{"lowlevel":{"average_loudness":0.735159695148,"barkbands":{"dmean":[0.00681683328003,0.0211972631514,0.00415920978412,0.00169922993518,0.00169343780726,0.00135968881659,0.000481889204821,0.000278827123111,0.000921653525438,0.000592464813963,0.000608809234109,0.000433779729065,0.000152227032231,0.000126804588945,0.00013795607083,0.0000610066781519,0.0000276363189187,0.0000198591860681,0.00000772461316956,0.00000631017019259,0.00000561564684176,0.00000466479150418,0.00000395496181227,0.0000038869711716,0.00000407798506785,0.00000538212816537,0.000160018826136],"dmean2":[0.012389129959,0.0371602997184,0.00679943617433,0.00278136855923,0.00277243717574,0.00218913145363,0.000781699491199,0.000476332148537,0.00156405486632,0.00100352510344,0.00101083726622,0.000749187660404,0.0002581748995,0.000214547399082,0.000222222384764,0.000102451769635,0.0000475483029732,0.0000337532146659,0.0000133074763653,0.0000108183230623,0.00000972022189671,0.0000080999752754,0.0000068569152063,0.00000670219424137,0.0000069608549893,0.00000905526212591,0.000244859809754],"dvar":[0.0000879690414877,0.000742267875466,0.0000326425288222,0.00000678747210259,0.00000852726407174,0.000013233620848,9.92290551949e-7,3.60323099358e-7,0.000012613159015,0.00000656474367133,0.00000432715251009,0.00000100498073152,1.03488943637e-7,8.14460037191e-8,2.82407683017e-7,2.02362429036e-8,3.82210929573e-9,9.01812680087e-10,1.47915638071e-10,1.10482525906e-10,8.70422275923e-11,6.12261491506e-11,4.33910789244e-11,4.04477076832e-11,4.16834969319e-11,7.2157994857e-11,3.65911091649e-7],"dvar2":[0.000288116949378,0.00239494699053,0.0000912664327188,0.0000178775408131,0.0000229484139709,0.0000341992890753,0.00000248716628448,9.97469101094e-7,0.0000359862679034,0.0000178682148544,0.00000971385361481,0.00000284080715574,2.92937215818e-7,2.27196522928e-7,7.66607740843e-7,5.01446848489e-8,1.12361346893e-8,2.4611170879e-9,4.01871619315e-10,2.87758733508e-10,2.34170516311e-10,1.64445748685e-10,1.16349034573e-10,1.07941267036e-10,1.10525581742e-10,1.90948534762e-10,8.61505498051e-7],"max":[0.107893571258,0.347711473703,0.0726952627301,0.0356687456369,0.0697322264314,0.0986619070172,0.0237477961928,0.0110980216414,0.0762555226684,0.0783967673779,0.107794634998,0.0202423334122,0.00583506794646,0.00930013880134,0.0166293997318,0.00457494333386,0.00163972761948,0.000457442278275,0.000173410997377,0.000130967469886,0.000103021113318,0.00008980781422,0.0000712628170731,0.0000678537762724,0.0000649289941066,0.000121711709653,0.0254883430898],"mean":[0.0105719156563,0.0502818711102,0.00734610203654,0.00259690405801,0.00304590119049,0.00224361289293,0.000869310984854,0.000424951052992,0.00140541931614,0.000907506560907,0.00140326831024,0.000782832794357,0.000311611627694,0.000263544265181,0.000277019280475,0.000136886825203,0.0000647655542707,0.0000445834448328,0.000011237736544,0.00000707752724338,0.00000571262717131,0.00000451711048299,0.00000379599441658,0.0000038723110265,0.00000429901410826,0.00000601255760557,0.000347880239133],"median":[0.0055477921851,0.0333279147744,0.00499532651156,0.00128201593179,0.00148391420953,0.000800218549557,0.000355494470568,0.000135389782372,0.00018538472068,0.000194005813682,0.000242389505729,0.000273904646747,0.000122074765386,0.0000884549735929,0.000073031464126,0.000062939034251,0.0000308738308377,0.0000259429543803,0.00000622599145572,0.00000327852217197,0.00000234428921431,0.00000177138463187,0.00000148590413573,0.00000159986757353,0.00000190983519133,0.000002708068223,0.0000596944883],"min":[6.67165226639e-24,5.53996818898e-24,3.79110261072e-24,2.13794779059e-23,3.1538390778e-23,4.22446500561e-23,3.4907350647e-23,5.42922710624e-24,5.59311343262e-23,6.38781064636e-23,4.62654677791e-23,8.06985520944e-23,6.5567430004e-23,6.33574267117e-23,1.08444481449e-22,1.26481009808e-22,8.6598026286e-23,2.5017015883e-22,1.94916334166e-22,3.37980424514e-22,2.85482198277e-22,4.67290655559e-22,4.38375836291e-22,7.43407471925e-22,1.07067160601e-21,1.63970270012e-21,2.62152317318e-21],"var":[0.000170320519828,0.00266140978783,0.0000612054645899,0.0000130617872856,0.0000211993301491,0.0000290193620458,0.00000277416302197,6.29206681424e-7,0.0000220639649342,0.00000907693720364,0.0000381559730158,0.00000203958779821,2.7749712217e-7,2.2165778546e-7,5.82436939567e-7,6.1450819544e-8,1.27201129629e-8,2.91697577204e-9,2.19885970543e-10,1.24504850874e-10,8.75767444675e-11,5.84066753295e-11,4.13917268516e-11,4.0051479494e-11,4.43489030222e-11,8.33317442828e-11,0.00000103834111087]},"barkbands_crest":{"dmean":2.66274738312,"dmean2":4.49211215973,"dvar":6.04357337952,"dvar2":19.4712295532,"max":24.397397995,"mean":16.6061153412,"median":17.4441413879,"min":3.43721079826,"var":17.0570755005},"barkbands_flatness_db":{"dmean":0.0418969579041,"dmean2":0.0703055113554,"dvar":0.0012154901633,"dvar2":0.00346202543005,"max":0.530934095383,"mean":0.259920060635,"median":0.2551689744,"min":0.0586533024907,"var":0.00419290456921},"barkbands_kurtosis":{"dmean":31.36860466,"dmean2":51.6888275146,"dvar":2340.99707031,"dvar2":5815.00244141,"max":725.044250488,"mean":74.9544448853,"median":39.8252906799,"min":-1.83955419064,"var":7997.87255859},"barkbands_skewness":{"dmean":1.29229521751,"dmean2":2.15031552315,"dvar":1.72968542576,"dvar2":4.72308444977,"max":20.9037761688,"mean":5.91778230667,"median":5.18172073364,"min":-2.06270337105,"var":10.2476902008},"barkbands_spread":{"dmean":2.08735537529,"dmean2":3.49185824394,"dvar":11.2090873718,"dvar2":29.0290222168,"max":134.90612793,"mean":6.13569068909,"median":3.9122171402,"min":0.231804385781,"var":57.9163551331},"dissonance":{"dmean":0.0211204364896,"dmean2":0.0353825241327,"dvar":0.000337401317665,"dvar2":0.000912736111786,"max":0.500000119209,"mean":0.464062899351,"median":0.467857509851,"min":0.233287647367,"var":0.000524772331119},"dynamic_complexity":4.06364107132,"erbbands":{"dmean":[1.11893153191,3.48487830162,5.08586454391,4.75646305084,5.48571681976,6.20357227325,8.51293182373,11.7587528229,6.47644138336,7.35100793839,6.57045125961,20.4085083008,23.0027351379,16.5974731445,22.5637435913,18.4534416199,7.0133934021,5.40668058395,8.93031978607,4.03535079956,2.60787630081,1.39864301682,1.13837313652,0.461304605007,0.344153374434,0.298163920641,0.247625336051,0.206775844097,0.16982139647,0.138092368841,0.109901569784,0.0848540961742,0.0630086883903,0.0445380620658,0.0296925567091,0.0183652807027,0.0103607969359,0.00523381773382,0.00284791272134,0.00709285261109],"dmean2":[1.9726600647,6.02675390244,8.16914463043,7.74573278427,8.87002944946,10.0702514648,13.9346580505,18.9022388458,10.4691915512,12.1381177902,10.9597425461,34.3814163208,39.1505050659,28.2408103943,37.0477714539,32.0717811584,12.0855169296,9.07646942139,14.7512807846,6.54439735413,4.39399194717,2.40262961388,1.92471086979,0.789845168591,0.591674566269,0.512005329132,0.42761516571,0.358097374439,0.294795334339,0.239629894495,0.19042314589,0.146669283509,0.108457244933,0.0763141214848,0.0505208857358,0.0310092270374,0.01743212156,0.00881948042661,0.00463494611904,0.0115502877161],"dvar":[2.10998034477,20.0043716431,44.2067871094,48.0216026306,69.2945251465,181.120422363,322.486785889,1319.06628418,187.157501221,213.307250977,240.343353271,6809.03222656,14621.3222656,1800.89123535,9278.79199219,1833.6151123,247.974090576,119.953407288,1043.66918945,119.514770508,32.9644813538,11.2707014084,3.02507209778,0.508242428303,0.318158745766,0.250110864639,0.169835835695,0.119091130793,0.0807985365391,0.053248565644,0.0334353893995,0.0195625890046,0.0105059975758,0.00508352508768,0.00217471364886,0.000816510000732,0.000270830583759,0.000078505872807,0.0000226063002629,0.000138205825351],"dvar2":[6.98873186111,62.0845870972,116.975379944,132.06539917,176.459823608,471.059265137,870.880310059,3282.63842773,493.275848389,542.621704102,648.978088379,19489.0253906,40364.4648438,5303.10839844,20839.1660156,5284.94335938,727.268981934,331.117980957,2935.24853516,300.822357178,80.4154281616,32.1795539856,8.18213272095,1.39326715469,0.85099285841,0.648294091225,0.451273798943,0.321468174458,0.216983273625,0.142952203751,0.0896288156509,0.0522777475417,0.0280089545995,0.0135033503175,0.00575937516987,0.00215970841236,0.000717333052307,0.000210229030927,0.0000568771683902,0.000330704293447],"max":[19.9320392609,61.3867950439,91.4130706787,88.9916534424,139.8125,366.283477783,551.279418945,1109.99938965,394.352661133,352.880432129,327.149780273,2261.99560547,3646.54614258,997.177246094,5113.18261719,737.214782715,274.564758301,259.645629883,988.022216797,338.977539062,220.944625854,105.712875366,28.965675354,11.0896911621,6.87472057343,6.69015741348,4.97402620316,3.78811168671,3.16220355034,2.49772620201,1.97808945179,1.50391685963,1.08393776417,0.734883069992,0.461076557636,0.339953124523,0.244239121675,0.152186974883,0.106223292649,0.460400700569],"mean":[2.40685677528,7.23576879501,10.4368276596,7.95509386063,9.38820743561,10.4494352341,14.1748008728,19.5594921112,11.8921842575,12.0872631073,11.0423774719,31.3552627563,35.501953125,31.7441959381,57.8049697876,35.1629600525,16.1465549469,13.4355335236,18.1529273987,9.69232654572,6.42073631287,3.7501718998,2.80803346634,0.899335503578,0.459122002125,0.336292892694,0.257324159145,0.207481130958,0.16504226625,0.13155297935,0.105941362679,0.0833928436041,0.0634673237801,0.0462161824107,0.0317594185472,0.0202311184257,0.0117355957627,0.00646855076775,0.0067115938291,0.0239088200033],"median":[1.3273857832,5.21087646484,7.60881471634,4.7649679184,4.8751168251,3.94986057281,6.14524888992,6.18195199966,5.31567764282,3.81564736366,3.60215425491,4.01999664307,5.1833152771,9.39483165741,9.77388286591,11.6350040436,6.58186244965,4.90704154968,4.57461309433,3.6143078804,3.2836022377,1.89939165115,1.635607481,0.557444870472,0.237169668078,0.154034584761,0.109194852412,0.0841267853975,0.0646769329906,0.0511487200856,0.0415661558509,0.0339151769876,0.0265974272043,0.020385408774,0.0141988610849,0.00918070413172,0.00539133977145,0.00323493406177,0.00368995778263,0.0134193748236],"min":[4.4763173693e-22,9.50673568713e-22,7.45827641647e-21,5.0424203127e-20,8.09519918734e-20,1.01973326651e-19,7.84188029463e-20,5.97905430401e-19,5.97859883769e-19,2.38777884727e-19,2.82574978512e-19,1.43546431621e-18,2.01769555288e-18,2.12579730559e-18,1.77153156567e-18,3.47645978919e-18,3.27182357745e-18,3.40846202732e-18,5.02202194832e-18,6.62405945019e-18,6.87205357451e-18,6.16595938234e-18,1.11883796181e-17,1.14067842512e-17,1.02195765857e-17,1.57746734254e-17,1.23998774423e-17,1.1185612699e-17,1.26065071593e-17,1.54633590388e-17,1.1233559396e-17,1.43422613023e-17,1.52178601048e-17,1.06191155749e-17,8.31142063225e-18,5.4863420008e-18,2.97080221278e-18,1.30699055257e-18,3.48296908022e-19,3.84718342477e-20],"var":[8.48955631256,46.6496887207,101.681137085,85.7957000732,167.583114624,411.402435303,635.747802734,3295.69116211,570.49029541,509.926086426,451.405731201,11962.6777344,20150.890625,4724.04492188,81669.8984375,4743.47460938,725.292907715,521.711303711,2345.24584961,357.190979004,111.874992371,42.4036521912,11.7709903717,1.17159640789,0.405966818333,0.284657150507,0.174892321229,0.118242479861,0.0774374082685,0.0504306517541,0.0319996029139,0.0190886743367,0.0105283325538,0.0052780774422,0.00236181891523,0.00092658540234,0.000314000906656,0.0000917604920687,0.0000746960358811,0.000926143606193]},"erbbands_crest":{"dmean":2.34245371819,"dmean2":3.87531280518,"dvar":4.28627109528,"dvar2":11.7101240158,"max":29.6327590942,"mean":8.59382152557,"median":7.51979780197,"min":2.71583914757,"var":15.4243211746},"erbbands_flatness_db":{"dmean":0.0301932394505,"dmean2":0.0497597679496,"dvar":0.00060641131131,"dvar2":0.0017016348429,"max":0.339009135962,"mean":0.145444482565,"median":0.141505986452,"min":0.0430762544274,"var":0.0018033379456},"erbbands_kurtosis":{"dmean":1.19259786606,"dmean2":2.00012469292,"dvar":4.37378931046,"dvar2":11.8979215622,"max":39.756526947,"mean":0.883275449276,"median":0.039915561676,"min":-1.53850460052,"var":7.91207361221},"erbbands_skewness":{"dmean":0.359555214643,"dmean2":0.588803112507,"dvar":0.113360628486,"dvar2":0.311518132687,"max":5.30020666122,"mean":0.541646182537,"median":0.36880081892,"min":-1.5333673954,"var":0.793712556362},"erbbands_spread":{"dmean":6.68480587006,"dmean2":11.2067327499,"dvar":44.6908226013,"dvar2":129.380004883,"max":123.330955505,"mean":32.427947998,"median":32.7457771301,"min":2.99197268486,"var":117.687057495},"gfcc":{"cov":[[10779.9013672,899.537109375,-1819.48571777,-1187.16442871,-131.961685181,-145.959945679,-421.865661621,-173.116714478,-141.537185669,-226.336364746,-40.4999198914,217.604034424,299.664703369],[899.537109375,664.22253418,-279.719329834,-341.357147217,229.219406128,-118.76776886,-7.51413202286,-67.0898742676,47.819393158,-101.277320862,56.534526825,12.9979486465,71.3446350098],[-1819.48571777,-279.719329834,647.990661621,445.082794189,-9.7792930603,140.077728271,89.9649200439,79.5321960449,11.5901250839,98.0511932373,-11.3514404297,-36.4483375549,-97.098777771],[-1187.16442871,-341.357147217,445.082794189,533.132080078,-91.0372772217,145.018417358,54.1799926758,57.6764945984,-27.2672595978,91.0106658936,-33.0344314575,-39.3885498047,-87.2729110718],[-131.961685181,229.219406128,-9.7792930603,-91.0372772217,190.141235352,-18.4220485687,24.6291065216,-14.5801649094,34.3852348328,-26.7861881256,31.1371631622,-2.42813873291,9.16080951691],[-145.959945679,-118.76776886,140.077728271,145.018417358,-18.4220485687,108.029136658,25.2935276031,39.4891319275,-6.06518030167,31.7057952881,-18.0659408569,-0.369365274906,-31.1211719513],[-421.865661621,-7.51413202286,89.9649200439,54.1799926758,24.6291065216,25.2935276031,78.3441925049,34.8112220764,32.2622566223,15.4622745514,8.08522319794,-20.4882640839,-8.80409812927],[-173.116714478,-67.0898742676,79.5321960449,57.6764945984,-14.5801649094,39.4891319275,34.8112220764,65.9639282227,30.3408355713,32.1933441162,-5.61799621582,-3.62090349197,-19.4760150909],[-141.537185669,47.819393158,11.5901250839,-27.2672595978,34.3852348328,-6.06518030167,32.2622566223,30.3408355713,62.4853553772,21.3641490936,20.3918418884,-7.09255456924,2.07222390175],[-226.336364746,-101.277320862,98.0511932373,91.0106658936,-26.7861881256,31.7057952881,15.4622745514,32.1933441162,21.3641490936,60.572517395,13.1478738785,2.41310834885,-19.0684738159],[-40.4999198914,56.534526825,-11.3514404297,-33.0344314575,31.1371631622,-18.0659408569,8.08522319794,-5.61799621582,20.3918418884,13.1478738785,43.9525566101,17.5053157806,12.5783777237],[217.604034424,12.9979486465,-36.4483375549,-39.3885498047,-2.42813873291,-0.369365274906,-20.4882640839,-3.62090349197,-7.09255456924,2.41310834885,17.5053157806,42.9046211243,23.4913444519],[299.664703369,71.3446350098,-97.098777771,-87.2729110718,9.16080951691,-31.1211719513,-8.80409812927,-19.4760150909,2.07222390175,-19.0684738159,12.5783777237,23.4913444519,49.6620521545]],"icov":[[0.000319407932693,-0.000639652542304,0.000728542625438,0.000241640213062,0.000506460666656,-0.00126412604004,0.00101152074058,-0.00065014406573,0.000937299919315,-0.00114313210361,0.000328279711539,0.000430590909673,-0.000885426357854],[-0.000639652542304,0.00603806274012,-0.000911723589525,-0.000336575118126,-0.00468532787636,0.00294150947593,-0.000785393756814,0.00139112665784,-0.00485291751102,0.00830602645874,-0.00439309421927,0.000164264885825,0.000351960770786],[0.000728542625438,-0.000911723589525,0.00661397445947,-0.00277455803007,-0.000844662543386,-0.00222875527106,-0.000845043221489,-0.000945684209,0.00133429525886,-0.00391132943332,0.00209764391184,-0.00259872782044,0.00234839436598],[0.000241640213062,-0.000336575118126,-0.00277455803007,0.00761385215446,0.00192134547979,-0.00502793397754,0.000464768934762,0.000171550709638,0.00589797180146,-0.00606192136183,-0.000803604489192,0.00643414957449,-0.00178842630703],[0.000506460666656,-0.00468532787636,-0.000844662543386,0.00192134547979,0.0132258106023,-0.00540874199942,-0.000363741070032,0.00300929392688,-0.00312794814818,0.00237555732019,-0.00342620024458,0.00000625353141004,0.00259394547902],[-0.00126412604004,0.00294150947593,-0.00222875527106,-0.00502793397754,-0.00540874199942,0.0280240718275,-0.0118881640956,-0.000498104200233,-0.00161651975941,-0.0000559829059057,0.0130242807791,-0.019041147083,0.0122191095725],[0.00101152074058,-0.000785393756814,-0.000845043221489,0.000464768934762,-0.000363741070032,-0.0118881640956,0.0382895506918,-0.0216207634658,0.0023115684744,0.00660097645596,-0.0219078287482,0.0322254933417,-0.0221410878003],[-0.00065014406573,0.00139112665784,-0.000945684209,0.000171550709638,0.00300929392688,-0.000498104200233,-0.0216207634658,0.0523332953453,-0.0292838718742,-0.00670559890568,0.0275051947683,-0.0317311026156,0.0228906981647],[0.000937299919315,-0.00485291751102,0.00133429525886,0.00589797180146,-0.00312794814818,-0.00161651975941,0.0023115684744,-0.0292838718742,0.0562440417707,-0.0247495826334,-0.0156121086329,0.0291050095111,-0.0188839882612],[-0.00114313210361,0.00830602645874,-0.00391132943332,-0.00606192136183,0.00237555732019,-0.0000559829059057,0.00660097645596,-0.00670559890568,-0.0247495826334,0.062570720911,-0.0295348055661,-0.00327553949319,0.00881988741457],[0.000328279711539,-0.00439309421927,0.00209764391184,-0.000803604489192,-0.00342620024458,0.0130242807791,-0.0219078287482,0.0275051947683,-0.0156121086329,-0.0295348055661,0.0744426995516,-0.0473226048052,0.0155571009964],[0.000430590909673,0.000164264885825,-0.00259872782044,0.00643414957449,0.00000625353141004,-0.019041147083,0.0322254933417,-0.0317311026156,0.0291050095111,-0.00327553949319,-0.0473226048052,0.0874173417687,-0.0471095889807],[-0.000885426357854,0.000351960770786,0.00234839436598,-0.00178842630703,0.00259394547902,0.0122191095725,-0.0221410878003,0.0228906981647,-0.0188839882612,0.00881988741457,0.0155571009964,-0.0471095889807,0.0611706748605]],"mean":[-52.8492126465,127.134887695,-49.5704193115,-6.88035917282,3.77161288261,8.43419647217,-5.91427183151,-3.48417878151,-0.289667665958,-7.56747674942,1.46690046787,-1.96631121635,1.46974921227]},"hfc":{"dmean":243.609680176,"dmean2":414.893371582,"dvar":88512.6171875,"dvar2":256735.765625,"max":4626.58642578,"mean":640.329467773,"median":462.377746582,"min":1.17377299498e-16,"var":362138.8125},"melbands":{"dmean":[0.00757583510131,0.00297673349269,0.000793988059741,0.000396144168917,0.000280366948573,0.000255727907643,0.0000944281855482,0.0000730120082153,0.0000555129590794,0.000146834354382,0.000115204784379,0.0000670312219881,0.0000765656732256,0.0000507177355757,0.0000388341541111,0.0000142003173096,0.000010692880096,0.0000161306106747,0.00000723625180399,0.00000529121234649,0.00000285681926471,0.00000172393902176,0.00000161860168646,6.66337371058e-7,3.80013602808e-7,2.73354089586e-7,2.28980624684e-7,1.9096209769e-7,1.58420505159e-7,1.36191289357e-7,1.15194382033e-7,9.81688543789e-8,8.45721430665e-8,7.35041538746e-8,6.42744524271e-8,5.64828148697e-8,5.00173698015e-8,4.46185062231e-8,4.01766726554e-8,3.66479078195e-8],"dmean2":[0.0134115936235,0.00491987448186,0.00128543190658,0.000644244370051,0.000456100417068,0.000409798434703,0.000152984139277,0.00012087860523,0.0000928440567805,0.000248780066613,0.000195796164917,0.000113251400762,0.00012646887626,0.0000865591719048,0.0000675586707075,0.0000241565612669,0.00001803890882,0.0000268841376965,0.0000116894252642,0.00000881435062183,0.00000480621838506,0.00000295643644677,0.0000027615228646,0.00000112990051093,6.52914877719e-7,4.72588936873e-7,3.93012584254e-7,3.27718311155e-7,2.73172275911e-7,2.36080865079e-7,1.99535975298e-7,1.70380502595e-7,1.46931185441e-7,1.27527457039e-7,1.11397284286e-7,9.7757386186e-8,8.64008100621e-8,7.68473071844e-8,6.90282675464e-8,6.27357579219e-8],"dvar":[0.0000958202363108,0.00001363307274,0.00000131757883537,4.42531700173e-7,3.36974324e-7,5.60334683541e-7,3.91270909006e-8,1.97643679201e-8,1.82097785739e-8,3.48135046124e-7,3.50443343677e-7,3.15990682509e-8,8.32802840023e-8,1.73463643449e-8,9.30525434484e-9,1.03908781579e-9,4.68124872199e-10,2.96887292528e-9,5.40421818407e-10,1.66378605337e-10,3.36134176049e-11,2.13287599388e-11,6.55869586072e-12,1.04854666616e-12,3.47142291041e-13,1.99397071662e-13,1.42192992949e-13,1.02812066315e-13,6.95276152732e-14,5.13792296469e-14,3.67382448248e-14,2.70077979891e-14,2.00754313211e-14,1.50496849954e-14,1.1455540394e-14,8.76441761776e-15,6.76585396663e-15,5.29241432038e-15,4.20695091583e-15,3.42292070271e-15],"dvar2":[0.000314882054226,0.0000373725160898,0.00000358941269951,0.00000113140515623,9.27411804241e-7,0.00000141868019909,1.01803031782e-7,5.11873849973e-8,4.89766733835e-8,9.94137280941e-7,9.67035020949e-7,9.17699480851e-8,1.87440249988e-7,4.65965683816e-8,2.64986823595e-8,2.96677371558e-9,1.29219890344e-9,8.38186231533e-9,1.44979483974e-9,4.09680595004e-10,8.91270390824e-11,6.1801140594e-11,1.77620990832e-11,2.94755799629e-12,9.59296227523e-13,5.3736838113e-13,3.75629730228e-13,2.65446952613e-13,1.83706348744e-13,1.38608281753e-13,9.9057074392e-14,7.2468459456e-14,5.39368388548e-14,4.03837492689e-14,3.07304027602e-14,2.34517707174e-14,1.8071405578e-14,1.41168162704e-14,1.11936411949e-14,9.08777498648e-15],"max":[0.131360948086,0.0625103265047,0.0156093072146,0.0156536567956,0.0158605054021,0.0221788845956,0.00515163410455,0.00318770157173,0.00275594834238,0.0147086689249,0.0176862087101,0.00437004584819,0.014938688837,0.00541440630332,0.00180190324318,0.000719125266187,0.000516325060744,0.00158062938135,0.000707067549229,0.000391910696635,0.000202791372431,0.000144639081554,0.0000526405710843,0.0000197375011339,0.0000088287924882,0.0000057170227592,0.00000445701425633,0.00000433785453424,0.00000318782576869,0.00000268155872618,0.00000210039252124,0.00000194449557966,0.00000154196334279,0.00000132572893108,0.00000116046851417,0.00000100998647667,8.81645576101e-7,7.71177326442e-7,6.78048991176e-7,5.99716088345e-7],"mean":[0.0171453338116,0.00690814014524,0.00149268517271,0.000700962147675,0.000502766401041,0.000432609609561,0.000175665467395,0.000119909527712,0.0000883590328158,0.000220174202695,0.000174763350515,0.000117981689982,0.000183402677067,0.000110185581434,0.0000664378821966,0.0000287458296953,0.0000235624065681,0.0000312860647682,0.0000154371573444,0.0000113858177428,0.00000645583395453,0.00000383109727409,0.0000036278272546,0.00000152316988533,6.4354406959e-7,3.62681305432e-7,2.7243171985e-7,2.09172540622e-7,1.63698942401e-7,1.37856090987e-7,1.14547624719e-7,9.5752206164e-8,8.04552655609e-8,6.99302020735e-8,6.17583495455e-8,5.49653620396e-8,4.93142167102e-8,4.47186003782e-8,4.10256113526e-8,3.81636091618e-8],"median":[0.0104337539524,0.00545571558177,0.000938453245908,0.00035007551196,0.000216834028834,0.000146661855979,0.0000788801262388,0.000037513244024,0.0000296573125524,0.0000245014471147,0.0000248801643465,0.0000367240063497,0.0000312404954457,0.0000297901697195,0.0000231303947658,0.0000108856784209,0.00000845424438012,0.00000753505628381,0.00000509158417117,0.00000450431889476,0.00000340086808137,0.00000169518034454,0.00000197078156816,9.11069889753e-7,3.84850750379e-7,1.81975465807e-7,1.31052757979e-7,9.39608213457e-8,6.91823345278e-8,5.59000419287e-8,4.58273312631e-8,3.73731587899e-8,3.12880388265e-8,2.68680366844e-8,2.4114228836e-8,2.21361524666e-8,2.01468655092e-8,1.8653585343e-8,1.75465473262e-8,1.6817912396e-8],"min":[4.48615691025e-24,4.77039296073e-24,1.05255588548e-23,7.94743204333e-24,2.69084162417e-24,1.31452578471e-23,8.75043406914e-24,2.09546049165e-24,3.33378574446e-24,8.54319794275e-24,9.47710670262e-24,8.47648713144e-24,6.12114528925e-24,7.32469577842e-24,9.37328945205e-24,5.93660469111e-24,5.9219180732e-24,6.3832545802e-24,7.63372178285e-24,7.12359777874e-24,8.75691061717e-24,5.63723394973e-24,9.70084579914e-24,1.06112599147e-23,8.83710463907e-24,7.13155422983e-24,8.24684419991e-24,1.08529369193e-23,7.66172003409e-24,6.37757280953e-24,6.75876538729e-24,5.99388072599e-24,7.59621617997e-24,9.17663037268e-24,5.90035101049e-24,8.61732720202e-24,7.46346035595e-24,1.0747195637e-23,9.01140818925e-24,8.74741115415e-24],"var":[0.000360750156688,0.0000353718241968,0.00000287559873868,0.00000103565002973,7.94351080913e-7,0.00000135288814818,1.16706281972e-7,4.73628496422e-8,3.07805123612e-8,6.06887795129e-7,4.84454346861e-7,6.59676260284e-8,7.02960448962e-7,1.0636096448e-7,1.6012835502e-8,2.63632871089e-9,1.59310253878e-9,6.91625468008e-9,1.14506149007e-9,4.91214513509e-10,9.95713095309e-11,6.29198568247e-11,2.11269422096e-11,3.43542945827e-12,6.53692106955e-13,2.59397212911e-13,1.65832069756e-13,1.15723077822e-13,7.16001490411e-14,5.19724407011e-14,3.64342311475e-14,2.6021658515e-14,1.89431058188e-14,1.42624762911e-14,1.09360466172e-14,8.46243766657e-15,6.62983445134e-15,5.27723252535e-15,4.28513502148e-15,3.57485850817e-15]},"melbands_crest":{"dmean":3.84465503693,"dmean2":6.61450338364,"dvar":12.2836084366,"dvar2":40.6972732544,"max":37.437412262,"mean":23.6427192688,"median":23.6360397339,"min":1.95092487335,"var":33.5887489319},"melbands_flatness_db":{"dmean":0.0506968609989,"dmean2":0.0848528668284,"dvar":0.00171493762173,"dvar2":0.00483572576195,"max":0.704026401043,"mean":0.404427289963,"median":0.402164101601,"min":0.00539176119491,"var":0.00575163494796},"melbands_kurtosis":{"dmean":22.0125312805,"dmean2":37.3488273621,"dvar":736.070739746,"dvar2":2040.42565918,"max":530.60534668,"mean":65.9788360596,"median":48.1180915833,"min":-1.53583800793,"var":3529.48388672},"melbands_skewness":{"dmean":1.09742093086,"dmean2":1.86913466454,"dvar":0.957357048988,"dvar2":2.88667345047,"max":15.5964984894,"mean":5.50690031052,"median":5.54616165161,"min":-1.12656199932,"var":5.12848043442},"melbands_spread":{"dmean":1.39635336399,"dmean2":2.3760535717,"dvar":5.63360404968,"dvar2":14.154004097,"max":178.382720947,"mean":4.41791963577,"median":2.5626707077,"min":0.170122981071,"var":55.9717979431},"mfcc":{"cov":[[9586.61230469,1313.23669434,-1746.42077637,-968.582214355,-261.300872803,-296.395751953,-368.027862549,-106.371238708,-139.434371948,-369.247711182,-314.648132324,-145.739868164,-124.61946106],[1313.23669434,1097.50439453,-614.902770996,-283.891845703,87.148109436,-100.783988953,-73.712097168,11.7605676651,-23.3363342285,-107.476219177,-46.8262252808,-15.0653867722,-27.5756340027],[-1746.42077637,-614.902770996,728.758178711,340.202178955,35.3150100708,141.435791016,113.563049316,34.289691925,46.9015312195,113.84740448,80.3992996216,47.7769012451,45.1758651733],[-968.582214355,-283.891845703,340.202178955,254.102172852,44.2900161743,85.1626205444,69.8935089111,9.70090103149,20.336309433,61.0536460876,42.4704627991,25.2691020966,20.1388683319],[-261.300872803,87.148109436,35.3150100708,44.2900161743,101.572463989,42.8953666687,22.1040554047,17.3946971893,2.00740599632,0.799771428108,18.7125968933,13.8828115463,4.62593698502],[-296.395751953,-100.783988953,141.435791016,85.1626205444,42.8953666687,77.9697494507,46.4767951965,14.1533517838,10.6757888794,18.3212051392,17.174654007,15.2375001907,9.62762451172],[-368.027862549,-73.712097168,113.563049316,69.8935089111,22.1040554047,46.4767951965,57.0841407776,24.3699188232,13.7154521942,23.2053203583,16.582857132,9.36400318146,9.55779647827],[-106.371238708,11.7605676651,34.289691925,9.70090103149,17.3946971893,14.1533517838,24.3699188232,41.2121620178,25.1741333008,12.6251792908,13.1146230698,7.70904922485,2.41922330856],[-139.434371948,-23.3363342285,46.9015312195,20.336309433,2.00740599632,10.6757888794,13.7154521942,25.1741333008,45.2014312744,35.2536849976,17.2017230988,10.584312439,4.00009918213],[-369.247711182,-107.476219177,113.84740448,61.0536460876,0.799771428108,18.3212051392,23.2053203583,12.6251792908,35.2536849976,66.1692733765,43.0244178772,12.8161649704,8.09953689575],[-314.648132324,-46.8262252808,80.3992996216,42.4704627991,18.7125968933,17.174654007,16.582857132,13.1146230698,17.2017230988,43.0244178772,54.540058136,27.5370159149,8.86107730865],[-145.739868164,-15.0653867722,47.7769012451,25.2691020966,13.8828115463,15.2375001907,9.36400318146,7.70904922485,10.584312439,12.8161649704,27.5370159149,36.9606742859,22.0362739563],[-124.61946106,-27.5756340027,45.1758651733,20.1388683319,4.62593698502,9.62762451172,9.55779647827,2.41922330856,4.00009918213,8.09953689575,8.86107730865,22.0362739563,31.9909172058]],"icov":[[0.000264083064394,-0.0000930991809582,0.000488173915073,0.000170311410329,0.000850081560202,-0.0015119278105,0.00158340774942,-0.00109531986527,0.000898935250007,-0.000734847504646,0.00112053321209,-0.000619374332018,0.000283658999251],[-0.0000930991809582,0.00260356301442,0.00156101689208,0.00053761783056,-0.00383361359127,0.00302379415371,-0.00239240541123,0.000937726465054,-0.00288417097181,0.0030358703807,-0.00166997266933,0.000203518357011,-0.000458690279629],[0.000488173915073,0.00156101689208,0.00704081915319,-0.00449353829026,0.00212328648195,-0.00596055015922,0.00404049223289,-0.00590210873634,0.00248912186362,-0.00248089595698,0.000163702687132,0.000229643308558,-0.00302735739388],[0.000170311410329,0.00053761783056,-0.00449353829026,0.0145459026098,-0.00503186834976,0.000376468204195,-0.00766441319138,0.00711368815973,0.00181354989763,-0.00751662906259,0.00737480726093,-0.00788713246584,0.00574818626046],[0.000850081560202,-0.00383361359127,0.00212328648195,-0.00503186834976,0.0253743994981,-0.0205393303186,0.0135028865188,-0.011871936731,0.00563898030668,0.0046447487548,-0.00922942440957,0.00677424762398,-0.00443902611732],[-0.0015119278105,0.00302379415371,-0.00596055015922,0.000376468204195,-0.0205393303186,0.0523447692394,-0.0388216525316,0.0219954438508,-0.0168999545276,0.012948686257,-0.00269347382709,-0.00766037404537,0.00690666399896],[0.00158340774942,-0.00239240541123,0.00404049223289,-0.00766441319138,0.0135028865188,-0.0388216525316,0.0733239278197,-0.0496546067297,0.03446656093,-0.0309041254222,0.0203170105815,-0.0032835425809,-0.00504692364484],[-0.00109531986527,0.000937726465054,-0.00590210873634,0.00711368815973,-0.011871936731,0.0219954438508,-0.0496546067297,0.088325239718,-0.0738144293427,0.0613107345998,-0.0514201074839,0.0333438329399,-0.0113677028567],[0.000898935250007,-0.00288417097181,0.00248912186362,0.00181354989763,0.00563898030668,-0.0168999545276,0.03446656093,-0.0738144293427,0.123432181776,-0.114854119718,0.0931463912129,-0.0777361989021,0.0373060256243],[-0.000734847504646,0.0030358703807,-0.00248089595698,-0.00751662906259,0.0046447487548,0.012948686257,-0.0309041254222,0.0613107345998,-0.114854119718,0.159306362271,-0.1378364712,0.106785938144,-0.0533330142498],[0.00112053321209,-0.00166997266933,0.000163702687132,0.00737480726093,-0.00922942440957,-0.00269347382709,0.0203170105815,-0.0514201074839,0.0931463912129,-0.1378364712,0.162051901221,-0.130477488041,0.0662566572428],[-0.000619374332018,0.000203518357011,0.000229643308558,-0.00788713246584,0.00677424762398,-0.00766037404537,-0.0032835425809,0.0333438329399,-0.0777361989021,0.106785938144,-0.130477488041,0.159843057394,-0.0890914648771],[0.000283658999251,-0.000458690279629,-0.00302735739388,0.00574818626046,-0.00443902611732,0.00690666399896,-0.00504692364484,-0.0113677028567,0.0373060256243,-0.0533330142498,0.0662566572428,-0.0890914648771,0.0854106247425]],"mean":[-731.243041992,194.391387939,14.9173078537,16.3201255798,28.5186061859,20.5840034485,13.117193222,14.1426172256,8.36639118195,2.50344967842,4.0593252182,6.05126285553,4.23389005661]},"pitch_salience":{"dmean":0.0787606164813,"dmean2":0.132025316358,"dvar":0.00425710901618,"dvar2":0.0130431316793,"max":0.90209633112,"mean":0.39365324378,"median":0.380209058523,"min":0.0959537252784,"var":0.014327022247},"silence_rate_20dB":{"dmean":0.0142791336402,"dmean2":0.0285648461431,"dvar":0.0140750594437,"dvar2":0.0351199656725,"max":1,"mean":0.979277014732,"median":1,"min":0,"var":0.0202934071422},"silence_rate_30dB":{"dmean":0.0654076486826,"dmean2":0.130845427513,"dvar":0.0611270964146,"dvar2":0.156579479575,"max":1,"mean":0.531890392303,"median":1,"min":0,"var":0.248978599906},"silence_rate_60dB":{"dmean":0.00115154311061,"dmean2":0.00230361660942,"dvar":0.00115031865425,"dvar2":0.00229871203192,"max":1,"mean":0.030393736437,"median":0,"min":0,"var":0.0294694006443},"spectral_centroid":{"dmean":80.9920578003,"dmean2":133.048370361,"dvar":16975.5527344,"dvar2":36174.4882812,"max":11203.4521484,"mean":434.671844482,"median":391.005218506,"min":95.3168106079,"var":112419.953125},"spectral_complexity":{"dmean":2.01151537895,"dmean2":3.4503569603,"dvar":3.47983551025,"dvar2":9.33719444275,"max":35,"mean":13.0916414261,"median":13,"min":0,"var":73.5711746216},"spectral_contrast_coeffs":{"dmean":[0.0499023348093,0.0478793829679,0.0330596640706,0.0257172007114,0.0402023121715,0.0191598590463],"dmean2":[0.0846043452621,0.0799801498652,0.0559953935444,0.0438926406205,0.0678817480803,0.0320935286582],"dvar":[0.00150379410479,0.00141394720413,0.000673506350722,0.000405874277931,0.00107589457184,0.0002872760233],"dvar2":[0.00451831147075,0.00402698013932,0.00190383661538,0.00114953424782,0.00299788010307,0.000791522266809],"max":[-0.364044249058,-0.512603521347,-0.558883428574,-0.707531154156,-0.652133703232,-0.682842075825],"mean":[-0.711389839649,-0.786942541599,-0.831773579121,-0.844408154488,-0.843667984009,-0.863386154175],"median":[-0.715846061707,-0.793198108673,-0.83734357357,-0.841871261597,-0.846841812134,-0.860478997231],"min":[-0.978789627552,-0.960507154465,-0.967119753361,-0.978528141975,-0.970751106739,-0.960696697235],"var":[0.00399981299415,0.00445384392515,0.0031495555304,0.00180742645171,0.00448863580823,0.00052680762019]},"spectral_contrast_valleys":{"dmean":[0.356848239899,0.394359737635,0.331150054932,0.305735886097,0.623097062111,0.680613040924],"dmean2":[0.605184018612,0.671820640564,0.561481893063,0.519890785217,1.04165995121,1.12662029266],"dvar":[0.102488867939,0.128268092871,0.115785427392,0.125845849514,0.292181521654,0.312002688646],"dvar2":[0.273996025324,0.332121878862,0.297265976667,0.319565534592,0.801621854305,0.843842625618],"max":[-4.55086231232,-4.66053438187,-4.5673995018,-5.58751487732,-6.61178445816,-8.93994140625],"mean":[-6.33501625061,-6.7976603508,-7.20045804977,-7.80470371246,-8.67171955109,-10.9619560242],"median":[-6.1072473526,-6.5781955719,-6.92201948166,-7.5056347847,-8.53452301025,-10.8303642273],"min":[-27.2018108368,-27.8498439789,-27.4281158447,-27.5446910858,-27.4001922607,-27.213722229],"var":[1.07816553116,1.32482290268,1.70913124084,1.60595810413,1.07512903214,1.02019953728]},"spectral_decrease":{"dmean":7.78600561802e-9,"dmean2":1.37238025388e-8,"dvar":8.17908314933e-17,"dvar2":2.57332315145e-16,"max":2.78972525081e-8,"mean":-1.42041169937e-8,"median":-9.61809298872e-9,"min":-1.11449601548e-7,"var":2.68616011612e-16},"spectral_energy":{"dmean":0.0298533141613,"dmean2":0.0524043291807,"dvar":0.00114853773266,"dvar2":0.00369481602684,"max":0.470483064651,"mean":0.11168935895,"median":0.0930960178375,"min":1.03434226163e-20,"var":0.00729919131845},"spectral_energyband_high":{"dmean":0.0000716618815204,"dmean2":0.000114662041597,"dvar":3.04326484013e-8,"dvar2":6.45538449362e-8,"max":0.00728754140437,"mean":0.000145931655425,"median":0.0000519433669979,"min":7.50713419477e-21,"var":1.05207540457e-7},"spectral_energyband_low":{"dmean":0.0253483168781,"dmean2":0.0446644090116,"dvar":0.00101498421282,"dvar2":0.00329748401418,"max":0.430273860693,"mean":0.0680826827884,"median":0.048900142312,"min":4.85465758379e-23,"var":0.00408819317818},"spectral_energyband_middle_high":{"dmean":0.00108993391041,"dmean2":0.00183034699876,"dvar":0.00000767319670558,"dvar2":0.0000193099349417,"max":0.125441089272,"mean":0.00397028820589,"median":0.00146122218575,"min":1.36924907201e-21,"var":0.0000866327245603},"spectral_energyband_middle_low":{"dmean":0.00418872898445,"dmean2":0.00683618197218,"dvar":0.0000529531680513,"dvar2":0.000140408621519,"max":0.18776319921,"mean":0.0109661733732,"median":0.00746614020318,"min":3.31741910527e-22,"var":0.000196809545741},"spectral_entropy":{"dmean":0.329495191574,"dmean2":0.549627542496,"dvar":0.0888666883111,"dvar2":0.25287103653,"max":9.80995941162,"mean":7.04437446594,"median":7.06298446655,"min":5.41913890839,"var":0.147572606802},"spectral_flux":{"dmean":0.0272567365319,"dmean2":0.0444875434041,"dvar":0.000675107352436,"dvar2":0.00175227748696,"max":0.430300623178,"mean":0.136101648211,"median":0.143683895469,"min":6.72120692435e-11,"var":0.0047008972615},"spectral_kurtosis":{"dmean":11.2889318466,"dmean2":18.6788425446,"dvar":113.38659668,"dvar2":311.695343018,"max":101.169494629,"mean":25.5745754242,"median":21.1619281769,"min":-1.21428179741,"var":267.216796875},"spectral_rms":{"dmean":0.00132745550945,"dmean2":0.00232362141833,"dvar":0.0000016952169517,"dvar2":0.00000558756664759,"max":0.0214244686067,"mean":0.00959289073944,"median":0.00953023508191,"min":3.17665620371e-12,"var":0.0000169414543052},"spectral_rolloff":{"dmean":5023.88964844,"dmean2":9975.51953125,"dvar":79860720,"dvar2":209954112,"max":22050,"mean":16924.6289062,"median":21963.8671875,"min":64.599609375,"var":81766664},"spectral_skewness":{"dmean":0.825490295887,"dmean2":1.36467754841,"dvar":0.453354746103,"dvar2":1.28416073322,"max":7.84522294998,"mean":3.76301550865,"median":3.64411520958,"min":0.0105661451817,"var":1.18290233612},"spectral_spread":{"dmean":928154.125,"dmean2":1533901.75,"dvar":844259131392,"dvar2":2094180466690,"max":40861632,"mean":3963662.75,"median":3792845.75,"min":1362652.625,"var":2380955648000},"spectral_strongpeak":{"dmean":14.3324995041,"dmean2":26.5449733734,"dvar":1574.69348145,"dvar2":4267.95996094,"max":348.432281494,"mean":14.1009321213,"median":0.409484863281,"min":0,"var":1827.44628906},"zerocrossingrate":{"dmean":0.052432321012,"dmean2":0.0711763575673,"dvar":0.00175170530565,"dvar2":0.00318768760189,"max":0.810546875,"mean":0.321939468384,"median":0.30615234375,"min":0.0302734375,"var":0.0153961917385}},"metadata":{"audio_properties":{"analysis_sample_rate":44100,"bit_rate":202066,"codec":"mp3","downmix":"mix","equal_loudness":0,"length":100.807594299,"lossless":false,"md5_encoded":"d174f447e541d9af430d14516616fc15","replay_gain":6.39590263367,"sample_rate":44100},"tags":{"acoustid_id":["4619a1da-c478-449e-a206-c70e43c02fc4"],"album":["Worship Music"],"albumartist":["Anthrax"],"albumartistsort":["Anthrax"],"artist":["Anthrax"],"artists":["Anthrax"],"artistsort":["Anthrax"],"asin":["B0058VA2U4"],"barcode":["020286160144"],"catalognumber":["16517"],"date":["2011-09-13"],"file_name":"01 - Worship (intro).mp3","label":["Megaforce Records"],"media":["CD"],"musicbrainz album release country":["US"],"musicbrainz album status":["official"],"musicbrainz album type":["album"],"musicbrainz release track id":["1c68acc6-cd96-3c7e-a301-078bfa00f744"],"musicbrainz_albumartistid":["b616d6f0-ec1f-4c69-8a79-12a97ece7372"],"musicbrainz_albumid":["5d49256a-ee4e-4ab3-a6c7-b8345acad24c"],"musicbrainz_artistid":["b616d6f0-ec1f-4c69-8a79-12a97ece7372"],"musicbrainz_recordingid":["64a1c1c4-8829-4a7d-b9c4-d67ad31e1ff7"],"musicbrainz_releasegroupid":["f9884e4f-663b-4c85-9751-da46ae668cb1"],"originaldate":["2011"],"script":["Latn"],"title":["Worship (intro)"],"tracknumber":["1/13"]},"version":{"essentia":"2.1-beta1","essentia_build_sha":"ca57ba49d9b1854bd80e60cf9ccf267278fb7d6b","essentia_git_sha":"v2.1_beta1-28-g21ef5f4-dirty","extractor":"music 1.0"}},"rhythm":{"beats_count":214,"beats_loudness":{"dmean":0.0391626879573,"dmean2":0.0690008029342,"dvar":0.00149422534741,"dvar2":0.00481732655317,"max":0.359368979931,"mean":0.101001575589,"median":0.0791789591312,"min":0.0000328273745254,"var":0.00602357136086},"beats_loudness_band_ratio":{"dmean":[0.166927978396,0.0283709801733,0.0118015548214,0.0113210268319,0.00301704462618,0.121215604246],"dmean2":[0.295232146978,0.0498161539435,0.0206826832145,0.018151588738,0.00524835614488,0.215369671583],"dvar":[0.0177139434963,0.00137551163789,0.000432233966421,0.00091209547827