{"lowlevel":{"average_loudness":0.48123717308,"barkbands":{"dmean":[0.00684077013284,0.00994214881212,0.00344339921139,0.00120270904154,0.00127092911862,0.00100594793912,0.000930794631131,0.000386768690078,0.000653849099763,0.000404917576816,0.000256525236182,0.000205252479645,0.000204138836125,0.000101414923847,0.00011345747771,0.0000936871365411,0.000106571591459,0.000243469257839,0.000244387949351,0.000315848184982,0.0000907855501282,0.0000436315785919,0.0000150316154759,0.00000290524803859,0.00000204233515433,0.00000680630455463,0.000154667039169],"dmean2":[0.0106646101922,0.0160584300756,0.00580098666251,0.00205639377236,0.002076638164,0.00159236753825,0.00150221434887,0.000637704972178,0.0010461184429,0.000654292292893,0.000423951947596,0.000336143944878,0.000330842129188,0.000166331592482,0.000179410722922,0.000150737352669,0.000167559017427,0.00040757082752,0.000379130593501,0.000506200711243,0.000141700948006,0.0000691766472301,0.0000234066519624,0.00000481554707221,0.00000337937603945,0.0000104561840999,0.000236372623476],"dvar":[0.000276005303022,0.000539542234037,0.0000881783198565,0.00000675073670209,0.0000083056238509,0.00000751133802623,0.00000903210820979,0.00000122664380342,0.00000360362673746,0.00000127677992623,5.05230104864e-7,2.46079480348e-7,2.6204153869e-7,6.21248616994e-8,9.5562349145e-8,6.62480772462e-8,1.26262051481e-7,7.75674664055e-7,7.02122918028e-7,0.00000136073515478,6.66502018021e-8,1.70568679181e-8,1.58800672612e-9,4.63430821496e-11,2.0453260613e-11,2.16659398755e-10,1.25585401634e-7],"dvar2":[0.00064923427999,0.00137696135789,0.000233647966525,0.0000183667525562,0.0000215793461393,0.0000179192029464,0.0000219771263801,0.00000306862466459,0.00000846654074849,0.00000319387117997,0.00000132375112116,6.69427947741e-7,6.64803224026e-7,1.61769307283e-7,2.19708766735e-7,1.63003463172e-7,2.97192997323e-7,0.00000201410375666,0.00000169569716491,0.00000338029849445,1.54126013285e-7,4.20181223149e-8,3.60447849346e-9,1.18946658079e-10,5.06484992835e-11,4.75135875089e-10,2.93140772101e-7],"max":[0.264490008354,0.439842879772,0.139846265316,0.0665828809142,0.0959525629878,0.0821153074503,0.108738049865,0.0422428548336,0.0667926371098,0.0276102703065,0.0323955975473,0.01642652601,0.0150563716888,0.0064231348224,0.0137025956064,0.00406681746244,0.00506432214752,0.0105633642524,0.01070859842,0.0139314234257,0.00748328957707,0.00730656227097,0.00200925651006,0.000369529298041,0.0000824149828986,0.000584157824051,0.00630720844492],"mean":[0.00807547941804,0.0128398053348,0.00362163712271,0.0013566785492,0.00172541476786,0.00138740881812,0.00132253707852,0.000556286366191,0.00114784925245,0.000672379916068,0.000388424552511,0.000337562290952,0.000312392250635,0.000169006016222,0.00017492279585,0.000120977761981,0.000116053379315,0.000206667027669,0.000227893469855,0.000270086515229,0.0000935478310566,0.000046406097681,0.0000162297492352,0.00000285601527139,0.00000201160719371,0.00000807182550489,0.000285793445073],"median":[0.000142385033541,0.00157744064927,0.000913880881853,0.00027360583772,0.000546750263311,0.000233427170315,0.000147393351654,0.0000790862759459,0.0000919621015782,0.0000418024610553,0.0000256941984844,0.0000265892304014,0.0000269341835519,0.0000144841860674,0.0000138039977173,0.00000989314594335,0.0000111759754873,0.00000820875538921,0.00000845768227009,0.00000391578942072,0.0000034806766962,0.00000331054252456,0.00000109911229629,4.07342753306e-7,2.20050580424e-7,8.1808707364e-7,0.0000104189348349],"min":[2.70609920481e-26,5.43250344279e-25,2.07633465761e-25,1.6895058659e-25,1.16425229849e-24,2.85756323497e-24,7.61847645421e-25,1.88897555807e-24,6.3662625163e-24,7.1824239253e-24,5.43562950135e-24,6.45657131273e-24,1.40683576348e-23,2.07708938056e-23,2.37055037047e-23,1.99499925259e-23,4.4740277794e-23,5.94563328305e-23,9.46093442297e-23,1.21094579194e-22,1.72728895455e-22,2.27701002112e-22,3.01708271925e-22,4.7226893585e-22,6.49015985834e-22,1.16748495818e-21,1.74631317463e-21],"var":[0.00040794943925,0.000787125085481,0.0000767469537095,0.00000830671524454,0.0000109901729957,0.0000128800784296,0.0000166132540471,0.00000218444415623,0.0000111403560368,0.00000291608012049,0.00000100681711501,5.49709113784e-7,4.7953574267e-7,1.47062110045e-7,1.70817628486e-7,8.0523285817e-8,1.25557875208e-7,5.92123114984e-7,6.42541408524e-7,0.00000112972168154,7.22986399637e-8,1.67067550905e-8,2.10382977706e-9,4.58448591589e-11,2.3034787619e-11,3.32217836574e-10,3.59152522833e-7]},"barkbands_crest":{"dmean":2.71947526932,"dmean2":4.45491933823,"dvar":7.3695936203,"dvar2":18.3458251953,"max":26.3148574829,"mean":10.6820812225,"median":9.46835899353,"min":2.32239866257,"var":21.5128726959},"barkbands_flatness_db":{"dmean":0.0388120748103,"dmean2":0.0604425147176,"dvar":0.00181861198507,"dvar2":0.00410891138017,"max":0.671110510826,"mean":0.172602519393,"median":0.160264492035,"min":0.0212289523333,"var":0.00804402399808},"barkbands_kurtosis":{"dmean":12.5014753342,"dmean2":19.9204216003,"dvar":1368.81872559,"dvar2":3385.62329102,"max":2480.90283203,"mean":16.6734886169,"median":4.44346904755,"min":-1.84546113014,"var":1669.72265625},"barkbands_skewness":{"dmean":1.02951610088,"dmean2":1.59615182877,"dvar":1.97319436073,"dvar2":4.31372880936,"max":34.3662261963,"mean":1.64968597889,"median":1.67627584934,"min":-3.8729660511,"var":8.05208587646},"barkbands_spread":{"dmean":7.30513143539,"dmean2":11.7164964676,"dvar":120.799621582,"dvar2":271.538116455,"max":120.757324219,"mean":19.2005634308,"median":16.8847503662,"min":0.0698393285275,"var":238.612823486},"dissonance":{"dmean":0.0214182343334,"dmean2":0.035223480314,"dvar":0.000777567795012,"dvar2":0.00204670033418,"max":0.500000119209,"mean":0.466286659241,"median":0.481981217861,"min":0.134974017739,"var":0.00169815588742},"dynamic_complexity":18.5978412628,"erbbands":{"dmean":[0.526779770851,1.58036410809,3.6704659462,3.93671369553,3.771068573,4.59218168259,7.36782550812,7.87977981567,12.4158802032,10.9754734039,8.71322154999,15.8917884827,11.8004388809,12.5652198792,8.93458080292,8.0225353241,9.35609531403,5.40768814087,5.50598192215,5.59464979172,5.12492275238,5.63736963272,9.67670345306,12.5543346405,15.0620517731,13.9730167389,6.78596353531,2.65889334679,1.70286083221,0.769029796124,0.370910406113,0.10853805393,0.0347140878439,0.0229723062366,0.0144965024665,0.00840182416141,0.0123442001641,0.0204936526716,0.0191873516887,0.00364877120592],"dmean2":[0.830934762955,2.6232008934,6.20332813263,6.58742570877,6.33002185822,7.5065741539,11.8377408981,12.5808668137,20.0722522736,17.7293682098,14.1497039795,25.5711917877,18.8248233795,20.3545608521,14.7542829514,13.02161026,15.1457395554,8.80089664459,8.70050811768,8.88565158844,8.17599391937,8.78869628906,15.7394456863,19.8283309937,23.3032569885,22.4212799072,10.8204870224,4.1356549263,2.7130947113,1.181884408,0.583493411541,0.177485659719,0.0573026649654,0.0380100943148,0.0239620096982,0.0138248447329,0.0191998686641,0.0304391030222,0.0293933358043,0.00558923790231],"dvar":[1.64725506306,15.3793754578,94.8536911011,90.3946075439,69.6187438965,108.671989441,517.450439453,435.774200439,1802.47595215,978.492248535,621.547912598,2418.28857422,1007.39129639,1295.8482666,598.715637207,364.4609375,568.037414551,177.076156616,245.763839722,199.856811523,278.929504395,320.45425415,985.292297363,1843.12573242,2791.68237305,2615.44506836,492.371795654,54.1711082458,24.560590744,6.67186880112,1.07387506962,0.0902552455664,0.0056272726506,0.00259451800957,0.00102304189932,0.000325761298882,0.00082665606169,0.00267644505948,0.00298897596076,0.0000676006893627],"dvar2":[4.12353754044,40.9216423035,253.945343018,237.805465698,189.78666687,273.747009277,1267.85974121,1032.92553711,4430.07470703,2419.47875977,1550.5378418,5775.41162109,2436.55957031,3248.11987305,1599.29943848,967.927490234,1435.42944336,461.628509521,545.840026855,479.088134766,684.942871094,746.489318848,2467.04931641,4355.74707031,6679.02246094,6471.32421875,1201.83056641,126.09337616,60.5807495117,16.2710151672,2.53475022316,0.230556517839,0.0139211500064,0.00642483541742,0.00253356620669,0.000806018768344,0.00193172576837,0.0059991129674,0.00703691830859,0.000163118093042],"max":[17.9925136566,99.0271377563,167.411270142,159.446792603,145.833740234,388.820251465,762.577148438,970.421203613,1682.46411133,1110.95361328,1023.60821533,2056.62133789,1173.52661133,1125.29577637,1199.40673828,661.934997559,644.099121094,331.07623291,865.609069824,314.080108643,266.552276611,249.142745972,321.447845459,419.931182861,689.910827637,563.26184082,379.282104492,231.313903809,227.854934692,225.597305298,59.5188484192,16.8856620789,1.36945533752,0.931202232838,0.580829977989,0.32176476717,1.3768248558,2.91730618477,0.693334698677,0.21713809669],"mean":[0.629090845585,1.95427727699,4.07948827744,4.58581495285,4.71325683594,6.01190519333,9.83957386017,10.8676080704,17.2383499146,16.5004386902,14.1859121323,27.4499530792,21.2048377991,21.5114097595,14.780708313,14.1850481033,15.0358800888,9.63934135437,9.15125751495,8.08218097687,6.67670440674,6.33713674545,9.04861927032,11.5231285095,13.7098970413,12.0239429474,6.28197526932,2.80194854736,1.78457689285,0.850002110004,0.395323753357,0.10910192132,0.0347559340298,0.0226337574422,0.0143977357075,0.00869963783771,0.0144918793812,0.02630411461,0.0238253250718,0.0103892516345],"median":[0.037642903626,0.35218501091,1.19264984131,1.31432557106,1.24884641171,1.75510525703,2.02911186218,1.83090806007,1.96438515186,2.45758509636,2.14917373657,2.1298353672,1.71241688728,1.37174642086,1.13065612316,1.16022968292,1.2856836319,0.935897409916,0.799540698528,0.710696578026,0.560378074646,0.672370254993,0.50861543417,0.436617106199,0.391756296158,0.193132996559,0.149073988199,0.135227784514,0.13386054337,0.0554239787161,0.028903612867,0.0134965498,0.00529449619353,0.00268391077407,0.00164879043587,0.00135940732434,0.00153752835467,0.00152431346942,0.000836942228489,0.000479001493659],"min":[2.68451353976e-23,1.40653243069e-22,8.10662193364e-22,9.80608580768e-22,3.17723910301e-21,3.74815003373e-21,1.23785066431e-20,2.60948519111e-20,4.83118391053e-20,7.55561893402e-20,1.13891034724e-19,1.73361805249e-19,2.19620355891e-19,3.43231202252e-19,5.31626653242e-19,4.93587460304e-19,8.09257780028e-19,1.27160645431e-18,1.24685379826e-18,1.36775689473e-18,1.98257201651e-18,3.09869984512e-18,3.34150423827e-18,3.25795734204e-18,4.72808083611e-18,5.50140082385e-18,6.65486324261e-18,7.64832618344e-18,8.55963768174e-18,7.96920856821e-18,8.40625192639e-18,8.29410691484e-18,7.27442731168e-18,6.07585170308e-18,4.72823221016e-18,3.45036596317e-18,1.81755837649e-18,8.15314137979e-19,2.10915908456e-19,2.32262089338e-20],"var":[2.28309059143,18.4251880646,84.8033294678,93.0606918335,82.9773712158,144.361282349,809.16607666,767.284240723,3069.57910156,1964.36608887,1304.45080566,7214.97558594,2551.70849609,3206.84985352,1231.37438965,916.30657959,1079.8067627,445.303070068,475.814178467,316.337280273,304.454925537,334.332977295,850.767944336,1675.46472168,2555.48339844,2190.18334961,448.699066162,58.4754180908,23.8477630615,6.96061372757,1.3405957222,0.0896895378828,0.00636631576344,0.00291146780364,0.00116026715841,0.000381604826543,0.00111511803698,0.00369843328372,0.00328457751311,0.000584738852922]},"erbbands_crest":{"dmean":2.39616298676,"dmean2":3.9285993576,"dvar":7.07992744446,"dvar2":17.8092079163,"max":32.8784103394,"mean":8.05387401581,"median":7.10631465912,"min":1.91299402714,"var":22.0636825562},"erbbands_flatness_db":{"dmean":0.0294572375715,"dmean2":0.046532265842,"dvar":0.00100733805448,"dvar2":0.00247486983426,"max":0.542192459106,"mean":0.157225251198,"median":0.144586727023,"min":0.023430051282,"var":0.00394584564492},"erbbands_kurtosis":{"dmean":2.05294442177,"dmean2":3.34927034378,"dvar":15.1657934189,"dvar2":36.405002594,"max":105.952835083,"mean":1.89525139332,"median":0.413484692574,"min":-1.91563022137,"var":22.8833827972},"erbbands_skewness":{"dmean":0.565376698971,"dmean2":0.853034734726,"dvar":0.486600697041,"dvar2":0.988836348057,"max":8.55985736847,"mean":0.0392043069005,"median":-0.0869134366512,"min":-5.69525766373,"var":1.28699195385},"erbbands_spread":{"dmean":9.49080371857,"dmean2":15.4385385513,"dvar":165.772674561,"dvar2":407.817871094,"max":157.366592407,"mean":31.5234508514,"median":31.1688041687,"min":0.658948123455,"var":354.497375488},"gfcc":{"cov":[[214535.96875,20524.2460938,-15524.8925781,1359.64562988,-3449.37109375,-3179.16601562,774.570373535,-2547.62207031,-406.288269043,-1026.1217041,-1249.3190918,-307.151245117,-1617.48730469],[20524.2460938,4239.11621094,-875.597229004,-698.048828125,-525.243713379,162.609207153,-230.972137451,-96.096206665,-110.238441467,-82.4976806641,-134.247909546,-225.831787109,-43.1322631836],[-15524.8925781,-875.597229004,1776.82543945,-94.4874191284,136.534133911,530.525024414,-222.539550781,357.921722412,-50.7242088318,130.148406982,92.1796340942,-34.5286140442,166.917388916],[1359.64562988,-698.048828125,-94.4874191284,1046.87792969,129.230331421,-364.933746338,150.907287598,-69.0136108398,-15.1419296265,-31.9245491028,-14.1891431808,165.927337646,-125.797988892],[-3449.37109375,-525.243713379,136.534133911,129.230331421,343.16607666,33.8568229675,113.989517212,-8.73205566406,53.7132759094,-2.14595222473,49.3074531555,33.0663757324,45.1074905396],[-3179.16601562,162.609207153,530.525024414,-364.933746338,33.8568229675,631.182006836,-130.320632935,231.753662109,-42.6148490906,87.5288391113,20.4068870544,-70.6471710205,111.245628357],[774.570373535,-230.972137451,-222.539550781,150.907287598,113.989517212,-130.320632935,240.825241089,-64.3229064941,64.486289978,-28.9702758789,5.75849676132,47.2139320374,-32.38697052],[-2547.62207031,-96.096206665,357.921722412,-69.0136108398,-8.73205566406,231.753662109,-64.3229064941,228.943664551,6.55129957199,78.5256576538,28.8886489868,-23.3484325409,68.0840530396],[-406.288269043,-110.238441467,-50.7242088318,-15.1419296265,53.7132759094,-42.6148490906,64.486289978,6.55129957199,119.12046814,42.1300468445,15.8414573669,17.6295051575,-1.39735984802],[-1026.1217041,-82.4976806641,130.148406982,-31.9245491028,-2.14595222473,87.5288391113,-28.9702758789,78.5256576538,42.1300468445,100.446060181,44.4578819275,1.78847122192,29.6527099609],[-1249.3190918,-134.247909546,92.1796340942,-14.1891431808,49.3074531555,20.4068870544,5.75849676132,28.8886489868,15.8414573669,44.4578819275,66.111656189,19.5785083771,29.3457756042],[-307.151245117,-225.831787109,-34.5286140442,165.927337646,33.0663757324,-70.6471710205,47.2139320374,-23.3484325409,17.6295051575,1.78847122192,19.5785083771,93.0121307373,-5.48595142365],[-1617.48730469,-43.1322631836,166.917388916,-125.797988892,45.1074905396,111.245628357,-32.38697052,68.0840530396,-1.39735984802,29.6527099609,29.3457756042,-5.48595142365,95.8512268066]],"icov":[[0.0000601147257839,-0.000196180364583,0.000457595248008,-0.000379981618607,0.000370408903109,-0.000251630466664,-0.0000625714601483,0.000145809637615,-0.00011215962877,0.0000670472727506,-0.000228566670557,0.000365404237527,-0.000307877839077],[-0.000196180364583,0.00105932657607,-0.00122655788437,0.00110951636452,-0.000535078463145,0.000368579378119,0.000446219579317,-0.000161944102729,-0.0000795601154095,0.000492524821311,0.000218993096496,-0.000311956944643,0.000609669892583],[0.000457595248008,-0.00122655788437,0.00472449790686,-0.00322734587826,0.00281341839582,-0.00263366405852,0.000525371462572,0.000297991093248,-0.00113106425852,0.00139111583121,-0.00298487092368,0.00349507271312,-0.00292749307118],[-0.000379981618607,0.00110951636452,-0.00322734587826,0.00605062721297,-0.00562752922997,0.00443601422012,-0.000328593392624,-0.00371915590949,0.00591507973149,-0.00548007944599,0.0069441604428,-0.00802168808877,0.00687527284026],[0.000370408903109,-0.000535078463145,0.00281341839582,-0.00562752922997,0.0113118886948,-0.00552822789177,-0.00174100254662,0.00525670917705,-0.00822048913687,0.00895554851741,-0.0107103642076,0.00812062434852,-0.00865112897009],[-0.000251630466664,0.000368579378119,-0.00263366405852,0.00443601422012,-0.00552822789177,0.00698087038472,-0.000256990839262,-0.0049499082379,0.00662869121879,-0.00713631045073,0.00780368084088,-0.00520509202033,0.00387379527092],[-0.0000625714601483,0.000446219579317,0.000525371462572,-0.000328593392624,-0.00174100254662,-0.000256990839262,0.00812909472734,-0.000504187191837,-0.00440185889602,0.00442714523524,-0.0024353263434,-0.00083360017743,0.00128531211521],[0.000145809637615,-0.000161944102729,0.000297991093248,-0.00371915590949,0.00525670917705,-0.0049499082379,-0.000504187191837,0.012945599854,-0.00501596229151,-0.0000535162434971,-0.00397265190259,0.00605042977259,-0.00760105671361],[-0.00011215962877,-0.0000795601154095,-0.00113106425852,0.00591507973149,-0.00822048913687,0.00662869121879,-0.00440185889602,-0.00501596229151,0.0233134403825,-0.0191483851522,0.0138673633337,-0.00912728067487,0.00755072617903],[0.0000670472727506,0.000492524821311,0.00139111583121,-0.00548007944599,0.00895554851741,-0.00713631045073,0.00442714523524,-0.0000535162434971,-0.0191483851522,0.0360446497798,-0.0253498144448,0.00877357088029,-0.00582656543702],[-0.000228566670557,0.000218993096496,-0.00298487092368,0.0069441604428,-0.0107103642076,0.00780368084088,-0.0024353263434,-0.00397265190259,0.0138673633337,-0.0253498144448,0.0409673415124,-0.0143198119476,0.00321765383705],[0.000365404237527,-0.000311956944643,0.00349507271312,-0.00802168808877,0.00812062434852,-0.00520509202033,-0.00083360017743,0.00605042977259,-0.00912728067487,0.00877357088029,-0.0143198119476,0.025899535045,-0.00992910377681],[-0.000307877839077,0.000609669892583,-0.00292749307118,0.00687527284026,-0.00865112897009,0.00387379527092,0.00128531211521,-0.00760105671361,0.00755072617903,-0.00582656543702,0.00321765383705,-0.00992910377681,0.0254009105265]],"mean":[-310.883636475,85.2348175049,-60.9725914001,6.63804197311,-14.7056083679,-12.6168899536,2.12185716629,-9.79980564117,-1.88363397121,-4.56758499146,-5.5480966568,-1.19132256508,-7.146920681]},"hfc":{"dmean":23.2847976685,"dmean2":36.1232719421,"dvar":3740.87158203,"dvar2":9163.83300781,"max":2072.86279297,"mean":69.4390029907,"median":9.01731872559,"min":9.84859964675e-17,"var":27316.8457031},"melbands":{"dmean":[0.00379992229864,0.00186533806846,0.000666718813591,0.000287055707304,0.000236576452153,0.000182121133548,0.000190022066818,0.000109734144644,0.0000756001390982,0.000101573248685,0.0000594148696109,0.0000529077660758,0.0000335769182129,0.0000241859233938,0.0000228679928114,0.0000187633577298,0.00000957728570938,0.00000910341987037,0.00000818438638817,0.00000683462667439,0.00000632780938759,0.0000059041926761,0.0000057778415794,0.00001363273077,0.00000990907119558,0.0000102597668956,0.000010393937373,0.00000995238133328,0.00000542477619092,0.00000199708938453,0.0000014503031025,0.00000110440100798,5.87006866226e-7,3.80232251018e-7,2.38689381149e-7,1.36647841487e-7,3.89544290158e-8,2.39428121773e-8,2.10902264541e-8,1.87385840178e-8],"dmean2":[0.00595176778734,0.00308883981779,0.00110695837066,0.000472496729344,0.00037874552072,0.000289747054921,0.000305582827423,0.000177696652827,0.000122457378893,0.000162841941346,0.0000949182576733,0.0000857558479765,0.0000556434133614,0.0000397111616621,0.0000369881563529,0.0000308300877805,0.0000156962141773,0.0000145216035889,0.0000130798362079,0.0000109382490336,0.0000101836831163,0.00000930325495574,0.00000921715127333,0.0000229758425121,0.0000156974329002,0.0000160867602972,0.000015824321963,0.000016361283997,0.00000885616645974,0.00000312037900585,0.0000022912561235,0.0000017812230908,9.26435859583e-7,5.84832889672e-7,3.76062814667e-7,2.25283613986e-7,6.4607611705e-8,3.96777863898e-8,3.49366935382e-8,3.10160217509e-8],"dvar":[0.0000794196457718,0.0000211876013054,0.00000226583711083,4.03299736718e-7,4.45907858193e-7,2.25010609256e-7,3.98876750296e-7,9.29690457951e-8,4.67550478334e-8,9.86059376373e-8,2.58904080397e-8,2.42951561091e-8,9.03807784169e-9,3.69704800107e-9,3.18651149911e-9,2.24003859906e-9,5.86474813158e-10,6.45150377565e-10,4.43060088617e-10,2.82303347365e-10,4.89695672901e-10,3.64264562958e-10,4.48925119301e-10,2.75108757997e-9,1.13828280135e-9,1.2522719528e-9,1.20791909808e-9,1.48356027463e-9,3.67688907099e-10,3.29536710419e-11,1.70190875282e-11,9.75776404122e-12,5.92893225834e-12,1.3282302775e-12,4.39889037739e-13,2.06202107255e-13,8.47851519895e-15,2.84303178262e-15,2.20295651296e-15,1.73004848938e-15],"dvar2":[0.000198674068088,0.0000565056034247,0.00000589183491684,0.00000107146649952,0.00000109284167138,5.37066114248e-7,9.75484681476e-7,2.2935365962e-7,1.13427461201e-7,2.31717194765e-7,6.27369018957e-8,6.07689187859e-8,2.39888855447e-8,1.00676791348e-8,8.40242808664e-9,5.8685429849e-9,1.52137713538e-9,1.45962097964e-9,1.07682618378e-9,6.73267441798e-10,1.21720300506e-9,8.60825966065e-10,1.12758569148e-9,7.17553882978e-9,2.66950528349e-9,3.05097191955e-9,2.79562373251e-9,3.76877773434e-9,9.26072440954e-10,7.57509124871e-11,4.1231008191e-11,2.40046593714e-11,1.57259899547e-11,3.09570229694e-12,1.03564693713e-12,5.32803402092e-13,2.16464182462e-14,7.04230900347e-15,5.45622583369e-15,4.28505412983e-15],"max":[0.132159620523,0.0879661515355,0.0255540795624,0.0139345172793,0.0206714682281,0.0188410766423,0.023739496246,0.0103633906692,0.00875549204648,0.0128398388624,0.005713139195,0.00480718305334,0.00388156459667,0.00246427301317,0.0016734249657,0.00127126730513,0.00074151228182,0.00133830984123,0.000468694663141,0.000335290329531,0.000329624657752,0.000278390478343,0.000366473541362,0.000667001819238,0.000347527093254,0.000435722467955,0.000447848171461,0.00042323031812,0.000254508951912,0.000200840251637,0.000106140658318,0.0000764871656429,0.000223178270971,0.0000877078709891,0.0000372850845451,0.0000204542757274,0.00000504568834003,9.74046997726e-7,8.58762064126e-7,7.60044372328e-7],"mean":[0.00497282436118,0.00228414474986,0.000824183749501,0.000377389573259,0.000327970396029,0.000254115526332,0.000268096599029,0.000164689379744,0.000120562974189,0.000176143366843,0.000102788864751,0.000088060478447,0.0000521405563632,0.0000382584948966,0.0000373911752831,0.0000286190916086,0.0000161029511219,0.0000145388876263,0.0000121662624224,0.00000920060210774,0.00000765546337789,0.00000647698698231,0.00000612598068983,0.0000111837898658,0.00000909227128432,0.00000931147860683,0.00000949525383476,0.00000817463114799,0.0000047428770813,0.00000207187804335,0.00000148577350956,0.00000112146972242,6.35561150375e-7,4.10008510698e-7,2.49508076422e-7,1.31901614964e-7,3.82170028956e-8,2.3301376828e-8,2.05983283763e-8,1.83906969653e-8],"median":[0.000428734347224,0.000694722053595,0.000251126824878,0.000114434107672,0.00007803364133,0.0000416737057094,0.0000308461567329,0.0000252415102295,0.0000160547915584,0.0000125200667753,0.00000791682123236,0.0000050631870181,0.00000364669449482,0.00000298728582493,0.00000269617794402,0.00000245183719016,0.00000141852933666,0.00000115054535854,9.95064738163e-7,7.49115315557e-7,5.73728470954e-7,6.63869855089e-7,5.13915665579e-7,3.71163764612e-7,3.11352323479e-7,3.28053772591e-7,1.5638195805e-7,1.15226484354e-7,9.10045798719e-8,8.23544965556e-8,7.02047202594e-8,8.01983475185e-8,4.72080756708e-8,2.36056383329e-8,1.67620406444e-8,1.08094608819e-8,5.37309441384e-9,2.60253596451e-9,2.2611894579e-9,1.99965444203e-9],"min":[3.07641528888e-25,5.06008911197e-25,1.48711398643e-25,1.14242244648e-25,4.35879028812e-25,5.88530368593e-25,7.52089337415e-25,5.85285980905e-25,5.76105020475e-25,8.42304752436e-25,7.32275172932e-25,1.22431902744e-24,9.9027504091e-25,1.47970515272e-24,1.36380531409e-24,1.03237743489e-24,1.58406898529e-24,8.36582454037e-25,1.62959710635e-24,1.75234090498e-24,1.66403936512e-24,2.4435002038e-24,2.23535018205e-24,2.12284678406e-24,1.76491968654e-24,2.71892566404e-24,2.77221795136e-24,2.95875140936e-24,3.53745819171e-24,3.7008652062e-24,3.55950724844e-24,3.83504334643e-24,3.42334827848e-24,3.3527172229e-24,3.83688651993e-24,3.89346835722e-24,4.609301253e-24,3.95039019356e-24,4.47392838293e-24,4.37181980508e-24],"var":[0.000119326716231,0.000021920317522,0.00000255375061897,4.98998758758e-7,7.14157181392e-7,3.97744344127e-7,7.09718165126e-7,1.84972890338e-7,1.03924207906e-7,3.07430639168e-7,6.34232009133e-8,5.78584540278e-8,1.75291177129e-8,7.52866480269e-9,6.79560940853e-9,3.89439502868e-9,1.39434030988e-9,1.22678489589e-9,7.41304795326e-10,4.12647804815e-10,4.90034290923e-10,3.65885738374e-10,4.17667428421e-10,2.03951167066e-9,1.04633013365e-9,1.12401754571e-9,1.16907949987e-9,1.16328136013e-9,3.07137398847e-10,3.6410131854e-11,1.70221736012e-11,9.40963106044e-12,4.85628768102e-12,1.5545059814e-12,5.47882485907e-13,1.96359936774e-13,8.43314557319e-15,3.15816107329e-15,2.45788547799e-15,1.94098510424e-15]},"melbands_crest":{"dmean":4.09259986877,"dmean2":6.7043504715,"dvar":19.8786849976,"dvar2":49.6799697876,"max":39.5704269409,"mean":14.7687978745,"median":14.2876338959,"min":1.46414256096,"var":92.6375427246},"melbands_flatness_db":{"dmean":0.0450958013535,"dmean2":0.0693348869681,"dvar":0.00268525676802,"dvar2":0.00593075808138,"max":0.814075231552,"mean":0.241986230016,"median":0.266215533018,"min":0.00254094740376,"var":0.024348448962},"melbands_kurtosis":{"dmean":26.7629337311,"dmean2":43.1847457886,"dvar":14562.6953125,"dvar2":34253.78125,"max":5277.82568359,"mean":30.7599544525,"median":5.22014141083,"min":-1.90119099617,"var":15956.6865234},"melbands_skewness":{"dmean":1.31346273422,"dmean2":2.03288769722,"dvar":4.75769710541,"dvar2":10.3313140869,"max":51.4075965881,"mean":2.68400883675,"median":1.94075632095,"min":-4.47611713409,"var":12.3969869614},"melbands_spread":{"dmean":10.3872470856,"dmean2":16.7683506012,"dvar":299.923553467,"dvar2":656.250671387,"max":175.886016846,"mean":43.0553894043,"median":14.2926235199,"min":0.0301326084882,"var":2796.19726562},"mfcc":{"cov":[[39695.1875,12477.6269531,-1387.45617676,3135.29833984,-786.953063965,1420.61474609,83.9828491211,634.021606445,115.10723114,444.594909668,161.740585327,38.9055099487,343.691894531],[12477.6269531,7174.66308594,551.815612793,62.09375,44.8302383423,390.973022461,151.727554321,117.621963501,193.456100464,135.124694824,156.342147827,33.5862884521,-8.46584510803],[-1387.45617676,551.815612793,951.422424316,-245.781295776,227.674758911,-71.1807556152,92.347694397,-15.6345720291,57.3868103027,9.39081382751,43.0478210449,34.2568740845,-61.2637023926],[3135.29833984,62.09375,-245.781295776,1463.31323242,-115.943748474,136.531890869,-50.899143219,141.86618042,-100.104354858,-50.492477417,15.2952003479,-16.9520587921,80.0883178711],[-786.953063965,44.8302383423,227.674758911,-115.943748474,270.882171631,24.3948574066,89.6847839355,3.30344247818,52.8909759521,-3.93867993355,22.5548038483,21.641500473,-4.14976549149],[1420.61474609,390.973022461,-71.1807556152,136.531890869,24.3948574066,226.588531494,54.233631134,82.1027450562,14.0851421356,39.0381965637,-2.4598236084,9.28544425964,21.1370162964],[83.9828491211,151.727554321,92.347694397,-50.899143219,89.6847839355,54.233631134,155.615966797,50.9022407532,46.4319572449,10.9480581284,11.9229793549,7.82494306564,4.29874134064],[634.021606445,117.621963501,-15.6345720291,141.86618042,3.30344247818,82.1027450562,50.9022407532,116.297424316,31.0604133606,17.0560150146,5.96827697754,3.23772764206,13.312541008],[115.10723114,193.456100464,57.3868103027,-100.104354858,52.8909759521,14.0851421356,46.4319572449,31.0604133606,101.007614136,41.6836585999,29.865322113,18.1968975067,4.04560661316],[444.594909668,135.124694824,9.39081382751,-50.492477417,-3.93867993355,39.0381965637,10.9480581284,17.0560150146,41.6836585999,109.328926086,28.1156597137,17.0637798309,9.68323326111],[161.740585327,156.342147827,43.0478210449,15.2952003479,22.5548038483,-2.4598236084,11.9229793549,5.96827697754,29.865322113,28.1156597137,80.0642166138,30.1044921875,8.20028209686],[38.9055099487,33.5862884521,34.2568740845,-16.9520587921,21.641500473,9.28544425964,7.82494306564,3.23772764206,18.1968975067,17.0637798309,30.1044921875,54.3618392944,23.4371509552],[343.691894531,-8.46584510803,-61.2637023926,80.0883178711,-4.14976549149,21.1370162964,4.29874134064,13.312541008,4.04560661316,9.68323326111,8.20028209686,23.4371509552,56.5362434387]],"icov":[[0.000162053547683,-0.000289723539026,0.000269120326266,-0.000270539836492,0.000198000343516,-0.000163863631315,-0.0000981139601208,-0.0000133676776386,0.0000406055805797,-0.000424122437835,0.000334983255016,-0.000227344906307,-0.000151865868247],[-0.000289723539026,0.000708207953721,-0.000661283964291,0.000476844055811,-0.000107201994979,-0.000212154220208,0.000172297630343,0.000272091652732,-0.000469994003652,0.00089557323372,-0.000980694196187,0.000706580642145,0.000199102709303],[0.000269120326266,-0.000661283964291,0.00222678575665,-0.000462315132609,-0.00106560788117,0.000977913034149,-0.000661255442537,-0.000516398227774,0.000679270480759,-0.00125376170035,0.000890518189408,-0.00212917476892,0.00198051775806],[-0.000270539836492,0.000476844055811,-0.000462315132609,0.00157449196558,-0.000264458329184,-0.0000523898925167,0.000800793524832,-0.00161674700212,0.00124229595531,0.00131381314714,-0.00170537538361,0.00148699444253,-0.0013783358736],[0.000198000343516,-0.000107201994979,-0.00106560788117,-0.000264458329184,0.00670567061752,-0.00220677372999,-0.0024939973373,0.00232776952907,-0.00281900446862,0.00157876592129,-0.000583756598644,-0.000420572439907,-0.000850721960887],[-0.000163863631315,-0.000212154220208,0.000977913034149,-0.0000523898925167,-0.00220677372999,0.00878905691206,-0.00127052061725,-0.00475427694619,0.00283774873242,-0.00294709159061,0.00239703501575,-0.00221093045548,0.000737023598049],[-0.0000981139601208,0.000172297630343,-0.000661255442537,0.000800793524832,-0.0024939973373,-0.00127052061725,0.0105779599398,-0.00390820624307,-0.00176763313357,0.00127326580696,-0.000905739609152,0.0019244934665,-0.00157879770268],[-0.0000133676776386,0.000272091652732,-0.000516398227774,-0.00161674700212,0.00232776952907,-0.00475427694619,-0.00390820624307,0.0168229434639,-0.00631046434864,0.000740907620639,0.000425336242188,0.00070687639527,0.000106822459202],[0.0000406055805797,-0.000469994003652,0.000679270480759,0.00124229595531,-0.00281900446862,0.00283774873242,-0.00176763313357,-0.00631046434864,0.0186432022601,-0.00517077511176,-0.00270346435718,-0.00143854226917,-0.000448474282166],[-0.000424122437835,0.00089557323372,-0.00125376170035,0.00131381314714,0.00157876592129,-0.00294709159061,0.00127326580696,0.000740907620639,-0.00517077511176,0.0144802415743,-0.00461570825428,0.000938716460951,-0.0013906453969],[0.000334983255016,-0.000980694196187,0.000890518189408,-0.00170537538361,-0.000583756598644,0.00239703501575,-0.000905739609152,0.000425336242188,-0.00270346435718,-0.00461570825428,0.0203687082976,-0.0109260519966,0.00278626172803],[-0.000227344906307,0.000706580642145,-0.00212917476892,0.00148699444253,-0.000420572439907,-0.00221093045548,0.0019244934665,0.00070687639527,-0.00143854226917,0.000938716460951,-0.0109260519966,0.0326142124832,-0.0144361769781],[-0.000151865868247,0.000199102709303,0.00198051775806,-0.0013783358736,-0.000850721960887,0.000737023598049,-0.00157879770268,0.000106822459202,-0.000448474282166,-0.0013906453969,0.00278626172803,-0.0144361769781,0.0283470209688]],"mean":[-822.610107422,126.64881897,0.639439880848,29.9680194855,-2.39110589027,11.3070678711,2.45876336098,6.53819417953,2.09972548485,2.87795805931,3.53963327408,0.721732735634,1.91732168198]},"pitch_salience":{"dmean":0.0853814035654,"dmean2":0.138892099261,"dvar":0.00868762470782,"dvar2":0.0213055387139,"max":0.946821630001,"mean":0.575239241123,"median":0.598042547703,"min":0.0178984850645,"var":0.0347657240927},"silence_rate_20dB":{"dmean":0.000794654130004,"dmean2":0.00158936565276,"dvar":0.000793984683696,"dvar2":0.00223711761646,"max":1,"mean":0.999530434608,"median":1,"min":0,"var":0.000469258666271},"silence_rate_30dB":{"dmean":0.0703630149364,"dmean2":0.140731111169,"dvar":0.0654259249568,"dvar2":0.141276210546,"max":1,"mean":0.905114471912,"median":1,"min":0,"var":0.085903018713},"silence_rate_60dB":{"dmean":0.0356871969998,"dmean2":0.0713769719005,"dvar":0.0344127453864,"dvar2":0.0748135745525,"max":1,"mean":0.317922413349,"median":0,"min":0,"var":0.216869667172},"spectral_centroid":{"dmean":346.514038086,"dmean2":529.884338379,"dvar":247970.609375,"dvar2":443308.1875,"max":12116.6591797,"mean":3335.89331055,"median":967.846252441,"min":79.7142562866,"var":17985224},"spectral_complexity":{"dmean":3.48990416527,"dmean2":5.13415670395,"dvar":35.6258163452,"dvar2":58.8760528564,"max":60,"mean":10.9756193161,"median":8,"min":0,"var":128.43800354},"spectral_contrast_coeffs":{"dmean":[0.0478016659617,0.0411631539464,0.0336952842772,0.0295089185238,0.0281377080828,0.0423979312181],"dmean2":[0.0779879614711,0.0677105635405,0.0549399778247,0.0480155982077,0.0439513549209,0.0645385161042],"dvar":[0.00217399653047,0.001555902767,0.0010485079838,0.000863309542183,0.000988183426671,0.00311482069083],"dvar2":[0.00553529104218,0.00404955307022,0.0027018962428,0.00219763722271,0.002349359449,0.00660833204165],"max":[-0.361732542515,-0.456925421953,-0.41748341918,-0.544352591038,-0.618355631828,-0.356497585773],"mean":[-0.757943868637,-0.819656193256,-0.844896316528,-0.858067631721,-0.866173684597,-0.798791766167],"median":[-0.737396776676,-0.810121655464,-0.83879929781,-0.844683885574,-0.850672960281,-0.824033617973],"min":[-0.987004756927,-0.987338125706,-0.985140621662,-0.988023221493,-0.973632752895,-0.970088005066],"var":[0.0179073791951,0.00997249875218,0.00770276924595,0.00552508374676,0.00553858559579,0.0169214531779]},"spectral_contrast_valleys":{"dmean":[0.471257150173,0.453822344542,0.437298774719,0.456078588963,0.53749871254,0.668029308319],"dmean2":[0.743431389332,0.71269339323,0.676957964897,0.690979123116,0.785710275173,1.06036388874],"dvar":[0.229091539979,0.238060206175,0.241906583309,0.286592334509,0.398020654917,0.504178881645],"dvar2":[0.436404615641,0.477043032646,0.49021217227,0.58171826601,0.836783587933,1.2729344368],"max":[-4.74867582321,-4.52395105362,-4.98106813431,-5.71091175079,-5.45681524277,-8.8221282959],"mean":[-11.6908950806,-11.5343980789,-12.0251560211,-12.493475914,-12.5369768143,-15.1360416412],"median":[-7.16019916534,-7.03467702866,-7.86912965775,-8.45437908173,-8.58419799805,-11.8741931915],"min":[-28.848400116,-28.5083808899,-28.1078147888,-27.8719940186,-27.6869182587,-27.4678974152],"var":[72.9850082397,74.0659484863,69.3240280151,65.3413925171,65.0217819214,44.3769264221]},"spectral_decrease":{"dmean":4.95386931476e-9,"dmean2":7.73338282301e-9,"dvar":8.65186120628e-17,"dvar2":2.1563785947e-16,"max":1.64366920075e-8,"mean":-8.39600655667e-9,"median":-3.32325766905e-9,"min":-1.38336190503e-7,"var":1.67889116691e-16},"spectral_energy":{"dmean":0.0192802269012,"dmean2":0.030079042539,"dvar":0.00125155074056,"dvar2":0.00310970610008,"max":0.526521384716,"mean":0.0379867404699,"median":0.0160076916218,"min":9.56191222867e-21,"var":0.00276118633337},"spectral_energyband_high":{"dmean":0.000450383871794,"dmean2":0.000703144585714,"dvar":0.00000184517602975,"dvar2":0.00000444750230599,"max":0.0248654428869,"mean":0.000497652508784,"median":0.0000236395644606,"min":6.81124588624e-21,"var":0.00000175201137154},"spectral_energyband_low":{"dmean":0.0156895779073,"dmean2":0.0247838720679,"dvar":0.00104517850559,"dvar2":0.00264986115508,"max":0.508724987507,"mean":0.0226633455604,"median":0.00500389514491,"min":6.76010487311e-24,"var":0.00174132804386},"spectral_energyband_middle_high":{"dmean":0.00150914641563,"dmean2":0.0023305087816,"dvar":0.00000950932826527,"dvar2":0.0000221648188017,"max":0.0445215702057,"mean":0.00275067449547,"median":0.000455509813037,"min":1.03053032418e-21,"var":0.0000201803504751},"spectral_energyband_middle_low":{"dmean":0.0037372817751,"dmean2":0.00587120093405,"dvar":0.0000455126501038,"dvar2":0.000111123728857,"max":0.14288406074,"mean":0.00768865272403,"median":0.0033299382776,"min":9.41086952339e-23,"var":0.000126133323647},"spectral_entropy":{"dmean":0.243480309844,"dmean2":0.383595168591,"dvar":0.0973338112235,"dvar2":0.233486622572,"max":9.83532714844,"mean":7.77420949936,"median":7.50909376144,"min":4.61473751068,"var":1.46702373028},"spectral_flux":{"dmean":0.0317712090909,"dmean2":0.0513162724674,"dvar":0.00222911103629,"dvar2":0.0053190626204,"max":0.579763770103,"mean":0.0907412394881,"median":0.0756832063198,"min":6.13729900234e-11,"var":0.00735304271802},"spectral_kurtosis":{"dmean":7.8843793869,"dmean2":12.8928108215,"dvar":288.419677734,"dvar2":775.955505371,"max":283.471405029,"mean":16.0892658234,"median":10.6947546005,"min":-1.29968261719,"var":455.36505127},"spectral_rms":{"dmean":0.00124825327657,"dmean2":0.00185234937817,"dvar":0.00000309219080918,"dvar2":0.00000691574678058,"max":0.0226644966751,"mean":0.00453158188611,"median":0.00395186804235,"min":3.05429119496e-12,"var":0.0000165245455719},"spectral_rolloff":{"dmean":1240.68249512,"dmean2":2293.33349609,"dvar":13605832,"dvar2":35770896,"max":22028.4667969,"mean":7333.54394531,"median":1119.7265625,"min":21.533203125,"var":78379496},"spectral_skewness":{"dmean":0.568771064281,"dmean2":0.900088906288,"dvar":0.787605106831,"dvar2":2.02996325493,"max":13.8706531525,"mean":2.29686021805,"median":2.19998049736,"min":-0.114530555904,"var":3.42837643623},"spectral_spread":{"dmean":787933.5625,"dmean2":1285645.125,"dvar":658731368448,"dvar2":1653984722940,"max":51544172,"mean":11886603,"median":3919707.5,"min":385339.34375,"var":241906533532000},"spectral_strongpeak":{"dmean":1.47514295578,"dmean2":2.67888784409,"dvar":89.8704910278,"dvar2":254.767196655,"max":222.545166016,"mean":1.64075648785,"median":0.156335681677,"min":0,"var":105.521995544},"zerocrossingrate":{"dmean":0.0243406742811,"dmean2":0.0302822571248,"dvar":0.000672858499456,"dvar2":0.000900248647667,"max":0.82421875,"mean":0.214548557997,"median":0.12744140625,"min":0.00048828125,"var":0.0360658168793}},"metadata":{"audio_properties":{"analysis_sample_rate":44100,"bit_rate":100285,"codec":"mp3","downmix":"mix","equal_loudness":0,"length":642.82232666,"lossless":false,"md5_encoded":"3b80e18e997c28def20f8caed9d84377","replay_gain":-9.34373664856,"sample_rate":44100},"tags":{"album":["Gorillaz"],"albumartist":["Gorillaz"],"albumartistsort":["Gorillaz"],"artist":["Gorillaz"],"artistsort":["Gorillaz"],"asin":["B000056BAF"],"barcode":["724353113803"],"catalognumber":["7243 5311380 3"],"date":["2001-03-26"],"file_name":"15 - Gorillaz - M1 A1 _ Clint Eastwood (Ed Case refix).mp3","genre":["Indie","Electronica  Dance","Pop","Rock","Alternative","Trip-Hop","Electronic","Hip-Hop"],"label":["Parlophone"],"musicbrainz album release country":["GB"],"musicbrainz album status":["official"],"musicbrainz album type":["album"],"musicbrainz_albumartistid":["e21857d5-3256-4547-afb3-4b6ded592596"],"musicbrainz_albumid":["0e30bc2e-91a0-4687-a6f5-ac8ef2626b1e"],"musicbrainz_artistid":["e21857d5-3256-4547-afb3-4b6ded592596"],"musicbrainz_recordingid":["64ba1097-7ede-4b37-b9b7-d8dc58f659cd"],"title":["M1 A1 / Clint Eastwood (Ed Case refix)"],"tracknumber":["15/15"]},"version":{"essentia":"2.1-beta1","essentia_build_sha":"81dca3489dfd3c4275b86ac4d56d870715677d3f","essentia_git_sha":"v2.1_beta1-28-g21ef5f4","extractor":"music 1.0"}},"rhythm":{"beats_count":1375,"beats_loudness":{"dmean":0.0340416990221,"dmean2":0.0586718283594,"dvar":0.00240740389563,"dvar2":0.0066653508693,"max":0.421786397696,"mean":0.0580440275371,"median":0.0426399894059,"min":0,"var":0.00391619466245},"beats_loudness_band_ratio":{"dmean":[0.186164036393,0.0697026178241,0.0692986175418,0.0311163049191,0.0258943010122,0.0576625354588],"dmean2":[0.34963452816,0.129182770848,0.128002941608,0.0564501285553,0.0490428693593,0.107322029769],"dvar":[0.0393477156758,0.00731174182147,0.0110663725063,0.00234523252584,0.0020846684