{"lowlevel":{"average_loudness":0.759322524071,"barkbands":{"dmean":[0.0000330767361447,0.00211555883288,0.000902248139028,0.00108478276525,0.000917889352422,0.000458778609755,0.000330770795699,0.00026151642669,0.000503100221977,0.000668121851049,0.000623302999884,0.000536433653906,0.000530222081579,0.000429163308581,0.000508866389282,0.000421686185291,0.000315099750878,0.000261318840785,0.000243261019932,0.00021937895508,0.000199542409973,0.000130301777972,0.0000881849191501,0.0000535099679837,0.0000375605086447,0.0000213560288103,0.00000297229416901],"dmean2":[0.0000464990189357,0.00338607723825,0.00157481897622,0.00181388913188,0.00150512752589,0.000720019568689,0.000543126428965,0.000391907437006,0.000793172628619,0.00107402389403,0.000977077172138,0.000838264124468,0.000872545293532,0.000699847645592,0.000833446509205,0.000694236485288,0.000520894478541,0.000434353423771,0.000400596414693,0.000358962483006,0.0003381780989,0.000218140514335,0.000145809768583,0.0000813718143036,0.0000521445617778,0.0000292829481623,0.00000425450161856],"dvar":[4.87539697502e-9,0.0000210186026379,0.00000367607594853,0.00000403109243052,0.00000236331948145,5.09913434144e-7,4.23502058311e-7,2.0390409361e-7,0.00000122592427942,0.0000058112732404,0.0000103526626845,0.00000505538810103,0.00000293485300062,0.00000177698814241,0.00000192869879356,7.16375268439e-7,3.2313798215e-7,1.59207516504e-7,1.22473508668e-7,1.03394313555e-7,8.46320205028e-8,4.49846062622e-8,2.28539747127e-8,1.18420739881e-8,9.18265463667e-9,1.77151993075e-9,3.68463315414e-11],"dvar2":[9.18009401829e-9,0.000050808321248,0.0000102507201518,0.0000101896130218,0.00000607179708823,0.00000116703222375,0.00000104206799278,4.63835476694e-7,0.00000308075777866,0.0000134542324304,0.000025264436772,0.0000123341451399,0.00000790756621427,0.00000464501590614,0.00000499217367178,0.00000188470380635,7.598044931e-7,4.13495968132e-7,3.25047636807e-7,2.73633020242e-7,2.28497910371e-7,1.22967975358e-7,5.92804667576e-8,2.31228582948e-8,1.40843701146e-8,3.1573705872e-9,7.24608428815e-11],"max":[0.000932738534175,0.0485921055079,0.0235151574016,0.0298974066973,0.0293794088066,0.0193657185882,0.0173287969083,0.0149379996583,0.0294020734727,0.0709344744682,0.0793786495924,0.0813811048865,0.0483796335757,0.0372383631766,0.0444797053933,0.0256856251508,0.0315437428653,0.0104464869946,0.00951503124088,0.00690727401525,0.00483486708254,0.0039692632854,0.00481452140957,0.00740268360823,0.00607356708497,0.0012750235619,0.000117260897241],"mean":[0.0000456584093627,0.00226596673019,0.00104580260813,0.00136229326017,0.00163306272589,0.000902720028535,0.000525956915226,0.000515737337992,0.00083210831508,0.00102851074189,0.000903466367163,0.000822155678179,0.000822133035399,0.000672867288813,0.000852681288961,0.000782458868343,0.000632008595858,0.000555536418688,0.000573171419092,0.000511002494022,0.000458258378785,0.000324637832819,0.00021106271015,0.000141653072205,0.0000890256706043,0.0000412238950958,0.00000412036479247],"median":[0.0000169486120285,0.000768475292716,0.00053224270232,0.000707626226358,0.00116833031643,0.000546193390619,0.000234876497416,0.000252060766798,0.000348294532159,0.000181454553967,0.000123196427012,0.000165952878888,0.000215160878724,0.000225307449,0.000338658050168,0.00042266244418,0.000393552181777,0.000372451584553,0.000383987411624,0.000298401428154,0.000260908884229,0.000155091707711,0.000106961269921,0.0000726338184904,0.0000424188692705,0.0000153062810568,0.00000116660817184],"min":[7.89567773896e-25,2.27119799374e-24,2.14467732632e-24,8.14644232262e-25,1.3062841604e-23,9.52456220809e-24,9.34233770557e-24,1.65222988071e-23,1.57764024222e-23,1.75342827085e-23,1.09593487334e-23,2.7040302741e-23,4.41877375279e-23,4.4729672348e-23,6.02766661304e-23,6.62213199638e-23,8.40722072634e-23,1.05622347338e-22,1.39518469812e-22,1.82673276026e-22,2.31578789887e-22,2.86196817904e-22,4.04908696377e-22,5.25592045537e-22,8.16340477268e-22,1.27867148227e-21,2.04774174803e-21],"var":[7.54405249381e-9,0.0000200249414775,0.00000289441436507,0.00000422717312176,0.0000030075250379,0.0000014158626982,9.72016550804e-7,7.17474108569e-7,0.00000261003265223,0.0000125709839267,0.0000210059442907,0.0000110811297418,0.00000549217202206,0.0000033167066249,0.00000370606403521,0.00000159491810336,9.12154916932e-7,4.47656844926e-7,3.63230412859e-7,3.43799882785e-7,2.6376054052e-7,1.78779430371e-7,7.32488913968e-8,4.48443699952e-8,3.86412644104e-8,5.55484280795e-9,6.27070756432e-11]},"barkbands_crest":{"dmean":2.38209414482,"dmean2":3.89210510254,"dvar":5.90302419662,"dvar2":14.9480409622,"max":24.3985557556,"mean":7.23087882996,"median":6.31647825241,"min":1.83002614975,"var":13.1403093338},"barkbands_flatness_db":{"dmean":0.0174613036215,"dmean2":0.0281906146556,"dvar":0.000400709715905,"dvar2":0.00103804341052,"max":0.328723877668,"mean":0.0824869349599,"median":0.0759065374732,"min":0.0108646890149,"var":0.00130727235228},"barkbands_kurtosis":{"dmean":1.12801671028,"dmean2":1.83378648758,"dvar":4.12197446823,"dvar2":10.0233306885,"max":42.0678901672,"mean":0.403699457645,"median":-0.61043548584,"min":-1.82427203655,"var":9.19755744934},"barkbands_skewness":{"dmean":0.408379495144,"dmean2":0.624462544918,"dvar":0.161049604416,"dvar2":0.366524726152,"max":6.10619783401,"mean":0.618102908134,"median":0.497104167938,"min":-2.03772687912,"var":0.776299834251},"barkbands_spread":{"dmean":6.24155139923,"dmean2":9.82526874542,"dvar":35.4148292542,"dvar2":84.4230804443,"max":113.111076355,"mean":34.8573493958,"median":35.0294075012,"min":1.49249339104,"var":192.352874756},"dissonance":{"dmean":0.0115646691993,"dmean2":0.0195829551667,"dvar":0.000256087892922,"dvar2":0.000715282629244,"max":0.500000238419,"mean":0.479524493217,"median":0.484660238028,"min":0.0608710944653,"var":0.000369840679923},"dynamic_complexity":3.41918516159,"erbbands":{"dmean":[0.0491060689092,0.524926960468,1.05443584919,2.14081549644,4.29853773117,2.55865502357,2.65270256996,4.48584842682,5.17954921722,3.91192984581,6.1808347702,10.3005504608,14.7769107819,26.6908149719,23.3699474335,20.7296695709,22.9006958008,22.1929569244,24.5635242462,21.825088501,22.2885704041,15.7355089188,12.9952802658,12.1028146744,12.2189683914,11.1654243469,8.97458457947,6.89296770096,5.03320550919,3.49807333946,2.37027382851,1.36552512646,0.850579798222,0.463505417109,0.253106743097,0.118087179959,0.0358803905547,0.00613914849237,0.000488674442749,0.0000209812005778],"dmean2":[0.0765265151858,0.868516981602,1.7738224268,3.61627268791,6.96131944656,4.33414506912,4.31912279129,6.99396944046,8.43776035309,6.2069106102,9.45279407501,16.4109477997,23.4391613007,42.4147567749,36.364315033,32.1594810486,37.1996650696,36.2830657959,39.3811149597,36.0093765259,36.6049041748,25.7988567352,21.3852939606,20.0500984192,20.2864894867,18.2660751343,14.9430322647,11.7826547623,8.49141693115,5.8478307724,3.93655323982,2.13274502754,1.28507554531,0.669796586037,0.357772350311,0.162411659956,0.0497090145946,0.00853346381336,0.000695634982549,0.00002924146429],"dvar":[0.0118498569354,1.33536100388,4.60106182098,15.6174488068,68.6402893066,15.0751981735,11.7089223862,57.3727531433,97.3750839233,54.8208808899,110.461875916,569.932067871,2945.98852539,10499.1279297,9769.69335938,7378.23779297,6063.87011719,5119.82861328,5536.73876953,3821.24853516,2024.91918945,877.053894043,386.798553467,287.710113525,338.515106201,303.102416992,167.42086792,117.711418152,67.4260101318,37.4874382019,17.5768795013,6.13838720322,3.66634130478,1.4664555788,0.430772215128,0.0605425313115,0.00491881649941,0.000148072227603,9.81582843451e-7,1.27390609173e-9],"dvar2":[0.0259612463415,3.36053133011,12.1802434921,41.1889533997,167.245437622,41.3356666565,30.5277137756,129.219436646,241.652694702,130.718719482,265.583099365,1504.37121582,6736.15673828,25389.3496094,24085.3183594,16292.7548828,16086.75,13666.7763672,13989.1083984,10376.6582031,4987.40429688,1918.50695801,987.975646973,747.396484375,917.132751465,800.18951416,450.824157715,323.460998535,186.713577271,101.703735352,44.8692817688,12.2658624649,7.70141553879,2.54893350601,0.700323581696,0.105405621231,0.00891198311001,0.000280230946373,0.00000196704627342,2.44632447632e-9],"max":[1.04725301266,11.6665115356,23.7954998016,50.0444335938,133.356063843,70.7645874023,52.8421058655,227.302764893,262.492492676,289.716369629,275.533752441,511.744598389,2174.32202148,3118.46801758,2596.70727539,4086.01171875,2148.43701172,1939.90234375,2598.03613281,2285.77514648,1764.35681152,1981.07971191,514.302246094,549.292053223,386.193450928,414.162353516,236.581939697,141.09437561,182.717437744,118.653823853,163.208175659,152.916366577,115.567855835,75.7871780396,39.0718383789,11.1387491226,1.55727684498,0.345611602068,0.0128101566806,0.000447222817456],"mean":[0.052602045238,0.543170392513,1.28870296478,2.82501339912,6.16043186188,4.39638614655,5.05335283279,8.65577507019,8.7913236618,7.42570638657,12.6128263474,17.2346096039,24.6318225861,41.5053863525,36.2630767822,33.4738464355,37.22290802,37.409122467,42.6481437683,40.5423355103,44.2313079834,34.878868103,30.0363140106,29.1412029266,28.92760849,26.3437099457,20.8448390961,15.1300411224,12.0474157333,8.68901443481,5.49417495728,3.62837696075,2.12211966515,1.10761129856,0.551717281342,0.240338400006,0.0653293058276,0.00990064907819,0.000697424635291,0.0000466883866466],"median":[0.0145027283579,0.190814495087,0.65062469244,1.58959102631,3.36057209969,3.18331170082,3.58333444595,4.99006795883,4.28420734406,4.39536762238,6.86555814743,7.61954832077,7.76840353012,7.56047105789,7.10348558426,8.25800037384,10.6156730652,12.577041626,16.1964321136,18.8103713989,26.5141067505,23.3607521057,20.9795742035,21.2944793701,18.5958538055,14.9057435989,12.2065296173,8.19551467896,5.8627781868,4.23786592484,2.82910752296,1.78180980682,1.10479187965,0.561259508133,0.244085296988,0.0948877334595,0.02227678895,0.00311746099032,0.000220289643039,0.0000315910474455],"min":[1.6240636652e-22,3.93411824923e-22,3.68204061211e-21,6.52078230272e-21,2.27360171792e-20,4.35400215596e-20,4.6109315628e-20,6.73009785257e-20,8.87168267563e-20,2.56747375409e-19,5.33247151761e-19,3.34408235345e-19,6.33550297357e-19,5.48018581249e-19,8.24088197833e-19,1.32613709542e-18,1.76720189555e-18,2.86225419613e-18,2.99448273936e-18,3.276697946e-18,4.62729880464e-18,5.30224633803e-18,6.89263837764e-18,7.99930305325e-18,8.30275591533e-18,8.69185092213e-18,9.5209208152e-18,1.06583065652e-17,9.4860245467e-18,9.50741543734e-18,1.11933799249e-17,1.15974154679e-17,9.99754062979e-18,8.49913107429e-18,6.6093865069e-18,4.52537360956e-18,2.56051090958e-18,9.73179024644e-19,2.57246165318e-19,2.50781516187e-20],"var":[0.0127247851342,1.16723799706,4.09339570999,15.2130784988,79.5162506104,20.2890853882,25.4366073608,160.868743896,224.121170044,132.279602051,350.34753418,1072.84204102,5722.51220703,20512.796875,19352.4921875,16852.3359375,11537.4121094,10221.6416016,11368.2558594,6813.85009766,5091.28808594,2763.47558594,1210.91601563,903.309875488,1004.32196045,997.223205566,546.41394043,316.838897705,247.85093689,126.251197815,51.3892059326,27.3779582977,11.4119710922,5.60759401321,1.65010344982,0.20348264277,0.0145725412294,0.000337491685059,0.00000151557151185,2.40079800484e-9]},"erbbands_crest":{"dmean":2.37082076073,"dmean2":3.8682384491,"dvar":6.33059263229,"dvar2":16.0875148773,"max":33.0008621216,"mean":7.62045288086,"median":6.1862859726,"min":2.32101297379,"var":18.9306659698},"erbbands_flatness_db":{"dmean":0.0173785146326,"dmean2":0.0256422422826,"dvar":0.000313156459015,"dvar2":0.00069937139051,"max":0.316291481256,"mean":0.137475416064,"median":0.133062526584,"min":0.0360319130123,"var":0.00138024275657},"erbbands_kurtosis":{"dmean":0.830122768879,"dmean2":1.3259216547,"dvar":1.67647123337,"dvar2":3.98670268059,"max":32.0045509338,"mean":0.369096517563,"median":-0.0676059797406,"min":-1.71406841278,"var":3.64322042465},"erbbands_skewness":{"dmean":0.299512714148,"dmean2":0.468832314014,"dvar":0.088948123157,"dvar2":0.209188729525,"max":4.0486240387,"mean":-0.238225594163,"median":-0.350732177496,"min":-2.43585586548,"var":0.473417937756},"erbbands_spread":{"dmean":7.62531232834,"dmean2":11.7201452255,"dvar":53.4368476868,"dvar2":120.010986328,"max":124.597366333,"mean":38.2511253357,"median":36.7078475952,"min":2.66934537888,"var":250.436752319},"gfcc":{"cov":[[16358.2041016,-241.939819336,-1170.46777344,313.747375488,-482.683929443,322.96661377,-306.533050537,140.936904907,-310.875762939,59.9973373413,-256.312225342,93.9390792847,-102.3960495],[-241.939819336,999.198486328,-142.489532471,47.6062660217,63.9242172241,-110.987503052,67.0453872681,-45.9000892639,63.395690918,-95.1984481812,102.78894043,-48.3564414978,72.5623703003],[-1170.46777344,-142.489532471,607.471435547,21.6259708405,84.785949707,-19.5815753937,18.4559345245,32.3664627075,10.6447935104,39.7241477966,-10.2419700623,43.3624763489,-21.0532207489],[313.747375488,47.6062660217,21.6259708405,287.180603027,4.80640554428,-40.3596305847,-16.4053916931,-12.2876148224,48.802482605,-12.9468641281,-14.9320659637,-16.234418869,-11.1126174927],[-482.683929443,63.9242172241,84.785949707,4.80640554428,185.741226196,20.6468524933,45.4841499329,8.73052787781,15.9244918823,4.84486198425,12.7779779434,6.29981660843,8.03357505798],[322.96661377,-110.987503052,-19.5815753937,-40.3596305847,20.6468524933,154.170822144,38.6074562073,-4.64595746994,-38.338722229,11.3254423141,10.550652504,8.25926589966,-4.5172328949],[-306.533050537,67.0453872681,18.4559345245,-16.4053916931,45.4841499329,38.6074562073,116.161659241,10.4812917709,14.4492473602,-11.8598613739,18.6799736023,3.19460773468,5.56425428391],[140.936904907,-45.9000892639,32.3664627075,-12.2876148224,8.73052787781,-4.64595746994,10.4812917709,106.400444031,33.4324684143,13.2146930695,-20.0308551788,8.94558620453,6.29744195938],[-310.875762939,63.395690918,10.6447935104,48.802482605,15.9244918823,-38.338722229,14.4492473602,33.4324684143,90.053024292,15.1072845459,3.5876352787,-11.6679697037,5.02572584152],[59.9973373413,-95.1984481812,39.7241477966,-12.9468641281,4.84486198425,11.3254423141,-11.8598613739,13.2146930695,15.1072845459,76.5387802124,13.0765838623,13.4567155838,-14.5264291763],[-256.312225342,102.78894043,-10.2419700623,-14.9320659637,12.7779779434,10.550652504,18.6799736023,-20.0308551788,3.5876352787,13.0765838623,79.8646011353,18.0356750488,15.3993034363],[93.9390792847,-48.3564414978,43.3624763489,-16.234418869,6.29981660843,8.25926589966,3.19460773468,8.94558620453,-11.6679697037,13.4567155838,18.0356750488,58.9743995667,19.5478916168],[-102.3960495,72.5623703003,-21.0532207489,-11.1126174927,8.03357505798,-4.5172328949,5.56425428391,6.29744195938,5.02572584152,-14.5264291763,15.3993034363,19.5478916168,60.7658424377]],"icov":[[0.000141641299706,-0.000237133848714,0.000298876111628,-0.000322644016705,0.000243276692345,-0.000433344655903,0.000264268019237,-0.000440192990936,0.000616964767687,-0.000480398273794,0.000727927021217,-0.000772112456616,0.000421479548095],[-0.000237133848714,0.0024708211422,-0.000250679266173,0.000448358041467,-0.00103786983527,0.00229561515152,-0.00122932589147,0.000974736467469,-0.00148353935219,0.00278489454649,-0.00424018362537,0.00355503638275,-0.00231615290977],[0.000298876111628,-0.000250679266173,0.00271694548428,-0.000884564069565,-0.000490432721563,-0.0000879687358974,0.0000712797263986,-0.00119364866987,0.00152013462503,-0.001542405691,0.00178831093945,-0.00318315066397,0.00183436658699],[-0.000322644016705,0.000448358041467,-0.000884564069565,0.00506958737969,-0.000693218666129,0.000863968918566,0.000466781697469,0.00247090123594,-0.00486828852445,0.00265428819694,-0.000781353097409,0.00105278729461,0.000295111880405],[0.000243276692345,-0.00103786983527,-0.000490432721563,-0.000693218666129,0.00712634809315,-0.00195820373483,-0.00132442987524,-0.000706736929715,0.000410197419114,-0.00170597352553,0.00175714353099,-0.00145742029417,0.0000412081826653],[-0.000433344655903,0.00229561515152,-0.0000879687358974,0.000863968918566,-0.00195820373483,0.0116861406714,-0.00520737981424,0.000762764597312,0.00326065486297,-0.000263574533165,-0.00467976974323,0.00455624889582,-0.00243101781234],[0.000264268019237,-0.00122932589147,0.0000712797263986,0.000466781697469,-0.00132442987524,-0.00520737981424,0.0131836635992,-0.00167374825105,-0.00306582683697,0.00325884879567,-0.000320037041092,-0.00315832043998,0.00290730712004],[-0.000440192990936,0.000974736467469,-0.00119364866987,0.00247090123594,-0.000706736929715,0.000762764597312,-0.00167374825105,0.0145522104576,-0.008236319758,0.000550123222638,0.00266725267284,-0.000769634207245,-0.00268777320161],[0.000616964767687,-0.00148353935219,0.00152013462503,-0.00486828852445,0.000410197419114,0.00326065486297,-0.00306582683697,-0.008236319758,0.0236285049468,-0.00931833963841,0.00141346885357,0.00322593748569,-0.00180776801426],[-0.000480398273794,0.00278489454649,-0.001542405691,0.00265428819694,-0.00170597352553,-0.000263574533165,0.00325884879567,0.000550123222638,-0.00931833963841,0.0231702663004,-0.00918890442699,-0.000979055999778,0.00461978139356],[0.000727927021217,-0.00424018362537,0.00178831093945,-0.000781353097409,0.00175714353099,-0.00467976974323,-0.000320037041092,0.00266725267284,0.00141346885357,-0.00918890442699,0.0253949705511,-0.0118029844016,0.000987109262496],[-0.000772112456616,0.00355503638275,-0.00318315066397,0.00105278729461,-0.00145742029417,0.00455624889582,-0.00315832043998,-0.000769634207245,0.00322593748569,-0.000979055999778,-0.0118029844016,0.0324888750911,-0.0135173853487],[0.000421479548095,-0.00231615290977,0.00183436658699,0.000295111880405,0.0000412081826653,-0.00243101781234,0.00290730712004,-0.00268777320161,-0.00180776801426,0.00461978139356,0.000987109262496,-0.0135173853487,0.0258004907519]],"mean":[6.79651641846,64.0397033691,-127.519828796,44.238243103,-55.9285888672,12.2047395706,-38.3592071533,8.10344409943,-25.308423996,1.6268683672,-19.8550949097,-0.600294351578,-11.5944271088]},"hfc":{"dmean":6.44876194,"dmean2":9.64539527893,"dvar":62.8603363037,"dvar2":139.125320435,"max":160.619338989,"mean":25.9258098602,"median":20.4718265533,"min":1.09975773404e-16,"var":452.303100586},"melbands":{"dmean":[0.000518181244843,0.000584265915677,0.000455821951618,0.000229454206419,0.0000951683250605,0.0000962841440924,0.0000774594518589,0.0000466819838039,0.0000529356038896,0.000068742185249,0.0000770689730416,0.000109901819087,0.0000899388833204,0.0000655959520373,0.0000572197750444,0.0000453305547126,0.0000415604554291,0.000040657028876,0.0000315397810482,0.0000295937788906,0.0000267028080998,0.0000180869465112,0.0000153560504259,0.0000142629205584,0.0000104122009361,0.0000105980716398,0.00000844129863253,0.00000771732993599,0.00000669006340104,0.00000504849504068,0.00000408095183957,0.00000322051164403,0.00000257116789726,0.00000196944984054,0.0000015303123746,0.00000128619365114,7.78841467763e-7,6.98957308032e-7,4.85597922761e-7,3.96035915173e-7],"dmean2":[0.000818305183202,0.000954554125201,0.000758200068958,0.000374608760467,0.000156557289301,0.000150213512825,0.000125766368001,0.00007209557225,0.0000820795321488,0.00010875325097,0.000122303783428,0.000174604152562,0.000139513213071,0.000102615027572,0.000092363836302,0.0000740255709388,0.0000680679222569,0.0000652748058201,0.0000513964732818,0.000049125894293,0.0000440794465248,0.0000298716768157,0.0000255693303188,0.0000239053697442,0.0000174112265086,0.0000177987840289,0.0000140023003041,0.0000126641789393,0.0000111928757178,0.00000857626946527,0.00000699279553373,0.00000544449994777,0.0000043442819333,0.00000331075239046,0.00000260010574493,0.00000208827282222,0.00000122453241147,0.00000108507299501,7.35378307581e-7,5.8544304693e-7],"dvar":[0.00000128089914142,0.00000136205085255,6.98524104337e-7,1.69426144225e-7,1.46614311802e-8,2.52537599721e-8,2.0904062481e-8,6.38475894377e-9,9.17961084923e-9,2.40261588402e-8,7.6582075792e-8,1.77417462055e-7,1.95560090788e-7,8.04832609447e-8,4.09507450172e-8,1.96564560184e-8,1.93198079756e-8,1.59827138191e-8,6.80996681268e-9,4.67240335311e-9,2.91631629956e-9,1.49462675569e-9,7.00595470526e-10,6.21204532258e-10,2.3557361617e-10,2.9176122629e-10,1.48560885815e-10,1.61711602442e-10,1.11678867543e-10,5.72842120961e-11,4.46873614501e-11,2.94596083639e-11,1.95964494631e-11,1.18592809184e-11,8.00225771064e-12,5.67524326145e-12,2.0096298757e-12,2.55432675879e-12,1.2940158927e-12,1.28522572359e-12],"dvar2":[0.00000296436701319,0.0000033672945392,0.00000174992931079,4.30829317111e-7,3.89755214769e-8,5.72235414609e-8,5.12070457148e-8,1.49590437815e-8,2.39296475968e-8,6.04179604125e-8,1.75908482447e-7,4.24235878427e-7,4.77362448237e-7,2.029297832e-7,1.06543410539e-7,5.11276461168e-8,5.12093301097e-8,3.99090431813e-8,1.71785590197e-8,1.284038742e-8,7.11234537931e-9,3.12015391302e-9,1.84838877537e-9,1.67046809718e-9,6.15922146618e-10,8.1096251936e-10,3.97890054238e-10,4.24516921615e-10,3.10021786021e-10,1.55845017447e-10,1.24432172899e-10,8.19024084664e-11,5.47410866636e-11,3.24669666152e-11,2.13351437212e-11,1.29954207118e-11,4.06436082706e-12,5.73019019387e-12,2.71935924299e-12,2.16474906577e-12],"max":[0.0119365844876,0.0118268094957,0.0125837214291,0.00776057643816,0.0020135671366,0.00457978574559,0.00401930930093,0.00275105121545,0.00200728350319,0.00360661721788,0.0110612316057,0.011892545037,0.0118013462052,0.0100844614208,0.00827411748469,0.00447751488537,0.00421060202643,0.0042274678126,0.0023790365085,0.00204659905285,0.00211998960003,0.00287811434828,0.000851446820889,0.000651771493722,0.000482035626192,0.000561867374927,0.000209994686884,0.000308501912514,0.000238676788285,0.000149337312905,0.0000970001274254,0.000130934931803,0.000102312165836,0.0000747978119762,0.000094366070698,0.0000977420058916,0.0000886994384928,0.0000925236163312,0.0000508130360686,0.0000798736946308],"mean":[0.000554127909709,0.0007150794263,0.000632248295005,0.000376133888494,0.00018255005125,0.000186926874449,0.000132137967739,0.0000917054712772,0.000104390492197,0.000112864174298,0.000124774931464,0.000168885482708,0.000133530149469,0.0000985034057521,0.0000864308603923,0.0000733339329599,0.0000661177618895,0.0000662505917717,0.0000545219736523,0.0000531048608536,0.0000500618916703,0.0000356430318789,0.0000304019449686,0.0000276809223578,0.000022457788873,0.0000227342316066,0.0000184032687685,0.0000166878489836,0.0000138276454891,0.0000102761514427,0.00000815548446553,0.00000700039345247,0.00000585304087508,0.00000436237314716,0.00000306411629936,0.00000302942430608,0.00000189089337255,0.00000162814922078,0.00000108407948574,8.75440946402e-7],"median":[0.000172253450728,0.00033988582436,0.000368047360098,0.000248187134275,0.000134625472128,0.000108019885374,0.000065289590566,0.0000541436565982,0.0000564118563489,0.000047465251555,0.0000363670915249,0.0000278535280813,0.0000203298750421,0.0000189513848454,0.000020332299755,0.0000221100344788,0.000019897815946,0.0000224461018661,0.000023327414965,0.0000254208698607,0.0000292219501716,0.0000222124181164,0.0000192536135728,0.0000171860283444,0.0000157792983373,0.0000142038188642,0.0000112096940938,0.00000895160701475,0.00000779112997407,0.0000055684677136,0.0000041492235141,0.00000324018355968,0.00000269989277513,0.00000210850726035,0.00000159859371252,0.00000132979323553,9.71355234469e-7,8.00349539531e-7,5.82398513416e-7,4.16132536429e-7],"min":[1.96862684367e-24,1.9775656238e-24,1.88584989395e-24,2.77297111631e-24,1.91246270823e-24,1.83941300511e-24,1.34480234514e-24,2.71352591115e-24,3.86895766003e-24,2.23420238944e-24,3.48089094835e-24,1.39150862997e-24,2.6906645249e-24,2.83788174703e-24,2.5980986002e-24,4.48802059414e-24,4.6707416846e-24,4.24588683903e-24,4.61561371797e-24,4.48242717589e-24,4.6608564686e-24,4.20398964749e-24,6.05552941687e-24,5.22492514799e-24,5.72645806241e-24,5.84201395768e-24,5.71241949374e-24,4.64982267112e-24,4.74884522511e-24,4.91973971288e-24,5.87729891711e-24,5.04648362794e-24,5.88607026152e-24,4.27039556407e-24,5.517568878e-24,6.61309591025e-24,6.19121822574e-24,5.01797853356e-24,6.78797927319e-24,6.04929426028e-24],"var":[0.00000129038448904,0.00000133461560381,7.43960299587e-7,2.05985870139e-7,2.93542736785e-8,7.08553926643e-8,5.00565633388e-8,1.86643998035e-8,2.43406947931e-8,4.8443812517e-8,1.50768514118e-7,3.55019409426e-7,3.92350102629e-7,1.6831739913e-7,7.94562424744e-8,3.87793122059e-8,3.74021880134e-8,3.2248173909e-8,1.34178606004e-8,8.52998383039e-9,7.17709225384e-9,4.45068648602e-9,1.64031455085e-9,1.42626066513e-9,6.14879480665e-10,7.02021996091e-10,4.28630103633e-10,4.81220230331e-10,2.83845696947e-10,1.50314205527e-10,1.06364729524e-10,9.29262430893e-11,6.24784113334e-11,3.25214369323e-11,1.65103677258e-11,2.14274934601e-11,7.6385434436e-12,7.22419173094e-12,3.65630789534e-12,4.83771616516e-12]},"melbands_crest":{"dmean":3.09299087524,"dmean2":5.02278470993,"dvar":8.13307952881,"dvar2":20.0582008362,"max":29.4036922455,"mean":10.9406766891,"median":10.2090606689,"min":1.62014567852,"var":18.8983764648},"melbands_flatness_db":{"dmean":0.0240292139351,"dmean2":0.0383856929839,"dvar":0.000746938458178,"dvar2":0.00188788759988,"max":0.463535696268,"mean":0.125335082412,"median":0.118534773588,"min":0.00372570916079,"var":0.00278613204136},"melbands_kurtosis":{"dmean":3.62074398994,"dmean2":5.70276546478,"dvar":44.0464897156,"dvar2":106.441307068,"max":139.222473145,"mean":5.37594985962,"median":2.2854180336,"min":-1.73939859867,"var":84.3355636597},"melbands_skewness":{"dmean":0.603624761105,"dmean2":0.908282935619,"dvar":0.405539751053,"dvar2":0.890430927277,"max":10.5831298828,"mean":1.794713974,"median":1.57931113243,"min":-1.98893511295,"var":1.63580942154},"melbands_spread":{"dmean":10.052898407,"dmean2":15.7722187042,"dvar":93.4786911011,"dvar2":209.712051392,"max":153.959365845,"mean":44.8635902405,"median":41.599521637,"min":1.91299200058,"var":540.175109863},"mfcc":{"cov":[[8713.71386719,-258.508972168,-369.246704102,35.3706970215,-75.1088485718,152.955474854,-6.71011734009,71.1317443848,-11.6598615646,46.6052436829,-89.6200561523,-104.310180664,-77.577293396],[-258.508972168,841.343200684,-46.5901603699,80.6957397461,29.9416923523,-39.7175369263,37.7160568237,22.3553943634,3.3206384182,-25.0762386322,-4.74206542969,15.1138973236,23.2738933563],[-369.246704102,-46.5901603699,359.033416748,64.0260696411,31.5973358154,1.23040342331,-0.478107184172,-2.74810481071,3.42776608467,-18.4569282532,13.4027767181,16.2935447693,15.8872318268],[35.3706970215,80.6957397461,64.0260696411,264.975982666,53.2295875549,3.05138587952,-48.9800453186,12.9601831436,25.0849285126,2.0449719429,-1.68584096432,35.9013252258,10.7611293793],[-75.1088485718,29.9416923523,31.5973358154,53.2295875549,120.071136475,14.8734502792,9.69047260284,2.49730587006,14.7949733734,1.97308301926,8.56039142609,4.78942584991,3.00680494308],[152.955474854,-39.7175369263,1.23040342331,3.05138587952,14.8734502792,127.844039917,48.5078277588,5.2862944603,-22.266626358,0.968909978867,7.83756065369,-1.35657715797,-3.90853476524],[-6.71011734009,37.7160568237,-0.478107184172,-48.9800453186,9.69047260284,48.5078277588,104.037132263,29.464723587,-8.54634284973,-4.23799228668,5.59673404694,-8.82829761505,0.0261626876891],[71.1317443848,22.3553943634,-2.74810481071,12.9601831436,2.49730587006,5.2862944603,29.464723587,76.7728118896,32.5217323303,5.49031448364,-3.59888553619,-1.37942814827,-0.242118731141],[-11.6598615646,3.3206384182,3.42776608467,25.0849285126,14.7949733734,-22.266626358,-8.54634284973,32.5217323303,77.9599456787,29.4770355225,-3.68989038467,0.497341513634,4.52678489685],[46.6052436829,-25.0762386322,-18.4569282532,2.0449719429,1.97308301926,0.968909978867,-4.23799228668,5.49031448364,29.4770355225,64.405960083,25.6553268433,-1.71772265434,-6.20733880997],[-89.6200561523,-4.74206542969,13.4027767181,-1.68584096432,8.56039142609,7.83756065369,5.59673404694,-3.59888553619,-3.68989038467,25.6553268433,63.2400970459,22.0897827148,-1.10862696171],[-104.310180664,15.1138973236,16.2935447693,35.9013252258,4.78942584991,-1.35657715797,-8.82829761505,-1.37942814827,0.497341513634,-1.71772265434,22.0897827148,61.3300743103,24.6913452148],[-77.577293396,23.2738933563,15.8872318268,10.7611293793,3.00680494308,-3.90853476524,0.0261626876891,-0.242118731141,4.52678489685,-6.20733880997,-1.10862696171,24.6913452148,53.5673828125]],"icov":[[0.000130930362502,0.0000378422446374,0.000124603480799,-0.0000749100581743,0.0000597039179411,-0.000163391479873,0.0000839476924739,-0.000164855708135,0.00010969084542,-0.000129686013679,0.000166463971254,0.000139594820212,0.0000500110218127],[0.0000378422446374,0.00142626452725,0.000419965072069,-0.000784636416938,-0.000109690998215,0.000910656934138,-0.00123345141765,0.0000117016561489,0.000113280118967,0.00058820733102,-0.000257115898421,0.00022514880402,-0.000509062490892],[0.000124603480799,0.000419965072069,0.00334161985666,-0.00106052530464,-0.000267032766715,0.000175972352736,-0.000634052441455,0.000385796563933,-0.000646322732791,0.00181580439676,-0.00147294555791,0.000709491607267,-0.00084263831377],[-0.0000749100581743,-0.000784636416938,-0.00106052530464,0.00616765767336,-0.002362213796,-0.00173831440043,0.00432868255302,-0.00204795808531,-0.000272248958936,-0.000810302444734,0.00184592057485,-0.00359879806638,0.00092846842017],[0.0000597039179411,-0.000109690998215,-0.000267032766715,-0.002362213796,0.0102481720969,-0.000959682045504,-0.00212400173768,0.0021118032746,-0.00332038826309,0.00175914855208,-0.00232366519049,0.00149623549078,-0.000200141483219],[-0.000163391479873,0.000910656934138,0.000175972352736,-0.00173831440043,-0.000959682045504,0.0115047739819,-0.00633310200647,0.00038750746171,0.0037592840381,-0.00175501243211,0.0000718127994332,-0.000279870000668,0.000172324347659],[0.0000839476924739,-0.00123345141765,-0.000634052441455,0.00432868255302,-0.00212400173768,-0.00633310200647,0.0179017018527,-0.00791664421558,0.00237499014474,0.000495416403282,-0.00128405343276,0.00146979792044,-0.00125880737323],[-0.000164855708135,0.0000117016561489,0.000385796563933,-0.00204795808531,0.0021118032746,0.00038750746171,-0.00791664421558,0.0206468999386,-0.0104281995445,0.0030869608745,-0.000600100145675,-0.000183315569302,0.00137112685479],[0.00010969084542,0.000113280118967,-0.000646322732791,-0.000272248958936,-0.00332038826309,0.0037592840381,0.00237499014474,-0.0104281995445,0.0247827284038,-0.0133837694302,0.00671999761835,-0.00117201672401,-0.00219749286771],[-0.000129686013679,0.00058820733102,0.00181580439676,-0.000810302444734,0.00175914855208,-0.00175501243211,0.000495416403282,0.0030869608745,-0.0133837694302,0.0282841045409,-0.0146196223795,0.00554973166436,0.000515668711159],[0.000166463971254,-0.000257115898421,-0.00147294555791,0.00184592057485,-0.00232366519049,0.0000718127994332,-0.00128405343276,-0.000600100145675,0.00671999761835,-0.0146196223795,0.0276008639485,-0.0126530006528,0.00469390628859],[0.000139594820212,0.00022514880402,0.000709491607267,-0.00359879806638,0.00149623549078,-0.000279870000668,0.00146979792044,-0.000183315569302,-0.00117201672401,0.00554973166436,-0.0126530006528,0.0280110705644,-0.0119202192873],[0.0000500110218127,-0.000509062490892,-0.00084263831377,0.00092846842017,-0.000200141483219,0.000172324347659,-0.00125880737323,0.00137112685479,-0.00219749286771,0.000515668711159,0.00469390628859,-0.0119202192873,0.0248928014189]],"mean":[-624.455383301,89.1465301514,-9.97363948822,29.8084163666,3.58956336975,5.81293392181,-1.8241147995,3.01242542267,0.0410907827318,1.90494513512,-3.69635152817,-1.43456578255,-2.91356873512]},"pitch_salience":{"dmean":0.0671812817454,"dmean2":0.110424339771,"dvar":0.00375066651031,"dvar2":0.0097772879526,"max":0.894305765629,"mean":0.611912071705,"median":0.62162733078,"min":0.182000771165,"var":0.00847336091101},"silence_rate_20dB":{"dmean":0,"dmean2":0,"dvar":0,"dvar2":0,"max":1,"mean":1,"median":1,"min":1,"var":0},"silence_rate_30dB":{"dmean":0,"dmean2":0,"dvar":0,"dvar2":0,"max":1,"mean":1,"median":1,"min":1,"var":0},"silence_rate_60dB":{"dmean":0.0202859342098,"dmean2":0.0405757911503,"dvar":0.0198748596013,"dvar2":0.0480123087764,"max":1,"mean":0.0691586956382,"median":0,"min":0,"var":0.0643822103739},"spectral_centroid":{"dmean":247.521392822,"dmean2":395.525360107,"dvar":67470.890625,"dvar2":151813.75,"max":11668.4921875,"mean":2135.78051758,"median":2105.82958984,"min":247.324676514,"var":693115.1875},"spectral_complexity":{"dmean":4.36437416077,"dmean2":6.82948493958,"dvar":19.1819496155,"dvar2":42.5133247375,"max":57,"mean":25.2942142487,"median":26,"min":0,"var":151.803649902},"spectral_contrast_coeffs":{"dmean":[0.0502127967775,0.0443144142628,0.0408829934895,0.0338018834591,0.0225295145065,0.0206712242216],"dmean2":[0.0829049795866,0.0737489461899,0.0668630227447,0.0558629631996,0.03755864501,0.0352318622172],"dvar":[0.00180102779996,0.00123376073316,0.00118045264389,0.000810471188743,0.000423086894443,0.000429596431786],"dvar2":[0.00486972182989,0.00342031591572,0.00307942577638,0.00216294778511,0.00117776973639,0.00118811777793],"max":[-0.351816654205,-0.477231442928,-0.389442414045,-0.460087805986,-0.5855640769,-0.603009462357],"mean":[-0.665183365345,-0.757929742336,-0.772806584835,-0.772222459316,-0.789785206318,-0.740562677383],"median":[-0.665965199471,-0.759957909584,-0.786434531212,-0.776984870434,-0.789917230606,-0.739245593548],"min":[-0.979094684124,-0.97167879343,-0.976974129677,-0.972684264183,-0.968478679657,-0.963932931423],"var":[0.00480568874627,0.0037152285222,0.00579584902152,0.00352008757181,0.00170030968729,0.0017163377488]},"spectral_contrast_valleys":{"dmean":[0.408080548048,0.379805445671,0.347166001797,0.309917122126,0.252260684967,0.318471342325],"dmean2":[0.641248464584,0.63510799408,0.569174110889,0.510501623154,0.392541855574,0.49046126008],"dvar":[0.140107691288,0.119522318244,0.119422927499,0.126023799181,0.116215974092,0.197629645467],"dvar2":[0.290761828423,0.292333483696,0.29105335474,0.308303922415,0.262906491756,0.496663719416],"max":[-5.49640130997,-5.34148454666,-5.53138971329,-5.61808538437,-5.58087491989,-7.41011571884],"mean":[-7.49134254456,-7.00896024704,-7.46476125717,-7.57246017456,-7.10649251938,-9.84942054749],"median":[-7.31030464172,-6.78375720978,-7.22562551498,-7.29964733124,-6.82230043411,-9.55423641205],"min":[-27.99243927,-27.796792984,-27.6626205444,-27.6107635498,-27.5390548706,-27.4034786224],"var":[2.6722471714,2.64508390427,2.65386986732,2.6787853241,2.76241016388,2.45863485336]},"spectral_decrease":{"dmean":1.48378520581e-9,"dmean2":2.18797979734e-9,"dvar":3.80184906752e-18,"dvar2":7.86290676051e-18,"max":1.57195702064e-28,"mean":-4.29324620299e-9,"median":-3.35229866089e-9,"min":-2.33837749164e-8,"var":1.15907897512e-17},"spectral_energy":{"dmean":0.00603813398629,"dmean2":0.00887389853597,"dvar":0.0000607638612564,"dvar2":0.000125172402477,"max":0.0983665362,"mean":0.0185552276671,"median":0.0148424338549,"min":1.01227633022e-20,"var":0.000205846794415},"spectral_energyband_high":{"dmean":0.000469169404823,"dmean2":0.000730149680749,"dvar":4.34148716977e-7,"dvar2":0.00000104425851077,"max":0.0184891689569,"mean":0.00151169952005,"median":0.000928988854866,"min":6.88851134092e-21,"var":0.00000255597001342},"spectral_energyband_low":{"dmean":0.00281965686008,"dmean2":0.00428125588223,"dvar":0.0000267364684987,"dvar2":0.0000580677697144,"max":0.0533839017153,"mean":0.00388098857366,"median":0.00193025823683,"min":2.60453440357e-23,"var":0.0000334430915245},"spectral_energyband_middle_high":{"dmean":0.00266758119687,"dmean2":0.00410103378817,"dvar":0.0000264886111836,"dvar2":0.0000629953065072,"max":0.0903754159808,"mean":0.00782165769488,"median":0.0045679397881,"min":1.22460000234e-21,"var":0.000100293655123},"spectral_energyband_middle_low":{"dmean":0.00251696421765,"dmean2":0.00400668848306,"dvar":0.0000135145683089,"dvar2":0.0000329469366989,"max":0.0640193298459,"mean":0.00597321568057,"median":0.00478436378762,"min":1.56913155695e-22,"var":0.0000240566805587},"spectral_entropy":{"dmean":0.127633437514,"dmean2":0.202020034194,"dvar":0.0299111288041,"dvar2":0.0785589367151,"max":9.82050704956,"mean":7.90611362457,"median":7.94901943207,"min":5.38837480545,"var":0.0957543477416},"spectral_flux":{"dmean":0.0181573759764,"dmean2":0.0272150523961,"dvar":0.000416762166424,"dvar2":0.000844587921165,"max":0.224681213498,"mean":0.0741665959358,"median":0.0689903497696,"min":6.50391684953e-11,"var":0.0014706189977},"spectral_kurtosis":{"dmean":1.08298110962,"dmean2":1.87626028061,"dvar":5.14955186844,"dvar2":14.6594867706,"max":69.3354034424,"mean":3.23918819427,"median":2.94646143913,"min":-1.26803541183,"var":4.50944852829},"spectral_rms":{"dmean":0.000645417312626,"dmean2":0.000929409463424,"dvar":4.88610965022e-7,"dvar2":9.2965984777e-7,"max":0.00979629252106,"mean":0.00392871722579,"median":0.00380531512201,"min":3.14258905357e-12,"var":0.00000266786946668},"spectral_rolloff":{"dmean":600.510559082,"dmean2":981.537719727,"dvar":632672.5625,"dvar2":1465443.875,"max":19595.2148438,"mean":2832.04980469,"median":2583.984375,"min":107.666015625,"var":3550337},"spectral_skewness":{"dmean":0.174273893237,"dmean2":0.288812637329,"dvar":0.06419377774,"dvar2":0.169053688645,"max":7.33321619034,"mean":1.21121680737,"median":1.1910456419,"min":-0.0615194998682,"var":0.111205928028},"spectral_spread":{"dmean":451553.625,"dmean2":677197.5625,"dvar":389034147840,"dvar2":731735654400,"max":42656108,"mean":4669285,"median":4414411.5,"min":1496116.625,"var":6426865958910},"spectral_strongpeak":{"dmean":0.72746104002,"dmean2":1.23016488552,"dvar":1.46700847149,"dvar2":3.64946961403,"max":18.3702812195,"mean":1.1198631525,"median":0.350813388824,"min":0,"var":2.99544358253},"zerocrossingrate":{"dmean":0.00986128114164,"dmean2":0.0116891255602,"dvar":0.000103846294223,"dvar2":0.000125979437144,"max":0.52880859375,"mean":0.0939001217484,"median":0.08642578125,"min":0.0078125,"var":0.00214544869959}},"metadata":{"audio_properties":{"analysis_sample_rate":44100,"bit_rate":0,"codec":"flac","downmix":"mix","equal_loudness":0,"length":240.36000061,"lossless":true,"md5_encoded":"65b88f00706a3b5b68948b3b41c4dcd5","replay_gain":-13.4989566803,"sample_rate":44100},"tags":{"acoustid_id":["19f3706d-98cc-4a6d-af20-7d5375dbc1b8"],"album":["The Platinum Collection"],"albumartist":["Blondie"],"albumartistsort":["Blondie"],"artist":["Blondie"],"artistsort":["Blondie"],"catalognumber":["D 206364"],"date":["1994-11-01"],"discnumber":["2"],"disctotal":["2"],"file_name":"706d98cc4a6daf207d5375dbc1b8.flac","isrc":["USCH38200006"],"label":["Chrysalis"],"media":["CD"],"musicbrainz_albumartistid":["4d2956d1-a3f7-44bb-9a41-67563e1a0c94"],"musicbrainz_albumid":["147e41b3-ba17-4b34-a825-6ad520a76619"],"musicbrainz_artistid":["4d2956d1-a3f7-44bb-9a41-67563e1a0c94"],"musicbrainz_recordingid":["64e48e94-bf76-45cd-b6d9-d3d01f8222ec"],"musicbrainz_releasegroupid":["a3ade7bd-1216-3786-8d21-f5de595a393c"],"musicbrainz_releasetrackid":["095bd98b-c052-3dd5-a295-e2ad73345b63"],"originaldate":["1994-11-01"],"originalyear":["1994"],"releasecountry":["US"],"releasestatus":["official"],"releasetype":["album","compilation"],"script":["Latn"],"title":["War Child"],"totaldiscs":["2"],"totaltracks":["21"],"tracknumber":["13"],"tracktotal":["21"]},"version":{"essentia":"2.1-beta2","essentia_build_sha":"2d9f1f26377add8aeb1075a9c2973f962c4f09fd","essentia_git_sha":"v2.1_beta2-1-ge3940c0","extractor":"music 1.0"}},"rhythm":{"beats_count":514,"beats_loudness":{"dmean":0.0129616009071,"dmean2":0.0220485106111,"dvar":0.00012495869305,"dvar2":0.000371554662706,"max":0.0929777100682,"mean":0.0314804986119,"median":0.0311420336366,"min":0,"var":0.000276901875623},"beats_loudness_band_ratio":{"dmean":[0.213377505541,0.0669668018818,0.0609268806875,0.108264356852,0.0836280658841,0.0595223978162],"dmean2":[0.363854289055,0.119234189391,0.106023997068,0.176978781819,0.141545683146,0.10422539711],"d