{"lowlevel":{"average_loudness":0.649641513824,"barkbands":{"dmean":[0.0167195163667,0.027064519003,0.00404580263421,0.0023447307758,0.00160192744806,0.000852703407872,0.000813615857624,0.00047154960339,0.000382363825338,0.000598570273723,0.00039159427979,0.000833703263197,0.000741920841392,0.000552319281269,0.000321815663483,0.000296572834486,0.000351651950041,0.000166264231666,0.000132310233312,0.0000875865589478,0.0000691875102348,0.0000581085878366,0.0000509019810124,0.0000161592979566,0.00000362670766663,0.0000744472272345,0.0005528179463],"dmean2":[0.0256555248052,0.0436345338821,0.00687947450206,0.00400596205145,0.00269895093516,0.00141202891245,0.00131035107188,0.000768542464357,0.000619323924184,0.000971472240053,0.000634359370451,0.00135749124456,0.0012120368192,0.000908228044864,0.0005302267964,0.000499990477692,0.000589290866628,0.00026834156597,0.000211036516703,0.000137734779855,0.000101960664324,0.000080131154391,0.0000708288425812,0.0000239096589212,0.00000583038035984,0.000104746002762,0.000840761524159],"dvar":[0.000750694423914,0.0019013453275,0.0000305623325403,0.0000139268022394,0.00000977377931122,0.00000677555544826,0.00000679853428665,0.00000333986531587,0.00000156761495873,0.00000390691457142,0.00000226067004405,0.00000522706886841,0.00000252186896432,0.00000192748848349,3.82501099239e-7,1.64464807995e-7,1.58841302778e-7,7.31232958628e-8,5.20278646832e-8,2.38464306079e-8,9.73692948492e-9,9.61142454514e-9,1.15161977732e-8,9.94329285575e-10,4.1001316925e-11,2.25927809794e-8,4.10103154991e-7],"dvar2":[0.00163459288888,0.00463702343404,0.0000825590686873,0.0000370873458451,0.000025351640943,0.0000178146692633,0.0000166568297573,0.00000835810169519,0.00000384322629543,0.00000935124990065,0.00000568460973227,0.0000123853160403,0.00000624578706265,0.0000045391502681,8.38321852825e-7,4.41216513991e-7,4.27677861126e-7,1.81208449135e-7,1.28680824218e-7,5.87508495187e-8,2.03776835406e-8,1.77090875297e-8,2.16892264149e-8,2.24846297137e-9,9.63455357161e-11,4.53510580201e-8,9.55072096076e-7],"max":[0.289849221706,0.592856884003,0.0881948769093,0.0952399671078,0.128288045526,0.0741839110851,0.0794286578894,0.0703492760658,0.050836160779,0.0875141769648,0.0486015230417,0.0931046903133,0.0442373268306,0.0519886128604,0.0281674265862,0.0121531346813,0.0107973888516,0.00745071936399,0.00721848523244,0.00597845204175,0.00259691104293,0.00236679473892,0.00312145194039,0.000585665984545,0.000102807636722,0.00458052428439,0.0239791870117],"mean":[0.0159331578761,0.0302660092711,0.00485822046176,0.00271134776995,0.00213675270788,0.00112682406325,0.00109094008803,0.000622132967692,0.000536395702511,0.000804855488241,0.000534917169716,0.00127764907666,0.00125592609402,0.000979408505373,0.000557738589123,0.000566970498767,0.000783026975114,0.000330645882059,0.000279943080386,0.000205205287784,0.000177187554073,0.000128441286506,0.0000883839747985,0.0000235160059674,0.00000386911870009,0.000118188509077,0.00232949550264],"median":[0.00291095301509,0.0142835173756,0.00301191676408,0.00144043611363,0.00118263764307,0.000457515154267,0.000244745140662,0.0002101650025,0.000181003953912,0.000263970025117,0.000171031046193,0.000531356257852,0.000605227309279,0.000527555006556,0.000344508211128,0.000402171193855,0.000656916585285,0.000187618512427,0.000168229089468,0.00013397555449,0.000119901400467,0.0000615761600784,0.0000214342308027,0.00000650129777569,0.00000157247870902,0.0000238855172938,0.00202730880119],"min":[1.30556148492e-23,2.6167073162e-23,8.37227797477e-23,5.47914007121e-23,3.39521000442e-23,1.23231496101e-22,5.07444180505e-23,7.58285603168e-23,9.16324608525e-23,1.65749032077e-23,5.35215366031e-23,1.17902305235e-22,2.50677686693e-23,1.03740680576e-22,2.00360080257e-22,8.64491398342e-23,1.48917034367e-22,2.40573949908e-22,4.08010270264e-22,2.99426810457e-22,3.73111442471e-22,3.62945461405e-22,3.71510168429e-22,8.48423462906e-22,1.4057791127e-21,1.76198255229e-21,2.51121270122e-21],"var":[0.00084736244753,0.0020654106047,0.000034024422348,0.0000174355118361,0.0000133528719743,0.00000891323725227,0.000012280401279,0.00000450164498034,0.00000258907130046,0.00000523311609868,0.00000268587086794,0.00000866498157848,0.00000477183311887,0.00000347626678376,8.40692962356e-7,3.16552529966e-7,3.2961895613e-7,1.76545441377e-7,1.24230496112e-7,5.9677994102e-8,3.50292808093e-8,3.41549721838e-8,3.40477050997e-8,1.76790604378e-9,4.60638367727e-11,5.55838433058e-8,0.00000234163076129]},"barkbands_crest":{"dmean":3.67131996155,"dmean2":5.96157884598,"dvar":9.1063041687,"dvar2":22.1309833527,"max":26.6118412018,"mean":11.5747480392,"median":11.2956438065,"min":2.82335090637,"var":20.6603755951},"barkbands_flatness_db":{"dmean":0.0320616997778,"dmean2":0.0493263453245,"dvar":0.000786948367022,"dvar2":0.00178300484549,"max":0.35471829772,"mean":0.133561179042,"median":0.127953246236,"min":0.0290484260768,"var":0.00207710918039},"barkbands_kurtosis":{"dmean":6.91590213776,"dmean2":10.9742908478,"dvar":160.411361694,"dvar2":400.353393555,"max":212.578552246,"mean":7.57327365875,"median":3.17209196091,"min":-1.78127646446,"var":192.806900024},"barkbands_skewness":{"dmean":0.981497645378,"dmean2":1.47000741959,"dvar":1.05084431171,"dvar2":2.35785269737,"max":13.1922254562,"mean":2.30732131004,"median":1.9818880558,"min":-2.06106543541,"var":2.47902655602},"barkbands_spread":{"dmean":14.3720407486,"dmean2":21.5305213928,"dvar":154.954330444,"dvar2":304.084655762,"max":112.244308472,"mean":43.936668396,"median":41.8456611633,"min":1.6116399765,"var":484.259918213},"dissonance":{"dmean":0.00872869696468,"dmean2":0.0150497928262,"dvar":0.0000856135884533,"dvar2":0.000240788809606,"max":0.500000119209,"mean":0.487250506878,"median":0.490177422762,"min":0.380990564823,"var":0.000116996525321},"dynamic_complexity":2.30057549477,"erbbands":{"dmean":[1.15746414661,5.03745794296,5.86022233963,5.7744679451,7.01630592346,4.96487617493,4.79441642761,8.30352210999,10.7783622742,11.0257492065,10.1141939163,8.55954647064,16.7499809265,15.8166799545,15.1144666672,35.8709220886,33.6627388,26.9738521576,21.6790904999,13.4869194031,16.6275215149,18.3775806427,9.53173732758,7.25219154358,5.89255952835,4.15512800217,3.2765417099,2.37865376472,2.08153915405,1.87726414204,1.40526819229,0.55746370554,0.171300828457,0.044855967164,0.026087615639,0.0497030653059,0.15469622612,0.125036433339,0.037443690002,0.0139522356912],"dmean2":[1.91059601307,8.13799095154,9.66698551178,9.81467914581,11.9369249344,8.37554740906,7.97988414764,13.8653059006,17.6647663116,17.9531822205,16.2707557678,13.8396234512,27.2807636261,25.299785614,23.9906482697,58.1567764282,54.6854019165,43.9706954956,35.6459159851,22.4470710754,27.5334243774,30.7568016052,15.3858566284,11.5328235626,9.28049182892,6.54127073288,4.93731975555,3.43816113472,2.89458942413,2.60511779785,1.9736045599,0.80764734745,0.251029372215,0.0706484019756,0.0417036488652,0.0733239576221,0.219724282622,0.163092166185,0.0511647462845,0.0212082974613],"dvar":[3.33356571198,83.9243087769,84.2053756714,67.0310211182,171.08732605,110.114189148,189.133743286,717.262329102,1144.89196777,1880.40563965,1091.44006348,879.219604492,3609.97851562,2674.34399414,2559.1809082,10024.9511719,4785.16552734,3700.22607422,2722.02416992,490.558105469,431.285949707,447.426177979,234.578643799,162.205764771,100.601425171,54.3918914795,22.8065643311,12.5119113922,11.9976243973,13.6798305511,9.17800521851,1.30177211761,0.088462240994,0.00548581546172,0.00207271752879,0.00739992596209,0.0961082652211,0.0523431748152,0.0024262489751,0.000218830391532],"dvar2":[8.58221435547,197.535247803,206.722351074,179.601638794,433.421508789,288.52633667,491.33493042,1934.95336914,2847.47412109,4692.47412109,2690.04174805,2162.87573242,8990.29394531,6546.50683594,6030.07128906,23907.2929688,11737.4169922,8614.02539062,6402.37988281,1227.94226074,1143.74108887,1216.25390625,591.264282227,399.665283203,241.627746582,134.750793457,51.4970855713,25.4407615662,22.751039505,26.5169219971,17.5700626373,2.84369635582,0.190164208412,0.0126458909363,0.00484715308994,0.015755739063,0.199348136783,0.0935780704021,0.00435297656804,0.000502834562212],"max":[19.0302886963,126.988014221,128.807266235,167.746337891,382.410705566,492.235565186,674.511474609,824.131896973,1298.76623535,1911.21252441,1217.55419922,1410.96362305,3476.43481445,1689.19836426,1787.38537598,4736.97509766,1767.47924805,2268.20629883,2554.9440918,1015.47607422,729.790893555,596.002624512,390.391113281,450.698730469,271.975799561,296.603790283,177.290679932,118.197540283,80.9719314575,99.6811065674,84.9154510498,23.2916164398,6.0274977684,1.20847713947,0.768003940582,2.10341119766,8.92740249634,7.15366601944,1.21442317963,0.415772289038],"mean":[1.19457411766,5.52264165878,7.34947872162,7.55236291885,8.580991745,6.45974874496,6.42836093903,10.5521650314,14.4161510468,14.8366565704,14.3812885284,12.3355560303,22.2631607056,23.2376308441,24.1040096283,57.6185951233,60.9361724854,50.2624931335,41.1255912781,25.5861568451,36.68019104,42.122833252,20.3784484863,15.4445486069,13.075304985,9.8979139328,8.17296981812,5.92094516754,4.70335769653,3.4881696701,2.37327194214,0.852856934071,0.255918681622,0.0551100373268,0.0290375631303,0.0722792893648,0.240221232176,0.266309291124,0.135274127126,0.0644819438457],"median":[0.502090215683,2.4250099659,4.20981216431,4.77815580368,4.47190570831,3.56449341774,3.0916531086,4.09314537048,3.86490797997,3.56806278229,5.32907867432,4.23149585724,7.58270072937,6.91354799271,9.61011695862,24.1777877808,30.3390960693,27.8397464752,23.8536739349,16.413312912,29.0444087982,35.2987709045,12.7156066895,9.04621601105,8.17696094513,6.51706314087,5.62383794785,3.78194141388,2.36699485779,1.13047099113,0.539774179459,0.205795288086,0.0823724344373,0.0261333640665,0.0127945458516,0.0229219049215,0.0477600097656,0.105504624546,0.100715570152,0.0568063594401],"min":[9.58810069416e-22,5.90029627301e-21,6.65751081511e-20,2.02380761628e-19,7.59093696123e-20,9.64436630299e-20,8.8975610211e-19,6.82974545753e-19,4.69802450477e-19,1.37754823164e-18,1.63368812044e-18,2.79029031002e-18,8.47557793353e-19,9.83432858915e-19,2.338596756e-18,5.25681302929e-18,1.97666553334e-18,4.70113997715e-18,6.21703447644e-18,1.03567413292e-17,4.95272613328e-18,8.30391562255e-18,9.99659350799e-18,1.73887526091e-17,2.29781840617e-17,1.6088140136e-17,1.28788274246e-17,1.34515565274e-17,1.1570559395e-17,1.42751802633e-17,1.07625288408e-17,1.71036747371e-17,1.40693727638e-17,1.37090247649e-17,1.05870011148e-17,6.43365198576e-18,3.08460220594e-18,1.2038533311e-18,3.26345990258e-19,4.09048438479e-20],"var":[3.15312671661,93.8915939331,100.380271912,88.5789108276,215.91696167,146.752990723,270.547637939,848.304992676,1851.46765137,2712.06103516,1709.93054199,1390.02233887,4394.27246094,3977.67773438,3669.38134766,17219.0488281,9788.34765625,6929.04638672,5514.49902344,1209.99743652,913.190734863,953.479797363,555.541442871,390.682617188,251.337005615,135.974029541,70.1507873535,46.1023139954,43.0579071045,39.9075965881,26.0033531189,2.70323181152,0.180922284722,0.00703529873863,0.00237477687187,0.0141987092793,0.216656878591,0.181221425533,0.014293462038,0.00140552478842]},"erbbands_crest":{"dmean":1.95862054825,"dmean2":3.29448866844,"dvar":3.78373622894,"dvar2":9.68424320221,"max":30.7332286835,"mean":6.8592672348,"median":6.15990829468,"min":2.26349282265,"var":8.61564540863},"erbbands_flatness_db":{"dmean":0.0181388705969,"dmean2":0.0268670134246,"dvar":0.000255237449892,"dvar2":0.00052802573191,"max":0.275665253401,"mean":0.117594227195,"median":0.114194266498,"min":0.0384228415787,"var":0.00119206751697},"erbbands_kurtosis":{"dmean":0.952178359032,"dmean2":1.54588985443,"dvar":1.12278294563,"dvar2":2.71018314362,"max":31.1647605896,"mean":0.843390524387,"median":0.522083044052,"min":-1.63366377354,"var":2.72977018356},"erbbands_skewness":{"dmean":0.304322749376,"dmean2":0.488126426935,"dvar":0.0736690536141,"dvar2":0.180701225996,"max":2.66900110245,"mean":-0.541259586811,"median":-0.600056231022,"min":-2.7525036335,"var":0.287307739258},"erbbands_spread":{"dmean":8.54477310181,"dmean2":13.5207710266,"dvar":59.2115592957,"dvar2":144.701461792,"max":95.9732971191,"mean":35.0504302979,"median":33.4788742065,"min":3.12884521484,"var":193.506591797},"gfcc":{"cov":[[8894.2265625,324.930480957,171.435333252,188.968856812,-157.079040527,103.706977844,159.151412964,-166.451263428,40.5217018127,-13.5684776306,-52.9956626892,135.486801147,-213.147140503],[324.930480957,801.678466797,-138.235870361,-213.916595459,229.988189697,-165.240570068,31.6899757385,-24.1733283997,7.45891237259,-33.5833244324,64.6494674683,-107.113792419,120.58984375],[171.435333252,-138.235870361,242.332580566,133.886001587,-87.7380218506,112.834228516,-58.3504562378,61.6500511169,-6.39484357834,25.7480621338,-21.2088451385,39.5990333557,-37.491104126],[188.968856812,-213.916595459,133.886001587,280.972930908,21.1603813171,19.90583992,50.4920883179,-2.76925802231,10.9483880997,12.0495538712,-31.8180923462,31.4801959991,-44.5707359314],[-157.079040527,229.988189697,-87.7380218506,21.1603813171,249.520706177,-54.9052085876,43.5849647522,-22.3108539581,3.31999206543,-29.6739807129,18.2016410828,-50.2473678589,55.0865364075],[103.706977844,-165.240570068,112.834228516,19.90583992,-54.9052085876,194.590499878,-37.2573204041,46.305770874,-18.5612506866,8.03430843353,-14.6856803894,38.2203369141,-26.6989345551],[159.151412964,31.6899757385,-58.3504562378,50.4920883179,43.5849647522,-37.2573204041,159.657867432,-36.7583656311,30.0563240051,-1.35496532917,-14.7181158066,6.00308227539,-18.7085266113],[-166.451263428,-24.1733283997,61.6500511169,-2.76925802231,-22.3108539581,46.305770874,-36.7583656311,117.460899353,8.80134296417,18.7917137146,9.8303937912,-12.3076963425,18.7095680237],[40.5217018127,7.45891237259,-6.39484357834,10.9483880997,3.31999206543,-18.5612506866,30.0563240051,8.80134296417,73.8352584839,27.756061554,4.16091060638,10.5800142288,-19.6668720245],[-13.5684776306,-33.5833244324,25.7480621338,12.0495538712,-29.6739807129,8.03430843353,-1.35496532917,18.7917137146,27.756061554,66.6282348633,22.7346534729,8.73828125,-1.572884202],[-52.9956626892,64.6494674683,-21.2088451385,-31.8180923462,18.2016410828,-14.6856803894,-14.7181158066,9.8303937912,4.16091060638,22.7346534729,53.4269523621,7.08779668808,23.1825504303],[135.486801147,-107.113792419,39.5990333557,31.4801959991,-50.2473678589,38.2203369141,6.00308227539,-12.3076963425,10.5800142288,8.73828125,7.08779668808,71.5849227905,-17.564157486],[-213.147140503,120.58984375,-37.491104126,-44.5707359314,55.0865364075,-26.6989345551,-18.7085266113,18.7095680237,-19.6668720245,-1.572884202,23.1825504303,-17.564157486,85.2328262329]],"icov":[[0.000175850305823,-0.000684703583829,0.000779926311225,-0.000824110524263,0.000536634994205,-0.000485335942358,0.000318932259688,-0.000128595318529,0.0002724234364,-0.000302023108816,0.000523446360603,-0.000726542202756,0.000685176404659],[-0.000684703583829,0.00949682015926,-0.0129905231297,0.0118048461154,-0.00685391528532,0.00618914794177,-0.00645308336243,0.00466438615695,-0.00452454481274,0.00586551893502,-0.00924105104059,0.00984049867839,-0.00715595064685],[0.000779926311225,-0.0129905231297,0.0312444828451,-0.0225531570613,0.0114178601652,-0.0120667219162,0.013749063015,-0.010728854686,0.0071909436956,-0.0105039440095,0.0154044395313,-0.0155332069844,0.0105677777901],[-0.000824110524263,0.0118048461154,-0.0225531570613,0.0235829204321,-0.012927277945,0.0111113144085,-0.0109207164496,0.00516374548897,-0.00242872093804,0.00361802568659,-0.00657802959904,0.00741284014657,-0.00522284116596],[0.000536634994205,-0.00685391528532,0.0114178601652,-0.012927277945,0.0148781975731,-0.00782202556729,0.00339516904205,0.000319264363497,-0.00276171369478,0.00343749136664,-0.00142415903974,0.0021681485232,-0.00182920449879],[-0.000485335942358,0.00618914794177,-0.0120667219162,0.0111113144085,-0.00782202556729,0.0145450010896,-0.00407721893862,-0.00168388162274,0.00315399491228,-0.00017101688718,-0.000287334696623,-0.00163159659132,0.0000852063822094],[0.000318932259688,-0.00645308336243,0.013749063015,-0.0109207164496,0.00339516904205,-0.00407721893862,0.0148215703666,-0.0034291355405,0.00109783583321,-0.00593267846853,0.0105127468705,-0.00930093135685,0.0061669331044],[-0.000128595318529,0.00466438615695,-0.010728854686,0.00516374548897,0.000319264363497,-0.00168388162274,-0.0034291355405,0.0185976400971,-0.010070768185,0.00639066100121,-0.0111561249942,0.014694464393,-0.0106521202251],[0.0002724234364,-0.00452454481274,0.0071909436956,-0.00242872093804,-0.00276171369478,0.00315399491228,0.00109783583321,-0.010070768185,0.0280431117862,-0.0167615711689,0.0121095543727,-0.0155369732529,0.013866243884],[-0.000302023108816,0.00586551893502,-0.0105039440095,0.00361802568659,0.00343749136664,-0.00017101688718,-0.00593267846853,0.00639066100121,-0.0167615711689,0.0338729433715,-0.0242708511651,0.0159305427223,-0.0101208668202],[0.000523446360603,-0.00924105104059,0.0154044395313,-0.00657802959904,-0.00142415903974,-0.000287334696623,0.0105127468705,-0.0111561249942,0.0121095543727,-0.0242708511651,0.0475726425648,-0.0258160512894,0.00739344209433],[-0.000726542202756,0.00984049867839,-0.0155332069844,0.00741284014657,0.0021681485232,-0.00163159659132,-0.00930093135685,0.014694464393,-0.0155369732529,0.0159305427223,-0.0258160512894,0.0406299196184,-0.0137718301266],[0.000685176404659,-0.00715595064685,0.0105677777901,-0.00522284116596,-0.00182920449879,0.0000852063822094,0.0061669331044,-0.0106521202251,0.013866243884,-0.0101208668202,0.00739344209433,-0.0137718301266,0.0285523515195]],"mean":[32.1493682861,74.6206741333,-90.3214569092,10.5137338638,12.2276945114,-12.4827213287,8.522356987,-21.4634037018,4.49971389771,-7.1263384819,-3.90644478798,0.442395448685,-11.0665330887]},"hfc":{"dmean":144.303649902,"dmean2":213.384902954,"dvar":45347.9882812,"dvar2":97161.7421875,"max":2740.79052734,"mean":346.879394531,"median":264.250976562,"min":1.20971154414e-16,"var":81105.3671875},"melbands":{"dmean":[0.00944442860782,0.00428122328594,0.00101034052204,0.000410519220168,0.000168798418599,0.000179493523319,0.0001655168453,0.000115382310469,0.0000816470055724,0.0000530642319063,0.0000868419519975,0.0000671628513373,0.0000506878022861,0.000075184245361,0.000105858533061,0.0000682740064804,0.0000528989003215,0.0000412049412262,0.0000215885720536,0.000019132048692,0.0000227443379117,0.0000234368071688,0.0000113056430564,0.00000834249931358,0.00000618909052719,0.00000517884427609,0.00000387506224797,0.00000280430549537,0.00000232768456954,0.00000191089679902,0.00000138246332426,0.00000128823637624,0.00000116733610867,0.0000010862296449,9.08903530217e-7,5.56870134005e-7,2.78093438055e-7,1.36229687087e-7,5.86213850795e-8,3.24804467766e-8],"dmean2":[0.0149620538577,0.00685793301091,0.00170266546775,0.000692136585712,0.000279702362604,0.000298232160276,0.000268177886028,0.000186910241609,0.000132365632453,0.0000860887812451,0.000141829135828,0.000107994063001,0.0000815685125417,0.0001211247436,0.00017302321794,0.000111606343125,0.0000867346680025,0.0000682499521645,0.000035778622987,0.0000324683933286,0.0000378351869585,0.0000395018432755,0.0000186759643839,0.0000136388371175,0.0000100016732176,0.0000083196655396,0.00000621238450549,0.00000450089328297,0.00000362476544069,0.00000290664866043,0.00000206155732485,0.00000185834426247,0.00000168056590155,0.00000156074986535,0.00000131381341362,8.06871582881e-7,4.19416863906e-7,2.0186952554e-7,9.02086867427e-8,5.24173557892e-8],"dvar":[0.000202479946893,0.000055087824876,0.00000214338024307,5.76190416268e-7,2.12760369322e-7,3.14863598305e-7,2.63395492084e-7,2.06235384326e-7,6.69286848165e-8,3.29599565418e-8,9.63754018812e-8,4.70821817089e-8,3.80907572151e-8,4.56319746434e-8,6.91061288194e-8,2.29941008456e-8,1.5174430601e-8,1.23812871067e-8,1.91778370962e-9,8.35111146902e-10,7.98847432648e-10,7.10126235592e-10,2.65908906005e-10,2.02588834597e-10,1.22178517303e-10,7.59899573821e-11,4.72785421923e-11,2.61099180471e-11,1.2397311476e-11,7.33722371055e-12,4.63328377401e-12,4.44859774018e-12,5.05655196534e-12,5.02588769213e-12,4.06986120152e-12,1.4160470756e-12,3.39545232209e-13,5.86989834452e-14,8.46970182113e-15,3.44287785774e-15],"dvar2":[0.000492982566357,0.000127126564621,0.00000564511992707,0.00000148594233451,5.58772455861e-7,8.44547969336e-7,6.44712372377e-7,5.10617155669e-7,1.6453954288e-7,8.14559868445e-8,2.38918147488e-7,1.13966081017e-7,9.44829423588e-8,1.06700156266e-7,1.66619315678e-7,5.68480338359e-8,3.54007880787e-8,2.96309607961e-8,4.39329594926e-9,2.2530384225e-9,2.08326222939e-9,1.93745219867e-9,6.89838741685e-10,5.19777276775e-10,3.07428721369e-10,1.89060586631e-10,1.16504028647e-10,6.72670460999e-11,2.96457615401e-11,1.67453169386e-11,9.83697932139e-12,9.06126909617e-12,1.01507916656e-11,1.03150413558e-11,8.0021406168e-12,2.94294363185e-12,8.00775895246e-13,1.28985269189e-13,1.87853442383e-14,8.11575978676e-15],"max":[0.172056242824,0.108886793256,0.0330309122801,0.0180183127522,0.0282140988857,0.0166259836406,0.0182562898844,0.0211290903389,0.00899103283882,0.00862974766642,0.0173444785178,0.00658883713186,0.0074761165306,0.00951980892569,0.0113755436614,0.00428485032171,0.00449898606166,0.00498480116948,0.00282005616464,0.0008879089728,0.00116931449156,0.00074203312397,0.000354346324457,0.000416439841501,0.000366441148799,0.000243515489274,0.000189325248357,0.000220139860176,0.000145164085552,0.0000685552222421,0.0000816770480014,0.0000468730650027,0.0000632608716842,0.0000651017035125,0.0000572367425775,0.0000330079783453,0.0000110303062684,0.00000422107541453,0.00000186360227872,9.66699531091e-7],"mean":[0.0105783632025,0.00526358839124,0.0013807376381,0.000539815926459,0.000234335719142,0.000232562146266,0.000225394134759,0.000155179164722,0.00011515407823,0.0000741585172364,0.000113116577268,0.0000956484873313,0.0000730201572878,0.000116491260997,0.000171538777067,0.000114826914796,0.0000907193607418,0.0000722414042684,0.0000371023998014,0.000033125779737,0.0000466592609882,0.0000501439317304,0.0000223063507292,0.0000157176200446,0.0000119935921248,0.0000104314267446,0.00000809906123322,0.00000610303595749,0.00000518523074788,0.00000437298785982,0.00000311883991344,0.00000276834452961,0.00000223768279284,0.00000183766155715,0.00000148676315348,8.74450506672e-7,3.85950869486e-7,1.97978138772e-7,8.03212643063e-8,3.33236407357e-8],"median":[0.00461518671364,0.00275252992287,0.000882915861439,0.000301641586702,0.000119465839816,0.0000905413035071,0.0000574090699956,0.0000388060034311,0.0000435976035078,0.0000242380647251,0.0000382670768886,0.0000283665449388,0.0000255302220467,0.0000490394522785,0.0000769596590544,0.0000560217740713,0.00004933513992,0.0000394112066715,0.0000224338418775,0.0000205188225664,0.0000372970971512,0.0000419029784098,0.0000155046254804,0.00000861398257257,0.00000679085496813,0.00000634139769318,0.00000503728824697,0.00000391424873669,0.00000350970458385,0.00000292843151328,0.00000187679813735,0.00000141402858844,8.66728385063e-7,5.09375809088e-7,3.3118567444e-7,1.90653352661e-7,9.67643174477e-8,6.06591896712e-8,3.29495009055e-8,1.23948193931e-8],"min":[8.08720636282e-24,2.67952856993e-23,2.93400752489e-23,4.3994666188e-24,2.50322920167e-23,1.78860831178e-23,8.04123391585e-24,1.57031724644e-23,1.1912785745e-23,1.69232704944e-23,3.40638855787e-24,3.50921105484e-24,7.09079773116e-24,1.20885770868e-23,9.36073867504e-24,4.28589786414e-24,9.09056485906e-24,7.88408493492e-24,1.80837511503e-23,7.95848319575e-24,5.75459081445e-24,8.6216698813e-24,7.63468655973e-24,1.17764240378e-23,1.42190758216e-23,1.39674071048e-23,1.71937424998e-23,9.02675390044e-24,7.44680907996e-24,8.41928130518e-24,7.54449057041e-24,5.66243056147e-24,8.49184467555e-24,7.56021177939e-24,4.96663433825e-24,1.0412747801e-23,9.78219707999e-24,8.87775621924e-24,1.24676886495e-23,1.11601627432e-23],"var":[0.00022203210392,0.0000670695881126,0.00000295831137009,7.50374567815e-7,3.04654776073e-7,3.88655791994e-7,4.64165765379e-7,2.94181802474e-7,1.05050268928e-7,5.19123446452e-8,1.17024185897e-7,6.95682516039e-8,4.65953640116e-8,7.12480101583e-8,1.23997651258e-7,4.11716527537e-8,2.72134546009e-8,2.39093349563e-8,5.2086535085e-9,1.4563795725e-9,1.58607094125e-9,1.38062983268e-9,5.27652921356e-10,4.48151959986e-10,2.62335875245e-10,1.70342268069e-10,1.06842902581e-10,5.63024939171e-11,3.06171824005e-11,2.19732149143e-11,1.52058955705e-11,1.41582015209e-11,1.48089977781e-11,1.28700010718e-11,1.06960065804e-11,3.50146322527e-12,5.30121790649e-13,1.12683788082e-13,1.50708133852e-14,3.7836347655e-15]},"melbands_crest":{"dmean":5.31147098541,"dmean2":8.48163700104,"dvar":20.6366519928,"dvar2":46.8021316528,"max":39.1398010254,"mean":19.4067878723,"median":18.7069969177,"min":1.76234674454,"var":46.4272117615},"melbands_flatness_db":{"dmean":0.0403728783131,"dmean2":0.0628231689334,"dvar":0.00113403110299,"dvar2":0.0027314487379,"max":0.474177896976,"mean":0.241757795215,"median":0.240242645144,"min":0.00528287654743,"var":0.003490625415},"melbands_kurtosis":{"dmean":17.315164566,"dmean2":27.9273986816,"dvar":808.955383301,"dvar2":2097.95996094,"max":459.750610352,"mean":22.4758777618,"median":12.443520546,"min":-1.75709915161,"var":971.856933594},"melbands_skewness":{"dmean":1.45013010502,"dmean2":2.2240319252,"dvar":2.12008810043,"dvar2":5.06391334534,"max":18.3253154755,"mean":3.81085944176,"median":3.42666339874,"min":-1.03455197811,"var":5.16695308685},"melbands_spread":{"dmean":8.60759162903,"dmean2":13.4041519165,"dvar":70.4762268066,"dvar2":156.789535522,"max":147.691375732,"mean":20.3396720886,"median":16.7228393555,"min":0.653663039207,"var":223.235244751},"mfcc":{"cov":[[5102.83154297,-59.9113235474,237.209777832,175.957229614,-270.02041626,307.585205078,-115.29309845,206.73614502,-163.963592529,159.715026855,-46.3377380371,68.962348938,-33.4777183533],[-59.9113235474,935.41619873,-334.775787354,-40.7366371155,88.7683181763,-113.530281067,70.372833252,-117.091819763,80.6477584839,-91.0566253662,41.3495597839,-2.44341206551,35.5439338684],[237.209777832,-334.775787354,412.848968506,-50.2894096375,2.45958042145,27.1294078827,-41.9825210571,64.4387130737,-38.0123062134,60.6519126892,-16.7070503235,20.3847846985,-3.41931438446],[175.957229614,-40.7366371155,-50.2894096375,313.219665527,-9.85878372192,57.0649871826,14.3189659119,11.6520109177,20.70337677,20.5721435547,16.788061142,-12.1526117325,-8.99426364899],[-270.02041626,88.7683181763,2.45958042145,-9.85878372192,206.129501343,-30.222026825,41.6327018738,-13.9921541214,26.6466960907,-17.8155994415,4.8655128479,-4.39882135391,4.47238206863],[307.585205078,-113.530281067,27.1294078827,57.0649871826,-30.222026825,161.222915649,-0.78787869215,55.3622169495,-23.6842155457,23.6948699951,-20.9848384857,13.5161180496,-10.2568035126],[-115.29309845,70.372833252,-41.9825210571,14.3189659119,41.6327018738,-0.78787869215,97.8764572144,-3.35823941231,33.4896469116,-20.3545627594,8.19251441956,-18.0500411987,4.37567710876],[206.73614502,-117.091819763,64.4387130737,11.6520109177,-13.9921541214,55.3622169495,-3.35823941231,103.891914368,-9.80749225616,36.5735321045,-21.3099651337,6.0921163559,-13.7623491287],[-163.963592529,80.6477584839,-38.0123062134,20.70337677,26.6466960907,-23.6842155457,33.4896469116,-9.80749225616,79.36378479,1.04560136795,22.9791469574,-6.08263969421,8.18294239044],[159.715026855,-91.0566253662,60.6519126892,20.5721435547,-17.8155994415,23.6948699951,-20.3545627594,36.5735321045,1.04560136795,69.9307556152,12.2217683792,14.2637701035,-4.75114583969],[-46.3377380371,41.3495597839,-16.7070503235,16.788061142,4.8655128479,-20.9848384857,8.19251441956,-21.3099651337,22.9791469574,12.2217683792,54.3577613831,14.3007659912,13.5760240555],[68.962348938,-2.44341206551,20.3847846985,-12.1526117325,-4.39882135391,13.5161180496,-18.0500411987,6.0921163559,-6.08263969421,14.2637701035,14.3007659912,53.0226020813,18.6181106567],[-33.4777183533,35.5439338684,-3.41931438446,-8.99426364899,4.47238206863,-10.2568035126,4.37567710876,-13.7623491287,8.18294239044,-4.75114583969,13.5760240555,18.6181106567,42.6153450012]],"icov":[[0.000288867624477,-0.000265088659944,-0.0002172319073,-0.00016020287876,0.000301823223708,-0.000340644706739,0.0000397006442654,-0.000290006340947,0.000543860485777,-0.00041591815534,0.0000124096304717,-0.0000262730645773,0.0000421154727519],[-0.000265088659944,0.00215510930866,0.00146582943853,0.000455690838862,-0.000745762779843,0.000821223249659,-0.000341354607372,0.000869540497661,-0.00140184292104,0.00116294506006,-0.000136629139888,-0.000795008440036,-0.000410483567975],[-0.0002172319073,0.00146582943853,0.00422020023689,0.000849183998071,-0.00108907721005,0.000748305639718,0.00030498826527,-0.000515700667165,0.000175335298991,-0.00173740054015,0.000566555769183,-0.000524921633769,-0.000957390177064],[-0.00016020287876,0.000455690838862,0.000849183998071,0.00401419540867,-0.000275646016235,-0.00152883911505,0.0000806294192444,0.00032515975181,-0.001170611009,-0.000658590521198,-0.00173912907485,0.00163649045862,0.000157551534357],[0.000301823223708,-0.000745762779843,-0.00108907721005,-0.000275646016235,0.00609900476411,0.000450493884273,-0.0021933154203,-0.0000760864204494,-0.000418738083681,0.000300553947454,0.000695694063324,-0.000981810619123,0.000703770201653],[-0.000340644706739,0.000821223249659,0.000748305639718,-0.00152883911505,0.000450493884273,0.00992754567415,-0.00228676339611,-0.00261803367175,0.00132091634441,-0.000615411554463,0.00331126502715,-0.00401828903705,0.000894667988177],[0.0000397006442654,-0.000341354607372,0.00030498826527,0.0000806294192444,-0.0021933154203,-0.00228676339611,0.0155035993084,-0.00279263430275,-0.00451745977625,0.00473391404375,-0.00386666110717,0.00593526521698,-0.00242258212529],[-0.000290006340947,0.000869540497661,-0.000515700667165,0.00032515975181,-0.0000760864204494,-0.00261803367175,-0.00279263430275,0.0172229297459,-0.00181952596176,-0.00734385475516,0.00748571194708,-0.00276228389703,0.00265351636335],[0.000543860485777,-0.00140184292104,0.000175335298991,-0.001170611009,-0.000418738083681,0.00132091634441,-0.00451745977625,-0.00181952596176,0.0197225492448,-0.00386484758928,-0.00517162913457,0.00263333553448,-0.00211934023537],[-0.00041591815534,0.00116294506006,-0.00173740054015,-0.000658590521198,0.000300553947454,-0.000615411554463,0.00473391404375,-0.00734385475516,-0.00386484758928,0.0264468397945,-0.00995268393308,-0.00226145144552,0.00323680206202],[0.0000124096304717,-0.000136629139888,0.000566555769183,-0.00173912907485,0.000695694063324,0.00331126502715,-0.00386666110717,0.00748571194708,-0.00517162913457,-0.00995268393308,0.0314631201327,-0.00899600237608,-0.00286902161315],[-0.0000262730645773,-0.000795008440036,-0.000524921633769,0.00163649045862,-0.000981810619123,-0.00401828903705,0.00593526521698,-0.00276228389703,0.00263333553448,-0.00226145144552,-0.00899600237608,0.0304870568216,-0.0126311806962],[0.0000421154727519,-0.000410483567975,-0.000957390177064,0.000157551534357,0.000703770201653,0.000894667988177,-0.00242258212529,0.00265351636335,-0.00211934023537,0.00323680206202,-0.00286902161315,-0.0126311806962,0.0322449840605]],"mean":[-633.961547852,142.214019775,-29.8820114136,43.2646980286,11.9577007294,31.7605304718,4.64819002151,13.2055435181,1.97375953197,4.95033884048,2.64121198654,11.1005840302,1.57185280323]},"pitch_salience":{"dmean":0.103304833174,"dmean2":0.163430228829,"dvar":0.00769196124747,"dvar2":0.0183131806552,"max":0.811024963856,"mean":0.499145656824,"median":0.512111186981,"min":0.03940384835,"var":0.0168955083936},"silence_rate_20dB":{"dmean":0.0114250611514,"dmean2":0.0228515267372,"dvar":0.0112958010286,"dvar2":0.0300665404648,"max":1,"mean":0.992138087749,"median":1,"min":0,"var":0.00779945449904},"silence_rate_30dB":{"dmean":0.208230957389,"dmean2":0.41648748517,"dvar":0.16488096118,"dvar2":0.287822216749,"max":1,"mean":0.727842271328,"median":1,"min":0,"var":0.198074385524},"silence_rate_60dB":{"dmean":0.000982800964266,"dmean2":0.00196572276764,"dvar":0.000981822842732,"dvar2":0.00196180981584,"max":1,"mean":0.0142497392371,"median":0,"min":0,"var":0.0140479253605},"spectral_centroid":{"dmean":266.296081543,"dmean2":418.237121582,"dvar":58074.8554688,"dvar2":133999.59375,"max":11252.9960938,"mean":1561.97607422,"median":1505.52856445,"min":249.583816528,"var":242169.234375},"spectral_complexity":{"dmean":4.29017210007,"dmean2":6.38270187378,"dvar":13.5118312836,"dvar2":29.3703632355,"max":60,"mean":27.1525707245,"median":27,"min":0,"var":88.5266113281},"spectral_contrast_coeffs":{"dmean":[0.0554657205939,0.0468972884119,0.0358876697719,0.0279869455844,0.0200238674879,0.0355326868594],"dmean2":[0.0928530246019,0.0793182626367,0.0607342086732,0.0473349131644,0.0338213630021,0.0546744056046],"dvar":[0.00190510659013,0.00139129452873,0.000826835690532,0.000495747663081,0.000253667734796,0.000922460458241],"dvar2":[0.00531372986734,0.00383295840584,0.00226103072055,0.00139644113369,0.000707114115357,0.0022484601941],"max":[-0.309239834547,-0.468899548054,-0.558885455132,-0.575156390667,-0.623733699322,-0.501762747765],"mean":[-0.714462399483,-0.797278821468,-0.82091987133,-0.809167325497,-0.795136213303,-0.703708410263],"median":[-0.717919111252,-0.804927229881,-0.827305555344,-0.814586400986,-0.797943890095,-0.695210397243],"min":[-0.955039560795,-0.966279268265,-0.962601602077,-0.954506993294,-0.960974216461,-0.963351786137],"var":[0.00385492527857,0.0033877112437,0.00212210533209,0.00148563855328,0.000993956578895,0.0040208180435]},"spectral_contrast_valleys":{"dmean":[0.422416120768,0.370805054903,0.304229289293,0.248770356178,0.211886197329,0.51916128397],"dmean2":[0.669598042965,0.604167699814,0.490007817745,0.403947919607,0.320428520441,0.765037238598],"dvar":[0.116784356534,0.0943263471127,0.0645158961415,0.0503832697868,0.0514060631394,0.203997150064],"dvar2":[0.275182396173,0.232743799686,0.146429479122,0.117280550301,0.0983248576522,0.468594551086],"max":[-4.69740962982,-4.34838247299,-4.81477689743,-5.42856311798,-5.45428276062,-8.73991394043],"mean":[-6.45078849792,-6.64623498917,-6.95228767395,-6.83549356461,-7.10867166519,-10.7912483215],"median":[-6.32734727859,-6.60816192627,-6.91532230377,-6.75857114792,-6.98881483078,-10.6518640518],"min":[-27.4712944031,-27.2136707306,-27.0673065186,-27.476228714,-27.1568508148,-27.2345180511],"var":[1.24985539913,0.966440439224,0.901729226112,0.788210988045,0.84392285347,0.925998270512]},"spectral_decrease":{"dmean":1.15040048598e-8,"dmean2":1.73351608623e-8,"dvar":2.40902443537e-16,"dvar2":5.4522764367e-16,"max":1.6430536931e-8,"mean":-1.35469724327e-8,"median":-6.72859723494e-9,"min":-1.92435066992e-7,"var":3.24073455661e-16},"spectral_energy":{"dmean":0.045407988131,"dmean2":0.0657140538096,"dvar":0.00344600505196,"dvar2":0.00743091944605,"max":0.844421982765,"mean":0.0825925394893,"median":0.0549564771354,"min":1.0693900819e-20,"var":0.00595535943285},"spectral_energyband_high":{"dmean":0.000605435459875,"dmean2":0.000843971560244,"dvar":5.06593721639e-7,"dvar2":8.96371318504e-7,"max":0.0171704813838,"mean":0.00230157468468,"median":0.00185175205115,"min":7.42501147738e-21,"var":0.00000294921392197},"spectral_energyband_low":{"dmean":0.0377497635782,"dmean2":0.0576917566359,"dvar":0.0028796675615,"dvar2":0.0066515756771,"max":0.707709848881,"mean":0.0476507432759,"median":0.0242660362273,"min":1.67514348166e-22,"var":0.00365937803872},"spectral_energyband_middle_high":{"dmean":0.00247582304291,"dmean2":0.00373619515449,"dvar":0.0000191080998775,"dvar2":0.0000420269461756,"max":0.121057726443,"mean":0.00737354159355,"median":0.0047604534775,"min":1.60099232362e-21,"var":0.0000633270028629},"spectral_energyband_middle_low":{"dmean":0.00454651843756,"dmean2":0.00734239816666,"dvar":0.0000505990901729,"dvar2":0.000124030964798,"max":0.176835358143,"mean":0.0084772715345,"median":0.00497929286212,"min":4.33547603654e-22,"var":0.000120930169942},"spectral_entropy":{"dmean":0.10872284323,"dmean2":0.164621502161,"dvar":0.0100644817576,"dvar2":0.0217187814415,"max":9.80655860901,"mean":7.80227422714,"median":7.81324148178,"min":6.75520324707,"var":0.0533866509795},"spectral_flux":{"dmean":0.0591184198856,"dmean2":0.09631074965,"dvar":0.00367794255726,"dvar2":0.00894389208406,"max":0.684394001961,"mean":0.16989697516,"median":0.151822462678,"min":1.03411321173e-10,"var":0.00769037380815},"spectral_kurtosis":{"dmean":3.50969815254,"dmean2":5.11606121063,"dvar":15.7249965668,"dvar2":34.2753715515,"max":71.7521591187,"mean":18.3291435242,"median":16.7437973022,"min":-1.21318531036,"var":74.2534561157},"spectral_rms":{"dmean":0.00221126293764,"dmean2":0.00306166429073,"dvar":0.00000509400069859,"dvar2":0.00000997747520159,"max":0.0287023745477,"mean":0.00819223746657,"median":0.00732229975984,"min":3.23002692301e-12,"var":0.000013464850781},"spectral_rolloff":{"dmean":5827.75146484,"dmean2":11001.9013672,"dvar":70733560,"dvar2":131630192,"max":22050,"mean":15531.8330078,"median":20844.140625,"min":21.533203125,"var":81964152},"spectral_skewness":{"dmean":0.272226691246,"dmean2":0.395245403051,"dvar":0.0800583511591,"dvar2":0.161633267999,"max":6.47860908508,"mean":2.86999464035,"median":2.75976133347,"min":-0.00815354473889,"var":0.496900320053},"spectral_spread":{"dmean":442252.96875,"dmean2":661324.1875,"dvar":234167943168,"dvar2":416290504704,"max":41362256,"mean":4482002.5,"median":4355752.5,"min":2251868.25,"var":906416291840},"spectral_strongpeak":{"dmean":12.6359729767,"dmean2":23.0233058929,"dvar":1162.9901123,"dvar2":2931.76464844,"max":256.930389404,"mean":9.88979148865,"median":0.22629404068,"min":0,"var":962.121520996},"zerocrossingrate":{"dmean":0.0654217973351,"dmean2":0.0779178589582,"dvar":0.00278561143205,"dvar2":0.00431077275425,"max":0.8203125,"mean":0.319196432829,"median":0.310546875,"min":0.0068359375,"var":0.01240959391}},"metadata":{"audio_properties":{"analysis_sample_rate":44100,"bit_rate":244019,"codec":"mp3","downmix":"mix","equal_loudness":0,"length":378.019012451,"lossless":false,"md5_encoded":"51addf63a5cfe6c53cefb2f76dacc9ad","replay_gain":-4.29713630676,"sample_rate":44100},"tags":{"album":["Hell Awaits"],"albumartist":["Slayer"],"albumartistsort":["Slayer"],"artist":["Slayer"],"artists":["Slayer"],"artistsort":["Slayer"],"asin":["B000001C6K"],"barcode":["5020083100829"],"catalognumber":["CD ZORRO 8"],"composer":["Jeff Hanneman"],"date":["1985"],"file_name":"03 - At Dawn They Sleep.mp3","label":["Metal Blade Records"],"lyricist":["Tom Araya","Kerry King","Jeff Hanneman"],"media":["CD"],"musicbrainz album release country":["GB"],"musicbrainz album status":["official"],"musicbrainz album type":["album"],"musicbrainz disc id":["iy4E0LURQznOtMzwR1OqdIM8QuU-"],"musicbrainz release track id":["78b50a2d-1f2d-3026-9069-b48a057054c9"],"musicbrainz_albumartistid":["bdacc37b-8633-4bf8-9dd5-4662ee651aec"],"musicbrainz_albumid":["ca1cb26e-cef2-40c6-a6d5-7736690cd2d0"],"musicbrainz_artistid":["bdacc37b-8633-4bf8-9dd5-4662ee651aec"],"musicbrainz_recordingid":["652fa93c-e2f4-4693-9428-eca4534b0a93"],"musicbrainz_releasegroupid":["f3000d1b-935c-3872-a1c5-4c5aae663b33"],"musicbrainz_workid":["1ce7dee6-a680-3e51-b23e-090f50da7d1c"],"originaldate":["1985"],"script":["Latn"],"title":["At Dawn They Sleep"],"tracknumber":["3/9"],"work":["At Dawn They Sleep"]},"version":{"essentia":"2.1-beta1","essentia_build_sha":"ca57ba49d9b1854bd80e60cf9ccf267278fb7d6b","essentia_git_sha":"v2.1_beta1-28-g21ef5f4-dirty","extractor":"music 1.0"}},"rhythm":{"beats_count":773,"beats_loudness":{"dmean":0.0754325538874,"dmean2":0.136041551828,"dvar":0.00448442203924,"dvar2":0.0130080124363,"max":0.688608109951,"mean":0.133880764246,"median":0.121268041432,"min":7.26991800093e-10,"var":0.00765565643087},"beats_loudness_band_ratio":{"dmean":[0.201555624604,0.0307491645217,0.0276653487235,0.0378917679191,0.0224052052945,0.166074112058],"dmean2":[0.353