{"lowlevel":{"average_loudness":0.473596513271,"barkbands":{"dmean":[0.0000597046055191,0.00248254695907,0.000982331926934,0.000901833758689,0.00164787925314,0.000506546988618,0.000698641058989,0.000343169056578,0.000184420554433,0.000359101512004,0.000448579987278,0.000261308101472,0.000482925475808,0.000522857299075,0.000223514274694,0.0000640606376692,0.00012470803631,0.000173235326656,0.0000789399346104,0.0000981028351816,0.0000355966512871,0.0000321239895129,0.0000201532020583,0.0000171338706423,0.00000770402039052,0.00000210609346141,0.00000138311906994],"dmean2":[0.0000990238113445,0.00387867190875,0.00167184579186,0.0015169364633,0.00266144541092,0.000771727354731,0.0010211947374,0.000525197770912,0.000280365871731,0.000548387237359,0.000668650784064,0.000417646951973,0.000748879101593,0.000812206533737,0.000344409345416,0.000101284815173,0.000192507432075,0.000259584776359,0.000120343640447,0.000152517517563,0.0000564168258279,0.0000488528494316,0.0000315965080517,0.0000256001640082,0.0000119508267744,0.00000327783664034,0.00000219965863835],"dvar":[5.40505453728e-8,0.000050551185268,0.000006045099326,0.00000332374497702,0.00000649961293675,0.00000178707762188,0.00000354723647433,8.00865734618e-7,1.9346569502e-7,0.00000218288437281,0.00000181108021025,6.35894934931e-7,0.00000244964166995,0.00000289293961941,6.28091299859e-7,5.0321883549e-8,1.49092244328e-7,3.34902580335e-7,6.48576872209e-8,9.75103020551e-8,1.43407534736e-8,1.42881546594e-8,6.77032430119e-9,5.40363842561e-9,1.18389997805e-9,5.31486764321e-11,2.88871305348e-11],"dvar2":[1.43734851576e-7,0.000120216456708,0.0000174715441972,0.00000920309048524,0.0000171908468474,0.00000429444389738,0.00000697582117937,0.00000188145793345,4.2768158437e-7,0.0000053778567235,0.00000396385939894,0.00000149581103415,0.00000540180644748,0.00000657327791487,0.00000136850155741,1.1400063471e-7,3.09503519702e-7,6.77668822391e-7,1.36191204092e-7,2.26395926006e-7,3.51760647277e-8,3.21280246851e-8,1.47955470098e-8,9.94432447499e-9,2.56035215251e-9,1.18370993563e-10,7.02729541224e-11],"max":[0.00454503437504,0.145076319575,0.061332501471,0.0489958971739,0.069069609046,0.0485952757299,0.056874576956,0.0237157847732,0.0189773514867,0.0544446222484,0.0355491898954,0.0195695348084,0.0552916973829,0.0488276332617,0.0248779486865,0.00818812381476,0.0147366123274,0.0280760470778,0.0124609125778,0.00887778028846,0.00443812413141,0.00532886805013,0.00497661111876,0.00538013130426,0.00137052766513,0.000255082530202,0.000157058879267],"mean":[0.000140049509355,0.00618857471272,0.00187837018166,0.0014178577112,0.00313073466532,0.00125986465719,0.001367581659,0.000709829037078,0.000356620934326,0.000775949622039,0.00089888565708,0.000448463310022,0.00108395458665,0.0011519115651,0.00043295067735,0.000105529346911,0.000254027196206,0.000414507841924,0.000179073613253,0.000222261631279,0.0000737310620025,0.0000660015357425,0.0000442529380962,0.0000326892040903,0.0000104299988379,0.00000287035027213,0.00000178417656116],"median":[0.00000181187544968,0.00197206786834,0.000483999960124,0.000701576820575,0.00205180165358,0.000538048509043,0.000302575586829,0.000191247934708,0.000106763618533,0.0000890809533303,0.000101263554825,0.0000489709855174,0.0000436055161117,0.0000569947260374,0.0000322187843267,0.0000230207333516,0.0000617770856479,0.0000401274810429,0.0000194619024114,0.0000135308600875,0.00000522444861417,0.00000318540082844,0.00000429539068136,0.00000283963345282,8.06447360446e-7,3.26159351971e-7,6.34434911717e-7],"min":[4.08523728784e-24,5.34622473951e-24,4.95062716719e-24,1.4262703774e-24,3.0378279309e-23,1.19567221419e-23,1.09012199399e-23,2.67466129814e-23,2.73084050083e-23,2.21533346767e-23,3.65369574169e-23,2.50556422994e-23,5.02630488153e-23,4.54782413937e-23,7.28837488685e-23,7.3658151531e-23,1.46339705883e-22,1.30217458951e-22,2.2811873236e-22,1.90711099696e-22,2.95014010905e-22,3.94541120329e-22,3.18923993668e-22,6.17902251503e-22,8.71554530721e-22,1.45875482066e-21,1.99551345106e-21],"var":[1.20053940122e-7,0.0000980471158982,0.0000109522115963,0.00000464261029265,0.0000124020962176,0.00000549581363884,0.0000107698897409,0.00000226489942179,5.07645779635e-7,0.00000697158839102,0.00000595720257479,0.00000135033121751,0.00000995992104436,0.0000104750979517,0.00000178123400474,9.25581531419e-8,4.46355500117e-7,0.00000135134655466,3.17177892839e-7,3.91962203139e-7,5.30562687118e-8,4.74632528835e-8,2.03182306535e-8,1.91918267944e-8,1.94883331694e-9,7.98345348163e-11,2.78485446509e-11]},"barkbands_crest":{"dmean":2.35486388206,"dmean2":3.82462668419,"dvar":5.50334596634,"dvar2":13.5853681564,"max":26.1695194244,"mean":12.5685997009,"median":11.7542123795,"min":3.14413809776,"var":23.7253246307},"barkbands_flatness_db":{"dmean":0.0205961763859,"dmean2":0.0309663470834,"dvar":0.000479659589473,"dvar2":0.00103569938801,"max":0.471603453159,"mean":0.196971163154,"median":0.191326841712,"min":0.0401421114802,"var":0.00440742028877},"barkbands_kurtosis":{"dmean":5.2746629715,"dmean2":8.2300157547,"dvar":99.3728866577,"dvar2":236.960998535,"max":223.59046936,"mean":12.3082952499,"median":5.05017948151,"min":-1.9626070261,"var":373.236694336},"barkbands_skewness":{"dmean":0.57779610157,"dmean2":0.886772990227,"dvar":0.437502801418,"dvar2":1.01259541512,"max":11.7507724762,"mean":2.20877981186,"median":1.99881958961,"min":-5.43112373352,"var":3.87346816063},"barkbands_spread":{"dmean":3.24001383781,"dmean2":4.94103574753,"dvar":23.2156639099,"dvar2":50.5518417358,"max":145.566467285,"mean":14.5752105713,"median":10.3297939301,"min":0.422131001949,"var":204.860733032},"dissonance":{"dmean":0.0230404511094,"dmean2":0.0384246148169,"dvar":0.000553278485313,"dvar2":0.00149468239397,"max":0.49985435605,"mean":0.441505134106,"median":0.451584458351,"min":0.0761720091105,"var":0.00168250768911},"dynamic_complexity":4.95747900009,"erbbands":{"dmean":[0.0647597834468,0.594237208366,1.15183377266,2.01016759872,6.38559150696,3.7280652523,2.53273272514,4.90999221802,12.1740980148,5.29656028748,7.5201048851,3.5163872242,9.67673397064,10.4824724197,17.0277690887,9.20475292206,20.7778892517,26.4428367615,13.7967662811,6.54268074036,3.10046839714,7.43041801453,8.7431306839,6.08434391022,3.14694476128,4.91842317581,2.04083061218,1.25481879711,1.14547908306,0.909912467003,0.561138570309,0.43266120553,0.236800298095,0.121158584952,0.0347074232996,0.010021654889,0.00373112387024,0.00134237471502,0.000262381974608,0.0000151564108819],"dmean2":[0.101481847465,0.939203619957,1.94833850861,3.37850022316,10.516160965,5.95779085159,3.91137123108,7.32168149948,17.9272232056,8.00299358368,11.4111471176,5.39510774612,15.1758184433,15.5158748627,25.7533168793,14.6893634796,31.4214267731,39.9576377869,21.2983703613,10.1218290329,4.84514284134,11.1663246155,13.0975389481,9.30145549774,4.71326160431,7.64719057083,3.17166423798,1.98862457275,1.77033925056,1.388261199,0.869827032089,0.652519702911,0.363610953093,0.19084303081,0.0531361140311,0.0153902061284,0.0058316141367,0.00213133590296,0.00041899093776,0.0000235529059864],"dvar":[0.0396550521255,2.88205599785,8.3518075943,19.0253505707,91.6560211182,53.2639198303,34.8346672058,187.645858765,1072.59411621,305.248321533,321.339874268,61.5431861877,1505.61621094,1597.06335449,2668.38525391,627.938476562,4418.02783203,7529.39160156,1634.71655273,584.188293457,77.141708374,535.016540527,871.194091797,464.49597168,75.209022522,291.381439209,46.4246520996,18.9480628967,22.2131309509,9.43850326538,7.21392059326,3.82095432281,1.06983339787,0.285535484552,0.0273253899068,0.00134466297459,0.00016970843717,0.0000257797146332,0.00000105634808278,1.81962878099e-9],"dvar2":[0.097263880074,6.94728851318,23.7852478027,52.6009712219,242.923446655,147.201416016,82.7016906738,433.002166748,2129.33081055,688.53704834,747.840087891,140.105926514,3949.20922852,3477.25878906,5999.53564453,1525.73278809,9851,16596.7148438,3721.45605469,1382.7199707,168.357406616,1096.79760742,1700.38916016,995.322021484,155.949249268,694.102966309,110.26272583,46.5372695923,52.4807548523,21.0338783264,15.9424657822,7.78181123734,2.11007165909,0.644970536232,0.0571992024779,0.0028662821278,0.000384855491575,0.0000616616889602,0.00000256277235167,4.46431425161e-9],"max":[3.78536701202,34.4659690857,56.6079063416,108.278114319,230.402282715,178.229812622,167.862258911,545.793273926,930.868286133,644.001464844,463.78515625,239.880584717,1310.02087402,1298.21411133,1527.48999023,624.310913086,2916.43823242,2893.71606445,1202.36486816,724.921325684,277.58770752,1018.64697266,1170.83569336,1076.81481934,369.018096924,554.890136719,174.880249023,192.481307983,227.832229614,162.293701172,159.391586304,126.389678955,60.0761871338,19.9664745331,6.51820421219,1.42662298679,0.525646150112,0.162799328566,0.0285806600004,0.00131216179579],"mean":[0.156559482217,1.44171726704,2.55672049522,3.63492703438,10.3371677399,7.91133260727,6.49031543732,12.1931285858,24.853521347,10.853474617,15.8743543625,7.53038215637,20.7574615479,23.4642486572,34.7140235901,20.1508522034,48.8023643494,64.1348724365,34.1997261047,13.7024059296,6.65633392334,16.4815673828,21.7700004578,14.6079435349,8.13437080383,10.8527536392,4.27836370468,2.82131314278,2.26695728302,2.01729488373,1.22996556759,0.827375769615,0.42148065567,0.172484174371,0.0470379479229,0.0142769943923,0.0049404297024,0.00150412216317,0.000340289290762,0.0000438630449935],"median":[0.0270297843963,0.414049327374,0.729543983936,1.93835616112,6.40947055817,4.75460243225,3.37063169479,4.50616693497,5.58439350128,3.45674347878,4.46610641479,2.50730848312,2.98426747322,2.0478272438,4.82405424118,2.32791757584,2.26571393013,2.93176436424,2.28873372078,1.53924715519,1.83928442001,4.01624631882,2.62174701691,1.32371997833,0.926667153835,0.600068151951,0.326474159956,0.141373664141,0.116310194135,0.148367851973,0.112423844635,0.0700920671225,0.0398904830217,0.0142987547442,0.00373164517805,0.00146526552271,0.000584024062846,0.000204269977985,0.000119929158245,0.0000303518772853],"min":[2.28226976698e-22,1.2185896143e-21,6.03888093345e-21,6.14435130832e-21,3.08589647218e-20,7.6976923741e-20,1.09036363407e-19,9.70750538688e-20,1.31084125927e-19,4.03735534952e-19,7.05485335545e-19,6.77955627386e-19,4.42505335166e-19,1.62862649888e-18,1.60269097455e-18,1.27284370971e-18,2.72947805933e-18,3.43169980547e-18,4.96269159171e-18,4.69438025718e-18,5.23961470359e-18,8.29164439816e-18,7.65252164351e-18,9.05032618419e-18,1.1948594997e-17,8.76186348917e-18,1.22606579821e-17,1.23227221706e-17,1.39075481119e-17,1.12474915991e-17,9.37064360459e-18,1.17924952621e-17,8.93304768976e-18,8.43444141449e-18,6.77821117479e-18,5.15671300824e-18,2.78462143448e-18,1.02563974967e-18,2.85777795994e-19,3.02152243348e-20],"var":[0.0723578482866,5.61260986328,16.8580551147,28.8759040833,146.511962891,122.39238739,112.585800171,608.619689941,3456.84692383,647.249206543,965.172912598,180.463134766,4478.96435547,5771.52539062,8405.54101562,1918.58825684,18889.5097656,30650.2011719,6257.73681641,1652.29882812,205.455810547,1722.95410156,3615.39355469,2085.51855469,412.923919678,1026.20471191,137.674514771,100.657676697,61.8204040527,35.8652534485,19.7886123657,12.3973445892,2.91881132126,0.477580368519,0.0450286492705,0.00228837342001,0.000237975211348,0.0000270057244052,0.00000102774436073,2.79532952341e-9]},"erbbands_crest":{"dmean":2.50896406174,"dmean2":4.01482009888,"dvar":5.67180919647,"dvar2":13.8969326019,"max":30.5763015747,"mean":11.211016655,"median":10.2606534958,"min":2.44180011749,"var":23.8860549927},"erbbands_flatness_db":{"dmean":0.0170810371637,"dmean2":0.0245924089104,"dvar":0.000321232888382,"dvar2":0.000630736583844,"max":0.415129870176,"mean":0.194741055369,"median":0.192180126905,"min":0.0248805880547,"var":0.00330436695367},"erbbands_kurtosis":{"dmean":1.1838722229,"dmean2":1.82930970192,"dvar":3.05298423767,"dvar2":7.1477560997,"max":57.4447288513,"mean":1.6471054554,"median":0.519942760468,"min":-1.88247799873,"var":13.646115303},"erbbands_skewness":{"dmean":0.35826203227,"dmean2":0.536231696606,"dvar":0.124619208276,"dvar2":0.278441816568,"max":6.85171985626,"mean":0.459109336138,"median":0.426754117012,"min":-3.38330411911,"var":1.25445556641},"erbbands_spread":{"dmean":6.00128650665,"dmean2":9.1030664444,"dvar":60.9591445923,"dvar2":136.243255615,"max":160.70489502,"mean":31.7352161407,"median":27.7948513031,"min":2.98403191566,"var":368.832824707},"gfcc":{"cov":[[19821.9316406,546.675842285,-2708.07885742,1321.75073242,-459.785766602,1149.09521484,35.0221252441,377.337677002,527.907531738,650.227416992,632.812011719,-62.6231079102,-202.810180664],[546.675842285,1397.20812988,-138.469802856,-341.782348633,134.921661377,-257.946838379,-1.71546661854,-79.5379486084,-50.2524452209,-210.297714233,5.83279561996,-32.3500480652,54.8662071228],[-2708.07885742,-138.469802856,1208.69543457,95.6898803711,181.068222046,-132.614105225,13.7658052444,94.770652771,-45.852016449,-30.5768070221,-116.035957336,121.668060303,66.8860168457],[1321.75073242,-341.782348633,95.6898803711,756.310424805,23.5013275146,39.2572937012,66.44090271,178.930847168,160.931091309,145.759262085,93.3817443848,56.4132003784,14.4817752838],[-459.785766602,134.921661377,181.068222046,23.5013275146,395.605682373,87.3798599243,74.9882202148,62.1249542236,61.6716384888,45.4972114563,-7.32343149185,48.6823120117,22.671918869],[1149.09521484,-257.946838379,-132.614105225,39.2572937012,87.3798599243,548.727600098,157.886138916,46.0318984985,88.5862350464,154.630966187,59.5230979919,7.81695318222,-42.1927604675],[35.0221252441,-1.71546661854,13.7658052444,66.44090271,74.9882202148,157.886138916,271.082122803,94.1321716309,39.6387672424,40.9996261597,8.8424987793,53.6676177979,15.973777771],[377.337677002,-79.5379486084,94.770652771,178.930847168,62.1249542236,46.0318984985,94.1321716309,203.530731201,96.5556335449,52.9308052063,24.9033508301,42.3874778748,19.8897342682],[527.907531738,-50.2524452209,-45.852016449,160.931091309,61.6716384888,88.5862350464,39.6387672424,96.5556335449,201.645584106,106.495315552,65.2822036743,-2.69409394264,-11.3408174515],[650.227416992,-210.297714233,-30.5768070221,145.759262085,45.4972114563,154.630966187,40.9996261597,52.9308052063,106.495315552,201.946365356,75.2707443237,6.21623086929,-14.8938617706],[632.812011719,5.83279561996,-116.035957336,93.3817443848,-7.32343149185,59.5230979919,8.8424987793,24.9033508301,65.2822036743,75.2707443237,159.095718384,20.7592029572,-16.2591362],[-62.6231079102,-32.3500480652,121.668060303,56.4132003784,48.6823120117,7.81695318222,53.6676177979,42.3874778748,-2.69409394264,6.21623086929,20.7592029572,125.280227661,41.5601615906],[-202.810180664,54.8662071228,66.8860168457,14.4817752838,22.671918869,-42.1927604675,15.973777771,19.8897342682,-11.3408174515,-14.8938617706,-16.2591362,41.5601615906,89.1311416626]],"icov":[[0.000209660502151,-0.000442149786977,0.000436208356405,-0.000486069184262,0.000392468995415,-0.000582822889555,0.000613788783085,-0.000584624416661,0.000343194406014,-0.000589404080529,0.000330411101459,-0.000548476993572,0.000406798702898],[-0.000442149786977,0.00222457270138,-0.000767746765632,0.00149782130029,-0.00158769462723,0.00183877465315,-0.00186135899276,0.0015499786241,-0.00120840896852,0.00259348773398,-0.00182054599281,0.00192013941705,-0.00172848347574],[0.000436208356405,-0.000767746765632,0.00209903274663,-0.00108289462514,0.000279884581687,-0.000879568979144,0.00148627778981,-0.00169615924824,0.00106722675264,-0.00136541877873,0.00155463104602,-0.00210034102201,0.000861081760377],[-0.000486069184262,0.00149782130029,-0.00108289462514,0.00329027906992,-0.000874199497048,0.00186711002607,-0.00163363444153,0.000321415311191,-0.00164734513965,0.000929888279643,-0.00158626458142,0.0011399728246,-0.00129784864839],[0.000392468995415,-0.00158769462723,0.000279884581687,-0.000874199497048,0.00436778599396,-0.00179837225005,0.0011199292494,-0.0013562743552,-0.000183406897122,-0.00212461152114,0.00169231172185,-0.00217017019168,0.000884243519977],[-0.000582822889555,0.00183877465315,-0.000879568979144,0.00186711002607,-0.00179837225005,0.00493499590084,-0.00352733768523,0.00201340252534,-0.00126486259978,0.000231940095546,-0.00137797521893,0.00170458678622,-0.000293302407954],[0.000613788783085,-0.00186135899276,0.00148627778981,-0.00163363444153,0.0011199292494,-0.00352733768523,0.00774287711829,-0.00411055237055,0.00160684611183,-0.00199935189448,0.00214322563261,-0.00365298730321,0.0012321327813],[-0.000584624416661,0.0015499786241,-0.00169615924824,0.000321415311191,-0.0013562743552,0.00201340252534,-0.00411055237055,0.0106618776917,-0.00454167369753,0.00239986577071,-0.00101443042513,0.000832845049445,-0.00215844926424],[0.000343194406014,-0.00120840896852,0.00106722675264,-0.00164734513965,-0.000183406897122,-0.00126486259978,0.00160684611183,-0.00454167369753,0.0103393075988,-0.00426572887227,-0.000663398124743,0.000663656159304,0.00133722706232],[-0.000589404080529,0.00259348773398,-0.00136541877873,0.000929888279643,-0.00212461152114,0.000231940095546,-0.00199935189448,0.00239986577071,-0.00426572887227,0.0124122751877,-0.00447179516777,0.00291230599396,-0.00223339279182],[0.000330411101459,-0.00182054599281,0.00155463104602,-0.00158626458142,0.00169231172185,-0.00137797521893,0.00214322563261,-0.00101443042513,-0.000663398124743,-0.00447179516777,0.0110989632085,-0.00494772009552,0.00322312349454],[-0.000548476993572,0.00192013941705,-0.00210034102201,0.0011399728246,-0.00217017019168,0.00170458678622,-0.00365298730321,0.000832845049445,0.000663656159304,0.00291230599396,-0.00494772009552,0.0145367700607,-0.00632099015638],[0.000406798702898,-0.00172848347574,0.000861081760377,-0.00129784864839,0.000884243519977,-0.000293302407954,0.0012321327813,-0.00215844926424,0.00133722706232,-0.00223339279182,0.00322312349454,-0.00632099015638,0.016003087163]],"mean":[-83.9285888672,123.028617859,-105.622581482,23.0971183777,-41.2550849915,-1.41375172138,-32.8681526184,-3.82468318939,-22.5089511871,-11.6025371552,-6.94672727585,-4.68671321869,-12.8692531586]},"hfc":{"dmean":3.23526334763,"dmean2":4.84285068512,"dvar":35.2067489624,"dvar2":76.5286178589,"max":161.585510254,"mean":14.4575834274,"median":5.87712287903,"min":1.06890488981e-16,"var":369.413269043},"melbands":{"dmean":[0.000647242879495,0.000644969404675,0.000442539894721,0.000406385719543,0.0000896552301128,0.00012118255836,0.000163591408636,0.0000589822520851,0.0000614451710135,0.0000209813679248,0.0000512654223712,0.0000438187635154,0.0000545334114577,0.0000295990448649,0.0000324395732605,0.0000547690542589,0.0000548132338736,0.0000260698816419,0.0000176713238034,0.00000500354190081,0.00000391312914871,0.00000862052729644,0.00000857755458128,0.00000815927160147,0.00000513080840392,0.0000024539219794,0.00000292405593427,0.00000352859183295,0.00000157746387686,9.08407059796e-7,7.25637733012e-7,6.40787618522e-7,7.53399149289e-7,4.70336232183e-7,3.41390176573e-7,3.14320288908e-7,2.57988773456e-7,1.82645578661e-7,1.42760114841e-7,9.44326217223e-8],"dmean2":[0.00100469065364,0.00106415164191,0.000738803006243,0.00065595243359,0.000139308598591,0.000181571958819,0.000239875822444,0.000090142209956,0.0000930018431973,0.0000324055072269,0.0000800204943516,0.0000650106740068,0.0000822424190119,0.0000462858151877,0.0000504007985,0.0000834284146549,0.0000830258140923,0.0000407092265959,0.0000271852532023,0.00000805773743195,0.00000614966029389,0.0000132802442749,0.0000124564503494,0.000012398585568,0.00000794990228314,0.00000368243422599,0.00000447761976829,0.0000055538171182,0.00000247979915002,0.00000147406990436,0.00000114285558084,0.00000100938109426,0.00000114089664294,7.46608520785e-7,5.35146398306e-7,4.85635723635e-7,3.9697326315e-7,2.81437735339e-7,2.26853401841e-7,1.50161142187e-7],"dvar":[0.00000364365746464,0.00000265994390247,6.03079229222e-7,4.04559187928e-7,4.54862494337e-8,1.01943527397e-7,1.90334873196e-7,3.53674423081e-8,1.95068761144e-8,2.60763499682e-9,4.42369305631e-8,2.7499547528e-8,2.49273686137e-8,7.3864798722e-9,9.43355704663e-9,3.2604436484e-8,3.50105331393e-8,6.02375216374e-9,4.65072735878e-9,4.44590364523e-10,1.41977249402e-10,6.78350209338e-10,9.99227811604e-10,7.97746591008e-10,3.56869894746e-10,5.28625788976e-11,8.91389878577e-11,1.6027941474e-10,3.00834253342e-11,1.03714406854e-11,7.38948485735e-12,7.21925167216e-12,9.43625125954e-12,2.42121774019e-12,2.70491983846e-12,2.20357542977e-12,1.75300193198e-12,6.89922945163e-13,3.71282540303e-13,1.78295759775e-13],"dvar2":[0.00000865036327014,0.00000699484235156,0.0000016472806692,0.00000107036794361,1.12739137137e-7,2.39035927052e-7,3.7712996459e-7,8.05069859666e-8,4.38439400341e-8,6.02996275134e-9,1.14428033271e-7,6.05430443557e-8,5.63558941735e-8,1.64595821417e-8,2.24637162205e-8,7.1289321113e-8,7.75201769443e-8,1.41899505479e-8,1.02331219054e-8,1.04738362428e-9,3.18784998399e-10,1.47167167341e-9,1.84871096209e-9,1.7250383344e-9,7.66629315585e-10,1.03967813525e-10,1.95517546597e-10,3.79113351823e-10,7.18503312402e-11,2.64872065253e-11,1.81433462004e-11,1.77301021087e-11,2.03278678612e-11,6.07790553997e-12,5.98603718677e-12,5.17959373308e-12,3.66533669735e-12,1.38135347345e-12,8.47740118121e-13,4.10812063621e-13],"max":[0.037855066359,0.0324008837342,0.0193035099655,0.0175392627716,0.00676583126187,0.0117316944525,0.013364280574,0.00571067631245,0.00316243106499,0.00202031573281,0.00718782376498,0.0047813449055,0.00439528515562,0.00239235349,0.00294906971976,0.00660109147429,0.00593046518043,0.00283691077493,0.00190550216939,0.000784672854934,0.000358173070708,0.00101360969711,0.00143470452167,0.00129164068494,0.00095221051015,0.00031221692916,0.000375618081307,0.000415124493884,0.000165779289091,0.000118913660117,0.000122906203615,0.000113425623567,0.000124177444377,0.0000813753285911,0.0000773434148869,0.0000926408247324,0.000106232095277,0.0000490824822919,0.0000351372582372,0.0000173773169081],"mean":[0.00159776431974,0.00158619973809,0.000811626960058,0.000742783304304,0.000236964202486,0.000300025945762,0.00033294147579,0.000117568626592,0.000127178049297,0.0000416923612647,0.000108239080873,0.0000958832461038,0.000112187713967,0.0000582304710406,0.0000648089189781,0.000124749698443,0.000123606456327,0.0000580911255383,0.0000339580765285,0.00000800953785074,0.00000702341549186,0.0000167997750395,0.0000194287331396,0.0000184954988072,0.0000113343749035,0.00000569502844883,0.00000682322161083,0.00000726816506358,0.00000293871971735,0.00000174393085217,0.00000153349185439,0.00000111665428904,0.00000149368565872,9.70708697423e-7,7.03950206571e-7,5.98865028678e-7,4.65675640271e-7,3.09219643668e-7,2.18180105094e-7,1.22255869428e-7],"median":[0.000436631729826,0.000480722548673,0.000531781988684,0.000486069679027,0.000113132722618,0.000116235569294,0.0000770042897784,0.0000293219782179,0.0000344172367477,0.000012526730643,0.0000140436741276,0.00000717925649951,0.0000143698907777,0.00000780505160947,0.00000545350394532,0.00000418267654823,0.00000559947420697,0.0000033512576465,0.00000251133610618,0.00000149011532358,0.00000171327292264,0.00000416364628109,0.00000241061798079,0.00000180230290425,9.05726381006e-7,6.99721795172e-7,5.00095893585e-7,3.47260538547e-7,2.00473124323e-7,1.09007416427e-7,4.67055620845e-8,5.59067956374e-8,5.69789975202e-8,7.9033142697e-8,6.03928356213e-8,4.10714946497e-8,3.83128337944e-8,2.73851235022e-8,1.95669276337e-8,8.07857247764e-9],"min":[2.1872576714e-24,2.33247315898e-24,1.42347445714e-24,5.12556141166e-24,4.47991623163e-24,2.44774368382e-24,1.75524588526e-24,5.03175283383e-24,7.03653672265e-24,3.23915832901e-24,1.79875511406e-24,6.44201051814e-24,5.75344223297e-24,2.66871604793e-24,3.54771338348e-24,3.41074661995e-24,6.04565406163e-24,6.7673347833e-24,5.8022092197e-24,4.85395502427e-24,6.17554947601e-24,8.24320518455e-24,5.22513537942e-24,5.81282965407e-24,6.28046087665e-24,8.42709102814e-24,7.08412870107e-24,5.237685762e-24,8.07363006664e-24,6.99097369449e-24,6.00479422219e-24,7.49233739825e-24,7.6313780771e-24,6.31413695427e-24,5.47276000086e-24,5.3571717623e-24,5.40438350975e-24,5.88221785929e-24,6.43072310188e-24,6.30220779966e-24],"var":[0.00000685876511852,0.00000552525580133,9.35455091167e-7,6.84126291617e-7,1.7410023645e-7,3.19711318753e-7,5.99193811013e-7,8.37017779531e-8,5.81716470549e-8,7.08873670874e-9,1.32821099896e-7,1.01886193704e-7,8.33267392863e-8,1.8930268908e-8,3.01045233186e-8,1.43823228882e-7,1.31831626504e-7,2.10728643424e-8,1.33832323002e-8,7.50133954952e-10,2.9919705602e-10,1.79047887627e-9,3.70138852901e-9,2.88693402517e-9,1.46555090286e-9,2.79624823296e-10,4.10765949033e-10,4.95314955717e-10,7.87082204967e-11,3.19280608896e-11,3.64183891377e-11,1.60261751786e-11,2.89694709193e-11,7.56570500693e-12,6.72637553295e-12,5.6767177764e-12,5.08554266407e-12,1.73487179483e-12,7.43779170198e-13,2.59804574772e-13]},"melbands_crest":{"dmean":2.66258645058,"dmean2":4.30033779144,"dvar":6.17625141144,"dvar2":15.3344726562,"max":33.6772460938,"mean":15.8347177505,"median":15.2016420364,"min":1.70736670494,"var":29.7745990753},"melbands_flatness_db":{"dmean":0.0246908981353,"dmean2":0.036892361939,"dvar":0.000742595293559,"dvar2":0.00156126799993,"max":0.590161919594,"mean":0.282657891512,"median":0.27911478281,"min":0.00411201315001,"var":0.00745672127232},"melbands_kurtosis":{"dmean":8.40287494659,"dmean2":13.1381235123,"dvar":200.541793823,"dvar2":477.7059021,"max":351.09765625,"mean":22.0647296906,"median":12.8204011917,"min":-1.71769618988,"var":809.067382812},"melbands_skewness":{"dmean":0.68447303772,"dmean2":1.05521726608,"dvar":0.557205021381,"dvar2":1.27848577499,"max":14.0127649307,"mean":3.12330651283,"median":2.89269137383,"min":-1.79795253277,"var":4.31361865997},"melbands_spread":{"dmean":3.90603709221,"dmean2":6.0013012886,"dvar":39.5119743347,"dvar2":89.6605529785,"max":196.016937256,"mean":16.563293457,"median":10.0564041138,"min":0.544623315334,"var":319.202178955},"mfcc":{"cov":[[13889.2626953,-891.726379395,-1336.90576172,128.987747192,-114.945022583,747.897460938,192.016967773,164.340377808,-147.320571899,889.791625977,817.756469727,550.370239258,190.8125],[-891.726379395,1696.70861816,-75.969871521,-175.895858765,91.9200592041,-165.337615967,9.73046588898,38.9995918274,-49.987651825,-139.783691406,-139.434463501,-80.8354873657,-16.4539852142],[-1336.90576172,-75.969871521,717.90020752,232.48324585,64.7512741089,-66.7288818359,1.36640095711,37.1418533325,104.832977295,-109.394065857,-74.5754928589,-14.949877739,34.2809295654],[128.987747192,-175.895858765,232.48324585,691.507873535,121.047332764,-111.264259338,-31.4858531952,56.2232208252,79.4258117676,16.7015380859,20.7745513916,26.5118122101,85.2789306641],[-114.945022583,91.9200592041,64.7512741089,121.047332764,299.780761719,48.3970184326,-11.0830135345,9.64649772644,39.9838676453,30.8822784424,35.773815155,27.3547496796,22.1300411224],[747.897460938,-165.337615967,-66.7288818359,-111.264259338,48.3970184326,350.33883667,121.762336731,30.6384906769,52.7102050781,80.1718215942,135.139709473,49.7448234558,20.515542984],[192.016967773,9.73046588898,1.36640095711,-31.4858531952,-11.0830135345,121.762336731,196.244567871,82.8707351685,60.3423995972,3.83522748947,45.8709487915,23.9442386627,22.4474582672],[164.340377808,38.9995918274,37.1418533325,56.2232208252,9.64649772644,30.6384906769,82.8707351685,198.476715088,81.739402771,3.87387514114,40.9843177795,10.2612428665,45.4357566833],[-147.320571899,-49.987651825,104.832977295,79.4258117676,39.9838676453,52.7102050781,60.3423995972,81.739402771,221.621124268,14.3966531754,28.5461902618,-1.98487389088,8.99345397949],[889.791625977,-139.783691406,-109.394065857,16.7015380859,30.8822784424,80.1718215942,3.83522748947,3.87387514114,14.3966531754,227.556671143,119.867301941,48.1653213501,28.4985980988],[817.756469727,-139.434463501,-74.5754928589,20.7745513916,35.773815155,135.139709473,45.8709487915,40.9843177795,28.5461902618,119.867301941,208.142227173,58.3850021362,21.6736755371],[550.370239258,-80.8354873657,-14.949877739,26.5118122101,27.3547496796,49.7448234558,23.9442386627,10.2612428665,-1.98487389088,48.1653213501,58.3850021362,149.013977051,41.5135612488],[190.8125,-16.4539852142,34.2809295654,85.2789306641,22.1300411224,20.515542984,22.4474582672,45.4357566833,8.99345397949,28.4985980988,21.6736755371,41.5135612488,127.939910889]],"icov":[[0.000146214166307,-8.06857940461e-7,0.000204773736186,-0.00014356871543,0.000163488293765,-0.000211030652281,0.0000583235669183,-0.000135955837322,0.000137579336297,-0.000286173424684,-0.000133544963319,-0.000320368766552,0.0000469166916446],[-8.06857940461e-7,0.000772787258029,0.000150589054101,0.00032412802102,-0.000569009687752,0.000539071974345,-0.00034304818837,-0.000242680995143,0.000112202091259,0.00029121778789,0.000175167879206,0.000266626913799,-0.000186399789527],[0.000204773736186,0.000150589054101,0.00218970305286,-0.000627422938123,-0.0000880981824594,-0.000176500194357,0.0000489316262247,-0.000128284082166,-0.000602256273851,0.000518491491675,0.00023022282403,-0.000437132519437,-0.000344353466062],[-0.00014356871543,0.00032412802102,-0.000627422938123,0.00242679403163,-0.00107058067806,0.00154292420484,-0.0000718974843039,-0.0000325974469888,-0.000632526760455,0.000285069050733,-0.000529219920281,0.000370367866708,-0.00128126866184],[0.000163488293765,-0.000569009687752,-0.0000880981824594,-0.00107058067806,0.00454064877704,-0.00158111646306,0.00119262910448,0.0000227467244258,-0.000306158879539,-0.000685508188326,-0.00028531064163,-0.000957389944233,0.000204201627639],[-0.000211030652281,0.000539071974345,-0.000176500194357,0.00154292420484,-0.00158111646306,0.00618894491345,-0.00308736599982,0.00114787009079,-0.000922580133192,0.000391203240724,-0.00246241083369,0.000512572936714,-0.000953433394898],[0.0000583235669183,-0.00034304818837,0.0000489316262247,-0.0000718974843039,0.00119262910448,-0.00308736599982,0.00855407677591,-0.00268800999038,-0.000905456778128,0.000682618236169,0.000025620802262,-0.000967292231508,-0.000132631990709],[-0.000135955837322,-0.000242680995143,-0.000128284082166,-0.0000325974469888,0.0000227467244258,0.00114787009079,-0.00268800999038,0.00792617257684,-0.00229440280236,0.000933457864448,-0.00159399653785,0.00080689258175,-0.00234200176783],[0.000137579336297,0.000112202091259,-0.000602256273851,-0.000632526760455,-0.000306158879539,-0.000922580133192,-0.000905456778128,-0.00229440280236,0.00650509819388,-0.00100045080762,0.000163955221069,0.00028017355362,0.00121370039415],[-0.000286173424684,0.00029121778789,0.000518491491675,0.000285069050733,-0.000685508188326,0.000391203240724,0.000682618236169,0.000933457864448,-0.00100045080762,0.00774937355891,-0.0032208126504,0.000179291557288,-0.00142850948032],[-0.000133544963319,0.000175167879206,0.00023022282403,-0.000529219920281,-0.00028531064163,-0.00246241083369,0.000025620802262,-0.00159399653785,0.000163955221069,-0.0032208126504,0.00963722541928,-0.00133250141516,0.00102423992939],[-0.000320368766552,0.000266626913799,-0.000437132519437,0.000370367866708,-0.000957389944233,0.000512572936714,-0.000967292231508,0.00080689258175,0.00028017355362,0.000179291557288,-0.00133250141516,0.00918840337545,-0.00246640341356],[0.0000469166916446,-0.000186399789527,-0.000344353466062,-0.00128126866184,0.000204201627639,-0.000953433394898,-0.000132631990709,-0.00234200176783,0.00121370039415,-0.00142850948032,0.00102423992939,-0.00246640341356,0.0105007505044]],"mean":[-727.718383789,155.638137817,-0.0567802339792,26.4254970551,10.7586231232,2.14815163612,2.42694997787,5.48520374298,-12.1598262787,-2.94570541382,-3.84128427505,-1.54341292381,-4.38468503952]},"pitch_salience":{"dmean":0.0648076310754,"dmean2":0.104663036764,"dvar":0.00373594393022,"dvar2":0.00930158328265,"max":0.951201915741,"mean":0.490503579378,"median":0.493250876665,"min":0.070155620575,"var":0.0147533044219},"silence_rate_20dB":{"dmean":0,"dmean2":0,"dvar":0,"dvar2":0,"max":1,"mean":1,"median":1,"min":1,"var":0},"silence_rate_30dB":{"dmean":0.003383458592,"dmean2":0.00676755327731,"dvar":0.00337200728245,"dvar2":0.00916557759047,"max":1,"mean":0.997650623322,"median":1,"min":0,"var":0.00234401668422},"silence_rate_60dB":{"dmean":0.0413533821702,"dmean2":0.0827145427465,"dvar":0.0396423377097,"dvar2":0.0929747670889,"max":1,"mean":0.145756974816,"median":0,"min":0,"var":0.124508447945},"spectral_centroid":{"dmean":156.134048462,"dmean2":235.832015991,"dvar":55302.953125,"dvar2":119004.53125,"max":11628.484375,"mean":944.467407227,"median":725.016418457,"min":168.834396362,"var":528938.4375},"spectral_complexity":{"dmean":1.9312030077,"dmean2":3.14785218239,"dvar":7.38052034378,"dvar2":17.0601081848,"max":48,"mean":12.4140586853,"median":10,"min":0,"var":82.1120223999},"spectral_contrast_coeffs":{"dmean":[0.0474768280983,0.0383553393185,0.0343418940902,0.0281235948205,0.0220594722778,0.0151627128944],"dmean2":[0.0779607743025,0.0621801838279,0.0555275827646,0.0449985563755,0.0341870933771,0.0233651436865],"dvar":[0.00155908043962,0.00109668402001,0.000821764580905,0.000586196780205,0.000390267203329,0.000219771449338],"dvar2":[0.00407283939421,0.00274030514993,0.00208079093136,0.00138759834226,0.000831571000163,0.000470813916763],"max":[-0.235792905092,-0.400780141354,-0.489031076431,-0.502001404762,-0.507121443748,-0.585423231125],"mean":[-0.603297770023,-0.698216974735,-0.739783883095,-0.749127268791,-0.76567709446,-0.786660671234],"median":[-0.609156012535,-0.703864574432,-0.746587157249,-0.760133266449,-0.767935931683,-0.790298998356],"min":[-0.971585690975,-0.975294351578,-0.971329629421,-0.965459883213,-0.966840207577,-0.963407099247],"var":[0.0104912156239,0.00636818213388,0.00537367397919,0.0060632894747,0.00323415664025,0.00253633386455]},"spectral_contrast_valleys":{"dmean":[0.396178275347,0.307780921459,0.299603879452,0.274358212948,0.259515047073,0.293949782848],"dmean2":[0.636752068996,0.508279502392,0.490470409393,0.435195595026,0.388486504555,0.40584269166],"dvar":[0.143505007029,0.0907742753625,0.0888212323189,0.0964322164655,0.112129829824,0.168903559446],"dvar2":[0.328527063131,0.21714168787,0.206913113594,0.20720936358,0.224656805396,0.319166719913],"max":[-5.16647863388,-4.87574052811,-5.48561191559,-5.83785009384,-5.74592351913,-7.84782361984],"mean":[-7.77862548828,-7.51020240784,-8.41784763336,-8.79694080353,-8.78514194489,-11.574057579],"median":[-7.36128139496,-7.22581243515,-8.2457408905,-8.54246044159,-8.60267066956,-11.5182247162],"min":[-27.8427448273,-27.6208534241,-27.4749031067,-27.4595298767,-27.341753006,-27.3276557922],"var":[2.80312728882,2.26492238045,2.42431497574,2.54101800919,2.7098839283,2.2314581871]},"spectral_decrease":{"dmean":1.41380784857e-9,"dmean2":2.19697593451e-9,"dvar":5.69782561365e-18,"dvar2":1.31931668108e-17,"max":4.26738639898e-17,"mean":-5.65342972436e-9,"median":-4.34139968419e-9,"min":-4.90710156953e-8,"var":2.76979475967e-17},"spectral_energy":{"dmean":0.00554368179291,"dmean2":0.00859792064875,"dvar":0.0000850770447869,"dvar2":0.000196253691684,"max":0.190043106675,"mean":0.0226487629116,"median":0.0172249730676,"min":1.02776577187e-20,"var":0.000449173356174},"spectral_energyband_high":{"dmean":0.000140234114951,"dmean2":0.000210898186197,"dvar":1.93236871837e-7,"dvar2":4.31398206047e-7,"max":0.013447906822,"mean":0.000342535146046,"median":0.0000328535534209,"min":6.50070136244e-21,"var":8.26772009077e-7},"spectral_energyband_low":{"dmean":0.00324297533371,"dmean2":0.00515749957412,"dvar":0.000066224616603,"dvar2":0.000157686590683,"max":0.162022635341,"mean":0.00891661178321,"median":0.00398620404303,"min":2.35865324362e-23,"var":0.000156360649271},"spectral_energyband_middle_high":{"dmean":0.00148752180394,"dmean2":0.0022559214849,"dvar":0.00000984666166914,"dvar2":0.0000223806855502,"max":0.0774397179484,"mean":0.00578850088641,"median":0.00107257324271,"min":1.50033730719e-21,"var":0.0000965881699813},"spectral_energyband_middle_low":{"dmean":0.00290045165457,"dmean2":0.00452293781564,"dvar":0.0000179022499651,"dvar2":0.0000434164794569,"max":0.0971582308412,"mean":0.00841221399605,"median":0.00605429382995,"min":2.28860009176e-22,"var":0.000061408696638},"spectral_entropy":{"dmean":0.190350487828,"dmean2":0.285834819078,"dvar":0.0513597242534,"dvar2":0.109376661479,"max":9.82345485687,"mean":6.87668037415,"median":6.93773841858,"min":4.03901004791,"var":0.482348680496},"spectral_flux":{"dmean":0.0184007007629,"dmean2":0.0298222247511,"dvar":0.000493520114105,"dvar2":0.00115026242565,"max":0.330022037029,"mean":0.0573480501771,"median":0.0478917621076,"min":6.59789792246e-11,"var":0.00191052164882},"spectral_kurtosis":{"dmean":3.52496099472,"dmean2":5.89052391052,"dvar":23.8342514038,"dvar2":61.5313720703,"max":99.7992553711,"mean":10.4392080307,"median":7.96889972687,"min":-1.24909961224,"var":84.8843612671},"spectral_rms":{"dmean":0.000537852756679,"dmean2":0.000825894880109,"dvar":4.46356835937e-7,"dvar2":9.45135354868e-7,"max":0.0136164566502,"mean":0.00415059411898,"median":0.0040993723087,"min":3.16654124796e-12,"var":0.00000486893168272},"spectral_rolloff":{"dmean":214.512695312,"dmean2":368.617095947,"dvar":335963.84375,"dvar2":797756.25,"max":19186.0839844,"mean":1075.55090332,"median":495.263671875,"min":86.1328125,"var":4104636.5},"spectral_skewness":{"dmean":0.333579033613,"dmean2":0.54213142395,"dvar":0.148104637861,"dvar2":0.360777258873,"max":8.18987083435,"mean":2.20372676849,"median":2.10081171989,"min":-0.076341971755,"var":0.945046722889},"spectral_spread":{"dmean":418015.03125,"dmean2":630147.25,"dvar":406362587136,"dvar2":812260589568,"max":41643600,"mean":3497844,"median":3108808.5,"min":843928.0625,"var":3930055245820},"spectral_strongpeak":{"dmean":0.445677101612,"dmean2":0.766536653042,"dvar":1.13585245609,"dvar2":2.83108258247,"max":14.0505189896,"mean":0.936565101147,"median":0.407898157835,"min":1.4278532523e-10,"var":2.3507668972},"zerocrossingrate":{"dmean":0.00570063758641,"dmean2":0.00706183491275,"dvar":0.0000690243687131,"dvar2":0.0000840106222313,"max":0.69580078125,"mean":0.0411507599056,"median":0.03076171875,"min":0.00341796875,"var":0.00344645185396}},"metadata":{"audio_properties":{"analysis_sample_rate":44100,"bit_rate":255204,"codec":"mp3","downmix":"mix","equal_loudness":0,"length":247.039993286,"lossless":false,"md5_encoded":"22f0ee1f7eaacad7674ceb6c413ee504","replay_gain":-12.8382606506,"sample_rate":44100},"tags":{"album":["Jake Bugg"],"artist":["Jake Bugg"],"date":["2012-10-15"],"encoding":["LAME v3.98.4"],"file_name":"1829785.mp3","genre":["民谣/乡村"],"label":["Mercury"],"language":["eng"],"musicbrainz_recordingid":["6561de62-b1ec-405f-913a-d43f4286524a"],"title":["Broken"],"tracknumber":["7/14"]},"version":{"essentia":"2.1-beta2","essentia_build_sha":"70f2e5ece6736b2c40cc944ad0e695b16b925413","essentia_git_sha":"v2.1_beta2","extractor":"music 1.0"}},"rhythm":{"beats_count":503,"beats_loudness":{"dmean":0.0175211969763,"dmean2":0.0322721041739,"dvar":0.000378809258109,"dvar2":0.00108367204666,"max":0.142407476902,"mean":0.0299454331398,"median":0.0240562427789,"min":3.11238201878e-10,"var":0.000694837304763},"beats_loudness_band_ratio":{"dmean":[0.214823693037,0.173309788108,0.0916983187199,0.0931661054492,0.0581907108426,0.0272268783301],"dmean2":[0.354714214802,0.303635507822,0.158918067813,0.152819618583,0.103801622987,0.0467943176627],"dvar":[0.029392555356,0.0276472363621,0.01165763475,0.0146622126922,0.00734517769888,0.00171181873884],"dvar2":[0.07800963521,0.0792960599065,0.0302042569965,0.0330398641527,0.0202615708113,0.00395138468593],"max":[0.99334192276,0.945798039436,0.807422816753,0.76571148634,0.679275929928,0.969087898731],"mean":[0.537359058857,0.2686226964,0.108674943447,0.110450357199,0.0595896504819,0.0299919061363],"median":[0.53512609005,0.184266611934,0.0669912993908,0.0379862040281,0.0233796387911,0.00955743715167],"min":[0.00268889055587,0.0036655117292,0.000496933062095,0.000383222766686,0.000509673671331,0.000178569578566],"var":[0.062