{"lowlevel":{"average_loudness":0.886993706226,"barkbands":{"dmean":[0.0000285190326395,0.00208461005241,0.00170327280648,0.00115888111759,0.00150839239359,0.00123501638882,0.000979469390586,0.000370376510546,0.0013621209655,0.00124163751025,0.000353074952727,0.000493451196235,0.000348097266397,0.000432958302554,0.000279613363091,0.000312583113555,0.000353696843376,0.000307763111778,0.000210718790186,0.000157026006491,0.0000761897899793,0.0000427810155088,0.0000372460999642,0.0000324130924128,0.00000769673624745,0.00000356946952706,7.69355722241e-7],"dmean2":[0.0000443104909209,0.00344305485487,0.00291422940791,0.00198012730107,0.00242960057221,0.0019292231882,0.00156697316561,0.000597675913014,0.00227411277592,0.0020681952592,0.000571175885852,0.000798101129476,0.000565593247302,0.000722032855265,0.000444094737759,0.000505503558088,0.000574274628889,0.000513169856276,0.000347374589182,0.00025892193662,0.000126363855088,0.0000648329951218,0.0000583711371291,0.0000454600558442,0.000011043678569,0.00000535260232937,0.00000120190713915],"dvar":[5.96465854485e-9,0.0000255244667642,0.0000169778468262,0.00000422586663262,0.00000665665857014,0.00000442114424004,0.00000378492791242,7.23225809907e-7,0.00000964207356446,0.00000960844863584,8.53291453495e-7,9.68379481492e-7,4.81125823626e-7,8.9805234893e-7,2.5509700663e-7,2.19804874746e-7,2.68193218744e-7,1.90400101019e-7,1.10473742154e-7,6.0359759857e-8,1.46911167676e-8,1.36401441253e-8,9.66285895743e-9,2.47911540185e-8,1.07916686698e-9,2.7576219086e-10,1.79485714485e-11],"dvar2":[1.34561579657e-8,0.0000655369804008,0.0000473741129099,0.000012054238141,0.0000170363273355,0.0000107436017061,0.00000941961206991,0.00000186658337498,0.0000276425726042,0.0000271058743238,0.00000219191929318,0.00000240326221501,0.00000124135146962,0.00000234177286984,5.9292443666e-7,5.55373958377e-7,6.62650563754e-7,4.98774227253e-7,2.74486353646e-7,1.5294013167e-7,3.7639548367e-8,2.33186572274e-8,1.93318658859e-8,3.99214847846e-8,2.05969552525e-9,5.71984015707e-10,4.01970297326e-11],"max":[0.00117325235624,0.0696370378137,0.0552532039583,0.0308209620416,0.0460189543664,0.0408110208809,0.0424100980163,0.020346134901,0.0448997505009,0.0486711747944,0.031633593142,0.0247412808239,0.0193140264601,0.0284367669374,0.014913437888,0.00863455422223,0.00773826194927,0.00791166163981,0.00708878180012,0.00451258942485,0.00215121312067,0.00790851283818,0.00451740203425,0.00631728814915,0.00186639372259,0.000956171599682,0.000247343152296],"mean":[0.0000378100339731,0.00298436544836,0.00269766245037,0.00215960037895,0.00333088659681,0.00262767146342,0.00179551809561,0.000652871385682,0.00208283727989,0.00199979939498,0.000588193128351,0.000841983594,0.000626303721219,0.000763078860473,0.000517754990142,0.000604916422162,0.000747015175875,0.000736280868296,0.000517611042596,0.000405814906117,0.000205649121199,0.000114966191177,0.000104415710666,0.0000820896020741,0.0000205757314689,0.00000736235597287,0.00000131421916194],"median":[0.00000197019630832,0.00121974386275,0.000654551316984,0.000910485512577,0.00205249479041,0.00136704964098,0.000825102615636,0.000292868353426,0.000737484544516,0.000661379890516,0.000219401088543,0.000373492774088,0.000291517033475,0.00036710864515,0.000322837149724,0.000445754238172,0.000601298524998,0.000584100373089,0.000417331699282,0.000325895758579,0.000168573402334,0.0000708356456016,0.0000585269262956,0.0000330410475726,0.00000918013211049,0.00000249461572821,5.01565978084e-7],"min":[6.32246699439e-10,3.2054892074e-8,2.40654962624e-8,1.3955336442e-7,4.29508730804e-7,0.0000025581614409,0.00000242957548835,9.42852125263e-7,0.00000277923595604,0.00000177238075594,9.51514209646e-7,0.00000119521394026,0.00000163811375842,0.00000144642967825,0.00000103188563116,8.03179545983e-7,0.00000120379581858,0.00000164478319675,9.65081540016e-7,8.63992568156e-7,5.23074049852e-7,1.32303867417e-7,9.88909434341e-8,6.54783107734e-8,6.16276665255e-8,5.83120147724e-8,7.24611908254e-8],"var":[8.71247340939e-9,0.0000294528854283,0.000025792454835,0.00000881344749359,0.0000172105737875,0.0000129915797515,0.00000905173237697,0.00000126460315641,0.000014538927644,0.0000172530089912,0.00000197929466594,0.00000208842311622,0.00000124260589018,0.00000182132475857,5.35141339242e-7,4.29868777019e-7,5.82654195114e-7,5.80717710363e-7,2.99268123172e-7,1.74629917638e-7,4.52826967035e-8,3.59450815779e-8,2.77922964642e-8,8.07835078831e-8,2.58138066478e-9,7.61550322803e-10,3.39949110528e-11]},"barkbands_crest":{"dmean":2.17291522026,"dmean2":3.54528188705,"dvar":4.42538690567,"dvar2":11.4787216187,"max":26.1748657227,"mean":8.38291454315,"median":7.4695353508,"min":2.46568226814,"var":14.0140600204},"barkbands_flatness_db":{"dmean":0.0138827841729,"dmean2":0.0218637213111,"dvar":0.000173612846993,"dvar2":0.000437334121671,"max":0.316526830196,"mean":0.121276751161,"median":0.114826664329,"min":0.0276502147317,"var":0.00130665418692},"barkbands_kurtosis":{"dmean":1.25404727459,"dmean2":2.00638699532,"dvar":5.3599524498,"dvar2":12.8585596085,"max":59.0243034363,"mean":1.28357172012,"median":0.234530925751,"min":-1.84661841393,"var":13.4452400208},"barkbands_skewness":{"dmean":0.349120050669,"dmean2":0.54508125782,"dvar":0.129073262215,"dvar2":0.294861912727,"max":7.27779150009,"mean":1.0813331604,"median":0.960895240307,"min":-3.93312072754,"var":0.671394109726},"barkbands_spread":{"dmean":3.90182423592,"dmean2":6.26477766037,"dvar":16.0073814392,"dvar2":37.6099014282,"max":81.7575378418,"mean":22.7828903198,"median":22.322977066,"min":2.26440024376,"var":86.4387207031},"dissonance":{"dmean":0.015215491876,"dmean2":0.0261195730418,"dvar":0.000216416665353,"dvar2":0.00060855364427,"max":0.500000119209,"mean":0.471237838268,"median":0.47722607851,"min":0.313101708889,"var":0.000496522057801},"dynamic_complexity":3.28911113739,"erbbands":{"dmean":[0.0510706193745,0.513934016228,1.74493646622,2.98282361031,4.00692224503,5.34164571762,9.57100391388,9.82721424103,12.9182796478,13.0969734192,8.89327144623,26.5780735016,46.4066123962,23.0427112579,14.2625818253,20.4399967194,16.1926860809,22.2922725677,12.9212617874,14.6061115265,19.2349720001,17.142534256,16.857925415,10.4291229248,10.8305339813,6.84852838516,4.27419137955,1.85056245327,1.43507099152,1.37267327309,1.11304712296,0.804862380028,0.486151516438,0.132125094533,0.0393717065454,0.016762431711,0.00638140831143,0.00141031574458,0.000125704129459,0.0000121006078189],"dmean2":[0.0829068571329,0.853041231632,2.97874045372,5.04666185379,6.57121276855,8.72675609589,14.8479404449,15.7332658768,20.7253456116,20.8835601807,14.3592233658,43.896736145,78.4602203369,37.5630569458,23.0907764435,32.9970207214,26.0453109741,36.9358024597,20.6145000458,24.1017055511,31.1819400787,27.8413543701,27.8964309692,17.1814594269,17.7700176239,11.2651395798,7.14334487915,2.96500062943,2.20743465424,2.11294364929,1.75279533863,1.18132948875,0.690098047256,0.187879100442,0.0584646500647,0.0251968670636,0.00949171651155,0.00215883832425,0.000194778462173,0.0000187757759704],"dvar":[0.0183557681739,1.42914783955,17.5582408905,30.4810447693,79.0957336426,79.516418457,237.312866211,397.200531006,495.175994873,1442.30493164,448.616424561,3745.85888672,13342.6816406,3911.4375,1513.78063965,1686.89794922,1135.17285156,2705.15209961,538.381164551,640.071472168,861.950317383,687.29510498,587.242126465,223.006057739,309.90234375,115.35181427,45.7211112976,12.4254312515,14.644405365,16.2372646332,8.78005313873,11.2166051865,9.10699653625,0.488578170538,0.0136284483597,0.00303897983395,0.00119814299978,0.0000948798624449,4.26868609793e-7,9.01527519304e-10],"dvar2":[0.0447442792356,3.73546719551,48.8286476135,85.8468093872,202.911010742,206.417953491,565.983398438,973.065246582,1242.30310059,3644.38793945,1124.68212891,10425.3242188,38076.859375,10740.0166016,3779.55249023,4212.91894531,2898.69604492,7024.2421875,1250.70471191,1693.43920898,2161.97460938,1741.93054199,1545.05664062,560.603271484,740.05267334,295.665252686,125.640930176,27.0240497589,23.7225952148,34.703502655,17.366394043,19.9492740631,17.5770797729,0.835506379604,0.0268073733896,0.00645975070074,0.00249460828491,0.000202211580472,9.39618644225e-7,1.9785648675e-9],"max":[1.85408782959,16.4148159027,58.6976509094,81.6702270508,196.665161133,151.314620972,366.952575684,450.469665527,492.903076172,789.314819336,608.701293945,1059.36901855,1780.71765137,1757.49841309,1493.82226562,845.665466309,1019.32061768,1548.02441406,859.95916748,406.576843262,526.274108887,495.042114258,402.820953369,448.337646484,311.140319824,157.6587677,117.806335449,130.631454468,231.270141602,240.235488892,138.529403687,117.316986084,148.290512085,43.7394981384,4.07507562637,2.89539408684,1.8965306282,0.598604023457,0.0394886285067,0.00171964790206],"mean":[0.0714582279325,0.748982667923,2.81766486168,5.81061697006,7.8614897728,11.2373886108,21.0052547455,18.9506855011,23.7529201508,23.6003513336,17.31067276,43.0376434326,72.4604263306,43.3212890625,26.906370163,36.68907547,31.8601551056,41.068977356,26.4626731873,29.01222229,39.165512085,40.5757064819,42.4418106079,27.4552631378,28.3259677887,18.6009693146,11.1697721481,5.48226928711,3.92858529091,3.64642453194,3.06859302521,2.08699274063,1.11146450043,0.337413996458,0.106614165008,0.0396140627563,0.0119230542332,0.00223633903079,0.000227405922487,0.0000457991445728],"median":[0.0189338754863,0.324756115675,0.839516460896,2.72899198532,3.7366976738,6.8724064827,10.7294826508,9.40497970581,12.6654701233,9.02725791931,9.63621330261,16.7847709656,21.5446052551,18.6482772827,13.9567909241,17.61287117,16.6967582703,18.9254493713,18.9240036011,18.4051132202,29.9617671967,34.2985916138,35.1195755005,23.2804088593,22.8318710327,15.0414905548,9.51692771912,4.18765735626,2.45801210403,2.12177872658,1.72059071064,0.947860479355,0.429761379957,0.145191624761,0.0477423705161,0.0155486194417,0.00346049387008,0.000594721583184,0.0000939827950788,0.0000425877151429],"min":[8.63376499183e-7,0.00000866829304869,0.0000930740498006,0.000714901834726,0.00188945210539,0.00196705805138,0.00906456448138,0.0207365341485,0.0306889582425,0.0292909424752,0.0875614956021,0.110378868878,0.202817678452,0.0942259132862,0.0684020072222,0.0651077777147,0.115429006517,0.121237039566,0.0758506208658,0.0635927841067,0.0514129661024,0.0689651668072,0.0807780623436,0.0767540410161,0.0544735603034,0.0466635003686,0.0267559681088,0.0133495861664,0.00653517851606,0.00290886871517,0.00268973363563,0.00197963323444,0.00099659524858,0.00064718950307,0.00042082805885,0.000222096321522,0.000105428982351,0.0000377751603082,0.00000901409384824,0.00000189595857591],"var":[0.0224445313215,1.67241942883,27.1843032837,56.7972106934,163.21635437,200.548202515,981.110900879,909.676452637,1151.52148438,3021.19995117,671.116271973,5754.80322266,21189.4335938,9459.48339844,2837.37841797,3647.53417969,2999.92871094,5466.21191406,1137.46166992,1415.40112305,1724.28161621,1572.45263672,1776.87817383,762.477722168,898.964233398,351.188323975,124.492462158,39.9554405212,41.9824142456,35.5380592346,25.2048854828,37.9291114807,20.8296127319,1.17798197269,0.0454072616994,0.0102718863636,0.00309121562168,0.000181113966391,8.87254373083e-7,2.30692931424e-9]},"erbbands_crest":{"dmean":2.58075499535,"dmean2":4.27621030807,"dvar":6.34309482574,"dvar2":16.3802242279,"max":30.5672893524,"mean":8.67387199402,"median":7.50420379639,"min":2.407143116,"var":19.3409633636},"erbbands_flatness_db":{"dmean":0.01273887977,"dmean2":0.0196199417114,"dvar":0.00015195729793,"dvar2":0.000351286522346,"max":0.332181572914,"mean":0.170971393585,"median":0.164029404521,"min":0.0655203536153,"var":0.00170803314541},"erbbands_kurtosis":{"dmean":0.603198409081,"dmean2":0.979928910732,"dvar":0.843056857586,"dvar2":2.02279257774,"max":19.0767154694,"mean":-0.166999161243,"median":-0.476177692413,"min":-1.67450797558,"var":1.76271653175},"erbbands_skewness":{"dmean":0.303621739149,"dmean2":0.48336943984,"dvar":0.0813795700669,"dvar2":0.201778993011,"max":3.93586397171,"mean":0.0825043916702,"median":0.0154219698161,"min":-3.63760733604,"var":0.40363624692},"erbbands_spread":{"dmean":5.42228984833,"dmean2":8.5287103653,"dvar":26.9065170288,"dvar2":62.3398971558,"max":102.842254639,"mean":34.4768943787,"median":33.4142417908,"min":5.45475530624,"var":154.039245605},"gfcc":{"cov":[[5361.68212891,-284.784179688,200.125701904,1334.7109375,-213.798492432,585.304077148,99.020980835,385.199829102,63.6339454651,130.7215271,27.622838974,104.563201904,31.7442188263],[-284.784179688,755.18157959,162.400497437,37.1874084473,282.183380127,-68.4443740845,116.645965576,-41.4228248596,-19.2657318115,22.6316757202,36.4038581848,-19.8938426971,47.0360984802],[200.125701904,162.400497437,533.336364746,230.691589355,80.6695556641,88.1729125977,15.6307888031,15.1509275436,-26.1347122192,51.4771652222,-22.9514217377,-4.55524349213,-20.2036972046],[1334.7109375,37.1874084473,230.691589355,570.081115723,49.7440681458,179.437210083,68.8082580566,113.554069519,21.0161647797,49.9173851013,14.855755806,21.5536975861,16.4923934937],[-213.798492432,282.183380127,80.6695556641,49.7440681458,327.263031006,16.0676441193,101.301124573,1.55408728123,-18.9516143799,41.8819236755,-29.4637928009,4.99720430374,17.8242435455],[585.304077148,-68.4443740845,88.1729125977,179.437210083,16.0676441193,220.864089966,70.2123260498,62.7281074524,-11.5149726868,1.87030017376,-4.01320886612,10.2234382629,-7.54026412964],[99.020980835,116.645965576,15.6307888031,68.8082580566,101.301124573,70.2123260498,149.84463501,58.9490737915,-10.1980438232,9.58627223969,3.40211343765,13.9705810547,9.28582191467],[385.199829102,-41.4228248596,15.1509275436,113.554069519,1.55408728123,62.7281074524,58.9490737915,121.836624146,35.0343475342,21.5720920563,12.3085451126,15.9562501907,0.138112843037],[63.6339454651,-19.2657318115,-26.1347122192,21.0161647797,-18.9516143799,-11.5149726868,-10.1980438232,35.0343475342,93.2295150757,34.1469497681,14.8561544418,2.55025100708,-8.03113460541],[130.7215271,22.6316757202,51.4771652222,49.9173851013,41.8819236755,1.87030017376,9.58627223969,21.5720920563,34.1469497681,92.1713790894,14.1329889297,6.55225467682,1.621768713],[27.622838974,36.4038581848,-22.9514217377,14.855755806,-29.4637928009,-4.01320886612,3.40211343765,12.3085451126,14.8561544418,14.1329889297,104.436782837,31.5049591064,9.5289440155],[104.563201904,-19.8938426971,-4.55524349213,21.5536975861,4.99720430374,10.2234382629,13.9705810547,15.9562501907,2.55025100708,6.55225467682,31.5049591064,66.7509765625,23.3694629669],[31.7442188263,47.0360984802,-20.2036972046,16.4923934937,17.8242435455,-7.54026412964,9.28582191467,0.138112843037,-8.03113460541,1.621768713,9.5289440155,23.3694629669,66.1464004517]],"icov":[[0.000985677470453,-0.000866714573931,0.00116798188537,-0.00214644684456,0.00147936015856,-0.00153015612159,0.00146632699762,-0.00148936640471,0.00129378784914,-0.00173275219277,0.00160285783932,-0.00179447804112,0.000862049229909],[-0.000866714573931,0.00431185541674,-0.00237694545649,0.00168560387101,-0.00368374283426,0.00331009994261,-0.00416448712349,0.00325186690316,-0.00245012901723,0.00316583993845,-0.00443088123575,0.0048253829591,-0.00329025392421],[0.00116798188537,-0.00237694545649,0.00460457382724,-0.00352895818651,0.00221691536717,-0.00290768523701,0.00346778612584,-0.00213299738243,0.00340602663346,-0.00415204372257,0.00353795546107,-0.00355706736445,0.00326716853306],[-0.00214644684456,0.00168560387101,-0.00352895818651,0.00789056159556,-0.00330824311823,0.00135890080128,-0.00254682078958,0.00120282056741,-0.00318415486254,0.00331484666094,-0.00378717528656,0.00405350374058,-0.00316678336821],[0.00147936015856,-0.00368374283426,0.00221691536717,-0.00330824311823,0.00875924155116,-0.00280024902895,3.90659266714e-7,-0.00157984613907,0.00317188049667,-0.00597568461671,0.00614082301036,-0.00526272086427,0.00224151229486],[-0.00153015612159,0.00331009994261,-0.00290768523701,0.00135890080128,-0.00280024902895,0.0109792742878,-0.00652226200327,0.00207487819716,-0.00130143412389,0.00424414407462,-0.00340639520437,0.00374221405946,-0.00102243421134],[0.00146632699762,-0.00416448712349,0.00346778612584,-0.00254682078958,3.90659266714e-7,-0.00652226200327,0.0175350401551,-0.00991333834827,0.00554748019204,-0.0032536748331,0.00353775545955,-0.00535964220762,0.00290453573689],[-0.00148936640471,0.00325186690316,-0.00213299738243,0.00120282056741,-0.00157984613907,0.00207487819716,-0.00991333834827,0.0187903679907,-0.0080026332289,0.00250735343434,-0.00341640529223,0.0025110009592,-0.00196243124083],[0.00129378784914,-0.00245012901723,0.00340602663346,-0.00318415486254,0.00317188049667,-0.00130143412389,0.00554748019204,-0.0080026332289,0.0183141585439,-0.00853384844959,0.00248218467459,-0.00337712955661,0.00445887027308],[-0.00173275219277,0.00316583993845,-0.00415204372257,0.00331484666094,-0.00597568461671,0.00424414407462,-0.0032536748331,0.00250735343434,-0.00853384844959,0.0192778650671,-0.00626029912382,0.0047051422298,-0.00323801231571],[0.00160285783932,-0.00443088123575,0.00353795546107,-0.00378717528656,0.00614082301036,-0.00340639520437,0.00353775545955,-0.00341640529223,0.00248218467459,-0.00626029912382,0.0174496285617,-0.0112747810781,0.00379833299667],[-0.00179447804112,0.0048253829591,-0.00355706736445,0.00405350374058,-0.00526272086427,0.00374221405946,-0.00535964220762,0.0025110009592,-0.00337712955661,0.0047051422298,-0.0112747810781,0.0266473963857,-0.0103910267353],[0.000862049229909,-0.00329025392421,0.00326716853306,-0.00316678336821,0.00224151229486,-0.00102243421134,0.00290453573689,-0.00196243124083,0.00445887027308,-0.00323801231571,0.00379833299667,-0.0103910267353,0.0214519519359]],"mean":[5.35019159317,98.2624969482,-142.223342896,28.2919101715,-56.2987213135,1.00924527645,-36.4160194397,3.7884054184,-23.6346340179,-8.60890865326,-12.1442594528,-3.19920134544,-9.24540328979]},"hfc":{"dmean":4.41621637344,"dmean2":6.90998315811,"dvar":31.8716049194,"dvar2":73.9235534668,"max":117.71408844,"mean":23.4819202423,"median":24.5983810425,"min":0.230873644352,"var":240.140869141},"melbands":{"dmean":[0.000521068403032,0.000777954293881,0.000517354870681,0.000323838641634,0.000303022941807,0.000223157418077,0.000197929824935,0.000125807840959,0.0000842403969727,0.00018906207697,0.000233905040659,0.0000990365515463,0.0000508774537593,0.0000594458542764,0.0000420398646384,0.0000346558044839,0.0000449813378509,0.0000225135263463,0.0000198441648536,0.0000178728969331,0.0000269756947091,0.0000198743382498,0.0000216446005652,0.0000144099849422,0.00000898004691408,0.00000932233615458,0.00000837622519612,0.00000422101311415,0.00000306992978949,0.00000189660977412,0.0000011099848507,8.3957439756e-7,9.96001176645e-7,7.69062467043e-7,7.35783601158e-7,6.07340268743e-7,5.20543494531e-7,3.97598171276e-7,2.21786280008e-7,9.00330121567e-8],"dmean2":[0.000852640194353,0.00130628212355,0.000871770374943,0.000526056159288,0.000474990869407,0.000355645315722,0.000316813559039,0.000200603622943,0.000135186885018,0.000314657139825,0.000395165174268,0.000160638723173,0.0000815431994852,0.0000960582619882,0.0000673102622386,0.0000563846806472,0.0000747212106944,0.000036067689507,0.0000316514124279,0.0000294600849884,0.000043640142394,0.000032116069633,0.0000355899137503,0.0000241052730416,0.000014878226466,0.0000154804256454,0.000013848002709,0.00000700372311258,0.00000516918635185,0.00000313540954267,0.00000178650589078,0.00000131018657612,0.0000015759649159,0.00000120559445804,0.00000117139222766,9.46101636146e-7,7.61446642628e-7,5.86424050653e-7,3.12693885007e-7,1.3668979193e-7],"dvar":[0.00000172861905412,0.00000308163998852,8.55205939843e-7,3.53967891442e-7,2.20985555188e-7,1.79780911935e-7,1.1830945823e-7,1.2658524895e-7,4.36150138228e-8,1.91143683992e-7,3.3659640053e-7,7.88481315794e-8,1.81315851222e-8,1.53077035492e-8,7.05136704582e-9,3.90991727883e-9,1.18063150367e-8,1.53100843114e-9,1.43503364747e-9,6.91394164143e-10,1.78368320114e-9,1.02021735504e-9,1.01819075393e-9,4.48296094691e-10,1.76931247431e-10,2.87257301279e-10,1.76944264796e-10,4.53665160993e-11,2.33108792685e-11,9.23876686959e-12,4.74348121546e-12,5.15950520155e-12,6.8947052928e-12,4.33091366589e-12,3.07827309649e-12,5.24512768288e-12,5.36686190281e-12,5.70533420854e-12,1.83817089154e-12,2.14453400784e-13],"dvar2":[0.00000431762646258,0.00000824496419227,0.00000239268842961,9.23201071146e-7,5.37590324257e-7,4.39918864004e-7,2.94859688665e-7,3.21773995893e-7,1.10051232127e-7,5.40471717159e-7,9.60975512498e-7,2.15367620626e-7,4.57021762656e-8,3.79036855236e-8,1.72697998124e-8,1.0274507467e-8,3.00253084617e-8,3.70461217258e-9,3.33012728504e-9,1.79290937652e-9,4.48038894874e-9,2.53635623615e-9,2.6155833055e-9,1.16873521971e-9,4.45878001187e-10,6.94110047217e-10,4.41039066379e-10,1.1748690909e-10,6.54941378908e-11,2.42157457281e-11,1.05400341233e-11,8.60869622116e-12,1.3406277824e-11,9.80709610743e-12,6.26538577964e-12,1.16752822688e-11,1.00919524473e-11,1.15916755361e-11,3.14547519975e-12,4.94474741101e-13],"max":[0.0183705594391,0.0246733352542,0.0124848308042,0.00982983317226,0.00999409984797,0.00870587676764,0.00855158269405,0.00758137460798,0.00591341080144,0.00699859997258,0.00904582627118,0.00769306300208,0.00473440345377,0.00355545734055,0.00283643463627,0.00140692689456,0.00353701459244,0.00120627239812,0.000904182961676,0.000522288493812,0.000815786712337,0.000624955515377,0.000601846724749,0.000367715198081,0.0003829257912,0.000451631116448,0.000260141212493,0.000126020808239,0.000074348783528,0.000053759853472,0.0000807654942037,0.000144516132423,0.000157880145707,0.000105203791463,0.0000810994679341,0.00009482956375,0.0000837988845888,0.000103619335277,0.0000776137385401,0.0000283741737803],"mean":[0.000748313032091,0.00131802575197,0.00105701049324,0.000674634997267,0.000684349099174,0.000443916331278,0.000370120105799,0.000226597534493,0.000150632462464,0.000297252408927,0.000359450641554,0.000176587724127,0.0000886304405867,0.000099169119494,0.0000764082578826,0.0000639767167741,0.0000786630844232,0.0000413517263951,0.0000370352827304,0.0000355816046067,0.0000493707157148,0.00004027147952,0.0000458728463855,0.0000323387394019,0.0000205647775147,0.0000211218266486,0.0000194549011212,0.0000101949635791,0.00000720995512893,0.00000467918471259,0.0000027525063615,0.00000206430649996,0.00000234920730691,0.00000188815022284,0.00000187858859135,0.00000144517287026,0.00000120670347314,8.33911315112e-7,4.93838001603e-7,2.12872777183e-7],"median":[0.000277127430309,0.000496595632285,0.000531738216523,0.00039064133307,0.000387116451748,0.000229958590353,0.000195251894183,0.0000894472977961,0.0000791015627328,0.000105911400169,0.0000972723137238,0.0000652453891234,0.0000376370735466,0.0000435745459981,0.000036620262108,0.0000322474515997,0.0000329289068759,0.0000273523492069,0.0000233422215388,0.000025025661671,0.0000349875517713,0.0000309103816107,0.0000360389531124,0.0000256690127571,0.0000163277691172,0.0000161810894497,0.000014600823306,0.00000813047608972,0.00000599694840275,0.00000373786883756,0.00000185004205377,0.00000125403687434,0.00000135755135489,0.00000103940737972,0.0000010180137906,7.48423985897e-7,4.5665794346e-7,3.05836323378e-7,1.8693732784e-7,9.54473406978e-8],"min":[1.04368123033e-8,3.98313915184e-8,1.24910926047e-7,9.95649074298e-8,1.61483626471e-7,4.55500014596e-7,5.03385820139e-7,3.28083501699e-7,3.0973924936e-7,4.43896368552e-7,7.82442100444e-7,3.28120961512e-7,2.04757895972e-7,1.7375508321e-7,1.48734841332e-7,2.98987856695e-7,1.49545087424e-7,9.08281663214e-8,5.94832272327e-8,6.84812633267e-8,5.20347995803e-8,6.48006661663e-8,7.7499372253e-8,6.31848990906e-8,3.91077250583e-8,3.77421400799e-8,3.95017210053e-8,2.5012360183e-8,1.47469672029e-8,1.04418083069e-8,5.81569370439e-9,2.80410894504e-9,1.59781232689e-9,1.41965639244e-9,1.46230139109e-9,1.08971964785e-9,9.80891701197e-10,6.20666351647e-10,5.81790393639e-10,4.31328917028e-10],"var":[0.00000204774210033,0.00000488292425871,0.00000172091165496,8.13728490812e-7,8.47910712309e-7,4.35088907125e-7,2.90855069807e-7,2.66330204113e-7,6.20088371761e-8,2.91647609174e-7,5.35826188752e-7,1.87989840583e-7,4.07135303249e-8,3.21062820774e-8,1.5641404616e-8,9.19275322531e-9,2.3718650155e-8,2.97933278048e-9,2.94639757037e-9,1.57749824314e-9,3.21635962308e-9,1.9716155375e-9,2.39723974005e-9,1.16955578555e-9,5.11793996072e-10,6.51144416164e-10,4.80021633553e-10,1.16323110866e-10,5.46150034919e-11,2.49048594247e-11,1.2767456363e-11,1.32150158871e-11,1.63472759634e-11,9.38396409189e-12,8.98920434617e-12,1.15814510759e-11,1.65880850722e-11,1.19719806985e-11,4.45160748541e-12,3.48384813836e-13]},"melbands_crest":{"dmean":2.7922513485,"dmean2":4.50656318665,"dvar":6.7328209877,"dvar2":17.1942310333,"max":32.7581520081,"mean":12.3823261261,"median":11.2664327621,"min":3.37291789055,"var":25.5474586487},"melbands_flatness_db":{"dmean":0.0170968063176,"dmean2":0.0267209280282,"dvar":0.000273824989563,"dvar2":0.000655327748973,"max":0.348206162453,"mean":0.171443939209,"median":0.165950223804,"min":0.0213541220874,"var":0.00193603988737},"melbands_kurtosis":{"dmean":3.01283669472,"dmean2":4.80082321167,"dvar":28.2042255402,"dvar2":69.1050949097,"max":133.613388062,"mean":6.14925861359,"median":3.69726324081,"min":-1.78294479847,"var":69.7521896362},"melbands_skewness":{"dmean":0.470935314894,"dmean2":0.73468875885,"dvar":0.240841180086,"dvar2":0.571669578552,"max":10.358382225,"mean":1.98096811771,"median":1.82685816288,"min":-1.47965931892,"var":1.20975720882},"melbands_spread":{"dmean":5.78165149689,"dmean2":9.08926486969,"dvar":41.8830566406,"dvar2":89.3960266113,"max":190.325622559,"mean":27.2482376099,"median":26.2347240448,"min":1.98396706581,"var":184.36555481},"mfcc":{"cov":[[6056.55859375,-1147.19689941,595.30267334,663.90435791,129.297729492,304.156799316,187.710678101,346.946014404,184.576019287,123.141906738,145.32585144,194.808746338,48.178314209],[-1147.19689941,894.451171875,-140.100082397,76.6151123047,83.4451446533,23.2998409271,100.231307983,-87.9376754761,36.5712776184,-39.0155258179,-21.1026668549,36.4825363159,4.45501279831],[595.30267334,-140.100082397,534.50213623,146.469299316,69.0428009033,83.2760391235,47.2413825989,28.3514900208,17.3244934082,6.83779096603,29.399810791,61.2347679138,-9.98803710938],[663.90435791,76.6151123047,146.469299316,356.535247803,123.725395203,97.0833587646,95.9747467041,35.7065544128,86.5931167603,19.9289875031,21.2547454834,66.0807037354,38.7549819946],[129.297729492,83.4451446533,69.0428009033,123.725395203,151.703475952,78.9241867065,51.1204681396,7.46360206604,42.1121406555,10.059753418,12.1901779175,21.6238269806,9.78825187683],[304.156799316,23.2998409271,83.2760391235,97.0833587646,78.9241867065,162.63142395,92.3039855957,36.1879119873,50.5927810669,8.90093898773,24.6435604095,11.5735206604,-10.8566579819],[187.710678101,100.231307983,47.2413825989,95.9747467041,51.1204681396,92.3039855957,189.397705078,66.6746139526,45.3352737427,10.1809186935,11.0023298264,30.7054347992,-1.77465724945],[346.946014404,-87.9376754761,28.3514900208,35.7065544128,7.46360206604,36.1879119873,66.6746139526,142.531539917,19.1154327393,22.416727066,23.5102577209,-6.52503061295,11.410733223],[184.576019287,36.5712776184,17.3244934082,86.5931167603,42.1121406555,50.5927810669,45.3352737427,19.1154327393,122.535423279,25.9989852905,16.8094387054,18.6124706268,-0.552337229252],[123.141906738,-39.0155258179,6.83779096603,19.9289875031,10.059753418,8.90093898773,10.1809186935,22.416727066,25.9989852905,72.9419326782,28.6802005768,10.2012825012,8.00895881653],[145.32585144,-21.1026668549,29.399810791,21.2547454834,12.1901779175,24.6435604095,11.0023298264,23.5102577209,16.8094387054,28.6802005768,80.4343490601,25.0320930481,4.91169786453],[194.808746338,36.4825363159,61.2347679138,66.0807037354,21.6238269806,11.5735206604,30.7054347992,-6.52503061295,18.6124706268,10.2012825012,25.0320930481,108.296356201,32.8264007568],[48.178314209,4.45501279831,-9.98803710938,38.7549819946,9.78825187683,-10.8566579819,-1.77465724945,11.410733223,-0.552337229252,8.00895881653,4.91169786453,32.8264007568,77.1534194946]],"icov":[[0.000404439342674,0.000545757706277,0.0000238268839894,-0.000742463686038,0.000212493847357,-0.000367009226466,0.0000823333102744,-0.000475852400996,-0.0000354471339961,0.0000304077912006,-0.0000223977604037,-0.000624528154731,0.000349368812749],[0.000545757706277,0.0023705100175,0.000606231216807,-0.00114218215458,-0.000580450869165,0.0000288335158984,-0.00130151049234,0.000779550580774,-0.00026174361119,0.000896227022167,-0.000229005381698,-0.00102399336174,0.000462351948954],[0.0000238268839894,0.000606231216807,0.00261878455058,-0.00094066222664,-0.00051563535817,-0.000697647454217,0.000077503034845,-0.00010746235057,0.000720509560779,0.000342890387401,-0.000156735099154,-0.00154391105752,0.0013829927193],[-0.000742463686038,-0.00114218215458,-0.00094066222664,0.0067293071188,-0.00292647373863,0.000215912630665,-0.000906061613932,0.000535933999345,-0.00210336293094,0.0000721292599337,0.000513053499162,0.0000677333955537,-0.00275486824103],[0.000212493847357,-0.000580450869165,-0.00051563535817,-0.00292647373863,0.0115068657324,-0.00426479941234,0.000615162367467,0.000403033307521,-0.000347819790477,-0.000991074834019,0.000182071889867,0.000259018910583,-0.000822760339361],[-0.000367009226466,0.0000288335158984,-0.000697647454217,0.000215912630665,-0.00426479941234,0.0123852249235,-0.00453779986128,0.000680696160998,-0.0018471943913,0.00144235091284,-0.00275218882598,0.00223184190691,0.00117022672202],[0.0000823333102744,-0.00130151049234,0.000077503034845,-0.000906061613932,0.000615162367467,-0.00453779986128,0.0107345357537,-0.00525063602254,-0.000280242238659,-0.000561461143661,0.00222547841258,-0.00324570480734,0.00209132605232],[-0.000475852400996,0.000779550580774,-0.00010746235057,0.000535933999345,0.000403033307521,0.000680696160998,-0.00525063602254,0.011915769428,-0.000271696131676,-0.0010218223324,-0.00274619576521,0.00417937384918,-0.00336865033023],[-0.0000354471339961,-0.00026174361119,0.000720509560779,-0.00210336293094,-0.000347819790477,-0.0018471943913,-0.000280242238659,-0.000271696131676,0.0115608554333,-0.00336134340614,-0.0000389362539863,-0.000849110307172,0.00180043943692],[0.0000304077912006,0.000896227022167,0.000342890387401,0.0000721292599337,-0.000991074834019,0.00144235091284,-0.000561461143661,-0.0010218223324,-0.00336134340614,0.0179247613996,-0.00551801035181,0.0000617747427896,-0.00115542823914],[-0.0000223977604037,-0.000229005381698,-0.000156735099154,0.000513053499162,0.000182071889867,-0.00275218882598,0.00222547841258,-0.00274619576521,-0.0000389362539863,-0.00551801035181,0.0169165916741,-0.00437951553613,0.00115511205513],[-0.000624528154731,-0.00102399336174,-0.00154391105752,0.0000677333955537,0.000259018910583,0.00223184190691,-0.00324570480734,0.00417937384918,-0.000849110307172,0.0000617747427896,-0.00437951553613,0.0155528113246,-0.00654728524387],[0.000349368812749,0.000462351948954,0.0013829927193,-0.00275486824103,-0.000822760339361,0.00117022672202,0.00209132605232,-0.00336865033023,0.00180043943692,-0.00115542823914,0.00115511205513,-0.00654728524387,0.0179394930601]],"mean":[-629.022033691,125.147605896,-24.8036575317,23.8262863159,-1.3347786665,-3.19011831284,-3.72618985176,5.20798826218,-8.2638092041,1.36689329147,-7.9008846283,-2.12044215202,-5.15833854675]},"pitch_salience":{"dmean":0.0612458325922,"dmean2":0.0990793704987,"dvar":0.00280723394826,"dvar2":0.00735474610701,"max":0.854812026024,"mean":0.585745632648,"median":0.595007419586,"min":0.0883502811193,"var":0.010387968272},"silence_rate_20dB":{"dmean":0,"dmean2":0,"dvar":0,"dvar2":0,"max":1,"mean":1,"median":1,"min":1,"var":0},"silence_rate_30dB":{"dmean":0,"dmean2":0,"dvar":0,"dvar2":0,"max":1,"mean":1,"median":1,"min":1,"var":0},"silence_rate_60dB":{"dmean":0.0158010013402,"dmean2":0.0316069461405,"dvar":0.0155528988689,"dvar2":0.0362351238728,"max":1,"mean":0.104020021856,"median":0,"min":0,"var":0.093188777566},"spectral_centroid":{"dmean":193.513870239,"dmean2":307.354644775,"dvar":34543.1523438,"dvar2":80355.3515625,"max":5061.61962891,"mean":1525.15441895,"median":1538.02124023,"min":370.272460938,"var":252566.125},"spectral_complexity":{"dmean":3.05303502083,"dmean2":4.97840690613,"dvar":7.65628528595,"dvar2":18.7931518555,"max":55,"mean":26.5200996399,"median":30,"min":0,"var":168.959793091},"spectral_contrast_coeffs":{"dmean":[0.0444182008505,0.0448092930019,0.0401567555964,0.0285338237882,0.0199045278132,0.0138854570687],"dmean2":[0.0735464766622,0.0739629790187,0.0663172602654,0.0470874086022,0.0332102812827,0.0225316137075],"dvar":[0.00144368363544,0.00130818702746,0.00102181627881,0.000503744697198,0.000279301748378,0.00013303970627],"dvar2":[0.00395737262443,0.00349654746242,0.00280801136978,0.00133306358475,0.000718425901141,0.000328608060954],"max":[-0.25028321147,-0.393173694611,-0.48617503047,-0.585183680058,-0.599303245544,-0.61873883009],"mean":[-0.615072071552,-0.714196681976,-0.745950758457,-0.778992533684,-0.779468238354,-0.750693798065],"median":[-0.623369634151,-0.721336960793,-0.7552703619,-0.784288167953,-0.78549516201,-0.743092894554],"min":[-0.835988283157,-0.920415341854,-0.919204115868,-0.902486741543,-0.886071801186,-0.884621858597],"var":[0.00628626253456,0.00513515761122,0.00512367300689,0.00236680801027,0.00170558330137,0.00133019138593]},"spectral_contrast_valleys":{"dmean":[0.358451992273,0.307972669601,0.259356319904,0.212801858783,0.154323920608,0.146338373423],"dmean2":[0.593670248985,0.522558450699,0.435158610344,0.35513946414,0.250596553087,0.218530520797],"dvar":[0.0887716934085,0.0598626323044,0.0416341610253,0.029221650213,0.0181420557201,0.0341751798987],"dvar2":[0.239383727312,0.163771271706,0.115706972778,0.0802911147475,0.0437929332256,0.0635223910213],"max":[-5.30084753036,-4.79512071609,-5.37061834335,-5.5606508255,-5.66157245636,-7.83089065552],"mean":[-7.58346033096,-6.68808031082,-6.9985704422,-7.34372425079,-7.11923551559,-10.3477611542],"median":[-7.14577913284,-6.55407142639,-6.87312698364,-7.14006519318,-6.70277881622,-10.0660896301],"min":[-11.766119957,-9.29121112823,-9.37241744995,-9.50601577759,-9.39848709106,-12.8304176331],"var":[1.74311804771,0.494807213545,0.422196090221,0.450222343206,0.800218880177,0.934548974037]},"spectral_decrease":{"dmean":1.67490665781e-9,"dmean2":2.6838788969e-9,"dvar":5.06340993027e-18,"dvar2":1.2763462199e-17,"max":-5.83220832739e-11,"mean":-6.6568746071e-9,"median":-6.6433751833e-9,"min":-3.18222568296e-8,"var":2.20090344406e-17},"spectral_energy":{"dmean":0.00660270964727,"dmean2":0.0105758160353,"dvar":0.0000769301477703,"dvar2":0.000193798710825,"max":0.124231927097,"mean":0.0272543802857,"median":0.0274599287659,"min":0.00024106244382,"var":0.000354299787432},"spectral_energyband_high":{"dmean":0.000178862552275,"dmean2":0.000268621894065,"dvar":1.44706987726e-7,"dvar2":2.4795346576e-7,"max":0.0177175048739,"mean":0.000670554407407,"median":0.000523547409102,"min":0.00000224531049753,"var":6.13375050307e-7},"spectral_energyband_low":{"dmean":0.00340962642804,"dmean2":0.00546883791685,"dvar":0.0000493523475598,"dvar2":0.000120002812764,"max":0.0934552177787,"mean":0.00696325767785,"median":0.0033187107183,"min":4.95602648698e-7,"var":0.0000973780406639},"spectral_energyband_middle_high":{"dmean":0.0019989204593,"dmean2":0.00320828449912,"dvar":0.00000926568918658,"dvar2":0.0000251788278547,"max":0.0537733212113,"mean":0.00768990116194,"median":0.00683191791177,"min":0.0000492027538712,"var":0.0000411005894421},"spectral_energyband_middle_low":{"dmean":0.00428569456562,"dmean2":0.00698020681739,"dvar":0.0000322573032463,"dvar2":0.0000859633437358,"max":0.0780516639352,"mean":0.0135756768286,"median":0.0121369501576,"min":0.0000953753406066,"var":0.000112746085506},"spectral_entropy":{"dmean":0.0880467742682,"dmean2":0.13654114306,"dvar":0.00898172520101,"dvar2":0.0195138826966,"max":8.58842372894,"mean":7.59502887726,"median":7.66016054153,"min":6.22653722763,"var":0.0954077616334},"spectral_flux":{"dmean":0.0157197322696,"dmean2":0.0251969210804,"dvar":0.000319894839777,"dvar2":0.000742281263229,"max":0.254938602448,"mean":0.0791280865669,"median":0.0817353799939,"min":0.00755843706429,"var":0.00176292448305},"spectral_kurtosis":{"dmean":1.41022789478,"dmean2":2.45228052139,"dvar":2.32200694084,"dvar2":6.98005580902,"max":28.1062507629,"mean":4.91755247116,"median":4.07885456085,"min":-0.999891519547,"var":8.72089767456},"spectral_rms":{"dmean":0.000568666146137,"dmean2":0.000895259785466,"dvar":3.98010399749e-7,"dvar2":9.88719079942e-7,"max":0.0110091725364,"mean":0.00475346855819,"median":0.00517592253163,"min":0.000484956573928,"var":0.00000399424288844},"spectral_rolloff":{"dmean":399.176422119,"dmean2":674.314453125,"dvar":329127.9375,"dvar2":703574.75,"max":9883.74023438,"mean":1708.40612793,"median":1550.390625,"min":172.265625,"var":1043965.1875},"spectral_skewness":{"dmean":0.168200060725,"dmean2":0.284325927496,"dvar":0.025192303583,"dvar2":0.068417750299,"max":3.48142814636,"mean":1.42163348198,"median":1.31460297108,"min":0.0351489782333,"var":0.162773862481},"spectral_spread":{"dmean":243726.53125,"dmean2":368075.71875,"dvar":98215993344,"dvar2":168656453632,"max":10952227,"mean":3551550,"median":3459350,"min":1667912.375,"var":742400917504},"spectral_strongpeak":{"dmean":0.565527379513,"dmean2":0.961483538151,"dvar":0.674537420273,"dvar2":1.75158333778,"max":10.1705722809,"mean":1.05443000793,"median":0.656016290188,"min":0.0344786271453,"var":1.20582020283},"zerocrossingrate":{"dmean":0.00651586567983,"dmean2":0.00802825763822,"dvar":0.0000624351887382,"dvar2":0.0000661419690005,"max":0.33984375,"mean":0.0610203407705,"median":0.05859375,"min":0.01318359375,"var":0.000615480996203}},"metadata":{"audio_properties":{"analysis_sample_rate":44100,"bit_rate":0,"codec":"flac","downmix":"mix","equal_loudness":0,"length":148.421951294,"lossless":true,"md5_encoded":"f76287d2d7019c7ef928165faea8659c","replay_gain":-13.3814353943,"sample_rate":44100},"tags":{"acoustid_id":["8cd7a28a-204c-4758-810f-81c6517889db"],"album":["Live At Wembley Stadium"],"albumartist":["Queen"],"albumartistsort":["Queen"],"artist":["Queen"],"artistsort":["Queen"],"asin":["B005F7F3CI"],"barcode":["4988005685551"],"catalognumber":["UIBY-75009"],"date":["2011-10-05"],"discnumber":["3"],"discsubtitle":["Saturday 12 July 1986"],"disctotal":["4"],"file_name":"03 - In The Lap Of The Gods ... Revisited.flac","label":["Universal Island Records"],"media":["CD"],"musicbrainz_albumartistid":["0383dadf-2a4e-4d10-a46a-e9e041da8eb3"],"musicbrainz_albumid":["9938dc67-9a77-440b-b0f1-5a31b3bf1a34"],"musicbrainz_artistid":["0383dadf-2a4e-4d10-a46a-e9e041da8eb3"],"musicbrainz_recordingid":["65a8ccba-945f-41b5-b05e-0b60cc0769f3"],"musicbrainz_releasegroupid":["372f535d-a06d-35f4-a171-5f63e27c3f8d"],"musicbrainz_releasetrackid":["615342b8-0110-4632-8f42-a8bdb72b73b5"],"originaldate":["1992"],"releasecountry":["JP"],"releasestatus":["official"],"releasetype":["album","live"],"script":["Latn"],"title":["In The Lap Of The Gods ... Revisited"],"totaldiscs":["4"],"totaltracks":["13"],"tracknumber":["3"],"tracktotal":["13"]},"version":{"essentia":"2.1-beta2","essentia_build_sha":"70f2e5ece6736b2c40cc944ad0e695b16b925413","essentia_git_sha":"v2.1_beta2","extractor":"music 1.0"}},"rhythm":{"beats_count":290,"beats_loudness":{"dmean":0.0137051269412,"dmean2":0.0237063560635,"dvar":0.000169322433067,"dvar2":0.000510842481162,"max":0.100441202521,"mean":0.0337890088558,"median":0.0356690362096,"min":0.000533804646693,"var":0.000440110365162},"beats_loudness_band_ratio":{"dmean":[0.162672042847,0.146618947387,0.124726898968,0.103992708027,0.0731428265572,0.0442575961351],"dmean2":[0.284542381763,0.253662467003,0.207252547145,0.174857333302,0.126896902919,0.0790935456753],"dvar":[0.0211819019169,0.0157651249319,0.0151442373171,0.00914671644568,0.0058685112