{"lowlevel":{"average_loudness":0.870662868023,"barkbands":{"dmean":[0.0000097114525488,0.000922913837712,0.000973364105448,0.000699233729392,0.000857633131091,0.0013953493908,0.00116126763169,0.00052943819901,0.000799786532298,0.000610803603195,0.000505978998262,0.000473527092254,0.000185650074854,0.000362509366823,0.000337596458849,0.00103007908911,0.000153528395458,0.0000797195680207,0.000107791427581,0.0000209034733416,0.0000205488231586,0.00000424287554779,0.0000105844901555,8.08315689937e-7,2.12396315646e-7,6.01984098125e-8,4.48283321575e-9],"dmean2":[0.0000155658435688,0.00126337585971,0.00143054570071,0.000952986360062,0.00124647910707,0.0015475115506,0.00171313702594,0.000736406538635,0.00100263662171,0.000730470579583,0.000641259539407,0.000616623205133,0.000253920268733,0.000478527479572,0.000477260531625,0.00153269118164,0.000241587054916,0.000129941952764,0.000182653908269,0.0000342669372912,0.0000324065804307,0.00000660097521177,0.0000132089444378,0.00000119687501865,3.45191153883e-7,9.95154749717e-8,7.84612286253e-9],"dvar":[2.1325721189e-9,0.0000083076502051,0.00000697681980455,0.00000247187153946,0.00000434837647845,0.00000896611618373,0.00000574135719944,0.000002391591579,0.00000497180417369,0.00000288570390694,0.00000199970781978,0.00000125916665183,2.94683644597e-7,0.00000167573148246,0.00000125701001252,0.0000195707707462,2.85598815708e-7,4.79702038092e-8,1.10926229979e-7,5.2093862557e-9,6.31927887795e-9,3.79603959377e-10,4.12480893885e-9,1.24260948753e-11,7.63539893204e-13,1.14262291577e-13,1.11647849529e-16],"dvar2":[5.31926502845e-9,0.0000173266780621,0.0000156626338139,0.00000504136323798,0.00000956407438935,0.0000109790153147,0.0000151470467245,0.00000451593905382,0.00000877284310263,0.00000423590017817,0.00000338622794516,0.00000218739296542,5.17956380008e-7,0.00000248793821811,0.00000250364473686,0.0000404235615861,5.85826398947e-7,1.22882823916e-7,3.26816632423e-7,1.36480116097e-8,1.39251783438e-8,8.41045233457e-10,6.21506313081e-9,2.44405676253e-11,2.02190130957e-12,2.92795193473e-13,3.12903446897e-16],"max":[0.00140326400287,0.0940641313791,0.0596693083644,0.0403855778277,0.0652288198471,0.0781040415168,0.0652717724442,0.0252097230405,0.0798362493515,0.0559266880155,0.034240655601,0.0327978916466,0.0188160613179,0.054782256484,0.0271922238171,0.098874732852,0.0188189651817,0.00390701275319,0.00770844146609,0.00192369252909,0.00255404110067,0.000628974055871,0.00276441918686,0.00016435807629,0.0000224489758693,0.000010318326531,2.59991850271e-7],"mean":[0.0000253554444498,0.00519162416458,0.00403291592374,0.00267290184274,0.00251122191548,0.00411385204643,0.00266310176812,0.000917661818676,0.00169182009995,0.00150078546721,0.00101270782761,0.000906617497094,0.000331513147103,0.000700641656294,0.000547830015421,0.00151459290646,0.000234052029555,0.000119820826512,0.000172467363882,0.0000320849430864,0.0000309928764182,0.0000062888489083,0.0000175009772647,0.0000014748011381,2.97465049925e-7,7.00729785308e-8,4.33869162819e-9],"median":[0.00000179219784968,0.00016456747835,0.000246458686888,0.000440962379798,0.000660035293549,0.000755317509174,0.000758691516239,0.0000992893546936,0.000448324601166,0.000361450831406,0.00011641762103,0.000126851839013,0.000069238449214,0.0000981707271421,0.0000566049857298,0.000076796131907,0.000034955512092,0.00000939600431593,0.0000170654730027,0.00000317538115269,0.00000213272187466,3.55340148417e-7,2.31364367664e-7,5.88966528881e-8,9.33903443467e-9,9.27086019065e-10,9.92853577131e-10],"min":[5.52948353729e-25,1.28583270477e-23,1.54882757098e-23,7.06999546909e-24,6.12691982996e-23,1.47350366076e-23,5.15764643572e-23,7.64439412426e-23,6.83773462375e-23,9.73720739593e-23,6.40371282003e-23,3.12491943702e-23,5.82336362928e-23,6.39120590369e-23,4.54584062751e-23,1.18430059492e-22,1.05126570347e-22,1.48424772541e-22,1.87326659221e-22,3.26013215255e-22,4.08973160196e-22,5.39762410775e-22,6.26201926506e-22,8.63281310957e-22,1.2507388895e-21,1.42582794318e-21,2.70308689743e-21],"var":[4.74173367238e-9,0.000158404989634,0.0000612312069279,0.0000210239468288,0.0000208611982089,0.0000811801073723,0.0000223304559768,0.00000557539988222,0.0000181301129487,0.0000173757762241,0.00000685062968842,0.00000457315036329,8.75094031016e-7,0.00000502835109728,0.00000266360643764,0.0000388398475479,5.82900895552e-7,9.19003610989e-8,2.21013493729e-7,7.26403026619e-9,1.04173247806e-8,5.92442706004e-10,1.07131974403e-8,3.75061405544e-11,9.31818316084e-13,1.32175385003e-13,1.16798895109e-16]},"barkbands_crest":{"dmean":1.9628714323,"dmean2":2.79621434212,"dvar":4.17638206482,"dvar2":9.6378030777,"max":26.6406974792,"mean":13.5051012039,"median":12.4267482758,"min":2.87338829041,"var":30.8836898804},"barkbands_flatness_db":{"dmean":0.0215661935508,"dmean2":0.0319540724158,"dvar":0.000497062399518,"dvar2":0.000978452386335,"max":0.598913311958,"mean":0.307044446468,"median":0.294408977032,"min":0.035222325474,"var":0.0101725840941},"barkbands_kurtosis":{"dmean":3.44169902802,"dmean2":4.54172801971,"dvar":91.1520996094,"dvar2":183.635009766,"max":342.695800781,"mean":8.07559013367,"median":2.96787405014,"min":-1.85187721252,"var":270.869567871},"barkbands_skewness":{"dmean":0.484295070171,"dmean2":0.630307376385,"dvar":0.313302367926,"dvar2":0.59218776226,"max":14.8501911163,"mean":1.3682974577,"median":1.23947238922,"min":-6.12600803375,"var":3.20498108864},"barkbands_spread":{"dmean":2.14307689667,"dmean2":3.03360342979,"dvar":8.50114154816,"dvar2":18.6946048737,"max":55.4023208618,"mean":9.82075691223,"median":8.77982711792,"min":0.109847746789,"var":56.5632247925},"dissonance":{"dmean":0.0310591254383,"dmean2":0.051707573235,"dvar":0.00106997811235,"dvar2":0.00278354715556,"max":0.5,"mean":0.390280336142,"median":0.420435965061,"min":0.106092661619,"var":0.00777997821569},"dynamic_complexity":3.37176370621,"erbbands":{"dmean":[0.0199559740722,0.236847490072,0.87672829628,1.96054446697,1.99419927597,3.42244768143,7.26401853561,11.8064308167,18.2468452454,11.0002527237,9.34943771362,21.3589801788,12.4592599869,20.2147045135,23.3162612915,17.009853363,9.99870014191,16.1337852478,18.2339572906,19.6516590118,64.7724075317,10.3232755661,4.1049323082,5.91190767288,3.92262601852,0.873694896698,1.16587233543,0.421178549528,0.113251894712,0.322095632553,0.289378941059,0.0436756908894,0.00916018057615,0.00320930220187,0.00122809724417,0.000467273232061,0.0000562754285056,0.0000106440293166,0.00000306912261294,0.00000659552279103],"dmean2":[0.0267695598304,0.329767674208,1.33328795433,2.65329098701,3.05001997948,5.00513648987,8.5052022934,13.4930877686,27.6745357513,15.1382055283,12.5345592499,26.021238327,17.0895042419,22.3995666504,29.2467346191,22.416305542,13.3300733566,21.7697105408,25.0330791473,27.7051773071,96.4304504395,15.9408636093,6.68056344986,9.91993618011,6.51503038406,1.41197216511,1.8854612112,0.647250413895,0.175636842847,0.433807909489,0.380957454443,0.0611509978771,0.014087674208,0.00528194522485,0.00197698688135,0.000749289873056,0.0000946356740315,0.0000178866848728,0.00000432420483776,0.00000912885298021],"dvar":[0.00550682330504,0.514620661736,6.07808017731,20.8496704102,26.662405014,76.8991241455,286.887054443,623.751586914,1532.59863281,649.182067871,512.111816406,3836.09448242,1276.75305176,3271.36450195,3917.46875,1857.96411133,878.805725098,4167.81591797,2772.19677734,3333.07666016,89409.5546875,957.983032227,99.0680923462,340.539031982,142.123672485,5.73439407349,21.2066802979,2.48074555397,0.214750662446,4.04989528656,3.03730583191,0.0464803874493,0.00124999275431,0.00017419255164,0.0000315402212436,0.00000682181871525,1.26752652818e-7,1.59026769531e-9,2.18501102628e-11,9.21856410652e-11],"dvar2":[0.0121359312907,1.08181619644,14.1117401123,40.9566993713,66.561630249,161.148147583,456.9894104,828.983215332,4368.83203125,1340.40478516,989.196044922,6506.90869141,2744.52709961,3803.57128906,6701.87744141,3314.1394043,1444.61242676,6276.01464844,4629.27392578,6471.38183594,185367.453125,2015.63000488,261.554382324,925.047424316,387.249908447,14.6219577789,49.5775260925,5.63547563553,0.480820953846,8.3615398407,4.54176950455,0.0836083889008,0.00290010869503,0.000463954580482,0.0000828225820442,0.0000168127753568,3.65523476376e-7,4.29452073902e-9,4.85742938927e-11,2.05723729718e-10],"max":[2.67681002617,24.2165546417,53.7952461243,111.16583252,135.671554565,302.871765137,472.882995605,680.845825195,841.368774414,424.862335205,349.901428223,2470.21557617,707.821533203,2075.79052734,1766.44299316,988.226318359,1013.93060303,2962.6784668,1247.00646973,1320.18310547,6822.02148438,759.234375,149.727478027,626.007568359,364.341369629,47.4692955017,135.96043396,40.585193634,10.4298534393,72.2210540771,68.9690246582,7.91764736176,1.13115358353,0.38387209177,0.125938251615,0.089701153338,0.0097033623606,0.00103403755929,0.0000831021898193,0.000154884430231],"mean":[0.118020944297,1.31598222256,3.71486473083,8.88547039032,5.81255531311,9.44789409637,22.1449813843,35.3331184387,39.8417167664,27.0513381958,20.5244045258,46.4283103943,25.314825058,55.2681999207,48.3069496155,33.253742218,20.1732273102,29.8483428955,35.1493339539,32.8961982727,92.6190567017,16.3813686371,6.71156740189,9.36994838715,6.38948535919,1.59973359108,1.73713934422,0.678604245186,0.186153888702,0.460819840431,0.484069347382,0.0798449739814,0.0158947538584,0.00502874422818,0.00164001318626,0.000594355107751,0.0000676533963997,0.0000131292099468,0.0000159606388479,0.0000354567091563],"median":[0.00523148849607,0.0637174844742,0.310996830463,1.66773033142,2.44526743889,2.66795611382,6.06364536285,6.89115810394,12.5398588181,8.61301898956,5.07856273651,12.4984455109,7.76266288757,12.9510707855,9.29388237,6.94901418686,4.8846411705,5.69432449341,5.198969841,4.39482116699,4.57242870331,3.05492997169,1.19270014763,1.07449913025,0.681365847588,0.216869905591,0.130764782429,0.055649869144,0.0151780024171,0.00931894220412,0.00611801538616,0.00221755937673,0.000802750117145,0.000235858256929,0.0000568240793655,0.0000259478547378,0.0000142118715303,0.00000420735068474,0.0000154528315761,0.0000344926156686],"min":[3.80662747222e-22,2.75349361991e-21,1.3181275734e-20,2.36423340963e-20,4.39504000787e-20,2.74369217588e-19,2.4301920162e-19,1.33216339052e-19,7.47643939632e-19,1.16714253853e-18,1.78637718292e-18,1.39493949723e-18,1.42534934488e-18,3.52766309628e-18,2.24100247182e-18,1.80918668831e-18,2.92678110815e-18,2.71723723383e-18,3.35182869309e-18,2.98391343908e-18,6.43230533572e-18,6.81132528266e-18,8.33726010022e-18,9.20942114012e-18,9.02725859845e-18,1.51236905552e-17,1.79175443593e-17,1.5977422011e-17,1.83076179207e-17,1.92569400225e-17,1.71404329892e-17,1.58060268794e-17,1.53392604402e-17,1.44423220323e-17,7.56559157858e-18,4.96444190588e-18,3.0691118014e-18,1.15121951853e-18,3.2149181008e-19,4.0134115081e-20],"var":[0.0623856298625,10.311167717,45.372795105,201.22467041,105.157165527,340.248687744,1565.65844727,6076.31054688,4855.56591797,2139.7175293,1605.28918457,14451.4980469,2923.02685547,24270.4941406,12102.7617188,6237.07421875,2870.78222656,10495.8642578,8588.82128906,7750.17041016,176642.3125,1983.81555176,206.995437622,610.637573242,286.93762207,12.1491441727,34.0290565491,4.05543327332,0.342041045427,6.70688533783,8.27792453766,0.132346212864,0.00270448555239,0.000230030069361,0.0000365095838788,0.00000881768755789,9.46152454162e-8,1.442996167e-9,9.30285085077e-11,4.700170253e-10]},"erbbands_crest":{"dmean":2.58597898483,"dmean2":3.82211136818,"dvar":6.29404354095,"dvar2":14.4746284485,"max":34.6938095093,"mean":13.4589538574,"median":11.8207244873,"min":2.95747590065,"var":43.703125},"erbbands_flatness_db":{"dmean":0.016667060554,"dmean2":0.023563824594,"dvar":0.000307152513415,"dvar2":0.000615014985669,"max":0.545784533024,"mean":0.313264816999,"median":0.302037090063,"min":0.0850369557738,"var":0.0073846289888},"erbbands_kurtosis":{"dmean":1.8961148262,"dmean2":2.58249139786,"dvar":15.2252597809,"dvar2":28.5011539459,"max":84.7914581299,"mean":3.08612251282,"median":0.565521359444,"min":-1.79612088203,"var":58.2162704468},"erbbands_skewness":{"dmean":0.408324837685,"dmean2":0.552640855312,"dvar":0.185833603144,"dvar2":0.361162573099,"max":6.83469676971,"mean":0.376203387976,"median":0.302008152008,"min":-6.30437850952,"var":1.82349443436},"erbbands_spread":{"dmean":3.7036254406,"dmean2":5.30305719376,"dvar":19.9146957397,"dvar2":44.4560050964,"max":79.2946853638,"mean":19.8699798584,"median":18.7339305878,"min":0.561265945435,"var":190.184997559},"gfcc":{"cov":[[10134.7548828,-935.210998535,-2629.32910156,1571.67810059,119.355148315,123.205307007,-806.077636719,-297.303131104,-629.343322754,-730.121887207,-115.27532196,-69.6195983887,-43.8062400818],[-935.210998535,1944.96032715,1145.88061523,-552.913330078,696.549926758,-43.2933502197,337.13873291,-204.060333252,107.222518921,21.1777000427,156.337936401,-21.24477005,17.7097434998],[-2629.32910156,1145.88061523,2014.9329834,-467.111755371,192.121414185,67.1096801758,219.156311035,27.8784885406,230.797225952,339.704284668,109.089080811,-10.0475702286,-6.30081367493],[1571.67810059,-552.913330078,-467.111755371,1359.25244141,350.046386719,326.83380127,-19.4222507477,37.9072570801,-149.256652832,-275.632446289,-133.00177002,-88.4243164062,-77.430267334],[119.355148315,696.549926758,192.121414185,350.046386719,1099.8001709,265.267089844,173.329498291,10.6383876801,63.6529960632,-145.933746338,-97.695640564,-39.0835342407,28.3478527069],[123.205307007,-43.2933502197,67.1096801758,326.83380127,265.267089844,383.84375,88.822555542,64.1404037476,29.3922271729,-42.0271949768,-45.5772590637,-39.7483940125,-5.29137706757],[-806.077636719,337.13873291,219.156311035,-19.4222507477,173.329498291,88.822555542,408.545654297,102.380126953,32.5713157654,-56.4282608032,22.5442771912,28.403427124,-4.75509166718],[-297.303131104,-204.060333252,27.8784885406,37.9072570801,10.6383876801,64.1404037476,102.380126953,301.113616943,131.479034424,30.2491054535,-50.0131149292,1.19868147373,37.5198707581],[-629.343322754,107.222518921,230.797225952,-149.256652832,63.6529960632,29.3922271729,32.5713157654,131.479034424,323.426147461,166.859191895,-6.35476303101,-32.4302253723,65.1555862427],[-730.121887207,21.1777000427,339.704284668,-275.632446289,-145.933746338,-42.0271949768,-56.4282608032,30.2491054535,166.859191895,321.333648682,74.3173751831,2.81997537613,17.8019275665],[-115.27532196,156.337936401,109.089080811,-133.00177002,-97.695640564,-45.5772590637,22.5442771912,-50.0131149292,-6.35476303101,74.3173751831,188.964141846,51.1723022461,-48.9006233215],[-69.6195983887,-21.24477005,-10.0475702286,-88.4243164062,-39.0835342407,-39.7483940125,28.403427124,1.19868147373,-32.4302253723,2.81997537613,51.1723022461,146.3487854,44.8043708801],[-43.8062400818,17.7097434998,-6.30081367493,-77.430267334,28.3478527069,-5.29137706757,-4.75509166718,37.5198707581,65.1555862427,17.8019275665,-48.9006233215,44.8043708801,181.567581177]],"icov":[[0.000301371474052,-0.000571417447645,0.000494564999826,-0.000368128501577,0.000281800195808,-0.000288604962407,0.000826945295557,-0.000438078248408,0.000292347976938,-0.00000367010534319,0.0000578875879,-0.000249938922934,0.0000211111528188],[-0.000571417447645,0.00414188019931,-0.00225219735876,0.00176938611548,-0.00249825720675,0.00168128090445,-0.00299707893282,0.00295921834186,-0.00111607124563,0.00189309217967,-0.00283493380994,0.00270628021099,-0.00133283657487],[0.000494564999826,-0.00225219735876,0.00212883902714,-0.000888872891665,0.00111063406803,-0.00111121300142,0.00152649334632,-0.00147034553811,0.000722791592125,-0.00166734319646,0.0012448070338,-0.00123407924548,0.000715725123882],[-0.000368128501577,0.00176938611548,-0.000888872891665,0.00212727929465,-0.00123833573889,-0.000184559001355,-0.00114467355888,0.000943410326727,-0.000195270375116,0.00122300710063,-0.000849275151268,0.00138251355384,-0.0000417489209212],[0.000281800195808,-0.00249825720675,0.00111063406803,-0.00123833573889,0.00290509499609,-0.00158277864102,0.00133488175925,-0.00119844579604,-0.000119589509268,-0.000451003696071,0.00223140907474,-0.00182990462054,0.000744691002183],[-0.000288604962407,0.00168128090445,-0.00111121300142,-0.000184559001355,-0.00158277864102,0.00474763801321,-0.00190896587446,0.000781473470852,-0.000519370078109,0.000275975238765,-0.00103276711889,0.00160210812464,-0.000691066903528],[0.000826945295557,-0.00299707893282,0.00152649334632,-0.00114467355888,0.00133488175925,-0.00190896587446,0.00661692814901,-0.00361346523277,0.000885633518919,0.000752560037654,0.000398098200094,-0.00230801780708,0.000997771392576],[-0.000438078248408,0.00295921834186,-0.00147034553811,0.000943410326727,-0.00119844579604,0.000781473470852,-0.00361346523277,0.00733923353255,-0.00318364496343,0.00113149301615,-0.000186819263035,0.000760958879255,-0.000650968577247],[0.000292347976938,-0.00111607124563,0.000722791592125,-0.000195270375116,-0.000119589509268,-0.000519370078109,0.000885633518919,-0.00318364496343,0.00700314389542,-0.00342943798751,0.0000670732115395,0.00172922841739,-0.0017796731554],[-0.00000367010534319,0.00189309217967,-0.00166734319646,0.00122300710063,-0.000451003696071,0.000275975238765,0.000752560037654,0.00113149301615,-0.00342943798751,0.00829123239964,-0.00360575970262,0.0012586802477,-0.000721470452845],[0.0000578875879,-0.00283493380994,0.0012448070338,-0.000849275151268,0.00223140907474,-0.00103276711889,0.000398098200094,-0.000186819263035,0.0000670732115395,-0.00360575970262,0.0113072311506,-0.00580334616825,0.00444888183847],[-0.000249938922934,0.00270628021099,-0.00123407924548,0.00138251355384,-0.00182990462054,0.00160210812464,-0.00230801780708,0.000760958879255,0.00172922841739,0.0012586802477,-0.00580334616825,0.0121551370248,-0.0049691949971],[0.0000211111528188,-0.00133283657487,0.000715725123882,-0.0000417489209212,0.000744691002183,-0.000691066903528,0.000997771392576,-0.000650968577247,-0.0017796731554,-0.000721470452845,0.00444888183847,-0.0049691949971,0.00880774855614]],"mean":[-125.540222168,188.0859375,-144.180160522,2.04553937912,-41.5243034363,-12.2462215424,-18.7265453339,-12.6882686615,-2.45185661316,-14.8460063934,-0.1130483374,-12.0384244919,1.16295337677]},"hfc":{"dmean":4.74016046524,"dmean2":6.69924688339,"dvar":112.260551453,"dvar2":234.404144287,"max":236.737762451,"mean":17.2377891541,"median":12.753112793,"min":1.22248122757e-16,"var":349.160491943},"melbands":{"dmean":[0.000221193709876,0.000390635774238,0.000308134127408,0.000195698055904,0.000234197621467,0.000268214935204,0.000262997404207,0.000126383631141,0.0000902389292605,0.000121166078316,0.0000626391338301,0.0000856870319694,0.0000747857557144,0.0000615795797785,0.0000297943606711,0.0000203317140404,0.0000324519460264,0.0000291682390525,0.0000261482655333,0.0000376974712708,0.0000794824882178,0.00000863214063429,0.00000553099062017,0.00000435404263044,0.00000521646370544,0.00000419960633735,0.00000151821564032,4.68908268658e-7,8.56703650243e-7,5.52682081434e-7,1.71099927115e-7,6.7861634534e-8,7.26156557107e-8,2.48980427386e-7,2.18423679144e-7,7.22502875306e-8,1.2451065956e-8,6.92607748931e-9,4.9302681937e-9,2.41118125466e-9],"dmean2":[0.000293814722681,0.000583154615015,0.000420667347498,0.000290635216516,0.000275592115941,0.000308082904667,0.000390373141272,0.000174695494934,0.000116268573038,0.000150446474436,0.0000856125334394,0.0000941120015341,0.0000953121125349,0.000077336531831,0.0000402661389671,0.0000274915255432,0.0000437321723439,0.0000392649708374,0.0000377907999791,0.000054526492022,0.000119230273413,0.0000135222398967,0.00000912631912797,0.00000722238337403,0.00000882714903128,0.00000713021290721,0.00000248424953497,7.61509113545e-7,0.00000139995290738,8.6264373067e-7,2.65664141352e-7,1.08438754864e-7,1.12418035769e-7,3.46488377545e-7,2.91513543971e-7,1.05505328918e-7,1.83042860868e-8,1.07644728686e-8,7.97251242801e-9,4.00124955391e-9],"dvar":[5.40788960279e-7,0.00000114700537779,4.40629321474e-7,2.88380022084e-7,2.47238403972e-7,3.12677855163e-7,3.06358231228e-7,9.93399993376e-8,4.58974547257e-8,1.22291027083e-7,3.3718563941e-8,6.28630800747e-8,4.18512513534e-8,2.15141575666e-8,6.86364076685e-9,4.91074958475e-9,1.47712011511e-8,6.86827439367e-9,1.01071382375e-8,1.64703894967e-8,1.37669104561e-7,1.19196441606e-9,3.23174126349e-10,1.5334031267e-10,2.93118307404e-10,1.64136954028e-10,2.29960096104e-11,2.12946262186e-12,1.10312141366e-11,5.44207907904e-12,3.42235192009e-13,7.84618341978e-14,1.42178125826e-13,3.23327063907e-12,1.76143355544e-12,1.9544594079e-13,3.73901815203e-15,1.00003737896e-15,4.26816064003e-16,9.97397839004e-17],"dvar2":[0.00000111967904104,0.00000264705363406,9.12028099265e-7,6.33259730876e-7,3.95306813061e-7,4.04578884172e-7,8.1884024894e-7,1.97645263711e-7,8.56449133835e-8,2.14618609107e-7,7.23865909436e-8,7.37959027219e-8,7.40311136838e-8,3.47831594638e-8,1.27061339228e-8,7.86253551155e-9,2.23564811108e-8,1.0792436278e-8,2.21009575085e-8,3.2446568099e-8,2.87086862727e-7,2.40956299358e-9,8.76944794559e-10,4.10657979844e-10,8.00705557413e-10,4.79476292004e-10,6.20674692198e-11,5.41976489729e-12,2.72805302654e-11,1.19780591695e-11,7.9622647451e-13,1.83326010622e-13,3.04207098964e-13,7.22904288514e-12,2.61917874542e-12,4.0831156815e-13,6.20105875015e-15,2.34770258518e-15,1.16058686252e-15,2.60753269461e-16],"max":[0.0229367930442,0.0196530092508,0.0154467280954,0.0186771824956,0.0125392982736,0.0150510407984,0.0139138158411,0.00479808310047,0.00484633632004,0.013790037483,0.00356899248436,0.00922215729952,0.00508972303942,0.00446112314239,0.00219519319944,0.00283364439383,0.00520399864763,0.00185155263171,0.00304182525724,0.00340037397109,0.00844400376081,0.00116352771875,0.000401091761887,0.000254451471847,0.00058956927387,0.000293571705697,0.000116946808703,0.0000261838195001,0.0000733084016247,0.0000697437862982,0.0000132111217681,0.00000534043556399,0.0000128339515868,0.0000689241132932,0.0000472210958833,0.000017846992705,0.00000311532585329,0.00000107347477751,6.3858823296e-7,2.46771776347e-7],"mean":[0.00133027590346,0.00195469195023,0.00139910308644,0.000518525193911,0.000748995342292,0.000795501749963,0.000588816881645,0.00028116532485,0.000205677453778,0.000257150648395,0.000120845819765,0.000228763761697,0.000152130596689,0.000120426651847,0.0000535177787242,0.0000370120651496,0.0000588949951634,0.0000563573739782,0.000040350794734,0.0000593265940552,0.000110241744551,0.0000130543494379,0.0000072823490882,0.00000618880721959,0.00000781775361247,0.00000637691437078,0.00000227879013437,7.35398998586e-7,0.0000011697534319,7.817480423e-7,2.58837275169e-7,9.73400986481e-8,9.78483427616e-8,3.30187646114e-7,3.51986756186e-7,1.11131214453e-7,2.22592628774e-8,1.04530064604e-8,6.96401158962e-9,3.26550075869e-9],"median":[0.0000446110352641,0.000164690383826,0.000371350033674,0.000165830017067,0.000232803547988,0.000146127975313,0.000172355285031,0.0000820983550511,0.0000525492323504,0.0000693722104188,0.0000269111133093,0.0000490771526529,0.0000269618176389,0.0000165270466823,0.0000106666520878,0.00000643553266855,0.00000954022834776,0.00000779151378083,0.00000420430706072,0.00000466849633085,0.00000516711679666,0.00000175969353222,7.87679482528e-7,4.11538621847e-7,7.66422260767e-7,5.49127094018e-7,2.1883860768e-7,6.5607707711e-8,7.26939930473e-8,5.01038712741e-8,2.10528323663e-8,7.16810877321e-9,4.55344562056e-9,4.44430980906e-9,3.56887763786e-9,2.19240181565e-9,7.5009720657e-10,5.06123976063e-10,3.0903229975e-10,1.1388207044e-10],"min":[3.28315467941e-24,5.79788468422e-24,4.97428983891e-24,1.02885960829e-23,1.08109411202e-23,3.07899727993e-24,1.14435420907e-23,1.39141227061e-23,1.49084566336e-23,9.93505781304e-24,7.85044001731e-24,1.32328892496e-23,7.76990047433e-24,4.09324738147e-24,5.37341756378e-24,5.40659232029e-24,4.54173018887e-24,6.27862559176e-24,2.03985763075e-24,6.40374129791e-24,6.97395402046e-24,4.96196704271e-24,8.05289722433e-24,6.74803056809e-24,7.09043879945e-24,7.38167046844e-24,6.42942897557e-24,1.12805452839e-23,1.16766213003e-23,8.53596329939e-24,9.67604401228e-24,9.59594938685e-24,9.25221981348e-24,9.66940653662e-24,8.84064899112e-24,9.66166071139e-24,8.3225306706e-24,1.08156703413e-23,1.03649941061e-23,1.28284899617e-23],"var":[0.000009639149539,0.0000112556499516,0.00000419952766606,0.00000112399084173,0.00000149695324581,0.0000030076018902,0.00000111438146178,2.7990995477e-7,1.71301820728e-7,4.3594326371e-7,7.81261988436e-8,4.63447889842e-7,1.31342716259e-7,7.86885152593e-8,1.83180581814e-8,1.28007640043e-8,3.93876362637e-8,2.37639881107e-8,1.6272240444e-8,3.5239690277e-8,2.65187168225e-7,2.41382891453e-9,5.49709777697e-10,2.69901018202e-10,4.90711749013e-10,3.14482884178e-10,4.04867771253e-11,3.46034225579e-12,1.59535700622e-11,8.34545453576e-12,5.54535258858e-13,1.10774148914e-13,2.13125822329e-13,4.3195902584e-12,4.68308334819e-12,3.65989844767e-13,1.26562019735e-14,1.67072547813e-15,5.05971901729e-16,1.22070801703e-16]},"melbands_crest":{"dmean":2.23060536385,"dmean2":3.22212433815,"dvar":6.46197938919,"dvar2":15.4107055664,"max":32.8378067017,"mean":16.3255195618,"median":15.6842842102,"min":2.309009552,"var":33.3661308289},"melbands_flatness_db":{"dmean":0.0215115901083,"dmean2":0.0301692411304,"dvar":0.000700429081917,"dvar2":0.00135465268977,"max":0.741870224476,"mean":0.367519259453,"median":0.346476972103,"min":0.00720245530829,"var":0.0158000160009},"melbands_kurtosis":{"dmean":3.78682851791,"dmean2":5.16603040695,"dvar":41.6241111755,"dvar2":87.6599960327,"max":147.470214844,"mean":11.3260135651,"median":5.30857753754,"min":-1.84731376171,"var":294.660827637},"melbands_skewness":{"dmean":0.489261120558,"dmean2":0.656971335411,"dvar":0.270137220621,"dvar2":0.564528822899,"max":8.60259914398,"mean":1.88180363178,"median":1.74734735489,"min":-3.98671030998,"var":3.56268620491},"melbands_spread":{"dmean":3.29366064072,"dmean2":4.68519115448,"dvar":34.7674026489,"dvar2":71.2744750977,"max":151.399581909,"mean":13.7575340271,"median":10.2477989197,"min":0.2810780406,"var":162.188537598},"mfcc":{"cov":[[9791.80664062,-1110.66381836,-3050.38745117,1308.00622559,29.623260498,357.163574219,-203.521057129,348.450622559,-708.441040039,-344.965332031,-823.070922852,-375.682159424,-139.723648071],[-1110.66381836,2166.36621094,715.299621582,-364.030334473,370.619262695,91.0596084595,231.393173218,-104.6173172,72.7530059814,-91.7369918823,174.26008606,95.3984527588,89.6579742432],[-3050.38745117,715.299621582,1738.80371094,-351.488861084,36.2423934937,-35.170009613,21.1785774231,-158.355697632,87.0919036865,116.536781311,411.415618896,215.820709229,11.7917518616],[1308.00622559,-364.030334473,-351.488861084,755.747253418,289.222686768,199.135864258,151.282318115,230.728042603,4.98720407486,-17.2262687683,-130.070846558,-68.443359375,-38.9847640991],[29.623260498,370.619262695,36.2423934937,289.222686768,705.83581543,348.007629395,149.737976074,126.151344299,173.751586914,85.1128463745,-44.2792778015,-23.4317150116,49.6144142151],[357.163574219,91.0596084595,-35.170009613,199.135864258,348.007629395,409.113006592,155.960678101,95.5576400757,55.0696182251,35.0196723938,-52.8464279175,-26.0869846344,61.2054481506],[-203.521057129,231.393173218,21.1785774231,151.282318115,149.737976074,155.960678101,397.09942627,222.16835022,42.5515937805,-58.0883750916,-21.5320472717,-15.6695203781,26.3409976959],[348.450622559,-104.6173172,-158.355697632,230.728042603,126.151344299,95.5576400757,222.16835022,370.484222412,107.741943359,7.69191265106,-64.916229248,-62.8288002014,2.71164751053],[-708.441040039,72.7530059814,87.0919036865,4.98720407486,173.751586914,55.0696182251,42.5515937805,107.741943359,483.634643555,176.202438354,-47.2774887085,5.5845580101,58.2662887573],[-344.965332031,-91.7369918823,116.536781311,-17.2262687683,85.1128463745,35.0196723938,-58.0883750916,7.69191265106,176.202438354,284.43157959,99.447807312,13.5839776993,36.0651817322],[-823.070922852,174.26008606,411.415618896,-130.070846558,-44.2792778015,-52.8464279175,-21.5320472717,-64.916229248,-47.2774887085,99.447807312,334.711761475,116.634788513,-21.3148593903],[-375.682159424,95.3984527588,215.820709229,-68.443359375,-23.4317150116,-26.0869846344,-15.6695203781,-62.8288002014,5.5845580101,13.5839776993,116.634788513,162.364715576,36.4689941406],[-139.723648071,89.6579742432,11.7917518616,-38.9847640991,49.6144142151,61.2054481506,26.3409976959,2.71164751053,58.2662887573,36.0651817322,-21.3148593903,36.4689941406,193.197601318]],"icov":[[0.000593452656176,-0.000436712987721,0.000829798227642,-0.000782408460509,0.000611421943177,-0.000833463971503,0.00114867649972,-0.000773232954089,0.000970869266894,-0.000532867619768,0.00079844618449,-0.00069155235542,0.000409901782405],[-0.000436712987721,0.00121623184532,-0.000768180587329,0.00110972567927,-0.00128905789461,0.000968107488006,-0.00150603114162,0.00101895944681,-0.000879423459992,0.00111355131958,-0.00101398408879,0.000781655195169,-0.000596138474066],[0.000829798227642,-0.000768180587329,0.00214554695413,-0.000906837987714,0.000821430410724,-0.0012372530764,0.00144355103839,-0.000848083291203,0.00106400088407,-0.000702831719536,0.000190625723917,-0.00141215627082,0.000736684829462],[-0.000782408460509,0.00110972567927,-0.000906837987714,0.00357341510244,-0.0020056150388,0.000975864124484,-0.00191539525986,0.000193750718608,-0.000832079327665,0.000808430369943,-0.000704403792042,0.000452068139566,0.0000968839012785],[0.000611421943177,-0.00128905789461,0.000821430410724,-0.0020056150388,0.00432903273031,-0.0032607417088,0.0017852159217,-0.00106003379915,0.000359143508831,-0.0012839504052,0.00108387263026,-0.000735883892048,0.000668187218253],[-0.000833463971503,0.000968107488006,-0.0012372530764,0.000975864124484,-0.0032607417088,0.00632175197825,-0.00325193116441,0.00167882931419,-0.000754247943405,0.000220024827286,-0.000713743269444,0.00133484159596,-0.00166948663536],[0.00114867649972,-0.00150603114162,0.00144355103839,-0.00191539525986,0.0017852159217,-0.00325193116441,0.00766454031691,-0.0046245274134,0.0017006903654,0.000330504291924,0.00109586480539,-0.00147756200749,0.000471923238365],[-0.000773232954089,0.00101895944681,-0.000848083291203,0.000193750718608,-0.00106003379915,0.00167882931419,-0.0046245274134,0.00676021585241,-0.00244260462932,0.000806478317827,-0.0016758304555,0.00249292096123,-0.000734579167329],[0.000970869266894,-0.000879423459992,0.00106400088407,-0.000832079327665,0.000359143508831,-0.000754247943405,0.0017006903654,-0.00244260462932,0.00547010730952,-0.00381631660275,0.00359400222078,-0.00247195712291,0.000752367603127],[-0.000532867619768,0.00111355131958,-0.000702831719536,0.000808430369943,-0.0012839504052,0.000220024827286,0.000330504291924,0.000806478317827,-0.00381631660275,0.00809393636882,-0.00473452592269,0.00286732544191,-0.00191605254076],[0.00079844618449,-0.00101398408879,0.000190625723917,-0.000704403792042,0.00108387263026,-0.000713743269444,0.00109586480539,-0.0016758304555,0.00359400222078,-0.00473452592269,0.00856862403452,-0.00503246625885,0.00241132639349],[-0.00069155235542,0.000781655195169,-0.00141215627082,0.000452068139566,-0.000735883892048,0.00133484159596,-0.00147756200749,0.00249292096123,-0.00247195712291,0.00286732544191,-0.00503246625885,0.0112827457488,-0.00322766113095],[0.000409901782405,-0.000596138474066,0.000736684829462,0.0000968839012785,0.000668187218253,-0.00166948663536,0.000471923238365,-0.000734579167329,0.000752367603127,-0.00191605254076,0.00241132639349,-0.00322766113095,0.00703308125958]],"mean":[-758.167419434,204.643493652,-22.5245094299,10.142698288,-2.01406788826,-1.6644692421,-5.72993373871,-1.4912583828,-3.56918215752,4.44529438019,-6.24238538742,-2.85675835609,0.909386396408]},"pitch_salience":{"dmean":0.0540079958737,"dmean2":0.0796163976192,"dvar":0.00354174664244,"dvar2":0.00850645080209,"max":0.928674757481,"mean":0.487552970648,"median":0.489705622196,"min":0.0598174743354,"var":0.0193320773542},"silence_rate_20dB":{"dmean":0,"dmean2":0,"dvar":0,"dvar2":0,"max":1,"mean":1,"median":1,"min":1,"var":0},"silence_rate_30dB":{"dmean":0.00107267359272,"dmean2":0.00214592274278,"dvar":0.00107156240847,"dvar2":0.00267795310356,"max":1,"mean":0.999195694923,"median":1,"min":0,"var":0.000803677656222},"silence_rate_60dB":{"dmean":0.0134084206074,"dmean2":0.0268240347505,"dvar":0.0132286325097,"dvar2":0.027714272961,"max":1,"mean":0.0951742604375,"median":0,"min":0,"var":0.0861209109426},"spectral_centroid":{"dmean":123.566017151,"dmean2":180.781295776,"dvar":59323.5117188,"dvar2":98210.1953125,"max":11244.8730469,"mean":833.10369873,"median":697.885131836,"min":94.5140533447,"var":273724.25},"spectral_complexity":{"dmean":1.68356132507,"dmean2":2.73551511765,"dvar":5.01155805588,"dvar2":11.1955318451,"max":38,"mean":11.7136726379,"median":11,"min":0,"var":45.4802322388},"spectral_contrast_coeffs":{"dmean":[0.0370143763721,0.0440224073827,0.0397748984396,0.0350906513631,0.0276480168104,0.0323139168322],"dmean2":[0.0588127970695,0.0691713914275,0.0594919286668,0.0526308529079,0.0432076342404,0.0546075478196],"dvar":[0.0011414977489,0.00197470793501,0.00148655101657,0.0011600588914,0.000718168041203,0.000838620995637],"dvar2":[0.00271915784106,0.00461556063965,0.00333113060333,0.00254637491889,0.00164253171533,0.00249540782534],"max":[-0.271871834993,-0.310493141413,-0.366646707058,-0.352311789989,-0.443412512541,-0.52993786335],"mean":[-0.604038536549,-0.641224563122,-0.672877669334,-0.699159860611,-0.735237538815,-0.73021042347],"median":[-0.617250323296,-0.652931451797,-0.676815986633,-0.700910568237,-0.733500778675,-0.723764121532],"min":[-0.950090765953,-0.963667988777,-0.974577963352,-0.970966815948,-0.96407020092,-0.962171375751],"var":[0.0183686986566,0.0130318980664,0.00925790611655,0.00821153447032,0.00917136203498,0.00501592410728]},"spectral_contrast_valleys":{"dmean":[0.39429345727,0.413494318724,0.397130131721,0.380645096302,0.314254820347,0.517458379269],"dmean2":[0.614282250404,0.654048979282,0.612132430077,0.597221970558,0.486968755722,0.841587483883],"dvar":[0.223711371422,0.323843240738,0.3060721457,0.276360869408,0.250649034977,0.30089828372],"dvar2":[0.397216111422,0.581005215645,0.546033918858,0.501847267151,0.423630356789,0.681860089302],"max":[-5.34711313248,-4.56594896317,-5.22617435455,-5.94315433502,-6.30420398712,-9.60311794281],"mean":[-8.21484375,-7.42961215973,-8.11397647858,-9.02309322357,-9.59074687958,-13.3330039978],"median":[-8.26704502106,-7.32679462433,-8.07857227325,-8.9614572525,-9.49186992645,-13.3828525543],"min":[-27.456615448,-27.2756195068,-27.2456321716,-27.1348762512,-27.1948127747,-27.2969913483],"var":[1.62393140793,1.49369549751,1.41524624825,1.57866954803,1.6054764986,1.33379995823]},"spectral_decrease":{"dmean":1.40052536235e-9,"dmean2":1.92278126754e-9,"dvar":3.78030059897e-18,"dvar2":8.55607418766e-18,"max":1.05385538406e-28,"mean":-7.7861255221e-9,"median":-7.49909112585e-9,"min":-2.94006348156e-8,"var":2.39018370947e-17},"spectral_energy":{"dmean":0.00564620038494,"dmean2":0.00777711067349,"dvar":0.0000632909213891,"dvar2":0.000142404212966,"max":0.114574037492,"mean":0.0309501271695,"median":0.0300615094602,"min":1.08420226942e-20,"var":0.00036552187521},"spectral_energyband_high":{"dmean":0.00003621480937,"dmean2":0.0000537443884241,"dvar":1.52265418052e-8,"dvar2":3.17675770134e-8,"max":0.00294295256026,"mean":0.0000691933237249,"median":0.00000474034186482,"min":7.98346905857e-21,"var":3.92199410726e-8},"spectral_energyband_low":{"dmean":0.00180678558536,"dmean2":0.00258652702905,"dvar":0.0000204157076951,"dvar2":0.0000436560003436,"max":0.0979316979647,"mean":0.0111664934084,"median":0.00157251302153,"min":6.16678318031e-23,"var":0.000315806275466},"spectral_energyband_middle_high":{"dmean":0.0023687321227,"dmean2":0.00320883723907,"dvar":0.0000271657008852,"dvar2":0.0000539382781426,"max":0.108979590237,"mean":0.00694259256124,"median":0.00320589588955,"min":1.37703640395e-21,"var":0.000112225032353},"spectral_energyband_middle_low":{"dmean":0.00345056294464,"dmean2":0.00454394426197,"dvar":0.0000266515962721,"dvar2":0.0000581163876632,"max":0.0856045782566,"mean":0.0148444874212,"median":0.0121288821101,"min":4.02199987842e-22,"var":0.000162095820997},"spectral_entropy":{"dmean":0.179992780089,"dmean2":0.265968710184,"dvar":0.0498242750764,"dvar2":0.104946129024,"max":9.80140209198,"mean":6.12441110611,"median":6.27151679993,"min":3.47908473015,"var":0.796528995037},"spectral_flux":{"dmean":0.0208101160824,"dmean2":0.0341638214886,"dvar":0.000841381319333,"dvar2":0.0021490228828,"max":0.265359848738,"mean":0.0532074794173,"median":0.0437032654881,"min":1.04125034983e-10,"var":0.001669799909},"spectral_kurtosis":{"dmean":14.0260419846,"dmean2":24.4070167542,"dvar":332.015014648,"dvar2":955.541137695,"max":284.608032227,"mean":39.1825370789,"median":16.8574752808,"min":-1.23529362679,"var":2360.15576172},"spectral_rms":{"dmean":0.000501444214024,"dmean2":0.000679355347529,"dvar":3.93161684542e-7,"dvar2":8.93009143965e-7,"max":0.0105725843459,"mean":0.00511366128922,"median":0.00541556067765,"min":3.25231963756e-12,"var":0.00000404573256674},"spectral_rolloff":{"dmean":174.519515991,"dmean2":287.789825439,"dvar":390371.34375,"dvar2":817779.0625,"max":19143.0175781,"mean":924.57989502,"median":689.0625,"min":86.1328125,"var":764217.5625},"spectral_skewness":{"dmean":0.870818972588,"dmean2":1.52138650417,"dvar":0.864774405956,"dvar2":2.53174376488,"max":13.4993782043,"mean":3.74200892448,"median":2.51511764526,"min":-0.0525862686336,"var":8.10503768921},"spectral_spread":{"dmean":313404.28125,"dmean2":510798.625,"dvar":857922600960,"dvar2":817965891584,"max":50068236,"mean":1888944,"median":1757418.75,"min":324659.625,"var":1757020160000},"spectral_strongpeak":{"dmean":0.627836763859,"dmean2":0.986894488335,"dvar":2.14809513092,"dvar2":4.86062049866,"max":28.2495079041,"mean":1.8241546154,"median":0.992956876755,"min":0,"var":6.95605945587},"zerocrossingrate":{"dmean":0.00453751953319,"dmean2":0.00555144855753,"dvar":0.000184591423022,"dvar2":0.000392752786865,"max":0.53076171875,"mean":0.0338940508664,"median":0.02880859375,"min":0.0029296875,"var":0.000693892594427}},"metadata":{"audio_properties":{"analysis_sample_rate":44100,"bit_rate":192000,"codec":"mp3","downmix":"mix","equal_loudness":0,"length":86.5697937012,"lossless":false,"md5_encoded":"79031de878f009460354b19e08d2f0b7","replay_gain":-3.81614685059,"sample_rate":44100},"tags":{"album":["Van Halen III"],"albumartist":["Van Halen"],"artist":["Van Halen"],"date":["1998"],"file_name":"314828.mp3","genre":["Hard Rock"],"musicbrainz_recordingid":["65a8828b-4fe1-4f47-b2f6-c2369c403939"],"title":["Primary"],"tracknumber":["10"]},"version":{"essentia":"2.1-beta2","essentia_build_sha":"70f2e5ece6736b2c40cc944ad0e695b16b925413","essentia_git_sha":"v2.1_beta2","extractor":"music 1.0"}},"rhythm":{"beats_count":208,"beats_loudness":{"dmean":0.0141084715724,"dmean2":0.0226115714759,"dvar":0.000180198272574,"dvar2":0.000466523139039,"max":0.098711900413,"mean":0.0324472114444,"median":0.0313935130835,"min":0.0000312126467179,"var":0.000359573343303},"beats_loudness_band_ratio":{"dmean":[0.155670076609,0.133867666125,0.138064041734,0.122481793165,0.0666549876332,0.00978363119066],"dmean2":[0.26114654541,0.231188178062,0.230000600219,0.216565147042,0.111178778112,0.0169942863286],"dvar":[0.0328383259475,0.0188463088125,0.0225158147514,0.0274590887129,0.0165377259254,0.000455938425148],"dvar2":[0.0866313949227,0.0504781864583,0.0666027888656,0.0793785825372,0.041902191937,0.00127055158373],"max":[0.998065114021,0.955907166004,0.98002833128,0.856187999249,0.912308812141,0.176686629653],"mean":[0.341985583305,0.214809238911,0.258363366127,0.140051305294,0.079308077693,0.00980732683092],"median":[0.216535627842,0.131094500422,0.14134991169,0.0680675432086,0.0255965851247,0.00255914125592],"min":[0.000749036029447,0.000216668457142,0.000953254522756,0.000078508797742,0.0000319013088301,0.00000392865558752],"var"