{"lowlevel":{"average_loudness":0.1799377352,"barkbands":{"dmean":[0.000918631674722,0.00904219038785,0.00351059087552,0.00209763972089,0.000783307128586,0.000843357178383,0.000644687796012,0.00035657879198,0.000317017751513,0.00023649277864,0.000310409814119,0.000140674965223,0.000178578658961,0.000150096006109,0.000124004145619,0.0000978958778433,0.000116321250971,0.00007049672422,0.0000974895519903,0.0000892556345207,0.0000496996544825,0.0000291570740956,0.0000213556304516,0.0000189939146367,0.0000026582308692,0.00000290584762297,0.000180602466571],"dmean2":[0.00158170540817,0.0149481259286,0.00571836577728,0.0034041411709,0.00128020194825,0.00135784549639,0.000937916513067,0.000557177583687,0.000478681235109,0.000370629160898,0.00048970268108,0.000217978071305,0.000276269362075,0.000227156036999,0.00018759824161,0.000148660968989,0.000172087384271,0.000102252735815,0.000145604033605,0.000129648513393,0.0000721228498151,0.0000421553922934,0.0000321067200275,0.0000286389476969,0.00000415563908973,0.00000447880847787,0.000253373669693],"dvar":[0.0000060562406361,0.000605001638178,0.0000877555430634,0.0000218666355067,0.00000362362447959,0.00000384093209504,0.00000860830277816,0.00000231749140767,0.00000234252001974,0.00000143042450418,0.00000124707526084,3.67417044345e-7,4.93701975302e-7,4.06532024044e-7,3.04579884869e-7,1.46627229469e-7,3.14180482519e-7,1.44950050185e-7,3.81076262101e-7,3.53970506239e-7,9.90931212641e-8,2.65357389395e-8,1.51146277716e-8,1.15288854019e-8,1.00290227512e-10,1.0722087801e-10,9.89460204437e-7],"dvar2":[0.0000164156808751,0.00158350844868,0.000219982379349,0.0000556671584491,0.00000913320945983,0.00000964326318353,0.0000159409646585,0.00000460413411929,0.00000486891440232,0.0000034298304854,0.00000290750949716,8.91013655746e-7,0.0000011467193417,8.69714028795e-7,6.87900524099e-7,3.5178081248e-7,6.88422346684e-7,3.13919372275e-7,8.43094426273e-7,7.55817382014e-7,2.27928126151e-7,5.62143540606e-8,3.4284486361e-8,2.57379522139e-8,2.24161481044e-10,2.284204631e-10,0.00000211426231544],"max":[0.0744776502252,0.512002587318,0.231734424829,0.13450756669,0.0534957125783,0.0560264028609,0.107523337007,0.106214568019,0.0745489373803,0.0694447159767,0.0428946986794,0.0306817796081,0.021889841184,0.0252351704985,0.0201708897948,0.0134731214494,0.0187649056315,0.0188559480011,0.0243939738721,0.0554500967264,0.0234789643437,0.00819592271,0.00456823129207,0.00321686035022,0.000362009188393,0.000265799142653,0.0451824888587],"mean":[0.000985766993836,0.0123338745907,0.00456618517637,0.00337321776897,0.00126656424254,0.00145648850594,0.00100978359114,0.0005251346156,0.000475846696645,0.000318386475556,0.000420166965341,0.000203490300919,0.000258781074081,0.00021515674598,0.000178324495209,0.00014204501349,0.000148543564137,0.0000888883660082,0.000110639812192,0.000108454019937,0.000062420454924,0.0000347138520738,0.0000219240282604,0.0000193224332179,0.00000301355703414,0.00000342486168847,0.000222197180847],"median":[0.000214299652725,0.00214498699643,0.00105278636329,0.0010370115051,0.000456880487036,0.000441785115981,0.0000946717773331,0.0000714864072506,0.0000500088463014,0.0000254229944403,0.0000429895953857,0.0000167034049809,0.0000187702262338,0.0000143570368891,0.00000810614892544,0.00000662320553602,0.00000746984505895,0.00000376333969143,0.00000277738195109,0.0000028854701668,0.00000182596636478,0.00000133693561111,7.69305302128e-7,5.35564140591e-7,4.21721381372e-7,5.37314861049e-7,0.00000604093838774],"min":[3.84492698471e-24,5.33274231778e-24,1.12818950249e-23,6.91459144848e-24,2.33914155799e-23,4.49554569609e-23,4.18762898786e-23,2.08492482039e-23,4.48844531685e-23,2.06887228983e-23,1.73478575217e-23,3.99489859358e-23,6.57273100214e-23,7.87462791261e-23,1.23553174646e-22,9.54346820632e-23,9.80017490448e-23,1.87157981827e-22,2.58874639385e-22,1.6633768324e-22,2.72196240776e-22,3.5098845054e-22,4.0992653331e-22,7.96987510453e-22,1.01443412859e-21,1.66578877778e-21,2.36175150429e-21],"var":[0.00000611147515883,0.000861727225129,0.000111760302389,0.0000417677583755,0.00000584627059652,0.00000724307710698,0.0000215596483031,0.00000475409206047,0.00000463850938104,0.00000202249952963,0.00000206653794521,5.06357423546e-7,7.88875354374e-7,6.26133498827e-7,4.61079793013e-7,2.4710104185e-7,3.93702606516e-7,2.10751011309e-7,4.47637006573e-7,5.20015305483e-7,1.47837198483e-7,3.57290801389e-8,1.56625095116e-8,1.25581163246e-8,1.21321924729e-10,1.36783237514e-10,0.00000135436482651]},"barkbands_crest":{"dmean":3.28261613846,"dmean2":5.5011844635,"dvar":7.54539346695,"dvar2":20.9098148346,"max":26.706533432,"mean":12.5041322708,"median":11.9766664505,"min":2.64194703102,"var":17.9637985229},"barkbands_flatness_db":{"dmean":0.0331986546516,"dmean2":0.0530569031835,"dvar":0.000838866399135,"dvar2":0.00207494478673,"max":0.503099858761,"mean":0.19818007946,"median":0.196356490254,"min":0.0300211440772,"var":0.00345748686232},"barkbands_kurtosis":{"dmean":12.6002368927,"dmean2":20.3287334442,"dvar":448.732910156,"dvar2":1070.47790527,"max":1031.25976562,"mean":25.9434528351,"median":15.9417152405,"min":-1.92473685741,"var":1212.38635254},"barkbands_skewness":{"dmean":0.970892071724,"dmean2":1.54428756237,"dvar":0.993368923664,"dvar2":2.42663931847,"max":21.4382019043,"mean":3.44622969627,"median":3.11626052856,"min":-2.12019705772,"var":4.07626485825},"barkbands_spread":{"dmean":4.4026389122,"dmean2":6.92062664032,"dvar":60.4020614624,"dvar2":132.470550537,"max":139.510925293,"mean":11.5373086929,"median":6.57012891769,"min":0.164618909359,"var":236.760665894},"dissonance":{"dmean":0.023498300463,"dmean2":0.0393756143749,"dvar":0.000512229744345,"dvar2":0.00137788464781,"max":0.500000178814,"mean":0.453908324242,"median":0.462053894997,"min":0.211674079299,"var":0.00124246312771},"dynamic_complexity":8.43702507019,"erbbands":{"dmean":[0.177368685603,2.33467721939,4.66029119492,5.12907981873,4.13684272766,2.71170544624,5.83349227905,6.36564540863,7.69807100296,8.96535205841,8.35953521729,6.57002019882,7.62461996078,7.5763001442,10.2738685608,6.28059864044,8.1632270813,6.71078491211,6.57692050934,6.63863182068,4.9813876152,6.14011192322,4.2342467308,4.16341352463,5.04105758667,4.37078475952,2.40576720238,1.81413543224,1.14719164371,0.622495949268,0.665109276772,0.639535486698,0.138285651803,0.0448444671929,0.0114257372916,0.00618875585496,0.00590752949938,0.0115898670629,0.0140554253012,0.00416774814948],"dmean2":[0.300627946854,3.86669611931,7.5504617691,8.33914756775,6.69794988632,4.47461891174,9.49559211731,10.0548305511,11.4634103775,12.958231926,12.8292675018,9.90245628357,11.5891227722,11.7704820633,16.1605319977,9.5954246521,12.4744997025,9.98036670685,9.78061103821,9.86642932892,7.38124990463,9.00425243378,6.15913438797,6.05033636093,7.53356409073,6.39419841766,3.52344250679,2.59967637062,1.65835642815,0.905287861824,1.01022231579,0.960946142673,0.21066005528,0.0687264725566,0.0187155809253,0.0102007333189,0.00903433468193,0.0170883499086,0.0200878418982,0.00584874954075],"dvar":[0.210291370749,41.75340271,175.344665527,119.96711731,110.553779602,40.1299819946,218.703201294,239.548538208,1090.86743164,1747.51184082,1493.83996582,994.450683594,1312.61352539,1331.05834961,1326.85473633,739.145874023,1040.98791504,801.913146973,697.560791016,819.55871582,385.019927979,923.65045166,462.460662842,609.962158203,1069.45397949,925.311279297,283.194671631,108.118782043,42.2663841248,11.3145875931,15.7692613602,13.4013834,0.547954261303,0.0411125347018,0.000984589802101,0.000267825118499,0.000468009384349,0.00416519353166,0.0056625646539,0.00057133671362],"dvar2":[0.566661179066,108.893432617,431.941680908,311.402496338,272.430145264,103.78843689,540.751281738,583.429443359,2044.6192627,3153.81811523,2944.1015625,2091.49926758,2881.8046875,3093.20874023,3043.66479492,1730.44555664,2375.73388672,1713.78625488,1505.83984375,1848.83154297,866.086791992,2020.74804688,1014.88818359,1313.92675781,2377.95092773,2001.19250488,661.038757324,225.532928467,89.6251449585,24.8087348938,36.1547546387,29.9078903198,1.23511850834,0.0917482674122,0.00244048354216,0.000678527692799,0.000984909711406,0.0091200331226,0.0120583558455,0.00124417897314],"max":[11.2790346146,143.500564575,363.414306641,305.166015625,320.049957275,154.355163574,485.886383057,579.660522461,1400.92980957,2773.08911133,2842.11621094,1767.9942627,1421.31848145,2436.19482422,1454.35473633,1543.97668457,1000.35546875,1074.76867676,959.010314941,1064.20593262,711.214111328,955.95135498,1006.47625732,1656.07324219,1448.55444336,3045.54614258,1196.25195312,631.817932129,328.812286377,98.4308547974,165.125167847,113.021324158,24.5125312805,8.3537607193,0.975813627243,0.509821593761,0.607313930988,2.82494521141,2.41484928131,1.11878371239],"mean":[0.237588495016,3.08049511909,6.28752183914,8.5469379425,6.93889808655,4.16425180435,9.10843086243,11.4483423233,11.8470144272,14.727025032,12.9844436646,10.5045509338,11.0772619247,11.1238174438,14.5921392441,9.76592540741,12.3628616333,10.1780481339,9.91655158997,9.66464519501,7.51236104965,7.97478055954,5.54052972794,4.943338871,5.81788492203,5.30878400803,2.97943401337,2.29679584503,1.3850812912,0.696099162102,0.674290120602,0.65005415678,0.141376927495,0.0496649108827,0.0124349752441,0.00674556288868,0.007159168832,0.0126085029915,0.0160715226084,0.00513691315427],"median":[0.0519106984138,0.488077491522,1.37081933022,3.02873301506,2.1931374073,1.46304094791,2.77263879776,3.34715938568,1.69939410686,1.50538015366,1.79529309273,1.27517688274,0.872584581375,1.24055624008,1.57986855507,0.840960741043,0.927734494209,0.746790587902,0.593699574471,0.422830045223,0.386588126421,0.405432611704,0.265751510859,0.157165408134,0.144218191504,0.141254588962,0.0811365619302,0.0709028914571,0.0505357347429,0.0294194445014,0.0212729051709,0.014021162875,0.00799956917763,0.00523666292429,0.00211244099773,0.00124997459352,0.00121272553224,0.000720409618225,0.000527267577127,0.000136232556542],"min":[1.72211718245e-22,1.29278959337e-21,9.37723123222e-21,3.27924283178e-20,3.55638549549e-20,6.67192249858e-20,3.31247578224e-19,4.23946142257e-19,9.12508945629e-19,8.90476783218e-19,5.33946843162e-19,6.48989364997e-19,7.68568145311e-19,6.83931852215e-19,1.22054366452e-18,1.44924928112e-18,3.01852370989e-18,3.92846519029e-18,5.79503008897e-18,4.13103386409e-18,5.86591491797e-18,6.5093266041e-18,7.7617252008e-18,1.51545410833e-17,1.24119294638e-17,8.4840143486e-18,1.09412478296e-17,1.22639063203e-17,1.40596418111e-17,1.42042280191e-17,1.03033402033e-17,1.65190350607e-17,1.18768337701e-17,1.00794819685e-17,8.66410976592e-18,6.16199760079e-18,3.34642844446e-18,1.17732937117e-18,3.23829836081e-19,3.35524748226e-20],"var":[0.291024744511,57.8401222229,229.905883789,225.521026611,200.359909058,60.394695282,386.150177002,477.763641357,2470.82470703,5125.26464844,3174.10473633,1984.18371582,2604.86230469,1987.71386719,2325.27441406,1109.18188477,1768.62316895,1273.39868164,1142.44274902,1322.06164551,657.17175293,1153.14331055,664.929748535,802.509033203,1264.84643555,1316.65551758,382.132751465,179.7940979,57.8887786865,13.2614507675,15.9127626419,14.6328926086,0.572004497051,0.0471632815897,0.00118028221186,0.00031625200063,0.000603558495641,0.00457632960752,0.00693629123271,0.000779824040364]},"erbbands_crest":{"dmean":2.50540471077,"dmean2":4.11271429062,"dvar":5.58832263947,"dvar2":14.0606937408,"max":30.4456348419,"mean":8.93910503387,"median":7.89796161652,"min":2.17057538033,"var":17.6852760315},"erbbands_flatness_db":{"dmean":0.0225644242018,"dmean2":0.0350258126855,"dvar":0.00041739171138,"dvar2":0.000988927786238,"max":0.355707645416,"mean":0.144820839167,"median":0.143953055143,"min":0.0311981830746,"var":0.00200145249255},"erbbands_kurtosis":{"dmean":1.75231790543,"dmean2":2.79919528961,"dvar":15.1404781342,"dvar2":37.1814537048,"max":242.989685059,"mean":2.32793307304,"median":0.792145252228,"min":-1.87931799889,"var":28.6579437256},"erbbands_skewness":{"dmean":0.430057197809,"dmean2":0.662336945534,"dvar":0.206089004874,"dvar2":0.452348917723,"max":13.3237953186,"mean":0.887477993965,"median":0.858931481838,"min":-4.77682971954,"var":1.2299696207},"erbbands_spread":{"dmean":8.16800022125,"dmean2":12.8182115555,"dvar":79.3488388062,"dvar2":190.000473022,"max":151.838882446,"mean":34.7581176758,"median":30.222360611,"min":1.72019290924,"var":418.737243652},"gfcc":{"cov":[[16018.6552734,1450.49523926,-2420.23120117,-593.759887695,569.205810547,-256.400085449,640.609802246,-167.468078613,331.840606689,76.9070968628,233.651855469,-155.011260986,229.884689331],[1450.49523926,1303.40771484,-86.8145446777,-392.598114014,-24.0053958893,12.9174690247,4.46926116943,63.4116897583,-28.0216655731,76.8514556885,-9.34550094604,26.8173885345,8.21356391907],[-2420.23120117,-86.8145446777,762.408569336,154.555480957,-179.994415283,124.467391968,-149.0730896,87.2213287354,-78.0666732788,4.79344081879,-43.1834487915,31.5740032196,-81.2202301025],[-593.759887695,-392.598114014,154.555480957,336.003082275,93.0320281982,-31.488363266,35.150062561,-26.9289207458,23.2528018951,-50.9528961182,28.4700336456,-15.2346315384,-15.9409179688],[569.205810547,-24.0053958893,-179.994415283,93.0320281982,201.870544434,8.50246334076,67.4376602173,-42.6040229797,17.6950969696,-11.6961612701,22.6799583435,-16.7899093628,15.9006538391],[-256.400085449,12.9174690247,124.467391968,-31.488363266,8.50246334076,189.615310669,-18.0764408112,22.7055435181,-35.305305481,17.8182964325,-2.21708536148,14.196969986,-20.0534191132],[640.609802246,4.46926116943,-149.0730896,35.150062561,67.4376602173,-18.0764408112,156.37940979,-20.7643566132,45.2836532593,-23.8742160797,32.3305702209,-11.9064493179,26.6396007538],[-167.468078613,63.4116897583,87.2213287354,-26.9289207458,-42.6040229797,22.7055435181,-20.7643566132,123.294235229,6.78946065903,25.4933757782,-14.9058475494,20.0158691406,-13.0080003738],[331.840606689,-28.0216655731,-78.0666732788,23.2528018951,17.6950969696,-35.305305481,45.2836532593,6.78946065903,125.837554932,11.4646778107,38.4008216858,-5.23370552063,14.9218664169],[76.9070968628,76.8514556885,4.79344081879,-50.9528961182,-11.6961612701,17.8182964325,-23.8742160797,25.4933757782,11.4646778107,90.1095046997,14.2351665497,10.8692073822,6.43633127213],[233.651855469,-9.34550094604,-43.1834487915,28.4700336456,22.6799583435,-2.21708536148,32.3305702209,-14.9058475494,38.4008216858,14.2351665497,89.0211029053,25.1662712097,11.1132164001],[-155.011260986,26.8173885345,31.5740032196,-15.2346315384,-16.7899093628,14.196969986,-11.9064493179,20.0158691406,-5.23370552063,10.8692073822,25.1662712097,64.6042633057,24.1046676636],[229.884689331,8.21356391907,-81.2202301025,-15.9409179688,15.9006538391,-20.0534191132,26.6396007538,-13.0080003738,14.9218664169,6.43633127213,11.1132164001,24.1046676636,60.462184906]],"icov":[[0.000166999758221,-0.000286061840598,0.000761480012443,-0.000557004008442,0.000480539660202,-0.000387682986911,-0.0000377071337425,-0.000113307600259,-0.0000129958607431,-0.000107976877189,-0.000124012280139,0.000351448979927,-0.0000853728270158],[-0.000286061840598,0.00239780521952,-0.00330932950601,0.00541626429185,-0.00410882476717,0.00270145828836,-0.00114479870535,-0.00027643883368,0.000182655610843,0.00028541314532,-0.000912877381779,-0.000408687832532,0.000421150529291],[0.000761480012443,-0.00330932950601,0.0107328556478,-0.012081515044,0.0111130503938,-0.00730596389621,0.00270625320263,-0.00077377067646,0.000672390335239,-0.00192975450773,0.00266799260862,-0.0010928659467,0.00206692353822],[-0.000557004008442,0.00541626429185,-0.012081515044,0.0209379196167,-0.016354996711,0.0099717983976,-0.0038098692894,-0.000265759474132,-0.000839040090796,0.00409405119717,-0.0055146664381,0.00156300247181,0.0000645969121251],[0.000480539660202,-0.00410882476717,0.0111130503938,-0.016354996711,0.0201267693192,-0.0095223300159,0.00142566545401,0.00120644643903,0.000914329721127,-0.00285602756776,0.00329578365199,0.000062789345975,-0.0000248242722591],[-0.000387682986911,0.00270145828836,-0.00730596389621,0.0099717983976,-0.0095223300159,0.0117448549718,-0.00259148911573,-0.000402263860451,0.00122205470689,0.000142203090945,-0.0022641539108,-0.001329629682,0.00200625229627],[-0.0000377071337425,-0.00114479870535,0.00270625320263,-0.0038098692894,0.00142566545401,-0.00259148911573,0.0115024801344,-0.0013067672262,-0.00156745838467,0.0033252206631,-0.00263712904416,0.00368805066682,-0.00460653798655],[-0.000113307600259,-0.00027643883368,-0.00077377067646,-0.000265759474132,0.00120644643903,-0.000402263860451,-0.0013067672262,0.011959604919,-0.00281739817001,-0.00325071415864,0.00521996757016,-0.00692941481248,0.00490144919604],[-0.0000129958607431,0.000182655610843,0.000672390335239,-0.000839040090796,0.000914329721127,0.00122205470689,-0.00156745838467,-0.00281739817001,0.0116561381146,-0.00138258759398,-0.00508745061234,0.0039837132208,-0.00242665875703],[-0.000107976877189,0.00028541314532,-0.00192975450773,0.00409405119717,-0.00285602756776,0.000142203090945,0.0033252206631,-0.00325071415864,-0.00138258759398,0.0156799461693,-0.00525695364922,0.00322552444413,-0.00415494013578],[-0.000124012280139,-0.000912877381779,0.00266799260862,-0.0055146664381,0.00329578365199,-0.0022641539108,-0.00263712904416,0.00521996757016,-0.00508745061234,-0.00525695364922,0.0215236842632,-0.013687399216,0.00670864712447],[0.000351448979927,-0.000408687832532,-0.0010928659467,0.00156300247181,0.000062789345975,-0.001329629682,0.00368805066682,-0.00692941481248,0.0039837132208,0.00322552444413,-0.013687399216,0.0321912951767,-0.0175545345992],[-0.0000853728270158,0.000421150529291,0.00206692353822,0.0000645969121251,-0.0000248242722591,0.00200625229627,-0.00460653798655,0.00490144919604,-0.00242665875703,-0.00415494013578,0.00670864712447,-0.0175545345992,0.0301629565656]],"mean":[-115.170394897,114.161132812,-60.1538658142,16.9096870422,-24.4402809143,-2.47591757774,-14.1460409164,-10.7020435333,-8.00765514374,-7.74117231369,-6.16024923325,-4.36331796646,-8.48016834259]},"hfc":{"dmean":7.1635556221,"dmean2":9.57870674133,"dvar":947.269226074,"dvar2":1913.12719727,"max":1304.72509766,"mean":12.7622900009,"median":2.22694993019,"min":1.18967034756e-16,"var":1577.36560059},"melbands":{"dmean":[0.0020761070773,0.00269181467593,0.000851727672853,0.000199351765332,0.000175594119355,0.00014612992527,0.00012243934907,0.0000898920261534,0.0000678595242789,0.0000414229543821,0.00003852638838,0.0000302752105199,0.0000445389268862,0.0000134721767608,0.000020554589355,0.0000164639550349,0.0000126817121782,0.0000117356112241,0.00000976865067059,0.00000811554764368,0.00000584064218856,0.00000651698883303,0.00000556431587029,0.0000032472055409,0.00000333820480591,0.00000417336559622,0.00000333324487656,0.00000281909615296,0.00000165139476849,0.00000122833148453,0.00000100449824458,7.23143557479e-7,4.4281313194e-7,3.12508007028e-7,3.78477324148e-7,4.63482678015e-7,3.42114759633e-7,1.10498987738e-7,4.39454410639e-8,3.34354197662e-8],"dmean2":[0.00347747071646,0.0043531274423,0.0013648030581,0.000323209358612,0.000283234374365,0.000231997764786,0.000180770104635,0.000131342603709,0.000103486076114,0.0000625915199635,0.0000590301169723,0.0000471071361972,0.0000705457714503,0.0000208935580304,0.0000318251586577,0.0000253738053289,0.0000191636063391,0.0000178728096216,0.0000148681028804,0.0000122259780255,0.00000882969925442,0.00000961431396718,0.00000832854675537,0.00000479617483506,0.00000494509731652,0.00000640380721961,0.00000495234417031,0.00000419085472458,0.0000024690234568,0.00000181333473392,0.00000146656725519,0.00000106273580514,6.49414857889e-7,4.65395771698e-7,5.85770806083e-7,7.04057868006e-7,5.16065028933e-7,1.71532875015e-7,6.75723867971e-8,5.18562899288e-8],"dvar":[0.0000300819392578,0.000057153236412,0.00000338449012816,2.51433846188e-7,1.84997588804e-7,1.19839157264e-7,2.9724864703e-7,1.57462963557e-7,1.04752380992e-7,3.83433444995e-8,3.33209015935e-8,2.38413946363e-8,2.56228513962e-8,3.12811976322e-9,6.14592732262e-9,4.99858598957e-9,2.87349255501e-9,2.47757969696e-9,2.40414532726e-9,1.0305002407e-9,5.82567938334e-10,9.88141346525e-10,8.12235778636e-10,3.39065858723e-10,4.13977102598e-10,9.52545597954e-10,3.81646741987e-10,4.73233563447e-10,1.42816702908e-10,6.57731716314e-11,3.33497188199e-11,1.93778482843e-11,6.13823315093e-12,2.97917398216e-12,5.57068627338e-12,7.42420448036e-12,3.88600653392e-12,3.80696965922e-13,5.35247945954e-14,2.11511682463e-14],"dvar2":[0.0000809568882687,0.000141661002999,0.00000847591400088,6.30225940768e-7,4.52623083902e-7,2.93875103807e-7,5.49308253994e-7,2.85055364202e-7,2.07505365779e-7,8.16477339072e-8,7.3845050963e-8,5.5800214227e-8,5.90665116817e-8,7.34916660861e-9,1.425973295e-8,1.1814674572e-8,6.21767481945e-9,5.54474466341e-9,5.57844170856e-9,2.42939690587e-9,1.34765676396e-9,2.17489048993e-9,1.83655657349e-9,7.60030371971e-10,9.11391351277e-10,2.202917182e-9,8.80708783679e-10,1.0257114047e-9,3.32409849646e-10,1.48621892571e-10,6.98063620796e-11,4.16317987029e-11,1.35724270364e-11,6.83324143796e-12,1.31474267237e-11,1.66939621848e-11,8.83632663568e-12,8.83714434095e-13,1.2724173657e-13,4.77487990011e-14],"max":[0.105867430568,0.201687589288,0.0512175150216,0.0151234976947,0.0140431700274,0.0119637260213,0.0224293619394,0.0256567653269,0.0213234703988,0.0100045315921,0.00695717986673,0.0109016848728,0.006574628409,0.00351049308665,0.00282930815592,0.00230883713812,0.00213415198959,0.00211736513302,0.00210744258948,0.000877988757566,0.000962061982136,0.000986960716546,0.00114062114153,0.00107941462193,0.00147702137474,0.00134608556982,0.000886031251866,0.00235627964139,0.000804699200671,0.000624012842309,0.000285765854642,0.000256446684944,0.0000827125186333,0.0000667822678224,0.0000878068167367,0.000105029292172,0.0000580477935728,0.0000209749414353,0.0000158785369422,0.00000400042654292],"mean":[0.00285551697016,0.00380327855237,0.00150566548109,0.000348316156305,0.000290541502181,0.000261858425802,0.00019130318833,0.000148274717503,0.00010412872507,0.0000630481517874,0.0000545972652617,0.0000429034407716,0.0000603547814535,0.0000202892551897,0.0000308259150188,0.0000235807110585,0.0000184681102837,0.0000166362060554,0.0000136033349918,0.0000115789644042,0.00000823591835797,0.000008290500773,0.00000685732129568,0.00000406269691666,0.00000384907116313,0.00000448035598311,0.00000400081353291,0.00000334330729856,0.00000194454264602,0.00000151648021074,0.00000124578366467,8.58762859934e-7,4.91145272008e-7,3.38332171168e-7,3.761139169e-7,4.60589802742e-7,3.44864190538e-7,1.06575477332e-7,4.90319287394e-8,3.62089700445e-8],"median":[0.000579749932513,0.000788787321653,0.000543184927665,0.000122529891087,0.000094732567959,0.0000786937453086,0.0000248979122262,0.0000163963486557,0.000014200509213,0.00000694255641065,0.00000396179984818,0.00000459369630335,0.00000604431807005,0.00000190303649106,0.00000226042402574,0.00000168810379364,0.00000130391356379,9.95893628897e-7,5.68675147861e-7,4.90361173888e-7,4.13344309891e-7,4.22335006078e-7,3.03140581082e-7,1.65002788322e-7,1.1454091009e-7,9.69106679349e-8,1.07137111627e-7,8.5302417574e-8,4.86015139245e-8,4.10152551922e-8,3.93635488649e-8,3.02837399602e-8,1.87071940161e-8,1.45606691149e-8,1.20532801517e-8,1.05380548732e-8,7.52279216698e-9,5.05983743793e-9,6.34966479396e-9,3.58591090155e-9],"min":[1.82626229939e-24,3.24524123545e-24,5.09521945466e-24,3.99073609013e-24,1.00727377068e-23,8.89727973778e-24,1.22839029912e-23,9.73347939707e-24,2.60053795534e-24,5.39573917195e-24,3.73361161123e-24,2.81451075664e-24,3.5698141106e-24,4.32011470591e-24,4.78003875745e-24,6.47706118588e-24,7.30983837213e-24,9.31837842216e-24,9.0460549602e-24,4.57374413656e-24,6.72270182215e-24,5.8870180779e-24,7.28616702295e-24,8.44497923803e-24,1.20821778471e-23,9.89507992008e-24,7.33894102864e-24,5.26222209716e-24,5.59692473519e-24,7.84923384899e-24,6.89694620775e-24,7.76130189046e-24,6.19798586344e-24,8.55813581285e-24,4.36669378692e-24,6.01513658308e-24,1.0926626783e-23,8.91247477654e-24,6.31366048228e-24,9.0440331097e-24],"var":[0.0000421489457949,0.0000813470978756,0.00000692824460202,4.39896837179e-7,3.47769884002e-7,2.3984077302e-7,6.89688761213e-7,4.57061076986e-7,2.13287535189e-7,7.56711031613e-8,6.49118661045e-8,3.38932224508e-8,4.35563727308e-8,4.70317740309e-9,1.05517381499e-8,7.13348713433e-9,4.42853975713e-9,3.64071572889e-9,3.32168936801e-9,1.75183978435e-9,8.85128526029e-10,1.22287435733e-9,1.00984121065e-9,4.66559957335e-10,5.24049414974e-10,9.76497549487e-10,5.13919795608e-10,6.43483877294e-10,1.77594300377e-10,1.02382380351e-10,5.30253653486e-11,2.59497839883e-11,7.08521089021e-12,3.2641849293e-12,5.35124635576e-12,7.73871418336e-12,4.17667072802e-12,3.70713686528e-13,5.30570731664e-14,2.42482036105e-14]},"melbands_crest":{"dmean":3.56100106239,"dmean2":5.93216943741,"dvar":8.78038597107,"dvar2":24.0993061066,"max":39.4067649841,"mean":17.2971687317,"median":16.9773864746,"min":1.95396375656,"var":23.4929618835},"melbands_flatness_db":{"dmean":0.0397425927222,"dmean2":0.0630406364799,"dvar":0.00118925003335,"dvar2":0.00287141674198,"max":0.655737638474,"mean":0.321515262127,"median":0.323135823011,"min":0.00616406556219,"var":0.0053983242251},"melbands_kurtosis":{"dmean":18.2337837219,"dmean2":29.8614673615,"dvar":766.85760498,"dvar2":2016.06054688,"max":738.35168457,"mean":38.7009658813,"median":23.014383316,"min":-1.89187085629,"var":2387.11791992},"melbands_skewness":{"dmean":1.08575868607,"dmean2":1.73336613178,"dvar":1.19181394577,"dvar2":2.9922618866,"max":22.8709182739,"mean":4.04307031631,"median":3.6521859169,"min":-3.23065376282,"var":5.05579805374},"melbands_spread":{"dmean":3.48836302757,"dmean2":5.47993755341,"dvar":56.383140564,"dvar2":114.063186646,"max":233.591018677,"mean":8.39947986603,"median":4.81465387344,"min":0.255006790161,"var":177.211196899},"mfcc":{"cov":[[16580.2480469,1398.55895996,-2715.80688477,-76.9398651123,-584.319091797,260.77734375,-44.0194702148,81.22706604,45.1514701843,285.990905762,-72.1671066284,288.417266846,169.1043396],[1398.55895996,1401.38879395,-121.947753906,-271.205352783,-119.549003601,-56.7714691162,-21.3210067749,-40.4281425476,26.2437362671,-18.9007358551,16.2016963959,32.5589675903,53.155002594],[-2715.80688477,-121.947753906,880.11706543,-24.470582962,110.288970947,-65.8569641113,4.41235160828,17.2515964508,-33.5850410461,-16.7082767487,29.4880542755,-40.6027755737,-34.9109649658],[-76.9398651123,-271.205352783,-24.470582962,317.854217529,41.2303886414,4.33461046219,15.4724340439,24.1493110657,0.219121769071,-3.38600444794,10.7889661789,-3.85954046249,-13.7946138382],[-584.319091797,-119.549003601,110.288970947,41.2303886414,158.077728271,40.553401947,19.9744358063,12.3125743866,-17.2200984955,4.54731178284,6.34677696228,-5.53270769119,-2.99798965454],[260.77734375,-56.7714691162,-65.8569641113,4.33461046219,40.553401947,144.441604614,56.2496833801,1.09043467045,-5.81880044937,5.56431770325,-8.44109344482,2.74465417862,4.68097305298],[-44.0194702148,-21.3210067749,4.41235160828,15.4724340439,19.9744358063,56.2496833801,101.11466217,30.3600387573,-10.9724845886,-3.72567534447,-5.91496992111,-9.88619804382,1.56837284565],[81.22706604,-40.4281425476,17.2515964508,24.1493110657,12.3125743866,1.09043467045,30.3600387573,94.9946212769,13.4531936646,4.53403615952,4.47722673416,1.1276140213,-0.00383909489028],[45.1514701843,26.2437362671,-33.5850410461,0.219121769071,-17.2200984955,-5.81880044937,-10.9724845886,13.4531936646,76.8791275024,13.1967391968,-2.93567991257,5.44932365417,0.229257687926],[285.990905762,-18.9007358551,-16.7082767487,-3.38600444794,4.54731178284,5.56431770325,-3.72567534447,4.53403615952,13.1967391968,78.2502670288,21.1329021454,10.7326898575,11.3043766022],[-72.1671066284,16.2016963959,29.4880542755,10.7889661789,6.34677696228,-8.44109344482,-5.91496992111,4.47722673416,-2.93567991257,21.1329021454,59.8318023682,19.8338851929,0.740562319756],[288.417266846,32.5589675903,-40.6027755737,-3.85954046249,-5.53270769119,2.74465417862,-9.88619804382,1.1276140213,5.44932365417,10.7326898575,19.8338851929,58.2094650269,20.6231689453],[169.1043396,53.155002594,-34.9109649658,-13.7946138382,-2.99798965454,4.68097305298,1.56837284565,-0.00383909489028,0.229257687926,11.3043766022,0.740562319756,20.6231689453,54.0510864258]],"icov":[[0.000211435108213,-0.000208857818507,0.00051037670346,-0.000141064927448,0.000453083601315,-0.000382642640034,0.000336055585649,-0.000553567078896,0.000612395757344,-0.0008970212657,0.000624081934802,-0.000672929105349,0.000319234532071],[-0.000208857818507,0.0011861686362,-0.000369511195458,0.000930121110287,-0.000142349075759,0.000799055793323,-0.000699192460161,0.000876014120877,-0.0010205602739,0.00148381257895,-0.00134563166648,0.000662626116537,-0.00111148657743],[0.00051037670346,-0.000369511195458,0.00275001185946,0.000128257466713,-0.000128379033413,0.00021704066603,0.000385257706512,-0.00140185840428,0.00167996750679,-0.0017438250361,0.000449596554972,-0.000727840524632,0.0011674874695],[-0.000141064927448,0.000930121110287,0.000128257466713,0.00418826099485,-0.00118910591118,0.00104328675661,-0.000944950210396,0.0000065665940383,-0.000878926715814,0.00144814548548,-0.00183260638732,0.000653471855912,0.0000261288187176],[0.000453083601315,-0.000142349075759,-0.000128379033413,-0.00118910591118,0.00954138766974,-0.00380650674924,0.0013426913647,-0.00203728396446,0.00266215577722,-0.00243557197973,0.000964953564107,-0.00113489862997,0.0000737347581889],[-0.000382642640034,0.000799055793323,0.00021704066603,0.00104328675661,-0.00380650674924,0.0116940718144,-0.007057744544,0.0031733782962,-0.00162643112708,0.000953022681642,-0.000137016846566,-0.000395250564907,-0.000240813926212],[0.000336055585649,-0.000699192460161,0.000385257706512,-0.000944950210396,0.0013426913647,-0.007057744544,0.0161555800587,-0.00620285980403,0.00344806280918,-0.000913061434403,0.00137497903779,0.00188154412899,-0.0007000460173],[-0.000553567078896,0.000876014120877,-0.00140185840428,0.0000065665940383,-0.00203728396446,0.0031733782962,-0.00620285980403,0.0145140597597,-0.0047589247115,0.00220198743045,-0.0025288274046,0.000841223169118,-0.000966839550529],[0.000612395757344,-0.0010205602739,0.00167996750679,-0.000878926715814,0.00266215577722,-0.00162643112708,0.00344806280918,-0.0047589247115,0.0169031750411,-0.00571581209078,0.00442317035049,-0.00324122910388,0.00243638944812],[-0.0008970212657,0.00148381257895,-0.0017438250361,0.00144814548548,-0.00243557197973,0.000953022681642,-0.000913061434403,0.00220198743045,-0.00571581209078,0.019651921466,-0.00918012671173,0.00384034216404,-0.00502580450848],[0.000624081934802,-0.00134563166648,0.000449596554972,-0.00183260638732,0.000964953564107,-0.000137016846566,0.00137497903779,-0.0025288274046,0.00442317035049,-0.00918012671173,0.0251146182418,-0.010777361691,0.00488800415769],[-0.000672929105349,0.000662626116537,-0.000727840524632,0.000653471855912,-0.00113489862997,-0.000395250564907,0.00188154412899,0.000841223169118,-0.00324122910388,0.00384034216404,-0.010777361691,0.026606079191,-0.00972620304674],[0.000319234532071,-0.00111148657743,0.0011674874695,0.0000261288187176,0.0000737347581889,-0.000240813926212,-0.0007000460173,-0.000966839550529,0.00243638944812,-0.00502580450848,0.00488800415769,-0.00972620304674,0.0240860749036]],"mean":[-783.602600098,164.648742676,24.5232162476,32.8210067749,13.0601415634,15.2148427963,4.23526382446,4.90117740631,0.632941782475,1.53796243668,-1.01606917381,2.99806666374,0.23588360846]},"pitch_salience":{"dmean":0.0938401669264,"dmean2":0.156642764807,"dvar":0.00616619735956,"dvar2":0.0169463790953,"max":0.833283245564,"mean":0.533040583134,"median":0.54997587204,"min":0.0229606833309,"var":0.0155883450061},"silence_rate_20dB":{"dmean":0.00343586388044,"dmean2":0.0068720090203,"dvar":0.0034246831201,"dvar2":0.00903315655887,"max":1,"mean":0.997382283211,"median":1,"min":0,"var":0.00261135655455},"silence_rate_30dB":{"dmean":0.0413121730089,"dmean2":0.0826277285814,"dvar":0.0396065711975,"dvar2":0.0857034474611,"max":1,"mean":0.9297721982,"median":1,"min":0,"var":0.0652848780155},"silence_rate_60dB":{"dmean":0.0390215963125,"dmean2":0.0780463889241,"dvar":0.0375015623868,"dvar2":0.0848901197314,"max":1,"mean":0.304306924343,"median":0,"min":0,"var":0.211687803268},"spectral_centroid":{"dmean":155.088226318,"dmean2":233.009841919,"dvar":70058.625,"dvar2":128089.375,"max":11049.8242188,"mean":612.047546387,"median":428.860748291,"min":123.704750061,"var":326253.9375},"spectral_complexity":{"dmean":2.33262443542,"dmean2":3.33267879486,"dvar":15.2789812088,"dvar2":23.4130649567,"max":63,"mean":9.48513221741,"median":6,"min":0,"var":100.329208374},"spectral_contrast_coeffs":{"dmean":[0.0490392819047,0.0450858026743,0.0345715619624,0.0272499602288,0.0236937645823,0.0247394144535],"dmean2":[0.0820738896728,0.0749622136354,0.0570843107998,0.04483294487,0.0383540466428,0.0386203378439],"dvar":[0.0015721747186,0.00129820348229,0.000809376768302,0.000510135898367,0.000415899790823,0.000715975300409],"dvar2":[0.00437671877444,0.00353754055686,0.00213439832442,0.00133223214652,0.00106352183502,0.00154020439368],"max":[-0.293355733156,-0.444747298956,-0.499284297228,-0.545001387596,-0.63867354393,-0.453822135925],"mean":[-0.686196982861,-0.77068322897,-0.825282335281,-0.840615212917,-0.845536231995,-0.802403509617],"median":[-0.689468085766,-0.774437785149,-0.828721880913,-0.842064678669,-0.847823143005,-0.823777139187],"min":[-0.973279595375,-0.97545170784,-0.973445117474,-0.982986867428,-0.966471731663,-0.962148249149],"var":[0.00566294277087,0.0041769715026,0.00351499998942,0.00266218488105,0.00243117893115,0.00354507658631]},"spectral_contrast_valleys":{"dmean":[0.392663061619,0.362522304058,0.362586587667,0.366690844297,0.41139793396,0.485508352518],"dmean2":[0.64532327652,0.589516043663,0.571317017078,0.552325904369,0.60212469101,0.766359984875],"dvar":[0.102293916047,0.0980211719871,0.104260161519,0.119212552905,0.151909977198,0.203738644719],"dvar2":[0.266190350056,0.239215672016,0.245540335774,0.263882875443,0.322528332472,0.515110433102],"max":[-4.62260293961,-4.25111532211,-5.04085874557,-5.07272291183,-4.85104990005,-8.0700378418],"mean":[-7.31363201141,-7.39215946198,-8.28831291199,-8.77413845062,-9.01090431213,-11.6264276505],"median":[-7.10813093185,-7.14486026764,-8.07695198059,-8.67103672028,-9.02544403076,-11.7471942902],"min":[-27.0832290649,-27.6533489227,-27.316204071,-27.4663333893,-27.3369426727,-27.2751655579],"var":[1.50134050846,1.87517178059,2.00495219231,2.07315635681,1.71607291698,0.969830155373]},"spectral_decrease":{"dmean":3.50644868696e-9,"dmean2":5.43401323938e-9,"dvar":7.50889149087e-17,"dvar2":1.77124634552e-16,"max":6.9580520643e-29,"mean":-7.25977367111e-9,"median":-2.56066501336e-9,"min":-2.00470282152e-7,"var":1.64610781548e-16},"spectral_energy":{"dmean":0.0136723201722,"dmean2":0.0210207663476,"dvar":0.00113380036782,"dvar2":0.00263700075448,"max":0.764015555382,"mean":0.0285578109324,"median":0.00999112706631,"min":1.0662110911e-20,"var":0.00254992418922},"spectral_energyband_high":{"dmean":0.000314233941026,"dmean2":0.000440120202256,"dvar":0.00000302132480101,"dvar2":0.00000643018211122,"max":0.0960729569197,"mean":0.000385498133255,"median":0.0000133119647217,"min":7.6619454085e-21,"var":0.00000418471472585},"spectral_energyband_low":{"dmean":0.0118484534323,"dmean2":0.019135735929,"dvar":0.000947535969317,"dvar2":0.00236691371538,"max":0.749794304371,"mean":0.0191857889295,"median":0.00557474652305,"min":6.00116656643e-23,"var":0.00155020388775},"spectral_energyband_middle_high":{"dmean":0.00110770296305,"dmean2":0.00151848734822,"dvar":0.000013718480659,"dvar2":0.0000263409237959,"max":0.094811052084,"mean":0.00208913139068,"median":0.000216614149394,"min":1.36769265576e-21,"var":0.0000307682530547},"spectral_energyband_middle_low":{"dmean":0.00340009410866,"dmean2":0.00511295069009,"dvar":0.0000511205216753,"dvar2":0.000110986075015,"max":0.184168756008,"mean":0.00821711309254,"median":0.00325310137123,"min":2.70194932214e-22,"var":0.000177648136741},"spectral_entropy":{"dmean":0.266426444054,"dmean2":0.416564404964,"dvar":0.0653414875269,"dvar2":0.160850182176,"max":9.81585693359,"mean":7.05788326263,"median":7.06384277344,"min":4.01350450516,"var":0.294723570347},"spectral_flux":{"dmean":0.0232356972992,"dmean2":0.037313900888,"dvar":0.00132405059412,"dvar2":0.00320931593888,"max":0.724224209785,"mean":0.0689114779234,"median":0.0477324053645,"min":7.07202282846e-11,"var":0.0047847237438},"spectral_kurtosis":{"dmean":3.24516391754,"dmean2":5.24496269226,"dvar":13.8740386963,"dvar2":36.4690589905,"max":61.1789855957,"mean":11.9897785187,"median":10.8914279938,"min":-1.22013115883,"var":36.6379241943},"spectral_rms":{"dmean":0.000925506523345,"dmean2":0.00138632010203,"dvar":0.00000200556883101,"dvar2":0.00000428142720921,"max":0.0273016672581,"mean":0.00398855330423,"median":0.00312208919786,"min":3.22522238951e-12,"var":0.0000119527439892},"spectral_rolloff":{"dmean":294.671234131,"dmean2":511.741241455,"dvar":1386124.875,"dvar2":3499378.25,"max":19810.546875,"mean":627.718017578,"median":279.931640625,"min":21.533203125,"var":3150507.25},"spectral_skewness":{"dmean":0.33769005537,"dmean2":0.528968095779,"dvar":0.117268055677,"dvar2":0.289884984493,"max":6.30971193314,"mean":2.55998110771,"median":2.51499724388,"min":-0.0263954289258,"var":0.477721691132},"spectral_spread":{"dmean":599533.5625,"dmean2":951512.75,"dvar":331321081856,"dvar2":806427754496,"max":41264952,"mean":4136888,"median":3835600,"min":1243642,"var":2372915429380},"spectral_strongpeak":{"dmean":0.203924521804,"dmean2":0.335384935141,"dvar":0.173143595457,"dvar2":0.423818141222,"max":16.7896938324,"mean":0.360674351454,"median":0.198042020202,"min":0,"var":0.313644349575},"zerocrossingrate":{"dmean":0.0100895548239,"dmean2":0.0124145112932,"dvar":0.000220736343181,"dvar2":0.000254183716606,"max":0.6630859375,"mean":0.0379071719944,"median":0.02490234375,"min":0,"var":0.00185492937453}},"metadata":{"audio_properties":{"analysis_sample_rate":44100,"bit_rate":320000,"codec":"mp3","downmix":"mix","equal_loudness":0,"length":567.67199707,"lossless":false,"md5_encoded":"6ab5f004b5864b68bd839fde75d7836b","replay_gain":0.82354927063,"sample_rate":48000},"tags":{"album":["Neil Young"],"album artist credit":["Neil Young"],"albumartist":["Neil Young"],"albumartistsort":["Young, Neil"],"artist":["Neil Young"],"artist credit":["Neil Young"],"artistsort":["Young, Neil"],"asin":["B000002KOG"],"bpm":["0"],"catalognumber":["R 6317"],"date":["1968-11-12"],"discnumber":["1/1"],"file_name":"10 - Neil Young - The Last Trip to Tulsa.mp3","genre":["Rock - Classic Rock"],"label":["Reprise Records"],"language":["eng"],"media":["Vinyl"],"musicbrainz album release country":["US"],"musicbrainz album status":["Official"],"musicbrainz album type":["album"],"musicbrainz_albumartistid":["75167b8b-44e4-407b-9d35-effe87b223cf"],"musicbrainz_albumid":["23758af6-284b-4756-b318-9eb6bd1b2d68"],"musicbrainz_artistid":["75167b8b-44e4-407b-9d35-effe87b223cf"],"musicbrainz_recordingid":["65f5f981-ae41-4c61-9349-b734fd03961e"],"musicbrainz_releasegroupid":["52418ea0-7f00-3265-92ae-485de63fcb13"],"originaldate":["1968-11-12"],"replaygain_album_gain":["0.00 dB"],"replaygain_album_peak":["0.000000"],"replaygain_track_gain":["0.00 dB"],"replaygain_track_peak":["0.000000"],"script":["Latn"],"title":["The Last Trip to Tulsa"],"tracknumber":["10/10"]},"version":{"essentia":"2.1-beta1","essentia_build_sha":"ca57ba49d9b1854bd80e60cf9ccf267278fb7d6b","essentia_git_sha":"v2.1_beta1-28-g21ef5f4-dirty","extractor":"music 1.0"}},"rhythm":{"beats_count":1190,"beats_loudness":{"dmean":0.0456603057683,"dmean2":0.084244042635,"dvar":0.00355639238842,"dvar2":0.0115065369755,"max":0.442568421364,"mean":0.0535838752985,"median":0.0186774358153,"min":0.00000175077798303,"var":0.00498458649963},"beats_loudness_band_ratio":{"dmean":[