{"lowlevel":{"average_loudness":0.960614740849,"barkbands":{"dmean":[0.0000579997104069,0.00182143435813,0.00157409440726,0.00180526601616,0.00174129428342,0.00139673228841,0.00081873201998,0.000438250834122,0.000514525687322,0.000258465326624,0.000191960774828,0.000294639874483,0.000209575766348,0.000263875175733,0.000348816887708,0.000311732845148,0.000368201610399,0.000242657828494,0.000325040833559,0.000178402842721,0.0000860686632222,0.0000561147535336,0.0000208636065508,0.0000104749633465,0.0000072449279287,0.00000407226980315,7.07511162545e-7],"dmean2":[0.0000812941070762,0.00325281312689,0.0027359186206,0.00311613781378,0.0028726500459,0.00226425635628,0.00131913041696,0.00074465124635,0.000835522601847,0.000407331623137,0.000300281972159,0.000456419336842,0.000338832905982,0.000421277596615,0.000555340317078,0.000502794107888,0.000591861316934,0.000382621306926,0.000487266137497,0.000276904407656,0.000124922444229,0.0000783772557043,0.0000294328365271,0.0000142299213621,0.00000958674354479,0.00000542094448974,9.7641782304e-7],"dvar":[2.14966231482e-8,0.0000310569193971,0.0000171493356902,0.00000941181042435,0.0000050018697948,0.00000505674279339,0.00000148521542087,7.02540489783e-7,9.21397656839e-7,1.68922582588e-7,8.04646873576e-8,1.69320273358e-7,1.06382074705e-7,1.53241884959e-7,2.59079001808e-7,2.50487801168e-7,2.66870387122e-7,1.22564642879e-7,1.83844676371e-7,6.73257574135e-8,3.16697743585e-8,1.3336263649e-8,1.34657507367e-9,4.22025109303e-10,3.22424337229e-10,1.20846319063e-10,1.18140111409e-12],"dvar2":[4.34245670533e-8,0.0000869229261298,0.0000472630490549,0.0000249679578701,0.0000133157627715,0.0000131743818201,0.00000396475388698,0.00000198251086658,0.00000250817743108,4.31554127545e-7,2.0583642879e-7,4.34582972275e-7,2.76989567283e-7,4.06081966275e-7,6.89022670031e-7,6.75377748394e-7,6.97116718129e-7,3.16866675121e-7,4.3502697622e-7,1.59107173658e-7,6.41899404741e-8,2.5763121414e-8,2.51034260046e-9,8.00469968087e-10,5.85106019191e-10,2.07941455721e-10,2.38721716006e-12],"max":[0.00184631510638,0.0490434393287,0.0397867634892,0.0362238660455,0.0285842102021,0.047364346683,0.020043136552,0.0117340059951,0.0156891904771,0.00689980573952,0.00438033370301,0.00725744618103,0.00528550054878,0.00486537255347,0.00726264854893,0.00893743243068,0.00726316217333,0.00601957459003,0.00592628866434,0.00338014680892,0.00291985226795,0.00155867566355,0.00073112611426,0.000599127204623,0.000483034527861,0.000589083705563,0.0000154824228957],"mean":[0.0000733678898541,0.00175153743476,0.00188463670202,0.00320380693302,0.00486895767972,0.00351844751276,0.00222652452067,0.000830582110211,0.00113760482054,0.000673716596793,0.00036490013008,0.000611366820522,0.000397446594434,0.000523344730027,0.000789643789176,0.000708438747097,0.000759672082495,0.000566511589568,0.000790190184489,0.000379976787372,0.000149740735651,0.0000925268104766,0.0000415607719333,0.0000208074125112,0.0000124150055854,0.000005691952083,8.17235559225e-7],"median":[0.00000228201656682,0.000635728007182,0.000853565405123,0.00228689564392,0.00428915722296,0.00212589488365,0.00156166427769,0.00047269204515,0.00074952171417,0.000363005703548,0.000230481295148,0.000398739881348,0.000271081196843,0.000324330001604,0.000532463309355,0.000503068848047,0.000562277913559,0.000415967544541,0.000565082824323,0.000239595057792,0.000053285035392,0.0000184593682206,0.0000113013393275,0.0000062165104282,0.00000330111424773,0.00000142320129726,1.26524000166e-7],"min":[9.94412340256e-24,3.28664602001e-23,7.47028715822e-24,2.14570560651e-24,6.96569606673e-23,3.1412463334e-23,4.8339291591e-23,8.18424508941e-23,5.66279635627e-23,5.90583872137e-23,1.10017697286e-22,9.4621751434e-23,2.09896411481e-22,6.73108315372e-23,1.45823121897e-22,1.97489219786e-22,1.39537490826e-22,2.68824081288e-22,2.14456797442e-22,4.40356091733e-22,3.24708502426e-22,6.58144154115e-22,6.44621740291e-22,9.63237787905e-22,1.17164772038e-21,1.47722784785e-21,2.62712946249e-21],"var":[3.45389423728e-8,0.0000204803563975,0.0000129571189973,0.0000112624893518,0.0000128167057483,0.0000145367375808,0.00000522180243934,0.00000106346567463,0.00000183831480172,5.84915255786e-7,1.83948813515e-7,4.59008163034e-7,1.86588437145e-7,3.56329167062e-7,6.93095614679e-7,5.60171315556e-7,5.60518174098e-7,3.12373884981e-7,6.53346887702e-7,1.78732051381e-7,6.95824553532e-8,3.07946805833e-8,4.25010782124e-9,1.21259413621e-9,7.8264883463e-10,2.84857332167e-10,1.99926034929e-12]},"barkbands_crest":{"dmean":1.61912703514,"dmean2":2.6870200634,"dvar":2.43102383614,"dvar2":6.71593809128,"max":25.1987171173,"mean":7.68093729019,"median":7.24949169159,"min":2.46629500389,"var":7.23642349243},"barkbands_flatness_db":{"dmean":0.0219722036272,"dmean2":0.0268622878939,"dvar":0.000468211248517,"dvar2":0.000858875922859,"max":0.53783851862,"mean":0.139306515455,"median":0.12673419714,"min":0.0418385118246,"var":0.00328297750093},"barkbands_kurtosis":{"dmean":1.71410477161,"dmean2":2.44155263901,"dvar":117.682312012,"dvar2":159.101242065,"max":1292.5435791,"mean":2.41793060303,"median":0.168227434158,"min":-1.90514469147,"var":684.979003906},"barkbands_skewness":{"dmean":0.366666018963,"dmean2":0.574966728687,"dvar":0.205613613129,"dvar2":0.450447916985,"max":29.0312023163,"mean":1.23449003696,"median":1.1161352396,"min":-1.72254276276,"var":1.02828407288},"barkbands_spread":{"dmean":3.84215164185,"dmean2":5.95420503616,"dvar":21.7023601532,"dvar2":55.3261146545,"max":134.110656738,"mean":26.7492160797,"median":22.8908195496,"min":0.114732302725,"var":469.37713623},"dissonance":{"dmean":0.0101694352925,"dmean2":0.0168522838503,"dvar":0.000109018663352,"dvar2":0.000277235085377,"max":0.500000119209,"mean":0.474359095097,"median":0.479070544243,"min":0.319130033255,"var":0.000438073417172},"dynamic_complexity":1.65174841881,"erbbands":{"dmean":[0.039828736335,0.470762968063,1.69375371933,3.94611477852,5.92833948135,6.89793300629,7.56728363037,12.7247924805,11.5278997421,12.7593812943,7.69537830353,12.4651813507,6.48150253296,7.70548152924,7.28958272934,10.4686231613,10.2682991028,9.61550521851,14.4485836029,20.6026649475,18.3512039185,20.2477035522,12.9249134064,13.2107162476,14.8704986572,7.54415225983,4.48234224319,3.00876736641,2.12623596191,1.12241351604,0.510168790817,0.279742956161,0.150592982769,0.0943482071161,0.0466354601085,0.0231306962669,0.00654405262321,0.00106093275826,0.000121969933389,0.0000118260768431],"dmean2":[0.0667200908065,0.868954658508,3.04045581818,6.72164011002,10.1397705078,11.1192626953,12.6094493866,20.2877826691,18.9204826355,20.5533065796,12.5907516479,20.292673111,10.3438634872,12.2241926193,11.356669426,16.2801952362,16.3667392731,14.9628973007,23.2053012848,32.8680763245,29.2926101685,32.4850654602,20.0539665222,20.2367610931,22.5780448914,11.6781663895,6.68066501617,4.35628604889,2.95260429382,1.56965005398,0.71063798666,0.391865491867,0.203106418252,0.126374438405,0.0625680312514,0.0312964431942,0.00886351801455,0.0014613737585,0.000167281978065,0.0000169790728251],"dvar":[0.0127395391464,2.25527024269,23.8951950073,56.3850479126,69.2131958008,84.6853713989,133.629043579,459.283813477,349.760894775,537.399169922,161.824935913,582.118835449,115.70160675,160.724716187,110.3358078,215.088851929,220.696563721,247.946472168,446.19354248,957.654296875,882.897094727,865.44128418,350.38470459,301.95803833,402.307830811,143.694549561,70.5946807861,41.3178291321,20.9565029144,4.45749616623,0.80245757103,0.264381766319,0.0985576882958,0.0495817437768,0.0160447452217,0.00461855810136,0.000289033399895,0.00000347045192939,3.42361516914e-8,3.1225766417e-10],"dvar2":[0.0330969616771,6.44643974304,67.2060623169,143.007324219,190.324493408,211.441574097,378.300476074,1166.1661377,941.443664551,1381.55993652,435.36315918,1562.21582031,303.432495117,412.777435303,275.970428467,555.331298828,571.891174316,602.223083496,1186.8651123,2531.73999023,2375.34130859,2253.59423828,906.386352539,742.238220215,932.932556152,333.820404053,149.870223999,83.6400756836,39.9322776794,8.63247299194,1.50524497032,0.537391841412,0.180822640657,0.0937865078449,0.0303163807839,0.0089661097154,0.000447140162578,0.00000663726768835,6.92395687452e-8,7.28488491752e-10],"max":[0.851981639862,13.2483520508,43.5770492554,97.2398376465,102.496002197,133.681228638,159.055007935,460.636749268,292.246917725,546.243408203,182.283157349,369.109344482,182.369308472,246.868621826,167.182754517,248.341278076,253.874145508,221.963699341,336.598815918,568.831176758,502.012390137,495.810058594,402.768218994,334.638336182,311.117462158,193.919418335,117.924858093,152.021743774,69.6476821899,33.0166778564,15.9794149399,15.4572763443,7.27302837372,6.83986568451,3.76977610588,3.05084896088,0.952431738377,0.0659554898739,0.00291248247959,0.00022122565133],"mean":[0.0396277345717,0.440481513739,1.92488896847,6.79414796829,12.9083747864,18.8700675964,19.2500667572,32.6249465942,30.001083374,31.833070755,18.6055793762,27.5364456177,16.5147972107,20.810552597,16.5944252014,22.7748279572,21.2312068939,21.679019928,32.4604263306,45.4005813599,42.3182373047,43.5915870667,32.5045394897,34.6767539978,37.0803642273,16.5524482727,8.30910110474,5.40384912491,3.45522451401,1.98632955551,1.01203548908,0.587096810341,0.283742576838,0.161256968975,0.076528660953,0.0334662869573,0.00895177107304,0.00133472552989,0.000154246008606,0.000037964880903],"median":[0.0098070204258,0.17114944756,0.86494320631,4.91626167297,10.1254787445,13.921541214,14.1530847549,19.8944644928,20.5418453217,19.6330184937,12.9536895752,16.1069030762,12.0171871185,13.7368974686,11.9471054077,15.5689554214,15.5172719955,12.8265476227,23.9309921265,30.6318225861,30.8836116791,31.9012241364,25.8702220917,26.3751735687,29.1494445801,10.8830509186,3.6089258194,1.43897306919,0.688531696796,0.490058541298,0.285015761852,0.169342011213,0.0792343243957,0.0401662774384,0.0223732497543,0.0089469794184,0.00210557761602,0.000253717676969,0.0000389782471757,0.0000341818122251],"min":[1.43319825169e-21,5.61773614174e-21,6.10629090272e-21,1.25430162263e-20,2.98083160969e-20,3.31507468033e-19,3.00078740659e-19,3.13295251541e-19,6.63265054803e-19,1.10829556558e-18,1.71237688154e-18,1.35656793278e-18,2.02202232787e-18,2.67190360036e-18,3.49328712439e-18,5.25223872051e-18,9.48620569925e-18,5.07587181979e-18,6.21362442436e-18,1.09618917761e-17,8.43966836878e-18,8.47558372379e-18,1.05320688775e-17,1.16906602297e-17,1.46322972948e-17,2.44813912647e-17,8.45970930066e-18,1.8721226425e-17,1.79424011367e-17,2.57011021651e-17,2.05747297282e-17,1.93793015418e-17,1.6405148834e-17,1.2992625143e-17,8.77845425072e-18,4.72574653242e-18,2.95670829591e-18,1.41542803722e-18,4.18266151484e-19,3.29583103424e-20],"var":[0.0107447421178,1.35505259037,15.8412046432,59.269821167,116.350410461,291.34387207,319.223449707,1298.50415039,1113.48803711,1583.1862793,380.423858643,1245.32678223,252.360809326,529.409118652,275.738128662,563.710205078,437.814605713,687.414672852,1050.21789551,2500.09716797,1996.01574707,1912.03295898,890.429077148,1089.71374512,1334.6427002,345.252990723,148.708343506,102.645309448,46.7908592224,11.1634073257,2.47244548798,0.860650897026,0.261156082153,0.11638636142,0.035707551986,0.00942276231945,0.000758789188694,0.00000787098906585,5.94203086735e-8,5.95515747825e-10]},"erbbands_crest":{"dmean":1.38641905785,"dmean2":2.24847531319,"dvar":2.121560812,"dvar2":5.28816890717,"max":21.9254245758,"mean":6.45023679733,"median":5.7374215126,"min":2.14278793335,"var":8.67528247833},"erbbands_flatness_db":{"dmean":0.0207499563694,"dmean2":0.0242003053427,"dvar":0.000539970234968,"dvar2":0.000902730738744,"max":0.442761421204,"mean":0.177829474211,"median":0.173717826605,"min":0.0255591925234,"var":0.00294115045108},"erbbands_kurtosis":{"dmean":0.393002390862,"dmean2":0.60428661108,"dvar":0.848216950893,"dvar2":1.49479937553,"max":69.0631866455,"mean":-0.509853124619,"median":-0.94787812233,"min":-1.74708640575,"var":4.09142017365},"erbbands_skewness":{"dmean":0.227305814624,"dmean2":0.355070412159,"dvar":0.0475875176489,"dvar2":0.110843978822,"max":7.4438290596,"mean":-0.0942446142435,"median":-0.163798570633,"min":-1.56286597252,"var":0.414912313223},"erbbands_spread":{"dmean":5.91458559036,"dmean2":9.20248794556,"dvar":54.5111236572,"dvar2":132.56942749,"max":106.750289917,"mean":40.9543571472,"median":39.587600708,"min":4.346098423,"var":172.791275024},"gfcc":{"cov":[[34474.6445312,4054.71337891,-4251.50488281,659.815124512,-1632.15869141,-763.246337891,-1159.99804688,-85.4150161743,-565.711486816,-83.970703125,-107.337745667,-25.2008094788,-28.9350013733],[4054.71337891,2748.92822266,-1064.69750977,-191.240783691,282.194610596,-646.084655762,67.7434005737,-207.138702393,60.2000198364,-259.471008301,183.547592163,-210.041015625,115.886665344],[-4251.50488281,-1064.69750977,1207.17797852,22.2367134094,72.3992767334,319.398590088,80.4183578491,47.1320114136,11.7867050171,120.010795593,-80.1985702515,110.130882263,-58.4367904663],[659.815124512,-191.240783691,22.2367134094,209.948684692,-89.8321456909,74.6029586792,-29.912569046,9.53922367096,-9.19239330292,35.1714553833,9.92677402496,4.34607696533,-4.32479190826],[-1632.15869141,282.194610596,72.3992767334,-89.8321456909,314.017333984,-68.6334609985,126.248626709,-5.75125694275,56.6843795776,-32.1507301331,39.1137390137,-30.9299468994,19.6452655792],[-763.246337891,-646.084655762,319.398590088,74.6029586792,-68.6334609985,262.890472412,-5.05816173553,70.64868927,-12.7284154892,60.3441581726,-62.0544967651,61.1341934204,-23.5775718689],[-1159.99804688,67.7434005737,80.4183578491,-29.912569046,126.248626709,-5.05816173553,155.130004883,3.84059143066,45.5798912048,-11.2675275803,12.989736557,-11.7788639069,14.9791994095],[-85.4150161743,-207.138702393,47.1320114136,9.53922367096,-5.75125694275,70.64868927,3.84059143066,91.9585418701,2.4098675251,28.563835144,-16.4308223724,18.1535243988,-6.59643030167],[-565.711486816,60.2000198364,11.7867050171,-9.19239330292,56.6843795776,-12.7284154892,45.5798912048,2.4098675251,82.1342849731,5.44180583954,12.7861833572,-12.9057598114,5.94526767731],[-83.970703125,-259.471008301,120.010795593,35.1714553833,-32.1507301331,60.3441581726,-11.2675275803,28.563835144,5.44180583954,88.1821899414,-5.73251104355,24.8974552155,-23.9033718109],[-107.337745667,183.547592163,-80.1985702515,9.92677402496,39.1137390137,-62.0544967651,12.989736557,-16.4308223724,12.7861833572,-5.73251104355,86.0888290405,-20.6740169525,8.92691040039],[-25.2008094788,-210.041015625,110.130882263,4.34607696533,-30.9299468994,61.1341934204,-11.7788639069,18.1535243988,-12.9057598114,24.8974552155,-20.6740169525,73.7121200562,0.0638118386269],[-28.9350013733,115.886665344,-58.4367904663,-4.32479190826,19.6452655792,-23.5775718689,14.9791994095,-6.59643030167,5.94526767731,-23.9033718109,8.92691040039,0.0638118386269,52.8524131775]],"icov":[[0.000431677268352,-0.00120293057989,0.00108115724288,-0.00139320653398,0.00116588326637,-0.000422713143053,0.000905063760001,-0.00091800437076,0.00154417962767,-0.0018413036596,0.00209622364491,-0.00212399032898,0.00160434900317],[-0.00120293057989,0.00458122091368,-0.00255948118865,0.0039223623462,-0.00378363206983,0.00275382236578,-0.00252858852036,0.00327383540571,-0.00455285515636,0.00627662753686,-0.00621421961114,0.0064980443567,-0.00505981268361],[0.00108115724288,-0.00255948118865,0.00456125894561,-0.00321700470522,0.00184881174937,-0.00246949959546,0.00171156879514,-0.000680777418893,0.00390070071444,-0.00544651830569,0.00548102520406,-0.00622796686366,0.00480469269678],[-0.00139320653398,0.0039223623462,-0.00321700470522,0.0113100400195,-0.00211136671714,-0.00145393761341,-0.00286111189052,0.00409457599744,-0.00497854780406,0.00404228828847,-0.00947297364473,0.0088060554117,-0.00655881920829],[0.00116588326637,-0.00378363206983,0.00184881174937,-0.00211136671714,0.00970127619803,-0.000522513175383,-0.00100768078119,-0.00399863533676,0.00285752234049,-0.00417709117755,0.00385464727879,-0.00470382161438,0.00389733002521],[-0.000422713143053,0.00275382236578,-0.00246949959546,-0.00145393761341,-0.000522513175383,0.0127678103745,-0.00163374783006,-0.00347618269734,-0.00163461698685,0.00328186433762,0.00118200026918,0.000202698705834,-0.00173157802783],[0.000905063760001,-0.00252858852036,0.00171156879514,-0.00286111189052,-0.00100768078119,-0.00163374783006,0.012782542035,-0.00229487125762,-0.000187067838851,-0.00295220687985,0.00417439034209,-0.0036103669554,0.00141978752799],[-0.00091800437076,0.00327383540571,-0.000680777418893,0.00409457599744,-0.00399863533676,-0.00347618269734,-0.00229487125762,0.0178926605731,-0.00364199513569,0.000587124784943,-0.00415932945907,0.0042233671993,-0.00390683906153],[0.00154417962767,-0.00455285515636,0.00390070071444,-0.00497854780406,0.00285752234049,-0.00163461698685,-0.000187067838851,-0.00364199513569,0.0214105844498,-0.0100734466687,0.00708911335096,-0.00542235048488,0.00438563339412],[-0.0018413036596,0.00627662753686,-0.00544651830569,0.00404228828847,-0.00417709117755,0.00328186433762,-0.00295220687985,0.000587124784943,-0.0100734466687,0.0274811480194,-0.0115787619725,0.00577130354941,-0.00102439534385],[0.00209622364491,-0.00621421961114,0.00548102520406,-0.00947297364473,0.00385464727879,0.00118200026918,0.00417439034209,-0.00415932945907,0.00708911335096,-0.0115787619725,0.0264741815627,-0.00972131825984,0.00695656426251],[-0.00212399032898,0.0064980443567,-0.00622796686366,0.0088060554117,-0.00470382161438,0.000202698705834,-0.0036103669554,0.0042233671993,-0.00542235048488,0.00577130354941,-0.00972131825984,0.0307693909854,-0.0133620584384],[0.00160434900317,-0.00505981268361,0.00480469269678,-0.00655881920829,0.00389733002521,-0.00173157802783,0.00141978752799,-0.00390683906153,0.00438563339412,-0.00102439534385,0.00695656426251,-0.0133620584384,0.0304424092174]],"mean":[-37.1086769104,121.306732178,-138.616317749,33.668762207,-44.8188896179,-14.7073879242,-39.0808525085,-0.0147610632703,-24.7144050598,-5.69894790649,-13.3207120895,-6.49311161041,-10.6903533936]},"hfc":{"dmean":4.31901884079,"dmean2":6.21663284302,"dvar":36.8313446045,"dvar2":77.919090271,"max":106.852210999,"mean":21.1570110321,"median":20.2759208679,"min":1.19365669637e-16,"var":177.868972778},"melbands":{"dmean":[0.000426321203122,0.000796766194981,0.000723018078133,0.000422762910603,0.000260958157014,0.000276494043646,0.000166734753293,0.000132222019602,0.0000674071270623,0.0000737540831324,0.0000339249527315,0.0000339241523761,0.0000272666129604,0.0000249197291851,0.0000396989780711,0.0000177315832843,0.0000195683714992,0.0000259692114923,0.0000267555533355,0.0000230820860452,0.0000245129140239,0.0000233999180637,0.0000161262869369,0.0000133661396831,0.0000113587930173,0.0000153712644533,0.00000858470502862,0.00000484819429403,0.00000326987833432,0.00000221681671064,0.00000174551223608,0.00000135703407977,8.97763015928e-7,5.67080633118e-7,3.16788202781e-7,2.51747565017e-7,1.48515042042e-7,1.09376429691e-7,9.55612975417e-8,7.87028966442e-8],"dmean2":[0.000741314259358,0.00143621396273,0.00123493513092,0.000706192746293,0.000428850471508,0.000442274409579,0.000273217796348,0.000214985746425,0.000108757245471,0.000121237106214,0.0000540481705684,0.0000537010528205,0.0000425601756433,0.0000388233056583,0.0000621092112851,0.0000278894167423,0.0000308111812046,0.0000419670031988,0.0000428238636232,0.0000371582245862,0.000039555492549,0.000037852623791,0.000025612218451,0.0000211980423046,0.0000176018747879,0.0000229926681641,0.0000133743451443,0.00000763333810028,0.00000507199547428,0.00000327605084749,0.00000262689786723,0.00000193858431885,0.00000128198621496,8.2465851392e-7,4.51339531082e-7,3.69421599089e-7,2.08460164686e-7,1.51335243004e-7,1.31156909333e-7,1.09091999434e-7],"dvar":[0.00000158936347816,0.00000565179016121,0.00000159606679517,3.04137785179e-7,1.33433417204e-7,2.03476275829e-7,6.76807871969e-8,5.88849395911e-8,1.05922444149e-8,2.20217906133e-8,3.06504310821e-9,3.11692915922e-9,1.58184798593e-9,1.4879343313e-9,3.31512506335e-9,8.47722891884e-10,9.64608726228e-10,1.45374334792e-9,1.61644675423e-9,1.27734967048e-9,1.58490953694e-9,1.26543797663e-9,5.83474046856e-10,3.77826686604e-10,2.46747705601e-10,5.43923239782e-10,1.40475575616e-10,6.55309140285e-11,3.55392833218e-11,2.09774194543e-11,1.47187349114e-11,8.99073697436e-12,3.36375068424e-12,1.10882917431e-12,3.39298142533e-13,2.05251465238e-13,8.97415212346e-14,5.12624000865e-14,4.9238079434e-14,3.73374528723e-14],"dvar2":[0.00000433773857367,0.0000159443570737,0.00000412817234974,8.24938922506e-7,3.70360822899e-7,5.20805883752e-7,1.85496645599e-7,1.5661107966e-7,2.82879444313e-8,6.01077942974e-8,7.98008059633e-9,8.0079285425e-9,3.99699517928e-9,3.75354369808e-9,8.34318214515e-9,2.11166795161e-9,2.4098623097e-9,3.90009091689e-9,4.3793337845e-9,3.39267858251e-9,4.2378691667e-9,3.33875305181e-9,1.51843637664e-9,9.52750212058e-10,6.10047512506e-10,1.23006771435e-9,3.34645505751e-10,1.55109883271e-10,8.10199754508e-11,4.3119747356e-11,3.1281761903e-11,1.80674798039e-11,6.79874689533e-12,2.33155291948e-12,6.71561601901e-13,4.87929033115e-13,1.83693744894e-13,9.75035685329e-14,9.31919878723e-14,7.64203763747e-14],"max":[0.0101955858991,0.0212930198759,0.0158558059484,0.00677955104038,0.00484550977126,0.0097421547398,0.00381134077907,0.00530450418591,0.00139912194572,0.00230482826009,0.000880893785506,0.00110420689452,0.000600733503234,0.00106721080374,0.000936098571401,0.000430997810327,0.000446188118076,0.000509698467795,0.000620125967544,0.000689807056915,0.000652162299957,0.000559946114663,0.000378644152079,0.000377346412279,0.000271009077551,0.000382270198315,0.000204983720323,0.000157609727466,0.00007870895206,0.0000708042935003,0.000105566898128,0.0000488470795972,0.0000265673534159,0.0000183556039701,0.00000988067858998,0.00000898466987564,0.0000098611235444,0.00000537211053597,0.00000532181502422,0.00000614824284639],"mean":[0.000419201125624,0.000871410476975,0.001410820405,0.00110400270205,0.000763779797126,0.000724355515558,0.000445992161985,0.000310637755319,0.000162682466907,0.000157441638294,0.0000826269606478,0.0000908459842321,0.0000563674875593,0.0000519080567756,0.0000745445868233,0.0000351376838807,0.0000406245490012,0.0000519008171977,0.0000576426464249,0.0000509695419169,0.0000500941023347,0.0000463345641037,0.0000333596726705,0.0000288946648652,0.0000263996553258,0.0000349295514752,0.0000180634833669,0.00000924649975786,0.00000566254902878,0.00000367136703971,0.00000299427915706,0.00000211700557884,0.00000135664197387,9.98104951577e-7,5.68490122532e-7,5.01829049426e-7,2.91268094088e-7,2.00929093808e-7,1.60891147516e-7,1.28395782895e-7],"median":[0.00013732779189,0.000410898326663,0.00108727312181,0.000957857992034,0.00061925931368,0.000462326104753,0.000325494940626,0.000194198073586,0.000112659356091,0.0000956784642767,0.0000554199505132,0.0000565469854337,0.0000377575997845,0.0000310667346639,0.0000453906432085,0.0000198493289645,0.0000237558142544,0.0000362033679266,0.0000376743410015,0.0000340397564287,0.0000342471685144,0.0000315635807056,0.0000248461110459,0.0000203254421649,0.0000180350689334,0.0000227147538681,0.0000118269235827,0.00000484088741359,0.00000222023959395,0.00000123357096982,6.54772122743e-7,3.78205498919e-7,3.10011955662e-7,2.54231622421e-7,1.57470736895e-7,1.30015067157e-7,8.73618191122e-8,5.34951780651e-8,4.42333920603e-8,3.01241520617e-8],"min":[1.119154363e-23,4.66123314968e-24,1.84708467742e-24,1.18441753566e-23,1.29412473729e-23,6.47523102858e-24,1.02061664292e-23,1.24386104477e-23,1.47360826372e-23,7.96780753165e-24,1.01605316147e-23,9.86075184893e-24,1.42174791672e-23,1.05467161043e-23,1.48822617183e-23,2.0844177406e-23,7.81491129986e-24,8.42515358576e-24,1.31160258174e-23,1.53901619236e-23,9.04889564832e-24,9.33877442086e-24,7.0435678399e-24,1.17172902354e-23,8.42257006629e-24,1.07118720234e-23,9.58027866497e-24,1.90648117041e-23,4.36672652465e-24,6.52593111896e-24,1.23012689752e-23,9.63765488519e-24,1.26674179755e-23,1.36398909896e-23,1.21761587911e-23,8.79267914833e-24,1.44680419011e-23,1.16203479077e-23,1.06468667293e-23,1.0824904747e-23],"var":[0.00000115059253858,0.00000363889103028,0.00000184059183539,6.66963615004e-7,3.85710677619e-7,5.97050757278e-7,2.07693844345e-7,1.45823761954e-7,2.74660116872e-8,3.9991721934e-8,7.29098958985e-9,1.04966009218e-8,3.85288512206e-9,4.18884349429e-9,7.89941623225e-9,1.86973636573e-9,2.4504018814e-9,3.10158609906e-9,3.88599952217e-9,3.18236481611e-9,3.27847637926e-9,2.5422624006e-9,1.12151865572e-9,9.23462695201e-10,7.66737284774e-10,1.7229525584e-9,3.85707493722e-10,1.39956421452e-10,7.03034366833e-11,4.44618369899e-11,3.51412406119e-11,1.89672045431e-11,6.61537448085e-12,2.74810881516e-12,8.54502449701e-13,6.49214894084e-13,2.3730569918e-13,1.28780883527e-13,1.14764670206e-13,7.75630848069e-14]},"melbands_crest":{"dmean":2.23715543747,"dmean2":3.7708542347,"dvar":4.98683214188,"dvar2":13.9844713211,"max":30.1971702576,"mean":11.0788621902,"median":10.3937091827,"min":1.929287076,"var":12.6769189835},"melbands_flatness_db":{"dmean":0.0248945523053,"dmean2":0.0336596108973,"dvar":0.00065960129723,"dvar2":0.00140868965536,"max":0.685667991638,"mean":0.199743703008,"median":0.190543711185,"min":0.0052252439782,"var":0.00503852125257},"melbands_kurtosis":{"dmean":4.27774047852,"dmean2":7.01557540894,"dvar":82.7878112793,"dvar2":188.028366089,"max":409.958282471,"mean":8.308552742,"median":5.18688106537,"min":-1.21706902981,"var":178.896606445},"melbands_skewness":{"dmean":0.518302977085,"dmean2":0.842836260796,"dvar":0.518645524979,"dvar2":1.32745063305,"max":13.1361179352,"mean":2.39467859268,"median":2.18234229088,"min":0.013818657957,"var":1.1152023077},"melbands_spread":{"dmean":5.83138942719,"dmean2":9.28699493408,"dvar":53.5415229797,"dvar2":146.109512329,"max":126.450149536,"mean":25.9121627808,"median":24.4605426788,"min":0.283233880997,"var":173.369277954},"mfcc":{"cov":[[16303.90625,2015.30249023,-953.887817383,950.709716797,-210.859481812,-114.026733398,-286.866210938,-71.181137085,-232.913040161,-7.90486240387,-179.237564087,-147.539123535,-20.2048358917],[2015.30249023,2558.32177734,-650.204284668,398.367248535,167.878601074,-221.27041626,31.6599330902,-28.0206375122,-105.508201599,15.2949066162,-73.6965026855,-56.8054199219,-16.0961360931],[-953.887817383,-650.204284668,702.185119629,-98.7207183838,4.01709699631,156.792831421,-2.22294449806,4.58530282974,38.8705711365,-41.864982605,33.3759880066,27.0198726654,6.68687009811],[950.709716797,398.367248535,-98.7207183838,219.775466919,18.2215270996,-10.526558876,7.34612131119,-18.1843700409,-45.1545524597,22.3832435608,-14.8464517593,-8.3042049408,21.5102386475],[-210.859481812,167.878601074,4.01709699631,18.2215270996,125.242805481,0.837720096111,17.7603931427,4.70701646805,1.24872422218,7.83695745468,0.535301268101,7.41022109985,5.66841173172],[-114.026733398,-221.27041626,156.792831421,-10.526558876,0.837720096111,113.545684814,10.8578290939,11.9282922745,27.7447071075,-9.06550312042,21.6722354889,12.3338403702,3.84500074387],[-286.866210938,31.6599330902,-2.22294449806,7.34612131119,17.7603931427,10.8578290939,85.3747558594,20.5272827148,10.7363805771,14.4259490967,-0.823924124241,6.76766490936,0.00901631638408],[-71.181137085,-28.0206375122,4.58530282974,-18.1843700409,4.70701646805,11.9282922745,20.5272827148,72.9371261597,29.388589859,3.29218745232,-3.12496447563,-4.60569095612,0.94670343399],[-232.913040161,-105.508201599,38.8705711365,-45.1545524597,1.24872422218,27.7447071075,10.7363805771,29.388589859,105.698738098,1.01262640953,15.0742807388,2.60048675537,-10.4637727737],[-7.90486240387,15.2949066162,-41.864982605,22.3832435608,7.83695745468,-9.06550312042,14.4259490967,3.29218745232,1.01262640953,68.4566955566,11.910902977,7.40797519684,4.38814735413],[-179.237564087,-73.6965026855,33.3759880066,-14.8464517593,0.535301268101,21.6722354889,-0.823924124241,-3.12496447563,15.0742807388,11.910902977,61.6446380615,20.330368042,6.10019683838],[-147.539123535,-56.8054199219,27.0198726654,-8.3042049408,7.41022109985,12.3338403702,6.76766490936,-4.60569095612,2.60048675537,7.40797519684,20.330368042,49.0583953857,14.1437826157],[-20.2048358917,-16.0961360931,6.68687009811,21.5102386475,5.66841173172,3.84500074387,0.00901631638408,0.94670343399,-10.4637727737,4.38814735413,6.10019683838,14.1437826157,51.7390708923]],"icov":[[0.000104340775579,-0.0000181886734936,0.0000951579277171,-0.000432571221609,0.000197581422981,-0.000162857701071,0.000396591844037,-0.000125394624774,0.000023263051844,0.0000573476354475,0.000149845596752,-0.0000124183852677,0.000180878734682],[-0.0000181886734936,0.000893343763892,0.000402755307732,-0.00137969269417,-0.0010944447713,0.00115671567619,-0.000309138413286,-0.000110498905997,-0.0000219794837903,0.000817413092591,-0.000230938399909,0.000194477150217,0.000728676153813],[0.0000951579277171,0.000402755307732,0.00257161865011,-0.000155812464072,-0.000561891763937,-0.00270655099303,0.000452256936114,0.000256783969235,0.00019456280279,0.00113841122948,0.0000968630120042,-0.000227732831263,0.000146426144056],[-0.000432571221609,-0.00137969269417,-0.000155812464072,0.0102182868868,0.0001372697443,-0.00291846203618,-0.00176862452645,0.00216191727668,0.00185554462951,-0.00336371175945,0.000929081696086,0.0013973050518,-0.00449457811192],[0.000197581422981,-0.0010944447713,-0.000561891763937,0.0001372697443,0.0100688682869,-0.00113882264122,-0.000460547569674,-0.000401775439968,-0.000199604997761,-0.00122270081192,0.000723749340978,-0.00139447010588,-0.000899629609194],[-0.000162857701071,0.00115671567619,-0.00270655099303,-0.00291846203618,-0.00113882264122,0.0163808930665,-0.00238176621497,-0.00157329544891,-0.00243460969068,0.00265388470143,-0.00392277678475,-0.000782935589086,0.000755087821744],[0.000396591844037,-0.000309138413286,0.000452256936114,-0.00176862452645,-0.000460547569674,-0.00238176621497,0.0153603246436,-0.00397868501022,-0.000242688183789,-0.00254619959742,0.00217626523226,-0.00251235626638,0.00163020589389],[-0.000125394624774,-0.000110498905997,0.000256783969235,0.00216191727668,-0.000401775439968,-0.00157329544891,-0.00397868501022,0.0175191834569,-0.00422358745709,-0.00108817312866,0.00187817879487,0.00282374839298,-0.00292952312157],[0.000023263051844,-0.0000219794837903,0.00019456280279,0.00185554462951,-0.000199604997761,-0.00243460969068,-0.000242688183789,-0.00422358745709,0.0125994635746,-0.000488128716825,-0.00226029241458,0.000214955871343,0.00228305323981],[0.0000573476354475,0.000817413092591,0.00113841122948,-0.00336371175945,-0.00122270081192,0.00265388470143,-0.00254619959742,-0.00108817312866,-0.000488128716825,0.0181702729315,-0.00427371729165,-0.00147456198465,0.000752281513996],[0.000149845596752,-0.000230938399909,0.0000968630120042,0.000929081696086,0.000723749340978,-0.00392277678475,0.00217626523226,0.00187817879487,-0.00226029241458,-0.00427371729165,0.0218191072345,-0.00694771762937,-0.00100254116114],[-0.0000124183852677,0.000194477150217,-0.000227732831263,0.0013973050518,-0.00139447010588,-0.000782935589086,-0.00251235626638,0.00282374839298,0.000214955871343,-0.00147456198465,-0.00694771762937,0.0269819833338,-0.00672441395],[0.000180878734682,0.000728676153813,0.000146426144056,-0.00449457811192,-0.000899629609194,0.000755087821744,0.00163020589389,-0.00292952312157,0.00228305323981,0.000752281513996,-0.00100254116114,-0.00672441395,0.023924883455]],"mean":[-655.88494873,145.77003479,-30.7618713379,39.4423713684,3.74592614174,-7.31519365311,-6.30494499207,-3.13060903549,-9.12598800659,-1.06738424301,-6.75891304016,-5.09588623047,-1.54697453976]},"pitch_salience":{"dmean":0.0494847074151,"dmean2":0.0809897407889,"dvar":0.00216980604455,"dvar2":0.00570627581328,"max":0.842705011368,"mean":0.638930618763,"median":0.640921115875,"min":0.0488209836185,"var":0.00563862500712},"silence_rate_20dB":{"dmean":0,"dmean2":0,"dvar":0,"dvar2":0,"max":1,"mean":1,"median":1,"min":1,"var":0},"silence_rate_30dB":{"dmean":0,"dmean2":0,"dvar":0,"dvar2":0,"max":1,"mean":1,"median":1,"min":1,"var":0},"silence_rate_60dB":{"dmean":0.00060587702319,"dmean2":0.00121193763334,"dvar":0.000605611712672,"dvar2":0.00151343934704,"max":1,"mean":0.0528547614813,"median":0,"min":0,"var":0.0500614866614},"spectral_centroid":{"dmean":204.075836182,"dmean2":311.239593506,"dvar":47133.0195312,"dvar2":96331.3984375,"max":11320.6435547,"mean":1509.21923828,"median":1497.21142578,"min":88.5450973511,"var":356778.5},"spectral_complexity":{"dmean":3.97818851471,"dmean2":5.76670217514,"dvar":18.4823284149,"dvar2":34.9714927673,"max":59,"mean":26.6542472839,"median":28,"min":0,"var":143.669555664},"spectral_contrast_coeffs":{"dmean":[0.0449856184423,0.0403497070074,0.0324067734182,0.0275501627475,0.0235122572631,0.0196951627731],"dmean2":[0.0748577266932,0.0650099143386,0.0514351017773,0.0436704270542,0.0360043421388,0.0299652609974],"dvar":[0.00155341031495,0.00128159532323,0.000778631190769,0.000504171650391,0.000432642613305,0.000373092247173],"dvar2":[0.00423960899934,0.00328057818115,0.00199059862643,0.00126023241319,0.000976209237706,0.000895755307283],"max":[-0.307237029076,-0.48573499918,-0.499402403831,-0.518091142178,-0.598061859608,-0.596989512444],"mean":[-0.583308160305,-0.712800681591,-0.771624684334,-0.77724480629,-0.761951267719,-0.739761710167],"median":[-0.573152780533,-0.708661437035,-0.767590403557,-0.772310078144,-0.754809260368,-0.733060002327],"min":[-0.96582442522,-0.968037605286,-0.964667677879,-0.961706876755,-0.965397059917,-0.958262562752],"var":[0.00836556497961,0.00607073819265,0.00386793352664,0.00277086999267,0.002972897375,0.00264059682377]},"spectral_contrast_valleys":{"dmean":[0.394234716892,0.319288432598,0.299964874983,0.264938771725,0.276730358601,0.492815315723],"dmean2":[0.640791535378,0.510241866112,0.461848109961,0.405482113361,0.37139081955,0.553236722946],"dvar":[0.149504870176,0.110376738012,0.0912431553006,0.0804097354412,0.115103140473,0.358202040195],"dvar2":[0.338430434465,0.245321154594,0.184295102954,0.148702770472,0.186761036515,0.618768393993],"max":[-5.12297964096,-4.72300386429,-5.3704957962,-5.32658720016,-5.57713699341,-8.47011470795],"mean":[-7.61295509338,-6.78390216827,-7.57039308548,-7.66777944565,-7.55510520935,-11.2323637009],"median":[-7.28731536865,-6.27734136581,-7.09783840179,-7.18313455582,-7.1042265892,-10.8150892258],"min":[-26.970407486,-27.2441005707,-27.2823066711,-27.1103305817,-27.2089290619,-27.3363990784],"var":[3.01645731926,4.01438331604,3.62426972389,3.59734201431,3.45025968552,2.79518151283]},"spectral_decrease":{"dmean":1.7353871673e-9,"dmean2":2.84034995524e-9,"dvar":9.90139411847e-18,"dvar2":2.58374877045e-17,"max":7.91188908766e-18,"mean":-6.48217257648e-9,"median":-6.17681061854e-9,"min":-3.06846814624e-8,"var":1.40656570685e-17},"spectral_energy":{"dmean":0.00684141227975,"dmean2":0.0111119579524,"dvar":0.000148134611663,"dvar2":0.000384747370845,"max":0.118878692389,"mean":0.0263841655105,"median":0.0252844076604,"min":1.09273232715e-20,"var":0.000224573290325},"spectral_energyband_high":{"dmean":0.000222199945711,"dmean2":0.000304994435282,"dvar":1.65712449984e-7,"dvar2":3.03991697592e-7,"max":0.00603725854307,"mean":0.000476499408251,"median":0.000187714176718,"min":7.99896415477e-21,"var":4.72076266078e-7},"spectral_energyband_low":{"dmean":0.00386355561204,"dmean2":0.00657103350386,"dvar":0.000107803447463,"dvar2":0.00028750198544,"max":0.0892226397991,"mean":0.00511973258108,"median":0.00284105539322,"min":4.61054299895e-23,"var":0.0000836500985315},"spectral_energyband_middle_high":{"dmean":0.00138663512189,"dmean2":0.00204849243164,"dvar":0.00000368295309272,"dvar2":0.00000889094462764,"max":0.0332852378488,"mean":0.00639296369627,"median":0.00603313278407,"min":1.64632630444e-21,"var":0.0000180162296601},"spectral_energyband_middle_low":{"dmean":0.0038626100868,"dmean2":0.00644594384357,"dvar":0.0000258226173173,"dvar2":0.00006720496458,"max":0.0626633241773,"mean":0.0158454570919,"median":0.0150087978691,"min":3.13792156868e-22,"var":0.0000708475272404},"spectral_entropy":{"dmean":0.146936401725,"dmean2":0.185638561845,"dvar":0.0311353690922,"dvar2":0.0521149523556,"max":9.80007266998,"mean":7.45143699646,"median":7.46926403046,"min":4.8876414299,"var":0.268299132586},"spectral_flux":{"dmean":0.0213607493788,"dmean2":0.0298489183187,"dvar":0.000858076789882,"dvar2":0.00143342046067,"max":0.278437644243,"mean":0.070947304368,"median":0.0621964633465,"min":1.04533839917e-10,"var":0.0021130819805},"spectral_kurtosis":{"dmean":3.15484213829,"dmean2":5.30274868011,"dvar":30.6246261597,"dvar2":68.206817627,"max":116.965339661,"mean":6.34192037582,"median":4.65851974487,"min":-1.22630369663,"var":58.5930786133},"spectral_rms":{"dmean":0.000573224911932,"dmean2":0.000910158152692,"dvar":7.7215076999e-7,"dvar2":0.00000193475170818,"max":0.010769364424,"mean":0.00480367895216,"median":0.00496666040272,"min":3.26508850339e-12,"var":0.00000266534516413},"spectral_rolloff":{"dmean":452.814331055,"dmean2":749.05682373,"dvar":553273.4375,"dvar2":1456039.375,"max":20650.3417969,"mean":2369.0324707,"median":1744.18945312,"min":86.1328125,"var":11480419},"spectral_skewness":{"dmean":0.309523135424,"dmean2":0.50871860981,"dvar":0.163075447083,"dvar2":0.374380618334,"max":8.8672914505,"mean":1.40742003918,"median":1.26496493816,"min":-0.0478494763374,"var":0.462033450603},"spectral_spread":{"dmean":397790.78125,"dmean2":524930.6875,"dvar":359901691904,"dvar2":509885972480,"max":42141600,"mean":3439065,"median":3019296.75,"min":752729.0625,"var":3916432146430},"spectral_strongpeak":{"dmean":0.284713089466,"dmean2":0.497017472982,"dvar":0.18860001862,"dvar2":0.490388721228,"max":7.24232578278,"mean":0.677682459354,"median":0.568875253201,"min":0,"var":0.283287078142},"zerocrossingrate":{"dmean":0.00740372529253,"dmean2":0.00897273235023,"dvar":0.000102855934529,"dvar2":0.000164536380908,"max":0.48388671875,"mean":0.0687772557139,"median":0.05419921875,"min":0.00341796875,"var":0.00464879442006}},"metadata":{"audio_properties":{"analysis_sample_rate":44100,"bit_rate":0,"codec":"flac","downmix":"mix","equal_loudness":0,"length":153.293334961,"lossless":true,"md5_encoded":"b5aa32a6288546c134529d380e16f2e6","replay_gain":-15.7967376709},"tags":{"acoustid_id":["b0ac4484-00f1-475e-a9fa-1f24b13dab4c"],"album":["Room on Fire"],"albumartist":["The Strokes"],"artist":["The Strokes"],"date":["2003-10-20"],"discnumber":["1"],"disctotal":["1"],"file_name":"04 - The Strokes - 12_51.flac","musicbrainz_albumartistid":["f181961b-20f7-459e-89de-920ef03c7ed0"],"musicbrainz_albumid":["fb5322ec-6cb1-339e-b13b-58888f521074"],"musicbrainz_artistid":["f181961b-20f7-459e-89de-920ef03c7ed0"],"musicbrainz_recordingid":["661a883e-89b2-4b35-bac5-c8534ed9f39d"],"musicbrainz_releasegroupid":["1e9db573-5671-301f-87fc-846a605fe35b"],"replaygain_album_gain":["-10.58 dB"],"replaygain_album_peak":["1.000000"],"replaygain_track_gain":["-10.74 dB"],"replaygain_track_peak":["0.999329"],"title":["12:51"],"tracknumber":["4"],"tracktotal":["11"]},"version":{"essentia":"2.1-beta1","essentia_build_sha":"46c2b6830b139c2e69ed9f3e0d9145e1b8fbae31","essentia_git_sha":"v2.1_beta1-6-g5578087","extractor":"music 1.0"}},"rhythm":{"beats_count":366,"beats_loudness":{"dmean":0.0107643092051,"dmean2":0.0189970489591,"dvar":0.0000854372847243,"dvar2":0.0002673874842,"max":0.0772846788168,"mean":0.0365937203169,"median":0.0367903336883,"min":2.01301841862e-9,"var":0.000177958587301},"beats_loudness_band_ratio":{"dmean":[0.247733205557,0.142227515578,0.0757997483015,0.0373968742788,0.0501505881548,0.0543962083757],"dmean2":[0.477724224329,0.259036689997,0.139864474535,0.065651550889,0.0908908247948,0.104228012264],"dvar":[0.0266352593899,0.0107163824141,0.00362949050032,0.00106037862133,0.00200871215202,0.00217828154564],"dvar2":[0.0914292931557,0.0340494215488,0.0106474775821,0.00316941016354,0.00574066350237,0.00643760012463],"max":[0.998226463795,0.753520905972,0.410