{"lowlevel":{"average_loudness":0.916064083576,"barkbands":{"dmean":[0.00079532811651,0.00283538154326,0.00191467918921,0.000568778195884,0.00123735598754,0.00128269614652,0.0011018186342,0.000621363637038,0.00131808896549,0.000828349497169,0.00117768545169,0.00145871227141,0.00122673588339,0.00113709748257,0.000826301577035,0.000527483702172,0.000229536570259,0.000186007673619,0.0000934731142479,0.000229635712458,0.0000225245421461,0.0000235242478084,0.00000329397312271,0.00000211255178328,0.00000216138550968,0.00000351264907295,0.00109849194996],"dmean2":[0.00136795104481,0.00458216201514,0.00315496255644,0.000919437443372,0.0019459661562,0.00203333189711,0.00176582625136,0.00103387702256,0.00215643411502,0.00135571393184,0.00192039425019,0.00236816494726,0.00198567262851,0.00186316983309,0.00133349688258,0.000852878205478,0.000363014580216,0.000290802156087,0.000145135782077,0.000366301683243,0.0000337795427185,0.0000357596509275,0.00000518739761901,0.00000353671225639,0.00000361116485692,0.00000562846435059,0.00166580115911],"dvar":[0.00000130433386403,0.0000186253764696,0.0000147826931425,0.00000142750980103,0.00000920879847399,0.00000860147247295,0.00000495589301863,0.0000019100245936,0.00000674598231853,0.00000178028415121,0.00000341041845786,0.00000433411605627,0.00000251416827268,0.00000246265062742,0.00000123973745758,7.37100606329e-7,2.00913191861e-7,1.3138995314e-7,2.35419701511e-8,3.3829911672e-7,3.57514262639e-9,3.15935766437e-9,2.33733137012e-11,1.08151387151e-11,1.05397687106e-11,2.23867747257e-11,0.00000254127394328],"dvar2":[0.00000344418640452,0.0000452343811048,0.0000352478818968,0.00000355117663275,0.0000217146935029,0.0000215852687688,0.0000118333591672,0.00000497533756061,0.0000174107026396,0.00000446911190011,0.00000863160221343,0.0000107995128928,0.0000063167526605,0.00000615502085566,0.00000292537856694,0.00000189983506971,4.34596103105e-7,3.1241876286e-7,5.50045200498e-8,8.16127737835e-7,8.3243385518e-9,7.06022618147e-9,5.48332108885e-11,2.74415646456e-11,2.66765897566e-11,5.47569628528e-11,0.00000550640015717],"max":[0.0119093600661,0.0886123105884,0.0813188403845,0.0345053635538,0.0873189792037,0.062175154686,0.0490021929145,0.0328243151307,0.0370560884476,0.0339105539024,0.0395051762462,0.039176966995,0.0247325692326,0.0297693051398,0.0193063095212,0.023680107668,0.0305492132902,0.0114762568846,0.00253702141345,0.0100569333881,0.0033753621392,0.000969575776253,0.000070793874329,0.0000436903355876,0.0000417051087425,0.0000619913407718,0.032347176224],"mean":[0.000945833860897,0.0045079565607,0.00250499951653,0.000782312185038,0.00185061711818,0.00186860584654,0.0017303742934,0.000923381361645,0.00207601860166,0.00134005886503,0.00175461452454,0.00250216340646,0.00231140246615,0.00214031385258,0.00164921581745,0.00102993356995,0.0004458509502,0.000323309417581,0.000165640725754,0.00029051565798,0.0000434931534983,0.0000324814427586,0.00000454743030787,0.00000219882167585,0.00000229297029364,0.00000468275675303,0.00306350248866],"median":[0.000531305966433,0.00281067751348,0.00087258417625,0.000323694577673,0.000703613914084,0.000501377275214,0.000675198854879,0.000358537072316,0.000839181477204,0.000820047105663,0.00111181032844,0.00170114880893,0.00168144423515,0.00143754738383,0.00116417172831,0.000737057824153,0.000331884628395,0.000212152081076,0.000108171334432,0.000106533450889,0.0000255500581261,0.0000137824636113,0.00000250945549851,9.57735892371e-7,0.00000103257104911,0.00000273599766842,0.00232588802464],"min":[9.23053737985e-25,5.01613181018e-24,8.56643482679e-25,8.07745545039e-25,6.81891129815e-24,7.37024697367e-24,8.97940410232e-24,1.12130953099e-23,8.69541338758e-24,8.98528190493e-24,1.79008474385e-23,2.92217934448e-23,3.11095028811e-23,3.64116736833e-23,4.96638016727e-23,6.51760540208e-23,5.55211980236e-23,8.2749420054e-23,1.37591629719e-22,1.05245246581e-22,2.47591782738e-22,3.08297570269e-22,3.76160257341e-22,5.67273789695e-22,9.35790477113e-22,1.32324987319e-21,1.88740239903e-21],"var":[0.00000152397160491,0.0000303299766529,0.0000294921719615,0.00000250721473094,0.0000160828330991,0.0000125348733491,0.00000975174316409,0.00000275070328826,0.0000122590954561,0.00000305657431454,0.00000525995756107,0.00000771383929532,0.00000522410346093,0.00000628836323813,0.00000311842859446,0.00000152289601374,3.91236113728e-7,1.94090631567e-7,3.77288209563e-8,3.59607923883e-7,6.94227830778e-9,3.7954244192e-9,3.49746759332e-11,1.18799119847e-11,1.184855946e-11,3.11434766864e-11,0.0000088057558969]},"barkbands_crest":{"dmean":2.02962779999,"dmean2":3.37554168701,"dvar":3.624314785,"dvar2":9.66196250916,"max":26.4687004089,"mean":7.21702718735,"median":6.3477306366,"min":2.39427876472,"var":12.7569856644},"barkbands_flatness_db":{"dmean":0.0183226708323,"dmean2":0.029130069539,"dvar":0.000246877927566,"dvar2":0.000632144976407,"max":0.353949964046,"mean":0.124091140926,"median":0.119454972446,"min":0.0479615516961,"var":0.00125009682961},"barkbands_kurtosis":{"dmean":1.6718313694,"dmean2":2.77732610703,"dvar":70.5286254883,"dvar2":218.746520996,"max":330.425720215,"mean":2.83687639236,"median":0.684877157211,"min":-1.64016246796,"var":269.154541016},"barkbands_skewness":{"dmean":0.326254874468,"dmean2":0.524335980415,"dvar":0.20434422791,"dvar2":0.583532512188,"max":17.6786270142,"mean":1.03345155716,"median":0.874315023422,"min":-2.1819665432,"var":1.65623271465},"barkbands_spread":{"dmean":8.04489421844,"dmean2":12.7351970673,"dvar":50.8808822632,"dvar2":128.873703003,"max":101.003181458,"mean":43.3200340271,"median":42.7308883667,"min":1.10363328457,"var":274.976135254},"dissonance":{"dmean":0.0163125712425,"dmean2":0.0279459748417,"dvar":0.000285714602796,"dvar2":0.000814282626379,"max":0.500000178814,"mean":0.475235074759,"median":0.481128811836,"min":0.113872669637,"var":0.000466904573841},"dynamic_complexity":2.57024860382,"erbbands":{"dmean":[0.117350682616,0.571110963821,1.98976266384,1.95737814903,2.16463947296,4.71420812607,8.62647533417,11.513510704,13.1319255829,17.9609470367,15.7637634277,30.0231666565,23.8650588989,27.320110321,45.915435791,55.8750534058,57.0182495117,57.1467170715,48.9860954285,29.6611652374,25.0218658447,10.9910449982,9.08319664001,6.60466480255,11.6629953384,5.8180513382,1.25601947308,0.781031131744,1.12565207481,0.267129421234,0.0857286304235,0.0482623465359,0.033757314086,0.0236864984035,0.0157039184123,0.00970329158008,0.00703609641641,0.0245732404292,0.0328926295042,0.0237738415599],"dmean2":[0.187416806817,0.946656227112,3.2806520462,3.14616107941,3.4488055706,7.6362490654,13.3635072708,18.4897003174,21.0247440338,28.8340415955,26.3067321777,48.9843254089,38.9419136047,44.1745567322,74.497428894,90.6352310181,92.2146530151,94.4478912354,78.2167053223,48.3012199402,39.9929885864,16.8176288605,13.8706483841,10.3224821091,18.2469615936,9.13144683838,1.86789286137,1.18207168579,1.72453403473,0.401224404573,0.135770797729,0.0800743177533,0.0565926767886,0.0396347865462,0.026179978624,0.0160961225629,0.0111243585125,0.0365886837244,0.0499770231545,0.0355103500187],"dvar":[0.0356092378497,0.817552745342,14.6848907471,13.8597478867,26.902929306,156.268341064,399.821685791,838.62890625,1049.68444824,1176.79833984,1318.01489258,3802.52148438,1800.02441406,1739.02697754,4111.99511719,6348.63525391,6036.29150391,4883.11865234,4816.96777344,1780.82800293,1655.2902832,598.051147461,247.033691406,162.815872192,791.827148438,173.246551514,6.83850908279,3.94538927078,8.01418304443,0.256237775087,0.0157550796866,0.00543001294136,0.00275488197803,0.00130472425371,0.000541106506716,0.000192255058209,0.0000915399359656,0.00383170600981,0.00572840776294,0.000776612374466],"dvar2":[0.0854758992791,2.07550787926,34.9304618835,32.3716888428,59.6626091003,386.419525146,854.929992676,2151.96459961,2392.03125,3028.3659668,3576.85693359,9737.42480469,4666.83300781,4250.43896484,10232.9238281,15822.1884766,14927.7753906,12804.8144531,11390.6074219,4571.72900391,4240.23974609,1266.01806641,544.457214355,393.902648926,1856.54626465,404.466552734,15.081580162,9.34945201874,18.0500431061,0.560225367546,0.0372303314507,0.0137140471488,0.00698267063126,0.00330454623327,0.00136915582698,0.000485522672534,0.000215347463381,0.00842126552016,0.0131124928594,0.00167594128288],"max":[2.51253008842,22.2401828766,83.9763717651,91.2260131836,212.568313599,283.748504639,520.517944336,640.13861084,723.604187012,575.678649902,701.890625,1144.90637207,766.85736084,830.802185059,1617.56054688,1345.50866699,1219.13989258,1212.05456543,1078.67834473,876.856201172,1473.62463379,1836.79943848,594.167419434,287.745452881,502.507232666,214.703033447,119.47795105,103.673988342,45.9092788696,8.83193874359,1.66255116463,0.998248934746,0.699183523655,0.471953898668,0.293742716312,0.163489431143,0.101891025901,1.11545181274,1.55988025665,0.467308580875],"mean":[0.179133310914,0.829854726791,2.69454312325,2.90371155739,3.27108168602,6.35512208939,12.7226333618,16.1553440094,19.9474143982,27.7854347229,25.608297348,45.9885749817,40.3988647461,50.6594429016,82.6653137207,103.347427368,113.604034424,113.671661377,102.091491699,64.8190765381,51.1498832703,24.2027873993,18.2180652618,11.6280994415,15.7445716858,8.72004508972,2.51523590088,1.42641377449,1.49739170074,0.396038889885,0.117660291493,0.0532212108374,0.0349816866219,0.0248901359737,0.0168676618487,0.0107927592471,0.00971775036305,0.0354693308473,0.0615855678916,0.089740909636],"median":[0.0929714515805,0.485110044479,1.06294286251,1.17224276066,1.54674267769,2.17648816109,3.42937803268,4.33580303192,6.31435680389,12.062707901,10.0969438553,18.5010471344,22.3803405762,35.3587303162,58.5172843933,71.9803543091,83.8218154907,85.1209793091,70.6295471191,49.9164543152,36.6713180542,18.5441246033,12.9403877258,7.66117143631,6.52774572372,4.22758436203,1.54826200008,0.811375558376,0.593445003033,0.199928030372,0.0656940340996,0.0247398726642,0.0150579884648,0.011059471406,0.00776140065864,0.00525841675699,0.00561600364745,0.0155562814325,0.0372041463852,0.0819307789207],"min":[1.74144175028e-22,8.98588857052e-22,2.00885678715e-21,2.86426433226e-21,1.28163816473e-20,2.35123552646e-20,2.45235221712e-20,9.16722396874e-20,1.34851972391e-19,2.14144975998e-19,3.16796629525e-19,1.81121547801e-19,3.81749720506e-19,6.99890130785e-19,9.52782301702e-19,1.24006078427e-18,1.53641798766e-18,1.75305297117e-18,2.62443149821e-18,3.01982920769e-18,4.24829829645e-18,3.18331339075e-18,4.41724538707e-18,5.62650403328e-18,7.03271521052e-18,5.64248474913e-18,6.38095933997e-18,1.03692929679e-17,1.00682397567e-17,1.02772989032e-17,1.13260183361e-17,9.87455955222e-18,1.01020846787e-17,8.37179819952e-18,5.88678633919e-18,4.0111083917e-18,2.06829812006e-18,1.02490417931e-18,2.35272215743e-19,2.63305822298e-20],"var":[0.0533538945019,1.29873204231,30.8309841156,31.1863670349,48.4280128479,222.119155884,797.200073242,1098.68371582,1858.81738281,2202.48217773,2020.14489746,6197.125,3206.94970703,3353.54516602,7943.17626953,11695.1630859,12721.4501953,11249.1425781,12628.3945312,3596.19165039,3615.11303711,1189.4239502,504.786804199,217.485961914,903.760986328,210.381469727,15.8255643845,6.87663793564,9.23957252502,0.36037415266,0.0228819772601,0.00619622459635,0.00302480277605,0.00145132979378,0.000615072669461,0.000225310126552,0.000132444809424,0.00460312189534,0.00753799732774,0.00340268551372]},"erbbands_crest":{"dmean":2.40253448486,"dmean2":3.97930216789,"dvar":4.643055439,"dvar2":12.0624494553,"max":27.5698947906,"mean":8.91541290283,"median":8.24790763855,"min":1.80000054836,"var":11.9502544403},"erbbands_flatness_db":{"dmean":0.0211374312639,"dmean2":0.0329857580364,"dvar":0.00028663140256,"dvar2":0.000689069624059,"max":0.327126145363,"mean":0.189331755042,"median":0.18986967206,"min":0.0332413204014,"var":0.00147536769509},"erbbands_kurtosis":{"dmean":1.18071877956,"dmean2":1.85913598537,"dvar":1.79677402973,"dvar2":4.23908853531,"max":22.4090805054,"mean":1.90450751781,"median":1.23485422134,"min":-1.50739562511,"var":6.55557441711},"erbbands_skewness":{"dmean":0.338640332222,"dmean2":0.537459492683,"dvar":0.0754768997431,"dvar2":0.188955530524,"max":2.39032292366,"mean":-0.299148261547,"median":-0.291545391083,"min":-2.60808587074,"var":0.310130149126},"erbbands_spread":{"dmean":3.60497903824,"dmean2":5.62762880325,"dvar":12.2840023041,"dvar2":28.683588028,"max":85.328742981,"mean":16.7173404694,"median":15.3628940582,"min":2.0776014328,"var":76.1738891602},"gfcc":{"cov":[[32805.7304688,2687.03613281,-3349.84790039,-703.201782227,490.655548096,-1039.52929688,227.861419678,-587.368469238,47.4562988281,-142.81463623,83.1449737549,-295.282196045,93.1260681152],[2687.03613281,855.456726074,-202.394119263,-211.474655151,34.6920776367,-176.68057251,38.1774559021,-111.800300598,27.8842506409,-52.23828125,17.7993049622,-38.8652267456,33.4873008728],[-3349.84790039,-202.394119263,625.990966797,118.391571045,-170.503509521,198.420089722,-130.294692993,120.138298035,-65.8539733887,21.1038513184,-5.44677448273,33.495136261,-3.32487559319],[-703.201782227,-211.474655151,118.391571045,290.954742432,20.241476059,8.72418785095,56.0660018921,4.59936952591,-11.1194238663,7.73337650299,-29.2157592773,52.1541137695,-26.4492321014],[490.655548096,34.6920776367,-170.503509521,20.241476059,296.171691895,37.7395210266,106.8697052,-66.2182388306,30.2392845154,-20.7434768677,3.01467323303,-26.556432724,1.18662250042],[-1039.52929688,-176.68057251,198.420089722,8.72418785095,37.7395210266,286.836730957,-51.497795105,78.5659332275,-49.0099105835,-4.82658815384,6.87016487122,-15.8408212662,8.57901573181],[227.861419678,38.1774559021,-130.294692993,56.0660018921,106.8697052,-51.497795105,208.480728149,-36.2246360779,57.8785896301,3.70446491241,-1.45861017704,23.7411384583,-32.7668800354],[-587.368469238,-111.800300598,120.138298035,4.59936952591,-66.2182388306,78.5659332275,-36.2246360779,134.678421021,14.7867355347,29.4818439484,8.04254436493,-2.73132801056,10.3156986237],[47.4562988281,27.8842506409,-65.8539733887,-11.1194238663,30.2392845154,-49.0099105835,57.8785896301,14.7867355347,95.151512146,39.8233222961,13.3734817505,3.15135860443,-7.26300382614],[-142.81463623,-52.23828125,21.1038513184,7.73337650299,-20.7434768677,-4.82658815384,3.70446491241,29.4818439484,39.8233222961,66.6723556519,32.4870872498,10.6122837067,-1.3490281105],[83.1449737549,17.7993049622,-5.44677448273,-29.2157592773,3.01467323303,6.87016487122,-1.45861017704,8.04254436493,13.3734817505,32.4870872498,54.7538337708,15.1897230148,11.8041725159],[-295.282196045,-38.8652267456,33.495136261,52.1541137695,-26.556432724,-15.8408212662,23.7411384583,-2.73132801056,3.15135860443,10.6122837067,15.1897230148,69.8642349243,12.2599840164],[93.1260681152,33.4873008728,-3.32487559319,-26.4492321014,1.18662250042,8.57901573181,-32.7668800354,10.3156986237,-7.26300382614,-1.3490281105,11.8041725159,12.2599840164,56.7660064697]],"icov":[[0.000157373477123,-0.000558160187211,0.00116539211012,-0.000509155797772,0.000206366225029,-0.000317561236443,0.000407897809055,-0.000358399876859,0.000709162966814,-0.000668956257869,0.0000250416051131,0.0000400634708058,0.000307355017867],[-0.000558160187211,0.00411262875423,-0.0047072856687,0.00290972506627,-0.000445055164164,0.00232081045397,-0.00238410104066,0.00253024301492,-0.00353476940654,0.00501780910417,-0.00205426639877,0.00162620015908,-0.00286488025449],[0.00116539211012,-0.0047072856687,0.0123114259914,-0.00544819468632,0.00309416372329,-0.00496337050572,0.00459567969665,-0.00363383046351,0.00563607271761,-0.00605228543282,0.000983281410299,-0.00138252787292,0.00371759780683],[-0.000509155797772,0.00290972506627,-0.00544819468632,0.00887410715222,-0.00329197524115,0.00295640830882,-0.00266297720373,0.000347775028786,0.000791910744738,-0.00120154442266,0.00551049504429,-0.00544543704018,0.00105906196404],[0.000206366225029,-0.000445055164164,0.00309416372329,-0.00329197524115,0.00883736740798,-0.00444488506764,-0.00258964300156,0.00452272733673,-0.00373681727797,0.00322462478653,-0.00413443148136,0.00631522899494,-0.00416396837682],[-0.000317561236443,0.00232081045397,-0.00496337050572,0.00295640830882,-0.00444488506764,0.00912389438599,-0.00108266691677,-0.00360626797192,0.00296677625738,0.00227369368076,-0.00177654519212,0.00069865322439,-0.000364764622645],[0.000407897809055,-0.00238410104066,0.00459567969665,-0.00266297720373,-0.00258964300156,-0.00108266691677,0.0116863911971,-0.00210077292286,-0.00213881768286,-0.000857113860548,0.00121538050007,-0.00653814803809,0.00797619484365],[-0.000358399876859,0.00253024301492,-0.00363383046351,0.000347775028786,0.00452272733673,-0.00360626797192,-0.00210077292286,0.0163358673453,-0.00857029575855,0.0011609516805,-0.00134319090284,0.00529314624146,-0.0066190501675],[0.000709162966814,-0.00353476940654,0.00563607271761,0.000791910744738,-0.00373681727797,0.00296677625738,-0.00213881768286,-0.00857029575855,0.0282789897174,-0.0198954809457,0.00699623860419,-0.00308255851269,0.00392980827019],[-0.000668956257869,0.00501780910417,-0.00605228543282,-0.00120154442266,0.00322462478653,0.00227369368076,-0.000857113860548,0.0011609516805,-0.0198954809457,0.0431292653084,-0.0245139300823,0.005791565869,-0.00156763382256],[0.0000250416051131,-0.00205426639877,0.000983281410299,0.00551049504429,-0.00413443148136,-0.00177654519212,0.00121538050007,-0.00134319090284,0.00699623860419,-0.0245139300823,0.0390740931034,-0.0131717696786,0.000128540967125],[0.0000400634708058,0.00162620015908,-0.00138252787292,-0.00544543704018,0.00631522899494,0.00069865322439,-0.00653814803809,0.00529314624146,-0.00308255851269,0.005791565869,-0.0131717696786,0.0294174812734,-0.0124879097566],[0.000307355017867,-0.00286488025449,0.00371759780683,0.00105906196404,-0.00416396837682,-0.000364764622645,0.00797619484365,-0.0066190501675,0.00392980827019,-0.00156763382256,0.000128540967125,-0.0124879097566,0.0285981632769]],"mean":[-12.8285398483,98.6486206055,-120.493492126,-25.3509216309,9.51709842682,-19.5942363739,9.38960075378,-21.5672626495,1.76915287971,-6.53845357895,0.901319563389,-7.72912216187,-1.58002912998]},"hfc":{"dmean":64.9712753296,"dmean2":97.2904281616,"dvar":4428.15527344,"dvar2":9541.13867188,"max":1011.84558105,"mean":282.292541504,"median":278.231506348,"min":1.09512122127e-16,"var":19510.046875},"melbands":{"dmean":[0.000880500418134,0.000897766673006,0.000325834145769,0.000235395709751,0.000284217472654,0.000254460668657,0.000199284870178,0.000177801863174,0.000151395972352,0.000191139653907,0.000123437217553,0.000113203197543,0.000177953363163,0.000166455691215,0.000134114627144,0.000129265579744,0.000108857464511,0.0000843500674819,0.0000515666542924,0.0000413983834733,0.0000289535164484,0.0000132441227834,0.0000102720796349,0.00000942208043853,0.00000527613792656,0.00000404609272664,0.0000144494879351,0.00000171139333816,8.78737353105e-7,5.74156729272e-7,4.23725907694e-7,6.30989745787e-7,4.36241123225e-7,8.32803976891e-8,5.16264826445e-8,3.58530201083e-8,2.73277276364e-8,2.39066828556e-8,2.14210764682e-8,1.94634992567e-8],"dmean2":[0.00141068850644,0.00147146824747,0.000519366469234,0.000378336233553,0.000438703194959,0.00040601726505,0.000319251761539,0.000286988215521,0.000252399040619,0.000311634154059,0.000201647155336,0.000184084434295,0.000289754127152,0.000272010889603,0.000218201399548,0.000210566358874,0.000178993592272,0.000134965463076,0.0000844816022436,0.0000677315183566,0.0000469801052532,0.0000208149194805,0.0000162156429724,0.0000149768166011,0.00000840517532197,0.0000062748840719,0.000023154383598,0.00000273448858934,0.00000134946481012,8.8570124035e-7,6.61360672893e-7,9.69362872638e-7,6.70913721024e-7,1.29362561552e-7,8.23688921514e-8,5.87986619394e-8,4.57426381217e-8,4.01048936283e-8,3.58980507542e-8,3.25573559223e-8],"dvar":[0.00000188314675142,0.00000246061404141,3.48042902942e-7,4.21535276018e-7,4.31940236467e-7,3.78647399657e-7,2.07490018056e-7,1.16130088657e-7,1.21909721429e-7,1.53663947344e-7,4.76895429813e-8,3.14522203837e-8,6.93856634371e-8,6.33323224974e-8,3.31925171793e-8,3.00796720865e-8,1.83428259248e-8,1.64959246263e-8,4.49744019804e-9,4.70291094956e-9,2.28600471885e-9,7.99087906955e-10,3.12529224722e-10,3.94940635751e-10,9.56536932994e-11,5.59467715211e-11,1.42860900887e-9,8.51616086678e-12,2.8244253724e-12,2.75552779379e-12,1.02230452836e-12,2.42284577817e-12,1.16191691685e-12,1.61348731142e-14,5.92213334172e-15,2.89757456344e-15,1.82063993364e-15,1.38999790122e-15,1.09127934452e-15,8.74500531668e-16],"dvar2":[0.00000453733628092,0.0000059301046349,8.06965147149e-7,0.00000101635419014,9.38692437558e-7,9.6158123597e-7,4.81155950638e-7,2.98690366662e-7,3.34788978762e-7,3.9152760678e-7,1.22945195358e-7,7.63774039569e-8,1.76021771381e-7,1.59320663329e-7,8.42169640691e-8,7.57954126129e-8,4.70027572419e-8,3.95934698361e-8,1.10338680415e-8,1.21185603774e-8,5.85892623306e-9,1.71636249657e-9,7.29125870791e-10,9.80813652518e-10,2.3506635527e-10,1.27578947406e-10,3.44162209842e-9,2.02270040994e-11,6.47764914624e-12,6.64056743621e-12,2.41228391429e-12,5.42006370341e-12,2.69348432447e-12,3.67762461109e-14,1.42341091577e-14,7.21721114268e-15,4.61802489898e-15,3.52421800815e-15,2.76515493818e-15,2.21462629763e-15],"max":[0.0198200214654,0.0308791510761,0.0131747638807,0.0237010940909,0.0177714731544,0.0139924138784,0.00990573875606,0.00655716471374,0.00688247103244,0.007241722662,0.00367970229127,0.0037089525722,0.00628582341596,0.00543048838153,0.00414990261197,0.00312996772118,0.00252273632213,0.00228545861319,0.00182124681305,0.00200028531253,0.00172597367782,0.0020255537238,0.000834523583762,0.000660048390273,0.000216442917008,0.000110538036097,0.000658250064589,0.0000734894565539,0.0000613753363723,0.0000943182385527,0.0000465335870103,0.00002744554331,0.0000216522039409,0.00000217216324927,0.00000113876478736,7.23791401924e-7,5.69099370296e-7,4.97381222431e-7,4.36104983237e-7,3.84698267908e-7],"mean":[0.00140754005406,0.00131346751004,0.000517440901604,0.000334460055456,0.000426882324973,0.000365758285625,0.000315094832331,0.000275860540569,0.000231439858908,0.00029143129359,0.000199894566322,0.00019875363796,0.000279589352431,0.00027573062107,0.000252769357758,0.000244346156251,0.000203943054657,0.000165900288266,0.00010452180868,0.0000790353806224,0.0000547361451027,0.0000256091898336,0.0000190652572201,0.0000151275462486,0.00000872664168128,0.00000655516123516,0.0000169668674062,0.0000031152756037,0.00000164376160683,0.00000104060950434,7.16631916475e-7,8.40507652811e-7,5.60470255095e-7,1.22282472148e-7,6.96965329894e-8,4.12535889893e-8,2.83668715184e-8,2.4509335006e-8,2.22235154723e-8,2.04619556854e-8],"median":[0.000848497555126,0.000625084154308,0.000225656025577,0.000139004769153,0.000118452386232,0.000100401528471,0.000107588370156,0.000119908188935,0.0000854509416968,0.000116558963782,0.000109022257675,0.000133197769173,0.000184532967978,0.000181189941941,0.000179896320333,0.000181500916369,0.000144871635712,0.000106447158032,0.0000798477776698,0.0000559637010156,0.0000372650101781,0.0000190670816664,0.0000137400056701,0.00000954538518272,0.00000564336005482,0.00000380007327294,0.00000496269422001,0.00000205944752452,0.00000102618105302,5.89605917867e-7,3.98307236082e-7,3.37220598112e-7,2.18585284983e-7,6.76471074712e-8,3.86455276669e-8,1.9831894349e-8,1.22403154279e-8,1.0374067827e-8,9.65429780564e-9,9.08704844704e-9],"min":[2.18060875726e-24,1.25359000715e-24,5.20655593017e-25,1.227800172e-24,9.20995797099e-25,1.81088187832e-24,2.39651446499e-24,2.08773024643e-24,2.4753887226e-24,1.139939704e-24,1.82155516637e-24,2.28279089639e-24,3.05248524262e-24,3.28050943158e-24,2.0905729067e-24,2.31205783319e-24,3.28904194835e-24,4.20256338698e-24,3.34543367016e-24,3.49722194681e-24,3.85773729695e-24,2.9220606998e-24,3.29506864845e-24,2.80078299916e-24,3.70314895852e-24,4.80473641467e-24,4.83355271468e-24,3.14429879123e-24,3.27416758155e-24,4.74686518424e-24,5.60983326062e-24,4.41864501069e-24,4.38530064909e-24,4.15950262561e-24,4.70933749325e-24,4.57140713613e-24,5.90828142917e-24,5.61841764499e-24,5.48992798074e-24,6.74904977638e-24],"var":[0.00000292099343824,0.00000520448111274,8.24718256354e-7,6.23563153113e-7,8.7805176463e-7,5.1933125178e-7,3.8348574094e-7,2.09781177318e-7,1.80920153525e-7,2.55471888977e-7,8.29360686794e-8,5.90807189838e-8,1.13420071557e-7,1.06911002717e-7,6.73321025602e-8,5.80713361842e-8,4.45004495475e-8,4.27140598447e-8,1.00911323742e-8,8.72182681633e-9,4.68631400352e-9,1.50272860822e-9,6.12244699383e-10,4.86182649695e-10,1.23727195156e-10,8.05482000543e-11,1.48472090178e-9,1.44227928212e-11,6.11381388224e-12,5.09481823049e-12,1.67620875947e-12,2.84649929495e-12,1.27957822289e-12,2.60935360369e-14,8.34330078848e-15,3.47289839946e-15,1.99897001519e-15,1.52043515175e-15,1.20333513306e-15,9.74900935093e-16]},"melbands_crest":{"dmean":3.47925972939,"dmean2":5.71956682205,"dvar":10.0060091019,"dvar2":25.0478534698,"max":39.5254745483,"mean":11.4799280167,"median":10.1673440933,"min":1.60749173164,"var":33.1664505005},"melbands_flatness_db":{"dmean":0.0249128621072,"dmean2":0.0394097343087,"dvar":0.000453375570942,"dvar2":0.00115728098899,"max":0.499492585659,"mean":0.211266309023,"median":0.210437342525,"min":0.00335303251632,"var":0.00233048456721},"melbands_kurtosis":{"dmean":2.02230787277,"dmean2":3.47038984299,"dvar":119.418060303,"dvar2":397.378631592,"max":472.289489746,"mean":1.73702991009,"median":-0.147041797638,"min":-1.82993674278,"var":159.371627808},"melbands_skewness":{"dmean":0.50891661644,"dmean2":0.809440732002,"dvar":0.363555878401,"dvar2":1.04203629494,"max":20.0085582733,"mean":0.854056060314,"median":0.718786776066,"min":-2.01008749008,"var":1.56023788452},"melbands_spread":{"dmean":6.97186851501,"dmean2":11.2028503418,"dvar":49.8837280273,"dvar2":139.068145752,"max":158.863800049,"mean":35.3769264221,"median":33.3145980835,"min":1.43993258476,"var":323.432861328},"mfcc":{"cov":[[10962.9238281,2484.07055664,-1587.68640137,624.536499023,-198.297912598,115.639274597,-130.316390991,-101.556213379,-28.799654007,-34.0340805054,49.61876297,-85.0115509033,126.862922668],[2484.07055664,1474.8972168,-403.08013916,36.3903617859,-60.6638832092,22.4425697327,-34.1675682068,-53.1897850037,-5.00107049942,-28.1829719543,8.9528503418,-10.8237400055,16.6483440399],[-1587.68640137,-403.08013916,715.100097656,-158.607803345,47.9604415894,-105.505592346,11.7193336487,0.121229730546,-29.4926395416,-8.51676082611,-46.8154830933,30.2717914581,-35.0607261658],[624.536499023,36.3903617859,-158.607803345,341.719116211,-91.6931686401,53.4493408203,-31.3315563202,18.8491172791,8.64259433746,-14.6293697357,20.0494937897,-36.2298431396,37.4312667847],[-198.297912598,-60.6638832092,47.9604415894,-91.6931686401,197.904953003,54.8184394836,62.0433349609,9.28556537628,10.086689949,9.55020904541,-22.296957016,12.4786891937,-24.874584198],[115.639274597,22.4425697327,-105.505592346,53.4493408203,54.8184394836,166.183197021,76.6345977783,39.9229545593,8.04464149475,-2.11765623093,8.91969299316,-11.6175031662,7.98100709915],[-130.316390991,-34.1675682068,11.7193336487,-31.3315563202,62.0433349609,76.6345977783,110.122581482,48.1974220276,12.1544322968,4.002576828,-2.47477245331,5.65280008316,-1.60936927795],[-101.556213379,-53.1897850037,0.121229730546,18.8491172791,9.28556537628,39.9229545593,48.1974220276,78.1256790161,30.6689338684,7.44126987457,3.63892936707,-2.60444974899,7.31618022919],[-28.799654007,-5.00107049942,-29.4926395416,8.64259433746,10.086689949,8.04464149475,12.1544322968,30.6689338684,60.2485389709,28.1879310608,8.50755977631,6.63756513596,1.56236565113],[-34.0340805054,-28.1829719543,-8.51676082611,-14.6293697357,9.55020904541,-2.11765623093,4.002576828,7.44126987457,28.1879310608,69.825340271,40.7079544067,8.22603607178,3.08961343765],[49.61876297,8.9528503418,-46.8154830933,20.0494937897,-22.296957016,8.91969299316,-2.47477245331,3.63892936707,8.50755977631,40.7079544067,69.1132507324,19.7774295807,12.6190605164],[-85.0115509033,-10.8237400055,30.2717914581,-36.2298431396,12.4786891937,-11.6175031662,5.65280008316,-2.60444974899,6.63756513596,8.22603607178,19.7774295807,60.7693138123,16.1937580109],[126.862922668,16.6483440399,-35.0607261658,37.4312667847,-24.874584198,7.98100709915,-1.60936927795,7.31618022919,1.56236565113,3.08961343765,12.6190605164,16.1937580109,49.5868682861]],"icov":[[0.000213726758375,-0.000283174886135,0.000321684492519,-0.000330287904944,-0.000118127660244,0.000228488715948,-0.0000533935162821,-0.0000599724407948,0.00045758500346,-0.000377832649974,0.000351171271177,-0.0001237642864,-0.00010369537631],[-0.000283174886135,0.00122295261826,0.0000669717774144,0.00062785926275,0.000369456567569,-0.00030475074891,-0.0000647797132842,0.000746616686229,-0.000894229859114,0.000995697453618,-0.000512414204422,0.000183974843821,0.0000458622744191],[0.000321684492519,0.0000669717774144,0.00275380141102,-0.000215541935177,-0.000226185555221,0.00179711647797,-0.000675725983456,-0.0010847132653,0.00256690499373,-0.00150186312385,0.00229641981423,-0.00172017293517,0.000989778432995],[-0.000330287904944,0.00062785926275,-0.000215541935177,0.00544620770961,0.00152591150254,-0.0025563375093,0.00238466216251,-0.000452537700767,-0.00254532368854,0.00310547021218,-0.00261206692085,0.00343574513681,-0.00287885894068],[-0.000118127660244,0.000369456567569,-0.000226185555221,0.00152591150254,0.00886613503098,-0.00356182735413,-0.00237202877179,0.00187468179502,-0.000688332424033,-0.00337189505808,0.00494015915319,-0.00331023149192,0.00358929228969],[0.000228488715948,-0.00030475074891,0.00179711647797,-0.0025563375093,-0.00356182735413,0.0134555669501,-0.00808219332248,-0.0011664283229,0.00151731225196,0.00219031306915,-0.00328820757568,0.00289018638432,-0.00161587295588],[-0.0000533935162821,-0.0000647797132842,-0.000675725983456,0.00238466216251,-0.00237202877179,-0.00808219332248,0.0212287101895,-0.01043263264,0.00244751572609,-0.00128027924802,0.00155494955834,-0.00258676335216,0.00067137752194],[-0.0000599724407948,0.000746616686229,-0.0010847132653,-0.000452537700767,0.00187468179502,-0.0011664283229,-0.01043263264,0.0258220862597,-0.013802244328,0.00474354904145,-0.00336338835768,0.00484983343631,-0.00413147732615],[0.00045758500346,-0.000894229859114,0.00256690499373,-0.00254532368854,-0.000688332424033,0.00151731225196,0.00244751572609,-0.013802244328,0.0321760326624,-0.0171343572438,0.0103886248544,-0.00849905144423,0.00457784160972],[-0.000377832649974,0.000995697453618,-0.00150186312385,0.00310547021218,-0.00337189505808,0.00219031306915,-0.00128027924802,0.00474354904145,-0.0171343572438,0.0350402481854,-0.0239811837673,0.00975704751909,-0.00428614066914],[0.000351171271177,-0.000512414204422,0.00229641981423,-0.00261206692085,0.00494015915319,-0.00328820757568,0.00155494955834,-0.00336338835768,0.0103886248544,-0.0239811837673,0.0352245867252,-0.0144793540239,0.00335452379659],[-0.0001237642864,0.000183974843821,-0.00172017293517,0.00343574513681,-0.00331023149192,0.00289018638432,-0.00258676335216,0.00484983343631,-0.00849905144423,0.00975704751909,-0.0144793540239,0.0285404380411,-0.0124560622498],[-0.00010369537631,0.0000458622744191,0.000989778432995,-0.00287885894068,0.00358929228969,-0.00161587295588,0.00067137752194,-0.00413147732615,0.00457784160972,-0.00428614066914,0.00335452379659,-0.0124560622498,0.0293184202164]],"mean":[-661.585449219,173.578475952,-60.6887435913,16.1616916656,1.25398302078,17.5991573334,7.44491052628,2.11092710495,3.57414412498,2.58001804352,5.74722528458,-0.727703392506,6.35577011108]},"pitch_salience":{"dmean":0.0603738240898,"dmean2":0.0988267734647,"dvar":0.00268965726718,"dvar2":0.00683869887143,"max":0.986062526703,"mean":0.617282509804,"median":0.633513689041,"min":0.0398331694305,"var":0.0110973278061},"silence_rate_20dB":{"dmean":0,"dmean2":0,"dvar":0,"dvar2":0,"max":1,"mean":1,"median":1,"min":1,"var":0},"silence_rate_30dB":{"dmean":0.00724637694657,"dmean2":0.0144949415699,"dvar":0.00719465129077,"dvar2":0.0182135794312,"max":1,"mean":0.993509411812,"median":1,"min":0,"var":0.00644828611985},"silence_rate_60dB":{"dmean":0.00120772945229,"dmean2":0.0024158237502,"dvar":0.00120624282863,"dvar2":0.00240987516008,"max":1,"mean":0.0507169812918,"median":0,"min":0,"var":0.0481452047825},"spectral_centroid":{"dmean":193.18081665,"dmean2":295.33807373,"dvar":58436.046875,"dvar2":125804.742188,"max":11629.1162109,"mean":1582.50073242,"median":1415.93640137,"min":304.924163818,"var":1712340.625},"spectral_complexity":{"dmean":3.4375,"dmean2":5.19100093842,"dvar":9.65913677216,"dvar2":20.0643939972,"max":55,"mean":26.6716976166,"median":27,"min":0,"var":73.5106811523},"spectral_contrast_coeffs":{"dmean":[0.0504348389804,0.0467695705593,0.0388054773211,0.0293104294688,0.0219506379217,0.0449702739716],"dmean2":[0.0826784074306,0.0779883563519,0.064478635788,0.0493524074554,0.0363226309419,0.0714483484626],"dvar":[0.00159745151177,0.00140666414518,0.000950739951804,0.000539471860975,0.000320168532198,0.00152967358008],"dvar2":[0.00428559444845,0.00389550882392,0.00263129477389,0.0014751785202,0.000856304075569,0.00380108226091],"max":[-0.366533279419,-0.483067899942,-0.575898468494,-0.626315057278,-0.641976118088,-0.478989958763],"mean":[-0.716083824635,-0.781642973423,-0.780765116215,-0.777392983437,-0.785775959492,-0.754026114941],"median":[-0.718786716461,-0.784093856812,-0.780434012413,-0.776439845562,-0.780293226242,-0.757141470909],"min":[-0.98276078701,-0.978656172752,-0.977869331837,-0.972092747688,-0.966973185539,-0.963829755783],"var":[0.00692819105461,0.00425837701187,0.00294256885536,0.00229260977358,0.00198450358585,0.0051112617366]},"spectral_contrast_valleys":{"dmean":[0.390450596809,0.336253613234,0.275083214045,0.232598736882,0.243483424187,0.642930328846],"dmean2":[0.628098130226,0.553035736084,0.44315674901,0.369497150183,0.357922971249,1.0487126112],"dvar":[0.113465093076,0.0968431308866,0.0740633681417,0.0603235736489,0.0799309834838,0.318813771009],"dvar2":[0.267455071211,0.221616536379,0.157687067986,0.114891186357,0.152922868729,0.792860388756],"max":[-5.41981554031,-4.60385560989,-5.00388002396,-5.42496347427,-5.66949653625,-9.16505432129],"mean":[-7.46107196808,-6.81576871872,-6.79850816727,-6.98401784897,-7.83792495728,-11.527463913],"median":[-6.97089481354,-6.3755607605,-6.27724313736,-6.4258980751,-7.32960033417,-11.141910553],"min":[-28.1030158997,-27.9870967865,-27.8180541992,-27.7167129517,-27.5832805634,-27.4033355713],"var":[7.79021692276,8.51288604736,8.32092380524,8.33653831482,7.59275531769,5.24807214737]},"spectral_decrease":{"dmean":1.71844960484e-9,"dmean2":2.65069033389e-9,"dvar":4.20464632116e-18,"dvar2":9.66981828854e-18,"max":1.02197939e-9,"mean":-4.74473971224e-9,"median":-3.74304320871e-9,"min":-3.22299733568e-8,"var":1.72395755487e-17},"spectral_energy":{"dmean":0.0100543685257,"dmean2":0.0148692186922,"dvar":0.000103151032818,"dvar2":0.000225210358622,"max":0.171350449324,"mean":0.0435124374926,"median":0.0425825566053,"min":1.01539885625e-20,"var":0.000481901195599},"spectral_energyband_high":{"dmean":0.000424551719334,"dmean2":0.000627466011792,"dvar":4.54277994777e-7,"dvar2":9.53129415393e-7,"max":0.012191394344,"mean":0.000998599571176,"median":0.000753708125558,"min":7.13755652099e-21,"var":8.83503844307e-7},"spectral_energyband_low":{"dmean":0.0045228432864,"dmean2":0.00717413285747,"dvar":0.000042731546273,"dvar2":0.000100146513432,"max":0.10736130923,"mean":0.00812721066177,"median":0.00526040839031,"min":2.23602718248e-23,"var":0.000096966556157},"spectral_energyband_middle_high":{"dmean":0.00386768346652,"dmean2":0.00582505203784,"dvar":0.0000162699980137,"dvar2":0.0000369967310689,"max":0.0752876624465,"mean":0.0137498639524,"median":0.0130739565939,"min":1.19627482188e-21,"var":0.000064485189796},"spectral_energyband_middle_low":{"dmean":0.00367103517056,"dmean2":0.00562802702188,"dvar":0.0000308255075652,"dvar2":0.0000731982872821,"max":0.0999420583248,"mean":0.00953650474548,"median":0.00490491837263,"min":1.37160053384e-22,"var":0.000104356520751},"spectral_entropy":{"dmean":0.112531468272,"dmean2":0.174933537841,"dvar":0.010211199522,"dvar2":0.0231290571392,"max":9.82254695892,"mean":7.52180767059,"median":7.49874448776,"min":5.88999605179,"var":0.146917924285},"spectral_flux":{"dmean":0.0195945817977,"dmean2":0.0300336703658,"dvar":0.000338831130648,"dvar2":0.000765904434957,"max":0.26526221633,"mean":0.115498259664,"median":0.117115788162,"min":6.34296920543e-11,"var":0.00177035655361},"spectral_kurtosis":{"dmean":6.46470594406,"dmean2":10.2937488556,"dvar":50.2213439941,"dvar2":131.705322266,"max":152.83493042,"mean":32.6163253784,"median":31.3751678467,"min":-1.26758480072,"var":154.297821045},"spectral_rms":{"dmean":0.00072649505455,"dmean2":0.00106284627691,"dvar":4.47752739774e-7,"dvar2":9.32280102006e-7,"max":0.0129294684157,"mean":0.00620147399604,"median":0.0064454600215,"min":3.14743240151e-12,"var":0.00000399309465138},"spectral_rolloff":{"dmean":1585.91687012,"dmean2":3031.57446289,"dvar":21863658,"dvar2":58797868,"max":22050,"mean":19329.2480469,"median":20801.0742188,"min":21.533203125,"var":24864756},"spectral_skewness":{"dmean":0.42521071434,"dmean2":0.663874328136,"dvar":0.184877976775,"dvar2":0.456818521023,"max":10.1210041046,"mean":3.96270895004,"median":3.89995622635,"min":-0.0806217342615,"var":1.08196663857},"spectral_spread":{"dmean":344475.25,"dmean2":558400,"dvar":396795871232,"dvar2":852872658944,"max":42653676,"mean":3867464,"median":3149818,"min":1427443.625,"var":23285932752900},"spectral_strongpeak":{"dmean":6.9785695076,"dmean2":12.9836587906,"dvar":263.933502197,"dvar2":705.830871582,"max":125.793319702,"mean":5.73829364777,"median":0.718211710453,"min":0,"var":233.370803833},"zerocrossingrate":{"dmean":0.0244077965617,"dmean2":0.0313098654151,"dvar":0.000493262719829,"dvar2":0.000872292206623,"max":0.53662109375,"mean":0.352860987186,"median":0.35595703125,"min":0,"var":0.00655354000628}},"metadata":{"audio_properties":{"analysis_sample_rate":44100,"bit_rate":128000,"codec":"mp3","downmix":"mix","equal_loudness":0,"length":153.80897522,"lossless":false,"md5_encoded":"234762d9bf9831e6db7ecf33aeda4cc2","replay_gain":-0.727212905884},"tags":{"album":["Greatest Hits"],"albumartist":["The Byrds"],"albumartistsort":["Byrds, The"],"albumsort":["Greatest Hits (1988, Byrds, The, 04cb7c34-4d4d-4151-b53e-52ceddd45f9a)"],"artist":["The Byrds"],"artists":["The Byrds"],"artistsort":["Byrds, The"],"asin":["B0000024TL"],"barcode":["074640951626"],"catalognumber":["CK 9516"],"composer":["Gene Clark"],"date":["1988"],"discnumber":["1/1"],"file_name":"02 - The Byrds - I'll Feel a Whole Lot Better.mp3","genre":["Oldies 60 S, Folk-Rock, Folk, Country, Classic Rock, 60 S"],"label":["Columbia"],"language":["eng"],"lyricist":["Gene Clark"],"media":["CD"],"musicbrainz album release country":["US"],"musicbrainz album status":["official"],"musicbrainz album type":["album/compilation"],"musicbrainz release track id":["14ff620b-3dd7-3d64-b142-29f987f11c81"],"musicbrainz_albumartistid":["2819834e-4e08-47b0-a2c4-b7672318e8f0"],"musicbrainz_albumid":["04cb7c34-4d4d-4151-b53e-52ceddd45f9a"],"musicbrainz_artistid":["2819834e-4e08-47b0-a2c4-b7672318e8f0"],"musicbrainz_recordingid":["66ab11cc-cb0e-4aec-a2ba-56dcda37605a"],"musicbrainz_releasegroupid":["32060957-af04-3df0-8773-d705f56c25c0"],"musicbrainz_workid":["4d8b8e01-20f8-38d4-b149-addfef1d7b7b"],"originaldate":["1967"],"replaygain_album_gain":["-0.51 dB"],"replaygain_album_peak":["0.575222"],"replaygain_track_gain":["-1.87 dB"],"replaygain_track_peak":["0.561205"],"script":["Latn"],"title":["I'll Feel a Whole Lot Better"],"tracknumber":["2/11"],"work":["I'll Feel a Whole Lot Better"]},"version":{"essentia":"2.1-beta1","essentia_build_sha":"58c41094f73fb0f15362cc81d9bdd9e36dcadf45","essentia_git_sha":"v2.1_beta1-16-g023b2af","extractor":"music 1.0"}},"rhythm":{"beats_count":345,"beats_loudness":{"dmean":0.0160917975008,"dmean2":0.0267420765013,"dvar":0.000174