{"lowlevel":{"average_loudness":0.467257231474,"barkbands":{"dmean":[0.000189038895769,0.000376160605811,0.000487692217575,0.000578248640522,0.000880154664628,0.000282931898255,0.000692942237947,0.0011255244026,0.000870560994372,0.000890134135261,0.000190873470274,0.000388214102713,0.000702385150362,0.000605747045483,0.000356390635716,0.000229061799473,0.000166904079379,0.000184221731615,0.0000977489326033,0.0000406171238865,0.0000123885129142,0.0000193156065507,0.000022068801627,0.0000111929120976,0.00000389216620533,1.49926876247e-7,6.37289720995e-10],"dmean2":[0.000351581547875,0.000605176610406,0.000784364063293,0.000912608695216,0.00134150136728,0.000424304074841,0.00102452689316,0.00160257495008,0.00129828474019,0.00137351371814,0.000306804373395,0.000612023693975,0.00114905415103,0.000954252202064,0.000564865709748,0.000365991989383,0.000260281638475,0.000286927242996,0.000151521482621,0.0000632394585409,0.0000190772661881,0.000031109455449,0.0000327016314259,0.0000148177769006,0.00000544196791452,2.347999839e-7,1.16540366246e-9],"dvar":[2.49325626811e-8,4.25368284596e-7,3.82404920174e-7,6.74765374242e-7,0.00000139162261803,2.30866092465e-7,0.00000364537186215,0.00000912139785214,0.00000818493936094,0.0000112866837298,5.23224741755e-7,0.00000166358688602,0.0000084052380771,0.00000255585041486,8.92295986432e-7,7.81715925768e-7,3.06966768449e-7,1.61033383961e-7,3.11474508408e-8,6.10399375489e-9,9.16415221486e-10,4.33447588932e-9,7.29619609174e-9,4.11595557637e-9,9.67696700549e-10,1.15593309664e-12,1.17832870875e-18],"dvar2":[7.41427754747e-8,0.00000105263222849,0.00000100075578757,0.00000170616954165,0.0000033458204598,5.06236972342e-7,0.00000797863958724,0.0000170659823198,0.0000166153586179,0.0000273355581157,0.0000013067897271,0.00000426040560342,0.000023582844733,0.00000629828900856,0.00000220043011723,0.00000201768148145,7.59347301482e-7,4.03340436606e-7,7.1690799075e-8,1.45935858953e-8,2.00293825969e-9,8.44322212146e-9,1.20212630961e-8,6.1219953551e-9,1.86833171156e-9,2.1924339514e-12,3.6791471634e-18],"max":[0.0010963852983,0.0137850753963,0.00998288020492,0.013701537624,0.0164679866284,0.0161740481853,0.0409392118454,0.0809413641691,0.0974515452981,0.102575905621,0.0278478767723,0.0308805759996,0.0848984643817,0.049893643707,0.0225086212158,0.0279014036059,0.0202152282,0.0103383688256,0.00412242487073,0.00213926029392,0.00130467466079,0.00237333402038,0.00345657207072,0.00296602165326,0.00130758620799,0.0000438148817921,1.56002162299e-8],"mean":[0.000180382019607,0.000994381378405,0.00104571331758,0.00101125519723,0.0020091063343,0.000644230342004,0.00117813877296,0.00201276899315,0.00140235328581,0.00145505729597,0.000311201991281,0.000643275561742,0.001150787808,0.000994854373857,0.000584768713452,0.000382696453016,0.000332299590809,0.000376502139261,0.000207038610824,0.0000799119588919,0.0000193090090761,0.000022926760721,0.0000348083267454,0.000019669683752,0.00000612330222793,1.86907385569e-7,5.80465009392e-10],"median":[0.000136045084218,0.000277000013739,0.000765740522183,0.000560688145924,0.00136400666088,0.000345621607266,0.000268657226115,0.000309357361402,0.00018262071535,0.00021167381783,0.0000694402551744,0.000133592358907,0.00020033675537,0.000229182711337,0.00018602477212,0.000108290434582,0.0000878539867699,0.00011245119822,0.0000884486726136,0.000035309480154,0.00000677461594023,0.00000368054134015,0.0000060053771449,0.00000201041211767,1.26905391085e-7,2.00148289053e-8,2.10861855754e-10],"min":[1.98434671472e-12,1.03839126967e-12,5.90471790386e-13,2.87562031479e-12,7.43847778512e-12,3.26854732516e-12,1.09192982347e-12,6.30653949202e-13,4.62923211049e-13,3.05825650177e-13,2.94235827109e-13,1.31620449674e-13,1.78331484237e-13,1.82566174635e-13,9.3868814631e-14,2.94981188998e-13,1.02104915777e-13,6.08489902345e-14,1.15320987894e-13,1.23339652294e-13,1.56974395505e-13,1.47716718414e-13,1.8019334397e-13,2.01953349334e-13,2.27854519107e-13,3.91447155723e-13,4.76466685117e-13],"var":[2.40007960173e-8,0.00000302845796796,0.00000104327943973,0.0000015169780454,0.00000414492888012,8.20172374461e-7,0.00000856841325003,0.0000268292551482,0.0000180583665497,0.0000245673109021,0.00000137352276397,0.00000362094783668,0.0000168676979229,0.00000601448573434,0.00000183369968454,0.00000162318383445,0.00000115809143608,5.18988031217e-7,1.02158857374e-7,1.63710733858e-8,2.12042805536e-9,8.48117576169e-9,1.97900504872e-8,1.18556950923e-8,2.30021846015e-9,2.06723115188e-12,9.97974383891e-19]},"barkbands_crest":{"dmean":2.36873626709,"dmean2":3.87034273148,"dvar":5.22842073441,"dvar2":13.6789369583,"max":26.816570282,"mean":9.35459804535,"median":8.39026069641,"min":2.4160451889,"var":16.3528938293},"barkbands_flatness_db":{"dmean":0.0205053538084,"dmean2":0.0315621756017,"dvar":0.000413581816247,"dvar2":0.0010103994282,"max":0.670344054699,"mean":0.18439514935,"median":0.180988371372,"min":0.0615144595504,"var":0.00217585451901},"barkbands_kurtosis":{"dmean":11.3381795883,"dmean2":20.0075206757,"dvar":36398.625,"dvar2":102055.46875,"max":9821.57226563,"mean":10.6410493851,"median":0.563495695591,"min":-1.81528222561,"var":33263.8828125},"barkbands_skewness":{"dmean":0.522562325001,"dmean2":0.824232578278,"dvar":2.56479477882,"dvar2":7.02172613144,"max":83.3847198486,"mean":1.12614524364,"median":0.912846565247,"min":-2.53671145439,"var":5.77592992783},"barkbands_spread":{"dmean":4.18262910843,"dmean2":6.3721113205,"dvar":20.6876716614,"dvar2":41.5406990051,"max":88.881729126,"mean":18.517873764,"median":16.8367481232,"min":0.0250433143228,"var":92.4816589355},"dissonance":{"dmean":0.0208974163979,"dmean2":0.0344309955835,"dvar":0.000403355195886,"dvar2":0.00110087892972,"max":0.5,"mean":0.453863471746,"median":0.459770619869,"min":0.190142840147,"var":0.000837807368953},"dynamic_complexity":4.74767827988,"erbbands":{"dmean":[0.00486684031785,0.108151905239,0.515956878662,1.06214702129,3.04374337196,2.66655468941,3.24996590614,2.17115855217,6.61133718491,16.2751579285,22.8419780731,18.6699962616,26.7778148651,17.4451065063,9.07254123688,14.1497955322,26.7963447571,25.7656993866,28.5189800262,13.7970495224,12.5066986084,8.4237203598,10.0933113098,6.41488456726,3.80243349075,1.7957597971,0.59016597271,0.46942460537,0.57049870491,0.885038018227,0.592150688171,0.331350892782,0.138077899814,0.060564443469,0.0177679192275,0.00186415656935,0.0000815674065962,0.00000400870612793,0.00000249207596426,0.00000479163236378],"dmean2":[0.00797718018293,0.174012616277,0.835817635059,1.70428967476,4.72705030441,4.11406326294,4.66509103775,3.33612251282,9.83638858795,23.8388347626,32.3343696594,27.700799942,40.5144042969,27.3405017853,14.2758903503,22.1223220825,43.4762573242,40.4273948669,45.1479721069,21.3732395172,20.10779953,12.8705739975,15.4986343384,9.94218921661,5.75091505051,2.74471282959,0.905444741249,0.723328888416,0.916670978069,1.41045546532,0.875924825668,0.463580369949,0.181276753545,0.0836413428187,0.0253721252084,0.00274770334363,0.000125047343317,0.00000561382375963,0.00000351632570528,0.00000689765283823],"dvar":[0.0000782994902693,0.0333536379039,0.483349084854,2.01316976547,20.1590423584,18.425535202,35.7899398804,20.9101924896,401.15838623,1404.61071777,3995.05419922,4004.54101563,10577.6123047,3228.03808594,746.137084961,2161.34570313,12118.2675781,5085.63818359,5556.68701172,2208.04760742,2440.89233398,703.187316895,553.587097168,129.336517334,53.7228393555,11.8520841599,1.65080964565,1.72126805782,3.72903037071,12.5925998688,4.59197044373,2.81089878082,0.895876049995,0.211237594485,0.0291931442916,0.000193672807654,2.67123141384e-7,5.16334253131e-10,1.7581849171e-11,4.43945435968e-11],"dvar2":[0.000197614965145,0.0831351652741,1.27386760712,5.18119478226,46.098449707,43.4362602234,65.0920410156,49.3827095032,925.577331543,2900.84985352,7658.48925781,8178.89941406,25761.1972656,7920.03808594,1783.59094238,5407.44580078,32512.578125,12987.2919922,14457.5332031,5000.75439453,6514.39208984,1687.31713867,1339.58288574,328.327392578,114.621749878,27.1525096893,3.75094246864,3.66363477707,7.63815641403,24.2350502014,7.54435682297,4.72613048553,1.30377233028,0.370632588863,0.0624617487192,0.000376438518288,5.72422095502e-7,9.28841725756e-10,3.30211344379e-11,9.55534540381e-11],"max":[0.197752997279,3.674877882,12.3728551865,17.2652378082,72.8509368896,101.833847046,148.327804565,140.164520264,625.991638184,740.86730957,2007.50756836,2136.14013672,3387.97363281,1491.85290527,989.589172363,1188.578125,2772.73413086,1594.09008789,2104.91137695,1751.61010742,1729.75378418,1007.17504883,689.357116699,264.723632813,186.236251831,86.0777053833,47.0838661194,60.6897888184,59.6656188965,153.348434448,80.9303283691,87.0853424072,49.4388008118,19.6301136017,9.70046806335,0.603782832623,0.0253782030195,0.00103424291592,0.000154159963131,0.000137776281917],"mean":[0.0117318769917,0.288430690765,1.20236241817,2.22539162636,5.37307357788,6.06450414658,8.13518333435,4.81363201141,11.7793512344,28.6199798584,42.6700172424,31.0275630951,44.8716812134,30.6026363373,16.8534488678,25.8401584625,46.1903839111,47.3934898376,48.6932106018,23.5995540619,23.1515598297,18.9572467804,22.1159934998,14.1782035828,8.47980117798,3.75930762291,1.01699483395,0.729068100452,0.712220430374,1.0898873806,0.953819274902,0.588900446892,0.235674366355,0.0986770540476,0.0269383452833,0.00273840711452,0.000118100149848,0.00000860770524014,0.0000102357398646,0.0000205660307984],"median":[0.0043052197434,0.0933351442218,0.860510230064,1.43311703205,3.18589758873,3.69326114655,3.63883638382,2.37868285179,4.14168691635,6.87770986557,8.13162994385,5.54347801208,6.57576227188,7.00098752975,4.54411697388,5.68203687668,8.31845283508,11.8817520142,13.7526054382,7.39900922775,7.21564531326,5.4349861145,5.88803529739,6.28714179993,3.67694163322,1.75571632385,0.482321560383,0.20466004312,0.131857454777,0.14834715426,0.169676035643,0.0842116326094,0.0142901465297,0.00256104581058,0.000538702355698,0.000222419766942,0.000019704364604,0.00000255113809544,0.00000665685638523,0.0000138579216582],"min":[6.37290775707e-11,1.29832783413e-10,5.09075948063e-10,5.49824141771e-9,2.49972078592e-8,2.4100529572e-8,2.67244217866e-8,2.53997249899e-8,1.76951360231e-8,1.31487905008e-8,1.37552769175e-8,1.15329790162e-8,1.03593302825e-8,9.34103194794e-9,1.17304370661e-8,5.30089483419e-9,8.01646482529e-9,8.86316442461e-9,9.04228691923e-9,5.44727241092e-9,1.68190137373e-8,5.52679502164e-9,3.5524050368e-9,4.23319068688e-9,8.25386248238e-9,4.28962554366e-9,4.8488146831e-9,7.09658065645e-9,4.45958647788e-9,6.07844263811e-9,4.84717466165e-9,4.7173718265e-9,2.65928279397e-9,2.47491782623e-9,1.83085990813e-9,9.5564589575e-10,9.04087027465e-10,3.76578851435e-10,6.45054218373e-11,6.51639549612e-12],"var":[0.000423068355303,0.226689741015,1.38263845444,5.42746257782,42.1714897156,55.7033882141,204.935928345,55.0580787659,837.469482422,3526.57958984,11870.9599609,8086.81054688,22457.046875,7834.07763672,1934.63562012,5297.37890625,25637.2480469,11940.9863281,12532.5224609,4429.09667969,5631.85205078,3243.30273438,2318.57006836,437.198272705,191.213790894,35.1580581665,3.44612050056,3.99438309669,7.17538833618,24.832408905,12.9498128891,7.44090366364,2.58478403091,0.545895755291,0.0569628924131,0.000419056799728,4.99339762428e-7,1.37433686653e-9,1.06428088564e-10,3.47651574195e-10]},"erbbands_crest":{"dmean":2.62641429901,"dmean2":4.23925065994,"dvar":6.28832387924,"dvar2":15.785068512,"max":28.9179553986,"mean":9.50509166718,"median":8.48699855804,"min":2.42516636848,"var":17.7924404144},"erbbands_flatness_db":{"dmean":0.0174972787499,"dmean2":0.0259769838303,"dvar":0.000250687327934,"dvar2":0.000542328401934,"max":0.382080584764,"mean":0.231627747416,"median":0.234125211835,"min":0.0452948287129,"var":0.00156056066044},"erbbands_kurtosis":{"dmean":0.776016950607,"dmean2":1.2417961359,"dvar":1.38304889202,"dvar2":3.43877434731,"max":20.958732605,"mean":0.153760805726,"median":-0.364193469286,"min":-1.74427294731,"var":3.18885469437},"erbbands_skewness":{"dmean":0.367406696081,"dmean2":0.566770493984,"dvar":0.11193472147,"dvar2":0.267674177885,"max":3.26535916328,"mean":-0.0672036185861,"median":-0.0520900636911,"min":-3.97969198227,"var":0.498323172331},"erbbands_spread":{"dmean":5.38036584854,"dmean2":8.16997051239,"dvar":30.554517746,"dvar2":68.7443695068,"max":144.349349976,"mean":29.0270938873,"median":27.9735565186,"min":2.65089702606,"var":173.134796143},"gfcc":{"cov":[[7891.73974609,-760.727600098,-1155.49853516,205.854812622,-1108.21826172,278.364837646,-347.742431641,8.1738910675,72.2751235962,-513.50189209,187.482406616,-359.930603027,-176.220932007],[-760.727600098,975.421447754,-65.3142623901,-125.820587158,410.442474365,-320.037384033,276.193359375,-173.459655762,25.7965908051,12.2235116959,9.20258140564,-18.110200882,25.1333942413],[-1155.49853516,-65.3142623901,606.359008789,78.9715423584,64.5909042358,149.760437012,-45.4971961975,59.1666793823,-21.0518379211,121.300201416,-25.8179721832,108.590209961,17.4925117493],[205.854812622,-125.820587158,78.9715423584,370.629974365,-20.7736587524,-0.559822261333,-62.6221809387,-53.2707481384,77.6556930542,-22.6122837067,-10.2616653442,36.2632598877,25.3723678589],[-1108.21826172,410.442474365,64.5909042358,-20.7736587524,468.161437988,-171.159255981,101.820220947,2.10030841827,-12.1683568954,102.516777039,-63.801574707,34.8834190369,79.8121032715],[278.364837646,-320.037384033,149.760437012,-0.559822261333,-171.159255981,347.606414795,-5.25262403488,56.886051178,-13.024222374,-2.58232927322,32.573638916,2.38357925415,-16.6101303101],[-347.742431641,276.193359375,-45.4971961975,-62.6221809387,101.820220947,-5.25262403488,279.487823486,-71.0967559814,-8.89373493195,12.0520172119,9.4410905838,-8.43919277191,-3.82959413528],[8.1738910675,-173.459655762,59.1666793823,-53.2707481384,2.10030841827,56.886051178,-71.0967559814,219.555831909,15.9343862534,24.1496372223,11.5372886658,-5.6443862915,-5.26244926453],[72.2751235962,25.7965908051,-21.0518379211,77.6556930542,-12.1683568954,-13.024222374,-8.89373493195,15.9343862534,168.452728271,-29.5089416504,36.3098869324,-10.1505794525,-18.8335456848],[-513.50189209,12.2235116959,121.300201416,-22.6122837067,102.516777039,-2.58232927322,12.0520172119,24.1496372223,-29.5089416504,154.378936768,-30.1136016846,32.747428894,27.4651489258],[187.482406616,9.20258140564,-25.8179721832,-10.2616653442,-63.801574707,32.573638916,9.4410905838,11.5372886658,36.3098869324,-30.1136016846,132.096633911,-7.19868326187,-44.7904624939],[-359.930603027,-18.110200882,108.590209961,36.2632598877,34.8834190369,2.38357925415,-8.43919277191,-5.6443862915,-10.1505794525,32.747428894,-7.19868326187,118.754455566,19.018283844],[-176.220932007,25.1333942413,17.4925117493,25.3723678589,79.8121032715,-16.6101303101,-3.82959413528,-5.26244926453,-18.8335456848,27.4651489258,-44.7904624939,19.018283844,105.108520508]],"icov":[[0.000458261172753,-0.000792684732005,0.00110968726221,-0.00081154081272,0.00110604963265,-0.00090215151431,0.000774690124672,-0.000701411801856,0.000530295947101,-0.0000383506740036,0.000226372256293,0.000264338566922,0.000133432404255],[-0.000792684732005,0.00637024221942,-0.00348419346847,0.00351758603938,-0.00498461350799,0.00488375732675,-0.00409088097513,0.00440231291577,-0.00242250156589,0.00207373383455,-0.00247775786556,0.00115391414147,-0.000733983120881],[0.00110968726221,-0.00348419346847,0.00606581754982,-0.00322783156298,0.00292103854008,-0.00475986441597,0.0032649973873,-0.00292663997971,0.00191200058907,-0.00230235420167,0.00153094809502,-0.00172759906854,0.00137466774322],[-0.00081154081272,0.00351758603938,-0.00322783156298,0.00614048214629,-0.00315508968197,0.00294976169243,-0.00160017050803,0.00400227447972,-0.00360694085248,0.00160101545043,-0.00091566471383,-0.000465602322947,-0.00151341420133],[0.00110604963265,-0.00498461350799,0.00292103854008,-0.00315508968197,0.00886277388781,-0.00184513069689,0.00170409469865,-0.00459428364411,0.00191702344455,-0.00279356795363,0.0023496390786,-0.000427693419624,-0.00171541748568],[-0.00090215151431,0.00488375732675,-0.00475986441597,0.00294976169243,-0.00184513069689,0.00891236495227,-0.00469429930672,0.00214677373879,-0.00154532690067,0.00147577549797,-0.0024827956222,0.00119089859072,-0.00179029547144],[0.000774690124672,-0.00409088097513,0.0032649973873,-0.00160017050803,0.00170409469865,-0.00469429930672,0.00794091355056,-0.0007348615909,0.00138606061228,-0.00134418380912,0.000945475767367,-0.000327229092363,0.0013983520912],[-0.000701411801856,0.00440231291577,-0.00292663997971,0.00400227447972,-0.00459428364411,0.00214677373879,-0.0007348615909,0.00934855733067,-0.00305645959452,0.000691666791681,-0.00211842800491,0.00116248079576,-0.000280055042822],[0.000530295947101,-0.00242250156589,0.00191200058907,-0.00360694085248,0.00191702344455,-0.00154532690067,0.00138606061228,-0.00305645959452,0.00876197591424,0.000167407066328,-0.000932011927944,0.000455709319795,0.00126506260131],[-0.0000383506740036,0.00207373383455,-0.00230235420167,0.00160101545043,-0.00279356795363,0.00147577549797,-0.00134418380912,0.000691666791681,0.000167407066328,0.010309452191,-0.000103834383481,-0.000145184152643,-0.00090523227118],[0.000226372256293,-0.00247775786556,0.00153094809502,-0.00091566471383,0.0023496390786,-0.0024827956222,0.000945475767367,-0.00211842800491,-0.000932011927944,-0.000103834383481,0.0108297113329,-0.00142876873724,0.0034237105865],[0.000264338566922,0.00115391414147,-0.00172759906854,-0.000465602322947,-0.000427693419624,0.00119089859072,-0.000327229092363,0.00116248079576,0.000455709319795,-0.000145184152643,-0.00142876873724,0.0114764217287,-0.00143939617556],[0.000133432404255,-0.000733983120881,0.00137466774322,-0.00151341420133,-0.00171541748568,-0.00179029547144,0.0013983520912,-0.000280055042822,0.00126506260131,-0.00090523227118,0.0034237105865,-0.00143939617556,0.0132889449596]],"mean":[-81.7114257813,158.615280151,-163.736358643,33.6287269592,-48.0420951843,0.529022872448,-33.0209655762,-5.51457929611,-9.89102458954,-19.1196708679,-1.47173833847,-22.0651473999,-9.96403121948]},"hfc":{"dmean":3.89550423622,"dmean2":5.47362852097,"dvar":37.2444572449,"dvar2":83.5073699951,"max":137.893569946,"mean":14.6834802628,"median":7.68196868896,"min":4.17025773913e-8,"var":283.043792725},"melbands":{"dmean":[0.0000739849710953,0.000224374452955,0.000243343776674,0.000201667207875,0.000112167785119,0.0000483914845972,0.000114694157674,0.000207315883017,0.000170576036908,0.000125792066683,0.000141680036904,0.0000810161145637,0.0000261646746367,0.0000475503111375,0.0000376984389732,0.0000760033508413,0.0000480101662106,0.0000573262077523,0.0000231869653362,0.0000138281830004,0.0000166084410012,0.00000924633150134,0.00000934981926548,0.00000977805848379,0.00000538035328645,0.00000355706970367,0.00000225999019676,0.00000103196509826,3.96824844984e-7,3.30483970856e-7,2.62811710172e-7,2.86690095663e-7,4.77868979942e-7,5.02293630689e-7,3.56270760449e-7,3.01903185118e-7,1.74207102077e-7,1.0506701642e-7,7.81613138656e-8,4.36594120856e-8],"dmean2":[0.000120137949125,0.000362626975402,0.000381610734621,0.000313723110594,0.000162000651471,0.0000742893316783,0.000169652252225,0.000300492887618,0.000243833696004,0.00018615926092,0.000214886516915,0.000127122460981,0.0000415888898715,0.0000747341036913,0.0000599039267399,0.000123950580019,0.0000750471372157,0.0000909484733711,0.0000365097293979,0.0000213725870708,0.0000271163717116,0.0000144230916703,0.0000146827987919,0.0000153326163854,0.0000085384126578,0.00000550293361812,0.00000349401079802,0.00000160633214819,6.2028686898e-7,5.24576364569e-7,4.05144703564e-7,4.53940174339e-7,7.8236854506e-7,7.99650649697e-7,5.34254922968e-7,4.49166492444e-7,2.4002798682e-7,1.45452844436e-7,1.11287143056e-7,6.18476647674e-8],"dvar":[1.60905848645e-8,9.36073902835e-8,1.0689191754e-7,8.44493612817e-8,3.70628470137e-8,8.81576767142e-9,1.07208954603e-7,2.17898332266e-7,2.24702773721e-7,1.98676318064e-7,2.86743983224e-7,7.17425265861e-8,6.96148960699e-9,2.95873139322e-8,1.73101604162e-8,1.27055713506e-7,1.72413301414e-8,2.50307863325e-8,5.56255486117e-9,2.59212873388e-9,5.20232124046e-9,7.44444228484e-10,7.47997164208e-10,5.01589214608e-10,9.91804485762e-11,5.39322510262e-11,2.24095065421e-11,3.9829532901e-12,7.33467865437e-13,7.2470089825e-13,6.89370652576e-13,9.80910665194e-13,2.89417882021e-12,4.79638811307e-12,1.63576617529e-12,1.65173484699e-12,9.39865373029e-13,5.69460223334e-13,3.61287280475e-13,1.14991525958e-13],"dvar2":[3.96206658593e-8,2.44129438443e-7,2.58126789277e-7,2.03271937949e-7,7.26125932715e-8,2.06989145823e-8,2.42104817971e-7,4.29605250929e-7,4.5346234856e-7,4.01463779554e-7,6.98151779943e-7,1.74763115979e-7,1.68454885596e-8,7.58691953706e-8,4.05914626356e-8,3.64209682857e-7,4.09291232017e-8,6.51116423001e-8,1.35287576697e-8,5.59808954748e-9,1.41225369177e-8,1.80359605029e-9,1.92536586674e-9,1.26916099852e-9,2.58700533218e-10,1.19004250898e-10,5.20631454615e-11,9.22942364895e-12,1.74702353278e-12,1.72932349864e-12,1.4874425476e-12,2.10341488151e-12,5.7295661271e-12,9.79180365263e-12,3.01831628267e-12,2.81154873688e-12,1.67138611978e-12,9.567595197e-13,6.38084962472e-13,2.14848931289e-13],"max":[0.00289164180867,0.00512878131121,0.00567176192999,0.0040975981392,0.0043905461207,0.00277622253634,0.00951948482543,0.00946259032935,0.0137892328203,0.0162447262555,0.0176834091544,0.00605432922021,0.00263756630011,0.00466919643804,0.00498968362808,0.010924343951,0.00394764356315,0.00444830581546,0.00247416878119,0.00214636418968,0.00273281824775,0.000893770251423,0.000888050533831,0.000689261592925,0.00023671152303,0.000189523911104,0.000119047806947,0.0000508059129061,0.0000310910290864,0.0000323612512148,0.0000415009781136,0.0000296525031445,0.000068125758844,0.0000966061925283,0.0000390527602576,0.0000623019586783,0.0000423201381636,0.0000393720438296,0.0000245101764449,0.0000140068477776],"mean":[0.000201111120987,0.00056018284522,0.000499337911606,0.000415348185925,0.000283784756903,0.000107025189209,0.000200557580683,0.000367673812434,0.000312396790832,0.000200159105589,0.000235647530644,0.000137794166221,0.0000454160872323,0.0000791095735622,0.0000642429076834,0.000121772740385,0.0000830250719446,0.0000920682577998,0.000037124260416,0.0000227443779295,0.0000289101844828,0.0000188575977518,0.0000193492705876,0.0000191883082152,0.0000106947500171,0.00000715178794053,0.00000453155917057,0.00000192175184566,5.99408963353e-7,4.7182740559e-7,3.97134840568e-7,3.57054290134e-7,5.20922753822e-7,6.31276577678e-7,5.50747927264e-7,5.05496245751e-7,2.96107288023e-7,1.68275491319e-7,1.23560297993e-7,6.87755914441e-8],"median":[0.0000658798890072,0.000370482826838,0.000342727988027,0.000265270180535,0.000143178345752,0.0000541633744433,0.0000594866287429,0.0000794608713477,0.0000526619551238,0.0000268969015451,0.0000342451603501,0.0000289256386168,0.0000123388490465,0.0000145454214362,0.0000159015507961,0.0000176686226041,0.0000200135473278,0.0000221762966248,0.0000117712734209,0.00000648143213766,0.00000847164392326,0.00000546946921531,0.00000392952506445,0.00000578557774134,0.00000456327961729,0.00000281068423647,0.00000171362148649,8.68595748216e-7,2.63166555214e-7,1.52731701064e-7,1.01485412074e-7,6.64447270537e-8,6.05560330769e-8,7.86487106552e-8,9.6002068517e-8,8.06470410453e-8,3.24719700018e-8,8.10697287079e-9,3.41297501372e-9,1.2458791776e-9],"min":[5.21638938641e-13,2.11118096746e-13,1.42607171731e-12,1.76153503676e-12,9.58295725759e-13,5.74157203986e-13,2.59324923731e-13,1.41877232619e-13,1.0521144638e-13,6.95063581344e-14,4.99682319989e-14,3.60628275289e-14,4.06941258577e-14,1.90807469786e-14,1.33307663072e-14,1.9088187316e-14,1.559236037e-14,1.67199407938e-14,4.27834774647e-15,1.36364477924e-14,2.06110221121e-14,5.43226665975e-15,3.97705685658e-15,2.96333587212e-15,3.27900832266e-15,5.18102948781e-15,7.11636594108e-15,1.75815854829e-15,2.26762853727e-15,4.30409204235e-15,4.31104702988e-15,2.48094404416e-15,2.65822952232e-15,3.64063358114e-15,2.53489178433e-15,2.79095217362e-15,2.93339601029e-15,1.22936286734e-15,2.41278436168e-15,1.98125220352e-15],"var":[1.18820956629e-7,3.45058879248e-7,2.55899095691e-7,2.10776576637e-7,2.00357121116e-7,2.44295907947e-8,2.35560762007e-7,5.83622181693e-7,6.3021218466e-7,4.01233421599e-7,6.13419672391e-7,1.74500243588e-7,1.8843820726e-8,6.75092337588e-8,3.69230797048e-8,2.39593418883e-7,4.07491640431e-8,5.44076286246e-8,1.0230865044e-8,5.49158007956e-9,1.12139471042e-8,3.20500936901e-9,2.7242825773e-9,1.53381063406e-9,2.77610517907e-10,1.65422842091e-10,6.4092890717e-11,1.03306963678e-11,1.28159700734e-12,1.29603706239e-12,1.49864495813e-12,1.78811956561e-12,5.25514224151e-12,9.04878602603e-12,4.1254165882e-12,4.46081192818e-12,2.28728581214e-12,1.41855028158e-12,8.85737013248e-13,2.81396650773e-13]},"melbands_crest":{"dmean":2.94147205353,"dmean2":4.7796754837,"dvar":7.2532954216,"dvar2":18.7587337494,"max":39.9114532471,"mean":13.0767993927,"median":12.2202186584,"min":3.5193734169,"var":26.0668334961},"melbands_flatness_db":{"dmean":0.0245445314795,"dmean2":0.0355284176767,"dvar":0.000575819984078,"dvar2":0.00118339527398,"max":0.705898582935,"mean":0.23631362617,"median":0.231016680598,"min":0.0576493367553,"var":0.00389896403067},"melbands_kurtosis":{"dmean":17.2123851776,"dmean2":29.3242874146,"dvar":98512.625,"dvar2":262220.1875,"max":16816.8339844,"mean":24.2714385986,"median":3.19375801086,"min":-1.82101082802,"var":143470.25},"melbands_skewness":{"dmean":0.571837842464,"dmean2":0.884036898613,"dvar":2.69458413124,"dvar2":6.51352500916,"max":88.3216018677,"mean":1.99918997288,"median":1.69116640091,"min":-1.97667467594,"var":10.8779983521},"melbands_spread":{"dmean":5.99829387665,"dmean2":9.07728481293,"dvar":45.6018218994,"dvar2":93.127571106,"max":160.67640686,"mean":23.651391983,"median":20.9546737671,"min":0.0227525271475,"var":202.014602661},"mfcc":{"cov":[[6596.18310547,-696.527709961,-430.152740479,-253.652297974,-456.570404053,-196.358261108,-380.8331604,275.088623047,-481.52645874,197.379165649,-103.082138062,-24.0596427917,-269.948547363],[-696.527709961,1206.17626953,-353.899597168,152.650756836,39.0243988037,-48.3620452881,157.458755493,-110.28729248,45.5399360657,-13.8810958862,-19.2373371124,-14.3593635559,23.4902458191],[-430.152740479,-353.899597168,568.902587891,-85.2211990356,24.4346122742,124.254646301,-20.5813598633,50.4698448181,-7.20628833771,-27.0637149811,43.5387001038,45.6771850586,47.4341125488],[-253.652297974,152.650756836,-85.2211990356,383.288909912,98.8923797607,9.53071784973,-58.0833244324,-70.8745422363,75.537612915,-51.8864593506,-58.7180786133,10.8790903091,58.4415969849],[-456.570404053,39.0243988037,24.4346122742,98.8923797607,279.567474365,-54.9210624695,-36.7362060547,-23.3622360229,71.6177520752,-0.126363992691,-12.7038660049,2.36774253845,38.2918510437],[-196.358261108,-48.3620452881,124.254646301,9.53071784973,-54.9210624695,237.260437012,58.2601890564,-12.4423866272,35.5148239136,-31.9706192017,7.02287960052,-1.64094614983,9.46717453003],[-380.8331604,157.458755493,-20.5813598633,-58.0833244324,-36.7362060547,58.2601890564,234.900054932,-27.3023777008,41.420425415,-7.85038518906,28.3373451233,-10.6309261322,-7.13747358322],[275.088623047,-110.28729248,50.4698448181,-70.8745422363,-23.3622360229,-12.4423866272,-27.3023777008,184.949523926,-64.3220825195,50.7638816833,23.4337329865,20.698923111,-2.52419996262],[-481.52645874,45.5399360657,-7.20628833771,75.537612915,71.6177520752,35.5148239136,41.420425415,-64.3220825195,209.76789856,-29.1534614563,-16.0893230438,-17.8551006317,10.8368453979],[197.379165649,-13.8810958862,-27.0637149811,-51.8864593506,-0.126363992691,-31.9706192017,-7.85038518906,50.7638816833,-29.1534614563,162.241729736,34.4277267456,-16.5323085785,-23.9570713043],[-103.082138062,-19.2373371124,43.5387001038,-58.7180786133,-12.7038660049,7.02287960052,28.3373451233,23.4337329865,-16.0893230438,34.4277267456,109.057098389,18.7269630432,-4.35163402557],[-24.0596427917,-14.3593635559,45.6771850586,10.8790903091,2.36774253845,-1.64094614983,-10.6309261322,20.698923111,-17.8551006317,-16.5323085785,18.7269630432,109.298545837,25.6211643219],[-269.948547363,23.4902458191,47.4341125488,58.4415969849,38.2918510437,9.46717453003,-7.13747358322,-2.52419996262,10.8368453979,-23.9570713043,-4.35163402557,25.6211643219,98.9764480591]],"icov":[[0.000290443276754,0.000158703958732,0.000271970726317,0.0000100557099358,0.000303549109958,0.00000435781385022,0.000312921154546,-0.000166411395185,0.000390069821151,-0.000164041470271,0.000335348275257,-0.000105083177914,0.000478211470181],[0.000158703958732,0.00132169527933,0.000834508682601,-0.00035582712735,-0.0000140429237945,0.0000883608008735,-0.000743966898881,0.000275813828921,0.000438655784819,-0.000145065307152,0.000117106581456,-0.00016138079809,-0.000156515656272],[0.000271970726317,0.000834508682601,0.00320293055847,0.000784348929301,-0.00051679223543,-0.00157150637824,0.000536410138011,-0.000369530374883,0.0004912338336,0.000328693946358,-0.000411899702158,-0.000730997126084,-0.000877999817021],[0.0000100557099358,-0.00035582712735,0.000784348929301,0.00422926712781,-0.000926108739804,-0.000981215503998,0.00149006384891,0.00073733140016,-0.00080418161815,0.000377468590159,0.00111907953396,-0.000628731912002,-0.00179145962466],[0.000303549109958,-0.0000140429237945,-0.00051679223543,-0.000926108739804,0.00530202360824,0.00170010828879,0.000781026552431,-0.0000914657648536,-0.00129856355488,-0.000717653892934,0.000303991546389,0.000142421195051,-0.000589162111282],[0.00000435781385022,0.0000883608008735,-0.00157150637824,-0.000981215503998,0.00170010828879,0.00605509104207,-0.00145189592149,0.00000120542460991,-0.000919701822568,0.000469505175715,-0.0000826627219794,0.0006062015309,0.0000356264681614],[0.000312921154546,-0.000743966898881,0.000536410138011,0.00149006384891,0.000781026552431,-0.00145189592149,0.00649120472372,0.000217772147153,-0.000928311492316,0.000181741765118,-0.00100294395816,0.000134397108923,0.000270243530395],[-0.000166411395185,0.000275813828921,-0.000369530374883,0.00073733140016,-0.0000914657648536,0.00000120542460991,0.000217772147153,0.00728398002684,0.00117283163127,-0.00183397182263,-0.000286326830974,-0.00111619697418,-0.000836830353364],[0.000390069821151,0.000438655784819,0.0004912338336,-0.00080418161815,-0.00129856355488,-0.000919701822568,-0.000928311492316,0.00117283163127,0.00708574429154,0.000116184703074,0.000659431156237,0.000574829115067,0.000885010987986],[-0.000164041470271,-0.000145065307152,0.000328693946358,0.000377468590159,-0.000717653892934,0.000469505175715,0.000181741765118,-0.00183397182263,0.000116184703074,0.00807442795485,-0.00266174832359,0.00166656565852,0.000798929773737],[0.000335348275257,0.000117106581456,-0.000411899702158,0.00111907953396,0.000303991546389,-0.0000826627219794,-0.00100294395816,-0.000286326830974,0.000659431156237,-0.00266174832359,0.0120154516771,-0.00241191149689,0.00067029229831],[-0.000105083177914,-0.00016138079809,-0.000730997126084,-0.000628731912002,0.000142421195051,0.0006062015309,0.000134397108923,-0.00111619697418,0.000574829115067,0.00166656565852,-0.00241191149689,0.0109949037433,-0.00227033812553],[0.000478211470181,-0.000156515656272,-0.000877999817021,-0.00179145962466,-0.000589162111282,0.0000356264681614,0.000270243530395,-0.000836830353364,0.000885010987986,0.000798929773737,0.00067029229831,-0.00227033812553,0.0138597236946]],"mean":[-701.285827637,167.099349976,-36.1925582886,24.396188736,7.08226633072,1.58500885963,-4.72405052185,7.27071809769,-13.4585180283,11.7788314819,-1.16170537472,-4.29838466644,-7.02794361115]},"pitch_salience":{"dmean":0.0650537237525,"dmean2":0.106730952859,"dvar":0.00321292853914,"dvar2":0.00854306202382,"max":0.88906365633,"mean":0.571636676788,"median":0.58494156599,"min":0.00955283548683,"var":0.0112367672846},"silence_rate_20dB":{"dmean":0,"dmean2":0,"dvar":0,"dvar2":0,"max":1,"mean":1,"median":1,"min":1,"var":0},"silence_rate_30dB":{"dmean":0.000277277140412,"dmean2":0.000554631173145,"dvar":0.000277214508969,"dvar2":0.000831696088426,"max":1,"mean":0.999861359596,"median":1,"min":0,"var":0.000138593648444},"silence_rate_60dB":{"dmean":0.0191321223974,"dmean2":0.0382695496082,"dvar":0.0187662690878,"dvar2":0.0448474548757,"max":1,"mean":0.0860826149583,"median":0,"min":0,"var":0.078675352037},"spectral_centroid":{"dmean":199.326187134,"dmean2":296.878082275,"dvar":43635.703125,"dvar2":89899.0859375,"max":3698.96264648,"mean":1193.63024902,"median":1132.03808594,"min":225.479980469,"var":212225.21875},"spectral_complexity":{"dmean":2.5576043129,"dmean2":3.9345536232,"dvar":6.64404344559,"dvar2":14.3149518967,"max":38,"mean":15.3453006744,"median":15,"min":0,"var":48.0715179443},"spectral_contrast_coeffs":{"dmean":[0.0448212772608,0.0454053021967,0.038608904928,0.032470356673,0.0273898988962,0.0314109474421],"dmean2":[0.0739623904228,0.071320950985,0.0612961947918,0.0516663715243,0.0417248569429,0.0486600063741],"dvar":[0.00136903836392,0.00143773260061,0.001003830228,0.000677446485497,0.00052611756837,0.000816286890768],"dvar2":[0.0037216048222,0.00347885279916,0.00244142115116,0.00171631330159,0.00115078792442,0.00183594960254],"max":[-0.334544867277,-0.418170064688,-0.439902842045,-0.503575742245,-0.506193757057,-0.478845536709],"mean":[-0.611189365387,-0.706827640533,-0.740872919559,-0.739376783371,-0.742290914059,-0.728236973286],"median":[-0.609690070152,-0.716561079025,-0.753358840942,-0.745520114899,-0.745729148388,-0.730000376701],"min":[-0.954108059406,-0.936748504639,-0.961999952793,-0.957664489746,-0.950914382935,-0.951622724533],"var":[0.00613261200488,0.00669019762427,0.00597403431311,0.0034493827261,0.00323740392923,0.00359259895049]},"spectral_contrast_valleys":{"dmean":[0.378630906343,0.321157932281,0.307773530483,0.278822749853,0.305397927761,0.456139177084],"dmean2":[0.634464979172,0.524730503559,0.487332910299,0.427319228649,0.427817046642,0.660570383072],"dvar":[0.101063810289,0.0720484554768,0.0685382634401,0.0628130063415,0.0920379385352,0.191386163235],"dvar2":[0.26565527916,0.184449613094,0.156999871135,0.133367940784,0.171199098229,0.408536016941],"max":[-6.065782547,-5.27879476547,-5.64374685287,-6.00392818451,-6.40490722656,-7.88228750229],"mean":[-7.81660318375,-7.16757059097,-7.74555921555,-7.90888500214,-8.32804298401,-12.278014183],"median":[-7.7024269104,-7.05026435852,-7.63544464111,-7.77589035034,-8.1684217453,-12.2435064316],"min":[-16.5273094177,-17.0758914948,-18.0825195313,-18.1914920807,-18.1630878448,-19.2997779846],"var":[0.630973041058,0.786509871483,0.807729423046,0.783122718334,0.994244515896,1.94127643108]},"spectral_decrease":{"dmean":9.9074637383e-10,"dmean2":1.43559875099e-9,"dvar":1.88313394673e-18,"dvar2":4.04103578626e-18,"max":-5.73804073621e-17,"mean":-4.17777457073e-9,"median":-2.8608866387e-9,"min":-2.86443171404e-8,"var":1.38052763281e-17},"spectral_energy":{"dmean":0.00402623042464,"dmean2":0.00581963732839,"dvar":0.000031574825698,"dvar2":0.0000679090517224,"max":0.117248423398,"mean":0.0170997455716,"median":0.011523950845,"min":2.20349474778e-10,"var":0.000237503758399},"spectral_energyband_high":{"dmean":0.0000705576458131,"dmean2":0.000100315613963,"dvar":5.00948935667e-8,"dvar2":7.31763094564e-8,"max":0.0097928205505,"mean":0.000125242149807,"median":0.0000397946605517,"min":1.76751040019e-12,"var":1.58966798836e-7},"spectral_energyband_low":{"dmean":0.000888245529495,"dmean2":0.00143400323577,"dvar":0.00000116397279726,"dvar2":0.00000298299391943,"max":0.0178430229425,"mean":0.00250011798926,"median":0.00192480464466,"min":3.62097873387e-12,"var":0.00000518718070452},"spectral_energyband_middle_high":{"dmean":0.00212982995436,"dmean2":0.00314587540925,"dvar":0.0000185815169971,"dvar2":0.0000441872834926,"max":0.109123274684,"mean":0.00634995894507,"median":0.00248800474219,"min":1.79643572153e-12,"var":0.000100922472484},"spectral_energyband_middle_low":{"dmean":0.00301280245185,"dmean2":0.00438073882833,"dvar":0.0000214920855797,"dvar2":0.0000463303840661,"max":0.0990915670991,"mean":0.00868461374193,"median":0.00564410118386,"min":2.10438593634e-11,"var":0.0000822813235573},"spectral_entropy":{"dmean":0.166461914778,"dmean2":0.235288754106,"dvar":0.026893178001,"dvar2":0.0521873682737,"max":8.83452796936,"mean":7.1553196907,"median":7.12040805817,"min":5.99452638626,"var":0.113476216793},"spectral_flux":{"dmean":0.0145135261118,"dmean2":0.0233161635697,"dvar":0.00023536986555,"dvar2":0.00060472858604,"max":0.242144495249,"mean":0.0577396303415,"median":0.0525605119765,"min":0.0000291604228551,"var":0.00109694502316},"spectral_kurtosis":{"dmean":4.01604223251,"dmean2":6.93668556213,"dvar":13.6069231033,"dvar2":39.3103179932,"max":38.1163978577,"mean":7.35476016998,"median":6.42111682892,"min":-0.969029009342,"var":24.6820354462},"spectral_rms":{"dmean":0.000453822256532,"dmean2":0.000651975686196,"dvar":2.26203042075e-7,"dvar2":4.47985144092e-7,"max":0.010695265606,"mean":0.00369945983402,"median":0.00335304019973,"min":4.63654060923e-7,"var":0.00000299666203318},"spectral_rolloff":{"dmean":318.871490479,"dmean2":524.366943359,"dvar":258654.34375,"dvar2":515706.53125,"max":9151.61132813,"mean":1373.57958984,"median":1356.59179688,"min":21.533203125,"var":829673.375},"spectral_skewness":{"dmean":0.383338928223,"dmean2":0.641525030136,"dvar":0.109885826707,"dvar2":0.305350154638,"max":4.29706192017,"mean":1.62321698666,"median":1.57533431053,"min":0.151079639792,"var":0.287845045328},"spectral_spread":{"dmean":363807.84375,"dmean2":541598.375,"dvar":288677199872,"dvar2":470032777216,"max":23459094,"mean":2678266.25,"median":2412939,"min":1235613.625,"var":1247734661120},"spectral_strongpeak":{"dmean":0.635608673096,"dmean2":1.0560233593,"dvar":1.23129141331,"dvar2":3.08891892433,"max":15.0583715439,"mean":1.24617576599,"median":0.404543966055,"min":0,"var":3.10841560364},"zerocrossingrate":{"dmean":0.00644310563803,"dmean2":0.00736111728474,"dvar":0.0000570396077819,"dvar2":0.0000559670515941,"max":0.29248046875,"mean":0.0472225621343,"median":0.044921875,"min":0,"var":0.0005248489324}},"metadata":{"audio_properties":{"analysis_sample_rate":44100,"bit_rate":128000,"codec":"mp3","downmix":"mix","equal_loudness":0,"length":167.47102356,"lossless":false,"md5_encoded":"71c909b400be90dec5506177324c333f","replay_gain":-5.58466148376,"sample_rate":44100},"tags":{"acoustid_fingerprint":["AQADtJGS2NKRPXCc45KMnonB4z2qH0kmhXsQ12gY48Ezo2i6I38ELTX64NvRJOOOSdpx3ZC-HNGZ49JxoVqE7US_GDdxKch56DzCPDx6sA9xJceVFsek3Ej5B-jxC4c-5DmOR0d_NPzxC18e7MMPKJyE_sF7oX7Qo_mCBDlKOZjyUegfeO9g8viRcEb4EsyPZl2mgD-OZo0C7WEW3ASayUaZNzjwH8dv5D70NUHtI6fA8QcM_haeK8YuFDhwBaoyPDtcH-9x7eh1PEbI3IJO5sitGymdNNCZGbkOPzi-PMaPfIeiGH1xEaqTC1m5o2HUoR-iy4I23QgTJlLwo0fzsPgToqaPZkqIPDmS_gqqHA_hig565cCTK8GVB8-OJg_CI0meCFMiJ7lQLcd_nDmaH_UuXMeu4wPl9LiCHc-U5MKlDM_x4n4S5EclSUfDhIe-BL-RP7iNJ2FwGM_C4uSPkSeYiEcoZfSQqKWD3-iP5gpu5cWf4ZGL_oKj8nh-nMceJHuQDz-ap8ezH84T9C9-PKiNZsqBB7l0xdh7VB-RqR_xCa8d5Hmh58iPwxfMp7gJhj8eXDjy50h45fjywD2eXLh-43lAPTjTY08yJ-gVNA96NMvTICeN5KiP5riYCuPnCPmRoHm4o-Zx5niGHl6VHD0xtDeJMPJCBT-0nkf6LMYPH32c4LuEHs0lHEd1VDl-fNGJqQpzuPrQR8clZEcy3WiSMseDCxMPL9Hx3Pgw4p02fJeQrFKQcT4q8_CP8wdVPbCNHw6HrkV0CifkJqioB3pulMdP6DuaNjmqeMd_5MH14DnyQXyRC9fx5kGe6Eha1D62HDw3Y_sN36iP48eNiiKaxJHRJzSaB3-QpyGS5Ucp4kqc4sFTo4mboziOKzzyhNCS74ikVMoDNses58gPXXogkkou5NRTHGV-XMrhJjT-YPse9Ac_JNeGaFGkBXgenD-264PwHT4ePcIvolO0gEoV5ciFhJN48GGOMrxwHT2tYEodHI-OckSYJVRw3DhjND9qHfpyxMt248VVVJ6KR3BFGcmVI9cI33gZ-IZ_CRdzPC-SxWEQ4R-uY2eOWolc9Meb4FmiCz0fzCw-uDeuH8WP_EEyVTua4-j1wE4Uawi5KUcyZjyaPDPwDH8qNIu0I9mR70LzRqiuJ8cziUTzopSCHyV6g--G5zh3NJmSoCsREuIZRgifHUf3w9vQ5_gFOkeutNB_5KiPZiwjnHrRxEc_XAjjJYFGZkc-eBLTFHdm4YHHLMeP01lmNAmP__CL8EHyLMmH5p2CUg92VsKP5slRG8iTuFB_HL8wHWJzxJmS48cn3LKCf_DkoE5otMvhPUayD9lxHa2S6HgPH72DUIf4Fbm244uOfAf1HVqnB7mCxrWG-pjKw8LDZCXyBAlDRWLQS9xwzMzyoFmS8MiPhE-D52AS5ziZBftxZYKTH8ePZ3kwpUayUGGO7HhyEtV3-CmKJ8dJ5HygC-ETg4ed4Ed_PMdb4zdy8vjx5BmaLxV6PdjxB5rSI0yYDc