{"lowlevel":{"average_loudness":0.179760575294,"barkbands":{"dmean":[0.0000261233180936,0.00106600800063,0.00053108058637,0.00046298262896,0.000456631212728,0.000482784904307,0.000437898066593,0.000304617395159,0.000408708234318,0.000628449139185,0.000417714240029,0.000211200356716,0.000215633117477,0.000191085331608,0.00014288884995,0.0000700792516,0.0000863235618453,0.000136338538141,0.000104537357402,0.0000640509533696,0.0000195804877876,0.0000241819016082,0.0000296214511764,0.0000140017027661,0.00000623439837,0.00000129542490868,2.5231824452e-7],"dmean2":[0.0000388169210055,0.00178969698027,0.000932504364755,0.000784659641795,0.000729283783585,0.000717221933883,0.000651470269077,0.000454408698715,0.000594198296312,0.000976795330644,0.000675207993481,0.000330761977239,0.000339098362019,0.000308134243824,0.000227432974498,0.000110539091111,0.000142237287946,0.00021625199588,0.000167416379554,0.000102606558357,0.0000313596319756,0.0000376494717784,0.0000447499005531,0.0000201147740881,0.00000902453575691,0.00000190308196579,3.80442742198e-7],"dvar":[9.89428183829e-9,0.000026310364774,0.00000707450726622,0.00000315949318974,9.37776633236e-7,0.00000121550363019,0.00000159891180829,7.6923981851e-7,0.00000161698073953,0.00000364490779248,0.0000027866851724,9.4358097158e-7,5.32671720066e-7,5.95774565681e-7,2.62589679778e-7,6.91864698865e-8,6.64721468979e-8,2.09966714237e-7,1.05122637706e-7,4.6969564238e-8,5.31131671977e-9,9.68939328772e-9,4.4636312424e-8,1.39190845516e-8,1.11897313637e-9,4.25224681855e-11,3.24495096592e-12],"dvar2":[1.90971611858e-8,0.0000689539883751,0.0000203610325116,0.00000861656462803,0.00000257212036558,0.00000294667643175,0.00000391055209548,0.00000176619107606,0.00000390150444218,0.00000922437629924,0.00000765193362895,0.00000256746056948,0.00000138692394103,0.00000155018324222,6.64838978537e-7,1.56990978439e-7,1.78312404842e-7,5.33773061306e-7,2.58627437688e-7,1.12830250032e-7,1.27078934042e-8,2.17890896437e-8,8.79128023712e-8,2.42011584106e-8,2.22273977002e-9,8.81696174404e-11,8.16758639888e-12],"max":[0.0028128803242,0.12058570981,0.0618085041642,0.0428464822471,0.0223263800144,0.0509480051696,0.0451945401728,0.0405612327158,0.0398174449801,0.0453396290541,0.0404116995633,0.0285577960312,0.0183325596154,0.0397659726441,0.0195288006216,0.0121425185353,0.00770805776119,0.018388774246,0.0134281562641,0.0104883052409,0.00338365929201,0.00380283896811,0.0211266633123,0.00876781716943,0.00127058534417,0.000207375531318,0.000105028513644],"mean":[0.0000500861387991,0.0018965175841,0.000676043506246,0.000660121790133,0.000991770648398,0.00118418282364,0.00103978975676,0.000699822907336,0.000952930189669,0.0012225805549,0.000820665154606,0.000396663643187,0.000404872494983,0.000341402977938,0.000277334329439,0.000141033015097,0.000178588947165,0.000342402490787,0.000277796498267,0.000160346011398,0.0000511272846779,0.0000641422811896,0.00007400065806,0.0000299598414131,0.00001419457476,0.00000288966998596,5.50156642021e-7],"median":[0.00000628178622719,0.000446821795776,0.000158818816999,0.000179613183718,0.000455699191662,0.000483033742057,0.000273186771665,0.000166103534866,0.00024461193243,0.000152103035362,0.0000833513768157,0.00003717061918,0.0000625944594503,0.0000389067208744,0.0000252965619438,0.0000135641848829,0.0000180220449693,0.0000106862389657,0.0000114944250527,0.00000775178068579,0.00000175030652372,0.0000017729234969,0.00000168094459241,5.85392513131e-7,3.35967399678e-7,7.61007612482e-8,2.25455103475e-8],"min":[1.5160961543e-23,3.03007058831e-23,1.62179846689e-23,2.05114268043e-24,2.98826821785e-23,5.23432276907e-23,9.90665787382e-23,5.89788700345e-23,6.23447249469e-23,1.01278102954e-22,1.73990063161e-22,1.54683910507e-22,1.1484762124e-22,1.54900853567e-22,8.67888864488e-23,1.59953842142e-22,1.06034833239e-22,3.30286165545e-22,2.80656111342e-22,3.84164406117e-22,4.85690829862e-22,4.78123823624e-22,7.24009773541e-22,5.88331554346e-22,1.06621410013e-21,1.49550347048e-21,2.68511429836e-21],"var":[2.39669724067e-8,0.0000273351797659,0.00000516582804266,0.00000333867433255,0.00000229144939112,0.00000417266119257,0.00000496574375575,0.00000316350542562,0.00000521523998032,0.00000931102294999,0.00000818889293441,0.00000240969689003,0.00000145795195294,0.0000012551168993,7.52316964281e-7,2.0522739419e-7,1.99795692879e-7,0.00000103845854937,5.07469678723e-7,1.72991448721e-7,1.94448102064e-8,3.37498349268e-8,1.14870722712e-7,3.32731282526e-8,2.93127055961e-9,1.23738810864e-10,9.18814156703e-12]},"barkbands_crest":{"dmean":2.04922270775,"dmean2":3.27496361732,"dvar":4.08668851852,"dvar2":11.0125541687,"max":25.3099994659,"mean":9.88495731354,"median":8.97278785706,"min":2.51694560051,"var":15.8673830032},"barkbands_flatness_db":{"dmean":0.0143330777064,"dmean2":0.0221032593399,"dvar":0.000216483575059,"dvar2":0.000509604637045,"max":0.475335180759,"mean":0.190528199077,"median":0.17961832881,"min":0.0396395847201,"var":0.00580804422498},"barkbands_kurtosis":{"dmean":1.93158698082,"dmean2":3.04759216309,"dvar":21.6406040192,"dvar2":55.2139472961,"max":156.015365601,"mean":4.40210533142,"median":1.6639983654,"min":-1.97156882286,"var":134.319274902},"barkbands_skewness":{"dmean":0.351371020079,"dmean2":0.539968490601,"dvar":0.180074885488,"dvar2":0.427532732487,"max":10.1546955109,"mean":1.16837120056,"median":1.02174687386,"min":-9.55370044708,"var":1.50513529778},"barkbands_spread":{"dmean":2.55750107765,"dmean2":3.9534060955,"dvar":15.0594654083,"dvar2":31.978427887,"max":145.864044189,"mean":13.6642370224,"median":10.5039215088,"min":0.486915439367,"var":111.014793396},"dissonance":{"dmean":0.0245645251125,"dmean2":0.0411726236343,"dvar":0.000553263002075,"dvar2":0.00150991266128,"max":0.499999582767,"mean":0.427630186081,"median":0.440198928118,"min":0.11064620316,"var":0.00269064004533},"dynamic_complexity":6.45782470703,"erbbands":{"dmean":[0.0256744828075,0.268250465393,0.632805764675,1.06843495369,1.45961344242,1.78888142109,2.18678689003,4.26110601425,6.48946332932,6.72635746002,6.68094205856,9.81295776367,14.9550952911,18.5521697998,14.2210292816,10.3330974579,10.6286239624,10.179309845,5.85038709641,6.41246557236,3.12871551514,3.84820318222,6.28758001328,5.14522314072,5.42884969711,3.08369016647,1.06535935402,0.706862807274,0.775549888611,0.949244439602,0.813967168331,0.421740114689,0.209891498089,0.0936162695289,0.034055929631,0.00905934721231,0.00186843064148,0.000348379340721,0.0000415292670368,0.00000479280652144],"dmean2":[0.0422979854047,0.451236367226,1.11218369007,1.80368590355,2.4400396347,2.88420271873,3.13488960266,6.42258739471,9.82072067261,10.1734323502,9.60457038879,14.065071106,23.1265525818,28.9178218842,22.7415676117,16.1880970001,16.9004745483,16.4411582947,9.45874023438,10.2390375137,4.88933801651,6.31637716293,10.0240259171,7.99590110779,8.90827941895,4.99568414688,1.73632180691,1.13693904877,1.20094335079,1.44233882427,1.21853625774,0.62216937542,0.310601115227,0.134661763906,0.0496346950531,0.0134645625949,0.0027330359444,0.000513961655088,0.0000607228794252,0.00000748204638512],"dvar":[0.0150663033128,1.70365703106,10.014043808,16.0278911591,18.3390197754,17.0996303558,18.7923717499,112.480438232,351.739074707,319.941497803,466.29385376,989.056335449,2359.78369141,4354.71484375,3200.38427734,2296.77319336,1354.90344238,1732.09411621,424.253234863,647.846313477,89.039100647,142.156234741,393.958709717,256.397186279,361.111999512,127.208213806,15.9049625397,8.11210250854,10.3617200851,25.8430843353,34.0306282043,11.930355072,6.15903711319,0.2593075037,0.0325624085963,0.00211762753315,0.0000970898909145,0.00000491448008688,7.09520691089e-8,2.0621962471e-10],"dvar2":[0.039479508996,4.55437660217,28.4600582123,44.1569366455,50.6521224976,47.7668876648,39.8008270264,273.585510254,855.247497559,820.570373535,1002.69061279,2267.15429688,6281.73681641,10812.9736328,8607.58398438,6324.67333984,3652.03686523,4607.375,1101.66833496,1559.1875,189.673171997,382.148468018,998.27532959,599.063171387,965.991027832,310.909210205,38.0246658325,20.3248901367,23.7889919281,55.7534942627,62.3991394043,24.8777561188,12.3757343292,0.47428548336,0.0680498480797,0.00435253139585,0.000209137258935,0.0000109385155156,1.58674779982e-7,4.99875252302e-10],"max":[2.92749428749,31.8842735291,71.7531738281,90.1909866333,144.048660278,110.393341064,133.787826538,452.689544678,712.26751709,522.445922852,1113.98632812,1249.2376709,1544.19140625,2064.45019531,1464.40979004,1431.01635742,1018.11730957,2258.30322266,891.8046875,1516.53369141,527.496154785,477.034759521,628.354614258,546.215881348,930.538452148,728.658813477,177.686660767,81.9164886475,97.744644165,439.638671875,534.782836914,316.843811035,206.837356567,21.010383606,5.70812654495,1.49925756454,0.376033246517,0.133743390441,0.012456940487,0.000418126292061],"mean":[0.0446908548474,0.453412443399,0.889422953129,1.56807303429,2.57681512833,3.55871248245,5.57554388046,10.0746250153,14.5105743408,15.6973981857,17.1449546814,24.2093524933,31.8593788147,37.4519577026,29.5169830322,20.5203590393,21.2391757965,19.7926521301,13.1993255615,13.2570037842,7.65784406662,9.26379489899,16.1059036255,15.245631218,14.685344696,8.34242916107,2.92369246483,1.85338330269,2.05944728851,2.56324100494,1.99417817593,0.908309996128,0.411334961653,0.214221701026,0.0716767087579,0.0194418150932,0.00415584119037,0.00084144982975,0.0000960399629548,0.0000195858574443],"median":[0.00971749145538,0.104189328849,0.223695993423,0.491889119148,0.822715640068,1.62918078899,2.64036607742,3.81563210487,3.94547700882,4.46620130539,4.47770500183,6.91774177551,6.46527242661,4.13411617279,4.34054756165,2.75848007202,3.69885444641,2.58617830276,1.51369714737,1.52556061745,0.920176744461,0.925609588623,0.787110805511,0.620827436447,0.543363451958,0.453603059053,0.120203569531,0.0617434978485,0.0584828183055,0.0570719465613,0.0418396219611,0.0177589487284,0.00689440732822,0.00370386103168,0.00219580158591,0.00055878655985,0.000114533613669,0.0000267965515377,0.00000718925912224,0.0000075716043284],"min":[8.30983401744e-22,7.47441290076e-21,1.76433262572e-20,1.08189424164e-20,2.21983336252e-20,1.16213421842e-19,4.31208736336e-19,3.51166190772e-19,1.03367177682e-18,1.26808214791e-18,1.61368596265e-18,1.32707977112e-18,2.27082708919e-18,4.38296702248e-18,8.91096527613e-18,5.51298093883e-18,6.34410306701e-18,6.43735072387e-18,6.53377723583e-18,4.41195887577e-18,9.34205872417e-18,7.89004407486e-18,2.0606907054e-17,1.26845003649e-17,1.36017824528e-17,1.67285152421e-17,2.1307062503e-17,1.87951647912e-17,1.87541664113e-17,1.84072700235e-17,1.90017035184e-17,1.33127332868e-17,1.11947447729e-17,1.12990712733e-17,8.02303072912e-18,5.15753522577e-18,3.26284122318e-18,1.31542645065e-18,3.56931303599e-19,3.93204569327e-20],"var":[0.0163597762585,1.64873528481,7.80790758133,15.9764690399,31.0568981171,33.1328697205,75.2868423462,362.004547119,1039.27600098,1108.4786377,2126.60913086,3333.97802734,6069.51025391,11491.4003906,9319.33886719,5572.99023438,3771.78344727,4015.01123047,1613.390625,1969.28588867,395.046539307,505.223693848,1807.16662598,1556.08740234,1648.70141602,445.43737793,64.3915939331,26.2123813629,35.5387268066,78.1092300415,91.8954086304,26.1748371124,9.03919696808,0.750914216042,0.0705847814679,0.00529699958861,0.000281678279862,0.0000191924864339,2.35464597154e-7,9.55697854188e-10]},"erbbands_crest":{"dmean":2.42898058891,"dmean2":3.74421572685,"dvar":5.1319642067,"dvar2":12.7627429962,"max":31.5673847198,"mean":11.0405302048,"median":10.1288719177,"min":1.95778083801,"var":20.8192710876},"erbbands_flatness_db":{"dmean":0.0124093964696,"dmean2":0.0180318001658,"dvar":0.000152311404236,"dvar2":0.000298630620819,"max":0.402338683605,"mean":0.218249410391,"median":0.215060815215,"min":0.015456404537,"var":0.00304224784486},"erbbands_kurtosis":{"dmean":0.926881194115,"dmean2":1.43091189861,"dvar":2.02890110016,"dvar2":5.11568832397,"max":74.0709457397,"mean":1.33136630058,"median":0.481409668922,"min":-1.84218215942,"var":8.33642959595},"erbbands_skewness":{"dmean":0.29160413146,"dmean2":0.438802093267,"dvar":0.0786652043462,"dvar2":0.17881038785,"max":6.57011938095,"mean":0.614961326122,"median":0.605292141438,"min":-4.56019258499,"var":0.571069538593},"erbbands_spread":{"dmean":4.08849334717,"dmean2":6.19717407227,"dvar":30.393163681,"dvar2":63.5007553101,"max":140.095733643,"mean":23.808599472,"median":20.8719005585,"min":1.33021533489,"var":204.556777954},"gfcc":{"cov":[[22234.8007812,-3035.48364258,-3733.71850586,1625.67687988,-1646.65795898,975.544067383,-276.402496338,764.699645996,-341.482147217,-39.2816085815,300.870330811,285.989044189,-318.3565979],[-3035.48364258,2611.60546875,457.094543457,-597.258361816,600.752990723,-558.649597168,255.204559326,-351.860687256,150.273864746,-8.45506477356,-53.8851051331,-190.470062256,161.43397522],[-3733.71850586,457.094543457,1390.11376953,-130.372573853,244.826400757,3.32353568077,7.00461196899,-24.5480175018,92.3343276978,56.1994743347,-59.4438819885,-7.5586681366,52.7601165771],[1625.67687988,-597.258361816,-130.372573853,600.889953613,-25.6342811584,130.355911255,7.65809679031,120.948860168,23.3779296875,38.4606056213,12.1169395447,56.0525436401,-2.46262717247],[-1646.65795898,600.752990723,244.826400757,-25.6342811584,481.304229736,-143.083480835,115.668144226,-91.4871520996,87.8197631836,46.0006752014,-37.8027267456,-38.0344161987,74.5521011353],[975.544067383,-558.649597168,3.32353568077,130.355911255,-143.083480835,313.416656494,-30.6142215729,93.8788375854,-23.4956436157,-3.0883846283,36.9840087891,59.9014129639,-52.3092765808],[-276.402496338,255.204559326,7.00461196899,7.65809679031,115.668144226,-30.6142215729,205.08581543,-9.99873638153,20.0998001099,10.2664270401,6.50608587265,3.63120269775,22.2136917114],[764.699645996,-351.860687256,-24.5480175018,120.948860168,-91.4871520996,93.8788375854,-9.99873638153,187.669082642,12.6257419586,3.06290769577,20.2877349854,29.713722229,-15.5428953171],[-341.482147217,150.273864746,92.3343276978,23.3779296875,87.8197631836,-23.4956436157,20.0998001099,12.6257419586,135.329345703,39.3490028381,-10.8053455353,-8.00135707855,21.6324062347],[-39.2816085815,-8.45506477356,56.1994743347,38.4606056213,46.0006752014,-3.0883846283,10.2664270401,3.06290769577,39.3490028381,105.196144104,16.754655838,5.36517858505,15.7679948807],[300.870330811,-53.8851051331,-59.4438819885,12.1169395447,-37.8027267456,36.9840087891,6.50608587265,20.2877349854,-10.8053455353,16.754655838,102.384208679,38.074420929,-16.3545150757],[285.989044189,-190.470062256,-7.5586681366,56.0525436401,-38.0344161987,59.9014129639,3.63120269775,29.713722229,-8.00135707855,5.36517858505,38.074420929,90.2705230713,7.50036239624],[-318.3565979,161.43397522,52.7601165771,-2.46262717247,74.5521011353,-52.3092765808,22.2136917114,-15.5428953171,21.6324062347,15.7679948807,-16.3545150757,7.50036239624,90.2349319458]],"icov":[[0.000242495851126,-0.000433936103946,0.000635323289316,-0.000583601591643,0.000504377763718,-0.000684507889673,0.000392022135202,-0.000689109030645,0.000441603682702,-0.000586899579503,0.000434410612797,-0.000527522002812,0.000335016404279],[-0.000433936103946,0.00227911164984,-0.00142228440382,0.00179039360955,-0.00139436381869,0.00242587015964,-0.00187052274123,0.00244479207322,-0.0019227033481,0.00212073931471,-0.00220846547745,0.0028133331798,-0.00183178926818],[0.000635323289316,-0.00142228440382,0.00261461408809,-0.00134336773772,0.000912085757591,-0.00239030411467,0.0014749635011,-0.00218105688691,0.00110121932812,-0.00209953798912,0.00196558749303,-0.00201888568699,0.000969509128481],[-0.000583601591643,0.00179039360955,-0.00134336773772,0.00400553783402,-0.00184361636639,0.00155545282178,-0.00150924676564,0.00111457007006,-0.0017520749243,0.00111736124381,-0.00102442584466,0.00124212028459,-0.00144302216358],[0.000504377763718,-0.00139436381869,0.000912085757591,-0.00184361636639,0.00500164506957,-0.00100493046921,-0.000429354549851,-0.000448934122687,-0.000103890641185,-0.00200344761834,0.00144700170495,-0.000856160186231,-0.000287676375592],[-0.000684507889673,0.00242587015964,-0.00239030411467,0.00155545282178,-0.00100493046921,0.00799204688519,-0.00199634511955,0.00172048562672,-0.00183047738392,0.00245366664603,-0.00251207780093,0.000623403291684,0.000439096009359],[0.000392022135202,-0.00187052274123,0.0014749635011,-0.00150924676564,-0.000429354549851,-0.00199634511955,0.00738040497527,-0.00241909967735,0.00157753983513,-0.00155331508722,0.00111891923007,-0.00281774392352,0.00112006533891],[-0.000689109030645,0.00244479207322,-0.00218105688691,0.00111457007006,-0.000448934122687,0.00172048562672,-0.00241909967735,0.0104313548654,-0.0037798366975,0.00295091280714,-0.00302848382853,0.00274335430004,-0.00212521851063],[0.000441603682702,-0.0019227033481,0.00110121932812,-0.0017520749243,-0.000103890641185,-0.00183047738392,0.00157753983513,-0.0037798366975,0.0113689089194,-0.00471926806495,0.00262270774692,-0.00182676245458,0.0010177284712],[-0.000586899579503,0.00212073931471,-0.00209953798912,0.00111736124381,-0.00200344761834,0.00245366664603,-0.00155331508722,0.00295091280714,-0.00471926806495,0.0140775730833,-0.00514337420464,0.00326111447066,-0.00317017780617],[0.000434410612797,-0.00220846547745,0.00196558749303,-0.00102442584466,0.00144700170495,-0.00251207780093,0.00111891923007,-0.00302848382853,0.00262270774692,-0.00514337420464,0.0155508136377,-0.00841379072517,0.00464543374255],[-0.000527522002812,0.0028133331798,-0.00201888568699,0.00124212028459,-0.000856160186231,0.000623403291684,-0.00281774392352,0.00274335430004,-0.00182676245458,0.00326111447066,-0.00841379072517,0.0199353992939,-0.0067589324899],[0.000335016404279,-0.00183178926818,0.000969509128481,-0.00144302216358,-0.000287676375592,0.000439096009359,0.00112006533891,-0.00212521851063,0.0010177284712,-0.00317017780617,0.00464543374255,-0.0067589324899,0.0164992120117]],"mean":[-121.335784912,144.897262573,-119.687728882,13.5411062241,-54.3399581909,-0.410226672888,-26.7711315155,3.84009218216,-17.5883350372,-3.85189270973,-6.61156129837,-4.26717662811,-8.43169593811]},"hfc":{"dmean":2.14150261879,"dmean2":3.29899764061,"dvar":23.1276035309,"dvar2":53.735408783,"max":257.036224365,"mean":11.3060159683,"median":3.31425142288,"min":1.15361996358e-16,"var":310.547393799},"melbands":{"dmean":[0.000262280547759,0.000334116717568,0.000194509455469,0.000107418440166,0.0000747924132156,0.0000983076679404,0.0000964076534729,0.0000699600495864,0.0000576614584133,0.0000606348839938,0.0000750995823182,0.000076769705629,0.0000600992352702,0.0000244241982728,0.0000244381662924,0.0000214306091948,0.0000195145803445,0.00000934486706683,0.00000947543594521,0.00000666268715577,0.00000421409094997,0.00000414852183894,0.00000632822593616,0.00000739027791496,0.00000439803534391,0.00000458320891994,0.0000030802659694,0.00000212288841794,8.53640074183e-7,4.82174925764e-7,4.37949211118e-7,4.81057952584e-7,5.4695721019e-7,5.86641419886e-7,5.08812263433e-7,4.65953377216e-7,2.06588254059e-7,1.66291201253e-7,1.12412820386e-7,7.76847315365e-8],"dmean2":[0.000436890462879,0.000574628065806,0.000330128706992,0.000175857014256,0.000109717271698,0.000148157691001,0.000145229802001,0.000105909872218,0.0000829220225569,0.0000872308955877,0.000116089191579,0.000119234566228,0.0000962843623711,0.0000381980789825,0.0000386646352126,0.0000338675708917,0.0000315563156619,0.0000149983916344,0.0000147582431964,0.0000106382603917,0.00000667838230584,0.00000679747881804,0.000010204679711,0.0000117186827993,0.00000684576798449,0.00000745570196159,0.00000499504585605,0.0000034617039546,0.00000139635903906,7.89560715475e-7,7.0157460641e-7,7.64189564961e-7,8.53022584124e-7,9.21368780382e-7,7.81705750796e-7,7.15395060524e-7,3.08387285486e-7,2.47508353368e-7,1.67332387946e-7,1.14878332624e-7],"dvar":[0.00000159646879183,0.00000267863083536,4.8750212045e-7,6.08529973078e-8,1.93955891348e-8,5.82134020988e-8,7.94796974901e-8,3.20044506452e-8,3.05951104451e-8,3.66649040018e-8,5.93185944808e-8,7.85783527135e-8,6.27406677722e-8,1.02072617025e-8,7.10984249253e-9,5.53291856775e-9,6.10066619444e-9,1.03351938119e-9,1.23193233392e-9,6.4201494121e-10,1.65247149297e-10,1.87626025827e-10,4.00582206295e-10,8.47869496834e-10,1.90581175841e-10,2.52391219036e-10,1.03951736108e-10,7.05447505966e-11,1.39773045568e-11,2.96632315065e-12,3.17188874992e-12,4.10313666724e-12,5.08079169015e-12,1.3264133715e-11,1.25722782879e-11,1.55999015788e-11,2.17350096254e-12,5.07606283395e-12,7.08644026706e-13,1.67026304896e-13],"dvar2":[0.00000416412194681,0.00000731046429792,0.00000134866991175,1.68250309684e-7,4.37423075539e-8,1.42624443811e-7,1.94801884845e-7,8.32685032037e-8,6.63316939153e-8,8.39080982473e-8,1.57244016918e-7,1.94449839341e-7,1.71718056663e-7,2.85841110781e-8,1.80812058659e-8,1.42564386962e-8,1.62815130267e-8,2.56252308262e-9,3.0350604252e-9,1.48764534025e-9,3.71282921074e-10,4.90049389956e-10,1.01882491332e-9,2.24369278712e-9,4.3250100723e-10,6.45402620236e-10,2.65532873467e-10,1.68225558483e-10,3.16103358766e-11,7.68896144671e-12,8.05818606286e-12,1.01020832324e-11,1.10452957544e-11,3.17474171951e-11,2.30685540115e-11,3.5514157587e-11,4.25787139921e-12,1.11018720259e-11,1.48728154358e-12,3.337791469e-13],"max":[0.0280567221344,0.0351553745568,0.01595290564,0.00607379758731,0.00379958609119,0.011660547927,0.0100135141984,0.0054040402174,0.00844335462898,0.00735475122929,0.00771523313597,0.00863994564861,0.00638268701732,0.0032915067859,0.00271011446603,0.00201801769435,0.0041712350212,0.00134693703149,0.00139126193244,0.00133561063558,0.000538347463589,0.000685213075485,0.000687730731443,0.00126423395704,0.000423702702392,0.000758000125643,0.000518278917298,0.000538584659807,0.000178040078026,0.0000586229762121,0.0000497621767863,0.0000571345335629,0.0000921992323129,0.000331776915118,0.000312164862407,0.000350393936969,0.000114087168186,0.000191097147763,0.0000676393465255,0.0000169927097886],"mean":[0.000473274587421,0.000532733509317,0.000306469883071,0.000214267405681,0.000191492581507,0.000234352992265,0.000222451810259,0.00016067524848,0.000146410486195,0.000143984434544,0.000155019326485,0.000148578823428,0.000118774085422,0.0000468753714813,0.0000476912246086,0.0000414242786064,0.0000356841228495,0.0000196791916096,0.0000186573870451,0.0000135163381856,0.0000087494681793,0.00000862451361172,0.0000130058988361,0.000017575765014,0.0000113920232252,0.0000111099243441,0.00000808103959571,0.00000491609398523,0.00000196161977328,0.00000114303577448,0.00000100815680071,0.00000109489519673,0.00000137029007874,0.00000143750594361,0.00000120569654882,8.84321650574e-7,4.23132831884e-7,2.87047441816e-7,2.28258102197e-7,1.64789128121e-7],"median":[0.000111432433187,0.000135975045851,0.0000952105183387,0.0000924991763895,0.0000967244995991,0.0000874266625033,0.0000601155625191,0.0000454093096778,0.0000372204231098,0.0000384303966712,0.0000261036129814,0.0000130398566398,0.0000128668780235,0.00000636095228401,0.0000076280812209,0.00000587081558479,0.00000403320154874,0.00000225999383474,0.00000183240899787,0.00000135149059588,9.18240345982e-7,8.13679150724e-7,7.89442196947e-7,5.2479401802e-7,4.25027110396e-7,4.06243373163e-7,3.29468804239e-7,2.42656028604e-7,6.47665459041e-8,3.48216246948e-8,3.22668221031e-8,3.23261772905e-8,2.41785329536e-8,3.06928953364e-8,2.53102214742e-8,1.33696058668e-8,8.3221163294e-9,4.49985737561e-9,3.18630455354e-9,2.73312394938e-9],"min":[9.20521711416e-24,9.47799180455e-24,2.12497631407e-24,4.45035445807e-24,1.26234200474e-23,8.27704416194e-24,1.77921061182e-23,1.2922366776e-23,1.29210312345e-23,8.80129903145e-24,1.15782684892e-23,1.64189138523e-23,2.7395365879e-23,2.28483495332e-23,1.20620500612e-23,9.63262984122e-24,1.31421079255e-23,1.17232627014e-23,5.65221796819e-24,7.35815452485e-24,1.1327157497e-23,7.26788122716e-24,1.36082639782e-23,1.71368419627e-23,9.44086169947e-24,1.0683216651e-23,1.04415759339e-23,1.07455437623e-23,1.70737551784e-23,6.43868546943e-24,1.24885626979e-23,1.10980557241e-23,8.36110518e-24,1.12561103173e-23,1.12326622158e-23,1.06811648238e-23,7.19973547786e-24,7.90027157183e-24,7.3055793121e-24,1.04578209466e-23],"var":[0.00000170843964042,0.0000023614084057,5.20838625562e-7,1.29522092607e-7,7.26953359731e-8,1.94185545865e-7,2.36795202113e-7,1.06467552996e-7,1.3590519643e-7,1.196678312e-7,1.5271649545e-7,2.01217119411e-7,1.81280569223e-7,2.74782827603e-8,1.82662684978e-8,1.48449785797e-8,1.3553365541e-8,3.88366672155e-9,3.41772588008e-9,2.16910622797e-9,5.67332625323e-10,5.15742837326e-10,1.16345466594e-9,3.89166698866e-9,9.22879106469e-10,9.64346935639e-10,5.17853149251e-10,1.87092244475e-10,4.00032923453e-11,9.52337774612e-12,8.56520236681e-12,1.12873928954e-11,1.76462993523e-11,3.12633599564e-11,3.42540752707e-11,2.76892606066e-11,5.4224827753e-12,6.1653980532e-12,1.3258647652e-12,4.36316700001e-13]},"melbands_crest":{"dmean":2.44313192368,"dmean2":3.93088245392,"dvar":5.86156415939,"dvar2":15.5400476456,"max":34.2851104736,"mean":12.2053489685,"median":11.2480697632,"min":2.44300484657,"var":19.9999275208},"melbands_flatness_db":{"dmean":0.0164717193693,"dmean2":0.0254065413028,"dvar":0.000310570991132,"dvar2":0.000717740505934,"max":0.6278834939,"mean":0.267089277506,"median":0.25186830759,"min":0.00616300851107,"var":0.0112147331238},"melbands_kurtosis":{"dmean":3.24139761925,"dmean2":5.14210367203,"dvar":76.8337783813,"dvar2":203.986602783,"max":297.70880127,"mean":7.43208837509,"median":3.53607463837,"min":-1.91689288616,"var":227.631484985},"melbands_skewness":{"dmean":0.418072789907,"dmean2":0.643261611462,"dvar":0.256268888712,"dvar2":0.614305853844,"max":14.0897951126,"mean":1.70249533653,"median":1.46034562588,"min":-2.39217543602,"var":1.63062894344},"melbands_spread":{"dmean":3.55160236359,"dmean2":5.47143173218,"dvar":46.0359535217,"dvar2":90.2522277832,"max":267.327880859,"mean":18.0498313904,"median":13.7309837341,"min":0.505629062653,"var":273.93661499},"mfcc":{"cov":[[16234.8867188,-2843.02685547,-2545.52319336,430.316345215,-783.195556641,52.2844696045,158.069717407,697.393798828,-427.19241333,194.171722412,186.460571289,-26.032793045,205.809295654],[-2843.02685547,2121.42382812,277.313476562,-86.6419830322,123.284584045,-25.1951179504,-4.93497180939,-231.233428955,148.22517395,-36.9254951477,-18.4453105927,41.1129798889,-51.1995582581],[-2545.52319336,277.313476562,1126.91784668,-41.6648979187,198.842193604,52.7856864929,-25.627122879,-36.199382782,96.976272583,-4.92941713333,-9.66150093079,15.846575737,-12.807926178],[430.316345215,-86.6419830322,-41.6648979187,381.656311035,89.1227493286,40.3735656738,52.5782585144,8.75899600983,92.2891769409,23.3493614197,5.88945579529,28.6035308838,53.0528945923],[-783.195556641,123.284584045,198.842193604,89.1227493286,298.814819336,48.489490509,-9.01210308075,-34.9827270508,85.4029693604,20.6616039276,-4.40204048157,13.3937282562,13.4176673889],[52.2844696045,-25.1951179504,52.7856864929,40.3735656738,48.489490509,172.307373047,41.7358322144,2.46142053604,39.9536018372,-18.304309845,21.0867004395,30.603761673,2.14132356644],[158.069717407,-4.93497180939,-25.627122879,52.5782585144,-9.01210308075,41.7358322144,149.527145386,40.1113739014,8.35069942474,-12.0088119507,12.9750528336,24.0615634918,6.26079845428],[697.393798828,-231.233428955,-36.199382782,8.75899600983,-34.9827270508,2.46142053604,40.1113739014,193.099227905,-34.0159645081,31.2713661194,27.2409896851,-14.8824129105,27.9963645935],[-427.19241333,148.22517395,96.976272583,92.2891769409,85.4029693604,39.9536018372,8.35069942474,-34.0159645081,191.79524231,14.4241399765,-9.54646682739,24.357925415,-1.57820057869],[194.171722412,-36.9254951477,-4.92941713333,23.3493614197,20.6616039276,-18.304309845,-12.0088119507,31.2713661194,14.4241399765,105.190391541,26.3602485657,-3.18824505806,14.2953147888],[186.460571289,-18.4453105927,-9.66150093079,5.88945579529,-4.40204048157,21.0867004395,12.9750528336,27.2409896851,-9.54646682739,26.3602485657,85.6784057617,30.0087490082,7.51587247849],[-26.032793045,41.1129798889,15.846575737,28.6035308838,13.3937282562,30.603761673,24.0615634918,-14.8824129105,24.357925415,-3.18824505806,30.0087490082,92.8967590332,22.6813049316],[205.809295654,-51.1995582581,-12.807926178,53.0528945923,13.4176673889,2.14132356644,6.26079845428,27.9963645935,-1.57820057869,14.2953147888,7.51587247849,22.6813049316,95.4778518677]],"icov":[[0.000156994065037,0.000110434870294,0.000274267134955,-0.000159445946338,0.000214298197534,-0.000180941045983,0.0000762469571782,-0.000291286647553,0.00010512778681,-0.000175540291821,-0.0000537568121217,-0.0000425594807894,-0.0000570858901483],[0.000110434870294,0.000684957369231,0.000115609072964,0.00014799402561,0.0000096863896033,0.000173472610186,-0.000242274196353,0.00045699137263,-0.000363449624274,-0.0000130005000756,-0.000247379386565,-0.0000787766548456,-0.0000267101040663],[0.000274267134955,0.000115609072964,0.00155612733215,0.0000532305821253,-0.000308665039483,-0.00047389860265,0.000285920046736,-0.000675759918522,-0.000153138171299,-0.000164246142958,-0.0000259982498392,-0.000182942851097,-0.000049066315114],[-0.000159445946338,0.00014799402561,0.0000532305821253,0.00391506496817,-0.00108317122795,0.000156714813784,-0.00132883177139,0.000634833006188,-0.00178121856879,-0.000130551095936,-0.0000274839458143,0.000119959600852,-0.00173176918179],[0.000214298197534,0.0000096863896033,-0.000308665039483,-0.00108317122795,0.00499415397644,-0.001302311779,0.000634969386738,0.000144474979606,-0.00073020090349,-0.00123523897491,0.000287192902761,0.000200226408197,-0.000550203025341],[-0.000180941045983,0.000173472610186,-0.00047389860265,0.000156714813784,-0.001302311779,0.00774642173201,-0.00168969039805,0.000315906101605,-0.00142155203503,0.00227025034837,-0.00200295215473,-0.000966868712567,0.00038380161277],[0.0000762469571782,-0.000242274196353,0.000285920046736,-0.00132883177139,0.000634969386738,-0.00168969039805,0.00866055674851,-0.00256079435349,0.000272692675935,0.00115353171714,0.000153887100169,-0.00200309627689,0.000909630325623],[-0.000291286647553,0.00045699137263,-0.000675759918522,0.000634833006188,0.000144474979606,0.000315906101605,-0.00256079435349,0.00819071941078,0.000131664026412,-0.00134360778611,-0.00195522932336,0.00254505034536,-0.00207896367647],[0.00010512778681,-0.000363449624274,-0.000153138171299,-0.00178121856879,-0.00073020090349,-0.00142155203503,0.000272692675935,0.000131664026412,0.00776509242132,-0.00182953698095,0.0019577301573,-0.00175760872662,0.00129140296485],[-0.000175540291821,-0.0000130005000756,-0.000164246142958,-0.000130551095936,-0.00123523897491,0.00227025034837,0.00115353171714,-0.00134360778611,-0.00182953698095,0.0125982016325,-0.00453968439251,0.00158117793035,-0.00107181584463],[-0.0000537568121217,-0.000247379386565,-0.0000259982498392,-0.0000274839458143,0.000287192902761,-0.00200295215473,0.000153887100169,-0.00195522932336,0.0019577301573,-0.00453968439251,0.0164128895849,-0.00593863474205,0.00139361259062],[-0.0000425594807894,-0.0000787766548456,-0.000182942851097,0.000119959600852,0.000200226408197,-0.000966868712567,-0.00200309627689,0.00254505034536,-0.00175760872662,0.00158117793035,-0.00593863474205,0.0154397180304,-0.00412917882204],[-0.0000570858901483,-0.0000267101040663,-0.000049066315114,-0.00173176918179,-0.000550203025341,0.00038380161277,0.000909630325623,-0.00207896367647,0.00129140296485,-0.00107181584463,0.00139361259062,-0.00412917882204,0.0132097462192]],"mean":[-753.157714844,165.555267334,0.346656888723,15.1378068924,-3.14844465256,-3.5658788681,-1.59855246544,4.17517518997,-7.69405984879,5.55648612976,0.174645975232,-3.92498040199,0.742194890976]},"pitch_salience":{"dmean":0.0544594153762,"dmean2":0.0872695073485,"dvar":0.00255397614092,"dvar2":0.00690062344074,"max":0.930796146393,"mean":0.552918374538,"median":0.555952787399,"min":0.128045737743,"var":0.0099486541003},"silence_rate_20dB":{"dmean":0,"dmean2":0,"dvar":0,"dvar2":0,"max":1,"mean":1,"median":1,"min":1,"var":0},"silence_rate_30dB":{"dmean":0.00117276259698,"dmean2":0.00234569702297,"dvar":0.00117122172378,"dvar2":0.00351243070327,"max":1,"mean":0.999413669109,"median":1,"min":0,"var":0.000586044392549},"silence_rate_60dB":{"dmean":0.0285860877484,"dmean2":0.0571763664484,"dvar":0.0277738124132,"dvar2":0.0637354776263,"max":1,"mean":0.365875095129,"median":0,"min":0,"var":0.232012063265},"spectral_centroid":{"dmean":118.522583008,"dmean2":184.701843262,"dvar":30524.9414062,"dvar2":63277.7734375,"max":11067.0517578,"mean":1005.55560303,"median":772.37097168,"min":150.742507935,"var":635434.3125},"spectral_complexity":{"dmean":1.60170054436,"dmean2":2.65943408012,"dvar":3.4305267334,"dvar2":8.93508815765,"max":50,"mean":12.8994426727,"median":10,"min":0,"var":94.8210754395},"spectral_contrast_coeffs":{"dmean":[0.0379003621638,0.0339040197432,0.031405787915,0.0255814474076,0.0183190666139,0.0128076868132],"dmean2":[0.0626385584474,0.0544432550669,0.049959897995,0.0417927652597,0.0301922354847,0.0207732599229],"dvar":[0.00105390371755,0.000821749272291,0.00069459452061,0.000443198601715,0.000258899497567,0.000142784789205],"dvar2":[0.00288860825822,0.002135083545,0.00179209187627,0.00116069056094,0.000642509025056,0.000331816467224],"max":[-0.377898037434,-0.450899153948,-0.452771216631,-0.539016067982,-0.553124308586,-0.614345729351],"mean":[-0.674890637398,-0.708929419518,-0.710783600807,-0.759015381336,-0.775603294373,-0.778159320354],"median":[-0.680538058281,-0.710327982903,-0.708691358566,-0.763241827488,-0.77999329567,-0.774361133575],"min":[-0.98375159502,-0.973722100258,-0.974998652935,-0.961489677429,-0.961233496666,-0.961301445961],"var":[0.00561909982935,0.00480913231149,0.00641809403896,0.00511986436322,0.00390064250678,0.00270577170886]},"spectral_contrast_valleys":{"dmean":[0.296722918749,0.265681773424,0.245006382465,0.205382570624,0.155233994126,0.161047458649],"dmean2":[0.492212027311,0.432092040777,0.403493463993,0.34304240346,0.254605084658,0.231843516231],"dvar":[0.0753179192543,0.0564128793776,0.0476520396769,0.0397445820272,0.0318931974471,0.0620761364698],"dvar2":[0.19503210485,0.137153372169,0.115008361638,0.0918434560299,0.0677919462323,0.0920633673668],"max":[-5.39913797379,-4.90483283997,-5.6396150589,-6.00295352936,-5.87948989868,-7.62783575058],"mean":[-7.93911552429,-7.40082120895,-8.33146762848,-9.04172801971,-9.21186351776,-12.1791477203],"median":[-7.76802253723,-7.20623207092,-8.1769733429,-8.97325134277,-9.24841117859,-12.219619751],"min":[-27.4086837769,-27.372592926,-26.9568862915,-26.9881401062,-27.1897010803,-27.2096767426],"var":[1.85355365276,1.8138551712,2.19259047508,2.27143526077,3.15851426125,3.28048563004]},"spectral_decrease":{"dmean":7.83420106565e-10,"dmean2":1.25829491271e-9,"dvar":3.85039547049e-18,"dvar2":9.72796825842e-18,"max":9.2966994481e-17,"mean":-3.15993253786e-9,"median":-1.52197254799e-9,"min":-4.3496029889e-8,"var":1.53884760323e-17},"spectral_energy":{"dmean":0.00310536683537,"dmean2":0.00498010357842,"dvar":0.0000575081285206,"dvar2":0.000145441270433,"max":0.166635036469,"mean":0.0129517614841,"median":0.00610521808267,"min":1.06448015104e-20,"var":0.000261310284259},"spectral_energyband_high":{"dmean":0.0000914235351956,"dmean2":0.000133873851155,"dvar":1.73842451545e-7,"dvar2":3.32417897653e-7,"max":0.0338906720281,"mean":0.000301640859107,"median":0.000012648088159,"min":7.57603010031e-21,"var":7.32190301278e-7},"spectral_energyband_low":{"dmean":0.00154295028187,"dmean2":0.00257114926353,"dvar":0.0000468565922347,"dvar2":0.000118085670692,"max":0.158409774303,"mean":0.0029528606683,"median":0.000868259929121,"min":5.18237596292e-23,"var":0.0000532303456566},"spectral_energyband_middle_high":{"dmean":0.00115978787653,"dmean2":0.00183253921568,"dvar":0.00000809168886917,"dvar2":0.0000212930190173,"max":0.0608254559338,"mean":0.00427460297942,"median":0.000786907970905,"min":1.81425749933e-21,"var":0.000059502406657},"spectral_energyband_middle_low":{"dmean":0.00165355019271,"dmean2":0.00257605686784,"dvar":0.0000104524988274,"dvar2":0.0000270256296062,"max":0.0811172351241,"mean":0.00600633630529,"median":0.00351412082091,"min":3.22994364477e-22,"var":0.0000471100283903},"spectral_entropy":{"dmean":0.104732893407,"dmean2":0.156507760286,"dvar":0.0136312311515,"dvar2":0.0278499294072,"max":9.80941295624,"mean":6.86958217621,"median":6.86738872528,"min":4.44819498062,"var":0.485025316477},"spectral_flux":{"dmean":0.01014500577,"dmean2":0.0166284292936,"dvar":0.000283843750367,"dvar2":0.000664286373649,"max":0.349886387587,"mean":0.0421905070543,"median":0.0290762744844,"min":1.03173650179e-10,"var":0.00155847554561},"spectral_kurtosis":{"dmean":5.24136590958,"dmean2":9.18320083618,"dvar":63.5662689209,"dvar2":189.976806641,"max":209.249542236,"mean":16.0663051605,"median":8.17567253113,"min":-1.21907138824,"var":492.937561035},"spectral_rms":{"dmean":0.000337566976668,"dmean2":0.000527380267158,"dvar":2.90237409217e-7,"dvar2":7.00273972143e-7,"max":0.0127503238618,"mean":0.00296375248581,"median":0.002440555254,"min":3.22260339074e-12,"var":0.00000385208204534},"spectral_rolloff":{"dmean":218.036972046,"dmean2":371.120758057,"dvar":307523.34375,"dvar2":650900,"max":21296.3378906,"mean":1195.90014648,"median":796.728515625,"min":64.599609375,"var":3308868},"spectral_skewness":{"dmean":0.39136826992,"dmean2":0.675426185131,"dvar":0.211596161127,"dvar2":0.630845069885,"max":11.8979473114,"mean":2.54559469223,"median":2.12853002548,"min":-0.0964415743947,"var":2.55661964417},"spectral_spread":{"dmean":289397.96875,"dmean2":436242.1875,"dvar":235516592128,"dvar2":341905244160,"max":41201672,"mean":3072351.75,"median":2796217,"min":471900.4375,"var":3626562748420},"spectral_strongpeak":{"dmean":0.397963762283,"dmean2":0.662094652653,"dvar":0.552989006042,"dvar2":1.41335141659,"max":15.8948297501,"mean":0.924445450306,"median":0.377131015062,"min":0,"var":1.66462421417},"zerocrossingrate":{"dmean":0.00495299650356,"dmean2":0.00609825411811,"dvar":0.0000932086477405,"dvar2":0.0000982786805253,"max":0.7314453125,"mean":0.0446596629918,"median":0.03466796875,"min":0.00244140625,"var":0.00326434220187}},"metadata":{"audio_properties":{"analysis_sample_rate":44100,"bit_rate":799464,"codec":"alac","downmix":"mix","equal_loudness":0,"length":316.773345947,"lossless":true,"md5_encoded":"ee66d39eb4207bae7f42b1aae1c7a2c5","replay_gain":-13.7546787262,"sample_rate":44100},"tags":{"album":["A Kind of Magic"],"albumartistsort":["Queen"],"artist":["Queen"],"artistsort":["Queen"],"asin":["B005EVVPTK"],"barcode":["602527799742"],"catalognumber":["277 997 4"],"composer":["Brian May"],"composersort":["May, Brian"],"date":["1986"],"discnumber":["1/2"],"encodedby":["X Lossless Decoder 20141129, QuickTime 7.7.3"],"engineer":["David Richards"],"file_name":"1-06 Who Wants to Live Forever.m4a","genre":["Album rock"],"isrc":["GBUM71106193"],"label":["Universal Island Records"],"language":["English"],"lyricist":["Brian May"],"media":["CD"],"musicbrainz_albumartistid":["0383dadf-2a4e-4d10-a46a-e9e041da8eb3"],"musicbrainz_albumid":["e32e471f-f8ae-47f2-bb0a-61347f771d43"],"musicbrainz_artistid":["0383dadf-2a4e-4d10-a46a-e9e041da8eb3"],"musicbrainz_recordingid":["66e14245-87e5-4939-b743-3cbe3c5f7f55"],"musicbrainz_releasegroupid":["84f508a9-beae-3e97-b59e-3a8886c6e901"],"producer":["David Richards"],"script":["Latin"],"title":["Who Wants to Live Forever"],"tracknumber":["6/9"]},"version":{"essentia":"2.1-beta2","essentia_build_sha":"cead25079874084f62182a551b7393616cd33d87","essentia_git_sha":"v2.1_beta2-1-ge3940c0","extractor":"music 1.0"}},"rhythm":{"beats_count":723,"beats_loudness":{"dmean":0.00765037024394,"dmean2":0.013672077097,"dvar":0.000149908388266,"dvar2":0.000470980157843,"max":0.117730647326,"mean":0.0148140285164,"median":0.00674086483195,"min":4.87072715494e-10,"var":0.000314551754855},"beats_loudness_band_ratio":{"dmean":[0.162972688675,0.136932164431,0.133685842156,0.0783900544047,0.0315052