{"lowlevel":{"average_loudness":0.879159867764,"barkbands":{"dmean":[0.0181249137968,0.0178265757859,0.00339285423979,0.00180617300794,0.00158341845963,0.000990402069874,0.00116324506234,0.00037738570245,0.000610762566794,0.000695916707627,0.000782294897363,0.0011722460622,0.000776171975303,0.000637054559775,0.00039623916382,0.000239840344875,0.000180782255484,0.000144426085171,0.000111730027129,0.00014141680731,0.000176104556886,0.000200106034754,0.000157147165737,0.000112056375656,0.00000455876761407,0.000118719923194,0.000406928971643],"dmean2":[0.027368478477,0.0290019102395,0.00580783328041,0.0030806621071,0.00268255081028,0.00162699038628,0.00187465269119,0.000613625568803,0.000985634163953,0.00111716613173,0.00124677387066,0.00184107141104,0.00127359863836,0.00105983263347,0.000651131093036,0.000393707159674,0.000282788387267,0.000221451045945,0.000163302509463,0.000200321534066,0.000243335569394,0.000298376719002,0.000226012140047,0.000174392858753,0.00000736167612558,0.000174226428499,0.000571863842197],"dvar":[0.00163946347311,0.000795273284893,0.0000464308941446,0.000012428791706,0.00000732193439035,0.00000227858436119,0.00000718694172974,6.92709988925e-7,0.00000140900817769,0.00000224274776883,0.00000495204858453,0.00000389767228626,0.00000158214243129,0.00000107998835119,3.22925529872e-7,1.38925983606e-7,8.49309813589e-8,4.87295217511e-8,4.47568737627e-8,1.64649392786e-7,1.83087266237e-7,1.7710796385e-7,8.91400091518e-8,5.56665611384e-8,6.57146906335e-11,4.4454669279e-8,3.36227230946e-7],"dvar2":[0.00340075301938,0.00214306684211,0.00012918934226,0.0000326082190441,0.0000196547971427,0.0000060727534219,0.0000179507442226,0.00000160435297403,0.00000331673095388,0.00000550489585294,0.0000110123810373,0.00000949162131292,0.00000397601024815,0.00000280022072729,8.52167261201e-7,3.60082339057e-7,1.9758107328e-7,1.11822473059e-7,9.43579365753e-8,2.92616959996e-7,3.72582775299e-7,3.73838503265e-7,1.84328172281e-7,1.27805861894e-7,1.5265839981e-10,9.78446053068e-8,6.31357863767e-7],"max":[0.470238894224,0.313290506601,0.10424939543,0.081566683948,0.0469292886555,0.0315079949796,0.0620834864676,0.0328646451235,0.0436080098152,0.0402735136449,0.0701422914863,0.034821934998,0.0231835767627,0.0292673055083,0.00850870553404,0.0119731137529,0.00581519445404,0.00394657254219,0.00698638800532,0.0155006442219,0.0149607071653,0.0100478800014,0.00772439176217,0.00539036467671,0.000116473871458,0.00333637464792,0.0090167010203],"mean":[0.0235918592662,0.0390178449452,0.00404604803771,0.0024394209031,0.00214086263441,0.00156320317183,0.00180181860924,0.000544454727788,0.000964820908848,0.0010925042443,0.00123560579959,0.00218868651427,0.00139080209192,0.00112885353155,0.00076571572572,0.000443580443971,0.000316792109516,0.000260313187027,0.000211116464925,0.000260369415628,0.000342683168128,0.000252114230534,0.000216336920857,0.000106115498056,0.00000455680901723,0.000144923164044,0.00114525691606],"median":[0.00675253709778,0.0184879414737,0.00213948590681,0.000952042406425,0.00114218180533,0.000959305732977,0.000782601593528,0.000272148870863,0.000489972764626,0.000428836123319,0.000396870396798,0.00110883638263,0.000835914048366,0.000687634339556,0.000487691024318,0.000269612355623,0.00016863073688,0.000106028586742,0.0000906040004338,0.000082487706095,0.000102579251688,0.0000588768634771,0.0000370122106688,0.0000138190298458,0.00000147901425862,0.0000279424803011,0.000738166447263],"min":[8.97784058001e-25,3.23267665338e-24,1.71599354712e-24,1.01781131549e-24,9.55445293665e-24,5.39251430857e-24,1.90716684831e-23,7.12159564976e-24,2.1461241761e-23,1.12277468235e-23,2.4098149754e-23,2.07026178943e-23,2.2488693647e-23,5.58692560768e-23,5.41723594716e-23,6.04675704695e-23,8.31621710123e-23,1.12388886949e-22,1.21054328355e-22,1.2637184408e-22,3.11897855709e-22,3.19549175401e-22,4.5050728008e-22,6.69100561186e-22,8.07454697545e-22,1.24552286546e-21,2.01029062073e-21],"var":[0.00225481041707,0.00213980698027,0.0000411414221162,0.0000278675997833,0.00000946975706029,0.00000411957807955,0.0000132306076921,0.00000124460723328,0.00000264952450379,0.00000423868959842,0.0000124804264487,0.00000945836563915,0.00000323325275531,0.00000208843835026,7.59701208608e-7,2.74396683153e-7,1.68508080378e-7,1.27987220822e-7,1.10970496792e-7,4.04234981488e-7,4.77537525967e-7,3.31599238734e-7,1.98320435629e-7,6.24786054004e-8,7.62874277638e-11,7.18906179031e-8,0.00000149943298311]},"barkbands_crest":{"dmean":2.61091089249,"dmean2":4.12389039993,"dvar":5.85550785065,"dvar2":13.3086462021,"max":25.2793636322,"mean":12.0543880463,"median":11.8496170044,"min":2.06305241585,"var":30.237953186},"barkbands_flatness_db":{"dmean":0.0297708269209,"dmean2":0.044309746474,"dvar":0.000800730485935,"dvar2":0.00183839874808,"max":0.511195421219,"mean":0.150992020965,"median":0.140312060714,"min":0.0246892701834,"var":0.00516059156507},"barkbands_kurtosis":{"dmean":9.94812393188,"dmean2":15.633228302,"dvar":520.194396973,"dvar2":1253.02148438,"max":640.777282715,"mean":16.2609157562,"median":4.97763156891,"min":-1.91946303844,"var":1042.19934082},"barkbands_skewness":{"dmean":0.896172404289,"dmean2":1.34394311905,"dvar":1.24386799335,"dvar2":2.77022027969,"max":20.6275157928,"mean":2.7625207901,"median":2.14764499664,"min":-2.09782886505,"var":5.1279053688},"barkbands_spread":{"dmean":7.60801744461,"dmean2":11.2840461731,"dvar":74.2074279785,"dvar2":151.132476807,"max":138.273696899,"mean":27.7798862457,"median":23.8375015259,"min":0.291529893875,"var":455.261901855},"dissonance":{"dmean":0.0180136654526,"dmean2":0.0305923596025,"dvar":0.000371007510694,"dvar2":0.0010099275969,"max":0.500000178814,"mean":0.472311615944,"median":0.480708897114,"min":0.243119448423,"var":0.000774820277002},"dynamic_complexity":3.4708237648,"erbbands":{"dmean":[1.07304477692,2.39811563492,3.97267055511,4.9365067482,5.73604249954,5.43076610565,5.52130174637,9.35731601715,18.1552906036,10.6328344345,9.37067127228,14.412560463,17.3053417206,18.9088249207,40.4849662781,39.409828186,33.3850708008,32.3203811646,22.5834732056,17.8707752228,11.4827260971,10.643237114,8.1704082489,5.97375631332,5.6456656456,6.9964466095,6.16220426559,7.54804039001,6.65895748138,5.89647054672,4.79009628296,3.37724757195,1.11884880066,0.0967343449593,0.0350271761417,0.140027150512,0.302158296108,0.154602944851,0.0434099696577,0.00851956475526],"dmean2":[1.75314021111,3.93755412102,6.69321346283,8.45559215546,9.67556095123,9.33998394012,9.0326128006,15.5219926834,29.5956439972,17.1431694031,15.2182559967,23.2217006683,27.7380981445,30.542142868,62.0951652527,62.7115516663,54.8740158081,52.8833961487,36.9659729004,29.5702877045,18.6259326935,16.5290699005,12.4713163376,8.9779548645,7.98356676102,10.0047359467,8.64739704132,10.7006931305,9.872382164,8.87366867065,6.80991315842,5.21073484421,1.70614218712,0.151524439454,0.0558124408126,0.2126634866,0.450242727995,0.221997410059,0.0582302808762,0.0123286321759],"dvar":[3.21181583405,14.7955665588,58.2652702332,85.7444610596,101.94556427,97.6612167358,84.0257720947,227.586257935,2079.81103516,420.119110107,403.951934814,946.703979492,1248.35449219,1216.08044434,11882.9462891,4441.87548828,2657.41162109,3328.71044922,1148.44836426,705.802185059,346.323913574,296.242431641,160.755279541,85.6834945679,222.553237915,364.147583008,283.042480469,289.388671875,214.100067139,155.058624268,87.6261672974,47.0601348877,5.49316978455,0.0239520873874,0.00332671869546,0.0889055207372,0.31600600481,0.0819405689836,0.00635330285877,0.000122728713905],"dvar2":[8.85216140747,40.2463150024,159.020019531,234.769607544,265.620056152,270.250305176,202.764434814,626.148925781,5264.99658203,941.186279297,908.501159668,2184.58984375,3131.81665039,3082.93432617,25680.3710938,11075.0986328,6712.88818359,8225.87304688,3016.23999023,1882.47949219,866.17175293,685.778503418,370.89642334,189.262176514,419.966247559,661.085876465,554.276672363,610.434936523,451.379821777,334.012359619,176.038635254,108.764549255,12.3800172806,0.053424321115,0.00758278928697,0.207610830665,0.709067642689,0.172576323152,0.0112205594778,0.000244374241447],"max":[19.6840877533,48.6370849609,108.884933472,198.030105591,183.060043335,162.824295044,219.328720093,331.801757812,1088.93408203,813.897583008,741.462768555,1184.89343262,831.912780762,703.535827637,3327.20141602,1679.34716797,997.158691406,1628.3190918,675.27520752,386.952941895,627.387817383,347.706237793,237.520935059,161.88319397,605.645996094,685.507629395,483.639892578,567.289611816,404.399658203,286.764221191,203.41166687,144.921157837,64.782333374,2.63700580597,0.82420361042,7.05712842941,9.51529979706,4.95167016983,1.51256537437,0.177320614457],"mean":[2.25110507011,4.47215127945,5.06678056717,6.59509086609,8.01768779755,6.69709920883,8.30149745941,14.352853775,26.6837253571,17.8144264221,15.0489177704,22.6238193512,28.238035202,33.7412185669,73.6866760254,79.0568389893,63.6711349487,61.1075553894,45.742565155,35.2571105957,22.118188858,19.322353363,15.1259841919,11.2771863937,10.5344743729,12.6059360504,11.8292169571,14.0748529434,8.92858028412,7.1885342598,6.70491695404,3.42634367943,1.11401343346,0.107071936131,0.0384795852005,0.147826015949,0.348648875952,0.215713620186,0.0938398167491,0.0311787873507],"median":[0.894494831562,2.41483688354,2.87768602371,3.10744214058,3.80135655403,3.32703280449,4.52926015854,8.67451381683,10.7581634521,8.33896541595,7.92811203003,11.1345891953,12.9394264221,16.6150398254,32.1230010986,46.8740615845,40.894859314,36.4892883301,31.0406265259,22.7266998291,13.8197917938,10.3382530212,6.5762720108,5.15611410141,4.01102781296,4.03129482269,4.19716072083,3.96736288071,2.35379433632,1.53222715855,0.962010324001,0.471461325884,0.182866334915,0.0386140719056,0.0156349092722,0.0338007248938,0.0608460232615,0.0581003203988,0.0391569398344,0.0247841347009],"min":[1.18555317982e-22,6.53046471836e-22,2.58239910541e-21,5.83283864392e-21,1.71522766258e-20,2.61353902235e-20,3.25876688045e-20,5.68682276733e-20,1.35605572704e-19,2.40696788652e-19,1.68319402707e-19,3.66273584835e-19,5.75703799363e-19,8.97441230386e-19,1.18783973483e-18,1.03835144773e-18,9.38858990837e-19,2.29107522981e-18,2.19825936123e-18,2.9742660316e-18,3.50699267996e-18,6.63271796325e-18,6.40294828219e-18,8.42896878755e-18,6.29071352155e-18,7.35976836266e-18,1.0478152418e-17,1.34505299963e-17,1.26820163415e-17,1.24640195085e-17,1.19883674952e-17,1.18533823726e-17,1.12636323744e-17,8.79593919451e-18,6.8159657659e-18,4.39548929619e-18,2.19871182902e-18,8.11479897346e-19,2.48654731434e-19,2.99607144312e-20],"var":[8.03498363495,27.2491855621,53.839138031,135.789428711,187.687484741,103.642089844,160.683731079,359.278900146,3502.30029297,1144.1295166,811.506347656,1759.17333984,2348.84277344,2439.77392578,31467.6425781,10420.5039062,5621.25732422,7029.74414062,2512.3190918,1574.08312988,688.485168457,607.22277832,416.999542236,224.985321045,493.981506348,904.831115723,659.161315918,768.167480469,415.424987793,271.696716309,208.372344971,54.9913749695,6.55721759796,0.0315893664956,0.00416134344414,0.104974068701,0.453031569719,0.160457238555,0.0230854731053,0.000736900663469]},"erbbands_crest":{"dmean":2.48789215088,"dmean2":3.97429561615,"dvar":5.4132270813,"dvar2":13.2141685486,"max":28.9959259033,"mean":8.38994026184,"median":7.348695755,"min":2.13265371323,"var":16.6525154114},"erbbands_flatness_db":{"dmean":0.0246645733714,"dmean2":0.0340976081789,"dvar":0.000492573250085,"dvar2":0.0009231226868,"max":0.322232872248,"mean":0.127608284354,"median":0.121514119208,"min":0.0345689728856,"var":0.00204149843194},"erbbands_kurtosis":{"dmean":1.08752799034,"dmean2":1.72898542881,"dvar":2.41933250427,"dvar2":5.742872715,"max":87.4617919922,"mean":1.22847962379,"median":0.457909524441,"min":-1.74581313133,"var":13.7559614182},"erbbands_skewness":{"dmean":0.35337755084,"dmean2":0.543972551823,"dvar":0.105141811073,"dvar2":0.241688981652,"max":6.442735672,"mean":-0.0532189868391,"median":-0.0936575382948,"min":-3.46249747276,"var":0.571157336235},"erbbands_spread":{"dmean":9.15725421906,"dmean2":13.6647977829,"dvar":97.7810745239,"dvar2":210.825531006,"max":157.253921509,"mean":33.4024887085,"median":30.089761734,"min":2.65804886818,"var":329.578643799},"gfcc":{"cov":[[26716.4277344,127.160987854,-2171.60058594,456.481292725,358.707397461,169.918212891,664.749572754,-523.407897949,329.76348877,63.1773719788,38.9757232666,421.030303955,-91.1994400024],[127.160987854,1333.31958008,-72.5310592651,-405.204315186,295.341705322,-56.9718475342,31.3219261169,1.88114845753,18.0207653046,14.9979228973,106.678909302,-133.782943726,181.664932251],[-2171.60058594,-72.5310592651,684.543029785,203.31690979,-170.229812622,125.531517029,-157.568618774,134.643264771,-48.0973587036,27.8026046753,-20.0184650421,-17.8876438141,-62.4152984619],[456.481292725,-405.204315186,203.31690979,432.343292236,-39.2281990051,69.921081543,32.6491584778,39.3977661133,14.8700265884,25.8445529938,-12.1317663193,88.0174484253,-89.6098403931],[358.707397461,295.341705322,-170.229812622,-39.2281990051,290.482421875,6.73053312302,105.540359497,11.3161735535,25.5316982269,3.16434383392,75.2899093628,9.54873943329,88.3595123291],[169.918212891,-56.9718475342,125.531517029,69.921081543,6.73053312302,237.395462036,-25.5073699951,67.4656143188,-24.3431568146,33.3221588135,12.3282260895,41.225769043,7.22153043747],[664.749572754,31.3219261169,-157.568618774,32.6491584778,105.540359497,-25.5073699951,181.249298096,-24.9801158905,61.2504081726,4.96551370621,28.9477863312,40.8882904053,8.59483718872],[-523.407897949,1.88114845753,134.643264771,39.3977661133,11.3161735535,67.4656143188,-24.9801158905,176.941772461,14.9031915665,38.2789573669,34.0347709656,0.619238197803,29.7648963928],[329.76348877,18.0207653046,-48.0973587036,14.8700265884,25.5316982269,-24.3431568146,61.2504081726,14.9031915665,99.33984375,35.5314216614,18.8964977264,24.5503482819,-3.60007238388],[63.1773719788,14.9979228973,27.8026046753,25.8445529938,3.16434383392,33.3221588135,4.96551370621,38.2789573669,35.5314216614,86.8566055298,48.8244667053,19.9668331146,19.5476760864],[38.9757232666,106.678909302,-20.0184650421,-12.1317663193,75.2899093628,12.3282260895,28.9477863312,34.0347709656,18.8964977264,48.8244667053,98.3327331543,38.5085220337,40.9974365234],[421.030303955,-133.782943726,-17.8876438141,88.0174484253,9.54873943329,41.225769043,40.8882904053,0.619238197803,24.5503482819,19.9668331146,38.5085220337,101.265335083,8.74706363678],[-91.1994400024,181.664932251,-62.4152984619,-89.6098403931,88.3595123291,7.22153043747,8.59483718872,29.7648963928,-3.60007238388,19.5476760864,40.9974365234,8.74706363678,111.517127991]],"icov":[[0.0000894440890988,-0.000234535982599,0.000533763435669,-0.000431385589764,0.000307021196932,-0.000272578094155,0.000106081017293,0.0000235766037804,-0.000118167488836,0.0000408942069043,0.000043725118303,-0.000182843374205,0.00015451827494],[-0.000234535982599,0.00274060363881,-0.00246760249138,0.00235904986039,-0.00217253481969,0.000408583437093,-0.000646065745968,0.00130410585552,-0.00117700162809,0.000617934623733,-0.00226497394033,0.00362810725346,-0.00234338035807],[0.000533763435669,-0.00246760249138,0.00689513515681,-0.00516324210912,0.0043127508834,-0.0027276314795,0.00250204186887,-0.00163612246979,-0.000537000596523,0.00131803425029,-0.0010166434804,0.0000755838991608,0.00128931505606],[-0.000431385589764,0.00235904986039,-0.00516324210912,0.00932619627565,-0.00580156873912,0.00297480961308,-0.0021391985938,-0.00145130872261,0.00352084683254,-0.00551416119561,0.00528918392956,-0.00610719900578,0.00497969752178],[0.000307021196932,-0.00217253481969,0.0043127508834,-0.00580156873912,0.0123020177707,-0.00403112964705,-0.00230000866577,0.000785623153206,-0.00343826645985,0.00794546492398,-0.00912996195257,0.00637365691364,-0.00662379618734],[-0.000272578094155,0.000408583437093,-0.0027276314795,0.00297480961308,-0.00403112964705,0.00836277473718,-0.000190651931916,-0.00312974327244,0.00572247710079,-0.00648207124323,0.00627555511892,-0.00708154588938,0.00304711563513],[0.000106081017293,-0.000646065745968,0.00250204186887,-0.0021391985938,-0.00230000866577,-0.000190651931916,0.0114365471527,0.000645839783829,-0.00518185971305,0.0016533266753,-0.000421600328991,-0.00235812808387,0.00148441561032],[0.0000235766037804,0.00130410585552,-0.00163612246979,-0.00145130872261,0.000785623153206,-0.00312974327244,0.000645839783829,0.0106689063832,-0.00569212809205,0.00293829315342,-0.00662197079509,0.0073381094262,-0.0063442112878],[-0.000118167488836,-0.00117700162809,-0.000537000596523,0.00352084683254,-0.00343826645985,0.00572247710079,-0.00518185971305,-0.00569212809205,0.0225154925138,-0.0144318593666,0.0107405986637,-0.0115576880053,0.00883627030998],[0.0000408942069043,0.000617934623733,0.00131803425029,-0.00551416119561,0.00794546492398,-0.00648207124323,0.0016533266753,0.00293829315342,-0.0144318593666,0.0304432902485,-0.0210044942796,0.0132731888443,-0.010575258173],[0.000043725118303,-0.00226497394033,-0.0010166434804,0.00528918392956,-0.00912996195257,0.00627555511892,-0.000421600328991,-0.00662197079509,0.0107405986637,-0.0210044942796,0.034899584949,-0.0219412408769,0.00895353406668],[-0.000182843374205,0.00362810725346,0.0000755838991608,-0.00610719900578,0.00637365691364,-0.00708154588938,-0.00235812808387,0.0073381094262,-0.0115576880053,0.0132731888443,-0.0219412408769,0.0337264612317,-0.0145721826702],[0.00015451827494,-0.00234338035807,0.00128931505606,0.00497969752178,-0.00662379618734,0.00304711563513,0.00148441561032,-0.0063442112878,0.00883627030998,-0.010575258173,0.00895353406668,-0.0145721826702,0.0242543611676]],"mean":[11.0339660645,79.3869857788,-83.5839004517,2.88378429413,-11.5185070038,1.58160853386,3.28252387047,-19.7515869141,2.93692994118,-1.74024128914,-1.2786744833,2.96492242813,-9.55246639252]},"hfc":{"dmean":40.1446914673,"dmean2":60.1578941345,"dvar":2300.97705078,"dvar2":5070.73242188,"max":1311.71643066,"mean":165.739517212,"median":146.473190308,"min":1.09336601018e-16,"var":15050.2158203},"melbands":{"dmean":[0.00745189283043,0.00227072555572,0.000855238875374,0.000394111062633,0.000189904356375,0.000216911736061,0.000252790021477,0.000103867139842,0.0000851711156429,0.0000883777538547,0.0000930156747927,0.0000825077222544,0.000118564079457,0.000154375258717,0.0000949478126131,0.0000686042403686,0.0000623682790319,0.0000416749244323,0.000030573712138,0.0000192088882613,0.0000141392320074,0.0000118039370136,0.00000980282584351,0.00000624508129476,0.00000508845050717,0.00000429442934546,0.00000439576024291,0.00000504784384248,0.00000394843164031,0.00000498279587191,0.00000424544759881,0.00000364115976481,0.00000436537402493,0.0000028812050914,0.00000259515286416,0.00000282921291728,0.00000184156635896,9.42169549489e-7,2.19321719896e-7,4.1895081182e-8],"dmean2":[0.0120210889727,0.00377586949617,0.0014567784965,0.000669138797093,0.000313014694257,0.000357437005732,0.000410497857956,0.00016802616301,0.00013877688616,0.000142480668728,0.000149376573972,0.000133317662403,0.000185124736163,0.00023938389495,0.000156955007697,0.000112040273962,0.000102506812254,0.0000687440988258,0.0000508837292728,0.0000318129968946,0.0000233954760915,0.0000186668858078,0.0000155456327775,0.00000949423247221,0.00000785985230323,0.00000631052444078,0.00000628924863122,0.00000739620963941,0.00000575298417971,0.00000679241247781,0.00000633010449747,0.00000542552470506,0.00000671699535815,0.00000435747733718,0.00000371186092707,0.0000042337587729,0.00000288916680802,0.00000143875638514,3.47869814732e-7,6.76895623997e-8],"dvar":[0.000153091343236,0.0000154424142238,0.00000242926012106,4.64895379082e-7,9.94039908164e-8,1.19647793895e-7,3.70352751133e-7,3.94830479422e-8,2.92507511546e-8,3.47577753246e-8,3.75511319817e-8,2.51621976588e-8,1.02749751818e-7,7.8945987525e-8,2.08292103565e-8,1.37534383882e-8,1.21645582496e-8,4.3785721715e-9,2.08853134787e-9,8.81787254325e-10,5.44537748226e-10,3.73854808222e-10,2.76019623824e-10,9.26728138673e-11,6.45392767007e-11,8.11110553722e-11,2.16451773172e-10,1.72103317708e-10,1.3015895306e-10,1.37312897164e-10,1.0346974666e-10,7.10152422978e-11,8.61223869997e-11,4.07056471863e-11,2.82696886733e-11,2.92262603008e-11,1.58664695965e-11,4.15161915263e-12,1.99748827505e-13,5.58305842963e-15],"dvar2":[0.000408244610298,0.0000420166434196,0.00000662372531224,0.00000124930465972,2.46328283993e-7,3.22449466239e-7,9.33165097194e-7,9.01429402234e-8,6.81070915221e-8,8.01057638e-8,9.37530870715e-8,6.32664338696e-8,2.29506582627e-7,1.87689465747e-7,5.32384092367e-8,3.4220150269e-8,3.03845197891e-8,1.17155591894e-8,5.62709745466e-9,2.31815411311e-9,1.40629796697e-9,8.87749873613e-10,6.78754996652e-10,2.07731970514e-10,1.51786958003e-10,1.72375086427e-10,4.03348021649e-10,3.29831023604e-10,2.71973943367e-10,2.80204082159e-10,2.36099501061e-10,1.52625634353e-10,1.87737519974e-10,9.04748290176e-11,5.86052109619e-11,6.47827624878e-11,3.65504813915e-11,9.40730306154e-12,4.80568980877e-13,1.29710788483e-14],"max":[0.130973547697,0.0511865802109,0.0287151560187,0.0117817157879,0.0058928290382,0.0069515183568,0.014744695276,0.00748207513243,0.00500183785334,0.00809262786061,0.00482587888837,0.00355378678069,0.00981607288122,0.00448498921469,0.00325893075205,0.00240780576132,0.00286677456461,0.00147507025395,0.00075490976451,0.000728034123313,0.00062700221315,0.000368494802387,0.000277414917946,0.000200540103833,0.00012650732242,0.000319542130455,0.000685761740897,0.000393141963286,0.000382456579246,0.000460908893729,0.000409792002756,0.000242510534008,0.000193924715859,0.00016769146896,0.000159572213306,0.0000754064240027,0.00010821010801,0.0000626086257398,0.00000976820501819,0.00000107218306766],"mean":[0.0160279776901,0.00356469396502,0.00122981658205,0.000535547849722,0.000281743094092,0.000340708065778,0.000386072497349,0.000168215236044,0.000132347471663,0.000136118018418,0.000146092294017,0.000138294926728,0.000203510964639,0.000280761625618,0.000164150987985,0.000125187056256,0.000111036963062,0.0000750966137275,0.0000568970281165,0.0000347225177393,0.0000239874625549,0.000019859546228,0.0000167429625435,0.00001107585922,0.00000892154457688,0.00000769004782342,0.00000760962802815,0.00000862446358951,0.00000677163507135,0.00000981150697044,0.00000703877185515,0.00000488469913762,0.0000049761201808,0.00000348402727468,0.00000364890979654,0.00000333766183758,0.0000017191354118,9.28351255425e-7,2.1718079779e-7,4.15596304038e-8],"median":[0.0074411300011,0.00235418695956,0.000607477268204,0.000268188450718,0.000159631163115,0.000204798983759,0.000166617246578,0.0000783286523074,0.0000667277272441,0.0000658611024846,0.000062727893237,0.0000646283369861,0.0000843190282467,0.000114851347462,0.000103626814962,0.0000738110466045,0.0000636840850348,0.0000481315073557,0.0000363771832781,0.0000207416233025,0.0000137669348987,0.0000103943430076,0.0000073796468314,0.00000476498053104,0.00000397739040636,0.00000314129624712,0.00000247582283919,0.00000265907328867,0.00000208905157706,0.00000244286434281,0.00000217126057578,0.00000120671177228,9.91934257399e-7,7.38718654247e-7,5.66518281175e-7,3.70672040617e-7,2.12555235635e-7,1.38837350505e-7,5.06954656032e-8,1.32021744648e-8],"min":[1.77850327968e-24,1.11645906194e-24,1.54523405317e-24,2.26480072623e-24,1.4953772551e-24,1.1035502407e-24,2.55931622595e-24,2.16282881853e-24,9.29915644569e-25,2.7902130519e-24,2.47610323336e-24,2.54409515478e-24,3.33989862762e-24,2.91379935397e-24,2.06630695361e-24,2.1299672398e-24,3.38911329291e-24,2.53896617839e-24,3.1484793596e-24,4.50556367738e-24,3.03735272109e-24,5.18318730636e-24,4.26451539488e-24,5.26433308894e-24,6.15830537105e-24,4.14593382361e-24,3.08052471185e-24,4.06218282788e-24,4.26977828041e-24,5.20527698943e-24,6.3103448999e-24,6.03483010115e-24,6.95149593935e-24,6.0284608382e-24,5.76673217264e-24,6.2602273833e-24,6.09254829257e-24,6.5654088741e-24,4.74086274161e-24,6.13426049623e-24],"var":[0.000365943269571,0.0000175324803422,0.00000423690698881,6.35786477687e-7,1.66389710898e-7,2.03326735004e-7,6.49459138913e-7,1.02320122153e-7,5.74861509506e-8,6.44817603757e-8,6.97542574812e-8,4.8219821025e-8,2.59502542121e-7,1.99268725964e-7,3.94798647108e-8,2.87803221255e-8,2.46738007803e-8,7.98679877789e-9,4.38742953079e-9,1.69003855355e-9,9.44361588928e-10,6.87910506336e-10,5.64698399153e-10,2.26844876217e-10,1.47246131954e-10,1.82828224782e-10,4.29558028037e-10,4.15042777924e-10,2.64848087905e-10,4.08569733601e-10,2.05764821848e-10,1.34401503815e-10,1.41897257833e-10,6.72806116375e-11,6.38435415645e-11,4.80231618361e-11,1.75294067456e-11,4.89225500389e-12,2.09792632485e-13,6.46737988481e-15]},"melbands_crest":{"dmean":4.25210142136,"dmean2":6.78108978271,"dvar":18.1894454956,"dvar2":40.2112846375,"max":39.1198806763,"mean":21.4206104279,"median":21.2689304352,"min":1.56955754757,"var":89.9510879517},"melbands_flatness_db":{"dmean":0.0362003408372,"dmean2":0.0537592358887,"dvar":0.00105030974373,"dvar2":0.00243162317201,"max":0.673365414143,"mean":0.254231512547,"median":0.248041629791,"min":0.00412806635723,"var":0.0083112437278},"melbands_kurtosis":{"dmean":18.7959594727,"dmean2":30.7320232391,"dvar":2765.35498047,"dvar2":7525.23632812,"max":1222.77819824,"mean":29.0560188293,"median":10.403673172,"min":-1.77136039734,"var":4171.09326172},"melbands_skewness":{"dmean":1.21554195881,"dmean2":1.87661755085,"dvar":2.60719966888,"dvar2":6.3638510704,"max":30.1446151733,"mean":3.69201159477,"median":3.00193786621,"min":-1.173874259,"var":9.16443347931},"melbands_spread":{"dmean":6.45749378204,"dmean2":9.90387153625,"dvar":69.1924972534,"dvar2":151.445724487,"max":205.807556152,"mean":20.9135017395,"median":15.6789770126,"min":0.198785439134,"var":432.492614746},"mfcc":{"cov":[[14955.9794922,439.628936768,-1504.93798828,451.718017578,-355.907165527,934.410827637,-141.887649536,509.534423828,-171.582794189,327.120910645,-149.000091553,326.271759033,-125.32358551],[439.628936768,1692.66162109,-356.822113037,-210.900634766,150.415878296,-19.7702732086,161.516418457,-139.015609741,138.049850464,-67.9821166992,97.4301452637,-58.6077232361,111.515052795],[-1504.93798828,-356.822113037,870.031188965,46.6693763733,103.720664978,-55.8719558716,-26.1745033264,4.2164645195,-26.0808124542,19.5236358643,16.9348239899,36.6207542419,-35.6500091553],[451.718017578,-210.900634766,46.6693763733,336.078735352,-22.066362381,59.5405807495,-17.9987640381,74.9253997803,-27.4629592896,36.7041168213,11.5430955887,44.0840797424,14.1084594727],[-355.907165527,150.415878296,103.720664978,-22.066362381,203.741729736,-19.60090065,91.222442627,-3.22115731239,40.910369873,-14.292388916,37.331741333,-4.04142951965,37.4336280823],[934.410827637,-19.7702732086,-55.8719558716,59.5405807495,-19.60090065,215.308868408,5.29365682602,74.2383728027,-32.7308082581,25.0523262024,-22.840555191,43.0828552246,-16.2819042206],[-141.887649536,161.516418457,-26.1745033264,-17.9987640381,91.222442627,5.29365682602,145.841796875,9.33121395111,40.26039505,-21.7378482819,30.9805488586,-7.48615837097,55.4135246277],[509.534423828,-139.015609741,4.2164645195,74.9253997803,-3.22115731239,74.2383728027,9.33121395111,132.475082397,-0.232011139393,34.7731781006,-11.686548233,31.2587451935,2.99104499817],[-171.582794189,138.049850464,-26.0808124542,-27.4629592896,40.910369873,-32.7308082581,40.26039505,-0.232011139393,88.9817352295,8.0019903183,31.124917984,-18.4627437592,25.3110561371],[327.120910645,-67.9821166992,19.5236358643,36.7041168213,-14.292388916,25.0523262024,-21.7378482819,34.7731781006,8.0019903183,79.9279937744,17.2830123901,28.4075241089,-14.7697124481],[-149.000091553,97.4301452637,16.9348239899,11.5430955887,37.331741333,-22.840555191,30.9805488586,-11.686548233,31.124917984,17.2830123901,88.0199203491,15.6678371429,36.3142852783],[326.271759033,-58.6077232361,36.6207542419,44.0840797424,-4.04142951965,43.0828552246,-7.48615837097,31.2587451935,-18.4627437592,28.4075241089,15.6678371429,102.27922821,11.0485668182],[-125.32358551,111.515052795,-35.6500091553,14.1084594727,37.4336280823,-16.2819042206,55.4135246277,2.99104499817,25.3110561371,-14.7697124481,36.3142852783,11.0485668182,99.0868225098]],"icov":[[0.000142273202073,-0.0000918928635656,0.000225928830332,-0.0000840995562612,-0.00000886685575097,-0.000304624205455,0.0000924748310354,-0.000274824706139,0.000198272915441,-0.000381226360332,0.000149644183693,-0.000229859506362,0.000149813204189],[-0.0000918928635656,0.0010511338478,0.000202329218155,0.000373366579879,-0.000437901093392,-0.000393555033952,-0.000228638149565,0.00121661333833,-0.00111381860916,0.000581215252168,-0.000628940819297,0.000210898957448,-0.000509526522364],[0.000225928830332,0.000202329218155,0.00191954046022,-0.00022128742421,-0.00133258628193,-0.000037565594539,0.000555304985028,-0.000310005038045,0.000646630302072,-0.000610153714661,-0.000179995840881,-0.000879875267856,0.000884193694219],[-0.0000840995562612,0.000373366579879,-0.00022128742421,0.0039442027919,0.000135478258017,-0.000352098635631,0.000434914312791,-0.00133182993159,0.000849858915899,-0.000338339625159,-0.00120865018107,0.0000277449453279,-0.00130749272648],[-0.00000886685575097,-0.000437901093392,-0.00133258628193,0.000135478258017,0.00832313019782,0.000246047391556,-0.00432378612459,-0.00035617366666,-0.00121179025155,0.00069814309245,-0.00102492189035,-0.0000530458237336,0.000102883728687],[-0.000304624205455,-0.000393555033952,-0.000037565594539,-0.000352098635631,0.000246047391556,0.00801322236657,-0.00174523110036,-0.00293265935034,0.00244991015643,-0.000228369710385,0.000987973529845,-0.00149635213893,0.00152747344691],[0.0000924748310354,-0.000228638149565,0.000555304985028,0.000434914312791,-0.00432378612459,-0.00174523110036,0.0131402323022,-0.00187390076462,-0.00220149103552,0.00278795394115,-0.00150856247637,0.000776742293965,-0.00398898636922],[-0.000274824706139,0.00121661333833,-0.000310005038045,-0.00133182993159,-0.00035617366666,-0.00293265935034,-0.00187390076462,0.0137622756884,-0.00334211043082,-0.00320569705218,0.00309098511934,-0.000831557728816,-0.00201771687716],[0.000198272915441,-0.00111381860916,0.000646630302072,0.000849858915899,-0.00121179025155,0.00244991015643,-0.00220149103552,-0.00334211043082,0.0186888668686,-0.0049909693189,-0.0029887300916,0.00323482463136,-0.000974892929662],[-0.000381226360332,0.000581215252168,-0.000610153714661,-0.000338339625159,0.00069814309245,-0.000228369710385,0.00278795394115,-0.00320569705218,-0.0049909693189,0.0208628736436,-0.00633324868977,-0.00293221999891,0.00396143319085],[0.000149644183693,-0.000628940819297,-0.000179995840881,-0.00120865018107,-0.00102492189035,0.000987973529845,-0.00150856247637,0.00309098511934,-0.0029887300916,-0.00633324868977,0.0187900513411,-0.00294396746904,-0.00443434575573],[-0.000229859506362,0.000210898957448,-0.000879875267856,0.0000277449453279,-0.0000530458237336,-0.00149635213893,0.000776742293965,-0.000831557728816,0.00323482463136,-0.00293221999891,-0.00294396746904,0.0140725616366,-0.0032373147551],[0.000149813204189,-0.000509526522364,0.000884193694219,-0.00130749272648,0.000102883728687,0.00152747344691,-0.00398898636922,-0.00201771687716,-0.000974892929662,0.00396143319085,-0.00443434575573,-0.0032373147551,0.0166888348758]],"mean":[-647.28302002,141.418319702,-8.9893951416,23.9043903351,1.83370900154,32.8808784485,2.50164818764,10.9666852951,-1.75758683681,8.25682163239,-0.0180918071419,11.746254921,1.13878798485]},"pitch_salience":{"dmean":0.0820543915033,"dmean2":0.12870618701,"dvar":0.00597795657814,"dvar2":0.013675536029,"max":0.835720717907,"mean":0.452981233597,"median":0.471765995026,"min":0.0390408970416,"var":0.0295714102685},"silence_rate_20dB":{"dmean":0.00242344127037,"dmean2":0.00484741665423,"dvar":0.00241756811738,"dvar2":0.00702729029581,"max":1,"mean":0.998678267002,"median":1,"min":0,"var":0.00131998443976},"silence_rate_30dB":{"dmean":0.111478298903,"dmean2":0.222981154919,"dvar":0.099050886929,"dvar2":0.202565401793,"max":1,"mean":0.628703594208,"median":1,"min":0,"var":0.233435377479},"silence_rate_60dB":{"dmean":0.00198281556368,"dmean2":0.00396606791764,"dvar":0.00197888398543,"dvar2":0.00461134966463,"max":1,"mean":0.0780922994018,"median":0,"min":0,"var":0.071993894875},"spectral_centroid":{"dmean":244.938873291,"dmean2":348.426361084,"dvar":85681.984375,"dvar2":162961.53125,"max":11736.7539062,"mean":1386.4083252,"median":1217.25622559,"min":128.417816162,"var":948525.75},"spectral_complexity":{"dmean":4.28398323059,"dmean2":6.19433736801,"dvar":18.7327480316,"dvar2":33.8699111938,"max":60,"mean":24.058927536,"median":24,"min":0,"var":159.679855347},"spectral_contrast_coeffs":{"dmean":[0.0520629547536,0.0499342270195,0.0393419973552,0.0297367367893,0.020529307425,0.0375896021724],"dmean2":[0.0865277424455,0.0835464149714,0.0649545267224,0.0491265021265,0.033686388284,0.0555842630565],"dvar":[0.00178828835487,0.00153970287647,0.000962727935985,0.000539379543625,0.000293492543278,0.00113896839321],"dvar2":[0.00485242344439,0.00421685865149,0.00258654146455,0.00147138093598,0.000763336254749,0.00243598641828],"max":[-0.410980463028,-0.504160225391,-0.526441156864,-0.628299474716,-0.650409638882,-0.442107409239],"mean":[-0.724608361721,-0.771889567375,-0.790053009987,-0.802502214909,-0.827234685421,-0.722187817097],"median":[-0.72998046875,-0.77564561367,-0.792227089405,-0.800498425961,-0.821653068066,-0.713970303535],"min":[-0.981672406197,-0.98365598917,-0.984522521496,-0.982151031494,-0.974937617779,-0.966475129128],"var":[0.00585327902809,0.00406182836741,0.00376314530149,0.00216786284,0.00148862483911,0.00659256475046]},"spectral_contrast_valleys":{"dmean":[0.417578101158,0.365859776735,0.317237019539,0.277769863605,0.340180277824,0.587579727173],"dmean2":[0.663603723049,0.599460482597,0.512200772762,0.436083287001,0.465908199549,0.854208707809],"dvar":[0.128033682704,0.099777020514,0.0824871584773,0.0837994888425,0.130470424891,0.254951119423],"dvar2":[0.299235671759,0.242770135403,0.185702562332,0.174862146378,0.235921874642,0.568873822689],"max":[-4.79608345032,-4.60134553909,-4.97326660156,-5.48027324677,-5.32734584808,-8.48688602448],"mean":[-6.76639270782,-6.70547103882,-7.02704429626,-7.25401163101,-7.68105554581,-10.7678394318],"median":[-6.3685503006,-6.31921815872,-6.58566570282,-6.75178289413,-7.29505300522,-10.4562387466],"min":[-28.1334533691,-28.2361869812,-27.8597373962,-27.6685276031,-27.4940223694,-27.3869419098],"var":[4.15047645569,3.94755315781,4.15899133682,4.36315441132,4.15561437607,3.05972123146]},"spectral_decrease":{"dmean":8.8715568225e-9,"dmean2":1.37420057555e-8,"dvar":2.04228788892e-16,"dvar2":4.74109645688e-16,"max":3.70409058981e-9,"mean":-2.06618331333e-8,"median":-1.41686555821e-8,"min":-1.51841206275e-7,"var":4.27590384466e-16},"spectral_energy":{"dmean":0.033858705312,"dmean2":0.0522600449622,"dvar":0.00285705458373,"dvar2":0.0066622258164,"max":0.577736735344,"mean":0.0930156186223,"median":0.0717305168509,"min":1.02212785744e-20,"var":0.00640068529174},"spectral_energyband_high":{"dmean":0.00102092919406,"dmean2":0.00140771898441,"dvar":0.00000272041620519,"dvar2":0.00000524597271578,"max":0.0262624714524,"mean":0.00197837920859,"median":0.00087100622477,"min":7.18465896388e-21,"var":0.00000827547410154},"spectral_energyband_low":{"dmean":0.027888039127,"dmean2":0.0445590987802,"dvar":0.00196928274818,"dvar2":0.00505094137043,"max":0.46658205986,"mean":0.0605877488852,"median":0.0354606732726,"min":1.12011140905e-23,"var":0.00441435491666},"spectral_energyband_middle_high":{"dmean":0.00289433659054,"dmean2":0.00437061488628,"dvar":0.0000159420342243,"dvar2":0.0000349299916707,"max":0.0930639728904,"mean":0.00907835457474,"median":0.00721075432375,"min":1.20037326352e-21,"var":0.0000742478950997},"spectral_energyband_middle_low":{"dmean":0.00423864461482,"dmean2":0.00699189398438,"dvar":0.0000353701798304,"dvar2":0.0000936067881412,"max":0.0965175554156,"mean":0.00963204167783,"median":0.00681515457109,"min":1.6212291933e-22,"var":0.0000961714467849},"spectral_entropy":{"dmean":0.200975000858,"dmean2":0.273905426264,"dvar":0.0405691489577,"dvar2":0.0785630792379,"max":9.81968402863,"mean":7.68450117111,"median":7.75881719589,"min":4.98972225189,"var":0.241460338235},"spectral_flux":{"dmean":0.0446763411164,"dmean2":0.0702528283,"dvar":0.00336522422731,"dvar2":0.00811521243304,"max":0.565202176571,"mean":0.139869138598,"median":0.1258559376,"min":6.40167294175e-11,"var":0.00693585257977},"spectral_kurtosis":{"dmean":5.03403806686,"dmean2":7.06662082672,"dvar":37.0969085693,"dvar2":79.5934143066,"max":82.8213272095,"mean":14.9600152969,"median":12.5801401138,"min":-1.25788247585,"var":105.665489197},"spectral_rms":{"dmean":0.00154610851314,"dmean2":0.00231225392781,"dvar":0.00000397449957745,"dvar2":0.00000853779692989,"max":0.0237412210554,"mean":0.00853889621794,"median":0.00836546439677,"min":3.15784399497e-12,"var":0.0000178341979336},"spectral_rolloff":{"dmean":3028.08349609,"dmean2":5537.38769531,"dvar":34500144,"dvar2":79966664,"max":22028.4667969,"mean":7619.60400391,"median":1701.12304688,"min":21.533203125,"var":83439256},"spectral_skewness":{"dmean":0.44650799036,"dmean2":0.604052066803,"dvar":0.220448002219,"dvar2":0.439113289118,"max":7.45399999619,"mean":2.59415793419,"median":2.44222784042,"min":-0.0728116631508,"var":0.927788794041},"spectral_spread":{"dmean":750243.6875,"dmean2":1031684.0625,"dvar":677908512768,"dvar2":1329800413180,"max":43066156,"mean":4840653.5,"median":4423685,"min":1519218,"var":8778688757760},"spectral_strongpeak":{"dmean":1.5813318491,"dmean2":2.90917396545,"dvar":53.8355903625,"dvar2":145.303817749,"max":131.202514648,"mean":1.51409590244,"median":0.372467279434,"min":0,"var":43.3410987854},"zerocrossingrate":{"dmean":0.0335437618196,"dmean2":0.0399993099272,"dvar":0.000968933512922,"dvar2":0.00132187595591,"max":0.88232421875,"mean":0.207448318601,"median":0.18994140625,"min":0.0029296875,"var":0.0167862232774}},"metadata":{"audio_properties":{"analysis_sample_rate":44100,"bit_rate":212558,"codec":"mp3","downmix":"mix","equal_loudness":0,"length":210.783111572,"lossless":false,"md5_encoded":"bf39f30f86ca66c7232b44c662628db1","replay_gain":0.696989059448,"sample_rate":44100},"tags":{"acoustid_id":["38ed0da4-a433-4176-8028-abc30d4d14d7"],"album":["Tourist History"],"albumartist":["Two Door Cinema Club"],"artist":["Two Door Cinema Club"],"date":["2010"],"discnumber":["1/2"],"file_name":"1-04 - Two Door Cinema Club - This Is the Life.mp3","musicbrainz_albumartistid":["6f1de078-6684-4792-820d-2ffad64c15ed"],"musicbrainz_albumid":["fa9b7386-6ad7-4eae-bb97-2c1360a5c2c2"],"musicbrainz_artistid":["6f1de078-6684-4792-820d-2ffad64c15ed"],"musicbrainz_recordingid":["670efbb3-04b6-4a8d-a528-1c5390fb1ee4"],"musicbrainz_releasegroupid":["a3597f45-b9d9-4c8a-803e-0a7d0d4d4e9b"],"replaygain_album_gain":["-0.16 dB"],"replaygain_album_peak":["0.400526"],"replaygain_track_gain":["-0.82 dB"],"replaygain_track_peak":["0.365073"],"title":["This Is the Life"],"tracknumber":["4/10"]},"version":{"essentia":"2.1-beta1","essentia_build_sha":"e76a03f03bb3900de42a1fa0d9be1e72f12def64","essentia_git_sha":"v2.1_beta1-28-g21ef5f4-dirty","extractor":"music 1.0"}},"rhythm":{"beats_count":476,"beats_loudness":{"dmean":0.114193923771,"dmean2":0.219037458301,"dvar":0.00709652760997,"dvar2":0.0238136388361,"max":0.48577067256,"mean":0.145735815167,"median":0.126620307565,"min":0,"var":0.00952867884189},"beats_loudness_band_ratio":{"dmean":[0.304817646742,0.0396180339158,0.0504355095327,0.0875499844551,0.0515718758106,0.104564443231],"dmean2":[0.58887565136,0.0737293735147,0.0960027500987,0.168596193194,0.10098015517,0.197825372219],"dvar":[0.0424679815769,0.00164265348576,0.00414618477225,0.00705739017576,0.0018227067776,0.00654693087563],"dvar2":[0.147325068712,0.00537706306204,0.0130850346759,0.0229611154646,0.00625770585611,0.0199306663126],"max":[0.993617236614,0.270086765289,0.543717324734,0.587974846