{"lowlevel":{"average_loudness":0.577949881554,"barkbands":{"dmean":[0.0104423910379,0.0160883627832,0.00149850116577,0.000737797876354,0.00134673132561,0.00108710234053,0.000988153973594,0.000751165731344,0.000486633856781,0.000753618369345,0.000445196550572,0.000347470806446,0.000155347152031,0.000134180983878,0.000171353152837,0.0000858038474689,0.0000870871444931,0.0000711159591447,0.0000535307081009,0.0000405552746088,0.0000245002993324,0.0000209887894016,0.0000304516033793,0.0000329416616296,0.00000633044555798,0.0000265043818217,0.0000913163821679],"dmean2":[0.0176487453282,0.0274002440274,0.00256555713713,0.00122729991563,0.00209706858732,0.00165784358978,0.00149498099927,0.00116100476589,0.000788771780208,0.00120925484225,0.000691306951921,0.000503251503687,0.000252699275734,0.000214216226595,0.000261118431808,0.000146313381265,0.000148973907926,0.000116854476801,0.0000858598286868,0.0000658211356495,0.000038320398744,0.0000312984848279,0.0000436164373241,0.0000481515999127,0.0000100325387393,0.0000373840921384,0.00012290669838],"dvar":[0.000337309931638,0.00122167693917,0.0000245568026003,0.00000374463456865,0.0000134266429086,0.00000703085243003,0.0000107796704469,0.00000862542128743,0.00000254507904174,0.00000378829486181,0.00000164451830642,6.89402213538e-7,1.30234724338e-7,1.67667067785e-7,2.28599205343e-7,1.09749414889e-7,1.99371498866e-7,8.43887164592e-8,5.02479551301e-8,2.93131616758e-8,6.93699497845e-9,3.94171362217e-9,9.7378931585e-9,1.4059735598e-8,3.28572252739e-10,7.80901476816e-9,1.0617732471e-7],"dvar2":[0.000901977997273,0.00309509900399,0.000067245986429,0.00000938280390983,0.0000296413090837,0.0000157854356075,0.0000241267007368,0.0000209362206078,0.00000677786147207,0.0000092871769084,0.00000392577021557,0.00000144217256093,3.13472696689e-7,4.08081973546e-7,4.78066908727e-7,2.96989668414e-7,5.59681211598e-7,2.19134875579e-7,1.24015727465e-7,7.54021769467e-8,1.69459859478e-8,8.91974138995e-9,2.0592413108e-8,2.9775566901e-8,7.47960304803e-10,1.57713824223e-8,1.80469200473e-7],"max":[0.346262931824,0.581222832203,0.14240925014,0.0429684594274,0.125760883093,0.0711611360312,0.122801549733,0.0961260125041,0.0770944878459,0.0675813928246,0.0379302278161,0.0211800634861,0.0121858688071,0.0109930066392,0.0157624222338,0.00677779549733,0.0121874799952,0.00967995636165,0.00939862150699,0.00857297889888,0.00285820406862,0.00196126522496,0.002265117364,0.00206639012322,0.000395899201976,0.00185297057033,0.024930126965],"mean":[0.0143098849803,0.0232929512858,0.00154403131455,0.000964229984675,0.0023611264769,0.00193202635273,0.00190055498388,0.00125924905296,0.000778395100497,0.00131021183915,0.000785429787356,0.000870676420163,0.000282788998447,0.000272806239082,0.000411545566749,0.00011494748469,0.000104790982732,0.000109073800559,0.0000904794214875,0.0000674837574479,0.0000429912070103,0.0000338732425007,0.0000381865720556,0.0000361448837793,0.00000645607315164,0.0000331691080646,0.000301391555695],"median":[0.0071285488084,0.010054782033,0.000371958303731,0.000261529843556,0.000585007772315,0.000429749925388,0.000217033128138,0.000183075448149,0.000247823511017,0.000279694853816,0.000101880730654,0.0001162063636,0.0000912967152544,0.0000505770804011,0.000071509864938,0.0000234506951529,0.0000114881750051,0.0000126870663735,0.00000746637579141,0.00000497150540468,0.00000389575825466,0.00000317251897286,0.00000249464619628,0.00000201539614864,0.00000112731868285,0.00000240563099396,0.0000608326081419],"min":[2.30289329092e-25,9.73550499466e-25,2.80682232104e-25,9.72625991462e-26,9.60596870921e-24,8.25270543643e-24,7.34151034861e-24,6.66797223026e-24,8.51322675038e-24,1.2179771774e-23,9.17672819143e-24,2.33706716935e-23,2.39750653646e-23,2.33741379483e-23,3.64629149323e-23,5.1652030921e-23,7.16311639687e-23,8.31610161199e-23,1.2764491412e-22,1.87991826736e-22,2.76475577684e-22,2.91114463192e-22,3.42950046268e-22,5.99888202524e-22,8.32591668248e-22,1.25333786432e-21,1.71711204303e-21],"var":[0.000429900246672,0.00169171113521,0.0000208856163226,0.00000615585167907,0.0000453058783023,0.0000210958714888,0.0000370758243662,0.0000207297889574,0.00000480562857774,0.00000929592351895,0.00000422486391471,0.00000355685301656,3.55481176939e-7,4.96193933941e-7,0.00000103378943095,1.44121671042e-7,1.99041608084e-7,1.58694675179e-7,1.39174773039e-7,8.26034991519e-8,2.60164121357e-8,1.20895684574e-8,1.49987791076e-8,1.81959389778e-8,3.74788283741e-10,1.25116210725e-8,0.0000012114785477]},"barkbands_crest":{"dmean":2.84571480751,"dmean2":4.83783054352,"dvar":6.12374925613,"dvar2":17.2278327942,"max":25.9775676727,"mean":13.1502056122,"median":13.0176515579,"min":2.91981840134,"var":24.5515232086},"barkbands_flatness_db":{"dmean":0.042159318924,"dmean2":0.0679054930806,"dvar":0.00177837570664,"dvar2":0.00458628823981,"max":0.59037232399,"mean":0.218499287963,"median":0.204948216677,"min":0.0283614881337,"var":0.00656979205087},"barkbands_kurtosis":{"dmean":25.2456970215,"dmean2":41.6711883545,"dvar":2773.97436523,"dvar2":7600.24951172,"max":995.464172363,"mean":43.3348579407,"median":8.4590921402,"min":-1.84804141521,"var":5996.47705078},"barkbands_skewness":{"dmean":1.23059141636,"dmean2":1.99361288548,"dvar":2.40525627136,"dvar2":6.21915912628,"max":24.2280521393,"mean":3.75742578506,"median":2.42369389534,"min":-2.32962346077,"var":12.2772159576},"barkbands_spread":{"dmean":4.2167301178,"dmean2":6.74889039993,"dvar":35.8811950684,"dvar2":85.6336517334,"max":129.441482544,"mean":13.8357715607,"median":10.7144680023,"min":0.145328864455,"var":187.102325439},"dissonance":{"dmean":0.0321860536933,"dmean2":0.0537462420762,"dvar":0.00111497240141,"dvar2":0.00301793497056,"max":0.500000178814,"mean":0.44301918149,"median":0.456950515509,"min":0.157801583409,"var":0.00246384879574},"dynamic_complexity":5.09982204437,"erbbands":{"dmean":[0.924978375435,2.04248070717,1.93710720539,2.06547212601,2.91380643845,4.92662763596,7.37371635437,9.92690753937,8.27097034454,23.1963481903,12.0537805557,11.5088539124,15.0124320984,23.5871963501,18.0352401733,12.9697799683,7.39601230621,5.89525699615,10.6898336411,4.76011228561,5.3554854393,4.42898511887,3.69426631927,3.46218538284,2.39741539955,1.86373090744,1.24052333832,0.840000748634,0.749247848988,0.78039342165,0.908120989799,0.805395662785,0.450619310141,0.116927862167,0.0273568965495,0.0720683410764,0.0581000745296,0.0154409306124,0.00532950507477,0.00353519734927],"dmean2":[1.582259655,3.51130223274,3.33252334595,3.43190073967,4.71814012527,7.68423318863,11.4162359238,15.1600179672,12.7239074707,35.011554718,18.9411945343,18.5188751221,24.6763591766,37.0379600525,27.3199443817,18.5816230774,11.7843408585,9.49448871613,16.2037696838,7.76633739471,9.1881275177,7.49376392365,6.03659963608,5.62852573395,3.80245566368,3.06040072441,1.97840833664,1.29974651337,1.11626052856,1.13332152367,1.3008055687,1.16740036011,0.674544036388,0.17750646174,0.0447103492916,0.105587996542,0.0819435566664,0.0205883979797,0.00699250819162,0.00444299494848],"dvar":[3.41283321381,28.9540271759,37.6491394043,32.2433242798,61.4239120483,216.801895142,396.040588379,703.847106934,708.207397461,6184.14599609,4166.66064453,1442.23278809,1084.33325195,4345.16357422,2350.60253906,1064.84960938,306.718353271,229.813201904,1010.54125977,154.861679077,537.362243652,434.556427002,207.489822388,211.410812378,96.633354187,72.3385620117,21.3604564667,7.43733453751,5.09804391861,5.40496873856,8.86608695984,8.45735263824,2.67804384232,0.142964929342,0.00349678401835,0.0604221634567,0.039307102561,0.00192220427562,0.000514136219863,0.0000723871999071],"dvar2":[8.64713191986,75.9000015259,101.990058899,82.3274688721,142.722167969,487.476318359,860.370361328,1587.94348145,1590.41186523,13481.8681641,10870.5927734,3700.60620117,2864.85205078,10664.0927734,5361.64990234,2155.47753906,717.405395508,569.387207031,2168.4621582,397.772155762,1476.59509277,1198.1472168,533.409606934,552.250427246,233.863830566,193.068374634,54.3407173157,17.9993362427,11.7298440933,11.7682514191,18.5729026794,18.1969718933,5.71853971481,0.308323472738,0.00822324212641,0.125154808164,0.0812331065536,0.00361762056127,0.000807552831247,0.000102444035292],"max":[30.6174316406,117.754043579,158.698196411,122.247673035,364.15057373,475.764343262,831.846008301,711.272155762,1274.97509766,2343.91333008,3567.14038086,1904.43884277,854.584472656,2499.53710938,1247.67651367,1035.72521973,636.364135742,477.391326904,976.742614746,314.993103027,432.895141602,486.547576904,537.867797852,522.510986328,366.86138916,526.130065918,211.235046387,88.9910812378,72.6635131836,48.0954856873,55.5931549072,62.3847961426,30.5200595856,7.12980175018,1.45504283905,4.23800325394,4.45969820023,1.24792182446,1.58437001705,0.516941845417],"mean":[1.34819161892,2.66624259949,2.1394803524,2.72973322868,4.64751672745,8.38637256622,12.3295526505,17.4824123383,14.7868394852,47.2518043518,21.0533256531,19.152715683,25.2541656494,45.5503883362,35.8088417053,34.3103866577,15.0830774307,12.9284086227,26.7192802429,9.10797977448,6.95618581772,5.89833927155,5.89226102829,5.49300003052,3.96819162369,3.09201622009,2.18895101547,1.44795370102,1.24596273899,1.08391141891,1.11157262325,0.91379904747,0.478662014008,0.121319279075,0.028659561649,0.0802530571818,0.0730312094092,0.0277721937746,0.0166913028806,0.0141163356602],"median":[0.623955249786,0.836935400963,0.604318857193,0.798098921776,1.16809546947,1.81014001369,2.95877742767,3.77266407013,3.57394909859,3.65272212029,4.416847229,6.07908725739,7.44193935394,8.45243453979,6.87437534332,5.33580255508,4.97392463684,3.76503586769,3.65298175812,2.93368601799,1.20094072819,0.671528756618,0.684846460819,0.547339677811,0.304614543915,0.235699757934,0.195175200701,0.136723324656,0.118544995785,0.0889344215393,0.0692368224263,0.0490086637437,0.0287934672087,0.0144418664277,0.00729618174955,0.00685918005183,0.00484852585942,0.00256554153748,0.0022174953483,0.00455805193633],"min":[3.8338008905e-23,2.37992367886e-22,9.46080858388e-22,2.73279189027e-21,1.20326934482e-20,2.54598809311e-20,3.75371201555e-20,5.25528619605e-20,5.44165160365e-20,1.30552481438e-19,2.10018171922e-19,2.76111570151e-19,5.74882512412e-19,9.29658674474e-19,7.83177033808e-19,1.19472601343e-18,1.47935555349e-18,1.60967982355e-18,1.34503620786e-18,3.49061863973e-18,3.25623639278e-18,4.74921819589e-18,5.53285229869e-18,5.64425077973e-18,7.30898195459e-18,9.07922870197e-18,9.17837705173e-18,1.09361904473e-17,9.79329402012e-18,9.98578722047e-18,9.82918373254e-18,1.14160519827e-17,9.54300984628e-18,7.72854946797e-18,6.06519927115e-18,4.32759307074e-18,2.09475631913e-18,9.54330990604e-19,2.16249905088e-19,2.53561150006e-20],"var":[5.06078863144,31.3746376038,33.3473892212,48.8639221191,199.645614624,722.318237305,1086.12072754,2103.1887207,1703.13500977,26674.8515625,8341.75683594,2793.5546875,2413.36914062,11295.2832031,6102.33886719,6133.35595703,925.683044434,635.051391602,4288.42871094,285.715637207,634.830627441,549.611572266,441.630828857,457.139160156,271.040466309,180.149002075,76.3531036377,26.1349887848,17.419670105,10.9593648911,13.250957489,11.2240219116,3.30726504326,0.173986911774,0.00421203346923,0.082737185061,0.0626911148429,0.00794383604079,0.00565840303898,0.000895681383554]},"erbbands_crest":{"dmean":3.02925515175,"dmean2":4.8907532692,"dvar":8.51603317261,"dvar2":20.6277751923,"max":34.3446578979,"mean":10.8727769852,"median":9.77027606964,"min":1.81506216526,"var":33.7262382507},"erbbands_flatness_db":{"dmean":0.0288302730769,"dmean2":0.0445176996291,"dvar":0.000741868512705,"dvar2":0.00174738885835,"max":0.390981853008,"mean":0.162330657244,"median":0.160025253892,"min":0.0267876964062,"var":0.00532549945638},"erbbands_kurtosis":{"dmean":1.98156273365,"dmean2":3.18822669983,"dvar":19.7941093445,"dvar2":49.3143920898,"max":172.107116699,"mean":2.68716025352,"median":0.793890655041,"min":-1.76263594627,"var":58.912689209},"erbbands_skewness":{"dmean":0.465632647276,"dmean2":0.722844302654,"dvar":0.23293569684,"dvar2":0.561167657375,"max":9.72014331818,"mean":0.326804071665,"median":0.293834924698,"min":-8.10488128662,"var":1.36033117771},"erbbands_spread":{"dmean":8.27981090546,"dmean2":12.7850532532,"dvar":127.15789032,"dvar2":287.171447754,"max":168.95475769,"mean":29.6027927399,"median":20.7720394135,"min":0.901291012764,"var":557.949890137},"gfcc":{"cov":[[30402.3261719,1193.15686035,-2059.48217773,40.2830238342,-515.042175293,58.8860282898,141.158737183,163.354095459,191.174057007,-23.1877803802,122.851119995,188.612228394,-240.594177246],[1193.15686035,1348.54174805,-310.152038574,-730.935852051,-5.38680171967,-196.829574585,53.4975242615,-205.092559814,42.5012817383,-32.9295883179,63.7930908203,-109.691146851,132.692596436],[-2059.48217773,-310.152038574,859.199157715,646.737304688,-32.7428283691,242.291412354,-7.15845441818,269.656097412,-53.9783744812,36.3353767395,12.8654251099,102.987449646,-69.1567993164],[40.2830238342,-730.935852051,646.737304688,1166.19238281,90.4077758789,240.658187866,51.1244392395,363.615661621,-10.7231397629,49.4389533997,-7.4994225502,166.804000854,-146.314254761],[-515.042175293,-5.38680171967,-32.7428283691,90.4077758789,283.930664062,56.3467025757,82.0554122925,-40.7918968201,29.4300327301,-19.1427497864,24.9093742371,-7.01282453537,32.4876327515],[58.8860282898,-196.829574585,242.291412354,240.658187866,56.3467025757,339.923095703,57.7964057922,160.461853027,-36.4578132629,12.5416116714,16.0747432709,63.3124237061,-26.2810955048],[141.158737183,53.4975242615,-7.15845441818,51.1244392395,82.0554122925,57.7964057922,192.342407227,65.27759552,46.3048362732,-14.381567955,37.9488143921,34.6455764771,10.705163002],[163.354095459,-205.092559814,269.656097412,363.615661621,-40.7918968201,160.461853027,65.27759552,286.898010254,42.3947372437,49.2031364441,12.3969106674,76.2453231812,-53.2727241516],[191.174057007,42.5012817383,-53.9783744812,-10.7231397629,29.4300327301,-36.4578132629,46.3048362732,42.3947372437,134.564239502,60.7034797668,12.0442094803,-15.7443695068,-7.4515786171],[-23.1877803802,-32.9295883179,36.3353767395,49.4389533997,-19.1427497864,12.5416116714,-14.381567955,49.2031364441,60.7034797668,93.8395843506,18.7675457001,-5.00526428223,-16.3288040161],[122.851119995,63.7930908203,12.8654251099,-7.4994225502,24.9093742371,16.0747432709,37.9488143921,12.3969106674,12.0442094803,18.7675457001,83.757774353,45.7902984619,14.2966003418],[188.612228394,-109.691146851,102.987449646,166.804000854,-7.01282453537,63.3124237061,34.6455764771,76.2453231812,-15.7443695068,-5.00526428223,45.7902984619,100.203605652,2.40089392662],[-240.594177246,132.692596436,-69.1567993164,-146.314254761,32.4876327515,-26.2810955048,10.705163002,-53.2727241516,-7.4515786171,-16.3288040161,14.2966003418,2.40089392662,91.0449676514]],"icov":[[0.0000952404079726,-0.000229309865972,0.000590664916672,-0.000508532684762,0.000553834659513,-0.000449253449915,0.000178134258022,0.000136519476655,-0.000359875702998,0.000439713650849,-0.000398979493184,0.000112661873573,0.0000580261985306],[-0.000229309865972,0.00195087387692,-0.00172624737024,0.00186002987903,-0.0011308536632,0.00145351339597,-0.000907558656763,-0.00058030418586,0.000619261641987,-0.000293451361358,-0.000809967517853,0.00148194818757,-0.00109490496106],[0.000590664916672,-0.00172624737024,0.00639381073415,-0.00504048774019,0.00464181182906,-0.00399184413254,0.00185662589502,0.000262857298367,-0.00181939639151,0.00334670720622,-0.00426119240001,0.00267510302365,-0.000990110100247],[-0.000508532684762,0.00186002987903,-0.00504048774019,0.00782175920904,-0.0074252365157,0.00476399762556,-0.00121273717377,-0.00393011188135,0.00468023261055,-0.00602053198963,0.00747958850116,-0.00806724280119,0.00489579793066],[0.000553834659513,-0.0011308536632,0.00464181182906,-0.0074252365157,0.0128678241745,-0.00661428226158,-0.000500025169458,0.00587568851188,-0.00760268606246,0.00853086262941,-0.00972046889365,0.00991136115044,-0.0061265155673],[-0.000449253449915,0.00145351339597,-0.00399184413254,0.00476399762556,-0.00661428226158,0.00893167313188,-0.00213512103073,-0.00501079298556,0.00711060361937,-0.00622344296426,0.00495914090425,-0.0044630561024,0.00238052080385],[0.000178134258022,-0.000907558656763,0.00185662589502,-0.00121273717377,-0.000500025169458,-0.00213512103073,0.00997278466821,-0.00232851970941,-0.00516288541257,0.00671096844599,-0.00423057889566,-0.000116755385534,-0.000269756244961],[0.000136519476655,-0.00058030418586,0.000262857298367,-0.00393011188135,0.00587568851188,-0.00501079298556,-0.00232851970941,0.0127460937947,-0.00648875115439,0.000691710039973,-0.000428977888077,-0.000700341246556,-0.0010420945473],[-0.000359875702998,0.000619261641987,-0.00181939639151,0.00468023261055,-0.00760268606246,0.00711060361937,-0.00516288541257,-0.00648875115439,0.021290531382,-0.0162001810968,0.00681734737009,-0.00353662972338,0.00372139317915],[0.000439713650849,-0.000293451361358,0.00334670720622,-0.00602053198963,0.00853086262941,-0.00622344296426,0.00671096844599,0.000691710039973,-0.0162001810968,0.0296645220369,-0.0171770006418,0.0140083702281,-0.00444616051391],[-0.000398979493184,-0.000809967517853,-0.00426119240001,0.00747958850116,-0.00972046889365,0.00495914090425,-0.00423057889566,-0.000428977888077,0.00681734737009,-0.0171770006418,0.0341945178807,-0.025808300823,0.00684436690062],[0.000112661873573,0.00148194818757,0.00267510302365,-0.00806724280119,0.00991136115044,-0.0044630561024,-0.000116755385534,-0.000700341246556,-0.00353662972338,0.0140083702281,-0.025808300823,0.0383997298777,-0.0127527629957],[0.0000580261985306,-0.00109490496106,-0.000990110100247,0.00489579793066,-0.0061265155673,0.00238052080385,-0.000269756244961,-0.0010420945473,0.00372139317915,-0.00444616051391,0.00684436690062,-0.0127527629957,0.0209123753011]],"mean":[-77.2007369995,104.44896698,-70.5367584229,-9.77316856384,-19.7184276581,2.16510653496,-4.08317422867,-6.98721551895,-0.818369686604,-3.8377635479,1.14093625546,0.656225383282,0.732873022556]},"hfc":{"dmean":25.2937679291,"dmean2":34.9442901611,"dvar":2272.62915039,"dvar2":4263.40722656,"max":1387.91516113,"mean":93.423324585,"median":51.5093574524,"min":1.00853460172e-16,"var":14102.9189453},"melbands":{"dmean":[0.00624639028683,0.00146114570089,0.000365676067304,0.000260450644419,0.000263204972725,0.000214050218347,0.000145577345393,0.000237289030338,0.000091139030701,0.0000721676769899,0.0000791116472101,0.00010201933037,0.0000632476003375,0.0000436978370999,0.0000210240214074,0.0000149295310621,0.0000112432235255,0.0000180129263754,0.00000954746701609,0.00000532326293978,0.00000704439116817,0.00000524146025782,0.00000380034407499,0.00000330726561515,0.00000301212799059,0.00000189472154943,0.00000174219110249,0.0000012205053963,8.77891636719e-7,6.04052161179e-7,4.84623285502e-7,4.45049494147e-7,4.17699396849e-7,4.66038898139e-7,5.33270792857e-7,5.46338526419e-7,4.79858329072e-7,3.50284068418e-7,2.18971521804e-7,5.45494316384e-8],"dmean2":[0.0105962576345,0.0024966027122,0.000600537867285,0.000411516695749,0.000403555459343,0.000325634755427,0.000222046961426,0.000359830126399,0.000144785895827,0.000116468727356,0.000130000029458,0.000160753930686,0.0000970832334133,0.0000634349926258,0.000031628555007,0.0000245871342486,0.000018106036805,0.0000274463855021,0.0000148717490447,0.00000897294739843,0.000012184273146,0.00000900732084119,0.00000627552572041,0.00000544954309589,0.00000494284540764,0.00000300956730825,0.00000284193470179,0.00000204326124731,0.00000141493592309,9.65007302511e-7,7.64682340559e-7,6.74194893691e-7,6.36632989881e-7,6.86865860189e-7,7.76470471919e-7,7.9880192061e-7,6.99585712027e-7,5.29917656422e-7,3.27899243757e-7,8.68202505444e-8],"dvar":[0.000162784941494,0.0000169558225025,8.83670622898e-7,4.53261321809e-7,5.360969908e-7,3.04566555087e-7,2.13762305634e-7,6.1017385633e-7,2.76518079545e-7,5.62387896252e-8,3.10182493024e-8,8.5241183001e-8,3.36256889e-8,1.08195461479e-8,2.39666309021e-9,1.19590792824e-9,8.77091954621e-10,3.01144531534e-9,5.83944614885e-10,2.96010660428e-10,1.07517383885e-9,7.56605111896e-10,2.97133345706e-10,1.92824728407e-10,1.76830133869e-10,6.04778241375e-11,6.2922979327e-11,3.60584409553e-11,1.2068865872e-11,4.47672411294e-12,2.58273849356e-12,2.01624025635e-12,1.6031848158e-12,2.07233145574e-12,3.02601953911e-12,3.9458510244e-12,3.05373239716e-12,1.69867169376e-12,6.32752530927e-13,2.2785054144e-14],"dvar2":[0.00041057280032,0.0000446159247076,0.00000221780032916,0.00000102299895843,0.00000115910609111,6.85102406806e-7,4.83998348955e-7,0.00000134522338158,7.45436523175e-7,1.42448712381e-7,8.0941042313e-8,2.08568692983e-7,7.99523647288e-8,2.22707399189e-8,5.28853405513e-9,3.05883274265e-9,2.09746420232e-9,6.74986200266e-9,1.35331734707e-9,7.82067410832e-10,2.99468294607e-9,2.12929385235e-9,7.82940212662e-10,5.08104502916e-10,4.75969097469e-10,1.48342269024e-10,1.63193666913e-10,1.00620456411e-10,3.20262427689e-11,1.11467180972e-11,6.45054105616e-12,4.86340004727e-12,3.73584670144e-12,4.58149100255e-12,6.47504185686e-12,8.6978115682e-12,6.65302578653e-12,3.72874387616e-12,1.36916682419e-12,5.14959372345e-14],"max":[0.208019033074,0.073078840971,0.0178795307875,0.0209093727171,0.0309022348374,0.0156621430069,0.0232728347182,0.0223291777074,0.0344538986683,0.0128638604656,0.0044218073599,0.0108516924083,0.00577989639714,0.00250964984298,0.00119591550902,0.00100709020626,0.000918628647923,0.00147337315138,0.000565634167287,0.000469765189337,0.000684642407577,0.000728642917238,0.00088434771169,0.00053224817384,0.000513820850756,0.000289252668153,0.000283489760477,0.000372607464669,0.000147938873852,0.0000692844914738,0.0000453287902928,0.0000508254379383,0.0000325960572809,0.0000295867503155,0.0000317952799378,0.0000492051840411,0.0000344964028045,0.0000256703806372,0.0000139211388159,0.00000313518307848],"mean":[0.00973663106561,0.00183237972669,0.00052401580615,0.000454378256109,0.000450912048109,0.000379725650419,0.000267031718977,0.000475651497254,0.000149056417285,0.000116103365144,0.000128839936224,0.000191587081645,0.000118660049338,0.000107487961941,0.0000490221027576,0.000026337482268,0.0000234309754887,0.0000434842331742,0.0000211540773307,0.00000767280107539,0.0000083353033915,0.00000617111300016,0.00000568345012653,0.00000487906117996,0.00000450628886028,0.00000300301439893,0.00000256614384853,0.00000193917685465,0.00000146229854181,9.9927433439e-7,7.8230652889e-7,7.21754986444e-7,6.05026457379e-7,6.10217512076e-7,6.44080159873e-7,6.26622465916e-7,5.30788952346e-7,3.66512352912e-7,2.2274716116e-7,5.57319737027e-8],"median":[0.00505098048598,0.000579327926971,0.000158411465236,0.000113477530249,0.000107563093479,0.0000830828721519,0.000052820352721,0.0000394235430576,0.0000352266324626,0.0000354174881068,0.000034683078411,0.0000327054549416,0.0000171843348653,0.0000147976425069,0.00000982989513432,0.0000090821804406,0.00000509151595907,0.00000524984852746,0.00000479802474729,0.00000230688806369,9.34056060942e-7,6.63905098008e-7,5.90391891819e-7,5.98272265506e-7,4.2753927687e-7,2.45928930553e-7,1.65381607076e-7,1.51712185925e-7,1.31357126065e-7,9.22537282122e-8,7.3515266763e-8,6.68047661634e-8,5.79870196304e-8,4.63365701364e-8,4.06245916906e-8,3.38542172074e-8,2.77657186132e-8,2.09231174608e-8,1.5468174297e-8,1.00458539265e-8],"min":[6.44949996358e-25,2.09834289079e-25,5.84213968239e-25,1.55245824413e-24,1.84835217968e-24,1.37774754312e-24,9.14019604291e-25,1.63550429403e-24,1.75376617942e-24,1.73498300683e-24,2.37235066939e-24,3.20000558456e-24,1.58382966461e-24,2.73725287502e-24,2.64615876756e-24,2.01867158785e-24,2.06078847715e-24,1.66728710547e-24,3.17309418642e-24,3.46276292474e-24,3.60705544507e-24,3.24456754823e-24,4.34915149254e-24,3.93700795716e-24,3.85358512757e-24,4.92024971146e-24,3.9900182267e-24,5.41297893817e-24,3.34202697434e-24,5.62141452757e-24,5.73181008922e-24,4.06124881657e-24,4.75968417395e-24,3.97034127471e-24,4.58007395646e-24,4.60379027072e-24,5.69544715137e-24,6.03248994528e-24,6.22206899802e-24,5.29570727044e-24],"var":[0.000239648652496,0.0000173050993908,0.00000150392077103,0.00000159432477176,0.00000160752881584,9.3472874596e-7,5.55131236979e-7,0.00000253180837717,5.05253922256e-7,1.07486719969e-7,6.77802134419e-8,2.16393999608e-7,8.73338379392e-8,5.294862504e-8,1.02955581838e-8,2.59416399473e-9,2.78016276667e-9,1.15055227567e-8,2.03853312009e-9,3.82417625344e-10,1.13426867898e-9,7.31993854419e-10,5.35616495601e-10,3.05338754281e-10,3.41241812585e-10,1.51585508035e-10,1.3320590464e-10,7.48703321563e-11,3.74627204258e-11,1.33445407502e-11,7.68603236612e-12,6.44825078749e-12,3.62902915184e-12,3.59793423353e-12,4.45237510055e-12,5.09321577968e-12,3.94898089923e-12,2.00973417595e-12,7.48486667611e-13,2.67169675326e-14]},"melbands_crest":{"dmean":3.98405122757,"dmean2":6.6836066246,"dvar":14.8286476135,"dvar2":38.8911437988,"max":39.414691925,"mean":23.022808075,"median":23.9181976318,"min":1.21213543415,"var":98.9794540405},"melbands_flatness_db":{"dmean":0.0476571805775,"dmean2":0.0767002180219,"dvar":0.00215676287189,"dvar2":0.00557340728119,"max":0.732019066811,"mean":0.326705634594,"median":0.318277657032,"min":0.000152434615302,"var":0.00927452370524},"melbands_kurtosis":{"dmean":56.2402954102,"dmean2":93.3810577393,"dvar":24812.8925781,"dvar2":65971.3671875,"max":4593.29638672,"mean":80.5565948486,"median":9.32249927521,"min":-1.85695660114,"var":39492.265625},"melbands_skewness":{"dmean":1.74698722363,"dmean2":2.84367465973,"dvar":7.16177415848,"dvar2":18.8958511353,"max":48.8179512024,"mean":4.6259059906,"median":2.67932653427,"min":-2.35018420219,"var":27.7150287628},"melbands_spread":{"dmean":3.83402729034,"dmean2":6.23619127274,"dvar":30.4493732452,"dvar2":75.838508606,"max":173.337112427,"mean":13.5457277298,"median":9.67092323303,"min":0.0521558299661,"var":340.099395752},"mfcc":{"cov":[[13085.8232422,956.701843262,-706.676269531,171.91986084,-210.653121948,61.0237770081,-82.3111343384,363.728759766,-120.881240845,254.81288147,30.2971878052,232.075637817,51.8851890564],[956.701843262,2264.40844727,-511.32913208,-592.097473145,-281.736816406,-74.7963562012,-97.3802719116,-256.892059326,-6.93642616272,-58.6605758667,46.1727333069,-152.880523682,-27.5989265442],[-706.676269531,-511.32913208,896.615478516,358.713745117,191.355789185,19.2413787842,134.974075317,218.558151245,36.8677635193,41.4418563843,23.1789970398,136.795257568,65.7234191895],[171.91986084,-592.097473145,358.713745117,665.723205566,206.671447754,53.4385261536,81.5913619995,196.415527344,41.043422699,63.3522033691,39.4590415955,120.538803101,38.7680931091],[-210.653121948,-281.736816406,191.355789185,206.671447754,240.589080811,105.913299561,87.6932296753,95.4947738647,27.293422699,28.3422145844,14.3256855011,51.567325592,17.1508274078],[61.0237770081,-74.7963562012,19.2413787842,53.4385261536,105.913299561,162.117080688,97.7230606079,62.7704391479,15.0844039917,17.7980690002,-4.10714435577,22.8457775116,14.0567703247],[-82.3111343384,-97.3802719116,134.974075317,81.5913619995,87.6932296753,97.7230606079,185.589492798,152.638824463,26.6308174133,-7.83775615692,-2.79903149605,47.6144218445,37.0507011414],[363.728759766,-256.892059326,218.558151245,196.415527344,95.4947738647,62.7704391479,152.638824463,262.218994141,57.9529685974,36.964717865,9.28471946716,95.0190048218,44.9332580566],[-120.881240845,-6.93642616272,36.8677635193,41.043422699,27.293422699,15.0844039917,26.6308174133,57.9529685974,99.7479400635,60.2779960632,30.3232460022,11.529083252,9.16694831848],[254.81288147,-58.6605758667,41.4418563843,63.3522033691,28.3422145844,17.7980690002,-7.83775615692,36.964717865,60.2779960632,115.186004639,56.5527648926,32.1769790649,8.78177547455],[30.2971878052,46.1727333069,23.1789970398,39.4590415955,14.3256855011,-4.10714435577,-2.79903149605,9.28471946716,30.3232460022,56.5527648926,82.3853912354,44.390789032,17.9622020721],[232.075637817,-152.880523682,136.795257568,120.538803101,51.567325592,22.8457775116,47.6144218445,95.0190048218,11.529083252,32.1769790649,44.390789032,113.460861206,58.5411491394],[51.8851890564,-27.5989265442,65.7234191895,38.7680931091,17.1508274078,14.0567703247,37.0507011414,44.9332580566,9.16694831848,8.78177547455,17.9622020721,58.5411491394,69.0159759521]],"icov":[[0.00014229628141,-0.000136090122396,0.000191972270841,-0.0000918263322092,0.0000850597280078,-0.0000492817343911,0.000286615773803,-0.000528080621734,0.000652942399029,-0.000711672881152,0.000531524245162,-0.00046138826292,0.000143067270983],[-0.000136090122396,0.000840549764689,-0.000109338376205,0.000445125653641,0.00035231030779,-0.000207102741115,-0.000311287119985,0.000509794568643,-0.000829671625979,0.00133784359787,-0.00202194834128,0.00154367997311,-0.000760824244935],[0.000191972270841,-0.000109338376205,0.00214307685383,-0.000475378037663,-0.000990875065327,0.00158073729835,-0.000801898073405,-0.000742518925108,0.000989693100564,-0.001624187571,0.00165949016809,-0.00187390472274,0.00010915150051],[-0.0000918263322092,0.000445125653641,-0.000475378037663,0.00296883517876,-0.00162874627858,0.000222273243708,0.000947348191403,-0.00122920796275,-0.000192356717889,0.000565323978662,-0.00129623385146,-0.000153419459821,0.000104359263787],[0.0000850597280078,0.00035231030779,-0.000990875065327,-0.00162874627858,0.00917737279087,-0.00535642588511,-0.000156958951266,0.00030808171141,-0.000815121049527,0.0008333264268,-0.00146338064224,-0.000288670446025,0.00125742889941],[-0.0000492817343911,-0.000207102741115,0.00158073729835,0.000222273243708,-0.00535642588511,0.014477180317,-0.0090633649379,0.0034960610792,0.000990079948679,-0.00583082577214,0.00562534667552,-0.00314630940557,0.00111113255844],[0.000286615773803,-0.000311287119985,-0.000801898073405,0.000947348191403,-0.000156958951266,-0.0090633649379,0.0202492196113,-0.0122895315289,0.000704145466443,0.00681847287342,-0.00521032977849,0.00540356943384,-0.00528148096055],[-0.000528080621734,0.000509794568643,-0.000742518925108,-0.00122920796275,0.00030808171141,0.0034960610792,-0.0122895315289,0.017234666273,-0.0075353118591,-0.00150544720236,0.00659936107695,-0.00979640241712,0.00437106145546],[0.000652942399029,-0.000829671625979,0.000989693100564,-0.000192356717889,-0.000815121049527,0.000990079948679,0.000704145466443,-0.0075353118591,0.0219273269176,-0.0118472008035,-0.00143033254426,0.0061994693242,-0.00341956270859],[-0.000711672881152,0.00133784359787,-0.001624187571,0.000565323978662,0.0008333264268,-0.00583082577214,0.00681847287342,-0.00150544720236,-0.0118472008035,0.0256412569433,-0.015702765435,0.00416096393019,-0.000532336067408],[0.000531524245162,-0.00202194834128,0.00165949016809,-0.00129623385146,-0.00146338064224,0.00562534667552,-0.00521032977849,0.00659936107695,-0.00143033254426,-0.015702765435,0.0335397310555,-0.0198302529752,0.00593762844801],[-0.00046138826292,0.00154367997311,-0.00187390472274,-0.000153419459821,-0.000288670446025,-0.00314630940557,0.00540356943384,-0.00979640241712,0.0061994693242,0.00416096393019,-0.0198302529752,0.0379124172032,-0.0213255826384],[0.000143067270983,-0.000760824244935,0.00010915150051,0.000104359263787,0.00125742889941,0.00111113255844,-0.00528148096055,0.00437106145546,-0.00341956270859,-0.000532336067408,0.00593762844801,-0.0213255826384,0.0304312743247]],"mean":[-734.645874023,165.537719727,8.81601047516,12.051735878,5.61105155945,15.390332222,6.64456129074,9.80639457703,2.57867431641,7.3064789772,2.62430381775,2.4057495594,1.90689694881]},"pitch_salience":{"dmean":0.0791461467743,"dmean2":0.130749851465,"dvar":0.00550451874733,"dvar2":0.0142335807905,"max":0.989944636822,"mean":0.39066657424,"median":0.401405096054,"min":0.0257480479777,"var":0.0275447312742},"silence_rate_20dB":{"dmean":0.0093565331772,"dmean2":0.0187146030366,"dvar":0.00926898885518,"dvar2":0.0219759549946,"max":1,"mean":0.992039382458,"median":1,"min":0,"var":0.00789723638445},"silence_rate_30dB":{"dmean":0.076001316309,"dmean2":0.15201510489,"dvar":0.0702251121402,"dvar2":0.157635062933,"max":1,"mean":0.851292550564,"median":1,"min":0,"var":0.126593530178},"silence_rate_60dB":{"dmean":0.00541694043204,"dmean2":0.0108347693458,"dvar":0.00538759678602,"dvar2":0.0123590091243,"max":1,"mean":0.0702503100038,"median":0,"min":0,"var":0.0653152018785},"spectral_centroid":{"dmean":164.582122803,"dmean2":259.837554932,"dvar":57084.9609375,"dvar2":133031.140625,"max":11747.8691406,"mean":971.789672852,"median":717.380310059,"min":79.7080841064,"var":1698478},"spectral_complexity":{"dmean":2.70830607414,"dmean2":4.19847345352,"dvar":15.7028331757,"dvar2":31.3775005341,"max":60,"mean":11.3373823166,"median":10,"min":0,"var":83.2011489868},"spectral_contrast_coeffs":{"dmean":[0.051215801388,0.0476816222072,0.0402658805251,0.0318473763764,0.0264610555023,0.0231606252491],"dmean2":[0.0858930200338,0.0781314000487,0.0646001622081,0.0516275726259,0.0435629040003,0.0377571284771],"dvar":[0.00169328786433,0.00150791299529,0.00106528995093,0.000717703718692,0.000564916641451,0.000592719356064],"dvar2":[0.0046213939786,0.00396933918819,0.00274650659412,0.00179790775292,0.00142113224138,0.00146198354196],"max":[-0.378491014242,-0.402062386274,-0.497020661831,-0.557157933712,-0.613362491131,-0.577891409397],"mean":[-0.739156007767,-0.776685118675,-0.784022212029,-0.821017861366,-0.858091473579,-0.815995335579],"median":[-0.755626738071,-0.787837564945,-0.780511677265,-0.818099141121,-0.854322195053,-0.826212406158],"min":[-0.981813371181,-0.982425153255,-0.978936553001,-0.986487627029,-0.975443005562,-0.965698182583],"var":[0.00988725200295,0.00879621319473,0.00760897807777,0.00539669115096,0.0026502397377,0.00289659644477]},"spectral_contrast_valleys":{"dmean":[0.424278050661,0.466133713722,0.423701494932,0.428710103035,0.49797680974,0.658370733261],"dmean2":[0.70903390646,0.755726397038,0.666729569435,0.678178787231,0.791157186031,1.01547026634],"dvar":[0.131397455931,0.177893519402,0.170057147741,0.209037929773,0.271698713303,0.324639230967],"dvar2":[0.329256653786,0.459016144276,0.408508211374,0.516235768795,0.679499924183,0.833022296429],"max":[-4.4221534729,-4.56774997711,-5.11790800095,-5.16723012924,-5.2614569664,-8.24742794037],"mean":[-7.35811853409,-7.22611713409,-7.71532964706,-8.37258720398,-8.78754138947,-11.3485813141],"median":[-6.79451179504,-6.7513794899,-7.2604804039,-7.90964889526,-8.48189163208,-11.0236024857],"min":[-28.4809246063,-28.1208400726,-27.9240608215,-27.712348938,-27.5230579376,-27.4369544983],"var":[7.37998056412,7.26687765121,6.96179771423,6.56652069092,6.53459596634,5.15085458755]},"spectral_decrease":{"dmean":6.61507204569e-9,"dmean2":1.09060191988e-8,"dvar":1.52584938635e-16,"dvar2":3.76950996171e-16,"max":3.19012904981e-9,"mean":-1.27916912618e-8,"median":-7.89323717498e-9,"min":-1.9057918621e-7,"var":2.64247492126e-16},"spectral_energy":{"dmean":0.0256972312927,"dmean2":0.0420050099492,"dvar":0.0022771905642,"dvar2":0.00554828858003,"max":0.750314354897,"mean":0.0567525811493,"median":0.0356457829475,"min":9.81714914643e-21,"var":0.00450536841527},"spectral_energyband_high":{"dmean":0.000183142416063,"dmean2":0.000246936338954,"dvar":2.71499061455e-7,"dvar2":4.83224084746e-7,"max":0.0284855179489,"mean":0.00039653465501,"median":0.0000454584587715,"min":6.69858937981e-21,"var":0.00000186415934422},"spectral_energyband_low":{"dmean":0.0216816794127,"dmean2":0.0363868698478,"dvar":0.00193680112716,"dvar2":0.00481920177117,"max":0.659963846207,"mean":0.0358845666051,"median":0.0200771149248,"min":8.07231030235e-24,"var":0.00294399191625},"spectral_energyband_middle_high":{"dmean":0.00157149625011,"dmean2":0.00236641499214,"dvar":0.00000948753495322,"dvar2":0.0000219256235141,"max":0.0762223377824,"mean":0.00428813509643,"median":0.001611909247,"min":1.10433266686e-21,"var":0.000039334900066},"spectral_energyband_middle_low":{"dmean":0.00367642869242,"dmean2":0.00561209442094,"dvar":0.0000505211173731,"dvar2":0.000116663606605,"max":0.181391388178,"mean":0.00941534806043,"median":0.00342087401077,"min":1.68332314884e-22,"var":0.000223852417548},"spectral_entropy":{"dmean":0.271875560284,"dmean2":0.424120187759,"dvar":0.0751563385129,"dvar2":0.188864186406,"max":9.83040904999,"mean":7.26730918884,"median":7.23963212967,"min":4.75266361237,"var":0.446368813515},"spectral_flux":{"dmean":0.0364459045231,"dmean2":0.059353210032,"dvar":0.00255455472507,"dvar2":0.0064601986669,"max":0.766873538494,"mean":0.104960605502,"median":0.0854729861021,"min":6.38779931728e-11,"var":0.00614479510114},"spectral_kurtosis":{"dmean":8.1298494339,"dmean2":12.9949016571,"dvar":111.003845215,"dvar2":291.724945068,"max":188.899154663,"mean":21.6664009094,"median":15.5340671539,"min":-1.26212489605,"var":319.999755859},"spectral_rms":{"dmean":0.00142245285679,"dmean2":0.00229770480655,"dvar":0.00000347989112015,"dvar2":0.00000825943970995,"max":0.0270557571203,"mean":0.00642769038677,"median":0.00589714990929,"min":3.09478701346e-12,"var":0.0000140531719808},"spectral_rolloff":{"dmean":2249.77612305,"dmean2":4374.10009766,"dvar":34634688,"dvar2":89991040,"max":22028.4667969,"mean":5796.89892578,"median":818.26171875,"min":21.533203125,"var":78296808},"spectral_skewness":{"dmean":0.602459728718,"dmean2":0.947611808777,"dvar":0.462015807629,"dvar2":1.18467390537,"max":12.1220502853,"mean":3.26752305031,"median":2.97177839279,"min":-0.103799842298,"var":2.0627052784},"spectral_spread":{"dmean":744290.625,"dmean2":1118839.25,"dvar":672937148416,"dvar2":1477517901820,"max":44948480,"mean":4787502.5,"median":4078069.25,"min":1076097.75,"var":21440000688100},"spectral_strongpeak":{"dmean":1.25272369385,"dmean2":2.26517605782,"dvar":36.394908905,"dvar2":94.1911849976,"max":112.455924988,"mean":1.76824438572,"median":0.262409895658,"min":0,"var":58.055934906},"zerocrossingrate":{"dmean":0.0314066559076,"dmean2":0.0410593524575,"dvar":0.000872448727023,"dvar2":0.00142843916547,"max":0.69384765625,"mean":0.176107794046,"median":0.14794921875,"min":0.001953125,"var":0.0140843233094}},"metadata":{"audio_properties":{"analysis_sample_rate":44100,"bit_rate":320000,"codec":"mp3","downmix":"mix","equal_loudness":0,"length":282.907196045,"lossless":false,"md5_encoded":"627418ec13fec5b319c1551a92435b24","replay_gain":0.770925521851,"sample_rate":44100},"tags":{"acoustid_id":["e0367507-2a5f-42ad-8f35-ccdf4f17e75f"],"album":["Lisbon"],"albumartist":["The Walkmen"],"artist":["The Walkmen"],"date":["2010"],"discnumber":["1/1"],"file_name":"07 - The Walkmen - All My Great Designs.mp3","musicbrainz_albumartistid":["b7834ebd-64ae-46c3-a930-2d3a52ee743a"],"musicbrainz_albumid":["2cfca236-2cd3-4803-af4b-1a1957acec63"],"musicbrainz_artistid":["b7834ebd-64ae-46c3-a930-2d3a52ee743a"],"musicbrainz_recordingid":["673f5651-d95e-416a-9c7b-dd5e33dfce25"],"musicbrainz_releasegroupid":["92f942a3-0856-43a9-8dce-8b2edf897fa4"],"replaygain_album_gain":["-0.58 dB"],"replaygain_album_peak":["0.433792"],"replaygain_track_gain":["+1.43 dB"],"replaygain_track_peak":["0.430554"],"title":["All My Great Designs"],"tracknumber":["7/11"]},"version":{"essentia":"2.1-beta1","essentia_build_sha":"e76a03f03bb3900de42a1fa0d9be1e72f12def64","essentia_git_sha":"v2.1_beta1-28-g21ef5f4-dirty","extractor":"music 1.0"}},"rhythm":{"beats_count":501,"beats_loudness":{"dmean":0.0796113237739,"dmean2":0.143403872848,"dvar":0.00750100333244,"dvar2":0.0207085311413,"max":0.650962173939,"mean":0.109130240977,"median":0.0909191668034,"min":0,"var":0.00848728045821},"beats_loudness_band_ratio":{"dmean":[0.198794439435,0.0666107907891,0.0626538023353,0.0689896717668,0.0276136491448,0.0715880766511],"dmean2":[0.339999645948,0.117909803987,0.111956052482,0.116815268993,0.0489535033703,0.120468951762],"dvar":[0.0373409688473,0.00710417004302,0.00738932751119,0.00910225417465,0.00370091246441,0.00677996827289],"dvar2":[0.0929502472281,0.0195179320872,0.0206185635179,0.0247151181102,0.010390708223,0.0159330684692],"max":[0.994665324688,0.659936189651,0.703121483326,0.626544892788,0.49974372983,0.585281610489],"me