{"lowlevel":{"average_loudness":0.579068422318,"barkbands":{"dmean":[0.0000328899368469,0.00133543822449,0.000520542613231,0.000538931519259,0.00162342144176,0.000777912617195,0.000505914678797,0.000312369811581,0.000418829615228,0.000541803427041,0.000501825357787,0.000350051850546,0.000281146261841,0.00025224374258,0.000278342631646,0.000174886721652,0.000207666424103,0.000160179086379,0.000144125064253,0.000106568630144,0.0000817777472548,0.0000762356139603,0.0000905718115973,0.0000662783277221,0.0000350892223651,0.000010665420632,0.00000541349299965],"dmean2":[0.0000533294332854,0.00210939976387,0.000875277619343,0.000912617659196,0.0027958129067,0.00124647899065,0.000792435428593,0.000500890077092,0.000653304217849,0.0007692615618,0.000741993426345,0.000500120164361,0.000400302669732,0.000378656113753,0.000435772468336,0.000269181560725,0.000331387040205,0.00025358638959,0.000219427762204,0.000165354969795,0.000118796051538,0.00011157492554,0.000137328737765,0.0000991882625385,0.0000523004491697,0.0000164585544553,0.00000910291328182],"dvar":[7.73476838134e-9,0.0000134662059281,0.00000157572037551,0.00000336651100952,0.0000158273778652,0.00000193010350813,0.00000150305334046,7.95417633981e-7,0.00000227180498769,0.00000257071474152,0.00000404128013543,0.00000348034564013,0.00000130244700358,7.70145447859e-7,6.04292210937e-7,2.15410423721e-7,2.80217165027e-7,2.28621814813e-7,2.03118560194e-7,1.04880932383e-7,5.27873176281e-8,4.3750954859e-8,7.5529740684e-8,2.94108311039e-8,7.64334640024e-9,2.0680852586e-9,9.23951859466e-10],"dvar2":[1.86781772271e-8,0.0000305903377011,0.00000426356655225,0.00000896346500667,0.0000439859140897,0.00000451692267234,0.00000365619280274,0.00000204044022212,0.00000593643699176,0.00000475130354971,0.00000712837936589,0.00000577391028855,0.00000198994621314,0.00000151449364694,0.00000141837460887,4.86565511437e-7,6.99802967574e-7,5.50098548047e-7,4.42228525799e-7,2.34118004983e-7,1.05240630432e-7,8.78587655961e-8,1.69549309703e-7,6.29623073678e-8,1.60212021427e-8,4.47313297514e-9,2.44585018905e-9],"max":[0.00109808123671,0.0520072504878,0.026866061613,0.046952098608,0.0892338007689,0.0386371277273,0.029866386205,0.0260230712593,0.0730852335691,0.0555589795113,0.085207760334,0.0632950514555,0.0562844015658,0.0340794958174,0.0199990738183,0.0141996154562,0.00928034633398,0.0111962705851,0.0114657497033,0.00833886023611,0.00778692541644,0.00584670808166,0.00759569602087,0.00382665963843,0.00172168842983,0.00188291992527,0.00103657448199],"mean":[0.0000336973062076,0.00152390357107,0.000651432201266,0.000615706550889,0.002210495295,0.00130121852271,0.0009228506824,0.000522141112015,0.00067650177516,0.00112602685113,0.00105910247657,0.000804826675449,0.000524028961081,0.000478543370264,0.000433908746345,0.000304572778987,0.000360645412002,0.000242924827035,0.000235675339354,0.000202047725907,0.000159847098985,0.000147449900396,0.000167932157638,0.000113268390123,0.0000602496002102,0.0000147724131239,0.00000473497857456],"median":[0.00000969313350652,0.000359611702152,0.000247918098466,0.000158356677275,0.00111375388224,0.000579420186114,0.000311038573273,0.000122270168504,0.000141979544424,0.000122228928376,0.0000674697366776,0.0000346421875292,0.0000637658886262,0.0000527605116076,0.000105068684206,0.0000739823881304,0.0000700184464222,0.0000363131839549,0.0000266754523182,0.0000145081794471,0.0000103333650259,0.0000118021871458,0.000011418500435,0.00000817948057374,0.00000429601186624,7.84079361438e-7,1.25331752088e-7],"min":[2.77711086112e-25,1.70708139105e-24,2.54393639653e-24,1.68370487863e-24,1.03062736669e-23,8.39874567809e-24,1.01714762709e-23,4.45616678522e-24,1.75631171523e-23,1.19559664132e-23,1.37561895974e-23,2.45374001278e-23,2.96099414091e-23,5.57864319926e-23,4.47769188054e-23,6.46174205931e-23,8.58084080743e-23,8.43559068885e-23,1.28648067512e-22,1.68593005014e-22,2.22053363876e-22,2.968126895e-22,4.39849504193e-22,6.71565139358e-22,9.30332417929e-22,1.36906539995e-21,1.77230110536e-21],"var":[7.48262340977e-9,0.0000154494864546,0.00000157271961143,0.00000317773310599,0.0000144149389598,0.00000417176670453,0.00000318211868944,0.000001384697498,0.00000334625678988,0.0000114330314318,0.0000159900591825,0.0000201436196221,0.00000484264637635,0.00000263232186626,0.00000110100472739,4.33696783375e-7,5.72055853354e-7,4.00032774905e-7,4.07648855116e-7,2.74453043403e-7,1.70651148323e-7,1.37829118785e-7,1.94017985677e-7,6.87055603521e-8,1.87387367845e-8,3.38060801575e-9,6.75406341966e-10]},"barkbands_crest":{"dmean":2.76493883133,"dmean2":4.54415607452,"dvar":6.52812051773,"dvar2":16.4556941986,"max":25.3268527985,"mean":9.92861747742,"median":9.11384773254,"min":2.29446411133,"var":19.6873531342},"barkbands_flatness_db":{"dmean":0.0255066100508,"dmean2":0.0368509627879,"dvar":0.000698170973919,"dvar2":0.00138150551356,"max":0.379934877157,"mean":0.144534260035,"median":0.143017679453,"min":0.0136836953461,"var":0.00439880974591},"barkbands_kurtosis":{"dmean":3.08049345016,"dmean2":4.88041830063,"dvar":41.1964302063,"dvar2":101.474639893,"max":173.554000854,"mean":3.93822479248,"median":1.54099750519,"min":-1.87103581429,"var":62.515953064},"barkbands_skewness":{"dmean":0.570054590702,"dmean2":0.859355807304,"dvar":0.400175899267,"dvar2":0.847722768784,"max":10.7761440277,"mean":1.12192225456,"median":0.994943857193,"min":-5.50468683243,"var":1.53056669235},"barkbands_spread":{"dmean":5.25708246231,"dmean2":8.0177488327,"dvar":46.993560791,"dvar2":102.615608215,"max":108.645545959,"mean":20.2862319946,"median":15.4836549759,"min":0.911823987961,"var":238.719024658},"dissonance":{"dmean":0.0258571021259,"dmean2":0.0431355051696,"dvar":0.000795041501988,"dvar2":0.00214803568088,"max":0.500000059605,"mean":0.449126958847,"median":0.462246328592,"min":0.221424639225,"var":0.00185146916192},"dynamic_complexity":4.65247774124,"erbbands":{"dmean":[0.0393811278045,0.311299562454,0.610283374786,1.2146974802,2.81210017204,6.70597457886,6.85109186172,7.04375648499,7.49145269394,6.78623771667,6.45284605026,9.31995487213,11.9565086365,20.117980957,17.6846218109,14.0709991455,12.8675613403,11.7748155594,14.6038150787,10.9322509766,9.41664886475,10.1249370575,9.89774894714,5.8409948349,8.38325691223,5.33457612991,4.08375692368,2.47662687302,2.75822281837,3.89966058731,1.80749464035,1.36130475998,1.16749453545,0.51554942131,0.198205441236,0.0635818019509,0.0173492860049,0.00458522234112,0.000839038286358,0.000071108355769],"dmean2":[0.0610207244754,0.504164934158,1.01099705696,2.06716585159,4.86797714233,11.559053421,11.23097229,11.5206604004,11.5877370834,10.9819431305,10.0413665771,14.3906927109,17.4942073822,28.2479572296,24.0816268921,18.6071147919,18.3213634491,17.4756450653,22.4831218719,17.0697002411,14.3228130341,15.9506578445,15.7228078842,8.8817243576,12.6691913605,8.21800327301,6.04584741592,3.56262373924,4.11867952347,6.01961374283,2.66233897209,2.0230743885,1.78151357174,0.771511316299,0.295473128557,0.0961728766561,0.0269445329905,0.0074210818857,0.00139532377943,0.00011987198377],"dvar":[0.01277131401,0.720465898514,2.23251819611,15.6097536087,43.2985916138,387.935546875,137.791213989,185.692245483,313.866821289,352.951934814,292.883331299,1579.11682129,1218.15588379,4331.109375,5685.31738281,4319.19580078,2314.19604492,2197.42138672,1616.89282227,867.817932129,584.135925293,651.793029785,951.75604248,213.193328857,888.550292969,274.730773926,128.666305542,51.8468132019,63.2217521667,154.035552979,31.379743576,13.73204422,8.97805118561,1.59093546867,0.270492225885,0.0497013553977,0.00806606560946,0.000626917579211,0.0000243914000748,1.39342247962e-7],"dvar2":[0.0287973787636,1.70752429962,5.98407840729,40.6835021973,122.400001526,1075.72937012,341.062255859,453.319549561,740.00592041,892.317504883,703.892089844,4294.45751953,2229.74902344,8021.16894531,7880.578125,7153.48291016,3601.48974609,4287.70019531,3603.93652344,2045.99121094,1329.02978516,1584.78845215,2313.99682617,477.900299072,1959.17468262,600.922912598,264.93560791,98.9237365723,132.214294434,368.358673096,66.6756668091,28.8501873016,19.6706771851,3.42555475235,0.562432944775,0.0950297638774,0.0194096099585,0.00168139568996,0.0000636438198853,3.71121871012e-7],"max":[1.86266410351,12.0186319351,27.9063434601,97.8131637573,102.907333374,469.69543457,377.381774902,298.824035645,480.564788818,493.338378906,343.10723877,2114.01391602,1308.32885742,2456.47680664,4453.72753906,2897.82836914,2002.27783203,1977.43823242,1211.81494141,823.380126953,691.581481934,487.430145264,772.905212402,315.982849121,791.59197998,537.455749512,286.480834961,364.866424561,264.84161377,318.923736572,258.736785889,118.197006226,60.0861053467,25.70054245,15.6321268082,9.22307395935,4.22963380814,0.972192287445,0.189746171236,0.00874696765095],"mean":[0.0418546721339,0.349284082651,0.782177448273,1.4894913435,3.46143722534,8.71517753601,10.625453949,10.861623764,13.9895610809,11.6261253357,12.2466573715,15.4958715439,24.679441452,40.0836868286,43.1063804626,36.8554801941,25.8303394318,23.7865924835,25.4613456726,18.6171665192,17.0897083282,18.2418708801,15.2813749313,10.5006408691,13.869468689,10.206703186,7.95570135117,5.00593900681,5.37428569794,6.87317657471,3.40941929817,2.37986803055,1.93299019337,0.899574697018,0.322432607412,0.0964073687792,0.021754661575,0.00515441084281,0.000764345400967,0.0000685149352648],"median":[0.00918602757156,0.0845276415348,0.309548765421,0.510347425938,1.68459892273,3.74398517609,4.65688467026,4.73690605164,4.59396505356,4.3717622757,3.04173326492,4.03712320328,3.59275579453,4.1411447525,3.35223388672,2.18119645119,3.67487335205,3.39385414124,6.02419137955,4.91694974899,4.43103218079,3.37064886093,2.450735569,1.84452652931,1.22952699661,0.777535319328,0.485294491053,0.367536365986,0.375246435404,0.449153363705,0.29124301672,0.171560838819,0.136644363403,0.0651412904263,0.0205778498203,0.0052001895383,0.00115105859004,0.000222497852519,0.000029558850656,0.0000152275006258],"min":[5.76635549156e-23,5.2640877532e-22,3.8787076495e-21,5.3678839759e-21,1.56162523115e-20,2.06206917863e-20,2.54676260558e-20,1.0450313577e-19,1.07480430213e-19,2.44000315374e-19,1.68399238561e-19,3.41167334925e-19,4.5964188082e-19,7.92600327045e-19,6.21946762821e-19,1.27043113405e-18,1.65242810401e-18,2.67695126326e-18,1.80057677211e-18,3.20917353824e-18,4.15385412283e-18,5.3439618835e-18,4.74916566993e-18,7.20523365344e-18,6.16159848615e-18,8.77559386016e-18,7.87082039743e-18,1.08402184711e-17,9.78957667045e-18,1.20805948248e-17,1.19216413167e-17,1.05701613719e-17,1.08126485413e-17,8.74695107709e-18,6.5198566133e-18,3.88480742474e-18,2.2559789904e-18,9.20330868899e-19,2.11554117073e-19,2.53901166474e-20],"var":[0.0139788165689,0.787457823753,2.22930836678,16.1776199341,37.7109718323,328.888092041,294.096405029,315.953094482,753.974853516,548.404602051,696.757873535,1914.69299316,5594.45507812,14088.4990234,30599.9023438,36426.4726562,9323.29785156,7097.01123047,3528.13452148,1593.90161133,1271.58508301,1411.39685059,1702.02319336,486.371124268,1723.59936523,672.145141602,406.719421387,165.334533691,196.380264282,358.744781494,72.0074615479,33.0236549377,19.7544059753,3.98869228363,0.632906854153,0.111989073455,0.00971320364624,0.000512252387125,0.000018472188458,9.99478970698e-8]},"erbbands_crest":{"dmean":2.74743652344,"dmean2":4.3189034462,"dvar":7.83390426636,"dvar2":16.9088134766,"max":33.258102417,"mean":10.5742053986,"median":8.83920383453,"min":2.46046280861,"var":36.0513420105},"erbbands_flatness_db":{"dmean":0.0260744113475,"dmean2":0.0347698293626,"dvar":0.000835983664729,"dvar2":0.00146549846977,"max":0.41784542799,"mean":0.178237900138,"median":0.172642573714,"min":0.0327354259789,"var":0.00355510273948},"erbbands_kurtosis":{"dmean":1.54931986332,"dmean2":2.41064953804,"dvar":7.41009950638,"dvar2":17.6995582581,"max":55.5924835205,"mean":1.75415015221,"median":0.25651705265,"min":-1.83344495296,"var":18.7561893463},"erbbands_skewness":{"dmean":0.433723270893,"dmean2":0.659070014954,"dvar":0.204859957099,"dvar2":0.453134447336,"max":6.17666482925,"mean":0.401452720165,"median":0.302400410175,"min":-4.65342855453,"var":1.01633191109},"erbbands_spread":{"dmean":8.47951316833,"dmean2":12.916639328,"dvar":128.65814209,"dvar2":291.869049072,"max":139.439804077,"mean":31.6024837494,"median":29.3914852142,"min":1.34307014942,"var":357.480438232},"gfcc":{"cov":[[21045.2832031,-1677.97851562,-2259.24511719,997.0390625,-923.044250488,381.401489258,-671.020751953,202.485244751,-543.736022949,-4.80525827408,-271.642608643,125.470016479,-120.159355164],[-1677.97851562,2559.99902344,176.617401123,-511.037567139,391.628997803,-97.009475708,77.8516235352,-135.142883301,219.064056396,-92.3694534302,101.853683472,-127.358398438,38.298160553],[-2259.24511719,176.617401123,1124.41516113,1.20363461971,37.1151733398,44.08826828,95.0993347168,41.8819465637,93.789390564,39.0410995483,-20.0369682312,-29.4294567108,39.2536735535],[997.0390625,-511.037567139,1.20363461971,517.852355957,-44.8306808472,-17.5336360931,-105.667869568,56.529296875,-4.60691738129,15.3933916092,-52.3612251282,29.6993732452,16.6135368347],[-923.044250488,391.628997803,37.1151733398,-44.8306808472,387.53302002,1.15090060234,27.331445694,-7.55364274979,87.3222579956,-14.7110958099,0.861488342285,-37.8114204407,10.9895887375],[381.401489258,-97.009475708,44.08826828,-17.5336360931,1.15090060234,192.40612793,82.6231994629,22.5807266235,-15.7062253952,13.4696559906,-2.34378170967,-8.52072143555,-7.14239645004],[-671.020751953,77.8516235352,95.0993347168,-105.667869568,27.331445694,82.6231994629,216.149963379,44.6050949097,-6.6737780571,-3.55500841141,37.2350845337,-5.94976902008,-10.0500364304],[202.485244751,-135.142883301,41.8819465637,56.529296875,-7.55364274979,22.5807266235,44.6050949097,118.918685913,26.5152645111,7.99700593948,-15.5687885284,6.01983261108,3.76330018044],[-543.736022949,219.064056396,93.789390564,-4.60691738129,87.3222579956,-15.7062253952,-6.6737780571,26.5152645111,139.867736816,26.36079216,-5.21861505508,-19.2875118256,7.50182056427],[-4.80525827408,-92.3694534302,39.0410995483,15.3933916092,-14.7110958099,13.4696559906,-3.55500841141,7.99700593948,26.36079216,86.6581268311,27.9433670044,5.32176828384,-6.16724014282],[-271.642608643,101.853683472,-20.0369682312,-52.3612251282,0.861488342285,-2.34378170967,37.2350845337,-15.5687885284,-5.21861505508,27.9433670044,105.380004883,29.7742424011,-7.24164867401],[125.470016479,-127.358398438,-29.4294567108,29.6993732452,-37.8114204407,-8.52072143555,-5.94976902008,6.01983261108,-19.2875118256,5.32176828384,29.7742424011,81.7633590698,29.7064685822],[-120.159355164,38.298160553,39.2536735535,16.6135368347,10.9895887375,-7.14239645004,-10.0500364304,3.76330018044,7.50182056427,-6.16724014282,-7.24164867401,29.7064685822,86.8379364014]],"icov":[[0.000125723978272,-0.00013654511713,0.000225026393309,-0.000176568952156,0.000203905961826,-0.000466833094833,0.000464486511191,-0.000483800336951,0.000503374496475,-0.000270438409643,0.000333484291332,-0.000207906487049,0.000213010163861],[-0.00013654511713,0.00105484074447,-0.00030906451866,0.000736051588319,-0.000526217510924,0.000750077946577,-0.000508146244101,0.00122854637448,-0.00191021943465,0.00176467024721,-0.00178481789771,0.00165194750298,-0.0010626395233],[0.000225026393309,-0.00030906451866,0.00145183957648,-0.000460108974949,0.000511507503688,-0.000862643122673,0.000171746956767,-0.000755680201109,0.000338355777785,-0.00103591417428,0.0010314717656,-0.0000805488452897,-0.000192861451069],[-0.000176568952156,0.000736051588319,-0.000460108974949,0.00316534447484,-0.000562390952837,0.00065647700103,0.000891292409506,-0.000568633142393,-0.000936377153266,0.000658498785924,-0.000362514576409,0.00012477983546,-0.000658836797811],[0.000203905961826,-0.000526217510924,0.000511507503688,-0.000562390952837,0.00379689596593,-0.00100513105281,0.000189093087101,-0.000240810011746,-0.00113006634638,0.000323704385664,0.000377351330826,0.000581339525525,-0.000187044875929],[-0.000466833094833,0.000750077946577,-0.000862643122673,0.00065647700103,-0.00100513105281,0.00849648378789,-0.00457514170557,0.00190250505693,-0.00101589353289,-0.000648956687655,-0.0000215693125938,0.00143931026105,-0.000950834539253],[0.000464486511191,-0.000508146244101,0.000171746956767,0.000891292409506,0.000189093087101,-0.00457514170557,0.0101476190612,-0.00591301266104,0.00320329004899,0.000835443672258,-0.00243240501732,0.000181290975888,0.0011668499792],[-0.000483800336951,0.00122854637448,-0.000755680201109,-0.000568633142393,-0.000240810011746,0.00190250505693,-0.00591301266104,0.014429978095,-0.00617722608149,0.0013963051606,0.000713087036274,-0.000217036271351,-0.00111709651537],[0.000503374496475,-0.00191021943465,0.000338355777785,-0.000936377153266,-0.00113006634638,-0.00101589353289,0.00320329004899,-0.00617722608149,0.0150039680302,-0.00691707618535,0.00360659277067,-0.000950574351009,0.00110159697942],[-0.000270438409643,0.00176467024721,-0.00103591417428,0.000658498785924,0.000323704385664,-0.000648956687655,0.000835443672258,0.0013963051606,-0.00691707618535,0.018430614844,-0.00854886416346,0.00314642605372,-0.000751137558836],[0.000333484291332,-0.00178481789771,0.0010314717656,-0.000362514576409,0.000377351330826,-0.0000215693125938,-0.00243240501732,0.000713087036274,0.00360659277067,-0.00854886416346,0.0185843463987,-0.00983625650406,0.00448574218899],[-0.000207906487049,0.00165194750298,-0.0000805488452897,0.00012477983546,0.000581339525525,0.00143931026105,0.000181290975888,-0.000217036271351,-0.000950574351009,0.00314642605372,-0.00983625650406,0.0218947920948,-0.00893320795149],[0.000213010163861,-0.0010626395233,-0.000192861451069,-0.000658836797811,-0.000187044875929,-0.000950834539253,0.0011668499792,-0.00111709651537,0.00110159697942,-0.000751137558836,0.00448574218899,-0.00893320795149,0.0159027893096]],"mean":[-66.3941040039,99.2584762573,-113.419044495,21.2293491364,-59.3816680908,9.40607738495,-43.084690094,2.1774725914,-19.0045967102,-3.4710688591,-11.3466682434,-0.359249532223,-4.76678514481]},"hfc":{"dmean":5.41778373718,"dmean2":7.35004663467,"dvar":117.505012512,"dvar2":206.745071411,"max":175.989349365,"mean":16.1261234283,"median":5.49064826965,"min":1.07026053957e-16,"var":553.046630859},"melbands":{"dmean":[0.000362758844858,0.000335030053975,0.000235428713495,0.000346469780197,0.000256553379586,0.000152366803377,0.00011068682943,0.0000725698773749,0.0000579159786867,0.000057915403886,0.0000620122300461,0.0000832312289276,0.0000652002272545,0.0000436922673543,0.0000382272519346,0.000022844717023,0.0000241091365751,0.0000240561494138,0.0000183651973202,0.0000135019072331,0.000011456941138,0.0000104508171717,0.0000131313900056,0.0000065950048338,0.00000479525488117,0.00000627797771813,0.0000048585152399,0.00000341423515238,0.00000267067980531,0.00000227376540352,0.00000148007393364,0.00000172441104951,0.00000164005609804,0.00000237147833104,0.00000102389140011,0.00000102288333892,8.19325975954e-7,9.40982204156e-7,5.75442072659e-7,4.06540920039e-7],"dmean2":[0.000565590220504,0.000537827261724,0.000399465701776,0.000598916201852,0.000427883700468,0.000246731913649,0.000170721905306,0.000117991447041,0.0000896943674888,0.0000896805868251,0.0000913122057682,0.0001173675264,0.0000913945623324,0.00005699736721,0.0000540106120752,0.0000331871779053,0.0000356272612407,0.0000369999579561,0.0000289907493425,0.0000208856872632,0.000017713098714,0.000016693787984,0.0000210498801607,0.0000104210394056,0.00000746431805965,0.00000962038393482,0.00000737093978387,0.00000533162256033,0.0000040249419726,0.00000348134904016,0.00000220560104935,0.00000263518791144,0.00000246134550252,0.00000370422799278,0.00000152323661951,0.00000155156146775,0.00000125370456772,0.00000145896910908,8.70452367963e-7,6.15024816852e-7],"dvar":[0.00000103639968074,6.85716088356e-7,4.93464256124e-7,9.26784025523e-7,2.17199044528e-7,8.01301283104e-8,6.59694734395e-8,4.21153103503e-8,2.57937582404e-8,5.29294332807e-8,3.26090479064e-8,7.62510552477e-8,6.42885211732e-8,5.38958389029e-8,2.91607662462e-8,6.61473098518e-9,9.50151779477e-9,4.46371206664e-9,3.06546499296e-9,1.33757971366e-9,8.84700701587e-10,6.70622335441e-10,1.74804937192e-9,3.47256723376e-10,1.5336829029e-10,4.61716331834e-10,2.66393129777e-10,1.14697390474e-10,5.64458514651e-11,5.10552156108e-11,1.73275508525e-11,2.82842308602e-11,2.11487823781e-11,5.95746021959e-11,1.17575133657e-11,8.08696946214e-12,5.0093310576e-12,6.03986825831e-12,1.99070209102e-12,1.03164677322e-12],"dvar2":[0.00000232714251069,0.00000170939290456,0.00000131944329951,0.00000258627414951,5.68874213513e-7,1.92190753978e-7,1.54820668286e-7,1.07278594896e-7,6.34844781189e-8,1.41286534472e-7,6.05742869197e-8,1.38686218065e-7,1.03077105962e-7,8.63781863814e-8,5.11581887963e-8,1.18093419488e-8,1.8292384496e-8,9.79884440255e-9,7.66267405083e-9,2.97546121075e-9,2.10520179067e-9,1.66548153047e-9,4.29143520719e-9,8.53977888404e-10,3.48810674788e-10,1.04057851225e-9,5.97261629043e-10,2.54132465072e-10,1.24451449146e-10,1.10515790963e-10,3.56728084572e-11,6.66050270492e-11,4.46780043517e-11,1.43431391764e-10,2.60248905759e-11,1.718619691e-11,1.11518858384e-11,1.36166147802e-11,4.35132702439e-12,2.29013249337e-12],"max":[0.0157269611955,0.012039847672,0.015926849097,0.0198721047491,0.0102120237425,0.00616184156388,0.00678361952305,0.00584766175598,0.00463224714622,0.0120494682342,0.00629700208083,0.00945012457669,0.0114035373554,0.00867258571088,0.00808232277632,0.00286062015221,0.00382246589288,0.00182565825526,0.00186392629985,0.00112107815221,0.000686224084347,0.000618526246399,0.0010664856527,0.000485347904032,0.000304772227537,0.000611603085417,0.00042499700794,0.000347190536559,0.000152036969666,0.000243481685175,0.000170626663021,0.000126121434732,0.000169984064996,0.000183679338079,0.000178222268005,0.0000865882248036,0.0000637323246337,0.0000492113904329,0.0000283835179289,0.0000190287846635],"mean":[0.000403044978157,0.000434261077316,0.000296776648611,0.000444199045887,0.000393308029743,0.000242590875132,0.00020785437664,0.000120648124721,0.000106580133433,0.0000939919773373,0.000124884827528,0.000162642027135,0.000148289473145,0.000106253392005,0.0000795682644821,0.0000395122697228,0.0000457925780211,0.0000407061124861,0.0000281968841591,0.0000227737400564,0.000019079865524,0.0000184628861462,0.0000192575080291,0.0000101587047538,0.00000795872347226,0.00000975633065536,0.0000086732516138,0.00000614497048446,0.00000482532368551,0.00000409894710174,0.00000266627853307,0.00000307330969918,0.00000307720392811,0.00000403196918342,0.00000179124401711,0.0000017870542024,0.0000013089412505,0.00000149071229316,9.7564486623e-7,6.7552184646e-7],"median":[0.0000924270279938,0.000159048082423,0.000117950577987,0.000207016302738,0.000182430143468,0.00010614877101,0.0000672136375215,0.0000419163843617,0.0000233431037486,0.0000219787143578,0.0000156973474077,0.0000146817310451,0.0000100842253232,0.00000507526056026,0.00000622088919044,0.00000606352159593,0.00000493543302582,0.00000837453080749,0.00000651710342936,0.00000549136893824,0.00000448978789791,0.00000319689752359,0.00000289888703264,0.00000153466135089,0.00000132380819196,9.05689660158e-7,6.47435570045e-7,4.383160217e-7,2.73892226232e-7,2.44258842486e-7,1.87144451047e-7,1.83163820111e-7,2.48275483727e-7,2.34441145608e-7,1.62384992564e-7,1.24940370938e-7,8.69123013558e-8,9.97272167069e-8,7.38149523727e-8,4.63563836206e-8],"min":[7.29856722612e-25,1.79078978828e-24,9.69874407647e-25,1.28094385764e-24,7.84101559468e-25,2.46007377698e-24,1.84850620477e-24,2.32377478421e-24,1.3227273546e-24,2.23705648819e-24,2.00204792199e-24,2.97070028549e-24,1.63284908683e-24,2.93686347747e-24,2.41375087855e-24,4.06041696274e-24,4.35999478011e-24,2.19397186378e-24,3.29701871261e-24,4.77868625543e-24,4.37437334783e-24,4.27776786366e-24,3.83787575151e-24,4.49254865574e-24,4.66533128209e-24,4.36692216215e-24,4.04535326933e-24,5.07584779185e-24,4.07410014958e-24,5.76114427642e-24,5.68414790219e-24,5.40851161887e-24,4.7851036389e-24,6.53073843732e-24,6.26164062761e-24,5.68637209551e-24,6.08759069621e-24,6.9540715702e-24,6.70141204404e-24,6.53521206751e-24],"var":[0.00000117838806091,7.68449297084e-7,4.81850861433e-7,7.63428204209e-7,3.59087437118e-7,1.53570653083e-7,1.62063642506e-7,6.31671497331e-8,5.5199734561e-8,7.06016649588e-8,1.45408733943e-7,2.62186233613e-7,3.22372983419e-7,3.51238043095e-7,1.16840368491e-7,1.91970137564e-8,3.08123127013e-8,1.00835269023e-8,4.92373608552e-9,2.50497111942e-9,1.71401370874e-9,1.41741240967e-9,2.97993008047e-9,6.21371565313e-10,3.20803911213e-10,8.51685777459e-10,6.4134808575e-10,2.55520549164e-10,1.47182210863e-10,1.37222427865e-10,4.71688590964e-11,7.0015819531e-11,6.29029953125e-11,1.30370117479e-10,2.15084148408e-11,2.01758765944e-11,1.02244254729e-11,1.23047926015e-11,4.65060975841e-12,2.3802806514e-12]},"melbands_crest":{"dmean":3.36097359657,"dmean2":5.45604562759,"dvar":8.95683002472,"dvar2":22.5992527008,"max":32.2531166077,"mean":12.7530813217,"median":11.8931846619,"min":1.63921260834,"var":25.8359031677},"melbands_flatness_db":{"dmean":0.0300678517669,"dmean2":0.0434163436294,"dvar":0.000980106648058,"dvar2":0.00193913886324,"max":0.521887898445,"mean":0.205503970385,"median":0.209456503391,"min":0.00241451547481,"var":0.00852176174521},"melbands_kurtosis":{"dmean":5.95341300964,"dmean2":9.40776062012,"dvar":159.541168213,"dvar2":360.181091309,"max":418.781646729,"mean":8.78397083282,"median":4.25354480743,"min":-1.86896955967,"var":227.836593628},"melbands_skewness":{"dmean":0.707646906376,"dmean2":1.0675252676,"dvar":0.682954251766,"dvar2":1.46560013294,"max":16.7479000092,"mean":1.8787497282,"median":1.71391820908,"min":-2.50257277489,"var":2.13915085793},"melbands_spread":{"dmean":7.38721847534,"dmean2":11.2777433395,"dvar":117.373901367,"dvar2":242.112289429,"max":189.964141846,"mean":26.9902801514,"median":18.5730075836,"min":0.714703142643,"var":684.187316895},"mfcc":{"cov":[[12122.6425781,-2472.29931641,-975.043945312,221.393234253,-152.004638672,6.79992866516,38.2074012756,86.7860107422,-98.2606124878,-154.735275269,-199.567764282,-11.3483400345,-2.12534880638],[-2472.29931641,2824.09228516,76.9222869873,-185.519989014,237.587142944,55.4739761353,-30.3274402618,10.1144351959,8.68481731415,98.0461959839,122.802520752,-77.2832946777,-19.0314254761],[-975.043945312,76.9222869873,858.858886719,36.8276557922,-29.8904476166,25.0239067078,30.9321517944,-5.07877397537,71.0698852539,46.6002120972,8.79522132874,27.5110187531,-21.4730396271],[221.393234253,-185.519989014,36.8276557922,322.483673096,111.608795166,-18.7630271912,-55.5231323242,-1.38619959354,29.0679111481,-3.66156840324,-23.8589134216,5.9888920784,5.06598043442],[-152.004638672,237.587142944,-29.8904476166,111.608795166,284.836578369,43.3537368774,-65.533996582,-10.133518219,64.5274047852,25.6688671112,-0.427322596312,2.43463134766,-16.0125102997],[6.79992866516,55.4739761353,25.0239067078,-18.7630271912,43.3537368774,130.328186035,39.44739151,7.73577022552,16.9389400482,18.3835468292,11.0665283203,7.47918653488,-0.63311111927],[38.2074012756,-30.3274402618,30.9321517944,-55.5231323242,-65.533996582,39.44739151,177.091079712,52.4603118896,-7.20506286621,14.1918144226,14.8505744934,2.99783658981,5.27863311768],[86.7860107422,10.1144351959,-5.07877397537,-1.38619959354,-10.133518219,7.73577022552,52.4603118896,113.072303772,32.1401252747,13.1456756592,8.71044445038,-5.64472293854,1.64228630066],[-98.2606124878,8.68481731415,71.0698852539,29.0679111481,64.5274047852,16.9389400482,-7.20506286621,32.1401252747,144.86781311,43.6738128662,-10.6202058792,8.80893993378,-22.7251873016],[-154.735275269,98.0461959839,46.6002120972,-3.66156840324,25.6688671112,18.3835468292,14.1918144226,13.1456756592,43.6738128662,103.346672058,33.7407035828,-10.0985651016,-6.03728055954],[-199.567764282,122.802520752,8.79522132874,-23.8589134216,-0.427322596312,11.0665283203,14.8505744934,8.71044445038,-10.6202058792,33.7407035828,100.351211548,32.336769104,7.51291131973],[-11.3483400345,-77.2832946777,27.5110187531,5.9888920784,2.43463134766,7.47918653488,2.99783658981,-5.64472293854,8.80893993378,-10.0985651016,32.336769104,98.5472869873,22.0080547333],[-2.12534880638,-19.0314254761,-21.4730396271,5.06598043442,-16.0125102997,-0.63311111927,5.27863311768,1.64228630066,-22.7251873016,-6.03728055954,7.51291131973,22.0080547333,89.0312805176]],"icov":[[0.000115287482913,0.000089653833129,0.000122840094264,-0.0000516137261002,0.0000200628001039,-0.0000950606627157,0.00000863580680743,-0.000119489384815,0.0000785464435467,-0.0000165580095199,0.000129601932713,-0.0000150169425979,0.0000708069783286],[0.000089653833129,0.000555653008632,-0.0000215584259422,0.000421094911871,-0.000622664461844,0.00000889253624337,0.0000860633372213,-0.000189170183148,0.000204965806915,-0.0000570097872696,-0.00054636184359,0.000599736114964,-0.0000754761640565],[0.000122840094264,-0.0000215584259422,0.00146858335938,-0.000470469123684,0.000643631676212,-0.000360862293746,-0.000231127545703,0.000328476104187,-0.000615747121628,-0.000446222402388,0.000302751665004,-0.00053024594672,0.000418230571086],[-0.0000516137261002,0.000421094911871,-0.000470469123684,0.00440704217181,-0.00229223328643,0.00107850274071,0.000643716135528,-0.000625526648946,0.000252807920333,0.0000171398951352,0.000331700372044,0.000134299712954,-0.00070217368193],[0.0000200628001039,-0.000622664461844,0.000643631676212,-0.00229223328643,0.00636211782694,-0.00251359655522,0.00171943416353,0.000564914953429,-0.00208739796653,-0.000413199275499,0.000263780675596,-0.000619664089754,0.000737138558179],[-0.0000950606627157,0.00000889253624337,-0.000360862293746,0.00107850274071,-0.00251359655522,0.00970280822366,-0.00277399062179,0.000626369495876,-0.000279564410448,-0.000584395136684,-0.000322900246829,-0.000368773849914,-0.00037151563447],[0.00000863580680743,0.0000860633372213,-0.000231127545703,0.000643716135528,0.00171943416353,-0.00277399062179,0.00842733774334,-0.00383865274489,0.00123046280351,-0.00116176658776,0.000165218021721,-0.000528572534677,0.000138916613651],[-0.000119489384815,-0.000189170183148,0.000328476104187,-0.000625526648946,0.000564914953429,0.000626369495876,-0.00383865274489,0.0120459580794,-0.00405823579058,0.00108572619502,-0.00206045457162,0.00192082696594,-0.00108021183405],[0.0000785464435467,0.000204965806915,-0.000615747121628,0.000252807920333,-0.00208739796653,-0.000279564410448,0.00123046280351,-0.00405823579058,0.0116428015754,-0.00532362703234,0.00413256557658,-0.00339568359777,0.00260877516121],[-0.0000165580095199,-0.0000570097872696,-0.000446222402388,0.0000171398951352,-0.000413199275499,-0.000584395136684,-0.00116176658776,0.00108572619502,-0.00532362703234,0.0150148123503,-0.00683375541121,0.00472787348554,-0.00108352152165],[0.000129601932713,-0.00054636184359,0.000302751665004,0.000331700372044,0.000263780675596,-0.000322900246829,0.000165218021721,-0.00206045457162,0.00413256557658,-0.00683375541121,0.0161164905876,-0.00721086142585,0.00102773320395],[-0.0000150169425979,0.000599736114964,-0.00053024594672,0.000134299712954,-0.000619664089754,-0.000368773849914,-0.000528572534677,0.00192082696594,-0.00339568359777,0.00472787348554,-0.00721086142585,0.0149171054363,-0.0037509361282],[0.0000708069783286,-0.0000754761640565,0.000418230571086,-0.00070217368193,0.000737138558179,-0.00037151563447,0.000138916613651,-0.00108021183405,0.00260877516121,-0.00108352152165,0.00102773320395,-0.0037509361282,0.0129329133779]],"mean":[-704.23260498,129.138809204,3.75267791748,13.1820745468,5.94474983215,0.6305565238,-8.67159461975,0.403955668211,-4.3968744278,-0.308620363474,-4.75729560852,-6.22542381287,-0.837024211884]},"pitch_salience":{"dmean":0.071974389255,"dmean2":0.116265580058,"dvar":0.0041852123104,"dvar2":0.0105583267286,"max":0.900974750519,"mean":0.569088697433,"median":0.577544808388,"min":0.128093495965,"var":0.0115904500708},"silence_rate_20dB":{"dmean":0,"dmean2":0,"dvar":0,"dvar2":0,"max":1,"mean":1,"median":1,"min":1,"var":0},"silence_rate_30dB":{"dmean":0.000751408864744,"dmean2":0.00150300597306,"dvar":0.000750824576244,"dvar2":0.00175120856147,"max":1,"mean":0.999248683453,"median":1,"min":0,"var":0.000750737730414},"silence_rate_60dB":{"dmean":0.0809016898274,"dmean2":0.161823645234,"dvar":0.0743488147855,"dvar2":0.158194631338,"max":1,"mean":0.203105434775,"median":0,"min":0,"var":0.161860525608},"spectral_centroid":{"dmean":215.139389038,"dmean2":329.493225098,"dvar":86390.59375,"dvar2":177720.28125,"max":11931.7861328,"mean":1324.07104492,"median":1011.57617188,"min":216.73550415,"var":1476896.25},"spectral_complexity":{"dmean":3.13462734222,"dmean2":4.5400800705,"dvar":21.5934963226,"dvar2":37.0353012085,"max":56,"mean":14.1750564575,"median":11,"min":0,"var":117.30847168},"spectral_contrast_coeffs":{"dmean":[0.0563205853105,0.0464052408934,0.0410614684224,0.034222278744,0.0248267967254,0.0177520737052],"dmean2":[0.0930335894227,0.075942620635,0.0645028278232,0.0526542067528,0.0371757075191,0.0276318602264],"dvar":[0.00228921417147,0.00150713603944,0.0012683038367,0.000897081918083,0.000474716769531,0.000261446402874],"dvar2":[0.00589967612177,0.00378718064167,0.0028192314785,0.00187854410615,0.000934780400712,0.000593968725298],"max":[-0.334281057119,-0.4398855865,-0.436448335648,-0.465806663036,-0.571466386318,-0.643969535828],"mean":[-0.647124528885,-0.719541847706,-0.749364256859,-0.764809131622,-0.788278520107,-0.79446542263],"median":[-0.648762464523,-0.71966612339,-0.76452434063,-0.770431876183,-0.788348436356,-0.796280741692],"min":[-0.983069896698,-0.980898559093,-0.97613298893,-0.971868515015,-0.966190516949,-0.963659465313],"var":[0.00799571815878,0.00584097579122,0.0074098422192,0.00536523759365,0.00329276989214,0.00192012952175]},"spectral_contrast_valleys":{"dmean":[0.442811995745,0.396473020315,0.394558250904,0.397487431765,0.408240973949,0.51795309782],"dmean2":[0.692770183086,0.631022334099,0.60479581356,0.577316045761,0.54087895155,0.637483894825],"dvar":[0.180169925094,0.152294188738,0.151208519936,0.169825077057,0.209277495742,0.346224784851],"dvar2":[0.368891656399,0.327041745186,0.30553278327,0.316531360149,0.353332281113,0.619081377983],"max":[-5.2162156105,-4.81716585159,-5.22353935242,-5.50840520859,-5.56635856628,-7.64393520355],"mean":[-7.95437431335,-7.32310628891,-8.05125236511,-8.48656272888,-8.58337688446,-10.8005990982],"median":[-7.67486953735,-7.1180305481,-7.86548709869,-8.25866889954,-8.42670345306,-10.6886901855],"min":[-27.9956130981,-27.8606300354,-27.7464733124,-27.694152832,-27.5649967194,-27.4107608795],"var":[4.346367836,4.25260210037,4.16742801666,4.28311061859,4.76773166656,4.30091333389]},"spectral_decrease":{"dmean":1.32751121207e-9,"dmean2":1.96207095016e-9,"dvar":4.71514166338e-18,"dvar2":1.03598424294e-17,"max":5.063494799e-17,"mean":-3.5599283521e-9,"median":-2.15879758514e-9,"min":-3.6082276722e-8,"var":1.47768471069e-17},"spectral_energy":{"dmean":0.00543060200289,"dmean2":0.0079387286678,"dvar":0.0000788763427408,"dvar2":0.000170121522387,"max":0.149609044194,"mean":0.0148986540735,"median":0.00876925420016,"min":9.79147827466e-21,"var":0.000263765396085},"spectral_energyband_high":{"dmean":0.000336034048814,"dmean2":0.000470335740829,"dvar":7.14460270501e-7,"dvar2":0.00000122542326153,"max":0.0228817649186,"mean":0.000749359373003,"median":0.0000657709024381,"min":6.9744411894e-21,"var":0.00000293579137178},"spectral_energyband_low":{"dmean":0.00178623653483,"dmean2":0.0027178209275,"dvar":0.0000185880817298,"dvar2":0.0000400512180931,"max":0.0604414902627,"mean":0.00251216092147,"median":0.00088601349853,"min":1.68022813196e-23,"var":0.0000258133550233},"spectral_energyband_middle_high":{"dmean":0.0017792902654,"dmean2":0.00240065227263,"dvar":0.0000143328070408,"dvar2":0.000024897080948,"max":0.10231615603,"mean":0.00553298788145,"median":0.00127890892327,"min":1.15465901388e-21,"var":0.000101832309156},"spectral_energyband_middle_low":{"dmean":0.00306285498664,"dmean2":0.00495072826743,"dvar":0.0000317426020047,"dvar2":0.0000824599264888,"max":0.107203058898,"mean":0.00652847718447,"median":0.00446450896561,"min":1.64073134949e-22,"var":0.0000521803267475},"spectral_entropy":{"dmean":0.253553569317,"dmean2":0.350510448217,"dvar":0.0844743847847,"dvar2":0.157056197524,"max":9.81783103943,"mean":7.31479358673,"median":7.33510351181,"min":5.1698641777,"var":0.471601188183},"spectral_flux":{"dmean":0.0205119047314,"dmean2":0.0311716794968,"dvar":0.000635529169813,"dvar2":0.00130080827512,"max":0.317129462957,"mean":0.0616800002754,"median":0.0510824546218,"min":6.44053629872e-11,"var":0.00186504924204},"spectral_kurtosis":{"dmean":3.392359972,"dmean2":5.1177611351,"dvar":29.7630577087,"dvar2":61.6170310974,"max":82.1849060059,"mean":7.52430772781,"median":5.16172599792,"min":-1.27364778519,"var":64.087348938},"spectral_rms":{"dmean":0.000658642558847,"dmean2":0.00092770421179,"dvar":6.66749656375e-7,"dvar2":0.00000129270461002,"max":0.0120813921094,"mean":0.00331501127221,"median":0.00292495638132,"min":3.09073795203e-12,"var":0.00000354594067176},"spectral_rolloff":{"dmean":453.477233887,"dmean2":745.377746582,"dvar":723298.8125,"dvar2":1533782.75,"max":22006.9335938,"mean":1882.37805176,"median":1055.12695312,"min":64.599609375,"var":5846176},"spectral_skewness":{"dmean":0.364187270403,"dmean2":0.533663094044,"dvar":0.2317840904,"dvar2":0.469991207123,"max":7.47001934052,"mean":1.96247160435,"median":1.82426905632,"min":-0.124377638102,"var":0.848429858685},"spectral_spread":{"dmean":840632.5,"dmean2":1183898.625,"dvar":1425230397440,"dvar2":2915281141760,"max":42327892,"mean":4567254.5,"median":4000811.5,"min":1015703.125,"var":14119699742700},"spectral_strongpeak":{"dmean":0.517478346825,"dmean2":0.842774152756,"dvar":0.870004057884,"dvar2":2.08163881302,"max":13.4380903244,"mean":1.10690236092,"median":0.436220884323,"min":0,"var":2.90940332413},"zerocrossingrate":{"dmean":0.0103787127882,"dmean2":0.0123435342684,"dvar":0.000205953416298,"dvar2":0.000266637682216,"max":0.736328125,"mean":0.0671743825078,"median":0.0478515625,"min":0.0048828125,"var":0.00401808461174}},"metadata":{"audio_properties":{"analysis_sample_rate":44100,"bit_rate":0,"codec":"flac","downmix":"mix","equal_loudness":0,"length":185.399993896,"lossless":true,"md5_encoded":"881f01568db2c8bfa69bf878a3943293","replay_gain":-12.5950641632,"sample_rate":44100},"tags":{"album":["1990"],"albumartist":["The Temptations"],"albumartistsort":["Temptations, The"],"artist":["The Temptations"],"artistsort":["Temptations, The"],"bpm":["0"],"catalognumber":["B0003086-02"],"compilation":["0"],"date":["2004"],"discnumber":["1"],"disctotal":["1"],"file_name":"02 I Need You.flac","genre":["Soul"],"label":["Hip‐O Select"],"language":["eng"],"media":["CD"],"musicbrainz_albumartistid":["d8df96ae-8fcf-4997-b3e6-e5d1aaf0f69e"],"musicbrainz_albumid":["6451cd55-c685-41b4-8f7e-2578ede8435f"],"musicbrainz_artistid":["d8df96ae-8fcf-4997-b3e6-e5d1aaf0f69e"],"musicbrainz_recordingid":["67779e4f-1816-45d5-a778-303a0615651c"],"musicbrainz_releasegroupid":["6e7523fa-19f5-3a82-9eb2-7afcc901a290"],"originaldate":["1973-12-07"],"releasecountry":["US"],"releasestatus":["official"],"releasetype":["album"],"script":["Latn"],"title":["I Need You"],"totaldiscs":["1"],"totaltracks":["7"],"tracknumber":["2"],"tracktotal":["7"]},"version":{"essentia":"2.1-beta2","essentia_build_sha":"cead25079874084f62182a551b7393616cd33d87","essentia_git_sha":"v2.1_beta2-1-ge3940c0","extractor":"music 1.0"}},"rhythm":{"beats_count":285,"beats_loudness":{"dmean":0.0148018933833,"dmean2":0.0249547231942,"dvar":0.0001873869478,"dvar2":0.000490445992909,"max":0.106902696192,"mean":0.0292226094753,"median":0.0230338331312,"min":0,"var":0.000376670039259},"beats_loudness_band_ratio":{"dmean":[0.193267419934,0.115338876843,0.0937509313226,0.113690003753,0.0769199132919,0.0630393177271],"dmean2":[0.337902218103,0.20