{"lowlevel":{"average_loudness":0.940134525299,"barkbands":{"dmean":[0.0000432431843365,0.00310758920386,0.00193732522894,0.000762208423112,0.00130715349223,0.000264699017862,0.000425072968937,0.000278110674117,0.000266578193987,0.00043906076462,0.000631996197626,0.000260856264504,0.000406356091844,0.000431412598118,0.000531879952177,0.000851792399772,0.000988867715932,0.000500139722135,0.000673703209031,0.000230260193348,0.000174383196281,0.000140318094054,0.0000817111576907,0.0000599620288995,0.0000316788318742,0.0000122830178952,0.00000357133990292],"dmean2":[0.0000572203171032,0.00508798658848,0.00343871046789,0.00125612062402,0.0022728103213,0.000451600673841,0.000701619661413,0.000487922283355,0.000447306461865,0.000706249382347,0.00104336801451,0.000436942791566,0.000638069119304,0.000717925897334,0.000853114644997,0.0013984934194,0.00163464818615,0.000826595118269,0.00112891674507,0.000385484803701,0.000291430595098,0.000224883056944,0.00013218204549,0.0000958023738349,0.0000518533634022,0.0000197094213945,0.00000575990816287],"dvar":[4.38403535696e-9,0.0000280058575299,0.0000118199550343,0.00000134393155804,0.00000650062747809,2.18484046854e-7,8.25115478165e-7,3.54154366278e-7,3.29236456764e-7,7.10190477093e-7,0.00000123637710203,1.79075428264e-7,5.57036514692e-7,4.38831733618e-7,9.06492857666e-7,0.00000129610407384,0.00000111677729819,3.5410619148e-7,5.18243666647e-7,6.2240474108e-8,5.33660617918e-8,5.48024559066e-8,2.03578593982e-8,1.44155611892e-8,5.21110798957e-9,5.57842549931e-10,9.40715769171e-11],"dvar2":[8.44786196552e-9,0.0000674493348924,0.000033933447412,0.00000364075526704,0.0000183418342203,5.75057072183e-7,0.00000189874981515,9.85101678452e-7,7.39629513191e-7,0.00000164632069755,0.0000033902715586,4.45769785529e-7,0.00000125195958844,0.00000112633324534,0.00000213097814594,0.00000303900174004,0.00000287943453259,8.81823325471e-7,0.0000014061292859,1.68997658534e-7,1.40934815818e-7,1.31503398393e-7,4.90489036054e-8,3.34635288368e-8,1.19109504482e-8,1.18420906414e-9,1.89376000992e-10],"max":[0.000742817763239,0.0524444691837,0.0494757592678,0.0214633643627,0.0245812665671,0.011855205521,0.0188585054129,0.012185184285,0.0140470312908,0.0157643277198,0.0168653149158,0.00733214942738,0.0121452091262,0.00964770652354,0.0169924721122,0.0334768742323,0.0158271547407,0.0111163593829,0.0137306908146,0.00433751475066,0.004304330796,0.00561498524621,0.00338734313846,0.002509517828,0.00163777067792,0.000519256980624,0.000289602845442],"mean":[0.0000749995670049,0.00339006166905,0.00221907556988,0.00121360085905,0.00156638096087,0.000376228039386,0.000518711807672,0.000308076327201,0.000368560082279,0.000711574219167,0.00132399972063,0.000453701912193,0.000668124528602,0.000707791943569,0.000902425847016,0.00171309511643,0.00229861214757,0.00113713426981,0.00168772705365,0.000559582025744,0.000410282082157,0.000316704681609,0.000183005002327,0.000129969412228,0.0000544512076885,0.000020549965484,0.00000458903741674],"median":[0.0000155061879923,0.000912548857741,0.00120008271188,0.000825649534818,0.000911133654881,0.000229958735872,0.000204292591661,0.000160778246936,0.000215715452214,0.000246083771344,0.000286269787466,0.000229398603551,0.000295406731311,0.000388466956792,0.000400439224904,0.00129216525238,0.00187437573913,0.000957808049861,0.00146721361671,0.000503980030771,0.000357251934474,0.000252961559454,0.000147609549458,0.0000892857497092,0.0000331060546159,0.0000105958042695,0.00000121369009776],"min":[4.93984410668e-12,1.24069886309e-11,1.02393458296e-11,9.42370573936e-12,1.78250018912e-11,7.55282902193e-12,7.98262237561e-12,5.71058391546e-12,3.75470834979e-12,2.51007483028e-12,3.89496291123e-12,1.25291595675e-12,4.50750087212e-13,3.21121124483e-12,1.17231625883e-12,1.90614407938e-12,3.44572807787e-12,1.8405758688e-12,1.01528178226e-11,6.25829900056e-12,3.01806431409e-12,3.49054249046e-12,1.50196879673e-12,6.66095759279e-13,5.49613685726e-13,5.67560809548e-13,9.35148117796e-13],"var":[1.16878000611e-8,0.0000324505926983,0.0000110794171633,0.00000187170655863,0.00000507575487063,2.61508631638e-7,0.00000118108926017,2.8665678542e-7,4.4814439093e-7,0.00000179772121101,0.00000450505058325,4.22073014761e-7,0.00000119788160191,7.80023071911e-7,0.00000190246441889,0.00000304729019263,0.00000318593743032,7.16324336736e-7,0.00000131742024223,1.18570881114e-7,8.77027090951e-8,9.70925597699e-8,3.60619907269e-8,2.73065907663e-8,8.1548297004e-9,1.15455556227e-9,1.99026919945e-10]},"barkbands_crest":{"dmean":2.64392161369,"dmean2":4.41698312759,"dvar":6.67976617813,"dvar2":16.9305381775,"max":23.3545684814,"mean":7.26011657715,"median":6.33351898193,"min":2.23589348793,"var":10.4714803696},"barkbands_flatness_db":{"dmean":0.0171942319721,"dmean2":0.0271893329918,"dvar":0.000291958625894,"dvar2":0.000681342149619,"max":0.41289588809,"mean":0.0951844006777,"median":0.0841996222734,"min":0.0230656992644,"var":0.00168489362113},"barkbands_kurtosis":{"dmean":0.789301872253,"dmean2":1.26788032055,"dvar":3.31388354301,"dvar2":6.60633945465,"max":52.0154418945,"mean":-0.533930540085,"median":-1.04145336151,"min":-1.90453457832,"var":6.56341981888},"barkbands_skewness":{"dmean":0.483389496803,"dmean2":0.750274717808,"dvar":0.211384445429,"dvar2":0.483534306288,"max":5.7056927681,"mean":0.0259461198002,"median":-0.0965430513024,"min":-3.46977424622,"var":0.682298362255},"barkbands_spread":{"dmean":6.38677501678,"dmean2":10.0253133774,"dvar":34.9791793823,"dvar2":82.2853851318,"max":109.639656067,"mean":37.9591255188,"median":37.49559021,"min":0.87991720438,"var":136.276947021},"dissonance":{"dmean":0.0066568274051,"dmean2":0.0113822836429,"dvar":0.0000635387841612,"dvar2":0.000147912302054,"max":0.500000178814,"mean":0.490580558777,"median":0.493155181408,"min":0.122818082571,"var":0.0000849643110996},"dynamic_complexity":1.7713906765,"erbbands":{"dmean":[0.0706221610308,0.794533967972,2.10164737701,2.44726657867,2.19073629379,6.17340660095,3.70035409927,2.1984565258,4.81238079071,6.85162878036,5.83216142654,6.04363155365,8.19374084473,23.521812439,15.6816473007,10.6500787735,17.2608203888,19.6812934875,24.2789707184,26.802110672,51.213596344,51.1419410706,27.2087554932,37.3401412964,22.1169261932,10.1605653763,7.16944122314,6.75431489944,5.28807640076,3.92911052704,2.12662053108,1.75839447975,0.738808512688,0.441463857889,0.174576953053,0.0701454803348,0.0216323491186,0.00450419355184,0.000656500807963,0.0000359188197763],"dmean2":[0.114174433053,1.31306409836,3.69965648651,4.14169073105,3.65006232262,10.7738466263,6.58836698532,3.68984770775,7.91603374481,11.5780162811,10.2238702774,10.1110486984,13.1863002777,37.9051170349,25.8363323212,17.5909099579,27.0003623962,32.1240692139,39.361541748,43.0692100525,84.4899597168,84.8681259155,44.2591018677,62.7444610596,37.1247711182,16.910861969,11.8097782135,11.4020280838,8.56904411316,6.32920217514,3.46167683601,2.83902859688,1.16993451118,0.70780569315,0.291436970234,0.115170419216,0.0349604710937,0.00729376869276,0.00107315264177,0.0000562126551813],"dvar":[0.0147689804435,1.86328041553,14.2898416519,14.8844738007,7.76610851288,170.465255737,55.5598602295,17.315410614,124.146476746,211.931976318,150.105743408,179.688705444,324.261138916,1632.41101074,744.244812012,289.425445557,1000.54510498,1012.88641357,1758.17980957,1941.34533691,4016.20483398,3101.07592773,1049.69616699,1693.09008789,558.901428223,118.203834534,97.5051727295,86.0251312256,81.741607666,47.9438056946,14.8675136566,11.7614564896,2.75886273384,1.17995989323,0.142746552825,0.0199811942875,0.00159702752717,0.000101687284769,0.00000275185539067,7.75214115123e-9],"dvar2":[0.0359645858407,4.58107757568,40.4590148926,41.7781448364,21.4741172791,478.153198242,160.239624023,44.8135986328,282.746185303,548.552062988,417.217407227,426.533569336,726.323608398,4195.56201172,1992.61572266,704.301513672,2190.16723633,2503.21606445,4227.18115234,4708.88232422,10117.8632812,8107.03515625,2571.22241211,4546.89501953,1541.53833008,322.72567749,253.267150879,231.846084595,204.37121582,112.530128479,35.5874633789,28.5319194794,6.19144105911,2.66772818565,0.339130729437,0.0451231338084,0.0034212062601,0.000219110806938,0.00000576206412006,1.55441917116e-8],"max":[1.23147845268,12.5449399948,46.0164527893,75.2466049194,49.0777359009,113.209182739,88.6720123291,133.136276245,290.122802734,273.919891357,220.883529663,350.866912842,454.953674316,604.023742676,491.322570801,316.962982178,535.003662109,478.097564697,643.589477539,1214.3067627,1338.61938477,802.653259277,618.572570801,800.729003906,406.231719971,188.9425354,193.620346069,162.862716675,279.045776367,122.666702271,107.03604126,80.6192016602,39.1680831909,25.4791755676,9.69357967377,3.72900986671,0.950511693954,0.280850023031,0.0529011078179,0.00261274329387],"mean":[0.0818137675524,0.820673942566,2.41846895218,3.84055542946,3.59547829628,6.41389703751,4.24737119675,3.22598767281,5.96111154556,8.10119152069,7.05650568008,8.31855106354,13.1704931259,47.8566741943,35.015827179,20.7090625763,30.0109176636,35.6309051514,42.7041893005,55.6722717285,116.501113892,123.732055664,68.7671279907,90.9079437256,58.27085495,26.4954299927,17.0514221191,14.9365091324,11.7143325806,8.52188873291,4.72159290314,3.70031094551,1.59233546257,0.810037612915,0.276815146208,0.110002718866,0.0341358520091,0.00677265692502,0.000829338445328,0.0000698948497302],"median":[0.0157225709409,0.219863951206,1.21932625771,2.65153980255,2.69214701653,2.96455788612,2.44967222214,1.86543524265,2.50744891167,3.52304673195,4.06708192825,4.89769887924,6.57508802414,12.8275547028,12.1764411926,11.0321311951,14.5461473465,19.7985305786,22.098033905,34.0504646301,90.4792251587,104.82409668,58.7392501831,78.8284606934,52.2403106689,24.0006942749,14.3733692169,12.8306570053,9.41640853882,6.72077417374,3.79957175255,2.51016354561,1.09404873848,0.511421084404,0.158920407295,0.0575653724372,0.0161955095828,0.00279238680378,0.000251035758993,0.00004348359289],"min":[4.14955680927e-10,2.67111643915e-9,1.02869233132e-8,1.86316793105e-8,4.74100971815e-8,6.1261012263e-8,5.96789959673e-8,6.3812969131e-8,9.98347218228e-8,1.32299021516e-7,1.15923683097e-7,8.75790746591e-8,7.04454521383e-8,1.19365637374e-7,1.41538706089e-7,3.85539422609e-8,2.04058494546e-8,1.42992561791e-7,7.85500802181e-8,7.27545526047e-8,1.61376107144e-7,1.71868265397e-7,8.527209161e-8,4.73188634942e-7,3.38624346341e-7,2.66967305151e-7,2.47479704285e-7,9.55220045284e-8,1.3195425197e-7,6.91251713647e-8,4.31229629783e-8,2.5235316059e-8,6.43575326364e-9,7.53865947445e-9,3.34818506253e-9,1.99125871347e-9,8.42351799424e-10,5.08901476515e-10,1.36730723965e-10,1.35447130942e-11],"var":[0.0181159432977,2.05001282692,14.19348526,17.6816158295,10.4463214874,128.868347168,39.8884620667,22.7968540192,175.182296753,226.704711914,125.892501831,225.90246582,592.161376953,5523.05908203,2775.73706055,822.727966309,2257.99975586,1957.09765625,3310.75170898,5572.82617188,10269.8193359,7306.64013672,2412.71606445,3773.23657227,1226.75402832,244.871948242,162.997467041,128.448562622,130.268890381,83.4504928589,25.4866867065,21.3626537323,5.0063586235,1.86528480053,0.211752176285,0.0354141965508,0.00329721625894,0.000199756264919,0.00000534465834789,1.68229181696e-8]},"erbbands_crest":{"dmean":2.03705406189,"dmean2":3.42746376991,"dvar":3.23311185837,"dvar2":8.73440074921,"max":28.5883750916,"mean":8.37660121918,"median":7.76255750656,"min":3.06461763382,"var":8.55131149292},"erbbands_flatness_db":{"dmean":0.0151669112965,"dmean2":0.023540282622,"dvar":0.000199387490284,"dvar2":0.000445309851784,"max":0.346605181694,"mean":0.171176552773,"median":0.163847073913,"min":0.0791833922267,"var":0.00152313918807},"erbbands_kurtosis":{"dmean":1.21188282967,"dmean2":1.93408727646,"dvar":1.73857223988,"dvar2":4.33008718491,"max":25.997379303,"mean":2.09190154076,"median":1.52845668793,"min":-1.75469219685,"var":6.10845279694},"erbbands_skewness":{"dmean":0.307142019272,"dmean2":0.478004574776,"dvar":0.0783203989267,"dvar2":0.173232838511,"max":2.75714945793,"mean":-0.921563744545,"median":-0.932424068451,"min":-3.46147918701,"var":0.416655957699},"erbbands_spread":{"dmean":5.87277126312,"dmean2":9.28200149536,"dvar":39.2549629211,"dvar2":92.4513244629,"max":116.677955627,"mean":25.0029087067,"median":23.3777732849,"min":3.39267086983,"var":110.986465454},"gfcc":{"cov":[[4260.00292969,-781.485229492,256.751800537,-202.532608032,-331.149139404,474.211639404,-271.651580811,163.266143799,-56.1723823547,148.773910522,-24.1335945129,253.765289307,-49.6168060303],[-781.485229492,1229.50671387,-242.144348145,132.963562012,264.485076904,-218.123458862,181.862915039,-76.8130187988,74.931892395,-102.172370911,27.7494754791,-151.65953064,110.633110046],[256.751800537,-242.144348145,531.452209473,132.805084229,8.19671916962,106.798156738,-35.0716171265,60.817325592,38.6039009094,83.3560562134,-7.54040288925,64.5524520874,-56.8758277893],[-202.532608032,132.963562012,132.805084229,269.412597656,75.8627700806,2.35135626793,12.1622619629,34.5736694336,69.9704818726,14.7929544449,0.0120489737019,-40.3824005127,9.72609519958],[-331.149139404,264.485076904,8.19671916962,75.8627700806,268.678283691,-15.0000810623,118.564826965,9.95373630524,20.8183097839,-18.5811481476,14.1966543198,-32.5395393372,18.8933410645],[474.211639404,-218.123458862,106.798156738,2.35135626793,-15.0000810623,268.46786499,39.030620575,70.3706207275,-11.2472038269,13.346777916,5.99460887909,69.4726104736,-10.4144916534],[-271.651580811,181.862915039,-35.0716171265,12.1622619629,118.564826965,39.030620575,168.31880188,32.6121482849,-5.23505163193,-44.0588035583,15.8355560303,-3.03353762627,22.1017475128],[163.266143799,-76.8130187988,60.817325592,34.5736694336,9.95373630524,70.3706207275,32.6121482849,97.934967041,43.6432991028,20.0778751373,2.95481276512,22.476600647,-1.4479893446],[-56.1723823547,74.931892395,38.6039009094,69.9704818726,20.8183097839,-11.2472038269,-5.23505163193,43.6432991028,120.387405396,57.2050170898,12.1766672134,-15.7819328308,1.72668921947],[148.773910522,-102.172370911,83.3560562134,14.7929544449,-18.5811481476,13.346777916,-44.0588035583,20.0778751373,57.2050170898,102.728569031,32.5043754578,23.9929332733,-20.5659046173],[-24.1335945129,27.7494754791,-7.54040288925,0.0120489737019,14.1966543198,5.99460887909,15.8355560303,2.95481276512,12.1766672134,32.5043754578,67.9868164062,31.978017807,1.79011893272],[253.765289307,-151.65953064,64.5524520874,-40.3824005127,-32.5395393372,69.4726104736,-3.03353762627,22.476600647,-15.7819328308,23.9929332733,31.978017807,88.3946838379,5.5607790947],[-49.6168060303,110.633110046,-56.8758277893,9.72609519958,18.8933410645,-10.4144916534,22.1017475128,-1.4479893446,1.72668921947,-20.5659046173,1.79011893272,5.5607790947,60.0716781616]],"icov":[[0.000495834567118,-0.000404312420869,0.000159327697475,0.000219887369894,0.00003315651702,-0.000781680690125,0.0012868004851,-0.00114448415115,0.000819427077658,-0.000798176450189,0.000948451983277,-0.00117702945136,0.000406307517551],[-0.000404312420869,0.0027986750938,-0.000451626518043,-0.00013760170259,-0.000681993202306,0.00125269812997,-0.00263017276302,0.00309566012584,-0.00307759502903,0.00283894268796,-0.00356587185524,0.00431609060615,-0.00365243526176],[0.000159327697475,-0.000451626518043,0.00424518762156,-0.00276541314088,-0.000549653486814,-0.000316986785037,0.000347231980413,-0.000453769491287,0.000929627160076,-0.00320699042641,0.00510772224516,-0.00653104344383,0.00473737204447],[0.000219887369894,-0.00013760170259,-0.00276541314088,0.00724772829562,-0.00100971048232,-0.00120193662588,0.00228271493688,-0.00205926853232,-0.00200142571703,0.00220171222463,-0.00386636098847,0.00632069632411,-0.00379561702721],[0.00003315651702,-0.000681993202306,-0.000549653486814,-0.00100971048232,0.00672750547528,0.000309509399813,-0.00451075704768,0.000462039140984,0.000660840596538,-0.00164693943225,-0.0000825055249152,0.00124073948245,-0.000160241761478],[-0.000781680690125,0.00125269812997,-0.000316986785037,-0.00120193662588,0.000309509399813,0.00756749138236,-0.00429506925866,-0.000695957685821,-0.000303953711409,0.000835878832731,0.0000912245523068,-0.00205522100441,0.000202297538635],[0.0012868004851,-0.00263017276302,0.000347231980413,0.00228271493688,-0.00451075704768,-0.00429506925866,0.0177905261517,-0.00925816968083,0.00345628685318,0.00363993272185,-0.0021035047248,-0.0024234324228,0.00120515131857],[-0.00114448415115,0.00309566012584,-0.000453769491287,-0.00205926853232,0.000462039140984,-0.000695957685821,-0.00925816968083,0.0239379033446,-0.0121229337528,0.00349642941728,0.000287784379907,-0.000828757416457,-0.00141179398634],[0.000819427077658,-0.00307759502903,0.000929627160076,-0.00200142571703,0.000660840596538,-0.000303953711409,0.00345628685318,-0.0121229337528,0.0227233078331,-0.0148712899536,0.00373637815937,0.00121458061039,-0.000243616115768],[-0.000798176450189,0.00283894268796,-0.00320699042641,0.00220171222463,-0.00164693943225,0.000835878832731,0.00363993272185,0.00349642941728,-0.0148712899536,0.0289073493332,-0.01534430217,0.00349547085352,0.000585159170441],[0.000948451983277,-0.00356587185524,0.00510772224516,-0.00386636098847,-0.0000825055249152,0.0000912245523068,-0.0021035047248,0.000287784379907,0.00373637815937,-0.01534430217,0.0347527191043,-0.0229137502611,0.00936007872224],[-0.00117702945136,0.00431609060615,-0.00653104344383,0.00632069632411,0.00124073948245,-0.00205522100441,-0.0024234324228,-0.000828757416457,0.00121458061039,0.00349547085352,-0.0229137502611,0.0406384654343,-0.0179201550782],[0.000406307517551,-0.00365243526176,0.00473737204447,-0.00379561702721,-0.000160241761478,0.000202297538635,0.00120515131857,-0.00141179398634,-0.000243616115768,0.000585159170441,0.00936007872224,-0.0179201550782,0.0300041865557]],"mean":[27.86287117,62.7431640625,-147.894424438,55.8317604065,-40.1636390686,9.47392272949,-34.1234321594,9.78615951538,-23.2427062988,-9.24142360687,-18.6598510742,-0.197449952364,-12.2368278503]},"hfc":{"dmean":7.66337299347,"dmean2":12.361322403,"dvar":62.3070297241,"dvar2":154.895828247,"max":100.76864624,"mean":35.6663017273,"median":36.2958831787,"min":1.94342376858e-7,"var":222.476593018},"melbands":{"dmean":[0.000767084187828,0.00105839024764,0.000386741070542,0.000293500314001,0.000166716999956,0.00004859323235,0.0000776622327976,0.000072105358413,0.0000478619185742,0.00003808796464,0.0000428329112765,0.0000937134027481,0.0000709418964107,0.0000297404912999,0.0000331639857905,0.0000433081331721,0.0000391987450712,0.0000410237844335,0.0000414632340835,0.0000459342700196,0.0000697443829267,0.0000622548541287,0.0000417171613663,0.0000198805410037,0.0000353239011019,0.0000239185828832,0.0000122353058032,0.00000647240540275,0.00000468714915769,0.00000484690417579,0.00000398307747673,0.00000316175191983,0.00000302848707179,0.00000205706123779,0.00000133716901018,0.00000122159940474,0.00000104543460111,5.66144876757e-7,4.48188075097e-7,3.73716488866e-7],"dmean2":[0.00125333038159,0.00177847233135,0.000652993854601,0.000506957701873,0.00029466880369,0.0000818483458715,0.000127321225591,0.000122487195767,0.0000839742133394,0.0000634161333437,0.0000689829248586,0.000151388085214,0.000116921379231,0.0000497370238008,0.0000546497976757,0.0000673022368574,0.0000649609064567,0.000067648019467,0.0000662618913339,0.0000750117760617,0.000115868468129,0.000103746897366,0.000069243942562,0.0000329993890773,0.0000595679593971,0.0000403698250011,0.0000207694247365,0.000010813733752,0.00000778789126343,0.00000810476922197,0.00000678879587213,0.00000516444879395,0.00000494655932926,0.00000335144113706,0.00000220893866754,0.00000198885959435,0.00000170681016698,9.11268102755e-7,7.17443811027e-7,6.07457479873e-7],"dvar":[0.00000173115961388,0.0000031794777442,3.49511907416e-7,3.04570960452e-7,1.18577389685e-7,8.24565571378e-9,3.01714351281e-8,2.24938627724e-8,1.0057948252e-8,7.65769669897e-9,8.8558183009e-9,2.61167851789e-8,1.61033231194e-8,2.4272226451e-9,3.49409656764e-9,6.60295595978e-9,3.97920452144e-9,4.87245133129e-9,6.08216499387e-9,5.82589798626e-9,7.29289340029e-9,4.95114260701e-9,2.44121234338e-9,5.77637715438e-10,1.53102952538e-9,6.94913293575e-10,1.84208662213e-10,5.09622552491e-11,4.60977506167e-11,3.61120786052e-11,3.11035398826e-11,2.56896587336e-11,2.95146164453e-11,1.23563867471e-11,5.4241489772e-12,5.25732235523e-12,4.4773937162e-12,1.56756042608e-12,1.2680333129e-12,8.54215949277e-13],"dvar2":[0.00000415586100644,0.00000860307591211,9.80910044746e-7,8.56909309732e-7,3.39079264222e-7,2.11706634445e-8,6.79239917645e-8,5.92362425778e-8,2.75859406429e-8,1.77523471478e-8,1.96774383454e-8,6.59993233398e-8,4.39997300816e-8,6.23704066172e-9,8.50623305126e-9,1.46761589548e-8,1.01252828344e-8,1.19619558703e-8,1.43499914174e-8,1.22706085293e-8,1.87075901437e-8,1.30490658279e-8,6.31259933215e-9,1.44740630592e-9,4.14293976903e-9,1.88620674635e-9,5.15627818221e-10,1.38829711616e-10,1.2111175951e-10,9.64485921684e-11,8.44797357069e-11,6.53249607185e-11,7.14354062015e-11,2.99448625618e-11,1.34801544927e-11,1.26232141059e-11,1.10389770241e-11,3.64895830565e-12,2.845126695e-12,1.99730574961e-12],"max":[0.0135324494913,0.0182612426579,0.0119092781097,0.0052557666786,0.00326497014612,0.00273022917099,0.00386706902646,0.0024071065709,0.00155490613542,0.00237976037897,0.00224183639511,0.00261736684479,0.00203962251544,0.000897786521818,0.00131118844729,0.00162995234132,0.000853980891407,0.00108062219806,0.00120974716265,0.00351226958446,0.00164740520995,0.00114437774755,0.000853974313941,0.000588769442402,0.000736492977012,0.00045950585627,0.000256992760114,0.000111771798402,0.000131241045892,0.000139026218676,0.000110120694444,0.000152018037625,0.000102804988273,0.0000620217324467,0.0000740079340176,0.0000524906172359,0.0000496008542541,0.0000309270908474,0.0000275940474239,0.0000219576013478],"mean":[0.000847858667839,0.00124224764295,0.000644060608465,0.000360631092917,0.000183875919902,0.0000704473568476,0.0000970813707681,0.0000848180425237,0.0000579117477173,0.0000517260523338,0.000063137304096,0.000185553566553,0.000153234839672,0.0000538510867045,0.0000538354397577,0.0000708609150024,0.0000650622387184,0.0000653402748867,0.000070303081884,0.0000884466353455,0.00014890829334,0.000135955866426,0.0000893459946383,0.0000449065992143,0.0000793116923887,0.0000558963511139,0.0000279583728116,0.0000145108797369,0.0000095822097137,0.0000109092061393,0.00000775168518885,0.00000669136579745,0.00000582859138376,0.00000425931330028,0.00000269435008704,0.0000025646506856,0.00000201341981665,0.0000011258248378,8.46482691941e-7,6.29872033642e-7],"median":[0.000202366165468,0.000554291240405,0.000468013982754,0.00021079290309,0.000101481477031,0.0000410893699154,0.0000396569193981,0.0000392144902435,0.0000330130969814,0.0000303763172269,0.0000288030514639,0.0000493543266202,0.0000380783312721,0.0000251675646723,0.0000296343150694,0.0000298072918667,0.000034252047044,0.0000329541908286,0.0000310849354719,0.0000601092469878,0.000112533860374,0.000109932312625,0.0000729751845938,0.0000378462136723,0.0000673735048622,0.0000474467378808,0.0000247391053563,0.0000125501119328,0.00000750557774154,0.0000094246597655,0.00000636076765659,0.00000536244806426,0.0000042548390411,0.00000329423778567,0.00000210087409869,0.00000188401486412,0.00000130128739784,7.58507894716e-7,5.37854702998e-7,3.76062786245e-7],"min":[3.89371868081e-12,4.82837381188e-12,4.67965206516e-12,4.03043180427e-12,2.24690665379e-12,1.44764202795e-12,1.56848254003e-12,1.42741732063e-12,8.9526492773e-13,5.23471402943e-13,3.40046296243e-13,4.60971213458e-13,5.24727884841e-13,2.02741794707e-13,1.81051259597e-14,7.97672678235e-14,3.02152644268e-13,1.45371304512e-13,1.00988302735e-13,6.91484494447e-14,2.33257586423e-13,2.00994508038e-13,9.37983753711e-14,8.28223733628e-14,4.29673034348e-13,3.53483735338e-13,1.11604973039e-13,2.10020477572e-13,2.15125700999e-13,5.90763129063e-14,4.86189491715e-14,9.28359900889e-14,4.74381039279e-14,3.14494490292e-14,2.24240758069e-14,2.32629247219e-14,1.24879126205e-14,4.30144718198e-15,2.75426760019e-15,7.87197099904e-15],"var":[0.0000019952360617,0.00000351904736817,4.19903273041e-7,2.49443104394e-7,8.4772700859e-8,1.07116422399e-8,4.45047483311e-8,2.28679475356e-8,9.06312802584e-9,9.4587750965e-9,1.62717146424e-8,8.61796820573e-8,6.06099135325e-8,6.59224719257e-9,6.17930551172e-9,1.40136773297e-8,7.13645276207e-9,8.46487324679e-9,1.30553248212e-8,1.64207509812e-8,1.97626324194e-8,1.098007818e-8,4.77834261048e-9,1.16870813027e-9,3.24996962675e-9,1.6147924109e-9,3.19545667704e-10,9.26177398664e-11,6.77667019722e-11,6.27703791722e-11,4.14053132058e-11,4.0699846271e-11,4.63480850921e-11,2.08653459094e-11,8.78987681252e-12,9.16685043845e-12,7.30044583813e-12,2.66922920399e-12,2.06844372359e-12,1.24762201438e-12]},"melbands_crest":{"dmean":3.65783905983,"dmean2":5.93554782867,"dvar":10.799571991,"dvar2":24.4868717194,"max":30.0792350769,"mean":11.6844339371,"median":10.5278711319,"min":2.84760761261,"var":25.4110202789},"melbands_flatness_db":{"dmean":0.0257807839662,"dmean2":0.0395950265229,"dvar":0.000669186469167,"dvar2":0.00146704388317,"max":0.531222999096,"mean":0.124842889607,"median":0.110992707312,"min":0.0258778389543,"var":0.00279617286287},"melbands_kurtosis":{"dmean":2.80157446861,"dmean2":4.47222423553,"dvar":36.5859565735,"dvar2":81.7559661865,"max":184.845687866,"mean":2.17956638336,"median":-0.11364531517,"min":-1.87352097034,"var":67.4207458496},"melbands_skewness":{"dmean":0.667907357216,"dmean2":1.03670144081,"dvar":0.481390923262,"dvar2":1.10907077789,"max":12.5797939301,"mean":1.2572234869,"median":0.974403738976,"min":-2.15378594398,"var":1.47415912151},"melbands_spread":{"dmean":14.0746126175,"dmean2":22.3580741882,"dvar":177.955108643,"dvar2":424.973602295,"max":210.711715698,"mean":60.2527427673,"median":61.0827293396,"min":0.903792440891,"var":442.124420166},"mfcc":{"cov":[[3882.10107422,-455.312164307,182.958770752,-454.738525391,-75.4829483032,101.50680542,-146.091812134,90.9337615967,-89.595123291,21.0451946259,-24.5254364014,-23.5755081177,37.1811828613],[-455.312164307,869.699279785,-277.714569092,215.907546997,31.5886802673,-15.4664697647,85.7298355103,-19.1651268005,75.8633575439,-17.2739849091,-6.94637584686,-6.26179552078,-38.5367851257],[182.958770752,-277.714569092,499.668579102,1.27036178112,73.3804931641,53.638004303,-52.4589042664,31.3870601654,-14.2419233322,54.8931732178,38.7514877319,13.2134160995,25.2054042816],[-454.738525391,215.907546997,1.27036178112,317.751922607,94.6704483032,-16.174665451,8.10732269287,-30.3764324188,59.6154518127,29.1791000366,22.9916915894,16.6048221588,0.599742770195],[-75.4829483032,31.5886802673,73.3804931641,94.6704483032,139.320571899,44.7284469604,11.7709856033,12.612238884,29.1440029144,43.9686393738,25.4165420532,11.6750926971,12.8162240982],[101.50680542,-15.4664697647,53.638004303,-16.174665451,44.7284469604,113.347938538,59.8452377319,48.5469474792,10.0214519501,16.9149055481,12.701675415,2.66878199577,4.57635593414],[-146.091812134,85.7298355103,-52.4589042664,8.10732269287,11.7709856033,59.8452377319,162.855072021,86.6043548584,21.5284156799,-19.7502803802,-13.9049720764,6.71121501923,4.40656805038],[90.9337615967,-19.1651268005,31.3870601654,-30.3764324188,12.612238884,48.5469474792,86.6043548584,135.001068115,39.1916275024,18.1661701202,-11.2485017776,4.95294094086,11.2738924026],[-89.595123291,75.8633575439,-14.2419233322,59.6154518127,29.1440029144,10.0214519501,21.5284156799,39.1916275024,88.4452514648,37.911491394,5.68354177475,-4.71066522598,-3.31875514984],[21.0451946259,-17.2739849091,54.8931732178,29.1791000366,43.9686393738,16.9149055481,-19.7502803802,18.1661701202,37.911491394,87.1272506714,35.0906143188,12.6286964417,4.29793357849],[-24.5254364014,-6.94637584686,38.7514877319,22.9916915894,25.4165420532,12.701675415,-13.9049720764,-11.2485017776,5.68354177475,35.0906143188,70.5281143188,33.3981208801,15.4874038696],[-23.5755081177,-6.26179552078,13.2134160995,16.6048221588,11.6750926971,2.66878199577,6.71121501923,4.95294094086,-4.71066522598,12.6286964417,33.3981208801,57.2805290222,27.5217685699],[37.1811828613,-38.5367851257,25.2054042816,0.599742770195,12.8162240982,4.57635593414,4.40656805038,11.2738924026,-3.31875514984,4.29793357849,15.4874038696,27.5217685699,51.8214912415]],"icov":[[0.000361640937626,-0.0000231109315791,0.0000242982623604,0.000379251199774,0.0000288837836706,-0.000508606841322,0.000764276075643,-0.000500348396599,0.000212070997804,-0.000027204705475,0.000166619007359,0.0000622925945208,-0.000278272549622],[-0.0000231109315791,0.0019123168895,0.000879310478922,-0.00107685383409,-0.000144143501529,0.00000101990917756,-0.000791512022261,0.000442859571194,-0.000903615029529,0.000484756426886,-0.000338786601787,-0.000117352130474,0.00109546130989],[0.0000242982623604,0.000879310478922,0.00322951725684,-0.000781117298175,-0.000962647260167,-0.00129620672669,0.00186195294373,-0.00190442963503,0.00141248153523,-0.00035167025635,-0.00098721194081,0.000688702159096,-0.000267868657829],[0.000379251199774,-0.00107685383409,-0.000781117298175,0.00653581740335,-0.00367487454787,0.00186405354179,-0.000801579619292,0.00247388333082,-0.00339010776952,0.000324783963151,0.000503654533532,-0.00181362009607,0.0000742034026189],[0.0000288837836706,-0.000144143501529,-0.000962647260167,-0.00367487454787,0.0131733743474,-0.0049211406149,0.0000507291806571,0.000598166370764,0.000114890215627,-0.00412463722751,0.000187042925972,0.000907590554561,-0.00276346132159],[-0.000508606841322,0.00000101990917756,-0.00129620672669,0.00186405354179,-0.0049211406149,0.0164173170924,-0.00713305128738,-0.000317471567541,0.000556282757316,-0.00113467522897,-0.00363346445374,0.00241677090526,0.00134955183603],[0.000764276075643,-0.000791512022261,0.00186195294373,-0.000801579619292,0.0000507291806571,-0.00713305128738,0.0166892278939,-0.0103422608227,0.000992879387923,0.00577282952145,0.000387628067983,-0.00213342905045,0.0000168900278368],[-0.000500348396599,0.000442859571194,-0.00190442963503,0.00247388333082,0.000598166370764,-0.000317471567541,-0.0103422608227,0.0190537665039,-0.0076684160158,-0.00435931328684,0.00556493690237,-0.00290872319601,-0.00204757205211],[0.000212070997804,-0.000903615029529,0.00141248153523,-0.00339010776952,0.000114890215627,0.000556282757316,0.000992879387923,-0.0076684160158,0.02168860659,-0.00810405984521,-0.00111494224984,0.00563395069912,-0.00056339148432],[-0.000027204705475,0.000484756426886,-0.00035167025635,0.000324783963151,-0.00412463722751,-0.00113467522897,0.00577282952145,-0.00435931328684,-0.00810405984521,0.0232744719833,-0.00855411868542,-0.00169147737324,0.00313056772575],[0.000166619007359,-0.000338786601787,-0.00098721194081,0.000503654533532,0.000187042925972,-0.00363346445374,0.000387628067983,0.00556493690237,-0.00111494224984,-0.00855411868542,0.0272891558707,-0.0139240976423,-0.000988840125501],[0.0000622925945208,-0.000117352130474,0.000688702159096,-0.00181362009607,0.000907590554561,0.00241677090526,-0.00213342905045,-0.00290872319601,0.00563395069912,-0.00169147737324,-0.0139240976423,0.0332824364305,-0.0130830621347],[-0.000278272549622,0.00109546130989,-0.000267868657829,0.0000742034026189,-0.00276346132159,0.00134955183603,0.0000168900278368,-0.00204757205211,-0.00056339148432,0.00313056772575,-0.000988840125501,-0.0130830621347,0.0283970776945]],"mean":[-601.177368164,83.1884918213,-33.6674041748,41.0306243896,12.997710228,6.1174492836,1.55747914314,13.9180431366,1.47699034214,-1.75578224659,-4.13872146606,-1.98032772541,-1.96952867508]},"pitch_salience":{"dmean":0.0765149891376,"dmean2":0.124033361673,"dvar":0.0048149228096,"dvar2":0.011836678721,"max":0.912596940994,"mean":0.625364303589,"median":0.644034981728,"min":0.166231125593,"var":0.0109585719183},"silence_rate_20dB":{"dmean":0,"dmean2":0,"dvar":0,"dvar2":0,"max":1,"mean":1,"median":1,"min":1,"var":0},"silence_rate_30dB":{"dmean":0,"dmean2":0,"dvar":0,"dvar2":0,"max":1,"mean":1,"median":1,"min":1,"var":0},"silence_rate_60dB":{"dmean":0.00107642624062,"dmean2":0.00215308438055,"dvar":0.00107507838402,"dvar2":0.00214843871072,"max":1,"mean":0.0153912389651,"median":0,"min":0,"var":0.0151539612561},"spectral_centroid":{"dmean":201.798965454,"dmean2":320.186309814,"dvar":42337.9960938,"dvar2":94829.1875,"max":4511.83447266,"mean":2497.87255859,"median":2518.13916016,"min":184.630996704,"var":151540.40625},"spectral_complexity":{"dmean":4.52895593643,"dmean2":7.15039300919,"dvar":14.7358150482,"dvar2":34.2779960632,"max":59,"mean":36.5908927917,"median":39,"min":0,"var":107.10974884},"spectral_contrast_coeffs":{"dmean":[0.0573840327561,0.0443425178528,0.0357507802546,0.0319005846977,0.0218899901956,0.0167971942574],"dmean2":[0.0943005532026,0.0739362239838,0.0595304556191,0.053284149617,0.0364587120712,0.0275224056095],"dvar":[0.0022180667147,0.00130596605595,0.000796870561317,0.000644631276373,0.000294646830298,0.000219106266741],"dvar2":[0.00603355467319,0.00350533192977,0.00215703994036,0.00176957517397,0.000806781696156,0.000542749476153],"max":[-0.391397118568,-0.530919313431,-0.539669692516,-0.570386886597,-0.603455960751,-0.587477743626],"mean":[-0.657805621624,-0.802651941776,-0.795037150383,-0.78401017189,-0.75921523571,-0.711887359619],"median":[-0.661422491074,-0.808590769768,-0.805602371693,-0.788463830948,-0.760096490383,-0.713968515396],"min":[-0.947295725346,-0.9679505229,-0.938969016075,-0.952714800835,-0.940450191498,-0.882834792137],"var":[0.0054198037833,0.00269286823459,0.00357430940494,0.00172335363459,0.00106211286038,0.000807626463939]},"spectral_contrast_valleys":{"dmean":[0.4119117558,0.378180205822,0.308844655752,0.264073818922,0.194630905986,0.250205785036],"dmean2":[0.671869337559,0.635918796062,0.510542750359,0.428787499666,0.306198239326,0.375635176897],"dvar":[0.119050748646,0.109607428312,0.0665967091918,0.0547454953194,0.0416712015867,0.0843781232834],"dvar2":[0.287241756916,0.293229699135,0.169803768396,0.128633573651,0.0820941999555,0.171547293663],"max":[-5.57860326767,-4.82371091843,-5.46694946289,-5.64389371872,-5.42180299759,-7.94358205795],"mean":[-7.31338453293,-6.88383722305,-7.04445552826,-6.92504692078,-6.43878364563,-9.78593826294],"median":[-7.18066978455,-6.81068706512,-6.95069265366,-6.80941581726,-6.32682323456,-9.4948348999],"min":[-15.6913108826,-14.7639970779,-15.9206180573,-16.1882553101,-15.3028326035,-18.1373081207],"var":[0.74536293745,0.492716044188,0.489942640066,0.444705456495,0.347723633051,1.05905878544]},"spectral_decrease":{"dmean":1.72907277385e-9,"dmean2":2.77094414081e-9,"dvar":3.8216980935e-18,"dvar2":9.61370235579e-18,"max":-2.9639595266e-17,"mean":-5.32135446818e-9,"median":-5.08575581648e-9,"min":-2.42086439783e-8,"var":7.16495161197e-18},"spectral_energy":{"dmean":0.00694565381855,"dmean2":0.0110812885687,"dvar":0.0000582510983804,"dvar2":0.000146689097164,"max":0.0967609956861,"mean":0.023319048807,"median":0.0228098854423,"min":1.29494068246e-10,"var":0.000118515628856},"spectral_energyband_high":{"dmean":0.00045370409498,"dmean2":0.000720718235243,"dvar":4.74253766924e-7,"dvar2":0.00000111677763925,"max":0.0122830476612,"mean":0.0013267067261,"median":0.00117283349391,"min":1.58424731667e-11,"var":0.00000103457944078},"spectral_energyband_low":{"dmean":0.00460062315688,"dmean2":0.00742598064244,"dvar":0.0000498965273437,"dvar2":0.00012538714509,"max":0.0695744156837,"mean":0.00647861137986,"median":0.00341530353762,"min":3.13758775905e-11,"var":0.0000636800614302},"spectral_energyband_middle_high":{"dmean":0.00269090523943,"dmean2":0.00432127946988,"dvar":0.0000069992383942,"dvar2":0.0000163515542226,"max":0.040991332382,"mean":0.0119128031656,"median":0.0126519957557,"min":3.07095841812e-11,"var":0.0000344543186657},"spectral_energyband_middle_low":{"dmean":0.00238494202495,"dmean2":0.00401680218056,"dvar":0.0000118824818856,"dvar2":0.0000325137698383,"max":0.0382154136896,"mean":0.00446864496917,"median":0.0035165627487,"min":5.39180991521e-11,"var":0.000013129508261},"spectral_entropy":{"dmean":0.0882030799985,"dmean2":0.137459337711,"dvar":0.00914038624614,"dvar2":0.0183816067874,"max":8.62941932678,"mean":7.85136175156,"median":7.89570808411,"min":5.43442058563,"var":0.0607975721359},"spectral_flux":{"dmean":0.0194794423878,"dmean2":0.0299209821969,"dvar":0.000361903425073,"dvar2":0.000810491212178,"max":0.22383749485,"mean":0.0945577025414,"median":0.0942047610879,"min":0.000136681599542,"var":0.00110314460471},"spectral_kurtosis":{"dmean":1.52107191086,"dmean2":2.60363221169,"dvar":4.09257030487,"dvar2":11.4076166153,"max":60.2870330811,"mean":4.75453472137,"median":4.22041034698,"min":-0.0353889465332,"var":7.10758733749},"spectral_rms":{"dmean":0.000671866117045,"dmean2":0.00105040962808,"dvar":4.4517108222e-7,"dvar2":0.00000108383699171,"max":0.00971601624042,"mean":0.00461396342143,"median":0.00471736676991,"min":3.55437322241e-7,"var":0.00000146152410707},"spectral_rolloff":{"dmean":449.027038574,"dmean2":729.195007324,"dvar":339968.40625,"dvar2":755030.125,"max":10120.6054688,"mean":3021.2590332,"median":3079.24804688,"min":86.1328125,"var":813286.8125},"spectral_skewness":{"dmean":0.18566006422,"dmean2":0.31180241704,"dvar":0.0436139293015,"dvar2":0.114291809499,"max":5.79498195648,"mean":1.22354435921,"median":1.2247427702,"min":0.080964975059,"var":0.0998300611973},"spectral_spread":{"dmean":340802.46875,"dmean2":518264.65625,"dvar":131447005184,"dvar2":258619768832,"max":15529674,"mean":3341980.25,"median":3348958.5,"min":1125042,"var":606676713472},"spectral_strongpeak":{"dmean":0.850146114826,"dmean2":1.49339413643,"dvar":1.54561722279,"dvar2":3.89325165749,"max":15.8302497864,"mean":1.25222337246,"median":0.368912518024,"min":0,"var":3.31798958778},"zerocrossingrate":{"dmean":0.0108542973176,"dmean2":0.0133433407173,"dvar":0.0000999536787276,"dvar2":0.00015189689293,"max":0.27978515625,"mean":0.0981580913067,"median":0.09765625,"min":0.00634765625,"var":0.000738683855161}},"metadata":{"audio_properties":{"analysis_sample_rate":44100,"bit_rate":256000,"codec":"vorbis","downmix":"mix","equal_loudness":0,"length":215.694519043,"lossless":false,"md5_encoded":"d116f7e11db30a933ab02d314bb33557","replay_gain":-16.178478241,"sample_rate":44100},"tags":{"album":["God Hates Us All"],"albumartist":["Slayer"],"albumartistsort":["Slayer"],"artist":["Slayer"],"artistsort":["Slayer"],"asin":["B00005NV8K"],"barcode":["5051011603426"],"bpm":["0"],"catalognumber":["5101160342"],"compilation":["0"],"date":["2001-09-11"],"discnumber":["0"],"disctotal":["0"],"engineer":["Paul Forgues","Dean Maher","Matt Hyde"],"file_name":"02-disciple.ogg","genre":["Metal"],"grouping":["Metal"],"label":["American Recordings"],"language":["eng"],"mood":["Angry"],"musicbrainz_albumartistid":["bdacc37b-8633-4bf8-9dd5-4662ee651aec"],"musicbrainz_albumid":["95b6de70-dcc8-48cd-a3bd-91bf1fc0e1c7"],"musicbrainz_artistid":["bdacc37b-8633-4bf8-9dd5-4662ee651aec"],"musicbrainz_discid":["IUf4OfVJq0QegGBQyvVGnntDVgE-"],"musicbrainz_recordingid":["6779253b-9bc1-42f8-86b0-06433be2a3d7"],"musicip_puid":["96f27e7a-85fc-8f55-5f6a-e84692367656"],"originaldate":["2001-09-11"],"originalyear":["2006"],"performer":["Tom Araya (bass guitar)","Paul Bostaph (drums)","Tom Araya (lead vocal)","Kerry King (guitars)","Jeff Hanneman (guitars)"],"producer":["Rick Rubin","Matt Hyde"],"releasecountry":["DE"],"releasestatus":["official"],"releasetype":["album"],"script":["Latn"],"title":["Disciple"],"totaldiscs":["0"],"totaltracks":["13"],"tracknumber":["2"],"tracktotal":["13"]},"version":{"essentia":"2.1-beta2","essentia_build_sha":"70f2e5ece6736b2c40cc944ad0e695b16b925413","essentia_git_sha":"v2.1_beta2","extractor":"music 1.0"}},"rhythm":{"beats_count":387,"beats_loudness":{"dmean":0.00786252040416,"dmean2":0.0140672149137,"dvar":0.0000594881676079,"dvar2":0.000155156711116,"max":0.0814775750041,"mean":0.0269849095494,"median":0.0274195987731,"min":0.0000136206617753,"var":0.000107103369373},"beats_lo