{"lowlevel":{"average_loudness":0.477122724056,"barkbands":{"dmean":[0.0000107036530608,0.000020132129066,0.000158288617968,0.000530797697138,0.00182479806244,0.000911228184123,0.0010872107232,0.00121220888104,0.00113024562597,0.000566545350011,0.000276214734185,0.000182107192813,0.000121112068882,0.000120348660857,0.000161328949616,0.0000497756482218,0.0000434245957877,0.0000270475302386,0.000012301087736,0.0000168877832039,0.00000684461929268,0.0000146478087117,0.0000284856469079,0.0000253625985351,0.0000077532386058,9.89303089227e-7,8.40252525336e-8],"dmean2":[0.0000170541479747,0.0000315136276186,0.000261901994236,0.000849305070005,0.00264075654559,0.00130827235989,0.00155611115042,0.00173232052475,0.00155789381824,0.00080619083019,0.000413698871853,0.000278275925666,0.000191266677575,0.000189786005649,0.000257263222011,0.0000774839500082,0.0000671630259603,0.0000426850056101,0.0000190810769709,0.0000262225530605,0.00000941277539823,0.0000200116483029,0.0000364099723811,0.0000311423464154,0.0000101876557892,0.00000126399504552,1.19079999195e-7],"dvar":[5.69352431867e-9,7.25447613092e-9,3.62833219469e-7,0.00000200822842089,0.0000145146268551,0.00000494768482895,0.00000895267112355,0.0000161946063599,0.0000166676236404,0.00000398093015974,9.48661693201e-7,5.16728448474e-7,2.33533739902e-7,2.45378686259e-7,6.36177162505e-7,1.66724078099e-7,5.56840085153e-8,8.41430214393e-9,1.67067315537e-9,3.25419780012e-9,1.00835795269e-9,8.36918268021e-9,5.66140236913e-8,3.10395762426e-8,4.00367028419e-9,2.82087356945e-11,2.01550134546e-13],"dvar2":[1.21326797498e-8,1.90132940503e-8,9.55421114668e-7,0.00000555158749194,0.0000313888012897,0.0000110220680654,0.0000190398950508,0.0000358962315659,0.0000350484915543,0.00000803613966127,0.00000201471607397,0.00000122387450574,6.14938358012e-7,6.22907634806e-7,0.00000167111977589,4.15054103087e-7,1.41296411016e-7,2.1500540015e-8,3.74903486033e-9,8.13819234224e-9,1.86195492358e-9,1.44762664078e-8,9.88257369272e-8,4.71584833406e-8,5.24596899254e-9,3.63449548235e-11,4.05336354758e-13],"max":[0.0043827239424,0.00230050948448,0.014678183943,0.028659382835,0.0729491785169,0.0512296892703,0.0662476047873,0.106836304069,0.114433996379,0.0515007935464,0.0267877019942,0.016633991152,0.0126767922193,0.0122324256226,0.0256622377783,0.0169586967677,0.00927722547203,0.00174197286833,0.00131021614652,0.00149493420031,0.0010882319184,0.00335210841149,0.0096674375236,0.00839949492365,0.00362844159827,0.000309868017212,0.0000184162363439],"mean":[0.0000134397487273,0.000030070408684,0.000261784298345,0.000899489503354,0.00422742730007,0.00196472229436,0.0020670813974,0.00207897904329,0.00234071933664,0.00119940028526,0.000473374675494,0.000330495939124,0.000217354710912,0.000190708597074,0.000313330790959,0.0000854385871207,0.0000854777317727,0.0000538456952199,0.0000272621055046,0.0000360023695976,0.0000126191871459,0.0000250259836321,0.0000445763434982,0.0000413834350184,0.0000138078603413,0.00000187646799077,1.41724171954e-7],"median":[0.00000167573739418,0.00000143791612572,0.0000180051156349,0.0000816909669084,0.00105901365168,0.000541263259947,0.000269334326731,0.000122444515,0.0000672697133268,0.0000339240723406,0.00000824297148938,0.0000132585537358,0.00000943947998167,0.00000537985897608,0.00000563733283343,0.00000163123036145,0.00000370646648662,0.00000252220888797,0.00000211317865251,0.00000199084706765,8.76499939295e-7,0.00000113911733024,0.00000159402497957,0.00000149789809711,7.94168840912e-7,2.58164277511e-7,1.95040588125e-8],"min":[2.02938080851e-23,5.14907656639e-24,2.34543019935e-23,2.15674240166e-23,2.34605860595e-23,3.24896655219e-23,8.04688989077e-23,5.6088471056e-23,9.69441516281e-23,4.60988004025e-23,8.63168888811e-23,1.63418203693e-22,8.827606596e-23,7.4858785207e-23,1.0413711158e-22,2.47691848167e-22,1.68572128599e-22,2.08098490193e-22,3.03251839214e-22,3.03586644404e-22,2.68192361475e-22,3.68366639763e-22,5.35935135342e-22,1.12886939646e-21,1.0547316175e-21,1.87137819804e-21,2.54569821638e-21],"var":[1.14730021039e-8,1.81474035799e-8,6.71312875511e-7,0.00000382815915145,0.000050367852964,0.0000126456825456,0.000024304677936,0.0000350352638634,0.0000478096808365,0.0000186039287655,0.0000026264490316,0.00000119992591863,5.57012810987e-7,5.92372373376e-7,0.00000209328118217,2.83962350522e-7,1.97426217596e-7,2.52258942623e-8,5.79451686633e-9,8.59227800021e-9,2.36943886733e-9,1.68150418034e-8,1.07176951758e-7,8.02042521286e-8,1.09569944229e-8,9.87477530301e-11,4.38109238558e-13]},"barkbands_crest":{"dmean":2.51625800133,"dmean2":3.98946785927,"dvar":5.83365249634,"dvar2":14.6262788773,"max":25.7705726624,"mean":12.5967359543,"median":12.2315731049,"min":2.45186281204,"var":17.7086143494},"barkbands_flatness_db":{"dmean":0.0226580705494,"dmean2":0.0332305952907,"dvar":0.000556566461455,"dvar2":0.00114838173613,"max":0.516726315022,"mean":0.244859561324,"median":0.246522411704,"min":0.0224709138274,"var":0.00561183039099},"barkbands_kurtosis":{"dmean":9.06177997589,"dmean2":14.1464233398,"dvar":566.260925293,"dvar2":1474.10351562,"max":1029.99084473,"mean":19.4736175537,"median":11.0990562439,"min":-1.95489084721,"var":873.580078125},"barkbands_skewness":{"dmean":0.784392535686,"dmean2":1.19460463524,"dvar":0.905969679356,"dvar2":2.03115344048,"max":21.1243629456,"mean":2.33157277107,"median":2.18479204178,"min":-10.4139890671,"var":4.00106811523},"barkbands_spread":{"dmean":2.50469660759,"dmean2":3.73677611351,"dvar":41.0705871582,"dvar2":82.2230224609,"max":93.2117614746,"mean":7.53840446472,"median":3.96852779388,"min":0.106697164476,"var":132.426574707},"dissonance":{"dmean":0.0316384769976,"dmean2":0.05233329162,"dvar":0.000946502143051,"dvar2":0.00256096222438,"max":0.499997854233,"mean":0.399277806282,"median":0.408688008785,"min":0.164173156023,"var":0.00385056645609},"dynamic_complexity":10.4128913879,"erbbands":{"dmean":[0.000526118616108,0.00665136659518,0.12584605813,0.979036748409,3.75005960464,7.69285964966,7.35860443115,7.80569219589,13.8420543671,16.4894924164,30.9462089539,27.5147418976,19.4648151398,13.367181778,7.68161058426,8.13814926147,5.38420534134,7.1471118927,8.14522075653,3.80751442909,2.23235702515,2.08930301666,1.71436011791,0.729696691036,0.648238658905,0.751283347607,0.33339202404,0.309690505266,0.504514753819,0.584613084793,0.893844902515,0.705768227577,0.34100830555,0.127761095762,0.0359428822994,0.00785121880472,0.00124884373508,0.000155730740516,0.0000149147144839,0.00000599414806857],"dmean2":[0.00082706293324,0.0105834463611,0.209173351526,1.57838106155,5.65681648254,10.8905982971,10.8177213669,11.0105400085,19.7377662659,23.4030342102,43.3624839783,38.2270469666,26.6917724609,20.2743778229,11.5764694214,12.3650465012,8.45906066895,11.3655614853,12.9520940781,5.92891407013,3.38777732849,3.29027628899,2.67953515053,1.16720592976,0.990583717823,1.17156541348,0.473483145237,0.42035344243,0.6943821311,0.762139797211,1.18393552303,0.901091039181,0.406007915735,0.167439550161,0.0477022863925,0.00991599727422,0.00162859959528,0.000208607511013,0.0000204800653592,0.00000858865405462],"dvar":[0.00000989297859633,0.00084292946849,0.232826277614,7.19429302216,75.476272583,303.436828613,316.863250732,405.949157715,1327.58129883,2248.40942383,12871.0019531,8218.11328125,5131.27832031,2398.13867188,938.836608887,1196.14587402,458.622650146,820.006347656,2120.61010742,248.429931641,198.069671631,155.976715088,35.6116104126,6.80915117264,4.83434438705,6.34267711639,1.36116123199,3.08479380608,9.75581073761,16.7414722443,61.1922111511,26.2029457092,6.85474252701,1.13684952259,0.0704935267568,0.00209828023799,0.000046840570576,6.91073978487e-7,5.07423481011e-9,1.10080930482e-10],"dvar2":[0.0000223921888391,0.00240581552498,0.648680567741,19.9133529663,174.996170044,634.246948242,784.475158691,822.457702637,2898.75317383,4816.77636719,28786.6074219,16898.2714844,9629.09863281,5542.20751953,1949.82763672,2777.87451172,1204.48718262,2115.38818359,5635.54199219,609.11730957,486.417724609,436.836730957,89.8927841187,17.8658485413,10.7693929672,15.9096336365,2.70081853867,5.63899087906,18.1240463257,24.6113853455,114.117149353,47.0263710022,8.66904354095,1.50047791004,0.0984375476837,0.00259801093489,0.0000712211476639,0.00000111517056212,9.15119180434e-9,2.3346960476e-10],"max":[0.137637913227,0.79506278038,11.2591199875,55.5919952393,230.490127563,326.780212402,371.467254639,509.245910645,778.203308105,1015.23156738,2950.84350586,2692.171875,2082.59545898,1631.78479004,1283.90649414,818.448364258,550.605102539,708.561706543,1583.22253418,425.974029541,577.622070312,553.810241699,132.058898926,88.8405838013,63.2509765625,65.3128585815,34.2750854492,62.9725646973,97.3613433838,198.650314331,296.907562256,172.936965942,152.779754639,60.2318458557,13.5225362778,2.81669831276,0.297192692757,0.0312642641366,0.00284805428237,0.000222986913286],"mean":[0.000692207133397,0.0112438201904,0.215148001909,1.76775062084,7.4541015625,16.9047489166,16.118270874,15.8045911789,26.8334102631,31.328748703,57.1064682007,58.1624565125,43.8722801208,26.7545070648,14.6584148407,15.2333078384,10.5557546616,12.9047851562,16.1415939331,8.06037521362,4.76648807526,4.33637809753,3.48979258537,1.63848185539,1.53416752815,1.61024785042,0.714299976826,0.544903516769,0.824406027794,1.02425539494,1.36246359348,1.09419083595,0.555114746094,0.220331937075,0.0651134029031,0.0148951234296,0.00236202310771,0.000282911700197,0.0000328158494085,0.0000213236580748],"median":[0.000110368426249,0.00099365611095,0.0298363734037,0.271522194147,1.32405054569,3.43208479881,4.22339344025,4.31919288635,4.69297075272,3.73407864571,3.72875165939,2.17234420776,1.42827701569,0.663156986237,0.415321558714,0.646411061287,0.543677508831,0.424768567085,0.370488911867,0.196638733149,0.144027367234,0.192062318325,0.166619703174,0.114389851689,0.111971080303,0.0889714211226,0.0511653609574,0.0295878071338,0.0377784073353,0.0454072766006,0.0442385934293,0.0350386314094,0.0212245136499,0.00953794829547,0.00549710122868,0.00188513449393,0.000331361719873,0.0000367665925296,0.00000976007959252,0.0000111812596515],"min":[9.98660734884e-23,2.02028242131e-21,2.41840727741e-20,4.71594504962e-20,9.86424706567e-20,6.90321447631e-20,8.43294672497e-20,3.27277809218e-19,9.51492933923e-19,1.50449946596e-18,9.18302828832e-19,2.25030784012e-18,1.38385765516e-18,2.78698158757e-18,4.07426611301e-18,5.89559415835e-18,5.34926617918e-18,3.18249158681e-18,5.25245544183e-18,1.24600209174e-17,9.26345588646e-18,1.00063186705e-17,1.17760459484e-17,9.34828822136e-18,1.93467586022e-17,1.47813105735e-17,1.22581987741e-17,9.48838697453e-18,1.2075516763e-17,1.67718396539e-17,1.29068010186e-17,1.81686681214e-17,2.20628971333e-17,1.13777899163e-17,7.87512339097e-18,5.6539970353e-18,4.36497915288e-18,1.34150631799e-18,3.87427875971e-19,3.50831951643e-20],"var":[0.000016510624846,0.00198527704924,0.427389860153,14.2560634613,190.426574707,988.355285645,872.384399414,982.219055176,3600.51733398,5311.80273438,30120.5390625,24533.2011719,25024.3339844,8575.24609375,2806.53222656,2741.31103516,1124.51916504,2186.22827148,6986.15771484,782.80657959,516.996765137,481.109039307,111.016525269,19.7445468903,16.8826007843,17.2291469574,4.0174741745,6.56315422058,18.4991111755,35.9706764221,107.531761169,54.4435386658,19.4319267273,3.10242080688,0.189906984568,0.00702084647492,0.000144459903822,0.00000183531471976,1.32752804305e-8,6.27742191561e-10]},"erbbands_crest":{"dmean":2.78180932999,"dmean2":4.32209634781,"dvar":7.55835580826,"dvar2":18.352804184,"max":30.9673080444,"mean":12.8049964905,"median":12.0318851471,"min":2.64193987846,"var":23.4888935089},"erbbands_flatness_db":{"dmean":0.0183118581772,"dmean2":0.0264842100441,"dvar":0.000375469273422,"dvar2":0.000748741964344,"max":0.436756551266,"mean":0.249004632235,"median":0.253866642714,"min":0.0300465989858,"var":0.0044037392363},"erbbands_kurtosis":{"dmean":3.19866681099,"dmean2":4.82969760895,"dvar":25.0298748016,"dvar2":58.0614624023,"max":153.820083618,"mean":7.80157279968,"median":4.64397668839,"min":-1.89654862881,"var":122.524330139},"erbbands_skewness":{"dmean":0.482919335365,"dmean2":0.697670042515,"dvar":0.290974289179,"dvar2":0.582719743252,"max":9.5526008606,"mean":1.64182364941,"median":1.55491173267,"min":-4.69504165649,"var":1.94574034214},"erbbands_spread":{"dmean":5.22031927109,"dmean2":7.76393556595,"dvar":112.231292725,"dvar2":251.588516235,"max":186.034408569,"mean":18.3657398224,"median":11.8635368347,"min":1.16568636894,"var":348.677490234},"gfcc":{"cov":[[32213.2890625,-58.4615592957,-5457.46826172,-168.876205444,-2325.74462891,-183.621398926,-744.98059082,-358.529296875,-728.186340332,-1298.67797852,-868.441894531,-887.827392578,-755.01739502],[-58.4615592957,2285.42211914,595.603271484,-359.4480896,181.740844727,-351.683227539,-51.3090171814,-241.853485107,-144.333190918,-204.744354248,-23.3025302887,-196.677108765,-62.1274375916],[-5457.46826172,595.603271484,2226.99023438,471.037261963,569.080932617,29.1402072906,46.1237449646,-65.9039764404,-44.3750724792,95.924407959,6.86885786057,82.4366760254,-23.5232715607],[-168.876205444,-359.4480896,471.037261963,959.560302734,326.030548096,123.608856201,-82.4127578735,28.9320220947,37.0095825195,50.8269004822,-113.718330383,-14.1794080734,-54.9703903198],[-2325.74462891,181.740844727,569.080932617,326.030548096,529.592163086,77.3562545776,29.5031089783,23.4600830078,70.2854156494,68.5880432129,-34.4333114624,-2.90094971657,13.193400383],[-183.621398926,-351.683227539,29.1402072906,123.608856201,77.3562545776,274.573913574,115.822990417,55.3481254578,6.45383262634,39.2084655762,-14.4707956314,2.53315496445,-35.6323165894],[-744.98059082,-51.3090171814,46.1237449646,-82.4127578735,29.5031089783,115.822990417,258.212463379,61.4519920349,-8.90709972382,29.0530719757,38.4567871094,16.4393672943,-22.6817073822],[-358.529296875,-241.853485107,-65.9039764404,28.9320220947,23.4600830078,55.3481254578,61.4519920349,159.324005127,64.2398147583,51.9196662903,22.278131485,29.8897571564,12.4942798615],[-728.186340332,-144.333190918,-44.3750724792,37.0095825195,70.2854156494,6.45383262634,-8.90709972382,64.2398147583,172.24382019,102.502967834,18.9894313812,28.4739990234,45.4768409729],[-1298.67797852,-204.744354248,95.924407959,50.8269004822,68.5880432129,39.2084655762,29.0530719757,51.9196662903,102.502967834,202.025909424,79.1553344727,63.6901168823,56.6661300659],[-868.441894531,-23.3025302887,6.86885786057,-113.718330383,-34.4333114624,-14.4707956314,38.4567871094,22.278131485,18.9894313812,79.1553344727,146.376495361,74.5383911133,36.925491333],[-887.827392578,-196.677108765,82.4366760254,-14.1794080734,-2.90094971657,2.53315496445,16.4393672943,29.8897571564,28.4739990234,63.6901168823,74.5383911133,152.772140503,70.0067138672],[-755.01739502,-62.1274375916,-23.5232715607,-54.9703903198,13.193400383,-35.6323165894,-22.6817073822,12.4942798615,45.4768409729,56.6661300659,36.925491333,70.0067138672,149.003311157]],"icov":[[0.000208987577935,-0.000218749744818,0.000466377387056,-0.000344503612723,0.000691701367032,-0.000300104991766,0.000375249801436,-0.0000785257579992,0.000351926195435,0.000196145294467,0.000729336461518,-0.000104280363303,0.000531230820343],[-0.000218749744818,0.00133337534498,-0.00077151064761,0.000844469235744,-0.00143621198367,0.00155740824994,-0.000711695989594,0.000904772081412,-0.000309154944262,0.000529975339305,-0.00143913808279,0.00157091557048,-0.000535952567589],[0.000466377387056,-0.00077151064761,0.00187567179091,-0.00103452417534,0.000901651801541,-0.000657874799799,0.000735485635232,-0.00000431492890129,0.00142979202792,-0.000207272867556,0.00187658017967,-0.00127326429356,0.00160674052313],[-0.000344503612723,0.000844469235744,-0.00103452417534,0.00259746913798,-0.00223707780242,0.000405036204029,0.000356113683665,-0.0000239607088588,-0.000183913638466,-0.000848305353429,-0.0000453176289739,0.000186456716619,0.0000549304895685],[0.000691701367032,-0.00143621198367,0.000901651801541,-0.00223707780242,0.0063311830163,-0.00227629137225,0.000853516219649,-0.000697433890309,-0.000476838002214,0.000414702430135,0.00299995089881,-0.000154156703502,0.000623420695774],[-0.000300104991766,0.00155740824994,-0.000657874799799,0.000405036204029,-0.00227629137225,0.00746171316132,-0.00332155195065,0.000310350267682,0.000470906845294,-0.000982606667094,-0.000346289714798,0.00107223249506,0.000440564850578],[0.000375249801436,-0.000711695989594,0.000735485635232,0.000356113683665,0.000853516219649,-0.00332155195065,0.006997813005,-0.00241779978387,0.00181722745765,-0.000233555649174,0.000506213749759,-0.000709233572707,0.00199222750962],[-0.0000785257579992,0.000904772081412,-0.00000431492890129,-0.0000239607088588,-0.000697433890309,0.000310350267682,-0.00241779978387,0.00969167985022,-0.00324211711995,0.000569406489376,-0.00120524433441,0.0000135007494464,-0.00000960961915553],[0.000351926195435,-0.000309154944262,0.00142979202792,-0.000183913638466,-0.000476838002214,0.000470906845294,0.00181722745765,-0.00324211711995,0.0116116674617,-0.00513844378293,0.00319870724343,-0.000462759082438,0.000350458605681],[0.000196145294467,0.000529975339305,-0.000207272867556,-0.000848305353429,0.000414702430135,-0.000982606667094,-0.000233555649174,0.000569406489376,-0.00513844378293,0.0117715364322,-0.0053170803003,0.00118638318963,-0.00163399172015],[0.000729336461518,-0.00143913808279,0.00187658017967,-0.0000453176289739,0.00299995089881,-0.000346289714798,0.000506213749759,-0.00120524433441,0.00319870724343,-0.0053170803003,0.0163443908095,-0.00615875096992,0.00309379817918],[-0.000104280363303,0.00157091557048,-0.00127326429356,0.000186456716619,-0.000154156703502,0.00107223249506,-0.000709233572707,0.0000135007494464,-0.000462759082438,0.00118638318963,-0.00615875096992,0.0136196743697,-0.00502733979374],[0.000531230820343,-0.000535952567589,0.00160674052313,0.0000549304895685,0.000623420695774,0.000440564850578,0.00199222750962,-0.00000960961915553,0.000350458605681,-0.00163399172015,0.00309379817918,-0.00502733979374,0.0119175119326]],"mean":[-188.403427124,116.008964539,-99.7509002686,-6.90310144424,-85.6295471191,-12.3906259537,-58.2498245239,-6.50527620316,-27.1837043762,-8.07977962494,-10.6635837555,-10.5896139145,-9.83638477325]},"hfc":{"dmean":2.88702225685,"dmean2":4.00696897507,"dvar":36.40234375,"dvar2":71.6761856079,"max":133.181716919,"mean":10.3399677277,"median":2.95696902275,"min":1.26356550188e-16,"var":235.044464111},"melbands":{"dmean":[0.00000502568400407,0.0000451833220723,0.000227236552746,0.00041606175364,0.000266452407232,0.000173757609446,0.000219950088649,0.000186372097232,0.000263643742073,0.000166533602169,0.0000956065341597,0.0000544879694644,0.0000272750385193,0.0000241731504502,0.0000130196867758,0.0000132370014398,0.0000143199367812,0.0000121684097394,0.00000977977197181,0.00000450804418506,0.00000240259282691,0.00000268211465482,0.00000174804324615,0.00000114759689041,6.2093596398e-7,4.85445923459e-7,6.48095806355e-7,5.10348002081e-7,2.64568200237e-7,1.58441025633e-7,2.02307518293e-7,2.91674325581e-7,3.11993943569e-7,3.50583974296e-7,5.24395943557e-7,5.69194867239e-7,3.97787033535e-7,2.80431947886e-7,1.55151965942e-7,9.67054560874e-8],"dmean2":[0.00000783679479355,0.0000744649078115,0.00035848034895,0.000603530788794,0.000385088642361,0.000246018782491,0.000313867029035,0.000265911832685,0.000364561768947,0.000233626895351,0.000131947192131,0.0000830389835755,0.0000413146372011,0.0000368087094103,0.0000199679525394,0.00002084400694,0.0000227979617193,0.0000192562547454,0.0000153986256919,0.00000701193766872,0.00000367154120795,0.00000426890619565,0.00000277812978311,0.00000177367621745,0.00000102448984762,7.64278468068e-7,0.00000101775822259,8.02374415798e-7,3.88447858768e-7,2.25449994673e-7,2.83898089037e-7,4.09570617421e-7,4.33656055066e-7,4.60162851823e-7,6.98992835169e-7,7.36102720111e-7,5.33055867891e-7,3.51334506377e-7,1.86231346788e-7,1.35071701379e-7],"dvar":[5.91844462328e-10,3.23420472625e-8,2.99814558957e-7,8.75198395534e-7,3.4055963738e-7,1.86238452216e-7,3.28440762587e-7,2.78682023236e-7,9.86093368738e-7,3.04847645793e-7,1.26014583657e-7,4.16923171542e-8,9.60494173086e-9,8.40079916742e-9,2.07628070292e-9,3.22166338051e-9,3.90038401576e-9,5.35118616085e-9,1.65278457587e-9,1.37498179509e-9,1.60933766313e-10,3.26728782918e-10,3.72832494044e-11,1.32960482901e-11,5.68818993643e-12,2.9948940463e-12,5.90195470621e-12,2.74089063078e-12,7.88611417921e-13,6.64802848188e-13,1.39840645574e-12,3.43245852748e-12,4.03298922036e-12,5.96985221674e-12,2.17978760042e-11,2.4881263716e-11,7.50856581772e-12,4.98038676272e-12,1.38485924117e-12,7.24927930185e-13],"dvar2":[1.39673617117e-9,8.93082301445e-8,7.87004637459e-7,0.00000190800415112,8.08836489341e-7,3.85169528272e-7,7.00276359566e-7,6.0566344473e-7,0.00000220693004849,6.243324151e-7,2.39518215039e-7,9.77191518814e-8,2.03128411869e-8,2.00630356773e-8,4.75914463394e-9,8.50057357837e-9,1.00430295191e-8,1.42774094769e-8,4.18722434503e-9,3.41952288707e-9,3.75237590999e-10,9.13332465213e-10,9.5162752678e-11,3.19985496433e-11,1.52700734002e-11,6.84811408969e-12,1.52193656983e-11,6.74270318399e-12,1.75720939535e-12,1.39601047736e-12,2.70533183529e-12,6.76746766265e-12,6.93301189028e-12,9.06602397321e-12,4.31588688399e-11,4.81394576979e-11,1.37289632787e-11,6.99767544257e-12,1.90150087516e-12,1.05593539555e-12],"max":[0.000967483385466,0.00425723940134,0.0099471276626,0.0196312405169,0.0105194123462,0.00998614821583,0.0121121918783,0.01168729458,0.027496766299,0.0180971883237,0.0102080972865,0.00706768548116,0.00375165650621,0.00209921272472,0.00102101976518,0.00163060345221,0.00160510092974,0.00247293733992,0.000845754053444,0.00154240918346,0.000474572327221,0.000771221355535,0.000134135101689,0.0000920763195609,0.0000822408037493,0.0000400371209253,0.0000606323519605,0.0000402231780754,0.0000204609295906,0.0000295144545817,0.0000385848834412,0.0000565192458453,0.0000927285072976,0.000124566809973,0.000203550356673,0.000241346657276,0.00010096434562,0.00013142239186,0.0000750487015466,0.0000437149101344],"mean":[0.00000735690082365,0.0000753140993766,0.000433081877418,0.000922833860386,0.000607344787568,0.000355627766112,0.000431497988757,0.000343620427884,0.00048922438873,0.000347027089447,0.000205153643037,0.000102359248558,0.0000487797915412,0.0000434414105257,0.0000248112173722,0.0000245195478783,0.000023298061933,0.0000233876398852,0.0000181922241609,0.00000783939594839,0.0000048773213166,0.00000514915836902,0.00000338990048476,0.00000228108410738,0.00000120756737942,0.00000103924105588,0.00000124877442431,0.00000103308957478,5.17172054515e-7,2.75417022522e-7,3.22274445352e-7,4.46531714715e-7,5.30738418547e-7,5.69789904148e-7,7.62131207921e-7,8.14292775431e-7,6.21780770871e-7,4.32977572018e-7,2.50765594956e-7,1.60754339618e-7],"median":[6.67928077291e-7,0.00000562943114346,0.0000667103377054,0.000184895965504,0.000161350893904,0.0000964699283941,0.0000688731233822,0.0000350505324604,0.0000246835606958,0.0000109636421257,0.00000628431325822,0.0000023506843263,0.00000110315295387,0.00000170333817096,0.00000116478190648,9.75536067926e-7,6.04915271651e-7,4.91860930651e-7,3.46262083895e-7,1.62936530046e-7,1.53314033469e-7,1.92132205257e-7,1.65836340216e-7,1.09625887035e-7,8.24053074666e-8,7.38746948059e-8,7.44266372976e-8,4.72668375551e-8,3.47703483783e-8,1.78247674398e-8,1.39172975366e-8,1.83173796131e-8,2.33100845293e-8,2.41416682201e-8,2.5124052172e-8,2.23653611187e-8,1.93111713287e-8,1.49397649807e-8,9.78767911164e-9,5.92439608482e-9],"min":[2.17108464233e-24,8.92590750003e-24,1.05923335638e-23,5.87192361891e-24,3.03580872309e-24,6.65245691398e-24,1.61024733443e-23,1.67848932475e-23,6.54368798351e-24,1.56953012103e-23,6.82520483045e-24,1.07134883994e-23,1.26663246143e-23,1.83388529898e-23,1.35484462335e-23,8.08637332571e-24,6.04036790471e-24,7.86448331915e-24,1.10232299006e-23,1.93437434539e-23,9.00047615482e-24,1.05271862748e-23,1.0294073933e-23,9.31870422171e-24,6.525159613e-24,1.39021272871e-23,1.22460723777e-23,8.99390731006e-24,8.05676737593e-24,6.08383847932e-24,5.36059817964e-24,5.92105742596e-24,8.78027194402e-24,9.32476425118e-24,5.64142082898e-24,1.17601727142e-23,1.05959291918e-23,1.67562007987e-23,1.1884343365e-23,8.62100092725e-24],"var":[1.26109622745e-9,5.99951448521e-8,6.95299036124e-7,0.00000277415051642,0.00000106678737666,4.5776710067e-7,9.42978260809e-7,6.49361766136e-7,0.00000241889529207,9.12101768336e-7,5.93295112594e-7,1.41543139875e-7,2.73554423558e-8,1.94952409771e-8,5.62439339546e-9,8.05364486212e-9,9.52431555845e-9,1.75254548651e-8,5.0667612328e-9,2.20988383148e-9,5.61183932657e-10,9.43384703689e-10,1.02786675005e-10,4.08643917316e-11,1.28462509727e-11,9.539344141e-12,1.25141329591e-11,7.38308459508e-12,2.16908630814e-12,1.27894298884e-12,2.73962146372e-12,5.99633927581e-12,7.84196752673e-12,1.23854624473e-11,3.55342803793e-11,4.09805418766e-11,1.59724646703e-11,1.27624924517e-11,3.83409016341e-12,1.78609199913e-12]},"melbands_crest":{"dmean":3.08594822884,"dmean2":4.88209676743,"dvar":9.1202955246,"dvar2":23.867980957,"max":38.8248023987,"mean":15.7044420242,"median":15.1263456345,"min":1.95184135437,"var":27.9273357391},"melbands_flatness_db":{"dmean":0.024587765336,"dmean2":0.034920617938,"dvar":0.000719915609807,"dvar2":0.0013651822228,"max":0.648471713066,"mean":0.317013710737,"median":0.317678749561,"min":0.00664160307497,"var":0.00971780065447},"melbands_kurtosis":{"dmean":9.68110561371,"dmean2":15.1048784256,"dvar":610.195678711,"dvar2":1523.24255371,"max":963.386779785,"mean":19.5522937775,"median":11.3860092163,"min":-1.88803946972,"var":899.366149902},"melbands_skewness":{"dmean":0.73372823,"dmean2":1.11953449249,"dvar":0.916809856892,"dvar2":2.10359668732,"max":25.9282016754,"mean":2.39174795151,"median":2.04941296577,"min":-3.523416996,"var":3.33023238182},"melbands_spread":{"dmean":3.81275105476,"dmean2":5.63864803314,"dvar":189.050857544,"dvar2":368.733581543,"max":278.941894531,"mean":11.103808403,"median":5.02318000793,"min":0.296107232571,"var":571.716064453},"mfcc":{"cov":[[21104.4804688,1156.06762695,-3016.85668945,-1685.17321777,-1464.44177246,-983.731933594,-647.873352051,239.81137085,-647.403869629,218.216720581,-745.362976074,-508.842407227,-563.835632324],[1156.06762695,2371.96606445,297.12991333,-97.8670654297,-57.172744751,-128.544967651,-21.867099762,-49.5261802673,-206.470352173,-143.957321167,-143.996276855,-107.312438965,-189.085464478],[-3016.85668945,297.12991333,1324.53686523,590.424499512,361.427124023,249.620437622,105.953720093,-45.772605896,37.1578178406,-132.934020996,36.083480835,71.1175537109,45.818195343],[-1685.17321777,-97.8670654297,590.424499512,736.321960449,495.324859619,216.788101196,37.2804832458,-19.2414398193,127.62033844,-26.4628982544,38.0252456665,47.9019470215,33.3554992676],[-1464.44177246,-57.172744751,361.427124023,495.324859619,559.240234375,220.138717651,10.0997552872,-21.5757064819,143.248931885,11.9592351913,49.2453727722,23.9653282166,11.6050901413],[-983.731933594,-128.544967651,249.620437622,216.788101196,220.138717651,285.576385498,120.004714966,17.9478969574,96.1981811523,23.719379425,68.9942855835,24.6290016174,10.5547065735],[-647.873352051,-21.867099762,105.953720093,37.2804832458,10.0997552872,120.004714966,244.801376343,90.9012756348,25.5374183655,18.827299118,48.0562515259,30.6204433441,-0.801690161228],[239.81137085,-49.5261802673,-45.772605896,-19.2414398193,-21.5757064819,17.9478969574,90.9012756348,155.614547729,23.3022861481,19.5305728912,-0.991895437241,2.05393576622,7.30240106583],[-647.403869629,-206.470352173,37.1578178406,127.62033844,143.248931885,96.1981811523,25.5374183655,23.3022861481,199.196868896,56.4510612488,53.9195022583,20.4195384979,21.2182884216],[218.216720581,-143.957321167,-132.934020996,-26.4628982544,11.9592351913,23.719379425,18.827299118,19.5305728912,56.4510612488,143.041275024,63.7533187866,-1.3236361742,-18.342710495],[-745.362976074,-143.996276855,36.083480835,38.0252456665,49.2453727722,68.9942855835,48.0562515259,-0.991895437241,53.9195022583,63.7533187866,153.112564087,59.2786827087,26.4202098846],[-508.842407227,-107.312438965,71.1175537109,47.9019470215,23.9653282166,24.6290016174,30.6204433441,2.05393576622,20.4195384979,-1.3236361742,59.2786827087,110.433944702,58.7846183777],[-563.835632324,-189.085464478,45.818195343,33.3554992676,11.6050901413,10.5547065735,-0.801690161228,7.30240106583,21.2182884216,-18.342710495,26.4202098846,58.7846183777,128.756530762]],"icov":[[0.000134129921207,-0.0000557700986974,0.000236783263972,-0.000118754345749,0.000254358601524,-0.000203999399673,0.000408493826399,-0.000355623487849,0.000252688769251,-0.000338571990142,0.000508699449711,-0.000162891898071,0.00034859101288],[-0.0000557700986974,0.000622868072242,-0.000345953216311,0.000328313442878,-0.000382340425858,0.000432953966083,-0.000307295675157,0.000172422718606,0.000208072771784,0.000487398792757,-0.000118065705465,0.000166229976458,0.000679303659126],[0.000236783263972,-0.000345953216311,0.00200690492056,-0.00142878654879,0.000767689896747,-0.00110510282684,0.000390087778214,-0.000222370799747,0.000631203118246,0.000539808534086,0.000530368241016,-0.000505070551299,0.000315907644108],[-0.000118754345749,0.000328313442878,-0.00142878654879,0.00467626797035,-0.00355150620453,0.000533485901542,-0.000550709548406,0.000261983805103,-0.000541433575563,0.000382309459383,0.000221357811824,-0.000457470945548,-0.000175668625161],[0.000254358601524,-0.000382340425858,0.000767689896747,-0.00355150620453,0.00628125248477,-0.00287450896576,0.00228525698185,-0.000665854022373,-0.00079993205145,-0.000860219239257,0.000699912838172,-0.0002026296861,0.000878892198671],[-0.000203999399673,0.000432953966083,-0.00110510282684,0.000533485901542,-0.00287450896576,0.00839944183826,-0.0043138791807,0.00150655256584,-0.00166202697437,0.000600420695264,-0.00215912493877,0.00160599546507,-0.000474980392028],[0.000408493826399,-0.000307295675157,0.000390087778214,-0.000550709548406,0.00228525698185,-0.0043138791807,0.00921745318919,-0.00539853051305,0.00133046950214,-0.00105184828863,0.000425194855779,-0.00217713555321,0.00239025941119],[-0.000355623487849,0.000172422718606,-0.000222370799747,0.000261983805103,-0.000665854022373,0.00150655256584,-0.00539853051305,0.01025419496,-0.00181218411308,-0.0000514227685926,0.000375056930352,0.000979767879471,-0.00220446125604],[0.000252688769251,0.000208072771784,0.000631203118246,-0.000541433575563,-0.00079993205145,-0.00166202697437,0.00133046950214,-0.00181218411308,0.00844296813011,-0.00274569448084,0.000290805706754,-0.000320231163641,-0.0000488069890707],[-0.000338571990142,0.000487398792757,0.000539808534086,0.000382309459383,-0.000860219239257,0.000600420695264,-0.00105184828863,-0.0000514227685926,-0.00274569448084,0.0129376137629,-0.0065777557902,0.0020459163934,0.00167790264823],[0.000508699449711,-0.000118065705465,0.000530368241016,0.000221357811824,0.000699912838172,-0.00215912493877,0.000425194855779,0.000375056930352,0.000290805706754,-0.0065777557902,0.0142345223576,-0.00622365623713,0.000839062035084],[-0.000162891898071,0.000166229976458,-0.000505070551299,-0.000457470945548,-0.0002026296861,0.00160599546507,-0.00217713555321,0.000979767879471,-0.000320231163641,0.0020459163934,-0.00622365623713,0.0158667508513,-0.00597623642534],[0.00034859101288,0.000679303659126,0.000315907644108,-0.000175668625161,0.000878892198671,-0.000474980392028,0.00239025941119,-0.00220446125604,-0.0000488069890707,0.00167790264823,0.000839062035084,-0.00597623642534,0.0131268128753]],"mean":[-819.253967285,141.934768677,22.0235290527,-0.558689534664,-12.0940418243,-19.7580814362,-21.5234966278,-14.8755645752,-21.2052936554,-5.47473192215,-9.37158966064,-7.34740781784,-8.95050525665]},"pitch_salience":{"dmean":0.0671972408891,"dmean2":0.107392027974,"dvar":0.00419370364398,"dvar2":0.0110372416675,"max":0.83772444725,"mean":0.543434977531,"median":0.546598494053,"min":0.0753639340401,"var":0.0125819202513},"silence_rate_20dB":{"dmean":0,"dmean2":0,"dvar":0,"dvar2":0,"max":1,"mean":1,"median":1,"min":1,"var":0},"silence_rate_30dB":{"dmean":0.00192086049356,"dmean2":0.00384245906025,"dvar":0.00191720959265,"dvar2":0.00536483619362,"max":1,"mean":0.998847723007,"median":1,"min":0,"var":0.00115100701805},"silence_rate_60dB":{"dmean":0.035728007555,"dmean2":0.0714697390795,"dvar":0.0344523638487,"dvar2":0.0755809769034,"max":1,"mean":0.395813316107,"median":0,"min":0,"var":0.239142328501},"spectral_centroid":{"dmean":108.619392395,"dmean2":150.225662231,"dvar":84130.65625,"dvar2":130501.9375,"max":10951.3183594,"mean":700.626098633,"median":440.918914795,"min":145.762939453,"var":801729.0625},"spectral_complexity":{"dmean":1.16096806526,"dmean2":1.7779058218,"dvar":2.22994756699,"dvar2":4.29647874832,"max":30,"mean":7.31150388718,"median":6,"min":0,"var":36.7019348145},"spectral_contrast_coeffs":{"dmean":[0.0423980504274,0.0390195734799,0.034082364291,0.0259452033788,0.0177869554609,0.0125402798876],"dmean2":[0.0662000104785,0.0613932050765,0.0530696511269,0.0406698770821,0.0283228680491,0.0193430501968],"dvar":[0.00137237075251,0.00125745357946,0.000899208884221,0.000578168139327,0.000264121597866,0.000143210170791],"dvar2":[0.0030952335801,0.00288992025889,0.00202298467048,0.00123909674585,0.00056440528715,0.000310281378916],"max":[-0.186676725745,-0.355238765478,-0.346389293671,-0.4521035254,-0.58945864439,-0.668292105198],"mean":[-0.492284834385,-0.687973797321,-0.736465513706,-0.775053799152,-0.812778055668,-0.833246588707],"median":[-0.472994744778,-0.689697742462,-0.752692222595,-0.790735721588,-0.821513175964,-0.833538174629],"min":[-0.957508206367,-0.963974416256,-0.960517644882,-0.967677772045,-0.962314486504,-0.957608759403],"var":[0.024714935571,0.00864904839545,0.0112029127777,0.00851878710091,0.00413729203865,0.00188586837612]},"spectral_contrast_valleys":{"dmean":[0.4167355299,0.313541024923,0.290926039219,0.253566354513,0.219435214996,0.210139945149],"dmean2":[0.681541383266,0.483234226704,0.444607883692,0.377713352442,0.307992488146,0.267204910517],"dvar":[0.136451765895,0.102248884737,0.0831031501293,0.0716644972563,0.0744449421763,0.0873207300901],"dvar2":[0.32244977355,0.196915730834,0.152644053102,0.11916308105,0.117011122406,0.126505225897],"max":[-6.53427553177,-4.68652296066,-5.69777488708,-6.31907701492,-6.50035715103,-7.44031333923],"mean":[-10.1678447723,-7.76292800903,-9.20421791077,-9.93197822571,-9.99154186249,-12.0118293762],"median":[-10.2044801712,-7.35402441025,-8.74172306061,-9.52722358704,-9.53002357483,-11.6477451324],"min":[-27.2676296234,-27.6366996765,-27.3785305023,-27.3747310638,-27.1366348267,-27.2845821381],"var":[2.11892390251,3.25668239594,3.66647171974,3.07510089874,3.30370950699,2.89683222771]},"spectral_decrease":{"dmean":1.23213494962e-9,"dmean2":1.75140757452e-9,"dvar":4.5140056664e-18,"dvar2":9.57406551519e-18,"max":2.27591585469e-16,"mean":-4.26523261154e-9,"median":-2.04076200383e-9,"min":-4.78519304181e-8,"var":2.54471229755e-17},"spectral_energy":{"dmean":0.00487152859569,"dmean2":0.00693836854771,"dvar":0.0000706355276634,"dvar2":0.000150315507199,"max":0.192197903991,"mean":0.0170358158648,"median":0.00820271391422,"min":1.09494729711e-20,"var":0.00040705743595},"spectral_energyband_high":{"dmean":0.0000792687496869,"dmean2":0.0000940035824897,"dvar":2.4205425575e-7,"dvar2":3.19573871366e-7,"max":0.0167643222958,"mean":0.00015636900207,"median":0.00000903551517695,"min":7.74572652609e-21,"var":6.72950193348e-7},"spectral_energyband_low":{"dmean":0.00037186712143,"dmean2":0.000611611874774,"dvar":0.00000122498920518,"dvar2":0.00000330049874719,"max":0.0240185819566,"mean":0.000640658778138,"median":0.0000951364199864,"min":4.43212569693e-23,"var":0.00000248269611802},"spectral_energyband_middle_high":{"dmean":0.000822571106255,"dmean2":0.00123232440092,"dvar":0.00000478851416119,"dvar2":0.0000112008046926,"max":0.0629424825311,"mean":0.00253815855831,"median":0.000148894047015,"min":1.64631337975e-21,"var":0.0000361829370377},"spectral_energyband_middle_low":{"dmean":0.00457644602284,"dmean2":0.00641655595973,"dvar":0.0000672911846777,"dvar2":0.000144377627294,"max":0.18257330358,"mean":0.0143555607647,"median":0.00655288482085,"min":3.16920488917e-22,"var":0.000311519164825},"spectral_entropy":{"dmean":0.194824546576,"dmean2":0.273065239191,"dvar":0.0527814105153,"dvar2":0.0950511619449,"max":9.81046104431,"mean":6.44153690338,"median":6.39972352982,"min":4.02938270569,"var":0.738235592842},"spectral_flux":{"dmean":0.0138259530067,"dmean2":0.0223025679588,"dvar":0.000333426927682,"dvar2":0.000806658703368,"max":0.366029292345,"mean":0.045684710145,"median":0.0409973151982,"min":1.04639727438e-10,"var":0.00166295876261},"spectral_kurtosis":{"dmean":4.62908840179,"dmean2":7.46014642715,"dvar":41.5107460022,"dvar2":105.894393921,"max":136.976287842,"mean":17.3705387115,"median":12.0266389847,"min":-1.19510257244,"var":324.331359863},"spectral_rms":{"dmean":0.000500211084727,"dmean2":0.000694803427905,"dvar":4.6071031079e-7,"dvar2":8.62057163431e-7,"max":0.0136934341863,"mean":0.00318302190863,"median":0.00282889511436,"min":3.26839597053e-12,"var":0.00000648867171549},"spectral_rolloff":{"dmean":212.537841797,"dmean2":352.529266357,"dvar":672265.625,"dvar2":1242381.875,"max":21210.2050781,"mean":995.943847656,"median":473.73046875,"min":21.533203125,"var":4931795},"spectral_skewness":{"dmean":0.391028046608,"dmean2":0.594587266445,"dvar":0.18791565299,"dvar2":0.419737964869,"max":9.93112945557,"mean":3.15465164185,"median":2.91459107399,"min":-0.251540780067,"var":2.39860081673},"spectral_spread":{"dmean":459192.15625,"dmean2":678275.4375,"dvar":504674680832,"dvar2":778809573376,"max":40040184,"mean":3648341.5,"median":3122051.25,"min":615167.9375,"var":5227049648130},"spectral_strongpeak":{"dmean":0.398181527853,"dmean2":0.626060605049,"dvar":0.527488768101,"dvar2":1.25948703289,"max":10.6900568008,"mean":1.01507890224,"median":0.407298743725,"min":0,"var":2.00118947029},"zerocrossingrate":{"dmean":0.00655728159472,"dmean2":0.00705845514312,"dvar":0.000246270792559,"dvar2":0.000198106470634,"max":0.72021484375,"mean":0.0404662974179,"median":0.0244140625,"min":0,"var":0.0050383801572}},"metadata":{"audio_properties":{"analysis_sample_rate":44100,"bit_rate":0,"codec":"flac","downmix":"mix","equal_loudness":0,"length":120.866668701,"lossless":true,"md5_encoded":"55e77805a86f33c590602b998b05bac1","replay_gain":-9.66012954712},"tags":{"album":["Long Road Out of Eden"],"album artist":["Eagles"],"albumartist":["Eagles"],"albumartist_credit":["Eagles"],"albumartistsort":["Eagles"],"artist":["Eagles"],"artist_credit":["Eagles"],"artistsort":["Eagles"],"asin":["B000VXUWCC"],"barcode":["602517494060"],"bpm":["0"],"catalognumber":["1749406"],"compilation":["0"],"date":["2007-10-29"],"disc":["1"],"discc":["2"],"discnumber":["1"],"disctotal":["2"],"file_name":"01-01. No More Walks in the Wood.flac","genre":["Classic Rock"],"label":["Universal Music UK"],"language":["eng"],"media":["CD"],"musicbrainz_albumartistid":["f46bd570-5768-462e-b84c-c7c993bbf47e"],"musicbrainz_albumid":["b5efcd56-76e7-4be8-b0c0-12c3d00b42ed"],"musicbrainz_albumstatus":["Official"],"musicbrainz_albumtype":["album"],"musicbrainz_artistid":["f46bd570-5768-462e-b84c-c7c993bbf47e"],"musicbrainz_recordingid":["6784db4f-ab16-4d71-9991-98fb199cf440"],"musicbrainz_releasegroupid":["82e10fc2-3863-39d8-b91e-8f59f0cb7a03"],"originaldate":["2007-10-29"],"publisher":["Universal Music UK"],"releasecountry":["GB"],"releasestatus":["official"],"releasetype":["album"],"replaygain_album_gain":["-7.49 dB"],"replaygain_album_peak":["1.000000"],"replaygain_reference_loudness":["89.0 dB"],"replaygain_track_gain":["-4.60 dB"],"replaygain_track_peak":["0.985291"],"script":["Latn"],"title":["No More Walks in the Wood"],"totaldiscs":["2"],"totaltracks":["11"],"track":["1"],"trackc":["11"],"tracknumber":["1"],"tracktotal":["11"],"year":["2007"]},"ver