{"lowlevel":{"average_loudness":0.915909230709,"barkbands":{"dmean":[0.000125533508253,0.00236108247191,0.00225985236466,0.0016353726387,0.00201221625321,0.000955684692599,0.000825118506327,0.000822241359856,0.000873526209034,0.000400715711294,0.000241029891185,0.000263017253019,0.000327231624397,0.000155709451064,0.000197376939468,0.000235355299083,0.000276663922705,0.000196191351279,0.000191518323845,0.000124702142784,0.000113126385259,0.0000904799017007,0.000114203736302,0.0000411685505242,0.0000813622609712,0.0000305608191411,0.0000377339056286],"dmean2":[0.000222821327043,0.00388361816294,0.00389764923602,0.00281561538577,0.00339538953267,0.00156019453425,0.00133795745205,0.00128978060093,0.00138223543763,0.000640205631498,0.000392631744035,0.000423920719186,0.000544833543245,0.000249374163104,0.00030384917045,0.000373682822101,0.000446604099125,0.000311816082103,0.000309284048853,0.000198573747184,0.000174865286681,0.000139109717566,0.000169041159097,0.0000590237614233,0.000112525609438,0.0000445792393293,0.0000589690062043],"dvar":[1.29733891185e-7,0.0000366402346117,0.0000469136830361,0.0000178959653567,0.0000283794306597,0.00000538858148502,0.0000028530655527,0.00000265412131739,0.00000252753875429,9.19912565678e-7,3.73527853981e-7,6.46707292162e-7,6.10285553648e-7,3.438809415e-7,2.53716166299e-7,2.73225566616e-7,3.76224221554e-7,2.60896342752e-7,1.56910573423e-7,7.33175866685e-8,1.28966220814e-7,8.04296078627e-8,2.02197682597e-7,2.89142647603e-8,1.51111962055e-7,9.33058341701e-9,4.65613680944e-8],"dvar2":[3.75975275801e-7,0.0000935915886657,0.000129897787701,0.0000476834647998,0.000076850374171,0.0000144458244904,0.00000719576064512,0.00000654437963021,0.00000632932824374,0.00000237314816331,9.55591644924e-7,0.0000015808536773,0.00000166812196767,8.59593853875e-7,5.47185550204e-7,6.60670764319e-7,9.60653210313e-7,5.14277019192e-7,4.00455036242e-7,1.8367323662e-7,2.78451267377e-7,1.87317041878e-7,3.87476376318e-7,5.64677407056e-8,2.90520148383e-7,2.02342516076e-8,1.1120914678e-7],"max":[0.00386791932397,0.102945625782,0.0933908298612,0.0669781267643,0.0915884673595,0.0338319651783,0.0287948176265,0.0345602482557,0.0439519658685,0.0229466445744,0.0130244167522,0.0329469442368,0.0179258305579,0.0267844200134,0.0181958004832,0.0141573175788,0.0141516085714,0.0428518727422,0.0132778855041,0.00721001764759,0.00730150565505,0.0048094750382,0.0102016907185,0.00890165753663,0.00748038012534,0.00189145398326,0.00378785375506],"mean":[0.00016057031462,0.00286690611392,0.00277915620245,0.00184378598351,0.00273735169321,0.00139592890628,0.0011956342496,0.00136749772355,0.00156565150246,0.000642650818918,0.000359069003025,0.00040541117778,0.000578850507736,0.000265309703536,0.000344810978277,0.000410741835367,0.000536866020411,0.000429833831731,0.000375558272935,0.000239050816162,0.00019147216517,0.000147512226249,0.000200948401471,0.0000756055160309,0.000116179056931,0.0000380355850211,0.0000323422864312],"median":[0.0000900450177141,0.00129443686455,0.00109790125862,0.00072679418372,0.00143894867506,0.000669901492074,0.000623642059509,0.000449048238806,0.000627383473329,0.000218313653022,0.0000982958154054,0.000123549150885,0.000140188567457,0.0000802494978416,0.0000950365138124,0.000136017551995,0.000201252827537,0.000154488487169,0.000132526314701,0.0000775505395723,0.0000420673459303,0.0000351329690602,0.0000242341138801,0.0000141974796861,0.00000959030967351,0.00000340190854331,7.6121989423e-7],"min":[4.59902505781e-25,3.00508515463e-24,1.93971923301e-24,1.8076382795e-24,1.24194963479e-23,1.25342267003e-23,9.88844244443e-24,1.31092684349e-23,2.97052705164e-23,1.07787611173e-23,1.60355952944e-23,3.33391235664e-23,2.35902353492e-23,3.52040538552e-23,3.88718026806e-23,8.08232489154e-23,7.54208580683e-23,1.02513881961e-22,1.50257744497e-22,1.49679010893e-22,3.05437198492e-22,2.99055225416e-22,4.34955688816e-22,6.07486662225e-22,8.71286848128e-22,1.33789759394e-21,1.87798372799e-21],"var":[7.87434046856e-8,0.0000323145286529,0.0000335682125296,0.0000140757620102,0.0000232532238442,0.00000549198921362,0.00000334742276209,0.00000550252070752,0.00000587064050706,0.00000179578114512,7.44209785353e-7,0.00000133630715027,0.00000137917766097,0.00000103241029592,7.15532166851e-7,6.94767948062e-7,9.98310042633e-7,0.00000144999978602,4.95387268984e-7,1.83096062756e-7,2.1681151452e-7,1.13021350501e-7,4.4472150762e-7,8.1716315492e-8,2.3894145329e-7,1.20078098576e-8,4.21751380486e-8]},"barkbands_crest":{"dmean":2.05222988129,"dmean2":3.35763978958,"dvar":3.84228777885,"dvar2":10.0989551544,"max":24.1596126556,"mean":8.19346141815,"median":7.54987955093,"min":2.49125242233,"var":10.7035865784},"barkbands_flatness_db":{"dmean":0.0174840409309,"dmean2":0.0262425225228,"dvar":0.000362697115634,"dvar2":0.000797958229668,"max":0.316967904568,"mean":0.119686424732,"median":0.116307727993,"min":0.0161249730736,"var":0.00244264840148},"barkbands_kurtosis":{"dmean":2.16223406792,"dmean2":3.44503712654,"dvar":15.8285112381,"dvar2":38.255279541,"max":86.1365280151,"mean":3.36459898949,"median":1.20847523212,"min":-1.90567886829,"var":49.9383049011},"barkbands_skewness":{"dmean":0.456316590309,"dmean2":0.69377553463,"dvar":0.283955961466,"dvar2":0.636592447758,"max":7.73894548416,"mean":1.28979218006,"median":1.1124317646,"min":-3.61367583275,"var":1.40304505825},"barkbands_spread":{"dmean":5.02781867981,"dmean2":7.73269796371,"dvar":39.4184303284,"dvar2":83.4577789307,"max":127.191902161,"mean":24.2764320374,"median":20.8655986786,"min":1.53709185123,"var":230.194229126},"dissonance":{"dmean":0.0169309359044,"dmean2":0.0281286332756,"dvar":0.000293766352115,"dvar2":0.000779934809543,"max":0.500000059605,"mean":0.464020550251,"median":0.471010357141,"min":0.2846390903,"var":0.000734941917472},"dynamic_complexity":3.20193767548,"erbbands":{"dmean":[0.0542836301029,0.613031804562,2.28910326958,4.55122947693,6.59927415848,6.41604089737,7.13384580612,8.10200881958,8.33633708954,16.159778595,18.0947628021,22.1777687073,13.7886199951,9.62634849548,10.6257429123,11.0411148071,13.8349189758,10.0724020004,8.86103153229,9.51722335815,12.3219804764,12.9445486069,11.3973197937,10.3287811279,8.27566242218,5.84394836426,3.75608706474,4.72914648056,3.3263657093,3.78106570244,2.66804480553,1.06114387512,0.604407846928,0.461036622524,0.906708180904,0.148314327002,0.0619490966201,0.0231480896473,0.0065527963452,0.000485573516926],"dmean2":[0.0925513654947,1.01206874847,3.9245967865,7.8251953125,11.256436348,10.7807817459,11.4433956146,13.1790142059,13.5402050018,26.4774150848,27.7380332947,35.1889038086,22.5703411102,15.1832437515,17.1637916565,17.6547393799,23.0129013062,16.0272350311,13.8473358154,14.4948539734,19.5925941467,20.8279876709,18.2447566986,16.7316379547,13.217540741,9.27984809875,5.80405426025,7.22110795975,5.09243488312,5.74785232544,3.87703156471,1.51993727684,0.85172867775,0.631995558739,1.27312707901,0.205946922302,0.0914481133223,0.0353343598545,0.0102847274393,0.000772990868427],"dvar":[0.018034402281,2.59098744392,45.875087738,155.294723511,310.573394775,254.760574341,263.355957031,380.495025635,243.920730591,1601.27941895,1376.64367676,1719.8380127,977.202697754,624.476196289,884.600097656,1430.38122559,1078.5345459,960.40411377,504.841094971,629.384521484,674.042724609,729.558044434,663.813110352,772.583374023,316.365661621,174.471984863,102.26651001,256.967376709,107.471786499,191.782485962,109.384216309,21.439781189,5.28782749176,2.92965722084,23.1122989655,0.291233122349,0.038650803268,0.00768233509734,0.00144009152427,0.0000106306461021],"dvar2":[0.0480088554323,6.69289207458,126.031318665,418.650146484,835.107116699,697.079406738,658.596618652,1019.30450439,607.558898926,4291.19873047,3251.57226563,4319.66308594,2627.40429688,1534.01037598,2290.6640625,3479.76611328,3005.24755859,2426.58544922,1070.99230957,1414.36975098,1747.32336426,1828.2713623,1540.29467773,1594.33312988,764.312011719,437.017913818,226.140914917,557.624450684,248.517745972,390.657348633,213.443878174,42.131477356,9.5467338562,5.66570901871,45.1594352722,0.574985384941,0.0848452299833,0.01731046848,0.00343612302095,0.0000263916299446],"max":[1.89191126823,25.9778575897,84.5064163208,152.91633606,228.007888794,281.714874268,275.381378174,314.785430908,245.258605957,697.052490234,935.967956543,986.787231445,857.390563965,971.244445801,848.764953613,1660.0378418,786.118041992,1217.82995605,1073.10083008,936.630615234,616.828735352,640.905517578,1181.29211426,2671.50976563,437.797515869,437.269195557,306.121673584,319.234954834,167.398712158,256.551116943,374.468200684,216.813796997,148.239532471,63.2216148376,97.8949584961,10.0172338486,3.75322294235,1.54061162472,0.69686537981,0.0644167363644],"mean":[0.0622569918633,0.733925521374,2.85579538345,5.12565660477,7.93814277649,8.87487030029,10.6450748444,11.9602184296,13.4588871002,22.8921699524,34.3837242126,39.5050430298,23.2773628235,16.6225414276,17.0756397247,18.4727745056,25.222234726,19.2738838196,16.3432655334,18.6957950592,24.5327949524,26.6250839233,25.2327709198,23.2433509827,16.1805515289,11.2401609421,6.7573723793,7.9430065155,5.49558353424,6.38564825058,4.80771446228,1.94138240814,1.08212959766,0.722265481949,1.22526025772,0.208353593946,0.0733980759978,0.023721659556,0.00552410958335,0.000419635674916],"median":[0.0297776591033,0.319147497416,1.19363534451,2.21171236038,3.68695926666,4.39115524292,4.78392267227,5.07955741882,7.31467962265,11.4237775803,11.7885160446,16.2227458954,9.66848564148,6.95271492004,4.83672189713,5.76846694946,6.77922058105,6.86483335495,5.38872766495,5.75212812424,9.54939842224,10.6126012802,9.48243618011,8.7352848053,5.22378778458,3.72497367859,1.91218698025,1.65548944473,1.34162688255,0.962290346622,0.650351107121,0.371869772673,0.204987123609,0.106383919716,0.0647603049874,0.0205964744091,0.0055886968039,0.00129207735881,0.00012764557323,0.0000279435716948],"min":[1.15151540948e-22,7.28532407774e-22,3.46745307832e-21,6.52164785353e-21,1.00380588766e-20,2.80896641974e-20,5.42419938519e-20,8.51879320915e-20,1.00937618976e-19,2.67849276603e-19,3.55355705478e-19,6.08264678501e-19,5.0072520181e-19,5.74490377103e-19,1.19639505711e-18,1.59187631183e-18,1.38354001781e-18,2.28166749791e-18,2.32435642817e-18,3.0737580749e-18,3.70679981128e-18,4.60598939129e-18,6.27398048494e-18,7.80887863162e-18,7.11118569933e-18,7.77544812716e-18,9.61741887828e-18,1.19130626266e-17,9.7040040089e-18,1.15450110946e-17,1.28541220213e-17,1.16643079097e-17,9.68339066803e-18,9.44061729415e-18,6.41142646988e-18,4.2332820732e-18,2.40412352259e-18,9.26561606863e-19,2.56805562395e-19,2.6538926731e-20],"var":[0.0143569409847,2.23324513435,33.5224761963,114.85949707,241.132385254,223.683242798,327.587982178,430.923156738,369.167297363,1531.23925781,3655.56420898,3779.95263672,1767.9621582,1289.60522461,1812.35632324,3084.85864258,2382.08007813,2890.15307617,1477.60949707,1879.31884766,1851.88293457,2077.64233398,2841.76147461,4867.16064453,758.388977051,413.060211182,201.118484497,413.291259766,150.04498291,367.895202637,253.075881958,61.0255203247,15.2663087845,5.40231227875,35.2056846619,0.455870747566,0.0473987497389,0.00803458690643,0.00129430869129,0.00000895133143786]},"erbbands_crest":{"dmean":2.23953962326,"dmean2":3.59310865402,"dvar":4.57038640976,"dvar2":11.1948223114,"max":32.7565460205,"mean":8.5232257843,"median":7.5121088028,"min":2.35612535477,"var":17.5766716003},"erbbands_flatness_db":{"dmean":0.0164501480758,"dmean2":0.0226334407926,"dvar":0.000292479380732,"dvar2":0.000504931609612,"max":0.372384101152,"mean":0.153776273131,"median":0.150183603168,"min":0.028744822368,"var":0.00213086884469},"erbbands_kurtosis":{"dmean":0.860641717911,"dmean2":1.33224451542,"dvar":1.88196849823,"dvar2":4.09604454041,"max":52.7573356628,"mean":0.550383806229,"median":-0.246447503567,"min":-1.81192100048,"var":7.05703449249},"erbbands_skewness":{"dmean":0.327757626772,"dmean2":0.501567482948,"dvar":0.0946989133954,"dvar2":0.213385775685,"max":4.20314598083,"mean":0.199637666345,"median":0.261751741171,"min":-6.57127952576,"var":0.848918795586},"erbbands_spread":{"dmean":6.95984220505,"dmean2":10.5343780518,"dvar":60.6244010925,"dvar2":129.118835449,"max":139.144210815,"mean":38.8890419006,"median":37.3449440002,"min":3.1489803791,"var":346.231658936},"gfcc":{"cov":[[15527.6318359,-540.084472656,-790.131103516,130.025253296,-559.332275391,59.5912971497,-453.241119385,133.119720459,-287.484588623,85.5805892944,-356.286712646,73.8358840942,-191.448303223],[-540.084472656,1754.3605957,-353.272033691,98.6827316284,164.130187988,-82.7574081421,143.859817505,42.1319236755,64.4709320068,-113.525993347,177.970458984,-140.948699951,14.1947841644],[-790.131103516,-353.272033691,751.679199219,46.5315933228,60.7649803162,32.7428855896,-21.3682384491,-38.644317627,-4.49146938324,36.1290779114,-80.3593826294,61.5597877502,-19.543674469],[130.025253296,98.6827316284,46.5315933228,488.170654297,173.142471313,-31.7051868439,-42.5390472412,-0.882120370865,52.0463562012,-35.7200088501,-17.2153606415,-21.5078144073,53.1616744995],[-559.332275391,164.130187988,60.7649803162,173.142471313,383.199951172,-34.8132019043,11.5055418015,43.0919570923,50.513584137,-38.9149208069,-11.2380151749,-25.8654251099,14.8671360016],[59.5912971497,-82.7574081421,32.7428855896,-31.7051868439,-34.8132019043,214.880401611,73.187789917,-8.55492973328,-20.557220459,21.4368228912,16.9443397522,2.56189799309,-32.5930175781],[-453.241119385,143.859817505,-21.3682384491,-42.5390472412,11.5055418015,73.187789917,180.822006226,17.7214584351,-10.0223960876,-6.47950077057,48.1812362671,-19.4339904785,-13.2931919098],[133.119720459,42.1319236755,-38.644317627,-0.882120370865,43.0919570923,-8.55492973328,17.7214584351,129.183700562,24.8763923645,1.98885369301,-8.5636472702,-5.39777374268,-10.3277864456],[-287.484588623,64.4709320068,-4.49146938324,52.0463562012,50.513584137,-20.557220459,-10.0223960876,24.8763923645,122.673805237,1.81249928474,-2.57409262657,-16.8302154541,16.1256504059],[85.5805892944,-113.525993347,36.1290779114,-35.7200088501,-38.9149208069,21.4368228912,-6.47950077057,1.98885369301,1.81249928474,85.1929016113,8.93901824951,15.6988096237,-8.52139854431],[-356.286712646,177.970458984,-80.3593826294,-17.2153606415,-11.2380151749,16.9443397522,48.1812362671,-8.5636472702,-2.57409262657,8.93901824951,105.694610596,0.495595097542,4.23032236099],[73.8358840942,-140.948699951,61.5597877502,-21.5078144073,-25.8654251099,2.56189799309,-19.4339904785,-5.39777374268,-16.8302154541,15.6988096237,0.495595097542,77.3072967529,11.5161399841],[-191.448303223,14.1947841644,-19.543674469,53.1616744995,14.8671360016,-32.5930175781,-13.2931919098,-10.3277864456,16.1256504059,-8.52139854431,4.23032236099,11.5161399841,68.9443511963]],"icov":[[0.000109028027509,-0.0000472494248243,0.000186343386304,-0.000150108637172,0.000149515573867,-0.0000917690631468,0.000211639373447,-0.000120845848869,0.000247414340265,-0.000179730021046,0.000496669788845,-0.000248918309808,0.000359150784789],[-0.0000472494248243,0.0010388266528,0.0000455028093711,-0.00000289459694613,-0.000252452126006,0.000494590261951,-0.000439684285084,-0.000122528188513,-0.000333437696099,0.00108171033207,-0.00189408950973,0.00140986090992,-0.0000524242204847],[0.000186343386304,0.0000455028093711,0.00212500966154,-0.00047737848945,-0.000213481820538,-0.000194298176211,-0.000127850522404,0.000668809574563,0.000195364293177,-0.00102830363903,0.00225021946244,-0.0019606356509,0.00152490637265],[-0.000150108637172,-0.00000289459694613,-0.00047737848945,0.0030514781829,-0.00126519973855,-0.000317752448609,0.000578770006541,0.000288962968625,-0.000740165181924,0.000787070952356,-0.000680654426105,0.00117760407738,-0.00251153879799],[0.000149515573867,-0.000252452126006,-0.000213481820538,-0.00126519973855,0.0038325234782,0.000235514322412,-0.000119948432257,-0.00123431696557,-0.000349488545908,0.00075728475349,0.000789204495959,0.0000521415786352,0.000577290717047],[-0.0000917690631468,0.000494590261951,-0.000194298176211,-0.000317752448609,0.000235514322412,0.00645024562255,-0.00303270830773,0.000792179896962,-0.0000907468856894,-0.000727590406314,-0.000938917393796,-0.00000313521718454,0.00235516391695],[0.000211639373447,-0.000439684285084,-0.000127850522404,0.000578770006541,-0.000119948432257,-0.00303270830773,0.00881462544203,-0.00183219066821,0.00127420725767,0.00083814637037,-0.00228548771702,0.00154398451559,-0.0000991416964098],[-0.000120845848869,-0.000122528188513,0.000668809574563,0.000288962968625,-0.00123431696557,0.000792179896962,-0.00183219066821,0.00944896694273,-0.00211854767986,-0.00102517462801,0.00166442454793,-0.00133947306313,0.00184969266411],[0.000247414340265,-0.000333437696099,0.000195364293177,-0.000740165181924,-0.000349488545908,-0.0000907468856894,0.00127420725767,-0.00211854767986,0.0104038575664,-0.00190670811571,0.00112229748629,0.00174910144415,-0.00168750772718],[-0.000179730021046,0.00108171033207,-0.00102830363903,0.000787070952356,0.00075728475349,-0.000727590406314,0.00083814637037,-0.00102517462801,-0.00190670811571,0.0153234573081,-0.00471159489825,0.0000263844103756,0.000505193718709],[0.000496669788845,-0.00189408950973,0.00225021946244,-0.000680654426105,0.000789204495959,-0.000938917393796,-0.00228548771702,0.00166442454793,0.00112229748629,-0.00471159489825,0.0177436862141,-0.00514139793813,0.00105169590097],[-0.000248918309808,0.00140986090992,-0.0019606356509,0.00117760407738,0.0000521415786352,-0.00000313521718454,0.00154398451559,-0.00133947306313,0.00174910144415,0.0000263844103756,-0.00514139793813,0.0191958639771,-0.00565773434937],[0.000359150784789,-0.0000524242204847,0.00152490637265,-0.00251153879799,0.000577290717047,0.00235516391695,-0.0000991416964098,0.00184969266411,-0.00168750772718,0.000505193718709,0.00105169590097,-0.00565773434937,0.0204659365118]],"mean":[-18.4102478027,94.2156677246,-114.041625977,32.3774032593,-54.4013938904,2.40331840515,-33.7690811157,11.2184247971,-18.5667533875,-1.55299913883,-16.8622493744,-1.58288598061,-15.665599823]},"hfc":{"dmean":7.30553197861,"dmean2":10.2726984024,"dvar":276.028045654,"dvar2":530.539550781,"max":227.904281616,"mean":19.3680610657,"median":12.086391449,"min":1.04378401017e-16,"var":602.662536621},"melbands":{"dmean":[0.000569886527956,0.00107032002416,0.000813637801912,0.000483273004647,0.000240013905568,0.000176341127371,0.000142610966577,0.000172554311575,0.000146099147969,0.000142536780913,0.0000676009149174,0.0000400621429435,0.0000310892646667,0.000034474003769,0.0000214838983084,0.0000374248265871,0.0000182628409675,0.0000139008870974,0.0000141926166179,0.0000176642988663,0.0000149582210724,0.0000152168486238,0.0000131802098622,0.00000958363034442,0.000009208539268,0.00000686524481353,0.00000582256143389,0.00000367869438378,0.00000211310020859,0.00000342998760061,0.00000267154155154,0.00000204953607863,0.00000161736772952,0.00000274032481684,0.00000195559255189,7.841362617e-7,6.45009777145e-7,4.7045023166e-7,3.49142595724e-7,3.47795861444e-7],"dmean2":[0.000943702412769,0.00179499166552,0.00138817471452,0.000831308949273,0.000382731406717,0.00028727366589,0.000230945079238,0.000280691165244,0.000222849252168,0.000226743431995,0.00011071456538,0.0000630038266536,0.0000506517426402,0.0000557882121939,0.0000351622620656,0.0000619582278887,0.0000290776224574,0.0000218363584281,0.0000219236408157,0.0000275174370472,0.0000241296274908,0.000024638902687,0.00002109635534,0.0000155822945089,0.0000150765436047,0.0000110690334623,0.00000934100626182,0.0000059148096625,0.00000336437960868,0.00000538685571883,0.00000412207418776,0.00000320777598972,0.00000253056737165,0.00000419695152232,0.00000287494253826,0.00000116151124985,9.63567572398e-7,6.74441082538e-7,4.96946029216e-7,5.03768774252e-7],"dvar":[0.00000198795328288,0.00000917823581403,0.0000041895218601,0.00000179528478839,2.69082761406e-7,1.79449529014e-7,7.12428445127e-8,1.65284831155e-7,8.42075422725e-8,7.48583062204e-8,2.42961153418e-8,1.1553905388e-8,6.75154687713e-9,9.53749790256e-9,3.26485327662e-9,8.60261906155e-9,4.5438954821e-9,1.3281251654e-9,1.39963829415e-9,1.81144643729e-9,1.12473974578e-9,1.09772591017e-9,1.13394804657e-9,6.47395914655e-10,6.24047868936e-10,2.23095625307e-10,1.56117535566e-10,7.96613192078e-11,3.0880752816e-11,1.4879811272e-10,7.8069682663e-11,4.15940441811e-11,2.44274305644e-11,1.21357285332e-10,5.97575738892e-11,1.22969082833e-11,9.01194483621e-12,3.48375278278e-12,1.9818775527e-12,1.66094807179e-12],"dvar2":[0.00000506528567712,0.000024677177862,0.0000110719447548,0.00000491890205012,6.73183194522e-7,4.83749317937e-7,1.77249106059e-7,4.40414964942e-7,1.95641746359e-7,1.90400427869e-7,6.53752110225e-8,2.82908931837e-8,1.74190599722e-8,2.39463577856e-8,8.21473467028e-9,2.34326265058e-8,1.15462333028e-8,2.8449504974e-9,3.09901881934e-9,4.14047018893e-9,3.04331959633e-9,2.83441203841e-9,2.53522269844e-9,1.43343570347e-9,1.31629096511e-9,5.53667334202e-10,3.88042514787e-10,2.0646553911e-10,7.22918253038e-11,3.31171950974e-10,1.75785830336e-10,9.93628165857e-11,5.63109871232e-11,2.48673526215e-10,1.19883034055e-10,2.30653291605e-11,1.93740665871e-11,6.49718083154e-12,3.80699204799e-12,3.55972413005e-12],"max":[0.0235814061016,0.0377392023802,0.0259130205959,0.0201143547893,0.00966918375343,0.00664441147819,0.00399914942682,0.00759170204401,0.0067262253724,0.00739865470678,0.00429788511246,0.00415102671832,0.00204480509274,0.0038101230748,0.00206646393053,0.00205837679096,0.00283985421993,0.00183910969645,0.00125770037994,0.00105040380731,0.000725582824089,0.000899537466466,0.00132421450689,0.00126838171855,0.00236344174482,0.00034105303348,0.000283291185042,0.000252118450589,0.000217241133214,0.000277198036201,0.00016767156194,0.000107642044895,0.0000989319232758,0.000235105777392,0.00023690443777,0.000184884484042,0.000170653569512,0.000138551200507,0.0000858875209815,0.0000494406485814],"mean":[0.000690487970132,0.00135393079836,0.000991468201391,0.000613441574387,0.000377999414923,0.000258530519204,0.000224565315875,0.00025447626831,0.000279502623016,0.000243681366555,0.000109148670163,0.000065736065153,0.0000482590949105,0.0000536017723789,0.0000372035465261,0.0000645221443847,0.0000320580002153,0.0000239682776737,0.0000245045102929,0.0000313087075483,0.0000280968979496,0.0000289080617222,0.0000256915409409,0.0000198193156393,0.0000191537019418,0.0000118904181363,0.0000108613039629,0.00000646657053949,0.00000356315786121,0.0000053859594118,0.00000426296264777,0.00000320079425364,0.00000251475785262,0.00000440455278294,0.00000338710697179,0.00000135192669859,0.00000110966163902,8.08561196664e-7,5.73714203256e-7,5.07481274781e-7],"median":[0.000329141505063,0.00063737644814,0.000451325933682,0.000320365041262,0.000181424431503,0.000116868570331,0.000120985496324,0.000119811564218,0.000092575144663,0.0000985661245068,0.0000426427868661,0.000024746535928,0.0000134400852403,0.0000162518263096,0.0000108936474135,0.0000156812948262,0.0000095106615845,0.00000755936753194,0.00000680011544318,0.00000909453501663,0.0000106553970909,0.0000109821721708,0.00000843135148898,0.00000755735345592,0.00000666367168378,0.00000357339149559,0.00000331245564666,0.00000200360091185,0.00000104791922695,9.73170585894e-7,8.90274066023e-7,7.61745980071e-7,5.76213039949e-7,5.03499279603e-7,3.9936330154e-7,2.41764695375e-7,1.97714356887e-7,1.47873237211e-7,1.0371187642e-7,7.30534281956e-8],"min":[1.06268083631e-24,2.01027376908e-24,1.05974370995e-24,1.77710107943e-24,2.65713596427e-24,2.3868288308e-24,1.75306172663e-24,2.97774165793e-24,2.72937728218e-24,3.77840983875e-24,1.69841378185e-24,1.81917379251e-24,2.18012853818e-24,4.6322669661e-24,2.72299007264e-24,2.74851623103e-24,3.438584338e-24,3.17343536876e-24,3.12391363936e-24,4.6824996564e-24,3.35782549169e-24,3.56535586319e-24,4.36215231469e-24,5.24297389107e-24,5.37787068359e-24,4.57714136605e-24,4.36321885463e-24,4.97771783397e-24,4.94340159573e-24,4.08640756299e-24,6.3400975778e-24,4.54532423916e-24,6.2030574502e-24,5.96184547906e-24,7.0032176046e-24,6.17006886487e-24,6.64844792286e-24,5.41039068554e-24,6.89545683836e-24,7.30261240624e-24],"var":[0.00000175572802164,0.00000710853373675,0.0000033415933558,0.00000134562390031,3.53585903667e-7,1.92467624061e-7,1.01927035701e-7,1.77398462142e-7,2.40824931552e-7,1.52756086891e-7,4.26645740959e-8,2.34066703797e-8,1.40266447346e-8,1.88059505746e-8,7.04817759711e-9,1.88225506292e-8,1.3551234801e-8,3.72966590945e-9,3.6142535631e-9,4.84638196241e-9,2.71031308507e-9,2.75823963669e-9,3.73812891752e-9,2.29854335565e-9,3.97658972418e-9,4.59761118066e-10,3.93233695606e-10,1.5674553322e-10,6.41132494317e-11,2.3442239816e-10,1.16244971982e-10,5.3047639198e-11,3.67770466858e-11,2.27988961043e-10,1.28922289511e-10,3.45934669799e-11,2.15598285752e-11,9.54438177797e-12,4.07600689312e-12,2.69370485119e-12]},"melbands_crest":{"dmean":2.61470413208,"dmean2":4.24655723572,"dvar":5.83622217178,"dvar2":15.3557548523,"max":27.7153205872,"mean":11.7234983444,"median":11.1261405945,"min":1.6209346056,"var":17.6844215393},"melbands_flatness_db":{"dmean":0.0215328298509,"dmean2":0.0320727974176,"dvar":0.000631862785667,"dvar2":0.00134337809868,"max":0.444772899151,"mean":0.190560087562,"median":0.190926507115,"min":0.00362780457363,"var":0.00450798170641},"melbands_kurtosis":{"dmean":5.52298641205,"dmean2":8.71288013458,"dvar":114.468833923,"dvar2":270.977264404,"max":250.041275024,"mean":11.1704368591,"median":5.22556591034,"min":-1.89466583729,"var":331.229125977},"melbands_skewness":{"dmean":0.617306530476,"dmean2":0.940151929855,"dvar":0.566257238388,"dvar2":1.27362918854,"max":12.6661453247,"mean":2.33518004417,"median":2.01617908478,"min":-1.86772704124,"var":2.55968260765},"melbands_spread":{"dmean":6.97896575928,"dmean2":10.5312547684,"dvar":96.9113922119,"dvar2":208.232345581,"max":194.307159424,"mean":27.9060058594,"median":21.2581157684,"min":0.973278641701,"var":537.481445313},"mfcc":{"cov":[[7794.25244141,-378.815765381,-172.831085205,-153.523590088,-122.506965637,-80.2559585571,-88.4234313965,-25.5530223846,-25.1343746185,0.858934104443,-86.6190719604,-115.986740112,-31.2603588104],[-378.815765381,1404.08728027,-180.213439941,110.282920837,23.4298534393,-78.1636276245,110.303031921,67.869468689,-32.9075317383,37.2078895569,71.4288330078,64.0436401367,-19.3798027039],[-172.831085205,-180.213439941,530.546813965,-27.52186203,-29.4148712158,87.1529388428,-12.1504869461,-23.574672699,-7.90835142136,-36.5255279541,1.23185813427,1.07220983505,-0.636218070984],[-153.523590088,110.282920837,-27.52186203,466.545928955,230.972396851,11.9680566788,-36.1052131653,16.9570045471,62.3403244019,20.4428882599,-54.5853614807,-44.3692626953,19.1553459167],[-122.506965637,23.4298534393,-29.4148712158,230.972396851,331.857177734,21.7821712494,-36.5100669861,25.9560432434,57.7034492493,41.9122085571,-35.242099762,-52.2653617859,1.73822033405],[-80.2559585571,-78.1636276245,87.1529388428,11.9680566788,21.7821712494,181.748947144,33.6924514771,12.6305913925,-1.87265694141,-1.81511330605,10.8376569748,-7.00866985321,-4.19360876083],[-88.4234313965,110.303031921,-12.1504869461,-36.1052131653,-36.5100669861,33.6924514771,200.04486084,36.2840003967,-18.9354858398,9.89513683319,17.1942234039,33.8401565552,5.00694131851],[-25.5530223846,67.869468689,-23.574672699,16.9570045471,25.9560432434,12.6305913925,36.2840003967,106.397468567,28.0139961243,9.59279441833,13.0337104797,6.60513210297,1.83912336826],[-25.1343746185,-32.9075317383,-7.90835142136,62.3403244019,57.7034492493,-1.87265694141,-18.9354858398,28.0139961243,94.8787002563,34.812084198,-10.2538642883,-8.08026599884,4.16712856293],[0.858934104443,37.2078895569,-36.5255279541,20.4428882599,41.9122085571,-1.81511330605,9.89513683319,9.59279441833,34.812084198,91.7125396729,19.5107288361,-3.89072370529,0.637984991074],[-86.6190719604,71.4288330078,1.23185813427,-54.5853614807,-35.242099762,10.8376569748,17.1942234039,13.0337104797,-10.2538642883,19.5107288361,82.1392288208,33.1793022156,-8.86310195923],[-115.986740112,64.0436401367,1.07220983505,-44.3692626953,-52.2653617859,-7.00866985321,33.8401565552,6.60513210297,-8.08026599884,-3.89072370529,33.1793022156,88.6065139771,16.4151992798],[-31.2603588104,-19.3798027039,-0.636218070984,19.1553459167,1.73822033405,-4.19360876083,5.00694131851,1.83912336826,4.16712856293,0.637984991074,-8.86310195923,16.4151992798,60.9720993042]],"icov":[[0.000137509909109,0.0000314982316922,0.0000488951009174,0.0000313303171424,0.0000744137869333,0.0000343846222677,0.0000418554445787,-0.0000547350864508,0.0000664836989017,-0.0000821097855805,0.000137305236422,0.00014962995192,0.0000456279485661],[0.0000314982316922,0.000942096055951,0.000191965693375,-0.000447030470241,0.0000125941232909,0.000491652695928,-0.000373862567358,-0.000476558081573,0.000683875521645,-0.000268235395197,-0.000597163336352,-0.000465448945761,0.000531140540261],[0.0000488951009174,0.000191965693375,0.00221771933138,0.0000176679677679,0.000146311489516,-0.00101801531855,0.000134362751851,0.000455318571767,-0.0002937799145,0.000811133126263,-0.000239483924815,-0.0000739712268114,0.0000014112952158],[0.0000313303171424,-0.000447030470241,0.0000176679677679,0.00373944593593,-0.00215522688814,-0.000337972131092,0.000235032173805,0.000309280672809,-0.00129606132396,0.000506252632476,0.00134929502383,0.000433405133663,-0.00112834211905],[0.0000744137869333,0.0000125941232909,0.000146311489516,-0.00215522688814,0.005378538277,-0.000591244723182,0.000607201713137,-0.000951456662733,-0.000561862194445,-0.00180701073259,0.00083697354421,0.00147489726078,0.000287512026262],[0.0000343846222677,0.000491652695928,-0.00101801531855,-0.000337972131092,-0.000591244723182,0.00679115904495,-0.0015177075984,-0.000627703673672,0.000452301930636,0.000336517725373,-0.00171518162824,0.000981199555099,0.000349046022166],[0.0000418554445787,-0.000373862567358,0.000134362751851,0.000235032173805,0.000607201713137,-0.0015177075984,0.00657857954502,-0.00238715019077,0.00199667667039,-0.00177862285636,0.00149216968566,-0.00209203502163,-0.0000974425056484],[-0.0000547350864508,-0.000476558081573,0.000455318571767,0.000309280672809,-0.000951456662733,-0.000627703673672,-0.00238715019077,0.0122483316809,-0.00486280256882,0.00214092084207,-0.00263627432287,0.000575411249883,-0.000689605891239],[0.0000664836989017,0.000683875521645,-0.0002937799145,-0.00129606132396,-0.000561862194445,0.000452301930636,0.00199667667039,-0.00486280256882,0.0163312684745,-0.00646919151768,0.0030253531877,-0.00177899491973,0.000555664999411],[-0.0000821097855805,-0.000268235395197,0.000811133126263,0.000506252632476,-0.00180701073259,0.000336517725373,-0.00177862285636,0.00214092084207,-0.00646919151768,0.0158733259887,-0.00602317973971,0.00242769764736,-0.0013748985948],[0.000137305236422,-0.000597163336352,-0.000239483924815,0.00134929502383,0.00083697354421,-0.00171518162824,0.00149216968566,-0.00263627432287,0.0030253531877,-0.00602317973971,0.0193217173219,-0.00663861492649,0.00372154638171],[0.00014962995192,-0.000465448945761,-0.0000739712268114,0.000433405133663,0.00147489726078,0.000981199555099,-0.00209203502163,0.000575411249883,-0.00177899491973,0.00242769764736,-0.00663861492649,0.0171937420964,-0.00552609097213],[0.0000456279485661,0.000531140540261,0.0000014112952158,-0.00112834211905,0.000287512026262,0.000349046022166,-0.0000974425056484,-0.000689605891239,0.000555664999411,-0.0013748985948,0.00372154638171,-0.00552609097213,0.0189974196255]],"mean":[-658.110229492,125.379379272,-3.16246318817,30.9053707123,1.49113154411,-1.6591104269,-6.14213085175,7.93445587158,-0.99956536293,2.62741041183,3.11705064774,0.590953052044,-2.93503499031]},"pitch_salience":{"dmean":0.060315284878,"dmean2":0.0995261445642,"dvar":0.00295343832113,"dvar2":0.00799695774913,"max":0.99648052454,"mean":0.597503662109,"median":0.602106928825,"min":0.154363721609,"var":0.00922985747457},"silence_rate_20dB":{"dmean":0,"dmean2":0,"dvar":0,"dvar2":0,"max":1,"mean":1,"median":1,"min":1,"var":0},"silence_rate_30dB":{"dmean":0.00717043597251,"dmean2":0.0143421897665,"dvar":0.00711906095967,"dvar2":0.020384805277,"max":1,"mean":0.995955526829,"median":1,"min":0,"var":0.00402818899602},"silence_rate_60dB":{"dmean":0.0158117301762,"dmean2":0.0316263660789,"dvar":0.0155606362969,"dvar2":0.0352279022336,"max":1,"mean":0.066274471581,"median":0,"min":0,"var":0.0618839710951},"spectral_centroid":{"dmean":224.138473511,"dmean2":343.204559326,"dvar":75216.1171875,"dvar2":159259.21875,"max":11514.6660156,"mean":1474.85083008,"median":1318.88623047,"min":214.423828125,"var":906468.5625},"spectral_complexity":{"dmean":3.42801976204,"dmean2":5.19886016846,"dvar":25.2677078247,"dvar2":48.2931632996,"max":60,"mean":17.8534793854,"median":16,"min":0,"var":101.438461304},"spectral_contrast_coeffs":{"dmean":[0.0462608151138,0.0412287078798,0.0392155982554,0.0299405641854,0.0201138071716,0.0159432608634],"dmean2":[0.0760140344501,0.0669630095363,0.0637141317129,0.0488818660378,0.032624501735,0.0250282250345],"dvar":[0.00183165736962,0.00110515253618,0.00107418361586,0.000605159089901,0.000302096741507,0.000236320964177],"dvar2":[0.00479332357645,0.0029640502762,0.00271534314379,0.00151155004278,0.000718752271496,0.000527449126821],"max":[-0.30558681488,-0.464419841766,-0.499839454889,-0.518759310246,-0.506011486053,-0.559406995773],"mean":[-0.654147624969,-0.734948575497,-0.737990379333,-0.76719135046,-0.776786148548,-0.755686223507],"median":[-0.656478345394,-0.73744314909,-0.742331266403,-0.77175706625,-0.783027172089,-0.757673978806],"min":[-0.975249111652,-0.976556420326,-0.977093875408,-0.97001427412,-0.979901790619,-0.965149044991],"var":[0.0055877994746,0.00431606639177,0.00604339828715,0.00405428558588,0.00303295999765,0.00193767610472]},"spectral_contrast_valleys":{"dmean":[0.391343832016,0.352696627378,0.338363081217,0.269650906324,0.229784309864,0.278759390116],"dmean2":[0.623844921589,0.56784671545,0.54444038868,0.420077055693,0.339720666409,0.35319763422],"dvar":[0.162946358323,0.136486262083,0.14315122366,0.101184919477,0.117014400661,0.182033672929],"dvar2":[0.342668563128,0.301937997341,0.304049193859,0.191704958677,0.207875162363,0.293944865465],"max":[-5.00918245316,-4.43794822693,-5.44050884247,-5.7309384346,-5.50307035446,-7.40363407135],"mean":[-7.37119102478,-6.82209539413,-7.75972270966,-8.04484081268,-7.76874732971,-10.5365486145],"median":[-7.11951494217,-6.59666347504,-7.56502008438,-7.8555855751,-7.61273860931,-10.4275455475],"min":[-28.0979137421,-27.8588752747,-27.8701400757,-27.8935871124,-27.4620838165,-27.4238262177],"var":[3.02149271965,2.96438336372,2.77688455582,2.66329574585,2.79670095444,2.62683796883]},"spectral_decrease":{"dmean":2.49790232942e-9,"dmean2":4.0297427617e-9,"dvar":2.59863934497e-17,"dvar2":6.57278972049e-17,"max":3.65485385109e-19,"mean":-5.17880982542e-9,"median":-3.85978893291e-9,"min":-4.78856634345e-8,"var":2.72731837347e-17},"spectral_energy":{"dmean":0.0099241277203,"dmean2":0.0158516690135,"dvar":0.000397208030336,"dvar2":0.000998815521598,"max":0.189938753843,"mean":0.0213027317077,"median":0.0160745196044,"min":9.88994831048e-21,"var":0.000434428424342},"spectral_energyband_high":{"dmean":0.000478011410451,"dmean2":0.000641793594696,"dvar":0.00000244796729021,"dvar2":0.00000443309636466,"max":0.0246435534209,"mean":0.000890250550583,"median":0.000209561490919,"min":6.96250603945e-21,"var":0.00000505247271576},"spectral_energyband_low":{"dmean":0.00512801855803,"dmean2":0.00836959015578,"dvar":0.000186395904166,"dvar2":0.000481029273942,"max":0.136454969645,"mean":0.00667805690318,"median":0.00344409607351,"min":1.5234082638e-23,"var":0.000157200309332},"spectral_energyband_middle_high":{"dmean":0.00145091523882,"dmean2":0.00222933921032,"dvar":0.00000536429388376,"dvar2":0.0000126032145999,"max":0.047950796783,"mean":0.00436675641686,"median":0.00266127684154,"min":1.13599282305e-21,"var":0.000023634869649},"spectral_energyband_middle_low":{"dmean":0.00539481174201,"dmean2":0.0088651003316,"dvar":0.000126207116409,"dvar2":0.000326091481838,"max":0.145706504583,"mean":0.0103996982798,"median":0.00758712133393,"min":1.59532666149e-22,"var":0.000131435212097},"spectral_entropy":{"dmean":0.125026077032,"dmean2":0.181348964572,"dvar":0.0212226565927,"dvar2":0.0389830879867,"max":9.81957530975,"mean":7.53621864319,"median":7.53577232361,"min":5.69756603241,"var":0.21049644053},"spectral_flux":{"dmean":0.0252086222172,"dmean2":0.0389197096229,"dvar":0.00174781202804,"dvar2":0.00359794870019,"max":0.378387480974,"mean":0.0730873048306,"median":0.0580614693463,"min":6.47882511529e-11,"var":0.00311908684671},"spectral_kurtosis":{"dmean":1.44551968575,"dmean2":2.47727489471,"dvar":3.50451135635,"dvar2":10.0652036667,"max":33.6185760498,"mean":4.86776208878,"median":4.25141954422,"min":-1.26977431774,"var":9.84864044189},"spectral_rms":{"dmean":0.00085537036648,"dmean2":0.00130098685622,"dvar":0.00000192920492736,"dvar2":0.00000455240751762,"max":0.0136127183214,"mean":0.00415481673554,"median":0.00396010838449,"min":3.10624052521e-12,"var":0.00000352062193087},"spectral_rolloff":{"dmean":482.205780029,"dmean2":779.556030273,"dvar":884349,"dvar2":1741207.125,"max":19358.3496094,"mean":1835.29675293,"median":1162.79296875,"min":21.533203125,"var":4928069.5},"spectral_skewness":{"dmean":0.186811819673,"dmean2":0.306604593992,"dvar":0.0428982451558,"dvar2":0.111663393676,"max":4.30103683472,"mean":1.53778660297,"median":1.49491584301,"min":-0.0904887989163,"var":0.237380579114},"spectral_spread":{"dmean":432527,"dmean2":593377.5625,"dvar":462785085440,"dvar2":820809695232,"max":42329268,"mean":4467505.5,"median":4017258.75,"min":1619092.875,"var":8056951275520},"spectral_strongpeak":{"dmean":0.585427641869,"dmean2":0.995323061943,"dvar":1.2068002224,"dvar2":3.04628896713,"max":24.4893493652,"mean":0.987895429134,"median":0.423695802689,"min":0,"var":2.56777834892},"zerocrossingrate":{"dmean":0.0101212197915,"dmean2":0.0115730334073,"dvar":0.000222501359531,"dvar2":0.000235067636822,"max":0.51708984375,"mean":0.070299886167,"median":0.0556640625,"min":0.00390625,"var":0.0031427280046}},"metadata":{"audio_properties":{"analysis_sample_rate":44100,"bit_rate":256026,"codec":"mp3","downmix":"mix","equal_loudness":0,"length":252.577957153,"lossless":false,"md5_encoded":"e8ee7ef851dd781f606a5d00c9ff00a9","replay_gain":-6.54575157166,"sample_rate":44100},"tags":{"album":["American Dream"],"albumartist":["Crosby, Stills, Nash & Young"],"albumartistsort":["Crosby, Stills, Nash & Young"],"artist":["Crosby, Stills, Nash & Young"],"artistsort":["Crosby, Stills, Nash & Young"],"asin":["B000002IMV"],"barcode":["075678188824"],"catalognumber":["7 81888-2"],"date":["1988"],"discnumber":["01/01"],"file_name":"Crosby,_Stills,_Nash_&_Young-American_Dream-03-Name_of_Love.mp3","genre":["Rock"],"label":["Atlantic"],"language":["eng"],"media":["(CD)"],"musicbrainz album release country":["United States"],"musicbrainz album status":["Official"],"musicbrainz album type":["Album"],"musicbrainz_albumartistid":["46a782ea-4308-476b-abd1-a91b197f3037"],"musicbrainz_albumid":["21b59084-8dd2-4f42-9bef-a11827c0dc0a"],"musicbrainz_artistid":["46a782ea-4308-476b-abd1-a91b197f3037"],"musicbrainz_recordingid":["67851623-a018-4dd9-a101-216d56e43768"],"musicbrainz_releasegroupid":["c6156273-c3ff-3d0c-98df-b2f85787b668"],"script":["Latin"],"title":["Name of Love"],"tracknumber":["03/14"]},"version":{"essentia":"2.1-beta2","essentia_build_sha":"2d9f1f26377add8aeb1075a9c2973f962c4f09fd","essentia_git_sha":"v2.1_beta2-1-ge3940c0","extractor":"music 1.0"}},"rhythm":{"beats_count":490,"beats_loudness":{"dmean":0.0208227280527,"dmean2":0.0382713265717,"dvar":0.000677036470734,"dvar2":0.00255439965986,"max":0.15013115108,"mean":0.0406183153391,"median":0.0371997430921,"min":0,"var":0.00050499883946},"beats_loudness_band_ratio":{"dmean":[0.419753819704,0.119645863771,0.153645142913,0.0606774911284,0.0530710555613,0.159016862