{"lowlevel":{"average_loudness":0.949761152267,"barkbands":{"dmean":[0.00154509989079,0.00927971862257,0.0031219588127,0.0037858330179,0.00390035938472,0.00160281418357,0.00104780413676,0.000422753510065,0.000891968549695,0.000894977420103,0.00041643352597,0.000911234121304,0.000472525833175,0.000551712291781,0.000620583537966,0.000331023155013,0.000258246203884,0.00020317111921,0.000229348574067,0.000112776127935,0.0000587806316616,0.0000285054065898,0.0000144727846418,0.00000550494769413,0.0000026933225854,0.0000149975658132,0.000430730608059],"dmean2":[0.0026421493385,0.0157334823161,0.00539804203436,0.00619902741164,0.00642489548773,0.00263172807172,0.00172294816002,0.000683766382281,0.00143752829172,0.00148301757872,0.000690964399837,0.00154901796486,0.000799212255515,0.000923319370486,0.00102659303229,0.000541239278391,0.000425413221819,0.000315522833262,0.000350411661202,0.000171001636772,0.0000852705124998,0.0000421416953031,0.0000217553006223,0.00000884108976607,0.00000450871311841,0.0000226862193813,0.000692898815032],"dvar":[0.00000450939478469,0.000160373485414,0.0000194680469576,0.0000220925630856,0.0000288278206426,0.0000060149386627,0.00000234146591538,0.0000011836638123,0.00000300174679069,0.00000279132837022,6.96551921919e-7,9.07809976525e-7,2.61880160224e-7,4.35910152419e-7,7.56111489864e-7,1.93280939698e-7,1.04426661096e-7,1.0868808431e-7,2.18516660766e-7,7.70578125753e-8,6.80653444718e-9,1.72275971266e-9,5.34023991694e-10,6.95514132398e-11,1.46314245442e-11,6.35723529374e-10,1.5609515458e-7],"dvar2":[0.0000122554120026,0.000431223714259,0.0000528601340193,0.0000562238346902,0.0000744403951103,0.0000147083692354,0.00000574755540583,0.00000268787516688,0.00000697081259204,0.00000671775524097,0.0000016941839931,0.00000246151785177,7.28790155335e-7,0.00000114613351343,0.00000186486568055,4.7145513804e-7,2.73070071444e-7,2.48587895157e-7,4.74995829336e-7,1.66601665796e-7,1.38915989822e-8,3.64565266864e-9,1.1515012277e-9,1.67180491673e-10,3.66470465085e-11,1.38036670982e-9,3.83782008839e-7],"max":[0.0397443436086,0.147666931152,0.0818707793951,0.089050129056,0.0851798132062,0.0570091791451,0.0287637542933,0.0412193648517,0.0527579300106,0.043905466795,0.0356967709959,0.0146231409162,0.00923816487193,0.0111933434382,0.0211733821779,0.00969616882503,0.00559278950095,0.00891135260463,0.0106904739514,0.0113781057298,0.00143061100971,0.000870938005392,0.000488989404403,0.000151372121763,0.0000463613250758,0.000565547903534,0.00723998015746],"mean":[0.00195869989693,0.0125477695838,0.0036972425878,0.00539986556396,0.00605558883399,0.00255394284613,0.0016436179867,0.000629176036455,0.00141270214226,0.00134858232923,0.000664418621454,0.00172778882552,0.000889789080247,0.00106705061626,0.001190289855,0.00064930744702,0.000536771316547,0.00039992731763,0.000462432828499,0.000226554926485,0.000139970259625,0.0000669000146445,0.0000320481922245,0.00000899045880942,0.00000286287490781,0.0000336184129992,0.0017425728729],"median":[0.00127327430528,0.00825602654368,0.00239199469797,0.00337753933854,0.00406213989481,0.00166186632123,0.000989622087218,0.000272969598882,0.000710460997652,0.000768413068727,0.000399072509026,0.00142065726686,0.000724702200387,0.000805446703453,0.000851782504469,0.000479666923638,0.000407540355809,0.00024233055592,0.000278933759546,0.000133751454996,0.0000955040231929,0.0000441795928054,0.0000160819763551,0.00000470578561362,0.00000143523072893,0.0000159483279276,0.00165271910373],"min":[1.1643708988e-25,1.71310454127e-24,9.03249089137e-25,1.67116238467e-24,7.69626030883e-24,7.69057893259e-24,5.96065863783e-24,4.17980869417e-24,1.7666270182e-23,1.26693704063e-23,1.39079459252e-23,2.48886294018e-23,1.40470599681e-23,3.01867943683e-23,4.00977619471e-23,4.97272040014e-23,4.53372025301e-23,1.03769010149e-22,9.44452043634e-23,1.442146282e-22,1.86337086858e-22,3.10018877386e-22,4.46072240962e-22,5.80205100575e-22,8.41980854825e-22,1.17079751765e-21,1.85392803946e-21],"var":[0.00000570351585338,0.000202958035516,0.0000190418177226,0.0000393874834117,0.0000434012799815,0.00000969616849034,0.00000455641611552,0.00000255997952081,0.00000538642143511,0.00000441961310571,0.00000116641297154,0.00000160859690368,4.29341639574e-7,8.46983311931e-7,0.00000137199981509,3.63973811091e-7,2.07964490073e-7,2.0883716445e-7,4.26239154194e-7,1.32598827918e-7,1.9098795434e-8,5.11207165488e-9,1.7138188646e-9,1.3703049806e-10,1.59151997137e-11,1.93702298645e-9,5.43933765584e-7]},"barkbands_crest":{"dmean":2.91440963745,"dmean2":4.88929653168,"dvar":7.11595821381,"dvar2":18.7590789795,"max":23.6145401001,"mean":8.48335838318,"median":7.63076543808,"min":2.43365097046,"var":12.7227306366},"barkbands_flatness_db":{"dmean":0.0200614761561,"dmean2":0.0319813117385,"dvar":0.000281852000626,"dvar2":0.000730815168936,"max":0.254134356976,"mean":0.111434683204,"median":0.108715221286,"min":0.0297681223601,"var":0.000916528340895},"barkbands_kurtosis":{"dmean":2.25565552711,"dmean2":3.68773698807,"dvar":7.41757059097,"dvar2":19.3412837982,"max":44.7985153198,"mean":3.52799725533,"median":2.59213733673,"min":-1.8488162756,"var":13.5030784607},"barkbands_skewness":{"dmean":0.487667620182,"dmean2":0.785102069378,"dvar":0.196265906096,"dvar2":0.505865871906,"max":6.43118429184,"mean":1.73832309246,"median":1.677059412,"min":-2.25785970688,"var":0.63024187088},"barkbands_spread":{"dmean":8.02979660034,"dmean2":12.904209137,"dvar":48.6000099182,"dvar2":122.496025085,"max":123.153068542,"mean":37.2668800354,"median":36.2969093323,"min":6.98964834213,"var":152.327194214},"dissonance":{"dmean":0.0111906351522,"dmean2":0.0192544143647,"dvar":0.000111635155918,"dvar2":0.000310832896503,"max":0.500000059605,"mean":0.482193619013,"median":0.485562413931,"min":0.3881714046,"var":0.000176171161002},"dynamic_complexity":1.11511147022,"erbbands":{"dmean":[0.284990549088,2.13136196136,3.6736779213,7.96017742157,12.6281728745,15.0200080872,11.7000074387,13.6763982773,17.2913341522,8.91187286377,10.8181915283,20.1274452209,28.0909290314,20.0262775421,18.8310642242,35.4132232666,20.6654624939,22.9158420563,32.1859359741,22.3830795288,16.5904808044,13.0119829178,10.5561790466,11.5702829361,10.2433748245,5.2623257637,2.9534201622,2.09785747528,1.1804330349,0.617662489414,0.355543941259,0.189233705401,0.0547268949449,0.0295800808817,0.0196055993438,0.014112601988,0.0343275927007,0.033841650933,0.0212831739336,0.0102023808286],"dmean2":[0.486699134111,3.62464380264,6.34299087524,13.0876722336,20.8448600769,25.1763706207,19.4907951355,22.5801353455,28.5039196014,14.5390777588,17.1497802734,32.1936225891,46.8236274719,33.0109710693,31.3429012299,59.9748344421,34.6810760498,38.2935409546,53.202255249,36.5361366272,26.9101676941,21.0290164948,16.4921302795,17.9420375824,15.5959720612,7.88153171539,4.36063909531,3.09763503075,1.75807654858,0.909147918224,0.535826921463,0.295587927103,0.090130507946,0.0495849810541,0.0327445119619,0.0230622347444,0.0523970723152,0.0481278337538,0.0297967847437,0.0165873356164],"dvar":[0.167849034071,8.27806663513,25.4899940491,92.2014923096,373.850189209,413.086608887,239.021438599,514.416931152,666.576904297,187.558578491,850.150146484,2120.37963867,2724.84545898,1482.49963379,670.60925293,1391.11425781,462.473571777,789.061767578,1772.47888184,972.483703613,422.974761963,287.939453125,249.760147095,431.526184082,563.14642334,178.813415527,20.0310096741,8.22528553009,3.01480078697,0.822632074356,0.337104737759,0.10424875468,0.00530582014471,0.0018035734538,0.000756969267968,0.000320146296872,0.00377667322755,0.00272818072699,0.000933213683311,0.0000886773414095],"dvar2":[0.461456686258,22.1477985382,69.5771713257,241.555465698,928.921691895,1080.85021973,618.781677246,1250.85168457,1653.67895508,455.029388428,1867.49938965,4862.03173828,6716.92431641,3726.88305664,1626.56030273,3777.90551758,1262.71386719,2100.16918945,4490.22949219,2294.51904297,1043.58691406,729.951293945,566.090148926,962.619140625,1178.85253906,380.758483887,42.7579574585,17.2293357849,6.50801229477,1.71018362045,0.73591375351,0.241843923926,0.0128503795713,0.00452505704015,0.0018905363977,0.000771445513237,0.00843291264027,0.00523037882522,0.00170857540797,0.000223409020691],"max":[5.13919401169,34.9274139404,87.2009887695,201.573059082,455.684814453,359.784240723,397.429107666,504.016876221,512.222717285,310.551269531,1022.83422852,1626.07983398,1179.13256836,879.043273926,1223.8671875,592.282348633,318.110351562,504.506591797,1007.31695557,669.851989746,379.910003662,323.575958252,368.747131348,486.373352051,566.002746582,654.270202637,106.834815979,58.1166114807,34.9739112854,15.1978540421,13.3767061234,6.35424518585,0.888917982578,0.522637248039,0.327365458012,0.225177899003,1.25439465046,0.91712808609,0.725364208221,0.174553543329],"mean":[0.356103271246,2.7654030323,4.90591239929,12.1162748337,19.1760482788,21.2369823456,18.5473194122,21.2438201904,26.2715301514,15.159031868,17.5110168457,32.137386322,43.7682647705,33.5976371765,35.9805412292,69.6680831909,45.229888916,47.7819366455,66.7210464478,47.1003723145,35.8503494263,28.8773403168,21.9682102203,22.998960495,20.6236057281,10.8292751312,6.73849201202,4.95550489426,2.78305053711,1.47511339188,0.777593851089,0.35400480032,0.0743710920215,0.0319356620312,0.0213659312576,0.0199229680002,0.0752858743072,0.101213477552,0.0769966691732,0.0526675209403],"median":[0.228381872177,1.73418474197,3.42772173882,8.33101844788,12.3337984085,13.944442749,13.0856552124,13.4959421158,15.5786533356,9.04215717316,7.32291221619,15.2016000748,26.4737224579,19.4847049713,27.409122467,57.2554588318,38.5040855408,36.6658973694,50.0030670166,35.0368156433,27.8887214661,21.5877437592,14.3050823212,13.2556505203,12.1723051071,6.39641618729,4.44272184372,3.42012047768,1.83771419525,0.87756383419,0.388989150524,0.164758831263,0.0438075773418,0.0161753185093,0.0110782952979,0.0131536899135,0.0337827391922,0.0608614310622,0.0594570077956,0.051393263042],"min":[5.97096707771e-23,2.91332441237e-22,1.23628847233e-21,7.29403017388e-21,6.31434419434e-21,2.61158545439e-20,4.064465354e-20,7.7039110921e-20,7.45431515837e-20,1.62693010654e-19,1.49720530977e-19,4.13708386309e-19,4.59693321115e-19,3.68206886872e-19,8.57103354224e-19,1.294966345e-18,1.22568407503e-18,2.08194639337e-18,2.26485112285e-18,3.44158109827e-18,3.28844990776e-18,3.2427490061e-18,5.91187720871e-18,6.51501636594e-18,6.33649300537e-18,8.18764546129e-18,5.92074706642e-18,8.79461984143e-18,1.12680520004e-17,1.01718705982e-17,1.25222356528e-17,1.12442035561e-17,9.59468878223e-18,8.31458046219e-18,6.03186885555e-18,3.8965463584e-18,1.9340657318e-18,8.88661225171e-19,2.46391229236e-19,2.48910197765e-20],"var":[0.177137821913,10.9322557449,26.06366539,159.808181763,571.875671387,592.820617676,353.377502441,803.982666016,1197.16223145,400.572662354,1780.74133301,3676.51513672,4148.09033203,2289.40429688,1237.60668945,2502.71777344,873.71484375,1602.41369629,3389.29638672,2013.71972656,833.964355469,618.354492188,506.968200684,850.553161621,1091.08972168,310.043884277,49.6083145142,23.5042095184,8.84117698669,2.9374358654,1.02881276608,0.237818866968,0.00791668891907,0.00194004795048,0.000834278005641,0.000462502241135,0.0104263657704,0.0127035863698,0.0040575186722,0.000304953020532]},"erbbands_crest":{"dmean":2.05558156967,"dmean2":3.44097042084,"dvar":3.74659276009,"dvar2":9.82528018951,"max":25.1853752136,"mean":6.69624137878,"median":6.09117412567,"min":2.63484573364,"var":7.05977249146},"erbbands_flatness_db":{"dmean":0.0156721360981,"dmean2":0.0242992285639,"dvar":0.000172721454874,"dvar2":0.000419112853706,"max":0.282462656498,"mean":0.135161474347,"median":0.132942825556,"min":0.0464168041945,"var":0.000896371086128},"erbbands_kurtosis":{"dmean":0.599758803844,"dmean2":0.977485895157,"dvar":0.350786358118,"dvar2":0.893131434917,"max":6.0844912529,"mean":-0.0368415787816,"median":-0.217726737261,"min":-1.71047854424,"var":0.767413079739},"erbbands_skewness":{"dmean":0.259536683559,"dmean2":0.413808196783,"dvar":0.0478114336729,"dvar2":0.117544025183,"max":1.79105472565,"mean":-0.285180836916,"median":-0.302535295486,"min":-1.98622238636,"var":0.17129445076},"erbbands_spread":{"dmean":6.29050827026,"dmean2":10.0191164017,"dvar":28.7616691589,"dvar2":71.5883865356,"max":95.73387146,"mean":32.6781845093,"median":31.949798584,"min":6.02638339996,"var":99.4309310913},"gfcc":{"cov":[[17272.0058594,1137.50585938,-1273.74865723,184.23588562,35.8022727966,-405.843566895,118.12487793,-364.756896973,-24.6353054047,-179.222167969,-116.790855408,-17.4174747467,-140.819320679],[1137.50585938,675.395812988,-182.270355225,-212.170028687,131.216705322,-99.4342803955,-13.7111320496,-23.3163909912,26.3450908661,-10.0465221405,17.1097393036,-94.6022338867,105.964202881],[-1273.74865723,-182.270355225,280.232391357,64.9054107666,-39.1302375793,130.638870239,-47.616268158,55.5310783386,-9.81989383698,23.5169620514,4.4820432663,15.5152111053,-23.280418396],[184.23588562,-212.170028687,64.9054107666,232.749969482,16.8984279633,-7.08092546463,76.885848999,-36.8710327148,-2.44035053253,-18.3159885406,-15.2483463287,51.2328529358,-76.9866790771],[35.8022727966,131.216705322,-39.1302375793,16.8984279633,142.312591553,0.582226037979,41.8502120972,-18.7534561157,0.429049015045,-10.1492872238,15.2709150314,-10.2842760086,28.8099727631],[-405.843566895,-99.4342803955,130.638870239,-7.08092546463,0.582226037979,181.547302246,-36.6806106567,43.5878868103,-12.8279790878,17.0805263519,13.4745988846,16.6883544922,5.42554950714],[118.12487793,-13.7111320496,-47.616268158,76.885848999,41.8502120972,-36.6806106567,141.700317383,-40.3851013184,33.7699317932,-14.6876192093,-4.2394900322,35.6773223877,-38.9624633789],[-364.756896973,-23.3163909912,55.5310783386,-36.8710327148,-18.7534561157,43.5878868103,-40.3851013184,112.619003296,1.46778070927,31.1593856812,12.1424770355,-24.8391170502,43.2536125183],[-24.6353054047,26.3450908661,-9.81989383698,-2.44035053253,0.429049015045,-12.8279790878,33.7699317932,1.46778070927,77.0695571899,25.0417900085,2.65645861626,11.4901371002,-18.2778320312],[-179.222167969,-10.0465221405,23.5169620514,-18.3159885406,-10.1492872238,17.0805263519,-14.6876192093,31.1593856812,25.0417900085,60.1736221313,28.6187896729,-3.41891312599,12.5360660553],[-116.790855408,17.1097393036,4.4820432663,-15.2483463287,15.2709150314,13.4745988846,-4.2394900322,12.1424770355,2.65645861626,28.6187896729,51.4442443848,16.1939620972,16.9583244324],[-17.4174747467,-94.6022338867,15.5152111053,51.2328529358,-10.2842760086,16.6883544922,35.6773223877,-24.8391170502,11.4901371002,-3.41891312599,16.1939620972,70.6883850098,-16.8677120209],[-140.819320679,105.964202881,-23.280418396,-76.9866790771,28.8099727631,5.42554950714,-38.9624633789,43.2536125183,-18.2778320312,12.5360660553,16.9583244324,-16.8677120209,97.7405853271]],"icov":[[0.000249189208262,-0.00112190295476,0.00185061944649,-0.00168784835842,0.00104287907016,-0.00109331170097,0.000758101523388,-0.000461165618617,0.000639678852167,-0.000604105996899,0.000705536454916,-0.000843720219564,0.000875310390256],[-0.00112190295476,0.00970800872892,-0.00843817833811,0.0103675508872,-0.0071812341921,0.00615248596296,-0.00375116174109,0.00488484976813,-0.00673573929816,0.00633657537401,-0.00668272562325,0.00939021725208,-0.00715905847028],[0.00185061944649,-0.00843817833811,0.0213476493955,-0.0159006547183,0.00914305448532,-0.0128155518323,0.00802070274949,-0.00551332021132,0.00430435501039,-0.00521503901109,0.00508143659681,-0.00593098299578,0.00759689090773],[-0.00168784835842,0.0103675508872,-0.0159006547183,0.0246184300631,-0.0145222032443,0.0124627565965,-0.00757451960817,0.00139681063592,0.000382842204999,0.000810233410448,0.0010571643943,-0.00156681798398,0.00139715033583],[0.00104287907016,-0.0071812341921,0.00914305448532,-0.0145222032443,0.021468648687,-0.0103709222749,-0.00173435849138,0.00322449626401,-0.00129193335306,0.00417689047754,-0.00751532847062,0.00743908295408,-0.00603319332004],[-0.00109331170097,0.00615248596296,-0.0128155518323,0.0124627565965,-0.0103709222749,0.0164500679821,-0.00192683341447,-0.00138164113741,0.000509015168063,-0.000157528775162,0.000332702358719,-0.00332998787053,-0.0000112398156489],[0.000758101523388,-0.00375116174109,0.00802070274949,-0.00757451960817,-0.00173435849138,-0.00192683341447,0.0168281663209,-0.00330999353901,-0.00194635277148,-0.00116928794887,0.00461688591167,-0.00963372830302,0.0072168475017],[-0.000461165618617,0.00488484976813,-0.00551332021132,0.00139681063592,0.00322449626401,-0.00138164113741,-0.00330999353901,0.0211938433349,-0.0084838103503,0.00317192263901,-0.0091235358268,0.0165045130998,-0.0153075605631],[0.000639678852167,-0.00673573929816,0.00430435501039,0.000382842204999,-0.00129193335306,0.000509015168063,-0.00194635277148,-0.0084838103503,0.03013545461,-0.0221580006182,0.0171757750213,-0.0186741705984,0.015156539157],[-0.000604105996899,0.00633657537401,-0.00521503901109,0.000810233410448,0.00417689047754,-0.000157528775162,-0.00116928794887,0.00317192263901,-0.0221580006182,0.0448420234025,-0.0312885008752,0.021257488057,-0.0122340684757],[0.000705536454916,-0.00668272562325,0.00508143659681,0.0010571643943,-0.00751532847062,0.000332702358719,0.00461688591167,-0.0091235358268,0.0171757750213,-0.0312885008752,0.0500261709094,-0.0303355380893,0.0116892112419],[-0.000843720219564,0.00939021725208,-0.00593098299578,-0.00156681798398,0.00743908295408,-0.00332998787053,-0.00963372830302,0.0165045130998,-0.0186741705984,0.021257488057,-0.0303355380893,0.0477348826826,-0.0199120528996],[0.000875310390256,-0.00715905847028,0.00759689090773,0.00139715033583,-0.00603319332004,-0.0000112398156489,0.0072168475017,-0.0153075605631,0.015156539157,-0.0122340684757,0.0116892112419,-0.0199120528996,0.0325325578451]],"mean":[37.7164955139,97.3806533813,-98.5972290039,-0.267863631248,2.71049380302,-22.8439445496,3.98370933533,-27.7292976379,-3.36927604675,-11.884144783,-5.50373983383,-2.3311958313,-7.02991962433]},"hfc":{"dmean":128.406066895,"dmean2":214.683761597,"dvar":30615.4199219,"dvar2":83444.4140625,"max":4296.94091797,"mean":387.460510254,"median":347.530212402,"min":1.09716091631e-16,"var":40452.859375},"melbands":{"dmean":[0.0025605307892,0.00217018136755,0.00144870975055,0.000980565906502,0.000426360376878,0.000308465620037,0.000243723523454,0.0000906433269847,0.0000967852392932,0.000133801877382,0.000144922538311,0.0000885770568857,0.0000563812282053,0.0001033256558,0.0000879305953276,0.00003767666567,0.0000484346346639,0.0000548422249267,0.0000469220321975,0.0000257303399849,0.0000207647972275,0.0000159096034622,0.0000106948591565,0.00000977441413852,0.0000100670704342,0.00000927289602259,0.00000570833572056,0.00000340491146744,0.00000213990824705,0.00000161416460287,0.00000122910239497,7.29126952592e-7,5.0893874004e-7,3.49643698883e-7,2.10476613915e-7,1.7774991079e-7,1.11213651621e-7,4.03999358412e-8,2.66912607572e-8,2.42187372379e-8],"dmean2":[0.00433347932994,0.00369363185018,0.00237730005756,0.00161664478946,0.00071071612183,0.000506134703755,0.000400867895223,0.000148260049173,0.000153353568749,0.000215491265408,0.000241360088694,0.000146731297718,0.0000933908013394,0.000175783483428,0.000149485844304,0.0000637857156107,0.0000815375169623,0.0000911099705263,0.0000781178605394,0.0000423767851316,0.0000341448649124,0.0000261969616986,0.0000172320724232,0.0000153756373038,0.0000159227965923,0.0000143991055666,0.00000873824683367,0.00000523887911186,0.00000327987982018,0.00000243362092078,0.00000187250225281,0.00000110117855456,7.77160323651e-7,5.34112416517e-7,3.1930110822e-7,2.81207405806e-7,1.79053898819e-7,6.72700650739e-8,4.49103509936e-8,4.06198488179e-8],"dvar":[0.0000127974744828,0.00000753329277359,0.00000306830793306,0.00000191702179109,2.62776694626e-7,2.38989485979e-7,1.28543746314e-7,2.18978879474e-8,5.89472683998e-8,8.71483223364e-8,7.2632353465e-8,2.89015549271e-8,1.01580237555e-8,1.31880319998e-8,9.67254454309e-9,1.56036827903e-9,3.68162056397e-9,4.81619100157e-9,4.69020733362e-9,1.27098009894e-9,6.57813192806e-10,4.47234582701e-10,2.05208378068e-10,2.70179156825e-10,3.22599003066e-10,4.42803738121e-10,2.21108992227e-10,6.25882540239e-11,1.09818517127e-11,5.06808310596e-12,2.89682492403e-12,1.16766958515e-12,5.69090727234e-13,2.99318431369e-13,1.12071295169e-13,9.79297887357e-14,3.9332110431e-14,3.03995190803e-15,1.50733568134e-15,1.20870976886e-15],"dvar2":[0.0000347606874129,0.0000204558709811,0.00000789196747064,0.00000492163462695,6.90418801241e-7,5.82228040003e-7,3.1829370073e-7,5.27156309715e-8,1.30331116566e-7,2.00136085482e-7,1.78086580149e-7,7.15213630542e-8,2.36752537575e-8,3.61751482103e-8,2.65859263493e-8,4.29777236022e-9,9.82672965222e-9,1.23667094343e-8,1.15922587085e-8,3.03375480293e-9,1.66641078714e-9,1.15589038341e-9,5.01417074528e-10,6.3512783921e-10,7.49032724734e-10,1.00610109133e-9,4.73716399441e-10,1.3827443357e-10,2.51356071373e-11,1.10871450909e-11,6.5355602874e-12,2.60815089144e-12,1.28476515451e-12,6.80061042202e-13,2.46557250528e-13,2.31556961106e-13,9.64662581044e-14,7.44214074183e-15,3.78594462434e-15,3.03252808776e-15],"max":[0.043512634933,0.0363550446928,0.0309648253024,0.0222847554833,0.0107731362805,0.010170658119,0.00679518049583,0.00363677274436,0.0069278543815,0.0105549329892,0.00628854101524,0.00399902462959,0.00548785133287,0.00157334690448,0.00160928547848,0.000938334269449,0.00109475199133,0.00132395792753,0.00147965422366,0.000840475782752,0.000490154197905,0.000392032990931,0.0002464010322,0.00044744333718,0.000415224320022,0.000564731424674,0.000454684079159,0.000374742783606,0.0000827687836136,0.000038651516661,0.0000338565550919,0.0000240963090619,0.0000158401853696,0.00000926558914216,0.00000852290486364,0.00000643338398731,0.00000327020143231,7.28993370558e-7,4.81191875679e-7,4.26829473099e-7],"mean":[0.00349692534655,0.00306367059238,0.00231991801411,0.00149644399062,0.000698230811395,0.000492791528814,0.000381776510039,0.000149247265654,0.000151196305524,0.000209050791455,0.000220711808652,0.000140625605127,0.0000994842703221,0.00018406129675,0.000159990348038,0.0000744517965359,0.0000907102148631,0.000107011728687,0.0000863214809215,0.0000479691989312,0.0000409884887631,0.000032150059269,0.0000211832393688,0.000018281121811,0.0000185967619473,0.0000176941757672,0.0000104778382592,0.00000650643733024,0.00000442619057139,0.00000342981388712,0.00000264609138867,0.00000158428622399,0.00000111171266326,7.42978158996e-7,4.48654873253e-7,3.29706836055e-7,1.79410022838e-7,4.88822067268e-8,2.77378742197e-8,2.54736693961e-8],"median":[0.00233156280592,0.00217967899516,0.00165252340958,0.000973048969172,0.000519777240697,0.000317160884151,0.000229381825193,0.0000844399837661,0.0000597622347414,0.000101673816971,0.000131377179059,0.0000787325698184,0.0000682614409016,0.000145849000546,0.000126955768792,0.000062169143348,0.000066848420829,0.0000792930004536,0.0000611326249782,0.0000341918130289,0.0000317732847179,0.0000238112388615,0.000014994428966,0.0000105065691969,0.0000105738272396,0.0000105078925117,0.00000579779680265,0.00000380307687919,0.00000283073313767,0.00000225985172619,0.00000180996255494,0.00000103261697859,6.79010781823e-7,3.99420287067e-7,2.2241877673e-7,1.5230001793e-7,7.57407221386e-8,2.57697099215e-8,1.33816966397e-8,1.25240573468e-8],"min":[4.28254441644e-25,6.37719987554e-25,1.2622700409e-24,6.7461732937e-25,1.56694794263e-24,1.61397756182e-24,1.10676672243e-24,1.77514983198e-24,1.46791848611e-24,2.68641887551e-24,2.06076678347e-24,1.35728567453e-24,2.00976988418e-24,2.3586448028e-24,2.56450022539e-24,3.29346962739e-24,2.75894142232e-24,2.4746919612e-24,3.67260939186e-24,3.93366003148e-24,3.18411930643e-24,2.63867997175e-24,4.38716038867e-24,4.66009679555e-24,4.49102102659e-24,3.62171918601e-24,4.90651800968e-24,5.0132903332e-24,3.43782111507e-24,3.9412425625e-24,4.79949995599e-24,5.52592488714e-24,6.4433724865e-24,4.48879604441e-24,6.31591346903e-24,6.49903608969e-24,6.12795079228e-24,6.43907319456e-24,5.67449816117e-24,5.78532286316e-24],"var":[0.0000150874357132,0.00000952526443143,0.00000543753048987,0.00000290196680908,3.9732407231e-7,3.90785828586e-7,2.40151848629e-7,4.89347122823e-8,1.19241491348e-7,1.49371985003e-7,1.11101201128e-7,4.38155645099e-8,1.80244228432e-8,2.08973816029e-8,1.6061450836e-8,2.64642197045e-9,6.94715085459e-9,9.10852904212e-9,8.02744803963e-9,2.41444886306e-9,1.15825915525e-9,8.68961347322e-10,3.86827070376e-10,4.88425744294e-10,5.87377313455e-10,7.88412612973e-10,3.73236469509e-10,1.02831264337e-10,2.35523094083e-11,1.26928207528e-11,7.05583768495e-12,2.96369851403e-12,1.67848829453e-12,8.70377229491e-13,3.43602967259e-13,2.18131366919e-13,7.12317506954e-14,4.15340106939e-15,1.59967656627e-15,1.3005486809e-15]},"melbands_crest":{"dmean":3.75784635544,"dmean2":6.30274248123,"dvar":9.63634109497,"dvar2":26.6783237457,"max":33.2010955811,"mean":13.1344909668,"median":12.626282692,"min":1.10020208359,"var":19.4034481049},"melbands_flatness_db":{"dmean":0.02844392322,"dmean2":0.045055501163,"dvar":0.000542353023775,"dvar2":0.00139693776146,"max":0.416889965534,"mean":0.220776498318,"median":0.220158010721,"min":0.0000368235268979,"var":0.00225166743621},"melbands_kurtosis":{"dmean":4.9184718132,"dmean2":8.12259864807,"dvar":38.9377593994,"dvar2":102.576644897,"max":140.410690308,"mean":7.61315345764,"median":5.40559339523,"min":-1.44804918766,"var":66.2111663818},"melbands_skewness":{"dmean":0.718596935272,"dmean2":1.16264259815,"dvar":0.425940990448,"dvar2":1.11976242065,"max":10.2055416107,"mean":2.40616798401,"median":2.27372264862,"min":-0.478636533022,"var":1.14440786839},"melbands_spread":{"dmean":6.71593761444,"dmean2":10.7757368088,"dvar":39.8765640259,"dvar2":100.330528259,"max":177.381835938,"mean":22.9407691956,"median":20.5728759766,"min":2.29006576538,"var":228.610290527},"mfcc":{"cov":[[4867.20068359,777.155761719,-245.424255371,483.453948975,-117.71672821,195.557556152,-79.2738418579,128.085662842,-72.0677490234,63.642074585,-63.3338813782,-13.2037763596,-29.7152709961],[777.155761719,1004.61029053,-236.333892822,-57.0847244263,84.690032959,-46.881275177,24.7564601898,-100.530487061,82.9286422729,-24.2200012207,32.004283905,-48.1624908447,-0.359025299549],[-245.424255371,-236.333892822,272.719207764,-80.7314071655,44.327999115,8.55310726166,-4.11596679688,19.7361106873,-22.6803188324,25.7763824463,-5.72166824341,26.9620418549,0.695297956467],[483.453948975,-57.0847244263,-80.7314071655,304.895202637,-84.8172607422,80.8639144897,-17.6642189026,67.7342758179,-41.415058136,12.3457431793,-12.9512996674,6.53203058243,-4.51282119751],[-117.71672821,84.690032959,44.327999115,-84.8172607422,152.322540283,-20.7182865143,52.8649253845,-36.3739585876,31.8972702026,-16.1587219238,9.03579902649,-9.64773464203,10.2056159973],[195.557556152,-46.881275177,8.55310726166,80.8639144897,-20.7182865143,168.183349609,-3.48437309265,77.8862686157,-48.2135696411,21.9902153015,-27.9304447174,28.7840824127,3.24857521057],[-79.2738418579,24.7564601898,-4.11596679688,-17.6642189026,52.8649253845,-3.48437309265,96.6168518066,-5.18631458282,25.0341262817,-30.012588501,10.5094909668,-7.08380317688,9.65008449554],[128.085662842,-100.530487061,19.7361106873,67.7342758179,-36.3739585876,77.8862686157,-5.18631458282,106.005729675,-25.9065036774,23.2201805115,-27.9217510223,19.2581672668,-6.23327732086],[-72.0677490234,82.9286422729,-22.6803188324,-41.415058136,31.8972702026,-48.2135696411,25.0341262817,-25.9065036774,80.5175170898,-1.01362061501,22.6421089172,-20.0707435608,3.57387137413],[63.642074585,-24.2200012207,25.7763824463,12.3457431793,-16.1587219238,21.9902153015,-30.012588501,23.2201805115,-1.01362061501,65.2423400879,9.14893627167,16.2797107697,-1.83782863617],[-63.3338813782,32.004283905,-5.72166824341,-12.9512996674,9.03579902649,-27.9304447174,10.5094909668,-27.9217510223,22.6421089172,9.14893627167,59.2423553467,12.9469203949,10.3685560226],[-13.2037763596,-48.1624908447,26.9620418549,6.53203058243,-9.64773464203,28.7840824127,-7.08380317688,19.2581672668,-20.0707435608,16.2797107697,12.9469203949,51.418598175,13.1945648193],[-29.7152709961,-0.359025299549,0.695297956467,-4.51282119751,10.2056159973,3.24857521057,9.65008449554,-6.23327732086,3.57387137413,-1.83782863617,10.3685560226,13.1945648193,39.6788291931]],"icov":[[0.000325002794852,-0.000365047220839,-0.000128888539621,-0.000502522336319,0.0000567427268834,-0.00000935352727538,0.000077836921264,-0.000215794265387,0.000197229441255,-0.000223403752898,0.00023720767058,0.0000667703134241,0.00000623515143161],[-0.000365047220839,0.00199523172341,0.001669186051,0.00084820081247,-0.00110291014425,-0.000563804642297,0.000303715845803,0.00119467044715,-0.000939423392992,-0.000072976530646,-0.000444697914645,0.000161091782502,0.000399405078497],[-0.000128888539621,0.001669186051,0.00654083210975,0.00188636186067,-0.00280699133873,0.000336296216119,0.000316384102916,-0.000652079179417,0.00148341769818,-0.00223103584722,0.00020754430443,-0.00152535550296,0.000749614846427],[-0.000502522336319,0.00084820081247,0.00188636186067,0.00591155141592,0.00132935016882,-0.00133667781483,-0.000301350635709,-0.00183107890189,0.00143846089486,0.000111161956738,-0.00204252474941,0.00169251044281,-0.000329708767822],[0.0000567427268834,-0.00110291014425,-0.00280699133873,0.00132935016882,0.0115886852145,-0.00127773988061,-0.00537467794493,0.00304048229009,-0.00185287534259,-0.00029622882721,0.00154194037896,0.000614000833593,-0.0013123183744],[-0.00000935352727538,-0.000563804642297,0.000336296216119,-0.00133667781483,-0.00127773988061,0.01163224224,-0.00164055288769,-0.00593056762591,0.00455787638202,-0.00258092395961,0.00279919547029,-0.00299316993915,-0.00159259908833],[0.000077836921264,0.000303715845803,0.000316384102916,-0.000301350635709,-0.00537467794493,-0.00164055288769,0.0175973922014,-0.00403364840895,-0.00403918512166,0.0089774467051,-0.00491194054484,0.0012861606665,-0.0017400161596],[-0.000215794265387,0.00119467044715,-0.000652079179417,-0.00183107890189,0.00304048229009,-0.00593056762591,-0.00403364840895,0.0212016087025,-0.00336153805256,-0.00516316760331,0.0088620018214,-0.00572882033885,0.00332043203525],[0.000197229441255,-0.000939423392992,0.00148341769818,0.00143846089486,-0.00185287534259,0.00455787638202,-0.00403918512166,-0.00336153805256,0.0223846584558,-0.00502981431782,-0.00647248513997,0.00863962620497,-0.00259629264474],[-0.000223403752898,-0.000072976530646,-0.00223103584722,0.000111161956738,-0.00029622882721,-0.00258092395961,0.0089774467051,-0.00516316760331,-0.00502981431782,0.0248215440661,-0.0071576712653,-0.00283905025572,0.00159398699179],[0.00023720767058,-0.000444697914645,0.00020754430443,-0.00204252474941,0.00154194037896,0.00279919547029,-0.00491194054484,0.0088620018214,-0.00647248513997,-0.0071576712653,0.029706005007,-0.0128772128373,-0.00133029650897],[0.0000667703134241,0.000161091782502,-0.00152535550296,0.00169251044281,0.000614000833593,-0.00299316993915,0.0012861606665,-0.00572882033885,0.00863962620497,-0.00283905025572,-0.0128772128373,0.0343487635255,-0.00982177536935],[0.00000623515143161,0.000399405078497,0.000749614846427,-0.000329708767822,-0.0013123183744,-0.00159259908833,-0.0017400161596,0.00332043203525,-0.00259629264474,0.00159398699179,-0.00133029650897,-0.00982177536935,0.0304941032082]],"mean":[-621.206848145,164.369506836,-36.1530456543,39.6576423645,2.11866044998,24.2171001434,1.57454550266,6.76841163635,-3.94865679741,2.07533669472,-3.70289778709,-1.68862974644,-1.26781117916]},"pitch_salience":{"dmean":0.0719879642129,"dmean2":0.118870809674,"dvar":0.00408017262816,"dvar2":0.0108126867563,"max":0.990328013897,"mean":0.62949514389,"median":0.644343554974,"min":0.228135585785,"var":0.00797716062516},"silence_rate_20dB":{"dmean":0,"dmean2":0,"dvar":0,"dvar2":0,"max":1,"mean":1,"median":1,"min":1,"var":0},"silence_rate_30dB":{"dmean":0.0400743633509,"dmean2":0.0801570117474,"dvar":0.0384684093297,"dvar2":0.0954238399863,"max":1,"mean":0.961065769196,"median":1,"min":0,"var":0.0374183431268},"silence_rate_60dB":{"dmean":0.000206568889553,"dmean2":0.000413180445321,"dvar":0.000206526223337,"dvar2":0.000413009751355,"max":1,"mean":0.0164205301553,"median":0,"min":0,"var":0.0161508973688},"spectral_centroid":{"dmean":226.708465576,"dmean2":350.0625,"dvar":59688.1601562,"dvar2":127403.53125,"max":11747.4345703,"mean":1329.46435547,"median":1173.92724609,"min":339.389068604,"var":1124229.5},"spectral_complexity":{"dmean":3.98595333099,"dmean2":6.06693506241,"dvar":12.5430784225,"dvar2":24.9815750122,"max":57,"mean":31.0882987976,"median":30,"min":0,"var":65.9809494019},"spectral_contrast_coeffs":{"dmean":[0.0565868653357,0.0521952882409,0.03845949471,0.0275549869984,0.0194161757827,0.0452512204647],"dmean2":[0.094476416707,0.0874922350049,0.0650692954659,0.0470425784588,0.0327933207154,0.0707123577595],"dvar":[0.00194160919636,0.00161048187874,0.000923071755096,0.000459368515294,0.000240504930844,0.0014291087864],"dvar2":[0.00539199076593,0.00459801359102,0.00256453780457,0.00133081793319,0.000650975445751,0.00355187407695],"max":[-0.364095121622,-0.518770635128,-0.585535287857,-0.666942179203,-0.660792946815,-0.474689275026],"mean":[-0.658335804939,-0.756351292133,-0.802462339401,-0.80641824007,-0.79871237278,-0.699359595776],"median":[-0.658861637115,-0.75764977932,-0.806352972984,-0.807144641876,-0.799348592758,-0.696596443653],"min":[-0.985326051712,-0.987012326717,-0.98497658968,-0.980729222298,-0.979907751083,-0.964671730995],"var":[0.00556528521702,0.0036696891766,0.00215119333006,0.00111887417734,0.000896892335732,0.0058131320402]},"spectral_contrast_valleys":{"dmean":[0.400052756071,0.343153476715,0.268661975861,0.213816702366,0.209533214569,0.584340572357],"dmean2":[0.6674888134,0.571739137173,0.452777802944,0.3547770679,0.307169914246,0.939310312271],"dvar":[0.108159564435,0.0867531523108,0.0628981515765,0.048082113266,0.0656177550554,0.263955980539],"dvar2":[0.275958746672,0.20618468523,0.140219837427,0.0982482135296,0.104478299618,0.664792120457],"max":[-4.98719596863,-4.84220552444,-5.24311685562,-5.67091703415,-5.48397016525,-9.11573028564],"mean":[-6.5401058197,-6.4758810997,-6.57905912399,-6.75239992142,-7.20923042297,-11.1501121521],"median":[-6.26294803619,-6.24089860916,-6.33840751648,-6.50290632248,-6.98791074753,-10.9465379715],"min":[-28.0711154938,-28.0610904694,-27.6218299866,-27.8495788574,-27.5412216187,-27.4468517303],"var":[4.76282310486,4.78271722794,4.62133359909,4.57517433167,4.49574184418,3.16854715347]},"spectral_decrease":{"dmean":4.01340471967e-9,"dmean2":6.60284937837e-9,"dvar":1.7414669832e-17,"dvar2":4.70877692216e-17,"max":2.88247345992e-8,"mean":-7.18633819119e-9,"median":-6.40158459575e-9,"min":-4.25756994105e-8,"var":2.74029501749e-17},"spectral_energy":{"dmean":0.0176839828491,"dmean2":0.0289499554783,"dvar":0.000327659130562,"dvar2":0.000880859151948,"max":0.280953973532,"mean":0.0622667223215,"median":0.0586452707648,"min":1.018308044e-20,"var":0.000629371148534},"spectral_energyband_high":{"dmean":0.000336777302437,"dmean2":0.000482323783217,"dvar":1.56604841095e-7,"dvar2":2.79979417428e-7,"max":0.0078375833109,"mean":0.00131560501177,"median":0.00111247296445,"min":7.13857676427e-21,"var":7.26728274003e-7},"spectral_energyband_low":{"dmean":0.0120232403278,"dmean2":0.0201556310058,"dvar":0.000205923628528,"dvar2":0.000559107458685,"max":0.157838851213,"mean":0.0205242652446,"median":0.0163169000298,"min":1.23125252315e-23,"var":0.000286949274596},"spectral_energyband_middle_high":{"dmean":0.00228952034377,"dmean2":0.00359757733531,"dvar":0.00000579588686378,"dvar2":0.0000134106776386,"max":0.0517399571836,"mean":0.00885277334601,"median":0.00798904523253,"min":1.11917233956e-21,"var":0.0000195838401851},"spectral_energyband_middle_low":{"dmean":0.00716758705676,"dmean2":0.0115649169311,"dvar":0.0000623946034466,"dvar2":0.000157037895406,"max":0.128380849957,"mean":0.0181408859789,"median":0.0151980826631,"min":1.51152817634e-22,"var":0.000146354999742},"spectral_entropy":{"dmean":0.104098111391,"dmean2":0.158370271325,"dvar":0.00812709983438,"dvar2":0.0177807379514,"max":9.82769870758,"mean":7.65573072433,"median":7.66277551651,"min":6.68633365631,"var":0.0931354239583},"spectral_flux":{"dmean":0.0270508509129,"dmean2":0.0434657037258,"dvar":0.000677080533933,"dvar2":0.00155442906544,"max":0.406761556864,"mean":0.145633667707,"median":0.141904398799,"min":6.3322777577e-11,"var":0.00159158697352},"spectral_kurtosis":{"dmean":3.45040416718,"dmean2":5.25780391693,"dvar":15.47651577,"dvar2":35.2489814758,"max":97.40234375,"mean":20.7555656433,"median":18.9287643433,"min":-1.27061104774,"var":71.213394165},"spectral_rms":{"dmean":0.00106570287608,"dmean2":0.0017228985671,"dvar":9.59032263381e-7,"dvar2":0.00000256322687164,"max":0.0165560096502,"mean":0.00760495150462,"median":0.00756405293941,"min":3.15193791206e-12,"var":0.00000291273568109},"spectral_rolloff":{"dmean":2198.83105469,"dmean2":4190.24853516,"dvar":28716874,"dvar2":77923320,"max":22028.4667969,"mean":20353.6738281,"median":21770.0683594,"min":150.732421875,"var":20362382},"spectral_skewness":{"dmean":0.264057964087,"dmean2":0.384934395552,"dvar":0.0734019502997,"dvar2":0.14549125731,"max":7.38499450684,"mean":2.9704375267,"median":2.87351441383,"min":-0.0929054245353,"var":0.535767316818},"spectral_spread":{"dmean":330864.03125,"dmean2":527153.9375,"dvar":378786021376,"dvar2":899013476352,"max":53004796,"mean":4139449.25,"median":3736891.75,"min":1656809.5,"var":13941662023700},"spectral_strongpeak":{"dmean":10.4928817749,"dmean2":19.835559845,"dvar":742.515075684,"dvar2":1982.40356445,"max":226.129730225,"mean":7.10439395905,"median":0.375889450312,"min":0,"var":548.177429199},"zerocrossingrate":{"dmean":0.0390894301236,"dmean2":0.0514547377825,"dvar":0.00106329249684,"dvar2":0.00180209812243,"max":0.673828125,"mean":0.348195761442,"median":0.34326171875,"min":0.11767578125,"var":0.00449510337785}},"metadata":{"audio_properties":{"analysis_sample_rate":44100,"bit_rate":192000,"codec":"mp3","downmix":"mix","equal_loudness":0,"length":224.809799194,"lossless":false,"md5_encoded":"2d3f3d47cd839c321d9985c728a98ed6","replay_gain":0.899950027466,"sample_rate":44100},"tags":{"acoustid_id":["863402f0-bd3a-4def-a487-be778c31ffea"],"album":["The Essential"],"albumartist":["Motörhead"],"artist":["Motörhead"],"date":["2007"],"discnumber":["2/2"],"file_name":"2-11 - Motörhead - Ain’t My Crime.mp3","musicbrainz_albumartistid":["57961a97-3796-4bf7-9f02-a985a8979ae9"],"musicbrainz_albumid":["b4f619f1-6c35-48a8-8bd7-d821eacd29a3"],"musicbrainz_artistid":["57961a97-3796-4bf7-9f02-a985a8979ae9"],"musicbrainz_recordingid":["67b19fbc-dfa0-409c-b524-1cf7c78aa385"],"musicbrainz_releasegroupid":["1257ccfc-0b75-3bfd-8671-4eaf00a9f25f"],"replaygain_album_gain":["-0.20 dB"],"replaygain_album_peak":["0.477078"],"replaygain_track_gain":["-0.17 dB"],"replaygain_track_peak":["0.439214"],"title":["Ain’t My Crime"],"tracknumber":["11/19"]},"version":{"essentia":"2.1-beta1","essentia_build_sha":"e76a03f03bb3900de42a1fa0d9be1e72f12def64","essentia_git_sha":"v2.1_beta1-28-g21ef5f4-dirty","extractor":"music 1.0"}},"rhythm":{"beats_count":440,"beats_loudness":{"dmean":0.0173487793654,"dmean2":0.0300454888493,"dvar":0.000243124552071,"dvar2":0.000650547794066,"max":0.143551632762,"mean":0.0624462626874,"median":0.0608276203275,"min":0,"var":0.000347307795892},"beats_loudness_band_ratio":{"dmean":[0.136092916131,0.0887104570866,0.0511165224016,0.0444304682314,0.0339845716953,0.0767319574952],"dmean2":[0.2336063236,0.147947713733,0.0890662372112,0.0756443068385,0.0588257834315,0.132021725178],"dvar":[0.0112696830183,0.00500970054418,0.00352128688246,0.00167706783395,0.00102526613045,0.00389329250902],"dvar2":[0.0346534214914,0.0147073864937,0.0101886820048,0.00463959760964,0.00306202261709,0.0118274241686],"max":[0.760625898838,0.590231478214,0.446841627359,0.34550100565,0.31216865778,0.504407048225],"mean":[0.35864007473,