{"lowlevel":{"average_loudness":0.91631603241,"barkbands":{"dmean":[0.00229390361346,0.00560168968514,0.00133285555057,0.000776504864916,0.00114709115587,0.000639423145913,0.000553682330064,0.000538079650141,0.00079961551819,0.001007083687,0.000498533714563,0.000783739960752,0.000467109755846,0.000353038543835,0.000354242802132,0.000328119989717,0.000345549517078,0.000262191577349,0.00024854025105,0.000179601280252,0.000093383321655,0.0000490869570058,0.0000211507194763,0.00000813501810626,0.0000019904121018,0.0000155657926371,0.000316749908961],"dmean2":[0.00387156475335,0.00919617712498,0.00231280177832,0.00131173210684,0.00190270482562,0.00105256808456,0.000923667568713,0.00091032742057,0.00132080342155,0.00166722235736,0.00083846936468,0.00129601079971,0.000783552764915,0.000587679853197,0.000598049722612,0.00055117480224,0.000564084155485,0.000419262767537,0.000370576162823,0.000252810015809,0.000134799920488,0.000070370042522,0.0000303796732624,0.0000120734148368,0.00000325067298945,0.0000217866672756,0.000485665426822],"dvar":[0.0000294240635412,0.0000792561186245,0.00000427425447924,0.00000200248769033,0.00000492725484946,0.00000223961092161,0.0000010847569456,9.39027586355e-7,0.00000210535131373,0.00000345287389791,8.60153306803e-7,0.00000208563210435,7.19887907508e-7,3.73417549326e-7,2.85307152126e-7,2.93616352565e-7,5.25228983861e-7,2.73525387229e-7,4.11862089322e-7,3.84600610914e-7,7.34886924647e-8,2.62918469218e-8,3.04752800773e-9,3.26511595539e-10,1.09971988113e-11,1.3306101776e-9,1.7972779176e-7],"dvar2":[0.0000768029713072,0.000217235516175,0.0000126160157379,0.00000521831270817,0.0000125824863062,0.00000566993276152,0.00000274144986179,0.00000250435891758,0.0000054627080317,0.00000883907887328,0.00000226195652431,0.00000520129106008,0.0000018241800035,9.62005287874e-7,7.68681161389e-7,7.66598020618e-7,0.00000131503304601,6.54318284887e-7,8.51433128446e-7,7.54445579787e-7,1.40779917501e-7,5.53589991625e-8,6.35724228815e-9,6.94964807924e-10,2.70545356951e-11,2.62641930426e-9,3.9580424982e-7],"max":[0.0962583571672,0.132222726941,0.0396816805005,0.0356051288545,0.0480430088937,0.0461427122355,0.0272517427802,0.0222810320556,0.0370016023517,0.0378219336271,0.0282079093158,0.0340777672827,0.0278468038887,0.0182266384363,0.00806747749448,0.0112694054842,0.0210519786924,0.0113259302452,0.0192045774311,0.0201927684247,0.00937455426902,0.00787255074829,0.00150583451614,0.000331992137944,0.000054814354371,0.000893229735084,0.0144271543249],"mean":[0.00281182397157,0.00916009396315,0.00161768437829,0.000996295362711,0.00170618330594,0.000936480297241,0.000829515862279,0.000809728633612,0.00135173264425,0.00160052150022,0.000780345173553,0.00135523581412,0.000814754515886,0.000600006489549,0.000651167647447,0.000627729052212,0.000698793504853,0.000556481129024,0.000512700295076,0.00034426554339,0.000175203487743,0.0000899246806512,0.0000356311284122,0.0000114117274279,0.00000220947504204,0.0000255441045738,0.00127976736985],"median":[0.00112336070742,0.00560935726389,0.000849029747769,0.000449271086836,0.00079157500295,0.000457977235783,0.000414222828113,0.000428258092143,0.000775135471486,0.000794947787654,0.000447576778242,0.000793467334006,0.000491843034979,0.000372592476197,0.000487334094942,0.000422016601078,0.000356221047696,0.000252209836617,0.000187823257875,0.000102327263448,0.0000606949797657,0.0000291420947178,0.0000112913230623,0.00000342342741533,8.7593190301e-7,0.00000779374295234,0.00119111640379],"min":[2.20937563469e-18,2.01839327973e-18,4.81075009371e-19,7.87753927535e-19,6.50037402833e-18,5.90686697574e-18,1.19760582205e-17,2.75225604914e-17,1.76328420273e-17,9.3509145198e-18,1.42342149707e-17,3.42446288501e-17,9.68294233614e-18,1.92766484278e-17,3.28912687237e-17,6.56648461899e-17,4.45364331925e-17,4.54646787323e-17,7.783303696e-17,3.21057747053e-17,1.00057818302e-16,7.55743640492e-17,1.52731740033e-16,1.60236981341e-16,1.9438319555e-16,3.56092492207e-16,5.18420268499e-16],"var":[0.0000298475642921,0.000123124496895,0.00000508051016368,0.00000299787438962,0.00000766605717217,0.00000302401099361,0.00000185531678198,0.00000155933150836,0.0000043448917495,0.00000591288517171,0.00000144392492984,0.00000413669658883,0.00000163140316545,6.48225977784e-7,4.79457014535e-7,5.7217698668e-7,0.0000012743573734,7.07091146523e-7,0.00000111320923679,0.00000100682984794,1.74333109726e-7,5.11240294543e-8,5.62764501666e-9,5.63367630324e-10,1.3423196582e-11,2.8315600975e-9,0.00000107869175281]},"barkbands_crest":{"dmean":2.79779601097,"dmean2":4.54184913635,"dvar":5.79787254333,"dvar2":15.1865463257,"max":24.3729839325,"mean":9.20862674713,"median":8.52320861816,"min":2.36256027222,"var":15.3539657593},"barkbands_flatness_db":{"dmean":0.0207547917962,"dmean2":0.0323985032737,"dvar":0.000351893831976,"dvar2":0.000866332149599,"max":0.353021413088,"mean":0.112114064395,"median":0.106316968799,"min":0.0289969649166,"var":0.00164003670216},"barkbands_kurtosis":{"dmean":2.13448929787,"dmean2":3.43232536316,"dvar":22.4820365906,"dvar2":52.1665458679,"max":214.573257446,"mean":3.47322177887,"median":1.49648237228,"min":-1.71773183346,"var":86.3537445068},"barkbands_skewness":{"dmean":0.463772624731,"dmean2":0.739008426666,"dvar":0.234082236886,"dvar2":0.598383247852,"max":11.8985290527,"mean":1.48624694347,"median":1.3104121685,"min":-1.76178586483,"var":1.1308555603},"barkbands_spread":{"dmean":7.80825376511,"dmean2":12.4706583023,"dvar":50.8345794678,"dvar2":126.051979065,"max":109.638885498,"mean":40.1722717285,"median":39.3189697266,"min":0.983292996883,"var":213.040771484},"dissonance":{"dmean":0.0135122016072,"dmean2":0.0234559550881,"dvar":0.000200117559871,"dvar2":0.000559411360882,"max":0.500000178814,"mean":0.480919569731,"median":0.485837131739,"min":0.269739925861,"var":0.000294178549666},"dynamic_complexity":4.86011171341,"erbbands":{"dmean":[0.257971853018,1.00014483929,1.56096577644,2.078384161,3.16971802711,3.89104628563,5.08566808701,5.75422286987,8.02058315277,8.31490802765,13.1473522186,18.7693881989,19.8571090698,31.9378852844,22.6346359253,31.3961811066,21.0197238922,16.5173187256,18.3565425873,17.7933959961,16.3903598785,18.0275058746,14.5649547577,12.6631765366,11.6747646332,8.40761375427,4.33636522293,3.38573241234,1.91042745113,1.06528639793,0.539413928986,0.2538151443,0.0911548808217,0.0266656856984,0.0134903211147,0.0178393907845,0.0353957079351,0.034829005599,0.022878812626,0.00770932296291],"dmean2":[0.422906339169,1.65951013565,2.71143913269,3.47037887573,5.36704206467,6.53783178329,8.47766304016,9.53283691406,13.4020423889,14.1256284714,22.0877227783,30.9544811249,32.9318809509,52.5339622498,37.8307304382,51.8038444519,34.875289917,27.213306427,30.8490257263,29.8777599335,27.1724357605,29.3901748657,23.5662727356,19.128780365,17.2161636353,11.8659267426,6.25376605988,4.88054704666,2.77082180977,1.53114664555,0.778953313828,0.367289602757,0.138434037566,0.0426286943257,0.0221042130142,0.0269409865141,0.0493111722171,0.0467722378671,0.0306535903364,0.0120701128617],"dvar":[0.23632517457,2.08404374123,5.44099617004,13.160030365,42.7066574097,64.8407897949,181.07270813,174.518325806,254.077148438,259.02935791,584.422546387,1324.82385254,1258.69689941,4001.2253418,1762.38720703,3784.89208984,1378.69567871,820.769104004,826.770568848,880.253540039,777.114135742,1400.07653809,776.614013672,825.878051758,1228.95336914,874.613891602,146.78175354,121.815437317,40.6200866699,9.42129993439,1.7803863287,0.327823460102,0.0400395020843,0.00212782854214,0.000500937865581,0.00124644453172,0.00762898894027,0.00702094472945,0.0023320610635,0.000093689559435],"dvar2":[0.64940071106,5.63886928558,16.0569629669,34.8843841553,111.102554321,170.593353271,452.662261963,448.286834717,640.769165039,696.664306641,1520.50268555,3420.49121094,3273.52734375,10413.2568359,4558.73632812,9217.32226562,3491.09960938,2079.77587891,2187.64648438,2342.67041016,2003.10839844,3458.17456055,1893.42321777,1735.2019043,2521.17260742,1716.234375,272.482696533,231.66343689,87.5946578979,20.0416412354,3.63133955002,0.677222430706,0.0871954485774,0.00496661197394,0.00124591309577,0.00268609356135,0.0150868594646,0.0135363247246,0.00420067412779,0.000216657950659],"max":[7.64638996124,21.8497085571,29.5593013763,80.5412826538,176.487838745,137.052139282,369.123413086,535.67767334,463.704040527,440.603851318,653.084472656,1088.13757324,746.203735352,1502.74975586,1501.36633301,1745.63708496,1237.61657715,892.739746094,933.459289551,460.443786621,702.107727051,972.433654785,551.676513672,751.560913086,1156.0123291,969.000061035,378.772705078,421.829345703,303.907348633,95.0229415894,29.7141132355,9.557264328,3.67344713211,0.730851471424,0.376891791821,0.817565143108,2.15457940102,1.79402840137,1.34065437317,0.351205438375],"mean":[0.411129564047,1.47203063965,2.04393362999,2.93275046349,4.30417728424,5.40484571457,6.77237987518,8.52207183838,11.8591842651,12.8224925995,21.5632343292,31.667345047,34.4072799683,51.8535232544,40.091003418,55.4376449585,39.8213005066,31.1429958344,34.1550865173,35.0468063354,35.0366821289,38.5814704895,32.4555244446,27.6490192413,23.7734336853,16.2656135559,8.49423789978,6.15003538132,3.51900410652,1.84091579914,0.905635893345,0.383476942778,0.120444238186,0.0315897203982,0.0152085293084,0.024325478822,0.0569927953184,0.070592880249,0.064320795238,0.0388916805387],"median":[0.19042648375,0.914118647575,1.26729094982,1.53286409378,1.95665323734,2.35987758636,2.64865374565,4.24784994125,5.8988366127,7.00827598572,12.0774946213,17.8095169067,21.2005386353,26.2847862244,25.704624176,33.0044555664,25.6991539001,20.3139476776,25.3336582184,25.6431560516,23.4391174316,20.0280475616,15.6753768921,11.0744771957,8.04171848297,4.86058521271,2.86607456207,2.03741383553,1.15550029278,0.579336225986,0.285170048475,0.114137127995,0.0375490039587,0.0121332844719,0.00653837341815,0.008968279697,0.0161419175565,0.025295175612,0.0355596095324,0.0400027818978],"min":[9.3541249732e-17,3.33602655727e-16,5.89827634112e-16,1.64757045609e-15,8.06758648195e-15,2.5002125614e-14,4.36498778203e-14,4.93561930963e-14,1.08520966735e-13,3.66295616885e-13,6.3869303726e-13,4.25744346461e-13,1.99171991291e-13,4.70289389029e-13,7.75107408812e-13,1.35601588552e-12,4.86751481135e-13,1.09421402061e-12,5.5296430412e-13,4.29153197354e-12,1.98996049673e-12,2.64026344191e-12,1.99484656224e-12,3.18875850204e-12,3.94521004407e-12,1.83388005302e-12,2.71920550313e-12,4.32734360498e-12,3.08036430564e-12,4.90305279016e-12,2.95238204544e-12,3.93861332437e-12,2.61240660181e-12,1.91237780819e-12,1.67745049622e-12,1.15510140515e-12,6.78409964924e-13,2.57995122661e-13,6.00355336733e-14,8.72587423053e-15],"var":[0.346150904894,3.07294821739,6.49033975601,21.0483417511,62.2225379944,87.3574981689,223.319839478,240.493087769,399.129486084,385.019958496,1056.38525391,2604.67578125,2219.40869141,6754.765625,3317.63842773,7256.78710938,3357.3425293,1595.58496094,1410.1340332,1518.65942383,1906.60766602,3508.328125,2142.8190918,2358.16577148,3236.44287109,2244.63671875,402.857879639,263.193786621,77.7327041626,17.0772571564,3.47628283501,0.628544688225,0.0619259253144,0.00286202831194,0.000600902130827,0.00205509923398,0.0155914919451,0.0171791706234,0.00868907105178,0.000749082537368]},"erbbands_crest":{"dmean":2.46659517288,"dmean2":4.10083866119,"dvar":5.77220153809,"dvar2":14.882894516,"max":30.5346088409,"mean":7.93106412888,"median":6.92367267609,"min":2.57782506943,"var":13.4507665634},"erbbands_flatness_db":{"dmean":0.0177296046168,"dmean2":0.026975300163,"dvar":0.00022960480419,"dvar2":0.000515068531968,"max":0.325327783823,"mean":0.14643239975,"median":0.143009960651,"min":0.0432434342802,"var":0.00122506974731},"erbbands_kurtosis":{"dmean":0.836736619473,"dmean2":1.3484852314,"dvar":1.2129997015,"dvar2":2.84557104111,"max":28.6081542969,"mean":0.679639339447,"median":0.289379835129,"min":-1.80912232399,"var":2.895383358},"erbbands_skewness":{"dmean":0.324275285006,"dmean2":0.512514770031,"dvar":0.0785839408636,"dvar2":0.182101130486,"max":3.11319851875,"mean":-0.12369094789,"median":-0.107880659401,"min":-3.73988747597,"var":0.399111419916},"erbbands_spread":{"dmean":5.22561836243,"dmean2":8.20808887482,"dvar":29.2167167664,"dvar2":65.3831863403,"max":138.976501465,"mean":26.2458000183,"median":24.4114704132,"min":2.8397295475,"var":146.945205688},"gfcc":{"cov":[[16317.4375,-572.321899414,-801.914428711,476.406066895,13.7499198914,-288.67199707,159.726959229,-478.383666992,-166.10609436,-111.029136658,-6.6018075943,86.0967483521,-249.996810913],[-572.321899414,894.839599609,94.073348999,-322.60345459,216.802398682,136.295211792,33.9047584534,109.194595337,89.7948074341,29.3350257874,85.7982635498,-43.8086547852,137.168106079],[-801.914428711,94.073348999,399.984985352,78.6330032349,-10.7581233978,165.136795044,-50.7937889099,53.9932823181,-12.1773176193,44.8392562866,-5.78930234909,22.3301124573,15.2511634827],[476.406066895,-322.60345459,78.6330032349,374.14831543,-33.6428642273,-107.256752014,22.9044628143,-91.9288711548,-57.0241699219,-22.1120147705,-31.6316680908,37.2761688232,-87.4588699341],[13.7499198914,216.802398682,-10.7581233978,-33.6428642273,189.419082642,70.0245285034,41.105342865,19.29296875,26.1286029816,-1.56599009037,37.7996749878,-6.81899690628,38.7866401672],[-288.67199707,136.295211792,165.136795044,-107.256752014,70.0245285034,301.280578613,-1.6996229887,76.8267669678,12.8148450851,52.5170402527,16.56965065,8.48417568207,46.2991485596],[159.726959229,33.9047584534,-50.7937889099,22.9044628143,41.105342865,-1.6996229887,157.360565186,-3.87829470634,45.3902168274,4.72654533386,6.38262796402,11.7993869781,-11.19282341],[-478.383666992,109.194595337,53.9932823181,-91.9288711548,19.29296875,76.8267669678,-3.87829470634,161.699081421,41.8197593689,30.7082977295,22.6722221375,-22.4357872009,50.852596283],[-166.10609436,89.7948074341,-12.1773176193,-57.0241699219,26.1286029816,12.8148450851,45.3902168274,41.8197593689,108.275314331,38.7193336487,17.2446403503,9.50081729889,10.0192222595],[-111.029136658,29.3350257874,44.8392562866,-22.1120147705,-1.56599009037,52.5170402527,4.72654533386,30.7082977295,38.7193336487,79.8806991577,41.0040550232,10.7097196579,13.6560544968],[-6.6018075943,85.7982635498,-5.78930234909,-31.6316680908,37.7996749878,16.56965065,6.38262796402,22.6722221375,17.2446403503,41.0040550232,74.3994598389,23.4189758301,20.147687912],[86.0967483521,-43.8086547852,22.3301124573,37.2761688232,-6.81899690628,8.48417568207,11.7993869781,-22.4357872009,9.50081729889,10.7097196579,23.4189758301,64.6871871948,2.25893807411],[-249.996810913,137.168106079,15.2511634827,-87.4588699341,38.7866401672,46.2991485596,-11.19282341,50.852596283,10.0192222595,13.6560544968,20.147687912,2.25893807411,84.1320953369]],"icov":[[0.0000822361253086,-0.000117869152746,0.000335551914759,-0.000244875176577,0.0000915127966437,-0.000185524491826,0.0000509396923007,0.0000667020431138,0.000108886895759,-0.0000973841670202,0.0000731017353246,-0.000147292113979,0.000136805669172],[-0.000117869152746,0.00434862403199,-0.0038892456796,0.00389851583168,-0.00305338343605,0.00182990869507,-0.00158430612646,0.00176447664853,-0.00209679151885,0.00296595366672,-0.00461801933125,0.00412349449471,-0.00279566575773],[0.000335551914759,-0.0038892456796,0.00900812726468,-0.00644075497985,0.00361932674423,-0.0051695862785,0.00320176989771,-0.00233423803002,0.00142177112866,-0.00361302099191,0.00484055001289,-0.00422450946644,0.00139421480708],[-0.000244875176577,0.00389851583168,-0.00644075497985,0.011307795532,-0.00683151930571,0.0068137543276,-0.00318618072197,-0.0000543773057871,0.00447140401229,-0.00327187008224,0.0027909220662,-0.00365289510228,0.00427579227835],[0.0000915127966437,-0.00305338343605,0.00361932674423,-0.00683151930571,0.014580831863,-0.00727515341714,-0.000119590600661,0.00295027764514,-0.00615564407781,0.00956544466317,-0.0104169938713,0.00731934607029,-0.00554668391123],[-0.000185524491826,0.00182990869507,-0.0051695862785,0.0068137543276,-0.00727515341714,0.0104968287051,-0.00198787986301,-0.00286556174979,0.00564241735265,-0.00793283712119,0.00685338117182,-0.00551975890994,0.0026532469783],[0.0000509396923007,-0.00158430612646,0.00320176989771,-0.00318618072197,-0.000119590600661,-0.00198787986301,0.00937099289149,-0.000620232138317,-0.0035070409067,-0.000260665459791,0.00181840185542,-0.00224564527161,0.00169730884954],[0.0000667020431138,0.00176447664853,-0.00233423803002,-0.0000543773057871,0.00295027764514,-0.00286556174979,-0.000620232138317,0.0133341131732,-0.00786431692541,0.00654405029491,-0.0102667035535,0.0114432927221,-0.00821156520396],[0.000108886895759,-0.00209679151885,0.00142177112866,0.00447140401229,-0.00615564407781,0.00564241735265,-0.0035070409067,-0.00786431692541,0.0234596226364,-0.0183075219393,0.0158261079341,-0.0145653085783,0.00893123447895],[-0.0000973841670202,0.00296595366672,-0.00361302099191,-0.00327187008224,0.00956544466317,-0.00793283712119,-0.000260665459791,0.00654405029491,-0.0183075219393,0.0390483811498,-0.0303405355662,0.0171685703099,-0.00925888493657],[0.0000731017353246,-0.00461801933125,0.00484055001289,0.0027909220662,-0.0104169938713,0.00685338117182,0.00181840185542,-0.0102667035535,0.0158261079341,-0.0303405355662,0.0457904413342,-0.0266229938716,0.0100377621129],[-0.000147292113979,0.00412349449471,-0.00422450946644,-0.00365289510228,0.00731934607029,-0.00551975890994,-0.00224564527161,0.0114432927221,-0.0145653085783,0.0171685703099,-0.0266229938716,0.03728896752,-0.0134221836925],[0.000136805669172,-0.00279566575773,0.00139421480708,0.00427579227835,-0.00554668391123,0.0026532469783,0.00169730884954,-0.00821156520396,0.00893123447895,-0.00925888493657,0.0100377621129,-0.0134221836925,0.0257247723639]],"mean":[-10.4391288757,85.4949493408,-107.486747742,-3.46475148201,-3.05369710922,-18.8054676056,11.0733737946,-12.5302801132,5.25175857544,-12.0458955765,-3.36731505394,-0.254874318838,-5.76401662827]},"hfc":{"dmean":33.4108467102,"dmean2":53.3574943542,"dvar":1442.16381836,"dvar2":3698.54614258,"max":718.395751953,"mean":170.652893066,"median":182.848022461,"min":2.36815931448e-11,"var":11813.8681641},"melbands":{"dmean":[0.00192782143131,0.000921354338061,0.000360543519491,0.000246072624577,0.000179963783012,0.000127272651298,0.000116655741294,0.0000936278593144,0.000117549883726,0.000116949049698,0.000105165985588,0.000139649753692,0.0000713107729098,0.0000900572049432,0.000066101187258,0.000043372696382,0.0000324731772707,0.0000319676400977,0.0000266204842774,0.0000246917497861,0.0000209487971006,0.0000214915726247,0.0000167545040313,0.0000126201593957,0.0000110554856292,0.00000977827312454,0.00000817583077151,0.00000540460951015,0.00000299172802443,0.00000235421452999,0.00000193352752831,0.00000122048004414,8.12184907772e-7,5.39844165814e-7,3.40157811252e-7,2.30346955732e-7,1.32064570835e-7,7.25535969082e-8,3.5758077388e-8,1.83328268122e-8],"dmean2":[0.00315746804699,0.00156774942297,0.000601933337748,0.000411315588281,0.000299444101984,0.000209773279494,0.000194632812054,0.000158955052029,0.000196892782697,0.000192710125702,0.000174536922714,0.000230034027481,0.000119476222608,0.000148872743011,0.000110577806481,0.0000725117060938,0.0000538428139407,0.000053889965784,0.0000450121551694,0.0000415875038016,0.0000347772293026,0.0000352748284058,0.0000280045496766,0.0000202121864277,0.0000169830982486,0.0000149708739627,0.0000121060866149,0.0000078998700701,0.00000442517239208,0.00000348749426848,0.00000283404915535,0.00000181513951247,0.00000120313632124,7.95918651875e-7,5.03128376295e-7,3.35231391091e-7,1.9666562423e-7,1.11379584666e-7,5.61476021232e-8,3.00439459977e-8],"dvar":[0.0000115544135042,0.00000163472168424,3.66192466572e-7,2.4557772349e-7,1.86122576906e-7,7.93478633909e-8,4.99823080702e-8,2.96944140388e-8,4.4834408186e-8,4.94248197924e-8,3.46795232531e-8,7.74801591774e-8,1.71071867783e-8,2.78413434529e-8,1.51648329449e-8,5.92033799762e-9,3.17775583625e-9,2.7866950969e-9,1.8782118083e-9,1.85012016818e-9,1.50963130885e-9,2.29599650403e-9,1.17005627409e-9,6.11430517328e-10,6.40158259735e-10,7.6828154949e-10,7.46909756266e-10,3.82870318782e-10,7.33265115294e-11,4.43863105992e-11,4.54424588237e-11,1.82080062833e-11,5.91247146728e-12,2.38932593329e-12,7.08094444624e-13,3.11223621744e-13,9.15298449555e-14,2.71926188842e-14,5.48986320609e-15,9.73809321382e-16],"dvar2":[0.0000316994010063,0.00000465019866169,9.77125409918e-7,6.35642948055e-7,4.67652967018e-7,2.02612682187e-7,1.25664627149e-7,7.95994665737e-8,1.1503046693e-7,1.28308926151e-7,9.00770871226e-8,2.00643839321e-7,4.47809753723e-8,6.92623132181e-8,3.80698210733e-8,1.56364698967e-8,8.04682365185e-9,7.38285299562e-9,5.11092723698e-9,4.8729407176e-9,3.97611188419e-9,5.77710768113e-9,3.16727843952e-9,1.43471068359e-9,1.39847122771e-9,1.69889680102e-9,1.53411761072e-9,8.07754252374e-10,1.49987494646e-10,8.88212142724e-11,8.9108165291e-11,4.08676564811e-11,1.33687314691e-11,5.20735538023e-12,1.49586029327e-12,6.651981483e-13,1.97284679912e-13,6.01642962338e-14,1.25542183596e-14,2.39396879531e-15],"max":[0.0509935542941,0.017622679472,0.0121477460489,0.0120000196621,0.00997780822217,0.0106728896499,0.00646171160042,0.00405182363465,0.00586513290182,0.00637780083343,0.00382930366322,0.00645722169429,0.00391633110121,0.00356765580364,0.00295713823289,0.00180996092968,0.00188887340482,0.002068240894,0.000792533217464,0.00102786568459,0.00102665252052,0.00130046845879,0.000805875344668,0.000551808741875,0.000662003702018,0.000923319952562,0.000723523029592,0.000743459793739,0.000274743244518,0.000239224973484,0.000303528853692,0.000206907730899,0.0000843071538839,0.0000465286575491,0.0000171671854332,0.0000149906809384,0.00000505937305206,0.00000309153210765,0.00000112800569241,4.88882562877e-7],"mean":[0.00317990710028,0.00137967581395,0.00053976586787,0.000355279655196,0.000246017298196,0.000191202154383,0.000176157074748,0.000142162738484,0.000191708211787,0.000194228268811,0.000174703833181,0.000219413923332,0.000117892122944,0.000154148001457,0.000115837843623,0.0000746417135815,0.0000554981997993,0.0000545847869944,0.000048023823183,0.0000453368666058,0.0000405576065532,0.0000415991271439,0.0000332626987074,0.0000256348575931,0.0000221148802666,0.0000186165380001,0.0000150485557242,0.00000969041775534,0.00000543844589629,0.00000419435309595,0.0000033008589071,0.00000211963401853,0.00000137560289204,8.69438792961e-7,5.47825834474e-7,3.51737440951e-7,1.85058993907e-7,9.28609864559e-8,4.18835064409e-8,2.00928322869e-8],"median":[0.0018040885916,0.000981371849775,0.000301768013742,0.000169356455444,0.0000961365585681,0.0000969588581938,0.0000893919204827,0.0000770198676037,0.000104882055894,0.000107913328975,0.00010248257604,0.00010422343621,0.0000711521352059,0.0000902213578229,0.0000702499091858,0.0000456861707789,0.0000336733319273,0.0000380640922231,0.0000356979508069,0.0000304320583382,0.0000242768510361,0.0000204448042496,0.0000165640722116,0.0000112899206215,0.00000832175828691,0.00000641019596515,0.0000043907066356,0.00000271891258308,0.00000173909222667,0.00000141586360769,0.00000103574575405,6.72860835493e-7,4.18211953956e-7,2.59938701674e-7,1.68449190596e-7,9.91638202663e-8,5.31519219749e-8,2.68282640548e-8,1.3485216499e-8,7.71878738703e-9],"min":[8.04134947097e-19,3.53271675624e-19,4.22628546938e-19,1.15048777388e-18,1.50380504784e-18,1.11209356537e-18,1.86764023348e-18,4.50965304202e-18,5.23467436738e-18,2.34839533074e-18,9.34948287696e-19,1.83595921602e-18,2.18407548847e-18,3.78133664269e-18,2.3035087884e-18,1.05500249007e-18,2.15634094971e-18,4.98487471458e-19,3.36459622584e-18,6.81285308525e-18,1.1687907993e-18,2.48352210805e-18,2.19980039871e-18,2.36613297821e-18,2.43265153435e-18,3.5474550468e-18,1.42551819313e-18,1.1549584783e-18,1.93730786621e-18,1.14438762706e-18,2.99721946641e-18,1.37719874784e-18,1.9037685875e-18,3.31868832223e-18,1.18121825742e-18,2.61143752477e-18,2.27217415282e-18,1.70448578529e-18,1.68817605835e-18,1.52387379367e-18],"var":[0.0000169928334799,0.00000228863405027,5.99211603003e-7,3.57850154842e-7,2.46458512265e-7,1.13646919431e-7,8.24047958758e-8,4.58534614722e-8,8.58407176452e-8,9.70227702624e-8,6.02287570928e-8,1.29772132595e-7,3.01949185655e-8,5.53303323159e-8,3.19753148403e-8,1.12134097563e-8,5.79003422985e-9,4.36783409441e-9,2.80607359571e-9,3.17706572162e-9,3.42715855695e-9,4.96287988483e-9,2.49720111256e-9,1.56242685456e-9,1.65408975406e-9,1.7568051458e-9,1.87756188375e-9,8.58944471105e-10,1.79650377907e-10,9.90941356749e-11,9.00506891277e-11,3.17313224307e-11,1.0413738448e-11,3.93230977294e-12,1.31534670308e-12,5.57454744258e-13,1.58529398918e-13,4.05243499619e-14,7.16858975744e-15,1.16834822541e-15]},"melbands_crest":{"dmean":4.41778326035,"dmean2":7.22543668747,"dvar":14.2373371124,"dvar2":38.7373313904,"max":38.1211471558,"mean":16.5131015778,"median":15.7746562958,"min":3.21844315529,"var":45.3538169861},"melbands_flatness_db":{"dmean":0.0290484074503,"dmean2":0.0451963283122,"dvar":0.00064161256887,"dvar2":0.00157061696518,"max":0.510080516338,"mean":0.211006328464,"median":0.207039743662,"min":0.0130768083036,"var":0.00338208163157},"melbands_kurtosis":{"dmean":4.08224821091,"dmean2":6.62231063843,"dvar":64.8300552368,"dvar2":161.872940063,"max":279.163299561,"mean":6.58831977844,"median":2.72621202469,"min":-1.83778846264,"var":245.087265015},"melbands_skewness":{"dmean":0.684266388416,"dmean2":1.09971153736,"dvar":0.426354259253,"dvar2":1.11618518829,"max":13.2792854309,"mean":1.97388708591,"median":1.75687885284,"min":-3.15061020851,"var":1.93253397942},"melbands_spread":{"dmean":7.73921775818,"dmean2":12.3031663895,"dvar":71.8665161133,"dvar2":161.709213257,"max":154.01008606,"mean":29.5701560974,"median":27.4688663483,"min":0.611971735954,"var":276.714233398},"mfcc":{"cov":[[13631.6679688,895.174682617,-1659.64440918,733.12713623,-408.081329346,347.934082031,-185.227401733,98.7679290771,-407.592681885,-79.0056152344,-169.176483154,62.1783065796,-160.152145386],[895.174682617,1262.96923828,-219.123809814,-236.927978516,163.074615479,-3.22702336311,77.1294784546,19.5552043915,123.433029175,6.63033771515,75.1304702759,29.9651508331,68.5462112427],[-1659.64440918,-219.123809814,573.557800293,-93.6239929199,97.1083145142,33.0472793579,38.7409057617,-7.56302690506,45.6165351868,19.072309494,-0.713803052902,7.99320173264,32.1970443726],[733.12713623,-236.927978516,-93.6239929199,461.336669922,-104.168319702,15.2084131241,-54.7472991943,5.88723897934,-110.645339966,-28.332660675,-45.8670005798,-22.461473465,-29.3028774261],[-408.081329346,163.074615479,97.1083145142,-104.168319702,206.462081909,11.6030778885,58.517414093,0.839316368103,46.0134963989,-9.37616539001,19.1018772125,14.1038656235,25.8480129242],[347.934082031,-3.22702336311,33.0472793579,15.2084131241,11.6030778885,194.242263794,30.7285327911,29.7594223022,-14.3195562363,7.85925149918,-18.6667385101,23.6273403168,9.48917579651],[-185.227401733,77.1294784546,38.7409057617,-54.7472991943,58.517414093,30.7285327911,119.701034546,20.0328674316,34.5035476685,3.52184247971,12.4744062424,8.24410057068,24.7983551025],[98.7679290771,19.5552043915,-7.56302690506,5.88723897934,0.839316368103,29.7594223022,20.0328674316,83.3341293335,25.6379413605,17.2887859344,1.04338991642,6.20524740219,2.66186141968],[-407.592681885,123.433029175,45.6165351868,-110.645339966,46.0134963989,-14.3195562363,34.5035476685,25.6379413605,117.752418518,35.620426178,32.7401008606,-0.491786658764,15.6570920944],[-79.0056152344,6.63033771515,19.072309494,-28.332660675,-9.37616539001,7.85925149918,3.52184247971,17.2887859344,35.620426178,79.4801940918,26.3081951141,9.69874954224,11.2227878571],[-169.176483154,75.1304702759,-0.713803052902,-45.8670005798,19.1018772125,-18.6667385101,12.4744062424,1.04338991642,32.7401008606,26.3081951141,71.1371307373,21.3269767761,20.2263336182],[62.1783065796,29.9651508331,7.99320173264,-22.461473465,14.1038656235,23.6273403168,8.24410057068,6.20524740219,-0.491786658764,9.69874954224,21.3269767761,61.4099807739,27.8039798737],[-160.152145386,68.5462112427,32.1970443726,-29.3028774261,25.8480129242,9.48917579651,24.7983551025,2.66186141968,15.6570920944,11.2227878571,20.2263336182,27.8039798737,73.4330291748]],"icov":[[0.000158824273967,-0.000141421071021,0.000350717193214,-0.00012065894407,0.0000826438699733,-0.000259666267084,0.0000624469976174,-0.0000982768979156,0.000320231949445,-0.00013708336337,0.000269963580649,-0.00028099224437,0.000248116644798],[-0.000141421071021,0.00137927033938,0.000476803164929,0.000450211577117,-0.000894316937774,0.0000299605253531,-0.0000552473029529,0.000132619257784,-0.00116980692837,0.000518260465469,-0.000708126521204,0.00040893064579,-0.00109011458699],[0.000350717193214,0.000476803164929,0.00328714773059,0.00007795397687,-0.00112426897977,-0.00100198935252,0.0000944000712479,0.000380778306862,-0.000308472750476,-0.000668527383823,0.00111115339678,-0.000408213265473,-0.00059435860021],[-0.00012065894407,0.000450211577117,0.00007795397687,0.00332744815387,0.000461148127215,0.0000404008060286,0.000376723241061,-0.00111229752656,0.00220742472447,0.000259286927758,-0.000116492068628,0.00135459040757,-0.000635316420812],[0.0000826438699733,-0.000894316937774,-0.00112426897977,0.000461148127215,0.00746274879202,-0.000264268019237,-0.00209538615309,0.000400962249842,-0.000880616949871,0.00213474291377,-0.000417980336351,-0.000963392260019,0.000133788620587],[-0.000259666267084,0.0000299605253531,-0.00100198935252,0.0000404008060286,-0.000264268019237,0.00699660321698,-0.00178621860687,-0.00179367873352,0.00108986638952,-0.00120651035104,0.0022895464208,-0.00238695484586,-0.0000565444424865],[0.0000624469976174,-0.0000552473029529,0.0000944000712479,0.000376723241061,-0.00209538615309,-0.00178621860687,0.0113720400259,-0.00192865356803,-0.00151083967648,0.00118071492761,-0.00077629747102,0.00117108190898,-0.00259324349463],[-0.0000982768979156,0.000132619257784,0.000380778306862,-0.00111229752656,0.000400962249842,-0.00179367873352,-0.00192865356803,0.0152570828795,-0.00480424286798,-0.0018986298237,0.00167655199766,-0.00177312549204,0.000764046330005],[0.000320231949445,-0.00116980692837,-0.000308472750476,0.00220742472447,-0.000880616949871,0.00108986638952,-0.00151083967648,-0.00480424286798,0.0173076465726,-0.00506799807772,-0.00290843355469,0.00339708989486,0.000259097141679],[-0.00013708336337,0.000518260465469,-0.000668527383823,0.000259286927758,0.00213474291377,-0.00120651035104,0.00118071492761,-0.0018986298237,-0.00506799807772,0.0177115947008,-0.00555361807346,-0.000237221116549,-0.00131835544016],[0.000269963580649,-0.000708126521204,0.00111115339678,-0.000116492068628,-0.000417980336351,0.0022895464208,-0.00077629747102,0.00167655199766,-0.00290843355469,-0.00555361807346,0.0220957640558,-0.00729270325974,-0.00108716764953],[-0.00028099224437,0.00040893064579,-0.000408213265473,0.00135459040757,-0.000963392260019,-0.00238695484586,0.00117108190898,-0.00177312549204,0.00339708989486,-0.000237221116549,-0.00729270325974,0.0242101587355,-0.0078047295101],[0.000248116644798,-0.00109011458699,-0.00059435860021,-0.000635316420812,0.000133788620587,-0.0000565444424865,-0.00259324349463,0.000764046330005,0.000259097141679,-0.00131835544016,-0.00108716764953,-0.0078047295101,0.0193926803768]],"mean":[-669.300720215,148.215515137,-36.1178855896,31.4379177094,-2.01800823212,14.872592926,2.68389892578,16.6652832031,4.52075576782,6.85312080383,1.32643723488,4.24324035645,1.65992081165]},"pitch_salience":{"dmean":0.0730368867517,"dmean2":0.118656352162,"dvar":0.00416554929689,"dvar2":0.0111608626321,"max":0.894104838371,"mean":0.56883919239,"median":0.580389142036,"min":0.0906269028783,"var":0.0122631276026},"silence_rate_20dB":{"dmean":0,"dmean2":0,"dvar":0,"dvar2":0,"max":1,"mean":1,"median":1,"min":1,"var":0},"silence_rate_30dB":{"dmean":0.00598597573116,"dmean2":0.0119729749858,"dvar":0.00595059106126,"dvar2":0.0161030199379,"max":1,"mean":0.996066689491,"median":1,"min":0,"var":0.00391764938831},"silence_rate_60dB":{"dmean":0.0100906444713,"dmean2":0.0201830156147,"dvar":0.00998638570309,"dvar2":0.0242255646735,"max":1,"mean":0.137922182679,"median":0,"min":0,"var":0.11889385432},"spectral_centroid":{"dmean":208.567062378,"dmean2":314.127471924,"dvar":46827.328125,"dvar2":91414.734375,"max":4225.38916016,"mean":1577.23425293,"median":1482.6229248,"min":158.321136475,"var":343647.25},"spectral_complexity":{"dmean":3.35590910912,"dmean2":5.18310117722,"dvar":12.6064767838,"dvar2":25.153963089,"max":63,"mean":26.0017948151,"median":28,"min":0,"var":209.739715576},"spectral_contrast_coeffs":{"dmean":[0.049372356385,0.046580132097,0.0379001311958,0.02645784989,0.0204431060702,0.0361278280616],"dmean2":[0.083008363843,0.0786228328943,0.0638728365302,0.0452145338058,0.0336210802197,0.0554178766906],"dvar":[0.00160826451611,0.00136529025622,0.00088445917936,0.00043145622476,0.000270354212262,0.000913756259251],"dvar2":[0.00444805948064,0.00381739716977,0.00246246531606,0.00122762215324,0.000709003070369,0.00213482906111],"max":[-0.340445905924,-0.50137668848,-0.493578493595,-0.651738524437,-0.60311704874,-0.461884200573],"mean":[-0.732731819153,-0.789105832577,-0.800091028214,-0.816226482391,-0.793972969055,-0.715200901031],"median":[-0.74085855484,-0.794578611851,-0.80405330658,-0.815949201584,-0.793649435043,-0.707853078842],"min":[-0.932033360004,-0.971153199673,-0.977251291275,-0.972905397415,-0.951929092407,-0.936403870583],"var":[0.00627953652292,0.00337248109281,0.00279159285128,0.00142260373104,0.00162183097564,0.00567624857649]},"spectral_contrast_valleys":{"dmean":[0.368267476559,0.338632911444,0.282356798649,0.236015066504,0.225366532803,0.506537139416],"dmean2":[0.611697793007,0.562258243561,0.469998568296,0.384187191725,0.327588498592,0.779356002808],"dvar":[0.0940971896052,0.0738854408264,0.0551248826087,0.0459495000541,0.0531206429005,0.171011984348],"dvar2":[0.241646170616,0.192348003387,0.13500072062,0.104373022914,0.0961049571633,0.430216670036],"max":[-5.16876888275,-4.76844501495,-5.15799808502,-5.37590742111,-5.19593954086,-9.046667099],"mean":[-7.1115860939,-6.74822664261,-6.84604740143,-7.21333885193,-7.4916639328,-11.3266792297],"median":[-6.7378320694,-6.37827396393,-6.38317680359,-6.74000930786,-7.12308359146,-11.0816354752],"min":[-23.4263381958,-21.3660793304,-21.5665664673,-22.1113567352,-21.2477703094,-22.6953487396],"var":[1.5381102562,1.41510021687,1.55901157856,1.63721728325,1.88409340382,1.48778676987]},"spectral_decrease":{"dmean":2.40110487049e-9,"dmean2":3.85538445613e-9,"dvar":1.11564752619e-17,"dvar2":2.84458578368e-17,"max":3.94360055722e-9,"mean":-5.49918821591e-9,"median":-4.99782126795e-9,"min":-4.69737102549e-8,"var":2.26401699392e-17},"spectral_energy":{"dmean":0.00930166523904,"dmean2":0.0147796524689,"dvar":0.000161264790222,"dvar2":0.000406654406106,"max":0.198245540261,"mean":0.0362340547144,"median":0.0386739708483,"min":2.14931857509e-15,"var":0.000568119052332},"spectral_energyband_high":{"dmean":0.000421839358751,"dmean2":0.000573748373426,"dvar":7.16964109415e-7,"dvar2":0.00000123502957194,"max":0.0272033009678,"mean":0.00131952180527,"median":0.000893652497325,"min":1.49527954377e-15,"var":0.00000283780582322},"spectral_energyband_low":{"dmean":0.00737436814234,"dmean2":0.0122155351564,"dvar":0.00013895110169,"dvar2":0.00037967285607,"max":0.164535135031,"mean":0.0135107645765,"median":0.00976332090795,"min":3.86194497979e-18,"var":0.000217837688979},"spectral_energyband_middle_high":{"dmean":0.00250855484046,"dmean2":0.00392049225047,"dvar":0.0000110712999231,"dvar2":0.0000267259601969,"max":0.0541259236634,"mean":0.00826495606452,"median":0.00749832484871,"min":3.62853615071e-16,"var":0.0000449250692327},"spectral_energyband_middle_low":{"dmean":0.00270764064044,"dmean2":0.00436099572107,"dvar":0.0000148593235281,"dvar2":0.0000361348647857,"max":0.0658285170794,"mean":0.0069242590107,"median":0.00583125418052,"min":7.15812323601e-17,"var":0.0000392095571442},"spectral_entropy":{"dmean":0.108401119709,"dmean2":0.162748888135,"dvar":0.0111636640504,"dvar2":0.023132506758,"max":8.76563549042,"mean":7.67743873596,"median":7.70928955078,"min":6.13877105713,"var":0.0519284717739},"spectral_flux":{"dmean":0.0168418418616,"dmean2":0.0271663423628,"dvar":0.000404026068281,"dvar2":0.000982870464213,"max":0.349757671356,"mean":0.101113028824,"median":0.111034691334,"min":0.0000252374120464,"var":0.00265595898964},"spectral_kurtosis":{"dmean":3.99219679832,"dmean2":5.95527172089,"dvar":21.8169059753,"dvar2":49.1151275635,"max":81.2476043701,"mean":21.467546463,"median":19.5473194122,"min":2.59757423401,"var":84.8235549927},"spectral_rms":{"dmean":0.0006836457178,"dmean2":0.0010716522811,"dvar":6.03204000527e-7,"dvar2":0.00000147564946928,"max":0.0139072025195,"mean":0.00541052082554,"median":0.00614253245294,"min":1.44806633351e-9,"var":0.00000607679112363},"spectral_rolloff":{"dmean":4006.74121094,"dmean2":7586.765625,"dvar":45963864,"dvar2":111455264,"max":22028.4667969,"mean":16436.0039062,"median":20865.6738281,"min":43.06640625,"var":60799068},"spectral_skewness":{"dmean":0.301862090826,"dmean2":0.4436416924,"dvar":0.112753033638,"dvar2":0.228372350335,"max":6.98687839508,"mean":3.01892328262,"median":2.86728143692,"min":1.07465660572,"var":0.69835293293},"spectral_spread":{"dmean":359898.46875,"dmean2":543045.4375,"dvar":111659196416,"dvar2":242973442048,"max":9683094,"mean":3711887,"median":3598184,"min":1553983.25,"var":569997721600},"spectral_strongpeak":{"dmean":1.80966806412,"dmean2":3.41986346245,"dvar":73.1679534912,"dvar2":205.805282593,"max":111.891075134,"mean":1.39750921726,"median":0.184938669205,"min":0,"var":54.9048576355},"zerocrossingrate":{"dmean":0.033535618335,"dmean2":0.0438559502363,"dvar":0.000747028563637,"dvar2":0.00127279956359,"max":0.56787109375,"mean":0.294819325209,"median":0.29345703125,"min":0.0068359375,"var":0.00518903369084}},"metadata":{"audio_properties":{"analysis_sample_rate":44100,"bit_rate":320000,"codec":"mp3","downmix":"mix","equal_loudness":0,"length":271.517791748,"lossless":false,"md5_encoded":"2f9710a8cf5114ec290912c4715a7102","replay_gain":-10.8188934326,"sample_rate":44100},"tags":{"acoustid_id":["af88c56f-4c26-4dfe-8c6e-7cec411a59fc"],"album":["Dr. Feelgood"],"albumartist":["Mötley Crüe"],"albumartistsort":["Mötley Crüe"],"artist":["Mötley Crüe"],"artistsort":["Mötley Crüe"],"asin":["B000002H6Q"],"barcode":["075596082921"],"catalog #":["Mötley 340"],"catalognumber":["9 60829-2"],"composer":["Mick Mars/Nikki Sixx"],"date":["1989"],"discnumber":["1/1"],"encodedby":["Dbpoweramp Release 14"],"encoder":["Lame 3.98.4"],"encoding":["-b=\"320\" -encoding=\"SLOW\""],"file_name":"03. Mötley Crüe - Slice of Your Pie.mp3","genre":["Hard Rock"],"label":["Elektra Entertainment"],"language":["eng"],"media":["CD"],"musicbrainz album release country":["US"],"musicbrainz album status":["official"],"musicbrainz album type":["album"],"musicbrainz_albumartistid":["26f07661-e115-471d-a930-206f5c89d17c"],"musicbrainz_albumid":["55cc1ff8-ed58-4872-8eee-d4b24cfc7d1e"],"musicbrainz_artistid":["26f07661-e115-471d-a930-206f5c89d17c"],"musicbrainz_recordingid":["67ce13a4-63c5-49da-9ac7-7c8c9aedba5d"],"originaldate":["1989"],"script":["Latn"],"title":["Slice of Your Pie"],"tracknumber":["3/11"],"upc":["639857801128"]},"version":{"essentia":"2.1-beta1","essentia_build_sha":"ca57ba49d9b1854bd80e60cf9ccf267278fb7d6b","essentia_git_sha":"v2.1_beta1-28-g21ef5f4-dirty","extractor":"music 1.0"}},"rhythm":{"beats_count":699,"beats_loudness":{"dmean":0.0167557112873,"dmean2":0.0309478864074,"dvar":0.000305526715238,"dvar2":0.000945802370552,"max":0.165431186557,"mean":0.0415504649282,"median":0.043353907764,"min":8.70550820764e-7,"var":0.000651741342153},"beats_loudness_band_ratio":{"dmean":[0.19381326437,0.0674697458744,0.0656605884433,0.0694225504994,0.0546013265848,0.107382178307],"dmean2":[0.334393501282,0.117109596729,0.1160389781,0.121343933