{"lowlevel":{"average_loudness":0.970882475376,"barkbands":{"dmean":[0.0000679323566146,0.00212725740857,0.00247980724089,0.00183948664926,0.00167716061696,0.000699341006111,0.000668947235681,0.000462828174932,0.000794294290245,0.00092315452639,0.000441155279987,0.000607915746514,0.000613559328485,0.000335039250785,0.000474535831017,0.000262011337327,0.000326536159264,0.000326885725372,0.000306873436784,0.000137715876917,0.000173759224708,0.000189094396774,0.000143237019074,0.000224341798457,0.000054744323279,0.0000111869258035,0.00000118473701605],"dmean2":[0.0001147376679,0.00319067039527,0.0043322769925,0.00312455696985,0.00271037803032,0.0010906921234,0.00102996756323,0.000736007874366,0.00123218260705,0.00146509089973,0.00072095147334,0.000980504206382,0.00100063788705,0.000552265206352,0.000785004929639,0.000418423354859,0.000518190441653,0.000515389896464,0.000479425099911,0.000208526660572,0.000249078788329,0.00028345946339,0.000226092015509,0.000326098466758,0.0000784360672696,0.00001584407255,0.00000187307716715],"dvar":[3.73548374455e-8,0.0000132367595143,0.0000174222095666,0.0000084785888248,0.00000531257182956,0.00000143076556469,0.00000106277457235,0.00000146287516145,0.00000332964009431,0.00000331791989083,0.00000173114858626,0.00000155000827817,0.00000124950452118,3.9340307012e-7,6.56126019294e-7,3.97664535967e-7,5.49064793631e-7,6.49656044516e-7,3.71122439446e-7,7.37003773565e-8,8.98101930602e-8,1.06211473394e-7,1.00419775606e-7,4.19091861659e-7,3.67779549038e-8,6.15647921531e-10,3.39750753572e-12],"dvar2":[9.78549863362e-8,0.0000282690325548,0.0000485488926643,0.0000228249828069,0.0000132547665999,0.00000328400392391,0.00000257531155512,0.00000376087496079,0.00000884873770701,0.00000825338520372,0.00000436788468505,0.00000417900582761,0.00000319395780934,0.00000105893207092,0.00000174351509941,9.40062591326e-7,0.00000137767949582,0.00000161073421623,9.20994125408e-7,1.68174608461e-7,1.82224809464e-7,2.30548238278e-7,1.9884484459e-7,6.45033253477e-7,6.826301302e-8,1.29653421332e-9,8.54001157985e-12],"max":[0.00207880465314,0.0532046332955,0.0434433445334,0.0272177997977,0.0313288755715,0.0240322239697,0.0176907405257,0.0360067971051,0.0400151275098,0.0388423725963,0.0376176051795,0.033886782825,0.0270353294909,0.0128750726581,0.0198593623936,0.0149156646803,0.018239967525,0.0146245807409,0.011176045984,0.00733944540843,0.00510452315211,0.00492499023676,0.0154385874048,0.0300707668066,0.00868067611009,0.000847325718496,0.0000215631280298],"mean":[0.0000625087777735,0.00329403206706,0.00308744073845,0.00248496001586,0.00320245139301,0.00136623263825,0.0012587782694,0.000693927984685,0.0013079806231,0.00140712445136,0.000611551804468,0.000996365211904,0.000975226983428,0.000526204879861,0.000732228101697,0.000406785780797,0.000550174620003,0.000592751079239,0.000584097637329,0.000285768182948,0.000373713235604,0.000406773935538,0.000315660086926,0.000493013707455,0.000107105115603,0.000018697051928,0.00000154501663019],"median":[0.0000115233315228,0.00140373571776,0.0014463464031,0.0013515612809,0.00222220621072,0.000814670464024,0.000829031108879,0.000334306445438,0.000653483904898,0.000675872550346,0.000202101742616,0.000487104611238,0.00051333301235,0.000329630071064,0.000436884438386,0.000163140182849,0.000225878902711,0.000176768953679,0.000264539237833,0.000144500663737,0.000147432598169,0.000224722985877,0.000197707733605,0.000299028964946,0.0000442756972916,0.00000749376022213,8.05377112556e-7],"min":[1.23860899958e-16,4.31833675425e-16,1.24449071696e-16,1.85788947805e-16,9.8679592465e-16,6.9287824481e-16,1.20472405533e-15,1.13246494515e-15,3.3140977213e-15,2.13678248747e-15,2.77329428953e-15,3.24266150362e-15,5.60172364766e-15,5.25646920671e-15,4.05889125072e-15,3.87966712589e-15,2.63076087912e-15,1.84378489717e-15,1.67926759365e-15,4.38927645179e-15,8.7993026697e-15,4.05218359681e-14,1.32990027411e-13,4.4832621773e-13,2.57682086389e-13,2.10789697329e-12,6.36521002573e-10],"var":[2.97657862802e-8,0.0000263643250946,0.0000197765621124,0.0000101372716017,0.0000116556684588,0.00000325042924487,0.00000205499986805,0.00000174219042037,0.0000059833450905,0.00000566240532862,0.00000249962317866,0.00000285348460238,0.00000235252969105,5.63720220725e-7,9.37669199175e-7,7.06228036051e-7,0.00000114101328563,0.00000155891450504,8.10503991033e-7,1.68153889035e-7,2.95556048968e-7,2.75632260127e-7,2.27469158176e-7,0.00000107943083094,7.77143611685e-8,1.15327547512e-9,4.15709610832e-12]},"barkbands_crest":{"dmean":2.12942194939,"dmean2":3.55236148834,"dvar":3.87423396111,"dvar2":10.1820449829,"max":26.9309520721,"mean":7.84125900269,"median":6.8182759285,"min":2.48444008827,"var":16.0589771271},"barkbands_flatness_db":{"dmean":0.0152264181525,"dmean2":0.0248884819448,"dvar":0.000261275825324,"dvar2":0.000629636342637,"max":0.68951946497,"mean":0.101501554251,"median":0.0871372669935,"min":0.0232508294284,"var":0.00597932282835},"barkbands_kurtosis":{"dmean":32.9293441772,"dmean2":57.5089492798,"dvar":102094.398438,"dvar2":288343.40625,"max":11773.9833984,"mean":110.30330658,"median":0.36300444603,"min":-1.96351635456,"var":788919.0625},"barkbands_skewness":{"dmean":0.568565309048,"dmean2":0.928108870983,"dvar":3.07380175591,"dvar2":8.36789131165,"max":15.3388996124,"mean":0.196754857898,"median":1.02737462521,"min":-79.9384384155,"var":55.8419151306},"barkbands_spread":{"dmean":6.12443780899,"dmean2":9.5736246109,"dvar":36.9781074524,"dvar2":83.7464828491,"max":156.204956055,"mean":32.3666343689,"median":30.5568294525,"min":0.0124043747783,"var":202.34942627},"dissonance":{"dmean":0.0150608578697,"dmean2":0.0253558401018,"dvar":0.00018209706468,"dvar2":0.000505286618136,"max":0.499999910593,"mean":0.468904852867,"median":0.472557246685,"min":0.351050525904,"var":0.000392622809159},"dynamic_complexity":3.54141449928,"erbbands":{"dmean":[0.051786698401,0.538655817509,2.44068932533,4.60369062424,6.070956707,5.63469552994,5.53879356384,5.46590662003,9.59637641907,8.12428665161,10.7700977325,17.2696094513,20.7086639404,25.8499622345,18.9919071198,21.1915397644,23.7268371582,14.629529953,29.2036876678,14.1341180801,15.2322568893,16.6886100769,16.666343689,16.6020030975,11.2548046112,5.61962938309,8.38357830048,5.21718931198,6.02469348907,5.95540237427,4.17175102234,6.49276447296,2.40727591515,0.795877635479,0.329653710127,0.0796363577247,0.0164775047451,0.00292585254647,0.000142416713061,0.0000125197639136],"dmean2":[0.0770427510142,0.828843474388,4.17853212357,7.92196941376,9.9826965332,9.20917510986,8.7352771759,8.51483917236,14.587228775,12.8902387619,17.0190887451,26.8212127686,32.960735321,41.4025878906,30.9935359955,33.5740280151,38.3638458252,23.7523612976,48.2095565796,22.7257385254,24.0064868927,26.2100067139,25.5645847321,25.9042243958,17.4550628662,8.36083221436,12.0496358871,7.65633153915,9.19360542297,9.0439414978,6.52488422394,9.68928623199,3.38647031784,1.10873270035,0.479606837034,0.11300586164,0.0236809290946,0.00450348015875,0.000211211896385,0.0000177830333996],"dvar":[0.0122984247282,0.797817111015,16.4809417725,55.3133087158,79.5734634399,73.8212051392,108.310531616,103.172668457,219.702148438,273.664611816,731.603393555,1695.83972168,1893.25134277,2924.70947266,1806.15258789,1606.67382812,1763.03320312,873.40802002,2503.99804688,1073.98193359,1391.99230957,1551.17102051,1712.94616699,1299.51574707,503.999359131,84.020401001,226.365539551,76.7063064575,106.303062439,119.422111511,101.369697571,186.308914185,121.367271423,10.3931331635,1.07344198227,0.0400451533496,0.00107047508936,0.0000230069799727,5.07729254196e-8,2.75008599226e-10],"dvar2":[0.0279088262469,1.73037946224,45.7430419922,147.728302002,200.433258057,193.049728394,250.810836792,235.005508423,517.43963623,708.253723145,1907.89013672,4425.42382812,5004.57324219,7004.36572266,4786.11523438,4100.22070312,4501.29833984,2242.09106445,6830.29101562,2786.22680664,3261.85107422,3905.73803711,4080.39916992,3231.39331055,1208.91137695,184.248031616,460.860321045,159.927383423,246.353729248,253.636230469,196.36038208,346.811523438,178.128585815,17.9713897705,2.02879190445,0.0812651738524,0.00228554010391,0.0000558778338018,1.15181229887e-7,4.99613184157e-10],"max":[1.46364581585,15.0205287933,48.7293548584,97.1478424072,104.616287231,170.220169067,331.800872803,231.928878784,286.431243896,459.24621582,715.117370605,1148.8215332,1164.96606445,1114.03808594,933.114929199,735.903076172,1152.08862305,700.369995117,1127.0345459,1154.80554199,1020.96166992,1088.14770508,844.782836914,834.764038086,465.198913574,243.927062988,275.201171875,190.447036743,171.573730469,199.212722778,548.55065918,529.917175293,577.291442871,154.671020508,29.996011734,7.14573144913,0.721753776073,0.0621266141534,0.00298909540288,0.000420267169829],"mean":[0.0714327171445,0.845044016838,3.2179517746,6.59953260422,10.2063426971,10.0417060852,10.5371704102,10.980137825,18.2074165344,14.6073684692,18.0909824371,28.6783275604,34.9248847961,40.2411231995,31.509305954,38.7261581421,39.8752403259,26.8238353729,46.2970695496,23.7498493195,25.519903183,30.3074798584,33.1277351379,32.3859863281,22.7053451538,12.9852266312,17.9655895233,11.6095190048,12.222161293,13.4794845581,9.34381580353,13.9751634598,5.15528392792,1.56169641018,0.614514946938,0.136846020818,0.0274239387363,0.00406636716798,0.000233753758948,0.0000448544560641],"median":[0.0287419073284,0.361946105957,1.53604364395,4.00093412399,6.71156454086,6.66501951218,6.58353948593,6.63658952713,11.0762243271,9.76331615448,10.3217096329,14.7910470963,18.8022575378,21.3665676117,15.6454868317,21.3441848755,22.5198459625,16.5618915558,28.4160861969,14.1590881348,10.7468147278,12.2726621628,10.863079071,13.451915741,11.2665596008,7.56348800659,6.51774787903,5.78264665604,6.95282030106,7.56268835068,5.82332754135,8.89575862885,2.5752658844,0.657743096352,0.250303506851,0.052863586694,0.0110041517764,0.00207080878317,0.000133003966766,0.0000392359033867],"min":[1.51513882414e-14,7.68480738029e-14,2.27798113489e-13,1.10326775927e-12,1.42819859671e-12,3.70928765134e-12,4.08458336598e-12,1.29752458777e-11,2.19581904742e-11,2.85812901124e-11,4.9939278407e-11,8.91235418798e-11,6.76201664107e-11,1.25503968329e-10,1.50900569817e-10,1.64492808263e-10,2.77145500993e-10,2.7090193977e-10,3.16424858537e-10,2.62161903297e-10,3.1801525302e-10,1.77717326966e-10,1.24351182129e-10,8.38715069618e-11,8.36029925844e-11,2.2162809088e-10,3.54007628767e-10,4.7677251036e-10,1.39441902469e-9,3.05120795296e-9,4.30519042638e-9,8.72387406758e-9,6.70872646324e-9,3.96506161238e-9,1.4327050657e-9,1.77907344412e-9,4.68231275974e-9,3.32150733584e-8,4.77205972516e-8,1.26652865973e-8],"var":[0.0158347953111,1.71046197414,20.1429748535,63.7181129456,123.780479431,144.06463623,258.429443359,217.387832642,473.910888672,368.347106934,903.801147461,2996.72680664,3178.34130859,4731.54199219,3102.48999023,3358.39428711,3365.2175293,1803.82910156,3502.30102539,1478.79968262,2581.67089844,3403.11523438,4835.7890625,2798.06518555,1159.13769531,245.889343262,702.276672363,231.266036987,227.359069824,324.844421387,223.924118042,463.743133545,295.135284424,22.4414348602,2.2161295414,0.0775854587555,0.00206077238545,0.0000325147775584,8.66154863388e-8,8.6402457411e-10]},"erbbands_crest":{"dmean":2.42190384865,"dmean2":4.06310415268,"dvar":5.25177907944,"dvar2":14.2627353668,"max":26.0162696838,"mean":7.68589115143,"median":6.71550798416,"min":2.26193642616,"var":12.7469339371},"erbbands_flatness_db":{"dmean":0.0128124626353,"dmean2":0.0198524687439,"dvar":0.000138776449603,"dvar2":0.000322530482663,"max":0.307937175035,"mean":0.133871376514,"median":0.127615526319,"min":0.0168245043606,"var":0.00117285351735},"erbbands_kurtosis":{"dmean":0.71036452055,"dmean2":1.16221272945,"dvar":1.05468392372,"dvar2":2.87173581123,"max":23.9273090363,"mean":0.274244517088,"median":-0.227405548096,"min":-1.67508411407,"var":4.53900718689},"erbbands_skewness":{"dmean":0.298734724522,"dmean2":0.458075970411,"dvar":0.0738657563925,"dvar2":0.168842464685,"max":3.46004199982,"mean":0.11302498728,"median":0.182556957006,"min":-3.49830746651,"var":0.5149294734},"erbbands_spread":{"dmean":8.37902259827,"dmean2":13.1151399612,"dvar":55.9770126343,"dvar2":131.947860718,"max":128.279312134,"mean":45.221698761,"median":43.608215332,"min":6.79079246521,"var":299.839172363},"gfcc":{"cov":[[26800.0234375,2917.91430664,-3543.33618164,1544.18811035,-1741.9263916,645.111999512,-871.258850098,291.80456543,-823.650695801,236.740371704,-583.277526855,-20.2440643311,-266.135375977],[2917.91430664,786.661376953,-466.629058838,185.927993774,-129.106033325,70.6623306274,-53.2766990662,-10.0914525986,-65.5737457275,8.4618139267,-33.1799430847,-28.6925868988,-17.1514587402],[-3543.33618164,-466.629058838,864.598571777,-185.402450562,181.529022217,-12.4497203827,58.7963943481,-61.3051681519,155.727752686,-39.8304443359,50.5209503174,28.8634643555,-3.98442840576],[1544.18811035,185.927993774,-185.402450562,284.916442871,8.49271678925,5.58328437805,-10.0364875793,72.2701873779,-28.5707035065,30.0274276733,-28.5948066711,2.72518372536,-0.0353345796466],[-1741.9263916,-129.106033325,181.529022217,8.49271678925,317.034423828,-30.1630535126,137.272766113,24.6529541016,54.0837402344,9.84429836273,29.5677604675,-15.3480272293,36.8374214172],[645.111999512,70.6623306274,-12.4497203827,5.58328437805,-30.1630535126,178.519729614,24.2662277222,-30.7012176514,-11.8634243011,17.0633049011,-21.2940006256,-25.9422073364,-18.2807006836],[-871.258850098,-53.2766990662,58.7963943481,-10.0364875793,137.272766113,24.2662277222,186.187362671,34.7722358704,8.73336029053,22.2507915497,26.6018829346,-26.0368347168,24.2793693542],[291.80456543,-10.0914525986,-61.3051681519,72.2701873779,24.6529541016,-30.7012176514,34.7722358704,132.828842163,26.9843425751,10.9134597778,-2.16284680367,6.04994106293,20.5386562347],[-823.650695801,-65.5737457275,155.727752686,-28.5707035065,54.0837402344,-11.8634243011,8.73336029053,26.9843425751,115.885368347,6.50268793106,14.2757091522,7.25429439545,3.33927559853],[236.740371704,8.4618139267,-39.8304443359,30.0274276733,9.84429836273,17.0633049011,22.2507915497,10.9134597778,6.50268793106,74.9972076416,15.0521039963,-2.47947263718,0.37556219101],[-583.277526855,-33.1799430847,50.5209503174,-28.5948066711,29.5677604675,-21.2940006256,26.6018829346,-2.16284680367,14.2757091522,15.0521039963,92.3667449951,17.6256980896,18.7003421783],[-20.2440643311,-28.6925868988,28.8634643555,2.72518372536,-15.3480272293,-25.9422073364,-26.0368347168,6.04994106293,7.25429439545,-2.47947263718,17.6256980896,65.6525802612,11.8372793198],[-266.135375977,-17.1514587402,-3.98442840576,-0.0353345796466,36.8374214172,-18.2807006836,24.2793693542,20.5386562347,3.33927559853,0.37556219101,18.7003421783,11.8372793198,74.8418884277]],"icov":[[0.000597589008976,-0.00078766461229,0.000773474515881,-0.0013068697881,0.00140480755363,-0.0016298891278,0.00143105955794,-0.0016117534833,0.00182413635775,-0.00132428354118,0.00134951563086,-0.000764241965953,0.000582492968533],[-0.00078766461229,0.00344984908588,0.000339002086548,0.000265683978796,-0.00135714060161,0.00152986380272,-0.00222761183977,0.00375220552087,-0.00390206812881,0.00297428085469,-0.00233146501705,0.00146705750376,-0.000747826998122],[0.000773474515881,0.000339002086548,0.0039795525372,-0.00177726545371,0.00117635575589,-0.00264741154388,0.00120926706586,0.0000720153548173,-0.00109550519846,0.000209121819353,0.00117066630628,-0.00203936663456,0.00147932278924],[-0.0013068697881,0.000265683978796,-0.00177726545371,0.00911535415798,-0.00493765296414,0.00313941994682,-0.00126970745623,-0.000603562279139,-0.00148595182691,0.000349092268152,-0.00151001883205,0.000432463537436,-0.000528472650331],[0.00140480755363,-0.00135714060161,0.00117635575589,-0.00493765296414,0.00971353799105,-0.00218891911209,-0.00119540467858,-0.00200878689066,0.00201526260935,-0.00263706198893,0.00318754836917,-0.000455220899312,-0.000433037377661],[-0.0016298891278,0.00152986380272,-0.00264741154388,0.00313941994682,-0.00218891911209,0.0118827782571,-0.00637820456177,0.00650272239,-0.00524989841506,0.00178429752123,-0.00181614863686,0.0036081247963,-0.00121182191651],[0.00143105955794,-0.00222761183977,0.00120926706586,-0.00126970745623,-0.00119540467858,-0.00637820456177,0.0145032880828,-0.00836765673012,0.00781435705721,-0.00544363120571,0.00106172938831,0.00127198407426,0.000476044311654],[-0.0016117534833,0.00375220552087,0.0000720153548173,-0.000603562279139,-0.00200878689066,0.00650272239,-0.00836765673012,0.0181601103395,-0.0115020582452,0.00514357211068,-0.00261529255658,0.00105814554263,-0.0035864287056],[0.00182413635775,-0.00390206812881,-0.00109550519846,-0.00148595182691,0.00201526260935,-0.00524989841506,0.00781435705721,-0.0115020582452,0.0211320798844,-0.00769503647462,0.00379427010193,-0.00211415579543,0.00236257608049],[-0.00132428354118,0.00297428085469,0.000209121819353,0.000349092268152,-0.00263706198893,0.00178429752123,-0.00544363120571,0.00514357211068,-0.00769503647462,0.0200255475938,-0.00669779162854,0.001695985673,-0.00027983088512],[0.00134951563086,-0.00233146501705,0.00117066630628,-0.00151001883205,0.00318754836917,-0.00181614863686,0.00106172938831,-0.00261529255658,0.00379427010193,-0.00669779162854,0.0173407793045,-0.00552931567654,-0.00090710259974],[-0.000764241965953,0.00146705750376,-0.00203936663456,0.000432463537436,-0.000455220899312,0.0036081247963,0.00127198407426,0.00105814554263,-0.00211415579543,0.001695985673,-0.00552931567654,0.0207270588726,-0.0038983093109],[0.000582492968533,-0.000747826998122,0.00147932278924,-0.000528472650331,-0.000433037377661,-0.00121182191651,0.000476044311654,-0.0035864287056,0.00236257608049,-0.00027983088512,-0.00090710259974,-0.0038983093109,0.0168260969222]],"mean":[13.2852973938,72.5054244995,-117.24798584,39.2034034729,-66.8145523071,27.2692680359,-39.3231582642,5.44147968292,-22.8214874268,-5.97059774399,-12.6805086136,-4.26568174362,-14.0775337219]},"hfc":{"dmean":7.72104978561,"dmean2":10.5104112625,"dvar":130.606842041,"dvar2":210.390350342,"max":394.106506348,"mean":29.4891471863,"median":23.9951324463,"min":0.0000164935991052,"var":506.713684082},"melbands":{"dmean":[0.000516684667673,0.00104621693026,0.000801979855169,0.000419382908149,0.000190995677258,0.000126057726447,0.00014052100596,0.0000933127303142,0.0000986058366834,0.000107785621367,0.000112571920909,0.000116495568363,0.0000652584712952,0.0000702458855812,0.0000692743924446,0.0000408317355323,0.0000282372620859,0.0000531507357664,0.000021253770683,0.0000182177846,0.0000184490436368,0.0000180816132342,0.000018429258489,0.0000170645562321,0.0000145619096656,0.0000131959841383,0.00000411330938732,0.00000399250757255,0.0000059957214944,0.00000561765045859,0.00000245141177402,0.00000342789689967,0.00000470615259474,0.00000277358685707,0.00000197903705157,0.00000432168735642,0.00000391967068936,0.00000182037581453,0.00000128245983433,5.08239850205e-7],"dmean2":[0.000761829782277,0.00174878223334,0.00136381830089,0.000679610238876,0.000303800450638,0.000195962114958,0.000213827283005,0.000147679354995,0.000154380846652,0.000167829057318,0.00017921772087,0.000186418794328,0.000106830280856,0.000113828849862,0.000111380220915,0.0000664983745082,0.0000463486976514,0.0000879085782799,0.0000347285931639,0.0000291911474051,0.0000290446532745,0.0000285395053652,0.0000291768556053,0.0000267602426902,0.0000231043577514,0.0000207975499507,0.00000630618615105,0.00000607857191426,0.00000890019327926,0.00000832029581943,0.00000373990610569,0.00000538460699318,0.00000724018627807,0.00000430013324149,0.00000313663463203,0.00000688136788085,0.00000582013399253,0.00000261973150373,0.00000181262760179,7.30077204025e-7],"dvar":[8.8115342578e-7,0.0000029041389098,0.00000155344559971,3.41457024433e-7,1.1709889236e-7,4.92846474742e-8,4.58447964036e-8,3.83101692591e-8,5.36613065094e-8,6.69277397947e-8,5.3904361863e-8,5.67794593564e-8,2.75246030412e-8,2.37161170702e-8,1.53931498659e-8,7.09936021082e-9,3.01231550814e-9,8.54052739641e-9,2.11965156538e-9,1.61217761363e-9,1.99015359748e-9,2.2475232786e-9,2.12927453447e-9,1.89766957703e-9,1.09672437798e-9,8.69644189994e-10,5.62702107132e-11,5.13487620479e-11,1.40169292839e-10,1.21436916078e-10,1.56695646042e-11,3.44317872825e-11,7.28849133824e-11,2.53208287671e-11,2.50575862143e-11,8.16512829571e-11,7.3178595128e-11,6.9332699304e-11,3.40045630542e-11,3.64991066884e-12],"dvar2":[0.00000194479980564,0.00000761055162002,0.00000409174663218,8.46317391279e-7,2.8366088145e-7,1.12986747069e-7,1.07996726229e-7,9.85072006188e-8,1.38240139336e-7,1.7778582162e-7,1.42045578855e-7,1.36564125341e-7,7.10886354227e-8,6.39033785887e-8,3.89471352946e-8,1.7982541678e-8,7.78260744738e-9,2.35336532484e-8,5.68701352677e-9,3.9413707853e-9,4.64739935424e-9,5.61188162607e-9,5.33812816172e-9,4.69311434159e-9,2.79187606367e-9,2.12128270505e-9,1.26904903253e-10,1.17807610889e-10,3.14298032045e-10,2.63908672693e-10,3.5589725611e-11,8.31095262055e-11,1.65961258625e-10,5.42855795038e-11,5.03944004582e-11,1.68289618352e-10,1.37454492233e-10,9.785437044e-11,5.71397304472e-11,7.27291317448e-12],"max":[0.0116317179054,0.0218383520842,0.0138110052794,0.00905572343618,0.0098764654249,0.00475966744125,0.00419127987698,0.00482018757612,0.00524913799018,0.00662010814995,0.00618907669559,0.00460564624518,0.00377043383196,0.00424490682781,0.00302469404414,0.00200976477936,0.00137956126127,0.00233528343961,0.00180162885226,0.00088119605789,0.00121903338004,0.00159975979477,0.00118898728397,0.00102416868322,0.000715785776265,0.000609644514043,0.000256969651673,0.000236299572862,0.000259618274868,0.000233475802816,0.0000697156938259,0.000096261537692,0.000127178733237,0.0000988272950053,0.000270236487268,0.000371172704035,0.000351719878381,0.000460868526716,0.000237677930272,0.000091849011369],"mean":[0.000785347714555,0.00152396829799,0.00124917505309,0.000780739763286,0.000373552320525,0.000255312159425,0.000267547293333,0.000159395465744,0.000165792211192,0.000175106833922,0.000183734009624,0.000177177382284,0.0000979565011221,0.000114583388495,0.000110818968096,0.0000682727477397,0.0000465368138975,0.0000824284361443,0.0000349297915818,0.0000284550569631,0.0000286681242869,0.0000299045696011,0.0000322101004713,0.0000296312082355,0.0000255157046922,0.000023598637199,0.00000855848156789,0.00000825087045087,0.0000116041928777,0.0000106737388705,0.00000512284123033,0.00000615807357462,0.00000948714932747,0.00000609154858466,0.00000405988930652,0.00000869547329785,0.00000828367683425,0.00000371144233213,0.00000233471610045,9.35611467412e-7],"median":[0.000335903663654,0.00075033021858,0.000812056241557,0.000536260195076,0.000251707213465,0.000154802779434,0.000168876635144,0.000100555938843,0.0000925484637264,0.0000866285045049,0.0000951451511355,0.0000922951076063,0.000042448988097,0.000053270276112,0.0000593669938098,0.0000351463568222,0.0000272037505056,0.0000504404815729,0.0000216892276512,0.0000133916382765,0.0000108867488962,0.0000111050421765,0.0000112112084025,0.00000882513995748,0.0000101625046227,0.00000981532139122,0.00000494962614539,0.00000464416825707,0.00000398694191972,0.00000347807122125,0.0000028923964237,0.00000345020839632,0.00000495989934279,0.00000355486895387,0.00000246290596806,0.00000519789182363,0.00000536579182153,0.0000018074512127,9.31114129799e-7,3.77818594188e-7],"min":[1.28422410607e-16,3.15313229162e-16,1.93431342276e-16,1.31899149983e-16,1.20219306794e-16,2.97901540489e-16,3.13142363128e-16,2.44659643463e-16,4.29628901603e-16,5.24708958737e-16,2.55939501812e-16,4.16890373109e-16,4.29466403626e-16,5.16362401954e-16,4.38505674541e-16,4.54353078649e-16,4.32925289135e-16,4.0996167007e-16,3.54521510788e-16,2.79368221375e-16,3.33780664995e-16,1.46406693552e-16,1.15418350519e-16,8.51011950698e-17,4.87096023963e-17,5.35340869969e-17,6.09470645796e-17,1.2000130169e-16,1.97877219693e-16,2.27600876361e-16,2.26195992809e-16,5.89329631678e-16,8.80668943227e-16,2.09582547985e-15,2.51636420915e-15,2.34979772117e-15,6.81470786241e-15,5.08886213875e-15,4.2976736502e-15,2.68091920564e-15],"var":[0.00000150755931827,0.00000429409055869,0.00000191322078535,6.99207760135e-7,2.7714031603e-7,1.08390587172e-7,9.76173240019e-8,5.01158936572e-8,7.87232394828e-8,1.14558027065e-7,9.06361492525e-8,9.25492571469e-8,4.17085672666e-8,4.34964988472e-8,2.87756645179e-8,1.43382044016e-8,5.63901725315e-9,1.16780345394e-8,2.82687295794e-9,2.52594478667e-9,3.51789131159e-9,4.53378090626e-9,4.9371169375e-9,4.2668109046e-9,2.00102379111e-9,1.77692960346e-9,1.36585048827e-10,1.18558829421e-10,3.41651790192e-10,3.24426263631e-10,3.91472479433e-11,6.22008347606e-11,1.75690462179e-10,6.46012271455e-11,4.86857984483e-11,1.83338372262e-10,1.73767902845e-10,1.70577413305e-10,7.54785470236e-11,6.56946459038e-12]},"melbands_crest":{"dmean":3.04355835915,"dmean2":5.02389812469,"dvar":6.96883249283,"dvar2":18.6254558563,"max":33.25598526,"mean":11.6870594025,"median":11.0272312164,"min":3.29354763031,"var":18.2289638519},"melbands_flatness_db":{"dmean":0.0208062324673,"dmean2":0.0335807166994,"dvar":0.000385750405258,"dvar2":0.000980573357083,"max":0.530183553696,"mean":0.142137601972,"median":0.135588943958,"min":0.0258698035032,"var":0.0019820544403},"melbands_kurtosis":{"dmean":4.71959161758,"dmean2":7.64972162247,"dvar":82.0511245728,"dvar2":203.006530762,"max":319.937164307,"mean":9.2748336792,"median":5.84872245789,"min":-1.75092470646,"var":267.971557617},"melbands_skewness":{"dmean":0.626980781555,"dmean2":0.994822442532,"dvar":0.406080693007,"dvar2":0.998839795589,"max":15.5066547394,"mean":2.26946568489,"median":2.1601061821,"min":-3.2907576561,"var":2.02482700348},"melbands_spread":{"dmean":8.83580303192,"dmean2":13.8840198517,"dvar":92.7844696045,"dvar2":206.256835938,"max":221.908065796,"mean":35.0855369568,"median":31.602973938,"min":0.469018936157,"var":345.409240723},"mfcc":{"cov":[[11431.0048828,865.29309082,46.971912384,94.8645477295,-103.571014404,133.442474365,-64.269203186,124.927284241,-143.181884766,71.3679046631,-109.476425171,-17.7758407593,-152.293762207],[865.29309082,527.423217773,-1.99514305592,-0.248960077763,13.7656030655,70.1959381104,5.3623547554,27.3462963104,-35.2106323242,36.2792549133,-5.58512115479,-22.5637302399,-11.8184423447],[46.971912384,-1.99514305592,361.601379395,-75.8992614746,13.2323770523,45.7554016113,-101.225646973,26.1218395233,-56.2289962769,17.550573349,15.5066633224,-56.4267311096,6.96187400818],[94.8645477295,-0.248960077763,-75.8992614746,279.538208008,70.7404708862,-43.5861358643,57.4403076172,17.332529068,77.527053833,-28.2435302734,20.4792442322,75.1164169312,-10.8717842102],[-103.571014404,13.7656030655,13.2323770523,70.7404708862,126.292160034,8.98216915131,-13.6993770599,16.329662323,32.2854194641,-3.70165467262,6.1619887352,15.5065164566,0.454653441906],[133.442474365,70.1959381104,45.7554016113,-43.5861358643,8.98216915131,178.799102783,42.0971984863,-3.72373867035,-5.2020111084,32.9211769104,14.1278867722,-37.8163299561,20.3389625549],[-64.269203186,5.3623547554,-101.225646973,57.4403076172,-13.6993770599,42.0971984863,187.911270142,-1.42079997063,51.5222473145,16.0611801147,3.63520598412,33.2697906494,5.68386983871],[124.927284241,27.3462963104,26.1218395233,17.332529068,16.329662323,-3.72373867035,-1.42079997063,82.3443450928,22.2326698303,2.41455101967,6.89573526382,3.00060200691,-0.102336935699],[-143.181884766,-35.2106323242,-56.2289962769,77.527053833,32.2854194641,-5.2020111084,51.5222473145,22.2326698303,136.31388855,21.5260543823,4.43995094299,35.8656578064,7.5487279892],[71.3679046631,36.2792549133,17.550573349,-28.2435302734,-3.70165467262,32.9211769104,16.0611801147,2.41455101967,21.5260543823,79.3565597534,17.7790718079,-14.8468999863,1.2963758707],[-109.476425171,-5.58512115479,15.5066633224,20.4792442322,6.1619887352,14.1278867722,3.63520598412,6.89573526382,4.43995094299,17.7790718079,72.3640670776,23.3201522827,3.36853456497],[-17.7758407593,-22.5637302399,-56.4267311096,75.1164169312,15.5065164566,-37.8163299561,33.2697906494,3.00060200691,35.8656578064,-14.8468999863,23.3201522827,100.361068726,12.8121395111],[-152.293762207,-11.8184423447,6.96187400818,-10.8717842102,0.454653441906,20.3389625549,5.68386983871,-0.102336935699,7.5487279892,1.2963758707,3.36853456497,12.8121395111,64.8699798584]],"icov":[[0.000116644645459,-0.000137805851409,9.49021909946e-7,-0.000157664428116,0.000219874287723,-0.000192130246432,0.00015118047304,-0.000206319542485,0.000165178877069,-0.000206731652725,0.000348787638359,-0.000248921860475,0.000283300381852],[-0.000137805851409,0.00248191924766,0.0004195010697,-0.000336725701345,-0.000408967665862,-0.000883384782355,0.000143759607454,-0.000969066342805,0.00122648756951,-0.00134222838096,0.000544290058315,-0.0000504822601215,0.000158715163707],[9.49021909946e-7,0.0004195010697,0.00403745332733,0.0000444397846877,-0.000431963650044,-0.00112810148858,0.00194027915131,-0.00166277447715,0.00128703378141,-0.00097234651912,-0.000663156912196,0.000987680628896,-0.000454073655419],[-0.000157664428116,-0.000336725701345,0.0000444397846877,0.00676803709939,-0.00317550846376,0.00155631499365,-0.00190328457393,0.000468229874969,-0.00269560702145,0.00320475082844,-0.00232518021949,-0.00161151366774,0.00108847673982],[0.000219874287723,-0.000408967665862,-0.000431963650044,-0.00317550846376,0.0110735474154,-0.00237019732594,0.00276497122832,-0.00129847787321,-0.001503184787,-0.000209486679523,0.00132411811501,-0.00129734363873,0.000743644137401],[-0.000192130246432,-0.000883384782355,-0.00112810148858,0.00155631499365,-0.00237019732594,0.00944905728102,-0.0038754704874,0.00171300920192,-0.000550806929823,-0.0000952171103563,-0.00341582437977,0.00455030146986,-0.0034891597461],[0.00015118047304,0.000143759607454,0.00194027915131,-0.00190328457393,0.00276497122832,-0.0038754704874,0.00894153956324,-0.000778460234869,-0.00104730995372,-0.00202759471722,0.00191212026402,-0.00273463129997,0.000868141651154],[-0.000206319542485,-0.000969066342805,-0.00166277447715,0.000468229874969,-0.00129847787321,0.00171300920192,-0.000778460234869,0.0146181350574,-0.00368294119835,0.00190297747031,-0.00239200796932,0.00135666504502,-0.000593911332544],[0.000165178877069,0.00122648756951,0.00128703378141,-0.00269560702145,-0.001503184787,-0.000550806929823,-0.00104730995372,-0.00368294119835,0.0127986632288,-0.00609097350389,0.00304094259627,-0.00256018643267,-0.000729346415028],[-0.000206731652725,-0.00134222838096,-0.00097234651912,0.00320475082844,-0.000209486679523,-0.0000952171103563,-0.00202759471722,0.00190297747031,-0.00609097350389,0.0190171264112,-0.00670594489202,0.00387167558074,0.0000358475772373],[0.000348787638359,0.000544290058315,-0.000663156912196,-0.00232518021949,0.00132411811501,-0.00341582437977,0.00191212026402,-0.00239200796932,0.00304094259627,-0.00670594489202,0.0196282342076,-0.00735964393243,0.00170434231404],[-0.000248921860475,-0.0000504822601215,0.000987680628896,-0.00161151366774,-0.00129734363873,0.00455030146986,-0.00273463129997,0.00135666504502,-0.00256018643267,0.00387167558074,-0.00735964393243,0.0183073692024,-0.00515857711434],[0.000283300381852,0.000158715163707,-0.000454073655419,0.00108847673982,0.000743644137401,-0.0034891597461,0.000868141651154,-0.000593911332544,-0.000729346415028,0.0000358475772373,0.00170434231404,-0.00515857711434,0.0183668714017]],"mean":[-612.730834961,94.2678756714,8.10941410065,12.3207960129,2.6014611721,10.4881734848,-0.0453230403364,9.26626396179,-7.8755440712,5.16614151001,-3.88522934914,-0.266876161098,-8.48239707947]},"pitch_salience":{"dmean":0.0625293105841,"dmean2":0.103422127664,"dvar":0.00271635339595,"dvar2":0.00738107319921,"max":0.84931665659,"mean":0.583734989166,"median":0.59169280529,"min":0.0887152403593,"var":0.00915057118982},"silence_rate_20dB":{"dmean":0,"dmean2":0,"dvar":0,"dvar2":0,"max":1,"mean":1,"median":1,"min":1,"var":0},"silence_rate_30dB":{"dmean":0,"dmean2":0,"dvar":0,"dvar2":0,"max":1,"mean":1,"median":1,"min":1,"var":0},"silence_rate_60dB":{"dmean":0.00269872415811,"dmean2":0.00539811048657,"dvar":0.00269145169295,"dvar2":0.00585973728448,"max":1,"mean":0.0641481652856,"median":0,"min":0,"var":0.0600334852934},"spectral_centroid":{"dmean":254.705795288,"dmean2":391.375427246,"dvar":71082.109375,"dvar2":146949.75,"max":12026.2949219,"mean":1772.72229004,"median":1542.40454102,"min":164.698669434,"var":1772719.125},"spectral_complexity":{"dmean":3.48969578743,"dmean2":5.09090900421,"dvar":12.033033371,"dvar2":21.4962005615,"max":54,"mean":22.3500556946,"median":22,"min":0,"var":89.2260055542},"spectral_contrast_coeffs":{"dmean":[0.0512069016695,0.0434791184962,0.0394474081695,0.0317136645317,0.0224267821759,0.0163916572928],"dmean2":[0.0842458754778,0.0708848461509,0.0639098733664,0.051360309124,0.0348551906645,0.025771105662],"dvar":[0.00168976513669,0.00119668664411,0.000977113260888,0.000639381527435,0.000354494783096,0.000206354525289],"dvar2":[0.00463189603761,0.00312221073546,0.00252174888737,0.00162722368259,0.000768605736084,0.00045334524475],"max":[-0.347763299942,-0.468144893646,-0.504909038544,-0.53125077486,-0.512413442135,-0.581481814384],"mean":[-0.639377892017,-0.731980443001,-0.747372090816,-0.751848518848,-0.774913907051,-0.760881125927],"median":[-0.638015389442,-0.731960177422,-0.749498844147,-0.750813364983,-0.783165812492,-0.75832504034],"min":[-0.961282432079,-0.969999492168,-0.963754653931,-0.960588276386,-0.968273222446,-0.958842515945],"var":[0.0060892184265,0.004883014597,0.00455582328141,0.00318989763036,0.00310213654302,0.00175534945447]},"spectral_contrast_valleys":{"dmean":[0.408533573151,0.322965919971,0.293282449245,0.259470403194,0.205423146486,0.203430041671],"dmean2":[0.659458398819,0.523528397083,0.460626542568,0.399086862803,0.293928265572,0.291202813387],"dvar":[0.126886546612,0.0884318500757,0.0768203809857,0.0667599886656,0.0546831488609,0.0560176372528],"dvar2":[0.284300714731,0.192181870341,0.156064838171,0.11996768415,0.0866184383631,0.0953209474683],"max":[-5.40600776672,-5.17469501495,-5.02899742126,-6.0343503952,-5.76401281357,-6.96681404114],"mean":[-7.331158638,-6.91660308838,-7.33629751205,-7.72571277618,-7.54064226151,-9.53018665314],"median":[-6.99996376038,-6.58110380173,-7.02372217178,-7.42412376404,-7.27303314209,-9.27734947205],"min":[-27.2691917419,-27.4535369873,-27.2839794159,-27.1820240021,-27.0108222961,-27.2742862701],"var":[3.51261329651,3.05309128761,2.95354962349,2.79771232605,2.91553163528,2.13858985901]},"spectral_decrease":{"dmean":1.81556025769e-9,"dmean2":2.85005530287e-9,"dvar":5.22185596302e-18,"dvar2":1.16657116352e-17,"max":5.55170804619e-15,"mean":-6.21804696621e-9,"median":-5.73303315932e-9,"min":-2.61987782579e-8,"var":1.24767804238e-17},"spectral_energy":{"dmean":0.00726998830214,"dmean2":0.0112642655149,"dvar":0.0000802478607511,"dvar2":0.000175144916284,"max":0.102587752044,"mean":0.0261430852115,"median":0.0243311673403,"min":8.38089486699e-10,"var":0.000209274701774},"spectral_energyband_high":{"dmean":0.0006856136024,"dmean2":0.000952208472881,"dvar":0.00000153468795361,"dvar2":0.00000244991065301,"max":0.0480624586344,"mean":0.00188922416419,"median":0.00123661884572,"min":4.39868641511e-10,"var":0.00000500104806633},"spectral_energyband_low":{"dmean":0.00454555638134,"dmean2":0.00740265427157,"dvar":0.0000519052046002,"dvar2":0.000126417915453,"max":0.0798906311393,"mean":0.00776949664578,"median":0.00444595701993,"min":3.51579638307e-15,"var":0.0000864523535711},"spectral_energyband_middle_high":{"dmean":0.00241210870445,"dmean2":0.00363030680455,"dvar":0.00000981592984317,"dvar2":0.0000222815815505,"max":0.0484609492123,"mean":0.0074507012032,"median":0.00583598343655,"min":8.04000963028e-14,"var":0.000035436503822},"spectral_energyband_middle_low":{"dmean":0.00370072526857,"dmean2":0.0059647927992,"dvar":0.0000205928172363,"dvar2":0.0000515773754159,"max":0.0591478049755,"mean":0.0105245672166,"median":0.00943428371102,"min":2.20817728523e-14,"var":0.0000485120108351},"spectral_entropy":{"dmean":0.108349367976,"dmean2":0.164974614978,"dvar":0.00970664620399,"dvar2":0.0215913672,"max":9.81616306305,"mean":7.89053487778,"median":7.87287187576,"min":6.2531914711,"var":0.113740198314},"spectral_flux":{"dmean":0.0192818716168,"dmean2":0.0304854679853,"dvar":0.000477372464957,"dvar2":0.00105147459544,"max":0.276510119438,"mean":0.0853981748223,"median":0.0832950845361,"min":0.0000747297744965,"var":0.00146184233017},"spectral_kurtosis":{"dmean":0.629892885685,"dmean2":1.03733229637,"dvar":0.370213627815,"dvar2":1.02528989315,"max":12.6912736893,"mean":1.99538135529,"median":1.92193555832,"min":-1.33953070641,"var":1.62068092823},"spectral_rms":{"dmean":0.000664986495394,"dmean2":0.00101556186564,"dvar":5.59789896215e-7,"dvar2":0.00000115377645216,"max":0.010004280135,"mean":0.00477470736951,"median":0.00487213768065,"min":9.04239072952e-7,"var":0.00000270746863862},"spectral_rolloff":{"dmean":654.815734863,"dmean2":1093.57849121,"dvar":955782.5625,"dvar2":2103838.25,"max":22028.4667969,"mean":2498.74511719,"median":1722.65625,"min":86.1328125,"var":9359245},"spectral_skewness":{"dmean":0.12427226454,"dmean2":0.196404457092,"dvar":0.0121512431651,"dvar2":0.0287236943841,"max":2.77099466324,"mean":1.17659044266,"median":1.19591510296,"min":-0.178299412131,"var":0.0747143477201},"spectral_spread":{"dmean":463460.8125,"dmean2":692471,"dvar":402403491840,"dvar2":740222238720,"max":41221048,"mean":6023035,"median":5405339.5,"min":2426072.5,"var":16752771596300},"spectral_strongpeak":{"dmean":0.647209227085,"dmean2":1.13781905174,"dvar":1.29204881191,"dvar2":3.5247502327,"max":11.9158992767,"mean":0.885667383671,"median":0.419344872236,"min":0,"var":1.59951174259},"zerocrossingrate":{"dmean":0.0109732709825,"dmean2":0.0129756052047,"dvar":0.000210056794458,"dvar2":0.000203610004974,"max":0.90478515625,"mean":0.101386301219,"median":0.083984375,"min":0.00341796875,"var":0.0113563761115}},"metadata":{"audio_properties":{"analysis_sample_rate":44100,"bit_rate":0,"codec":"flac","downmix":"mix","equal_loudness":0,"length":189.279998779,"lossless":true,"md5_encoded":"f3fe283f247eb010f08b4948939b2719","replay_gain":-14.8223419189,"sample_rate":44100},"tags":{"acoustid_id":["1e9b824a-1d99-4142-bf13-c219d44fb60e"],"album":["The Albums"],"albumartist":["ABBA"],"albumartistsort":["ABBA"],"artist":["ABBA"],"artistsort":["ABBA"],"asin":["B001F9Y2CM"],"barcode":["602517748521"],"bpm":["0"],"catalognumber":["060251774852"],"compilation":["0"],"date":["2008-10-27"],"discnumber":["9"],"discsubtitle":["Bonus Tracks"],"disctotal":["9"],"engineer":["Michael B. Tretow"],"file_name":"09-03 Ring Ring (Bara du slog en signal) (Swedish version).flac","isrc":["SEAYD7301011"],"label":["Polar"],"language":["eng"],"media":["CD"],"musicbrainz_albumartistid":["d87e52c5-bb8d-4da8-b941-9f4928627dc8"],"musicbrainz_albumid":["35a70166-074b-407d-b45b-1d12411296b1"],"musicbrainz_artistid":["d87e52c5-bb8d-4da8-b941-9f4928627dc8"],"musicbrainz_recordingid":["67d8d5c9-6627-4afe-ae37-2039fded00d8"],"musicbrainz_releasegroupid":["a9a2f2c5-9589-3377-a807-23d07dead17a"],"musicbrainz_releasetrackid":["ec0431a6-cf1d-3fb6-a51f-89bd832b9742"],"originaldate":["2008-10-27"],"originalyear":["2008"],"performer":["Lars O. Carlsson (saxophone)","Rutger Gunnarsson (bass)","Ola Brunkert (drums)","Malando Gassama (percussion)","Lars O. Carlsson (flute)","Benny Andersson (keyboard)","Björn Ulvaeus (acoustic guitar)","Agnetha Fältskog (vocals)","Anni-Frid Lyngstad (vocals)","Benny Andersson (vocals)","Björn Ulvaeus (vocals)","Benny Andersson (mellotron)","Björn Ulvaeus (additional guitars)","Benny Andersson (piano)","Benny Andersson (moog)","Janne Schaffer (guitars)"],"producer":["Benny Andersson","Björn Ulvaeus"],"releasecountry":["XE"],"releasestatus":["official"],"releasetype":["album","compilation"],"script":["Latn"],"title":["Ring Ring (Bara du slog en signal) (Swedish version)"],"totaldiscs":["9"],"totaltracks":["