{"lowlevel":{"average_loudness":0.833921432495,"barkbands":{"dmean":[0.00633596163243,0.0104812914506,0.00190682394896,0.000788720848504,0.00115371309221,0.0013037675526,0.00156235438772,0.000811444711871,0.000666894658934,0.000559258565772,0.000467404926894,0.000842138833832,0.000968829903286,0.000606628367677,0.000464962184196,0.000346390559571,0.000276149221463,0.000205546006327,0.00027266642428,0.000162965487107,0.000115377559268,0.0000341309314535,0.0000103523325379,0.00000341741929333,0.00000252511404142,0.00000796128460934,0.000591359566897],"dmean2":[0.010517151095,0.0173689704388,0.00328794075176,0.00135964516085,0.00192695553415,0.00216817413457,0.00259038549848,0.00137403060216,0.00111266295426,0.000943048333284,0.000792426173575,0.00141401297878,0.00163308018818,0.001034871093,0.00078169349581,0.0005914971116,0.000465414777864,0.000329348025844,0.000432359316619,0.000245970091783,0.000168420185219,0.0000518623783137,0.0000152518605319,0.00000541601548321,0.00000417974888478,0.0000112901125249,0.000901218794752],"dvar":[0.0000700627788319,0.000185089404113,0.00000719889158063,0.00000155167049343,0.00000361632714885,0.00000748390220906,0.0000157153026521,0.00000446278090749,0.00000190322248272,0.00000115353611818,6.84282952079e-7,0.00000181885286565,0.00000233560967899,8.24556479984e-7,3.86923545648e-7,2.23103910457e-7,1.41216432326e-7,8.89025955075e-8,2.22440874609e-7,1.17293645019e-7,1.06549599366e-7,4.80963091576e-9,2.62530497341e-10,2.0254402322e-11,1.37097564204e-11,1.19685469868e-10,5.05965147113e-7],"dvar2":[0.000177872818313,0.000468596408609,0.0000199119149329,0.00000422401399192,0.00000960107081482,0.00001977955435,0.0000431232256233,0.0000122938372442,0.00000510209929416,0.00000314771477861,0.00000180473944056,0.00000487167881147,0.0000062516323851,0.00000233129685512,0.00000104321100025,6.2876068796e-7,3.86993860957e-7,2.04289349881e-7,5.34663683993e-7,2.32850354109e-7,1.92513383013e-7,1.0808405726e-8,5.7461352343e-10,4.93387032618e-11,3.39369678193e-11,2.32186325722e-10,0.00000106872766992],"max":[0.272318601608,0.475088536739,0.0757654607296,0.0309489257634,0.0655525103211,0.0708253085613,0.115104988217,0.0618972554803,0.0484850741923,0.0184857845306,0.0192716121674,0.0372587218881,0.0400338619947,0.0223525166512,0.0145145859569,0.010588449426,0.00987838674337,0.00927640683949,0.0103867892176,0.0112108830363,0.0128835383803,0.00284133432433,0.000507207994815,0.0000760468028602,0.0000567699280509,0.000516822212376,0.0326639004052],"mean":[0.00668111210689,0.011890980415,0.00232597650029,0.000987979699858,0.0017629932845,0.00195075094234,0.00234636105597,0.00120297225658,0.00103863328695,0.000873907993082,0.000741725438274,0.00148291850928,0.00179005344398,0.00113272515591,0.000945128733292,0.000702491553966,0.000580211053602,0.000472171785077,0.000521622074302,0.000401480065193,0.000277378334431,0.0000829276832519,0.0000237039294007,0.00000517872513228,0.00000275270190286,0.0000184733198694,0.00254149548709],"median":[0.00378157244995,0.00733240507543,0.00144686433487,0.000539822154678,0.000999498413876,0.000905547873117,0.000920754100662,0.000522687507328,0.000551198667381,0.000398071948439,0.000419054704253,0.00090887863189,0.00114303093869,0.00077226938447,0.000689825974405,0.000500530877616,0.000432089262176,0.000296738639008,0.000296483864076,0.00021537867724,0.0000989306645351,0.0000414941314375,0.0000122824167192,0.00000309656752506,0.00000133793548684,0.0000107745427158,0.00217475695536],"min":[9.29217640719e-24,3.82529696994e-23,2.70191360252e-23,6.42026675058e-25,1.08838255569e-22,4.52299300688e-23,9.47696344548e-23,7.55948744731e-23,1.54388504186e-23,8.33572152934e-23,2.59921700775e-23,4.29175862735e-23,1.09706456949e-22,1.35446685364e-22,1.99862643503e-22,1.03352680917e-22,2.34053844132e-22,2.11159813242e-22,2.94797648447e-22,3.7796686241e-22,4.52095755642e-22,5.36426071883e-22,6.68963842124e-22,8.61347958028e-22,1.1146247647e-21,1.55658912294e-21,2.52531920028e-21],"var":[0.0000735386420274,0.000197984219994,0.00000869524774316,0.00000211225506064,0.00000621300750936,0.0000112174939204,0.0000239383134613,0.00000773172541813,0.00000311301846523,0.00000198621410163,0.0000011979861938,0.00000347654281541,0.00000487593206344,0.00000153984240114,8.32701175568e-7,5.47856075173e-7,3.42964000311e-7,3.05650104337e-7,4.56625571132e-7,5.04270758483e-7,4.24204529281e-7,1.76923702355e-8,1.07239350733e-9,3.80969075731e-11,1.58346096651e-11,5.55207213537e-10,0.00000381927566195]},"barkbands_crest":{"dmean":3.09913992882,"dmean2":5.16636323929,"dvar":6.79020643234,"dvar2":18.0733108521,"max":26.8984298706,"mean":8.72281074524,"median":7.91393709183,"min":2.55303025246,"var":15.0102958679},"barkbands_flatness_db":{"dmean":0.0239053629339,"dmean2":0.0384936966002,"dvar":0.000437979324488,"dvar2":0.00110233412124,"max":0.48854392767,"mean":0.115031287074,"median":0.107910633087,"min":0.0418893545866,"var":0.00167370727286},"barkbands_kurtosis":{"dmean":3.27067661285,"dmean2":5.34819746017,"dvar":296.364013672,"dvar2":837.561401367,"max":1201.64501953,"mean":4.98770046234,"median":1.2048664093,"min":-1.79583597183,"var":1535.21447754},"barkbands_skewness":{"dmean":0.5838072896,"dmean2":0.92606317997,"dvar":0.399087876081,"dvar2":1.01920461655,"max":32.6942672729,"mean":1.57040393353,"median":1.31639528275,"min":-2.0752325058,"var":2.64211988449},"barkbands_spread":{"dmean":10.1788692474,"dmean2":16.2205410004,"dvar":79.3406906128,"dvar2":190.963348389,"max":125.432739258,"mean":47.7672424316,"median":46.053855896,"min":0.338999211788,"var":358.688964844},"dissonance":{"dmean":0.0112869525328,"dmean2":0.0194987989962,"dvar":0.000128494139062,"dvar2":0.000369128450984,"max":0.500000178814,"mean":0.483380645514,"median":0.486944913864,"min":0.341870188713,"var":0.000183541153092},"dynamic_complexity":2.26754593849,"erbbands":{"dmean":[0.594356834888,1.47759485245,2.28205323219,2.23907327652,3.0462372303,4.23770904541,6.55885314941,12.7994041443,20.6993789673,20.5454559326,17.3241653442,15.3431501389,13.4787378311,19.532365799,20.7875823975,33.6563034058,43.1704826355,30.15691185,26.4997062683,20.4361839294,15.9908351898,15.2916688919,10.6489830017,11.8345956802,13.4610023499,7.75442647934,6.12515163422,3.19089627266,1.44935715199,0.583305120468,0.244164809585,0.103322409093,0.0406960211694,0.0277082677931,0.0183354057372,0.0114981820807,0.0151034835726,0.0333419442177,0.0528557039797,0.0142382038757],"dmean2":[0.972275018692,2.53059697151,3.92138171196,3.83204865456,5.15914344788,7.09978485107,10.9548892975,21.337480545,34.790145874,34.1492805481,29.0116558075,25.6957874298,22.6834812164,32.9261360168,34.9522781372,56.2350349426,72.7715530396,51.0369987488,44.7575416565,34.1914329529,27.0887622833,25.6719512939,16.8850154877,18.4173564911,22.0909633636,11.8088665009,9.05898094177,4.54925060272,2.20169091225,0.855834364891,0.356554746628,0.155218303204,0.0670269429684,0.0459553152323,0.0302757080644,0.0187905430794,0.0207986291498,0.0447432212532,0.0743387043476,0.0220526382327],"dvar":[0.659177362919,3.47068619728,9.66465950012,10.2804555893,22.0238075256,61.1445808411,148.846328735,846.807006836,2650.8972168,1913.90185547,2189.15112305,924.452575684,641.029174805,1905.08154297,1271.66625977,2505.12011719,4989.62597656,1480.17285156,1606.61486816,710.751342773,532.441101074,425.496520996,235.497695923,342.377929688,584.576721191,264.636444092,311.168426514,77.6474990845,8.79567527771,0.914915382862,0.135951593518,0.018113899976,0.00364534580149,0.00170549773611,0.000702513789292,0.000251932360698,0.000432797445683,0.00291303428821,0.0101211164147,0.000268689065706],"dvar2":[1.67683625221,9.10785484314,26.5299892426,27.6904792786,60.3849716187,161.228912354,389.740570068,2234.41748047,7323.58056641,5070.49414062,5970.93798828,2499.62768555,1712.48168945,5055.58300781,3483.22241211,6708.98339844,13224.2226562,4033.77807617,4382.18115234,1887.04296875,1491.46386719,1154.9609375,534.087219238,767.040161133,1469.71569824,544.012939453,600.892822266,132.590240479,19.6721515656,1.92178010941,0.303006350994,0.040126208216,0.00905695091933,0.00422935048118,0.00173698842991,0.000621238024905,0.000782637682278,0.00523248780519,0.0178993809968,0.000596956408117],"max":[31.9759349823,40.6611061096,72.0540924072,91.6475448608,95.8639602661,254.744476318,339.654510498,825.571105957,1210.58117676,1166.67602539,1507.59020996,945.563232422,660.090393066,1385.52282715,826.772705078,1369.37353516,1940.65649414,956.592407227,816.217956543,950.068481445,530.569458008,582.520874023,479.615966797,463.201263428,599.610412598,532.696655273,701.325195312,437.301086426,115.539245605,27.1460533142,17.116317749,3.45888519287,0.949801027775,0.641262948513,0.400650590658,0.224332809448,0.967655360699,1.54120182991,4.01470708847,0.844756424427],"mean":[0.604136049747,1.68090498447,2.90632271767,3.082447052,4.29023122787,5.9590754509,9.61732196808,18.5661907196,30.704202652,31.5483531952,27.2756996155,24.0844020844,22.3260269165,32.2123680115,37.5339355469,63.8988761902,83.3331832886,62.2118110657,55.3249893188,45.5541954041,35.5693817139,33.7018585205,25.0216426849,26.6458473206,25.6903953552,19.2388954163,14.5268821716,7.84876537323,3.47761201859,1.47425055504,0.553311407566,0.190344765782,0.0480896644294,0.0300817135721,0.0203726906329,0.0144937718287,0.0377301163971,0.113451719284,0.190252348781,0.0711012706161],"median":[0.31570661068,1.05537128448,1.88926255703,1.99030685425,2.50430965424,3.07020711899,4.90168952942,8.03862094879,11.6667957306,13.9843845367,12.4017248154,12.7968559265,11.8803577423,14.9857549667,23.2812843323,40.8664321899,53.9649429321,45.9420967102,38.5908088684,35.5908126831,25.9700737,25.3041191101,16.5321998596,16.1652050018,14.8901004791,10.4100265503,5.44011068344,3.15789914131,1.67948389053,0.750046253204,0.302316904068,0.107210785151,0.0262887757272,0.0144780110568,0.0101593211293,0.00840278528631,0.0219468101859,0.0591757670045,0.113622739911,0.0640615522861],"min":[1.38667035198e-21,7.71994175543e-21,2.6029444866e-20,2.00863266482e-20,4.7040019833e-20,4.56698048418e-19,4.80484919402e-19,4.4604856332e-19,1.53874712147e-18,1.32549024018e-18,1.24188109861e-18,5.02812178496e-19,1.80999091466e-18,2.041079742e-18,1.4317825353e-18,1.89890972858e-18,5.56301171741e-18,5.80134892167e-18,6.99258206156e-18,1.02242394028e-17,8.93701319362e-18,1.31720861128e-17,1.04949896794e-17,1.04237040814e-17,2.03937856236e-17,1.63971003666e-17,1.85403881995e-17,1.8109686835e-17,1.98097100843e-17,1.56425329769e-17,2.25993386498e-17,1.61549068463e-17,1.50205824918e-17,1.19407764859e-17,8.18144491541e-18,4.85579752269e-18,3.13318934755e-18,1.1563195006e-18,3.18107090411e-19,4.15596090015e-20],"var":[0.663145840168,3.83184146881,11.8899335861,14.5246992111,32.263420105,97.7872772217,244.734573364,1199.13476562,4005.16650391,3143.66333008,3751.0703125,1512.82470703,1080.82299805,3186.14013672,2388.30249023,5096.88574219,10504.0712891,3281.68896484,3353.11450195,1702.57434082,1425.93322754,1102.71020508,802.211914062,1027.30847168,1194.74267578,1109.95019531,1145.1340332,328.092102051,32.5421791077,4.27478122711,0.527344584465,0.0557808019221,0.00425507221371,0.00193800707348,0.00082484545419,0.000320119026583,0.00232514133677,0.0228054020554,0.062583103776,0.00205799099058]},"erbbands_crest":{"dmean":2.14127612114,"dmean2":3.64559006691,"dvar":4.26320648193,"dvar2":11.6353473663,"max":29.3044757843,"mean":7.31479883194,"median":6.52639484406,"min":2.70864343643,"var":9.63048553467},"erbbands_flatness_db":{"dmean":0.0170032642782,"dmean2":0.026713013649,"dvar":0.00019299518317,"dvar2":0.000459986389615,"max":0.301615208387,"mean":0.145035207272,"median":0.141836956143,"min":0.0441468954086,"var":0.000974766269792},"erbbands_kurtosis":{"dmean":0.758141517639,"dmean2":1.25385510921,"dvar":0.750494062901,"dvar2":1.9785245657,"max":23.986995697,"mean":0.517991542816,"median":0.246299266815,"min":-1.77813816071,"var":1.72577536106},"erbbands_skewness":{"dmean":0.292475491762,"dmean2":0.47380232811,"dvar":0.0592577755451,"dvar2":0.153816744685,"max":2.36312294006,"mean":-0.316972702742,"median":-0.333825230598,"min":-2.67467260361,"var":0.289736419916},"erbbands_spread":{"dmean":4.91944694519,"dmean2":8.01781272888,"dvar":17.5309734344,"dvar2":46.1708259583,"max":166.721908569,"mean":26.6572284698,"median":25.9323253632,"min":3.96516156197,"var":93.0196380615},"gfcc":{"cov":[[8698.02441406,476.363555908,-699.60168457,35.3339347839,152.022018433,-515.06262207,342.944732666,-203.99911499,4.60386276245,39.9840927124,26.3917961121,12.4521484375,10.9398574829],[476.363555908,764.143493652,11.7148265839,-306.224945068,116.94909668,48.6806755066,-114.252197266,-7.58271980286,25.7748966217,-25.9290103912,42.3380851746,-65.2367553711,58.2879486084],[-699.60168457,11.7148265839,281.054718018,19.7473621368,-45.0198898315,154.563034058,-99.0388259888,62.9479751587,-23.7173480988,8.79819107056,-12.4890871048,-15.2028827667,10.3035469055],[35.3339347839,-306.224945068,19.7473621368,333.927215576,30.6709156036,-69.2745513916,152.600891113,-35.2954902649,-12.2978553772,-4.36322259903,-17.0911941528,39.7221946716,-43.8973236084],[152.022018433,116.94909668,-45.0198898315,30.6709156036,155.308746338,11.8199596405,29.508682251,-32.5613288879,-8.9146232605,-25.667301178,11.1383867264,-12.5106639862,2.54419279099],[-515.06262207,48.6806755066,154.563034058,-69.2745513916,11.8199596405,235.049911499,-114.427566528,66.7965698242,-30.1777667999,-2.28489112854,3.37531781197,-17.9010257721,21.0583343506],[342.944732666,-114.252197266,-99.0388259888,152.600891113,29.508682251,-114.427566528,238.632705688,-37.3841705322,50.4735450745,-4.55126428604,-14.7617883682,34.3711471558,-43.6837043762],[-203.99911499,-7.58271980286,62.9479751587,-35.2954902649,-32.5613288879,66.7965698242,-37.3841705322,152.952102661,14.7487182617,22.0668773651,12.6340847015,-30.8679771423,19.0642547607],[4.60386276245,25.7748966217,-23.7173480988,-12.2978553772,-8.9146232605,-30.1777667999,50.4735450745,14.7487182617,102.079627991,29.1636924744,11.010017395,14.7634372711,-28.4388446808],[39.9840927124,-25.9290103912,8.79819107056,-4.36322259903,-25.667301178,-2.28489112854,-4.55126428604,22.0668773651,29.1636924744,67.5034637451,27.5005741119,3.24726748466,-0.0643338188529],[26.3917961121,42.3380851746,-12.4890871048,-17.0911941528,11.1383867264,3.37531781197,-14.7617883682,12.6340847015,11.010017395,27.5005741119,54.8008346558,16.9109268188,12.1225309372],[12.4521484375,-65.2367553711,-15.2028827667,39.7221946716,-12.5106639862,-17.9010257721,34.3711471558,-30.8679771423,14.7634372711,3.24726748466,16.9109268188,70.0821762085,7.63735580444],[10.9398574829,58.2879486084,10.3035469055,-43.8973236084,2.54419279099,21.0583343506,-43.6837043762,19.0642547607,-28.4388446808,-0.0643338188529,12.1225309372,7.63735580444,67.379699707]],"icov":[[0.000184280113899,-0.000413379137171,0.000620665785391,-0.000368093024008,0.000210752303246,0.00000212131635635,-0.0000254207043326,-0.000151236352394,0.000459546950879,-0.00064718874637,0.000536624807864,-0.000301996507915,0.000141676078783],[-0.000413379137171,0.00552287790924,-0.00475150998682,0.00567458383739,-0.00419960310683,0.0019369982183,-0.00133986887522,0.00245644943789,-0.00357732898556,0.00466236518696,-0.0059456252493,0.00478073582053,-0.00327511038631],[0.000620665785391,-0.00475150998682,0.0126785002649,-0.00829700380564,0.00635810056701,-0.0066349292174,0.00365344271995,-0.00197860761546,0.00134605064522,-0.00447229994461,0.00661985762417,-0.00209000171162,0.00103713700082],[-0.000368093024008,0.00567458383739,-0.00829700380564,0.0133304307237,-0.00768063217402,0.00513421231881,-0.0054175099358,0.000457366084447,0.00235313153826,0.00158900616225,-0.0036102340091,-0.00111637066584,0.00191877491307],[0.000210752303246,-0.00419960310683,0.00635810056701,-0.00768063217402,0.0152484960854,-0.00636447081342,-0.000446863879915,0.00305838487111,-0.00126364559401,0.00338289188221,-0.00399877130985,0.00580491684377,-0.00258778221905],[0.00000212131635635,0.0019369982183,-0.0066349292174,0.00513421231881,-0.00636447081342,0.0113361394033,0.00104231515434,-0.00334472837858,0.00250817812048,0.0000365279993275,0.00030434090877,-0.00363877485506,0.00241937953979],[-0.0000254207043326,-0.00133986887522,0.00365344271995,-0.0054175099358,-0.000446863879915,0.00104231515434,0.0109206931666,-0.00191229337361,-0.00343793863431,-0.000583270273637,0.00533519685268,-0.00419459445402,0.00245133112185],[-0.000151236352394,0.00245644943789,-0.00197860761546,0.000457366084447,0.00305838487111,-0.00334472837858,-0.00191229337361,0.0134399291128,-0.00705022737384,0.00380537635647,-0.00864130631089,0.0124885812402,-0.00844540446997],[0.000459546950879,-0.00357732898556,0.00134605064522,0.00235313153826,-0.00126364559401,0.00250817812048,-0.00343793863431,-0.00705022737384,0.0228634085506,-0.0120345866308,0.00685705989599,-0.0128130875528,0.013234032318],[-0.00064718874637,0.00466236518696,-0.00447229994461,0.00158900616225,0.00338289188221,0.0000365279993275,-0.000583270273637,0.00380537635647,-0.0120345866308,0.0307854097337,-0.0208433512598,0.012002219446,-0.00646349182352],[0.000536624807864,-0.0059456252493,0.00661985762417,-0.0036102340091,-0.00399877130985,0.00030434090877,0.00533519685268,-0.00864130631089,0.00685705989599,-0.0208433512598,0.041327022016,-0.0202442482114,0.00538524799049],[-0.000301996507915,0.00478073582053,-0.00209000171162,-0.00111637066584,0.00580491684377,-0.00363877485506,-0.00419459445402,0.0124885812402,-0.0128130875528,0.012002219446,-0.0202442482114,0.0353437997401,-0.0155896935612],[0.000141676078783,-0.00327511038631,0.00103713700082,0.00191877491307,-0.00258778221905,0.00241937953979,0.00245133112185,-0.00844540446997,0.013234032318,-0.00646349182352,0.00538524799049,-0.0155896935612,0.0284409504384]],"mean":[30.4357700348,87.5377731323,-107.01525116,-4.79836368561,4.04822444916,-24.1767444611,11.9427185059,-23.1815223694,6.96466588974,-1.59734487534,2.96495056152,-2.01343655586,-7.90933704376]},"hfc":{"dmean":80.7393188477,"dmean2":132.207458496,"dvar":12851.5839844,"dvar2":36656.7578125,"max":5781.35302734,"mean":319.68258667,"median":281.602142334,"min":1.20137991632e-16,"var":38977.7304688},"melbands":{"dmean":[0.00408937456086,0.00133037846535,0.000381427642424,0.000255061604548,0.000214351588511,0.000276526232483,0.000319043610943,0.000212957049371,0.000140688556712,0.000094220682513,0.0000690353990649,0.0000818037660792,0.0000663491518935,0.0000906405693968,0.000107241910882,0.0000877440688782,0.0000582067805226,0.0000479878799524,0.0000325550390698,0.0000274544108834,0.000019432103727,0.0000180877923412,0.0000113958703878,0.0000105844164864,0.0000101918358268,0.0000126831419038,0.00000721496371625,0.00000509484152644,0.00000439930499851,0.00000308159565066,0.00000169025588548,9.50914852638e-7,5.30209717908e-7,3.0680618579e-7,1.58858938448e-7,9.71873816979e-8,5.29237063063e-8,2.83318613015e-8,2.50987266526e-8,2.27493117677e-8],"dmean2":[0.00660970853642,0.00227500731125,0.000651406298857,0.000428967789048,0.000356206670403,0.000460438110167,0.000534242892172,0.000355168798706,0.000235836210777,0.000157342437888,0.000116348033771,0.000138231451274,0.000112024252303,0.00015227640688,0.000183171257959,0.000146757549373,0.0000991166671156,0.0000813710285001,0.0000545670227439,0.0000468887883471,0.0000331020564772,0.0000307405316562,0.00001867748324,0.0000169845370692,0.0000160540621437,0.0000210725138459,0.0000116014707601,0.00000783427822171,0.00000663410992274,0.00000458559907202,0.00000253599773714,0.00000149768322899,8.09148502867e-7,4.61374668248e-7,2.37890787957e-7,1.50489910311e-7,8.04792463782e-8,4.7058865249e-8,4.17040730838e-8,3.7717484247e-8],"dvar":[0.0000293281318591,0.00000272672195933,2.74505026709e-7,1.71292825257e-7,1.59004599709e-7,3.73218341565e-7,6.65798836508e-7,2.01437032388e-7,1.28465458715e-7,3.35371943549e-8,1.64465348007e-8,3.32538583336e-8,1.28491706164e-8,2.73830451647e-8,2.87813382016e-8,1.78712316057e-8,5.92746518535e-9,6.33912877746e-9,1.94685956245e-9,1.35381716948e-9,8.49289583105e-10,6.13413653205e-10,2.96528940291e-10,2.41637237997e-10,2.56899335138e-10,5.66318991702e-10,1.78210404767e-10,1.39192074533e-10,1.4873663412e-10,1.02398770019e-10,1.8875645838e-11,4.10756194683e-12,9.52636732519e-13,2.97196159826e-13,6.96079478779e-14,1.81123528448e-14,4.94812168534e-15,1.84549251559e-15,1.43407664877e-15,1.14109822259e-15],"dvar2":[0.0000735869034543,0.00000729667044652,7.35891092063e-7,4.54481835277e-7,4.19280667074e-7,9.90679382085e-7,0.00000183504801043,5.36895583991e-7,3.47614957263e-7,9.02559236238e-8,4.38929212976e-8,8.87638549329e-8,3.43404060743e-8,7.30928348958e-8,7.99629162884e-8,4.58175222207e-8,1.6335018671e-8,1.74945764542e-8,5.23900256511e-9,3.76917519418e-9,2.38266695263e-9,1.69580383069e-9,7.45834505267e-10,5.70324509841e-10,5.98522509332e-10,1.46010681323e-9,4.26787105656e-10,2.94424207237e-10,2.96742547201e-10,1.99418939695e-10,3.79512220261e-11,9.79402149659e-12,2.15166751603e-12,6.95016201709e-13,1.68843427737e-13,4.23612289994e-14,1.13612088758e-14,4.58951334646e-15,3.56286367461e-15,2.82876563021e-15],"max":[0.21286432445,0.0368527285755,0.0137041509151,0.00831117480993,0.0147660123184,0.0166046265513,0.0205531287938,0.0129544353113,0.010389180854,0.00514830648899,0.003179079853,0.00536083150655,0.00275961193256,0.00520979147404,0.00463040359318,0.00444315979257,0.00155282649212,0.00193092634436,0.00109772628639,0.000851577846333,0.000640800222754,0.000659825338516,0.000563127745409,0.000484152580611,0.000390673521906,0.000514724641107,0.000516132509802,0.000409874308389,0.000442360586021,0.000454980152426,0.000193775660591,0.000079048666521,0.0000385161256418,0.000016802445316,0.0000129731242851,0.0000035895484416,0.00000147761772951,6.75591024901e-7,5.92188314386e-7,5.22849916251e-7],"mean":[0.0046195234172,0.00175955460873,0.000573754077777,0.000375142291887,0.000323747139191,0.000410839071264,0.000480044342112,0.000325393484673,0.000216818531044,0.000144569945405,0.000109928929305,0.000129783205921,0.0001120941306,0.000155371060828,0.000192386651179,0.000165239121998,0.000108495529275,0.0000904385233298,0.0000671847592457,0.0000539071115782,0.0000386214996979,0.0000362283572031,0.0000245103892667,0.0000223048755288,0.0000210339021578,0.0000211096266867,0.0000153777109517,0.0000118335901789,0.00000971934787231,0.00000653701908959,0.00000382006828659,0.0000020874567781,0.00000115884211027,6.87467377247e-7,3.30440940388e-7,1.86753410958e-7,8.2474713281e-8,3.01781213352e-8,2.66069246635e-8,2.45214000216e-8],"median":[0.00274310121313,0.00121954618953,0.000386320694815,0.000212354061659,0.000167194055393,0.000183986921911,0.000185682263691,0.00014490148169,0.0000979713659035,0.0000765675649745,0.000056942943047,0.0000569457442907,0.0000666219712002,0.0000909950322239,0.00012111516844,0.00011029993766,0.0000764361539041,0.0000584220942983,0.0000494243067806,0.0000391692010453,0.0000264638547378,0.000026462959795,0.0000166646968864,0.000013815380953,0.000012369835531,0.0000110429955384,0.00000908631318453,0.00000606663797953,0.00000360955891665,0.0000021498769911,0.00000161447064784,9.83099425866e-7,5.76761749471e-7,3.31758201355e-7,1.77531461532e-7,1.02189517293e-7,4.4161204471e-8,1.42907996548e-8,1.24665699985e-8,1.17042810999e-8],"min":[1.18375418252e-23,1.28799213262e-23,3.90257457308e-24,1.51592623366e-23,2.16297172068e-23,1.24388045075e-23,2.05543325545e-23,1.54862025833e-23,8.35787716118e-24,2.60063301308e-24,9.26921897713e-24,8.84853128928e-24,4.63844848016e-24,4.29005397782e-24,9.72598837391e-24,9.78596310195e-24,1.17563112401e-23,1.03949929086e-23,1.65789248206e-23,7.73290132015e-24,1.13553434972e-23,1.22680839635e-23,1.44198330334e-23,7.23909490387e-24,7.8795694951e-24,1.33950743185e-23,1.45580840625e-23,9.97820692683e-24,1.28680331923e-23,8.30723702423e-24,1.1523200476e-23,1.08063112955e-23,1.12101220931e-23,7.48397783923e-24,1.34988237271e-23,1.08214960791e-23,9.43614431125e-24,9.98256222789e-24,1.14390692494e-23,9.89463421367e-24],"var":[0.0000314249919029,0.00000350218329004,4.34525304627e-7,2.81446659756e-7,2.63805162604e-7,5.40133498816e-7,0.00000100921306512,3.39651535342e-7,2.23443393566e-7,5.39267688282e-8,2.76068004013e-8,5.5018688272e-8,2.35628334622e-8,4.89394302861e-8,5.32360253658e-8,3.92085652834e-8,1.16937890482e-8,1.18817959915e-8,4.2498169428e-9,2.87728463277e-9,2.03193240012e-9,1.37815447943e-9,8.07016453663e-10,7.29218241347e-10,6.86944279238e-10,8.67509730718e-10,5.32618060767e-10,5.22053344998e-10,5.10034681156e-10,3.35051764111e-10,6.60900431604e-11,1.26374622572e-11,3.11241917655e-12,1.03910326524e-12,2.05878147646e-13,5.69682986223e-14,1.13461579474e-14,2.05086518277e-15,1.60593878673e-15,1.30026407782e-15]},"melbands_crest":{"dmean":6.04689693451,"dmean2":9.71600532532,"dvar":23.1016769409,"dvar2":54.8526115417,"max":39.669883728,"mean":16.9369659424,"median":15.8091640472,"min":1.98331737518,"var":51.9530105591},"melbands_flatness_db":{"dmean":0.0336398296058,"dmean2":0.0536433979869,"dvar":0.000780367350671,"dvar2":0.00200869049877,"max":0.510411381721,"mean":0.214716255665,"median":0.208849042654,"min":0.00544313481078,"var":0.00280706700869},"melbands_kurtosis":{"dmean":5.7115521431,"dmean2":9.41251468658,"dvar":341.614318848,"dvar2":932.034301758,"max":1173.35522461,"mean":8.10832595825,"median":3.02527046204,"min":-1.7651900053,"var":1682.7644043},"melbands_skewness":{"dmean":0.823246896267,"dmean2":1.31660997868,"dvar":0.656406104565,"dvar2":1.66497170925,"max":31.1601886749,"mean":2.12400221825,"median":1.79802036285,"min":-0.566517531872,"var":3.08023524284},"melbands_spread":{"dmean":8.94598007202,"dmean2":14.4390621185,"dvar":73.961151123,"dvar2":181.64831543,"max":164.886352539,"mean":29.498626709,"median":27.6076927185,"min":0.520282506943,"var":235.295654297},"mfcc":{"cov":[[5114.50585938,312.392791748,-633.751159668,610.485900879,-394.751403809,89.7294311523,-45.1641540527,36.1047706604,-91.4899215698,24.6591815948,-13.1810712814,-0.186817601323,43.6062660217],[312.392791748,1010.76300049,-74.1329116821,-281.003570557,165.767654419,-27.5454921722,-39.382106781,-52.9880371094,1.07387948036,-22.3489685059,15.596206665,4.69278097153,6.84579610825],[-633.751159668,-74.1329116821,362.507476807,-162.499755859,109.965270996,-25.6802062988,18.1900348663,-14.5340108871,32.768157959,2.48402905464,6.9627289772,3.38364481926,-14.3513851166],[610.485900879,-281.003570557,-162.499755859,477.058532715,-193.217178345,85.1217269897,17.8612880707,57.8696708679,-24.5328083038,32.3446159363,-7.09073019028,-4.78095531464,4.67023324966],[-394.751403809,165.767654419,109.965270996,-193.217178345,256.484191895,-16.6391239166,47.5287818909,-31.0609550476,8.89442634583,-30.6528148651,2.84594988823,-5.85631370544,-4.99134874344],[89.7294311523,-27.5454921722,-25.6802062988,85.1217269897,-16.6391239166,157.922286987,5.02001905441,33.9049682617,-30.0839252472,-0.838803112507,-21.7622070312,-0.411120563745,0.66515904665],[-45.1641540527,-39.382106781,18.1900348663,17.8612880707,47.5287818909,5.02001905441,106.799072266,11.9993000031,19.8213939667,-10.9452171326,-1.17912626266,-14.4061508179,-5.89710044861],[36.1047706604,-52.9880371094,-14.5340108871,57.8696708679,-31.0609550476,33.9049682617,11.9993000031,95.7100906372,13.8584461212,23.9013290405,-0.798358559608,2.90560102463,-1.04961276054],[-91.4899215698,1.07387948036,32.768157959,-24.5328083038,8.89442634583,-30.0839252472,19.8213939667,13.8584461212,67.3823852539,18.2757110596,14.6235980988,3.99415779114,-2.28121161461],[24.6591815948,-22.3489685059,2.48402905464,32.3446159363,-30.6528148651,-0.838803112507,-10.9452171326,23.9013290405,18.2757110596,68.2852478027,34.2743606567,18.0657577515,4.83374500275],[-13.1810712814,15.596206665,6.9627289772,-7.09073019028,2.84594988823,-21.7622070312,-1.17912626266,-0.798358559608,14.6235980988,34.2743606567,58.8183937073,29.4935131073,9.49688053131],[-0.186817601323,4.69278097153,3.38364481926,-4.78095531464,-5.85631370544,-0.411120563745,-14.4061508179,2.90560102463,3.99415779114,18.0657577515,29.4935131073,51.9557266235,21.0121459961],[43.6062660217,6.84579610825,-14.3513851166,4.67023324966,-4.99134874344,0.66515904665,-5.89710044861,-1.04961276054,-2.28121161461,4.83374500275,9.49688053131,21.0121459961,39.9306297302]],"icov":[[0.0002990795183,-0.00020525889704,0.000248998549068,-0.000309882074362,0.000273245939752,0.0000643373496132,-0.000114062167995,0.0000561843298783,0.00017757009482,-0.0000149968191181,0.0000571609234612,-0.0000113799960673,-0.000143615165143],[-0.00020525889704,0.00159327464644,0.000725068792235,0.0010300190188,-0.000990316271782,-0.000390065077227,0.000770841899794,0.000224774616072,-0.00049629539717,-0.00000189149193375,-0.000554663129151,0.000334381562425,0.0000214180527109],[0.000248998549068,0.000725068792235,0.00435381988063,0.00111480848864,-0.00115607760381,-0.00031213942566,0.00000670931785862,0.00051347783301,-0.00121745083015,-0.00107181211933,0.000528172706254,-0.00073891854845,0.00123676960357],[-0.000309882074362,0.0010300190188,0.00111480848864,0.00483085634187,0.00201467890292,-0.00161670311354,-0.00171572121326,-0.000434548972407,0.000783775991295,-0.00130608945619,-0.000393913564039,0.000677844276652,-0.0000486841927341],[0.000273245939752,-0.000990316271782,-0.00115607760381,0.00201467890292,0.00792105402797,-0.000750103732571,-0.00398556189612,0.000682266894728,0.00115712208208,0.00165974046104,-0.00141232681926,0.000368075707229,-0.000340390688507],[0.0000643373496132,-0.000390065077227,-0.00031213942566,-0.00161670311354,-0.000750103732571,0.00894778594375,-0.000752634310629,-0.00278199417517,0.00415348727256,-0.00132406968623,0.00421966146678,-0.00257374625653,0.000394758128095],[-0.000114062167995,0.000770841899794,0.00000670931785862,-0.00171572121326,-0.00398556189612,-0.000752634310629,0.0137443495914,-0.00172027747612,-0.00491061061621,0.00408100709319,-0.00355875655077,0.00443098461255,-0.000565398659091],[0.0000561843298783,0.000224774616072,0.00051347783301,-0.000434548972407,0.000682266894728,-0.00278199417517,-0.00172027747612,0.0141778942198,-0.00328667298891,-0.00522134080529,0.00342173594981,-0.00151080649812,0.000811228586826],[0.00017757009482,-0.00049629539717,-0.00121745083015,0.000783775991295,0.00115712208208,0.00415348727256,-0.00491061061621,-0.00328667298891,0.0213026832789,-0.00497135100886,-0.000342548300978,-0.000946388638113,0.00102406565566],[-0.0000149968191181,-0.00000189149193375,-0.00107181211933,-0.00130608945619,0.00165974046104,-0.00132406968623,0.00408100709319,-0.00522134080529,-0.00497135100886,0.027565613389,-0.0161982700229,0.00159412692301,-0.000128056999529],[0.0000571609234612,-0.000554663129151,0.000528172706254,-0.000393913564039,-0.00141232681926,0.00421966146678,-0.00355875655077,0.00342173594981,-0.000342548300978,-0.0161982700229,0.0364627316594,-0.0171176120639,0.00186287250835],[-0.0000113799960673,0.000334381562425,-0.00073891854845,0.000677844276652,0.000368075707229,-0.00257374625653,0.00443098461255,-0.00151080649812,-0.000946388638113,0.00159412692301,-0.0171176120639,0.0358539484441,-0.0147290118039],[-0.000143615165143,0.0000214180527109,0.00123676960357,-0.0000486841927341,-0.000340390688507,0.000394758128095,-0.000565398659091,0.000811228586826,0.00102406565566,-0.000128056999529,0.00186287250835,-0.0147290118039,0.0329170897603]],"mean":[-631.701477051,158.44102478,-44.7716140747,37.359539032,-2.54281044006,23.0504074097,2.1844329834,4.42011451721,-1.17647016048,7.08033800125,7.10184717178,7.61271429062,7.09769964218]},"pitch_salience":{"dmean":0.0895109027624,"dmean2":0.144754007459,"dvar":0.00567733170465,"dvar2":0.0140501782298,"max":0.821133971214,"mean":0.561274409294,"median":0.580025315285,"min":0.0288549046963,"var":0.0133701264858},"silence_rate_20dB":{"dmean":0.000371643604012,"dmean2":0.00074335624231,"dvar":0.000371502654161,"dvar2":0.000928631285205,"max":1,"mean":0.999721288681,"median":1,"min":0,"var":0.000278637948213},"silence_rate_30dB":{"dmean":0.0343770310283,"dmean2":0.0687604546547,"dvar":0.0331941507757,"dvar2":0.0798235163093,"max":1,"mean":0.965904891491,"median":1,"min":0,"var":0.0329312123358},"silence_rate_60dB":{"dmean":0.000185821802006,"dmean2":0.000371678121155,"dvar":0.000185787255759,"dvar2":0.000371522677597,"max":1,"mean":0.0146785583347,"median":0,"min":0,"var":0.0144631471485},"spectral_centroid":{"dmean":230.839172363,"dmean2":354.706481934,"dvar":51212.6289062,"dvar2":100657.242188,"max":10838.4111328,"mean":1632.2244873,"median":1538.26757812,"min":227.166946411,"var":412267.25},"spectral_complexity":{"dmean":3.9239988327,"dmean2":6.13083076477,"dvar":12.1758184433,"dvar2":24.3469772339,"max":63,"mean":31.7464694977,"median":32,"min":0,"var":111.818130493},"spectral_contrast_coeffs":{"dmean":[0.0549576692283,0.0507728271186,0.0370774157345,0.0270245075226,0.0202006995678,0.0457286983728],"dmean2":[0.0917883142829,0.0859389379621,0.0632019266486,0.0461632348597,0.0338468812406,0.0715100094676],"dvar":[0.0017983148573,0.00160310929641,0.000822016911115,0.000440769828856,0.000304853107082,0.00151843740605],"dvar2":[0.00497010117397,0.00463531678542,0.00236669229344,0.00128643517382,0.000813549675513,0.00366299087182],"max":[-0.447037100792,-0.490958571434,-0.612816989422,-0.622568964958,-0.635348916054,-0.376331120729],"mean":[-0.730381071568,-0.7711378932,-0.811801671982,-0.805047690868,-0.798757791519,-0.697647571564],"median":[-0.734294235706,-0.78033554554,-0.816125392914,-0.807855784893,-0.798973798752,-0.696434617043],"min":[-0.954297780991,-0.969937980175,-0.968990147114,-0.956623673439,-0.960327327251,-0.959223091602],"var":[0.00412647007033,0.00444435141981,0.0019982161466,0.00125816569198,0.000928471388761,0.00739650242031]},"spectral_contrast_valleys":{"dmean":[0.426623880863,0.336527436972,0.274804502726,0.217248946428,0.234395116568,0.588485062122],"dmean2":[0.696466624737,0.564002513885,0.456397920847,0.360226869583,0.363101392984,0.943390309811],"dvar":[0.121238790452,0.0824540704489,0.0589858591557,0.0456983409822,0.0798553824425,0.257417172194],"dvar2":[0.301795393229,0.19970177114,0.133479505777,0.0916194170713,0.149077311158,0.635401427746],"max":[-5.07498025894,-4.44198417664,-4.97816228867,-5.23295593262,-5.29139089584,-9.00972652435],"mean":[-6.70581912994,-6.2599439621,-6.61936569214,-6.63077306747,-7.06641435623,-11.0899820328],"median":[-6.58927726746,-6.16998195648,-6.51912021637,-6.49617099762,-6.8418340683,-10.999753952],"min":[-27.2933368683,-27.0739307404,-27.0971603394,-27.3388309479,-27.2912349701,-27.2118988037],"var":[1.00546729565,1.00920116901,0.965004444122,0.954271674156,1.13493788242,0.858449161053]},"spectral_decrease":{"dmean":4.67844696317e-9,"dmean2":7.38661487532e-9,"dvar":2.7324053688e-17,"dvar2":6.80952020913e-17,"max":6.00314962185e-8,"mean":-6.68435218287e-9,"median":-5.342998044e-9,"min":-1.76942890562e-7,"var":3.82778424029e-17},"spectral_energy":{"dmean":0.0183149762452,"dmean2":0.0285697448999,"dvar":0.000426566868555,"dvar2":0.00104397407267,"max":0.871828377247,"mean":0.054224383086,"median":0.0492770895362,"min":1.07752537091e-20,"var":0.000862997723743},"spectral_energyband_high":{"dmean":0.000558341329452,"dmean2":0.00077283004066,"dvar":7.66930668306e-7,"dvar2":0.00000117524314192,"max":0.0324467346072,"mean":0.00234158150852,"median":0.00169592979364,"min":7.43884171104e-21,"var":0.00000657328655507},"spectral_energyband_low":{"dmean":0.014592340216,"dmean2":0.0232537351549,"dvar":0.000325517641613,"dvar2":0.000806979252957,"max":0.717023134232,"mean":0.019731592387,"median":0.013806341216,"min":7.20548580055e-23,"var":0.000394764821976},"spectral_energyband_middle_high":{"dmean":0.00249068741687,"dmean2":0.00397653784603,"dvar":0.00000844850819703,"dvar2":0.0000213835646719,"max":0.0619227141142,"mean":0.00936566200107,"median":0.00819554924965,"min":1.62219801547e-21,"var":0.0000410025313613},"spectral_energyband_middle_low":{"dmean":0.00388493272476,"dmean2":0.00633478350937,"dvar":0.0000332227318722,"dvar2":0.0000895292178029,"max":0.124100022018,"mean":0.00949210207909,"median":0.00687680253759,"min":3.61052018528e-22,"var":0.0000754376669647},"spectral_entropy":{"dmean":0.0987604185939,"dmean2":0.154728323221,"dvar":0.00924414489418,"dvar2":0.0213748179376,"max":9.80306148529,"mean":7.70377826691,"median":7.7481713295,"min":6.54337310791,"var":0.0560055337846},"spectral_flux":{"dmean":0.0282188747078,"dmean2":0.0466457307339,"dvar":0.000709564774297,"dvar2":0.00178322137799,"max":0.595300674438,"mean":0.143381491303,"median":0.140485405922,"min":1.03803916851e-10,"var":0.00187103706412},"spectral_kurtosis":{"dmean":3.99252653122,"dmean2":6.14448690414,"dvar":25.1384525299,"dvar2":58.8616676331,"max":109.204925537,"mean":23.1394863129,"median":21.1197624207,"min":-1.18939566612,"var":86.0258178711},"spectral_rms":{"dmean":0.00118094310164,"dmean2":0.00180937396362,"dvar":0.00000112056181933,"dvar2":0.00000264367236014,"max":0.029164435342,"mean":0.00701568974182,"median":0.00693362858146,"min":3.24228968326e-12,"var":0.00000368216706192},"spectral_rolloff":{"dmean":3684.29467773,"dmean2":6975.21630859,"dvar":45650456,"dvar2":111874800,"max":22050,"mean":18826.6347656,"median":21296.3378906,"min":21.533203125,"var":38880208},"spectral_skewness":{"dmean":0.31415900588,"dmean2":0.481786489487,"dvar":0.1300226897,"dvar2":0.297676831484,"max":8.57761669159,"mean":3.19105434418,"median":3.03934383392,"min":0.0255384556949,"var":0.641962528229},"spectral_spread":{"dmean":339026.3125,"dmean2":525009.8125,"dvar":196734812160,"dvar2":316131803136,"max":39962648,"mean":3799351,"median":3713793,"min":1778227.25,"var":623644966912},"spectral_strongpeak":{"dmean":8.18654441833,"dmean2":15.4043512344,"dvar":465.198455811,"dvar2":1249.56616211,"max":266.287475586,"mean":5.88677406311,"median":0.204342544079,"min":0,"var":381.605224609},"zerocrossingrate":{"dmean":0.0494059585035,"dmean2":0.0645261257887,"dvar":0.00162157823797,"dvar2":0.00280394009314,"max":0.90478515625,"mean":0.342339217663,"median":0.341796875,"min":0,"var":0.00713987648487}},"metadata":{"audio_properties":{"analysis_sample_rate":44100,"bit_rate":214961,"codec":"mp3","downmix":"mix","equal_loudness":0,"length":249.913467407,"lossless":false,"md5_encoded":"e9c2c95e8e2a5fbb7ab9189a787c0433","replay_gain":-3.72589111328,"sample_rate":44100},"tags":{"album":["Ram It Down"],"albumartist":["Judas Priest"],"albumartistsort":["Judas Priest"],"artist":["Judas Priest"],"artists":["Judas Priest"],"artistsort":["Judas Priest"],"asin":["B0000026JV"],"barcode":["5099746110826"],"catalognumber":["461108 2"],"date":["1988-05-17"],"file_name":"05 - Hard as Iron.mp3","label":["CBS"],"language":["eng"],"media":["CD"],"musicbrainz album release country":["GB"],"musicbrainz album status":["official"],"musicbrainz album type":["album"],"musicbrainz release track id":["fb51a47f-3a97-3ba1-982f-d7a5943bbef1"],"musicbrainz_albumartistid":["6b335658-22c8-485d-93de-0bc29a1d0349"],"musicbrainz_albumid":["ce50244b-178a-400f-89e5-74e2ae3c338d"],"musicbrainz_artistid":["6b335658-22c8-485d-93de-0bc29a1d0349"],"musicbrainz_recordingid":["68041b89-1091-4a86-9e27-08b245c657dd"],"musicbrainz_releasegroupid":["8f9f2743-6299-3d1a-9191-b42ac1f279e2"],"musicbrainz_workid":["24a70b4d-0a01-4f84-b1ec-13d16e96aec3"],"originaldate":["1988"],"performer:drumset":["David Holland"],"performer:electric bass guitar":["Ian Hill"],"performer:electric guitar":["Glenn Tipton","Kenneth Downing"],"performer:lead vocals":["Rob Halford"],"script":["Latn"],"title":["Hard as Iron"],"tracknumber":["5/10"],"work":["Hard as Iron"],"writer":["Glenn Tipton","Rob Halford","Kenneth Downing"]},"version":{"essentia":"2.1-beta1","essentia_build_sha":"ca57ba49d9b1854bd80e60cf9ccf267278fb7d6b","essentia_git_sha":"v2.1_beta1-28-g21ef5f4-dirty","extractor":"music 1.0"}},"rhythm":{"beats_count":666,"beats_loudness":{"dmean":0.0228053424507,"dmean2":0.0397332534194,"dvar":0.000524851377122,