{"lowlevel":{"average_loudness":0.849103927612,"barkbands":{"dmean":[0.000023681033781,0.00495310500264,0.00228565954603,0.00312338327058,0.00265905959532,0.000135364927701,0.000237908578129,0.000478472618852,0.000602652551606,0.0000873201424838,0.0000809623161331,0.0000931501854211,0.000192620005691,0.000287342467345,0.000208789424505,0.000213156628888,0.000139978103107,0.000147815881064,0.000197414803552,0.00015012883523,0.000169849212398,0.000246436888119,0.00015455247194,0.0000316193545586,0.00000874862507771,0.00000199921032618,5.75187755203e-7],"dmean2":[0.0000385887069569,0.00866046361625,0.00417541898787,0.00569270178676,0.00459277583286,0.000216767904931,0.000380228128051,0.000805715622846,0.000884851033334,0.000120459561003,0.000113479341962,0.000132670378662,0.000307081296341,0.000436555361375,0.000312413671054,0.000308476272039,0.000215376683627,0.000228704564506,0.000293258373858,0.000222781367484,0.000251271470916,0.00035230544745,0.000222330738325,0.0000440136609541,0.0000118955194921,0.00000271024987342,8.26777011298e-7],"dvar":[2.68090105671e-9,0.000156840294949,0.0000384991362807,0.0000971067856881,0.0000566906637687,1.2043464892e-7,0.00000120254708236,0.0000107950527308,0.0000122257024486,1.8082313602e-7,2.84780895754e-7,4.41910657401e-7,0.00000130972159695,0.00000137027848268,8.39293477384e-7,4.01770932967e-7,1.14036694754e-7,8.90243114782e-8,3.00296477462e-7,1.7030309607e-7,3.94256886693e-7,0.00000126095096675,5.4016499007e-7,1.82468848919e-8,1.96999327962e-9,1.6846032902e-10,8.88357443163e-12],"dvar2":[6.74648514831e-9,0.000416366179707,0.000107969397504,0.000268601375865,0.000151629326865,2.85301013037e-7,0.00000284582665699,0.0000290745410894,0.0000240305835177,2.92885829367e-7,4.96946483963e-7,8.61715420797e-7,0.000003223220574,0.00000299095790979,0.00000192285574485,8.60682860093e-7,2.6487717264e-7,2.07440777444e-7,6.08004143032e-7,3.61782412028e-7,8.64192713834e-7,0.00000293319271805,0.00000115372029086,3.80783085063e-8,3.69636898867e-9,3.40169337143e-10,1.81240439323e-11],"max":[0.000719637435395,0.117296382785,0.062107488513,0.119143813848,0.0849579945207,0.00987494084984,0.0404754020274,0.0941112488508,0.16249795258,0.0200690738857,0.0165624152869,0.0378095246851,0.0300028063357,0.0242236722261,0.0258643254638,0.0160453226417,0.00785836298019,0.00893488246948,0.0135083468631,0.0114197768271,0.030547183007,0.0695988088846,0.04424771294,0.00683655450121,0.00265937065706,0.00085739424685,0.000145595724462],"mean":[0.0000233967548411,0.0054133022204,0.0021348928567,0.00261481315829,0.00248686783016,0.000198784124223,0.000298601313261,0.000420683820266,0.000712104549166,0.000125061327708,0.00011564000306,0.000131458597025,0.000225543117267,0.000401677738409,0.000286306400085,0.000472432991955,0.000284815294435,0.000289256160613,0.000342931773048,0.00029083940899,0.000325117696775,0.000490277423523,0.000307526090182,0.000061428778281,0.0000149649258674,0.00000350964728568,8.91614945431e-7],"median":[0.00000410529719375,0.0027563679032,0.000737337628379,0.000850657583214,0.000564113375731,0.0000835061291582,0.0000281537977571,0.0000170022030943,0.000019619725208,0.00000436008986071,0.00000742626980355,0.00000759176600695,0.00000743117698221,0.0000233868704527,0.0000280886160908,0.0000490653437737,0.0000684131373418,0.0000997359384201,0.000110618777398,0.0000710580206942,0.0000468640464533,0.0000490855090902,0.0000320414183079,0.00000650317588224,0.00000203594618142,4.43185541599e-7,9.12759645644e-8],"min":[1.88656436393e-13,2.82690971326e-13,1.88016242115e-13,1.87462811116e-13,4.65134875061e-13,4.58047282829e-13,4.48473615015e-13,4.36541102745e-13,5.86954530118e-13,5.53867173479e-13,5.16201664746e-13,6.02592736994e-13,5.83214574724e-13,5.33155550958e-13,4.86412396906e-13,3.84357937188e-13,2.47255747777e-13,1.17144548185e-13,1.74101201798e-14,3.91802611405e-14,1.99913422947e-13,2.36101746877e-13,4.91834627496e-14,8.04051446192e-14,5.13866665961e-14,7.55094161568e-14,9.73026455416e-14],"var":[2.57922905256e-9,0.000114929651318,0.0000246639374382,0.0000638077035546,0.0000429784049629,1.49140745975e-7,0.00000145329397583,0.00000783005270932,0.0000190651426237,6.10439940374e-7,5.25698283127e-7,6.37094103695e-7,0.00000147520040628,0.00000256334260484,0.00000117364720609,0.00000189094453162,4.2152299784e-7,2.36812979892e-7,5.58731755973e-7,3.90721822896e-7,8.37591755953e-7,0.00000314689214065,0.00000116882222301,4.35265761212e-8,3.77923026207e-9,3.03834096771e-10,1.42527673691e-11]},"barkbands_crest":{"dmean":2.71792030334,"dmean2":4.49450397491,"dvar":8.58158302307,"dvar2":22.5368747711,"max":26.9255886078,"mean":12.2029714584,"median":11.5862979889,"min":2.00552940369,"var":23.2323246002},"barkbands_flatness_db":{"dmean":0.0310158934444,"dmean2":0.0469987913966,"dvar":0.00125726033002,"dvar2":0.00293655553833,"max":0.549612462521,"mean":0.2063151896,"median":0.178044587374,"min":0.0252659320831,"var":0.0100012589246},"barkbands_kurtosis":{"dmean":10.0814189911,"dmean2":16.346944809,"dvar":2514.37402344,"dvar2":5746.1875,"max":2059.86669922,"mean":19.1363124847,"median":1.80003738403,"min":-1.93419885635,"var":5699.67529297},"barkbands_skewness":{"dmean":0.982928574085,"dmean2":1.48519599438,"dvar":2.49473714828,"dvar2":5.4425330162,"max":44.9323539734,"mean":1.87871444225,"median":1.16569161415,"min":-6.39844512939,"var":10.1610326767},"barkbands_spread":{"dmean":8.67451095581,"dmean2":13.5591812134,"dvar":131.003463745,"dvar2":286.199920654,"max":101.179786682,"mean":28.4431972504,"median":24.6446533203,"min":0.199530646205,"var":531.518554688},"dissonance":{"dmean":0.01562782377,"dmean2":0.0253886412829,"dvar":0.000605632492807,"dvar2":0.00149990723003,"max":0.500000059605,"mean":0.460978001356,"median":0.482565879822,"min":0.115354336798,"var":0.00272440444678},"dynamic_complexity":6.12770414352,"erbbands":{"dmean":[0.0763029381633,1.32243227959,2.95741343498,5.74189567566,13.5875196457,6.38562726974,2.97905659676,1.2397608757,1.76598107815,7.88980388641,10.2585067749,14.2349681854,5.19374322891,3.23444318771,2.89604449272,4.09803962708,8.14584636688,13.039223671,12.3273038864,7.70208120346,12.626666069,7.89859390259,6.90020465851,8.76665401459,9.15522289276,6.08569860458,6.80172872543,7.91065454483,8.19867420197,7.83597373962,3.71001219749,1.1070343256,0.347837120295,0.129708975554,0.046528775245,0.012009980157,0.00324198044837,0.00070769485319,0.000100266472145,0.0000184681066457],"dmean2":[0.13309431076,2.31227040291,5.26214027405,10.3966588974,24.2571754456,10.7395591736,5.10022640228,2.00381708145,2.80993247032,12.8562870026,16.9878501892,20.8132286072,7.64866542816,4.13800001144,4.04501581192,5.82640647888,12.2109336853,19.1378803253,17.6964569092,11.4974336624,18.1475524902,11.9248895645,10.3283252716,12.9127626419,13.3334493637,8.76317119598,9.87055301666,11.7668542862,11.7935590744,11.2578239441,5.20866203308,1.55423247814,0.459854215384,0.175694331527,0.0630001723766,0.0169380009174,0.00446505425498,0.000954178743996,0.000141589320265,0.0000279154864984],"dvar":[0.0369755849242,11.1301794052,57.6703720093,301.186523438,1890.36901855,207.614486694,58.3346557617,11.2845640182,35.0327682495,1780.19360352,6008.19775391,7102.45556641,842.684753418,444.397277832,467.973571777,964.699523926,2105.40405273,3014.50366211,3283.67089844,823.41003418,1314.27099609,342.00112915,201.71005249,435.203979492,591.721496582,295.423950195,717.363037109,805.050476074,1264.92736816,1295.18359375,314.893615723,27.1392288208,1.95555412769,0.33352714777,0.0759550258517,0.00604881718755,0.000484822987346,0.0000136042617669,2.42175360654e-7,2.19646834054e-9],"dvar2":[0.0964500531554,29.6516952515,157.517211914,835.369750977,5141.36962891,542.846130371,156.959091187,26.7364826202,84.525177002,4436.86669922,15936.0244141,13607.5810547,1831.2376709,621.868896484,1029.77050781,2164.80200195,4829.96386719,6201.96728516,6905.82080078,1862.00866699,2697.93188477,794.599243164,445.238586426,918.991638184,1220.03942871,598.389709473,1555.49157715,1798.80749512,2672.45043945,3075.10693359,636.297851562,61.4164123535,3.60809206963,0.593601763248,0.150742486119,0.0127510502934,0.000984697020613,0.0000261667610175,4.9012311365e-7,4.87939555427e-9],"max":[1.58684110641,31.4896755219,65.4701385498,197.358947754,448.220092773,140.264846802,98.780708313,97.2093048096,142.843429565,1100.50598145,2606.75976562,4408.171875,1001.52471924,1065.82849121,921.54107666,1734.58374023,1176.46386719,1391.0390625,2072.06347656,1047.49121094,1085.20202637,430.691864014,381.573547363,642.509155273,615.776672363,479.19140625,1209.69543457,1221.44580078,2138.92553711,2250.43188477,1073.67932129,294.631958008,58.9020118713,30.9140491486,16.8185577393,5.08551740646,1.50281071663,0.213192179799,0.0259912721813,0.00172124651726],"mean":[0.072571285069,1.46570813656,3.13077259064,5.06181383133,10.9078874588,7.17996263504,3.12526369095,1.8076967001,2.44045495987,8.82821559906,9.72144317627,17.2233161926,6.5554394722,5.62226963043,4.30733537674,6.04436254501,10.7935590744,19.2200717926,18.2222423553,14.163438797,28.9743690491,17.2191467285,14.7556171417,17.1190395355,17.2034225464,12.108921051,12.6652479172,15.1305561066,16.258234024,15.6261396408,7.25416088104,2.24364185333,0.66032910347,0.222392275929,0.0773249194026,0.0208925250918,0.00556959584355,0.00119763496332,0.000161712508998,0.0000319973987644],"median":[0.026840120554,0.758636176586,1.70124816895,1.90627586842,2.8162009716,1.96993422508,0.896185874939,0.731076359749,0.410655081272,0.405715227127,0.577196478844,0.503611207008,0.224830135703,0.310105979443,0.405074357986,0.385324835777,0.497927188873,1.01250386238,1.43866670132,2.15632271767,3.56531143188,4.64053297043,5.06053733826,6.75729846954,5.60401439667,3.10008764267,2.0795648098,1.77446317673,1.77823710442,1.58282291889,0.696384131908,0.227655827999,0.0792735368013,0.0311780180782,0.00972194503993,0.00266730599105,0.000688281143084,0.000138603209052,0.0000256316052401,0.0000143462857523],"min":[1.03072958155e-11,5.74411282428e-11,1.93605381726e-10,4.68771577111e-10,9.42708022755e-10,1.66881075625e-9,2.69466160496e-9,4.06045330692e-9,5.79286973945e-9,7.90114906835e-9,1.03724442369e-8,1.31624631194e-8,1.61850159941e-8,1.93021296724e-8,2.2306821279e-8,2.4921471109e-8,2.67949289423e-8,2.75277454165e-8,2.67263793319e-8,2.41080879704e-8,1.96568237243e-8,1.381212833e-8,7.60497087526e-9,2.5975379625e-9,4.28433788446e-10,1.889848944e-9,5.88869797369e-9,9.30814447742e-9,8.91886831056e-9,4.73764050213e-9,9.20375220481e-10,7.82512443731e-10,1.83201698256e-9,9.14525843942e-10,1.90082269369e-10,4.01937871874e-10,1.12862830193e-10,4.27524612934e-11,8.68551064404e-12,1.55579650725e-12],"var":[0.027527410537,8.12306213379,39.5204315186,199.217681885,1283.54833984,198.104187012,45.8298416138,13.7908325195,47.6558074951,1856.60742188,4579.84375,11957.8125,1154.49719238,1785.85888672,651.458068848,1166.92004395,2906.4609375,6027.43554688,5281.22460938,1652.39941406,6974.96386719,1386.40234375,643.355285645,983.708984375,1185.71691895,675.375061035,1416.90734863,1892.39123535,3621.47314453,2912.63110352,681.703308105,57.6476478577,4.80960941315,0.691747546196,0.138002470136,0.01100782305,0.000784868141636,0.0000249373788392,4.05996331665e-7,3.52623086286e-9]},"erbbands_crest":{"dmean":2.7827475071,"dmean2":4.52301502228,"dvar":8.70090293884,"dvar2":21.6608181,"max":32.8542098999,"mean":10.6929759979,"median":9.54351806641,"min":2.08856058121,"var":26.4826869965},"erbbands_flatness_db":{"dmean":0.0219110697508,"dmean2":0.0310148056597,"dvar":0.000533845915925,"dvar2":0.00110604858492,"max":0.425641834736,"mean":0.1970025599,"median":0.179978072643,"min":0.0252415072173,"var":0.00458279950544},"erbbands_kurtosis":{"dmean":2.24220514297,"dmean2":3.5129172802,"dvar":10.9332523346,"dvar2":25.2788257599,"max":70.8985137939,"mean":3.69780611992,"median":1.66292572021,"min":-1.93279767036,"var":45.0126342773},"erbbands_skewness":{"dmean":0.574240803719,"dmean2":0.873277723789,"dvar":0.416101723909,"dvar2":0.909866094589,"max":6.49945354462,"mean":-0.32223880291,"median":-0.65547555685,"min":-6.93755578995,"var":2.80540084839},"erbbands_spread":{"dmean":13.0054111481,"dmean2":20.4065856934,"dvar":277.937957764,"dvar2":680.440734863,"max":176.578201294,"mean":41.9981040955,"median":35.6999473572,"min":1.7126531601,"var":953.95098877},"gfcc":{"cov":[[21367.7011719,-926.936828613,-3161.47143555,1742.92895508,-1490.97229004,510.282623291,-518.332763672,-76.1916046143,141.46673584,-410.976898193,-763.357543945,-576.268310547,-269.726501465],[-926.936828613,3145.77197266,1161.09350586,-765.77722168,428.634277344,-356.110687256,-86.700592041,-331.233337402,-56.8282012939,-110.471710205,155.556518555,-129.190734863,67.9268951416],[-3161.47143555,1161.09350586,2984.94824219,-74.1826629639,-59.0600738525,-46.6152572632,-191.372268677,-245.937759399,-23.0526332855,93.4617462158,0.688079714775,43.3275718689,55.6135025024],[1742.92895508,-765.77722168,-74.1826629639,1088.15527344,-53.194858551,52.8666191101,-99.5776443481,-2.09170436859,35.2464790344,-58.3406333923,-115.026351929,11.267291069,67.1066131592],[-1490.97229004,428.634277344,-59.0600738525,-53.194858551,670.088684082,-73.19921875,60.6986274719,16.4791126251,-63.4481735229,-20.7024230957,144.658157349,72.6026916504,76.7288513184],[510.282623291,-356.110687256,-46.6152572632,52.8666191101,-73.19921875,249.949035645,73.0362091064,29.2095241547,6.40729188919,36.172958374,-5.37866783142,-0.226323395967,-46.3891220093],[-518.332763672,-86.700592041,-191.372268677,-99.5776443481,60.6986274719,73.0362091064,295.655609131,111.216003418,2.96287894249,28.9713726044,65.9418334961,11.6985321045,-33.8321037292],[-76.1916046143,-331.233337402,-245.937759399,-2.09170436859,16.4791126251,29.2095241547,111.216003418,195.27494812,69.5557403564,19.4672222137,3.94868731499,5.40887260437,-26.1796855927],[141.46673584,-56.8282012939,-23.0526332855,35.2464790344,-63.4481735229,6.40729188919,2.96287894249,69.5557403564,144.764434814,48.6193885803,-31.2552909851,-39.060295105,-14.6305952072],[-410.976898193,-110.471710205,93.4617462158,-58.3406333923,-20.7024230957,36.172958374,28.9713726044,19.4672222137,48.6193885803,123.533493042,51.4034194946,-4.7559428215,-41.4409637451],[-763.357543945,155.556518555,0.688079714775,-115.026351929,144.658157349,-5.37866783142,65.9418334961,3.94868731499,-31.2552909851,51.4034194946,165.370391846,51.3275566101,-30.6866226196],[-576.268310547,-129.190734863,43.3275718689,11.267291069,72.6026916504,-0.226323395967,11.6985321045,5.40887260437,-39.060295105,-4.7559428215,51.3275566101,115.946266174,35.4418907166],[-269.726501465,67.9268951416,55.6135025024,67.1066131592,76.7288513184,-46.3891220093,-33.8321037292,-26.1796855927,-14.6305952072,-41.4409637451,-30.6866226196,35.4418907166,109.01599884]],"icov":[[0.00018603708304,-0.000403210753575,0.000338588841259,-0.000456076435512,0.000416308059357,-0.000601158186328,0.000450890016509,-0.000486889563035,0.000529447977897,-0.000348407309502,0.000734140980057,-0.000207182616577,0.000506352982484],[-0.000403210753575,0.00236331694759,-0.00127526244614,0.00186963938177,-0.00155873526819,0.00225983909331,-0.00154109485447,0.0034692035988,-0.00326291914098,0.00402976898476,-0.00398400146514,0.00322733423673,-0.00163366831839],[0.000338588841259,-0.00127526244614,0.00121947843581,-0.00111068808474,0.00100206048228,-0.00140087271575,0.00109554035589,-0.00123095873278,0.00164868915454,-0.00232135457918,0.00239112554118,-0.00167073088232,0.000991998706013],[-0.000456076435512,0.00186963938177,-0.00111068808474,0.00272266962565,-0.00144331203774,0.00160430639517,-0.00109982211143,0.00260641658679,-0.00293870293535,0.00311133032665,-0.00273091881536,0.00181840790901,-0.00199119048193],[0.000416308059357,-0.00155873526819,0.00100206048228,-0.00144331203774,0.00367818516679,-0.00161090644542,0.00128180882894,-0.00297606061213,0.00269114808179,-0.00158123893198,-0.000306441215798,-0.000833786500152,-0.0012677781051],[-0.000601158186328,0.00225983909331,-0.00140087271575,0.00160430639517,-0.00161090644542,0.00781377032399,-0.00332705583423,0.00347835803404,-0.00239294138737,0.00148931378499,-0.00207451870665,0.00115239375737,0.000379569479264],[0.000450890016509,-0.00154109485447,0.00109554035589,-0.00109982211143,0.00128180882894,-0.00332705583423,0.00683552771807,-0.00548828300089,0.00337181310169,-0.00210961210541,0.000440432544565,-0.000339548481861,0.000564339396078],[-0.000486889563035,0.0034692035988,-0.00123095873278,0.00260641658679,-0.00297606061213,0.00347835803404,-0.00548828300089,0.0152823580429,-0.0102622639388,0.00688643381,-0.00349393067881,0.00143283093348,0.000989983091131],[0.000529447977897,-0.00326291914098,0.00164868915454,-0.00293870293535,0.00269114808179,-0.00239294138737,0.00337181310169,-0.0102622639388,0.017511645332,-0.0116384197026,0.00707074673846,-0.00062468420947,0.000099952929304],[-0.000348407309502,0.00402976898476,-0.00232135457918,0.00311133032665,-0.00158123893198,0.00148931378499,-0.00210961210541,0.00688643381,-0.0116384197026,0.0224483143538,-0.012386193499,0.00670793233439,-0.0000541146655451],[0.000734140980057,-0.00398400146514,0.00239112554118,-0.00273091881536,-0.000306441215798,-0.00207451870665,0.000440432544565,-0.00349393067881,0.00707074673846,-0.012386193499,0.022105962038,-0.0120065743104,0.00975707173347],[-0.000207182616577,0.00322733423673,-0.00167073088232,0.00181840790901,-0.000833786500152,0.00115239375737,-0.000339548481861,0.00143283093348,-0.00062468420947,0.00670793233439,-0.0120065743104,0.0202528610826,-0.00897260196507],[0.000506352982484,-0.00163366831839,0.000991998706013,-0.00199119048193,-0.0012677781051,0.000379569479264,0.000564339396078,0.000989983091131,0.000099952929304,-0.0000541146655451,0.00975707173347,-0.00897260196507,0.0192864444107]],"mean":[-110.444084167,84.4512710571,-102.445846558,75.6964035034,-41.6476554871,5.84171247482,-27.6959495544,-1.80734217167,-12.3960208893,-7.2768445015,-16.4923095703,-4.86075639725,-14.8240375519]},"hfc":{"dmean":5.98874235153,"dmean2":7.68939828873,"dvar":318.491027832,"dvar2":607.501831055,"max":1094.30065918,"mean":16.61302948,"median":6.73586606979,"min":1.46046712501e-8,"var":997.04309082},"melbands":{"dmean":[0.00106845260598,0.0016312180087,0.00136527803261,0.000677059055306,0.000147171711433,0.000026568184694,0.0000316112709697,0.0000917712386581,0.0000890748851816,0.0000876496269484,0.0000240929966822,0.0000126102631839,0.0000103831616798,0.00000979864489636,0.0000164878420037,0.0000188129524759,0.0000265790931735,0.0000225764633797,0.0000130764419737,0.0000106590659925,0.0000156988207891,0.00000854394511407,0.00000704278181729,0.00000773841202317,0.00000739736560718,0.00000863033164933,0.00000553432209927,0.00000424025529355,0.00000481771485283,0.00000415984322899,0.00000513770692123,0.00000455251029052,0.00000574753994442,0.00000428432531407,0.0000024982866762,0.0000012623713701,5.41896611139e-7,2.77725064279e-7,1.50632658347e-7,1.00219899934e-7],"dmean2":[0.00187427131459,0.00284658791497,0.0024744651746,0.00117291905917,0.000249993550824,0.0000429524043284,0.0000498998851981,0.000150646170368,0.000145235200762,0.000128248415422,0.000035923840187,0.000016346342818,0.0000147184564412,0.0000139359581226,0.0000240871977439,0.0000291456926789,0.0000393719310523,0.0000335366312356,0.0000195331995201,0.0000156014266395,0.0000230064815696,0.0000134021711347,0.0000105515673567,0.0000120987779155,0.000011154556887,0.0000128587298605,0.00000837622246763,0.00000635384185443,0.00000724184565115,0.00000633244462733,0.00000771474151406,0.00000663700757286,0.00000849064417707,0.00000646667558613,0.00000363605977327,0.00000186059583029,7.81580752118e-7,3.88495323023e-7,2.1060505162e-7,1.41744351367e-7],"dvar":[0.0000073091887316,0.0000163318800332,0.0000174770993908,0.00000385405382985,1.21873483749e-7,5.43444089729e-9,1.30479245186e-8,2.46369353363e-7,4.13201576066e-7,2.56296289081e-7,2.08126991197e-8,6.97930779836e-9,5.37630606701e-9,7.38078620444e-9,1.55941553004e-8,9.96598359393e-9,1.28810757616e-8,1.20313305985e-8,3.081763289e-9,1.41299172363e-9,1.97927896295e-9,4.86099827057e-10,2.46605069698e-10,2.8320742973e-10,3.12681269765e-10,7.43231753919e-10,1.6704149175e-10,1.69230532365e-10,3.53016005317e-10,2.06565667349e-10,3.8839148564e-10,3.42235545459e-10,1.11359144128e-9,3.35958538766e-10,1.42200168307e-10,3.89700667569e-11,5.49161280686e-12,1.21131425203e-12,4.34172256524e-13,2.41288705596e-13],"dvar2":[0.0000192588777281,0.0000431699299952,0.0000478402071167,0.0000103033762571,3.24547698938e-7,1.30600872339e-8,3.04078753288e-8,6.28824636806e-7,0.00000103107902305,5.14646842475e-7,4.55981883363e-8,9.85660886244e-9,1.11466862407e-8,1.54848205369e-8,3.83810672133e-8,2.29072174562e-8,2.64544990358e-8,2.5854383523e-8,7.19900095092e-9,2.99108804391e-9,4.27889501609e-9,1.19328025239e-9,5.43488087867e-10,6.69504229833e-10,6.66116162229e-10,1.52323387237e-9,3.79089482028e-10,3.64100777306e-10,7.61237795022e-10,4.81155226773e-10,8.73835448445e-10,6.31028784781e-10,3.06517788928e-9,7.54091789013e-10,2.84236939541e-10,9.63227067552e-11,1.20066049117e-11,2.28671357023e-12,9.48029198547e-13,4.47082393893e-13],"max":[0.024276278913,0.0364535860717,0.0452449321747,0.0219726469368,0.00415417877957,0.00229171221144,0.00318357395008,0.0118774939328,0.0202445536852,0.0236939731985,0.00501602282748,0.00434009963647,0.00271578738466,0.00475536147133,0.00517267966643,0.00309988670051,0.00308809382841,0.00381441391073,0.00154379580636,0.00159815384541,0.00125639140606,0.000554488156922,0.000328247988364,0.000504214956891,0.000534670427442,0.000816347892396,0.000347135937773,0.000285124551738,0.000804276845884,0.000648520654067,0.000759040180128,0.0011146129109,0.0020380220376,0.0010254472727,0.000697803217918,0.000338929588906,0.000114000569738,0.0000361478305422,0.000034510561818,0.0000247254847636],"mean":[0.00111684761941,0.00185345974751,0.00115958659444,0.000642413739115,0.000158537499374,0.0000385487983294,0.0000431297630712,0.000096916599432,0.0000865104448167,0.000105505620013,0.0000285854293907,0.0000212761424336,0.0000149067518578,0.0000142009121191,0.0000208984147321,0.0000227843047469,0.0000379474367946,0.0000304524619423,0.0000187249079318,0.0000231125122809,0.0000339649923262,0.0000167569050973,0.0000138498789966,0.0000145121921378,0.0000135406035042,0.0000141719383464,0.0000106114894152,0.00000743678992876,0.00000816570081952,0.00000757042380428,0.00000917691704672,0.00000870671374287,0.0000103340471469,0.00000811265908851,0.00000454618657386,0.00000231123954109,9.92308173409e-7,4.98176177643e-7,2.52957136126e-7,1.60856160392e-7],"median":[0.0005260912003,0.00107906979974,0.000392908288632,0.000164768047398,0.0000466887759103,0.0000156228416017,0.00000591572279518,0.00000408176219935,0.00000460132287117,0.00000274615649687,7.88675549757e-7,0.00000105515471205,0.00000118430489238,8.17981060663e-7,8.3035189391e-7,9.63262550613e-7,0.00000181402651833,0.00000178384391347,0.00000227545092457,0.00000250511720878,0.00000394824610339,0.00000404959428124,0.00000347586114913,0.00000469013548354,0.00000493379593536,0.00000433114246334,0.00000281783013634,0.00000147671403283,0.00000119541005006,0.00000118181003472,8.9648614221e-7,9.92833633973e-7,9.2144938435e-7,8.57631448525e-7,4.31557083402e-7,2.01789092102e-7,9.9277123411e-8,5.47329435108e-8,3.59260852179e-8,2.13923776471e-8],"min":[9.42634981031e-14,9.40882639269e-14,9.37381614929e-14,9.32079053154e-14,9.24186129101e-14,9.140733011e-14,9.00664295206e-14,8.83673153098e-14,8.6301957605e-14,8.37424544314e-14,8.06908996543e-14,7.71215502484e-14,7.29380070881e-14,6.81440377758e-14,6.27770947205e-14,5.67811788798e-14,5.02757388401e-14,4.33089944929e-14,3.60591480178e-14,2.87691894504e-14,2.16697268988e-14,1.51204274931e-14,9.41139070024e-15,4.90165261082e-15,1.83615778899e-15,3.22613356148e-16,2.92491832222e-16,1.42203713421e-15,3.15484133941e-15,4.7884771506e-15,5.65580543079e-15,5.35591976856e-15,3.96672178408e-15,2.08237311434e-15,5.79715543029e-16,1.09266919324e-16,6.10875449939e-16,1.28833044239e-15,1.28735233109e-15,5.96518876758e-16],"var":[0.00000537362984687,0.0000120554777823,0.0000117142635645,0.00000289586319013,1.02986341233e-7,6.53234977221e-9,1.84362267674e-8,2.38455413637e-7,3.77016078801e-7,4.11236925402e-7,2.70884914499e-8,2.83937762191e-8,7.83858666864e-9,9.30095733764e-9,1.60390332127e-8,1.32114461593e-8,2.68807269777e-8,1.7670314989e-8,4.28234647742e-9,5.15158671277e-9,9.24723142504e-9,1.58034352271e-9,8.12591494093e-10,6.74553857216e-10,6.81143474957e-10,1.20316534513e-9,4.37586938906e-10,3.15835690934e-10,6.55434984065e-10,4.33568181357e-10,8.41193115164e-10,1.09925002434e-9,1.6569359218e-9,7.88634046955e-10,2.95287128083e-10,6.44284764428e-11,1.23528045431e-11,2.865667122e-12,7.63856534448e-13,4.52325378758e-13]},"melbands_crest":{"dmean":2.91072845459,"dmean2":4.76922798157,"dvar":9.54227542877,"dvar2":25.0058193207,"max":39.9642982483,"mean":15.974240303,"median":16.0023536682,"min":2.40326952934,"var":23.5739402771},"melbands_flatness_db":{"dmean":0.0383377708495,"dmean2":0.0571276806295,"dvar":0.00204520882107,"dvar2":0.00443677743897,"max":0.698466062546,"mean":0.267152875662,"median":0.230042219162,"min":0.0384263470769,"var":0.0189470034093},"melbands_kurtosis":{"dmean":21.3891468048,"dmean2":33.2478027344,"dvar":6055.36328125,"dvar2":9214.69238281,"max":4477.58300781,"mean":41.8458862305,"median":9.67063426971,"min":-1.94813942909,"var":17516.15625},"melbands_skewness":{"dmean":1.28881418705,"dmean2":1.94170331955,"dvar":3.39019584656,"dvar2":6.49382066727,"max":64.2919921875,"mean":3.63183474541,"median":2.9026427269,"min":-3.95411157608,"var":13.5678529739},"melbands_spread":{"dmean":12.3972444534,"dmean2":19.234418869,"dvar":345.800384521,"dvar2":732.625488281,"max":262.975189209,"mean":31.9352416992,"median":21.6214179993,"min":0.212504714727,"var":1113.99133301},"mfcc":{"cov":[[19516.5703125,-1532.0489502,-1855.39904785,642.723754883,-621.85144043,516.311340332,-1033.71533203,232.651855469,-57.177772522,385.084350586,-145.728881836,-429.042572021,-320.997192383],[-1532.0489502,3117.81103516,758.618835449,-185.996948242,259.953918457,-156.211288452,114.932060242,-250.701080322,-154.244979858,-146.438858032,-16.9370975494,-61.2882575989,-2.80078411102],[-1855.39904785,758.618835449,2264.73510742,129.753143311,63.3210029602,122.013320923,-98.3588027954,-205.544830322,-37.5658149719,-73.2111587524,-79.4874649048,-32.2952842712,-24.5597858429],[642.723754883,-185.996948242,129.753143311,691.581176758,232.57711792,82.3510894775,-53.7704963684,32.240447998,47.5716323853,-41.0953445435,-135.06211853,-32.221157074,3.53588438034],[-621.85144043,259.953918457,63.3210029602,232.57711792,411.160919189,25.1485424042,47.0072059631,-19.9933815002,-0.514639079571,-65.8134155273,-77.5297393799,-13.9060621262,22.7700195312],[516.311340332,-156.211288452,122.013320923,82.3510894775,25.1485424042,206.034378052,28.2671413422,12.2701282501,-1.58927297592,14.4365282059,-6.44818496704,-6.1746673584,-21.2334938049],[-1033.71533203,114.932060242,-98.3588027954,-53.7704963684,47.0072059631,28.2671413422,286.355712891,76.5840377808,-24.9247398376,-28.0691833496,52.8199462891,46.3075447083,17.7614650726],[232.651855469,-250.701080322,-205.544830322,32.240447998,-19.9933815002,12.2701282501,76.5840377808,162.68977356,44.7583732605,20.2249317169,33.2718353271,22.3481235504,19.2913303375],[-57.177772522,-154.244979858,-37.5658149719,47.5716323853,-0.514639079571,-1.58927297592,-24.9247398376,44.7583732605,152.074142456,52.6511383057,-31.1803512573,1.87984228134,10.4590845108],[385.084350586,-146.438858032,-73.2111587524,-41.0953445435,-65.8134155273,14.4365282059,-28.0691833496,20.2249317169,52.6511383057,167.186950684,96.3323822021,-11.3445911407,-14.6440420151],[-145.728881836,-16.9370975494,-79.4874649048,-135.06211853,-77.5297393799,-6.44818496704,52.8199462891,33.2718353271,-31.1803512573,96.3323822021,212.486801147,53.4783363342,0.973107814789],[-429.042572021,-61.2882575989,-32.2952842712,-32.221157074,-13.9060621262,-6.1746673584,46.3075447083,22.3481235504,1.87984228134,-11.3445911407,53.4783363342,111.294113159,45.8314743042],[-320.997192383,-2.80078411102,-24.5597858429,3.53588438034,22.7700195312,-21.2334938049,17.7614650726,19.2913303375,10.4590845108,-14.6440420151,0.973107814789,45.8314743042,86.8064804077]],"icov":[[0.000137581329909,-0.0000703547193552,0.000155348243425,-0.000120851254906,0.000218481916818,-0.000473516876809,0.000636146287434,-0.000486805278342,0.000424168916652,-0.000277505372651,0.000211079473956,0.000117416464491,0.000197966684937],[-0.0000703547193552,0.000534476421308,-0.000222972681513,0.000201045928407,-0.000420304393629,0.000674811715726,-0.000698278250638,0.000872145465109,-0.000186286546523,0.000429086037911,-0.000389624066884,0.000443650729721,-0.000224859759328],[0.000155348243425,-0.000222972681513,0.000756981957238,-0.000289737567073,0.000404136080761,-0.00103555829264,0.000847711111419,0.0000605982531852,0.000232521430007,-0.0000124677962958,0.0000896183410077,0.000131435270305,0.000146483362187],[-0.000120851254906,0.000201045928407,-0.000289737567073,0.0024137145374,-0.0015167176025,-0.000101185352833,0.000127622231958,-0.000684381870087,-0.000238649081439,-0.0000535630460945,0.000951686059125,-0.000336857483489,0.0000652827511658],[0.000218481916818,-0.000420304393629,0.000404136080761,-0.0015167176025,0.0040927012451,-0.00109693873674,0.0000866881018737,0.000208371624467,0.000192718973267,0.000338135636412,0.000368674838683,0.000872394710314,-0.000866349553689],[-0.000473516876809,0.000674811715726,-0.00103555829264,-0.000101185352833,-0.00109693873674,0.00782744586468,-0.00337426667102,0.00146963226143,-0.000468534766696,-0.000544484471902,0.000119862546853,-0.000885907269549,0.000979097210802],[0.000636146287434,-0.000698278250638,0.000847711111419,0.000127622231958,0.0000866881018737,-0.00337426667102,0.0084007717669,-0.00539507484064,0.00262246280909,-0.000132429442601,0.000132260465762,-0.000909561000299,0.00133688817732],[-0.000486805278342,0.000872145465109,0.0000605982531852,-0.000684381870087,0.000208371624467,0.00146963226143,-0.00539507484064,0.012825826183,-0.00528526259586,0.00287413340993,-0.00366510543972,0.00149426283315,-0.00279476889409],[0.000424168916652,-0.000186286546523,0.000232521430007,-0.000238649081439,0.000192718973267,-0.000468534766696,0.00262246280909,-0.00528526259586,0.0127308545634,-0.00787324272096,0.00663879700005,-0.00302639440633,0.000772161060013],[-0.000277505372651,0.000429086037911,-0.0000124677962958,-0.0000535630460945,0.000338135636412,-0.000544484471902,-0.000132429442601,0.00287413340993,-0.00787324272096,0.0153174670413,-0.0100156879053,0.00562766846269,-0.00117352197412],[0.000211079473956,-0.000389624066884,0.0000896183410077,0.000951686059125,0.000368674838683,0.000119862546853,0.000132260465762,-0.00366510543972,0.00663879700005,-0.0100156879053,0.0133953690529,-0.00697133457288,0.00251562008634],[0.000117416464491,0.000443650729721,0.000131435270305,-0.000336857483489,0.000872394710314,-0.000885907269549,-0.000909561000299,0.00149426283315,-0.00302639440633,0.00562766846269,-0.00697133457288,0.016867633909,-0.00760558433831],[0.000197966684937,-0.000224859759328,0.000146483362187,0.0000652827511658,-0.000866349553689,0.000979097210802,0.00133688817732,-0.00279476889409,0.000772161060013,-0.00117352197412,0.00251562008634,-0.00760558433831,0.0167940910906]],"mean":[-745.326416016,92.6569976807,13.0275125504,63.9289054871,14.0864648819,19.1039676666,-3.56708478928,12.3829984665,-1.07505631447,5.19436264038,2.29207801819,-3.74854707718,-2.3836479187]},"pitch_salience":{"dmean":0.0706473812461,"dmean2":0.116068221629,"dvar":0.00600329833105,"dvar2":0.0156300310045,"max":0.975973188877,"mean":0.510914206505,"median":0.517100811005,"min":0.00368396029808,"var":0.0171279404312},"silence_rate_20dB":{"dmean":0,"dmean2":0,"dvar":0,"dvar2":0,"max":1,"mean":1,"median":1,"min":1,"var":0},"silence_rate_30dB":{"dmean":0.0217957068235,"dmean2":0.0435985028744,"dvar":0.0213194843382,"dvar2":0.0569891184568,"max":1,"mean":0.9855260849,"median":1,"min":0,"var":0.0142629276961},"silence_rate_60dB":{"dmean":0.0605074837804,"dmean2":0.121034651995,"dvar":0.056847307831,"dvar2":0.128834784031,"max":1,"mean":0.183769717813,"median":0,"min":0,"var":0.149997368455},"spectral_centroid":{"dmean":349.805999756,"dmean2":530.127685547,"dvar":226320.484375,"dvar2":470374.875,"max":6357.14208984,"mean":1807.79992676,"median":1911.03137207,"min":106.987068176,"var":1259432.375},"spectral_complexity":{"dmean":2.66851019859,"dmean2":3.51163172722,"dvar":14.6780452728,"dvar2":21.8705234528,"max":57,"mean":11.1192064285,"median":8,"min":0,"var":106.519020081},"spectral_contrast_coeffs":{"dmean":[0.0477509312332,0.0424141772091,0.0367559120059,0.0325292572379,0.0232572741807,0.0189198832959],"dmean2":[0.0780316218734,0.0676865279675,0.05598019436,0.0494150444865,0.0359753035009,0.0282378308475],"dvar":[0.0023254067637,0.00183573912363,0.00121898169164,0.000999503070489,0.000546211318579,0.000368712557247],"dvar2":[0.00606577750295,0.00424715597183,0.00241261301562,0.00191085517872,0.001081954455,0.000709408312105],"max":[-0.320432007313,-0.266517221928,-0.344786405563,-0.44390463829,-0.507792711258,-0.565581560135],"mean":[-0.648790419102,-0.756673574448,-0.779449045658,-0.766897976398,-0.778657376766,-0.720303058624],"median":[-0.646238088608,-0.772814571857,-0.802103877068,-0.783662080765,-0.782087683678,-0.702822327614],"min":[-0.999653458595,-0.998639404774,-0.997119307518,-0.99445772171,-0.99757283926,-0.974256455898],"var":[0.00924384966493,0.00690196175128,0.00856794044375,0.00744559010491,0.00478147855029,0.00504659162834]},"spectral_contrast_valleys":{"dmean":[0.492836922407,0.438181996346,0.424482643604,0.369015663862,0.300708860159,0.358391195536],"dmean2":[0.7455534935,0.677315294743,0.631452918053,0.531274914742,0.400789827108,0.417116969824],"dvar":[0.243454918265,0.21371383965,0.197279125452,0.179284140468,0.139687031507,0.196728676558],"dvar2":[0.493577599525,0.43928399682,0.356013506651,0.313978224993,0.243109852076,0.333558171988],"max":[-4.77439928055,-5.20759916306,-6.08046340942,-6.25644636154,-5.13620710373,-7.27396440506],"mean":[-7.91634178162,-8.33965587616,-9.28276729584,-9.26219749451,-8.43577861786,-11.2482671738],"median":[-7.53302288055,-8.06760883331,-9.06171131134,-8.88634109497,-7.91001605988,-10.8530197144],"min":[-19.8752365112,-19.8589172363,-19.805814743,-19.6912937164,-19.5044059753,-20.1199359894],"var":[2.23355317116,2.33045434952,2.24033808708,2.6738140583,3.43756723404,2.6448738575]},"spectral_decrease":{"dmean":3.20891269112e-9,"dmean2":5.24670129565e-9,"dvar":5.06744739884e-17,"dvar2":1.24946068277e-16,"max":-1.80519119916e-18,"mean":-4.49529302671e-9,"median":-2.33553310025e-9,"min":-6.23901001973e-8,"var":5.02045824609e-17},"spectral_energy":{"dmean":0.0125046176836,"dmean2":0.0202534757555,"dvar":0.000746348057874,"dvar2":0.00182803615462,"max":0.250591099262,"mean":0.0184730999172,"median":0.00956491846591,"min":8.13788446352e-12,"var":0.000791508122347},"spectral_energyband_high":{"dmean":0.000570285774302,"dmean2":0.000712667242624,"dvar":0.00000619438378635,"dvar2":0.0000122589881357,"max":0.162175744772,"mean":0.00135254091583,"median":0.000186389137525,"min":8.0481026574e-13,"var":0.0000175696422957},"spectral_energyband_low":{"dmean":0.00721297692508,"dmean2":0.0121512943879,"dvar":0.000287138536805,"dvar2":0.000720604206435,"max":0.150723263621,"mean":0.0084808897227,"median":0.00468538561836,"min":6.58841254123e-13,"var":0.000238959910348},"spectral_energyband_middle_high":{"dmean":0.00109811115544,"dmean2":0.00149094033986,"dvar":0.00000583955625189,"dvar2":0.0000108381573227,"max":0.0483579188585,"mean":0.00279468833469,"median":0.000990217318758,"min":3.96698993099e-12,"var":0.0000230977748288},"spectral_energyband_middle_low":{"dmean":0.00645424984396,"dmean2":0.0110932243988,"dvar":0.000316745397868,"dvar2":0.000841304135974,"max":0.179390728474,"mean":0.00677289953455,"median":0.00220601237379,"min":2.74445505384e-12,"var":0.00025111969444},"spectral_entropy":{"dmean":0.208732828498,"dmean2":0.310436069965,"dvar":0.0702128112316,"dvar2":0.154657691717,"max":9.62621688843,"mean":7.19946527481,"median":7.49313879013,"min":4.33112239838,"var":0.860046803951},"spectral_flux":{"dmean":0.032680939883,"dmean2":0.0494373030961,"dvar":0.00256055197679,"dvar2":0.0046938159503,"max":0.403004467487,"mean":0.0701041221619,"median":0.0442751571536,"min":0.0000403794874728,"var":0.00558577897027},"spectral_kurtosis":{"dmean":3.01858878136,"dmean2":5.00655508041,"dvar":40.0647735596,"dvar2":100.865737915,"max":152.181655884,"mean":9.36447715759,"median":2.59064817429,"min":-0.878925800323,"var":483.078430176},"spectral_rms":{"dmean":0.0010609861929,"dmean2":0.00161681359168,"dvar":0.00000315999932354,"dvar2":0.00000701297403793,"max":0.0156358275563,"mean":0.00348070031032,"median":0.00305477133952,"min":8.91033025141e-8,"var":0.00000590724675931},"spectral_rolloff":{"dmean":663.967468262,"dmean2":1125.2512207,"dvar":1374726.125,"dvar2":2834589.5,"max":10895.8007812,"mean":2039.18469238,"median":1528.85742188,"min":21.533203125,"var":4199397},"spectral_skewness":{"dmean":0.314467310905,"dmean2":0.49237537384,"dvar":0.157367482781,"dvar2":0.383468180895,"max":10.8083581924,"mean":1.49144232273,"median":0.92670249939,"min":-0.0306752622128,"var":3.34626793861},"spectral_spread":{"dmean":496078.15625,"dmean2":736343.0625,"dvar":384569409536,"dvar2":805522702336,"max":26081798,"mean":4034896.5,"median":4045055.75,"min":699415.625,"var":2920807399420},"spectral_strongpeak":{"dmean":0.480110555887,"dmean2":0.828926742077,"dvar":1.35507798195,"dvar2":3.53818702698,"max":24.4574203491,"mean":0.709725499153,"median":0.270770609379,"min":0,"var":1.81982922554},"zerocrossingrate":{"dmean":0.0133448187262,"dmean2":0.0155249927193,"dvar":0.000265390350251,"dvar2":0.000314300705213,"max":0.3740234375,"mean":0.0720794945955,"median":0.06494140625,"min":0,"var":0.00286997924559}},"metadata":{"audio_properties":{"analysis_sample_rate":44100,"bit_rate":0,"codec":"flac","downmix":"mix","equal_loudness":0,"length":142.733337402,"lossless":true,"md5_encoded":"f01d9be1e9983783583845dc60fd0a23","replay_gain":-7.45165061951,"sample_rate":44100},"tags":{"album":["Boys Don't Cry"],"albumartist":["The Cure"],"albumartistsort":["Cure, The"],"artist":["The Cure"],"artistsort":["Cure, The"],"asin":["B000002H5V"],"barcode":["042281501128"],"catalognumber":["815 011-2"],"date":["1986-04-29"],"file_name":"08 - The Cure - Killing an Arab.flac","format":["CD"],"genre":["Alternative Rock","Goth","Indie","The Cure","British","New Wave","Post-Punk","Cure","Gothic","Rock","80S","Alternative"],"label":["Fiction Records"],"language":["eng"],"musicbrainz_albumartistid":["69ee3720-a7cb-4402-b48d-a02c366f2bcf"],"musicbrainz_albumid":["7a2ed28e-1744-4743-b51d-3e7a07f8aa97"],"musicbrainz_artistid":["69ee3720-a7cb-4402-b48d-a02c366f2bcf"],"musicbrainz_recordingid":["68535b05-1f6f-451a-9046-66d6aa7db29c"],"musicip_puid":["5dd86fe0-ba3c-4256-cb1b-e46bea2eb9a4"],"releasecountry":["DE"],"releasestatus":["official"],"releasetype":["album"],"script":["Latn"],"title":["Killing an Arab"],"totaltracks":["12"],"tracknumber":["8"]},"version":{"essentia":"2.1-beta1","essentia_build_sha":"81dca3489dfd3c4275b86ac4d56d870715677d3f","essentia_git_sha":"v2.1_beta1-28-g21ef5f4","extractor":"music 1.0"}},"rhythm":{"beats_count":387,"beats_loudness":{"dmean":0.0220277253538,"dmean2":0.0389057472348,"dvar":0.000554286118131,"dvar2":0.00171348813456,"max":0.219849839807,"mean":0.0345069169998,"median":0.0306211784482,"min":0.0000035966413634,"var":0.000731551961508},"beats_loudness_band_ratio":{"dmean":[0.237590745091,0.122014664114,0.0660363733768,0.0417123921216,0.0739595517516,0.120362691581],"dmean2":[0.408356398344,0.235315337777,0.120069406927,0.0772581845522,0.131611153483,0.20725