{"lowlevel":{"average_loudness":0.735191345215,"barkbands":{"dmean":[0.0000199789901671,0.00172849220689,0.00132157490589,0.00154373352416,0.00118036579806,0.000290088384645,0.00034039808088,0.000271946075372,0.000684646191075,0.000284274079604,0.000261308334302,0.000289962918032,0.000283995323116,0.000231101294048,0.000383448495995,0.000590396055486,0.000151106331032,0.00027291403967,0.000254768092418,0.000186933524674,0.000121846554975,0.0000897569771041,0.0000649145586067,0.0000505808493472,0.000042657728045,0.0000182719195436,0.00000278131597042],"dmean2":[0.0000288198771159,0.00301154959016,0.00238596927375,0.00268411892466,0.00201287982054,0.000477113528177,0.000531890487764,0.000423464312917,0.000929419242311,0.000424253230449,0.000399268406909,0.000451959116617,0.000448442180641,0.000358851015335,0.000603612628765,0.00095599796623,0.000246232666541,0.000439025898231,0.000410444190493,0.000301367806969,0.000194517939235,0.000140829477459,0.000097861753602,0.0000718149312888,0.0000564462025068,0.0000243414342549,0.00000381200015909],"dvar":[1.64057856189e-9,0.0000427335253335,0.0000142854032674,0.000011376006114,0.00000428858493251,3.03167439597e-7,4.75717371273e-7,5.91619709667e-7,0.00000239867654273,5.95219944444e-7,4.48897594651e-7,5.99074610363e-7,7.66404070873e-7,1.89381182736e-7,9.45266549479e-7,0.00000192554080058,6.26884499866e-8,2.41943240553e-7,2.01565413249e-7,1.57111131216e-7,4.95328968952e-8,2.53211638324e-8,1.45784397887e-8,9.1367020616e-9,8.61762305959e-9,1.3132458454e-9,4.00938969525e-11],"dvar2":[3.60932128629e-9,0.000117073170259,0.0000411539331253,0.0000313965610985,0.0000122236024254,7.74211059706e-7,0.00000109431948658,0.00000135477921503,0.00000396857376472,0.00000135746506658,0.00000103904187654,0.00000134718891331,0.00000176595551693,4.36576385709e-7,0.00000224014320338,0.00000466086976303,1.60080332989e-7,5.77400101065e-7,4.85813700379e-7,3.94043269125e-7,1.20447921859e-7,5.93910662872e-8,3.19425303985e-8,1.75661352131e-8,1.51259573755e-8,2.3668680349e-9,7.45140477099e-11],"max":[0.00115998985711,0.072699084878,0.0426664948463,0.0472824983299,0.0360299125314,0.0127372955903,0.0169218406081,0.023674974218,0.0769242569804,0.0257884673774,0.0226275026798,0.0361620299518,0.0241822339594,0.0128859411925,0.031381085515,0.0407404489815,0.00535457395017,0.0138274282217,0.0103269228712,0.0178142543882,0.00777751253918,0.00522186607122,0.00439000828192,0.00240793847479,0.00305309332907,0.000947791791987,0.000137599286973],"mean":[0.0000534847567906,0.00238737021573,0.00164283288177,0.001837799442,0.00215791841038,0.000541838875506,0.000670343870297,0.000451683386927,0.00152980280109,0.000605898152571,0.000456470326753,0.000532674428541,0.000497910717968,0.000405701925047,0.000627254834399,0.00106825307012,0.000312142539769,0.000596477882937,0.000634482072201,0.000452686363133,0.000308718095766,0.000246693904046,0.000174626315129,0.00011499653192,0.0000737563896109,0.0000280692493106,0.00000361654633707],"median":[0.0000249728200288,0.00118615408428,0.000750012753997,0.000694543588907,0.00131113501266,0.000286724476609,0.000274943595286,0.000129696927615,0.000317990488838,0.000111491768621,0.000124238504213,0.000140777643537,0.000120879187307,0.000149855870404,0.00017225756892,0.00028621754609,0.000192650608369,0.000273461337201,0.000287228322122,0.000232177029829,0.000152602151502,0.000123539619381,0.0000889730144991,0.0000556578161195,0.0000272996530839,0.00000854861809785,6.23290134172e-7],"min":[0.00000215847921936,2.06265600156e-8,4.05226687709e-13,7.43483304978e-14,2.13374196784e-12,9.72910337363e-13,1.2862280685e-12,6.19268959029e-13,9.20174310012e-13,1.46039907598e-12,9.36050499264e-13,1.86671273057e-12,1.31549805771e-12,1.44506878252e-12,1.61280266486e-12,2.06525595237e-12,3.66811312227e-12,2.53729003953e-12,4.80558735166e-12,4.90447916654e-12,9.19292853646e-12,9.92836975827e-12,1.18620521392e-11,1.64523498991e-11,2.07316091377e-11,3.12730084884e-11,5.50696016566e-11],"var":[4.87052220777e-9,0.0000305861685774,0.0000102682370198,0.0000113532169053,0.00000736062065698,6.4100555619e-7,0.00000138143207096,0.00000121887796922,0.0000144892546814,0.0000021437435862,9.69230654846e-7,0.00000150641881191,0.00000185856868029,4.5295192308e-7,0.00000190364801256,0.00000466209030492,1.54318144041e-7,7.8374421264e-7,8.44812348078e-7,5.10956454036e-7,1.91360896906e-7,1.08500486817e-7,5.71867140309e-8,2.69885980231e-8,1.88587154781e-8,2.68836974904e-9,6.69432981271e-11]},"barkbands_crest":{"dmean":2.06268882751,"dmean2":3.37133836746,"dvar":4.89154624939,"dvar2":13.1791934967,"max":26.9305038452,"mean":8.5477809906,"median":7.33382844925,"min":2.04980540276,"var":21.8987503052},"barkbands_flatness_db":{"dmean":0.0162033475935,"dmean2":0.0245134085417,"dvar":0.000306074158289,"dvar2":0.000705469225068,"max":0.772419571877,"mean":0.103028483689,"median":0.0866466388106,"min":0.0232174824923,"var":0.0046732542105},"barkbands_kurtosis":{"dmean":11.8793182373,"dmean2":15.1912698746,"dvar":87187.7109375,"dvar2":78934.65625,"max":34533.1875,"mean":94.399017334,"median":-0.34207367897,"min":-1.88504815102,"var":1709443.5},"barkbands_skewness":{"dmean":0.492084145546,"dmean2":0.756758093834,"dvar":2.665340662,"dvar2":3.12837815285,"max":162.220169067,"mean":1.8568315506,"median":0.665148437023,"min":-3.58396530151,"var":78.0699768066},"barkbands_spread":{"dmean":5.62855243683,"dmean2":8.70248889923,"dvar":36.3544998169,"dvar2":84.5997085571,"max":106.032264709,"mean":31.5164585114,"median":31.345489502,"min":0.0124293928966,"var":189.690505981},"dissonance":{"dmean":0.0113710882142,"dmean2":0.0192097108811,"dvar":0.000137427283335,"dvar2":0.000376314332243,"max":0.500000119209,"mean":0.477405667305,"median":0.481987386942,"min":0.260277599096,"var":0.000326953420881},"dynamic_complexity":5.35079097748,"erbbands":{"dmean":[0.0297335777432,0.457706779242,1.38081014156,3.70966458321,4.274269104,4.28875684738,3.3506629467,2.13142585754,3.5140414238,6.98857450485,5.79262638092,12.4438610077,13.7052879333,8.87393951416,10.2198934555,10.6893472672,12.479839325,14.07234478,5.40232229233,43.7358169556,21.6215229034,9.18568611145,12.9377746582,12.0181999207,11.516500473,10.0161428452,5.73990535736,4.3728556633,3.29111218452,2.55927038193,1.82069861889,1.316152215,0.759327709675,0.521826028824,0.270591050386,0.107195466757,0.0277056228369,0.00526653323323,0.000455357047031,0.0000208951478271],"dmean2":[0.0498049780726,0.807376265526,2.46785020828,6.54400634766,7.48827362061,7.1699552536,5.50946378708,3.47271513939,5.82147502899,10.5965690613,8.64504337311,16.0523014069,20.0024738312,13.0079641342,15.5328054428,16.6141738892,19.4655742645,21.9830513,8.4419593811,68.8962554932,35.3919715881,14.8154907227,20.5645923615,19.2711601257,18.5993919373,16.1337661743,9.26838970184,6.98160886765,5.17295598984,3.9383764267,2.76677942276,1.95645618439,1.03852808475,0.698659241199,0.364269167185,0.143507748842,0.0374279618263,0.00715454015881,0.00061309634475,0.0000281382544927],"dvar":[0.0114394286647,3.02912998199,18.641242981,71.0532913208,81.7012252808,59.435131073,44.007724762,20.5049057007,48.0962104797,339.678009033,248.511520386,1382.19165039,853.813232422,556.114929199,637.776672363,838.775634766,1543.31762695,707.360534668,155.006134033,14318.7636719,2418.59960938,202.791473389,630.738708496,435.140319824,455.38671875,511.694671631,118.965690613,77.3156967163,33.0286254883,24.1954612732,11.1683206558,5.45683526993,2.52541995049,1.35202932358,0.338607698679,0.0472628287971,0.00325069553219,0.000134518268169,0.00000101498596905,1.68694780367e-9],"dvar2":[0.0300157163292,8.36210823059,52.2259178162,199.511383057,236.00100708,162.173187256,115.452232361,50.9858665466,127.578109741,788.59967041,561.908996582,1817.90209961,1915.99316406,1250.49023438,1468.35205078,1918.82897949,3487.54858398,1681.49291992,364.866577148,33814.0390625,6231.20849609,516.911804199,1472.47106934,1010.59484863,1126.3404541,1266.31933594,298.715240479,192.673355103,78.2834472656,56.3944358826,24.8186454773,11.3347406387,4.72693634033,2.42928099632,0.604877591133,0.0871682539582,0.00597344525158,0.000246743031312,0.00000182697976925,2.96879654194e-9],"max":[1.52401661873,19.0592021942,48.7328109741,99.5702438354,149.465835571,149.864379883,169.979812622,127.636856079,216.959121704,725.338867188,446.98449707,2234.98461914,872.239318848,967.882507324,939.707641602,1299.45166016,1128.00390625,733.712890625,433.267486572,3371.45141602,1168.8404541,252.635604858,878.075927734,561.252929688,588.399780273,1173.0480957,259.208953857,395.513305664,120.878379822,182.764862061,98.5174560547,46.6631088257,47.8969306946,38.0419616699,16.8591785431,5.04033994675,1.48740184307,0.322880834341,0.0190647821873,0.000811674573924],"mean":[0.0526146143675,0.591630160809,1.82776892185,4.48641490936,6.27802753448,7.71185874939,5.96244859695,4.27738189697,6.56139421463,13.4880180359,11.6135511398,30.6071853638,27.7870941162,20.5156364441,20.5120830536,20.5974178314,24.0489654541,25.7133960724,12.4191408157,71.1991424561,41.5472717285,21.7105941772,29.9837265015,31.0671768188,29.4558925629,24.1170825958,14.4362573624,10.8138742447,8.94098567963,6.92963171005,4.79100465775,3.21709632874,1.49534618855,0.87645983696,0.477937966585,0.175582140684,0.0397566333413,0.0071641583927,0.000615527620539,0.0000458135000372],"median":[0.0254703387618,0.283937811852,0.871282100677,1.85029280186,3.40089559555,3.91340065002,2.91946387291,2.29665970802,3.44707250595,4.15163135529,3.52305817604,5.65679121017,8.13959789276,5.603723526,6.97947359085,6.19050312042,6.84069490433,8.73780441284,6.92285060883,14.0560970306,14.471698761,13.9115028381,14.35085392,16.291217804,14.2002563477,12.0930194855,6.7987742424,5.24936676025,4.41269350052,3.53289270401,2.4126431942,1.60895586014,0.647714734077,0.324750453234,0.17076921463,0.0588930398226,0.0103653566912,0.00141319050454,0.000127546780277,0.0000289387353405],"min":[0.0000241574853135,0.00000238194434132,3.38317818205e-7,1.20737254861e-7,6.92160497806e-8,4.4366149865e-8,3.40579795477e-8,2.91585955381e-8,3.62995002945e-8,2.4956914757e-8,2.66926534209e-8,3.72868207421e-8,6.02665792826e-8,5.52760184291e-8,5.80582906196e-8,8.35441298364e-8,9.54438945655e-8,7.83042324315e-8,1.20110129842e-7,1.53753973109e-7,1.50228430584e-7,2.05760372296e-7,1.52967103872e-7,2.06830733873e-7,2.76117418707e-7,2.90144953397e-7,2.8418560305e-7,3.52010999904e-7,4.081842917e-7,3.54129866764e-7,3.15193972256e-7,3.77563225129e-7,2.89710811785e-7,2.23574062375e-7,1.74190589064e-7,1.27410856976e-7,5.65032429733e-8,2.98559292844e-8,1.25925705419e-8,1.22938139668e-8],"var":[0.0103787407279,2.08928346634,13.6474761963,63.9441490173,92.7702407837,120.580696106,87.0664520264,47.5622177124,99.6765365601,841.843200684,643.611755371,10133.7412109,2549.87353516,2273.47045898,1501.21179199,2043.79260254,4075.37182617,1772.44616699,354.721588135,32299.3027344,5831.25683594,612.988525391,2039.05175781,1743.95544434,1857.43786621,1632.44226074,419.923736572,287.247039795,139.982070923,92.6536712646,43.2737350464,18.6657981873,6.06211328506,2.77531290054,0.794563829899,0.102165862918,0.00606632325798,0.000238942840951,0.00000175987213424,3.50721740539e-9]},"erbbands_crest":{"dmean":2.56539487839,"dmean2":4.11025190353,"dvar":6.47522068024,"dvar2":15.7796888351,"max":32.9573135376,"mean":8.98668670654,"median":7.71724128723,"min":2.17056012154,"var":20.9662818909},"erbbands_flatness_db":{"dmean":0.015263014473,"dmean2":0.0212548859417,"dvar":0.000209591002204,"dvar2":0.000395277369535,"max":0.353282272816,"mean":0.142233416438,"median":0.139743745327,"min":0.0342263691127,"var":0.00131478987169},"erbbands_kurtosis":{"dmean":0.738937199116,"dmean2":1.16148233414,"dvar":1.32618021965,"dvar2":3.02531504631,"max":42.0421791077,"mean":0.203635960817,"median":-0.212544679642,"min":-1.82559335232,"var":3.41129922867},"erbbands_skewness":{"dmean":0.297896295786,"dmean2":0.460986793041,"dvar":0.0719712153077,"dvar2":0.171793043613,"max":4.20999908447,"mean":-0.203367426991,"median":-0.212469622493,"min":-3.37903237343,"var":0.436536431313},"erbbands_spread":{"dmean":7.47067546844,"dmean2":11.6663198471,"dvar":62.9955062866,"dvar2":146.679275513,"max":176.416824341,"mean":41.7297973633,"median":36.4730033875,"min":1.63263034821,"var":463.632049561},"gfcc":{"cov":[[18469.5546875,202.895401001,-667.448547363,257.888702393,-693.934570312,-139.068069458,-476.58493042,-197.1302948,-543.728149414,-116.492248535,-205.542999268,-128.460525513,-503.396057129],[202.895401001,770.890197754,-134.617477417,34.7158241272,20.0322608948,-59.8511886597,40.3646850586,-48.2918052673,30.2975540161,-71.1864471436,83.0956344604,-31.2821903229,7.6635518074],[-667.448547363,-134.617477417,756.263122559,224.330810547,110.726371765,-59.0714302063,-24.1563663483,-20.5348434448,-57.209312439,97.5890655518,83.7400894165,43.7971954346,-29.2930259705],[257.888702393,34.7158241272,224.330810547,405.876251221,13.13712883,-75.6643447876,-40.6125221252,-101.755699158,-32.6262168884,11.3817081451,53.423828125,-14.9325008392,-18.214225769],[-693.934570312,20.0322608948,110.726371765,13.13712883,216.658294678,39.5297622681,13.2497272491,21.4176292419,42.1243400574,18.769323349,-0.0587432645261,11.2502565384,38.6247329712],[-139.068069458,-59.8511886597,-59.0714302063,-75.6643447876,39.5297622681,160.519485474,73.5638656616,41.2882003784,35.2501831055,6.83912467957,-23.0154647827,5.82422924042,17.2979469299],[-476.58493042,40.3646850586,-24.1563663483,-40.6125221252,13.2497272491,73.5638656616,153.756729126,53.8517913818,40.6843566895,-12.5316667557,2.95508384705,4.51141214371,13.880446434],[-197.1302948,-48.2918052673,-20.5348434448,-101.755699158,21.4176292419,41.2882003784,53.8517913818,131.072555542,56.3681373596,8.77069282532,-29.1007347107,3.12479090691,14.7204084396],[-543.728149414,30.2975540161,-57.209312439,-32.6262168884,42.1243400574,35.2501831055,40.6843566895,56.3681373596,123.889808655,20.5092468262,-12.3620243073,-8.40998935699,35.8190193176],[-116.492248535,-71.1864471436,97.5890655518,11.3817081451,18.769323349,6.83912467957,-12.5316667557,8.77069282532,20.5092468262,84.1505432129,34.4369049072,12.89503479,-7.72803974152],[-205.542999268,83.0956344604,83.7400894165,53.423828125,-0.0587432645261,-23.0154647827,2.95508384705,-29.1007347107,-12.3620243073,34.4369049072,112.694198608,32.6119880676,-17.4872322083],[-128.460525513,-31.2821903229,43.7971954346,-14.9325008392,11.2502565384,5.82422924042,4.51141214371,3.12479090691,-8.40998935699,12.89503479,32.6119880676,61.7003555298,14.6195745468],[-503.396057129,7.6635518074,-29.2930259705,-18.214225769,38.6247329712,17.2979469299,13.880446434,14.7204084396,35.8190193176,-7.72803974152,-17.4872322083,14.6195745468,93.2566375732]],"icov":[[0.000101778190583,-0.000158767405082,0.000134264293592,-0.000210929545574,0.000201688948437,-0.000200450842385,0.000306317961076,-0.000251472287346,0.000441925920313,-0.000297011429211,0.000479415815789,-0.000280330918031,0.000450659659691],[-0.000158767405082,0.00244525563903,0.0000690267188475,0.00061304459814,-0.000965395360254,0.00123755761888,-0.00105389580131,0.00106980942655,-0.00171178998426,0.00306387199089,-0.00387332611717,0.00249266251922,-0.000963960366789],[0.000134264293592,0.0000690267188475,0.00273820781149,-0.00156003900338,-0.00121078651864,0.000790838559624,-0.000347807421349,-0.00132632674649,0.00248884037137,-0.00291873188689,0.000406737846788,-0.00126281008124,0.000966830877587],[-0.000210929545574,0.00061304459814,-0.00156003900338,0.00462949788198,-0.00043302832637,0.00130761205219,-0.000887860427611,0.00360803119838,-0.00217412761413,0.00188908330165,-0.00247130962089,0.00283456104808,-0.00119153293781],[0.000201688948437,-0.000965395360254,-0.00121078651864,-0.00043302832637,0.00688524311408,-0.00254292553291,0.0017492674524,-0.000664407329168,-0.000990599161014,-0.000425898615504,0.00163309951313,-0.00109455839265,-0.00100935820956],[-0.000200450842385,0.00123755761888,0.000790838559624,0.00130761205219,-0.00254292553291,0.0107496576384,-0.00573068205267,0.00138204428367,-0.000902715721168,-0.00167880882509,0.000575918820687,-0.000160569848958,-0.000645046762656],[0.000306317961076,-0.00105389580131,-0.000347807421349,-0.000887860427611,0.0017492674524,-0.00573068205267,0.011973685585,-0.00437727570534,-0.000741811876651,0.00329641997814,-0.00132606364787,-0.000649952446111,0.00111599278171],[-0.000251472287346,0.00106980942655,-0.00132632674649,0.00360803119838,-0.000664407329168,0.00138204428367,-0.00437727570534,0.0147953554988,-0.00645342841744,0.000465855322545,0.00151434750296,-0.000392024056055,0.0000403848571295],[0.000441925920313,-0.00171178998426,0.00248884037137,-0.00217412761413,-0.000990599161014,-0.000902715721168,-0.000741811876651,-0.00645342841744,0.0172931961715,-0.0085076065734,0.00311858160421,0.00146212254185,-0.00240148487501],[-0.000297011429211,0.00306387199089,-0.00291873188689,0.00188908330165,-0.000425898615504,-0.00167880882509,0.00329641997814,0.000465855322545,-0.0085076065734,0.0239766128361,-0.0109163243324,0.00297264591791,0.000262321234914],[0.000479415815789,-0.00387332611717,0.000406737846788,-0.00247130962089,0.00163309951313,0.000575918820687,-0.00132606364787,0.00151434750296,0.00311858160421,-0.0109163243324,0.0222361683846,-0.0125976344571,0.00576849142089],[-0.000280330918031,0.00249266251922,-0.00126281008124,0.00283456104808,-0.00109455839265,-0.000160569848958,-0.000649952446111,-0.000392024056055,0.00146212254185,0.00297264591791,-0.0125976344571,0.0268377177417,-0.00780414417386],[0.000450659659691,-0.000963960366789,0.000966830877587,-0.00119153293781,-0.00100935820956,-0.000645046762656,0.00111599278171,0.0000403848571295,-0.00240148487501,0.000262321234914,0.00576849142089,-0.00780414417386,0.0169204007834]],"mean":[-19.7453708649,67.3464584351,-123.388977051,47.367149353,-54.3291244507,14.3545484543,-35.0733795166,10.8295783997,-24.7848682404,-2.13338112831,-19.4820728302,-1.69835424423,-11.7832975388]},"hfc":{"dmean":5.0408115387,"dmean2":7.27448511124,"dvar":55.8459320068,"dvar2":115.026451111,"max":180.923019409,"mean":22.1583194733,"median":17.0125999451,"min":0.000067407876486,"var":418.680541992},"melbands":{"dmean":[0.000380630779546,0.000681884412188,0.00063769123517,0.000289243005682,0.000130403946969,0.0000497578148497,0.0000563252287975,0.0000734515633667,0.0000519359418831,0.0000881462328834,0.0000698154617567,0.0000378063341486,0.0000391338689951,0.0000339341459039,0.0000219524299609,0.0000380605451937,0.0000234359667957,0.00000746468958823,0.0000342936400557,0.0000510497193318,0.0000257087303908,0.00000918210753298,0.0000127524135678,0.0000150359010149,0.0000100687275335,0.0000116271094157,0.00000640174084765,0.0000075069056038,0.00000421107961301,0.00000299576481666,0.00000261687819147,0.00000199480064111,0.0000020588663574,0.0000014034698097,0.00000115653881494,0.00000106083007267,7.97232246441e-7,5.53186339403e-7,5.75616866172e-7,4.10271837836e-7],"dmean2":[0.000655814772472,0.00120121950749,0.00111604109406,0.000501341302879,0.000212458209717,0.0000815158200567,0.0000913770491024,0.000111558882054,0.0000736674264772,0.000117970099382,0.000102394136775,0.0000554154903512,0.000059369187511,0.0000521987349202,0.0000345136795659,0.0000598760743742,0.000036755020119,0.0000117563840831,0.0000538984204468,0.0000805457530078,0.0000425831967732,0.0000149015631905,0.0000205705819099,0.0000244077800744,0.0000162405231094,0.0000188327794604,0.0000105182725747,0.0000121728480735,0.00000689493799655,0.00000485427472086,0.00000421285085395,0.0000031893259802,0.00000331171145262,0.00000217558704207,0.00000179666528766,0.00000163512470408,0.00000119094931961,7.80389541433e-7,8.06455204838e-7,5.59039278869e-7],"dvar":[0.00000202823548534,0.00000496759002999,0.00000199599639927,2.88608646315e-7,5.82179673358e-8,1.07166648888e-8,1.1297273339e-8,3.69431738534e-8,2.11065529498e-8,4.88251039599e-8,2.19745093233e-8,1.11024185401e-8,1.01314068246e-8,1.09944728877e-8,3.37224204117e-9,1.33519044709e-8,2.011387501e-9,3.93496957241e-10,7.68693375619e-9,1.86982500594e-8,4.26603641301e-9,2.25885588012e-10,6.98698376933e-10,7.36002259139e-10,3.36862288064e-10,4.67165861551e-10,1.59221802409e-10,3.13282316755e-10,6.70981673001e-11,3.23243966316e-11,2.72818521246e-11,1.2062221881e-11,1.43326349053e-11,7.2523610381e-12,4.57048201369e-12,3.75171421707e-12,2.0557522698e-12,1.45614932872e-12,1.70318121585e-12,8.85115873824e-13],"dvar2":[0.0000054946626733,0.0000135735126605,0.00000560088665225,8.35856951653e-7,1.52731658432e-7,2.69737263636e-8,2.85358350283e-8,8.60334168351e-8,4.26138910825e-8,7.28012636841e-8,4.94172773813e-8,2.48916780521e-8,2.32659242982e-8,2.34584014436e-8,7.91000065448e-9,3.10501278022e-8,4.75904515795e-9,9.3775276433e-10,1.80759300861e-8,4.3906627667e-8,1.10020339505e-8,5.82317083442e-10,1.71796099568e-9,1.80261972016e-9,7.96169186135e-10,1.17418108569e-9,3.98888561071e-10,7.96947174919e-10,1.75815431658e-10,8.11551381652e-11,6.9562848537e-11,2.95062412003e-11,3.6869313158e-11,1.67205780471e-11,1.06254779281e-11,8.78404553956e-12,4.32115281057e-12,2.86771344518e-12,3.32387741463e-12,1.62902644932e-12],"max":[0.0174274146557,0.0233730208129,0.0176939032972,0.00859782285988,0.00608273828402,0.00280598923564,0.00291534303688,0.00738497404382,0.0054236697033,0.0121612623334,0.00425124913454,0.00422613555565,0.00347373075783,0.00546911498532,0.00193555501755,0.00329926190898,0.00134046317544,0.000651222362649,0.00263808248565,0.00376579188742,0.00181216874626,0.000287702219794,0.000557523278985,0.000972524983808,0.000484684802359,0.000481117749587,0.000292260869173,0.000920926977415,0.000231774203712,0.000171305000549,0.000214554776903,0.000064555228164,0.000127577339299,0.000107483996544,0.0000639705103822,0.0000358124016202,0.0000284313737211,0.000036791079765,0.0000333349926223,0.0000317084231938],"mean":[0.000570123665966,0.00092214148026,0.000836730876472,0.000494713021908,0.000245496747084,0.0000975610892056,0.000110193766886,0.000139130206662,0.000108451698907,0.00020390249847,0.000137161390739,0.0000837560073705,0.0000719229574315,0.0000622597217443,0.000040440045268,0.0000670517547405,0.0000411998953496,0.0000141581303978,0.0000580279629503,0.0000874927718542,0.0000428655475844,0.0000184240161616,0.000025316438041,0.0000302177159028,0.0000235624702327,0.0000272856341326,0.000014607765479,0.000016283513105,0.00000934744002734,0.00000689953503752,0.00000588419970882,0.00000484431848236,0.00000495590393257,0.00000342841713064,0.0000027795947517,0.00000246346144195,0.00000176273977104,0.00000103435502297,9.16846545351e-7,6.64958349716e-7],"median":[0.000294275407214,0.000465388933662,0.000396173621994,0.000297540711472,0.000125810722238,0.0000521858746652,0.0000561512861168,0.000042038216634,0.0000230999849009,0.0000393222653656,0.0000377018113795,0.0000185790922842,0.0000209663576243,0.0000159910523507,0.0000106335992314,0.0000171370702446,0.000013995631889,0.00000710160975359,0.0000139159574246,0.0000186242214113,0.0000131826218421,0.000011020497368,0.0000107731020762,0.0000135755326482,0.0000116047767733,0.0000117879035315,0.00000719411809769,0.00000755040628064,0.00000409001631851,0.00000332291892846,0.00000271180920208,0.00000241864563577,0.00000226884276344,0.00000169471911704,0.00000135758114084,0.00000116592434551,8.53528774769e-7,4.33450253468e-7,3.25549564195e-7,2.33912828662e-7],"min":[3.77332895596e-7,3.5824845152e-13,2.16445622276e-13,3.94263669021e-13,2.37028685525e-13,2.58864056493e-13,2.8417283175e-13,1.22956793401e-13,1.34758184971e-13,1.61313182864e-13,2.46923683757e-13,2.3282179136e-13,1.43656543909e-13,2.10584005203e-13,2.13991422238e-13,1.09239962182e-13,1.34563801074e-13,1.56225686142e-13,1.43691251931e-13,1.33089652038e-13,1.72923172092e-13,2.02556057322e-13,1.52599815922e-13,9.90464492107e-14,1.6029595728e-13,1.8852042323e-13,1.48767649133e-13,1.8028590773e-13,1.6473144192e-13,1.44747251294e-13,1.68385528502e-13,2.28486690288e-13,1.6284085083e-13,2.26228744397e-13,1.71734818749e-13,1.98405067332e-13,2.21752927436e-13,1.78307347186e-13,1.71078998407e-13,1.6316771068e-13],"var":[0.00000152888901539,0.00000369040026271,0.00000190051048321,4.13582625924e-7,1.26607503148e-7,2.39107809108e-8,2.70234217226e-8,8.64860041361e-8,8.19349779135e-8,3.26387407767e-7,6.48556195415e-8,4.35433200607e-8,2.24166694096e-8,2.67697277678e-8,8.06276556631e-9,3.12674899305e-8,4.80820494531e-9,7.19668713511e-10,1.79419465951e-8,4.4276550426e-8,9.20075127198e-9,5.36676370011e-10,1.75737246977e-9,2.1309174425e-9,1.16017828677e-9,1.92753435435e-9,4.4607847971e-10,9.1681034986e-10,1.96179322787e-10,1.04526033662e-10,8.97489166318e-11,4.21586064669e-11,4.78304514051e-11,2.45475289401e-11,1.58279622048e-11,1.16876282957e-11,6.02808601646e-12,3.20542724308e-12,3.05376730847e-12,1.76730017339e-12]},"melbands_crest":{"dmean":2.83741211891,"dmean2":4.66893196106,"dvar":8.16553592682,"dvar2":21.2710914612,"max":39.9991073608,"mean":12.4685630798,"median":11.095957756,"min":2.98897147179,"var":37.9584388733},"melbands_flatness_db":{"dmean":0.0201713573188,"dmean2":0.0312436949462,"dvar":0.000509475299623,"dvar2":0.00124953244813,"max":0.756219625473,"mean":0.152441054583,"median":0.134928390384,"min":0.0239474847913,"var":0.00506551610306},"melbands_kurtosis":{"dmean":29.5335063934,"dmean2":36.3108024597,"dvar":496810.78125,"dvar2":509579.75,"max":102826.4375,"mean":170.671234131,"median":2.77636241913,"min":-1.78702127934,"var":8607512},"melbands_skewness":{"dmean":0.708939313889,"dmean2":1.09454154968,"dvar":5.39825868607,"dvar2":4.99159240723,"max":308.770904541,"mean":3.17940592766,"median":1.67160880566,"min":-2.15189695358,"var":144.010223389},"melbands_spread":{"dmean":8.30830478668,"dmean2":13.1074876785,"dvar":77.3866195679,"dvar2":192.760559082,"max":174.014068604,"mean":38.4401245117,"median":38.2315940857,"min":0.00899696722627,"var":439.931640625},"mfcc":{"cov":[[14110.9541016,546.387695312,-350.440246582,265.87197876,-297.798828125,-73.3525085449,-180.579864502,-51.8455848694,-397.943817139,-172.881698608,-97.3816833496,-101.14125824,-185.585968018],[546.387695312,736.293701172,-121.944252014,14.9094457626,-0.717879652977,-34.3808059692,-3.09866547585,35.1972160339,-50.9130477905,-21.3711109161,-2.39398336411,4.47822618484,-4.94528007507],[-350.440246582,-121.944252014,470.524139404,228.929702759,72.5945892334,28.506439209,58.0679092407,-71.8175964355,-76.2775802612,-29.9714546204,7.63977384567,64.4548873901,29.6935691833],[265.87197876,14.9094457626,228.929702759,404.317199707,84.4574508667,34.6645851135,-7.72597265244,-73.6960678101,-110.119171143,-35.5432052612,-36.4185943604,21.4169998169,8.04009819031],[-297.798828125,-0.717879652977,72.5945892334,84.4574508667,194.661575317,31.9170188904,4.31600666046,-40.8899726868,9.97835922241,1.52285325527,-5.6757440567,-2.31854629517,11.0089454651],[-73.3525085449,-34.3808059692,28.506439209,34.6645851135,31.9170188904,122.08618927,28.2809429169,1.04598152637,4.11027145386,0.0325818806887,-8.43259143829,12.63393116,12.2831830978],[-180.579864502,-3.09866547585,58.0679092407,-7.72597265244,4.31600666046,28.2809429169,101.966827393,26.5240097046,2.54341173172,-9.64412593842,11.2414398193,20.5384159088,12.1038427353],[-51.8455848694,35.1972160339,-71.8175964355,-73.6960678101,-40.8899726868,1.04598152637,26.5240097046,112.619468689,57.7772483826,21.7933139801,13.1996641159,-5.41567325592,-4.27391767502],[-397.943817139,-50.9130477905,-76.2775802612,-110.119171143,9.97835922241,4.11027145386,2.54341173172,57.7772483826,183.19342041,66.5213928223,-4.29571580887,-33.5076713562,-2.83416748047],[-172.881698608,-21.3711109161,-29.9714546204,-35.5432052612,1.52285325527,0.0325818806887,-9.64412593842,21.7933139801,66.5213928223,86.2240371704,26.8294048309,-8.05620765686,-6.54556035995],[-97.3816833496,-2.39398336411,7.63977384567,-36.4185943604,-5.6757440567,-8.43259143829,11.2414398193,13.1996641159,-4.29571580887,26.8294048309,91.4436264038,36.4632377625,0.231784626842],[-101.14125824,4.47822618484,64.4548873901,21.4169998169,-2.31854629517,12.63393116,20.5384159088,-5.41567325592,-33.5076713562,-8.05620765686,36.4632377625,80.110206604,28.4499855042],[-185.585968018,-4.94528007507,29.6935691833,8.04009819031,11.0089454651,12.2831830978,12.1038427353,-4.27391767502,-2.83416748047,-6.54556035995,0.231784626842,28.4499855042,66.7832183838]],"icov":[[0.0000869136711117,-0.0000385762432416,0.000074664632848,-0.000081868172856,0.000126527811517,-0.0000319702412526,0.0000774763684603,-0.00000438230927102,0.000143172874232,0.000070313217293,0.00000874472061696,0.0000642866652925,0.000171579886228],[-0.0000385762432416,0.00161110504996,0.000647735083476,-0.00027986659552,-0.000458584050648,0.000604967470281,-0.000296475365758,-0.00077611382585,0.000648034212645,-0.0000246062572842,0.000249494536547,-0.000502620998304,-0.0000354715521098],[0.000074664632848,0.000647735083476,0.00423162989318,-0.00215404457413,-0.000288465555059,0.000705446000211,-0.00255371676758,0.00154788664076,-0.0000810007913969,0.000156309310114,-0.000207488890737,-0.00205509294756,0.00000106900847641],[-0.000081868172856,-0.00027986659552,-0.00215404457413,0.00487601011992,-0.00144006800838,-0.000881589949131,0.00137224292848,-0.000231001278735,0.00243307463825,-0.00132409855723,0.00230420730077,-0.000202764291316,0.000310393399559],[0.000126527811517,-0.000458584050648,-0.000288465555059,-0.00144006800838,0.00703975278884,-0.00149335246533,-0.000328138761688,0.00288406317122,-0.00210620183498,0.000738024420571,-0.00147335010115,0.00164592824876,-0.000735589070246],[-0.0000319702412526,0.000604967470281,0.000705446000211,-0.000881589949131,-0.00149335246533,0.00990685075521,-0.00290533341467,-0.000382942613214,-0.000107710111479,-0.00100046920124,0.00194778956939,-0.00213896599598,-0.000523647177033],[0.0000774763684603,-0.000296475365758,-0.00255371676758,0.00137224292848,-0.000328138761688,-0.00290533341467,0.0140459341928,-0.00445560133085,0.00000316287741953,0.00267428113148,-0.00102677335963,-0.000736473186407,-0.000499239133205],[-0.00000438230927102,-0.00077611382585,0.00154788664076,-0.000231001278735,0.00288406317122,-0.000382942613214,-0.00445560133085,0.0145713640377,-0.00447388133034,0.0000738689268474,-0.00187330890913,-0.0000448337559646,0.000447972939583],[0.000143172874232,0.000648034212645,-0.0000810007913969,0.00243307463825,-0.00210620183498,-0.000107710111479,0.00000316287741953,-0.00447388133034,0.0122305694968,-0.00784401316196,0.00364654976875,0.00221126130782,-0.000935356365517],[0.000070313217293,-0.0000246062572842,0.000156309310114,-0.00132409855723,0.000738024420571,-0.00100046920124,0.00267428113148,0.0000738689268474,-0.00784401316196,0.0202656723559,-0.00793765485287,0.0019294815138,0.000724848476239],[0.00000874472061696,0.000249494536547,-0.000207488890737,0.00230420730077,-0.00147335010115,0.00194778956939,-0.00102677335963,-0.00187330890913,0.00364654976875,-0.00793765485287,0.018683006987,-0.00957881845534,0.00320100784302],[0.0000642866652925,-0.000502620998304,-0.00205509294756,-0.000202764291316,0.00164592824876,-0.00213896599598,-0.000736473186407,-0.0000448337559646,0.00221126130782,0.0019294815138,-0.00957881845534,0.023287018761,-0.00827190186828],[0.000171579886228,-0.0000354715521098,0.00000106900847641,0.000310393399559,-0.000735589070246,-0.000523647177033,-0.000499239133205,0.000447972939583,-0.000935356365517,0.000724848476239,0.00320100784302,-0.00827190186828,0.0192909929901]],"mean":[-654.254089355,90.6627807617,-5.31336164474,32.1708946228,3.98813605309,6.54795360565,1.36894583702,9.19570064545,-0.376440912485,4.43703079224,-4.09206533432,-3.48107099533,-2.01631641388]},"pitch_salience":{"dmean":0.0579892471433,"dmean2":0.0956538170576,"dvar":0.00326863746159,"dvar2":0.00897125340998,"max":0.847499370575,"mean":0.53816640377,"median":0.554474294186,"min":0.000491572835017,"var":0.0148286549374},"silence_rate_20dB":{"dmean":0,"dmean2":0,"dvar":0,"dvar2":0,"max":1,"mean":1,"median":1,"min":1,"var":0},"silence_rate_30dB":{"dmean":0,"dmean2":0,"dvar":0,"dvar2":0,"max":1,"mean":1,"median":1,"min":1,"var":0},"silence_rate_60dB":{"dmean":0.00684824911878,"dmean2":0.0136975636706,"dvar":0.00680159498006,"dvar2":0.0149095859379,"max":1,"mean":0.148937821388,"median":0,"min":0,"var":0.126757919788},"spectral_centroid":{"dmean":238.849899292,"dmean2":374.832702637,"dvar":53782.3828125,"dvar2":129599.046875,"max":3995.7109375,"mean":1978.20336914,"median":2025.79980469,"min":222.155197144,"var":355243.21875},"spectral_complexity":{"dmean":2.85634231567,"dmean2":4.5184841156,"dvar":11.0005159378,"dvar2":24.1366767883,"max":60,"mean":19.7649211884,"median":20,"min":0,"var":149.765686035},"spectral_contrast_coeffs":{"dmean":[0.0450767427683,0.0405479446054,0.0340162329376,0.0294373743236,0.0211041998118,0.0177372600883],"dmean2":[0.0761412754655,0.0667895078659,0.0541978552938,0.0478935539722,0.0339483805001,0.0267858617008],"dvar":[0.00153054646216,0.00109739869367,0.000749375438318,0.000572842429392,0.000302132015349,0.000251061515883],"dvar2":[0.00427197432145,0.00290493993089,0.00187814666424,0.00149181368761,0.00073356408393,0.000553665566258],"max":[-0.339543402195,-0.472900658846,-0.468846231699,-0.494249343872,-0.60337895155,-0.608738780022],"mean":[-0.656876385212,-0.753404319286,-0.746902525425,-0.752943277359,-0.768258035183,-0.742962062359],"median":[-0.655524909496,-0.757237434387,-0.754436790943,-0.757015287876,-0.76812016964,-0.741006910801],"min":[-0.934844434261,-0.95790964365,-0.961490273476,-0.982859969139,-0.970023274422,-0.922250807285],"var":[0.00595772592351,0.00521431164816,0.00540798017755,0.00385784730315,0.00213514245115,0.00204729265533]},"spectral_contrast_valleys":{"dmean":[0.319030463696,0.295996159315,0.253679037094,0.216513261199,0.196092098951,0.282404184341],"dmean2":[0.531590759754,0.496604084969,0.416839182377,0.351152032614,0.297006875277,0.341599941254],"dvar":[0.0743867382407,0.0588443540037,0.0431634820998,0.0344030037522,0.0474524013698,0.0905808582902],"dvar2":[0.198143005371,0.157498583198,0.109737642109,0.0817672610283,0.0975160077214,0.132532089949],"max":[-5.42983531952,-5.32230949402,-5.56311559677,-6.02996397018,-5.18690156937,-7.6308631897],"mean":[-7.63057470322,-7.3836607933,-7.85573673248,-8.1114025116,-7.52869319916,-10.2047796249],"median":[-7.19902515411,-7.04191112518,-7.53501987457,-7.76135492325,-7.21635913849,-9.91081047058],"min":[-17.0443439484,-16.5758934021,-16.3714637756,-16.4532756805,-16.2046775818,-17.230304718],"var":[2.11127924919,1.76651883125,1.80195319653,1.70000660419,1.79456245899,1.74491393566]},"spectral_decrease":{"dmean":1.47170020615e-9,"dmean2":2.39791186907e-9,"dvar":8.1680569972e-18,"dvar2":2.13005922962e-17,"max":-7.96968014586e-13,"mean":-4.34623048662e-9,"median":-3.82986220515e-9,"min":-3.21692326111e-8,"var":1.349493057e-17},"spectral_energy":{"dmean":0.00588495936245,"dmean2":0.00951289944351,"dvar":0.000123511636048,"dvar2":0.000319322047289,"max":0.128068387508,"mean":0.0184135455638,"median":0.016203135252,"min":0.00000302555918097,"var":0.000232026097365},"spectral_energyband_high":{"dmean":0.000361801794497,"dmean2":0.000511054997332,"dvar":4.46023960876e-7,"dvar2":8.75444811754e-7,"max":0.0278493985534,"mean":0.00119386462029,"median":0.000674005423207,"min":1.84786297375e-10,"var":0.00000239635710386},"spectral_energyband_low":{"dmean":0.00342491455376,"dmean2":0.00590526359156,"dvar":0.0000899869119166,"dvar2":0.000238508553593,"max":0.0948478579521,"mean":0.00507212243974,"median":0.00299031590112,"min":0.00000164145114923,"var":0.0000753411150072},"spectral_energyband_middle_high":{"dmean":0.00161200680304,"dmean2":0.00244648265652,"dvar":0.00000684715496391,"dvar2":0.0000152700213221,"max":0.0554684586823,"mean":0.00587870227173,"median":0.00385324680246,"min":3.6622226085e-11,"var":0.0000400712997362},"spectral_energyband_middle_low":{"dmean":0.00297818914987,"dmean2":0.00487200217322,"dvar":0.0000252466998063,"dvar2":0.0000685323684593,"max":0.0803368762136,"mean":0.00729424739257,"median":0.0057890326716,"min":1.12141546049e-11,"var":0.0000510560967086},"spectral_entropy":{"dmean":0.115687608719,"dmean2":0.165676251054,"dvar":0.0135512799025,"dvar2":0.0261257924139,"max":8.8967294693,"mean":7.75824642181,"median":7.79788732529,"min":6.01197242737,"var":0.0842735096812},"spectral_flux":{"dmean":0.0161897875369,"dmean2":0.0256582070142,"dvar":0.000634284107946,"dvar2":0.00119742448442,"max":0.294116973877,"mean":0.0633566826582,"median":0.0583993718028,"min":0.0000118585849123,"var":0.00187701394316},"spectral_kurtosis":{"dmean":0.873523533344,"dmean2":1.46751916409,"dvar":0.918212234974,"dvar2":2.60679364204,"max":20.8265228271,"mean":3.1768591404,"median":2.88224172592,"min":-0.363229513168,"var":2.53939390182},"spectral_rms":{"dmean":0.000562259170692,"dmean2":0.000881704676431,"dvar":7.12535495495e-7,"dvar2":0.00000174004401288,"max":0.0111778695136,"mean":0.00381156522781,"median":0.00397591944784,"min":0.0000543301503058,"var":0.00000343637839251},"spectral_rolloff":{"dmean":473.526306152,"dmean2":781.831359863,"dvar":456951.15625,"dvar2":1045497.4375,"max":10465.1367188,"mean":2219.6184082,"median":2239.453125,"min":21.533203125,"var":1770632.875},"spectral_skewness":{"dmean":0.137700200081,"dmean2":0.222174450755,"dvar":0.0172597691417,"dvar2":0.0446909479797,"max":2.78036689758,"mean":1.21271967888,"median":1.21815562248,"min":0.18257625401,"var":0.104651235044},"spectral_spread":{"dmean":441590.875,"dmean2":602890.8125,"dvar":212857913344,"dvar2":378177519616,"max":11890800,"mean":4588400.5,"median":4423657.5,"min":1690896.625,"var":1073390551040},"spectral_strongpeak":{"dmean":0.736994326115,"dmean2":1.25685429573,"dvar":1.78677153587,"dvar2":4.49276351929,"max":17.467168808,"mean":1.21431696415,"median":0.417695909739,"min":0,"var":3.36013698578},"zerocrossingrate":{"dmean":0.0092955827713,"dmean2":0.0109935291111,"dvar":0.0000853149977047,"dvar2":0.00011083179561,"max":0.2783203125,"mean":0.080998301506,"median":0.08251953125,"min":0,"var":0.00106105708983}},"metadata":{"audio_properties":{"analysis_sample_rate":44100,"bit_rate":0,"codec":"flac","downmix":"mix","equal_loudness":0,"length":298.373321533,"lossless":true,"md5_encoded":"2ee66578190e8bedd36c675cd241aa16","replay_gain":-9.34399604797,"sample_rate":44100},"tags":{"album":["Meat Is Murder"],"albumartist":["The Smiths"],"albumartistsort":["Smiths, The"],"artist":["The Smiths"],"artistsort":["Smiths, The"],"catalognumber":["ROUGH CD 81"],"date":["1985-04"],"description":["From origianl UK Rough Trade CD"],"discnumber":["1"],"disctotal":["1"],"encoded by":["iTunes v7.5.0.20"],"file_name":"01-05 That Joke Isn’t Funny Anymore.flac","genre":["Rock"],"itunnorm":[" 0000070D 000007DB 00005698 00003AED 0003F2BE 000321DB 00006CB3 00006D64 00001A98 0001EDF6"],"label":["Rough Trade"],"media":["CD"],"musicbrainz_albumartistid":["40f5d9e4-2de7-4f2d-ad41-e31a9a9fea27"],"musicbrainz_albumid":["d04debe2-89b1-3cb1-b7a5-09e68e8a7eec"],"musicbrainz_artistid":["40f5d9e4-2de7-4f2d-ad41-e31a9a9fea27"],"musicbrainz_recordingid":["686e7534-cab9-4c01-b9f9-b01983da9faf"],"musicbrainz_releasegroupid":["0d56a04c-045a-37db-bcc3-6c7099e94f16"],"originaldate":["1985-02-11"],"releasecountry":["GB"],"releasestatus":["official"],"releasetype":["album"],"replaygain_album_gain":["-5.47 dB"],"replaygain_album_peak":["1.000000"],"replaygain_track_gain":["-4.19 dB"],"replaygain_track_peak":["0.854614"],"script":["Latn"],"tempo":["0 BPM"],"title":["That Joke Isn’t Funny Anymore"],"totaldiscs":["1"],"totaltracks":["9"],"tracknumber":["5"],"tracktotal":["9"]},"version":{"essentia":"2.1-beta1","essentia_build_sha":"ca57ba49d9b1854bd80e60cf9ccf267278fb7d6b","essentia_git_sha":"v2.1_beta1-28-g21ef5f4-dirty","extractor":"music 1.0"}},"rhythm":{"beats_count":571,"beats_loudness":{"dmean":0.0133870653808,"dmean2":0.0256093684584,"dvar":0.000107995758299,"dvar2":0.000368706765585,"max":0.0769436657429,"mean":0.0231639