{"lowlevel":{"average_loudness":0.6394957304,"barkbands":{"dmean":[0.000536135281436,0.00721083255485,0.00562061369419,0.00300493719988,0.002868587384,0.00120167259593,0.000803195463959,0.000423990335548,0.000355351803591,0.000446725229267,0.000331298535457,0.000233510494581,0.000128686777316,0.0000809861739981,0.0000821511712275,0.0000486018579977,0.0000376114003302,0.0000259120315604,0.0000301740965369,0.0000185810313269,0.0000172236541403,0.00000448268519904,0.00000503350247527,0.00000180161600838,0.00000120120284919,4.41829314468e-7,3.9480050873e-7],"dmean2":[0.000913672964089,0.0111927511171,0.008834480308,0.00477234413847,0.00440117670223,0.00180943030864,0.00124728947412,0.000652865623124,0.000514373707119,0.000685641600285,0.000503371702507,0.000361420155969,0.000191001279745,0.000125534483232,0.000136551912874,0.0000829355267342,0.0000619882412138,0.000043893174734,0.0000558125902899,0.0000286644808511,0.0000267713548965,0.00000470553368359,0.00000661557623971,0.00000227568875744,0.00000123515007999,5.98400788476e-7,5.87986903611e-7],"dvar":[0.00000114505905913,0.000201023285626,0.0000743311102269,0.0000211988990486,0.0000291666328849,0.0000053966791711,0.00000820145214675,0.00000220053470912,0.00000571650252823,0.00000459839202449,0.00000643286739432,4.05652826885e-7,0.00000275553156825,0.00000137972403991,4.49329490948e-7,4.11325629557e-7,2.14261376641e-7,2.93702271392e-7,0.00000144225384702,3.96788465196e-7,3.61139370852e-7,3.27021609792e-8,4.25427941764e-8,5.84292569883e-9,2.40347808322e-9,4.14610540345e-10,6.02420127671e-11],"dvar2":[0.00000312175302497,0.00049449497601,0.000175204215338,0.0000535988729098,0.0000681490273564,0.00001304300622,0.0000199527312361,0.00000551335597265,0.0000106705392682,0.00000986076975096,0.0000163076547324,7.78503022048e-7,0.00000500433452544,0.00000292473532681,0.00000114328724976,0.00000102044168671,4.64672467615e-7,7.85224358424e-7,0.00000418486706621,0.00000102788931144,9.51045933562e-7,3.58909879594e-8,1.01246328654e-7,8.47274961302e-9,2.75509304259e-9,5.4172438757e-10,8.42707362225e-11],"max":[0.0171991381794,0.340886443853,0.183200016618,0.153111770749,0.172152817249,0.120779179037,0.17165581882,0.067914955318,0.227536037564,0.0993177518249,0.207954093814,0.0502849817276,0.147021874785,0.0919169858098,0.0753362998366,0.0599981322885,0.0418321788311,0.0512520223856,0.0926781445742,0.0560135021806,0.0442278422415,0.0218979176134,0.0205865465105,0.00876997876912,0.0057662371546,0.00223720399663,0.000863763794769],"mean":[0.000665523461066,0.0160254035145,0.0121562583372,0.0061680721119,0.00624635908753,0.0027001996059,0.00157346471678,0.000682646175846,0.000620946171694,0.000804535578936,0.000532360863872,0.000383623642847,0.000199427144253,0.000128952669911,0.000143872006447,0.0000882305030245,0.0000732675616746,0.0000571642995055,0.0000588522016187,0.0000291972137347,0.0000253560247074,0.0000153824548761,0.00000953350809141,0.00000475742399431,0.00000315897909786,0.00000120093545775,0.00000208031383409],"median":[0.000212095474126,0.00690396921709,0.00527735846117,0.00289646396413,0.00295234611258,0.00123336259276,0.000461108633317,0.000198935580556,0.000254614511505,0.000165321369423,0.000111160552478,0.000141482785693,0.0000563936264371,0.0000303533615806,0.0000617111363681,0.0000344296859112,0.0000293236516882,0.0000136816088343,0.00000376041293748,0.0000014233676211,4.70469558422e-7,1.17647402931e-7,8.56634869706e-8,8.06494000472e-8,8.06335904713e-8,5.91370401537e-8,0.00000163655215601],"min":[1.56271995344e-9,3.16623727237e-9,3.03787772715e-10,1.0568733666e-9,1.16802159056e-8,2.07020587339e-8,5.99529148548e-10,2.51585308142e-9,4.93966645365e-8,4.66513370156e-8,1.21756593696e-9,4.78845452179e-9,5.16595655142e-9,4.66881333594e-9,2.95508595372e-9,6.09276318286e-9,1.01916342032e-8,1.1741159156e-8,3.10169667728e-9,1.51369428103e-9,2.011875333e-9,2.88071988486e-9,4.26310364787e-9,6.37082298027e-9,7.36900762632e-9,8.28186763613e-9,3.82168146018e-8],"var":[0.00000148636172526,0.000542075664271,0.000371730740881,0.000105628227175,0.000145783327753,0.0000202410428756,0.0000139908725032,0.00000446023568657,0.0000132804743771,0.0000119649412227,0.0000085401979959,0.00000109628592782,0.00000425411508331,0.00000331531509801,0.0000017095238718,0.00000113776820854,7.74856403041e-7,0.00000140509393987,0.00000375988361156,9.8848511243e-7,8.1383802808e-7,2.75599433053e-7,1.16820245921e-7,2.71320921286e-8,1.19699663514e-8,1.67834179887e-9,2.609363281e-10]},"barkbands_crest":{"dmean":2.74114894867,"dmean2":4.46210193634,"dvar":5.7674446106,"dvar2":15.0049581528,"max":25.5467681885,"mean":12.8786010742,"median":12.2826509476,"min":2.60902094841,"var":17.8359260559},"barkbands_flatness_db":{"dmean":0.0224605407566,"dmean2":0.0348650701344,"dvar":0.000418536685174,"dvar2":0.00101963838097,"max":0.514848053455,"mean":0.272205531597,"median":0.275794714689,"min":0.0231984592974,"var":0.0049602217041},"barkbands_kurtosis":{"dmean":4.86194038391,"dmean2":7.7509560585,"dvar":40.1625671387,"dvar2":95.8432922363,"max":178.440719604,"mean":10.4764137268,"median":7.84082746506,"min":-1.68768787384,"var":113.389083862},"barkbands_skewness":{"dmean":0.603862464428,"dmean2":0.949743330479,"dvar":0.320355415344,"dvar2":0.783727765083,"max":12.2623491287,"mean":2.45881724358,"median":2.34536790848,"min":-2.82990932465,"var":1.39434039593},"barkbands_spread":{"dmean":2.27083158493,"dmean2":3.63393568993,"dvar":15.0438289642,"dvar2":37.4823913574,"max":117.509620667,"mean":7.18187236786,"median":5.35815429688,"min":0.394015073776,"var":65.1898345947},"dissonance":{"dmean":0.0316608995199,"dmean2":0.0531008057296,"dvar":0.000766645651311,"dvar2":0.00215604808182,"max":0.500000119209,"mean":0.431273370981,"median":0.438744813204,"min":0.207079917192,"var":0.00183391210157},"dynamic_complexity":4.09877061844,"erbbands":{"dmean":[0.228781685233,1.63802170753,5.22964859009,9.15159606934,9.17002105713,10.009718895,9.79235172272,8.58147525787,12.8194971085,6.68584489822,11.2179403305,8.82176208496,10.4850664139,14.8865194321,8.80480384827,11.1809501648,5.79743623734,5.03364944458,4.63212108612,2.57043576241,2.38992357254,1.80797791481,1.25300312042,1.59306037426,1.42373204231,0.860945343971,1.05124914646,0.300080657005,0.206339150667,0.179217010736,0.126183107495,0.0420127287507,0.0334901101887,0.0188572481275,0.00627049338073,0.00244346703403,0.000783701892942,0.000196137334569,0.0000446155681857,0.0000192668921954],"dmean2":[0.357789844275,2.56256937981,8.29851913452,14.4034900665,14.1839342117,15.6051216125,15.085351944,12.9656829834,20.1698932648,9.90140151978,16.8716278076,12.9621267319,16.4406814575,22.2360973358,13.5836811066,17.3306388855,8.89365673065,7.99115753174,7.48249340057,4.2346072197,3.87122297287,2.96199178696,2.09802865982,2.90862107277,2.35077500343,1.31275701523,1.69886898994,0.4043648839,0.261947661638,0.253432899714,0.164997905493,0.0593720749021,0.0438899323344,0.0194300319999,0.00811216235161,0.0033982351888,0.00102989166044,0.000272021716228,0.0000672056776239,0.0000294905748888],"dvar":[0.20259411633,10.356543541,64.1590805054,193.608947754,297.135162354,349.479980469,315.424133301,486.429748535,1839.6270752,536.435302734,1621.60009766,5431.42871094,4491.28955078,2423.74829102,10277.6064453,1050.44335938,4735.84179688,4412.50097656,2259.10913086,1081.56018066,688.454040527,610.296691895,412.452880859,2924.6418457,2951.06665039,823.533569336,1358.70361328,158.17288208,70.1563873291,58.1967697144,22.2168769836,3.05292391777,2.09488034248,0.573013961315,0.0684043243527,0.0124543048441,0.00128076563124,0.000055192009313,0.00000117612148642,1.0266771433e-8],"dvar2":[0.489283919334,25.9582805634,160.136657715,475.364624023,698.938964844,870.498779297,818.256835938,1161.34655762,4511.00244141,1299.1998291,4000.81787109,10712.2363281,9792.16894531,5070.59179688,25174.4648438,2091.86035156,7283.08349609,12192.9765625,3743.24633789,2526.81103516,1482.93969727,1226.92834473,940.602722168,8743.05175781,7890.88916016,2102.61572266,4102.28613281,199.185546875,106.209579468,131.905090332,45.4400444031,4.44860029221,3.25358390808,0.67667388916,0.0990904942155,0.01675131917,0.00164213497192,0.0000904179541976,0.00000158319721777,1.51493786404e-8],"max":[6.36390829086,88.1278610229,170.226333618,339.174102783,527.224365234,528.756103516,532.31048584,1338.20800781,2596.4050293,1639.50585938,1855.71313477,6857.62988281,3100.26977539,2578.72607422,8672.36914062,2392.64233398,5380.27246094,5260.30761719,6162.71435547,2612.29296875,2851.07592773,2325.359375,1950.47399902,4666.75048828,4536.4140625,2317.4934082,2589.8125,1377.97741699,941.480163574,824.568115234,467.35760498,190.306930542,150.894119263,85.15574646,30.6274681091,11.9394779205,3.96992111206,0.784041762352,0.119788639247,0.0108264936134],"mean":[0.447705209255,3.74196267128,12.0377473831,20.5709991455,20.8209609985,19.9907417297,19.5422477722,19.6819572449,26.2017097473,13.7586927414,18.7755432129,15.2210159302,19.3148574829,29.2102870941,14.598449707,18.5385875702,10.1514081955,7.93388080597,8.68874549866,5.1691069603,4.71793746948,3.85524392128,2.84936094284,3.11741518974,2.73558545113,1.34660613537,1.29804515839,0.752337276936,0.57214063406,0.362146794796,0.256931215525,0.124482966959,0.0735673904419,0.0445484854281,0.0172050558031,0.00631279498339,0.00214857631363,0.000553657708224,0.000221227921429,0.0000968937456491],"median":[0.161486446857,1.58902835846,5.82360267639,11.3286294937,9.6764421463,9.27262210846,9.59291172028,9.02165222168,8.21825695038,4.9826836586,5.7049741745,6.63424634933,4.79241132736,6.3159570694,4.39450597763,6.68834447861,3.88825893402,2.54891633987,3.39580917358,2.45573377609,2.12795042992,1.54899060726,0.94839322567,0.33641704917,0.181316584349,0.0641904473305,0.0268282666802,0.016620401293,0.004598043859,0.00277987821028,0.00249220896512,0.00184718985111,0.00132693210617,0.000922638282645,0.000579955172725,0.000270613643806,0.000123885954963,0.000134046116727,0.000147696366184,0.0000794777879491],"min":[1.95517841917e-7,9.25961217035e-7,0.00000188395006262,0.00000682112840877,0.0000291170617857,0.0000408750529459,0.000026833233278,0.000235301122302,0.000106333995063,0.000321969942888,0.000494705804158,0.00151473714504,0.00135927775409,0.00081088708248,0.0000836422041175,0.000241067973548,0.000298358529108,0.00036462888238,0.000168083584867,0.000324145425111,0.000470495433547,0.000585430476349,0.000776136585046,0.000352466799086,0.000119003329019,0.0000806773459772,0.0000657615237287,0.0000950900648604,0.0000996433082037,0.000113890448119,0.000113859125122,0.000104867634946,0.000100885583379,0.0000752031119191,0.0000565797272429,0.0000269043193839,0.0000220791880565,0.0000045730612328,0.0000024109124297,8.71451959483e-7],"var":[0.417256683111,31.661693573,315.731658936,865.28338623,1432.93408203,1149.38671875,789.986572266,1606.25219727,3591.45166016,1350.6697998,3425.95678711,10190.5351562,9769.21191406,9171.98828125,12996.6933594,2511.3737793,7887.08984375,6780.27978516,12485.8408203,3384.21972656,2592.71875,2508.67602539,1879.47705078,8733.18164062,8390.5234375,2063.98657227,2205.21142578,689.829223633,394.856170654,170.131652832,79.6685562134,17.4675006866,7.07767152786,2.51127433777,0.32960948348,0.0478273890913,0.00527067668736,0.000224056770094,0.00000652039716442,4.80289514826e-8]},"erbbands_crest":{"dmean":2.83776307106,"dmean2":4.6153049469,"dvar":8.09438991547,"dvar2":21.0580768585,"max":32.0166816711,"mean":10.7976369858,"median":9.46177577972,"min":2.61304807663,"var":26.5100517273},"erbbands_flatness_db":{"dmean":0.0147550562397,"dmean2":0.0229396894574,"dvar":0.000204167386983,"dvar2":0.000527089054231,"max":0.407207965851,"mean":0.244993507862,"median":0.253609627485,"min":0.054275278002,"var":0.00263425405137},"erbbands_kurtosis":{"dmean":0.982775270939,"dmean2":1.58417654037,"dvar":2.32132148743,"dvar2":5.99236059189,"max":30.0823745728,"mean":0.333812952042,"median":-0.116484552622,"min":-1.73626792431,"var":3.72425842285},"erbbands_skewness":{"dmean":0.398582756519,"dmean2":0.621074318886,"dvar":0.136113584042,"dvar2":0.34551653266,"max":4.50957250595,"mean":0.557350218296,"median":0.547528922558,"min":-3.74134612083,"var":0.496392637491},"erbbands_spread":{"dmean":4.81707906723,"dmean2":7.65517854691,"dvar":24.4138011932,"dvar2":62.9914741516,"max":89.3869247437,"mean":24.7424278259,"median":23.4452476501,"min":2.48210763931,"var":115.685455322},"gfcc":{"cov":[[3063.09350586,1748.58691406,8.60752105713,167.549468994,302.562042236,234.944961548,190.752883911,21.7055683136,-124.294441223,-1.03347861767,56.5283546448,26.930809021,27.5256347656],[1748.58691406,2589.09057617,639.132385254,-270.808563232,850.764465332,178.689941406,105.463058472,-64.8564529419,-195.098297119,-152.54838562,56.8334007263,-19.1214866638,-3.49195837975],[8.60752105713,639.132385254,987.047058105,52.6287460327,98.4491577148,361.021179199,132.264251709,7.26932668686,6.96146202087,55.3846817017,56.5064697266,26.3212413788,0.301568329334],[167.549468994,-270.808563232,52.6287460327,379.062469482,-38.9232902527,72.7196960449,105.022491455,67.9302597046,1.69502794743,37.6414108276,11.9296255112,24.0261936188,20.9307918549],[302.562042236,850.764465332,98.4491577148,-38.9232902527,618.33013916,-23.3791275024,-21.0343875885,-10.57929039,-155.789657593,-137.905395508,-15.7973804474,-22.228931427,-11.687379837],[234.944961548,178.689941406,361.021179199,72.7196960449,-23.3791275024,278.586486816,116.708015442,14.4204502106,16.9401817322,51.4967155457,27.770280838,22.7047557831,-1.20747613907],[190.752883911,105.463058472,132.264251709,105.022491455,-21.0343875885,116.708015442,170.863815308,78.876121521,32.4085998535,33.8913269043,32.2410354614,24.7851066589,17.0364971161],[21.7055683136,-64.8564529419,7.26932668686,67.9302597046,-10.57929039,14.4204502106,78.876121521,110.711349487,43.6107330322,23.2105941772,11.923913002,18.4936008453,16.2051792145],[-124.294441223,-195.098297119,6.96146202087,1.69502794743,-155.789657593,16.9401817322,32.4085998535,43.6107330322,126.818763733,77.9409713745,18.4787597656,7.4782075882,12.5001564026],[-1.03347861767,-152.54838562,55.3846817017,37.6414108276,-137.905395508,51.4967155457,33.8913269043,23.2105941772,77.9409713745,105.860336304,42.2464065552,21.4072132111,12.9637899399],[56.5283546448,56.8334007263,56.5064697266,11.9296255112,-15.7973804474,27.770280838,32.2410354614,11.923913002,18.4787597656,42.2464065552,62.2410850525,36.115234375,11.4546041489],[26.930809021,-19.1214866638,26.3212413788,24.0261936188,-22.228931427,22.7047557831,24.7851066589,18.4936008453,7.4782075882,21.4072132111,36.115234375,55.1106719971,30.1497459412],[27.5256347656,-3.49195837975,0.301568329334,20.9307918549,-11.687379837,-1.20747613907,17.0364971161,16.2051792145,12.5001564026,12.9637899399,11.4546041489,30.1497459412,50.714515686]],"icov":[[0.00451123388484,-0.00735452864319,0.00617351802066,-0.00641914783046,0.00636712089181,-0.00663147028536,0.00614866800606,-0.00548438122496,0.00466987397522,-0.00556947849691,0.00436609750614,-0.0027118131984,0.00155275105499],[-0.00735452864319,0.0133398035541,-0.0105746174231,0.011594931595,-0.0120044769719,0.010813347064,-0.0118023911491,0.0101312184706,-0.00743128312752,0.00946035794914,-0.00882924441248,0.0060030752793,-0.00375510705635],[0.00617351802066,-0.0105746174231,0.0107803344727,-0.00913242902607,0.0088702486828,-0.0121214855462,0.00966321956366,-0.00804635789245,0.00595392333344,-0.00739547563717,0.00491922022775,-0.00310668861493,0.0018654857995],[-0.00641914783046,0.011594931595,-0.00913242902607,0.0137556865811,-0.0102150626481,0.00942465383559,-0.0120551483706,0.00734246196225,-0.00385791622102,0.0055004991591,-0.00561644462869,0.00454711727798,-0.00365658500232],[0.00636712089181,-0.0120044769719,0.0088702486828,-0.0102150626481,0.0141173750162,-0.00956036988646,0.0117139210925,-0.0113455671817,0.00920381490141,-0.00483374390751,0.00456388108432,-0.00228422484361,0.00189109600615],[-0.00663147028536,0.010813347064,-0.0121214855462,0.00942465383559,-0.00956036988646,0.0208833292127,-0.0162071082741,0.0122704366222,-0.00568463932723,0.00252852169797,0.000703163910657,-0.00266952719539,0.0025267736055],[0.00614866800606,-0.0118023911491,0.00966321956366,-0.0120551483706,0.0117139210925,-0.0162071082741,0.0272431578487,-0.0190019831061,0.00546146696433,-0.00249002501369,-0.00189845822752,0.00102244224399,-0.000886948488187],[-0.00548438122496,0.0101312184706,-0.00804635789245,0.00734246196225,-0.0113455671817,0.0122704366222,-0.0190019831061,0.0274625923485,-0.012916110456,0.00571689847857,0.000167736056028,-0.0040944898501,0.0000957588417805],[0.00466987397522,-0.00743128312752,0.00595392333344,-0.00385791622102,0.00920381490141,-0.00568463932723,0.00546146696433,-0.012916110456,0.0266440492123,-0.018943099305,0.00614456972107,0.00267309835181,-0.00191318953875],[-0.00556947849691,0.00946035794914,-0.00739547563717,0.0055004991591,-0.00483374390751,0.00252852169797,-0.00249002501369,0.00571689847857,-0.018943099305,0.0403442718089,-0.0276972800493,0.0124327130616,-0.00737517420202],[0.00436609750614,-0.00882924441248,0.00491922022775,-0.00561644462869,0.00456388108432,0.000703163910657,-0.00189845822752,0.000167736056028,0.00614456972107,-0.0276972800493,0.0541877225041,-0.0373627133667,0.0165023170412],[-0.0027118131984,0.0060030752793,-0.00310668861493,0.00454711727798,-0.00228422484361,-0.00266952719539,0.00102244224399,-0.0040944898501,0.00267309835181,0.0124327130616,-0.0373627133667,0.0573569871485,-0.029094837606],[0.00155275105499,-0.00375510705635,0.0018654857995,-0.00365658500232,0.00189109600615,0.0025267736055,-0.000886948488187,0.0000957588417805,-0.00191318953875,-0.00737517420202,0.0165023170412,-0.029094837606,0.0368046686053]],"mean":[-106.980491638,185.68196106,-90.4632110596,-7.50865221024,-9.89679813385,-9.8241519928,-20.8465423584,-6.59199666977,-11.5013275146,-12.38022995,-6.53798627853,-6.91294908524,-3.35403347015]},"hfc":{"dmean":2.69197678566,"dmean2":3.96536278725,"dvar":305.153503418,"dvar2":420.206237793,"max":1979.30627441,"mean":10.9796504974,"median":8.26810646057,"min":0.00404075765982,"var":2243.02026367},"melbands":{"dmean":[0.00199860986322,0.00243196403608,0.00146327598486,0.000721843272913,0.00032333098352,0.00020515829965,0.000187170575373,0.0000703418045305,0.0000934428171604,0.0000521432666574,0.0000536145671504,0.0000620883220108,0.0000336267185048,0.0000265502185357,0.0000201616294362,0.0000132444520204,0.00000960436227615,0.0000074812433013,0.00000524562892679,0.00000385481371268,0.00000272816191682,0.00000229685838349,0.00000125703115827,0.00000126209772588,0.00000134987556066,0.00000132426157506,9.44515591073e-7,4.47346678811e-7,7.63436389661e-7,2.59485119614e-7,1.96702046651e-7,1.10528326047e-7,9.9131625575e-8,1.13161426896e-7,8.03334998523e-8,4.53746196172e-8,2.27977228207e-8,2.6555678545e-8,1.84929174196e-8,1.56548090047e-8],"dmean2":[0.00308925588615,0.00383048155345,0.00228295195848,0.00110235414468,0.000502821058035,0.000310743344016,0.000291663978714,0.000105383347545,0.000139777868753,0.0000769235994085,0.0000844517780934,0.0000931246468099,0.0000515981992066,0.0000410163556808,0.0000311003532261,0.0000195432749024,0.0000156626610988,0.0000118529114843,0.00000868026563694,0.00000645081809125,0.00000452449512522,0.0000038021482851,0.00000214809369936,0.00000205746437132,0.00000250412358582,0.00000231194871958,0.00000145378817251,6.81136441472e-7,0.00000128517751818,3.98211795982e-7,2.91483985393e-7,1.42502912581e-7,1.0899566405e-7,1.7671790431e-7,1.02158942639e-7,7.20354123018e-8,3.25965849868e-8,3.74644955059e-8,2.11743902412e-8,1.60306878882e-8],"dvar":[0.0000154960725922,0.000014134498997,0.0000046028626457,0.0000020225083972,2.77080687283e-7,2.25038832014e-7,4.02969050128e-7,4.88559201983e-8,1.04328357509e-7,1.8960820114e-7,1.14946708152e-7,4.50847466027e-8,1.60837160479e-7,9.06898556252e-9,8.71561844917e-9,3.07008463096e-8,1.62154378813e-8,8.78587780306e-9,2.81654544132e-9,2.5974926654e-9,6.95945634455e-10,9.92986470827e-10,2.03022043621e-10,8.44109782072e-10,2.14612261296e-9,2.86239720815e-9,1.03670350082e-9,2.08500217092e-10,7.72707897667e-10,8.53488807406e-11,7.0829488108e-11,2.18686544567e-11,1.34862798012e-11,2.81662419083e-11,9.29611856243e-12,3.38445634365e-12,8.30314278704e-13,1.30350374591e-12,5.75451361909e-13,3.87733085656e-13],"dvar2":[0.0000373722832592,0.0000361595048162,0.0000113877295007,0.00000476668628835,7.00519024122e-7,5.33603838448e-7,9.71256440607e-7,1.15842418325e-7,2.41253957256e-7,3.87011169778e-7,2.53825049867e-7,9.60887973633e-8,4.09638374776e-7,1.87265634111e-8,1.51901442536e-8,6.54814655832e-8,4.58998137276e-8,1.39391485021e-8,7.89792498068e-9,5.95201266052e-9,1.40138656235e-9,2.10784567578e-9,5.01690466947e-10,2.29703989163e-9,6.53710019449e-9,8.26598256509e-9,2.62606358881e-9,5.16749754098e-10,2.37673414283e-9,1.79442058434e-10,1.06752939821e-10,3.36905711662e-11,1.49442177383e-11,7.74340036536e-11,2.03109525726e-11,6.62964995402e-12,1.33678907787e-12,2.40466804455e-12,6.01355228634e-13,4.98117118299e-13],"max":[0.0768057778478,0.079228758812,0.0522119440138,0.045991756022,0.0173660498112,0.0278986729681,0.0396288484335,0.0170517042279,0.0166572369635,0.0394911952317,0.0145903155208,0.0107406117022,0.0340212248266,0.00771331926808,0.0077343150042,0.0158655755222,0.00885354261845,0.0120986588299,0.00440879631788,0.00437864568084,0.00278135179542,0.00279754051007,0.00121222285088,0.00263780215755,0.00387129001319,0.00421984773129,0.00248423637822,0.00121356546879,0.00193930766545,0.000877263722941,0.000841172528453,0.000561411492527,0.000403461745009,0.000494439213071,0.000297072518151,0.000175103064976,0.000100922799902,0.000113163543574,0.0000824609669507,0.0000692692483426],"mean":[0.00433020340279,0.00597387133166,0.00353354867548,0.00158427061979,0.000665250816382,0.000472244049888,0.000386451196391,0.000136451475555,0.000156774476636,0.0000884003820829,0.0000947021180764,0.000117657800729,0.0000532256999577,0.000044047665142,0.0000338978024956,0.0000198807520064,0.0000139086632771,0.0000134515321406,0.00000886083762452,0.00000672029500492,0.00000512084125148,0.00000437247126683,0.00000279147616311,0.00000251179994848,0.00000249008917308,0.00000257688498095,0.0000013544616877,7.35596131562e-7,9.26011978208e-7,5.00355440636e-7,4.24869909921e-7,3.53515417828e-7,2.42780231474e-7,1.84428486705e-7,1.58372387205e-7,1.07139662475e-7,6.25732212711e-8,5.15700655512e-8,4.53610482509e-8,3.48112578763e-8],"median":[0.00179224577732,0.00324688269757,0.00216680392623,0.000687639112584,0.000387663050788,0.000213373699808,0.000119990261737,0.0000472752362839,0.0000457097994513,0.0000355671872967,0.0000207842404052,0.0000245115934376,0.0000123454237837,0.0000155953421199,0.0000132035111164,0.00000551608536625,0.00000320148524224,0.00000473097315989,0.00000412943609263,0.00000260322940449,0.00000222861149268,0.00000157471322382,0.00000120233971757,5.11119196744e-7,2.04416309657e-7,1.50459342763e-7,7.52654543135e-8,3.19408322014e-8,1.87153510467e-8,1.30788659902e-8,7.29669791255e-9,2.66884470079e-9,1.58961643848e-9,1.45206691116e-9,1.45638767712e-9,1.22567667127e-9,1.01023012178e-9,8.86017925694e-10,8.25552959327e-10,6.98152757828e-10],"min":[2.30543339974e-9,1.98332728019e-9,1.15903986408e-9,3.03477776242e-9,1.05253206151e-9,5.17226217411e-9,1.54369211858e-10,2.40219999448e-9,3.43748118858e-9,9.28563537173e-9,5.37024602565e-9,2.31264052353e-9,1.59905491626e-10,4.36804120652e-10,5.62776547586e-10,7.38046623816e-10,4.99535579568e-10,2.5947213822e-10,2.4174806601e-10,5.68711799875e-10,5.58124158001e-10,5.2347154389e-10,6.74071964912e-10,6.14008843769e-10,2.50493903398e-10,6.67455396508e-11,7.11187012059e-11,4.42799720501e-11,2.50457952988e-11,4.34799383997e-11,5.66932230328e-11,5.11901077083e-11,4.49636855526e-11,5.76950362485e-11,5.20536114212e-11,5.46886112784e-11,6.64162405628e-11,7.00308908086e-11,6.15640871615e-11,5.00861851993e-11],"var":[0.000037458834413,0.0000618256090092,0.0000209666595765,0.0000103136871985,7.39951531159e-7,8.17588045265e-7,7.8600157849e-7,1.36194799438e-7,2.54756884033e-7,3.43904673628e-7,2.43884841211e-7,1.55431052917e-7,1.86139175185e-7,1.94517895125e-8,1.63478457438e-8,4.48211885384e-8,2.19148077463e-8,4.17636023542e-8,6.40458841517e-9,6.99603708298e-9,2.83481704777e-9,3.52078322052e-9,8.7103224633e-10,3.10318859498e-9,5.89460436018e-9,7.61953256045e-9,2.26576069018e-9,5.81141079703e-10,1.15093878872e-9,2.98033042689e-10,2.34803176902e-10,1.48830114899e-10,7.23047940965e-11,4.9062989782e-11,3.08505200552e-11,1.33099061286e-11,4.44756341131e-12,3.59132688865e-12,2.63777541476e-12,1.54986722241e-12]},"melbands_crest":{"dmean":3.18420433998,"dmean2":5.22290658951,"dvar":7.9486451149,"dvar2":20.6960887909,"max":38.0701599121,"mean":17.6271076202,"median":17.1996002197,"min":2.90939593315,"var":23.5660667419},"melbands_flatness_db":{"dmean":0.0261981841177,"dmean2":0.0403840914369,"dvar":0.000578082108404,"dvar2":0.00135113776196,"max":0.689034998417,"mean":0.402933984995,"median":0.411286890507,"min":0.033135458827,"var":0.00894969794899},"melbands_kurtosis":{"dmean":7.83519029617,"dmean2":12.3959770203,"dvar":144.39050293,"dvar2":369.061676025,"max":607.508422852,"mean":18.6270179749,"median":14.3086252213,"min":-1.60118734837,"var":306.995544434},"melbands_skewness":{"dmean":0.701858282089,"dmean2":1.10097932816,"dvar":0.474162787199,"dvar2":1.19423520565,"max":21.9198055267,"mean":3.20220041275,"median":3.10386824608,"min":-1.48451411724,"var":1.89901268482},"melbands_spread":{"dmean":2.56431770325,"dmean2":4.06278038025,"dvar":23.9675502777,"dvar2":59.3499221802,"max":146.764053345,"mean":7.21424913406,"median":5.06406259537,"min":0.421601742506,"var":84.3276748657},"mfcc":{"cov":[[3099.10546875,1282.18322754,-358.986450195,263.013092041,54.4428329468,142.747192383,246.211273193,81.547492981,44.805316925,-67.9039840698,-66.4776687622,59.7186546326,69.4307098389],[1282.18322754,2797.88134766,273.537536621,-58.8361778259,608.654052734,208.97442627,400.695098877,102.659469604,30.1707763672,-187.410308838,-102.482498169,57.5232391357,72.4227523804],[-358.986450195,273.537536621,869.854858398,-33.9519233704,-64.6464614868,271.636657715,118.758346558,72.8315734863,32.7437095642,96.4380264282,95.1485519409,-0.458466261625,34.583820343],[263.013092041,-58.8361778259,-33.9519233704,272.006744385,58.7984962463,1.86824536324,86.555015564,54.4413833618,32.1388626099,2.65917801857,-14.044008255,-0.510993719101,28.8332538605],[54.4428329468,608.654052734,-64.6464614868,58.7984962463,390.351135254,21.1069927216,112.939544678,35.9205780029,-10.0186433792,-98.8643569946,-86.6588516235,2.63029360771,10.1816864014],[142.747192383,208.97442627,271.636657715,1.86824536324,21.1069927216,194.321716309,92.1475219727,32.1827087402,10.8706617355,24.0631637573,21.9764060974,7.86777257919,18.8508720398],[246.211273193,400.695098877,118.758346558,86.555015564,112.939544678,92.1475219727,193.072891235,93.9319076538,31.6212692261,-21.5981826782,-14.2193613052,13.9680814743,36.9963874817],[81.547492981,102.659469604,72.8315734863,54.4413833618,35.9205780029,32.1827087402,93.9319076538,99.6886901855,44.3154029846,3.59811329842,-0.286773592234,5.58574342728,23.9524612427],[44.805316925,30.1707763672,32.7437095642,32.1388626099,-10.0186433792,10.8706617355,31.6212692261,44.3154029846,74.8478088379,36.7791824341,16.9205245972,6.04370927811,5.68983745575],[-67.9039840698,-187.410308838,96.4380264282,2.65917801857,-98.8643569946,24.0631637573,-21.5981826782,3.59811329842,36.7791824341,99.337890625,64.9118499756,0.391598552465,-7.15837621689],[-66.4776687622,-102.482498169,95.1485519409,-14.044008255,-86.6588516235,21.9764060974,-14.2193613052,-0.286773592234,16.9205245972,64.9118499756,88.6957778931,25.7758674622,-1.38048827648],[59.7186546326,57.5232391357,-0.458466261625,-0.510993719101,2.63029360771,7.86777257919,13.9680814743,5.58574342728,6.04370927811,0.391598552465,25.7758674622,54.7762184143,26.041185379],[69.4307098389,72.4227523804,34.583820343,28.8332538605,10.1816864014,18.8508720398,36.9963874817,23.9524612427,5.68983745575,-7.15837621689,-1.38048827648,26.041185379,59.1406288147]],"icov":[[0.00111004547216,-0.00109593675006,0.00149745831732,-0.00171280384529,0.00203767907806,-0.00229207496159,0.0010972028831,-0.00150367163587,0.00115003471728,-0.00101198337507,0.00119917176198,-0.000869133335073,0.000478234986076],[-0.00109593675006,0.00201970688067,-0.00174806069117,0.00257542007603,-0.00303941033781,0.00246727652848,-0.00317024393007,0.00317246187478,-0.00252058543265,0.0022398608271,-0.00170007161796,0.000840710068587,-0.000881177606061],[0.00149745831732,-0.00174806069117,0.00468853348866,-0.00199300074019,0.00304440269247,-0.00623449170962,0.00209721340798,-0.00368900015019,0.00239772652276,-0.00217564078048,-0.000638991361484,0.00124650890939,-0.000800001260359],[-0.00171280384529,0.00257542007603,-0.00199300074019,0.0084393536672,-0.00448456360027,0.00449782982469,-0.00608061626554,0.00366057734936,-0.00353367207572,0.000853353412822,-0.00215475284494,0.00295790890232,-0.00334186991677],[0.00203767907806,-0.00303941033781,0.00304440269247,-0.00448456360027,0.00929702818394,-0.00461056176573,0.00198235549033,-0.00401834398508,0.00324402796105,-0.0008821458905,0.00565841514617,-0.00347946118563,0.00323759345338],[-0.00229207496159,0.00246727652848,-0.00623449170962,0.00449782982469,-0.00461056176573,0.0166599545628,-0.00868592783809,0.00683582015336,-0.00167542241979,-0.000768848636653,-0.000614868535195,0.0000565400805499,-0.000700216682162],[0.0010972028831,-0.00317024393007,0.00209721340798,-0.00608061626554,0.00198235549033,-0.00868592783809,0.0224368795753,-0.0164968911558,0.00389285432175,0.000266606773948,0.00112418120261,-0.00166994100437,-0.000175485009095],[-0.00150367163587,0.00317246187478,-0.00368900015019,0.00366057734936,-0.00401834398508,0.00683582015336,-0.0164968911558,0.0310886539519,-0.0152599615976,0.00585279986262,-0.00388953112997,0.00462468340993,-0.00545605598018],[0.00115003471728,-0.00252058543265,0.00239772652276,-0.00353367207572,0.00324402796105,-0.00167542241979,0.00389285432175,-0.0152599615976,0.028791198507,-0.0163147542626,0.00734781101346,-0.00640197889879,0.00402370793745],[-0.00101198337507,0.0022398608271,-0.00217564078048,0.000853353412822,-0.0008821458905,-0.000768848636653,0.000266606773948,0.00585279986262,-0.0163147542626,0.0353294014931,-0.0224647969007,0.0115943932906,-0.00262271612883],[0.00119917176198,-0.00170007161796,-0.000638991361484,-0.00215475284494,0.00565841514617,-0.000614868535195,0.00112418120261,-0.00388953112997,0.00734781101346,-0.0224647969007,0.0382476598024,-0.022900916636,0.00974273961037],[-0.000869133335073,0.000840710068587,0.00124650890939,0.00295790890232,-0.00347946118563,0.0000565400805499,-0.00166994100437,0.00462468340993,-0.00640197889879,0.0115943932906,-0.022900916636,0.038347646594,-0.0178282912821],[0.000478234986076,-0.000881177606061,-0.000800001260359,-0.00334186991677,0.00323759345338,-0.000700216682162,-0.000175485009095,-0.00545605598018,0.00402370793745,-0.00262271612883,0.00974273961037,-0.0178282912821,0.0288820397109]],"mean":[-769.846130371,233.742584229,-8.46893310547,20.6001091003,21.3503856659,4.03705406189,3.47879815102,4.98960542679,1.21579015255,-1.93433821201,-4.09444665909,0.695167183876,-1.77024829388]},"pitch_salience":{"dmean":0.0755405724049,"dmean2":0.123656533659,"dvar":0.00416429201141,"dvar2":0.0108564971015,"max":0.895461976528,"mean":0.496485471725,"median":0.507684767246,"min":0.0358247533441,"var":0.0130197070539},"silence_rate_20dB":{"dmean":0.000114025082439,"dmean2":0.000228076183703,"dvar":0.000114012080303,"dvar2":0.000228024160606,"max":1,"mean":0.999201893806,"median":1,"min":0,"var":0.000797447632067},"silence_rate_30dB":{"dmean":0.0514253117144,"dmean2":0.102862358093,"dvar":0.0487807504833,"dvar2":0.112808547914,"max":1,"mean":0.891574501991,"median":1,"min":0,"var":0.0966694056988},"silence_rate_60dB":{"dmean":0.0119726341218,"dmean2":0.0239479988813,"dvar":0.0118292896077,"dvar2":0.0286202449352,"max":1,"mean":0.11173184216,"median":0,"min":0,"var":0.0992478355765},"spectral_centroid":{"dmean":89.9323654175,"dmean2":140.166656494,"dvar":22865.0019531,"dvar2":54020.0546875,"max":4422.65039062,"mean":485.641815186,"median":381.154998779,"min":122.981369019,"var":161614.703125},"spectral_complexity":{"dmean":1.59942984581,"dmean2":2.69084262848,"dvar":2.25607728958,"dvar2":5.51543807983,"max":64,"mean":10.1568803787,"median":11,"min":0,"var":22.0335350037},"spectral_contrast_coeffs":{"dmean":[0.0492763891816,0.0472282208502,0.0362477898598,0.0273829810321,0.0183251332492,0.0123595818877],"dmean2":[0.0798176005483,0.076128475368,0.0592887587845,0.0454534776509,0.0309105906636,0.0205085128546],"dvar":[0.00164654746186,0.00133039255161,0.000818881264422,0.000464793032734,0.000217758628423,0.0001392212871],"dvar2":[0.00411483692005,0.00360999116674,0.0020968685858,0.00127158302348,0.000614699732978,0.0003569687251],"max":[-0.293166875839,-0.301877766848,-0.465697288513,-0.630054831505,-0.603147268295,-0.645713746548],"mean":[-0.625083446503,-0.69920450449,-0.762610733509,-0.782658755779,-0.780272722244,-0.809489250183],"median":[-0.629457950592,-0.707597911358,-0.768530607224,-0.782352089882,-0.788519263268,-0.812768042088],"min":[-0.955993711948,-0.924426734447,-0.933059513569,-0.915069043636,-0.907031953335,-0.909839510918],"var":[0.0095647200942,0.00697962474078,0.00358913536184,0.00223113084212,0.00293580791913,0.00126711267512]},"spectral_contrast_valleys":{"dmean":[0.379268437624,0.318757861853,0.269178658724,0.222006887197,0.168319404125,0.116017445922],"dmean2":[0.615210294724,0.521465361118,0.445673406124,0.367537915707,0.274004966021,0.187452509999],"dvar":[0.116367995739,0.0687999725342,0.0510820150375,0.0417350865901,0.0341747067869,0.0209775287658],"dvar2":[0.278488099575,0.175846293569,0.127191528678,0.102867819369,0.0749991238117,0.0412665344775],"max":[-4.68520545959,-3.53969907761,-3.94126844406,-4.18120956421,-4.15110635757,-6.94166231155],"mean":[-6.93027019501,-6.98107814789,-7.76079368591,-8.41157245636,-9.41345214844,-12.6739377975],"median":[-6.48285007477,-6.72952461243,-7.56621217728,-8.20039081573,-9.34798336029,-12.7880086899],"min":[-13.0021657944,-12.5295801163,-12.8126859665,-12.1786785126,-12.4362506866,-14.0625076294],"var":[2.00205230713,0.935111284256,0.726544141769,0.51734238863,0.521949291229,0.299634039402]},"spectral_decrease":{"dmean":3.78372444487e-9,"dmean2":5.78288261721e-9,"dvar":3.38392607191e-17,"dvar2":7.21252128007e-17,"max":-4.71567670167e-14,"mean":-1.28252732878e-8,"median":-9.77681757774e-9,"min":-3.16870682582e-7,"var":1.81537292396e-16},"spectral_energy":{"dmean":0.0144975762814,"dmean2":0.0221366472542,"dvar":0.000523870286997,"dvar2":0.00109033822082,"max":1.36586892605,"mean":0.0494014471769,"median":0.0377274602652,"min":0.00000132066531933,"var":0.00287946383469},"spectral_energyband_high":{"dmean":0.0000275110687653,"dmean2":0.0000382879115932,"dvar":0.0000011003369309,"dvar2":0.00000200017029783,"max":0.110434897244,"mean":0.0000736230140319,"median":0.00000267948985311,"min":2.88912218593e-7,"var":0.00000592290098211},"spectral_energyband_low":{"dmean":0.0121728107333,"dmean2":0.0189600232989,"dvar":0.000325796951074,"dvar2":0.000791842234321,"max":0.382083535194,"mean":0.0326860100031,"median":0.0211202409118,"min":2.31492371938e-8,"var":0.00132465094794},"spectral_energyband_middle_high":{"dmean":0.000849454547279,"dmean2":0.00125145423226,"dvar":0.0000302219687001,"dvar2":0.0000375071758754,"max":0.603865027428,"mean":0.00234178034589,"median":0.00103206501808,"min":1.4084839961e-7,"var":0.000218303670408},"spectral_energyband_middle_low":{"dmean":0.00582177424803,"dmean2":0.00887704920024,"dvar":0.0000789238256402,"dvar2":0.000165461824508,"max":0.573523879051,"mean":0.0182799324393,"median":0.0132106160745,"min":4.50575896593e-7,"var":0.000475135602755},"spectral_entropy":{"dmean":0.161494001746,"dmean2":0.251805484295,"dvar":0.0212321542203,"dvar2":0.053156401962,"max":8.62138843536,"mean":6.40012693405,"median":6.39656639099,"min":4.8240070343,"var":0.345948666334},"spectral_flux":{"dmean":0.0264356788248,"dmean2":0.0442864857614,"dvar":0.00104824942537,"dvar2":0.00268304953352,"max":0.843159258366,"mean":0.0784191042185,"median":0.0722280368209,"min":0.00164137338288,"var":0.00252194982022},"spectral_kurtosis":{"dmean":8.78581428528,"dmean2":15.1294822693,"dvar":74.1965637207,"dvar2":215.212753296,"max":177.59274292,"mean":35.9029693604,"median":27.5027580261,"min":1.59961163998,"var":767.624450684},"spectral_rms":{"dmean":0.000962051097304,"dmean2":0.0014594149543,"dvar":0.00000111820031634,"dvar2":0.00000245313708547,"max":0.0365041792393,"mean":0.00610855594277,"median":0.00606690021232,"min":0.0000358950419468,"var":0.0000108820777314},"spectral_rolloff":{"dmean":184.254974365,"dmean2":318.548492432,"dvar":571079.5625,"dvar2":1486128.5,"max":21296.3378906,"mean":514.764099121,"median":301.46484375,"min":43.06640625,"var":1366205.25},"spectral_skewness":{"dmean":0.581464886665,"dmean2":1.00015461445,"dvar":0.270073860884,"dvar2":0.798483610153,"max":10.6847496033,"mean":3.92233085632,"median":3.42260479927,"min":0.859215438366,"var":3.21349930763},"spectral_spread":{"dmean":212642.265625,"dmean2":361687.75,"dvar":80176865280,"dvar2":216000249856,"max":18131590,"mean":1921899.75,"median":1566225.25,"min":582396.375,"var":1174651273220},"spectral_strongpeak":{"dmean":0.275729626417,"dmean2":0.460033774376,"dvar":0.192874416709,"dvar2":0.493565917015,"max":12.5475301743,"mean":0.640391051769,"median":0.474795162678,"min":0,"var":0.372833877802},"zerocrossingrate":{"dmean":0.00443072104827,"dmean2":0.00566860614344,"dvar":0.0000570461925236,"dvar2":0.0000793217841419,"max":0.423828125,"mean":0.0239342991263,"median":0.01611328125,"min":0.00341796875,"var":0.000886923866346}},"metadata":{"audio_properties":{"analysis_sample_rate":44100,"bit_rate":0,"codec":"flac","downmix":"mix","equal_loudness":0,"length":203.626663208,"lossless":true,"md5_encoded":"016df5ecdcc470d7d7aea033e58105c1","replay_gain":0.752618789673},"tags":{"album":["The Downward Spiral"],"albumartist":["Nine Inch Nails"],"albumartistsort":["Nine Inch Nails"],"artist":["Nine Inch Nails"],"artistsort":["Nine Inch Nails"],"barcode":["731452212627"],"date":["1994-12-16"],"discnumber":["1"],"disctotal":["1"],"engineer":["Chris Vrenna","Alan Moulder","Sean Beavan","John Aguto","Brian Pollack","Bill Kennedy"],"file_name":"10. A Warm Place.flac","mixer":["Chris Vrenna","Charlie Clouser","Trent Reznor"],"musicbrainz_albumartistid":["b7ffd2af-418f-4be2-bdd1-22f8b48613da"],"musicbrainz_albumid":["c2186639-2db4-4129-8927-39b86d5fb57a"],"musicbrainz_artistid":["b7ffd2af-418f-4be2-bdd1-22f8b48613da"],"musicbrainz_recordingid":["688301b0-ae38-4aeb-8a4d-993330a74ba8"],"originaldate":["1994-03-08"],"title":["A Warm Place"],"totaldiscs":["1"],"totaltracks":["14"],"tracknumber":["10"],"tracktotal":["14"]},"version":{"essentia":"2.1-beta1","essentia_build_sha":"dbf9221a02c8614ba002a04270c5f9c8cf066e4e","essentia_git_sha":"v2.1_beta1-6-g5578087","extractor":"music 1.0"}},"rhythm":{"beats_count":449,"beats_loudness":{"dmean":0.0278502944857,"dmean2":0.0488737039268,"dvar":0.000957701879088,"dvar2":0.00260015437379,"max":0.32200217247,"mean":0.067715652287,"median":0.0673245638609,"min":0.0000218996101466,"var":0.00231242808513},"beats_loudness_band_ratio":{"dmean":[0.121156200767,0.118553683162,0.0595554821193,0.028754690662,0.00846809055656,0.00366288563237],"dmean2":[0.212286129594,0.211145594716,0.105738610029,0.0491058602929,0.0144470660016,0.00499725434929],"dvar":[0.0142459124327,0.0149885369465,0.0094609959051,0.00176066253334,0.00039810850285,0.000425593665568],"dvar2":[0.0413939319551,0.0452104993165,0.027430376038,0.00493109133095,0.00105985242408,0.000727222999558],"max":[0.992027819157,0.853542506695,0.957742631435,0.396926939487,0.215