{"lowlevel":{"average_loudness":0.716759562492,"barkbands":{"dmean":[0.0000530592260475,0.00310133397579,0.00140814157203,0.00161570310593,0.00161465478595,0.00111650372855,0.00071179412771,0.000261523848167,0.000273509707768,0.000604203261901,0.000733165885322,0.000545678311028,0.000424047932029,0.000519938883372,0.000643462466542,0.000162505864864,0.000158961556735,0.000157269503688,0.000103542035504,0.000151866581291,0.000121393626614,0.000131259439513,0.000152608175995,0.000158423252287,0.000212811093661,0.000313517986797,0.0000943520863075],"dmean2":[0.0000830061544548,0.00530699500814,0.00249968119897,0.00272038043477,0.0027127652429,0.00196173600852,0.0012192906579,0.000419167481596,0.000441872107331,0.000903937034309,0.00101072608959,0.000756802619435,0.000636033946648,0.000789906829596,0.00101211748552,0.000256134662777,0.000252846861258,0.00024477916304,0.000164183758898,0.00023672117095,0.000182042043889,0.000191911065485,0.00021754145564,0.000223936993279,0.000292022275971,0.000452968582977,0.000134761299705],"dvar":[2.32654890908e-8,0.0000907289577299,0.0000138953382702,0.0000246698800765,0.0000218548339035,0.000014447259673,0.00000634127127341,4.87468014398e-7,7.90452588717e-7,0.00000532854846824,0.00000514084740644,0.00000258508680417,0.00000172644308805,0.00000155080192599,0.00000208731694329,1.3876660887e-7,9.41425426504e-8,7.7963299816e-8,3.80192304306e-8,8.84989290739e-8,5.87261794749e-8,5.94000937326e-8,1.01786405082e-7,1.44798221413e-7,2.14595360148e-7,7.75869409608e-7,7.4107333603e-8],"dvar2":[5.6620478972e-8,0.000238970358623,0.000039432055928,0.0000604329397902,0.000055275093473,0.0000411922301282,0.0000178856280399,0.00000126998679661,0.00000189233003312,0.0000119806218208,0.00000932498187467,0.00000456903853774,0.00000372291833628,0.00000325333098772,0.00000522069422004,3.1107052223e-7,2.25213554472e-7,1.90955290691e-7,9.30329306925e-8,2.12164664504e-7,1.25568732301e-7,1.33725876594e-7,2.15352429223e-7,3.17978930298e-7,4.3269446337e-7,0.00000172836973888,1.4297324924e-7],"max":[0.00164944678545,0.0785268098116,0.0363591946661,0.0571097917855,0.05690279603,0.0474682934582,0.0401450097561,0.0183941088617,0.0266468059272,0.0538417212665,0.0542596019804,0.0544506013393,0.0348466336727,0.0251312479377,0.0261624269187,0.0133012784645,0.00640179403126,0.00691427476704,0.0044506592676,0.00594970025122,0.0057447263971,0.00444536283612,0.00842358078808,0.00891803111881,0.00631729746237,0.016608722508,0.00410406431183],"mean":[0.0000471667917736,0.0026287198998,0.00153602694627,0.00166094326414,0.00187692139298,0.00112626410555,0.000810476252809,0.000470750383101,0.000349611626007,0.00107244867831,0.00158631848171,0.0010462498758,0.000755287532229,0.000996230752207,0.00110125390347,0.0002798314963,0.00028317279066,0.000310113624437,0.000203243442229,0.000324964494212,0.00025055417791,0.000276909675449,0.000305575522361,0.000273078883765,0.000324536464177,0.000375451927539,0.00010880168702],"median":[0.00000456587713416,0.000302174099488,0.000364471838111,0.000285789632471,0.000412032793975,0.000213386272662,0.000137448281748,0.0000662022357574,0.0000789564437582,0.000122957702843,0.0000586593996559,0.000104476814158,0.0000935359639698,0.000173469743459,0.000160939554917,0.0000760314360377,0.000101975318103,0.000128078449052,0.0000838605628815,0.000122772224131,0.0000899467122508,0.0000973848655121,0.0000876407211763,0.0000610550559941,0.0000491561877425,0.0000205251981242,7.81677670147e-7],"min":[4.0534636469e-25,4.99429259045e-24,3.54471886748e-24,3.81679620483e-24,1.05004691337e-23,5.96388350121e-24,1.05345368807e-23,1.52254272562e-23,1.9661261546e-23,2.43387097316e-23,2.56461772622e-23,2.2566153477e-23,4.84642976455e-23,4.25398986048e-23,6.84507355453e-23,7.59572961056e-23,1.00061641573e-22,1.39316344715e-22,1.75492041703e-22,2.03167276498e-22,2.14300135977e-22,4.17377166788e-22,3.72271236187e-22,5.78415585389e-22,1.08908536134e-21,1.47648679823e-21,2.04390876755e-21],"var":[2.10945234613e-8,0.0000675164628774,0.0000108602998807,0.0000226611864491,0.0000225136645895,0.0000111157623905,0.0000053464082157,0.0000010142479141,0.00000105899766822,0.0000117092859,0.0000230057958106,0.00000917669513001,0.00000483134272145,0.0000051967285799,0.00000513583336215,3.36778754217e-7,1.94876236037e-7,2.15618626953e-7,8.49228456445e-8,2.50689168979e-7,1.47205327039e-7,1.63976295653e-7,2.87916037678e-7,3.01199634123e-7,3.63695534134e-7,9.31938018311e-7,1.03771320425e-7]},"barkbands_crest":{"dmean":2.77271556854,"dmean2":4.5289940834,"dvar":8.00979995728,"dvar2":20.2530555725,"max":25.9063415527,"mean":9.31070518494,"median":8.28409481049,"min":1.94227302074,"var":19.4175701141},"barkbands_flatness_db":{"dmean":0.0238372180611,"dmean2":0.0352218188345,"dvar":0.000614200136624,"dvar2":0.00130086275749,"max":0.39328417182,"mean":0.116501010954,"median":0.0992181375623,"min":0.0155244637281,"var":0.00422522146255},"barkbands_kurtosis":{"dmean":3.40551733971,"dmean2":5.5019068718,"dvar":74.8509674072,"dvar2":186.073730469,"max":225.250946045,"mean":4.44395923615,"median":0.314739465714,"min":-1.93386697769,"var":141.607589722},"barkbands_skewness":{"dmean":0.688512861729,"dmean2":1.02546918392,"dvar":0.711546599865,"dvar2":1.54007422924,"max":13.1750411987,"mean":1.02217364311,"median":0.694778263569,"min":-5.27333116531,"var":2.73983383179},"barkbands_spread":{"dmean":9.54489326477,"dmean2":14.3200187683,"dvar":146.896606445,"dvar2":329.600494385,"max":129.811752319,"mean":32.1434860229,"median":27.7722015381,"min":0.716291368008,"var":514.510070801},"dissonance":{"dmean":0.0187474563718,"dmean2":0.0315527655184,"dvar":0.000539858767297,"dvar2":0.00146283279173,"max":0.500000178814,"mean":0.466125667095,"median":0.477968394756,"min":0.211000800133,"var":0.00131169217639},"dynamic_complexity":7.38786888123,"erbbands":{"dmean":[0.0667339637876,0.779379785061,1.73678302765,3.04845643044,7.39869308472,4.23757076263,5.59470415115,10.7803888321,11.6318769455,6.92039346695,5.30967950821,6.1036734581,13.474032402,23.7000274658,26.134759903,18.5689296722,17.7772064209,25.2204990387,35.6676673889,17.5901603699,7.72373533249,7.91028833389,9.96191978455,5.03507089615,5.47738361359,6.69903469086,5.75643730164,4.64374828339,4.79184293747,4.51688146591,4.39780044556,3.54693746567,2.57288765907,2.0316183567,1.77082145214,1.31739366055,0.578023433685,0.144678264856,0.0169564373791,0.000540667911991],"dmean2":[0.109163440764,1.37204134464,3.09577727318,5.24925422668,12.47701931,7.17518138885,10.0614528656,18.6496334076,20.2709407806,11.3083324432,8.47323894501,9.76477336884,20.2344551086,34.0360450745,36.0627937317,25.7245330811,25.9850997925,38.2731361389,55.2980308533,27.4190540314,11.9043912888,12.3570957184,15.4800539017,7.94732999802,8.5688829422,10.3711509705,8.80958747864,6.88736104965,7.06620025635,6.54256391525,6.3339881897,5.05274152756,3.66192102432,2.85168170929,2.44579434395,1.89002251625,0.851331233978,0.207916781306,0.024244941771,0.000770260463469],"dvar":[0.0404769740999,5.91348457336,23.2137794495,60.9382553101,640.146606445,114.239318848,350.100341797,1414.38305664,1945.78161621,355.802368164,215.208892822,306.894622803,2535.97558594,8371.11230469,5616.04882812,3621.99780273,3027.88110352,3060.09985352,6610.68554688,1708.43603516,369.573822021,227.980697632,301.549316406,107.674659729,98.871711731,203.888931274,129.645202637,85.4528274536,82.7706832886,74.0162887573,90.9537734985,84.6287765503,34.72315979,19.9403266907,16.4605712891,14.7948856354,2.66343259811,0.150272861123,0.00248790788464,0.00000257258398051],"dvar2":[0.0981924533844,16.0423774719,65.2146072388,154.176620483,1569.91894531,301.540161133,1004.83929443,3938.08642578,5555.97558594,933.749389648,551.964660645,727.950439453,5068.43017578,18282.5527344,10847.4023438,6915.44042969,6145.17480469,6616.93164062,16727.703125,4273.73242188,785.798095703,532.015014648,740.259521484,270.152130127,240.603042603,490.434356689,283.741973877,188.434265137,187.496749878,164.398086548,192.844726562,188.631057739,77.8641967773,43.7453575134,32.2759819031,34.060874939,6.03783178329,0.297056138515,0.00483671762049,0.00000498222061651],"max":[1.86826586723,19.7140235901,46.5426063538,79.2585601807,326.653808594,173.140060425,281.498687744,485.372924805,631.354492188,367.806915283,428.565490723,500.718200684,1570.41101074,2095.0234375,2017.92810059,1731.98071289,1904.26123047,1480.51464844,1430.48693848,996.974609375,812.213806152,381.029510498,353.105224609,312.099975586,173.351379395,384.62197876,352.073913574,182.135742188,195.671112061,174.532623291,247.079177856,233.860534668,102.845428467,74.3943405151,65.515045166,99.1989898682,30.6848220825,5.53298425674,0.810998499393,0.0255007948726],"mean":[0.0554354041815,0.660180151463,1.83707726002,3.44266676903,7.47243356705,5.50390863419,5.44373607635,10.9907274246,12.0035514832,10.5960102081,9.86506557465,8.88173007965,25.4412899017,52.1878700256,61.3457870483,36.2109451294,33.2249031067,51.0464057922,63.8931274414,33.9440612793,15.1877059937,15.4474277496,20.2604980469,10.403087616,11.1418991089,14.2326555252,12.7426185608,9.41149044037,9.6825876236,9.57685279846,8.75077438354,6.24642372131,4.30464553833,3.2051410675,2.55013203621,1.63048636913,0.669666826725,0.169212415814,0.0193342436105,0.000630926515441],"median":[0.00581174436957,0.100400775671,0.544830441475,0.978402912617,1.34633266926,1.13450968266,1.04325413704,1.92808544636,2.25425195694,1.9249869585,1.77885615826,2.5242421627,4.08062314987,4.62896680832,4.23430871964,6.16768789291,7.23967838287,13.3057756424,12.1581287384,7.96425104141,5.28642177582,6.54233455658,8.34422969818,4.29801940918,4.52608299255,5.74250125885,4.74697208405,3.37166786194,3.49860858917,3.16817426682,2.39609241486,1.44756054878,0.928926706314,0.604660451412,0.306060671806,0.12538780272,0.029706645757,0.00314280856401,0.000164264507475,0.0000400444259867],"min":[1.22827649805e-22,1.12516737952e-21,8.93432125064e-21,1.39484332456e-20,1.73077510381e-20,3.51476926339e-20,5.86958573874e-20,6.91494105396e-20,9.32223244565e-20,2.82778413244e-19,5.71187031327e-19,4.23943143727e-19,5.31181113085e-19,9.95893404265e-19,1.2565373949e-18,1.05637943559e-18,2.43941580381e-18,2.34385597034e-18,3.3478431301e-18,4.48653830698e-18,5.26654191407e-18,5.62450846005e-18,6.90427391373e-18,7.39584005481e-18,8.74600478247e-18,1.02197627014e-17,1.01249496052e-17,1.03186935026e-17,1.29811827536e-17,1.3394778023e-17,1.12595171508e-17,1.08061725443e-17,1.09431610984e-17,1.05859092364e-17,6.97800879353e-18,4.67585058428e-18,2.79995033201e-18,1.15680639979e-18,2.68787015074e-19,2.61407394325e-20],"var":[0.0343102328479,4.12510061264,16.775560379,57.7712135315,579.584411621,145.428741455,243.597991943,1138.11218262,1376.98693848,631.447570801,447.933563232,509.773712158,8295.27050781,25184.1503906,29390.6542969,9872.91796875,9182.61328125,9537.76757812,16825.8007812,4992.359375,894.392822266,521.397216797,891.073608398,236.765380859,258.87878418,489.724304199,383.69631958,204.05128479,201.838851929,213.204483032,250.596572876,179.421615601,65.5718307495,33.3218307495,26.726190567,17.0710887909,3.09771060944,0.212024927139,0.00341183994897,0.00000350682989847]},"erbbands_crest":{"dmean":2.73304748535,"dmean2":4.27604150772,"dvar":7.50435781479,"dvar2":17.4183273315,"max":33.2785339355,"mean":9.60293006897,"median":8.36789608002,"min":2.19869828224,"var":28.3641052246},"erbbands_flatness_db":{"dmean":0.0230064112693,"dmean2":0.0298414193094,"dvar":0.000591290008742,"dvar2":0.000987310661003,"max":0.38358938694,"mean":0.140755906701,"median":0.13093188405,"min":0.0280574727803,"var":0.00365990633145},"erbbands_kurtosis":{"dmean":1.28706753254,"dmean2":1.9665812254,"dvar":4.80549478531,"dvar2":10.7974596024,"max":54.4759788513,"mean":1.29592204094,"median":0.411505460739,"min":-1.84202325344,"var":12.0184659958},"erbbands_skewness":{"dmean":0.411350876093,"dmean2":0.610164523125,"dvar":0.212753638625,"dvar2":0.45969158411,"max":6.02506351471,"mean":0.264108806849,"median":0.206130459905,"min":-4.33882427216,"var":0.94712293148},"erbbands_spread":{"dmean":11.5422801971,"dmean2":16.7862663269,"dvar":187.921127319,"dvar2":392.803955078,"max":192.212692261,"mean":42.327255249,"median":35.8106536865,"min":1.92632007599,"var":741.965698242},"gfcc":{"cov":[[32895.8007812,-1470.34851074,-1644.4473877,-464.268615723,-853.838684082,570.009216309,-420.187225342,144.123275757,-348.266906738,200.704406738,-431.380065918,96.1834182739,-312.468383789],[-1470.34851074,2716.87011719,-393.708831787,421.194610596,90.8786697388,99.3589859009,147.019470215,-64.3808822632,83.8228912354,-146.657058716,108.671226501,-116.846580505,93.2880477905],[-1644.4473877,-393.708831787,1962.35009766,240.289871216,176.097793579,-166.930923462,-26.8934249878,22.5012607574,-19.7395038605,15.2341194153,-47.0198287964,25.5166530609,-6.91480493546],[-464.268615723,421.194610596,240.289871216,594.065490723,-52.7367019653,19.8396186829,-37.2224578857,43.390045166,32.7012252808,-22.9118156433,3.18207025528,-65.1014175415,28.1948680878],[-853.838684082,90.8786697388,176.097793579,-52.7367019653,370.352050781,5.94627666473,70.8524551392,17.5971069336,45.421245575,10.3398685455,-26.0330486298,-3.95789790154,-2.22496247292],[570.009216309,99.3589859009,-166.930923462,19.8396186829,5.94627666473,305.923248291,110.697265625,30.8430423737,-30.1916656494,-1.5714328289,17.4189682007,-15.8487644196,-6.73389005661],[-420.187225342,147.019470215,-26.8934249878,-37.2224578857,70.8524551392,110.697265625,212.172012329,32.8216514587,10.1434469223,-14.1252698898,16.5940704346,-8.74116706848,7.2139043808],[144.123275757,-64.3808822632,22.5012607574,43.390045166,17.5971069336,30.8430423737,32.8216514587,114.023986816,30.4324913025,11.2087574005,-15.1400690079,-6.92114496231,-1.92969942093],[-348.266906738,83.8228912354,-19.7395038605,32.7012252808,45.421245575,-30.1916656494,10.1434469223,30.4324913025,118.159507751,25.6641368866,6.80178976059,-11.5181121826,14.4032812119],[200.704406738,-146.657058716,15.2341194153,-22.9118156433,10.3398685455,-1.5714328289,-14.1252698898,11.2087574005,25.6641368866,88.3810348511,27.736289978,14.410446167,-14.7302856445],[-431.380065918,108.671226501,-47.0198287964,3.18207025528,-26.0330486298,17.4189682007,16.5940704346,-15.1400690079,6.80178976059,27.736289978,101.829460144,31.5009174347,7.63827943802],[96.1834182739,-116.846580505,25.5166530609,-65.1014175415,-3.95789790154,-15.8487644196,-8.74116706848,-6.92114496231,-11.5181121826,14.410446167,31.5009174347,75.4277496338,15.6246585846],[-312.468383789,93.2880477905,-6.91480493546,28.1948680878,-2.22496247292,-6.73389005661,7.2139043808,-1.92969942093,14.4032812119,-14.7302856445,7.63827943802,15.6246585846,70.0736312866]],"icov":[[0.0000466461897304,-0.0000233325790759,0.0000297558472084,0.0000139657895488,0.000112557529064,-0.000116346862342,0.0000825554161565,-0.0000517137814313,0.000065910142439,-0.000209815130802,0.000381103222026,-0.0002528327459,0.000176032350282],[-0.0000233325790759,0.000675707124174,0.00014105529408,-0.000437261303887,-0.000390799337765,0.0000791405618656,-0.000303556967992,0.000532842415851,-0.000373085553292,0.00123453780543,-0.00131546275225,0.00102585635614,-0.000521776324604],[0.0000297558472084,0.00014105529408,0.000718550756574,-0.000544265378267,-0.000374858471332,0.000410631793784,-0.000238249456743,0.0000432486958744,0.000451813510153,-0.000209221776458,0.000396564981202,-0.000595841382165,0.000240855748416],[0.0000139657895488,-0.000437261303887,-0.000544265378267,0.00280398060568,0.000643219333142,-0.000591603689827,0.001260097255,-0.00141559331678,-0.000285930145765,0.0000713609042577,-0.000575745885726,0.0022471321281,-0.00110718177166],[0.000112557529064,-0.000390799337765,-0.000374858471332,0.000643219333142,0.00386174442247,-0.000431250489783,-0.000829076743685,-0.0000147222299347,-0.0012272434542,-0.00140339403879,0.00268823630176,-0.00126823806204,0.000839502085],[-0.000116346862342,0.0000791405618656,0.000410631793784,-0.000591603689827,-0.000431250489783,0.00514623103663,-0.00269445031881,-0.000852466269862,0.00211005262099,-0.000428816798376,-0.00147355836816,0.00136695965193,-0.000278876919765],[0.0000825554161565,-0.000303556967992,-0.000238249456743,0.001260097255,-0.000829076743685,-0.00269445031881,0.00760286301374,-0.00220818608068,-0.000477246852824,0.00156595744193,-0.00146125280298,0.00100850185845,-0.000525346025825],[-0.0000517137814313,0.000532842415851,0.0000432486958744,-0.00141559331678,-0.0000147222299347,-0.000852466269862,-0.00220818608068,0.0117326611653,-0.00335840205662,-0.00065131887095,0.00223456579261,-0.00116499222349,0.000671493937261],[0.000065910142439,-0.000373085553292,0.000451813510153,-0.000285930145765,-0.0012272434542,0.00211005262099,-0.000477246852824,-0.00335840205662,0.0127191226929,-0.00494412751868,-0.000274914607871,0.00260466919281,-0.00313380477019],[-0.000209815130802,0.00123453780543,-0.000209221776458,0.0000713609042577,-0.00140339403879,-0.000428816798376,0.00156595744193,-0.00065131887095,-0.00494412751868,0.0187157802284,-0.00815697014332,0.00077163381502,0.00277420436032],[0.000381103222026,-0.00131546275225,0.000396564981202,-0.000575745885726,0.00268823630176,-0.00147355836816,-0.00146125280298,0.00223456579261,-0.000274914607871,-0.00815697014332,0.0198795404285,-0.0105727370828,0.00240949168801],[-0.0002528327459,0.00102585635614,-0.000595841382165,0.0022471321281,-0.00126823806204,0.00136695965193,0.00100850185845,-0.00116499222349,0.00260466919281,0.00077163381502,-0.0105727370828,0.0238732751459,-0.00804473645985],[0.000176032350282,-0.000521776324604,0.000240855748416,-0.00110718177166,0.000839502085,-0.000278876919765,-0.000525346025825,0.000671493937261,-0.00313380477019,0.00277420436032,0.00240949168801,-0.00804473645985,0.0190504137427]],"mean":[-56.647190094,44.8570327759,-105.208023071,26.9721374512,-52.4707183838,19.8541355133,-39.0202331543,2.16370725632,-28.2868614197,4.42246103287,-19.3228378296,-0.271710246801,-14.4337825775]},"hfc":{"dmean":13.5084495544,"dmean2":18.6945362091,"dvar":669.645080566,"dvar2":1352.92663574,"max":394.406433105,"mean":32.4833908081,"median":18.8922328949,"min":1.08615895094e-16,"var":1523.50976562},"melbands":{"dmean":[0.0007443591021,0.000962900696322,0.000724567973521,0.000393922935473,0.000184782475117,0.000235173371038,0.000168899598066,0.0000686233761371,0.0000425087710028,0.0000407564330089,0.0000688714790158,0.0000960185207077,0.0000892643729458,0.0000646428452455,0.0000361597667506,0.0000481420102005,0.0000517038934049,0.0000578824256081,0.0000382762227673,0.0000164056928043,0.00000909506525204,0.00000939262918109,0.000010383301742,0.00000656569045532,0.00000436198433817,0.00000397957637688,0.00000459962302557,0.0000049159361879,0.00000444374018116,0.00000297829819829,0.00000286772592517,0.00000275347042589,0.00000284329257738,0.00000269848123935,0.00000280246104012,0.00000243762838181,0.0000021713649403,0.00000188712749605,0.00000174946160314,0.00000172000034127],"dmean2":[0.00124212075025,0.00169639475644,0.00123065419029,0.00065557542257,0.00032896178891,0.000407722778618,0.000293409830192,0.000112012923637,0.0000681996752974,0.0000648118657409,0.000103621699964,0.000139102878165,0.000121870543808,0.0000892346943147,0.0000519467648701,0.0000714920679457,0.0000785184820415,0.0000888754875632,0.0000595546916884,0.0000261196219071,0.0000140037718666,0.0000148863973664,0.0000160191430041,0.0000102819367385,0.00000699870088283,0.00000630786189504,0.00000712030896466,0.00000770966562413,0.0000069564093792,0.00000458282102045,0.0000043101472329,0.00000413075986216,0.00000426752785643,0.00000399886721425,0.00000415540762333,0.00000350919958692,0.00000317893545798,0.00000275713364317,0.00000252849736171,0.00000245573960456],"dvar":[0.00000511130065206,0.00000773311330704,0.00000439664609075,0.00000135236439291,3.41560280503e-7,6.69851544899e-7,3.95007646148e-7,3.18614681305e-8,1.53414241311e-8,1.43052645285e-8,6.80270773046e-8,1.42792799807e-7,6.48283347005e-8,3.02985192491e-8,1.92581364189e-8,2.1160495578e-8,1.41877034565e-8,1.64916240664e-8,7.13535364127e-9,1.49379320025e-9,5.67594526935e-10,3.65597829788e-10,3.53863910396e-10,1.39968661661e-10,8.42401912116e-11,5.4056169263e-11,9.45373224148e-11,1.22732185526e-10,8.33945690282e-11,3.623475478e-11,3.2010834955e-11,2.75926850812e-11,2.87622755474e-11,2.73661735634e-11,3.3288947987e-11,3.82920327391e-11,3.32982218187e-11,1.93904198253e-11,1.53831496152e-11,1.51279769961e-11],"dvar2":[0.0000130278476718,0.0000213342209463,0.0000108004533104,0.00000332188983521,9.69116285887e-7,0.00000187989121514,0.00000112870873181,8.27201418474e-8,3.80207296757e-8,3.37132846084e-8,1.37115776511e-7,3.17726289722e-7,1.1977058989e-7,5.18974907493e-8,4.0593839401e-8,4.61464111368e-8,2.99048181773e-8,4.01044353282e-8,1.69709544195e-8,3.86630683025e-9,1.20500065481e-9,8.81181294599e-10,8.13746015016e-10,3.5492683792e-10,2.13443013264e-10,1.32221344984e-10,2.18558934839e-10,2.98281177535e-10,1.81917619857e-10,8.2215123598e-11,7.34502805799e-11,6.45683784217e-11,6.69065011727e-11,6.18098003335e-11,7.26847193544e-11,8.40350219966e-11,7.63418842031e-11,4.48622076987e-11,3.49443494974e-11,3.38459746341e-11],"max":[0.0188210289925,0.0243359375745,0.0234620030969,0.0149858500808,0.008370436728,0.0106184566393,0.00941958092153,0.00417255004868,0.00415105884895,0.00306940055452,0.00762966042385,0.00883303023875,0.00571542512625,0.00677517801523,0.00405138591304,0.00468470249325,0.0029062742833,0.00258710654452,0.00208708946593,0.00112926203292,0.000915402139071,0.000477316934848,0.000605296751019,0.000209022153285,0.000298864557408,0.00012700514344,0.000239586865064,0.00029930457822,0.000320594932418,0.000121562552522,0.0000846591137815,0.000094260329206,0.0000986758095678,0.000100685094367,0.000150682870299,0.000171402920387,0.000144470264786,0.0000930304158828,0.0000772636485635,0.000064373431087],"mean":[0.000623930885922,0.000958357995842,0.000783374998719,0.000462241208879,0.000199568385142,0.000240097448113,0.000181781055289,0.000110797955131,0.0000749716782593,0.0000554226207896,0.000125030870549,0.00020141924324,0.000203702860745,0.000136131362524,0.0000589243863942,0.0000863338937052,0.0000987986422842,0.000102521087683,0.0000691081513651,0.0000283701356238,0.0000157232971105,0.0000156127698574,0.0000209146965062,0.0000123436020658,0.00000809711400507,0.00000716708700566,0.0000089525428848,0.00000967852429312,0.000009117989066,0.00000597310008743,0.00000519008335687,0.00000522459367858,0.00000563009098187,0.00000526416715729,0.00000536599964107,0.00000423500205216,0.00000362363493878,0.00000305346793539,0.00000277933008874,0.00000261086870523],"median":[0.0000703946061549,0.000272198056336,0.00020690895326,0.0000987387393252,0.0000393336522393,0.000043780564738,0.0000346763226844,0.0000177001165866,0.0000128656174638,0.0000131389988383,0.0000169869235833,0.0000146560905705,0.00000921646915231,0.0000109493748823,0.00000949969671638,0.0000114846279757,0.0000208740966627,0.0000162082815223,0.0000120435170174,0.00000659896750221,0.00000506370815856,0.00000560006492378,0.00000765158983995,0.00000475292426927,0.0000027227058581,0.0000028384563393,0.00000294714368465,0.00000375930767404,0.00000323961353388,0.00000179716039383,0.00000177248932687,0.00000181655104825,0.00000188845353932,0.00000161351090355,0.00000143484157888,9.81638095254e-7,8.03877242106e-7,6.41823135084e-7,5.74808041165e-7,4.62659500045e-7],"min":[1.71861434027e-24,4.58528477717e-24,3.47059986341e-24,1.78391151284e-24,2.95579160324e-24,1.60594192882e-24,1.53121047286e-24,3.04135323196e-24,4.9343099738e-24,2.69130784097e-24,2.58950908824e-24,2.58976093208e-24,3.36162464581e-24,3.95569449429e-24,2.43562303323e-24,4.91352743325e-24,3.83114361254e-24,4.12566640923e-24,5.58116960519e-24,5.35251708852e-24,5.53275287271e-24,5.41710468071e-24,4.90530789705e-24,6.79061722406e-24,5.17635143218e-24,6.83945796929e-24,6.22329607116e-24,6.61659805824e-24,5.06551055854e-24,4.58648700119e-24,5.65489891198e-24,6.5539538249e-24,7.02840987761e-24,5.91733636907e-24,5.92367407758e-24,5.81961977431e-24,7.33489496106e-24,7.54410008426e-24,7.71931397992e-24,7.80344599547e-24],"var":[0.00000403442027164,0.00000551989387532,0.00000406317394663,0.00000145425417486,2.65138282884e-7,5.29532997007e-7,2.90746044129e-7,6.34944825606e-8,2.96456263982e-8,2.29528733797e-8,2.17848977968e-7,3.93617938244e-7,3.15077272717e-7,1.42408964621e-7,4.05844922113e-8,5.75434100369e-8,4.43691625662e-8,4.66890384132e-8,2.02990904086e-8,3.67395469603e-9,1.20040821727e-9,6.66512511849e-10,1.15180753824e-9,3.3014038725e-10,1.75408437775e-10,1.09595880982e-10,2.47872028458e-10,2.64571919928e-10,2.35587993558e-10,9.09184116882e-11,6.84570525267e-11,6.30096252952e-11,7.04390434869e-11,7.15736567236e-11,8.88779744246e-11,8.40118391521e-11,6.47432593648e-11,3.5048589031e-11,2.58349418247e-11,2.34709439384e-11]},"melbands_crest":{"dmean":3.48581433296,"dmean2":5.63377380371,"dvar":10.9816579819,"dvar2":27.0388278961,"max":32.8338127136,"mean":13.2019386292,"median":12.2718906403,"min":1.00101423264,"var":33.0162200928},"melbands_flatness_db":{"dmean":0.0303151104599,"dmean2":0.0443470217288,"dvar":0.00113047799096,"dvar2":0.00236618472263,"max":0.526185929775,"mean":0.164129167795,"median":0.141357317567,"min":2.24345413358e-7,"var":0.00735871074721},"melbands_kurtosis":{"dmean":10.1329946518,"dmean2":16.1056747437,"dvar":757.08605957,"dvar2":1842.19824219,"max":682.72668457,"mean":15.7026062012,"median":3.77783632278,"min":-1.87154495716,"var":1278.51599121},"melbands_skewness":{"dmean":0.951142668724,"dmean2":1.41256797314,"dvar":1.43072235584,"dvar2":3.19210243225,"max":19.405374527,"mean":2.35713124275,"median":1.75978052616,"min":-2.38974618912,"var":5.24886035919},"melbands_spread":{"dmean":12.9667873383,"dmean2":19.6970767975,"dvar":409.536956787,"dvar2":870.560546875,"max":270.232147217,"mean":39.4259300232,"median":33.6146202087,"min":0.614922702312,"var":1353.7310791},"mfcc":{"cov":[[24083.4550781,-501.130187988,-1265.46044922,-752.368347168,-615.351257324,169.55770874,-179.706253052,-11.022608757,-35.6187133789,93.0295028687,-83.2070236206,-24.2392654419,56.8509597778],[-501.130187988,1758.89001465,-22.0515995026,182.31187439,116.799377441,129.541412354,92.0493927002,89.3729324341,21.6669578552,33.1099891663,10.43704319,-12.402844429,-27.284450531],[-1265.46044922,-22.0515995026,1298.28076172,350.048431396,157.64414978,4.58668231964,78.4233093262,-2.32565379143,-7.45779705048,0.541403353214,-8.96157741547,-10.1823740005,-25.7484760284],[-752.368347168,182.31187439,350.048431396,421.102203369,123.561157227,-10.2029438019,-14.2970638275,-1.75686216354,27.8573875427,27.1733188629,-6.92975330353,-2.46351194382,-14.1389732361],[-615.351257324,116.799377441,157.64414978,123.561157227,241.478775024,31.2128105164,11.5761928558,4.06624746323,37.1897125244,21.0870742798,21.1525497437,-3.02963733673,-20.6889038086],[169.55770874,129.541412354,4.58668231964,-10.2029438019,31.2128105164,169.771469116,88.6890487671,46.1946983337,21.3167209625,22.8591842651,9.61359214783,6.72487783432,17.3772087097],[-179.706253052,92.0493927002,78.4233093262,-14.2970638275,11.5761928558,88.6890487671,176.196228027,69.0621414185,23.1253929138,14.2916460037,20.8616390228,6.06621408463,10.5432424545],[-11.022608757,89.3729324341,-2.32565379143,-1.75686216354,4.06624746323,46.1946983337,69.0621414185,111.00541687,45.788318634,20.5087757111,6.20371961594,1.53417539597,3.67851305008],[-35.6187133789,21.6669578552,-7.45779705048,27.8573875427,37.1897125244,21.3167209625,23.1253929138,45.788318634,116.871887207,51.3809127808,6.84502744675,-5.75493335724,-7.14666557312],[93.0295028687,33.1099891663,0.541403353214,27.1733188629,21.0870742798,22.8591842651,14.2916460037,20.5087757111,51.3809127808,91.2719039917,29.0789661407,3.86795830727,-2.29920148849],[-83.2070236206,10.43704319,-8.96157741547,-6.92975330353,21.1525497437,9.61359214783,20.8616390228,6.20371961594,6.84502744675,29.0789661407,87.2287826538,28.7587528229,1.47842717171],[-24.2392654419,-12.402844429,-10.1823740005,-2.46351194382,-3.02963733673,6.72487783432,6.06621408463,1.53417539597,-5.75493335724,3.86795830727,28.7587528229,78.5419235229,34.6968574524],[56.8509597778,-27.284450531,-25.7484760284,-14.1389732361,-20.6889038086,17.3772087097,10.5432424545,3.67851305008,-7.14666557312,-2.29920148849,1.47842717171,34.6968574524,77.792640686]],"icov":[[0.0000486000499222,0.00000828119209473,0.0000191317940335,0.0000458079703094,0.0000965638100752,-0.000109201027954,0.0000912259711185,-0.00000885194640432,0.0000208403562283,-0.000100239660242,0.0000467863101221,0.00000959082080954,0.0000139596704685],[0.00000828119209473,0.000686772924382,0.000163775854162,-0.000389585271478,-0.000177628389793,-0.000408417923609,-0.000128816085635,-0.000446955527877,0.000370847585145,-0.0000958258970059,0.0000451185151178,0.0000446871927124,0.000311255134875],[0.0000191317940335,0.000163775854162,0.0011481436668,-0.000929104513489,-0.000356555305189,0.000146779872011,-0.000874755845871,0.000157788701472,0.000472562736832,-0.00000741219855627,0.000270312157227,0.00000454713699582,0.00027412630152],[0.0000458079703094,-0.000389585271478,-0.000929104513489,0.0038616436068,-0.00110034202226,0.000422491080826,0.000908220827114,-0.00000998569248623,-0.000408903288189,-0.00106144463643,0.000822212954517,-0.000386805273592,-0.000197448840481],[0.0000965638100752,-0.000177628389793,-0.000356555305189,-0.00110034202226,0.00589739624411,-0.00154346274212,0.000618262856733,0.000870577991009,-0.00185064214747,0.000601609004661,-0.00159569166135,0.000122052377264,0.00116100546438],[-0.000109201027954,-0.000408417923609,0.000146779872011,0.000422491080826,-0.00154346274212,0.0092774387449,-0.00411273725331,-0.0007790029631,0.000394353322918,-0.00157303083688,0.000906352244783,0.00000830504995974,-0.00185789098032],[0.0000912259711185,-0.000128816085635,-0.000874755845871,0.000908220827114,0.000618262856733,-0.00411273725331,0.0103589361534,-0.0046046175994,-0.0000961788828135,0.000695083756,-0.00216906517744,0.000583139422815,-0.000546560098883],[-0.00000885194640432,-0.000446955527877,0.000157788701472,-0.00000998569248623,0.000870577991009,-0.0007790029631,-0.0046046175994,0.0145167093724,-0.0050096665509,0.000328487367369,0.00042088155169,-0.000402358477004,-0.0000357744538633],[0.0000208403562283,0.000370847585145,0.000472562736832,-0.000408903288189,-0.00185064214747,0.000394353322918,-0.0000961788828135,-0.0050096665509,0.0142361763865,-0.00718186795712,0.00187057442963,0.000518192828167,0.00069550256012],[-0.000100239660242,-0.0000958258970059,-0.00000741219855627,-0.00106144463643,0.000601609004661,-0.00157303083688,0.000695083756,0.000328487367369,-0.00718186795712,0.017339989543,-0.00582352932543,0.000843331799842,-0.00016684444563],[0.0000467863101221,0.0000451185151178,0.000270312157227,0.000822212954517,-0.00159569166135,0.000906352244783,-0.00216906517744,0.00042088155169,0.00187057442963,-0.00582352932543,0.0162757020444,-0.00652319099754,0.00246765022166],[0.00000959082080954,0.0000446871927124,0.00000454713699582,-0.000386805273592,0.000122052377264,0.00000830504995974,0.000583139422815,-0.000402358477004,0.000518192828167,0.000843331799842,-0.00652319099754,0.0187243781984,-0.00824442878366],[0.0000139596704685,0.000311255134875,0.00027412630152,-0.000197448840481,0.00116100546438,-0.00185789098032,-0.000546560098883,-0.0000357744538633,0.00069550256012,-0.00016684444563,0.00246765022166,-0.00824442878366,0.0174972712994]],"mean":[-699.652648926,81.9492645264,5.69907808304,14.5395565033,8.19137763977,13.274020195,0.910332739353,-0.691719353199,-2.99864912033,0.872901856899,-2.709877491,-3.74157094955,-3.5500459671]},"pitch_salience":{"dmean":0.079166598618,"dmean2":0.128246471286,"dvar":0.00647028768435,"dvar2":0.0174461118877,"max":0.996061980724,"mean":0.562064766884,"median":0.561967253685,"min":0.112245574594,"var":0.0154228853062},"silence_rate_20dB":{"dmean":0,"dmean2":0,"dvar":0,"dvar2":0,"max":1,"mean":1,"median":1,"min":1,"var":0},"silence_rate_30dB":{"dmean":0.00700483098626,"dmean2":0.0140113541856,"dvar":0.00695614982396,"dvar2":0.0205806177109,"max":1,"mean":0.996377229691,"median":1,"min":0,"var":0.00360983423889},"silence_rate_60dB":{"dmean":0.0526570044458,"dmean2":0.105326727033,"dvar":0.0498876944184,"dvar2":0.102698996663,"max":1,"mean":0.272189348936,"median":0,"min":0,"var":0.198104992509},"spectral_centroid":{"dmean":316.273620605,"dmean2":478.04901123,"dvar":177021.140625,"dvar2":360402.25,"max":11647.3417969,"mean":1769.89404297,"median":1730.87426758,"min":170.308441162,"var":959472.3125},"spectral_complexity":{"dmean":3.6048309803,"dmean2":5.21439790726,"dvar":29.8771781921,"dvar2":51.890247345,"max":61,"mean":14.9335832596,"median":12,"min":0,"var":163.99395752},"spectral_contrast_coeffs":{"dmean":[0.0487650372088,0.0460346415639,0.0400382578373,0.0363799743354,0.0253462325782,0.0183032415807],"dmean2":[0.0794696360826,0.0743989348412,0.0595061331987,0.0535955950618,0.0381397120655,0.0268817078322],"dvar":[0.00185610703193,0.00169151811861,0.00140069425106,0.00116403878201,0.000623039843049,0.000350776797859],"dvar2":[0.00443300511688,0.00419205101207,0.00269838795066,0.00224818964489,0.00118916411884,0.000653745839372],"max":[-0.301053851843,-0.360533803701,-0.346827626228,-0.436233639717,-0.505209386349,-0.607627987862],"mean":[-0.670516371727,-0.749141156673,-0.750477313995,-0.747053921223,-0.782185256481,-0.788082301617],"median":[-0.673350811005,-0.760112285614,-0.773751020432,-0.75960278511,-0.789279937744,-0.788680553436],"min":[-0.982048153877,-0.986241161823,-0.998032093048,-0.987696945667,-0.98918735981,-0.963537991047],"var":[0.00769517524168,0.00779666798189,0.0122238025069,0.0096202287823,0.00459383288398,0.00232343911193]},"spectral_contrast_valleys":{"dmean":[0.492767035961,0.483682960272,0.421962469816,0.411554515362,0.359280943871,0.420993894339],"dmean2":[0.767137885094,0.756920397282,0.637511909008,0.592070102692,0.504391551018,0.4998075068],"dvar":[0.252500891685,0.295145839453,0.240658193827,0.236735701561,0.238473251462,0.34315687418],"dvar2":[0.506308794022,0.596421837807,0.450676172972,0.421491026878,0.411802709103,0.541310667992],"max":[-4.98989725113,-4.53109550476,-5.41728210449,-5.77419090271,-5.57899904251,-7.29845714569],"mean":[-8.27253818512,-7.86547851562,-8.36736011505,-8.56996250153,-8.33863162994,-10.1885023117],"median":[-7.82896947861,-7.49522733688,-7.95957422256,-8.0807094574,-7.90457725525,-9.72772979736],"min":[-27.4843559265,-27.598323822,-27.7098770142,-27.751083374,-27.4772834778,-27.377576828],"var":[3.4546020031,3.50851845741,3.55148744583,3.4285569191,3.3471865654,3.87536644936]},"spectral_decrease":{"dmean":2.35640973401e-9,"dmean2":3.70016017825e-9,"dvar":2.26113873626e-17,"dvar2":5.46093820885e-17,"max":3.99963756559e-10,"mean":-4.61935911744e-9,"median":-2.56770982254e-9,"min":-3.99360864378e-8,"var":3.37620086673e-17},"spectral_energy":{"dmean":0.0097632817924,"dmean2":0.0150422789156,"dvar":0.000344916392351,"dvar2":0.000822471047286,"max":0.159668266773,"mean":0.0203809142113,"median":0.0123485056683,"min":1.00928547454e-20,"var":0.00057669961825},"spectral_energyband_high":{"dmean":0.00110120745376,"dmean2":0.0014865885023,"dvar":0.00000503115097672,"dvar2":0.0000104237706182,"max":0.0345776304603,"mean":0.00210598157719,"median":0.000741059251595,"min":7.05134394477e-21,"var":0.00000986904433375},"spectral_energyband_low":{"dmean":0.00455762259662,"dmean2":0.00760080851614,"dvar":0.000150409759954,"dvar2":0.000388903165003,"max":0.103954784572,"mean":0.00478986278176,"median":0.00144480273593,"min":4.19978628105e-23,"var":0.000125304664834},"spectral_energyband_middle_high":{"dmean":0.00239038118161,"dmean2":0.00346914376132,"dvar":0.0000163758941198,"dvar2":0.0000346881352016,"max":0.0638754144311,"mean":0.00763925351202,"median":0.00287922844291,"min":1.28010137786e-21,"var":0.000108697415271},"spectral_energyband_middle_low":{"dmean":0.00466455193236,"dmean2":0.00736742792651,"dvar":0.00016075259191,"dvar2":0.000378847005777,"max":0.127525672317,"mean":0.00665776757523,"median":0.00279935495928,"min":1.88734757004e-22,"var":0.000188214908121},"spectral_entropy":{"dmean":0.205632656813,"dmean2":0.273206859827,"dvar":0.0578326880932,"dvar2":0.102238222957,"max":9.82017803192,"mean":7.77324676514,"median":7.85175895691,"min":5.17317771912,"var":0.370989114046},"spectral_flux":{"dmean":0.0286712870002,"dmean2":0.0412310138345,"dvar":0.00167912093457,"dvar2":0.00341531820595,"max":0.376300632954,"mean":0.0742356404662,"median":0.0594792664051,"min":6.53635479075e-11,"var":0.00423391489312},"spectral_kurtosis":{"dmean":1.31616151333,"dmean2":2.03356838226,"dvar":5.14436340332,"dvar2":12.1558418274,"max":76.0938491821,"mean":3.36953639984,"median":2.47275543213,"min":-1.30566108227,"var":13.2245206833},"spectral_rms":{"dmean":0.000880029168911,"dmean2":0.00126399588771,"dvar":0.00000179987091542,"dvar2":0.0000039349583858,"max":0.0124809425324,"mean":0.00364670343697,"median":0.00347092538141,"min":3.13794324726e-12,"var":0.00000658543694954},"spectral_rolloff":{"dmean":1333.88793945,"dmean2":2151.06640625,"dvar":5836815,"dvar2":11161715,"max":19379.8828125,"mean":3491.24804688,"median":1916.45507812,"min":64.599609375,"var":15357862},"spectral_skewness":{"dmean":0.214302241802,"dmean2":0.320484876633,"dvar":0.073681242764,"dvar2":0.162944868207,"max":7.30923366547,"mean":1.42759668827,"median":1.35662734509,"min":-0.105998001993,"var":0.283055722713},"spectral_spread":{"dmean":1007286.3125,"dmean2":1313515.375,"dvar":1975350329340,"dvar2":3437655228420,"max":43005784,"mean":6542492.5,"median":5924741,"min":1263076,"var":9164841549820},"spectral_strongpeak":{"dmean":0.800252258778,"dmean2":1.32302320004,"dvar":1.7278649807,"dvar2":4.13705778122,"max":17.4025688171,"mean":1.46687650681,"median":0.426727086306,"min":0,"var":3.99383044243},"zerocrossingrate":{"dmean":0.0265443362296,"dmean2":0.0279264561832,"dvar":0.00130916910712,"dvar2":0.00148414983414,"max":0.55859375,"mean":0.117056541145,"median":0.09033203125,"min":0.0029296875,"var":0.00865676626563}},"metadata":{"audio_properties":{"analysis_sample_rate":44100,"bit_rate":192000,"codec":"mp3","downmix":"mix","equal_loudness":0,"length":192.261230469,"lossless":false,"md5_encoded":"807b22a17958029cf227d620768eb071","replay_gain":-6.79417228699},"tags":{"album":["Their Greatest Hits"],"albumartist":["The Police"],"albumartistsort":["Police, The"],"artist":["The Police"],"artistsort":["Police, The"],"asin":["B000N8NFG0"],"barcode":["082839709521"],"catalognumber":["397 095-2"],"date":["1990"],"discnumber":["1/1"],"file_name":"01 Roxanne.mp3","genre":["New Wave"],"isrc":["GBAAM7800003"],"label":["A&M Records/Polystar"],"media":["CD"],"musicbrainz album release country":["GB"],"musicbrainz album status":["official"],"musicbrainz album type":["album/compilation"],"musicbrainz_albumartistid":["9e0e2b01-41db-4008-bd8b-988977d6019a"],"musicbrainz_albumid":["bf427b4e-fffb-3ad4-a9cd-84f1fda3e8f6"],"musicbrainz_artistid":["9e0e2b01-41db-4008-bd8b-988977d6019a"],"musicbrainz_recordingid":["68aaa830-20c5-4e4a-bc5c-3bfcecc43fde"],"musicbrainz_releasegroupid":["e09b3e76-7526-34e3-ba24-499d2edbe487"],"originaldate":["1990"],"script":["Latn"],"title":["Roxanne"],"tracknumber":["1/13"]},"version":{"essentia":"2.1-beta1","essentia_build_sha":"7598a69e7b456135ce4c070efb04a3d0ebb71fdd","essentia_git_sha":"v2.1_beta1-6-g5578087","extractor":"music 1.0"}},"rhythm":{"beats_count":434,"beats_loudness":{"dmean":0.0355461798608,"dmean2":0.0696571543813,"dvar":0.000711480388418,"dvar2":0.00240821088664,"max":0.116547085345,"mean":0.0419964455068,"median":0.0376976132393,"min":1.79079806539e-9,"var":0.00105556973722},"beats_loudness_band_ratio":{"dmean":[0.317414939404,0.151784062386,0.0656100586057,0.128591105342,0.101833596826,0.185956865549],"dmean2":[0.609593987465,0.290567368269,0.119860179722,0.2