{"lowlevel":{"average_loudness":0.88512134552,"barkbands":{"dmean":[0.00247586728074,0.00969951041043,0.00484233209863,0.00224227225408,0.00203533028252,0.00103020924143,0.00118740077596,0.000467579287942,0.00102266669273,0.00053034821758,0.000250285491347,0.000326516543282,0.000312407355523,0.000275854516076,0.000259047636064,0.000155106172315,0.000143035984365,0.0000725239806343,0.000048638365115,0.000051166927733,0.0000403782250942,0.0000337015553669,0.0000255073628068,0.0000148060225911,0.00000336025459546,0.0000266026254394,0.000148700069985],"dmean2":[0.00420561339706,0.0163661781698,0.0080493260175,0.00348501838744,0.00324674719013,0.00160099158529,0.001884320518,0.000757389818318,0.00164811464492,0.000860384840053,0.000415878021158,0.000531894271262,0.000518884102348,0.000453615153674,0.000427275663242,0.000257192616118,0.000227913013077,0.000115070673928,0.0000742477350286,0.0000755996370572,0.0000596535173827,0.0000495053354825,0.0000395619317715,0.0000225940984819,0.00000558537567485,0.0000398687843699,0.00022293101938],"dvar":[0.0000291500800813,0.000170752609847,0.0000392854381062,0.00000876384910953,0.0000109186476038,0.00000385344719689,0.0000095284449344,0.0000014154696828,0.00000855528196553,0.00000132403181397,2.77780031865e-7,4.6545000032e-7,3.79867856282e-7,3.20600719306e-7,5.7051585145e-7,1.35438142479e-7,2.23016073164e-7,3.489012812e-8,4.41709033794e-8,5.29700869834e-8,2.19322053852e-8,7.21358439648e-9,5.61045165881e-9,2.14126072429e-9,2.81245114003e-11,6.60637544669e-9,5.38171889275e-8],"dvar2":[0.0000736421498004,0.000495025946293,0.000109344844532,0.0000214379306271,0.0000265644612227,0.00000855656526255,0.0000241354682657,0.00000347641775988,0.0000210112448258,0.00000316585283144,6.91377749718e-7,0.00000118946343264,9.73098167378e-7,8.27792973723e-7,0.00000123196582535,3.56134762569e-7,4.8493217264e-7,6.58575629586e-8,7.37577892096e-8,9.14903921512e-8,4.4933376131e-8,1.54390971119e-8,1.2910493119e-8,4.81686068809e-9,7.18262532784e-11,1.46699736803e-8,1.1417370871e-7],"max":[0.109199643135,0.201603874564,0.122034721076,0.0565291456878,0.12737326324,0.0514116287231,0.0692202374339,0.0300166532397,0.0956445783377,0.0321867391467,0.0158432908356,0.0195712782443,0.0189367569983,0.0130605157465,0.0596574321389,0.0141409477219,0.0243100356311,0.0116640375927,0.0180459059775,0.0116779096425,0.0071076550521,0.00182306510396,0.00165773148183,0.00107603170909,0.0000941931066336,0.0017965346342,0.00446671480313],"mean":[0.00339633994736,0.017682287842,0.00779758533463,0.00439028162509,0.00400820188224,0.00186506391037,0.00230108830146,0.000792823615484,0.00188091187738,0.000924538180698,0.000424988829764,0.000586385664064,0.000561676512007,0.000546017836314,0.000499758636579,0.000325180531945,0.000286034890451,0.000159604271175,0.0000952722766669,0.000102685160527,0.0000859975552885,0.0000533253005415,0.0000277617637039,0.0000165407218446,0.00000354040093953,0.0000298953254969,0.000542633759324],"median":[0.00140914577059,0.012095740065,0.00531600229442,0.00293407822028,0.00224664667621,0.000749395403545,0.000479150097817,0.000204308511456,0.00040451833047,0.000354667019565,0.000182725067134,0.000227727621677,0.000230424164329,0.00018382028793,0.000182289484655,0.000130861590151,0.00011806240218,0.000086324653239,0.0000418254712713,0.0000409417116316,0.0000373855182261,0.0000189681340999,0.00000672740679875,0.00000410766460845,0.00000154528152052,0.00000627164990874,0.000330751005094],"min":[3.82163271104e-25,3.52848292676e-24,8.17304369843e-25,4.94741462977e-25,5.26119894457e-24,5.39237665234e-24,6.17266303396e-24,8.77596949664e-24,2.53803453366e-23,1.63976666727e-23,1.94597154733e-23,2.32404039368e-23,3.51691925141e-23,4.16341600678e-23,4.81426285674e-23,4.83551129854e-23,8.41855823527e-23,9.79137247895e-23,1.68783783135e-22,1.73453158118e-22,2.33353209431e-22,2.44903496235e-22,4.29650100668e-22,6.58016724679e-22,8.64826115179e-22,1.41197206208e-21,2.01672893741e-21],"var":[0.0000335221629939,0.000315089797368,0.0000649911962682,0.0000239291912294,0.0000411312394135,0.0000118864436445,0.0000313308664772,0.00000351424887413,0.0000266022761934,0.00000312721090268,6.50034223781e-7,0.00000115626528441,8.44497435537e-7,9.25443202959e-7,0.00000131792216962,2.95523307159e-7,4.20520336775e-7,9.68183115901e-8,9.66211715081e-8,1.25848231392e-7,4.92459477641e-8,1.1679202494e-8,5.95169913353e-9,2.40376363259e-9,3.08701016138e-11,7.65031060723e-9,3.75382825268e-7]},"barkbands_crest":{"dmean":2.77565979958,"dmean2":4.66408395767,"dvar":5.6831073761,"dvar2":16.7068481445,"max":26.6486988068,"mean":11.502705574,"median":10.9301319122,"min":3.02654194832,"var":18.1384944916},"barkbands_flatness_db":{"dmean":0.0289651770145,"dmean2":0.0463058277965,"dvar":0.000785844167694,"dvar2":0.00213718507439,"max":0.552978873253,"mean":0.174932479858,"median":0.159104049206,"min":0.0339146442711,"var":0.00496588647366},"barkbands_kurtosis":{"dmean":13.1342954636,"dmean2":21.8318901062,"dvar":794.192321777,"dvar2":2277.81201172,"max":702.465454102,"mean":29.4158973694,"median":11.058924675,"min":-1.94225025177,"var":2433.8347168},"barkbands_skewness":{"dmean":0.844323575497,"dmean2":1.36872041225,"dvar":1.02077829838,"dvar2":2.76974010468,"max":19.9880199432,"mean":3.59413337708,"median":2.88952517509,"min":-5.71724081039,"var":6.18282604218},"barkbands_spread":{"dmean":4.4916009903,"dmean2":7.10439729691,"dvar":34.0007858276,"dvar2":82.8087463379,"max":139.705474854,"mean":17.042798996,"median":14.0929603577,"min":0.183347761631,"var":207.036880493},"dissonance":{"dmean":0.0177195761353,"dmean2":0.0299414526671,"dvar":0.000314038275974,"dvar2":0.000876396836247,"max":0.500000119209,"mean":0.468346834183,"median":0.474602758884,"min":0.290535956621,"var":0.000595511344727},"dynamic_complexity":3.24455356598,"erbbands":{"dmean":[0.355872660875,2.0845117569,5.21717691422,6.59241294861,8.40936183929,5.52847623825,7.28545379639,8.63125610352,13.059223175,20.087934494,8.08420372009,18.9101905823,23.1659049988,12.9260616302,10.2939863205,12.8094806671,13.7535619736,10.4923763275,15.1317195892,10.0016288757,8.26041984558,7.11015081406,4.20806884766,2.66839003563,2.39775872231,2.3677136898,1.99297785759,1.35514187813,1.20982432365,1.02686476707,0.719593465328,0.449063569307,0.166631042957,0.0439766384661,0.0230986066163,0.0332760810852,0.0626070126891,0.0432829111814,0.0139708342031,0.00355549925007],"dmean2":[0.60383784771,3.52601456642,8.71115875244,10.2198562622,13.3677444458,8.9123506546,11.5988607407,13.5592241287,20.7444438934,32.4879455566,13.1389789581,30.6333694458,37.2777938843,20.8402042389,16.8380336761,20.9778213501,22.8971824646,17.190120697,24.7113132477,16.6147384644,13.4012422562,11.1796550751,6.67731761932,4.0939040184,3.65506672859,3.46382331848,2.93405818939,2.0289003849,1.77683806419,1.56766211987,1.11554098129,0.690658509731,0.253800749779,0.0715310648084,0.0383825488389,0.0507516115904,0.0937142074108,0.0619132816792,0.0200521945953,0.00543111003935],"dvar":[0.289732694626,8.30087947845,44.1652984619,65.940826416,204.075668335,78.4714126587,196.557937622,301.048492432,1101.06750488,3274.95825195,291.368621826,2316.81518555,3729.28613281,943.432922363,512.779052734,719.149658203,698.80255127,475.990631104,1022.43920898,865.114013672,417.380432129,543.132751465,113.253326416,88.0752334595,105.492614746,113.201805115,82.3217315674,13.4020633698,8.28147792816,9.25117778778,4.62358140945,2.06959867477,0.250136226416,0.00545254163444,0.00128005060833,0.00760176405311,0.0410036928952,0.0110956067219,0.000707832339685,0.0000237025451497],"dvar2":[0.795419275761,24.421257019,125.021965027,161.848770142,509.209197998,191.405960083,449.569732666,675.384216309,2960.77197266,8314.86230469,707.865600586,5836.39550781,9120.74707031,2242.13525391,1250.88195801,1837.19677734,1814.8503418,1207.32836914,2526.51513672,2009.59973145,1027.47021484,1114.05700684,216.819274902,135.374053955,213.570465088,192.441040039,162.045303345,26.0887928009,16.9924888611,21.4137802124,10.6834516525,4.67427539825,0.565516889095,0.0132419336587,0.00326192099601,0.0167472418398,0.092117279768,0.0231295265257,0.00138330180198,0.0000518226515851],"max":[9.45089435577,42.7168769836,128.111190796,139.801605225,546.22277832,217.608642578,403.334411621,524.154968262,818.63092041,1388.49536133,427.686767578,1483.77929688,1583.49365234,1230.23498535,715.135986328,999.403930664,815.167297363,580.080200195,1085.27075195,2292.67993164,748.972473145,1515.27380371,684.720581055,832.987426758,442.446044922,579.732299805,373.564758301,193.908920288,71.3947219849,75.2384567261,47.8390884399,35.1911125183,12.6378726959,2.01766824722,0.495208978653,1.97838973999,4.55570745468,2.31648015976,0.532025635242,0.122744508088],"mean":[0.610802233219,3.49177360535,8.76156330109,13.1393728256,16.6147785187,10.2292776108,12.3023061752,15.2511568069,23.6513824463,38.8969459534,15.9159183502,34.4741516113,43.1532936096,25.189453125,20.0986347198,24.7548027039,25.994228363,23.5650749207,30.9765281677,21.657459259,18.6939315796,15.425570488,9.71313095093,5.83936691284,4.83286714554,4.74771881104,4.03227519989,2.89030003548,2.08310723305,1.20457339287,0.770759820938,0.491795957088,0.190073907375,0.0489633455873,0.0244759079069,0.0392345935106,0.0703143030405,0.0667514130473,0.0412423759699,0.0166780408472],"median":[0.335408329964,2.29347968102,6.00557041168,9.02304458618,9.68056106567,5.41804885864,5.26478004456,6.09988498688,6.33936405182,6.55373477936,5.63593769073,8.80146026611,11.7141551971,10.0747022629,9.1434431076,10.6426458359,11.0528516769,9.89985275269,10.6654396057,9.19017028809,7.67514896393,6.74529886246,5.35553359985,2.93228530884,2.07862329483,1.87891101837,1.61207699776,1.28704690933,0.783517599106,0.323773294687,0.180355221033,0.107930213213,0.0553453415632,0.0211047828197,0.0109571684152,0.0128340674564,0.0135651193559,0.0199119262397,0.021435264498,0.0130287371576],"min":[4.26477264242e-23,6.8399819307e-22,2.57441527769e-21,5.97832347702e-21,1.13678987297e-20,1.312876996e-20,4.14442302307e-20,4.35323410584e-20,1.46331042095e-19,1.23505057715e-19,1.62081633708e-19,5.73478166527e-19,5.06771685293e-19,5.77888383361e-19,1.2239446176e-18,1.08371206797e-18,1.69121853205e-18,2.90344427512e-18,2.03296344583e-18,2.54809637615e-18,4.48184322982e-18,5.1735419978e-18,6.66458013327e-18,6.34835146663e-18,9.91084300261e-18,8.76992436424e-18,9.95554053419e-18,1.03230717696e-17,8.52531299504e-18,1.23139358582e-17,1.28708054271e-17,1.276877518e-17,9.50564444365e-18,7.14920622901e-18,6.63738739781e-18,4.48909181353e-18,2.59491086972e-18,1.06433329417e-18,2.77619649655e-19,2.7322282927e-20],"var":[0.546702384949,14.1709594727,77.5542221069,171.855987549,762.168273926,220.785461426,528.848754883,816.325073242,2649.55688477,11463.5839844,854.011352539,6764.44238281,10681.6611328,2846.31518555,1352.47851562,1832.78088379,1615.37194824,1478.75683594,2833.22680664,1906.98071289,1027.84033203,1157.9765625,336.256408691,223.484283447,204.485824585,278.242858887,177.840484619,33.2788887024,15.9509267807,9.99679470062,4.83121776581,2.28017807007,0.284112006426,0.00650056125596,0.00141901825555,0.00948410201818,0.046767771244,0.0180790163577,0.00284956395626,0.00022363755852]},"erbbands_crest":{"dmean":2.49906754494,"dmean2":4.10306072235,"dvar":5.39522886276,"dvar2":14.1471595764,"max":29.219291687,"mean":8.83362197876,"median":7.77206754684,"min":2.1318333149,"var":16.7291679382},"erbbands_flatness_db":{"dmean":0.0220127291977,"dmean2":0.0336900092661,"dvar":0.00045378957293,"dvar2":0.00112025253475,"max":0.33262950182,"mean":0.132194340229,"median":0.128943651915,"min":0.0374117083848,"var":0.00158097862732},"erbbands_kurtosis":{"dmean":1.33571171761,"dmean2":2.1892209053,"dvar":11.2429456711,"dvar2":32.9727935791,"max":100.781021118,"mean":1.17978167534,"median":0.195225223899,"min":-1.78380072117,"var":16.8179550171},"erbbands_skewness":{"dmean":0.371200174093,"dmean2":0.58295994997,"dvar":0.164670750499,"dvar2":0.42907550931,"max":8.24652957916,"mean":0.474036604166,"median":0.431959986687,"min":-4.22528266907,"var":1.04631912708},"erbbands_spread":{"dmean":7.53591489792,"dmean2":11.750166893,"dvar":63.1527633667,"dvar2":147.00479126,"max":133.646972656,"mean":36.7460899353,"median":34.3457641602,"min":2.51579856873,"var":291.790893555},"gfcc":{"cov":[[16299.7919922,999.491394043,-1785.09460449,-290.660827637,58.3816642761,-664.376037598,184.350143433,-536.724975586,287.868865967,-44.8081932068,-103.706787109,92.5724411011,-143.090255737],[999.491394043,911.764587402,-38.933013916,-156.272079468,158.778991699,-124.518249512,40.8576087952,-74.9454116821,42.1583023071,-30.8718223572,23.4678859711,-83.9711532593,70.7486953735],[-1785.09460449,-38.933013916,728.586364746,236.567871094,-64.1929092407,211.832046509,-34.7429161072,111.472091675,-78.91746521,19.424943924,20.0409240723,-3.9475312233,-4.02440738678],[-290.660827637,-156.272079468,236.567871094,327.594512939,55.5668792725,22.6381454468,56.9103660583,8.98516273499,-50.9015426636,2.80449914932,-1.3692535162,25.5377082825,-1.30302762985],[58.3816642761,158.778991699,-64.1929092407,55.5668792725,248.213699341,2.78454709053,51.5942230225,-63.4189987183,4.54604053497,-27.4961929321,0.892777621746,-13.3031682968,38.9744300842],[-664.376037598,-124.518249512,211.832046509,22.6381454468,2.78454709053,245.57875061,-42.8836708069,65.8447265625,-37.9983520508,1.43791472912,-4.64228057861,6.39719200134,-7.03005313873],[184.350143433,40.8576087952,-34.7429161072,56.9103660583,51.5942230225,-42.8836708069,181.777908325,-23.9993038177,23.2041034698,-11.7738418579,-5.0726518631,11.8665485382,0.748497188091],[-536.724975586,-74.9454116821,111.472091675,8.98516273499,-63.4189987183,65.8447265625,-23.9993038177,144.235870361,12.0181694031,28.1431293488,12.6025934219,-19.5998287201,2.33622550964],[287.868865967,42.1583023071,-78.91746521,-50.9015426636,4.54604053497,-37.9983520508,23.2041034698,12.0181694031,104.934669495,31.4304695129,9.31898593903,-0.121522583067,-20.2230110168],[-44.8081932068,-30.8718223572,19.424943924,2.80449914932,-27.4961929321,1.43791472912,-11.7738418579,28.1431293488,31.4304695129,73.2855987549,34.2910995483,4.19202756882,0.841672956944],[-103.706787109,23.4678859711,20.0409240723,-1.3692535162,0.892777621746,-4.64228057861,-5.0726518631,12.6025934219,9.31898593903,34.2910995483,66.5634689331,26.0317840576,6.43650150299],[92.5724411011,-83.9711532593,-3.9475312233,25.5377082825,-13.3031682968,6.39719200134,11.8665485382,-19.5998287201,-0.121522583067,4.19202756882,26.0317840576,77.0160675049,10.4241600037],[-143.090255737,70.7486953735,-4.02440738678,-1.30302762985,38.9744300842,-7.03005313873,0.748497188091,2.33622550964,-20.2230110168,0.841672956944,6.43650150299,10.4241600037,75.08203125]],"icov":[[0.000144418954733,-0.000429744977737,0.000598302518483,-0.000547947536688,0.000411595305195,-0.000298652332276,0.000106505249278,0.000164481461979,-0.000077760691056,-0.000262149405899,0.000433507200796,-0.000504400464706,0.000469795690151],[-0.000429744977737,0.00387135986239,-0.00310943182558,0.00340253836475,-0.002261871472,0.00220020790584,-0.00085199525347,0.00112151750363,-0.00135474605486,0.00278787733987,-0.00394332362339,0.00501006050035,-0.00397450197488],[0.000598302518483,-0.00310943182558,0.00654147844762,-0.00630683172494,0.00466026505455,-0.0050513879396,0.000927860150114,0.000471580133308,-0.00044250456267,-0.000332358729793,-0.000172708954778,-0.00059180293465,0.00137689185794],[-0.000547947536688,0.00340253836475,-0.00630683172494,0.0111754219979,-0.00744328740984,0.00616420991719,-0.00237539759837,-0.00305752689019,0.00530579918995,-0.00326993037015,0.00290982378647,-0.00290913367644,0.00178539147601],[0.000411595305195,-0.002261871472,0.00466026505455,-0.00744328740984,0.0122296251357,-0.00684168422595,-0.000286589784082,0.00663751922548,-0.00644231587648,0.00580805027857,-0.0061626220122,0.00677899364382,-0.00636940263212],[-0.000298652332276,0.00220020790584,-0.0050513879396,0.00616420991719,-0.00684168422595,0.0108525613323,0.000312330201268,-0.00534321367741,0.0050510764122,-0.00294812209904,0.0046856016852,-0.00493903784081,0.00360215338878],[0.000106505249278,-0.00085199525347,0.000927860150114,-0.00237539759837,-0.000286589784082,0.000312330201268,0.00715098157525,-0.00011474906205,-0.00214936793782,0.00111249776091,0.00116471073125,-0.00198172172531,0.00070849613985],[0.000164481461979,0.00112151750363,0.000471580133308,-0.00305752689019,0.00663751922548,-0.00534321367741,-0.00011474906205,0.0155953513458,-0.00803406629711,0.00392898917198,-0.00830098707229,0.0113387946039,-0.00827161222696],[-0.000077760691056,-0.00135474605486,-0.00044250456267,0.00530579918995,-0.00644231587648,0.0050510764122,-0.00214936793782,-0.00803406629711,0.0215667691082,-0.0136284269392,0.00931064411998,-0.0103921582922,0.0118915643543],[-0.000262149405899,0.00278787733987,-0.000332358729793,-0.00326993037015,0.00580805027857,-0.00294812209904,0.00111249776091,0.00392898917198,-0.0136284269392,0.0304261054844,-0.0201466772705,0.0130824670196,-0.0107264937833],[0.000433507200796,-0.00394332362339,-0.000172708954778,0.00290982378647,-0.0061626220122,0.0046856016852,0.00116471073125,-0.00830098707229,0.00931064411998,-0.0201466772705,0.0358978286386,-0.0220766384155,0.0111888051033],[-0.000504400464706,0.00501006050035,-0.00059180293465,-0.00290913367644,0.00677899364382,-0.00493903784081,-0.00198172172531,0.0113387946039,-0.0103921582922,0.0130824670196,-0.0220766384155,0.0336317904294,-0.0158013422042],[0.000469795690151,-0.00397450197488,0.00137689185794,0.00178539147601,-0.00636940263212,0.00360215338878,0.00070849613985,-0.00827161222696,0.0118915643543,-0.0107264937833,0.0111888051033,-0.0158013422042,0.0265157073736]],"mean":[-10.30219841,102.175537109,-70.1766738892,7.29036283493,-6.76340484619,-8.64809703827,0.0289815403521,-14.842792511,-1.33247518539,-9.09407329559,-9.88923454285,-5.28079128265,-7.20434188843]},"hfc":{"dmean":53.0797309875,"dmean2":82.2825241089,"dvar":4125.52001953,"dvar2":9905.12011719,"max":1147.04296875,"mean":191.67036438,"median":170.032821655,"min":1.06961183145e-16,"var":16225.9580078},"melbands":{"dmean":[0.00284280651249,0.00265133357607,0.00111054140143,0.000498950364999,0.000236843319726,0.000193520972971,0.000207571050851,0.000194065432879,0.0000713295594323,0.000137107228511,0.000118742485938,0.0000563066460018,0.0000353543109668,0.0000380409073841,0.0000354586263711,0.0000268233488896,0.000021196601665,0.0000279428331851,0.0000193147079699,0.0000113989162855,0.0000110149467218,0.00000906959212443,0.00000488944988319,0.00000367708435078,0.00000225639564633,0.00000186600141205,0.00000188131730283,0.00000165073288372,0.00000143014108289,0.00000107552773443,7.92054834164e-7,7.43132659409e-7,6.81973176597e-7,5.30405429799e-7,4.2251244281e-7,3.74468498876e-7,2.37812372461e-7,1.30516170316e-7,6.42891038183e-8,2.9544377611e-8],"dmean2":[0.00483108591288,0.00442714290693,0.0017372595612,0.000786326243542,0.000377793592634,0.000302766566165,0.000328172405716,0.000313611351885,0.000117375719128,0.000220652422286,0.000191063256352,0.0000909441296244,0.0000583152141189,0.0000619970815023,0.0000585680318181,0.0000446464655397,0.000034724103898,0.0000459672883153,0.0000319192586176,0.0000188826015801,0.0000179874677997,0.0000144067080328,0.00000781106882641,0.00000598243514105,0.00000351254630004,0.00000290667594527,0.00000287791453957,0.00000245545879807,0.00000215875479626,0.00000162731805631,0.00000122038272821,0.00000111434223982,0.00000102357455489,8.30027829579e-7,6.62150114294e-7,5.87916417771e-7,3.66268210428e-7,2.00441078846e-7,1.01439646016e-7,4.93746910024e-8],"dvar":[0.0000166368754435,0.0000108485346573,0.00000185289411547,6.72892952025e-7,1.76289262299e-7,1.39541540989e-7,2.72880384955e-7,2.89253136998e-7,2.23969021107e-8,1.48846297066e-7,9.70098099629e-8,1.81297146185e-8,5.88489124098e-9,6.8140284526e-9,5.35797894941e-9,3.30789062808e-9,1.89465376721e-9,3.36867134187e-9,5.43400302533e-9,7.21285087213e-10,8.15149059363e-10,9.10517883312e-10,1.96177490919e-10,9.93571891428e-11,7.06564112773e-11,7.48755016322e-11,5.82757245238e-11,6.32603552875e-11,4.98776020486e-11,1.83561100348e-11,3.06644380027e-12,2.97355087601e-12,4.10442773519e-12,2.52828335524e-12,1.63830559362e-12,1.43633401613e-12,6.22500857285e-13,1.74626833176e-13,2.36245789912e-14,2.18480946734e-15],"dvar2":[0.0000464757722511,0.000031074268918,0.00000463256264993,0.0000016205136717,4.16151181071e-7,3.1214159435e-7,7.11950576715e-7,7.37692573693e-7,5.68887692509e-8,3.66471965663e-7,2.36460650171e-7,4.29896118703e-8,1.45727865331e-8,1.76317378475e-8,1.36085889224e-8,8.34565216934e-9,4.83797579776e-9,8.70498517713e-9,1.14511431448e-8,1.93417326599e-9,1.98695970788e-9,1.94189175851e-9,3.92944621286e-10,2.29167129717e-10,1.08947302568e-10,1.44900383359e-10,1.22522519908e-10,1.11081741028e-10,1.02729463825e-10,3.72312354557e-11,6.63590580055e-12,6.25420028266e-12,9.40517108639e-12,5.95828551428e-12,3.84867832048e-12,3.34463988623e-12,1.41608079429e-12,4.03666683413e-13,5.50736722665e-14,5.60841436091e-15],"max":[0.0657972320914,0.0513607747853,0.0261544454843,0.0311568100005,0.0104426145554,0.011346985586,0.0126653388143,0.0125326402485,0.00325173372403,0.0129314111546,0.00829717516899,0.00535050407052,0.00256606959738,0.00234413007274,0.00212797266431,0.00253439182416,0.000983848352917,0.00113839877304,0.00667147245258,0.00130939646624,0.00121985236183,0.00168710015714,0.000989149441011,0.000688209140208,0.000789627199993,0.000586132169701,0.000324809108861,0.000450657244073,0.000298530037981,0.000295090954751,0.0000453277898487,0.0000480344569951,0.0000518410270161,0.0000365776759281,0.0000316697514791,0.0000228993685596,0.0000232195361605,0.0000104615355667,0.00000466944402433,6.45708098546e-7],"mean":[0.0052051730454,0.00479576084763,0.00244705588557,0.000994080677629,0.000410288688727,0.000349067762727,0.000392565038055,0.000373669172404,0.000123927849927,0.000250302487984,0.000217401364353,0.000102975696791,0.0000634638563497,0.0000674972179695,0.0000640399739495,0.0000502603979839,0.0000433413515566,0.0000527708143636,0.0000367852153431,0.0000225021558435,0.0000222251328523,0.0000175858913281,0.0000100359156932,0.00000749355604057,0.0000043970162551,0.00000343272927239,0.0000035332650441,0.00000304139348373,0.0000026279587928,0.00000205972446565,0.00000155698751314,0.00000127763200908,8.4823261659e-7,5.77605305807e-7,4.44339946171e-7,3.89506197962e-7,2.63372271547e-7,1.45888179759e-7,7.20893993389e-8,3.00152471766e-8],"median":[0.00343344197609,0.00339298974723,0.00179574335925,0.000559632200748,0.000191668717889,0.000140599324368,0.0000982324418146,0.0000646980770398,0.0000456740162917,0.000055593875004,0.0000568427785765,0.0000395468086936,0.0000274190406344,0.0000256908206211,0.0000255817521975,0.0000212905433727,0.0000165042220033,0.0000165483652381,0.0000138149662234,0.00000937128243095,0.00000839717540657,0.00000692341473041,0.00000504569698023,0.00000394378957935,0.00000205032688427,0.00000142639407841,0.0000014563734112,0.00000113651344691,9.55534915192e-7,8.94426193554e-7,6.76252000176e-7,4.87357397105e-7,2.28872409025e-7,1.44609686004e-7,1.03988213596e-7,7.9773784023e-8,5.89588289301e-8,4.00293487246e-8,2.57881875854e-8,1.26701502623e-8],"min":[7.86739756854e-25,8.77156627228e-25,1.67776258664e-24,1.00623221791e-24,1.45555388028e-24,1.15106007897e-24,1.92139103595e-24,1.36675032906e-24,7.85610699684e-25,3.08277612088e-24,2.38341069649e-24,1.8049766628e-24,2.89087130897e-24,2.74008863276e-24,4.04680319567e-24,4.8507794647e-24,4.02407177426e-24,2.30055860777e-24,2.80943562e-24,2.80728005758e-24,4.57077762513e-24,4.55515936249e-24,4.7388653458e-24,5.00063305998e-24,4.46723213714e-24,5.74720865409e-24,5.09020308817e-24,5.4689356032e-24,5.47108919347e-24,5.13778796683e-24,4.51636121102e-24,4.21951876884e-24,5.12297000359e-24,5.74789811853e-24,5.28768179402e-24,5.38769791831e-24,6.41527917751e-24,6.48172059282e-24,5.70609282928e-24,5.75477225245e-24],"var":[0.0000296742673527,0.0000212514369196,0.00000554941016162,0.00000253457005783,4.6209962079e-7,4.12305155351e-7,7.5696635804e-7,0.00000100178067441,5.2773099668e-8,4.54855836551e-7,2.77154668993e-7,5.26893586539e-8,1.46878971208e-8,1.65925087003e-8,1.23001004937e-8,7.58914797672e-9,5.31789057234e-9,8.4667375333e-9,1.11340332509e-8,1.43839917754e-9,1.74638881134e-9,1.75045744566e-9,4.66315985825e-10,2.03756414519e-10,1.63303745526e-10,1.39317168912e-10,1.10411374488e-10,1.43648690165e-10,9.6122457216e-11,3.49123716048e-11,7.89621666664e-12,5.90031712724e-12,4.73150338354e-12,2.55966818921e-12,1.65014844237e-12,1.46766821786e-12,6.88787514438e-13,1.8875466511e-13,2.66746175793e-14,2.32748920268e-15]},"melbands_crest":{"dmean":3.6280310154,"dmean2":6.0966258049,"dvar":9.68040657043,"dvar2":27.2855052948,"max":38.6117897034,"mean":17.3967704773,"median":16.8705425262,"min":1.66420567036,"var":33.4745368958},"melbands_flatness_db":{"dmean":0.0353665351868,"dmean2":0.0564854852855,"dvar":0.00110652728472,"dvar2":0.00296429055743,"max":0.728652596474,"mean":0.297486901283,"median":0.283601969481,"min":0.00453181797639,"var":0.00761697581038},"melbands_kurtosis":{"dmean":16.0063419342,"dmean2":26.4345035553,"dvar":932.172973633,"dvar2":2564.45068359,"max":934.686462402,"mean":37.9476127625,"median":17.1363105774,"min":-1.86000311375,"var":3250.30957031},"melbands_skewness":{"dmean":0.944777905941,"dmean2":1.53697562218,"dvar":1.00148499012,"dvar2":2.66341257095,"max":23.0205554962,"mean":3.99919486046,"median":3.49952316284,"min":-2.03097486496,"var":6.1240811348},"melbands_spread":{"dmean":3.45172524452,"dmean2":5.576130867,"dvar":39.6790351868,"dvar2":100.533714294,"max":292.121551514,"mean":12.3287563324,"median":8.65621185303,"min":0.0994627773762,"var":333.236236572},"mfcc":{"cov":[[9717.86230469,687.821777344,-1379.22692871,-43.0489311218,-463.572631836,27.5417499542,-468.751068115,-7.43873071671,-115.612739563,85.0017852783,-48.5794258118,82.9702758789,-154.310928345],[687.821777344,1081.70471191,-139.192184448,-34.1168899536,61.267665863,-10.6885871887,2.46720767021,-58.6801719666,64.2471084595,-17.0159721375,26.0423984528,-11.7766504288,-8.54396057129],[-1379.22692871,-139.192184448,777.135498047,48.403011322,102.389427185,23.0826873779,109.287117004,55.0349235535,-8.1736497879,29.8671550751,26.0141506195,-3.43856358528,30.3265895844],[-43.0489311218,-34.1168899536,48.403011322,355.644378662,-8.71691703796,42.4905014038,65.957649231,12.816245079,19.2756290436,-16.5432949066,-11.6809959412,5.87349891663,4.20645666122],[-463.572631836,61.267665863,102.389427185,-8.71691703796,218.678497314,51.3642196655,49.4283332825,3.91131925583,12.0875139236,-8.04780101776,-6.58284759521,-9.99652385712,24.4850902557],[27.5417499542,-10.6885871887,23.0826873779,42.4905014038,51.3642196655,162.105636597,50.9954185486,39.1053581238,2.03473877907,-12.4036951065,-23.4961261749,-0.974816441536,-3.58198070526],[-468.751068115,2.46720767021,109.287117004,65.957649231,49.4283332825,50.9954185486,143.768997192,29.7099456787,30.6034088135,-22.8085403442,-7.04435443878,-9.92371845245,11.3329191208],[-7.43873071671,-58.6801719666,55.0349235535,12.816245079,3.91131925583,39.1053581238,29.7099456787,94.041519165,7.73384141922,16.9135608673,-12.3964118958,2.6551630497,-2.23512840271],[-115.612739563,64.2471084595,-8.1736497879,19.2756290436,12.0875139236,2.03473877907,30.6034088135,7.73384141922,87.2008590698,13.4398527145,9.5274143219,-9.26512908936,-4.62933111191],[85.0017852783,-17.0159721375,29.8671550751,-16.5432949066,-8.04780101776,-12.4036951065,-22.8085403442,16.9135608673,13.4398527145,81.7837219238,31.0938777924,13.674536705,-5.70477199554],[-48.5794258118,26.0423984528,26.0141506195,-11.6809959412,-6.58284759521,-23.4961261749,-7.04435443878,-12.3964118958,9.5274143219,31.0938777924,68.9869308472,23.0291957855,9.0630235672],[82.9702758789,-11.7766504288,-3.43856358528,5.87349891663,-9.99652385712,-0.974816441536,-9.92371845245,2.6551630497,-9.26512908936,13.674536705,23.0291957855,57.7630195618,18.5273609161],[-154.310928345,-8.54396057129,30.3265895844,4.20645666122,24.4850902557,-3.58198070526,11.3329191208,-2.23512840271,-4.62933111191,-5.70477199554,9.0630235672,18.5273609161,52.7576942444]],"icov":[[0.000188698526472,-0.000140764459502,0.000248941913014,-0.0000784742733231,0.000231023019296,-0.000196346110897,0.000377943477361,-0.000203713672818,0.00026517410879,-0.000241997855483,0.000144349294715,-0.000195158543647,0.000222758200835],[-0.000140764459502,0.00117062905338,-0.00000293560879072,0.000145704965689,-0.000554408994503,0.000136034432217,-0.000273306999588,0.000649437133688,-0.000960209872574,0.000552707060706,-0.000626563152764,0.00017464190023,0.000142505261465],[0.000248941913014,-0.00000293560879072,0.00205612462014,-0.00023935410718,-0.000367084256141,0.000122817364172,-0.000810115307104,-0.000934105250053,0.00127894862089,-0.00115096324589,-0.000661155616399,0.000426777900429,-0.000170557046658],[-0.0000784742733231,0.000145704965689,-0.00023935410718,0.00327119906433,0.000533057609573,-0.000517698412295,-0.00149433978368,0.000544110604096,-0.000748950289562,0.00032930407906,0.000590662122704,-0.000798091525212,-0.000118959993415],[0.000231023019296,-0.000554408994503,-0.000367084256141,0.000533057609573,0.00642237346619,-0.00220872694626,-0.00055099040037,0.000838722859044,-0.000160062802024,-0.000881544605363,0.000973907473963,0.0011453271145,-0.00290116551332],[-0.000196346110897,0.000136034432217,0.000122817364172,-0.000517698412295,-0.00220872694626,0.00874065328389,-0.00250214920379,-0.00257047475316,0.000638481287751,0.000695233349688,0.00156738050282,-0.00145328138024,0.00183783925604],[0.000377943477361,-0.000273306999588,-0.000810115307104,-0.00149433978368,-0.00055099040037,-0.00250214920379,0.0127147408202,-0.00309526058845,-0.00353894894943,0.00412245979533,-0.00130686140619,0.00103555631358,-0.0011344832601],[-0.000203713672818,0.000649437133688,-0.000934105250053,0.000544110604096,0.000838722859044,-0.00257047475316,-0.00309526058845,0.0151022942737,-0.00120969326235,-0.0047452528961,0.00452842796221,-0.00166407157667,-0.000068952460424],[0.00026517410879,-0.000960209872574,0.00127894862089,-0.000748950289562,-0.000160062802024,0.000638481287751,-0.00353894894943,-0.00120969326235,0.0153342243284,-0.00397074501961,-0.0018367273733,0.00281257112511,0.00101521343458],[-0.000241997855483,0.000552707060706,-0.00115096324589,0.00032930407906,-0.000881544605363,0.000695233349688,0.00412245979533,-0.0047452528961,-0.00397074501961,0.0195503085852,-0.00822954624891,-0.00187455210835,0.00322439172305],[0.000144349294715,-0.000626563152764,-0.000661155616399,0.000590662122704,0.000973907473963,0.00156738050282,-0.00130686140619,0.00452842796221,-0.0018367273733,-0.00822954624891,0.0232577323914,-0.00780161423609,-0.0015259369975],[-0.000195158543647,0.00017464190023,0.000426777900429,-0.000798091525212,0.0011453271145,-0.00145328138024,0.00103555631358,-0.00166407157667,0.00281257112511,-0.00187455210835,-0.00780161423609,0.0250770282,-0.00906960479915],[0.000222758200835,0.000142505261465,-0.000170557046658,-0.000118959993415,-0.00290116551332,0.00183783925604,-0.0011344832601,-0.000068952460424,0.00101521343458,0.00322439172305,-0.0015259369975,-0.00906960479915,0.0253336559981]],"mean":[-676.596313477,163.791534424,-0.672386586666,35.7293739319,9.01937103271,22.1575241089,4.05606460571,9.25804710388,6.70704364777,4.33557081223,-0.391169399023,3.98494076729,-3.32897496223]},"pitch_salience":{"dmean":0.0757115781307,"dmean2":0.126142650843,"dvar":0.00404495187104,"dvar2":0.0116189038381,"max":0.847378373146,"mean":0.515517652035,"median":0.529940009117,"min":0.029753677547,"var":0.0131632573903},"silence_rate_20dB":{"dmean":0,"dmean2":0,"dvar":0,"dvar2":0,"max":1,"mean":1,"median":1,"min":1,"var":0},"silence_rate_30dB":{"dmean":0.0547420084476,"dmean2":0.109492406249,"dvar":0.0517453216016,"dvar2":0.119893021882,"max":1,"mean":0.930236101151,"median":1,"min":0,"var":0.0648968741298},"silence_rate_60dB":{"dmean":0.000766694778576,"dmean2":0.00153350713663,"dvar":0.000766106939409,"dvar2":0.0019912077114,"max":1,"mean":0.0263722781092,"median":0,"min":0,"var":0.0256767813116},"spectral_centroid":{"dmean":149.308181763,"dmean2":227.168380737,"dvar":45710.0546875,"dvar2":88685.0859375,"max":11684.1132812,"mean":811.959960938,"median":678.29284668,"min":90.6541519165,"var":655755.3125},"spectral_complexity":{"dmean":2.67530465126,"dmean2":4.28799247742,"dvar":7.14298200607,"dvar2":15.5979375839,"max":49,"mean":17.3468265533,"median":18,"min":0,"var":106.308418274},"spectral_contrast_coeffs":{"dmean":[0.0527900010347,0.0479843318462,0.0370910018682,0.0267999302596,0.0205788835883,0.0344525650144],"dmean2":[0.08832898736,0.0801577940583,0.0622228458524,0.0447501316667,0.0339659973979,0.0543827973306],"dvar":[0.00171189988032,0.00141736341175,0.000846200273372,0.000452093605418,0.000328897731379,0.000927183427848],"dvar2":[0.00480317510664,0.00386379263364,0.00235232943669,0.00121836189646,0.000860232161358,0.00233205012046],"max":[-0.333440363407,-0.475405246019,-0.50262850523,-0.505204916,-0.633017599583,-0.507570207119],"mean":[-0.662128984928,-0.772357165813,-0.802998960018,-0.823641359806,-0.826741814613,-0.755430757999],"median":[-0.662768900394,-0.78057038784,-0.809772372246,-0.823182046413,-0.822988808155,-0.750099480152],"min":[-0.975299060345,-0.977170467377,-0.973866224289,-0.984569907188,-0.970772981644,-0.964435994625],"var":[0.00560425780714,0.00516634248197,0.00390975922346,0.0021896280814,0.00225460738875,0.00463964696974]},"spectral_contrast_valleys":{"dmean":[0.369067847729,0.371856987476,0.313772201538,0.27483728528,0.28744110465,0.57704013586],"dmean2":[0.618749558926,0.619149208069,0.517020046711,0.445410966873,0.445172429085,0.90504783392],"dvar":[0.104429900646,0.111696571112,0.0902783870697,0.0872739031911,0.127078831196,0.24195432663],"dvar2":[0.267065197229,0.276026785374,0.212323442101,0.197663128376,0.290557473898,0.611366510391],"max":[-4.98338985443,-4.61395406723,-5.28351306915,-5.59322166443,-5.16797304153,-8.86969661713],"mean":[-6.57875585556,-6.71031284332,-7.17651414871,-7.58193254471,-7.89925336838,-10.9885015488],"median":[-6.33509969711,-6.46022224426,-6.88645982742,-7.24028110504,-7.60479545593,-10.8328237534],"min":[-28.131357193,-27.8112678528,-27.7744865417,-27.4511260986,-27.5789165497,-27.3602199554],"var":[2.6103951931,2.69274306297,2.57067418098,2.71984434128,2.43769621849,1.73394811153]},"spectral_decrease":{"dmean":3.991936115e-9,"dmean2":6.59012311388e-9,"dvar":2.09680011699e-17,"dvar2":5.82150524525e-17,"max":3.92520327352e-9,"mean":-1.04885868879e-8,"median":-9.46765776888e-9,"min":-6.46151860906e-8,"var":5.05824220211e-17},"spectral_energy":{"dmean":0.0159665476531,"dmean2":0.0260878708214,"dvar":0.000338420999469,"dvar2":0.000915784854442,"max":0.272134184837,"mean":0.0569714307785,"median":0.0530489385128,"min":9.99481607134e-21,"var":0.00103190203663},"spectral_energyband_high":{"dmean":0.000242011592491,"dmean2":0.000339661899488,"dvar":2.68123130809e-7,"dvar2":5.09459766818e-7,"max":0.014303361997,"mean":0.000642058614176,"median":0.000334362499416,"min":7.00788707425e-21,"var":7.95478456439e-7},"spectral_energyband_low":{"dmean":0.0136116826907,"dmean2":0.0227402579039,"dvar":0.000277516082861,"dvar2":0.000782253278885,"max":0.230012997985,"mean":0.0304224099964,"median":0.0245033241808,"min":1.28530251136e-23,"var":0.00057206681231},"spectral_energyband_middle_high":{"dmean":0.00115380657371,"dmean2":0.00179050932638,"dvar":0.00000343964052263,"dvar2":0.00000785994689068,"max":0.0640023499727,"mean":0.00430073216558,"median":0.00248835934326,"min":1.28035926596e-21,"var":0.0000247967564064},"spectral_energyband_middle_low":{"dmean":0.00504680303857,"dmean2":0.00787496007979,"dvar":0.0000415403701481,"dvar2":0.000103167338239,"max":0.151667118073,"mean":0.0155218672007,"median":0.0111186094582,"min":1.47588251815e-22,"var":0.000223062917939},"spectral_entropy":{"dmean":0.21632398665,"dmean2":0.335827440023,"dvar":0.0627953857183,"dvar2":0.162132814527,"max":9.82141876221,"mean":7.34777498245,"median":7.40444087982,"min":4.36710643768,"var":0.242075458169},"spectral_flux":{"dmean":0.0254428870976,"dmean2":0.0408725291491,"dvar":0.000646181986667,"dvar2":0.00153940892778,"max":0.413189172745,"mean":0.111080415547,"median":0.108455315232,"min":6.38755506821e-11,"var":0.00216593174264},"spectral_kurtosis":{"dmean":4.27136707306,"dmean2":6.65699481964,"dvar":39.3767814636,"dvar2":104.201812744,"max":140.648330688,"mean":16.0196857452,"median":14.599732399,"min":-1.2568179369,"var":72.7146072388},"spectral_rms":{"dmean":0.00101469526999,"dmean2":0.0016480719205,"dvar":9.75423859018e-7,"dvar2":0.00000264854611487,"max":0.0162940714508,"mean":0.00709616905078,"median":0.00719409901649,"min":3.12266553761e-12,"var":0.00000522626532984},"spectral_rolloff":{"dmean":5203.91943359,"dmean2":10046.65625,"dvar":68986936,"dvar2":167213200,"max":22050,"mean":10359.0341797,"median":2734.71679688,"min":64.599609375,"var":102211520},"spectral_skewness":{"dmean":0.342449009418,"dmean2":0.528591573238,"dvar":0.198263689876,"dvar2":0.513850033283,"max":9.90543651581,"mean":2.76708841324,"median":2.71532726288,"min":-0.0694161877036,"var":0.564659416676},"spectral_spread":{"dmean":599666.4375,"dmean2":905041.875,"dvar":470014951424,"dvar2":1012139229180,"max":42687316,"mean":4406592.5,"median":4105398,"min":1215844.25,"var":5906516410370},"spectral_strongpeak":{"dmean":3.64912128448,"dmean2":6.91145610809,"dvar":240.854553223,"dvar2":675.136047363,"max":253.835830688,"mean":2.85705661774,"median":0.343239426613,"min":0,"var":181.501464844},"zerocrossingrate":{"dmean":0.0382352694869,"dmean2":0.0500268153846,"dvar":0.00114255503286,"dvar2":0.00201434805058,"max":0.640625,"mean":0.246714964509,"median":0.2373046875,"min":0.015625,"var":0.00751020293683}},"metadata":{"audio_properties":{"analysis_sample_rate":44100,"bit_rate":244839,"codec":"mp3","downmix":"mix","equal_loudness":0,"length":302.838623047,"lossless":false,"md5_encoded":"3b5cd619b9421b7f704f16c46d483765","replay_gain":0.376865386963,"sample_rate":44100},"tags":{"acoustid_id":["c1c82f3c-d4ab-4aae-8e80-064386df89fb"],"album":["Blur: The Best Of"],"albumartist":["Blur"],"artist":["Blur"],"date":["2000"],"discnumber":["1/1"],"file_name":"16 - Blur - This Is a Low.mp3","musicbrainz_albumartistid":["ba853904-ae25-4ebb-89d6-c44cfbd71bd2"],"musicbrainz_albumid":["95cb7189-d71b-3b4e-9490-8ef0ec83f41d"],"musicbrainz_artistid":["ba853904-ae25-4ebb-89d6-c44cfbd71bd2"],"musicbrainz_recordingid":["68accb1b-7681-4548-abae-2b66acb7cac1"],"musicbrainz_releasegroupid":["dfcd3696-5f2d-317f-aa61-baf5094ad6e4"],"replaygain_album_gain":["-0.20 dB"],"replaygain_album_peak":["0.470366"],"replaygain_track_gain":["+0.13 dB"],"replaygain_track_peak":["0.446266"],"title":["This Is a Low"],"tracknumber":["16/18"]},"version":{"essentia":"2.1-beta1","essentia_build_sha":"e76a03f03bb3900de42a1fa0d9be1e72f12def64","essentia_git_sha":"v2.1_beta1-28-g21ef5f4-dirty","extractor":"music 1.0"}},"rhythm":{"beats_count":824,"beats_loudness":{"dmean":0.0261481683701,"dmean2":0.0461290851235,"dvar":0.000528954085894,"dvar2":0.00146236049477,"max":0.21961890161,"mean":0.0662038326263,"median":0.0629570633173,"min":5.3900279795e-9,"var":0.00106250552926},"beats_loudness_band_ratio":{"dmean":[0.153611168265,0.0662038251758,0.0466987043619,0.0297102276236,0.0180268995464,0.0791361555457],"dmean2":[0.261774241924,0.11515557766,0.0796963125467,0.0510060563684,0.0315180830657,0.13968758285],"dvar":[0.0142708579078,0.00573335913941,0.00568917905912,0.00156384438742,0.000684149214067,0.00561445718631],"dvar2":[0.0401931628585,0.0153508409858,0.0143082039431,0.0043144649826,0.00195160054136,0.0153563246131],"max":[0.989179253578,0.59299325943,0.629916608334,0.376849532127,0.242009565234,0.968020617962],"mean":[0.59574919939,0.090036