{"lowlevel":{"average_loudness":0.96002560854,"barkbands":{"dmean":[0.00297221005894,0.0047616334632,0.00184968695976,0.00129905762151,0.00388059089892,0.00212863087654,0.000703396392055,0.000861077103764,0.000779761001468,0.000803589471616,0.000637994438875,0.000979347270913,0.00106127909385,0.000660694669932,0.00064854772063,0.000448250182671,0.000270083663054,0.000212879356695,0.000171414474607,0.000139453768497,0.000109762906504,0.0000475696906506,0.0000158382590598,0.00000374938667846,0.00000290116781798,0.0000133808107421,0.00118289829697],"dmean2":[0.00415255688131,0.00772427860647,0.00316197331995,0.00219017034397,0.00628591002896,0.00336605752818,0.00110939773731,0.00132640136871,0.00120554212481,0.00128084165044,0.00103807146661,0.00161956995726,0.00174378731754,0.00107173307333,0.00104794069193,0.000736705667805,0.000442347954959,0.000347470981069,0.000274587859167,0.000220855436055,0.0001701022411,0.0000719839299563,0.0000233804785239,0.00000607941547059,0.00000481224742543,0.0000197293320525,0.00175821478479],"dvar":[0.0000266275292233,0.0000476014720334,0.0000063619336288,0.00000359842806574,0.0000306127403746,0.0000180041424755,0.00000209630547943,0.00000218934587792,0.00000262041248789,0.00000260775391325,0.00000296210555462,0.00000173519777036,0.0000027967821552,7.05621175712e-7,6.95167159392e-7,3.13866223678e-7,8.26275154964e-8,5.57960682102e-8,4.48536425779e-8,3.31615801485e-8,2.20799538653e-8,4.10867428968e-9,5.16295728392e-10,2.53556203811e-11,1.62998173986e-11,3.47954998148e-10,0.00000157463364303],"dvar2":[0.0000498212648381,0.000114035014121,0.0000168023670994,0.0000088621472969,0.0000719767340343,0.0000437735507148,0.00000464603908767,0.00000457577561974,0.00000508984248881,0.00000596371137362,0.00000686128259986,0.0000044336902647,0.00000696187044014,0.00000172955878952,0.00000164331697761,8.05448792107e-7,2.16327578073e-7,1.5053511504e-7,1.13025357962e-7,8.17375038764e-8,5.26075147889e-8,9.17756004526e-9,1.05037722964e-9,6.35909588875e-11,4.15539026799e-11,7.09988789982e-10,0.0000034246766063],"max":[0.0722391828895,0.0807675644755,0.0334446206689,0.0305208973587,0.15429289639,0.105911545455,0.0348346270621,0.0377622656524,0.0364947281778,0.0701214075089,0.0636885464191,0.0292007457465,0.0460606999695,0.0208610370755,0.0168030429631,0.00948898866773,0.0043548992835,0.00681562907994,0.00423585576937,0.0028393259272,0.00276390300132,0.00128322385717,0.00046278219088,0.0000838324995129,0.0000570636875636,0.000381720339647,0.0228596068919],"mean":[0.00352187873796,0.00648002605885,0.00205726991408,0.00151036388706,0.00583003321663,0.00346915773116,0.00109020364471,0.00132639997173,0.00120059109759,0.0012526869541,0.000965001585428,0.00158453488257,0.0018629336264,0.00119509978686,0.001223804662,0.000895891920663,0.000614152813796,0.000513268576469,0.000407375919167,0.000335635791998,0.000281140906736,0.000120910459373,0.000037406814954,0.00000567015649722,0.00000318530601362,0.0000305920912069,0.00441999966279],"median":[0.000567510141991,0.00269340164959,0.00112658238504,0.000828974065371,0.00357296224684,0.00165100349113,0.000534985272679,0.000574195350055,0.000534899299964,0.00068266747985,0.000458180176793,0.00110323226545,0.00129711767659,0.000897147052456,0.000897854217328,0.000696727656759,0.000516013882589,0.000437189970398,0.000328322727,0.000254336977378,0.000205735545023,0.0000888497961569,0.0000261918994511,0.0000038010039134,0.00000166836025528,0.0000219151388592,0.00409335875884],"min":[1.61116507548e-25,9.2335545756e-24,4.02698345986e-23,3.48530896385e-23,1.02998091096e-22,4.69009110155e-23,2.85833872468e-23,1.03913731415e-22,3.60246238134e-23,6.19892137359e-23,7.00292525275e-23,1.22888310053e-22,1.35416405727e-22,5.45113740234e-23,1.2425019952e-22,1.34413466904e-22,1.04927531274e-22,8.68477922703e-23,3.37957553858e-22,4.93910684764e-22,4.26088993215e-22,3.99512105235e-22,5.84488022067e-22,7.19282262664e-22,1.31683175135e-21,1.70298979199e-21,2.51179512038e-21],"var":[0.0000446143458248,0.0000828224874567,0.0000070706241786,0.00000455252074971,0.0000547732888663,0.0000345318294421,0.00000427351187682,0.00000474325088362,0.00000541419467481,0.00000496708571518,0.00000516641784998,0.00000292613253805,0.00000533661204827,0.00000132104366912,0.00000141906252793,6.6170412083e-7,2.12625025142e-7,1.48237631947e-7,1.3486472028e-7,1.09489789679e-7,8.34792786009e-8,1.56913415594e-8,1.70687075585e-9,3.92136115246e-11,1.81534405563e-11,1.10396369823e-9,0.00000802390877652]},"barkbands_crest":{"dmean":2.44295477867,"dmean2":4.04850530624,"dvar":4.80044841766,"dvar2":12.2056884766,"max":25.4423503876,"mean":7.94085121155,"median":7.13907194138,"min":2.61790966988,"var":10.2595968246},"barkbands_flatness_db":{"dmean":0.017344629392,"dmean2":0.0268749985844,"dvar":0.000222326794756,"dvar2":0.000515929714311,"max":0.287218034267,"mean":0.104695305228,"median":0.0990365743637,"min":0.0420547910035,"var":0.000999326701276},"barkbands_kurtosis":{"dmean":1.52121412754,"dmean2":2.3733894825,"dvar":7.88404607773,"dvar2":17.8134689331,"max":124.094429016,"mean":1.94329690933,"median":0.445480108261,"min":-1.84818136692,"var":66.7813949585},"barkbands_skewness":{"dmean":0.410132676363,"dmean2":0.623214840889,"dvar":0.143956318498,"dvar2":0.322694897652,"max":9.05449295044,"mean":1.16115939617,"median":1.15569365025,"min":-9.61351108551,"var":1.17804658413},"barkbands_spread":{"dmean":9.76953315735,"dmean2":15.2405052185,"dvar":65.9676513672,"dvar2":156.402572632,"max":129.229980469,"mean":54.7523612976,"median":56.305973053,"min":1.55433952808,"var":356.698425293},"dissonance":{"dmean":0.0129798147827,"dmean2":0.022035561502,"dvar":0.000177052323124,"dvar2":0.000477349123685,"max":0.5,"mean":0.47717115283,"median":0.482026726007,"min":0.332902133465,"var":0.000330521696014},"dynamic_complexity":1.96757888794,"erbbands":{"dmean":[0.187787666917,1.03814280033,2.1212439537,3.03367829323,8.77435016632,15.161362648,13.1102790833,20.0339622498,13.5427865982,8.84496307373,20.7884063721,17.5826625824,17.6185684204,30.462677002,20.7398033142,45.5520515442,48.1052856445,32.5819778442,32.1211051941,29.0235385895,18.4375362396,14.3456935883,11.1015462875,9.62841510773,8.3945980072,6.55990982056,5.81903934479,3.2793803215,1.86959660053,0.953575313091,0.379760324955,0.126831173897,0.0443154424429,0.031021438539,0.0215398743749,0.0145071698353,0.024952756241,0.0584087483585,0.0634419620037,0.0264343135059],"dmean2":[0.292627871037,1.73822510242,3.61352491379,5.08377218246,14.5697813034,24.7291851044,21.1121788025,31.7204742432,21.2683372498,14.0552597046,31.915851593,27.3797149658,27.3297939301,48.8054618835,33.6738815308,75.2409896851,78.9189605713,52.4963493347,51.8726158142,46.9056091309,30.0542125702,23.3672008514,18.0522136688,15.5787906647,13.4281578064,10.4293498993,9.09187793732,5.04247903824,2.83911967278,1.42816567421,0.554817080498,0.194152384996,0.0733872652054,0.0514996834099,0.0356954075396,0.0239215865731,0.0361920259893,0.082401715219,0.0919951945543,0.0392096377909],"dvar":[0.0929890349507,2.33719992638,8.06372451782,18.690032959,120.475692749,629.248413086,983.576477051,1653.50646973,1021.26525879,312.994567871,1247.66625977,1305.78649902,1647.03027344,3925.96264648,2080.5222168,4070.4777832,6173.39501953,1734.59667969,1701.74804688,1391.38989258,438.456481934,226.554046631,145.57723999,128.35206604,114.088150024,76.5530471802,63.8153343201,20.2687244415,6.35117387772,1.78508365154,0.312379270792,0.0321956127882,0.00403220346197,0.00192699604668,0.00087787990924,0.000374175113393,0.00119523971807,0.00641344301403,0.0061676078476,0.000694310700055],"dvar2":[0.20568497479,5.85615587234,20.9412994385,47.0085296631,304.390686035,1464.05578613,2392.63916016,3985.37133789,2277.45458984,717.810180664,2582.36499023,2682.49291992,3476.36303711,9197.21679688,4691.61425781,10333.7246094,15287.0302734,4253.12158203,4102.29882812,3349.94311523,1115.61633301,591.976867676,392.422271729,332.896911621,285.381744385,190.444015503,156.041992188,47.7914009094,14.5029916763,3.83088946342,0.616252303123,0.0728289186954,0.0103358682245,0.00491804489866,0.00223588850349,0.000950205081608,0.00235845218413,0.0124937854707,0.0128533905372,0.0014944577124],"max":[3.72057199478,18.8041133881,35.817905426,73.4713821411,220.197647095,837.803833008,982.358764648,889.175720215,795.329833984,611.812561035,594.926330566,1045.47229004,1410.31384277,2032.90576172,1974.05444336,1288.65063477,2282.98754883,783.359985352,825.93560791,860.849975586,413.12008667,241.449890137,329.222991943,235.827758789,182.628204346,141.624160767,166.160491943,69.4837036133,48.9087028503,24.4295825958,12.8051586151,4.08114385605,0.945591390133,0.643632411957,0.402976185083,0.238907471299,0.760794699192,1.54101336002,1.22399377823,0.639356434345],"mean":[0.240925773978,1.26944565773,2.52410650253,3.96905684471,11.9565229416,21.0198898315,20.090883255,32.4011268616,22.3152656555,14.4885139465,33.03881073,28.5971450806,29.5149593353,49.6549911499,38.8965110779,75.0540390015,87.5642776489,66.3036880493,65.06590271,60.3201751709,41.7072486877,35.1647644043,29.0005702972,23.7483634949,19.7653980255,15.9445867538,14.3634119034,8.31264591217,4.73532390594,2.32975912094,0.900463998318,0.252668708563,0.052916251123,0.0341468714178,0.024014512077,0.0182631965727,0.0608660019934,0.175780206919,0.223416611552,0.119715794921],"median":[0.0681079179049,0.580702781677,1.4535125494,2.45207977295,7.40467119217,10.574678421,10.2276477814,14.1244955063,9.99734783173,8.69280433655,14.9835720062,14.4231023788,14.8847055435,27.54529953,24.5560913086,51.3728942871,61.8179473877,51.6213111877,51.8577537537,46.4654159546,35.2897377014,30.5003623962,25.2558917999,19.5999736786,15.6807231903,12.2621545792,10.237370491,6.20261907578,3.4622695446,1.68555164337,0.63047760725,0.17703768611,0.0303890723735,0.0178421158344,0.0128134898841,0.0110910413787,0.0444240868092,0.136000081897,0.186369031668,0.116066239774],"min":[2.10613290407e-22,3.02171824264e-21,3.17207479796e-20,1.03010876095e-19,1.64629414618e-19,3.28921132751e-19,4.88553859482e-19,3.60143116671e-19,4.31857375183e-19,9.7702469071e-19,2.15826538541e-18,9.50893641569e-19,1.50851739239e-18,2.33235753944e-18,4.21585916796e-18,4.40095282413e-18,6.30288010759e-18,3.90302400978e-18,3.96427177106e-18,6.46127857745e-18,8.0338006207e-18,6.05178364238e-18,5.03609725363e-18,1.45750034569e-17,1.90214499739e-17,2.35223861867e-17,2.17657556593e-17,1.28498008298e-17,1.3817943772e-17,1.81446501052e-17,1.54259307705e-17,1.25758129683e-17,1.37162485332e-17,1.45841735812e-17,9.84411930568e-18,5.69823382728e-18,3.31950971258e-18,1.19325414893e-18,3.4006677112e-19,3.8731827454e-20],"var":[0.153313010931,3.48920416832,9.47234249115,24.3333778381,185.051956177,1092.69958496,1569.78137207,3302.45214844,2314.97509766,498.972869873,2870.2409668,2603.44360352,3166.83935547,6869.23291016,4143.26074219,6722.31738281,11527.1992188,3563.00024414,3335.34814453,2925.81420898,997.808166504,624.148132324,435.276855469,389.142303467,336.609191895,246.204223633,227.180053711,72.2604446411,23.9527320862,6.23030138016,1.02469599247,0.0792335495353,0.00445395288989,0.00211611529812,0.00098939682357,0.000444961508038,0.00411484576762,0.0308145899326,0.0375262014568,0.00400438485667]},"erbbands_crest":{"dmean":2.22794795036,"dmean2":3.68166923523,"dvar":4.46829748154,"dvar2":11.3441114426,"max":28.6542644501,"mean":7.3469285965,"median":6.55140018463,"min":2.59954881668,"var":9.79287052155},"erbbands_flatness_db":{"dmean":0.0178774408996,"dmean2":0.0265886858106,"dvar":0.000246554613113,"dvar2":0.000510349462274,"max":0.291468322277,"mean":0.143939688802,"median":0.137587919831,"min":0.0483580119908,"var":0.00116250629071},"erbbands_kurtosis":{"dmean":0.679744243622,"dmean2":1.09226191044,"dvar":0.689610481262,"dvar2":1.64538943768,"max":29.2965927124,"mean":0.27988743782,"median":-0.051198720932,"min":-1.60100841522,"var":3.84575033188},"erbbands_skewness":{"dmean":0.266986906528,"dmean2":0.422121345997,"dvar":0.0541268587112,"dvar2":0.12988191843,"max":2.68504786491,"mean":-0.24695558846,"median":-0.262197911739,"min":-4.80191802979,"var":0.283280640841},"erbbands_spread":{"dmean":6.04202318192,"dmean2":9.3749332428,"dvar":27.6974201202,"dvar2":63.8940086365,"max":88.6561889648,"mean":29.4737243652,"median":28.4464664459,"min":3.95027089119,"var":104.870643616},"gfcc":{"cov":[[10471.5039062,1229.23620605,-631.567626953,81.1612625122,377.882995605,-570.850952148,666.309143066,-672.052856445,349.926940918,-220.734313965,33.0046272278,71.7126464844,-124.888000488],[1229.23620605,934.095214844,-69.9236373901,-282.123657227,168.360992432,-66.9232406616,-30.456577301,-78.2303085327,40.939666748,-100.160598755,58.7286911011,-76.974357605,52.4573783875],[-631.567626953,-69.9236373901,244.892105103,110.038734436,-36.564868927,117.645996094,-75.4527664185,95.408164978,-56.3385887146,36.6628608704,-1.81646192074,1.03113555908,13.776925087],[81.1612625122,-282.123657227,110.038734436,341.997344971,25.0379562378,-8.11534500122,155.054626465,-52.7848052979,33.672492981,31.4586162567,-29.2545623779,71.3027420044,-59.7148361206],[377.882995605,168.360992432,-36.564868927,25.0379562378,163.902755737,10.4468355179,59.4372901917,-29.4782352448,53.0871086121,-11.601937294,15.7099161148,-6.2168598175,6.94885110855],[-570.850952148,-66.9232406616,117.645996094,-8.11534500122,10.4468355179,182.132369995,-60.6791381836,129.836425781,-43.7362594604,35.6998519897,13.3427066803,-17.014421463,37.9892120361],[666.309143066,-30.456577301,-75.4527664185,155.054626465,59.4372901917,-60.6791381836,253.282394409,-80.3163070679,87.1280059814,-10.9512996674,-21.5366096497,51.8600387573,-55.803653717],[-672.052856445,-78.2303085327,95.408164978,-52.7848052979,-29.4782352448,129.836425781,-80.3163070679,190.207641602,-14.1030673981,48.9596252441,5.04459571838,-37.4387130737,44.7108383179],[349.926940918,40.939666748,-56.3385887146,33.672492981,53.0871086121,-43.7362594604,87.1280059814,-14.1030673981,117.953353882,27.3896064758,1.37700331211,3.80061197281,-24.8136386871],[-220.734313965,-100.160598755,36.6628608704,31.4586162567,-11.601937294,35.6998519897,-10.9512996674,48.9596252441,27.3896064758,81.377166748,29.7966518402,8.84300231934,1.92890834808],[33.0046272278,58.7286911011,-1.81646192074,-29.2545623779,15.7099161148,13.3427066803,-21.5366096497,5.04459571838,1.37700331211,29.7966518402,64.8031463623,27.2542972565,19.4176692963],[71.7126464844,-76.974357605,1.03113555908,71.3027420044,-6.2168598175,-17.014421463,51.8600387573,-37.4387130737,3.80061197281,8.84300231934,27.2542972565,82.3876800537,7.78404188156],[-124.888000488,52.4573783875,13.776925087,-59.7148361206,6.94885110855,37.9892120361,-55.803653717,44.7108383179,-24.8136386871,1.92890834808,19.4176692963,7.78404188156,74.2114257812]],"icov":[[0.000184340693522,-0.000479758542497,0.000806992698926,-0.000750420731492,0.000419003423303,-0.000236504711211,0.0000257459123532,0.000127446532133,-0.0000739593233448,-0.0000537019768672,-0.00000176282321718,0.0000753617568989,-0.000110667671834],[-0.000479758542497,0.0109791066498,-0.0186337195337,0.0165307372808,-0.00804717931896,0.00720592821017,-0.00950890872627,0.00774712627754,-0.00553865451366,0.00957581866533,-0.0131242889911,0.0111625781283,-0.00639791926369],[0.000806992698926,-0.0186337195337,0.0453938245773,-0.0374609492719,0.0165838524699,-0.0176044926047,0.0221498310566,-0.016266208142,0.00945145636797,-0.0121846618131,0.0181518103927,-0.0160825997591,0.0102882701904],[-0.000750420731492,0.0165307372808,-0.0374609492719,0.0394807346165,-0.0180599465966,0.0141969928518,-0.0201389398426,0.0136469611898,-0.00447143195197,0.00375263066962,-0.00692408997566,0.00526994699612,-0.00350065226667],[0.000419003423303,-0.00804717931896,0.0165838524699,-0.0180599465966,0.021090766415,-0.0130390441045,0.00620213663206,0.000156374837388,-0.00577293941751,0.00279811886139,-0.00265209260397,0.00379371619783,-0.00365496473387],[-0.000236504711211,0.00720592821017,-0.0176044926047,0.0141969928518,-0.0130390441045,0.0234134271741,-0.00937221199274,-0.00510196015239,0.00599527917802,0.000181512907147,-0.00616890890524,0.00427296292037,-0.00237209256738],[0.0000257459123532,-0.00950890872627,0.0221498310566,-0.0201389398426,0.00620213663206,-0.00937221199274,0.0220252852887,-0.00898109842092,-0.000559445354156,-0.00391384074464,0.0141137214378,-0.0163897313178,0.0105786547065],[0.000127446532133,0.00774712627754,-0.016266208142,0.0136469611898,0.000156374837388,-0.00510196015239,-0.00898109842092,0.0256269779056,-0.01110368222,0.00326911592856,-0.00931068044156,0.0163344368339,-0.0139316385612],[-0.0000739593233448,-0.00553865451366,0.00945145636797,-0.00447143195197,-0.00577293941751,0.00599527917802,-0.000559445354156,-0.01110368222,0.0269695948809,-0.0197815075517,0.0141188520938,-0.00989687349647,0.00905429385602],[-0.0000537019768672,0.00957581866533,-0.0121846618131,0.00375263066962,0.00279811886139,0.000181512907147,-0.00391384074464,0.00326911592856,-0.0197815075517,0.0432852841914,-0.0345986820757,0.0185140389949,-0.00747348228469],[-0.00000176282321718,-0.0131242889911,0.0181518103927,-0.00692408997566,-0.00265209260397,-0.00616890890524,0.0141137214378,-0.00931068044156,0.0141188520938,-0.0345986820757,0.0599207542837,-0.0391678847373,0.0140114007518],[0.0000753617568989,0.0111625781283,-0.0160825997591,0.00526994699612,0.00379371619783,0.00427296292037,-0.0163897313178,0.0163344368339,-0.00989687349647,0.0185140389949,-0.0391678847373,0.0507541745901,-0.0241111069918],[-0.000110667671834,-0.00639791926369,0.0102882701904,-0.00350065226667,-0.00365496473387,-0.00237209256738,0.0105786547065,-0.0139316385612,0.00905429385602,-0.00747348228469,0.0140114007518,-0.0241111069918,0.0330737307668]],"mean":[41.030544281,81.0150756836,-107.64214325,-7.61883211136,-0.193423271179,-30.5593605042,5.12489509583,-33.5920333862,-0.709889829159,-11.368098259,-4.59930324554,-1.70886003971,-7.12837362289]},"hfc":{"dmean":158.587097168,"dmean2":242.826858521,"dvar":24999.0429688,"dvar2":56061.3046875,"max":2188.05151367,"mean":567.537536621,"median":533.288818359,"min":1.21713962604e-16,"var":70059.3046875},"melbands":{"dmean":[0.00155030190945,0.00116434809752,0.000612047268078,0.000915286364034,0.000484662334202,0.000432023982285,0.000191767860088,0.000107641375507,0.000166235447978,0.000116799805255,0.000092491034593,0.000128742467496,0.0000780753180152,0.000104408296465,0.000104131751868,0.000106601226435,0.0000640243597445,0.0000564633664908,0.0000478003894386,0.0000389235137845,0.0000202500104933,0.000016351667,0.000014398935491,0.0000109878474177,0.0000083776349129,0.00000677616344547,0.00000576283673581,0.00000480144581161,0.00000407628931498,0.00000291208061753,0.00000178998891442,0.00000126941245071,7.74100271883e-7,4.77267349197e-7,2.50609645036e-7,1.4589186037e-7,5.46334604223e-8,3.10661931735e-8,2.75885980727e-8,2.56325005665e-8],"dmean2":[0.00235817278735,0.00195784843527,0.00102014944423,0.00148616055958,0.000778863730375,0.000683471153025,0.000302482221741,0.00017003180983,0.000254973681876,0.000180711707799,0.000143827157444,0.00020608761406,0.000126644736156,0.000172813990503,0.000169944119989,0.00017526303418,0.000104090337118,0.0000916645003599,0.0000772376588429,0.0000637969642412,0.0000333919124387,0.0000268444673566,0.0000239443015744,0.0000181422929018,0.0000137283404911,0.0000109657867142,0.00000930289479584,0.00000777966943133,0.00000645291720502,0.00000459792408947,0.00000280320023194,0.00000198658108275,0.00000118774357816,7.25149732261e-7,3.75624324533e-7,2.19175419147e-7,8.86849349513e-8,5.17646192577e-8,4.58653275359e-8,4.25486099687e-8],"dvar":[0.00000522341588294,0.000002446714916,5.97314851802e-7,0.00000174097522176,0.00000103534796381,7.54537040848e-7,1.93671070292e-7,4.39851852718e-8,7.37105878557e-8,6.4548039802e-8,4.41303384946e-8,6.90022048389e-8,4.17908303518e-8,1.98595966339e-8,2.44207480904e-8,2.66249404746e-8,7.21058457387e-9,5.19740650518e-9,4.20208179364e-9,2.62526222983e-9,5.13029563276e-10,3.00692915012e-10,2.69649191864e-10,1.6538194425e-10,1.0196333361e-10,7.64114535534e-11,5.67750846336e-11,4.30437074872e-11,3.14615104802e-11,1.57254903543e-11,6.26877152618e-12,2.92706115422e-12,1.17694146529e-12,4.62870464613e-13,1.43074354447e-13,4.43136060615e-14,6.22000857124e-15,2.0803897867e-15,1.5691147705e-15,1.30417387603e-15],"dvar2":[0.0000111622548502,0.00000622241259407,0.0000014971174096,0.00000405690843763,0.00000251449955613,0.00000181312634595,4.30342737445e-7,9.88141266589e-8,1.52847349e-7,1.24941976765e-7,9.2730054746e-8,1.61484408068e-7,9.38787323435e-8,5.03039885302e-8,6.14735853333e-8,6.65924773102e-8,1.77661085843e-8,1.26467893935e-8,9.85165637957e-9,6.74852085325e-9,1.32941069264e-9,8.00285226976e-10,7.24122706242e-10,4.50651599371e-10,2.68476074705e-10,1.94198587766e-10,1.46574891113e-10,1.10838907497e-10,7.80929210187e-11,3.85124154789e-11,1.52435841727e-11,7.08799382035e-12,2.66792816138e-12,1.02930945017e-12,2.99014285554e-13,9.4690931257e-14,1.55787807378e-14,5.35246387414e-15,4.00834964179e-15,3.32779953801e-15],"max":[0.0267035253346,0.0187860410661,0.0114036444575,0.0307468660176,0.0263477694243,0.0193895753473,0.0110380323604,0.00755524588749,0.00436028884724,0.00703727500513,0.00824823137373,0.00948597956449,0.00947457738221,0.00403074733913,0.00506932707503,0.00559532409534,0.00162600877229,0.00144973618444,0.00174552504905,0.000906003231648,0.000385208171792,0.000222689777729,0.000306344183628,0.000320426886901,0.000176197005203,0.00021018483676,0.000128405488795,0.0000992650384433,0.000115253438707,0.0000648896675557,0.0000382590624213,0.0000281925349555,0.0000198235702555,0.0000136512562676,0.00000881981213752,0.00000492546723763,0.00000126351267227,6.70325391638e-7,5.92342928485e-7,5.25559357811e-7],"mean":[0.00224264897406,0.00148772052489,0.000864733476192,0.00128549197689,0.000755576649681,0.00070851133205,0.000316197285429,0.000170321320184,0.000262472080067,0.000178849557415,0.000148786304635,0.000204191514058,0.000128407438751,0.000169980776263,0.000186209770618,0.000184543605428,0.000116054296086,0.000104208229459,0.0000889892617124,0.0000742094343877,0.0000420559881604,0.0000356436539732,0.000031437331927,0.000024436349122,0.0000185669869097,0.0000146344200402,0.0000125013139041,0.0000102573458207,0.00000937924050959,0.00000678825836076,0.00000413737507188,0.00000290658113045,0.00000178452967248,0.00000106186450921,5.45656178019e-7,3.08184979758e-7,8.43928731342e-8,3.29821823186e-8,2.9724382955e-8,2.79385083957e-8],"median":[0.000772151164711,0.000844789727125,0.000598422833718,0.000752504973207,0.000399561307859,0.00032254512189,0.000144757170347,0.0000961501064012,0.000119513868412,0.000079250530689,0.0000732017288101,0.000111568784632,0.0000681127858115,0.000118464595289,0.000129490988911,0.000129853244289,0.0000847191768116,0.0000806063762866,0.0000655145267956,0.0000550449840375,0.0000351273702108,0.0000303416145471,0.0000253127018368,0.0000201716302399,0.000014837787603,0.0000114254698929,0.00000935367461352,0.00000752652113079,0.00000659274246573,0.00000486241287945,0.00000297751739708,0.0000020805252916,0.00000125158135234,7.45931913571e-7,3.71363626073e-7,2.08077381103e-7,5.6204136456e-8,1.63191291591e-8,1.51818362326e-8,1.44471288266e-8],"min":[2.48237112769e-24,1.24489413701e-23,1.83121106051e-23,1.8117474954e-23,1.74961428615e-23,8.30149806114e-24,6.98095279441e-24,1.3793906615e-23,1.59555700888e-23,5.68777745122e-24,7.42046270345e-24,8.88378074997e-24,1.17633912667e-23,1.15595409314e-23,1.56926585263e-23,1.33206910461e-23,5.65726983343e-24,4.95216386824e-24,1.07715674947e-23,6.56899030261e-24,9.83811627412e-24,6.15705384322e-24,4.48909975586e-24,5.22511329132e-24,1.25210629783e-23,1.24935577652e-23,1.46992254779e-23,1.61685309787e-23,1.29998431721e-23,1.11287250584e-23,6.09590371243e-24,7.64195433525e-24,8.09880735129e-24,1.14561370439e-23,8.98493953929e-24,7.15934895496e-24,8.36037390594e-24,8.60810226259e-24,1.21619798052e-23,1.22271341939e-23],"var":[0.0000104460614239,0.00000330984107677,8.16115004909e-7,0.00000307951722789,0.00000173906448708,0.00000154595613822,4.4309643954e-7,7.2506907145e-8,1.70818779566e-7,1.29809080818e-7,8.50521288953e-8,1.22105632272e-7,7.88390153161e-8,3.45272788138e-8,5.03454131717e-8,4.74902179803e-8,1.35964643988e-8,9.40612299161e-9,7.97722865542e-9,5.22166887507e-9,1.06280462209e-9,6.9470668107e-10,6.48648523782e-10,3.93554272504e-10,2.6716862056e-10,1.90791632493e-10,1.54797966112e-10,1.13821271852e-10,1.00470173847e-10,5.11758552202e-11,1.91161669827e-11,9.48636828813e-12,3.81265635382e-12,1.39027862573e-12,4.08092179841e-13,1.27553376932e-13,9.69440981891e-15,2.19355317669e-15,1.69860186182e-15,1.43608019932e-15]},"melbands_crest":{"dmean":3.9586584568,"dmean2":6.3742556572,"dvar":10.7926282883,"dvar2":26.0748691559,"max":32.4651374817,"mean":12.7221078873,"median":11.8246774673,"min":1.7749351263,"var":25.0961837769},"melbands_flatness_db":{"dmean":0.0257736202329,"dmean2":0.0398726910353,"dvar":0.000451917090686,"dvar2":0.00105025304947,"max":0.407535135746,"mean":0.193755537271,"median":0.191743165255,"min":0.00625503063202,"var":0.00215911562555},"melbands_kurtosis":{"dmean":3.15985298157,"dmean2":5.0118522644,"dvar":17.4219913483,"dvar2":41.9727401733,"max":108.75063324,"mean":4.28286027908,"median":2.47965192795,"min":-1.88548660278,"var":35.3782119751},"melbands_skewness":{"dmean":0.616775691509,"dmean2":0.948617815971,"dvar":0.28864517808,"dvar2":0.667105317116,"max":8.60922336578,"mean":1.77423083782,"median":1.66723549366,"min":-3.38461065292,"var":1.06198847294},"melbands_spread":{"dmean":7.50461578369,"dmean2":11.75066185,"dvar":51.7913742065,"dvar2":120.751350403,"max":323.946411133,"mean":30.2015361786,"median":27.4846057892,"min":1.28929328918,"var":326.377593994},"mfcc":{"cov":[[5427.25878906,535.799194336,-430.865447998,528.221923828,-304.203735352,317.063293457,-83.6305770874,106.665374756,-48.9377059937,82.541557312,-15.745965004,21.1339664459,37.5727996826],[535.799194336,1022.98156738,-141.493438721,-212.87727356,158.417572021,-91.3303375244,5.19253826141,-50.1514091492,1.18106400967,-55.9004631042,18.2831554413,-15.2638521194,-28.2639255524],[-430.865447998,-141.493438721,295.704193115,-31.6995372772,76.8688430786,-38.4924240112,57.0514030457,-12.0372562408,12.1341428757,-9.43963623047,2.83254647255,3.05714535713,2.2263276577],[528.221923828,-212.87727356,-31.6995372772,395.914581299,-147.745422363,187.231689453,-39.4170761108,77.9183197021,-26.6474514008,53.2575645447,-17.982219696,13.2470579147,24.2947292328],[-304.203735352,158.417572021,76.8688430786,-147.745422363,231.590087891,-61.5796356201,52.8705711365,-43.271446228,38.2140045166,-23.2136440277,28.8512859344,9.58862400055,-5.50209331512],[317.063293457,-91.3303375244,-38.4924240112,187.231689453,-61.5796356201,165.864624023,6.51931524277,59.6647491455,-14.943939209,32.0699577332,-7.75058746338,14.8471660614,18.6567115784],[-83.6305770874,5.19253826141,57.0514030457,-39.4170761108,52.8705711365,6.51931524277,98.557762146,20.9339733124,22.7833309174,-11.3986845016,6.38128852844,0.710054039955,3.79662513733],[106.665374756,-50.1514091492,-12.0372562408,77.9183197021,-43.271446228,59.6647491455,20.9339733124,88.1595611572,21.864824295,27.4861774445,-8.80261039734,1.69928789139,4.85206127167],[-48.9377059937,1.18106400967,12.1341428757,-26.6474514008,38.2140045166,-14.943939209,22.7833309174,21.864824295,85.2932891846,42.0389556885,23.0593414307,3.3609752655,1.24501717091],[82.541557312,-55.9004631042,-9.43963623047,53.2575645447,-23.2136440277,32.0699577332,-11.3986845016,27.4861774445,42.0389556885,81.4062347412,33.7702827454,14.9193897247,6.76039791107],[-15.745965004,18.2831554413,2.83254647255,-17.982219696,28.8512859344,-7.75058746338,6.38128852844,-8.80261039734,23.0593414307,33.7702827454,61.3490524292,30.9949417114,9.76309967041],[21.1339664459,-15.2638521194,3.05714535713,13.2470579147,9.58862400055,14.8471660614,0.710054039955,1.69928789139,3.3609752655,14.9193897247,30.9949417114,52.473400116,27.9066944122],[37.5727996826,-28.2639255524,2.2263276577,24.2947292328,-5.50209331512,18.6567115784,3.79662513733,4.85206127167,1.24501717091,6.76039791107,9.76309967041,27.9066944122,45.9201393127]],"icov":[[0.000278988329228,-0.00024913463858,0.000202413910301,-0.00034975874587,0.000284935085801,-0.000161855889019,-0.000197051893338,0.000235180632444,-0.0000964214341366,-0.00013437186135,0.000109701417387,-0.000115679031296,-0.0000456691923318],[-0.00024913463858,0.00161995959934,0.000777826120611,0.000630826223642,-0.00132045079954,0.000336512137437,0.000351326511009,-0.00064782978734,0.000458473921753,0.000767811201513,-0.0008203482721,0.000642609375063,0.000232363818213],[0.000202413910301,0.000777826120611,0.00531250517815,-0.00148890865967,-0.00191162573174,0.00274349050596,-0.00342783052474,0.000588218972553,0.00138697645161,-0.00161914189812,0.00158108212054,-0.00078374997247,0.0000617794066784],[-0.00034975874587,0.000630826223642,-0.00148890865967,0.00794019270688,0.00152954238001,-0.00720718922094,0.00370309781283,-0.00166531302966,0.000180329647264,-0.000246556854108,-0.000408922380302,0.000973497226369,-0.00094625930069],[0.000284935085801,-0.00132045079954,-0.00191162573174,0.00152954238001,0.0093186320737,-0.00259297434241,-0.00195160321891,0.00409252941608,-0.00532345753163,0.00343999126926,-0.00198432058096,-0.00209561060183,0.0014698690502],[-0.000161855889019,0.000336512137437,0.00274349050596,-0.00720718922094,-0.00259297434241,0.0185697674751,-0.00597169669345,-0.00444640219212,0.00661973934621,-0.00634380057454,0.00390252540819,-0.00308934622444,-0.00106994714588],[-0.000197051893338,0.000351326511009,-0.00342783052474,0.00370309781283,-0.00195160321891,-0.00597169669345,0.0190216619521,-0.00705756386742,-0.00468304241076,0.00912412349135,-0.00694138044491,0.00466663949192,-0.00262660440058],[0.000235180632444,-0.00064782978734,0.000588218972553,-0.00166531302966,0.00409252941608,-0.00444640219212,-0.00705756386742,0.0228270050138,-0.00688259163871,-0.00454640202224,0.00823078211397,-0.00453816028312,0.0025937051978],[-0.0000964214341366,0.000458473921753,0.00138697645161,0.000180329647264,-0.00532345753163,0.00661973934621,-0.00468304241076,-0.00688259163871,0.0256824530661,-0.0158554539084,0.000435466965428,0.00337948370725,-0.00252293841913],[-0.00013437186135,0.000767811201513,-0.00161914189812,-0.000246556854108,0.00343999126926,-0.00634380057454,0.00912412349135,-0.00454640202224,-0.0158554539084,0.0347346439958,-0.0195677615702,0.00404165033251,0.000527398311533],[0.000109701417387,-0.0008203482721,0.00158108212054,-0.000408922380302,-0.00198432058096,0.00390252540819,-0.00694138044491,0.00823078211397,0.000435466965428,-0.0195677615702,0.040919970721,-0.0226814579219,0.00537891220301],[-0.000115679031296,0.000642609375063,-0.00078374997247,0.000973497226369,-0.00209561060183,-0.00308934622444,0.00466663949192,-0.00453816028312,0.00337948370725,0.00404165033251,-0.0226814579219,0.0438435003161,-0.0213981214911],[-0.0000456691923318,0.000232363818213,0.0000617794066784,-0.00094625930069,0.0014698690502,-0.00106994714588,-0.00262660440058,0.0025937051978,-0.00252293841913,0.000527398311533,0.00537891220301,-0.0213981214911,0.0348601527512]],"mean":[-620.742919922,154.180770874,-45.3652572632,37.4753074646,-5.01791334152,23.3294334412,-3.78527331352,3.090102911,-5.32103872299,-1.53502583504,-1.03296089172,-0.649561464787,-0.550672411919]},"pitch_salience":{"dmean":0.0653330981731,"dmean2":0.105072297156,"dvar":0.00295937922783,"dvar2":0.00728260213509,"max":0.86044728756,"mean":0.603421330452,"median":0.615483045578,"min":0.0995505303144,"var":0.00783665291965},"silence_rate_20dB":{"dmean":0,"dmean2":0,"dvar":0,"dvar2":0,"max":1,"mean":1,"median":1,"min":1,"var":0},"silence_rate_30dB":{"dmean":0.0772377699614,"dmean2":0.154488176107,"dvar":0.0712759494781,"dvar2":0.157477408648,"max":1,"mean":0.916468977928,"median":1,"min":0,"var":0.0765474736691},"silence_rate_60dB":{"dmean":0.00032727868529,"dmean2":0.000654610921629,"dvar":0.000327110086801,"dvar2":0.000654230592772,"max":1,"mean":0.0212713740766,"median":0,"min":0,"var":0.0208196900785},"spectral_centroid":{"dmean":231.979934692,"dmean2":359.596313477,"dvar":46293.5585938,"dvar2":105815.914062,"max":10812.2382812,"mean":1525.01306152,"median":1456.26550293,"min":259.857727051,"var":584371},"spectral_complexity":{"dmean":4.04794645309,"dmean2":6.24613380432,"dvar":12.1077861786,"dvar2":25.3472805023,"max":59,"mean":32.7838516235,"median":33,"min":0,"var":109.519744873},"spectral_contrast_coeffs":{"dmean":[0.0636412203312,0.0522972457111,0.0400221310556,0.0289530809969,0.0198728106916,0.0482073575258],"dmean2":[0.104680262506,0.0854949057102,0.0659818425775,0.0482753142715,0.0329964756966,0.0750737860799],"dvar":[0.00239310087636,0.00164870719891,0.000969585264102,0.000512505939696,0.000260224711383,0.00168124062475],"dvar2":[0.00642216298729,0.00447157444432,0.00258085038513,0.0014115680242,0.000670214940328,0.00403663236648],"max":[-0.324977278709,-0.432408332825,-0.545974254608,-0.605719864368,-0.665850877762,-0.421518266201],"mean":[-0.646545648575,-0.741533815861,-0.78844410181,-0.79455435276,-0.801997423172,-0.68301564455],"median":[-0.650452673435,-0.746645390987,-0.793143093586,-0.796116054058,-0.803662896156,-0.673429071903],"min":[-0.952137231827,-0.964454591274,-0.962854981422,-0.96132171154,-0.962896883488,-0.960815250874],"var":[0.00694119464606,0.00503799878061,0.00276847672649,0.00142559979577,0.00091428559972,0.00750630255789]},"spectral_contrast_valleys":{"dmean":[0.453512638807,0.339215934277,0.277006477118,0.221742063761,0.221363976598,0.586082696915],"dmean2":[0.72956776619,0.55964332819,0.457256019115,0.35725826025,0.323392957449,0.942888617516],"dvar":[0.137985378504,0.0788377374411,0.0558605864644,0.0411460138857,0.0616065710783,0.265116125345],"dvar2":[0.336179941893,0.193795070052,0.131811350584,0.0855421125889,0.105135507882,0.669747292995],"max":[-5.18232917786,-4.77642679214,-5.10391712189,-5.43731355667,-5.67917346954,-9.01869678497],"mean":[-6.90134763718,-6.40743970871,-6.64611148834,-6.61819791794,-6.9632897377,-11.0082359314],"median":[-6.74610614777,-6.26473379135,-6.50973987579,-6.44239711761,-6.67482662201,-10.904712677],"min":[-27.2319412231,-27.3030414581,-27.2639293671,-27.3349781036,-27.011138916,-27.2526187897],"var":[1.53215444088,1.18582594395,1.15439856052,1.15154075623,1.14423906803,0.816392660141]},"spectral_decrease":{"dmean":2.46738407483e-9,"dmean2":3.97156574294e-9,"dvar":6.19638473963e-18,"dvar2":1.57422429823e-17,"max":1.31086874688e-8,"mean":-3.11365000449e-9,"median":-2.38905562e-9,"min":-3.99276629537e-8,"var":1.3100306688e-17},"spectral_energy":{"dmean":0.0165401343256,"dmean2":0.0241856183857,"dvar":0.000286154565401,"dvar2":0.000579191022553,"max":0.240883007646,"mean":0.0632290393114,"median":0.058346837759,"min":1.0692425788e-20,"var":0.000899762264453},"spectral_energyband_high":{"dmean":0.000838400737848,"dmean2":0.00123403675389,"dvar":8.61660055307e-7,"dvar2":0.0000018597251028,"max":0.0200989749283,"mean":0.00321642984636,"median":0.00285741058178,"min":7.54496720648e-21,"var":0.0000053981898418},"spectral_energyband_low":{"dmean":0.00713139073923,"dmean2":0.0107375606894,"dvar":0.0000843567613629,"dvar2":0.000172639716766,"max":0.1128783077,"mean":0.011711361818,"median":0.0060093998909,"min":7.09298918675e-23,"var":0.000187711397302},"spectral_energyband_middle_high":{"dmean":0.00281148566864,"dmean2":0.00430933386087,"dvar":0.0000113252472147,"dvar2":0.0000260433043877,"max":0.0885751321912,"mean":0.0105616534129,"median":0.00987036619335,"min":1.45568813336e-21,"var":0.0000412909939769},"spectral_energyband_middle_low":{"dmean":0.00611202884465,"dmean2":0.00962173379958,"dvar":0.0000534749087819,"dvar2":0.000126512910356,"max":0.168738976121,"mean":0.0146620450541,"median":0.0118998531252,"min":3.74267597013e-22,"var":0.000125832535559},"spectral_entropy":{"dmean":0.11158490926,"dmean2":0.165972068906,"dvar":0.0129970423877,"dvar2":0.0261555947363,"max":9.79420661926,"mean":7.69404125214,"median":7.76987600327,"min":6.05356931686,"var":0.0857297927141},"spectral_flux":{"dmean":0.0274509657174,"dmean2":0.0443229712546,"dvar":0.000674098322634,"dvar2":0.0016821770696,"max":0.338475376368,"mean":0.147511437535,"median":0.14640378952,"min":1.0340418799e-10,"var":0.00183488859329},"spectral_kurtosis":{"dmean":3.92039895058,"dmean2":5.86918306351,"dvar":21.834230423,"dvar2":47.6560020447,"max":69.2554931641,"mean":22.3528308868,"median":19.7536697388,"min":-1.32383048534,"var":81.6010894775},"spectral_rms":{"dmean":0.000997782452032,"dmean2":0.00144226127304,"dvar":8.46526290843e-7,"dvar2":0.00000164633001987,"max":0.0153299644589,"mean":0.00758905289695,"median":0.00754478247836,"min":3.22980422789e-12,"var":0.00000409311132898},"spectral_rolloff":{"dmean":287.537017822,"dmean2":514.332702637,"dvar":1786005.625,"dvar2":5153877.5,"max":22050,"mean":21574.8457031,"median":21813.1347656,"min":258.3984375,"var":1954870.25},"spectral_skewness":{"dmean":0.307011693716,"dmean2":0.448677837849,"dvar":0.117235340178,"dvar2":0.233025640249,"max":6.4087972641,"mean":3.17366123199,"median":2.97418093681,"min":-0.325380414724,"var":0.671820104122},"spectral_spread":{"dmean":327553.5,"dmean2":506982.53125,"dvar":148205469696,"dvar2":264220983296,"max":40656112,"mean":4129999.25,"median":4096116.75,"min":2063035.625,"var":1529745244160},"spectral_strongpeak":{"dmean":17.9587841034,"dmean2":33.2840461731,"dvar":824.428222656,"dvar2":2100.30200195,"max":211.079055786,"mean":14.7217645645,"median":0.804266095161,"min":0,"var":809.104370117},"zerocrossingrate":{"dmean":0.0318352840841,"dmean2":0.0415884107351,"dvar":0.00072728440864,"dvar2":0.00121918623336,"max":0.919921875,"mean":0.439185023308,"median":0.4423828125,"min":0.09912109375,"var":0.00324515253305}},"metadata":{"audio_properties":{"analysis_sample_rate":44100,"bit_rate":160000,"codec":"mp3","downmix":"mix","equal_loudness":0,"length":283.794281006,"lossless":false,"md5_encoded":"a472955aaeaec3f72682a00d25516b08","replay_gain":-4.23151779175,"sample_rate":44100},"tags":{"album":["Fresh Cream"],"album artist credit":["Cream"],"albumartist":["Cream"],"albumartistsort":["Cream"],"artist":["Cream"],"artist credit":["Cream"],"artistsort":["Cream"],"asin":["B0000067L1"],"bpm":["0"],"catalognumber":["531 810-2"],"composer":["Muddy Waters"],"date":["1997"],"discnumber":["1/1"],"encodedby":["iTunes v4.8.0.32"],"file_name":"09 - Cream - Rollin’ and Tumblin’.mp3","genre":["Rock - Classic Rock"],"label":["Polydor"],"language":["eng"],"media":["CD"],"musicbrainz album release country":["GB"],"musicbrainz album status":["Official"],"musicbrainz album type":["album"],"musicbrainz_albumartistid":["04cd0cfd-bfd1-4c36-bc38-95c35e2c045f"],"musicbrainz_albumid":["f92bdc34-4400-3027-8389-d1517ef5d615"],"musicbrainz_artistid":["04cd0cfd-bfd1-4c36-bc38-95c35e2c045f"],"musicbrainz_recordingid":["68cf04bb-f55c-455a-9e75-6a9bee9c3b92"],"musicbrainz_releasegroupid":["38d65202-a589-38ad-bf19-6161193340ee"],"originaldate":["1966-12-09"],"replaygain_album_gain":["0.00 dB"],"replaygain_album_peak":["0.000000"],"replaygain_track_gain":["-6.18 dB"],"replaygain_track_peak":["0.872986"],"script":["Latn"],"title":["Rollin’ and Tumblin’"],"tracknumber":["9/11"]},"version":{"essentia":"2.1-beta1","essentia_build_sha":"5a811adb4c06fd6d02ca903f7349a26d851abfa8","essentia_git_sha":"v2.1_beta1-34-gf95df8b","extractor":"music 1.0"}},"rhythm":{"beats_count":658,"beats_loudness":{"dmean":0.0253667030483,"dmean2":0.0420332476497,"dvar":0.000417525181547,"dvar2":0.00123744399752,"max":0.179299414158,"mean":0.0726452544332,"median":0.0686986073852,"min":8.44904590735e-9,"var":0.000834704260342},"beats_loudness_band_ratio":{"dmean":[0.126247540116,0.0952889472246,0.0562097094953,0.0494023486972,0.0338672623038,0.103641584516],"dmean2":[0.222906202078,0.16936942935,0.098305746