{"lowlevel":{"average_loudness":0.75142967701,"barkbands":{"dmean":[0.000173325883225,0.00577134871855,0.00502108363435,0.00293278181925,0.00448680110276,0.000990409520455,0.000675217190292,0.000396847724915,0.000363768223906,0.000247114541708,0.000155875037308,0.000143264303915,0.000164083976415,0.000185505778063,0.000205639385968,0.000235397630604,0.000366192805814,0.000177652778802,0.000261077278992,0.000143108249176,0.0000868820061442,0.000105154031189,0.0000426307960879,0.0000270742057182,0.0000160397248692,0.0000103097572719,0.00000110933717679],"dmean2":[0.000228247285122,0.0101961744949,0.00813392177224,0.00474533718079,0.00764325959608,0.00162163155619,0.00110158475582,0.000649800640531,0.00058300892124,0.000387720559957,0.000252927129623,0.000238158492721,0.000265288545052,0.000302139611449,0.000334682845278,0.000387837179005,0.00061716377968,0.000297848542687,0.000431687512901,0.000240577835939,0.000143201716128,0.000172287647729,0.0000679038421367,0.0000401162396884,0.0000243524209509,0.0000168041096913,0.00000184715815976],"dvar":[6.8809740128e-8,0.0000915953569347,0.0000556424020033,0.0000184942491614,0.0000944995845202,0.00000213050157072,0.00000138381915349,6.39203449282e-7,7.03789680756e-7,3.70900636426e-7,1.35573515081e-7,8.81890542814e-8,8.26314376923e-8,1.04883753238e-7,1.03933196272e-7,8.95496512499e-8,2.10968039482e-7,5.03917014782e-8,9.9147904109e-8,4.31254285616e-8,1.45594816203e-8,1.79917041265e-8,1.27925376958e-8,1.43060514546e-8,3.07820990919e-9,4.7438036832e-10,5.45267086691e-12],"dvar2":[1.2611172906e-7,0.000268481409876,0.000140254487633,0.0000420553442382,0.000259181193542,0.00000546065848539,0.00000350372988578,0.00000151841481966,0.00000162874346188,7.5006573752e-7,2.96437661973e-7,2.15927343561e-7,1.91200044242e-7,2.61548962044e-7,2.51648259564e-7,2.34166705582e-7,5.71235545976e-7,1.35320149752e-7,2.64378400061e-7,1.18696085849e-7,3.76644280209e-8,4.45347367872e-8,2.65933923771e-8,2.38483561787e-8,5.59114265997e-9,1.10779141416e-9,1.36295896444e-11],"max":[0.00532161863521,0.0824983865023,0.0922771692276,0.113267540932,0.115181162953,0.0269072689116,0.0364139154553,0.0164963826537,0.0189305637032,0.0157655291259,0.0108996573836,0.0113755902275,0.00877242907882,0.00539102777839,0.00750418007374,0.0106167104095,0.00706532364711,0.00414799293503,0.00472072744742,0.00361668877304,0.00285300076939,0.00314568076283,0.00325318565592,0.00504153920338,0.00213194661774,0.000596464495175,0.0000400647404604],"mean":[0.000227897122386,0.00713184056804,0.00747991306707,0.00613974174485,0.00657686823979,0.00196149293333,0.00123369332869,0.000650288071483,0.000604052154813,0.000412469700677,0.000264905131189,0.000242057547439,0.00030115278787,0.0003548002569,0.000418753857957,0.000544700364117,0.00079088070197,0.000446269405074,0.000728821090888,0.000388438114896,0.000245518051088,0.000318392296322,0.000106326289824,0.0000694276386639,0.0000378252480004,0.0000192001625692,0.0000016879737359],"median":[0.0000470191334898,0.00395712861791,0.00465347990394,0.00223558186553,0.00363837345503,0.00115496572107,0.00076129892841,0.000355894182576,0.000275097321719,0.000167161604622,0.000119843789435,0.000152955501107,0.000185042590601,0.000225749623496,0.00030488113407,0.000486808188725,0.000683571328409,0.000404394086218,0.000702754943632,0.000333077303367,0.000209735095268,0.000287559698336,0.0000538081912964,0.000027275096727,0.0000194022723008,0.00001189811519,0.00000101391572116],"min":[1.67167391166e-25,2.15508935349e-25,2.02498227788e-25,5.81140763368e-25,4.86600684675e-24,5.42929692043e-24,3.29286930425e-24,3.56325788761e-24,1.10397944019e-23,1.56964434809e-23,1.53250004351e-23,1.01619831188e-23,2.3172867977e-23,3.20985167306e-23,4.86668708151e-23,3.63409507255e-23,5.14968398928e-23,9.31083060101e-23,1.31245641323e-22,1.6519192904e-22,1.76585567001e-22,2.52526366447e-22,4.0311163337e-22,5.56467531253e-22,7.65149387241e-22,1.2410476891e-21,1.83431198438e-21],"var":[1.41876057569e-7,0.0000933303963393,0.000079140671005,0.000167231686646,0.0000946660366026,0.00000708840116204,0.00000291422179544,0.00000117531078558,0.00000140599036058,9.49345462686e-7,4.08237013971e-7,1.3961521006e-7,2.0390359623e-7,2.35156008443e-7,2.45632236329e-7,2.29948341257e-7,5.08752748374e-7,1.46861097505e-7,3.32186090191e-7,1.42430081951e-7,5.34478239445e-8,7.9059745417e-8,4.53141311141e-8,5.80712296028e-8,9.80608483303e-9,8.80742145881e-10,6.24891848336e-12]},"barkbands_crest":{"dmean":2.79041910172,"dmean2":4.67085409164,"dvar":7.02825498581,"dvar2":19.5665454865,"max":25.1393489838,"mean":10.4338254929,"median":9.4878282547,"min":2.81012511253,"var":19.5278911591},"barkbands_flatness_db":{"dmean":0.0236361324787,"dmean2":0.0381872355938,"dvar":0.000606251356658,"dvar2":0.00146565877367,"max":0.44026273489,"mean":0.13358323276,"median":0.114438019693,"min":0.0343467108905,"var":0.00450003752485},"barkbands_kurtosis":{"dmean":5.26649713516,"dmean2":8.37441635132,"dvar":153.624725342,"dvar2":358.828521729,"max":358.183105469,"mean":11.6659631729,"median":2.13908672333,"min":-1.95543682575,"var":970.649169922},"barkbands_skewness":{"dmean":0.662455618382,"dmean2":1.06035196781,"dvar":0.583624720573,"dvar2":1.40855920315,"max":16.2673034668,"mean":2.26134109497,"median":1.7209072113,"min":-2.21259570122,"var":4.60294914246},"barkbands_spread":{"dmean":6.11138248444,"dmean2":9.79171562195,"dvar":40.2327957153,"dvar2":96.6078948975,"max":115.521720886,"mean":25.1803569794,"median":25.1460380554,"min":0.29377117753,"var":203.293548584},"dissonance":{"dmean":0.00941632222384,"dmean2":0.0159712750465,"dvar":0.000109027838334,"dvar2":0.000305871129967,"max":0.500000119209,"mean":0.479623436928,"median":0.484207481146,"min":0.29776969552,"var":0.000297290389426},"dynamic_complexity":3.14369535446,"erbbands":{"dmean":[0.148445367813,1.4351143837,5.1070394516,7.16832828522,15.6029434204,14.20362854,8.73216438293,9.05766963959,8.92868614197,10.7685585022,7.58342790604,8.00033283234,8.89448833466,6.27378892899,5.53781652451,5.61180019379,6.79961776733,7.51624298096,11.864900589,8.25333404541,15.3594150543,16.9646091461,8.92786884308,13.8811073303,9.5498008728,6.50461864471,4.61452865601,3.75750470161,4.25701951981,1.78419744968,1.08906543255,0.643548727036,0.445905655622,0.208505913615,0.109663829207,0.0555939115584,0.0168226324022,0.00297167268582,0.000171268446138,0.0000175256845978],"dmean2":[0.247050046921,2.54428720474,8.40613651276,11.5192518234,26.2717781067,24.4979743958,14.8272638321,14.6137189865,14.4937801361,17.5695877075,12.438908577,12.8221254349,13.8042955399,9.91851711273,9.10283470154,9.2650384903,10.9662065506,12.2311258316,19.4077167511,13.446808815,25.4033622742,28.5935249329,14.92137146,23.0920619965,15.8991823196,10.9354896545,7.75914716721,6.16820383072,6.98600101471,2.94487953186,1.73360157013,1.00214290619,0.655195295811,0.310355335474,0.171092092991,0.0898139998317,0.027579491958,0.00492949038744,0.000283427565591,0.0000286788581434],"dvar":[0.0520442835987,6.27541303635,67.5537109375,77.4532241821,1115.38134766,853.632507324,195.742950439,203.108627319,239.260070801,392.024475098,280.866088867,375.621948242,465.62588501,281.178649902,123.473823547,136.838607788,143.834838867,182.259780884,337.129089355,128.129623413,345.065002441,466.344451904,133.579833984,290.637664795,135.157867432,80.4891738892,52.8544387817,24.7883911133,29.7859230042,13.0187139511,11.14361763,6.61549091339,4.25865793228,0.778550326824,0.0866293162107,0.015537799336,0.00119431444909,0.000038554371713,1.27274944361e-7,4.73108052734e-10],"dvar2":[0.14217273891,18.0455551147,175.441925049,187.723190308,3033.19067383,2370.27441406,523.003845215,498.154541016,583.141906738,978.022094727,687.419799805,890.97668457,988.798095703,598.041687012,284.297027588,326.818878174,326.383026123,448.510040283,826.017211914,322.324127197,900.438293457,1255.97692871,358.948516846,775.234436035,362.598632812,222.860794067,141.839782715,61.1153564453,74.7057647705,31.290178299,23.3596496582,12.9184236526,6.8221154213,1.30674111843,0.168802320957,0.034401897341,0.00291117373854,0.0000967082742136,3.15905452908e-7,1.1800910249e-9],"max":[2.18083715439,22.0904941559,80.5006484985,172.778366089,376.17376709,403.403137207,203.727233887,337.71673584,593.208679199,488.559692383,435.334381104,521.973144531,523.972229004,583.881286621,367.232421875,549.091369629,470.640167236,324.473876953,376.482757568,320.429473877,397.81817627,443.425109863,264.601196289,266.942474365,220.319213867,146.826141357,149.664382935,138.471603394,138.192840576,99.9852523804,108.951766968,103.641571045,83.6812362671,34.2132987976,11.8557376862,4.6397190094,0.96486723423,0.102350637317,0.00634496379644,0.000424060213845],"mean":[0.197075456381,1.70255339146,7.53601503372,14.6987285614,25.6945667267,18.7650508881,13.9617204666,18.7821407318,17.2575626373,19.0041332245,13.4596376419,13.5982780457,15.968296051,11.6857624054,9.75490283966,10.1655340195,13.4432382584,16.0378932953,24.9035511017,20.6455898285,39.0903358459,40.6017303467,23.9031944275,37.2316932678,27.6532020569,18.1687984467,11.9157962799,11.533413887,12.8059358597,4.79364776611,2.67809915543,1.61160492897,1.08907151222,0.500149786472,0.235850811005,0.10782443732,0.0304919183254,0.00456751137972,0.000296237471048,0.0000542858360859],"median":[0.0857863277197,0.990263640881,4.74160242081,9.00299072266,9.4926776886,11.0195684433,8.3473443985,9.49501132965,11.2191562653,10.9067029953,7.36753892899,6.65788698196,7.30080032349,4.9193649292,5.67342615128,6.71983385086,8.76620197296,10.5933494568,17.9022293091,18.0871353149,36.416683197,36.4723815918,22.2453231812,35.2310562134,26.6276512146,16.1072025299,9.59656524658,10.4109859467,11.5920114517,3.2712495327,1.28470206261,0.682666182518,0.388836324215,0.22512511909,0.132762998343,0.0647085756063,0.0192117895931,0.00277353776619,0.000194867810933,0.0000519470813742],"min":[1.30502924047e-23,2.31298662224e-22,1.16568983893e-21,2.74630062209e-21,1.04560225772e-20,1.44239716249e-20,4.07458054504e-20,5.0607559342e-20,1.01902673794e-19,2.20471990031e-19,2.82135280317e-19,2.81020292551e-19,5.4771004288e-19,7.86468488863e-19,1.03380764123e-18,9.33274694522e-19,1.28906606569e-18,1.56548149547e-18,1.79252127371e-18,2.95894850781e-18,2.56595665315e-18,3.72222548893e-18,4.26327812375e-18,5.33922710167e-18,6.12328389376e-18,8.50849806755e-18,8.55715117682e-18,9.75517588313e-18,8.53994416571e-18,1.10408230046e-17,1.15513555699e-17,1.03658593411e-17,9.30145573662e-18,7.28557853352e-18,6.07521229246e-18,4.32831106351e-18,2.33491869741e-18,9.28834595788e-19,2.2965028271e-19,2.5898375513e-20],"var":[0.0744969397783,5.728515625,80.2906112671,400.436309814,2108.39233398,750.335083008,312.839385986,906.006713867,518.809082031,873.594787598,499.844848633,680.017028809,1243.97106934,830.060974121,283.826385498,234.511825562,386.277679443,455.933227539,817.208007812,351.783630371,1053.93737793,1217.11730957,400.53414917,915.110900879,473.443664551,276.125152588,156.089950562,104.605659485,127.318992615,41.3357925415,37.0496444702,23.2659034729,17.2159175873,2.5925154686,0.254266828299,0.0346077382565,0.00197322177701,0.000044087832066,1.60093335921e-7,1.06959341384e-9]},"erbbands_crest":{"dmean":1.76010632515,"dmean2":2.93014478683,"dvar":3.46184825897,"dvar2":9.00152206421,"max":29.4136810303,"mean":7.21043205261,"median":5.75543308258,"min":2.29096651077,"var":19.2632904053},"erbbands_flatness_db":{"dmean":0.0112383291125,"dmean2":0.0172913447022,"dvar":0.000133359790198,"dvar2":0.000286540423986,"max":0.344155788422,"mean":0.134853318334,"median":0.12690795958,"min":0.0314019545913,"var":0.00126975472085},"erbbands_kurtosis":{"dmean":0.659094333649,"dmean2":1.05075514317,"dvar":1.31349670887,"dvar2":3.18177771568,"max":45.3973426819,"mean":0.0975488498807,"median":-0.684456825256,"min":-1.84926402569,"var":10.7842464447},"erbbands_skewness":{"dmean":0.299156188965,"dmean2":0.467885434628,"dvar":0.0848667174578,"dvar2":0.203808039427,"max":6.29075288773,"mean":-0.0858921781182,"median":-0.284139126539,"min":-3.37052178383,"var":0.992739915848},"erbbands_spread":{"dmean":7.81781816483,"dmean2":12.3299274445,"dvar":60.0126495361,"dvar2":150.065322876,"max":157.15184021,"mean":50.22290802,"median":50.2832069397,"min":5.10644245148,"var":236.890716553},"gfcc":{"cov":[[37022.609375,1191.87463379,-3127.98779297,1549.84033203,-1655.38183594,-87.3190612793,-1378.92907715,410.664733887,-445.801483154,230.735336304,-605.723266602,103.913642883,-302.578643799],[1191.87463379,760.471740723,-165.418014526,9.46855831146,38.5012245178,-66.0580291748,31.7144393921,-86.0677032471,-20.12591362,-82.6746063232,-14.8430547714,-69.8898620605,-17.4327144623],[-3127.98779297,-165.418014526,704.009765625,-161.085205078,138.502349854,109.795669556,82.0119171143,-11.8565330505,-9.9823551178,-26.7319030762,61.3863258362,-33.1531448364,28.0455551147],[1549.84033203,9.46855831146,-161.085205078,258.928131104,-16.0714855194,-24.6485366821,-42.5909385681,11.397274971,10.9497013092,12.6397256851,-24.029592514,15.0646429062,-2.81724953651],[-1655.38183594,38.5012245178,138.502349854,-16.0714855194,205.320739746,2.16685152054,98.3305358887,-21.6549816132,31.2742328644,-6.62881612778,15.7150630951,-5.89923667908,7.02294397354],[-87.3190612793,-66.0580291748,109.795669556,-24.6485366821,2.16685152054,172.376037598,55.0291938782,51.98179245,-7.55096483231,24.4217262268,36.01587677,15.8600111008,15.3707933426],[-1378.92907715,31.7144393921,82.0119171143,-42.5909385681,98.3305358887,55.0291938782,159.240249634,24.5733966827,41.1704940796,5.19642305374,36.3208503723,9.58036994934,20.7556381226],[410.664733887,-86.0677032471,-11.8565330505,11.397274971,-21.6549816132,51.98179245,24.5733966827,106.787506104,45.2218132019,58.5079612732,15.3669395447,34.1103172302,9.81960105896],[-445.801483154,-20.12591362,-9.9823551178,10.9497013092,31.2742328644,-7.55096483231,41.1704940796,45.2218132019,95.7876205444,47.2526321411,33.7202644348,13.4217844009,13.6550559998],[230.735336304,-82.6746063232,-26.7319030762,12.6397256851,-6.62881612778,24.4217262268,5.19642305374,58.5079612732,47.2526321411,111.087730408,41.2314529419,51.2682037354,4.14355230331],[-605.723266602,-14.8430547714,61.3863258362,-24.029592514,15.7150630951,36.01587677,36.3208503723,15.3669395447,33.7202644348,41.2314529419,77.4677124023,33.5873794556,24.7713489532],[103.913642883,-69.8898620605,-33.1531448364,15.0646429062,-5.89923667908,15.8600111008,9.58036994934,34.1103172302,13.4217844009,51.2682037354,33.5873794556,80.4096374512,27.4402942657],[-302.578643799,-17.4327144623,28.0455551147,-2.81724953651,7.02294397354,15.3707933426,20.7556381226,9.81960105896,13.6550559998,4.14355230331,24.7713489532,27.4402942657,51.3912734985]],"icov":[[0.000235384926782,-0.000586461275816,0.000403084646678,-0.000796328531578,0.000716614013072,-0.000590034003835,0.00126740778796,-0.00122763076797,0.000831052195281,-0.000598536047619,0.000902313680854,-0.000163580058143,0.000204418902285],[-0.000586461275816,0.00332177849486,-0.000176571324118,0.00198576017283,-0.00225377897732,0.00185897666961,-0.00379048613831,0.00345052080229,-0.00133871135768,0.00219683605246,-0.00388621003367,0.00233921781182,-0.000694590155035],[0.000403084646678,-0.000176571324118,0.00354960607365,-0.000242638692725,-0.00105746358167,-0.00190391310025,0.00294307735749,-0.00288498075679,0.00292682647705,-0.000228861623327,-0.00143565458711,0.00261159334332,-0.00102215725929],[-0.000796328531578,0.00198576017283,-0.000242638692725,0.00764153152704,-0.00363782956265,0.00118616549298,-0.00234905234538,0.00398101564497,-0.00410281959921,0.00232258299366,-0.00168818992097,-0.000359227327863,-0.00122482248116],[0.000716614013072,-0.00225377897732,-0.00105746358167,-0.00363782956265,0.012154828757,-0.000979464501143,-0.00235459930263,0.00123449903913,-0.00100913492497,-0.00330106075853,0.00653098104522,-0.00299046421424,0.00216239807196],[-0.000590034003835,0.00185897666961,-0.00190391310025,0.00118616549298,-0.000979464501143,0.0127342073247,-0.00713941454887,-0.00392170576379,0.00594096630812,0.0000959758544923,-0.00783087406307,0.00413437001407,-0.00180067622568],[0.00126740778796,-0.00379048613831,0.00294307735749,-0.00234905234538,-0.00235459930263,-0.00713941454887,0.0206750314683,-0.00947199389338,0.000487330107717,0.000918819161598,0.00227989768609,-0.00218397006392,0.000221969661652],[-0.00122763076797,0.00345052080229,-0.00288498075679,0.00398101564497,0.00123449903913,-0.00392170576379,-0.00947199389338,0.0300912708044,-0.0163082946092,-0.00310898013413,0.00602490222082,-0.00579391792417,-0.000411331508076],[0.000831052195281,-0.00133871135768,0.00292682647705,-0.00410281959921,-0.00100913492497,0.00594096630812,0.000487330107717,-0.0163082946092,0.0295510031283,-0.00890374835581,-0.00824670773,0.0113589605317,-0.00532706454396],[-0.000598536047619,0.00219683605246,-0.000228861623327,0.00232258299366,-0.00330106075853,0.0000959758544923,0.000918819161598,-0.00310898013413,-0.00890374835581,0.0248208213598,-0.0104004554451,-0.00988822430372,0.00877628661692],[0.000902313680854,-0.00388621003367,-0.00143565458711,-0.00168818992097,0.00653098104522,-0.00783087406307,0.00227989768609,0.00602490222082,-0.00824670773,-0.0104004554451,0.0349955186248,-0.0108796674758,-0.00396647723392],[-0.000163580058143,0.00233921781182,0.00261159334332,-0.000359227327863,-0.00299046421424,0.00413437001407,-0.00218397006392,-0.00579391792417,0.0113589605317,-0.00988822430372,-0.0108796674758,0.0312846824527,-0.0141344480217],[0.000204418902285,-0.000694590155035,-0.00102215725929,-0.00122482248116,0.00216239807196,-0.00180067622568,0.000221969661652,-0.000411331508076,-0.00532706454396,0.00877628661692,-0.00396647723392,-0.0141344480217,0.0313159935176]],"mean":[-13.1056184769,92.3535003662,-108.484367371,55.538433075,-43.0825653076,2.69136762619,-33.7939376831,4.32460021973,-22.3285827637,2.58480381966,-21.5085220337,0.90855461359,-14.9887657166]},"hfc":{"dmean":3.84165644646,"dmean2":6.06478118896,"dvar":24.9301776886,"dvar2":59.9114646912,"max":95.0813751221,"mean":21.9283046722,"median":22.5203380585,"min":1.06065948729e-16,"var":163.489318848},"melbands":{"dmean":[0.0014655230334,0.00228347443044,0.00143166014459,0.00112122134306,0.000353310169885,0.000197458546609,0.00013630950707,0.00011059755343,0.0000580198357056,0.0000544904833077,0.0000452078093076,0.0000266146125796,0.0000199717633222,0.0000161436419148,0.0000153857799887,0.0000169996128534,0.000015324103515,0.0000206971217267,0.0000140964084494,0.0000139119701998,0.0000232547808992,0.0000239343098656,0.00000841065411805,0.00000905898468773,0.0000131212391352,0.0000104762993942,0.00000524241340827,0.00000461175295641,0.00000400699718739,0.00000196245059669,0.00000286019076157,0.00000317788703796,0.00000130138994336,0.00000107770154045,7.15677288099e-7,5.52860171865e-7,3.8700670757e-7,3.46683350472e-7,2.76599024573e-7,1.61080009775e-7],"dmean2":[0.00256162998267,0.00382135016844,0.00231259339489,0.00191743241157,0.000601816107519,0.000318717007758,0.00022077182075,0.000179898415809,0.0000952589180088,0.0000870459334692,0.0000700659729773,0.0000420258147642,0.0000326164117723,0.0000269810116151,0.0000251835244853,0.0000275633901765,0.000024932613087,0.0000339494472428,0.0000229831111938,0.0000229992638197,0.0000388619155274,0.0000405675673392,0.0000140345391628,0.0000153269920702,0.0000219191351789,0.0000174299002538,0.00000887628448254,0.00000778130834078,0.0000067695236794,0.00000330679017679,0.00000473468071505,0.00000525148425368,0.00000216127637032,0.00000179243204457,0.00000115576494863,8.771610851e-7,6.03929947829e-7,5.22858954355e-7,4.13731498838e-7,2.43211047746e-7],"dvar":[0.00000543389705854,0.0000144331906995,0.00000354816211257,0.00000641625774733,3.22039994671e-7,9.08629402829e-8,5.37594893046e-8,3.90031260622e-8,1.65980171829e-8,1.71619056744e-8,1.1933395605e-8,5.26428589609e-9,1.8950823133e-9,1.26405386158e-9,7.68466179579e-10,1.05239239545e-9,7.87740539465e-10,1.06992259497e-9,5.25416099517e-10,3.82266551746e-10,7.97838850541e-10,9.30203414296e-10,1.39095845952e-10,1.38792130566e-10,2.62171534482e-10,1.64592492413e-10,5.76193467938e-11,3.75899103511e-11,4.60133667279e-11,9.26759016751e-12,1.33406940009e-11,1.59674235639e-11,4.62191049322e-12,5.39978088285e-12,4.50864042281e-12,3.88569515106e-12,2.63270937169e-12,2.61497811252e-12,1.72413819333e-12,3.9148049494e-13],"dvar2":[0.0000160726267495,0.0000380598430638,0.00000875901696418,0.0000177213732968,8.71699057825e-7,2.25737679216e-7,1.33237008981e-7,9.60601269639e-8,4.11825418212e-8,3.99532105178e-8,2.5278739102e-8,1.10460325331e-8,4.18908152611e-9,3.06796810179e-9,1.87812321251e-9,2.39107444955e-9,1.9474357682e-9,2.65737143401e-9,1.24338062069e-9,9.76014269405e-10,2.11145456674e-9,2.51594478584e-9,3.72653491398e-10,3.77948589092e-10,7.05782654542e-10,4.43480835388e-10,1.62689597905e-10,1.04226349773e-10,1.24854418471e-10,2.42660249533e-11,3.35979612187e-11,4.08702967303e-11,1.13602668939e-11,1.3548748061e-11,1.0058047277e-11,8.57942883403e-12,5.3525781897e-12,4.79985712634e-12,2.96180159391e-12,7.07170975424e-13],"max":[0.0193529687822,0.0343486256897,0.0376446023583,0.0305523239076,0.00721846474335,0.00659232633188,0.00862646568567,0.00529870670289,0.00313314492814,0.00330069987103,0.00264955544844,0.00222348514944,0.00143531116191,0.00145982124377,0.000710600579623,0.00101993128192,0.000608431757428,0.000623571220785,0.000674354261719,0.000832729390822,0.000516830012202,0.000508958648425,0.000245992065175,0.000218791508814,0.000237066313275,0.000226420888794,0.000127275212435,0.0000898409271031,0.000151151092723,0.000058801342675,0.0000915723721846,0.0000721376927686,0.0000690515880706,0.0000677639982314,0.0000630150461802,0.0000759643589845,0.0000660220393911,0.0000625253087492,0.0000553148602194,0.0000247100979323],"mean":[0.00185875000898,0.00338864605874,0.0030791698955,0.00162273680326,0.000559514854103,0.00040620402433,0.000270048505627,0.000194622276467,0.0000982030032901,0.0000899267906789,0.0000792571227066,0.0000467503341497,0.0000343521860486,0.0000264783520834,0.0000276374103123,0.0000307235095534,0.0000292899148917,0.0000406816761824,0.0000292755685223,0.0000297152218991,0.0000524220049556,0.0000512720434926,0.0000192784482351,0.0000215909749386,0.0000316300611303,0.0000259920088865,0.0000134849060487,0.0000115196180559,0.00000874864144862,0.00000468846837975,0.00000779090260039,0.00000888889462658,0.00000335025538334,0.0000024097187179,0.00000156752275871,0.00000121558264254,8.89090813416e-7,7.97737641278e-7,6.02270858963e-7,3.59921415338e-7],"median":[0.000950148154516,0.00223976932466,0.00176671042573,0.000821560504846,0.000334907526849,0.000218281682464,0.000177671463462,0.000114556736662,0.0000508278535563,0.0000399066193495,0.0000345971966453,0.0000190023274627,0.0000177005531441,0.0000167478319781,0.0000177397378138,0.0000176797602762,0.0000182183157449,0.0000281330703729,0.0000220721703954,0.0000246964300459,0.000046592002036,0.0000440758667537,0.0000168712685991,0.0000191128365259,0.0000289918261842,0.0000241602065216,0.0000115007778732,0.0000100433890111,0.00000651217624181,0.00000372384283764,0.00000693078754921,0.00000805347826827,0.00000251562505582,0.00000139900475915,7.38650555832e-7,5.05106982018e-7,3.65990956652e-7,2.79063954167e-7,2.23476135375e-7,1.70226527985e-7],"min":[1.23854588734e-25,8.04981277819e-25,9.2374014558e-25,5.68585401111e-25,1.76770298503e-24,1.09421624125e-24,1.42152675956e-24,2.49110224018e-24,2.07097957397e-24,1.58433847989e-24,2.57348890097e-24,2.53882221128e-24,2.90815623748e-24,2.02692977823e-24,2.44802491273e-24,2.33863909303e-24,2.83353650395e-24,2.08241332393e-24,2.38486496157e-24,3.174547071e-24,2.43425554285e-24,2.67524702737e-24,2.50401964029e-24,4.07017319999e-24,4.1337845768e-24,3.99811864491e-24,3.39235984997e-24,4.48622001913e-24,4.30582054631e-24,3.97970899796e-24,5.6688668776e-24,4.35855077022e-24,5.18619957172e-24,5.08054782512e-24,5.50729238699e-24,5.64976224419e-24,5.57382412688e-24,5.58046673013e-24,5.00215201165e-24,6.07413549018e-24],"var":[0.00000619262345936,0.0000162245778483,0.0000201650345844,0.00000646296030027,4.90295008149e-7,3.73387763375e-7,1.17646230535e-7,8.51328749718e-8,2.86749219924e-8,3.28198801469e-8,3.16144088686e-8,1.42693261651e-8,5.10138997711e-9,1.94922589181e-9,1.46437639792e-9,2.56384935504e-9,1.78984949084e-9,2.42257214289e-9,1.22490728671e-9,8.55884085826e-10,2.10523687372e-9,2.16298445821e-9,3.29097776808e-10,3.69115155108e-10,7.15550618757e-10,4.60939675317e-10,1.69454547616e-10,1.13428488824e-10,1.10082894189e-10,2.4949002933e-11,4.81534569163e-11,6.0547247771e-11,1.53267988579e-11,1.3858872383e-11,1.28030563581e-11,1.18716538336e-11,8.21572671006e-12,9.47736507328e-12,5.60923920159e-12,1.14878278331e-12]},"melbands_crest":{"dmean":3.58269810677,"dmean2":5.94968652725,"dvar":10.4666433334,"dvar2":28.3690471649,"max":37.6203231812,"mean":15.7051563263,"median":14.9654130936,"min":1.53508293629,"var":34.6490364075},"melbands_flatness_db":{"dmean":0.0300414822996,"dmean2":0.0485036112368,"dvar":0.000935587915592,"dvar2":0.00229874928482,"max":0.538137257099,"mean":0.208847492933,"median":0.191339239478,"min":0.00300270994194,"var":0.0071957828477},"melbands_kurtosis":{"dmean":12.9757490158,"dmean2":21.0296916962,"dvar":688.434997559,"dvar2":1769.57629395,"max":1040.18139648,"mean":32.6999282837,"median":13.3203830719,"min":-1.76932883263,"var":3912.38012695},"melbands_skewness":{"dmean":0.948838233948,"dmean2":1.53592669964,"dvar":1.13896262646,"dvar2":2.92252278328,"max":28.7568225861,"mean":4.04173660278,"median":3.40767717361,"min":-0.93416762352,"var":6.65417003632},"melbands_spread":{"dmean":7.29362106323,"dmean2":11.8308982849,"dvar":64.0633621216,"dvar2":158.58682251,"max":172.105361938,"mean":23.1651744843,"median":19.1429424286,"min":0.304292052984,"var":471.924835205},"mfcc":{"cov":[[15680.4423828,861.680541992,-701.004394531,732.65826416,-201.809143066,-188.257736206,-610.973999023,-84.410697937,-24.8674545288,63.0185089111,20.121213913,-87.2407226562,-17.9424228668],[861.680541992,882.527526855,-51.856552124,130.937820435,-5.19371080399,37.8491020203,5.78194236755,14.0859613419,-13.9621114731,-35.3601264954,0.968716859818,-37.1618766785,-33.9221458435],[-701.004394531,-51.856552124,373.494567871,-90.8438415527,52.0251159668,43.302947998,92.0809936523,20.4950294495,-17.2386264801,23.9890232086,-30.2371253967,23.4716968536,6.27598667145],[732.65826416,130.937820435,-90.8438415527,257.549835205,46.3192176819,6.62325716019,-57.4285736084,-13.4551143646,18.7907619476,-19.1962909698,7.97013425827,-19.7334499359,11.5141038895],[-201.809143066,-5.19371080399,52.0251159668,46.3192176819,96.7862167358,34.6636047363,22.3802814484,2.72567176819,7.75428056717,0.883702933788,3.10291600227,2.58289146423,3.60480213165],[-188.257736206,37.8491020203,43.302947998,6.62325716019,34.6636047363,78.6022415161,59.0901260376,19.0828056335,5.41058540344,4.49525594711,3.79431867599,3.40308094025,2.19142746925],[-610.973999023,5.78194236755,92.0809936523,-57.4285736084,22.3802814484,59.0901260376,123.490646362,45.2432823181,16.4928283691,9.2406873703,4.37461662292,12.9024267197,4.39639234543],[-84.410697937,14.0859613419,20.4950294495,-13.4551143646,2.72567176819,19.0828056335,45.2432823181,65.2215042114,30.9860134125,14.8694896698,1.64779353142,4.63499593735,5.1312417984],[-24.8674545288,-13.9621114731,-17.2386264801,18.7907619476,7.75428056717,5.41058540344,16.4928283691,30.9860134125,60.7375869751,30.2407073975,19.7563114166,7.50057029724,11.1805763245],[63.0185089111,-35.3601264954,23.9890232086,-19.1962909698,0.883702933788,4.49525594711,9.2406873703,14.8694896698,30.2407073975,62.2594528198,30.1483821869,19.6114883423,8.7232465744],[20.121213913,0.968716859818,-30.2371253967,7.97013425827,3.10291600227,3.79431867599,4.37461662292,1.64779353142,19.7563114166,30.1483821869,63.2083587646,33.0091171265,16.5926856995],[-87.2407226562,-37.1618766785,23.4716968536,-19.7334499359,2.58289146423,3.40308094025,12.9024267197,4.63499593735,7.50057029724,19.6114883423,33.0091171265,59.8815078735,37.8227920532],[-17.9424228668,-33.9221458435,6.27598667145,11.5141038895,3.60480213165,2.19142746925,4.39639234543,5.1312417984,11.1805763245,8.7232465744,16.5926856995,37.8227920532,61.1372184753]],"icov":[[0.0001003751604,-0.000066770844569,0.0000670252484269,-0.000242882044404,0.000206833647098,-0.000101368095784,0.000432241795352,-0.000238778273342,0.000275839469396,-0.000432749802712,0.000156554815476,-0.0000756986410124,0.0000273117129836],[-0.000066770844569,0.0014394139871,-0.000135813796078,-0.000773306062911,0.000654437346384,-0.00060554605443,-0.000447278871434,-0.000591781979892,0.00057095347438,0.000877676764503,-0.000931065354962,0.000408040941693,0.000774209271185],[0.0000670252484269,-0.000135813796078,0.00502172578126,0.000385085528251,-0.00263634440489,0.000859626976307,-0.00324535928667,0.000358891906217,0.00325845181942,-0.00489711295813,0.00547945126891,-0.00302461837418,0.000171080013388],[-0.000242882044404,-0.000773306062911,0.000385085528251,0.00801322143525,-0.00429732259363,-0.00223733764142,0.00396209163591,0.000715759932064,-0.00449607055634,0.00421326467767,-0.00232189288363,0.00375284976326,-0.00353092816658],[0.000206833647098,0.000654437346384,-0.00263634440489,-0.00429732259363,0.0163444746286,-0.00581443868577,0.000523951661307,0.00132451369427,-0.00195108202752,0.00124667014461,-0.00136922812089,-0.000658017466776,0.00155725714285],[-0.000101368095784,-0.00060554605443,0.000859626976307,-0.00223733764142,-0.00581443868577,0.0250730793923,-0.0136232674122,0.000306681118673,0.00446484936401,-0.0036407080479,0.000485690368805,0.000894936150871,-0.000617125246208],[0.000432241795352,-0.000447278871434,-0.00324535928667,0.00396209163591,0.000523951661307,-0.0136232674122,0.0248900633305,-0.0101314419881,-0.00378887332045,0.005349106621,-0.00433287583292,0.000258723302977,-0.0000708999214112],[-0.000238778273342,-0.000591781979892,0.000358891906217,0.000715759932064,0.00132451369427,0.000306681118673,-0.0101314419881,0.0287382174283,-0.013559977524,-0.00102192361373,0.00571513874456,-0.00172710674815,-0.000199596746825],[0.000275839469396,0.00057095347438,0.00325845181942,-0.00449607055634,-0.00195108202752,0.00446484936401,-0.00378887332045,-0.013559977524,0.0358048938215,-0.0162151232362,-0.00214034202509,0.00421761302277,-0.00398705573753],[-0.000432749802712,0.000877676764503,-0.00489711295813,0.00421326467767,0.00124667014461,-0.0036407080479,0.005349106621,-0.00102192361373,-0.0162151232362,0.0347176231444,-0.0149190090597,-0.00000966406696534,0.00189406145364],[0.000156554815476,-0.000931065354962,0.00547945126891,-0.00232189288363,-0.00136922812089,0.000485690368805,-0.00433287583292,0.00571513874456,-0.00214034202509,-0.0149190090597,0.0361259542406,-0.0204456131905,0.00466363271698],[-0.0000756986410124,0.000408040941693,-0.00302461837418,0.00375284976326,-0.000658017466776,0.000894936150871,0.000258723302977,-0.00172710674815,0.00421761302277,-0.00000966406696534,-0.0204456131905,0.04445592314,-0.02278284356],[0.0000273117129836,0.000774209271185,0.000171080013388,-0.00353092816658,0.00155725714285,-0.000617125246208,-0.0000708999214112,-0.000199596746825,-0.00398705573753,0.00189406145364,0.00466363271698,-0.02278284356,0.0306816883385]],"mean":[-641.355163574,113.400299072,-1.93215954304,50.6137504578,9.49757194519,10.6332550049,-2.81158256531,3.4222869873,1.01605916023,-1.64752101898,1.58123922348,-3.47458219528,-0.784111440182]},"pitch_salience":{"dmean":0.0883356556296,"dmean2":0.149288013577,"dvar":0.00697584077716,"dvar2":0.0192835591733,"max":0.965122044086,"mean":0.561024188995,"median":0.588455855846,"min":0.0310089290142,"var":0.0219404492527},"silence_rate_20dB":{"dmean":0,"dmean2":0,"dvar":0,"dvar2":0,"max":1,"mean":1,"median":1,"min":1,"var":0},"silence_rate_30dB":{"dmean":0.00216242182069,"dmean2":0.00432536331937,"dvar":0.00215769303031,"dvar2":0.00574845494702,"max":1,"mean":0.99519520998,"median":1,"min":0,"var":0.00478170346469},"silence_rate_60dB":{"dmean":0.00312349828891,"dmean2":0.00624774722382,"dvar":0.00311352708377,"dvar2":0.00813023559749,"max":1,"mean":0.0781981945038,"median":0,"min":0,"var":0.0720831155777},"spectral_centroid":{"dmean":269.01373291,"dmean2":424.554626465,"dvar":93084.4921875,"dvar2":217343.15625,"max":11787.8251953,"mean":1677.23864746,"median":1567.26293945,"min":156.794006348,"var":2185191.25},"spectral_complexity":{"dmean":3.55478143692,"dmean2":5.74480342865,"dvar":12.3438587189,"dvar2":30.6727485657,"max":57,"mean":26.8924922943,"median":31,"min":0,"var":190.365646362},"spectral_contrast_coeffs":{"dmean":[0.0549896508455,0.0442296117544,0.0336325988173,0.0253898315132,0.0185985565186,0.0162444729358],"dmean2":[0.090332262218,0.0737668946385,0.0561653673649,0.0427169986069,0.0314046852291,0.0258796289563],"dvar":[0.00214039883576,0.00122965162154,0.000735102687031,0.000420353928348,0.000217476437683,0.000241030211328],"dvar2":[0.00568125816062,0.00349827762693,0.00198998069391,0.00114757742267,0.000604800996371,0.000563380657695],"max":[-0.24809037149,-0.47507032752,-0.52953350544,-0.620306551456,-0.611470997334,-0.585075557232],"mean":[-0.629500389099,-0.756091952324,-0.812563300133,-0.811190962791,-0.800333976746,-0.718812406063],"median":[-0.632671117783,-0.758490860462,-0.820192396641,-0.811436057091,-0.79501581192,-0.707576394081],"min":[-0.978742480278,-0.97727650404,-0.984446048737,-0.982765316963,-0.980959832668,-0.970512449741],"var":[0.0118978759274,0.00536068435758,0.00356433331035,0.00202525407076,0.00174383365083,0.00326650845818]},"spectral_contrast_valleys":{"dmean":[0.393221855164,0.345012336969,0.309919118881,0.239706218243,0.190811932087,0.214793950319],"dmean2":[0.663175821304,0.57725584507,0.513713181019,0.391057789326,0.304078042507,0.323079407215],"dvar":[0.120723046362,0.112369813025,0.100087419152,0.0808894559741,0.0819313526154,0.0941802039742],"dvar2":[0.291472584009,0.265418052673,0.221399322152,0.162636369467,0.157939478755,0.184393703938],"max":[-4.91193962097,-4.86330318451,-5.59108066559,-6.05226802826,-5.56794643402,-7.62194633484],"mean":[-7.17936086655,-7.1066904068,-7.77939891815,-7.83200454712,-7.42289400101,-10.6205024719],"median":[-6.54662084579,-6.42490243912,-7.16707658768,-7.10246610641,-6.57636976242,-9.99725246429],"min":[-28.1033058167,-27.9034481049,-27.9506988525,-27.8250617981,-27.586265564,-27.4407520294],"var":[8.93108463287,9.18488407135,8.39374923706,8.57661533356,9.11419582367,6.93065452576]},"spectral_decrease":{"dmean":3.48170314801e-9,"dmean2":5.80607562028e-9,"dvar":1.95420030052e-17,"dvar2":5.27028300382e-17,"max":2.02634889465e-28,"mean":-9.46109857125e-9,"median":-8.62694538029e-9,"min":-3.68921462268e-8,"var":3.63355991636e-17},"spectral_energy":{"dmean":0.0133096082136,"dmean2":0.0221795942634,"dvar":0.000285312271444,"dvar2":0.000768815341871,"max":0.143566533923,"mean":0.0376973748207,"median":0.0348877906799,"min":1.01187986514e-20,"var":0.00054136896506},"spectral_energyband_high":{"dmean":0.000260193977738,"dmean2":0.000413371104514,"dvar":1.69330263589e-7,"dvar2":3.4691609585e-7,"max":0.00980180501938,"mean":0.000999437063001,"median":0.000867595430464,"min":6.96776719895e-21,"var":9.9805993159e-7},"spectral_energyband_low":{"dmean":0.00981679651886,"dmean2":0.0164807159454,"dvar":0.000202287585125,"dvar2":0.000551770615857,"max":0.12922938168,"mean":0.0172955133021,"median":0.012962535955,"min":1.74902295601e-23,"var":0.000268172792858},"spectral_energyband_middle_high":{"dmean":0.00100635061972,"dmean2":0.00159693532623,"dvar":0.00000158186492172,"dvar2":0.0000039691612983,"max":0.0243954602629,"mean":0.0046241087839,"median":0.004629178904,"min":1.12990529073e-21,"var":0.0000106179077193},"spectral_energyband_middle_low":{"dmean":0.00707578333095,"dmean2":0.0117118973285,"dvar":0.000145615267684,"dvar2":0.00039074011147,"max":0.128698080778,"mean":0.0173323620111,"median":0.012691619806,"min":1.44076886776e-22,"var":0.000334419775754},"spectral_entropy":{"dmean":0.118167407811,"dmean2":0.187340661883,"dvar":0.021673977375,"dvar2":0.0517228841782,"max":9.82283878326,"mean":7.69953250885,"median":7.80404853821,"min":4.94523477554,"var":0.293540358543},"spectral_flux":{"dmean":0.0263636521995,"dmean2":0.0424816347659,"dvar":0.00103089993354,"dvar2":0.00236477795988,"max":0.320999234915,"mean":0.09629522264,"median":0.0945331454277,"min":6.31017738062e-11,"var":0.00276439753361},"spectral_kurtosis":{"dmean":1.12444782257,"dmean2":1.91845309734,"dvar":1.93920850754,"dvar2":5.34156131744,"max":44.2262916565,"mean":3.66550540924,"median":3.11870384216,"min":-1.25968563557,"var":6.6108250618},"spectral_rms":{"dmean":0.000993326772004,"dmean2":0.00162365566939,"dvar":0.00000124887196762,"dvar2":0.00000328561191054,"max":0.0118349017575,"mean":0.00564821111038,"median":0.0058341124095,"min":3.14197366041e-12,"var":0.00000487570605401},"spectral_rolloff":{"dmean":550.758117676,"dmean2":937.799072266,"dvar":541812.125,"dvar2":1257648.125,"max":19659.8144531,"mean":1659.20629883,"median":968.994140625,"min":43.06640625,"var":7063733},"spectral_skewness":{"dmean":0.163768589497,"dmean2":0.269328862429,"dvar":0.0304859112948,"dvar2":0.0778634622693,"max":5.20379495621,"mean":1.20710718632,"median":1.11244785786,"min":-0.14986987412,"var":0.221702247858},"spectral_spread":{"dmean":345169.4375,"dmean2":534244.125,"dvar":388373512192,"dvar2":724814790656,"max":42967896,"mean":4821695.5,"median":4005560.75,"min":1516875.875,"var":25887070224400},"spectral_strongpeak":{"dmean":0.287149220705,"dmean2":0.48939961195,"dvar":0.17467212677,"dvar2":0.455273032188,"max":5.88588285446,"mean":0.573659658432,"median":0.395353525877,"min":0,"var":0.327263981104},"zerocrossingrate":{"dmean":0.00842062290758,"dmean2":0.0107247047126,"dvar":0.000102688994957,"dvar2":0.000165642239153,"max":0.5234375,"mean":0.0620222762227,"median":0.05322265625,"min":0.00244140625,"var":0.00446797348559}},"metadata":{"audio_properties":{"analysis_sample_rate":44100,"bit_rate":0,"codec":"flac","downmix":"mix","equal_loudness":0,"length":193.266662598,"lossless":true,"md5_encoded":"304bfa525abf0b77a6f7147ada8e557d","replay_gain":-11.8894824982,"sample_rate":44100},"tags":{"album":["MACHINA II/the friends & enemies of modern music"],"album artist":["The Smashing Pumpkins"],"albumartist":["The Smashing Pumpkins"],"albumartistsort":["Smashing Pumpkins, The"],"artist":["The Smashing Pumpkins"],"artistsort":["Smashing Pumpkins, The"],"composer":["Billy Corgan"],"date":["2000-09-05"],"discnumber":["1"],"disctotal":["2"],"file_name":"Machina2.Q101.cd1t07.flac","genre":["Rock; Alternative Rock; Alternative; Grunge; Indie Rock"],"grouping":["Rock"],"label":["Q101"],"language":["eng"],"lyricist":["Billy Corgan"],"media":["CD"],"mood":["Melancholy; Melancholic; Mellow"],"musicbrainz_albumartistid":["ba0d6274-db14-4ef5-b28d-657ebde1a396"],"musicbrainz_albumid":["063e29a2-1c82-3adc-b34e-942e44d98ad2"],"musicbrainz_artistid":["ba0d6274-db14-4ef5-b28d-657ebde1a396"],"musicbrainz_recordingid":["68d42619-1e80-4ec5-b61a-b0b46ccdb86d"],"musicbrainz_releasegroupid":["f6675c5f-549d-34d8-bf24-9e9a3c86b418"],"musicbrainz_releasetrackid":["e6bf82d9-2b1d-3a6c-ba6b-4c8ecd14e1f2"],"musicbrainz_workid":["835be892-0cde-4397-b79a-c35f6ab6af9b"],"originaldate":["2000-09-05"],"originalyear":["2000"],"performer":["The Smashing Pumpkins"],"releasecountry":["US"],"releasestatus":["bootleg"],"releasetype":["album"],"script":["Latn"],"title":["Lucky 13"],"totaldiscs":["2"],"totaltracks":["11"],"tracknumber":["7"],"tracktotal":["11"]},"version":{"essentia":"2.1-beta1","essentia_build_sha":"ca57ba49d9b1854bd80e60cf9ccf267278fb7d6b","essentia_git_sha":"v2.1_beta1-28-g21ef5f4-dirty","extractor":"music 1.0"}},"rhythm":{"beats_count":355,"beats_loudness":{"dmean":0.0164277926087,"dmean2":0.0277154892683,"dvar":0.000197107467102,"dvar2":0.000543548027053,"max":0.127924904227,"mean":0.0396187603474,"m