{"lowlevel":{"average_loudness":0.889188826084,"barkbands":{"dmean":[0.0019404097693,0.00849872268736,0.00259115057997,0.00117052812129,0.00210092170164,0.0015576967271,0.00188883405644,0.0010433413554,0.0013071160065,0.00157610711176,0.000582321255933,0.000637709221337,0.00044780416647,0.00025836774148,0.000220817193622,0.000161735588335,0.00014523587015,0.000128913641674,0.000101567427919,0.0000867384151206,0.000055740118114,0.0000309803981509,0.0000185123226402,0.00000465674247607,0.00000265965900326,0.0000229072829825,0.000358603079803],"dmean2":[0.00334798474796,0.0146312257275,0.00441154558212,0.00194039347116,0.00354269589297,0.00257164263166,0.00300050526857,0.00169127550907,0.00207014428452,0.00255140452646,0.000952290894929,0.00104640086647,0.000734971719794,0.000431326945545,0.000368035893189,0.00026878650533,0.00023887072166,0.000209290563362,0.000161432195455,0.000135361027787,0.0000835795071907,0.0000454662003904,0.0000272830857284,0.00000731652971808,0.00000443032968178,0.000033181404433,0.000548410171177],"dvar":[0.00000647446267976,0.000175442866748,0.0000126772929434,0.00000295490826829,0.0000102684689409,0.0000170214698301,0.0000293280936603,0.00000960700072028,0.000010198677046,0.0000119658916446,0.00000330007947014,0.00000151683116201,7.82608367444e-7,1.63469536574e-7,1.11429244498e-7,7.6206568167e-8,6.99183786423e-8,6.8875181114e-8,3.43325723406e-8,6.73066296031e-8,3.05695699865e-8,4.29675628411e-9,1.7689764098e-9,6.42646838522e-11,1.68444286297e-11,2.84717249777e-9,2.42988392074e-7],"dvar2":[0.0000179913040483,0.000476320419693,0.0000355414013029,0.00000764758897276,0.0000281671218545,0.0000424292229582,0.0000692380708642,0.0000237764379563,0.0000232366928685,0.0000303673241433,0.00000868758797878,0.0000035875557387,0.00000198562293008,4.30986062838e-7,2.87020554879e-7,1.99217481622e-7,1.7834148025e-7,1.77651386934e-7,8.4976157666e-8,1.59178185299e-7,6.32470928963e-8,9.07643471493e-9,3.75217990012e-9,1.49926349113e-10,4.28954823051e-11,5.7924398611e-9,5.53367158318e-7],"max":[0.0324820689857,0.2011154145,0.0417653210461,0.0534723326564,0.100318178535,0.130513295531,0.154029548168,0.0937533080578,0.143481642008,0.0719171836972,0.0638423040509,0.0641281977296,0.0278450977057,0.0150555428118,0.00894794799387,0.00668721320108,0.00477285403758,0.00698176957667,0.00481502618641,0.0102324858308,0.0102582583204,0.00253531197086,0.000956801173743,0.00016047579993,0.0000530385150341,0.00125319918152,0.0139364497736],"mean":[0.00270364130847,0.0106919147074,0.00354917650111,0.00172412802931,0.00355215813033,0.00234266906045,0.00289630540647,0.00154068297707,0.00204489147291,0.00255498848855,0.00085687864339,0.00108544214163,0.00073484092718,0.000470723898616,0.000410543638282,0.000281303975498,0.000249318807619,0.000239410190261,0.000217931810766,0.000178969479748,0.000118263065815,0.0000647836714052,0.0000305401081278,0.00000688271029503,0.00000285708415504,0.0000383807455364,0.00126188725699],"median":[0.00149624957703,0.00511335814372,0.0024028471671,0.000955529161729,0.00238045770675,0.00111844867934,0.00106871395838,0.000502021983266,0.000794410821982,0.00104727223516,0.000370865454897,0.000725422170945,0.000340097874869,0.000319493934512,0.000270054239081,0.000160062583745,0.000126170416479,0.0000911232491489,0.00011131298379,0.0000644299216219,0.0000426435144618,0.0000245953488047,0.00000912619179871,0.00000320948993249,0.00000135977472837,0.0000117355939437,0.000953561160713],"min":[4.50817342647e-25,8.14139400726e-24,1.8117973514e-24,2.34075225418e-24,1.62493119131e-23,7.84931194622e-24,1.23468990566e-23,1.07227220163e-23,1.3001017786e-23,2.15155217022e-23,8.31693054703e-24,2.05755765787e-23,3.60428812101e-23,2.41747355261e-23,4.46820346157e-23,6.01449263593e-23,7.167228571e-23,1.06908032841e-22,1.47287272981e-22,2.05034567059e-22,3.0691048774e-22,3.49583495579e-22,4.42240977048e-22,6.09787914636e-22,9.99332225908e-22,1.24661964718e-21,1.80058619906e-21],"var":[0.0000103702604974,0.000193299449165,0.0000149756169776,0.00000565431673749,0.0000193355099327,0.0000283070367004,0.0000535183135071,0.0000162834585353,0.0000190271985048,0.0000234793660638,0.00000500501846545,0.00000288733781417,0.00000172157240286,3.25384661437e-7,2.43660508659e-7,1.45612830238e-7,1.32660659347e-7,1.66380502264e-7,9.44288203186e-8,1.74201403524e-7,9.60873407507e-8,1.18569056795e-8,3.36683414481e-9,1.13452344741e-10,1.79582720222e-11,5.73789593616e-9,0.00000154159624799]},"barkbands_crest":{"dmean":3.03948807716,"dmean2":5.0919213295,"dvar":7.94143247604,"dvar2":21.2995929718,"max":24.48869133,"mean":9.24780845642,"median":8.31896018982,"min":2.60675764084,"var":15.9023799896},"barkbands_flatness_db":{"dmean":0.0257177595049,"dmean2":0.0414071008563,"dvar":0.000643199076876,"dvar2":0.00167526281439,"max":0.620333731174,"mean":0.144069328904,"median":0.126725941896,"min":0.0311975199729,"var":0.00507903052494},"barkbands_kurtosis":{"dmean":4.83683300018,"dmean2":7.98234844208,"dvar":201.228210449,"dvar2":566.032531738,"max":377.265045166,"mean":8.74942111969,"median":3.89580798149,"min":-1.8176677227,"var":529.157287598},"barkbands_skewness":{"dmean":0.592254936695,"dmean2":0.959701001644,"dvar":0.483080804348,"dvar2":1.26869988441,"max":13.7947540283,"mean":1.94231057167,"median":1.7227370739,"min":-2.09333276749,"var":1.58908081055},"barkbands_spread":{"dmean":7.20274305344,"dmean2":11.3356199265,"dvar":58.4435310364,"dvar2":136.795684814,"max":125.836090088,"mean":30.0044708252,"median":26.0816040039,"min":0.315983712673,"var":375.453704834},"dissonance":{"dmean":0.0252601485699,"dmean2":0.0428950153291,"dvar":0.000786741089541,"dvar2":0.00220550573431,"max":0.500000119209,"mean":0.45889043808,"median":0.471379756927,"min":0.182517975569,"var":0.00154755462427},"dynamic_complexity":2.48514270782,"erbbands":{"dmean":[0.279548108578,1.85027551651,3.27737998962,2.90791296959,6.19437265396,7.38537454605,9.73344516754,14.1525602341,23.2614421844,27.5134811401,21.9580574036,27.6203422546,37.2661895752,47.8948631287,24.3351669312,22.0978870392,20.4399757385,11.8878202438,12.011724472,10.1299381256,8.0256061554,7.65065908432,7.05727815628,5.64703989029,4.4478559494,4.13361597061,3.0047852993,1.72828412056,1.16433537006,0.887661218643,0.462252736092,0.171282976866,0.0456761755049,0.0293179545552,0.0192446131259,0.0130367595702,0.0442128516734,0.0571425519884,0.0269512515515,0.00881146639585],"dmean2":[0.475693255663,3.22718000412,5.62256526947,4.81239366531,10.4915046692,12.5165758133,16.3891010284,23.2330265045,36.9760742188,44.3315544128,35.4495582581,43.7770996094,59.6858634949,77.6761779785,39.587600708,36.2466278076,33.4093856812,19.7486839294,20.0741348267,16.740901947,13.2321071625,12.4834070206,11.465883255,9.00107955933,6.99690914154,6.47177314758,4.56884860992,2.62367796898,1.73240911961,1.29501283169,0.679496705532,0.256989568472,0.0751151144505,0.0489091984928,0.0319799222052,0.0210982970893,0.0635426864028,0.0796460062265,0.0385048091412,0.0134117435664],"dvar":[0.187388196588,8.80567741394,22.2592391968,15.2641992569,84.0342407227,205.292144775,415.419311523,1683.80786133,5937.08984375,6447.56689453,4067.03027344,6036.03759766,6462.89404297,13684.5791016,5398.65478516,1549.36682129,1540.56274414,409.49395752,296.799804688,303.57635498,180.590072632,199.868453979,212.406295776,109.925094604,69.0542068481,193.965209961,95.6246032715,28.8490657806,6.63571071625,3.39202904701,1.14065110683,0.122506089509,0.00476187188178,0.00211308337748,0.000855319551192,0.000320709659718,0.0106551321223,0.0141604496166,0.00324944267049,0.00010733876843],"dvar2":[0.508484125137,24.0614490509,62.647441864,38.9233512878,229.164978027,578.539428711,1059.58569336,4198.25244141,14251.5888672,15725.3359375,10075.0507812,13656.1816406,15731.5791016,34628.1015625,13874.171875,3777.54003906,3874.93554688,1079.37854004,782.144226074,781.669189453,459.078491211,514.146789551,547.171020508,277.007965088,165.355102539,483.686065674,203.296722412,62.9577407837,14.4125909805,7.04322528839,2.38823747635,0.263041675091,0.0120751773939,0.00540323695168,0.00216928287409,0.000783410330769,0.0213931575418,0.027485229075,0.00633058091626,0.000247547315666],"max":[5.04446315765,47.9206962585,65.592124939,78.1901168823,259.551940918,541.31036377,669.589294434,1303.88928223,2715.11523438,3107.55395508,2037.76074219,4125.19042969,2736.16552734,2573.10986328,2901.12988281,1606.26513672,1143.45019531,872.468933105,430.227264404,412.783691406,267.956329346,229.003189087,489.179656982,311.290527344,223.320510864,571.107727051,593.027587891,306.286804199,112.193748474,39.819694519,25.771238327,7.93640899658,0.88486802578,0.596798360348,0.376496136189,0.232215613127,2.33979582787,4.14262533188,2.26743102074,0.221101179719],"mean":[0.396895349026,2.04975104332,4.39022636414,4.69873857498,9.35713195801,11.7590894699,14.1999168396,21.1027984619,36.1326370239,41.4499473572,35.0536155701,44.414390564,61.0740737915,78.7436447144,42.2304649353,41.3014335632,35.2299575806,23.1706924438,24.4562988281,19.0403594971,15.227678299,13.954123497,13.3398666382,12.0019922256,9.89486312866,8.44016647339,6.22191810608,3.67982530594,2.44812560081,1.63127195835,0.764223337173,0.281314522028,0.0554444082081,0.0314248763025,0.0211762133986,0.0174715034664,0.077188462019,0.121891997755,0.0803958624601,0.0405010208488],"median":[0.150158882141,1.04175257683,2.94835472107,3.03989648819,5.53638410568,6.7890958786,7.99164915085,9.30438709259,13.3384361267,16.0437717438,12.9808673859,18.3026885986,30.408416748,30.0251216888,23.8792800903,28.3747692108,17.4495182037,15.552947998,17.7685241699,11.4596881866,9.1313457489,7.19114875793,5.25172996521,5.80230045319,4.9600815773,2.99238014221,2.0505502224,1.42800712585,0.960196971893,0.53757584095,0.231927365065,0.10514498502,0.029872149229,0.0148403849453,0.0104311592877,0.0102282175794,0.0238468199968,0.0417525991797,0.039373613894,0.035370439291],"min":[1.62614651043e-22,1.05914933954e-21,1.80176456792e-21,6.722235517e-21,1.48070354123e-20,5.00787905978e-20,7.3629879564e-20,8.83042251894e-20,1.31991788628e-19,2.53539388048e-19,1.98742924691e-19,2.99730316675e-19,6.39507703828e-19,5.48532777397e-19,8.37104453458e-19,9.78482182949e-19,1.82857332033e-18,1.70406578433e-18,2.63977507819e-18,3.68250551669e-18,3.49854592513e-18,4.71713268711e-18,5.66889662608e-18,6.28400550037e-18,7.11376484848e-18,9.83043856553e-18,1.17143333116e-17,1.2248484365e-17,1.15044933067e-17,1.30028408236e-17,1.28178311263e-17,1.09411419505e-17,1.01960887922e-17,8.13082146193e-18,7.49312972974e-18,3.67200983549e-18,2.35897869309e-18,9.63915325567e-19,2.31976521388e-19,2.81108607006e-20],"var":[0.316182047129,7.7937078476,23.36693573,29.858373642,146.904174805,375.480102539,633.304992676,2686.12475586,10122.1464844,11902.6806641,7322.06201172,10422.7646484,10663.1835938,28200.4589844,8580.54296875,3114.60180664,3132.91650391,874.134277344,678.133911133,643.715454102,378.021026611,392.209960938,497.758148193,316.305206299,199.792755127,422.721008301,307.368682861,76.4270629883,17.6918354034,7.73398733139,2.18581604958,0.250890254974,0.00557711953297,0.0022148527205,0.000929352652747,0.000440496514784,0.022842509672,0.0402783043683,0.0154489651322,0.000842547509819]},"erbbands_crest":{"dmean":2.96143007278,"dmean2":4.84164762497,"dvar":8.197224617,"dvar2":20.9056529999,"max":31.235086441,"mean":9.37130737305,"median":8.087266922,"min":2.38551354408,"var":23.5826454163},"erbbands_flatness_db":{"dmean":0.0238545872271,"dmean2":0.0367405153811,"dvar":0.000533247017302,"dvar2":0.00129799812566,"max":0.381362080574,"mean":0.154187306762,"median":0.146124482155,"min":0.0270763467997,"var":0.00252475170419},"erbbands_kurtosis":{"dmean":2.19869804382,"dmean2":3.63149595261,"dvar":88.0817108154,"dvar2":241.396469116,"max":317.454467773,"mean":2.19071483612,"median":0.454501390457,"min":-1.78034806252,"var":94.3596725464},"erbbands_skewness":{"dmean":0.424952864647,"dmean2":0.677578985691,"dvar":0.339898616076,"dvar2":0.893902719021,"max":13.632185936,"mean":0.308265030384,"median":0.160626530647,"min":-3.38070225716,"var":1.12228477001},"erbbands_spread":{"dmean":6.02485656738,"dmean2":9.44654655457,"dvar":37.9631233215,"dvar2":91.1639328003,"max":133.223342896,"mean":26.3322277069,"median":23.7473373413,"min":1.34794998169,"var":213.227828979},"gfcc":{"cov":[[15038.8417969,-320.26651001,-2326.87036133,-30.1248836517,150.291656494,-914.518981934,312.362548828,-451.154998779,53.7707176208,-14.2512655258,-55.3162345886,196.525039673,-263.68270874],[-320.26651001,981.894165039,263.299407959,-477.982696533,-8.17371082306,221.607559204,-29.1016540527,70.6482467651,-1.81950032711,-43.2832298279,12.231760025,-154.037506104,152.764465332],[-2326.87036133,263.299407959,750.911865234,10.8303041458,-61.9763450623,326.545379639,-106.805145264,149.410949707,-47.6257820129,-19.2178897858,-22.174659729,-86.5486679077,92.2948455811],[-30.1248836517,-477.982696533,10.8303041458,542.151428223,105.601570129,-147.660186768,44.1052818298,-47.4506225586,11.9065694809,19.5655441284,7.15451145172,113.173522949,-103.316688538],[150.291656494,-8.17371082306,-61.9763450623,105.601570129,219.258117676,8.66016864777,51.2085113525,-53.9803466797,19.3211612701,-11.4601697922,12.12342453,7.83787536621,-0.367962181568],[-914.518981934,221.607559204,326.545379639,-147.660186768,8.66016864777,344.034332275,-39.8690605164,117.036117554,-42.7627449036,-19.2709159851,-24.5882701874,-85.0698699951,98.1923828125],[312.362548828,-29.1016540527,-106.805145264,44.1052818298,51.2085113525,-39.8690605164,185.760665894,-24.1708831787,35.8206367493,-23.6311092377,-22.8874187469,19.8030834198,-31.427822113],[-451.154998779,70.6482467651,149.410949707,-47.4506225586,-53.9803466797,117.036117554,-24.1708831787,167.362350464,2.0918776989,17.5215930939,-4.51066970825,-50.7914352417,41.0748672485],[53.7707176208,-1.81950032711,-47.6257820129,11.9065694809,19.3211612701,-42.7627449036,35.8206367493,2.0918776989,102.223442078,31.9802417755,4.86519956589,15.2559318542,-33.0206260681],[-14.2512655258,-43.2832298279,-19.2178897858,19.5655441284,-11.4601697922,-19.2709159851,-23.6311092377,17.5215930939,31.9802417755,77.9694290161,39.655292511,10.6847267151,-3.78523921967],[-55.3162345886,12.231760025,-22.174659729,7.15451145172,12.12342453,-24.5882701874,-22.8874187469,-4.51066970825,4.86519956589,39.655292511,72.1497192383,34.0497436523,11.0026950836],[196.525039673,-154.037506104,-86.5486679077,113.173522949,7.83787536621,-85.0698699951,19.8030834198,-50.7914352417,15.2559318542,10.6847267151,34.0497436523,114.249671936,-21.0558376312],[-263.68270874,152.764465332,92.2948455811,-103.316688538,-0.367962181568,98.1923828125,-31.427822113,41.0748672485,-33.0206260681,-3.78523921967,11.0026950836,-21.0558376312,109.558769226]],"icov":[[0.000157171481987,-0.000291796255624,0.000709809130058,-0.000323982851114,0.000173091306351,-0.000204337746254,0.000109464330308,0.00000917337820283,0.00020017575298,-0.000182473755558,0.00049228197895,-0.000126875573187,0.0000735476933187],[-0.000291796255624,0.00365142780356,-0.00291013414972,0.00326640857384,-0.0014402042143,0.00158935750369,-0.000950620335061,0.000276119681075,-0.00173094810452,0.00241207401268,-0.00360809313133,0.00232268264517,-0.00169696437661],[0.000709809130058,-0.00291013414972,0.00786594673991,-0.00568480417132,0.00433130795136,-0.0056116306223,0.0020604825113,0.000701968558133,-0.000965101295151,0.00131471583154,0.000837721454445,0.00151756894775,-0.000887293892447],[-0.000323982851114,0.00326640857384,-0.00568480417132,0.0092643070966,-0.00672844843939,0.00549677107483,-0.00134243012872,-0.00289370608516,0.0033824716229,-0.003000886878,0.00224662781693,-0.00519237993285,0.00363413454033],[0.000173091306351,-0.0014402042143,0.00433130795136,-0.00672844843939,0.0113685438409,-0.00586173636839,-0.000563729612622,0.00525189377367,-0.00539395073429,0.00519120879471,-0.00626268982887,0.0063580898568,-0.00400353223085],[-0.000204337746254,0.00158935750369,-0.0056116306223,0.00549677107483,-0.00586173636839,0.0108957979828,-0.00108637881931,-0.00434431340545,0.00360232335515,-0.00253007025458,0.00359696429223,-0.00193009548821,-0.000998812029138],[0.000109464330308,-0.000950620335061,0.0020604825113,-0.00134243012872,-0.000563729612622,-0.00108637881931,0.00778251420707,-0.000635806994978,-0.00239894283004,0.00240229000337,0.00258656218648,-0.00150125159416,0.0008415277116],[0.00000917337820283,0.000276119681075,0.000701968558133,-0.00289370608516,0.00525189377367,-0.00434431340545,-0.000635806994978,0.011961273849,-0.00446052104235,0.000533694052137,-0.0037825377658,0.00649822037667,-0.00413588853553],[0.00020017575298,-0.00173094810452,-0.000965101295151,0.0033824716229,-0.00539395073429,0.00360232335515,-0.00239894283004,-0.00446052104235,0.0195101369172,-0.012918564491,0.00934019777924,-0.0080578783527,0.00758287543431],[-0.000182473755558,0.00241207401268,0.00131471583154,-0.003000886878,0.00519120879471,-0.00253007025458,0.00240229000337,0.000533694052137,-0.012918564491,0.0300719328225,-0.0202329792082,0.00932144187391,-0.00399710610509],[0.00049228197895,-0.00360809313133,0.000837721454445,0.00224662781693,-0.00626268982887,0.00359696429223,0.00258656218648,-0.0037825377658,0.00934019777924,-0.0202329792082,0.0354036577046,-0.0158512946218,0.00205811322667],[-0.000126875573187,0.00232268264517,0.00151756894775,-0.00519237993285,0.0063580898568,-0.00193009548821,-0.00150125159416,0.00649822037667,-0.0080578783527,0.00932144187391,-0.0158512946218,0.023334665224,-0.00686472095549],[0.0000735476933187,-0.00169696437661,-0.000887293892447,0.00363413454033,-0.00400353223085,-0.000998812029138,0.0008415277116,-0.00413588853553,0.00758287543431,-0.00399710610509,0.00205811322667,-0.00686472095549,0.0191403534263]],"mean":[2.53391909599,102.893486023,-81.2704544067,-12.8205099106,-13.1087236404,-16.7596321106,8.73931503296,-18.6526679993,-0.0118833305314,-10.3195886612,-5.64086771011,-1.73605513573,-7.3407201767]},"hfc":{"dmean":67.8369369507,"dmean2":103.438819885,"dvar":6075.04052734,"dvar2":14016.6582031,"max":1856.59863281,"mean":302.219909668,"median":270.890197754,"min":1.07597476942e-16,"var":33661.6445312},"melbands":{"dmean":[0.00241369451396,0.00191366521176,0.000568775169086,0.000478501431644,0.000333302887157,0.000317278929288,0.000362124235835,0.000279296276858,0.000176218745764,0.000188126752619,0.000194025080418,0.000210231082747,0.0000789807527326,0.0000771124396124,0.00005778013292,0.0000347735149262,0.0000234533290495,0.0000219710254896,0.0000158660586749,0.0000127762341435,0.00000978035859589,0.0000088072329163,0.00000779992387834,0.00000594631683271,0.00000497198743687,0.00000384981285606,0.00000306794709104,0.0000029769264529,0.00000223228357754,0.0000014555839698,9.51790070758e-7,7.01645831214e-7,6.29796033991e-7,4.8227593652e-7,3.06785949533e-7,1.61257872833e-7,8.53579109616e-8,3.03736165108e-8,2.65919322118e-8,2.40406095031e-8],"dmean2":[0.0041164890863,0.00330250361003,0.000946271931753,0.000810002034996,0.000560416665394,0.000519758265,0.000573817756958,0.000451053172583,0.00028564533568,0.000297532184049,0.000311153329676,0.000340922793839,0.000128799205413,0.000126560495119,0.0000947671142058,0.0000573911274842,0.0000391540634155,0.0000368220171367,0.0000265440321527,0.0000211895967368,0.0000161782463692,0.0000145154472193,0.0000126914965222,0.00000976931642072,0.00000801092301117,0.00000616767283645,0.0000048989327297,0.00000473655745736,0.00000346353635905,0.0000022602800982,0.00000147329194533,0.00000107733524146,9.42648341606e-7,7.20263813037e-7,4.59136913378e-7,2.43120609866e-7,1.32334321279e-7,5.07880173473e-8,4.44752856765e-8,4.01031137187e-8],"dvar":[0.0000138376763061,0.00000808649110695,5.73700219775e-7,5.63242338103e-7,4.03796860837e-7,7.69504083564e-7,0.00000124052462525,6.51829395792e-7,2.5200998266e-7,2.665717318e-7,1.70077782968e-7,2.62081925939e-7,6.46433235829e-8,2.50710598948e-8,1.2707319641e-8,4.61816984654e-9,1.52350343452e-9,1.06998943039e-9,6.90592194541e-10,5.36063082812e-10,2.92485397013e-10,2.64746335965e-10,2.86817458672e-10,1.4886668287e-10,8.91087273414e-11,5.55307605454e-11,4.48710166245e-11,1.25417384811e-10,5.39262974553e-11,2.38990043033e-11,1.07937868712e-11,2.97355434546e-12,1.47502203594e-12,1.13772034328e-12,5.28963266418e-13,1.27969927407e-13,2.87222638251e-14,2.30462248948e-15,1.78228352893e-15,1.41156685407e-15],"dvar2":[0.0000372584472643,0.0000223979877774,0.0000015101027202,0.00000154232725436,0.00000104364085018,0.00000191916637959,0.00000297421161122,0.00000160185493314,6.26148619176e-7,5.97135681346e-7,4.15279629351e-7,6.65251718601e-7,1.69586471088e-7,5.81966475011e-8,3.22994964108e-8,1.17995302418e-8,4.02582411851e-9,2.84723022936e-9,1.7720095391e-9,1.4038479268e-9,7.47210737728e-10,6.79703737738e-10,7.55648765782e-10,3.93664462139e-10,2.29743543634e-10,1.38685660178e-10,1.06366096486e-10,3.18958970347e-10,1.2048587128e-10,5.16893819413e-11,2.50160638732e-11,6.92076864567e-12,3.12587022239e-12,2.48350602236e-12,1.13572757969e-12,2.77482436984e-13,6.56162000819e-14,5.91029478573e-15,4.5695360744e-15,3.60664934875e-15],"max":[0.0517630279064,0.0460804067552,0.0223780591041,0.0274708811194,0.0177720300853,0.0272710435092,0.0367437712848,0.0291689243168,0.0191323645413,0.0277427472174,0.0133076626807,0.011251533404,0.0102913817391,0.00919648725539,0.00428894301876,0.0020835804753,0.00171054911334,0.000787369848695,0.00100170040969,0.000674405426253,0.000428046565503,0.000305415363982,0.000489760714117,0.000352748204023,0.000273206824204,0.000234872815781,0.000245508155786,0.000434812682215,0.000346980436007,0.000299983919831,0.000223580602324,0.0000705882339389,0.000025471115805,0.0000228804674407,0.0000170806160895,0.00000844745409267,0.00000375052445634,6.29196506452e-7,5.51225298295e-7,4.86467342853e-7],"mean":[0.00333551131189,0.00247030705214,0.000985162565485,0.00078041915549,0.000511403370183,0.000475956330774,0.000569603347685,0.00042245638906,0.000274139543762,0.000294533296255,0.000312680931529,0.000336217111908,0.000126676284708,0.000130702275783,0.0000984038997558,0.0000578462095291,0.0000420561955252,0.0000413981688325,0.0000286875438178,0.0000218966579268,0.0000170902385435,0.000014734971046,0.0000130878215714,0.0000108154918053,0.00000969166467257,0.00000772010298533,0.00000623266714683,0.00000549344349565,0.0000042292699618,0.00000284188422484,0.00000185835290267,0.00000136912819926,0.00000120184790831,7.91490776919e-7,4.81625420434e-7,2.58501984263e-7,1.30220712435e-7,3.22725348667e-8,2.76899392304e-8,2.5493635647e-8],"median":[0.00151289440691,0.00166589440778,0.000659741810523,0.000494181644171,0.00029773460119,0.000215753854718,0.000215447682422,0.000162854936207,0.000101194906165,0.000113638379844,0.000152944412548,0.000120397198771,0.0000631508009974,0.0000866172267706,0.0000528979944647,0.000028694375942,0.0000274517806247,0.0000286219146801,0.0000179579801625,0.0000117971712825,0.00000976290539256,0.00000753935273679,0.00000490627371619,0.00000419141679231,0.00000449454819318,0.00000379982861887,0.00000277102003565,0.00000170477756001,0.00000130389526021,9.97817778625e-7,7.0322079182e-7,5.35418394065e-7,4.16738345166e-7,2.3745289468e-7,1.37740101991e-7,8.6227494478e-8,5.17903657737e-8,1.51819161687e-8,1.24374368582e-8,1.18852216957e-8],"min":[2.66231148346e-24,1.38615916695e-24,1.46550654389e-24,2.33719370264e-24,2.37557533555e-24,1.7182080769e-24,2.17293333786e-24,2.19762073989e-24,1.43101774233e-24,1.52203631636e-24,3.52042116274e-24,2.0529659352e-24,1.75703699395e-24,2.88964561634e-24,2.20414422515e-24,3.19733627647e-24,2.67662516737e-24,3.14782440783e-24,4.2646956496e-24,4.76579508495e-24,3.21901417415e-24,2.81671167856e-24,4.72497823842e-24,4.65264797645e-24,4.43677421759e-24,5.34638961144e-24,4.20161635946e-24,5.3371528391e-24,6.24453891204e-24,6.26258173867e-24,5.82746065727e-24,4.68898448747e-24,6.3114859872e-24,6.0399312702e-24,6.09991349241e-24,4.50024320501e-24,6.75851768497e-24,6.88762344958e-24,6.29318204761e-24,6.6775379576e-24],"var":[0.0000185125863936,0.00000759763270253,0.00000118119476156,0.00000109068776055,6.54447831039e-7,0.0000012689893083,0.00000220207857637,0.00000118112109249,4.41896077064e-7,4.73495560982e-7,2.81086073528e-7,5.41186864211e-7,9.68016777847e-8,4.95097722819e-8,2.96415993972e-8,8.58379323176e-9,3.03578406857e-9,2.2188264559e-9,1.45760303827e-9,1.0243698112e-9,5.61499735596e-10,4.68611760507e-10,5.70135549882e-10,3.3641534003e-10,2.21970067327e-10,1.29578542341e-10,1.12721249002e-10,2.40640590787e-10,1.52798898534e-10,6.39132427538e-11,2.13264492871e-11,6.52788847283e-12,3.81533997104e-12,2.13259249669e-12,9.42034969996e-13,2.44213639112e-13,5.21753457496e-14,2.38897786542e-15,1.83920583705e-15,1.48322615905e-15]},"melbands_crest":{"dmean":4.07491254807,"dmean2":6.80912446976,"dvar":11.3816413879,"dvar2":30.9900779724,"max":37.7226295471,"mean":14.8733377457,"median":13.8928050995,"min":1.57356655598,"var":33.5126914978},"melbands_flatness_db":{"dmean":0.0343979895115,"dmean2":0.0556205697358,"dvar":0.00102096074261,"dvar2":0.00267159147188,"max":0.789038896561,"mean":0.259805828333,"median":0.24262689054,"min":0.00329931383021,"var":0.00769968470559},"melbands_kurtosis":{"dmean":6.88414859772,"dmean2":11.2050256729,"dvar":387.857177734,"dvar2":950.796936035,"max":599.278381348,"mean":10.8568983078,"median":4.22747659683,"min":-1.82984387875,"var":939.740600586},"melbands_skewness":{"dmean":0.778366744518,"dmean2":1.25467026234,"dvar":0.715903043747,"dvar2":1.83961760998,"max":16.375497818,"mean":2.1262845993,"median":1.87482428551,"min":-1.25673675537,"var":2.39966702461},"melbands_spread":{"dmean":5.10366821289,"dmean2":8.25788116455,"dvar":34.18592453,"dvar2":85.0077133179,"max":190.202819824,"mean":18.3300285339,"median":16.7976417542,"min":0.0899521410465,"var":153.386245728},"mfcc":{"cov":[[9583.82324219,-215.112930298,-2064.55053711,817.195800781,-693.383789062,134.350341797,-461.550018311,46.511505127,-393.988128662,-40.9842224121,-67.9287261963,52.1381721497,52.5367736816],[-215.112930298,1364.20019531,218.802368164,-553.849609375,55.2800827026,-28.9827136993,116.299865723,-37.8172607422,144.845504761,32.0056724548,13.6741361618,-72.3403244019,-17.1935100555],[-2064.55053711,218.802368164,848.824523926,-280.311279297,211.805526733,-56.090423584,152.380218506,3.09102153778,143.043106079,24.3628444672,9.81597805023,-33.0211143494,-32.8058776855],[817.195800781,-553.849609375,-280.311279297,657.311523438,-73.7800445557,83.8177185059,-111.777580261,58.5123672485,-140.302627563,-8.60699367523,-13.5500555038,56.4605941772,19.4866161346],[-693.383789062,55.2800827026,211.805526733,-73.7800445557,260.722442627,24.0286865234,80.3422698975,-20.5719528198,43.063911438,-4.03661632538,11.8693132401,-10.8339719772,1.05902290344],[134.350341797,-28.9827136993,-56.090423584,83.8177185059,24.0286865234,165.625534058,15.3542890549,44.7761955261,-12.8839130402,8.97500419617,-22.1479091644,-12.9118432999,0.294143587351],[-461.550018311,116.299865723,152.380218506,-111.777580261,80.3422698975,15.3542890549,163.727798462,17.8596973419,73.8079223633,-3.9198346138,6.57154941559,-31.8494949341,-16.8390159607],[46.511505127,-37.8172607422,3.09102153778,58.5123672485,-20.5719528198,44.7761955261,17.8596973419,113.305496216,22.7766132355,23.9806880951,-12.4356641769,-3.7506172657,-16.9804935455],[-393.988128662,144.845504761,143.043106079,-140.302627563,43.063911438,-12.8839130402,73.8079223633,22.7766132355,133.286422729,40.0775756836,21.5516815186,-19.1556797028,-18.4407539368],[-40.9842224121,32.0056724548,24.3628444672,-8.60699367523,-4.03661632538,8.97500419617,-3.9198346138,23.9806880951,40.0775756836,74.243927002,25.2610015869,3.25440883636,-9.0951166153],[-67.9287261963,13.6741361618,9.81597805023,-13.5500555038,11.8693132401,-22.1479091644,6.57154941559,-12.4356641769,21.5516815186,25.2610015869,74.0710525513,25.6335639954,6.50251054764],[52.1381721497,-72.3403244019,-33.0211143494,56.4605941772,-10.8339719772,-12.9118432999,-31.8494949341,-3.7506172657,-19.1556797028,3.25440883636,25.6335639954,72.5295639038,29.3109054565],[52.5367736816,-17.1935100555,-32.8058776855,19.4866161346,1.05902290344,0.294143587351,-16.8390159607,-16.9804935455,-18.4407539368,-9.0951166153,6.50251054764,29.3109054565,53.9167556763]],"icov":[[0.000243485192186,-0.000119654476293,0.000512508559041,-0.000138519113534,0.000161502815899,0.0000344040963682,0.000115318929602,-0.0000772430503275,0.0000728192680981,-0.0000197974804905,0.0000592049473198,0.000100899218523,0.0000543946989637],[-0.000119654476293,0.00121688912623,-0.00021950462542,0.000991275301203,0.0000333375901391,-0.0002765939862,-0.000175609995495,0.00015650394198,-0.000230904115597,-0.000327748683048,-0.000117182884424,0.000455279776361,-0.000359516416211],[0.000512508559041,-0.00021950462542,0.00301472540013,0.0000858926941874,-0.000953459355514,0.000913313240744,-0.000478251982713,-0.000447454513051,-0.000568375980947,-0.00054673088016,0.000883583095856,-0.000205699252547,0.000675986753777],[-0.000138519113534,0.000991275301203,0.0000858926941874,0.00335455336608,-0.000210992380744,-0.000933107337914,0.0003616468166,-0.00142688385677,0.00205797539093,-0.000499200366903,-0.000328630529111,-0.000976768089458,0.00015404210717],[0.000161502815899,0.0000333375901391,-0.000953459355514,-0.000210992380744,0.00588042009622,-0.00171915569808,-0.0015770382015,0.00183806894347,-0.000402114266763,0.000638208177406,-0.000835685466882,0.0000319764258165,-0.00061686540721],[0.0000344040963682,-0.0002765939862,0.000913313240744,-0.000933107337914,-0.00171915569808,0.00859583262354,-0.00152924831491,-0.00286750751548,0.00154480570927,-0.00243255263194,0.00222741416655,0.00171422981657,-0.00170512567274],[0.000115318929602,-0.000175609995495,-0.000478251982713,0.0003616468166,-0.0015770382015,-0.00152924831491,0.0113928820938,-0.00202236883342,-0.00481182197109,0.00510847521946,-0.00267952005379,0.0029583349824,0.000301393010886],[-0.0000772430503275,0.00015650394198,-0.000447454513051,-0.00142688385677,0.00183806894347,-0.00286750751548,-0.00202236883342,0.0135442940518,-0.00299276364967,-0.00323495524935,0.00356954103336,-0.00257960427552,0.00338474358432],[0.0000728192680981,-0.000230904115597,-0.000568375980947,0.00205797539093,-0.000402114266763,0.00154480570927,-0.00481182197109,-0.00299276364967,0.0169506967068,-0.00745866959915,-0.00178044068161,0.00103866215795,0.000509323785082],[-0.0000197974804905,-0.000327748683048,-0.00054673088016,-0.000499200366903,0.000638208177406,-0.00243255263194,0.00510847521946,-0.00323495524935,-0.00745866959915,0.0222121309489,-0.0075255818665,0.000347289722413,0.00225460715592],[0.0000592049473198,-0.000117182884424,0.000883583095856,-0.000328630529111,-0.000835685466882,0.00222741416655,-0.00267952005379,0.00356954103336,-0.00178044068161,-0.0075255818665,0.0208355654031,-0.0080584930256,0.00084253679961],[0.000100899218523,0.000455279776361,-0.000205699252547,-0.000976768089458,0.0000319764258165,0.00171422981657,0.0029583349824,-0.00257960427552,0.00103866215795,0.000347289722413,-0.0080584930256,0.023972818628,-0.0112704318017],[0.0000543946989637,-0.000359516416211,0.000675986753777,0.00015404210717,-0.00061686540721,-0.00170512567274,0.000301393010886,0.00338474358432,0.000509323785082,0.00225460715592,0.00084253679961,-0.0112704318017,0.0264965184033]],"mean":[-664.957397461,172.835220337,-12.4560165405,25.588842392,-8.13708877563,18.0158252716,2.21587109566,10.9578313828,0.878987193108,5.69877004623,-0.119575895369,-0.746086776257,2.18403744698]},"pitch_salience":{"dmean":0.0720541104674,"dmean2":0.119095757604,"dvar":0.00401289062575,"dvar2":0.0108258174732,"max":0.960316121578,"mean":0.572287619114,"median":0.585139751434,"min":0.0845764949918,"var":0.0111885275692},"silence_rate_20dB":{"dmean":0,"dmean2":0,"dvar":0,"dvar2":0,"max":1,"mean":1,"median":1,"min":1,"var":0},"silence_rate_30dB":{"dmean":0.0297097396106,"dmean2":0.0594231709838,"dvar":0.0288285370916,"dvar2":0.0709379687905,"max":1,"mean":0.97265380621,"median":1,"min":0,"var":0.0266045629978},"silence_rate_60dB":{"dmean":0.00323202181607,"dmean2":0.00646444549784,"dvar":0.00322240777314,"dvar2":0.00791146233678,"max":1,"mean":0.0295214410871,"median":0,"min":0,"var":0.028648622334},"spectral_centroid":{"dmean":174.87020874,"dmean2":270.109069824,"dvar":44265.3632812,"dvar2":89286.5859375,"max":11709.8935547,"mean":1042.50244141,"median":908.684570312,"min":100.24471283,"var":590931.375},"spectral_complexity":{"dmean":3.48138475418,"dmean2":5.42416715622,"dvar":12.6387462616,"dvar2":25.6447677612,"max":58,"mean":21.818271637,"median":22,"min":0,"var":94.5704193115},"spectral_contrast_coeffs":{"dmean":[0.0528839752078,0.0515538714826,0.0404276885092,0.029108710587,0.0215695183724,0.0418161898851],"dmean2":[0.0885712131858,0.0858203545213,0.0673253387213,0.0482600964606,0.0357673168182,0.0654295310378],"dvar":[0.0016893389402,0.00164879858494,0.00102894706652,0.00052073947154,0.000343841238646,0.00152831058949],"dvar2":[0.00471409177408,0.00449794763699,0.00275644334033,0.00140170706436,0.00089552544523,0.00361175695434],"max":[-0.424751192331,-0.417678773403,-0.483766287565,-0.607144296169,-0.638794839382,-0.424668610096],"mean":[-0.686336517334,-0.756562650204,-0.778722345829,-0.810348570347,-0.830433130264,-0.739756464958],"median":[-0.687680780888,-0.762746691704,-0.78428798914,-0.808308660984,-0.819788694382,-0.739389419556],"min":[-0.97452133894,-0.979117393494,-0.976445734501,-0.989462733269,-0.981269061565,-0.966089427471],"var":[0.00467824004591,0.00544591341168,0.00433101737872,0.00238389568403,0.00301934941672,0.00908952206373]},"spectral_contrast_valleys":{"dmean":[0.423777729273,0.363394200802,0.306795358658,0.298376947641,0.346304118633,0.608164250851],"dmean2":[0.693517148495,0.602200627327,0.502268850803,0.484955430031,0.538682758808,0.980927288532],"dvar":[0.121776580811,0.0978092029691,0.0816801339388,0.100243717432,0.168993934989,0.273854613304],"dvar2":[0.309672474861,0.249549806118,0.204510435462,0.246504619718,0.405994534492,0.698246240616],"max":[-5.01040363312,-4.48871040344,-5.09064435959,-5.74641275406,-5.6705827713,-9.0478143692],"mean":[-6.71286725998,-6.41204595566,-6.74179840088,-7.43077468872,-7.76409769058,-11.1583509445],"median":[-6.53428792953,-6.17807102203,-6.46175479889,-7.09899520874,-7.43376064301,-10.9988861084],"min":[-28.2894287109,-27.8578014374,-27.9131278992,-27.544008255,-27.5266265869,-27.4220981598],"var":[2.04337310791,2.31553268433,2.41698288918,2.4753382206,2.66797614098,1.68770992756]},"spectral_decrease":{"dmean":3.93658083908e-9,"dmean2":6.39665431734e-9,"dvar":2.12331125562e-17,"dvar2":5.4657037618e-17,"max":1.51865453546e-8,"mean":-6.48055253905e-9,"median":-4.79934669784e-9,"min":-6.59332570763e-8,"var":4.02891419885e-17},"spectral_energy":{"dmean":0.0151364095509,"dmean2":0.0247339941561,"dvar":0.000305516994558,"dvar2":0.000794707855675,"max":0.270928531885,"mean":0.0518713109195,"median":0.0485058315098,"min":9.96288722281e-21,"var":0.000754132634029},"spectral_energyband_high":{"dmean":0.000338399840984,"dmean2":0.000479603098938,"dvar":3.94513676838e-7,"dvar2":7.69052974192e-7,"max":0.0199458096176,"mean":0.00106371438596,"median":0.000590459327213,"min":6.97703743792e-21,"var":0.00000203988702197},"spectral_energyband_low":{"dmean":0.0106437318027,"dmean2":0.0180693548173,"dvar":0.000228223114391,"dvar2":0.000607632566243,"max":0.237161263824,"mean":0.0167568754405,"median":0.0110289109871,"min":2.64492029538e-23,"var":0.000282567198155},"spectral_energyband_middle_high":{"dmean":0.00247785774991,"dmean2":0.00393140874803,"dvar":0.0000168190017575,"dvar2":0.0000416555667471,"max":0.0793498903513,"mean":0.00688574463129,"median":0.0052297860384,"min":1.1880983354e-21,"var":0.0000507760778419},"spectral_energyband_middle_low":{"dmean":0.00588508555666,"dmean2":0.00947011262178,"dvar":0.0000752345076762,"dvar2":0.000186192191904,"max":0.165587976575,"mean":0.0146381165832,"median":0.0108548784629,"min":1.45308481664e-22,"var":0.000192410661839},"spectral_entropy":{"dmean":0.197936028242,"dmean2":0.307062745094,"dvar":0.0584437474608,"dvar2":0.148077383637,"max":9.82753753662,"mean":7.36100149155,"median":7.48258161545,"min":3.9424059391,"var":0.297685474157},"spectral_flux":{"dmean":0.0272599030286,"dmean2":0.0437331385911,"dvar":0.000806253752671,"dvar2":0.0017435005866,"max":0.414555698633,"mean":0.122372984886,"median":0.119208283722,"min":6.2671312584e-11,"var":0.00241931458004},"spectral_kurtosis":{"dmean":6.99761724472,"dmean2":11.0598115921,"dvar":143.2472229,"dvar2":369.315490723,"max":193.370819092,"mean":24.0162754059,"median":19.3556537628,"min":-1.27123689651,"var":285.690368652},"spectral_rms":{"dmean":0.000984924728982,"dmean2":0.00158749439288,"dvar":0.00000100036095319,"dvar2":0.0000025683077638,"max":0.0162579379976,"mean":0.00680016865954,"median":0.00687915412709,"min":3.1176738708e-12,"var":0.00000436379514213},"spectral_rolloff":{"dmean":3293.22973633,"dmean2":6316.43066406,"dvar":46637252,"dvar2":116610744,"max":22028.4667969,"mean":17550.4765625,"median":21425.5371094,"min":64.599609375,"var":61577628},"spectral_skewness":{"dmean":0.506264507771,"dmean2":0.784601569176,"dvar":0.517889201641,"dvar2":1.31420624256,"max":12.039691925,"mean":3.43086481094,"median":3.11497926712,"min":-0.0815607309341,"var":1.74528837204},"spectral_spread":{"dmean":489404.375,"dmean2":770140.125,"dvar":330083958784,"dvar2":763199422464,"max":42865824,"mean":4112436.5,"median":4010742.5,"min":1041385.125,"var":4898221981700},"spectral_strongpeak":{"dmean":11.4679670334,"dmean2":20.9780406952,"dvar":617.237121582,"dvar2":1535.2623291,"max":227.70703125,"mean":11.0273952484,"median":0.382196873426,"min":0,"var":721.378662109},"zerocrossingrate":{"dmean":0.0441143848002,"dmean2":0.0561974160373,"dvar":0.00128328951541,"dvar2":0.00201667053625,"max":0.8681640625,"mean":0.342463105917,"median":0.34375,"min":0.03759765625,"var":0.0103993387893}},"metadata":{"audio_properties":{"analysis_sample_rate":44100,"bit_rate":222623,"codec":"mp3","downmix":"mix","equal_loudness":0,"length":373.577148438,"lossless":false,"md5_encoded":"e27481a986e99f2b69bb8f52a68cfa8a","replay_gain":-9.60289955139,"sample_rate":44100},"tags":{"album":["Metalogy"],"albumartist":["Judas Priest"],"albumartistsort":["Judas Priest"],"artist":["Judas Priest"],"artists":["Judas Priest"],"artistsort":["Judas Priest"],"barcode":["696998712621"],"catalognumber":["512893 3","512893 3001"],"date":["2004-05-11"],"discnumber":["1/4"],"file_name":"08 - Let Us Prey _ Call for the Priest.mp3","label":["Columbia","Legacy"],"language":["eng"],"media":["CD"],"musicbrainz album release country":["US"],"musicbrainz album status":["official"],"musicbrainz album type":["album","compilation"],"musicbrainz release track id":["c9ecee9b-6190-3d32-85d1-0fac217c692d"],"musicbrainz_albumartistid":["6b335658-22c8-485d-93de-0bc29a1d0349"],"musicbrainz_albumid":["b6f0cfee-9579-44fa-b3e0-335e39c53430"],"musicbrainz_artistid":["6b335658-22c8-485d-93de-0bc29a1d0349"],"musicbrainz_recordingid":["68f0228f-07b7-43a6-b3a5-184e1069598a"],"musicbrainz_releasegroupid":["f702b409-3596-306a-a7fb-6baf6f218203"],"musicbrainz_workid":["d1316312-d7c4-4ceb-ae7a-e8a738e748d2"],"originaldate":["2004"],"performer:electric bass guitar":["Ian Hill"],"performer:electric guitar":["Glenn Tipton","Kenneth Downing"],"performer:guest drumset":["Simon Phillips"],"performer:lead vocals":["Rob Halford"],"script":["Latn"],"title":["Let Us Prey / Call for the Priest"],"tracknumber":["8/15"],"work":["Let Us Prey"],"writer":["Glenn Tipton","Rob Halford","Kenneth Downing"]},"version":{"essentia":"2.1-beta1","essentia_build_sha":"ca57ba49d9b1854bd80e60cf9ccf267278fb7d6b","essentia_git_sha":"v2.1_beta1-28-g21ef5f4-dirty","extractor":"music 1.0"}},"rhythm":{"beats_count":807,"beats_loudness":{"dmean":0.0183642432094,"dmean2":0.0317381620407,"dvar":0.00035337288864,"dvar2":0.000988697516732