{"lowlevel":{"average_loudness":0.958908319473,"barkbands":{"dmean":[0.000140940857818,0.00276303500868,0.00337765016593,0.00277456874028,0.00251558353193,0.000711011700332,0.000610482762568,0.000499286863487,0.000681748089846,0.000670260516927,0.000355629686965,0.000491071259603,0.000498134584632,0.000343439343851,0.000383223115932,0.000193320127437,0.000358657940524,0.000363413390005,0.000254280137597,0.000132793138619,0.000183974610991,0.00012667910778,0.000131934808451,0.00020428620337,0.0000455364352092,0.00000881509004103,0.00000109707696083],"dmean2":[0.000231402096688,0.00406123558059,0.00582673726603,0.00471376348287,0.0040053287521,0.00111660489347,0.000941400416195,0.000778514659032,0.00101850961801,0.00105941051152,0.000577201775741,0.000779527705163,0.000827024457976,0.00056069548009,0.000642004597466,0.000310172588797,0.000574448262341,0.000586695852689,0.000409603817388,0.000207698947634,0.000279626401607,0.000194022650248,0.000202200681088,0.000299291306874,0.0000625880056759,0.0000120819522635,0.00000167307507581],"dvar":[1.47309080489e-7,0.0000247442058026,0.000063379528001,0.0000314216340485,0.000021012578145,0.00000138557732043,0.00000102707895167,0.00000112522729978,0.0000013473808167,0.00000148748779338,8.93171886673e-7,0.00000105130300199,0.00000111655447199,5.98031988375e-7,4.55977726688e-7,1.86167241623e-7,9.69989400801e-7,7.30230169665e-7,1.98362144488e-7,5.09212085831e-8,1.07244304104e-7,5.94704019363e-8,7.42785175589e-8,2.66558572548e-7,1.24561658765e-8,2.60042432032e-10,2.73669325049e-12],"dvar2":[3.70065862398e-7,0.0000570765187149,0.00017310246767,0.0000832379155327,0.000053221348935,0.0000034318170492,0.00000232371121456,0.00000274317608273,0.00000326302642861,0.00000375722811441,0.00000238021129917,0.00000257516035163,0.0000029822911074,0.00000146701495396,0.00000123890072246,4.59421556798e-7,0.00000247682351073,0.0000018751799189,5.0046656952e-7,1.17815716294e-7,2.38960353727e-7,1.43680182418e-7,1.51102653945e-7,4.5669469273e-7,2.02788115189e-8,5.19462084458e-10,6.52297530226e-12],"max":[0.00378700532019,0.0583856329322,0.0755428820848,0.0447706282139,0.0507358536124,0.0299846660346,0.0464511588216,0.0270739719272,0.0201028194278,0.0238612517715,0.0271179117262,0.0245492961258,0.0202150344849,0.0163116678596,0.0120073892176,0.0102550210431,0.0357808247209,0.0141646014526,0.00771266128868,0.00604202551767,0.00750289112329,0.00377287948504,0.00777669344097,0.0180404148996,0.00566110387444,0.000265499955276,0.0000246649706241],"mean":[0.000131312175654,0.00435994658619,0.00348518276587,0.00316919479519,0.00428119953722,0.00128790608142,0.00110571668483,0.000783010560554,0.00118988496251,0.00102439895272,0.000499843677972,0.000781710317824,0.000743094191421,0.000525798241142,0.00058681727387,0.00029432142037,0.000626494293101,0.000689868931659,0.000504687661305,0.000293454271741,0.000409038068028,0.000193982559722,0.000225936368224,0.000383770733606,0.0000748399397708,0.0000127899074869,0.00000139136670896],"median":[0.0000165713354363,0.00166986533441,0.00135066220537,0.00134059484117,0.00279212323949,0.000755931832828,0.00073681975482,0.000366180960555,0.000753452884965,0.000545773771591,0.000151123633259,0.000361050973879,0.000332978030201,0.00024299811048,0.000324463180732,0.000143489989568,0.000246769282967,0.000217221037019,0.000248434313107,0.000169239152456,0.000154801819008,0.000102806421637,0.000123438017908,0.000213337771129,0.000026977428206,0.00000420599826612,6.47953413591e-7],"min":[6.86254513337e-18,1.05740846896e-17,7.38603713737e-18,7.60425482759e-18,1.88747958144e-17,1.64854515278e-17,1.52439311834e-17,1.94792812081e-17,3.80385886825e-17,3.69533078665e-17,2.74339479411e-17,3.85918600158e-17,4.1505633502e-17,4.28631493837e-17,5.06815711981e-17,4.89603770882e-17,6.26974515477e-17,8.75535473581e-17,1.13729922688e-16,1.33203567487e-16,1.90387569085e-16,2.40633881153e-16,2.60518747213e-16,1.03567396087e-15,1.31002263853e-15,2.8054410957e-15,3.98151455382e-13],"var":[1.3437323787e-7,0.0000394226881326,0.0000480352537124,0.0000270389664365,0.0000259319494944,0.00000305421008306,0.00000197911617761,0.00000203758349926,0.00000233465584643,0.00000241984344029,0.00000139240137287,0.00000198514453587,0.00000197690974346,0.00000116223100122,7.12594385277e-7,2.75196327948e-7,0.00000197552503778,0.0000018685490204,4.71900591492e-7,1.43187961044e-7,3.73595355541e-7,7.86628362448e-8,1.74320248902e-7,7.82533163601e-7,3.52918974045e-8,4.95209373508e-10,3.75846359243e-12]},"barkbands_crest":{"dmean":2.34589457512,"dmean2":3.77400374413,"dvar":4.7043428421,"dvar2":11.7993059158,"max":26.9324188232,"mean":8.84258937836,"median":7.96886253357,"min":2.5348982811,"var":16.4897670746},"barkbands_flatness_db":{"dmean":0.0187444798648,"dmean2":0.0296349935234,"dvar":0.000400333665311,"dvar2":0.000979274394922,"max":0.689614295959,"mean":0.112199194729,"median":0.0997074246407,"min":0.0296364258975,"var":0.00480698002502},"barkbands_kurtosis":{"dmean":24.1881046295,"dmean2":40.0298156738,"dvar":70618.2578125,"dvar2":182982.4375,"max":12152.5488281,"mean":83.2708129883,"median":1.01400566101,"min":-1.93658792973,"var":567926},"barkbands_skewness":{"dmean":0.655278384686,"dmean2":1.02217161655,"dvar":2.34009933472,"dvar2":5.60969495773,"max":12.5732593536,"mean":0.647693097591,"median":1.25203347206,"min":-78.3141479492,"var":42.3283615112},"barkbands_spread":{"dmean":6.63897371292,"dmean2":10.3962135315,"dvar":49.6935920715,"dvar2":114.807762146,"max":151.944259644,"mean":28.9396419525,"median":27.0585975647,"min":0.0119055565447,"var":204.027755737},"dissonance":{"dmean":0.0143464272842,"dmean2":0.0238439533859,"dvar":0.000168164566276,"dvar2":0.000455208355561,"max":0.500000059605,"mean":0.468999415636,"median":0.472753226757,"min":0.352194964886,"var":0.000385084043955},"dynamic_complexity":3.23755431175,"erbbands":{"dmean":[0.0767696797848,0.651986479759,3.14248800278,6.96719264984,10.6823654175,7.32727003098,5.8138666153,5.72861337662,8.81268119812,7.87385606766,10.7871522903,15.2665243149,15.657242775,19.192949295,15.8813648224,16.5219268799,20.7578163147,14.8115224838,24.5247497559,10.66563797,10.7742490768,17.9413051605,19.5856189728,14.8484869003,9.92422485352,5.96757602692,8.61407279968,5.37217998505,3.77113294601,4.68964767456,3.98143339157,5.81252861023,2.24735641479,0.699672877789,0.245977789164,0.0638124793768,0.0117407636717,0.00222813198343,0.000148899460328,0.0000154568351718],"dmean2":[0.118134610355,0.982412874699,5.31856918335,11.9812059402,17.2598724365,11.8252897263,9.47477245331,8.91717338562,13.4200077057,12.4449462891,16.728509903,22.8471374512,24.4877719879,30.7006397247,25.4478111267,26.16248703,34.3197860718,23.9503211975,40.8485870361,17.2460613251,17.224822998,28.519618988,31.4712104797,23.7436065674,15.8522233963,9.31213378906,13.1683254242,8.146068573,5.64668083191,7.42707204819,6.01335811615,8.85807132721,3.16315793991,0.953137159348,0.346364468336,0.0870802029967,0.0162238869816,0.0033276360482,0.000215453925193,0.0000218999193748],"dvar":[0.0346051752567,1.17318618298,48.4267807007,229.699188232,493.293273926,144.579116821,97.2944030762,94.9063415527,214.710418701,190.61340332,564.056518555,728.19921875,799.395751953,1237.80078125,1090.69616699,1004.13885498,1916.99499512,1383.69006348,1743.94775391,460.266082764,519.554504395,2251.84375,2357.609375,905.87713623,294.23147583,101.985664368,228.677764893,97.5392608643,46.9187850952,91.5581665039,68.5554504395,165.683074951,54.6805419922,3.78337049484,0.302571415901,0.0144459698349,0.000445738580311,0.0000110930577648,5.10654238894e-8,4.31715330151e-10],"dvar2":[0.0823927074671,2.65019130707,130.745941162,625.350524902,1202.00073242,389.022247314,247.14225769,230.598403931,480.950531006,471.477081299,1388.04125977,1772.1574707,2074.72680664,3125.37158203,2825.47387695,2504.24951172,5132.24951172,3482.80957031,4733.73388672,1128.83837891,1259.23083496,5644.11767578,6238.72314453,2256.70703125,743.119262695,228.141769409,506.964660645,228.989547729,107.996391296,228.905197144,134.53213501,328.3800354,85.0375595093,5.88592624664,0.582663714886,0.0293272081763,0.0009005885222,0.0000257698266068,1.10318694624e-7,9.06752728458e-10],"max":[2.05232620239,13.8533439636,64.3478546143,125.354743958,241.359024048,175.916091919,272.610778809,221.070861816,710.829162598,264.61920166,706.542907715,622.876647949,656.388305664,788.638427734,614.394775391,774.060974121,1001.90216064,840.254638672,769.477905273,718.243713379,602.234619141,1675.00024414,955.802307129,578.750488281,370.75302124,401.389068604,343.700500488,217.661087036,89.0536193848,168.339538574,247.238769531,434.101287842,291.862854004,103.893478394,17.9761238098,2.10065031052,0.303129196167,0.0515798553824,0.00347778713331,0.000240384644712],"mean":[0.0989519879222,1.08662199974,3.6179060936,8.00122070312,14.9977827072,12.6759576797,9.75051689148,10.7148370743,15.9543409348,14.1960010529,18.7794628143,26.7902469635,26.8490371704,30.3876800537,25.5432281494,29.2625713348,33.1521949768,25.5027122498,38.8366622925,18.5604286194,18.5382442474,33.9309501648,39.7268066406,30.4443130493,21.1955394745,14.5549154282,19.2758522034,11.2325668335,6.22481822968,6.89115428925,6.9605255127,10.3084640503,4.33252811432,1.21152794361,0.378799289465,0.0931363254786,0.0169424060732,0.00290138926357,0.000222610789933,0.0000450924853794],"median":[0.0378637984395,0.421277374029,1.54899001122,3.59963083267,8.0062713623,8.59135723114,6.38533973694,6.27798843384,10.2506713867,9.32146835327,11.1257705688,16.7924499512,16.3903541565,17.3182945251,11.2594356537,15.6785564423,16.357088089,11.9325256348,21.9678993225,11.0186080933,10.1329746246,13.0436840057,13.3707447052,13.0439558029,11.8342847824,9.00644874573,7.61310577393,4.64861059189,3.48869824409,3.52398228645,3.8060002327,5.92581224442,2.106985569,0.456864476204,0.13472738862,0.0291228685528,0.00594436656684,0.00135950592812,0.000111733534141,0.0000384306695196],"min":[3.79763860239e-16,2.1712766337e-15,7.5472888708e-15,1.88623835789e-14,3.86524782992e-14,6.77128776769e-14,1.0372676703e-13,1.43320495445e-13,1.94690238323e-13,2.95716549121e-13,5.10340467802e-13,8.42545271832e-13,1.12222752792e-12,1.15745065442e-12,1.20535710319e-12,1.65377347233e-12,1.91774157318e-12,2.03419963166e-12,2.68468298807e-12,2.50517835643e-12,2.86665591438e-12,3.64604006708e-12,4.45155587739e-12,5.54429549146e-12,5.906824075e-12,6.63037550211e-12,7.28620636048e-12,7.61161619844e-12,8.35775719465e-12,8.04117623182e-12,7.94408202415e-12,1.89124983035e-11,1.85244874995e-11,1.43694240534e-11,9.40802904331e-12,7.03445808548e-12,6.35903786225e-12,1.90662815397e-11,3.73634317929e-11,9.84255472264e-12],"var":[0.0371609851718,2.16598796844,40.0758361816,176.66242981,513.208007812,205.421524048,155.092147827,207.987030029,425.416778564,330.360046387,950.912719727,1207.20117188,1306.41625977,1880.78173828,1966.89221191,2022.89318848,3324.08886719,2898.19433594,2936.97045898,832.290161133,894.642883301,5231.87304688,6277.95458984,2195.64550781,711.348388672,331.544952393,763.570617676,282.560882568,69.7944335938,119.400009155,167.441711426,406.747802734,170.76914978,11.4219961166,0.745259225368,0.028300171718,0.000830466859043,0.0000169301038113,8.95014977687e-8,9.50428846735e-10]},"erbbands_crest":{"dmean":2.42177510262,"dmean2":4.0194606781,"dvar":5.10239076614,"dvar2":13.6792421341,"max":23.6616268158,"mean":7.61347007751,"median":6.72978210449,"min":2.26594877243,"var":11.5821285248},"erbbands_flatness_db":{"dmean":0.0155373597518,"dmean2":0.0226395465434,"dvar":0.000186127203051,"dvar2":0.000375931354938,"max":0.311555325985,"mean":0.136844754219,"median":0.132709592581,"min":0.0216013621539,"var":0.00121600704733},"erbbands_kurtosis":{"dmean":0.705528736115,"dmean2":1.12874257565,"dvar":0.86117374897,"dvar2":2.07372498512,"max":19.9699287415,"mean":0.148341789842,"median":-0.296457290649,"min":-1.73705649376,"var":3.6124484539},"erbbands_skewness":{"dmean":0.314073383808,"dmean2":0.481387138367,"dvar":0.0785008594394,"dvar2":0.177251473069,"max":2.86206793785,"mean":0.0460522025824,"median":0.158243268728,"min":-3.42010521889,"var":0.506835401058},"erbbands_spread":{"dmean":9.92907428741,"dmean2":15.0745868683,"dvar":89.3865432739,"dvar2":194.672027588,"max":150.413925171,"mean":45.8051185608,"median":43.1728363037,"min":6.84472322464,"var":337.161102295},"gfcc":{"cov":[[22653.6699219,2496.67480469,-2977.51538086,1392.09265137,-1382.26489258,395.350921631,-716.911743164,271.663421631,-726.997131348,161.217926025,-452.184997559,-29.5424518585,-200.628036499],[2496.67480469,809.025146484,-441.136627197,177.484466553,-83.9328994751,28.123960495,-21.9639987946,-12.6211490631,-32.4217262268,-5.22391223907,-5.27698564529,-47.7506141663,-1.1766269207],[-2977.51538086,-441.136627197,894.485229492,-163.35824585,171.083572388,43.8762741089,46.2719917297,-29.87251091,148.065979004,-12.6865510941,-1.78884315491,61.2153358459,-38.6385536194],[1392.09265137,177.484466553,-163.35824585,328.438781738,26.3856658936,4.10453891754,8.0789680481,82.1788101196,-23.6029758453,9.36210346222,0.190650165081,9.81096172333,20.7395954132],[-1382.26489258,-83.9328994751,171.083572388,26.3856658936,275.63381958,21.9922866821,112.779136658,15.0877466202,49.4335784912,4.75335836411,35.8411026001,-3.01273465157,30.7815876007],[395.350921631,28.123960495,43.8762741089,4.10453891754,21.9922866821,189.440231323,53.593963623,-4.75735569,2.86880087852,46.5908241272,-0.482807248831,-6.73860406876,-5.3646402359],[-716.911743164,-21.9639987946,46.2719917297,8.0789680481,112.779136658,53.593963623,170.554870605,24.2358913422,18.5225772858,30.4605617523,46.4364585876,-12.9304771423,31.3686237335],[271.663421631,-12.6211490631,-29.87251091,82.1788101196,15.0877466202,-4.75735569,24.2358913422,128.194946289,43.9561386108,7.65118932724,9.56785488129,24.8653182983,12.9147663116],[-726.997131348,-32.4217262268,148.065979004,-23.6029758453,49.4335784912,2.86880087852,18.5225772858,43.9561386108,130.981842041,15.3550624847,26.8714008331,19.2183799744,4.21731567383],[161.217926025,-5.22391223907,-12.6865510941,9.36210346222,4.75335836411,46.5908241272,30.4605617523,7.65118932724,15.3550624847,93.5910415649,28.1661510468,-0.587528765202,2.01997542381],[-452.184997559,-5.27698564529,-1.78884315491,0.190650165081,35.8411026001,-0.482807248831,46.4364585876,9.56785488129,26.8714008331,28.1661510468,99.5834579468,9.37447166443,29.0321979523],[-29.5424518585,-47.7506141663,61.2153358459,9.81096172333,-3.01273465157,-6.73860406876,-12.9304771423,24.8653182983,19.2183799744,-0.587528765202,9.37447166443,78.6991424561,12.7723655701],[-200.628036499,-1.1766269207,-38.6385536194,20.7395954132,30.7815876007,-5.3646402359,31.3686237335,12.9147663116,4.21731567383,2.01997542381,29.0321979523,12.7723655701,71.3602523804]],"icov":[[0.000630809285212,-0.000908430141862,0.000887069618329,-0.00141131586861,0.00147457094863,-0.00172134721652,0.00150628376286,-0.0013651518384,0.00171300233342,-0.00120371102821,0.00140251300763,-0.000998778967187,0.00100948091131],[-0.000908430141862,0.00353710306808,-0.00000539124403076,0.000763565825764,-0.00174653762951,0.00180095480755,-0.00256220181473,0.00380060868338,-0.00444599287584,0.00275907223113,-0.00200717593543,0.00163624039851,-0.0006849282654],[0.000887069618329,-0.00000539124403076,0.00407264754176,-0.00204488867894,0.0011240261374,-0.00317887961864,0.0015197530156,0.000249839533353,-0.00080502696801,-0.000513827253599,0.00262272451073,-0.00332049420103,0.00344567350112],[-0.00141131586861,0.000763565825764,-0.00204488867894,0.00826415698975,-0.00476700952277,0.00386551697738,-0.00225153774954,-0.00108469021507,-0.00119525194168,0.00167523149867,-0.00297013390809,0.00176268746145,-0.00301534659229],[0.00147457094863,-0.00174653762951,0.0011240261374,-0.00476700952277,0.00980663020164,-0.00372717250139,-0.000171582883922,-0.00205564894713,0.00245119794272,-0.00177395297214,0.00304633937776,-0.00123511173297,0.000935156771448],[-0.00172134721652,0.00180095480755,-0.00317887961864,0.00386551697738,-0.00372717250139,0.0117462361231,-0.00640145875514,0.00394914578646,-0.00391120649874,-0.000279811385553,-0.00219235033728,0.00260451668873,-0.00239965273067],[0.00150628376286,-0.00256220181473,0.0015197530156,-0.00225153774954,-0.000171582883922,-0.00640145875514,0.0148298731074,-0.00666119577363,0.00637779105455,-0.00445879809558,0.00010812470282,0.000564748479519,-0.000446503167041],[-0.0013651518384,0.00380060868338,0.000249839533353,-0.00108469021507,-0.00205564894713,0.00394914578646,-0.00666119577363,0.0176180303097,-0.0112960487604,0.0038678930141,-0.00143164617475,-0.00154946756084,-0.00098380423151],[0.00171300233342,-0.00444599287584,-0.00080502696801,-0.00119525194168,0.00245119794272,-0.00391120649874,0.00637779105455,-0.0112960487604,0.0195638760924,-0.0060499724932,0.000914447300602,-0.00208838074468,0.00156049325597],[-0.00120371102821,0.00275907223113,-0.000513827253599,0.00167523149867,-0.00177395297214,-0.000279811385553,-0.00445879809558,0.0038678930141,-0.0060499724932,0.0169442780316,-0.0063214218244,0.00171645008959,0.0000428492494393],[0.00140251300763,-0.00200717593543,0.00262272451073,-0.00297013390809,0.00304633937776,-0.00219235033728,0.00010812470282,-0.00143164617475,0.000914447300602,-0.0063214218244,0.017674267292,-0.0041101234965,-0.00140399567317],[-0.000998778967187,0.00163624039851,-0.00332049420103,0.00176268746145,-0.00123511173297,0.00260451668873,0.000564748479519,-0.00154946756084,-0.00208838074468,0.00171645008959,-0.0041101234965,0.018412142992,-0.00587901845574],[0.00100948091131,-0.0006849282654,0.00344567350112,-0.00301534659229,0.000935156771448,-0.00239965273067,-0.000446503167041,-0.00098380423151,0.00156049325597,0.0000428492494393,-0.00140399567317,-0.00587901845574,0.0209028478712]],"mean":[8.30198097229,81.0954437256,-118.019668579,42.8932189941,-64.1489028931,21.8974151611,-37.9241371155,7.21833086014,-22.9365463257,-8.24203395844,-9.96307373047,-8.55474853516,-11.3909378052]},"hfc":{"dmean":6.98394298553,"dmean2":9.8434381485,"dvar":86.427520752,"dvar2":165.397750854,"max":246.016098022,"mean":25.5144996643,"median":20.7362365723,"min":1.62525246594e-8,"var":369.90625},"melbands":{"dmean":[0.000714649038855,0.00132199912332,0.0013187059667,0.000655661104247,0.00020702110487,0.000129280306282,0.000129037536681,0.0000944587955019,0.0000915530181373,0.000094967748737,0.0000841647342895,0.0000861668449943,0.0000550156910322,0.0000563699359191,0.0000526850162714,0.0000379014418286,0.0000286366557702,0.0000431231528637,0.0000185278931895,0.0000139361854963,0.0000129672562252,0.0000180515307875,0.0000236101332121,0.0000192186380445,0.0000128105848489,0.0000109484781206,0.00000433691411672,0.00000412881672673,0.00000650069341646,0.00000561419301448,0.00000241074599217,0.0000020474633402,0.00000291590504276,0.00000240785743699,0.00000197543954528,0.00000352001916326,0.00000363133949577,0.00000180887423085,9.50655874021e-7,4.85173870857e-7],"dmean2":[0.00106044951826,0.00215904065408,0.00220490596257,0.00104185892269,0.000338589132298,0.000201116999961,0.000196765671717,0.000148622217239,0.0001399229659,0.000142500022775,0.000131581909955,0.000137532522785,0.0000888688664418,0.0000895416014828,0.0000860673608258,0.0000626188048045,0.000046376917453,0.0000715841815691,0.000030616462027,0.0000224070590775,0.0000209850513784,0.0000287012189801,0.0000380723577109,0.0000312158699671,0.0000207820685318,0.0000175561635842,0.00000699697147866,0.00000650721494821,0.0000101418072518,0.00000867743437993,0.00000377033393306,0.00000311736994263,0.0000045499737098,0.00000383298493034,0.00000303360661746,0.00000542695852346,0.00000560397938898,0.00000261788909484,0.00000132415163989,6.88616921707e-7],"dvar":[0.00000212031545743,0.00000711854545443,0.00000712037672201,0.00000145372189309,1.15662139422e-7,4.59856224211e-8,4.6812527188e-8,2.60301469268e-8,3.2212351897e-8,2.86043650988e-8,2.26049809982e-8,2.48050220364e-8,1.69654086335e-8,1.68286167224e-8,1.11564011362e-8,7.4275048334e-9,4.84678386314e-9,5.60500446056e-9,1.18104015456e-9,9.95554305661e-10,7.43061889796e-10,2.12853401571e-9,4.40747438546e-9,2.41899367204e-9,7.36064209583e-10,4.52441972776e-10,5.00512686852e-11,5.95887228449e-11,1.47622761237e-10,1.38785261061e-10,1.70833451552e-11,1.36213471058e-11,3.48684726925e-11,2.32602010569e-11,1.69156216812e-11,5.81345943607e-11,6.8163572009e-11,3.33000606256e-11,1.24858205372e-11,1.43839595183e-12],"dvar2":[0.00000498702411278,0.0000183770935109,0.0000187004479812,0.00000367770053344,2.98256964015e-7,1.11751525367e-7,1.04056958605e-7,6.42509476734e-8,7.80891582508e-8,7.04412812524e-8,5.83580543889e-8,6.23016518375e-8,4.49661996527e-8,4.13330845106e-8,2.96534032884e-8,1.97475209518e-8,1.18932206306e-8,1.48663010791e-8,3.09202552451e-9,2.44750752998e-9,1.80759118784e-9,5.20563636641e-9,1.13400879798e-8,6.29648377881e-9,1.86136595026e-9,1.12647235984e-9,1.28060478888e-10,1.29710242547e-10,3.35107053218e-10,3.29767130269e-10,4.08994470236e-11,3.1797980915e-11,8.64982391269e-11,5.84122750169e-11,3.46077992652e-11,1.18103624103e-10,1.3783793551e-10,5.43782449625e-11,2.06267190828e-11,2.56990847873e-12],"max":[0.0170422252268,0.0251201018691,0.0196365751326,0.0133412247524,0.00932300370187,0.0052174651064,0.0107987821102,0.0034563827794,0.00495388591662,0.00360509846359,0.00336512899958,0.00362301245332,0.00294855469838,0.0031271786429,0.00220405752771,0.00179805071093,0.00156400806736,0.00128699699417,0.000693387060892,0.000907002657186,0.000615699565969,0.00128693587612,0.00210336432792,0.00107517733704,0.000581161177251,0.000452625070466,0.000187221652595,0.000369717134163,0.000318981154123,0.000251509714872,0.0000888774011401,0.0000530811521458,0.000089151559223,0.000110263557872,0.000112583198643,0.000207981836866,0.00029072893085,0.000251811521593,0.000151678716065,0.0000626609908068],"mean":[0.00107045797631,0.00179156544618,0.00161181855947,0.00108887255192,0.000360220845323,0.000244784110691,0.000235021609114,0.000164291865076,0.000163151547895,0.00016318183043,0.000139075855259,0.00013280766143,0.0000821385910967,0.0000882457097759,0.0000834492093418,0.0000594790071773,0.0000453954671684,0.0000667500280542,0.0000302254993585,0.000021381996703,0.0000204544121516,0.0000312750562443,0.0000419163443439,0.0000344374202541,0.000023012766178,0.0000206066870305,0.0000093502958407,0.0000090682415248,0.0000127242610688,0.000010919475244,0.00000464870845462,0.00000320629192174,0.00000414008127336,0.00000347131663148,0.00000321829770655,0.00000614760529061,0.00000625776374363,0.00000335519507644,0.00000167258087913,7.68967936438e-7],"median":[0.000421353033744,0.000812949612737,0.000788573524915,0.000689428299665,0.000254115206189,0.000144672318129,0.000154798166477,0.000103860009403,0.00010159258818,0.000102814381535,0.0000813506776467,0.0000740792529541,0.0000313047239615,0.0000382106336474,0.0000419104544562,0.000026244606488,0.0000192749339476,0.0000368285473087,0.0000178712416528,0.0000109351731226,0.0000103808179119,0.0000113605547085,0.000014017950889,0.0000101075456769,0.00000946993077378,0.0000094979068308,0.00000599526583756,0.00000543802616448,0.00000486101134811,0.00000337078677148,0.00000214134615817,0.00000169737904798,0.00000202788964998,0.00000175870377461,0.00000165940105035,0.00000345041098626,0.00000358548186341,0.00000164494281307,6.16341935711e-7,2.66204665422e-7],"min":[3.49564003964e-18,3.63653660851e-18,3.79098363658e-18,3.81556579003e-18,3.59341816472e-18,3.22888959493e-18,3.03104722436e-18,3.41074814774e-18,4.42461804787e-18,5.48502802439e-18,5.61932865506e-18,4.69058556612e-18,3.86552294953e-18,4.14269462918e-18,4.54162729501e-18,3.95983022476e-18,3.73366415603e-18,4.30596767439e-18,3.72706366834e-18,3.18589171272e-18,3.35312633267e-18,3.59330897688e-18,4.02967694209e-18,4.13616486543e-18,4.5056519694e-18,4.288150204e-18,4.13911583226e-18,4.41919339741e-18,4.3360935923e-18,4.68556871571e-18,4.17623059917e-18,4.44981479651e-18,5.09037601824e-18,4.23937839431e-18,2.77159995728e-18,1.12846882568e-17,9.96509198872e-18,1.2207714287e-17,1.18326623254e-17,1.2623849828e-17],"var":[0.00000282247492578,0.00000732336093279,0.00000613864904153,0.00000179656274213,1.75540023406e-7,1.04542735357e-7,9.14632352078e-8,4.76266812655e-8,5.59420207935e-8,4.64416274326e-8,3.73982054214e-8,3.76862701046e-8,2.7590431273e-8,3.12759844689e-8,2.07096135796e-8,1.43344252024e-8,1.00557855376e-8,9.95899007705e-9,1.98423300013e-9,1.38266920136e-9,1.28542987365e-9,4.78224970735e-9,9.55753609588e-9,5.54524959284e-9,1.45039391608e-9,9.99336169372e-10,1.23956414577e-10,1.66545943703e-10,3.95524196728e-10,3.67334468399e-10,4.16661358194e-11,1.98402110713e-11,4.19639704929e-11,3.2203049255e-11,3.7428178612e-11,1.3525414122e-10,1.6094746369e-10,9.9451155644e-11,3.60266885768e-11,3.65651389375e-12]},"melbands_crest":{"dmean":3.03760695457,"dmean2":4.80746984482,"dvar":7.60095739365,"dvar2":18.0611953735,"max":30.4569950104,"mean":12.5309801102,"median":11.987575531,"min":2.52714419365,"var":20.9109840393},"melbands_flatness_db":{"dmean":0.0244703572243,"dmean2":0.0379335843027,"dvar":0.000661859114189,"dvar2":0.00161678926088,"max":0.486719399691,"mean":0.159070059657,"median":0.153214395046,"min":0.00640020193532,"var":0.00241929385811},"melbands_kurtosis":{"dmean":7.90277433395,"dmean2":12.7636632919,"dvar":230.643783569,"dvar2":580.510192871,"max":315.602325439,"mean":12.8262557983,"median":7.19860649109,"min":-1.92452096939,"var":437.488037109},"melbands_skewness":{"dmean":0.817204356194,"dmean2":1.25302100182,"dvar":0.939121842384,"dvar2":2.19253206253,"max":12.8913507462,"mean":2.62773132324,"median":2.3756737709,"min":-3.49627804756,"var":2.94899725914},"melbands_spread":{"dmean":8.90381622314,"dmean2":13.5080070496,"dvar":126.458847046,"dvar2":258.960388184,"max":292.360687256,"mean":31.425365448,"median":25.8925056458,"min":0.599797427654,"var":449.773101807},"mfcc":{"cov":[[9932.25976562,762.193847656,10.6579799652,133.844833374,-81.7027587891,1.31364250183,-37.274017334,77.1313095093,-131.969833374,1.55868768692,-89.3292999268,6.62394094467,-192.802932739],[762.193847656,574.844604492,-11.6490602493,6.19782161713,9.36798000336,60.9769897461,-12.3174772263,19.5415058136,-37.1997833252,62.7190666199,-14.3489313126,-21.5062522888,-6.59202814102],[10.6579799652,-11.6490602493,382.290588379,-40.7873458862,41.9581794739,57.1614379883,-83.4294433594,43.2713279724,-7.90359306335,9.69845199585,45.2874488831,-45.2726135254,32.7643051147],[133.844833374,6.19782161713,-40.7873458862,280.128051758,77.3902359009,-39.164730072,49.29271698,43.7708587646,46.6853752136,-26.3028049469,-1.78130674362,70.9289169312,-22.0735759735],[-81.7027587891,9.36798000336,41.9581794739,77.3902359009,142.871673584,21.800573349,-5.6168923378,42.1364135742,29.2363986969,9.19184970856,8.30032348633,8.68263149261,12.1328773499],[1.31364250183,60.9769897461,57.1614379883,-39.164730072,21.800573349,179.846878052,66.8182525635,-6.12136173248,12.5921964645,34.3857650757,16.8023090363,-29.0751934052,41.1805152893],[-37.274017334,-12.3174772263,-83.4294433594,49.29271698,-5.6168923378,66.8182525635,187.276916504,-1.89801251888,30.6963386536,23.1803188324,-7.98770618439,35.6518211365,11.0610837936],[77.1313095093,19.5415058136,43.2713279724,43.7708587646,42.1364135742,-6.12136173248,-1.89801251888,104.41204834,37.5290565491,-1.28563475609,13.0542888641,12.0115842819,10.1339817047],[-131.969833374,-37.1997833252,-7.90359306335,46.6853752136,29.2363986969,12.5921964645,30.6963386536,37.5290565491,94.5953445435,19.1382827759,10.3440332413,20.7309074402,9.92634296417],[1.55868768692,62.7190666199,9.69845199585,-26.3028049469,9.19184970856,34.3857650757,23.1803188324,-1.28563475609,19.1382827759,97.1799621582,23.3424720764,0.875080168247,17.2092075348],[-89.3292999268,-14.3489313126,45.2874488831,-1.78130674362,8.30032348633,16.8023090363,-7.98770618439,13.0542888641,10.3440332413,23.3424720764,78.618598938,19.7959575653,10.673210144],[6.62394094467,-21.5062522888,-45.2726135254,70.9289169312,8.68263149261,-29.0751934052,35.6518211365,12.0115842819,20.7309074402,0.875080168247,19.7959575653,98.9063873291,8.74154758453],[-192.802932739,-6.59202814102,32.7643051147,-22.0735759735,12.1328773499,41.1805152893,11.0610837936,10.1339817047,9.92634296417,17.2092075348,10.673210144,8.74154758453,79.1691513062]],"icov":[[0.000124728045193,-0.000127650200739,-0.0000405331011279,-0.000068728455517,0.000144214252941,-0.000124328536913,0.0000588005568716,-0.000185849537957,0.000171334570041,-0.0000536030274816,0.000175194436451,-0.000153083950863,0.000332334457198],[-0.000127650200739,0.00256685633212,0.00054839020595,-0.000700170348864,0.00035926210694,-0.00159548316151,0.00115723407362,-0.00138970720582,0.00182456814218,-0.00234830146655,0.00105346622877,-0.0000383450533263,0.000415641115978],[-0.0000405331011279,0.00054839020595,0.00401334837079,-0.000279049825622,-0.00030248350231,-0.00177567347419,0.00210764212534,-0.00181586644612,0.00105507508852,-0.0003886888735,-0.00156992988195,0.00129728531465,-0.000863213790581],[-0.000068728455517,-0.000700170348864,-0.000279049825622,0.00678074639291,-0.00361970299855,0.00176147208549,-0.00217694300227,-7.17982914011e-7,-0.00216988520697,0.00271001155488,-0.0000522775007994,-0.00323284580372,0.00177009881008],[0.000144214252941,0.00035926210694,-0.00030248350231,-0.00361970299855,0.0106281181797,-0.00272293644957,0.00245112506673,-0.0030461398419,-0.000106132953078,-0.00204654829577,0.00118042144459,0.000116584196803,-0.000381730176741],[-0.000124328536913,-0.00159548316151,-0.00177567347419,0.00176147208549,-0.00272293644957,0.011831256561,-0.00622154679149,0.00322497449815,-0.00225670123473,0.00131750351284,-0.00343982456252,0.00470531452447,-0.0045492821373],[0.0000588005568716,0.00115723407362,0.00210764212534,-0.00217694300227,0.00245112506673,-0.00622154679149,0.0103027550504,-0.00150548759848,0.0000334400392603,-0.00292202574201,0.00298460619524,-0.00346705084667,0.000985575956292],[-0.000185849537957,-0.00138970720582,-0.00181586644612,-7.17982914011e-7,-0.0030461398419,0.00322497449815,-0.00150548759848,0.0147736566141,-0.00608010822907,0.00295313540846,-0.00234300550073,0.000769088161178,-0.00235708476976],[0.000171334570041,0.00182456814218,0.00105507508852,-0.00216988520697,-0.000106132953078,-0.00225670123473,0.0000334400392603,-0.00608010822907,0.0164732579142,-0.00466269347817,0.000814207654912,-0.00111800886225,0.000453031243524],[-0.0000536030274816,-0.00234830146655,-0.0003886888735,0.00271001155488,-0.00204654829577,0.00131750351284,-0.00292202574201,0.00295313540846,-0.00466269347817,0.01548372861,-0.00493715656921,0.000632843235508,-0.00193645188119],[0.000175194436451,0.00105346622877,-0.00156992988195,-0.0000522775007994,0.00118042144459,-0.00343982456252,0.00298460619524,-0.00234300550073,0.000814207654912,-0.00493715656921,0.0179983898997,-0.00626513035968,0.00187721860129],[-0.000153083950863,-0.0000383450533263,0.00129728531465,-0.00323284580372,0.000116584196803,0.00470531452447,-0.00346705084667,0.000769088161178,-0.00111800886225,0.000632843235508,-0.00626513035968,0.0174764674157,-0.00497611239552],[0.000332334457198,0.000415641115978,-0.000863213790581,0.00177009881008,-0.000381730176741,-0.0045492821373,0.000985575956292,-0.00235708476976,0.000453031243524,-0.00193645188119,0.00187721860129,-0.00497611239552,0.017575269565]],"mean":[-618.648681641,100.510559082,6.96891260147,19.0753746033,4.36751937866,5.31739521027,3.05010390282,8.15214252472,-7.07090473175,7.55112600327,-6.61179018021,3.0430521965,-11.0132102966]},"pitch_salience":{"dmean":0.0671840384603,"dmean2":0.109323821962,"dvar":0.00370700587519,"dvar2":0.00966540910304,"max":0.976501822472,"mean":0.567319452763,"median":0.577245056629,"min":0.0999320521951,"var":0.0108350906521},"silence_rate_20dB":{"dmean":0,"dmean2":0,"dvar":0,"dvar2":0,"max":1,"mean":1,"median":1,"min":1,"var":0},"silence_rate_30dB":{"dmean":0.000249469885603,"dmean2":0.000499001995195,"dvar":0.000249407632509,"dvar2":0.000748254009522,"max":1,"mean":0.999875307083,"median":1,"min":0,"var":0.000124703830807},"silence_rate_60dB":{"dmean":0.00374204805121,"dmean2":0.0074850297533,"dvar":0.00372804515064,"dvar2":0.00842700805515,"max":1,"mean":0.0579945109785,"median":0,"min":0,"var":0.0546311475337},"spectral_centroid":{"dmean":283.498504639,"dmean2":436.814147949,"dvar":93518.15625,"dvar2":206272.578125,"max":12118.7060547,"mean":1695.20996094,"median":1482.68164062,"min":175.099334717,"var":1535127},"spectral_complexity":{"dmean":3.51403260231,"dmean2":5.40169668198,"dvar":13.5358200073,"dvar2":28.9890880585,"max":59,"mean":21.8277626038,"median":22,"min":0,"var":86.2535705566},"spectral_contrast_coeffs":{"dmean":[0.0560684613883,0.0441546700895,0.0400989204645,0.0323316045105,0.0231048539281,0.0175593942404],"dmean2":[0.0897825360298,0.0713524371386,0.0641564056277,0.0522910244763,0.0364301875234,0.0278450883925],"dvar":[0.00238872831687,0.00126753631048,0.00110097927973,0.000672612513881,0.000381708203349,0.000224479372264],"dvar2":[0.00601560994983,0.00334401917644,0.00267117936164,0.00171814125497,0.000849853851832,0.000543972244486],"max":[-0.32557451725,-0.442804634571,-0.466281294823,-0.558980703354,-0.561270952225,-0.640083789825],"mean":[-0.631996512413,-0.732143700123,-0.747643172741,-0.759840369225,-0.772887587547,-0.769833743572],"median":[-0.633052408695,-0.730253458023,-0.74793356657,-0.760895311832,-0.778468728065,-0.769430398941],"min":[-0.988734602928,-0.97699457407,-0.963593184948,-0.962613761425,-0.963420927525,-0.961267650127],"var":[0.00775099592283,0.00457868305966,0.00419855490327,0.00328147877008,0.00290479767136,0.00162044691388]},"spectral_contrast_valleys":{"dmean":[0.416393220425,0.347988605499,0.308027356863,0.263184398413,0.209729850292,0.308498650789],"dmean2":[0.662645637989,0.559732437134,0.485964864492,0.404829472303,0.307710707188,0.42184612155],"dvar":[0.138596042991,0.106038704515,0.0859959721565,0.0726117119193,0.0561593063176,0.0965548455715],"dvar2":[0.298608720303,0.233704477549,0.172837436199,0.133773848414,0.0922288522124,0.178815558553],"max":[-5.21784687042,-5.15949058533,-5.30162286758,-5.96138286591,-5.79081869125,-7.22720146179],"mean":[-7.25037431717,-6.91810560226,-7.38869333267,-7.78875255585,-7.47695875168,-9.65584564209],"median":[-6.98120117188,-6.61899471283,-7.12388038635,-7.52414894104,-7.22181129456,-9.44990730286],"min":[-27.5867156982,-27.6840419769,-27.3108844757,-27.2549324036,-27.1963043213,-27.2133216858],"var":[3.06184196472,2.62354373932,2.51829504967,2.39607024193,2.54877281189,1.8484480381]},"spectral_decrease":{"dmean":2.44563214125e-9,"dmean2":3.83194542763e-9,"dvar":1.42578045074e-17,"dvar2":3.50808621273e-17,"max":5.59873531542e-15,"mean":-6.71696698262e-9,"median":-5.90790438793e-9,"min":-3.0080446578e-8,"var":1.98706021579e-17},"spectral_energy":{"dmean":0.00959302484989,"dmean2":0.014929767698,"dvar":0.000209602178074,"dvar2":0.000512933998834,"max":0.115677714348,"mean":0.0276656337082,"median":0.0249439366162,"min":8.12222359682e-13,"var":0.0003086841607},"spectral_energyband_high":{"dmean":0.000630649214145,"dmean2":0.000892039970495,"dvar":0.00000107024857243,"dvar2":0.00000200453291654,"max":0.0296560358256,"mean":0.00146626436617,"median":0.000923653249629,"min":3.43204441646e-13,"var":0.00000341087661582},"spectral_energyband_low":{"dmean":0.00598781043664,"dmean2":0.0095728058368,"dvar":0.00013459395268,"dvar2":0.00032887616544,"max":0.101651959121,"mean":0.00948343984783,"median":0.00497366581112,"min":2.51869184246e-17,"var":0.000162656389875},"spectral_energyband_middle_high":{"dmean":0.00202129385434,"dmean2":0.00313930562697,"dvar":0.0000063139877966,"dvar2":0.0000154317076522,"max":0.0424378104508,"mean":0.00635991245508,"median":0.00470607727766,"min":6.0698285709e-16,"var":0.0000267216655629},"spectral_energyband_middle_low":{"dmean":0.00553605472669,"dmean2":0.00891155563295,"dvar":0.0000835877726786,"dvar2":0.000209442645428,"max":0.0903110578656,"mean":0.0119487158954,"median":0.0100321499631,"min":1.27223581054e-16,"var":0.000102528996649},"spectral_entropy":{"dmean":0.140673995018,"dmean2":0.214535996318,"dvar":0.0175304561853,"dvar2":0.0409763306379,"max":9.80254268646,"mean":7.79518461227,"median":7.77162837982,"min":6.52106714249,"var":0.108394525945},"spectral_flux":{"dmean":0.0258604288101,"dmean2":0.0405141152442,"dvar":0.00115589424968,"dvar2":0.00243469583802,"max":0.305417984724,"mean":0.0890523269773,"median":0.0810697227716,"min":0.0000703230980434,"var":0.00236154068261},"spectral_kurtosis":{"dmean":0.837664425373,"dmean2":1.38072299957,"dvar":0.62966811657,"dvar2":1.66924273968,"max":11.1560850143,"mean":2.40536546707,"median":2.32912516594,"min":-1.27602565289,"var":1.71250760555},"spectral_rms":{"dmean":0.000809748773463,"dmean2":0.00122818024829,"dvar":0.00000112293116672,"dvar2":0.00000259944317804,"max":0.0106233851984,"mean":0.00488906586543,"median":0.00493310717866,"min":2.81498149235e-8,"var":0.00000308789549308},"spectral_rolloff":{"dmean":599.381530762,"dmean2":997.358520508,"dvar":984882.375,"dvar2":2151341.75,"max":21899.2675781,"mean":2133.22387695,"median":1464.2578125,"min":86.1328125,"var":8663981},"spectral_skewness":{"dmean":0.14451161027,"dmean2":0.229099363089,"dvar":0.016515340656,"dvar2":0.0387864932418,"max":2.51253247261,"mean":1.21734440327,"median":1.22622978687,"min":-0.215715318918,"var":0.0799528285861},"spectral_spread":{"dmean":589864.25,"dmean2":846858.125,"dvar":430263599104,"dvar2":811269816320,"max":40192932,"mean":5569618.5,"median":4898207,"min":2547856.25,"var":14366325866500},"spectral_strongpeak":{"dmean":0.625171840191,"dmean2":1.0903468132,"dvar":1.54685997963,"dvar2":4.10531902313,"max":17.8322296143,"mean":0.872777342796,"median":0.425376772881,"min":0,"var":1.82765936852},"zerocrossingrate":{"dmean":0.0112974038348,"dmean2":0.0135328704491,"dvar":0.000229563884204,"dvar2":0.000259475636994,"max":0.90625,"mean":0.0886933207512,"median":0.07177734375,"min":0.005859375,"var":0.0103142270818}},"metadata":{"audio_properties":{"analysis_sample_rate":44100,"bit_rate":0,"codec":"flac","downmix":"mix","equal_loudness":0,"length":186.133331299,"lossless":true,"md5_encoded":"5b6ea68c2c6d186bcb0de8e07b9d3ccb","replay_gain":-14.5187625885},"tags":{"acoustid_id":["816ccf95-1061-4204-8a89-0054179cc924"],"album":["More ABBA Gold: More ABBA Hits"],"albumartist":["ABBA"],"albumartistsort":["ABBA"],"artist":["ABBA"],"artists":["ABBA"],"artistsort":["ABBA"],"asin":["B0019M068O"],"barcode":["602517247338"],"catalognumber":["060251724733"],"composer":["Benny Andersson","Björn Ulvaeus"],"composersort":["Andersson, Benny","Ulvaeus, Björn"],"date":["2008-06-02"],"discnumber":["1"],"disctotal":["1"],"engineer":["Michael B. Tretow"],"file_name":"11 Ring Ring.flac","genre":["Pop; Disco"],"grouping":["Pop"],"isrc":["SEAYD7301010","SEAYD7315160"],"label":["Polar"],"language":["eng"],"lyricist":["Neil Sedaka","Phil Cody"],"media":["CD"],"mood":["Happy; Cheerful; Energetic; Retro"],"musicbrainz_albumartistid":["d87e52c5-bb8d-4da8-b941-9f4928627dc8"],"musicbrainz_albumid":["30eee9a8-b43e-4f92-84ce-a4f0fb97cfdb"],"musicbrainz_artistid":["d87e52c5-bb8d-4da8-b941-9f4928627dc8"],"musicbrainz_recordingid":["692a0e1e-0b76-47f1-b3f9-f70c15451979"],"musicbrainz_releasegroupid":["524a9ea8-a81c-38e8-bc23-351b0930e8b4"],"musicbrainz_releasetrackid":["93a0e06b-3e5a-3c4c-8190-017cab505e6f"],"musicbrainz_workid":["7156b530-58fa-3dc2-bf38-b025be7fe88f"],"originaldate":["1993-05-24"],"originalyear":["2008"],"producer":["Benny Andersson","Björn Ulvaeus"],"releasecountry":["XE"],"releasestatus":["official"],"releasetype":["album","compilation"],"replaygain_album_gain":["-8.60 dB"],"replaygain_album_peak":["0.968536"],"replaygain_track_gain":["-9.87 dB"],"replaygain_track_peak":["0.961823"],"script":["Latn"],"title":["Ring Ring"],"totaldiscs":["1"],"totaltracks":["20"],"tracknumber":["11"],"tracktotal":["20"],"work":["Ring Ring"]}