{"lowlevel":{"average_loudness":0.928032040596,"barkbands":{"dmean":[0.00473428377882,0.010043845512,0.00299006421119,0.00114954146557,0.00157737697009,0.00110060686711,0.00141346256714,0.000616099627223,0.000982158235274,0.00131598475855,0.000898950966075,0.00165544101037,0.000811445701402,0.000323173124343,0.000273690733593,0.000212469822145,0.000137035502121,0.000104430131614,0.0000897881109267,0.0000661662925268,0.0000489270860271,0.0000394841008529,0.0000223252827709,0.0000259679472947,0.00000287429793389,0.0000299712592096,0.000163647011505],"dmean2":[0.00732783135027,0.0172435920686,0.00484051322564,0.00195118028205,0.00262897252105,0.00178747053724,0.00229152548127,0.00102295412216,0.00158223265316,0.00215770374052,0.00145540351514,0.00268582161516,0.00132623699028,0.000535211060196,0.00045331576257,0.000346287997672,0.000218072993448,0.0001604721474,0.000133002802613,0.000100549776107,0.0000671599555062,0.0000517642802151,0.0000290105217573,0.0000338383688359,0.00000466960182166,0.0000375637937395,0.000235871775658],"dvar":[0.000183665295481,0.000527409312781,0.0000506835131091,0.00000423856135967,0.00000626374685453,0.0000026795166832,0.00000632245610177,0.00000166275219726,0.00000425972348239,0.00000460766977994,0.00000319714467878,0.00000900254963199,0.00000227931309382,3.16254045174e-7,1.7147908693e-7,1.27281012396e-7,7.74107675738e-8,7.76312774065e-8,4.89837503892e-8,2.1489125146e-8,1.29571358087e-8,7.68832109088e-9,2.73528333317e-9,4.25398694048e-9,2.72697142645e-11,5.12271824959e-9,5.84895154532e-8],"dvar2":[0.000403876561904,0.00144524336793,0.000115569288027,0.0000110583059723,0.0000173126318259,0.00000684002270646,0.0000158584298333,0.00000432233082392,0.0000102961612356,0.0000117853705888,0.00000771232316765,0.0000213894290937,0.00000531389287062,7.73039232627e-7,4.59826509314e-7,3.31006702936e-7,1.83097398576e-7,1.74508031137e-7,1.04969636538e-7,5.17365705832e-8,2.517425024e-8,1.34089201964e-8,4.73498618092e-9,7.10455783093e-9,6.42583208865e-11,7.94471688437e-9,1.16210436829e-7],"max":[0.2139557302,0.290096998215,0.150091081858,0.0607782863081,0.048246525228,0.040702495724,0.0717103928328,0.0256275124848,0.0562898181379,0.0435664057732,0.043793130666,0.11686874181,0.0650673434138,0.0218425858766,0.0069313258864,0.0108472667634,0.00841201189905,0.0125201325864,0.00764213921502,0.00547855580226,0.00484673678875,0.00133552821353,0.00085919915,0.000960167613812,0.0000924860869418,0.00110725720879,0.00683896802366],"mean":[0.00544015038759,0.0113160433248,0.0035013705492,0.00149037421215,0.00260403938591,0.00196067849174,0.00234970543534,0.000926956301555,0.00165268918499,0.00217288639396,0.00144858169369,0.00307194911875,0.00147896353155,0.000608403701335,0.000540993292816,0.00042033099453,0.000261847919319,0.000198967929464,0.000180045506568,0.000133176756208,0.0000892227253644,0.0000621468570898,0.0000316446894431,0.0000312544434564,0.00000301290401694,0.0000400692915719,0.000583139713854],"median":[0.00115091959015,0.00538617745042,0.00127413496375,0.000692259694915,0.00152557855472,0.00128671922721,0.00128601654433,0.000412579945987,0.000769793463405,0.00115250074305,0.000612008501776,0.00163881201297,0.000776570872404,0.000356623844709,0.000354125309968,0.00025676045334,0.000125393067719,0.0000645524123684,0.0000477699613839,0.0000355880947609,0.0000271612443612,0.0000158225957421,0.0000069556544986,0.00000259804869529,0.00000114209103685,0.00000638131677988,0.000383474427508],"min":[5.03820561742e-25,8.3205671958e-24,1.21621663708e-24,1.24038634914e-24,1.37817344912e-23,1.31834182045e-23,8.3579694579e-24,1.2718406789e-23,3.00044065716e-23,1.74345722678e-23,2.55648031044e-23,3.99543501899e-23,4.81972019648e-23,4.9113362932e-23,3.68114147476e-23,7.76164409833e-23,9.37523320532e-23,9.35880975236e-23,1.44149714414e-22,2.06347711233e-22,3.15645916886e-22,3.00403407636e-22,4.4120563813e-22,6.38798608902e-22,9.95209651439e-22,1.36057629736e-21,2.10457265079e-21],"var":[0.000229068551562,0.000458905269625,0.0000616674951743,0.00000605563218414,0.0000104430873762,0.00000556351005798,0.0000134793308462,0.00000276278365163,0.00000829455711937,0.00000915682085179,0.00000655037138131,0.0000250044740824,0.00000644939063932,7.18736941963e-7,3.73750054905e-7,2.80738078118e-7,1.92372169749e-7,2.1981060172e-7,1.5143693588e-7,5.99093326059e-8,3.03574267946e-8,1.56280872687e-8,4.91560880889e-9,7.67709096294e-9,3.08812697636e-11,9.95763560496e-9,4.07484264997e-7]},"barkbands_crest":{"dmean":2.65435361862,"dmean2":4.41039657593,"dvar":5.29134178162,"dvar2":13.8639593124,"max":25.2476024628,"mean":8.80228328705,"median":7.91149044037,"min":2.37995219231,"var":13.8124923706},"barkbands_flatness_db":{"dmean":0.0250251796097,"dmean2":0.038881201297,"dvar":0.000514099840075,"dvar2":0.00129581708461,"max":0.372920632362,"mean":0.138593167067,"median":0.133074060082,"min":0.0319739691913,"var":0.00242349295877},"barkbands_kurtosis":{"dmean":3.89604258537,"dmean2":6.36433362961,"dvar":88.6340942383,"dvar2":222.860717773,"max":324.392364502,"mean":6.30352067947,"median":2.99026060104,"min":-1.58837449551,"var":159.70552063},"barkbands_skewness":{"dmean":0.579009115696,"dmean2":0.910404086113,"dvar":0.488354384899,"dvar2":1.17944681644,"max":15.6137170792,"mean":1.62135374546,"median":1.36781275272,"min":-2.60483336449,"var":1.71194636822},"barkbands_spread":{"dmean":5.02893304825,"dmean2":7.92618942261,"dvar":26.7880916595,"dvar2":62.4069671631,"max":123.357017517,"mean":22.8711471558,"median":21.6995792389,"min":0.739087283611,"var":140.385910034},"dissonance":{"dmean":0.0184317752719,"dmean2":0.0317841507494,"dvar":0.000338539073709,"dvar2":0.000956743897405,"max":0.500000119209,"mean":0.472655743361,"median":0.47844812274,"min":0.172876030207,"var":0.000513733830303},"dynamic_complexity":2.551435709,"erbbands":{"dmean":[0.488577753305,1.61724281311,3.64917731285,3.08813023567,4.41867160797,6.14905405045,6.88230323792,10.5464324951,21.3771438599,15.4789447784,14.1603736877,19.536901474,37.5988883972,32.7406349182,41.5122451782,62.8094291687,37.1609268188,16.5751571655,14.9971094131,11.5419998169,11.5235490799,6.67411327362,5.66145324707,4.88165235519,4.54938268661,2.50038456917,2.05600547791,1.82204306126,1.46634864807,0.937473058701,0.609904646873,0.585144639015,0.385154396296,0.0519605129957,0.0189504809678,0.0690118521452,0.0731230080128,0.0313848853111,0.0125002693385,0.00471830135211],"dmean2":[0.854399740696,2.74735403061,5.89668416977,5.09864854813,7.47074270248,10.3613891602,11.4232692719,17.1431541443,34.8998832703,25.2515869141,22.9370250702,31.5322666168,61.8115768433,52.8992652893,67.0330963135,101.884887695,60.4848670959,27.0427303314,24.9493331909,18.8174343109,18.577747345,10.4856414795,8.69401168823,7.26671123505,6.79429960251,3.6557867527,2.89091086388,2.48675346375,1.95756542683,1.22328400612,0.790902554989,0.765426635742,0.523606657982,0.0769964009523,0.0300121959299,0.0926371738315,0.0920077264309,0.0396237932146,0.0163716040552,0.00707354582846],"dvar":[1.96703875065,8.33122062683,64.9762420654,34.4837799072,73.1925048828,96.4585266113,103.729988098,281.048400879,1664.42028809,766.764770508,925.291503906,1855.6105957,4486.92529297,3650.67089844,5848.72460938,13475.8955078,4152.54833984,1037.71643066,588.521179199,301.504760742,420.815795898,181.216918945,196.748260498,162.594970703,116.488586426,26.425321579,17.6123867035,23.265209198,10.8745031357,4.56491088867,2.07053756714,2.12053823471,1.02517044544,0.0105377854779,0.00104481854942,0.0304397214204,0.0321651883423,0.00472229765728,0.000518330780324,0.00003586427556],"dvar2":[5.51675987244,22.0078907013,145.534103394,85.2923431396,206.47253418,264.229431152,268.534515381,705.080810547,4045.56176758,1917.31774902,2319.6171875,4571.66113281,11157.3398438,9215.11621094,14129.3710938,31909.0625,9889.52734375,2495.07177734,1584.80249023,779.09387207,1092.8190918,419.072052002,440.028442383,353.549743652,254.105712891,57.5560646057,33.6619567871,46.6254653931,19.1404495239,7.9762597084,3.57736134529,3.56840920448,1.87117743492,0.0209050998092,0.0024161352776,0.0517117232084,0.0509471856058,0.00768731627613,0.000883332104422,0.0000780705522629],"max":[16.678899765,43.2622108459,158.547317505,129.704788208,268.82800293,230.426025391,182.448226929,466.76272583,1269.81115723,569.560546875,746.640136719,1332.87402344,1589.98388672,1524.95617676,2555.91625977,4900.3828125,2265.63842773,1356.92883301,428.849761963,318.635559082,535.574829102,417.115539551,597.655761719,436.1925354,398.804443359,197.554855347,99.2919082642,241.36366272,59.6985702515,36.7375450134,22.6955661774,24.5327968597,14.4226312637,1.76349687576,0.711415052414,3.31863832474,2.80525374413,1.11149561405,0.872982561588,0.206794008613],"mean":[0.47375446558,1.98557877541,4.47867012024,4.23531007767,6.53113651276,9.47035503387,11.7153730392,18.5264472961,34.45652771,24.6141109467,24.017408371,33.9625968933,62.0859985352,58.9044647217,77.7899627686,121.397079468,73.9062652588,35.1927337646,30.5445575714,24.9325828552,23.5249042511,14.2225093842,11.2167310715,9.82044029236,9.46856975555,5.46532917023,4.07023048401,3.07687759399,2.32606053352,1.40433907509,0.858955204487,0.734371960163,0.441189259291,0.0594556257129,0.0216288454831,0.0820642709732,0.0961616113782,0.0546846389771,0.0355975590646,0.0222363490611],"median":[0.132564559579,1.11384117603,1.90629053116,2.22130918503,3.11234068871,5.39845991135,7.8062415123,11.818564415,17.1448345184,13.9193677902,11.1643447876,16.0031204224,32.7206802368,30.8387241364,40.4492492676,67.5206451416,41.3163070679,21.1688671112,19.4227542877,16.9911441803,14.22727108,7.07212877274,3.8781914711,2.87976551056,2.27544236183,1.62305402756,1.28657484055,0.879635751247,0.59026157856,0.340126156807,0.186566963792,0.0886972844601,0.0277818888426,0.0152351502329,0.00916705746204,0.00820492394269,0.0134400371462,0.0154660223052,0.0130872959271,0.0181637052447],"min":[1.51945641776e-22,1.39300345354e-21,2.90474387764e-21,4.21678056638e-21,2.24527950611e-20,2.96935900233e-20,4.54625282437e-20,8.82048795053e-20,1.26006115846e-19,2.14588267258e-19,4.31777681501e-19,5.59810557868e-19,6.98099750048e-19,7.22487257554e-19,1.54153751187e-18,1.95746605094e-18,1.88646955255e-18,2.68291234034e-18,1.52974543185e-18,3.65149906502e-18,3.70162662373e-18,5.27123244173e-18,5.21061209695e-18,7.62073971002e-18,7.12729421458e-18,9.61567270001e-18,1.04705076148e-17,1.06428002374e-17,1.11728071159e-17,1.15565535729e-17,1.33268573957e-17,1.08612718721e-17,1.20295859051e-17,9.58934933137e-18,7.42110545944e-18,4.66741623717e-18,2.39678932569e-18,1.07822589596e-18,2.7552367738e-19,2.75333496925e-20],"var":[1.56986403465,8.4157075882,82.30884552,43.2531433105,117.607704163,154.27583313,185.797729492,549.880615234,3520.99511719,1298.27441406,1705.09057617,3541.56591797,8190.50292969,7525.08789062,14040.6796875,37911.5976562,12377.2939453,2558.6472168,1293.46972656,726.208862305,938.181274414,511.01550293,587.853027344,495.155303955,374.735900879,92.7005157471,48.4278450012,47.9213676453,22.0350627899,8.53789138794,3.73388791084,3.83296489716,1.66540682316,0.0162835791707,0.00129889359232,0.053117223084,0.0613693706691,0.0102262729779,0.0028945512604,0.000310908944812]},"erbbands_crest":{"dmean":2.47757339478,"dmean2":4.07759618759,"dvar":4.89518117905,"dvar2":12.5027122498,"max":30.7824745178,"mean":8.69641685486,"median":7.85511112213,"min":1.83326733112,"var":14.0764789581},"erbbands_flatness_db":{"dmean":0.0245026424527,"dmean2":0.0350421257317,"dvar":0.000462195312139,"dvar2":0.000928025867324,"max":0.427386730909,"mean":0.166213095188,"median":0.164501711726,"min":0.0223024971783,"var":0.00271674920805},"erbbands_kurtosis":{"dmean":1.0876737833,"dmean2":1.72280693054,"dvar":1.97188937664,"dvar2":4.53881120682,"max":32.1653404236,"mean":1.29569327831,"median":0.626742839813,"min":-1.51858460903,"var":6.23707914352},"erbbands_skewness":{"dmean":0.33749884367,"dmean2":0.517686963081,"dvar":0.088729865849,"dvar2":0.197782695293,"max":3.56472325325,"mean":0.0641669556499,"median":0.0811254456639,"min":-3.77157330513,"var":0.433591872454},"erbbands_spread":{"dmean":5.34395694733,"dmean2":7.9300236702,"dvar":35.3683395386,"dvar2":69.6407852173,"max":125.115509033,"mean":22.4756603241,"median":19.6356124878,"min":1.32020223141,"var":163.485748291},"gfcc":{"cov":[[11117.0810547,-600.573608398,-700.459777832,349.260467529,-355.521881104,-124.450469971,336.103210449,-89.7677612305,43.8977432251,-34.4136314392,-37.7410888672,174.041976929,-328.008148193],[-600.573608398,1156.16479492,-1.87181603909,-482.364776611,156.266036987,-88.8021011353,-73.2680053711,-108.641456604,8.77126598358,-56.591999054,48.6685943604,-96.6077041626,165.024795532],[-700.459777832,-1.87181603909,595.816040039,159.622848511,-125.647171021,205.820617676,-155.529449463,96.682762146,-67.0389251709,26.8314609528,-25.0810909271,-9.38003730774,7.79282903671],[349.260467529,-482.364776611,159.622848511,496.64050293,9.35372543335,-8.08401489258,93.0758666992,36.5830383301,-0.180093154311,16.7554588318,-29.7817764282,49.7994842529,-111.961921692],[-355.521881104,156.266036987,-125.647171021,9.35372543335,230.75163269,-51.4112510681,62.1156539917,-52.1066970825,19.0067462921,-14.114859581,25.9372692108,-14.1830101013,21.4149551392],[-124.450469971,-88.8021011353,205.820617676,-8.08401489258,-51.4112510681,278.70098877,-93.0969924927,68.592338562,-43.555557251,28.0841464996,-3.16680264473,3.8106982708,13.3332223892],[336.103210449,-73.2680053711,-155.529449463,93.0758666992,62.1156539917,-93.0969924927,215.651168823,-5.92156648636,69.0004653931,-1.95554256439,5.59629440308,27.1999664307,-45.3897285461],[-89.7677612305,-108.641456604,96.682762146,36.5830383301,-52.1066970825,68.592338562,-5.92156648636,129.908325195,15.0289325714,29.5123462677,-8.20365047455,-5.47599411011,9.2564573288],[43.8977432251,8.77126598358,-67.0389251709,-0.180093154311,19.0067462921,-43.555557251,69.0004653931,15.0289325714,99.254447937,32.7572975159,9.95180034637,13.3935995102,-11.4178724289],[-34.4136314392,-56.591999054,26.8314609528,16.7554588318,-14.114859581,28.0841464996,-1.95554256439,29.5123462677,32.7572975159,65.5744552612,33.0783843994,16.5818729401,3.10945820808],[-37.7410888672,48.6685943604,-25.0810909271,-29.7817764282,25.9372692108,-3.16680264473,5.59629440308,-8.20365047455,9.95180034637,33.0783843994,66.6358032227,27.6043071747,20.7258930206],[174.041976929,-96.6077041626,-9.38003730774,49.7994842529,-14.1830101013,3.8106982708,27.1999664307,-5.47599411011,13.3935995102,16.5818729401,27.6043071747,65.416305542,-0.169077068567],[-328.008148193,165.024795532,7.79282903671,-111.961921692,21.4149551392,13.3332223892,-45.3897285461,9.2564573288,-11.4178724289,3.10945820808,20.7258930206,-0.169077068567,90.4788208008]],"icov":[[0.000164562588907,-0.000413177738665,0.000683342688717,-0.000570870295633,0.000660372781567,-0.000346382381395,0.0000754209031584,-0.000172191968886,0.000283548433799,-0.000163258519024,0.000168204758666,-0.000484121439513,0.000537058454938],[-0.000413177738665,0.00513806147501,-0.00500313472003,0.00517591461539,-0.00364739308134,0.00243311561644,-0.00160288834013,0.0031893637497,-0.0034497610759,0.0041903774254,-0.00391302723438,0.00531463883817,-0.00433215033263],[0.000683342688717,-0.00500313472003,0.0094345305115,-0.00812988728285,0.00636213598773,-0.00486220559105,0.00338643230498,-0.00300753093325,0.002407920314,-0.00246525555849,0.00181377353147,-0.00229063467123,0.00191575905774],[-0.000570870295633,0.00517591461539,-0.00812988728285,0.0121439890936,-0.00817841012031,0.0053726923652,-0.00322481105104,0.000239622386289,0.00141602894291,-0.00131767056882,0.00267440313473,-0.0030490080826,0.00332507537678],[0.000660372781567,-0.00364739308134,0.00636213598773,-0.00817841012031,0.0127740707248,-0.00466879829764,-0.000492977560498,0.00224639824592,-0.00167591718491,0.00275511224754,-0.00532455323264,0.005311883986,-0.00351082673296],[-0.000346382381395,0.00243311561644,-0.00486220559105,0.0053726923652,-0.00466879829764,0.00839071534574,0.00012165417138,-0.00209260568954,0.00278735463507,-0.00306512624957,0.00236104358919,-0.00278559047729,0.0014283596538],[0.0000754209031584,-0.00160288834013,0.00338643230498,-0.00322481105104,-0.000492977560498,0.00012165417138,0.0107508394867,-0.00337626505643,-0.00433826912194,0.00306524313055,-0.000542964087799,-0.004142801743,0.00421603582799],[-0.000172191968886,0.0031893637497,-0.00300753093325,0.000239622386289,0.00224639824592,-0.00209260568954,-0.00337626505643,0.0158723760396,-0.00588327087462,0.0000994221336441,-0.00258635939099,0.0101420572028,-0.0095611102879],[0.000283548433799,-0.0034497610759,0.002407920314,0.00141602894291,-0.00167591718491,0.00278735463507,-0.00433826912194,-0.00588327087462,0.0250172652304,-0.0197145342827,0.0128513742238,-0.0113229351118,0.00814582407475],[-0.000163258519024,0.0041903774254,-0.00246525555849,-0.00131767056882,0.00275511224754,-0.00306512624957,0.00306524313055,0.0000994221336441,-0.0197145342827,0.0431939549744,-0.0275240782648,0.0114687466994,-0.00597171671689],[0.000168204758666,-0.00391302723438,0.00181377353147,0.00267440313473,-0.00532455323264,0.00236104358919,-0.000542964087799,-0.00258635939099,0.0128513742238,-0.0275240782648,0.0412198826671,-0.0223205629736,0.00488825747743],[-0.000484121439513,0.00531463883817,-0.00229063467123,-0.0030490080826,0.005311883986,-0.00278559047729,-0.004142801743,0.0101420572028,-0.0113229351118,0.0114687466994,-0.0223205629736,0.0390912368894,-0.0156237743795],[0.000537058454938,-0.00433215033263,0.00191575905774,0.00332507537678,-0.00351082673296,0.0014283596538,0.00421603582799,-0.0095611102879,0.00814582407475,-0.00597171671689,0.00488825747743,-0.0156237743795,0.0286481678486]],"mean":[5.45154905319,108.558326721,-95.5593490601,-18.7816963196,-11.8682641983,-7.99249410629,1.06972539425,-18.2610149384,-2.18713784218,-7.21765851974,-0.926171123981,1.06671881676,-3.50193715096]},"hfc":{"dmean":41.1339378357,"dmean2":65.2205963135,"dvar":2042.09411621,"dvar2":4889.85107422,"max":828.749328613,"mean":174.88142395,"median":164.93888855,"min":1.11654837551e-16,"var":8833.44628906},"melbands":{"dmean":[0.00354923447594,0.00191708898637,0.000563810579479,0.000352086208295,0.000244384660618,0.00023852364393,0.000302320346236,0.000158170063514,0.00013077215408,0.000129068212118,0.000196140870685,0.000143872952322,0.000129518244648,0.000181543189683,0.000159437739057,0.0000590934687352,0.0000317279082083,0.0000267795858235,0.0000200214562938,0.0000143636325447,0.0000147468235809,0.00000805594299891,0.00000568946325075,0.00000517867329108,0.0000041903458623,0.00000349970605384,0.00000356903319698,0.00000148474077832,0.00000139903863783,0.00000117478259654,0.00000113231089927,8.80470850007e-7,7.27580641069e-7,4.71215741982e-7,3.38324412041e-7,3.58424870228e-7,3.72650646341e-7,3.27688184143e-7,1.11725668717e-7,2.42636541969e-8],"dmean2":[0.00604358594865,0.0031325367745,0.00092384708114,0.000588681607042,0.00040487429942,0.000387167441659,0.000492832623422,0.00025895689032,0.000211631559068,0.000208876735996,0.000322367268382,0.000233897575526,0.000210101192351,0.000294202473015,0.0002592735691,0.0000974212380243,0.000052137318562,0.000044729145884,0.0000330178190779,0.0000236256491917,0.0000239220735239,0.0000128884285004,0.00000898209873412,0.00000811838981463,0.00000636226741335,0.00000527443580722,0.00000562619516131,0.00000220589186029,0.00000202780506697,0.00000168075405327,0.00000159312492087,0.00000121169262002,9.8600844467e-7,6.35225319456e-7,4.50400420959e-7,4.78047581964e-7,5.04240802002e-7,4.5243916702e-7,1.62768031942e-7,3.97771380278e-8],"dvar":[0.000087607819296,0.0000125672586364,0.00000113680346203,3.26658721406e-7,1.30420886535e-7,1.30400266585e-7,3.15041461363e-7,8.44728518246e-8,7.84437546031e-8,8.40144309677e-8,1.17906168384e-7,6.68876580789e-8,6.05346102134e-8,1.28003691202e-7,1.02022070791e-7,1.26419026358e-8,3.6280616289e-9,1.96750860049e-9,8.7882345845e-10,5.47143719221e-10,7.34871330454e-10,2.58316812385e-10,2.12361059293e-10,1.99019301039e-10,1.19356149964e-10,7.88583226496e-11,8.03790506376e-11,9.54737417597e-12,7.79212111501e-12,7.08728041532e-12,1.03722369235e-11,4.02508018235e-12,2.91200592285e-12,1.22864424797e-12,6.37250289429e-13,7.79541958328e-13,9.69615880642e-13,7.95190302494e-13,8.25622190515e-14,1.90390877807e-15],"dvar2":[0.000236809981288,0.0000290630341624,0.00000280268977804,9.08158483526e-7,3.40976015423e-7,3.29021162315e-7,7.86588088886e-7,2.11174778997e-7,1.9363362469e-7,2.06445335493e-7,2.9380797173e-7,1.69973134234e-7,1.46290517478e-7,2.97637996027e-7,2.29763870152e-7,3.34196350593e-8,8.70869154568e-9,5.33277955128e-9,2.33293939722e-9,1.38774247649e-9,1.91435001184e-9,6.15647588464e-10,5.32411281728e-10,4.72602235124e-10,2.68423866467e-10,1.80424203355e-10,1.93749724597e-10,2.19744101387e-11,1.62993472885e-11,1.37389309998e-11,2.26202268722e-11,7.51040028779e-12,5.51961514689e-12,2.29661775708e-12,1.15010247419e-12,1.39109470471e-12,1.72782003548e-12,1.49320616635e-12,1.65442299075e-13,4.53523632223e-15],"max":[0.117352157831,0.0667081326246,0.0287009477615,0.0123843988404,0.00880015362054,0.00901789404452,0.0169258657843,0.00519593991339,0.0080741038546,0.00848157517612,0.00771973934025,0.00593493506312,0.00653125392273,0.0170933138579,0.0138604557142,0.0041460278444,0.0024117489811,0.000813405029476,0.000524097238667,0.000695330498274,0.000537097337656,0.00046502443729,0.000688253086992,0.000580052263103,0.000336577475537,0.000354302232154,0.000330837036017,0.000113196387247,0.0000556421400688,0.0000803383227321,0.000170251383679,0.000039359969378,0.000041697636334,0.0000229523520829,0.0000138146024256,0.0000132847517307,0.0000194728672795,0.0000133010089485,0.00000521425135958,8.83547670583e-7],"mean":[0.0039668707177,0.00247991760261,0.000836502353195,0.000566356698982,0.000429956417065,0.000431444845162,0.00049659947399,0.000242575872107,0.000213008461287,0.000218900007894,0.000319074664731,0.000245080242166,0.000223544018809,0.000330965558533,0.000283889006823,0.000108967884444,0.0000595560923102,0.0000496439788549,0.0000392439833377,0.0000284484904114,0.0000275665770459,0.0000154538902279,0.0000105712333607,0.00000936007745622,0.0000077804634202,0.00000683748066876,0.00000654046334603,0.00000291594142254,0.00000262498679149,0.00000204878688237,0.00000173453486241,0.0000013568179611,0.00000107396692783,6.66014443595e-7,4.732032437e-7,4.74918181226e-7,4.41852591848e-7,3.68534500694e-7,1.22923736967e-7,2.52674077217e-8],"median":[0.00154268264305,0.0012831344502,0.000441679789219,0.000313875556458,0.000294240831863,0.000283410452539,0.000261660403339,0.000128208761453,0.0000920102465898,0.000101421930594,0.00016607476573,0.000125822538394,0.000105508661363,0.000176652174559,0.000144318444654,0.000058672947489,0.0000338307290804,0.0000292913300655,0.0000258689397015,0.0000181331106432,0.0000153828041221,0.00000759379145165,0.00000389737579098,0.00000286744193545,0.00000222261019189,0.00000165312701483,0.00000144944942804,9.06493653474e-7,7.99481369995e-7,6.26015207672e-7,4.57979155044e-7,3.43015642557e-7,2.45652586273e-7,1.55788654865e-7,1.02886126285e-7,8.50965520272e-8,3.57650371541e-8,1.77619980946e-8,1.43135796549e-8,9.82667724969e-9],"min":[2.09608487506e-24,1.51263812336e-24,1.37853531934e-24,1.93981843227e-24,1.67709264652e-24,2.21832459157e-24,1.92753152924e-24,2.66930986298e-24,3.97911301355e-24,2.84843493101e-24,3.45778126813e-24,2.34063826378e-24,4.13865500403e-24,4.16218041395e-24,2.09540763797e-24,4.52573918946e-24,5.07534489302e-24,2.07497337952e-24,3.36209638463e-24,5.883444538e-24,3.48426175099e-24,4.82740946038e-24,6.26869225524e-24,3.57925953664e-24,5.96882374263e-24,4.85877180896e-24,5.22035527677e-24,6.17398161496e-24,5.14028826147e-24,6.87531643059e-24,4.90496553142e-24,5.80388673241e-24,6.17366291515e-24,5.47280812138e-24,7.22053537335e-24,5.70402364713e-24,6.58917685875e-24,7.24079884343e-24,7.98820353036e-24,7.74043809724e-24],"var":[0.0000788859688328,0.000016091426005,0.00000164889013377,5.259818181e-7,2.39245451894e-7,2.67991936198e-7,6.62494812786e-7,1.40559137662e-7,1.43532631114e-7,1.5938435638e-7,2.16909342043e-7,1.33616978815e-7,1.29312255126e-7,3.40949810607e-7,3.16479287221e-7,2.66409934113e-8,8.16432965678e-9,3.97230781601e-9,1.90927651467e-9,1.18695286933e-9,1.51098289436e-9,6.45760556139e-10,4.87767992663e-10,5.11461928365e-10,3.25815457947e-10,2.18095486115e-10,1.90238644282e-10,2.65359349078e-11,1.97981787214e-11,1.59824271873e-11,1.84527983171e-11,7.68785816258e-12,5.18064107238e-12,2.07643646201e-12,1.1078353946e-12,1.33463400921e-12,1.6290016211e-12,1.23988970133e-12,1.19003182417e-13,2.11252007573e-15]},"melbands_crest":{"dmean":4.34298229218,"dmean2":7.16038608551,"dvar":16.089389801,"dvar2":39.0282936096,"max":36.743724823,"mean":13.9178066254,"median":12.3986988068,"min":1.6279040575,"var":42.2230377197},"melbands_flatness_db":{"dmean":0.0329467579722,"dmean2":0.0514975190163,"dvar":0.000818235392217,"dvar2":0.00205379980616,"max":0.531274974346,"mean":0.247274667025,"median":0.241024270654,"min":0.00317355711013,"var":0.00420244038105},"melbands_kurtosis":{"dmean":6.08536100388,"dmean2":10.0648336411,"dvar":324.733520508,"dvar2":897.87677002,"max":765.364135742,"mean":7.68225717545,"median":2.06690645218,"min":-1.86331248283,"var":468.584075928},"melbands_skewness":{"dmean":0.75890314579,"dmean2":1.20209395885,"dvar":0.884974122047,"dvar2":2.21314573288,"max":22.6184368134,"mean":1.79932439327,"median":1.43512094021,"min":-2.15546107292,"var":2.87477493286},"melbands_spread":{"dmean":5.19030189514,"dmean2":8.31033039093,"dvar":34.7705039978,"dvar2":79.8732147217,"max":184.090988159,"mean":21.2897586823,"median":20.3799781799,"min":0.52535200119,"var":161.086593628},"mfcc":{"cov":[[6753.58349609,-690.851867676,-516.928527832,524.479187012,-518.906799316,211.191711426,-81.0924987793,324.332092285,-160.362487793,209.195617676,7.23782157898,88.9078598022,-13.1974945068],[-690.851867676,1600.7722168,-194.067947388,-352.605194092,102.620864868,-77.6464996338,-4.69183301926,-170.851837158,60.5536651611,-142.626464844,-25.6997680664,-49.0414924622,61.6925506592],[-516.928527832,-194.067947388,753.438842773,-81.0084457397,143.620147705,6.94418001175,25.0640182495,7.19373321533,11.140917778,19.298368454,-28.7970218658,35.9859390259,-60.3277511597],[524.479187012,-352.605194092,-81.0084457397,509.092803955,-82.9219512939,48.7312927246,1.56683385372,88.4881668091,-32.8717918396,50.9609947205,44.9716415405,-15.7296714783,-8.32405281067],[-518.906799316,102.620864868,143.620147705,-82.9219512939,219.621353149,19.2695827484,45.7325592041,-47.6450538635,17.8320102692,-43.9050140381,-6.57586860657,7.44518089294,-14.1687602997],[211.191711426,-77.6464996338,6.94418001175,48.7312927246,19.2695827484,138.203704834,21.6775608063,38.1133613586,-28.9865951538,19.0214767456,-9.81654548645,20.6228485107,1.85665225983],[-81.0924987793,-4.69183301926,25.0640182495,1.56683385372,45.7325592041,21.6775608063,92.0873947144,17.0355110168,10.4003248215,-11.9188919067,9.67017459869,-4.82672262192,0.156255215406],[324.332092285,-170.851837158,7.19373321533,88.4881668091,-47.6450538635,38.1133613586,17.0355110168,100.277084351,9.79874801636,41.8775482178,4.05122232437,12.7253665924,-9.1728887558],[-160.362487793,60.5536651611,11.140917778,-32.8717918396,17.8320102692,-28.9865951538,10.4003248215,9.79874801636,83.3311767578,18.7672653198,13.0499038696,-1.4035384655,3.09846782684],[209.195617676,-142.626464844,19.298368454,50.9609947205,-43.9050140381,19.0214767456,-11.9188919067,41.8775482178,18.7672653198,88.4521484375,25.4744319916,16.4959106445,-0.147634968162],[7.23782157898,-25.6997680664,-28.7970218658,44.9716415405,-6.57586860657,-9.81654548645,9.67017459869,4.05122232437,13.0499038696,25.4744319916,63.246799469,11.9679431915,10.6080064774],[88.9078598022,-49.0414924622,35.9859390259,-15.7296714783,7.44518089294,20.6228485107,-4.82672262192,12.7253665924,-1.4035384655,16.4959106445,11.9679431915,60.0379486084,13.5783052444],[-13.1974945068,61.6925506592,-60.3277511597,-8.32405281067,-14.1687602997,1.85665225983,0.156255215406,-9.1728887558,3.09846782684,-0.147634968162,10.6080064774,13.5783052444,65.4764556885]],"icov":[[0.000230761215789,-0.0000250535122177,0.000135230788146,-0.0000770066908444,0.000309069611831,-0.0000888094145921,-0.00000876086505741,-0.00041127690929,0.00038156597293,-0.000267647352302,0.000190704377019,-0.000392000569263,0.0002284632792],[-0.0000250535122177,0.00101290422026,0.000175504450453,0.000466899073217,-0.0000312774973281,-0.000363782426575,0.000252551893936,0.000921061786357,-0.00107999972533,0.00123073428404,-0.000287295813905,0.000675505783875,-0.000646033149678],[0.000135230788146,0.000175504450453,0.00198727147654,0.000128259373014,-0.00121996738017,0.000683192978613,-0.000373358518118,-0.000371739792172,0.000525626179297,-0.00142165692523,0.00143094046507,-0.00145158800296,0.0014157659607],[-0.0000770066908444,0.000466899073217,0.000128259373014,0.00319044734351,-0.0000858551939018,-0.000687470659614,0.000883977860212,-0.00227336166427,0.00110072793905,0.00050620525144,-0.00298234657384,0.00261711631902,-0.000361840269761],[0.000309069611831,-0.0000312774973281,-0.00121996738017,-0.0000858551939018,0.00933663826436,-0.00340383127332,-0.00337151461281,0.00486431131139,-0.00343106174842,0.00351349427365,-0.000543890870176,-0.00258058216423,0.00255679991096],[-0.0000888094145921,-0.000363782426575,0.000683192978613,-0.000687470659614,-0.00340383127332,0.0119844116271,-0.00253779790364,-0.00399555265903,0.00580863561481,-0.00476173870265,0.00428135646507,-0.00296103465371,-0.00112836447079],[-0.00000876086505741,0.000252551893936,-0.000373358518118,0.000883977860212,-0.00337151461281,-0.00253779790364,0.0160235445946,-0.00617341417819,-0.00130100350361,0.00501127168536,-0.00580911664292,0.00476560555398,-0.00200631981716],[-0.00041127690929,0.000921061786357,-0.000371739792172,-0.00227336166427,0.00486431131139,-0.00399555265903,-0.00617341417819,0.0225206688046,-0.00672252383083,-0.00336036854424,0.00426785973832,-0.00433640135452,0.0032717785798],[0.00038156597293,-0.00107999972533,0.000525626179297,0.00110072793905,-0.00343106174842,0.00580863561481,-0.00130100350361,-0.00672252383083,0.0194722376764,-0.00743710948154,-0.000908382993657,0.00122124305926,-0.00117145199329],[-0.000267647352302,0.00123073428404,-0.00142165692523,0.00050620525144,0.00351349427365,-0.00476173870265,0.00501127168536,-0.00336036854424,-0.00743710948154,0.023195322603,-0.00918681453913,0.0000216204625758,-0.000158337221364],[0.000190704377019,-0.000287295813905,0.00143094046507,-0.00298234657384,-0.000543890870176,0.00428135646507,-0.00580911664292,0.00426785973832,-0.000908382993657,-0.00918681453913,0.0250756237656,-0.00721797579899,-0.000922378851101],[-0.000392000569263,0.000675505783875,-0.00145158800296,0.00261711631902,-0.00258058216423,-0.00296103465371,0.00476560555398,-0.00433640135452,0.00122124305926,0.0000216204625758,-0.00721797579899,0.0250024944544,-0.00688682822511],[0.0002284632792,-0.000646033149678,0.0014157659607,-0.000361840269761,0.00255679991096,-0.00112836447079,-0.00200631981716,0.0032717785798,-0.00117145199329,-0.000158337221364,-0.000922378851101,-0.00688682822511,0.0198669545352]],"mean":[-658.081604004,177.641311646,-22.385011673,12.4782419205,-2.09278655052,19.7412319183,3.66633558273,7.99737930298,-0.454594552517,1.32682991028,-3.02262496948,5.69195413589,5.01289653778]},"pitch_salience":{"dmean":0.0779063850641,"dmean2":0.127020508051,"dvar":0.00493878079578,"dvar2":0.0124716069549,"max":0.93448227644,"mean":0.593302309513,"median":0.619051158428,"min":0.0892328247428,"var":0.0144848246127},"silence_rate_20dB":{"dmean":0,"dmean2":0,"dvar":0,"dvar2":0,"max":1,"mean":1,"median":1,"min":1,"var":0},"silence_rate_30dB":{"dmean":0.0697354897857,"dmean2":0.139482945204,"dvar":0.0648771077394,"dvar2":0.13341383636,"max":1,"mean":0.921253740788,"median":1,"min":0,"var":0.0725545808673},"silence_rate_60dB":{"dmean":0.00309172109701,"dmean2":0.00618397304788,"dvar":0.00308251823299,"dvar2":0.00683274911717,"max":1,"mean":0.017775868997,"median":0,"min":0,"var":0.0174598358572},"spectral_centroid":{"dmean":147.456985474,"dmean2":219.400436401,"dvar":47676.5273438,"dvar2":86907.6875,"max":11492.671875,"mean":1042.04382324,"median":978.493103027,"min":139.013549805,"var":411839.875},"spectral_complexity":{"dmean":3.34678792953,"dmean2":5.01056432724,"dvar":11.0405502319,"dvar2":19.5865077972,"max":60,"mean":23.2497215271,"median":23,"min":0,"var":96.1264190674},"spectral_contrast_coeffs":{"dmean":[0.0531218089163,0.0480865463614,0.0379435755312,0.0290447883308,0.0222950112075,0.0380659773946],"dmean2":[0.0886175855994,0.0809764787555,0.0639902055264,0.0490624830127,0.0364672653377,0.0585048981011],"dvar":[0.00167684000917,0.00136870716233,0.000884896493517,0.000512101105414,0.000374734023353,0.0012041501468],"dvar2":[0.00464463559911,0.00376905058511,0.00246406532824,0.00142473482993,0.000990602886304,0.002726001665],"max":[-0.404792696238,-0.456916540861,-0.532972037792,-0.576541543007,-0.659564077854,-0.446316242218],"mean":[-0.695528924465,-0.762595176697,-0.794530928135,-0.800652444363,-0.815513551235,-0.753540277481],"median":[-0.699983298779,-0.765806078911,-0.798668026924,-0.803996145725,-0.814849257469,-0.754242122173],"min":[-0.973357141018,-0.976314604282,-0.977969288826,-0.971886813641,-0.963571548462,-0.961779356003],"var":[0.00526292063296,0.0035833271686,0.00242069433443,0.00166506192181,0.00146775413305,0.00634440220892]},"spectral_contrast_valleys":{"dmean":[0.410431295633,0.34132167697,0.285309761763,0.242958605289,0.312215358019,0.629585266113],"dmean2":[0.676654577255,0.559976041317,0.459633827209,0.384755462408,0.445897251368,0.965636610985],"dvar":[0.136953547597,0.105590432882,0.083028011024,0.0770055651665,0.140777438879,0.291689276695],"dvar2":[0.305076986551,0.221456199884,0.152110561728,0.134377986193,0.253261983395,0.667366027832],"max":[-4.73676156998,-4.54118537903,-4.88562870026,-5.25602769852,-5.47728347778,-8.77077484131],"mean":[-6.80985116959,-6.28921127319,-6.43762683868,-7.04208230972,-7.81334114075,-11.1025619507],"median":[-6.670566082,-6.122838974,-6.25785493851,-6.81669807434,-7.6399846077,-10.9989957809],"min":[-28.2343540192,-27.7773685455,-27.5559234619,-27.5063476562,-27.4254283905,-27.4330883026],"var":[1.68814718723,1.80021941662,1.81597018242,1.6777664423,1.94558751583,1.5445100069]},"spectral_decrease":{"dmean":4.83535389506e-9,"dmean2":7.68932828521e-9,"dvar":8.34043366136e-17,"dvar2":2.05349903172e-16,"max":1.97273264391e-9,"mean":-8.8321367997e-9,"median":-6.09522876616e-9,"min":-1.14525299466e-7,"var":1.04177872585e-16},"spectral_energy":{"dmean":0.019165687263,"dmean2":0.0299628339708,"dvar":0.00125376216602,"dvar2":0.00304786977358,"max":0.463811844587,"mean":0.0491965860128,"median":0.0386583805084,"min":1.02387204531e-20,"var":0.00182957958896},"spectral_energyband_high":{"dmean":0.00026500452077,"dmean2":0.000330027192831,"dvar":2.56722870517e-7,"dvar2":3.8047019757e-7,"max":0.0117796761915,"mean":0.000663689919747,"median":0.000286426249659,"min":7.4713941762e-21,"var":9.22498259115e-7},"spectral_energyband_low":{"dmean":0.0149926170707,"dmean2":0.0246132854372,"dvar":0.00105680478737,"dvar2":0.00272467383184,"max":0.406029552221,"mean":0.0195480585098,"median":0.00943790748715,"min":2.51432153263e-23,"var":0.00111332139932},"spectral_energyband_middle_high":{"dmean":0.00321482261643,"dmean2":0.00495144492015,"dvar":0.0000202127939701,"dvar2":0.0000468651669507,"max":0.119521550834,"mean":0.010173282586,"median":0.00760218361393,"min":1.21090214585e-21,"var":0.0000951973415795},"spectral_energyband_middle_low":{"dmean":0.00424906937405,"dmean2":0.00675006490201,"dvar":0.0000289180024993,"dvar2":0.0000727325314074,"max":0.116049580276,"mean":0.0116024501622,"median":0.00938683655113,"min":1.64391493967e-22,"var":0.0000792190039647},"spectral_entropy":{"dmean":0.168999448419,"dmean2":0.24033357203,"dvar":0.0289748311043,"dvar2":0.0566471293569,"max":9.81823825836,"mean":7.40737056732,"median":7.464427948,"min":5.36680078506,"var":0.18231010437},"spectral_flux":{"dmean":0.0293447747827,"dmean2":0.0472460091114,"dvar":0.0018275763141,"dvar2":0.00418728403747,"max":0.586042821407,"mean":0.124444574118,"median":0.1140133515,"min":6.46132383708e-11,"var":0.00384857645258},"spectral_kurtosis":{"dmean":8.30878067017,"dmean2":12.2429265976,"dvar":109.849502563,"dvar2":272.111114502,"max":130.597991943,"mean":26.6036720276,"median":21.5436534882,"min":-1.24376070499,"var":297.065093994},"spectral_rms":{"dmean":0.00114211067557,"dmean2":0.00173639331479,"dvar":0.00000238716916101,"dvar2":0.00000525354607817,"max":0.021272033453,"mean":0.00644929241389,"median":0.00614129425958,"min":3.16053715317e-12,"var":0.00000640327607471},"spectral_rolloff":{"dmean":5717.19873047,"dmean2":11010.4169922,"dvar":67962016,"dvar2":155753408,"max":22050,"mean":13270.4248047,"median":20628.8085938,"min":21.533203125,"var":90384456},"spectral_skewness":{"dmean":0.541997730732,"dmean2":0.76799929142,"dvar":0.371133834124,"dvar2":0.831438839436,"max":9.49488258362,"mean":3.52844238281,"median":3.24952721596,"min":-0.0675794407725,"var":1.54233908653},"spectral_spread":{"dmean":567375.25,"dmean2":783886.4375,"dvar":606685626368,"dvar2":1075816169470,"max":41978592,"mean":3608895.75,"median":3366875,"min":1191731.75,"var":4305463803900},"spectral_strongpeak":{"dmean":1.90148532391,"dmean2":3.55539059639,"dvar":65.4197387695,"dvar2":182.244476318,"max":114.01700592,"mean":1.77562963963,"median":0.3026227355,"min":0,"var":60.8093719482},"zerocrossingrate":{"dmean":0.03514874354,"dmean2":0.0451817214489,"dvar":0.00094853376504,"dvar2":0.00148262782022,"max":0.66796875,"mean":0.266823470592,"median":0.26611328125,"min":0.0009765625,"var":0.00494448421523}},"metadata":{"audio_properties":{"analysis_sample_rate":44100,"bit_rate":192000,"codec":"mp3","downmix":"mix","equal_loudness":0,"length":270.367340088,"lossless":false,"md5_encoded":"18121460ed970eb5cc71ea6808d0677a","replay_gain":-2.04820632935,"sample_rate":44100},"tags":{"album":["Blow Up Your Video"],"albumartist":["AC/DC"],"albumartistsort":["AC/DC"],"artist":["AC/DC"],"artistsort":["AC/DC"],"asin":["B00009MGR6"],"barcode":["077774897723"],"catalognumber":["CDP 748977 2"],"composer":["Angus Young/Brian Johnson/Malcolm Young"],"date":["1988"],"discnumber":["1/1"],"file_name":"08. AC-DC - Ruff Stuff.mp3","genre":["Hard Rock"],"label":["Albert Productions"],"musicbrainz album release country":["AU"],"musicbrainz album status":["official"],"musicbrainz album type":["album"],"musicbrainz_albumartistid":["66c662b6-6e2f-4930-8610-912e24c63ed1"],"musicbrainz_albumid":["7963d907-c2dc-4358-9296-d11dcd914d39"],"musicbrainz_artistid":["66c662b6-6e2f-4930-8610-912e24c63ed1"],"musicbrainz_recordingid":["69a41691-a570-4248-89c7-f42c49e2a308"],"musicip_puid":["01d7c1b6-c0ab-e545-ea27-0ec23ae29e30"],"title":["Ruff Stuff"],"tracknumber":["8/10"]},"version":{"essentia":"2.1-beta1","essentia_build_sha":"ca57ba49d9b1854bd80e60cf9ccf267278fb7d6b","essentia_git_sha":"v2.1_beta1-28-g21ef5f4-dirty","extractor":"music 1.0"}},"rhythm":{"beats_count":561,"beats_loudness":{"dmean":0.0424561202526,"dmean2":0.0751993879676,"dvar":0.00134986196645,"dvar2":0.00389942410402,"max":0.320065051317,"mean":0.0818284675479,"median":0.0770581588149,"min":2.39670256974e-8,"var":0.00227741198614},"beats_loudness_band_ratio":{"dmean":[0.21925778687,0.079478174448,0.0760279893875,0.101643867791,0.0289604794234,0.0746692493558],"dmean2":[0.396167159081,0.143600046635,0.129731029272,0.180622786283,0.0539434701204,0.136909306049],"dvar":[0.0278298649937,0.00484493747354,0.00615744525567,0.012123641558,0.000638571276795,0.00307300197892],"dvar2":[0.0862465202808,0.0141721144319,0.016927042976,0.0333107225597,0.00190571683925,0.00889216456562],"max":[0.927693843842,0.701052427292,0.8418077