{"lowlevel":{"average_loudness":0.915208041668,"barkbands":{"dmean":[0.000180985953193,0.00374161149375,0.0024124472402,0.00258656870574,0.00322842225432,0.00133216497488,0.000831356737763,0.000586385664064,0.000963632948697,0.000707144325133,0.000338059820933,0.000670607376378,0.000386785308365,0.000293779245112,0.000411722721765,0.000438485585619,0.000201988965273,0.000184795106179,0.000163746342878,0.0000784886215115,0.0000319226855936,0.00000958829423325,0.00000229465695156,0.00000199996884476,0.00000191588969756,0.00000195823099602,0.0000775705557317],"dmean2":[0.000306775124045,0.00606452673674,0.00393373798579,0.00416739052162,0.00508449086919,0.00208991998807,0.00132717448287,0.000950180576183,0.00150515744463,0.00117059738841,0.000544456241187,0.00110310921445,0.000640224141534,0.000485342228785,0.000673929054756,0.000693249574397,0.000321016705129,0.000279517000308,0.000240956855123,0.000118187796033,0.0000474943772133,0.00001442435223,0.00000382570397051,0.00000338568270308,0.00000324627239934,0.00000328253986481,0.000102992729808],"dvar":[8.02295119229e-8,0.0000272845991276,0.0000154787121573,0.0000207862176467,0.0000261269724433,0.00000707781055098,0.00000339418147632,0.00000114858528377,0.00000351006792698,0.00000102002229596,5.0740328561e-7,0.00000107632320123,3.60100216312e-7,1.84422475513e-7,4.64104743969e-7,9.78230900728e-7,2.04772433676e-7,2.9591154771e-7,5.38454003163e-7,1.46807039414e-7,1.32984228074e-8,1.00740860098e-9,1.26041338824e-11,1.0334437299e-11,9.48271929729e-12,9.48769014741e-12,3.8101305222e-8],"dvar2":[2.05864793656e-7,0.0000664668041281,0.0000391821995436,0.0000510844984092,0.0000569971416553,0.0000154735007527,0.00000869699488248,0.00000255605300481,0.00000761869432608,0.00000262052731159,0.00000123241443362,0.00000278721154245,9.92106606645e-7,4.86053693294e-7,0.00000121210450743,0.00000229521106121,4.77452999803e-7,5.30508600605e-7,9.80974618869e-7,3.34966699711e-7,2.75801923522e-8,2.13830975149e-9,3.16142528822e-11,2.63847572263e-11,2.42003275058e-11,2.40543366475e-11,5.71562353002e-8],"max":[0.00497555686161,0.0776948854327,0.0577764809132,0.0939178615808,0.0919463858008,0.0691966712475,0.054769590497,0.0309418290854,0.0370566397905,0.0161052849144,0.0224260129035,0.0180531442165,0.0202363394201,0.00814494397491,0.0192922279239,0.0315107293427,0.0125500410795,0.0203873328865,0.025941291824,0.0150799257681,0.00540207698941,0.00120573071763,0.0000580209452892,0.0000537361738679,0.0000512211481691,0.0000510264035256,0.00553267542273],"mean":[0.000187914120033,0.00524425506592,0.00342122162692,0.00421153055504,0.0062092859298,0.00224954844452,0.00135330588091,0.000891568080988,0.00170574465301,0.00116017414257,0.000509769772179,0.00114328693599,0.000665054947603,0.00054691801779,0.000765667471569,0.000767297926359,0.000379977311241,0.000353433424607,0.000285383750452,0.00013363060134,0.0000585812013014,0.0000158090551849,0.00000265175413006,0.00000187239641036,0.00000177541346602,0.00000203225067708,0.000198505527806],"median":[0.0000845289905556,0.00290428008884,0.00169023731723,0.00168825569563,0.00295661576092,0.00100370752625,0.000637285411358,0.000450310122687,0.000685918028466,0.000695432827342,0.000257425272139,0.000721664458979,0.000408832653193,0.00033986766357,0.000479537789943,0.000379894889193,0.000184624354006,0.000137494906085,0.000092386653705,0.0000560485568712,0.0000274107460427,0.00000721968990547,0.00000129211775857,6.51673701668e-7,6.01009787715e-7,8.49410469073e-7,0.000106163613964],"min":[6.02316284836e-24,1.09753073895e-23,7.66574638015e-24,8.98454826428e-24,2.59783965661e-23,1.74410709039e-23,3.98177605019e-23,1.87186437617e-23,4.71384591221e-23,3.20447227278e-23,6.37541732599e-23,3.20212430718e-23,6.60247673806e-23,9.89076074886e-23,1.13582767976e-22,1.59603221869e-22,2.12588269947e-22,1.8780947996e-22,2.95096254388e-22,3.10822934907e-22,3.1783594622e-22,3.93100344772e-22,7.3404504351e-22,1.04840356464e-21,1.25420927164e-21,1.62714191405e-21,3.06405288595e-21],"var":[8.64987086402e-8,0.0000440156254626,0.000025658218874,0.0000472190949949,0.0000812275902717,0.0000167961989064,0.00000624949643679,0.00000240200597545,0.0000100878933154,0.00000189482443602,8.66385732934e-7,0.00000185920202966,6.53501047054e-7,4.0274844082e-7,9.08871072625e-7,0.00000172813270183,4.37103750528e-7,7.9097770822e-7,0.00000115294460556,2.03462292347e-7,2.32757688678e-8,1.68028202463e-9,1.51288981343e-11,1.06587559959e-11,9.75818297694e-12,1.04408495738e-11,1.22691275806e-7]},"barkbands_crest":{"dmean":2.69786405563,"dmean2":4.37603998184,"dvar":5.82725048065,"dvar2":14.3497419357,"max":26.8663043976,"mean":9.35560131073,"median":8.49604606628,"min":2.59262108803,"var":16.8151855469},"barkbands_flatness_db":{"dmean":0.0256564673036,"dmean2":0.0407053008676,"dvar":0.000502907554619,"dvar2":0.0012468410423,"max":0.475463837385,"mean":0.151363775134,"median":0.144887059927,"min":0.0237059611827,"var":0.00195883284323},"barkbands_kurtosis":{"dmean":3.2298514843,"dmean2":4.95239830017,"dvar":95.512260437,"dvar2":133.896316528,"max":711.603088379,"mean":5.34703826904,"median":2.65802669525,"min":-1.87296521664,"var":245.12159729},"barkbands_skewness":{"dmean":0.532222390175,"dmean2":0.823291003704,"dvar":0.341749548912,"dvar2":0.683527827263,"max":26.4389400482,"mean":1.56962621212,"median":1.43930494785,"min":-2.49218201637,"var":1.58092498779},"barkbands_spread":{"dmean":4.39559650421,"dmean2":6.80732870102,"dvar":28.1262531281,"dvar2":64.8724060059,"max":131.693649292,"mean":18.8450431824,"median":17.6130809784,"min":0.307575076818,"var":105.398384094},"dissonance":{"dmean":0.0157803930342,"dmean2":0.0267811603844,"dvar":0.000270376447588,"dvar2":0.000728921848349,"max":0.500000059605,"mean":0.473072290421,"median":0.478980869055,"min":0.148630201817,"var":0.000520274916198},"dynamic_complexity":2.46142601967,"erbbands":{"dmean":[0.0696447491646,0.980960190296,2.48434615135,5.65346765518,12.261973381,8.90153503418,11.1912240982,10.8224725723,12.1127901077,11.8044490814,14.5516729355,20.1854801178,21.3189277649,20.3120193481,14.1942596436,27.4489116669,17.6420440674,13.4032297134,18.4643516541,21.5169658661,21.0029678345,10.7535495758,9.80048561096,9.58096694946,6.86103534698,3.73896789551,1.72576642036,1.0235697031,0.39264690876,0.113095209002,0.0622418597341,0.0445802360773,0.0319458208978,0.0216553173959,0.0135070802644,0.00750813353807,0.00367459864356,0.00413805758581,0.00667014997452,0.00176834571175],"dmean2":[0.112173467875,1.59304082394,4.09813070297,9.04327487946,19.971446991,13.9215354919,17.5398254395,17.2220630646,19.0718460083,18.9242477417,23.1000518799,31.0638179779,34.8099555969,33.4468345642,22.8549842834,45.0511703491,28.9277057648,21.9506931305,30.4902248383,33.8182563782,33.6829872131,16.675535202,14.6748142242,13.8673210144,10.0146408081,5.60375070572,2.58979129791,1.5146471262,0.585654556751,0.178551480174,0.103807009757,0.0753603279591,0.0541111677885,0.0366836041212,0.0228787753731,0.0127127822489,0.0061250301078,0.00593613041565,0.00901955086738,0.00235166400671],"dvar":[0.00921345781535,1.8683027029,13.7021064758,98.7341308594,447.835540771,316.812805176,581.387390137,478.068969727,614.926574707,872.96282959,700.859375,1573.23730469,1402.10461426,1026.24780273,723.211730957,1768.20141602,764.203918457,365.810150146,1027.8425293,2183.50976562,1629.1151123,620.170593262,750.128051758,1499.23339844,1005.96350098,326.144104004,44.9497489929,11.923874855,1.92946219444,0.0465650521219,0.00939568784088,0.0051008197479,0.002639984712,0.00121131888591,0.000470962637337,0.000145551879541,0.0000330128059431,0.000146697624587,0.000617366284132,0.000018652937797],"dvar2":[0.0223466604948,4.58568286896,34.774974823,233.117919922,1091.30163574,634.051208496,1249.84899902,1071.23181152,1443.11108398,2192.375,1561.60021973,3218.88305664,3611.42871094,2596.96459961,1856.8092041,4473.05761719,2074.20068359,948.261535645,2754.7746582,5099.50244141,3931.23193359,1386.58654785,1363.69348145,2732.2578125,1876.65319824,760.880371094,99.4907302856,23.8605861664,4.00107908249,0.099944896996,0.0235969740897,0.0130125973374,0.00674081034958,0.00309164309874,0.00120181159582,0.000371405243641,0.0000834655584185,0.000267817726126,0.00103916961234,0.0000283811114059],"max":[1.73571896553,19.786857605,67.7217788696,247.745803833,327.170196533,561.146850586,652.621276855,571.696777344,653.116455078,1098.50561523,798.755554199,737.123840332,592.155212402,578.796813965,876.332641602,738.395080566,842.510253906,374.15246582,979.158752441,1729.96337891,849.430053711,757.688171387,1154.91906738,1527.33068848,1101.12536621,692.884155273,331.227081299,115.532356262,57.9236221313,7.71233272552,1.59622204304,1.19852590561,0.857530653477,0.579544126987,0.360744565725,0.200165629387,0.0940457433462,0.443453282118,0.835959553719,0.122579686344],"mean":[0.102784611285,1.35747539997,3.62553954124,9.93314266205,22.0419330597,15.5575323105,16.9755725861,17.9327487946,20.7479457855,19.4013118744,24.4770946503,37.2520980835,37.6287269592,33.1852035522,25.6300983429,47.9983901978,32.7519760132,26.784822464,36.7039337158,40.7765426636,38.9300689697,22.0643615723,19.2206859589,17.2543869019,11.7310600281,6.38775634766,3.16900348663,1.8230253458,0.683418095112,0.171001389623,0.0697170123458,0.0429998338223,0.029726523906,0.0201047994196,0.0125549184158,0.00702881813049,0.00396901229396,0.00788669101894,0.0143525209278,0.00461528124288],"median":[0.0619059950113,0.746911764145,2.06608200073,4.85572624207,8.18394947052,7.45575475693,7.89764547348,7.63825416565,9.13512039185,9.54145336151,12.902926445,15.8164405823,18.3997783661,20.5021591187,15.9686861038,30.9077148438,21.054107666,18.0784034729,23.5169067383,24.1422634125,19.6571025848,10.8365745544,7.79955720901,5.94578695297,4.00919246674,2.71989393234,1.5123090744,0.809011399746,0.310545772314,0.0920515134931,0.0326150022447,0.015753634274,0.0101483603939,0.00685548083857,0.00427949242294,0.00242353184149,0.00173081085086,0.00388213456608,0.00645693484694,0.00252985488623],"min":[3.7029315169e-22,2.09727968852e-21,6.32937763652e-21,2.32983982137e-20,4.80924552972e-20,1.01705294283e-19,1.66220431903e-19,1.48999423354e-19,4.06729308384e-19,4.35562963382e-19,7.91858190939e-19,1.05328774466e-18,6.77752502847e-19,1.6568530033e-18,2.68433984728e-18,1.25254469748e-18,3.38070949738e-18,5.55041168873e-18,4.85988089978e-18,8.68781262638e-18,6.61518380222e-18,1.09005339998e-17,8.6777938148e-18,1.46597481106e-17,1.62144258001e-17,1.61369371747e-17,1.43802553622e-17,1.20978431949e-17,1.50165855551e-17,1.95576615342e-17,2.1572355869e-17,2.24789342399e-17,1.44151011727e-17,1.38078546501e-17,9.34622936881e-18,5.69986957694e-18,3.15271928861e-18,1.61842942987e-18,4.13252713189e-19,4.24067485775e-20],"var":[0.0153482379392,2.98238515854,22.3843593597,219.486602783,1371.4831543,701.964599609,1065.37963867,1220.2833252,1441.00756836,1715.59155273,1541.74975586,4793.38916016,3173.49829102,1715.66650391,1302.83276367,3164.56518555,1423.39221191,820.338012695,2062.40185547,3782.69848633,3442.74365234,1462.83239746,1970.75830078,3578.64331055,1963.29650879,438.433044434,73.903427124,22.2886314392,3.27097153664,0.0834025964141,0.0110121788457,0.00532427150756,0.00271730357781,0.00124709738884,0.000485163967824,0.000150205160026,0.0000377627584385,0.000315110606607,0.00142764055636,0.0000611101859249]},"erbbands_crest":{"dmean":2.41612291336,"dmean2":3.95792913437,"dvar":5.20620346069,"dvar2":12.7250051498,"max":29.7080955505,"mean":8.20623970032,"median":7.18259048462,"min":2.32147741318,"var":14.5854005814},"erbbands_flatness_db":{"dmean":0.0248761232942,"dmean2":0.0395951829851,"dvar":0.00042981482693,"dvar2":0.00112324801739,"max":0.348990052938,"mean":0.181890770793,"median":0.180469453335,"min":0.0242324862629,"var":0.00133059290238},"erbbands_kurtosis":{"dmean":0.825668156147,"dmean2":1.30575740337,"dvar":1.70522260666,"dvar2":3.46208810806,"max":59.2250785828,"mean":0.325431585312,"median":-0.203351974487,"min":-1.67891490459,"var":5.25518798828},"erbbands_skewness":{"dmean":0.331880986691,"dmean2":0.513058781624,"dvar":0.0975909084082,"dvar2":0.206034615636,"max":6.68041753769,"mean":-0.062172703445,"median":-0.117514558136,"min":-3.42768359184,"var":0.572613894939},"erbbands_spread":{"dmean":5.3267288208,"dmean2":8.44981575012,"dvar":25.1567993164,"dvar2":60.1609916687,"max":106.690620422,"mean":27.7264862061,"median":26.9613132477,"min":3.13866209984,"var":100.416343689},"gfcc":{"cov":[[18062.3984375,2805.47460938,-1143.13037109,-322.588226318,406.005310059,-895.350280762,204.534606934,-526.379516602,-1.24913573265,-313.370849609,-55.5128860474,-283.351257324,47.5223808289],[2805.47460938,1432.23083496,-175.121139526,-182.296554565,176.583221436,-267.789978027,171.456497192,-228.599487305,47.2827682495,-89.6490325928,-15.5288228989,-77.6429367065,29.6026592255],[-1143.13037109,-175.121139526,480.867095947,94.1218414307,-204.064682007,287.934387207,-189.107406616,140.33782959,-114.678665161,24.106388092,-30.6811027527,-3.68098711967,-20.3480052948],[-322.588226318,-182.296554565,94.1218414307,201.148422241,75.5035476685,28.5473995209,37.0065498352,6.60127258301,-21.2359409332,-12.9992599487,-21.5848731995,12.7323408127,-22.8086032867],[406.005310059,176.583221436,-204.064682007,75.5035476685,303.131530762,-94.7147521973,159.650543213,-96.8601074219,57.659992218,-43.4240951538,14.2582969666,3.06413960457,16.698102951],[-895.350280762,-267.789978027,287.934387207,28.5473995209,-94.7147521973,371.967437744,-152.187271118,139.561264038,-92.1347503662,28.6709384918,-1.5014359951,12.3889799118,2.86003088951],[204.534606934,171.456497192,-189.107406616,37.0065498352,159.650543213,-152.187271118,273.589019775,-80.8288269043,81.3407745361,-16.0133361816,-3.57436609268,13.9402389526,-10.0046644211],[-526.379516602,-228.599487305,140.33782959,6.60127258301,-96.8601074219,139.561264038,-80.8288269043,182.740280151,13.4450712204,40.9691238403,20.3349266052,2.82945179939,2.1029253006],[-1.24913573265,47.2827682495,-114.678665161,-21.2359409332,57.659992218,-92.1347503662,81.3407745361,13.4450712204,132.424484253,47.2367019653,26.2539863586,21.583940506,4.66024494171],[-313.370849609,-89.6490325928,24.106388092,-12.9992599487,-43.4240951538,28.6709384918,-16.0133361816,40.9691238403,47.2367019653,79.9797439575,46.6778259277,28.2691631317,9.02156162262],[-55.5128860474,-15.5288228989,-30.6811027527,-21.5848731995,14.2582969666,-1.5014359951,-3.57436609268,20.3349266052,26.2539863586,46.6778259277,77.85597229,42.1295585632,25.8045578003],[-283.351257324,-77.6429367065,-3.68098711967,12.7323408127,3.06413960457,12.3889799118,13.9402389526,2.82945179939,21.583940506,28.2691631317,42.1295585632,72.5766677856,31.7507419586],[47.5223808289,29.6026592255,-20.3480052948,-22.8086032867,16.698102951,2.86003088951,-10.0046644211,2.1029253006,4.66024494171,9.02156162262,25.8045578003,31.7507419586,63.7831878662]],"icov":[[0.000150995838339,-0.000525224488229,0.00118281214964,-0.00110700691584,0.000768448400777,-0.000370265508536,0.000388141081203,-0.000255068385741,0.000175131062861,0.000120407756185,-0.000149261759361,0.000285565853119,-0.000114133799798],[-0.000525224488229,0.00393632659689,-0.00713839987293,0.00637762155384,-0.00307934568264,0.00166628533043,-0.0027176218573,0.00432370463386,-0.00404279585928,0.00398472649977,-0.00355134811252,0.0033680726774,-0.00177769362926],[0.00118281214964,-0.00713839987293,0.0224657412618,-0.0202970039099,0.0151069303975,-0.0100926179439,0.00552120245993,-0.00401255767792,0.00195398437791,0.0000484177289763,-0.000403665035265,0.00199713627808,-0.00114388659131],[-0.00110700691584,0.00637762155384,-0.0202970039099,0.033992741257,-0.0289849322289,0.0173640158027,-0.00345748802647,-0.00988651160151,0.0198448263109,-0.0229059625417,0.0247237570584,-0.0221890304238,0.0129715399817],[0.000768448400777,-0.00307934568264,0.0151069303975,-0.0289849322289,0.037266459316,-0.0215449053794,-0.00241609173827,0.0203504767269,-0.0336295850575,0.0408882722259,-0.039446849376,0.0321323908865,-0.0178914256394],[-0.000370265508536,0.00166628533043,-0.0100926179439,0.0173640158027,-0.0215449053794,0.0196016989648,0.00146426074207,-0.0159722287208,0.0249630101025,-0.0271862130612,0.0255529489368,-0.0215405430645,0.0104159601033],[0.000388141081203,-0.0027176218573,0.00552120245993,-0.00345748802647,-0.00241609173827,0.00146426074207,0.00963126029819,-0.00428116414696,0.00343108200468,-0.00593882193789,0.00798801891506,-0.00786221027374,0.00498715648428],[-0.000255068385741,0.00432370463386,-0.00401255767792,-0.00988651160151,0.0203504767269,-0.0159722287208,-0.00428116414696,0.0330027006567,-0.0378158837557,0.0376006476581,-0.0385804623365,0.0326473079622,-0.0162016618997],[0.000175131062861,-0.00404279585928,0.00195398437791,0.0198448263109,-0.0336295850575,0.0249630101025,0.00343108200468,-0.0378158837557,0.0671345889568,-0.0679439678788,0.057637039572,-0.0462127923965,0.0233265645802],[0.000120407756185,0.00398472649977,0.0000484177289763,-0.0229059625417,0.0408882722259,-0.0271862130612,-0.00593882193789,0.0376006476581,-0.0679439678788,0.095253020525,-0.0765259936452,0.0493106432259,-0.0238662306219],[-0.000149261759361,-0.00355134811252,-0.000403665035265,0.0247237570584,-0.039446849376,0.0255529489368,0.00798801891506,-0.0385804623365,0.057637039572,-0.0765259936452,0.0882091224194,-0.0600685700774,0.0230058021843],[0.000285565853119,0.0033680726774,0.00199713627808,-0.0221890304238,0.0321323908865,-0.0215405430645,-0.00786221027374,0.0326473079622,-0.0462127923965,0.0493106432259,-0.0600685700774,0.0685655027628,-0.0322569869459],[-0.000114133799798,-0.00177769362926,-0.00114388659131,0.0129715399817,-0.0178914256394,0.0104159601033,0.00498715648428,-0.0162016618997,0.0233265645802,-0.0238662306219,0.0230058021843,-0.0322569869459,0.0348163172603]],"mean":[-23.4012641907,128.907867432,-114.804283142,-1.79049897194,-3.53199005127,-24.9284210205,-2.73968887329,-16.7047195435,-9.94504165649,-9.70968532562,-11.0580263138,-9.7509355545,-2.88260388374]},"hfc":{"dmean":6.27324819565,"dmean2":8.69672870636,"dvar":102.166091919,"dvar2":161.676223755,"max":277.462127686,"mean":23.6516017914,"median":19.5804195404,"min":1.25968635568e-16,"var":419.18737793},"melbands":{"dmean":[0.000859253806993,0.00127433717716,0.00112810067367,0.000737332331482,0.00038846253301,0.000248578289757,0.000183033087524,0.000122314711916,0.000125484963064,0.000133677138365,0.000109861277451,0.0000878953214851,0.0000449309591204,0.0000718710216461,0.0000650267975288,0.0000312535994453,0.0000268122421403,0.0000306566471409,0.0000325924011122,0.0000311346193484,0.0000238224019995,0.000012284006516,0.0000103541997305,0.00000923725019675,0.00000828703014122,0.00000618555077381,0.00000391316734749,0.0000023045852231,0.0000012306767303,8.00208226792e-7,5.59880277251e-7,2.68497700517e-7,9.92313005099e-8,4.98074967936e-8,3.66796015783e-8,3.03468326024e-8,2.6025603006e-8,2.27306191647e-8,1.99841316828e-8,1.76676095975e-8],"dmean2":[0.00137918360997,0.00210372079164,0.00181199167855,0.00116876501124,0.000609002599958,0.000392575719161,0.000288695533527,0.00019706209423,0.000195999542484,0.000208400757401,0.00017996855604,0.000145272846567,0.0000719890958862,0.000118588111945,0.000107168198156,0.0000518831548106,0.0000441862866865,0.000051257211453,0.0000527250376763,0.000048765567044,0.0000387236068491,0.000019606859496,0.0000161047883012,0.0000141499767778,0.0000122164738059,0.00000922582694329,0.00000579102743359,0.00000357067528967,0.00000189218053492,0.00000122283040582,8.54142456319e-7,4.03733906751e-7,1.55655129674e-7,8.14187330889e-8,6.13142816519e-8,5.11341475828e-8,4.40685745673e-8,3.85065384023e-8,3.38549384082e-8,2.99300531026e-8],"dvar":[0.00000143799388752,0.00000295679592455,0.00000328781197823,0.00000156008786689,5.83577957514e-7,2.4040392077e-7,1.36695518904e-7,7.64060672509e-8,4.86517706122e-8,6.95228905556e-8,3.59882257328e-8,1.84727895203e-8,8.31292190639e-9,1.24077930153e-8,9.71247260395e-9,2.09003347962e-9,1.55065160712e-9,2.76012301903e-9,2.87140267119e-9,5.99888094754e-9,2.08179962158e-9,8.13576039871e-10,6.48928522029e-10,8.8082552363e-10,1.17240761544e-9,8.21355261582e-10,3.59925367288e-10,1.18663273652e-10,2.09328613471e-11,8.31094047749e-12,3.68549548518e-12,9.53784468939e-13,8.11191933937e-14,5.85063190251e-15,3.26565230715e-15,2.32030128109e-15,1.75309900873e-15,1.33718507933e-15,1.03226634732e-15,8.06148678594e-16],"dvar2":[0.0000034444171888,0.00000747436160964,0.00000811073095974,0.00000344522572959,0.00000126251507027,5.32721060154e-7,3.26356740743e-7,1.87737242641e-7,1.05756853941e-7,1.53124247504e-7,9.2380169292e-8,4.70582541823e-8,2.08650874356e-8,3.30327338816e-8,2.50138114666e-8,5.68882674301e-9,4.07447986461e-9,7.4515691395e-9,7.14326642282e-9,1.38752378476e-8,5.26105425891e-9,1.98503791182e-9,1.29724508913e-9,1.73261671677e-9,2.26192375941e-9,1.6211120224e-9,7.57898244164e-10,2.9861821349e-10,4.8124407237e-11,1.69069896971e-11,7.71098983277e-12,2.03453053016e-12,1.75355335721e-13,1.38465610912e-14,8.21280689262e-15,5.90655725285e-15,4.47857913542e-15,3.41465323763e-15,2.63511335792e-15,2.05741846493e-15],"max":[0.0188572518528,0.0284357909113,0.0364012084901,0.0233006365597,0.0171544440091,0.0135686863214,0.00852925423533,0.0103145744652,0.00548205059022,0.00540103996173,0.00304339197464,0.00255553680472,0.00255782343447,0.00237692357041,0.00233064545318,0.00109104369767,0.000843190588057,0.00149958627298,0.00118786853272,0.00287154782563,0.000995369395241,0.000743514741771,0.000942631450016,0.00126092892606,0.00144008849747,0.000980162410997,0.000563508772757,0.000421889621066,0.000217489941861,0.000118822572404,0.0000639114005025,0.000039882153942,0.0000130475846163,0.00000124955738556,9.3247984978e-7,8.11384040844e-7,7.00785449226e-7,6.10267704815e-7,5.35534582013e-7,4.72572679655e-7],"mean":[0.00125773833133,0.00194089114666,0.00213388190605,0.00140911561903,0.000598889950197,0.000419242423959,0.00031882544863,0.000201825823751,0.000213866398553,0.00023846788099,0.000188455436728,0.000137981842272,0.0000745047800592,0.000121540462715,0.00011042864935,0.0000551863413421,0.0000488882069476,0.0000568262366869,0.0000586563946854,0.0000537812520633,0.0000420999167545,0.0000226395659411,0.0000186101060535,0.0000164286320796,0.0000138580398925,0.00000997554980131,0.00000626352994004,0.00000372924205294,0.00000212293434743,0.00000138023335694,9.36338551583e-7,4.40947275138e-7,1.54003757302e-7,6.65210109219e-8,4.02787527776e-8,3.01790876733e-8,2.44073508071e-8,2.10713615445e-8,1.85162196686e-8,1.63694391375e-8],"median":[0.000729440245777,0.00122589489911,0.00102845195215,0.000593675824348,0.000281864311546,0.000179634444066,0.000143843848491,0.00010389520321,0.000109410197183,0.0000966767547652,0.0000897675490705,0.0000818787812022,0.0000422408338636,0.0000755254659452,0.0000689715961926,0.0000354246767529,0.0000303656943288,0.000034092565329,0.0000352452807419,0.0000280828080577,0.0000207237590075,0.0000107099513116,0.00000794157585915,0.00000615351746092,0.00000455301642432,0.00000322497453453,0.00000226670385928,0.00000164219147791,9.92873765426e-7,6.40192013179e-7,3.90125876493e-7,1.9010899166e-7,7.84783580343e-8,3.53360327665e-8,1.85011597154e-8,1.17485319251e-8,8.54315285181e-9,7.1470536156e-9,6.27962659649e-9,5.54463230884e-9],"min":[3.33732851879e-24,3.62477010556e-24,4.99553425752e-24,4.66263258893e-24,5.70118098686e-24,3.44296685476e-24,7.02094962003e-24,4.33351271952e-24,7.90736264251e-24,6.12827856398e-24,3.32547785584e-24,6.44791474759e-24,8.32104130121e-24,4.87711124728e-24,4.50886348255e-24,6.91490462626e-24,1.12458945686e-23,5.91651161499e-24,1.1000808896e-23,1.29055585167e-23,6.57899936978e-24,1.06169176251e-23,9.78447846573e-24,8.76528437568e-24,1.20707788071e-23,1.0357088931e-23,1.21488271273e-23,1.03301714192e-23,9.23322404288e-24,8.47837250901e-24,6.48226411798e-24,9.02833083339e-24,7.22893121997e-24,1.30087099687e-23,1.21583833883e-23,1.42992935094e-23,1.185895861e-23,8.74602906984e-24,1.16165321875e-23,1.21882015417e-23],"var":[0.00000242670967054,0.00000495830408909,0.00000864430330694,0.00000495039921589,0.000001116500016,6.34166497093e-7,3.1997132055e-7,1.60967132956e-7,1.17245463116e-7,1.98654404926e-7,8.10739066992e-8,3.0861937006e-8,1.47332004374e-8,2.18952695974e-8,1.67254139427e-8,3.81158526963e-9,3.2285414342e-9,5.27604493428e-9,5.61632207408e-9,9.77458025631e-9,4.20802548362e-9,1.6417081028e-9,1.4358492173e-9,2.07616368542e-9,2.58236876327e-9,1.48350820517e-9,5.67731694989e-10,1.38406522354e-10,3.3774039121e-11,1.3834566305e-11,6.43411842902e-12,1.5366983944e-12,1.24320936575e-13,9.03017420496e-15,3.76836699662e-15,2.47231193139e-15,1.80716491e-15,1.37492484405e-15,1.06200842696e-15,8.29756386806e-16]},"melbands_crest":{"dmean":3.23822617531,"dmean2":5.2902545929,"dvar":7.44404935837,"dvar2":18.9185943604,"max":39.9291534424,"mean":13.0416116714,"median":12.5063810349,"min":1.63027405739,"var":25.0803451538},"melbands_flatness_db":{"dmean":0.0325467027724,"dmean2":0.0516019202769,"dvar":0.000785401265603,"dvar2":0.00194589886814,"max":0.587849259377,"mean":0.255510449409,"median":0.254392445087,"min":0.00533005362377,"var":0.00416873255745},"melbands_kurtosis":{"dmean":5.38231277466,"dmean2":8.4730091095,"dvar":253.130828857,"dvar2":369.263153076,"max":1199.22888184,"mean":9.1917886734,"median":4.46939992905,"min":-1.84795498848,"var":652.05291748},"melbands_skewness":{"dmean":0.680235862732,"dmean2":1.06213390827,"dvar":0.527941644192,"dvar2":1.11356973648,"max":33.4654998779,"mean":2.24067020416,"median":2.00619506836,"min":-1.29143571854,"var":2.26970672607},"melbands_spread":{"dmean":5.93202257156,"dmean2":9.31391906738,"dvar":57.7907562256,"dvar2":123.666374207,"max":176.484558105,"mean":21.5492248535,"median":16.981628418,"min":0.300731092691,"var":335.971984863},"mfcc":{"cov":[[7187.64208984,1454.65356445,-997.462097168,445.084014893,-167.170959473,5.70615911484,-47.6613502502,-45.8545455933,29.4946517944,-38.1463432312,10.5718507767,-14.7603960037,-26.3250808716],[1454.65356445,1335.97497559,-278.626983643,112.984970093,-70.0188674927,30.1383304596,15.1521215439,-60.9373626709,45.7891540527,-21.220582962,-3.96617269516,-5.90388822556,2.66138648987],[-997.462097168,-278.626983643,769.222900391,-257.205444336,104.938209534,-28.8295650482,25.1878643036,20.3444728851,-50.7048377991,38.1535110474,-42.1436233521,-8.40251541138,-39.4895782471],[445.084014893,112.984970093,-257.205444336,344.253936768,-54.2225074768,43.8877258301,16.715303421,12.6813611984,36.6137046814,-23.6187534332,34.7978668213,-22.3074531555,-11.2395267487],[-167.170959473,-70.0188674927,104.938209534,-54.2225074768,194.523666382,35.3583068848,34.1135787964,29.6198711395,-9.57262039185,10.5298337936,-26.841255188,8.2721414566,6.8402428627],[5.70615911484,30.1383304596,-28.8295650482,43.8877258301,35.3583068848,144.906494141,64.5071411133,22.6692352295,13.4415454865,-21.475479126,-17.109167099,-10.1268415451,17.3130836487],[-47.6613502502,15.1521215439,25.1878643036,16.715303421,34.1135787964,64.5071411133,110.417739868,44.6838760376,5.86940717697,-5.54801368713,-16.6601333618,-7.05321216583,-3.04799032211],[-45.8545455933,-60.9373626709,20.3444728851,12.6813611984,29.6198711395,22.6692352295,44.6838760376,79.6880264282,32.11977005,9.54643630981,7.45142841339,1.62592589855,-0.520000874996],[29.4946517944,45.7891540527,-50.7048377991,36.6137046814,-9.57262039185,13.4415454865,5.86940717697,32.11977005,70.303894043,24.9042224884,16.058139801,8.35638618469,4.06681346893],[-38.1463432312,-21.220582962,38.1535110474,-23.6187534332,10.5298337936,-21.475479126,-5.54801368713,9.54643630981,24.9042224884,58.4646224976,30.29936409,12.4817447662,2.44040179253],[10.5718507767,-3.96617269516,-42.1436233521,34.7978668213,-26.841255188,-17.109167099,-16.6601333618,7.45142841339,16.058139801,30.29936409,67.6346588135,29.5789833069,3.48056983948],[-14.7603960037,-5.90388822556,-8.40251541138,-22.3074531555,8.2721414566,-10.1268415451,-7.05321216583,1.62592589855,8.35638618469,12.4817447662,29.5789833069,62.5650901794,41.0020980835],[-26.3250808716,2.66138648987,-39.4895782471,-11.2395267487,6.8402428627,17.3130836487,-3.04799032211,-0.520000874996,4.06681346893,2.44040179253,3.48056983948,41.0020980835,75.7486572266]],"icov":[[0.000239035784034,-0.000248618773185,0.000291260774247,-0.000245556177106,0.000201471426408,-0.000217449021875,0.000475742068375,-0.000695692608133,0.000911528419238,-0.000942701706663,0.00101503927726,-0.000840450113174,0.000642808619887],[-0.000248618773185,0.00117697066162,-0.000087673033704,0.00027402638807,-0.000232277903706,0.000387777690776,-0.00129436294083,0.00224516890012,-0.00223570154049,0.00151680130512,-0.00121682637837,0.00103981839493,-0.000672895694152],[0.000291260774247,-0.000087673033704,0.00255970587023,0.000744004559238,0.000151406071382,-0.000677930016536,0.000631511386018,-0.00191429641563,0.00305916299112,-0.00371124362573,0.00324700493366,-0.00237330701202,0.00279345666058],[-0.000245556177106,0.00027402638807,0.000744004559238,0.00549246091396,-0.000669813307468,0.000255968101555,-0.00213478249498,0.00193879706785,-0.00421837810427,0.00577475596219,-0.00732649024576,0.0059097353369,-0.0017845541006],[0.000201471426408,-0.000232277903706,0.000151406071382,-0.000669813307468,0.0081401374191,-0.00337488646619,0.00208468781784,-0.00534215429798,0.0058868099004,-0.00768122076988,0.00890690553933,-0.00726172840223,0.00359409116209],[-0.000217449021875,0.000387777690776,-0.000677930016536,0.000255968101555,-0.00337488646619,0.0135211218148,-0.00875824224204,0.00505943829194,-0.00790405180305,0.0100149028003,-0.00744661921635,0.00943449418992,-0.00817088596523],[0.000475742068375,-0.00129436294083,0.000631511386018,-0.00213478249498,0.00208468781784,-0.00875824224204,0.0201450884342,-0.0139904227108,0.0102837188169,-0.00980360805988,0.0122673651204,-0.00967217236757,0.00718688732013],[-0.000695692608133,0.00224516890012,-0.00191429641563,0.00193879706785,-0.00534215429798,0.00505943829194,-0.0139904227108,0.0300579033792,-0.0199790783226,0.0133295664564,-0.0154530741274,0.0115115512162,-0.00693938322365],[0.000911528419238,-0.00223570154049,0.00305916299112,-0.00421837810427,0.0058868099004,-0.00790405180305,0.0102837188169,-0.0199790783226,0.0365529283881,-0.0256247427315,0.0182900782675,-0.0162729453295,0.00974692031741],[-0.000942701706663,0.00151680130512,-0.00371124362573,0.00577475596219,-0.00768122076988,0.0100149028003,-0.00980360805988,0.0133295664564,-0.0256247427315,0.0480407811701,-0.0334175080061,0.021092209965,-0.0134106855839],[0.00101503927726,-0.00121682637837,0.00324700493366,-0.00732649024576,0.00890690553933,-0.00744661921635,0.0122673651204,-0.0154530741274,0.0182900782675,-0.0334175080061,0.0519307181239,-0.0356040522456,0.0192670337856],[-0.000840450113174,0.00103981839493,-0.00237330701202,0.0059097353369,-0.00726172840223,0.00943449418992,-0.00967217236757,0.0115115512162,-0.0162729453295,0.021092209965,-0.0356040522456,0.0527012422681,-0.0291963852942],[0.000642808619887,-0.000672895694152,0.00279345666058,-0.0017845541006,0.00359409116209,-0.00817088596523,0.00718688732013,-0.00693938322365,0.00974692031741,-0.0134106855839,0.0192670337856,-0.0291963852942,0.0312518402934]],"mean":[-673.440612793,187.409545898,-42.7936515808,36.2386360168,3.22204685211,9.36572647095,6.28002214432,-1.51626598835,6.2563123703,-1.61714625359,-2.03118109703,-2.70437407494,-2.01959872246]},"pitch_salience":{"dmean":0.0797706767917,"dmean2":0.130156889558,"dvar":0.00480905920267,"dvar2":0.0124389762059,"max":0.96453744173,"mean":0.601651132107,"median":0.619435548782,"min":0.00534743955359,"var":0.0132299233228},"silence_rate_20dB":{"dmean":0,"dmean2":0,"dvar":0,"dvar2":0,"max":1,"mean":1,"median":1,"min":1,"var":0},"silence_rate_30dB":{"dmean":0.000554016616661,"dmean2":0.00110818678513,"dvar":0.000553684658371,"dvar2":0.00110704475082,"max":1,"mean":0.999446034431,"median":1,"min":0,"var":0.000553608057089},"silence_rate_60dB":{"dmean":0.00249307486229,"dmean2":0.00498684030026,"dvar":0.0024871667847,"dvar2":0.00579309975728,"max":1,"mean":0.0307436641306,"median":0,"min":0,"var":0.0297992825508},"spectral_centroid":{"dmean":184.381256104,"dmean2":275.19418335,"dvar":48955.6875,"dvar2":83864.59375,"max":10238.6416016,"mean":1060.0682373,"median":919.574584961,"min":157.429229736,"var":415671.875},"spectral_complexity":{"dmean":3.56592798233,"dmean2":5.29547023773,"dvar":11.8577413559,"dvar2":21.3438796997,"max":60,"mean":23.4421825409,"median":23,"min":0,"var":97.839553833},"spectral_contrast_coeffs":{"dmean":[0.0556726641953,0.0454786643386,0.0378023870289,0.0279137454927,0.0201742891222,0.0546590350568],"dmean2":[0.0911007970572,0.0755669847131,0.0635183230042,0.0469897277653,0.0335038565099,0.0884387120605],"dvar":[0.0018989170203,0.00133450049907,0.000888101465534,0.000497905653901,0.000273662415566,0.00222268886864],"dvar2":[0.00502204196528,0.00362473051064,0.00245493766852,0.00137120077852,0.000714128371328,0.00572876026854],"max":[-0.294335454702,-0.472882926464,-0.510360121727,-0.61639213562,-0.638606905937,-0.421907126904],"mean":[-0.635235309601,-0.77402228117,-0.790762662888,-0.803698658943,-0.80447524786,-0.745055019855],"median":[-0.643973708153,-0.780271410942,-0.794893264771,-0.803888261318,-0.80375790596,-0.753550767899],"min":[-0.961207568645,-0.973011434078,-0.976601839066,-0.969736337662,-0.957049131393,-0.955163419247],"var":[0.00836153607816,0.00416930858046,0.00302064069547,0.00148910621647,0.00137286749668,0.00588256912306]},"spectral_contrast_valleys":{"dmean":[0.407629132271,0.352555245161,0.302062004805,0.26261600852,0.243160650134,0.83890992403],"dmean2":[0.669363021851,0.57700419426,0.485946565866,0.406913250685,0.35519772768,1.37361657619],"dvar":[0.118152230978,0.0933245941997,0.0747654661536,0.0714041814208,0.0794177055359,0.520658671856],"dvar2":[0.298712939024,0.218269780278,0.154644176364,0.133387982845,0.135514393449,1.36105000973],"max":[-5.3525261879,-4.78051519394,-5.32600784302,-5.41401386261,-5.08317375183,-9.05914783478],"mean":[-6.97484397888,-6.48758554459,-6.84879732132,-7.11961174011,-7.62592840195,-11.5378055573],"median":[-6.71843576431,-6.24706363678,-6.60684299469,-6.86100149155,-7.43968820572,-11.3609132767],"min":[-27.3269023895,-26.8668994904,-27.0274810791,-27.1533851624,-27.1448860168,-27.3851394653],"var":[2.72961139679,2.24352288246,2.05746889114,2.01712584496,1.73851501942,1.47926318645]},"spectral_decrease":{"dmean":2.44338771438e-9,"dmean2":3.78796372047e-9,"dvar":6.56173428617e-18,"dvar2":1.58225738003e-17,"max":1.01724898257e-16,"mean":-8.06326561076e-9,"median":-7.22726500868e-9,"min":-4.07883149478e-8,"var":2.33613854066e-17},"spectral_energy":{"dmean":0.00956357456744,"dmean2":0.0147595405579,"dvar":0.0000983296267805,"dvar2":0.000234884675592,"max":0.158210009336,"mean":0.0325779207051,"median":0.0297311712056,"min":1.08153929715e-20,"var":0.000363528379239},"spectral_energyband_high":{"dmean":0.000125730381114,"dmean2":0.000172203814145,"dvar":1.60749820566e-7,"dvar2":2.93863081424e-7,"max":0.0146484104916,"mean":0.00029301358154,"median":0.00015126838116,"min":8.37603492168e-21,"var":3.91192344296e-7},"spectral_energyband_low":{"dmean":0.00587563915178,"dmean2":0.00946878176183,"dvar":0.0000574373807467,"dvar2":0.000139086507261,"max":0.118853993714,"mean":0.0107177486643,"median":0.00745790591463,"min":2.60503643465e-23,"var":0.000116327842989},"spectral_energyband_middle_high":{"dmean":0.00208897143602,"dmean2":0.00308121624403,"dvar":0.00000772723615228,"dvar2":0.0000151877065946,"max":0.0545843169093,"mean":0.00645120022818,"median":0.00502983946353,"min":1.42254325259e-21,"var":0.0000319166429108},"spectral_energyband_middle_low":{"dmean":0.00608748476952,"dmean2":0.00954678840935,"dvar":0.0000595011370024,"dvar2":0.000142982928082,"max":0.11312250793,"mean":0.0169714316726,"median":0.0120918853208,"min":1.65071277497e-22,"var":0.000223797775107},"spectral_entropy":{"dmean":0.150349542499,"dmean2":0.231846377254,"dvar":0.0241939108819,"dvar2":0.0589404329658,"max":9.78675270081,"mean":7.35288619995,"median":7.39633846283,"min":4.71943473816,"var":0.139494895935},"spectral_flux":{"dmean":0.0212577860802,"dmean2":0.0341515652835,"dvar":0.000415895396145,"dvar2":0.00102977314964,"max":0.269004970789,"mean":0.0935818627477,"median":0.091987349093,"min":1.0399708178e-10,"var":0.00132602930535},"spectral_kurtosis":{"dmean":3.56805849075,"dmean2":5.76498842239,"dvar":14.4137582779,"dvar2":37.7925224304,"max":62.7814025879,"mean":16.5858383179,"median":15.8394145966,"min":-1.22011435032,"var":35.8426628113},"spectral_rms":{"dmean":0.000806369702332,"dmean2":0.00122770154849,"dvar":5.45275327113e-7,"dvar2":0.00000125976043819,"max":0.0124238170683,"mean":0.0053486796096,"median":0.00538572389632,"min":3.24832305151e-12,"var":0.000003174984613},"spectral_rolloff":{"dmean":318.718963623,"dmean2":519.659179688,"dvar":457942.75,"dvar2":1176150.125,"max":22050,"mean":1383.68041992,"median":968.994140625,"min":21.533203125,"var":5167403},"spectral_skewness":{"dmean":0.255207955837,"dmean2":0.404718995094,"dvar":0.0635589361191,"dvar2":0.161547020078,"max":6.01601362228,"mean":2.47898960114,"median":2.42866873741,"min":0.0506637506187,"var":0.249228402972},"spectral_spread":{"dmean":411211.5,"dmean2":667621.5625,"dvar":285184589824,"dvar2":531545128960,"max":41074192,"mean":2854047.25,"median":2639049.5,"min":1264796.625,"var":1368556830720},"spectral_strongpeak":{"dmean":0.439487338066,"dmean2":0.734348535538,"dvar":0.502843976021,"dvar2":1.28163349628,"max":13.3076581955,"mean":0.726069390774,"median":0.427940696478,"min":0,"var":0.717328727245},"zerocrossingrate":{"dmean":0.00988478772342,"dmean2":0.011968200095,"dvar":0.000119336727948,"dvar2":0.00013663880236,"max":0.513671875,"mean":0.0662525519729,"median":0.0556640625,"min":0,"var":0.00366944656707}},"metadata":{"audio_properties":{"analysis_sample_rate":44100,"bit_rate":192000,"codec":"mp3","downmix":"mix","equal_loudness":0,"length":167.627761841,"lossless":false,"md5_encoded":"beefd7b7f62a3cdff28d6bcc3fc23fba","replay_gain":-8.27096176147,"sample_rate":44100},"tags":{"acoustid_fingerprint":["AQADtEq4pEuyolnRTwKrJgd3T3gvNBFjhD0SVTE-NLWID86lB911zNlxHcnWI001oQ_w4w_caHnw6_iOE_2C9OgD9Nhx4Dh84NBx4PCPXrjwo7cQ8zCPHwxuMGkalMdXBfkNuRu2Zj7O40H5I2HGHN_RLylqNJ4SvPxwG9VuITd0bNcRvvhK40L0H1-ooHsqOE-DPBWa78Ev3B_K1QgzBpegPEGu4w-6Mh38D5du-Md1DVaYINQVSEe-Bxe1EX_QbP3RphVufOqNnIe-SohF6RnYR2iuIHx2_AWf7JCuDh6PPFuMLzlO4w-aWJh-XE7gLx1yVJIPLXyM_ahEaOnx4_zwqBW08AXDy_iPx0qKEzyVKtAfZEezgsly_DLC6PKgHZdP5McfNBnRGzfqG7mOU0f34YsIXfrA7sjzodmp48i_Mfj0Qhsn_CX-FM3I5UOZBcKP4ceTRfhxMQzK8Qic43qFt8PVfcI_-B-2a-hxBWdC7eCPOxe-J8h9JNGJJtzSBpfwH_tx4luO94iU9Ei2KWjyhugzvMqG6BeSUTYahykuHT-e8EdzlAg9I6F9o542JRj6wHmITiPuHX-Q77h6fDm0O8NP4ifcF9qPP7iP_sdmxKKOfDpMDu8gksd16D9yWBQP__hy_Md18Ecu8riRU8Y_VFEP7kSp7bBz7MqOt_CYIb8ghmLQSdNxavjwCGJFxD9-5D0OLSfCBz-OB_URV9C1I5w-dH0EPwoqiTKOHyWM5_CKcghOYEqkFeWPoz-M4xDP4z-OC-ZxHgd-hMePHyW28CiFtoN3F_0kXDhCkoYW7gt-iRs-4axQ5Yf4YBtJBT-oQ3M0F_yWRghDFv3xJ8VHGVfjYUp35IerchB_9LSMnMpw5E7wUDxO4zN13IeWa8FEHV_GoRmbg7qO_sJvYb6Opia-r3CpzugZ5MOp4x2qjPxQeeqEK1GF3sHG6Sh7cOJwIs6RfMekKLvw49oLb0mUG79UuEqyoSSPfcdzyaBiFlciPAfTH9TQvLj0gE-ihMg1JLwx7mmOGxeDO4MrM8mEJ0qFy8eTI0woGsmULNrxKHuKC_mhHWm4DF3GSTgv_CSSEynHCC8uUcN7PHPR48cTB0eaJpnRRUfy6fjRB02fhXijH_-GH67j4DSRG9oLJ1N27DVcMcfEfsGbQe_x4Ql1_Pg1QdOfwDeOexzcw1b2BFqPH-iDNJ8KmNJ09MyDH_2w2dHxHH6OyhNyVcJ5XMcV9CO2oyGetEVMEXZzXMIzHP2OJhwe6Sku7UBJImWhdyr8IzwuKRWaVDtC6rgPfUOuoz-aacTT4_jRPDi-wMfR4ztyVMfGiIfs5YC_4wW-48fxHPnxEs7xX_gDbyXx5eiFIyf0vKh6pPvxD9EOTaKOkIR_1MpxEw-nFH2O88KPnseV6eiPMA-erdCaaLg0GaFyCg9zNJHOoO-Hq3giHuUPL1cyVMdLPMuDkUdzeFEyVHrww48RV4KuI3_RjPgI88KPzccPXy3gmKLQbQtiTih5iHSFfH0MPzXuhEjVH5qYddhT5BGa50E7JiYexIwuXG0c6MkFhPmHWsmq4JwU4iya6Oh0MbhuYXQWHKl6QReTIK-KG02XFZd--LEQqukDfWuRhzJ--CtO481y_FiTE9eOHdWF5smO_8iTG1rS4xPyrDk85kJF4zmuGd-PdA9-fD20XYSWPcjTF03foxf6pJjyp_iH40nywxGFvHgk6Dj6IF2VaMg__Ck4Nj7y5YXzo6fxhWiWi2CkT0JvNMmi5RNuNM_RH1eQU