{"lowlevel":{"average_loudness":0.665112257004,"barkbands":{"dmean":[0.0000237116328208,0.00109537108801,0.00112145754974,0.00153444102034,0.00180958595593,0.00230046873912,0.00123517937027,0.000829544966109,0.00198244396597,0.00045572349336,0.000184472301044,0.000116858187539,0.0000341112572642,0.0000315391080221,0.0000615036406089,0.000118997209938,0.000146794758621,0.000119957003335,0.0000764685828472,0.0000273549449048,0.0000589865012444,0.000154494919116,0.0000391738103644,0.0000245709634328,0.0000167346952367,0.0000116476212497,1.81575202873e-7],"dmean2":[0.0000363182807632,0.0018134805141,0.00197389698587,0.00260330922902,0.00304836523719,0.0038070359733,0.00214028335176,0.00139087473508,0.00314302672632,0.000740863673855,0.000290251424303,0.000189168029465,0.0000563705434615,0.0000519339264429,0.00010115076293,0.000189644706552,0.000233529048273,0.000190949882381,0.000121230041259,0.0000447381280537,0.0000952984046307,0.000241573710809,0.0000619607599219,0.0000375545860152,0.000023536495064,0.0000171332794707,3.10386042202e-7],"dvar":[1.99646854604e-9,0.00000648815330351,0.00000890363571671,0.00000900883787835,0.0000132060231408,0.000047780071327,0.0000270478903985,0.0000153986529767,0.0000505464486196,0.00000581248787057,4.89059573283e-7,2.16718404999e-7,1.35301112536e-8,1.095847324e-8,5.95192979347e-8,1.67065010714e-7,1.85171543876e-7,7.74798891712e-8,3.41042643015e-8,4.4904986396e-9,1.91735161081e-8,1.48258280319e-7,9.60372492642e-9,2.50275666858e-9,1.07099473734e-9,6.42066733114e-10,1.93965682952e-14],"dvar2":[4.50812498443e-9,0.0000156987771334,0.0000253771049756,0.0000243882896029,0.0000355824595317,0.000117087256513,0.0000732527114451,0.0000387330801459,0.000123512698337,0.0000142324670378,0.00000112331554192,5.26935252765e-7,3.49882647299e-8,2.79607661469e-8,1.53614877263e-7,4.02101335339e-7,4.6142574206e-7,1.81787711995e-7,7.13328347501e-8,1.15995915095e-8,4.77588422143e-8,3.26181009314e-7,2.27059331337e-8,5.81340042771e-9,2.07604267111e-9,1.2856984366e-9,5.70045177511e-14],"max":[0.000523805210833,0.033475458622,0.0447078794241,0.046444222331,0.0471918657422,0.215315788984,0.127697065473,0.132300302386,0.142421543598,0.0694567188621,0.0134772844613,0.0126487826928,0.00374411442317,0.00272038183175,0.00608533062041,0.0102403238416,0.0145218810067,0.0072785448283,0.00640984997153,0.00139457616024,0.00255154119805,0.00724837277085,0.0024934373796,0.00153907306958,0.000431300111813,0.000415798916947,0.00000323634026245],"mean":[0.0000396505638491,0.0016165189445,0.00123809021898,0.00209157308564,0.00312007311732,0.00334461824968,0.00129032740369,0.000828002521303,0.00230519496836,0.000490269565489,0.000218924848014,0.000134693618747,0.0000427159575338,0.0000404381135013,0.0000716864524293,0.000168537633726,0.00022536618053,0.000189354555914,0.000141578915645,0.0000538390377187,0.00012376732775,0.000312038784614,0.0000888412396307,0.0000666892447043,0.0000457175228803,0.0000277491071756,0.00000157480155849],"median":[0.000011645597624,0.000398307398427,0.000332455470925,0.000608408765402,0.00142511294689,0.00118073809426,0.000211289225263,0.000109252527182,0.000364966981579,0.0000218533496081,0.000024592905902,0.00000989311502053,0.00000635114747638,0.00000391729827243,0.00000826642917673,0.0000197871704586,0.0000356814089173,0.0000283763747575,0.000034646684071,0.0000111665258373,0.0000219507401198,0.0000403024750995,0.00000898984762898,0.00000807096967037,0.00000529481530975,0.00000203742661142,0.00000156662747486],"min":[4.19476786351e-24,1.80768028634e-23,6.20134033667e-23,3.34795281857e-23,3.44770680439e-23,5.58341359893e-23,5.71978493024e-23,3.91923200218e-23,8.69589269947e-23,1.52048181072e-22,3.35051503879e-23,1.15607388955e-22,1.88437627811e-22,1.1569711715e-22,3.06112236235e-22,2.26521497287e-22,1.96832344776e-22,2.06056362812e-22,1.46326579238e-22,3.17707077903e-22,4.16077957053e-22,4.62358671936e-22,6.93634867401e-22,9.21025020451e-22,1.11375971876e-21,1.6803262347e-21,2.32008207898e-21],"var":[4.10750855551e-9,0.00000892961907084,0.00000724496840121,0.0000128489973577,0.0000201317670872,0.0000602954205533,0.0000218729619519,0.0000135150494316,0.0000518823180755,0.00000537436017112,6.11290431607e-7,2.331175466e-7,1.65005289432e-8,1.18258824955e-8,6.14847479596e-8,2.1840600084e-7,2.94498335052e-7,1.44772499766e-7,9.06865054162e-8,1.02608570529e-8,4.60703972749e-8,3.78667806444e-7,3.50321585074e-8,1.32632278493e-8,5.41037570301e-9,2.41330022632e-9,3.18902754681e-14]},"barkbands_crest":{"dmean":2.48241114616,"dmean2":4.07065534592,"dvar":6.75922489166,"dvar2":16.8417835236,"max":26.4292049408,"mean":11.501115799,"median":10.0675163269,"min":2.81919574738,"var":26.7585811615},"barkbands_flatness_db":{"dmean":0.0218705628067,"dmean2":0.0336047522724,"dvar":0.000507497927174,"dvar2":0.00108212931082,"max":0.393239170313,"mean":0.164564579725,"median":0.159607931972,"min":0.0245436336845,"var":0.00434591062367},"barkbands_kurtosis":{"dmean":5.79639863968,"dmean2":9.19881153107,"dvar":118.578575134,"dvar2":261.58026123,"max":454.93862915,"mean":15.4096841812,"median":7.30891704559,"min":-1.94951617718,"var":573.138061523},"barkbands_skewness":{"dmean":0.648739516735,"dmean2":1.0058555603,"dvar":0.526084065437,"dvar2":1.16691279411,"max":17.5147972107,"mean":2.58147144318,"median":2.26257967949,"min":-2.4588162899,"var":3.18364477158},"barkbands_spread":{"dmean":5.77600288391,"dmean2":8.69237232208,"dvar":71.394203186,"dvar2":144.82484436,"max":120.31048584,"mean":18.9931430817,"median":12.7496891022,"min":0.435348361731,"var":348.788360596},"dissonance":{"dmean":0.0245598144829,"dmean2":0.0409583263099,"dvar":0.000566265312955,"dvar2":0.00144513719715,"max":0.500000119209,"mean":0.433232218027,"median":0.44314712286,"min":0.200692594051,"var":0.00224369997159},"dynamic_complexity":5.99319314957,"erbbands":{"dmean":[0.0267814267427,0.282536625862,1.07614660263,3.38204932213,5.50720071793,6.11301660538,11.5573291779,21.430606842,19.2740364075,17.6781177521,22.3500556946,43.0516815186,26.8748092651,8.2027425766,6.56502914429,4.12359046936,1.57722008228,1.42047810555,2.47563934326,3.79235672951,7.01319551468,7.71523141861,6.673579216,4.72893047333,2.89455080032,1.35949540138,1.46634781361,3.56219959259,5.69726324081,3.67034649849,0.719047725201,0.505078077316,0.432005137205,0.195867866278,0.12986664474,0.0926804989576,0.0090755680576,0.000262664601905,0.0000331179289788,0.00001113464441],"dmean2":[0.0450713932514,0.469418108463,1.88817214966,5.76140356064,9.3701877594,10.1987876892,19.7361984253,35.1205482483,32.3432807922,30.6396961212,36.2862319946,68.2462921143,42.1953582764,12.7599401474,10.2780046463,6.57801818848,2.57625961304,2.30085158348,3.99617934227,6.03733682632,10.9295921326,12.0782880783,10.5158128738,7.4891705513,4.49728441238,2.21433734894,2.37492132187,5.69560909271,8.94006538391,5.8505563736,1.11224091053,0.791569173336,0.650110125542,0.283778101206,0.185338050127,0.135835036635,0.0133636705577,0.000409169413615,0.0000550489749003,0.0000177499623533],"dvar":[0.00472585484385,0.425509005785,8.01231575012,51.2626266479,127.251785278,142.775619507,1149.07873535,4527.56005859,8110.18164062,5696.61962891,9576.79199219,25227.9375,16865.0488281,1213.90844727,578.863464355,243.997299194,28.3019580841,19.9389305115,80.6446380615,267.64932251,568.40246582,424.275390625,244.158874512,114.619674683,73.703453064,10.5586662292,10.1551647186,77.6737976074,204.708938599,82.3877334595,2.95594954491,1.3417044878,0.714011788368,0.151714205742,0.0701321139932,0.0400409810245,0.000376929732738,1.53304981154e-7,7.7826572964e-10,3.38718969539e-10],"dvar2":[0.0121926991269,1.05429494381,22.6792964935,140.498641968,348.11517334,376.694915771,3162.96704102,10619.3300781,21417.9472656,15949.3671875,22221.7597656,61721.8085938,42038.7890625,2872.63574219,1432.72241211,588.423400879,72.7914276123,49.9796257019,199.395675659,691.055236816,1310.19299316,1014.98516846,578.517211914,273.465820312,132.787414551,27.4806537628,25.2649669647,186.599639893,453.888916016,190.230331421,6.6104259491,3.28723931313,1.61608624458,0.317867428064,0.136368855834,0.0791367739439,0.000750657171011,3.12499537358e-7,1.9374408744e-9,8.30605861868e-10],"max":[0.822989881039,8.53340911865,44.0264053345,117.572288513,162.879318237,179.682022095,567.067993164,2296.67822266,2331.63574219,3808.68920898,2267.24902344,3149.94140625,2771.06738281,1221.44177246,507.115570068,521.089904785,172.390136719,101.795166016,260.40713501,687.277160645,581.645874023,716.580871582,417.872161865,267.358795166,383.170074463,65.1937713623,58.4197616577,159.287902832,281.270996094,208.10383606,51.1665916443,45.9375,19.838262558,6.35193300247,4.04568719864,3.06905174255,0.304111689329,0.00636663474143,0.000570852775127,0.00031353830127],"mean":[0.0335168167949,0.414115279913,1.3217484951,4.55159807205,8.51498603821,10.3522081375,15.8686065674,32.138923645,21.8976230621,18.7667312622,25.6685676575,49.8382797241,29.1545677185,10.7972068787,8.44986152649,5.25148105621,2.13571977615,1.9857943058,3.13786196709,4.93560600281,11.0659503937,12.6022615433,10.8878746033,8.40386295319,5.62824440002,2.7823574543,3.24772667885,6.99967193604,10.9164276123,7.72285461426,1.86583065987,1.29009950161,1.13268506527,0.525946080685,0.330095827579,0.219969063997,0.0230112243444,0.0012536685681,0.000232244070503,0.0000476088171126],"median":[0.00516346562654,0.114653944969,0.468484997749,1.2062536478,3.64031386375,3.95895266533,6.32334756851,10.6331949234,4.91715097427,3.54989814758,4.54373025894,7.71350955963,3.08607149124,1.02554666996,0.912947297096,0.447639882565,0.305005908012,0.221751376987,0.400940328836,0.792752146721,1.52011787891,2.39886260033,1.97945892811,1.93088293076,1.50842356682,0.704526364803,0.551201581955,1.28858017921,1.57672441006,0.712674498558,0.184988483787,0.143867656589,0.1530906111,0.071127563715,0.0275810416788,0.0122827254236,0.00288271880709,0.000858665094711,0.000216958142119,0.0000362794926332],"min":[7.24925256088e-22,4.26348113197e-21,4.18884100638e-20,1.41203026361e-19,8.09162873978e-20,1.36243135085e-19,1.55667778636e-19,6.47758623643e-19,8.18064927106e-19,8.13495633101e-19,8.25129721622e-19,1.96585676428e-18,5.37772408738e-18,2.13297702652e-18,3.40643998431e-18,3.94831959294e-18,8.78753503948e-18,6.5007508091e-18,1.15943896413e-17,1.65375175843e-17,1.22769567489e-17,1.00946615599e-17,9.03744367333e-18,1.10683441307e-17,7.66403599764e-18,1.66627361854e-17,1.27129330441e-17,1.74026161561e-17,1.59933601271e-17,2.03363859065e-17,1.98507117729e-17,1.90206608436e-17,1.56529637245e-17,1.08538198019e-17,8.45440955447e-18,6.42688233963e-18,2.83034963311e-18,1.64907750555e-18,3.20288986071e-19,2.92093500917e-20],"var":[0.00507397251204,0.569387257099,6.67301225662,64.8411026001,183.286804199,284.764373779,1029.06884766,6514.48388672,6570.13769531,4430.22021484,9960.203125,26136.7460938,15422.234375,1539.74658203,739.221740723,293.83026123,34.8384628296,25.8972587585,95.8510818481,264.026672363,906.553466797,746.137084961,441.331970215,249.108856201,220.487518311,24.9948329926,28.6398639679,174.027908325,472.462982178,252.488555908,13.7646274567,6.37308502197,3.35582566261,0.724154829979,0.306638836861,0.15462821722,0.00150261400267,7.21206276921e-7,3.28271032579e-9,8.4823192914e-10]},"erbbands_crest":{"dmean":2.88739705086,"dmean2":4.64857530594,"dvar":11.0998802185,"dvar2":25.6653652191,"max":31.913728714,"mean":12.4424419403,"median":10.7864570618,"min":2.21163725853,"var":48.8289794922},"erbbands_flatness_db":{"dmean":0.0187605433166,"dmean2":0.028040535748,"dvar":0.000396984338295,"dvar2":0.000803247792646,"max":0.362267941236,"mean":0.162942752242,"median":0.16018679738,"min":0.0276496391743,"var":0.00295784859918},"erbbands_kurtosis":{"dmean":2.86639738083,"dmean2":4.4847111702,"dvar":31.319606781,"dvar2":71.5754394531,"max":160.587478638,"mean":6.19769144058,"median":1.14320325851,"min":-1.91278707981,"var":148.530059814},"erbbands_skewness":{"dmean":0.535337984562,"dmean2":0.809724569321,"dvar":0.387562096119,"dvar2":0.809924781322,"max":10.4686279297,"mean":1.53427934647,"median":1.23360860348,"min":-3.71245551109,"var":2.7746348381},"erbbands_spread":{"dmean":10.2168922424,"dmean2":15.1702842712,"dvar":141.713165283,"dvar2":284.358306885,"max":155.105361938,"mean":41.471157074,"median":37.033531189,"min":1.25552117825,"var":754.440917969},"gfcc":{"cov":[[11444.5800781,669.164245605,-2762.94946289,1100.85168457,-643.025085449,842.693359375,-264.918212891,416.922821045,-384.750579834,-311.817687988,-776.986572266,41.765007019,-319.305938721],[669.164245605,1140.88867188,200.992340088,-162.626266479,73.0014877319,-171.227279663,-6.91268634796,-5.27424144745,35.1776351929,-197.706970215,-82.9544906616,-100.535011292,-82.999458313],[-2762.94946289,200.992340088,1339.73364258,-221.098464966,154.861175537,-80.5954589844,13.4047088623,-98.4054336548,37.612159729,69.6978378296,155.763153076,-55.8139801025,31.2824363708],[1100.85168457,-162.626266479,-221.098464966,457.118499756,11.5584459305,141.165176392,-14.5631093979,-21.3317909241,-50.0400772095,-4.92277288437,-63.6797981262,6.76914739609,-34.5760765076],[-643.025085449,73.0014877319,154.861175537,11.5584459305,278.097320557,3.24391055107,32.9376945496,3.17124843597,18.6223621368,-15.2478351593,25.6613006592,-9.47389888763,-1.33902788162],[842.693359375,-171.227279663,-80.5954589844,141.165176392,3.24391055107,371.201202393,48.5928840637,60.3695487976,-99.2998352051,6.34257030487,-76.4299621582,4.84757757187,-33.0682182312],[-264.918212891,-6.91268634796,13.4047088623,-14.5631093979,32.9376945496,48.5928840637,146.331451416,19.7089004517,2.5574567318,-22.4774894714,-4.62623548508,-18.4785690308,-1.125010252],[416.922821045,-5.27424144745,-98.4054336548,-21.3317909241,3.17124843597,60.3695487976,19.7089004517,165.027023315,28.3712749481,-1.80264210701,-59.5505332947,1.60596454144,-2.90223836899],[-384.750579834,35.1776351929,37.612159729,-50.0400772095,18.6223621368,-99.2998352051,2.5574567318,28.3712749481,127.065071106,28.941078186,26.2322235107,-9.86449813843,22.9548625946],[-311.817687988,-197.706970215,69.6978378296,-4.92277288437,-15.2478351593,6.34257030487,-22.4774894714,-1.80264210701,28.941078186,124.555717468,73.9021072388,33.9032745361,19.216583252],[-776.986572266,-82.9544906616,155.763153076,-63.6797981262,25.6613006592,-76.4299621582,-4.62623548508,-59.5505332947,26.2322235107,73.9021072388,167.888824463,55.5922317505,27.7517299652],[41.765007019,-100.535011292,-55.8139801025,6.76914739609,-9.47389888763,4.84757757187,-18.4785690308,1.60596454144,-9.86449813843,33.9032745361,55.5922317505,94.126991272,43.7862892151],[-319.305938721,-82.999458313,31.2824363708,-34.5760765076,-1.33902788162,-33.0682182312,-1.125010252,-2.90223836899,22.9548625946,19.216583252,27.7517299652,43.7862892151,86.6783218384]],"icov":[[0.00519557343796,-0.00828518811613,0.00794436316937,-0.00792119745165,0.00795743893832,-0.00764545518905,0.00779093615711,-0.00711598386988,0.00632608914748,-0.0060151363723,0.00530489860103,-0.00448211189359,0.00247196061537],[-0.00828518811613,0.0149469291791,-0.0130567075685,0.0130936754867,-0.0128341801465,0.0126145742834,-0.0119762485847,0.0114331170917,-0.0111111616716,0.012483923696,-0.00802234467119,0.00645240209997,-0.0019476696616],[0.00794436316937,-0.0130567075685,0.0133696468547,-0.0117870150134,0.0116516053677,-0.0120455473661,0.0120601262897,-0.0106074754149,0.0101884221658,-0.0102159483358,0.00682832160965,-0.00475822761655,0.00240599107929],[-0.00792119745165,0.0130936754867,-0.0117870150134,0.0152956284583,-0.0127741647884,0.0106876268983,-0.0114200627431,0.0125845512375,-0.0104272766039,0.00920910388231,-0.00636479398236,0.00545978732407,-0.00213406560943],[0.00795743893832,-0.0128341801465,0.0116516053677,-0.0127741647884,0.0164961982518,-0.0120568312705,0.0113710267469,-0.0115774795413,0.00888957455754,-0.00771819520742,0.00661402288824,-0.00662785815075,0.00372591917403],[-0.00764545518905,0.0126145742834,-0.0120455473661,0.0106876268983,-0.0120568312705,0.0168110188097,-0.0135204968974,0.00862164702266,-0.00524849444628,0.00661931186914,-0.00520323123783,0.00523055205122,-0.00218807393685],[0.00779093615711,-0.0119762485847,0.0120601262897,-0.0114200627431,0.0113710267469,-0.0135204968974,0.0203938540071,-0.0116704804823,0.00831329170614,-0.00543223321438,0.00499217258766,-0.00345289940014,0.00236444128677],[-0.00711598386988,0.0114331170917,-0.0106074754149,0.0125845512375,-0.0115774795413,0.00862164702266,-0.0116704804823,0.0200123116374,-0.0133963720873,0.00681440159678,-0.00138883444015,0.00135546352249,-0.000991899170913],[0.00632608914748,-0.0111111616716,0.0101884221658,-0.0104272766039,0.00888957455754,-0.00524849444628,0.00831329170614,-0.0133963720873,0.0229357052594,-0.013032251969,0.0044083208777,0.000725006160792,-0.00234005413949],[-0.0060151363723,0.012483923696,-0.0102159483358,0.00920910388231,-0.00771819520742,0.00661931186914,-0.00543223321438,0.00681440159678,-0.013032251969,0.0264914762229,-0.0131232170388,0.00408867839724,-0.000565931433812],[0.00530489860103,-0.00802234467119,0.00682832160965,-0.00636479398236,0.00661402288824,-0.00520323123783,0.00499217258766,-0.00138883444015,0.0044083208777,-0.0131232170388,0.0234023015946,-0.0166773553938,0.00766645697877],[-0.00448211189359,0.00645240209997,-0.00475822761655,0.00545978732407,-0.00662785815075,0.00523055205122,-0.00345289940014,0.00135546352249,0.000725006160792,0.00408867839724,-0.0166773553938,0.0303875282407,-0.015653245151],[0.00247196061537,-0.0019476696616,0.00240599107929,-0.00213406560943,0.00372591917403,-0.00218807393685,0.00236444128677,-0.000991899170913,-0.00234005413949,-0.000565931433812,0.00766645697877,-0.015653245151,0.0224767737091]],"mean":[-67.7341156006,78.9166870117,-70.2325820923,30.9586009979,-74.0827865601,-8.78905773163,-40.5681304932,9.84308433533,-17.3731861115,-6.45700073242,-21.4624671936,7.29497480392,-7.04594707489]},"hfc":{"dmean":4.49337768555,"dmean2":6.76312255859,"dvar":74.9269866943,"dvar2":172.461959839,"max":122.369659424,"mean":12.7982530594,"median":6.05543994904,"min":1.12983832245e-16,"var":255.217834473},"melbands":{"dmean":[0.000271328579402,0.000487131270347,0.000635779695585,0.000388992979424,0.000369936897187,0.000468878570246,0.000286748690996,0.000185109267477,0.000214013140067,0.000279954227153,0.000132480548928,0.0000343193532899,0.0000239366108872,0.0000157640533871,0.00000556307941224,0.00000325153268932,0.00000281484471998,0.00000397526673623,0.00000472890496894,0.00000670477766107,0.00000933638784772,0.00000875249861565,0.00000767178426031,0.00000559869113204,0.0000040206423364,0.00000282576115751,0.00000133830599225,8.74689646935e-7,8.25248662295e-7,0.00000132878426484,0.00000253483358392,0.00000346986212207,0.00000323064114127,0.00000169615123014,4.53385979426e-7,3.09464269321e-7,3.46901259718e-7,3.48272294559e-7,2.58496669403e-7,1.61604674531e-7],"dmean2":[0.000451461790362,0.000834373815451,0.00107886304613,0.000656641088426,0.000628226494882,0.000769252539612,0.000482005038066,0.000320326333167,0.000343978201272,0.000444029836217,0.00020956681692,0.0000539361826668,0.0000376273601432,0.0000253175312537,0.00000916656699701,0.00000534473247171,0.00000463059632239,0.00000651364052828,0.00000775220996729,0.000010837429727,0.0000148891867866,0.0000140483834912,0.0000125477326947,0.00000896242181625,0.00000645573072688,0.00000440536950919,0.00000217588149098,0.0000014372719761,0.00000133319986162,0.00000218096670324,0.00000411866994909,0.00000549830292584,0.00000515215106134,0.00000272201236839,7.2072026569e-7,4.89324747832e-7,5.56388783934e-7,5.38996687283e-7,3.8954689785e-7,2.41169487936e-7],"dvar":[4.34534712213e-7,0.00000149888489887,0.00000158623572588,5.6028062545e-7,0.00000102363026144,0.00000216319494939,0.00000157091869823,6.73663464568e-7,8.23576215225e-7,0.00000108516371711,4.19691360776e-7,2.45568863022e-8,7.83066766985e-9,3.92945720407e-9,3.71408820365e-10,1.71302805274e-10,9.05646321825e-11,2.08570785643e-10,4.11406797518e-10,7.57182538891e-10,1.18148235639e-9,7.32712668317e-10,3.71589259363e-10,1.84464235553e-10,9.19832404689e-11,8.3338336232e-11,1.1121723334e-11,5.35151870734e-12,3.58703127964e-12,9.35223253007e-12,4.2261871086e-11,7.67372693167e-11,6.54599360828e-11,1.80792967402e-11,1.3734147283e-12,5.9133215902e-13,5.98925965246e-13,5.05033460798e-13,2.64175129255e-13,1.12292438531e-13],"dvar2":[0.00000106182619675,0.00000411441624237,0.00000432455635746,0.00000152516520302,0.00000280159133581,0.00000511191910846,0.00000414645001001,0.0000018812545477,0.00000190412697521,0.00000265363860308,0.00000104348578134,5.88064743567e-8,1.86847213257e-8,9.63671897836e-9,9.14478881509e-10,4.36799985071e-10,2.27821803089e-10,5.27570875875e-10,1.05911912573e-9,1.85818993526e-9,2.80193068747e-9,1.86161630555e-9,9.46605460683e-10,4.38725000773e-10,2.26642746237e-10,1.41064285253e-10,2.57606210669e-11,1.41928439487e-11,8.90466259756e-12,2.32901024855e-11,1.03753942937e-10,1.74038741751e-10,1.50117571152e-10,4.31770348641e-11,3.30441186566e-12,1.46717902584e-12,1.51993034044e-12,1.20792232553e-12,6.05743265877e-13,2.4819054689e-13],"max":[0.00867016613483,0.0190678220242,0.0186846796423,0.00907749030739,0.0167415272444,0.0489474385977,0.0298340003937,0.0421489141881,0.0198588967323,0.0197957642376,0.0135853998363,0.0055444939062,0.00212697405368,0.00157721282449,0.000537655025255,0.000441013078671,0.000239352695644,0.000448306440376,0.000548518146388,0.000848306866828,0.000873867189512,0.00101179757621,0.000446373189334,0.0003870195942,0.00023703930492,0.00045259523904,0.000128643165226,0.0000563758694625,0.0000369233275705,0.0000649051144137,0.000138515883009,0.000164075783687,0.000143376208143,0.0000964712526184,0.0000340629630955,0.0000236159921769,0.0000266621627816,0.0000161821062648,0.0000126795584947,0.00000583759447181],"mean":[0.000385046412703,0.000655813259073,0.000924505060539,0.000667502754368,0.000547476636712,0.000692222674843,0.000326495734043,0.00019178247021,0.00024657722679,0.000317619327689,0.000138955962029,0.000041877014155,0.0000293961420539,0.0000187572895811,0.00000702810484654,0.00000388248372474,0.00000361484308087,0.00000473907448395,0.00000541821964362,0.00000851625918585,0.0000141244308907,0.000013099132957,0.0000117084800877,0.00000842632107378,0.00000663405990053,0.00000515109377375,0.00000244356738222,0.00000162322953656,0.00000164091113675,0.00000267082737082,0.00000456313227915,0.00000617508794676,0.00000610386223343,0.00000344964837495,0.00000100188799479,7.39112067549e-7,7.8417599525e-7,8.44010230594e-7,6.23894834462e-7,3.82810071642e-7],"median":[0.0000783504947321,0.00023030040029,0.000302161002764,0.000270141754299,0.000220461224671,0.000229629324167,0.0000724032797734,0.0000334950818797,0.0000381025820388,0.0000482154900965,0.0000127288894873,0.000003223564363,0.00000328965461449,0.00000126948214074,9.31880094868e-7,4.30160866927e-7,3.44521282614e-7,5.00926205405e-7,6.19573654603e-7,0.00000110650762508,0.00000163219226579,0.00000204463935916,0.00000178831373887,0.00000125080487123,0.00000121629443584,0.00000121696768929,6.12474764239e-7,2.71103374416e-7,2.37833447159e-7,4.13088201867e-7,7.97759867055e-7,8.76334468103e-7,5.64604931697e-7,2.98013560496e-7,8.90381386398e-8,8.76244996562e-8,8.17062968395e-8,1.09086549571e-7,9.19075020533e-8,4.53703350445e-8],"min":[6.36910202113e-24,1.74363566712e-23,2.04968119727e-23,9.15408315029e-24,4.79493955109e-24,1.367508523e-23,1.17708302251e-23,8.89357840242e-24,5.855827701e-24,1.43701489959e-23,2.72918767946e-23,8.95870754761e-24,8.12453526086e-24,1.17036689742e-23,1.41261969164e-23,1.95884591508e-23,1.08285271963e-23,1.60280948049e-23,2.34056702964e-23,2.00583883252e-23,1.3511199377e-23,1.23544531886e-23,4.41669415767e-24,1.16928047818e-23,8.94295557306e-24,5.46740442418e-24,7.80500636234e-24,1.15579277108e-23,6.72514650209e-24,1.06003002701e-23,9.07158959884e-24,7.98961795796e-24,1.1679271873e-23,1.12910789435e-23,1.07270299857e-23,1.05227528765e-23,1.31061445457e-23,1.22001922274e-23,8.78707271388e-24,9.22821319841e-24],"var":[5.6237405488e-7,0.00000143918009599,0.00000216608077608,9.57433712756e-7,0.00000101048578927,0.00000294303981718,0.00000129560885398,5.08406287736e-7,8.79419303601e-7,0.00000110978737666,3.8150918158e-7,2.87503247876e-8,9.84009229654e-9,4.38040226314e-9,4.11858935845e-10,1.91533677807e-10,1.03225754333e-10,2.25969742917e-10,3.96618043963e-10,7.83551612482e-10,1.80298420638e-9,1.03223929404e-9,5.70016256418e-10,3.2359487312e-10,1.7893821147e-10,2.62979971133e-10,2.40691095527e-11,1.06764224198e-11,8.63676925117e-12,2.14107290925e-11,8.27316756769e-11,1.62351923572e-10,1.53905652112e-10,5.64909438672e-11,4.41953982092e-12,2.35232688363e-12,2.32973948293e-12,1.97019332272e-12,1.03503425448e-12,4.27206149145e-13]},"melbands_crest":{"dmean":2.93304777145,"dmean2":4.85695028305,"dvar":8.89849472046,"dvar2":22.7498092651,"max":32.8268623352,"mean":14.604765892,"median":12.8960771561,"min":2.31971311569,"var":38.8467292786},"melbands_flatness_db":{"dmean":0.0259419605136,"dmean2":0.0392133742571,"dvar":0.000730783911422,"dvar2":0.00151460443158,"max":0.520204901695,"mean":0.245123013854,"median":0.239799588919,"min":0.00602165004238,"var":0.00688504287973},"melbands_kurtosis":{"dmean":12.5891447067,"dmean2":19.9263782501,"dvar":527.097290039,"dvar2":1242.55126953,"max":665.039001465,"mean":30.3242607117,"median":16.5612983704,"min":-1.79142284393,"var":2103.9699707},"melbands_skewness":{"dmean":0.932552039623,"dmean2":1.44146943092,"dvar":1.14387452602,"dvar2":2.7195482254,"max":19.1091766357,"mean":3.31735515594,"median":2.93659567833,"min":-1.31204330921,"var":4.80906152725},"melbands_spread":{"dmean":5.67544746399,"dmean2":8.71719264984,"dvar":97.7293319702,"dvar2":206.766769409,"max":184.446578979,"mean":15.4979972839,"median":10.0241193771,"min":0.492927193642,"var":269.635742188},"mfcc":{"cov":[[14053.0898438,-871.039306641,-1894.29504395,18.591999054,-384.655975342,305.906494141,-174.057312012,703.676269531,345.396362305,-474.068603516,91.2788925171,-210.230514526,-209.3802948],[-871.039306641,1303.00952148,305.900970459,-18.0768222809,96.9964065552,-206.87109375,-57.1773796082,13.744799614,-1.60861718655,21.5637569427,-25.11784935,12.6199150085,-50.2421836853],[-1894.29504395,305.900970459,783.849365234,7.57890605927,89.0077133179,25.812166214,65.6050338745,-105.113586426,-60.0666427612,90.205619812,-26.481628418,19.8823280334,9.13862228394],[18.591999054,-18.0768222809,7.57890605927,267.757568359,58.9880714417,18.0905590057,-33.5439529419,-13.2898197174,-15.6378955841,-14.8417863846,0.730682909489,-9.42509937286,12.5723686218],[-384.655975342,96.9964065552,89.0077133179,58.9880714417,216.181152344,40.7540283203,34.813659668,10.0483694077,8.51347637177,13.9136953354,-3.12617015839,16.2843933105,13.153629303],[305.906494141,-206.87109375,25.812166214,18.0905590057,40.7540283203,223.158966064,108.147361755,30.0935401917,-0.0365110449493,-10.512468338,-10.5287160873,-4.03783750534,-0.778317689896],[-174.057312012,-57.1773796082,65.6050338745,-33.5439529419,34.813659668,108.147361755,166.550765991,55.6266593933,7.35301399231,7.91597318649,-4.52051496506,3.69832921028,9.16331195831],[703.676269531,13.744799614,-105.113586426,-13.2898197174,10.0483694077,30.0935401917,55.6266593933,153.422164917,82.3347854614,-14.6057529449,8.60268688202,-17.6956138611,-24.8731460571],[345.396362305,-1.60861718655,-60.0666427612,-15.6378955841,8.51347637177,-0.0365110449493,7.35301399231,82.3347854614,128.23739624,38.0264167786,5.71582937241,-13.8032016754,-36.2652702332],[-474.068603516,21.5637569427,90.205619812,-14.8417863846,13.9136953354,-10.512468338,7.91597318649,-14.6057529449,38.0264167786,104.463516235,20.8585586548,5.93714857101,-9.4502696991],[91.2788925171,-25.11784935,-26.481628418,0.730682909489,-3.12617015839,-10.5287160873,-4.52051496506,8.60268688202,5.71582937241,20.8585586548,74.5256881714,23.1064243317,3.94289803505],[-210.230514526,12.6199150085,19.8823280334,-9.42509937286,16.2843933105,-4.03783750534,3.69832921028,-17.6956138611,-13.8032016754,5.93714857101,23.1064243317,72.3366165161,31.8183269501],[-209.3802948,-50.2421836853,9.13862228394,12.5723686218,13.153629303,-0.778317689896,9.16331195831,-24.8731460571,-36.2652702332,-9.4502696991,3.94289803505,31.8183269501,92.9658126831]],"icov":[[0.000182720541488,-0.00000476408013128,0.000213574123336,0.0000363725266652,0.000205401403946,-0.000492543156724,0.000561961322092,-0.00062877725577,-0.000136151502375,0.000550356169697,-0.000320658116834,0.000223843439016,0.0000660552250338],[-0.00000476408013128,0.00124049710575,-0.000557693536393,0.0000878405408002,-0.000636479409877,0.0014107223833,0.000175943423528,-0.00105893681757,0.000652757531498,0.0000426860060543,0.000603861524723,-0.000597612175625,0.000941728241742],[0.000213574123336,-0.000557693536393,0.00236148084514,-0.000109862834506,-0.0000510551581101,-0.000951529771555,-0.000500121503137,0.000708324718289,0.00049335550284,-0.00116797897499,0.000357641751179,0.000204478346859,0.000188979975064],[0.0000363725266652,0.0000878405408002,-0.000109862834506,0.00449404958636,-0.00139861030038,-0.000974678318016,0.00202724779956,-0.000411483808421,0.000414859765442,0.00059640040854,-0.000705447047949,0.00137187808286,-0.000804909737781],[0.000205401403946,-0.000636479409877,-0.0000510551581101,-0.00139861030038,0.00621398026124,-0.00176925491542,-0.0000692993635312,-0.000713446759619,-0.00110732589383,0.000191874423763,-1.99419886826e-7,-0.000986262457445,-0.000840168795548],[-0.000492543156724,0.0014107223833,-0.000951529771555,-0.000974678318016,-0.00176925491542,0.00999814178795,-0.00657978840172,0.00168038101401,0.000576744263526,-0.000201935748919,0.00174169719685,-0.00106283917557,0.00180495774839],[0.000561961322092,0.000175943423528,-0.000500121503137,0.00202724779956,-0.0000692993635312,-0.00657978840172,0.0144923208281,-0.00881273951381,0.00320864026435,-0.00111906800885,0.000264965812676,0.0000769348771428,-0.00159550353419],[-0.00062877725577,-0.00105893681757,0.000708324718289,-0.000411483808421,-0.000713446759619,0.00168038101401,-0.00881273951381,0.0198612157255,-0.0114320311695,0.00504540093243,-0.00315526244231,0.00220473762602,-0.000272305042017],[-0.000136151502375,0.000652757531498,0.00049335550284,0.000414859765442,-0.00110732589383,0.000576744263526,0.00320864026435,-0.0114320311695,0.0193860456347,-0.0101450821385,0.00374175910838,-0.00152735970914,0.0036232364364],[0.000550356169697,0.0000426860060543,-0.00116797897499,0.00059640040854,0.000191874423763,-0.000201935748919,-0.00111906800885,0.00504540093243,-0.0101450821385,0.0188893582672,-0.00682406872511,0.00175428460352,0.000379772536689],[-0.000320658116834,0.000603861524723,0.000357641751179,-0.000705447047949,-1.99419886826e-7,0.00174169719685,0.000264965812676,-0.00315526244231,0.00374175910838,-0.00682406872511,0.0185338817537,-0.00709744310006,0.00121773511637],[0.000223843439016,-0.000597612175625,0.000204478346859,0.00137187808286,-0.000986262457445,-0.00106283917557,0.0000769348771428,0.00220473762602,-0.00152735970914,0.00175428460352,-0.00709744310006,0.0199891123921,-0.0062694135122],[0.0000660552250338,0.000941728241742,0.000188979975064,-0.000804909737781,-0.000840168795548,0.00180495774839,-0.00159550353419,-0.000272305042017,0.0036232364364,0.000379772536689,0.00121773511637,-0.0062694135122,0.0152691435069]],"mean":[-727.355224609,116.683387756,43.049571991,34.5570335388,-4.23611831665,-11.9937868118,-17.8498954773,7.22622299194,2.57635855675,-9.90006637573,-0.276654034853,-5.75996637344,-3.97022128105]},"pitch_salience":{"dmean":0.0723189786077,"dmean2":0.116801194847,"dvar":0.00495765777305,"dvar2":0.0119894631207,"max":0.993170976639,"mean":0.575409829617,"median":0.599400162697,"min":0.0955978110433,"var":0.0210884083062},"silence_rate_20dB":{"dmean":0,"dmean2":0,"dvar":0,"dvar2":0,"max":1,"mean":1,"median":1,"min":1,"var":0},"silence_rate_30dB":{"dmean":0.00514721032232,"dmean2":0.0102954804897,"dvar":0.00512088648975,"dvar2":0.0138964978978,"max":1,"mean":0.996603190899,"median":1,"min":0,"var":0.0033851924818},"silence_rate_60dB":{"dmean":0.0368540249765,"dmean2":0.0737156420946,"dvar":0.0354998335242,"dvar2":0.0812528803945,"max":1,"mean":0.23221822083,"median":0,"min":0,"var":0.178312093019},"spectral_centroid":{"dmean":217.076431274,"dmean2":330.451751709,"dvar":102590.976562,"dvar2":196970.15625,"max":11332.4160156,"mean":974.581665039,"median":764.022521973,"min":178.830673218,"var":492494.9375},"spectral_complexity":{"dmean":2.41733574867,"dmean2":3.67445683479,"dvar":11.9329557419,"dvar2":24.3456516266,"max":45,"mean":10.5068454742,"median":8,"min":0,"var":67.0712280273},"spectral_contrast_coeffs":{"dmean":[0.0485945828259,0.0492332912982,0.0398351810873,0.0274755842984,0.021544251591,0.0194116067141],"dmean2":[0.0799231305718,0.0803947523236,0.0635318011045,0.0445733629167,0.0342872217298,0.0306776557118],"dvar":[0.00181281391997,0.00212420057505,0.00136606150772,0.000589586619753,0.000452299689641,0.000478802219732],"dvar2":[0.00467970455065,0.00531819323078,0.00319042941555,0.00143243104685,0.00098396174144,0.00102482608054],"max":[-0.294703781605,-0.363370835781,-0.416867494583,-0.562836229801,-0.544210791588,-0.545241355896],"mean":[-0.62966555357,-0.696555316448,-0.758877873421,-0.825419783592,-0.810375213623,-0.776674389839],"median":[-0.625775516033,-0.6994830966,-0.769374132156,-0.832391142845,-0.815812945366,-0.776881754398],"min":[-0.999673247337,-0.999745070934,-0.99442845583,-0.988246977329,-0.958503067493,-0.958329439163],"var":[0.00805552117527,0.00754780415446,0.00621029362082,0.00285202707164,0.00313911261037,0.0038668520283]},"spectral_contrast_valleys":{"dmean":[0.42651116848,0.393324226141,0.357707232237,0.304608762264,0.250955075026,0.191909879446],"dmean2":[0.684964239597,0.625267922878,0.56312417984,0.47562083602,0.386348485947,0.271463602781],"dvar":[0.150639712811,0.146977990866,0.127833247185,0.107247970998,0.0937721133232,0.0623726770282],"dvar2":[0.328740656376,0.322855651379,0.264581352472,0.212609007955,0.176410987973,0.0979352891445],"max":[-5.26206254959,-4.45732975006,-5.58372926712,-6.62278842926,-6.11341428757,-8.28095912933],"mean":[-7.80734586716,-7.20185279846,-8.3385848999,-9.07299804688,-8.49479579926,-10.4521827698],"median":[-7.70133924484,-7.08085155487,-8.3898935318,-9.13433074951,-8.48213386536,-10.6952562332],"min":[-27.0235233307,-27.0605831146,-27.3220710754,-27.4508800507,-27.3705368042,-27.2962303162],"var":[1.42307603359,1.54582321644,1.687915802,1.45131480694,1.53349125385,1.09026432037]},"spectral_decrease":{"dmean":2.13986961484e-9,"dmean2":3.39904260294e-9,"dvar":1.72838346745e-17,"dvar2":4.33912975874e-17,"max":1.05765393646e-15,"mean":-4.54590631804e-9,"median":-2.27073915227e-9,"min":-6.64699157937e-8,"var":3.12070098826e-17},"spectral_energy":{"dmean":0.00842514447868,"dmean2":0.0133587121964,"dvar":0.000267946626991,"dvar2":0.000670993584208,"max":0.260393232107,"mean":0.018318168819,"median":0.00921549461782,"min":1.06960035057e-20,"var":0.000498925743159},"spectral_energyband_high":{"dmean":0.000243310656515,"dmean2":0.000370085122995,"dvar":3.12240445055e-7,"dvar2":6.57358384615e-7,"max":0.00993263162673,"mean":0.000690089771524,"median":0.000115454306069,"min":7.64375389737e-21,"var":0.00000130305443236},"spectral_energyband_low":{"dmean":0.00250269751996,"dmean2":0.00410816026852,"dvar":0.0000330926050083,"dvar2":0.000084487037384,"max":0.0966483131051,"mean":0.00387048721313,"median":0.00115096895024,"min":1.14241132355e-22,"var":0.000043447533244},"spectral_energyband_middle_high":{"dmean":0.00077813497046,"dmean2":0.00115630601067,"dvar":0.00000420144078817,"dvar2":0.00000965272374742,"max":0.0701852962375,"mean":0.00160314957611,"median":0.000372008827981,"min":1.78673112575e-21,"var":0.00000820325021778},"spectral_energyband_middle_low":{"dmean":0.00701759476215,"dmean2":0.0113203451037,"dvar":0.000218878907617,"dvar2":0.000559369917028,"max":0.247034206986,"mean":0.0132250571623,"median":0.00608196249232,"min":3.90813253992e-22,"var":0.000321917614201},"spectral_entropy":{"dmean":0.197092488408,"dmean2":0.293633401394,"dvar":0.0479754805565,"dvar2":0.0930042713881,"max":9.79548358917,"mean":7.25515460968,"median":7.40319442749,"min":5.02618312836,"var":0.539412081242},"spectral_flux":{"dmean":0.0221604146063,"dmean2":0.034392926842,"dvar":0.00100227887742,"dvar2":0.00215606321581,"max":0.439990222454,"mean":0.0655839443207,"median":0.0455791167915,"min":1.03421486652e-10,"var":0.00390504719689},"spectral_kurtosis":{"dmean":1.2516938448,"dmean2":1.93918931484,"dvar":2.53824305534,"dvar2":5.61811971664,"max":27.8978443146,"mean":4.6857919693,"median":3.16971874237,"min":-1.14735722542,"var":17.2775344849},"spectral_rms":{"dmean":0.000754407141358,"dmean2":0.0011519814143,"dvar":0.00000125327471778,"dvar2":0.00000295252698379,"max":0.0159387011081,"mean":0.00354071217589,"median":0.0029984540306,"min":3.23034437741e-12,"var":0.00000533473030373},"spectral_rolloff":{"dmean":539.010253906,"dmean2":899.441955566,"dvar":1413970.125,"dvar2":3175194,"max":19143.0175781,"mean":1280.55664062,"median":581.396484375,"min":86.1328125,"var":3341195.5},"spectral_skewness":{"dmean":0.223967954516,"dmean2":0.335461378098,"dvar":0.0640183612704,"dvar2":0.12884131074,"max":4.63753604889,"mean":1.7151157856,"median":1.5322945118,"min":-0.26738011837,"var":0.591017842293},"spectral_spread":{"dmean":583702.9375,"dmean2":843539.8125,"dvar":482486878208,"dvar2":907521097728,"max":39904208,"mean":5838673.5,"median":5551300,"min":1939477.25,"var":3120590487550},"spectral_strongpeak":{"dmean":0.413181066513,"dmean2":0.666822254658,"dvar":0.548588216305,"dvar2":1.23448586464,"max":11.4069509506,"mean":0.782480239868,"median":0.42383942008,"min":0,"var":0.981746852398},"zerocrossingrate":{"dmean":0.0115099465474,"dmean2":0.013458927162,"dvar":0.000204889336601,"dvar2":0.000275908474578,"max":0.49951171875,"mean":0.0622886046767,"median":0.0498046875,"min":0.00732421875,"var":0.0020061400719}},"metadata":{"audio_properties":{"analysis_sample_rate":44100,"bit_rate":294227,"codec":"aac","downmix":"mix","equal_loudness":0,"length":225.558639526,"lossless":false,"md5_encoded":"506ec7b25be48fd9a7bf626bf519fa97","replay_gain":4.67260551453,"sample_rate":44100},"tags":{"album":["Bombs and Bullets"],"albumartistsort":["Rage Against the Machine"],"artist":["Rage Against the Machine"],"artistsort":["Rage Against the Machine"],"bpm":["0"],"catalognumber":["ak021"],"discnumber":["1/1"],"encodedby":["iTunes 10.6.3"],"file_name":"04 Darkness of Greed (demo).m4a","genre":["Crossover"],"label":["Alley Kat"],"language":["English"],"media":["CD"],"musicbrainz_albumartistid":["3798b104-01cb-484c-a3b0-56adc6399b80"],"musicbrainz_albumid":["a93ce79b-0826-424d-a2f7-cb48103dc6e3"],"musicbrainz_artistid":["3798b104-01cb-484c-a3b0-56adc6399b80"],"musicbrainz_recordingid":["6a080328-7f7c-46c8-99fc-098083433fa2"],"musicbrainz_releasegroupid":["55399028-fe94-48c7-867a-3ad4fae84569"],"script":["Latin"],"title":["Darkness of Greed (demo)"],"tracknumber":["4/16"]},"version":{"essentia":"2.1-beta2","essentia_build_sha":"c0e182ba78c2de26e491b7b7a4a2c98c1ed34208","essentia_git_sha":"v2.1_beta2-2-gbb40004","extractor":"music 1.0"}},"rhythm":{"beats_count":328,"beats_loudness":{"dmean":0.0108450045809,"dmean2":0.0192675404251,"dvar":0.000213202743907,"dvar2":0.000607774418313,"max":0.121425330639,"mean":0.0235863514245,"median":0.0201319325715,"min":0.0000160774943652,"var":0.000457697024103},"beats_loudness_band_ratio":{"dmean":[0.2712918818,0.194791734219,0.118419378996,0.0380918420851,0.043229393661,0.101424187422],"dmean2":[0.519639730453,0.337882936001,0.20211070776,0.0699481889606,0.0798293501139,0.19912275672],"dvar":[0.0388308428228,0.0190476123244,0.0176247991621,0.00277029513381,0.00267203198746,0.00885137915611],"dvar2":[0.125107243657,0.056570943445,0.0475037880242,0.00806106440723,0.007224178873,0.0268