{"lowlevel":{"average_loudness":0.92086237669,"barkbands":{"dmean":[0.000943597056903,0.0193259399384,0.00692499615252,0.00482745934278,0.00492269266397,0.0017346610548,0.000202996874577,0.000189940867131,0.000086269385065,0.0000441698939539,0.0000285973765131,0.000026212343073,0.0000216433945752,0.0000325259752572,0.0000636577096884,0.0000932472612476,0.000136117843795,0.0000903583058971,0.000133860317874,0.0000858111961861,0.0000947614535107,0.0000681933233864,0.0000662233651383,0.0000596993741055,0.000043884418119,0.0000312652664434,0.00000163260483532],"dmean2":[0.00136757490691,0.0325890295208,0.0122586255893,0.00768842641264,0.00808432884514,0.00283754547127,0.000343224965036,0.000291633186862,0.000140546340845,0.0000742883421481,0.0000474363805552,0.0000434783614764,0.0000352999377355,0.0000533505553904,0.0000996231246972,0.000148423278006,0.000214000756387,0.000145226207678,0.000214957050048,0.000139287134516,0.000149529747432,0.000108993554022,0.0000994092115434,0.0000888139402377,0.000061372636992,0.0000441550255346,0.00000259204512076],"dvar":[0.00000160148772466,0.000747136073187,0.000108495441964,0.0000356596392521,0.0000392104702769,0.0000107312735054,8.83566215748e-8,6.02784169246e-8,1.51187506958e-8,7.71510322295e-9,3.79627307368e-9,2.04751171573e-9,1.44909839683e-9,1.73439729245e-9,6.02712324493e-9,9.8110950475e-9,2.54071359507e-8,1.14994396228e-8,2.551660927e-8,1.61651669828e-8,1.66462310602e-8,1.29789832215e-8,1.5125058539e-8,1.22492922472e-8,7.27469506856e-9,7.76354980303e-9,2.82423112674e-11],"dvar2":[0.00000320835738421,0.00197860784829,0.000296671874821,0.0000915597629501,0.00011220430315,0.0000276098144241,2.28239144917e-7,1.40929017789e-7,3.89103114173e-8,2.0300580772e-8,9.60742063683e-9,5.50642731412e-9,3.82270748389e-9,4.52257742367e-9,1.42707961004e-8,2.4338145721e-8,5.35662820766e-8,2.98507671914e-8,6.4025719837e-8,4.22311714487e-8,4.27833128924e-8,3.24352456005e-8,3.64697534394e-8,2.84788299609e-8,1.45624703407e-8,1.54265009655e-8,7.11440420464e-11],"max":[0.010173253715,0.166516959667,0.0727902874351,0.0694937855005,0.075905315578,0.0431096889079,0.00346440542489,0.00372444209643,0.00253033312038,0.00121415418107,0.000914634554647,0.000477262190543,0.000472923507914,0.000486591045046,0.00109865702689,0.00194137869403,0.00535826105624,0.00187622522935,0.00248408317566,0.00172469730023,0.00159211421851,0.00155041157268,0.00199959380552,0.00193253485486,0.00153149338439,0.00175709812902,0.000101784047729],"mean":[0.00134766916744,0.0223181340843,0.00684419833124,0.00894128810614,0.00880956370384,0.0031494689174,0.000368551554857,0.000547556614038,0.000182985430001,0.00006905580085,0.0000421256263508,0.0000434980975115,0.0000361306701961,0.0000645978143439,0.000152930166223,0.00024673162261,0.000396540417569,0.000242683410761,0.0004137691285,0.000211170408875,0.000260746135609,0.000182479037903,0.000169022314367,0.000167831633007,0.000143103665323,0.0000702394900145,0.00000258848490375],"median":[0.000346460554283,0.01151387766,0.00366447493434,0.00577586982399,0.00664286408573,0.00182222551666,0.000190488208318,0.000242138863541,0.0000966354418779,0.0000335245822498,0.0000198496836674,0.000027487767511,0.0000232668971876,0.000049177891924,0.000113745249109,0.000210368947592,0.000309934956022,0.000211245089304,0.000367710075807,0.000124864309328,0.000180527626071,0.0000581946806051,0.0000322788764606,0.0000244430775638,0.0000116346009236,0.0000024273742838,4.15672545273e-8],"min":[2.43136302657e-23,9.55134719127e-24,8.20782635067e-24,9.9049406814e-24,4.18922090917e-23,1.9976585027e-23,5.89158179601e-23,3.66892864577e-23,3.93167076094e-23,1.76393059696e-22,6.81748046224e-23,4.0695674337e-23,2.06981437908e-22,6.47439475714e-23,1.37420604675e-22,1.0523655649e-22,1.60008974053e-22,3.43054958458e-22,3.49374352775e-22,2.34499670451e-22,4.94671424355e-22,3.91194936452e-22,7.18033211861e-22,1.04315442107e-21,1.56407807612e-21,1.69765047846e-21,2.42571663789e-21],"var":[0.00000346498904946,0.000796645996161,0.0000919074082049,0.000102392405097,0.0000680186931277,0.0000184053169505,2.24811628868e-7,4.3147025508e-7,6.64479600232e-8,1.11054392349e-8,5.23580245826e-9,3.05761127528e-9,2.1434063413e-9,3.23488302811e-9,1.91830089591e-8,3.57975125098e-8,2.28488303833e-7,3.12233545685e-8,7.81262343708e-8,5.3584468418e-8,5.59232482544e-8,5.59496911023e-8,5.87592623447e-8,6.30984331451e-8,5.32890389593e-8,2.32978560888e-8,4.32274320505e-11]},"barkbands_crest":{"dmean":3.27739691734,"dmean2":5.40385484695,"dvar":9.2836856842,"dvar2":24.1002216339,"max":24.437702179,"mean":11.9237976074,"median":11.1529312134,"min":3.53813314438,"var":15.8720235825},"barkbands_flatness_db":{"dmean":0.0303437709808,"dmean2":0.0478175543249,"dvar":0.000780563103035,"dvar2":0.00186412641779,"max":0.397261172533,"mean":0.186862006783,"median":0.190514802933,"min":0.0367323756218,"var":0.00439189421013},"barkbands_kurtosis":{"dmean":8.71023750305,"dmean2":14.3186168671,"dvar":122.901000977,"dvar2":323.004516602,"max":100.232475281,"mean":14.7636041641,"median":10.4836139679,"min":-1.63272166252,"var":199.155303955},"barkbands_skewness":{"dmean":0.903968930244,"dmean2":1.45095801353,"dvar":0.888564705849,"dvar2":2.27622652054,"max":9.50051879883,"mean":3.26300907135,"median":3.14405250549,"min":-2.10942816734,"var":2.05908370018},"barkbands_spread":{"dmean":6.1379981041,"dmean2":9.63781642914,"dvar":51.9313659668,"dvar2":119.743278503,"max":84.5333328247,"mean":18.0823097229,"median":13.3022584915,"min":1.45265901089,"var":203.060943604},"dissonance":{"dmean":0.0092019950971,"dmean2":0.0155399795622,"dvar":0.0000757114758017,"dvar2":0.000199387024622,"max":0.5,"mean":0.472934961319,"median":0.47508597374,"min":0.328054457903,"var":0.000218487926759},"dynamic_complexity":3.54320073128,"erbbands":{"dmean":[0.56771582365,4.65801715851,9.20782852173,9.17408657074,23.8058223724,11.5376443863,14.3188352585,12.9350671768,3.5853703022,4.62670564651,2.26162934303,2.25551509857,1.18293106556,1.33561038971,1.08482766151,1.07477450371,0.936416983604,1.41877520084,2.57731771469,3.3206551075,5.49507427216,7.10031461716,4.87320947647,5.64233398438,6.44131851196,3.85223579407,3.47903847694,4.27978801727,2.68137168884,1.9853758812,1.96366071701,1.31482100487,1.06996965408,0.545328557491,0.329097181559,0.172029718757,0.0521137453616,0.00724904192612,0.000168003185536,0.0000319933133142],"dmean2":[0.915532171726,8.14757537842,16.3042926788,15.3020305634,37.9991264343,19.4820709229,23.425617218,20.8069400787,6.10758924484,7.01761817932,3.64992260933,3.6384832859,1.98686993122,2.16522479057,1.81280136108,1.78628873825,1.53408837318,2.31856846809,4.03468132019,5.3474316597,8.70982456207,11.1826152802,7.77509498596,9.12194156647,10.3723068237,6.29970741272,5.62348842621,6.77389907837,4.35305976868,3.03769659996,3.06634998322,2.00666761398,1.59959948063,0.773709475994,0.479444801807,0.241790637374,0.0742558389902,0.010873163119,0.000252816127613,0.0000522976115462],"dvar":[0.65163064003,45.916431427,200.354125977,134.105987549,906.105285645,261.760009766,703.984436035,432.659820557,29.1348896027,31.8651752472,10.5150814056,10.7609481812,4.08691167831,6.98078918457,4.70064115524,3.63955545425,2.96185541153,3.7094745636,11.3479528427,14.4272422791,37.378238678,87.269317627,29.2313938141,50.7558479309,52.7428512573,37.7794685364,27.7191352844,33.5950279236,21.363779068,12.2143421173,14.8398704529,5.80016136169,4.37576293945,0.983936369419,0.523744881153,0.223142102361,0.0190922468901,0.000525948416907,2.54825238244e-7,1.35172306681e-9],"dvar2":[1.63805735111,124.077697754,548.895446777,353.098175049,2401.5065918,720.612976074,1698.68518066,1121.12585449,75.2826538086,72.6095046997,26.7109241486,27.4658031464,10.9756717682,17.2772579193,11.9303894043,9.48082447052,7.6481180191,9.47361469269,25.4585723877,36.7839622498,92.3805389404,172.061477661,75.2688217163,130.024993896,133.327392578,99.0984954834,73.7508773804,84.5678634644,54.2710494995,28.8673496246,35.7223701477,13.1611118317,10.7918310165,1.94406676292,1.12629055977,0.443099349737,0.0374001786113,0.00115977739915,5.66343260289e-7,3.56083651454e-9],"max":[5.44430780411,40.7621269226,101.573043823,161.687042236,439.779937744,188.288482666,340.949584961,316.626617432,51.9248123169,103.252876282,42.246673584,74.3658828735,28.3561325073,32.2991828918,32.2546157837,20.4730854034,23.5823993683,23.0103416443,50.3965377808,62.6139183044,111.540130615,378.29800415,76.0740127563,127.556465149,96.1377029419,86.1046447754,74.8513793945,85.4120864868,59.0448036194,57.7023544312,65.7848358154,37.4430770874,46.5894622803,20.5491485596,14.5116319656,9.8102722168,2.53344583511,0.355350017548,0.00796934403479,0.000334743206622],"mean":[0.671759128571,4.74148511887,9.44609928131,15.7712602615,43.6334915161,19.6338043213,23.2633705139,25.5899124146,7.01788473129,11.582452774,6.3914732933,4.91437387466,2.30426979065,2.2173781395,1.73985719681,1.81448161602,1.70882248878,2.99287986755,6.53835201263,8.74846172333,16.3283538818,22.2877006531,14.7447347641,16.5901699066,19.5963001251,9.9554271698,9.0328502655,11.3435325623,7.06740760803,5.45852231979,4.8427195549,3.40967488289,2.92329454422,1.74593663216,0.921120405197,0.404938995838,0.11418518424,0.0146577982232,0.00036162615288,0.0000757503730711],"median":[0.214198842645,2.43823432922,5.28228664398,11.30950737,26.8249778748,13.6759319305,11.2166633606,15.4804458618,4.91656494141,7.64689254761,3.58076715469,2.48394441605,1.38993549347,1.13778328896,0.960646748543,1.09753060341,1.11228561401,2.24397945404,4.72220230103,7.64512443542,13.9228687286,16.9469032288,13.004945755,14.1602745056,16.6353530884,5.80189609528,4.43864583969,8.03674125671,2.60227870941,1.21142613888,0.952314138412,0.603962182999,0.34699267149,0.175290584564,0.0589495673776,0.0165147297084,0.00331184593961,0.000340735627105,0.0000497470427945,0.0000649555586278],"min":[3.15334537709e-22,2.3969036511e-21,6.75553236393e-21,1.99288004403e-20,1.24401269135e-19,1.04352957252e-19,1.53868130891e-19,1.6159602699e-19,7.24304211469e-19,6.17823887853e-19,9.49310211081e-19,8.00216023849e-19,4.64446156158e-18,4.05214813061e-18,2.74660255917e-18,2.46582974872e-18,9.06364048333e-18,4.82443248822e-18,5.23710296966e-18,7.88902912425e-18,4.9093553994e-18,9.01706938766e-18,1.9335917573e-17,1.78566373964e-17,1.46539810074e-17,1.15223802602e-17,2.0230680496e-17,1.66665577599e-17,1.50311323533e-17,1.53608399281e-17,2.13450995763e-17,2.17179214589e-17,1.66732182182e-17,1.5341421036e-17,1.25784988237e-17,7.08081989905e-18,2.94189328435e-18,1.18950577998e-18,3.29131184928e-19,3.83978274323e-20],"var":[0.853231549263,40.6738586426,164.074508667,237.00402832,2606.66186523,406.166046143,1255.46398926,926.217224121,50.939453125,142.286560059,44.0561447144,50.0717544556,7.77536153793,10.818655014,6.74703121185,5.61979484558,4.50301170349,7.02769851685,39.0692024231,38.2604179382,137.957977295,1028.88500977,94.5038604736,142.278396606,186.413925171,120.576057434,99.8674316406,108.071266174,79.3414840698,57.6776390076,49.8731613159,24.5871238708,21.6263484955,7.67866945267,2.57748055458,0.728156745434,0.0585461296141,0.00113232794683,5.67103086269e-7,2.52760545827e-9]},"erbbands_crest":{"dmean":2.03817343712,"dmean2":3.22156500816,"dvar":3.83564925194,"dvar2":8.85406303406,"max":30.2131881714,"mean":7.84382677078,"median":6.66145944595,"min":2.50048089027,"var":18.162902832},"erbbands_flatness_db":{"dmean":0.0116878151894,"dmean2":0.0173102263361,"dvar":0.000142408258398,"dvar2":0.000279838190181,"max":0.432519823313,"mean":0.135166972876,"median":0.129024550319,"min":0.0519265681505,"var":0.00269340933301},"erbbands_kurtosis":{"dmean":0.474402576685,"dmean2":0.749949276447,"dvar":0.835006356239,"dvar2":1.76711118221,"max":19.2513370514,"mean":-0.91670358181,"median":-1.35326814651,"min":-1.79888164997,"var":2.05064153671},"erbbands_skewness":{"dmean":0.323826819658,"dmean2":0.505959749222,"dvar":0.0903993323445,"dvar2":0.216655477881,"max":4.23560142517,"mean":0.201401770115,"median":0.147345840931,"min":-1.83713757992,"var":0.471277624369},"erbbands_spread":{"dmean":9.00586509705,"dmean2":14.7287330627,"dvar":82.6945800781,"dvar2":210.337844849,"max":145.15045166,"mean":76.1201324463,"median":73.3037109375,"min":5.74212598801,"var":400.098480225},"gfcc":{"cov":[[17223.8085938,194.974975586,314.542602539,635.331115723,-523.530212402,154.041397095,-519.035461426,-6.08986997604,-62.0004615784,186.68145752,206.923049927,165.798492432,107.166183472],[194.974975586,1637.5612793,-635.065124512,208.508331299,263.033630371,-378.774047852,177.386199951,-211.675735474,327.702728271,-167.726013184,163.791732788,-348.453735352,94.8532485962],[314.542602539,-635.065124512,974.717285156,17.6091041565,-25.6398468018,383.164794922,-84.5359420776,156.93522644,-156.377197266,183.034927368,37.4258537292,252.640899658,-64.8735656738],[635.331115723,208.508331299,17.6091041565,165.470901489,79.6617355347,11.4056119919,47.1121177673,6.49329090118,75.6465988159,-2.90511465073,45.5005111694,-41.4201278687,32.0704917908],[-523.530212402,263.033630371,-25.6398468018,79.6617355347,179.392959595,-17.7870731354,101.273002625,-0.715424895287,80.1299057007,-12.8370504379,24.1446704865,-55.283744812,22.6338443756],[154.041397095,-378.774047852,383.164794922,11.4056119919,-17.7870731354,282.140838623,8.55643463135,118.29410553,-67.0883865356,86.9409103394,27.7055511475,157.939804077,10.6831512451],[-519.035461426,177.386199951,-84.5359420776,47.1121177673,101.273002625,8.55643463135,128.976959229,33.292552948,80.8813552856,-16.2387561798,25.4363880157,-26.7540550232,44.1590652466],[-6.08986997604,-211.675735474,156.93522644,6.49329090118,-0.715424895287,118.29410553,33.292552948,128.202346802,8.38036155701,66.8356628418,4.54679250717,85.1850280762,13.8993968964],[-62.0004615784,327.702728271,-156.377197266,75.6465988159,80.1299057007,-67.0883865356,80.8813552856,8.38036155701,146.124557495,-5.15340662003,49.0718269348,-77.9841003418,34.4318885803],[186.68145752,-167.726013184,183.034927368,-2.90511465073,-12.8370504379,86.9409103394,-16.2387561798,66.8356628418,-5.15340662003,106.694664001,29.6709270477,72.2660140991,-13.7119159698],[206.923049927,163.791732788,37.4258537292,45.5005111694,24.1446704865,27.7055511475,25.4363880157,4.54679250717,49.0718269348,29.6709270477,87.4039382935,17.0007553101,29.7971935272],[165.798492432,-348.453735352,252.640899658,-41.4201278687,-55.283744812,157.939804077,-26.7540550232,85.1850280762,-77.9841003418,72.2660140991,17.0007553101,174.012878418,27.1702613831],[107.166183472,94.8532485962,-64.8735656738,32.0704917908,22.6338443756,10.6831512451,44.1590652466,13.8993968964,34.4318885803,-13.7119159698,29.7971935272,27.1702613831,80.4561843872]],"icov":[[0.000130551881739,-0.000224917879677,0.000146576101542,-0.000917132478207,0.0005267757806,-0.00015082587197,0.000577314174734,-0.000111190376629,0.000217471300857,-0.000376455427613,0.000345827953424,-0.000334841373842,-0.0000230117657338],[-0.000224917879677,0.00410835631192,-0.000625512038823,0.00208279374056,-0.0030591096729,0.002391025424,-0.000622285238933,0.000909707858227,-0.00184234557673,0.00331462919712,-0.00797290261835,0.00514176907018,-0.00258127646521],[0.000146576101542,-0.000625512038823,0.00445483298972,-0.00278338603675,-0.00200243876316,-0.00354381115176,0.00370969134383,-0.00139828585088,0.00207504699938,-0.00131980981678,-0.000593538978137,-0.00391844799742,0.00491318665445],[-0.000917132478207,0.00208279374056,-0.00278338603675,0.0190682187676,-0.0074278106913,-0.00131634762511,0.000642802042421,-0.00177843414713,-0.00434848805889,0.00453021936119,-0.00683742482215,0.0114471521229,-0.00756056979299],[0.0005267757806,-0.0030591096729,-0.00200243876316,-0.0074278106913,0.0187060367316,0.000502828625031,-0.0119188567623,0.00556120881811,-0.00044262301526,-0.00633538793772,0.00971407536417,-0.00324674323201,0.00111143372487],[-0.00015082587197,0.002391025424,-0.00354381115176,-0.00131634762511,0.000502828625031,0.015924308449,-0.00720832077786,-0.00515244388953,0.00572103587911,0.00180325377733,-0.00802071020007,-0.000294130091788,-0.00143139739521],[0.000577314174734,-0.000622285238933,0.00370969134383,0.000642802042421,-0.0119188567623,-0.00720832077786,0.0332486517727,-0.0123613215983,-0.0044782855548,0.00688905129209,-0.00413821171969,0.00329993059859,-0.00559471175075],[-0.000111190376629,0.000909707858227,-0.00139828585088,-0.00177843414713,0.00556120881811,-0.00515244388953,-0.0123613215983,0.0343802571297,-0.0184025913477,-0.00936273112893,0.0172231476754,-0.0153747396544,0.00371521664783],[0.000217471300857,-0.00184234557673,0.00207504699938,-0.00434848805889,-0.00044262301526,0.00572103587911,-0.0044782855548,-0.0184025913477,0.0384580343962,-0.00866116117686,-0.014468986541,0.0186272673309,-0.00857552886009],[-0.000376455427613,0.00331462919712,-0.00131980981678,0.00453021936119,-0.00633538793772,0.00180325377733,0.00688905129209,-0.00936273112893,-0.00866116117686,0.0302069410682,-0.0150664625689,-0.00437829457223,0.00901605840772],[0.000345827953424,-0.00797290261835,-0.000593538978137,-0.00683742482215,0.00971407536417,-0.00802071020007,-0.00413821171969,0.0172231476754,-0.014468986541,-0.0150664625689,0.0460069961846,-0.020866278559,0.00244610500522],[-0.000334841373842,0.00514176907018,-0.00391844799742,0.0114471521229,-0.00324674323201,-0.000294130091788,0.00329993059859,-0.0153747396544,0.0186272673309,-0.00437829457223,-0.020866278559,0.0487782396376,-0.0290034990758],[-0.0000230117657338,-0.00258127646521,0.00491318665445,-0.00756056979299,0.00111143372487,-0.00143139739521,-0.00559471175075,0.00371521664783,-0.00857552886009,0.00901605840772,0.00244610500522,-0.0290034990758,0.0388797223568]],"mean":[-16.4621772766,90.1918487549,-87.2585983276,79.6911315918,-46.0558547974,-1.74068915844,-45.3845710754,9.33878326416,-19.2649288177,-0.336750268936,-18.8236732483,-3.30338001251,-7.23132181168]},"hfc":{"dmean":4.58359336853,"dmean2":6.93482494354,"dvar":26.5155754089,"dvar2":57.3871688843,"max":79.9020843506,"mean":19.8418807983,"median":15.6885070801,"min":1.24600161198e-16,"var":164.656967163},"melbands":{"dmean":[0.00501077389345,0.00524802645668,0.00211194995791,0.00125134258997,0.000468103040475,0.000288644747343,0.0000512685110152,0.0000515357460245,0.0000157893900905,0.000014558078874,0.00000611190262134,0.00000586706892136,0.00000395296319766,0.00000262475487034,0.00000299896714751,0.00000212404302147,0.00000303247611555,0.00000386191413781,0.00000484766997033,0.00000575399963054,0.00000726954840502,0.00000850008291309,0.00000579274592383,0.00000483502617499,0.00000519005880051,0.00000598386577622,0.0000034444992707,0.00000309238430418,0.00000238028837884,0.00000261203149421,0.00000251326264333,0.00000172353975358,0.00000134131244067,0.00000117512229281,0.00000123748225178,0.0000010713596339,7.76013223458e-7,8.68022652867e-7,5.92880326167e-7,4.86157318846e-7],"dmean2":[0.00833347253501,0.0092478049919,0.00338896783069,0.00204376270995,0.000758852460422,0.000466347002657,0.000087636813987,0.0000781805138104,0.0000256981529674,0.0000234551644098,0.0000103108795884,0.00000960873603617,0.00000655363101032,0.00000442930013378,0.00000506964170199,0.00000348622484125,0.0000049572286116,0.00000603805392529,0.00000761894762036,0.00000937563254411,0.00001158285977,0.0000135515374495,0.00000914953488973,0.00000780995651439,0.00000843453290145,0.00000960251963988,0.0000056389258134,0.00000510993913849,0.00000385344674214,0.00000413778980146,0.00000404175534641,0.00000283916961052,0.00000215578552343,0.00000178067932666,0.00000196646828954,0.00000168244093857,0.00000119090873341,0.0000013265743064,8.8386252628e-7,7.13437430022e-7],"dvar":[0.0000512451588293,0.0000624302192591,0.00000613970405539,0.00000263351375906,5.87393117257e-7,2.37740565012e-7,5.7688116506e-9,3.76284248205e-9,5.3686632917e-10,4.53710902182e-10,1.13506037902e-10,1.35695801817e-10,7.07412114997e-11,2.27596518021e-11,3.17155503249e-11,1.23322758255e-11,1.60111784941e-11,2.25188045294e-11,3.32640130718e-11,3.9377386768e-11,7.09774808372e-11,1.26285468194e-10,4.17664305918e-11,3.4118343567e-11,4.46461166648e-11,4.69979090367e-11,1.72463987536e-11,3.03547742497e-11,1.6239797701e-11,1.15580366458e-11,1.23619265865e-11,9.66820460496e-12,5.10930230416e-12,4.41438031962e-12,5.87788845374e-12,4.10152510913e-12,1.96914641711e-12,3.01586576892e-12,1.15111099906e-12,8.32278039889e-13],"dvar2":[0.000131939799758,0.000169862396433,0.0000159029605129,0.00000756326289775,0.00000139388828302,6.17942134795e-7,1.50394203757e-8,8.56314485986e-9,1.36969113829e-9,1.15704279491e-9,3.07370545682e-10,3.4318237141e-10,1.79247269805e-10,6.13134543137e-11,8.62906829324e-11,3.17209591927e-11,4.14227298295e-11,5.15937050027e-11,8.00916902244e-11,1.04286433655e-10,1.73476122356e-10,2.5051691277e-10,9.99753196895e-11,8.82613981901e-11,1.16533185879e-10,1.17198875604e-10,4.62347382602e-11,8.16402570547e-11,4.49966314209e-11,2.98480545835e-11,3.17833467878e-11,2.58554844201e-11,1.28289731269e-11,1.09937510484e-11,1.44932971874e-11,1.00281553894e-11,4.52253989466e-12,7.70796013821e-12,2.65968800803e-12,1.80318076009e-12],"max":[0.0483207441866,0.0565596409142,0.0279604624957,0.0202279817313,0.00957424752414,0.00670874491334,0.00073087279452,0.000989621388726,0.000295597303193,0.000479534646729,0.000153143599164,0.000140616233693,0.000140315663884,0.0000568769246456,0.0000727854057914,0.0000441127376689,0.0000493184161314,0.000068151508458,0.0000722912373021,0.0000827778712846,0.000179733426194,0.000457535410533,0.000106975123344,0.000103502177808,0.000124412952573,0.0000929924863158,0.0000460120500065,0.0000788808320067,0.0000538288404641,0.0000421460317739,0.0000459067923657,0.0000428706225648,0.0000288332284981,0.0000304850782413,0.000035986504372,0.0000333488133037,0.0000194231597561,0.0000356439595635,0.0000194042331714,0.0000185296321433],"mean":[0.00604905281216,0.00555296940729,0.00408734427765,0.00225759018213,0.000796748150606,0.000558344123419,0.0000974132417468,0.000137520051794,0.0000419687276008,0.0000307436057483,0.000010991480849,0.0000093703292805,0.0000059183630583,0.00000438853930973,0.00000464888444185,0.00000360291414836,0.00000591425350649,0.00000946959153225,0.0000112879388325,0.0000141918644658,0.0000196339351533,0.0000247260286415,0.0000153515975398,0.0000119950054795,0.0000133679841383,0.0000167493108165,0.00000900922259461,0.00000647332763037,0.00000538877975487,0.00000645027193968,0.00000623399546384,0.00000397610210712,0.00000328244300363,0.00000292042773253,0.0000027921983019,0.0000024556891276,0.0000019226420136,0.00000217010369852,0.00000164925393165,0.00000141801660902],"median":[0.00265408307314,0.00318669341505,0.00279219821095,0.00164964457508,0.000430518819485,0.00033866186277,0.0000678241704009,0.0000820894929348,0.0000246501367656,0.0000149423103721,0.00000639627569399,0.00000466445089842,0.00000292371350952,0.00000263654919763,0.0000029079324122,0.0000023390584829,0.00000437174549006,0.00000696769620845,0.00000913703479455,0.0000116146848086,0.00001645636803,0.0000179415674211,0.000012737189536,0.0000101461882878,0.0000110400496851,0.0000146174934343,0.00000744840690459,0.00000294996880257,0.00000197359076992,0.00000449450908491,0.00000424540576205,0.00000141983241519,9.23104607864e-7,5.88955060721e-7,5.54683651899e-7,4.45191318477e-7,3.37100630077e-7,2.51014995456e-7,1.94380874063e-7,1.30960273736e-7],"min":[4.68178060968e-24,3.70721593091e-24,6.56958352601e-24,9.72626131978e-24,4.79458022495e-24,3.71469748774e-24,1.20440009236e-23,7.48540646633e-24,7.07518617384e-24,5.94305639002e-24,2.31382638045e-23,1.62263576385e-23,9.81604946802e-24,3.73153375161e-24,1.26847902704e-23,2.09086304974e-23,7.60493940386e-24,6.98681639752e-24,1.19398846948e-23,8.59208838622e-24,5.26855783352e-24,7.53483649065e-24,1.66163815141e-23,1.66673671721e-23,1.44929383512e-23,1.25159803475e-23,9.10307303757e-24,6.99285276117e-24,1.22359378816e-23,1.08337273674e-23,9.54359111085e-24,9.29215826339e-24,6.40021469523e-24,1.00677024077e-23,1.21958882023e-23,1.36606285651e-23,1.2981065916e-23,1.07613083586e-23,1.36912978993e-23,1.21707976924e-23],"var":[0.0000606692410656,0.0000525052455487,0.0000173377084138,0.00000497996643389,0.00000115021794045,4.62122955014e-7,1.01937294161e-8,2.03701713275e-8,1.86402404623e-9,2.2364974317e-9,1.91766685864e-10,2.02083294543e-10,9.61153656664e-11,3.43573190731e-11,4.02504453378e-11,1.92144338634e-11,3.01716915341e-11,7.77350336878e-11,8.97428450997e-11,1.18281884287e-10,2.38370490013e-10,1.50772561103e-9,1.47656692429e-10,8.86139009393e-11,1.14024595321e-10,1.3589916692e-10,4.60452752316e-11,8.14368850133e-11,4.99109503727e-11,3.42078275428e-11,3.56820961667e-11,2.8478322131e-11,1.94887907895e-11,1.77480131286e-11,1.70453720583e-11,1.35427641323e-11,7.93592361964e-12,1.24474233004e-11,6.64576249934e-12,5.35895893633e-12]},"melbands_crest":{"dmean":3.90929341316,"dmean2":6.33637237549,"dvar":11.0773801804,"dvar2":28.7311325073,"max":32.5558700562,"mean":17.2435112,"median":16.5579204559,"min":2.25520586967,"var":25.050069809},"melbands_flatness_db":{"dmean":0.0354602262378,"dmean2":0.0555596463382,"dvar":0.00108982878737,"dvar2":0.00259090750478,"max":0.487424969673,"mean":0.266701996326,"median":0.270261466503,"min":0.00708931032568,"var":0.00468347780406},"melbands_kurtosis":{"dmean":28.1068496704,"dmean2":46.1100006104,"dvar":1205.07495117,"dvar2":3134.96948242,"max":475.999633789,"mean":56.8115577698,"median":44.3089675903,"min":-1.31134068966,"var":1784.56616211},"melbands_skewness":{"dmean":1.38118040562,"dmean2":2.22849106789,"dvar":2.00867581367,"dvar2":5.2421875,"max":17.482011795,"mean":5.9765958786,"median":5.67581558228,"min":-1.38376843929,"var":4.15596389771},"melbands_spread":{"dmean":4.20594787598,"dmean2":6.73049926758,"dvar":36.1566581726,"dvar2":84.3802108765,"max":141.447494507,"mean":10.597571373,"median":7.83938121796,"min":1.04688036442,"var":95.915512085},"mfcc":{"cov":[[12977.9365234,779.881286621,596.376220703,561.288757324,128.111022949,-115.517745972,-255.689163208,-86.5755233765,-145.320465088,22.3808441162,-102.433547974,88.4563751221,176.555801392],[779.881286621,1198.25146484,-418.567810059,391.832824707,42.2872619629,-28.5011348724,-111.501945496,-54.6842536926,43.5262184143,44.3490219116,102.827560425,8.9926109314,-12.2272796631],[596.376220703,-418.567810059,833.089172363,-135.797683716,196.332336426,185.819412231,206.453552246,153.270767212,-39.6885910034,108.399139404,-49.9138870239,105.842437744,142.627655029],[561.288757324,391.832824707,-135.797683716,269.358612061,56.1513366699,1.66798770428,-31.1042442322,-4.26343107224,64.1003952026,33.3191070557,63.6933059692,0.635709047318,-13.6952695847],[128.111022949,42.2872619629,196.332336426,56.1513366699,131.341217041,93.2883377075,76.5413284302,60.4220085144,24.6743278503,67.109336853,20.0126609802,44.8905525208,52.9138145447],[-115.517745972,-28.5011348724,185.819412231,1.66798770428,93.2883377075,129.988220215,107.879554749,76.5409545898,21.5599956512,57.088558197,10.2735357285,42.7532958984,44.0614356995],[-255.689163208,-111.501945496,206.453552246,-31.1042442322,76.5413284302,107.879554749,141.643356323,99.190071106,31.6644592285,49.8512115479,4.90142059326,40.8686408997,41.9027671814],[-86.5755233765,-54.6842536926,153.270767212,-4.26343107224,60.4220085144,76.5409545898,99.190071106,121.064453125,51.3907012939,49.5189552307,9.26953315735,35.9662322998,27.6471061707],[-145.320465088,43.5262184143,-39.6885910034,64.1003952026,24.6743278503,21.5599956512,31.6644592285,51.3907012939,91.3590927124,47.0373344421,42.3437271118,10.4632167816,-2.41317296028],[22.3808441162,44.3490219116,108.399139404,33.3191070557,67.109336853,57.088558197,49.8512115479,49.5189552307,47.0373344421,99.8977279663,51.0321998596,42.5541267395,38.3111152649],[-102.433547974,102.827560425,-49.9138870239,63.6933059692,20.0126609802,10.2735357285,4.90142059326,9.26953315735,42.3437271118,51.0321998596,77.3510818481,25.162519455,2.96851992607],[88.4563751221,8.9926109314,105.842437744,0.635709047318,44.8905525208,42.7532958984,40.8686408997,35.9662322998,10.4632167816,42.5541267395,25.162519455,64.9949188232,48.4081001282],[176.555801392,-12.2272796631,142.627655029,-13.6952695847,52.9138145447,44.0614356995,41.9027671814,27.6471061707,-2.41317296028,38.3111152649,2.96851992607,48.4081001282,83.1028213501]],"icov":[[0.000127676859847,-0.0000124368561956,-0.000269753247267,-0.000554585829377,0.000405979517382,0.0000705486891093,0.000420620257501,-0.000136091271997,0.000185912183952,-0.000135177659104,0.000400803779485,-0.000191485713003,-0.000199283298571],[-0.0000124368561956,0.00242233858444,0.00180675217416,-0.00330033455975,-0.000313618540531,-0.000367721659131,0.000654643343296,-0.00162696500774,0.0037633983884,-0.00251384871081,0.000859892752487,-0.000913683441468,-0.000886415538844],[-0.000269753247267,0.00180675217416,0.00620424048975,0.0000124016960399,-0.00547712016851,0.00137034873478,-0.00293573504314,-0.00308440742083,0.00660732854158,-0.00542113836855,0.00358604942448,-0.00173498643562,-0.000966338615399],[-0.000554585829377,-0.00330033455975,0.0000124016960399,0.0152129661292,-0.00976044405252,0.0000510770041728,0.00138235429768,0.00275027751923,-0.00996635295451,0.00682695070282,-0.00694079743698,0.00314486166462,0.00273344130255],[0.000405979517382,-0.000313618540531,-0.00547712016851,-0.00976044405252,0.0316161252558,-0.0117708034813,0.00111810863018,0.000596383062657,0.000363661762094,-0.00538501981646,0.00228324253112,-0.0000842939625727,-0.0053083752282],[0.0000705486891093,-0.000367721659131,0.00137034873478,0.0000510770041728,-0.0117708034813,0.031200800091,-0.0183270834386,-0.000344005326042,0.00486865825951,-0.00550308031961,0.0033824890852,-0.00297353765927,0.00204963632859],[0.000420620257501,0.000654643343296,-0.00293573504314,0.00138235429768,0.00111810863018,-0.0183270834386,0.035430226475,-0.0136961629614,-0.00377291883342,0.00538944872096,-0.00369206350297,0.00160122208763,-0.00322917359881],[-0.000136091271997,-0.00162696500774,-0.00308440742083,0.00275027751923,0.000596383062657,-0.000344005326042,-0.0136961629614,0.029622875154,-0.016875769943,0.0010947289411,0.00539726857096,-0.00660355295986,0.00530934892595],[0.000185912183952,0.0037633983884,0.00660732854158,-0.00996635295451,0.000363661762094,0.00486865825951,-0.00377291883342,-0.016875769943,0.0374126508832,-0.0157529450953,-0.00169550522696,0.00274325744249,-0.00130867864937],[-0.000135177659104,-0.00251384871081,-0.00542113836855,0.00682695070282,-0.00538501981646,-0.00550308031961,0.00538944872096,0.0010947289411,-0.0157529450953,0.0370303504169,-0.0206894539297,0.00230657518841,-0.00452188868076],[0.000400803779485,0.000859892752487,0.00358604942448,-0.00694079743698,0.00228324253112,0.0033824890852,-0.00369206350297,0.00539726857096,-0.00169550522696,-0.0206894539297,0.0388382598758,-0.017326336354,0.00698950700462],[-0.000191485713003,-0.000913683441468,-0.00173498643562,0.00314486166462,-0.0000842939625727,-0.00297353765927,0.00160122208763,-0.00660355295986,0.00274325744249,0.00230657518841,-0.017326336354,0.0409802384675,-0.017447957769],[-0.000199283298571,-0.000886415538844,-0.000966338615399,0.00273344130255,-0.0053083752282,0.00204963632859,-0.00322917359881,0.00530934892595,-0.00130867864937,-0.00452188868076,0.00698950700462,-0.017447957769,0.0285509228706]],"mean":[-658.60144043,101.480949402,22.8373775482,68.6433334351,23.7704124451,3.06301093102,-6.79814052582,0.359852790833,3.3378534317,-1.70007026196,-1.24683272839,-3.60486292839,-4.00938892365]},"pitch_salience":{"dmean":0.096000187099,"dmean2":0.156424492598,"dvar":0.00717955781147,"dvar2":0.0188174303621,"max":0.852635204792,"mean":0.528232991695,"median":0.541745245457,"min":0.124286256731,"var":0.0181894917041},"silence_rate_20dB":{"dmean":0,"dmean2":0,"dvar":0,"dvar2":0,"max":1,"mean":1,"median":1,"min":1,"var":0},"silence_rate_30dB":{"dmean":0.134902670979,"dmean2":0.269927531481,"dvar":0.116705574095,"dvar2":0.303960233927,"max":1,"mean":0.903167426586,"median":1,"min":0,"var":0.0874589458108},"silence_rate_60dB":{"dmean":0.00271616107784,"dmean2":0.00543478270993,"dvar":0.00270856381394,"dvar2":0.0054052718915,"max":1,"mean":0.0583710409701,"median":0,"min":0,"var":0.0549632608891},"spectral_centroid":{"dmean":261.771209717,"dmean2":412.79586792,"dvar":84150.59375,"dvar2":168298.59375,"max":10652.1220703,"mean":1144.33190918,"median":1042.98632813,"min":200.223907471,"var":343459.125},"spectral_complexity":{"dmean":3.08646440506,"dmean2":4.78260850906,"dvar":11.4895343781,"dvar2":23.8911571503,"max":47,"mean":15.8280544281,"median":15,"min":0,"var":64.184425354},"spectral_contrast_coeffs":{"dmean":[0.0551716126502,0.0488853864372,0.0325507633388,0.0279847159982,0.0200144480914,0.015931814909],"dmean2":[0.0907047688961,0.0813589543104,0.0534834340215,0.0461699739099,0.0330314300954,0.025431510061],"dvar":[0.0019988308195,0.00159534416161,0.000651050475426,0.000522974529304,0.000297123362543,0.000200338283321],"dvar2":[0.00541969854385,0.00435125967488,0.0018202601932,0.00131387240253,0.000734106521122,0.000458731432445],"max":[-0.178212851286,-0.376222133636,-0.524398326874,-0.543717622757,-0.530323684216,-0.552968263626],"mean":[-0.619346380234,-0.6722894907,-0.805382609367,-0.782176375389,-0.77999818325,-0.744069039822],"median":[-0.633194208145,-0.677477061749,-0.819190979004,-0.796376466751,-0.791836619377,-0.752719044685],"min":[-0.948075652122,-0.960202932358,-0.960636019707,-0.954147934914,-0.956443369389,-0.959054529667],"var":[0.0138384010643,0.00980170816183,0.00441129179671,0.00478152092546,0.00346363219433,0.00290581211448]},"spectral_contrast_valleys":{"dmean":[0.430704087019,0.387921959162,0.328103899956,0.27681389451,0.215373545885,0.250061362982],"dmean2":[0.704177200794,0.634070336819,0.530696988106,0.437717616558,0.336957901716,0.356992036104],"dvar":[0.163084760308,0.149611786008,0.129297420382,0.101263023913,0.0925398096442,0.110157199204],"dvar2":[0.328390449286,0.27192646265,0.209162026644,0.14740896225,0.109957821667,0.163647308946],"max":[-4.85135889053,-5.33259391785,-6.21890306473,-6.54618453979,-6.00093889236,-7.90229701996],"mean":[-6.74169254303,-7.46760654449,-8.3791179657,-8.34046268463,-7.5036110878,-10.1087179184],"median":[-6.2067489624,-7.0739440918,-8.03461074829,-7.98760938644,-7.21663284302,-10.0246219635],"min":[-27.8533611298,-27.1894512177,-27.0711746216,-27.3135890961,-27.3993721008,-27.216676712],"var":[2.86629629135,2.08121037483,1.80455350876,1.69303679466,1.69725596905,2.30842971802]},"spectral_decrease":{"dmean":7.30326288334e-9,"dmean2":1.21490009164e-8,"dvar":7.88941243975e-17,"dvar2":2.10822013944e-16,"max":1.31763409329e-30,"mean":-1.42081528764e-8,"median":-1.1345420603e-8,"min":-5.80405377093e-8,"var":1.05823750245e-16},"spectral_energy":{"dmean":0.0278383307159,"dmean2":0.0462979450822,"dvar":0.00113926781341,"dvar2":0.00304679712281,"max":0.221948996186,"mean":0.0554246082902,"median":0.0447699427605,"min":1.12966190253e-20,"var":0.00153381645214},"spectral_energyband_high":{"dmean":0.000299894280033,"dmean2":0.000420800497523,"dvar":2.34708522839e-7,"dvar2":4.84172858251e-7,"max":0.00804827921093,"mean":0.00111983600073,"median":0.000358173827408,"min":8.27269469845e-21,"var":0.00000185911494555},"spectral_energyband_low":{"dmean":0.0246261861175,"dmean2":0.0412212610245,"dvar":0.00113569083624,"dvar2":0.00300636678003,"max":0.215259417892,"mean":0.0327099300921,"median":0.0199118703604,"min":3.0503452602e-23,"var":0.00128094060346},"spectral_energyband_middle_high":{"dmean":0.000364982639439,"dmean2":0.000556089740712,"dvar":1.83436782208e-7,"dvar2":3.77486202296e-7,"max":0.00620967848226,"mean":0.00179370096885,"median":0.00168436509557,"min":1.71475934426e-21,"var":0.00000104482285224},"spectral_energyband_middle_low":{"dmean":0.0089993532747,"dmean2":0.0142066488042,"dvar":0.000111416753498,"dvar2":0.000294669385767,"max":0.133731484413,"mean":0.0220103878528,"median":0.0177387855947,"min":2.89649731506e-22,"var":0.000309104914777},"spectral_entropy":{"dmean":0.154055148363,"dmean2":0.235869675875,"dvar":0.0211810301989,"dvar2":0.0470901839435,"max":9.79195785522,"mean":7.50418806076,"median":7.55343580246,"min":5.00803947449,"var":0.301035881042},"spectral_flux":{"dmean":0.0469099096954,"dmean2":0.0775617808104,"dvar":0.00263478769921,"dvar2":0.00584379956126,"max":0.359455317259,"mean":0.121963918209,"median":0.109670467675,"min":1.06285556745e-10,"var":0.00539176026359},"spectral_kurtosis":{"dmean":1.11653316021,"dmean2":1.95409917831,"dvar":1.9544506073,"dvar2":5.87493085861,"max":20.9706764221,"mean":2.67408275604,"median":2.09225201607,"min":-1.1783015728,"var":3.47958421707},"spectral_rms":{"dmean":0.00166176992934,"dmean2":0.00268725748174,"dvar":0.00000310546329274,"dvar2":0.00000818428179628,"max":0.0147151490673,"mean":0.00681736227125,"median":0.00660893227905,"min":3.31980298286e-12,"var":0.00000759631848268},"spectral_rolloff":{"dmean":343.712860107,"dmean2":585.190185547,"dvar":676785.875,"dvar2":1533665,"max":18776.953125,"mean":661.761352539,"median":279.931640625,"min":64.599609375,"var":1347165.875},"spectral_skewness":{"dmean":0.15836827457,"dmean2":0.264324486256,"dvar":0.0267539210618,"dvar2":0.0741217881441,"max":2.79160666466,"mean":1.14408993721,"median":1.12060856819,"min":0.0339910648763,"var":0.0584651492536},"spectral_spread":{"dmean":401415.34375,"dmean2":600350.8125,"dvar":563340115968,"dvar2":642207186944,"max":39905316,"mean":5320689,"median":4899563,"min":1952755.5,"var":3474907201540},"spectral_strongpeak":{"dmean":0.295062363148,"dmean2":0.48359900713,"dvar":0.0957413837314,"dvar2":0.225034460425,"max":7.52724838257,"mean":0.668345689774,"median":0.48563465476,"min":0,"var":0.587513148785},"zerocrossingrate":{"dmean":0.0101851625368,"dmean2":0.0124118085951,"dvar":0.000132301080157,"dvar2":0.000193213767488,"max":0.5009765625,"mean":0.0498720742762,"median":0.037109375,"min":0.0048828125,"var":0.00130810972769}},"metadata":{"audio_properties":{"analysis_sample_rate":44100,"bit_rate":192000,"codec":"mp3","downmix":"mix","equal_loudness":0,"length":51.2783660889,"lossless":false,"md5_encoded":"ce25dc43feb7e4e208e243f2b073bca2","replay_gain":-12.3310546875,"sample_rate":44100},"tags":{"album":["Gluey Porch Treatments"],"albumartist":["Melvins"],"albumartistsort":["Melvins"],"artist":["Melvins"],"artistsort":["Melvins"],"asin":["B000001BD7"],"catalognumber":["IPC-012"],"contentgroup":["Rock"],"date":["2000-11-27"],"discnumber":["1/1"],"file_name":"09 - Glow God.mp3","genre":["Rock","Grunge","Stoner Rock","Sludge Metal","Experimental","Alternative"],"label":["Ipecac Recordings"],"language":["eng"],"media":["CD"],"musicbrainz album release country":["US"],"musicbrainz album status":["official"],"musicbrainz album type":["album"],"musicbrainz_albumartistid":["9ccfbc94-a4f4-42f7-b6f5-d903ab77cccb"],"musicbrainz_albumid":["e9a03c7e-5e92-4d04-bc5d-9dc71b24beff"],"musicbrainz_artistid":["9ccfbc94-a4f4-42f7-b6f5-d903ab77cccb"],"musicbrainz_recordingid":["6a28417b-9900-4125-83cd-72fc28e6e732"],"musicip_puid":["68826752-666c-73ba-06d4-76560c0db55f"],"script":["Latn"],"title":["Glow God"],"tracknumber":["9/29"]},"version":{"essentia":"2.1-beta2","essentia_build_sha":"2d9f1f26377add8aeb1075a9c2973f962c4f09fd","essentia_git_sha":"v2.1_beta2-1-ge3940c0","extractor":"music 1.0"}},"rhythm":{"beats_count":108,"beats_loudness":{"dmean":0.0261418260634,"dmean2":0.0453229621053,"dvar":0.000509213423356,"dvar2":0.00137717765756,"max":0.159059658647,"mean":0.0618783570826,"median":0.0609877631068,"min":0.00000115677607937,"var":0.00105994613841},"beats_loudness_band_ratio":{"dmean":[0.223357692361,0.175667375326,0.0245258025825,0.00775211164728,0.0300161130726,0.0462112240493],"dmean2":[0.418643534184,0.322480291128,0.0387824252248,0.0143530890346,0.0506505928934,0.0846189484],"dvar":[0.039673410356,0.0199334062636,0.00158743432257,0.0000821386129246,0.00899203494191,0.00309088802896],"dvar