{"lowlevel":{"average_loudness":0.738947212696,"barkbands":{"dmean":[0.00524122826755,0.0120836654678,0.00200996897183,0.00126824749168,0.00187999440823,0.000883052591234,0.000741721421946,0.000705345068127,0.000618744292296,0.000579479208682,0.00056101573864,0.000899282167666,0.000571129203308,0.000399913085857,0.000470562605187,0.000256207858911,0.000438157236204,0.000258316576947,0.000153947024955,0.00010651590128,0.0000572905773879,0.0000252657864621,0.0000163661570696,0.00000678790956954,0.00000211541328099,0.0000129913769342,0.000274640129646],"dmean2":[0.00844387803227,0.0201095938683,0.00341500388458,0.00210692570545,0.003077020403,0.00145393249113,0.00121327384841,0.00114158785436,0.00100451125763,0.000945883453824,0.000916465593036,0.00147092808038,0.000923706858885,0.000654825766105,0.000758574926294,0.000412816531025,0.000691424997058,0.00039955007378,0.000230960809859,0.000157158545335,0.0000834288075566,0.0000371444948541,0.0000241703037318,0.0000104350810943,0.00000357319049726,0.0000191214276128,0.000415068323491],"dvar":[0.000157667716849,0.000794005289208,0.0000223930819629,0.00000548756679564,0.000012752713701,0.00000309546476274,0.00000508790253662,0.0000031925571875,0.00000232396678257,0.00000173294290562,0.00000159729518145,0.00000360224817086,0.00000206495838029,0.00000101553951026,8.37007007704e-7,2.85686070356e-7,9.07272351469e-7,2.70808783398e-7,1.2243430092e-7,6.81211673736e-8,2.22215916779e-8,2.71613465053e-9,1.95446880902e-9,7.14356684917e-10,1.71235040036e-11,2.63077093443e-9,2.61951726088e-7],"dvar2":[0.000376267038519,0.00205968413502,0.0000598770275246,0.0000144178347909,0.000032786247175,0.00000778258527134,0.0000128919828057,0.00000780369828135,0.00000597133202973,0.00000434604316979,0.00000404312459068,0.00000952214941208,0.00000498610916111,0.0000025937333703,0.00000206747995435,7.01892361121e-7,0.00000234625053963,6.33999093225e-7,2.65464933591e-7,1.36810470508e-7,4.32394209327e-8,5.58059864986e-9,4.39302638711e-9,1.54926527163e-9,4.42826296465e-11,5.97495297683e-9,6.42522365979e-7],"max":[0.230759888887,0.329974472523,0.0628281086683,0.0342589132488,0.0590573959053,0.0434145219624,0.114137001336,0.056845292449,0.0662074163556,0.0369538739324,0.037409953773,0.0339357368648,0.0433961227536,0.0340612493455,0.0232774037868,0.0128881055862,0.053402390331,0.0133914202452,0.00976991094649,0.010847129859,0.00441486435011,0.0017026233254,0.00198235642165,0.00141058932059,0.000142729608342,0.00268710055389,0.0134546412155],"mean":[0.00628164410591,0.0145091647282,0.00202987738885,0.00168168044183,0.00333338649943,0.00120566459373,0.000962221180089,0.000932099588681,0.000808005570434,0.000783978321124,0.000772356579546,0.00155121204443,0.000891771283932,0.000650201691315,0.000815481122117,0.00045486135059,0.000818529049866,0.000488677003887,0.000315364566632,0.000210136873648,0.000116815273941,0.0000580809501116,0.0000336393459293,0.0000101442947198,0.00000208874985219,0.0000258722120634,0.000860695668962],"median":[0.000844200432766,0.00477641867474,0.000604360073339,0.000545716844499,0.000923704646993,0.000402457546443,0.000245031580562,0.000198981870199,0.000234167469898,0.000243027054239,0.000220791873289,0.000442392803961,0.00025886693038,0.000192576175323,0.000326952373143,0.000208731304156,0.00039582781028,0.000203133968171,0.000124129233882,0.0000806356983958,0.0000491762293677,0.0000302660046145,0.0000134077172333,0.00000288644264401,6.52883954899e-7,0.00000910589187697,0.00035409379052],"min":[1.57854727449e-23,2.14430853384e-23,1.35679705409e-23,2.19410853393e-23,3.694252343e-23,7.77191885384e-23,2.83700666363e-23,4.25825728243e-23,2.98736197444e-23,5.79339448794e-23,9.0672631701e-23,1.09060335691e-22,1.94275640272e-22,1.0414920324e-22,2.59559799791e-22,1.72955910691e-22,2.30873586103e-22,3.19566088579e-22,2.81814941701e-22,2.54393909443e-22,4.15049560112e-22,5.08482725353e-22,6.39148736927e-22,7.6547664461e-22,9.9057109883e-22,1.88378792671e-21,2.12948217712e-21],"var":[0.000208996047149,0.000839618151076,0.0000195220782189,0.00000829570672067,0.0000343600622728,0.00000455859435533,0.00000612810890743,0.00000473963564218,0.00000300747296933,0.00000265252674581,0.0000026097591217,0.00000848855142976,0.00000372471890842,0.00000188606668416,0.00000170112048181,5.11297116645e-7,0.00000148335891481,6.19860657025e-7,3.28742174815e-7,1.82120871273e-7,5.61097941443e-8,9.48746858853e-9,5.62155921813e-9,1.3453257397e-9,1.70331856258e-11,6.19670093016e-9,0.00000153163261984]},"barkbands_crest":{"dmean":3.23278641701,"dmean2":5.27482461929,"dvar":8.13007545471,"dvar2":20.1494407654,"max":25.8933925629,"mean":10.726606369,"median":10.0981407166,"min":2.19811534882,"var":20.287776947},"barkbands_flatness_db":{"dmean":0.031378377229,"dmean2":0.0487771145999,"dvar":0.000993022578768,"dvar2":0.00232015829533,"max":0.541091561317,"mean":0.149378851056,"median":0.131146281958,"min":0.0159599557519,"var":0.00490814866498},"barkbands_kurtosis":{"dmean":8.09505844116,"dmean2":12.9317617416,"dvar":729.997497559,"dvar2":1851.49963379,"max":1083.48071289,"mean":11.0687437057,"median":2.05740594864,"min":-1.76820719242,"var":1058.5234375},"barkbands_skewness":{"dmean":0.877208948135,"dmean2":1.35336709023,"dvar":1.4649220705,"dvar2":3.35076856613,"max":26.9962482452,"mean":1.95904779434,"median":1.43450474739,"min":-2.54324650764,"var":3.7366912365},"barkbands_spread":{"dmean":8.85003948212,"dmean2":13.794424057,"dvar":95.8700408936,"dvar2":219.476623535,"max":125.447486877,"mean":29.933265686,"median":27.6848201752,"min":0.198734775186,"var":316.486450195},"dissonance":{"dmean":0.0181773435324,"dmean2":0.0310371164232,"dvar":0.000543250702322,"dvar2":0.00149952201173,"max":0.500000119209,"mean":0.473729372025,"median":0.482730835676,"min":0.179426655173,"var":0.000788755831309},"dynamic_complexity":4.20613670349,"erbbands":{"dmean":[0.648884892464,1.76234006882,2.35585308075,3.08357286453,5.81014108658,6.14172840118,6.23209285736,8.14408397675,10.5889883041,11.7999324799,14.2765493393,13.6691360474,16.8393726349,18.4195175171,25.1405353546,35.9372825623,26.0377388,19.2320232391,19.9724063873,21.3013019562,14.8803815842,24.0833587646,14.9380455017,9.07031726837,7.32094955444,4.71935319901,3.00836777687,1.72820568085,0.941198408604,0.711947977543,0.448149442673,0.213644608855,0.0763090625405,0.0265050567687,0.0145403202623,0.0173862781376,0.0293315257877,0.0209816899151,0.011395608075,0.00695423735306],"dmean2":[1.08075606823,2.97799253464,3.94049048424,5.1448931694,9.51573181152,10.1784610748,10.4013204575,13.4629383087,17.2650146484,18.9585838318,23.2136497498,22.2996196747,27.4840011597,29.8342018127,41.1540870667,58.3332939148,41.9786643982,30.9467868805,32.2682228088,34.1450500488,23.5371551514,38.1144790649,22.996307373,13.7081899643,10.7339086533,6.91398000717,4.40812587738,2.5312769413,1.37135863304,1.04868412018,0.664966821671,0.318073689938,0.120768539608,0.0442399159074,0.024448459968,0.0280090421438,0.0429221279919,0.0294859409332,0.0156874451786,0.010604582727],"dvar":[2.55289745331,15.0047149658,25.5638885498,32.2622642517,143.172073364,169.283081055,182.684646606,311.061920166,1245.00415039,813.880249023,1430.70446777,1268.85742188,1504.50134277,1829.14990234,3014.90209961,6044.09667969,4198.55126953,2713.38671875,1530.00463867,1646.01391602,958.465515137,3448.48071289,869.91418457,362.231628418,340.987487793,123.878074646,59.2626991272,22.3103713989,3.64064884186,2.54885601997,1.79167544842,0.666578114033,0.088338047266,0.00377640035003,0.000736963527743,0.00587097322568,0.0161648765206,0.00250836298801,0.000458611524664,0.000142326127389],"dvar2":[6.62462520599,40.3453025818,67.3423233032,86.5344085693,377.369049072,436.572143555,470.578552246,781.512023926,3166.56640625,2061.60644531,3493.4453125,3276.66918945,3800.28051758,4515.05126953,8119.88183594,15644.4951172,10016.4306641,6954.35058594,3841.77368164,4192.02685547,2342.58056641,9168.38085938,2016.91149902,805.531433105,725.191467285,246.981781006,118.433364868,44.2794685364,7.27704286575,5.6541891098,4.07922077179,1.45446968079,0.193810611963,0.00950695201755,0.00187716877554,0.0143433408812,0.0363149233162,0.00530840363353,0.000821115158033,0.000347089633578],"max":[20.9632759094,56.6876716614,59.3831672668,72.8648452759,241.470413208,302.984802246,217.429580688,441.825134277,1868.73022461,715.235961914,1532.45568848,1459.58679199,816.72088623,1257.46203613,1492.17602539,1731.55566406,2375.59960938,1825.55859375,898.360656738,849.42578125,787.440612793,3663.2109375,796.881225586,505.298431396,762.476196289,446.7527771,213.861907959,217.146759033,61.4669570923,63.212852478,63.5386810303,40.8246994019,15.7147159576,3.40351200104,0.698911190033,4.70848703384,6.48870706558,2.05299115181,0.615939080715,0.36887589097],"mean":[0.702686369419,2.16876530647,2.69508433342,4.27594470978,10.4064149857,9.33238315582,8.31837368011,10.8823356628,14.2787303925,16.2713851929,19.000082016,18.1729488373,23.1841011047,27.219291687,39.3703842163,65.9305953979,43.7357139587,33.4951553345,37.6863670349,37.9135437012,28.9441738129,45.7078895569,29.8288574219,18.9870681763,14.8130712509,9.61292362213,6.06272792816,3.61700797081,2.16450548172,1.5389560461,0.902873575687,0.371581822634,0.0910686925054,0.0271679926664,0.0149329062551,0.0205735675991,0.0574484914541,0.0544632486999,0.0363993868232,0.025240957737],"median":[0.174773991108,0.718876123428,0.983734071255,1.72208237648,2.07094907761,2.74679899216,3.26360917091,3.22343564034,3.87261486053,3.87411570549,5.16839551926,5.58972978592,7.20658063889,9.94694709778,13.9717617035,19.4630756378,15.1496162415,10.0270080566,15.5366039276,17.2859687805,14.0220956802,22.1253547668,13.3550777435,7.98564529419,5.77357292175,3.76655912399,2.39234733582,1.61461031437,1.13237249851,0.708818674088,0.346904933453,0.120455920696,0.0203989371657,0.00858638435602,0.00501408893615,0.00559419859201,0.0190096292645,0.0242702085525,0.0157640893012,0.0122982179746],"min":[1.15747437641e-21,3.3561516456e-21,1.14164713569e-20,5.24091813344e-20,7.85814473342e-20,1.6859468583e-19,1.6306414333e-19,8.83809914276e-19,3.19400800889e-19,8.2585639979e-19,9.66799911158e-19,5.19318671017e-19,9.24702001448e-19,2.94009644126e-18,3.96137746609e-18,5.58176017959e-18,7.50621076394e-18,7.67142602923e-18,8.14099495628e-18,1.52100167783e-17,8.93597508195e-18,1.39188341642e-17,1.70043204194e-17,1.25215887976e-17,1.54569351542e-17,1.38230582298e-17,1.36627373922e-17,1.78182777227e-17,2.29817525188e-17,1.59389349515e-17,1.97794170759e-17,1.42759048736e-17,1.3407363576e-17,1.01378395607e-17,6.99623654551e-18,6.26456675598e-18,3.79753656139e-18,1.4310360048e-18,3.04461479586e-19,2.77989877602e-20],"var":[2.5244243145,16.4278697968,25.2337779999,45.1584815979,446.358123779,257.043762207,230.716094971,427.651611328,1441.06811523,1322.30212402,1928.7376709,1585.2244873,2235.84301758,2842.94213867,5354.70703125,15592.8671875,7800.71386719,5249.01367188,3581.47460938,3333.71704102,1893.12976074,4967.36376953,2080.65454102,978.405944824,891.579284668,358.076049805,148.086730957,53.8254547119,12.6885719299,8.51836490631,4.6055316925,1.39718401432,0.141749247909,0.00393504509702,0.000788930396084,0.00748385628685,0.0361238345504,0.0102710602805,0.00257067405619,0.00111792248208]},"erbbands_crest":{"dmean":3.11087608337,"dmean2":5.05081701279,"dvar":8.45462226868,"dvar2":20.7365093231,"max":33.5013122559,"mean":10.4955244064,"median":8.83938312531,"min":2.0844669342,"var":31.5708198547},"erbbands_flatness_db":{"dmean":0.0256656482816,"dmean2":0.0388794355094,"dvar":0.000614598742686,"dvar2":0.00135989929549,"max":0.410831302404,"mean":0.163677334785,"median":0.15574426949,"min":0.048581738025,"var":0.00254985666834},"erbbands_kurtosis":{"dmean":2.26901483536,"dmean2":3.69852519035,"dvar":28.8459014893,"dvar2":76.4549942017,"max":137.604293823,"mean":2.43781256676,"median":0.504365444183,"min":-1.86420536041,"var":48.6533546448},"erbbands_skewness":{"dmean":0.495704621077,"dmean2":0.768899321556,"dvar":0.288157254457,"dvar2":0.688745379448,"max":10.3135061264,"mean":-0.112796887755,"median":-0.262225300074,"min":-5.00082445145,"var":1.44875299931},"erbbands_spread":{"dmean":8.03434562683,"dmean2":12.5212173462,"dvar":96.817199707,"dvar2":217.136367798,"max":183.52784729,"mean":27.9591350555,"median":24.9811763763,"min":0.843769431114,"var":276.87713623},"gfcc":{"cov":[[11729.171875,79.5402374268,-1540.27758789,351.062591553,-41.4197616577,-946.184143066,568.307006836,-231.119506836,163.090179443,175.472976685,-172.061325073,46.8978118896,-192.498641968],[79.5402374268,1123.96716309,205.482681274,-250.28565979,62.6963539124,-76.6026000977,3.93649435043,-23.921869278,10.4498605728,35.5870285034,96.0264511108,-86.5061721802,49.4608421326],[-1540.27758789,205.482681274,1031.38635254,322.813293457,-105.505966187,278.688201904,-160.421478271,122.190490723,-121.033576965,43.4530677795,9.0838804245,-23.3305549622,-34.0399360657],[351.062591553,-250.28565979,322.813293457,627.718566895,44.116645813,-28.9173545837,82.551940918,25.2425117493,-5.90775775909,21.3452510834,-81.6471481323,35.2273101807,-113.421348572],[-41.4197616577,62.6963539124,-105.505966187,44.116645813,352.490661621,60.5177383423,81.8179626465,-32.749256134,32.1617774963,-35.9692764282,46.3100852966,-0.717224359512,76.5301971436],[-946.184143066,-76.6026000977,278.688201904,-28.9173545837,60.5177383423,415.704620361,-5.03512620926,128.552017212,-34.7237205505,17.1104831696,44.0077323914,38.8847770691,61.0757713318],[568.307006836,3.93649435043,-160.421478271,82.551940918,81.8179626465,-5.03512620926,261.349304199,17.0474662781,70.0344543457,2.87937140465,3.75362539291,50.8106117249,-21.9306564331],[-231.119506836,-23.921869278,122.190490723,25.2425117493,-32.749256134,128.552017212,17.0474662781,202.33682251,47.0636062622,60.4726295471,13.3544883728,1.87948083878,19.0852985382],[163.090179443,10.4498605728,-121.033576965,-5.90775775909,32.1617774963,-34.7237205505,70.0344543457,47.0636062622,173.451293945,67.4739837646,8.29024219513,21.5721893311,-17.1387939453],[175.472976685,35.5870285034,43.4530677795,21.3452510834,-35.9692764282,17.1104831696,2.87937140465,60.4726295471,67.4739837646,132.093170166,45.5291633606,1.64261829853,-11.6882572174],[-172.061325073,96.0264511108,9.0838804245,-81.6471481323,46.3100852966,44.0077323914,3.75362539291,13.3544883728,8.29024219513,45.5291633606,123.65171814,56.3312759399,41.4870796204],[46.8978118896,-86.5061721802,-23.3305549622,35.2273101807,-0.717224359512,38.8847770691,50.8106117249,1.87948083878,21.5721893311,1.64261829853,56.3312759399,131.067260742,18.8237781525],[-192.498641968,49.4608421326,-34.0399360657,-113.421348572,76.5301971436,61.0757713318,-21.9306564331,19.0852985382,-17.1387939453,-11.6882572174,41.4870796204,18.8237781525,136.511322021]],"icov":[[0.000174468106707,-0.000181953262654,0.000389175314922,-0.00021482304146,-0.00000802588419901,0.000146135978866,-0.000120986005641,-0.0000571785203647,0.000506475102156,-0.000710590567905,0.000556856102776,-0.0003711238096,0.000042865787691],[-0.000181953262654,0.0022074424196,-0.00239100237377,0.00254639098421,-0.00143612350803,0.00192305876408,-0.00145746325143,0.00000394499011236,-0.000211952574318,-0.000337706180289,-0.000393328809878,0.000584284774959,0.000156571011757],[0.000389175314922,-0.00239100237377,0.00577439134941,-0.00588710233569,0.00403119344264,-0.0043268930167,0.00264234817587,0.000421880540671,-0.000178577829502,0.00176441925578,-0.0035599861294,0.0028750714846,-0.00118080584798],[-0.00021482304146,0.00254639098421,-0.00588710233569,0.0102676525712,-0.00801573134959,0.00624933606014,-0.00282263825648,-0.00276713003404,0.00493948627263,-0.00742654129863,0.0107542201877,-0.00893391761929,0.00541646359488],[-0.00000802588419901,-0.00143612350803,0.00403119344264,-0.00801573134959,0.0117479301989,-0.00630082329735,0.000191449405975,0.00450197607279,-0.00745021784678,0.00984527636319,-0.0130676422268,0.0114771984518,-0.00721502676606],[0.000146135978866,0.00192305876408,-0.0043268930167,0.00624933606014,-0.00630082329735,0.00886241067201,-0.0023790395353,-0.00425583869219,0.00507854716852,-0.00594197027385,0.00719395698979,-0.00710046710446,0.00232435530052],[-0.000120986005641,-0.00145746325143,0.00264234817587,-0.00282263825648,0.000191449405975,-0.0023790395353,0.00743333110586,-0.000916302728001,-0.00179643451702,0.00214542867616,-0.000957064097747,-0.0013706209138,0.00138849334326],[-0.0000571785203647,0.00000394499011236,0.000421880540671,-0.00276713003404,0.00450197607279,-0.00425583869219,-0.000916302728001,0.00994066800922,-0.00522920815274,0.00136953673791,-0.00444049853832,0.00572747783735,-0.00441224407405],[0.000506475102156,-0.000211952574318,-0.000178577829502,0.00493948627263,-0.00745021784678,0.00507854716852,-0.00179643451702,-0.00522920815274,0.0167019832879,-0.0140098305419,0.0131036294624,-0.0114797158167,0.00569549528882],[-0.000710590567905,-0.000337706180289,0.00176441925578,-0.00742654129863,0.00984527636319,-0.00594197027385,0.00214542867616,0.00136953673791,-0.0140098305419,0.0260534584522,-0.0216737072915,0.0152273559943,-0.00435890303925],[0.000556856102776,-0.000393328809878,-0.0035599861294,0.0107542201877,-0.0130676422268,0.00719395698979,-0.000957064097747,-0.00444049853832,0.0131036294624,-0.0216737072915,0.0352727137506,-0.023643411696,0.00587955489755],[-0.0003711238096,0.000584284774959,0.0028750714846,-0.00893391761929,0.0114771984518,-0.00710046710446,-0.0013706209138,0.00572747783735,-0.0114797158167,0.0152273559943,-0.023643411696,0.0267403777689,-0.00835865363479],[0.000042865787691,0.000156571011757,-0.00118080584798,0.00541646359488,-0.00721502676606,0.00232435530052,0.00138849334326,-0.00441224407405,0.00569549528882,-0.00435890303925,0.00587955489755,-0.00835865363479,0.0150874117389]],"mean":[-21.0224990845,86.0850982666,-101.252655029,4.19643974304,0.185938701034,-14.138543129,1.92570281029,-17.9691581726,1.96581792831,-13.1254425049,-3.06647467613,4.17142629623,-8.84046554565]},"hfc":{"dmean":30.256439209,"dmean2":46.2242889404,"dvar":1678.72143555,"dvar2":3955.48266602,"max":1107.87548828,"mean":130.586746216,"median":66.6865997314,"min":1.08614730424e-16,"var":21275.4179688},"melbands":{"dmean":[0.00455139856786,0.00148200721014,0.000587565358728,0.000429103180068,0.000226370626478,0.000179063295946,0.000158233713591,0.000137134775287,0.000114184520498,0.0000884275505086,0.0000863930908963,0.000076299860666,0.0000791324564489,0.000107789390313,0.0000735319626983,0.0000545743423572,0.0000364647894457,0.0000337345481967,0.0000393293121306,0.0000198306079255,0.0000196685359697,0.0000281278207694,0.0000199484911718,0.0000118185380416,0.00000763611751609,0.00000616880288362,0.00000505592424815,0.00000295637210002,0.00000216046555579,0.00000148947208345,9.39326923799e-7,5.74723230784e-7,5.10356187533e-7,3.80483612616e-7,2.88888600153e-7,2.00444176812e-7,1.13728823692e-7,6.01158873792e-8,3.31207843374e-8,1.91572837593e-8],"dmean2":[0.00748254591599,0.00247979350388,0.000975179544184,0.000701518845744,0.000375761068426,0.000294754805509,0.000257340201642,0.000219931607717,0.000186065692105,0.000144327932503,0.000141328229802,0.000123870137031,0.0001291577355,0.000177133304533,0.000118478594231,0.0000877444690559,0.0000592413889535,0.0000550255208509,0.0000638319397694,0.0000320606741298,0.0000315564866469,0.0000450015322713,0.0000316583827953,0.0000183951451618,0.0000118357347674,0.00000944705516304,0.00000759200793254,0.00000446061858383,0.00000325292853631,0.00000223078063755,0.0000014047593595,8.59826400301e-7,7.68093798342e-7,5.75779381506e-7,4.35228145079e-7,3.02110294115e-7,1.74817913035e-7,9.6386621351e-8,5.48118244126e-8,3.23491136101e-8],"dvar":[0.000117893447168,0.00000798174733063,0.00000106480854356,7.13508768513e-7,2.38269166175e-7,1.41042477253e-7,2.50807318025e-7,1.05036384923e-7,8.88855495873e-8,4.86913656061e-8,3.90052292687e-8,3.27282521084e-8,3.29151141898e-8,5.35397433055e-8,2.38966535449e-8,2.3244597358e-8,1.00294350602e-8,5.06526776078e-9,6.82020395715e-9,1.44131206969e-9,1.85215576209e-9,4.37744818171e-9,1.63969526845e-9,5.90793303168e-10,2.71549172037e-10,2.32829464042e-10,1.82954554284e-10,4.72858106837e-11,3.14697296e-11,1.68312204452e-11,6.83982427988e-12,1.41731331532e-12,1.13114986128e-12,7.95546408697e-13,7.00280870618e-13,4.8728284862e-13,2.36241690273e-13,6.08451819744e-14,1.20374715106e-14,1.41045152344e-15],"dvar2":[0.000301672378555,0.0000207316261367,0.00000284735210698,0.00000182042890629,6.19665570412e-7,3.54555112381e-7,6.35728440557e-7,2.6521368568e-7,2.18831218035e-7,1.24365698184e-7,9.83656960329e-8,8.08821951637e-8,8.62125517642e-8,1.46454397054e-7,5.85940647113e-8,5.63552369215e-8,2.59540193781e-8,1.30908386353e-8,1.70020957313e-8,3.65889518683e-9,4.6499115669e-9,1.16868656974e-8,3.97099420013e-9,1.37463362915e-9,6.37754959953e-10,5.2628512659e-10,3.97581606526e-10,9.9846443613e-11,6.76445219283e-11,3.44699026267e-11,1.39473562907e-11,2.97812555866e-12,2.48629459035e-12,1.87525559317e-12,1.65311644582e-12,1.11695082437e-12,5.34317598846e-13,1.3640599609e-13,2.85709871289e-14,3.62554199512e-15],"max":[0.135503083467,0.0454918220639,0.0149688906968,0.0162914451212,0.00854204781353,0.00917919352651,0.0265127904713,0.00669658090919,0.0119368396699,0.00787209253758,0.00411206530407,0.00572812370956,0.00567077798769,0.00450318539515,0.00353298778646,0.00398400891572,0.00320190587081,0.00162448582705,0.00251503288746,0.000997105264105,0.0012808542233,0.00392166012898,0.00126117863692,0.000450839172117,0.000472663989058,0.000486896315124,0.000636137265246,0.000229538040003,0.000179468595888,0.000127062550746,0.00014922634,0.0000397361582145,0.0000418258059653,0.0000327672496496,0.0000356853524863,0.0000357300814358,0.0000213445146073,0.0000127340654217,0.00000682469135427,0.00000123938752949],"mean":[0.00543904304504,0.00190203124657,0.000918339996133,0.000768767786212,0.000309352821205,0.000244033624767,0.000212596190977,0.000187653131434,0.000149257379235,0.000114804526675,0.000115784416266,0.000107601670607,0.000114047375973,0.000182940304512,0.000124595608213,0.0000841177461552,0.0000587358263147,0.0000579463594477,0.0000641619553789,0.0000358176221198,0.0000337781093549,0.0000498450317536,0.0000356647542503,0.0000216017560888,0.0000145723724927,0.0000116167293527,0.00000918203113542,0.00000563479125049,0.00000402733758165,0.00000280385847873,0.00000185001920272,0.00000121647633478,0.00000106027755464,7.62306058277e-7,5.49453602616e-7,3.69712836346e-7,1.64686397852e-7,6.60598473701e-8,3.27731797256e-8,1.87661015616e-8],"median":[0.00162980996538,0.000715732981917,0.000337460602168,0.000194708976778,0.000117318180855,0.0000753501226427,0.0000571682103327,0.0000421291224484,0.0000414077803725,0.0000330393231707,0.0000340080368915,0.0000350073314621,0.0000350407499354,0.0000535524013685,0.0000442486161774,0.0000227538766921,0.0000160627896548,0.0000223470124183,0.0000249157819781,0.000016737036276,0.0000150501209646,0.0000235325896938,0.0000161558746186,0.0000085032397692,0.00000589979890719,0.00000424723202741,0.00000342676298715,0.00000209830818676,0.00000149542165673,0.00000111899771582,8.33404726563e-7,6.19574962002e-7,5.08550613176e-7,3.32098352374e-7,2.08090412457e-7,1.31816435101e-7,4.12272989081e-8,1.04909760879e-8,7.74278685611e-9,5.77015590864e-9],"min":[1.00064142262e-23,5.20967173353e-24,9.71508394962e-24,8.67600504273e-24,6.88237989114e-24,1.79570490448e-23,5.34340258963e-24,9.72774911145e-24,7.50643749807e-24,3.24080724551e-24,4.23775920513e-24,1.09321385542e-23,1.37482757448e-23,1.32059938259e-23,1.02711393799e-23,2.18616438907e-23,1.30407834754e-23,1.06601014487e-23,2.16662193786e-23,1.44428488392e-23,1.05223600238e-23,1.51018742835e-23,1.286149038e-23,1.68829991451e-23,9.14216661745e-24,1.10793100224e-23,1.03753068847e-23,8.61198582483e-24,8.73807025217e-24,7.86684359097e-24,1.05344319622e-23,1.26306736234e-23,9.64665894356e-24,8.99543296705e-24,1.23556025589e-23,7.96580382495e-24,9.52051771823e-24,9.41167700142e-24,8.78755391903e-24,8.92144649162e-24],"var":[0.000127252846141,0.00000977019590209,0.00000192403490473,0.00000204364732781,3.04329290657e-7,2.01309958925e-7,2.97856701081e-7,1.75454559326e-7,1.17590147397e-7,6.33819894347e-8,5.78950860586e-8,4.97027912161e-8,5.44390559298e-8,1.20292682482e-7,5.00941439441e-8,3.9238535976e-8,1.80442292219e-8,9.99021221304e-9,1.19597141079e-8,2.83726864225e-9,3.14814618818e-9,6.15223783029e-9,3.14019032999e-9,1.32148059162e-9,6.28030905059e-10,5.37288935565e-10,4.20722040539e-10,1.22697338401e-10,6.94984625405e-11,3.6603914344e-11,1.52597795511e-11,4.23915069714e-12,3.63341821907e-12,2.29772255909e-12,1.67940628851e-12,1.01383788517e-12,4.24195644973e-13,9.17507850294e-14,1.38226434218e-14,1.40610095046e-15]},"melbands_crest":{"dmean":5.04377508163,"dmean2":8.07909679413,"dvar":20.3254814148,"dvar2":47.6383285522,"max":38.9227981567,"mean":17.4692497253,"median":16.3785438538,"min":2.04178833961,"var":56.1196174622},"melbands_flatness_db":{"dmean":0.0400718562305,"dmean2":0.0616132356226,"dvar":0.00150122924242,"dvar2":0.0034899553284,"max":0.708402514458,"mean":0.250865101814,"median":0.233071476221,"min":0.00500611169264,"var":0.00776272639632},"melbands_kurtosis":{"dmean":15.1032733917,"dmean2":24.4830989838,"dvar":2981.82519531,"dvar2":7667.86865234,"max":3155.25561523,"mean":19.4360675812,"median":4.58224630356,"min":-1.90105259418,"var":3678.83276367},"melbands_skewness":{"dmean":1.21915078163,"dmean2":1.87620353699,"dvar":2.61427807808,"dvar2":5.88436603546,"max":43.7312927246,"mean":2.62162494659,"median":2.0726249218,"min":-5.6629524231,"var":6.60925912857},"melbands_spread":{"dmean":9.26147270203,"dmean2":14.379281044,"dvar":131.015625,"dvar2":289.811248779,"max":252.646209717,"mean":25.033826828,"median":22.1524353027,"min":0.0906441286206,"var":356.108215332},"mfcc":{"cov":[[11776.3261719,292.88269043,-1961.90307617,1027.7755127,-1040.66174316,33.7474708557,-460.879241943,50.8490333557,-110.308242798,62.2916755676,255.195220947,-28.8050518036,22.7737369537],[292.88269043,1254.94506836,-43.6187400818,-217.685150146,29.5640544891,-87.4318618774,35.3348350525,-143.135314941,0.301163315773,-61.9753074646,48.1281967163,18.1109619141,49.5781555176],[-1961.90307617,-43.6187400818,1182.63305664,28.4784240723,224.120300293,12.0580883026,127.99924469,-3.43767547607,-0.583628356457,14.9992847443,29.938129425,36.16796875,-56.4005470276],[1027.7755127,-217.685150146,28.4784240723,692.452209473,-76.6366043091,86.2357711792,-58.4670639038,66.4099121094,-38.3990898132,50.9641838074,54.5357208252,-29.2239818573,-39.5157165527],[-1040.66174316,29.5640544891,224.120300293,-76.6366043091,361.231872559,52.3786811829,118.123435974,-16.2815666199,42.3460006714,-19.709482193,-13.9476480484,10.7566223145,1.67462790012],[33.7474708557,-87.4318618774,12.0580883026,86.2357711792,52.3786811829,208.033706665,65.6747741699,87.4116363525,-1.5947675705,16.4215621948,-16.2386951447,12.7609586716,14.7260322571],[-460.879241943,35.3348350525,127.99924469,-58.4670639038,118.123435974,65.6747741699,217.633911133,54.5110054016,38.5585441589,-25.6241035461,-11.2450361252,6.98130130768,31.4423713684],[50.8490333557,-143.135314941,-3.43767547607,66.4099121094,-16.2815666199,87.4116363525,54.5110054016,188.68347168,46.2846260071,22.1646213531,-14.3678121567,22.3526744843,14.1482791901],[-110.308242798,0.301163315773,-0.583628356457,-38.3990898132,42.3460006714,-1.5947675705,38.5585441589,46.2846260071,125.264831543,61.0694389343,27.9515781403,-2.06753635406,7.28990650177],[62.2916755676,-61.9753074646,14.9992847443,50.9641838074,-19.709482193,16.4215621948,-25.6241035461,22.1646213531,61.0694389343,135.709793091,63.3500709534,-2.06407785416,-25.1874580383],[255.195220947,48.1281967163,29.938129425,54.5357208252,-13.9476480484,-16.2386951447,-11.2450361252,-14.3678121567,27.9515781403,63.3500709534,133.985946655,51.3712463379,6.76175165176],[-28.8050518036,18.1109619141,36.16796875,-29.2239818573,10.7566223145,12.7609586716,6.98130130768,22.3526744843,-2.06753635406,-2.06407785416,51.3712463379,124.639099121,59.1125946045],[22.7737369537,49.5781555176,-56.4005470276,-39.5157165527,1.67462790012,14.7260322571,31.4423713684,14.1482791901,7.28990650177,-25.1874580383,6.76175165176,59.1125946045,112.270233154]],"icov":[[0.000191592916963,-0.0000728193990653,0.000260072876699,-0.00024551936076,0.000363304599887,-0.000157484668307,0.0000556567174499,0.0000301686905004,-0.000113020338176,0.00027149845846,-0.000380666548153,-0.00000198290035769,0.000125596110593],[-0.0000728193990653,0.0010098995408,-0.0000700299206073,0.000315397192026,-0.0000503229493916,0.0000340796723322,-0.000226970456424,0.000675581977703,-0.000246245850576,0.00052806379972,-0.000545106595382,0.000204764161026,-0.000321181782056],[0.000260072876699,-0.0000700299206073,0.00146755657624,-0.000478761910927,-0.00010846387886,0.000206220778637,-0.000682165205944,0.0000610849092482,0.000378400553018,-0.0000915185009944,-0.000426662387326,-0.00079541571904,0.00110422330908],[-0.00024551936076,0.000315397192026,-0.000478761910927,0.00236666947603,-0.000371591275325,-0.000626520253718,0.000673964561429,-0.00103449448943,0.00126537296455,-0.000198908935999,-0.00144323916174,0.00161835364997,-0.000359616416972],[0.000363304599887,-0.0000503229493916,-0.00010846387886,-0.000371591275325,0.00514055974782,-0.00188989785966,-0.00146534200758,0.00230416096747,-0.00294054299593,0.00177598267328,0.000106780207716,-0.00121468107682,0.00127697060816],[-0.000157484668307,0.0000340796723322,0.000206220778637,-0.000626520253718,-0.00188989785966,0.00812723487616,-0.00203008088283,-0.00321735604666,0.00355884060264,-0.00352717912756,0.00195750873536,-0.000551842094865,-0.00101358687971],[0.0000556567174499,-0.000226970456424,-0.000682165205944,0.000673964561429,-0.00146534200758,-0.00203008088283,0.00807834323496,-0.00215333886445,-0.00181606714614,0.00299239112064,-0.00199445872568,0.00252634752542,-0.00214026076719],[0.0000301686905004,0.000675581977703,0.0000610849092482,-0.00103449448943,0.00230416096747,-0.00321735604666,-0.00215333886445,0.0103863449767,-0.00535323889926,0.00034880192834,0.00334226689301,-0.0041006077081,0.0014275443973],[-0.000113020338176,-0.000246245850576,0.000378400553018,0.00126537296455,-0.00294054299593,0.00355884060264,-0.00181606714614,-0.00535323889926,0.016350902617,-0.00798053201288,-0.00169281824492,0.00341790379025,-0.00302232289687],[0.00027149845846,0.00052806379972,-0.0000915185009944,-0.000198908935999,0.00177598267328,-0.00352717912756,0.00299239112064,0.00034880192834,-0.00798053201288,0.0164077822119,-0.00749567663297,0.00182580912951,0.00283924303949],[-0.000380666548153,-0.000545106595382,-0.000426662387326,-0.00144323916174,0.000106780207716,0.00195750873536,-0.00199445872568,0.00334226689301,-0.00169281824492,-0.00749567663297,0.0166314784437,-0.00860746670514,0.00143326667603],[-0.00000198290035769,0.000204764161026,-0.00079541571904,0.00161835364997,-0.00121468107682,-0.000551842094865,0.00252634752542,-0.0041006077081,0.00341790379025,0.00182580912951,-0.00860746670514,0.0168838910758,-0.00820389483124],[0.000125596110593,-0.000321181782056,0.00110422330908,-0.000359616416972,0.00127697060816,-0.00101358687971,-0.00214026076719,0.0014275443973,-0.00302232289687,0.00283924303949,0.00143326667603,-0.00820389483124,0.0150514049456]],"mean":[-684.441772461,149.087844849,-31.4651756287,35.6203155518,7.32841110229,22.1463127136,-0.110687769949,16.7751712799,-2.02752447128,3.02773332596,-1.97662353516,5.81250572205,3.21391868591]},"pitch_salience":{"dmean":0.0951934754848,"dmean2":0.152234226465,"dvar":0.00803999695927,"dvar2":0.0199336204678,"max":0.917880892754,"mean":0.499340087175,"median":0.507691144943,"min":0.0587449930608,"var":0.0214727390558},"silence_rate_20dB":{"dmean":0.000670915818773,"dmean2":0.00134194409475,"dvar":0.000670484500006,"dvar2":0.00201119063422,"max":1,"mean":0.999664545059,"median":1,"min":0,"var":0.000335314456606},"silence_rate_30dB":{"dmean":0.0727943629026,"dmean2":0.145600944757,"dvar":0.0674993395805,"dvar2":0.145542025566,"max":1,"mean":0.912033557892,"median":1,"min":0,"var":0.080233335495},"silence_rate_60dB":{"dmean":0.0405904054642,"dmean2":0.081187620759,"dvar":0.0389432869852,"dvar2":0.0804681628942,"max":1,"mean":0.094171911478,"median":0,"min":0,"var":0.0852998420596},"spectral_centroid":{"dmean":256.083892822,"dmean2":376.054321289,"dvar":84242.171875,"dvar2":157610.71875,"max":10866.0117188,"mean":1407.14746094,"median":1346.54602051,"min":116.310043335,"var":417115.875},"spectral_complexity":{"dmean":3.73347878456,"dmean2":5.61083602905,"dvar":14.12961483,"dvar2":27.154006958,"max":62,"mean":20.9777774811,"median":21,"min":0,"var":192.309265137},"spectral_contrast_coeffs":{"dmean":[0.0574797615409,0.053489331156,0.0450981333852,0.0322875082493,0.0257881470025,0.0468053482473],"dmean2":[0.0926536917686,0.0882633477449,0.0730776786804,0.0525627247989,0.0411755628884,0.0734219476581],"dvar":[0.00220649060793,0.00180645193905,0.00132812245283,0.000700742704794,0.000541809247807,0.00161432602908],"dvar2":[0.00555606558919,0.00476127956063,0.00341596547514,0.00173676165286,0.00126978161279,0.00400855811313],"max":[-0.298670500517,-0.460116684437,-0.488166332245,-0.563156723976,-0.606693029404,-0.430392116308],"mean":[-0.698771297932,-0.781083524227,-0.786942660809,-0.803473711014,-0.795376121998,-0.719272375107],"median":[-0.709616243839,-0.786514282227,-0.792911171913,-0.804283976555,-0.791585087776,-0.713779091835],"min":[-0.970162510872,-0.97161924839,-0.972179889679,-0.986074090004,-0.973934233189,-0.956969678402],"var":[0.00862129591405,0.0051507782191,0.00502791674808,0.00261724670418,0.00238460255787,0.00819806847721]},"spectral_contrast_valleys":{"dmean":[0.489758998156,0.472163230181,0.41240978241,0.352579057217,0.325178980827,0.706935167313],"dmean2":[0.754161298275,0.743788123131,0.634912550449,0.542447686195,0.470696479082,1.13501036167],"dvar":[0.209105193615,0.214892014861,0.197741597891,0.204482495785,0.170510292053,0.37375959754],"dvar2":[0.425985693932,0.457599908113,0.396088838577,0.398350596428,0.341616749763,0.91962903738],"max":[-4.93092155457,-4.60610246658,-5.1009721756,-5.33608913422,-5.3106045723,-8.59440517426],"mean":[-7.13779067993,-6.99213266373,-7.23358678818,-7.40163183212,-7.63962268829,-11.4398012161],"median":[-6.89886760712,-6.74980545044,-7.00008773804,-7.16367483139,-7.23225259781,-11.3088178635],"min":[-27.167093277,-26.942445755,-26.9443397522,-27.1748046875,-27.1709270477,-27.2663822174],"var":[1.35309946537,1.38350427151,1.28246068954,1.37557637691,1.70762825012,1.15806674957]},"spectral_decrease":{"dmean":5.08006614552e-9,"dmean2":8.051369349e-9,"dvar":9.44281991069e-17,"dvar2":2.31598792463e-16,"max":4.09878042618e-9,"mean":-8.78293260342e-9,"median":-5.41353983863e-9,"min":-1.32965496391e-7,"var":1.3685371039e-16},"spectral_energy":{"dmean":0.01961815916,"dmean2":0.0309449881315,"dvar":0.00131739198696,"dvar2":0.00323163880967,"max":0.512517690659,"mean":0.044993352145,"median":0.0309628490359,"min":1.03032381175e-20,"var":0.00239273183979},"spectral_energyband_high":{"dmean":0.000275415543001,"dmean2":0.000393350142986,"dvar":2.18289386567e-7,"dvar2":4.44068177785e-7,"max":0.0109046064317,"mean":0.000841850822326,"median":0.000433621113189,"min":7.19524832975e-21,"var":0.00000112954819542},"spectral_energyband_low":{"dmean":0.0164558440447,"dmean2":0.0264928098768,"dvar":0.00128336832859,"dvar2":0.00319689582102,"max":0.456096619368,"mean":0.0223721973598,"median":0.00876726955175,"min":6.2698999224e-23,"var":0.0015899061691},"spectral_energyband_middle_high":{"dmean":0.0025734633673,"dmean2":0.00394445890561,"dvar":0.0000116736209748,"dvar2":0.0000277977833321,"max":0.0611783713102,"mean":0.00754636758938,"median":0.00519749708474,"min":1.96491867361e-21,"var":0.0000584635890846},"spectral_energyband_middle_low":{"dmean":0.00400871830061,"dmean2":0.00636368524283,"dvar":0.0000374285518774,"dvar2":0.0000932173643378,"max":0.143985688686,"mean":0.00916564650834,"median":0.00569623615593,"min":2.46781086163e-22,"var":0.000108127213025},"spectral_entropy":{"dmean":0.182201996446,"dmean2":0.280576735735,"dvar":0.0521053150296,"dvar2":0.129562810063,"max":9.80049514771,"mean":7.47198057175,"median":7.59411239624,"min":4.30550670624,"var":0.2215949893},"spectral_flux":{"dmean":0.035080820322,"dmean2":0.0573918074369,"dvar":0.00211717770435,"dvar2":0.00521486531943,"max":0.612903058529,"mean":0.112744130194,"median":0.101864241064,"min":1.01504867012e-10,"var":0.00533514423296},"spectral_kurtosis":{"dmean":5.14295578003,"dmean2":8.07742214203,"dvar":55.7200813293,"dvar2":140.48059082,"max":98.3740005493,"mean":19.47448349,"median":17.0374774933,"min":-1.18563902378,"var":129.562637329},"spectral_rms":{"dmean":0.00125167099759,"dmean2":0.00187434779946,"dvar":0.00000257464466813,"dvar2":0.00000582065877097,"max":0.0223610661924,"mean":0.00576301245019,"median":0.00549614941701,"min":3.17047928709e-12,"var":0.0000106835268525},"spectral_rolloff":{"dmean":3576.17480469,"dmean2":6711.12792969,"dvar":44625416,"dvar2":100241960,"max":22050,"mean":9157.76757812,"median":2670.1171875,"min":43.06640625,"var":89930664},"spectral_skewness":{"dmean":0.387987613678,"dmean2":0.590009450912,"dvar":0.253796070814,"dvar2":0.61674875021,"max":7.9249920845,"mean":2.83359861374,"median":2.66143941879,"min":0.00468373671174,"var":0.94568747282},"spectral_spread":{"dmean":484290,"dmean2":749923.625,"dvar":388778655744,"dvar2":793052250112,"max":40484784,"mean":3584232.5,"median":3434712,"min":1645487.5,"var":881884921856},"spectral_strongpeak":{"dmean":3.00766468048,"dmean2":5.617395401,"dvar":178.320388794,"dvar2":488.120697021,"max":154.775299072,"mean":3.66832852364,"median":0.289311766624,"min":0,"var":258.193725586},"zerocrossingrate":{"dmean":0.037343647331,"dmean2":0.0446764044464,"dvar":0.00124764128122,"dvar2":0.00162251794245,"max":0.81591796875,"mean":0.208159357309,"median":0.19287109375,"min":0.00390625,"var":0.0112433014438}},"metadata":{"audio_properties":{"analysis_sample_rate":44100,"bit_rate":192000,"codec":"mp3","downmix":"mix","equal_loudness":0,"length":276.871826172,"lossless":false,"md5_encoded":"9e9371f4ab6eb48c8b347c1840300c6f","replay_gain":0.422384262085},"tags":{"album":["The Battle of Los Angeles"],"albumartist":["Rage Against the Machine"],"albumartistsort":["Rage Against the Machine"],"artist":["Rage Against the Machine"],"artistsort":["Rage Against the Machine"],"asin":["B00002MZ2C"],"barcode":["074646963029"],"catalognumber":["EK 69630"],"composer":["Tom Morello","tim.com","Zack de la Rocha","Brad Wilk"],"date":["1999-11-02"],"discnumber":["1/1"],"file_name":"11 Ashes in the Fall.mp3","genre":["Alternative Rock / Hip Hop"],"isrc":["USSM19920175"],"label":["Epic"],"language":["eng"],"length":["276906"],"lyricist":["Zack de la Rocha"],"media":["CD"],"mp3gain_album_minmax":["120,189"],"mp3gain_minmax":["135,187"],"musicbrainz album release country":["US"],"musicbrainz album status":["official"],"musicbrainz album type":["album"],"musicbrainz_albumartistid":["3798b104-01cb-484c-a3b0-56adc6399b80"],"musicbrainz_albumid":["962df9d5-0ab5-4f90-97d9-99cb0ab52360"],"musicbrainz_artistid":["3798b104-01cb-484c-a3b0-56adc6399b80"],"musicbrainz_recordingid":["6a2a6e54-2605-4f1d-8c96-cf897d9a26b7"],"originaldate":["1998-09"],"performer:bass guitar":["Y.tim.K."],"performer:drums":["Brad Wilk"],"performer:guitar":["Tom Morello"],"performer:vocal":["Zack de la Rocha"],"replaygain_album_gain":["0.40 dB"],"replaygain_album_peak":["0.418785"],"replaygain_track_gain":["0.24 dB"],"replaygain_track_peak":["0.353985"],"script":["Latn"],"title":["Ashes in the Fall"],"tracknumber":["11/12"]},"version":{"essentia":"2.1-beta1","essentia_build_sha":"eef087cf131c10083d474ad51def18efd0e38295","essentia_git_sha":"v2.1_beta1-7-ge0e83e8-dirty","extractor":"music 1.0"}},"rhythm":{"beats_count":640,"beats_loudness":{"dmean":0.0315223485231,"dmean