{"lowlevel":{"average_loudness":0.49714744091,"barkbands":{"dmean":[0.00606515398249,0.0113086113706,0.00206334283575,0.00087686610641,0.00127357163001,0.000473650841741,0.000348083733115,0.000254902843153,0.000837336410768,0.000636123062577,0.00037120829802,0.000238257009187,0.000283513858449,0.000159135917784,0.000168774538906,0.000124169164337,0.000116436982353,0.000172779124114,0.000125695689349,0.000100334182207,0.0000691994355293,0.0000360175072274,0.0000130379048642,0.00000369319218407,0.00000184757607258,0.00000833285866975,0.000173370091943],"dmean2":[0.0100501226261,0.0187161043286,0.00344874453731,0.00146461324766,0.00208493927494,0.000740759831388,0.000533586426172,0.000407706596889,0.001246809843,0.000998092349619,0.000573800411075,0.000369209126802,0.000459122646134,0.000264328060439,0.000271562894341,0.000202305556741,0.000186934455996,0.00026813193108,0.00019324067398,0.000152339329361,0.000101861049188,0.0000509930105181,0.0000180704500963,0.00000567428969589,0.0000030696230624,0.0000115258626465,0.000236999418121],"dvar":[0.000177380308742,0.00103507330641,0.0000169138147612,0.00000314390626954,0.00000883308075572,0.00000210521966437,8.1566560084e-7,0.00000106973891434,0.0000157065042004,0.0000079700803326,0.00000419323396272,7.49959042423e-7,6.37144864868e-7,2.1385950788e-7,2.27416791176e-7,1.42770232969e-7,1.20984509522e-7,3.02360120941e-7,1.36986216148e-7,1.18384463121e-7,6.09644246197e-8,1.44180631878e-8,2.3477733091e-9,1.54084855986e-10,2.15029383188e-11,8.22646062382e-10,1.50312700953e-7],"dvar2":[0.00048594281543,0.00263568060473,0.0000454547225672,0.00000831506895338,0.0000228589178732,0.00000465120592708,0.00000163401625741,0.00000236732057601,0.0000292065888061,0.0000184914588317,0.00000931532395043,0.00000148956314661,0.00000156771932325,5.71187285914e-7,5.0880356639e-7,3.83845019769e-7,2.97430403862e-7,7.18656963272e-7,3.18013150036e-7,2.61892267872e-7,1.39239205055e-7,2.7182476714e-8,4.17353795967e-9,3.2832808694e-10,5.08291429779e-11,1.43199407887e-9,2.74887099749e-7],"max":[0.22071890533,0.571179151535,0.127913460135,0.0407161675394,0.0792092308402,0.0591448135674,0.0353068672121,0.0538557544351,0.1802020818,0.101469941437,0.119992144406,0.0600817687809,0.0204851347953,0.019479682669,0.0194164607674,0.0134270312265,0.0131724318489,0.0201401282102,0.00770353944972,0.0122443316504,0.00675166444853,0.00501850433648,0.00199405616149,0.00037564476952,0.000141227254062,0.00103610404767,0.0117691690102],"mean":[0.00644520903006,0.0120234303176,0.00262591661885,0.0012057616841,0.00197635032237,0.000741455645766,0.000568131101318,0.000378515396733,0.00139534415212,0.000950770743657,0.000509334844537,0.000374494818971,0.000418839219492,0.000232644219068,0.000266916205874,0.000205646414543,0.000195473607164,0.00029682420427,0.000223259965423,0.000181114810403,0.000121018762002,0.0000593723998463,0.0000191228846234,0.00000421084541813,0.00000184006762538,0.0000120502791106,0.000492562016007],"median":[0.00203306321055,0.00251547200605,0.00105328671634,0.000501901493408,0.000782273651566,0.000284782785457,0.000176233734237,0.000102325750049,0.000103746104287,0.0000712494074833,0.0000445078985649,0.0000600605999352,0.0000520440626133,0.0000462981552118,0.000042252435378,0.0000268494550255,0.000028243082852,0.0000312902520818,0.0000167177149706,0.0000106481656985,0.00000639701738692,0.00000385787825508,0.00000127375199099,6.17459079422e-7,4.69860026442e-7,0.00000145692627029,0.000110744600534],"min":[6.83137027146e-25,1.70959963227e-23,3.80422333972e-24,4.08730804771e-24,2.81051923879e-23,3.11245038601e-23,2.03802782844e-23,1.60613989346e-23,2.35219689042e-23,4.31942997464e-23,2.54357423049e-23,6.06885083209e-23,4.73052653383e-23,5.28189897026e-23,1.09360216431e-22,6.72068344263e-23,8.80319419088e-23,8.85966148557e-23,1.67999529178e-22,1.77314360881e-22,2.86742305754e-22,4.64532646373e-22,4.23744473361e-22,8.19119892984e-22,1.02531036215e-21,1.48438328327e-21,2.12627866978e-21],"var":[0.000159955685376,0.000930459063966,0.0000204130901693,0.00000414158284912,0.0000172375057446,0.00000382206280847,0.00000212333407035,0.00000222063340516,0.0000493318621011,0.0000188452377188,0.00000699586280462,0.00000185247313311,0.00000123948109376,3.63863620123e-7,4.63306292886e-7,2.83320758854e-7,2.35770883705e-7,6.34114996956e-7,3.06383441284e-7,2.46413577543e-7,1.1382406484e-7,3.18193933424e-8,4.59176607848e-9,2.04042643892e-10,2.20191694739e-11,1.65637015215e-9,7.44909982586e-7]},"barkbands_crest":{"dmean":3.5355155468,"dmean2":5.8419752121,"dvar":9.03785514832,"dvar2":23.8797264099,"max":26.7570667267,"mean":12.4271659851,"median":11.6539096832,"min":2.61963152885,"var":24.6275959015},"barkbands_flatness_db":{"dmean":0.0360401943326,"dmean2":0.0573052577674,"dvar":0.00104101060424,"dvar2":0.00258468976244,"max":0.605047047138,"mean":0.19462788105,"median":0.189145460725,"min":0.0352432988584,"var":0.00539836566895},"barkbands_kurtosis":{"dmean":16.4306774139,"dmean2":25.7820491791,"dvar":3578.00537109,"dvar2":6544.14306641,"max":3783.37939453,"mean":26.1358184814,"median":11.5243606567,"min":-1.63594865799,"var":6842.90039062},"barkbands_skewness":{"dmean":1.1116849184,"dmean2":1.74563169479,"dvar":2.08560419083,"dvar2":4.79849624634,"max":50.2426605225,"mean":3.22863912582,"median":2.72233080864,"min":-1.98429703712,"var":6.85944509506},"barkbands_spread":{"dmean":6.33630847931,"dmean2":10.0210447311,"dvar":66.0358734131,"dvar2":154.610214233,"max":109.069129944,"mean":19.4858455658,"median":12.3032016754,"min":0.0864191278815,"var":331.850219727},"dissonance":{"dmean":0.024462884292,"dmean2":0.0412280894816,"dvar":0.000690468470566,"dvar2":0.00191312422976,"max":0.500000119209,"mean":0.45690113306,"median":0.47019675374,"min":0.242421090603,"var":0.00153663521633},"dynamic_complexity":5.72543287277,"erbbands":{"dmean":[0.494151383638,2.03152227402,2.70067739487,2.46432614326,4.09339904785,4.02065372467,3.93258810043,4.11371707916,3.90794873238,6.04047822952,7.60991954803,17.7084903717,18.9252338409,19.3969726562,11.8611812592,10.0930585861,13.0798540115,7.93144130707,9.23977375031,6.205514431,6.65867376328,6.10568523407,8.84937572479,7.14654254913,5.89763402939,4.68480062485,3.57308077812,2.25934314728,1.47898364067,0.73208963871,0.289797127247,0.121002711356,0.0409230962396,0.0215406101197,0.0130120432004,0.0101659949869,0.0166525170207,0.0274544861168,0.0180904250592,0.00455196434632],"dmean2":[0.822361588478,3.40286159515,4.50950574875,4.02625465393,6.8685631752,6.51514196396,6.41151332855,6.3724822998,6.05415344238,9.2181892395,11.7194280624,26.633272171,29.6540222168,29.933889389,18.0009803772,15.6339941025,20.9806919098,12.9922418594,14.9844999313,10.0600757599,10.7619953156,9.69218349457,13.8041915894,10.9170045853,9.00928211212,7.06853818893,5.3252158165,3.28666639328,2.12047028542,1.00459420681,0.40109115839,0.177986070514,0.0657035559416,0.0356111042202,0.021521948278,0.0161997489631,0.0229254011065,0.0352107770741,0.0241680648178,0.00638209795579],"dvar":[2.22207903862,32.9417953491,32.2469215393,20.0440101624,103.844421387,136.22605896,150.359970093,165.542114258,111.964515686,247.498779297,1261.08984375,7656.52685547,9607.73828125,7282.51367188,2884.07983398,1255.30029297,1367.04516602,474.060058594,739.641723633,250.842697144,390.649688721,320.000244141,790.237060547,460.05569458,348.66986084,257.028045654,159.823257446,59.957447052,26.1296443939,6.71552848816,1.0717073679,0.193782418966,0.015645749867,0.00295123946853,0.00105592457112,0.000807037693448,0.00336960260756,0.00710657658055,0.00233076326549,0.000073911731306],"dvar2":[5.7064781189,85.8072280884,86.1224441528,51.5933189392,278.25289917,356.032745361,354.098968506,347.673187256,219.095993042,503.174713135,2644.92553711,14710.1279297,23844.8007812,14925.578125,6394.79101562,2589.87036133,3351.53076172,1205.16552734,1730.04968262,627.76953125,996.57220459,802.624694824,1923.09924316,1063.85876465,811.597412109,568.565490723,366.350982666,132.091552734,51.9514884949,11.1562128067,1.84632217884,0.389781445265,0.0354466214776,0.00694089755416,0.0024942047894,0.00181263114791,0.00573344482109,0.0113423233852,0.00436383346096,0.000141719545354],"max":[19.7131214142,116.066673279,139.504928589,96.2502975464,381.048156738,464.811462402,519.906921387,665.115661621,609.578430176,519.727966309,1439.45471191,3521.14648438,4048.10205078,3179.21533203,2139.41943359,2446.27661133,812.288513184,902.844116211,1161.91455078,416.652954102,685.82623291,397.11026001,782.747314453,823.661437988,624.32409668,566.79699707,282.378448486,254.531066895,228.251647949,135.144332886,40.7210426331,13.3989133835,4.30007791519,1.58454036713,1.00415706635,0.723881006241,1.9944589138,3.36282372475,1.34736299515,0.292975753546],"mean":[0.469730913639,2.21944284439,3.45503759384,3.74774312973,5.71785879135,6.09377098083,5.83421564102,6.50824403763,6.37023639679,9.68320655823,12.2262973785,29.8235797882,29.5377864838,30.5760173798,18.5499019623,16.6620922089,19.9328784943,12.657623291,15.0043592453,10.7186956406,11.7395429611,11.1329259872,15.3825263977,13.344042778,10.4399356842,8.40055847168,6.30218744278,3.92741441727,2.4438803196,1.13865089417,0.426273405552,0.152991995215,0.0418500676751,0.0214521866292,0.0131835797802,0.0109712220728,0.0242393258959,0.0487475804985,0.0404573231936,0.0148816928267],"median":[0.0786498934031,0.507890641689,1.27404224873,1.8074593544,2.24014306068,2.15603852272,2.05602192879,2.30837225914,2.28912448883,2.61420202255,2.57675766945,2.49358177185,2.3909702301,2.28888845444,2.30509495735,2.82149553299,2.71481704712,2.70850992203,2.35078620911,1.95468306541,1.68117380142,1.67699408531,1.74051165581,1.24858427048,0.712836205959,0.50467389822,0.322285622358,0.226766452193,0.151272878051,0.0738748833537,0.0330940485001,0.0165701489896,0.00810634251684,0.005226877518,0.00357601046562,0.0027175496798,0.00295406230725,0.00386580335908,0.00527027528733,0.00668981997296],"min":[2.35356209311e-22,2.67962311964e-21,8.26263766855e-21,1.54391888084e-20,5.14881900393e-20,8.21348666117e-20,1.26285030808e-19,2.70998301496e-19,3.10980903584e-19,3.23857494933e-19,5.64821307827e-19,6.88543694323e-19,1.13955337676e-18,1.13282147075e-18,1.46884550002e-18,2.37592658987e-18,2.38162565749e-18,2.78472503886e-18,3.63621152653e-18,4.67970317799e-18,4.65097726326e-18,5.42580437408e-18,5.53602081403e-18,9.44312613295e-18,9.95224504663e-18,7.42881312839e-18,1.15656021016e-17,1.21113138312e-17,1.42263617179e-17,1.42055101491e-17,1.31388913549e-17,1.48947319247e-17,1.11451652214e-17,1.01216111042e-17,7.20576056749e-18,4.46913814921e-18,2.34228949705e-18,1.01237839009e-18,2.75549656021e-19,3.25429396591e-20],"var":[1.84505712986,29.7793216705,37.805606842,31.6845111847,131.611587524,291.074035645,244.543746948,375.942047119,247.439544678,637.355163574,2890.08203125,22767.0390625,20793.703125,15847.2119141,5667.26269531,3160.02441406,2669.9362793,884.227600098,1441.81713867,526.36706543,891.817443848,663.694580078,1641.99658203,1091.60461426,734.122497559,521.112854004,306.872589111,120.807929993,53.2172279358,14.9753503799,2.14217448235,0.301372557878,0.0172294769436,0.00305951177143,0.00108932156581,0.000934838142712,0.00682736560702,0.0193988271058,0.00765675725415,0.000422983604949]},"erbbands_crest":{"dmean":2.8959851265,"dmean2":4.68679952621,"dvar":7.60815095901,"dvar2":18.6602668762,"max":32.257068634,"mean":9.32579708099,"median":8.15522003174,"min":2.31893563271,"var":23.2904644012},"erbbands_flatness_db":{"dmean":0.0263832807541,"dmean2":0.0400592125952,"dvar":0.000542328984011,"dvar2":0.0012464041356,"max":0.426185429096,"mean":0.149978384376,"median":0.143873035908,"min":0.0266348924488,"var":0.00267150625587},"erbbands_kurtosis":{"dmean":1.66331601143,"dmean2":2.61135101318,"dvar":7.19187355042,"dvar2":16.1031532288,"max":78.7201690674,"mean":1.84172224998,"median":0.52574634552,"min":-1.82298767567,"var":17.1697177887},"erbbands_skewness":{"dmean":0.431492477655,"dmean2":0.661819219589,"dvar":0.169147998095,"dvar2":0.374620258808,"max":8.04132175446,"mean":0.422158390284,"median":0.390908569098,"min":-5.24182653427,"var":1.12838768959},"erbbands_spread":{"dmean":8.24694538116,"dmean2":12.9134922028,"dvar":75.8707351685,"dvar2":185.945037842,"max":140.907684326,"mean":32.3241996765,"median":29.1100902557,"min":1.43428325653,"var":344.788513184},"gfcc":{"cov":[[22371.0644531,-679.405334473,-3228.79101562,698.991149902,731.854248047,-733.0078125,1518.2265625,-516.909423828,-0.0526328869164,-422.443267822,-474.563751221,315.397369385,-25.602399826],[-679.405334473,1184.23669434,382.5519104,-492.092712402,3.33276557922,36.184803009,-191.766372681,-16.1526145935,-45.4801559448,25.1265659332,121.601593018,-187.455062866,67.8173370361],[-3228.79101562,382.5519104,1228.6295166,-69.0119934082,-269.441772461,293.236694336,-458.705108643,108.077354431,-11.3250865936,167.127838135,109.55847168,-83.1565093994,-0.58679151535],[698.991149902,-492.092712402,-69.0119934082,537.929931641,123.237236023,-68.8279342651,158.811416626,-40.8716621399,25.6493186951,-12.9915418625,-68.2239151001,109.766693115,-33.5725364685],[731.854248047,3.33276557922,-269.441772461,123.237236023,292.480621338,-66.495803833,174.079940796,-40.3974533081,-3.9517159462,-67.9229507446,-16.9768733978,19.4589080811,33.9091415405],[-733.0078125,36.184803009,293.236694336,-68.8279342651,-66.495803833,303.087890625,-89.8466720581,104.390960693,-46.2583885193,31.6335983276,22.962097168,-9.49277973175,20.1935501099],[1518.2265625,-191.766372681,-458.705108643,158.811416626,174.079940796,-89.8466720581,383.991760254,-27.6958026886,30.80818367,-90.718788147,-76.5726699829,72.841545105,-0.427083790302],[-516.909423828,-16.1526145935,108.077354431,-40.8716621399,-40.3974533081,104.390960693,-27.6958026886,187.510955811,20.9177875519,20.3288173676,5.36727380753,-28.3828449249,27.2343463898],[-0.0526328869164,-45.4801559448,-11.3250865936,25.6493186951,-3.9517159462,-46.2583885193,30.80818367,20.9177875519,142.190948486,44.0167961121,-6.2036485672,15.6491527557,-26.7073249817],[-422.443267822,25.1265659332,167.127838135,-12.9915418625,-67.9229507446,31.6335983276,-90.718788147,20.3288173676,44.0167961121,107.3515625,47.0992469788,-13.1406612396,-11.981300354],[-474.563751221,121.601593018,109.55847168,-68.2239151001,-16.9768733978,22.962097168,-76.5726699829,5.36727380753,-6.2036485672,47.0992469788,89.5274505615,-0.783237159252,9.4382390976],[315.397369385,-187.455062866,-83.1565093994,109.766693115,19.4589080811,-9.49277973175,72.841545105,-28.3828449249,15.6491527557,-13.1406612396,-0.783237159252,104.789260864,6.45982122421],[-25.602399826,67.8173370361,-0.58679151535,-33.5725364685,33.9091415405,20.1935501099,-0.427083790302,27.2343463898,-26.7073249817,-11.981300354,9.4382390976,6.45982122421,82.4654693604]],"icov":[[0.0000941680773394,-0.000210433121538,0.000330409471644,-0.000225510069868,0.000140564268804,-0.000114523601951,-0.0000303831257042,0.0000645623586024,0.0000867575872689,-0.000258026644588,0.00037225606502,-0.000203421703191,0.000025538056434],[-0.000210433121538,0.00346036697738,-0.00232097320259,0.0027817117516,-0.00143434468191,0.000908204063307,-0.00138624350075,0.00154478265904,-0.000770735845435,0.00178753060754,-0.00339757092297,0.00422810716555,-0.00187729496974],[0.000330409471644,-0.00232097320259,0.00433089630678,-0.00338748143986,0.00234930263832,-0.00267484667711,0.00249528023414,-0.0000795101368567,-0.000697360781487,-0.00105293327942,0.000796559441369,-0.000615891360212,-0.0000305620960717],[-0.000225510069868,0.0027817117516,-0.00338748143986,0.00707464851439,-0.00444740708917,0.0028980022762,-0.00170912966132,-0.00051635527052,0.00234005576931,-0.00283487187698,0.00295764161274,-0.00311541883275,0.00203072908334],[0.000140564268804,-0.00143434468191,0.00234930263832,-0.00444740708917,0.00874816346914,-0.00210932129994,-0.00145208986942,0.00206920667551,-0.00286065251566,0.00459390040487,-0.00484833726659,0.0045266370289,-0.00440090429038],[-0.000114523601951,0.000908204063307,-0.00267484667711,0.0028980022762,-0.00210932129994,0.00722498772666,-0.000956959673204,-0.00370986363851,0.00424936087802,-0.00271749915555,0.00230668694712,-0.0035448030103,0.00169175537303],[-0.0000303831257042,-0.00138624350075,0.00249528023414,-0.00170912966132,-0.00145208986942,-0.000956959673204,0.00782508309931,-0.00155445525888,-0.00123396806885,0.001150312135,0.00323228351772,-0.00403835531324,0.00155173020903],[0.0000645623586024,0.00154478265904,-0.0000795101368567,-0.00051635527052,0.00206920667551,-0.00370986363851,-0.00155445525888,0.0102104051039,-0.00482182204723,0.00304589350708,-0.00388144445606,0.0076189795509,-0.00605522328988],[0.0000867575872689,-0.000770735845435,-0.000697360781487,0.00234005576931,-0.00286065251566,0.00424936087802,-0.00123396806885,-0.00482182204723,0.0143193621188,-0.0108603313565,0.00773407984525,-0.00799707043916,0.00613107671961],[-0.000258026644588,0.00178753060754,-0.00105293327942,-0.00283487187698,0.00459390040487,-0.00271749915555,0.001150312135,0.00304589350708,-0.0108603313565,0.0255758278072,-0.0160302482545,0.00997071992606,-0.00368293235078],[0.00037225606502,-0.00339757092297,0.000796559441369,0.00295764161274,-0.00484833726659,0.00230668694712,0.00323228351772,-0.00388144445606,0.00773407984525,-0.0160302482545,0.0288431420922,-0.0151051199064,0.00490460917354],[-0.000203421703191,0.00422810716555,-0.000615891360212,-0.00311541883275,0.0045266370289,-0.0035448030103,-0.00403835531324,0.0076189795509,-0.00799707043916,0.00997071992606,-0.0151051199064,0.0271434523165,-0.00988207664341],[0.000025538056434,-0.00187729496974,-0.0000305620960717,0.00203072908334,-0.00440090429038,0.00169175537303,0.00155173020903,-0.00605522328988,0.00613107671961,-0.00368293235078,0.00490460917354,-0.00988207664341,0.0195709895343]],"mean":[-88.0009689331,104.565307617,-71.5664901733,3.26394057274,-6.47321605682,-16.880235672,2.36413383484,-14.9475765228,-1.65391397476,-7.65714454651,-4.07954931259,-6.13655185699,-7.04476499557]},"hfc":{"dmean":72.740852356,"dmean2":109.570075989,"dvar":9256.54589844,"dvar2":23426.9550781,"max":1349.625,"mean":166.246688843,"median":124.619506836,"min":1.12734275163e-16,"var":24236.0507812},"melbands":{"dmean":[0.0038002722431,0.0017954056384,0.000450205639936,0.000294569617836,0.000144754580106,0.0000905857887119,0.0000617766927462,0.0000607859947195,0.0000755228538765,0.000118265728815,0.0000966061634244,0.0000824934104457,0.0000472320243716,0.0000272965171462,0.0000300076826534,0.0000251765832218,0.0000150537207446,0.0000155277593876,0.0000117468225653,0.0000086136678874,0.00000804152932687,0.00000623785399512,0.00000884475048224,0.00000821888806968,0.00000597515645495,0.00000522107802681,0.00000379264247385,0.0000031682163808,0.00000258666887021,0.00000183554243449,0.00000122290759919,9.79709739113e-7,5.44986392015e-7,3.85229498079e-7,1.75605123331e-7,1.20668090631e-7,5.56544641483e-8,2.92282908987e-8,2.24595151366e-8,1.67861795575e-8],"dmean2":[0.00625939015299,0.00297701964155,0.000735064910259,0.000485541444505,0.000235233746935,0.000139837735333,0.0000952975969994,0.0000932649491006,0.000115569273476,0.000177478344995,0.000151516549522,0.000127433027956,0.0000729688836145,0.0000426688457082,0.0000471281709906,0.0000408008309023,0.0000249175227509,0.0000253356156463,0.0000189714864973,0.0000140207312143,0.0000129560230562,0.0000100019724414,0.0000141659575092,0.0000128800202219,0.00000928754889173,0.00000814506802271,0.00000590640820519,0.00000487436273033,0.00000398173506255,0.00000280582412415,0.00000183867848591,0.00000145460387557,7.91108618614e-7,5.43605835901e-7,2.50900910714e-7,1.75356731802e-7,8.56447925912e-8,4.75221533236e-8,3.71555515244e-8,2.78814251686e-8],"dvar":[0.000120865261124,0.0000182179828698,7.48201614442e-7,5.05084017277e-7,1.80859572652e-7,7.30077189814e-8,2.52962095715e-8,2.4411471955e-8,1.44855960116e-7,3.35968138643e-7,2.4523222919e-7,1.30509889118e-7,6.41362234433e-8,1.35159963222e-8,7.18829129553e-9,5.03022246079e-9,1.79301340442e-9,2.14806483712e-9,1.0245291282e-9,7.38034078296e-10,5.80005432571e-10,3.40168587742e-10,8.26665236264e-10,7.2909783766e-10,3.23717275208e-10,2.53700199737e-10,1.94550070498e-10,1.12326786761e-10,8.05278344007e-11,4.34344643585e-11,1.76608536823e-11,1.19441938978e-11,3.68989040711e-12,2.14893489288e-12,4.07844222804e-13,2.2176635799e-13,4.44794009025e-14,9.04840404806e-15,3.9765558366e-15,1.81180453297e-15],"dvar2":[0.000305370049318,0.0000476682689623,0.00000194358676708,0.00000131279159632,4.43995531896e-7,1.55388718781e-7,5.12278539588e-8,5.04410202495e-8,2.86581155251e-7,6.25283234967e-7,6.05545096732e-7,2.66098851398e-7,1.41982397395e-7,2.58365613348e-8,1.67454228261e-8,1.23293153464e-8,4.65673055672e-9,5.33926991508e-9,2.3721358211e-9,1.97902139121e-9,1.43477785208e-9,8.52138692942e-10,2.10344630602e-9,1.79280845725e-9,7.70027985819e-10,6.05239247609e-10,4.54051407583e-10,2.57382365421e-10,1.89910254189e-10,1.04051392502e-10,3.88977842991e-11,2.60605946545e-11,6.72897284767e-12,3.90933422786e-12,7.30467390134e-13,4.57683099319e-13,9.51557829385e-14,2.10742339378e-14,9.37921445967e-15,4.27982031325e-15],"max":[0.165396034718,0.0789429172873,0.0231060218066,0.020463373512,0.014005237259,0.0133582865819,0.00798355601728,0.00537870591506,0.0162692479789,0.0279275011271,0.0195664707571,0.0143519490957,0.0127491932362,0.00904605165124,0.00230793911032,0.00195919629186,0.00194515299518,0.00178974191658,0.00135334732477,0.00123694480862,0.00102714251261,0.00059357547434,0.000820455490611,0.00108817929868,0.000658466829918,0.000371492787963,0.000646881118882,0.000320453022141,0.000219348206883,0.000201439950615,0.000145738275023,0.000172310843482,0.000101111312688,0.0000721336909919,0.0000268008061539,0.0000150171099449,0.0000068527260737,0.00000366315657629,0.0000014898456584,0.00000129479724365],"mean":[0.00401337444782,0.00224980222993,0.000708516337909,0.000444086501375,0.000220062691369,0.00014497016673,0.000102833946585,0.0000974593349383,0.000118767929962,0.000195416840143,0.00014769169502,0.000126995684695,0.0000681763631292,0.0000428648163506,0.0000465844714199,0.0000367831598851,0.0000219445410039,0.0000237357835431,0.0000182332587428,0.0000137213219205,0.000013552657947,0.0000105266826722,0.0000143943670992,0.0000134693373184,0.0000104629689304,0.00000845611975819,0.00000630759495834,0.00000539266693522,0.00000427215491072,0.00000301745058096,0.00000199152850655,0.00000153126927671,8.35618038764e-7,5.5772181895e-7,2.49828332244e-7,1.57472044293e-7,6.28385663504e-8,2.80554459664e-8,2.16958149224e-8,1.65183369205e-8],"median":[0.000931469490752,0.000764234748203,0.000366378313629,0.000170168248587,0.000076808661106,0.0000537503983651,0.0000362774953828,0.0000269913944067,0.00001935675391,0.0000146953934745,0.0000111498775368,0.00000875185105542,0.00000681141318637,0.00000697829273122,0.00000635401283944,0.00000502820057591,0.00000460581804873,0.00000347073569174,0.00000305765297526,0.00000187856198863,0.00000186580996342,0.00000159553530921,0.00000151010476657,0.00000141676002841,9.0092572691e-7,5.62251841529e-7,3.79065966172e-7,3.04767581838e-7,2.01516513698e-7,1.48606389416e-7,1.16572842046e-7,8.93414480174e-8,5.63705278012e-8,3.19001607352e-8,1.85070003766e-8,1.26713706194e-8,7.98465116247e-9,4.96371610481e-9,4.47487868982e-9,4.08027878152e-9],"min":[3.39150630247e-24,4.46983656142e-24,3.2801004072e-24,6.06998726511e-24,3.845526519e-24,6.07436149883e-24,5.08563676682e-24,3.22163654501e-24,4.33257673606e-24,3.91208863003e-24,5.23736351232e-24,3.52111614919e-24,3.66196686939e-24,6.93381519988e-24,3.83589807722e-24,3.11530618081e-24,5.22472951049e-24,4.88916464749e-24,8.56249269163e-24,5.36152035804e-24,5.21510343529e-24,5.12432644991e-24,5.102329458e-24,5.2963557141e-24,6.78983467404e-24,7.08347789082e-24,7.05857907407e-24,3.64201815482e-24,6.25847690095e-24,7.69707520214e-24,7.05727429813e-24,7.95643531284e-24,7.4969309353e-24,6.89785339779e-24,7.04556523571e-24,8.33146767579e-24,9.6459316138e-24,6.96713116249e-24,7.68854998234e-24,8.00473884379e-24],"var":[0.000107245548861,0.0000192273582797,0.00000110977055101,8.9327357955e-7,3.39269377037e-7,1.60013314598e-7,6.05310006563e-8,6.55901644109e-8,3.65721632534e-7,9.90181774796e-7,5.47817876395e-7,2.88904487888e-7,1.12775914829e-7,3.10647436663e-8,1.54199355507e-8,9.88244064359e-9,3.02168512434e-9,3.79640985315e-9,2.00925476257e-9,1.34595934398e-9,1.28879418249e-9,6.37186081676e-10,1.55566715065e-9,1.34491084935e-9,7.02458868851e-10,4.97198171523e-10,3.44604178526e-10,2.17595705343e-10,1.48822898449e-10,7.42936059894e-11,3.4327960613e-11,2.11801392397e-11,7.71587047727e-12,4.20688874361e-12,7.64242673052e-13,3.47234610856e-13,5.72065994835e-14,9.15335397132e-15,4.05989879641e-15,1.84940813715e-15]},"melbands_crest":{"dmean":4.53219461441,"dmean2":7.3851146698,"dvar":15.7496671677,"dvar2":39.6706047058,"max":39.3975601196,"mean":17.660572052,"median":16.7679824829,"min":1.88603687286,"var":44.1445884705},"melbands_flatness_db":{"dmean":0.042987331748,"dmean2":0.068069934845,"dvar":0.00135406688787,"dvar2":0.00339362537488,"max":0.669582605362,"mean":0.303486973047,"median":0.300565212965,"min":0.0045738206245,"var":0.00755886826664},"melbands_kurtosis":{"dmean":18.2569293976,"dmean2":29.5124378204,"dvar":2901.89086914,"dvar2":6137.55371094,"max":2893.87719727,"mean":28.1042251587,"median":12.0269079208,"min":-1.88954341412,"var":4775.00732422},"melbands_skewness":{"dmean":1.21256363392,"dmean2":1.90323388577,"dvar":2.1555147171,"dvar2":5.1262087822,"max":37.587978363,"mean":3.42149829865,"median":2.8972697258,"min":-2.96079564095,"var":7.05373430252},"melbands_spread":{"dmean":5.14052581787,"dmean2":8.09620857239,"dvar":59.6384735107,"dvar2":133.493591309,"max":152.687332153,"mean":13.913977623,"median":8.19227409363,"min":0.0703616738319,"var":235.445877075},"mfcc":{"cov":[[17059.5898438,231.563751221,-3642.00537109,1403.12255859,-1100.39611816,628.197570801,173.018371582,689.161193848,183.183609009,-20.4124717712,-177.456832886,-270.512023926,-142.10597229],[231.563751221,1664.85400391,177.086090088,-396.76260376,145.333999634,-103.878677368,80.0789108276,-156.162582397,-50.5687065125,-22.2053794861,54.0931816101,-29.4995059967,-64.4146652222],[-3642.00537109,177.086090088,1552.9152832,-410.588134766,351.460845947,-100.013496399,-109.308181763,-240.41746521,-100.855331421,50.8288879395,52.2543907166,122.236152649,42.1394500732],[1403.12255859,-396.76260376,-410.588134766,618.464660645,-105.753494263,136.060943604,-18.1394882202,104.94078064,36.9823188782,-13.4549360275,-31.9259433746,-20.810918808,19.6557865143],[-1100.39611816,145.333999634,351.460845947,-105.753494263,276.139373779,-32.8956031799,18.4944248199,-75.034072876,-15.6970291138,-7.26473999023,6.34844589233,32.0492553711,17.5343837738],[628.197570801,-103.878677368,-100.013496399,136.060943604,-32.8956031799,191.664993286,23.2934398651,64.9390640259,-7.39096641541,-8.82217025757,-33.7110671997,-3.05338835716,19.8912696838],[173.018371582,80.0789108276,-109.308181763,-18.1394882202,18.4944248199,23.2934398651,192.518249512,66.7603759766,31.1024246216,-25.5800285339,-17.3807353973,-39.7371253967,-13.5412216187],[689.161193848,-156.162582397,-240.41746521,104.94078064,-75.034072876,64.9390640259,66.7603759766,192.319793701,78.6327972412,4.7473282814,-21.8814029694,-21.5979709625,-0.778368473053],[183.183609009,-50.5687065125,-100.855331421,36.9823188782,-15.6970291138,-7.39096641541,31.1024246216,78.6327972412,129.463790894,27.51704216,2.48090982437,-3.53727698326,-2.46258640289],[-20.4124717712,-22.2053794861,50.8288879395,-13.4549360275,-7.26473999023,-8.82217025757,-25.5800285339,4.7473282814,27.51704216,86.893119812,36.7384605408,13.0375318527,-8.26849746704],[-177.456832886,54.0931816101,52.2543907166,-31.9259433746,6.34844589233,-33.7110671997,-17.3807353973,-21.8814029694,2.48090982437,36.7384605408,77.7191467285,23.9191474915,-5.07787036896],[-270.512023926,-29.4995059967,122.236152649,-20.810918808,32.0492553711,-3.05338835716,-39.7371253967,-21.5979709625,-3.53727698326,13.0375318527,23.9191474915,81.2731704712,37.9628715515],[-142.10597229,-64.4146652222,42.1394500732,19.6557865143,17.5343837738,19.8912696838,-13.5412216187,-0.778368473053,-2.46258640289,-8.26849746704,-5.07787036896,37.9628715515,66.0856246948]],"icov":[[0.000167668331414,-0.000152997265104,0.000297719263472,-0.000172165731783,0.000239293949562,-0.000263066991465,0.0000557348248549,-0.000131044042064,0.000116413604701,-0.000280560925603,0.000277266168268,-0.000238066873862,0.00022564358369],[-0.000152997265104,0.000972103967797,-0.000141585813253,0.000626007386018,-0.000517467211466,0.0000491991668241,-0.000350989954313,0.000748195627239,-0.000218149012653,0.000613641168457,-0.000877557555214,0.000448129052529,0.000325793545926],[0.000297719263472,-0.000141585813253,0.00182498665527,0.000302221014863,-0.00083915842697,-0.000618122459855,0.000441927259089,0.000380068842787,0.000613633252215,-0.00126341741998,0.000670056266245,-0.00125211151317,0.000387881009374],[-0.000172165731783,0.000626007386018,0.000302221014863,0.00285462802276,-0.000526691379491,-0.0012478956487,0.000757207919378,0.000142000237247,-0.000633586081676,0.000780864560511,-0.000806302530691,0.000872931093909,-0.000618933059741],[0.000239293949562,-0.000517467211466,-0.00083915842697,-0.000526691379491,0.00628275889903,-0.000123816338601,-0.00161316129379,0.00129261147231,-0.000819727021735,0.000326128763845,0.000970233872067,-0.0013995480258,-0.000354345305823],[-0.000263066991465,0.0000491991668241,-0.000618122459855,-0.0012478956487,-0.000123816338601,0.00826684292406,-0.00100279424805,-0.00241114618257,0.00258292164654,-0.00119234516751,0.00246300920844,-0.000496938591823,-0.00201991712674],[0.0000557348248549,-0.000350989954313,0.000441927259089,0.000757207919378,-0.00161316129379,-0.00100279424805,0.00787194259465,-0.00280589424074,-0.000893385498784,0.00221281405538,-0.000964996637776,0.00322786485776,-0.000104303144326],[-0.000131044042064,0.000748195627239,0.000380068842787,0.000142000237247,0.00129261147231,-0.00241114618257,-0.00280589424074,0.0112337702885,-0.00537336012349,-0.000179080408998,0.000640754762571,-0.0000650674919598,-0.0000329764989146],[0.000116413604701,-0.000218149012653,0.000613633252215,-0.000633586081676,-0.000819727021735,0.00258292164654,-0.000893385498784,-0.00537336012349,0.0125898318365,-0.00468016928062,0.00137574737892,-0.0011873022886,-0.000300107290968],[-0.000280560925603,0.000613641168457,-0.00126341741998,0.000780864560511,0.000326128763845,-0.00119234516751,0.00221281405538,-0.000179080408998,-0.00468016928062,0.0182525701821,-0.00844606291503,0.000435221969383,0.00250218785368],[0.000277266168268,-0.000877557555214,0.000670056266245,-0.000806302530691,0.000970233872067,0.00246300920844,-0.000964996637776,0.000640754762571,0.00137574737892,-0.00844606291503,0.0207065101713,-0.00736712710932,0.003182037035],[-0.000238066873862,0.000448129052529,-0.00125211151317,0.000872931093909,-0.0013995480258,-0.000496938591823,0.00322786485776,-0.0000650674919598,-0.0011873022886,0.000435221969383,-0.00736712710932,0.0237991176546,-0.012582060881],[0.00022564358369,0.000325793545926,0.000387881009374,-0.000618933059741,-0.000354345305823,-0.00201991712674,-0.000104303144326,-0.0000329764989146,-0.000300107290968,0.00250218785368,0.003182037035,-0.012582060881,0.0243257898837]],"mean":[-752.465209961,164.035598755,-1.70523011684,38.3386802673,5.78947925568,16.668056488,5.95816373825,7.25332260132,3.10445952415,3.68718647957,5.9099984169,1.78179121017,-0.250088632107]},"pitch_salience":{"dmean":0.0884876847267,"dmean2":0.143561556935,"dvar":0.0059031448327,"dvar2":0.0152545627207,"max":0.823406279087,"mean":0.475367307663,"median":0.49317881465,"min":0.0194969363511,"var":0.016802713275},"silence_rate_20dB":{"dmean":0.00197948538698,"dmean2":0.00395932700485,"dvar":0.00197550444864,"dvar2":0.00502322800457,"max":1,"mean":0.998560488224,"median":1,"min":0,"var":0.0014373351587},"silence_rate_30dB":{"dmean":0.0608241856098,"dmean2":0.121659316123,"dvar":0.0571271441877,"dvar2":0.119622558355,"max":1,"mean":0.927305459976,"median":1,"min":0,"var":0.0674162134528},"silence_rate_60dB":{"dmean":0.0223141983151,"dmean2":0.0446324124932,"dvar":0.0218171514571,"dvar2":0.0474998354912,"max":1,"mean":0.137201979756,"median":0,"min":0,"var":0.118380151689},"spectral_centroid":{"dmean":207.846618652,"dmean2":315.388519287,"dvar":82546.234375,"dvar2":165895.53125,"max":11542.3125,"mean":1008.36627197,"median":733.989379883,"min":96.57056427,"var":636490.1875},"spectral_complexity":{"dmean":3.09627485275,"dmean2":4.47529935837,"dvar":19.4770545959,"dvar2":32.0420150757,"max":64,"mean":13.5399913788,"median":9,"min":0,"var":168.666366577},"spectral_contrast_coeffs":{"dmean":[0.0511163882911,0.046565014869,0.0391623787582,0.0311150643975,0.0248172935098,0.0410032235086],"dmean2":[0.0841751396656,0.0770610794425,0.063894957304,0.0504833310843,0.0400840565562,0.0645127594471],"dvar":[0.00162515393458,0.001362560899,0.00103277363814,0.000626293360256,0.000443917117082,0.00175008026417],"dvar2":[0.00437262328342,0.0036600518506,0.00262363674119,0.00157055235468,0.0011199794244,0.00409702537581],"max":[-0.363905310631,-0.468262434006,-0.43975675106,-0.605523765087,-0.587723791599,-0.397279024124],"mean":[-0.704784631729,-0.781277477741,-0.810039281845,-0.818084537983,-0.83485776186,-0.771374702454],"median":[-0.707480788231,-0.788449048996,-0.821341395378,-0.820305109024,-0.830332040787,-0.794170498848],"min":[-0.978681087494,-0.966468393803,-0.973733007908,-0.981249213219,-0.971195816994,-0.961199045181],"var":[0.00574501883239,0.00440322514623,0.00478564715013,0.00296817743219,0.00366955250502,0.0112241432071]},"spectral_contrast_valleys":{"dmean":[0.458032667637,0.407556802034,0.389756590128,0.375391095877,0.424136191607,0.664841771126],"dmean2":[0.711654722691,0.656024992466,0.604783952236,0.581441342831,0.626648485661,1.05876863003],"dvar":[0.167484372854,0.134499803185,0.131602272391,0.140461519361,0.195620149374,0.324227124453],"dvar2":[0.35330927372,0.294635683298,0.281791985035,0.307621032,0.429678350687,0.788844048977],"max":[-4.50116825104,-4.8291015625,-4.87203168869,-5.5752453804,-5.32914733887,-8.61021518707],"mean":[-7.28263235092,-7.30854654312,-7.93271827698,-8.41009235382,-8.53664207458,-11.7229642868],"median":[-7.0006518364,-7.01112890244,-7.6410651207,-8.10790157318,-8.27149486542,-11.5380506516],"min":[-27.9439640045,-28.4117412567,-28.190776825,-27.3914299011,-27.6566677094,-27.363992691],"var":[2.05820441246,1.98747122288,2.58806729317,2.71693110466,3.14843821526,1.72529554367]},"spectral_decrease":{"dmean":4.60128735114e-9,"dmean2":7.34098115629e-9,"dvar":1.16250864792e-16,"dvar2":2.84468497918e-16,"max":7.04087943504e-9,"mean":-6.22872953215e-9,"median":-2.35243402535e-9,"min":-1.60812930972e-7,"var":1.36269800286e-16},"spectral_energy":{"dmean":0.0197360087186,"dmean2":0.0301527380943,"dvar":0.00176721741445,"dvar2":0.00418745866045,"max":0.651065349579,"mean":0.0385876707733,"median":0.0221109651029,"min":1.02834697934e-20,"var":0.00267080077901},"spectral_energyband_high":{"dmean":0.000293978868285,"dmean2":0.000384027778637,"dvar":6.290466672e-7,"dvar2":0.00000117494721508,"max":0.023304251954,"mean":0.000692492641974,"median":0.000108974774776,"min":7.37298957167e-21,"var":0.0000020732984467},"spectral_energyband_low":{"dmean":0.0147659713402,"dmean2":0.0238849855959,"dvar":0.0014852428576,"dvar2":0.00367932580411,"max":0.620172202587,"mean":0.0184067264199,"median":0.00653602043167,"min":4.19458958095e-23,"var":0.00148299476132},"spectral_energyband_middle_high":{"dmean":0.00153017940465,"dmean2":0.00223372550681,"dvar":0.0000163458771567,"dvar2":0.0000341262057191,"max":0.146922543645,"mean":0.00364766456187,"median":0.000708710809704,"min":1.3820300828e-21,"var":0.0000603631233389},"spectral_energyband_middle_low":{"dmean":0.00298965722322,"dmean2":0.00458503887057,"dvar":0.0000404868806072,"dvar2":0.000089861372544,"max":0.186270236969,"mean":0.00649610441178,"median":0.00334039656445,"min":2.17747647459e-22,"var":0.00012245522521},"spectral_entropy":{"dmean":0.2453199476,"dmean2":0.378546267748,"dvar":0.0635459646583,"dvar2":0.153951495886,"max":9.80722236633,"mean":7.23619031906,"median":7.35591554642,"min":4.71285820007,"var":0.34856197238},"spectral_flux":{"dmean":0.0334284715354,"dmean2":0.0538367964327,"dvar":0.00238318066113,"dvar2":0.00517123844475,"max":0.68477499485,"mean":0.100851930678,"median":0.0841172710061,"min":6.4683536305e-11,"var":0.00617723260075},"spectral_kurtosis":{"dmean":7.12858009338,"dmean2":11.2307405472,"dvar":101.92098999,"dvar2":259.748504639,"max":152.671356201,"mean":21.0288047791,"median":17.2178916931,"min":-1.22058904171,"var":194.962081909},"spectral_rms":{"dmean":0.00125898176339,"dmean2":0.00183179276064,"dvar":0.00000301141994896,"dvar2":0.00000642271470497,"max":0.0252028908581,"mean":0.00517517328262,"median":0.00464453175664,"min":3.16743636528e-12,"var":0.0000108642134364},"spectral_rolloff":{"dmean":4675.88916016,"dmean2":9051.11132812,"dvar":67042248,"dvar2":155450432,"max":22050,"mean":16213.0048828,"median":21813.1347656,"min":21.533203125,"var":82657704},"spectral_skewness":{"dmean":0.542398750782,"dmean2":0.833920061588,"dvar":0.424215048552,"dvar2":1.06023550034,"max":10.6453294754,"mean":3.1242825985,"median":2.84794354439,"min":-0.0525913238525,"var":1.47940123081},"spectral_spread":{"dmean":631893.9375,"dmean2":987904.3125,"dvar":437918367744,"dvar2":1016710234110,"max":41181564,"mean":4033617.25,"median":3827286.75,"min":1275318,"var":2512052289540},"spectral_strongpeak":{"dmean":12.0759782791,"dmean2":22.0422954559,"dvar":806.509338379,"dvar2":2048.25097656,"max":204.968276978,"mean":9.82200050354,"median":0.170677274466,"min":0,"var":694.414367676},"zerocrossingrate":{"dmean":0.0566328912973,"dmean2":0.0722828060389,"dvar":0.00259395712055,"dvar2":0.00405523600057,"max":0.99951171875,"mean":0.321040034294,"median":0.3134765625,"min":0,"var":0.0150437699631}},"metadata":{"audio_properties":{"analysis_sample_rate":44100,"bit_rate":128000,"codec":"mp3","downmix":"mix","equal_loudness":0,"length":258.063659668,"lossless":false,"md5_encoded":"d275085657c445e79ceee6cc9c538649","replay_gain":3.08464241028},"tags":{"album":["The Broadsword and the Beast"],"albumartist":["Jethro Tull"],"albumartistsort":["Jethro Tull"],"artist":["Jethro Tull"],"artistsort":["Jethro Tull"],"asin":["B000008H1S"],"catalognumber":["CHR 1380"],"composer":["Ian Anderson"],"date":["1982-04-10"],"discnumber":["1/1"],"file_name":"02 Clasp.mp3","genre":["Rock"],"label":["Chrysalis"],"language":["eng"],"media":["Vinyl"],"mp3gain_album_minmax":["000,210"],"mp3gain_minmax":["000,193"],"musicbrainz album release country":["GB"],"musicbrainz album status":["official"],"musicbrainz album type":["album"],"musicbrainz_albumartistid":["ece57992-dc2e-4f67-a269-fa43626c1a3d"],"musicbrainz_albumid":["657fae08-8702-44fd-acec-4dcb9e7c1b23"],"musicbrainz_artistid":["ece57992-dc2e-4f67-a269-fa43626c1a3d"],"musicbrainz_recordingid":["6a5218a4-c21c-49a8-9d8a-b58dd89a4c58"],"originaldate":["1982-04-10"],"replaygain_album_gain":["0.10 dB"],"replaygain_album_peak":["0.960167"],"replaygain_track_gain":["4.17 dB"],"replaygain_track_peak":["0.564877"],"script":["Latn"],"title":["Clasp"],"tracknumber":["2/10"]},"version":{"essentia":"2.1-beta1","essentia_build_sha":"eef087cf131c10083d474ad51def18efd0e38295","essentia_git_sha":"v2.1_beta1-7-ge0e83e8-dirty","extractor":"music 1.0"}},"rhythm":{"beats_count":517,"beats_loudness":{"dmean":0.0395004488528,"dmean2":0.0692405551672,"dvar":0.00230258959346,"dvar2":0.00659120921046,"max":0.327880501747,"mean":0.0710669010878,"median":0.0591686777771,"min":8.74553975905e-8,"var":0.00375206116587},"beats_loudness_band_ratio":{"dmean":[0.167703002691,0.0545022785664,0.0437898747623,0.0332085117698,0.0207629986107,0.0759881585836],"dmean2":[0.2