{"lowlevel":{"average_loudness":0.940896511078,"barkbands":{"dmean":[0.0118300914764,0.0323628112674,0.00584150198847,0.00206261803396,0.00318016391248,0.00185830378905,0.00106705538929,0.000520990870427,0.000323408457916,0.000147485145135,0.000161169999046,0.000800430600066,0.000894011638593,0.00121705618221,0.00058585224906,0.000555451726541,0.000422308658017,0.000214747167774,0.0000889000948519,0.0000593959885009,0.0000481427232444,0.0000270882683253,0.0000130125254145,0.00000567819051867,0.00000478290576211,0.00000649030016575,0.0000631145449006],"dmean2":[0.0202367678285,0.0552376136184,0.0100134415552,0.00352423079312,0.00511957705021,0.00289919623174,0.00168725976255,0.000836460560095,0.00054932013154,0.00024860384292,0.000272309378488,0.001355649787,0.00152894761413,0.00208037369885,0.000999993528239,0.000925538421143,0.00071628682781,0.000365120591596,0.00014873733744,0.0000942828337429,0.0000766556040617,0.00004340463056,0.0000208326164284,0.00000941625512496,0.00000805281069916,0.0000105247154352,0.000102058053017],"dvar":[0.000458092137706,0.00181943608914,0.000163336662808,0.00000717087732482,0.0000215477557504,0.00000840173288452,0.00000425628422818,5.77492869525e-7,1.29536303461e-7,3.68497907743e-8,4.51832846693e-8,0.00000154524730078,0.00000105624303615,0.00000175654918166,4.84954057356e-7,5.47274282781e-7,2.19707217752e-7,5.04635409015e-8,1.17074483441e-8,1.10975708623e-8,6.62096555359e-9,2.20352136537e-9,6.34515551212e-10,8.48176875956e-11,6.16470346992e-11,1.06505006203e-10,5.19220089146e-9],"dvar2":[0.00120326224715,0.00497956387699,0.000426289596362,0.000019106646505,0.0000516260915902,0.0000195113989321,0.00000974446811597,0.00000134097217597,3.47042657722e-7,9.68412408042e-8,1.14992857903e-7,0.00000407763809562,0.00000279599498754,0.0000049335908443,0.00000133979949624,0.00000142604164921,5.97912048761e-7,1.3947837374e-7,3.13540198249e-8,2.65592134951e-8,1.61890607586e-8,5.24917975753e-9,1.37776312581e-9,2.07910980099e-10,1.54425625065e-10,2.42531050798e-10,1.31380071267e-8],"max":[0.291657209396,0.549534797668,0.246726706624,0.0473975278437,0.0785593986511,0.0743388012052,0.0502451471984,0.0166486613452,0.00613262318075,0.00438415119424,0.00564607046545,0.0385238863528,0.0297636948526,0.0208217687905,0.0252525620162,0.0152029627934,0.0142267597839,0.00385394692421,0.0029761842452,0.00283787236549,0.00169354560785,0.00114196527284,0.000578854989726,0.000146619975567,0.000122733501485,0.000182922405656,0.00145294016693],"mean":[0.0131627060473,0.0439871586859,0.00636079721153,0.00262766424567,0.00585973355919,0.00352299469523,0.00183763646055,0.000883688451722,0.000525478681084,0.000233194601606,0.000268525851425,0.0013853975106,0.00179226463661,0.00248395465314,0.00125359382946,0.00119942997117,0.000995015492663,0.000519114837516,0.000234514096519,0.000155693545821,0.000133668145281,0.0000723098783055,0.000028729051337,0.0000060134798332,0.00000443504768555,0.0000105670933408,0.000219698253204],"median":[0.00628981366754,0.0296085104346,0.00305694853887,0.00161497865338,0.00395492836833,0.00172256131191,0.00070611294359,0.000508936471306,0.000413982110331,0.000164663477335,0.000194860069314,0.000973513931967,0.00144579121843,0.00198443140835,0.00102473434526,0.000916500284802,0.000841436150949,0.000453323096735,0.000185007083928,0.0000510021891387,0.0000345218541042,0.0000208284636756,0.00000960737270361,0.00000246057402364,0.00000142517228596,0.00000498453800901,0.000191670362256],"min":[3.92622078512e-13,4.79289297053e-13,1.55558766281e-13,3.98445823048e-14,2.84558455358e-13,3.24265137311e-13,4.61852886664e-13,3.59877519495e-13,6.2172971849e-13,6.02907535095e-13,3.3888964226e-13,6.21358487666e-13,4.41070899422e-13,4.24314283796e-13,1.45765420134e-12,5.85454427993e-13,2.40239056946e-12,1.58698824481e-12,1.97988760803e-12,5.3793050743e-12,4.75086376489e-12,8.99461711709e-13,1.63975376246e-12,9.53754436539e-13,8.17747901186e-14,8.71448529657e-13,1.67066414956e-12],"var":[0.000471505220048,0.00228611705825,0.00014657099382,0.0000103772790681,0.0000463097567263,0.0000253678681474,0.0000117807139759,0.00000160266074545,1.97973179183e-7,5.62927588987e-8,8.02756900953e-8,0.00000260285492004,0.0000020705138013,0.00000364857805835,9.82268488769e-7,0.00000117784634313,4.82050666051e-7,1.0036605147e-7,3.64141712339e-8,4.94837948395e-8,3.68090802283e-8,1.11167262062e-8,2.23789475839e-9,9.57461054885e-11,6.34817823308e-11,2.31080821145e-10,1.85923880736e-8]},"barkbands_crest":{"dmean":3.58610677719,"dmean2":6.03776693344,"dvar":8.40619659424,"dvar2":23.5566902161,"max":24.8726654053,"mean":12.0552654266,"median":11.7877960205,"min":2.40792107582,"var":19.0040397644},"barkbands_flatness_db":{"dmean":0.030524879694,"dmean2":0.0505888424814,"dvar":0.000671324029099,"dvar2":0.00188355951104,"max":0.31782963872,"mean":0.157440334558,"median":0.152715444565,"min":0.0309530701488,"var":0.00198470591567},"barkbands_kurtosis":{"dmean":3.99373054504,"dmean2":6.75012731552,"dvar":27.8494777679,"dvar2":75.1857757568,"max":69.7774734497,"mean":4.75396871567,"median":2.69584608078,"min":-1.7811999321,"var":41.4374084473},"barkbands_skewness":{"dmean":0.741753578186,"dmean2":1.22369742393,"dvar":0.45055949688,"dvar2":1.22393524647,"max":7.36690664291,"mean":1.92821156979,"median":1.80643630028,"min":-1.09953081608,"var":1.26597034931},"barkbands_spread":{"dmean":5.83897066116,"dmean2":9.59147834778,"dvar":25.3091850281,"dvar2":67.1077041626,"max":102.381324768,"mean":21.8026752472,"median":21.1023902893,"min":2.15191888809,"var":97.4897003174},"dissonance":{"dmean":0.00869565363973,"dmean2":0.0147046111524,"dvar":0.0000630923750577,"dvar2":0.00017349520931,"max":0.500000238419,"mean":0.483683079481,"median":0.486173093319,"min":0.396990209818,"var":0.000127815961605},"dynamic_complexity":1.66359722614,"erbbands":{"dmean":[1.58865630627,5.44336748123,7.02423906326,6.60614395142,6.65552520752,11.8197622299,22.2712249756,10.4883050919,12.6790418625,14.3707714081,11.6320199966,7.28736019135,4.55185127258,4.58958864212,7.61284685135,35.3003921509,39.8012123108,54.2259750366,38.5317115784,25.8982601166,29.5591411591,22.2450180054,12.2278738022,5.9155626297,3.47985649109,2.72256994247,2.15847182274,1.93474209309,1.04172825813,0.616504311562,0.334880024195,0.154163748026,0.0804621055722,0.0541030988097,0.033702082932,0.0187337435782,0.0122630065307,0.0089868735522,0.00355496769771,0.00149840849917],"dmean2":[2.71869277954,9.39977359772,12.0186424255,11.1464538574,11.1625919342,19.1393566132,34.6787414551,17.0610275269,20.4635066986,22.5057659149,18.980550766,12.353969574,7.62107181549,7.72651004791,12.579867363,59.7857513428,67.8357925415,92.9169235229,65.4366989136,43.9292755127,49.1147041321,37.8734741211,20.6976470947,9.92651462555,5.7221622467,4.34886169434,3.48812389374,3.11042404175,1.67182838917,0.988823056221,0.536241769791,0.249834895134,0.135115027428,0.0910493582487,0.0567236877978,0.0314947925508,0.0197083819658,0.0140875019133,0.00547431595623,0.00243685254827],"dvar":[5.13334083557,50.2203788757,196.062042236,96.5141372681,69.9263076782,366.393737793,1569.92871094,229.521377563,510.330749512,983.854187012,213.953582764,64.6018371582,42.8904762268,29.1901245117,110.856246948,2668.85644531,2104.51757812,3593.26098633,1675.56628418,931.28137207,1664.8359375,601.96105957,169.441757202,45.692527771,23.0204734802,23.6671791077,14.1056394577,12.369389534,3.24027729034,1.27970588207,0.429511189461,0.0778493657708,0.0172592177987,0.00788188353181,0.00305958464742,0.00094162102323,0.00044031397556,0.000241385219852,0.0000269238007604,0.00000301412433146],"dvar2":[13.9291381836,141.512313843,514.31048584,251.954147339,188.336227417,864.87512207,3779.84545898,577.646179199,1207.98144531,2226.11303711,532.911621094,171.572601318,110.475914001,77.2833557129,257.098205566,7029.85107422,5562.22949219,10155.3623047,4671.51513672,2535.48925781,4316.36474609,1651.55432129,461.865905762,122.667556763,58.7375030518,56.9238548279,36.4122085571,30.9319190979,7.79838991165,3.00647187233,0.915646851063,0.179582893848,0.043205499649,0.0197438616306,0.00766360666603,0.0023578661494,0.000998524250463,0.000519699999131,0.0000587222930335,0.00000768912832427],"max":[26.1378173828,102.642723083,285.915344238,164.485626221,110.93107605,396.436859131,791.079711914,354.586669922,424.15737915,769.781188965,387.273590088,131.614608765,178.606552124,87.9206695557,430.635345459,1530.39233398,1229.91259766,1071.58764648,870.221130371,691.30871582,829.797241211,614.265380859,461.532653809,161.973556519,154.79057312,135.758071899,72.5067138672,89.1534118652,44.1983299255,26.1734580994,17.6534290314,6.41218948364,2.03024601936,1.38622152805,0.865274608135,0.477380126715,0.43728980422,0.369318515062,0.129448309541,0.0324322208762],"mean":[2.04370713234,6.80878973007,8.35304737091,8.78432559967,10.9484710693,19.8449573517,40.6897163391,18.6701278687,21.4269180298,26.9512233734,19.8531360626,12.53947258,7.65197134018,8.33443832397,16.0859088898,65.380897522,86.8589172363,115.404914856,89.5486297607,61.9419593811,66.226020813,56.9118614197,33.4008331299,16.6154575348,9.7486076355,7.31426906586,5.71800708771,4.91464805603,2.76091551781,1.56264913082,0.715845286846,0.211894154549,0.0777331739664,0.0504400655627,0.0313631333411,0.0178747922182,0.0196417253464,0.0268990080804,0.0138833234087,0.00489951577038],"median":[1.19173395634,4.53623151779,4.6742811203,5.50062894821,7.48713159561,12.077466011,16.8221473694,11.6449327469,10.5784168243,9.17854118347,13.5696287155,10.1384954453,5.30016088486,6.47274398804,11.8758277893,48.4744300842,70.5307693481,94.2069778442,75.9210205078,51.0071868896,50.1517410278,48.6359291077,29.3275775909,14.3709335327,6.53006887436,2.50505185127,1.60968923569,1.22409713268,0.777478098869,0.478350996971,0.244929909706,0.0950689613819,0.0276692435145,0.0163380783051,0.0101254722103,0.00614541117102,0.00920037180185,0.00898241624236,0.00624849274755,0.00435562524945],"min":[1.94792654229e-11,8.83401130025e-11,1.86329771057e-10,1.69776012693e-10,2.00696181896e-10,1.12897924343e-9,2.6322950486e-9,2.5165762807e-9,4.63679938889e-9,9.16590447986e-9,8.25001311711e-9,1.49182248776e-8,1.3211130856e-8,2.0404616663e-8,2.01708871828e-8,2.32746284468e-8,2.03091357065e-8,1.49865861943e-8,5.09645232682e-8,6.717938561e-8,4.36820712935e-8,1.6555243576e-7,9.9802136333e-8,4.4022382184e-8,1.56028875153e-7,2.6083313287e-7,3.01757012267e-7,8.49387689073e-8,3.47687212354e-8,3.199060572e-8,4.98114687275e-8,3.62269148013e-8,2.10762785002e-9,9.67919189243e-10,5.72659586418e-10,4.84237483445e-10,2.50167153659e-9,6.73339162205e-10,3.66666391693e-10,2.11006819656e-11],"var":[6.23486423492,55.9495239258,181.313369751,118.0207901,121.877723694,711.930297852,4302.69091797,529.40423584,1125.60998535,3789.19091797,440.09576416,101.379867554,66.9869842529,48.193321228,415.502960205,4468.57519531,4419.95849609,7388.23144531,3633.71435547,2171.03735352,3583.9921875,1407.23046875,395.419647217,124.959999084,92.4643936157,105.588119507,66.4082489014,53.2723884583,16.0662517548,5.78458118439,1.43155157566,0.119451962411,0.0178819149733,0.00812125578523,0.00315272016451,0.000972359324805,0.000863856752403,0.00150063575711,0.000252006895607,0.00000804174578661]},"erbbands_crest":{"dmean":1.99082159996,"dmean2":3.36494517326,"dvar":3.03369736671,"dvar2":8.20643901825,"max":22.6718177795,"mean":7.64726161957,"median":7.11249351501,"min":2.69978451729,"var":7.03557920456},"erbbands_flatness_db":{"dmean":0.0222584027797,"dmean2":0.0360349826515,"dvar":0.000348576839315,"dvar2":0.000908793241251,"max":0.314452618361,"mean":0.167982757092,"median":0.165233939886,"min":0.0618458464742,"var":0.00139676744584},"erbbands_kurtosis":{"dmean":0.874135553837,"dmean2":1.41916584969,"dvar":0.760005116463,"dvar2":1.94255912304,"max":16.5191326141,"mean":0.546938419342,"median":0.11895942688,"min":-1.75535798073,"var":2.73384428024},"erbbands_skewness":{"dmean":0.282386422157,"dmean2":0.449764341116,"dvar":0.0542377121747,"dvar2":0.135201141238,"max":1.46839821339,"mean":-0.734058797359,"median":-0.753250956535,"min":-3.12493014336,"var":0.267514467239},"erbbands_spread":{"dmean":6.01779651642,"dmean2":9.77468204498,"dvar":26.5320854187,"dvar2":69.4978179932,"max":91.9237670898,"mean":30.4866275787,"median":30.201341629,"min":5.42057085037,"var":106.306671143},"gfcc":{"cov":[[3082.74365234,-264.617889404,256.985412598,291.899871826,-191.249588013,69.8617858887,119.801963806,55.7344169617,72.0480270386,267.444396973,-90.6815643311,66.4561233521,86.1334609985],[-264.617889404,737.021606445,-85.875038147,-177.137405396,260.486663818,-95.9808731079,-62.8703460693,29.0649547577,22.5174369812,-91.0154495239,123.726860046,-40.5953063965,55.8479309082],[256.985412598,-85.875038147,257.135314941,100.210960388,-85.3437957764,127.785308838,-67.8779830933,112.67691803,-45.9720878601,55.498626709,-16.3923931122,15.4575042725,29.0578365326],[291.899871826,-177.137405396,100.210960388,221.510467529,-39.2781143188,4.14766979218,143.84236145,-66.5656356812,46.3383979797,47.3843040466,-57.4214553833,47.3670806885,-31.8930511475],[-191.249588013,260.486663818,-85.3437957764,-39.2781143188,217.019134521,-5.92307424545,0.251919329166,-0.782324671745,3.58455920219,-63.3309783936,52.0195617676,-29.6294136047,23.6511306763],[69.8617858887,-95.9808731079,127.785308838,4.14766979218,-5.92307424545,180.539016724,-79.5140609741,129.667312622,-64.022605896,21.9119110107,-2.29059720039,-13.9537963867,28.8374633789],[119.801963806,-62.8703460693,-67.8779830933,143.84236145,0.251919329166,-79.5140609741,271.281890869,-119.133094788,122.102760315,23.5144290924,-42.3160018921,43.5275421143,-69.2758178711],[55.7344169617,29.0649547577,112.67691803,-66.5656356812,-0.782324671745,129.667312622,-119.133094788,212.421737671,-39.273311615,32.3949508667,41.3382377625,-35.0861358643,48.7234573364],[72.0480270386,22.5174369812,-45.9720878601,46.3383979797,3.58455920219,-64.022605896,122.102760315,-39.273311615,121.153785706,40.5559844971,1.26292264462,30.0422077179,-30.801158905],[267.444396973,-91.0154495239,55.498626709,47.3843040466,-63.3309783936,21.9119110107,23.5144290924,32.3949508667,40.5559844971,92.3709869385,11.6927022934,25.9320926666,8.76051712036],[-90.6815643311,123.726860046,-16.3923931122,-57.4214553833,52.0195617676,-2.29059720039,-42.3160018921,41.3382377625,1.26292264462,11.6927022934,79.0370941162,10.410607338,24.3503055573],[66.4561233521,-40.5953063965,15.4575042725,47.3670806885,-29.6294136047,-13.9537963867,43.5275421143,-35.0861358643,30.0422077179,25.9320926666,10.410607338,62.1310920715,12.2140293121],[86.1334609985,55.8479309082,29.0578365326,-31.8930511475,23.6511306763,28.8374633789,-69.2758178711,48.7234573364,-30.801158905,8.76051712036,24.3503055573,12.2140293121,79.8650665283]],"icov":[[0.000580072461162,-0.000552375044208,0.000701431476045,-0.000822610280011,-0.0000628290727036,0.000250548910117,0.000120823751786,-0.000643923820462,0.00114382139873,-0.00268099433742,0.00205397070386,-0.000693117443006,-0.000182285832125],[-0.000552375044208,0.0120717957616,-0.0229191333055,0.0256534032524,-0.0209766067564,0.0152709288523,-0.0088922213763,0.00311981537379,0.000569565454498,-0.00234467000701,0.00241196807474,-0.0040900898166,0.0021857926622],[0.000701431476045,-0.0229191333055,0.0655043795705,-0.0717253610492,0.0543394237757,-0.0390004590154,0.026095457375,-0.0105156935751,-0.00975373014808,0.0193520132452,-0.0204855576158,0.0181381069124,-0.0125765362754],[-0.000822610280011,0.0256534032524,-0.0717253610492,0.0978138297796,-0.0765657126904,0.0515016801655,-0.0325006097555,0.0023005749099,0.0285297166556,-0.044651594013,0.0517259836197,-0.0497503839433,0.0303267557174],[-0.0000628290727036,-0.0209766067564,0.0543394237757,-0.0765657126904,0.0850917845964,-0.0575881712139,0.0185543596745,0.0146324932575,-0.0408239029348,0.059867657721,-0.070708706975,0.0694163441658,-0.0442165248096],[0.000250548910117,0.0152709288523,-0.0390004590154,0.0515016801655,-0.0575881712139,0.0552426464856,-0.0146242622286,-0.0197858400643,0.0352876707911,-0.0413028597832,0.0504139252007,-0.0501487702131,0.0307385735214],[0.000120823751786,-0.0088922213763,0.026095457375,-0.0325006097555,0.0185543596745,-0.0146242622286,0.0237511079758,-0.00309855188243,-0.0123796192929,0.00825489498675,-0.00413206452504,0.00254047429189,0.00108423561323],[-0.000643923820462,0.00311981537379,-0.0105156935751,0.0023005749099,0.0146324932575,-0.0197858400643,-0.00309855188243,0.0325589366257,-0.0248760972172,0.0203978270292,-0.0357324853539,0.0408350974321,-0.0236642733216],[0.00114382139873,0.000569565454498,-0.00975373014808,0.0285297166556,-0.0408239029348,0.0352876707911,-0.0123796192929,-0.0248760972172,0.0598641857505,-0.0563989169896,0.0568794086576,-0.0595262609422,0.0381312146783],[-0.00268099433742,-0.00234467000701,0.0193520132452,-0.044651594013,0.059867657721,-0.0413028597832,0.00825489498675,0.0203978270292,-0.0563989169896,0.0894558653235,-0.0819971486926,0.068175829947,-0.045429982245],[0.00205397070386,0.00241196807474,-0.0204855576158,0.0517259836197,-0.070708706975,0.0504139252007,-0.00413206452504,-0.0357324853539,0.0568794086576,-0.0819971486926,0.116037100554,-0.098321646452,0.0557476431131],[-0.000693117443006,-0.0040900898166,0.0181381069124,-0.0497503839433,0.0694163441658,-0.0501487702131,0.00254047429189,0.0408350974321,-0.0595262609422,0.068175829947,-0.098321646452,0.120660245419,-0.066927716136],[-0.000182285832125,0.0021857926622,-0.0125765362754,0.0303267557174,-0.0442165248096,0.0307385735214,0.00108423561323,-0.0236642733216,0.0381312146783,-0.045429982245,0.0557476431131,-0.066927716136,0.0581758022308]],"mean":[31.3358860016,118.649627686,-112.861557007,16.3213787079,10.8217601776,-10.6470212936,-14.1682510376,-19.7935523987,3.65276908875,-0.569392561913,0.594008207321,1.45772254467,-11.9405164719]},"hfc":{"dmean":6.95468616486,"dmean2":11.1694517136,"dvar":44.7451820374,"dvar2":111.187484741,"max":138.25541687,"mean":35.1498718262,"median":34.3388137817,"min":1.40878441357e-7,"var":213.091278076},"melbands":{"dmean":[0.0114304991439,0.0044958461076,0.00106736796442,0.000641358026769,0.000708807376213,0.000254322163528,0.000204368116101,0.000141487063956,0.000095980882179,0.0000419957141276,0.0000232518741541,0.0000189894089999,0.0000238483062276,0.0000568424802623,0.000128929299535,0.0000818306725705,0.000116094342957,0.0000785080555943,0.0000426701008109,0.0000367199281754,0.0000372508875444,0.0000253599464486,0.0000218918048631,0.00000802171689429,0.00000522053414898,0.00000344914133166,0.00000263774495579,0.00000181305313163,0.00000158370175996,0.00000117276306355,0.00000116900923786,6.79766856138e-7,4.91683977089e-7,3.33276631181e-7,2.20809354801e-7,1.47045909671e-7,7.66142207453e-8,5.68516149713e-8,4.99343713045e-8,4.41258727335e-8],"dmean2":[0.0194822475314,0.00766766816378,0.0017991255736,0.00104137626477,0.00110908225179,0.000407563871704,0.000327208486851,0.00022183470719,0.000157687391038,0.0000712308610673,0.0000390210334444,0.0000319682658301,0.000039747406845,0.0000957882657531,0.000219076304347,0.000139738956932,0.000199392918148,0.000133555207867,0.0000729708481231,0.0000616766919848,0.0000622667939751,0.0000432142696809,0.0000373102084268,0.0000136310054586,0.00000882496988197,0.00000580808091399,0.00000426379983764,0.0000029255663776,0.00000258970180766,0.0000018733617253,0.000001903518978,0.00000110055759706,8.07462697594e-7,5.37372670806e-7,3.57518018745e-7,2.35864291653e-7,1.26876329887e-7,9.56778904992e-8,8.40473504127e-8,7.42717034541e-8],"dvar":[0.000248427299084,0.0000452453205071,0.00000243892168328,7.66333982938e-7,0.00000151840379203,1.29530008053e-7,1.39843706393e-7,8.74910170978e-8,1.40618547917e-8,2.21785234622e-9,1.10375109053e-9,5.10935682652e-10,1.0608737222e-9,5.57961188363e-9,3.19041362218e-8,7.91108245579e-9,1.65842770627e-8,7.04565383813e-9,3.34974914473e-9,2.2151676049e-9,2.62018517994e-9,8.06896993666e-10,6.71738942248e-10,7.4905859293e-11,3.6487958488e-11,2.00125888083e-11,2.31824368729e-11,1.04984493321e-11,7.91612435325e-12,4.18289925266e-12,4.69658209892e-12,1.45443975873e-12,8.35219859854e-13,3.99597970815e-13,1.91035596088e-13,8.76682081964e-14,1.74644116036e-14,8.69275524229e-15,6.7142764364e-15,5.24457644061e-15],"dvar2":[0.000672818801831,0.000121119293908,0.00000631414559393,0.00000193830078388,0.00000363318440577,3.19760090406e-7,3.25806780666e-7,1.97653136524e-7,3.54294513727e-8,5.86932102919e-9,2.84199486167e-9,1.35789768319e-9,2.58624655025e-9,1.40001858995e-8,8.2826794312e-8,2.20388525207e-8,4.67476830579e-8,1.96501215299e-8,9.21614784488e-9,5.84930104353e-9,6.90977230988e-9,2.24246843317e-9,1.80183890031e-9,2.08359662857e-10,9.89389403738e-11,5.43606167025e-11,5.72097647034e-11,2.64483591278e-11,2.08818864977e-11,1.04543942947e-11,1.18884650388e-11,3.57876185283e-12,2.12580929422e-12,9.55152948921e-13,4.24267093896e-13,1.93858655257e-13,4.2869042192e-14,2.17855722069e-14,1.68218591861e-14,1.31374589891e-14],"max":[0.184340730309,0.125707551837,0.0278738662601,0.0160093363374,0.0231798440218,0.00734554324299,0.00850968249142,0.00745213916525,0.00268873595633,0.000712924753316,0.000863528635819,0.000391011417378,0.000856306753121,0.00248858612031,0.00490502826869,0.00177865335718,0.00200452678837,0.0010978319915,0.00229686615057,0.00122786010616,0.00103253312409,0.000522792863194,0.00123121542856,0.000186854769709,0.000132477405714,0.000139828800457,0.000127027364215,0.0000922026010812,0.0000538134372619,0.0000406287581427,0.0000521285546711,0.0000365459927707,0.0000186034430953,0.0000157126287377,0.0000130637490656,0.00000780551818025,0.00000313434111376,0.00000143973159084,0.00000127651424009,0.00000113187502393],"mean":[0.0154732968658,0.00592830544338,0.00153540505562,0.00110815791413,0.00129896728322,0.000465648568934,0.000348649569787,0.000266299000941,0.000158293565619,0.0000697433715686,0.0000368377986888,0.0000322583728121,0.0000432368615293,0.000106416016934,0.000234104838455,0.000168128695805,0.000227062977501,0.000161152143846,0.0000889561924851,0.0000784063304309,0.0000756395020289,0.0000577033242735,0.0000488542609673,0.0000193531541299,0.0000127333951241,0.00000814702889329,0.00000599564327786,0.00000440534358859,0.00000374193518837,0.00000294845858662,0.0000027302514809,0.0000016072890503,0.00000116076705581,7.46017121855e-7,4.48356246352e-7,2.37076051235e-7,8.24079009476e-8,5.28316022042e-8,4.63351952362e-8,4.09229237164e-8],"median":[0.00987214967608,0.00401366036385,0.00103257677983,0.000694690679666,0.000608862144873,0.000276959937764,0.000160136478371,0.0000973183123278,0.000111130517325,0.000055185664678,0.0000247412481258,0.0000244891180046,0.0000303922206513,0.000079412238847,0.000175321416464,0.000136378075695,0.000180845643627,0.000132888206281,0.0000703283803887,0.0000613504671492,0.0000558212450414,0.0000482569957967,0.0000404844613513,0.0000170063613041,0.0000107704227048,0.00000605527020525,0.00000231642479775,0.00000147732816913,0.00000104989896954,7.91520960775e-7,6.70079259635e-7,4.49891786047e-7,3.2651729498e-7,2.28243294487e-7,1.46682083368e-7,8.94968721354e-8,3.40714834124e-8,1.70537628463e-8,1.49357379797e-8,1.3131497667e-8],"min":[1.72486252169e-13,1.06492573549e-13,2.82719472291e-14,4.12618446084e-14,8.78560326703e-14,5.75638373231e-14,7.83285247644e-14,9.76320871479e-14,7.11688263118e-14,9.30875317692e-14,6.66431563797e-14,8.5964194747e-14,5.4066133352e-14,6.98899353105e-14,6.64241949747e-14,2.98184498198e-14,2.69617939357e-14,7.1544360063e-14,1.19678992736e-13,4.80716405267e-14,4.49720352646e-14,1.77515906705e-13,1.30126378423e-13,5.05018830845e-14,2.82722894304e-14,9.08764843975e-14,1.28990039678e-13,1.90796990295e-13,2.22822194723e-13,1.03706072321e-13,3.30356774651e-14,2.03636156467e-14,1.25929353886e-14,2.15129360181e-14,2.89405340513e-14,3.77269626672e-14,1.25801333326e-14,7.94727180454e-16,6.63064537951e-16,8.11701403079e-16],"var":[0.000309165421641,0.0000484921692987,0.0000030933765629,0.00000153374674028,0.00000389732622352,3.27062423366e-7,3.30930276959e-7,3.42879957316e-7,2.65388315768e-8,3.45040196414e-9,1.70969316482e-9,8.05438771234e-10,2.71986633216e-9,1.47668890449e-8,5.44756169063e-8,1.56423833886e-8,3.2138572692e-8,1.35183855221e-8,6.40044772737e-9,4.64927207844e-9,5.16537879136e-9,1.68463787364e-9,1.31308686147e-9,1.47862624922e-10,8.70586935875e-11,5.42941212822e-11,7.49525996824e-11,3.99352911851e-11,3.00151466182e-11,1.84857008173e-11,1.72615220728e-11,5.68958205202e-12,3.17592523461e-12,1.45516541525e-12,5.94659467067e-13,1.79576419381e-13,1.93678877596e-14,8.94874553961e-15,6.91529895413e-15,5.40288139274e-15]},"melbands_crest":{"dmean":5.24342632294,"dmean2":8.83944702148,"dvar":18.5069999695,"dvar2":52.126449585,"max":36.7067222595,"mean":19.8026390076,"median":19.4815387726,"min":3.17092585564,"var":44.5347137451},"melbands_flatness_db":{"dmean":0.0383161008358,"dmean2":0.0635295435786,"dvar":0.000991541077383,"dvar2":0.00278667011298,"max":0.458971947432,"mean":0.270470291376,"median":0.266511559486,"min":0.0355819985271,"var":0.0032920090016},"melbands_kurtosis":{"dmean":9.22630786896,"dmean2":15.63758564,"dvar":137.136627197,"dvar2":373.393066406,"max":158.861541748,"mean":13.5716648102,"median":9.39756298065,"min":-1.79957294464,"var":207.750518799},"melbands_skewness":{"dmean":1.04001998901,"dmean2":1.72562634945,"dvar":0.905967414379,"dvar2":2.47828674316,"max":11.4284601212,"mean":3.16553759575,"median":2.98255157471,"min":-1.16525113583,"var":2.36301040649},"melbands_spread":{"dmean":7.22923803329,"dmean2":11.9215183258,"dvar":47.4204711914,"dvar2":124.786750793,"max":152.093566895,"mean":19.856420517,"median":16.9403266907,"min":1.52281117439,"var":152.560409546},"mfcc":{"cov":[[2858.24194336,-302.472351074,199.432235718,319.507385254,-293.185119629,218.027709961,-90.2388153076,-54.5946006775,158.78163147,84.7423934937,25.3401851654,52.4870376587,90.1353607178],[-302.472351074,811.772216797,-250.165252686,-86.2063980103,251.458648682,-154.626144409,36.3167572021,14.1535272598,-60.9022979736,-39.1390228271,32.5388946533,-1.2064447403,-22.3322639465],[199.432235718,-250.165252686,392.317138672,-41.1248283386,20.5398006439,-23.2992839813,38.554851532,-11.1825408936,53.2164955139,8.9265499115,1.98451924324,12.6141576767,1.09467804432],[319.507385254,-86.2063980103,-41.1248283386,313.225769043,-205.694778442,184.124435425,-71.3057250977,29.5644798279,14.3007574081,41.9883079529,-8.82785797119,3.40602660179,41.351776123],[-293.185119629,251.458648682,20.5398006439,-205.694778442,350.804443359,-155.523208618,115.083900452,-4.94084739685,-13.3010120392,-43.8545913696,11.1887998581,-13.8703203201,-42.1821937561],[218.027709961,-154.626144409,-23.2992839813,184.124435425,-155.523208618,197.734542847,-37.8692741394,31.570980072,16.7269515991,25.9525527954,-14.7503137589,2.32099080086,20.8538475037],[-90.2388153076,36.3167572021,38.554851532,-71.3057250977,115.083900452,-37.8692741394,103.161865234,20.5992984772,11.2545871735,-7.43919372559,8.72214603424,-8.14107513428,-13.9442863464],[-54.5946006775,14.1535272598,-11.1825408936,29.5644798279,-4.94084739685,31.570980072,20.5992984772,67.8286743164,14.3239173889,24.6985378265,2.38180780411,-0.0784173309803,5.70962524414],[158.78163147,-60.9022979736,53.2164955139,14.3007574081,-13.3010120392,16.7269515991,11.2545871735,14.3239173889,75.4511032104,24.0970172882,15.7774772644,10.4161710739,6.06438875198],[84.7423934937,-39.1390228271,8.9265499115,41.9883079529,-43.8545913696,25.9525527954,-7.43919372559,24.6985378265,24.0970172882,67.620803833,22.7442569733,12.2231330872,18.3293933868],[25.3401851654,32.5388946533,1.98451924324,-8.82785797119,11.1887998581,-14.7503137589,8.72214603424,2.38180780411,15.7774772644,22.7442569733,54.2056884766,28.9475288391,11.3878211975],[52.4870376587,-1.2064447403,12.6141576767,3.40602660179,-13.8703203201,2.32099080086,-8.14107513428,-0.0784173309803,10.4161710739,12.2231330872,28.9475288391,53.5879135132,29.1312065125],[90.1353607178,-22.3322639465,1.09467804432,41.351776123,-42.1821937561,20.8538475037,-13.9442863464,5.70962524414,6.06438875198,18.3293933868,11.3878211975,29.1312065125,54.4927711487]],"icov":[[0.000514753570314,-0.000136064409162,-0.000228220742429,-0.000273193145404,0.000145586265717,-0.0003453817626,-0.0000861515436554,0.00105955952313,-0.000972348090727,-0.000280227570329,0.000128369298181,0.0000144362893479,-0.000415576098021],[-0.000136064409162,0.00291446689516,0.00172507064417,-0.00171543797478,-0.00225586513989,0.00256058806553,0.00101934093982,-0.00199284940027,0.00097784132231,0.00121853034943,-0.00155031983741,-0.000563157838769,0.000536422012374],[-0.000228220742429,0.00172507064417,0.00419891579077,-0.000768721161876,-0.000951625523157,0.00197854824364,-0.00108688871842,0.0000135427990244,-0.00139869714621,0.0000295453555736,0.000898997706827,-0.00178832060192,0.000723964185454],[-0.000273193145404,-0.00171543797478,-0.000768721161876,0.0102118253708,0.00250853574835,-0.00776447961107,0.00185575010255,-0.000373982475139,0.00012826625607,-0.00133090454619,-0.000797039538156,0.00394880445674,-0.00406868103892],[0.000145586265717,-0.00225586513989,-0.000951625523157,0.00250853574835,0.00905702169985,0.00110746303108,-0.00668284296989,0.00110260490328,-0.000325771252392,0.000940430094488,0.000646676926408,-0.0000725660574972,0.00133528304286],[-0.0003453817626,0.00256058806553,0.00197854824364,-0.00776447961107,0.00110746303108,0.0159107688814,-0.00166814133991,-0.0048729502596,-0.0000916687131394,0.00166876520962,0.00249968352728,-0.00371139543131,0.00323566026054],[-0.0000861515436554,0.00101934093982,-0.00108688871842,0.00185575010255,-0.00668284296989,-0.00166814133991,0.0202647317201,-0.00753580173478,-0.00132068572566,0.00283089186996,-0.00542571395636,0.00519409729168,-0.00183378276415],[0.00105955952313,-0.00199284940027,0.0000135427990244,-0.000373982475139,0.00110260490328,-0.0048729502596,-0.00753580173478,0.0250043887645,-0.0039454693906,-0.00945617817342,0.00500613590702,-0.00086839258438,-0.0010778385913],[-0.000972348090727,0.00097784132231,-0.00139869714621,0.00012826625607,-0.000325771252392,-0.0000916687131394,-0.00132068572566,-0.0039454693906,0.0197493154556,-0.0030609278474,-0.00392538821325,-0.0011274619028,0.00205296650529],[-0.000280227570329,0.00121853034943,0.0000295453555736,-0.00133090454619,0.000940430094488,0.00166876520962,0.00283089186996,-0.00945617817342,-0.0030609278474,0.0259749349207,-0.0121494838968,0.00469582062215,-0.00459091737866],[0.000128369298181,-0.00155031983741,0.000898997706827,-0.000797039538156,0.000646676926408,0.00249968352728,-0.00542571395636,0.00500613590702,-0.00392538821325,-0.0121494838968,0.0360870659351,-0.0196912288666,0.00487891212106],[0.0000144362893479,-0.000563157838769,-0.00178832060192,0.00394880445674,-0.0000725660574972,-0.00371139543131,0.00519409729168,-0.00086839258438,-0.0011274619028,0.00469582062215,-0.0196912288666,0.0399027913809,-0.0191015917808],[-0.000415576098021,0.000536422012374,0.000723964185454,-0.00406868103892,0.00133528304286,0.00323566026054,-0.00183378276415,-0.0010778385913,0.00205296650529,-0.00459091737866,0.00487891212106,-0.0191015917808,0.0322779640555]],"mean":[-626.206604004,172.516876221,-43.4611091614,42.0525245667,26.1501998901,28.0530796051,-4.62134933472,4.29629802704,-5.68137741089,2.24701690674,10.6940221786,8.70952892303,2.29958963394]},"pitch_salience":{"dmean":0.105507127941,"dmean2":0.177256762981,"dvar":0.00756982155144,"dvar2":0.0211951769888,"max":0.853071987629,"mean":0.494464308023,"median":0.500525951385,"min":0.113013356924,"var":0.0172148868442},"silence_rate_20dB":{"dmean":0.00478260871023,"dmean2":0.00956591032445,"dvar":0.00475975312293,"dvar2":0.0133877620101,"max":1,"mean":0.997174143791,"median":1,"min":0,"var":0.002817615401},"silence_rate_30dB":{"dmean":0.180289849639,"dmean2":0.360605835915,"dvar":0.147771716118,"dvar2":0.309009194374,"max":1,"mean":0.681834638119,"median":1,"min":0,"var":0.216946214437},"silence_rate_60dB":{"dmean":0.000434782617958,"dmean2":0.000869628216606,"dvar":0.000434618035797,"dvar2":0.000868835195433,"max":1,"mean":0.0171002093703,"median":0,"min":0,"var":0.0168081820011},"spectral_centroid":{"dmean":185.483917236,"dmean2":294.578063965,"dvar":24455.9101562,"dvar2":60350.0976562,"max":3816.92944336,"mean":1303.6204834,"median":1273.16918945,"min":358.967956543,"var":154580.8125},"spectral_complexity":{"dmean":3.22695660591,"dmean2":5.40256547928,"dvar":6.58372354507,"dvar2":18.1089782715,"max":57,"mean":31.6103897095,"median":32,"min":0,"var":54.4657173157},"spectral_contrast_coeffs":{"dmean":[0.0543784014881,0.0497847534716,0.035300064832,0.0272808745503,0.025222953409,0.0508685819805],"dmean2":[0.0916150659323,0.0829610303044,0.0605097487569,0.0467639230192,0.0420112125576,0.0840060561895],"dvar":[0.00181220332161,0.00148861925118,0.000715895963367,0.000445832469268,0.000420116906753,0.00215124338865],"dvar2":[0.00506955897436,0.00412339298055,0.00207258644514,0.00128378730733,0.00113030872308,0.00558866979554],"max":[-0.315003782511,-0.484631568193,-0.613133013248,-0.634975671768,-0.585376560688,-0.424298346043],"mean":[-0.699883759022,-0.752313673496,-0.822641313076,-0.800280630589,-0.751640796661,-0.729465246201],"median":[-0.707109332085,-0.75856757164,-0.82522714138,-0.801997900009,-0.751061320305,-0.750290513039],"min":[-0.925037205219,-0.964529693127,-0.97234416008,-0.952072679996,-0.92875546217,-0.866173863411],"var":[0.00467931991443,0.00448271259665,0.00130019441713,0.000863084336743,0.00203731586225,0.00903456285596]},"spectral_contrast_valleys":{"dmean":[0.373422801495,0.33540648222,0.288608461618,0.197878077626,0.204818040133,0.840956807137],"dmean2":[0.633492767811,0.56542134285,0.48436665535,0.335063636303,0.328735291958,1.3862361908],"dvar":[0.0899453312159,0.0702495351434,0.051599547267,0.0250009261072,0.0350953117013,0.502474486828],"dvar2":[0.247237324715,0.195295602083,0.141246423125,0.0657462924719,0.0829920470715,1.34359574318],"max":[-4.46219539642,-4.60089683533,-5.61305332184,-5.32602882385,-5.68316507339,-8.62665176392],"mean":[-6.12421560287,-6.25805997849,-6.91676282883,-6.2907538414,-7.24540948868,-11.0363855362],"median":[-5.96372795105,-6.16522932053,-6.86135673523,-6.22110319138,-7.21645927429,-10.9332180023],"min":[-16.1182594299,-16.5785541534,-16.3533935547,-16.5487766266,-15.790520668,-19.2550964355],"var":[0.582160353661,0.382497400045,0.28397116065,0.287065684795,0.448896676302,1.0554857254]},"spectral_decrease":{"dmean":1.15879776885e-8,"dmean2":1.9307897503e-8,"dvar":2.19569561418e-16,"dvar2":5.76450283957e-16,"max":-4.56187005896e-18,"mean":-2.29701413446e-8,"median":-1.85378681294e-8,"min":-1.79818528068e-7,"var":3.24508168851e-16},"spectral_energy":{"dmean":0.044068608433,"dmean2":0.073383808136,"dvar":0.00316025991924,"dvar2":0.00829290505499,"max":0.687775015831,"mean":0.089883081615,"median":0.0733626335859,"min":2.99956171013e-11,"var":0.00470464350656},"spectral_energyband_high":{"dmean":0.000124243291793,"dmean2":0.000192827748833,"dvar":2.7401684477e-8,"dvar2":5.84952175586e-8,"max":0.00364100281149,"mean":0.000479192007333,"median":0.000257013743976,"min":1.44211075373e-11,"var":2.59309445028e-7},"spectral_energyband_low":{"dmean":0.041307400912,"dmean2":0.0696408227086,"dvar":0.00289302808233,"dvar2":0.00771989393979,"max":0.635893523693,"mean":0.0619465187192,"median":0.0439412966371,"min":8.57572042892e-13,"var":0.00386774260551},"spectral_energyband_middle_high":{"dmean":0.00230791885406,"dmean2":0.00379294832237,"dvar":0.00000530986562808,"dvar2":0.0000138359027915,"max":0.0515360608697,"mean":0.0104271443561,"median":0.00961830746382,"min":1.22308838404e-11,"var":0.0000266801635007},"spectral_energyband_middle_low":{"dmean":0.00560018559918,"dmean2":0.00890447385609,"dvar":0.0000423341734859,"dvar2":0.000104271057353,"max":0.10575029254,"mean":0.0153259634972,"median":0.0128656839952,"min":2.17859692959e-12,"var":0.00011904053099},"spectral_entropy":{"dmean":0.113935247064,"dmean2":0.182811439037,"dvar":0.0103666298091,"dvar2":0.0263888724148,"max":8.39872074127,"mean":7.52812147141,"median":7.52485704422,"min":6.6188158989,"var":0.0619880445302},"spectral_flux":{"dmean":0.0471050702035,"dmean2":0.0781239718199,"dvar":0.0026757910382,"dvar2":0.00661873212084,"max":0.665003657341,"mean":0.162444755435,"median":0.14833240211,"min":0.0000571283526369,"var":0.00600734399632},"spectral_kurtosis":{"dmean":3.30650424957,"dmean2":5.39748859406,"dvar":11.4918498993,"dvar2":30.5159225464,"max":48.3678245544,"mean":15.1760873795,"median":13.9384784698,"min":3.24480581284,"var":45.0093917847},"spectral_rms":{"dmean":0.00206353934482,"dmean2":0.0033847570885,"dvar":0.0000043746490519,"dvar2":0.0000115300927064,"max":0.0259036682546,"mean":0.00873856153339,"median":0.00846010074019,"min":1.71067284782e-7,"var":0.0000113279329526},"spectral_rolloff":{"dmean":408.609405518,"dmean2":712.315917969,"dvar":205685.125,"dvar2":510713.9375,"max":8462.54882812,"mean":943.169433594,"median":753.662109375,"min":43.06640625,"var":553763.8125},"spectral_skewness":{"dmean":0.202708050609,"dmean2":0.331391304731,"dvar":0.0299641247839,"dvar2":0.0803356841207,"max":4.19146966934,"mean":2.2724275589,"median":2.34855651855,"min":0.981871664524,"var":0.265162020922},"spectral_spread":{"dmean":407104.28125,"dmean2":657719.375,"dvar":149419065344,"dvar2":378183352320,"max":7943606.5,"mean":2817483.25,"median":2779066.5,"min":1384930,"var":487500414976},"spectral_strongpeak":{"dmean":0.345462650061,"dmean2":0.603126049042,"dvar":0.261955022812,"dvar2":0.698744893074,"max":8.59302330017,"mean":0.474235028028,"median":0.342979133129,"min":0,"var":0.317194223404},"zerocrossingrate":{"dmean":0.00947587564588,"dmean2":0.0128113403916,"dvar":0.0000666735795676,"dvar2":0.000115405513498,"max":0.228515625,"mean":0.0442702434957,"median":0.04150390625,"min":0.00439453125,"var":0.00040421038284}},"metadata":{"audio_properties":{"analysis_sample_rate":44100,"bit_rate":128000,"codec":"mp3","downmix":"mix","equal_loudness":0,"length":320.41796875,"lossless":false,"md5_encoded":"4e16ba0b1d2406c0d81384f1ee4b55e5","replay_gain":-5.47077178955,"sample_rate":44100},"tags":{"album":["Pretty on the Inside"],"album artist credit":["Hole"],"albumartist":["Hole"],"albumartistsort":["Hole"],"artist":["Hole"],"artist credit":["Hole"],"artistsort":["Hole"],"asin":["B000000HVL"],"bpm":["0"],"catalognumber":["CAROL 1710-2"],"date":["1991-07-01"],"discnumber":["1/1"],"file_name":"10 - Hole - Pretty on the Inside _ Clouds.mp3","genre":["Rock - Alternative Metal / Punk"],"label":["Caroline Records"],"language":["eng"],"media":["CD"],"musicbrainz album release country":["US"],"musicbrainz album status":["Official"],"musicbrainz album type":["album"],"musicbrainz_albumartistid":["1dcc8968-f2cd-441c-beda-6270f70f2863"],"musicbrainz_albumid":["f47199f1-a6fb-45fb-97fd-cee5472ef9de"],"musicbrainz_artistid":["1dcc8968-f2cd-441c-beda-6270f70f2863"],"musicbrainz_recordingid":["6a84535d-e944-4a47-a56b-fbb647366dd1"],"musicbrainz_releasegroupid":["3cfb69f7-13e3-306b-b564-a1f1b1260b98"],"originaldate":["1991-07-01"],"replaygain_album_gain":["0.00 dB"],"replaygain_album_peak":["0.000000"],"replaygain_track_gain":["0.00 dB"],"replaygain_track_peak":["0.000000"],"script":["Latn"],"title":["Pretty on the Inside / Clouds"],"tracknumber":["10/10"]},"version":{"essentia":"2.1-beta1","essentia_build_sha":"ca57ba49d9b1854bd80e60cf9ccf267278fb7d6b","essentia_git_sha":"v2.1_beta1-28-g21ef5f4-dirty","extractor":"music 1.0"}},"rhythm":{"beats_count":510,"beats_loudness":{"dmean":0.0512137673795,"dmean2":0.0890776142478,"dvar":0.00302675273269,"dvar2":0.00919281318784,"max":0.561882078648,"mean":0.114537127316,"median":0.107329539955,"min":0.0000134912597787,"var":0.00463849585503},"beats_loudness_band_ratio":{"dmean":[0.136211514473,0.0894472822547,0.0391317866743,0.0474932044744,0.0437340885401,0.00933760683984],"dmean2":[0.238492995501,0.15520042181,0.0688850060105,0.0817