{"lowlevel":{"average_loudness":0.411619842052,"barkbands":{"dmean":[0.00122364168055,0.00295743439347,0.00118291773833,0.00103197887074,0.00178218726069,0.00218628277071,0.000858154904563,0.000761168543249,0.000935274001677,0.000444157223683,0.000193476458662,0.000231009384152,0.000266173563432,0.000166636862559,0.000294049765216,0.000241399320657,0.0000865782712935,0.000105807441287,0.00012399769912,0.000157233414939,0.0000461518247903,0.0000111661174742,0.00000304125660477,0.00000188844501281,0.00000172303532509,0.00000298026930068,0.00021352157637],"dmean2":[0.00202997843735,0.00493732653558,0.00199005380273,0.00169974262826,0.00291994353756,0.00357654853724,0.00144153391011,0.00127508374862,0.00155058072414,0.000725786376279,0.000319608254358,0.000387651525671,0.000440293893917,0.000274248130154,0.000485535390908,0.00039823964471,0.000142430348205,0.000170247338247,0.000189268597751,0.000211361970287,0.0000693260590197,0.0000160157906066,0.00000459986131318,0.00000308271887661,0.00000284284897134,0.00000473063346362,0.00033032745705],"dvar":[0.00000925548556552,0.0000262079011009,0.00000438103597844,0.00000320326103065,0.0000132861077873,0.0000363773870049,0.00000501330487168,0.00000347991522176,0.00000644061219646,0.00000189148966001,1.76332235924e-7,4.44646133246e-7,2.9947327107e-7,1.28533230281e-7,3.76787795631e-7,3.1216919183e-7,2.49866403124e-8,6.57730936382e-8,1.91801859728e-7,0.00000155785301104,9.14165028121e-8,4.82885242903e-9,1.13270622049e-10,2.86547643252e-11,1.05979686832e-11,1.24798615886e-10,1.64916826861e-7],"dvar2":[0.0000236870673689,0.0000687436331646,0.0000123033814816,0.00000844358237373,0.00003536200893,0.0000962876511039,0.0000137853858178,0.00000933388309932,0.0000168675160239,0.00000489712419949,4.3799380478e-7,0.00000128559292989,7.43323482766e-7,3.14563294523e-7,9.82662754723e-7,8.24259814181e-7,6.36381329855e-8,1.44140628322e-7,3.85974004757e-7,0.00000233778337133,2.07265500762e-7,7.09187819581e-9,1.81147902234e-10,6.4020622137e-11,2.623624408e-11,3.10051595509e-10,3.59854652743e-7],"max":[0.0827623233199,0.139973446727,0.0532539114356,0.0450875423849,0.107583411038,0.153956234455,0.0602794997394,0.043046683073,0.0547138154507,0.0314667187631,0.0124935628846,0.0222709216177,0.0239080321044,0.011923301965,0.0145795848221,0.0197569075972,0.00321276811883,0.0127561846748,0.0174296554178,0.0713896453381,0.0117857344449,0.00521752703935,0.00057977612596,0.000264386238996,0.000065320993599,0.000749836210161,0.0117382630706],"mean":[0.00147219037171,0.00460193725303,0.00162936036941,0.00158473919146,0.00325185037218,0.00327109289356,0.00129450985696,0.00112136383541,0.0014236405259,0.000663194863591,0.000323911051964,0.000416986411437,0.000450890132925,0.000307987967972,0.000553841469809,0.000459515402326,0.000173564985744,0.000206942306249,0.000228108183364,0.000266125629423,0.000086105275841,0.0000205651831493,0.00000472223609904,0.00000208557230508,0.00000188919580069,0.00000421577988163,0.000742583011743],"median":[0.000509603880346,0.00254668714479,0.000881809159182,0.000697047857102,0.00155990454368,0.000687051564455,0.000329376256559,0.000229634388234,0.00031211352325,0.000153891742229,0.000140158779686,0.000184622200322,0.000195417946088,0.000159647199325,0.000225897005294,0.000196543216589,0.0000945345818764,0.0000963318670983,0.0000894533004612,0.0000525864961674,0.0000245360261033,0.00000664376784698,0.00000172058594217,6.61597141516e-7,6.44603915134e-7,0.00000163203117154,0.000333565840265],"min":[3.95272167196e-24,9.35597119416e-25,3.44603631254e-24,5.93893932496e-24,4.00463881695e-23,7.28239847663e-23,5.2216975236e-23,2.97550003078e-23,5.99913572291e-23,5.74293452682e-23,8.16441186407e-23,9.89740989965e-23,8.29612891605e-23,3.89154708649e-23,1.24049096787e-22,2.12893590672e-22,1.87738192178e-22,3.1181563747e-22,1.56987359107e-22,3.00375564001e-22,4.41930784318e-22,7.22164924495e-22,8.14449937399e-22,8.85290050585e-22,1.33427736609e-21,1.73321682142e-21,2.44367005186e-21],"var":[0.0000124580501506,0.0000422507655458,0.00000544726935914,0.00000605847571933,0.0000289232812065,0.0000632469455013,0.00000811924110167,0.00000613012934991,0.0000116318251457,0.00000308702419716,3.82256558851e-7,9.67755568126e-7,5.7418429833e-7,2.70421821824e-7,7.7728401493e-7,5.72486783312e-7,5.46085132669e-8,1.42783562751e-7,4.48675024245e-7,0.00000380926235266,1.50205110572e-7,1.22573071692e-8,2.998463422e-10,3.6167260159e-11,1.24193190454e-11,1.45546449892e-10,0.00000106523646082]},"barkbands_crest":{"dmean":2.81021952629,"dmean2":4.6240439415,"dvar":5.82842302322,"dvar2":15.5463533401,"max":26.1242618561,"mean":10.1192836761,"median":9.30838394165,"min":2.7635345459,"var":17.5572013855},"barkbands_flatness_db":{"dmean":0.0247926283628,"dmean2":0.0394868887961,"dvar":0.000593864941038,"dvar2":0.00156171037816,"max":0.478139966726,"mean":0.150362759829,"median":0.136049032211,"min":0.045445907861,"var":0.00312234275043},"barkbands_kurtosis":{"dmean":7.01938724518,"dmean2":11.4248523712,"dvar":470.189910889,"dvar2":1257.11352539,"max":1051.1138916,"mean":12.5669193268,"median":4.67823505402,"min":-1.85780835152,"var":900.804626465},"barkbands_skewness":{"dmean":0.67797768116,"dmean2":1.06993532181,"dvar":0.742716312408,"dvar2":1.89853012562,"max":27.1433258057,"mean":2.46069765091,"median":2.04838085175,"min":-2.27522563934,"var":3.3704264164},"barkbands_spread":{"dmean":6.87363243103,"dmean2":10.8874540329,"dvar":55.761302948,"dvar2":129.075973511,"max":113.493980408,"mean":27.1576251984,"median":25.4036598206,"min":0.241272091866,"var":267.646331787},"dissonance":{"dmean":0.0163770802319,"dmean2":0.0276142712682,"dvar":0.000270652788458,"dvar2":0.000752467836719,"max":0.500000059605,"mean":0.471105605364,"median":0.4761505723,"min":0.339710533619,"var":0.000486011762405},"dynamic_complexity":4.74218416214,"erbbands":{"dmean":[0.11746455729,0.607669770718,1.28397333622,2.2710506916,5.44617033005,6.23190307617,8.71948051453,20.7361049652,14.5459003448,14.4204511642,16.4220371246,18.778459549,22.5307350159,7.78850126266,7.65057182312,8.85902404785,11.4470005035,8.88322544098,10.4968700409,16.5715923309,9.36900615692,4.55922460556,5.21364021301,6.48685789108,6.7520031929,7.40252351761,3.40220212936,1.08309853077,0.446079581976,0.191556319594,0.0766549408436,0.0456157997251,0.0281982831657,0.0190363693982,0.0124761108309,0.00784574262798,0.00575233530253,0.00778026040643,0.0120739433914,0.00546794058755],"dmean2":[0.198802679777,1.01918780804,2.16406083107,3.74783611298,8.90773868561,10.2688779831,14.2503185272,34.2705955505,24.314661026,24.2951927185,27.2156200409,31.3031330109,36.9534225464,12.5909376144,12.5776224136,14.9232854843,18.8887634277,14.5516691208,17.2207202911,27.5603351593,15.3818922043,7.44974374771,8.36351490021,10.2734575272,9.78911972046,10.1943912506,4.92105007172,1.57563102245,0.630433619022,0.281434029341,0.116983912885,0.0731297954917,0.0465815700591,0.0314860604703,0.0205333456397,0.0128573840484,0.00902399607003,0.0111697446555,0.0171132069081,0.00841801986098],"dvar":[0.0491267107427,1.15520036221,5.10008859634,14.6078100204,80.0589370728,298.022003174,425.4190979,3684.94946289,2421.87841797,1533.09790039,1871.25756836,2943.9753418,4386.44677734,297.172851562,345.79675293,478.918579102,595.797729492,425.74822998,555.155212402,1050.96569824,561.21307373,73.9324264526,147.618209839,422.019592285,1185.52441406,3268.12207031,780.708068848,35.8875274658,7.43288326263,0.895092904568,0.0712996050715,0.0228861253709,0.00531667936593,0.00147627911065,0.000542091496754,0.000295933656162,0.00041437704931,0.00209668697789,0.00297535955906,0.0000865938636707],"dvar2":[0.131228044629,3.10298323631,14.0950975418,39.5712547302,209.115005493,785.793457031,1175.57983398,9814.91210938,6274.46630859,4339.19433594,4837.09277344,7883.90576172,11237.8388672,775.481018066,841.874206543,1412.59912109,1497.44628906,1035.95874023,1429.61706543,2794.61767578,1462.75915527,186.390258789,318.643768311,964.495849609,2117.87060547,5341.82324219,1448.96594238,67.2426757812,11.0135345459,1.34823906422,0.124178990722,0.0441878736019,0.0133347464725,0.00371092557907,0.00133675662801,0.000751375569962,0.000944863713812,0.0031940205954,0.00476545840502,0.000201575487154],"max":[6.20767688751,22.5846862793,59.6055717468,81.2266921997,247.057449341,518.853027344,542.08996582,1521.3840332,1366.21704102,931.372558594,1132.0723877,1497.49035645,1196.4810791,382.433410645,530.307006836,598.144775391,1128.18603516,714.63684082,842.747314453,672.675354004,959.343383789,197.96585083,569.000549316,1141.21252441,1670.81958008,3332.94433594,1493.73474121,290.319732666,210.407974243,60.429599762,16.1380844116,6.61507606506,4.03966760635,1.1917283535,0.461057901382,0.782072544098,1.30305826664,3.69594144821,2.53827762604,0.207597926259],"mean":[0.159843996167,0.929199516773,1.90541481972,3.74101066589,8.86614322662,10.4121103287,14.4004201889,29.7728462219,21.6442050934,23.0317935944,25.5462665558,29.6040058136,33.6462402344,14.6027355194,14.6724596024,16.9120578766,20.4446468353,17.268447876,21.5756893158,32.9918403625,19.6687602997,10.0981359482,10.6834888458,12.1505041122,12.0462684631,12.354341507,6.05615091324,2.16309905052,0.849311828613,0.34585994482,0.116106167436,0.0553548894823,0.0301479976624,0.020629895851,0.0138632552698,0.00899144262075,0.00846315175295,0.0183467138559,0.0353090837598,0.0235289186239],"median":[0.0841245651245,0.494399517775,1.1167320013,1.93162918091,4.44965553284,4.06260108948,4.85569190979,5.28638887405,4.4898853302,5.42125892639,5.6947889328,7.16568851471,6.10492753983,5.68551158905,6.8716468811,8.30324554443,9.47992992401,8.23555660248,10.3698616028,14.1539716721,9.45195007324,5.6987452507,5.17597007751,5.09307765961,4.04778194427,2.53912901878,1.41652286053,0.665749251842,0.283733457327,0.116945169866,0.0435258075595,0.0177639573812,0.00971231237054,0.00693542696536,0.00484113348648,0.00324979657307,0.00329403486103,0.00624673813581,0.0126128885895,0.012123638764],"min":[4.90009565639e-23,2.05472681473e-22,2.58075140848e-21,1.6790388339e-20,4.05567462128e-20,2.08909336311e-19,3.39852531341e-19,6.10167245609e-19,9.56278483959e-19,3.58585225385e-19,7.14809573904e-19,1.29266761008e-18,2.02892659765e-18,1.93227385179e-18,4.14562036701e-18,4.07817330063e-18,3.92895446762e-18,2.31287619524e-18,4.43770321798e-18,8.42754024664e-18,1.21575366838e-17,1.17838264093e-17,1.52393668007e-17,1.07997858828e-17,9.6021565688e-18,1.40226155525e-17,1.53728787147e-17,1.98067802106e-17,2.99452980593e-17,2.10050522439e-17,2.40261127099e-17,2.0161854106e-17,1.37373350213e-17,1.4212443577e-17,9.33080658629e-18,5.72073562148e-18,3.90490129618e-18,1.34799875523e-18,3.31732952298e-19,3.30816798071e-20],"var":[0.0671266466379,1.75916516781,6.52286529541,26.8538894653,172.099075317,560.090820312,746.405395508,6136.37060547,3828.96801758,2589.89819336,3470.84594727,5016.85302734,7554.11083984,714.272338867,828.815185547,978.992797852,1147.5826416,903.861816406,1131.16223145,2505.67407227,995.813354492,177.228881836,361.940429688,876.855773926,2668.47753906,7400.640625,1572.39929199,81.1767272949,19.0679454803,2.72474455833,0.158960968256,0.0358312316239,0.00533324526623,0.00162659166381,0.000648497371003,0.000321522296872,0.000572878518142,0.00449722865596,0.00865296274424,0.000885097251739]},"erbbands_crest":{"dmean":2.58234071732,"dmean2":4.27336883545,"dvar":5.78368902206,"dvar2":14.6003990173,"max":26.6682510376,"mean":8.41889190674,"median":7.50835800171,"min":2.34744334221,"var":13.86186409},"erbbands_flatness_db":{"dmean":0.021429605782,"dmean2":0.0335416197777,"dvar":0.000353384908522,"dvar2":0.000868437811732,"max":0.410460621119,"mean":0.15521761775,"median":0.153613328934,"min":0.0309190806001,"var":0.00130450213328},"erbbands_kurtosis":{"dmean":1.255438447,"dmean2":2.00221371651,"dvar":13.3978872299,"dvar2":33.728351593,"max":135.643081665,"mean":0.727015852928,"median":-0.381022691727,"min":-1.86914670467,"var":23.2952194214},"erbbands_skewness":{"dmean":0.402521193027,"dmean2":0.627493083477,"dvar":0.178914785385,"dvar2":0.404308378696,"max":9.59792137146,"mean":0.107929296792,"median":0.125999122858,"min":-6.74563932419,"var":1.02363312244},"erbbands_spread":{"dmean":6.55339574814,"dmean2":10.3201704025,"dvar":47.9690055847,"dvar2":112.022338867,"max":111.607818604,"mean":34.495349884,"median":31.909702301,"min":1.66483676434,"var":230.685806274},"gfcc":{"cov":[[9218.09472656,235.02293396,-1377.06835938,-1031.76403809,-387.320770264,-639.761230469,-98.0944519043,-132.501800537,211.22795105,206.675460815,31.7338924408,-49.7975730896,164.431594849],[235.02293396,597.21081543,-11.6183595657,-231.053451538,16.4712677002,-50.034740448,-7.73994350433,-64.5316162109,23.8097305298,-15.3075275421,-2.45690870285,-24.8083114624,42.7084236145],[-1377.06835938,-11.6183595657,813.641784668,153.924514771,-143.564315796,252.128570557,-189.131286621,102.754402161,-102.417762756,-50.4470024109,-4.903008461,30.3011016846,-18.5534763336],[-1031.76403809,-231.053451538,153.924514771,502.991790771,181.59034729,70.9488983154,108.54246521,-6.3679432869,-67.1634368896,-45.578163147,-0.764789044857,26.9537200928,-79.0089263916],[-387.320770264,16.4712677002,-143.564315796,181.59034729,295.095306396,12.0636434555,131.532852173,-45.1155052185,-6.15165042877,-42.8680839539,13.1241483688,10.8975496292,-15.2709522247],[-639.761230469,-50.034740448,252.128570557,70.9488983154,12.0636434555,309.388275146,-54.6959381104,84.0680084229,-85.3756027222,-26.882768631,-1.65265405178,14.1922206879,3.43121051788],[-98.0944519043,-7.73994350433,-189.131286621,108.54246521,131.532852173,-54.6959381104,265.65322876,-18.9816379547,83.8878326416,8.5072555542,-6.35781860352,15.7672662735,-25.386007309],[-132.501800537,-64.5316162109,102.754402161,-6.3679432869,-45.1155052185,84.0680084229,-18.9816379547,158.099472046,46.4023017883,32.4067459106,7.45810174942,-10.2694807053,6.56550455093],[211.22795105,23.8097305298,-102.417762756,-67.1634368896,-6.15165042877,-85.3756027222,83.8878326416,46.4023017883,194.235107422,90.983291626,8.9389257431,3.60667824745,-1.06650614738],[206.675460815,-15.3075275421,-50.4470024109,-45.578163147,-42.8680839539,-26.882768631,8.5072555542,32.4067459106,90.983291626,123.919372559,34.2195968628,-6.64345550537,11.5190038681],[31.7338924408,-2.45690870285,-4.903008461,-0.764789044857,13.1241483688,-1.65265405178,-6.35781860352,7.45810174942,8.9389257431,34.2195968628,65.4854049683,27.5455703735,9.96322059631],[-49.7975730896,-24.8083114624,30.3011016846,26.9537200928,10.8975496292,14.1922206879,15.7672662735,-10.2694807053,3.60667824745,-6.64345550537,27.5455703735,70.7753982544,10.7904453278],[164.431594849,42.7084236145,-18.5534763336,-79.0089263916,-15.2709522247,3.43121051788,-25.386007309,6.56550455093,-1.06650614738,11.5190038681,9.96322059631,10.7904453278,75.9353256226]],"icov":[[0.000203410294489,-0.0000351126655005,0.000383404811146,0.000147817496327,0.000264516915195,0.000149104947923,0.000159344388521,-0.000102120502561,0.000117365867482,-0.000105715800601,0.0000533040438313,-0.000244284339715,-0.0000192783118109],[-0.0000351126655005,0.00287023722194,-0.001293244306,0.0021768368315,-0.00155780347995,0.000283826782834,-0.00086204695981,0.00155955203809,-0.000412848108681,0.000521301291883,-0.000757536559831,0.00175963179208,-0.000573980330955],[0.000383404811146,-0.001293244306,0.00413244729862,-0.00246584741399,0.00327134481631,-0.0018051044317,0.0023912799079,-0.000877668149769,-0.00120581593364,0.00172425061464,-0.000459066417534,-0.00140395795461,-0.0000628304114798],[0.000147817496327,0.0021768368315,-0.00246584741399,0.00695859268308,-0.00472180312499,0.00189832760952,-0.0024630674161,-0.000657728931401,0.00412578741089,-0.00338244135492,0.00214509526268,-0.00187692092732,0.00384774710983],[0.000264516915195,-0.00155780347995,0.00327134481631,-0.00472180312499,0.00983835943043,-0.00305773108266,-0.000556847895496,0.00213461113162,-0.00398846669123,0.00615108199418,-0.0058845388703,0.0030546837952,-0.00271536340006],[0.000149104947923,0.000283826782834,-0.0018051044317,0.00189832760952,-0.00305773108266,0.00733043579385,-0.000613842741586,-0.00468280306086,0.00581000046805,-0.00404486944899,0.00377146550454,-0.00358592486009,0.00101503182668],[0.000159344388521,-0.00086204695981,0.0023912799079,-0.0024630674161,-0.000556847895496,-0.000613842741586,0.00812320876867,-0.0000491332357342,-0.00396292004734,0.00103380903602,0.00183925626334,-0.0024050574284,0.000684931699652],[-0.000102120502561,0.00155955203809,-0.000877668149769,-0.000657728931401,0.00213461113162,-0.00468280306086,-0.0000491332357342,0.0127477496862,-0.00742441369221,0.00371618568897,-0.00531300483271,0.00682020979002,-0.00297259935178],[0.000117365867482,-0.000412848108681,-0.00120581593364,0.00412578741089,-0.00398846669123,0.00581000046805,-0.00396292004734,-0.00742441369221,0.0178648456931,-0.0134726958349,0.00860040262341,-0.00807733554393,0.00454268185422],[-0.000105715800601,0.000521301291883,0.00172425061464,-0.00338244135492,0.00615108199418,-0.00404486944899,0.00103380903602,0.00371618568897,-0.0134726958349,0.0231283046305,-0.0153849991038,0.0104202302173,-0.00487802410498],[0.0000533040438313,-0.000757536559831,-0.000459066417534,0.00214509526268,-0.0058845388703,0.00377146550454,0.00183925626334,-0.00531300483271,0.00860040262341,-0.0153849991038,0.0304421670735,-0.0160506144166,0.00289202597924],[-0.000244284339715,0.00175963179208,-0.00140395795461,-0.00187692092732,0.0030546837952,-0.00358592486009,-0.0024050574284,0.00682020979002,-0.00807733554393,0.0104202302173,-0.0160506144166,0.0263225883245,-0.00670264614746],[-0.0000192783118109,-0.000573980330955,-0.0000628304114798,0.00384774710983,-0.00271536340006,0.00101503182668,0.000684931699652,-0.00297259935178,0.00454268185422,-0.00487802410498,0.00289202597924,-0.00670264614746,0.0187926385552]],"mean":[-36.8710708618,105.772384644,-95.8475952148,4.22118282318,0.0165071357042,-30.3246192932,1.76835846901,-17.8694210052,-3.71182346344,-7.57377910614,-5.62696218491,-9.60663223267,-1.74079537392]},"hfc":{"dmean":57.0629615784,"dmean2":92.4067840576,"dvar":11325.7636719,"dvar2":31885.5136719,"max":2063.71679688,"mean":194.551879883,"median":118.457199097,"min":1.2591199024e-16,"var":54623.9257812},"melbands":{"dmean":[0.000931889459025,0.00068025989458,0.000459383183625,0.000412187917391,0.000292889861157,0.000453317101346,0.000215382111492,0.000158229042427,0.000130307264044,0.000130465850816,0.000112321409688,0.0000316218502121,0.0000267989926215,0.0000270963773801,0.0000265957296506,0.0000245332339546,0.0000162797969097,0.0000162931628438,0.0000238016509684,0.0000212318336708,0.0000102180902104,0.00000545426746612,0.00000443518410975,0.00000542677025805,0.00000571484542888,0.00000467246354674,0.0000062793978941,0.00000495023823532,0.0000026900818284,0.00000111887084131,5.17159776336e-7,2.88538473114e-7,1.70614754325e-7,8.54739141687e-8,4.60955078552e-8,3.4426509643e-8,2.55735770338e-8,2.0039314208e-8,1.75122636392e-8,1.55535584412e-8],"dmean2":[0.00155821314547,0.00114645413123,0.000754906330258,0.000672185444273,0.000478969188407,0.000745805737097,0.000359801197192,0.000265924492851,0.000216445754631,0.000217339285882,0.000184609278222,0.0000514394487254,0.0000440106923634,0.0000457212554466,0.0000445866244263,0.0000400024073315,0.0000267962677754,0.0000269075080723,0.0000396373943659,0.0000352875831595,0.0000168478436535,0.00000903268119146,0.00000732081753085,0.00000877906040841,0.00000921007722354,0.00000713269719199,0.00000908626861928,0.00000695575226928,0.00000404397223974,0.00000167180712651,7.88898887549e-7,4.15444844748e-7,2.53350634694e-7,1.24981042404e-7,7.12245551426e-8,5.41642073415e-8,4.179416635e-8,3.31960414712e-8,2.90183663765e-8,2.57041126162e-8],"dvar":[0.00000276718060377,0.00000133843536787,5.45701539068e-7,6.46132775728e-7,4.72000294849e-7,0.00000176330195245,4.68193576353e-7,1.53885082455e-7,1.12547539288e-7,1.25673039975e-7,1.07513137948e-7,5.09445463592e-9,3.46835316023e-9,8.17293255295e-9,2.91903257121e-9,2.75122324922e-9,1.44532219526e-9,1.3050753811e-9,2.49430098798e-9,2.04744998733e-9,6.79418576954e-10,1.03097162751e-10,8.68722802028e-11,1.74639205874e-10,3.37880168289e-10,2.96956015333e-10,1.96520821838e-9,1.51846335505e-9,6.80974165945e-10,4.63038184184e-11,7.50676344002e-12,3.4762965076e-12,9.49697026749e-13,1.38915761489e-13,3.0093308623e-14,1.39926895212e-14,7.0230462037e-15,2.64667895754e-15,1.93426347428e-15,8.87994190034e-16],"dvar2":[0.00000725438167137,0.00000366177823707,0.00000145240926486,0.00000171573253738,0.00000129381453462,0.00000466280744149,0.00000121282266718,4.35906230223e-7,2.91904569849e-7,3.34787586098e-7,2.75262493687e-7,1.33709150418e-8,8.06777578077e-9,2.41816735524e-8,7.859685347e-9,6.77916256464e-9,3.48846551645e-9,3.33587979462e-9,6.53603038359e-9,5.48760947794e-9,1.80656245519e-9,2.699602486e-10,2.07777212102e-10,3.71835645607e-10,8.07281630433e-10,5.91274695871e-10,3.41386696689e-9,2.64852295651e-9,1.33981570283e-9,9.22853807261e-11,1.53152594773e-11,5.60353282872e-12,1.60532199513e-12,2.11061460735e-13,5.88515577959e-14,2.53574525472e-14,1.38418549761e-14,6.5837761878e-15,4.99901565997e-15,2.20538410938e-15],"max":[0.0461525954306,0.0253714732826,0.0200309865177,0.0187014508992,0.0183046851307,0.0334751605988,0.0183945447206,0.00871939584613,0.00786451436579,0.00828345119953,0.00589518155903,0.00153821299318,0.00203935056925,0.00312622333877,0.00173401995562,0.00209268392064,0.00144947995432,0.00127839448396,0.000916158838663,0.00151858967729,0.000950981804635,0.00020468654111,0.000291849952191,0.00063554616645,0.000999977695756,0.000618486956228,0.00249781133607,0.00232519046403,0.00144588469993,0.000307811045786,0.000131229739054,0.000147455852129,0.0000628903071629,0.0000255292234215,0.0000115486573122,0.00000572841645408,0.00000429900774179,0.00000270950272352,0.00000238049756263,6.0166877347e-7],"mean":[0.00144356267992,0.00110592367128,0.000814465805888,0.000716256152373,0.000497170025483,0.000663978222292,0.000325692235492,0.000250188895734,0.000198928799364,0.000199124842766,0.000164730125107,0.0000555292826903,0.0000476367858937,0.0000476686727779,0.0000458364302176,0.0000426341357525,0.0000292670993076,0.0000307727095787,0.0000443937897217,0.0000400688877562,0.0000193881314772,0.0000105656654341,0.00000853639448906,0.0000101436799014,0.00000985553924693,0.00000822890251584,0.00000974753675109,0.0000077744734881,0.00000437005292042,0.00000202898377211,9.56385633799e-7,4.98744100241e-7,3.02088153603e-7,1.42216634913e-7,6.72542697089e-8,4.50747563718e-8,2.83140231261e-8,2.10517772103e-8,1.8577914318e-8,1.68817599899e-8],"median":[0.000808323966339,0.000682399433572,0.000444279401563,0.000336998025887,0.000170877945493,0.000122340788948,0.0000701263197698,0.000057769146224,0.0000426799088018,0.0000447386664746,0.000027721058359,0.0000205991527764,0.0000217347278522,0.0000204304997169,0.0000213399725908,0.0000180495007953,0.0000137077167892,0.0000148693043229,0.0000173758944584,0.0000168995793501,0.0000091418833108,0.00000584499412071,0.00000408386677009,0.00000469062342745,0.00000387123327528,0.00000310601490128,0.00000219536968871,0.00000144421960613,8.99377937458e-7,5.59960653845e-7,3.01753971144e-7,1.60401825156e-7,9.57819423775e-8,4.81512572037e-8,2.48495108934e-8,1.46153986691e-8,8.62040216987e-9,6.57499210632e-9,6.09013284247e-9,5.66313351769e-9],"min":[6.09114116193e-25,1.00786161011e-24,3.06694664074e-24,8.38963985666e-24,1.20637871329e-23,1.52645421353e-23,1.25990063801e-23,4.16420265888e-24,5.36680099294e-24,9.26518710904e-24,1.00033439796e-23,7.11438151678e-24,1.22201961623e-23,1.40600256859e-23,6.44068286524e-24,9.16499309661e-24,3.48546791932e-24,6.45662929401e-24,9.91350061108e-24,1.03212880565e-23,1.64386337972e-23,1.15022522747e-23,1.22337030387e-23,1.45066582201e-23,7.94870447597e-24,6.42515058845e-24,6.25457085617e-24,1.09148625004e-23,9.49416187539e-24,1.11858709312e-23,1.07901175588e-23,1.70487609094e-23,1.34991913363e-23,1.13515924636e-23,1.36772798411e-23,1.32859338346e-23,1.28488583503e-23,1.07294644104e-23,9.38814922492e-24,1.22843794632e-23],"var":[0.00000441273687102,0.00000193275127458,0.00000117767149277,0.00000131066144604,8.9439237172e-7,0.00000300202918879,7.67291226111e-7,2.64987988885e-7,2.08519651324e-7,2.20587153876e-7,1.84751314691e-7,1.14425038333e-8,8.29973956229e-9,1.65341251801e-8,5.21209075899e-9,5.6619393618e-9,2.9185351913e-9,2.43412356937e-9,5.18219289702e-9,4.20037160609e-9,1.1098689745e-9,2.08823666692e-10,1.93862884079e-10,3.81301212826e-10,6.39829855764e-10,6.478128034e-10,4.12941458805e-9,3.20512660856e-9,1.20976917373e-9,8.50465392555e-11,1.60597073834e-11,7.77792760753e-12,2.33449696206e-12,4.39630780781e-13,5.60419088523e-14,2.49159078244e-14,9.92781991192e-15,2.68113879893e-15,1.82538543573e-15,1.02121277912e-15]},"melbands_crest":{"dmean":3.79063224792,"dmean2":6.29152441025,"dvar":10.689031601,"dvar2":29.0361557007,"max":37.7013664246,"mean":15.036192894,"median":14.0525016785,"min":1.73618888855,"var":35.1069450378},"melbands_flatness_db":{"dmean":0.0308716036379,"dmean2":0.0490335188806,"dvar":0.000812384241726,"dvar2":0.00207927892916,"max":0.633187115192,"mean":0.261567443609,"median":0.247678667307,"min":0.0107409674674,"var":0.0045212879777},"melbands_kurtosis":{"dmean":10.1095571518,"dmean2":16.4547157288,"dvar":626.442810059,"dvar2":1722.22375488,"max":561.557067871,"mean":19.9764862061,"median":7.59129953384,"min":-1.94466078281,"var":1475.78625488},"melbands_skewness":{"dmean":0.801107108593,"dmean2":1.26720631123,"dvar":0.91216725111,"dvar2":2.28228831291,"max":18.8759918213,"mean":3.00350761414,"median":2.46239042282,"min":-4.36992692947,"var":4.75928354263},"melbands_spread":{"dmean":5.71878957748,"dmean2":8.97286701202,"dvar":76.3486938477,"dvar2":149.548538208,"max":167.713806152,"mean":18.5412197113,"median":15.2428913116,"min":0.211572274566,"var":283.107421875},"mfcc":{"cov":[[8114.34863281,938.165283203,-1490.88647461,-340.394592285,-806.110168457,-347.177825928,-551.346984863,-419.097961426,-32.1648674011,7.93469429016,-9.18825626373,9.23473358154,31.2381763458],[938.165283203,860.876220703,-152.265197754,-232.347061157,-95.763130188,-89.336151123,-115.396774292,-113.398429871,16.3645515442,-41.1386528015,-9.91964149475,-22.9197292328,-7.68193912506],[-1490.88647461,-152.265197754,967.752990723,-121.135917664,206.012939453,-9.02349472046,42.215473175,78.1318740845,-39.5782737732,-32.0184135437,-24.0038814545,13.491189003,-46.7226715088],[-340.394592285,-232.347061157,-121.135917664,437.625183105,18.6175708771,95.3809661865,73.3469314575,56.3808059692,-14.8418149948,9.83329200745,25.8640499115,-10.7838010788,14.5767841339],[-806.110168457,-95.763130188,206.012939453,18.6175708771,266.376403809,55.1646957397,103.839706421,64.5349349976,-27.4604225159,-35.0981254578,-18.2071361542,-4.71531009674,-14.7667655945],[-347.177825928,-89.336151123,-9.02349472046,95.3809661865,55.1646957397,176.665527344,100.387466431,58.2335853577,-5.9696598053,-11.664352417,-11.5579614639,-10.2485256195,11.5828847885],[-551.346984863,-115.396774292,42.215473175,73.3469314575,103.839706421,100.387466431,193.016067505,86.1140823364,-12.9274711609,-15.2215986252,-28.4393100739,-21.6446304321,-4.94463300705],[-419.097961426,-113.398429871,78.1318740845,56.3808059692,64.5349349976,58.2335853577,86.1140823364,156.156661987,23.2904815674,-6.3094830513,4.28569126129,-8.00797843933,-3.32004284859],[-32.1648674011,16.3645515442,-39.5782737732,-14.8418149948,-27.4604225159,-5.9696598053,-12.9274711609,23.2904815674,107.237480164,61.5838088989,30.7017650604,16.9532661438,11.518497467],[7.93469429016,-41.1386528015,-32.0184135437,9.83329200745,-35.0981254578,-11.664352417,-15.2215986252,-6.3094830513,61.5838088989,109.985488892,49.4662780762,20.782617569,20.6261768341],[-9.18825626373,-9.91964149475,-24.0038814545,25.8640499115,-18.2071361542,-11.5579614639,-28.4393100739,4.28569126129,30.7017650604,49.4662780762,92.8158035278,42.5207366943,16.0873203278],[9.23473358154,-22.9197292328,13.491189003,-10.7838010788,-4.71531009674,-10.2485256195,-21.6446304321,-8.00797843933,16.9532661438,20.782617569,42.5207366943,68.5169754028,31.2531452179],[31.2381763458,-7.68193912506,-46.7226715088,14.5767841339,-14.7667655945,11.5828847885,-4.94463300705,-3.32004284859,11.518497467,20.6261768341,16.0873203278,31.2531452179,59.2099189758]],"icov":[[0.000282896391582,-0.000129482199554,0.000380298210075,0.000144199613715,0.000413911679061,0.0000943036939134,0.000405649683671,-0.000112867586722,0.000490022765007,-0.00020093996136,0.000373114278773,-0.00040346334572,0.000297129590763],[-0.000129482199554,0.00178451498505,0.0000213442544919,0.000774570740759,-0.0000856408150867,0.0000675557748764,-0.0000159523551702,0.00105193478521,-0.00128661340568,0.00176833884325,-0.00130211259238,0.00181987870019,-0.000823465932626],[0.000380298210075,0.0000213442544919,0.00201251497492,0.000693697133102,-0.000474385509733,0.000244644616032,0.00102196633816,-0.00100846670102,0.00143100938294,-0.000838271342218,0.00111670745537,-0.00168130057864,0.00167973479256],[0.000144199613715,0.000774570740759,0.000693697133102,0.00346293463372,0.000255561171798,-0.00102434761357,-0.0000673659742461,-0.00035100520472,0.000949060195126,0.000220534697291,-0.001805944019,0.00155913666822,-0.00063565018354],[0.000413911679061,-0.0000856408150867,-0.000474385509733,0.000255561171798,0.00653813732788,-0.000127415623865,-0.00206058169715,-0.000478778034449,0.00102617812809,0.00102385983337,0.00000462546495328,-0.00118554546498,0.000858071027324],[0.0000943036939134,0.0000675557748764,0.000244644616032,-0.00102434761357,-0.000127415623865,0.00901352334768,-0.00356246624142,-0.000719618983567,-0.000296762242215,0.0010332937818,0.00000837720199343,0.000806928495876,-0.00245907460339],[0.000405649683671,-0.0000159523551702,0.00102196633816,-0.0000673659742461,-0.00206058169715,-0.00356246624142,0.0113978981972,-0.0040789921768,0.00238064257428,-0.00257919216529,0.00376989296637,-0.000514247047249,0.0011955765076],[-0.000112867586722,0.00105193478521,-0.00100846670102,-0.00035100520472,-0.000478778034449,-0.000719618983567,-0.0040789921768,0.0115006836131,-0.00565620930865,0.00455980747938,-0.00396932382137,0.00358456769027,-0.00148944207467],[0.000490022765007,-0.00128661340568,0.00143100938294,0.000949060195126,0.00102617812809,-0.000296762242215,0.00238064257428,-0.00565620930865,0.0179424062371,-0.0107127455994,0.00253870245069,-0.00444709230214,0.00256471568719],[-0.00020093996136,0.00176833884325,-0.000838271342218,0.000220534697291,0.00102385983337,0.0010332937818,-0.00257919216529,0.00455980747938,-0.0107127455994,0.0201613977551,-0.00970712862909,0.00592939928174,-0.00571850221604],[0.000373114278773,-0.00130211259238,0.00111670745537,-0.001805944019,0.00000462546495328,0.00000837720199343,0.00376989296637,-0.00396932382137,0.00253870245069,-0.00970712862909,0.0229015760124,-0.0146414572373,0.00544539606199],[-0.00040346334572,0.00181987870019,-0.00168130057864,0.00155913666822,-0.00118554546498,0.000806928495876,-0.000514247047249,0.00358456769027,-0.00444709230214,0.00592939928174,-0.0146414572373,0.0315600931644,-0.0154379680753],[0.000297129590763,-0.000823465932626,0.00167973479256,-0.00063565018354,0.000858071027324,-0.00245907460339,0.0011955765076,-0.00148944207467,0.00256471568719,-0.00571850221604,0.00544539606199,-0.0154379680753,0.0269811730832]],"mean":[-701.286499023,168.723632812,-29.7536849976,46.2241477966,4.99794244766,10.5683469772,5.45430850983,-0.893305778503,4.38126659393,3.48958683014,0.73823851347,-2.57759261131,1.61201488972]},"pitch_salience":{"dmean":0.072768971324,"dmean2":0.120469368994,"dvar":0.00407054554671,"dvar2":0.0109166689217,"max":0.902060508728,"mean":0.563542544842,"median":0.581338703632,"min":0.0840562358499,"var":0.0139825772494},"silence_rate_20dB":{"dmean":0,"dmean2":0,"dvar":0,"dvar2":0,"max":1,"mean":1,"median":1,"min":1,"var":0},"silence_rate_30dB":{"dmean":0.0176807064563,"dmean2":0.0353650934994,"dvar":0.0173673741519,"dvar2":0.0432679094374,"max":1,"mean":0.974417626858,"median":1,"min":0,"var":0.0249284487218},"silence_rate_60dB":{"dmean":0.0203848145902,"dmean2":0.0407738722861,"dvar":0.0199660081416,"dvar2":0.0459659956396,"max":1,"mean":0.0758111476898,"median":0,"min":0,"var":0.0700556486845},"spectral_centroid":{"dmean":215.884536743,"dmean2":328.543579102,"dvar":71748.5234375,"dvar2":131303,"max":10383.5771484,"mean":1131.45141602,"median":996.056152344,"min":130.231872559,"var":431443.5},"spectral_complexity":{"dmean":2.8640666008,"dmean2":4.44976091385,"dvar":9.76315116882,"dvar2":19.6716861725,"max":58,"mean":17.1678447723,"median":17,"min":0,"var":118.10333252},"spectral_contrast_coeffs":{"dmean":[0.0521681644022,0.048137255013,0.0392488650978,0.028135092929,0.0200271941721,0.0444035977125],"dmean2":[0.0861305817962,0.0805019661784,0.0658451467752,0.0470703318715,0.0328858606517,0.0706558600068],"dvar":[0.00167205301113,0.00149291544221,0.00102698395494,0.00050592032494,0.00028495080187,0.00152217689902],"dvar2":[0.00463109463453,0.0040884912014,0.00279177119955,0.00138956774026,0.000717965129297,0.00377013511024],"max":[-0.359907895327,-0.49360704422,-0.557854294777,-0.617804825306,-0.583172559738,-0.329916834831],"mean":[-0.678019225597,-0.769541740417,-0.804148077965,-0.813255310059,-0.8136241436,-0.749438107014],"median":[-0.685427725315,-0.775436997414,-0.810687184334,-0.81355381012,-0.810235798359,-0.754634261131],"min":[-0.966523051262,-0.969203472137,-0.973351597786,-0.988089859486,-0.975262403488,-0.955382466316],"var":[0.00706281932071,0.00550853880122,0.00401452323422,0.002677337965,0.0018749977462,0.00556946033612]},"spectral_contrast_valleys":{"dmean":[0.384618699551,0.367494285107,0.319024711847,0.257071524858,0.239275619388,0.65615850687],"dmean2":[0.639247179031,0.607923030853,0.520486116409,0.4133875072,0.355879932642,1.06193113327],"dvar":[0.11774738878,0.117224112153,0.099456474185,0.0920124575496,0.0998534709215,0.321550190449],"dvar2":[0.265078246593,0.267212629318,0.225675955415,0.199073880911,0.190461277962,0.79575830698],"max":[-4.99801778793,-4.41581726074,-5.40570259094,-5.67230319977,-4.98427248001,-8.94203281403],"mean":[-7.05889129639,-6.82608652115,-7.38591432571,-7.53215265274,-7.71987533569,-11.4825286865],"median":[-6.94025039673,-6.6451177597,-7.12967681885,-7.26307439804,-7.54712200165,-11.3859386444],"min":[-27.3348445892,-27.7317028046,-26.9109115601,-27.1354522705,-27.1331443787,-27.3705863953],"var":[0.671640217304,1.33846783638,1.19926023483,1.18964183331,0.981051385403,1.03489589691]},"spectral_decrease":{"dmean":2.06683292703e-9,"dmean2":3.32891114674e-9,"dvar":8.33120348378e-18,"dvar2":2.23193727541e-17,"max":1.26935280065e-8,"mean":-3.87375065358e-9,"median":-2.85943979605e-9,"min":-4.58243363255e-8,"var":1.76580660729e-17},"spectral_energy":{"dmean":0.00831522606313,"dmean2":0.0131538929418,"dvar":0.000133345383801,"dvar2":0.000336737197358,"max":0.244330272079,"mean":0.0322668328881,"median":0.0244239233434,"min":1.12322015273e-20,"var":0.000833705649711},"spectral_energyband_high":{"dmean":0.000248283118708,"dmean2":0.00035585014848,"dvar":0.00000118551486139,"dvar2":0.00000194061044567,"max":0.0557706765831,"mean":0.000682634185068,"median":0.000286094611511,"min":8.20094970501e-21,"var":0.000003253174782},"spectral_energyband_low":{"dmean":0.00412566727027,"dmean2":0.00685050431639,"dvar":0.0000435075271525,"dvar2":0.000115235285193,"max":0.155161187053,"mean":0.00787990260869,"median":0.00537725351751,"min":1.06561461002e-23,"var":0.0000822338333819},"spectral_energyband_middle_high":{"dmean":0.00109528377652,"dmean2":0.00167344510555,"dvar":0.00000384089980798,"dvar2":0.00000840759184939,"max":0.0597367733717,"mean":0.00370812369511,"median":0.00228680111468,"min":1.41344143858e-21,"var":0.0000185568260349},"spectral_energyband_middle_low":{"dmean":0.00479603046551,"dmean2":0.0077667539008,"dvar":0.0000730431493139,"dvar2":0.000190114966244,"max":0.18247833848,"mean":0.0123218121007,"median":0.00703900214285,"min":2.79371921519e-22,"var":0.000236138919718},"spectral_entropy":{"dmean":0.158845752478,"dmean2":0.248239547014,"dvar":0.0332806892693,"dvar2":0.0832881778479,"max":9.79559135437,"mean":7.4051361084,"median":7.45743703842,"min":4.84076595306,"var":0.0953137129545},"spectral_flux":{"dmean":0.0173047706485,"dmean2":0.0282620638609,"dvar":0.000306213420117,"dvar2":0.000772499537561,"max":0.313433349133,"mean":0.0900932401419,"median":0.0826607644558,"min":1.0598208422e-10,"var":0.00256680720486},"spectral_kurtosis":{"dmean":3.61537647247,"dmean2":5.68132972717,"dvar":17.5378112793,"dvar2":42.7625160217,"max":130.609970093,"mean":19.4947757721,"median":18.9510498047,"min":-1.22119879723,"var":51.6631240845},"spectral_rms":{"dmean":0.000670864072163,"dmean2":0.00103933562059,"dvar":4.66438933699e-7,"dvar2":0.00000113136286473,"max":0.0154392682016,"mean":0.00505456188694,"median":0.00488141551614,"min":3.31032402011e-12,"var":0.00000593127469983},"spectral_rolloff":{"dmean":2728.80761719,"dmean2":5229.97460938,"dvar":37809648,"dvar2":95992672,"max":22050,"mean":14649.4375,"median":21425.5371094,"min":64.599609375,"var":90681560},"spectral_skewness":{"dmean":0.273260772228,"dmean2":0.421114861965,"dvar":0.0991508215666,"dvar2":0.232843771577,"max":9.73024082184,"mean":2.81724643707,"median":2.80348396301,"min":0.0653739124537,"var":0.46671846509},"spectral_spread":{"dmean":415860.25,"dmean2":656035.5625,"dvar":305226153984,"dvar2":584119156736,"max":41183188,"mean":3602475.5,"median":3455303,"min":1161671.5,"var":832096043008},"spectral_strongpeak":{"dmean":8.6090669632,"dmean2":15.8927621841,"dvar":504.735870361,"dvar2":1367.39086914,"max":216.922164917,"mean":7.87818956375,"median":0.373558849096,"min":0,"var":506.675750732},"zerocrossingrate":{"dmean":0.039143551141,"dmean2":0.0497261695564,"dvar":0.00126772327349,"dvar2":0.00202966365032,"max":0.80712890625,"mean":0.302927017212,"median":0.30615234375,"min":0.01416015625,"var":0.016858337447}},"metadata":{"audio_properties":{"analysis_sample_rate":44100,"bit_rate":128000,"codec":"mp3","downmix":"mix","equal_loudness":0,"length":223.242446899,"lossless":false,"md5_encoded":"f735adbdf53b2a210255977291a12f00","replay_gain":-5.64466094971},"tags":{"album":["Sheer Heart Attack"],"albumartist":["Queen"],"albumartistsort":["Queen"],"artist":["Queen"],"artistsort":["Queen"],"asin":["B000025KL3"],"barcode":["077778949121"],"catalognumber":["0777 7 89491 2 1"],"date":["1993"],"discnumber":["1/1"],"file_name":"13 In the Lap of the Gods... Revisited.mp3","genre":["Pop"],"isrc":["GBUM71100524"],"label":["Parlophone"],"language":["eng"],"media":["CD"],"mp3gain_album_minmax":["102,193"],"mp3gain_minmax":["117,193"],"musicbrainz album release country":["GB"],"musicbrainz album status":["official"],"musicbrainz album type":["album"],"musicbrainz_albumartistid":["0383dadf-2a4e-4d10-a46a-e9e041da8eb3"],"musicbrainz_albumid":["6e333b1b-7525-3aed-8be4-efe24fdb35bf"],"musicbrainz_artistid":["0383dadf-2a4e-4d10-a46a-e9e041da8eb3"],"musicbrainz_recordingid":["6a86247f-890c-46d5-9c24-dbf87038c18c"],"originaldate":["1974-11-01"],"replaygain_album_gain":["-4.65 dB"],"replaygain_album_peak":["1.077092"],"replaygain_track_gain":["-5.69 dB"],"replaygain_track_peak":["0.922118"],"script":["Latn"],"title":["In the Lap of the Gods... Revisited"],"tracknumber":["13/13"]},"version":{"essentia":"2.1-beta1","essentia_build_sha":"eef087cf131c10083d474ad51def18efd0e38295","essentia_git_sha":"v2.1_beta1-7-ge0e83e8-dirty","extractor":"music 1.0"}},"rhythm":{"beats_count":493,"beats_loudness":{"dmean":0.0193975940347,"dmean2":0.0329841189086,"dvar":0.000562154396903,"dvar2":0.00170831975993,"max":0.242165982723,"mean":0.038875631988,"median":0.0313823781908,"min":0.0000157354643306,"var":0.0010606617434},"beats_loudness_band_ratio":{"dmean":[0.186557322741,0.114746682346,0.0757810920477,0.041179344058,