{"lowlevel":{"average_loudness":0.855644643307,"barkbands":{"dmean":[0.0000125395872601,0.000561036169529,0.000932749477215,0.000903014442883,0.00250452081673,0.000979976379313,0.000721987977158,0.00114619871601,0.000960241130088,0.00100531417411,0.000581319618504,0.000534762919415,0.000267634663032,0.000369896792108,0.000354755000444,0.000220741625526,0.000103162812593,0.000198017500225,0.0000721073665773,0.000117095791211,0.0000521820438735,0.0000620744904154,0.000062009334215,0.0000352550050593,0.0000202025294129,0.00000244367356572,1.22129264923e-7],"dmean2":[0.0000192885036085,0.000914464879315,0.00155130424537,0.00151699048001,0.00392285548151,0.00153597339522,0.00108921795618,0.00185445032548,0.00150587153621,0.00155843736138,0.000911054667085,0.00083833525423,0.000427728402428,0.000587601796724,0.000568577437662,0.000352553208359,0.000165008153999,0.000314638891723,0.000108340966108,0.000174069718923,0.0000766509256209,0.000086268686573,0.0000852956000017,0.0000459707080154,0.0000269516185654,0.00000335761683345,1.87014194353e-7],"dvar":[1.93022553496e-9,9.41402504395e-7,0.0000020019990643,0.0000029660520795,0.0000187767382158,0.00000563363437323,0.00000261874288299,0.0000107877021946,0.00000632775345366,0.00000795090181782,0.00000495246422361,0.00000127639179937,4.69410508686e-7,6.34177126813e-7,6.53547601814e-7,5.29173576069e-7,3.30838823004e-8,1.65068811953e-7,1.75505299183e-8,4.41112462113e-8,1.31649580126e-8,3.86484977355e-8,5.5685898559e-8,3.4953384187e-8,1.06965405422e-8,1.05685349361e-10,5.36854089829e-13],"dvar2":[4.06258227059e-9,0.00000235674906435,0.000005424590654,0.00000790848662291,0.0000452138156106,0.0000137263950819,0.00000627981171419,0.0000274528410955,0.0000161335319717,0.0000197039007617,0.0000130620273922,0.00000338341601491,0.00000127581290599,0.00000170355667706,0.00000167963969488,0.0000013514627426,8.56854924791e-8,4.25131133852e-7,3.6989771246e-8,9.23037504208e-8,2.86665109428e-8,7.04522378214e-8,1.13565427284e-7,6.07490733273e-8,1.94682350241e-8,1.97010546765e-10,1.3241658204e-12],"max":[0.00153542973567,0.0130930012092,0.0214025713503,0.0288906171918,0.111033611,0.0790690407157,0.0359837114811,0.0693577677011,0.0427628420293,0.0415473841131,0.0570970959961,0.0201095137745,0.0167982578278,0.0183395761997,0.0127840498462,0.0216747093946,0.00271940417588,0.0107297273353,0.00283105415292,0.00599695881829,0.00261215493083,0.00596681656316,0.00788559578359,0.00490098493174,0.0029360644985,0.000256838422501,0.0000231378580793],"mean":[0.0000134071005959,0.00108139484655,0.00191896746401,0.00211469526403,0.00567441061139,0.00159610959236,0.00129436072893,0.00162455951795,0.00146029039752,0.00164330913685,0.000870331539772,0.00101170060225,0.000466834258987,0.000642987142783,0.000570850854274,0.000381864840165,0.00018935908156,0.000389760534745,0.000151047948748,0.00026755122235,0.000110356224468,0.000131107124616,0.000119650467241,0.0000586076894251,0.0000349091060343,0.00000420891501562,1.48480438611e-7],"median":[0.00000259218359133,0.000477066874737,0.00103069096804,0.00107302423567,0.00361888995394,0.000603722466622,0.000482023286168,0.000340065394994,0.000413779780501,0.000213184306631,0.000163708260516,0.000392750371248,0.000130622822326,0.000241713612922,0.000218640765524,0.000100280565675,0.0000874282122822,0.000152700245962,0.0000692596368026,0.000122726152767,0.000046602130169,0.0000328270580212,0.0000169559298229,0.00000558709780307,0.00000305228127218,6.98861924775e-7,2.36151720401e-8],"min":[1.45651743443e-23,1.47534028672e-23,5.65253509028e-24,6.24553232458e-23,1.05585712637e-22,2.98915111097e-23,1.07818883197e-22,2.34065869528e-23,1.48836810369e-22,1.24306454769e-22,4.01381958016e-23,7.28417940901e-23,1.4561452183e-22,1.39465470981e-22,1.3584669464e-22,1.98088968644e-22,1.96314498613e-22,3.15605905861e-22,2.87366023362e-22,3.97876954351e-22,4.51096363538e-22,4.43020447353e-22,7.39757961564e-22,9.51197321867e-22,1.07086093262e-21,1.56793246313e-21,2.29654337834e-21],"var":[2.32108798848e-9,0.00000244135503635,0.00000501821614307,0.00000742893871575,0.000046190842113,0.0000109686479846,0.00000532615058546,0.0000161383741215,0.0000107593314169,0.0000186031902558,0.00000905420893105,0.00000269342808679,9.44234841427e-7,0.0000012044874893,0.00000102878766484,0.00000109630252609,7.6123420456e-8,4.35100417917e-7,5.4319290399e-8,1.63955576227e-7,3.37477210621e-8,1.06684993284e-7,1.44553354176e-7,8.80357333699e-8,2.81434378024e-8,2.63998933825e-10,5.84244187318e-13]},"barkbands_crest":{"dmean":2.30273365974,"dmean2":3.689640522,"dvar":4.64898395538,"dvar2":11.6251239777,"max":24.348897934,"mean":9.8971157074,"median":9.15767478943,"min":2.76048803329,"var":14.3602380753},"barkbands_flatness_db":{"dmean":0.018085423857,"dmean2":0.0267199128866,"dvar":0.00032946022111,"dvar2":0.000693340844009,"max":0.510510206223,"mean":0.174567133188,"median":0.160790205002,"min":0.0336180813611,"var":0.00440742680803},"barkbands_kurtosis":{"dmean":2.39017915726,"dmean2":3.63237690926,"dvar":18.7416286469,"dvar2":42.7112541199,"max":164.228866577,"mean":5.08055114746,"median":1.434445858,"min":-1.92137753963,"var":184.413009644},"barkbands_skewness":{"dmean":0.431599885225,"dmean2":0.651049673557,"dvar":0.189134284854,"dvar2":0.422386169434,"max":10.5777006149,"mean":1.44719350338,"median":1.23162174225,"min":-2.14880943298,"var":1.93110942841},"barkbands_spread":{"dmean":3.87988781929,"dmean2":5.61529779434,"dvar":25.9282169342,"dvar2":43.9284667969,"max":124.300384521,"mean":17.2160987854,"median":14.8202075958,"min":0.62300246954,"var":159.9347229},"dissonance":{"dmean":0.0216442234814,"dmean2":0.0362558364868,"dvar":0.000443095428636,"dvar2":0.00122304365505,"max":0.499400496483,"mean":0.444634139538,"median":0.456734597683,"min":0.176800832152,"var":0.00187422870658},"dynamic_complexity":3.87401270866,"erbbands":{"dmean":[0.00714813638479,0.161791056395,0.889214098454,1.9984151125,4.18820333481,10.9415082932,10.459353447,9.00713729858,8.41537094116,18.2596740723,21.4135799408,18.106836319,32.6200790405,24.247051239,24.8525466919,13.7193822861,12.2971420288,13.6934976578,17.9098548889,16.6240634918,12.2635259628,6.4672293663,10.6914587021,4.39752864838,3.76962327957,6.17057275772,2.9629304409,1.48410999775,2.00265955925,2.52217245102,1.582639575,0.933460533619,0.492356747389,0.297785431147,0.106000319123,0.0198394488543,0.00308366375975,0.000394275877625,0.0000214136925933,0.00000755431756261],"dmean2":[0.0118666859344,0.264746248722,1.49259448051,3.35262227058,6.855448246,16.8945598602,16.3573417664,14.2604961395,12.6308708191,28.4154834747,34.0898094177,28.0889072418,51.685798645,37.9207115173,38.268032074,21.4346618652,19.5940818787,21.3494510651,28.8214435577,26.4467716217,19.3106098175,10.0964546204,16.9370498657,6.88700723648,5.59963989258,9.19694805145,4.33340644836,2.06069874763,2.81258296967,3.55511975288,2.13363242149,1.21555542946,0.677528917789,0.402744680643,0.142933622003,0.0264146737754,0.00434514507651,0.000545704271644,0.0000320499493682,0.000011381152035],"dvar":[0.000233960716287,0.0714481398463,1.62769246101,13.5430335999,67.4506225586,470.311889648,389.084381104,514.655761719,367.699157715,1558.78259277,3482.08129883,2170.66455078,7120.1015625,4442.48779297,4830.61767578,718.588134766,1133.91516113,738.093688965,1719.67150879,1646.03112793,1911.77807617,133.122589111,509.961090088,46.9115905762,55.5304222107,124.959213257,29.7547931671,18.752412796,38.5097503662,68.9358139038,40.9807472229,24.9151535034,7.64339733124,2.27035069466,0.363379508257,0.00772746745497,0.000196953638806,0.00000355508677785,1.31636568312e-8,8.72865391077e-11],"dvar2":[0.000605707522482,0.181620851159,4.68874120712,37.8380279541,174.673492432,1087.08325195,912.633178711,1348.34509277,832.889465332,3912.79150391,8670.76855469,5347.00146484,17838.0664063,11779.1523438,12110.1132813,1796.54272461,3123.05102539,1905.27954102,4451.10058594,4131.30517578,4830.88623047,339.449768066,1337.61157227,112.428268433,112.30039978,271.787414551,62.7825546265,36.02942276,73.5943527222,135.625946045,79.6743469238,45.4259376526,14.5673646927,4.00764656067,0.781370282173,0.0144877713174,0.000376154494006,0.00000689052330927,3.16410897483e-8,1.98088614956e-10],"max":[0.247849881649,3.7391769886,17.3150863647,54.1167755127,158.218933105,604.594970703,463.97454834,481.339080811,322.599975586,733.396606445,1077.54394531,830.328491211,1575.8404541,1167.78112793,1921.02331543,449.402160645,878.000610352,503.989257813,761.221069336,798.472961426,1258.66674805,201.708328247,492.423492432,109.502563477,238.554367065,215.260345459,132.834213257,121.596450806,174.960891724,243.575393677,208.257064819,175.985153198,90.3112182617,38.3159065247,25.3008480072,2.91050004959,0.409032016993,0.0549227818847,0.00345461349934,0.000156605427037],"mean":[0.0122218113393,0.321943044662,1.80983030796,5.0409579277,9.57681751251,22.3472766876,20.920331955,14.4299058914,14.89290905,30.3873214722,31.2670459747,28.2850608826,52.640663147,41.9838752747,43.9463043213,29.4036140442,23.3405418396,25.7062568665,31.5112457275,28.6153526306,21.4484443665,13.5751209259,21.3833446503,10.0388736725,8.53768730164,13.9292545319,6.65365791321,3.18444561958,4.16510009766,5.26450490952,3.0394308567,1.54387807846,0.83017039299,0.50565713644,0.177827894688,0.0345262028277,0.00527284760028,0.0006385485176,0.0000380832716473,0.0000297224814858],"median":[0.00442872289568,0.161111488938,1.29195415974,3.08685326576,4.8850274086,9.90919685364,9.53510951996,5.08363246918,4.59641170502,14.0308227539,7.75224399567,8.01645469666,12.4393959045,9.34823036194,17.2881507874,13.7288722992,7.5815410614,11.9036617279,10.5663614273,11.1533184052,5.69207954407,6.13723897934,8.74656867981,5.58841609955,4.2724199295,6.30614471436,3.26002597809,1.18690609932,1.16297006607,0.927236914635,0.390926063061,0.167659580708,0.0742650330067,0.0391490757465,0.0175914168358,0.00522539485246,0.000862611224875,0.000117995623441,0.0000164653611137,0.0000259380503849],"min":[9.06050951101e-22,1.65260891891e-21,6.86056976144e-21,1.24035823325e-19,1.39836343043e-19,4.48864803113e-19,4.31090966496e-19,3.04061641158e-19,6.56704323474e-19,2.0116190841e-18,9.5606982765e-19,2.80780006922e-18,3.3028178282e-18,3.92225968134e-18,2.22438462011e-18,3.42005868592e-18,7.35748865289e-18,6.75836752548e-18,6.5744087611e-18,9.77714662738e-18,9.20452009499e-18,1.37519206971e-17,1.57694903117e-17,1.24613832839e-17,2.04797627764e-17,1.79130196813e-17,1.55886802103e-17,1.94846810431e-17,1.35176201342e-17,1.95687589893e-17,2.12592001784e-17,1.91582110533e-17,1.69983415579e-17,1.13224432615e-17,7.98806001437e-18,5.08178822912e-18,3.18175188055e-18,1.287542399e-18,3.33921775596e-19,2.99745567818e-20],"var":[0.000452078704257,0.182329908013,3.27515244484,34.5779571533,166.642471313,1222.92041016,926.008361816,843.719360352,817.014709473,2490.16918945,5272.00146484,3906.41235352,14355.3662109,10187.5908203,9976.87109375,1907.96972656,2303.70654297,1533.31835938,3168.3059082,2672.12084961,3751.53491211,427.01461792,1318.83959961,144.243606567,191.006622314,435.866943359,91.6886444092,49.6868133545,104.853752136,184.55406189,110.340019226,58.3837585449,18.1534328461,6.13947057724,0.742971241474,0.0194244384766,0.000448927428806,0.00000714598900231,1.60936508564e-8,4.90845253331e-10]},"erbbands_crest":{"dmean":2.33269429207,"dmean2":3.73383188248,"dvar":5.31030988693,"dvar2":13.6441574097,"max":27.8428344727,"mean":9.41305065155,"median":8.45704555511,"min":2.26666283607,"var":17.0711765289},"erbbands_flatness_db":{"dmean":0.0143208140507,"dmean2":0.0207308735698,"dvar":0.000204058174859,"dvar2":0.000401806464652,"max":0.448544681072,"mean":0.19901406765,"median":0.192854449153,"min":0.0243376754224,"var":0.00364019069821},"erbbands_kurtosis":{"dmean":1.09343528748,"dmean2":1.66886532307,"dvar":10.5350570679,"dvar2":20.7662944794,"max":153.20223999,"mean":1.30028259754,"median":-0.0879944637418,"min":-1.7767688036,"var":45.9853019714},"erbbands_skewness":{"dmean":0.34180355072,"dmean2":0.510711252689,"dvar":0.123257093132,"dvar2":0.273353487253,"max":7.82169151306,"mean":0.408137917519,"median":0.305582761765,"min":-2.37916302681,"var":0.796777486801},"erbbands_spread":{"dmean":6.20691633224,"dmean2":9.21551322937,"dvar":49.3294677734,"dvar2":100.4479599,"max":133.157150269,"mean":33.7270507813,"median":31.4141197205,"min":1.15699350834,"var":349.627349854},"gfcc":{"cov":[[18506.9804688,-44.1916694641,-2435.07788086,985.645690918,-1524.6862793,381.099945068,-580.168457031,139.346908569,33.9398269653,-296.809417725,-362.463104248,-417.945526123,-53.9324798584],[-44.1916694641,1332.46740723,-236.28793335,-387.731414795,389.935180664,-288.497467041,213.275878906,-209.944198608,5.4313492775,-62.3852005005,44.6692008972,-59.1874656677,-6.40675449371],[-2435.07788086,-236.28793335,1728.65039063,416.108001709,94.1413650513,183.837997437,-185.608261108,151.951782227,-103.394439697,22.789264679,36.8111419678,23.2491493225,45.1877670288],[985.645690918,-387.731414795,416.108001709,869.12109375,-117.215415955,46.2811660767,-135.404434204,76.7897567749,15.9821119308,-76.420539856,-30.4352455139,-102.246574402,34.5289421082],[-1524.6862793,389.935180664,94.1413650513,-117.215415955,384.834136963,-110.624046326,115.825469971,-77.2265777588,-18.8072738647,1.53371024132,26.0709533691,-5.93223428726,-1.11198198795],[381.099945068,-288.497467041,183.837997437,46.2811660767,-110.624046326,295.545166016,-15.677482605,77.0374450684,-19.8501491547,22.1247749329,-13.7156200409,-1.19247078896,-32.4206199646],[-580.168457031,213.275878906,-185.608261108,-135.404434204,115.825469971,-15.677482605,238.772842407,-50.9287757874,0.749434530735,2.76163196564,28.7912254333,-15.3998308182,-36.3920211792],[139.346908569,-209.944198608,151.951782227,76.7897567749,-77.2265777588,77.0374450684,-50.9287757874,170.837936401,24.4280281067,19.9385032654,-9.91761398315,-1.37847626209,0.179199650884],[33.9398269653,5.4313492775,-103.394439697,15.9821119308,-18.8072738647,-19.8501491547,0.749434530735,24.4280281067,132.849197388,16.1870613098,-11.3694171906,13.1403493881,0.271543264389],[-296.809417725,-62.3852005005,22.789264679,-76.420539856,1.53371024132,22.1247749329,2.76163196564,19.9385032654,16.1870613098,95.3424682617,23.6704730988,25.1787319183,-5.42734289169],[-362.463104248,44.6692008972,36.8111419678,-30.4352455139,26.0709533691,-13.7156200409,28.7912254333,-9.91761398315,-11.3694171906,23.6704730988,80.6037139893,19.8069877625,-7.5554394722],[-417.945526123,-59.1874656677,23.2491493225,-102.246574402,-5.93223428726,-1.19247078896,-15.3998308182,-1.37847626209,13.1403493881,25.1787319183,19.8069877625,114.431297302,25.1250267029],[-53.9324798584,-6.40675449371,45.1877670288,34.5289421082,-1.11198198795,-32.4206199646,-36.3920211792,0.179199650884,0.271543264389,-5.42734289169,-7.5554394722,25.1250267029,73.8158111572]],"icov":[[0.000428766594268,-0.00116302550305,0.000974944268819,-0.00102198740933,0.00147686805576,-0.00114538578782,0.00125499896239,-0.000682683719788,0.00113013933878,-0.000481431081425,0.00091433088528,-0.000180104354513,0.000348458706867],[-0.00116302550305,0.00504506193101,-0.00288725690916,0.00376752321608,-0.00491026928648,0.00401721009985,-0.00386474095285,0.00291293300688,-0.00409428123385,0.00286453240551,-0.00342826382257,0.00239468575455,-0.00156903639436],[0.000974944268819,-0.00288725690916,0.0032885982655,-0.00296319299378,0.00257258559577,-0.00338376755826,0.003675743239,-0.0023888151627,0.00350454170257,-0.00153386790771,0.00164322415367,-0.00117597752251,0.000647999870125],[-0.00102198740933,0.00376752321608,-0.00296319299378,0.00491317315027,-0.00341629120521,0.00317727052607,-0.00279242009856,0.0021358684171,-0.00419963430613,0.00334228086285,-0.00320936436765,0.00349943898618,-0.00220024981536],[0.00147686805576,-0.00491026928648,0.00257258559577,-0.00341629120521,0.00986140407622,-0.00270752632059,0.00241339160129,-0.00167933327612,0.00424856971949,-0.00261379173025,0.00386213744059,-0.000797411543317,0.00128826673608],[-0.00114538578782,0.00401721009985,-0.00338376755826,0.00317727052607,-0.00270752632059,0.00870052352548,-0.00471071898937,0.00107902905438,-0.00242899591103,0.000923435902223,-0.00113958562724,0.000746913603507,0.0012584796641],[0.00125499896239,-0.00386474095285,0.003675743239,-0.00279242009856,0.00241339160129,-0.00471071898937,0.0104671390727,-0.00173538562376,0.00311049539596,-0.00113396544475,0.000543813104741,0.00000575692683924,0.00272842706181],[-0.000682683719788,0.00291293300688,-0.0023888151627,0.0021358684171,-0.00167933327612,0.00107902905438,-0.00173538562376,0.00990271568298,-0.0043295151554,0.00031217338983,-0.00155163067393,0.00214777397923,-0.00106467690784],[0.00113013933878,-0.00409428123385,0.00350454170257,-0.00419963430613,0.00424856971949,-0.00242899591103,0.00311049539596,-0.0043295151554,0.0129848020151,-0.00436973804608,0.004989632871,-0.00378249725327,0.00225976970978],[-0.000481431081425,0.00286453240551,-0.00153386790771,0.00334228086285,-0.00261379173025,0.000923435902223,-0.00113396544475,0.00031217338983,-0.00436973804608,0.015600646846,-0.00584686966613,0.000979179749265,-0.000689799198881],[0.00091433088528,-0.00342826382257,0.00164322415367,-0.00320936436765,0.00386213744059,-0.00113958562724,0.000543813104741,-0.00155163067393,0.004989632871,-0.00584686966613,0.0185583792627,-0.00471480656415,0.00375144532882],[-0.000180104354513,0.00239468575455,-0.00117597752251,0.00349943898618,-0.000797411543317,0.000746913603507,0.00000575692683924,0.00214777397923,-0.00378249725327,0.000979179749265,-0.00471480656415,0.0150403482839,-0.00604315334931],[0.000348458706867,-0.00156903639436,0.000647999870125,-0.00220024981536,0.00128826673608,0.0012584796641,0.00272842706181,-0.00106467690784,0.00225976970978,-0.000689799198881,0.00375144532882,-0.00604315334931,0.018599934876]],"mean":[-51.4508666992,123.700805664,-133.85609436,27.6434955597,-59.5793762207,1.78341078758,-34.2945213318,-6.34648561478,-25.9755306244,-8.01375102997,-18.2411785126,-5.61336135864,-10.2284927368]},"hfc":{"dmean":4.75367259979,"dmean2":6.66240024567,"dvar":43.7717933655,"dvar2":86.5717773438,"max":155.278610229,"mean":18.2434253693,"median":12.1526479721,"min":1.13144874384e-16,"var":291.483184814},"melbands":{"dmean":[0.000108942993393,0.000375406292733,0.000398157397285,0.000471041217679,0.000434568763012,0.000193769112229,0.000131258741021,0.000230085221119,0.000161444506375,0.000125191581901,0.000172051368281,0.000109036300273,0.0000888804788701,0.0000680672455928,0.0000265669423243,0.0000277473845927,0.0000276229020528,0.000033662901842,0.0000255841896433,0.000016789217625,0.0000140854208439,0.00000645743011773,0.0000112547231765,0.00000929045381781,0.00000336906441589,0.00000304037371279,0.00000360353578799,0.00000443225462732,0.00000240263443629,0.00000113471742225,8.27071914955e-7,0.00000108453161829,0.0000015318031501,0.0000014776834405,0.00000103821457742,6.69078019655e-7,5.69235851344e-7,3.79383237714e-7,2.87882386374e-7,2.51796933526e-7],"dmean2":[0.000177543741302,0.000621866725851,0.000658187607769,0.000741512340028,0.000675023009535,0.000304897606838,0.000198390203877,0.000363939034287,0.000257280596998,0.000195856555365,0.000272361387033,0.000171380990651,0.000138026764034,0.000105832295958,0.0000422989105573,0.0000435808906332,0.0000436653535871,0.0000543687965546,0.0000414026726503,0.0000265722574113,0.0000224362465815,0.0000104370337795,0.0000179326980287,0.0000149926354425,0.00000536156949238,0.00000454632436231,0.00000548034176973,0.00000666077494316,0.00000361530169357,0.00000172232375917,0.00000117184140436,0.00000157945282808,0.00000217943443204,0.00000214468968807,0.00000145653029904,9.14384202133e-7,7.49922321575e-7,5.45187958778e-7,3.90987764831e-7,3.52136851234e-7],"dvar":[3.99488300218e-8,2.73383818694e-7,4.74279090668e-7,8.49946729886e-7,5.58039459975e-7,2.26804701242e-7,8.32755446822e-8,2.81495829313e-7,1.83692179689e-7,1.02244847255e-7,1.96930386664e-7,8.77088481843e-8,9.06585171379e-8,2.07476471559e-8,4.7010120241e-9,4.66726257642e-9,3.4467697585e-9,6.49638298711e-9,3.77666875551e-9,2.00546490525e-9,2.55803711546e-9,1.41393771691e-10,8.02177158032e-10,2.66685534767e-10,3.16550397006e-11,4.03546258909e-11,5.94932159093e-11,6.26629859113e-11,2.01622486068e-11,1.06665067404e-11,6.54100688544e-12,1.11563033117e-11,2.76135971727e-11,2.42861997873e-11,1.64600989089e-11,1.23665296753e-11,9.63149265204e-12,5.27819064497e-12,2.16194250002e-12,1.68958889848e-12],"dvar2":[1.00621726062e-7,7.77359957738e-7,0.00000126285328861,0.00000212939903577,0.00000128689669054,5.81584515658e-7,1.92710572833e-7,7.16080876373e-7,4.54199891919e-7,2.61389828893e-7,4.91551190862e-7,2.2905139474e-7,2.34469254679e-7,5.40513021008e-8,1.21702496969e-8,1.23068382152e-8,9.14138897912e-9,1.7017416809e-8,9.79798731038e-9,5.07194197752e-9,6.43556008484e-9,3.73652414565e-10,2.05093764194e-9,7.00350111238e-10,7.71227040564e-11,8.47132294868e-11,1.32297478528e-10,1.37928654609e-10,4.26810566057e-11,2.46885255295e-11,1.24863704445e-11,2.2562457111e-11,5.57236826126e-11,5.23205090364e-11,3.31376072416e-11,2.5633729514e-11,1.7984464612e-11,1.10615249599e-11,3.91840639796e-12,3.2212893377e-12],"max":[0.00267853424884,0.00633493484929,0.0125358225778,0.0275839231908,0.0134446518496,0.0121095133945,0.00527273491025,0.011681266129,0.00707698380575,0.00481686647981,0.00778878899291,0.00489435950294,0.00886118225753,0.00244184862822,0.00130539946258,0.00160452025011,0.00124785199296,0.00123842142057,0.00109006476123,0.00112860242371,0.00125575263519,0.000202711758902,0.000909496040549,0.000277533370536,0.000099204145954,0.00018008670304,0.000295995210763,0.000156798312673,0.000122620447655,0.0000888482172741,0.0000921527971514,0.0000964825230767,0.000188845922821,0.000118710042443,0.000128607818624,0.000113992173283,0.000107189727714,0.0000805888994364,0.000038879144995,0.0000332460913341],"mean":[0.000204592302907,0.000801218673587,0.00103361497167,0.00105832307599,0.00089196843328,0.000310415314743,0.000232770908042,0.000364257517504,0.000233499187743,0.000189380516531,0.000274704128969,0.000181821800652,0.000145176541992,0.000125671358546,0.0000496204484079,0.0000490869788337,0.0000477981047879,0.0000556342311029,0.0000407169864047,0.0000299868497677,0.0000224671821343,0.0000113923197205,0.0000199723726837,0.0000175739551196,0.00000680394623487,0.00000605337481829,0.00000754445773055,0.00000951408401306,0.00000485175041831,0.00000218881245928,0.00000161354239481,0.00000208055530493,0.00000305746902995,0.00000287802549792,0.00000193649589164,0.00000109566349238,8.76109879755e-7,6.06932303526e-7,4.75788539234e-7,4.05109830126e-7],"median":[0.0000834334714455,0.000611389346886,0.000689045642503,0.000636717129964,0.000414945418015,0.000102813501144,0.0000814483355498,0.000149481435074,0.0000545990696992,0.0000509514502482,0.0000618051417405,0.0000351903981937,0.0000481277638755,0.0000421997974627,0.0000155212474056,0.0000181059349416,0.0000196586552192,0.0000146476540976,0.0000156100395543,0.00000931713475438,0.0000050275407375,0.00000529676071892,0.00000512695078214,0.00000757369298299,0.0000033565022477,0.00000258381669482,0.00000312632073474,0.00000394120252167,0.00000210811731449,7.3618133456e-7,5.07220192958e-7,5.90944409851e-7,6.40553537323e-7,4.52386501593e-7,2.53172316889e-7,1.17845800673e-7,8.15585892155e-8,4.98233347912e-8,3.70759600798e-8,2.96194713201e-8],"min":[6.68728748953e-24,2.24261894365e-24,2.15806390145e-23,1.80662100392e-23,1.9518245797e-23,6.57508977513e-24,1.36940384021e-23,1.87204975848e-23,9.54393584306e-24,1.92900835574e-23,1.64785564699e-23,1.67626820799e-23,6.35920773323e-24,7.1232838121e-24,1.30715111854e-23,1.60787380973e-23,1.14874524553e-23,1.02275216828e-23,1.1212164454e-23,1.61137698324e-23,8.62025624256e-24,1.57703676363e-23,1.24463168299e-23,1.45519893231e-23,9.22965602501e-24,1.07840038868e-23,1.9877579828e-23,9.29040699218e-24,8.15672709668e-24,1.1835893106e-23,1.11924815856e-23,7.19520031652e-24,8.49700698131e-24,1.11372155683e-23,1.11202440148e-23,1.38493808916e-23,1.06028845784e-23,1.25786648128e-23,9.93094311456e-24,9.5442640092e-24],"var":[9.86079129461e-8,5.78485526148e-7,0.0000012511696923,0.00000194969447875,0.00000143188026414,3.99391609562e-7,1.77000146095e-7,4.34389704651e-7,2.89591042701e-7,1.79979096515e-7,4.02613125061e-7,1.99396282596e-7,1.72018474132e-7,4.40148433256e-8,9.91474546908e-9,8.97083385354e-9,6.25284224398e-9,1.19278613653e-8,5.62621282896e-9,4.03313871189e-9,4.72923611383e-9,3.10574538309e-10,1.73102066015e-9,6.79925393765e-10,8.10394390482e-11,1.12799554419e-10,1.75349262888e-10,2.15288481487e-10,5.73350152078e-11,2.04515796659e-11,1.63597555641e-11,2.80945423176e-11,6.28235172218e-11,5.81998858828e-11,4.24619228667e-11,2.62956496855e-11,2.11500608693e-11,1.06896939217e-11,5.67943608809e-12,4.05324124958e-12]},"melbands_crest":{"dmean":2.5699300766,"dmean2":4.11293554306,"dvar":5.76860380173,"dvar2":15.1582889557,"max":32.7062149048,"mean":13.1430683136,"median":12.5754747391,"min":1.77237296104,"var":22.2276668549},"melbands_flatness_db":{"dmean":0.0214818939567,"dmean2":0.0311804246157,"dvar":0.000509103992954,"dvar2":0.00103768019471,"max":0.641390383244,"mean":0.232788264751,"median":0.212560802698,"min":0.0054690935649,"var":0.00746280606836},"melbands_kurtosis":{"dmean":4.8379817009,"dmean2":7.4104757309,"dvar":78.1235809326,"dvar2":189.304672241,"max":414.800720215,"mean":12.6676473618,"median":5.63146305084,"min":-1.54058802128,"var":850.860778809},"melbands_skewness":{"dmean":0.537383258343,"dmean2":0.8155554533,"dvar":0.291455566883,"dvar2":0.703671872616,"max":14.0670852661,"mean":2.25952982903,"median":2.10903310776,"min":-1.4539321661,"var":3.01468586922},"melbands_spread":{"dmean":5.05133962631,"dmean2":7.54006052017,"dvar":49.6203536987,"dvar2":100.028747559,"max":172.908294678,"mean":19.7405548096,"median":17.7049407959,"min":0.718855917454,"var":223.033569336},"mfcc":{"cov":[[13315.5537109,-900.174133301,-875.365356445,241.121688843,-671.795288086,36.2460136414,-571.68157959,204.020080566,-115.636863708,498.643737793,-198.632751465,-408.82409668,18.214761734],[-900.174133301,1805.4642334,-409.28012085,-108.352905273,-6.38039302826,-12.9796190262,130.474868774,-80.5858078003,-44.7202644348,-140.603118896,49.2730445862,53.3811340332,-58.8260040283],[-875.365356445,-409.28012085,1277.28356934,265.326568604,333.230499268,33.0470924377,51.3606834412,30.1102161407,45.0659103394,44.5688018799,-60.3318824768,-20.1811237335,33.8342475891],[241.121688843,-108.352905273,265.326568604,712.170043945,165.102157593,21.6111736298,-18.5295524597,4.8064661026,10.8041238785,109.327278137,-98.7735595703,-95.89402771,-13.0807027817],[-671.795288086,-6.38039302826,333.230499268,165.102157593,281.814575195,8.36071109772,13.3811073303,-11.1379213333,36.748664856,-2.39974951744,-24.40716362,-2.8528482914,-2.6231212616],[36.2460136414,-12.9796190262,33.0470924377,21.6111736298,8.36071109772,159.295303345,48.5589256287,17.7259807587,2.15722560883,16.5777606964,17.049533844,-15.8159179688,-7.49626731873],[-571.68157959,130.474868774,51.3606834412,-18.5295524597,13.3811073303,48.5589256287,220.543045044,-3.57366752625,-18.0683307648,5.50434064865,26.6752662659,12.850851059,-22.4007453918],[204.020080566,-80.5858078003,30.1102161407,4.8064661026,-11.1379213333,17.7259807587,-3.57366752625,114.967910767,21.6889781952,37.0865936279,2.77315974236,-8.23051357269,23.2067375183],[-115.636863708,-44.7202644348,45.0659103394,10.8041238785,36.748664856,2.15722560883,-18.0683307648,21.6889781952,113.920715332,12.3695487976,4.08808994293,11.202703476,7.25255870819],[498.643737793,-140.603118896,44.5688018799,109.327278137,-2.39974951744,16.5777606964,5.50434064865,37.0865936279,12.3695487976,174.960678101,6.80534410477,-51.4256057739,9.72878265381],[-198.632751465,49.2730445862,-60.3318824768,-98.7735595703,-24.40716362,17.049533844,26.6752662659,2.77315974236,4.08808994293,6.80534410477,107.463348389,44.4592170715,-3.23514437675],[-408.82409668,53.3811340332,-20.1811237335,-95.89402771,-2.8528482914,-15.8159179688,12.850851059,-8.23051357269,11.202703476,-51.4256057739,44.4592170715,125.096099854,35.7083511353],[18.214761734,-58.8260040283,33.8342475891,-13.0807027817,-2.6231212616,-7.49626731873,-22.4007453918,23.2067375183,7.25255870819,9.72878265381,-3.23514437675,35.7083511353,102.136566162]],"icov":[[0.000125485807075,0.0000159409792104,0.0000389242413803,-0.00000796565836936,0.000243602335104,-0.000102795645944,0.000301223481074,-0.0000995009540929,0.000118139883853,-0.000300246028928,0.000194071166334,0.000145331767271,0.0000358198994945],[0.0000159409792104,0.000710164604243,0.000300297397189,-0.0000533610545972,-0.000273985846434,0.000107248386485,-0.000427012157161,0.000155099332915,0.000118370306154,0.000452724489151,-0.000198427311261,0.0000349564252247,0.000101774006907],[0.0000389242413803,0.000300297397189,0.00134271068964,-0.0000799041008577,-0.00141576235183,-0.0000777963359724,-0.00037204529508,-0.000265199661953,0.0000971199988271,-0.0000903132458916,0.000372048991267,0.0000575093945372,-0.000359036377631],[-0.00000796565836936,-0.0000533610545972,-0.0000799041008577,0.00218642805703,-0.00108513946179,-0.000301821826724,0.000207336197491,0.000193854182726,0.000189428508747,-0.00140242371708,0.00167968170717,0.000314662611345,0.000291906442726],[0.000243602335104,-0.000273985846434,-0.00141576235183,-0.00108513946179,0.00664593977854,-0.000244316033786,0.000586498586927,0.000623868021648,-0.00140457309317,0.000137340975925,0.000252664845902,-0.00006322725676,0.000385167310014],[-0.000102795645944,0.000107248386485,-0.0000777963359724,-0.000301821826724,-0.000244316033786,0.00732726603746,-0.00187034485862,-0.000877408310771,-0.000329923117533,0.000690365035553,-0.00195306644309,0.00150642578956,-0.000242984315264],[0.000301223481074,-0.000427012157161,-0.00037204529508,0.000207336197491,0.000586498586927,-0.00187034485862,0.00640044361353,-0.000312273157761,0.00135006057099,-0.00163610710297,0.0000553941681574,-0.000899433565792,0.00157882412896],[-0.0000995009540929,0.000155099332915,-0.000265199661953,0.000193854182726,0.000623868021648,-0.000877408310771,-0.000312273157761,0.010546207428,-0.00197611260228,-0.00125838234089,-0.000387906795368,0.000805477029644,-0.00232705078088],[0.000118139883853,0.000118370306154,0.0000971199988271,0.000189428508747,-0.00140457309317,-0.000329923117533,0.00135006057099,-0.00197611260228,0.01016722247,-0.0011954245856,0.000166874102433,-0.00149057724047,0.000642323691864],[-0.000300246028928,0.000452724489151,-0.0000903132458916,-0.00140242371708,0.000137340975925,0.000690365035553,-0.00163610710297,-0.00125838234089,-0.0011954245856,0.00965164788067,-0.00405808584765,0.00406784750521,-0.00223928899504],[0.000194071166334,-0.000198427311261,0.000372048991267,0.00167968170717,0.000252664845902,-0.00195306644309,0.0000553941681574,-0.000387906795368,0.000166874102433,-0.00405808584765,0.0146453846246,-0.00589496688917,0.00280595128424],[0.000145331767271,0.0000349564252247,0.0000575093945372,0.000314662611345,-0.00006322725676,0.00150642578956,-0.000899433565792,0.000805477029644,-0.00149057724047,0.00406784750521,-0.00589496688917,0.0146037200466,-0.00582988979295],[0.0000358198994945,0.000101774006907,-0.000359036377631,0.000291906442726,0.000385167310014,-0.000242984315264,0.00157882412896,-0.00232705078088,0.000642323691864,-0.00223928899504,0.00280595128424,-0.00582988979295,0.0131612019613]],"mean":[-682.105224609,146.101913452,-12.7074813843,23.5483856201,-6.82406044006,6.22654438019,-4.66900777817,1.22645950317,-6.86802721024,-3.07361960411,-6.90500879288,-8.67679786682,-3.8485045433]},"pitch_salience":{"dmean":0.0569654665887,"dmean2":0.0915276557207,"dvar":0.00261192326434,"dvar2":0.00669086445123,"max":0.988255500793,"mean":0.553595662117,"median":0.560189604759,"min":0.188886910677,"var":0.0107880430296},"silence_rate_20dB":{"dmean":0,"dmean2":0,"dvar":0,"dvar2":0,"max":1,"mean":1,"median":1,"min":1,"var":0},"silence_rate_30dB":{"dmean":0.000417101138737,"dmean2":0.00083437631838,"dvar":0.000416913011577,"dvar2":0.0012508117361,"max":1,"mean":0.999791502953,"median":1,"min":0,"var":0.000208467783523},"silence_rate_60dB":{"dmean":0.0154327424243,"dmean2":0.0308719240129,"dvar":0.0151930190623,"dvar2":0.0324208475649,"max":1,"mean":0.0744370296597,"median":0,"min":0,"var":0.0688944980502},"spectral_centroid":{"dmean":186.80581665,"dmean2":273.935333252,"dvar":56855.796875,"dvar2":99652.3828125,"max":11216.5751953,"mean":1100.40612793,"median":1049.64306641,"min":185.121292114,"var":331879.75},"spectral_complexity":{"dmean":2.61730980873,"dmean2":3.88235282898,"dvar":8.40094470978,"dvar2":15.7108249664,"max":51,"mean":17.1259384155,"median":16,"min":0,"var":81.0934753418},"spectral_contrast_coeffs":{"dmean":[0.0475831143558,0.0462770722806,0.0416505783796,0.0322394259274,0.023351803422,0.0190431475639],"dmean2":[0.0771460086107,0.0746873915195,0.0657784342766,0.0512321442366,0.0360654368997,0.0284364782274],"dvar":[0.00161062506959,0.00158108805772,0.00138318946119,0.000815260456875,0.000441966141807,0.000410834531067],"dvar2":[0.00408191047609,0.00395905598998,0.00338329863735,0.00187975133304,0.000914861448109,0.000800823210739],"max":[-0.284125983715,-0.399755746126,-0.434000134468,-0.497747451067,-0.559173226357,-0.591550588608],"mean":[-0.560329735279,-0.700739264488,-0.708205759525,-0.732252657413,-0.758367598057,-0.747448146343],"median":[-0.561729431152,-0.707968592644,-0.713103652,-0.733006298542,-0.761706829071,-0.744565725327],"min":[-0.963834106922,-0.995421826839,-0.990604162216,-0.967776060104,-0.958318114281,-0.961714923382],"var":[0.00907590705901,0.00764514971524,0.00734232505783,0.00631448207423,0.00445952452719,0.00353076634929]},"spectral_contrast_valleys":{"dmean":[0.419088900089,0.351328492165,0.347381442785,0.318457633257,0.284741848707,0.243956357241],"dmean2":[0.683435738087,0.568515300751,0.550710201263,0.492800652981,0.403670877218,0.307412743568],"dvar":[0.140504449606,0.127688005567,0.145908936858,0.137321427464,0.120198883116,0.0868228599429],"dvar2":[0.33319747448,0.279798030853,0.325084000826,0.294786006212,0.21917386353,0.117860488594],"max":[-5.76637792587,-4.8589553833,-4.76383781433,-6.02747583389,-5.97672367096,-7.47222042084],"mean":[-7.90135478973,-7.19718265533,-7.79839468002,-8.3518075943,-8.3364648819,-11.2546310425],"median":[-7.60197257996,-6.81345367432,-7.49713230133,-8.02119255066,-7.91446399689,-10.8089513779],"min":[-28.0986976624,-27.9508285522,-27.1122093201,-27.1973381042,-27.3528499603,-27.2398338318],"var":[1.89626586437,2.29691886902,2.32080841064,2.34833168983,2.37263464928,2.57549762726]},"spectral_decrease":{"dmean":1.55815893521e-9,"dmean2":2.38184338919e-9,"dvar":3.79249779069e-18,"dvar2":8.92972076934e-18,"max":1.76744443587e-23,"mean":-5.87351234316e-9,"median":-5.16681231133e-9,"min":-3.3939006272e-8,"var":1.85138423192e-17},"spectral_energy":{"dmean":0.00618763966486,"dmean2":0.0094401454553,"dvar":0.0000593957192905,"dvar2":0.000139439245686,"max":0.133289262652,"mean":0.0238227285445,"median":0.0210719555616,"min":1.08040087367e-20,"var":0.000303763255943},"spectral_energyband_high":{"dmean":0.000237861910136,"dmean2":0.000297361606499,"dvar":4.40586433115e-7,"dvar2":6.55295195884e-7,"max":0.020665448159,"mean":0.000592124182731,"median":0.000240404973738,"min":7.32294756799e-21,"var":0.00000169553720752},"spectral_energyband_low":{"dmean":0.00161535816733,"dmean2":0.0026773638092,"dvar":0.0000054115103012,"dvar2":0.0000149763054651,"max":0.0299487840384,"mean":0.00393958343193,"median":0.00291988463141,"min":6.52066618239e-23,"var":0.0000142204617077},"spectral_energyband_middle_high":{"dmean":0.00219303928316,"dmean2":0.00321330921724,"dvar":0.0000142385551953,"dvar2":0.0000347341447196,"max":0.0702945291996,"mean":0.00633842591196,"median":0.00347716128454,"min":1.93925527394e-21,"var":0.0000656576739857},"spectral_energyband_middle_low":{"dmean":0.00477271387354,"dmean2":0.00734184402972,"dvar":0.0000436013069702,"dvar2":0.000105249207991,"max":0.120691806078,"mean":0.0141217615455,"median":0.0117167998105,"min":4.96655314869e-22,"var":0.000139724317705},"spectral_entropy":{"dmean":0.166561707854,"dmean2":0.241480842233,"dvar":0.038205422461,"dvar2":0.083258189261,"max":9.79652023315,"mean":7.10062980652,"median":7.25219917297,"min":4.37781000137,"var":0.454715996981},"spectral_flux":{"dmean":0.0179818812758,"dmean2":0.0277448873967,"dvar":0.000330833601765,"dvar2":0.000769819307607,"max":0.224233090878,"mean":0.0668441280723,"median":0.0644202679396,"min":1.03942333907e-10,"var":0.00174630456604},"spectral_kurtosis":{"dmean":3.38613390923,"dmean2":5.73984670639,"dvar":31.5748004913,"dvar2":84.1696090698,"max":93.7454681396,"mean":8.35393238068,"median":4.5291686058,"min":-1.15892469883,"var":133.40826416},"spectral_rms":{"dmean":0.000590387673583,"dmean2":0.000882184947841,"dvar":4.02450581305e-7,"dvar2":9.05232411696e-7,"max":0.0114034339786,"mean":0.00443308707327,"median":0.0045340936631,"min":3.24661304785e-12,"var":0.00000358940974365},"spectral_rolloff":{"dmean":333.82119751,"dmean2":538.15447998,"dvar":510234.59375,"dvar2":938719.9375,"max":19789.0136719,"mean":1312.31103516,"median":1119.7265625,"min":43.06640625,"var":1751611.625},"spectral_skewness":{"dmean":0.331238895655,"dmean2":0.535347998142,"dvar":0.172403767705,"dvar2":0.431571513414,"max":8.33357143402,"mean":1.84703195095,"median":1.58760905266,"min":-0.0749966353178,"var":1.12689101696},"spectral_spread":{"dmean":366679.4375,"dmean2":524413,"dvar":421054840832,"dvar2":580505501696,"max":39254884,"mean":3659650.5,"median":3421374,"min":859050.6875,"var":2826230824960},"spectral_strongpeak":{"dmean":0.482215255499,"dmean2":0.798694074154,"dvar":0.587441146374,"dvar2":1.48706662655,"max":10.0647296906,"mean":1.0846259594,"median":0.761397361755,"min":0,"var":1.08904087543},"zerocrossingrate":{"dmean":0.00750588579103,"dmean2":0.00837900396436,"dvar":0.000135077207233,"dvar2":0.000158028851729,"max":0.5087890625,"mean":0.0510481968522,"median":0.04736328125,"min":0.005859375,"var":0.00130149582401}},"metadata":{"audio_properties":{"analysis_sample_rate":44100,"bit_rate":192000,"codec":"mp3","downmix":"mix","equal_loudness":0,"length":111.333877563,"lossless":false,"md5_encoded":"206252a9dbdc2e3d4b1a31ed6fda9358","replay_gain":-5.44536018372,"sample_rate":44100},"tags":{"acoustid_fingerprint":["AQADa8myLZ4Y6NYQfkdv-Pjh3PhxcjCSH7nhXMEz-Dz6HP2RMB_C7_jR49mJtwmOPsuR_AgH52lw-vhwHM-eoMd9JPYRalyO5tTxo48DZwvj4D2S5SdyHH3QfKqG_0VPJC-cO3hlTYiPerNwhHmgPXOQS0fxRNbg18J_uGKOeIsu6MPPIU9xMYEZ40jfQnWQn4TVRKh8_MF1aggtKdBy5FkutA_h_bCoCneF02iK_BByH1e441eaBFYv_I_wHAlnxUGeeTiP4_rxqc7QxLmC8NCzINeGPrjyoIs2NGmI2qHwUfiRPyOSSqnwRHmwM4V_vJfw9ETMSjukpRSDPL_gzRN4_Mdz-ExzXBdyp4H6I9WNPcSlRKmCS7mISkIO7UqRK1vg3RHxnETMrdDTwKNSEc-y489K3IGeJ7hTwlF0yNGHM0d1NPvwSMHWbB-eioGO8Du8LhEY8ie-4MkuoZZ0PMnBnPgn5NkXJCf4wskS3jgtKcKlVPiHM5PQPMejF6lYI_m4gZfQPBzRmkbzLCromcFQZ4Ij_eia4SJ-HJ6U40x2dBfCxIU-nMjzoNz0YMqD-MLzFw0P7YisXthxWcgjbnj-QPrRK0cqR6kwHddwFT2-YzcKGpFv6MmDJ4mOSzm0LHsQXmlxoo-OMFMOPdEThHqERgl5_KJw3XjoY6L0g-KN63jSBvWL6HiDZGG0sHjSKD0q5_hxHt9SNHuDMvuQR9OQNJsSDU4VDhMPc8zRuMHB48uR-4IeB292_DpOBVk45fBRHw8caTvIREHMo3mN_viRtRGp4UmkBNeF3gmy5DlU5UR-XIw2TKO2otGER8elHOeRF10S5dCyfTjOD7oR5syD6TmRE1LyHaU_POrxBR9O7lCUMz0qKsd56DouMk0Fn9h5XOIz1AkzNM9xhmCPhksIzSLi6Qm6XcKPHjzxhUX-IPmDpjn6FBcZ4zrO4xGepQlCK-IhHiEpHXuO9mgeB3tDEE2W1Mak7DiP58hzCK50PNKhXkiTBy-eHfuToHF4hHYOHbmCJvKxah9qXsR3_MOqI0TCrR74OaiSMcaOtgjvQt8Q6fgTMN-DYz-cLD4uKcd_NOcRfnmK_9BFI3xzNJNynPhx4RGm_EifQ0r54irmHVqqoPcn6BWu4xviZPqISxfxJkWZC0-UCiEPTfeFaEmONnHBK1tmHNcQKn8g5oKnhEUbZcZxHWq8pEMWeMf0F-OoB_fxfgUVpgnyxEZy5vgl-Hxx5ngu4pQYcKqQLMmF8MJxUG-F58lw5R0OvzrGLQij6Aw0MboR_oGfEZVCPDZxprmxN0eeQDeyRslR8mh66bg0DtEJ9R7y5EEzMj2qH9FLQX-FTFt44Sc-CU8QnUfLI42SD1WW47nQL9iTofzwPEj-IU9CbLUkSfiF38cbBY8w6rgWIVlOIaQM5uHxw88D5g-eEvWPLUyD7iJ-AA2X3KjDIyZ1aFEQ6sFx6ULRuMdrPDrR5EdtFncuHDu-H_UPtjn84jr-Yfbxot83PI_QC-YyXfijI