{"lowlevel":{"average_loudness":0.661164224148,"barkbands":{"dmean":[0.000252256984822,0.00194796663709,0.00184678973164,0.00180770247243,0.00268843304366,0.00127196719404,0.000704659381881,0.000762932817452,0.000845654867589,0.000340888160281,0.000215040287003,0.0000964655628195,0.000103630547528,0.000100433251646,0.000136032278533,0.0000834307138575,0.0000456658017356,0.00004812939369,0.0000650838555885,0.0000411547516705,0.0000238208704104,0.000042940457206,0.00000445033901997,0.00000185404167041,0.00000179632047548,0.00000457383885077,0.000212364306208],"dmean2":[0.000443574390374,0.0031631081365,0.00288567342795,0.00294210528955,0.00437520071864,0.00205266498961,0.00110927422065,0.00125594250858,0.00135195220355,0.00056036998285,0.000360132311471,0.000155859612278,0.00016731863434,0.000164358571055,0.000223267707042,0.000134199566673,0.000070100351877,0.0000720882453606,0.0000998554605758,0.0000623246014584,0.0000348109933839,0.0000658469070913,0.00000687964529789,0.00000304713648802,0.0000029355485367,0.00000704350395608,0.000301653868519],"dvar":[1.7675830577e-7,0.0000142286407936,0.0000119492906379,0.00000956456187851,0.0000184754535439,0.0000109302254714,0.00000514102521265,0.00000821719095256,0.00000508089442519,0.00000152818768129,5.62455340969e-7,8.06473323678e-8,6.41006536739e-8,7.19078059319e-8,1.66178978134e-7,4.78898876111e-8,1.25908448112e-8,2.19109494992e-8,3.85805165593e-8,1.25590373656e-8,3.14228487674e-9,7.69176580206e-8,1.49392276327e-10,1.31246159774e-11,9.88905225069e-12,1.28013086242e-10,2.9823110026e-7],"dvar2":[4.78179003949e-7,0.0000381228201149,0.0000293915381917,0.0000245256669587,0.0000447401107522,0.0000268936310022,0.0000122093470054,0.0000220107722271,0.0000127762987177,0.00000426261976827,0.00000156450437316,1.96617989445e-7,1.59426875257e-7,1.88565280723e-7,4.46137647714e-7,1.13310868244e-7,2.72512856725e-8,5.01202279679e-8,8.77734152027e-8,2.81607537289e-8,7.04439440113e-9,1.88030170989e-7,3.34178518191e-10,3.18911182184e-11,2.38977969358e-11,2.88921053748e-10,6.56517954667e-7],"max":[0.00594241311774,0.0825916305184,0.0948951244354,0.0704270452261,0.0916532129049,0.0635802149773,0.0841026231647,0.0716898664832,0.0637213140726,0.0396407842636,0.0237718578428,0.0095642413944,0.00583455432206,0.00918771885335,0.0110077178106,0.00783075578511,0.00358738028444,0.00491401087493,0.00649113208055,0.00348949758336,0.00119895313401,0.0106015037745,0.000373210437829,0.0000811485588201,0.0000517498519912,0.000361262093065,0.0135414851829],"mean":[0.000250155339018,0.00312711088918,0.00307787838392,0.00276274350472,0.00503701809794,0.00206621852703,0.00118439958896,0.00115063996054,0.00147978006862,0.0005434610066,0.000346736575011,0.000175491441041,0.000193716361537,0.000198441091925,0.000292452517897,0.000155604197062,0.0000789588739281,0.0000779574475018,0.000108040847408,0.0000709427113179,0.0000382869293389,0.0000532489357283,0.00000723521907275,0.00000221141385737,0.00000200768704417,0.00000715727219358,0.000524226401467],"median":[0.000102543453977,0.0012710862793,0.00138577411417,0.00126395968255,0.00241442676634,0.000503758143168,0.000252745056059,0.000201481190743,0.000346553977579,0.000144414167153,0.0000784954536357,0.000048627378419,0.0000483903349959,0.0000470500308438,0.0000485432137793,0.0000445357363787,0.0000260280794464,0.0000221958998736,0.0000304438035528,0.0000264501577476,0.0000136346106956,0.00000933121191338,0.00000298394752463,8.63311470312e-7,7.35613411962e-7,0.00000306720153276,0.000180098781129],"min":[3.78649724075e-24,4.57005739512e-24,2.99862300331e-24,4.65666446175e-24,2.22202379701e-23,2.07473242195e-23,2.24173396004e-23,1.68905233005e-23,2.44756323189e-23,3.87027340114e-23,2.46988326234e-23,5.43192895484e-23,4.42867616596e-23,4.88436955647e-23,6.49329081572e-23,1.09957743857e-22,9.28271370509e-23,1.88529224028e-22,1.53348438414e-22,2.08634625308e-22,3.29217227464e-22,3.58505272603e-22,4.88101487814e-22,6.55381752551e-22,9.79141526677e-22,1.45753485043e-21,2.10453064553e-21],"var":[1.77761506848e-7,0.0000285476726276,0.000022879379685,0.0000188285139302,0.0000544927934243,0.0000230470177485,0.0000118149673654,0.0000140289548654,0.00000992691093415,0.00000244116131398,8.66956099799e-7,1.91932656435e-7,1.74430127231e-7,1.83168779699e-7,5.55214512588e-7,1.32568999334e-7,2.67797837239e-8,3.73206923143e-8,7.13341563596e-8,2.41854305472e-8,5.37512034882e-9,7.58986615779e-8,2.30656438394e-10,1.62475536497e-11,1.23648036254e-11,1.98962180065e-10,9.00228599221e-7]},"barkbands_crest":{"dmean":2.55971121788,"dmean2":4.19149255753,"dvar":4.61458206177,"dvar2":12.2399740219,"max":25.2427635193,"mean":10.5894374847,"median":9.93474769592,"min":2.64148139954,"var":15.3719739914},"barkbands_flatness_db":{"dmean":0.0249196160585,"dmean2":0.0387168265879,"dvar":0.000444440956926,"dvar2":0.00110231596045,"max":0.375753730536,"mean":0.162058129907,"median":0.156063869596,"min":0.05182088539,"var":0.00230963923968},"barkbands_kurtosis":{"dmean":7.46653985977,"dmean2":11.9793968201,"dvar":129.962524414,"dvar2":353.422485352,"max":227.396484375,"mean":17.3831672668,"median":11.573009491,"min":-1.76072192192,"var":359.836669922},"barkbands_skewness":{"dmean":0.713847875595,"dmean2":1.1321105957,"dvar":0.506867706776,"dvar2":1.32156860828,"max":13.3186664581,"mean":3.11269879341,"median":2.87586832047,"min":-1.93397223949,"var":2.20275998116},"barkbands_spread":{"dmean":5.94631242752,"dmean2":8.97149085999,"dvar":55.8654289246,"dvar2":117.74394989,"max":106.748336792,"mean":18.6184864044,"median":13.9713554382,"min":0.755488157272,"var":231.256256104},"dissonance":{"dmean":0.0230404380709,"dmean2":0.0387529544532,"dvar":0.000468429090688,"dvar2":0.00128579908051,"max":0.499999850988,"mean":0.455641210079,"median":0.464154779911,"min":0.287206292152,"var":0.0010527651757},"dynamic_complexity":4.4467382431,"erbbands":{"dmean":[0.044999230653,0.496979624033,1.8038623333,4.14338684082,9.84644699097,7.80843782425,8.45677757263,11.0915575027,9.8910741806,11.5899791718,19.3435440063,20.5706653595,9.62985038757,10.2649040222,6.94604825974,3.84079527855,4.19912433624,5.53812265396,5.09214687347,6.83098649979,3.7232170105,2.391705513,2.71625638008,2.1647503376,3.90911459923,1.8530061245,1.08034133911,1.28422141075,1.76392269135,0.287939697504,0.115560695529,0.0480793565512,0.0277042929083,0.0193759761751,0.0132333263755,0.00863609462976,0.00921394862235,0.0353483222425,0.0215376242995,0.00574131775647],"dmean2":[0.0740777179599,0.806580305099,2.83312225342,6.56217050552,16.4196376801,12.4319372177,13.5191869736,17.9215583801,15.7661743164,18.4503955841,31.6655483246,32.738079071,15.6313838959,17.03723526,11.4010839462,6.24053525925,6.76410484314,8.89877986908,8.27466011047,10.9999418259,5.79936313629,3.5745806694,4.05384731293,3.18793654442,6.03608942032,2.79253482819,1.56691503525,1.91259539127,2.70052838326,0.440394133329,0.177869021893,0.0777567103505,0.0457040369511,0.03174976632,0.0215769000351,0.0139949116856,0.0140980575234,0.0525187253952,0.0302953720093,0.00824839621782],"dvar":[0.00700918911025,0.978097438812,9.98965549469,50.6666069031,296.050384521,189.567901611,505.831359863,881.637512207,1031.50891113,2035.34777832,5021.39453125,2595.28149414,1045.87243652,1471.0748291,332.010223389,111.29384613,106.484489441,221.481460571,219.535186768,447.261108398,78.1307907104,35.8186225891,72.5384597778,38.0217437744,160.218933105,24.5229949951,5.20469856262,28.0895900726,134.177764893,0.882206499577,0.107801996171,0.0115012777969,0.00258306553587,0.00118769996334,0.000524063361809,0.000213347142562,0.000624192587566,0.036387629807,0.00491621252149,0.000101038334833],"dvar2":[0.0180139839649,2.64231181145,24.744184494,127.608070374,743.919311523,448.887298584,1198.05383301,2208.54199219,2517.94287109,4829.0546875,13375.8027344,6449.44384766,2645.16040039,4362.828125,888.071899414,277.439819336,265.937988281,569.491271973,590.039489746,1135.15869141,167.698852539,74.5172195435,167.02180481,79.8483734131,380.742523193,54.8801460266,11.2604722977,69.1205978394,327.856628418,2.14438295364,0.245305329561,0.0268633663654,0.00629698252305,0.00288287969306,0.00126150948927,0.00050835753791,0.00142141757533,0.088305093348,0.0110755255446,0.000213682724279],"max":[1.44220089912,21.9176197052,64.6550140381,209.043151855,465.678619385,297.212677002,621.22467041,629.648742676,953.511169434,1740.41821289,2009.17504883,1140.04663086,1513.13220215,1306.05444336,524.754821777,290.451293945,235.038085938,537.190490723,296.572631836,674.56652832,434.617675781,243.125091553,247.167373657,205.491287231,431.430664062,150.167922974,59.3610610962,148.192306519,483.957366943,28.3259143829,10.2817230225,3.3320684433,0.691494762897,0.530861735344,0.396314680576,0.281382769346,0.811992287636,6.9523525238,2.05302643776,0.251269131899],"mean":[0.0663395896554,0.800552308559,3.10371589661,7.19666814804,15.8013811111,14.4116544724,13.9405994415,17.4929523468,17.137424469,19.8999500275,31.5147457123,36.3268699646,17.0975761414,16.8779201508,12.6856193542,7.70394277573,8.59489440918,11.5095100403,10.9535131454,15.2554273605,7.58282995224,4.42281198502,4.41068267822,3.87907648087,6.30882549286,3.2760424614,1.85555267334,1.79386556149,2.16242408752,0.459846377373,0.189979076385,0.0658607706428,0.0310379806906,0.0215170737356,0.0149606037885,0.0102676032111,0.0145437596366,0.0494086332619,0.0384507998824,0.020582228899],"median":[0.0270091220737,0.317136406898,1.44225096703,3.72963929176,6.87484359741,6.30355644226,4.45379686356,4.15266180038,3.46602296829,3.84391069412,6.17026329041,8.38641166687,5.44089221954,4.17281532288,3.23710489273,2.29865694046,2.38900208473,2.60748195648,2.38202619553,2.8791706562,2.44379258156,1.52644610405,1.25317335129,1.24206805229,1.73647546768,1.23997783661,0.698177099228,0.486820727587,0.350078701973,0.179417550564,0.0804622247815,0.0278270468116,0.0114853587002,0.00781651958823,0.00555982906371,0.00413776002824,0.00616243667901,0.0123087624088,0.0134192174301,0.0119735263288],"min":[4.77880576786e-22,8.96459008338e-22,2.60972777152e-21,1.45528195456e-20,1.87817917364e-20,6.14954178588e-20,8.05389120927e-20,1.89708225396e-19,3.68748457529e-19,4.72208046795e-19,5.59739472035e-19,6.45961160172e-19,8.22159316042e-19,1.16083456258e-18,1.84933844883e-18,2.35298514917e-18,2.75373678516e-18,2.46645923316e-18,3.58795918627e-18,4.88044998649e-18,5.4179399544e-18,6.45234874915e-18,9.5037948678e-18,8.48672750101e-18,1.06117362967e-17,9.76211096539e-18,1.01630644334e-17,1.27081643478e-17,1.25650893988e-17,1.13988333911e-17,1.48307180714e-17,1.46026726484e-17,1.06758295593e-17,8.48265694521e-18,7.40651812934e-18,5.06886684077e-18,2.55445946302e-18,1.0867146302e-18,2.71458730904e-19,3.15325708526e-20],"var":[0.0124817593023,1.92405128479,21.3634414673,102.613571167,813.890563965,491.190124512,979.769226074,1737.9822998,2404.42993164,4321.31835938,8531.265625,5472.07568359,1845.66503906,2227.98901367,708.842895508,307.424194336,326.531158447,607.422058105,654.692687988,1617.00073242,262.687286377,79.2579040527,121.275817871,82.0973358154,261.3230896,48.786945343,10.8848114014,30.5107707977,132.031555176,1.09014129639,0.163298666477,0.0162507742643,0.00308331428096,0.0014552512439,0.000667598156724,0.000286255439278,0.000943284132518,0.0380556918681,0.00772068882361,0.000619972182903]},"erbbands_crest":{"dmean":2.84497594833,"dmean2":4.70874118805,"dvar":6.90883970261,"dvar2":18.1252975464,"max":28.5456581116,"mean":9.81031417847,"median":8.9366607666,"min":2.45471763611,"var":18.1193294525},"erbbands_flatness_db":{"dmean":0.0204950291663,"dmean2":0.0316093526781,"dvar":0.000290562398732,"dvar2":0.000697644252796,"max":0.310867726803,"mean":0.147385269403,"median":0.144423395395,"min":0.0207300744951,"var":0.00128459557891},"erbbands_kurtosis":{"dmean":1.14372849464,"dmean2":1.84678852558,"dvar":2.0919649601,"dvar2":5.2832698822,"max":27.7011528015,"mean":1.33639800549,"median":0.622229337692,"min":-1.65471601486,"var":6.24794197083},"erbbands_skewness":{"dmean":0.361390531063,"dmean2":0.563711881638,"dvar":0.104735717177,"dvar2":0.248159915209,"max":4.03005123138,"mean":0.773057222366,"median":0.758109211922,"min":-3.02026152611,"var":0.629321038723},"erbbands_spread":{"dmean":6.57358264923,"dmean2":9.95643234253,"dvar":42.1156845093,"dvar2":88.5498352051,"max":134.070999146,"mean":31.4491882324,"median":28.7309112549,"min":3.63377094269,"var":208.839401245},"gfcc":{"cov":[[13878.7167969,174.272140503,-1404.29663086,191.079833984,282.402374268,-795.785766602,370.769897461,-232.292724609,287.138641357,208.496414185,-230.257461548,-216.055404663,-121.563278198],[174.272140503,502.798950195,56.4115638733,-131.745132446,14.9000587463,28.8962745667,10.8088140488,-42.107635498,11.5894622803,-25.7378082275,41.3149337769,-40.370929718,20.220998764],[-1404.29663086,56.4115638733,533.449645996,33.6666946411,-116.739227295,219.654891968,-107.993453979,102.991386414,-73.9994888306,-18.1845779419,31.3217811584,1.26592886448,-0.702100098133],[191.079833984,-131.745132446,33.6666946411,333.105865479,132.082748413,-43.5992889404,82.7881622314,31.3981571198,11.3613700867,10.904417038,-27.5781402588,-7.16694068909,-41.3757286072],[282.402374268,14.9000587463,-116.739227295,132.082748413,216.210189819,-11.5720214844,100.233230591,-17.1379947662,21.7355861664,-16.7514152527,-17.0971260071,-9.4202709198,-0.379863590002],[-795.785766602,28.8962745667,219.654891968,-43.5992889404,-11.5720214844,279.291595459,-62.3970832825,84.5683517456,-83.3175048828,-2.64790606499,39.6459541321,0.364931732416,38.451007843],[370.769897461,10.8088140488,-107.993453979,82.7881622314,100.233230591,-62.3970832825,207.953353882,-25.0948505402,64.1654663086,-13.7592906952,-19.91837883,24.4723930359,-20.055557251],[-232.292724609,-42.107635498,102.991386414,31.3981571198,-17.1379947662,84.5683517456,-25.0948505402,155.477478027,2.10313987732,29.2600021362,15.8239707947,-16.1207256317,20.3745708466],[287.138641357,11.5894622803,-73.9994888306,11.3613700867,21.7355861664,-83.3175048828,64.1654663086,2.10313987732,132.572143555,44.9207611084,-16.0353908539,-3.26943254471,-27.8631458282],[208.496414185,-25.7378082275,-18.1845779419,10.904417038,-16.7514152527,-2.64790606499,-13.7592906952,29.2600021362,44.9207611084,91.9691772461,22.9236412048,-10.0285263062,-5.83696174622],[-230.257461548,41.3149337769,31.3217811584,-27.5781402588,-17.0971260071,39.6459541321,-19.91837883,15.8239707947,-16.0353908539,22.9236412048,67.2510681152,30.6823940277,20.8929195404],[-216.055404663,-40.370929718,1.26592886448,-7.16694068909,-9.4202709198,0.364931732416,24.4723930359,-16.1207256317,-3.26943254471,-10.0285263062,30.6823940277,85.6841506958,33.8815116882],[-121.563278198,20.220998764,-0.702100098133,-41.3757286072,-0.379863590002,38.451007843,-20.055557251,20.3745708466,-27.8631458282,-5.83696174622,20.8929195404,33.8815116882,79.963180542]],"icov":[[0.000125881269923,-0.000231949568843,0.000357079290552,-0.00015161446936,0.00013807596406,0.0000879575163708,-0.0000641495498712,-0.000116036731924,0.00028118348564,-0.000493834610097,0.000584655092098,-0.0000924878113437,0.0000949063687585],[-0.000231949568843,0.00479860790074,-0.00256495224312,0.00210778554901,-0.00142558687367,0.000681903969962,-0.00158964307047,0.00282792677172,-0.00290665845387,0.00361163029447,-0.00764650525525,0.00726124132052,-0.00377987721004],[0.000357079290552,-0.00256495224312,0.00693240435794,-0.00451175216585,0.00522797880694,-0.0046528163366,0.00192798825447,-0.00156713312026,-0.000783597875852,0.00160008680541,0.00249467859976,-0.00272800098173,0.00241067958996],[-0.00015161446936,0.00210778554901,-0.00451175216585,0.00931841786951,-0.00780846411362,0.00498152384534,-0.00201041158289,-0.00237774313428,0.00453822175041,-0.00439594360068,0.00137714599259,-0.00138615781907,0.00317563465796],[0.00013807596406,-0.00142558687367,0.00522797880694,-0.00780846411362,0.0137330684811,-0.00584233691916,-0.00174327753484,0.00257882475853,-0.00457790633664,0.00547509267926,-0.00212590955198,0.00431783357635,-0.00411337101832],[0.0000879575163708,0.000681903969962,-0.0046528163366,0.00498152384534,-0.00584233691916,0.0106568653136,-0.00133176322561,-0.00350244203582,0.0066469553858,-0.00464373920113,0.0000355578740709,-0.000228050528676,-0.0000312693773594],[-0.0000641495498712,-0.00158964307047,0.00192798825447,-0.00201041158289,-0.00174327753484,-0.00133176322561,0.00976878590882,-0.00112300273031,-0.00360922142863,0.00237996364012,0.0027297034394,-0.00656902045012,0.00363575178199],[-0.000116036731924,0.00282792677172,-0.00156713312026,-0.00237774313428,0.00257882475853,-0.00350244203582,-0.00112300273031,0.013022785075,-0.0061724386178,0.0024704656098,-0.00730261905119,0.00987898465246,-0.00828731339425],[0.00028118348564,-0.00290665845387,-0.000783597875852,0.00453822175041,-0.00457790633664,0.0066469553858,-0.00360922142863,-0.0061724386178,0.0213289037347,-0.015426187776,0.0124874254689,-0.00958008971065,0.00805584993213],[-0.000493834610097,0.00361163029447,0.00160008680541,-0.00439594360068,0.00547509267926,-0.00464373920113,0.00237996364012,0.0024704656098,-0.015426187776,0.0275671556592,-0.0191583186388,0.0120030725375,-0.00514129782096],[0.000584655092098,-0.00764650525525,0.00249467859976,0.00137714599259,-0.00212590955198,0.0000355578740709,0.0027297034394,-0.00730261905119,0.0124874254689,-0.0191583186388,0.0408199764788,-0.0242331400514,0.0086302543059],[-0.0000924878113437,0.00726124132052,-0.00272800098173,-0.00138615781907,0.00431783357635,-0.000228050528676,-0.00656902045012,0.00987898465246,-0.00958008971065,0.0120030725375,-0.0242331400514,0.0358584374189,-0.0180766303092],[0.0000949063687585,-0.00377987721004,0.00241067958996,0.00317563465796,-0.00411337101832,-0.0000312693773594,0.00363575178199,-0.00828731339425,0.00805584993213,-0.00514129782096,0.0086302543059,-0.0180766303092,0.0261253751814]],"mean":[-54.3010520935,104.258827209,-69.9133834839,-4.71981954575,-19.9543380737,-27.4177646637,-1.11892318726,-22.6145381927,-5.60380744934,-14.961892128,-14.3940382004,-10.9862298965,-8.26115989685]},"hfc":{"dmean":92.4974060059,"dmean2":148.417572021,"dvar":15858.6259766,"dvar2":40219.921875,"max":1927.79321289,"mean":285.147491455,"median":201.215057373,"min":1.11520754882e-16,"var":70570.328125},"melbands":{"dmean":[0.000461927033029,0.00083392392844,0.00084714521654,0.00062457571039,0.000301338208374,0.000245674920734,0.000150433494127,0.000127757681184,0.000166625148267,0.000118207382911,0.0000492514191137,0.0000444986726507,0.0000270293894573,0.0000126752102005,0.00000950305366132,0.0000107860505523,0.0000108718086267,0.00000807383639767,0.0000105256631286,0.00000763579373597,0.0000042520396164,0.00000275849242826,0.00000248633932642,0.00000230271075452,0.00000172008981281,0.00000318323486681,0.00000217906381295,0.0000011319193618,7.37874358947e-7,5.79062600536e-7,9.00202905996e-7,0.00000145130343299,2.25831286116e-7,1.18732607746e-7,7.17905734859e-8,4.25034762941e-8,2.53098964009e-8,1.97038456662e-8,1.73286736072e-8,1.59851101245e-8],"dmean2":[0.000753602827899,0.00131686916575,0.00137418496888,0.0010213102214,0.000478266127175,0.000396020332118,0.000237877000473,0.000204328491236,0.000270999211352,0.000187981408089,0.0000803226503194,0.0000740588584449,0.0000447757411166,0.0000207215271075,0.000015449590137,0.0000174665055965,0.0000176186294993,0.0000132995346576,0.0000172926374944,0.0000122569854284,0.00000664468961986,0.00000423471419708,0.00000373318835045,0.0000035102232232,0.0000025824176646,0.00000500595251651,0.00000335940012519,0.00000174555827925,0.00000110166786271,8.68290044309e-7,0.0000013834588799,0.00000224988320952,3.56579420213e-7,1.86613306141e-7,1.11452074236e-7,6.80784921769e-8,4.16869809783e-8,3.25682094626e-8,2.85020842483e-8,2.6167322531e-8],"dvar":[7.51750064865e-7,0.00000207644166039,0.00000180710082986,9.95367145151e-7,5.02099112509e-7,4.28201246905e-7,2.19596529405e-7,2.23737828264e-7,3.01667341773e-7,8.99205332416e-8,2.74733658046e-8,2.98927282927e-8,7.41328909371e-9,1.41252953778e-9,5.78349201863e-10,7.36540106683e-10,9.0135954256e-10,5.4783128034e-10,1.06611552919e-9,4.88789231312e-10,9.93448170949e-11,4.79543557641e-11,5.25572294019e-11,5.15662477996e-11,2.55766761936e-11,1.09583925267e-10,4.56514860636e-11,8.75265745298e-12,2.32287258005e-12,2.04433605461e-12,1.90686078039e-11,1.05010979079e-10,7.21794640116e-13,1.04432921458e-13,4.4827741508e-14,1.28880891013e-14,2.76936553896e-15,1.35371630372e-15,9.75279664699e-16,8.01521019965e-16],"dvar2":[0.00000196233349925,0.00000532494414074,0.00000459445845991,0.00000245276760324,0.00000118555487916,0.00000106662935195,5.28503676378e-7,5.50674428723e-7,7.92711716713e-7,2.22744247935e-7,6.94886210795e-8,8.90262157327e-8,2.02013445971e-8,3.50580653397e-9,1.47132928063e-9,1.83185400182e-9,2.33254238147e-9,1.48336776196e-9,2.84952950125e-9,1.18276288763e-9,2.14642914553e-10,1.06625909491e-10,1.11923324775e-10,1.26439386738e-10,5.57295633252e-11,2.66178024066e-10,1.04142645896e-10,2.04622759709e-11,5.2478043612e-12,4.60817104961e-12,4.80970228922e-11,2.56948268218e-10,1.94105322093e-12,2.45464781314e-13,1.05876617966e-13,2.98689567003e-14,6.69964902444e-15,3.3216125976e-15,2.37386362127e-15,1.94410027966e-15],"max":[0.0176386851817,0.0246646720916,0.0296574849635,0.0222120154649,0.0168719887733,0.013958084397,0.0128631927073,0.0169245991856,0.0154547262937,0.00748667865992,0.00723382318392,0.00589361041784,0.0028588117566,0.00134737207554,0.000689168926328,0.000765854376368,0.00108769536018,0.000451777596027,0.000966049381532,0.000603752559982,0.000502024486195,0.000256639177678,0.000289279414574,0.000236447915086,0.000161871517776,0.000375766307116,0.000225280949962,0.0000918472360354,0.0000341685226886,0.0000367382672266,0.000121450379083,0.000435657304479,0.0000370067427866,0.00000776924480306,0.00000673950717101,0.00000446159583589,0.00000140821396144,5.60752937417e-7,4.54787908666e-7,4.4365941676e-7],"mean":[0.000749569269828,0.00148141128011,0.00151790759992,0.00113371654879,0.00052543572383,0.000394789967686,0.000263539055595,0.000218711516936,0.00027701901854,0.000207413453609,0.0000808312252047,0.0000696929491824,0.0000453912289231,0.0000232627899095,0.0000180113893293,0.0000202026512852,0.0000209178124351,0.0000154737754201,0.0000217615852307,0.0000159159044415,0.00000754876828069,0.00000466164783575,0.00000398424799641,0.00000357418548447,0.00000284793281935,0.00000489565854878,0.00000356067062057,0.0000018619207367,0.00000120503841572,8.99648398445e-7,0.00000114227987069,0.00000169305360487,3.43928377333e-7,1.87623214742e-7,1.14437625598e-7,6.48451319307e-8,2.99876639076e-8,2.14661159958e-8,1.90292794855e-8,1.77030035076e-8],"median":[0.000314348959364,0.000724739278667,0.000845883158036,0.00053430092521,0.000174360655365,0.0000942817423493,0.0000542822017451,0.0000405809296353,0.0000544101494597,0.0000500305686728,0.000023318832973,0.000015525456547,0.0000107020387077,0.00000704778904037,0.00000479394566355,0.00000488078148919,0.00000453989514426,0.00000330970419782,0.00000366811400454,0.00000337521942129,0.00000245533556154,0.00000153880216658,0.00000114602448775,9.97194320007e-7,9.03746581571e-7,0.00000122188328078,0.00000113028363558,6.73546594498e-7,4.32000888395e-7,3.09927770559e-7,2.624480544e-7,2.07541035024e-7,1.32635904038e-7,7.69761072661e-8,4.74358401448e-8,2.75099871772e-8,1.15663665312e-8,7.59849871912e-9,6.8113861218e-9,6.3813168083e-9],"min":[4.73790017448e-24,1.26522669158e-24,2.30198940424e-24,5.44601169972e-24,2.25993858204e-24,4.40883946964e-24,5.32649020068e-24,4.87499512791e-24,6.89899409066e-24,3.91693973016e-24,4.56682030439e-24,3.58451058926e-24,5.57776488153e-24,6.03482339583e-24,5.95888527851e-24,4.53930956919e-24,3.95467094726e-24,5.01391747762e-24,4.13617048661e-24,5.70852252087e-24,5.76004223773e-24,6.37815341116e-24,6.5252594039e-24,7.54557209871e-24,6.34868432875e-24,5.773487583e-24,6.85085306506e-24,6.19959356197e-24,4.84508428339e-24,6.74760852751e-24,7.66551287733e-24,6.64786968782e-24,5.70990578847e-24,5.9184494518e-24,7.58639407284e-24,9.09994520408e-24,8.99706827571e-24,7.35928969569e-24,7.77138511056e-24,6.91145809297e-24],"var":[0.0000015827055222,0.00000442820464741,0.00000415066870119,0.0000028904617011,0.00000110122812202,8.8492197392e-7,5.3740001249e-7,4.85949499307e-7,5.24259348822e-7,1.85045635703e-7,4.72422634346e-8,4.30901536674e-8,1.26353594254e-8,3.17023696184e-9,1.51176493546e-9,1.93347560185e-9,2.1731216826e-9,1.39701483715e-9,3.13229708837e-9,1.62756041977e-9,2.74239381204e-10,9.40751990197e-11,9.56918155826e-11,7.89204396279e-11,4.98622011735e-11,1.70363292917e-10,7.91224377683e-11,1.54718113321e-11,4.63014262347e-12,3.29987187749e-12,1.86603562463e-11,1.0203309031e-10,6.67772206888e-13,1.46010644981e-13,6.13134488927e-14,2.04578988841e-14,3.2901205479e-15,1.56325658476e-15,1.17081774997e-15,9.86077005436e-16]},"melbands_crest":{"dmean":3.09969162941,"dmean2":5.04522228241,"dvar":6.69443130493,"dvar2":17.2961597443,"max":36.4350509644,"mean":14.6521863937,"median":14.0384578705,"min":1.91907429695,"var":22.5800266266},"melbands_flatness_db":{"dmean":0.0305189434439,"dmean2":0.047240421176,"dvar":0.000653753522784,"dvar2":0.00155542569701,"max":0.51546984911,"mean":0.280987918377,"median":0.27671906352,"min":0.0041735409759,"var":0.00368628464639},"melbands_kurtosis":{"dmean":8.39464473724,"dmean2":13.6249608994,"dvar":149.865615845,"dvar2":385.894927979,"max":446.754882812,"mean":19.0495510101,"median":12.2725811005,"min":-1.68612754345,"var":486.384216309},"melbands_skewness":{"dmean":0.739655196667,"dmean2":1.17437410355,"dvar":0.484686285257,"dvar2":1.19603526592,"max":18.120803833,"mean":3.03621697426,"median":2.8061466217,"min":-0.865590214729,"var":2.45323348045},"melbands_spread":{"dmean":3.3983733654,"dmean2":5.26089477539,"dvar":26.5521450043,"dvar2":52.3110618591,"max":173.303726196,"mean":10.6688671112,"median":8.43859004974,"min":0.640895962715,"var":98.2283706665},"mfcc":{"cov":[[9387.61914062,506.061737061,-1566.14855957,820.090332031,-417.89642334,107.668434143,-263.377838135,-223.922973633,182.062057495,228.024536133,209.855056763,-226.079162598,-11.6889190674],[506.061737061,733.533508301,37.6338195801,-95.9420318604,-16.8527355194,23.2056903839,-10.4709692001,-26.0919322968,-31.4035453796,37.8570899963,-15.4727468491,-35.8998146057,5.87185573578],[-1566.14855957,37.6338195801,702.603027344,-223.577957153,122.343467712,-47.68932724,77.140083313,32.0293807983,-38.3279571533,-27.6978263855,-32.1461982727,71.7116622925,-16.2159290314],[820.090332031,-95.9420318604,-223.577957153,454.574707031,-38.9345092773,53.5061073303,-24.8819465637,39.0167617798,48.098903656,37.8783798218,50.2417106628,-14.7440309525,-1.12266755104],[-417.89642334,-16.8527355194,122.343467712,-38.9345092773,185.382492065,8.31875610352,73.4676361084,14.2573404312,4.1097779274,-1.40908145905,-11.3105697632,9.64474487305,1.9264190197],[107.668434143,23.2056903839,-47.68932724,53.5061073303,8.31875610352,133.762481689,43.9013633728,30.1736488342,1.26606941223,6.40341567993,-3.55604934692,-11.4820623398,3.3475997448],[-263.377838135,-10.4709692001,77.140083313,-24.8819465637,73.4676361084,43.9013633728,154.843688965,58.8097953796,1.16359567642,-10.6120510101,-16.8023300171,-9.48428344727,3.75955486298],[-223.922973633,-26.0919322968,32.0293807983,39.0167617798,14.2573404312,30.1736488342,58.8097953796,105.880104065,32.786239624,-10.2477436066,-8.8581237793,11.0928058624,0.333543986082],[182.062057495,-31.4035453796,-38.3279571533,48.098903656,4.1097779274,1.26606941223,1.16359567642,32.786239624,86.4621582031,32.9468002319,14.3133468628,8.1462802887,5.4148645401],[228.024536133,37.8570899963,-27.6978263855,37.8783798218,-1.40908145905,6.40341567993,-10.6120510101,-10.2477436066,32.9468002319,101.98210907,49.5682754517,-4.52579498291,4.97995281219],[209.855056763,-15.4727468491,-32.1461982727,50.2417106628,-11.3105697632,-3.55604934692,-16.8023300171,-8.8581237793,14.3133468628,49.5682754517,81.6967163086,19.266576767,-2.53812861443],[-226.079162598,-35.8998146057,71.7116622925,-14.7440309525,9.64474487305,-11.4820623398,-9.48428344727,11.0928058624,8.1462802887,-4.52579498291,19.266576767,70.4159393311,18.4552135468],[-11.6889190674,5.87185573578,-16.2159290314,-1.12266755104,1.9264190197,3.3475997448,3.75955486298,0.333543986082,5.4148645401,4.97995281219,-2.53812861443,18.4552135468,51.9873771667]],"icov":[[0.000243365910137,-0.000222745729843,0.000360572681529,-0.000262122455752,0.000248050113441,-0.0000208207165997,-0.000204883341212,0.000677137868479,-0.000577116559725,0.000127028193674,-0.000316933786962,0.000195805128897,0.000152267632075],[-0.000222745729843,0.00177510443609,-0.000484035059344,0.000602767744567,-0.0000694082846167,-0.000407122075558,0.000573002558667,-0.000794017862063,0.00116351922043,-0.00113642588258,0.000643353909254,0.000738192349672,-0.000639069010504],[0.000360572681529,-0.000484035059344,0.00304297287948,0.000329321192112,-0.000596178288106,0.000854085199535,-0.00112556898966,0.000201814211323,0.000546873372514,-0.0010210807668,0.00105177867226,-0.00311039434746,0.00233558891341],[-0.000262122455752,0.000602767744567,0.000329321192112,0.00350033561699,-0.000421901058871,-0.000976230134256,0.00128100533038,-0.00244639627635,0.000183814656339,-0.000230824458413,-0.00141432567034,0.000743292388506,-0.000277101324173],[0.000248050113441,-0.0000694082846167,-0.000596178288106,-0.000421901058871,0.00778253795579,-0.00003066708814,-0.00408916035667,0.002763455268,-0.00185752741527,-0.000361571059329,0.000676300085615,-0.000884722452611,0.00043531373376],[-0.0000208207165997,-0.000407122075558,0.000854085199535,-0.000976230134256,-0.00003066708814,0.00959114171565,-0.00266253179871,-0.00183868175372,0.00182213925291,-0.00153047288768,0.00131916382816,-0.000542713154573,0.0000883892353158],[-0.000204883341212,0.000573002558667,-0.00112556898966,0.00128100533038,-0.00408916035667,-0.00266253179871,0.0126539086923,-0.0073532233946,0.00201455457136,0.000597542966716,-0.00147932674736,0.00506432075053,-0.00311624654569],[0.000677137868479,-0.000794017862063,0.000201814211323,-0.00244639627635,0.002763455268,-0.00183868175372,-0.0073532233946,0.0192055851221,-0.0087448162958,0.00306519097649,0.00112341274507,-0.0034124290105,0.00256004417315],[-0.000577116559725,0.00116351922043,0.000546873372514,0.000183814656339,-0.00185752741527,0.00182213925291,0.00201455457136,-0.0087448162958,0.0194616802037,-0.00782220903784,0.00316166691482,-0.00313537660986,-0.000235081926803],[0.000127028193674,-0.00113642588258,-0.0010210807668,-0.000230824458413,-0.000361571059329,-0.00153047288768,0.000597542966716,0.00306519097649,-0.00782220903784,0.0193909555674,-0.0126243494451,0.00693371286616,-0.00423801550642],[-0.000316933786962,0.000643353909254,0.00105177867226,-0.00141432567034,0.000676300085615,0.00131916382816,-0.00147932674736,0.00112341274507,0.00316166691482,-0.0126243494451,0.0245385318995,-0.0118902213871,0.00644234614447],[0.000195805128897,0.000738192349672,-0.00311039434746,0.000743292388506,-0.000884722452611,-0.000542713154573,0.00506432075053,-0.0034124290105,-0.00313537660986,0.00693371286616,-0.0118902213871,0.0269219558686,-0.0117453662679],[0.000152267632075,-0.000639069010504,0.00233558891341,-0.000277101324173,0.00043531373376,0.0000883892353158,-0.00311624654569,0.00256004417315,-0.000235081926803,-0.00423801550642,0.00644234614447,-0.0117453662679,0.025166016072]],"mean":[-724.202880859,169.896575928,2.10961866379,35.7368927002,-5.8871216774,10.8478841782,-2.88463306427,2.55490350723,1.41793000698,2.88048481941,-2.64279913902,-8.0426530838,-2.56863832474]},"pitch_salience":{"dmean":0.0681847929955,"dmean2":0.11148019135,"dvar":0.00339204678312,"dvar2":0.00879959948361,"max":0.819750070572,"mean":0.557472467422,"median":0.572363972664,"min":0.089906014502,"var":0.0118660405278},"silence_rate_20dB":{"dmean":0,"dmean2":0,"dvar":0,"dvar2":0,"max":1,"mean":1,"median":1,"min":1,"var":0},"silence_rate_30dB":{"dmean":0.0216143187135,"dmean2":0.0432335063815,"dvar":0.0211471412331,"dvar2":0.0508216992021,"max":1,"mean":0.971184134483,"median":1,"min":0,"var":0.0279854964465},"silence_rate_60dB":{"dmean":0.0173364859074,"dmean2":0.0346768759191,"dvar":0.0170359313488,"dvar2":0.0388785786927,"max":1,"mean":0.0852093622088,"median":0,"min":0,"var":0.0779487267137},"spectral_centroid":{"dmean":162.877532959,"dmean2":240.404815674,"dvar":62847.1914062,"dvar2":109682.953125,"max":11357.8320312,"mean":702.00579834,"median":573.047973633,"min":165.42791748,"var":317879.0625},"spectral_complexity":{"dmean":2.26725196838,"dmean2":3.53231263161,"dvar":6.41985177994,"dvar2":13.0332384109,"max":47,"mean":11.9317874908,"median":10,"min":0,"var":64.2528915405},"spectral_contrast_coeffs":{"dmean":[0.0542201288044,0.0440677143633,0.0374668203294,0.026810368523,0.0201050881296,0.0430035069585],"dmean2":[0.0902326256037,0.0733189284801,0.0613566301763,0.0443248674273,0.0330324880779,0.0661823004484],"dvar":[0.00181530136615,0.00124222051818,0.00086144200759,0.000441455311375,0.000305020832457,0.00151351036038],"dvar2":[0.00502038747072,0.00340346223675,0.00234220526181,0.00116972927935,0.000775016553234,0.00354195083492],"max":[-0.263588756323,-0.454441428185,-0.537284851074,-0.598914921284,-0.672429859638,-0.453326612711],"mean":[-0.617967605591,-0.771040737629,-0.782916009426,-0.823380768299,-0.837415516376,-0.761772930622],"median":[-0.620891869068,-0.777203798294,-0.785728573799,-0.825857996941,-0.838140130043,-0.773886978626],"min":[-0.976918339729,-0.976532518864,-0.971970498562,-0.966540634632,-0.961346328259,-0.962438881397],"var":[0.00718577206135,0.00400191079825,0.00294662476517,0.00171286787372,0.00141723908018,0.00570310838521]},"spectral_contrast_valleys":{"dmean":[0.404661595821,0.341340154409,0.307932376862,0.281324654818,0.309712707996,0.602416455746],"dmean2":[0.668226957321,0.556620717049,0.488698393106,0.436304867268,0.449268817902,0.96896559],"dvar":[0.125298634171,0.0963648408651,0.0820323452353,0.0775733217597,0.106794908643,0.286835193634],"dvar2":[0.293660253286,0.208724543452,0.170336604118,0.152161464095,0.202179208398,0.712239205837],"max":[-5.34979438782,-4.421854496,-5.2113366127,-5.72196769714,-5.97696828842,-9.16177272797],"mean":[-7.29886245728,-6.80356693268,-7.64464902878,-8.17887306213,-8.31530570984,-11.4761686325],"median":[-7.05142688751,-6.67836475372,-7.49831676483,-7.95183467865,-7.99627685547,-11.3437213898],"min":[-27.7811660767,-27.695318222,-27.5268859863,-27.5069770813,-27.4205665588,-27.2990112305],"var":[1.671205163,1.78316819668,1.70073068142,1.93392419815,1.96811461449,1.37256109715]},"spectral_decrease":{"dmean":1.9805570517e-9,"dmean2":3.18607540351e-9,"dvar":6.90356005686e-18,"dvar2":1.78487659457e-17,"max":1.97958893722e-8,"mean":-2.47756015703e-9,"median":-9.64825108696e-10,"min":-3.83005911431e-8,"var":1.83761994653e-17},"spectral_energy":{"dmean":0.00931699480861,"dmean2":0.0143116759136,"dvar":0.000136942850077,"dvar2":0.000322070729453,"max":0.210830047727,"mean":0.0352146029472,"median":0.0274378061295,"min":1.01713989373e-20,"var":0.000912809569854},"spectral_energyband_high":{"dmean":0.00025734535302,"dmean2":0.00035945980926,"dvar":6.55117844417e-7,"dvar2":0.0000014650720459,"max":0.0248681642115,"mean":0.000500185647979,"median":0.000178949645488,"min":7.0698359551e-21,"var":0.00000115058810479},"spectral_energyband_low":{"dmean":0.00380470207892,"dmean2":0.0058951000683,"dvar":0.0000367187276424,"dvar2":0.0000934130512178,"max":0.141451701522,"mean":0.00771696446463,"median":0.00455157645047,"min":4.3079615148e-23,"var":0.0000883114116732},"spectral_energyband_middle_high":{"dmean":0.000682741461787,"dmean2":0.00105008599348,"dvar":0.00000272898887488,"dvar2":0.00000731688533051,"max":0.0552789345384,"mean":0.00212703365833,"median":0.000813804392237,"min":1.41810584058e-21,"var":0.000012774699826},"spectral_energyband_middle_low":{"dmean":0.00522330170497,"dmean2":0.00827066879719,"dvar":0.0000614318341832,"dvar2":0.000150792096974,"max":0.137998402119,"mean":0.0138393053785,"median":0.00781296566129,"min":2.03954824739e-22,"var":0.000263760011876},"spectral_entropy":{"dmean":0.212819233537,"dmean2":0.324383497238,"dvar":0.0365189164877,"dvar2":0.0853261947632,"max":9.81886959076,"mean":7.1672000885,"median":7.21868371964,"min":5.26553440094,"var":0.198572844267},"spectral_flux":{"dmean":0.0186380185187,"dmean2":0.029879970476,"dvar":0.00038630477502,"dvar2":0.00095454294933,"max":0.32026937604,"mean":0.0849772021174,"median":0.0805057734251,"min":6.47907838491e-11,"var":0.00235356739722},"spectral_kurtosis":{"dmean":4.12073802948,"dmean2":6.45119094849,"dvar":22.3178691864,"dvar2":57.7210273743,"max":97.5984954834,"mean":18.6211833954,"median":17.0776119232,"min":-1.22864365578,"var":53.540397644},"spectral_rms":{"dmean":0.000729891180526,"dmean2":0.0010978858918,"dvar":5.55215706299e-7,"dvar2":0.00000124833377413,"max":0.014341821894,"mean":0.00525743793696,"median":0.00517383683473,"min":3.15012946284e-12,"var":0.00000671505631544},"spectral_rolloff":{"dmean":1195.6394043,"dmean2":2332.30859375,"dvar":20676718,"dvar2":55055864,"max":22028.4667969,"mean":20459.9199219,"median":21856.2011719,"min":21.533203125,"var":26511282},"spectral_skewness":{"dmean":0.348910003901,"dmean2":0.525618135929,"dvar":0.127040117979,"dvar2":0.310349434614,"max":8.23450660706,"mean":3.07546281815,"median":2.98046588898,"min":-0.0263980459422,"var":0.518824338913},"spectral_spread":{"dmean":526642.125,"dmean2":821133.625,"dvar":395074011136,"dvar2":798355685376,"max":40966584,"mean":4314147,"median":4253228,"min":1858844,"var":2292642480130},"spectral_strongpeak":{"dmean":17.9807052612,"dmean2":32.8026924133,"dvar":843.589416504,"dvar2":2232.03417969,"max":279.204986572,"mean":19.618270874,"median":0.892257928848,"min":0,"var":1051.2253418},"zerocrossingrate":{"dmean":0.0469528883696,"dmean2":0.0602553449571,"dvar":0.00145758048166,"dvar2":0.00232189684175,"max":0.93505859375,"mean":0.431071013212,"median":0.43212890625,"min":0.02392578125,"var":0.0158361196518}},"metadata":{"audio_properties":{"analysis_sample_rate":44100,"bit_rate":192000,"codec":"mp3","downmix":"mix","equal_loudness":0,"length":206.262863159,"lossless":false,"md5_encoded":"e2f22d6290bc66061c5d7f2e922cbf89","replay_gain":-5.15211868286},"tags":{"acoustid_id":["453df4ac-f575-49cc-aa63-c5f81909aba3"],"album":["Greatest Hits"],"albumartist":["The Monkees"],"albumartistsort":["Monkees, The"],"artist":["The Monkees"],"artists":["The Monkees"],"artistsort":["Monkees, The"],"discnumber":["1/1"],"file_name":"The Monkees - Shades of Gray.mp3","musicbrainz album status":["official"],"musicbrainz album type":["album/compilation"],"musicbrainz release track id":["a071d450-daac-35ed-96fd-bf312a43ea3b"],"musicbrainz_albumartistid":["b8549efe-f4fd-4dc0-8ef1-226e9c400233"],"musicbrainz_albumid":["dc262aa1-e0cf-44a0-9d46-66f0e6ede430"],"musicbrainz_artistid":["b8549efe-f4fd-4dc0-8ef1-226e9c400233"],"musicbrainz_recordingid":["6ab7e2f9-8cb2-4662-bd0f-035e44f6f75a"],"musicbrainz_releasegroupid":["b5321f5f-9bba-390d-b50a-a132fb9d06f4"],"originaldate":["1990"],"script":["Latn"],"title":["Shades of Gray"],"tracknumber":["17/17"]},"version":{"essentia":"2.1-beta1","essentia_build_sha":"50a0fbec89d6a9cedea3d45b6611406f7e8c7b1a","essentia_git_sha":"v2.1_beta1-7-ge0e83e8-dirty","extractor":"music 1.0"}},"rhythm":{"beats_count":363,"beats_loudness":{"dmean":0.0184716451913,"dmean2":0.0308122355491,"dvar":0.00030293155578,"dvar2":0.000858923536725,"max":0.175737172365,"mean":0.0453846789896,"median":0.0374837890267,"min":2.25654450681e-9,"var":0.00118908390868},"beats_loudness_band_ratio":{"dmean":[0.161533519626,0.124476544559,0.0639638751745,0.0235008504242,0.0141071807593,0.131784081459],"dmean2":[0.280098319054,0.215335935354,0.108379647136,0.0414635427296,0.0259846113622,0.220103681087],"dvar":[0.0153571888804,0.0117588927969,0.00607960997149,0.000778880727012,0.00064515031408