{"lowlevel":{"average_loudness":0.787643134594,"barkbands":{"dmean":[0.0000215511481656,0.00149195478298,0.00176980067044,0.00203638384119,0.00143664190546,0.000561088440008,0.000293536606478,0.000116642077046,0.000220342277316,0.000238668071688,0.000154408582603,0.000146391190356,0.000256458151853,0.000137345530675,0.000147930113599,0.000173168955371,0.000202503666515,0.000203983523534,0.000166070691193,0.000168320155353,0.000318181875627,0.0000964837818174,0.000115461298265,0.000144498757436,0.00011548094335,0.0000648106361041,0.0000189344500541],"dmean2":[0.0000339927501045,0.00239271577448,0.00329312565736,0.00356353376992,0.00245911139064,0.000882031454239,0.000475862063468,0.000187096942682,0.000345195352565,0.000378394848667,0.000249187345617,0.000230305609875,0.0004221185809,0.000221684356802,0.000235530154896,0.000274222926237,0.000317280122545,0.000320052640745,0.000257434498053,0.000263413967332,0.000473818305181,0.000145505502587,0.000172388914507,0.000200882204808,0.000158387047122,0.0000859109713929,0.0000253622092714],"dvar":[5.46980061245e-9,0.0000262965004367,0.0000499339657836,0.0000737414957257,0.0000265739399765,0.00000111122824364,5.9427168253e-7,9.63790327546e-8,3.75197743097e-7,4.3268980221e-7,2.86199593802e-7,3.23085174614e-7,9.76632691163e-7,3.41890341815e-7,2.04522464742e-7,2.48814671977e-7,4.24786890107e-7,2.96738591032e-7,1.76601147928e-7,1.37956305934e-7,6.18806211605e-7,7.20224591078e-8,1.13175616434e-7,1.09100035672e-7,7.94613868038e-8,2.7445436146e-8,3.20702575607e-9],"dvar2":[1.26594681404e-8,0.0000615462413407,0.000145683283336,0.000197553221369,0.0000737995796953,0.00000277211665889,0.00000157297097303,2.35489395095e-7,8.86676957634e-7,0.00000101047214685,7.39737629374e-7,7.89402065493e-7,0.00000241090128839,8.55341966144e-7,4.84949509882e-7,5.98030567289e-7,0.00000108688152523,7.21297567452e-7,3.83936395565e-7,3.32482215981e-7,0.00000135391178446,1.71856257225e-7,2.79335864661e-7,2.17133020897e-7,1.58097847702e-7,5.04075856611e-8,6.10266637224e-9],"max":[0.000971015542746,0.0734927803278,0.0699766427279,0.130126520991,0.120203696191,0.0255390834063,0.0253778882325,0.00960655882955,0.0156490709633,0.0200508665293,0.024403700605,0.0239137951285,0.0388136021793,0.0359318479896,0.0160644166172,0.0127576971427,0.019423564896,0.0143643738702,0.0106305535883,0.0082168970257,0.0224987007678,0.00488299597055,0.00599832553416,0.0102992793545,0.00640903832391,0.00341069977731,0.00118456257042],"mean":[0.0000245180071943,0.00190929102246,0.00143145292532,0.00162428093608,0.0017759532202,0.000939503894188,0.000448352628155,0.000169241699041,0.000353950366843,0.000350625312421,0.000219809429836,0.00022973382147,0.000373633782146,0.000203400137252,0.000230424993788,0.00028894181014,0.00037073524436,0.000401019176934,0.000303453911329,0.000330664333887,0.000651851296425,0.000166179030202,0.000188993144548,0.00026664295001,0.000204105148441,0.0000977222662186,0.0000240000772465],"median":[0.00000769236157794,0.000335289019858,0.000209857011214,0.000132029759698,0.000577414524741,0.000445063924417,0.000180957023986,0.0000594778939558,0.000127067018184,0.000105082181108,0.0000475160486531,0.0000462927091576,0.0000721574469935,0.0000520524372405,0.0000642624800093,0.000077622687968,0.0000548045536561,0.0000717706425348,0.0000728663653717,0.0000776709784986,0.0000946842919802,0.0000395905262849,0.0000483289768454,0.0000754024658818,0.0000498172412335,0.0000134589563459,0.00000115518525945],"min":[3.43205923804e-26,3.10789384653e-24,9.65764047901e-25,6.84352711105e-25,8.92679496855e-24,1.30031713763e-23,1.1414230386e-23,1.01924583932e-23,1.79317060994e-23,1.36263320483e-23,1.62511026274e-23,2.63583924419e-23,2.97537980838e-23,3.40346811592e-23,3.73577103908e-23,4.17951665786e-23,8.57840164951e-23,9.2395390322e-23,1.20768823817e-22,1.89490321668e-22,2.49898260564e-22,2.58789896791e-22,3.41089293787e-22,6.21796321367e-22,8.34079977408e-22,1.32207604816e-21,1.9839062653e-21],"var":[5.11573228223e-9,0.0000273388923233,0.0000294848359772,0.0000517536900588,0.0000210674752452,0.00000200676981876,9.5879431683e-7,1.50174258806e-7,5.91144157625e-7,7.0814786568e-7,4.43690112206e-7,6.3660769456e-7,0.00000177883907782,4.64401665567e-7,3.7193137814e-7,4.87782074288e-7,0.0000011494842056,8.87556723228e-7,4.3435611019e-7,3.48377398041e-7,0.00000200120484806,1.25201012224e-7,1.64888419363e-7,2.51295062981e-7,1.70031967173e-7,5.4045170117e-8,5.30812815924e-9]},"barkbands_crest":{"dmean":2.30444264412,"dmean2":3.74047017097,"dvar":5.11978912354,"dvar2":12.9923391342,"max":26.3878040314,"mean":8.67355537415,"median":7.78984880447,"min":2.0874516964,"var":16.6442451477},"barkbands_flatness_db":{"dmean":0.0188516061753,"dmean2":0.0288755241781,"dvar":0.000446223741164,"dvar2":0.00101056473795,"max":0.427440792322,"mean":0.107768446207,"median":0.0927497893572,"min":0.0153456069529,"var":0.00346471508965},"barkbands_kurtosis":{"dmean":3.72126722336,"dmean2":5.86544466019,"dvar":168.453323364,"dvar2":398.306640625,"max":475.338043213,"mean":5.42438220978,"median":0.352919608355,"min":-1.91375863552,"var":333.930450439},"barkbands_skewness":{"dmean":0.577124536037,"dmean2":0.865497767925,"dvar":0.60389572382,"dvar2":1.32054245472,"max":19.7481822968,"mean":1.24590814114,"median":0.931468844414,"min":-4.85681629181,"var":3.13674283028},"barkbands_spread":{"dmean":7.97339296341,"dmean2":12.1101760864,"dvar":104.139541626,"dvar2":222.214782715,"max":121.635314941,"mean":33.6462783813,"median":31.0983295441,"min":0.470477223396,"var":442.912231445},"dissonance":{"dmean":0.0160899329931,"dmean2":0.0265345219523,"dvar":0.000380492914701,"dvar2":0.000995312118903,"max":0.500000059605,"mean":0.465403527021,"median":0.476787865162,"min":0.160863056779,"var":0.00118514255155},"dynamic_complexity":4.9077167511,"erbbands":{"dmean":[0.0368484035134,0.396952956915,1.73517262936,4.64484596252,6.42629289627,4.22113037109,4.07937431335,4.65459012985,4.44373989105,2.71795725822,2.79182767868,5.22828817368,5.46199941635,7.55589389801,6.32116508484,6.25137805939,12.4315290451,5.9909825325,8.5451965332,6.61025857925,9.40766239166,11.0221452713,8.82869148254,11.0192728043,5.93641376495,7.41634893417,16.5872116089,7.47439479828,3.32654309273,3.47448420525,3.33108448982,2.91487240791,2.55882883072,1.50069987774,0.717177569866,0.30962651968,0.120688781142,0.0276219807565,0.00299317808822,0.00015031802468],"dmean2":[0.055468596518,0.663996338844,3.2042286396,8.23423957825,11.2415599823,7.03374385834,6.55853509903,7.29873132706,7.17581510544,4.33362817764,4.50861883163,8.11902618408,8.56625270844,12.0881071091,10.1299152374,9.77709007263,20.2282543182,9.41695785522,13.6632709503,10.5223388672,14.6482810974,17.1237220764,13.7245693207,17.1524200439,9.1450920105,11.421582222,24.8423271179,11.1621370316,4.94924020767,5.33111190796,4.94839477539,4.10109424591,3.65616345406,2.09675765038,0.98251748085,0.42012026906,0.160398632288,0.0362572968006,0.00401798821986,0.000198921232368],"dvar":[0.0159168615937,1.90335226059,46.6778755188,347.642089844,748.761291504,176.757339478,103.409034729,73.3961791992,129.397903442,45.9239959717,49.4268684387,248.130493164,338.33706665,406.201782227,463.369689941,598.585510254,2256.12646484,920.351196289,674.950622559,241.633850098,927.608581543,1465.7331543,567.885314941,920.187316895,181.147171021,273.757995605,1967.08374023,361.640319824,81.4667358398,124.410316467,88.6408920288,48.8442001343,34.6719703674,12.9300441742,3.37302947044,0.597716748714,0.101912096143,0.00586800323799,0.0000845298054628,1.80792739002e-7],"dvar2":[0.0335544608533,4.88968849182,135.660903931,948.635803223,2034.76782227,477.503540039,263.813293457,184.700164795,338.140380859,114.195877075,123.599975586,591.864074707,758.27947998,955.266174316,1192.93835449,1519.01721191,5533.61376953,2230.52539062,1650.1809082,574.134094238,2250.05737305,3743.88232422,1328.97827148,2110.19335938,380.320526123,676.134033203,4359.53955078,822.611694336,190.50730896,320.489105225,214.220565796,99.7272567749,71.8098297119,26.2392635345,6.76290893555,1.14258241653,0.189421072602,0.0109580019489,0.000162482552696,3.34714144401e-7],"max":[2.20653605461,18.3818454742,70.5291213989,256.663238525,643.720825195,256.585113525,327.731964111,151.699981689,358.548583984,170.209274292,179.716934204,483.520141602,674.780456543,661.402893066,749.750244141,1144.02307129,1696.97961426,2021.9777832,939.860778809,423.870330811,804.086303711,1361.19921875,753.691223145,905.644836426,619.849487305,471.644287109,1487.84777832,458.774078369,177.344238281,182.349334717,208.387924194,248.417694092,151.766342163,82.8243408203,39.6029968262,16.3566894531,6.04842281342,1.35970008373,0.20661316812,0.0111214052886],"mean":[0.0419053025544,0.481460630894,1.53897082806,3.79522323608,5.83901262283,5.72416067123,6.91559839249,7.81324005127,7.11102390289,4.32598686218,4.39615488052,8.36735343933,8.5629863739,11.7045211792,9.92660331726,10.569975853,18.7381591797,9.94456768036,14.0015268326,11.9382171631,16.4408302307,22.0582084656,19.2168617249,21.5739994049,12.3276386261,16.0746955872,34.1282920837,14.8558969498,5.96702957153,5.53328084946,5.48233413696,5.30847454071,4.53347969055,2.65323877335,1.22462368011,0.493316024542,0.173281997442,0.0369089506567,0.00380959687755,0.0002014747879],"median":[0.0055997944437,0.0915013700724,0.271845370531,0.439578831196,1.08686447144,1.90327346325,2.88522386551,3.71308255196,3.06542205811,1.94584000111,1.77763473988,2.94809889793,2.8408241272,3.78598427773,2.76372313499,2.63161015511,3.93030047417,2.70024108887,3.89609336853,4.10576581955,4.20433235168,3.36107349396,3.51863574982,4.46967506409,3.50821638107,3.87919616699,4.415807724,2.87421631813,1.59589719772,1.30080842972,1.44959700108,1.47500944138,1.25375652313,0.697495937347,0.26674836874,0.088331528008,0.0189467836171,0.00249257870018,0.000211025791941,0.0000268759467872],"min":[6.1903019638e-23,5.34793218161e-22,1.65112035732e-21,3.90537291515e-21,1.12608378093e-20,2.37939310994e-20,3.67045693313e-20,1.07964376108e-19,1.36207695566e-19,2.01121818585e-19,2.77014256844e-19,4.08097671913e-19,5.72296228829e-19,6.10661537724e-19,8.385191908e-19,1.29200865732e-18,1.75008546072e-18,2.03575972989e-18,2.87769000674e-18,2.42243688776e-18,3.51939170375e-18,5.34522167957e-18,5.65567455758e-18,7.06456580001e-18,6.0226040191e-18,9.30212078983e-18,9.48134518597e-18,1.05016253223e-17,9.47795788136e-18,1.19839189179e-17,1.15452782739e-17,9.25475063769e-18,9.5809559297e-18,7.55966482949e-18,6.26631624297e-18,4.15964355994e-18,2.33945743743e-18,9.74220031445e-19,2.51673604628e-19,2.71260860254e-20],"var":[0.0176880639046,1.71734821796,28.3839492798,236.855743408,521.299194336,176.160614014,229.46232605,132.266342163,212.907592773,72.9791259766,75.7732391357,359.367431641,550.910217285,709.66027832,715.93927002,1134.34729004,4177.75292969,1427.09912109,1261.69641113,580.795715332,1829.37561035,4253.08447266,1965.64038086,2602.09643555,623.971008301,752.425048828,5854.55957031,1005.99499512,146.497436523,161.743560791,134.677474976,109.990158081,73.0066604614,27.4837112427,6.83143281937,1.20945858955,0.187913015485,0.0104850446805,0.000137939510751,3.11064439984e-7]},"erbbands_crest":{"dmean":2.60477137566,"dmean2":4.2115073204,"dvar":6.53572702408,"dvar2":16.1776771545,"max":31.7033634186,"mean":8.77436161041,"median":7.62525224686,"min":2.34306955338,"var":20.3784446716},"erbbands_flatness_db":{"dmean":0.0171989239752,"dmean2":0.0242490321398,"dvar":0.000306846748572,"dvar2":0.000588468217757,"max":0.360198408365,"mean":0.137107208371,"median":0.132427245378,"min":0.0340723954141,"var":0.00223252968863},"erbbands_kurtosis":{"dmean":1.43229293823,"dmean2":2.21517705917,"dvar":14.6283855438,"dvar2":33.4705657959,"max":154.774734497,"mean":1.46755981445,"median":-0.125434607267,"min":-1.83766174316,"var":35.9341468811},"erbbands_skewness":{"dmean":0.404813200235,"dmean2":0.611683785915,"dvar":0.221494689584,"dvar2":0.46037453413,"max":11.1381912231,"mean":0.199835419655,"median":0.063483171165,"min":-4.65373897552,"var":1.58467698097},"erbbands_spread":{"dmean":10.594833374,"dmean2":15.771645546,"dvar":164.874160767,"dvar2":338.575805664,"max":162.406158447,"mean":46.0123672485,"median":40.9083480835,"min":2.40509915352,"var":605.194152832},"gfcc":{"cov":[[23991.8652344,-983.601196289,-1634.38452148,962.838623047,-465.195617676,356.688995361,-288.854705811,305.713653564,-397.020172119,114.473480225,-378.329742432,30.6863040924,-224.906082153],[-983.601196289,1863.33654785,191.826568604,-52.8350791931,172.298065186,-27.4589176178,59.5341300964,-77.7822113037,72.8090744019,-99.4861221313,36.6092185974,-68.0574951172,31.7331790924],[-1634.38452148,191.826568604,1408.38342285,94.3992462158,52.0574836731,93.3880157471,4.22522163391,-43.9358215332,107.847450256,-82.8659973145,-32.216545105,41.2623100281,-65.1354675293],[962.838623047,-52.8350791931,94.3992462158,656.452575684,111.930488586,30.1676063538,44.1672325134,86.6384353638,65.8286743164,0.402118444443,-46.8636627197,13.1541728973,-5.55439329147],[-465.195617676,172.298065186,52.0574836731,111.930488586,367.658355713,58.4422225952,159.817489624,32.7498283386,63.2646713257,16.4518051147,-16.2365074158,2.78440475464,-13.9693613052],[356.688995361,-27.4589176178,93.3880157471,30.1676063538,58.4422225952,298.266326904,137.817276001,10.5808677673,6.34823560715,40.0755348206,10.9837427139,-9.49888324738,-14.0490674973],[-288.854705811,59.5341300964,4.22522163391,44.1672325134,159.817489624,137.817276001,264.059082031,22.0096149445,39.868560791,29.9579219818,-3.53852009773,-2.34462165833,-15.608420372],[305.713653564,-77.7822113037,-43.9358215332,86.6384353638,32.7498283386,10.5808677673,22.0096149445,167.49156189,25.1195831299,19.0853309631,3.85238027573,9.32979011536,19.3670005798],[-397.020172119,72.8090744019,107.847450256,65.8286743164,63.2646713257,6.34823560715,39.868560791,25.1195831299,130.944473267,12.9510936737,-9.00904369354,20.7820205688,-10.5656995773],[114.473480225,-99.4861221313,-82.8659973145,0.402118444443,16.4518051147,40.0755348206,29.9579219818,19.0853309631,12.9510936737,100.145729065,40.6766052246,5.81972789764,7.02985525131],[-378.329742432,36.6092185974,-32.216545105,-46.8636627197,-16.2365074158,10.9837427139,-3.53852009773,3.85238027573,-9.00904369354,40.6766052246,103.154838562,16.5960521698,17.5212421417],[30.6863040924,-68.0574951172,41.2623100281,13.1541728973,2.78440475464,-9.49888324738,-2.34462165833,9.32979011536,20.7820205688,5.81972789764,16.5960521698,74.6797714233,12.956823349],[-224.906082153,31.7331790924,-65.1354675293,-5.55439329147,-13.9693613052,-14.0490674973,-15.608420372,19.3670005798,-10.5656995773,7.02985525131,17.5212421417,12.956823349,80.7794418335]],"icov":[[0.0000796019812697,-0.0000539459142601,0.000112977650133,-0.000126043421915,0.000112681860628,-0.000204150244826,0.000176406858373,-0.000165441117133,0.000321598839946,-0.000241991860094,0.000454512744909,-0.000368238572264,0.000406585691962],[-0.0000539459142601,0.000792389735579,-0.000127307590446,0.00014268848463,-0.000456913519884,0.000221181369852,-0.000212621147512,0.000511005811859,-0.000896137556992,0.00129566376563,-0.00122220139019,0.00134715589229,-0.000939412915614],[0.000112977650133,-0.000127307590446,0.00107876269612,-0.000251071440289,0.00010123377433,-0.000821715046186,0.000590443669353,-0.00000844861460791,-0.000288915995043,0.000578658422455,0.000527858210262,-0.00108968606219,0.00117999594659],[-0.000126043421915,0.00014268848463,-0.000251071440289,0.0020175636746,-0.000609486014582,0.000179667404154,-0.000110193788714,-0.000528313277755,-0.001006001723,0.000368811422959,0.0000387194086215,0.000434085523011,-0.000681186502334],[0.000112681860628,-0.000456913519884,0.00010123377433,-0.000609486014582,0.00437984522432,0.000110783163109,-0.00212564109825,-0.00061577220913,-0.000118872805615,-0.00105292117223,0.00134204619098,-0.000902794185095,0.00097633106634],[-0.000204150244826,0.000221181369852,-0.000821715046186,0.000179667404154,0.000110783163109,0.00551061006263,-0.00321553088725,0.000364314211765,0.0000801279529696,-0.0010347062489,-0.00141265790444,0.00178946333472,-0.000916701043025],[0.000176406858373,-0.000212621147512,0.000590443669353,-0.000110193788714,-0.00212564109825,-0.00321553088725,0.00729265017435,-0.000563062319998,-0.000223586932407,-0.00094795320183,0.0013906287495,-0.00105070124846,0.00158061541151],[-0.000165441117133,0.000511005811859,-0.00000844861460791,-0.000528313277755,-0.00061577220913,0.000364314211765,-0.000563062319998,0.00751267047599,-0.00204708776437,0.000390900066122,-0.00149950652849,0.00110465264879,-0.0028113075532],[0.000321598839946,-0.000896137556992,-0.000288915995043,-0.001006001723,-0.000118872805615,0.0000801279529696,-0.000223586932407,-0.00204708776437,0.0120734227821,-0.00414326973259,0.00390264205635,-0.00481709837914,0.00325215887278],[-0.000241991860094,0.00129566376563,0.000578658422455,0.000368811422959,-0.00105292117223,-0.0010347062489,-0.00094795320183,0.000390900066122,-0.00414326973259,0.0166402999312,-0.00812602601945,0.00273287389427,-0.0019955560565],[0.000454512744909,-0.00122220139019,0.000527858210262,0.0000387194086215,0.00134204619098,-0.00141265790444,0.0013906287495,-0.00149950652849,0.00390264205635,-0.00812602601945,0.0167254228145,-0.00600005919114,0.00134071614593],[-0.000368238572264,0.00134715589229,-0.00108968606219,0.000434085523011,-0.000902794185095,0.00178946333472,-0.00105070124846,0.00110465264879,-0.00481709837914,0.00273287389427,-0.00600005919114,0.0187645424157,-0.00529228243977],[0.000406585691962,-0.000939412915614,0.00117999594659,-0.000681186502334,0.00097633106634,-0.000916701043025,0.00158061541151,-0.0028113075532,0.00325215887278,-0.0019955560565,0.00134071614593,-0.00529228243977,0.0169310104102]],"mean":[-50.4342308044,48.415561676,-99.6212844849,29.671995163,-63.2649345398,8.82692813873,-43.9367752075,6.13412952423,-31.9945526123,2.3026676178,-14.6328868866,-0.854481399059,-5.32106256485]},"hfc":{"dmean":7.81911611557,"dmean2":10.3703098297,"dvar":213.160476685,"dvar2":405.970672607,"max":226.500198364,"mean":20.4735298157,"median":9.04467868805,"min":1.09752030974e-16,"var":747.226257324},"melbands":{"dmean":[0.000366939610103,0.000773783423938,0.000885186484084,0.000382092694053,0.000136856571771,0.000102689838968,0.000066183587478,0.0000274843878287,0.0000238897009694,0.0000333923089784,0.0000280782078335,0.0000324393367919,0.0000232936399698,0.0000174900051206,0.0000232408729062,0.0000226740648941,0.0000105824974526,0.0000141926630022,0.0000103161019069,0.00000905532579054,0.0000130072694446,0.0000117649515232,0.0000117824210975,0.0000094867154985,0.00000994978108793,0.00000522977461515,0.00000401782926929,0.00000545556349607,0.0000115269349408,0.00000812345206214,0.00000354514349965,0.00000190759783436,0.00000206724348573,0.0000020246202439,0.00000202839351005,0.00000188207536667,0.0000018907279582,0.00000184490909305,0.00000170784198872,0.00000121030632272],"dmean2":[0.000562936009374,0.00139641528949,0.0015596379526,0.000651537964586,0.000221102905925,0.000160878378665,0.000107009902422,0.0000435726287833,0.0000383437836717,0.0000521744696016,0.000044146370783,0.0000519619061379,0.0000375047784473,0.0000277617637039,0.0000368705987057,0.0000366827407561,0.0000167447269632,0.0000227313412324,0.0000163998702192,0.0000145006360981,0.0000203908111871,0.0000182510539162,0.0000186958095583,0.0000151423764692,0.0000155093021021,0.00000823568825581,0.00000641015640213,0.00000851163804327,0.0000175472032424,0.0000123125846585,0.0000053719263633,0.00000290001730718,0.00000320936987919,0.00000316928299071,0.00000307151094603,0.00000277358003586,0.00000269830138677,0.00000269435759037,0.00000246382865043,0.00000172183263203],"dvar":[0.00000154504778038,0.00000860712134454,0.0000129172021843,0.00000204005255,1.1659535204e-7,3.49132349697e-8,2.90073423059e-8,4.68424632416e-9,3.40783135044e-9,1.01159232102e-8,8.80718697971e-9,7.61911689295e-9,6.85872336703e-9,5.40761080359e-9,8.36600921872e-9,7.46200168322e-9,2.99925595471e-9,1.87192927825e-9,9.13329967211e-10,4.83601103607e-10,2.05341432746e-9,1.97183869233e-9,1.36226452341e-9,6.86510071013e-10,8.39621372428e-10,1.63912911022e-10,8.06024968991e-11,1.59531846067e-10,9.41084543626e-10,4.57398924292e-10,8.17314688151e-11,2.4454258063e-11,4.15331519177e-11,4.36974588458e-11,3.43761651089e-11,2.40673470736e-11,2.06236260708e-11,1.84649656676e-11,1.51725298991e-11,9.51560531759e-12],"dvar2":[0.00000333332195623,0.000024584664061,0.0000349655019818,0.00000555749784326,3.04146396957e-7,8.78632775425e-8,7.66818502029e-8,1.14239409044e-8,8.50509263017e-9,2.42520101779e-8,1.97552036951e-8,1.79892900576e-8,1.77780936639e-8,1.35617668207e-8,1.90488957941e-8,1.91940170424e-8,7.24516491246e-9,4.64960248081e-9,2.10315720395e-9,1.14311438093e-9,4.94592899969e-9,5.00979790985e-9,3.4522640302e-9,1.71642899893e-9,1.90046933746e-9,3.51402407173e-10,1.95854693574e-10,4.05193129049e-10,2.11745954104e-9,1.09460707165e-9,1.80420331453e-10,5.66397345692e-11,1.07122942461e-10,1.14679529761e-10,8.5361412383e-11,5.64220059562e-11,4.22657707444e-11,3.97160186683e-11,3.20833429268e-11,2.00127258515e-11],"max":[0.0210934244096,0.0296033415943,0.052457652986,0.0321742296219,0.0106307938695,0.0030282177031,0.00541071267799,0.00163541373331,0.00120595248882,0.00304998015054,0.00335732242092,0.00278352457099,0.00362037913874,0.00259496970102,0.00417360337451,0.00262966589071,0.0036772985477,0.0014105924638,0.00106706516817,0.000561124412343,0.0012662014924,0.00177237880416,0.00123359216377,0.000667889369652,0.000826948264148,0.000603611639235,0.000205746138818,0.000382588565117,0.000881440704688,0.000473749649245,0.000262797198957,0.0000942257611314,0.000116695002362,0.000110880042484,0.000125760008814,0.00012252520537,0.000160489580594,0.000107353007479,0.0000710430831532,0.0000810325727798],"mean":[0.000462692987639,0.000763646094128,0.000734745059162,0.000428459141403,0.000242952199187,0.000173362714122,0.000104448452475,0.0000431853331975,0.000037818113924,0.0000524161769135,0.0000423952878918,0.000048379501095,0.0000340773476637,0.0000274092453765,0.000035576740629,0.0000339150647051,0.000016015201254,0.000022221760446,0.000016593357941,0.000015288578652,0.0000203652325581,0.0000214612337004,0.000021600513719,0.0000176477842615,0.0000178519476322,0.00000983749669103,0.00000733633441996,0.000010743528037,0.0000226046959142,0.0000157425893121,0.00000613731708654,0.00000321057018482,0.00000313884333991,0.00000302909279526,0.00000313019518217,0.00000311850249091,0.00000331675482812,0.00000317348053613,0.00000283582517113,0.00000206569961847],"median":[0.0000748565944377,0.000156766938744,0.0000934062845772,0.000117559007776,0.000104637852928,0.0000836393082864,0.0000449180843134,0.0000179925518751,0.00001456004793,0.0000179896833288,0.0000123216705106,0.0000142504968608,0.00000809428547655,0.00000567146798858,0.00000758473879614,0.00000711964275979,0.00000374353248844,0.00000554781854589,0.0000053884737099,0.00000426454835178,0.00000423575147579,0.0000026827401598,0.00000325719042849,0.00000288091632683,0.00000344176373801,0.00000246919034907,0.00000213635757973,0.00000235116613112,0.00000287841226054,0.00000199138321477,0.00000119881383398,7.42266990983e-7,6.69951703003e-7,6.81466474362e-7,7.82432493907e-7,8.02477245543e-7,9.00750592336e-7,8.66361006047e-7,7.47288709135e-7,5.20885578226e-7],"min":[8.46516678024e-25,1.10324189469e-24,1.04857146737e-24,1.45514081299e-24,1.18175455818e-24,2.14099196538e-24,2.10767363619e-24,1.98894711172e-24,1.69865221506e-24,2.62704486504e-24,2.74567574012e-24,2.03869307484e-24,2.45573168935e-24,3.76017729108e-24,2.4172421797e-24,2.8734185503e-24,3.34447125985e-24,3.44270810838e-24,2.57807711321e-24,3.17850498337e-24,3.81460553809e-24,4.63785289017e-24,5.21327525014e-24,3.24020435857e-24,5.52320883904e-24,4.12230862279e-24,4.20239733176e-24,4.88955355591e-24,4.46199291743e-24,5.59854663321e-24,5.84830236239e-24,4.13148899157e-24,4.88389545107e-24,5.23148570971e-24,5.70652709721e-24,4.96623241362e-24,5.66298236967e-24,6.87763252621e-24,7.2045088752e-24,5.47772430254e-24],"var":[0.00000174888918991,0.00000570405836697,0.00000895009634405,0.00000154191775437,2.70127770818e-7,6.33950989481e-8,4.71934349378e-8,7.61939222826e-9,5.32881427873e-9,1.44322820361e-8,1.44404577185e-8,1.30304211865e-8,1.03992245926e-8,9.42279410054e-9,1.54759565163e-8,1.32106601214e-8,4.38819869331e-9,3.4440781338e-9,1.65977498412e-9,1.1060921068e-9,3.67596841855e-9,5.3064548311e-9,3.46418183028e-9,1.76143744035e-9,2.10116946064e-9,5.33296629079e-10,1.6773971101e-10,3.94348581567e-10,2.59360954935e-9,1.2973992991e-9,1.95963661964e-10,4.58174644058e-11,5.29266075411e-11,5.2633876424e-11,4.73604593043e-11,4.09882128238e-11,4.58804071124e-11,3.63993175878e-11,2.99663280301e-11,1.89303347303e-11]},"melbands_crest":{"dmean":2.86349654198,"dmean2":4.58803462982,"dvar":7.83106851578,"dvar2":19.3616809845,"max":34.2505302429,"mean":12.2293777466,"median":11.2698574066,"min":1.00080776215,"var":28.089384079},"melbands_flatness_db":{"dmean":0.0240863002837,"dmean2":0.0356152616441,"dvar":0.000824085378554,"dvar2":0.00175586016849,"max":0.569858014584,"mean":0.160537719727,"median":0.143225759268,"min":3.02003599018e-7,"var":0.00695804180577},"melbands_kurtosis":{"dmean":9.18371391296,"dmean2":14.4714069366,"dvar":481.656707764,"dvar2":1068.69482422,"max":710.970336914,"mean":17.4599895477,"median":5.72542047501,"min":-1.88236773014,"var":1349.74377441},"melbands_skewness":{"dmean":0.785421311855,"dmean2":1.18408691883,"dvar":1.13384664059,"dvar2":2.52600002289,"max":20.0656986237,"mean":2.6497297287,"median":2.19363713264,"min":-2.7536406517,"var":4.46740150452},"melbands_spread":{"dmean":11.3918561935,"dmean2":17.0231494904,"dvar":278.37802124,"dvar2":571.045898438,"max":274.662597656,"mean":41.3522453308,"median":31.8410224915,"min":0.312759459019,"var":1214.31225586},"mfcc":{"cov":[[14062.1591797,-1231.56469727,-860.311950684,470.03427124,19.3371543884,183.496078491,229.661987305,161.699447632,205.122909546,15.7529115677,38.8241920471,202.771957397,-74.4661865234],[-1231.56469727,1782.93884277,184.908813477,-32.668182373,97.4298400879,33.7930374146,15.416059494,12.6828775406,-29.5101280212,39.9077606201,-16.0108070374,-98.756980896,8.6563539505],[-860.311950684,184.908813477,1119.70031738,83.6411895752,133.566482544,98.6964035034,-74.2186126709,83.9634399414,-22.5987014771,-4.83149433136,15.1085720062,-63.736782074,12.3675136566],[470.03427124,-32.668182373,83.6411895752,510.242431641,142.451568604,34.6149749756,-12.5075750351,86.7294616699,88.7480316162,-6.59540605545,19.6577529907,60.3304138184,0.387238115072],[19.3371543884,97.4298400879,133.566482544,142.451568604,209.531143188,19.3598117828,1.7766212225,45.042930603,39.9802131653,10.7593135834,5.0045747757,30.1381187439,3.35581851006],[183.496078491,33.7930374146,98.6964035034,34.6149749756,19.3598117828,313.8855896,87.1760177612,77.8818817139,43.2953224182,51.230796814,76.8733673096,-46.9488296509,34.1920967102],[229.661987305,15.416059494,-74.2186126709,-12.5075750351,1.7766212225,87.1760177612,217.172210693,33.9102935791,33.3582801819,49.2567443848,21.3671627045,20.8886451721,2.28408288956],[161.699447632,12.6828775406,83.9634399414,86.7294616699,45.042930603,77.8818817139,33.9102935791,153.346588135,70.219543457,18.1687469482,42.1281204224,1.89678299427,21.8452262878],[205.122909546,-29.5101280212,-22.5987014771,88.7480316162,39.9802131653,43.2953224182,33.3582801819,70.219543457,143.602508545,32.9053649902,22.9629497528,20.8774337769,3.95120787621],[15.7529115677,39.9077606201,-4.83149433136,-6.59540605545,10.7593135834,51.230796814,49.2567443848,18.1687469482,32.9053649902,92.739982605,30.5690441132,-0.478147387505,10.3737592697],[38.8241920471,-16.0108070374,15.1085720062,19.6577529907,5.0045747757,76.8733673096,21.3671627045,42.1281204224,22.9629497528,30.5690441132,98.7339172363,13.2492294312,19.3013916016],[202.771957397,-98.756980896,-63.736782074,60.3304138184,30.1381187439,-46.9488296509,20.8886451721,1.89678299427,20.8774337769,-0.478147387505,13.2492294312,113.694313049,11.842634201],[-74.4661865234,8.6563539505,12.3675136566,0.387238115072,3.35581851006,34.1920967102,2.28408288956,21.8452262878,3.95120787621,10.3737592697,19.3013916016,11.842634201,74.74949646]],"icov":[[0.0000858417406562,0.0000483430449094,0.0000670639710734,-0.0000605487730354,0.00000390380364479,-0.0000889328293852,-0.0000261180775851,-0.0000893579708645,0.00000924114920053,0.00000110157316158,0.0000733435153961,-0.0000968717504293,0.000132320739795],[0.0000483430449094,0.000662974838633,0.00000323532117363,0.00000169382917647,-0.000423070130637,0.0000932485127123,-0.000155217989231,-0.0000597167672822,0.00018259078206,-0.00027433707146,0.0000762712879805,0.000640007550828,-0.000123296005768],[0.0000670639710734,0.00000323532117363,0.00118297047447,-0.0000540038672625,-0.00071416416904,-0.000378154712962,0.000464791053673,-0.000727620790713,0.000612815434579,-0.0000439071227447,0.000133328532684,0.000390864996007,0.000151817104779],[-0.0000605487730354,0.00000169382917647,-0.0000540038672625,0.00291910837404,-0.00142322201282,-0.000404067075578,0.000610430899542,-0.000801402318757,-0.000964956649113,0.000670283159707,0.000130481625092,-0.0012474785326,0.000519506691489],[0.00000390380364479,-0.000423070130637,-0.00071416416904,-0.00142322201282,0.00698306271806,-0.000297701364616,0.000229029086768,-0.000666181673296,-0.000602070882451,-0.000769575883169,0.00101488595828,-0.00207658694126,0.000394347385736],[-0.0000889328293852,0.0000932485127123,-0.000378154712962,-0.000404067075578,-0.000297701364616,0.00599290803075,-0.00222700135782,-0.000389381631976,-0.000508583150804,-0.000437813316239,-0.00366669311188,0.00395651254803,-0.00217321352102],[-0.0000261180775851,-0.000155217989231,0.000464791053673,0.000610430899542,0.000229029086768,-0.00222700135782,0.006604088936,-0.00128717266489,0.000117296338431,-0.00262629124336,0.00148893811274,-0.0026855065953,0.00149394350592],[-0.0000893579708645,-0.0000597167672822,-0.000727620790713,-0.000801402318757,-0.000666181673296,-0.000389381631976,-0.00128717266489,0.0111358435825,-0.00438966462389,0.00158287910745,-0.00305207935162,0.00161176919937,-0.00241951900534],[0.00000924114920053,0.00018259078206,0.000612815434579,-0.000964956649113,-0.000602070882451,-0.000508583150804,0.000117296338431,-0.00438966462389,0.0108825415373,-0.00323934853077,0.000782724644523,-0.0012395294616,0.00129919499159],[0.00000110157316158,-0.00027433707146,-0.0000439071227447,0.000670283159707,-0.000769575883169,-0.000437813316239,-0.00262629124336,0.00158287910745,-0.00323934853077,0.0148569783196,-0.0036485530436,0.00106925936416,-0.0012287866557],[0.0000733435153961,0.0000762712879805,0.000133328532684,0.000130481625092,0.00101488595828,-0.00366669311188,0.00148893811274,-0.00305207935162,0.000782724644523,-0.0036485530436,0.0154013223946,-0.00398102821782,-0.000361527781934],[-0.0000968717504293,0.000640007550828,0.000390864996007,-0.0012474785326,-0.00207658694126,0.00395651254803,-0.0026855065953,0.00161176919937,-0.0012395294616,0.00106925936416,-0.00398102821782,0.014129976742,-0.00362791051157],[0.000132320739795,-0.000123296005768,0.000151817104779,0.000519506691489,0.000394347385736,-0.00217321352102,0.00149394350592,-0.00241951900534,0.00129919499159,-0.0012287866557,-0.000361527781934,-0.00362791051157,0.0159041024745]],"mean":[-693.006713867,85.0340881348,14.8818759918,19.2945365906,4.34247541428,-2.58957910538,2.64630770683,-5.97741794586,-3.64376378059,-2.16261506081,-9.80957317352,0.211056247354,-5.79137992859]},"pitch_salience":{"dmean":0.0611848607659,"dmean2":0.098600693047,"dvar":0.00312915537506,"dvar2":0.00783112552017,"max":0.996088385582,"mean":0.58323341608,"median":0.591143667698,"min":0.0453811585903,"var":0.0095231262967},"silence_rate_20dB":{"dmean":0,"dmean2":0,"dvar":0,"dvar2":0,"max":1,"mean":1,"median":1,"min":1,"var":0},"silence_rate_30dB":{"dmean":0.0123839005828,"dmean2":0.0247701983899,"dvar":0.0122305396944,"dvar2":0.0324778743088,"max":1,"mean":0.991777122021,"median":1,"min":0,"var":0.00815527234226},"silence_rate_60dB":{"dmean":0.0642414838076,"dmean2":0.128495410085,"dvar":0.060114517808,"dvar2":0.128046259284,"max":1,"mean":0.24213989079,"median":0,"min":0,"var":0.18350815773},"spectral_centroid":{"dmean":311.852203369,"dmean2":474.938110352,"dvar":153196.4375,"dvar2":326022.09375,"max":11631.2353516,"mean":1911.38720703,"median":1850.83740234,"min":143.799713135,"var":1554563.25},"spectral_complexity":{"dmean":2.93169498444,"dmean2":4.39535570145,"dvar":16.7803573608,"dvar2":32.8006362915,"max":55,"mean":14.3600654602,"median":12,"min":0,"var":119.715179443},"spectral_contrast_coeffs":{"dmean":[0.0472634807229,0.044723033905,0.0375758931041,0.0302231796086,0.0231188703328,0.0185334999114],"dmean2":[0.0765880420804,0.0725299566984,0.0604129098356,0.0478727333248,0.0359858386219,0.028834188357],"dvar":[0.00195379904471,0.00140475272201,0.000978609081358,0.000657506927382,0.000431106745964,0.000361933140084],"dvar2":[0.00481947977096,0.00362581852823,0.00235547241755,0.00154872424901,0.00095564161893,0.000816060812213],"max":[-0.237081602216,-0.4099573493,-0.476845055819,-0.46563488245,-0.526937603951,-0.565632820129],"mean":[-0.64723944664,-0.726067483425,-0.758802175522,-0.778396964073,-0.782528877258,-0.787022471428],"median":[-0.659032404423,-0.728833198547,-0.764976143837,-0.784669816494,-0.789261937141,-0.787158668041],"min":[-0.982698917389,-0.994898676872,-0.996542572975,-0.98616039753,-0.987437188625,-0.965680539608],"var":[0.00919264461845,0.00582556286827,0.00507066305727,0.00417922111228,0.00392100028694,0.00264791958034]},"spectral_contrast_valleys":{"dmean":[0.45194029808,0.372595369816,0.327216714621,0.296194583178,0.266934245825,0.328549444675],"dmean2":[0.681449830532,0.587859690189,0.509903490543,0.450772374868,0.376992642879,0.393307000399],"dvar":[0.247441679239,0.149452075362,0.118617489934,0.124363102019,0.141997352242,0.171225890517],"dvar2":[0.435160070658,0.326343268156,0.239271938801,0.24861869216,0.256597936153,0.238107785583],"max":[-5.14462709427,-4.82822084427,-5.7411775589,-6.070499897,-5.57604026794,-7.24178028107],"mean":[-8.34908866882,-7.72301483154,-8.35831356049,-8.66581439972,-8.18389415741,-10.1155233383],"median":[-7.94565582275,-7.34273862839,-7.98411893845,-8.2249288559,-7.83095598221,-9.77407073975],"min":[-28.2171535492,-27.9421539307,-27.8256015778,-27.6584300995,-27.5337123871,-27.4517555237],"var":[4.70605802536,4.12694168091,3.99848461151,4.02627849579,4.33549594879,3.95030903816]},"spectral_decrease":{"dmean":1.86333037888e-9,"dmean2":3.00762503791e-9,"dvar":3.08719851909e-17,"dvar2":7.98621440898e-17,"max":2.67538376852e-22,"mean":-3.10567460637e-9,"median":-1.5953427468e-9,"min":-6.83871448359e-8,"var":2.96466726233e-17},"spectral_energy":{"dmean":0.00760307023302,"dmean2":0.0120513960719,"dvar":0.000471279461635,"dvar2":0.00120759021956,"max":0.269984841347,"mean":0.0135785471648,"median":0.00714667001739,"min":1.00222059278e-20,"var":0.000488138204673},"spectral_energyband_high":{"dmean":0.000808141485322,"dmean2":0.00109801872168,"dvar":0.00000249639151662,"dvar2":0.0000049573841352,"max":0.0250622443855,"mean":0.00183116283733,"median":0.00056007510284,"min":7.23008846629e-21,"var":0.00000796229323896},"spectral_energyband_low":{"dmean":0.00384151213802,"dmean2":0.00640343362466,"dvar":0.000185173979844,"dvar2":0.000489900645334,"max":0.12896682322,"mean":0.00414721854031,"median":0.000814722152427,"min":1.53956807944e-23,"var":0.000151918284246},"spectral_energyband_middle_high":{"dmean":0.00103513116483,"dmean2":0.00151816813741,"dvar":0.00000357211342816,"dvar2":0.00000768560130382,"max":0.0467064678669,"mean":0.00304569979198,"median":0.00129435479175,"min":1.21461809723e-21,"var":0.0000183567262866},"spectral_energyband_middle_low":{"dmean":0.00391358928755,"dmean2":0.0065425154753,"dvar":0.00016733945813,"dvar2":0.000439312745584,"max":0.25289478898,"mean":0.00537290237844,"median":0.00252721039578,"min":1.74792997345e-22,"var":0.000139460986247},"spectral_entropy":{"dmean":0.173035681248,"dmean2":0.246660128236,"dvar":0.0436799712479,"dvar2":0.0820740535855,"max":9.82134342194,"mean":7.71987390518,"median":7.79257059097,"min":4.66358947754,"var":0.326369851828},"spectral_flux":{"dmean":0.0215614289045,"dmean2":0.0331562161446,"dvar":0.00182272796519,"dvar2":0.00360822118819,"max":0.47577598691,"mean":0.0615604035556,"median":0.0457630492747,"min":6.36068420157e-11,"var":0.00349070434459},"spectral_kurtosis":{"dmean":1.01582849026,"dmean2":1.54723906517,"dvar":2.40744161606,"dvar2":5.04223823547,"max":43.6025466919,"mean":3.24082803726,"median":2.8118956089,"min":-1.41903221607,"var":9.29293060303},"spectral_rms":{"dmean":0.000711131317075,"dmean2":0.00103501812555,"dvar":0.00000199325450012,"dvar2":0.00000462952266389,"max":0.0162295978516,"mean":0.00302026979625,"median":0.00264052278362,"min":3.12694119729e-12,"var":0.00000412533336203},"spectral_rolloff":{"dmean":920.969421387,"dmean2":1493.89794922,"dvar":2637171,"dvar2":5331886.5,"max":19982.8125,"mean":3198.83984375,"median":2562.45117188,"min":86.1328125,"var":9271307},"spectral_skewness":{"dmean":0.183775141835,"dmean2":0.272445380688,"dvar":0.0554020032287,"dvar2":0.10599912703,"max":5.53910732269,"mean":1.36877036095,"median":1.2951669693,"min":-0.422793865204,"var":0.299229681492},"spectral_spread":{"dmean":759378,"dmean2":1029399.3125,"dvar":1140955283460,"dvar2":1907028787200,"max":42761452,"mean":6353068,"median":5699638.5,"min":1661172.125,"var":12844286345200},"spectral_strongpeak":{"dmean":0.551495432854,"dmean2":0.935222864151,"dvar":1.34128689766,"dvar2":3.42706418037,"max":17.0096111298,"mean":0.85024034977,"median":0.306076645851,"min":0,"var":2.22587776184},"zerocrossingrate":{"dmean":0.0183488111943,"dmean2":0.019951639697,"dvar":0.000543020723853,"dvar2":0.000593967037275,"max":0.52587890625,"mean":0.111252591014,"median":0.10205078125,"min":0.0029296875,"var":0.00533883506432}},"metadata":{"audio_properties":{"analysis_sample_rate":44100,"bit_rate":0,"codec":"flac","downmix":"mix","equal_loudness":0,"length":240,"lossless":true,"md5_encoded":"9d8ff702a444b6dec51b54a9fe16ea38","replay_gain":-8.22391319275},"tags":{"acoustid_id":["9d976689-5f23-4060-869b-574d4d2c5af6"],"album":["Gold: Greatest Hits"],"albumartist":["ABBA"],"albumartistsort":["ABBA"],"artist":["ABBA"],"artists":["ABBA"],"artistsort":["ABBA"],"asin":["B003DZB8K0"],"barcode":["619659055189"],"catalognumber":["SDCM-14792-A57"],"composer":["Benny Andersson","Stig Anderson","Björn Ulvaeus"],"date":["2008-10-15"],"discnumber":["1"],"disctotal":["1"],"engineer":["Michael B. Tretow"],"file_name":"17 The Name of the Game.flac","genre":["Disco"],"grouping":["Pop"],"isrc":["SEAYD7702040"],"label":["SanDisk"],"language":["eng"],"lyricist":["Stig Anderson"],"media":["slotMusic"],"mood":["Melancholy; Groovy; Retro; Happy"],"musicbrainz_albumartistid":["d87e52c5-bb8d-4da8-b941-9f4928627dc8"],"musicbrainz_albumid":["34c6ee74-3c53-4423-97ee-d6c796a49d72"],"musicbrainz_artistid":["d87e52c5-bb8d-4da8-b941-9f4928627dc8"],"musicbrainz_recordingid":["6ac57059-6f4a-4364-ad0c-85afc8d582c4"],"musicbrainz_releasegroupid":["b69d665a-3eee-39f3-b156-58b122232304"],"musicbrainz_releasetrackid":["90be238a-33b7-3b56-aaad-295d66a6cb20"],"musicbrainz_workid":["79aad8bf-007f-33f3-b6a5-cd81dff246fa"],"originaldate":["1992"],"originalyear":["2008"],"producer":["Benny Andersson","Björn Ulvaeus"],"releasecountry":["US"],"releasestatus":["official"],"releasetype":["album","compilation"],"replaygain_album_gain":["-2.52 dB"],"replaygain_album_peak":["0.982910"],"replaygain_track_gain":["-1.24 dB"],"replaygain_track_peak":["0.947937"],"script":["Latn"],"title":["The Name of the Game"],"totaldiscs":["1"],"totaltracks":["19"],"tracknumber":["17"],"tracktotal":["19"],"work":["The Name of the Game"],"