{"lowlevel":{"average_loudness":0.429902851582,"barkbands":{"dmean":[0.00423181382939,0.00882763788104,0.00187197991181,0.00108436122537,0.00218157842755,0.00072144943988,0.00044413737487,0.000351798807969,0.000391820358345,0.000338032201398,0.000421706528869,0.000659457524307,0.000276555510936,0.000270152988378,0.00011549199553,0.0000656673146295,0.0000872015807545,0.0000876679478097,0.0000756644149078,0.0000774257350713,0.000043986041419,0.0000181961859198,0.00000883881511982,0.0000030827216051,0.00000223582856052,0.00000429417013947,0.000115037080832],"dmean2":[0.00683853542432,0.0151525326073,0.00316941016354,0.00183043803554,0.00358057115227,0.00119289103895,0.000720937736332,0.00058917561546,0.000642504368443,0.000550665194169,0.000671825255267,0.00111773516983,0.000461599702248,0.000445593817858,0.000190926512005,0.000109674576379,0.000138665389386,0.000135383350425,0.000113252339361,0.000106204344775,0.0000600471539656,0.0000253969919868,0.0000126054092107,0.00000473305362902,0.00000366002768715,0.00000607725360169,0.000173207401531],"dvar":[0.0000631351576885,0.000262666406343,0.00000959298722591,0.00000448888522442,0.0000111820800157,0.00000352228221345,0.00000108839662971,0.00000103326806311,0.00000111319991447,8.52545383623e-7,9.79954734248e-7,0.00000291259630103,4.72948926244e-7,4.18958421733e-7,6.7235333745e-8,4.21935943962e-8,1.18800791427e-7,1.93104710888e-7,1.34059604306e-7,2.80477337355e-7,6.63386146016e-8,1.08950208855e-8,3.31475180637e-9,1.38148006923e-10,2.04530749975e-11,3.28502725022e-10,1.4468444931e-7],"dvar2":[0.000158443450346,0.000738418253604,0.0000269727806881,0.0000118667430797,0.0000297810929624,0.00000900769555301,0.00000282135488305,0.00000277176218333,0.00000294300753012,0.0000020954394131,0.00000216887201532,0.00000827634448797,0.00000121493098959,0.00000105637968772,1.81269157906e-7,1.09823588446e-7,2.94409460366e-7,4.74244501447e-7,2.7073500064e-7,4.46221889661e-7,1.1253850829e-7,1.89448243759e-8,5.92212412442e-9,2.13523365655e-10,5.09565306617e-11,4.12127137972e-10,2.28072892128e-7],"max":[0.116012968123,0.228074356914,0.0451963730156,0.0648223534226,0.0914726108313,0.0685143694282,0.0419856645167,0.0489262230694,0.0360870733857,0.033713851124,0.041325442493,0.0404746942222,0.0323765985668,0.0168993622065,0.00554116908461,0.0080960970372,0.0138437785208,0.0310796350241,0.014525571838,0.0309448670596,0.0135011300445,0.00557741057128,0.00326222158037,0.000836987746879,0.0000719239469618,0.00121004926041,0.0220445208251],"mean":[0.00520458538085,0.0125369252637,0.00246788701043,0.00143313442823,0.00504803471267,0.00124638830312,0.000801817688625,0.000565502326936,0.000668594962917,0.000585187401157,0.000828039483167,0.0011674342677,0.000517900160048,0.000517690728884,0.00021606773953,0.000110633933218,0.000141693395562,0.000158482449478,0.000137739683851,0.000140998148709,0.0000777680033934,0.0000337241035595,0.0000152169595822,0.00000405729269914,0.00000237090625888,0.00000723543189451,0.000331727962475],"median":[0.0010043955408,0.00430013425648,0.00112938485108,0.000619111873675,0.00264454632998,0.000454003573395,0.000276940350886,0.000182863965165,0.000184407472261,0.000154817156726,0.000284741283394,0.000164497789228,0.0000988779283944,0.0000876179692568,0.000047877227189,0.0000132519671752,0.0000138304749271,0.000017098222088,0.0000113688247438,0.00000910644484975,0.00000757760562919,0.0000039631186155,0.00000222667813432,9.87462954072e-7,6.41291876491e-7,0.00000193348751054,0.0000682219688315],"min":[1.46038648163e-23,2.35172325834e-23,4.5848734651e-23,3.05031275913e-23,5.45896227143e-23,2.67048885504e-23,4.58679165927e-23,1.58698414187e-23,1.29823470261e-22,1.11439224637e-22,1.31611521321e-22,3.94660516005e-23,1.0031220904e-22,6.74616996076e-23,1.56217430863e-22,1.69284236493e-22,2.38684874164e-22,2.35514511606e-22,1.90230374171e-22,3.49497389833e-22,5.5829112523e-22,5.68983939163e-22,7.14892359012e-22,8.52918127286e-22,1.12365084807e-21,1.84535391659e-21,2.50513001566e-21],"var":[0.0000868504575919,0.000356071745045,0.000012833060282,0.00000625002712695,0.0000439143041149,0.00000687194687998,0.00000270373857347,0.00000199283249458,0.00000206279241866,0.00000191720732801,0.00000312800852953,0.0000064354630922,0.00000105824494767,0.0000010945741451,1.5857698088e-7,8.72264962481e-8,2.30165937865e-7,3.66776674809e-7,4.04025797707e-7,8.91704530659e-7,1.77204711349e-7,3.38557093471e-8,1.07974216235e-8,3.99727501099e-10,2.36909276918e-11,1.31263810932e-9,6.87676674715e-7]},"barkbands_crest":{"dmean":2.91068458557,"dmean2":4.81072807312,"dvar":6.17254209518,"dvar2":16.5664844513,"max":26.2220840454,"mean":11.9252643585,"median":11.4523963928,"min":2.37707662582,"var":17.2151355743},"barkbands_flatness_db":{"dmean":0.0318831242621,"dmean2":0.0511540360749,"dvar":0.000771853199694,"dvar2":0.00205904850736,"max":0.415381491184,"mean":0.189750567079,"median":0.18535348773,"min":0.0387797430158,"var":0.00336070451885},"barkbands_kurtosis":{"dmean":6.39094305038,"dmean2":10.4867353439,"dvar":80.373085022,"dvar2":210.86151123,"max":140.430374146,"mean":12.6523942947,"median":9.48829841614,"min":-1.93026316166,"var":166.356262207},"barkbands_skewness":{"dmean":0.713873028755,"dmean2":1.14620935917,"dvar":0.482243537903,"dvar2":1.22120726109,"max":10.5145225525,"mean":2.53007316589,"median":2.48943138123,"min":-6.31268024445,"var":1.87638926506},"barkbands_spread":{"dmean":4.08318090439,"dmean2":6.43405294418,"dvar":31.3229389191,"dvar2":67.6417617798,"max":136.334671021,"mean":15.5654993057,"median":10.8046321869,"min":0.853699624538,"var":280.865112305},"dissonance":{"dmean":0.0257174111903,"dmean2":0.0439072586596,"dvar":0.00075834634481,"dvar2":0.00216735270806,"max":0.500000178814,"mean":0.454800218344,"median":0.464059203863,"min":0.154495954514,"var":0.00133247906342},"dynamic_complexity":5.251704216,"erbbands":{"dmean":[0.434474915266,1.48130953312,2.19832158089,2.79706120491,6.27991485596,7.34825611115,5.98229455948,6.80065202713,6.27304363251,8.90884971619,6.67037963867,9.8894405365,7.92215490341,12.3779497147,16.0422306061,31.9047222137,13.141746521,12.5621032715,8.64243602753,3.94068717957,3.49917697906,4.81012964249,4.78377437592,4.45641231537,3.10743951797,3.70462417603,2.58781266212,1.22742724419,0.701947331429,0.454338282347,0.210761278868,0.0858229249716,0.0434283278883,0.0252009518445,0.0159153528512,0.00975736603141,0.00841961894184,0.00940410699695,0.00801412202418,0.00321191130206],"dmean2":[0.75750041008,2.51326298714,3.72030878067,4.6482591629,10.5063257217,11.8997125626,9.99463367462,11.0725164413,10.2020654678,14.9169578552,11.1790494919,16.0886535645,13.2302713394,19.8004837036,25.8428459167,54.5451164246,21.9500236511,20.6758995056,14.1341199875,6.53862094879,5.74692869186,7.54537916183,7.38824176788,6.7372751236,4.42685747147,5.14914989471,3.50360250473,1.7049626112,0.973739683628,0.62905049324,0.295711934566,0.124222636223,0.0686821565032,0.0412118546665,0.0259954500943,0.0156073272228,0.0117216883227,0.0120851267129,0.0103208459914,0.00498067960143],"dvar":[0.713161885738,7.01570749283,13.6858568192,27.0311698914,105.776351929,168.443954468,153.413421631,351.332977295,265.835174561,561.599365234,314.817657471,733.70513916,460.579437256,1051.81054688,1254.02563477,7107.71728516,1083.04626465,892.195617676,411.910888672,94.3416366577,139.887237549,344.047088623,592.180480957,431.589141846,292.318847656,635.353149414,280.401855469,55.5187797546,16.8964061737,7.41778278351,1.74760425091,0.16721843183,0.0202138014138,0.00262382626534,0.00101876445115,0.000440287112724,0.00141407281626,0.00325992750004,0.0037022898905,0.0000599996674282],"dvar2":[2.07669711113,19.1702060699,39.1267623901,69.5474090576,286.776153564,430.740661621,420.60949707,862.625793457,697.512695312,1472.71704102,864.496154785,1882.79833984,1163.78564453,2629.17138672,2999.64990234,20309.3964844,2801.44799805,2275.45947266,1044.06640625,250.399047852,351.931854248,818.735412598,1479.17749023,917.247253418,522.025695801,1073.99621582,463.032318115,102.474334717,28.4601535797,14.2287597656,2.78870344162,0.24798643589,0.0367144681513,0.00652647996321,0.00253436318599,0.000965402636211,0.00172612385359,0.00459526246414,0.0053240689449,0.000115357543109],"max":[10.6931180954,35.2390480042,56.0009231567,133.350204468,175.448989868,426.433380127,309.704528809,702.859130859,875.940856934,836.281311035,576.834472656,929.844482422,1013.56793213,1323.91870117,1274.12548828,1814.10302734,1556.81201172,565.585266113,570.012390137,296.573974609,450.159240723,681.832946777,1747.58190918,905.703857422,1065.06896973,1521.45849609,1043.67272949,322.485839844,226.988006592,120.587631226,79.4886550903,31.3644943237,10.9771299362,0.814936876297,0.505899965763,1.00188040733,2.58825087547,4.08466768265,3.97298049927,0.423040837049],"mean":[0.55101621151,2.10448598862,3.0805273056,4.22662258148,10.5905570984,17.5868453979,12.3817768097,11.7383832932,10.9539718628,14.8052072525,11.5217647552,16.8395252228,14.0075025558,24.7623710632,34.6341972351,55.5361366272,27.3340835571,25.3999938965,18.5354576111,7.92122220993,6.27351522446,8.11960697174,8.90687084198,8.3156003952,5.93468332291,6.65367555618,4.57371091843,2.21196866035,1.28303229809,0.806527733803,0.366804689169,0.129151850939,0.0517798513174,0.02677311562,0.017173377797,0.0117225218564,0.0145212672651,0.0199392978102,0.019841177389,0.0134754143655],"median":[0.142446428537,0.786118030548,1.50587821007,2.05749750137,6.40796709061,6.67084026337,3.96281003952,3.92482042313,4.34641933441,4.27540588379,4.01738357544,4.44584369659,4.74403572083,8.15770149231,12.6270685196,7.95672988892,5.31688022614,4.50263404846,4.27449893951,1.53479862213,0.797734498978,0.806583285332,0.935664415359,0.801556169987,0.45962318778,0.442736953497,0.378465235233,0.245636612177,0.145414561033,0.106376603246,0.0531456284225,0.0286857485771,0.0134733039886,0.00711545813829,0.00486075691879,0.00358512694947,0.00396842462942,0.00340664898977,0.00299945403822,0.00587318930775],"min":[1.2080418498e-21,4.15794371024e-21,3.42912634319e-20,8.93812401963e-20,1.1495610731e-19,1.78561061913e-19,3.42973018503e-19,1.7451029383e-19,5.60078047399e-19,4.48787616822e-19,8.67286206059e-19,3.19629412931e-18,2.59100285491e-18,5.48096698118e-18,3.51936936987e-18,2.07285795319e-18,3.98527181886e-18,3.30453712311e-18,4.16979720195e-18,1.20340700512e-17,9.72615259698e-18,1.41102371405e-17,1.23413204995e-17,8.29357090181e-18,1.46737721307e-17,1.47602505551e-17,2.00010171077e-17,2.21795477977e-17,1.70848166735e-17,2.59186870622e-17,2.08158958901e-17,1.92459418291e-17,1.13635260138e-17,1.06218080478e-17,9.5828245307e-18,7.60423911116e-18,3.02737557642e-18,1.35923331551e-18,3.19929162505e-19,3.59418506454e-20],"var":[0.832887589931,9.99836158752,18.5624027252,44.1198616028,181.274291992,856.932373047,451.048248291,740.964355469,505.605255127,1344.98706055,671.647583008,1434.03649902,832.485351562,2803.74560547,4045.59863281,15000.9628906,2735.94799805,2364.01391602,1287.4284668,233.640869141,304.758728027,733.647949219,1119.22290039,1217.46191406,957.8046875,1882.68041992,761.394470215,142.115234375,50.440284729,22.5391273499,6.31522512436,0.548729538918,0.0458261333406,0.00307513540611,0.00119804043788,0.000782356830314,0.00551193207502,0.0113565064967,0.0131004890427,0.000443284166977]},"erbbands_crest":{"dmean":2.46355557442,"dmean2":4.03420114517,"dvar":5.2707901001,"dvar2":13.9100351334,"max":31.9697418213,"mean":9.51190662384,"median":8.58599090576,"min":2.52124357224,"var":16.218957901},"erbbands_flatness_db":{"dmean":0.0259296987206,"dmean2":0.0409770384431,"dvar":0.000568230112549,"dvar2":0.0015045987675,"max":0.491863071918,"mean":0.170520603657,"median":0.160741299391,"min":0.0458733774722,"var":0.00249820528552},"erbbands_kurtosis":{"dmean":1.0707051754,"dmean2":1.71611201763,"dvar":4.63186264038,"dvar2":11.757566452,"max":100.870666504,"mean":0.925144195557,"median":0.239588320255,"min":-1.7296090126,"var":10.1181507111},"erbbands_skewness":{"dmean":0.355292856693,"dmean2":0.555488705635,"dvar":0.110110759735,"dvar2":0.249526679516,"max":5.3838262558,"mean":0.152687877417,"median":0.193297415972,"min":-5.16222381592,"var":0.711137235165},"erbbands_spread":{"dmean":4.93027877808,"dmean2":7.8901257515,"dvar":24.1859455109,"dvar2":57.6892051697,"max":93.8393173218,"mean":25.952457428,"median":24.5410079956,"min":0.884478926659,"var":119.507804871},"gfcc":{"cov":[[20820.3613281,495.479919434,-1801.91235352,1122.64025879,1139.11071777,-675.994506836,864.189941406,159.445144653,491.136627197,124.22882843,260.451446533,346.654602051,161.122146606],[495.479919434,1243.80236816,283.018157959,-463.136505127,58.8555908203,96.5889892578,13.0697546005,-154.999740601,-35.3252449036,-54.9324378967,59.0875320435,-121.458358765,54.5744056702],[-1801.91235352,283.018157959,634.678039551,-158.358657837,-190.013748169,202.530502319,-180.525497437,6.06282377243,-126.247894287,-25.3046855927,-9.91629886627,-75.920501709,-2.77780365944],[1122.64025879,-463.136505127,-158.358657837,568.640930176,87.5321502686,-189.208648682,107.721992493,85.7255249023,49.4339103699,1.05322372913,-34.0791511536,88.6354446411,-38.9847755432],[1139.11071777,58.8555908203,-190.013748169,87.5321502686,276.703399658,-41.2037773132,115.844207764,-13.5133581161,84.3541717529,24.819272995,50.265045166,25.3024768829,36.7427406311],[-675.994506836,96.5889892578,202.530502319,-189.208648682,-41.2037773132,294.68371582,-74.3883743286,62.5767936707,-50.1618118286,35.2396774292,37.4836082458,-22.8285484314,37.0135726929],[864.189941406,13.0697546005,-180.525497437,107.721992493,115.844207764,-74.3883743286,210.967376709,15.3987455368,75.6618728638,-1.07653164864,21.141582489,46.1070365906,-4.30458974838],[159.445144653,-154.999740601,6.06282377243,85.7255249023,-13.5133581161,62.5767936707,15.3987455368,174.381530762,40.8115997314,54.7373580933,24.6116905212,29.6506538391,17.1176719666],[491.136627197,-35.3252449036,-126.247894287,49.4339103699,84.3541717529,-50.1618118286,75.6618728638,40.8115997314,138.938217163,65.3147354126,32.6446914673,28.0959129333,2.78730368614],[124.22882843,-54.9324378967,-25.3046855927,1.05322372913,24.819272995,35.2396774292,-1.07653164864,54.7373580933,65.3147354126,99.7925262451,54.1016197205,12.7461738586,10.7404737473],[260.451446533,59.0875320435,-9.91629886627,-34.0791511536,50.265045166,37.4836082458,21.141582489,24.6116905212,32.6446914673,54.1016197205,91.9108276367,27.2255802155,19.7973918915],[346.654602051,-121.458358765,-75.920501709,88.6354446411,25.3024768829,-22.8285484314,46.1070365906,29.6506538391,28.0959129333,12.7461738586,27.2255802155,77.8628921509,17.5943584442],[161.122146606,54.5744056702,-2.77780365944,-38.9847755432,36.7427406311,37.0135726929,-4.30458974838,17.1176719666,2.78730368614,10.7404737473,19.7973918915,17.5943584442,70.8297424316]],"icov":[[0.000101521938632,-0.000250773475273,0.000337185105309,-0.000293734949082,-0.0000866538684932,-0.0000416054390371,0.0000851332806633,-0.000146983860759,0.000102572688775,-0.0000712945111445,-0.0000585769012105,-0.00015975619317,-0.0000159468399943],[-0.000250773475273,0.00276923598722,-0.00207879859954,0.00199260050431,-0.000279783329461,0.000821594090667,-0.00176133785862,0.00115633720998,-0.000956331728958,0.00189990433864,-0.00199936260469,0.00319356657565,-0.00170366698876],[0.000337185105309,-0.00207879859954,0.00508664408699,-0.00282444339246,0.0020737752784,-0.00273029832169,0.00235078064725,-0.000322416395647,0.000168381695403,0.00100287073292,-0.00155261252075,0.000986955710687,0.0000815036619315],[-0.000293734949082,0.00199260050431,-0.00282444339246,0.00677191931754,-0.00362482643686,0.00417999085039,-0.00151896197349,-0.00297364383005,0.00286689563654,-0.00212971493602,0.00403038971126,-0.00444306246936,0.00325902784243],[-0.0000866538684932,-0.000279783329461,0.0020737752784,-0.00362482643686,0.00971091911197,-0.00303381355479,-0.00169614795595,0.00401936471462,-0.00525077432394,0.00365474610589,-0.00630854442716,0.00643177237362,-0.00620963610709],[-0.0000416054390371,0.000821594090667,-0.00273029832169,0.00417999085039,-0.00303381355479,0.0089332330972,-0.000826406583656,-0.00434671994299,0.00520200515166,-0.00416857330129,0.00136544229463,-0.00189359032083,0.0000771239792812],[0.0000851332806633,-0.00176133785862,0.00235078064725,-0.00151896197349,-0.00169614795595,-0.000826406583656,0.010417599231,-0.00175198435318,-0.00350484950468,0.00422976631671,-0.000839578511659,-0.00423942366615,0.00357214733958],[-0.000146983860759,0.00115633720998,-0.000322416395647,-0.00297364383005,0.00401936471462,-0.00434671994299,-0.00175198435318,0.0120216282085,-0.00455858046189,-0.000869526644237,-0.00247050588951,0.00314604910091,-0.00481101684272],[0.000102572688775,-0.000956331728958,0.000168381695403,0.00286689563654,-0.00525077432394,0.00520200515166,-0.00350484950468,-0.00455858046189,0.0211125072092,-0.0160139910877,0.00711382739246,-0.00643590791151,0.00419000862166],[-0.0000712945111445,0.00189990433864,0.00100287073292,-0.00212971493602,0.00365474610589,-0.00416857330129,0.00422976631671,-0.000869526644237,-0.0160139910877,0.0318545848131,-0.0179671384394,0.00968480389565,-0.00326886028051],[-0.0000585769012105,-0.00199936260469,-0.00155261252075,0.00403038971126,-0.00630854442716,0.00136544229463,-0.000839578511659,-0.00247050588951,0.00711382739246,-0.0179671384394,0.0290812887251,-0.0160497594625,0.00523918913677],[-0.00015975619317,0.00319356657565,0.000986955710687,-0.00444306246936,0.00643177237362,-0.00189359032083,-0.00423942366615,0.00314604910091,-0.00643590791151,0.00968480389565,-0.0160497594625,0.0324315279722,-0.0126542951912],[-0.0000159468399943,-0.00170366698876,0.0000815036619315,0.00325902784243,-0.00620963610709,0.0000771239792812,0.00357214733958,-0.00481101684272,0.00419000862166,-0.00326886028051,0.00523918913677,-0.0126542951912,0.0238347835839]],"mean":[-73.4672851562,121.702682495,-71.4755859375,-10.9983615875,-16.9663105011,-5.24909305573,-2.85152649879,-22.7164001465,-13.7380437851,-9.95289325714,-1.34103310108,-5.37734603882,-5.79754829407]},"hfc":{"dmean":33.2268371582,"dmean2":53.976108551,"dvar":2324.38574219,"dvar2":6345.82763672,"max":927.555114746,"mean":133.783187866,"median":100.787155151,"min":1.21235481633e-16,"var":16603.3222656},"melbands":{"dmean":[0.00314120808616,0.00132560008205,0.000526996911503,0.000483799231006,0.000246822688496,0.000148212508066,0.0000909642694751,0.0000934910349315,0.0000566218222957,0.0000601881365583,0.0000400320968765,0.0000511074504175,0.0000616818360868,0.0000722485783626,0.0000517209591635,0.00002413920447,0.0000271077951766,0.0000166581103258,0.00000716052954886,0.00000487584111397,0.00000427006943937,0.00000507957747686,0.00000511135931447,0.00000428867997471,0.00000392401125282,0.00000274602530226,0.00000246005902227,0.00000263764650299,0.00000197790905077,0.0000010326480151,6.56575764424e-7,4.45999859267e-7,3.24063876178e-7,2.40016817088e-7,1.40087863088e-7,7.35294634069e-8,4.61399132234e-8,3.25619780028e-8,2.35252297642e-8,2.04761523293e-8],"dmean2":[0.00539809279144,0.00223018904217,0.000880267645698,0.000790032790974,0.000406937557273,0.000241914211074,0.000147610495333,0.000156484835315,0.0000943924678722,0.0000984569196589,0.0000669392757118,0.0000817626423668,0.0000987033417914,0.000122242418001,0.0000874352044775,0.000040363320295,0.0000447223719675,0.0000272997494903,0.0000118392799777,0.00000818340777187,0.0000070246778705,0.00000805456784292,0.00000812601138023,0.00000677828029438,0.00000604333718002,0.00000418790159529,0.00000361746924682,0.00000373452530766,0.00000273052160082,0.00000144860860019,9.49465686517e-7,6.36221670902e-7,4.66719086489e-7,3.48051372612e-7,2.02157352192e-7,1.05465659317e-7,6.925137086e-8,5.15359737108e-8,3.8333361374e-8,3.35589263045e-8],"dvar":[0.0000351111375494,0.0000047031971917,8.06179173196e-7,5.33214119969e-7,2.49454359391e-7,1.60813357297e-7,5.2977870979e-8,6.4161874036e-8,2.1396473926e-8,2.63113939525e-8,1.16426281949e-8,1.94104323725e-8,2.11568007558e-8,3.48443798259e-8,1.51988821528e-8,3.19460013998e-9,4.38302638628e-9,1.71803260507e-9,2.55918508607e-10,1.86368170896e-10,2.34400859833e-10,3.84487192084e-10,4.88003415455e-10,6.5068517241e-10,3.37604749712e-10,2.08274189561e-10,3.16462689387e-10,3.50097367763e-10,1.8775912769e-10,3.82063512772e-11,1.6627784219e-11,6.92994099605e-12,3.62601940661e-12,2.57026409704e-12,9.13401732722e-13,1.42055732954e-13,4.83842363419e-14,1.60700615412e-14,2.38563928506e-15,1.73631812138e-15],"dvar2":[0.0000998028699541,0.0000131220058393,0.00000211957080865,0.00000141373595852,6.6617695893e-7,4.01468469136e-7,1.38694517204e-7,1.67288533248e-7,5.83181041236e-8,6.86958117058e-8,2.9252166911e-8,4.83946287488e-8,4.71766306021e-8,9.790650779e-8,4.26927293518e-8,8.32758662028e-9,1.1205224304e-8,4.2977732484e-9,6.822179488e-10,4.96852614607e-10,6.06983352469e-10,9.4349905666e-10,1.1910327169e-9,1.71438496732e-9,7.51041895342e-10,4.49229653476e-10,6.33906205305e-10,6.38240127415e-10,3.4162928042e-10,6.7850364216e-11,3.45251917333e-11,1.3052468828e-11,7.21993515321e-12,5.36597502543e-12,1.70768640114e-12,2.15624244263e-13,8.03717986261e-14,2.96297376554e-14,5.79524060644e-15,4.33087564766e-15],"max":[0.0788210704923,0.0262258462608,0.0228407364339,0.0166673436761,0.0129515109584,0.0156018212438,0.0116206388921,0.0108756618574,0.00415790267289,0.00516676763073,0.00503703812137,0.00571797648445,0.00607508327812,0.00562595576048,0.00311179971322,0.00202460307628,0.00121474661864,0.00136443378869,0.000448680453701,0.000593364529777,0.000579654995818,0.000628340058029,0.00121058826335,0.00191570969764,0.000774478598032,0.000578086823225,0.00134722096846,0.000922511157114,0.00092420517467,0.000295080331853,0.000149350715219,0.000125546124764,0.000109036787762,0.0000790640988271,0.0000531255245733,0.0000288053688564,0.0000159061637532,0.0000102430676634,0.00000130899491069,6.64261108341e-7],"mean":[0.00445708585903,0.00201702909544,0.000888676615432,0.00104237662163,0.000569341587834,0.00025980832288,0.000162819953403,0.000154505469254,0.0000952884438448,0.000101405355963,0.0000675229603075,0.0000968814201769,0.0001226154709,0.000129039093736,0.000100476914668,0.0000445852638222,0.0000500793103129,0.0000335431686835,0.0000134957772389,0.00000838416781335,0.00000702651459505,0.0000081371563283,0.00000868394181452,0.00000742125121178,0.00000680770108374,0.00000477070943816,0.00000415597651227,0.00000447863430963,0.00000324073494085,0.00000177417575742,0.00000110330609004,7.6075252764e-7,5.51096206891e-7,4.02789595455e-7,2.29281354791e-7,1.19557626022e-7,6.21154754299e-8,3.88219909553e-8,2.4641078511e-8,2.14923137065e-8],"median":[0.0015163756907,0.00105074956082,0.000515719642863,0.000600975588895,0.000158928654855,0.0000909023801796,0.0000630628419458,0.0000456027955806,0.0000305447865685,0.0000264352056547,0.0000214307619899,0.0000297505102935,0.0000421694458055,0.000020495361241,0.0000154445369844,0.00000893380456546,0.00000795306550572,0.00000709710411684,0.00000299279622595,0.00000107779032987,8.16331066744e-7,8.15966473056e-7,7.82718302617e-7,7.98571591076e-7,6.16801173692e-7,3.30983169761e-7,2.91454597345e-7,2.67422564093e-7,2.38640325279e-7,1.83611462035e-7,1.18038030905e-7,7.83520874847e-8,6.94673332191e-8,5.19665235288e-8,2.87364105844e-8,2.43906832509e-8,1.37416300561e-8,9.56764267812e-9,6.16269790754e-9,5.67043967337e-9],"min":[9.18950931582e-24,1.39789086968e-23,1.76168717121e-23,8.45840959494e-24,1.2410852799e-23,4.19897959189e-24,9.2260422532e-24,4.21282410077e-24,9.46974899695e-24,2.00720182639e-23,1.22812760844e-23,2.18051393618e-23,1.61345168742e-23,5.04552240093e-24,7.32173123914e-24,8.7178067821e-24,5.994062164e-24,5.58518372391e-24,1.40900355325e-23,1.51488651499e-23,1.03948382919e-23,1.52085282778e-23,1.16981295929e-23,1.08262465994e-23,5.37326570805e-24,1.02942971807e-23,1.20550394543e-23,9.09837142658e-24,1.04691734439e-23,1.51920331963e-23,1.20264992556e-23,9.06928454728e-24,1.17626213385e-23,1.50522943756e-23,1.26091014331e-23,9.72032829692e-24,1.28979310206e-23,6.56199231752e-24,8.74645426587e-24,9.63360329558e-24],"var":[0.0000461441886728,0.00000715252735972,0.00000135855179906,0.0000016217790062,0.00000108651613573,3.34994467721e-7,1.074887237e-7,1.47876846768e-7,4.37454694691e-8,4.98449885811e-8,2.06241175249e-8,4.83555879782e-8,6.7494241307e-8,7.82834987945e-8,3.88892935632e-8,7.44171746447e-9,1.01649328954e-8,4.88779283714e-9,6.01463323591e-10,3.79924119942e-10,4.51761683617e-10,7.53380524632e-10,9.49703427011e-10,9.82840586694e-10,8.66369864738e-10,5.46339973262e-10,7.79990405597e-10,9.17908860032e-10,4.34338315314e-10,9.59776841336e-11,3.67369502874e-11,1.86988965978e-11,9.28008885015e-12,6.86210333348e-12,2.77965692998e-12,5.16977736661e-13,1.28123897668e-13,3.48965241469e-14,2.93471420532e-15,1.99287307204e-15]},"melbands_crest":{"dmean":4.31002950668,"dmean2":7.16714429855,"dvar":15.133928299,"dvar2":41.6307792664,"max":35.3607673645,"mean":17.3649177551,"median":16.702457428,"min":1.98387098312,"var":32.60364151},"melbands_flatness_db":{"dmean":0.0398062691092,"dmean2":0.0637988820672,"dvar":0.00115969183389,"dvar2":0.00310510513373,"max":0.548415839672,"mean":0.310530513525,"median":0.309608101845,"min":0.00526440748945,"var":0.00566373299807},"melbands_kurtosis":{"dmean":7.44869756699,"dmean2":12.28373909,"dvar":122.463653564,"dvar2":323.76361084,"max":220.901199341,"mean":14.1808509827,"median":10.1800708771,"min":-1.85371232033,"var":241.250946045},"melbands_skewness":{"dmean":0.764996647835,"dmean2":1.23900699615,"dvar":0.595725357533,"dvar2":1.56710767746,"max":12.1661891937,"mean":2.83491373062,"median":2.74433231354,"min":-5.24567508698,"var":2.01208138466},"melbands_spread":{"dmean":4.02963733673,"dmean2":6.36524391174,"dvar":44.4199829102,"dvar2":92.1253204346,"max":217.451965332,"mean":13.6636962891,"median":8.43915557861,"min":0.706751167774,"var":449.453308105},"mfcc":{"cov":[[14123.0195312,474.605804443,-2461.48413086,1478.70483398,-100.129150391,279.067779541,-37.407699585,465.959075928,257.905303955,258.796173096,401.808746338,240.666870117,152.449859619],[474.605804443,1454.96191406,163.978057861,-371.460754395,73.1877593994,128.977783203,135.890441895,-58.828289032,-25.9739742279,10.7089109421,17.9051113129,-32.0679740906,4.51977157593],[-2461.48413086,163.978057861,898.876220703,-377.132415771,78.4404220581,-55.727355957,54.3339920044,-90.9993209839,-62.139377594,-36.3018798828,-97.3684387207,-23.2304267883,-35.4954299927],[1478.70483398,-371.460754395,-377.132415771,690.000610352,-65.2931594849,-10.0207061768,-77.4792480469,108.386039734,42.6289596558,4.1069688797,24.4976882935,24.3434925079,2.60980653763],[-100.129150391,73.1877593994,78.4404220581,-65.2931594849,167.122207642,21.0916233063,36.8974609375,-25.1098918915,8.21581745148,13.8519802094,4.89867591858,12.4974737167,12.3501157761],[279.067779541,128.977783203,-55.727355957,-10.0207061768,21.0916233063,116.408111572,36.1404037476,11.1620931625,-5.84934997559,7.95719337463,6.23293924332,-4.3805346489,8.18618583679],[-37.407699585,135.890441895,54.3339920044,-77.4792480469,36.8974609375,36.1404037476,117.070259094,25.575958252,-0.480029553175,5.79197502136,-1.90276861191,3.72664213181,12.9067630768],[465.959075928,-58.828289032,-90.9993209839,108.386039734,-25.1098918915,11.1620931625,25.575958252,107.27432251,36.3716278076,13.1280574799,2.06444168091,16.5868835449,10.99604702],[257.905303955,-25.9739742279,-62.139377594,42.6289596558,8.21581745148,-5.84934997559,-0.480029553175,36.3716278076,84.0204772949,22.6784229279,23.235534668,2.05661034584,8.70077705383],[258.796173096,10.7089109421,-36.3018798828,4.1069688797,13.8519802094,7.95719337463,5.79197502136,13.1280574799,22.6784229279,83.8845977783,39.6853942871,28.8910007477,11.5717544556],[401.808746338,17.9051113129,-97.3684387207,24.4976882935,4.89867591858,6.23293924332,-1.90276861191,2.06444168091,23.235534668,39.6853942871,89.1833190918,38.2376937866,22.5903568268],[240.666870117,-32.0679740906,-23.2304267883,24.3434925079,12.4974737167,-4.3805346489,3.72664213181,16.5868835449,2.05661034584,28.8910007477,38.2376937866,77.6946105957,34.1686325073],[152.449859619,4.51977157593,-35.4954299927,2.60980653763,12.3501157761,8.18618583679,12.9067630768,10.99604702,8.70077705383,11.5717544556,22.5903568268,34.1686325073,66.3198394775]],"icov":[[0.000196395121748,-0.000182722083991,0.000421388569521,-0.00022241192346,-0.000111717323307,-0.0000556648228667,0.0000638263154542,-0.000342592829838,-0.00000615543058302,-0.000158107679454,-0.000120574957691,-0.000332409545081,0.000108067288238],[-0.000182722083991,0.00111589871813,-0.000437126174802,0.000554193917196,0.00013838931045,-0.000770340382587,-0.000761273724493,0.00065642799018,-0.00000214404462895,0.000143627665238,-0.000365711021004,0.00070996535942,-0.0000691475288477],[0.000421388569521,-0.000437126174802,0.00278889574111,0.000249876524322,-0.0007396665751,0.000951896829065,-0.000555027159862,0.00000382574398827,0.000216097134398,-0.000415024609538,0.00171908736229,-0.00166318670381,0.000986981787719],[-0.00022241192346,0.000554193917196,0.000249876524322,0.00278141326271,-0.0000924733685679,-0.0000117656763905,0.0013789748773,-0.00188712705858,0.000238236025325,0.000670095498208,4.3272987682e-7,0.0000448551436421,0.000389538588934],[-0.000111717323307,0.00013838931045,-0.0007396665751,-0.0000924733685679,0.00787526648492,-0.0014172536321,-0.00267308787443,0.00400048540905,-0.00277034146711,-0.000682924932335,0.00117612583563,-0.00188058719505,-0.000528651115019],[-0.0000556648228667,-0.000770340382587,0.000951896829065,-0.0000117656763905,-0.0014172536321,0.0114958304912,-0.00228451704606,-0.0013182235416,0.00253217527643,-0.00104118639138,-0.000209080419154,0.00230215117335,-0.0010669195326],[0.0000638263154542,-0.000761273724493,-0.000555027159862,0.0013789748773,-0.00267308787443,-0.00228451704606,0.0138189066201,-0.00692967697978,0.00203189835884,0.000149291852722,-0.00100922770798,0.00116810027976,-0.0017574444646],[-0.000342592829838,0.00065642799018,0.00000382574398827,-0.00188712705858,0.00400048540905,-0.0013182235416,-0.00692967697978,0.0192143656313,-0.0078604798764,-0.000916029559448,0.00573187554255,-0.00490874936804,0.000167326041264],[-0.00000615543058302,-0.00000214404462895,0.000216097134398,0.000238236025325,-0.00277034146711,0.00253217527643,0.00203189835884,-0.0078604798764,0.0180969331414,-0.00289833545685,-0.0051723215729,0.00624071294442,-0.00209016841836],[-0.000158107679454,0.000143627665238,-0.000415024609538,0.000670095498208,-0.000682924932335,-0.00104118639138,0.000149291852722,-0.000916029559448,-0.00289833545685,0.0169513560832,-0.00538039393723,-0.00389096187428,0.00174355250783],[-0.000120574957691,-0.000365711021004,0.00171908736229,4.3272987682e-7,0.00117612583563,-0.000209080419154,-0.00100922770798,0.00573187554255,-0.0051723215729,-0.00538039393723,0.0211179126054,-0.00848723016679,-0.00092827383196],[-0.000332409545081,0.00070996535942,-0.00166318670381,0.0000448551436421,-0.00188058719505,0.00230215117335,0.00116810027976,-0.00490874936804,0.00624071294442,-0.00389096187428,-0.00848723016679,0.0247546900064,-0.00952631607652],[0.000108067288238,-0.0000691475288477,0.000986981787719,0.000389538588934,-0.000528651115019,-0.0010669195326,-0.0017574444646,0.000167326041264,-0.00209016841836,0.00174355250783,-0.00092827383196,-0.00952631607652,0.0210863240063]],"mean":[-737.477661133,182.604431152,5.09993314743,18.4862937927,1.05115747452,21.0729370117,11.7800731659,3.6491112709,-6.49673652649,-1.80132043362,-0.721234738827,-0.828352093697,-1.78755152225]},"pitch_salience":{"dmean":0.0788930729032,"dmean2":0.130264878273,"dvar":0.00505197932944,"dvar2":0.013397205621,"max":0.831882238388,"mean":0.531859457493,"median":0.542391061783,"min":0.120094679296,"var":0.0116028599441},"silence_rate_20dB":{"dmean":0,"dmean2":0,"dvar":0,"dvar2":0,"max":1,"mean":1,"median":1,"min":1,"var":0},"silence_rate_30dB":{"dmean":0.051485709846,"dmean2":0.102978721261,"dvar":0.0488349311054,"dvar2":0.114218078554,"max":1,"mean":0.922776937485,"median":1,"min":0,"var":0.0712596848607},"silence_rate_60dB":{"dmean":0.0234025958925,"dmean2":0.0468085110188,"dvar":0.0228549148887,"dvar2":0.0531281121075,"max":1,"mean":0.116933770478,"median":0,"min":0,"var":0.103260263801},"spectral_centroid":{"dmean":123.98387146,"dmean2":185.357116699,"dvar":39490.046875,"dvar2":60428.328125,"max":10770.9052734,"mean":718.442871094,"median":561.453063965,"min":186.851501465,"var":361947.375},"spectral_complexity":{"dmean":2.31657338142,"dmean2":3.65801429749,"dvar":8.14586353302,"dvar2":15.4196414948,"max":61,"mean":14.0297117233,"median":12,"min":0,"var":112.474159241},"spectral_contrast_coeffs":{"dmean":[0.0513092428446,0.04333313182,0.0351870581508,0.0314540714025,0.0227042902261,0.0328931212425],"dmean2":[0.0849790126085,0.0725064724684,0.0590744130313,0.0522538423538,0.0377560853958,0.0517192557454],"dvar":[0.00163514644373,0.00112945586443,0.000766971730627,0.000618914084043,0.00038821878843,0.00119288079441],"dvar2":[0.00453124940395,0.00327297113836,0.00210911687464,0.0016620765673,0.00101415021345,0.00278366846032],"max":[-0.359418988228,-0.541539013386,-0.558349907398,-0.622751176357,-0.663606762886,-0.398860782385],"mean":[-0.659929037094,-0.786348223686,-0.800833582878,-0.804469525814,-0.85976755619,-0.79754191637],"median":[-0.660897016525,-0.78939974308,-0.804473996162,-0.804495811462,-0.846989810467,-0.814942598343],"min":[-0.965649843216,-0.971509099007,-0.970162987709,-0.959520697594,-0.977596998215,-0.957155227661],"var":[0.00674763089046,0.00287304562517,0.00261720060371,0.00219748681411,0.00323839997873,0.00648683775216]},"spectral_contrast_valleys":{"dmean":[0.405083715916,0.341855496168,0.297824412584,0.323108106852,0.43195977807,0.658200979233],"dmean2":[0.669234335423,0.569864690304,0.489404946566,0.517949521542,0.68048375845,1.05078160763],"dvar":[0.114396616817,0.0828255191445,0.0656252577901,0.0942415371537,0.231882497668,0.301063627005],"dvar2":[0.292850553989,0.208598479629,0.156993225217,0.219313845038,0.579438984394,0.800489544868],"max":[-4.81345081329,-4.37623929977,-4.87356805801,-5.66184329987,-5.1068444252,-8.88573932648],"mean":[-7.10919952393,-6.95127487183,-7.38154125214,-8.21558761597,-8.59045982361,-11.5227870941],"median":[-6.69167518616,-6.72219657898,-7.12637615204,-8.01195240021,-8.32262992859,-11.3702659607],"min":[-26.7168140411,-27.395111084,-27.0615291595,-27.1753158569,-27.2537498474,-27.3297348022],"var":[2.67979121208,1.81123793125,2.05905437469,2.34214806557,2.47142410278,1.54458975792]},"spectral_decrease":{"dmean":3.51459727987e-9,"dmean2":5.84357984224e-9,"dvar":3.19246022988e-17,"dvar2":8.8330117752e-17,"max":1.93233851142e-9,"mean":-7.46576045429e-9,"median":-4.32794067251e-9,"min":-7.28388087623e-8,"var":7.36415539775e-17},"spectral_energy":{"dmean":0.0134387426078,"dmean2":0.0222482215613,"dvar":0.000461167277535,"dvar2":0.00125171558466,"max":0.302986055613,"mean":0.0403120405972,"median":0.02717593126,"min":1.10900185504e-20,"var":0.00165342539549},"spectral_energyband_high":{"dmean":0.00015981841716,"dmean2":0.000207047341974,"dvar":8.47229728151e-7,"dvar2":0.00000114471947654,"max":0.0510204583406,"mean":0.000378698197892,"median":0.0000523592498212,"min":7.96206172125e-21,"var":0.00000313972714139},"spectral_energyband_low":{"dmean":0.0117729883641,"dmean2":0.0199037231505,"dvar":0.000409365427913,"dvar2":0.0011465488933,"max":0.258397340775,"mean":0.0193976312876,"median":0.0098191043362,"min":8.96722550989e-23,"var":0.000641173392069},"spectral_energyband_middle_high":{"dmean":0.00131662550848,"dmean2":0.00209994264878,"dvar":0.00000664938534101,"dvar2":0.0000168236056197,"max":0.0808504298329,"mean":0.00437144096941,"median":0.00142462912481,"min":1.61429193788e-21,"var":0.0000451977794},"spectral_energyband_middle_low":{"dmean":0.00321754789911,"dmean2":0.00525091448799,"dvar":0.0000238538777921,"dvar2":0.0000628670168226,"max":0.110869534314,"mean":0.00991108734161,"median":0.006403086707,"min":3.3093845885e-22,"var":0.000123073361465},"spectral_entropy":{"dmean":0.245845302939,"dmean2":0.387911111116,"dvar":0.0603913627565,"dvar2":0.155725464225,"max":9.78255462646,"mean":7.04980230331,"median":7.15529680252,"min":5.10011005402,"var":0.329539000988},"spectral_flux":{"dmean":0.0241304561496,"dmean2":0.0388905256987,"dvar":0.00096543302061,"dvar2":0.00226413575001,"max":0.413279026747,"mean":0.0921292975545,"median":0.0844733715057,"min":1.05309157228e-10,"var":0.00427938206121},"spectral_kurtosis":{"dmean":10.4030704498,"dmean2":16.9116306305,"dvar":282.990631104,"dvar2":775.595825195,"max":242.795471191,"mean":25.9592838287,"median":20.0528831482,"min":-1.23139250278,"var":413.410339355},"spectral_rms":{"dmean":0.000903781037778,"dmean2":0.00145938096102,"dvar":0.00000129408533667,"dvar2":0.00000338597692462,"max":0.017192909494,"mean":0.00538519583642,"median":0.00514908786863,"min":3.28930545995e-12,"var":0.0000103284883153},"spectral_rolloff":{"dmean":5019.36523438,"dmean2":9779.24804688,"dvar":69097184,"dvar2":166308080,"max":22028.4667969,"mean":11756.1240234,"median":19875.1464844,"min":43.06640625,"var":102234560},"spectral_skewness":{"dmean":0.695260763168,"dmean2":1.10698342323,"dvar":0.83904415369,"dvar2":2.29101324081,"max":12.6357431412,"mean":3.59850096703,"median":3.25546431541,"min":0.0139904189855,"var":2.07925128937},"spectral_spread":{"dmean":602385,"dmean2":958248.0625,"dvar":374244179968,"dvar2":873660743680,"max":41487948,"mean":3595193,"median":3546736.5,"min":615249.625,"var":1312742440960},"spectral_strongpeak":{"dmean":1.98831117153,"dmean2":3.75822305679,"dvar":82.2288360596,"dvar2":233.520965576,"max":114.815475464,"mean":1.73510634899,"median":0.251445263624,"min":0,"var":66.7568817139},"zerocrossingrate":{"dmean":0.0380118340254,"dmean2":0.0495828129351,"dvar":0.00110328162555,"dvar2":0.00183624355122,"max":0.92578125,"mean":0.257496386766,"median":0.24951171875,"min":0.017578125,"var":0.00994209665805}},"metadata":{"audio_properties":{"analysis_sample_rate":44100,"bit_rate":192000,"codec":"mp3","downmix":"mix","equal_loudness":0,"length":327.419830322,"lossless":false,"md5_encoded":"7f9f061feea415a46c4fef7a969848c7","replay_gain":-0.478372573853,"sample_rate":44100},"tags":{"acoustid_id":["2556e33b-6b4d-461e-bd47-b8a31aef6e1f"],"album":["A Weekend in the City"],"albumartist":["Bloc Party"],"artist":["Bloc Party"],"date":["2007"],"discnumber":["1/1"],"file_name":"08 - Bloc Party - Kreuzberg.mp3","musicbrainz_albumartistid":["8c538f11-c141-4588-8ecb-931083524186"],"musicbrainz_albumid":["badee484-ef65-45fc-9919-85d7eb5c40ef"],"musicbrainz_artistid":["8c538f11-c141-4588-8ecb-931083524186"],"musicbrainz_recordingid":["6ac7801c-4f3e-4e28-9d2e-10f72af7c559"],"musicbrainz_releasegroupid":["d6c00b51-9bb6-3d44-8313-0424fc7b0c9a"],"replaygain_album_gain":["-0.58 dB"],"replaygain_album_peak":["0.419637"],"replaygain_track_gain":["+0.43 dB"],"replaygain_track_peak":["0.419637"],"title":["Kreuzberg"],"tracknumber":["8/11"]},"version":{"essentia":"2.1-beta1","essentia_build_sha":"e76a03f03bb3900de42a1fa0d9be1e72f12def64","essentia_git_sha":"v2.1_beta1-28-g21ef5f4-dirty","extractor":"music 1.0"}},"rhythm":{"beats_count":700,"beats_loudness":{"dmean":0.0179397370666,"dmean2":0.0317716039717,"dvar":0.000567589886487,"dvar2":0.00167010130826,"max":0.281637996435,"mean":0.0490720234811,"median":0.0333896949887,"min":1.5497076955e-9,"var":0.00183951517101},"beats_loudness_band_ratio":{"dmean":[0.140574350953,0.0980285927653,0.0405292659998,0.0418532416224,0.0166320390999,0.0737200900912],"dmean2":[0.242792755365,0.171135365963,0.0718205571175,0.073865622282,0.0293550603092,0.128078237176],"dvar":[0.0165809784085,0.00788859277964,0.00262560532428,0.00263801356778,0.00246792519465,0.00759345851839],"dvar2":[0.04775685817,0.0216686110944,0.00725002400577,0.00690740905702,0.00565565563738,0.0213880874217],"max":[0.951315164566,0.