{"lowlevel":{"average_loudness":0.932609677315,"barkbands":{"dmean":[0.000048832862376,0.00113559083547,0.000973705027718,0.00105374504346,0.00138553150464,0.000696686620358,0.000481048307847,0.000428847561125,0.000619903614279,0.000535963452421,0.000989289837889,0.000899196660612,0.00131147669163,0.000852121796925,0.00062764226459,0.000359693920473,0.000341423525242,0.00027591449907,0.000241296482272,0.000192615203559,0.0000957689189818,0.0000703858677298,0.0000410972679674,0.0000375936433556,0.0000360741687473,0.00000828408883535,0.000001982718004],"dmean2":[0.0000740053656045,0.00184694386553,0.0016429356765,0.0018186281668,0.00226496369578,0.0011116907699,0.000769062142354,0.0006615963066,0.000971878995188,0.000843806250487,0.00155864714179,0.00135377631523,0.00193402322475,0.00132303778082,0.000954583985731,0.00053422752535,0.000489119382109,0.000408319057897,0.00036213119165,0.00029267751961,0.000143052675412,0.000101645258837,0.0000590912422922,0.000054482537962,0.0000517029147886,0.0000118373618534,0.00000342577868651],"dvar":[1.34909825533e-8,0.00000510125482833,0.00000224697578233,0.00000324869301949,0.00000459077318737,0.00000142302417316,9.84913981483e-7,0.00000169004511008,0.0000027671621865,0.00000306740662381,0.00000544685326531,0.00000402137447963,0.00000711665643394,0.00000193226014744,0.00000129423131057,5.75921887958e-7,3.39762777912e-7,1.82600231824e-7,1.53999323516e-7,7.33255731689e-8,2.84233792058e-8,1.6706668049e-8,5.19477483252e-9,3.92025123475e-9,7.8909359047e-9,3.59619001244e-10,1.06030656477e-10],"dvar2":[2.9774815502e-8,0.0000124690395751,0.00000596210020376,0.00000898010421224,0.0000119325441119,0.00000372523777514,0.00000247816842602,0.00000377238416149,0.00000657197733744,0.00000721583592167,0.0000136537428261,0.00000834795173432,0.0000131661317937,0.00000443339649792,0.00000285648570753,0.00000112704594812,6.38683786747e-7,3.7589146018e-7,3.06999822897e-7,1.59609257366e-7,5.80451633425e-8,3.84666520858e-8,9.73947145155e-9,7.95557753008e-9,1.63164859401e-8,7.72732877685e-10,2.93524399231e-10],"max":[0.00208706920967,0.0376798771322,0.0373223945498,0.0209447965026,0.0253873877227,0.0176879502833,0.0170922335237,0.0263410098851,0.0301523730159,0.0482878498733,0.0324352309108,0.0420331247151,0.0535948574543,0.0236956048757,0.0224623754621,0.0336124971509,0.00928270351142,0.00813990365714,0.00671311048791,0.00434337416664,0.0044230343774,0.00251862639561,0.00277055497281,0.00132156617474,0.00347029790282,0.000479781476315,0.000227499942412],"mean":[0.0000570750598854,0.00145568116568,0.0014539671829,0.00125004001893,0.00236311019398,0.00110819737893,0.000719674688298,0.000587542133871,0.000900989747606,0.000900048937183,0.0015852934448,0.00171159382444,0.0022974202875,0.00156220723875,0.00119035190437,0.00070187158417,0.00066157290712,0.000597462581936,0.000530118122697,0.000442264135927,0.00021169714455,0.000146904421854,0.0000934923446039,0.000091327863629,0.0000913554104045,0.0000164738066815,0.00000173445789642],"median":[0.0000129150648718,0.000555528269615,0.000768212601542,0.000713338376954,0.00154729618225,0.000627614150289,0.000314338656608,0.000142204575241,0.000275343598332,0.000266900402494,0.000391362525988,0.00061195238959,0.000941617530771,0.000791781698354,0.00060539599508,0.000329135335051,0.000331745541189,0.000311033276375,0.000329976144712,0.000302522734273,0.000139289244544,0.0000958191521931,0.000054270029068,0.0000556725244678,0.0000374018491129,0.00000655867643218,1.80011170414e-7],"min":[2.36855991664e-23,2.67594966577e-23,3.58273707217e-23,6.96902758411e-24,9.13280047192e-23,1.54709015217e-22,1.74289145574e-23,6.84889290348e-23,1.0184923825e-22,7.16259511759e-23,5.82203266316e-23,5.40308756906e-23,1.04108188783e-22,4.26406424533e-23,1.73222697138e-22,1.39226831091e-22,1.27534612433e-22,2.8728499157e-22,4.8734322209e-22,3.03768196008e-22,4.945057257e-22,4.62135872373e-22,5.10882730528e-22,6.75718864367e-22,1.20002288306e-21,1.60568873445e-21,2.7069774332e-21],"var":[1.7470860314e-8,0.00000743555847293,0.00000466254368803,0.00000312321731144,0.00000700789632901,0.00000206408435588,0.00000148188064486,0.00000245899104812,0.00000411085693486,0.00000620035234533,0.0000105806475403,0.0000118683583423,0.000018310645828,0.00000428591965829,0.00000310404425363,0.00000143251770623,9.06459149519e-7,6.17587716079e-7,4.46435961976e-7,2.13458406506e-7,6.62305268406e-8,2.83148757774e-8,1.80303771913e-8,1.25176891075e-8,3.29230367413e-8,9.41761113538e-10,7.27722604399e-11]},"barkbands_crest":{"dmean":2.16749548912,"dmean2":3.56633257866,"dvar":3.78896069527,"dvar2":9.61388397217,"max":21.3318786621,"mean":7.67701387405,"median":6.96332073212,"min":1.95313704014,"var":9.48927211761},"barkbands_flatness_db":{"dmean":0.0135456994176,"dmean2":0.0212785564363,"dvar":0.000144979101606,"dvar2":0.000342489423929,"max":0.193753495812,"mean":0.0971257165074,"median":0.094685614109,"min":0.0173194296658,"var":0.00062007503584},"barkbands_kurtosis":{"dmean":0.772507727146,"dmean2":1.25630807877,"dvar":1.44376814365,"dvar2":3.67642760277,"max":22.7272281647,"mean":0.0107031911612,"median":-0.414242833853,"min":-1.96154153347,"var":2.64337420464},"barkbands_skewness":{"dmean":0.348005622625,"dmean2":0.536021053791,"dvar":0.107852347195,"dvar2":0.252913534641,"max":4.41210842133,"mean":0.385875612497,"median":0.299344599247,"min":-2.07716012001,"var":0.454295516014},"barkbands_spread":{"dmean":4.97681903839,"dmean2":7.65876913071,"dvar":27.8623790741,"dvar2":57.6950416565,"max":150.295288086,"mean":29.5850410461,"median":26.7693805695,"min":4.47520971298,"var":381.109741211},"dissonance":{"dmean":0.0124158486724,"dmean2":0.0209989529103,"dvar":0.000179397116881,"dvar2":0.000481981522171,"max":0.500000119209,"mean":0.479845196009,"median":0.484675467014,"min":0.349887818098,"var":0.000282353808871},"dynamic_complexity":4.12836790085,"erbbands":{"dmean":[0.035621792078,0.262033611536,0.973883390427,2.42432308197,4.89991760254,4.38577699661,3.63013863564,6.26240825653,6.91235589981,7.25314188004,9.99711227417,12.6195640564,16.4523220062,24.3024024963,31.9543037415,36.1095962524,44.6131286621,54.6677360535,34.9309654236,26.5222892761,19.2446250916,17.5832157135,15.6708421707,9.84589576721,12.988442421,8.90158939362,3.97561883926,3.99182033539,2.62122678757,1.91436553001,1.1230493784,0.787662446499,0.675484240055,0.48678663373,0.229634806514,0.0539719723165,0.0128502650186,0.00316178053617,0.000343236053595,0.0000153095643327],"dmean2":[0.053286395967,0.442473679781,1.65293085575,4.21087217331,8.24178600311,7.12030172348,5.69376182556,10.1648550034,11.1903715134,11.1653614044,15.2695178986,19.997385025,25.4605121613,37.324092865,49.3789901733,53.4606323242,66.1251831055,80.21043396,53.0540847778,39.6119041443,28.1401233673,24.9549121857,22.4910907745,14.4155712128,19.292093277,13.3817567825,5.95336484909,5.94414281845,3.80942130089,2.79423642159,1.60545289516,1.14408564568,0.975229859352,0.691091418266,0.330462962389,0.0768774822354,0.0185423716903,0.00504554389045,0.000585636415053,0.0000233574264712],"dvar":[0.00752734113485,0.242193296552,2.20138835907,14.3402023315,74.810218811,43.1731987,25.5040016174,157.283569336,248.146026611,296.648895264,893.822265625,1404.92736816,2326.24462891,3281.30322266,4836.47265625,6338.43457031,9865.39257813,8484.43945313,3848.75683594,2878.14135742,1053.46398926,858.100402832,595.470031738,222.913330078,454.599456787,144.780731201,36.0748100281,63.6379699707,24.9703712463,12.7288541794,4.30390644073,1.68968367577,1.50904476643,1.59010589123,0.304425001144,0.0135636329651,0.00119626068044,0.000184075484867,0.00000333234720529,2.28023222526e-9],"dvar2":[0.0164894759655,0.631289660931,5.90647554398,39.7457199097,195.503555298,111.97303772,61.4810066223,422.507263184,632.717041016,681.139404297,1977.99230957,3474.38818359,5048.45605469,7412.80810547,11935.0048828,11934.6445313,19070.4902344,16894.1777344,9082.27734375,6198.83935547,2090.45800781,1546.52575684,1150.96154785,453.77142334,914.530456543,316.145355225,75.3897476196,131.699234009,57.6081428528,26.1320648193,8.7242641449,3.47139692307,3.08231425285,3.19461417198,0.654452860355,0.0281083509326,0.00270761735737,0.000487736688228,0.00000923488096305,6.21204998552e-9],"max":[1.51271164417,7.01772260666,31.2406597137,41.4401512146,92.2947387695,87.4588699341,57.9187202454,218.431930542,289.147186279,258.556152344,627.416870117,646.835754395,1156.53771973,1599.98681641,1113.57226563,1920.46398926,2424.90820313,1876.46118164,1418.02807617,1635.98681641,1090.97021484,523.954650879,520.097167969,347.285461426,407.164978027,218.246353149,119.8516922,196.469833374,112.568008423,123.33014679,62.9065246582,41.4567527771,28.1857566833,51.7152099609,15.3279447556,4.31320667267,0.919104576111,0.337663263083,0.0463437438011,0.00117123499513],"mean":[0.0416123978794,0.336955994368,1.46596205235,3.23609018326,6.66531038284,7.98656654358,7.15652513504,9.38601589203,10.1634206772,10.7961854935,14.8869609833,18.4611911774,27.5802116394,45.1141738892,56.1500244141,73.0038604736,83.8107147217,106.037384033,68.1788787842,51.6387519836,41.4151611328,37.3688583374,35.6893997192,23.0887145996,29.4108085632,21.6551399231,9.78037452698,8.28584861755,5.59156990051,4.13996839523,2.48082232475,1.82337188721,1.57947099209,1.14714848995,0.576969325542,0.126799806952,0.0234604720026,0.00365784182213,0.000325198110659,0.0000390815148421],"median":[0.00956045277417,0.155594110489,0.861117959023,2.11205506325,3.62190341949,4.99182081223,4.63640213013,4.89970111847,4.31196784973,4.45474910736,4.19192790985,6.38447570801,9.90936470032,14.9001426697,19.3732299805,30.1068229675,41.5898208618,51.4212989807,37.0303764343,25.6379451752,21.0117645264,20.3019142151,19.0371284485,15.4311790466,18.0407218933,15.4819974899,6.78267002106,5.23240184784,3.62984752655,2.45685577393,1.47128820419,1.10518479347,0.91023683548,0.502725362778,0.227015659213,0.0542344227433,0.00790510699153,0.000746570352931,0.0000547654235561,0.0000312352494802],"min":[1.78405530956e-21,2.89960429107e-21,3.10107232836e-20,3.60572552656e-20,1.21976376244e-19,2.60664954489e-19,7.3411472863e-19,1.56046754018e-18,6.17933954573e-19,1.14057783995e-18,8.36494356058e-19,2.05104726838e-18,2.25830378151e-18,3.03387225295e-18,2.25923498008e-18,2.7125156869e-18,4.37512617746e-18,2.67302587766e-18,4.41682104341e-18,9.55106989416e-18,7.47090421386e-18,6.95179130402e-18,1.52381740063e-17,2.31264131731e-17,1.98361021089e-17,1.4661586106e-17,2.03850505963e-17,1.95628132151e-17,1.49215127242e-17,1.53813143026e-17,1.28281841188e-17,1.34553747931e-17,1.28453770678e-17,1.03866339822e-17,1.05553126527e-17,6.01311046721e-18,2.95453425847e-18,1.32761526717e-18,3.96932904992e-19,4.02347823153e-20],"var":[0.0100916633382,0.326301395893,3.96123743057,15.5718135834,82.9429626465,81.4269561768,58.6145744324,192.902038574,359.656097412,448.523620605,1375.41577148,1798.92346191,4273.32421875,7948.78173828,9548.37304688,18973.1269531,21197.2050781,23926.1953125,8597.63671875,7090.01025391,3464.13842773,2544.94458008,2170.81542969,670.890319824,1380.76220703,456.102172852,109.994102478,133.882720947,43.0486907959,36.981010437,10.0276641846,5.08794164658,4.73356485367,5.42426347733,1.35794007778,0.0577982440591,0.00255521642976,0.00015975550923,0.00000230231080423,2.24050400455e-9]},"erbbands_crest":{"dmean":2.55405473709,"dmean2":4.05471563339,"dvar":5.7608757019,"dvar2":13.5267791748,"max":30.2664966583,"mean":9.32591438293,"median":8.48383331299,"min":2.37949490547,"var":17.2753677368},"erbbands_flatness_db":{"dmean":0.0150502277538,"dmean2":0.0223578289151,"dvar":0.000187081488548,"dvar2":0.000372128706658,"max":0.288537591696,"mean":0.161750942469,"median":0.161769166589,"min":0.0236890688539,"var":0.00157800829038},"erbbands_kurtosis":{"dmean":0.897836208344,"dmean2":1.37462460995,"dvar":0.961382448673,"dvar2":2.10209155083,"max":16.187702179,"mean":1.04148519039,"median":0.705017209053,"min":-1.5357978344,"var":2.88130259514},"erbbands_skewness":{"dmean":0.289898902178,"dmean2":0.438929200172,"dvar":0.065454185009,"dvar2":0.145216599107,"max":3.07602667809,"mean":-0.0334183014929,"median":-0.0858691632748,"min":-2.4314057827,"var":0.372479379177},"erbbands_spread":{"dmean":5.8560757637,"dmean2":8.93759536743,"dvar":34.917098999,"dvar2":78.4298782349,"max":90.6206741333,"mean":28.2294788361,"median":25.2054443359,"min":4.28952884674,"var":175.013046265},"gfcc":{"cov":[[20998.3105469,2056.66381836,-2038.7644043,477.309814453,-975.098999023,245.951095581,-1033.48364258,16.6190643311,-792.582397461,148.154067993,-387.312072754,32.3529052734,-260.285583496],[2056.66381836,774.73223877,-216.959030151,112.202934265,-35.4416236877,19.7437572479,-62.1709938049,35.2896156311,-39.9793434143,-35.1227226257,-37.8093223572,-60.4081573486,-20.5890827179],[-2038.7644043,-216.959030151,718.748596191,99.7140960693,202.022781372,11.812412262,70.6915740967,10.7691802979,100.443481445,15.3659143448,-11.4945478439,45.9868736267,-0.955710947514],[477.309814453,112.202934265,99.7140960693,263.777069092,60.5958480835,31.0762062073,-45.3368492126,-8.63178634644,23.3209686279,5.37359619141,-23.0714969635,-5.91228723526,-24.5066642761],[-975.098999023,-35.4416236877,202.022781372,60.5958480835,239.346832275,53.0948829651,75.5279464722,18.8042526245,58.5224914551,-6.3922085762,5.15471696854,0.913968145847,14.2581300735],[245.951095581,19.7437572479,11.812412262,31.0762062073,53.0948829651,217.56022644,69.3144607544,-22.1247901917,-56.7603797913,-9.9778137207,15.7575874329,8.85958099365,5.79066562653],[-1033.48364258,-62.1709938049,70.6915740967,-45.3368492126,75.5279464722,69.3144607544,247.827911377,23.8179397583,7.10465574265,-36.26404953,41.7406082153,-13.1631689072,6.8463602066],[16.6190643311,35.2896156311,10.7691802979,-8.63178634644,18.8042526245,-22.1247901917,23.8179397583,99.4661636353,38.2168579102,0.103202916682,-3.67742848396,-15.9993848801,2.06140160561],[-792.582397461,-39.9793434143,100.443481445,23.3209686279,58.5224914551,-56.7603797913,7.10465574265,38.2168579102,141.467208862,18.7513618469,6.19976902008,-4.94285440445,1.81827974319],[148.154067993,-35.1227226257,15.3659143448,5.37359619141,-6.3922085762,-9.9778137207,-36.26404953,0.103202916682,18.7513618469,79.691947937,19.0960903168,28.8078250885,-1.4490301609],[-387.312072754,-37.8093223572,-11.4945478439,-23.0714969635,5.15471696854,15.7575874329,41.7406082153,-3.67742848396,6.19976902008,19.0960903168,82.1724014282,24.3394489288,9.75232505798],[32.3529052734,-60.4081573486,45.9868736267,-5.91228723526,0.913968145847,8.85958099365,-13.1631689072,-15.9993848801,-4.94285440445,28.8078250885,24.3394489288,83.2740631104,22.6448402405],[-260.285583496,-20.5890827179,-0.955710947514,-24.5066642761,14.2581300735,5.79066562653,6.8463602066,2.06140160561,1.81827974319,-1.4490301609,9.75232505798,22.6448402405,66.929359436]],"icov":[[0.000254967715591,-0.00036330302828,0.000509503006469,-0.000402398960432,0.000351849681465,-0.000384870712878,0.000460753362859,-0.000744975870475,0.000899857433978,-0.000612039759289,0.0010413043201,-0.000965540879406,0.000811143312603],[-0.00036330302828,0.00226029707119,-0.000174845292349,-0.000335201388225,-0.00056977616623,0.000399734242819,-0.000316019519232,0.000150614214363,-0.000886702619027,0.00139102502726,-0.00136993383057,0.00197341875173,-0.00114216457587],[0.000509503006469,-0.000174845292349,0.00337208271958,-0.00151059357449,-0.000759913411457,-0.000555790902581,0.0003606203245,-0.00146495073568,0.000994952744804,-0.00122747989371,0.00326120969839,-0.00354970316403,0.00231309700757],[-0.000402398960432,-0.000335201388225,-0.00151059357449,0.00600802805275,-0.00159247638658,-0.000481542170746,0.000655035313684,0.00201424420811,-0.00240440340713,0.000913929601666,-0.00115375162568,0.00147072481923,0.000517768785357],[0.000351849681465,-0.00056977616623,-0.000759913411457,-0.00159247638658,0.00763150351122,-0.00223961169831,-0.000635343021713,-0.00131131347734,-0.0010634426726,-0.000530044431798,0.00151557568461,-0.000562639033888,-0.00074056343874],[-0.000384870712878,0.000399734242819,-0.000555790902581,-0.000481542170746,-0.00223961169831,0.00734945340082,-0.0025858215522,0.00195998582058,0.00202224683017,0.000210783124203,-0.00201668217778,0.000996058690362,-0.00160617905203],[0.000460753362859,-0.000316019519232,0.0003606203245,0.000655035313684,-0.000635343021713,-0.0025858215522,0.0076559712179,-0.0029882544186,0.00152768183034,0.00227078539319,-0.00202082237229,-0.000293284392683,0.00200893823057],[-0.000744975870475,0.000150614214363,-0.00146495073568,0.00201424420811,-0.00131131347734,0.00195998582058,-0.0029882544186,0.014767809771,-0.00572195230052,0.000478998379549,-0.00180155003909,0.00442442903295,-0.00324226310477],[0.000899857433978,-0.000886702619027,0.000994952744804,-0.00240440340713,-0.0010634426726,0.00202224683017,0.00152768183034,-0.00572195230052,0.0147085348144,-0.00460437079892,0.00209599966183,-0.00150179525372,0.00213553779759],[-0.000612039759289,0.00139102502726,-0.00122747989371,0.000913929601666,-0.000530044431798,0.000210783124203,0.00227078539319,0.000478998379549,-0.00460437079892,0.0191627088934,-0.00668117264286,-0.00269955093972,0.000639317906462],[0.0010413043201,-0.00136993383057,0.00326120969839,-0.00115375162568,0.00151557568461,-0.00201668217778,-0.00202082237229,-0.00180155003909,0.00209599966183,-0.00668117264286,0.0213382523507,-0.00833148881793,0.00287416437641],[-0.000965540879406,0.00197341875173,-0.00354970316403,0.00147072481923,-0.000562639033888,0.000996058690362,-0.000293284392683,0.00442442903295,-0.00150179525372,-0.00269955093972,-0.00833148881793,0.0223365277052,-0.00909362453967],[0.000811143312603,-0.00114216457587,0.00231309700757,0.000517768785357,-0.00074056343874,-0.00160617905203,0.00200893823057,-0.00324226310477,0.00213553779759,0.000639317906462,0.00287416437641,-0.00909362453967,0.0207717381418]],"mean":[-0.0160025376827,72.9191207886,-141.316833496,33.4778594971,-51.5855789185,22.9419765472,-43.2132453918,2.56785964966,-35.1385612488,1.66561198235,-14.0461931229,-4.66177511215,-9.74818325043]},"hfc":{"dmean":7.1598238945,"dmean2":8.95758533478,"dvar":63.0651855469,"dvar2":93.4520492554,"max":117.029914856,"mean":27.813949585,"median":24.9162063599,"min":1.1844179492e-16,"var":373.910766602},"melbands":{"dmean":[0.000303513312247,0.000434424640844,0.000456332316389,0.000347465334926,0.000126954924781,0.000139652343933,0.00010244987061,0.0000819477427285,0.0000846667753649,0.0000835661412566,0.0000852262601256,0.0000968919339357,0.000132246306748,0.0000966937150224,0.0000988816391327,0.000130464643007,0.0000981035991572,0.0000640785438009,0.0000410273605667,0.0000296343241644,0.000023213959139,0.0000201800048671,0.0000166615209309,0.0000142017543112,0.00000807181731943,0.0000106369861896,0.00000875396835909,0.00000589946648688,0.00000300475198856,0.00000249170784627,0.00000238728443946,0.00000155976033511,0.00000142784210766,0.00000101197952063,7.25839697679e-7,5.30231886842e-7,4.9622218512e-7,5.23718824752e-7,4.54515543424e-7,4.50831208809e-7],"dmean2":[0.000472437444841,0.000736061716452,0.000784174713772,0.000576686405111,0.000197935078177,0.000224832489039,0.000165288845892,0.000125720034703,0.000129916996229,0.000132427827339,0.000132075001602,0.000149559331476,0.000207032921026,0.000142114135087,0.00014960252156,0.00019176529895,0.000146017686347,0.0000981601770036,0.0000619008715148,0.0000446060257673,0.0000343254941981,0.0000290637399303,0.0000243469621637,0.0000211907117773,0.0000120830127344,0.0000160959079949,0.0000131807601065,0.00000908716629056,0.00000464046706838,0.00000380914548259,0.00000358914326171,0.00000234224626183,0.0000021041414584,0.0000015176785837,0.00000106489767404,7.68048494137e-7,7.42079691918e-7,7.62182253311e-7,6.84718315824e-7,6.43365240194e-7],"dvar":[4.52056724498e-7,4.30575397559e-7,5.28588145698e-7,3.00433299572e-7,2.93846333932e-8,7.19617503364e-8,4.83036366461e-8,4.15467020787e-8,6.28368042044e-8,5.32909361084e-8,6.20890858727e-8,5.47409655383e-8,9.03894559201e-8,6.44543760586e-8,4.50458017554e-8,7.35089713544e-8,2.72530993328e-8,1.38086200252e-8,6.10430150871e-9,4.74886219237e-9,1.42918488155e-9,1.18119503068e-9,8.88563556067e-10,5.64501945188e-10,1.67767300052e-10,3.54587720297e-10,2.06266795311e-10,6.69176936086e-11,2.17264140706e-11,1.81686714285e-11,2.53059812688e-11,9.66934345092e-12,7.00105425022e-12,4.34920632494e-12,2.35849317506e-12,6.21583676457e-13,7.9839227677e-13,9.63568526184e-13,1.17006946666e-12,1.48684211644e-12],"dvar2":[0.00000104166406345,0.00000114851400213,0.00000144789976275,7.91542390743e-7,7.06982419274e-8,1.91038310504e-7,1.22844951989e-7,9.39126394428e-8,1.38759062907e-7,1.28661341137e-7,1.36204249657e-7,1.25552944041e-7,2.26774048429e-7,1.28419074485e-7,9.91899256064e-8,1.27082756762e-7,5.51903873713e-8,3.32665699432e-8,1.33167308292e-8,8.98443719421e-9,2.89084156613e-9,2.16965512223e-9,1.80589143639e-9,1.17273613043e-9,3.48249928894e-10,7.69555086322e-10,4.32538282968e-10,1.47264228589e-10,4.6803221021e-11,4.02027473811e-11,5.25251370176e-11,2.27934286029e-11,1.60543002503e-11,7.9318600299e-12,4.88944952234e-12,1.29902317202e-12,1.73453243955e-12,2.04329847313e-12,2.76788227754e-12,2.85946591926e-12],"max":[0.0118375597522,0.0115660596639,0.00758925359696,0.00666274270043,0.00198542303406,0.00427790777758,0.00380689254962,0.00306993816048,0.00435528066009,0.00423285039142,0.00587834324688,0.00729842996225,0.00489172013476,0.00574750127271,0.0045974412933,0.0073163267225,0.0030521734152,0.00235489243641,0.00126292998902,0.00307895871811,0.000782490940765,0.000767740129959,0.00051211664686,0.000549189106096,0.000331726798322,0.000395142938942,0.000244914350333,0.000189048441825,0.000122676312458,0.0000972106354311,0.000127560095279,0.000066520908149,0.0000410781467508,0.000102097546915,0.0000537897649338,0.0000127641542349,0.0000265441867668,0.0000220707079279,0.0000351453491021,0.0000457669339085],"mean":[0.000380270008463,0.000664090446662,0.000659310200717,0.000557957624551,0.00027053777012,0.000215004809434,0.000151185653522,0.000117857736768,0.000125410602777,0.00012080441229,0.000139418349136,0.000176460031071,0.000214574654819,0.000187100129551,0.00017353813746,0.000236669322476,0.000181633688044,0.000113506801426,0.0000761428455007,0.0000554167636437,0.0000466123747174,0.0000397061376134,0.0000335021613864,0.0000299121875287,0.0000162822088896,0.0000221279442485,0.0000187981531781,0.0000133464800456,0.00000657608234178,0.00000482474570163,0.00000462998241346,0.00000307083882944,0.00000275537104244,0.00000212827012547,0.00000145155695463,0.00000117647653042,0.00000104373702925,0.00000113420321668,9.66031052485e-7,0.0000010101788348],"median":[0.000120243937999,0.000403347541578,0.000451398111181,0.000356811564416,0.00018308928702,0.000114222719276,0.000066134831286,0.0000437207054347,0.0000321242259815,0.0000369951303583,0.0000468508915219,0.0000569419571548,0.0000612501462456,0.0000532431949978,0.000079571196693,0.000105153376353,0.0000860444270074,0.0000554895959795,0.0000358858960681,0.000027106001653,0.000022302261641,0.000020662570023,0.0000151612275658,0.0000148786039063,0.00000978296156973,0.0000130797643578,0.0000110272649181,0.00000907314461074,0.00000410336815548,0.00000291569858746,0.00000269501970251,0.00000197225062948,0.00000165242522598,0.00000118742491395,8.10495066617e-7,7.2418055197e-7,5.98761175752e-7,6.31712680388e-7,5.10480845151e-7,3.88546880004e-7],"min":[1.24320132039e-23,1.19185294412e-23,8.60716194039e-24,1.26025191777e-23,2.30670785741e-23,3.23162833612e-23,8.57496458255e-24,1.44945002958e-23,6.15272299685e-24,1.47618783888e-23,1.10842443474e-23,1.20281724296e-23,7.87497201374e-24,5.33139928209e-24,1.09939016299e-23,8.79528554476e-24,4.33340425115e-24,4.41648905384e-24,1.60600152726e-23,1.04326192072e-23,7.62908406958e-24,5.48426238172e-24,1.05973783293e-23,1.64107191652e-23,1.81864923946e-23,2.06315841252e-23,6.18790619323e-24,1.07888112052e-23,1.36279776122e-23,1.13446331327e-23,1.20318240667e-23,8.34469766203e-24,8.96584831653e-24,8.08224206114e-24,6.57222423789e-24,8.91605541619e-24,8.2185485481e-24,8.95419841868e-24,8.81371491323e-24,8.14193832129e-24],"var":[6.45621980766e-7,7.46287128095e-7,5.72359169837e-7,4.22555757496e-7,7.39464240951e-8,9.39925755006e-8,7.12082481868e-8,6.17308231199e-8,9.7992582937e-8,7.76093784793e-8,1.16293485064e-7,1.31784474888e-7,1.70943110334e-7,2.12801921862e-7,9.37162170089e-8,1.95215363874e-7,7.20527779663e-8,2.88642514334e-8,1.52223353922e-8,1.05725490585e-8,4.71636507626e-9,3.4030487317e-9,2.69402633535e-9,1.86078485953e-9,4.48725667734e-10,8.84347928221e-10,5.71594160892e-10,2.06996503271e-10,7.61848917286e-11,3.39014510908e-11,5.19279515221e-11,1.46459754047e-11,1.18062382787e-11,1.63141340714e-11,4.46226606013e-12,1.72200968762e-12,2.02127745964e-12,2.54361961181e-12,2.90619264764e-12,5.06555518018e-12]},"melbands_crest":{"dmean":2.9707736969,"dmean2":4.95241689682,"dvar":7.02870559692,"dvar2":18.1854000092,"max":33.0574645996,"mean":10.8504304886,"median":9.71925163269,"min":1.66735839844,"var":23.5016117096},"melbands_flatness_db":{"dmean":0.0179502479732,"dmean2":0.0284149609506,"dvar":0.000256232713582,"dvar2":0.000601489562541,"max":0.275416433811,"mean":0.136832624674,"median":0.13334146142,"min":0.0068671409972,"var":0.00102410325781},"melbands_kurtosis":{"dmean":2.10222053528,"dmean2":3.41395640373,"dvar":13.5173091888,"dvar2":34.1517486572,"max":71.7635726929,"mean":3.13571357727,"median":0.832625210285,"min":-1.61203944683,"var":51.3990478516},"melbands_skewness":{"dmean":0.489922404289,"dmean2":0.753284752369,"dvar":0.229856848717,"dvar2":0.517237246037,"max":7.3711848259,"mean":1.29152262211,"median":1.04021155834,"min":-1.66663563251,"var":1.48379182816},"melbands_spread":{"dmean":7.679666996,"dmean2":11.9074230194,"dvar":52.9362030029,"dvar2":121.127853394,"max":134.202575684,"mean":38.9154510498,"median":38.6760253906,"min":4.67468070984,"var":184.052139282},"mfcc":{"cov":[[11327.9013672,1495.70544434,-479.423339844,264.404724121,105.270530701,130.441329956,74.5236206055,-2.3068819046,-100.180892944,-50.1801757813,-53.7596092224,-86.0729293823,-62.8125686646],[1495.70544434,706.229064941,-72.1730575562,86.1687469482,63.949848175,10.8774709702,41.6140060425,42.3568077087,12.6039161682,38.8156318665,-2.26354289055,-49.9028739929,-1.64630103111],[-479.423339844,-72.1730575562,355.768920898,85.0016326904,79.4148254395,52.0333099365,-20.7370281219,10.2315893173,16.9060821533,-2.37423563004,-10.8829593658,19.7459182739,43.80884552],[264.404724121,86.1687469482,85.0016326904,245.337127686,97.6717681885,6.87417125702,-54.7266578674,9.07688236237,23.5405197144,32.5844650269,3.61224389076,3.27959156036,20.0652713776],[105.270530701,63.949848175,79.4148254395,97.6717681885,223.098922729,53.3328056335,-40.8369979858,-1.24175751209,34.8279838562,10.6892900467,-3.30139899254,2.85279083252,19.7130222321],[130.441329956,10.8774709702,52.0333099365,6.87417125702,53.3328056335,195.466049194,86.8418502808,28.4515323639,-1.39699041843,-24.7322902679,4.97769021988,4.13040971756,-0.95849853754],[74.5236206055,41.6140060425,-20.7370281219,-54.7266578674,-40.8369979858,86.8418502808,205.698669434,63.3785247803,-6.20170068741,-3.35542798042,9.27632522583,-17.9622077942,-18.548658371],[-2.3068819046,42.3568077087,10.2315893173,9.07688236237,-1.24175751209,28.4515323639,63.3785247803,98.3543395996,21.518863678,22.9437236786,11.3333053589,-16.3446140289,-2.0459523201],[-100.180892944,12.6039161682,16.9060821533,23.5405197144,34.8279838562,-1.39699041843,-6.20170068741,21.518863678,79.4555435181,27.0688896179,-0.235146045685,-9.78672122955,-2.12028026581],[-50.1801757813,38.8156318665,-2.37423563004,32.5844650269,10.6892900467,-24.7322902679,-3.35542798042,22.9437236786,27.0688896179,92.2098312378,24.5435256958,-20.6345291138,-15.1176614761],[-53.7596092224,-2.26354289055,-10.8829593658,3.61224389076,-3.30139899254,4.97769021988,9.27632522583,11.3333053589,-0.235146045685,24.5435256958,74.8531417847,20.6151046753,-7.77253627777],[-86.0729293823,-49.9028739929,19.7459182739,3.27959156036,2.85279083252,4.13040971756,-17.9622077942,-16.3446140289,-9.78672122955,-20.6345291138,20.6151046753,78.4778442383,34.9840965271],[-62.8125686646,-1.64630103111,43.80884552,20.0652713776,19.7130222321,-0.95849853754,-18.548658371,-2.0459523201,-2.12028026581,-15.1176614761,-7.77253627777,34.9840965271,85.6338653564]],"icov":[[0.000139389157994,-0.000277456856566,0.000169088976691,-0.000152880864334,0.0000178377522388,-0.0001255866664,0.0000297524347843,0.0000514387465955,0.000157829912496,0.000134336485644,0.000104900420411,-0.0000573479628656,0.000108961816295],[-0.000277456856566,0.00228354032151,0.000250597251579,-0.000354032672476,-0.000564656336792,0.000367514789104,-0.000539014872629,-0.000416839466197,-0.0000330543334712,-0.000534876890015,-0.000219700479647,0.00115276745055,-0.000783601368312],[0.000169088976691,0.000250597251579,0.00386790232733,-0.00117350020446,-0.000605208100751,-0.00102630571928,0.000238311447902,-0.000399570941227,0.0000381712707167,-0.0000554048237973,0.00075349357212,-0.000171134626726,-0.00127556722146],[-0.000152880864334,-0.000354032672476,-0.00117350020446,0.00608410825953,-0.00163970876019,-0.0000963384081842,0.00151700235438,-0.000900081184227,-0.0000578308208787,-0.00180370244198,-0.0000405579157814,-0.000412915280322,-0.000415575341322],[0.0000178377522388,-0.000564656336792,-0.000605208100751,-0.00163970876019,0.00694906897843,-0.00258985115215,0.00172891246621,0.000772888597567,-0.00235740048811,-0.000187827929039,0.0000252372556133,0.000308172398945,-0.000754801381845],[-0.0001255866664,0.000367514789104,-0.00102630571928,-0.0000963384081842,-0.00258985115215,0.0083311162889,-0.00387785769999,-0.000583038665354,0.000269343930995,0.00254260050133,-0.000954678456765,-0.000415159098338,0.000836597988382],[0.0000297524347843,-0.000539014872629,0.000238311447902,0.00151700235438,0.00172891246621,-0.00387785769999,0.00892996881157,-0.0045729172416,0.000828372605611,0.0000130805947265,-0.000236982610659,0.000682980520651,0.00063999107806],[0.0000514387465955,-0.000416839466197,-0.000399570941227,-0.000900081184227,0.000772888597567,-0.000583038665354,-0.0045729172416,0.0154270911589,-0.00348089728504,-0.00194715126418,-0.00197767419741,0.0025732810609,-0.00202204613015],[0.000157829912496,-0.0000330543334712,0.0000381712707167,-0.0000578308208787,-0.00235740048811,0.000269343930995,0.000828372605611,-0.00348089728504,0.0161391571164,-0.00375641370192,0.00179462775122,-0.0000676916970406,0.000678105920088],[0.000134336485644,-0.000534876890015,-0.0000554048237973,-0.00180370244198,-0.000187827929039,0.00254260050133,0.0000130805947265,-0.00194715126418,-0.00375641370192,0.0169930532575,-0.00647843489423,0.0046239043586,0.000997136463411],[0.000104900420411,-0.000219700479647,0.00075349357212,-0.0000405579157814,0.0000252372556133,-0.000954678456765,-0.000236982610659,-0.00197767419741,0.00179462775122,-0.00647843489423,0.0188617371023,-0.00874248892069,0.00376597419381],[-0.0000573479628656,0.00115276745055,-0.000171134626726,-0.000412915280322,0.000308172398945,-0.000415159098338,0.000682980520651,0.0025732810609,-0.0000676916970406,0.0046239043586,-0.00874248892069,0.0214423220605,-0.00844051782042],[0.000108961816295,-0.000783601368312,-0.00127556722146,-0.000415575341322,-0.000754801381845,0.000836597988382,0.00063999107806,-0.00202204613015,0.000678105920088,0.000997136463411,0.00376597419381,-0.00844051782042,0.0167487058789]],"mean":[-625.481811523,98.9319000244,-22.9960021973,12.930018425,8.24566268921,11.6083335876,7.5559129715,-3.26511025429,-7.44720363617,-2.80174946785,-3.47272610664,-5.33843231201,-3.34458017349]},"pitch_salience":{"dmean":0.0624919459224,"dmean2":0.102837011218,"dvar":0.00250878161751,"dvar2":0.0065572746098,"max":0.988064408302,"mean":0.586075842381,"median":0.591185688972,"min":0.270872324705,"var":0.00716856308281},"silence_rate_20dB":{"dmean":0,"dmean2":0,"dvar":0,"dvar2":0,"max":1,"mean":1,"median":1,"min":1,"var":0},"silence_rate_30dB":{"dmean":0,"dmean2":0,"dvar":0,"dvar2":0,"max":1,"mean":1,"median":1,"min":1,"var":0},"silence_rate_60dB":{"dmean":0.00436204997823,"dmean2":0.0087260035798,"dvar":0.00434306729585,"dvar2":0.0121404090896,"max":1,"mean":0.0573484525084,"median":0,"min":0,"var":0.0540592260659},"spectral_centroid":{"dmean":227.752243042,"dmean2":354.055969238,"dvar":60138.3632813,"dvar2":117473.734375,"max":11008.1777344,"mean":1858.49560547,"median":1841.29528809,"min":455.142028809,"var":215976.28125},"spectral_complexity":{"dmean":4.04580163956,"dmean2":5.79101228714,"dvar":16.5770454407,"dvar2":28.103345871,"max":57,"mean":24.6033573151,"median":25,"min":0,"var":95.1884155273},"spectral_contrast_coeffs":{"dmean":[0.0549120046198,0.0452185422182,0.0387050546706,0.0318298339844,0.022430036217,0.0165545046329],"dmean2":[0.0917329862714,0.0739017352462,0.0610858909786,0.0494501851499,0.0351098626852,0.0267156735063],"dvar":[0.00201961165294,0.00143511698116,0.00108923413791,0.000645297055598,0.000357120850822,0.000222677888814],"dvar2":[0.00548038259149,0.00365098076873,0.0025258322712,0.00151749129873,0.000801104819402,0.000522591522895],"max":[-0.352285712957,-0.520751476288,-0.47368183732,-0.554470956326,-0.62899762392,-0.620708286762],"mean":[-0.634536266327,-0.749669790268,-0.756489992142,-0.739591419697,-0.770644783974,-0.760362923145],"median":[-0.629754900932,-0.750874996185,-0.770691275597,-0.736854374409,-0.771749436855,-0.757689297199],"min":[-0.998864412308,-0.996459364891,-0.993297457695,-0.989272534847,-0.990702867508,-0.960327446461],"var":[0.00654701283202,0.00455533061177,0.00635580997914,0.00371061777696,0.00226440350525,0.00139392807614]},"spectral_contrast_valleys":{"dmean":[0.436198800802,0.351142376661,0.295256346464,0.262286216021,0.219913601875,0.236787706614],"dmean2":[0.718850672245,0.548587739468,0.460359543562,0.386646270752,0.307886481285,0.325316637754],"dvar":[0.130472764373,0.098968654871,0.0748220011592,0.0633870065212,0.0574007295072,0.0709203928709],"dvar2":[0.312381088734,0.205028176308,0.141121670604,0.1035836339,0.0777372121811,0.128600761294],"max":[-5.52015733719,-5.03697061539,-5.54096841812,-5.56844329834,-5.69819021225,-8.27514362335],"mean":[-7.7225112915,-7.12377595901,-7.32212352753,-7.34270477295,-7.34599542618,-10.0369062424],"median":[-7.40662097931,-6.85307645798,-7.05385923386,-7.0917057991,-7.09358024597,-9.84248256683],"min":[-27.2280483246,-27.7232646942,-27.4323444366,-27.2717132568,-27.3568840027,-27.2016677856],"var":[2.29137253761,2.28375959396,2.16459608078,2.1577064991,1.98180067539,1.59761190414]},"spectral_decrease":{"dmean":1.50123025122e-9,"dmean2":2.14307060986e-9,"dvar":2.64839223222e-18,"dvar2":5.17037761837e-18,"max":1.81762259052e-15,"mean":-5.35385069611e-9,"median":-4.94307528243e-9,"min":-2.35100383605e-8,"var":1.1269662521e-17},"spectral_energy":{"dmean":0.00619955826551,"dmean2":0.008704373613,"dvar":0.0000446918020316,"dvar2":0.0000841202781885,"max":0.0975289866328,"mean":0.0227293986827,"median":0.0210523251444,"min":1.07365361635e-20,"var":0.00020165272872},"spectral_energyband_high":{"dmean":0.000289648392936,"dmean2":0.000402671517804,"dvar":1.60362972679e-7,"dvar2":3.04242689708e-7,"max":0.00634935032576,"mean":0.000862503540702,"median":0.000607671914622,"min":7.68374694908e-21,"var":6.64722392685e-7},"spectral_energyband_low":{"dmean":0.00208792160265,"dmean2":0.00346832093783,"dvar":0.00000916929548112,"dvar2":0.0000232413240155,"max":0.049775287509,"mean":0.00359146762639,"median":0.0023601311259,"min":8.28136333317e-23,"var":0.0000185071003216},"spectral_energyband_middle_high":{"dmean":0.00367532111704,"dmean2":0.00490793306381,"dvar":0.0000194059648493,"dvar2":0.0000338019235642,"max":0.0625706240535,"mean":0.011896261014,"median":0.00912039913237,"min":1.6199404344e-21,"var":0.0000967108207988},"spectral_energyband_middle_low":{"dmean":0.0030952275265,"dmean2":0.00478283502162,"dvar":0.0000182709682122,"dvar2":0.0000418926720158,"max":0.0448964908719,"mean":0.00715504260734,"median":0.00548745971173,"min":4.532326746e-22,"var":0.0000373939765268},"spectral_entropy":{"dmean":0.103522762656,"dmean2":0.151120066643,"dvar":0.00934659689665,"dvar2":0.0189653374255,"max":9.80754852295,"mean":7.75128602982,"median":7.73456954956,"min":7.06491041183,"var":0.0644600093365},"spectral_flux":{"dmean":0.0192299932241,"dmean2":0.0292238034308,"dvar":0.000364285282558,"dvar2":0.000752363237552,"max":0.269919335842,"mean":0.0812566056848,"median":0.0789539441466,"min":1.03617260605e-10,"var":0.00147421052679},"spectral_kurtosis":{"dmean":1.06986653805,"dmean2":1.79621779919,"dvar":1.06553912163,"dvar2":2.93782043457,"max":13.7385559082,"mean":4.26412916183,"median":4.04498004913,"min":-1.2206788063,"var":2.58081626892},"spectral_rms":{"dmean":0.000627596455161,"dmean2":0.000865787616931,"dvar":3.80395192678e-7,"dvar2":6.72982196193e-7,"max":0.00975449755788,"mean":0.00440601957962,"median":0.0045319814235,"min":3.2364594945e-12,"var":0.00000276203240901},"spectral_rolloff":{"dmean":410.531311035,"dmean2":672.428466797,"dvar":479335.78125,"dvar2":1001187.75,"max":21748.5351563,"mean":2567.41333008,"median":1959.52148438,"min":193.798828125,"var":9703617},"spectral_skewness":{"dmean":0.156937301159,"dmean2":0.251772493124,"dvar":0.0227799694985,"dvar2":0.0534574985504,"max":2.64792537689,"mean":1.48831725121,"median":1.4888010025,"min":0.0109907416627,"var":0.0689531117678},"spectral_spread":{"dmean":359561.5625,"dmean2":538620.9375,"dvar":324865228800,"dvar2":455021133824,"max":40585752,"mean":4357134,"median":4128411.25,"min":2208028,"var":2254499479550},"spectral_strongpeak":{"dmean":1.06157803535,"dmean2":1.74554347992,"dvar":1.69589912891,"dvar2":3.77373957634,"max":14.1689720154,"mean":1.85486829281,"median":0.95150333643,"min":0,"var":4.0656876564},"zerocrossingrate":{"dmean":0.0084488093853,"dmean2":0.0103154741228,"dvar":0.00011341219215,"dvar2":0.000196997440071,"max":0.63232421875,"mean":0.0904972776771,"median":0.0771484375,"min":0.02294921875,"var":0.00623562512919}},"metadata":{"audio_properties":{"analysis_sample_rate":44100,"bit_rate":258106,"codec":"aac","downmix":"mix","equal_loudness":0,"length":106.463493347,"lossless":false,"md5_encoded":"7fc2e93cdb4106f08d1f2e60782f19bf","replay_gain":-10.8599243164,"sample_rate":44100},"tags":{"album":["The Capitol Albums, Volume 1"],"albumartistsort":["Beatles, The"],"artist":["The Beatles"],"artistsort":["Beatles, The"],"asin":["B00065XJ48"],"barcode":["724386687821"],"catalognumber":["0724 3 875348 2 7"],"date":["2004-11-16"],"discnumber":["1/4"],"discsubtitle":["Meet The Beatles!"],"encodedby":["Pro Audio Converter 1.5.1"],"file_name":"1-20 Little Child (mono) (1).m4a","genre":["Rock","Rock"],"grouping":["Classic Rock"],"isrc":["GBAYE0601428"],"label":["Capitol Records"],"language":["English"],"media":["CD"],"musicbrainz_albumartistid":["b10bbbfc-cf9e-42e0-be17-e2c3e1d2600d"],"musicbrainz_albumid":["8ed9bdd4-66e8-4b7e-b5d3-59e623d56e4f"],"musicbrainz_artistid":["b10bbbfc-cf9e-42e0-be17-e2c3e1d2600d"],"musicbrainz_recordingid":["6b03524d-fc01-4a0b-894e-160047203535"],"musicbrainz_releasegroupid":["a79a5dc0-1731-373d-bbf9-33171b9b323a"],"script":["Latn"],"title":["Little Child (mono)"],"tracknumber":["20/24"]},"version":{"essentia":"2.1-beta2","essentia_build_sha":"2d9f1f26377add8aeb1075a9c2973f962c4f09fd","essentia_git_sha":"v2.1_beta2-1-ge3940c0","extractor":"music 1.0"}},"rhythm":{"beats_count":267,"beats_loudness":{"dmean":0.0124097196385,"dmean2":0.0209732297808,"dvar":0.0000968222520896,"dvar2":0.000286812020931,"max":0.0758687257767,"mean":0.0323488339782,"median":0.0309415608644,"min":1.48199710281e-8,"var":0.000219606867176},"beats_loudness_band_ratio":{"dmean":[0.143894910812,0.0985030680895,0.092176258564,0.166045933962,0.121308982372,0.0442099608481],"dmean2":[0.258032292128,0.177868187428,0.162605106831,0.284411489964,0.2227070927