{"lowlevel":{"average_loudness":0.803649842739,"barkbands":{"dmean":[0.00000327246789311,0.000790600664914,0.000745734141674,0.000997136114165,0.00188843964133,0.000871751573868,0.000774890417233,0.000944253697526,0.00129619648214,0.000945422856603,0.000657074153423,0.00056753231911,0.000524837465491,0.000481030612718,0.000534791732207,0.000355536205461,0.000442889257101,0.000255210121395,0.000144336809171,0.0000553877798666,0.0000556492486794,0.0000218065997615,0.0000100546367321,0.0000100769011624,0.0000135418122227,0.000010061517969,0.00000387516638511],"dmean2":[0.00000520084176969,0.00133964966517,0.00130145950243,0.00168722891249,0.00293276435696,0.0013763520401,0.00127468199935,0.00147101853509,0.00199243123643,0.0014798855409,0.00101646361873,0.000866123416927,0.000788405945059,0.000773974461481,0.000862927350681,0.000578079198021,0.000695191032719,0.000412378431065,0.000229193276027,0.0000869116265676,0.0000883479224285,0.0000339074467774,0.0000149742754729,0.0000144831283251,0.0000198793659365,0.0000143368688441,0.00000512387441631],"dvar":[7.90409612761e-11,0.00000382970983992,0.00000219464391193,0.00000273933233075,0.00000891292074812,0.00000311844428325,0.00000203151171263,0.00000781710150477,0.00000786956479715,0.00000806670595921,0.0000040821996663,0.00000567231791138,0.00000344878094438,0.00000111502185973,0.00000221714549298,8.43967086439e-7,0.00000112549844289,2.71137452046e-7,5.85325565794e-8,9.13567443916e-9,8.08580846723e-9,1.81195070059e-9,8.48782211182e-10,1.79978398851e-9,4.1400394224e-9,3.81542974992e-9,1.03202293933e-10],"dvar2":[1.73435835138e-10,0.0000101594905573,0.00000618526019025,0.00000730915053282,0.0000210055532079,0.00000747935564505,0.0000054482802625,0.0000161760381161,0.0000187922378245,0.0000182916191989,0.0000089042378022,0.0000104823711808,0.0000070952992246,0.00000239948826675,0.00000514515886607,0.00000202899809665,0.00000251355959335,6.70102167533e-7,1.47633457459e-7,2.08999395568e-8,2.06752357457e-8,4.0827199399e-9,1.84674286974e-9,3.68250696603e-9,8.60512994194e-9,7.59198304223e-9,1.87021648168e-10],"max":[0.000200236812816,0.019897274673,0.0213713161647,0.0242242328823,0.0514935851097,0.0396886840463,0.0374701172113,0.0832178741693,0.0802846625447,0.0878219678998,0.0633620992303,0.0853616818786,0.0601296126842,0.0460797511041,0.0301877483726,0.0238151364028,0.0294117033482,0.0129337962717,0.00593541096896,0.00283487210982,0.00220402516425,0.00143084989395,0.000918468576856,0.00125759909861,0.00252157100476,0.00306346314028,0.000238219028688],"mean":[0.00000324187794831,0.000786798540503,0.00100322370417,0.00150915293489,0.00542524922639,0.00171715288889,0.00132052029949,0.00165249011479,0.0024857535027,0.00157067924738,0.00107189139817,0.000951771566179,0.000838617968839,0.000883941946086,0.000831683923025,0.000597361242399,0.000794768624473,0.000502321810927,0.000322338542901,0.000126186365378,0.000128881423734,0.00004629365867,0.0000196043256437,0.0000166460122273,0.0000202571281989,0.0000137656070365,0.00000641935503154],"median":[4.1823761876e-7,0.000257528503425,0.000409310683608,0.000880403793417,0.00378743489273,0.000954131130129,0.000769456091803,0.000690893852152,0.00118841219228,0.000757143076044,0.000313992728479,0.000260177097516,0.000228382778005,0.000577710918151,0.000392859510612,0.000366626918549,0.000420520780608,0.000324301159708,0.00023495912319,0.000090321584139,0.0000789948098827,0.0000247479820246,0.00000953012022364,0.00000436094751421,0.0000044545649871,0.0000016548702888,2.46274964866e-7],"min":[1.20013758107e-24,2.84780699772e-24,5.16848550288e-25,7.89735850573e-25,7.8742746607e-24,4.55089399158e-24,1.13676560382e-23,9.60261999466e-24,2.16743020475e-23,1.43946557488e-23,1.77676088316e-23,2.10627849623e-23,4.24637325067e-23,4.81218310385e-23,4.50994114543e-23,5.37857292757e-23,7.42222691198e-23,9.32297211698e-23,1.12071285238e-22,1.62090746427e-22,2.56775486827e-22,3.03918268907e-22,4.31500654756e-22,5.18150651198e-22,9.36689349404e-22,1.33360982569e-21,1.83667881953e-21],"var":[8.89981699448e-11,0.00000318873685501,0.00000249562822319,0.00000390633294955,0.0000318227830576,0.00000665500192554,0.00000368536097994,0.0000174461256393,0.0000206019085454,0.0000143395582199,0.00000963415186561,0.0000160991075973,0.00000753318954594,0.00000214930264519,0.00000326252188643,0.00000103299339571,0.00000214261081055,4.8167572686e-7,1.27812185724e-7,2.00358041269e-8,2.23306031444e-8,4.46570691537e-9,1.43508682715e-9,3.19539705806e-9,7.64533414355e-9,6.40740260849e-9,2.51736104184e-10]},"barkbands_crest":{"dmean":2.13993644714,"dmean2":3.42133927345,"dvar":4.26656866074,"dvar2":10.535815239,"max":24.5663261414,"mean":9.74171447754,"median":8.6628484726,"min":2.52253484726,"var":20.4065036774},"barkbands_flatness_db":{"dmean":0.0159573983401,"dmean2":0.0224205907434,"dvar":0.000208486992051,"dvar2":0.000404005899327,"max":0.485285133123,"mean":0.151243761182,"median":0.138019621372,"min":0.0357540622354,"var":0.00459558842704},"barkbands_kurtosis":{"dmean":1.51250553131,"dmean2":2.28133440018,"dvar":10.9666318893,"dvar2":21.6095352173,"max":198.851013184,"mean":4.15583944321,"median":0.524210929871,"min":-1.76077842712,"var":275.50970459},"barkbands_skewness":{"dmean":0.352649390697,"dmean2":0.542436361313,"dvar":0.115200743079,"dvar2":0.255756378174,"max":10.3358831406,"mean":1.16083014011,"median":0.964078903198,"min":-2.29682230949,"var":1.77790927887},"barkbands_spread":{"dmean":3.3670694828,"dmean2":5.07418012619,"dvar":12.4913549423,"dvar2":27.3388900757,"max":103.461746216,"mean":18.1661834717,"median":18.0504398346,"min":0.230045095086,"var":73.8728179932},"dissonance":{"dmean":0.0169628728181,"dmean2":0.0285520199686,"dvar":0.000283956498606,"dvar2":0.000786143471487,"max":0.500000119209,"mean":0.465020179749,"median":0.473805874586,"min":0.243044257164,"var":0.000971978704911},"dynamic_complexity":2.66177725792,"erbbands":{"dmean":[0.0105023020878,0.21804407239,0.773095548153,2.00570368767,5.41962194443,7.43140029907,5.89104747772,8.0076379776,9.4081029892,16.4431838989,20.5028400421,35.4897193909,23.4242095947,29.9613494873,21.6452522278,23.5868453979,24.5102348328,22.4206809998,24.2700214386,23.1249084473,20.2972488403,23.1409320831,12.9575357437,8.71396160126,5.84486722946,2.61599063873,3.19768452644,1.20938706398,0.744103908539,0.31362041831,0.301905751228,0.194712728262,0.191486150026,0.141280338168,0.103114373982,0.0563705265522,0.0165583807975,0.00327301886864,0.000760733208153,0.0000402066216338],"dmean2":[0.0177316237241,0.369343459606,1.32260262966,3.42135858536,8.76934528351,11.4490413666,9.28890037537,12.8388051987,15.6864442825,26.016462326,31.7306632996,53.4716415405,36.4285163879,46.078742981,32.2815742493,35.7881088257,36.4654388428,35.225769043,38.4569511414,37.1771621704,32.6241798401,36.0008468628,20.8066101074,13.8739376068,9.25856304169,4.0945687294,5.07965755463,1.87217473984,1.15059936047,0.470225602388,0.454655855894,0.282303124666,0.281608700752,0.206886351109,0.152553603053,0.0818582847714,0.0237457416952,0.00457380898297,0.00101255241316,0.0000542963898624],"dvar":[0.000662859878503,0.284940302372,2.52741527557,10.3022985458,130.858825684,138.625930786,84.391708374,372.822845459,331.311950684,1427.35620117,3861.82226562,5249.69970703,3531.17822266,9733.05957031,3916.70043945,9561.57519531,6698.62695312,2103.65429688,3065.82006836,6090.65039062,2823.1184082,3105.09912109,647.538085938,385.625396729,76.8401184082,24.2317790985,28.6500816345,3.70516324043,1.97486257553,0.734736859798,0.762525320053,0.452765911818,0.80849647522,0.359986841679,0.327687323093,0.144678786397,0.00983966700733,0.000135164751555,0.00000389859769712,9.13037645489e-9],"dvar2":[0.00173874688335,0.755167961121,6.85678386688,28.0864238739,322.012359619,315.86517334,217.473754883,917.716308594,870.165771484,3517.49072266,7571.28271484,12030.7304688,8054.73388672,21191.5507812,8075.97753906,18155.9453125,13591.3984375,4720.97558594,6297.72363281,14156.3867188,6802.62939453,6899.54394531,1617.05432129,933.199401855,190.883621216,56.1145782471,73.522895813,8.70238113403,4.49614667892,1.59602856636,1.67852878571,0.920372068882,1.69538879395,0.730345487595,0.699719250202,0.303617805243,0.0198092591017,0.000270760705462,0.00000706836362951,1.65806639529e-8],"max":[0.268349319696,5.605073452,21.3847961426,38.9970664978,208.963424683,277.392791748,225.21206665,451.218658447,432.898406982,860.837585449,2872.99780273,2078.63891602,2018.01428223,2661.3605957,1972.29223633,4124.51123047,2898.29638672,1311.7878418,2833.37036133,1894.11547852,1573.32299805,1563.28271484,703.672668457,651.280822754,258.288085938,175.163879395,148.749984741,50.3608703613,36.2873306274,37.4108581543,25.9946041107,18.721496582,30.0616703033,25.9116573334,20.4619293213,20.9991054535,4.02328872681,0.459918677807,0.0482469685376,0.00247567007318],"mean":[0.010494354181,0.226328417659,1.04739820957,3.21178984642,10.1201992035,22.856924057,15.4530038834,14.2971811295,15.6589250565,29.4656925201,39.0914649963,69.0890884399,43.917388916,49.4938392639,39.8382530212,41.4897956848,42.2002182007,43.9620437622,46.6429100037,38.0111274719,37.8437156677,44.6415710449,27.3657588959,19.0537452698,13.8329029083,6.49743700027,7.19199132919,3.0120947361,1.6854840517,0.700069725513,0.555907547474,0.330433368683,0.306389331818,0.218284502625,0.147148177028,0.074657201767,0.0225086454302,0.00511502241716,0.0012615127489,0.0000867706039571],"median":[0.00289147114381,0.0812617838383,0.43701583147,2.10648775101,5.206407547,14.3783378601,10.1648740768,7.88899040222,9.02794265747,14.0174636841,17.5176296234,31.4300556183,25.4789085388,20.9898605347,13.4350824356,12.9699420929,13.9340486526,26.9420909882,29.0490760803,19.0071105957,23.7137145996,24.7981071472,18.4088115692,13.1243782043,10.1028490067,4.81743860245,4.55891180038,1.87954616547,0.940575122833,0.387423485518,0.261312603951,0.116601385176,0.0718042626977,0.0529219582677,0.0269067306072,0.0099082486704,0.00248500821181,0.000423943973146,0.0000594923476456,0.0000349696128978],"min":[5.16952668095e-23,4.65904885695e-22,1.71583532529e-21,3.18008839287e-21,4.48840034547e-21,2.09543056827e-20,4.80503110913e-20,5.74064960699e-20,1.2180994492e-19,2.05608588399e-19,3.46234074671e-19,5.67544334704e-19,6.29062635739e-19,8.79009164796e-19,7.83307366454e-19,9.75583121697e-19,2.03894706359e-18,2.80008909155e-18,3.22125244313e-18,2.62477064226e-18,3.94398061704e-18,5.10868855623e-18,5.49907851428e-18,5.87190784151e-18,7.26770564202e-18,6.73378040895e-18,8.57362778744e-18,1.14921724514e-17,1.05026642611e-17,1.1713822114e-17,1.12230972156e-17,8.83402258991e-18,1.01267065368e-17,9.12873215291e-18,6.92187714435e-18,4.26704303631e-18,2.29978420089e-18,9.27495907365e-19,2.2803668598e-19,2.67785150718e-20],"var":[0.000590408046264,0.238277241588,2.65539240837,13.5639238358,209.944793701,711.217529297,284.328582764,670.930664062,584.341491699,2979.18066406,11468.5341797,15150.0078125,6639.21777344,18594.5371094,11937.8632812,27120.9765625,15048.3398438,4845.29394531,7936.76904297,8429.85546875,3656.30175781,6165.4453125,1227.84179688,699.365234375,213.766571045,51.7470970154,71.0812530518,12.0605688095,5.23696994781,1.42520666122,1.22364807129,0.791901826859,1.36296057701,0.678485572338,0.57251650095,0.226888015866,0.0161630362272,0.000258532701991,0.0000094775487014,2.25963017186e-8]},"erbbands_crest":{"dmean":2.6306643486,"dmean2":4.15106105804,"dvar":7.32350826263,"dvar2":17.1339187622,"max":30.9939422607,"mean":9.93155384064,"median":8.16280460358,"min":1.97501277924,"var":29.1339836121},"erbbands_flatness_db":{"dmean":0.0169799532741,"dmean2":0.022980645299,"dvar":0.000273383775493,"dvar2":0.000489063735586,"max":0.372315734625,"mean":0.197638750076,"median":0.195416077971,"min":0.0248151104897,"var":0.00243866303936},"erbbands_kurtosis":{"dmean":0.742461204529,"dmean2":1.128059268,"dvar":1.27103924751,"dvar2":2.60821223259,"max":35.8495292664,"mean":0.446910262108,"median":-0.389559745789,"min":-1.72677671909,"var":7.81332159042},"erbbands_skewness":{"dmean":0.312604278326,"dmean2":0.473671704531,"dvar":0.0836937054992,"dvar2":0.192693158984,"max":5.3285317421,"mean":0.242898494005,"median":0.129519313574,"min":-3.04026842117,"var":0.657279312611},"erbbands_spread":{"dmean":4.67095899582,"dmean2":7.06107807159,"dvar":19.7755260468,"dvar2":43.906047821,"max":112.843154907,"mean":28.1638450623,"median":28.2751960754,"min":2.10238695145,"var":117.911636353},"gfcc":{"cov":[[18497.3886719,-688.471496582,-2220.65209961,470.204986572,-848.19317627,-21.2316532135,-642.736206055,356.939727783,-383.337341309,-3.26795339584,-12.3887434006,359.984008789,84.4128723145],[-688.471496582,1340.3770752,-211.144790649,60.8238372803,63.7974090576,-176.360427856,134.478805542,-186.948822021,45.2519607544,-79.5063018799,-56.0647621155,-183.876098633,4.02328634262],[-2220.65209961,-211.144790649,1158.23242188,-233.438674927,278.030029297,108.304199219,-64.4032516479,44.0760154724,-33.6494560242,24.8722000122,3.43290090561,2.80865716934,-62.7064819336],[470.204986572,60.8238372803,-233.438674927,321.777984619,-61.1224250793,23.3842773438,11.5173921585,8.74522686005,22.4456195831,-3.99784636497,-4.32397460938,7.27941942215,40.519153595],[-848.19317627,63.7974090576,278.030029297,-61.1224250793,239.598709106,1.77671098709,59.7880859375,-14.7810230255,11.1689252853,11.3758201599,-1.3385822773,-6.74711370468,-13.605047226],[-21.2316532135,-176.360427856,108.304199219,23.3842773438,1.77671098709,182.361175537,-7.87280130386,40.4652519226,-21.9032344818,13.929271698,10.037528038,18.1738815308,-4.60887861252],[-642.736206055,134.478805542,-64.4032516479,11.5173921585,59.7880859375,-7.87280130386,192.303787231,-18.5533351898,57.25365448,3.05723547935,-8.50015163422,-23.178855896,-0.879533708096],[356.939727783,-186.948822021,44.0760154724,8.74522686005,-14.7810230255,40.4652519226,-18.5533351898,162.055297852,20.4769363403,29.5958633423,18.9976444244,35.3128509521,5.68168830872],[-383.337341309,45.2519607544,-33.6494560242,22.4456195831,11.1689252853,-21.9032344818,57.25365448,20.4769363403,112.374725342,28.5149040222,6.99365186691,-14.251039505,-3.02399611473],[-3.26795339584,-79.5063018799,24.8722000122,-3.99784636497,11.3758201599,13.929271698,3.05723547935,29.5958633423,28.5149040222,84.6515045166,24.6039638519,15.8273849487,-9.78361988068],[-12.3887434006,-56.0647621155,3.43290090561,-4.32397460938,-1.3385822773,10.037528038,-8.50015163422,18.9976444244,6.99365186691,24.6039638519,82.1505203247,40.6177940369,7.91927433014],[359.984008789,-183.876098633,2.80865716934,7.27941942215,-6.74711370468,18.1738815308,-23.178855896,35.3128509521,-14.251039505,15.8273849487,40.6177940369,98.4019546509,29.3715000153],[84.4128723145,4.02328634262,-62.7064819336,40.519153595,-13.605047226,-4.60887861252,-0.879533708096,5.68168830872,-3.02399611473,-9.78361988068,7.91927433014,29.3715000153,67.2136917114]],"icov":[[0.000120581702504,-0.000049382339057,0.000286847236566,-0.0000158126604219,-0.000010867630408,-0.0000260562210315,0.000360838370398,-0.000317591038765,0.000341210863553,-0.0000918998121051,0.000297056511045,-0.000497469387483,0.000340607162798],[-0.000049382339057,0.00144471938256,-0.0000128421979753,-0.000294424156891,-0.000431872322224,0.000900787650608,-0.000586774025578,0.000894415366929,-0.000116195929877,0.00062091043219,-0.000881659332663,0.00279275979847,-0.000999252428301],[0.000286847236566,-0.0000128421979753,0.00241180486046,0.000778011744842,-0.0021051208023,-0.00100539426785,0.00198109447956,-0.00106560927816,0.000619608385023,-0.0000269477641268,0.000813766906504,-0.00096703809686,0.0013931884896],[-0.0000158126604219,-0.000294424156891,0.000778011744842,0.0041726892814,0.0000303413289657,-0.00142090930603,0.000400088756578,-0.000142306758789,-0.00111842388287,-0.0000122058263514,0.000654843403026,-0.000299044302665,-0.00182474311441],[-0.000010867630408,-0.000431872322224,-0.0021051208023,0.0000303413289657,0.0074446266517,0.000702097720932,-0.00287513877265,0.00062212231569,0.000358692748705,-0.0010189487366,0.000193302999833,-0.00103980244603,-0.000178488888196],[-0.0000260562210315,0.000900787650608,-0.00100539426785,-0.00142090930603,0.000702097720932,0.00749506568536,-0.00150379270781,-0.000884431123268,0.00222711171955,-0.000588626775425,-0.000948695174884,0.0012982111657,0.000167546939338],[0.000360838370398,-0.000586774025578,0.00198109447956,0.000400088756578,-0.00287513877265,-0.00150379270781,0.00897535961121,-0.0004628309689,-0.00286080106162,0.000290417316137,0.00160150416195,-0.00158574327361,0.00107831228524],[-0.000317591038765,0.000894415366929,-0.00106560927816,-0.000142306758789,0.00062212231569,-0.000884431123268,-0.0004628309689,0.00908834021538,-0.00312719703652,-0.000877741433214,-0.000858636863995,0.000209249716136,-0.00153080292512],[0.000341210863553,-0.000116195929877,0.000619608385023,-0.00111842388287,0.000358692748705,0.00222711171955,-0.00286080106162,-0.00312719703652,0.0143043594435,-0.00437013059855,-0.000670926645398,0.0014996266691,0.000714135123417],[-0.0000918998121051,0.00062091043219,-0.0000269477641268,-0.0000122058263514,-0.0010189487366,-0.000588626775425,0.000290417316137,-0.000877741433214,-0.00437013059855,0.015882525593,-0.00367164704949,-0.000551775388885,0.00268081575632],[0.000297056511045,-0.000881659332663,0.000813766906504,0.000654843403026,0.000193302999833,-0.000948695174884,0.00160150416195,-0.000858636863995,-0.000670926645398,-0.00367164704949,0.017644001171,-0.00916083157063,0.00147142459173],[-0.000497469387483,0.00279275979847,-0.00096703809686,-0.000299044302665,-0.00103980244603,0.0012982111657,-0.00158574327361,0.000209249716136,0.0014996266691,-0.000551775388885,-0.00916083157063,0.0234444793314,-0.00960263516754],[0.000340607162798,-0.000999252428301,0.0013931884896,-0.00182474311441,-0.000178488888196,0.000167546939338,0.00107831228524,-0.00153080292512,0.000714135123417,0.00268081575632,0.00147142459173,-0.00960263516754,0.0214738436043]],"mean":[-24.1877174377,116.656860352,-143.778778076,12.2775430679,-47.7106781006,-11.7728004456,-35.807056427,-1.30629074574,-26.5091991425,-6.44620895386,-23.9767875671,-10.0859241486,-9.95124912262]},"hfc":{"dmean":4.70058965683,"dmean2":6.83143806458,"dvar":39.791469574,"dvar2":80.2029724121,"max":134.800918579,"mean":21.0195636749,"median":18.1817016602,"min":1.08775117436e-16,"var":229.735534668},"melbands":{"dmean":[0.00016031380801,0.000359215773642,0.000445758691058,0.000438298186054,0.00023382724612,0.000174934146344,0.000145534228068,0.000183093870874,0.000178154747118,0.000211678823689,0.000120227894513,0.000128035928356,0.000082027130702,0.0000663726677885,0.0000462095158582,0.0000613007578067,0.0000429147912655,0.0000415566028096,0.000040300485125,0.0000241364232352,0.0000269026168098,0.0000300161082123,0.0000176603316504,0.000011119715964,0.00000752857340558,0.00000547039280718,0.00000293153698294,0.00000190530829514,0.00000239678092839,0.00000134857123157,7.96256586e-7,5.69529049699e-7,2.51433107223e-7,1.69380967918e-7,1.89552707752e-7,1.5213275617e-7,1.19993458725e-7,1.36471172141e-7,1.48473290551e-7,1.15735900863e-7],"dmean2":[0.000272609322565,0.000604065193329,0.000744800374378,0.000684561149683,0.000364163162885,0.00027882528957,0.000241246219957,0.000286739232251,0.000275410391623,0.000319615326589,0.000187200348591,0.000196920038434,0.000124656420667,0.0000986739250948,0.0000705369457137,0.0000922542967601,0.0000683854959789,0.0000660825244267,0.0000647060223855,0.0000390399618482,0.0000433374552813,0.000046787023166,0.0000285583773803,0.000017990163542,0.0000121382390716,0.00000872213331604,0.00000465638822789,0.00000303454226014,0.00000384102850148,0.00000215456157093,0.00000126149654989,8.95902019238e-7,3.90546347262e-7,2.5882599175e-7,2.90091492161e-7,2.31511904758e-7,1.76347910497e-7,2.04297492701e-7,2.19786073785e-7,1.72525503217e-7],"dvar":[1.58098103498e-7,5.77096102461e-7,5.73695047024e-7,5.19927368714e-7,1.19245768815e-7,1.57405409595e-7,7.45010879655e-8,2.07424704968e-7,2.75583744269e-7,1.78478558155e-7,1.04941037193e-7,1.75070951514e-7,5.00865517949e-8,9.42693105799e-8,2.07562838028e-8,5.10428002087e-8,7.05649139121e-9,1.13326041884e-8,1.66055258433e-8,4.22696055935e-9,4.05490041544e-9,6.43254693955e-9,1.89026883035e-9,6.80960232646e-10,3.11774162043e-10,8.45065059596e-11,2.07872261071e-11,1.86329823099e-11,1.66238949689e-11,5.62187666212e-12,2.05866422e-12,1.25414359887e-12,3.4884576239e-13,2.5772976418e-13,3.07268750374e-13,2.35049338933e-13,1.7582403632e-13,3.97597943068e-13,4.64926979294e-13,2.44107116248e-13],"dvar2":[4.20503511123e-7,0.0000015071643702,0.00000148028857438,0.00000124424786918,2.96920291021e-7,3.85144033999e-7,1.96466118041e-7,4.86699946123e-7,5.60519254122e-7,4.07092841215e-7,2.38758360638e-7,3.81311565434e-7,1.08761831541e-7,1.69132661654e-7,4.47815722282e-8,1.05890663349e-7,1.60593742748e-8,2.27202772152e-8,3.85096114996e-8,9.9873576076e-9,9.77865965979e-9,1.41993057312e-8,4.55237669783e-9,1.69877190093e-9,7.5497358365e-10,2.19180631977e-10,4.96199088762e-11,4.34585457898e-11,4.20188328576e-11,1.41407189777e-11,4.93834140247e-12,2.95628604062e-12,7.74585907568e-13,5.95988969981e-13,7.10366823958e-13,5.10896392466e-13,3.60402788342e-13,8.48013011808e-13,1.00991957852e-12,5.03972189501e-13],"max":[0.00375529238954,0.00900585856289,0.00981982052326,0.0111075052992,0.00818494521081,0.00917997118086,0.00555905187503,0.0103491581976,0.0273143835366,0.0116667365655,0.0110872583464,0.0123909786344,0.00503703113645,0.0126508884132,0.00525536900386,0.00792871229351,0.00221685995348,0.00598275242373,0.00308245955966,0.00151095644105,0.00177910784259,0.0022525715176,0.00146245793439,0.00100128387567,0.000584776396863,0.000296899757814,0.000140118907439,0.00016604133998,0.0000897904392332,0.0000696508795954,0.000048414003686,0.0000277007511613,0.000020470642994,0.0000248347078013,0.0000181353370863,0.0000151528229253,0.0000109680768219,0.0000192021943803,0.0000215125382965,0.0000250089797191],"mean":[0.000158285038196,0.000472019775771,0.000745363533497,0.00119984801859,0.000692128494848,0.000320772232953,0.000244081573328,0.000321395375067,0.000341870618286,0.000405536062317,0.000207762961509,0.000203403760679,0.000142744349432,0.000108417327283,0.0000832980877021,0.0000981503544608,0.0000778045141487,0.0000750122126192,0.0000619008933427,0.0000385604180337,0.000047155052016,0.0000509912642883,0.0000312333795591,0.0000206603999686,0.0000148238214024,0.0000117135614346,0.00000640171992927,0.00000380239885089,0.00000487774832436,0.00000279861114905,0.00000157377405685,0.00000115623618058,4.84517556743e-7,3.38227266639e-7,3.30648816771e-7,2.53779859349e-7,1.84203585718e-7,2.10183884519e-7,2.15606192455e-7,1.72563858314e-7],"median":[0.000048955258535,0.000194450345589,0.000458069262095,0.000841769040562,0.000465017947135,0.000180675415322,0.000141093405546,0.000146996128024,0.000153078057338,0.00018348894082,0.000108880420157,0.0000828387201182,0.0000438710994786,0.0000306011024804,0.000028029540772,0.0000316257246595,0.0000476878631162,0.0000454487308161,0.0000288891988021,0.0000204824627872,0.0000275925012829,0.0000250466146099,0.0000183188440133,0.0000127966268337,0.00000976066439762,0.00000833448848425,0.00000439207678937,0.00000251655910688,0.00000298546115118,0.00000164463222063,8.69997109021e-7,5.86411090353e-7,2.68960405947e-7,1.60341116384e-7,1.52064970393e-7,1.05114118298e-7,5.2291266428e-8,4.76547334927e-8,4.62066829243e-8,4.20710151161e-8],"min":[6.66871060407e-25,1.00388821634e-24,9.22547387892e-25,1.23040508932e-24,2.2728514462e-24,1.12232276366e-24,2.07066087416e-24,2.44465292679e-24,2.52255984372e-24,3.40438879548e-24,2.74696197783e-24,2.91121031248e-24,2.28251479507e-24,2.48462450886e-24,2.12790535461e-24,3.8339472242e-24,4.39101831293e-24,4.8646085908e-24,3.29346331651e-24,2.9443024358e-24,3.2758610687e-24,4.5289557698e-24,4.72091836577e-24,4.24672618704e-24,4.05397196915e-24,4.49090388075e-24,5.16914558225e-24,3.8838821195e-24,4.93292197304e-24,4.7706943056e-24,5.60634965086e-24,5.54231268359e-24,4.54856961292e-24,5.33735044876e-24,5.01907544465e-24,5.79207432922e-24,5.01027294024e-24,7.529038363e-24,5.57918128128e-24,6.32499049703e-24],"var":[1.32663060981e-7,5.95414121562e-7,7.82788902143e-7,0.00000159352475748,5.48938885458e-7,2.9672258961e-7,1.36340034373e-7,4.27252871305e-7,9.08436732061e-7,5.14239957283e-7,1.91471144717e-7,3.28337875999e-7,1.50677635702e-7,2.52965350001e-7,5.37136450873e-8,1.05044748011e-7,1.46081582386e-8,2.87255819131e-8,2.15896456268e-8,6.13753936562e-9,5.64738567022e-9,1.15075886598e-8,2.8913058614e-9,1.108009684e-9,5.13977305161e-10,1.76124448359e-10,5.90799631439e-11,3.01881922238e-11,3.70600182487e-11,1.27605096628e-11,4.76983990499e-12,3.00399028569e-12,6.43181851095e-13,4.40224652521e-13,4.51268308745e-13,3.66360235335e-13,3.03299675956e-13,6.57499716564e-13,7.18217423468e-13,4.59520822001e-13]},"melbands_crest":{"dmean":2.53550410271,"dmean2":4.12405586243,"dvar":6.02309703827,"dvar2":15.3367929459,"max":34.6491775513,"mean":12.5575771332,"median":11.0929660797,"min":1.59948348999,"var":36.131362915},"melbands_flatness_db":{"dmean":0.017343821004,"dmean2":0.0257094837725,"dvar":0.000274576130323,"dvar2":0.000602541316766,"max":0.621140599251,"mean":0.205645173788,"median":0.18849362433,"min":0.00243715685792,"var":0.00713211158291},"melbands_kurtosis":{"dmean":2.67978811264,"dmean2":4.14581394196,"dvar":24.9432029724,"dvar2":55.9070587158,"max":253.912414551,"mean":7.70721769333,"median":3.03174734116,"min":-1.74263262749,"var":392.499237061},"melbands_skewness":{"dmean":0.434207111597,"dmean2":0.666097342968,"dvar":0.179214537144,"dvar2":0.409458428621,"max":11.8406763077,"mean":1.82631003857,"median":1.59254062176,"min":-1.63453090191,"var":2.05457949638},"melbands_spread":{"dmean":5.0478978157,"dmean2":7.88132762909,"dvar":30.0213012695,"dvar2":70.6761016846,"max":153.000839233,"mean":24.4191474915,"median":22.849861145,"min":0.268530339003,"var":204.727249146},"mfcc":{"cov":[[9407.95019531,-276.023864746,-1233.86047363,351.630584717,-148.587615967,-239.199813843,-64.5311203003,145.345733643,7.47242498398,-114.049346924,-36.5129051208,58.9406356812,64.498008728],[-276.023864746,959.247497559,-49.7084388733,115.879447937,-29.2601585388,5.39785003662,-8.68385887146,-50.2691345215,0.556505560875,14.4371042252,-10.0552740097,-29.5694389343,-49.7082557678],[-1233.86047363,-49.7084388733,701.323730469,-146.990097046,212.574798584,28.5450611115,43.918182373,-8.62681102753,-40.4161605835,3.39521193504,-6.85000753403,-20.4448738098,-4.07845163345],[351.630584717,115.879447937,-146.990097046,253.462875366,-32.8140182495,31.6163520813,-24.4461936951,15.1632356644,31.1006851196,2.39770317078,12.0288677216,-4.56804656982,-10.8195390701],[-148.587615967,-29.2601585388,212.574798584,-32.8140182495,199.729064941,-5.14459371567,31.451997757,4.33010196686,-13.3858242035,-0.717586696148,-7.63836479187,2.85784983635,15.7657289505],[-239.199813843,5.39785003662,28.5450611115,31.6163520813,-5.14459371567,156.986633301,27.7747840881,0.173808112741,5.02168560028,2.44514322281,-2.70423841476,-6.60918045044,-9.53837490082],[-64.5311203003,-8.68385887146,43.918182373,-24.4461936951,31.451997757,27.7747840881,101.164970398,29.5546855927,5.60886621475,1.51114785671,1.96386551857,6.95802259445,6.75481796265],[145.345733643,-50.2691345215,-8.62681102753,15.1632356644,4.33010196686,0.173808112741,29.5546855927,86.7181167603,28.9700927734,8.35841369629,1.66405498981,6.66763401031,13.4791688919],[7.47242498398,0.556505560875,-40.4161605835,31.1006851196,-13.3858242035,5.02168560028,5.60886621475,28.9700927734,90.6076889038,38.1046028137,16.3578929901,2.97916936874,-0.0100798066705],[-114.049346924,14.4371042252,3.39521193504,2.39770317078,-0.717586696148,2.44514322281,1.51114785671,8.35841369629,38.1046028137,78.7843017578,35.5381393433,7.16491746902,2.76074934006],[-36.5129051208,-10.0552740097,-6.85000753403,12.0288677216,-7.63836479187,-2.70423841476,1.96386551857,1.66405498981,16.3578929901,35.5381393433,78.2043914795,31.4848213196,11.6587305069],[58.9406356812,-29.5694389343,-20.4448738098,-4.56804656982,2.85784983635,-6.60918045044,6.95802259445,6.66763401031,2.97916936874,7.16491746902,31.4848213196,71.4016571045,32.3959007263],[64.498008728,-49.7082557678,-4.07845163345,-10.8195390701,15.7657289505,-9.53837490082,6.75481796265,13.4791688919,-0.0100798066705,2.76074934006,11.6587305069,32.3959007263,69.76121521]],"icov":[[0.00016237377713,0.0000552250457986,0.000327121349983,-0.000116801616969,-0.00022028129024,0.000193642423255,0.0000142826647789,-0.000242640788201,0.000136155140353,0.000156042646267,0.0000239475612034,-0.00001228597921,0.00000754298798711],[0.0000552250457986,0.00123106932733,0.0000469751794299,-0.000741554948036,0.000092426482297,0.000310393894324,-0.000455913948826,0.000800416572019,0.00016664355644,-0.000498999957927,0.000411833054386,0.0000319299688272,0.000561032327823],[0.000327121349983,0.0000469751794299,0.00322366179898,0.00108317378908,-0.00305742630735,-0.000419353600591,0.000228318720474,-0.000761154631618,0.000874730292708,0.000157617992954,-0.00072373956209,0.000893186195754,0.000546140712686],[-0.000116801616969,-0.000741554948036,0.00108317378908,0.00575055042282,-0.000946399057284,-0.00184167560656,0.0020361803472,-0.00153318373486,-0.00140663445927,0.00132589461282,-0.00181024696212,0.00078505842248,0.000481241673697],[-0.00022028129024,0.000092426482297,-0.00305742630735,-0.000946399057284,0.00849487166852,0.000951931520831,-0.00205954513513,0.000894830503967,0.000105576677015,-0.000815904175397,0.00156092445832,-0.000674517825246,-0.00173445942346],[0.000193642423255,0.000310393894324,-0.000419353600591,-0.00184167560656,0.000951931520831,0.00768945040181,-0.00285353907384,0.000981075572781,0.0000161838361237,-0.00040990425623,0.000890877272468,0.00000197688223125,0.000521385401953],[0.0000142826647789,-0.000455913948826,0.000228318720474,0.0020361803472,-0.00205954513513,-0.00285353907384,0.0131841646507,-0.00500650284812,-0.000159089555382,0.000973015849013,-0.00100861373357,-0.000758860609494,0.000239561020862],[-0.000242640788201,0.000800416572019,-0.000761154631618,-0.00153318373486,0.000894830503967,0.000981075572781,-0.00500650284812,0.0162217374891,-0.00470669567585,-0.000443918979727,0.00167066184804,-0.000167720630998,-0.00238970969804],[0.000136155140353,0.00016664355644,0.000874730292708,-0.00140663445927,0.000105576677015,0.0000161838361237,-0.000159089555382,-0.00470669567585,0.0165201090276,-0.0074725355953,0.000256876286585,0.0000888564463821,0.00094293022994],[0.000156042646267,-0.000498999957927,0.000157617992954,0.00132589461282,-0.000815904175397,-0.00040990425623,0.000973015849013,-0.000443918979727,-0.0074725355953,0.020389597863,-0.00875924155116,0.0020794714801,-0.000474854721688],[0.0000239475612034,0.000411833054386,-0.00072373956209,-0.00181024696212,0.00156092445832,0.000890877272468,-0.00100861373357,0.00167066184804,0.000256876286585,-0.00875924155116,0.0205647945404,-0.00858655851334,0.000389414199162],[-0.00001228597921,0.0000319299688272,0.000893186195754,0.00078505842248,-0.000674517825246,0.00000197688223125,-0.000758860609494,-0.000167720630998,0.0000888564463821,0.0020794714801,-0.00858655851334,0.0217911396176,-0.00830001290888],[0.00000754298798711,0.000561032327823,0.000546140712686,0.000481241673697,-0.00173445942346,0.000521385401953,0.000239561020862,-0.00238970969804,0.00094293022994,-0.000474854721688,0.000389414199162,-0.00830001290888,0.0195440072566]],"mean":[-655.149841309,150.35534668,-35.5593681335,23.1234493256,-3.96234321594,-5.64002418518,-6.43605947495,-5.35925769806,-0.448414295912,-3.28196549416,-5.35319280624,-7.59784269333,-12.2551221848]},"pitch_salience":{"dmean":0.0585798323154,"dmean2":0.094016931951,"dvar":0.00263054389507,"dvar2":0.00662659667432,"max":0.982998132706,"mean":0.580577194691,"median":0.600116729736,"min":0.0446195155382,"var":0.0166809521616},"silence_rate_20dB":{"dmean":0,"dmean2":0,"dvar":0,"dvar2":0,"max":1,"mean":1,"median":1,"min":1,"var":0},"silence_rate_30dB":{"dmean":0.00100959115662,"dmean2":0.00201935204677,"dvar":0.00100853631739,"dvar2":0.00252004666254,"max":1,"mean":0.998317480087,"median":1,"min":0,"var":0.00167961453553},"silence_rate_60dB":{"dmean":0.00572101632133,"dmean2":0.0114429956302,"dvar":0.00568975275382,"dvar2":0.0129939187318,"max":1,"mean":0.0586354844272,"median":0,"min":0,"var":0.055193182081},"spectral_centroid":{"dmean":173.989929199,"dmean2":267.140106201,"dvar":41861.5507812,"dvar2":92137.8359375,"max":11711.6455078,"mean":1310.02502441,"median":1252.86096191,"min":160.601791382,"var":800790.625},"spectral_complexity":{"dmean":3.10112738609,"dmean2":4.81665945053,"dvar":8.13531017303,"dvar2":17.8288211823,"max":49,"mean":23.751493454,"median":25,"min":0,"var":79.941619873},"spectral_contrast_coeffs":{"dmean":[0.0494516380131,0.0443144105375,0.0395061634481,0.0296356938779,0.0209912564605,0.0192752406001],"dmean2":[0.080140940845,0.0731881186366,0.06274151057,0.0480374656618,0.0340017415583,0.0291458014399],"dvar":[0.00184755178634,0.00125665403903,0.00102378090378,0.000612222414929,0.000302642467432,0.000340959988534],"dvar2":[0.00466093188152,0.00336011731997,0.00255008437671,0.00152042321861,0.000758223701268,0.000700519885868],"max":[-0.267929792404,-0.446499824524,-0.458647966385,-0.55868268013,-0.593376755714,-0.552938878536],"mean":[-0.563509404659,-0.747344315052,-0.742679417133,-0.774130940437,-0.777875781059,-0.733298778534],"median":[-0.560301959515,-0.752124011517,-0.75086081028,-0.778955578804,-0.778531908989,-0.731640934944],"min":[-0.984633743763,-0.976936817169,-0.976724565029,-0.98052239418,-0.972893416882,-0.965431451797],"var":[0.00862551294267,0.00435394002125,0.00484389159828,0.00259675062262,0.00188230338972,0.00364015856758]},"spectral_contrast_valleys":{"dmean":[0.445088237524,0.316905796528,0.282032191753,0.234077677131,0.190163612366,0.264457553625],"dmean2":[0.720854997635,0.523037314415,0.456145763397,0.372901111841,0.285285532475,0.32514411211],"dvar":[0.156960099936,0.0749837458134,0.0621904097497,0.0502102375031,0.0439591370523,0.0963801369071],"dvar2":[0.371154397726,0.180716812611,0.139467582107,0.102973647416,0.0761115923524,0.148116454482],"max":[-5.58509254456,-4.9405579567,-5.38299560547,-5.63059043884,-5.97599840164,-8.34365653992],"mean":[-7.91886758804,-6.62277317047,-7.16927433014,-7.48355007172,-7.6176533699,-11.2844705582],"median":[-7.64535188675,-6.27482509613,-6.80284404755,-7.1055560112,-7.17798948288,-10.9226388931],"min":[-28.1662998199,-27.8576812744,-27.7686061859,-27.6071662903,-27.5685005188,-27.3882808685],"var":[3.47246170044,3.69775176048,3.68750095367,3.61025643349,3.91148257256,3.13779616356]},"spectral_decrease":{"dmean":1.45908540805e-9,"dmean2":2.21681784041e-9,"dvar":3.13830215092e-18,"dvar2":6.84800536615e-18,"max":1.70499231673e-28,"mean":-6.02518746007e-9,"median":-5.44274758596e-9,"min":-4.42478480522e-8,"var":1.46705659787e-17},"spectral_energy":{"dmean":0.00583822233602,"dmean2":0.00882647931576,"dvar":0.0000498289045936,"dvar2":0.000107684085378,"max":0.177200898528,"mean":0.0246470943093,"median":0.0223473906517,"min":9.99757307078e-21,"var":0.000243418267928},"spectral_energyband_high":{"dmean":0.000114704293082,"dmean2":0.000165245393873,"dvar":4.42855636607e-8,"dvar2":8.98234588931e-8,"max":0.00525700859725,"mean":0.00032082395046,"median":0.000230651159654,"min":6.97433779182e-21,"var":1.30621600647e-7},"spectral_energyband_low":{"dmean":0.00162904022727,"dmean2":0.00269821356051,"dvar":0.0000103257398223,"dvar2":0.0000263088240899,"max":0.0345584787428,"mean":0.00238751387224,"median":0.00129423837643,"min":1.06662813851e-23,"var":0.0000113680162031},"spectral_energyband_middle_high":{"dmean":0.00251793139614,"dmean2":0.00369700696319,"dvar":0.0000197180233954,"dvar2":0.0000396268333134,"max":0.0934350341558,"mean":0.00825670547783,"median":0.00581202469766,"min":1.09624039286e-21,"var":0.0000811877253},"spectral_energyband_middle_low":{"dmean":0.00416145799682,"dmean2":0.00646568043157,"dvar":0.0000299489620375,"dvar2":0.00006938540173,"max":0.1660412848,"mean":0.0145337535068,"median":0.0125638926402,"min":1.55875431262e-22,"var":0.000113933994726},"spectral_entropy":{"dmean":0.106891185045,"dmean2":0.153035268188,"dvar":0.010361273773,"dvar2":0.0196317620575,"max":9.8188495636,"mean":7.34237527847,"median":7.46336984634,"min":3.94654655457,"var":0.387158811092},"spectral_flux":{"dmean":0.0186793841422,"dmean2":0.028580840677,"dvar":0.000402342295274,"dvar2":0.000900972285308,"max":0.293722718954,"mean":0.0773235186934,"median":0.0720235928893,"min":6.39018629678e-11,"var":0.00172226922587},"spectral_kurtosis":{"dmean":2.66251945496,"dmean2":4.56464767456,"dvar":11.7844104767,"dvar2":32.7867126465,"max":94.002204895,"mean":8.59965133667,"median":6.41204833984,"min":-1.27772784233,"var":103.245635986},"spectral_rms":{"dmean":0.000545815972146,"dmean2":0.000816320360173,"dvar":3.33281974463e-7,"dvar2":7.10064796294e-7,"max":0.0131483431906,"mean":0.00462701544166,"median":0.00466929655522,"min":3.12309618271e-12,"var":0.00000263653896582},"spectral_rolloff":{"dmean":320.999908447,"dmean2":535.756530762,"dvar":279160.5,"dvar2":670280.1875,"max":19702.8808594,"mean":1590.42614746,"median":1507.32421875,"min":86.1328125,"var":2573919.75},"spectral_skewness":{"dmean":0.263712853193,"dmean2":0.436917930841,"dvar":0.0691537857056,"dvar2":0.187146142125,"max":8.49579143524,"mean":1.81539654732,"median":1.64750027657,"min":-0.0725796148181,"var":0.909426391125},"spectral_spread":{"dmean":323327.8125,"dmean2":460526.84375,"dvar":459056349184,"dvar2":933564383232,"max":52688892,"mean":3297176,"median":2903268.25,"min":1076895.125,"var":10088629665800},"spectral_strongpeak":{"dmean":0.696185112,"dmean2":1.15737199783,"dvar":1.36776316166,"dvar2":3.15963029861,"max":14.7773561478,"mean":1.44924426079,"median":0.88055562973,"min":0,"var":2.9445400238},"zerocrossingrate":{"dmean":0.00622922135517,"dmean2":0.00761291477829,"dvar":0.0000682409081492,"dvar2":0.000104517035652,"max":0.52783203125,"mean":0.0566044785082,"median":0.052734375,"min":0.0068359375,"var":0.00179983046837}},"metadata":{"audio_properties":{"analysis_sample_rate":44100,"bit_rate":261554,"codec":"mp3","downmix":"mix","equal_loudness":0,"length":275.983673096,"lossless":false,"md5_encoded":"6e00f0aab0c6a4836c46a60812c06eb2","replay_gain":-8.07159614563,"sample_rate":44100},"tags":{"acoustid_id":["87353d6b-de04-4e2e-b9e5-afe35c8cd4da"],"album":["Long John Silver"],"albumartist":["Jefferson Airplane"],"albumartistsort":["Jefferson Airplane"],"artist":["Jefferson Airplane"],"artists":["Jefferson Airplane"],"artistsort":["Jefferson Airplane"],"asin":["B000059L9A"],"barcode":["743218354328"],"catalognumber":["74321835432"],"date":["2000"],"file_name":"09 - Eat Starch Mom.mp3","label":["RCA"],"media":["CD"],"musicbrainz album release country":["XE"],"musicbrainz album status":["official"],"musicbrainz album type":["album"],"musicbrainz release track id":["fb105706-a543-36c5-a0c7-849e9d986097"],"musicbrainz_albumartistid":["39c2a93d-9afa-4a22-9bba-c087ab056e1c"],"musicbrainz_albumid":["3ebb35bc-f58c-3b3c-852f-b4c52c623576"],"musicbrainz_artistid":["39c2a93d-9afa-4a22-9bba-c087ab056e1c"],"musicbrainz_recordingid":["6b7d10be-fcbc-4370-a905-596632b4b79f"],"musicbrainz_releasegroupid":["6e01fe59-f48a-337c-95e6-d67e22900bba"],"originaldate":["1972"],"script":["Latn"],"title":["Eat Starch Mom"],"tracknumber":["9/9"]},"version":{"essentia":"2.1-beta1","essentia_build_sha":"65e368e5454dd45657e4cc002e00185f437e13e1","essentia_git_sha":"v2.1_beta1-28-g21ef5f4","extractor":"music 1.0"}},"rhythm":{"beats_count":444,"beats_loudness":{"dmean":0.0135073959827,"dmean2":0.0234657377005,"dvar":0.000190187594853,"dvar2":0.000575766141992,"max":0.123404614627,"mean":0.0304387360811,"median":0.0292189009488,"min":0,"var":0.00030865779263},"beats_loudness_band_ratio":{"d