{"lowlevel":{"average_loudness":0.891232728958,"barkbands":{"dmean":[0.0000711333705112,0.00133066403214,0.00179641926661,0.00172518519685,0.00209891446866,0.001741784974,0.000713813235052,0.000511337595526,0.00055490230443,0.000479057664052,0.000215061983909,0.000277042126982,0.000252472498687,0.000258401123574,0.000339092424838,0.000452764594229,0.000416525814217,0.000220634639845,0.000138671690365,0.0000609216986049,0.0000348257635778,0.0000354843832611,0.0000263090805674,0.0000216988155444,0.0000124792404677,0.00000327703128278,9.46527412005e-10],"dmean2":[0.000119154261483,0.00227784318849,0.00309930811636,0.00290773110464,0.00351940537803,0.00287475530058,0.00114008353557,0.000787197903264,0.000847241492011,0.000725921767298,0.00033919949783,0.000422755489126,0.000388819782529,0.000392637186451,0.000524700037204,0.000725127290934,0.000650693604257,0.000340731727192,0.00021189537074,0.0000904288972379,0.000051934588555,0.0000513897284691,0.000037097994209,0.0000297623173537,0.0000165013116202,0.00000454001201433,1.75155157045e-9],"dvar":[1.27146835283e-8,0.00000599628538112,0.00000962637204793,0.00000663014134261,0.00000814222858025,0.00000698146550349,0.0000020038414732,7.47493231756e-7,9.46641478095e-7,8.8952117494e-7,1.78303523057e-7,6.69092685257e-7,3.55477624225e-7,4.50977324817e-7,6.74517991683e-7,6.77933144289e-7,7.32862304176e-7,1.78792063821e-7,7.2275867069e-8,1.67682969732e-8,3.74715591889e-9,5.15734521755e-9,2.97736613142e-9,2.73420042163e-9,6.99613589283e-10,7.04875047219e-11,1.88833753317e-18],"dvar2":[3.15806580886e-8,0.0000163775239344,0.0000263129786617,0.0000173760599864,0.0000217929609789,0.0000184728887689,0.00000484879456053,0.00000180140182238,0.00000220115975935,0.00000176838659627,3.84649524676e-7,0.00000140470478982,7.18939588751e-7,9.07342041501e-7,0.00000149549396156,0.00000164337814113,0.00000166742790952,4.00388813659e-7,1.62514311342e-7,3.52776972079e-8,8.08890021631e-9,1.1152870627e-8,6.1975224952e-9,5.43222888894e-9,1.21280674392e-9,1.34474750779e-10,5.94863876949e-18],"max":[0.00149718998,0.0284481942654,0.0379899442196,0.0339104905725,0.0398785695434,0.0383686088026,0.0393539108336,0.0155305098742,0.0180398840457,0.0214622411877,0.0132502280176,0.0282350964844,0.0135212000459,0.0149163659662,0.0204951651394,0.0277007278055,0.0210798084736,0.0106009263545,0.00742945633829,0.00373617792502,0.000789440760855,0.00174984335899,0.00208436790854,0.00187554070726,0.00048758884077,0.000192863430129,1.42775817835e-8],"mean":[0.000079052617366,0.00181908428203,0.00301105598919,0.00261923950166,0.00369986752048,0.00350790144876,0.00130576628726,0.00108618417289,0.00117633782793,0.00100548996124,0.000439184223069,0.000490458623972,0.000475581269711,0.000469872291433,0.000607260968536,0.000826922245324,0.000799340370577,0.000441255629994,0.000281092972727,0.000108052445285,0.0000618920457782,0.0000616014076513,0.0000483519470436,0.0000380194178433,0.0000202355968213,0.00000452998256151,7.88767884341e-10],"median":[0.0000427713348472,0.00108308380004,0.00147219980136,0.00128842471167,0.00267100147903,0.00233816541731,0.000660010613501,0.000604539120104,0.000559236330446,0.000476411310956,0.000250384269748,0.000183233700227,0.000188535981579,0.000181891329703,0.000223354261834,0.000346532673575,0.000296799931675,0.000182887393748,0.000119623233331,0.0000411616238125,0.0000287492894131,0.0000209178433579,0.0000125875076264,0.00000786743112258,0.00000308914786729,3.4993328768e-7,3.09593350956e-10],"min":[3.24729542924e-23,3.0408700941e-23,1.742777702e-23,8.64315608578e-24,8.6333631665e-24,4.84495143922e-23,2.5499788344e-23,2.6093066965e-23,3.62806186434e-23,4.66179213652e-23,4.20571851505e-23,4.83408188258e-23,6.7176182447e-23,1.16127254603e-22,1.03236194561e-22,1.59031253536e-22,1.89284435283e-22,2.14980070968e-22,3.06991241853e-22,2.92375555167e-22,4.94469072067e-22,4.24413679845e-22,4.73687067944e-22,7.26214242185e-22,9.8727923907e-22,1.38787164198e-21,2.26641429388e-21],"var":[1.32744180092e-8,0.00000571658029003,0.0000158952589118,0.0000113769774543,0.000013451290215,0.0000153360851982,0.00000374799287783,0.00000196724181478,0.00000266317738351,0.00000307283494294,3.84934708109e-7,0.00000172239538188,8.71552117587e-7,0.00000118140235372,0.00000176944377017,0.00000201424563784,0.00000218172090172,5.69797236949e-7,2.21598114081e-7,4.02507964736e-8,7.57828200193e-9,1.03613384539e-8,6.66132216054e-9,6.07261219088e-9,1.59702417957e-9,1.28545410427e-10,1.49623696562e-18]},"barkbands_crest":{"dmean":1.99132430553,"dmean2":3.32112145424,"dvar":3.44543194771,"dvar2":8.99248504639,"max":24.2948894501,"mean":8.4092798233,"median":7.82941579819,"min":2.70352697372,"var":9.73104190826},"barkbands_flatness_db":{"dmean":0.019656535238,"dmean2":0.0295912995934,"dvar":0.000381599442335,"dvar2":0.000813268939964,"max":0.429056823254,"mean":0.162696138024,"median":0.156092599034,"min":0.0213330108672,"var":0.00224250787869},"barkbands_kurtosis":{"dmean":2.43572115898,"dmean2":3.96833539009,"dvar":60.4741134644,"dvar2":169.775238037,"max":273.588806152,"mean":3.69631505013,"median":1.70231437683,"min":-1.79452848434,"var":96.0237350464},"barkbands_skewness":{"dmean":0.441271752119,"dmean2":0.697701156139,"dvar":0.235765233636,"dvar2":0.594416201115,"max":11.4142436981,"mean":1.44209623337,"median":1.37498521805,"min":-2.67498087883,"var":0.968910217285},"barkbands_spread":{"dmean":3.60940718651,"dmean2":5.52153348923,"dvar":14.1206417084,"dvar2":32.0952110291,"max":96.4882659912,"mean":17.8872718811,"median":16.844751358,"min":0.483637273312,"var":81.7436141968},"dissonance":{"dmean":0.0190896093845,"dmean2":0.0318922176957,"dvar":0.000338273443049,"dvar2":0.000905524124391,"max":0.500000119209,"mean":0.46108931303,"median":0.467685371637,"min":0.294017374516,"var":0.000788724224549},"dynamic_complexity":3.73660159111,"erbbands":{"dmean":[0.0275532994419,0.361254125834,1.69171893597,4.25553321838,5.72285604477,6.57961273193,13.7384090424,15.1928787231,11.9118566513,8.11019325256,10.9143819809,14.1804265976,14.6811199188,10.5149126053,9.56956863403,11.8042497635,11.0706653595,12.7370061874,15.5053110123,19.6188201904,19.4844055176,19.3297176361,14.2871189117,8.22780323029,6.02514410019,2.84985470772,1.58732366562,1.30123090744,1.25781774521,1.11256051064,0.686785697937,0.535096406937,0.308196336031,0.163435056806,0.0796921029687,0.0284708924592,0.00274141435511,0.0000608116788499,0.00000611594032307,0.00000823488790047],"dmean2":[0.0448919720948,0.636284053326,2.97169017792,7.08822441101,9.7973690033,10.968662262,22.5724906921,25.2805900574,19.0408439636,12.640953064,16.7266960144,21.6304283142,21.7556362152,16.2210254669,14.995470047,17.7984142303,16.8404426575,19.1415672302,23.4366588593,30.4951305389,30.6618175507,29.8642444611,21.8620414734,12.6485767365,9.08820056915,4.14993190765,2.39877557755,1.92876553535,1.8340793848,1.59228515625,0.967633128166,0.751129209995,0.423288434744,0.222765088081,0.106286861002,0.0385206453502,0.00387888471596,0.0000835590617498,0.00000828779320727,0.0000126545901367],"dvar":[0.0024049335625,0.493281722069,9.79124259949,36.9582824707,85.9278869629,86.4704589844,429.449066162,646.413574219,457.882385254,227.19039917,366.808044434,636.166992188,951.203125,474.162322998,393.91796875,1209.53149414,570.886779785,987.924316406,1610.5345459,2009.55737305,1254.22888184,1555.06298828,681.843566895,266.505157471,170.322067261,41.1949501038,7.46281957626,6.16820478439,6.64106178284,5.52243900299,1.84101200104,1.68128323555,0.547204852104,0.116905778646,0.032089471817,0.00495665613562,0.0000622045699856,2.70958366855e-8,9.0168587874e-11,1.05599064215e-10],"dvar2":[0.00602364493534,1.38532876968,27.3525314331,97.4579467773,230.55506897,228.534637451,1109.9276123,1721.93212891,1149.51391602,518.304870605,851.399719238,1494.48327637,1959.60534668,997.633483887,843.953735352,2489.40063477,1158.64929199,1981.8248291,3525.44384766,4488.91210938,2929.19970703,3418.89404297,1476.7911377,593.989257813,395.374847412,80.9465255737,16.9469585419,13.4184293747,14.3314285278,11.8728151321,3.69199681282,3.48730707169,1.063778162,0.218158185482,0.0564290881157,0.00903676729649,0.000129943276988,5.38278506212e-8,1.6036968975e-10,2.44888720413e-10],"max":[0.779460728168,7.89320373535,33.136264801,76.3392028809,131.437957764,148.661621094,342.070098877,433.348876953,406.573547363,397.424041748,424.088592529,425.156280518,644.014160156,820.940917969,779.241333008,1263.74475098,687.281555176,815.647583008,989.933654785,1573.29174805,1383.33166504,1262.31555176,569.738830566,527.791381836,336.33883667,264.755828857,61.6049766541,39.4552383423,66.4134216309,94.7683181763,42.0006523132,48.0977096558,23.6222743988,8.07876300812,2.79554057121,1.5026756525,0.239457592368,0.00468591134995,0.000216422093217,0.000124308498926],"mean":[0.0395432561636,0.481984436512,2.62877225876,7.76088476181,7.99643993378,11.8532066345,27.3226680756,27.0533218384,22.9187278748,16.9366073608,23.7220020294,32.0314865112,30.7298698425,23.8174648285,19.7326717377,22.7913208008,22.6986579895,24.4890880585,28.5654735565,40.1221389771,41.4549789429,39.0977745056,30.3357219696,17.4336338043,11.8269824982,5.47551488876,2.90138244629,2.27874517441,2.16495871544,1.96668684483,1.26644933224,0.938858091831,0.525607228279,0.268765985966,0.122581131756,0.0408636666834,0.0036595526617,0.000088584209152,0.0000181874202099,0.0000295174450002],"median":[0.0175192542374,0.303436100483,1.47255301476,3.94112896919,5.1011967659,8.14617347717,15.6636333466,15.8183116913,12.6248435974,9.48790645599,14.4654092789,16.3510456085,14.8046073914,13.5795211792,11.2786912918,9.03868484497,10.3234786987,12.0327224731,12.4399108887,16.2362709045,19.0411052704,15.5017690659,12.6298351288,8.19768810272,4.6033616066,2.13494682312,1.44841134548,0.897207379341,0.713517665863,0.587646603584,0.31638532877,0.205495327711,0.0929562821984,0.0503257773817,0.0143583361059,0.00376373110339,0.000221679612878,0.0000112108900794,0.0000142850758493,0.0000279357627733],"min":[1.4727201578e-21,5.15244139262e-21,1.94318248353e-20,1.79638991343e-20,2.88466152372e-20,2.32090223179e-20,1.95452051248e-19,4.26948962977e-19,3.74643205068e-19,2.16085089351e-19,7.92957462275e-19,7.73927086608e-19,1.48320142635e-18,1.83582459237e-18,1.65296794276e-18,1.8743379149e-18,3.13195643485e-18,5.88385439751e-18,3.8370575967e-18,9.76235829239e-18,8.05839021877e-18,1.16022594376e-17,8.65029750405e-18,1.09574795948e-17,1.82891916454e-17,1.55934530425e-17,2.26973893309e-17,1.16043505502e-17,1.47162031874e-17,1.76910788512e-17,1.28070380736e-17,1.58136898806e-17,1.16840080432e-17,1.07469513755e-17,7.82017957315e-18,5.64062028403e-18,2.50353594976e-18,9.83424173519e-19,3.04401379745e-19,3.65263086782e-20],"var":[0.00313338963315,0.409381985664,11.2411603928,84.8152923584,93.1817855835,156.669967651,1215.64746094,1204.49499512,882.184509277,531.567382813,938.749267578,1870.4564209,2884.09619141,1693.74914551,937.01373291,3432.51464844,1627.4239502,2177.56347656,3296.38745117,7386.14160156,4773.54003906,4867.92236328,2477.09350586,804.00390625,446.495056152,109.264587402,15.7425909042,11.8021802902,13.5309209824,10.8079690933,4.50678348541,3.59833812714,1.20258593559,0.261459052563,0.0679462701082,0.00953374430537,0.0000994239744614,4.74346428803e-8,2.67538158294e-10,3.59672708283e-10]},"erbbands_crest":{"dmean":2.24688744545,"dmean2":3.60941886902,"dvar":4.84608888626,"dvar2":11.6272230148,"max":26.9647521973,"mean":8.4822473526,"median":7.6170463562,"min":2.26730751991,"var":13.3374891281},"erbbands_flatness_db":{"dmean":0.0181063972414,"dmean2":0.0245430134237,"dvar":0.000327918765834,"dvar2":0.000575139536522,"max":0.351721942425,"mean":0.189603745937,"median":0.190150544047,"min":0.0507024638355,"var":0.00191959168296},"erbbands_kurtosis":{"dmean":0.738174438477,"dmean2":1.15108752251,"dvar":1.74036085606,"dvar2":3.8227558136,"max":63.5339393616,"mean":0.180586412549,"median":-0.366636782885,"min":-1.80326735973,"var":6.07584619522},"erbbands_skewness":{"dmean":0.31552284956,"dmean2":0.487669795752,"dvar":0.0844532251358,"dvar2":0.195975750685,"max":6.45387458801,"mean":0.265759140253,"median":0.27536970377,"min":-2.32547855377,"var":0.617602109909},"erbbands_spread":{"dmean":6.0615477562,"dmean2":9.08056163788,"dvar":38.5082168579,"dvar2":79.3261489868,"max":123.50868988,"mean":33.7452697754,"median":32.6850585938,"min":2.8011136055,"var":162.002868652},"gfcc":{"cov":[[14241.3310547,-665.828918457,-1738.87097168,551.792602539,-125.931503296,175.362808228,-319.786315918,222.209671021,164.006286621,-141.172042847,-307.452362061,-70.065574646,-62.9435462952],[-665.828918457,1292.35400391,-260.875976563,-202.827072144,418.41116333,-314.601501465,272.134124756,-197.627487183,175.270721436,-198.630233765,197.485595703,-96.7679901123,140.296783447],[-1738.87097168,-260.875976563,876.894165039,0.692125320435,-173.291275024,244.150054932,-72.1905517578,88.9664916992,-128.695343018,118.647537231,-43.1174736023,77.8068695068,-49.6452674866],[551.792602539,-202.827072144,0.692125320435,300.752258301,5.67640113831,17.0411472321,-0.957984685898,28.1504650116,42.127281189,20.3533306122,-42.5414466858,-20.9802265167,-15.8009138107],[-125.931503296,418.41116333,-173.291275024,5.67640113831,315.622711182,-126.097099304,108.817863464,-43.6987762451,92.7127685547,-57.2304534912,41.0544433594,-39.4043083191,46.4708213806],[175.362808228,-314.601501465,244.150054932,17.0411472321,-126.097099304,265.45803833,-37.7746238708,88.9498519897,-67.1638565063,54.0804710388,-39.2724227905,25.9961452484,-48.5175552368],[-319.786315918,272.134124756,-72.1905517578,-0.957984685898,108.817863464,-37.7746238708,188.761901855,-28.2793235779,43.006187439,-47.9268417358,51.3065376282,-34.3812255859,14.6983718872],[222.209671021,-197.627487183,88.9664916992,28.1504650116,-43.6987762451,88.9498519897,-28.2793235779,122.608657837,-12.8934774399,46.2813110352,-32.1408920288,15.2753677368,-32.2226676941],[164.006286621,175.270721436,-128.695343018,42.127281189,92.7127685547,-67.1638565063,43.006187439,-12.8934774399,129.758605957,-21.4188079834,24.0317611694,-27.4799633026,30.232378006],[-141.172042847,-198.630233765,118.647537231,20.3533306122,-57.2304534912,54.0804710388,-47.9268417358,46.2813110352,-21.4188079834,116.132225037,-17.2914562225,28.2821578979,-22.406993866],[-307.452362061,197.485595703,-43.1174736023,-42.5414466858,41.0544433594,-39.2724227905,51.3065376282,-32.1408920288,24.0317611694,-17.2914562225,112.486740112,-0.752430081367,21.4809703827],[-70.065574646,-96.7679901123,77.8068695068,-20.9802265167,-39.4043083191,25.9961452484,-34.3812255859,15.2753677368,-27.4799633026,28.2821578979,-0.752430081367,76.6582336426,7.24969434738],[-62.9435462952,140.296783447,-49.6452674866,-15.8009138107,46.4708213806,-48.5175552368,14.6983718872,-32.2226676941,30.232378006,-22.406993866,21.4809703827,7.24969434738,75.9242095947]],"icov":[[0.000215867417865,-0.000650750473142,0.00082508235937,-0.000699516036548,0.000464071490569,-0.000813289720099,0.000685454171617,-0.00054914643988,0.000260190834524,-0.0000917146826396,0.000724640965927,-0.000618770311121,0.000329251080984],[-0.000650750473142,0.00730013288558,-0.00406022230163,0.00518708489835,-0.00472025154158,0.00471699796617,-0.00444836216047,0.00374188623391,-0.00350643694401,0.00364875374362,-0.00567955942824,0.00508138677105,-0.00365704111755],[0.00082508235937,-0.00406022230163,0.00540688075125,-0.00364932627417,0.00280548841693,-0.00496080936864,0.00315511296503,-0.00261847488582,0.00270797661506,-0.0023586191237,0.00380235631019,-0.0040975632146,0.00189443910494],[-0.000699516036548,0.00518708489835,-0.00364932627417,0.0080076707527,-0.00333167542703,0.00377652398311,-0.0038151643239,0.00276386365294,-0.00424868660048,0.00156038405839,-0.00275888363831,0.00461495900527,-0.00202830624767],[0.000464071490569,-0.00472025154158,0.00280548841693,-0.00333167542703,0.00840357877314,-0.00165816466324,0.000838356383611,-0.00294567248784,0.000363698753063,-0.00183808570728,0.00391305284575,-0.00270553538576,0.00109645654447],[-0.000813289720099,0.00471699796617,-0.00496080936864,0.00377652398311,-0.00165816466324,0.0111548090354,-0.00439292006195,-0.000576320861001,-0.000959092052653,0.00193454232067,-0.00383864575997,0.00382892694324,-0.00142613868229],[0.000685454171617,-0.00444836216047,0.00315511296503,-0.0038151643239,0.000838356383611,-0.00439292006195,0.0112586785108,-0.00244267820381,0.00152802560478,0.0000810086930869,0.000913728552405,-0.00151852390263,0.00282258843072],[-0.00054914643988,0.00374188623391,-0.00261847488582,0.00276386365294,-0.00294567248784,-0.000576320861001,-0.00244267820381,0.0151517912745,-0.00371876102872,-0.00125119683798,-0.00133125297725,0.00120377528947,0.00120460346807],[0.000260190834524,-0.00350643694401,0.00270797661506,-0.00424868660048,0.000363698753063,-0.000959092052653,0.00152802560478,-0.00371876102872,0.0144220748916,-0.00256626890041,0.000962171761785,0.000145925980178,-0.00191427906975],[-0.0000917146826396,0.00364875374362,-0.0023586191237,0.00156038405839,-0.00183808570728,0.00193454232067,0.0000810086930869,-0.00125119683798,-0.00256626890041,0.0147611452267,-0.00322401942685,-0.000379581819288,0.000105278741103],[0.000724640965927,-0.00567955942824,0.00380235631019,-0.00275888363831,0.00391305284575,-0.00383864575997,0.000913728552405,-0.00133125297725,0.000962171761785,-0.00322401942685,0.0165835078806,-0.00561848282814,0.00192788697314],[-0.000618770311121,0.00508138677105,-0.0040975632146,0.00461495900527,-0.00270553538576,0.00382892694324,-0.00151852390263,0.00120377528947,0.000145925980178,-0.000379581819288,-0.00561848282814,0.0215380508453,-0.00735097983852],[0.000329251080984,-0.00365704111755,0.00189443910494,-0.00202830624767,0.00109645654447,-0.00142613868229,0.00282258843072,0.00120460346807,-0.00191427906975,0.000105278741103,0.00192788697314,-0.00735097983852,0.0203504245728]],"mean":[-41.6887817383,138.434951782,-136.857162476,35.7445068359,-58.8350601196,6.40228271484,-46.1472625732,4.91005992889,-18.5275821686,-11.4272060394,-9.6899728775,-7.26936531067,-2.93687057495]},"hfc":{"dmean":4.31504964828,"dmean2":6.00944328308,"dvar":28.5721206665,"dvar2":55.3640098572,"max":116.683776855,"mean":17.3502635956,"median":14.0816841125,"min":1.13839904622e-16,"var":209.968032837},"melbands":{"dmean":[0.00029953016201,0.000737532158382,0.000744356773794,0.000423443736508,0.000439082883531,0.000329799862811,0.000175166103872,0.0000905021370272,0.0000917123034014,0.0000886704874574,0.0000736340662115,0.000045618176955,0.0000293908724416,0.0000307544542011,0.0000278933948721,0.0000257444953604,0.0000263686506514,0.0000259944536083,0.0000212861687032,0.0000398998854507,0.0000206922723009,0.0000212235263461,0.000022001688194,0.0000107300102172,0.00000716204021955,0.0000049282789405,0.00000330626426148,0.00000180908011771,0.00000108051267489,9.16389922168e-7,7.57840609822e-7,7.14146381142e-7,7.69959683566e-7,6.07381366535e-7,4.29454047435e-7,3.47104673892e-7,3.32799942271e-7,2.38849935386e-7,1.64124074331e-7,1.34561005893e-7],"dmean2":[0.000498610781506,0.0012944889022,0.00124717853032,0.000713684537914,0.000721584598068,0.00054753740551,0.000279418512946,0.000140595715493,0.000141272364999,0.000134120185976,0.000109015338239,0.0000703527475707,0.0000459899601992,0.0000470551021863,0.0000410805077991,0.000039341255615,0.0000397386138502,0.0000392338843085,0.0000327441375703,0.0000638462952338,0.0000326874906023,0.0000329092981701,0.0000342162638844,0.0000167067446455,0.0000110889004645,0.00000763144180382,0.00000497679684486,0.00000269176462098,0.00000167408870766,0.00000139191013204,0.00000114260058126,0.00000106688912638,0.00000113671455892,8.91156787475e-7,6.25792779374e-7,4.93875006669e-7,4.75251169973e-7,3.38495851793e-7,2.25804470233e-7,1.89406506479e-7],"dvar":[2.75495835922e-7,0.00000190784749066,0.00000115131388156,4.26348094607e-7,4.04532272569e-7,2.8091568538e-7,1.01626156379e-7,2.67677755517e-8,2.49627447602e-8,2.48993732299e-8,2.40082123071e-8,9.0667597874e-9,3.27280447188e-9,7.32585769825e-9,6.38926778151e-9,3.66895691606e-9,4.56250814906e-9,4.88045959202e-9,2.60128651952e-9,5.69133140615e-9,1.62713065244e-9,1.88566628978e-9,2.17146434167e-9,5.39483735462e-10,2.26048346708e-10,1.31093608191e-10,4.77905458263e-11,2.13464454446e-11,4.27961876007e-12,2.645319944e-12,2.20187735232e-12,2.13356697761e-12,2.61747307856e-12,1.76870378153e-12,7.30067915844e-13,6.365320597e-13,6.98882683496e-13,3.50452306064e-13,1.32111295102e-13,7.96997830146e-14],"dvar2":[7.22876109194e-7,0.00000532701596967,0.00000303545994029,0.00000115665386602,0.00000105448623344,7.4726534649e-7,2.51466900636e-7,6.26439629059e-8,5.77395340429e-8,5.7431215339e-8,4.88270579524e-8,1.87954309894e-8,6.92384238832e-9,1.49201024868e-8,1.17971303837e-8,7.50098383406e-9,9.14222031412e-9,1.03240962446e-8,5.57934187739e-9,1.39702880375e-8,3.84661280606e-9,4.27086366273e-9,4.94046137334e-9,1.19188592329e-9,5.08462660864e-10,3.09360370654e-10,1.06038816616e-10,4.42322151128e-11,1.02285263592e-11,5.9443231587e-12,4.9649247387e-12,4.68960374006e-12,5.79899409742e-12,3.93537849877e-12,1.5535047207e-12,1.31338679082e-12,1.48118409898e-12,7.02993761294e-13,2.54001165803e-13,1.58282038192e-13],"max":[0.00605050986633,0.0144894225523,0.0148112373427,0.00918462406844,0.0105667263269,0.00870524998754,0.00726797245443,0.00352340028621,0.00322429300286,0.00285102031194,0.00329931802116,0.00360322417691,0.00197662203573,0.00392828555778,0.00240159779787,0.00156658189371,0.00182388618123,0.00177169416565,0.00151086528786,0.00250104046427,0.00153979985043,0.0014296277659,0.00102284457535,0.000735331384931,0.000522314396221,0.000349380716216,0.000126639686641,0.000204636671697,0.000063926941948,0.0000198823108803,0.0000267275354418,0.0000412709487136,0.0000521559886693,0.0000592884498474,0.0000315652905556,0.0000230115983868,0.0000310880968755,0.0000182363473868,0.000010339524124,0.00000639407062408],"mean":[0.000437339069322,0.00116274366155,0.00130965770222,0.000678594224155,0.000878956867382,0.000611160707194,0.00033372384496,0.000188336591236,0.000193737287191,0.000195093321963,0.000149332990986,0.0000970057735685,0.0000598830411036,0.0000578006183787,0.0000522412883583,0.0000483701260237,0.0000460905757791,0.0000452029125881,0.0000396714822273,0.0000722062759451,0.0000420937758463,0.0000397605617763,0.0000397029070882,0.0000205722117244,0.0000133235007524,0.00000908921083465,0.000005938155482,0.00000310072618959,0.00000183563145129,0.00000149719573983,0.00000124561825032,0.00000116957619412,0.00000128210990624,0.00000103197453427,7.62005981869e-7,6.00824535013e-7,5.57959936032e-7,3.94302787754e-7,2.64119307758e-7,2.12494114749e-7],"median":[0.000239794899244,0.000705182028469,0.000775281980168,0.000448534381576,0.000558728759643,0.000382961559808,0.000178558460902,0.000104539598397,0.000115144561278,0.0000901035600691,0.0000677804564475,0.0000514380917593,0.0000341454688169,0.0000247405841947,0.000019763059754,0.00002039271385,0.000019348501155,0.0000181731356861,0.0000149483521454,0.0000281558641291,0.0000190174632735,0.000015336461729,0.0000128390938698,0.00000857813301991,0.00000586151008974,0.00000355688939635,0.00000194443850887,0.00000117828471957,8.41350129122e-7,6.87739373006e-7,4.28655340556e-7,3.8895882426e-7,3.72166908846e-7,2.95184719334e-7,1.93700444129e-7,1.31677751369e-7,1.16528504179e-7,6.56889156403e-8,4.47203731824e-8,3.9122742379e-8],"min":[1.29148710197e-23,8.44269075254e-24,4.11446971197e-24,1.66743738347e-24,5.5921493657e-24,9.61717921153e-24,6.41813051525e-24,2.47403838994e-24,6.65098016637e-24,4.79235169289e-24,7.37322176814e-24,6.60774546116e-24,6.25145682775e-24,4.50613205166e-24,3.62556488292e-24,6.75718293231e-24,1.12301126173e-23,5.8524718867e-24,8.62845960711e-24,1.34055787904e-23,8.59053827454e-24,1.373954621e-23,7.21066041254e-24,8.45752764845e-24,8.0002873017e-24,1.14309289937e-23,1.10026130209e-23,8.65030316558e-24,1.5153390056e-23,1.09842191512e-23,5.15580042231e-24,5.95775839071e-24,8.34721176174e-24,8.97604039942e-24,6.6446677014e-24,9.24494257163e-24,8.62578536864e-24,8.51863596961e-24,7.73802812718e-24,9.54740525333e-24],"var":[3.19841603869e-7,0.00000206248910217,0.0000020691024929,5.94147934407e-7,0.00000105244998849,5.33340426045e-7,1.98146452135e-7,6.60863506141e-8,6.22609235279e-8,7.57619460501e-8,7.3555469271e-8,3.24575815114e-8,7.84366882556e-9,1.90667819311e-8,1.77260908174e-8,8.51378523237e-9,1.00607380205e-8,1.02025232707e-8,7.69858221616e-9,1.75183103579e-8,5.72217206951e-9,5.33259836288e-9,6.06217698262e-9,1.53048529405e-9,5.75596403873e-10,3.11251385776e-10,1.13003037483e-10,4.80236198031e-11,7.82902388752e-12,4.72452198891e-12,3.91254259893e-12,4.1248953038e-12,4.95385199875e-12,3.14920008473e-12,1.60673145795e-12,1.40556739425e-12,1.40503992989e-12,7.33717394567e-13,2.81832771096e-13,1.64236801784e-13]},"melbands_crest":{"dmean":2.86858177185,"dmean2":4.77096319199,"dvar":6.85593414307,"dvar2":18.3501834869,"max":33.6829605103,"mean":12.2770786285,"median":11.5804309845,"min":2.09361386299,"var":19.5473136902},"melbands_flatness_db":{"dmean":0.0240514557809,"dmean2":0.0351019911468,"dvar":0.00060692493571,"dvar2":0.00126566598192,"max":0.559225201607,"mean":0.218537926674,"median":0.207848221064,"min":0.00574049167335,"var":0.00431099859998},"melbands_kurtosis":{"dmean":4.70552635193,"dmean2":7.61489295959,"dvar":86.492980957,"dvar2":229.673477173,"max":284.236328125,"mean":9.68827152252,"median":6.34819316864,"min":-1.58334124088,"var":202.882736206},"melbands_skewness":{"dmean":0.547285914421,"dmean2":0.86174672842,"dvar":0.317565590143,"dvar2":0.791912972927,"max":10.4645175934,"mean":2.29749488831,"median":2.18389225006,"min":-0.806971132755,"var":1.24639463425},"melbands_spread":{"dmean":4.98742580414,"dmean2":7.88751506805,"dvar":31.040271759,"dvar2":71.998260498,"max":142.30279541,"mean":20.3932857513,"median":17.4291324615,"min":0.431931108236,"var":168.891983032},"mfcc":{"cov":[[12606.0205078,-596.299072266,-1459.6451416,155.272766113,35.8402709961,-73.2750167847,-427.136352539,217.407470703,125.907089233,130.496170044,-77.7106628418,-126.378684998,-128.682373047],[-596.299072266,1467.99975586,-454.07711792,79.0188217163,57.6950416565,-34.1162796021,52.3108863831,32.4083709717,-15.4011592865,-44.4905395508,-6.27163696289,-20.4139823914,24.7847976685],[-1459.6451416,-454.07711792,945.507019043,-173.8150177,-8.72211837769,73.5039749146,85.678276062,-12.7274827957,-25.3077850342,-1.45309340954,2.06765842438,51.6704864502,11.9913711548],[155.272766113,79.0188217163,-173.8150177,295.614624023,44.5434150696,10.3248529434,-27.546667099,-7.77691650391,55.8335494995,5.75010204315,14.3608140945,6.7234287262,1.07724261284],[35.8402709961,57.6950416565,-8.72211837769,44.5434150696,140.495391846,10.0812997818,-12.4323825836,4.49539899826,32.4983520508,8.69419384003,1.82477641106,9.47717094421,4.67514562607],[-73.2750167847,-34.1162796021,73.5039749146,10.3248529434,10.0812997818,96.6292800903,34.1548233032,11.9520931244,16.4945335388,10.0336170197,7.84681987762,3.97545218468,-4.33733081818],[-427.136352539,52.3108863831,85.678276062,-27.546667099,-12.4323825836,34.1548233032,128.414520264,34.624294281,-15.4286298752,14.5643005371,17.5517044067,-0.0795793607831,4.93388652802],[217.407470703,32.4083709717,-12.7274827957,-7.77691650391,4.49539899826,11.9520931244,34.624294281,99.6577606201,9.10985279083,16.4944076538,4.90804576874,-3.10865116119,-1.96445953846],[125.907089233,-15.4011592865,-25.3077850342,55.8335494995,32.4983520508,16.4945335388,-15.4286298752,9.10985279083,103.978622437,14.3101329803,6.1126332283,7.23835039139,-9.7822265625],[130.496170044,-44.4905395508,-1.45309340954,5.75010204315,8.69419384003,10.0336170197,14.5643005371,16.4944076538,14.3101329803,84.0073623657,23.5611476898,-4.83183240891,-1.33752906322],[-77.7106628418,-6.27163696289,2.06765842438,14.3608140945,1.82477641106,7.84681987762,17.5517044067,4.90804576874,6.1126332283,23.5611476898,71.5830535889,20.9374809265,-6.86951303482],[-126.378684998,-20.4139823914,51.6704864502,6.7234287262,9.47717094421,3.97545218468,-0.0795793607831,-3.10865116119,7.23835039139,-4.83183240891,20.9374809265,59.8690338135,19.0701961517],[-128.682373047,24.7847976685,11.9913711548,1.07724261284,4.67514562607,-4.33733081818,4.93388652802,-1.96445953846,-9.7822265625,-1.33752906322,-6.86951303482,19.0701961517,64.755607605]],"icov":[[0.000135102221975,0.000112750269182,0.000243797767325,0.0000675328847137,-0.0000329613649228,-0.000127372186398,0.000386990781408,-0.000392597430618,0.0000288391584036,-0.000169928913238,0.000157796384883,-0.0000225469084398,0.00015572985285],[0.000112750269182,0.00101377291139,0.00070373096969,0.0000547922973055,-0.000527064898051,0.000082867241872,-0.000507761084009,-0.00039995420957,0.000164257304277,0.000524062663317,0.0001086024713,0.000074782219599,-0.000199892412638],[0.000243797767325,0.00070373096969,0.00215321895666,0.00096529093571,-0.000440322881332,-0.00106631929521,-0.000518743530847,-0.000164553159266,0.000158968468895,-0.0000786140881246,0.000823040609248,-0.00150520715397,0.000348215457052],[0.0000675328847137,0.0000547922973055,0.00096529093571,0.00449634250253,-0.000860469532199,-0.000919078476727,0.00043597081094,0.000463584117824,-0.00180549221113,0.00014065054711,-0.000693968264386,-0.000355955591658,-0.000397542316932],[-0.0000329613649228,-0.000527064898051,-0.000440322881332,-0.000860469532199,0.00830134935677,-0.00060499960091,0.001106726937,-0.000295566569548,-0.00186955719255,-0.000947372522205,0.000390193745261,-0.00088800204685,-0.000500146532431],[-0.000127372186398,0.000082867241872,-0.00106631929521,-0.000919078476727,-0.00060499960091,0.0129385013133,-0.00366987008601,0.0000216635944525,-0.00190037803259,-0.000193216226762,-0.000120812481327,0.0000140182482937,0.000810477882624],[0.000386990781408,-0.000507761084009,-0.000518743530847,0.00043597081094,0.001106726937,-0.00366987008601,0.012762920931,-0.00452267937362,0.00176147755701,-0.00145631947089,-0.00239207642153,0.00168496230617,-0.000897129822988],[-0.000392597430618,-0.00039995420957,-0.000164553159266,0.000463584117824,-0.000295566569548,0.0000216635944525,-0.00452267937362,0.0129292914644,-0.00142602133565,-0.00119843229186,0.000243592599872,-0.00017123305588,-0.0000086218733486],[0.0000288391584036,0.000164257304277,0.000158968468895,-0.00180549221113,-0.00186955719255,-0.00190037803259,0.00176147755701,-0.00142602133565,0.0124709205702,-0.00184752536006,0.000720026087947,-0.00213244045153,0.00237537478097],[-0.000169928913238,0.000524062663317,-0.0000786140881246,0.00014065054711,-0.000947372522205,-0.000193216226762,-0.00145631947089,-0.00119843229186,-0.00184752536006,0.0152471363544,-0.00599489966407,0.00423577101901,-0.00224352488294],[0.000157796384883,0.0001086024713,0.000823040609248,-0.000693968264386,0.000390193745261,-0.000120812481327,-0.00239207642153,0.000243592599872,0.000720026087947,-0.00599489966407,0.0200424231589,-0.0095451772213,0.00520665105432],[-0.0000225469084398,0.000074782219599,-0.00150520715397,-0.000355955591658,-0.00088800204685,0.0000140182482937,0.00168496230617,-0.00017123305588,-0.00213244045153,0.00423577101901,-0.0095451772213,0.0247659217566,-0.00839796941727],[0.00015572985285,-0.000199892412638,0.000348215457052,-0.000397542316932,-0.000500146532431,0.000810477882624,-0.000897129822988,-0.0000086218733486,0.00237537478097,-0.00224352488294,0.00520665105432,-0.00839796941727,0.0192672628909]],"mean":[-670.552246094,152.372894287,-11.4812479019,24.1667079926,9.03730583191,-2.34297299385,-9.79855632782,5.385409832,-4.63023424149,-2.98342490196,-3.67379808426,-4.02349758148,-2.64885783195]},"pitch_salience":{"dmean":0.0630013868213,"dmean2":0.102376170456,"dvar":0.00325918383896,"dvar2":0.0084482030943,"max":0.95765376091,"mean":0.597231149673,"median":0.599736332893,"min":0.15363702178,"var":0.00936529971659},"silence_rate_20dB":{"dmean":0,"dmean2":0,"dvar":0,"dvar2":0,"max":1,"mean":1,"median":1,"min":1,"var":0},"silence_rate_30dB":{"dmean":0,"dmean2":0,"dvar":0,"dvar2":0,"max":1,"mean":1,"median":1,"min":1,"var":0},"silence_rate_60dB":{"dmean":0.0143985133618,"dmean2":0.0288003720343,"dvar":0.014189931564,"dvar2":0.0302883442491,"max":1,"mean":0.0961337536573,"median":0,"min":0,"var":0.0868962183595},"spectral_centroid":{"dmean":181.286087036,"dmean2":277.284515381,"dvar":36872.6367188,"dvar2":77608.703125,"max":10771.3720703,"mean":1060.81652832,"median":985.890625,"min":144.093688965,"var":259211.3125},"spectral_complexity":{"dmean":3.15838360786,"dmean2":4.70444774628,"dvar":10.3212966919,"dvar2":20.306520462,"max":52,"mean":19.4984321594,"median":20,"min":0,"var":90.1123962402},"spectral_contrast_coeffs":{"dmean":[0.0490182936192,0.0451546348631,0.0353303588927,0.0373977646232,0.0320149809122,0.0236851740628],"dmean2":[0.0817906111479,0.075727365911,0.056739076972,0.0572193264961,0.0466393046081,0.0363240279257],"dvar":[0.00160918885376,0.00135346211027,0.000821469468065,0.000960771518294,0.00076975626871,0.000474261993077],"dvar2":[0.00438207294792,0.003715000581,0.00201181601733,0.00207415758632,0.00153954152483,0.00105866778176],"max":[-0.328103363514,-0.45333391428,-0.487793028355,-0.473160982132,-0.486595034599,-0.539589524269],"mean":[-0.616063952446,-0.720352768898,-0.756425619125,-0.746691942215,-0.740211606026,-0.756300508976],"median":[-0.614332199097,-0.718487143517,-0.758039176464,-0.750876188278,-0.745390713215,-0.760247468948],"min":[-0.965142428875,-0.980928897858,-0.991459369659,-0.966960966587,-0.964082360268,-0.960614264011],"var":[0.00534522114322,0.00420549605042,0.00420962460339,0.00513851456344,0.00541361700743,0.00326694501564]},"spectral_contrast_valleys":{"dmean":[0.441002130508,0.361939907074,0.32835367322,0.352624922991,0.375225961208,0.438935369253],"dmean2":[0.713424503803,0.577279031277,0.51315164566,0.506716787815,0.494629412889,0.543910503387],"dvar":[0.16843354702,0.128457576036,0.111877180636,0.116948589683,0.151155591011,0.239890694618],"dvar2":[0.388563424349,0.279774874449,0.228045091033,0.204690217972,0.254664748907,0.381129205227],"max":[-5.36035394669,-4.64215993881,-5.69374418259,-5.81976318359,-6.11636352539,-8.22799491882],"mean":[-7.33716821671,-6.62726211548,-7.39819145203,-7.98773574829,-8.25928783417,-11.1399765015],"median":[-7.07952022552,-6.39639234543,-7.12827110291,-7.66010856628,-7.91863584518,-10.9644384384],"min":[-27.74741745,-27.4415645599,-27.4732933044,-27.4500255585,-27.2721862793,-27.3239154816],"var":[1.37058115005,1.24894475937,1.35390281677,1.76174902916,1.88153326511,2.18006062508]},"spectral_decrease":{"dmean":1.79013337487e-9,"dmean2":2.83510304122e-9,"dvar":5.18875922594e-18,"dvar2":1.26760308626e-17,"max":1.10242324466e-28,"mean":-6.07009598141e-9,"median":-5.81500225749e-9,"min":-2.73069886703e-8,"var":1.46709332469e-17},"spectral_energy":{"dmean":0.00704471487552,"dmean2":0.011082302779,"dvar":0.0000790546328062,"dvar2":0.000191045692191,"max":0.10776206851,"mean":0.0244836118072,"median":0.0234568230808,"min":1.07709198967e-20,"var":0.000239675311605},"spectral_energyband_high":{"dmean":0.000137015100336,"dmean2":0.000184196353075,"dvar":6.00405059004e-8,"dvar2":1.13554378345e-7,"max":0.00486162211746,"mean":0.000278650433756,"median":0.000113744405098,"min":7.48673579162e-21,"var":1.57384008048e-7},"spectral_energyband_low":{"dmean":0.00342830945738,"dmean2":0.00577243138105,"dvar":0.0000294121964544,"dvar2":0.0000790505218902,"max":0.0610683709383,"mean":0.00659216102213,"median":0.0042018131353,"min":9.12188074373e-23,"var":0.0000472974097647},"spectral_energyband_middle_high":{"dmean":0.00159159942996,"dmean2":0.00227954238653,"dvar":0.00000458520889879,"dvar2":0.00000900410032045,"max":0.0443211048841,"mean":0.00570864183828,"median":0.00380306434818,"min":1.49878119385e-21,"var":0.0000330160764861},"spectral_energyband_middle_low":{"dmean":0.00474366219714,"dmean2":0.00753393536434,"dvar":0.0000338621830451,"dvar2":0.0000812026046333,"max":0.0728341639042,"mean":0.0138351945207,"median":0.0127196116373,"min":1.72684353213e-22,"var":0.0000896695200936},"spectral_entropy":{"dmean":0.169664517045,"dmean2":0.229394048452,"dvar":0.032387483865,"dvar2":0.0598434284329,"max":9.81439781189,"mean":7.25494670868,"median":7.28676891327,"min":5.14513254166,"var":0.185246184468},"spectral_flux":{"dmean":0.0213074944913,"dmean2":0.0320436060429,"dvar":0.000555730424821,"dvar2":0.00108825974166,"max":0.253658235073,"mean":0.0751274451613,"median":0.0713864862919,"min":6.9581812534e-11,"var":0.0016682309797},"spectral_kurtosis":{"dmean":3.28986501694,"dmean2":5.43551635742,"dvar":16.6335010529,"dvar2":43.4280471802,"max":66.8351593018,"mean":7.24969339371,"median":5.33567857742,"min":-1.1868121624,"var":37.2797050476},"spectral_rms":{"dmean":0.000680744240526,"dmean2":0.00104552449193,"dvar":6.04886167821e-7,"dvar2":0.00000140026918416,"max":0.0102534741163,"mean":0.00453455047682,"median":0.00478379614651,"min":3.24163764408e-12,"var":0.00000332436866302},"spectral_rolloff":{"dmean":296.668273926,"dmean2":495.503845215,"dvar":215345.296875,"dvar2":478390.5,"max":19422.9492188,"mean":1195.21081543,"median":925.927734375,"min":64.599609375,"var":862145.8125},"spectral_skewness":{"dmean":0.328637689352,"dmean2":0.523802280426,"dvar":0.119471587241,"dvar2":0.293125331402,"max":6.37763834,"mean":1.82190525532,"median":1.65710806847,"min":0.0300798378885,"var":0.434806346893},"spectral_spread":{"dmean":469015.4375,"dmean2":640196.875,"dvar":407331635200,"dvar2":747055415296,"max":40411416,"mean":3479511.75,"median":3176587.5,"min":1066836.125,"var":2094403158020},"spectral_strongpeak":{"dmean":0.526970505714,"dmean2":0.907181024551,"dvar":1.13334035873,"dvar2":2.83529186249,"max":14.0064840317,"mean":0.892711699009,"median":0.545669019222,"min":0,"var":1.60521578789},"zerocrossingrate":{"dmean":0.00641353894025,"dmean2":0.0076831006445,"dvar":0.0000479828377138,"dvar2":0.0000649361099931,"max":0.4990234375,"mean":0.0470907650888,"median":0.04443359375,"min":0.0029296875,"var":0.000631897419225}},"metadata":{"audio_properties":{"analysis_sample_rate":44100,"bit_rate":128000,"codec":"mp3","downmix":"mix","equal_loudness":0,"length":199.967346191,"lossless":false,"md5_encoded":"ac4bbe1c879bc7879cfd7112bf4b9623","replay_gain":-6.45149421692,"sample_rate":44100},"tags":{"acoustid_fingerprint":["AQADtHEiJYoSJVmCN1BOBw9ERoeuB6-F7mis4zl-Ec2LXi9-_EVzEr3wDz3RPIee42hGok-Ec2icHdqD6kSeNbiOn4GJ_DCkHN-OckleuEf14zE08vA15FEWCm5qdKXx0MgCH5p80GTx9GiqHNXxQlsDM6KR27jF4cbDwL_AI1Uzo7-EB9VGNM9xG4yaJXCVI0tvPAVjkmgcGrmyCkfzntC8Vcib4gb1PAd_4x8aSouDNsdRHX2QBPkWCw-PHj5TfDn-ILTkQ1fw2eiDJnoO_bjxPgnaHU2ETzneb2i6BT1v5NSF5yHCtAn6HefQ8xBP9BfOXNATvMGPqtGNZtKeGPp0vNmhy0bjBz2PL8WPTye840ce5cF5NNOUo9-HE7m54lIORVpe-EsDnyh__IH6PHhyrGuH_sKrHE3T45GC59BvNNJTlGSgE3_Qh5bR7MFP_Aq6SBBXoj--5cIvaGewK-gf5AwuNMdvXEV6HZq44dEj1EdzPMMP3XMQpqIJRpWq4dMR8SrR7CTaJQ9yaWicLKi1GE_QHNM7hN6hxZ4QU3qGglJ8NMsY5FHwlNDfYIo4pUMpBeehH-ehOyWeTA7C92iuU7iUMPjR5xmaJjry7SH0H82R__C0J6gTXUEXsobzpWh3BT_yBvqNHCePLuODT8pga-jxHKdP5B-0hHqCHn9gH1duHFoUfxXCPgkuLcY34ruCP8ivQouCiNQT-JmHPsd5HMnKD_kTOLqK0h92_MGZLDeKMCm0wxN1TFdy9EE6H_6n4ctRhSFR4-Rh_kJfTNaFZ0d-CT_0khFCeTp-41vwFz_RlUcjZTweEr9xHzms33gYnMePZkTrq8gjmsHzGH2DMIfOpjjzI9zyw33xLRf84AhPqE50Ie_xeUGn2IPPjOg_HF_xFKEPnUX4HP3hPyhyJc_xmCJKWD1KbckR90ebfWjGK8JxMsiXVYGW6MhrNJ2E30T5Hk3FFM-OHn2Opx_CKUbzFLp0hKqCpsd_vEeYvRo0LT9ypQ1-4MS1J0eoJZFVyCHuT8b8NOgfHDqRfxt6PbCZhEKoFecNXcpyIkL3w6eDvAvOI_ST40muBGGg_ciPO0WpaMTzDY06Z7hCBaeLJFQvlHkQ5seeB01ohA8FmTz-4kdPHo1FyD3-nMMP7w5US0F-_MG0HumJieQDPVEu5KkzNC866zg3B9-O9hxc6RHS-9B4HXmGSVTxoLzw8sEUOhn6H8fvCj2NRlaMPIEOf87wBTk8IV94XHegPVeClOglV7iz4cmBDw2rFCHvJPihplLWYPrgHz5uR9is5ah9aGQRhvhz1DuaBleGKS_6WECsLBl0Cal4HZ-iHN_Ro-lxsZisBwiZJTuSP_jR6DgfmM_hL-TRJznwZR_KpRVSRTrU50YY-vgrCS-aKKGOLsoQ_9DyLPiRXg_-OMIV-BH6zGiHZjeRbwr-MFCU5D3C4yvRH9vhOjVCHvryIMzQH0-Sozb-oUqyhcF4IN_B50mgirSFsEOTpNzxrMbxWsTk7QnKI_oPLS9C4Rb4VsGzPZgyZjlCC88OyNHRNCGOy0evB6ElNIvO4DmuJ_hm3NmJMIfGCjmuC9eVBB--HH0c_Ief45SCpqZyX