{"lowlevel":{"average_loudness":0.944789111614,"barkbands":{"dmean":[0.000690751534421,0.00924616772681,0.00288833398372,0.00135846401099,0.00227481056936,0.00045348360436,0.000419311370933,0.000409470114391,0.000450043589808,0.000615890894551,0.000392612913856,0.000320371997077,0.000287346425466,0.000542059540749,0.000219076915528,0.000165322911926,0.000162576849107,0.00013910169946,0.000115895520139,0.0000820874192868,0.0000636587210465,0.0000490462189191,0.0000564776673855,0.0000590777017351,0.000033263622754,0.0000099852850326,4.87480917855e-7],"dmean2":[0.00120777031407,0.0150711638853,0.00506969960406,0.00245282286778,0.00350243994035,0.000722386292182,0.000642802100629,0.000667895539664,0.000710060354322,0.000996298156679,0.00064884085441,0.000516420579515,0.000461849675048,0.000911819341127,0.000363825267414,0.000265973765636,0.000266064715106,0.000234520557569,0.000193992687855,0.000130860542413,0.0000993731591734,0.0000748641614337,0.0000910431117518,0.000093489572464,0.0000516585787409,0.0000156279547809,7.48193087929e-7],"dvar":[6.42943462026e-7,0.000363615516108,0.0000424532190664,0.0000199139285542,0.0000207686753129,0.00000188811441149,9.68401081991e-7,7.07808396783e-7,0.00000112198142688,0.0000014884507209,0.00000102237891042,6.22471304723e-7,5.31557020622e-7,0.00000199474516194,4.68982960911e-7,1.75637495659e-7,1.72008782329e-7,1.11002002257e-7,4.79993822466e-8,4.00222681662e-8,1.98501961535e-8,1.17532197308e-8,2.3660536641e-8,2.81756875609e-8,6.43345954288e-9,4.93774743315e-10,1.99643144898e-12],"dvar2":[0.00000179573953574,0.000943851424381,0.000123787976918,0.0000583745459153,0.000046445242333,0.00000361426191375,0.00000183427221145,0.00000171074100308,0.00000266864549303,0.0000037021004573,0.00000227530154007,0.00000151882602495,0.00000127711950881,0.00000566539119973,0.0000011962958979,4.05311965324e-7,4.41963805997e-7,3.01342652165e-7,1.33836593363e-7,9.3800181844e-8,4.04656574915e-8,2.59796735236e-8,5.35271844626e-8,6.22489721991e-8,1.36308129228e-8,1.19280152422e-9,4.75309722137e-12],"max":[0.00855708867311,0.181586310267,0.0780995041132,0.0444428510964,0.0687572956085,0.0526077337563,0.0194562226534,0.0116557963192,0.0199266858399,0.0156797878444,0.0294516533613,0.0141417980194,0.0163646060973,0.024540970102,0.0133180944249,0.0115143842995,0.00705658923835,0.00857672188431,0.00356221292168,0.00509891286492,0.00338301341981,0.00206028553657,0.00434022862464,0.00387019035406,0.00159825198352,0.00040915896534,0.0000242143269134],"mean":[0.000771461462136,0.0136681478471,0.00480900239199,0.00181016454007,0.00584034528583,0.00066844408866,0.000754781474825,0.000627023400739,0.000792178791016,0.00106528867036,0.000623171741609,0.000567853858229,0.000539809348993,0.00104025530163,0.000425507809268,0.000370368652511,0.00035534935887,0.000290592870442,0.000269159121672,0.000176229295903,0.000149376792251,0.000100169294456,0.0000965417129919,0.000102633093775,0.000059861180489,0.0000170290441019,8.68423512657e-7],"median":[0.000468137965072,0.00737977400422,0.00344034726731,0.00100250751711,0.000838473555632,0.000248797936365,0.000212407525396,0.000187715122593,0.000228953489568,0.000346210552379,0.000118831238069,0.000125017308164,0.000150534935528,0.000206056662137,0.000063036372012,0.0000460617884528,0.0000801375645096,0.0000448537321063,0.0000493082989124,0.0000279810628854,0.0000203584349947,0.0000209172685572,0.0000194028107217,0.0000254416445387,0.00000463137985207,9.90526586975e-7,7.81541800166e-8],"min":[9.36289268338e-7,0.00000237855419982,2.62768963921e-7,5.26885060026e-7,8.72186717515e-7,1.80768680025e-7,3.00798575381e-7,3.0312077115e-7,7.92619005097e-7,0.00000174742319814,2.20806597895e-7,1.9100930615e-7,1.97998673457e-7,6.15824831129e-7,1.77231811449e-7,6.67853328196e-8,2.08878404351e-7,9.30592563009e-8,1.0505786463e-7,3.8524547108e-8,5.15285734082e-8,2.72365312526e-8,3.0681832186e-8,2.5298566797e-8,1.5940738507e-8,1.0601763023e-8,5.37162936354e-9],"var":[7.38264816391e-7,0.000407109677326,0.0000339112484653,0.0000129099171318,0.000114813243272,0.00000413523639509,0.00000298641839436,0.0000012845961237,0.00000253191751654,0.0000032012058,0.00000190634921182,0.00000163258675911,0.00000134495257953,0.00000573407533011,0.00000122365247535,6.08764707977e-7,5.14741316238e-7,2.69322782742e-7,1.7932741514e-7,1.02897644183e-7,6.8894451033e-8,3.06882270706e-8,4.58842883688e-8,5.20197254161e-8,1.68273626144e-8,1.2294546492e-9,4.38916914966e-12]},"barkbands_crest":{"dmean":2.92289733887,"dmean2":4.89965105057,"dvar":9.18805885315,"dvar2":25.9781513214,"max":25.5123958588,"mean":13.1244630814,"median":12.4268760681,"min":2.48899531364,"var":32.481010437},"barkbands_flatness_db":{"dmean":0.0280224289745,"dmean2":0.043896753341,"dvar":0.00104510900564,"dvar2":0.00226058694534,"max":0.44644600153,"mean":0.17643392086,"median":0.181063115597,"min":0.0375903584063,"var":0.00789024028927},"barkbands_kurtosis":{"dmean":11.9803762436,"dmean2":20.1069755554,"dvar":1279.4486084,"dvar2":3539.34326172,"max":796.864624023,"mean":17.0873374939,"median":6.35336971283,"min":-1.85211801529,"var":1430.45031738},"barkbands_skewness":{"dmean":0.87117254734,"dmean2":1.43808674812,"dvar":1.77021467686,"dvar2":4.65237522125,"max":22.7707099915,"mean":2.7028093338,"median":2.40670704842,"min":-0.931946218014,"var":5.0965089798},"barkbands_spread":{"dmean":4.22412157059,"dmean2":6.80358123779,"dvar":31.8562488556,"dvar2":69.3777770996,"max":88.6141052246,"mean":17.0719623566,"median":12.1563129425,"min":0.235311403871,"var":198.799102783},"dissonance":{"dmean":0.0180956702679,"dmean2":0.0306289810687,"dvar":0.000271998142125,"dvar2":0.000744990946259,"max":0.499997884035,"mean":0.460972905159,"median":0.466021418571,"min":0.304719209671,"var":0.000758931506425},"dynamic_complexity":3.67584681511,"erbbands":{"dmean":[0.269218742847,2.09461760521,3.19939279556,4.4310874939,5.18867301941,9.8644657135,5.02950954437,3.96532344818,6.08665132523,8.08618354797,7.85274791718,10.9801502228,23.0623435974,10.6653661728,15.6210823059,12.3438272476,12.7827920914,27.5895366669,11.8233222961,8.87672328949,8.74668312073,7.55973434448,6.6629319191,7.95172834396,3.9823539257,3.49862194061,3.03839373589,2.31576967239,1.68421339989,1.56887602806,1.70974123478,1.40920495987,0.900554358959,0.393466174603,0.237919166684,0.0799324885011,0.0140886669978,0.00143337098416,0.0000903536783881,0.0000166820882441],"dmean2":[0.442068934441,3.47404646873,5.48523044586,7.83899307251,8.53035259247,14.8377828598,7.38209629059,6.26388502121,9.50772571564,12.9738054276,12.6735801697,17.0012340546,37.7282905579,16.6595535278,25.7814846039,20.0307102203,20.1623039246,46.4755897522,18.9933052063,14.6142120361,14.4036016464,12.1220407486,10.9850301743,13.2771940231,6.46656847,5.67072343826,4.720454216,3.70598196983,2.59545493126,2.4326851368,2.80113601685,2.32802462578,1.4059432745,0.58918595314,0.379114001989,0.126607105136,0.0217954590917,0.00220209616236,0.000140109885251,0.0000263711681328],"dvar":[0.258055686951,21.1364364624,47.0852851868,165.703811646,146.426071167,456.537658691,225.049850464,153.042633057,242.165969849,277.589447021,351.584686279,761.978393555,2024.43469238,852.610595703,1189.23144531,903.290527344,965.602478027,5468.69628906,1103.99694824,604.726013184,456.243713379,401.590789795,248.34753418,242.88269043,70.6248321533,67.4866943359,48.0545921326,29.7651844025,13.894742012,14.286570549,25.5143184662,20.5691795349,5.17874288559,1.03054130077,0.411631137133,0.0312240216881,0.000988616608083,0.0000124089301607,5.5873993432e-8,7.33801575059e-10],"dvar2":[0.662157416344,55.3428459167,129.268981934,489.916625977,377.881500244,1027.78015137,444.197662354,271.686462402,506.174133301,664.208435059,823.332641602,1833.51745605,5282.40136719,1802.24914551,3104.31738281,2236.06567383,2249.55273438,15384.1035156,2608.84863281,1558.95495605,1155.78466797,1024.3482666,651.661743164,687.874694824,181.258544922,159.18711853,105.375282288,66.5932312012,30.8728523254,30.0433292389,60.765209198,50.4310264587,10.6139001846,2.02004957199,0.973410904408,0.0740941464901,0.00236973003484,0.0000276911323454,1.3340208227e-7,1.73256919922e-9],"max":[5.01456451416,40.9120979309,66.3684844971,155.947418213,142.964370728,359.05569458,350.037017822,513.512329102,373.603302002,343.241027832,389.280090332,580.487854004,644.091247559,708.395507812,558.654907227,503.985443115,890.836730957,1398.53430176,712.341796875,548.96472168,425.662872314,445.248291016,350.918334961,255.515609741,172.589431763,197.856124878,142.451095581,131.008834839,80.0947265625,101.984375,126.057014465,115.701469421,44.7978210449,23.4310016632,12.2246751785,2.8988802433,0.590912520885,0.0585172846913,0.00367754837498,0.000288368697511],"mean":[0.404745399952,3.02115345001,4.8530125618,7.73922491074,9.57039833069,24.9499893188,10.859744072,6.20844602585,10.7500476837,13.0339488983,12.8754653931,19.84806633,37.7387809753,21.4276638031,27.8795223236,23.9704113007,26.5636711121,52.497844696,29.582906723,19.7171478271,21.6994552612,18.3051166534,15.4918489456,18.3302249908,10.1410560608,7.90917253494,7.19717645645,5.05496549606,3.50774335861,2.90303826332,2.91032099724,2.34013223648,1.5430945158,0.712896764278,0.396115720272,0.13329719007,0.0238489247859,0.00259797205217,0.000179471477168,0.0000484101437905],"median":[0.226572990417,1.58109557629,2.98066425323,5.51888895035,2.24151587486,2.97361946106,2.3237657547,2.39373254776,3.58820486069,4.31484222412,4.60891437531,6.75874137878,12.9194297791,5.0325345993,4.63078308105,6.96014499664,7.96710252762,11.7311325073,4.40458917618,3.94702959061,3.25576066971,3.18543863297,2.45763921738,3.94846177101,1.46338677406,1.25232112408,0.968697667122,0.717815518379,0.726253151894,0.522189736366,0.552465081215,0.676163911819,0.309935390949,0.0896970033646,0.020973443985,0.00638802116737,0.00153422704898,0.000174826156581,0.0000373184448108,0.0000375263953174],"min":[0.000232725738897,0.000169938342879,0.000410985521739,0.00146231940016,0.00406519090757,0.00316278426908,0.00164806412067,0.00173517200164,0.00449836393818,0.00585114117712,0.0208127554506,0.0174369830638,0.0283771250397,0.0334494672716,0.0167800225317,0.0249410178512,0.0351792946458,0.0300003699958,0.0191986374557,0.00649403315037,0.00556426681578,0.00988225638866,0.0065682712011,0.0127405822277,0.00296535342932,0.00188340933528,0.00248842127621,0.00135782302823,0.00100894190837,0.000790711375885,0.000959359691478,0.000530354329385,0.000230992285651,0.000185043783858,0.000135837093694,0.000052917523135,0.0000210315465665,0.00000666154255669,0.00000331873911819,4.05626821021e-7],"var":[0.333061248064,21.5446987152,41.7398338318,115.938751221,364.73727417,2562.13720703,1003.74963379,366.383300781,617.312927246,571.837463379,632.691345215,1692.62072754,3955.53173828,1790.21508789,2885.76757812,2113.50854492,3024.0612793,14561.3818359,4797.46875,1537.1204834,1910.86682129,1436.11083984,728.241027832,846.435180664,265.605651855,195.894042969,175.134277344,80.7164382935,36.8145675659,33.4642028809,43.955619812,30.7135391235,11.3642234802,2.82803654671,0.778196156025,0.0712143555284,0.0026023669634,0.000033367145079,1.39151794087e-7,1.55308155225e-9]},"erbbands_crest":{"dmean":2.58596968651,"dmean2":4.23444700241,"dvar":5.19952249527,"dvar2":13.2516613007,"max":27.1038322449,"mean":9.40751743317,"median":8.40378856659,"min":3.18490982056,"var":17.3914394379},"erbbands_flatness_db":{"dmean":0.0162403993309,"dmean2":0.0245192609727,"dvar":0.000289717747364,"dvar2":0.000562112429179,"max":0.25787717104,"mean":0.155677303672,"median":0.15438580513,"min":0.0653093755245,"var":0.00110329105519},"erbbands_kurtosis":{"dmean":1.05748307705,"dmean2":1.7057723999,"dvar":2.32190823555,"dvar2":5.65196323395,"max":19.776802063,"mean":0.722809374332,"median":0.152162909508,"min":-1.67414343357,"var":4.00113201141},"erbbands_skewness":{"dmean":0.400099217892,"dmean2":0.623690903187,"dvar":0.177879348397,"dvar2":0.390889853239,"max":3.90962743759,"mean":0.428147941828,"median":0.25039255619,"min":-2.43118453026,"var":0.673155069351},"erbbands_spread":{"dmean":8.85779285431,"dmean2":13.926867485,"dvar":116.012901306,"dvar2":271.514862061,"max":137.46194458,"mean":36.8532752991,"median":33.298324585,"min":6.94168615341,"var":285.058135986},"gfcc":{"cov":[[6423.53417969,-2401.88378906,-997.336975098,-70.4210357666,-974.530029297,388.227233887,-489.256561279,428.958648682,-309.860534668,302.178741455,-469.546844482,134.619140625,-300.763885498],[-2401.88378906,1520.3001709,356.415496826,-9.58026790619,451.909576416,-282.391174316,230.619125366,-270.648284912,156.59576416,-213.555740356,240.854263306,-122.807022095,152.302047729],[-997.336975098,356.415496826,806.300170898,225.396377563,80.064704895,-24.7070903778,-8.96341609955,-144.6925354,44.5715065002,-94.7929534912,92.0748443604,-14.1020956039,82.2838745117],[-70.4210357666,-9.58026790619,225.396377563,223.566894531,-30.2046833038,-30.4161090851,-41.1204147339,-56.9393959045,6.95133781433,-35.5372810364,22.0248908997,-15.6977024078,35.8652267456],[-974.530029297,451.909576416,80.064704895,-30.2046833038,370.236633301,-32.3522491455,165.42137146,-21.1745166779,67.2940826416,-12.1306905746,81.1019287109,-8.33265209198,38.8162612915],[388.227233887,-282.391174316,-24.7070903778,-30.4161090851,-32.3522491455,171.754501343,4.05100774765,73.5769958496,-26.8862018585,42.1554412842,-35.9589309692,25.800409317,-35.1603775024],[-489.256561279,230.619125366,-8.96341609955,-41.1204147339,165.42137146,4.05100774765,169.974411011,14.6711359024,42.9353942871,-6.76870822906,25.8010177612,-4.25521993637,10.8996324539],[428.958648682,-270.648284912,-144.6925354,-56.9393959045,-21.1745166779,73.5769958496,14.6711359024,149.255569458,-4.45062828064,70.2366867065,-48.290096283,28.7799015045,-38.1041488647],[-309.860534668,156.59576416,44.5715065002,6.95133781433,67.2940826416,-26.8862018585,42.9353942871,-4.45062828064,87.1293640137,14.7972869873,37.6787338257,-12.1029558182,16.0812358856],[302.178741455,-213.555740356,-94.7929534912,-35.5372810364,-12.1306905746,42.1554412842,-6.76870822906,70.2366867065,14.7972869873,122.033462524,-4.88826227188,36.2537841797,-20.9810314178],[-469.546844482,240.854263306,92.0748443604,22.0248908997,81.1019287109,-35.9589309692,25.8010177612,-48.290096283,37.6787338257,-4.88826227188,116.621337891,8.30375385284,47.037563324],[134.619140625,-122.807022095,-14.1020956039,-15.6977024078,-8.33265209198,25.800409317,-4.25521993637,28.7799015045,-12.1029558182,36.2537841797,8.30375385284,72.9313735962,7.85767745972],[-300.763885498,152.302047729,82.2838745117,35.8652267456,38.8162612915,-35.1603775024,10.8996324539,-38.1041488647,16.0812358856,-20.9810314178,47.037563324,7.85767745972,78.0591430664]],"icov":[[0.000551395583898,0.0000253164944297,0.000470276339911,-0.000508493569214,0.000646696251351,-0.000500074587762,0.000607947295066,-0.000353543233359,0.000372046371922,-0.000453613465652,0.000732137123123,-0.000408202118706,0.00041009314009],[0.0000253164944297,0.00736425165087,-0.00142514717299,0.00506627559662,-0.00309520983137,0.00557596515864,-0.00375536829233,0.00384379993193,-0.00345200579613,0.00625799270347,-0.00653134891763,0.00648631667718,-0.00296897161752],[0.000470276339911,-0.00142514717299,0.00297725596465,-0.00327422865666,0.000610860530287,-0.00273055536672,0.00181496038567,0.000267252384219,-0.000261388544459,-0.000443025201093,0.00156949122902,-0.00242012250237,0.000534568098374],[-0.000508493569214,0.00506627559662,-0.00327422865666,0.01102825813,-0.00198048399761,0.00492186797783,-0.00222363881767,0.00306038861163,-0.00279411976226,0.00457623880357,-0.00497760530561,0.006193773821,-0.00427192030475],[0.000646696251351,-0.00309520983137,0.000610860530287,-0.00198048399761,0.00786735769361,-0.00228608469479,-0.00271857716143,-0.00205010920763,0.00154497637413,-0.00365244830027,0.00146838685032,-0.0025921119377,0.00130990962498],[-0.000500074587762,0.00557596515864,-0.00273055536672,0.00492186797783,-0.00228608469479,0.0135720046237,-0.00492903450504,-0.000226191565162,0.0000704830745235,0.00359121453948,-0.00550333270803,0.0044948910363,-0.000546773662791],[0.000607947295066,-0.00375536829233,0.00181496038567,-0.00222363881767,-0.00271857716143,-0.00492903450504,0.014809618704,-0.00390758411959,-0.00156534311827,-0.000897923775483,0.00481643714011,-0.00426218146458,0.00154219707474],[-0.000353543233359,0.00384379993193,0.000267252384219,0.00306038861163,-0.00205010920763,-0.000226191565162,-0.00390758411959,0.0164098795503,-0.00400037877262,-0.000981240766123,0.000393598485971,0.000847031071316,-0.000838203763124],[0.000372046371922,-0.00345200579613,-0.000261388544459,-0.00279411976226,0.00154497637413,0.0000704830745235,-0.00156534311827,-0.00400037877262,0.0206036306918,-0.00867393054068,-0.000480504211737,0.00219226907939,0.000750198494643],[-0.000453613465652,0.00625799270347,-0.000443025201093,0.00457623880357,-0.00365244830027,0.00359121453948,-0.000897923775483,-0.000981240766123,-0.00867393054068,0.0208256561309,-0.00803749077022,0.0000762898635003,-0.00029302528128],[0.000732137123123,-0.00653134891763,0.00156949122902,-0.00497760530561,0.00146838685032,-0.00550333270803,0.00481643714011,0.000393598485971,-0.000480504211737,-0.00803749077022,0.0224332977086,-0.00928517431021,-0.00213728123344],[-0.000408202118706,0.00648631667718,-0.00242012250237,0.006193773821,-0.0025921119377,0.0044948910363,-0.00426218146458,0.000847031071316,0.00219226907939,0.0000762898635003,-0.00928517431021,0.0259907022119,-0.00765309901908],[0.00041009314009,-0.00296897161752,0.000534568098374,-0.00427192030475,0.00130990962498,-0.000546773662791,0.00154219707474,-0.000838203763124,0.000750198494643,-0.00029302528128,-0.00213728123344,-0.00765309901908,0.0218857862055]],"mean":[-20.4462947845,115.510101318,-106.687995911,40.4711837769,-40.4432449341,26.0969181061,-26.4749145508,11.6176052094,-18.3978424072,-1.35499417782,-9.2972650528,-6.40063619614,-9.49388885498]},"hfc":{"dmean":3.8826315403,"dmean2":5.97787714005,"dvar":31.918592453,"dvar2":71.2138214111,"max":117.872749329,"mean":17.7566452026,"median":10.1795368195,"min":0.0715460553765,"var":382.480041504},"melbands":{"dmean":[0.00253837043419,0.00196928181686,0.000755481654778,0.000539519649465,0.000241450674366,0.00009131499246,0.0000910163653316,0.000091514106316,0.0000648210916552,0.0000717219299986,0.000114926500828,0.0000426604201493,0.0000502491420775,0.0000401582583436,0.0000338880781783,0.0000242672449531,0.0000615358439973,0.0000215741274587,0.0000168122587638,0.0000130159132823,0.0000114151516755,0.00000903349427972,0.00000835349146655,0.00000601546526013,0.00000741420581107,0.00000335862591783,0.00000332297327077,0.00000244448187914,0.00000222471430789,0.00000159996477578,0.00000158523471327,0.00000106902029984,9.47367254867e-7,9.08991069082e-7,0.00000109948223326,9.62238800639e-7,8.63918899086e-7,6.81153494497e-7,5.17359637797e-7,2.82552150566e-7],"dmean2":[0.00416631065309,0.00328844878823,0.00132748996839,0.000834279053379,0.000354373303708,0.000144399047713,0.000139474519528,0.000148169419845,0.000105316881672,0.000111633533379,0.000188802863704,0.0000666599662509,0.0000830483986647,0.0000647205379209,0.0000563980102015,0.0000383564038202,0.000104790546175,0.0000347218410752,0.000027627169402,0.0000213338989852,0.0000185747721844,0.0000144983123391,0.0000137923598231,0.0000101110417745,0.000012391893506,0.00000551704033569,0.00000537956339031,0.00000399594000555,0.00000345555054082,0.00000252890708907,0.00000258952218246,0.00000167699499798,0.00000148710512349,0.00000141968541811,0.00000179997425676,0.00000160505078384,0.00000141437340062,0.00000107853668396,7.88636612015e-7,4.24618690431e-7],"dvar":[0.0000255002505583,0.0000163466302183,0.00000452628637504,0.00000123898041693,3.89903732412e-7,7.73935084908e-8,4.88218283579e-8,3.15773007742e-8,2.60455728096e-8,3.04551122099e-8,5.05980750631e-8,1.39594629189e-8,1.47202072753e-8,9.3015559699e-9,9.67828750476e-9,3.75626463267e-9,2.77174105889e-8,3.54132834168e-9,2.89898682837e-9,1.22440690919e-9,7.60217944151e-10,5.70863634142e-10,4.95276930579e-10,1.99986124882e-10,2.14848722146e-10,4.62096819143e-11,8.46243838892e-11,3.16686052382e-11,2.73361628472e-11,1.4622624292e-11,1.47983014731e-11,5.59696299723e-12,6.04625290807e-12,5.09515736893e-12,1.08967262297e-11,8.6480735767e-12,8.22929745181e-12,3.46516283549e-12,1.40761556057e-12,7.06625675941e-13],"dvar2":[0.0000667947897455,0.0000416232687712,0.0000133184976221,0.00000293699372378,7.51896777729e-7,1.42358302924e-7,9.60673816053e-8,7.78268685053e-8,6.21313418492e-8,7.09512661956e-8,1.32258080043e-7,2.90937478553e-8,3.44584378809e-8,2.37787478596e-8,2.41858639782e-8,8.26406409971e-9,7.97521408913e-8,8.40153457915e-9,7.60402230071e-9,2.64631849767e-9,1.8913552946e-9,1.40884426347e-9,1.25577237498e-9,5.73068092979e-10,6.07463357394e-10,1.27246824189e-10,2.12521916731e-10,7.65109364753e-11,6.2686682234e-11,2.86595608356e-11,3.73900563289e-11,1.24906326601e-11,1.40911301724e-11,1.06195590516e-11,2.58632854716e-11,2.16824613819e-11,2.02736924471e-11,7.25851453595e-12,2.96853991041e-12,1.40028917281e-12],"max":[0.0500222109258,0.0339184701443,0.0236827041954,0.0189508292824,0.0146018229425,0.0115676866844,0.00537978298962,0.00309084448963,0.00377872865647,0.00378453917801,0.00316375284456,0.00262063206173,0.00294036208652,0.00182878191117,0.00297236815095,0.00134295038879,0.00304140849039,0.00153792928904,0.00121879216749,0.00100017210934,0.00055545772193,0.000548032752704,0.000472586601973,0.000226925432798,0.000252428202657,0.000101885736512,0.000233102211496,0.000105054627056,0.000109706888907,0.0000984087455436,0.0000702504694345,0.0000559412146686,0.0000580682753935,0.000067002576543,0.0000823231312097,0.0000796567837824,0.0000725249774405,0.0000408227097068,0.0000225797557505,0.0000213896291825],"mean":[0.00383159867488,0.00320407911204,0.00130057474598,0.00130739458837,0.000571348937228,0.000138530624099,0.000166679019458,0.000143286422826,0.000103492260678,0.000128145766212,0.000185125158168,0.0000808240947663,0.0000863568129716,0.000073625407822,0.0000620447608526,0.0000486055214424,0.000109934830107,0.0000493541519972,0.0000305564244627,0.0000262014564214,0.0000254574933933,0.0000196867076738,0.0000163964759849,0.0000126485056171,0.0000157596496138,0.0000074221657087,0.0000065402191467,0.00000492311755806,0.00000475050137538,0.00000348518346982,0.00000285711507786,0.00000209496192838,0.00000163325637459,0.00000155641498623,0.00000175212232989,0.00000152065911152,0.00000136674884743,0.00000112458383228,8.4117817778e-7,5.11378630108e-7],"median":[0.00218984344974,0.00199723197147,0.000868936476763,0.000174216067535,0.000100727193058,0.0000493088300573,0.0000534461214556,0.0000448886712547,0.0000346339511452,0.0000411363507737,0.0000618616031716,0.000016413981939,0.0000146113998198,0.0000172474410647,0.0000171133760887,0.0000125824244606,0.0000242854202952,0.00000686459497956,0.00000452923859484,0.00000438876077169,0.00000383232327295,0.00000346922593053,0.00000304279342345,0.00000203181707548,0.00000340205497196,8.43539851303e-7,9.61863406701e-7,7.8589715713e-7,5.79615857532e-7,4.96187681165e-7,3.57891792646e-7,3.92759574197e-7,3.23389485857e-7,2.29475801916e-7,2.5911828061e-7,4.41064969436e-7,3.44854584e-7,1.90995308458e-7,1.41340407822e-7,3.96162000982e-8],"min":[0.00000316295586344,2.45806717203e-7,3.63350494581e-7,2.62232788373e-7,7.12851502271e-8,3.92129777538e-8,6.3582177745e-8,7.19572739172e-8,1.89051235111e-7,1.01410307707e-7,1.03706597088e-7,1.02126740842e-7,4.30317896871e-8,2.39688624504e-8,1.08836644586e-7,2.37980923856e-8,5.74808716181e-8,3.06496374947e-8,1.43583172019e-8,3.9856060674e-9,7.81957520957e-9,1.03016333242e-8,4.42905356834e-9,5.32707167267e-9,1.09725570852e-8,2.26846363915e-9,1.36757849489e-9,1.1421599222e-9,1.15605713891e-9,1.89925786209e-9,5.13416309467e-10,7.31308957835e-10,2.91095730853e-10,3.71924491205e-10,6.43255171351e-10,2.45124809339e-10,2.84722800892e-10,1.42508588263e-10,1.50353715589e-10,1.01829301935e-10],"var":[0.0000291924534395,0.0000174362285179,0.00000335364006787,0.00000610404777035,0.00000221183654503,1.86364630395e-7,1.41351193861e-7,6.15482775856e-8,4.46371721807e-8,7.07741989459e-8,9.80987877597e-8,2.82309944311e-8,3.23330944241e-8,2.57682195581e-8,1.77205663476e-8,1.16219309731e-8,6.79716762875e-8,1.39258400367e-8,5.68726576944e-9,3.17843107389e-9,2.92625634835e-9,2.04328065578e-9,1.02224195775e-9,4.74362937819e-10,6.62659316308e-10,1.53169268935e-10,1.59039947878e-10,8.65453819721e-11,8.82827491666e-11,4.2890350993e-11,2.91142561448e-11,1.43281905438e-11,1.05081100071e-11,1.16870905315e-11,1.85758613352e-11,1.2477020285e-11,1.20167036044e-11,6.87437086422e-12,3.51501943871e-12,1.78202905991e-12]},"melbands_crest":{"dmean":3.04843521118,"dmean2":5.07338285446,"dvar":8.34932231903,"dvar2":22.8509731293,"max":35.5903816223,"mean":16.8588657379,"median":16.5032615662,"min":4.58340787888,"var":32.8696670532},"melbands_flatness_db":{"dmean":0.0320134311914,"dmean2":0.0499854125082,"dvar":0.00135681126267,"dvar2":0.00286327535287,"max":0.573018610477,"mean":0.265376120806,"median":0.274280905724,"min":0.0747004449368,"var":0.0121269971132},"melbands_kurtosis":{"dmean":18.0554847717,"dmean2":29.9317703247,"dvar":1351.33483887,"dvar2":3621.40014648,"max":613.550170898,"mean":33.0620918274,"median":17.9012718201,"min":-1.03014075756,"var":2469.46020508},"melbands_skewness":{"dmean":0.991638362408,"dmean2":1.60436916351,"dvar":1.52393162251,"dvar2":3.85031485558,"max":16.9885635376,"mean":3.78327822685,"median":3.53337430954,"min":-0.752946794033,"var":5.57305049896},"melbands_spread":{"dmean":3.75933265686,"dmean2":6.09844064713,"dvar":24.3025417328,"dvar2":53.0820007324,"max":105.721878052,"mean":17.0447177887,"median":9.38688278198,"min":0.334724396467,"var":274.470703125},"mfcc":{"cov":[[7354.46826172,-2568.51220703,-586.444152832,-781.894958496,-580.347900391,-294.279266357,-250.557098389,-87.7547836304,86.9591445923,25.2664756775,-74.7126235962,-71.405456543,161.803710938],[-2568.51220703,1484.32995605,-5.56035518646,288.821014404,191.906402588,88.9291305542,102.343086243,33.5829353333,-43.6584815979,-15.9597625732,20.8409690857,20.1330165863,-37.4658088684],[-586.444152832,-5.56035518646,752.269287109,173.901290894,118.251663208,65.2701873779,-46.2086219788,-24.9722957611,-81.5226211548,-38.7871780396,-54.8379478455,-38.319316864,-85.0564346313],[-781.894958496,288.821014404,173.901290894,285.085174561,96.2774353027,29.5754451752,1.97295129299,-20.2562160492,-25.756401062,-11.7644548416,-23.9600944519,-2.18498206139,-29.1460895538],[-580.347900391,191.906402588,118.251663208,96.2774353027,158.038696289,43.4751205444,33.2868499756,3.03164410591,-12.390250206,-2.0365717411,7.29017114639,19.5346298218,-18.2041950226],[-294.279266357,88.9291305542,65.2701873779,29.5754451752,43.4751205444,98.3484725952,39.2028846741,15.1692743301,4.53979301453,-3.21532964706,9.68908023834,2.04770684242,6.46577644348],[-250.557098389,102.343086243,-46.2086219788,1.97295129299,33.2868499756,39.2028846741,106.587432861,38.67993927,25.3011646271,-2.61528015137,11.9037857056,15.6626501083,21.1446704865],[-87.7547836304,33.5829353333,-24.9722957611,-20.2562160492,3.03164410591,15.1692743301,38.67993927,83.2403106689,27.0068073273,2.12906861305,9.06498527527,0.490879029036,13.1121063232],[86.9591445923,-43.6584815979,-81.5226211548,-25.756401062,-12.390250206,4.53979301453,25.3011646271,27.0068073273,89.6668624878,23.4363136292,22.9320602417,3.92409229279,23.9314880371],[25.2664756775,-15.9597625732,-38.7871780396,-11.7644548416,-2.0365717411,-3.21532964706,-2.61528015137,2.12906861305,23.4363136292,67.9417419434,28.0227603912,8.66133403778,-8.77775764465],[-74.7126235962,20.8409690857,-54.8379478455,-23.9600944519,7.29017114639,9.68908023834,11.9037857056,9.06498527527,22.9320602417,28.0227603912,80.200302124,28.5450305939,8.99230575562],[-71.405456543,20.1330165863,-38.319316864,-2.18498206139,19.5346298218,2.04770684242,15.6626501083,0.490879029036,3.92409229279,8.66133403778,28.5450305939,70.4629821777,20.4067611694],[161.803710938,-37.4658088684,-85.0564346313,-29.1460895538,-18.2041950226,6.46577644348,21.1446704865,13.1121063232,23.9314880371,-8.77775764465,8.99230575562,20.4067611694,113.243309021]],"icov":[[0.000508248747792,0.000701375422068,0.000271279277513,0.000393657275708,0.000354846764822,0.000241819463554,0.000324786058627,0.000204027557629,0.0000726992293494,-0.0000373184302589,0.000410614185967,0.00022254405485,-0.000321070081554],[0.000701375422068,0.00204576877877,0.000836031453218,-0.000508329947479,-0.000202746130526,-0.0000534983555553,-0.0000721167525626,-0.000208919984289,0.000928272376768,0.0001597681985,0.0000911409952096,0.000564803543966,-0.000112883542897],[0.000271279277513,0.000836031453218,0.00245923176408,-0.000817952386569,-0.001162567758,-0.00145894731395,0.00135656958446,-0.000454796885606,0.00122297392227,0.000630635593552,0.000672538415529,0.000758322246838,0.000821736233775],[0.000393657275708,-0.000508329947479,-0.000817952386569,0.00627747457474,-0.00162064016331,0.000289897870971,0.000795517524239,0.00166562164668,-0.000897769699804,-0.000263400521362,0.00204336526804,-0.000105804749182,-0.000321684638038],[0.000354846764822,-0.000202746130526,-0.001162567758,-0.00162064016331,0.011117650196,-0.00154548313003,-0.00231326534413,0.000522914866451,0.000267967348918,-0.000403416459449,-0.000464399781777,-0.00281158043072,0.000838053179905],[0.000241819463554,-0.0000534983555553,-0.00145894731395,0.000289897870971,-0.00154548313003,0.0146005563438,-0.0045271650888,-0.0000178592072189,-0.000297581369523,0.0000649908106425,-0.00200925813988,0.00180635927245,-0.00171715032775],[0.000324786058627,-0.0000721167525626,0.00135656958446,0.000795517524239,-0.00231326534413,-0.0045271650888,0.0158285908401,-0.00470427330583,-0.00249118218198,0.00168744463008,0.00134486355819,-0.00195776880719,-0.000885184505023],[0.000204027557629,-0.000208919984289,-0.000454796885606,0.00166562164668,0.000522914866451,-0.0000178592072189,-0.00470427330583,0.0160151962191,-0.00358610786498,0.000314773205901,-0.000197574889171,0.0012741216924,-0.000596104946453],[0.0000726992293494,0.000928272376768,0.00122297392227,-0.000897769699804,0.000267967348918,-0.000297581369523,-0.00249118218198,-0.00358610786498,0.0165374781936,-0.00448964117095,-0.00253388867714,0.00225833826698,-0.00221739918925],[-0.0000373184302589,0.0001597681985,0.000630635593552,-0.000263400521362,-0.000403416459449,0.0000649908106425,0.00168744463008,0.000314773205901,-0.00448964117095,0.0194849763066,-0.00556745938957,-0.000815056788269,0.00314005231485],[0.000410614185967,0.0000911409952096,0.000672538415529,0.00204336526804,-0.000464399781777,-0.00200925813988,0.00134486355819,-0.000197574889171,-0.00253388867714,-0.00556745938957,0.0188469346613,-0.00609869835898,-0.00000729303974367],[0.00022254405485,0.000564803543966,0.000758322246838,-0.000105804749182,-0.00281158043072,0.00180635927245,-0.00195776880719,0.0012741216924,0.00225833826698,-0.000815056788269,-0.00609869835898,0.019263535738,-0.0034533443395],[-0.000321070081554,-0.000112883542897,0.000821736233775,-0.000321684638038,0.000838053179905,-0.00171715032775,-0.000885184505023,-0.000596104946453,-0.00221739918925,0.00314005231485,-0.00000729303974367,-0.0034533443395,0.0115882921964]],"mean":[-665.643737793,140.824249268,4.09434700012,26.7656955719,15.7905483246,15.1801185608,10.7949590683,12.1065330505,2.01327681541,8.95961284637,3.38711237907,4.2288312912,-7.85320138931]},"pitch_salience":{"dmean":0.0752319917083,"dmean2":0.127066701651,"dvar":0.00664912210777,"dvar2":0.0186569336802,"max":0.859020292759,"mean":0.473983645439,"median":0.488500416279,"min":0.0932884886861,"var":0.0160904806107},"silence_rate_20dB":{"dmean":0,"dmean2":0,"dvar":0,"dvar2":0,"max":1,"mean":1,"median":1,"min":1,"var":0},"silence_rate_30dB":{"dmean":0.0321446508169,"dmean2":0.0638190954924,"dvar":0.0311117656529,"dvar2":0.0808526873589,"max":1,"mean":0.978413641453,"median":1,"min":0,"var":0.0211200118065},"silence_rate_60dB":{"dmean":0.000502260169014,"dmean2":0.00100502511486,"dvar":0.000502007780597,"dvar2":0.00100401462987,"max":1,"mean":0.00702811265364,"median":0,"min":0,"var":0.0069787199609},"spectral_centroid":{"dmean":192.230041504,"dmean2":303.619384766,"dvar":57709.84375,"dvar2":124040.710938,"max":3917.07177734,"mean":1041.08581543,"median":859.768493652,"min":122.450531006,"var":425767},"spectral_complexity":{"dmean":2.48166751862,"dmean2":4.08341693878,"dvar":6.87044143677,"dvar2":17.760887146,"max":54,"mean":17.700302124,"median":12,"min":0,"var":174.339355469},"spectral_contrast_coeffs":{"dmean":[0.0465937741101,0.0449707470834,0.0392335467041,0.0295975040644,0.0216003414243,0.017773790285],"dmean2":[0.0775157511234,0.0735454261303,0.0646749958396,0.0489716902375,0.0349396057427,0.0276070330292],"dvar":[0.0014141012216,0.00129646353889,0.000973060785327,0.000535484403372,0.000304504530504,0.000235868559685],"dvar2":[0.00390223762952,0.00332048209384,0.00254444242455,0.001451375545,0.000762159703299,0.000547233386897],"max":[-0.373164087534,-0.490747302771,-0.496081769466,-0.637695610523,-0.654404819012,-0.644703984261],"mean":[-0.65569627285,-0.760064184666,-0.754476726055,-0.781381845474,-0.791311204433,-0.766660928726],"median":[-0.667767643929,-0.766298770905,-0.755608439445,-0.782366752625,-0.790183901787,-0.766902327538],"min":[-0.908477962017,-0.908705532551,-0.917303800583,-0.910115361214,-0.891213715076,-0.850584924221],"var":[0.00733471242711,0.00398005358875,0.00340693630278,0.0020119487308,0.00111944321543,0.00111371988896]},"spectral_contrast_valleys":{"dmean":[0.376113265753,0.369044154882,0.31360411644,0.263077825308,0.237176522613,0.349106013775],"dmean2":[0.636099457741,0.602210998535,0.519952178001,0.432671278715,0.356862425804,0.471625119448],"dvar":[0.105384401977,0.12673638761,0.0752658098936,0.0631461590528,0.0681036859751,0.221115425229],"dvar2":[0.265858471394,0.341835141182,0.199146836996,0.155511587858,0.131119951606,0.377511322498],"max":[-5.08215999603,-4.87032651901,-5.48266553879,-5.77573108673,-5.71726512909,-8.03129482269],"mean":[-6.79044437408,-7.0544052124,-7.47396039963,-7.81056499481,-7.94142436981,-10.6572446823],"median":[-6.79365158081,-7.10116481781,-7.62601900101,-8.04935264587,-8.17654418945,-10.4983711243],"min":[-10.6461362839,-9.78045463562,-10.1032485962,-10.7237567902,-11.0860748291,-13.5892057419],"var":[0.345415472984,0.552587151527,0.930916428566,0.908257007599,1.12297546864,1.89953804016]},"spectral_decrease":{"dmean":3.39112715686e-9,"dmean2":5.48271694711e-9,"dvar":3.36321446199e-17,"dvar2":8.0919538993e-17,"max":-1.89482526891e-11,"mean":-9.10940123333e-9,"median":-7.20264647924e-9,"min":-5.14894686887e-8,"var":5.14033921617e-17},"spectral_energy":{"dmean":0.0130239836872,"dmean2":0.021039487794,"dvar":0.000488409248646,"dvar2":0.00117445120122,"max":0.195704728365,"mean":0.0359915159643,"median":0.0287787653506,"min":0.000078004624811,"var":0.000770496146288},"spectral_energyband_high":{"dmean":0.000231461948715,"dmean2":0.000356324628228,"dvar":2.59770160937e-7,"dvar2":5.03635646965e-7,"max":0.0144546162337,"mean":0.000611951632891,"median":0.000141648633871,"min":2.06381031376e-7,"var":0.0000010006614275},"spectral_energyband_low":{"dmean":0.0108695719391,"dmean2":0.0179167948663,"dvar":0.000442503282102,"dvar2":0.00109089189209,"max":0.191580593586,"mean":0.0202247593552,"median":0.0136433634907,"min":0.0000154772678798,"var":0.000544727081433},"spectral_energyband_middle_high":{"dmean":0.00119124888442,"dmean2":0.00187327945605,"dvar":0.00000478385618408,"dvar2":0.0000117040935947,"max":0.0517669096589,"mean":0.0052911429666,"median":0.00148292910308,"min":0.00000956001895247,"var":0.0000614037999185},"spectral_energyband_middle_low":{"dmean":0.00423340126872,"dmean2":0.00689875986427,"dvar":0.0000615611716057,"dvar2":0.000162130629178,"max":0.0731227993965,"mean":0.0111761251464,"median":0.00583860930055,"min":0.0000063563115873,"var":0.000165648350958},"spectral_entropy":{"dmean":0.199164882302,"dmean2":0.306197822094,"dvar":0.0578319765627,"dvar2":0.115250632167,"max":8.48562049866,"mean":7.34730482101,"median":7.2876701355,"min":5.72816371918,"var":0.319895923138},"spectral_flux":{"dmean":0.0300376173109,"dmean2":0.0493487417698,"dvar":0.00180893298239,"dvar2":0.00403890339658,"max":0.360094666481,"mean":0.0882212370634,"median":0.0767846703529,"min":0.00724993040785,"var":0.00304371723905},"spectral_kurtosis":{"dmean":1.98470497131,"dmean2":3.1736369133,"dvar":5.63378715515,"dvar2":13.922791481,"max":28.4756984711,"mean":5.69435358047,"median":4.66047763824,"min":-0.406299114227,"var":14.0871706009},"spectral_rms":{"dmean":0.00100123812445,"dmean2":0.00158308853861,"dvar":0.00000186675822533,"dvar2":0.00000422958009949,"max":0.013817794621,"mean":0.00553774414584,"median":0.00529875839129,"min":0.000275866041193,"var":0.00000444715442427},"spectral_rolloff":{"dmean":218.457000732,"dmean2":386.731719971,"dvar":224121.09375,"dvar2":543354,"max":8074.95117188,"mean":822.120788574,"median":387.59765625,"min":64.599609375,"var":760331},"spectral_skewness":{"dmean":0.252308964729,"dmean2":0.387260258198,"dvar":0.0740986913443,"dvar2":0.165467560291,"max":4.37031698227,"mean":1.76710855961,"median":1.68122303486,"min":0.0850119069219,"var":0.24783937633},"spectral_spread":{"dmean":587673.875,"dmean2":871192.5625,"dvar":781950648320,"dvar2":1422367916030,"max":12270929,"mean":4128880.5,"median":4025671.75,"min":1761171.25,"var":1957331075070},"spectral_strongpeak":{"dmean":0.284155219793,"dmean2":0.492202043533,"dvar":0.328146994114,"dvar2":0.848255217075,"max":8.6747045517,"mean":0.597233295441,"median":0.358408093452,"min":0,"var":0.494010984898},"zerocrossingrate":{"dmean":0.00677021220326,"dmean2":0.00872747506946,"dvar":0.0000726345606381,"dvar2":0.000097691990959,"max":0.1875,"mean":0.0386359877884,"median":0.026611328125,"min":0.0029296875,"var":0.000835236278363}},"metadata":{"audio_properties":{"analysis_sample_rate":44100,"bit_rate":0,"codec":"flac","downmix":"mix","equal_loudness":0,"length":46.2266426086,"lossless":true,"md5_encoded":"0fdd1567a81de439bd57d99d7231598e","replay_gain":-13.1178531647,"sample_rate":96000},"tags":{"acoustid_id":["88e717f6-9840-4526-a533-e85000ea5aa6"],"album":["Everything Now"],"albumartist":["Arcade Fire"],"albumartistsort":["Arcade Fire"],"artist":["Arcade Fire"],"artistsort":["Arcade Fire"],"asin":["B071LJJYCR"],"barcode":["889854478520"],"catalognumber":["88985447852"],"composer":["Arcade Fire"],"date":["2017"],"discnumber":["1"],"disctotal":["1"],"file_name":"01. Arcade Fire - Everything_Now (continued).flac","genre":["Indie Rock"],"label":["Sonovox Records"],"media":["CD"],"musicbrainz album type":["Album"],"musicbrainz_albumartistid":["52074ba6-e495-4ef3-9bb4-0703888a9f68"],"musicbrainz_albumid":["3502e1c3-03fe-4196-b56e-20ff8b82c957"],"musicbrainz_artistid":["52074ba6-e495-4ef3-9bb4-0703888a9f68"],"musicbrainz_recordingid":["6bc8e807-7c7f-4979-a4c6-0934f6e587dc"],"musicbrainz_releasegroupid":["7a2b865d-0e23-45de-bf08-f0fcbd364883"],"musicbrainz_releasetrackid":["f8cd5d81-dcfe-48c4-873c-6010c2548823"],"originaldate":["2017-07-27"],"originalyear":["2017"],"releasecountry":["US"],"releasestatus":["official"],"releasetype":["album"],"script":["Latn"],"title":["Everything_Now (continued)"],"totaldiscs":["1"],"totaltracks":["13"],"tracknumber":["1/13"],"tracktotal":["13"],"website":["http://arcadefire.com/"]},"version":{"essentia":"2.1-beta2","essentia_build_sha":"c0e182ba78c2de26e491b7b7a4a2c98c1ed34208","essentia_git_sha":"v2.1_beta2-2-gbb40004","extractor":"music 1.0"}},"rhythm":{"beats_count":106,"beats_loudness":{"dmean":0.0446253456175,"dmean2":0.0849043503404,"dvar":0.0015245975228,"dvar2":0.0051420647651,"max":0.160436838865,"mean":0.0520544312894,"median":0.0476428642869,"min":0.00517604500055,"var":0.00134769058786},"beats_loudness_ban