{"lowlevel":{"average_loudness":0.242855504155,"barkbands":{"dmean":[0.0000390498607885,0.00134266947862,0.00160148367286,0.00121853745077,0.00176722521428,0.00137092533987,0.00113025528844,0.000510524841957,0.000480016489746,0.000293810036965,0.000182637435501,0.000171067236806,0.000342232728144,0.000280669337371,0.000103748498077,0.000160292111104,0.000207788558328,0.0000919684753171,0.0000405064020015,0.0000212699305848,0.0000197293047677,0.0000281550528598,0.00000529180260855,0.00000530142369826,0.00000491583796247,0.00000227304076361,8.184907756e-7],"dmean2":[0.0000646484622848,0.00211631250568,0.00258084130473,0.00186495145317,0.002728512045,0.00223577115685,0.0018178562168,0.000821919587906,0.00077125383541,0.000469400343718,0.00028772992664,0.000281138840364,0.000544158800039,0.000446166377515,0.000166887897649,0.000265485985437,0.000339108344633,0.000155100904522,0.0000704834601493,0.0000362952014257,0.0000315485376632,0.0000443898388767,0.00000856389669934,0.00000869879841048,0.00000801035912446,0.00000367073448615,0.00000132155992105],"dvar":[2.72970481774e-8,0.00000517889111507,0.0000116975852507,0.00000599508166488,0.00000945553347265,0.00000715134046914,0.00000550442837266,0.00000360192848348,0.00000439346013081,0.0000054405636547,0.00000252483096119,5.09332664933e-7,0.00000288829664896,0.00000388446051147,1.9781799665e-7,4.43133245653e-7,4.43610758794e-7,1.33854612727e-7,5.87752460035e-8,1.02952810721e-8,9.82523307158e-9,1.54474619762e-8,4.25908336377e-10,2.46135223314e-10,3.19465787157e-10,5.85621551252e-11,6.69191611846e-12],"dvar2":[7.10664167514e-8,0.0000127110852191,0.0000289663603326,0.0000136041371661,0.0000207439115911,0.0000171642022906,0.0000135484451675,0.00000848742729431,0.000009505082744,0.000012075603081,0.00000524673032487,0.00000124811674596,0.00000628414227322,0.00000791767797637,4.45082889655e-7,0.00000115137697776,0.00000109720190267,3.8317963913e-7,1.69111530113e-7,2.92709199101e-8,2.47907685491e-8,3.44840387356e-8,1.05884745416e-9,6.2652555366e-10,8.11500477926e-10,1.46868864292e-10,1.62815438215e-11],"max":[0.00718255573884,0.0510184764862,0.100759230554,0.0928227007389,0.0851949900389,0.0742859095335,0.054995752871,0.103459402919,0.112160801888,0.152524754405,0.119072802365,0.0284394100308,0.0825051814318,0.14013081789,0.0223850831389,0.0251864381135,0.026960041374,0.0181470792741,0.0153539571911,0.00381093472242,0.00494598876685,0.007812961936,0.000981869059615,0.000693739508279,0.000921707891393,0.000254710670561,0.000102224468719],"mean":[0.0000773277497501,0.0025050486438,0.00277395755984,0.00244474946521,0.00392211275175,0.00251280143857,0.00199171761051,0.000774955260567,0.000812403159216,0.000435561378254,0.000285989197437,0.00028737843968,0.000642947677989,0.000483683514176,0.000196870707441,0.000274113146588,0.000410885986639,0.000200849332032,0.0000639132776996,0.0000419161915488,0.0000460635237687,0.0000702313045622,0.000015737809008,0.0000162146261573,0.0000152591292135,0.00000664603385303,0.00000239173141381],"median":[0.00000657002783555,0.00104383379221,0.000977592775598,0.000654141767882,0.00123144371901,0.00090953335166,0.000672738242429,0.000196783919819,0.00017277317238,0.0000970766341197,0.0000688682775944,0.0000832452205941,0.0000856562546687,0.0000593091317569,0.0000528266173205,0.0000665354164084,0.000126256854855,0.0000316435252898,0.000017596712496,0.00000747675676394,0.00000547474610357,0.00000485744658363,0.00000184094119504,0.00000255969871432,0.00000179149571977,6.66563892082e-7,2.71840633559e-7],"min":[5.8423610394e-10,2.46031603979e-8,3.3146299927e-8,2.12322373017e-8,9.05889141478e-9,4.68068561688e-9,2.80751777382e-9,8.40586045214e-10,3.36071587226e-10,2.19311097061e-10,4.08879818892e-10,3.71808639432e-10,5.71736602506e-10,3.81960157947e-10,3.15544729235e-10,4.23981433295e-10,3.21655896363e-10,2.65832383883e-10,2.58339655224e-10,2.75565570362e-10,2.14385786901e-10,1.88493845532e-10,2.49986586986e-10,4.98887264833e-10,8.78637995694e-10,1.21605248093e-9,2.00422323182e-9],"var":[4.98898984347e-8,0.0000143507440953,0.0000285441565211,0.0000211915212276,0.000043990155973,0.0000198382076633,0.0000148672470459,0.00000688662703396,0.00000890891897143,0.00000988190186035,0.00000477458524983,9.25169160837e-7,0.00000618354988546,0.0000102641015474,4.39471278924e-7,8.04460341897e-7,0.00000127846215037,3.41382587976e-7,4.22024726277e-8,1.20867982289e-8,2.19864393358e-8,5.31651664915e-8,1.49201562216e-9,1.09826958639e-9,1.19453735792e-9,2.14153778044e-10,2.66957757983e-11]},"barkbands_crest":{"dmean":2.41406106949,"dmean2":3.99312734604,"dvar":4.74988412857,"dvar2":12.3521490097,"max":25.4056549072,"mean":9.62769031525,"median":8.76365852356,"min":2.92483997345,"var":13.564409256},"barkbands_flatness_db":{"dmean":0.0216153170913,"dmean2":0.0341284200549,"dvar":0.000398052594392,"dvar2":0.000977138988674,"max":0.497696369886,"mean":0.175191253424,"median":0.171171337366,"min":0.0308985542506,"var":0.0041298577562},"barkbands_kurtosis":{"dmean":3.35869026184,"dmean2":5.41702413559,"dvar":32.2367362976,"dvar2":79.1805038452,"max":271.572601318,"mean":6.81810379028,"median":4.40325260162,"min":-1.85972452164,"var":116.414611816},"barkbands_skewness":{"dmean":0.519281029701,"dmean2":0.83392739296,"dvar":0.262251019478,"dvar2":0.670162379742,"max":11.2710962296,"mean":1.82647776604,"median":1.8028408289,"min":-2.69904351234,"var":1.39184403419},"barkbands_spread":{"dmean":3.38445949554,"dmean2":5.48238945007,"dvar":15.4540643692,"dvar2":39.6996650696,"max":60.2371788025,"mean":12.8586816788,"median":10.6255607605,"min":0.418033331633,"var":73.4256286621},"dissonance":{"dmean":0.0224410649389,"dmean2":0.0383893735707,"dvar":0.000512049591634,"dvar2":0.00144928670488,"max":0.500000119209,"mean":0.463174402714,"median":0.469655990601,"min":0.231793284416,"var":0.000797900371253},"dynamic_complexity":5.75786781311,"erbbands":{"dmean":[0.0215173959732,0.370644748211,1.62829148769,2.9802467823,4.61841011047,7.2684135437,8.40092372894,12.3278989792,16.2156677246,13.2755594254,11.1122865677,10.5040740967,8.82429790497,8.11196804047,5.70559740067,7.29087877274,15.0250997543,14.931224823,7.0574836731,5.73108577728,9.3145532608,10.7044830322,5.42075872421,2.40888953209,1.36499655247,1.00663280487,0.9798656106,0.857067525387,1.11277234554,0.332071244717,0.144314855337,0.140068903565,0.07743242383,0.0661499127746,0.0323252752423,0.0123414210975,0.00395476771519,0.000875960686244,0.000126966595417,0.0000141573536894],"dmean2":[0.033452026546,0.588218092918,2.63769769669,4.60003709793,7.05699872971,11.4543046951,13.6814012527,20.2175865173,26.0926856995,21.4500827789,17.4792423248,16.8067455292,13.8406877518,12.5062923431,9.32611656189,11.8036117554,23.4188766479,23.2737827301,11.0473566055,9.22676944733,15.4530792236,17.3164577484,9.04505825043,4.16675043106,2.34854865074,1.71771419048,1.5842602253,1.3854072094,1.74792897701,0.524608671665,0.23506090045,0.229108631611,0.126854509115,0.108673781157,0.0524367578328,0.0199462175369,0.00643946789205,0.00141644582618,0.000206600103411,0.0000220505517063],"dvar":[0.00240484299138,0.383454859257,10.9873924255,35.3930931091,81.3900604248,184.531402588,290.24822998,636.645751953,1259.48339844,977.147583008,2310.52734375,2151.09765625,3048.73608398,6889.81103516,1056.13793945,765.552001953,4920.55664062,9942.17675781,2332.32958984,626.764038086,1195.64599609,1340.79541016,358.451416016,342.295410156,35.1083259583,20.0663509369,27.9316749573,21.1857242584,19.327293396,1.77511096001,0.295211225748,0.198008790612,0.0463112406433,0.0617532357574,0.0112824887037,0.00155125628226,0.000229030367336,0.00000672495434628,1.66047783523e-7,1.12779829919e-9],"dvar2":[0.00530029926449,0.961085915565,27.7697124481,82.907913208,179.90171814,434.350280762,716.760925293,1551.91235352,3096.90942383,2253.29663086,5106.80615234,4855.96435547,6561.01611328,11768.4375,2553.90966797,1784.23474121,10986.3027344,19071.8828125,5272.17773438,1528.7286377,3076.51513672,3210.39306641,1021.61419678,985.406921387,102.463226318,57.35105896,69.5702590942,53.7026901245,43.0818443298,4.33579492569,0.752173244953,0.486413061619,0.120014190674,0.160398766398,0.0280034635216,0.00375012611039,0.000609102251474,0.000016467531168,4.09495271469e-7,2.64800115168e-9],"max":[2.24241518974,12.4081525803,88.3999176025,207.511199951,214.157821655,408.562866211,465.663848877,817.862182617,1033.80822754,1319.95874023,2719.68286133,3073.47265625,3517.78173828,8320.37207031,2008.77307129,1286.47045898,4350.14746094,8370.609375,3603.49780273,1333.48376465,1351.52661133,1903.03356934,1014.36425781,1409.3104248,181.50302124,129.021453857,270.162811279,308.336303711,201.173522949,54.6709671021,22.8068218231,20.1442832947,9.3648815155,13.9507799149,5.57439565659,1.34230017662,0.699761450291,0.0756661072373,0.0161560438573,0.00129171321169],"mean":[0.0433918237686,0.68143683672,2.9594502449,6.33239459991,9.94059848785,14.7886571884,15.1630191803,21.793428421,28.8390541077,23.2533092499,18.0707168579,18.1275653839,14.2952060699,14.0041542053,10.2057647705,13.9849596024,29.0390491486,28.4235019684,13.1395759583,12.1468038559,16.6164951324,23.1538181305,13.8769254684,4.12315320969,2.51188349724,1.99363744259,2.0741956234,2.09023356438,2.73968625069,0.890372753143,0.432489037514,0.381118923426,0.243973389268,0.188650339842,0.0962438285351,0.0358239114285,0.0108894761652,0.00254103331827,0.000380831013899,0.0000496204520459],"median":[0.0149705149233,0.296345055103,1.21478223801,2.04660177231,2.96420955658,4.21053981781,5.16049623489,7.98717784882,9.98273849487,7.99010944366,4.58824729919,4.00263690948,3.64476442337,3.26312112808,3.12991905212,3.68462848663,4.26164913177,3.5587143898,2.88660001755,3.15877771378,4.58541202545,6.11856079102,3.32639837265,1.1293284893,0.660758733749,0.360964298248,0.228361189365,0.223884180188,0.204103678465,0.0890088379383,0.0525778383017,0.0591393560171,0.0356919765472,0.0228474158794,0.0107646863908,0.0036790187005,0.0010592485778,0.000256827042904,0.0000487586949021,0.0000210834587051],"min":[5.62078298572e-7,0.00000538561016583,0.0000317920275847,0.000181831492228,0.000080648700532,0.0000301578220387,0.0000281597440335,0.0000307012887788,0.000022433934646,0.0000243749873334,0.0000221473419515,0.0000123407580759,0.00000903674572328,0.0000135286882141,0.0000156286714628,0.0000219728008233,0.0000259523167188,0.0000339718753821,0.0000210947073356,0.0000177193232958,0.0000209480094782,0.000021548506993,0.000016382911781,0.0000168011338246,0.0000122201590784,0.0000128747533381,0.0000087055241238,0.00000704899412085,0.00000627898043604,0.0000064481928348,0.00000645876480121,0.00000714810994396,0.00000869266477821,0.00000792537230154,0.00000705127786205,0.00000425015741712,0.00000229488591685,9.84153871286e-7,2.78533832443e-7,3.33837562039e-8],"var":[0.0084919296205,0.988320052624,27.2365608215,119.751014709,336.36340332,716.133117676,714.42980957,1613.5826416,3446.0065918,2276.18823242,4551.65527344,4252.58300781,7025.87890625,19518.3945312,2217.27099609,1728.75830078,11635.9140625,31856.7773438,3687.53564453,1750.54846191,1892.11328125,4380.40283203,1133.66003418,228.241775513,33.8653144836,25.6579437256,53.3343429565,45.1815185547,73.7546463013,6.51315593719,1.09243559837,0.72889816761,0.225321426988,0.187784031034,0.0488240197301,0.00645309407264,0.000600640662014,0.0000306611982523,6.66484822887e-7,4.77035833057e-9]},"erbbands_crest":{"dmean":2.82458257675,"dmean2":4.68702793121,"dvar":7.38186120987,"dvar2":18.609210968,"max":30.6431484222,"mean":9.80679130554,"median":8.69371318817,"min":2.5607213974,"var":18.9384765625},"erbbands_flatness_db":{"dmean":0.0173221286386,"dmean2":0.0275900494307,"dvar":0.000292211334454,"dvar2":0.000704179052263,"max":0.413578212261,"mean":0.18537902832,"median":0.182184785604,"min":0.0556692890823,"var":0.00272365147248},"erbbands_kurtosis":{"dmean":1.15110242367,"dmean2":1.88923478127,"dvar":3.14436030388,"dvar2":7.8302063942,"max":60.2366828918,"mean":0.753837108612,"median":0.0337563753128,"min":-1.85780405998,"var":7.25000953674},"erbbands_skewness":{"dmean":0.403855353594,"dmean2":0.650682151318,"dvar":0.156999140978,"dvar2":0.394874423742,"max":7.01628828049,"mean":0.591092169285,"median":0.560812711716,"min":-5.14767122269,"var":0.748661935329},"erbbands_spread":{"dmean":6.1261138916,"dmean2":10.027428627,"dvar":36.1986274719,"dvar2":94.4793777466,"max":104.123710632,"mean":30.9115447998,"median":29.2084579468,"min":1.57298982143,"var":179.649078369},"gfcc":{"cov":[[15047.9121094,-2472.88061523,-1027.3692627,765.342041016,-849.0546875,235.661834717,-329.469207764,55.40965271,50.1953582764,490.929962158,-260.562225342,294.052581787,-155.058837891],[-2472.88061523,2056.67553711,46.8212738037,-160.283630371,393.13949585,-283.736022949,121.07572937,-177.775604248,60.5393943787,-197.432281494,172.758773804,-227.042129517,118.052848816],[-1027.3692627,46.8212738037,795.982849121,160.104400635,24.4136924744,81.4801254272,2.34545254707,-13.7336683273,-45.7802429199,18.6473522186,-23.9924068451,23.5665588379,-14.2710256577],[765.342041016,-160.283630371,160.104400635,294.871520996,35.2402648926,6.57430887222,-25.5610103607,41.6883735657,3.29442286491,7.35833072662,-11.9336719513,31.4358844757,-12.0765485764],[-849.0546875,393.13949585,24.4136924744,35.2402648926,281.274139404,-52.6524620056,37.8727264404,14.2916908264,8.07298374176,-58.4579238892,33.6286315918,-64.8427047729,11.1119556427],[235.661834717,-283.736022949,81.4801254272,6.57430887222,-52.6524620056,190.729629517,30.626657486,-0.651735663414,-8.8850851059,59.2089920044,-36.6432723999,34.5451583862,-29.1797065735],[-329.469207764,121.07572937,2.34545254707,-25.5610103607,37.8727264404,30.626657486,104.3387146,9.39017486572,1.16151154041,-2.29202699661,-2.20611667633,-34.1199607849,1.12352395058],[55.40965271,-177.775604248,-13.7336683273,41.6883735657,14.2916908264,-0.651735663414,9.39017486572,149.505371094,33.976436615,-22.1453018188,-6.43682527542,16.1153888702,-15.0471735001],[50.1953582764,60.5393943787,-45.7802429199,3.29442286491,8.07298374176,-8.8850851059,1.16151154041,33.976436615,81.4362335205,7.4204416275,6.68789720535,-1.98613214493,0.941079378128],[490.929962158,-197.432281494,18.6473522186,7.35833072662,-58.4579238892,59.2089920044,-2.29202699661,-22.1453018188,7.4204416275,118.62878418,-4.54427623749,24.2863044739,-25.8502826691],[-260.562225342,172.758773804,-23.9924068451,-11.9336719513,33.6286315918,-36.6432723999,-2.20611667633,-6.43682527542,6.68789720535,-4.54427623749,85.3773727417,9.6979341507,18.1460971832],[294.052581787,-227.042129517,23.5665588379,31.4358844757,-64.8427047729,34.5451583862,-34.1199607849,16.1153888702,-1.98613214493,24.2863044739,9.6979341507,108.683952332,21.5975875854],[-155.058837891,118.052848816,-14.2710256577,-12.0765485764,11.1119556427,-29.1797065735,1.12352395058,-15.0471735001,0.941079378128,-25.8502826691,18.1460971832,21.5975875854,75.7451324463]],"icov":[[0.000184667122085,-0.000119617499877,0.00044080009684,-0.000742054660805,0.000487950397655,-0.000179197959369,0.00040893885307,-0.000175522611244,0.000272705045063,-0.000676544907037,0.000498782552313,-0.0000160119816428,-0.00000155234499744],[-0.000119617499877,0.00250914576463,-0.00108310300857,0.00123078410979,-0.00171830400359,0.00186011206824,-0.00238706171513,0.00359582225792,-0.00345347006805,0.00293826358393,-0.00346857123077,0.00238292873837,-0.00124776794109],[0.00044080009684,-0.00108310300857,0.00285933562554,-0.00285664037801,0.00143410579767,-0.00163118622731,0.00164305407088,-0.00132259493694,0.00246737082489,-0.00239611975849,0.00231315731071,-0.000866835005581,0.000392427260522],[-0.000742054660805,0.00123078410979,-0.00285664037801,0.00765878986567,-0.00347963930108,0.00176337384619,-0.00135709682945,0.000733130669687,-0.00224521569908,0.00289691914804,-0.00198942655697,-0.000760963186622,0.000311252544634],[0.000487950397655,-0.00171830400359,0.00143410579767,-0.00347963930108,0.00740068312734,-0.00140754180029,0.00116340140812,-0.00282603292726,0.00232217065059,-0.00153134809807,0.000726084632333,0.00176091073081,-0.0000417315495724],[-0.000179197959369,0.00186011206824,-0.00163118622731,0.00176337384619,-0.00140754180029,0.0103472704068,-0.00597928604111,0.00327348080464,-0.00240229140036,-0.00013632523769,0.000578550156206,-0.0027952445671,0.00228124461137],[0.00040893885307,-0.00238706171513,0.00164305407088,-0.00135709682945,0.00116340140812,-0.00597928604111,0.0163529440761,-0.00583324767649,0.00424361648038,-0.0045864940621,0.00284899375401,0.00390944303945,-0.00264001986943],[-0.000175522611244,0.00359582225792,-0.00132259493694,0.000733130669687,-0.00282603292726,0.00327348080464,-0.00583324767649,0.0147020248696,-0.00916253123432,0.00756245618686,-0.0039218775928,-0.000662780192215,0.00241019716486],[0.000272705045063,-0.00345347006805,0.00246737082489,-0.00224521569908,0.00232217065059,-0.00240229140036,0.00424361648038,-0.00916253123432,0.0197422001511,-0.00732878176495,0.00397358834743,-0.00126683770213,-0.000438837276306],[-0.000676544907037,0.00293826358393,-0.00239611975849,0.00289691914804,-0.00153134809807,-0.00013632523769,-0.0045864940621,0.00756245618686,-0.00732878176495,0.017955025658,-0.00650745397434,-0.0000588146904192,0.00358299748041],[0.000498782552313,-0.00346857123077,0.00231315731071,-0.00198942655697,0.000726084632333,0.000578550156206,0.00284899375401,-0.0039218775928,0.00397358834743,-0.00650745397434,0.0203698724508,-0.00723698409274,0.00075396837201],[-0.0000160119816428,0.00238292873837,-0.000866835005581,-0.000760963186622,0.00176091073081,-0.0027952445671,0.00390944303945,-0.000662780192215,-0.00126683770213,-0.0000588146904192,-0.00723698409274,0.0204499233514,-0.00965772755444],[-0.00000155234499744,-0.00124776794109,0.000392427260522,0.000311252544634,-0.0000417315495724,0.00228124461137,-0.00264001986943,0.00241019716486,-0.000438837276306,0.00358299748041,0.00075396837201,-0.00965772755444,0.0204715486616]],"mean":[-79.3285903931,132.125579834,-105.985710144,17.6917324066,-40.21043396,-3.19964766502,-41.7913703918,1.86631131172,-17.6031799316,-3.1483900547,-12.2709321976,-0.339644312859,-10.3840284348]},"hfc":{"dmean":2.99549269676,"dmean2":4.52132225037,"dvar":46.3596382141,"dvar2":95.4593276978,"max":291.643768311,"mean":11.2497901917,"median":5.52252483368,"min":0.000193632848095,"var":300.196075439},"melbands":{"dmean":[0.000274032674497,0.000711095461156,0.000529529934283,0.000417642208049,0.000283686764305,0.000271577388048,0.000239600311033,0.000135743655846,0.0000943683407968,0.0000644684187137,0.000044423086365,0.0000336059310939,0.0000217497945414,0.0000174341203092,0.0000286553549813,0.0000340928963851,0.0000294747605949,0.0000135076643346,0.00000780662048783,0.00000884311521077,0.0000125144697449,0.000012141004845,0.0000103238244265,0.00000241430529968,0.00000213490557144,0.0000013147385971,7.65465074437e-7,7.14741815955e-7,7.19605509403e-7,4.85323539579e-7,6.37344385268e-7,8.12729922472e-7,3.79187440558e-7,1.40201990462e-7,9.0218534865e-8,9.90143789181e-8,8.89189379905e-8,5.78655523498e-8,6.13172517205e-8,6.14889756889e-8],"dmean2":[0.000429477135185,0.00114024698269,0.00081114115892,0.000644087675028,0.000454970693681,0.0004424637591,0.000385077873943,0.000219314460992,0.000147502825712,0.000103094964288,0.0000697475043125,0.0000524604547536,0.0000348143694282,0.0000285784099106,0.0000452138410765,0.0000535087783646,0.0000457603309769,0.0000213082312257,0.0000124915559354,0.0000144166651808,0.0000208693327295,0.0000196678174689,0.000017002603272,0.00000408589858125,0.0000037092124785,0.00000227733494285,0.00000131260912895,0.00000122357312193,0.00000117841784686,7.96423933025e-7,0.00000104253888367,0.00000127507064462,6.00174416832e-7,2.27512927609e-7,1.50985300706e-7,1.61976657864e-7,1.47194270994e-7,9.62535153803e-8,1.01521578699e-7,1.02131075153e-7],"dvar":[2.47545017373e-7,0.00000178478035195,0.00000103653474071,5.98917893058e-7,2.74288368018e-7,2.90304114969e-7,2.55138161265e-7,1.13060004026e-7,1.64282113246e-7,8.17222058913e-8,7.67768781884e-8,1.17898188989e-7,2.22167617636e-8,6.42104591719e-9,1.42567735395e-8,2.86807289029e-8,4.40776766197e-8,1.09213935673e-8,1.06079545148e-9,2.15156159555e-9,2.18776907701e-9,1.91913152037e-9,1.21802334885e-9,7.29140497979e-11,3.0972663323e-10,3.46166012521e-11,1.27176776055e-11,1.2538153675e-11,1.48883457646e-11,6.15547500124e-12,1.27446594944e-11,1.17615838943e-11,2.32446917617e-12,3.44572271107e-13,1.22075892689e-13,1.37834025877e-13,7.13041144141e-14,2.64976486797e-14,8.49094489923e-14,4.64544852238e-14],"dvar2":[5.81547226375e-7,0.00000449888011644,0.00000238432039623,0.00000130524699671,6.76244724218e-7,6.9572394068e-7,6.27464601166e-7,2.61439225824e-7,3.41427522699e-7,1.82131017823e-7,1.65786588013e-7,2.1154360752e-7,5.08910389385e-8,1.48396459565e-8,2.95385849114e-8,6.40756923076e-8,8.31045952054e-8,2.45567850499e-8,2.36416353161e-9,5.44012923598e-9,5.62962743089e-9,4.6825574529e-9,3.23353166465e-9,2.08163083992e-10,8.90341245174e-10,9.91924042903e-11,3.67171987259e-11,3.56678714342e-11,3.72399541759e-11,1.59201644923e-11,3.28187650667e-11,2.62262555423e-11,5.49235613587e-12,8.76935188961e-13,3.32496427309e-13,3.49784762786e-13,1.78808262142e-13,6.99021190324e-14,2.40694725435e-13,1.16322289257e-13],"max":[0.0166286043823,0.0330738648772,0.0332385636866,0.0235794801265,0.0125314965844,0.0173504855484,0.0134896151721,0.0144069222733,0.0194966904819,0.0202419664711,0.0173137485981,0.0336965322495,0.0120522975922,0.00361541123129,0.00807796046138,0.00797000154853,0.0181115139276,0.00763895828277,0.00195800070651,0.00263770087622,0.00180460244883,0.0022603708785,0.00137444771826,0.00038307684008,0.00135596538894,0.000213622464798,0.000192309758859,0.000126915838337,0.000150073494297,0.000134049434564,0.000199881527806,0.000186441291589,0.000067219560151,0.0000240123172262,0.0000146026886796,0.0000164550237969,0.00000892054322321,0.00000657094187773,0.0000201968396141,0.0000092790232884],"mean":[0.000548827811144,0.00135612080339,0.0011843952816,0.000920443620998,0.000552820449229,0.000495923217386,0.000434273533756,0.000231898899074,0.000150374908117,0.000109091262857,0.0000688716536388,0.0000560166190553,0.0000359330842912,0.0000291543601634,0.0000542657217011,0.0000622743318672,0.0000523621201864,0.0000217513461394,0.0000151762087626,0.0000164209759532,0.000020331599444,0.0000225206495088,0.0000249486438406,0.0000047837056627,0.00000311964890898,0.00000213379530578,0.00000138594157306,0.00000129136651594,0.0000013537913901,0.00000102989304196,0.00000135433128889,0.00000184651048585,8.79901961071e-7,3.41935219694e-7,2.38840982547e-7,2.43911017606e-7,2.24033115614e-7,1.65222516557e-7,1.64990268559e-7,1.58451214816e-7],"median":[0.000221196387429,0.000620683364104,0.00041670963401,0.000265040900558,0.000195221742615,0.000181854324182,0.000152687294758,0.000076764903497,0.0000322839223372,0.0000237798958551,0.0000167332436831,0.0000124173384393,0.00000980352342594,0.00000897372137842,0.00000959939825407,0.00000819518481876,0.00000595808069193,0.00000429667261415,0.0000039862416088,0.0000039255514821,0.00000540844939678,0.00000583365181228,0.00000504718900629,0.00000116367800729,8.28677571008e-7,5.80949460982e-7,3.06248011839e-7,1.98134159746e-7,1.42576197959e-7,1.31884277721e-7,1.12522371865e-7,1.28602991367e-7,6.74690596725e-8,3.62296219691e-8,2.67193573933e-8,3.20397504083e-8,3.485209632e-8,2.38570194711e-8,2.09563211229e-8,1.81978307978e-8],"min":[8.43718606092e-9,1.91638189762e-8,3.02747658054e-8,3.43271810976e-9,9.36501098892e-10,6.86165679831e-10,4.07678085734e-10,2.32294017355e-10,1.51787457603e-10,5.11831653449e-11,3.52407270032e-11,3.76315124895e-11,6.61887211706e-11,4.16598318342e-11,5.78304799881e-11,4.33489667773e-11,5.13214748477e-11,3.12165501781e-11,2.41360837566e-11,1.93105600954e-11,2.15939991582e-11,2.24765154405e-11,1.65362064319e-11,1.07624924597e-11,1.17534263572e-11,7.98066213809e-12,9.47402573059e-12,6.97138397357e-12,4.61826497183e-12,3.6631344659e-12,3.35406832516e-12,3.08150380213e-12,2.9310536203e-12,3.54281838241e-12,3.11585935005e-12,4.00249495006e-12,4.1723187405e-12,4.88969238363e-12,5.56404314983e-12,5.92772662553e-12],"var":[8.05823731298e-7,0.00000456795896753,0.00000387176214645,0.00000277230492429,8.02008401024e-7,8.08459788004e-7,7.2524881034e-7,2.58484760707e-7,3.41918394042e-7,1.61459624337e-7,1.74486089577e-7,3.18956409728e-7,4.290177813e-8,1.18998473297e-8,3.420491268e-8,6.49424123367e-8,1.37428941116e-7,1.59448418913e-8,2.74415978829e-9,4.84603868145e-9,3.13320658307e-9,5.28618304685e-9,4.58823201654e-9,1.10601139358e-10,1.97608415742e-10,3.19290392736e-11,1.21899270192e-11,1.48591573074e-11,2.46265820236e-11,1.14480508406e-11,2.42060052558e-11,3.82272304089e-11,8.30154694986e-12,9.07538530003e-13,3.54152010452e-13,3.80222112475e-13,2.43964597873e-13,1.03038515491e-13,1.46817101662e-13,1.47879145452e-13]},"melbands_crest":{"dmean":3.1843328476,"dmean2":5.3171787262,"dvar":8.15752983093,"dvar2":22.0530128479,"max":32.6470146179,"mean":13.1869258881,"median":12.0681781769,"min":3.69659543037,"var":24.810125351},"melbands_flatness_db":{"dmean":0.025530366227,"dmean2":0.0402602367103,"dvar":0.000551082892343,"dvar2":0.00134364690166,"max":0.670888781548,"mean":0.265177667141,"median":0.262538969517,"min":0.0645955428481,"var":0.00680762110278},"melbands_kurtosis":{"dmean":6.09942626953,"dmean2":9.99282073975,"dvar":94.1028289795,"dvar2":245.199508667,"max":294.745819092,"mean":13.7688322067,"median":10.0061922073,"min":-1.88294768333,"var":263.491912842},"melbands_skewness":{"dmean":0.652808129787,"dmean2":1.06251859665,"dvar":0.427703112364,"dvar2":1.11963486671,"max":12.6142053604,"mean":2.56493639946,"median":2.46630620956,"min":-1.59210956097,"var":1.96908295155},"melbands_spread":{"dmean":4.30857038498,"dmean2":6.99073791504,"dvar":35.530040741,"dvar2":90.0670623779,"max":108.728736877,"mean":14.756483078,"median":10.4974994659,"min":0.395850479603,"var":167.16229248},"mfcc":{"cov":[[12611.8876953,-1088.37683105,-956.419799805,119.384910583,-400.195495605,169.469787598,-428.647674561,-222.501434326,90.2680511475,-156.665374756,323.414550781,139.731887817,-136.425140381],[-1088.37683105,1817.79199219,-253.824569702,101.581581116,160.03805542,-120.615478516,55.3196487427,-56.3712501526,-66.1303863525,20.3871250153,-89.5290603638,-17.355682373,48.722743988],[-956.419799805,-253.824569702,752.012695312,71.6083374023,16.6930122375,137.11026001,36.1425857544,13.3531627655,-1.06064474583,-2.02037239075,-6.55495452881,-35.9341506958,3.40150308609],[119.384910583,101.581581116,71.6083374023,308.097991943,123.891487122,-28.4981517792,23.2825012207,22.7051143646,-1.76180362701,8.53089904785,-7.84274673462,-12.1456031799,-0.642550051212],[-400.195495605,160.03805542,16.6930122375,123.891487122,197.407196045,-20.3257961273,25.4956092834,44.5010681152,-2.50784993172,15.7939271927,-20.2674388885,4.83922147751,23.0916366577],[169.469787598,-120.615478516,137.11026001,-28.4981517792,-20.3257961273,195.008300781,25.5633831024,-40.520652771,6.72792434692,-8.47545528412,31.6556167603,-9.16377162933,-6.21336555481],[-428.647674561,55.3196487427,36.1425857544,23.2825012207,25.4956092834,25.5633831024,114.228302002,23.0894069672,-3.63727879524,26.3623695374,-12.6146974564,-14.134308815,11.6831169128],[-222.501434326,-56.3712501526,13.3531627655,22.7051143646,44.5010681152,-40.520652771,23.0894069672,115.660392761,37.8383712769,5.07829523087,-1.35612440109,8.87754535675,1.06300079823],[90.2680511475,-66.1303863525,-1.06064474583,-1.76180362701,-2.50784993172,6.72792434692,-3.63727879524,37.8383712769,77.3628082275,24.8249721527,7.36028528214,1.76179230213,-6.95694112778],[-156.665374756,20.3871250153,-2.02037239075,8.53089904785,15.7939271927,-8.47545528412,26.3623695374,5.07829523087,24.8249721527,84.6770095825,24.2589702606,-8.2076253891,-2.84419417381],[323.414550781,-89.5290603638,-6.55495452881,-7.84274673462,-20.2674388885,31.6556167603,-12.6146974564,-1.35612440109,7.36028528214,24.2589702606,95.3110427856,33.553314209,-19.7976703644],[139.731887817,-17.355682373,-35.9341506958,-12.1456031799,4.83922147751,-9.16377162933,-14.134308815,8.87754535675,1.76179230213,-8.2076253891,33.553314209,81.741607666,23.9324131012],[-136.425140381,48.722743988,3.40150308609,-0.642550051212,23.0916366577,-6.21336555481,11.6831169128,1.06300079823,-6.95694112778,-2.84419417381,-19.7976703644,23.9324131012,79.052192688]],"icov":[[0.000146494727232,0.0000715600617696,0.000256755389273,-0.000324687629472,0.000270729302429,-0.000240647321334,0.000379120581783,0.000131959779537,-0.000179941984243,0.000230994264712,-0.000304882822093,0.00000319526725434,-0.0000456244088127],[0.0000715600617696,0.00075642374577,0.000327830406604,-0.000172535161255,-0.000474992819363,0.000258974090684,-0.000243534508627,0.000797391519882,0.0000821117428131,0.0000307717564283,0.000217324559344,0.0000327416964865,-0.000121004261018],[0.000256755389273,0.000327830406604,0.0022270178888,-0.00120216980577,0.000753074185923,-0.00204969453625,0.000995717360638,-0.000794740568381,0.000642673345283,-0.000276334350929,0.000259070686297,0.000380191981094,-0.000385705730878],[-0.000324687629472,-0.000172535161255,-0.00120216980577,0.00557856447995,-0.00399957271293,0.0022665176075,-0.00206241128035,0.00121595477685,-0.000899872917216,0.00109285558574,-0.0010470142588,0.00120060495101,0.000612416304648],[0.000270729302429,-0.000474992819363,0.000753074185923,-0.00399957271293,0.00970784388483,-0.00270249764435,0.00225582602434,-0.00477293971926,0.00292140757665,-0.00326916784979,0.00254329992458,-0.00185533449985,-0.00128418148961],[-0.000240647321334,0.000258974090684,-0.00204969453625,0.0022665176075,-0.00270249764435,0.0105434730649,-0.00559077830985,0.00651547824964,-0.00529299676418,0.00557274976745,-0.0057512614876,0.00279866834171,-0.000664448773023],[0.000379120581783,-0.000243534508627,0.000995717360638,-0.00206241128035,0.00225582602434,-0.00559077830985,0.014696280472,-0.00625642528757,0.00536278868094,-0.0068528316915,0.00364860054106,-0.0000309500355797,-0.00129292567726],[0.000131959779537,0.000797391519882,-0.000794740568381,0.00121595477685,-0.00477293971926,0.00651547824964,-0.00625642528757,0.0176817346364,-0.0108583997935,0.00681156245992,-0.00432410696521,0.000339016551152,0.000477462686831],[-0.000179941984243,0.0000821117428131,0.000642673345283,-0.000899872917216,0.00292140757665,-0.00529299676418,0.00536278868094,-0.0108583997935,0.022412834689,-0.0107816625386,0.00583267072216,-0.00258997967467,0.00151728605852],[0.000230994264712,0.0000307717564283,-0.000276334350929,0.00109285558574,-0.00326916784979,0.00557274976745,-0.0068528316915,0.00681156245992,-0.0107816625386,0.0220110137016,-0.0115261562169,0.00638184323907,-0.00226095877588],[-0.000304882822093,0.000217324559344,0.000259070686297,-0.0010470142588,0.00254329992458,-0.0057512614876,0.00364860054106,-0.00432410696521,0.00583267072216,-0.0115261562169,0.0226106550545,-0.0117740957066,0.00696989241987],[0.00000319526725434,0.0000327416964865,0.000380191981094,0.00120060495101,-0.00185533449985,0.00279866834171,-0.0000309500355797,0.000339016551152,-0.00258997967467,0.00638184323907,-0.0117740957066,0.0209990236908,-0.00856360979378],[-0.0000456244088127,-0.000121004261018,-0.000385705730878,0.000612416304648,-0.00128418148961,-0.000664448773023,-0.00129292567726,0.000477462686831,0.00151728605852,-0.00226095877588,0.00696989241987,-0.00856360979378,0.017565112561]],"mean":[-725.00012207,164.36076355,-1.25541353226,23.9124240875,15.0246391296,-1.02316367626,-7.32149934769,-0.811914622784,-1.27363169193,-8.67419338226,0.316035270691,5.47118616104,-1.81730353832]},"pitch_salience":{"dmean":0.0773079916835,"dmean2":0.1277461797,"dvar":0.00454113446176,"dvar2":0.0123426606879,"max":0.912252724171,"mean":0.620248377323,"median":0.637457489967,"min":0.117631316185,"var":0.0153077207506},"silence_rate_20dB":{"dmean":0,"dmean2":0,"dvar":0,"dvar2":0,"max":1,"mean":1,"median":1,"min":1,"var":0},"silence_rate_30dB":{"dmean":0.00668767280877,"dmean2":0.0133762061596,"dvar":0.006643735338,"dvar2":0.0153867593035,"max":1,"mean":0.984953701496,"median":1,"min":0,"var":0.0148217789829},"silence_rate_60dB":{"dmean":0.03871133551,"dmean2":0.0773633420467,"dvar":0.0372115559876,"dvar2":0.0852670446038,"max":1,"mean":0.200745880604,"median":0,"min":0,"var":0.160441443324},"spectral_centroid":{"dmean":164.3465271,"dmean2":264.454559326,"dvar":43971.171875,"dvar2":111092.921875,"max":4096.14306641,"mean":839.577392578,"median":684.553710938,"min":136.641738892,"var":253383.59375},"spectral_complexity":{"dmean":2.34300041199,"dmean2":3.83575558662,"dvar":5.23187494278,"dvar2":12.7692651749,"max":44,"mean":12.920589447,"median":11,"min":0,"var":73.7661437988},"spectral_contrast_coeffs":{"dmean":[0.0503819435835,0.049556709826,0.0359433442354,0.0275612529367,0.0216142144054,0.0152462450787],"dmean2":[0.0844245702028,0.0824938043952,0.0605378560722,0.0457812659442,0.0355612710118,0.0252954605967],"dvar":[0.00159316533245,0.00151512783486,0.000842437264509,0.000536139647011,0.000409690226661,0.000267848110525],"dvar2":[0.00449301209301,0.00416153669357,0.00230127153918,0.00142777105793,0.00102777674329,0.0006964521599],"max":[-0.313968151808,-0.405352562666,-0.398752063513,-0.451713651419,-0.496081054211,-0.510487556458],"mean":[-0.645838439465,-0.745633542538,-0.811684608459,-0.814311385155,-0.788075745106,-0.795066654682],"median":[-0.649395763874,-0.754078865051,-0.819325447083,-0.822436392307,-0.788031101227,-0.800084531307],"min":[-0.944260418415,-0.950957238674,-0.954633176327,-0.965722501278,-0.931171238422,-0.920945823193],"var":[0.00564778409898,0.0060776937753,0.0030409109313,0.00284502888098,0.00232380907983,0.00191572413314]},"spectral_contrast_valleys":{"dmean":[0.424600869417,0.371205538511,0.314497798681,0.280804544687,0.241909265518,0.214726597071],"dmean2":[0.703647196293,0.612531840801,0.523586153984,0.457127124071,0.382558345795,0.333492785692],"dvar":[0.129225626588,0.105151310563,0.0814897194505,0.0874938517809,0.0850771293044,0.0665336102247],"dvar2":[0.337347060442,0.256513834,0.201594382524,0.199312731624,0.193128183484,0.143506780267],"max":[-5.107629776,-4.44221067429,-5.11281633377,-5.64794015884,-5.64468479156,-8.65373516083],"mean":[-7.42402887344,-6.76383686066,-7.68750047684,-8.06509685516,-8.53067493439,-11.407081604],"median":[-7.26988649368,-6.58661079407,-7.48465251923,-7.85839176178,-8.43148803711,-11.1901779175],"min":[-12.660990715,-12.5470743179,-13.4362630844,-13.5783061981,-13.583732605,-15.2816448212],"var":[1.19022333622,1.15770208836,1.09509122372,1.42057681084,1.78919625282,2.24198079109]},"spectral_decrease":{"dmean":1.56295565379e-9,"dmean2":2.36240182971e-9,"dvar":5.66596137568e-18,"dvar2":1.18626989078e-17,"max":-8.47251413992e-14,"mean":-5.37632338649e-9,"median":-3.325278497e-9,"min":-5.36470068369e-8,"var":3.74026158316e-17},"spectral_energy":{"dmean":0.00611942633986,"dmean2":0.00924732163548,"dvar":0.0000872663222253,"dvar2":0.000182067000424,"max":0.228928983212,"mean":0.0213118419051,"median":0.0131992092356,"min":3.37429810315e-7,"var":0.000583260611165},"spectral_energyband_high":{"dmean":0.0000598645347054,"dmean2":0.0000926386201172,"dvar":5.20453937725e-8,"dvar2":1.15479572571e-7,"max":0.0112473154441,"mean":0.000195731292479,"median":0.0000224260002142,"min":6.9535133207e-9,"var":2.47683175303e-7},"spectral_energyband_low":{"dmean":0.00296247843653,"dmean2":0.00462913280353,"dvar":0.0000272032630164,"dvar2":0.0000654838804621,"max":0.120663419366,"mean":0.00670149642974,"median":0.00327987456694,"min":2.34891643913e-7,"var":0.0000893519900274},"spectral_energyband_middle_high":{"dmean":0.00108519138303,"dmean2":0.00167698948644,"dvar":0.000013580981431,"dvar2":0.000026530597097,"max":0.21664750576,"mean":0.00322036421858,"median":0.000941304548178,"min":8.6814324618e-9,"var":0.0000690384986228},"spectral_energyband_middle_low":{"dmean":0.00415891455486,"dmean2":0.00628787558526,"dvar":0.0000422986886406,"dvar2":0.0000904222906684,"max":0.160756006837,"mean":0.012617463246,"median":0.00666789896786,"min":1.22976146599e-7,"var":0.000262458663201},"spectral_entropy":{"dmean":0.162040740252,"dmean2":0.259031713009,"dvar":0.0254472661763,"dvar2":0.0637438818812,"max":8.38784313202,"mean":7.12677192688,"median":7.16515493393,"min":4.70059537888,"var":0.244043916464},"spectral_flux":{"dmean":0.0161748547107,"dmean2":0.0269612129778,"dvar":0.000408586114645,"dvar2":0.00106961571146,"max":0.395052015781,"mean":0.0632076561451,"median":0.058574154973,"min":0.000300393905491,"var":0.00157674495131},"spectral_kurtosis":{"dmean":3.98905110359,"dmean2":6.87229299545,"dvar":43.0807914734,"dvar2":116.33732605,"max":215.31362915,"mean":11.2301769257,"median":7.80569458008,"min":-0.899127244949,"var":103.535583496},"spectral_rms":{"dmean":0.000626249471679,"dmean2":0.000947837485,"dvar":5.10136032972e-7,"dvar2":0.00000107636594748,"max":0.014944743365,"mean":0.00388529221527,"median":0.0035884922836,"min":0.0000181438645086,"var":0.00000569659960092},"spectral_rolloff":{"dmean":232.703384399,"dmean2":404.657897949,"dvar":162567.109375,"dvar2":408105.65625,"max":9539.20898438,"mean":850.070800781,"median":516.796875,"min":86.1328125,"var":528694.375},"spectral_skewness":{"dmean":0.357434570789,"dmean2":0.605881154537,"dvar":0.219098106027,"dvar2":0.607832014561,"max":11.9076471329,"mean":2.32807993889,"median":2.09334683418,"min":-0.286734491587,"var":0.739714860916},"spectral_spread":{"dmean":338677.21875,"dmean2":556119.75,"dvar":159210438656,"dvar2":387592912896,"max":18587838,"mean":3295842.5,"median":3236777.25,"min":525961.6875,"var":1440700432380},"spectral_strongpeak":{"dmean":0.388773858547,"dmean2":0.648281574249,"dvar":0.596472799778,"dvar2":1.43102002144,"max":21.9846515656,"mean":0.714495062828,"median":0.319177895784,"min":0,"var":1.64591836929},"zerocrossingrate":{"dmean":0.00523476069793,"dmean2":0.00678509986028,"dvar":0.0000263456877292,"dvar2":0.0000412164154113,"max":0.1552734375,"mean":0.0373148657382,"median":0.0322265625,"min":0.00341796875,"var":0.000470988423331}},"metadata":{"audio_properties":{"analysis_sample_rate":44100,"bit_rate":0,"codec":"flac","downmix":"mix","equal_loudness":0,"length":361.079986572,"lossless":true,"md5_encoded":"7de484edecbe77431b8c69763a408efe","replay_gain":-11.3974304199},"tags":{"acoustid_id":["e0da1619-66fa-447b-ab1b-2b9bb5ee260d"],"album":["Hidros 3"],"albumartist":["Mats Gustafsson & Sonic Youth"],"albumartistsort":["Gustafsson, Mats & Sonic Youth"],"artist":["Mats Gustafsson & Sonic Youth"],"artists":["Mats Gustafsson","Sonic Youth"],"artistsort":["Gustafsson, Mats & Sonic Youth"],"barcode":["6001168380250"],"catalognumber":["STS080"],"date":["2004"],"file_name":"03 - Part 3 contrabass sax.flac","label":["Smalltown Supersound"],"media":["CD"],"musicbrainz_albumartistid":["84f12cb2-9b14-48b3-9b95-bd2c8769c9c8","5cbef01b-cc35-4f52-af7b-d0df0c4f61b9"],"musicbrainz_albumid":["ed698b22-4cb6-430d-bcd4-5597862e4314"],"musicbrainz_artistid":["84f12cb2-9b14-48b3-9b95-bd2c8769c9c8","5cbef01b-cc35-4f52-af7b-d0df0c4f61b9"],"musicbrainz_recordingid":["6c3a550c-326c-4178-8488-de1c83cd27e5"],"musicbrainz_releasegroupid":["a7a43590-7272-3b0f-9482-cbbdecd8cd39"],"musicbrainz_releasetrackid":["60979d2b-70c0-33c7-b2d0-62ad835e8c9d"],"originaldate":["2004"],"releasecountry":["NO"],"releasetype":["album"],"script":["Latn"],"title":["Part 3 contrabass sax"],"totaltracks":["9"],"tracknumber":["3"],"tracktotal":["9"]},"version":{"essentia":"2.1-beta1","essentia_build_sha":"85931cb11b241c07ac43bfc3827c398894034a25","essentia_git_sha":"v2.1_beta1-6-g5578087","extractor":"music 1.0"}},"rhythm":{"beats_count":639,"beats_loudness":{"dmean":0.0168978013098,"dmean2":0.029056282714,"dvar":0.000501431757584,"dvar2":0.0014719623141,"max":0.177989184856,"mean":0.0249439179897,"median":0.0161092337221,"min":0.00000100482816379,"var":0.000667277374305},"beats_loudness_