{"lowlevel":{"average_loudness":0.911773443222,"barkbands":{"dmean":[0.0000239637465711,0.00176378001925,0.001717518433,0.00163280637935,0.00322508788668,0.00119385530706,0.000838904816192,0.00040632559103,0.000415496382629,0.000233784521697,0.000150149469846,0.000321914150845,0.000197072411538,0.000270118791377,0.00019336178957,0.000357366719982,0.000248818600085,0.000393449998228,0.000119576565339,0.000068532419391,0.000047122775868,0.0000341117738571,0.0000211862843571,0.0000148487470142,0.00000780069694883,0.00000235040215557,2.29504180993e-7],"dmean2":[0.0000339694161084,0.00302658765577,0.00290038622916,0.00269454158843,0.00550507660955,0.00185056868941,0.00131337961648,0.000599512597546,0.000607669295277,0.000355677533662,0.000225289433729,0.000460217270302,0.000294955214486,0.000402042060159,0.000294612778816,0.00054431008175,0.000378860830097,0.000578541483264,0.00017434253823,0.000101383760921,0.0000696017013979,0.000051321072533,0.0000309727038257,0.0000213926996366,0.0000112042380351,0.00000322435357702,3.60963127832e-7],"dvar":[4.68675986909e-9,0.000019775932742,0.00000740718905945,0.00000701107774148,0.0000646868284093,0.00000630266231383,0.0000040730838009,0.00000149242544012,0.00000175733339347,3.02397097585e-7,1.93146505012e-7,4.57934447695e-7,1.76354902237e-7,1.59082276241e-7,1.19527754805e-7,3.28427319118e-7,1.72561513523e-7,4.63679441509e-7,4.80860897767e-8,3.54231914912e-8,9.49510603476e-9,8.78334471821e-9,1.4892749256e-8,7.16051307137e-9,3.1579634463e-9,7.38132055478e-11,2.17759165734e-12],"dvar2":[9.97372584521e-9,0.0000529659519088,0.0000202709252335,0.0000190318369278,0.000177493784577,0.0000132681070681,0.00000961539717537,0.00000298096074403,0.00000347830587089,6.95046310284e-7,3.49808317424e-7,0.00000100347858734,3.59566485031e-7,3.5620178096e-7,2.56336591065e-7,7.66957441556e-7,4.01174816034e-7,9.74852696345e-7,1.0308023235e-7,8.43265510753e-8,2.14894164685e-8,2.11177013654e-8,2.99406934801e-8,1.44688492298e-8,7.58995710726e-9,1.35294594972e-10,5.64702277994e-12],"max":[0.000916358374525,0.0605959966779,0.0396043136716,0.051153704524,0.113423191011,0.0666799321771,0.0688080266118,0.0385608673096,0.0408508852124,0.0143994987011,0.026576878503,0.0183517485857,0.0192772597075,0.0064905397594,0.0096819549799,0.00940414518118,0.00718813110143,0.0105305472389,0.0045668692328,0.00677479477599,0.00164357351605,0.00267097447067,0.00742653012276,0.00496354745701,0.00381542695686,0.000270737393294,0.0000679226432112],"mean":[0.0000273007353826,0.0018433269579,0.0026651150547,0.00265713362023,0.00460817478597,0.00230152206495,0.00157990783919,0.000654906441923,0.000868975359481,0.000438281829702,0.000247204938205,0.000662535778247,0.000376521027647,0.000544445181731,0.000373372371541,0.000709205691237,0.000580952735618,0.000840597378556,0.000243578324444,0.000117606170534,0.0000736978036002,0.0000442207456217,0.0000293692555715,0.0000214733336179,0.000011124016055,0.00000325877454088,2.45422143053e-7],"median":[7.51094830775e-7,0.000737901427783,0.00152890826575,0.00140254374128,0.00248549552634,0.000934709969442,0.000837876694277,0.000208788347663,0.000221609021537,0.000189837795915,0.000111321074655,0.00033288859413,0.000201920338441,0.000341518811183,0.000216248241486,0.000397213443648,0.000338101031957,0.000443994533271,0.000129058142193,0.0000471564962936,0.0000258083673543,0.00000770762017055,0.0000029946199902,0.000002182509661,7.93683284428e-7,2.34998196902e-7,6.70562716465e-9],"min":[1.68495179655e-25,1.2455110854e-24,6.48773210735e-25,1.54927735974e-24,6.53386350979e-24,3.87274143137e-24,4.89528384153e-24,6.91360537235e-24,1.35336834905e-23,1.60434839035e-23,1.40925803978e-23,2.312197856e-23,2.87675073821e-23,3.02198507957e-23,4.11273737342e-23,4.8150343627e-23,6.1515493296e-23,8.34919716686e-23,1.0813813836e-22,1.40953931602e-22,2.23301935051e-22,3.29318832748e-22,3.60474572345e-22,5.11719150279e-22,7.21864425288e-22,1.15277099836e-21,1.713649032e-21],"var":[6.7711716234e-9,0.0000158548282343,0.0000115688335427,0.0000127270332086,0.0000553109421162,0.0000218903696805,0.00000717672310202,0.00000354223288923,0.00000637919720248,7.28211830392e-7,4.99567704537e-7,0.00000111193548946,4.67684145633e-7,4.23526898885e-7,2.96485580975e-7,7.6343968658e-7,4.98293559303e-7,0.00000118077468869,1.0874178713e-7,5.69728371147e-8,1.60982551733e-8,1.29437731644e-8,3.5334736026e-8,1.65279097075e-8,6.25249629849e-9,1.57343832408e-10,2.03801949275e-12]},"barkbands_crest":{"dmean":2.28952908516,"dmean2":3.79884386063,"dvar":5.2872095108,"dvar2":14.4900751114,"max":23.7971096039,"mean":8.99287509918,"median":8.28266716003,"min":2.4077808857,"var":12.8594369888},"barkbands_flatness_db":{"dmean":0.020690234378,"dmean2":0.0303088985384,"dvar":0.00045537846745,"dvar2":0.000900886661839,"max":0.401353210211,"mean":0.16638083756,"median":0.163449317217,"min":0.0256375186145,"var":0.00265731383115},"barkbands_kurtosis":{"dmean":1.77957987785,"dmean2":2.82543969154,"dvar":8.58091259003,"dvar2":19.5062522888,"max":63.7367401123,"mean":2.38004136086,"median":0.607241630554,"min":-1.82867121696,"var":34.4945755005},"barkbands_skewness":{"dmean":0.442157804966,"dmean2":0.695199787617,"dvar":0.212874278426,"dvar2":0.504758954048,"max":7.31034040451,"mean":1.28558766842,"median":1.20277452469,"min":-2.25141596794,"var":1.1622569561},"barkbands_spread":{"dmean":4.36794090271,"dmean2":6.73776102066,"dvar":25.0750026703,"dvar2":56.8393821716,"max":109.169616699,"mean":21.7146568298,"median":21.5834941864,"min":1.13707494736,"var":109.172523499},"dissonance":{"dmean":0.0137812169269,"dmean2":0.0225686337799,"dvar":0.000220576795982,"dvar2":0.000559409265406,"max":0.499999940395,"mean":0.468170672655,"median":0.475839734077,"min":0.227761313319,"var":0.000754140492063},"dynamic_complexity":4.3106803894,"erbbands":{"dmean":[0.0292958766222,0.475845247507,1.77621281147,3.9809076786,8.49467086792,11.2687530518,10.7462759018,8.70765399933,12.3735561371,8.31345844269,9.67921161652,9.63068580627,7.26528453827,6.15523958206,8.66936588287,11.3882265091,9.50622272491,14.1427459717,8.06264019012,16.6476478577,16.9718513489,13.2756099701,20.8774967194,8.51027107239,5.16644001007,3.2498986721,2.60293102264,1.54676818848,1.30192732811,0.851637840271,0.598030865192,0.383564203978,0.211706966162,0.105466283858,0.0462978035212,0.0144517431036,0.00378199946135,0.000631695089396,0.0000405107348342,0.00000955700215854],"dmean2":[0.0491720810533,0.824267566204,3.01937270164,6.51653194427,14.5663452148,19.3916416168,17.1759967804,13.1025457382,19.6551971436,12.1447687149,14.3258399963,13.9713182449,11.0548219681,9.09530067444,12.6851606369,16.4286079407,13.909488678,20.9358139038,12.1325960159,25.2818489075,25.9819221497,19.741771698,30.7177352905,12.5184860229,7.51943397522,4.76995182037,3.86076283455,2.27639389038,1.95964741707,1.28719127178,0.8707472682,0.552981436253,0.314008921385,0.15506747365,0.0667073056102,0.0203619487584,0.00520689319819,0.000870254472829,0.0000635883261566,0.0000141932569022],"dvar":[0.00860488880426,1.30538737774,8.24618339539,37.8058662415,408.684509277,950.903320312,468.389007568,519.61126709,1035.50585938,413.264099121,878.842468262,1073.31689453,430.719451904,131.780380249,551.694946289,519.391540527,335.477508545,440.822113037,211.909729004,685.120239258,887.151489258,474.207763672,1399.83618164,228.501739502,99.0244522095,76.2265777588,36.4706916809,13.562338829,12.5264339447,11.0807552338,12.1076974869,3.68352890015,2.14626312256,0.812360703945,0.0656331479549,0.00335167907178,0.00018333508342,0.0000064963423938,8.03974558039e-8,2.26858212771e-10],"dvar2":[0.0219859816134,3.56962418556,22.3966197968,100.141571045,1114.50537109,2629.02099609,1132.39245605,988.354003906,2504.97387695,762.615234375,1861.4395752,2105.22021484,945.775939941,280.01348877,1045.59338379,1056.12231445,681.896728516,990.469665527,435.90802002,1562.6295166,2151.53491211,1057.32702637,2915.91723633,493.419311523,210.163223267,184.690063477,82.5226669312,30.381526947,30.3052368164,26.1687526703,23.8412876129,7.46861934662,4.2553858757,1.93624305725,0.147941961884,0.00645563751459,0.00033624380012,0.0000128800047605,2.15124288161e-7,5.33374733269e-10],"max":[1.09356224537,15.5284147263,37.3984680176,145.672653198,378.674041748,386.546051025,402.09967041,835.055969238,1158.15100098,899.411193848,1076.24560547,1128.03112793,714.068725586,292.555969238,1251.82958984,775.588745117,847.512207031,347.709442139,378.795471191,459.940307617,648.865539551,363.837036133,661.418518066,241.326049805,261.68637085,302.025665283,172.943878174,89.0051269531,82.2043380737,168.919281006,215.963500977,130.52142334,86.6349258423,65.1116027832,13.1310415268,2.0224506855,0.429549187422,0.0747514814138,0.0130186313763,0.00030605919892],"mean":[0.0281329527497,0.523308157921,2.70905590057,6.97332239151,12.1589107513,15.2015657425,19.1652679443,17.1432914734,22.6978664398,16.8762645721,16.4954986572,20.2814846039,14.1904602051,12.7550525665,17.1769523621,25.2323131561,20.7978000641,28.703950882,17.3447856903,32.2647743225,37.01902771,33.2608985901,46.0093231201,17.8149108887,10.3526954651,5.74121427536,4.20911502838,2.39555454254,1.640442729,1.14944350719,0.835687935352,0.525737822056,0.31546702981,0.150041699409,0.0644995570183,0.0200554523617,0.00520328478888,0.000831326004118,0.0000498105691804,0.0000274689118669],"median":[0.00779007654637,0.238300055265,1.56793248653,4.22404336929,6.11717414856,8.01963806152,8.539894104,5.93942546844,11.4763946533,8.23072433472,5.08751821518,4.98506212234,5.64402484894,6.19981336594,9.49845409393,13.4033279419,12.883939743,18.02460289,11.2712259293,18.3610057831,21.7272758484,20.7078704834,24.9588375092,9.61971378326,5.3159236908,2.34577679634,1.67807638645,0.701080918312,0.310313999653,0.145668774843,0.0810035541654,0.057533249259,0.0284887310117,0.0117505658418,0.00420662434772,0.00149786437396,0.000332293740939,0.0000438207971456,0.0000135831369334,0.000022842657927],"min":[5.41620474819e-23,2.30727375467e-22,1.53768281548e-21,4.41109934787e-21,9.34151787083e-21,1.39872638823e-20,4.62565311589e-20,2.25137350078e-20,1.18657895648e-19,2.06373950185e-19,2.27112906181e-19,3.46264318462e-19,4.4721462949e-19,5.60699415135e-19,6.91151381204e-19,1.15890774874e-18,1.52321587489e-18,1.87437389725e-18,2.13927145739e-18,2.58804485704e-18,3.7756828632e-18,4.76852252344e-18,4.41282245233e-18,4.59493453599e-18,6.14001362165e-18,7.66681036141e-18,8.5550484837e-18,8.68730142876e-18,1.13213968781e-17,1.01063736102e-17,1.07100252058e-17,9.86248271528e-18,8.59885679612e-18,7.94518228014e-18,4.89292014781e-18,3.55999055539e-18,2.35104996013e-18,8.85291394753e-19,2.20076907891e-19,2.53793568371e-20],"var":[0.00696522695944,1.03874635696,11.9830360413,72.9085464478,368.788513184,748.69921875,1151.32446289,2077.16308594,1719.03466797,1134.76098633,1915.42858887,3667.93603516,1196.84631348,410.828491211,1343.5,1564.7890625,1022.76141357,1166.14587402,524.017089844,1643.62451172,2099.33642578,1467.38977051,3534.89428711,517.846679688,223.484085083,129.444534302,57.2270393372,23.627828598,15.9187278748,21.6676635742,29.4333724976,7.47777175903,5.45048761368,1.60714924335,0.142031565309,0.00735807744786,0.000378816592274,0.0000114981758088,6.43662403377e-8,4.82417272796e-10]},"erbbands_crest":{"dmean":1.86806702614,"dmean2":2.94876003265,"dvar":3.30418992043,"dvar2":7.96455097198,"max":26.2494411469,"mean":7.98921012878,"median":7.24320888519,"min":1.78527784348,"var":10.8871612549},"erbbands_flatness_db":{"dmean":0.0161953419447,"dmean2":0.0210859104991,"dvar":0.000288245064439,"dvar2":0.000463333301013,"max":0.342948824167,"mean":0.195913210511,"median":0.201968863606,"min":0.024284940213,"var":0.00218644342385},"erbbands_kurtosis":{"dmean":0.61084997654,"dmean2":0.932041883469,"dvar":0.64319473505,"dvar2":1.42682993412,"max":20.7243041992,"mean":-0.121911861002,"median":-0.51847243309,"min":-1.75077164173,"var":2.55165529251},"erbbands_skewness":{"dmean":0.297522008419,"dmean2":0.445568501949,"dvar":0.09566809237,"dvar2":0.203502655029,"max":3.35729527473,"mean":-0.245298713446,"median":-0.335419535637,"min":-3.10579776764,"var":0.579988360405},"erbbands_spread":{"dmean":5.84816503525,"dmean2":8.86501216888,"dvar":36.1247749329,"dvar2":82.4923248291,"max":156.859634399,"mean":36.0428199768,"median":34.719909668,"min":3.95292377472,"var":194.909103394},"gfcc":{"cov":[[37136.421875,2846.84570312,-4975.49121094,1249.28649902,-1431.89050293,96.4635772705,-1261.91723633,0.742074549198,-758.684692383,-348.036468506,-424.003204346,-129.701721191,-207.112670898],[2846.84570312,1893.06262207,-829.93347168,-225.508865356,314.927703857,-387.152679443,26.9967842102,-153.079544067,27.3979644775,-191.488601685,142.027801514,-147.785293579,87.3127288818],[-4975.49121094,-829.93347168,1276.03356934,-78.0031280518,14.1421689987,195.16897583,78.1432952881,30.7147045135,82.9879226685,157.632476807,-14.4961900711,84.9912261963,-40.1851730347],[1249.28649902,-225.508865356,-78.0031280518,312.10369873,-36.6363258362,58.5717926025,-70.1483001709,24.0976047516,-17.7598590851,12.9249668121,-40.7636680603,34.3993644714,-15.1931619644],[-1431.89050293,314.927703857,14.1421689987,-36.6363258362,359.803619385,-100.574432373,90.1490249634,-24.384431839,48.9745559692,-45.5158233643,55.3297386169,-5.50203371048,47.0021286011],[96.4635772705,-387.152679443,195.16897583,58.5717926025,-100.574432373,263.877929688,-5.36595678329,40.5861129761,-29.7487850189,54.0177192688,-46.6046257019,44.8485031128,-31.7165622711],[-1261.91723633,26.9967842102,78.1432952881,-70.1483001709,90.1490249634,-5.36595678329,167.496551514,28.8414726257,42.3691253662,-3.10165953636,27.9155139923,-20.1934490204,7.41158485413],[0.742074549198,-153.079544067,30.7147045135,24.0976047516,-24.384431839,40.5861129761,28.8414726257,113.088256836,26.0299568176,21.8222522736,-15.6834917068,6.05463171005,-13.9046297073],[-758.684692383,27.3979644775,82.9879226685,-17.7598590851,48.9745559692,-29.7487850189,42.3691253662,26.0299568176,105.596138,15.7013864517,24.2671318054,-9.29553794861,1.79962205887],[-348.036468506,-191.488601685,157.632476807,12.9249668121,-45.5158233643,54.0177192688,-3.10165953636,21.8222522736,15.7013864517,98.9478378296,-0.753803193569,22.5935897827,-22.0205783844],[-424.003204346,142.027801514,-14.4961900711,-40.7636680603,55.3297386169,-46.6046257019,27.9155139923,-15.6834917068,24.2671318054,-0.753803193569,81.6873092651,-3.11164879799,20.4444141388],[-129.701721191,-147.785293579,84.9912261963,34.3993644714,-5.50203371048,44.8485031128,-20.1934490204,6.05463171005,-9.29553794861,22.5935897827,-3.11164879799,76.1480865479,4.70188903809],[-207.112670898,87.3127288818,-40.1851730347,-15.1931619644,47.0021286011,-31.7165622711,7.41158485413,-13.9046297073,1.79962205887,-22.0205783844,20.4444141388,4.70188903809,76.1129684448]],"icov":[[0.000312277843477,-0.000788243196439,0.000768104335293,-0.000875971338246,0.00099552469328,-0.000689088774379,0.000931808841415,-0.000743681797758,0.000670317444019,-0.000377833057428,0.00080460915342,-0.000482291477965,0.000544656068087],[-0.000788243196439,0.00351215759292,-0.00111540860962,0.00306355883367,-0.00343506364152,0.00215176679194,-0.00184068130329,0.00289789750241,-0.00225075194612,0.00146341952495,-0.00303609855473,0.00234646862373,-0.00127752451226],[0.000768104335293,-0.00111540860962,0.00361160608009,-0.00117283291183,0.00167148793116,-0.00220868154429,0.00220193923451,-0.000736125162803,0.000338218640536,-0.00215012417175,0.00210113706999,-0.00163019297179,0.00164715200663],[-0.000875971338246,0.00306355883367,-0.00117283291183,0.00712532131001,-0.00385758164339,0.00136636034586,-0.000720681622624,0.00191441911738,-0.00271779019386,0.00088490761118,-0.00141986226663,0.000529802928213,-0.00105449766852],[0.00099552469328,-0.00343506364152,0.00167148793116,-0.00385758164339,0.00805627368391,-0.00127394509036,0.00050400046166,-0.00208353018388,0.00149358436465,0.000213253719267,0.00206286157481,-0.00328986020759,0.000501886243001],[-0.000689088774379,0.00215176679194,-0.00220868154429,0.00136636034586,-0.00127394509036,0.00791556574404,-0.00323562207632,0.000767717545386,0.000449506449513,-0.000143266792293,-0.000408852210967,-0.00070541567402,-0.000595065415837],[0.000931808841415,-0.00184068130329,0.00220193923451,-0.000720681622624,0.00050400046166,-0.00323562207632,0.0123334145173,-0.00470653781667,0.000483499199618,-0.000327258370817,0.000254485756159,0.00153269455768,0.00167631846853],[-0.000743681797758,0.00289789750241,-0.000736125162803,0.00191441911738,-0.00208353018388,0.000767717545386,-0.00470653781667,0.0142130190507,-0.00550751294941,-0.000187309167814,-0.0000624389285804,0.00075396214379,-0.000646891770884],[0.000670317444019,-0.00225075194612,0.000338218640536,-0.00271779019386,0.00149358436465,0.000449506449513,0.000483499199618,-0.00550751294941,0.0153752127662,-0.00282712909393,-0.000760190479923,0.000641384336632,0.00123688718304],[-0.000377833057428,0.00146341952495,-0.00215012417175,0.00088490761118,0.000213253719267,-0.000143266792293,-0.000327258370817,-0.000187309167814,-0.00282712909393,0.0163044650108,-0.0041858968325,-0.00126057153102,0.00212700664997],[0.00080460915342,-0.00303609855473,0.00210113706999,-0.00141986226663,0.00206286157481,-0.000408852210967,0.000254485756159,-0.0000624389285804,-0.000760190479923,-0.0041858968325,0.020007904619,-0.00371501967311,-0.00132005789783],[-0.000482291477965,0.00234646862373,-0.00163019297179,0.000529802928213,-0.00328986020759,-0.00070541567402,0.00153269455768,0.00075396214379,0.000641384336632,-0.00126057153102,-0.00371501967311,0.0194931719452,-0.00361910206266],[0.000544656068087,-0.00127752451226,0.00164715200663,-0.00105449766852,0.000501886243001,-0.000595065415837,0.00167631846853,-0.000646891770884,0.00123688718304,0.00212700664997,-0.00132005789783,-0.00361910206266,0.0170700680465]],"mean":[-69.304359436,136.93572998,-139.706115723,33.9886169434,-35.6394119263,-5.7036614418,-40.9140396118,-2.97825622559,-23.0090713501,-8.54669380188,-11.2625751495,-5.82529258728,-11.3756361008]},"hfc":{"dmean":4.47917985916,"dmean2":6.00262975693,"dvar":43.4760475159,"dvar2":84.6980133057,"max":144.667495728,"mean":15.5923147202,"median":12.8002939224,"min":1.05127145056e-16,"var":165.592987061},"melbands":{"dmean":[0.000374344090233,0.000818592263386,0.000733937718906,0.00078026362462,0.000363635655958,0.000199849615456,0.000185042066732,0.0000836268663988,0.0000792377322796,0.0000608427690167,0.0000368017572328,0.0000266227380052,0.0000245255014306,0.0000421664844907,0.0000213323710341,0.0000230138339248,0.0000259127773461,0.0000130591542984,0.0000164928987942,0.0000260383476416,0.0000213207767956,0.0000139670810313,0.0000245747796725,0.0000179244852916,0.00000626606833976,0.00000407428524341,0.000002871596962,0.00000231432500186,0.00000187881084912,0.0000012496062709,8.23401933303e-7,8.41479675273e-7,5.43431951883e-7,4.57260767917e-7,3.83733691933e-7,2.61385196154e-7,2.35795212689e-7,1.5768563344e-7,1.16003811002e-7,8.61030926558e-8],"dmean2":[0.000638352765236,0.00139605009463,0.001210950315,0.00134741328657,0.000587314250879,0.000304135144688,0.00029138935497,0.000120724529552,0.000118463787658,0.0000882255844772,0.0000562382592761,0.0000394873750338,0.0000363168182957,0.0000600778512307,0.0000318835045618,0.0000342225357599,0.0000387119762308,0.0000198583766178,0.0000252701956924,0.0000392976762669,0.0000331587907567,0.0000212247887248,0.0000377289434255,0.0000269747833954,0.00000943510713114,0.00000607852325629,0.00000419092384618,0.00000350989830622,0.00000284692850983,0.00000187000557617,0.0000012482511238,0.00000129534396365,8.26191012493e-7,6.97351538292e-7,5.75733906771e-7,3.89022289937e-7,3.48139735706e-7,2.36918310748e-7,1.69058552046e-7,1.29521325221e-7],"dvar":[0.00000109042946406,0.00000200251702154,0.00000132913794459,0.00000414093801737,5.32050080437e-7,2.33277049233e-7,2.0886325558e-7,4.31228563968e-8,5.57453532224e-8,4.62527793843e-8,1.10333697734e-8,2.56129850662e-9,4.64398564048e-9,7.7890476291e-9,3.29866978177e-9,1.19857168634e-9,1.53744572629e-9,5.92169868696e-10,8.39488145665e-10,1.72899350392e-9,1.44988054895e-9,5.92743021333e-10,1.87434090471e-9,1.09880327059e-9,1.31985755658e-10,5.18948113648e-11,3.78632368514e-11,5.27706836562e-11,2.65565833213e-11,7.11568477751e-12,4.77904391408e-12,5.69401860731e-12,2.58227987604e-12,5.13720316286e-12,5.10986088512e-12,2.8657148269e-12,1.51155661338e-12,9.86241795696e-13,1.18604843828e-12,4.97942182279e-13],"dvar2":[0.00000286850831799,0.0000053492058214,0.00000354888879883,0.0000114657450467,0.00000133172545702,4.58099776779e-7,5.07524930526e-7,7.7734469528e-8,1.20437434248e-7,9.14683013775e-8,2.42240787429e-8,5.53990187058e-9,8.46911341057e-9,1.66916898081e-8,6.51887033243e-9,2.62601962397e-9,3.49031470392e-9,1.23661125784e-9,1.89625670721e-9,3.89421694891e-9,3.55434792709e-9,1.40705269658e-9,4.24903534579e-9,2.40547270991e-9,2.97117025427e-10,1.14593452782e-10,8.09868838658e-11,1.31266206238e-10,6.03509048291e-11,1.62536598763e-11,1.08538386612e-11,1.41710861795e-11,6.12964757077e-12,1.28278733122e-11,1.08501541085e-11,5.67051917574e-12,3.61814853252e-12,2.00611424174e-12,2.31327088561e-12,1.35163050457e-12],"max":[0.0137513335794,0.0160081833601,0.0203920025378,0.0286267101765,0.0123317986727,0.0161366648972,0.0165015459061,0.00993745960295,0.00852130167186,0.00777615141124,0.00351200066507,0.00121309398673,0.00400080671534,0.00255082687363,0.00252874428406,0.00104389747139,0.000634424504824,0.000603036372922,0.000939018733334,0.000673820788506,0.000878788530827,0.000404555554269,0.00106809055433,0.000550418626517,0.000207070843317,0.000129079722683,0.000201268601813,0.000275715981843,0.000173315856955,0.0000643631719868,0.0000553567515453,0.0000652159505989,0.0000602580839768,0.000130582906422,0.000133084540721,0.000114846960059,0.0000838150808704,0.0000541787776456,0.0000861125081428,0.0000441954070993],"mean":[0.000381925492547,0.00119033001829,0.00130588782486,0.00105999212246,0.000642292783596,0.000389656808693,0.000346135551808,0.000167664460605,0.000137231079862,0.000125620208564,0.0000689946537022,0.0000519205714227,0.0000445194818894,0.0000852341981954,0.0000444950528617,0.0000484457268612,0.0000513071390742,0.0000252285935858,0.0000314803728543,0.0000500951391587,0.0000434822868556,0.0000310044597427,0.0000479612135678,0.0000341802151524,0.0000121273833429,0.00000814406121208,0.00000526106168763,0.00000367730217476,0.00000291674177788,0.00000189353545466,0.00000117057982152,9.94631022877e-7,7.05953254965e-7,5.9717382328e-7,5.29534304405e-7,3.41283481475e-7,3.081820239e-7,2.24658649017e-7,1.71637353219e-7,1.12513731665e-7],"median":[0.000140331423609,0.000679372460581,0.000869887473527,0.000578854815103,0.000310493720463,0.00013871754345,0.00018176692538,0.0000758993410273,0.000039217309677,0.0000303814613289,0.0000262062567344,0.0000236583946389,0.0000242022360908,0.0000387407708331,0.0000252143508988,0.0000313249365718,0.0000313326891046,0.0000151544609253,0.0000181010182132,0.0000264671707555,0.0000241410671151,0.0000170454768522,0.0000249395015999,0.0000165008004842,0.00000611590485278,0.00000431402668255,0.00000235443030761,0.00000123572726807,0.00000108545850708,6.41958592951e-7,2.68927294655e-7,1.76855195377e-7,1.04829183556e-7,6.6230732898e-8,4.82309729932e-8,3.49356881202e-8,3.07690406487e-8,2.03762926532e-8,1.23021948184e-8,8.12341927059e-9],"min":[1.19613105514e-24,4.69649917645e-25,1.14441037597e-24,1.02786337557e-24,1.39005071641e-24,4.71300757001e-25,1.6967396218e-24,1.75693700583e-24,1.36587725726e-24,1.94977385689e-24,1.99015091347e-24,1.91786305277e-24,2.08587740938e-24,3.18394753197e-24,1.9471343283e-24,2.75341762105e-24,2.8769920902e-24,2.14016760574e-24,2.59745193148e-24,3.93301040453e-24,3.54888641964e-24,3.27865541124e-24,1.88037756585e-24,3.66315094961e-24,3.33264939033e-24,4.62376580656e-24,3.8690531122e-24,3.75343134705e-24,4.08713765376e-24,4.6307062048e-24,4.69000645677e-24,5.26046767051e-24,4.28817096684e-24,5.34934823427e-24,4.99152723855e-24,5.79432376609e-24,5.54002183152e-24,4.9808539505e-24,5.83175403275e-24,5.89718452281e-24],"var":[8.66849802605e-7,0.00000247908269557,0.00000221063078243,0.00000318754541695,0.00000117213312478,8.96783149074e-7,3.53729149083e-7,1.31672223347e-7,1.30917783281e-7,1.6009714443e-7,3.01637221867e-8,7.46178585587e-9,1.18427001539e-8,1.91231972479e-8,8.38055314034e-9,3.54833029625e-9,3.98302191229e-9,1.36032918263e-9,2.02555305862e-9,4.21975343556e-9,3.314267083e-9,1.56217438985e-9,4.25110879831e-9,2.30068120111e-9,2.64787664017e-10,1.19653495445e-10,7.7237966023e-11,8.10660566453e-11,3.86560020105e-11,1.15809124443e-11,8.06809133391e-12,6.24267564725e-12,4.50356071879e-12,8.84739590618e-12,1.21487776436e-11,5.44523540841e-12,2.30087520217e-12,2.253101785e-12,3.29604225857e-12,7.3789634342e-13]},"melbands_crest":{"dmean":3.19310379028,"dmean2":5.34640216827,"dvar":8.66206741333,"dvar2":24.3477573395,"max":31.7413673401,"mean":13.6956319809,"median":13.1129055023,"min":1.62206113338,"var":25.1729564667},"melbands_flatness_db":{"dmean":0.026327682659,"dmean2":0.0391495786607,"dvar":0.000756173976697,"dvar2":0.00153794127982,"max":0.54526257515,"mean":0.224994763732,"median":0.220667302608,"min":0.00269324588589,"var":0.00532321725041},"melbands_kurtosis":{"dmean":4.41464662552,"dmean2":6.95558547974,"dvar":58.0905189514,"dvar2":131.282318115,"max":430.320343018,"mean":9.91448497772,"median":5.46516609192,"min":-1.82132256031,"var":492.991394043},"melbands_skewness":{"dmean":0.576162576675,"dmean2":0.910402059555,"dvar":0.357862472534,"dvar2":0.868531644344,"max":18.0329685211,"mean":2.45135736465,"median":2.31169247627,"min":-0.648132264614,"var":2.09709644318},"melbands_spread":{"dmean":6.69970655441,"dmean2":10.555975914,"dvar":66.5768814087,"dvar2":150.691009521,"max":208.133804321,"mean":26.1126022339,"median":21.5988140106,"min":1.29484760761,"var":464.467163086},"mfcc":{"cov":[[12780.3994141,1071.2956543,-999.802429199,661.766601562,-167.443450928,-2.99634861946,-166.919342041,121.273452759,-110.007644653,-110.371589661,-173.241012573,21.967218399,-218.191146851],[1071.2956543,2259.67578125,-655.606079102,176.393783569,161.237106323,-156.718444824,47.4584541321,-54.3976478577,-86.2385635376,-50.7275619507,-50.3049583435,4.09691858292,-22.6344680786],[-999.802429199,-655.606079102,802.040588379,-185.965545654,-12.1012001038,128.68586731,-40.6738243103,-23.0749073029,15.283416748,40.8158836365,52.9441490173,-14.0632429123,49.7027587891],[661.766601562,176.393783569,-185.965545654,275.923248291,79.8369827271,-13.6924228668,-19.3237895966,8.75749206543,-6.72467851639,-17.9341716766,-21.6904697418,14.57999897,-6.05262374878],[-167.443450928,161.237106323,-12.1012001038,79.8369827271,193.585159302,29.735452652,-0.0831424742937,8.79200744629,0.568010151386,-20.6765003204,-5.72965574265,-0.201799795032,7.07738018036],[-2.99634861946,-156.718444824,128.68586731,-13.6924228668,29.735452652,147.295150757,19.6674365997,10.4103488922,8.39085674286,-17.943239212,18.2129955292,1.63869452477,5.32716417313],[-166.919342041,47.4584541321,-40.6738243103,-19.3237895966,-0.0831424742937,19.6674365997,107.9764328,21.3534622192,14.4234075546,1.96915650368,7.46154546738,6.14631986618,-4.1370010376],[121.273452759,-54.3976478577,-23.0749073029,8.75749206543,8.79200744629,10.4103488922,21.3534622192,95.7029724121,30.2708435059,6.18490695953,11.9238471985,7.25871658325,-2.48258018494],[-110.007644653,-86.2385635376,15.283416748,-6.72467851639,0.568010151386,8.39085674286,14.4234075546,30.2708435059,84.8508834839,21.5358657837,12.6134805679,9.87940692902,-1.73275649548],[-110.371589661,-50.7275619507,40.8158836365,-17.9341716766,-20.6765003204,-17.943239212,1.96915650368,6.18490695953,21.5358657837,87.8903808594,19.7567710876,9.6287727356,5.22116661072],[-173.241012573,-50.3049583435,52.9441490173,-21.6904697418,-5.72965574265,18.2129955292,7.46154546738,11.9238471985,12.6134805679,19.7567710876,79.3941955566,23.974445343,3.53663611412],[21.967218399,4.09691858292,-14.0632429123,14.57999897,-0.201799795032,1.63869452477,6.14631986618,7.25871658325,9.87940692902,9.6287727356,23.974445343,65.0764541626,13.9705219269],[-218.191146851,-22.6344680786,49.7027587891,-6.05262374878,7.07738018036,5.32716417313,-4.1370010376,-2.48258018494,-1.73275649548,5.22116661072,3.53663611412,13.9705219269,63.3026695251]],"icov":[[0.000120974902529,-0.0000603462576692,0.0000561200358788,-0.000254068698268,0.000307138834614,-0.000263003574219,0.000277267565252,-0.000260783563135,0.000128766681883,-0.0000178501250048,0.00022249534959,-0.000130244254251,0.00034403958125],[-0.0000603462576692,0.000724816229194,0.000476742774481,0.000198648456717,-0.00082100747386,0.000576940365136,-0.000472613028251,0.000586171925534,0.000427560036769,0.000015179910406,-0.000255009857938,0.0000783519935794,-0.000261415058048],[0.0000561200358788,0.000476742774481,0.00250763935037,0.00120184151456,-0.000545407179743,-0.00167020049412,0.00116271991283,0.000677746080328,0.00018419449043,-0.00100490648765,-0.000732197950128,0.00073067570338,-0.00121841346845],[-0.000254068698268,0.000198648456717,0.00120184151456,0.0058351890184,-0.00272249034606,0.0000609851194895,0.000971498375293,0.000252344907494,-0.0000275776455965,-0.000173838125193,0.000432909379015,-0.00110850378405,-0.000583733781241],[0.000307138834614,-0.00082100747386,-0.000545407179743,-0.00272249034606,0.00772548746318,-0.00215968699194,0.000800757086836,-0.00143437774386,-0.000396505260142,0.000977020594291,0.000706171966158,0.000244937516982,0.0000621601357125],[-0.000263003574219,0.000576940365136,-0.00167020049412,0.0000609851194895,-0.00215968699194,0.0103609710932,-0.00307789072394,0.000208265104447,-0.000501975766383,0.00304485647939,-0.00205685943365,0.00014453746553,-0.000388323154766],[0.000277267565252,-0.000472613028251,0.00116271991283,0.000971498375293,0.000800757086836,-0.00307789072394,0.0117425760254,-0.00242493860424,-0.000849670439493,-0.000627923291177,0.000341125531122,-0.00091136834817,0.00101907073986],[-0.000260783563135,0.000586171925534,0.000677746080328,0.000252344907494,-0.00143437774386,0.000208265104447,-0.00242493860424,0.0133561892435,-0.00397185375914,-0.0000152283973875,-0.0019492682768,0.000358593562851,-0.000766825454775],[0.000128766681883,0.000427560036769,0.00018419449043,-0.0000275776455965,-0.000396505260142,-0.000501975766383,-0.000849670439493,-0.00397185375914,0.0149776674807,-0.00315813906491,0.0000106669367597,-0.00158895645291,0.00134526542388],[-0.0000178501250048,0.000015179910406,-0.00100490648765,-0.000173838125193,0.000977020594291,0.00304485647939,-0.000627923291177,-0.0000152283973875,-0.00315813906491,0.0141683686525,-0.00277485908009,-0.00064103299519,-0.000649354711641],[0.00022249534959,-0.000255009857938,-0.000732197950128,0.000432909379015,0.000706171966158,-0.00205685943365,0.000341125531122,-0.0019492682768,0.0000106669367597,-0.00277485908009,0.0168079081923,-0.00628979131579,0.00201023276895],[-0.000130244254251,0.0000783519935794,0.00073067570338,-0.00110850378405,0.000244937516982,0.00014453746553,-0.00091136834817,0.000358593562851,-0.00158895645291,-0.00064103299519,-0.00628979131579,0.0196146741509,-0.00515370210633],[0.00034403958125,-0.000261415058048,-0.00121841346845,-0.000583733781241,0.0000621601357125,-0.000388323154766,0.00101907073986,-0.000766825454775,0.00134526542388,-0.000649354711641,0.00201023276895,-0.00515370210633,0.0189680401236]],"mean":[-685.784484863,158.284179688,-33.2562522888,35.6227493286,14.6250572205,1.3312356472,-3.75759911537,0.286200553179,-7.83106279373,-6.7469086647,-4.16306591034,2.09781455994,-4.7471280098]},"pitch_salience":{"dmean":0.0643431395292,"dmean2":0.105094522238,"dvar":0.00360153010115,"dvar2":0.00997953582555,"max":0.985026061535,"mean":0.570149719715,"median":0.576466977596,"min":0.105479680002,"var":0.0111405719072},"silence_rate_20dB":{"dmean":0,"dmean2":0,"dvar":0,"dvar2":0,"max":1,"mean":1,"median":1,"min":1,"var":0},"silence_rate_30dB":{"dmean":0,"dmean2":0,"dvar":0,"dvar2":0,"max":1,"mean":1,"median":1,"min":1,"var":0},"silence_rate_60dB":{"dmean":0.0170263797045,"dmean2":0.0340568423271,"dvar":0.0167365130037,"dvar2":0.0381731428206,"max":1,"mean":0.0804459899664,"median":0,"min":0,"var":0.0739728659391},"spectral_centroid":{"dmean":225.58921814,"dmean2":343.392822266,"dvar":87067.7109375,"dvar2":175545.796875,"max":11953.21875,"mean":1460.52087402,"median":1245.265625,"min":191.795761108,"var":2271332},"spectral_complexity":{"dmean":3.40647482872,"dmean2":4.86796998978,"dvar":14.8609523773,"dvar2":26.5530509949,"max":52,"mean":20.4949054718,"median":21,"min":0,"var":98.6139297485},"spectral_contrast_coeffs":{"dmean":[0.0532441027462,0.0423010326922,0.0333900414407,0.028970811516,0.0247040241957,0.0207333844155],"dmean2":[0.0880349352956,0.067872799933,0.0524427965283,0.044553283602,0.0371631793678,0.0315277650952],"dvar":[0.00226614205167,0.00137557520065,0.000836577091832,0.000580629450269,0.000483083160361,0.000356734788511],"dvar2":[0.00603162031621,0.00333493994549,0.00192905066069,0.00133727979846,0.000993283232674,0.000795846106485],"max":[-0.277630388737,-0.437605977058,-0.503991365433,-0.574163973331,-0.584535360336,-0.583677828312],"mean":[-0.601910233498,-0.709285497665,-0.774913072586,-0.759533286095,-0.736434698105,-0.743679940701],"median":[-0.597029089928,-0.709640860558,-0.775810360909,-0.755522966385,-0.731379628181,-0.736492395401],"min":[-0.980588078499,-0.993350803852,-0.977523624897,-0.988231062889,-0.967795670033,-0.964846968651],"var":[0.00856603682041,0.00681613665074,0.00422721216455,0.00348096061498,0.00400330778211,0.00336280139163]},"spectral_contrast_valleys":{"dmean":[0.434637546539,0.365292608738,0.327054560184,0.31755271554,0.359537452459,0.457843154669],"dmean2":[0.700251698494,0.561551868916,0.493703812361,0.443342059851,0.451117128134,0.540231585503],"dvar":[0.162098675966,0.133986920118,0.111498735845,0.109473489225,0.16015842557,0.237441167235],"dvar2":[0.349955022335,0.248423784971,0.194232612848,0.167986556888,0.227470397949,0.338486939669],"max":[-5.31524944305,-4.68931388855,-4.99643182755,-5.8063454628,-5.78827762604,-7.35100078583],"mean":[-7.84587097168,-7.41559362411,-7.96447706223,-8.18541717529,-8.45364761353,-11.9789762497],"median":[-7.29790592194,-6.8533782959,-7.389503479,-7.58555412292,-7.84147977829,-11.6649665833],"min":[-28.1824474335,-28.0250320435,-27.8515472412,-27.7091140747,-27.5534152985,-27.388381958],"var":[9.45404434204,9.97239398956,9.55652809143,9.44003868103,9.38413906097,6.87129735947]},"spectral_decrease":{"dmean":2.00857219745e-9,"dmean2":3.07698710955e-9,"dvar":9.97631517527e-18,"dvar2":2.4197413543e-17,"max":1.42876774039e-28,"mean":-5.59314061732e-9,"median":-4.61212446012e-9,"min":-3.86095031502e-8,"var":2.01739325973e-17},"spectral_energy":{"dmean":0.00788817927241,"dmean2":0.0119836032391,"dvar":0.000151276850374,"dvar2":0.00036342209205,"max":0.151440322399,"mean":0.0225240457803,"median":0.0186764579266,"min":9.81974539495e-21,"var":0.000319212267641},"spectral_energyband_high":{"dmean":0.000153384753503,"dmean2":0.000214750500163,"dvar":1.62034254458e-7,"dvar2":3.33527736984e-7,"max":0.0182777587324,"mean":0.000254260172369,"median":0.0000795379964984,"min":7.03919149835e-21,"var":3.76951703629e-7},"spectral_energyband_low":{"dmean":0.00366211892106,"dmean2":0.00606459798291,"dvar":0.0000375683812308,"dvar2":0.0000950058019953,"max":0.0743412002921,"mean":0.00608872110024,"median":0.00391784962267,"min":8.98489930739e-24,"var":0.0000514057246619},"spectral_energyband_middle_high":{"dmean":0.00141276791692,"dmean2":0.00192019622773,"dvar":0.00000410253551308,"dvar2":0.00000799146982899,"max":0.0351263470948,"mean":0.00501393806189,"median":0.00402947561815,"min":1.12839037487e-21,"var":0.0000189795882761},"spectral_energyband_middle_low":{"dmean":0.0055081336759,"dmean2":0.00882551353425,"dvar":0.000109949483885,"dvar2":0.000289715506369,"max":0.134613871574,"mean":0.0127852465957,"median":0.00910535547882,"min":1.38595590905e-22,"var":0.000168929356732},"spectral_entropy":{"dmean":0.162846758962,"dmean2":0.217208966613,"dvar":0.031779717654,"dvar2":0.0545606575906,"max":9.82259559631,"mean":7.26305961609,"median":7.23115491867,"min":5.19508123398,"var":0.322171747684},"spectral_flux":{"dmean":0.023061465472,"dmean2":0.0341437198222,"dvar":0.000797115440946,"dvar2":0.00153880147263,"max":0.342313051224,"mean":0.0700462535024,"median":0.0617077685893,"min":6.2529911804e-11,"var":0.00225547980517},"spectral_kurtosis":{"dmean":3.8817858696,"dmean2":6.6246919632,"dvar":20.9412059784,"dvar2":55.075881958,"max":119.661804199,"mean":7.82200336456,"median":6.06681251526,"min":-1.2677693367,"var":45.2209663391},"spectral_rms":{"dmean":0.000736634014174,"dmean2":0.00108031032141,"dvar":8.62185231654e-7,"dvar2":0.00000189516242699,"max":0.0121551081538,"mean":0.00428585801274,"median":0.00426859874278,"min":3.09519619136e-12,"var":0.00000360614694728},"spectral_rolloff":{"dmean":391.47857666,"dmean2":654.092895508,"dvar":345133.65625,"dvar2":715195.125,"max":19659.8144531,"mean":1828.93701172,"median":1421.19140625,"min":129.19921875,"var":7310566},"spectral_skewness":{"dmean":0.359942704439,"dmean2":0.600546717644,"dvar":0.13749524951,"dvar2":0.351887196302,"max":9.01304721832,"mean":1.60206949711,"median":1.46347475052,"min":-0.0941902548075,"var":0.487895309925},"spectral_spread":{"dmean":391727.1875,"dmean2":543377.375,"dvar":640333381632,"dvar2":1195918098430,"max":43150244,"mean":3712367.5,"median":2518585.75,"min":596721.375,"var":31531745673200},"spectral_strongpeak":{"dmean":0.369930505753,"dmean2":0.636241078377,"dvar":0.489913463593,"dvar2":1.31243920326,"max":10.2067565918,"mean":0.695304274559,"median":0.442656546831,"min":0,"var":0.681540727615},"zerocrossingrate":{"dmean":0.0072291973047,"dmean2":0.00894955918193,"dvar":0.00013211305486,"dvar2":0.000221959853661,"max":0.5322265625,"mean":0.0588033236563,"median":0.04736328125,"min":0.005859375,"var":0.00488863280043}},"metadata":{"audio_properties":{"analysis_sample_rate":44100,"bit_rate":160000,"codec":"mp3","downmix":"mix","equal_loudness":0,"length":193.645721436,"lossless":false,"md5_encoded":"d4b38bd61b535b2e1b1ca5515c493063","replay_gain":-9.5143737793,"sample_rate":44100},"tags":{"album":["Lou Reed"],"albumartist":["Lou Reed"],"albumartistsort":["Reed, Lou"],"artist":["Lou Reed"],"artistsort":["Reed, Lou"],"asin":["B00004LCBS"],"barcode":["743217271220"],"catalognumber":["74321 72712 2"],"date":["2000"],"discnumber":["1/1"],"encoding":["Audiograbber 1.83.01, LAME dll 3.93, 160 Kbit/s, Joint Stereo, Normal quality"],"file_name":"Love Makes You Feel - Lou Reed.mp3","genre":["Blues"],"isrc":["USRC10001146"],"label":["Bertelsmann Music Group"],"media":["CD"],"musicbrainz album release country":["GB"],"musicbrainz album status":["official"],"musicbrainz album type":["album"],"musicbrainz_albumartistid":["9d1ebcfe-4c15-4d18-95d3-d919898638a1"],"musicbrainz_albumid":["a736f812-30a8-3df4-b6b9-7460ef2ccecd"],"musicbrainz_artistid":["9d1ebcfe-4c15-4d18-95d3-d919898638a1"],"musicbrainz_recordingid":["6c4c1822-dafd-4186-a260-db75f58b8231"],"originaldate":["1972"],"script":["Latn"],"title":["Love Makes You Feel"],"tracknumber":["8/10"]},"version":{"essentia":"2.1-beta2","essentia_build_sha":"70f2e5ece6736b2c40cc944ad0e695b16b925413","essentia_git_sha":"v2.1_beta2","extractor":"music 1.0"}},"rhythm":{"beats_count":402,"beats_loudness":{"dmean":0.0167012419552,"dmean2":0.028159558773,"dvar":0.000186782213859,"dvar2":0.000510420592036,"max":0.0865036770701,"mean":0.0310694538057,"median":0.0295714512467,"min":0,"var":0.000316667021252},"beats_loudness_band_ratio":{"dmean":[0.189520224929,0.147872313857,0.106689825654,0.0595527030528,0.0911317765713,0.0322049446404],"dmean2":[0.327484488487,0.252889037132,0.190895572305,0.103983663023,0.161573469639,0.0615702569485],"dvar":[0.0234878882766,0.0150762433186,0.01144433114