{"lowlevel":{"average_loudness":0.912686347961,"barkbands":{"dmean":[0.00509832846001,0.0109751997516,0.000600065104663,0.000515941879712,0.000470093335025,0.00069464056287,0.000299567356706,0.000209798774449,0.000367813016055,0.00044854436419,0.000408778520068,0.000759578251746,0.000612371892203,0.000570220639929,0.000407061103033,0.000220380214159,0.000332425814122,0.000366430089343,0.000370385125279,0.000370125839254,0.000338590005413,0.000229843120906,0.0000624836102361,0.0000022219658149,0.00000143042632317,0.0000109687562144,0.000159081086167],"dmean2":[0.00822920259088,0.0179309993982,0.00104285485577,0.000847497489303,0.000773600593675,0.00107496825512,0.000474677275633,0.000345272303093,0.000587057787925,0.000714712194167,0.000658235570882,0.00124795921147,0.000978557160124,0.000906935427338,0.000661554338876,0.000351526308805,0.000522529589944,0.000563157664146,0.000540562206879,0.000556276063435,0.000491548154969,0.000334470503731,0.0000952182090259,0.00000366897393178,0.0000023872444217,0.0000165582932823,0.000223574810661],"dvar":[0.000299765029922,0.00126758182887,0.00000158068201017,0.00000123682161757,0.00000137286281188,0.00000344988666257,5.37207199613e-7,5.31796445102e-7,9.68377321442e-7,0.00000122901280974,9.82797018878e-7,0.00000148844526393,9.52426830736e-7,8.90616888682e-7,4.08427183629e-7,1.20611105103e-7,2.96783014164e-7,3.92022229789e-7,4.01243653414e-7,4.63475828383e-7,4.27705629136e-7,1.8514916178e-7,1.41680089882e-8,1.86610744218e-11,1.08930182582e-11,4.24861507087e-10,6.76777816011e-8],"dvar2":[0.00073071103543,0.00307720131241,0.00000438928009316,0.00000329529871124,0.00000331040155288,0.00000792432274466,0.00000126236648157,0.00000140004124205,0.00000234339495364,0.00000298046279568,0.00000246294439421,0.00000389611705032,0.00000239898372456,0.00000216171474676,0.00000102478009012,2.97767144275e-7,7.05985542027e-7,9.35656373713e-7,8.34713432596e-7,0.00000105943217932,8.99778854091e-7,4.12666310012e-7,3.29046585534e-8,4.65137997563e-11,2.81133120256e-11,9.8337948895e-10,1.39427100976e-7],"max":[0.182080999017,0.35098823905,0.0226044021547,0.0259082652628,0.0539627447724,0.0375207774341,0.0170513819903,0.0331898368895,0.0302353873849,0.0403447076678,0.0320815257728,0.0210705697536,0.0174342244864,0.024792117998,0.0185124836862,0.006566375494,0.0197759736329,0.00971676129848,0.0109267178923,0.0114984540269,0.00909065827727,0.00724006257951,0.0028533465229,0.0000816561150714,0.0000679827935528,0.000460625102278,0.00803874526173],"mean":[0.00472581107169,0.00975251477212,0.000574576493818,0.000576056190766,0.000595071876887,0.000844662776217,0.000384037091862,0.000245548260864,0.000452071835753,0.000602772692218,0.000547771633137,0.00110399303958,0.000927601242438,0.000851077667903,0.000653445255011,0.000363907951396,0.00054732064018,0.000566559436265,0.000534916471224,0.000462327559944,0.000439259252744,0.000274100719253,0.0000759279791964,0.00000208053893402,0.00000126742452267,0.0000132274126372,0.000380921148462],"median":[0.000208090990782,0.000444828910986,0.000163148419233,0.000188798818272,0.000231546859141,0.000198225607164,0.0000875704354257,0.0000699387965142,0.000146907477756,0.000236407620832,0.000230771489441,0.000543483241927,0.000475471286336,0.000407426938182,0.000378472090233,0.000214093903196,0.000289772637188,0.000261611508904,0.000168438244145,0.0000895296616363,0.0000467682584713,0.0000254031983786,0.0000106191382656,5.03474780089e-7,2.91928245133e-7,0.00000246847389462,0.000155583606102],"min":[4.71540856678e-24,2.42290659543e-23,2.63838829043e-24,4.88790878092e-24,1.0202651265e-23,5.78066795273e-23,2.15282823162e-23,1.62283928997e-23,8.27093143656e-23,4.33074602656e-23,6.75619669841e-23,4.26702499808e-23,5.58225492003e-23,1.26232158902e-22,1.22656448056e-22,1.12820690476e-22,8.54253309078e-23,1.50955716004e-22,2.02186236455e-22,2.17333022167e-22,3.22482450548e-22,5.59138046298e-22,7.11940327909e-22,8.23140937899e-22,1.14791706779e-21,1.56817318561e-21,2.5695038928e-21],"var":[0.000287231785478,0.00119955930859,0.0000013209825056,0.00000124445364236,0.00000176716628175,0.00000457700843981,8.52250650496e-7,5.41841018276e-7,0.0000011763108887,0.00000159813669143,0.00000127090572732,0.00000239183327722,0.00000176590231149,0.00000154135875619,7.61117689763e-7,2.09951039665e-7,6.09015557984e-7,6.42122927275e-7,7.25955715097e-7,6.78809840338e-7,7.20590321635e-7,2.75646812042e-7,2.10490060937e-8,1.84744806259e-11,9.75334049635e-12,6.13482098455e-10,2.22797879701e-7]},"barkbands_crest":{"dmean":2.98167395592,"dmean2":4.85161876678,"dvar":8.28833866119,"dvar2":19.7912998199,"max":26.6756420135,"mean":8.61504840851,"median":7.2349691391,"min":1.9349039793,"var":22.2843761444},"barkbands_flatness_db":{"dmean":0.0317521877587,"dmean2":0.0492489263415,"dvar":0.00119215901941,"dvar2":0.0026891049929,"max":0.500434339046,"mean":0.127242520452,"median":0.117428459227,"min":0.0328604765236,"var":0.00365389185026},"barkbands_kurtosis":{"dmean":6.92837810516,"dmean2":11.637758255,"dvar":571.228515625,"dvar2":1484.56677246,"max":625.661132812,"mean":6.37986564636,"median":0.184036970139,"min":-1.84079015255,"var":741.114624023},"barkbands_skewness":{"dmean":0.878349483013,"dmean2":1.32804489136,"dvar":1.63937735558,"dvar2":3.58187913895,"max":19.8783855438,"mean":0.881087779999,"median":0.352235049009,"min":-3.59566426277,"var":4.45826911926},"barkbands_spread":{"dmean":10.3028202057,"dmean2":16.2784385681,"dvar":116.054573059,"dvar2":267.470153809,"max":119.12084198,"mean":32.4864883423,"median":30.6881084442,"min":0.232261151075,"var":322.622528076},"dissonance":{"dmean":0.014044999145,"dmean2":0.0236981920898,"dvar":0.00034894773853,"dvar2":0.000952228787355,"max":0.500000059605,"mean":0.481553345919,"median":0.488971948624,"min":0.0525153540075,"var":0.000484297343064},"dynamic_complexity":3.21670651436,"erbbands":{"dmean":[0.688270747662,1.06517601013,0.744916379452,1.17918586731,1.7890213728,1.28644514084,4.03351593018,5.69478702545,3.85134315491,4.83686447144,4.83675336838,7.74675130844,11.3484134674,15.9135065079,18.8247241974,30.1497344971,26.42004776,23.1650123596,26.1585426331,14.3066730499,11.2955169678,18.2598323822,19.7020549774,18.9608726501,18.8857040405,19.1651592255,15.435708046,11.0863580704,7.83959007263,5.61603736877,1.40851223469,0.1392044276,0.0270130857825,0.0163742154837,0.0100894961506,0.00592109421268,0.0169958155602,0.0607683025301,0.0246718265116,0.00245250947773],"dmean2":[1.14685034752,1.68164134026,1.26613104343,1.94933247566,2.92055702209,2.14396882057,6.31593179703,8.92939376831,6.1259098053,7.65161895752,7.92817163467,12.3375701904,17.8355693817,25.4032726288,30.3370304108,49.3949890137,41.840587616,36.5635566711,41.7098655701,22.9551753998,17.5760250092,28.4157466888,30.2012004852,27.989156723,27.7511100769,29.1658325195,23.2671318054,16.0852012634,11.3317537308,8.29545402527,2.15016269684,0.220006927848,0.0442595556378,0.0272265635431,0.0168083552271,0.00973615329713,0.0253132563084,0.0859409794211,0.0351898036897,0.0034329330083],"dvar":[5.68629217148,8.91132926941,2.34190797806,5.94849157333,21.5867843628,10.3292713165,133.670181274,290.639282227,83.2176132202,190.724487305,320.075897217,569.447753906,873.59954834,1246.87939453,1387.04248047,2396.74902344,1745.32202148,1219.12243652,1563.89208984,451.355651855,310.119293213,906.76751709,1069.46923828,1052.7980957,1094.68908691,1247.58203125,894.089477539,487.176544189,216.666748047,110.904602051,6.96782684326,0.0655451491475,0.00331558403559,0.00140939594712,0.000538456777576,0.000169640072272,0.00100115011446,0.0137039860711,0.00221406249329,0.0000121454522741],"dvar2":[14.1692714691,20.6341495514,6.16584062576,16.0235404968,53.5168495178,25.1864738464,297.392242432,705.363220215,199.350189209,461.27722168,867.263305664,1372.32861328,2030.09667969,3070.20800781,3386.54980469,6342.07714844,4347.06884766,2945.24121094,3800.20849609,1151.0123291,738.540283203,2126.53540039,2511.45874023,2233.56689453,2361.24584961,2907.91772461,2023.14477539,1014.94293213,474.043243408,254.767166138,16.0978050232,0.15664960444,0.00838749855757,0.00362966000102,0.00138902559411,0.000433840759797,0.0022913175635,0.030072433874,0.00478159729391,0.0000246355830313],"max":[21.7801952362,34.5359420776,23.4855079651,69.1782608032,120.818199158,185.762802124,302.311431885,430.589385986,215.932785034,453.69644165,815.4609375,865.22479248,1012.74090576,911.528808594,772.004577637,994.828308105,769.733520508,819.514465332,1138.52697754,426.264801025,400.199676514,1010.30548096,564.353759766,616.862487793,652.991271973,625.03527832,392.674957275,385.435943604,267.317138672,160.280838013,36.7432441711,2.76137638092,1.23493933678,0.780091404915,0.475821584463,0.268210351467,0.762685537338,3.13839530945,1.55333423615,0.0859246850014],"mean":[0.57551574707,1.05569863319,0.780633628368,1.35991466045,2.14259433746,1.624142766,4.76138114929,6.71315336227,5.20032453537,6.08060073853,5.89334106445,9.57177639008,15.246512413,22.8352108002,27.6062431335,46.9512405396,43.0599822998,37.9761695862,43.5797843933,25.4852409363,21.2403964996,30.54114151,31.066242218,28.8771533966,26.1675777435,23.1734790802,19.3745079041,14.6971654892,9.58650779724,6.46438884735,1.6502777338,0.152867034078,0.0266185384244,0.0148392198607,0.00907457154244,0.00577053707093,0.0208694022149,0.0796101465821,0.0468563549221,0.00722834281623],"median":[0.0129650030285,0.0910181701183,0.226304203272,0.488100409508,0.723052322865,0.665620565414,1.11920058727,1.59049618244,1.47822546959,1.40605700016,1.98356032372,3.26330089569,5.51411008835,10.0572500229,13.5767612457,25.4078979492,24.3408699036,22.0267009735,25.9011859894,15.8353528976,12.8229255676,16.1718921661,14.4477529526,11.4247341156,7.31827402115,4.31905412674,2.28306055069,1.52938592434,0.885231673717,0.728001594543,0.213526144624,0.0302315298468,0.00807009451091,0.00379677512683,0.00223373086192,0.00186052930076,0.00413390062749,0.0113137010485,0.00889666937292,0.00382229266688],"min":[1.23518068442e-21,2.892983615e-21,2.04395259035e-21,1.06710031026e-20,1.72277503944e-20,4.79411329439e-20,1.730598714e-19,2.46893095223e-19,1.45151728111e-19,5.14928409916e-19,1.04805210497e-18,1.71483836424e-18,1.06666108381e-18,2.03778446124e-18,2.14464068674e-18,1.88859602711e-18,2.63296655457e-18,5.37772615533e-18,6.28015828334e-18,5.68370853572e-18,6.64609554171e-18,5.20570567515e-18,6.24027494293e-18,1.43909640424e-17,7.43405910783e-18,1.01546437348e-17,1.17044898623e-17,1.33760539626e-17,2.13313286734e-17,1.97951517055e-17,2.08372520392e-17,1.5501487102e-17,1.30520555885e-17,1.1673624445e-17,7.76119497803e-18,5.30210075424e-18,2.80359240824e-18,1.40990877798e-18,3.28368421006e-19,3.24052108559e-20],"var":[4.97999620438,9.833152771,2.2644701004,5.95413732529,25.1174812317,12.9781856537,185.36869812,337.032806396,134.213775635,256.048492432,304.005889893,641.436584473,1208.54443359,1732.46679688,2126.97924805,3938.89624023,3406.96533203,2249.04248047,3085.94702148,884.612670898,685.702636719,1805.07080078,1842.70654297,1857.59924316,1846.42358398,1698.29211426,1374.89916992,835.601318359,340.235046387,156.223693848,9.97201156616,0.0789531841874,0.00319480383769,0.0012721234234,0.000484091899125,0.000159105329658,0.0014458844671,0.0220650080591,0.00523875001818,0.0000614024465904]},"erbbands_crest":{"dmean":2.58417630196,"dmean2":4.23103046417,"dvar":6.17198038101,"dvar2":15.7030467987,"max":32.5747337341,"mean":8.27154350281,"median":7.56028366089,"min":1.95421361923,"var":13.2876386642},"erbbands_flatness_db":{"dmean":0.0275849867612,"dmean2":0.0408450178802,"dvar":0.000636518117972,"dvar2":0.00129355839454,"max":0.418281883001,"mean":0.188868105412,"median":0.182464808226,"min":0.0357154868543,"var":0.00297185522504},"erbbands_kurtosis":{"dmean":1.54863214493,"dmean2":2.46788859367,"dvar":4.86588430405,"dvar2":11.8858938217,"max":50.4722251892,"mean":1.64019191265,"median":0.887994766235,"min":-1.75135529041,"var":8.69264030457},"erbbands_skewness":{"dmean":0.467062979937,"dmean2":0.727880477905,"dvar":0.183430552483,"dvar2":0.435852855444,"max":3.52234387398,"mean":-0.485225141048,"median":-0.496362745762,"min":-4.3689956665,"var":0.504286408424},"erbbands_spread":{"dmean":7.0527715683,"dmean2":10.6915187836,"dvar":66.5545196533,"dvar2":148.16015625,"max":124.473594666,"mean":23.2653808594,"median":20.8587532043,"min":0.719248652458,"var":210.531661987},"gfcc":{"cov":[[9521.36523438,-528.685791016,-222.238632202,732.690734863,-409.942596436,-499.166412354,399.475769043,-415.643707275,20.9511871338,-6.35247087479,-159.733978271,240.468429565,-253.078826904],[-528.685791016,1668.74499512,81.282409668,-685.092285156,338.15927124,334.535369873,-262.953918457,214.416030884,-59.8974113464,-11.8301801682,150.942153931,-155.723464966,197.179550171],[-222.238632202,81.282409668,652.481018066,331.837341309,-23.2423000336,196.267166138,-13.0147743225,182.195877075,6.27811431885,111.57408905,46.7436523438,54.7532310486,40.2712974548],[732.690734863,-685.092285156,331.837341309,824.044311523,-10.6529798508,-118.059532166,281.305603027,-68.5191650391,104.579284668,53.4481239319,-30.079870224,180.393310547,-118.06275177],[-409.942596436,338.15927124,-23.2423000336,-10.6529798508,427.37411499,275.939544678,-7.19041061401,126.898208618,9.73676872253,-13.8926115036,66.078704834,-19.9162273407,91.2153015137],[-499.166412354,334.535369873,196.267166138,-118.059532166,275.939544678,622.56652832,-94.8825836182,298.896209717,-65.0925750732,51.189956665,55.0048103333,-35.3322982788,128.456726074],[399.475769043,-262.953918457,-13.0147743225,281.305603027,-7.19041061401,-94.8825836182,363.35055542,-98.7133865356,71.655670166,-23.6612281799,-41.8995666504,89.9198913574,-58.948551178],[-415.643707275,214.416030884,182.195877075,-68.5191650391,126.898208618,298.896209717,-98.7133865356,316.108856201,8.39300537109,55.0794677734,61.0779800415,-27.7437286377,101.110801697],[20.9511871338,-59.8974113464,6.27811431885,104.579284668,9.73676872253,-65.0925750732,71.655670166,8.39300537109,168.375946045,59.3646965027,8.21655464172,44.7139511108,-34.0627975464],[-6.35247087479,-11.8301801682,111.57408905,53.4481239319,-13.8926115036,51.189956665,-23.6612281799,55.0794677734,59.3646965027,135.640075684,57.4889373779,10.2006969452,16.596660614],[-159.733978271,150.942153931,46.7436523438,-30.079870224,66.078704834,55.0048103333,-41.8995666504,61.0779800415,8.21655464172,57.4889373779,111.600746155,35.0792160034,39.0619850159],[240.468429565,-155.723464966,54.7532310486,180.393310547,-19.9162273407,-35.3322982788,89.9198913574,-27.7437286377,44.7139511108,10.2006969452,35.0792160034,135.404296875,-7.58941602707],[-253.078826904,197.179550171,40.2712974548,-118.06275177,91.2153015137,128.456726074,-58.948551178,101.110801697,-34.0627975464,16.596660614,39.0619850159,-7.58941602707,130.912734985]],"icov":[[0.000166929807165,-0.000328252732288,0.000542653200682,-0.000598900776822,0.000401774974307,-0.0000637023913441,0.0000518687265867,-0.000147549581015,0.000378132972401,-0.000446808786364,0.000488370307721,-0.000334329408361,0.0000198838388314],[-0.000328252732288,0.00293127866462,-0.00362759293057,0.00445361901075,-0.00319697172381,0.000822816742584,-0.000651576905511,0.00100075418595,-0.00144025706686,0.00178109749686,-0.00229334784672,0.000837304920424,0.000568853109144],[0.000542653200682,-0.00362759293057,0.00867054890841,-0.00903462059796,0.00702622067183,-0.00310180126689,0.0016479374608,-0.00161506654695,0.000806656316854,-0.000894252501894,-0.000453209853731,0.00191033747979,-0.00359546719119],[-0.000598900776822,0.00445361901075,-0.00903462059796,0.0141639579087,-0.0111455116421,0.00572020653635,-0.00304926140234,-0.00137636705767,0.0033334987238,-0.00573220243677,0.0067678024061,-0.00937740504742,0.0085610402748],[0.000401774974307,-0.00319697172381,0.00702622067183,-0.0111455116421,0.0145322317258,-0.00793978851289,0.00153040536679,0.00319912773557,-0.0073685660027,0.0104216020554,-0.0119531825185,0.0115210171789,-0.00974133983254],[-0.0000637023913441,0.000822816742584,-0.00310180126689,0.00572020653635,-0.00793978851289,0.00822331383824,-0.00131464039441,-0.00571125978604,0.00743251154199,-0.00884675141424,0.00962483230978,-0.00858724769205,0.00571845192462],[0.0000518687265867,-0.000651576905511,0.0016479374608,-0.00304926140234,0.00153040536679,-0.00131464039441,0.00504630804062,0.00126370263752,-0.00212588207796,0.00186611164827,0.000184320262633,-0.000226758769713,-0.00151317042764],[-0.000147549581015,0.00100075418595,-0.00161506654695,-0.00137636705767,0.00319912773557,-0.00571125978604,0.00126370263752,0.0110968900844,-0.00825347285718,0.00810730271041,-0.00977735966444,0.00857412815094,-0.00692448532209],[0.000378132972401,-0.00144025706686,0.000806656316854,0.0033334987238,-0.0073685660027,0.00743251154199,-0.00212588207796,-0.00825347285718,0.0198578890413,-0.018577054143,0.0167288221419,-0.0154194040224,0.0105534279719],[-0.000446808786364,0.00178109749686,-0.000894252501894,-0.00573220243677,0.0104216020554,-0.00884675141424,0.00186611164827,0.00810730271041,-0.018577054143,0.0313523747027,-0.0267720986158,0.0205183774233,-0.012073494494],[0.000488370307721,-0.00229334784672,-0.000453209853731,0.0067678024061,-0.0119531825185,0.00962483230978,0.000184320262633,-0.00977735966444,0.0167288221419,-0.0267720986158,0.0394562631845,-0.0267906412482,0.0115807503462],[-0.000334329408361,0.000837304920424,0.00191033747979,-0.00937740504742,0.0115210171789,-0.00858724769205,-0.000226758769713,0.00857412815094,-0.0154194040224,0.0205183774233,-0.0267906412482,0.0317226760089,-0.0140581037849],[0.0000198838388314,0.000568853109144,-0.00359546719119,0.0085610402748,-0.00974133983254,0.00571845192462,-0.00151317042764,-0.00692448532209,0.0105534279719,-0.012073494494,0.0115807503462,-0.0140581037849,0.0214961972088]],"mean":[-39.1520080566,73.5763778687,-135.911376953,6.566883564,-2.51850152016,-20.4206542969,10.455075264,-27.904417038,-1.05010581017,-10.536406517,-4.22785902023,3.80734753609,-12.1443891525]},"hfc":{"dmean":15.493355751,"dmean2":21.6076526642,"dvar":344.558349609,"dvar2":660.42767334,"max":230.066375732,"mean":39.2106056213,"median":29.5805168152,"min":1.17215304447e-16,"var":1096.84362793},"melbands":{"dmean":[0.0045136557892,0.000615923141595,0.00022141802765,0.000105600636743,0.000118915711937,0.000126810409711,0.0000602725158387,0.0000507538643433,0.000042351315642,0.0000518266933796,0.0000581842614338,0.0000662068923702,0.0000588428665651,0.0000764887663536,0.0000923750485526,0.0000457023306808,0.0000480898161186,0.0000477537141705,0.0000293171760859,0.0000164886150742,0.0000142625040098,0.0000194731164811,0.000020167668481,0.0000182101466635,0.0000158331476996,0.0000141832579175,0.0000148909939526,0.0000117065292216,0.00000951887432166,0.00000863842433318,0.00000599721215622,0.00000452565609521,0.0000043473032747,0.00000253071698353,9.45255067109e-7,2.12610842709e-7,3.02486746762e-8,1.78023551456e-8,1.51217030009e-8,1.32088970872e-8],"dmean2":[0.00736488914117,0.000976504990831,0.000361310143489,0.000172285115696,0.000186505712918,0.000197384346393,0.0000952763293753,0.0000806886673672,0.0000697145951563,0.0000827555704745,0.0000920871752896,0.000106200299342,0.0000947448934312,0.000125305130496,0.000151284693857,0.0000729044913896,0.0000766575831221,0.0000764469514252,0.0000478787915199,0.0000266963907052,0.0000226727988775,0.0000306559886667,0.0000320853359881,0.0000281245847873,0.0000237966523855,0.000021144247512,0.000022524731321,0.0000181780578714,0.0000145793528645,0.0000129480004034,0.00000896381061466,0.00000672812211633,0.00000645425916446,0.0000038096627577,0.00000146086347286,3.45404203017e-7,4.98188263975e-8,2.96327709037e-8,2.52194425343e-8,2.20443787669e-8],"dvar":[0.000231226586038,0.00000190177888726,2.0005475676e-7,8.60402380454e-8,9.93677744532e-8,1.27507206571e-7,2.00627834346e-8,2.04413410643e-8,2.24857021891e-8,2.32420376278e-8,2.37990871454e-8,2.22856275656e-8,1.78883254875e-8,1.6182491791e-8,2.29607088897e-8,4.75346872975e-9,5.74606318082e-9,5.92781823627e-9,2.23555796097e-9,6.72444211425e-10,5.41497791051e-10,1.15342169149e-9,1.29885957545e-9,9.51666967453e-10,7.74129316206e-10,6.2883381835e-10,7.38907490749e-10,4.80858242113e-10,3.5606287363e-10,3.18789827869e-10,1.45001149976e-10,7.79951450647e-11,6.67495364537e-11,2.351732524e-11,3.20513168957e-12,1.86032097929e-13,3.39028452325e-15,1.63255817353e-15,1.2128845825e-15,9.29882404496e-16],"dvar2":[0.000563537643757,0.00000424016661782,5.23295739185e-7,2.06732181596e-7,2.23189474013e-7,3.04195964418e-7,4.7341845999e-8,4.96710832465e-8,6.02921801374e-8,5.58235129233e-8,5.55559545035e-8,5.53542562898e-8,4.47316388374e-8,4.10861886735e-8,6.01879222017e-8,1.17776410846e-8,1.38610811717e-8,1.44346721243e-8,5.87655391016e-9,1.70360026086e-9,1.32961774924e-9,2.8186515344e-9,3.24230842175e-9,2.27876806314e-9,1.70082692375e-9,1.38753852852e-9,1.68802105627e-9,1.13767795185e-9,8.38579539142e-10,7.20186577041e-10,3.02112529438e-10,1.78206630008e-10,1.51053586306e-10,5.48288046909e-11,7.54471485287e-12,4.67556765874e-13,8.37110040981e-15,4.18310820892e-15,3.12337681828e-15,2.39940971145e-15],"max":[0.143256038427,0.0198526717722,0.0106907570735,0.0150807006285,0.00783402379602,0.00853086262941,0.00359850400127,0.00445140199736,0.00563379190862,0.00539888394997,0.00535891205072,0.00367910554633,0.0035604396835,0.00212851422839,0.00281108729541,0.00109632487874,0.00146982865408,0.00207307888195,0.0010818206938,0.00043844760512,0.000557531835511,0.00130342377815,0.000695784634445,0.000540461391211,0.000538825755939,0.000427599268733,0.000426976359449,0.000433183886344,0.000301388528896,0.000244691822445,0.000296769518172,0.000173326887307,0.000117878160381,0.000111001318146,0.0000276699520327,0.00000479148729937,0.00000112968541544,8.75337718753e-7,7.31458499104e-7,6.29837472843e-7],"mean":[0.00400660326704,0.000684890605044,0.000267682800768,0.000133241235744,0.000144079866004,0.000153026427142,0.0000812162033981,0.0000637745688437,0.0000500278583786,0.000063293693529,0.0000764784126659,0.0000914579504752,0.0000823180525913,0.000110559027235,0.000137877796078,0.000070862355642,0.0000738512171665,0.0000753710846766,0.0000465141129098,0.0000263812071353,0.0000249012846325,0.0000318589518429,0.000029267712307,0.0000275427337328,0.0000228381286433,0.0000197581757675,0.0000180296992767,0.0000140594374898,0.0000116804367281,0.000010729614587,0.00000787074714026,0.00000548756543139,0.0000048660858738,0.00000293842799692,0.00000108535562049,2.17144759063e-7,2.85858785531e-8,1.5929304098e-8,1.33985693651e-8,1.16824985241e-8],"median":[0.000134723290103,0.000136754679261,0.000101409197669,0.0000506052092533,0.0000376257994503,0.0000375257950509,0.0000217276046897,0.0000153661094373,0.0000165384208231,0.000020608154955,0.0000260710075963,0.0000381711979571,0.000038283829781,0.0000543404348718,0.000067601671617,0.0000400308599637,0.0000376963034796,0.0000402671612392,0.0000264750742645,0.0000149228326336,0.0000141566624734,0.0000166010231624,0.0000132178447529,0.0000125197138914,0.00000857829672896,0.00000553747486265,0.00000402780824516,0.0000023157092528,0.00000139862061133,0.00000109220798095,8.00886652996e-7,5.12204678671e-7,4.22310563408e-7,3.68641110526e-7,1.36574087151e-7,3.08146752559e-8,6.89653090191e-9,3.85640852585e-9,3.06354075441e-9,2.66893995793e-9],"min":[8.27227470891e-24,1.92772874447e-24,2.96405945717e-24,2.01528599406e-24,5.67405718792e-24,7.3713742559e-24,2.41872997137e-24,4.84392584115e-24,9.18596575263e-24,9.61153096745e-24,5.04488579018e-24,8.19621037384e-24,8.70549897425e-24,4.62916161515e-24,5.4713357125e-24,5.30275179832e-24,1.0790655562e-23,8.8515920696e-24,7.48749142571e-24,7.03686646651e-24,8.55286148884e-24,5.34211635192e-24,4.35414379878e-24,7.16516049325e-24,1.2535873053e-23,5.28119065206e-24,5.72158092987e-24,6.99950128088e-24,6.06077613075e-24,8.00707150549e-24,6.1908486444e-24,1.1208597225e-23,1.01975938777e-23,1.18214522182e-23,1.26616790124e-23,9.13840217321e-24,9.98991993355e-24,8.54933449174e-24,9.07975825352e-24,1.0253812839e-23],"var":[0.000216025058762,0.00000241020711655,2.18554674802e-7,1.08314075931e-7,1.40598245935e-7,1.5643449558e-7,3.31907514806e-8,2.73858926647e-8,2.19003997159e-8,2.68332058795e-8,3.22311706213e-8,2.98894597961e-8,2.39414532643e-8,2.56931258491e-8,3.90893788449e-8,8.52266346385e-9,1.02032009508e-8,1.08765823015e-8,3.90833099218e-9,1.13177567318e-9,1.10970677092e-9,2.24925011949e-9,1.81011361455e-9,1.55919688272e-9,1.26343646656e-9,1.07243358638e-9,1.01781660877e-9,6.46315168051e-10,5.23271870279e-10,4.76109651704e-10,2.43662673372e-10,1.15803977518e-10,9.16074577306e-11,3.28787899684e-11,4.44631874721e-12,1.99895872424e-13,3.40911279512e-15,1.48193919836e-15,1.08899320259e-15,8.32413635041e-16]},"melbands_crest":{"dmean":4.98441123962,"dmean2":7.99242591858,"dvar":22.4987621307,"dvar2":48.8427124023,"max":39.5406112671,"mean":14.0408382416,"median":10.8935251236,"min":1.86847090721,"var":78.879119873},"melbands_flatness_db":{"dmean":0.041031613946,"dmean2":0.0625183060765,"dvar":0.00168903556187,"dvar2":0.00368763017468,"max":0.642176806927,"mean":0.197903767228,"median":0.186684504151,"min":0.00389956217259,"var":0.006474270951},"melbands_kurtosis":{"dmean":15.9176158905,"dmean2":26.9873695374,"dvar":4371.61962891,"dvar2":11862.5820312,"max":1601.5246582,"mean":14.0681056976,"median":0.421163320541,"min":-1.88922405243,"var":4390.35400391},"melbands_skewness":{"dmean":1.24544990063,"dmean2":1.89689731598,"dvar":4.17057704926,"dvar2":9.70849990845,"max":34.8440551758,"mean":1.64869523048,"median":0.93702095747,"min":-5.43543291092,"var":9.44727325439},"melbands_spread":{"dmean":14.5731735229,"dmean2":22.5310230255,"dvar":282.17388916,"dvar2":639.16015625,"max":186.514663696,"mean":42.4007644653,"median":39.257144928,"min":0.097780443728,"var":706.280273438},"mfcc":{"cov":[[8311.47558594,-298.719665527,-564.989990234,1153.78430176,-1057.5748291,491.912384033,-503.147338867,180.999298096,-294.839904785,-103.613388062,-92.9400558472,-116.567649841,65.9412841797],[-298.719665527,1861.60400391,-131.288421631,-862.284667969,525.847412109,-216.851119995,202.732681274,-109.331787109,48.8705787659,-20.0448360443,-1.80264604092,29.9927101135,-55.3193016052],[-564.989990234,-131.288421631,744.143615723,104.998413086,102.708404541,-13.6481027603,81.5152740479,15.5126590729,58.7002716064,47.3161277771,52.9208335876,81.4429931641,15.0426902771],[1153.78430176,-862.284667969,104.998413086,1046.32446289,-441.58013916,222.453231812,-199.534622192,111.775138855,-82.4495010376,-14.2967853546,27.7266616821,-16.224149704,72.9648666382],[-1057.5748291,525.847412109,102.708404541,-441.58013916,728.88293457,-50.7268791199,251.659866333,36.1125717163,118.390205383,60.8747024536,37.4811401367,68.3687133789,18.8293991089],[491.912384033,-216.851119995,-13.6481027603,222.453231812,-50.7268791199,291.493560791,47.0774536133,108.580459595,17.3492565155,32.4240341187,-2.82944822311,-5.14300966263,39.7765693665],[-503.147338867,202.732681274,81.5152740479,-199.534622192,251.659866333,47.0774536133,302.329284668,75.3956680298,85.1824111938,21.3163089752,-12.2333040237,12.7515506744,0.623864114285],[180.999298096,-109.331787109,15.5126590729,111.775138855,36.1125717163,108.580459595,75.3956680298,215.702346802,54.808052063,28.6102199554,-4.05143976212,-4.9720158577,46.410697937],[-294.839904785,48.8705787659,58.7002716064,-82.4495010376,118.390205383,17.3492565155,85.1824111938,54.808052063,152.703033447,60.1787223816,4.25561285019,22.9012966156,2.63922429085],[-103.613388062,-20.0448360443,47.3161277771,-14.2967853546,60.8747024536,32.4240341187,21.3163089752,28.6102199554,60.1787223816,120.619850159,52.7109222412,17.6414051056,5.08292865753],[-92.9400558472,-1.80264604092,52.9208335876,27.7266616821,37.4811401367,-2.82944822311,-12.2333040237,-4.05143976212,4.25561285019,52.7109222412,105.815864563,41.3999214172,13.2536354065],[-116.567649841,29.9927101135,81.4429931641,-16.224149704,68.3687133789,-5.14300966263,12.7515506744,-4.9720158577,22.9012966156,17.6414051056,41.3999214172,95.8192825317,33.5287208557],[65.9412841797,-55.3193016052,15.0426902771,72.9648666382,18.8293991089,39.7765693665,0.623864114285,46.410697937,2.63922429085,5.08292865753,13.2536354065,33.5287208557,84.6166000366]],"icov":[[0.000208698373172,-0.000161933639902,0.0000904158805497,-0.000164471930475,0.000198542053113,-0.000280518055661,0.000212173894397,-0.000203716757824,0.000216234286199,-0.0000952439659159,0.000202972296393,-0.000145457568578,0.0000799238114269],[-0.000161933639902,0.00107471237425,0.0000681077799527,0.000702766119502,-0.000495756976306,0.00034718652023,-0.0002835621126,0.000262296991423,-0.0000708442312316,0.000454403139884,-0.000430782325566,0.0000584789086133,0.0000352544229827],[0.0000904158805497,0.0000681077799527,0.0017654246185,-0.000542468042113,-0.0000837086336105,0.000408783875173,-0.000622667605057,0.0000833445010358,-0.000122197496239,-0.000401481083827,0.00000505838261233,-0.00140837067738,0.000498524925206],[-0.000164471930475,0.000702766119502,-0.000542468042113,0.00252358987927,0.000483368174173,-0.000950158806518,0.000790359976236,-0.000626048014965,0.00014233244292,0.000929109868594,-0.00123361311853,0.000582191278227,-0.000913118128665],[0.000198542053113,-0.000495756976306,-0.0000837086336105,0.000483368174173,0.00297194486484,-0.0000328217829519,-0.00122902810108,-0.000409678526921,-0.000292008975521,-0.000503443588968,-0.000459589005914,-0.00076135143172,-0.000879885454196],[-0.000280518055661,0.00034718652023,0.000408783875173,-0.000950158806518,-0.0000328217829519,0.00592605210841,-0.00198020972311,-0.000997509574518,0.000231646903558,-0.00184696610086,0.000786042946856,-0.000109923334094,-0.00100030470639],[0.000212173894397,-0.0002835621126,-0.000622667605057,0.000790359976236,-0.00122902810108,-0.00198020972311,0.00659946026281,-0.00183627801016,-0.00120605353732,0.00115055649076,0.000604527187534,0.000269451644272,0.00100834225304],[-0.000203716757824,0.000262296991423,0.0000833445010358,-0.000626048014965,-0.000409678526921,-0.000997509574518,-0.00183627801016,0.00800050515682,-0.00244277110323,-0.000281014043139,-0.0000572029202885,0.00238183629699,-0.00380101636983],[0.000216234286199,-0.0000708442312316,-0.000122197496239,0.00014233244292,-0.000292008975521,0.000231646903558,-0.00120605353732,-0.00244277110323,0.0114682549611,-0.0057503352873,0.0035004382953,-0.0031077505555,0.00165982882027],[-0.0000952439659159,0.000454403139884,-0.000401481083827,0.000929109868594,-0.000503443588968,-0.00184696610086,0.00115055649076,-0.000281014043139,-0.0057503352873,0.0152590665966,-0.00818492472172,0.00229302514344,0.000403561687563],[0.000202972296393,-0.000430782325566,0.00000505838261233,-0.00123361311853,-0.000459589005914,0.000786042946856,0.000604527187534,-0.0000572029202885,0.0035004382953,-0.00818492472172,0.0164835844189,-0.00622357940301,0.000649412511848],[-0.000145457568578,0.0000584789086133,-0.00140837067738,0.000582191278227,-0.00076135143172,-0.000109923334094,0.000269451644272,0.00238183629699,-0.0031077505555,0.00229302514344,-0.00622357940301,0.0177164021879,-0.00727335130796],[0.0000799238114269,0.0000352544229827,0.000498524925206,-0.000913118128665,-0.000879885454196,-0.00100030470639,0.00100834225304,-0.00380101636983,0.00165982882027,0.000403561687563,0.000649412511848,-0.00727335130796,0.017925189808]],"mean":[-689.926879883,134.033859253,-61.6584091187,39.2098922729,-7.94653940201,27.6043109894,1.4067043066,11.6754331589,-4.51328706741,-1.1793628931,5.63226747513,-2.82842063904,4.59191036224]},"pitch_salience":{"dmean":0.0921889692545,"dmean2":0.144950255752,"dvar":0.00848657824099,"dvar2":0.0180191826075,"max":0.877040445805,"mean":0.58200097084,"median":0.632049798965,"min":0.0173787288368,"var":0.0308876428753},"silence_rate_20dB":{"dmean":0,"dmean2":0,"dvar":0,"dvar2":0,"max":1,"mean":1,"median":1,"min":1,"var":0},"silence_rate_30dB":{"dmean":0.0475059375167,"dmean2":0.0950185135007,"dvar":0.0452504456043,"dvar2":0.0862720236182,"max":1,"mean":0.940621733665,"median":1,"min":0,"var":0.0558614060283},"silence_rate_60dB":{"dmean":0.0564482323825,"dmean2":0.11290435493,"dvar":0.0532545000315,"dvar2":0.115370959044,"max":1,"mean":0.117359414697,"median":0,"min":0,"var":0.103597968817},"spectral_centroid":{"dmean":352.895080566,"dmean2":505.90536499,"dvar":170268.921875,"dvar2":301418.5,"max":11467.9228516,"mean":2083.90014648,"median":1959.03894043,"min":118.864311218,"var":590996.4375},"spectral_complexity":{"dmean":6.62358522415,"dmean2":9.01474189758,"dvar":54.6577720642,"dvar2":88.388999939,"max":64,"mean":23.3312606812,"median":21,"min":0,"var":229.880569458},"spectral_contrast_coeffs":{"dmean":[0.0573207326233,0.0502170659602,0.0414479039609,0.0332749038935,0.0272886510938,0.0644583776593],"dmean2":[0.0926716029644,0.0815116018057,0.0676433220506,0.0540707595646,0.0427001155913,0.0944771245122],"dvar":[0.00222907029092,0.00166064943187,0.00111242162529,0.000742100586649,0.000524657603819,0.00335598131642],"dvar2":[0.00550927454606,0.00411799224094,0.0028148223646,0.00185968971346,0.00120447727386,0.00645704939961],"max":[-0.342387825251,-0.458523720503,-0.544716119766,-0.585176229477,-0.573261320591,-0.321833491325],"mean":[-0.70967066288,-0.791636884212,-0.800615847111,-0.7937464118,-0.787244021893,-0.662009358406],"median":[-0.716498076916,-0.799979686737,-0.805426537991,-0.795936703682,-0.791972339153,-0.660978794098],"min":[-0.96143591404,-0.970003306866,-0.977557241917,-0.974363207817,-0.964924931526,-0.962086677551],"var":[0.00803995784372,0.00491510517895,0.00330734811723,0.00233635143377,0.00209137354977,0.0152275972068]},"spectral_contrast_valleys":{"dmean":[0.539694368839,0.471672356129,0.400266379118,0.35376739502,0.456669121981,0.769742190838],"dmean2":[0.831874668598,0.716413795948,0.596840918064,0.50239855051,0.566972970963,1.19939792156],"dvar":[0.254560142756,0.198588907719,0.165375798941,0.155315160751,0.252989500761,0.392609715462],"dvar2":[0.486183315516,0.382451295853,0.300797909498,0.265388965607,0.385068267584,0.980205237865],"max":[-4.83136987686,-4.78398036957,-4.9083275795,-5.4490237236,-5.05862140656,-8.92338180542],"mean":[-7.95226049423,-7.34272432327,-7.2488026619,-7.23695850372,-7.39903068542,-11.7706975937],"median":[-7.77541732788,-7.20998573303,-7.02002763748,-7.01175928116,-7.26500272751,-11.693862915],"min":[-27.7548942566,-27.3201007843,-27.2794857025,-27.2564945221,-27.3401222229,-27.3794689178],"var":[1.63555788994,1.12082254887,1.03769683838,1.00111603737,1.50932407379,1.17012381554]},"spectral_decrease":{"dmean":4.78568473739e-9,"dmean2":7.25207849328e-9,"dvar":1.69597317448e-16,"dvar2":3.96843114951e-16,"max":5.43882647253e-11,"mean":-6.22947027296e-9,"median":-2.67703281764e-9,"min":-1.35077939944e-7,"var":1.84652375173e-16},"spectral_energy":{"dmean":0.0191416330636,"dmean2":0.0285905022174,"dvar":0.00246231630445,"dvar2":0.00570569233969,"max":0.522388398647,"mean":0.0270679295063,"median":0.0131367165595,"min":1.0566920517e-20,"var":0.00278505170718},"spectral_energyband_high":{"dmean":0.000884423323441,"dmean2":0.00123257632367,"dvar":0.00000240594954448,"dvar2":0.00000500249552715,"max":0.0173861645162,"mean":0.00133057171479,"median":0.000255868595559,"min":7.85280602574e-21,"var":0.00000475711385661},"spectral_energyband_low":{"dmean":0.0151445744559,"dmean2":0.0241329222918,"dvar":0.00236242753454,"dvar2":0.00564443599433,"max":0.469993919134,"mean":0.0143823418766,"median":0.00143681827467,"min":3.01349851395e-23,"var":0.002348868642},"spectral_energyband_middle_high":{"dmean":0.00289867864922,"dmean2":0.00421084044501,"dvar":0.0000122347819342,"dvar2":0.0000262413323071,"max":0.0751954838634,"mean":0.0069059622474,"median":0.00561253214255,"min":1.2830845595e-21,"var":0.0000365805062756},"spectral_energyband_middle_low":{"dmean":0.00183788873255,"dmean2":0.00273702852428,"dvar":0.00000963293678069,"dvar2":0.0000208635483432,"max":0.0748550966382,"mean":0.0032449348364,"median":0.00171329453588,"min":2.57679003932e-22,"var":0.0000202703013201},"spectral_entropy":{"dmean":0.148553878069,"dmean2":0.21568697691,"dvar":0.0241674687713,"dvar2":0.0447535179555,"max":9.80463504791,"mean":7.65622091293,"median":7.70423364639,"min":5.84117555618,"var":0.102178357542},"spectral_flux":{"dmean":0.0345196314156,"dmean2":0.0531779229641,"dvar":0.00295652006753,"dvar2":0.0073869950138,"max":0.552491307259,"mean":0.0959580540657,"median":0.0800169557333,"min":6.60398818964e-11,"var":0.00548572978005},"spectral_kurtosis":{"dmean":4.84210014343,"dmean2":7.18461418152,"dvar":35.7658653259,"dvar2":78.3951416016,"max":95.0833206177,"mean":17.6329040527,"median":14.6222991943,"min":-1.24467694759,"var":114.18687439},"spectral_rms":{"dmean":0.00129512965214,"dmean2":0.0017466583522,"dvar":0.00000397397161578,"dvar2":0.00000763011303206,"max":0.0225753672421,"mean":0.00416650203988,"median":0.00357998721302,"min":3.21079295963e-12,"var":0.00000904790249479},"spectral_rolloff":{"dmean":1893.86437988,"dmean2":3349.62451172,"dvar":17286844,"dvar2":42406160,"max":22050,"mean":4115.38037109,"median":2390.18554688,"min":21.533203125,"var":26290466},"spectral_skewness":{"dmean":0.394625395536,"dmean2":0.556328773499,"dvar":0.182931616902,"dvar2":0.334481060505,"max":6.99068784714,"mean":2.31595420837,"median":2.17796897888,"min":-0.0163738690317,"var":0.827467918396},"spectral_spread":{"dmean":423644.71875,"dmean2":633628.125,"dvar":323052896256,"dvar2":631324344320,"max":42485956,"mean":2998736.75,"median":3023038.5,"min":1159074.5,"var":1019332919300},"spectral_strongpeak":{"dmean":0.685379385948,"dmean2":1.19113242626,"dvar":1.37894332409,"dvar2":3.75313425064,"max":19.6539020538,"mean":0.804831981659,"median":0.309928447008,"min":0,"var":1.39812850952},"zerocrossingrate":{"dmean":0.0284693483263,"dmean2":0.0332444384694,"dvar":0.000751155021135,"dvar2":0.00112868682481,"max":0.6201171875,"mean":0.158388853073,"median":0.14306640625,"min":0,"var":0.00508814817294}},"metadata":{"audio_properties":{"analysis_sample_rate":44100,"bit_rate":192000,"codec":"mp3","downmix":"mix","equal_loudness":0,"length":332.356994629,"lossless":false,"md5_encoded":"d26c85431f78953f62a1c24fc2e45def","replay_gain":-3.95134735107,"sample_rate":44100},"tags":{"album":["Raising Hell"],"albumartist":["Run-D.M.C."],"albumartistsort":["Run-D.M.C."],"artist":["Run-D.M.C."],"artistsort":["Run-D.M.C."],"asin":["B00000J7IT"],"date":["1986"],"file_name":"08 Raising Hell.mp3","musicbrainz album release country":["US"],"musicbrainz album status":["official"],"musicbrainz album type":["album"],"musicbrainz_albumartistid":["5ecc3f72-20a6-47a0-8dc5-fb0b3dadeea0"],"musicbrainz_albumid":["cafdce63-fbe3-462d-afdb-9fdd6514256b"],"musicbrainz_artistid":["5ecc3f72-20a6-47a0-8dc5-fb0b3dadeea0"],"musicbrainz_recordingid":["6c641441-d9a5-4e0d-af52-3f6118c0e4af"],"originaldate":["1986"],"title":["Raising Hell"],"tracknumber":["8/12"]},"version":{"essentia":"2.1-beta1","essentia_build_sha":"9f04d4dd351e2d05498f0c7e4880499648f24ac0","essentia_git_sha":"v2.1_beta1-34-gf95df8b","extractor":"music 1.0"}},"rhythm":{"beats_count":935,"beats_loudness":{"dmean":0.0459984987974,"dmean2":0.0859823673964,"dvar":0.0028328394983,"dvar2":0.00786796119064,"max":0.269299030304,"mean":0.0441821590066,"median":0.0271316636354,"min":2.96155803881e-7,"var":0.00228723185137},"beats_loudness_band_ratio":{"dmean":[0.357748538256,0.0806544646621,0.0791023299098,0.157411694527,0.121553979814,0.170917525887],"dmean2":[0.641137421131,0.147090196609,0.140032082796,0.275001555681,0.20980989933,0.296055287123],"dvar":[0.0860404297709,0.0114707732573,0.0076386439614,0.0198038890958,0.0082074040547,0.0196242947131],"dvar2":[0.225553452969,0.0316763520241,0.0209229905158,0.056254349649,0.024337651208,0.0546682626009],"max":[0.979282975197,0.835901021957,0.64532995224,0.846638739109,0.799836933613,0.933010339737],"mean":[0.3560937047,0.0692176967859,0.070826955