{"lowlevel":{"average_loudness":0.565001428127,"barkbands":{"dmean":[0.00000174380465978,0.000463793054223,0.000506235694047,0.000487543118652,0.000847005925607,0.000520437315572,0.000706903985702,0.000564152025618,0.000543886621017,0.000291121337796,0.000288768263999,0.000267057912424,0.000308545684675,0.000368537090253,0.000212154569454,0.000153887347551,0.000228346005315,0.000163552031154,0.000151686384925,0.000158210576046,0.000108436193841,0.0000686113489792,0.0000659066281514,0.0000286326849164,0.0000119015630844,3.81373297387e-7,3.96484800547e-8],"dmean2":[0.00000294542246593,0.000737477152143,0.000812032318208,0.000768203113694,0.00130489829462,0.000791147933342,0.00108293106314,0.000860621454194,0.000815587176476,0.000435786583694,0.000448251346825,0.000406983221183,0.000489438185468,0.000586589274462,0.000335045246175,0.000245451927185,0.000361048121704,0.0002630231902,0.000238574837567,0.000255880237091,0.00016803680046,0.000104081846075,0.000103298974864,0.0000395715032937,0.0000178541085916,5.63156049793e-7,6.31689403008e-8],"dvar":[9.50006566469e-12,6.63938465095e-7,0.00000132933860186,9.51589640863e-7,0.00000175879688413,8.05405989013e-7,0.00000160216495715,0.00000148578601511,0.00000133387345613,4.40682327962e-7,5.98499866555e-7,6.48851425922e-7,8.14012082628e-7,0.00000112579482447,3.96856336238e-7,1.14780704052e-7,1.93119902292e-7,1.65582349609e-7,1.5792156205e-7,2.19311914407e-7,1.54648589046e-7,1.01739914271e-7,1.00483092069e-7,5.46414398173e-8,2.21571938575e-9,1.62934899947e-12,1.84918066645e-13],"dvar2":[2.48171396627e-11,0.00000158104569437,0.00000337979440701,0.00000236660571318,0.00000403484864364,0.00000183279678367,0.00000370440989172,0.00000320878507409,0.0000027974222121,9.13070095976e-7,0.00000149147763295,0.00000130992577851,0.00000194379117602,0.00000295649442705,9.51150184392e-7,2.73581235888e-7,4.44522754606e-7,4.2956702373e-7,3.41650547853e-7,5.59582247206e-7,3.78315291982e-7,2.22056868893e-7,2.38477326775e-7,8.68454463898e-8,4.26857837965e-9,3.15926386614e-12,3.19238477884e-13],"max":[0.0000465777484351,0.0169764831662,0.0301621817052,0.0209039971232,0.0327330864966,0.0216535199434,0.0252931192517,0.0363397300243,0.0310213100165,0.022747322917,0.0252264905721,0.0319804437459,0.0462314002216,0.0218395348638,0.0182072911412,0.00762950535864,0.0123783936724,0.0135775161907,0.0143673699349,0.0148215582594,0.0138867320493,0.00995581224561,0.0137473950163,0.0147181414068,0.00220578629524,0.0000537283631274,0.0000207807479455],"mean":[0.000003338919214,0.00141880346928,0.00113613868598,0.000848590570968,0.00202376605012,0.00117238191888,0.00143730908167,0.00103929894976,0.00116821948905,0.000563134730328,0.000541561574209,0.000517941138241,0.000579987710807,0.000682344136294,0.000388520857086,0.00029982268461,0.000464267272037,0.000338932761224,0.000377874530386,0.000347149994923,0.000248357799137,0.000154299283167,0.000140975505929,0.0000564936635783,0.0000236599880736,8.93227422694e-7,6.53646736737e-8],"median":[0.0000015899953496,0.000706477556378,0.000497413100675,0.000354756251909,0.00108188949525,0.000608804170042,0.000644665560685,0.00037993415026,0.000353184499545,0.000227766344324,0.000190414721146,0.000136210466735,0.000160780997248,0.000130528744194,0.000115222588647,0.000116269067803,0.000213583552977,0.000141153359436,0.000148280058056,0.000166467987583,0.000103237267467,0.0000466628043796,0.0000347931782017,0.000011712554624,0.00000334429842042,2.63123780542e-7,1.65491176318e-8],"min":[6.50817267669e-24,2.76840889703e-23,1.98502868184e-23,1.51167427338e-23,4.1526606772e-23,7.67594919156e-23,4.42797029323e-23,8.72639763513e-23,1.68783631674e-22,3.95402455463e-23,6.91741146845e-23,6.24982120355e-23,9.09422454257e-23,8.84522785536e-23,2.22937241499e-22,2.25841284616e-22,2.02913402126e-22,2.28278498782e-22,3.00753687121e-22,5.74987662901e-22,4.20722871037e-22,4.84641808941e-22,7.48344504258e-22,8.36992628575e-22,1.21592500625e-21,1.64163312479e-21,2.47521196727e-21],"var":[2.4266340673e-11,0.00000368747964785,0.00000356359987563,0.00000221268419409,0.00000798716882855,0.00000268525423053,0.00000510410291099,0.00000398738166041,0.00000612822213952,0.00000148774995523,0.00000147970229136,0.00000197221493181,0.00000245872138294,0.00000278677907772,9.11690733574e-7,3.21870174957e-7,5.74434295686e-7,3.70397089e-7,7.11995483016e-7,3.99192742861e-7,3.32017918936e-7,2.36529373865e-7,1.76033083221e-7,1.42173476547e-7,6.49419673593e-9,5.19649861336e-12,3.38771762379e-13]},"barkbands_crest":{"dmean":1.56495404243,"dmean2":2.49193763733,"dvar":2.20006489754,"dvar2":5.50536394119,"max":25.5745925903,"mean":7.99425840378,"median":7.02031135559,"min":2.21595621109,"var":15.4745092392},"barkbands_flatness_db":{"dmean":0.010906258598,"dmean2":0.0167519301176,"dvar":0.000112383313535,"dvar2":0.000239284549025,"max":0.317229658365,"mean":0.122235134244,"median":0.115530148149,"min":0.0244071837515,"var":0.00122636917513},"barkbands_kurtosis":{"dmean":1.08430361748,"dmean2":1.69857633114,"dvar":4.87974405289,"dvar2":11.1721925735,"max":100.768363953,"mean":2.36330223083,"median":0.386140108109,"min":-1.89986407757,"var":78.3436203003},"barkbands_skewness":{"dmean":0.284218400717,"dmean2":0.437085479498,"dvar":0.0818763375282,"dvar2":0.170295402408,"max":6.34565782547,"mean":0.956533193588,"median":1.00254583359,"min":-9.17698097229,"var":1.82510674},"barkbands_spread":{"dmean":4.16394376755,"dmean2":6.45090389252,"dvar":20.0245285034,"dvar2":45.2417831421,"max":127.770103455,"mean":25.3179969788,"median":24.8682918549,"min":1.9852989912,"var":115.136695862},"dissonance":{"dmean":0.0127076962963,"dmean2":0.0212276671082,"dvar":0.000132942834171,"dvar2":0.00036496570101,"max":0.499989271164,"mean":0.470087915659,"median":0.473382562399,"min":0.34341058135,"var":0.000348476722138},"dynamic_complexity":4.94942998886,"erbbands":{"dmean":[0.00570955127478,0.130303576589,0.514662563801,1.11025929451,2.20953559875,3.25906515121,3.44095897675,4.56678104401,9.28870105743,10.2408227921,12.6460599899,12.6089057922,9.49275493622,9.54713058472,9.52600097656,10.9887170792,13.5468177795,14.3007087708,13.2632875443,9.42318153381,8.81087398529,11.8953018188,10.0223588943,6.50864744186,8.77993679047,6.74890995026,4.37144899368,4.15967416763,2.57577395439,2.5902056694,1.5334533453,0.742598712444,0.394277781248,0.185953393579,0.0617709718645,0.00483201397583,0.000407180079492,0.0000551981283934,0.00000851893673826,0.00000410601933254],"dmean2":[0.00895431917161,0.206747755408,0.817473351955,1.7547557354,3.50452899933,4.99274873734,5.31529426575,6.92189788818,14.4757137299,15.6700277328,19.2135944366,18.6525611877,14.2259922028,14.4343137741,15.0053329468,16.6577968597,21.4047470093,22.5859203339,20.98960495,14.6895523071,14.0730390549,18.5763664246,16.0054759979,10.3970060349,13.7560710907,10.8390827179,6.84748077393,6.47775125504,3.92165970802,4.05118274689,2.32161998749,1.03248691559,0.549532711506,0.271787166595,0.0969223976135,0.00720105413347,0.000588351569604,0.0000826027826406,0.00001250270725,0.00000564240735912],"dvar":[0.000118701427709,0.0518671162426,1.20579135418,5.34781265259,15.2441167831,31.4198474884,45.2747650146,64.9884033203,244.953582764,435.090393066,742.199768066,879.754150391,538.572998047,504.960968018,1090.87243652,813.175720215,1500.54187012,1197.49475098,1396.89770508,860.311157227,330.23425293,582.91015625,618.145568848,299.256378174,447.406585693,581.890258789,216.200622559,243.089920044,142.660217285,189.772094727,44.4492073059,31.8933925629,9.71863079071,0.893820464611,0.0826672166586,0.000252103025559,0.00000302063722302,1.64947763892e-7,4.75603378902e-9,7.03551730763e-11],"dvar2":[0.000279337633401,0.123079903424,3.00577878952,13.3428020477,37.2884140015,70.6952514648,105.21824646,148.952926636,579.111022949,1047.09875488,1538.58544922,1739.27038574,1173.71728516,1199.29931641,2655.11938477,1674.43225098,3697.76000977,2926.63818359,3563.32275391,1986.95031738,815.791687012,1307.50976562,1642.84594727,695.331481934,993.575500488,1546.89440918,531.456176758,561.004333496,324.939727783,457.656677246,88.2957077026,54.5261878967,15.5153198242,1.33998084068,0.210008233786,0.00054026034195,0.0000052669552133,2.867878095e-7,7.84385267849e-9,1.25961879816e-10],"max":[0.231855049729,4.73970317841,22.6386013031,58.7078781128,104.492225647,176.118667603,193.241546631,143.734680176,353.506134033,441.70602417,880.856201172,936.259094238,875.374755859,715.682983398,1310.53686523,1094.34753418,1774.35766602,793.561767578,965.549255371,1197.81201172,460.83203125,635.220947266,850.459716797,642.117919922,726.421936035,879.65045166,631.349914551,455.869750977,401.782073975,678.325744629,272.999603271,357.985443115,191.263916016,63.5033035278,9.30945205688,0.466924130917,0.0888348817825,0.018653774634,0.00320983212441,0.000308316230075],"mean":[0.0193941555917,0.395363986492,1.29944634438,2.28591895103,4.89436626434,7.24400758743,7.01959705353,10.4749946594,19.5029525757,20.3133487701,24.8992938995,28.5229320526,20.4660377502,19.4267559052,19.0648975372,22.3943557739,27.0204162598,30.0745391846,26.8631153107,19.2081699371,19.4890937805,25.5090789795,21.1464118958,15.9552030563,22.3249263763,15.5412836075,10.0264205933,9.38073444366,5.82689189911,5.46032094955,3.40202140808,1.5295227766,0.758048653603,0.384991079569,0.106492429972,0.0105851050466,0.000996816554107,0.000117914802104,0.0000231581743719,0.0000212461636693],"median":[0.010143276304,0.197769761086,0.649767458439,1.09240305424,2.28746557236,3.33282113075,3.37013220787,5.59409046173,9.66029930115,9.25366783142,10.3381299973,8.35418319702,7.81892251968,7.34567451477,6.62299489975,6.87169075012,8.34113025665,8.05759906769,6.56063556671,6.39232587814,8.48731040955,11.3799695969,9.02604961395,7.20934963226,8.896692276,7.80678081512,4.82271814346,3.32186603546,1.7663038969,1.46373260021,0.844311714172,0.348323881626,0.138659313321,0.0532696135342,0.0152648007497,0.00249071489088,0.000353041337803,0.0000438883253082,0.0000107180176201,0.0000146965921886],"min":[3.7912591996e-22,7.63347391644e-21,2.65998165945e-20,4.20212177886e-20,8.4069706688e-20,1.4539177851e-19,3.32430084609e-19,7.62921913847e-19,2.49198266645e-19,1.94028468244e-18,2.12621441142e-18,3.73768632176e-18,1.51742736836e-18,2.21289259986e-18,2.50052563272e-18,2.74893603568e-18,3.38209585209e-18,4.18585939509e-18,8.9494084951e-18,1.24393033518e-17,1.15112712246e-17,1.22768434251e-17,1.18904392369e-17,1.15568670743e-17,1.78508984173e-17,3.24702503356e-17,1.48210599106e-17,2.01807055521e-17,1.99240529147e-17,1.50872218163e-17,2.38230911547e-17,1.54542220018e-17,1.62171422613e-17,1.45822115087e-17,7.83587697963e-18,5.64625958785e-18,3.32872781333e-18,1.05062256872e-18,3.28484355539e-19,3.91746405004e-20],"var":[0.00068244052818,0.280795961618,3.71902322769,12.6137037277,55.8819274902,163.149230957,128.836273193,203.123718262,835.869018555,1076.1463623,2159.18066406,4599.10253906,1830.66357422,1556.77233887,2807.71191406,2781.67431641,4479.7421875,3633.11181641,3679.31884766,2165.0168457,1069.48205566,1776.28076172,1415.81079102,820.664001465,2235.61303711,881.53125,445.542297363,589.890441895,325.852661133,288.909790039,109.419906616,80.7559127808,25.0536842346,2.80307221413,0.113361045718,0.000690986518748,0.00000796377116785,3.29796620235e-7,9.83877779248e-9,4.74996375566e-10]},"erbbands_crest":{"dmean":1.82999515533,"dmean2":2.92967033386,"dvar":3.15328550339,"dvar2":7.72977542877,"max":25.0515193939,"mean":7.25470876694,"median":6.36982250214,"min":2.44186210632,"var":10.8547391891},"erbbands_flatness_db":{"dmean":0.00946092512459,"dmean2":0.0140952849761,"dvar":0.0000726696671336,"dvar2":0.000155236979481,"max":0.260066658258,"mean":0.162958234549,"median":0.163307085633,"min":0.0265009421855,"var":0.000638896133751},"erbbands_kurtosis":{"dmean":0.437832444906,"dmean2":0.68333953619,"dvar":0.394839972258,"dvar2":0.930141866207,"max":19.5426673889,"mean":-0.403286904097,"median":-0.694643974304,"min":-1.74480819702,"var":1.19736552238},"erbbands_skewness":{"dmean":0.25559014082,"dmean2":0.389113008976,"dvar":0.0530568882823,"dvar2":0.115077890456,"max":2.52962064743,"mean":0.0575571842492,"median":0.0445237420499,"min":-3.39270377159,"var":0.343361526728},"erbbands_spread":{"dmean":5.07864046097,"dmean2":7.87134027481,"dvar":20.6569423676,"dvar2":48.2315864563,"max":96.9995422363,"mean":40.2497901917,"median":39.6660728455,"min":9.13436317444,"var":130.9815979},"gfcc":{"cov":[[27121.9570312,2995.09912109,-3034.9453125,919.118286133,-1917.37695312,358.073425293,-875.296875,-171.211425781,-253.802078247,-21.2407875061,-0.598073899746,-421.278411865,-215.724594116],[2995.09912109,1031.45666504,-247.399307251,137.018508911,-46.2115287781,-74.529586792,-48.4015235901,-22.5873470306,-7.81569957733,-26.9684200287,-21.3084659576,-8.6064863205,-7.58736133575],[-3034.9453125,-247.399307251,631.03918457,-30.0946102142,262.310821533,15.9742574692,73.2744293213,39.7734680176,55.2443809509,2.33541965485,-5.47621774673,62.6324424744,38.1046981812],[919.118286133,137.018508911,-30.0946102142,230.920837402,0.23867982626,-15.4609146118,-16.8325538635,-21.2717952728,3.3931221962,14.2848148346,-8.5743598938,2.8436653614,14.4315490723],[-1917.37695312,-46.2115287781,262.310821533,0.23867982626,313.063537598,-23.6906871796,65.3166122437,19.5373973846,24.5529079437,8.51857948303,-30.6665096283,55.642906189,39.8391990662],[358.073425293,-74.529586792,15.9742574692,-15.4609146118,-23.6906871796,146.302429199,4.37362384796,20.6216106415,6.37038040161,1.81948125362,9.29026985168,-6.41631555557,-6.20136833191],[-875.296875,-48.4015235901,73.2744293213,-16.8325538635,65.3166122437,4.37362384796,142.161331177,11.191450119,17.297000885,0.798666298389,13.3968400955,15.8879947662,3.77554321289],[-171.211425781,-22.5873470306,39.7734680176,-21.2717952728,19.5373973846,20.6216106415,11.191450119,87.8553390503,10.5285511017,-0.2025719136,-8.20027732849,9.86003112793,5.50720024109],[-253.802078247,-7.81569957733,55.2443809509,3.3931221962,24.5529079437,6.37038040161,17.297000885,10.5285511017,85.4418182373,22.4006710052,13.2607765198,-3.49694561958,0.227217927575],[-21.2407875061,-26.9684200287,2.33541965485,14.2848148346,8.51857948303,1.81948125362,0.798666298389,-0.2025719136,22.4006710052,68.5101394653,15.3366298676,6.2912197113,1.30864584446],[-0.598073899746,-21.3084659576,-5.47621774673,-8.5743598938,-30.6665096283,9.29026985168,13.3968400955,-8.20027732849,13.2607765198,15.3366298676,82.1095962524,-0.00988163053989,-7.64491796494],[-421.278411865,-8.6064863205,62.6324424744,2.8436653614,55.642906189,-6.41631555557,15.8879947662,9.86003112793,-3.49694561958,6.2912197113,-0.00988163053989,69.3534622192,26.8337135315],[-215.724594116,-7.58736133575,38.1046981812,14.4315490723,39.8391990662,-6.20136833191,3.77554321289,5.50720024109,0.227217927575,1.30864584446,-7.64491796494,26.8337135315,54.8307762146]],"icov":[[0.000491870217957,-0.000987375969999,0.00118142366409,-0.00123612349853,0.00147180003114,-0.00174213584978,0.00125376915094,-0.000241041227127,0.000201698858291,-0.000317073136102,0.000226908610784,0.000355397089152,-0.000161217234563],[-0.000987375969999,0.00323340413161,-0.00177626404911,0.00179614301305,-0.00323967379518,0.0039668190293,-0.00227490626276,0.000371302245185,-0.000868747883942,0.00143992970698,-0.000414893642301,-0.00106934690848,0.00068100891076],[0.00118142366409,-0.00177626404911,0.00580724934116,-0.0030422587879,0.00134225806687,-0.00447529973462,0.00304569071159,-0.000995931215584,-0.000937207660172,0.000324594409904,0.0000876978738233,-0.000156414957019,-0.000338860583724],[-0.00123612349853,0.00179614301305,-0.0030422587879,0.00816631224006,-0.00359672494233,0.00434134807438,-0.00289614894427,0.00179026823025,-0.000661037222017,-0.000609244161751,0.0000364840052498,-0.000707050727215,-0.00115765526425],[0.00147180003114,-0.00323967379518,0.00134225806687,-0.00359672494233,0.0106571540236,-0.00434227101505,0.00195306504611,-0.000568677613046,0.000305439869408,-0.00202962895855,0.00311805331148,-0.000848760886583,-0.00205834000371],[-0.00174213584978,0.0039668190293,-0.00447529973462,0.00434134807438,-0.00434227101505,0.013752498664,-0.00460999505594,-0.000949867186137,-0.000952217436861,0.00115703057963,-0.00132064707577,-0.000809062388726,0.000973596877884],[0.00125376915094,-0.00227490626276,0.00304569071159,-0.00289614894427,0.00195306504611,-0.00460999505594,0.0115887084976,-0.0011269635288,-0.000617300043814,0.000227329393965,-0.00133305811323,-0.0000150843015945,0.000457068730611],[-0.000241041227127,0.000371302245185,-0.000995931215584,0.00179026823025,-0.000568677613046,-0.000949867186137,-0.0011269635288,0.0129714496434,-0.00163750059437,0.000185217839316,0.00177188194357,-0.0017121861456,-0.000508188910317],[0.000201698858291,-0.000868747883942,-0.000937207660172,-0.000661037222017,0.000305439869408,-0.000952217436861,-0.000617300043814,-0.00163750059437,0.0148579590023,-0.00489575741813,-0.00172576413024,0.00340997544117,-0.000478161207866],[-0.000317073136102,0.00143992970698,0.000324594409904,-0.000609244161751,-0.00202962895855,0.00115703057963,0.000227329393965,0.000185217839316,-0.00489575741813,0.0179030783474,-0.00304941902868,-0.00257195555605,0.000884364242665],[0.000226908610784,-0.000414893642301,0.0000876978738233,0.0000364840052498,0.00311805331148,-0.00132064707577,-0.00133305811323,0.00177188194357,-0.00172576413024,-0.00304941902868,0.0147486031055,-0.00158794305753,0.00117712991778],[0.000355397089152,-0.00106934690848,-0.000156414957019,-0.000707050727215,-0.000848760886583,-0.000809062388726,-0.0000150843015945,-0.0017121861456,0.00340997544117,-0.00257195555605,-0.00158794305753,0.0210605356842,-0.00823770556599],[-0.000161217234563,0.00068100891076,-0.000338860583724,-0.00115765526425,-0.00205834000371,0.000973596877884,0.000457068730611,-0.000508188910317,-0.000478161207866,0.000884364242665,0.00117712991778,-0.00823770556599,0.0240397714078]],"mean":[-52.3858985901,106.468093872,-144.734771729,48.7565727234,-67.5249252319,7.27967500687,-33.8409042358,4.06343698502,-17.4832897186,-3.33447122574,-10.3835144043,-7.25990819931,-7.12603473663]},"hfc":{"dmean":3.5313744545,"dmean2":4.76351642609,"dvar":61.0015029907,"dvar2":114.465034485,"max":312.679504395,"mean":16.7149009705,"median":9.40721511841,"min":1.18202322824e-16,"var":433.321868896},"melbands":{"dmean":[0.0000912824689294,0.000232283608057,0.000206820332096,0.000196787324967,0.00012048548524,0.000105993087345,0.000141632583109,0.000114031441626,0.000107694962935,0.0000784659423516,0.0000483421463287,0.0000390903733205,0.0000323380081682,0.0000311066687573,0.0000263980000454,0.0000340922597388,0.0000309413953801,0.0000262752328126,0.000018461194486,0.0000118202005979,0.0000112038796942,0.0000140512465805,0.0000107607866084,0.00000734014429327,0.00000578480558033,0.00000669031032885,0.00000699703196005,0.00000457484020444,0.00000286300155494,0.0000031107281302,0.00000241184193328,0.00000165016831488,0.00000129939860471,0.00000173166836248,0.00000107937739813,5.18691081197e-7,4.90140109832e-7,3.10117229674e-7,2.31304753129e-7,1.43670789043e-7],"dmean2":[0.000143812882015,0.000367450498743,0.000323287153151,0.000306201429339,0.000185646335012,0.000161463220138,0.000219248773647,0.000174245287781,0.000164443394169,0.000115653150715,0.0000723954435671,0.0000591865973547,0.0000500308415212,0.0000471991224913,0.0000411851979152,0.000053885676607,0.0000491117170895,0.0000419225725636,0.0000291658088827,0.0000187046352949,0.0000180957176781,0.0000222406233661,0.0000171007377503,0.0000117989347928,0.00000938897392189,0.0000105311073639,0.0000113344940473,0.0000074456661423,0.00000454606515632,0.00000498855933984,0.00000381627251045,0.00000256543603427,0.00000200785734705,0.00000278357470052,0.00000168807775935,7.41160420148e-7,7.09865105364e-7,4.50941740837e-7,3.32028918137e-7,2.16919318063e-7],"dvar":[2.70756626009e-8,2.04348069133e-7,1.52540579279e-7,1.05538497053e-7,4.67114915637e-8,3.21174589146e-8,5.66506841437e-8,5.21455660873e-8,4.72274592767e-8,3.64516381524e-8,1.37977016479e-8,7.71302399727e-9,9.49422673813e-9,1.13839968563e-8,3.44911765815e-9,1.33738513597e-8,6.28564444938e-9,6.8020722388e-9,3.0529743178e-9,8.03884459e-10,5.38704136854e-10,7.51734119397e-10,8.80840622663e-10,2.8312110989e-10,2.50879567121e-10,3.23788496015e-10,3.28447047337e-10,3.16616621809e-10,8.61743384983e-11,1.69759636903e-10,8.85729614652e-11,6.71512290218e-11,3.3330841559e-11,8.71752114939e-11,1.69283372042e-11,1.16512762979e-11,1.75283242781e-11,5.80559472024e-12,3.37233431284e-12,2.85924902461e-13],"dvar2":[6.37758930111e-8,4.98409121974e-7,3.78867440531e-7,2.38181897316e-7,1.10449171586e-7,7.41615266975e-8,1.32503586769e-7,1.24196077422e-7,1.03099409898e-7,6.97305324593e-8,3.00347551274e-8,1.79512209542e-8,2.3082218803e-8,2.30593411032e-8,7.59066587364e-9,3.27633244979e-8,1.56761430503e-8,1.76155783294e-8,7.15538917007e-9,1.84198178932e-9,1.37612743423e-9,1.79286474555e-9,2.22729990007e-9,6.96487978402e-10,6.01535543598e-10,7.00197178016e-10,8.1543966024e-10,8.53183246274e-10,2.2829932389e-10,4.50896847637e-10,1.98034671994e-10,1.6257137303e-10,7.05030617221e-11,2.26612575926e-10,3.52301521289e-11,2.21305127002e-11,3.40091600715e-11,1.09977981583e-11,4.69882986687e-12,5.41931137552e-13],"max":[0.00333310035057,0.00863937009126,0.00877084769309,0.00897603668272,0.0050320988521,0.00278641353361,0.00470811547711,0.00488751102239,0.0058579784818,0.00590861821547,0.00436541857198,0.00286651705392,0.00347308488563,0.00451832264662,0.00334131158888,0.00632671685889,0.00175518344622,0.00192806788255,0.00159506546333,0.000891178788152,0.000612044008449,0.000748800812289,0.00113853823859,0.000517996086273,0.000576589314733,0.000781471317168,0.000658989651129,0.000553218473215,0.00040798864211,0.00054732337594,0.000280498265056,0.00029975475627,0.000178141155629,0.000480503716972,0.000125764010591,0.000208338489756,0.000238653199631,0.000119896496471,0.000136449089041,0.000027123171094],"mean":[0.000292926648399,0.000653164752293,0.000458985305158,0.000462283584056,0.000258787942585,0.000244554801611,0.000298282247968,0.000220372385229,0.000203120012884,0.000176474146429,0.0000969617685769,0.0000760214097681,0.0000620950158918,0.0000613033844274,0.0000516143372806,0.0000623917658231,0.0000590137824474,0.0000478978763567,0.0000324933025695,0.0000220866259042,0.0000223093520617,0.0000276409427897,0.0000218300701817,0.0000150239411596,0.0000120075874293,0.0000165019409906,0.0000148914477904,0.0000092265991043,0.00000597670168645,0.00000614712917013,0.00000510708741785,0.00000335373238158,0.00000271745761893,0.00000327972929881,0.0000022263336632,0.00000107714811293,8.828237128e-7,5.46578519334e-7,4.15222359607e-7,2.99645193991e-7],"median":[0.000149736340973,0.000348514673533,0.000241495436057,0.000218618632061,0.000126448852825,0.000134977963171,0.000145196099766,0.0000949651002884,0.0000825235329103,0.0000466703422717,0.000036440203985,0.0000280726653727,0.0000218624300032,0.0000161004500114,0.0000188908252312,0.0000144703435581,0.0000139869262057,0.00000931789418246,0.00000921221999306,0.00000878394075698,0.00000944017938309,0.0000126322611322,0.00000830995759316,0.00000680912717144,0.00000512326914759,0.00000560080707146,0.00000618087506155,0.00000446661124442,0.00000298523286801,0.0000023586419502,0.00000165465917235,9.83748691397e-7,7.5932615573e-7,8.03494515367e-7,5.19482966865e-7,2.5096900913e-7,1.81511225605e-7,9.5852264792e-8,5.85876875903e-8,3.63279646365e-8],"min":[6.14473104702e-24,1.30762293624e-23,7.84153298883e-24,8.28043153067e-24,1.11221656799e-23,1.57384250805e-23,4.78738699679e-24,2.09622067747e-23,1.99980136446e-23,2.35329246045e-23,7.00491207782e-24,8.45113471967e-24,9.69825833537e-24,5.60339221132e-24,8.80595488851e-24,7.65468655026e-24,7.77095202592e-24,1.3275864814e-23,1.65885157915e-23,1.88700813897e-23,1.12467836148e-23,1.31261847681e-23,9.14464127411e-24,1.21646808649e-23,7.46873783541e-24,1.64073507292e-23,9.84972199575e-24,2.62545546809e-23,7.44463497931e-24,9.51741355057e-24,1.2699696586e-23,1.28828306452e-23,7.2268360054e-24,8.94752465542e-24,1.45424646166e-23,1.04450303559e-23,9.47725500847e-24,1.28952623042e-23,9.00168232315e-24,1.33338997331e-23],"var":[1.58014103135e-7,7.27538861156e-7,4.20534121304e-7,5.21092033523e-7,1.38540386274e-7,1.03672554985e-7,1.90792349031e-7,1.27315431087e-7,1.28978257408e-7,1.98299758836e-7,4.49075194808e-8,2.38983535183e-8,2.47294504874e-8,3.34445680039e-8,1.1960461066e-8,3.85192571173e-8,1.66837779147e-8,1.65394027363e-8,6.8870571468e-9,2.09918638028e-9,1.5388177399e-9,2.06879890996e-9,1.93871563248e-9,6.70802802194e-10,5.59672141964e-10,1.80302850428e-9,8.04216249151e-10,4.18001633307e-10,1.62827459849e-10,2.61302812721e-10,2.06890199417e-10,1.27751156875e-10,7.46025186071e-11,1.06169503744e-10,4.08323097556e-11,2.56742092863e-11,3.90185557475e-11,1.31316841082e-11,8.82892196852e-12,1.00219518014e-12]},"melbands_crest":{"dmean":2.10899162292,"dmean2":3.40372824669,"dvar":3.78543567657,"dvar2":9.56807518005,"max":27.7251491547,"mean":11.0000104904,"median":10.3172311783,"min":1.68482720852,"var":18.7054595947},"melbands_flatness_db":{"dmean":0.0141210248694,"dmean2":0.0214151423424,"dvar":0.000200387119548,"dvar2":0.000432500615716,"max":0.42843028903,"mean":0.157204195857,"median":0.153005540371,"min":0.00342167541385,"var":0.00285416748375},"melbands_kurtosis":{"dmean":2.24381279945,"dmean2":3.51124548912,"dvar":8.68689823151,"dvar2":19.6456012726,"max":106.4429245,"mean":6.98038101196,"median":4.54800748825,"min":-1.8413118124,"var":66.421546936},"melbands_skewness":{"dmean":0.355894178152,"dmean2":0.548582673073,"dvar":0.112946614623,"dvar2":0.251339107752,"max":8.33330154419,"mean":2.09556698799,"median":1.9422262907,"min":-0.573521971703,"var":1.19074308872},"melbands_spread":{"dmean":6.01179075241,"dmean2":9.17006397247,"dvar":58.8223838806,"dvar2":111.602859497,"max":188.199447632,"mean":31.9311294556,"median":27.3983421326,"min":1.48328948021,"var":509.09161377},"mfcc":{"cov":[[13117.2412109,826.863220215,-471.586395264,-24.6916542053,-554.830993652,104.043334961,-242.722976685,-116.379997253,-352.540222168,190.857208252,154.94883728,-12.3139448166,-87.0581130981],[826.863220215,914.772644043,-58.0331764221,206.74168396,53.9483184814,25.178358078,-8.64034748077,45.7882156372,28.1945877075,-2.71831512451,-25.0318889618,22.1491661072,13.0062122345],[-471.586395264,-58.0331764221,272.298339844,-10.4749259949,68.4898605347,17.9632873535,7.41553688049,23.2856712341,17.8146839142,1.04724299908,-2.31706905365,26.7993373871,20.6933288574],[-24.6916542053,206.74168396,-10.4749259949,300.210723877,54.041431427,36.9681739807,-7.69090032578,-4.68745040894,37.3262252808,-13.0485258102,-31.3512401581,0.664095580578,22.4046630859],[-554.830993652,53.9483184814,68.4898605347,54.041431427,188.117706299,18.3466472626,2.84410214424,13.8365297318,47.238483429,-11.9683713913,-17.2201824188,-7.61870288849,15.2319555283],[104.043334961,25.178358078,17.9632873535,36.9681739807,18.3466472626,110.080490112,11.6326322556,5.97163677216,10.343832016,1.79280698299,17.9449214935,-6.62394809723,1.80412268639],[-242.722976685,-8.64034748077,7.41553688049,-7.69090032578,2.84410214424,11.6326322556,92.3321151733,27.5641956329,9.80453491211,-11.356798172,-2.30516028404,6.47991514206,5.54179811478],[-116.379997253,45.7882156372,23.2856712341,-4.68745040894,13.8365297318,5.97163677216,27.5641956329,83.4465332031,26.0860500336,-3.65820097923,-0.92119538784,2.774477005,6.47456502914],[-352.540222168,28.1945877075,17.8146839142,37.3262252808,47.238483429,10.343832016,9.80453491211,26.0860500336,101.447906494,-7.37559747696,-6.8805847168,-3.74558234215,3.80678224564],[190.857208252,-2.71831512451,1.04724299908,-13.0485258102,-11.9683713913,1.79280698299,-11.356798172,-3.65820097923,-7.37559747696,80.0757827759,19.3522415161,5.52116298676,-4.74951171875],[154.94883728,-25.0318889618,-2.31706905365,-31.3512401581,-17.2201824188,17.9449214935,-2.30516028404,-0.92119538784,-6.8805847168,19.3522415161,77.6432647705,9.37534999847,-6.63943862915],[-12.3139448166,22.1491661072,26.7993373871,0.664095580578,-7.61870288849,-6.62394809723,6.47991514206,2.774477005,-3.74558234215,5.52116298676,9.37534999847,70.1869049072,16.6686344147],[-87.0581130981,13.0062122345,20.6933288574,22.4046630859,15.2319555283,1.80412268639,5.54179811478,6.47456502914,3.80678224564,-4.74951171875,-6.63943862915,16.6686344147,62.9748077393]],"icov":[[0.000115181930596,-0.000126212325995,0.0000885895933607,0.0000300760821119,0.000265365437372,-0.000179534574272,0.000247062678682,0.00000134465778956,0.000263244583039,-0.000152510765474,-0.0000915127602639,0.0000497932232975,0.0000143224406202],[-0.000126212325995,0.00156569061801,0.000386378116673,-0.00096159777604,-0.000619376485702,0.0000755539440433,0.00010343935719,-0.00110491272062,-0.0000451190571766,0.0000492762155773,0.000311272626277,-0.000779576657806,0.000215052030399],[0.0000885895933607,0.000386378116673,0.00470571685582,0.000348577887053,-0.00157592166215,-0.000992105458863,0.000574944773689,-0.00122681935318,0.000290217809379,-0.000360590900527,0.000422418466769,-0.00204551732168,-0.000601276406087],[0.0000300760821119,-0.00096159777604,0.000348577887053,0.00476077804342,-0.000502168841194,-0.00163877254818,0.000474274536828,0.00130699097645,-0.0012576993322,0.000185993820196,0.00161366001703,-0.000169538063346,-0.001270758803],[0.000265365437372,-0.000619376485702,-0.00157592166215,-0.000502168841194,0.00773247517645,-0.000843478541356,0.000677134259604,0.000326502631651,-0.00197219313122,0.00010540002404,0.000476846413221,0.00159110990353,-0.000991711975075],[-0.000179534574272,0.0000755539440433,-0.000992105458863,-0.00163877254818,-0.000843478541356,0.0110294166952,-0.00202020723373,-0.00000331146316057,-0.000549835385755,0.000156996451551,-0.00343415886164,0.00191896525212,-0.000113517315185],[0.000247062678682,0.00010343935719,0.000574944773689,0.000474274536828,0.000677134259604,-0.00202020723373,0.0132151143625,-0.00414122035727,0.000324036518577,0.00128939526621,0.000562554632779,-0.00146138947457,-0.000356768490747],[0.00000134465778956,-0.00110491272062,-0.00122681935318,0.00130699097645,0.000326502631651,-0.00000331146316057,-0.00414122035727,0.0155215505511,-0.00364549853839,-0.0000380994169973,-0.000231147845625,0.000718752620742,-0.00113917549606],[0.000263244583039,-0.0000451190571766,0.000290217809379,-0.0012576993322,-0.00197219313122,-0.000549835385755,0.000324036518577,-0.00364549853839,0.0130532421172,0.0000281400098174,-0.000223116672714,0.000378670956707,0.000653694092762],[-0.000152510765474,0.0000492762155773,-0.000360590900527,0.000185993820196,0.00010540002404,0.000156996451551,0.00128939526621,-0.0000380994169973,0.0000281400098174,0.0138805350289,-0.00288750417531,-0.000859063933603,0.000659876153804],[-0.0000915127602639,0.000311272626277,0.000422418466769,0.00161366001703,0.000476846413221,-0.00343415886164,0.000562554632779,-0.000231147845625,-0.000223116672714,-0.00288750417531,0.0158883240074,-0.00281453202479,0.00126940093469],[0.0000497932232975,-0.000779576657806,-0.00204551732168,-0.000169538063346,0.00159110990353,0.00191896525212,-0.00146138947457,0.000718752620742,0.000378670956707,-0.000859063933603,-0.00281453202479,0.0172475352883,-0.00437242817134],[0.0000143224406202,0.000215052030399,-0.000601276406087,-0.001270758803,-0.000991711975075,-0.000113517315185,-0.000356768490747,-0.00113917549606,0.000653694092762,0.000659876153804,0.00126940093469,-0.00437242817134,0.0181974768639]],"mean":[-666.250854492,116.915473938,-14.4985342026,32.7544708252,-7.16332435608,4.10074853897,-5.87558174133,2.89154148102,-2.62837553024,1.71281182766,-1.69425773621,1.30637252331,-0.0718219801784]},"pitch_salience":{"dmean":0.0487436503172,"dmean2":0.0779308006167,"dvar":0.00177277217153,"dvar2":0.00443171104416,"max":0.840558826923,"mean":0.59009206295,"median":0.591564953327,"min":0.187665104866,"var":0.00862662866712},"silence_rate_20dB":{"dmean":0,"dmean2":0,"dvar":0,"dvar2":0,"max":1,"mean":1,"median":1,"min":1,"var":0},"silence_rate_30dB":{"dmean":0,"dmean2":0,"dvar":0,"dvar2":0,"max":1,"mean":1,"median":1,"min":1,"var":0},"silence_rate_60dB":{"dmean":0.0230481121689,"dmean2":0.0461028665304,"dvar":0.0225192103535,"dvar2":0.0514682456851,"max":1,"mean":0.16693072021,"median":0,"min":0,"var":0.139067828655},"spectral_centroid":{"dmean":215.329910278,"dmean2":331.263214111,"dvar":54043.71875,"dvar2":106202.75,"max":10940.4658203,"mean":1699.93859863,"median":1648.92980957,"min":248.435623169,"var":415919.0625},"spectral_complexity":{"dmean":2.80783629417,"dmean2":4.32041501999,"dvar":10.0759067535,"dvar2":19.7416744232,"max":56,"mean":18.884344101,"median":18,"min":0,"var":128.845077515},"spectral_contrast_coeffs":{"dmean":[0.0422157794237,0.0392445549369,0.0330951809883,0.026324942708,0.0197653360665,0.0158299691975],"dmean2":[0.0700856745243,0.0640647858381,0.0529316999018,0.0430872030556,0.0319113582373,0.0246239975095],"dvar":[0.00121939915698,0.0010188735323,0.000720169395208,0.000445939600468,0.00025935456506,0.000212621394894],"dvar2":[0.00330663798377,0.00267874030396,0.00184036837891,0.00115530821495,0.00063841289375,0.000465688615805],"max":[-0.394820809364,-0.485241442919,-0.488401591778,-0.551743745804,-0.604431629181,-0.547534763813],"mean":[-0.65530860424,-0.738868772984,-0.762277781963,-0.772864937782,-0.776222527027,-0.725973069668],"median":[-0.655030548573,-0.739989340305,-0.766091823578,-0.776712417603,-0.778014183044,-0.717534661293],"min":[-0.969288289547,-0.97804659605,-0.961881637573,-0.956871926785,-0.95941221714,-0.963704109192],"var":[0.0059126522392,0.00456907134503,0.00379062118009,0.00283282343298,0.00188282621093,0.00278288731351]},"spectral_contrast_valleys":{"dmean":[0.348118692636,0.299917131662,0.263635784388,0.225619837642,0.193506509066,0.200698658824],"dmean2":[0.575755059719,0.485268592834,0.418535292149,0.346933990717,0.278447121382,0.277191787958],"dvar":[0.0983063578606,0.0721244961023,0.0637375861406,0.0552654787898,0.0559340417385,0.073475509882],"dvar2":[0.236694917083,0.157169163227,0.122177928686,0.0916412323713,0.0809494778514,0.115049280226],"max":[-5.98751592636,-4.77341365814,-5.319688797,-5.69748783112,-5.69415283203,-7.2983379364],"mean":[-7.82739114761,-7.03618764877,-7.82799434662,-8.05991744995,-7.77163219452,-10.7983312607],"median":[-7.49261569977,-6.70415592194,-7.48316049576,-7.73720169067,-7.43411588669,-10.5770750046],"min":[-26.926858902,-26.9843730927,-27.1577453613,-27.3711528778,-27.189332962,-27.1795139313],"var":[3.06647610664,3.13638854027,2.96151089668,2.85009431839,2.62303256989,2.04035019875]},"spectral_decrease":{"dmean":7.08896108481e-10,"dmean2":9.99780480626e-10,"dvar":9.55434656337e-19,"dvar2":1.77623739617e-18,"max":1.01292653373e-16,"mean":-3.83072285004e-9,"median":-2.88300139317e-9,"min":-1.89558733155e-8,"var":1.11665486674e-17},"spectral_energy":{"dmean":0.00291865109466,"dmean2":0.00407982524484,"dvar":0.0000162826854648,"dvar2":0.0000301061536447,"max":0.0789003074169,"mean":0.0159740895033,"median":0.0118116317317,"min":1.10873625252e-20,"var":0.000198271111003},"spectral_energyband_high":{"dmean":0.000272681732895,"dmean2":0.000392624904634,"dvar":0.00000116129808703,"dvar2":0.00000224384461944,"max":0.0432464778423,"mean":0.000768339727074,"median":0.000314539240208,"min":7.9141005938e-21,"var":0.00000364035008715},"spectral_energyband_low":{"dmean":0.000969483982772,"dmean2":0.00151091185398,"dvar":0.00000322667938235,"dvar2":0.00000772133716964,"max":0.042362485081,"mean":0.00301163177937,"median":0.00178956310265,"min":6.38154330424e-23,"var":0.0000125559390654},"spectral_energyband_middle_high":{"dmean":0.00120890431572,"dmean2":0.00175306014717,"dvar":0.00000471670864499,"dvar2":0.0000104168784674,"max":0.0560028739274,"mean":0.00484385248274,"median":0.00229827128351,"min":1.69235650235e-21,"var":0.0000418310337409},"spectral_energyband_middle_low":{"dmean":0.00205603195354,"dmean2":0.00302470428869,"dvar":0.00000840799202706,"dvar2":0.0000176166631718,"max":0.0493428520858,"mean":0.00791965611279,"median":0.00582589674741,"min":4.45555656975e-22,"var":0.0000566121889278},"spectral_entropy":{"dmean":0.0873079448938,"dmean2":0.128241762519,"dvar":0.00742570916191,"dvar2":0.0142523609102,"max":9.8148059845,"mean":7.65965795517,"median":7.66104650497,"min":6.40881729126,"var":0.0814469754696},"spectral_flux":{"dmean":0.00999155268073,"dmean2":0.0152060501277,"dvar":0.00013815042621,"dvar2":0.000291913165711,"max":0.202043354511,"mean":0.0527111552656,"median":0.0466171093285,"min":1.05296542319e-10,"var":0.00115813722368},"spectral_kurtosis":{"dmean":1.09076595306,"dmean2":1.90667557716,"dvar":0.913642585278,"dvar2":2.75923967361,"max":14.3208007812,"mean":2.9617266655,"median":2.65950107574,"min":-1.20439755917,"var":2.33836340904},"spectral_rms":{"dmean":0.000333363132086,"dmean2":0.000459615490399,"dvar":1.44835382798e-7,"dvar2":2.45488877226e-7,"max":0.00877359136939,"mean":0.0035159997642,"median":0.00339463446289,"min":3.28891146088e-12,"var":0.00000322219557347},"spectral_rolloff":{"dmean":412.194458008,"dmean2":669.620666504,"dvar":349684.71875,"dvar2":695801.8125,"max":21554.7363281,"mean":2184.12133789,"median":1658.05664062,"min":86.1328125,"var":8326219},"spectral_skewness":{"dmean":0.153144747019,"dmean2":0.254231780767,"dvar":0.0171732269228,"dvar2":0.0444757416844,"max":2.93698811531,"mean":1.14564549923,"median":1.11258709431,"min":-0.14400190115,"var":0.107008233666},"spectral_spread":{"dmean":249005.75,"dmean2":381133.625,"dvar":184837259264,"dvar2":275519242240,"max":41437872,"mean":4023052.25,"median":3715193.25,"min":2422810,"var":2528578109440},"spectral_strongpeak":{"dmean":0.429856389761,"dmean2":0.726323723793,"dvar":0.741492509842,"dvar2":1.89566516876,"max":13.9058151245,"mean":0.833951771259,"median":0.398356407881,"min":1.62990587693e-9,"var":1.47401297092},"zerocrossingrate":{"dmean":0.00722891185433,"dmean2":0.00864456873387,"dvar":0.000103803824459,"dvar2":0.0000984173530014,"max":0.81689453125,"mean":0.0795334428549,"median":0.064453125,"min":0.00537109375,"var":0.00974399037659}},"metadata":{"audio_properties":{"analysis_sample_rate":44100,"bit_rate":0,"codec":"flac","downmix":"mix","equal_loudness":0,"length":161.186660767,"lossless":true,"md5_encoded":"068dc84179fc051decb60895b98ed9a8","replay_gain":-12.9840011597},"tags":{"album":["The Platinum Collection"],"album artist":["The Beach Boys"],"albumartist":["The Beach Boys"],"albumartist_credit":["The Beach Boys"],"albumartistsort":["Beach Boys, The"],"artist":["The Beach Boys"],"artist_credit":["The Beach Boys"],"artistsort":["Beach Boys, The"],"asin":["B00023XWIW"],"bpm":["0"],"compilation":["0"],"date":["2005-5-30"],"disc":["3"],"discc":["3"],"discnumber":["3"],"disctotal":["3"],"file_name":"03-08. Forever.flac","genre":["Easy Listening"],"label":["EMI"],"language":["eng"],"media":["CD"],"musicbrainz_albumartistid":["ebfc1398-8d96-47e3-82c3-f782abcdb13d"],"musicbrainz_albumid":["38b2dbf5-2a47-468c-a07b-79578423e5d0"],"musicbrainz_albumstatus":["Official"],"musicbrainz_albumtype":["compilation"],"musicbrainz_artistid":["ebfc1398-8d96-47e3-82c3-f782abcdb13d"],"musicbrainz_recordingid":["6c6ff42f-2079-4432-87f3-dc65b7848f6c"],"musicbrainz_releasegroupid":["e443542f-d74e-3f3c-bfdc-de66ccd45ea6"],"originaldate":["2005-5-30"],"publisher":["EMI"],"releasecountry":["GB"],"releasestatus":["official"],"releasetype":["compilation"],"replaygain_album_gain":["-9.10 dB"],"replaygain_album_peak":["0.988678"],"replaygain_reference_loudness":["89.0 dB"],"replaygain_track_gain":["-8.79 dB"],"replaygain_track_peak":["0.966187"],"script":["Latn"],"title":["Forever"],"totaldiscs":["3"],"totaltracks":["21"],"track":["8"],"trackc":["21"],"tracknumber":["8"],"tracktotal":["21"],"year":["2005"]},"version":{"essentia":"2.1-beta1","essentia_build_sha":"12879b851c9f4b0d899e1af4e221aa110f283a84","essentia_g