{"lowlevel":{"average_loudness":0.813697814941,"barkbands":{"dmean":[0.00318339676596,0.0075317164883,0.00295721367002,0.00139744661283,0.0034819743596,0.0013693224173,0.00109184184112,0.000836663006339,0.000653060444165,0.000640187587123,0.0006317589432,0.000518705986906,0.000230356105021,0.000269002164714,0.000159666931722,0.00010962801025,0.0000738098751754,0.0000690266970196,0.0000670601948514,0.000150019972352,0.000155161076691,0.00020652510284,0.000178659072844,0.0000176230678335,0.00000249001573138,0.0000935814387049,0.000307019217871],"dmean2":[0.00544554786757,0.0128929484636,0.00504125421867,0.00230485876091,0.00560870207846,0.00221328530461,0.00178522989154,0.00139217148535,0.00106577971019,0.00105393701233,0.0010472307913,0.000857875857037,0.000380236044293,0.000445539742941,0.000256225845078,0.000171032166691,0.000113300215162,0.000101993799035,0.0000981885386864,0.00022034237918,0.00021983285842,0.000271763768978,0.000244072958594,0.0000263100046141,0.0000041472076191,0.00012353414786,0.000412361085182],"dvar":[0.0000312043266604,0.000133416906465,0.000023275068088,0.00000675324099575,0.000055444532336,0.0000104130158434,0.000005031575256,0.00000259505941358,0.00000169814575202,0.00000140885674682,0.00000153069345288,8.44741748551e-7,1.44253064605e-7,2.6042894774e-7,7.83313680586e-8,3.13714636491e-8,1.85224777738e-8,2.50770337828e-8,4.34900897517e-8,1.35680551239e-7,1.23530639939e-7,1.95670054381e-7,1.62531009096e-7,1.5010942489e-9,1.99657304578e-11,3.82774523189e-8,2.5174779239e-7],"dvar2":[0.0000840929205879,0.000371739908587,0.0000634736134089,0.0000165157198353,0.000135439520818,0.0000247524294537,0.00001228734709,0.00000663460377837,0.00000423930350735,0.00000358186503036,0.00000413434554503,0.00000226311544793,3.753361284e-7,7.11182394753e-7,1.93308110852e-7,7.32052569674e-8,4.18830659044e-8,5.34904316396e-8,8.25361112788e-8,3.02477872083e-7,2.61930011902e-7,3.66179079947e-7,3.31698458922e-7,3.43021011595e-9,5.06935708688e-11,7.53620739147e-8,4.73043172633e-7],"max":[0.0820222198963,0.147475510836,0.091527402401,0.15436142683,0.220716670156,0.071365699172,0.100134670734,0.0298107340932,0.0376227423549,0.024195889011,0.0217481516302,0.0215028654784,0.00825402140617,0.0149166984484,0.00731221633032,0.0047732735984,0.00402506440878,0.00687385117635,0.0117814205587,0.014301606454,0.00591482780874,0.0046514053829,0.00560855958611,0.000953650509473,0.0000886361594894,0.00228849984705,0.00947812944651],"mean":[0.00352472485974,0.0102762104943,0.00374932261184,0.00188257393893,0.00521091464907,0.00201615015976,0.00167570018675,0.00118251622189,0.000960969482549,0.000916741613764,0.000886580266524,0.000785015523434,0.00038066226989,0.000456668873085,0.000275374593912,0.000188856560271,0.000123391058878,0.000117784802569,0.000111164605187,0.000195320928469,0.000187139914487,0.000250750599662,0.000192036648514,0.0000207200901059,0.00000259805892711,0.000110129869427,0.000621271959972],"median":[0.00139681319706,0.00666222535074,0.0017007549759,0.000794014777057,0.00182331551332,0.000578325474635,0.000645589432679,0.000461372197606,0.000415259739384,0.000401174416766,0.000356517266482,0.000401917932322,0.000214758707443,0.00022705088486,0.000161254341947,0.00010355123959,0.000060859383666,0.0000485608106828,0.0000409319618484,0.0000354717558366,0.0000273314908554,0.0000210607850022,0.0000118862917589,0.00000322759706251,9.16605472412e-7,0.0000100070901681,0.000381709483918],"min":[3.06064152204e-25,1.33721508095e-24,9.20816725673e-25,1.56844165075e-24,1.01319354069e-23,9.82527756288e-24,4.97231808107e-24,1.20852536158e-23,1.95370648628e-23,1.22583296984e-23,1.52270759754e-23,1.43877989698e-23,1.99038788728e-23,2.66132323796e-23,3.17010223422e-23,4.99948613511e-23,6.99877016459e-23,7.6884447483e-23,9.00627349361e-23,1.59633009256e-22,1.80036297036e-22,2.77928571119e-22,3.50061759857e-22,5.47333910365e-22,8.41694189083e-22,1.25040799706e-21,1.96373565993e-21],"var":[0.0000362586069969,0.000157198199304,0.0000315004108415,0.0000123727977552,0.000089965571533,0.0000197483623197,0.0000108188805825,0.00000423702249464,0.00000276374385066,0.0000022862602691,0.00000235854236053,0.00000138765005886,2.60906915628e-7,5.07378103975e-7,1.47046648635e-7,6.26397849146e-8,3.5560788092e-8,5.39249356279e-8,8.6852814718e-8,2.15920621827e-7,1.76909523475e-7,3.20491039929e-7,2.18361080329e-7,1.95928517854e-9,2.16241694689e-11,5.83478936278e-8,6.02161378538e-7]},"barkbands_crest":{"dmean":3.07314229012,"dmean2":5.09993886948,"dvar":6.69389486313,"dvar2":17.7993583679,"max":25.906747818,"mean":10.1799068451,"median":9.57671356201,"min":2.60988116264,"var":15.9740591049},"barkbands_flatness_db":{"dmean":0.0313952639699,"dmean2":0.0468848049641,"dvar":0.000839138752781,"dvar2":0.00181751558557,"max":0.455128669739,"mean":0.13893391192,"median":0.132032752037,"min":0.0230334363878,"var":0.00342393340543},"barkbands_kurtosis":{"dmean":7.20606803894,"dmean2":11.373087883,"dvar":269.476715088,"dvar2":664.132629395,"max":390.75881958,"mean":11.7106990814,"median":6.3666601181,"min":-1.88491976261,"var":446.988189697},"barkbands_skewness":{"dmean":0.767898082733,"dmean2":1.19835054874,"dvar":0.775076746941,"dvar2":1.78488409519,"max":17.1743831635,"mean":2.48970532417,"median":2.2322936058,"min":-2.27729725838,"var":2.43190836906},"barkbands_spread":{"dmean":8.2986907959,"dmean2":12.1084127426,"dvar":87.0795440674,"dvar2":163.854095459,"max":128.001037598,"mean":25.3165740967,"median":21.054151535,"min":0.453494846821,"var":320.245635986},"dissonance":{"dmean":0.0196296572685,"dmean2":0.0333535633981,"dvar":0.000356205971912,"dvar2":0.000978193362243,"max":0.500000178814,"mean":0.468616068363,"median":0.474839866161,"min":0.185136467218,"var":0.000620627950411},"dynamic_complexity":5.90261268616,"erbbands":{"dmean":[0.362960964441,1.30186676979,3.09350538254,3.99094152451,8.22191047668,13.6412324905,11.1743650436,11.437502861,10.7705774307,22.9852981567,17.0290184021,14.8910112381,15.3332271576,22.5278587341,22.6110420227,20.9411621094,10.5363388062,13.1541070938,9.79767227173,6.22158002853,5.75547027588,3.96489453316,3.6991648674,3.33581709862,4.05041837692,7.49387121201,6.78816270828,6.62106609344,7.25450658798,6.56642436981,4.6862039566,1.13025188446,0.0834655165672,0.0299333985895,0.017778320238,0.0196061935276,0.181967005134,0.184243366122,0.0393770970404,0.0058140414767],"dmean2":[0.625229775906,2.22726273537,5.30885744095,6.58067989349,13.3468999863,22.208864212,18.1125984192,18.404914856,17.3503856659,38.0495910645,28.06615448,24.4239006042,25.3294525146,36.905292511,37.3091773987,34.6692466736,17.2293739319,21.8636493683,15.6148147583,9.88303565979,8.93483066559,5.96808815002,5.42945337296,4.95629882812,5.8640961647,11.0643577576,9.87286090851,9.30570888519,9.48933792114,8.85345363617,6.39523696899,1.59507644176,0.131434440613,0.0495329685509,0.0293830707669,0.0305368434638,0.241447016597,0.241106033325,0.0527789033949,0.00802183803171],"dvar":[0.350424766541,3.82693243027,24.2666759491,47.2637481689,289.423034668,1105.90759277,634.657104492,862.686035156,620.889343262,2450.34985352,1171.87878418,967.356872559,916.461120605,1852.38879395,1911.93017578,1486.28417969,276.540496826,674.537597656,320.650177002,109.78792572,92.4199295044,55.6658821106,65.6552276611,83.4821929932,145.122344971,355.548370361,247.273193359,233.741104126,239.426971436,211.204421997,112.701622009,6.17279481888,0.0488748066127,0.00290375063196,0.000976816401817,0.00183261942584,0.142809435725,0.146263584495,0.0054736956954,0.0000722678887541],"dvar2":[1.00437915325,10.4753837585,67.0496139526,120.377914429,715.715820312,2740.47412109,1520.51879883,1993.85620117,1363.31860352,6321.22851562,2999.83666992,2423.38134766,2325.52294922,4636.86962891,5161.8359375,3993.68676758,707.04095459,1876.65344238,787.93145752,269.342498779,212.877944946,122.857627869,136.854034424,176.068771362,279.633026123,795.947570801,557.294189453,500.355895996,437.496276855,409.697143555,234.20149231,13.2969846725,0.124859362841,0.00730714201927,0.0024723992683,0.00452176388353,0.27931779623,0.281341463327,0.0109670516104,0.000136800808832],"max":[7.87710905075,25.196023941,94.1920623779,357.667266846,568.635864258,905.48614502,629.674133301,866.911132812,1763.22912598,1258.11584473,766.39276123,854.157470703,627.856628418,1487.48828125,895.90057373,1088.55529785,350.413330078,866.796020508,497.495941162,395.612609863,170.473526001,236.346679688,340.794372559,427.051483154,736.45501709,709.985839844,284.853240967,233.308731079,172.692626953,172.233642578,161.513381958,41.6517791748,8.10629653931,1.0354591608,0.59575510025,1.23763525486,4.84034872055,4.22185373306,1.39690685272,0.232458367944],"mean":[0.453436046839,1.71576714516,4.04267835617,5.94086170197,12.079870224,18.335723877,15.7468166351,16.9184398651,17.3816833496,33.6018218994,25.4664821625,22.0488052368,22.934223175,34.2229499817,34.8434524536,32.6444854736,19.337688446,23.3033733368,17.9205551147,11.7753248215,10.014673233,7.08183240891,6.62273168564,5.63095474243,6.32071065903,9.62841892242,8.36187744141,7.70966529846,8.87428092957,7.5934548378,5.03604745865,1.29999649525,0.0980627015233,0.0324393287301,0.0192865524441,0.0247675254941,0.222162753344,0.226422995329,0.0570337884128,0.0180022213608],"median":[0.255658745766,1.06548523903,2.09853887558,2.99386548996,4.29925966263,5.62002849579,5.11451148987,4.7255282402,6.60945796967,12.1787395477,10.2170286179,9.54286956787,10.8346786499,16.2860965729,16.1245918274,17.1518173218,11.7619686127,11.8361473083,10.1109485626,7.40800094604,5.50741291046,3.61820793152,2.94968557358,2.2060148716,2.01002979279,1.68137454987,1.35489439964,0.923246264458,0.786549329758,0.548097968102,0.296010971069,0.116266034544,0.0276231095195,0.0126020200551,0.00753475539386,0.00824898015708,0.0196979567409,0.0251427851617,0.0166908986866,0.0149188498035],"min":[7.71137788144e-23,3.61956217208e-22,1.44490408924e-21,6.45563617493e-21,1.54218260935e-20,2.49366568819e-20,4.81675187067e-20,6.9090603168e-20,1.04593918842e-19,1.83481985227e-19,2.79086370128e-19,4.74302416407e-19,4.85517279453e-19,5.7148554013e-19,1.12976410781e-18,9.1773372857e-19,1.01435307701e-18,1.65801715662e-18,2.58010516393e-18,3.7133696933e-18,3.6874160744e-18,4.43067135559e-18,5.13527455471e-18,5.67966982638e-18,6.53930156155e-18,8.01441895177e-18,6.96200367586e-18,1.03524904481e-17,1.08906094869e-17,1.09561743037e-17,9.12169450026e-18,1.21409641203e-17,1.00298486502e-17,6.67257111158e-18,5.89510777615e-18,3.94371922797e-18,2.25010021778e-18,9.84383392837e-19,2.39634481951e-19,2.73386455935e-20],"var":[0.377365976572,4.59535694122,32.2553405762,87.1187133789,529.672058105,1514.28833008,993.05078125,1748.7635498,1517.5546875,4482.21484375,2015.35144043,1529.01220703,1351.31640625,3094.37255859,3144.89453125,2452.85131836,573.990539551,1318.6907959,650.46661377,216.787384033,178.051925659,115.145401001,150.663986206,158.96534729,293.577972412,537.217651367,335.371490479,319.859191895,398.343536377,315.735046387,149.613235474,8.52363872528,0.0465104021132,0.00321457209066,0.0010898236651,0.00208794116043,0.226818487048,0.233677506447,0.00983454473317,0.000293063523713]},"erbbands_crest":{"dmean":2.72492861748,"dmean2":4.51317310333,"dvar":7.01055765152,"dvar2":17.8525619507,"max":30.8957576752,"mean":7.975066185,"median":6.99234580994,"min":2.1724858284,"var":14.4727869034},"erbbands_flatness_db":{"dmean":0.0227913241833,"dmean2":0.0339793935418,"dvar":0.000436832779087,"dvar2":0.000932645052671,"max":0.3409691751,"mean":0.130480661988,"median":0.125872150064,"min":0.0245180036873,"var":0.00159288581926},"erbbands_kurtosis":{"dmean":0.983353316784,"dmean2":1.60915434361,"dvar":2.82348918915,"dvar2":7.9707660675,"max":70.779083252,"mean":0.508146941662,"median":0.0944936275482,"min":-1.78293442726,"var":4.16679286957},"erbbands_skewness":{"dmean":0.379426956177,"dmean2":0.600362479687,"dvar":0.118690088391,"dvar2":0.293609291315,"max":6.6429438591,"mean":0.302179932594,"median":0.329351872206,"min":-3.17767190933,"var":0.439944893122},"erbbands_spread":{"dmean":8.90026569366,"dmean2":13.0811634064,"dvar":76.6843566895,"dvar2":145.987197876,"max":125.578109741,"mean":35.5062026978,"median":31.656463623,"min":1.66122615337,"var":293.53527832},"gfcc":{"cov":[[35997.6835938,740.594177246,-1890.42858887,491.468811035,-455.673217773,-678.766662598,954.684448242,-1162.84899902,411.056335449,-214.663238525,-213.645797729,521.756713867,-581.340942383],[740.594177246,1248.38391113,0.398272007704,-391.624481201,268.699127197,-86.6192779541,-109.968154907,49.9916267395,-29.748418808,-47.5266571045,128.124557495,-209.566253662,159.321182251],[-1890.42858887,0.398272007704,436.066558838,48.735294342,-38.2634658813,118.518569946,-140.244094849,96.5425109863,-61.9583015442,8.67704868317,-11.1829824448,-37.6942558289,51.3747940063],[491.468811035,-391.624481201,48.735294342,325.154785156,-28.7589607239,19.7778244019,113.471420288,-58.94480896,17.370595932,6.06185483932,-57.2510147095,84.3860321045,-72.3861083984],[-455.673217773,268.699127197,-38.2634658813,-28.7589607239,276.65032959,37.2426872253,24.7963924408,50.5590629578,-0.141740649939,-6.07195138931,58.2379570007,-72.4096832275,55.5489234924],[-678.766662598,-86.6192779541,118.518569946,19.7778244019,37.2426872253,209.130477905,-36.4852867126,89.8965988159,-14.9313364029,8.32440757751,-10.0490846634,6.63559389114,14.8418893814],[954.684448242,-109.968154907,-140.244094849,113.471420288,24.7963924408,-36.4852867126,235.698410034,-73.9741897583,69.3285903931,-3.1808078289,-16.9104442596,57.8082885742,-62.4140930176],[-1162.84899902,49.9916267395,96.5425109863,-58.94480896,50.5590629578,89.8965988159,-73.9741897583,193.710220337,-6.41471767426,39.3815536499,39.8072090149,-55.3290672302,59.6511497498],[411.056335449,-29.748418808,-61.9583015442,17.370595932,-0.141740649939,-14.9313364029,69.3285903931,-6.41471767426,125.578529358,23.2550392151,1.10803627968,46.9725761414,-52.2949714661],[-214.663238525,-47.5266571045,8.67704868317,6.06185483932,-6.07195138931,8.32440757751,-3.1808078289,39.3815536499,23.2550392151,77.4287338257,35.5791091919,-6.72586536407,12.3381080627],[-213.645797729,128.124557495,-11.1829824448,-57.2510147095,58.2379570007,-10.0490846634,-16.9104442596,39.8072090149,1.10803627968,35.5791091919,81.3079605103,-12.7530498505,42.2192649841],[521.756713867,-209.566253662,-37.6942558289,84.3860321045,-72.4096832275,6.63559389114,57.8082885742,-55.3290672302,46.9725761414,-6.72586536407,-12.7530498505,130.588577271,-39.3262138367],[-581.340942383,159.321182251,51.3747940063,-72.3861083984,55.5489234924,14.8418893814,-62.4140930176,59.6511497498,-52.2949714661,12.3381080627,42.2192649841,-39.3262138367,111.130722046]],"icov":[[0.0000651026130072,-0.000284301640932,0.00037862744648,-0.000396434799768,0.000343491235981,-0.00018695712788,0.0000376476891688,0.000116502043966,0.00000679576487528,-0.0000578963663429,0.0000380938799935,-0.0000931480026338,0.0000889634029591],[-0.000284301640932,0.00404692674056,-0.00245737540536,0.00358778634109,-0.00228454149328,0.00112294615246,-0.000437926297309,0.0012984785717,-0.00271899416111,0.00393387814984,-0.00352974003181,0.00404203683138,-0.00271194940433],[0.00037862744648,-0.00245737540536,0.00693515036255,-0.00571711501107,0.00455453107134,-0.00366414501332,0.0025965529494,0.0000568002033106,-0.000868512201123,0.00107455614489,-0.000884329609107,0.00169225549325,-0.00137893657666],[-0.000396434799768,0.00358778634109,-0.00571711501107,0.0119659630582,-0.00698436563835,0.00386125431396,-0.00353622646071,-0.000552908226382,0.00399194937199,-0.00471675442532,0.00562603538856,-0.0050049633719,0.00299961399287],[0.000343491235981,-0.00228454149328,0.00455453107134,-0.00698436563835,0.0123743833974,-0.00598651589826,-0.000459444592707,0.00189734250307,-0.00553423073143,0.00798982288688,-0.00994605571032,0.00895046349615,-0.00479051610455],[-0.00018695712788,0.00112294615246,-0.00366414501332,0.00386125431396,-0.00598651589826,0.0104516223073,-0.000459611648694,-0.00530378241092,0.0044776564464,-0.00437583588064,0.00712275784463,-0.00707814004272,0.00318848341703],[0.0000376476891688,-0.000437926297309,0.0025965529494,-0.00353622646071,-0.000459444592707,-0.000459611648694,0.00850183144212,0.00129577284679,-0.00310670258477,0.000536412291694,-0.000269614392892,-0.0000713504559826,0.000247120682616],[0.000116502043966,0.0012984785717,0.0000568002033106,-0.000552908226382,0.00189734250307,-0.00530378241092,0.00129577284679,0.012612820603,-0.00646530278027,0.00211301143281,-0.00658006872982,0.00812176242471,-0.00582404388115],[0.00000679576487528,-0.00271899416111,-0.000868512201123,0.00399194937199,-0.00553423073143,0.0044776564464,-0.00310670258477,-0.00646530278027,0.0222246535122,-0.0147437825799,0.0108311921358,-0.0155718894675,0.013299016282],[-0.0000578963663429,0.00393387814984,0.00107455614489,-0.00471675442532,0.00798982288688,-0.00437583588064,0.000536412291694,0.00211301143281,-0.0147437825799,0.0337805896997,-0.0237448178232,0.0171171538532,-0.00936426222324],[0.0000380938799935,-0.00352974003181,-0.000884329609107,0.00562603538856,-0.00994605571032,0.00712275784463,-0.000269614392892,-0.00658006872982,0.0108311921358,-0.0237448178232,0.0386309325695,-0.0186368227005,0.0031957232859],[-0.0000931480026338,0.00404203683138,0.00169225549325,-0.0050049633719,0.00895046349615,-0.00707814004272,-0.0000713504559826,0.00812176242471,-0.0155718894675,0.0171171538532,-0.0186368227005,0.0286015793681,-0.0102790948004],[0.0000889634029591,-0.00271194940433,-0.00137893657666,0.00299961399287,-0.00479051610455,0.00318848341703,0.000247120682616,-0.00582404388115,0.013299016282,-0.00936426222324,0.0031957232859,-0.0102790948004,0.0236229151487]],"mean":[-42.4833679199,95.4303131104,-77.6740875244,-2.01034927368,-16.6139564514,-8.65045928955,5.62471723557,-20.9678153992,1.74316179752,-7.26369667053,-7.42221689224,0.533082723618,-11.3450155258]},"hfc":{"dmean":64.08152771,"dmean2":97.5792999268,"dvar":7007.84423828,"dvar2":16430.4238281,"max":1555.58361816,"mean":194.237411499,"median":159.170135498,"min":1.08011662818e-16,"var":29614.2832031},"melbands":{"dmean":[0.00260166754015,0.00153099035379,0.000728219747543,0.000827870040666,0.000416052382207,0.00025265707518,0.000175777924596,0.000234327992075,0.000139093855978,0.0000903822801774,0.0000785671363701,0.0000931199538172,0.0000851923323353,0.0000606846369919,0.0000395995739382,0.0000224319392146,0.000026234996767,0.0000179072085302,0.0000112004918265,0.00000772590829001,0.00000690711794959,0.00000434964204032,0.00000377423475584,0.00000351782978214,0.00000277267099591,0.00000266993720288,0.00000400699082093,0.00000523724384038,0.00000505057278133,0.00000306850552079,0.00000407375637224,0.00000436808659288,0.00000372207409782,0.00000372821477868,0.0000030574090033,0.000001766459377,2.63856264837e-7,5.13230133947e-8,3.12041343875e-8,2.288175871e-8],"dmean2":[0.00446257786825,0.00262467702851,0.00118577491958,0.0013489916455,0.000671548128594,0.000405531231081,0.000285061309114,0.00038786866935,0.000229740981013,0.000148027625983,0.000130247572088,0.000153093089466,0.000140934862429,0.00010083970119,0.0000657684431644,0.0000368966684618,0.000043851970986,0.0000287727689283,0.0000180620500032,0.0000122718611237,0.0000108722861114,0.00000673186877975,0.00000577317632633,0.00000527335396328,0.00000424408199251,0.00000394786275137,0.00000604159640716,0.00000783916948421,0.00000768991958466,0.00000426733049608,0.00000589537876294,0.00000581349331696,0.0000050976300372,0.00000519583863934,0.00000427327313446,0.00000254833662439,3.9284125819e-7,8.72602541335e-8,5.25545580388e-8,3.81885882916e-8],"dvar":[0.0000171304400283,0.00000494951609653,0.0000014155223198,0.00000366433573618,7.37156256037e-7,3.85918298207e-7,1.43489572224e-7,2.38309638689e-7,7.9675920972e-8,3.43244970225e-8,2.38402666497e-8,3.20344142324e-8,2.92826456416e-8,1.24419523573e-8,4.71322936235e-9,1.36229549863e-9,2.88096080325e-9,1.12710207834e-9,3.81367520896e-10,1.6107305767e-10,1.36664110584e-10,7.07150379919e-11,5.44267686475e-11,7.11196032621e-11,6.09818237574e-11,6.93992294187e-11,1.36381100857e-10,1.74541658904e-10,1.66704913762e-10,4.5060944559e-11,9.77258829415e-11,9.05358704673e-11,6.60981408496e-11,7.41830485929e-11,5.10533212927e-11,1.70747877642e-11,3.44271133953e-13,3.81438655076e-14,4.54826538303e-15,1.73195367824e-15],"dvar2":[0.0000484137599415,0.0000136703074531,0.00000357592602995,0.00000896058827493,0.00000178080142632,8.97485165297e-7,3.27846265691e-7,6.14724740444e-7,2.02154254225e-7,8.60596998109e-8,6.06083929711e-8,8.05750488553e-8,7.95886734295e-8,3.33620597814e-8,1.2614220779e-8,3.5497567108e-9,8.08617706127e-9,2.81982703854e-9,9.41681399524e-10,3.91493115703e-10,3.22056742386e-10,1.63732305491e-10,1.15101157772e-10,1.57353713393e-10,1.33986446937e-10,1.31766791922e-10,3.05647507304e-10,3.96552457538e-10,4.03040406605e-10,8.95739940554e-11,2.17560885973e-10,1.64241759082e-10,1.32199834413e-10,1.52931958763e-10,1.10236986206e-10,3.81639476965e-11,7.8786239685e-13,1.03229944937e-13,1.18658668706e-14,4.40353074575e-15],"max":[0.0518969893456,0.0357127077878,0.0540893673897,0.0598613768816,0.0202617533505,0.0169536918402,0.0237045194954,0.0120937572792,0.00644949357957,0.00495005911216,0.00306571624242,0.00580478552729,0.00349261099473,0.00225644186139,0.001652364037,0.000844686175697,0.00189354084432,0.000923525134567,0.000525815936271,0.000386088417144,0.000229201454204,0.000222968257731,0.000312387535814,0.000317683501635,0.000385454623029,0.000415101618273,0.000617941317614,0.000463768607005,0.000246635288931,0.000242830559728,0.000146488964674,0.000125377366203,0.0000973589048954,0.000107766798465,0.0000917534925975,0.0000740666509955,0.0000170409985003,0.00000773237206886,0.00000233922969528,7.83056520959e-7],"mean":[0.00353900366463,0.00218528276309,0.00116455077659,0.00119521724992,0.000599194783717,0.000377647549612,0.000286909664283,0.000345382606611,0.000202427778277,0.000131359280203,0.000113799018436,0.000137151568197,0.000123598700156,0.0000910211310838,0.0000625849570497,0.0000380490710086,0.0000438308088633,0.0000300799310935,0.0000192488714674,0.0000133694402393,0.0000111155022751,0.00000717093826097,0.0000064264258981,0.00000563325693292,0.00000437590688307,0.00000421381218985,0.00000527033398612,0.00000658329963699,0.0000058240098042,0.0000039484584704,0.00000449930394097,0.00000526712983628,0.00000448615128334,0.00000406937488151,0.00000317227909363,0.00000190450452919,3.15127977046e-7,4.73321613015e-8,3.11741601422e-8,2.36386163976e-8],"median":[0.00219867238775,0.00136917969212,0.000625795335509,0.000387934269384,0.000200370908715,0.000107114654384,0.000112789173727,0.000129953652504,0.0000781156122684,0.0000564699948882,0.0000518242231919,0.0000624109816272,0.0000507483891852,0.0000469722253911,0.0000347144668922,0.000020629431674,0.0000212149152503,0.0000159226019605,0.0000115577404358,0.00000757907082516,0.00000570991323912,0.00000355439306077,0.00000292478944175,0.00000219382309297,0.00000163215827342,0.0000014958943666,0.00000121008292808,0.00000104850278149,8.9556704097e-7,6.15898670731e-7,4.74250953175e-7,4.43816418283e-7,3.5703126855e-7,2.72569252502e-7,1.80080519385e-7,1.15139741297e-7,4.50686279407e-8,1.17301786062e-8,9.57802903656e-9,8.07339795017e-9],"min":[9.82501211119e-25,4.87480392774e-25,1.63015798646e-24,1.45350481408e-24,1.32244533683e-24,1.62542689179e-24,1.45238354691e-24,2.29635812067e-24,2.7245632585e-24,2.54696700291e-24,1.33430931181e-24,2.1393511347e-24,2.77374203062e-24,1.34354707022e-24,2.24338788582e-24,2.53460318594e-24,2.7494368317e-24,3.91219591511e-24,2.07751804758e-24,3.32972784397e-24,4.50472551267e-24,4.28586788743e-24,3.62891399189e-24,3.19586347316e-24,3.55026416521e-24,2.98606492934e-24,4.6596881656e-24,4.14190984413e-24,3.86486149978e-24,4.55933480326e-24,4.83028564724e-24,6.0460279817e-24,4.97886562659e-24,5.15130864832e-24,4.7591524817e-24,5.24780448083e-24,6.72480492532e-24,6.27489427968e-24,5.01243008038e-24,5.39495583307e-24],"var":[0.000019960811187,0.00000676992203807,0.00000281870165963,0.000005599427368,0.00000122606513742,7.90358228642e-7,3.43922351931e-7,4.35460776771e-7,1.37538648914e-7,5.36111528504e-8,3.48860886845e-8,5.3056439242e-8,4.6637783413e-8,1.91848972264e-8,8.10492473136e-9,2.68424371619e-9,5.22909093803e-9,2.12337059047e-9,6.89195756021e-10,3.06110858883e-10,2.37831476735e-10,1.29651081537e-10,1.23812154973e-10,1.34814590047e-10,1.04315583949e-10,1.41622089056e-10,2.13822709538e-10,2.57890347966e-10,1.87765372694e-10,7.78958633707e-11,1.20950360838e-10,1.48200937633e-10,1.01370675742e-10,9.89176032751e-11,6.29795868234e-11,2.11491102409e-11,4.56700703731e-13,2.7295165775e-14,4.27947641787e-15,1.85272660047e-15]},"melbands_crest":{"dmean":4.68524980545,"dmean2":7.84046459198,"dvar":15.5895986557,"dvar2":41.0030670166,"max":37.6777763367,"mean":16.3839626312,"median":15.4312019348,"min":1.00027632713,"var":39.7074966431},"melbands_flatness_db":{"dmean":0.0402200818062,"dmean2":0.059798438102,"dvar":0.00125834834762,"dvar2":0.00273114140145,"max":0.624097049236,"mean":0.25521504879,"median":0.250686109066,"min":8.62866116336e-8,"var":0.00598260946572},"melbands_kurtosis":{"dmean":9.87061977386,"dmean2":16.06432724,"dvar":349.927764893,"dvar2":879.46270752,"max":392.293640137,"mean":16.3167095184,"median":9.32278251648,"min":-1.88020884991,"var":603.266113281},"melbands_skewness":{"dmean":0.924635469913,"dmean2":1.48298597336,"dvar":0.970815002918,"dvar2":2.42380523682,"max":17.3578281403,"mean":2.9746055603,"median":2.64022350311,"min":-0.703596353531,"var":2.95225524902},"melbands_spread":{"dmean":6.07049369812,"dmean2":9.40622806549,"dvar":58.5549278259,"dvar2":132.095581055,"max":174.644088745,"mean":17.1652812958,"median":13.4909944534,"min":0.360346972942,"var":292.013214111},"mfcc":{"cov":[[19938.5566406,1993.5802002,-1262.62207031,1208.48474121,-1539.51098633,1129.89331055,-781.618530273,561.747070312,-511.201385498,206.958572388,-274.572631836,83.8417053223,54.4983329773],[1993.5802002,2017.64892578,-164.174865723,-122.762557983,203.134658813,-99.4026870728,110.722335815,-120.489494324,40.5814552307,-14.9416160583,56.6536712646,-16.1459693909,14.6898031235],[-1262.62207031,-164.174865723,502.587860107,-89.5159683228,122.672996521,-64.7175979614,17.368927002,-39.7730445862,35.5989265442,-29.6138401031,-11.4422559738,-21.3045101166,-32.7492866516],[1208.48474121,-122.762557983,-89.5159683228,353.625640869,-181.110519409,165.945709229,-59.8806877136,78.4256820679,-51.572052002,42.7911720276,-41.1744194031,11.6596860886,12.7341346741],[-1539.51098633,203.134658813,122.672996521,-181.110519409,396.17590332,-144.4503479,163.869842529,-85.3133926392,91.3499526978,-44.5718955994,65.6766967773,-13.3800468445,-4.90959739685],[1129.89331055,-99.4026870728,-64.7175979614,165.945709229,-144.4503479,263.0730896,-67.4029769897,127.196647644,-44.4208221436,40.6585388184,-44.0100250244,14.2298574448,4.61755514145],[-781.618530273,110.722335815,17.368927002,-59.8806877136,163.869842529,-67.4029769897,203.357269287,-54.7978820801,67.9847106934,-15.8891811371,22.1569805145,-9.10865402222,12.5508356094],[561.747070312,-120.489494324,-39.7730445862,78.4256820679,-85.3133926392,127.196647644,-54.7978820801,166.425415039,-6.75221681595,28.1118221283,-12.3984975815,16.488325119,5.00446176529],[-511.201385498,40.5814552307,35.5989265442,-51.572052002,91.3499526978,-44.4208221436,67.9847106934,-6.75221681595,91.4656829834,14.0456781387,30.0352535248,6.19242811203,6.17524051666],[206.958572388,-14.9416160583,-29.6138401031,42.7911720276,-44.5718955994,40.6585388184,-15.8891811371,28.1118221283,14.0456781387,71.8572235107,17.3159923553,20.7375106812,10.346903801],[-274.572631836,56.6536712646,-11.4422559738,-41.1744194031,65.6766967773,-44.0100250244,22.1569805145,-12.3984975815,30.0352535248,17.3159923553,80.4997558594,28.2624111176,14.5623540878],[83.8417053223,-16.1459693909,-21.3045101166,11.6596860886,-13.3800468445,14.2298574448,-9.10865402222,16.488325119,6.19242811203,20.7375106812,28.2624111176,58.094203949,26.9365730286],[54.4983329773,14.6898031235,-32.7492866516,12.7341346741,-4.90959739685,4.61755514145,12.5508356094,5.00446176529,6.17524051666,10.346903801,14.5623540878,26.9365730286,51.8884620667]],"icov":[[0.000141040698509,-0.000203298215638,0.000130776388687,-0.000172868632944,0.000321640458424,-0.000265216542175,0.00018144173373,-0.0000899208607734,0.000110982939077,0.000118688549264,0.0000348236244463,-0.0000771295744926,0.0000465945231554],[-0.000203298215638,0.000868642586283,0.0000936818978516,0.000341596867656,-0.000750068575144,0.000242764202994,-0.000242766735028,0.000514469284099,-0.000187385419849,-0.000253491802141,-0.000200226175366,0.000391853624023,-0.000214948609937],[0.000130776388687,0.0000936818978516,0.00265795132145,0.0000207668617804,-0.000692571455147,-0.00019087002147,0.000924649590161,0.000357348704711,-0.000895131553989,0.000298485276289,0.00123514037114,-0.000384206039598,0.00110174459405],[-0.000172868632944,0.000341596867656,0.0000207668617804,0.00489074457437,0.000757057860028,-0.00169487146195,-0.000906622386537,0.000217136432184,0.000853918667417,-0.00144624104723,0.000429709674791,0.0003393550287,-0.000791480240878],[0.000321640458424,-0.000750068575144,-0.000692571455147,0.000757057860028,0.00711215985939,-0.000716491485946,-0.00268724211492,0.000113434616651,-0.00194422726054,0.0033314358443,-0.00396121479571,0.000817798601929,0.000881611602381],[-0.000265216542175,0.000242764202994,-0.00019087002147,-0.00169487146195,-0.000716491485946,0.00942401215434,-0.000831958197523,-0.00498933484778,0.00251481868327,-0.00322255236097,0.00341237778775,-0.00143651780672,0.000412676221458],[0.00018144173373,-0.000242766735028,0.000924649590161,-0.000906622386537,-0.00268724211492,-0.000831958197523,0.00969255995005,0.00195840816014,-0.00510117551312,0.00115396280307,0.0014819893986,0.00146226468496,-0.00282733724453],[-0.0000899208607734,0.000514469284099,0.000357348704711,0.000217136432184,0.000113434616651,-0.00498933484778,0.00195840816014,0.0109615726396,-0.00374330487102,0.000502622686327,-0.000656904885545,-0.000604677130468,-0.000111600864329],[0.000110982939077,-0.000187385419849,-0.000895131553989,0.000853918667417,-0.00194422726054,0.00251481868327,-0.00510117551312,-0.00374330487102,0.0207387786359,-0.00709418486804,-0.00142778549343,-0.00046872269013,-0.0000603488078923],[0.000118688549264,-0.000253491802141,0.000298485276289,-0.00144624104723,0.0033314358443,-0.00322255236097,0.00115396280307,0.000502622686327,-0.00709418486804,0.0219926368445,-0.00608609663323,-0.00248293951154,0.000220615082071],[0.0000348236244463,-0.000200226175366,0.00123514037114,0.000429709674791,-0.00396121479571,0.00341237778775,0.0014819893986,-0.000656904885545,-0.00142778549343,-0.00608609663323,0.0229996014386,-0.00981443747878,-0.000255701743299],[-0.0000771295744926,0.000391853624023,-0.000384206039598,0.0003393550287,0.000817798601929,-0.00143651780672,0.00146226468496,-0.000604677130468,-0.00046872269013,-0.00248293951154,-0.00981443747878,0.0296996254474,-0.01255837176],[0.0000465945231554,-0.000214948609937,0.00110174459405,-0.000791480240878,0.000881611602381,0.000412676221458,-0.00282733724453,-0.000111600864329,-0.0000603488078923,0.000220615082071,-0.000255701743299,-0.01255837176,0.027469271794]],"mean":[-698.995239258,155.413894653,-3.70636224747,27.0759048462,-6.02625894547,26.6697673798,-1.55336594582,12.0054626465,-1.01125872135,7.46924591064,-0.37120616436,2.33331370354,3.4424469471]},"pitch_salience":{"dmean":0.0828583016992,"dmean2":0.134136155248,"dvar":0.00497485231608,"dvar2":0.0126777132973,"max":0.996097922325,"mean":0.559634625912,"median":0.573143601418,"min":0.0559853687882,"var":0.0140114026144},"silence_rate_20dB":{"dmean":0,"dmean2":0,"dvar":0,"dvar2":0,"max":1,"mean":1,"median":1,"min":1,"var":0},"silence_rate_30dB":{"dmean":0.0463497824967,"dmean2":0.0927060097456,"dvar":0.0441972464323,"dvar2":0.10748912394,"max":1,"mean":0.95998609066,"median":1,"min":0,"var":0.0384078100324},"silence_rate_60dB":{"dmean":0.0104391397908,"dmean2":0.0208797324449,"dvar":0.0103281857446,"dvar2":0.0230807792395,"max":1,"mean":0.146276965737,"median":0,"min":0,"var":0.124904997647},"spectral_centroid":{"dmean":272.390686035,"dmean2":378.266815186,"dvar":113890.007812,"dvar2":196493.75,"max":11847.8291016,"mean":1098.37304688,"median":844.350952148,"min":125.308113098,"var":1178924.25},"spectral_complexity":{"dmean":4.07655382156,"dmean2":5.70476055145,"dvar":22.3944511414,"dvar2":37.0410728455,"max":56,"mean":17.5469036102,"median":18,"min":0,"var":125.412223816},"spectral_contrast_coeffs":{"dmean":[0.0556841045618,0.0472332537174,0.0368114747107,0.0262516606599,0.0228065960109,0.0564613342285],"dmean2":[0.0907497778535,0.079166546464,0.0621154122055,0.043967332691,0.0365121029317,0.0780485868454],"dvar":[0.00203522876836,0.001414946164,0.000874991877936,0.000429270497989,0.000414237292716,0.00278970436193],"dvar2":[0.00528087792918,0.00389325479046,0.00242639658973,0.00121468980797,0.000964187434874,0.004925835412],"max":[-0.287138462067,-0.491840064526,-0.606255590916,-0.601934075356,-0.648850679398,-0.380550652742],"mean":[-0.695737361908,-0.78568983078,-0.815642356873,-0.826696336269,-0.832732796669,-0.724019408226],"median":[-0.698312997818,-0.790936589241,-0.816459178925,-0.825736522675,-0.830015301704,-0.736287891865],"min":[-0.979865312576,-0.997524857521,-0.99851167202,-0.989020168781,-0.987431168556,-0.964762270451],"var":[0.00787623599172,0.00489629805088,0.00285041867755,0.00186967698392,0.00183623982593,0.0131437061355]},"spectral_contrast_valleys":{"dmean":[0.401601731777,0.389634668827,0.347551494837,0.290659606457,0.382356196642,0.626150608063],"dmean2":[0.658192038536,0.631054997444,0.542082428932,0.443343937397,0.505925059319,0.999840736389],"dvar":[0.128289803863,0.134057894349,0.113032251596,0.0929113924503,0.158730879426,0.303481251001],"dvar2":[0.300508975983,0.302434295416,0.23300100863,0.183331340551,0.287887185812,0.75584000349],"max":[-4.82978963852,-4.25104236603,-4.63704776764,-5.8056807518,-5.5118355751,-8.85457229614],"mean":[-7.12470674515,-6.90729045868,-7.29963302612,-7.85812568665,-8.27525424957,-11.5763959885],"median":[-6.5356388092,-6.33394479752,-6.69714641571,-7.24972820282,-7.70149421692,-11.1687526703],"min":[-28.2414093018,-27.9070339203,-27.7698249817,-27.6244945526,-27.587097168,-27.4437770844],"var":[5.50494337082,5.6467218399,5.51688480377,5.30935668945,5.41342687607,3.83857488632]},"spectral_decrease":{"dmean":3.72392294778e-9,"dmean2":6.10998318606e-9,"dvar":2.25051227781e-17,"dvar2":5.94294528534e-17,"max":1.31862680774e-8,"mean":-6.96550506163e-9,"median":-5.50714496228e-9,"min":-6.41257429379e-8,"var":4.42763510643e-17},"spectral_energy":{"dmean":0.016038255766,"dmean2":0.025587040931,"dvar":0.000417145114625,"dvar2":0.00104265334085,"max":0.263646930456,"mean":0.043907314539,"median":0.0399589054286,"min":1.00760679873e-20,"var":0.00114903715439},"spectral_energyband_high":{"dmean":0.000950455083512,"dmean2":0.00123368529603,"dvar":0.00000331388173436,"dvar2":0.00000633520448901,"max":0.01953067258,"mean":0.00130343413912,"median":0.000322328996845,"min":6.94503588798e-21,"var":0.00000567735014556},"spectral_energyband_low":{"dmean":0.0107683558017,"dmean2":0.0183428619057,"dvar":0.000222444054089,"dvar2":0.000621446582954,"max":0.172773554921,"mean":0.01756663993,"median":0.0129871498793,"min":1.6617283971e-23,"var":0.000317954778438},"spectral_energyband_middle_high":{"dmean":0.00173662148882,"dmean2":0.00264550256543,"dvar":0.00000650165475236,"dvar2":0.0000149911074914,"max":0.0510138422251,"mean":0.00421724934131,"median":0.00293210707605,"min":1.1353998016e-21,"var":0.0000197436365852},"spectral_energyband_middle_low":{"dmean":0.00591512303799,"dmean2":0.00930395722389,"dvar":0.0000906953064259,"dvar2":0.000213193314266,"max":0.234858810902,"mean":0.0131588131189,"median":0.00833106599748,"min":1.40979465452e-22,"var":0.00023483838595},"spectral_entropy":{"dmean":0.216439202428,"dmean2":0.306420862675,"dvar":0.0471269749105,"dvar2":0.0958277955651,"max":9.81998443604,"mean":7.53915834427,"median":7.55689716339,"min":5.03381061554,"var":0.246300190687},"spectral_flux":{"dmean":0.0263507571071,"dmean2":0.0413872376084,"dvar":0.000844593218062,"dvar2":0.00187889614608,"max":0.361821770668,"mean":0.111857064068,"median":0.114246487617,"min":6.36757244155e-11,"var":0.0038562102709},"spectral_kurtosis":{"dmean":5.93915605545,"dmean2":8.57092380524,"dvar":60.2508926392,"dvar2":137.302536011,"max":141.241348267,"mean":16.8664131165,"median":13.8011894226,"min":-1.27010834217,"var":145.398864746},"spectral_rms":{"dmean":0.00108318671118,"dmean2":0.00169043324422,"dvar":0.0000013494399127,"dvar2":0.00000328188139065,"max":0.0160379707813,"mean":0.00584331853315,"median":0.00624374113977,"min":3.13533270527e-12,"var":0.00000869210816745},"spectral_rolloff":{"dmean":4807.65869141,"dmean2":9167.99023438,"dvar":59300192,"dvar2":147220288,"max":22028.4667969,"mean":14808.5214844,"median":21210.2050781,"min":43.06640625,"var":85291160},"spectral_skewness":{"dmean":0.526764214039,"dmean2":0.706668138504,"dvar":0.31962198019,"dvar2":0.651335716248,"max":10.2360696793,"mean":2.76515221596,"median":2.64521932602,"min":-0.108381681144,"var":1.22827160358},"spectral_spread":{"dmean":652675.875,"dmean2":939570.4375,"dvar":562200444928,"dvar2":1134581645310,"max":42486368,"mean":4758512,"median":4362564,"min":1337615.875,"var":12011604803600},"spectral_strongpeak":{"dmean":4.95910215378,"dmean2":9.29103374481,"dvar":310.016723633,"dvar2":842.291259766,"max":200.113250732,"mean":4.30722570419,"median":0.222967609763,"min":0,"var":312.770843506},"zerocrossingrate":{"dmean":0.0421963483095,"dmean2":0.054445669055,"dvar":0.00129366817418,"dvar2":0.0021455665119,"max":0.84912109375,"mean":0.294127345085,"median":0.28369140625,"min":0.029296875,"var":0.00981301628053}},"metadata":{"audio_properties":{"analysis_sample_rate":44100,"bit_rate":128000,"codec":"mp3","downmix":"mix","equal_loudness":0,"length":333.635925293,"lossless":false,"md5_encoded":"bc886d75baace3818a5834687e9c99a0","replay_gain":-2.22895050049,"sample_rate":44100},"tags":{"album":["Ultra"],"artist":["Depeche Mode"],"date":["1997-04-14"],"file_name":"01 - Depeche Mode - Barrel of a Gun.mp3","musicbrainz_albumid":["c83ced6f-ea72-4659-9144-94e50165158b"],"musicbrainz_artistid":["8538e728-ca0b-4321-b7e5-cff6565dd4c0"],"musicbrainz_recordingid":["6c73ecac-4fbe-4947-ad5b-6b65bcddcc3e"],"title":["Barrel of a Gun"],"tracknumber":["01/12"]},"version":{"essentia":"2.1-beta1","essentia_build_sha":"ca57ba49d9b1854bd80e60cf9ccf267278fb7d6b","essentia_git_sha":"v2.1_beta1-28-g21ef5f4-dirty","extractor":"music 1.0"}},"rhythm":{"beats_count":896,"beats_loudness":{"dmean":0.0214911121875,"dmean2":0.0383549518883,"dvar":0.000444835372036,"dvar2":0.00131985195912,"max":0.196175917983,"mean":0.0591525621712,"median":0.061310891062,"min":0,"var":0.00117020425387},"beats_loudness_band_ratio":{"dmean":[0.167539924383,0.107702031732,0.0689553171396,0.0507009923458,0.0173409860581,0.105894804001],"dmean2":[0.277724593878,0.194388255477,0.119708627462,0.0858749225736,0.0297450870275,0.184957966208],"dvar":[0.0151230301708,0.0141402501613,0.0046854862012,0.00224954774603,0.00028743679286,0.00868834834546],"dvar2":[0.0389225967228,0.0427065603435,0.0133824013174,0.00589757179841,0.000761451257858,0.0251431129873],"max":[0.893337666988,0.73549169302,0.451310157776,0.358338117599,0.180314704776,0.760715305805],"mean":[0.419218510389,0.139204546809,0.0920497775078,0.0776606798172,0.0320117995143,0.242680862546],"median":[0.402603805065,0.0953634083271,0.0697730779648,0.067333906889,0.029082659632,0.223249137402],"min":[0,0,0,0,0,0],"var":[0.0304099321365,0.0168014001101,0.00574122322723,0.00319295213558,0.00041292377864,0.0128695005551]},"beats_position":[0.5456689