{"lowlevel":{"average_loudness":0.943950653076,"barkbands":{"dmean":[0.00053047662368,0.00976662803441,0.00365346693434,0.00247122952715,0.00123195722699,0.000563343695831,0.000473367777886,0.000466993456939,0.0010280709248,0.000378170021577,0.000473590043839,0.000344639935065,0.000294570287224,0.00036881849519,0.000350049987901,0.000357892393367,0.000398883072194,0.000241816640482,0.000223843017011,0.00017161940923,0.000179168797331,0.000138102375786,0.000128623636556,0.0000818135231384,0.0000417797964474,0.0000198125435418,0.0000157562990353],"dmean2":[0.000741690630093,0.0158054511994,0.00634600920603,0.0040588947013,0.0020504433196,0.000929163303226,0.000752900086809,0.000743332260754,0.00154979026411,0.000591070216615,0.000752648629714,0.000540394976269,0.000468163168989,0.000601738051046,0.000572995690163,0.00057979678968,0.000655519019347,0.000406487728469,0.000375718576834,0.000284323992673,0.000303442706354,0.000228807708481,0.000201259856112,0.000123155856272,0.0000623647283646,0.0000283238641714,0.0000228477219935],"dvar":[0.00000125798226236,0.000449548067991,0.0000469402948511,0.0000341144404956,0.00000532284184374,9.34041622713e-7,9.49476657297e-7,9.06966874936e-7,0.00000355425822818,8.53297819958e-7,0.00000107386006221,4.26051656177e-7,2.45110811647e-7,3.80451012916e-7,3.21082495702e-7,2.98045364389e-7,3.69053196891e-7,1.15241654441e-7,8.97052885307e-8,6.35002521676e-8,1.01298212485e-7,6.26846485829e-8,7.4584328047e-8,2.92224591192e-8,6.67180044545e-9,1.52215917648e-9,1.17312093373e-9],"dvar2":[0.00000240752956415,0.00110584450886,0.000128358427901,0.0000862305969349,0.0000143241195474,0.000002374038786,0.00000249020422416,0.00000222342350753,0.00000774093768996,0.00000211285123441,0.00000272013380709,9.55222162702e-7,5.95703454565e-7,9.66112224887e-7,7.97610198333e-7,7.33123897589e-7,9.38781795412e-7,3.10879840981e-7,2.43753277118e-7,1.68881612694e-7,2.79263957736e-7,1.60380864145e-7,1.57304612003e-7,5.63534463538e-8,1.42757938804e-8,3.14486658937e-9,2.48928966329e-9],"max":[0.0137890670449,0.149600684643,0.06966753304,0.0995079502463,0.0420851819217,0.0177403073758,0.0210751369596,0.0188914556056,0.0424526408315,0.0226639080793,0.0269929822534,0.0185021311045,0.00998487882316,0.0108894482255,0.0119297914207,0.011530296877,0.0156397726387,0.00549100292847,0.00435886159539,0.00460394378752,0.00393005879596,0.00462627736852,0.00511043192819,0.00445546628907,0.00165506126359,0.00104611145798,0.000289142626571],"mean":[0.000666450359859,0.0124577172101,0.0054610199295,0.00378433195874,0.0020144500304,0.000990678905509,0.000878182181623,0.000798668479547,0.00226122839376,0.000695685157552,0.000952058879193,0.000638676225208,0.000550549128093,0.000669618602842,0.000698557705618,0.000800950219855,0.000922682753298,0.000546415743884,0.000526407384314,0.000374685099814,0.000309618597385,0.000238191758399,0.000245605828241,0.000157395930728,0.0000712028850103,0.0000285417008854,0.0000181775394594],"median":[0.000107596184534,0.00581947341561,0.00309016252868,0.00148164166603,0.0012617878383,0.000553592748474,0.000448759092251,0.000317741039908,0.000983456731774,0.000266914285021,0.000386185973184,0.000317802943755,0.000327257730532,0.000401323166443,0.000421228120103,0.00049299991224,0.000587561051361,0.000397841533413,0.00039332700544,0.000275006896118,0.000170198472915,0.0000972645939328,0.000111704226583,0.0000752836058382,0.0000301696691167,0.00000652432208881,0.00000100934175862],"min":[1.21148374775e-23,4.77838167624e-23,9.19840473325e-26,1.92831226488e-23,1.64170095421e-23,7.40599530999e-23,1.0845707798e-22,4.3130351526e-23,4.47633409315e-23,5.96549301411e-23,8.85818284469e-23,8.33267084644e-23,1.28725640938e-22,9.41220743149e-23,1.20636800056e-22,1.51617601858e-22,1.31036309193e-22,1.43899815901e-22,2.58546094595e-22,3.45340181215e-22,4.06856412885e-22,5.36762972287e-22,9.47887791623e-22,6.65805167329e-22,1.2822784825e-21,1.60564925354e-21,3.03724968955e-21],"var":[0.00000181398434052,0.000445865589427,0.0000500671449117,0.000046646600822,0.00000655720759823,0.00000189738022982,0.00000148067317696,0.00000198457860279,0.0000129485706566,0.00000244972648034,0.00000330438933815,0.00000100681347703,5.00081966948e-7,7.80709513037e-7,7.41014844152e-7,8.33384319776e-7,0.00000107525067961,2.80513233974e-7,2.33193290455e-7,1.36311143706e-7,1.49339314248e-7,1.2842430408e-7,1.98956371378e-7,8.37922868868e-8,1.38023157348e-8,2.86879764388e-9,1.67448477306e-9]},"barkbands_crest":{"dmean":2.62372589111,"dmean2":4.17006492615,"dvar":7.43534040451,"dvar2":17.177072525,"max":24.8323192596,"mean":9.64056777954,"median":8.8109588623,"min":2.13261342049,"var":17.7207489014},"barkbands_flatness_db":{"dmean":0.0220067799091,"dmean2":0.0328182280064,"dvar":0.000484664284158,"dvar2":0.00112655293196,"max":0.634749829769,"mean":0.115548044443,"median":0.10491399467,"min":0.0141639253125,"var":0.0043080993928},"barkbands_kurtosis":{"dmean":2.80127024651,"dmean2":4.49820137024,"dvar":65.3456954956,"dvar2":159.262313843,"max":496.578857422,"mean":3.66485071182,"median":0.310363054276,"min":-1.86916851997,"var":382.5965271},"barkbands_skewness":{"dmean":0.555422902107,"dmean2":0.841215968132,"dvar":0.502394914627,"dvar2":1.09939062595,"max":16.6939868927,"mean":1.33011317253,"median":1.07606303692,"min":-5.43990468979,"var":1.80083179474},"barkbands_spread":{"dmean":6.64574193954,"dmean2":10.1997375488,"dvar":52.9986763,"dvar2":118.703338623,"max":129.486923218,"mean":29.2668590546,"median":28.4702110291,"min":0.13547898829,"var":194.948013306},"dissonance":{"dmean":0.0115854227915,"dmean2":0.0195767935365,"dvar":0.000129151114379,"dvar2":0.000358001096174,"max":0.499999970198,"mean":0.477076470852,"median":0.482100486755,"min":0.312842875719,"var":0.000375967822038},"dynamic_complexity":2.82441282272,"erbbands":{"dmean":[0.33227032423,2.15044379234,4.19758224487,6.07211971283,5.41364812851,4.50544166565,4.10365772247,4.78937387466,5.68259620667,8.83079338074,12.6215467453,17.9301052094,19.1171684265,12.5830078125,14.7518520355,12.6562538147,13.1615228653,15.3036718369,14.9805202484,20.4152526855,21.1234836578,21.4971637726,12.9320020676,10.7134485245,10.7774868011,7.88928937912,7.21623182297,6.87945222855,5.11007881165,4.46541643143,3.55150866508,2.17209076881,1.11886930466,0.571335077286,0.25158405304,0.10039563477,0.0341198258102,0.0144167039543,0.00299116503447,0.00010497115727],"dmean2":[0.511354267597,3.65313434601,7.29712772369,10.0526618958,8.95259571075,7.49064254761,6.84293079376,7.80708312988,9.17514038086,14.096077919,19.6522216797,27.4038600922,29.0485801697,19.7658863068,23.2249984741,19.973154068,20.7373714447,24.7450256348,24.554058075,33.2474746704,33.918296814,35.234790802,21.4900474548,18.0348567963,17.9923744202,13.063372612,12.0865840912,11.8005533218,8.44625663757,7.24963283539,5.51846408844,3.32021522522,1.68723416328,0.858767926693,0.37771654129,0.147256404161,0.0487699434161,0.0206830967218,0.00437867408618,0.000154394729179],"dvar":[0.517311692238,23.8219490051,74.5587615967,134.397720337,168.744979858,64.2551040649,52.8102416992,84.993057251,200.170227051,262.01751709,714.888122559,1084.34082031,1772.63781738,719.000610352,877.294677734,611.531433105,491.142486572,729.032775879,571.380126953,1047.88952637,975.467102051,1235.64172363,340.301849365,220.466384888,213.95350647,140.30708313,141.842529297,208.086547852,83.3311843872,73.3280487061,62.4630432129,24.776971817,5.22569608688,1.23289418221,0.266816884279,0.0441845208406,0.00459588877857,0.000904931803234,0.0000436142072431,4.27851816198e-8],"dvar2":[1.21143305302,62.1481437683,204.150360107,341.892578125,438.259735107,170.123291016,132.237182617,212.868713379,540.930664062,640.138000488,1711.43640137,2475.83691406,4052.97485352,1764.74499512,2193.51074219,1380.70812988,1218.78625488,1799.36120605,1437.1282959,2663.91430664,2404.83007812,3164.28955078,901.887695312,600.696472168,578.821899414,370.010559082,384.076660156,580.912902832,212.757446289,173.302856445,132.058517456,48.7559547424,10.4696216583,2.60915660858,0.578275680542,0.095405369997,0.00953212380409,0.00188366591465,0.0000947930384427,9.0602654268e-8],"max":[6.15689468384,36.725692749,82.8894958496,171.908660889,198.286010742,173.339248657,141.670944214,209.926177979,300.808990479,322.210693359,588.760681152,711.939819336,988.218200684,643.086975098,858.030822754,658.806518555,470.82723999,612.591125488,407.458526611,1038.25195312,535.174072266,1096.47924805,393.664031982,241.980285645,234.447921753,211.595703125,212.648681641,172.72114563,185.11932373,168.998397827,161.159347534,135.048675537,86.0626144409,23.9093570709,10.2061538696,7.16332435608,1.29856169224,0.278211951256,0.0585427992046,0.00213090167381],"mean":[0.407346844673,2.59693408012,6.17381429672,10.4838571548,8.41669845581,7.20823574066,6.67421865463,8.7176733017,10.522064209,15.7641801834,25.3706550598,39.1821517944,40.9995231628,28.5237026215,31.5045032501,25.3760662079,27.1029853821,30.4750099182,30.7971687317,44.3550300598,49.9421081543,50.992389679,32.3896141052,26.3676967621,26.0170269012,17.8156738281,14.0289802551,10.7445468903,8.70083808899,7.86904096603,6.86624622345,4.22072029114,2.102247715,1.02160334587,0.391881346703,0.143379315734,0.0491240248084,0.0183323416859,0.00337471673265,0.00015086158237],"median":[0.140180394053,1.28008508682,3.68886256218,6.06000614166,4.76665639877,4.15571832657,3.84420466423,4.75131654739,4.85960006714,8.55371284485,10.2295122147,19.4815979004,14.6611175537,14.2819414139,16.7338008881,14.8408889771,17.5024471283,19.2029342651,21.5788288116,26.6356983185,31.5646972656,33.5150337219,23.7115345001,20.0688419342,19.7431125641,13.0772380829,9.15614414215,4.74506187439,3.52827548981,3.34336829185,3.1177136898,1.92968404293,1.04447138309,0.47754997015,0.137614652514,0.0381787419319,0.0100611457601,0.00208716490306,0.000206949873245,0.0000574225996388],"min":[1.81888312725e-21,8.74217704942e-21,3.68079539832e-21,3.36694433311e-20,5.34038886392e-20,5.61583516114e-20,9.01692912885e-20,7.61068667384e-19,1.92125208372e-18,7.43602335159e-19,1.1167596912e-18,1.26086468687e-18,1.37026314859e-18,2.36894373793e-18,3.86370315218e-18,3.96895319973e-18,6.0430151143e-18,5.55278404273e-18,4.98828538704e-18,6.90414115124e-18,8.44816020495e-18,7.91182043167e-18,8.22867775557e-18,9.56858130773e-18,1.71286440111e-17,1.58738755419e-17,1.68309367456e-17,1.54843694264e-17,2.35738434382e-17,1.81394454847e-17,2.44560861554e-17,1.84133795795e-17,1.23936371917e-17,1.1505758893e-17,1.03180607094e-17,6.2667716059e-18,2.83890495539e-18,1.62307684075e-18,3.74878951543e-19,4.35073123825e-20],"var":[0.574711561203,19.9305038452,70.0854644775,207.654525757,187.97567749,92.0907058716,91.3782424927,172.739395142,273.791778564,507.667419434,2001.44506836,3366.578125,6180.92480469,2583.89648438,2562.04418945,1403.10559082,1078.76367188,1622.57507324,1219.95153809,2691.86108398,3060.39013672,3461.98852539,965.502563477,566.946594238,561.174499512,303.906555176,235.854095459,251.581176758,173.141723633,162.365890503,164.296356201,69.995765686,13.769159317,2.71132016182,0.497831165791,0.0815915167332,0.008345506154,0.00141489959788,0.0000593883632973,6.07328445312e-8]},"erbbands_crest":{"dmean":2.08276867867,"dmean2":3.36096835136,"dvar":4.0786190033,"dvar2":10.2038478851,"max":25.9187602997,"mean":7.73217821121,"median":6.73864650726,"min":2.07585716248,"var":13.7039642334},"erbbands_flatness_db":{"dmean":0.0157782919705,"dmean2":0.0220082271844,"dvar":0.000233368235058,"dvar2":0.000439790426753,"max":0.438979327679,"mean":0.141756787896,"median":0.135100513697,"min":0.0227561928332,"var":0.00186874822248},"erbbands_kurtosis":{"dmean":0.682218313217,"dmean2":1.06931614876,"dvar":2.81171250343,"dvar2":6.38597631454,"max":115.553215027,"mean":0.462970465422,"median":-0.166917085648,"min":-1.74538874626,"var":26.0386886597},"erbbands_skewness":{"dmean":0.282313883305,"dmean2":0.432440429926,"dvar":0.0722917914391,"dvar2":0.163437604904,"max":7.49381351471,"mean":-0.17226485908,"median":-0.250295966864,"min":-2.82619667053,"var":0.645212709904},"erbbands_spread":{"dmean":7.34611368179,"dmean2":11.3442668915,"dvar":60.2599830627,"dvar2":140.309143066,"max":120.432601929,"mean":39.2928466797,"median":36.2463989258,"min":0.99984639883,"var":225.406600952},"gfcc":{"cov":[[12830.2148438,-577.889465332,-536.812438965,410.477264404,-500.649871826,577.351867676,-87.9671478271,243.909729004,-31.0233535767,-40.2014808655,-361.225402832,155.98979187,-140.568099976],[-577.889465332,1412.46130371,-180.942642212,168.407287598,247.579788208,-115.703613281,117.970367432,35.5807266235,75.2520370483,-83.8643188477,139.860946655,-101.78188324,95.7309417725],[-536.812438965,-180.942642212,842.464538574,11.4336967468,256.193908691,114.408340454,115.748092651,29.0798397064,79.4467315674,62.0632400513,-10.75710392,113.459342957,-36.007434845],[410.477264404,168.407287598,11.4336967468,437.6690979,-20.985414505,122.071968079,11.5884199142,2.91409230232,65.7251968384,3.41006708145,17.8561782837,30.5627632141,40.4126701355],[-500.649871826,247.579788208,256.193908691,-20.985414505,364.295013428,-13.1480960846,124.287361145,47.6780166626,54.2608566284,16.4974555969,17.302312851,27.6459407806,6.49448108673],[577.351867676,-115.703613281,114.408340454,122.071968079,-13.1480960846,222.163299561,39.9607276917,56.31224823,22.734992981,18.6413764954,-12.0724992752,33.8574066162,-6.67945194244],[-87.9671478271,117.970367432,115.748092651,11.5884199142,124.287361145,39.9607276917,188.020217896,41.0051460266,43.9041061401,11.2704200745,-0.323329776525,27.9273033142,-3.39177036285],[243.909729004,35.5807266235,29.0798397064,2.91409230232,47.6780166626,56.31224823,41.0051460266,124.255393982,41.520160675,17.4245471954,5.66037750244,2.61922883987,11.6338357925],[-31.0233535767,75.2520370483,79.4467315674,65.7251968384,54.2608566284,22.734992981,43.9041061401,41.520160675,109.621925354,19.770483017,19.8101444244,13.5809488297,10.3026227951],[-40.2014808655,-83.8643188477,62.0632400513,3.41006708145,16.4974555969,18.6413764954,11.2704200745,17.4245471954,19.770483017,81.6842193604,17.4527721405,16.9951248169,-4.86261701584],[-361.225402832,139.860946655,-10.75710392,17.8561782837,17.302312851,-12.0724992752,-0.323329776525,5.66037750244,19.8101444244,17.4527721405,93.7314376831,-4.24726295471,17.1375255585],[155.98979187,-101.78188324,113.459342957,30.5627632141,27.6459407806,33.8574066162,27.9273033142,2.61922883987,13.5809488297,16.9951248169,-4.24726295471,107.80947113,10.4333286285],[-140.568099976,95.7309417725,-36.007434845,40.4126701355,6.49448108673,-6.67945194244,-3.39177036285,11.6338357925,10.3026227951,-4.86261701584,17.1375255585,10.4333286285,72.3707122803]],"icov":[[0.000126573970192,-0.0000761663613957,0.000135648544529,-0.0000446518824901,0.000106244806375,-0.00026491220342,0.000137644543429,-0.000264715636149,-0.0000105152021206,-0.0000485782220494,0.000512765662279,-0.000366367923561,0.000383672624594],[-0.0000761663613957,0.00174581294414,0.000269323267275,-0.000816165702417,-0.00120135408361,0.000972742796876,-0.00101251807064,-0.0000791406564531,-0.0000981965422397,0.00186269334517,-0.00238366564736,0.00171882146969,-0.00124886736739],[0.000135648544529,0.000269323267275,0.00234036915936,0.000141838565469,-0.00155360449571,-0.00131249846891,0.000163951975992,0.000566540053114,-0.00109163462184,-0.000407049810747,0.000466761761345,-0.00158435630146,0.00117326993495],[-0.0000446518824901,-0.000816165702417,0.000141838565469,0.00391898909584,0.000465858116513,-0.00272668991238,0.000690483779181,0.00202326755971,-0.00236845226027,-0.000577553757466,0.000585214875173,-0.000907408015337,-0.00142070709262],[0.000106244806375,-0.00120135408361,-0.00155360449571,0.000465858116513,0.00569093320519,0.000951043621171,-0.00170504325069,-0.00149302568752,-0.000034310927731,-0.000866387155838,0.00116358324885,-0.000907459470909,0.000301506835967],[-0.00026491220342,0.000972742796876,-0.00131249846891,-0.00272668991238,0.000951043621171,0.00884036812931,-0.00199135835283,-0.00377069530077,0.00180603167973,0.000611750700045,-0.00145055388566,0.000628369802143,0.000348618661519],[0.000137644543429,-0.00101251807064,0.000163951975992,0.000690483779181,-0.00170504325069,-0.00199135835283,0.00844216626137,-0.000792893464677,-0.00174950493965,-0.000748658552766,0.00212983018719,-0.00238344422542,0.0018330438761],[-0.000264715636149,-0.0000791406564531,0.000566540053114,0.00202326755971,-0.00149302568752,-0.00377069530077,-0.000792893464677,0.0128829982132,-0.00422972766683,-0.00165239861235,-0.000340402097208,0.00169254583307,-0.00325188226998],[-0.0000105152021206,-0.0000981965422397,-0.00109163462184,-0.00236845226027,-0.000034310927731,0.00180603167973,-0.00174950493965,-0.00422972766683,0.0139048621058,-0.00146907672752,-0.00173175532836,0.00015537624131,-0.0000338832251146],[-0.0000485782220494,0.00186269334517,-0.000407049810747,-0.000577553757466,-0.000866387155838,0.000611750700045,-0.000748658552766,-0.00165239861235,-0.00146907672752,0.0165007710457,-0.00542578333989,0.00000405354649047,0.000528522708919],[0.000512765662279,-0.00238366564736,0.000466761761345,0.000585214875173,0.00116358324885,-0.00145055388566,0.00212983018719,-0.000340402097208,-0.00173175532836,-0.00542578333989,0.0170131511986,-0.00230715353973,0.000156558380695],[-0.000366367923561,0.00171882146969,-0.00158435630146,-0.000907408015337,-0.000907459470909,0.000628369802143,-0.00238344422542,0.00169254583307,0.00015537624131,0.00000405354649047,-0.00230715353973,0.0143427681178,-0.00505440775305],[0.000383672624594,-0.00124886736739,0.00117326993495,-0.00142070709262,0.000301506835967,0.000348618661519,0.0018330438761,-0.00325188226998,-0.0000338832251146,0.000528522708919,0.000156558380695,-0.00505440775305,0.0189377479255]],"mean":[20.0816860199,85.5692367554,-122.323707581,42.9751281738,-44.1580543518,15.5914516449,-29.8241996765,12.3503913879,-16.7735671997,-4.4967918396,-14.2442007065,-6.16364622116,-10.7509222031]},"hfc":{"dmean":6.26483345032,"dmean2":9.81792354584,"dvar":67.3797683716,"dvar2":166.780853271,"max":104.863571167,"mean":26.913892746,"median":25.5838909149,"min":1.29460648007e-16,"var":314.20993042},"melbands":{"dmean":[0.00280633801594,0.00232955440879,0.00102690700442,0.000323278683936,0.000148969716975,0.000107307183498,0.0000858677522046,0.0000944551793509,0.00011892375187,0.000122728422866,0.0000978597308858,0.0000515812280355,0.0000628576017334,0.0000368196269847,0.000037533682189,0.0000288292649202,0.0000303715896735,0.0000275120892184,0.0000301012933051,0.0000244232178375,0.0000288016290142,0.0000265370363195,0.0000148920416905,0.0000130620292111,0.00000921822811506,0.00000969765005721,0.00000702844226907,0.00000559188129046,0.00000486669750899,0.00000459909870187,0.00000399107784688,0.00000318575416713,0.00000252556742453,0.00000264540767603,0.00000216694093069,0.00000188743717899,0.00000122584651763,8.33956789847e-7,6.7614416821e-7,4.45267346549e-7],"dmean2":[0.00444811582565,0.00399446394295,0.00169950595591,0.000531938392669,0.000246021372732,0.000175264343852,0.000138447328936,0.000150842723087,0.000183943557204,0.000186688979738,0.000148499937495,0.0000807899050415,0.0000992623172351,0.0000572656572331,0.0000596647842031,0.0000462781026727,0.0000492547624162,0.0000452797285106,0.0000492440995004,0.0000399671771447,0.0000463173455501,0.0000435399633716,0.0000247127463808,0.0000218622335524,0.000015616789824,0.0000163145632541,0.0000117787121781,0.00000925851963984,0.00000813739188743,0.0000077875538409,0.00000695226526659,0.00000530654142494,0.00000417566388933,0.00000429537521995,0.00000338334598382,0.00000293385323857,0.00000189174522802,0.00000127266957861,0.00000103864533685,6.76548438605e-7],"dvar":[0.0000371848873328,0.0000251495785051,0.00000431744592788,4.09009885516e-7,6.25232488005e-8,3.91166885549e-8,4.13544860578e-8,2.88102235402e-8,6.41057411599e-8,4.98199312915e-8,4.54738895428e-8,1.26319843474e-8,1.81956369971e-8,6.25191365344e-9,4.68171190704e-9,2.52497889264e-9,2.85922152621e-9,2.29122920636e-9,2.75740896782e-9,1.63346081106e-9,1.85902693239e-9,2.07318939793e-9,4.62054783323e-10,3.59701129993e-10,1.67881417101e-10,1.82562451267e-10,9.7951098621e-11,7.38177574622e-11,6.86148082796e-11,6.82216297343e-11,8.54895043645e-11,3.28301032193e-11,2.26351090649e-11,2.73709752779e-11,2.41232155779e-11,1.91143247064e-11,8.20378227157e-12,3.20627335446e-12,1.8688145649e-12,7.60248634879e-13],"dvar2":[0.0000898144717212,0.0000669738874421,0.0000109727961899,0.0000010736847571,1.57088635433e-7,9.89332207268e-8,1.12338511826e-7,7.01705005213e-8,1.4982151697e-7,1.09783591995e-7,1.03843049715e-7,3.09159275957e-8,4.60044873307e-8,1.3840129931e-8,1.11112159473e-8,6.19492679377e-9,7.06930647354e-9,5.81436632174e-9,6.86147538786e-9,4.06440792133e-9,4.60363303034e-9,5.239221057e-9,1.21396792618e-9,9.72440461489e-10,4.56508608693e-10,4.98459107323e-10,2.62887128732e-10,1.9410063834e-10,1.84111573209e-10,1.84618320631e-10,2.4142982058e-10,8.444245303e-11,5.68928341937e-11,6.43676709156e-11,5.27278012918e-11,4.00690938762e-11,1.71327951826e-11,6.50643037711e-12,4.09442054913e-12,1.64263481289e-12],"max":[0.047963090241,0.0427789986134,0.0329347923398,0.011303011328,0.00481874542311,0.00424589868635,0.00457796361297,0.0033136154525,0.00622255727649,0.00465672742575,0.00496863294393,0.00235762586817,0.00408092327416,0.0027418655809,0.00168808526359,0.00105542817619,0.00104036775883,0.000876114005223,0.00130197021645,0.00112292647827,0.000767534249462,0.00134055677336,0.000359639234375,0.000329129426973,0.000242695488851,0.000218272267375,0.000164403201779,0.00017369944544,0.000184957811143,0.000135697468068,0.000132248300361,0.000114418347948,0.0000889367220225,0.0000991944834823,0.000120391268865,0.000113140107715,0.0000774375803303,0.0000718236915418,0.0000359170953743,0.0000191005310626],"mean":[0.00353344460018,0.00334788230248,0.00178875226993,0.000536140985787,0.000251365330769,0.000198358815396,0.00016074058658,0.000166087527759,0.00023800577037,0.000268840900389,0.000204299474717,0.000110212706204,0.000126256796648,0.0000668156790198,0.0000691993263899,0.0000555553706363,0.0000563990797673,0.0000486839089717,0.0000583899673074,0.0000521951587871,0.0000604247070441,0.0000572594362893,0.0000329177128151,0.0000272538327408,0.0000201723614737,0.0000211894712265,0.0000150471487359,0.0000110783357741,0.00000898556118045,0.0000074790123108,0.00000563159164813,0.00000508312177772,0.00000426258702646,0.00000441846168542,0.00000400358339903,0.00000349596280103,0.00000222024709728,0.00000152294978761,0.00000114803128781,7.64502090078e-7],"median":[0.00147978262976,0.00214928621426,0.00107672438025,0.000334491080139,0.000153725370183,0.000111216017103,0.000082158796431,0.0000852997400216,0.0000867739945534,0.000123768026242,0.00006575135194,0.0000509216552018,0.0000563659123145,0.0000326366789523,0.0000359058612958,0.0000339873949997,0.0000329818649334,0.0000301093186863,0.0000331638184434,0.0000317697595165,0.0000358400393452,0.0000356199197995,0.0000228168537433,0.00001855012124,0.0000148264298332,0.0000151843860294,0.0000110466107799,0.00000759179511078,0.00000589607407164,0.00000379676134799,0.00000217978254113,0.00000201012471734,0.00000169257691596,0.00000185202429748,0.00000176819082753,0.00000155265570356,9.75860189101e-7,7.35675769192e-7,5.33968034233e-7,3.35822903708e-7],"min":[1.47189895991e-23,5.09886201989e-24,6.74902847714e-24,3.46634671984e-24,2.94999584217e-24,1.76859932823e-23,2.84491452089e-23,7.10912849201e-24,8.58570650149e-24,7.87224255501e-24,6.67499230346e-24,9.21860171714e-24,1.24699692464e-23,1.27768763704e-23,6.96094649299e-24,1.52476967995e-23,9.44302238949e-24,6.94929975059e-24,1.0203195579e-23,1.01485432955e-23,8.92525116776e-24,7.77455948684e-24,6.25822840976e-24,8.27353057547e-24,7.13038119366e-24,1.17178282386e-23,1.1654334402e-23,1.04356484331e-23,9.9937466978e-24,1.03588157475e-23,7.46262731883e-24,1.30908090897e-23,1.00491239445e-23,1.10785377276e-23,1.25692347695e-23,1.72331666124e-23,9.46857911623e-24,8.98414988953e-24,9.15980633615e-24,9.28631674839e-24],"var":[0.0000387541949749,0.0000219552530325,0.00000615207181909,5.14033786203e-7,1.07746387812e-7,7.92493821677e-8,5.50338334904e-8,5.73534819637e-8,1.95797298375e-7,1.75814406589e-7,1.6097534683e-7,4.33571933911e-8,5.31723998165e-8,1.31217658961e-8,1.14695364317e-8,5.22708809569e-9,6.12089401386e-9,4.33822933132e-9,6.11004269402e-9,4.14155110207e-9,5.27863130984e-9,5.28292032342e-9,1.13127329726e-9,8.21458123745e-10,3.69874575412e-10,4.33810820599e-10,2.12155890078e-10,1.45130463203e-10,1.06311168202e-10,1.02691515014e-10,8.69223859556e-11,6.28784455059e-11,4.64628231722e-11,5.80162931585e-11,5.88352630504e-11,4.87943956073e-11,2.09471745505e-11,8.02689338608e-12,4.02708552269e-12,1.57682482523e-12]},"melbands_crest":{"dmean":3.3748281002,"dmean2":5.21462631226,"dvar":10.8391284943,"dvar2":23.8941669464,"max":38.7345504761,"mean":15.0633144379,"median":14.3246622086,"min":1.70477998257,"var":33.7845993042},"melbands_flatness_db":{"dmean":0.0281212870032,"dmean2":0.0422718562186,"dvar":0.00083426485071,"dvar2":0.00188378395978,"max":0.8126963377,"mean":0.181503608823,"median":0.167115822434,"min":0.00399705115706,"var":0.00720277614892},"melbands_kurtosis":{"dmean":8.28061771393,"dmean2":13.1334400177,"dvar":393.318328857,"dvar2":950.282470703,"max":899.033325195,"mean":13.4037590027,"median":5.55999946594,"min":-1.76649796963,"var":1121.32104492},"melbands_skewness":{"dmean":0.821930766106,"dmean2":1.24034821987,"dvar":1.18865191936,"dvar2":2.53832030296,"max":23.4497261047,"mean":2.70397114754,"median":2.26961898804,"min":-0.714957475662,"var":3.52624511719},"melbands_spread":{"dmean":8.60865306854,"dmean2":13.2579898834,"dvar":114.421806335,"dvar2":229.0262146,"max":203.000595093,"mean":30.458322525,"median":27.7910900116,"min":0.242547139525,"var":450.737976074},"mfcc":{"cov":[[7863.33447266,-340.940368652,-93.5161895752,-136.993164062,-124.843330383,184.190353394,-83.6011276245,335.962524414,143.686401367,87.8084030151,4.29531908035,-49.8604698181,-26.5450935364],[-340.940368652,1038.80712891,-186.239562988,146.846984863,105.10344696,-87.7827835083,110.605628967,30.8202381134,26.4095058441,34.6446113586,22.3928546906,4.22635173798,26.7937660217],[-93.5161895752,-186.239562988,574.320617676,59.2338829041,107.022384644,168.246429443,8.07168102264,85.8243942261,36.2114562988,18.6756477356,43.8456840515,28.951877594,8.70525741577],[-136.993164062,146.846984863,59.2338829041,264.765899658,64.6039657593,87.5597839355,8.93837165833,43.8114433289,46.3155708313,-11.4149112701,24.3005485535,18.1513404846,32.8553123474],[-124.843330383,105.10344696,107.022384644,64.6039657593,190.092712402,34.6068077087,31.7956905365,35.5172538757,35.9290313721,29.0946083069,17.3238639832,18.2320537567,22.3203697205],[184.190353394,-87.7827835083,168.246429443,87.5597839355,34.6068077087,194.328994751,27.7530021667,74.4567718506,40.7695198059,-3.63774466515,39.7133636475,8.79245758057,2.32606482506],[-83.6011276245,110.605628967,8.07168102264,8.93837165833,31.7956905365,27.7530021667,123.176757812,33.7480888367,30.4032077789,19.2566604614,27.4737319946,11.5978431702,5.21266746521],[335.962524414,30.8202381134,85.8243942261,43.8114433289,35.5172538757,74.4567718506,33.7480888367,149.7006073,61.6815338135,23.5668716431,20.3740749359,5.06981420517,16.636390686],[143.686401367,26.4095058441,36.2114562988,46.3155708313,35.9290313721,40.7695198059,30.4032077789,61.6815338135,114.888183594,21.6103210449,29.9175510406,-2.08004021645,6.34560394287],[87.8084030151,34.6446113586,18.6756477356,-11.4149112701,29.0946083069,-3.63774466515,19.2566604614,23.5668716431,21.6103210449,109.439353943,19.397769928,13.8250141144,-9.44944190979],[4.29531908035,22.3928546906,43.8456840515,24.3005485535,17.3238639832,39.7133636475,27.4737319946,20.3740749359,29.9175510406,19.397769928,80.6811065674,22.3980522156,7.21263551712],[-49.8604698181,4.22635173798,28.951877594,18.1513404846,18.2320537567,8.79245758057,11.5978431702,5.06981420517,-2.08004021645,13.8250141144,22.3980522156,65.9989089966,27.7384109497],[-26.5450935364,26.7937660217,8.70525741577,32.8553123474,22.3203697205,2.32606482506,5.21266746521,16.636390686,6.34560394287,-9.44944190979,7.21263551712,27.7384109497,74.3263397217]],"icov":[[0.000161232674145,0.0000193607193069,0.000126555591123,0.000161133517395,0.0000709863306838,-0.000209116420592,0.00024243426742,-0.000402216624934,-0.000093515147455,-0.000111852183181,0.0000294051205856,0.0000261134446191,0.00000397052917833],[0.0000193607193069,0.00156639632769,0.000471086677862,-0.00119120953605,-0.000709446379915,0.00134789582808,-0.00132363929879,-0.000653499970213,0.000575038779061,-0.000182529329322,-0.000555718084797,0.000535090453923,0.000105536630144],[0.000126555591123,0.000471086677862,0.00291728228331,0.000274679710856,-0.00144837156404,-0.00195995275863,0.000629619869869,-0.00103111797944,0.000358968944056,-0.000181320327101,-0.000436684989836,-0.00059041660279,0.000304222281557],[0.000161133517395,-0.00119120953605,0.000274679710856,0.00634534051642,-0.000796027539764,-0.00361501146108,0.00208174111322,0.000185946671991,-0.00188434740994,0.000851247052196,0.000383497041184,-0.00105908326805,-0.001558413147],[0.0000709863306838,-0.000709446379915,-0.00144837156404,-0.000796027539764,0.00747043499723,-0.0000178608570423,-0.000695240625646,0.000287301023491,-0.00131204468198,-0.00157134863548,0.000897286285181,-0.000402363803005,-0.00148043327499],[-0.000209116420592,0.00134789582808,-0.00195995275863,-0.00361501146108,-0.0000178608570423,0.0112782148644,-0.00255554565229,-0.0030415719375,0.000755808316171,0.00167576235253,-0.00317694363184,0.000718697614502,0.00196797470562],[0.00024243426742,-0.00132363929879,0.000629619869869,0.00208174111322,-0.000695240625646,-0.00255554565229,0.0113876806572,-0.00133159267716,-0.00173629377969,-0.000464484357508,-0.00161318841856,-0.00141200399958,0.000130631568027],[-0.000402216624934,-0.000653499970213,-0.00103111797944,0.000185946671991,0.000287301023491,-0.0030415719375,-0.00133159267716,0.0120260231197,-0.00416720984504,-0.00156265753321,0.00156269199215,0.000559860724024,-0.00266244960949],[-0.000093515147455,0.000575038779061,0.000358968944056,-0.00188434740994,-0.00131204468198,0.000755808316171,-0.00173629377969,-0.00416720984504,0.0134494751692,-0.00118096312508,-0.00379637046717,0.00315563706681,-0.000132572211442],[-0.000111852183181,-0.000182529329322,-0.000181320327101,0.000851247052196,-0.00157134863548,0.00167576235253,-0.000464484357508,-0.00156265753321,-0.00118096312508,0.0115288486704,-0.00182034308091,-0.00306064495817,0.00335799274035],[0.0000294051205856,-0.000555718084797,-0.000436684989836,0.000383497041184,0.000897286285181,-0.00317694363184,-0.00161318841856,0.00156269199215,-0.00379637046717,-0.00182034308091,0.0174810662866,-0.00519732246175,0.0000217324504774],[0.0000261134446191,0.000535090453923,-0.00059041660279,-0.00105908326805,-0.000402363803005,0.000718697614502,-0.00141200399958,0.000559860724024,0.00315563706681,-0.00306064495817,-0.00519732246175,0.0217022579163,-0.00782761257142],[0.00000397052917833,0.000105536630144,0.000304222281557,-0.001558413147,-0.00148043327499,0.00196797470562,0.000130631568027,-0.00266244960949,-0.000132572211442,0.00335799274035,0.0000217324504774,-0.00782761257142,0.0183979384601]],"mean":[-614.521606445,109.494132996,-9.32825279236,29.5048656464,11.6914615631,6.23568058014,4.11782741547,11.1326351166,3.30288863182,8.07681655884,-2.8028409481,1.99523341656,-0.717383861542]},"pitch_salience":{"dmean":0.0672565922141,"dmean2":0.106317974627,"dvar":0.00436588469893,"dvar2":0.00999075174332,"max":0.871572434902,"mean":0.53043282032,"median":0.537240207195,"min":0.0794186592102,"var":0.0130592640489},"silence_rate_20dB":{"dmean":0,"dmean2":0,"dvar":0,"dvar2":0,"max":1,"mean":1,"median":1,"min":1,"var":0},"silence_rate_30dB":{"dmean":0.0650263652205,"dmean2":0.13006542623,"dvar":0.0607983805239,"dvar2":0.150459945202,"max":1,"mean":0.953138709068,"median":1,"min":0,"var":0.0446663722396},"silence_rate_60dB":{"dmean":0.0126928333193,"dmean2":0.0253881458193,"dvar":0.0125309908763,"dvar2":0.0272790919989,"max":1,"mean":0.0628722086549,"median":0,"min":0,"var":0.0589326098561},"spectral_centroid":{"dmean":263.222015381,"dmean2":412.12411499,"dvar":83197.6953125,"dvar2":190078.21875,"max":10946.6953125,"mean":1748.54333496,"median":1747.92285156,"min":90.4319229126,"var":352764.96875},"spectral_complexity":{"dmean":3.86721348763,"dmean2":6.18435716629,"dvar":14.7661771774,"dvar2":35.4552993774,"max":60,"mean":27.0629692078,"median":29,"min":0,"var":168.707672119},"spectral_contrast_coeffs":{"dmean":[0.0494111962616,0.0435621514916,0.0370015874505,0.0285827424377,0.0199521500617,0.0212734080851],"dmean2":[0.0812230482697,0.0710816457868,0.059150159359,0.047016851604,0.0324191376567,0.0337447151542],"dvar":[0.00165792671032,0.00127492158208,0.00086050585378,0.000517904292792,0.000260708737187,0.000474359665532],"dvar2":[0.00435151113197,0.00329905352555,0.00215351278894,0.00134856556542,0.000665944768116,0.00114944262896],"max":[-0.325685858727,-0.403511494398,-0.507317483425,-0.59837013483,-0.641410589218,-0.583130478859],"mean":[-0.65741610527,-0.746309936047,-0.761302709579,-0.781197488308,-0.787876069546,-0.756713151932],"median":[-0.660407543182,-0.750898241997,-0.767836391926,-0.782157123089,-0.788606882095,-0.756133973598],"min":[-0.966322600842,-0.970538675785,-0.966551601887,-0.971224546432,-0.956542253494,-0.963408172131],"var":[0.00549341645092,0.00441116746515,0.00429221568629,0.00191688293125,0.00111025921069,0.00213433266617]},"spectral_contrast_valleys":{"dmean":[0.377254486084,0.32783678174,0.284935027361,0.234236940742,0.204983398318,0.314861863852],"dmean2":[0.609640479088,0.537282586098,0.459212988615,0.375213265419,0.320726543665,0.433405667543],"dvar":[0.116891272366,0.0847138538957,0.0660438612103,0.0510079115629,0.0554293207824,0.127500146627],"dvar2":[0.267456412315,0.205448418856,0.150126978755,0.105713523924,0.110591590405,0.237586945295],"max":[-4.85857343674,-4.93456554413,-5.38243436813,-5.81792640686,-5.51250505447,-7.65647268295],"mean":[-6.97495174408,-6.7952580452,-7.20675230026,-7.31184864044,-7.00947666168,-9.91007614136],"median":[-6.65736198425,-6.59855651855,-6.97277879715,-7.06375455856,-6.77835321426,-9.60079479218],"min":[-26.5756149292,-27.3390312195,-27.0566062927,-27.0394172668,-27.3369159698,-27.1824512482],"var":[1.64965283871,1.16040933132,1.29799377918,1.2469214201,1.32213544846,1.68660116196]},"spectral_decrease":{"dmean":3.81440923292e-9,"dmean2":5.98630300885e-9,"dvar":4.71881690956e-17,"dvar2":1.11168640639e-16,"max":7.93851189568e-17,"mean":-9.35728738938e-9,"median":-7.7278308197e-9,"min":-5.69215217183e-8,"var":6.72672803249e-17},"spectral_energy":{"dmean":0.0146518060938,"dmean2":0.0229593738914,"dvar":0.000683841644786,"dvar2":0.00160643283743,"max":0.219135910273,"mean":0.0377576760948,"median":0.0318281501532,"min":1.12653372194e-20,"var":0.00101147661917},"spectral_energyband_high":{"dmean":0.000562625122257,"dmean2":0.000882472086232,"dvar":7.72995008447e-7,"dvar2":0.00000185403212072,"max":0.010869866237,"mean":0.00125522201415,"median":0.000771006743889,"min":8.37361477215e-21,"var":0.00000207739913094},"spectral_energyband_low":{"dmean":0.012848909013,"dmean2":0.0204970352352,"dvar":0.000648158078548,"dvar2":0.00155940500554,"max":0.191786006093,"mean":0.0207979418337,"median":0.0137305548415,"min":5.93536988713e-23,"var":0.000729328487068},"spectral_energyband_middle_high":{"dmean":0.00157220580149,"dmean2":0.00251402100548,"dvar":0.00000376260277335,"dvar2":0.00000973861097009,"max":0.034328263253,"mean":0.00706838350743,"median":0.00626431591809,"min":1.42004656463e-21,"var":0.0000279469895759},"spectral_energyband_middle_low":{"dmean":0.00412059482187,"dmean2":0.00657471083105,"dvar":0.0000528628879692,"dvar2":0.000132053290145,"max":0.113898813725,"mean":0.010923910886,"median":0.00864191167057,"min":3.21331748612e-22,"var":0.000104395425296},"spectral_entropy":{"dmean":0.12493135035,"dmean2":0.181191980839,"dvar":0.0162940975279,"dvar2":0.0328393727541,"max":9.80235099792,"mean":7.7775683403,"median":7.8273806572,"min":3.74288487434,"var":0.203866571188},"spectral_flux":{"dmean":0.0310778412968,"dmean2":0.0471714064479,"dvar":0.00189417379443,"dvar2":0.00389418681152,"max":0.400193423033,"mean":0.0953415259719,"median":0.0814005807042,"min":1.06138292599e-10,"var":0.00393369235098},"spectral_kurtosis":{"dmean":1.48833477497,"dmean2":2.4842209816,"dvar":9.98987865448,"dvar2":27.7919063568,"max":177.553512573,"mean":4.78179359436,"median":3.54157876968,"min":-1.1925907135,"var":103.884506226},"spectral_rms":{"dmean":0.000975340488367,"dmean2":0.00147649797145,"dvar":0.00000205866672331,"dvar2":0.00000451570940641,"max":0.014621598646,"mean":0.00557952420786,"median":0.00557241914794,"min":3.31520336357e-12,"var":0.00000570594238525},"spectral_rolloff":{"dmean":576.387451172,"dmean2":927.83984375,"dvar":710230.5,"dvar2":1461416.75,"max":19466.015625,"mean":1864.90270996,"median":1658.05664062,"min":43.06640625,"var":3419024.75},"spectral_skewness":{"dmean":0.199700862169,"dmean2":0.321112066507,"dvar":0.0557181425393,"dvar2":0.14066965878,"max":11.1675443649,"mean":1.37334609032,"median":1.29943084717,"min":-0.050073530525,"var":0.585659384727},"spectral_spread":{"dmean":479476.09375,"dmean2":659396,"dvar":328983904256,"dvar2":524640256000,"max":40903808,"mean":4290232.5,"median":4164932.25,"min":568900.75,"var":2063593373700},"spectral_strongpeak":{"dmean":0.422015339136,"dmean2":0.732659339905,"dvar":0.602150797844,"dvar2":1.52526473999,"max":9.53633213043,"mean":0.710260629654,"median":0.414345651865,"min":0,"var":0.848125576973},"zerocrossingrate":{"dmean":0.0116024240851,"dmean2":0.0131371067837,"dvar":0.000165532765095,"dvar2":0.000176591871423,"max":0.69482421875,"mean":0.0687700510025,"median":0.0615234375,"min":0.00146484375,"var":0.00262368144467}},"metadata":{"audio_properties":{"analysis_sample_rate":44100,"bit_rate":320035,"codec":"mp3","downmix":"mix","equal_loudness":0,"length":237.818771362,"lossless":false,"md5_encoded":"bb1c0e215060e2123615abc60c3b4462","replay_gain":-14.5390033722,"sample_rate":44100},"tags":{"album":["Offline"],"albumartist":["Guano Apes"],"artist":["Guano Apes"],"date":["2014"],"discnumber":["1"],"file_name":"2083787.mp3","musicbrainz_recordingid":["6c843244-bf9f-4403-aa97-8e6d88163dbf"],"performer":["www.zyt8.com"],"title":["Water Wars"],"tracknumber":["7"]},"version":{"essentia":"2.1-beta2","essentia_build_sha":"70f2e5ece6736b2c40cc944ad0e695b16b925413","essentia_git_sha":"v2.1_beta2","extractor":"music 1.0"}},"rhythm":{"beats_count":520,"beats_loudness":{"dmean":0.0389009229839,"dmean2":0.0746146664023,"dvar":0.00125145842321,"dvar2":0.00439755711704,"max":0.182580411434,"mean":0.0606322176754,"median":0.0502900704741,"min":9.19823994749e-10,"var":0.00173103029374},"beats_loudness_band_ratio":{"dmean":[0.213677749038,0.0585286691785,0.0877177864313,0.0575509853661,0.0635238960385,0.0423616953194],"dmean2":[0.40555614233,0.10597101599,0.160727143288,0.106210075319,0.116653934121,0.0766638591886],"dvar":[0.0493408925831,0.0049963016063,0.0118578672409,0.00575247826055,0.0052482644096,0.00306795304641],"dvar2":[0.167230963707,0.0156436748803,0.0364834703505,0.0177062414587,0.016887396574,0.00889592990279],"max":[0.999068558216,0.538023591042,0.813830435276,0.581457734108,0.623698890209,0.488999903202],"mean":[0.655229151249,0.0631399378181,0.0963065624237,0.0636917278171,0.0821054950356,0.0525144040585],"median":[0.774915754795,0.0378404259682,0.0508538782597,0.0338559672236,0.0494442097843,0.0299790948629],"min":[0.00278961029835,0.00027110389783,0.000053047973779,0.0000152036600412,0.00000752801315684,0.00000243354429585],"var":[0.0826092660427,0.00524298474193,0.0144946789369,0.00573803950101,0.00811544619501,0.0