{"lowlevel":{"average_loudness":0.868297159672,"barkbands":{"dmean":[0.000034920492908,0.00404051365331,0.00310428836383,0.00399352703243,0.00221987324767,0.00136641191784,0.00081003329251,0.00050042377552,0.000659634475596,0.000308349233819,0.000232610254898,0.000160137540661,0.000139163035783,0.0000934680574574,0.00016974695609,0.000118483862025,0.000173328866367,0.00012896656699,0.0000910234957701,0.0000543227033631,0.000033620854083,0.0000234505496337,0.0000236454416154,0.000020662388124,0.00000980305776466,0.00000210410325963,1.24761029952e-7],"dmean2":[0.0000576064448978,0.00687976088375,0.00533215655014,0.0066679189913,0.00368232675828,0.00219013052993,0.00128497078549,0.000794763676822,0.00102092244197,0.000478565110825,0.000377919524908,0.000247813004535,0.000221279638936,0.000147103652125,0.000261775770923,0.000187566198292,0.000272536854027,0.000201038914383,0.000143108292832,0.0000842306471895,0.0000510183417646,0.0000340019250871,0.0000339666876243,0.0000285458536382,0.0000136819944601,0.00000282819905806,1.92125881426e-7],"dvar":[6.70489352927e-9,0.000102955105831,0.0000352566457877,0.000083779275883,0.0000152487209562,0.00000572293129153,0.00000625046641289,0.00000369456301996,0.00000321872994391,7.11467350811e-7,5.46156456949e-7,6.66525693305e-7,1.31285645466e-7,5.19833349699e-8,2.52419340541e-7,1.1625618157e-7,2.88960393391e-7,1.79429747504e-7,5.12130142738e-8,1.32758879445e-8,6.9691568072e-9,4.18496881593e-9,6.23989970805e-9,4.79987560809e-9,7.79722508781e-10,2.91152241205e-11,1.87161023442e-13],"dvar2":[1.68411045109e-8,0.000270952907158,0.0000951296606218,0.000220832094783,0.0000412415174651,0.0000138664745464,0.0000144171117427,0.00000818122043711,0.00000666847927278,0.00000146816284996,0.00000135301183946,0.00000153395444613,3.16805397915e-7,1.13958080306e-7,5.68808047774e-7,2.772349319e-7,6.97659800153e-7,3.77222022507e-7,1.23390606177e-7,3.11377057471e-8,1.59738711147e-8,8.58265458703e-9,1.36333406786e-8,7.70374253278e-9,1.51499457424e-9,5.5775165736e-11,4.32425091828e-13],"max":[0.00140414806083,0.101782687008,0.0668649449944,0.107435971498,0.073679253459,0.0448315627873,0.0817176029086,0.113446988165,0.0519703105092,0.0242718178779,0.0228762440383,0.071395970881,0.00793244875968,0.00518235005438,0.0180762726814,0.010688778013,0.0142306527123,0.0165937226266,0.00514449225739,0.00202547805384,0.00235218880698,0.00206543086097,0.00458243396133,0.0050761597231,0.000624224601779,0.000150764462887,0.0000163877339219],"mean":[0.0000326466397382,0.00386789883487,0.00417840946466,0.00641215406358,0.00402264343575,0.00220956956036,0.00136480620131,0.000754683918785,0.00115751917474,0.000540808425285,0.000412781490013,0.000254105689237,0.000251937337453,0.000154023131472,0.000286856637103,0.000177603898919,0.000261798442807,0.000205846576137,0.000149075538502,0.0000913437907002,0.0000487072247779,0.0000320197541441,0.0000319299469993,0.0000287238472083,0.0000126437589643,0.00000293014863928,1.39180798442e-7],"median":[0.0000055132795751,0.00101988832466,0.00136971182656,0.00262021552771,0.00260824291036,0.00102582899854,0.000305393798044,0.000118230818771,0.000174894143129,0.0000796937383711,0.0000383252336178,0.0000283475965261,0.000020351175408,0.0000187000114238,0.0000246240815613,0.0000169334853126,0.0000232827333093,0.0000196665350813,0.0000145289386637,0.000011857251593,0.00000623500909569,0.00000444166926172,0.0000046005452532,0.00000365653522749,0.000001801531198,6.47419710731e-7,3.11979135859e-8],"min":[2.51127656897e-25,1.49644428809e-24,1.45387064832e-24,1.40226780525e-24,1.35303970959e-23,1.16139384128e-23,1.29855600566e-23,9.73127216425e-24,1.88322097554e-23,1.3354203435e-23,1.6401737195e-23,2.81137373292e-23,2.37231268573e-23,4.23884877981e-23,4.70824184434e-23,5.6623861486e-23,7.00839994743e-23,8.24708511803e-23,1.49550167819e-22,1.30695319333e-22,2.83377441651e-22,2.56968448515e-22,4.31732390535e-22,5.72070417408e-22,7.60114914809e-22,1.24036298308e-21,1.99666132572e-21],"var":[6.25140028632e-9,0.000081457394117,0.0000395540409954,0.0000975765142357,0.0000224749055633,0.0000111087065306,0.0000187405912584,0.00000689363560014,0.0000113342321129,0.00000211141536965,0.00000198866973733,0.00000106179152226,3.76421752435e-7,1.35447294269e-7,6.28200666597e-7,2.37444623963e-7,5.18745878253e-7,3.62507705631e-7,1.06633216035e-7,2.92209119124e-8,1.17817631207e-8,6.74302347292e-9,1.2025479279e-8,1.47645904391e-8,1.36667632766e-9,6.11546022156e-11,2.13919309241e-13]},"barkbands_crest":{"dmean":2.7586607933,"dmean2":4.59507513046,"dvar":6.64565420151,"dvar2":17.7697715759,"max":26.835226059,"mean":11.5951604843,"median":11.0264587402,"min":2.97737288475,"var":16.862487793},"barkbands_flatness_db":{"dmean":0.0327353104949,"dmean2":0.0474923215806,"dvar":0.00122664193623,"dvar2":0.0025336346589,"max":0.55257755518,"mean":0.223426491022,"median":0.21028482914,"min":0.025989972055,"var":0.00787199474871},"barkbands_kurtosis":{"dmean":12.1927061081,"dmean2":20.3994750977,"dvar":3505.80322266,"dvar2":9599.05371094,"max":3318.41088867,"mean":18.6040496826,"median":7.89285564423,"min":-1.90792047977,"var":4446.80810547},"barkbands_skewness":{"dmean":0.928258419037,"dmean2":1.45400464535,"dvar":1.88782048225,"dvar2":4.76756763458,"max":52.74817276,"mean":2.47820162773,"median":2.05511474609,"min":-5.83881139755,"var":4.80391168594},"barkbands_spread":{"dmean":4.0490860939,"dmean2":6.23774051666,"dvar":48.9923171997,"dvar2":108.327125549,"max":112.815597534,"mean":11.1965465546,"median":7.14906167984,"min":0.0918102189898,"var":140.113632202},"dissonance":{"dmean":0.0312086567283,"dmean2":0.0507381781936,"dvar":0.00100516143721,"dvar2":0.00248026847839,"max":0.500000119209,"mean":0.431112796068,"median":0.447407066822,"min":0.0970150455832,"var":0.00318478653207},"dynamic_complexity":4.73240089417,"erbbands":{"dmean":[0.0538354255259,1.10374200344,3.30673980713,9.50512218475,8.97302246094,7.66682529449,10.2019710541,11.9720067978,11.8002080917,10.6921167374,10.7485942841,15.7219104767,9.78090286255,9.18371009827,8.95326137543,5.73490095139,5.74637508392,4.87045478821,7.42367935181,7.67024707794,6.98846101761,8.14292240143,7.28146457672,4.42515516281,4.33421897888,2.52440524101,1.72889506817,1.08262228966,0.818675935268,0.851163566113,0.631540238857,0.468256890774,0.32533878088,0.153236582875,0.0456091687083,0.0133235026151,0.0033201649785,0.000468482350698,0.0000163723852893,0.0000135915079227],"dmean2":[0.0930844843388,1.87255966663,5.6348862648,15.873497963,15.1173467636,12.6171121597,16.5967502594,19.2401638031,18.8286380768,16.9907073975,16.9666347504,24.1315536499,15.2013101578,14.2110919952,14.1357736588,8.87702083588,9.05221176147,7.47656774521,11.5704441071,11.8183832169,10.9375772476,12.5964336395,11.1388292313,6.88110017776,6.77439403534,3.94103503227,2.65672135353,1.62759411335,1.19525539875,1.24068295956,0.912231326103,0.6563565135,0.453437179327,0.2155816257,0.0628783106804,0.0180641151965,0.00452694296837,0.000659366080072,0.0000230990626733,0.0000212804206967],"dvar":[0.0179153885692,7.55824279785,45.0097503662,447.413421631,378.418182373,202.082702637,359.292785645,482.64642334,1343.91369629,753.90246582,2140.49609375,2027.8125,563.277709961,665.960266113,706.414794922,752.551635742,221.305618286,144.792190552,547.422790527,496.040710449,444.053741455,578.696166992,535.600402832,137.684768677,120.6275177,29.9761676788,17.7393760681,7.58145427704,5.05185508728,6.95547294617,4.84892845154,3.35001277924,1.00537514687,0.196983247995,0.0158526506275,0.00107308826409,0.0000999180192593,0.00000227937493946,1.9072645685e-9,4.67242855517e-10],"dvar2":[0.048091083765,19.8006744385,118.6743927,1167.50146484,1039.15063477,533.361022949,911.932250977,1172.45288086,3063.04174805,1766.02502441,4718.32861328,4124.14404297,1178.77868652,1341.55358887,1604.15673828,1771.44274902,541.936218262,312.085083008,1235.30969238,1082.75280762,1102.57775879,1387.89807129,1132.57531738,330.805908203,287.7762146,71.1803665161,41.5765609741,16.7016124725,10.5155191422,14.9237117767,10.6204090118,4.87956666946,1.89927446842,0.381390631199,0.0309235416353,0.00201143859886,0.000210177066037,0.00000480622929899,4.00618205276e-9,1.1160158353e-9],"max":[1.47118091583,27.1030597687,69.7246246338,247.843887329,307.661407471,371.248474121,393.805480957,439.687042236,1151.80578613,864.043701172,3078.39697266,1626.45605469,866.002502441,825.547912598,986.719848633,2233.62817383,415.317871094,304.506652832,867.252929688,753.808349609,648.60949707,655.961547852,861.451171875,510.468292236,289.09576416,96.7840423584,86.5518112183,73.7158889771,56.8616104126,137.938323975,146.09576416,160.680374146,39.0882644653,11.4914827347,3.3229572773,0.901916563511,0.383822053671,0.0557115189731,0.00178512616549,0.000219458175707],"mean":[0.0523930937052,1.08500647545,4.22925567627,15.4419546127,15.4825057983,13.3995370865,16.1031131744,19.2752895355,19.7340259552,17.9346752167,17.4471302032,27.1774635315,18.3582229614,18.2106647491,16.6585178375,10.0068025589,10.6974897385,9.27729701996,12.6078395844,13.7326726913,10.7225379944,13.2271947861,12.7325258255,7.61246395111,7.40746641159,4.41402816772,2.63992452621,1.56150066853,1.12785625458,1.12567293644,0.853863596916,0.664637386799,0.430759817362,0.194981023669,0.0603530853987,0.0185242071748,0.00448878062889,0.000628564157523,0.0000293320117635,0.0000311745789077],"median":[0.0162653904408,0.337477862835,1.90674996376,7.39391136169,9.00507926941,8.04778289795,7.86679458618,8.44589996338,5.68499660492,4.26857376099,2.88703298569,4.17657279968,3.92270183563,2.6952586174,2.26559448242,1.45033943653,1.17184472084,1.19845151901,1.49824786186,1.23810732365,1.28155851364,1.39759206772,1.236536026,0.802468538284,0.796198308468,0.569988489151,0.336819112301,0.226809054613,0.164397001266,0.148145571351,0.122972652316,0.0802982375026,0.0544212535024,0.0252638161182,0.00989233888686,0.00367120513692,0.000997799215838,0.00015784194693,0.0000168935475813,0.0000254080077866],"min":[6.0216302494e-23,4.12616309183e-22,2.44271281648e-21,5.6685334324e-21,1.25649187411e-20,4.44044802297e-20,6.4338250216e-20,6.73333742789e-20,1.0535226898e-19,1.47834119741e-19,3.14626469489e-19,5.23775778651e-19,2.65836539377e-19,6.61819298189e-19,9.72154354661e-19,1.72799705003e-18,1.07499689304e-18,1.94389470542e-18,2.15209937433e-18,4.10540615435e-18,4.15088743956e-18,4.70490819843e-18,5.26473741956e-18,7.34901170597e-18,8.58387490087e-18,6.79696501363e-18,8.24000268534e-18,9.82102525016e-18,9.29002327337e-18,1.10186297487e-17,1.19915016826e-17,1.15015386175e-17,9.74151168659e-18,7.3897007203e-18,5.89697472279e-18,3.95582294828e-18,2.42764233535e-18,9.71626923623e-19,2.55070059922e-19,2.79869968662e-20],"var":[0.0141203347594,6.02524852753,43.4631958008,529.639892578,456.562194824,300.270843506,618.60559082,941.905578613,3999.81274414,2008.27087402,4007.40698242,6478.79785156,2061.30444336,2353.52905273,2164.95678711,1220.56604004,629.07598877,450.008209229,1269.54748535,1456.92565918,732.967712402,1144.91418457,1295.47583008,284.854919434,258.436248779,67.3702011108,30.6387805939,12.8454504013,8.06717586517,10.6557397842,9.85449504852,12.2762212753,2.07931923866,0.346415817738,0.0279649756849,0.0024153154809,0.000166092082509,0.00000336051652994,2.82990741951e-9,8.49214309984e-10]},"erbbands_crest":{"dmean":3.05471205711,"dmean2":4.83558797836,"dvar":8.37375450134,"dvar2":19.029624939,"max":32.9289627075,"mean":11.3510751724,"median":10.1468935013,"min":2.03042244911,"var":30.2834949493},"erbbands_flatness_db":{"dmean":0.0260601229966,"dmean2":0.0343942977488,"dvar":0.000753628904931,"dvar2":0.00129816366825,"max":0.439807802439,"mean":0.197912395,"median":0.192507445812,"min":0.0290024522692,"var":0.00397684657946},"erbbands_kurtosis":{"dmean":3.61676073074,"dmean2":5.70048284531,"dvar":96.3535842896,"dvar2":239.21131897,"max":370.97946167,"mean":5.33322954178,"median":1.12180328369,"min":-1.87735617161,"var":191.230789185},"erbbands_skewness":{"dmean":0.583840191364,"dmean2":0.883737981319,"dvar":0.479990273714,"dvar2":1.04339551926,"max":15.1987771988,"mean":1.23169374466,"median":0.949570417404,"min":-6.32229661942,"var":2.20888972282},"erbbands_spread":{"dmean":9.66215801239,"dmean2":14.5091781616,"dvar":169.64151001,"dvar2":350.803405762,"max":176.108779907,"mean":32.0743522644,"median":26.6724624634,"min":0.733823537827,"var":632.086425781},"gfcc":{"cov":[[20793.5019531,1198.4017334,-4696.29199219,424.606811523,-723.379211426,107.750457764,-336.109466553,-26.5935516357,-157.7368927,-309.109802246,13.8879508972,-588.086669922,-44.7051544189],[1198.4017334,1851.94726562,179.222564697,-436.136749268,239.880493164,-338.745056152,180.499130249,-107.853111267,123.341293335,-184.265106201,44.5175704956,-105.765228271,91.4795227051],[-4696.29199219,179.222564697,2529.02636719,70.4259185791,67.3382339478,58.8101196289,8.13036155701,-19.6757678986,48.2745246887,49.1627655029,-55.3097496033,162.926544189,-4.85859107971],[424.606811523,-436.136749268,70.4259185791,578.078796387,59.1312255859,88.0830764771,-59.4148750305,-6.32690238953,-13.307258606,33.1842803955,-18.2434844971,-6.14272594452,-18.9332542419],[-723.379211426,239.880493164,67.3382339478,59.1312255859,437.698455811,11.6831111908,116.913673401,9.89119815826,42.7930526733,7.01960849762,-4.60588741302,-16.2030544281,25.5687484741],[107.750457764,-338.745056152,58.8101196289,88.0830764771,11.6831111908,305.211364746,41.3232841492,46.3863639832,-38.0278511047,48.5284614563,0.310394793749,-3.73279166222,-36.5924720764],[-336.109466553,180.499130249,8.13036155701,-59.4148750305,116.913673401,41.3232841492,233.725906372,52.9642486572,4.22996425629,-21.4315776825,20.1761322021,-23.9816532135,-0.28034928441],[-26.5935516357,-107.853111267,-19.6757678986,-6.32690238953,9.89119815826,46.3863639832,52.9642486572,127.793991089,30.9644851685,25.134098053,-7.02879810333,8.15594100952,-16.5401058197],[-157.7368927,123.341293335,48.2745246887,-13.307258606,42.7930526733,-38.0278511047,4.22996425629,30.9644851685,135.639373779,35.1456565857,0.684286236763,-8.50646400452,7.80733728409],[-309.109802246,-184.265106201,49.1627655029,33.1842803955,7.01960849762,48.5284614563,-21.4315776825,25.134098053,35.1456565857,127.282752991,29.4825191498,22.8173484802,-14.4299945831],[13.8879508972,44.5175704956,-55.3097496033,-18.2434844971,-4.60588741302,0.310394793749,20.1761322021,-7.02879810333,0.684286236763,29.4825191498,98.8255004883,25.861913681,-0.973998486996],[-588.086669922,-105.765228271,162.926544189,-6.14272594452,-16.2030544281,-3.73279166222,-23.9816532135,8.15594100952,-8.50646400452,22.8173484802,25.861913681,120.795219421,33.9037590027],[-44.7051544189,91.4795227051,-4.85859107971,-18.9332542419,25.5687484741,-36.5924720764,-0.28034928441,-16.5401058197,7.80733728409,-14.4299945831,-0.973998486996,33.9037590027,93.5755767822]],"icov":[[0.000350026151864,-0.00108837790322,0.000754865410272,-0.000960247882176,0.000934617244639,-0.00105193292256,0.000879839994013,-0.00086509110406,0.00070634362055,-0.000412486930145,0.00062209146563,-0.0000396138129872,0.000157407543156],[-0.00108837790322,0.00502445735037,-0.00265702418983,0.00392742129043,-0.00358937680721,0.00427811592817,-0.00325359706767,0.00357129890472,-0.00349552719854,0.00322705437429,-0.00360457017086,0.00197449140251,-0.00146360578947],[0.000754865410272,-0.00265702418983,0.00218430301175,-0.0022905622609,0.00211872230284,-0.00257181329653,0.00171678687911,-0.00152094254736,0.00138178491034,-0.00134677288588,0.00233187153935,-0.00149472954217,0.00100264826324],[-0.000960247882176,0.00392742129043,-0.0022905622609,0.00516542047262,-0.00344756036066,0.00289746932685,-0.00187558983453,0.00287565938197,-0.00243685860187,0.00200390676036,-0.00249733426608,0.00138872908428,-0.000811086618342],[0.000934617244639,-0.00358937680721,0.00211872230284,-0.00344756036066,0.00576870795339,-0.00318340910599,0.000705895305146,-0.00194975337945,0.0015335874632,-0.00241638999432,0.00293586705811,-0.000743591517676,0.00000370622842638],[-0.00105193292256,0.00427811592817,-0.00257181329653,0.00289746932685,-0.00318340910599,0.00823173392564,-0.00382991367951,0.00183042208664,-0.000862902030349,0.000385338527849,-0.00249760365114,0.00167905830313,-0.000334151176503],[0.000879839994013,-0.00325359706767,0.00171678687911,-0.00187558983453,0.000705895305146,-0.00382991367951,0.00944338925183,-0.00596669642255,0.00293470663019,0.0005420637317,-0.000962622114457,0.00163589429576,-0.000170204802998],[-0.00086509110406,0.00357129890472,-0.00152094254736,0.00287565938197,-0.00194975337945,0.00183042208664,-0.00596669642255,0.014256789349,-0.00576889608055,0.000530678778887,0.000865212525241,-0.00243731611408,0.00180414563511],[0.00070634362055,-0.00349552719854,0.00138178491034,-0.00243685860187,0.0015335874632,-0.000862902030349,0.00293470663019,-0.00576889608055,0.0127355931327,-0.00569993024692,0.00213031773455,0.00128948630299,-0.000820570392534],[-0.000412486930145,0.00322705437429,-0.00134677288588,0.00200390676036,-0.00241638999432,0.000385338527849,0.0005420637317,0.000530678778887,-0.00569993024692,0.0144731076434,-0.00641174195334,0.000649932015222,0.000295262492727],[0.00062209146563,-0.00360457017086,0.00233187153935,-0.00249733426608,0.00293586705811,-0.00249760365114,-0.000962622114457,0.000865212525241,0.00213031773455,-0.00641174195334,0.016500774771,-0.00638133147731,0.00312530528754],[-0.0000396138129872,0.00197449140251,-0.00149472954217,0.00138872908428,-0.000743591517676,0.00167905830313,0.00163589429576,-0.00243731611408,0.00128948630299,0.000649932015222,-0.00638133147731,0.0156580898911,-0.00705888587981],[0.000157407543156,-0.00146360578947,0.00100264826324,-0.000811086618342,0.00000370622842638,-0.000334151176503,-0.000170204802998,0.00180414563511,-0.000820570392534,0.000295262492727,0.00312530528754,-0.00705888587981,0.0149712851271]],"mean":[-96.8593292236,126.889503479,-84.0120620728,32.8457756042,-54.8796653748,0.332630723715,-39.9589653015,3.43916845322,-26.3009204865,-8.75918292999,-17.4466915131,-4.2718000412,-10.3071107864]},"hfc":{"dmean":3.74409770966,"dmean2":5.3317360878,"dvar":33.000705719,"dvar2":64.6242904663,"max":108.958457947,"mean":11.1743841171,"median":6.30136680603,"min":1.08371956223e-16,"var":151.868972778},"melbands":{"dmean":[0.000824210466817,0.00165882695001,0.00157357798889,0.000528841570485,0.000352176488377,0.00026076863287,0.000176494024345,0.000115357674076,0.0000885877525434,0.0000995786031126,0.000050581395044,0.0000398198753828,0.0000330591428792,0.0000205532051041,0.0000132554168886,0.0000127439652715,0.000008968644579,0.0000123381933008,0.0000111209474198,0.00000862539036461,0.00000946883119468,0.00000880434708961,0.00000937556251301,0.00000658605404169,0.00000357123872163,0.00000398405381929,0.00000234208118854,0.00000166102290677,0.00000127698763208,8.40224629428e-7,6.0576252281e-7,4.73879822493e-7,4.79786649521e-7,4.92070057589e-7,3.90710454212e-7,3.14052954309e-7,2.88427202122e-7,2.52207570384e-7,1.794133766e-7,1.16200560285e-7],"dmean2":[0.00141100771725,0.00279332092032,0.00262406864204,0.000881826446857,0.000573062512558,0.00041822012281,0.000280835985905,0.000183563461178,0.000140875723446,0.000153695116751,0.000078222983575,0.0000614785021753,0.0000532665144419,0.0000318181737384,0.0000209549452848,0.0000199091155082,0.0000138171108119,0.0000192193401745,0.0000170265411725,0.0000134863539643,0.0000150101732288,0.0000138575342135,0.0000142494664033,0.0000103140400824,0.0000056640406001,0.0000062680778683,0.0000037337208596,0.00000261802165369,0.0000019985925519,0.0000012924724615,9.246926993e-7,7.03906209765e-7,7.09703840585e-7,7.29836926894e-7,5.79161223868e-7,4.51362694776e-7,4.06493285254e-7,3.57440683274e-7,2.54829132018e-7,1.66716915828e-7],"dvar":[0.00000430447516919,0.0000124306552607,0.0000117377167044,9.60659349403e-7,4.08535385077e-7,2.20110848659e-7,2.98542744304e-7,8.99561101164e-8,1.25511803617e-7,7.99461048473e-8,1.55747823527e-8,1.3184812353e-8,1.08599040871e-8,1.46713148297e-8,1.07349196199e-9,1.16610932022e-9,5.12341280512e-10,1.42210720977e-9,1.21959686794e-9,6.13280204398e-10,9.47548706165e-10,6.67465249737e-10,1.26788934907e-9,4.66947480682e-10,1.03500048809e-10,1.27941574002e-10,2.91514069828e-11,1.36744070928e-11,9.98905992644e-12,5.62497401088e-12,2.39111399951e-12,1.72312999373e-12,2.01173821525e-12,2.6196505902e-12,2.05529083336e-12,1.32417622874e-12,1.30831207413e-12,6.48156062242e-13,2.83504800582e-13,1.14863142869e-13],"dvar2":[0.0000114059339467,0.0000320520921377,0.0000308367998514,0.0000026220448035,0.00000104291189018,5.3575632819e-7,6.79125434999e-7,2.06846081596e-7,2.67761464556e-7,1.65188438928e-7,3.16090016383e-8,2.60065000646e-8,2.59538222025e-8,3.45440867022e-8,2.55411869432e-9,2.7599431629e-9,1.09277031868e-9,3.0973947851e-9,2.61102850452e-9,1.35956779168e-9,2.4009974009e-9,1.65494307147e-9,2.80992162871e-9,1.03311426081e-9,2.54228194052e-10,3.02750297054e-10,7.26624385661e-11,3.29679859801e-11,2.3889019235e-11,1.33979485492e-11,5.36438515136e-12,3.73304165358e-12,4.28271740988e-12,5.97270150005e-12,5.16442704573e-12,2.20139358131e-12,1.991032339e-12,1.2692619308e-12,5.63364133989e-13,2.31358253952e-13],"max":[0.0217364151031,0.0342014543712,0.0410490147769,0.0171794258058,0.0124554792419,0.00877038575709,0.015959655866,0.00798819866031,0.0233427789062,0.00982509274036,0.00447577331215,0.00350403157063,0.00323057360947,0.0108848437667,0.00103893701453,0.000801728921942,0.000504878815264,0.00157133769244,0.00133811542764,0.00090595142683,0.00102859304752,0.000685715291183,0.00148459756747,0.000683765625581,0.000473169784527,0.000266347255092,0.000142420452903,0.0000720427633496,0.0000531704645255,0.0000870184667292,0.0000401088618673,0.0000318916754622,0.0000495647473144,0.0000887253991095,0.0000846762995934,0.0000889057919267,0.0000974233335,0.0000302616808767,0.0000159067567438,0.00000695408834872],"mean":[0.000794403313193,0.00201873900369,0.00269604194909,0.000969633052591,0.000587392190937,0.000420669530286,0.000298554368783,0.00018886574253,0.000140020463732,0.000174420943949,0.0000915545388125,0.0000756352164899,0.0000603138214501,0.0000336251177941,0.000021751409804,0.0000233146129176,0.0000156272963068,0.000019672088456,0.0000187884743355,0.0000144927007568,0.00001287005216,0.0000131555716507,0.0000143901343108,0.0000102121957752,0.00000534980063094,0.00000633387298876,0.00000389765864384,0.00000265195058091,0.00000182613621291,0.00000112804923447,8.31121610645e-7,6.27529800568e-7,6.09990706835e-7,6.31273792351e-7,4.99788029629e-7,4.26408263365e-7,4.02915816267e-7,3.26153497099e-7,2.25446669333e-7,1.43783907447e-7],"median":[0.000226367061259,0.000899492471945,0.00153102143668,0.000639193051029,0.000314843462547,0.000189567406778,0.0000808011027402,0.0000409980784752,0.0000197972767637,0.0000258004984062,0.0000180345468834,0.00000930042551772,0.00000638282608634,0.00000391691764889,0.00000261952072833,0.00000187729119716,0.00000157949534696,0.0000021354612727,0.00000157530371325,0.00000127293992591,0.00000126830968838,0.00000130079524752,0.0000011175814052,8.35103946883e-7,5.05667458128e-7,5.83042094604e-7,4.36782499946e-7,3.31003320753e-7,2.14603005588e-7,1.26758294527e-7,1.20203480947e-7,9.16933871054e-8,6.72224871323e-8,8.36001134985e-8,7.29543216949e-8,4.57751347938e-8,4.96146839168e-8,3.92878121147e-8,2.59601797836e-8,1.86798487789e-8],"min":[7.27122284196e-25,1.93818568741e-24,1.58238673941e-24,9.81945853042e-25,2.06438607731e-24,1.69530645875e-24,1.88782559608e-24,1.51653529344e-24,2.65405033484e-24,2.59448995599e-24,1.14386103295e-24,2.70994290492e-24,2.99912314112e-24,2.92426931312e-24,2.62557068123e-24,2.0501631124e-24,3.26278609362e-24,3.17366315235e-24,3.18919700687e-24,5.02240207109e-24,4.38674465898e-24,4.67418664018e-24,4.11392184807e-24,3.23794427207e-24,4.91978033922e-24,5.58036260049e-24,5.72165744937e-24,4.2056501997e-24,4.53359506079e-24,5.75540807434e-24,4.81708918759e-24,5.56368647538e-24,4.89010378639e-24,5.48656072797e-24,5.7987263988e-24,6.37207366016e-24,7.12620338631e-24,5.61754753141e-24,6.68914210152e-24,5.51060639165e-24],"var":[0.00000338803238265,0.0000114847352961,0.0000138316027005,0.00000131955243887,6.9459849783e-7,4.30041097843e-7,8.8830876166e-7,2.13194084608e-7,2.46700068374e-7,2.75374958392e-7,5.54529293595e-8,4.52067290269e-8,3.75129509678e-8,2.10582733473e-8,2.60695975918e-9,3.43761730193e-9,1.43863865265e-9,3.34750360764e-9,3.27202576145e-9,1.72797509634e-9,1.31925403934e-9,1.14784703964e-9,2.5818203131e-9,8.94327445433e-10,1.72557426681e-10,2.49264053842e-10,6.13802619842e-11,2.63939183009e-11,1.60093882595e-11,8.17825321353e-12,3.90719184437e-12,2.64685018694e-12,2.83279172689e-12,3.779347061e-12,3.23194747874e-12,4.0192463073e-12,4.79424095909e-12,1.2521944202e-12,4.98909290617e-13,1.85918432884e-13]},"melbands_crest":{"dmean":3.51560211182,"dmean2":5.74042797089,"dvar":9.96590518951,"dvar2":25.2927627563,"max":35.8059768677,"mean":16.1905231476,"median":15.6789913177,"min":1.62663388252,"var":28.4200153351},"melbands_flatness_db":{"dmean":0.0390356220305,"dmean2":0.0558640435338,"dvar":0.00183321780059,"dvar2":0.00371132022701,"max":0.719255983829,"mean":0.310060560703,"median":0.297355532646,"min":0.00354638253339,"var":0.0136294476688},"melbands_kurtosis":{"dmean":17.4572696686,"dmean2":28.0795593262,"dvar":1256.1595459,"dvar2":3162.25512695,"max":724.309936523,"mean":31.1177082062,"median":13.7811470032,"min":-1.85066998005,"var":3440.80200195},"melbands_skewness":{"dmean":1.08786308765,"dmean2":1.67712843418,"dvar":1.68991243839,"dvar2":3.99433660507,"max":20.2551116943,"mean":3.18961787224,"median":2.62641620636,"min":-1.9452226162,"var":5.81605911255},"melbands_spread":{"dmean":4.34223031998,"dmean2":6.80156755447,"dvar":81.0379486084,"dvar2":179.078598022,"max":211.676025391,"mean":12.0249128342,"median":6.55439567566,"min":0.20662586391,"var":307.576599121},"mfcc":{"cov":[[17197.5332031,-119.880218506,-3463.58422852,-324.934875488,-572.944458008,-199.610794067,-53.6052818298,-63.6110115051,-231.176116943,278.754577637,-51.6201705933,16.7038993835,-204.227981567],[-119.880218506,2299.68505859,176.441009521,-10.8226671219,-24.3714008331,-168.646286011,-35.9528923035,53.7331314087,57.1758728027,-1.58856391907,-60.5296897888,-38.2003707886,-9.565325737],[-3463.58422852,176.441009521,1815.41687012,158.009674072,180.556030273,101.618255615,-44.3461456299,26.4314823151,28.574924469,-99.9207992554,29.1327571869,-27.5431098938,34.5010452271],[-324.934875488,-10.8226671219,158.009674072,430.913635254,155.454925537,53.8444061279,-5.4852848053,1.62474513054,39.0267524719,-17.852104187,-5.84253740311,7.74072885513,2.42193174362],[-572.944458008,-24.3714008331,180.556030273,155.454925537,282.326843262,115.102088928,7.8637137413,0.12427765131,51.5843658447,2.27933931351,-0.721732079983,17.1879329681,26.5625267029],[-199.610794067,-168.646286011,101.618255615,53.8444061279,115.102088928,204.021682739,97.3632583618,14.4528856277,24.1206111908,25.2364635468,21.6860275269,18.7593955994,10.0329475403],[-53.6052818298,-35.9528923035,-44.3461456299,-5.4852848053,7.8637137413,97.3632583618,225.713302612,70.5631103516,11.0164031982,39.1604499817,23.8603382111,15.3197536469,-4.61813545227],[-63.6110115051,53.7331314087,26.4314823151,1.62474513054,0.12427765131,14.4528856277,70.5631103516,125.854759216,38.8445243835,11.4736728668,16.5864391327,4.14498281479,1.14664125443],[-231.176116943,57.1758728027,28.574924469,39.0267524719,51.5843658447,24.1206111908,11.0164031982,38.8445243835,139.092468262,38.6110191345,-4.80184841156,2.71068644524,5.30189800262],[278.754577637,-1.58856391907,-99.9207992554,-17.852104187,2.27933931351,25.2364635468,39.1604499817,11.4736728668,38.6110191345,132.388046265,46.8541564941,10.0396327972,-6.46254682541],[-51.6201705933,-60.5296897888,29.1327571869,-5.84253740311,-0.721732079983,21.6860275269,23.8603382111,16.5864391327,-4.80184841156,46.8541564941,117.715812683,47.74817276,-2.13789224625],[16.7038993835,-38.2003707886,-27.5431098938,7.74072885513,17.1879329681,18.7593955994,15.3197536469,4.14498281479,2.71068644524,10.0396327972,47.74817276,90.7688751221,31.3941764832],[-204.227981567,-9.565325737,34.5010452271,2.42193174362,26.5625267029,10.0329475403,-4.61813545227,1.14664125443,5.30189800262,-6.46254682541,-2.13789224625,31.3941764832,95.9600524902]],"icov":[[0.000106264720671,-0.000016579977455,0.000190119986655,-0.0000378435724997,0.000126918559545,-0.00015679957869,0.000179505717824,-0.000122770521557,0.0002077431418,-0.000189658734598,0.000120548269479,-0.0000839680069475,0.000154379944433],[-0.000016579977455,0.000499608111568,-0.000115587899927,0.0000317355697916,-0.000155844260007,0.000628081616014,-0.000156709284056,-0.000154477616888,-0.000164076031069,-0.000146988939377,0.000283139670501,-0.000034159525967,0.0000436964946857],[0.000190119986655,-0.000115587899927,0.00103849789593,-0.000161510717589,-0.00000535647495781,-0.000700130825862,0.000574798148591,-0.000363078172086,0.000220012574573,0.000451392144896,-0.000584534893278,0.000580257270485,-0.0000541282570339],[-0.0000378435724997,0.0000317355697916,-0.000161510717589,0.00298643298447,-0.00165422889404,0.000234381965129,-0.0000797470347607,0.0000870367221069,-0.000490472477395,0.000543670379557,-0.00000206095069188,-0.000215335137909,0.000467953737825],[0.000126918559545,-0.000155844260007,-0.00000535647495781,-0.00165422889404,0.00646877894178,-0.00368457078002,0.00134838966187,0.0000982778510661,-0.00102913973387,-0.000220849935431,0.000620770035312,-0.000648143759463,-0.000775537104346],[-0.00015679957869,0.000628081616014,-0.000700130825862,0.000234381965129,-0.00368457078002,0.0099063841626,-0.00453573092818,0.00155448110308,-0.0007730256184,-0.000362202088581,-0.000525829382241,-0.000181267067092,-0.000212077095057],[0.000179505717824,-0.000156709284056,0.000574798148591,-0.0000797470347607,0.00134838966187,-0.00453573092818,0.00806962884963,-0.00440802238882,0.00166440487374,-0.00180349929724,0.00088975043036,-0.00100479007233,0.000838904699776],[-0.000122770521557,-0.000154477616888,-0.000363078172086,0.0000870367221069,0.0000982778510661,0.00155448110308,-0.00440802238882,0.0116442171857,-0.00389845459722,0.00187553861178,-0.00247906590812,0.00120060984045,-0.000795667641796],[0.0002077431418,-0.000164076031069,0.000220012574573,-0.000490472477395,-0.00102913973387,-0.0007730256184,0.00166440487374,-0.00389845459722,0.0104719288647,-0.00430651474744,0.00295363389887,-0.00130112364423,0.000474298460176],[-0.000189658734598,-0.000146988939377,0.000451392144896,0.000543670379557,-0.000220849935431,-0.000362202088581,-0.00180349929724,0.00187553861178,-0.00430651474744,0.0119967060164,-0.00608826382086,0.00259086955339,-0.000541904999409],[0.000120548269479,0.000283139670501,-0.000584534893278,-0.00000206095069188,0.000620770035312,-0.000525829382241,0.00088975043036,-0.00247906590812,0.00295363389887,-0.00608826382086,0.0151835875586,-0.00857267342508,0.00302026770078],[-0.0000839680069475,-0.000034159525967,0.000580257270485,-0.000215335137909,-0.000648143759463,-0.000181267067092,-0.00100479007233,0.00120060984045,-0.00130112364423,0.00259086955339,-0.00857267342508,0.0178345739841,-0.00602899258956],[0.000154379944433,0.0000436964946857,-0.0000541282570339,0.000467953737825,-0.000775537104346,-0.000212077095057,0.000838904699776,-0.000795667641796,0.000474298460176,-0.000541904999409,0.00302026770078,-0.00602899258956,0.0130253247917]],"mean":[-745.054931641,154.748855591,26.1127929688,34.1366195679,8.3219909668,-1.65671420097,-2.50447058678,3.43183708191,-3.94202661514,-2.33104300499,-8.16165733337,-5.77759552002,-4.65345954895]},"pitch_salience":{"dmean":0.0871020853519,"dmean2":0.144348606467,"dvar":0.00692407879978,"dvar2":0.018600506708,"max":0.860741972923,"mean":0.546461284161,"median":0.553585886955,"min":0.0496268942952,"var":0.0155940819532},"silence_rate_20dB":{"dmean":0,"dmean2":0,"dvar":0,"dvar2":0,"max":1,"mean":1,"median":1,"min":1,"var":0},"silence_rate_30dB":{"dmean":0.0076511092484,"dmean2":0.0153035195544,"dvar":0.00759256491438,"dvar2":0.0211898945272,"max":1,"mean":0.995409727097,"median":1,"min":0,"var":0.00456932326779},"silence_rate_60dB":{"dmean":0.0494771748781,"dmean2":0.0989627614617,"dvar":0.0470238663256,"dvar2":0.0973132103682,"max":1,"mean":0.153094187379,"median":0,"min":0,"var":0.12965670228},"spectral_centroid":{"dmean":186.362792969,"dmean2":284.347106934,"dvar":98290.4609375,"dvar2":214798.75,"max":11521.1455078,"mean":777.866638184,"median":520.4296875,"min":106.900772095,"var":877760.5625},"spectral_complexity":{"dmean":2.75916004181,"dmean2":4.16697835922,"dvar":14.0886278152,"dvar2":27.9380016327,"max":53,"mean":11.4425363541,"median":9,"min":0,"var":80.948059082},"spectral_contrast_coeffs":{"dmean":[0.0539749413729,0.0517921894789,0.0413887090981,0.0324255265296,0.0258390717208,0.0202436894178],"dmean2":[0.0864657685161,0.0835050940514,0.0651228651404,0.0508574843407,0.0389531217515,0.0311853792518],"dvar":[0.00217555626296,0.00182122248225,0.00120942585636,0.000768933852669,0.000573459488805,0.000379600387532],"dvar2":[0.00524660665542,0.0046240570955,0.00284050940536,0.00171990692616,0.00116549944505,0.000836185878143],"max":[-0.293656975031,-0.370520412922,-0.440538406372,-0.485211968422,-0.533695042133,-0.600524306297],"mean":[-0.597527623177,-0.705622136593,-0.764973938465,-0.799449324608,-0.799695968628,-0.79850423336],"median":[-0.589779734612,-0.706821203232,-0.772973060608,-0.806404292583,-0.806443929672,-0.800060987473],"min":[-0.974925160408,-0.976501226425,-0.977380335331,-0.976567566395,-0.967022299767,-0.964678645134],"var":[0.0087466109544,0.00765854958445,0.00689027737826,0.00494341226295,0.0041747870855,0.00254531158134]},"spectral_contrast_valleys":{"dmean":[0.495289504528,0.498416274786,0.486792594194,0.497694164515,0.430633276701,0.465028882027],"dmean2":[0.771370768547,0.756484508514,0.718271791935,0.683912098408,0.557267785072,0.547907173634],"dvar":[0.240602552891,0.23845051229,0.252324938774,0.289748251438,0.245240718126,0.271595090628],"dvar2":[0.495121598244,0.490581303835,0.464394450188,0.49722507596,0.383421629667,0.428992927074],"max":[-4.97512245178,-4.63047790527,-5.21281147003,-5.95120096207,-5.851334095,-7.99635505676],"mean":[-7.55799627304,-7.41868782043,-8.30933094025,-9.04369449615,-8.92726230621,-11.4051074982],"median":[-7.1138715744,-7.06559085846,-7.9435710907,-8.75381469727,-8.6752614975,-11.1928977966],"min":[-27.8356189728,-27.914068222,-27.860118866,-27.7402935028,-27.502790451,-27.3743629456],"var":[3.52470302582,3.87148356438,3.92299962044,4.02886819839,3.97490715981,2.8272383213]},"spectral_decrease":{"dmean":3.11583869816e-9,"dmean2":4.96380181403e-9,"dvar":2.55083674281e-17,"dvar2":6.23763929734e-17,"max":1.58806179428e-19,"mean":-6.87029011459e-9,"median":-5.73010172644e-9,"min":-4.92959237874e-8,"var":4.240106975e-17},"spectral_energy":{"dmean":0.0120341163129,"dmean2":0.0191141664982,"dvar":0.000376635085559,"dvar2":0.000916913500987,"max":0.19222599268,"mean":0.0269436705858,"median":0.0222967341542,"min":9.96411587682e-21,"var":0.000645396474283},"spectral_energyband_high":{"dmean":0.000122630313854,"dmean2":0.0001728082716,"dvar":9.20302483109e-8,"dvar2":1.72864517367e-7,"max":0.0102396951988,"mean":0.000198187102797,"median":0.0000365942833014,"min":7.13695633037e-21,"var":1.97617424647e-7},"spectral_energyband_low":{"dmean":0.00829572603106,"dmean2":0.0137349944562,"dvar":0.000239182598307,"dvar2":0.000607782858424,"max":0.137737989426,"mean":0.0118036270142,"median":0.00637070927769,"min":1.37161564842e-23,"var":0.000259411608567},"spectral_energyband_middle_high":{"dmean":0.000921869126614,"dmean2":0.0013751873048,"dvar":0.00000338881886819,"dvar2":0.00000740138466426,"max":0.0726122781634,"mean":0.0026829065755,"median":0.000623170344625,"min":1.16495959355e-21,"var":0.000017570795535},"spectral_energyband_middle_low":{"dmean":0.006896128878,"dmean2":0.0109546016902,"dvar":0.000145149446325,"dvar2":0.00036971870577,"max":0.155353099108,"mean":0.0160384681076,"median":0.0120059596375,"min":1.95455763564e-22,"var":0.000267685973085},"spectral_entropy":{"dmean":0.29758387804,"dmean2":0.406933397055,"dvar":0.12067078799,"dvar2":0.216948375106,"max":9.82539367676,"mean":6.77544307709,"median":6.88727140427,"min":3.57646822929,"var":0.764277279377},"spectral_flux":{"dmean":0.0324983224273,"dmean2":0.0496488288045,"dvar":0.00167833722662,"dvar2":0.00341138918884,"max":0.355521410704,"mean":0.0771265029907,"median":0.0615527033806,"min":6.46216760658e-11,"var":0.00357228633948},"spectral_kurtosis":{"dmean":5.60533428192,"dmean2":8.45096588135,"dvar":96.4482040405,"dvar2":182.638290405,"max":181.516220093,"mean":12.8508052826,"median":7.02699613571,"min":-1.26911509037,"var":351.157501221},"spectral_rms":{"dmean":0.00102869002149,"dmean2":0.00154839514289,"dvar":0.00000188797491774,"dvar2":0.00000417001137976,"max":0.013694435358,"mean":0.0044800224714,"median":0.00466400198638,"min":3.11786599143e-12,"var":0.00000621581011728},"spectral_rolloff":{"dmean":290.544647217,"dmean2":495.351715088,"dvar":604366.5625,"dvar2":1385317.875,"max":19810.546875,"mean":861.332885742,"median":387.59765625,"min":43.06640625,"var":3005722.75},"spectral_skewness":{"dmean":0.527603447437,"dmean2":0.769165039062,"dvar":0.480912894011,"dvar2":0.898083209991,"max":11.974155426,"mean":2.48139476776,"median":2.05123925209,"min":-0.314069956541,"var":2.4493765831},"spectral_spread":{"dmean":700614.1875,"dmean2":1007036.1875,"dvar":1021687234560,"dvar2":2198140485630,"max":54775572,"mean":4082738.25,"median":3359609.25,"min":597105.75,"var":11103894503400},"spectral_strongpeak":{"dmean":0.330933511257,"dmean2":0.555188655853,"dvar":0.326883077621,"dvar2":0.804164767265,"max":11.5968570709,"mean":0.739431917667,"median":0.569850444794,"min":0,"var":0.639906167984},"zerocrossingrate":{"dmean":0.00757452379912,"dmean2":0.00912125315517,"dvar":0.000132429850055,"dvar2":0.000161510324688,"max":0.53515625,"mean":0.0370789915323,"median":0.02685546875,"min":0.0029296875,"var":0.00215572235174}},"metadata":{"audio_properties":{"analysis_sample_rate":44100,"bit_rate":320000,"codec":"mp3","downmix":"mix","equal_loudness":0,"length":273.136322021,"lossless":false,"md5_encoded":"00231199bc61ea6702f67d66ec185f37","replay_gain":-12.6002311707,"sample_rate":44100},"tags":{"acoustid_id":["9600b4da-f1a4-43df-8f13-9c0e11e16867"],"album":["Vagabonds Kings Warriors Angels"],"albumartist":["Thin Lizzy"],"albumartistsort":["Thin Lizzy"],"artist":["Thin Lizzy"],"asin":["B000H5VCQE"],"barcode":["602498416099"],"bpm":["110"],"contentgroup":["Rock"],"date":["2001"],"discnumber":["2/4"],"file_name":"Thin Lizzy - Showdown.mp3","genre":["Rock; Hard Rock; Heavy Metal; Funk"],"label":["Mercury"],"media":["CD"],"musicbrainz album release country":["GB"],"musicbrainz album status":["official"],"musicbrainz album type":["album/compilation"],"musicbrainz_albumartistid":["6a726ac6-019e-455c-8bbb-571a77bed52e"],"musicbrainz_albumid":["a640ce9d-ae11-4009-bf24-57bc2372f7a7"],"musicbrainz_artistid":["6a726ac6-019e-455c-8bbb-571a77bed52e"],"musicbrainz_recordingid":["6c9e5e2d-dc82-45c4-9f04-9899f07ac003"],"musicbrainz_releasegroupid":["fdfd3e6a-8448-3845-ba40-a42f63ddff56"],"originaldate":["2001"],"originalyear":["2001"],"script":["Latn"],"title":["Showdown"],"tracknumber":["6/19"]},"version":{"essentia":"2.1-beta2","essentia_build_sha":"70f2e5ece6736b2c40cc944ad0e695b16b925413","essentia_git_sha":"v2.1_beta2","extractor":"music 1.0"}},"rhythm":{"beats_count":724,"beats_loudness":{"dmean":0.0229310262948,"dmean2":0.0414640381932,"dvar":0.000355616386514,"dvar2":0.00108174537309,"max":0.121746443212,"mean":0.0341577269137,"median":0.0316481441259,"min":0,"var":0.000547667907085},"beats_loudness_band_ratio":{"dmean":[0.252867698669,0.176249951124,0.106080494821,0.0569132566452,0.0334473326802,0.0361804813147],"dmean2":[0.442114114761,0.308638751507,0.192649126053,0.100204475224,0.05