{"lowlevel":{"average_loudness":0.961122572422,"barkbands":{"dmean":[0.000131598775624,0.00376422773115,0.0032769551035,0.00288664991967,0.0041457619518,0.00128495681565,0.00069533806527,0.000423505232902,0.000479118141811,0.000517150561791,0.000269591721008,0.000296993443044,0.000175036926521,0.000359651487088,0.000234951206949,0.000212367405766,0.000331376824761,0.000196379420231,0.000153396351379,0.000100500896224,0.0000633425734122,0.0000704008925823,0.0000514603052579,0.000026785859518,0.0000193678315554,0.00000905290653463,0.00000143293789279],"dmean2":[0.000224804898608,0.00605530990288,0.00549642089754,0.00488673662767,0.006912488956,0.0020158442203,0.00111313571688,0.000685254053678,0.000735304900445,0.000764120079111,0.000400570133934,0.000451531202998,0.000269607902737,0.000562434433959,0.000370496331016,0.000328940281179,0.000507212942466,0.000305565801682,0.000237381827901,0.000154720983119,0.0000955299910856,0.000102325953776,0.00007337443094,0.0000378618751711,0.0000283375393337,0.0000132582381411,0.00000224324890041],"dvar":[1.05596008382e-7,0.0000446613703389,0.000032554333302,0.0000197329318326,0.0000491461578349,0.00000404762658945,0.00000204933462555,9.56740905167e-7,0.00000111361862309,0.00000169662303051,6.63244293264e-7,4.67605076437e-7,2.55512361491e-7,6.62899822146e-7,2.38423751853e-7,3.41232635037e-7,4.60092877574e-7,1.90908494346e-7,8.25764772117e-8,3.88381913297e-8,2.01700736113e-8,4.70297756294e-8,2.95329432021e-8,5.40646150071e-9,6.89558588007e-9,1.60528235149e-9,4.5153915329e-11],"dvar2":[2.83115042521e-7,0.000110568893433,0.0000898020443856,0.000052631701692,0.000130338827148,0.00000991802426142,0.00000500039686813,0.00000231349326896,0.0000022426720534,0.00000344300701727,0.00000131498177325,9.60880470302e-7,5.68210339225e-7,0.00000159141563927,5.51474840904e-7,8.09423738701e-7,9.86284931059e-7,4.19683686914e-7,1.86891355725e-7,9.33096231392e-8,4.53340192053e-8,9.69971623022e-8,5.79668935075e-8,1.07967998986e-8,1.50047103631e-8,3.4805307525e-9,1.13313337879e-10],"max":[0.00449582887813,0.0744599252939,0.0548347607255,0.062880396843,0.0721053555608,0.0425744876266,0.0297028813511,0.0277245659381,0.0213394984603,0.0239778831601,0.0206192228943,0.0218510366976,0.011701178737,0.0179685428739,0.0130897313356,0.0169124957174,0.0139684658498,0.0122414333746,0.0063179275021,0.00499312672764,0.00573463458568,0.00962550193071,0.00631331233308,0.00174606440123,0.00242101727054,0.00104244356044,0.000186199176824],"mean":[0.000149211744429,0.00816240813583,0.00645454181358,0.00433914037421,0.00708953896537,0.00292848469689,0.00120407040231,0.000713026034646,0.000945300445892,0.00109416234773,0.000569250143599,0.00067399116233,0.000313645286951,0.000646868371405,0.000424966361606,0.000372822309146,0.000620984181296,0.000396331073716,0.000315765064443,0.000210809259443,0.000141110882396,0.000145601996337,0.000100450095488,0.0000537562591489,0.000038050206058,0.0000157520280482,0.00000192532866095],"median":[0.000049649795983,0.00678213778883,0.0051328567788,0.00226926826872,0.00472301431,0.00195734901354,0.000600477214903,0.000309405790176,0.000347415101714,0.000275104306638,0.000124486337882,0.000190395789105,0.00009585711814,0.00020504987333,0.00018733178149,0.000129935273435,0.000251399411354,0.000164638986462,0.000156513153343,0.000104575985461,0.0000825743190944,0.0000726297876099,0.0000428557723353,0.0000248429423664,0.0000145488756971,0.0000042464607759,3.89074614304e-7],"min":[3.23627307025e-24,1.41561341877e-23,2.49998816664e-24,1.49552398323e-24,1.9441749955e-23,2.02811263572e-23,1.67491026283e-23,1.75042712842e-23,3.64673893514e-23,1.64057319866e-23,4.31223966526e-23,5.39501152665e-23,5.74770618867e-23,3.04045452217e-23,7.08477746027e-23,1.03572533296e-22,1.26617173511e-22,2.56573967575e-22,1.63883252974e-22,2.68196703365e-22,2.96982275662e-22,3.73057698955e-22,5.44091477475e-22,7.41011253283e-22,9.75807762626e-22,1.5326606619e-21,2.30844217758e-21],"var":[8.7497454615e-8,0.0000523238923051,0.00003465132977,0.0000314643475576,0.000060377529735,0.0000100758479675,0.00000387412092095,0.00000191350272871,0.00000337705296261,0.00000662575621391,0.0000030599544516,0.00000261617378783,6.60380123918e-7,0.00000176838364041,5.69960377561e-7,6.72077987929e-7,0.00000115993543659,5.5012952771e-7,2.1095603131e-7,9.44041786965e-8,4.66908112173e-8,1.00447287821e-7,7.23693531768e-8,1.34327100554e-8,1.26746684259e-8,2.95738700196e-9,4.65955642126e-11]},"barkbands_crest":{"dmean":2.1872959137,"dmean2":3.63294911385,"dvar":4.98458814621,"dvar2":13.7199220657,"max":26.959897995,"mean":9.78433609009,"median":9.05764007568,"min":2.92261004448,"var":12.8446702957},"barkbands_flatness_db":{"dmean":0.0212573967874,"dmean2":0.0310948137194,"dvar":0.000456230714917,"dvar2":0.000955192488618,"max":0.675060272217,"mean":0.177425041795,"median":0.151839315891,"min":0.0437210984528,"var":0.00772130070254},"barkbands_kurtosis":{"dmean":8.97559738159,"dmean2":12.3899383545,"dvar":16521.0097656,"dvar2":28202.8320312,"max":13040.7255859,"mean":20.4768695831,"median":4.57007169724,"min":-1.86389613152,"var":88032.5390625},"barkbands_skewness":{"dmean":0.583892405033,"dmean2":0.895286858082,"dvar":1.12712597847,"dvar2":2.11813116074,"max":108.71244812,"mean":2.24483823776,"median":1.96146345139,"min":-2.17400932312,"var":11.9926671982},"barkbands_spread":{"dmean":3.99915337563,"dmean2":6.06371593475,"dvar":28.4999446869,"dvar2":63.3514862061,"max":125.993141174,"mean":16.0715312958,"median":14.2325315475,"min":0.0390772484243,"var":132.435058594},"dissonance":{"dmean":0.0180754419416,"dmean2":0.0296493135393,"dvar":0.000352333037881,"dvar2":0.000905624823645,"max":0.500000178814,"mean":0.45625436306,"median":0.467942267656,"min":0.175780326128,"var":0.00152427121066},"dynamic_complexity":2.32090902328,"erbbands":{"dmean":[0.0858890712261,0.947302877903,3.3878235817,6.51424264908,16.3609809875,10.5671710968,12.0091724396,8.84159088135,10.3081941605,8.74694156647,9.08119297028,10.3361730576,16.7546405792,11.0289621353,9.58930778503,11.8549528122,7.42699956894,14.1253118515,15.1288919449,9.05601882935,13.0657758713,17.1021633148,11.1805257797,8.58599853516,5.89497852325,4.83622026443,3.02156472206,2.43002009392,2.57170915604,2.112429142,1.38656806946,0.723461985588,0.38271060586,0.22443048656,0.144024953246,0.0543989427388,0.0145453391597,0.00241840304807,0.000254245620454,0.0000178655791387],"dmean2":[0.140984579921,1.54834389687,5.65142059326,10.9341039658,27.4883785248,17.6259727478,18.9334392548,14.0529327393,16.2258434296,14.3445043564,14.5404014587,15.761806488,25.3091888428,15.9729127884,13.9651660919,17.7493209839,11.1569595337,21.7152404785,23.6514091492,13.4825191498,19.9461135864,26.03083992,17.0501461029,13.2237052917,9.05262756348,7.40768814087,4.57371330261,3.64630532265,3.79264450073,3.08118414879,1.97313141823,1.02252590656,0.552359044552,0.32908514142,0.21293617785,0.079851873219,0.0214687772095,0.00368557451293,0.000394417147618,0.0000275847796729],"dvar":[0.0381401889026,2.52215385437,32.9755058289,108.668357849,902.928527832,284.853546143,344.382171631,315.422210693,501.852844238,390.483886719,387.455688477,485.897155762,1659.62194824,861.540344238,664.850952148,664.812866211,364.23538208,1211.29064941,845.550842285,558.596984863,1119.65600586,1112.9263916,632.145263672,262.25302124,124.25667572,88.1999053955,29.905134201,56.0111732483,60.5535888672,55.9881401062,19.3361473083,3.91833734512,1.23144543171,0.701897442341,0.466687053442,0.07106410712,0.00356784975156,0.000108140884549,0.00000135721961669,2.09008521601e-9],"dvar2":[0.0989194735885,6.25695037842,87.8312072754,287.254425049,2367.54663086,763.511169434,869.197021484,778.261474609,1203.73962402,974.234924316,930.604980469,1012.74572754,3616.89379883,1631.14477539,1316.74499512,1345.96228027,773.6875,2854.79248047,1957.1875,1199.31677246,2720.44116211,2408.79516602,1348.10852051,588.23260498,290.710388184,204.077758789,67.7245254517,124.792304993,127.948997498,119.370140076,37.5121574402,7.54285240173,2.60965943336,1.54333817959,1.02662038803,0.15565058589,0.00785463489592,0.00025521236239,0.00000339499433721,5.04167818605e-9],"max":[2.1099178791,19.6864929199,61.9255523682,170.026626587,297.120452881,249.043426514,358.953582764,482.621582031,527.839599609,415.541687012,461.699829102,532.534973145,766.231384277,978.247009277,830.63067627,887.132324219,601.839660645,838.850524902,692.533630371,680.660827637,1147.74499512,698.37878418,799.446289062,413.242919922,232.306152344,219.424133301,172.850875854,420.9659729,342.276672363,327.846588135,197.25227356,66.9198455811,27.0022182465,28.7438812256,25.8964328766,7.63944244385,1.77991449833,0.355803698301,0.0289584938437,0.00133235240355],"mean":[0.141902983189,2.16717791557,7.76493549347,11.5579051971,22.9831848145,19.7477302551,26.6799964905,18.066822052,18.8201999664,14.867351532,16.3416137695,22.1385746002,38.0780448914,26.0106086731,24.1501140594,26.1164855957,15.5649852753,27.5306739807,30.317407608,18.5187263489,25.1269569397,33.645401001,24.1775283813,18.0138702393,12.8271837234,10.2431249619,6.83968830109,5.20054578781,5.22987222672,4.14359760284,2.70656466484,1.41874861717,0.757596731186,0.438087105751,0.266767203808,0.09529004246,0.0248077586293,0.00373597373255,0.000364495121175,0.0000558382598683],"median":[0.101372286677,1.89233851433,6.21810531616,6.79097747803,13.3438434601,11.4587249756,16.5559539795,11.2245559692,9.39644527435,7.49714326859,7.75818061829,9.23580169678,10.6398487091,7.45737743378,6.50191879272,8.40221405029,5.87202167511,9.23297405243,13.7430591583,7.763484478,9.86563777924,14.5919513702,10.0001907349,9.36977863312,6.2093000412,5.1993970871,3.94060277939,2.9104719162,2.61949443817,1.89128351212,1.17045497894,0.63647300005,0.338712573051,0.18000087142,0.0927701666951,0.0271424055099,0.00643289182335,0.000871566357091,0.0000926516804611,0.00004722509766],"min":[4.58094531644e-22,1.93706999039e-21,3.34748805959e-21,4.87359388059e-21,1.02972499438e-20,1.19576001504e-19,1.4262788374e-19,2.27636253015e-19,3.37011631226e-19,1.59051968392e-19,4.97414566505e-19,8.37014600964e-19,5.08825109465e-19,1.47474795068e-18,1.75707679126e-18,2.60618368711e-18,2.84345010606e-18,2.33377119111e-18,2.92883665197e-18,3.07262545785e-18,7.92328846368e-18,7.83587863399e-18,1.22463998699e-17,1.13837919389e-17,1.22989324562e-17,1.4017799707e-17,1.09971503498e-17,1.23679259367e-17,1.25419854171e-17,1.40848244977e-17,1.61667289116e-17,1.31990480649e-17,1.06434272403e-17,9.28537865423e-18,7.97150068568e-18,4.86933971009e-18,2.86476882519e-18,1.07958764204e-18,3.26890662841e-19,3.26287467229e-20],"var":[0.0338330082595,3.21062970161,39.645614624,188.974365234,914.309692383,561.846496582,941.988830566,628.275268555,942.093688965,698.321960449,869.598327637,1624.69604492,7524.99169922,4307.36083984,4278.21875,3245.89746094,1140.7565918,3177.05737305,2473.27880859,1472.57836914,2362.37646484,2961.875,2016.67224121,685.071716309,339.108581543,222.82598877,85.3001403809,104.035774231,126.277999878,112.657730103,50.0840682983,10.6960039139,2.71970486641,1.33260095119,0.808221757412,0.126364171505,0.00624856026843,0.00014485399879,0.00000143223769555,2.82687273589e-9]},"erbbands_crest":{"dmean":2.38335108757,"dmean2":3.81527781487,"dvar":5.17811059952,"dvar2":13.1066789627,"max":27.8423175812,"mean":9.60426712036,"median":8.69671440125,"min":2.40575647354,"var":18.6110267639},"erbbands_flatness_db":{"dmean":0.0151290148497,"dmean2":0.0206013452262,"dvar":0.000250252895057,"dvar2":0.000432423257735,"max":0.411158293486,"mean":0.159945443273,"median":0.150396615267,"min":0.0255506820977,"var":0.00259168399498},"erbbands_kurtosis":{"dmean":1.04676628113,"dmean2":1.60717785358,"dvar":3.35845851898,"dvar2":7.30100297928,"max":50.5994224548,"mean":1.18928003311,"median":-0.113034486771,"min":-1.82058811188,"var":17.2303085327},"erbbands_skewness":{"dmean":0.355331778526,"dmean2":0.531019032001,"dvar":0.124631211162,"dvar2":0.273850649595,"max":6.19417762756,"mean":0.535694420338,"median":0.429829061031,"min":-2.57888054848,"var":0.916626870632},"erbbands_spread":{"dmean":7.7262005806,"dmean2":11.408823967,"dvar":71.2850112915,"dvar2":148.503601074,"max":175.620422363,"mean":39.6688575745,"median":38.1883850098,"min":2.13743376732,"var":380.887084961},"gfcc":{"cov":[[12253.0732422,-2140.51660156,-2750.79931641,242.923339844,-527.641662598,361.971160889,-472.646789551,90.8085403442,-447.413421631,165.223648071,-391.307189941,71.5628738403,-413.748474121],[-2140.51660156,1428.99987793,426.669250488,-196.730026245,187.538787842,-242.413757324,155.917129517,-40.9004631042,202.219116211,-135.846191406,131.394577026,-130.965820312,152.450332642],[-2750.79931641,426.669250488,1293.63085938,-48.3097877502,-54.8977470398,22.5756053925,90.1464309692,-82.7989120483,26.7166461945,-38.4875831604,66.7420272827,33.9645004272,68.8968887329],[242.923339844,-196.730026245,-48.3097877502,192.927642822,-0.955329716206,-10.5803670883,-37.0413131714,7.88571548462,-4.96139431,8.6040725708,-16.7464981079,3.08444714546,-6.41898822784],[-527.641662598,187.538787842,-54.8977470398,-0.955329716206,225.892303467,-61.7355232239,32.863155365,30.8558368683,54.9184112549,-2.01944923401,30.5016727448,-19.6966381073,34.6895675659],[361.971160889,-242.413757324,22.5756053925,-10.5803670883,-61.7355232239,167.495300293,7.11347007751,-21.896730423,-75.7512588501,21.9395675659,-9.28610801697,36.0350494385,-31.9285030365],[-472.646789551,155.917129517,90.1464309692,-37.0413131714,32.863155365,7.11347007751,140.022262573,18.3108196259,-0.873234272003,-36.8767127991,14.2743225098,-6.63431453705,28.1394252777],[90.8085403442,-40.9004631042,-82.7989120483,7.88571548462,30.8558368683,-21.896730423,18.3108196259,113.141571045,41.3481063843,-2.03120017052,-19.9590530396,-1.25868296623,6.85540246964],[-447.413421631,202.219116211,26.7166461945,-4.96139431,54.9184112549,-75.7512588501,-0.873234272003,41.3481063843,129.294418335,8.83156013489,15.0907278061,-32.4512710571,22.0754261017],[165.223648071,-135.846191406,-38.4875831604,8.6040725708,-2.01944923401,21.9395675659,-36.8767127991,-2.03120017052,8.83156013489,89.0083618164,22.5618515015,17.1084251404,-22.7359046936],[-391.307189941,131.394577026,66.7420272827,-16.7464981079,30.5016727448,-9.28610801697,14.2743225098,-19.9590530396,15.0907278061,22.5618515015,80.6416397095,18.2941322327,15.1914148331],[71.5628738403,-130.965820312,33.9645004272,3.08444714546,-19.6966381073,36.0350494385,-6.63431453705,-1.25868296623,-32.4512710571,17.1084251404,18.2941322327,74.7619247437,10.1183423996],[-413.748474121,152.450332642,68.8968887329,-6.41898822784,34.6895675659,-31.9285030365,28.1394252777,6.85540246964,22.0754261017,-22.7359046936,15.1914148331,10.1183423996,73.2283706665]],"icov":[[0.000382430938771,-0.00058909173822,0.000800162844826,-0.000522052403539,0.000660147401504,-0.00054011226166,0.000557378982194,-0.000438361777924,0.000974998169113,-0.000830893288366,0.00163389882073,-0.00120479858015,0.00114283594303],[-0.00058909173822,0.00537089817226,-0.0018504752079,0.0039583533071,-0.00152965250891,0.00312959263101,-0.00179988320451,0.00278561911546,-0.00468189595267,0.00631042011082,-0.00894938688725,0.00812374334782,-0.00579707184806],[0.000800162844826,-0.0018504752079,0.00275630946271,-0.00153859902639,0.0018891566433,-0.00174716603942,0.000679222168401,-0.000265283946646,0.00158436619677,-0.00200022174977,0.00390096008778,-0.0039329030551,0.00238790712319],[-0.000522052403539,0.0039583533071,-0.00153859902639,0.00857336819172,-0.00153608352412,0.00298228370957,-0.0000493756415381,0.00158485374413,-0.00286263809539,0.00422831950709,-0.0057038939558,0.00575782964006,-0.00452917255461],[0.000660147401504,-0.00152965250891,0.0018891566433,-0.00153608352412,0.00720539223403,-0.000236036168644,-0.0000692230823915,-0.00189602689352,0.00121801090427,-0.00250616087578,0.00130931963213,-0.00141397269908,0.000468675047159],[-0.00054011226166,0.00312959263101,-0.00174716603942,0.00298228370957,-0.000236036168644,0.0121208056808,-0.00339887244627,0.00198610546067,0.00128257344477,0.000625524146017,-0.0037782615982,0.00194691994693,-0.000822639325634],[0.000557378982194,-0.00179988320451,0.000679222168401,-0.0000493756415381,-0.0000692230823915,-0.00339887244627,0.0117907486856,-0.00451440224424,0.00398467993364,0.00167590519413,0.000316361198202,-0.000129602180095,-0.0000330072471115],[-0.000438361777924,0.00278561911546,-0.000265283946646,0.00158485374413,-0.00189602689352,0.00198610546067,-0.00451440224424,0.0149856926873,-0.00861449074,0.00290731969289,0.000695767463185,-0.000505119736772,-0.00236648507416],[0.000974998169113,-0.00468189595267,0.00158436619677,-0.00286263809539,0.00121801090427,0.00128257344477,0.00398467993364,-0.00861449074,0.0204263310879,-0.00958648882806,0.00581054529175,-0.000526109943166,0.0025049103424],[-0.000830893288366,0.00631042011082,-0.00200022174977,0.00422831950709,-0.00250616087578,0.000625524146017,0.00167590519413,0.00290731969289,-0.00958648882806,0.0252398718148,-0.0166901443154,0.00619748374447,-0.00170316849835],[0.00163389882073,-0.00894938688725,0.00390096008778,-0.0057038939558,0.00130931963213,-0.0037782615982,0.000316361198202,0.000695767463185,0.00581054529175,-0.0166901443154,0.0360696390271,-0.0203610863537,0.00963551178575],[-0.00120479858015,0.00812374334782,-0.0039329030551,0.00575782964006,-0.00141397269908,0.00194691994693,-0.000129602180095,-0.000505119736772,-0.000526109943166,0.00619748374447,-0.0203610863537,0.0345285534859,-0.0163631010801],[0.00114283594303,-0.00579707184806,0.00238790712319,-0.00452917255461,0.000468675047159,-0.000822639325634,-0.0000330072471115,-0.00236648507416,0.0025049103424,-0.00170316849835,0.00963551178575,-0.0163631010801,0.0281696654856]],"mean":[-6.55285787582,119.54724884,-96.3434295654,44.6492004395,-47.8161735535,9.67375087738,-34.7924690247,4.20171642303,-21.2149276733,-5.06555891037,-16.1020240784,-1.59192788601,-8.98181915283]},"hfc":{"dmean":4.09423542023,"dmean2":5.55573892593,"dvar":34.8032226562,"dvar2":63.7195701599,"max":152.044219971,"mean":19.3922920227,"median":15.3382587433,"min":1.13113772393e-16,"var":241.553283691},"melbands":{"dmean":[0.000898568425328,0.00151262013242,0.00135199946817,0.00104975909926,0.000369068584405,0.000207145742024,0.000152656590217,0.0000931991089601,0.0000739056777093,0.0000701998724253,0.0000858009880176,0.0000478298425151,0.0000332291929226,0.0000319530772686,0.0000237085914705,0.0000195241591427,0.0000304280911223,0.0000289142135443,0.0000165820565599,0.0000122241372082,0.0000174287979462,0.0000207905213756,0.0000152544716912,0.00000832304340292,0.00000762365016271,0.00000581697531743,0.00000357295084541,0.00000348830280927,0.00000218189666157,0.00000168978556303,0.00000150512119035,0.00000153997518737,0.00000147142714013,0.00000115827060654,8.59245858464e-7,6.5713152253e-7,3.97728996404e-7,2.81198623497e-7,2.45446358349e-7,1.85631648719e-7],"dmean2":[0.00145152502228,0.00249505159445,0.00226307334378,0.0017613612581,0.000585402129218,0.00032833617297,0.000241515386733,0.000152268868987,0.000118187912449,0.000106980500277,0.00012952380348,0.0000692766989232,0.000048384998081,0.0000474397493235,0.000035414355807,0.0000294916026178,0.0000470839004265,0.0000449843282695,0.0000256587845797,0.0000182350213436,0.0000268396361207,0.0000322068954119,0.0000232879756368,0.0000131089400384,0.0000119648620966,0.00000915551936487,0.00000557460998607,0.00000542859379493,0.00000338426593771,0.0000026469151635,0.00000229665079132,0.00000233048899645,0.00000219550338443,0.00000172458032921,0.00000124583789329,9.58260216066e-7,5.74480623072e-7,4.16210156118e-7,3.65827588666e-7,2.78676139942e-7],"dvar":[0.00000319168179885,0.00000566793050893,0.00000399650070904,0.00000336091375175,2.87358972173e-7,1.4427577355e-7,1.00185893359e-7,4.55071891281e-8,2.33959447371e-8,2.37697879157e-8,4.32620659296e-8,1.66127502865e-8,8.51460058016e-9,5.80940007211e-9,3.30587202058e-9,3.08035574825e-9,5.6415379035e-9,3.42321193614e-9,1.36117239702e-9,1.21983634305e-9,2.00048444476e-9,1.84854609397e-9,1.37347722085e-9,3.33108374218e-10,2.1837813502e-10,1.41643488605e-10,6.05253833164e-11,4.84671573708e-11,1.59648978065e-11,1.1991223986e-11,2.99198651965e-11,2.35637499096e-11,1.85257781338e-11,1.90211544432e-11,8.10273376173e-12,3.62446357649e-12,1.16418680252e-12,6.65864119485e-13,5.71602877877e-13,5.4940080263e-13],"dvar2":[0.00000814042323327,0.0000144425657709,0.0000106370443973,0.00000899013139133,7.41689859751e-7,3.54860787866e-7,2.42397561578e-7,1.12715646594e-7,5.52932846176e-8,4.8932854213e-8,9.39828836977e-8,3.13835677446e-8,1.71026961482e-8,1.14355511727e-8,6.92386636914e-9,6.47468612058e-9,1.33968143246e-8,8.00840016524e-9,3.15122639094e-9,2.52503529197e-9,4.87919527004e-9,4.18037204852e-9,2.82661138939e-9,7.73024089185e-10,5.00600894071e-10,3.4140024141e-10,1.51726575748e-10,1.12566546362e-10,3.73486623573e-11,2.89601606585e-11,6.99038951724e-11,5.21463774938e-11,3.86436126154e-11,4.15410726651e-11,1.6173319628e-11,7.5193792165e-12,2.42029855359e-12,1.45007432711e-12,1.26499592051e-12,1.24236656119e-12],"max":[0.0198880638927,0.0308301113546,0.0237254817039,0.0195297691971,0.0105661200359,0.00990675017238,0.00685135787353,0.00456914072856,0.00384810892865,0.00357397925109,0.00375896110199,0.00421113334596,0.00258753355592,0.00281750271097,0.00184733315837,0.00134026736487,0.00191376102157,0.00144170003477,0.00141512905248,0.0010507714469,0.0016135770129,0.000939669727813,0.00115463486873,0.00056843837956,0.000384888815461,0.000307049514959,0.000311999989208,0.000154996276251,0.000118115836813,0.000102532139863,0.000316418241709,0.000230994424783,0.000191765502677,0.000189577316632,0.000126249928144,0.0000802178255981,0.0000303819924738,0.0000200326885533,0.0000238766624534,0.0000251425335591],"mean":[0.0017651244998,0.00374386901967,0.00232938537374,0.00163893005811,0.000845720176585,0.000445185520221,0.000279551255517,0.000156401511049,0.000130139189423,0.00014421303058,0.0001901404612,0.000104342085251,0.0000766248631408,0.0000769826583564,0.0000456415909866,0.0000345551707142,0.0000553715253773,0.0000538434323971,0.0000301376530842,0.0000221074878937,0.0000312685406243,0.0000369926383428,0.0000286438062176,0.0000164506818692,0.0000145621543197,0.0000110176933958,0.00000724852088752,0.00000671699626764,0.00000454483324575,0.00000335230151904,0.00000288796218229,0.00000292011213787,0.00000285609849016,0.00000209310019272,0.00000161270418175,0.00000118926448067,7.42150348287e-7,5.20244157087e-7,4.65663362093e-7,3.35568358878e-7],"median":[0.00124120153487,0.0030878901016,0.00153875979595,0.000972992856987,0.000581698608585,0.000287798757199,0.000142239703564,0.0000730741594452,0.00005854916526,0.000053331725212,0.0000487249853904,0.0000273285077128,0.0000189993952517,0.0000206720324059,0.000015945008272,0.00000959116277954,0.0000166330719367,0.0000221409318328,0.0000127686980704,0.00000760123020882,0.0000116713226817,0.0000149191382661,0.0000103590673461,0.00000714092493581,0.0000073810797403,0.00000493314473715,0.00000337677261086,0.00000323686026604,0.00000241365523834,0.00000191710591935,0.00000145263913964,0.00000141522741615,0.00000135619961839,8.69487678301e-7,6.7106412871e-7,4.95961103297e-7,3.34090316301e-7,2.26783342328e-7,1.99886102337e-7,1.28227299001e-7],"min":[4.63888393138e-24,2.01471623927e-24,1.37075616474e-24,3.99125949934e-24,6.10841504639e-24,4.54651936343e-24,5.73967503245e-24,2.11883897623e-24,3.71431449577e-24,4.59433301176e-24,2.30242998305e-24,5.48016622147e-24,5.25866788435e-24,6.42889294458e-24,4.88641704495e-24,6.68179622877e-24,3.75665423828e-24,3.69212817724e-24,5.30192191665e-24,2.59540996502e-24,1.16475714975e-23,7.76077572024e-24,7.76708581862e-24,1.2192169512e-23,8.36787912859e-24,7.83337301163e-24,7.69491214554e-24,7.20343208007e-24,7.30739211446e-24,6.90738914842e-24,5.67186612676e-24,6.31431129253e-24,7.09611465366e-24,7.94732949141e-24,9.51171087509e-24,8.94402447958e-24,6.41583650774e-24,6.9018363565e-24,6.95291431126e-24,7.8964747843e-24],"var":[0.00000325064684148,0.00000739249435355,0.00000567738970858,0.00000396568520955,7.6794594861e-7,3.10131383685e-7,1.92165956037e-7,8.04371822483e-8,5.4092456736e-8,7.80173721182e-8,1.95955621507e-7,7.30543590066e-8,4.39049188117e-8,3.88875207591e-8,1.11544942172e-8,8.4516944554e-9,1.49208965183e-8,9.39137301259e-9,3.25043747473e-9,2.85870460637e-9,3.96148891468e-9,4.09753520003e-9,3.67790509159e-9,9.12988906698e-10,4.88088569561e-10,3.0587951616e-10,1.2881627709e-10,1.07836170549e-10,4.11686483515e-11,2.45419795597e-11,4.67964417217e-11,4.30966512477e-11,3.96829444305e-11,3.53659289354e-11,1.95066237468e-11,9.15633107529e-12,2.7371974045e-12,1.34325775329e-12,1.14916333827e-12,9.41547512699e-13]},"melbands_crest":{"dmean":2.81127309799,"dmean2":4.66349124908,"dvar":7.27087497711,"dvar2":19.4434928894,"max":39.9954605103,"mean":15.1476898193,"median":14.5587310791,"min":1.65635180473,"var":20.8979930878},"melbands_flatness_db":{"dmean":0.0258827973157,"dmean2":0.0378481075168,"dvar":0.000668675871566,"dvar2":0.0014060450485,"max":0.764196515083,"mean":0.263292551041,"median":0.233993858099,"min":0.004838116467,"var":0.0113708302379},"melbands_kurtosis":{"dmean":18.7582874298,"dmean2":28.6089477539,"dvar":74328.8671875,"dvar2":171467.515625,"max":24314.078125,"mean":38.1073074341,"median":13.9067344666,"min":-1.35413885117,"var":203850.015625},"melbands_skewness":{"dmean":0.804009914398,"dmean2":1.24641644955,"dvar":2.71789550781,"dvar2":6.31050777435,"max":149.6484375,"mean":3.42274403572,"median":3.0278172493,"min":-0.144888326526,"var":16.2811775208},"melbands_spread":{"dmean":4.13005590439,"dmean2":6.36170148849,"dvar":32.5457115173,"dvar2":73.6779403687,"max":166.60244751,"mean":14.5180931091,"median":11.0796604156,"min":0.036036234349,"var":147.394180298},"mfcc":{"cov":[[9749.59570312,-2242.10839844,-2026.08312988,-243.983978271,-284.360931396,66.2154693604,-158.016601562,-65.9480209351,-167.886260986,-29.3667011261,-27.8358631134,-9.5690870285,-97.6718597412],[-2242.10839844,1488.53942871,305.58984375,68.9302902222,73.7387466431,-109.946388245,8.18388557434,25.3880634308,71.0440292358,47.5718383789,25.1962680817,-2.25957512856,-2.2858235836],[-2026.08312988,305.58984375,1068.62683105,-16.7226581573,-22.9098911285,85.3729476929,48.0339775085,10.5110635757,-25.8003311157,-61.1296920776,-22.4556980133,-13.8839254379,35.2788658142],[-243.983978271,68.9302902222,-16.7226581573,198.502075195,61.4862289429,-47.4104156494,-24.6833343506,1.64912009239,36.5099067688,21.4747982025,-3.87371110916,4.87041378021,-4.64957761765],[-284.360931396,73.7387466431,-22.9098911285,61.4862289429,145.701477051,-10.7178926468,-30.3874416351,-14.4967422485,18.3529720306,16.7079944611,19.1128940582,9.43523406982,7.12875080109],[66.2154693604,-109.946388245,85.3729476929,-47.4104156494,-10.7178926468,123.108352661,46.9087677002,-18.8635025024,-43.1063156128,-26.1996860504,-11.4624576569,1.86186921597,13.093583107],[-158.016601562,8.18388557434,48.0339775085,-24.6833343506,-30.3874416351,46.9087677002,128.605987549,33.0601768494,-11.7404317856,-25.5999755859,-18.1120300293,-4.3638753891,9.76655960083],[-65.9480209351,25.3880634308,10.5110635757,1.64912009239,-14.4967422485,-18.8635025024,33.0601768494,87.626411438,34.944316864,-2.81933355331,-8.15047073364,-12.0761213303,-9.24682426453],[-167.886260986,71.0440292358,-25.8003311157,36.5099067688,18.3529720306,-43.1063156128,-11.7404317856,34.944316864,89.1893539429,35.2037162781,0.524878680706,-8.42201137543,-12.4360723495],[-29.3667011261,47.5718383789,-61.1296920776,21.4747982025,16.7079944611,-26.1996860504,-25.5999755859,-2.81933355331,35.2037162781,73.0238037109,28.4372653961,-3.29693746567,-15.0747318268],[-27.8358631134,25.1962680817,-22.4556980133,-3.87371110916,19.1128940582,-11.4624576569,-18.1120300293,-8.15047073364,0.524878680706,28.4372653961,69.3247451782,22.8086261749,-2.86041474342],[-9.5690870285,-2.25957512856,-13.8839254379,4.87041378021,9.43523406982,1.86186921597,-4.3638753891,-12.0761213303,-8.42201137543,-3.29693746567,22.8086261749,63.6882629395,27.6015930176],[-97.6718597412,-2.2858235836,35.2788658142,-4.64957761765,7.12875080109,13.093583107,9.76655960083,-9.24682426453,-12.4360723495,-15.0747318268,-2.86041474342,27.6015930176,67.2559890747]],"icov":[[0.000319536658935,0.000294763216516,0.000550683413167,0.0000961112964433,0.000507864053361,-0.000296081474517,0.000525636423845,-0.000189227168448,0.000339972611982,0.00018405605806,0.0000358558099833,0.0000731497420929,0.000168934537214],[0.000294763216516,0.00114195118658,0.000150531079271,0.000180930102943,-0.0000074348522503,0.000838447187562,-0.000117560150102,0.000048465684813,0.000143859055243,-0.000323419953929,0.0000267124487436,-0.0000240922763624,0.000226850519539],[0.000550683413167,0.000150531079271,0.0021533309482,-0.0000886408379301,0.00125841517001,-0.00172645528801,0.0012295510387,-0.000565828057006,0.000343343039276,0.00139818887692,-0.000377071235562,0.000812910380773,-0.000357201352017],[0.0000961112964433,0.000180930102943,-0.0000886408379301,0.0068338192068,-0.00265095965005,0.00232638604939,-0.000242862632149,0.000483945274027,-0.000896565907169,-0.00121321540792,0.00250275689177,-0.0015970460372,0.00091869791504],[0.000507864053361,-0.0000074348522503,0.00125841517001,-0.00265095965005,0.0100198797882,-0.00253347936086,0.0026223284658,0.000743405951653,-0.00144523661584,0.00135051098187,-0.00287484866567,0.00100055814255,-0.00145091756713],[-0.000296081474517,0.000838447187562,-0.00172645528801,0.00232638604939,-0.00253347936086,0.0147301740944,-0.00588449556381,0.00342614087276,0.00323433359154,-0.00114282802679,0.0018280078657,-0.000707990315277,0.000101535872091],[0.000525636423845,-0.000117560150102,0.0012295510387,-0.000242862632149,0.0026223284658,-0.00588449556381,0.0128839751706,-0.00585976522416,0.00127714150585,0.00187584583182,0.00062855926808,0.000490267819259,-0.00122918526176],[-0.000189227168448,0.000048465684813,-0.000565828057006,0.000483945274027,0.000743405951653,0.00342614087276,-0.00585976522416,0.0180352237076,-0.00824847072363,0.00378119433299,-0.00127940019593,0.00164979067631,0.00123266701121],[0.000339972611982,0.000143859055243,0.000343343039276,-0.000896565907169,-0.00144523661584,0.00323433359154,0.00127714150585,-0.00824847072363,0.0212986692786,-0.00971082318574,0.0045579187572,-0.000798162654974,0.000743626209442],[0.00018405605806,-0.000323419953929,0.00139818887692,-0.00121321540792,0.00135051098187,-0.00114282802679,0.00187584583182,0.00378119433299,-0.00971082318574,0.0248369816691,-0.0105195008218,0.0042844931595,0.00133144238498],[0.0000358558099833,0.0000267124487436,-0.000377071235562,0.00250275689177,-0.00287484866567,0.0018280078657,0.00062855926808,-0.00127940019593,0.0045579187572,-0.0105195008218,0.0232634898275,-0.00995618570596,0.00366578507237],[0.0000731497420929,-0.0000240922763624,0.000812910380773,-0.0015970460372,0.00100055814255,-0.000707990315277,0.000490267819259,0.00164979067631,-0.000798162654974,0.0042844931595,-0.00995618570596,0.0241427402943,-0.00976277887821],[0.000168934537214,0.000226850519539,-0.000357201352017,0.00091869791504,-0.00145091756713,0.000101535872091,-0.00122918526176,0.00123266701121,0.000743626209442,0.00133144238498,0.00366578507237,-0.00976277887821,0.0204529240727]],"mean":[-650.737121582,142.510803223,14.242814064,38.7521286011,11.7354726791,9.73749828339,-0.717314422131,7.70212841034,-0.692156434059,-0.117955833673,-2.10131549835,-3.57566690445,-4.16695213318]},"pitch_salience":{"dmean":0.0689713507891,"dmean2":0.114224456251,"dvar":0.00410573696718,"dvar2":0.0111936470494,"max":0.991268157959,"mean":0.54030162096,"median":0.542703151703,"min":0.00146725587547,"var":0.0111511228606},"silence_rate_20dB":{"dmean":0,"dmean2":0,"dvar":0,"dvar2":0,"max":1,"mean":1,"median":1,"min":1,"var":0},"silence_rate_30dB":{"dmean":0,"dmean2":0,"dvar":0,"dvar2":0,"max":1,"mean":1,"median":1,"min":1,"var":0},"silence_rate_60dB":{"dmean":0.00055908865761,"dmean2":0.00111825554632,"dvar":0.000558773463126,"dvar2":0.0015363721177,"max":1,"mean":0.0109014678746,"median":0,"min":0,"var":0.0107820564881},"spectral_centroid":{"dmean":198.995498657,"dmean2":303.20690918,"dvar":64012.8320312,"dvar2":139240.859375,"max":11148.0615234,"mean":954.224731445,"median":864.252563477,"min":107.179985046,"var":356872.21875},"spectral_complexity":{"dmean":3.49570202827,"dmean2":5.1629858017,"dvar":13.6004295349,"dvar2":25.6412982941,"max":58,"mean":19.6944789886,"median":18,"min":0,"var":125.49597168},"spectral_contrast_coeffs":{"dmean":[0.0496881119907,0.046916294843,0.0358130969107,0.0290819685906,0.0205473769456,0.0163717605174],"dmean2":[0.082364924252,0.0765431672335,0.0579084977508,0.0464154779911,0.0331446751952,0.0260840896517],"dvar":[0.00180697720498,0.00151427462697,0.000870697607752,0.000579604122322,0.000315816490911,0.000240071982262],"dvar2":[0.00493597052991,0.00401743641123,0.00214098091237,0.0013840298634,0.000756456109229,0.000580216175877],"max":[-0.305317133665,-0.425854891539,-0.507539451122,-0.573122918606,-0.565792322159,-0.622515141964],"mean":[-0.614761531353,-0.71585392952,-0.764802515507,-0.786339700222,-0.801046252251,-0.762337565422],"median":[-0.617393016815,-0.717277288437,-0.776773691177,-0.791466116905,-0.803273439407,-0.756105661392],"min":[-0.976049900055,-0.988926112652,-0.99192160368,-0.996612071991,-0.974518179893,-0.964450716972],"var":[0.00539134675637,0.00487962272018,0.00485321739689,0.00324220070615,0.00200016377494,0.00163348158821]},"spectral_contrast_valleys":{"dmean":[0.342082351446,0.351891219616,0.314069628716,0.301038682461,0.262923747301,0.2737005651],"dmean2":[0.567114830017,0.575944542885,0.500277101994,0.453343212605,0.365982800722,0.341782093048],"dvar":[0.0950351059437,0.0992858633399,0.0853257328272,0.0904867574573,0.0886037126184,0.120243668556],"dvar2":[0.226898819208,0.241987660527,0.186761111021,0.173551887274,0.14721351862,0.187066718936],"max":[-5.20062875748,-4.56942033768,-5.56875801086,-5.74461698532,-5.69676017761,-7.78323602676],"mean":[-6.64372158051,-6.68807125092,-7.44712924957,-7.91127872467,-7.66640233994,-10.4300613403],"median":[-6.5498085022,-6.5339012146,-7.17983341217,-7.55934000015,-7.24029254913,-10.0374383926],"min":[-28.1007575989,-27.5830898285,-27.2791194916,-27.5567455292,-27.2739105225,-27.2933254242],"var":[0.743604183197,1.08210635185,1.43191957474,1.85492622852,2.02013039589,1.751506567]},"spectral_decrease":{"dmean":2.4933408671e-9,"dmean2":4.0588776784e-9,"dvar":9.03970022204e-18,"dvar2":2.24323424647e-17,"max":6.90355289318e-26,"mean":-9.63452606584e-9,"median":-9.12053366164e-9,"min":-2.9740053975e-8,"var":2.01449084839e-17},"spectral_energy":{"dmean":0.00959913805127,"dmean2":0.0155528755859,"dvar":0.000132087661768,"dvar2":0.000325901579345,"max":0.113461568952,"mean":0.0381219796836,"median":0.0363024696708,"min":1.03266390894e-20,"var":0.000316592311719},"spectral_energyband_high":{"dmean":0.000239327069721,"dmean2":0.000327799178194,"dvar":3.64018632126e-7,"dvar2":6.87205272243e-7,"max":0.0222551636398,"mean":0.000609159993473,"median":0.000345156295225,"min":7.414310636e-21,"var":0.00000109047255137},"spectral_energyband_low":{"dmean":0.00631380081177,"dmean2":0.0103470012546,"dvar":0.0000882773092599,"dvar2":0.000213230174268,"max":0.104660496116,"mean":0.0171477198601,"median":0.0147285759449,"min":2.60606384709e-23,"var":0.000128829080495},"spectral_energyband_middle_high":{"dmean":0.00141811871435,"dmean2":0.00196999055333,"dvar":0.00000454019755125,"dvar2":0.0000087774315034,"max":0.0379378609359,"mean":0.00532548734918,"median":0.00276388088241,"min":1.47863744762e-21,"var":0.0000394080743717},"spectral_energyband_middle_low":{"dmean":0.00678425468504,"dmean2":0.011137294583,"dvar":0.0000911696988624,"dvar2":0.000238236476434,"max":0.0949575975537,"mean":0.0177393760532,"median":0.0151596609503,"min":1.65173589601e-22,"var":0.00015427065955},"spectral_entropy":{"dmean":0.169052049518,"dmean2":0.239631280303,"dvar":0.0361423753202,"dvar2":0.0666616335511,"max":9.81164836884,"mean":7.26758861542,"median":7.51183795929,"min":4.01540803909,"var":0.50723284483},"spectral_flux":{"dmean":0.0269286390394,"dmean2":0.0415337532759,"dvar":0.000770793238189,"dvar2":0.00167975609656,"max":0.281896859407,"mean":0.0885139852762,"median":0.0814976096153,"min":6.69330632586e-11,"var":0.00241778627969},"spectral_kurtosis":{"dmean":2.75500369072,"dmean2":4.40609264374,"dvar":25.81158638,"dvar2":60.056476593,"max":126.160705566,"mean":7.66366004944,"median":3.97521424294,"min":-1.23259174824,"var":134.826065063},"spectral_rms":{"dmean":0.000729578721803,"dmean2":0.0011684843339,"dvar":6.39876361674e-7,"dvar2":0.00000155184625328,"max":0.0105211315677,"mean":0.00591127760708,"median":0.00595122203231,"min":3.1740777541e-12,"var":0.00000224900895773},"spectral_rolloff":{"dmean":261.728851318,"dmean2":441.829406738,"dvar":300424.8125,"dvar2":666347.25,"max":19078.4179688,"mean":811.172729492,"median":452.197265625,"min":21.533203125,"var":792143.5625},"spectral_skewness":{"dmean":0.290406554937,"dmean2":0.444570600986,"dvar":0.159732431173,"dvar2":0.3385245502,"max":9.6292219162,"mean":1.869546175,"median":1.47030162811,"min":0.01879026182,"var":1.27321076393},"spectral_spread":{"dmean":457225.34375,"dmean2":638354.125,"dvar":419806347264,"dvar2":680402157568,"max":41545692,"mean":4070069,"median":4016460.25,"min":660593.875,"var":2290115411970},"spectral_strongpeak":{"dmean":0.377348721027,"dmean2":0.670149505138,"dvar":0.495480537415,"dvar2":1.29782485962,"max":10.4443511963,"mean":0.708214223385,"median":0.483963817358,"min":0,"var":0.64197576046},"zerocrossingrate":{"dmean":0.00660259695724,"dmean2":0.00799087900668,"dvar":0.0000718253868399,"dvar2":0.0000949989407673,"max":0.525390625,"mean":0.0380709581077,"median":0.0361328125,"min":0,"var":0.000608626636676}},"metadata":{"audio_properties":{"analysis_sample_rate":44100,"bit_rate":320000,"codec":"mp3","downmix":"mix","equal_loudness":0,"length":332.251434326,"lossless":false,"md5_encoded":"a1cae301c1fbe9a1d4c1f6189e076010","replay_gain":-16.3379840851,"sample_rate":44100},"tags":{"album":["Graveyard"],"albumartist":["Graveyard"],"albumartistsort":["Graveyard"],"artist":["Graveyard"],"artistsort":["Graveyard"],"asin":["B000UZ4E5M"],"catalognumber":["TPE-081"],"contentgroup":["Death Metal"],"date":["2008-02-19"],"discnumber":["1/1"],"file_name":"09 Satan's Finest.mp3","genre":["Death Metal; Stoner Rock; Psychedelic Rock; Psychedelic; Hard Rock"],"label":["Tee Pee Records"],"language":["eng"],"media":["CD"],"mood":["Retro"],"musicbrainz album release country":["US"],"musicbrainz album status":["official"],"musicbrainz album type":["album"],"musicbrainz_albumartistid":["679fc003-616b-44ff-97f7-d82398ad3184"],"musicbrainz_albumid":["9a311144-57b8-442b-b9d2-df4d3f7fe331"],"musicbrainz_artistid":["679fc003-616b-44ff-97f7-d82398ad3184"],"musicbrainz_recordingid":["6cf648aa-2d02-4301-97db-4e8f41ab7511"],"originaldate":["2007-09-10"],"script":["Latn"],"title":["Satan's Finest"],"tracknumber":["9/9"]},"version":{"essentia":"2.1-beta2","essentia_build_sha":"70f2e5ece6736b2c40cc944ad0e695b16b925413","essentia_git_sha":"v2.1_beta2","extractor":"music 1.0"}},"rhythm":{"beats_count":616,"beats_loudness":{"dmean":0.014597450383,"dmean2":0.0255142208189,"dvar":0.000146703780047,"dvar2":0.000445731100626,"max":0.0997101813555,"mean":0.0445923656225,"median":0.0444172918797,"min":1.27698939423e-7,"var":0.000339013524354},"beats_loudness_band_ratio":{"dmean":[0.186861872673,0.143166899681,0.0708603560925,0.0606353059411,0.0605463162065,0.029150698334],"dmean2":[0.328701287508,0.250919908285,0.124096833169,0.105607293546,0.106034018099,0.0537825487554],"dvar":[0.0183070432395,0.0128722907975,0.00551126711071,0.00585421314463,0.0036148133222,0.000781291513704],"dvar2":[0.0506661608815,0.0369820520282,0.0145792588592,0.0157381836325,0.0102724377066,0.