{"lowlevel":{"average_loudness":0.902403116226,"barkbands":{"dmean":[0.000148022358189,0.00278431200422,0.00183386343997,0.00124267709907,0.00102640816476,0.000388100801501,0.000390994042391,0.000472689192975,0.000375917385099,0.000239580389461,0.00027925655013,0.000320803956129,0.000308721268084,0.000324437627569,0.000402185338316,0.000387101084925,0.000664179620799,0.000380365148885,0.000232095044339,0.000174916815013,0.000187241588719,0.000166647310834,0.000127787614474,0.0000824797898531,0.0000673749600537,0.0000372988688468,0.0000163814129337],"dmean2":[0.000233870843658,0.00456113694236,0.00296238460578,0.00214321212843,0.00178312545177,0.000623673608061,0.000639827805571,0.000788788602222,0.000616107950918,0.000401448545745,0.000454147462733,0.000511606398504,0.000510854355525,0.000530489662196,0.000658526783809,0.000637281453237,0.00107652787119,0.000608834030572,0.000385690393159,0.000293940422125,0.000318168895319,0.000276909995591,0.000198269961402,0.000121530873002,0.0000990159751382,0.0000529958451807,0.0000228642438742],"dvar":[1.18005957006e-7,0.0000241508605541,0.0000128252404465,0.00000985330188996,0.00000569133317185,4.75230621078e-7,0.00000105855315269,0.00000345598073181,0.00000143790100537,3.16202829254e-7,5.68189022943e-7,6.25130894605e-7,3.54592543772e-7,4.31080934504e-7,5.39097015917e-7,4.52106377224e-7,0.00000129040097363,5.79181346438e-7,1.87001404583e-7,1.24309053717e-7,1.91704288e-7,1.48214013507e-7,1.21787081753e-7,8.15047727087e-8,2.41081501429e-8,4.86568429992e-9,9.85475590021e-10],"dvar2":[2.60928146645e-7,0.0000627609115327,0.0000338028730766,0.0000251014025707,0.0000161265979841,0.00000125193537315,0.00000262085586655,0.0000088845990831,0.00000353612472281,8.38113635382e-7,0.00000141291377531,0.00000155912596256,9.29894724777e-7,0.00000109972040718,0.00000137498420827,0.00000115819671009,0.0000033157280086,0.00000144508112498,4.86993258164e-7,3.32423525151e-7,5.27230156422e-7,4.06323692914e-7,2.99636667478e-7,1.76719041178e-7,5.44804095171e-8,1.02315382833e-8,2.01608640893e-9],"max":[0.00509780924767,0.0638546571136,0.0410450473428,0.0487660318613,0.0438130311668,0.0135744418949,0.0407933816314,0.0489834286273,0.0505413152277,0.0123864291236,0.0234331768006,0.0227165445685,0.0157998409122,0.0192226730287,0.0160344913602,0.01270962134,0.0289325285703,0.019381524995,0.0089007159695,0.00651450967416,0.00853135995567,0.00748855341226,0.0153123931959,0.016404600814,0.00552038801834,0.00214204727672,0.000346775283106],"mean":[0.000185969736776,0.00522554758936,0.00311481882818,0.00152595201507,0.00146981887519,0.000795161060523,0.00064719869988,0.000575400190428,0.000571613141801,0.000340166734532,0.000418765965151,0.000569973431993,0.000542452791706,0.000565216352697,0.000747825426515,0.000751626910642,0.00132988614496,0.000785378331784,0.000442951888544,0.000314250501106,0.000327760906657,0.000273601908702,0.000215176012716,0.000161486124853,0.000129228355945,0.0000629727510386,0.0000185998615052],"median":[0.0000494314590469,0.00424071773887,0.00221884576604,0.000565736263525,0.000808433222119,0.000390529166907,0.000272388395388,0.000149081082782,0.000236265870626,0.00014531929628,0.000108689222543,0.000184202377568,0.000205744843697,0.000247314659646,0.000364137929864,0.00040652192547,0.000701959244907,0.00038099498488,0.000229667813983,0.000164398545166,0.000149534957018,0.000122111261589,0.0000687424617354,0.0000627091212664,0.000056560827943,0.0000247398056672,0.00000286087038148],"min":[2.42224868544e-25,1.82360896574e-24,2.80952811394e-25,1.1536575021e-24,5.23924691773e-24,8.18330855374e-24,8.76972566257e-24,7.37453995471e-24,1.32068639395e-23,1.51585918048e-23,1.40911257383e-23,3.19981673126e-23,2.46049692197e-23,3.4021535581e-23,4.61907279415e-23,6.13591473755e-23,6.79031966573e-23,8.15637431808e-23,1.24107131706e-22,1.30828529541e-22,2.38381497193e-22,3.49081981991e-22,4.08575650031e-22,6.51115441314e-22,8.00313398516e-22,1.31275845229e-21,1.97883776456e-21],"var":[1.73054488073e-7,0.0000317689991789,0.0000140246183946,0.0000102145131677,0.00000510563631906,0.00000131205865728,0.00000182720532393,0.00000332048989549,0.00000172535851561,3.96657583224e-7,9.53606956955e-7,0.0000017550364646,9.03310990452e-7,8.58791509017e-7,0.00000112258260287,9.51423885454e-7,0.00000311062035507,0.00000130250589336,3.28012163209e-7,1.84966097549e-7,2.4272412702e-7,1.80233598712e-7,2.14029995504e-7,1.66578317362e-7,5.46559597581e-8,1.11155484817e-8,1.32425259647e-9]},"barkbands_crest":{"dmean":2.24943614006,"dmean2":3.69508242607,"dvar":5.37264919281,"dvar2":13.9495267868,"max":23.9085769653,"mean":8.43061923981,"median":7.44968223572,"min":2.12059807777,"var":15.481801033},"barkbands_flatness_db":{"dmean":0.0175352897495,"dmean2":0.0263333655894,"dvar":0.000318414822686,"dvar2":0.000699130119756,"max":0.337299346924,"mean":0.0953438207507,"median":0.0867423936725,"min":0.0158345866948,"var":0.00168402504642},"barkbands_kurtosis":{"dmean":1.46313202381,"dmean2":2.34518289566,"dvar":6.8670258522,"dvar2":17.3780975342,"max":40.4420814514,"mean":0.963303625584,"median":-0.402838349342,"min":-1.91937029362,"var":14.6761445999},"barkbands_skewness":{"dmean":0.453866004944,"dmean2":0.692772448063,"dvar":0.207527980208,"dvar2":0.465937316418,"max":6.07399129868,"mean":0.855064034462,"median":0.677967429161,"min":-4.53976106644,"var":1.22425603867},"barkbands_spread":{"dmean":6.45013904572,"dmean2":10.0613718033,"dvar":46.8730430603,"dvar2":110.167762756,"max":105.158546448,"mean":34.8018226624,"median":35.0014724731,"min":2.96388363838,"var":178.965667725},"dissonance":{"dmean":0.0085837142542,"dmean2":0.0145282000303,"dvar":0.0000775293592596,"dvar2":0.000206567434361,"max":0.500000119209,"mean":0.485139280558,"median":0.488282740116,"min":0.353483319283,"var":0.000153248474817},"dynamic_complexity":3.63470578194,"erbbands":{"dmean":[0.101866513491,0.601053833961,1.75796222687,3.22563052177,4.13594961166,3.40549874306,2.33414745331,3.70805716515,4.22867679596,8.52168560028,10.2151832581,8.15145206451,7.42453956604,8.71620941162,11.1561460495,12.973651886,13.1133508682,14.682806015,20.2163658142,18.2781219482,23.1621303558,38.4706878662,22.0728988647,12.6441040039,10.093205452,8.55868625641,8.16114902496,7.20513772964,6.16265630722,4.18359613419,3.4309155941,2.09278297424,1.41137671471,0.892004370689,0.418569087982,0.196216925979,0.064967751503,0.0170499701053,0.002710708417,0.000155718735186],"dmean2":[0.164369761944,0.992298781872,2.91549420357,5.3633518219,7.12231445312,5.78052949905,3.95619153976,5.90627241135,6.91304111481,13.9075727463,16.8545303345,13.1852884293,12.2824192047,14.3865394592,17.8413658142,20.5743141174,21.2178974152,23.7799911499,32.991985321,29.5927505493,37.9437866211,62.5134773254,35.0524368286,20.8199291229,16.5798149109,14.4502773285,13.8793725967,12.0656747818,10.3118524551,6.81145620346,5.25280809402,3.11428523064,2.10651779175,1.32254850864,0.620266139507,0.283293992281,0.093111500144,0.0239140540361,0.00379048357718,0.000218709843466],"dvar":[0.0391480736434,1.24310672283,13.6879854202,46.4571037292,109.169174194,50.1326065063,23.0663471222,47.1349945068,106.72883606,678.679992676,1867.8112793,857.814758301,302.194000244,410.797241211,933.279907227,1065.50366211,607.820251465,820.743408203,1468.57543945,1175.92102051,1547.54211426,4607.54248047,1984.08032227,619.305236816,298.489776611,325.118682861,399.499450684,258.925262451,214.600753784,99.6416931152,91.2822570801,60.1749191284,17.5810146332,4.87321233749,0.814633607864,0.161585479975,0.0142199564725,0.000965680752415,0.0000273594996543,8.94371936511e-8],"dvar2":[0.101711690426,3.38263440132,37.0888214111,120.059104919,296.247070312,140.088684082,62.6633071899,123.564315796,265.361633301,1787.58081055,4814.84228516,2071.81005859,814.863830566,1044.50146484,2210.64477539,2656.4309082,1518.6796875,2042.17553711,3795.57104492,2878.45117188,3953.61621094,11861.25,4915.35839844,1579.96191406,762.433166504,880.067260742,1096.08862305,711.444519043,591.51373291,261.835845947,217.444168091,139.43208313,37.5682868958,11.0794582367,1.82690346241,0.344806671143,0.0305983088911,0.00197904626839,0.0000559983818675,1.85845252076e-7],"max":[3.03082728386,16.518453598,43.6738166809,105.507011414,161.630020142,150.214691162,107.821334839,157.31602478,507.184020996,873.120910645,1106.51989746,1281.85473633,449.661468506,438.155090332,986.023254395,1138.84375,778.657592773,1093.74194336,949.397399902,756.88470459,856.309204102,1998.95251465,1274.20361328,693.489379883,518.405944824,365.379455566,518.114624023,296.421234131,333.178161621,231.846923828,433.15447998,388.36920166,223.429870605,85.7850723267,38.777557373,17.7245025635,2.46237230301,0.350084722042,0.0571932978928,0.00319020915776],"mean":[0.171942472458,1.12314891815,2.96831417084,4.8985118866,5.12769365311,5.4013209343,3.61278390884,8.04100799561,7.64229059219,13.0991945267,12.9959859848,12.3438625336,11.7702054977,13.4734487534,18.1340293884,24.6225547791,25.4613704681,28.3828964233,37.9040412903,36.7998466492,50.4734077454,77.5224914551,48.3641700745,25.7389278412,21.0125370026,15.4506015778,13.682882309,12.6732959747,10.0749454498,6.89653682709,5.80196046829,3.78778529167,2.69065093994,1.6791973114,0.774406373501,0.346296012402,0.104422181845,0.0218717567623,0.00314066885039,0.000197418528842],"median":[0.123379617929,0.948151707649,2.14650464058,3.11936974525,2.11754417419,2.7556784153,2.10957098007,3.63981819153,3.94903278351,5.31032752991,3.5052716732,4.65624427795,6.16594648361,5.33450317383,4.80565834045,8.24508285522,10.7384090424,12.057882309,18.8760967255,18.66289711,28.9609203339,42.8238372803,24.3987159729,13.2379798889,11.7547149658,7.68914699554,6.02210426331,6.21923589706,4.61005210876,2.40412783623,1.90042829514,1.32293987274,1.06816291809,0.69124430418,0.335426390171,0.14288175106,0.0385944582522,0.00566173624247,0.000541781715583,0.0000562821696803],"min":[1.06402038524e-22,6.80625352005e-22,4.82770100759e-22,4.46548728094e-21,1.43385781514e-20,2.98474488484e-20,5.01257654093e-20,7.0209616978e-20,1.55976420402e-19,1.84068598453e-19,2.23946148603e-19,2.84224118159e-19,5.62101124382e-19,6.39913177424e-19,1.0416551037e-18,1.57607571456e-18,1.47047132351e-18,1.46347513329e-18,2.64152042928e-18,2.90896508532e-18,3.52026892879e-18,4.73600191766e-18,4.98676296112e-18,6.89445569345e-18,7.92726389371e-18,6.77830175106e-18,9.68523445362e-18,1.07328942682e-17,1.1507105543e-17,1.02161595026e-17,1.06566604757e-17,1.08780164892e-17,1.09346849786e-17,7.14399085525e-18,5.61930383964e-18,3.13018647514e-18,2.47559957893e-18,9.94099042721e-19,2.66896855675e-19,2.54328036907e-20],"var":[0.0473010651767,1.40572810173,13.3719987869,49.5898590088,104.504821777,60.4969024658,25.9230747223,153.905410767,222.295349121,783.106933594,1797.74731445,1006.32617188,373.071105957,650.540710449,1661.29467773,3286.33276367,1728.07849121,2148.42211914,3062.09155273,2642.63818359,3677.73291016,10548.6542969,4643.41552734,1159.44335938,650.222412109,484.506317139,483.466644287,326.123016357,241.586593628,160.169418335,167.710845947,104.781257629,37.8709793091,10.4964742661,1.84247624874,0.391840875149,0.0286853797734,0.00139980902895,0.0000367348329746,1.18555988138e-7]},"erbbands_crest":{"dmean":2.41434407234,"dmean2":3.97405552864,"dvar":5.45237541199,"dvar2":13.9092283249,"max":31.5857601166,"mean":8.05719947815,"median":7.2410364151,"min":2.19268369675,"var":12.5388278961},"erbbands_flatness_db":{"dmean":0.0173483621329,"dmean2":0.0244989451021,"dvar":0.000321940227877,"dvar2":0.000593519886024,"max":0.349889963865,"mean":0.136718228459,"median":0.131224364042,"min":0.0421033613384,"var":0.00185333448462},"erbbands_kurtosis":{"dmean":0.843340694904,"dmean2":1.34430253506,"dvar":1.20419383049,"dvar2":3.00569581985,"max":30.7417869568,"mean":0.72758102417,"median":0.425718665123,"min":-1.68775212765,"var":2.85206961632},"erbbands_skewness":{"dmean":0.316174596548,"dmean2":0.495295792818,"dvar":0.0915030017495,"dvar2":0.220603331923,"max":2.91127109528,"mean":-0.506428897381,"median":-0.499650150537,"min":-4.84163093567,"var":0.356875211},"erbbands_spread":{"dmean":7.20023012161,"dmean2":10.9986381531,"dvar":56.2599067688,"dvar2":122.698135376,"max":133.304885864,"mean":35.912021637,"median":32.5269737244,"min":3.17808628082,"var":272.623809814},"gfcc":{"cov":[[16508.6113281,440.012420654,460.818145752,664.755981445,-212.430145264,717.208129883,-305.448974609,485.265441895,-153.219390869,154.986831665,-196.810424805,-48.7087478638,-242.103973389],[440.012420654,1453.92285156,-48.6839294434,441.394592285,247.981185913,-98.0044937134,132.3462677,-2.13569140434,112.47543335,43.7608337402,60.094127655,5.17765569687,91.6746673584],[460.818145752,-48.6839294434,1016.73510742,245.564620972,148.158218384,151.096984863,27.8003845215,55.2436599731,65.3615493774,40.0617332458,53.0486679077,11.0405807495,-18.6557369232],[664.755981445,441.394592285,245.564620972,499.253570557,112.553733826,-1.28705608845,50.2943000793,22.454372406,88.5984802246,42.0240707397,38.9254302979,-6.3737578392,16.3983249664],[-212.430145264,247.981185913,148.158218384,112.553733826,258.041168213,46.3707923889,107.567047119,-4.00284767151,33.950630188,-10.2044496536,27.7614326477,10.8403701782,15.1709518433],[717.208129883,-98.0044937134,151.096984863,-1.28705608845,46.3707923889,309.373443604,61.8375587463,98.4023513794,-41.1032562256,28.2342357635,-0.496584534645,-1.90160644054,-15.2716121674],[-305.448974609,132.3462677,27.8003845215,50.2943000793,107.567047119,61.8375587463,182.3722229,28.4665794373,20.7118854523,-4.557949543,21.8701648712,2.46176171303,-0.683280289173],[485.265441895,-2.13569140434,55.2436599731,22.454372406,-4.00284767151,98.4023513794,28.4665794373,165.891265869,28.3052692413,38.6031265259,1.10965967178,-2.73855471611,-10.8308410645],[-153.219390869,112.47543335,65.3615493774,88.5984802246,33.950630188,-41.1032562256,20.7118854523,28.3052692413,108.220809937,38.1687469482,17.7279663086,0.573956370354,10.1770401001],[154.986831665,43.7608337402,40.0617332458,42.0240707397,-10.2044496536,28.2342357635,-4.557949543,38.6031265259,38.1687469482,99.9247207642,28.6226043701,6.9576458931,6.62289905548],[-196.810424805,60.094127655,53.0486679077,38.9254302979,27.7614326477,-0.496584534645,21.8701648712,1.10965967178,17.7279663086,28.6226043701,75.1597671509,27.193523407,11.3448133469],[-48.7087478638,5.17765569687,11.0405807495,-6.3737578392,10.8403701782,-1.90160644054,2.46176171303,-2.73855471611,0.573956370354,6.9576458931,27.193523407,58.9901733398,24.4287929535],[-242.103973389,91.6746673584,-18.6557369232,16.3983249664,15.1709518433,-15.2716121674,-0.683280289173,-10.8308410645,10.1770401001,6.62289905548,11.3448133469,24.4287929535,63.3052749634]],"icov":[[0.000105603219708,-0.0000963797210716,-0.00000186810905234,-0.000173382388311,0.000092039554147,-0.00023155825329,0.000288574054139,-0.000184679563972,0.00018891725631,-0.0000738005765015,0.000356126838597,-0.000343456224073,0.000527466298081],[-0.0000963797210716,0.00143157830462,0.000389138062019,-0.000873041863088,-0.00106627459172,0.000730432744604,-0.000581720029004,-0.0000953763374127,-0.00000424784639108,-0.000343736552168,-0.000579267332796,0.000972363573965,-0.00192651746329],[-0.00000186810905234,0.000389138062019,0.0014951787889,-0.000785847834777,-0.000852095137816,-0.000719106756151,0.000629658810794,0.0000365913365385,-0.000785886892118,0.000187931422261,-0.000736930116545,-0.000135523048812,0.000408337946283],[-0.000173382388311,-0.000873041863088,-0.000785847834777,0.00385318300687,-0.0000868349816301,0.000221548849368,-0.00039709432167,0.000467948644655,-0.00173827819526,-0.000024533339456,-0.00101289257873,0.00125111511443,-0.000497722765431],[0.000092039554147,-0.00106627459172,-0.000852095137816,-0.0000868349816301,0.00720620714128,-0.00148535217158,-0.00261170812882,0.00132899172604,-0.00151397555601,0.00192086747847,-0.000204410840524,-0.00112066639122,0.000292920827633],[-0.00023155825329,0.000730432744604,-0.000719106756151,0.000221548849368,-0.00148535217158,0.00676338374615,-0.00244642677717,-0.00299645564519,0.00445518130437,-0.00253761163913,0.00029703733162,0.00119181710761,-0.0017280440079],[0.000288574054139,-0.000581720029004,0.000629658810794,-0.00039709432167,-0.00261170812882,-0.00244642677717,0.00933351926506,-0.00124864396639,-0.00126918731257,0.00178679963574,-0.00133090966847,-0.000597351870965,0.00264340359718],[-0.000184679563972,-0.0000953763374127,0.0000365913365385,0.000467948644655,0.00132899172604,-0.00299645564519,-0.00124864396639,0.00953975506127,-0.00407998356968,-0.0012454809621,0.000462311756564,-0.000264337548288,0.000704081496224],[0.00018891725631,-0.00000424784639108,-0.000785886892118,-0.00173827819526,-0.00151397555601,0.00445518130437,-0.00126918731257,-0.00407998356968,0.0168706830591,-0.00588855147362,0.00107832998037,0.000820624933112,-0.000932855822612],[-0.0000738005765015,-0.000343736552168,0.000187931422261,-0.000024533339456,0.00192086747847,-0.00253761163913,0.00178679963574,-0.0012454809621,-0.00588855147362,0.0156477540731,-0.00595075218007,0.000681971025188,-0.00087616284145],[0.000356126838597,-0.000579267332796,-0.000736930116545,-0.00101289257873,-0.000204410840524,0.00029703733162,-0.00133090966847,0.000462311756564,0.00107832998037,-0.00595075218007,0.021341310814,-0.00982889160514,0.00284893508069],[-0.000343456224073,0.000972363573965,-0.000135523048812,0.00125111511443,-0.00112066639122,0.00119181710761,-0.000597351870965,-0.000264337548288,0.000820624933112,0.000681971025188,-0.00982889160514,0.0260258186609,-0.0110661685467],[0.000527466298081,-0.00192651746329,0.000408337946283,-0.000497722765431,0.000292920827633,-0.0017280440079,0.00264340359718,0.000704081496224,-0.000932855822612,-0.00087616284145,0.00284893508069,-0.0110661685467,0.0245161447674]],"mean":[4.90536975861,57.895450592,-120.450218201,41.4551849365,-36.713684082,13.7034683228,-36.7557983398,11.7107954025,-17.4920101166,4.04767608643,-18.4512329102,3.38785123825,-12.0810041428]},"hfc":{"dmean":7.96491575241,"dmean2":11.9371051788,"dvar":179.825012207,"dvar2":436.193481445,"max":340.074127197,"mean":25.4872016907,"median":19.4139213562,"min":1.12099463674e-16,"var":567.100341797},"melbands":{"dmean":[0.000818459957372,0.000827900250442,0.000588461873122,0.000258460873738,0.0000931075628614,0.000079348559666,0.0000682251265971,0.0000949812601903,0.0000813674632809,0.0000516874424648,0.0000378065560653,0.0000357420394721,0.0000390549466829,0.0000349138645106,0.0000349124711647,0.0000306144902424,0.0000286912527372,0.0000345141525031,0.0000289556865027,0.0000247039370151,0.0000312652737193,0.000049401223805,0.0000228578701353,0.0000202000628633,0.0000106277093437,0.00000891159834282,0.00000653502411296,0.00000567723509448,0.0000057492684391,0.0000041595330913,0.0000048240290198,0.00000378070103579,0.00000297948895422,0.00000237728704633,0.0000019523379251,0.00000204858270081,0.00000109607367449,0.0000010283768006,9.60088868851e-7,7.34480181563e-7],"dmean2":[0.00131893635262,0.00136927724816,0.000978994416073,0.000448034377769,0.00015568859817,0.000126804981846,0.000111004534119,0.000154789435328,0.000133607463795,0.0000839549829834,0.0000628385387245,0.0000594271623413,0.000063035164203,0.0000553091122129,0.0000557177518203,0.0000508588564117,0.0000467831159767,0.000056699023844,0.0000472321080451,0.0000404435268138,0.0000515489700774,0.0000808980403235,0.0000361991478712,0.0000324989887304,0.0000178317968675,0.0000147380833369,0.0000109312732093,0.00000963205729931,0.00000979980177362,0.00000700532518749,0.00000816064402898,0.0000063239967858,0.00000505007619722,0.00000390784225601,0.00000302460375678,0.00000319933451465,0.000001631126338,0.00000157573833803,0.000001439413154,0.00000111417557491],"dvar":[0.00000216102057493,0.0000028939934964,0.00000160356773904,3.83186204544e-7,3.31141194465e-8,2.12694057922e-8,2.78403025078e-8,8.93799665391e-8,1.16047566223e-7,3.23844098205e-8,7.74101316381e-9,6.79685241423e-9,1.1568481284e-8,9.77882219644e-9,4.43092496027e-9,3.51834894552e-9,3.23762816556e-9,4.59660265406e-9,3.04878411406e-9,2.20629470249e-9,2.97653368619e-9,7.75121389296e-9,2.25068408355e-9,1.55777823974e-9,4.82667183999e-10,2.30653690592e-10,1.48562787072e-10,1.41548092691e-10,1.89240401127e-10,8.05688779582e-11,1.21633994543e-10,7.73307598512e-11,5.26435006698e-11,3.42173338275e-11,2.86661805404e-11,4.96188194699e-11,1.80807556427e-11,1.14384465441e-11,5.73920815386e-12,3.39642485143e-12],"dvar2":[0.0000055532245824,0.00000779376932769,0.00000412620647694,0.00000106388006316,9.07681609874e-8,5.58579316134e-8,6.81245069245e-8,2.34150107303e-7,2.99238024581e-7,7.96416799176e-8,2.10140580492e-8,1.73286274219e-8,2.84018817354e-8,2.377318431e-8,1.0623775637e-8,9.32935950715e-9,8.15258438536e-9,1.18938174865e-8,7.6553332562e-9,5.54070078707e-9,7.71433761315e-9,2.03306562696e-8,5.6513291824e-9,3.8576453143e-9,1.26069810147e-9,5.86395321189e-10,3.92713972452e-10,3.81867176769e-10,5.16806430984e-10,2.17459439344e-10,3.38407135647e-10,2.12757381157e-10,1.45071871183e-10,8.95065965789e-11,6.78392758635e-11,1.27667557082e-10,3.97663464657e-11,2.53527285971e-11,1.28730949511e-11,7.87343541059e-12],"max":[0.0217409804463,0.021637391299,0.0193105470389,0.0107278116047,0.00347274634987,0.003497810103,0.0083014620468,0.00898129306734,0.00810222886503,0.00893245823681,0.00228095566854,0.00159361038823,0.00362369371578,0.00267118029296,0.0013299358543,0.00171697430778,0.00202784896828,0.00181602605153,0.00129683897831,0.00123703572899,0.00127295753919,0.00256121344864,0.00112741650082,0.0012422746513,0.000629318063147,0.000372495880583,0.000338822195772,0.000228725999477,0.000348900386598,0.000155616915436,0.000189808037248,0.00027783337282,0.00011208759679,0.000167511621839,0.000195117652765,0.000368107750546,0.000244463240961,0.0001941221999,0.0000895884368219,0.0000730262981961],"mean":[0.00152014044579,0.00155607191846,0.00090060243383,0.000363163271686,0.000156259702635,0.000170129133039,0.000125088190543,0.00013998207578,0.000101960322354,0.0000783612049418,0.000058018569689,0.0000524633433088,0.0000597192993155,0.0000610611095908,0.0000629729474895,0.0000545160291949,0.0000508098601131,0.0000593879340158,0.0000531847726961,0.0000461545605503,0.0000608254485996,0.0000909010705072,0.0000458788854303,0.0000389661072404,0.0000183541960723,0.0000172617310454,0.0000121727889564,0.00000940091467783,0.00000891343552212,0.00000707774961484,0.00000771476788941,0.00000603445687375,0.00000444300167146,0.00000365986079487,0.0000032017758258,0.00000323255585499,0.00000195533743863,0.00000186220734122,0.00000174192996383,0.00000131067156417],"median":[0.00117601174861,0.00127506675199,0.000553235993721,0.000198422523681,0.0000900648883544,0.0000787723110989,0.0000665750121698,0.000054685278883,0.0000244381881203,0.0000314323842758,0.0000297714177577,0.0000202844530577,0.0000154365170602,0.0000151227377501,0.0000275915699604,0.0000204227944778,0.0000209306344914,0.0000285687528958,0.0000255098893831,0.0000227388500207,0.0000328747191816,0.000049000056606,0.0000220390156755,0.0000188128833543,0.00000892752450454,0.00000926464508666,0.00000664950584905,0.0000043197251216,0.00000359535829375,0.00000319325090459,0.00000374994624508,0.00000284912584902,0.00000155799261847,0.00000115643388199,0.00000102599733509,9.92133209365e-7,6.75341368606e-7,7.03948785485e-7,6.87216015649e-7,5.18609510891e-7],"min":[1.0763933096e-24,5.44290210864e-25,1.07751191437e-24,1.33247964754e-24,2.79792535054e-24,1.4646556588e-24,2.25201191045e-24,1.75068350822e-24,1.55858798919e-24,1.41202473274e-24,2.63479029584e-24,1.8678897005e-24,3.23994600662e-24,2.58039991415e-24,3.40810156933e-24,2.68568779866e-24,2.4094630251e-24,2.7688871834e-24,3.71692404765e-24,4.22604185967e-24,3.10411954153e-24,4.04220058672e-24,5.14138280598e-24,3.92241836915e-24,5.19176064668e-24,3.99916270232e-24,4.12336806298e-24,3.8198214864e-24,5.63612599459e-24,4.41268477212e-24,5.61297923791e-24,5.93382198426e-24,4.92367533994e-24,5.13657469876e-24,5.10846561255e-24,6.1982702478e-24,5.89193859779e-24,7.00975568378e-24,6.06305081117e-24,5.2874198922e-24],"var":[0.00000291459673463,0.00000295206768897,0.00000178366497039,3.51355453176e-7,4.24498693974e-8,6.56584191461e-8,5.81200865213e-8,9.72300568947e-8,1.11400503044e-7,3.82232876461e-8,9.36347355207e-9,1.02412966996e-8,1.95527150026e-8,2.59143195791e-8,1.1111756848e-8,9.59377199905e-9,7.40786143538e-9,8.50970405253e-9,6.11538952811e-9,4.41721415001e-9,6.24105433999e-9,1.55980384164e-8,4.83525219863e-9,3.50568085672e-9,7.18871961958e-10,4.86756301932e-10,2.53780996218e-10,1.98538532836e-10,2.29421273645e-10,1.14557509312e-10,1.33450528406e-10,8.67368260549e-11,6.10952816116e-11,5.35274428948e-11,5.39017996903e-11,6.86137952011e-11,3.27894933427e-11,2.16326973695e-11,1.24167273685e-11,6.81595231644e-12]},"melbands_crest":{"dmean":2.98036074638,"dmean2":4.86945104599,"dvar":8.75809669495,"dvar2":22.8206596375,"max":32.5639533997,"mean":12.99979496,"median":12.6205148697,"min":1.66251003742,"var":24.9323616028},"melbands_flatness_db":{"dmean":0.0236085448414,"dmean2":0.0351588279009,"dvar":0.000559162523132,"dvar2":0.00122718920466,"max":0.447778999805,"mean":0.153382316232,"median":0.144998311996,"min":0.00265697925352,"var":0.00342303258367},"melbands_kurtosis":{"dmean":4.82095098495,"dmean2":7.59191560745,"dvar":67.4009399414,"dvar2":163.585632324,"max":133.117965698,"mean":8.49008464813,"median":3.39430332184,"min":-1.81870174408,"var":177.046340942},"melbands_skewness":{"dmean":0.651709735394,"dmean2":0.994648873806,"dvar":0.489304453135,"dvar2":1.07076048851,"max":10.3565473557,"mean":2.26197504997,"median":1.9986038208,"min":-2.34868860245,"var":2.75176763535},"melbands_spread":{"dmean":9.87927246094,"dmean2":15.4135026932,"dvar":124.20614624,"dvar2":287.836395264,"max":238.850006104,"mean":40.2441635132,"median":38.7435112,"min":2.27324700356,"var":506.08480835},"mfcc":{"cov":[[8582.98339844,307.753448486,807.456787109,139.558044434,336.778503418,192.318832397,268.55279541,236.289749146,190.509674072,197.070327759,204.318466187,181.374404907,-2.28317761421],[307.753448486,982.168151855,-65.5308303833,343.617492676,114.447135925,88.1760864258,66.5254364014,20.9295578003,78.8722076416,-8.3043012619,61.1684112549,20.3381633759,30.6125984192],[807.456787109,-65.5308303833,736.39251709,170.983428955,185.369003296,92.8986206055,41.7687606812,42.3672218323,22.0461483002,72.7032012939,38.2369880676,64.7114868164,34.3271980286],[139.558044434,343.617492676,170.983428955,545.923522949,117.850364685,65.1062393188,-27.0858726501,0.22096927464,35.6235160828,7.51784801483,61.7376976013,40.7538337708,31.2073879242],[336.778503418,114.447135925,185.369003296,117.850364685,193.324752808,71.0578460693,36.4859580994,32.4438781738,31.9654502869,28.2062721252,19.0464706421,27.9764347076,16.2548236847],[192.318832397,88.1760864258,92.8986206055,65.1062393188,71.0578460693,172.640838623,91.5940933228,37.8035125732,19.4932518005,16.5310173035,16.6390514374,0.605798482895,12.4842786789],[268.55279541,66.5254364014,41.7687606812,-27.0858726501,36.4859580994,91.5940933228,176.385360718,84.9786224365,23.6105613708,33.2618789673,16.9352245331,7.00242042542,14.2659902573],[236.289749146,20.9295578003,42.3672218323,0.22096927464,32.4438781738,37.8035125732,84.9786224365,126.072341919,32.3339920044,28.6277008057,8.87123012543,11.2666511536,0.117468766868],[190.509674072,78.8722076416,22.0461483002,35.6235160828,31.9654502869,19.4932518005,23.6105613708,32.3339920044,106.512298584,31.2791366577,34.6813774109,24.3647480011,10.250166893],[197.070327759,-8.3043012619,72.7032012939,7.51784801483,28.2062721252,16.5310173035,33.2618789673,28.6277008057,31.2791366577,92.218788147,28.6167793274,12.2562904358,5.46595859528],[204.318466187,61.1684112549,38.2369880676,61.7376976013,19.0464706421,16.6390514374,16.9352245331,8.87123012543,34.6813774109,28.6167793274,95.7570800781,39.2159957886,8.03262805939],[181.374404907,20.3381633759,64.7114868164,40.7538337708,27.9764347076,0.605798482895,7.00242042542,11.2666511536,24.3647480011,12.2562904358,39.2159957886,78.0620574951,28.4284057617],[-2.28317761421,30.6125984192,34.3271980286,31.2073879242,16.2548236847,12.4842786789,14.2659902573,0.117468766868,10.250166893,5.46595859528,8.03262805939,28.4284057617,65.4297027588]],"icov":[[0.000147976446897,-0.0000551910197828,-0.000136385526275,0.0000702862307662,-0.0000683722028043,0.00001681582944,-0.0000869986761245,-0.0000929091838771,-0.0000697752620908,-0.0000640424332232,-0.000133749228553,-0.000187094017747,0.000215919746552],[-0.0000551910197828,0.00166623806581,0.000612772884779,-0.00106179458089,-0.000713285757229,0.0000420967699029,-0.000921683618799,0.000465460820124,-0.000782239832915,0.000587748654652,-0.000290841708193,0.000418492418248,-0.000299945706502],[-0.000136385526275,0.000612772884779,0.00234161945991,-0.000633387942798,-0.00161854806356,-0.000519976543728,0.0000642940285616,0.0000574233854422,0.000513960374519,-0.00102249742486,0.000283474160824,-0.000889187096618,-0.000374236056814],[0.0000702862307662,-0.00106179458089,-0.000633387942798,0.00320121785626,-0.000645007647108,-0.000910599599592,0.00196268013678,-0.000656868214719,0.000309014256345,0.00021944080072,-0.00137253839057,-0.0000799839253887,-0.000651572539937],[-0.0000683722028043,-0.000713285757229,-0.00161854806356,-0.000645007647108,0.00877846777439,-0.00211823289283,0.000446609192295,-0.000702515477315,-0.000840767810587,-0.000807007949334,0.00139014364686,-0.00145487475675,0.000275935279205],[0.00001681582944,0.0000420967699029,-0.000519976543728,-0.000910599599592,-0.00211823289283,0.00994524452835,-0.00541951693594,0.00108535645995,-0.000525575422216,0.00106671219692,-0.000805411487818,0.00244098505937,-0.000472126062959],[-0.0000869986761245,-0.000921683618799,0.0000642940285616,0.00196268013678,0.000446609192295,-0.00541951693594,0.0128833753988,-0.00675969291478,0.00128073641099,-0.00178800139111,-0.00123303069267,0.000486918084789,-0.0025268944446],[-0.0000929091838771,0.000465460820124,0.0000574233854422,-0.000656868214719,-0.000702515477315,0.00108535645995,-0.00675969291478,0.0133577110246,-0.00271748006344,-0.00105822319165,0.00193315732758,-0.00152617052663,0.00241935881786],[-0.0000697752620908,-0.000782239832915,0.000513960374519,0.000309014256345,-0.000840767810587,-0.000525575422216,0.00128073641099,-0.00271748006344,0.0129137374461,-0.00294975819997,-0.00252368533984,-0.00166011741385,-0.000764201045968],[-0.0000640424332232,0.000587748654652,-0.00102249742486,0.00021944080072,-0.000807007949334,0.00106671219692,-0.00178800139111,-0.00105822319165,-0.00294975819997,0.0147698987275,-0.00370133062825,0.00202153483406,-0.000652434828226],[-0.000133749228553,-0.000290841708193,0.000283474160824,-0.00137253839057,0.00139014364686,-0.000805411487818,-0.00123303069267,0.00193315732758,-0.00252368533984,-0.00370133062825,0.0165462624282,-0.00773552246392,0.00274524232373],[-0.000187094017747,0.000418492418248,-0.000889187096618,-0.0000799839253887,-0.00145487475675,0.00244098505937,0.000486918084789,-0.00152617052663,-0.00166011741385,0.00202153483406,-0.00773552246392,0.0217010341585,-0.00829338282347],[0.000215919746552,-0.000299945706502,-0.000374236056814,-0.000651572539937,0.000275935279205,-0.000472126062959,-0.0025268944446,0.00241935881786,-0.000764201045968,-0.000652434828226,0.00274524232373,-0.00829338282347,0.0199472755194]],"mean":[-633.562072754,91.563369751,-15.7051258087,30.7734146118,17.5576076508,9.45663642883,-1.56322729588,6.49465990067,5.48069143295,-0.472971856594,2.51079583168,3.40463018417,-0.853349208832]},"pitch_salience":{"dmean":0.0661453381181,"dmean2":0.106514587998,"dvar":0.00382196623832,"dvar2":0.00970086175948,"max":0.959111690521,"mean":0.583612978458,"median":0.595606088638,"min":0.16882635653,"var":0.0121988644823},"silence_rate_20dB":{"dmean":0,"dmean2":0,"dvar":0,"dvar2":0,"max":1,"mean":1,"median":1,"min":1,"var":0},"silence_rate_30dB":{"dmean":0,"dmean2":0,"dvar":0,"dvar2":0,"max":1,"mean":1,"median":1,"min":1,"var":0},"silence_rate_60dB":{"dmean":0.0129593042657,"dmean2":0.025920657441,"dvar":0.0127912638709,"dvar2":0.0323607176542,"max":1,"mean":0.133217439055,"median":0,"min":0,"var":0.115429982543},"spectral_centroid":{"dmean":236.729141235,"dmean2":369.288787842,"dvar":68949.9296875,"dvar2":152810.234375,"max":11688.1054688,"mean":2091.61352539,"median":2082.58642578,"min":350.067321777,"var":706899.25},"spectral_complexity":{"dmean":4.40885019302,"dmean2":6.7431640625,"dvar":23.06183815,"dvar2":48.8454971313,"max":63,"mean":24.8215866089,"median":25,"min":0,"var":200.713790894},"spectral_contrast_coeffs":{"dmean":[0.0477638952434,0.0482704304159,0.038678701967,0.0310677886009,0.024316476658,0.0206505414099],"dmean2":[0.0786124840379,0.0780820548534,0.0632738247514,0.0515687167645,0.0385938845575,0.0329137668014],"dvar":[0.00161199038848,0.00160899467301,0.00099342816975,0.000671275658533,0.000449809856946,0.00042491973727],"dvar2":[0.00408804463223,0.00400873692706,0.00251558749005,0.00174186285585,0.000982066500001,0.000977928983048],"max":[-0.347018241882,-0.383642911911,-0.552649259567,-0.583208203316,-0.582201778889,-0.560914695263],"mean":[-0.692790091038,-0.75078189373,-0.801056265831,-0.792237699032,-0.774145781994,-0.753577947617],"median":[-0.697780132294,-0.757699608803,-0.806389391422,-0.796787977219,-0.777451574802,-0.758263647556],"min":[-0.980270981789,-0.978067040443,-0.976568818092,-0.971807718277,-0.964915931225,-0.963310956955],"var":[0.00469954591244,0.00531724235043,0.00258663785644,0.00176610203926,0.0015516782878,0.00216848263517]},"spectral_contrast_valleys":{"dmean":[0.425749540329,0.405812501907,0.373927742243,0.31302523613,0.264149338007,0.312747567892],"dmean2":[0.688183665276,0.651355683804,0.595027625561,0.492785304785,0.410054415464,0.402589887381],"dvar":[0.155574217439,0.136582747102,0.13319683075,0.0996408462524,0.0962055549026,0.188853427768],"dvar2":[0.36015433073,0.316894322634,0.297433555126,0.212440371513,0.207261249423,0.345969170332],"max":[-5.16144227982,-5.04329252243,-5.16945314407,-5.28983354568,-5.36873006821,-7.03703308105],"mean":[-7.41921186447,-7.31090974808,-7.55279970169,-7.37923288345,-7.24194812775,-9.91065788269],"median":[-6.80467319489,-6.96098899841,-7.26358938217,-7.10793876648,-6.96612167358,-9.56173610687],"min":[-27.9143295288,-27.8340873718,-27.6501369476,-27.7292709351,-27.4947795868,-27.3873519897],"var":[4.42517280579,3.38502669334,3.31513595581,3.14468932152,3.12200665474,3.11255717278]},"spectral_decrease":{"dmean":1.72968028789e-9,"dmean2":2.73359024305e-9,"dvar":7.54282922248e-18,"dvar2":1.82700258706e-17,"max":1.85578215913e-28,"mean":-5.24535792579e-9,"median":-5.04842256888e-9,"min":-2.91775599237e-8,"var":1.49760983728e-17},"spectral_energy":{"dmean":0.00705142039806,"dmean2":0.0110865281895,"dvar":0.000125229402329,"dvar2":0.000302864355035,"max":0.119518525898,"mean":0.0221089608967,"median":0.0210212878883,"min":1.03814446517e-20,"var":0.000263705122052},"spectral_energyband_high":{"dmean":0.000637674878817,"dmean2":0.000980851706117,"dvar":0.00000202530850402,"dvar2":0.00000511046846441,"max":0.0392142310739,"mean":0.00133054156322,"median":0.000698321149684,"min":7.27674016037e-21,"var":0.00000371340320271},"spectral_energyband_low":{"dmean":0.00439112121239,"dmean2":0.00701832445338,"dvar":0.000055657550547,"dvar2":0.000137860959512,"max":0.0844741538167,"mean":0.00927498284727,"median":0.00795929227024,"min":6.27975050741e-24,"var":0.0000813080041553},"spectral_energyband_middle_high":{"dmean":0.00188348919619,"dmean2":0.00287886499427,"dvar":0.00000750386379877,"dvar2":0.0000163813729159,"max":0.0518522709608,"mean":0.00662973849103,"median":0.00444954726845,"min":1.18333417089e-21,"var":0.0000411508335674},"spectral_energyband_middle_low":{"dmean":0.00279779266566,"dmean2":0.00463000684977,"dvar":0.0000319085556839,"dvar2":0.0000801044152468,"max":0.0806067660451,"mean":0.00567559152842,"median":0.00420986907557,"min":1.63444911368e-22,"var":0.0000444460420113},"spectral_entropy":{"dmean":0.129253551364,"dmean2":0.18433496356,"dvar":0.0228526964784,"dvar2":0.0407103188336,"max":9.8164434433,"mean":7.89904356003,"median":7.92502403259,"min":6.30064344406,"var":0.111814543605},"spectral_flux":{"dmean":0.0197993125767,"dmean2":0.0301015302539,"dvar":0.000683052232489,"dvar2":0.00136992428452,"max":0.293355107307,"mean":0.0764994397759,"median":0.0713053494692,"min":6.40132530316e-11,"var":0.00198892294429},"spectral_kurtosis":{"dmean":1.10078120232,"dmean2":1.80987787247,"dvar":2.12187433243,"dvar2":6.34815883636,"max":36.7335243225,"mean":4.16010046005,"median":3.98514294624,"min":-1.25828635693,"var":3.84440875053},"spectral_rms":{"dmean":0.000674408511259,"dmean2":0.00103844888508,"dvar":7.82408392297e-7,"dvar2":0.00000176935964191,"max":0.0107983071357,"mean":0.00426285946742,"median":0.00452863937244,"min":3.18248942824e-12,"var":0.00000339772168445},"spectral_rolloff":{"dmean":625.156555176,"dmean2":1010.21600342,"dvar":1113877.75,"dvar2":2288946.25,"max":19595.2148438,"mean":2460.2421875,"median":2433.25195312,"min":86.1328125,"var":4233424.5},"spectral_skewness":{"dmean":0.169711053371,"dmean2":0.271760344505,"dvar":0.0339055098593,"dvar2":0.0938088074327,"max":3.80430269241,"mean":1.4175965786,"median":1.43050503731,"min":-0.0637042224407,"var":0.110633805394},"spectral_spread":{"dmean":576854.6875,"dmean2":803612.6875,"dvar":637728653312,"dvar2":1073284710400,"max":42798552,"mean":4807664,"median":4486191.5,"min":1591610.125,"var":8841068544000},"spectral_strongpeak":{"dmean":0.39188477397,"dmean2":0.68810325861,"dvar":0.788031220436,"dvar2":2.0594894886,"max":16.2389221191,"mean":0.50502294302,"median":0.214391738176,"min":0,"var":0.896670639515},"zerocrossingrate":{"dmean":0.0123762227595,"dmean2":0.0146014774218,"dvar":0.000237181739067,"dvar2":0.000288475450361,"max":0.525390625,"mean":0.0891923457384,"median":0.0830078125,"min":0.0078125,"var":0.00253788591363}},"metadata":{"audio_properties":{"analysis_sample_rate":44100,"bit_rate":0,"codec":"flac","downmix":"mix","equal_loudness":0,"length":293.839996338,"lossless":true,"md5_encoded":"6c2a68c107e6378ac9a9fb74d0655ad5","replay_gain":-14.5142021179},"tags":{"album":["Iron Man 2"],"albumartist":["AC/DC"],"albumartistsort":["AC/DC"],"artist":["AC/DC"],"artistsort":["AC/DC"],"date":["2010-04-16"],"discnumber":["1"],"disctotal":["1"],"file_name":"06 - Thunderstruck.flac","musicbrainz_albumartistid":["66c662b6-6e2f-4930-8610-912e24c63ed1"],"musicbrainz_albumid":["5ba3da27-8ec1-314e-8c9c-e6d953f813f9"],"musicbrainz_artistid":["66c662b6-6e2f-4930-8610-912e24c63ed1"],"musicbrainz_recordingid":["6d19aaa7-1eb5-4488-a54d-fe07d0621a7f"],"musicbrainz_releasegroupid":["c915097c-9fcf-40fe-b808-51134ea79047"],"releasetype":["soundtrack"],"title":["Thunderstruck"],"totaldiscs":["1"],"totaltracks":["15"],"tracknumber":["6"],"tracktotal":["15"]},"version":{"essentia":"2.1-beta1","essentia_build_sha":"0a826ad6289770054bb7564d59068f1232327ff9","essentia_git_sha":"v2.1_beta1-5-gf9dded9","extractor":"music 1.0"}},"rhythm":{"beats_count":660,"beats_loudness":{"dmean":0.0131358131766,"dmean2":0.0232986435294,"dvar":0.000169983322849,"dvar2":0.000513942155521,"max":0.106924042106,"mean":0.0365751571953,"median":0.0387250781059,"min":0,"var":0.000382852420444},"beats_loudness_band_ratio":{"dmean":[0.148939564824,0.0480264350772,0.048937600106,0.0643799826503,0.0822141692042,0.055047750473],"dmean2":[0.262665003538,0.0866097584367,0.0855796262622,0.113351203501,0.142339348793,0.0976731777191],"dvar":[0.024787761271,0.00227901549079,0.00549318734556,0.00677480082959,0.00693338084966,0.00467558531091],"dvar2":[0.0691582337022,0.00713275838643,0.0154809374362,0.0185450278223,0.0191752184182,0.0131922550499],"max":[0.951824247837,0.424426585436,0.644611358643,0.590609431267,0.829687416553,0.724326014519],"mean":[0.544833779335,0.068064808845