{"lowlevel":{"average_loudness":0.872520267963,"barkbands":{"dmean":[0.0100397858769,0.0129715017974,0.00155907054432,0.000893965130672,0.000939884164836,0.00184977520257,0.000851567776408,0.000936928146984,0.00122010370251,0.00122763414402,0.000804474810138,0.000756563968025,0.000596137775574,0.000275729515124,0.000371214497136,0.000313072639983,0.000190539649338,0.000177692156285,0.000108212181658,0.0000446672202088,0.000029877461202,0.0000198548823391,0.0000144771756823,0.00000890807496035,0.00000256266594079,0.0000362810023944,0.000125832273625],"dmean2":[0.0163875855505,0.0221165642142,0.00254058488645,0.00143498228863,0.00152374617755,0.00297588319518,0.00137159123551,0.00146737706382,0.00192892830819,0.00196749903262,0.00134585879277,0.00129380472936,0.00103745236993,0.000454644061392,0.000628591747954,0.000530724937562,0.000302762317006,0.000275430269539,0.000166614889167,0.000068686400482,0.0000445571167802,0.0000299717175949,0.0000225342773774,0.0000140405982165,0.00000409113135902,0.0000581811036682,0.000192325707758],"dvar":[0.000748593884055,0.0013251475757,0.0000160171839525,0.00000317097692459,0.00000442148075308,0.0000451691485068,0.00000497310657011,0.0000155368688866,0.0000155194320541,0.0000176406974788,0.0000128510700961,0.00000348271532857,0.00000279273240267,3.55771533123e-7,7.78160028858e-7,7.93575793523e-7,2.97659738635e-7,3.11899157168e-7,1.21942150599e-7,1.2370590774e-8,4.06907707529e-9,2.22653451232e-9,1.55811563651e-9,4.57315130209e-10,4.12166342723e-11,7.63756435873e-9,7.9647605844e-8],"dvar2":[0.00179628201295,0.00355924735777,0.0000399960663344,0.00000753764061301,0.0000112005673145,0.000113176050945,0.0000118651087178,0.0000348262728949,0.0000395149545511,0.0000401396791858,0.0000336057564709,0.00000952103619056,0.00000790827743913,9.11713812002e-7,0.00000200868453248,0.00000206830964089,6.61082992792e-7,6.72056842177e-7,2.71994878176e-7,2.83361014652e-8,8.31172997096e-9,4.7713863971e-9,3.57308205245e-9,1.0951852758e-9,9.85200046544e-11,1.806682981e-8,1.74174942913e-7],"max":[0.310602486134,0.378242343664,0.0567962750793,0.0366086773574,0.0633288472891,0.314028203487,0.0810691639781,0.251219004393,0.143862605095,0.156122937799,0.182101964951,0.0344257876277,0.0286121610552,0.0135135948658,0.0102511569858,0.0133564788848,0.007702707313,0.00786401424557,0.00567617593333,0.00231882021762,0.00154429581016,0.00135015195701,0.00186418811791,0.000543296395335,0.000116487804917,0.0012048361823,0.00773680442944],"mean":[0.00926906149834,0.0116209555417,0.0016741824802,0.00113026751205,0.00122118520085,0.00218935217708,0.00103879568633,0.00128301221412,0.00162124540657,0.00157545867842,0.000959332333878,0.000850281096064,0.000590255891439,0.000301260181004,0.000355647149263,0.000271045835689,0.000184238873771,0.000173244086909,0.00010764990293,0.0000496745233249,0.000034171880543,0.0000215746131289,0.0000134644706122,0.00000792286846263,0.0000024009000299,0.0000298152117466,0.000126444065245],"median":[0.0000813745282358,0.000928511668462,0.000321711704601,0.000317715515848,0.000484268879518,0.000491482205689,0.000295013247523,0.000279085943475,0.000390204455471,0.000229870478506,0.000167977210367,0.000181410796358,0.00013956654584,0.0000749403989175,0.0000549219257664,0.0000220208385144,0.0000114012982522,0.00000959277986112,0.00000803063085186,0.00000612004896539,0.00000448320815849,0.00000271734120361,0.00000158703096531,0.00000113522014544,5.08716993863e-7,0.00000165249605288,0.0000110895362013],"min":[4.55948876673e-26,3.42957436317e-24,2.40887907082e-24,4.01654209692e-24,6.55961429632e-24,4.64374449785e-24,9.14121446234e-24,5.61115618035e-24,1.92101766809e-23,1.11914560664e-23,6.56703037769e-24,3.39868635665e-23,3.52418560698e-23,2.79538005138e-23,5.4114860978e-23,4.93259262361e-23,9.15140749187e-23,8.97888171863e-23,1.50679223412e-22,1.60646651343e-22,2.70659968873e-22,3.00116085561e-22,3.39228389844e-22,5.99369700029e-22,9.16409388984e-22,1.33711797217e-21,2.02546199366e-21],"var":[0.000675036397297,0.00099592958577,0.0000161583975569,0.00000564938500247,0.00000578025355935,0.0000527357078681,0.00000751716970626,0.000027758662327,0.000021391439077,0.0000298296508845,0.0000161286188813,0.00000343532451552,0.00000202027354135,3.54304347638e-7,7.10482481736e-7,6.64273613893e-7,3.35678436159e-7,3.60517049103e-7,1.34445244271e-7,1.5195039893e-8,7.00570623735e-9,3.47052053762e-9,1.71120173587e-9,4.3422385132e-10,3.97319503687e-11,7.05880287555e-9,1.04021488312e-7]},"barkbands_crest":{"dmean":3.34409046173,"dmean2":5.46666383743,"dvar":8.27532672882,"dvar2":21.0536422729,"max":26.5785560608,"mean":10.9821157455,"median":10.3071632385,"min":2.56774997711,"var":19.4666404724},"barkbands_flatness_db":{"dmean":0.0421743169427,"dmean2":0.0635666027665,"dvar":0.0013001797488,"dvar2":0.00295876339078,"max":0.567669451237,"mean":0.18103171885,"median":0.174320757389,"min":0.0228836424649,"var":0.0045862775296},"barkbands_kurtosis":{"dmean":8.96626758575,"dmean2":14.3956947327,"dvar":327.413208008,"dvar2":760.050292969,"max":516.74432373,"mean":11.4163484573,"median":3.88056302071,"min":-1.89968848228,"var":592.824401855},"barkbands_skewness":{"dmean":1.06745696068,"dmean2":1.64479839802,"dvar":1.30623674393,"dvar2":3.10703086853,"max":16.3894252777,"mean":1.88853251934,"median":1.51157474518,"min":-3.28552889824,"var":3.56513524055},"barkbands_spread":{"dmean":7.74974155426,"dmean2":12.3762273788,"dvar":117.147781372,"dvar2":266.222259521,"max":135.211257935,"mean":15.2119979858,"median":11.2868671417,"min":0.115538783371,"var":218.443359375},"dissonance":{"dmean":0.0327247157693,"dmean2":0.0551166906953,"dvar":0.00105835974682,"dvar2":0.00287737138569,"max":0.5,"mean":0.451403319836,"median":0.462698876858,"min":0.141157567501,"var":0.00173093506601},"dynamic_complexity":4.55182647705,"erbbands":{"dmean":[0.717741787434,1.73413026333,2.12144970894,2.27126073837,2.89499282837,3.24089241028,7.8973326683,17.1858596802,12.9408025742,14.3157749176,23.6681270599,26.050699234,39.8103713989,31.4381904602,28.1285934448,30.7521266937,28.1284675598,14.1121826172,15.4910163879,22.1540126801,14.8922634125,11.0716142654,9.98732662201,7.55511569977,3.928201437,2.11719083786,1.40391254425,1.02708554268,0.759596586227,0.493531346321,0.413844466209,0.269871979952,0.100624911487,0.033461291343,0.0169026833028,0.01110125985,0.0647439584136,0.0923183709383,0.0181857608259,0.00146053580102],"dmean2":[1.24304437637,2.93635034561,3.46503281593,3.6073384285,4.75426912308,5.22186326981,12.6687612534,27.8878269196,21.3082141876,22.012714386,37.1762466431,40.7649345398,63.5956077576,51.2395591736,46.7912254333,52.7125282288,48.9738998413,23.1299114227,25.2670574188,38.1852722168,24.9057178497,17.5938777924,15.5486745834,11.602473259,5.975086689,3.25400567055,2.13251709938,1.52389121056,1.14463639259,0.754270911217,0.64719337225,0.425505429506,0.158165231347,0.0527928508818,0.0271966364235,0.0176282301545,0.10340629518,0.146926164627,0.0280962325633,0.00216182949953],"dvar":[4.13068914413,26.082654953,36.8516120911,18.5886573792,33.4115982056,60.8770675659,782.744934082,4675.42773438,1706.0090332,2103.78637695,8601.05761719,5766.890625,24705.1308594,12346.0732422,6697.20117188,6804.27539062,6558.578125,889.101196289,1173.14807129,3341.15551758,1939.85083008,1013.4352417,906.96875,617.817993164,132.165466309,29.3930435181,8.80603885651,5.26742267609,3.13788771629,1.67161786556,1.4032971859,0.481810897589,0.048209156841,0.00582992052659,0.00197892845608,0.000654945557471,0.0239832177758,0.0554139129817,0.00213293964043,0.00000897483732842],"dvar2":[11.2388792038,69.5052108765,93.0336456299,43.4503250122,86.5965042114,147.688903809,1815.33117676,11819.9160156,4292.02539062,4442.42285156,21082.4179688,14329.9228516,57202.75,32473.2636719,17479.21875,18827.2851562,18646.0585938,2267.5546875,2904.27490234,8941.52539062,4962.29052734,2225.12670898,1927.23840332,1387.92443848,280.084228516,67.4068984985,19.1660137177,10.5071401596,6.58533525467,3.74438309669,3.29652523994,1.15348899364,0.113495260477,0.0137037839741,0.00477992929518,0.00155196036212,0.0562838986516,0.130779072642,0.00468600681052,0.000018007334802],"max":[22.2213401794,56.6762199402,85.683303833,84.9769973755,156.727386475,288.087036133,2058.47265625,3483.35961914,1540.06774902,2578.11230469,4368.58251953,2250.19921875,6011.18261719,5097.91015625,3942.26855469,1630.93737793,1372.05932617,616.630615234,446.565032959,816.262695312,674.546325684,488.28604126,489.370239258,365.510284424,166.00579834,131.663421631,57.9160842896,65.2747802734,40.2613296509,52.2218132019,60.6670265198,21.1647396088,3.93011927605,1.36863458157,0.80672454834,0.463053554296,1.94816553593,4.68511724472,1.51171529293,0.0634356737137],"mean":[0.629256546497,1.52598142624,2.15109801292,3.02360248566,3.70590472221,4.12913131714,9.76597213745,19.2851104736,14.9439973831,19.7335224152,32.8329620361,36.0575370789,51.436088562,41.3385772705,37.2216873169,34.4483833313,28.1098670959,16.5112895966,16.3969917297,19.4939041138,13.3215389252,10.7963571548,9.8591709137,7.30148553848,4.07015132904,2.37673950195,1.57010602951,1.19533598423,0.834087789059,0.504147529602,0.377819508314,0.236133813858,0.0924918949604,0.031926702708,0.0153982900083,0.0104601504281,0.0535641945899,0.0757241025567,0.0174840912223,0.00169064826332],"median":[0.0220705643296,0.177320301533,0.438869327307,1.02269530296,1.30526661873,1.55268490314,2.76872968674,3.8717045784,3.99220275879,5.57488918304,8.47724914551,9.47053718567,8.25824165344,8.01178646088,8.63704490662,7.825050354,6.7166557312,4.66127300262,3.46837186813,2.50575995445,1.1284031868,0.690236210823,0.598157703876,0.449522048235,0.379666984081,0.283745199442,0.211586117744,0.155772000551,0.104400351644,0.0643538832664,0.0430264957249,0.02842932567,0.0158653464168,0.00706248916686,0.00285367155448,0.0022511256393,0.00299017969519,0.00283223902807,0.00123717868701,0.000205232892768],"min":[1.39381346854e-22,7.01108573482e-22,3.65412528592e-21,7.06757897988e-21,1.50417220617e-20,1.9512455558e-20,3.40865943914e-20,4.06378292999e-20,9.49348662055e-20,1.48525836604e-19,1.46880212474e-19,4.84413975612e-19,5.50604141048e-19,6.581239722e-19,6.45520428002e-19,1.87433729451e-18,2.00708964986e-18,2.22352559304e-18,1.93939112058e-18,3.26483245371e-18,3.56384769859e-18,5.19014806219e-18,5.88139229441e-18,5.57470391537e-18,9.10619313558e-18,7.66597573617e-18,1.08308870466e-17,1.12486198734e-17,1.02604608147e-17,1.04211472661e-17,1.05715452451e-17,1.18258140971e-17,9.53575299076e-18,1.00818948543e-17,6.09862274457e-18,4.05925650721e-18,2.45875197781e-18,9.52050660451e-19,2.41509881345e-19,2.71884121459e-20],"var":[3.05588436127,19.3693790436,32.0105743408,31.9221744537,45.5173683167,80.6470794678,1129.79553223,5135.41357422,2155.42529297,3671.56787109,12986.6103516,8555.70507812,39730.2539062,16401.5566406,10347.3310547,6063.87548828,4735.76611328,939.979980469,1240.03820801,2637.76196289,1698.55493164,1154.61303711,1078.29675293,671.115356445,158.433731079,36.0891914368,13.3379631042,9.33025455475,4.93949842453,2.32699656487,1.44571208954,0.458405822515,0.047549571842,0.00585258891806,0.00186117633712,0.000646838743705,0.0225548204035,0.052606061101,0.00271970871836,0.0000155585421453]},"erbbands_crest":{"dmean":3.49473762512,"dmean2":5.70208311081,"dvar":9.92934989929,"dvar2":24.0735149384,"max":32.8439025879,"mean":10.346704483,"median":9.23446178436,"min":2.37311983109,"var":22.802614212},"erbbands_flatness_db":{"dmean":0.0399164967239,"dmean2":0.0583495534956,"dvar":0.00113740551751,"dvar2":0.00239703105763,"max":0.474629551172,"mean":0.187641769648,"median":0.184300690889,"min":0.0410382188857,"var":0.00415894854814},"erbbands_kurtosis":{"dmean":2.41946840286,"dmean2":3.91563391685,"dvar":13.6068162918,"dvar2":32.267375946,"max":96.8296585083,"mean":2.5445971489,"median":1.32682132721,"min":-1.70000112057,"var":22.1771621704},"erbbands_skewness":{"dmean":0.638752996922,"dmean2":0.975394904613,"dvar":0.346137493849,"dvar2":0.776936650276,"max":7.78616189957,"mean":0.441465198994,"median":0.392091095448,"min":-4.1963057518,"var":1.08322167397},"erbbands_spread":{"dmean":8.64218616486,"dmean2":13.4516487122,"dvar":102.213928223,"dvar2":234.971115112,"max":124.731269836,"mean":22.1519355774,"median":17.9058227539,"min":0.528299033642,"var":242.827102661},"gfcc":{"cov":[[15858.7558594,-163.884078979,-1320.17590332,81.7810134888,386.096405029,-267.719146729,304.370361328,-28.5808448792,158.967941284,-5.82583904266,-23.6725120544,129.841995239,50.9360427856],[-163.884078979,1511.43127441,-140.616073608,-314.919250488,86.8154220581,198.122390747,-119.724845886,116.490844727,-70.3850326538,51.4055900574,5.24377155304,-73.7509002686,66.9090194702],[-1320.17590332,-140.616073608,945.55078125,440.189361572,4.29130601883,139.078231812,33.7595787048,14.5056095123,25.0845985413,61.9673156738,-3.08033108711,8.63342666626,-96.9580383301],[81.7810134888,-314.919250488,440.189361572,790.77935791,404.356719971,-0.0209348239005,121.529884338,66.081817627,102.679626465,7.56162834167,41.3468818665,17.8296070099,-20.1608848572],[386.096405029,86.8154220581,4.29130601883,404.356719971,500.688415527,110.441139221,87.5702819824,47.4368515015,75.6060256958,3.49052262306,40.2555580139,11.3952331543,26.9663619995],[-267.719146729,198.122390747,139.078231812,-0.0209348239005,110.441139221,348.907989502,11.080616951,82.6299591064,-39.1124305725,54.9474639893,-0.974727988243,12.483877182,8.33989048004],[304.370361328,-119.724845886,33.7595787048,121.529884338,87.5702819824,11.080616951,257.107055664,33.3168411255,65.404510498,-36.7085533142,24.8493061066,18.1864128113,-1.3607840538],[-28.5808448792,116.490844727,14.5056095123,66.081817627,47.4368515015,82.6299591064,33.3168411255,251.659240723,50.8697280884,32.3574104309,-0.813798666,11.1066055298,30.3245449066],[158.967941284,-70.3850326538,25.0845985413,102.679626465,75.6060256958,-39.1124305725,65.404510498,50.8697280884,139.917098999,39.7281570435,21.2617893219,5.71894264221,-5.6705198288],[-5.82583904266,51.4055900574,61.9673156738,7.56162834167,3.49052262306,54.9474639893,-36.7085533142,32.3574104309,39.7281570435,109.121559143,40.5099105835,2.99340343475,1.71884846687],[-23.6725120544,5.24377155304,-3.08033108711,41.3468818665,40.2555580139,-0.974727988243,24.8493061066,-0.813798666,21.2617893219,40.5099105835,84.0257720947,44.9870758057,10.8635253906],[129.841995239,-73.7509002686,8.63342666626,17.8296070099,11.3952331543,12.483877182,18.1864128113,11.1066055298,5.71894264221,2.99340343475,44.9870758057,82.7780990601,37.1184387207],[50.9360427856,66.9090194702,-96.9580383301,-20.1608848572,26.9663619995,8.33989048004,-1.3607840538,30.3245449066,-5.6705198288,1.71884846687,10.8635253906,37.1184387207,100.535171509]],"icov":[[0.000111493674922,-0.000134312605951,0.000423734280048,-0.000365140323993,0.000126312079374,0.000105456914753,-0.000352404429577,0.000190869759535,0.000189625963685,-0.000861737760715,0.00117435725406,-0.0011197051499,0.000575299432967],[-0.000134312605951,0.00155865901615,-0.00149692769628,0.00235262373462,-0.00183544319589,0.0000623882078798,0.00103685888462,-0.00131884461734,0.000233933853451,0.0020011162851,-0.0039363829419,0.00452750083059,-0.0023094387725],[0.000423734280048,-0.00149692769628,0.0055024093017,-0.006023818627,0.00460300082341,-0.00203832006082,-0.00172611000016,0.00246553891338,-0.000140986448969,-0.00509579945356,0.0077298511751,-0.00789387524128,0.00520598096773],[-0.000365140323993,0.00235262373462,-0.006023818627,0.00985991954803,-0.00828482303768,0.00366824516095,0.00110236473847,-0.00376494973898,0.00141488062218,0.00356363668106,-0.00729340920225,0.00762235745788,-0.00415174895898],[0.000126312079374,-0.00183544319589,0.00460300082341,-0.00828482303768,0.0104067651555,-0.00556473480538,0.000161942560226,0.00330980145372,-0.00478258216754,0.00192522758152,0.000625883578323,-0.00214350689203,0.00103055185173],[0.000105456914753,0.0000623882078798,-0.00203832006082,0.00366824516095,-0.00556473480538,0.00828438252211,-0.00277531519532,-0.00250050262548,0.00668955734,-0.00784577988088,0.00591987976804,-0.00437650503591,0.00168453203514],[-0.000352404429577,0.00103685888462,-0.00172611000016,0.00110236473847,0.000161942560226,-0.00277531519532,0.00816825591028,-0.00107396778185,-0.00575248431414,0.0107241030782,-0.0105731133372,0.00747106410563,-0.00345754344016],[0.000190869759535,-0.00131884461734,0.00246553891338,-0.00376494973898,0.00330980145372,-0.00250050262548,-0.00107396778185,0.0068282415159,-0.00289380038157,-0.00244595995173,0.00503757363185,-0.0044016931206,0.000608726812061],[0.000189625963685,0.000233933853451,-0.000140986448969,0.00141488062218,-0.00478258216754,0.00668955734,-0.00575248431414,-0.00289380038157,0.0172596052289,-0.0136972777545,0.00837151613086,-0.00610747886822,0.0039769038558],[-0.000861737760715,0.0020011162851,-0.00509579945356,0.00356363668106,0.00192522758152,-0.00784577988088,0.0107241030782,-0.00244595995173,-0.0136972777545,0.0350346341729,-0.0308908559382,0.0230129361153,-0.0106078302488],[0.00117435725406,-0.0039363829419,0.0077298511751,-0.00729340920225,0.000625883578323,0.00591987976804,-0.0105731133372,0.00503757363185,0.00837151613086,-0.0308908559382,0.0501363500953,-0.0373880192637,0.0150821674615],[-0.0011197051499,0.00452750083059,-0.00789387524128,0.00762235745788,-0.00214350689203,-0.00437650503591,0.00747106410563,-0.0044016931206,-0.00610747886822,0.0230129361153,-0.0373880192637,0.0457171015441,-0.0197405591607],[0.000575299432967,-0.0023094387725,0.00520598096773,-0.00415174895898,0.00103055185173,0.00168453203514,-0.00345754344016,0.000608726812061,0.0039769038558,-0.0106078302488,0.0150821674615,-0.0197405591607,0.0207982119173]],"mean":[-77.6925582886,114.213134766,-91.1402587891,-15.0462789536,-30.9619140625,-3.90005612373,-8.04113006592,-10.0383939743,-7.62041711807,-3.34683465958,-7.84566307068,-1.08167636395,-10.7803945541]},"hfc":{"dmean":9.64379501343,"dmean2":14.2653551102,"dvar":265.973480225,"dvar2":568.583007812,"max":252.186004639,"mean":14.9594106674,"median":6.88118553162,"min":1.07889703308e-16,"var":453.665252686},"melbands":{"dmean":[0.00533699663356,0.00144609436393,0.000404322927352,0.000209163859836,0.00024338492949,0.000376135547413,0.000192918683751,0.000163355260156,0.000204718890018,0.000163546807016,0.000201654256671,0.000131249107653,0.000106216764834,0.0000845220056362,0.0000818356347736,0.0000473829677503,0.0000245124538196,0.0000245102328336,0.0000307003501803,0.0000258103718807,0.0000160158415383,0.0000115051270768,0.0000102512512967,0.00000830921908346,0.00000617245132162,0.00000352349502464,0.00000202573960451,0.00000128651493014,9.0287119292e-7,7.61940611937e-7,5.59039904147e-7,4.57077703686e-7,3.49830770574e-7,2.49251485229e-7,2.34189499793e-7,2.34145801414e-7,1.39330040838e-7,7.8709526008e-8,4.02813178368e-8,2.37163817474e-8],"dmean2":[0.00901196245104,0.00238114385866,0.000638667144813,0.000340182741638,0.000389021559386,0.000608040543739,0.000315182725899,0.000250283861533,0.000321480300045,0.000256676372373,0.000323336891597,0.000214426094317,0.000177867463208,0.000142880089697,0.00014425018162,0.0000811111167422,0.0000401870056521,0.000040331571654,0.0000526391304447,0.0000446449266747,0.0000267128052656,0.0000183313659363,0.0000162274154718,0.0000130268063003,0.00000960630313784,0.00000544474187336,0.00000312689553539,0.00000200158842745,0.00000139284827583,0.00000116844933018,8.35261744214e-7,6.98141434441e-7,5.35546860192e-7,3.857462616e-7,3.66844062683e-7,3.71507098862e-7,2.21196231109e-7,1.24701159621e-7,6.31463166201e-8,3.7857969204e-8],"dvar":[0.000218259738176,0.000017615764591,5.5921486819e-7,1.8945225122e-7,6.36609229332e-7,0.00000209952759178,3.576905101e-7,3.16248076615e-7,5.23237474681e-7,2.64137753447e-7,6.25351219696e-7,2.06373101719e-7,1.63531851172e-7,4.13955341116e-8,6.10279471402e-8,1.53162815764e-8,2.79923195734e-9,3.00751623605e-9,5.61966606583e-9,5.06575403847e-9,2.4487476491e-9,1.15528742128e-9,8.96685281582e-10,7.17658488192e-10,4.42571007619e-10,1.25711080434e-10,2.97850528963e-11,1.10181646792e-11,3.77110105296e-12,2.9884629927e-12,1.75302307392e-12,1.11530619809e-12,1.00589653794e-12,4.25565209157e-13,4.65350739713e-13,4.45677267877e-13,1.21262985005e-13,3.14525525579e-14,7.26437732532e-15,3.51230533678e-15],"dvar2":[0.000579883053433,0.0000451295454695,0.00000130157400235,4.85643568027e-7,0.00000149251604853,0.00000531715750185,9.00827501482e-7,6.17174748641e-7,0.00000128029648749,6.64909464376e-7,0.00000143991360346,5.40824316886e-7,4.20283697622e-7,1.11317433493e-7,1.74870635306e-7,4.24296260348e-8,7.15186576628e-9,7.54048912199e-9,1.47701157971e-8,1.34892976789e-8,6.24487705991e-9,2.59863131014e-9,1.96060701008e-9,1.58887902835e-9,1.02652564227e-9,2.81063311514e-10,6.57977422547e-11,2.61825439801e-11,8.4219888008e-12,6.67699793025e-12,3.56844870493e-12,2.42893660914e-12,2.31139630005e-12,9.60254987505e-13,1.09673175489e-12,1.07072998471e-12,2.93515266345e-13,7.50980495238e-14,1.6892427195e-14,8.38341288073e-15],"max":[0.155669555068,0.0558594316244,0.0135576725006,0.0129109155387,0.0549464486539,0.0727478191257,0.0223912689835,0.0416643097997,0.0328835733235,0.0168005581945,0.029855588451,0.0188094824553,0.0187030415982,0.00452637579292,0.00397186120972,0.00207711523399,0.00135886168573,0.000748900114559,0.000983722275123,0.00113815697841,0.000710718624759,0.000527459487785,0.000413716072217,0.000430628133472,0.000347560620867,0.000207114324439,0.0000927170403884,0.0000873010067153,0.0000432542983617,0.0000415389367845,0.0000479695481772,0.0000208608580579,0.0000397292205889,0.0000257729916484,0.0000353707655449,0.0000291043579637,0.0000070276232691,0.00000331507612827,0.00000125788972127,0.00000110662710995],"mean":[0.00485915271565,0.00141668948345,0.000557527935598,0.000270888063824,0.000308419053908,0.000432410161011,0.000226891264901,0.000229302488151,0.000279210391454,0.000221810580115,0.000256069004536,0.000167467529536,0.00013250829943,0.0000995334412437,0.0000799412810011,0.0000491049104312,0.0000281129887298,0.0000253772905126,0.0000284318466583,0.0000218764380406,0.0000141440868902,0.0000110082792162,0.00000991154956864,0.00000799022109277,0.00000581831136515,0.00000351425592271,0.00000211590963772,0.00000143621264215,9.96505946205e-7,8.24840469704e-7,6.45656598408e-7,4.91550167681e-7,3.66087675729e-7,2.44173264718e-7,2.14632308371e-7,2.01947429446e-7,1.2174398023e-7,7.12260472824e-8,3.86023977228e-8,2.21083933383e-8],"median":[0.000285263580736,0.000252294586971,0.000205923861358,0.000102838523162,0.0000958197633736,0.0000909619484446,0.0000609596390859,0.0000598647093284,0.0000705217389623,0.0000550322620256,0.0000361212369171,0.0000306382280542,0.0000268087860604,0.0000217924753088,0.0000169455706782,0.0000117919971672,0.00000756346253183,0.00000515262945555,0.00000399005966756,0.00000208311985261,9.26847292249e-7,6.72073213082e-7,5.63760636396e-7,4.48051707735e-7,3.33249886353e-7,2.89046965918e-7,2.28232778454e-7,1.70404831579e-7,1.35202270712e-7,1.05366275704e-7,8.11307785398e-8,6.0051640105e-8,4.36219700362e-8,3.11989794e-8,2.48606077946e-8,2.05861070413e-8,1.55428949711e-8,1.15556382241e-8,8.1540889596e-9,4.6071577664e-9],"min":[1.4013463171e-24,1.59157726477e-24,2.18045828204e-24,1.40497566891e-24,1.17224553022e-24,8.58278298298e-25,1.52716430667e-24,1.69156370818e-24,1.07238096582e-24,2.90944030582e-24,2.67786466507e-24,2.53296334134e-24,1.11442774511e-24,3.96919466539e-24,4.0658821911e-24,4.55564806182e-24,3.39437578401e-24,2.31649892287e-24,3.91008058459e-24,4.8002241303e-24,4.21032696158e-24,5.32927330195e-24,4.15642172934e-24,3.97455300309e-24,4.03093801958e-24,6.30318795933e-24,5.7255291787e-24,4.37091774264e-24,5.11500132515e-24,6.23924565537e-24,6.34964003374e-24,5.54378469803e-24,5.17825574241e-24,4.89584235505e-24,5.61382331907e-24,6.0241437969e-24,6.56332470359e-24,6.08068145798e-24,6.38529851881e-24,7.35513634303e-24],"var":[0.0001693846134,0.0000144492560139,9.90989178717e-7,2.41433838255e-7,9.18343687317e-7,0.00000234444678426,4.5748561206e-7,6.14642885921e-7,7.8095479239e-7,3.76673824576e-7,0.0000010119262015,2.72188088957e-7,2.21988926796e-7,4.58076421239e-8,4.2555939217e-8,1.22665770874e-8,2.93073787461e-9,3.05626057795e-9,4.83031348253e-9,3.99045418931e-9,2.14401207899e-9,1.26310550908e-9,1.04048825111e-9,7.92384435844e-10,4.54669218941e-10,1.37655858934e-10,3.50671401639e-11,1.33398353128e-11,5.44463172464e-12,4.29566148277e-12,3.01229744273e-12,1.62953916853e-12,1.44320211164e-12,5.38125533717e-13,4.79938083633e-13,4.20060796043e-13,1.12076824601e-13,2.99190874983e-14,7.47902817965e-15,3.38955586316e-15]},"melbands_crest":{"dmean":4.89932966232,"dmean2":7.86785316467,"dvar":21.9277706146,"dvar2":51.8523025513,"max":38.2278404236,"mean":16.5597114563,"median":14.7205123901,"min":1.59984266758,"var":63.4106941223},"melbands_flatness_db":{"dmean":0.0496791340411,"dmean2":0.0746481344104,"dvar":0.00181516655721,"dvar2":0.00413237279281,"max":0.725756943226,"mean":0.283072412014,"median":0.275060474873,"min":0.00377802271396,"var":0.00699541857466},"melbands_kurtosis":{"dmean":12.4118890762,"dmean2":20.3479957581,"dvar":896.335754395,"dvar2":2331.25488281,"max":908.426879883,"mean":15.6363267899,"median":4.39157676697,"min":-1.80720865726,"var":1306.46618652},"melbands_skewness":{"dmean":1.18499040604,"dmean2":1.83193802834,"dvar":1.86372721195,"dvar2":4.59299278259,"max":21.1687698364,"mean":2.24536466599,"median":1.70560717583,"min":-3.69610381126,"var":4.98851156235},"melbands_spread":{"dmean":6.67720508575,"dmean2":11.0087852478,"dvar":85.3723678589,"dvar2":219.454833984,"max":178.436004639,"mean":15.0493927002,"median":12.616944313,"min":0.131921634078,"var":200.639175415},"mfcc":{"cov":[[10988.3095703,-66.8565597534,-1483.4029541,415.982269287,-157.093170166,165.748794556,-73.636428833,269.328460693,67.5323867798,141.27947998,-50.3140716553,75.1395339966,-8.58210945129],[-66.8565597534,1572.94885254,-136.617538452,-436.375244141,42.1437454224,-41.9832420349,71.0543136597,-68.8812866211,39.261505127,-28.5358028412,56.0378456116,-39.6873855591,8.09936714172],[-1483.4029541,-136.617538452,931.79888916,125.634597778,45.013671875,95.6213912964,37.3988685608,-4.01459407806,-23.8869838715,58.2513618469,21.7355709076,35.7503242493,11.6383628845],[415.982269287,-436.375244141,125.634597778,773.193237305,257.916046143,102.435134888,51.2228279114,117.962150574,68.2288665771,40.9174537659,63.4813575745,67.1328430176,32.2825202942],[-157.093170166,42.1437454224,45.013671875,257.916046143,431.900177002,158.444412231,89.7441177368,56.7753486633,65.0332641602,27.1751098633,75.8379592896,24.186164856,45.486995697],[165.748794556,-41.9832420349,95.6213912964,102.435134888,158.444412231,270.710998535,112.318916321,31.47123909,-2.23142004013,36.3759117126,14.3870859146,8.16592597961,13.4717187881],[-73.636428833,71.0543136597,37.3988685608,51.2228279114,89.7441177368,112.318916321,173.717498779,97.6151123047,44.9794311523,4.51325654984,27.660900116,10.6235933304,25.4446716309],[269.328460693,-68.8812866211,-4.01459407806,117.962150574,56.7753486633,31.47123909,97.6151123047,180.28364563,94.2751312256,21.1104183197,20.669418335,33.031162262,28.4831237793],[67.5323867798,39.261505127,-23.8869838715,68.2288665771,65.0332641602,-2.23142004013,44.9794311523,94.2751312256,140.196121216,51.3017044067,33.8163757324,13.208612442,21.7348155975],[141.27947998,-28.5358028412,58.2513618469,40.9174537659,27.1751098633,36.3759117126,4.51325654984,21.1104183197,51.3017044067,107.114318848,48.7489624023,17.0827865601,8.15176296234],[-50.3140716553,56.0378456116,21.7355709076,63.4813575745,75.8379592896,14.3870859146,27.660900116,20.669418335,33.8163757324,48.7489624023,104.50818634,47.7570152283,26.8565540314],[75.1395339966,-39.6873855591,35.7503242493,67.1328430176,24.186164856,8.16592597961,10.6235933304,33.031162262,13.208612442,17.0827865601,47.7570152283,85.240447998,47.3077468872],[-8.58210945129,8.09936714172,11.6383628845,32.2825202942,45.486995697,13.4717187881,25.4446716309,28.4831237793,21.7348155975,8.15176296234,26.8565540314,47.3077468872,77.2431945801]],"icov":[[0.000169586855918,-0.0000975602088147,0.000325394736137,-0.000181169307325,0.000186820339877,-0.000313400931191,0.000358946126653,-0.000476206478197,0.000319007318467,-0.000471778184874,0.000284947163891,-0.00021407508757,0.0000498274785059],[-0.0000975602088147,0.00100835040212,-0.000151632950292,0.000711558561306,-0.000406830658903,0.000430853688158,-0.000942131096963,0.00105523609091,-0.000916908320505,0.000814441416878,-0.000957995129284,0.000372834183509,-0.0000286530430458],[0.000325394736137,-0.000151632950292,0.00184062332846,-0.000508714001626,0.000322709587635,-0.000627385918051,0.000128533123643,-0.000563335546758,0.00113255495671,-0.00190378620755,0.00104208325502,-0.00107457139529,0.000250138691626],[-0.000181169307325,0.000711558561306,-0.000508714001626,0.00249480060302,-0.00147532252595,0.000274456280749,-0.0000201203074539,-0.000303915236145,-0.000671089568641,0.00084269058425,-0.000789144018199,-0.000774340180214,0.000727387494408],[0.000186820339877,-0.000406830658903,0.000322709587635,-0.00147532252595,0.00501281628385,-0.00325613585301,0.00136457534973,-0.000321969419019,-0.00160093221348,0.00190689915325,-0.00326860253699,0.00242574233562,-0.0021834236104],[-0.000313400931191,0.000430853688158,-0.000627385918051,0.000274456280749,-0.00325613585301,0.00906774308532,-0.0071308282204,0.00255073793232,0.00275265588425,-0.00456090969965,0.0038583073765,-0.00181806250475,0.0011229889933],[0.000358946126653,-0.000942131096963,0.000128533123643,-0.0000201203074539,0.00136457534973,-0.0071308282204,0.0161615479738,-0.00914875604212,0.0000637279299553,0.00422022165731,-0.00520714744925,0.00471914000809,-0.00292549328879],[-0.000476206478197,0.00105523609091,-0.000563335546758,-0.000303915236145,-0.000321969419019,0.00255073793232,-0.00914875604212,0.0162743628025,-0.00871676113456,0.00134671456181,0.00279989978299,-0.0051350062713,0.00128772342578],[0.000319007318467,-0.000916908320505,0.00113255495671,-0.000671089568641,-0.00160093221348,0.00275265588425,0.0000637279299553,-0.00871676113456,0.0174514278769,-0.00900876708329,0.00127971102484,0.00238090404309,-0.00196554465219],[-0.000471778184874,0.000814441416878,-0.00190378620755,0.00084269058425,0.00190689915325,-0.00456090969965,0.00422022165731,0.00134671456181,-0.00900876708329,0.0202863626182,-0.0109470197931,0.00341182854027,-0.000306843256112],[0.000284947163891,-0.000957995129284,0.00104208325502,-0.000789144018199,-0.00326860253699,0.0038583073765,-0.00520714744925,0.00279989978299,0.00127971102484,-0.0109470197931,0.0229797437787,-0.0129074407741,0.00295023526996],[-0.00021407508757,0.000372834183509,-0.00107457139529,-0.000774340180214,0.00242574233562,-0.00181806250475,0.00471914000809,-0.0051350062713,0.00238090404309,0.00341182854027,-0.0129074407741,0.0280200447887,-0.0140529284254],[0.0000498274785059,-0.0000286530430458,0.000250138691626,0.000727387494408,-0.0021834236104,0.0011229889933,-0.00292549328879,0.00128772342578,-0.00196554465219,-0.000306843256112,0.00295023526996,-0.0140529284254,0.0223581697792]],"mean":[-737.000671387,174.182693481,-4.21444320679,7.47049236298,-5.34943342209,10.8037624359,2.6570661068,3.92048597336,-0.409203201532,4.93158245087,0.335883110762,2.27125501633,-0.296307742596]},"pitch_salience":{"dmean":0.10553791374,"dmean2":0.171038210392,"dvar":0.00944428052753,"dvar2":0.0236275605857,"max":0.981168925762,"mean":0.537791490555,"median":0.558616757393,"min":0.067332573235,"var":0.0233038440347},"silence_rate_20dB":{"dmean":0.000940796977375,"dmean2":0.00188172038179,"dvar":0.000939970603213,"dvar2":0.00281927385367,"max":1,"mean":0.999529659748,"median":1,"min":0,"var":0.000469968101243},"silence_rate_30dB":{"dmean":0.093542098999,"dmean2":0.187096774578,"dvar":0.0847923532128,"dvar2":0.164723455906,"max":1,"mean":0.898736715317,"median":1,"min":0,"var":0.0910096094012},"silence_rate_60dB":{"dmean":0.083596535027,"dmean2":0.16720430553,"dvar":0.0765891075134,"dvar2":0.164537280798,"max":1,"mean":0.155960217118,"median":0,"min":0,"var":0.131630599499},"spectral_centroid":{"dmean":247.166152954,"dmean2":376.346343994,"dvar":108144.703125,"dvar2":215151.765625,"max":11670.3535156,"mean":897.436279297,"median":736.420043945,"min":105.640335083,"var":607154.9375},"spectral_complexity":{"dmean":4.66608428955,"dmean2":6.56975793839,"dvar":36.4748573303,"dvar2":56.4702453613,"max":58,"mean":13.1269989014,"median":11,"min":0,"var":102.615898132},"spectral_contrast_coeffs":{"dmean":[0.0571564026177,0.0535175837576,0.0430494472384,0.0347904749215,0.0322375223041,0.0338882654905],"dmean2":[0.0926648527384,0.0882795676589,0.0700669586658,0.055986251682,0.0506814643741,0.0512520521879],"dvar":[0.00227332930081,0.0018851327477,0.00122116249986,0.000801800168119,0.000924689462408,0.00105133908801],"dvar2":[0.00553843192756,0.0049499059096,0.00315569923259,0.00195315224119,0.00213274359703,0.00216665444896],"max":[-0.351357400417,-0.36061245203,-0.453569769859,-0.546638250351,-0.663861453533,-0.562214791775],"mean":[-0.696025133133,-0.763538956642,-0.794424116611,-0.81101089716,-0.841229379177,-0.793112158775],"median":[-0.704021334648,-0.772298455238,-0.800610542297,-0.812217473984,-0.842883110046,-0.801724433899],"min":[-0.973359107971,-0.982262611389,-0.975391983986,-0.97612953186,-0.966673910618,-0.965884447098],"var":[0.00765196792781,0.00586891034618,0.00444702105597,0.00280157197267,0.00236935215071,0.00329566770233]},"spectral_contrast_valleys":{"dmean":[0.575643897057,0.48642295599,0.502629935741,0.604552567005,0.640339255333,0.702262818813],"dmean2":[0.838052451611,0.732540249825,0.729639410973,0.843353509903,0.883558571339,1.03176772594],"dvar":[0.305584520102,0.204015001655,0.251521140337,0.384392946959,0.372335463762,0.337492406368],"dvar2":[0.512666940689,0.396411210299,0.468915224075,0.705799877644,0.670098423958,0.698653697968],"max":[-4.77223205566,-4.22188854218,-4.65424966812,-5.01733875275,-5.67782735825,-8.69534778595],"mean":[-7.62776088715,-6.86427927017,-7.3098731041,-8.09369659424,-8.65318489075,-11.5225458145],"median":[-7.46670866013,-6.63882780075,-7.09855461121,-7.95577144623,-8.56488609314,-11.4035329819],"min":[-28.2758083344,-27.7966785431,-27.7099246979,-27.729516983,-27.634147644,-27.3993816376],"var":[2.86362123489,2.5196852684,2.74563121796,2.77845406532,2.66115903854,1.96644496918]},"spectral_decrease":{"dmean":7.45243067257e-9,"dmean2":1.15419798163e-8,"dvar":2.66556371592e-16,"dvar2":6.39012137441e-16,"max":8.37387017366e-12,"mean":-9.36533073315e-9,"median":-3.71968633672e-9,"min":-1.62630115597e-7,"var":2.7847526336e-16},"spectral_energy":{"dmean":0.0288214534521,"dmean2":0.0444051288068,"dvar":0.00389167992398,"dvar2":0.00926954392344,"max":0.627299845219,"mean":0.0367038138211,"median":0.0148924207315,"min":9.86764593789e-21,"var":0.00414003431797},"spectral_energyband_high":{"dmean":0.000245119736064,"dmean2":0.000371845671907,"dvar":2.63762842678e-7,"dvar2":5.69801102301e-7,"max":0.0138251921162,"mean":0.000253148027696,"median":0.0000287803159154,"min":7.10123650664e-21,"var":3.57048037358e-7},"spectral_energyband_low":{"dmean":0.0206064432859,"dmean2":0.0339252538979,"dvar":0.00292550306767,"dvar2":0.00753209413961,"max":0.541099250317,"mean":0.0201379992068,"median":0.00266785407439,"min":1.88565334925e-23,"var":0.00245506037027},"spectral_energyband_middle_high":{"dmean":0.0036703159567,"dmean2":0.00589017849416,"dvar":0.0000678196083754,"dvar2":0.000173767082742,"max":0.194152876735,"mean":0.00507981237024,"median":0.00154852191918,"min":1.26308086448e-21,"var":0.0000951563488343},"spectral_energyband_middle_low":{"dmean":0.00505387643352,"dmean2":0.00762505549937,"dvar":0.000107887361082,"dvar2":0.000255564460531,"max":0.338817030191,"mean":0.00913698878139,"median":0.00488888006657,"min":1.56893957976e-22,"var":0.000218938046601},"spectral_entropy":{"dmean":0.334210783243,"dmean2":0.486600726843,"dvar":0.0907005816698,"dvar2":0.183108240366,"max":9.82209300995,"mean":7.15608167648,"median":7.14541101456,"min":4.78078222275,"var":0.305267602205},"spectral_flux":{"dmean":0.0494939498603,"dmean2":0.0746909081936,"dvar":0.00537540763617,"dvar2":0.011152732186,"max":0.641544163227,"mean":0.105175547302,"median":0.0712008029222,"min":6.4221072904e-11,"var":0.0103712724522},"spectral_kurtosis":{"dmean":6.99407148361,"dmean2":11.1367816925,"dvar":79.5986633301,"dvar2":201.39163208,"max":117.509246826,"mean":17.1205825806,"median":14.0987663269,"min":-1.25073814392,"var":129.131866455},"spectral_rms":{"dmean":0.00178281695116,"dmean2":0.00245918566361,"dvar":0.00000691027253197,"dvar2":0.0000137247325256,"max":0.0247386302799,"mean":0.00468469597399,"median":0.00381171749905,"min":3.10273616695e-12,"var":0.0000138623117891},"spectral_rolloff":{"dmean":627.17767334,"dmean2":1120.16003418,"dvar":3881446.5,"dvar2":9281214,"max":19638.28125,"mean":1142.33605957,"median":775.1953125,"min":21.533203125,"var":5527961.5},"spectral_skewness":{"dmean":0.594038486481,"dmean2":0.908183813095,"dvar":0.375102967024,"dvar2":0.883590519428,"max":8.94752788544,"mean":2.9396033287,"median":2.81061029434,"min":-0.0558233223855,"var":0.93816369772},"spectral_spread":{"dmean":925405.3125,"dmean2":1390976.875,"dvar":861978755072,"dvar2":1775706308610,"max":43045244,"mean":3513640.75,"median":3050688.25,"min":463352.125,"var":6764668387330},"spectral_strongpeak":{"dmean":0.403877019882,"dmean2":0.670781850815,"dvar":0.475522905588,"dvar2":1.14379060268,"max":14.012761116,"mean":0.596869587898,"median":0.228688180447,"min":0,"var":0.918621599674},"zerocrossingrate":{"dmean":0.01583096385,"dmean2":0.0193502772599,"dvar":0.000569382624235,"dvar2":0.000729848805349,"max":0.75146484375,"mean":0.0492636151612,"median":0.037109375,"min":0.0009765625,"var":0.00288175768219}},"metadata":{"audio_properties":{"analysis_sample_rate":44100,"bit_rate":320000,"codec":"mp3","downmix":"mix","equal_loudness":0,"length":345.527984619,"lossless":false,"md5_encoded":"f1419010f2978b5d07eb9b103b1cf542","replay_gain":-3.43491172791,"sample_rate":48000},"tags":{"album":["Speaking in Tongues"],"albumartist":["Talking Heads"],"albumartistsort":["Talking Heads","Talking Heads"],"artist":["Talking Heads"],"artistsort":["Talking Heads"],"asin":["B000002KZ6"],"barcode":["075992388320"],"catalognumber":["7599-23883-2"],"composer":["Tina Weymouth/Jerry Harrison/Chris Frantz/David Byrne"],"date":["1983"],"discnumber":["1/1"],"encodedby":["iTunes 8.2"],"file_name":"07. Talking Heads - Moon Rocks.mp3","genre":["New Wave"],"label":["Sire Records"],"language":["eng"],"lyricist":["David Byrne"],"musicbrainz album release country":["GB"],"musicbrainz album status":["official"],"musicbrainz album type":["album"],"musicbrainz_albumartistid":["a94a7155-c79d-4409-9fcf-220cb0e4dc3a"],"musicbrainz_albumid":["a04486fc-31b7-48e1-8239-07cd30e67ef7"],"musicbrainz_artistid":["a94a7155-c79d-4409-9fcf-220cb0e4dc3a"],"musicbrainz_recordingid":["6d4ad878-59ca-44eb-b7c4-4056b7b89703"],"script":["Latn"],"title":["Moon Rocks"],"tracknumber":["7/9"]},"version":{"essentia":"2.1-beta1","essentia_build_sha":"ca57ba49d9b1854bd80e60cf9ccf267278fb7d6b","essentia_git_sha":"v2.1_beta1-28-g21ef5f4-dirty","extractor":"music 1.0"}},"rhythm":{"beats_count":711,"beats_loudness":{"dmean":0.0610003843904,"dmean2":0.107080362737,"dvar":0.0030879038386,"dvar2":0.00848325900733,"max":0.430932968855,"mean":0.110314823687,"median":0.0992356315255,"min":0,"var":0.00446146214381},"beats_loudness_band_ratio":{"dmean":[0.198756322265,0.0498356558383,0.0712418481708,0.0596605427563,0.0814475491643,0.0209025479853],"dmean2":[0.359478831291,0.0854793787003,0.125548914075,0.109471105039,0.162348687649,0.0392234399915],"dvar":[0.0243479423225,0.00479702325538,0.0104905022308,0.00507455226034,0.00377549207769,0.000683999271132],"dvar2":[0.0732119753957,0.012844869867,0.028979729861,0.01460723299