{"lowlevel":{"average_loudness":0.00159508304205,"barkbands":{"dmean":[0.0000541639565199,0.000709334737621,0.00158335862216,0.00120003602933,0.00087827706011,0.000435441470472,0.000355729542207,0.000198665278731,0.000221695008804,0.00029329143581,0.000226686504902,0.00019269020413,0.000221767244511,0.000177345253178,0.000136995586217,0.000113957568828,0.000102387079096,0.000098425494798,0.000132608867716,0.0000605132518103,0.0000705404308974,0.0000332958552463,0.0000104345208456,0.00000114475619739,1.59723654747e-7,3.82066858151e-8,5.63330759817e-9],"dmean2":[0.0000957938609645,0.00122005306184,0.00241819978692,0.00207745772786,0.00145209790207,0.000648461631499,0.000505353673361,0.000298558705254,0.000326149427565,0.000441992713604,0.00034944244544,0.000306619011099,0.000354174582753,0.000289752526442,0.000231821890338,0.000193525891518,0.000167996666278,0.000159645162057,0.000219206602196,0.000100461795228,0.000115310322144,0.0000534728569619,0.000016555602997,0.00000182414908068,2.60223401938e-7,6.6378142094e-8,1.07519602111e-8],"dvar":[9.63211643779e-9,0.00000236924029196,0.0000334475880663,0.0000661629237584,0.00000831163379189,0.00000160502293056,0.00000104722539618,3.50034355279e-7,3.39672681093e-7,9.10563301204e-7,7.86486396009e-7,4.69050917218e-7,5.32649892193e-7,4.66729943582e-7,3.28647843162e-7,2.61756213149e-7,1.88470778539e-7,1.48134716937e-7,3.65769608379e-7,7.48620294644e-8,9.65405959619e-8,1.8895333298e-8,2.4702253576e-9,2.76931984289e-11,6.08314126068e-13,4.12219290278e-14,9.50043808814e-14],"dvar2":[2.6910303319e-8,0.00000653013876217,0.0000929040688789,0.000195022381376,0.0000223387778533,0.00000339189705301,0.00000194577205548,7.7364614981e-7,7.51689185563e-7,0.00000204307275453,0.00000186482702702,0.00000113871351459,0.00000129645161451,0.00000123866618651,0.00000100256704627,7.29849773506e-7,4.5691632522e-7,3.88264140838e-7,9.87090174931e-7,2.1209875456e-7,2.59868699004e-7,4.82354529652e-8,6.26087981459e-9,7.27502849629e-11,1.44035781566e-12,1.10972070021e-13,2.84872901093e-13],"max":[0.00221887091175,0.0506877340376,0.317498147488,0.548057615757,0.0985506996512,0.0529116280377,0.0816811993718,0.02024673298,0.0157744027674,0.0386603809893,0.03332997486,0.0359719358385,0.0283753573895,0.0274297781289,0.0216248258948,0.0179849416018,0.0185068696737,0.0169722363353,0.0259967185557,0.0143716419116,0.0120463268831,0.00649947300553,0.00257526780479,0.000307390320813,0.0000633089075563,0.00000985845690593,0.0000294124511129],"mean":[0.000055965512729,0.00136702286545,0.00308477622457,0.00167120143306,0.00166234001517,0.000983804930001,0.000829781522043,0.000408875115681,0.000495650921948,0.000529014214408,0.000375712028472,0.000319355138345,0.00036807730794,0.000298744969768,0.000232202059124,0.000171133782715,0.000196279317606,0.000182715128176,0.000231916710618,0.000130013053422,0.000159622606589,0.0000749317550799,0.000028297161407,0.00000306186825583,3.83263454751e-7,7.06195493194e-8,4.89822093996e-9],"median":[0.0000289142353722,0.000668943161145,0.00102111825254,0.000296597718261,0.000481376831885,0.000226102667511,0.000203098912607,0.0000608669142821,0.0000684314145474,0.000038550933823,0.000043034866394,0.0000240928311541,0.0000162467622431,0.0000161580519489,0.0000142613753269,0.0000124430134747,0.00000698825988366,0.00000434710818809,0.00000249519962381,0.00000164684593074,0.00000100458373709,4.59060686353e-7,1.68482131357e-7,9.18583609177e-8,4.30365787452e-8,2.07012842424e-8,1.55277557479e-9],"min":[2.68616194351e-23,2.02053341791e-23,1.35946324617e-23,8.21121214168e-24,1.55819718749e-23,3.56875624812e-23,7.05414062707e-23,3.49519780861e-23,8.33859818951e-24,4.21006671636e-23,2.22817012787e-23,6.41055571507e-23,1.08164442138e-22,8.59659341307e-23,3.51800219966e-23,1.68195267656e-22,2.30794094167e-22,1.35701216068e-22,1.73023942055e-22,3.4463560852e-22,4.42094312028e-22,4.27221166386e-22,6.38163935594e-22,8.02542151455e-22,1.18254889457e-21,1.57537072727e-21,2.19868221693e-21],"var":[9.1177163597e-9,0.00000875346995599,0.0000613855518168,0.0000957970987656,0.0000172271174961,0.00000679837876305,0.00000673053500577,0.00000113954808967,0.00000136203971124,0.00000231279750551,0.00000155854388595,9.5835105185e-7,0.00000119308833746,9.61633190855e-7,7.36055028483e-7,3.98250620037e-7,6.24028075435e-7,3.82291688084e-7,7.57966006404e-7,2.30358025988e-7,3.69726137706e-7,7.72694903617e-8,1.51511567736e-8,1.77793613165e-10,4.0116091872e-12,1.00510189906e-13,4.76126672539e-14]},"barkbands_crest":{"dmean":2.5184340477,"dmean2":4.19097328186,"dvar":4.72638320923,"dvar2":13.6674880981,"max":26.1462230682,"mean":10.9135808945,"median":10.3663702011,"min":2.69890141487,"var":16.4659290314},"barkbands_flatness_db":{"dmean":0.0201254021376,"dmean2":0.0332012362778,"dvar":0.000404428166803,"dvar2":0.00115287350491,"max":0.536306142807,"mean":0.244187042117,"median":0.232335418463,"min":0.0408547110856,"var":0.00744230672717},"barkbands_kurtosis":{"dmean":6.37834310532,"dmean2":10.7325725555,"dvar":803.041625977,"dvar2":2289.48339844,"max":1875.41162109,"mean":10.2510681152,"median":2.39777112007,"min":-1.96474230289,"var":1093.26843262},"barkbands_skewness":{"dmean":0.601577281952,"dmean2":0.971105277538,"dvar":0.75384581089,"dvar2":2.11233067513,"max":36.7302742004,"mean":1.73791670799,"median":1.44456505775,"min":-5.30809688568,"var":2.91298556328},"barkbands_spread":{"dmean":2.77538728714,"dmean2":4.45417976379,"dvar":14.1455698013,"dvar2":36.5779457092,"max":74.4085540771,"mean":13.2977523804,"median":10.4772357941,"min":0.180691033602,"var":125.498779297},"dissonance":{"dmean":0.0279042515904,"dmean2":0.0475164502859,"dvar":0.000811869569588,"dvar2":0.00229248148389,"max":0.500000238419,"mean":0.435097664595,"median":0.445898413658,"min":0.012927364558,"var":0.00220302236266},"dynamic_complexity":6.74141454697,"erbbands":{"dmean":[0.0112664764747,0.206518337131,1.419226408,3.01520872116,3.54479312897,3.08205652237,2.18970441818,4.03718566895,4.64211654663,6.05192470551,3.96019458771,4.58632707596,7.08077716827,8.5004529953,8.8156785965,7.31969976425,11.4346971512,6.57540941238,7.8006196022,9.07384395599,4.45015764236,5.0884976387,4.78570556641,6.04800319672,4.98603487015,3.41998767853,2.71986532211,2.46557569504,0.996991932392,0.554360508919,0.237712547183,0.0467483513057,0.0096386987716,0.00252967677079,0.000868372793775,0.0002547945478,0.0000532210979145,0.0000118970256153,0.00000225525104725,0.00000392004903915],"dmean2":[0.0197877828032,0.348615705967,2.15363121033,5.13237857819,6.00426292419,5.06462287903,3.41842460632,5.97028493881,6.9489736557,8.3336315155,5.90089941025,6.71169233322,10.7869911194,12.583978653,13.6905374527,11.6685810089,18.176782608,10.6597070694,12.939248085,15.445268631,7.47883605957,8.45156955719,7.77398872375,10.1178255081,8.16254806519,5.7194647789,4.46910572052,3.91805958748,1.59619045258,0.876703321934,0.373849064112,0.0741130337119,0.015365277417,0.00408065551892,0.00143952912185,0.000435999972979,0.0000931927352212,0.0000217083470488,0.00000376750381292,0.00000623318510407],"dvar":[0.000251493387623,0.229741811752,24.1773414612,324.001464844,206.137939453,97.2461013794,46.5945167542,141.124649048,186.656097412,505.906616211,117.443809509,162.312942505,702.454406738,646.505493164,1041.70056152,534.150024414,1452.56408691,460.875457764,1139.95031738,1859.00854492,317.667999268,488.872619629,319.625457764,698.195068359,453.161224365,200.891555786,187.72744751,106.381332397,15.5592651367,5.56088590622,1.43676614761,0.0479161590338,0.00191118242219,0.00014673237456,0.0000216230455408,0.00000172510510765,8.65358558144e-8,8.73990160244e-8,2.04904715417e-9,1.52535484244e-10],"dvar2":[0.000720337789971,0.641527116299,66.566368103,956.935668945,567.022827148,243.138122559,108.270248413,284.022521973,374.396270752,878.556884766,257.940979004,344.125244141,1769.22546387,1282.43139648,2480.27050781,1318.31726074,3517.09838867,1179.35949707,3100.42211914,5712.52294922,874.198425293,1262.58251953,830.857849121,1936.68457031,1179.94873047,561.532226562,497.329193115,262.452178955,39.7220649719,13.481669426,3.60401058197,0.120986908674,0.00464614480734,0.000358771358151,0.0000537812557013,0.00000448678747489,2.35399113535e-7,2.61090235654e-7,6.13930772886e-9,4.2646638998e-10],"max":[0.512497186661,15.9037446976,264.573272705,1056.12805176,1036.70397949,403.515197754,418.743438721,551.311096191,1445.12646484,1073.82727051,437.797332764,459.8409729,811.000244141,1337.60949707,1217.67871094,889.902832031,1514.76135254,619.933532715,1399.68835449,1558.77380371,888.410095215,803.887451172,507.136535645,1490.62536621,792.114135742,452.595703125,552.890014648,390.351928711,185.848480225,101.382591248,66.1473007202,12.5416851044,2.74139285088,0.992334365845,0.325696110725,0.0667296051979,0.0140962870792,0.0277793686837,0.00429710792378,0.000748630147427],"mean":[0.0182644352317,0.423718750477,3.00786709785,4.81687450409,5.9842543602,5.61790561676,4.99097204208,8.9852514267,10.9228954315,13.5165863037,8.60746574402,10.7041893005,13.4215564728,17.0792312622,15.8587665558,13.4357223511,19.7817745209,12.4092226028,13.6035013199,14.7491941452,8.03310203552,10.596827507,9.94964313507,11.4487314224,9.75516319275,7.34297609329,5.93459844589,5.98513460159,2.61433720589,1.43403255939,0.660303115845,0.140629202127,0.0273223761469,0.00653958879411,0.00192484247964,0.000515704683494,0.000104295962956,0.0000179211219802,0.00000829306554806,0.0000163543281815],"median":[0.0107996743172,0.203540399671,1.04102015495,1.43851399422,1.07813549042,1.67618477345,1.60784912109,1.94159197807,2.71468305588,2.5657286644,1.61548447609,1.49829030037,1.63985443115,2.52916479111,2.72511529922,1.60988426208,1.17615675926,1.11393713951,0.59668636322,0.996048569679,0.647896528244,0.488376319408,0.286597579718,0.244826793671,0.115802645683,0.0997097492218,0.0474856644869,0.0358000919223,0.0158760994673,0.00870127417147,0.00447463337332,0.00248987437226,0.00124064879492,0.000582519220188,0.000273805402685,0.000115370872663,0.0000369863701053,0.00000649775574857,0.00000290629577648,0.00000633475519862],"min":[5.04138260089e-22,5.41420891748e-21,9.87292486885e-21,2.62254721309e-20,2.82150014472e-20,6.9846853043e-20,7.99992025924e-20,3.57548587131e-19,6.24159315863e-19,1.49880453424e-18,5.6364655626e-19,3.47591788249e-19,1.3690680794e-18,1.67652749417e-18,1.36511250171e-18,2.78542752199e-18,5.4114763651e-18,5.60929288628e-18,2.05968344757e-18,6.94676783616e-18,1.30498122747e-17,1.12591482283e-17,7.68233654151e-18,8.24616848962e-18,1.08327647466e-17,1.37869931551e-17,2.16645964335e-17,1.57361383894e-17,1.56832153738e-17,1.63590467497e-17,1.69519681584e-17,1.59875450474e-17,1.35288127151e-17,1.00095570825e-17,7.85693947957e-18,6.15913390151e-18,2.62193403315e-18,1.36064448563e-18,2.9694062421e-19,3.44539369004e-20],"var":[0.000814843049739,0.7966979146,52.440990448,411.917449951,462.592285156,205.138305664,183.516952515,584.331298828,1580.80883789,1923.0255127,357.447723389,728.148132324,1523.62536621,2124.78393555,2118.68554688,1238.06665039,3350.11157227,1224.08422852,2232.34887695,3742.03808594,620.983703613,1653.35095215,1010.08972168,1373.31628418,1084.18408203,637.165710449,603.154296875,500.219390869,89.9226608276,30.4480667114,9.03168869019,0.391973614693,0.0140996603295,0.00102531153243,0.000107544430648,0.00000644938290861,1.61631746209e-7,4.58967868155e-8,1.24473742424e-9,9.20633680401e-10]},"erbbands_crest":{"dmean":2.81555724144,"dmean2":4.52569198608,"dvar":7.08475017548,"dvar2":17.7121582031,"max":33.8175926208,"mean":12.1706781387,"median":10.7877464294,"min":2.42512774467,"var":35.1072463989},"erbbands_flatness_db":{"dmean":0.0168136004359,"dmean2":0.0265653282404,"dvar":0.000308175513055,"dvar2":0.000796415784862,"max":0.466471493244,"mean":0.230798318982,"median":0.22572940588,"min":0.0346457250416,"var":0.00211446615867},"erbbands_kurtosis":{"dmean":2.98487615585,"dmean2":4.88775014877,"dvar":52.3119506836,"dvar2":145.613861084,"max":169.26612854,"mean":5.9208650589,"median":0.337200403214,"min":-1.91562223434,"var":217.435394287},"erbbands_skewness":{"dmean":0.454442739487,"dmean2":0.717031776905,"dvar":0.274097979069,"dvar2":0.72582668066,"max":9.51832771301,"mean":0.710260689259,"median":0.324142307043,"min":-9.14283466339,"var":3.44215369225},"erbbands_spread":{"dmean":5.46806526184,"dmean2":8.76205158234,"dvar":45.3416099548,"dvar2":120.23789978,"max":140.282089233,"mean":25.9989242554,"median":23.6767158508,"min":0.561989367008,"var":305.697631836},"gfcc":{"cov":[[17115.5546875,684.459594727,-6166.53076172,-102.10798645,-1703.99060059,-582.082580566,764.818847656,-646.621826172,171.640396118,-620.426208496,30.2033481598,-490.981231689,-283.172058105],[684.459594727,800.635009766,-91.2786102295,-549.798217773,-11.9925165176,-57.3095550537,37.431388855,-4.67007255554,19.8389606476,4.93653154373,47.7804756165,7.30665636063,29.4990539551],[-6166.53076172,-91.2786102295,3026.87915039,189.468841553,634.375,270.468658447,-383.716369629,200.794448853,-80.357673645,229.572250366,-19.0113697052,162.674591064,108.47517395],[-102.10798645,-549.798217773,189.468841553,701.522216797,72.6200561523,-41.7808380127,-61.9980239868,-62.4821205139,-6.54064512253,-41.7399787903,-38.1424026489,-54.5324516296,-29.3908309937],[-1703.99060059,-11.9925165176,634.375,72.6200561523,369.982513428,78.8712387085,-110.907714844,59.8720359802,-7.42561435699,51.5067558289,-31.4798240662,38.6376991272,47.5732460022],[-582.082580566,-57.3095550537,270.468658447,-41.7808380127,78.8712387085,192.745056152,20.4544219971,14.2416934967,-15.1260728836,14.9847259521,-29.3195362091,18.288684845,15.0272550583],[764.818847656,37.431388855,-383.716369629,-61.9980239868,-110.907714844,20.4544219971,229.053222656,19.7789421082,-37.5465660095,-74.9671707153,28.4447231293,-13.0110607147,-44.4147605896],[-646.621826172,-4.67007255554,200.794448853,-62.4821205139,59.8720359802,14.2416934967,19.7789421082,154.872406006,14.1776409149,22.6511955261,11.3104047775,46.6205673218,-1.43458557129],[171.640396118,19.8389606476,-80.357673645,-6.54064512253,-7.42561435699,-15.1260728836,-37.5465660095,14.1776409149,125.158874512,42.5937156677,-25.9167690277,-26.9895687103,9.96703243256],[-620.426208496,4.93653154373,229.572250366,-41.7399787903,51.5067558289,14.9847259521,-74.9671707153,22.6511955261,42.5937156677,125.580360413,20.8622589111,9.42999267578,11.8932695389],[30.2033481598,47.7804756165,-19.0113697052,-38.1424026489,-31.4798240662,-29.3195362091,28.4447231293,11.3104047775,-25.9167690277,20.8622589111,108.3984375,37.3048439026,-35.1580886841],[-490.981231689,7.30665636063,162.674591064,-54.5324516296,38.6376991272,18.288684845,-13.0110607147,46.6205673218,-26.9895687103,9.42999267578,37.3048439026,105.37386322,36.600440979],[-283.172058105,29.4990539551,108.47517395,-29.3908309937,47.5732460022,15.0272550583,-44.4147605896,-1.43458557129,9.96703243256,11.8932695389,-35.1580886841,36.600440979,103.574913025]],"icov":[[0.000816065061372,-0.00248001911677,0.00167889578734,-0.00254422635771,0.00225666165352,-0.00217150477692,0.00138133601286,-0.000865049078129,0.000554411031771,0.000279756000964,0.000166143887327,0.000144784571603,0.000235814208281],[-0.00248001911677,0.0126193184406,-0.00604613823816,0.0126532716677,-0.00864264555275,0.0101958215237,-0.00593723636121,0.00578223308548,-0.00435567926615,0.00229095411487,-0.00314328679815,0.00207090331241,-0.00206988328137],[0.00167889578734,-0.00604613823816,0.00449512293562,-0.0064219138585,0.00441463943571,-0.00611666683108,0.00439072307199,-0.00343241170049,0.00272447941825,-0.000721120333765,0.000578721228521,-0.000149908912135,0.000547032686882],[-0.00254422635771,0.0126532716677,-0.0064219138585,0.0145221473649,-0.00919320899993,0.0109842708334,-0.00589170586318,0.00667777704075,-0.00465930392966,0.00319173373282,-0.00264464644715,0.00234051747248,-0.0011610344518],[0.00225666165352,-0.00864264555275,0.00441463943571,-0.00919320899993,0.0116664581001,-0.00842592678964,0.0058005922474,-0.00506460433826,0.00305896089412,-0.000353378127329,0.00168599188328,-0.000112338850158,0.0000383691221941],[-0.00217150477692,0.0101958215237,-0.00611666683108,0.0109842708334,-0.00842592678964,0.0167917702347,-0.00906516145915,0.00722024217248,-0.00363815599121,-0.000634644005913,0.00251302728429,-0.00166847172659,0.000194468069822],[0.00138133601286,-0.00593723636121,0.00439072307199,-0.00589170586318,0.0058005922474,-0.00906516145915,0.0133497510105,-0.00722675118595,0.0042705363594,0.00386133184657,-0.00320689170621,0.00303775747307,0.000456309964648],[-0.000865049078129,0.00578223308548,-0.00343241170049,0.00667777704075,-0.00506460433826,0.00722024217248,-0.00722675118595,0.0144726308063,-0.00594493653625,0.000150451829541,0.0017241978785,-0.00554180657491,0.00295642879792],[0.000554411031771,-0.00435567926615,0.00272447941825,-0.00465930392966,0.00305896089412,-0.00363815599121,0.0042705363594,-0.00594493653625,0.0146459173411,-0.00651365192607,0.00379652599804,0.00216324441135,-0.000684613361955],[0.000279756000964,0.00229095411487,-0.000721120333765,0.00319173373282,-0.000353378127329,-0.000634644005913,0.00386133184657,0.000150451829541,-0.00651365192607,0.0177129860967,-0.00916001573205,0.00551439914852,-0.00277951383032],[0.000166143887327,-0.00314328679815,0.000578721228521,-0.00264464644715,0.00168599188328,0.00251302728429,-0.00320689170621,0.0017241978785,0.00379652599804,-0.00916001573205,0.0220878776163,-0.0130928773433,0.0103133982047],[0.000144784571603,0.00207090331241,-0.000149908912135,0.00234051747248,-0.000112338850158,-0.00166847172659,0.00303775747307,-0.00554180657491,0.00216324441135,0.00551439914852,-0.0130928773433,0.023262757808,-0.011359360069],[0.000235814208281,-0.00206988328137,0.000547032686882,-0.0011610344518,0.0000383691221941,0.000194468069822,0.000456309964648,0.00295642879792,-0.000684613361955,-0.00277951383032,0.0103133982047,-0.011359360069,0.018077455461]],"mean":[-155.625854492,160.460800171,-108.290039062,40.6738243103,-41.9126548767,2.07751131058,-22.3593139648,-8.95906257629,-14.6123628616,-7.88870334625,-8.93305873871,-6.93511867523,-7.98018836975]},"hfc":{"dmean":1.80136680603,"dmean2":2.76729655266,"dvar":18.913766861,"dvar2":44.34897995,"max":182.576156616,"mean":9.11347579956,"median":1.82507967949,"min":1.21196769581e-16,"var":346.383880615},"melbands":{"dmean":[0.000148151317262,0.000563323730603,0.000514021259733,0.000235496860114,0.0000802240465418,0.0000883556931512,0.000070173489803,0.0000604785418545,0.0000335745753546,0.0000284361540253,0.0000365825435438,0.0000359881632903,0.0000356214986823,0.0000198937668756,0.0000275836810033,0.0000182697021955,0.0000123246682051,0.0000148268818521,0.00000904998341866,0.0000103211641544,0.00000529333556187,0.00000525651239514,0.00000575666308578,0.00000595873871134,0.0000051385027291,0.00000565089158044,0.00000253983785115,0.0000021983616989,0.00000167998371126,0.0000018695656081,0.00000158606735567,6.50748006592e-7,5.56460179268e-7,2.98722653724e-7,1.88307538451e-7,6.12646857689e-8,2.33751347167e-8,8.38665226155e-9,3.10625569711e-9,2.00302929798e-9],"dmean2":[0.000258515763562,0.000871251395438,0.000868768082,0.000389213237213,0.00012726476416,0.00013084046077,0.000103961028799,0.0000843427333166,0.0000505364296259,0.0000415000322391,0.0000557338098588,0.0000532833983016,0.0000550050353922,0.0000319264145219,0.0000437091002823,0.0000291646356345,0.000020050247258,0.0000245149112743,0.0000153520377353,0.0000174490342033,0.00000890486353455,0.00000879296931089,0.00000928747613216,0.00000971460576693,0.00000862677370606,0.00000926854227146,0.0000042276824388,0.00000366463086721,0.00000272438296633,0.0000031160279832,0.00000245856472247,0.00000103874742763,8.84721714556e-7,4.82315613226e-7,2.97698818486e-7,9.80923005045e-8,3.77497144655e-8,1.37450335558e-8,5.08040542968e-9,3.31162586242e-9],"dvar":[7.21276762761e-8,0.00000345467901752,0.00000818918397272,6.44334420485e-7,4.85344457957e-8,6.46641282742e-8,3.8597629981e-8,4.87812705785e-8,8.47948200544e-9,5.71299940688e-9,1.83043393776e-8,1.2269432581e-8,1.95269667103e-8,6.61178178873e-9,7.12684089521e-9,3.13302428445e-9,1.77287384773e-9,4.66724880965e-9,1.36514566318e-9,2.59020871418e-9,5.62808244453e-10,5.48012080159e-10,8.52160342291e-10,6.56207643779e-10,6.26412144378e-10,6.89775847551e-10,1.68705119319e-10,8.60440330097e-11,7.77034755983e-11,1.21617757531e-10,4.9035487476e-11,8.40316878581e-12,6.37282761284e-12,2.06506036229e-12,9.69306232501e-13,1.18132906885e-13,1.2701258197e-14,1.62694255685e-15,2.47162943459e-16,9.83242330269e-17],"dvar2":[1.96990086465e-7,0.00000959004319157,0.0000238110242208,0.00000169234544956,1.17980661685e-7,1.32273797249e-7,7.83802178717e-8,8.7807471516e-8,1.90425897273e-8,1.2248748682e-8,4.57250735053e-8,2.41474698015e-8,4.62593519046e-8,1.63324926916e-8,1.71038241348e-8,7.63130270087e-9,4.57834081757e-9,1.26175372372e-8,4.20798595968e-9,7.60845431103e-9,1.5486254501e-9,1.45011536112e-9,2.00096739178e-9,1.75876080366e-9,1.75113867851e-9,1.83257020669e-9,4.83484974279e-10,2.37031561046e-10,1.92407201283e-10,3.54704654537e-10,1.11531256453e-10,2.1527810784e-11,1.49769745217e-11,5.45568971944e-12,2.48490247476e-12,2.9883981032e-13,3.48619448739e-14,4.087345205e-15,6.11972251727e-16,2.52639064403e-16],"max":[0.00925465300679,0.0973278954625,0.186587080359,0.0364007763565,0.0121520794928,0.0112516311929,0.0191840417683,0.0105416988954,0.00346863199957,0.00250683119521,0.00418170262128,0.00581917446107,0.00533481827006,0.00518692331389,0.00264149298891,0.00211279978976,0.0013747245539,0.00309799495153,0.00147818948608,0.00164511823095,0.00127349118702,0.000850431504659,0.00121600483544,0.00108228728641,0.00155945052393,0.00114117725752,0.000823852780741,0.000265666662017,0.000419853138737,0.000471311999718,0.000246340467129,0.000132014974952,0.000131444321596,0.0000507867662236,0.0000539078610018,0.000017464888515,0.00000596167774347,0.0000022725830604,0.00000125757287606,7.7202258808e-7],"mean":[0.000271820143098,0.0012460652506,0.000908448884729,0.000435191439465,0.000181144147064,0.000199558373424,0.000166882920894,0.000133322711918,0.0000715402056812,0.0000652898888802,0.0000673793547321,0.0000700950477039,0.0000601615174673,0.0000328424830514,0.0000480591297674,0.0000309213319269,0.0000219334779104,0.0000238791162701,0.0000157392296387,0.0000157656322699,0.00000848277886689,0.0000100108654806,0.0000105652061393,0.0000104912805909,0.00000888805425348,0.00000995545633486,0.00000488782870889,0.00000441199790657,0.00000334534092872,0.00000377267019758,0.00000349199126504,0.00000148330207139,0.00000116741102829,6.97643201875e-7,4.52499421044e-7,1.52122893837e-7,5.5600629878e-8,2.01392822419e-8,7.41798178439e-9,4.44053371851e-9],"median":[0.00014250856475,0.000506454962306,0.000254195707384,0.000101658049971,0.0000608028676652,0.0000449208309874,0.0000431706976087,0.0000245078190346,0.0000115912016554,0.00000855595862959,0.00000735860839995,0.00000894756703929,0.00000844043370307,0.00000267184668701,0.0000031570750707,0.00000214481224248,0.00000147907371684,6.54638142805e-7,0.00000119530182019,9.09509935809e-7,4.26960156119e-7,4.24391089382e-7,2.15907732581e-7,1.9937007778e-7,1.64900995969e-7,8.99230485629e-8,5.61071402672e-8,5.46160130455e-8,2.5638382084e-8,2.1207448242e-8,1.84167738837e-8,8.73606520457e-9,6.66707977715e-9,3.73380437679e-9,2.68790456559e-9,1.82013548677e-9,1.33439315153e-9,8.98214558287e-10,5.8655352797e-10,4.3683368034e-10],"min":[7.19801576109e-24,6.25886028735e-24,5.85620280436e-24,3.40385118677e-24,2.99538334878e-24,8.18162196912e-24,1.13074288747e-23,1.52532740461e-23,3.33722715016e-24,1.40272169609e-24,6.64470556673e-24,6.45968731331e-24,3.5579200603e-24,7.68742585555e-24,6.58117228714e-24,9.78294097582e-24,9.94991364161e-24,3.24580349606e-24,4.59842641099e-24,1.1764438874e-23,1.68883523553e-23,1.13309124749e-23,6.71735334521e-24,6.73992817773e-24,5.81242772943e-24,7.73597235566e-24,8.40572709711e-24,9.0269866144e-24,1.51947437224e-23,9.37368467136e-24,8.64573802752e-24,8.17332788557e-24,8.64009530546e-24,8.94856121865e-24,8.73134994612e-24,1.17139549315e-23,9.28759864736e-24,9.68826110112e-24,8.24370295578e-24,8.3739991115e-24],"var":[2.9480372632e-7,0.00000769464531913,0.0000131432861963,0.00000144782165989,1.8404649893e-7,2.75178507536e-7,3.01687947513e-7,1.84174950846e-7,2.61202863783e-8,2.51388740935e-8,3.90878476253e-8,3.90770473757e-8,3.8083548759e-8,1.2384066217e-8,1.81926775866e-8,7.13007919373e-9,4.57881776939e-9,8.78014816408e-9,3.25189009054e-9,4.46070425042e-9,9.5804619793e-10,1.59616320161e-9,2.26129048819e-9,1.51132384385e-9,1.04481523433e-9,1.50245038633e-9,3.56827178916e-10,2.64583938092e-10,2.16784951101e-10,3.40307504398e-10,1.78736081491e-10,3.48816912854e-11,2.13111247399e-11,8.47973514323e-12,4.35520586609e-12,6.19506887196e-13,5.97663466027e-14,8.18620328181e-15,1.37609480831e-15,5.05764960992e-16]},"melbands_crest":{"dmean":2.77335715294,"dmean2":4.44470643997,"dvar":5.59641122818,"dvar2":14.6580810547,"max":38.9234733582,"mean":15.4999809265,"median":15.1809463501,"min":2.31551766396,"var":25.4610614777},"melbands_flatness_db":{"dmean":0.0236900746822,"dmean2":0.0388322435319,"dvar":0.00053425191436,"dvar2":0.00151962321252,"max":0.680176913738,"mean":0.333772927523,"median":0.329764723778,"min":0.00776769733056,"var":0.0134052392095},"melbands_kurtosis":{"dmean":10.7864427567,"dmean2":18.0512084961,"dvar":1968.61730957,"dvar2":5454.99316406,"max":1901.90246582,"mean":20.6350746155,"median":7.03483438492,"min":-1.93602013588,"var":4903.48095703},"melbands_skewness":{"dmean":0.689639568329,"dmean2":1.10656988621,"dvar":0.914446890354,"dvar2":2.50923967361,"max":37.5270881653,"mean":2.52446174622,"median":2.13517141342,"min":-3.6479973793,"var":4.9197010994},"melbands_spread":{"dmean":3.82435655594,"dmean2":6.0829205513,"dvar":35.8493347168,"dvar2":91.6196212769,"max":146.928863525,"mean":14.8206796646,"median":10.902677536,"min":0.231624528766,"var":196.482727051},"mfcc":{"cov":[[18157.0390625,-274.080169678,-5065.74755859,-70.6349563599,-2910.14257812,99.2528305054,-782.623718262,319.299926758,-530.579589844,127.113113403,25.0524673462,-123.481582642,-489.532012939],[-274.080169678,1397.1529541,66.1583404541,-394.848602295,14.7374563217,-176.148529053,33.2568702698,-80.8507156372,57.0421524048,-83.2281646729,-6.90268373489,63.803024292,57.2402000427],[-5065.74755859,66.1583404541,1966.77941895,179.588363647,920.963195801,56.3745269775,195.928359985,-100.558448792,118.064125061,-42.0488891602,-21.2277908325,31.1877365112,98.2949371338],[-70.6349563599,-394.848602295,179.588363647,441.439453125,142.150634766,63.2884788513,-7.47471380234,5.43787527084,-57.4292755127,15.5850486755,2.02437210083,-58.1864204407,-30.0358333588],[-2910.14257812,14.7374563217,920.963195801,142.150634766,674.976867676,51.5692176819,90.6439437866,-76.494682312,88.9461135864,-9.62522220612,-27.8840656281,-10.3735322952,79.5192642212],[99.2528305054,-176.148529053,56.3745269775,63.2884788513,51.5692176819,164.129058838,18.5922851562,-2.60131216049,2.49155783653,8.85876941681,-21.0570869446,-18.7695064545,-27.5933055878],[-782.623718262,33.2568702698,195.928359985,-7.47471380234,90.6439437866,18.5922851562,176.757720947,56.351398468,6.86797714233,-41.9405937195,9.04573726654,15.1938371658,-0.138800472021],[319.299926758,-80.8507156372,-100.558448792,5.43787527084,-76.494682312,-2.60131216049,56.351398468,144.244537354,13.5690584183,-30.3656253815,19.1899967194,0.959980905056,-31.9402332306],[-530.579589844,57.0421524048,118.064125061,-57.4292755127,88.9461135864,2.49155783653,6.86797714233,13.5690584183,156.728225708,24.1907787323,-51.8830299377,6.82827377319,38.8256721497],[127.113113403,-83.2281646729,-42.0488891602,15.5850486755,-9.62522220612,8.85876941681,-41.9405937195,-30.3656253815,24.1907787323,115.879051208,21.8510150909,-31.7388801575,3.66524338722],[25.0524673462,-6.90268373489,-21.2277908325,2.02437210083,-27.8840656281,-21.0570869446,9.04573726654,19.1899967194,-51.8830299377,21.8510150909,142.232940674,35.3313217163,-51.9123878479],[-123.481582642,63.803024292,31.1877365112,-58.1864204407,-10.3735322952,-18.7695064545,15.1938371658,0.959980905056,6.82827377319,-31.7388801575,35.3313217163,128.077636719,29.3613491058],[-489.532012939,57.2402000427,98.2949371338,-30.0358333588,79.5192642212,-27.5933055878,-0.138800472021,-31.9402332306,38.8256721497,3.66524338722,-51.9123878479,29.3613491058,153.630722046]],"icov":[[0.000627733650617,-0.000507881399244,0.000797497690655,-0.000751699088141,0.00134567625355,-0.00136212643702,0.00159853883088,-0.00130998645909,0.0010839428287,-0.000802284746896,0.00098443008028,-0.000593329081312,0.000511406280566],[-0.000507881399244,0.00165493146051,-0.000624894164503,0.00151648384053,-0.00116326543503,0.00211546616629,-0.00166905275546,0.00221622060053,-0.00140494189691,0.00179119419772,-0.00117637647782,0.000846437527798,-0.00034425908234],[0.000797497690655,-0.000624894164503,0.00254142610356,-0.00106293323915,-0.000220420435653,-0.00149964855518,0.00121933803894,-0.00117811153177,0.0011987646576,-0.000883789325599,0.00125515880063,-0.00123493664432,0.00091932102805],[-0.000751699088141,0.00151648384053,-0.00106293323915,0.00482454057783,-0.00280131213367,0.00163184595294,-0.00115588842891,0.000701730139554,0.000695483875461,0.000648168090265,-0.000591726566199,0.00142726872582,-0.000112985508167],[0.00134567625355,-0.00116326543503,-0.000220420435653,-0.00280131213367,0.00822591222823,-0.00382997910492,0.00262189400382,-0.000553809979465,-0.000366374326404,0.0000120764862004,0.000111880770419,0.000615282915533,-0.00073122465983],[-0.00136212643702,0.00211546616629,-0.00149964855518,0.00163184595294,-0.00382997910492,0.0112303122878,-0.00492581957951,0.00385049148463,-0.00219433498569,0.000802191323601,0.000284576759441,0.000529425044078,0.00147595931776],[0.00159853883088,-0.00166905275546,0.00121933803894,-0.00115588842891,0.00262189400382,-0.00492581957951,0.0130358468741,-0.00806449446827,0.00416171550751,-0.000963483995292,0.00230177072808,-0.00174337637145,0.000884882407263],[-0.00130998645909,0.00221622060053,-0.00117811153177,0.000701730139554,-0.000553809979465,0.00385049148463,-0.00806449446827,0.0161344390363,-0.00812384299934,0.00745077244937,-0.00640010414645,0.00382259511389,-0.000801464077085],[0.0010839428287,-0.00140494189691,0.0011987646576,0.000695483875461,-0.000366374326404,-0.00219433498569,0.00416171550751,-0.00812384299934,0.0146515369415,-0.00842492841184,0.0088365226984,-0.00474518537521,0.00184767402243],[-0.000802284746896,0.00179119419772,-0.000883789325599,0.000648168090265,0.0000120764862004,0.000802191323601,-0.000963483995292,0.00745077244937,-0.00842492841184,0.0176972560585,-0.00978854391724,0.00744271976873,-0.00386867835186],[0.00098443008028,-0.00117637647782,0.00125515880063,-0.000591726566199,0.000111880770419,0.000284576759441,0.00230177072808,-0.00640010414645,0.0088365226984,-0.00978854391724,0.017002960667,-0.00832725223154,0.00665823090822],[-0.000593329081312,0.000846437527798,-0.00123493664432,0.00142726872582,0.000615282915533,0.000529425044078,-0.00174337637145,0.00382259511389,-0.00474518537521,0.00744271976873,-0.00832725223154,0.0135999768972,-0.00495836930349],[0.000511406280566,-0.00034425908234,0.00091932102805,-0.000112985508167,-0.00073122465983,0.00147595931776,0.000884882407263,-0.000801464077085,0.00184767402243,-0.00386867835186,0.00665823090822,-0.00495836930349,0.0109572187066]],"mean":[-797.133789062,176.985214233,7.56887054443,39.966632843,4.49782800674,14.6269454956,1.68117880821,4.20382165909,-2.44379448891,-0.638046860695,-1.42302060127,-1.51723325253,-0.341161489487]},"pitch_salience":{"dmean":0.0681112036109,"dmean2":0.11370318383,"dvar":0.00341363577172,"dvar2":0.00982632674277,"max":0.875906825066,"mean":0.494336754084,"median":0.497559547424,"min":0.0570647902787,"var":0.0104373116046},"silence_rate_20dB":{"dmean":0.000329181988491,"dmean2":0.000658400065731,"dvar":0.000329071684973,"dvar2":0.000877426122315,"max":1,"mean":0.999451398849,"median":1,"min":0,"var":0.000548300566152},"silence_rate_30dB":{"dmean":0.00482800230384,"dmean2":0.00965653453022,"dvar":0.00480466336012,"dvar2":0.0113188987598,"max":1,"mean":0.98299318552,"median":1,"min":0,"var":0.0167173948139},"silence_rate_60dB":{"dmean":0.0508037544787,"dmean2":0.101613081992,"dvar":0.0482143349946,"dvar2":0.110195718706,"max":1,"mean":0.313583493233,"median":0,"min":0,"var":0.215289488435},"spectral_centroid":{"dmean":134.193191528,"dmean2":214.916702271,"dvar":35284.5390625,"dvar2":86293.421875,"max":10987.3994141,"mean":852.075073242,"median":648.429260254,"min":102.910881042,"var":429504.4375},"spectral_complexity":{"dmean":1.40363192558,"dmean2":2.36958193779,"dvar":2.27903985977,"dvar2":5.94094705582,"max":60,"mean":10.5692338943,"median":7,"min":0,"var":84.2263031006},"spectral_contrast_coeffs":{"dmean":[0.0461048074067,0.0371147058904,0.0315219461918,0.0278953108937,0.0200663711876,0.0139258122072],"dmean2":[0.0785724595189,0.060768533498,0.0506887920201,0.045925706625,0.0332953482866,0.0231445264071],"dvar":[0.00130328407977,0.000864200061187,0.000639493577182,0.000532700913027,0.000306599249598,0.000161177231348],"dvar2":[0.00375356129371,0.00233146105893,0.00162935676053,0.00139706721529,0.000835149199702,0.000436851929408],"max":[-0.237836122513,-0.419501960278,-0.415947437286,-0.515295147896,-0.534456908703,-0.526642918587],"mean":[-0.656340301037,-0.734609663486,-0.755145967007,-0.752288997173,-0.780917286873,-0.754216849804],"median":[-0.662992358208,-0.739839375019,-0.745927333832,-0.743359684944,-0.776953816414,-0.789331018925],"min":[-0.960894167423,-0.980677247047,-0.966882288456,-0.9693364501,-0.958814382553,-0.95955657959],"var":[0.0072597223334,0.00542717985809,0.00756443431601,0.00598943186924,0.00652800640091,0.00825504120439]},"spectral_contrast_valleys":{"dmean":[0.387821286917,0.291014999151,0.259354561567,0.231515392661,0.203490227461,0.210068523884],"dmean2":[0.66712552309,0.486983686686,0.438448756933,0.392373174429,0.343798100948,0.359227776527],"dvar":[0.102101497352,0.0631833449006,0.0537848062813,0.0551238805056,0.0687004551291,0.0846539512277],"dvar2":[0.281237721443,0.162002339959,0.139101758599,0.14068762958,0.177365064621,0.222004637122],"max":[-5.24790668488,-4.58008813858,-5.41910982132,-5.82263231277,-5.69058990479,-8.94839763641],"mean":[-7.63705968857,-7.75150680542,-8.81936454773,-9.52062416077,-9.56936168671,-12.5933895111],"median":[-7.586561203,-7.43594169617,-8.75227165222,-9.67918014526,-10.0248184204,-12.8097820282],"min":[-27.4479427338,-27.1475582123,-27.3485908508,-27.3887443542,-27.2798728943,-27.3279838562],"var":[0.692814350128,2.15897941589,2.46997356415,2.19369935989,2.03392648697,0.75434678793]},"spectral_decrease":{"dmean":9.04058883311e-10,"dmean2":1.44549716641e-9,"dvar":8.92317115325e-18,"dvar2":2.51651519939e-17,"max":6.46005954376e-29,"mean":-3.45350414932e-9,"median":-1.45580325572e-9,"min":-1.74667604824e-7,"var":4.08620572069e-17},"spectral_energy":{"dmean":0.00351047120057,"dmean2":0.00560075137764,"dvar":0.000130014537717,"dvar2":0.000365563289961,"max":0.674448430538,"mean":0.0138609455898,"median":0.00567590538412,"min":1.07490892755e-20,"var":0.000654820702039},"spectral_energyband_high":{"dmean":0.000101108744275,"dmean2":0.000161087620654,"dvar":1.49590292153e-7,"dvar2":3.8543635128e-7,"max":0.0198879353702,"mean":0.000320655963151,"median":0.00000290692628369,"min":7.75400964132e-21,"var":0.00000123856216305},"spectral_energyband_low":{"dmean":0.00245501007885,"dmean2":0.00395342661068,"dvar":0.0000840009452077,"dvar2":0.000242281021201,"max":0.382432609797,"mean":0.0052796700038,"median":0.0022841647733,"min":6.76713220382e-23,"var":0.000148701219587},"spectral_energyband_middle_high":{"dmean":0.000869564595632,"dmean2":0.00134827871807,"dvar":0.00000404068669013,"dvar2":0.00000962886042544,"max":0.0578588321805,"mean":0.00293001253158,"median":0.000528884702362,"min":1.52987094681e-21,"var":0.0000337967212545},"spectral_energyband_middle_low":{"dmean":0.0021610816475,"dmean2":0.0034764285665,"dvar":0.000076743432146,"dvar2":0.000217357403017,"max":0.580251336098,"mean":0.00617300765589,"median":0.00210928404704,"min":2.1152931569e-22,"var":0.000213035644265},"spectral_entropy":{"dmean":0.159272044897,"dmean2":0.259640604258,"dvar":0.0407120771706,"dvar2":0.112729035318,"max":9.80543327332,"mean":6.51779317856,"median":6.56615161896,"min":4.21664381027,"var":0.494792580605},"spectral_flux":{"dmean":0.00915405340493,"dmean2":0.015347446315,"dvar":0.000166129757417,"dvar2":0.000462682568468,"max":0.583239793777,"mean":0.0423905029893,"median":0.0307150147855,"min":6.62807864149e-11,"var":0.00134818349034},"spectral_kurtosis":{"dmean":4.87484359741,"dmean2":8.45571613312,"dvar":25.3699932098,"dvar2":74.2493591309,"max":68.5754394531,"mean":12.5991764069,"median":10.0107297897,"min":-1.23960363865,"var":110.165412903},"spectral_rms":{"dmean":0.000382971949875,"dmean2":0.000606253917795,"dvar":2.49448106615e-7,"dvar2":6.53345409773e-7,"max":0.0256514810026,"mean":0.00299709616229,"median":0.00235318252817,"min":3.23835099361e-12,"var":0.00000454033079222},"spectral_rolloff":{"dmean":218.170654297,"dmean2":385.304748535,"dvar":212993.09375,"dvar2":514057.65625,"max":19013.8183594,"mean":858.389038086,"median":559.86328125,"min":21.533203125,"var":715403.875},"spectral_skewness":{"dmean":0.41063785553,"dmean2":0.705975651741,"dvar":0.152040719986,"dvar2":0.436703562737,"max":6.95545244217,"mean":2.43061995506,"median":2.29961013794,"min":0.00309141445905,"var":1.55749356747},"spectral_spread":{"dmean":325048.90625,"dmean2":558943.3125,"dvar":242039652352,"dvar2":604095512576,"max":41876568,"mean":2813533,"median":2677491.5,"min":1119482.5,"var":1145612926980},"spectral_strongpeak":{"dmean":0.321871012449,"dmean2":0.555412828922,"dvar":0.574916124344,"dvar2":1.52009689808,"max":15.9931678772,"mean":0.529436767101,"median":0.236386969686,"min":0,"var":0.740987539291},"zerocrossingrate":{"dmean":0.00422179652378,"dmean2":0.00542630860582,"dvar":0.0000627313711448,"dvar2":0.000105270883068,"max":0.517578125,"mean":0.0320305600762,"median":0.02587890625,"min":0.00048828125,"var":0.000596490630414}},"metadata":{"audio_properties":{"analysis_sample_rate":44100,"bit_rate":160000,"codec":"mp3","downmix":"mix","equal_loudness":0,"length":423.20980835,"lossless":false,"md5_encoded":"ba49c12b960081bb88f49d2e856f158e","replay_gain":-0.856428146362,"sample_rate":44100},"tags":{"album":["The Lure of the Grand Canyon"],"albumartist":["Johnny Cash"],"albumartistsort":["Cash, Johnny"],"artist":["Johnny Cash"],"artistsort":["Cash, Johnny"],"catalognumber":["CL 1622"],"date":["1961"],"discnumber":["1/1"],"file_name":"01-Sunrise- The Lure of the Grand Canyon-Johnny Cash.mp3","genre":["Classical"],"label":["Columbia"],"language":["eng"],"media":["Vinyl"],"musicbrainz album release country":["US"],"musicbrainz album status":["official"],"musicbrainz album type":["album"],"musicbrainz_albumartistid":["d43d12a1-2dc9-4257-a2fd-0a3bb1081b86"],"musicbrainz_albumid":["72202a29-a685-4a0b-9487-475f32ea5839"],"musicbrainz_artistid":["d43d12a1-2dc9-4257-a2fd-0a3bb1081b86"],"musicbrainz_recordingid":["6d842370-e61c-4d25-9c3f-18696954d43e"],"originaldate":["1961"],"script":["Latn"],"title":["Sunrise"],"tracknumber":["1/6"]},"version":{"essentia":"2.1-beta2","essentia_build_sha":"70f2e5ece6736b2c40cc944ad0e695b16b925413","essentia_git_sha":"v2.1_beta2","extractor":"music 1.0"}},"rhythm":{"beats_count":844,"beats_loudness":{"dmean":0.00686476938426,"dmean2":0.0119524775073,"dvar":0.000380242738174,"dvar2":0.00106935715303,"max":0.441530942917,"mean":0.0153514295816,"median":0.0063460492529,"min":1.19322734804e-7,"var":0.000734228466172},"beats_loudness_band_ratio":{"dmean":[0.168716788292,0.116290338337,0.0793450698256,0.0696492642164,0.0301318075508,0.0161368064582],"dmean2":[0.291932851076,0.202910810709,0.136410802603,0.1190639883