{"lowlevel":{"average_loudness":0.840550422668,"barkbands":{"dmean":[0.0000168377773662,0.000676243798807,0.000755369605031,0.000820775283501,0.00109982781578,0.000550777302124,0.000322858017171,0.000450197170721,0.000587577174883,0.000403202517191,0.000207682896871,0.000355665397365,0.000512482598424,0.000364829873433,0.000379729346605,0.000378428783733,0.000444834848167,0.00032496676431,0.000140005955473,0.0000788864272181,0.0000363177205145,0.0000273506539088,0.0000147543478306,0.00000356866621587,0.00000115023533453,8.3363893566e-8,2.18205595814e-8],"dmean2":[0.0000262338780885,0.00112112890929,0.0012386670569,0.00138780707493,0.00178782059811,0.000869801442605,0.000502144044731,0.00070082367165,0.000908891670406,0.000617704645265,0.000324668013491,0.000550145341549,0.000801051734015,0.000558341853321,0.000578766455874,0.000551940815058,0.00069044274278,0.000473104999401,0.000209435558645,0.000116985705972,0.0000554369580641,0.0000397621370212,0.0000214351221075,0.00000528446435055,0.00000174823651378,1.24605264773e-7,3.55335778579e-8],"dvar":[2.2645745279e-9,7.78943217483e-7,0.00000109531345061,0.00000158546072271,0.00000261191576101,0.00000153065855102,7.89142291069e-7,0.00000178470281753,0.00000234069398175,0.00000148142214584,3.72625379441e-7,0.000001029789928,0.00000123695701859,8.90490184702e-7,8.11932409306e-7,0.00000127402779526,0.00000127435430386,4.39819928033e-7,7.01513371837e-8,4.52223538616e-8,1.43666385455e-8,9.42933731096e-9,2.88823320815e-9,1.03310783539e-10,5.36644548244e-11,4.60853245485e-14,5.3296784761e-16],"dvar2":[5.28689625412e-9,0.00000215200111597,0.00000286204772237,0.00000448956370747,0.0000066637294367,0.00000343250553669,0.00000164604455222,0.00000389481601815,0.00000561472552363,0.00000346213460034,9.23884613258e-7,0.00000220279844143,0.0000029137340789,0.00000183921940788,0.00000175885213594,0.00000232478214457,0.00000303783122035,8.56585813835e-7,1.47345971868e-7,9.39547888379e-8,3.2831245278e-8,1.87587598788e-8,5.22182741491e-9,2.27191168656e-10,1.5155549038e-10,1.0912036113e-13,1.29036787426e-15],"max":[0.000593114818912,0.0149797927588,0.0144518353045,0.024291748181,0.0304440464824,0.0592840015888,0.0292540118098,0.0307932514697,0.0306584872305,0.0323183462024,0.0227511934936,0.0399278961122,0.0270551573485,0.0516290515661,0.0283353347331,0.0579192452133,0.0485987924039,0.0229135658592,0.00747262779623,0.00818426255137,0.00507894158363,0.00403650151566,0.00251036393456,0.000289675110253,0.000420566706453,0.00000609708604316,0.00000110747021154],"mean":[0.0000150941305037,0.00227129901759,0.00218913005665,0.00146434898488,0.00234164809808,0.00108173384797,0.000550979282707,0.000685539562255,0.00112477026414,0.000711218162905,0.000387374224374,0.000648459419608,0.000980256707408,0.000698919640854,0.00076642120257,0.000751527841203,0.000936880765948,0.000802030263003,0.000304972520098,0.000160014198627,0.0000711951361154,0.0000550232107344,0.0000300813408103,0.00000679143022353,0.00000206129493563,1.90084165297e-7,4.96208834022e-8],"median":[0.00000164904474786,0.0021105017513,0.00181155931205,0.000819739187136,0.0015580416657,0.000428639061283,0.00013006356312,0.000100683100754,0.000164169192431,0.000160373994731,0.0000884626206243,0.000176150060724,0.000359330093488,0.000213311825064,0.000316062592901,0.000249784381595,0.000386335683288,0.000323407177348,0.000134112488013,0.0000623739615548,0.0000293860812235,0.0000196325308934,0.00000939502206165,0.00000266671077043,8.03045224984e-7,1.08929597786e-7,4.37089830996e-8],"min":[4.42392308179e-25,2.63938028302e-24,2.50991617834e-24,5.2828284259e-25,5.73673692001e-24,7.04323651832e-24,4.94150990728e-24,9.09707138381e-24,2.80592207297e-23,6.70772687558e-24,1.48903175659e-23,2.49828493706e-23,2.86268408609e-23,4.47574370965e-23,6.42241261002e-23,3.545553009e-23,6.11159320921e-23,1.01414935611e-22,1.29924330861e-22,1.62591250273e-22,2.24816295554e-22,3.38498876522e-22,3.85734832541e-22,5.5186957027e-22,8.05607021222e-22,1.31163683092e-21,2.0113296452e-21],"var":[2.19192042294e-9,0.00000229892407333,0.00000314841918225,0.00000318953470924,0.00000661520243739,0.00000544868680663,0.00000203924287234,0.00000368930295735,0.00000714080033504,0.00000342669090969,0.0000011714506627,0.00000287679790745,0.00000362243895324,0.00000273660907624,0.00000224934365178,0.00000375367449124,0.00000339366533808,0.00000196040446099,2.17862378804e-7,1.35574694582e-7,2.87926109621e-8,2.2798152699e-8,8.88195827997e-9,2.25287538624e-10,4.55758972229e-11,7.98120521495e-14,1.39489301051e-15]},"barkbands_crest":{"dmean":1.81152379513,"dmean2":2.94748544693,"dvar":2.77516484261,"dvar2":7.40804195404,"max":23.541343689,"mean":8.15915870667,"median":7.6949763298,"min":2.36568832397,"var":8.11554431915},"barkbands_flatness_db":{"dmean":0.01508224383,"dmean2":0.0224020797759,"dvar":0.000216174550587,"dvar2":0.000441257026978,"max":0.293812870979,"mean":0.157419472933,"median":0.154323220253,"min":0.0553179606795,"var":0.00121231982484},"barkbands_kurtosis":{"dmean":1.22427284718,"dmean2":1.95006358624,"dvar":4.15579175949,"dvar2":9.9940032959,"max":79.4469985962,"mean":1.49425590038,"median":-0.133796215057,"min":-1.93171155453,"var":31.2235965729},"barkbands_skewness":{"dmean":0.372329890728,"dmean2":0.571701228619,"dvar":0.143686115742,"dvar2":0.306621015072,"max":7.48876142502,"mean":0.990503489971,"median":0.871609389782,"min":-2.43742918968,"var":1.26998984814},"barkbands_spread":{"dmean":4.21966266632,"dmean2":6.52687931061,"dvar":19.2793521881,"dvar2":41.8973312378,"max":138.83366394,"mean":25.7839603424,"median":24.8254585266,"min":2.53235125542,"var":159.184341431},"dissonance":{"dmean":0.0126545028761,"dmean2":0.0213222168386,"dvar":0.000171774576302,"dvar2":0.000482127972646,"max":0.5,"mean":0.474135905504,"median":0.479141026735,"min":0.324704557657,"var":0.000382779864594},"dynamic_complexity":3.74386715889,"erbbands":{"dmean":[0.0100035434589,0.187139332294,0.770913541317,1.7974871397,3.15521287918,3.99663758278,5.45211648941,3.93124866486,3.82242798805,6.09885835648,11.0023012161,12.3215093613,15.3201684952,8.52999687195,8.43415355682,16.6646156311,19.328168869,21.8392562866,17.688911438,19.9200782776,20.7000007629,20.5881061554,16.7321376801,11.0276927948,6.47983217239,3.29869556427,1.92975687981,1.20065236092,0.994490087032,0.731399953365,0.367492556572,0.112437017262,0.0453714728355,0.0191698931158,0.0052314158529,0.000788337842096,0.0000924547639443,0.0000129139007186,0.00000452045242127,0.0000049062796279],"dmean2":[0.0169702190906,0.31028085947,1.26588439941,3.01042771339,5.27672147751,6.42434120178,8.55582046509,6.28453493118,5.97680902481,9.43196105957,17.1066493988,18.6767883301,23.9311485291,13.1232566833,12.981554985,25.7195320129,29.6831016541,33.4163513184,26.9311637878,29.421995163,31.0058708191,31.0547122955,24.2802352905,16.4829044342,9.47918128967,4.77433919907,2.95768618584,1.80372285843,1.44325590134,1.05777096748,0.533722221851,0.164469972253,0.0678908377886,0.0290483646095,0.00802472326905,0.00116458151024,0.000137452982017,0.0000200976592168,0.00000686618795953,0.00000717638977221],"dvar":[0.000381788791856,0.0577430874109,0.999698162079,7.76348495483,19.3629264832,46.4495697021,127.779304504,96.5541000366,80.0366439819,301.518280029,1089.05737305,1171.63781738,1941.66394043,643.358947754,549.353271484,1904.17102051,1606.3013916,2726.70532227,2097.08398438,2555.84936523,3416.57763672,2715.47705078,1260.31262207,452.118865967,209.915115356,97.8420715332,30.8069972992,21.4238910675,14.0269069672,6.54912519455,1.70251631737,0.118039250374,0.0166537817568,0.0128127755597,0.00105558871292,0.00000543822352483,5.37082414098e-8,7.53315465563e-10,3.15209004731e-11,3.92311669262e-11],"dvar2":[0.00102696171962,0.157285779715,2.56266975403,22.3543510437,52.4167861938,114.568862915,303.609008789,206.319488525,175.468704224,650.016723633,2355.18139648,2641.13842773,4739.68164062,1608.72973633,1321.48010254,4058.34301758,3585.90283203,5707.2265625,4328.30810547,5572.40625,6353.015625,6286.44433594,2505.48583984,963.756835938,444.677062988,190.59828186,71.596206665,48.2219696045,27.9506702423,12.0400285721,2.9063782692,0.231704026461,0.0395839586854,0.036001894623,0.00296322256327,0.0000129518666654,1.2853304554e-7,1.92247351372e-9,6.3051820709e-11,7.39758046486e-11],"max":[0.320552021265,4.04495668411,11.2634248734,33.7064361572,90.6788406372,119.397483826,262.089355469,677.347595215,406.655151367,522.885314941,713.841064453,952.33190918,1411.33398438,527.415588379,834.708496094,1457.25097656,974.137268066,2328.36791992,1644.27172852,1445.84472656,3386.91699219,2406.14526367,1358.6529541,601.657287598,532.670227051,469.176940918,236.560623169,226.232513428,159.686737061,120.611808777,69.6284408569,13.7376089096,4.26306056976,6.63537597656,1.60866808891,0.0872927308083,0.00614295387641,0.00114140298683,0.000231370446272,0.000150028703501],"mean":[0.0244501251727,0.652004182339,2.55793642998,3.78133583069,6.08179187775,7.83345890045,10.1640882492,7.50755023956,7.20524263382,10.4366703033,18.0234336853,24.2604198456,29.2265281677,16.9206161499,17.6525554657,32.3230171204,40.3371315002,44.2137184143,36.2008361816,42.1650390625,46.005279541,48.1178855896,41.5445251465,26.1493415833,14.7740278244,7.16729640961,3.91895794868,2.37509441376,1.94544124603,1.49057137966,0.746334552765,0.22363704443,0.0844239220023,0.0344150364399,0.00924341473728,0.0016060868511,0.000254070939263,0.0000483345102111,0.0000174833221536,0.0000238276807067],"median":[0.0192453376949,0.600430369377,2.29116249084,2.25266695023,4.24167585373,4.23820304871,4.1085100174,3.19050693512,2.56226205826,1.97413992882,2.73463392258,4.03632545471,5.56445026398,4.09828567505,4.95398616791,11.2146549225,15.0916996002,16.8828125,14.2359523773,16.9325370789,18.488451004,20.3678798676,18.0142841339,12.3545446396,6.11816453934,2.98933768272,1.76062250137,0.899392485619,0.678370118141,0.442901134491,0.239676177502,0.085536159575,0.0338623970747,0.0130207538605,0.0037429202348,0.000776068307459,0.000170562823769,0.0000408501909988,0.0000144153818837,0.0000195196007553],"min":[9.78826815352e-23,7.4817380738e-22,3.45561607529e-21,4.44112786204e-21,9.90288512445e-21,2.11100870565e-20,4.18990535519e-20,7.69000993416e-20,6.91235805325e-20,2.8305037472e-19,3.10965523195e-19,6.43768562862e-19,3.17901613577e-19,5.95287300365e-19,1.26851228183e-18,1.04628442e-18,1.34594197063e-18,2.29259289944e-18,2.77460882676e-18,3.94612301483e-18,3.23994382984e-18,4.60279523335e-18,6.35631473439e-18,6.86482112082e-18,7.39845229118e-18,7.10961322899e-18,7.58870962234e-18,1.13543352101e-17,1.02266266461e-17,1.07830594636e-17,1.14506637011e-17,9.52962192806e-18,1.04291725724e-17,8.0188931717e-18,5.69692109165e-18,3.670008472e-18,2.38999610491e-18,9.52192521926e-19,2.58858831471e-19,2.61454876431e-20],"var":[0.000467900623335,0.186720728874,3.04025411606,16.204076767,41.7338294983,109.965209961,340.249328613,332.455657959,296.476898193,725.546875,2365.56787109,3528.56225586,5062.50488281,1649.11315918,1765.13232422,5207.90917969,5517.64404297,7984.38037109,6018.453125,7159.16748047,9844.67675781,8138.55517578,5259.06689453,1550.41699219,623.863891602,300.152770996,59.9895248413,41.7387046814,31.1306114197,20.4676990509,5.22492361069,0.309980511665,0.0308025870472,0.0112289031968,0.000927490007598,0.00000911743336474,9.46633562648e-8,1.23387000617e-9,1.58204005452e-10,2.80595074953e-10]},"erbbands_crest":{"dmean":2.10554337502,"dmean2":3.3833322525,"dvar":3.84596061707,"dvar2":9.38742733002,"max":27.2891750336,"mean":8.58856678009,"median":7.88947963715,"min":2.4778342247,"var":11.8896522522},"erbbands_flatness_db":{"dmean":0.0131910471246,"dmean2":0.0195599403232,"dvar":0.00016463251086,"dvar2":0.000325055676512,"max":0.32940068841,"mean":0.19888406992,"median":0.201191604137,"min":0.0294433850795,"var":0.00136262748856},"erbbands_kurtosis":{"dmean":0.840463519096,"dmean2":1.3016756773,"dvar":1.12905883789,"dvar2":2.50819087029,"max":34.6337051392,"mean":0.815475344658,"median":0.115129470825,"min":-1.87638831139,"var":5.84046030045},"erbbands_skewness":{"dmean":0.292885005474,"dmean2":0.449258476496,"dvar":0.0714782103896,"dvar2":0.161129623652,"max":4.14321088791,"mean":-0.572655320168,"median":-0.609863519669,"min":-4.59129476547,"var":0.671522319317},"erbbands_spread":{"dmean":5.59408378601,"dmean2":8.77082443237,"dvar":32.1677398682,"dvar2":73.2960205078,"max":157.68611145,"mean":32.295539856,"median":30.6704940796,"min":3.60459518433,"var":217.037017822},"gfcc":{"cov":[[17474.5996094,1918.07141113,-3094.56835938,632.729431152,-1032.65930176,49.8408737183,-343.894470215,14.7507143021,-2.88553071022,-325.767181396,38.8594818115,-265.462615967,-87.0887451172],[1918.07141113,779.266235352,-326.559448242,-116.805435181,81.7800140381,-119.696304321,16.5556869507,-9.69544887543,-10.4209032059,-79.7254257202,2.92155718803,-36.4792938232,-42.4780921936],[-3094.56835938,-326.559448242,851.765075684,-19.2495517731,64.6414794922,30.100692749,12.8038072586,-5.17853689194,-7.6700797081,75.6564788818,-29.3873310089,55.2017936707,7.47790145874],[632.729431152,-116.805435181,-19.2495517731,331.173614502,5.08493804932,27.918170929,-94.4315719604,-52.4526863098,-1.96687877178,18.5363636017,-22.3904895782,16.0184230804,30.3703670502],[-1032.65930176,81.7800140381,64.6414794922,5.08493804932,464.304412842,-32.0793571472,-0.949105679989,-59.7701644897,-43.0823860168,5.42441606522,-27.5266666412,29.6331672668,31.1486148834],[49.8408737183,-119.696304321,30.100692749,27.918170929,-32.0793571472,183.937973022,33.1000747681,-12.5925140381,-23.1632175446,8.9038028717,-14.7708091736,-23.744802475,3.12330055237],[-343.894470215,16.5556869507,12.8038072586,-94.4315719604,-0.949105679989,33.1000747681,138.324035645,34.5759391785,-8.22644519806,-16.6373767853,6.29160928726,-19.6111507416,-24.433555603],[14.7507143021,-9.69544887543,-5.17853689194,-52.4526863098,-59.7701644897,-12.5925140381,34.5759391785,96.2245788574,33.7787437439,-8.65281105042,12.2132759094,-7.56964492798,-10.8454494476],[-2.88553071022,-10.4209032059,-7.6700797081,-1.96687877178,-43.0823860168,-23.1632175446,-8.22644519806,33.7787437439,88.9030380249,18.3772583008,-2.71860003471,-1.47331142426,-8.75743865967],[-325.767181396,-79.7254257202,75.6564788818,18.5363636017,5.42441606522,8.9038028717,-16.6373767853,-8.65281105042,18.3772583008,73.7534866333,12.4044914246,12.9084634781,4.35253143311],[38.8594818115,2.92155718803,-29.3873310089,-22.3904895782,-27.5266666412,-14.7708091736,6.29160928726,12.2132759094,-2.71860003471,12.4044914246,69.4815826416,18.3149528503,-5.99735307693],[-265.462615967,-36.4792938232,55.2017936707,16.0184230804,29.6331672668,-23.744802475,-19.6111507416,-7.56964492798,-1.47331142426,12.9084634781,18.3149528503,73.8383789062,25.2946929932],[-87.0887451172,-42.4780921936,7.47790145874,30.3703670502,31.1486148834,3.12330055237,-24.433555603,-10.8454494476,-8.75743865967,4.35253143311,-5.99735307693,25.2946929932,62.3463821411]],"icov":[[0.00119174621068,-0.00261171162128,0.00322847440839,-0.0024422374554,0.00252558849752,-0.00203949748538,0.00234471308067,-0.0019069154514,0.00178117689211,-0.00046482757898,0.00106361031067,-0.000522765680216,0.000712311535608],[-0.00261171162128,0.00780434720218,-0.00640913145617,0.00599232735112,-0.00594005035236,0.00555888656527,-0.00505981966853,0.004888381809,-0.00390432961285,0.00227413000539,-0.0022189731244,0.00151946162805,-0.00046164818923],[0.00322847440839,-0.00640913145617,0.010472743772,-0.00620151869953,0.00666723912582,-0.00536665227264,0.00616287160665,-0.00538290338591,0.00550685497001,-0.00273107853718,0.00449419952929,-0.00287687103264,0.002888179617],[-0.0024422374554,0.00599232735112,-0.00620151869953,0.00938341487199,-0.0051707085222,0.00349389924668,-0.00228774105199,0.00526958890259,-0.0038911846932,0.000916930439416,-0.00110423925798,0.000514289189596,-0.00165286147967],[0.00252558849752,-0.00594005035236,0.00666723912582,-0.0051707085222,0.00811681803316,-0.00366236828268,0.00416605640203,-0.00277957669459,0.0047621158883,-0.00182133400813,0.00360085628927,-0.00195181986783,0.000411606306443],[-0.00203949748538,0.00555888656527,-0.00536665227264,0.00349389924668,-0.00366236828268,0.0111486483365,-0.00668414356187,0.00447918148711,-0.00105813494883,-0.000538239488378,-0.00052498531295,0.0033698703628,-0.00221760780551],[0.00234471308067,-0.00505981966853,0.00616287160665,-0.00228774105199,0.00416605640203,-0.00668414356187,0.0159713793546,-0.00709148310125,0.00470651127398,0.00082388764713,0.00130681844894,-0.00035378371831,0.00435494538397],[-0.0019069154514,0.004888381809,-0.00538290338591,0.00526958890259,-0.00277957669459,0.00447918148711,-0.00709148310125,0.0192322526127,-0.00918417330831,0.0041937972419,-0.00447127129883,0.00209470978007,-0.00238650850952],[0.00178117689211,-0.00390432961285,0.00550685497001,-0.0038911846932,0.0047621158883,-0.00105813494883,0.00470651127398,-0.00918417330831,0.0191070344299,-0.0068963333033,0.00583651661873,-0.00177728256676,0.00343140214682],[-0.00046482757898,0.00227413000539,-0.00273107853718,0.000916930439416,-0.00182133400813,-0.000538239488378,0.00082388764713,0.0041937972419,-0.0068963333033,0.0201306212693,-0.00640196166933,0.000590158044361,-0.000458954600617],[0.00106361031067,-0.0022189731244,0.00449419952929,-0.00110423925798,0.00360085628927,-0.00052498531295,0.00130681844894,-0.00447127129883,0.00583651661873,-0.00640196166933,0.021170662716,-0.00761595228687,0.00432749697939],[-0.000522765680216,0.00151946162805,-0.00287687103264,0.000514289189596,-0.00195181986783,0.0033698703628,-0.00035378371831,0.00209470978007,-0.00177728256676,0.000590158044361,-0.00761595228687,0.0209658183157,-0.00809793174267],[0.000712311535608,-0.00046164818923,0.002888179617,-0.00165286147967,0.000411606306443,-0.00221760780551,0.00435494538397,-0.00238650850952,0.00343140214682,-0.000458954600617,0.00432749697939,-0.00809793174267,0.0225913729519]],"mean":[-54.570224762,132.493835449,-150.917495728,50.0963668823,-31.9279899597,6.4074549675,-31.2344284058,-4.64424228668,-16.1244716644,-13.1514577866,-9.48814964294,-7.44581413269,-9.16226482391]},"hfc":{"dmean":4.31003952026,"dmean2":5.87615394592,"dvar":55.8428421021,"dvar2":98.3204956055,"max":219.891418457,"mean":17.4454193115,"median":11.5427474976,"min":1.04801718968e-16,"var":330.526397705},"melbands":{"dmean":[0.000134080677526,0.000339708116371,0.00033801846439,0.00023859780049,0.000187474433915,0.0000915398995858,0.0000621409781161,0.0000710811291356,0.0000861714361235,0.0000849707867019,0.0000778579051257,0.0000371591740986,0.0000280226086034,0.0000454684632132,0.0000472690226161,0.0000419997777499,0.000043235540943,0.0000297392616631,0.0000240212211793,0.0000285294663627,0.0000291634532914,0.0000236060441239,0.0000205356645893,0.0000143098359331,0.00000924843698158,0.00000554727330382,0.00000402365230912,0.00000203294553103,0.00000139248220421,9.92298964775e-7,6.87942190325e-7,6.22246602688e-7,5.07452966758e-7,3.95387985463e-7,2.50271057212e-7,1.13531989143e-7,5.71409657368e-8,3.57388216798e-8,2.27700560629e-8,1.50760381956e-8],"dmean2":[0.000225258714636,0.000554970640223,0.000566961767618,0.000391364999814,0.000293810328003,0.000144918725709,0.0000967574014794,0.000109155589598,0.000134153728141,0.000130334330606,0.000121634788229,0.0000573948091187,0.0000437870185124,0.0000702418183209,0.0000737206428312,0.0000650470174151,0.0000659655197524,0.0000455971021438,0.0000360057601938,0.0000423584315286,0.0000443791905127,0.000035996112274,0.0000304674067593,0.0000215080981434,0.0000141052105391,0.00000838883806864,0.00000592779360886,0.00000300618353322,0.00000216986245505,0.00000154823158027,0.00000105234767034,9.3191471251e-7,7.39094559776e-7,5.89944022522e-7,3.70787773818e-7,1.71828361317e-7,8.62874571794e-8,5.43494955707e-8,3.5166010548e-8,2.34843895441e-8],"dvar":[3.68412429452e-8,1.79187068738e-7,2.27609319836e-7,1.2482269085e-7,1.22197263863e-7,4.62267202295e-8,2.22773088865e-8,3.65766155142e-8,6.05375589657e-8,5.54249588447e-8,4.90394498343e-8,1.39149687328e-8,6.82819223385e-9,1.82866770615e-8,1.1230592456e-8,1.02855075568e-8,1.20051719676e-8,6.3714598042e-9,3.52489881728e-9,6.95917456994e-9,7.66570273925e-9,4.23477475309e-9,1.97710714467e-9,9.20788278957e-10,3.27016830282e-10,1.41777020679e-10,1.19982745961e-10,4.21295776043e-11,1.56862040718e-11,1.042809155e-11,7.67556851411e-12,5.72343301225e-12,2.86626213215e-12,2.21789774046e-12,8.49598006964e-13,1.37278778839e-13,2.82708884379e-14,1.0259233411e-14,7.18421158609e-15,1.06717189745e-14],"dvar2":[1.02112387879e-7,4.59467713654e-7,6.40531482077e-7,3.251126941e-7,2.91644767003e-7,1.00523593005e-7,4.72253276484e-8,7.93728673898e-8,1.31631409772e-7,1.26533421962e-7,1.19422139733e-7,3.5387234476e-8,1.72499259321e-8,4.03484889944e-8,2.57717438501e-8,2.44606930266e-8,2.45449918168e-8,1.35068827234e-8,7.78752706765e-9,1.43750966686e-8,1.48380294718e-8,9.90112525301e-9,3.74462238995e-9,2.00748861978e-9,7.22381821028e-10,3.1244209997e-10,2.56742072047e-10,8.04066466187e-11,3.80828944768e-11,2.44603573507e-11,1.7875910821e-11,1.19592747164e-11,5.63749524493e-12,4.44906698288e-12,1.50827679339e-12,2.72565688552e-13,6.11268170412e-14,2.45897476236e-14,1.92521949175e-14,3.02848939232e-14],"max":[0.00299571850337,0.00555394403636,0.00852335244417,0.00764425378293,0.00759882060811,0.0138518502936,0.00555879063904,0.00486742937937,0.00511538283899,0.00550753716379,0.00685507571325,0.00255477498285,0.00339607894421,0.00605125445873,0.00263604731299,0.00289217056707,0.00542130088434,0.00297515606508,0.00174453819636,0.00362685322762,0.00552682438865,0.00306103285402,0.00190492928959,0.00100820558146,0.00050652626669,0.000383469217923,0.000381292018574,0.000330304086674,0.00017402152298,0.000142501376104,0.000133548732265,0.0000954019487835,0.0000699840020388,0.0000799183835625,0.0000523566304764,0.0000155631551024,0.0000051942574828,0.00000275601541944,0.00000440273015556,0.00000590739909967],"mean":[0.000421082775574,0.00122664612718,0.000746934616473,0.000487712590257,0.000365752464859,0.00017862279492,0.00011618102144,0.00012059398432,0.000141392127261,0.000165162215126,0.000145897749462,0.0000683963007759,0.0000540365799679,0.0000813108781585,0.0000895821794984,0.0000832778023323,0.0000820256900624,0.0000554346988793,0.0000499544294144,0.0000552425299247,0.0000579243132961,0.0000506190408487,0.0000478780202684,0.0000317168523907,0.0000197655099328,0.0000117645331557,0.00000802044269221,0.00000391721096094,0.00000257397732639,0.00000182184282949,0.0000012471584796,0.00000113898101972,9.60036004471e-7,7.68483062075e-7,4.79345317217e-7,2.17620680587e-7,1.03480665814e-7,6.18308320099e-8,4.00696009706e-8,2.49851943579e-8],"median":[0.000390857632738,0.00114509277046,0.000517742242664,0.00032751186518,0.000166431360412,0.0000745249562897,0.0000370532652596,0.0000201318271138,0.0000210808539123,0.000025362287488,0.0000267073864961,0.0000149523675645,0.0000131534106913,0.0000219191970245,0.0000319459250022,0.0000304712702928,0.0000276715873042,0.0000179655762622,0.0000200049835257,0.0000195168031496,0.0000220773381443,0.0000202708288271,0.0000184280761459,0.0000136974304041,0.0000087061580416,0.00000486688804813,0.00000268918324764,0.0000015452126263,0.00000112013867692,7.03026785231e-7,4.29462602369e-7,3.86378474104e-7,2.91136132091e-7,2.10909860243e-7,1.43176208667e-7,7.93252539211e-8,3.76668367608e-8,2.38236452788e-8,1.47486396429e-8,8.90564955114e-9],"min":[1.46816648425e-24,1.45004920888e-24,8.8696423904e-25,1.0396048799e-24,2.20596097181e-24,1.39162360644e-24,8.53229489897e-25,2.77634862427e-24,2.2817923957e-24,3.44783767642e-24,1.39977756858e-24,1.92545544455e-24,3.28071394377e-24,2.74663164233e-24,3.39644259958e-24,2.41029547057e-24,3.54839574816e-24,4.46851876927e-24,4.43408656848e-24,3.53784552241e-24,4.0817733996e-24,4.2424501665e-24,5.12700266054e-24,4.02947271045e-24,4.45213688928e-24,4.20807318597e-24,4.85888067176e-24,3.57495117281e-24,3.66789082036e-24,5.57965933099e-24,5.93539931164e-24,4.79723553076e-24,5.38364987858e-24,5.03853545989e-24,5.88227426284e-24,4.54595966662e-24,5.03954677957e-24,5.7597815192e-24,6.66177020583e-24,6.62048595921e-24],"var":[7.42493284633e-8,5.64196966479e-7,5.03917362948e-7,2.96339919714e-7,3.37061294431e-7,1.79538758971e-7,7.52607860477e-8,8.71015330972e-8,1.35698726922e-7,1.66176278071e-7,1.27075978185e-7,3.28419638151e-8,2.10536512668e-8,4.91613860731e-8,3.29638609742e-8,2.79805867365e-8,3.4199267418e-8,1.76658652151e-8,9.64613100507e-9,1.98225773573e-8,1.81252630682e-8,1.17946337141e-8,8.41270875185e-9,3.05793679267e-9,9.90692528013e-10,4.2038114656e-10,3.13849973788e-10,1.18272974747e-10,2.63920760246e-11,2.05870806513e-11,1.32757416171e-11,1.11276213938e-11,7.61154507478e-12,6.25685440958e-12,2.40399909181e-12,3.60842079957e-13,6.16480201306e-14,1.78714770034e-14,8.6701470859e-15,8.50536106118e-15]},"melbands_crest":{"dmean":2.48859977722,"dmean2":4.00449705124,"dvar":5.66551971436,"dvar2":14.8896312714,"max":31.7311172485,"mean":13.571436882,"median":12.9725227356,"min":1.00192332268,"var":24.6678771973},"melbands_flatness_db":{"dmean":0.0194045938551,"dmean2":0.0284197926521,"dvar":0.000410610053223,"dvar2":0.00081081490498,"max":0.432464152575,"mean":0.211884275079,"median":0.205057859421,"min":3.4946143046e-7,"var":0.00308809685521},"melbands_kurtosis":{"dmean":3.49618172646,"dmean2":5.4984369278,"dvar":31.8464603424,"dvar2":75.9844284058,"max":220.475524902,"mean":8.62007904053,"median":3.6744222641,"min":-1.88941574097,"var":251.064224243},"melbands_skewness":{"dmean":0.503571629524,"dmean2":0.772891104221,"dvar":0.2740406394,"dvar2":0.598186016083,"max":11.1933288574,"mean":2.27142119408,"median":2.03945851326,"min":-1.17217290401,"var":2.39320015907},"melbands_spread":{"dmean":6.51861143112,"dmean2":10.0720586777,"dvar":54.3847618103,"dvar2":117.479637146,"max":172.790252686,"mean":30.9728755951,"median":27.3838424683,"min":1.11381614208,"var":398.354217529},"mfcc":{"cov":[[8181.40527344,615.879333496,-865.446105957,84.7964248657,-459.778045654,-115.707870483,-231.068023682,177.051895142,-159.523605347,168.340698242,53.8760910034,-95.3142929077,11.1693677902],[615.879333496,1049.16223145,-283.309509277,35.7642173767,54.1897239685,-66.1292800903,43.5474624634,61.3532142639,-25.2987937927,3.81236338615,39.1998786926,-38.3931159973,-13.475107193],[-865.446105957,-283.309509277,570.784118652,-33.1957321167,-74.3033981323,17.0416603088,-29.0724487305,-17.5963935852,-1.33588600159,8.48753070831,9.53983688354,3.83221578598,15.4359111786],[84.7964248657,35.7642173767,-33.1957321167,276.177764893,139.24647522,40.8041725159,-36.6072158813,-32.5150947571,17.2987346649,-59.7707519531,-32.6699256897,25.8412418365,8.97996520996],[-459.778045654,54.1897239685,-74.3033981323,139.24647522,284.29901123,88.2270202637,13.7751750946,-52.5962142944,41.2901000977,-69.19190979,-50.8672180176,37.1725502014,-20.4062671661],[-115.707870483,-66.1292800903,17.0416603088,40.8041725159,88.2270202637,187.844696045,44.6473274231,-27.4085426331,27.9896945953,-21.2123203278,-35.1992225647,20.2993755341,-32.6135635376],[-231.068023682,43.5474624634,-29.0724487305,-36.6072158813,13.7751750946,44.6473274231,146.773376465,21.2746353149,-3.17476058006,-2.92924404144,-12.0057640076,4.59367609024,-27.6351890564],[177.051895142,61.3532142639,-17.5963935852,-32.5150947571,-52.5962142944,-27.4085426331,21.2746353149,95.0989227295,2.13271975517,18.935962677,18.3148612976,-16.073469162,2.42287063599],[-159.523605347,-25.2987937927,-1.33588600159,17.2987346649,41.2901000977,27.9896945953,-3.17476058006,2.13271975517,85.2281570435,4.00047302246,-18.6174430847,10.9918432236,-9.89108085632],[168.340698242,3.81236338615,8.48753070831,-59.7707519531,-69.19190979,-21.2123203278,-2.92924404144,18.935962677,4.00047302246,101.735496521,36.0514221191,-30.4684028625,-6.48688840866],[53.8760910034,39.1998786926,9.53983688354,-32.6699256897,-50.8672180176,-35.1992225647,-12.0057640076,18.3148612976,-18.6174430847,36.0514221191,86.2742843628,-0.787159264088,0.427117973566],[-95.3142929077,-38.3931159973,3.83221578598,25.8412418365,37.1725502014,20.2993755341,4.59367609024,-16.073469162,10.9918432236,-30.4684028625,-0.787159264088,79.4231262207,12.6682605743],[11.1693677902,-13.475107193,15.4359111786,8.97996520996,-20.4062671661,-32.6135635376,-27.6351890564,2.42287063599,-9.89108085632,-6.48688840866,0.427117973566,12.6682605743,74.331199646]],"icov":[[0.00024068717903,-0.0000815359016997,0.000410682085203,-0.000292970624287,0.000610013899859,-0.000310800387524,0.000584660039749,-0.000356612552423,0.000486383622047,-0.000376692361897,0.0003794383083,-0.000231610247283,0.000228395772865],[-0.0000815359016997,0.00128283142112,0.00036706449464,-0.0000940957761486,-0.000666994368657,0.000538591295481,-0.000583523418754,-0.000489404483233,0.0000981931807473,0.000237005689996,-0.000830003700685,0.000721852644347,-0.0000523460512341],[0.000410682085203,0.00036706449464,0.0028232303448,-0.000469153717859,0.0016154035693,-0.000935090123676,0.00119459663983,-0.000296596525004,0.000681949371938,-0.000358332821634,0.000181872383109,-0.000198192457901,0.000054433443438],[-0.000292970624287,-0.0000940957761486,-0.000469153717859,0.00579108437523,-0.00292765977792,-0.000177528097993,0.00102326634806,0.000306163536152,-0.000510335201398,0.00192445097491,-0.000158795897732,0.000127723862533,-0.00100722070783],[0.000610013899859,-0.000666994368657,0.0016154035693,-0.00292765977792,0.00855470728129,-0.00228678877465,0.000898995203897,0.00161208922509,-0.00115740101319,0.00135029188823,0.00169351126533,-0.00142587139271,0.00162962952163],[-0.000310800387524,0.000538591295481,-0.000935090123676,-0.000177528097993,-0.00228678877465,0.00829038303345,-0.00293087074533,0.00146470405161,-0.00160352035891,-0.0000801913120085,0.000971130502876,-0.000731539796107,0.00213099154644],[0.000584660039749,-0.000583523418754,0.00119459663983,0.00102326634806,0.000898995203897,-0.00293087074533,0.0107081485912,-0.00376973114908,0.00310084200464,-0.0010666733142,0.00285769742914,-0.00234574219212,0.00320241763256],[-0.000356612552423,-0.000489404483233,-0.000296596525004,0.000306163536152,0.00161208922509,0.00146470405161,-0.00376973114908,0.0145463403314,-0.00380924483761,0.00116464064922,-0.00274870218709,0.00248739682138,-0.00161436328199],[0.000486383622047,0.0000981931807473,0.000681949371938,-0.000510335201398,-0.00115740101319,-0.00160352035891,0.00310084200464,-0.00380924483761,0.0160747952759,-0.0047014625743,0.00467500742525,-0.00360501254909,0.00243673543446],[-0.000376692361897,0.000237005689996,-0.000358332821634,0.00192445097491,0.00135029188823,-0.0000801913120085,-0.0010666733142,0.00116464064922,-0.0047014625743,0.0164574570954,-0.00657474528998,0.00568277854472,-0.000277638435364],[0.0003794383083,-0.000830003700685,0.000181872383109,-0.000158795897732,0.00169351126533,0.000971130502876,0.00285769742914,-0.00274870218709,0.00467500742525,-0.00657474528998,0.0177236367017,-0.00507824169472,0.00262894737534],[-0.000231610247283,0.000721852644347,-0.000198192457901,0.000127723862533,-0.00142587139271,-0.000731539796107,-0.00234574219212,0.00248739682138,-0.00360501254909,0.00568277854472,-0.00507824169472,0.0174541808665,-0.00440352410078],[0.000228395772865,-0.0000523460512341,0.000054433443438,-0.00100722070783,0.00162962952163,0.00213099154644,0.00320241763256,-0.00161436328199,0.00243673543446,-0.000277638435364,0.00262894737534,-0.00440352410078,0.0171808861196]],"mean":[-674.576843262,145.809814453,-37.7345619202,42.2667732239,15.3093080521,15.0906610489,-1.29159212112,10.8053264618,-4.93995714188,-1.29210448265,0.168223366141,-1.39940786362,-5.58101224899]},"pitch_salience":{"dmean":0.0544378682971,"dmean2":0.0880250707269,"dvar":0.00237292191014,"dvar2":0.00604557339102,"max":0.996087431908,"mean":0.536889731884,"median":0.538799166679,"min":0.16729156673,"var":0.00819431338459},"silence_rate_20dB":{"dmean":0,"dmean2":0,"dvar":0,"dvar2":0,"max":1,"mean":1,"median":1,"min":1,"var":0},"silence_rate_30dB":{"dmean":0,"dmean2":0,"dvar":0,"dvar2":0,"max":1,"mean":1,"median":1,"min":1,"var":0},"silence_rate_60dB":{"dmean":0.00301237218082,"dmean2":0.00602539256215,"dvar":0.0030037430115,"dvar2":0.00728196138516,"max":1,"mean":0.0515275374055,"median":0,"min":0,"var":0.0488722771406},"spectral_centroid":{"dmean":207.037261963,"dmean2":316.33480835,"dvar":57028.4726562,"dvar2":117671.335938,"max":11618.1855469,"mean":1588.77600098,"median":1513.95507812,"min":206.353179932,"var":983803.125},"spectral_complexity":{"dmean":2.87315750122,"dmean2":4.30557346344,"dvar":9.20536708832,"dvar2":17.7510128021,"max":55,"mean":18.6083259583,"median":18,"min":0,"var":77.9837799072},"spectral_contrast_coeffs":{"dmean":[0.0433190055192,0.0439219549298,0.0352955795825,0.0306158475578,0.0229052528739,0.0163073278964],"dmean2":[0.0723995864391,0.0724524632096,0.0564320124686,0.0495782829821,0.0356823168695,0.0255473330617],"dvar":[0.00128228461836,0.00125525693875,0.000827866431791,0.000663837708998,0.000412381894421,0.000214863903238],"dvar2":[0.00370753696188,0.00324767036363,0.00202783779241,0.00158096221276,0.000869140028954,0.000494332343806],"max":[-0.412902772427,-0.381254822016,-0.45000320673,-0.501755356789,-0.546532452106,-0.536693036556],"mean":[-0.634600818157,-0.7366771698,-0.759210944176,-0.740513026714,-0.743643343449,-0.724589288235],"median":[-0.632472991943,-0.742800951004,-0.766540825367,-0.740593075752,-0.742693662643,-0.720233500004],"min":[-0.990286886692,-0.996709942818,-0.999089956284,-0.985351085663,-0.988863766193,-0.96437638998],"var":[0.00464837346226,0.00538724241778,0.00480191037059,0.00362619687803,0.00321059557609,0.00216644490138]},"spectral_contrast_valleys":{"dmean":[0.349430859089,0.349788784981,0.297762274742,0.273204922676,0.237745270133,0.254356920719],"dmean2":[0.588259577751,0.572632908821,0.477375626564,0.426158457994,0.344890594482,0.353656202555],"dvar":[0.108854852617,0.10990986973,0.0853460803628,0.0829984098673,0.0759994462132,0.110307477415],"dvar2":[0.268831223249,0.242016881704,0.174380511045,0.161861985922,0.126901566982,0.201467379928],"max":[-5.89048528671,-5.09226083755,-5.37497663498,-5.34595441818,-5.66155004501,-8.54566955566],"mean":[-7.47526502609,-7.4640917778,-7.82345247269,-7.91468429565,-7.93257856369,-11.5088453293],"median":[-7.17365312576,-7.19866275787,-7.5740942955,-7.60922145844,-7.62094020844,-11.2769470215],"min":[-28.2930545807,-28.0793781281,-27.727016449,-27.6467628479,-27.640411377,-27.409488678],"var":[3.78345274925,4.22996091843,4.09836578369,4.02453136444,3.92506027222,2.68486094475]},"spectral_decrease":{"dmean":9.68052971118e-10,"dmean2":1.45146161756e-9,"dvar":1.31104363418e-18,"dvar2":2.67987886224e-18,"max":1.56724163241e-18,"mean":-4.62495464149e-9,"median":-3.87600707086e-9,"min":-2.13614548272e-8,"var":9.3860415717e-18},"spectral_energy":{"dmean":0.00396566931158,"dmean2":0.00588910887018,"dvar":0.0000234347298829,"dvar2":0.0000463591968582,"max":0.100567825139,"mean":0.0190379377455,"median":0.0157973952591,"min":1.01885185063e-20,"var":0.000168609141838},"spectral_energyband_high":{"dmean":0.0000961637706496,"dmean2":0.000135935420985,"dvar":8.23327113153e-8,"dvar2":1.54470441771e-7,"max":0.0113139096648,"mean":0.00022627938597,"median":0.000102873760625,"min":7.07287729788e-21,"var":2.4344339522e-7},"spectral_energyband_low":{"dmean":0.00141616887413,"dmean2":0.00232516857795,"dvar":0.00000287230477625,"dvar2":0.00000785779320722,"max":0.0216749347746,"mean":0.00518307462335,"median":0.00501730665565,"min":1.25874953218e-23,"var":0.00000739706547392},"spectral_energyband_middle_high":{"dmean":0.00193519669119,"dmean2":0.00272741704248,"dvar":0.0000122568035295,"dvar2":0.0000227869986702,"max":0.0903939977288,"mean":0.00686921412125,"median":0.00393795687705,"min":1.35226177915e-21,"var":0.0000701302196831},"spectral_energyband_middle_low":{"dmean":0.00252962042578,"dmean2":0.00399121129885,"dvar":0.00000985018141364,"dvar2":0.0000234267554333,"max":0.0630247145891,"mean":0.00757180899382,"median":0.00520452391356,"min":1.78883234828e-22,"var":0.00004740053555},"spectral_entropy":{"dmean":0.119874529541,"dmean2":0.175029605627,"dvar":0.0153779601678,"dvar2":0.0293626151979,"max":9.82223129272,"mean":7.36404085159,"median":7.34090709686,"min":6.10118436813,"var":0.147522330284},"spectral_flux":{"dmean":0.0142689310014,"dmean2":0.0219911187887,"dvar":0.000239121320192,"dvar2":0.000546149676666,"max":0.241827085614,"mean":0.0597245879471,"median":0.0553119331598,"min":6.31248178729e-11,"var":0.001100580208},"spectral_kurtosis":{"dmean":2.49603176117,"dmean2":4.39154100418,"dvar":5.71465492249,"dvar2":17.3416919708,"max":27.1444320679,"mean":5.39623451233,"median":4.7075138092,"min":-1.27080821991,"var":10.6687068939},"spectral_rms":{"dmean":0.00043392603402,"dmean2":0.00064404879231,"dvar":2.09725214972e-7,"dvar2":4.24299344104e-7,"max":0.00990529917181,"mean":0.00403350265697,"median":0.00392582360655,"min":3.15277946979e-12,"var":0.00000230455020755},"spectral_rolloff":{"dmean":322.311523438,"dmean2":527.878295898,"dvar":241208.84375,"dvar2":517530.3125,"max":20133.5449219,"mean":1831.00256348,"median":1593.45703125,"min":107.666015625,"var":4584201},"spectral_skewness":{"dmean":0.253887981176,"dmean2":0.432173222303,"dvar":0.0510758273304,"dvar2":0.149095088243,"max":3.34009242058,"mean":1.31534934044,"median":1.27766561508,"min":-0.337859988213,"var":0.168179854751},"spectral_spread":{"dmean":264385.625,"dmean2":415285.0625,"dvar":304076488704,"dvar2":602578157568,"max":43407032,"mean":3219678.5,"median":2708039,"min":1485583.375,"var":11811861561300},"spectral_strongpeak":{"dmean":0.562981426716,"dmean2":0.950885236263,"dvar":1.57411825657,"dvar2":3.67735266685,"max":22.3632087708,"mean":1.01580798626,"median":0.336728721857,"min":0,"var":3.19071269035},"zerocrossingrate":{"dmean":0.00630473811179,"dmean2":0.00754051469266,"dvar":0.0000648716522846,"dvar2":0.000110322820547,"max":0.5263671875,"mean":0.0578348562121,"median":0.05126953125,"min":0.0048828125,"var":0.00262383953668}},"metadata":{"audio_properties":{"analysis_sample_rate":44100,"bit_rate":276700,"codec":"mp3","downmix":"mix","equal_loudness":0,"length":215.823669434,"lossless":false,"md5_encoded":"5eaddf63190008b31e6d2168d9a83fb1","replay_gain":-3.51888656616,"sample_rate":44100},"tags":{"acoustid_id":["d8a479b0-30fd-44a3-be3d-e8e5df48b0a4"],"album":["Jefferson Airplane Takes Off"],"albumartist":["Jefferson Airplane"],"albumartistsort":["Jefferson Airplane"],"artist":["Jefferson Airplane"],"artists":["Jefferson Airplane"],"artistsort":["Jefferson Airplane"],"asin":["B0000A0DRW"],"barcode":["828765035224"],"catalognumber":["82876 503352 2"],"composer":["Chet Powers"],"date":["2003-08-19"],"file_name":"08 - Let's Get Together.mp3","label":["BMG Heritage"],"language":["eng"],"lyricist":["Chet Powers"],"media":["CD"],"musicbrainz album release country":["US"],"musicbrainz album status":["official"],"musicbrainz album type":["album"],"musicbrainz release track id":["ef7e13c5-7b63-3a3f-a81b-4fe04c2314e6"],"musicbrainz_albumartistid":["39c2a93d-9afa-4a22-9bba-c087ab056e1c"],"musicbrainz_albumid":["dac32141-814d-3f11-817b-5ca3be10fe4f"],"musicbrainz_artistid":["39c2a93d-9afa-4a22-9bba-c087ab056e1c"],"musicbrainz_recordingid":["6da28ffe-e346-4ed2-b11e-7fccf14eed6a"],"musicbrainz_releasegroupid":["7580fcad-3459-3f5c-a300-d7d0df98e14e"],"musicbrainz_workid":["6620f2ea-f121-3805-90c9-47cbfd3e0b5d"],"originaldate":["1966"],"script":["Latn"],"title":["Let's Get Together"],"tracknumber":["8/19"],"work":["Let's Get Together"]},"version":{"essentia":"2.1-beta1","essentia_build_sha":"65e368e5454dd45657e4cc002e00185f437e13e1","essentia_git_sha":"v2.1_beta1-28-g21ef5f4","extractor":"music 1.0"}},"rhythm":{"beats_count":428,"beats_loudness":{"dmean":0.011445579119,"dmean2":0.0200194567442,"dvar":0.000135241367389,"dvar2":0.000376839423552,"max":0.107335455716,"mean":0.0233451481909,"media