{"lowlevel":{"average_loudness":0.351522266865,"barkbands":{"dmean":[0.0000926422871999,0.00137352827005,0.00108842283953,0.000435092573753,0.00119127461221,0.000438379356638,0.000817481428385,0.00030277937185,0.000544585520402,0.000299542880384,0.000611360999756,0.000258682848653,0.000426627870183,0.000267098221229,0.00091967562912,0.00013867947564,0.000165309262229,0.000241173707764,0.000105533428723,0.000096955387562,0.0000268754956778,0.0000204623556783,0.0000227935197472,0.0000367812353943,0.0000222343514906,0.00000489830335937,5.79457434924e-7],"dmean2":[0.000140272197314,0.0022129197605,0.00193634268362,0.00074608559953,0.00200240081176,0.00072048016591,0.00132587482221,0.000494516920298,0.000905973894987,0.000488819961902,0.000944080122281,0.000422697368776,0.000690243323334,0.000432526227087,0.00124126358423,0.000228706237976,0.000279015250271,0.000416683702497,0.000175393142854,0.000164515760844,0.0000447297643404,0.0000320814324368,0.0000368179535144,0.0000566774033359,0.0000325736400555,0.00000744636599848,9.54333927439e-7],"dvar":[7.62790008935e-8,0.0000165524143085,0.0000121977745948,0.00000138609027545,0.000017542464775,7.87448016126e-7,0.00000351938615495,0.00000153936036895,0.00000240081567426,4.34826205264e-7,0.00000110770065476,3.55934844265e-7,8.27062876851e-7,3.96025399141e-7,0.00000155097131938,1.25651595795e-7,1.3421212941e-7,3.92752696143e-7,5.56456924983e-8,3.06548990636e-8,3.99270483342e-9,2.56526400122e-9,6.12661432697e-9,3.04654861338e-8,2.16926920871e-8,3.78138104162e-10,6.659625542e-12],"dvar2":[1.61005260679e-7,0.0000410827378801,0.0000346922424797,0.00000375665081265,0.000047738863941,0.00000224114069169,0.0000100651141111,0.00000364564562005,0.00000642051827526,9.32892305627e-7,0.00000269275324172,9.54598817771e-7,0.00000203193758352,9.82770416158e-7,0.00000320991080116,3.17404101224e-7,3.75160141175e-7,0.00000107186667719,1.53921774881e-7,8.0548126391e-8,9.37455268968e-9,5.39621014539e-9,1.27750450218e-8,6.89743941962e-8,4.44289014467e-8,8.24231682905e-10,1.81266564259e-11],"max":[0.00271706143394,0.0373518839478,0.0386575013399,0.0171932578087,0.0575369037688,0.0100169330835,0.0334155261517,0.0389888957143,0.0261883568019,0.0109780840576,0.0104677714407,0.0103736165911,0.0161552876234,0.00835178606212,0.0138013409451,0.00516146235168,0.00570188369602,0.00683438172564,0.00294980709441,0.00229847081937,0.00140411860775,0.00131744181272,0.00203000335023,0.00442384835333,0.00383071484976,0.00040560241905,0.0000582844222663],"mean":[0.000093688875495,0.00166161835659,0.00132656400092,0.000657593482174,0.00165808014572,0.000906413770281,0.00158158771228,0.000689390930347,0.000863987079356,0.000491474347655,0.000952134432737,0.000543284695596,0.000892820127774,0.000526813499164,0.00152106932364,0.000271676777629,0.000370215624571,0.000344736967236,0.000272312026937,0.000196304506972,0.0000890132214408,0.0000608442460361,0.0000606714347668,0.0000841445216793,0.0000455183471786,0.0000117840345411,0.00000109310894914],"median":[0.00000105458957478,0.0000417962073698,0.000100068646134,0.0000504783747601,0.000205616408493,0.000226116200793,0.000137619412271,0.000101163364889,0.0000843430607347,0.000154926412506,0.000390789035009,0.000109140601126,0.0000909547306946,0.0000506851356477,0.000866083311848,0.0000628742418485,0.0000515014289704,0.000124796963064,0.0000211926198972,0.0000667420172249,0.00000878681203176,0.00000620121954853,0.00000281244183498,0.00000275491674984,9.94594529402e-7,2.47895002303e-7,2.41467859041e-8],"min":[5.04755308731e-13,7.95095434804e-13,5.78453192464e-13,6.21274516208e-13,1.63861242283e-12,1.39987034551e-12,7.95181357826e-13,2.34951977578e-13,6.49440489451e-14,2.5375494349e-13,2.21752886778e-13,5.06202034228e-14,8.16813589964e-14,4.10425274495e-14,4.77333491201e-14,2.34962399472e-14,8.60475156839e-14,5.22766339494e-14,2.4122090569e-14,5.47438206962e-14,8.50876782769e-14,5.53093439375e-14,3.17080922337e-14,5.8983884671e-14,5.96678739404e-14,1.06330939333e-13,9.00870971246e-14],"var":[9.06697650294e-8,0.0000183723186638,0.0000101468522189,0.00000182880012289,0.0000177963065653,0.00000209098357118,0.00000836863273435,0.00000762467152526,0.0000050769617701,9.17086822483e-7,0.00000188699175396,0.00000138246457482,0.00000324921506945,0.00000113239241273,0.00000323849940287,3.01880248799e-7,4.29874262409e-7,3.55419643938e-7,2.50844237826e-7,8.42713987481e-8,2.7723917384e-8,1.24020234082e-8,1.93558395978e-8,5.3773071329e-8,3.37855468047e-8,1.12069875602e-9,1.24918278846e-11]},"barkbands_crest":{"dmean":2.91229057312,"dmean2":4.67190599442,"dvar":8.39191436768,"dvar2":19.0558490753,"max":26.5775985718,"mean":10.3255300522,"median":8.77403068542,"min":2.21051311493,"var":35.7919692993},"barkbands_flatness_db":{"dmean":0.0225866492838,"dmean2":0.0329415015876,"dvar":0.000726576370653,"dvar2":0.00134931202047,"max":0.536321282387,"mean":0.160721749067,"median":0.115046456456,"min":0.028792142868,"var":0.0125076072291},"barkbands_kurtosis":{"dmean":2.66080927849,"dmean2":4.08948802948,"dvar":61.2566070557,"dvar2":144.406295776,"max":155.310501099,"mean":2.17542982101,"median":0.0513614416122,"min":-1.75191700459,"var":66.2673110962},"barkbands_skewness":{"dmean":0.577480614185,"dmean2":0.850629091263,"dvar":0.46861487627,"dvar2":1.09859108925,"max":3.91968202591,"mean":0.515040099621,"median":0.585829734802,"min":-6.47595024109,"var":1.47153186798},"barkbands_spread":{"dmean":4.24680423737,"dmean2":6.6937456131,"dvar":20.5395202637,"dvar2":46.0400276184,"max":77.8863677979,"mean":21.1879405975,"median":22.5645580292,"min":0.377038091421,"var":138.030105591},"dissonance":{"dmean":0.0183517113328,"dmean2":0.0312111545354,"dvar":0.000646015862003,"dvar2":0.00163389800582,"max":0.5,"mean":0.471124857664,"median":0.478741645813,"min":0.0413251444697,"var":0.000853555451613},"dynamic_complexity":8.06882286072,"erbbands":{"dmean":[0.0478434637189,0.314913392067,1.07995605469,1.4076731205,2.33501911163,5.15179443359,3.25736451149,4.60593223572,6.14523792267,14.3349056244,5.73645782471,12.4936571121,10.4816455841,23.9049034119,10.8049077988,11.279967308,17.1028308868,13.5030059814,22.9918308258,33.3791503906,8.54098129272,8.65721893311,15.223277092,6.00281095505,5.89144420624,3.57743048668,1.4708943367,0.893297374249,0.80311435461,0.59767138958,0.751117885113,0.869313955307,0.484726667404,0.313747793436,0.133098781109,0.034096237272,0.00693957693875,0.00107983977068,0.000094362818345,0.00000747816420699],"dmean2":[0.0784496217966,0.544277966022,1.93076515198,2.40972208977,3.96587395668,8.75974559784,5.44219589233,7.50115394592,10.1715431213,23.1753768921,9.3781671524,20.6371631622,16.838552475,37.1020927429,17.2470283508,18.5038814545,27.6914787292,21.5569839478,32.5452194214,44.7257881165,14.1916866302,14.5527791977,26.3413143158,10.2419395447,9.94698238373,6.00136327744,2.39112401009,1.4358881712,1.29445147514,0.922250986099,1.22337913513,1.34750545025,0.741257786751,0.468169599771,0.203707456589,0.0531808584929,0.0105053111911,0.00167670485098,0.000151597196236,0.0000111371327876],"dvar":[0.0196586605161,0.993332445621,12.0388660431,17.131275177,56.0869483948,342.003601074,60.2181358337,96.7549591064,183.893295288,1566.36633301,359.266143799,1282.30395508,674.357055664,1778.12268066,405.317077637,644.208496094,1356.49584961,857.609313965,1037.04223633,2041.12463379,390.877929688,319.686187744,1635.72387695,149.233154297,129.149032593,44.2625541687,12.3118944168,4.09055614471,3.26089453697,3.96979403496,5.61968278885,12.0451288223,8.60998249054,5.39119386673,0.502587616444,0.0203646123409,0.000728350831196,0.0000179480266524,1.6363739519e-7,2.98508606722e-10],"dvar2":[0.0465121977031,2.69984507561,34.4606552124,46.4701919556,149.668945312,957.414611816,164.876800537,275.570404053,510.422576904,4635.20410156,643.81842041,3299.65209961,1637.20263672,4302.84082031,1036.19934082,1766.8034668,3261.30664062,2074.41455078,2416.79443359,4149.79296875,1047.14953613,865.768432617,4464.43212891,419.985351562,352.803405762,110.020210266,29.4240036011,9.55002403259,7.24100637436,9.02594089508,11.6660757065,26.2551860809,19.7949523926,12.6739253998,0.888314604759,0.0389504469931,0.00168644962832,0.0000453990942333,4.39072579184e-7,7.42734096448e-10],"max":[1.38957393169,9.48210525513,38.0186271667,55.1057319641,133.152709961,208.548873901,106.168701172,116.681488037,169.927139282,677.800842285,654.155761719,710.041687012,385.955352783,469.31829834,262.316070557,430.668884277,738.362854004,357.557739258,499.607666016,489.067596436,329.427947998,255.806213379,446.645965576,161.05506897,150.571594238,100.954719543,86.3156356812,40.6035423279,41.9425888062,62.332736969,56.1761627197,84.0713577271,71.448387146,59.8733825684,16.8412322998,2.74234604836,0.589359164238,0.0947110429406,0.00894864648581,0.000381072546588],"mean":[0.0606686584651,0.341747015715,1.28670942783,1.9339568615,3.38087153435,6.50584554672,6.14615440369,9.1915845871,12.2082080841,29.7271156311,12.4043941498,19.9369297028,18.6218929291,36.7655601501,20.657491684,24.5104141235,39.3701019287,30.9242992401,45.3540229797,58.6193389893,19.3172149658,19.8575496674,21.7847957611,13.7864341736,13.9992370605,8.11835289001,4.34459924698,3.05994272232,2.28980565071,1.70165741444,1.99290716648,2.0008661747,1.01168215275,0.573009073734,0.296084046364,0.0829170122743,0.0163696408272,0.00235831970349,0.000191440398339,0.0000271266235359],"median":[0.000854784622788,0.0132946651429,0.0928723812103,0.159909337759,0.313068091869,0.79926097393,1.21717488766,2.26658725739,2.12168884277,2.21383023262,2.70608901978,2.26712632179,3.60760784149,16.3131599426,8.09624671936,4.70189285278,4.71199417114,3.4846200943,26.807434082,34.6962127686,5.57954406738,3.25062274933,8.17645454407,2.03462362289,2.87596940994,2.1937713623,0.427794575691,0.297251671553,0.262051045895,0.122280955315,0.0857184976339,0.0713438615203,0.0350600071251,0.0147654125467,0.00516176875681,0.00164622021839,0.000277539744275,0.0000444711986347,0.00000984155212791,0.0000101038958746],"min":[2.83256283012e-11,1.64479263542e-10,5.8810328829e-10,1.52420032151e-9,3.2521243476e-9,5.90904036812e-9,9.17070774875e-9,1.19008385369e-8,1.2258923654e-8,8.99703689328e-9,3.73013131494e-9,1.42761491517e-9,5.31774979606e-9,9.91145654439e-9,6.9667409619e-9,1.90294757729e-9,3.46720918643e-9,3.09493719541e-9,1.56270596463e-9,2.68320610175e-9,1.60521929082e-9,4.82065054541e-9,2.93672997032e-9,1.7299924826e-9,1.38087985491e-9,2.71982902866e-9,3.20539306209e-9,3.78545372826e-9,1.98129490592e-9,8.52982628974e-10,9.26141274782e-10,1.1361170893e-9,8.73502825627e-10,6.070880465e-10,4.62964389047e-10,2.90036106243e-10,1.56685608932e-10,7.47672271317e-11,1.2994634882e-11,1.31346832282e-12],"var":[0.0240690317005,0.860228538513,9.78459835052,17.7863368988,63.388507843,329.648468018,111.031982422,243.128952026,391.638946533,4525.73876953,1464.47216797,2629.09887695,1570.93383789,2835.99365234,1060.73303223,2469.9387207,6107.734375,3099.06176758,2691.07519531,4496.40820312,1151.67297363,1131.69226074,1418.58325195,556.886962891,532.871398926,168.207305908,67.6211776733,32.9048538208,16.5298805237,12.0080976486,19.9056720734,25.5868453979,12.2252807617,6.36827421188,1.10480308533,0.0586494989693,0.00223527080379,0.0000551495686523,3.29097701979e-7,1.48504575304e-9]},"erbbands_crest":{"dmean":2.59506487846,"dmean2":4.24545240402,"dvar":6.56658840179,"dvar2":16.6823596954,"max":27.5345802307,"mean":10.3451337814,"median":8.00174045563,"min":2.74455666542,"var":36.7963638306},"erbbands_flatness_db":{"dmean":0.0179334077984,"dmean2":0.0249577667564,"dvar":0.000492008344736,"dvar2":0.000885206158273,"max":0.58452808857,"mean":0.219142511487,"median":0.149391502142,"min":0.0443499647081,"var":0.0152047378942},"erbbands_kurtosis":{"dmean":1.78902184963,"dmean2":2.56912517548,"dvar":16.088394165,"dvar2":29.6927947998,"max":69.8553543091,"mean":1.35207808018,"median":-0.0598887205124,"min":-1.7115739584,"var":26.6771087646},"erbbands_skewness":{"dmean":0.432085186243,"dmean2":0.64581489563,"dvar":0.253095477819,"dvar2":0.57204157114,"max":2.46624732018,"mean":-0.117424830794,"median":-0.0237444750965,"min":-4.61862325668,"var":0.58016961813},"erbbands_spread":{"dmean":5.18651580811,"dmean2":8.11490535736,"dvar":24.3707504272,"dvar2":58.201084137,"max":86.0468063354,"mean":26.8591003418,"median":26.8478374481,"min":0.654063105583,"var":236.043624878},"gfcc":{"cov":[[28322.2753906,733.626525879,829.228088379,966.890869141,-1719.34887695,1079.68933105,-1241.72045898,542.21685791,-452.632080078,619.03302002,171.62310791,344.385559082,-574.579162598],[733.626525879,1160.67382812,-575.768554688,-467.123687744,-125.939437866,-521.834533691,-2.22045350075,-259.135284424,47.8992652893,-57.5297355652,75.0884094238,-93.7379837036,15.9618463516],[829.228088379,-575.768554688,2717.90795898,952.505554199,-427.10723877,970.478942871,-474.062408447,437.754394531,-164.671981812,340.71673584,21.4641456604,190.3934021,-432.496063232],[966.890869141,-467.123687744,952.505554199,895.420959473,68.0508422852,542.651062012,-161.130874634,205.106994629,-121.055702209,9.99183940887,-90.9181060791,69.9159622192,20.1954154968],[-1719.34887695,-125.939437866,-427.10723877,68.0508422852,478.5234375,-93.8650131226,189.052642822,-73.121383667,42.1389427185,-123.940834045,-83.7103424072,-66.7659454346,221.318069458],[1079.68933105,-521.834533691,970.478942871,542.651062012,-93.8650131226,604.892578125,-132.604034424,250.776931763,-101.518005371,98.3791046143,-29.958316803,104.813842773,-101.599189758],[-1241.72045898,-2.22045350075,-474.062408447,-161.130874634,189.052642822,-132.604034424,291.086486816,-31.8543395996,27.7658367157,-101.032463074,-17.1599559784,-26.8874969482,113.973022461],[542.21685791,-259.135284424,437.754394531,205.106994629,-73.121383667,250.776931763,-31.8543395996,189.552108765,-16.8450927734,81.9937820435,8.36343669891,52.249961853,-83.5320205688],[-452.632080078,47.8992652893,-164.671981812,-121.055702209,42.1389427185,-101.518005371,27.7658367157,-16.8450927734,92.7703704834,27.6908931732,15.038942337,-23.6326770782,0.101127274334],[619.03302002,-57.5297355652,340.71673584,9.99183940887,-123.940834045,98.3791046143,-101.032463074,81.9937820435,27.6908931732,171.209869385,58.4931297302,27.8806648254,-134.982345581],[171.62310791,75.0884094238,21.4641456604,-90.9181060791,-83.7103424072,-29.958316803,-17.1599559784,8.36343669891,15.038942337,58.4931297302,69.1947097778,19.32995224,-61.100605011],[344.385559082,-93.7379837036,190.3934021,69.9159622192,-66.7659454346,104.813842773,-26.8874969482,52.249961853,-23.6326770782,27.8806648254,19.32995224,65.9526901245,-30.1899776459],[-574.579162598,15.9618463516,-432.496063232,20.1954154968,221.318069458,-101.599189758,113.973022461,-83.5320205688,0.101127274334,-134.982345581,-61.100605011,-30.1899776459,212.799713135]],"icov":[[0.000123424149933,-0.00031794104143,0.000474884931464,-0.00024509135983,0.000253776350291,-0.000399688462494,0.000382015714422,-0.000374454975827,0.000564910355024,-0.000768704281654,0.000649158260785,-0.000445997866336,0.000174419110408],[-0.00031794104143,0.00284145516343,-0.0016726104077,0.000485976575874,0.000515810912475,0.00257401401177,-0.00107204832602,0.00217281514779,-0.00132880837191,0.00248752115294,-0.00396957388148,0.00323420320638,-0.00150001328439],[0.000474884931464,-0.0016726104077,0.00365125807002,-0.00192370242439,0.000552934943698,-0.00291788345203,0.00196806481108,-0.00137207552325,0.00259545119479,-0.00389072555117,0.00385942752473,-0.00316176796332,0.00364066264592],[-0.00024509135983,0.000485976575874,-0.00192370242439,0.00510165840387,-0.00202161376365,-0.00114649406169,0.00163110566791,-0.00181493454147,0.000264335074462,0.00308873620816,-0.000861150037963,0.00157626031432,-0.00318753765896],[0.000253776350291,0.000515810912475,0.000552934943698,-0.00202161376365,0.0076852152124,-0.000426536047598,-0.00264527881518,0.00191774626728,-0.00185049034189,-0.00342190475203,0.00191796442959,0.00367310806178,-0.00516263861209],[-0.000399688462494,0.00257401401177,-0.00291788345203,-0.00114649406169,-0.000426536047598,0.0117217153311,-0.00139820110053,-0.00351999443956,0.00210367422551,0.000730517902412,0.000469328108011,-0.00176315021235,-0.00133963976987],[0.000382015714422,-0.00107204832602,0.00196806481108,0.00163110566791,-0.00264527881518,-0.00139820110053,0.00977861043066,-0.00645978655666,0.00244490290061,0.00238594436087,-0.000516831234563,-0.00210969918407,0.000332177558448],[-0.000374454975827,0.00217281514779,-0.00137207552325,-0.00181493454147,0.00191774626728,-0.00351999443956,-0.00645978655666,0.0199782270938,-0.00608279602602,-0.001640749746,-0.00193845434114,0.000119087875646,0.00225893128663],[0.000564910355024,-0.00132880837191,0.00259545119479,0.000264335074462,-0.00185049034189,0.00210367422551,0.00244490290061,-0.00608279602602,0.0228392165154,-0.0104050049558,0.00406674435362,-0.0003398185072,0.000615212484263],[-0.000768704281654,0.00248752115294,-0.00389072555117,0.00308873620816,-0.00342190475203,0.000730517902412,0.00238594436087,-0.001640749746,-0.0104050049558,0.025809507817,-0.0159668382257,0.00503964954987,0.00402968470007],[0.000649158260785,-0.00396957388148,0.00385942752473,-0.000861150037963,0.00191796442959,0.000469328108011,-0.000516831234563,-0.00193845434114,0.00406674435362,-0.0159668382257,0.0410169884562,-0.0173952244222,0.00690069934353],[-0.000445997866336,0.00323420320638,-0.00316176796332,0.00157626031432,0.00367310806178,-0.00176315021235,-0.00210969918407,0.000119087875646,-0.0003398185072,0.00503964954987,-0.0173952244222,0.0340791642666,-0.00847061909735],[0.000174419110408,-0.00150001328439,0.00364066264592,-0.00318753765896,-0.00516263861209,-0.00133963976987,0.000332177558448,0.00225893128663,0.000615212484263,0.00402968470007,0.00690069934353,-0.00847061909735,0.021758498624]],"mean":[-108.062805176,92.8419418335,-158.608657837,19.8316402435,-42.9306640625,3.0536339283,-35.4141311646,1.67049658298,-20.8625240326,-4.68652915955,-13.3790645599,-5.32430887222,-3.38704371452]},"hfc":{"dmean":3.85455203056,"dmean2":5.68733739853,"dvar":37.3052520752,"dvar2":86.9247207642,"max":114.967559814,"mean":16.4085712433,"median":7.92857980728,"min":8.50365289295e-9,"var":357.701019287},"melbands":{"dmean":[0.000384389742976,0.000508840195835,0.000241806803388,0.000288963434286,0.000130294080009,0.0000936387368711,0.000119592383271,0.000136491202284,0.0000449884937552,0.0000877745624166,0.0000524811257492,0.0000916635763133,0.0000532286976522,0.0000270058390015,0.000029901826565,0.0000486206045025,0.000025384768378,0.0000230384011957,0.0000975637303782,0.0000102357980722,0.0000111675708467,0.00000963455386227,0.0000131729866553,0.0000107598061732,0.00000489161084261,0.00000388451508115,0.00000581037329539,0.00000177728998096,0.00000107676669359,7.72803105065e-7,5.87588942835e-7,5.1551398883e-7,3.88398319728e-7,3.64828196098e-7,4.54892472135e-7,6.31309546861e-7,5.16644320214e-7,3.7643147266e-7,3.08431708618e-7,2.7513883083e-7],"dmean2":[0.000623594096396,0.000913413357921,0.000414208916482,0.00048977782717,0.000218213303015,0.000153264598339,0.000193132771528,0.000219043926336,0.0000747796584619,0.000145580852404,0.0000841443688842,0.000142677585245,0.0000842974695843,0.0000441170486738,0.0000488043879159,0.0000778398607508,0.0000409309795941,0.000036781457311,0.000130040789372,0.0000162755586643,0.0000189781385416,0.0000160795207194,0.000022829439331,0.0000185690805665,0.00000838945288706,0.0000064419955379,0.0000100105735328,0.00000294431697512,0.00000179578023562,0.00000125063559153,9.46489478793e-7,8.42655424549e-7,6.21388551281e-7,5.70627776142e-7,7.46660589357e-7,0.00000101641921901,8.08818583664e-7,5.73050101593e-7,4.9245397804e-7,4.18992613049e-7],"dvar":[0.00000128595502247,0.00000270548525805,4.54279160067e-7,0.0000011995962268,1.10412194942e-7,3.89393370881e-8,6.47613376259e-8,1.58483942414e-7,1.90853821636e-8,6.64195312083e-8,1.7561465171e-8,2.60085553094e-8,8.86018725055e-9,3.59821594742e-9,6.2616738461e-9,1.13999467644e-8,3.44667405727e-9,2.35062014298e-9,1.77122245759e-8,5.44872313935e-10,7.30735694177e-10,4.95603058592e-10,1.13013853831e-9,6.88854917552e-10,1.25498111903e-10,7.85477863308e-11,1.20066095954e-10,1.59735228517e-11,7.17963102165e-12,3.27080615196e-12,1.91938088687e-12,1.21688238913e-12,1.2131186897e-12,1.47646272378e-12,1.60395459935e-12,4.79812543863e-12,5.33459864824e-12,5.000610169e-12,3.6910218805e-12,4.27805794262e-12],"dvar2":[0.00000303823367176,0.00000766586526879,0.00000123270876884,0.0000032788207136,3.06066255007e-7,1.11280421322e-7,1.78926796934e-7,4.59588704871e-7,3.72822412942e-8,1.74129269226e-7,4.2810256673e-8,6.33057908317e-8,2.24760121625e-8,9.65382085383e-9,1.69514144943e-8,2.72660560796e-8,8.47701908668e-9,6.01291061386e-9,3.61293608364e-8,1.30401744958e-9,1.98026928189e-9,1.33897914978e-9,3.11287529087e-9,1.87681381547e-9,3.56844331861e-10,2.10623518626e-10,3.28539612182e-10,3.84099141382e-11,1.82781238062e-11,7.4981973755e-12,4.61871860202e-12,2.84273255977e-12,2.60432083884e-12,3.57211851244e-12,3.66838243809e-12,9.54489959293e-12,1.2588293255e-11,1.17503862543e-11,8.38804546655e-12,1.03750853395e-11],"max":[0.011295856908,0.0182055570185,0.00910626165569,0.0147041361779,0.00377911003307,0.00237130979076,0.00337865110487,0.0086780032143,0.00430796435103,0.00492048030719,0.00189322768711,0.00178487692028,0.00102478463668,0.00112218351569,0.00186633889098,0.00220006448217,0.000633767514955,0.000805406016298,0.00146831152961,0.000444640550995,0.000443484983407,0.000329035916366,0.000362811872037,0.000294942728942,0.000147615268361,0.000119305026601,0.000156138747116,0.0000687887950335,0.0000576961683691,0.000041347273509,0.0000270420732704,0.0000193346750166,0.0000324483007716,0.0000361333695764,0.0000273007735814,0.0000458479407826,0.0000561398919672,0.0000558726860618,0.0000448827740911,0.0000533301245014],"mean":[0.000497707806062,0.000595088582486,0.000382889527828,0.000367614149582,0.000238393477048,0.000188116347999,0.000239022032474,0.000298975210171,0.0000846832699608,0.000136670059874,0.0000890937953955,0.000140121934237,0.0000891226445674,0.0000559970467293,0.0000663783139316,0.00010011294944,0.0000503315168316,0.0000453627035313,0.000156212088768,0.0000193634023162,0.0000229406032304,0.0000213641960727,0.0000199887672352,0.0000154575536726,0.0000107440655484,0.00000992618697637,0.0000104256869236,0.00000405116179536,0.00000274593435279,0.000002138371201,0.00000168739643414,0.00000133584035211,0.00000103274624053,8.91070953912e-7,0.00000110162852707,0.00000136515109261,0.00000113626094844,7.21750950561e-7,5.85066914027e-7,4.51509265531e-7],"median":[0.00000895055291039,0.0000411912624259,0.0000307140799123,0.0000415883041569,0.0000464492914034,0.0000441016672994,0.0000297152037092,0.0000269313732133,0.0000165857200045,0.0000120744498417,0.0000133732846734,0.0000628408961347,0.0000360165904567,0.0000122482297229,0.00000945887950365,0.00000893950345926,0.00000536129255124,0.0000152428901856,0.000085042527644,0.00000643680505164,0.00000402502337238,0.00000300130204778,0.00000602939780947,0.00000563530556974,9.95294158201e-7,7.93662479737e-7,0.00000381127961191,5.59806380807e-7,1.98360595505e-7,2.4571738777e-7,1.3002892274e-7,1.50034097146e-7,1.00764026456e-7,5.23760697035e-8,4.71773162758e-8,4.53788757682e-8,4.04065190196e-8,2.19260289924e-8,1.94715727986e-8,9.15645781419e-9],"min":[2.60849799876e-13,2.80901929321e-13,3.09086090056e-13,3.27837881625e-13,3.17726232693e-13,2.6836223673e-13,1.82419427871e-13,8.81151163319e-14,2.40176903702e-14,8.80390290563e-15,2.74560952587e-14,4.05327965744e-14,2.77082383323e-14,7.79467416041e-15,4.47396619399e-15,8.89938469461e-15,5.17543822333e-15,1.88494561621e-15,4.11935585062e-15,2.38083300836e-15,1.87674993717e-15,5.3800047269e-15,3.28916445946e-15,2.57005910999e-15,1.19496178886e-15,1.11669943854e-15,9.79081995599e-16,1.95367725768e-15,2.11443860535e-15,2.11481320567e-15,2.25455733659e-15,1.42550202836e-15,4.44273757153e-16,5.06396106417e-16,7.07386807466e-16,1.78948111199e-16,1.02986755002e-15,7.53045589092e-16,3.38889464807e-16,6.16249026956e-16],"var":[0.0000015845495227,0.00000218304489863,5.72657086195e-7,0.00000112335601443,1.82817188943e-7,9.91491617697e-8,1.54778561523e-7,5.32332649072e-7,6.56220535689e-8,1.36428553787e-7,3.90051724253e-8,4.13735463667e-8,1.7424509835e-8,1.19561978096e-8,2.62969059861e-8,4.1369013104e-8,9.67584057321e-9,6.19403994762e-9,3.71749919736e-8,1.31102939616e-9,1.9652033334e-9,1.53337298414e-9,1.2035256125e-9,6.63159860359e-10,3.99072219714e-10,3.52729789821e-10,2.35436198315e-10,5.70755213924e-11,2.96696937852e-11,1.68090975167e-11,1.11288062099e-11,5.73375548429e-12,4.00564564157e-12,3.6303583837e-12,5.66249868175e-12,1.20068122111e-11,9.08731683652e-12,6.71541685107e-12,4.94719369637e-12,4.64130036487e-12]},"melbands_crest":{"dmean":3.91177654266,"dmean2":6.32928848267,"dvar":16.746011734,"dvar2":35.368309021,"max":37.0524864197,"mean":13.8407754898,"median":12.394862175,"min":3.6328291893,"var":54.1529312134},"melbands_flatness_db":{"dmean":0.0265417750925,"dmean2":0.0391208902001,"dvar":0.000768476398662,"dvar2":0.00167633080855,"max":0.53231960535,"mean":0.206464856863,"median":0.185014456511,"min":0.0699979364872,"var":0.00875524897128},"melbands_kurtosis":{"dmean":3.71017742157,"dmean2":5.84902000427,"dvar":41.6895294189,"dvar2":103.029876709,"max":92.3612365723,"mean":4.81787967682,"median":2.11078333855,"min":-1.82776367664,"var":66.8052978516},"melbands_skewness":{"dmean":0.674665391445,"dmean2":0.988227367401,"dvar":0.53390032053,"dvar2":1.21374249458,"max":6.55176591873,"mean":1.25980436802,"median":1.30918550491,"min":-7.74349212646,"var":2.27028274536},"melbands_spread":{"dmean":7.47183704376,"dmean2":11.6466360092,"dvar":57.1881752014,"dvar2":129.318893433,"max":88.2714309692,"mean":28.0002613068,"median":26.4815349579,"min":1.08134031296,"var":206.339828491},"mfcc":{"cov":[[24539.9863281,1891.30517578,910.072753906,-12.9254932404,-207.07194519,4.62114572525,-339.052093506,-1.79876208305,-733.019042969,-78.2205123901,468.606109619,959.362060547,-190.807357788],[1891.30517578,1545.8190918,-770.871582031,-297.167114258,-351.890289307,-379.879394531,-227.823989868,-266.169250488,-173.462554932,-146.438583374,-45.7951965332,37.2683334351,51.6006393433],[910.072753906,-770.871582031,1781.59057617,398.472930908,415.777832031,398.69152832,109.003501892,215.828475952,-79.3919067383,46.0340538025,238.803710938,334.165588379,-72.5020446777],[-12.9254932404,-297.167114258,398.472930908,429.958251953,247.401657104,211.248657227,94.7212982178,119.498085022,84.6483917236,34.4231109619,-68.6012496948,-96.6766204834,-27.0492954254],[-207.07194519,-351.890289307,415.777832031,247.401657104,293.345458984,185.021270752,71.2056884766,77.4344024658,58.589805603,63.0883369446,-8.18624210358,-39.7967147827,-15.5307283401],[4.62114572525,-379.879394531,398.69152832,211.248657227,185.021270752,226.946929932,108.07636261,117.17540741,52.335723877,38.6953544617,-5.95029020309,-23.0970344543,-28.8250827789],[-339.052093506,-227.823989868,109.003501892,94.7212982178,71.2056884766,108.07636261,147.709533691,93.1164779663,70.035736084,38.2488327026,-28.6202526093,-40.7509498596,-19.8215503693],[-1.79876208305,-266.169250488,215.828475952,119.498085022,77.4344024658,117.17540741,93.1164779663,145.388305664,55.2155380249,28.4838218689,-6.1226682663,-15.0015707016,-27.9007873535],[-733.019042969,-173.462554932,-79.3919067383,84.6483917236,58.589805603,52.335723877,70.035736084,55.2155380249,124.434967041,49.6173820496,-65.7850723267,-111.768226624,1.18357849121],[-78.2205123901,-146.438583374,46.0340538025,34.4231109619,63.0883369446,38.6953544617,38.2488327026,28.4838218689,49.6173820496,97.983581543,19.3422336578,-11.9574546814,-1.72259652615],[468.606109619,-45.7951965332,238.803710938,-68.6012496948,-8.18624210358,-5.95029020309,-28.6202526093,-6.1226682663,-65.7850723267,19.3422336578,175.002853394,187.622772217,-0.335596382618],[959.362060547,37.2683334351,334.165588379,-96.6766204834,-39.7967147827,-23.0970344543,-40.7509498596,-15.0015707016,-111.768226624,-11.9574546814,187.622772217,280.054870605,4.06682395935],[-190.807357788,51.6006393433,-72.5020446777,-27.0492954254,-15.5307283401,-28.8250827789,-19.8215503693,-27.9007873535,1.18357849121,-1.72259652615,-0.335596382618,4.06682395935,53.3164672852]],"icov":[[0.0000740175964893,-0.000125789549202,0.0000906516288524,-0.0000892543903319,0.000015800465917,-0.000309068069328,0.000218291461351,-0.000249496224569,0.000376248499379,-0.000328353635268,0.000255320162978,-0.000419435702497,0.000267362280283],[-0.000125789549202,0.00172079424374,0.000277012004517,-0.00063995225355,0.000352278555511,0.00181053916458,-0.000288413750241,0.00128173886333,0.000770876999013,0.000801957095973,0.000689187610988,-0.000237668995396,-0.000387315143598],[0.0000906516288524,0.000277012004517,0.00275211152621,-0.00111106177792,-0.00191784009803,-0.00222602882423,0.000962430494837,-0.00135200843215,0.00195302825887,0.000096052637673,0.000753697066102,-0.00414508767426,0.00140390580054],[-0.0000892543903319,-0.00063995225355,-0.00111106177792,0.00690911710262,-0.00306068104692,-0.00208323658444,0.000620371371042,-0.00139768293593,-0.00255027366802,0.00133532402106,0.00103050551843,0.00186298089102,-0.000260176107986],[0.000015800465917,0.000352278555511,-0.00191784009803,-0.00306068104692,0.012005274184,-0.00429967045784,0.000917674042284,0.00352444499731,-0.000612862990238,-0.0041226670146,-0.000708743813448,0.00287951435894,-0.00143084092997],[-0.000309068069328,0.00181053916458,-0.00222602882423,-0.00208323658444,-0.00429967045784,0.0211097300053,-0.00715445866808,-0.00253537041135,0.00101649970748,0.00266646384262,-0.00217022607103,0.00469703739509,-0.00107692694291],[0.000218291461351,-0.000288413750241,0.000962430494837,0.000620371371042,0.000917674042284,-0.00715445866808,0.0165408924222,-0.0054625752382,-0.00395713746548,-0.00300423568115,0.00459743198007,-0.0048167030327,0.00276111834683],[-0.000249496224569,0.00128173886333,-0.00135200843215,-0.00139768293593,0.00352444499731,-0.00253537041135,-0.0054625752382,0.0185683220625,-0.00603889999911,0.0016352700768,-0.000816200918052,0.000472160754725,0.00280673871748],[0.000376248499379,0.000770876999013,0.00195302825887,-0.00255027366802,-0.000612862990238,0.00101649970748,-0.00395713746548,-0.00603889999911,0.0269309449941,-0.00887562986463,0.00179625442252,0.0037110124249,-0.00345425633714],[-0.000328353635268,0.000801957095973,0.000096052637673,0.00133532402106,-0.0041226670146,0.00266646384262,-0.00300423568115,0.0016352700768,-0.00887562986463,0.0194840338081,-0.00832776352763,0.00352740497328,-0.000658566597849],[0.000255320162978,0.000689187610988,0.000753697066102,0.00103050551843,-0.000708743813448,-0.00217022607103,0.00459743198007,-0.000816200918052,0.00179625442252,-0.00832776352763,0.0273737795651,-0.0191860422492,0.00302357249893],[-0.000419435702497,-0.000237668995396,-0.00414508767426,0.00186298089102,0.00287951435894,0.00469703739509,-0.0048167030327,0.000472160754725,0.0037110124249,0.00352740497328,-0.0191860422492,0.0253238882869,-0.00614880397916],[0.000267362280283,-0.000387315143598,0.00140390580054,-0.000260176107986,-0.00143084092997,-0.00107692694291,0.00276111834683,0.00280673871748,-0.00345425633714,-0.000658566597849,0.00302357249893,-0.00614880397916,0.0239044148475]],"mean":[-739.200683594,117.438537598,-35.9074211121,12.7295656204,5.41314268112,-0.327959209681,-0.830417573452,-0.0977787896991,-2.70165038109,3.03519940376,-8.85722255707,-10.0716638565,-0.998770773411]},"pitch_salience":{"dmean":0.0812050774693,"dmean2":0.127318993211,"dvar":0.00559854041785,"dvar2":0.0125655755401,"max":0.912431955338,"mean":0.560835063457,"median":0.586689114571,"min":0.0930871963501,"var":0.0165698099881},"silence_rate_20dB":{"dmean":0,"dmean2":0,"dvar":0,"dvar2":0,"max":1,"mean":1,"median":1,"min":1,"var":0},"silence_rate_30dB":{"dmean":0,"dmean2":0,"dvar":0,"dvar2":0,"max":1,"mean":1,"median":1,"min":1,"var":0},"silence_rate_60dB":{"dmean":0.0824949666858,"dmean2":0.1651006639,"dvar":0.0756894573569,"dvar2":0.152603581548,"max":1,"mean":0.273458451033,"median":0,"min":0,"var":0.198681086302},"spectral_centroid":{"dmean":216.502349854,"dmean2":340.174194336,"dvar":43359.3007812,"dvar2":105185.492188,"max":2942.72753906,"mean":1597.97436523,"median":1651.70678711,"min":548.228393555,"var":187722.75},"spectral_complexity":{"dmean":2.35613679886,"dmean2":3.78791952133,"dvar":7.23136615753,"dvar2":16.7616844177,"max":56,"mean":16.2111263275,"median":11,"min":0,"var":231.493484497},"spectral_contrast_coeffs":{"dmean":[0.0470563657582,0.0442980341613,0.0397610738873,0.0361456312239,0.0234762746841,0.0182499885559],"dmean2":[0.0755648240447,0.0729893520474,0.0632223635912,0.0541448406875,0.0388027541339,0.0295359101146],"dvar":[0.00193863653112,0.00150162237696,0.00110944558401,0.00124643230811,0.000463581702206,0.000353831710527],"dvar2":[0.00450531579554,0.00351181346923,0.00254911906086,0.00242171133868,0.00121439842042,0.000816632760689],"max":[-0.378230810165,-0.260404378176,-0.467479169369,-0.430168330669,-0.533319413662,-0.610270440578],"mean":[-0.682194411755,-0.767563223839,-0.773104071617,-0.751405417919,-0.777494966984,-0.769447624683],"median":[-0.687015652657,-0.776028454304,-0.786937713623,-0.770943284035,-0.786585211754,-0.769740641117],"min":[-0.98115170002,-0.934572219849,-0.953618466854,-0.967950820923,-0.951449394226,-0.935532808304],"var":[0.00877019762993,0.00752416672185,0.00659846700728,0.00937193166465,0.00457329954952,0.00238680443726]},"spectral_contrast_valleys":{"dmean":[0.410961538553,0.417936831713,0.39037951827,0.327103227377,0.291673779488,0.206188306212],"dmean2":[0.640264391899,0.662289381027,0.599437594414,0.490451157093,0.439488053322,0.311979919672],"dvar":[0.134776502848,0.206976696849,0.234786137938,0.168325901031,0.180737689137,0.0791284814477],"dvar2":[0.316988945007,0.384661048651,0.431361049414,0.298413157463,0.356515824795,0.165855363011],"max":[-5.40040588379,-4.7564368248,-5.33383178711,-5.73706245422,-5.86078214645,-7.4455575943],"mean":[-8.75333023071,-7.74363136292,-7.93646430969,-8.1901550293,-8.41402435303,-11.5910024643],"median":[-8.6095085144,-7.1752948761,-7.35028457642,-7.68943357468,-8.23908042908,-11.3782997131],"min":[-15.8191394806,-17.5845279694,-18.3363018036,-18.0090579987,-18.2709217072,-19.6081085205],"var":[3.60023379326,3.13660264015,3.2109336853,3.0560977459,2.94408941269,3.91291832924]},"spectral_decrease":{"dmean":1.15522535982e-9,"dmean2":1.77680958835e-9,"dvar":4.42622360544e-18,"dvar2":1.08690051836e-17,"max":-1.93293456231e-18,"mean":-3.89126331157e-9,"median":-1.79599035643e-9,"min":-2.6305741585e-8,"var":2.15124018182e-17},"spectral_energy":{"dmean":0.00458703609183,"dmean2":0.00701676635072,"dvar":0.0000649405628792,"dvar2":0.000159050847287,"max":0.103149533272,"mean":0.0161747969687,"median":0.00761529710144,"min":8.06665151343e-12,"var":0.000362107966794},"spectral_energyband_high":{"dmean":0.000111047484097,"dmean2":0.000165729899891,"dvar":1.86110156619e-7,"dvar2":3.55910344751e-7,"max":0.0111090391874,"mean":0.00041032108129,"median":0.0000311832482112,"min":5.13009827761e-13,"var":7.50565561702e-7},"spectral_energyband_low":{"dmean":0.00241905869916,"dmean2":0.00391962332651,"dvar":0.0000500248570461,"dvar2":0.000128074156237,"max":0.0751354768872,"mean":0.00335288839415,"median":0.000213236489799,"min":1.9323455596e-12,"var":0.0000572113494854},"spectral_energyband_middle_high":{"dmean":0.00183801504318,"dmean2":0.00275585544296,"dvar":0.00000693997617418,"dvar2":0.0000161340867635,"max":0.0317155122757,"mean":0.00625841272995,"median":0.00357687147334,"min":8.78349259645e-13,"var":0.0000445754048997},"spectral_energyband_middle_low":{"dmean":0.0022069523111,"dmean2":0.00362296798266,"dvar":0.0000277616909443,"dvar2":0.0000730755346012,"max":0.0666609629989,"mean":0.00649685133249,"median":0.00265812128782,"min":4.80811267536e-12,"var":0.0000835092650959},"spectral_entropy":{"dmean":0.180522307754,"dmean2":0.258240908384,"dvar":0.0798354372382,"dvar2":0.14891050756,"max":8.55438804626,"mean":7.27158308029,"median":7.70537567139,"min":4.12934923172,"var":0.833249390125},"spectral_flux":{"dmean":0.0170652251691,"dmean2":0.0253481902182,"dvar":0.000421319797169,"dvar2":0.000797502521891,"max":0.235986232758,"mean":0.05821159482,"median":0.0436183474958,"min":0.000106913306809,"var":0.0023556984961},"spectral_kurtosis":{"dmean":4.52287101746,"dmean2":7.98107624054,"dvar":62.0078163147,"dvar2":190.636856079,"max":65.6630096436,"mean":8.91934299469,"median":4.56670761108,"min":0.156333684921,"var":92.1764526367},"spectral_rms":{"dmean":0.000507917255163,"dmean2":0.000738246191759,"dvar":4.1378706328e-7,"dvar2":9.48458421135e-7,"max":0.0100316340104,"mean":0.00325180706568,"median":0.00272572087124,"min":8.87124826932e-8,"var":0.00000520605772181},"spectral_rolloff":{"dmean":381.647186279,"dmean2":649.710754395,"dvar":349951.15625,"dvar2":730120.875,"max":9130.078125,"mean":1787.92041016,"median":1873.38867188,"min":150.732421875,"var":609970.625},"spectral_skewness":{"dmean":0.399496644735,"dmean2":0.693045258522,"dvar":0.354676485062,"dvar2":1.08208763599,"max":5.65761327744,"mean":1.78109455109,"median":1.56645143032,"min":0.475275307894,"var":0.421012848616},"spectral_spread":{"dmean":304009.625,"dmean2":454579.625,"dvar":130162229248,"dvar2":232497594368,"max":15261116,"mean":3512273.75,"median":3834078.5,"min":880159.25,"var":2509219037180},"spectral_strongpeak":{"dmean":0.678504228592,"dmean2":1.08094382286,"dvar":0.737584114075,"dvar2":1.74218130112,"max":7.36386966705,"mean":1.33348286152,"median":0.868917226791,"min":0,"var":2.02527308464},"zerocrossingrate":{"dmean":0.00787865184247,"dmean2":0.00983608141541,"dvar":0.0000700280725141,"dvar2":0.0000931784234126,"max":0.205078125,"mean":0.0690839439631,"median":0.06982421875,"min":0.00244140625,"var":0.000431579741416}},"metadata":{"audio_properties":{"analysis_sample_rate":44100,"bit_rate":0,"codec":"flac","downmix":"mix","equal_loudness":0,"length":34.5999984741,"lossless":true,"md5_encoded":"9e1ed584cbab3cf80bbd7d8bbdaeb338","replay_gain":-13.9186344147},"tags":{"acoustid_id":["73fbb5e8-4a9a-466f-9ac9-4d7183e3fd11"],"album":["Rated R + Songs for the Deaf"],"albumartist":["Queens of the Stone Age"],"artist":["Queens of the Stone Age"],"date":["2010-05-11"],"discnumber":["1"],"disctotal":["2"],"file_name":"1-09 - Queens of the Stone Age - Feel Good Hit of the Summer (reprise).flac","musicbrainz_albumartistid":["7dc8f5bd-9d0b-4087-9f73-dc164950bbd8"],"musicbrainz_albumid":["d9f0ba90-05f3-43cb-b19f-2cf93678f635"],"musicbrainz_artistid":["7dc8f5bd-9d0b-4087-9f73-dc164950bbd8"],"musicbrainz_recordingid":["6da89c82-e0f1-48d8-b40c-5725be1af254"],"musicbrainz_releasegroupid":["488c4880-fcf5-4573-b6b2-4168fcdd84aa"],"replaygain_album_gain":["-11.62 dB"],"replaygain_album_peak":["0.999969"],"replaygain_track_gain":["-8.70 dB"],"replaygain_track_peak":["0.998871"],"title":["Feel Good Hit of the Summer (reprise)"],"tracknumber":["9"],"tracktotal":["12"]},"version":{"essentia":"2.1-beta1","essentia_build_sha":"46c2b6830b139c2e69ed9f3e0d9145e1b8fbae31","essentia_git_sha":"v2.1_beta1-6-g5578087","extractor":"music 1.0"}},"rhythm":{"beats_count":93,"beats_loudness":{"dmean":0.00413577863947,"dmean2":0.00697339838371,"dvar":0.0000286716658593,"dvar2":0.0000677261559758,"max":0.0681067407131,"mean":0.0183190051466,"median":0.00925218313932,"min":1.81377586728e-7,"var":0.000382186175557},"beats_loudness_band_ratio":{"dmean":[0.0875517576933,0.137942552567,0.0757206827402,0.157366737723,0.143417850137,0.0150875989348],"dmean2":[0.146253362298,0.261639028788,0.135714665055,0.278997540474,0.257019102573,0.0277569349855],"dvar":[0.0107746170834,0.0179377533495,0.00835637655109,0.037131857127,0.0402516238391,0.000295203208225],"dvar2":[0.0316962897778,0.0660887509584,0.021027404815,0.07429414987