{"lowlevel":{"average_loudness":0.948804199696,"barkbands":{"dmean":[0.000105816179712,0.00402655825019,0.00212790467776,0.000780439993832,0.00128276785836,0.000957834010478,0.000503329734784,0.00055896822596,0.000795503612608,0.000586490612477,0.000646865635645,0.00069540576078,0.000472840387374,0.00052841095021,0.000527395110112,0.000456597656012,0.000378447672119,0.000293002725812,0.000261034554569,0.000218763409066,0.000168780548847,0.000156712078024,0.0000899614096852,0.0000567720308027,0.000029194417948,0.0000167174384842,0.00000939599885896],"dmean2":[0.000183254043804,0.00708524510264,0.0038392522838,0.00130258465651,0.0020324299112,0.00154969817959,0.000832422228996,0.000892425188795,0.00126148958225,0.000948922301177,0.00104777410161,0.00113016157411,0.000772320840042,0.000869793817401,0.000880229228642,0.000754533917643,0.000622845545877,0.000496521417517,0.000439825642388,0.000364700448699,0.000274049845757,0.000250754586887,0.000140923337312,0.000087131287728,0.0000425736616307,0.0000241902926064,0.0000139116864375],"dvar":[5.22654133306e-8,0.000115266637295,0.0000319314131048,0.00000177795425316,0.0000109327265818,0.00000339628718393,0.00000142894930377,0.00000119516914765,0.00000239824771597,0.00000144220314269,0.00000160014894846,0.00000197465260499,6.51582013234e-7,6.92703338245e-7,6.70718350193e-7,4.46691615252e-7,4.09124822909e-7,1.81313183134e-7,1.41960640576e-7,1.08033248125e-7,5.23345669023e-8,5.71654616977e-8,2.18416680298e-8,9.52809653398e-9,1.66885938402e-9,1.20271681503e-9,5.41303057933e-10],"dvar2":[1.47860248489e-7,0.000320545572322,0.0000935189964366,0.00000471222892884,0.0000268547519227,0.00000849137359182,0.00000364186030311,0.00000281974666905,0.00000590634044784,0.00000395559618482,0.00000408281994169,0.00000509746359967,0.00000159933335908,0.00000177949198132,0.00000178662332928,0.00000119287346934,0.0000010315294503,4.86686985823e-7,3.79064374556e-7,2.7791412549e-7,1.3406082644e-7,1.40657036241e-7,4.75915484799e-8,2.16428581723e-8,3.61953333972e-9,2.59305132921e-9,1.21679921694e-9],"max":[0.00291996542364,0.0979670584202,0.0529161803424,0.0147671792656,0.0421524755657,0.0258405767381,0.0205713901669,0.0193669162691,0.0358959063888,0.0214346311986,0.0213454589248,0.0306352619082,0.0142790265381,0.0148107316345,0.0142363263294,0.0141396922991,0.0155283305794,0.00653176894411,0.00852278992534,0.00816170033067,0.00390108255669,0.00450324127451,0.00303077511489,0.00277082645334,0.000723442644812,0.000567501876503,0.000386326253647],"mean":[0.000105869112303,0.00533881178126,0.00334320450202,0.00119429361075,0.00185382785276,0.00156872894149,0.000726623577066,0.000924845749978,0.00128767406568,0.00101957668085,0.00104410597123,0.00129840755835,0.000836513645481,0.000990729546174,0.0010628682794,0.000978655181825,0.000829719705507,0.00061492563691,0.000640364014544,0.000554840720724,0.000465664779767,0.00041521343519,0.000240192195633,0.000159602568601,0.0000809868142824,0.0000295868667308,0.0000128322599267],"median":[0.0000143316092363,0.00286255334504,0.00207922165282,0.000590503972489,0.000661012483761,0.000745326280594,0.00030611368129,0.000382093683584,0.000503416522406,0.000537581916433,0.000395179376937,0.000611371011473,0.000483973446535,0.000623754458502,0.000702886492945,0.000741501920857,0.000619761354756,0.000465291144792,0.000523588329088,0.000445140729425,0.000376696960302,0.00033094198443,0.000187338053365,0.000124904603581,0.000058334946516,0.0000142886374306,0.00000317340686706],"min":[8.98248926759e-17,5.38252433228e-16,1.41251823089e-16,4.65864349046e-17,2.3247941556e-16,1.21421781236e-15,2.70684783707e-16,7.7296076305e-16,1.062517282e-15,5.84099414987e-16,5.77745662031e-16,1.40074590229e-15,1.58981276172e-15,9.66174695791e-16,1.87756160649e-15,1.50979345332e-15,1.39653191338e-15,6.61761007185e-16,3.87309494431e-16,1.4769410687e-15,3.71147137004e-15,1.33051206906e-14,4.38288897634e-14,8.24123281011e-14,1.10921112519e-13,2.28603296232e-13,1.1311634962e-10],"var":[5.34224113835e-8,0.0000950189423747,0.0000239827550104,0.00000249893741966,0.0000131324150061,0.00000537265896128,0.00000200904537451,0.00000275271781902,0.00000486006365463,0.00000278829998024,0.00000315072293233,0.0000043992654355,0.0000013431381376,0.00000146935224166,0.00000144820762671,0.00000105323601929,9.672021406e-7,3.75134504793e-7,3.68065485645e-7,2.920267832e-7,1.80586482657e-7,1.63545394116e-7,6.50486171594e-8,2.87739396754e-8,6.59590693175e-9,2.03083061479e-9,7.41952110861e-10]},"barkbands_crest":{"dmean":2.2246594429,"dmean2":3.63066387177,"dvar":6.40610122681,"dvar2":16.3665733337,"max":26.9263420105,"mean":8.08730506897,"median":6.82144355774,"min":2.00403881073,"var":18.5542640686},"barkbands_flatness_db":{"dmean":0.0154755841941,"dmean2":0.0244541186839,"dvar":0.000375373027055,"dvar2":0.000876348116435,"max":0.681231617928,"mean":0.102207265794,"median":0.0787620916963,"min":0.0171974282712,"var":0.00594472093508},"barkbands_kurtosis":{"dmean":13.706776619,"dmean2":22.0750923157,"dvar":46823.8242188,"dvar2":113285.132812,"max":11565.7177734,"mean":42.6857376099,"median":-0.476629018784,"min":-1.8958684206,"var":287247.28125},"barkbands_skewness":{"dmean":0.460225731134,"dmean2":0.727642178535,"dvar":1.61458301544,"dvar2":3.41175174713,"max":9.49192333221,"mean":0.569743037224,"median":0.570153713226,"min":-79.1535110474,"var":22.2192268372},"barkbands_spread":{"dmean":5.17807149887,"dmean2":8.16086578369,"dvar":39.2002868652,"dvar2":92.9635238647,"max":139.588470459,"mean":30.9377098083,"median":31.7033100128,"min":0.0123691195622,"var":181.714035034},"dissonance":{"dmean":0.0108191361651,"dmean2":0.01834323816,"dvar":0.000123019257444,"dvar2":0.00033467047615,"max":0.500000059605,"mean":0.47881603241,"median":0.484339296818,"min":0.301974743605,"var":0.00039285919047},"dynamic_complexity":3.29468870163,"erbbands":{"dmean":[0.0893606096506,1.01758980751,2.50833249092,2.40706253052,4.71006822586,3.08623433113,5.0069861412,9.0640630722,6.84846830368,8.58045578003,13.7285060883,17.7819633484,15.2980527878,21.3965187073,25.982378006,23.4738121033,19.02775383,24.2121753693,27.0939693451,24.1076984406,24.7846050262,19.1799678802,16.0015583038,12.3734016418,13.0767879486,10.147772789,7.86868286133,6.11060333252,6.04826831818,4.53624391556,2.22479629517,1.35366499424,0.934929966927,0.391985207796,0.166989356279,0.0754364952445,0.0249604489654,0.0152043187991,0.00140458589885,0.0000438000752183],"dmean2":[0.154199883342,1.81105422974,4.4948720932,4.19685792923,7.34507036209,5.18092012405,7.99213647842,14.7463779449,11.4544239044,13.9114456177,21.7178096771,28.1439208984,24.6816959381,34.5000457764,42.1796569824,38.0436019897,30.6501483917,39.5449829102,44.8937530518,39.8729667664,41.1534156799,31.450214386,26.8722496033,20.7767753601,21.7681617737,16.8128910065,13.1661062241,9.79279994965,9.70665454865,7.34468698502,3.47789669037,2.10206890106,1.43570172787,0.581096827984,0.239603877068,0.10988125205,0.0360789112747,0.0226612053812,0.00207874458283,0.0000628572888672],"dvar":[0.0510012321174,7.75839662552,45.910823822,24.5747871399,163.615447998,64.5260162354,91.92527771,373.607269287,276.724395752,367.428710938,630.499816895,1237.92797852,1097.01989746,1575.13378906,2513.34277344,2063.1394043,1175.6697998,1457.64172363,1976.25146484,1356.16503906,1376.0201416,1135.3515625,564.362976074,269.012542725,449.502075195,221.683410645,128.801940918,70.7135314941,85.0771713257,52.1896934509,15.4952898026,5.69577455521,2.37723374367,0.308886408806,0.0690400004387,0.0198452863842,0.00273197540082,0.00148841890041,0.0000116595192594,7.84370879359e-9],"dvar2":[0.139054268599,21.8645801544,133.646102905,70.4485321045,382.624725342,174.387695312,221.890457153,952.778686523,720.719726562,922.030029297,1480.97094727,3016.43359375,2738.96240234,3993.94189453,6473.5546875,5268.42480469,2831.73168945,3707.53344727,5332.36669922,3615.38037109,3660.78369141,2828.59130859,1512.70214844,726.556518555,1169.46777344,567.243408203,342.81854248,176.979934692,211.071151733,130.185791016,33.4611244202,12.8828659058,5.46577644348,0.687462091446,0.148651719093,0.0437345206738,0.00582474702969,0.00337884295732,0.000026003939638,1.64820725956e-8],"max":[2.12238097191,24.9323043823,63.5788726807,47.6878623962,165.831878662,110.075904846,198.73248291,312.788330078,346.233459473,478.501068115,533.16796875,679.14276123,664.701721191,739.437255859,856.762939453,1040.32543945,675.576477051,917.466369629,884.80871582,938.433166504,943.307250977,914.750488281,482.250732422,261.862731934,567.047668457,322.902832031,243.50239563,154.733535767,190.421417236,141.621139526,98.2350387573,73.1365280151,35.5613136292,12.4155597687,4.00719308853,2.89781069756,0.826991081238,0.582559645176,0.0527148284018,0.00135656737257],"mean":[0.102777667344,1.37828660011,4.14139652252,3.90176224709,6.2896528244,4.33502054214,8.72116947174,13.8153486252,10.257733345,13.2684192657,24.0641708374,29.2010383606,28.1413860321,40.3446617126,49.2068061829,47.0937728882,37.8628692627,49.2767982483,56.1530799866,52.2372970581,56.373752594,46.2221755981,35.8967170715,31.120672226,32.6966285706,26.6299381256,20.9899940491,16.4641647339,15.5299720764,11.3102588654,6.07631063461,3.68254542351,2.57187724113,1.14870715141,0.414736717939,0.149418607354,0.0440119989216,0.0200262162834,0.00198686984368,0.0000989103864413],"median":[0.0308644194156,0.793497085571,2.69769454002,2.59986805916,1.812251091,1.91115319729,4.4821062088,5.60738325119,5.12167167664,5.66263484955,11.4879684448,12.387925148,15.7150020599,22.8781909943,23.7614994049,24.6088447571,23.0875663757,32.5460128784,36.1117248535,39.748374939,42.066204071,35.9373626709,27.8806343079,26.2223091125,25.9781208038,21.3646144867,16.8191566467,13.019657135,12.1652803421,8.52562713623,4.7785410881,2.79208183289,2.00040006638,0.883228719234,0.265076845884,0.0848064050078,0.0213456116617,0.00460135331377,0.000535197672434,0.0000637380580883],"min":[1.25142172287e-14,7.65865168051e-14,2.13345834055e-13,3.64244116639e-13,3.642267423e-13,1.43627210819e-12,4.25636349083e-12,9.70437792625e-12,4.96583980533e-12,1.14224237707e-11,1.55374480643e-11,2.80817764875e-11,2.93878046898e-11,2.06682084641e-11,3.32062086161e-11,6.25258109177e-11,9.33466082209e-11,6.82302478405e-11,9.62969010088e-11,8.88932746856e-11,1.10243911222e-10,7.84782100416e-11,4.14862935672e-11,2.38458697233e-11,4.33470273564e-11,6.07887351567e-11,1.20483650834e-10,2.00730473909e-10,4.02227168239e-10,5.07413111528e-10,1.35295596948e-9,1.80041770381e-9,1.30638666551e-9,1.31091726363e-9,7.95859100844e-10,6.13329109722e-10,7.85722265029e-10,6.29334362401e-9,9.66955582271e-9,2.67863442538e-9],"var":[0.0472195334733,6.02525615692,34.953918457,22.9526615143,205.667312622,64.1631469727,165.931274414,542.574951172,345.116546631,641.845825195,1553.70751953,2421.90014648,2030.82556152,3416.67553711,5591.41259766,4754.08740234,2622.07128906,3310.32885742,4462.69238281,2717.01464844,3537.79223633,2827.01904297,1281.78039551,705.462463379,1117.2824707,664.913146973,389.223571777,229.411834717,236.754272461,135.475311279,44.2272377014,16.416885376,7.25709247589,1.24934363365,0.208061233163,0.0383372455835,0.00458649825305,0.00196677260101,0.0000164412540471,1.39649367625e-8]},"erbbands_crest":{"dmean":2.03572773933,"dmean2":3.32577013969,"dvar":3.98492026329,"dvar2":10.162279129,"max":28.0922794342,"mean":7.558822155,"median":6.65130376816,"min":2.55759477615,"var":12.8546886444},"erbbands_flatness_db":{"dmean":0.0130312209949,"dmean2":0.0188516378403,"dvar":0.000178371046786,"dvar2":0.000333028991008,"max":0.346640944481,"mean":0.148668915033,"median":0.140697032213,"min":0.0307640824467,"var":0.00173449597787},"erbbands_kurtosis":{"dmean":0.577558159828,"dmean2":0.914500355721,"dvar":0.552379131317,"dvar2":1.29047858715,"max":40.3129005432,"mean":0.578029453754,"median":-0.0500237941742,"min":-1.64150500298,"var":13.1672525406},"erbbands_skewness":{"dmean":0.258854448795,"dmean2":0.399286925793,"dvar":0.0579028949142,"dvar2":0.132108151913,"max":5.31083679199,"mean":0.0347787290812,"median":-0.0337109565735,"min":-3.26401019096,"var":0.609213709831},"erbbands_spread":{"dmean":6.03291559219,"dmean2":9.47783088684,"dvar":53.2357063293,"dvar2":130.486541748,"max":137.285324097,"mean":34.5453338623,"median":32.7679862976,"min":3.00927996635,"var":173.512557983},"gfcc":{"cov":[[18756.3984375,-912.317749023,-1746.14294434,582.690612793,-432.415252686,1013.73754883,-50.3909873962,585.07800293,-250.000213623,561.34161377,-353.137420654,431.300445557,-286.112213135],[-912.317749023,1487.38305664,46.7331886292,220.326522827,133.638183594,-158.858673096,129.922561646,-25.3303375244,100.979110718,-120.519477844,82.0603179932,-137.924530029,70.5739364624],[-1746.14294434,46.7331886292,1042.40930176,172.134017944,352.472747803,-43.3281440735,199.572113037,27.3136119843,82.3402633667,-8.28958320618,0.548373520374,-5.66844654083,-53.2576026917],[582.690612793,220.326522827,172.134017944,342.2371521,88.1177215576,60.6837768555,83.8226089478,53.4879074097,54.9826889038,-3.71857237816,14.1952810287,-1.73061108589,-7.52134132385],[-432.415252686,133.638183594,352.472747803,88.1177215576,376.031585693,40.4441223145,197.287979126,45.063835144,44.8759384155,35.7039146423,13.500161171,0.0187028329819,-21.5374031067],[1013.73754883,-158.858673096,-43.3281440735,60.6837768555,40.4441223145,247.038375854,80.3075561523,65.6830444336,10.4963111877,50.6833381653,-7.93810176849,40.8722381592,-7.26778125763],[-50.3909873962,129.922561646,199.572113037,83.8226089478,197.287979126,80.3075561523,251.929214478,70.4188156128,58.1922187805,24.1320056915,8.48728656769,2.42015719414,-20.1417179108],[585.07800293,-25.3303375244,27.3136119843,53.4879074097,45.063835144,65.6830444336,70.4188156128,135.393569946,63.4410247803,37.0140151978,1.33176422119,16.7417469025,-10.0097522736],[-250.000213623,100.979110718,82.3402633667,54.9826889038,44.8759384155,10.4963111877,58.1922187805,63.4410247803,121.451141357,12.9971017838,21.4411582947,-5.93122434616,11.1697378159],[561.34161377,-120.519477844,-8.28958320618,-3.71857237816,35.7039146423,50.6833381653,24.1320056915,37.0140151978,12.9971017838,91.027633667,3.96484398842,25.0596389771,-15.1210775375],[-353.137420654,82.0603179932,0.548373520374,14.1952810287,13.500161171,-7.93810176849,8.48728656769,1.33176422119,21.4411582947,3.96484398842,90.538230896,8.26366615295,19.1476230621],[431.300445557,-137.924530029,-5.66844654083,-1.73061108589,0.0187028329819,40.8722381592,2.42015719414,16.7417469025,-5.93122434616,25.0596389771,8.26366615295,79.2429275513,8.31999111176],[-286.112213135,70.5739364624,-53.2576026917,-7.52134132385,-21.5374031067,-7.26778125763,-20.1417179108,-10.0097522736,11.1697378159,-15.1210775375,19.1476230621,8.31999111176,63.3872871399]],"icov":[[0.00025631027529,-0.000228949662414,0.000408546766266,-0.000547972333152,0.000170658808202,-0.000435043679317,0.000264757865807,-0.000843950954732,0.0007579648518,-0.00104761251714,0.000951167312451,-0.00121228361968,0.0011373431189],[-0.000228949662414,0.00159268523566,0.0000602499931119,-0.000403549289331,-0.00060389447026,0.00130327732768,-0.00109906936996,0.00108611071482,-0.00116736465134,0.00194602215197,-0.00157142127864,0.00284479022957,-0.00226619886234],[0.000408546766266,0.0000602499931119,0.00249432353303,-0.00161969987676,-0.00128596799914,0.000222823786316,-0.0000269876200036,-0.000686199113261,0.0000766015073168,-0.000623776693828,0.00162208545953,-0.00220353063196,0.00278912018985],[-0.000547972333152,-0.000403549289331,-0.00161969987676,0.0054333275184,-0.000226099742576,-0.000664279563352,-0.000106369414425,0.00087348226225,-0.00212195259519,0.00273013440892,-0.00213490915485,0.00178682780825,-0.00135354010854],[0.000170658808202,-0.00060389447026,-0.00128596799914,-0.000226099742576,0.00623951014131,-0.000392778863898,-0.00323376199231,-0.000488006247906,0.00158429832663,-0.00318652484566,0.000372334441636,-0.000611027062405,0.000234164413996],[-0.000435043679317,0.00130327732768,0.000222823786316,-0.000664279563352,-0.000392778863898,0.0074950880371,-0.00298842787743,0.000145011668792,-0.000478157977341,0.000405694765504,-0.0011253755074,0.00111469591502,-0.00313242292032],[0.000264757865807,-0.00109906936996,-0.0000269876200036,-0.000106369414425,-0.00323376199231,-0.00298842787743,0.00933666154742,-0.00276884832419,-0.000600372324698,-0.000376629875973,0.0010401943,-0.00191006087698,0.00342401466332],[-0.000843950954732,0.00108611071482,-0.000686199113261,0.00087348226225,-0.000488006247906,0.000145011668792,-0.00276884832419,0.0159482248127,-0.00890397746116,0.00138124066871,-0.00209133024327,0.00239670323208,-0.00178639928345],[0.0007579648518,-0.00116736465134,0.0000766015073168,-0.00212195259519,0.00158429832663,-0.000478157977341,-0.000600372324698,-0.00890397746116,0.0164704620838,-0.00505643803626,0.000854815007187,-0.00122721272055,-0.000785508193076],[-0.00104761251714,0.00194602215197,-0.000623776693828,0.00273013440892,-0.00318652484566,0.000405694765504,-0.000376629875973,0.00138124066871,-0.00505643803626,0.0208301991224,-0.00550176529214,0.00230865506455,-0.000814184604678],[0.000951167312451,-0.00157142127864,0.00162208545953,-0.00213490915485,0.000372334441636,-0.0011253755074,0.0010401943,-0.00209133024327,0.000854815007187,-0.00550176529214,0.0166221633554,-0.00694746337831,0.0015778868692],[-0.00121228361968,0.00284479022957,-0.00220353063196,0.00178682780825,-0.000611027062405,0.00111469591502,-0.00191006087698,0.00239670323208,-0.00122721272055,0.00230865506455,-0.00694746337831,0.024072598666,-0.010880921036],[0.0011373431189,-0.00226619886234,0.00278912018985,-0.00135354010854,0.000234164413996,-0.00313242292032,0.00342401466332,-0.00178639928345,-0.000785508193076,-0.000814184604678,0.0015778868692,-0.010880921036,0.0270376671106]],"mean":[19.6934528351,70.178604126,-133.958602905,36.7141036987,-53.2713470459,17.1194725037,-31.4848442078,5.61429214478,-19.2573566437,-1.41077017784,-15.4515810013,-2.15700888634,-8.78092861176]},"hfc":{"dmean":5.57505989075,"dmean2":8.78436279297,"dvar":52.6514892578,"dvar2":127.081451416,"max":105.40801239,"mean":31.2238922119,"median":30.2374515533,"min":0.00000430680529462,"var":392.825439453},"melbands":{"dmean":[0.00097085419111,0.00131391827017,0.000472640153021,0.000302218453726,0.000155377492774,0.000193884698092,0.000106084771687,0.0000970708133536,0.000116370887554,0.000113252572191,0.0000794571096776,0.0000894171753316,0.0000912322720978,0.0000874223624123,0.0000454838991573,0.0000490526545036,0.0000472722640552,0.00004831856495,0.0000365120249626,0.0000312565643981,0.0000325199616782,0.0000217295273615,0.0000197971185116,0.0000148576809806,0.0000106239313027,0.0000120031290862,0.00000913678832148,0.00000712045266482,0.00000564312676943,0.00000439477116743,0.00000379937273465,0.00000383900987799,0.00000326658800986,0.00000255249096881,0.00000148733590777,0.00000104617015495,8.7245348368e-7,7.49715525217e-7,5.77427272219e-7,2.97306399943e-7],"dmean2":[0.00169520580675,0.00233892421238,0.000796499545686,0.000486608070787,0.000249604636338,0.000314087345032,0.000176266112248,0.000156796304509,0.000184450953384,0.000178925736691,0.000127963066916,0.000143531928188,0.000148295264808,0.000141332478961,0.0000739723764127,0.0000802366921562,0.0000773467763793,0.0000805210074759,0.0000605872737651,0.0000519385575899,0.0000544778595213,0.000035842131183,0.0000329908762069,0.0000252090849244,0.0000179239086719,0.0000203274721571,0.0000150660725922,0.0000118454181575,0.00000952183472691,0.00000723323410057,0.00000615550743532,0.00000624515450909,0.00000530778652319,0.00000415890008298,0.00000234495360019,0.00000163875120052,0.00000137344704854,0.00000117584136206,8.89627301603e-7,4.49534837799e-7],"dvar":[0.0000064868163463,0.000012780961697,7.99468182322e-7,7.15201224466e-7,8.46164169843e-8,1.59218544127e-7,6.21949922675e-8,4.17259862218e-8,4.36176357255e-8,5.08068822569e-8,2.92100086341e-8,2.89624004779e-8,3.16337605e-8,3.44422552701e-8,7.96521071322e-9,6.66551436268e-9,5.54637447081e-9,6.74339606377e-9,3.53911855377e-9,2.34734454096e-9,2.57327115172e-9,1.2761665058e-9,1.09073494681e-9,5.00001096082e-10,1.92457064174e-10,3.48760270663e-10,2.48232379096e-10,1.09467011844e-10,6.93747073677e-11,3.91646437503e-11,2.84712184384e-11,3.38796664334e-11,2.77826026074e-11,1.65606816455e-11,6.94950434005e-12,3.05549249097e-12,2.53996281473e-12,1.67400197437e-12,6.98153232274e-13,1.74465503893e-13],"dvar2":[0.0000178783120646,0.0000366510321328,0.0000021427995307,0.00000178912955562,2.05692330724e-7,4.05361731737e-7,1.61441732871e-7,1.03970080545e-7,1.03441372801e-7,1.2350122347e-7,7.32468379283e-8,7.45028287952e-8,8.12580012166e-8,8.75476970918e-8,1.99076310992e-8,1.65489808523e-8,1.4058506359e-8,1.8160212889e-8,9.13534137226e-9,6.31248031624e-9,6.84642254001e-9,3.2291298524e-9,2.82703216392e-9,1.34346933578e-9,5.20590903719e-10,9.40071687161e-10,6.30098417886e-10,2.87966123169e-10,1.8918518141e-10,1.03127624496e-10,7.10923264702e-11,8.53191337025e-11,6.8536822051e-11,4.12925041382e-11,1.57164958131e-11,6.79848104895e-12,6.01357982508e-12,3.99339936119e-12,1.62077708026e-12,4.02798372998e-13],"max":[0.0231771189719,0.033491589129,0.00740489736199,0.0106848161668,0.00560391927138,0.0062242243439,0.0049364301376,0.00549115007743,0.00404544034973,0.00543372379616,0.00339613063261,0.00328472605906,0.00326124439016,0.00458790222183,0.0018878497649,0.00160253164358,0.00157071335707,0.00154875335284,0.0013435796136,0.00112426490523,0.0013845290523,0.000803903152701,0.000694813614246,0.000482988951262,0.000208717930946,0.00041923095705,0.000547354866285,0.000193593936274,0.00015836377861,0.000172632426256,0.000106239967863,0.000107010549982,0.000104043530882,0.000092371032224,0.0000650687361485,0.0000416790171585,0.0000528581040271,0.0000306278998323,0.0000181953091669,0.00000858169460116],"mean":[0.0012191478163,0.00211276509799,0.00076202605851,0.000393910158891,0.000274980993709,0.000301874388242,0.000159415052622,0.000154858280439,0.000201085960725,0.000182386895176,0.000139898838825,0.000161893287441,0.000160461830092,0.000160131981829,0.0000842234076117,0.0000892651150934,0.0000897409554454,0.0000906886125449,0.0000742915872252,0.0000630983704468,0.0000669303772156,0.0000475495544379,0.0000391801368096,0.0000292383938358,0.0000239744513237,0.0000260905108007,0.0000210294310818,0.0000166184581758,0.0000132667137223,0.0000108755029942,0.00000901136081666,0.00000897377594811,0.00000759542490414,0.00000574582190893,0.000003642092679,0.00000258934028352,0.00000210568146031,0.00000186945067071,0.0000014658425016,7.99575957444e-7],"median":[0.000546201248653,0.00147674162872,0.000482313829707,0.000123047560919,0.000141604265082,0.000128804414999,0.0000769762191339,0.0000665860570734,0.0000914139818633,0.0000723279517842,0.0000724752026144,0.0000864413304953,0.0000700023010722,0.0000716290451237,0.0000436607224401,0.0000546992014279,0.0000573578145122,0.0000542297384527,0.0000491987702844,0.0000479764676129,0.0000465335979243,0.0000351614144165,0.0000277087383438,0.000021488594939,0.0000196024611796,0.0000196644978132,0.0000158101338457,0.0000129121608552,0.0000102178673842,0.00000851611093822,0.00000682278732711,0.00000687208785166,0.00000555034330318,0.00000415905014961,0.00000272066017715,0.00000196612404579,0.00000151022788941,0.00000139026224133,0.0000011215727227,5.87572344557e-7],"min":[1.4707652456e-16,1.1006244208e-16,1.27348439004e-16,4.87066179286e-17,1.24417043262e-16,2.27408573412e-16,7.28074912223e-17,1.56850953899e-16,1.02976270322e-16,1.59393693867e-16,1.49261141645e-16,6.40502888959e-17,8.77779912367e-17,1.80008053819e-16,1.22593765139e-16,1.77476484098e-16,1.12874670874e-16,1.32360028551e-16,1.16728723723e-16,1.07469091893e-16,9.30840769336e-17,6.04832611014e-17,3.31444654005e-17,2.68305362279e-17,1.50060638177e-17,2.26303016745e-17,2.9114371973e-17,4.02355638458e-17,5.96486954204e-17,6.10049142829e-17,9.0197071012e-17,1.05289219516e-16,2.86287448233e-16,2.81685332942e-16,5.7160033212e-16,1.28614827376e-15,1.06916045553e-15,8.94323008458e-16,8.660296728e-16,1.25206896192e-15],"var":[0.00000562737432119,0.00000964391529124,8.63183061028e-7,7.72278553995e-7,1.56805981533e-7,2.37023400018e-7,8.21462720069e-8,7.89533274315e-8,1.04498894871e-7,1.01609700209e-7,5.44067582098e-8,6.16719475488e-8,6.59405117176e-8,7.43720747209e-8,1.81815345002e-8,1.3233641738e-8,1.18762191192e-8,1.36862254863e-8,7.3563897196e-9,4.30061897205e-9,6.19778361965e-9,2.97157498608e-9,2.25111862484e-9,1.00531705183e-9,4.50950388142e-10,7.81447295761e-10,5.40874345312e-10,2.79315792717e-10,1.72776737362e-10,1.06461610361e-10,7.90531806683e-11,8.45638420399e-11,6.74991729177e-11,4.03296632201e-11,1.77889265818e-11,8.47765954659e-12,6.23427438146e-12,4.39145247944e-12,2.2492153539e-12,6.43102541706e-13]},"melbands_crest":{"dmean":2.78594779968,"dmean2":4.52238893509,"dvar":8.28703212738,"dvar2":20.4570636749,"max":31.5307693481,"mean":13.3104143143,"median":12.4828205109,"min":2.74790787697,"var":29.9005279541},"melbands_flatness_db":{"dmean":0.020808622241,"dmean2":0.0326692983508,"dvar":0.000721712538507,"dvar2":0.00176384032238,"max":0.597110152245,"mean":0.145980224013,"median":0.121731616557,"min":0.0130910277367,"var":0.00678705982864},"melbands_kurtosis":{"dmean":4.67575502396,"dmean2":7.84132194519,"dvar":186.814315796,"dvar2":501.026519775,"max":394.6796875,"mean":9.14888572693,"median":2.44420194626,"min":-1.61491775513,"var":590.49987793},"melbands_skewness":{"dmean":0.593026161194,"dmean2":0.950616061687,"dvar":0.879435062408,"dvar2":2.22591137886,"max":14.8672590256,"mean":1.9581246376,"median":1.61256706715,"min":-3.2583463192,"var":2.83570122719},"melbands_spread":{"dmean":8.17219924927,"dmean2":12.7763786316,"dvar":84.2968215942,"dvar2":199.347061157,"max":201.401351929,"mean":38.7807655334,"median":40.2357063293,"min":0.390710324049,"var":353.708953857},"mfcc":{"cov":[[10626.8828125,-745.84942627,-531.225158691,-98.3614807129,-105.17578125,434.499847412,154.481658936,330.909515381,248.437591553,223.420684814,212.862548828,149.994262695,215.514358521],[-745.84942627,1055.35742188,60.7061767578,229.353271484,87.4791793823,-13.4902858734,78.6259613037,47.9677200317,49.3739471436,60.4698753357,18.1308994293,31.7614631653,5.14818906784],[-531.225158691,60.7061767578,486.036560059,221.655212402,112.365814209,49.5188407898,33.5321083069,65.4160003662,22.4262065887,32.2804756165,9.66735649109,11.9700708389,-0.231971278787],[-98.3614807129,229.353271484,221.655212402,346.090484619,119.562019348,54.2020797729,79.3255310059,82.4522781372,49.4214363098,61.1966209412,20.0417785645,40.6092987061,27.8865013123],[-105.17578125,87.4791793823,112.365814209,119.562019348,166.670532227,48.1669425964,52.3790359497,34.7412376404,25.8124046326,41.6448326111,10.0856666565,17.7068481445,17.9461612701],[434.499847412,-13.4902858734,49.5188407898,54.2020797729,48.1669425964,189.603500366,101.348609924,65.3368225098,50.5742874146,32.7342910767,31.594701767,3.09906101227,21.6044845581],[154.481658936,78.6259613037,33.5321083069,79.3255310059,52.3790359497,101.348609924,174.649154663,67.3577957153,44.2978210449,46.5650253296,35.58751297,24.7536506653,24.0585479736],[330.909515381,47.9677200317,65.4160003662,82.4522781372,34.7412376404,65.3368225098,67.3577957153,141.479293823,69.6742095947,53.0709075928,34.0955467224,26.0411949158,30.3681812286],[248.437591553,49.3739471436,22.4262065887,49.4214363098,25.8124046326,50.5742874146,44.2978210449,69.6742095947,120.038909912,62.7875289917,34.5606155396,17.4081630707,17.2611103058],[223.420684814,60.4698753357,32.2804756165,61.1966209412,41.6448326111,32.7342910767,46.5650253296,53.0709075928,62.7875289917,103.040283203,45.5589141846,27.8764286041,21.3183403015],[212.862548828,18.1308994293,9.66735649109,20.0417785645,10.0856666565,31.594701767,35.58751297,34.0955467224,34.5606155396,45.5589141846,75.4720001221,27.1616001129,13.3013944626],[149.994262695,31.7614631653,11.9700708389,40.6092987061,17.7068481445,3.09906101227,24.7536506653,26.0411949158,17.4081630707,27.8764286041,27.1616001129,70.3920898438,29.9618358612],[215.514358521,5.14818906784,-0.231971278787,27.8865013123,17.9461612701,21.6044845581,24.0585479736,30.3681812286,17.2611103058,21.3183403015,13.3013944626,29.9618358612,63.436340332]],"icov":[[0.000142508579302,0.000104848375486,0.000219924768317,-0.000073691837315,0.000112573223305,-0.000329812552081,0.000178442001925,-0.000232245540246,0.00000480911694467,-0.000176895249751,-0.000100736644526,-0.000149812345626,-0.000185457029147],[0.000104848375486,0.00127073074691,0.000444797973614,-0.00093591096811,-0.000113030619104,0.000333876349032,-0.00031693719211,-0.000119186202937,-0.000229337805649,-0.000268824980594,-0.0000805788949947,-0.0000777372115408,0.000255601364188],[0.000219924768317,0.000444797973614,0.00360181415454,-0.00211353809573,-0.000945166510064,-0.00080222444376,0.000959777273238,-0.00127804430667,0.000509006727953,-0.0000791408820078,-0.00039141162415,0.0000147502405525,0.000910647562705],[-0.000073691837315,-0.00093591096811,-0.00211353809573,0.00613063480705,-0.00179430376738,0.000163131873705,-0.000839269836433,-0.000938357785344,-0.000116799070383,-0.000675925926771,0.00113291863818,-0.00146299961489,-0.000444501754828],[0.000112573223305,-0.000113030619104,-0.000945166510064,-0.00179430376738,0.00923806149513,-0.00148491363507,-0.000739270937629,0.000814518250991,0.000376984535251,-0.00270557077602,0.00147995201405,-0.000411163084209,-0.00111471361015],[-0.000329812552081,0.000333876349032,-0.00080222444376,0.000163131873705,-0.00148491363507,0.00996656529605,-0.00482515851036,-0.000770082580857,-0.00184138864279,0.00190693896729,-0.00176416232716,0.00336728687398,-0.0011171689257],[0.000178442001925,-0.00031693719211,0.000959777273238,-0.000839269836433,-0.000739270937629,-0.00482515851036,0.0103533864021,-0.00209205062129,0.000750861887354,-0.00128715613391,-0.00112543511204,-0.0016007120721,-0.0000604117958574],[-0.000232245540246,-0.000119186202937,-0.00127804430667,-0.000938357785344,0.000814518250991,-0.000770082580857,-0.00209205062129,0.0132449502125,-0.00465571135283,-0.00074438075535,-0.000554965925403,-0.000286353839329,-0.00254023936577],[0.00000480911694467,-0.000229337805649,0.000509006727953,-0.000116799070383,0.000376984535251,-0.00184138864279,0.000750861887354,-0.00465571135283,0.0149481426924,-0.0065126796253,-0.000690489192493,0.000416675553424,0.000589176313952],[-0.000176895249751,-0.000268824980594,-0.0000791408820078,-0.000675925926771,-0.00270557077602,0.00190693896729,-0.00128715613391,-0.00074438075535,-0.0065126796253,0.0197002626956,-0.00719679147005,-0.000709288811777,-0.00112419482321],[-0.000100736644526,-0.0000805788949947,-0.00039141162415,0.00113291863818,0.00147995201405,-0.00176416232716,-0.00112543511204,-0.000554965925403,-0.000690489192493,-0.00719679147005,0.0211004260927,-0.00586377456784,0.00167556526139],[-0.000149812345626,-0.0000777372115408,0.0000147502405525,-0.00146299961489,-0.000411163084209,0.00336728687398,-0.0016007120721,-0.000286353839329,0.000416675553424,-0.000709288811777,-0.00586377456784,0.0219267178327,-0.00812963582575],[-0.000185457029147,0.000255601364188,0.000910647562705,-0.000444501754828,-0.00111471361015,-0.0011171689257,-0.0000604117958574,-0.00254023936577,0.000589176313952,-0.00112419482321,0.00167556526139,-0.00812963582575,0.0222125630826]],"mean":[-608.394348145,95.22315979,-16.1345329285,19.8853263855,2.59418129921,10.0436191559,0.79008024931,5.8962059021,2.39965295792,2.16176629066,-2.08329749107,-1.30516028404,-0.038229547441]},"pitch_salience":{"dmean":0.0612973347306,"dmean2":0.100664280355,"dvar":0.00405123922974,"dvar2":0.0107460347936,"max":0.900668084621,"mean":0.569059371948,"median":0.583245992661,"min":0.107951968908,"var":0.0131151964888},"silence_rate_20dB":{"dmean":0,"dmean2":0,"dvar":0,"dvar2":0,"max":1,"mean":1,"median":1,"min":1,"var":0},"silence_rate_30dB":{"dmean":0,"dmean2":0,"dvar":0,"dvar2":0,"max":1,"mean":1,"median":1,"min":1,"var":0},"silence_rate_60dB":{"dmean":0.00920988805592,"dmean2":0.0184220094234,"dvar":0.00912481546402,"dvar2":0.0197784174234,"max":1,"mean":0.0548891313374,"median":0,"min":0,"var":0.0518752522767},"spectral_centroid":{"dmean":221.84437561,"dmean2":341.191864014,"dvar":64596.2539062,"dvar2":136917.953125,"max":12200.9511719,"mean":1974.17138672,"median":2041.53601074,"min":159.040054321,"var":865143.375},"spectral_complexity":{"dmean":3.63911771774,"dmean2":5.77554225922,"dvar":12.6157846451,"dvar2":27.6422595978,"max":62,"mean":31.818611145,"median":35,"min":0,"var":216.573684692},"spectral_contrast_coeffs":{"dmean":[0.0471509322524,0.0451276935637,0.0364606268704,0.0284190941602,0.0200314763933,0.0172208081931],"dmean2":[0.0774970054626,0.0738913044333,0.0589882917702,0.0469001084566,0.0333606861532,0.0276031997055],"dvar":[0.00172141799703,0.00144741358235,0.000882581109181,0.00051550695207,0.000274463294772,0.000247889343882],"dvar2":[0.0044466922991,0.00376649410464,0.00228984584101,0.00134088168852,0.000701523909811,0.000569586234633],"max":[-0.31116181612,-0.461250662804,-0.444086700678,-0.529988884926,-0.562799751759,-0.557269096375],"mean":[-0.646994709969,-0.740434408188,-0.769714653492,-0.783982515335,-0.792870104313,-0.735753536224],"median":[-0.653357625008,-0.749066889286,-0.773072481155,-0.786368787289,-0.795166611671,-0.731111526489],"min":[-0.951442658901,-0.97429394722,-0.967259049416,-0.962992012501,-0.966380894184,-0.957727253437],"var":[0.00585754076019,0.00506787886843,0.00328090903349,0.00208100746386,0.00138509122189,0.00155303161591]},"spectral_contrast_valleys":{"dmean":[0.378242015839,0.335462450981,0.262745857239,0.226127773523,0.192501544952,0.212023377419],"dmean2":[0.621818721294,0.552481532097,0.427451789379,0.364953637123,0.298562824726,0.29130718112],"dvar":[0.121030464768,0.103977672756,0.0628931894898,0.0568961538374,0.0606998503208,0.0875977128744],"dvar2":[0.279578149319,0.239866405725,0.129472151399,0.105046205223,0.0996892303228,0.135481014848],"max":[-5.31266641617,-4.7710146904,-5.31540155411,-5.54747104645,-5.32187509537,-7.95531988144],"mean":[-7.59812784195,-6.87360239029,-6.99523067474,-7.16776275635,-6.99314403534,-9.78490447998],"median":[-7.12165260315,-6.6203546524,-6.67688369751,-6.80440998077,-6.53885173798,-9.31615066528],"min":[-27.4466972351,-26.9088630676,-27.2059001923,-27.1406078339,-27.2449836731,-27.3261909485],"var":[2.78978395462,1.96284222603,2.09430456161,2.19763803482,2.26343178749,2.18515014648]},"spectral_decrease":{"dmean":2.08442707539e-9,"dmean2":3.50831541596e-9,"dvar":1.56111596707e-17,"dvar2":4.2204035328e-17,"max":1.87702352881e-15,"mean":-6.56737197957e-9,"median":-6.36141983534e-9,"min":-3.58396405886e-8,"var":2.02609023669e-17},"spectral_energy":{"dmean":0.00816745497286,"dmean2":0.013673174195,"dvar":0.000227499040193,"dvar2":0.000612969393842,"max":0.137028932571,"mean":0.0276189055294,"median":0.0271285288036,"min":2.15223172617e-10,"var":0.000326920824591},"spectral_energyband_high":{"dmean":0.000444313889602,"dmean2":0.000687303196173,"dvar":3.86749917425e-7,"dvar2":9.06978925741e-7,"max":0.0112093230709,"mean":0.00166436727159,"median":0.00148333050311,"min":9.05947816765e-11,"var":0.00000181718985459},"spectral_energyband_low":{"dmean":0.0057439301163,"dmean2":0.0101305767894,"dvar":0.000225953801419,"dvar2":0.000627201516181,"max":0.129178583622,"mean":0.00947472825646,"median":0.00671981135383,"min":1.65266737097e-15,"var":0.000186899982509},"spectral_energyband_middle_high":{"dmean":0.0021459700074,"dmean2":0.00343836285174,"dvar":0.00000683723737893,"dvar2":0.0000173590360646,"max":0.0406031124294,"mean":0.00951200444251,"median":0.00822110101581,"min":1.69638998351e-14,"var":0.0000479950285808},"spectral_energyband_middle_low":{"dmean":0.00324595300481,"dmean2":0.00512249255553,"dvar":0.0000302157313854,"dvar2":0.0000748979437049,"max":0.0646017715335,"mean":0.00777195580304,"median":0.00600630138069,"min":7.58434656224e-15,"var":0.0000499421475979},"spectral_entropy":{"dmean":0.0869474485517,"dmean2":0.127776935697,"dvar":0.0101247755811,"dvar2":0.0186099037528,"max":9.80015945435,"mean":7.86169624329,"median":7.98930454254,"min":4.38441801071,"var":0.219177782536},"spectral_flux":{"dmean":0.0214778576046,"dmean2":0.0331701859832,"dvar":0.000945378502365,"dvar2":0.00183455320075,"max":0.344597101212,"mean":0.0880778208375,"median":0.0862527564168,"min":0.0000446796038887,"var":0.00252578640357},"spectral_kurtosis":{"dmean":1.05678188801,"dmean2":1.76770234108,"dvar":3.25778841972,"dvar2":8.81212043762,"max":64.151260376,"mean":3.6517188549,"median":3.09933900833,"min":-1.26018047333,"var":9.6079788208},"spectral_rms":{"dmean":0.000657581840642,"dmean2":0.00106662360486,"dvar":0.00000103161823972,"dvar2":0.00000266948518401,"max":0.0115622989833,"mean":0.00487305503339,"median":0.00514459516853,"min":4.58229010292e-7,"var":0.00000319863465847},"spectral_rolloff":{"dmean":491.698730469,"dmean2":805.684204102,"dvar":494931.875,"dvar2":1103487.25,"max":21877.734375,"mean":2396.08496094,"median":2282.51953125,"min":86.1328125,"var":4397981},"spectral_skewness":{"dmean":0.151596784592,"dmean2":0.244895637035,"dvar":0.0317101888359,"dvar2":0.0768616199493,"max":6.36972236633,"mean":1.31339097023,"median":1.26061010361,"min":-0.197799429297,"var":0.179742440581},"spectral_spread":{"dmean":341067.09375,"dmean2":491692.875,"dvar":265234825216,"dvar2":375269392384,"max":42094944,"mean":4470325.5,"median":4293554,"min":1186089.25,"var":7069064757250},"spectral_strongpeak":{"dmean":0.529336333275,"dmean2":0.923051416874,"dvar":0.84269118309,"dvar2":2.16925668716,"max":11.3637809753,"mean":0.860229074955,"median":0.426113605499,"min":0,"var":1.07876777649},"zerocrossingrate":{"dmean":0.00901361741126,"dmean2":0.011040860787,"dvar":0.00013167670113,"dvar2":0.000179095615749,"max":0.90283203125,"mean":0.084403373301,"median":0.08154296875,"min":0.0029296875,"var":0.00529209710658}},"metadata":{"audio_properties":{"analysis_sample_rate":44100,"bit_rate":0,"codec":"flac","downmix":"mix","equal_loudness":0,"length":191.600006104,"lossless":true,"md5_encoded":"34d60772af9e99a5524c7a71ac9a427a","replay_gain":-16.6596889496,"sample_rate":44100},"tags":{"album":["Thank You, Happy Birthday"],"albumartist":["Cage the Elephant"],"albumartistsort":["Cage the Elephant"],"artist":["Cage the Elephant"],"artistsort":["Cage the Elephant"],"asin":["B0049JPUCQ"],"barcode":["886978142122"],"catalognumber":["88697-81421-2"],"date":["2011-01-11"],"discnumber":["1"],"disctotal":["1"],"file_name":"09. Around My Head.flac","genre":["Indie Rock"],"isrc":["USJI11000271"],"label":["Jive Records"],"language":["eng"],"media":["CD"],"musicbrainz_albumartistid":["b41b38d4-ef3e-4f37-8c75-cfe9af999696"],"musicbrainz_albumid":["fc6cb916-d58c-4f95-9db4-a361a2954087"],"musicbrainz_artistid":["b41b38d4-ef3e-4f37-8c75-cfe9af999696"],"musicbrainz_recordingid":["6db564ce-6ad6-4425-85c0-fdd854f9ad3f"],"musicbrainz_releasegroupid":["4eb84fe2-4a42-473b-9f50-4b670030a0ea"],"musicip_puid":["493d40b9-a087-7d6d-decd-023d931c0e72"],"originaldate":["2011-01-11"],"releasecountry":["US"],"releasestatus":["official"],"releasetype":["album"],"script":["Latn"],"title":["Around My Head"],"totaldiscs":["1"],"totaltracks":["12"],"tracknumber":["9"],"tracktotal":["12"]},"version":{"essentia":"2.1-beta2","essentia_build_sha":"70f2e5ece6736b2c40cc944ad0e695b16b925413","essentia_git_sha":"v2.1_beta2","extractor":"music 1.0"}},"rhythm":{"beats_count":352,"beats_loudness":{"dmean":0.010710708797,"dmean2":0.018972709775,"dvar":0.000112700057798,"dvar2":0.000339117570547,"max":0.0985847115517,"mean":0.0348914414644,"median":0.0370171442628,"min":5.48430323377e-9,"var":0.000294524856145},"beats_loudness_band_ratio":{"dmean":[0.186980009079,0.164430290461,0.0839287638664,0.0985601469874,0.0743024349213,0.0495534390211],"dmean2":[0.338467657566,0.311761677265,0.146740302444,0.175