{"lowlevel":{"average_loudness":0.932495296001,"barkbands":{"dmean":[0.0000604399101576,0.00218382873572,0.00141802197322,0.000823598355055,0.0010476160096,0.00031040905742,0.000115434857435,0.000105668812466,0.000195033630007,0.000209804755286,0.00019565486582,0.00016947221593,0.000368985172827,0.000388003885746,0.000297666556435,0.000253192469245,0.000397381256334,0.00031809398206,0.000385488121537,0.000400024378905,0.000389645050745,0.000283219560515,0.000382177880965,0.000275582191534,0.000602239510044,0.000129757710965,0.0000323025196849],"dmean2":[0.0000894250842975,0.0031705123838,0.00247810059227,0.00148712727241,0.00183995265979,0.000556748826057,0.000192369479919,0.000180734903552,0.000322178937495,0.000331549323164,0.000313220632961,0.000257282837993,0.000592261611018,0.000604068569373,0.00045644378406,0.000377513264539,0.00065136316698,0.000487425655592,0.000591947115026,0.000593420933001,0.000589683302678,0.000414804671891,0.000591136515141,0.00041165962466,0.000898447528016,0.000186070552445,0.0000476936438645],"dvar":[6.31715257882e-9,0.0000171203482751,0.0000127578814499,0.00000508187486048,0.00000685161376168,8.0689500237e-7,7.53875966097e-8,7.82727553883e-8,2.14091954831e-7,2.4177626301e-7,1.48023886481e-7,1.57786175237e-7,0.00000237925223701,0.00000150968514845,3.87520884715e-7,2.69908895234e-7,8.90742910542e-7,3.96880125209e-7,5.51821528916e-7,4.45782831093e-7,3.85393775559e-7,1.93917671254e-7,3.59406868711e-7,1.70372899788e-7,0.00000108203801119,3.9713221156e-8,3.53017060029e-9],"dvar2":[1.55630175414e-8,0.0000414662681578,0.0000349521142198,0.0000140915881275,0.0000187687328435,0.00000228539556701,2.03499610052e-7,2.16601634406e-7,5.55452345452e-7,6.0092639842e-7,3.46947956587e-7,3.54249692691e-7,0.00000608222580922,0.00000356565783477,8.65699348651e-7,5.66077233088e-7,0.00000237896279032,8.61672504016e-7,0.00000118873379051,9.27005714857e-7,8.15958799194e-7,4.2718895088e-7,8.59256601871e-7,3.99957798436e-7,0.00000253165944741,7.71624399931e-8,6.51277476393e-9],"max":[0.00117481278721,0.0497517846525,0.0458875596523,0.0277979411185,0.0237765479833,0.0126330209896,0.00444344105199,0.00471490528435,0.00635341182351,0.00906778685749,0.00565998954698,0.0101471263915,0.0604320764542,0.0356847755611,0.00862193852663,0.00678982352838,0.0114171234891,0.00788402091712,0.00969635136425,0.0100633054972,0.00640266342089,0.00545275583863,0.00565007934347,0.00472912238911,0.00719373300672,0.0019405799685,0.000682507466991],"mean":[0.000129049527459,0.00372060062364,0.00148361793254,0.000605913810432,0.000845853646751,0.000263428606559,0.000152524968144,0.000114430877147,0.000208963945624,0.000261865294306,0.000249629491009,0.000237109779846,0.000413288158597,0.000443700933829,0.000403647660278,0.000365075771697,0.00046891378588,0.00041239746497,0.000579915125854,0.000594274140894,0.000520646222867,0.000419146119384,0.000471663370263,0.000396739458665,0.000638091238216,0.000170791710843,0.0000357119824912],"median":[0.0000874282122822,0.00210034335032,0.000407720654039,0.0000525672985532,0.000121804085211,0.000056229189795,0.0000416897091782,0.0000331507399096,0.000061946506321,0.0000591522330069,0.0000661442463752,0.0000657975469949,0.0000688024156261,0.000087574509962,0.0000926012435229,0.000114627138828,0.000141030614031,0.0001418874308,0.000201289803954,0.00028724168078,0.000245241826633,0.000247922085691,0.000232592952671,0.000224194649491,0.000217700930079,0.0000817561085569,0.00000761912815506],"min":[4.60042725807e-25,2.18605860282e-24,1.84004014953e-24,7.263167093e-25,3.79100084766e-24,1.20003390503e-23,9.01394201047e-24,1.11796436632e-23,2.48925831726e-23,2.08262907739e-23,2.24573742914e-23,3.55256124928e-23,2.32271652731e-23,3.15272015749e-23,6.52959671893e-23,7.43841938646e-23,5.93745121774e-23,1.03284712662e-22,9.63514015439e-23,1.42578997689e-22,2.98289285653e-22,3.25723217364e-22,4.48648092698e-22,5.94822932963e-22,9.44921270723e-22,1.30945084056e-21,1.96324714677e-21],"var":[1.81894428408e-8,0.0000262174235104,0.00000974062550085,0.00000332589274876,0.00000474704756925,5.06463436523e-7,8.17826730781e-8,6.16144717469e-8,2.06689293236e-7,3.54643418632e-7,2.18249596173e-7,2.47585489888e-7,0.00000264464847533,0.00000186372710687,6.27928955055e-7,4.37751367599e-7,8.17179738988e-7,5.23940286712e-7,8.86789166543e-7,7.03986188455e-7,5.42519103419e-7,2.69709914846e-7,4.07699843663e-7,2.31685163499e-7,0.00000117165598112,5.86741180086e-8,4.83813122898e-9]},"barkbands_crest":{"dmean":2.87093234062,"dmean2":4.2697520256,"dvar":8.84830188751,"dvar2":17.6114940643,"max":26.5684280396,"mean":9.9161605835,"median":8.24071502686,"min":1.85915482044,"var":32.9261703491},"barkbands_flatness_db":{"dmean":0.0233654100448,"dmean2":0.0334426239133,"dvar":0.000693745852914,"dvar2":0.00127120793331,"max":0.636867642403,"mean":0.0986854061484,"median":0.0796576142311,"min":0.0130847888067,"var":0.00506473053247},"barkbands_kurtosis":{"dmean":6.21306562424,"dmean2":9.21670055389,"dvar":1949.56030273,"dvar2":5747.04638672,"max":2338.96069336,"mean":8.44745922089,"median":-0.87068772316,"min":-1.92755305767,"var":3762.88330078},"barkbands_skewness":{"dmean":0.757046461105,"dmean2":1.05660271645,"dvar":1.43751609325,"dvar2":3.00544643402,"max":39.897026062,"mean":0.780951559544,"median":0.319636106491,"min":-4.8737745285,"var":6.75259160995},"barkbands_spread":{"dmean":11.6781835556,"dmean2":17.3394508362,"dvar":152.113082886,"dvar2":326.090942383,"max":115.165992737,"mean":51.73960495,"median":55.033996582,"min":0.0394967533648,"var":573.959411621},"dissonance":{"dmean":0.00862142443657,"dmean2":0.0145808216184,"dvar":0.000142262026202,"dvar2":0.000373978051357,"max":0.500000119209,"mean":0.487794727087,"median":0.49169844389,"min":0.304523438215,"var":0.00018081338203},"dynamic_complexity":4.34763813019,"erbbands":{"dmean":[0.0603658258915,0.531665205956,1.397392869,2.39453721046,3.14627790451,3.35462594032,3.36099410057,2.29400086403,1.60114121437,2.11053371429,2.40264773369,4.44404745102,5.73566055298,8.26733779907,6.86654090881,7.14877605438,14.6268320084,22.7146205902,15.2251634598,14.2557659149,13.2261142731,19.9959850311,19.3827362061,19.7038803101,19.9105358124,18.7833576202,13.9079437256,16.8271102905,11.1959228516,8.92135715485,12.5808019638,5.6968588829,5.15342330933,4.0987663269,5.98533773422,1.09911215305,0.204789951444,0.0426314175129,0.00645481375977,0.000186115503311],"dmean2":[0.0801464989781,0.799296855927,2.30309534073,4.28180408478,5.64304256439,5.81343460083,5.97278785706,4.0589799881,2.66555333138,3.64796209335,4.00402498245,7.35430335999,9.54133892059,13.0189819336,10.4320955276,10.4624843597,23.0210380554,35.7321434021,23.001909256,21.1155452728,19.2654399872,32.2855262756,30.3098011017,30.3248786926,29.9456977844,27.9728851318,20.4765071869,25.580242157,16.6682071686,13.3426761627,19.8830089569,8.46342182159,7.80800533295,6.04322004318,9.09720230103,1.60335350037,0.288532346487,0.0617914311588,0.00945539772511,0.000272236997262],"dvar":[0.0103112049401,1.1155115366,10.9982776642,40.041229248,71.4722671509,71.0760116577,94.3291320801,43.1683692932,11.2185811996,45.16147995,39.5575828552,118.258750916,263.674346924,362.02331543,190.723129272,268.767272949,2766.77368164,5982.35888672,1108.73339844,834.368896484,623.437072754,2231.27416992,1496.29821777,1626.52612305,1261.83959961,998.504211426,580.520874023,684.723388672,308.575073242,191.057601929,435.490997314,78.1961288452,54.6876945496,37.262638092,132.231933594,2.95283579826,0.108813762665,0.00555112212896,0.000146534468513,1.20107557677e-7],"dvar2":[0.0234115626663,2.68971920013,28.7686290741,110.63596344,197.911529541,190.587768555,263.324890137,121.165122986,29.5283699036,128.280960083,103.339782715,311.208709717,729.656616211,852.891296387,424.660827637,600.458557129,6742.07568359,14659.0283203,2458.69335938,1853.70214844,1281.35766602,5853.17089844,3435.22241211,3618.44946289,2661.53662109,2119.52197266,1206.41748047,1493.2689209,689.847290039,444.024078369,1076.25695801,182.827056885,127.571548462,84.4046096802,314.807220459,6.49449586868,0.207273423672,0.00991121679544,0.000278062769212,2.32806215195e-7],"max":[1.19378316402,12.9593725204,38.5822601318,72.4953308105,77.8926925659,93.899772644,122.673370361,96.0507278442,54.7479972839,143.097091675,132.302764893,170.716201782,327.092681885,271.353851318,262.959350586,375.24017334,1392.7590332,2303.01953125,577.787353516,408.339324951,347.982910156,599.332336426,516.359313965,542.114013672,464.422698975,565.703125,317.551605225,304.786376953,222.147964478,168.298934937,204.611968994,112.519462585,79.7996673584,54.2306976318,78.2711868286,15.1435508728,3.46975374222,0.73890799284,0.143872201443,0.00374980387278],"mean":[0.115597747266,0.796015501022,1.76137197018,1.93555033207,2.42334675789,2.76655578613,2.66556358337,2.05614542961,2.06836867332,2.41862511635,2.76724624634,4.83236837387,7.21246910095,9.54435157776,10.4660768509,10.2630529404,17.610742569,25.9512825012,19.6465873718,21.3115406036,20.3067951202,24.6366939545,24.3653144836,25.9961891174,31.6301136017,28.4805850983,20.7306957245,21.0150947571,16.313331604,12.4314022064,14.7420301437,8.32349014282,6.93791866302,5.06722593307,5.81329250336,1.2701536417,0.27067643404,0.0537771806121,0.00705737899989,0.000213834500755],"median":[0.0669975429773,0.421585142612,0.711048722267,0.337220191956,0.289718091488,0.391911357641,0.454715251923,0.458291739225,0.596136510372,0.683475971222,0.865134835243,1.55203580856,1.69416427612,2.69847989082,3.32282853127,3.19951105118,3.65188908577,5.08990573883,4.99586200714,6.36928653717,6.87073898315,7.64937782288,8.41679477692,9.52965354919,12.6085090637,13.6952171326,9.89130210876,9.97187805176,9.73346614838,7.02384090424,6.90282726288,4.69133758545,3.94766545296,2.47369885445,1.36920332909,0.513563394547,0.117737799883,0.019999884069,0.00136215460952,0.0000572581047891],"min":[7.22853757838e-23,5.92248040481e-22,2.65486202538e-21,5.21846195695e-21,1.98076782573e-20,1.63105314953e-20,5.67535856103e-20,8.55296352327e-20,1.09838198689e-19,2.40274332004e-19,2.79033559816e-19,4.99877600176e-19,5.57285589049e-19,8.94473823336e-19,1.45797024631e-18,1.32758238674e-18,1.34197843133e-18,2.35146706595e-18,3.4244154462e-18,3.87724327163e-18,4.97193492146e-18,4.63619471854e-18,5.58150540796e-18,5.14990158948e-18,6.16568972146e-18,7.72532511794e-18,9.96931805447e-18,1.31027807852e-17,1.35894847587e-17,1.07228539499e-17,1.1993940211e-17,1.21463275594e-17,1.05866793416e-17,8.55029384954e-18,6.95389399714e-18,4.2735541885e-18,2.15713897221e-18,1.06015737625e-18,2.65317225049e-19,2.76315967773e-20],"var":[0.0225750338286,1.45152080059,10.0241851807,27.275850296,47.1455879211,51.9624900818,59.79296875,28.3729286194,13.3861646652,33.8684310913,36.1080589294,105.545967102,336.341430664,392.510009766,345.63180542,426.235076904,3476.41699219,7324.18652344,1621.84655762,1527.53930664,1114.82678223,2169.17675781,1824.20251465,2049.87768555,2407.81201172,1606.87756348,904.997192383,874.34387207,416.45211792,247.377166748,448.731658936,106.676948547,71.728843689,47.0889587402,132.653900146,3.70022845268,0.163156166673,0.00821149442345,0.000196222768864,1.57430335435e-7]},"erbbands_crest":{"dmean":2.2219786644,"dmean2":3.60320734978,"dvar":7.05329275131,"dvar2":16.8417701721,"max":32.2926979065,"mean":6.83877086639,"median":5.66920089722,"min":2.06027507782,"var":13.8905963898},"erbbands_flatness_db":{"dmean":0.0180959049612,"dmean2":0.027311284095,"dvar":0.000421633652877,"dvar2":0.000861407839693,"max":0.431304037571,"mean":0.122749127448,"median":0.113762781024,"min":0.0239167045802,"var":0.00160526612308},"erbbands_kurtosis":{"dmean":1.42700684071,"dmean2":2.20571708679,"dvar":9.4914150238,"dvar2":19.4996833801,"max":145.442047119,"mean":1.47296154499,"median":0.671047449112,"min":-1.91832435131,"var":21.022146225},"erbbands_skewness":{"dmean":0.396139711142,"dmean2":0.599462687969,"dvar":0.188231885433,"dvar2":0.414001464844,"max":9.33369541168,"mean":-0.557893872261,"median":-0.605312466621,"min":-3.73886942863,"var":0.710968792439},"erbbands_spread":{"dmean":11.1848459244,"dmean2":16.7483997345,"dvar":198.499816895,"dvar2":390.284423828,"max":192.923461914,"mean":42.0224494934,"median":36.7593841553,"min":0.828653514385,"var":656.245239258},"gfcc":{"cov":[[18436.0839844,729.520996094,-1574.30529785,-327.03125,-459.691589355,-22.505563736,-670.785827637,182.99382019,-383.063873291,16.2731056213,-414.092346191,75.5926818848,-111.520965576],[729.520996094,2135.2746582,-79.8974456787,66.1684341431,214.243026733,115.509552002,-29.5929374695,29.4477424622,45.0631370544,-56.9488296509,-16.4551868439,-79.936882019,-23.5418815613],[-1574.30529785,-79.8974456787,1067.44482422,394.585266113,141.093200684,107.148628235,155.125488281,-30.5406150818,56.1643409729,-2.72540044785,49.7576179504,5.74323177338,-25.5894603729],[-327.03125,66.1684341431,394.585266113,451.873596191,147.08164978,128.297668457,95.7515716553,57.8945159912,53.610874176,7.3222694397,37.5871086121,8.72954082489,-13.3726491928],[-459.691589355,214.243026733,141.093200684,147.08164978,349.465911865,208.996246338,125.089370728,38.1297492981,56.9788742065,3.2882630825,19.9210681915,-1.71961963177,-28.4864559174],[-22.505563736,115.509552002,107.148628235,128.297668457,208.996246338,353.837432861,154.910812378,89.0370101929,55.5412139893,47.0036735535,34.0945358276,14.3763074875,-10.0333795547],[-670.785827637,-29.5929374695,155.125488281,95.7515716553,125.089370728,154.910812378,218.824798584,71.8578567505,65.3457565308,11.6368894577,46.1887130737,13.3529109955,2.79102802277],[182.99382019,29.4477424622,-30.5406150818,57.8945159912,38.1297492981,89.0370101929,71.8578567505,162.278121948,72.0230331421,31.9863529205,12.013299942,29.1970329285,18.3497524261],[-383.063873291,45.0631370544,56.1643409729,53.610874176,56.9788742065,55.5412139893,65.3457565308,72.0230331421,124.827293396,55.1430053711,47.7654647827,10.5813798904,3.17308855057],[16.2731056213,-56.9488296509,-2.72540044785,7.3222694397,3.2882630825,47.0036735535,11.6368894577,31.9863529205,55.1430053711,104.559684753,49.3329429626,11.2485666275,-8.4914188385],[-414.092346191,-16.4551868439,49.7576179504,37.5871086121,19.9210681915,34.0945358276,46.1887130737,12.013299942,47.7654647827,49.3329429626,93.8601760864,33.5256767273,10.4250011444],[75.5926818848,-79.936882019,5.74323177338,8.72954082489,-1.71961963177,14.3763074875,13.3529109955,29.1970329285,10.5813798904,11.2485666275,33.5256767273,78.5199279785,34.2128982544],[-111.520965576,-23.5418815613,-25.5894603729,-13.3726491928,-28.4864559174,-10.0333795547,2.79102802277,18.3497524261,3.17308855057,-8.4914188385,10.4250011444,34.2128982544,70.6482849121]],"icov":[[0.0000930592868826,-0.0000472208666906,0.000111853201815,-0.0000943923660088,0.000138785908348,-0.000121880562801,0.000162171170814,-0.000131528577185,0.000227740776609,-0.0002168068022,0.000444271165179,-0.000417703704443,0.000320653285598],[-0.0000472208666906,0.000611208495684,-0.00000508338825966,0.0000590999770793,-0.000433605746366,-0.000183995638508,0.000557521125302,-0.000195810236619,-0.000467758043669,0.000917199242394,-0.000805583316833,0.00107095157728,-0.000302165048197],[0.000111853201815,-0.00000508338825966,0.00181265955325,-0.00157596648205,0.000373553979443,-0.0000992277200567,-0.000866752292495,0.00144836923573,-0.000535740109626,-0.000220665504457,0.00106028316077,-0.00108682678547,0.00069510837784],[-0.0000943923660088,0.0000590999770793,-0.00157596648205,0.00414904067293,-0.00106738426257,-0.000276945298538,0.000738695904147,-0.0019641474355,0.000170526371221,0.00118563463911,-0.00214172457345,0.001166333328,-0.0000174696360773],[0.000138785908348,-0.000433605746366,0.000373553979443,-0.00106738426257,0.00597454141825,-0.00291773956269,-0.0010268954793,0.00162325904239,-0.00205496605486,0.00130340678152,0.00163710187189,-0.00198495876975,0.00259009981528],[-0.000121880562801,-0.000183995638508,-0.0000992277200567,-0.000276945298538,-0.00291773956269,0.00660591525957,-0.00328370509669,-0.00152798369527,0.00229358416982,-0.00355947366916,0.000339792226441,0.000194689040654,-0.000729045656044],[0.000162171170814,0.000557521125302,-0.000866752292495,0.000738695904147,-0.0010268954793,-0.00328370509669,0.0106075285003,-0.00359458965249,-0.00153567397501,0.00444668950513,-0.00465310970321,0.00195378996432,0.000245713279583],[-0.000131528577185,-0.000195810236619,0.00144836923573,-0.0019641474355,0.00162325904239,-0.00152798369527,-0.00359458965249,0.0135004753247,-0.0072689014487,-0.00165791774634,0.00610325671732,-0.00478829210624,-0.00150161935017],[0.000227740776609,-0.000467758043669,-0.000535740109626,0.000170526371221,-0.00205496605486,0.00229358416982,-0.00153567397501,-0.0072689014487,0.0184210762382,-0.00702026300132,-0.00402886932716,0.00239327223971,-0.000747988524381],[-0.0002168068022,0.000917199242394,-0.000220665504457,0.00118563463911,0.00130340678152,-0.00355947366916,0.00444668950513,-0.00165791774634,-0.00702026300132,0.0202237907797,-0.0104791028425,0.00260248314589,0.00341495405883],[0.000444271165179,-0.000805583316833,0.00106028316077,-0.00214172457345,0.00163710187189,0.000339792226441,-0.00465310970321,0.00610325671732,-0.00402886932716,-0.0104791028425,0.0254673156887,-0.0116494921967,0.000523409165908],[-0.000417703704443,0.00107095157728,-0.00108682678547,0.001166333328,-0.00198495876975,0.000194689040654,0.00195378996432,-0.00478829210624,0.00239327223971,0.00260248314589,-0.0116494921967,0.0241101160645,-0.00983309466392],[0.000320653285598,-0.000302165048197,0.00069510837784,-0.0000174696360773,0.00259009981528,-0.000729045656044,0.000245713279583,-0.00150161935017,-0.000747988524381,0.00341495405883,0.000523409165908,-0.00983309466392,0.0212584026158]],"mean":[-23.3256263733,2.76782417297,-98.2787246704,50.8192405701,-45.6136398315,31.8002624512,-28.639383316,17.9322223663,-25.2759799957,10.0734405518,-14.9428844452,4.53915405273,-9.47766399384]},"hfc":{"dmean":22.3792381287,"dmean2":31.4997711182,"dvar":1127.41723633,"dvar2":2349.06982422,"max":299.833679199,"mean":32.8082809448,"median":18.7626247406,"min":1.11316500828e-16,"var":1696.67602539},"melbands":{"dmean":[0.000572871766053,0.000653533323202,0.000416835857322,0.000234980529058,0.000126308426843,0.0000517412736372,0.0000242649966822,0.0000227394957619,0.0000201625789487,0.0000295928784908,0.0000284666548396,0.0000334501200996,0.0000247123152803,0.0000195020365936,0.000022385011107,0.0000409741151088,0.0000436343798356,0.0000246039544436,0.0000221454920393,0.0000192373790924,0.0000159370229085,0.0000191214985534,0.0000242915539275,0.000015790676116,0.0000167080834217,0.0000144849846038,0.0000150004007082,0.0000124090020108,0.0000086746940724,0.00000924964206206,0.0000100362631201,0.00000661543163005,0.00000497997643834,0.0000049604996093,0.0000088905044322,0.00000402142813982,0.00000328416263073,0.00000344700833921,0.00000393504251406,0.0000030219623568],"dmean2":[0.000795233703684,0.00100166117772,0.000725602556486,0.0004134978808,0.00022203491244,0.000091885922302,0.0000403334124712,0.0000394894996134,0.0000335449985869,0.0000488522709929,0.0000475488159282,0.0000525262476003,0.000038457725168,0.0000291495416604,0.0000338914396707,0.0000661914091324,0.0000691405293765,0.0000381614663638,0.0000333137213602,0.0000288690443995,0.0000236442319874,0.0000307123991661,0.0000402209516324,0.0000244259244937,0.0000261374316324,0.000022230171453,0.0000226902884606,0.000018706665287,0.0000129391046357,0.0000142183425851,0.000015369761968,0.00000995038135443,0.00000768067275203,0.00000756111057854,0.000014321958588,0.00000609604376223,0.00000496321581522,0.0000052610248531,0.00000607975607636,0.00000443303133579],"dvar":[0.00000105926744709,0.00000187867181012,0.00000111510291845,3.58680495083e-7,1.26884742713e-7,2.18523954487e-8,2.65063038185e-9,5.13872056018e-9,3.08922909475e-9,4.94691354547e-9,6.62626931103e-9,6.05458794212e-9,2.31926655658e-9,2.06880668152e-9,4.92849894229e-9,3.06572580655e-8,2.16304520961e-8,3.38013550483e-9,2.30671393098e-9,1.67834168785e-9,8.85875262036e-10,1.68736336015e-9,3.74872577424e-9,1.00333397146e-9,1.21352472515e-9,7.90823961871e-10,6.41491026965e-10,4.61486349135e-10,2.45903797325e-10,2.23955007317e-10,2.44500919511e-10,1.09371033064e-10,6.40584599254e-11,6.34149677214e-11,2.3987090092e-10,3.73603162296e-11,2.85611343603e-11,2.56885780009e-11,3.27072882667e-11,2.15434198259e-11],"dvar2":[0.00000251263008977,0.0000045127667363,0.00000297155361295,9.83682639344e-7,3.49490562712e-7,6.15528108483e-8,7.00038649271e-9,1.46332022055e-8,7.87024845295e-9,1.30571251589e-8,1.84165269701e-8,1.41723823788e-8,5.20442000607e-9,4.82871653773e-9,1.12614975123e-8,7.83939313465e-8,5.27502947989e-8,7.83043052621e-9,5.22994536567e-9,3.62310625945e-9,1.92094007367e-9,4.27730295627e-9,1.00976240702e-8,2.22369234137e-9,2.76485701001e-9,1.74952752285e-9,1.37304900782e-9,1.02040953465e-9,5.29532528937e-10,4.79416728538e-10,5.44504497046e-10,2.48249115709e-10,1.4668043169e-10,1.49980527997e-10,6.06990235852e-10,8.61785157125e-11,6.86257925486e-11,6.04285163575e-11,7.75044819989e-11,4.85505836922e-11],"max":[0.0109828235582,0.0172014478594,0.0114266332239,0.00510130822659,0.00452664121985,0.00216417200863,0.000831796787679,0.00150980683975,0.00118576665409,0.0010855155997,0.00165012665093,0.00107993267011,0.000802745169494,0.00148054398596,0.00261293072253,0.00639673182741,0.00413010921329,0.00140974065289,0.000841425964609,0.000578628620133,0.000422866112785,0.000530729885213,0.000754064880311,0.000380239624064,0.000478822912555,0.000421227450715,0.000307316106046,0.000430028827395,0.000198315829039,0.00016340635193,0.000196768072783,0.000122098761494,0.000119846241432,0.000113142050395,0.000131135486299,0.000075458905485,0.0000740674586268,0.0000581050662731,0.0000590795825701,0.0000526566909684],"mean":[0.00102892227005,0.000985205173492,0.000357147626346,0.000189730810234,0.000101915786217,0.0000458838076156,0.0000317957747029,0.0000253027537838,0.000022936726964,0.0000316357982229,0.0000353983414243,0.000037529382098,0.0000349180591002,0.0000289585295832,0.0000280277527054,0.000045355191105,0.0000481910428789,0.0000289545878331,0.0000306325382553,0.0000268369931291,0.0000233505015785,0.0000242364112637,0.0000264497593889,0.0000198195266421,0.0000208648743865,0.000022075675588,0.000021970961825,0.0000182795265573,0.0000125530596051,0.0000124911857711,0.0000119541546155,0.00000940942391026,0.00000720675416233,0.00000672518444844,0.0000097434667623,0.00000563914409213,0.00000471957082482,0.00000469891756438,0.00000482866198581,0.00000378937602363],"median":[0.000578957085963,0.000529710261617,0.0000619696656941,0.0000268339117611,0.0000173940625245,0.0000103680686152,0.00000908603487915,0.00000728734266886,0.0000075288453445,0.00000960483885137,0.00000762445051805,0.00000913449184736,0.0000100269389804,0.00000835778610053,0.00000712286055204,0.0000078503817349,0.00000884897144715,0.00000699856354913,0.0000071135646067,0.00000830607496027,0.00000739851247999,0.00000708994775778,0.0000080440131569,0.00000640651069261,0.00000719254330761,0.00000725898280507,0.00000984895450529,0.00000841906876303,0.00000581420044909,0.00000548309981241,0.00000542736097486,0.00000548638945475,0.0000042657038648,0.00000355356542059,0.00000424380687036,0.00000297423730444,0.00000252548761637,0.00000255919303527,0.00000266593497145,0.00000173998432729],"min":[6.26176635231e-25,1.4588298224e-24,1.01613104176e-24,1.13793629312e-24,1.73970926973e-24,2.13555119172e-24,1.62151108486e-24,3.45048667134e-24,1.90775478635e-24,2.98613237695e-24,2.63734324695e-24,2.73383336021e-24,4.13532088342e-24,3.78686248335e-24,2.08366189353e-24,3.17563846006e-24,3.5873205118e-24,4.4170779385e-24,5.19872392189e-24,4.49685623071e-24,5.45580698558e-24,3.8290771914e-24,3.72367945801e-24,3.81217584651e-24,3.78529343901e-24,3.2453053304e-24,4.7591150108e-24,5.08722671597e-24,6.20102337236e-24,5.10457100627e-24,7.91127223716e-24,7.18013228437e-24,6.25809706442e-24,5.27241023575e-24,6.21664755145e-24,7.17803391436e-24,6.30961717571e-24,5.78966712017e-24,5.91861669032e-24,6.79321652074e-24],"var":[0.00000189260083516,0.00000226890119848,8.22426670766e-7,2.49049719514e-7,8.34651245896e-8,1.41633158535e-8,3.1657709787e-9,3.7086982374e-9,2.81495471377e-9,4.54670434635e-9,8.50242365402e-9,6.59729249008e-9,4.06583966495e-9,3.38292238666e-9,6.54172360726e-9,3.42151160737e-8,2.55705838725e-8,4.39049374634e-9,4.05192901454e-9,2.56534149479e-9,1.49071521793e-9,1.89446103249e-9,3.09460990167e-9,1.26849175608e-9,1.43586087464e-9,1.36152056296e-9,9.86566051075e-10,7.1864014739e-10,3.59003188288e-10,3.27373544939e-10,2.97793095738e-10,1.44539075153e-10,8.17615003479e-11,7.80660813771e-11,2.27360713589e-10,4.96355352653e-11,3.7324643376e-11,3.384267519e-11,3.85249748769e-11,2.76662425608e-11]},"melbands_crest":{"dmean":3.82666683197,"dmean2":5.75334644318,"dvar":12.8149995804,"dvar2":27.9477386475,"max":39.5827217102,"mean":16.5321025848,"median":16.1578865051,"min":1.76501095295,"var":55.3339881897},"melbands_flatness_db":{"dmean":0.0325694382191,"dmean2":0.0450286157429,"dvar":0.00124845886603,"dvar2":0.00225774780847,"max":0.789383709431,"mean":0.139249622822,"median":0.120289504528,"min":0.00323945353739,"var":0.0093314955011},"melbands_kurtosis":{"dmean":17.3893737793,"dmean2":23.9911251068,"dvar":3986.62695313,"dvar2":7158.63671875,"max":1697.60559082,"mean":31.5592365265,"median":3.20151281357,"min":-1.85921216011,"var":16280.7607422},"melbands_skewness":{"dmean":1.14655530453,"dmean2":1.59767627716,"dvar":2.97795581818,"dvar2":5.24250793457,"max":33.4718055725,"mean":2.95864510536,"median":1.97171235085,"min":-2.84527778625,"var":15.2644405365},"melbands_spread":{"dmean":20.8034706116,"dmean2":31.1616477966,"dvar":613.159912109,"dvar2":1293.92468262,"max":257.423034668,"mean":64.1232681274,"median":59.0372238159,"min":0.122202940285,"var":1796.20092773},"mfcc":{"cov":[[14474.7998047,772.381652832,-1239.47827148,-154.676467896,-68.9540328979,-329.058807373,-278.149108887,-145.77130127,-126.019012451,-179.906463623,-258.683776855,-134.566268921,-138.780441284],[772.381652832,1533.79577637,-92.9419326782,19.9400444031,180.393127441,73.2448730469,19.8094940186,32.1963768005,32.8923950195,-16.6477413177,39.0822715759,0.85821813345,-44.7633247375],[-1239.47827148,-92.9419326782,806.991882324,281.939575195,99.7401809692,148.507278442,84.4287948608,62.1309280396,26.7314186096,15.5730047226,49.6647071838,36.6573143005,25.0545406342],[-154.676467896,19.9400444031,281.939575195,326.897399902,113.474395752,58.9214096069,37.4747924805,59.0771255493,24.0402641296,14.8791370392,8.41522216797,18.7531509399,20.6300258636],[-68.9540328979,180.393127441,99.7401809692,113.474395752,245.588943481,155.914093018,84.1260757446,84.2361602783,57.1904754639,36.8393859863,44.0452537537,34.3438873291,13.8976325989],[-329.058807373,73.2448730469,148.507278442,58.9214096069,155.914093018,272.403198242,153.282730103,97.809425354,46.0895233154,52.91563797,69.2020874023,45.6452522278,23.1832275391],[-278.149108887,19.8094940186,84.4287948608,37.4747924805,84.1260757446,153.282730103,175.608398438,112.346542358,57.2019271851,39.8678855896,40.90391922,31.3091125488,24.6228961945],[-145.77130127,32.1963768005,62.1309280396,59.0771255493,84.2361602783,97.809425354,112.346542358,171.658599854,87.6455841064,42.6587333679,23.8324813843,36.6996612549,40.5281600952],[-126.019012451,32.8923950195,26.7314186096,24.0402641296,57.1904754639,46.0895233154,57.2019271851,87.6455841064,108.623451233,55.2724990845,20.0026302338,18.7803573608,27.2297649384],[-179.906463623,-16.6477413177,15.5730047226,14.8791370392,36.8393859863,52.91563797,39.8678855896,42.6587333679,55.2724990845,101.550010681,64.3958969116,34.779964447,20.8439064026],[-258.683776855,39.0822715759,49.6647071838,8.41522216797,44.0452537537,69.2020874023,40.90391922,23.8324813843,20.0026302338,64.3958969116,106.753562927,61.4562568665,10.6659555435],[-134.566268921,0.85821813345,36.6573143005,18.7531509399,34.3438873291,45.6452522278,31.3091125488,36.6996612549,18.7803573608,34.779964447,61.4562568665,83.5422210693,41.3394546509],[-138.780441284,-44.7633247375,25.0545406342,20.6300258636,13.8976325989,23.1832275391,24.6228961945,40.5281600952,27.2297649384,20.8439064026,10.6659555435,41.3394546509,78.3855743408]],"icov":[[0.0000876462363522,-0.0000350861337211,0.000149347717525,-0.0000918559017009,-0.00000411443079429,-0.0000269458923867,0.0000739734168747,-0.0000270563596132,0.0000447987986263,-0.0000105927501863,0.00022915158479,-0.000149162238813,0.000145769663504],[-0.0000350861337211,0.000799950503279,0.000125949227368,0.00000904261651158,-0.000628054724075,0.00000238929510488,0.000172042564373,-0.0000344686086464,-0.000455820641946,0.000862228975166,-0.000900866347365,0.000345233886037,0.000296066718874],[0.000149347717525,0.000125949227368,0.00234770961106,-0.00205009686761,0.000656225136481,-0.0011981051648,0.000188058736967,0.000327620567987,-0.000765577657148,0.0014254457783,-0.00107790122274,0.000173106585862,0.0000773117790231],[-0.0000918559017009,0.00000904261651158,-0.00205009686761,0.00563741801307,-0.00267247133888,0.00149004079867,0.0000484969059471,-0.00135741231497,0.00172928872053,-0.00169775495306,0.00161440693773,-0.000279537081951,-0.000487667217385],[-0.00000411443079429,-0.000628054724075,0.000656225136481,-0.00267247133888,0.00899677164853,-0.00494421925396,0.00152269366663,-0.000530149962287,-0.0030311467126,0.00123735005036,-0.000564696732908,-0.000993323512375,0.00111527671106],[-0.0000269458923867,0.00000238929510488,-0.0011981051648,0.00149004079867,-0.00494421925396,0.0111812893301,-0.00729261524975,-0.0000615821409156,0.00301147159189,-0.00176739611197,-0.00179999927059,0.000621017243247,-0.000822020461783],[0.0000739734168747,0.000172042564373,0.000188058736967,0.0000484969059471,0.00152269366663,-0.00729261524975,0.0160067696124,-0.00693438621238,-0.00116825231817,0.00129864376504,-0.00188433483709,0.00146693713032,0.00014368405391],[-0.0000270563596132,-0.0000344686086464,0.000327620567987,-0.00135741231497,-0.000530149962287,-0.0000615821409156,-0.00693438621238,0.0159550588578,-0.00871735531837,0.00104196486063,0.00249966513366,-0.00363956554793,-0.00144340936095],[0.0000447987986263,-0.000455820641946,-0.000765577657148,0.00172928872053,-0.0030311467126,0.00301147159189,-0.00116825231817,-0.00871735531837,0.0224913842976,-0.0115385232493,0.00429129460827,0.00145706825424,-0.00196769693866],[-0.0000105927501863,0.000862228975166,0.0014254457783,-0.00169775495306,0.00123735005036,-0.00176739611197,0.00129864376504,0.00104196486063,-0.0115385232493,0.0253612622619,-0.01686373353,0.00539879733697,-0.00346674234606],[0.00022915158479,-0.000900866347365,-0.00107790122274,0.00161440693773,-0.000564696732908,-0.00179999927059,-0.00188433483709,0.00249966513366,0.00429129460827,-0.01686373353,0.0331650152802,-0.0218524169177,0.00974836759269],[-0.000149162238813,0.000345233886037,0.000173106585862,-0.000279537081951,-0.000993323512375,0.000621017243247,0.00146693713032,-0.00363956554793,0.00145706825424,0.00539879733697,-0.0218524169177,0.0340248309076,-0.0155478036031],[0.000145769663504,0.000296066718874,0.0000773117790231,-0.000487667217385,0.00111527671106,-0.000822020461783,0.00014368405391,-0.00144340936095,-0.00196769693866,-0.00346674234606,0.00974836759269,-0.0155478036031,0.0225134175271]],"mean":[-668.547546387,39.6342086792,9.40854454041,26.3463287354,12.9734964371,16.8424701691,13.6941127777,9.73900222778,5.93941783905,6.508852005,2.62693595886,1.36029815674,2.51798844337]},"pitch_salience":{"dmean":0.0900241285563,"dmean2":0.132982388139,"dvar":0.00803927984089,"dvar2":0.0158298537135,"max":0.962534785271,"mean":0.527652919292,"median":0.550411343575,"min":0.0214594341815,"var":0.027573518455},"silence_rate_20dB":{"dmean":0,"dmean2":0,"dvar":0,"dvar2":0,"max":1,"mean":1,"median":1,"min":1,"var":0},"silence_rate_30dB":{"dmean":0.000252636906225,"dmean2":0.000505305710249,"dvar":0.000252547179116,"dvar2":0.000757599656936,"max":1,"mean":0.999873697758,"median":1,"min":0,"var":0.000126281825942},"silence_rate_60dB":{"dmean":0.0745278820395,"dmean2":0.149065181613,"dvar":0.0689758509398,"dvar2":0.143265798688,"max":1,"mean":0.174182146788,"median":0,"min":0,"var":0.143848508596},"spectral_centroid":{"dmean":362.000213623,"dmean2":528.614013672,"dvar":183492.59375,"dvar2":339086.6875,"max":11540.7734375,"mean":2894.06591797,"median":2943.60449219,"min":76.1797714233,"var":898431.6875},"spectral_complexity":{"dmean":6.71344661713,"dmean2":9.05520439148,"dvar":72.3367385864,"dvar2":111.717514038,"max":67,"mean":17.6333847046,"median":13,"min":0,"var":254.056121826},"spectral_contrast_coeffs":{"dmean":[0.0549406819046,0.0435563586652,0.0412751324475,0.0338896997273,0.0238803829998,0.018354838714],"dmean2":[0.0858243480325,0.0718565732241,0.0662342086434,0.0530257299542,0.0385685116053,0.0283705629408],"dvar":[0.00252294749953,0.00141194195021,0.00123244349379,0.00083400181029,0.000408771767979,0.00027583935298],"dvar2":[0.0057938657701,0.00381590682082,0.00296030309983,0.00192145782057,0.0010051864665,0.00060815125471],"max":[-0.397095024586,-0.494717568159,-0.478698015213,-0.483628213406,-0.620423197746,-0.601035654545],"mean":[-0.711529493332,-0.804991602898,-0.802809894085,-0.80351370573,-0.79742783308,-0.779285848141],"median":[-0.721185803413,-0.80888313055,-0.810289740562,-0.808033466339,-0.79593783617,-0.779940962791],"min":[-0.971901893616,-0.975577712059,-0.974566102028,-0.976887583733,-0.969735443592,-0.963453054428],"var":[0.0069232028909,0.00341888330877,0.00444204360247,0.00331458239816,0.00160254642833,0.00109830673318]},"spectral_contrast_valleys":{"dmean":[0.481121003628,0.558272540569,0.48193949461,0.437692672014,0.423295527697,0.44990426302],"dmean2":[0.72250431776,0.847384214401,0.703768312931,0.610512733459,0.552801012993,0.58627820015],"dvar":[0.25716894865,0.355224013329,0.253057181835,0.228213489056,0.22256654501,0.239933922887],"dvar2":[0.442821472883,0.722133755684,0.466069400311,0.398673295975,0.380431294441,0.471224367619],"max":[-5.63354349136,-4.94032382965,-5.26145124435,-5.38155221939,-5.13919353485,-7.29159021378],"mean":[-8.06567668915,-8.04552936554,-8.12709999084,-8.07315254211,-7.4254565239,-9.2498626709],"median":[-7.66898202896,-7.79419755936,-7.86936759949,-7.84486246109,-7.17835712433,-8.93794822693],"min":[-28.0963821411,-28.1363792419,-27.7324237823,-27.5442619324,-27.4303226471,-27.3910217285],"var":[2.71878552437,2.66031694412,2.6353559494,2.58815121651,2.49877119064,2.21539878845]},"spectral_decrease":{"dmean":1.51264900605e-9,"dmean2":2.13958140094e-9,"dvar":5.53638601427e-18,"dvar2":1.12152265921e-17,"max":1.79174209959e-28,"mean":-3.08174641361e-9,"median":-2.04131200832e-9,"min":-2.72200093576e-8,"var":1.11913549868e-17},"spectral_energy":{"dmean":0.00749593880028,"dmean2":0.0105541301891,"dvar":0.000127532795887,"dvar2":0.000255419174209,"max":0.129930227995,"mean":0.0146070262417,"median":0.00995068624616,"min":1.02504229586e-20,"var":0.000244805763941},"spectral_energyband_high":{"dmean":0.00214169104584,"dmean2":0.00306165684015,"dvar":0.0000100386478152,"dvar2":0.0000217126398638,"max":0.0275405198336,"mean":0.00294469972141,"median":0.00162005133461,"min":7.37031658275e-21,"var":0.0000140912597999},"spectral_energyband_low":{"dmean":0.00291593535803,"dmean2":0.00422726850957,"dvar":0.0000269027350441,"dvar2":0.0000617643818259,"max":0.063640229404,"mean":0.00566632905975,"median":0.003467007773,"min":1.90876255615e-23,"var":0.0000495991844218},"spectral_energyband_middle_high":{"dmean":0.00241648545489,"dmean2":0.00342162954621,"dvar":0.0000189828842849,"dvar2":0.0000359761070285,"max":0.075766004622,"mean":0.00411339476705,"median":0.00217896653339,"min":1.15516297609e-21,"var":0.0000357254175469},"spectral_energyband_middle_low":{"dmean":0.00230290042236,"dmean2":0.00391024025157,"dvar":0.0000251623623626,"dvar2":0.0000659330180497,"max":0.0447803065181,"mean":0.00227797403932,"median":0.00070935068652,"min":1.60629384756e-22,"var":0.0000200848826353},"spectral_entropy":{"dmean":0.145559459925,"dmean2":0.211810961366,"dvar":0.0275324098766,"dvar2":0.0553638972342,"max":9.81667041779,"mean":8.22215843201,"median":8.29281806946,"min":3.78059196472,"var":0.125823348761},"spectral_flux":{"dmean":0.0263841543347,"dmean2":0.0373309925199,"dvar":0.000986384227872,"dvar2":0.00180413923226,"max":0.309383749962,"mean":0.0728667527437,"median":0.061532933265,"min":6.33807867301e-11,"var":0.00255207647569},"spectral_kurtosis":{"dmean":0.836166441441,"dmean2":1.283400774,"dvar":3.95968556404,"dvar2":10.0982179642,"max":108.711921692,"mean":2.16839981079,"median":1.84998202324,"min":-1.2700240612,"var":7.14001226425},"spectral_rms":{"dmean":0.00088316865731,"dmean2":0.00117958639748,"dvar":0.00000102140586478,"dvar2":0.00000193038113139,"max":0.0112588275224,"mean":0.00329930358566,"median":0.00311576435342,"min":3.16234300031e-12,"var":0.00000336539392265},"spectral_rolloff":{"dmean":1544.31298828,"dmean2":2339.94189453,"dvar":3716509.5,"dvar2":7045990,"max":19573.6816406,"mean":5050.71923828,"median":4629.63867188,"min":21.533203125,"var":11175263},"spectral_skewness":{"dmean":0.162924855947,"dmean2":0.246318802238,"dvar":0.0390925258398,"dvar2":0.0922419503331,"max":9.1804561615,"mean":1.13416039944,"median":1.1097714901,"min":-0.0943469107151,"var":0.131272405386},"spectral_spread":{"dmean":800274.5,"dmean2":1155451.5,"dvar":749378076672,"dvar2":1508240785410,"max":42988076,"mean":6524883,"median":6381693,"min":966476.25,"var":4735608291330},"spectral_strongpeak":{"dmean":0.384062737226,"dmean2":0.664405822754,"dvar":0.88157761097,"dvar2":2.29968190193,"max":12.6724720001,"mean":0.454773485661,"median":0.173997670412,"min":0,"var":0.916052997112},"zerocrossingrate":{"dmean":0.0290899723768,"dmean2":0.0311923567206,"dvar":0.00082777539501,"dvar2":0.000941678357776,"max":0.52099609375,"mean":0.155069634318,"median":0.14306640625,"min":0.001953125,"var":0.00638466514647}},"metadata":{"audio_properties":{"analysis_sample_rate":44100,"bit_rate":192000,"codec":"mp3","downmix":"mix","equal_loudness":0,"length":367.62121582,"lossless":false,"md5_encoded":"9c374285cda1ca99ae80de5df951a2ed","replay_gain":-10.0523262024,"sample_rate":44100},"tags":{"acoustid_id":["53f56306-c768-46b3-b580-326bfcefdf58"],"album":["The Ruler's Back"],"albumartist":["Slick Rick"],"albumartistsort":["Slick Rick"],"artist":["Slick Rick"],"artistsort":["Slick Rick"],"asin":["B0000024IO"],"barcode":["731452348029"],"catalognumber":["314 523 480-2"],"date":["1991-07-02"],"discnumber":["1/1"],"file_name":"12 Slick Rick - The Ruler's Back - Slick Rick - The Ruler.mp3","label":["Def Jam Recordings"],"media":["CD"],"musicbrainz album release country":["US"],"musicbrainz album status":["official"],"musicbrainz album type":["album"],"musicbrainz_albumartistid":["486af4f0-a79b-468f-be73-527cd4caf6ea"],"musicbrainz_albumid":["26ee3571-b93a-4bbb-b656-02c74a1374fe"],"musicbrainz_artistid":["486af4f0-a79b-468f-be73-527cd4caf6ea"],"musicbrainz_recordingid":["6e18cf33-cdb4-4139-8103-176b1d2af795"],"musicbrainz_releasegroupid":["2c528c55-df43-3d38-bca5-a46c1aaa43cb"],"originaldate":["1991-07-02"],"script":["Latn"],"title":["Slick Rick - The Ruler"],"tracknumber":["12/12"]},"version":{"essentia":"2.1-beta2","essentia_build_sha":"2d9f1f26377add8aeb1075a9c2973f962c4f09fd","essentia_git_sha":"v2.1_beta2-1-ge3940c0","extractor":"music 1.0"}},"rhythm":{"beats_count":746,"beats_loudness":{"dmean":0.0218730568886,"dmean2":0.0420759879053,"dvar":0.000262401619693,"dvar2":0.000882944499608,"max":0.108901403844,"mean":0.0400242395699,"median":0.0350710451603,"min":0,"var":0.000361240818165},"beats_loudness_band_ratio":{"dmean":[0.337343364954,0.0315915383399,0.0158069022,0.0851503238082,0.110702462494,0.156640902162],"dmean2":[0.66710036993,0.0553872957826,0.0277189444751,0.166418746114,0.213484838605,0.307255864143],"dvar":