{"lowlevel":{"average_loudness":0.693238377571,"barkbands":{"dmean":[0.00304166832939,0.00507608335465,0.00206165481359,0.000980335636996,0.00228055636398,0.00167372112628,0.00110206205864,0.000555397535209,0.000602720945608,0.000366783206118,0.00018921829178,0.000087926076958,0.0000763418720453,0.0000190251430467,0.000016180352759,0.0000112586958494,0.0000108616422949,0.00000727715496396,0.00000576464572077,0.0000045087244871,0.00000337195479005,0.00000262554976871,0.00000204044454222,0.00000184936493497,0.00000188472824902,0.00000237669519265,0.0000171813389898],"dmean2":[0.00506674638018,0.0083430968225,0.00342122628354,0.00161175231915,0.00345959933475,0.00244499649853,0.00168368022423,0.000874328776263,0.000924656633288,0.000558457046282,0.000304873363348,0.000136845672387,0.000120661599794,0.00003057612048,0.0000257635965681,0.0000177819692908,0.0000169477625604,0.0000115824022942,0.00000910344260774,0.00000716459408068,0.00000547258105144,0.00000427266104452,0.00000338997665494,0.00000311164922095,0.00000315708507515,0.00000391743697037,0.0000262435169134],"dvar":[0.0000639302670606,0.000131425913423,0.0000254431088251,0.00000497074461236,0.0000270212949545,0.0000321389561577,0.0000137232855195,0.00000309967253997,0.00000441343127022,0.00000178405673523,3.83972917462e-7,1.16452042676e-7,1.86596622598e-7,2.14853890235e-9,1.88206650265e-9,1.40914446778e-9,2.67569610912e-9,7.55235263217e-10,3.23366527999e-10,2.54739840333e-10,6.24216997536e-11,2.84182469223e-11,1.8022562609e-11,1.52305858897e-11,1.4672032686e-11,1.79327767913e-11,1.29087618372e-9],"dvar2":[0.000165680350619,0.000344509171555,0.0000671362504363,0.0000124344487631,0.0000587296126469,0.0000593153599766,0.0000263845904556,0.00000709225150786,0.0000088253245849,0.0000035299776755,8.88505496732e-7,2.29179946132e-7,4.69183163432e-7,5.28194377125e-9,4.08922762318e-9,3.20316240199e-9,6.03907590602e-9,1.74893133309e-9,6.73421152175e-10,5.43026623667e-10,1.46701123471e-10,6.88026857709e-11,4.56324804332e-11,3.88226360781e-11,3.72495471967e-11,4.48688378119e-11,2.65520361253e-9],"max":[0.165656402707,0.217863172293,0.0993166565895,0.0696270540357,0.163421243429,0.228809356689,0.177632987499,0.0750759989023,0.100978299975,0.0628209412098,0.0312979035079,0.0253139603883,0.0151271009818,0.00191106542479,0.00245181447826,0.002296208404,0.00215415749699,0.00122695649043,0.000722013122868,0.0013721609721,0.00034079348552,0.000162619006005,0.000100736935565,0.0000981402990874,0.0000933224728215,0.0000964886712609,0.00200252770446],"mean":[0.00504942517728,0.0100694308057,0.00277761672623,0.00124966469593,0.00459135929123,0.00295772054233,0.00193535094149,0.000885785848368,0.00103106780443,0.000657991215121,0.00030984764453,0.000150989129907,0.000114864182251,0.0000314257522405,0.0000270740201813,0.0000167560538102,0.0000149750794662,0.0000103311667772,0.00000874418492458,0.0000067100004344,0.00000459891998617,0.00000344130216945,0.00000236415485233,0.00000190627554275,0.00000196167070499,0.00000277916001323,0.0000349067559],"median":[0.000601475301664,0.00326906144619,0.00113250431605,0.000482803181512,0.0014765043743,0.000727083766833,0.00042455852963,0.000185235301615,0.000179863316589,0.00014623660536,0.0000601536085014,0.000043949137762,0.000017160868083,0.00000976433693722,0.0000103964275695,0.00000431116950494,0.00000320542812915,0.00000277236586044,0.00000245049091063,0.00000201258399102,0.00000160867489285,0.00000127604107547,9.07460844246e-7,6.55816563722e-7,7.01082058185e-7,0.00000123523886941,0.0000133160119731],"min":[3.36629529401e-25,2.71748571679e-23,1.12229544935e-23,2.42896204952e-23,3.77583602227e-23,1.98098545415e-23,3.94267978818e-23,5.21552610696e-23,8.04810410547e-23,6.40260273496e-23,8.5961611173e-23,8.50267605132e-23,7.73334607993e-23,1.70100549758e-22,5.3830820565e-23,1.42823039698e-22,1.06914368972e-22,2.0633880026e-22,3.06292778097e-22,3.27052618383e-22,4.99541561284e-22,5.5624245977e-22,5.92431157185e-22,8.90807280647e-22,1.31762197541e-21,1.64767198755e-21,2.24050875808e-21],"var":[0.0000977445670287,0.000227913915296,0.0000268933436018,0.00000651798336548,0.0000982291458058,0.0000796644671937,0.0000363169892807,0.0000080858308138,0.0000117834078992,0.00000552029314349,8.94565346243e-7,3.25314289285e-7,3.36243658694e-7,4.8038590883e-9,3.99267241491e-9,3.28470650679e-9,4.34584723763e-9,1.29338140198e-9,6.96778024167e-10,5.06956698842e-10,1.12124011464e-10,4.49303684535e-11,2.09115884331e-11,1.58041253695e-11,1.55383136913e-11,2.12357787605e-11,6.52485177e-9]},"barkbands_crest":{"dmean":2.60147690773,"dmean2":4.2056927681,"dvar":5.33930158615,"dvar2":13.3358278275,"max":26.0817432404,"mean":12.0637531281,"median":11.5907688141,"min":3.60717868805,"var":16.9926948547},"barkbands_flatness_db":{"dmean":0.0374649353325,"dmean2":0.0595056898892,"dvar":0.00100364116952,"dvar2":0.00260146730579,"max":0.595856904984,"mean":0.239130884409,"median":0.232617363334,"min":0.0365024320781,"var":0.004292962607},"barkbands_kurtosis":{"dmean":10.8951683044,"dmean2":17.4733314514,"dvar":291.988739014,"dvar2":719.538635254,"max":386.638244629,"mean":21.4569835663,"median":13.0317993164,"min":-1.68805396557,"var":810.548217773},"barkbands_skewness":{"dmean":0.901527404785,"dmean2":1.42231762409,"dvar":0.768690466881,"dvar2":1.88204991817,"max":14.2559185028,"mean":2.72827482224,"median":2.4677066803,"min":-2.5100569725,"var":3.52068901062},"barkbands_spread":{"dmean":2.09412932396,"dmean2":3.28235626221,"dvar":7.2905921936,"dvar2":16.8506183624,"max":115.293647766,"mean":6.87726688385,"median":5.57583522797,"min":0.268184155226,"var":40.1058006287},"dissonance":{"dmean":0.0407052412629,"dmean2":0.0687434971333,"dvar":0.00133994792122,"dvar2":0.00367758981884,"max":0.500000119209,"mean":0.422386735678,"median":0.432421475649,"min":0.10535017401,"var":0.0025845230557},"dynamic_complexity":3.94683480263,"erbbands":{"dmean":[0.260463356972,0.792616128922,2.16878795624,2.69844722748,4.37200593948,8.03718090057,14.3464794159,14.187379837,15.8342628479,15.6724720001,10.6991271973,13.5369005203,10.0413446426,12.1402301788,5.16836881638,3.15467119217,3.55010390282,1.27383089066,0.868514418602,0.718032598495,0.599122881889,0.588947892189,0.415065944195,0.323420673609,0.266892910004,0.211748883128,0.158708095551,0.120961017907,0.0964594632387,0.0750082060695,0.0561719685793,0.0409423336387,0.0297459661961,0.0207867175341,0.0135976271704,0.00817388016731,0.00453389342874,0.00241406890564,0.00114567927085,0.00181674014311],"dmean2":[0.430653005838,1.30304026604,3.55891227722,4.42607784271,7.20258665085,12.2329778671,21.0541439056,20.5900993347,23.9200992584,24.4975643158,16.7199325562,20.82513237,15.2115602493,18.7936172485,8.11873531342,4.86059617996,5.59721803665,2.02606797218,1.38577520847,1.13021171093,0.937085092068,0.915726661682,0.652644634247,0.511216461658,0.420325815678,0.337344288826,0.25467184186,0.195872962475,0.157070204616,0.123282939196,0.0934719666839,0.0687704384327,0.0500870682299,0.0348925516009,0.0227260477841,0.0136002572253,0.00746416579932,0.0038612158969,0.00175315747038,0.00259495270438],"dvar":[0.464994907379,2.65631580353,27.873758316,37.8018684387,83.7083892822,450.220123291,1598.2911377,3332.60961914,3989.57177734,1608.8293457,1442.0892334,1953.55322266,1689.36035156,1890.39526367,254.658630371,139.798278809,424.875488281,15.5900554657,4.67432975769,4.62287902832,4.24271440506,8.01277732849,2.8424782753,0.964584231377,0.790048837662,0.55939245224,0.165033563972,0.0728076696396,0.0390389151871,0.0239653494209,0.0135282184929,0.00745626585558,0.00392387667671,0.00184426619671,0.000741048948839,0.000244219205342,0.0000640827929601,0.0000156424321176,0.00000351890003003,0.00000941865255299],"dvar2":[1.24025654793,6.89618444443,71.7715759277,97.5129089355,211.647445679,992.305725098,3276.08618164,5980.84814453,7568.48730469,3611.4140625,3283.61254883,4099.58349609,3392.11303711,3708.04443359,599.622375488,284.406646729,1073.31591797,37.8415107727,10.5313739777,9.84136104584,9.12719535828,18.1120414734,6.28385400772,2.07957148552,1.69354152679,1.18910360336,0.355139255524,0.172072589397,0.0942405238748,0.0596212334931,0.034262124449,0.0190027970821,0.0100003024563,0.00469053396955,0.00187820987776,0.000615691184066,0.000160098541528,0.0000372358736058,0.00000752816367822,0.0000186981778825],"max":[12.9297828674,37.6394615173,99.1854324341,221.779205322,205.91784668,788.939575195,1753.03527832,2891.35107422,3115.30786133,2331.41699219,1939.77697754,1691.20825195,2287.87207031,2509.88330078,677.567565918,989.336181641,797.702941895,164.987792969,156.650375366,144.838241577,114.458457947,144.334030151,83.1482467651,36.1376266479,41.2272224426,66.2395095825,22.0568351746,10.3168468475,6.2491235733,3.77851510048,2.7325232029,2.16375160217,1.54524815083,1.04988753796,0.660804629326,0.373131662607,0.181116133928,0.0811037793756,0.0839142873883,0.108862757683],"mean":[0.543510317802,1.30951786041,3.1314125061,3.80467152596,6.27732086182,14.7843799591,29.5764312744,24.6055030823,26.6803588867,27.9559707642,18.9407806396,23.6620311737,17.6925811768,22.8685131073,9.78092098236,5.84275865555,5.60244083405,2.20474123955,1.56842315197,1.18754816055,0.912497520447,0.841575741768,0.605074107647,0.494621962309,0.395963221788,0.317494869232,0.225381448865,0.161446988583,0.126332834363,0.0923901796341,0.0646339133382,0.0435220450163,0.0302382707596,0.021393623203,0.0143199926242,0.00885946117342,0.00538898212835,0.0034609332215,0.00257812673226,0.00658980896696],"median":[0.0971808061004,0.623949885368,1.3629989624,1.77356982231,2.91287183762,4.13423681259,5.77652835846,5.62680721283,5.3648519516,6.10606193542,4.35170841217,4.32699584961,3.76339197159,5.26628494263,2.90620708466,1.7292330265,0.920365333557,0.659207761288,0.650007307529,0.338494002819,0.231465399265,0.185829684138,0.153150200844,0.137354433537,0.117411747575,0.0939876511693,0.0736574456096,0.0584035031497,0.0470180809498,0.0346038267016,0.0249414592981,0.0157316923141,0.0101602273062,0.00741022406146,0.00522784981877,0.00344010442495,0.0024508361239,0.00171782285906,0.00154105026741,0.00505846738815],"min":[8.28978761033e-22,5.97641789199e-21,1.66535868829e-20,4.37480768707e-20,7.86945319712e-20,1.58423207729e-19,1.355694611e-19,2.19796726308e-19,4.57747585519e-19,8.71887346517e-19,1.2821623129e-18,2.13593212925e-18,2.38915486222e-18,1.93534765495e-18,3.50965868307e-18,2.90742797695e-18,3.59461550865e-18,9.75672519242e-18,3.32048847404e-18,4.41372325202e-18,7.91936349168e-18,6.96432226312e-18,9.78732839354e-18,1.12410768134e-17,1.75399943123e-17,1.76547755484e-17,1.89949305635e-17,1.80246377788e-17,1.80799877423e-17,1.73216814963e-17,1.79188016738e-17,1.64836515828e-17,1.71005066354e-17,1.54220976155e-17,9.74035694246e-18,5.53512084152e-18,3.07407302392e-18,1.31775930678e-18,3.07892237026e-19,3.17429816897e-20],"var":[0.91018974781,3.87751793861,31.3890304565,47.9018707275,116.482727051,1297.37072754,5632.98242188,8085.17333984,9730.7109375,4797.58886719,3411.50439453,5311.26806641,4541.29589844,6093.55419922,558.12689209,442.917327881,791.399291992,33.4125709534,10.6490068436,12.4004487991,9.45207118988,13.2719726562,5.29188585281,2.05982327461,1.56819915771,1.08973610401,0.365743219852,0.12272337079,0.0620677508414,0.031893286854,0.0155306393281,0.00785997323692,0.0040536429733,0.00193095416762,0.000793808256276,0.000270269520115,0.0000767942838138,0.0000254661572399,0.0000120820550364,0.000041439965571]},"erbbands_crest":{"dmean":2.94924116135,"dmean2":4.73591995239,"dvar":6.95552110672,"dvar2":16.8717002869,"max":31.9815368652,"mean":11.3331642151,"median":10.279001236,"min":2.38854885101,"var":23.2155704498},"erbbands_flatness_db":{"dmean":0.0334879755974,"dmean2":0.0528548620641,"dvar":0.000768052530475,"dvar2":0.001936331857,"max":0.4044008255,"mean":0.187181383371,"median":0.185263246298,"min":0.0331586040556,"var":0.00274160830304},"erbbands_kurtosis":{"dmean":2.38099789619,"dmean2":3.74081492424,"dvar":11.6378355026,"dvar2":26.2333087921,"max":77.3362503052,"mean":4.25563621521,"median":2.58915162086,"min":-1.68542957306,"var":34.3297538757},"erbbands_skewness":{"dmean":0.505425393581,"dmean2":0.787089884281,"dvar":0.202205806971,"dvar2":0.475187718868,"max":7.16581487656,"mean":0.907275497913,"median":0.882641673088,"min":-4.90938711166,"var":1.04908657074},"erbbands_spread":{"dmean":4.90619087219,"dmean2":7.71781015396,"dvar":27.0184574127,"dvar2":63.3751487732,"max":128.057403564,"mean":17.7615280151,"median":15.4741449356,"min":1.04789149761,"var":113.734924316},"gfcc":{"cov":[[15365.4179688,1660.01586914,-418.107391357,-160.504333496,-122.649024963,-334.739959717,-67.1290359497,-79.8623428345,-126.640129089,-100.977882385,-29.1439342499,-135.134872437,65.7816848755],[1660.01586914,983.592895508,121.666038513,-261.576202393,35.5410919189,-101.812309265,148.595794678,-136.028640747,53.1515922546,-72.8061904907,45.0342063904,-52.8760719299,32.36693573],[-418.107391357,121.666038513,530.314880371,96.3508758545,52.5217323303,100.45211792,49.8661155701,40.3352050781,23.7056598663,10.348285675,20.2187824249,-8.05760955811,16.5606517792],[-160.504333496,-261.576202393,96.3508758545,405.543792725,126.313285828,31.7717056274,-33.6872825623,44.7741851807,2.51787853241,29.8354244232,-7.44705677032,14.5424852371,-17.6102867126],[-122.649024963,35.5410919189,52.5217323303,126.313285828,268.130218506,109.733413696,91.7767791748,1.02134084702,31.4468822479,-17.9885845184,17.5116348267,8.23298835754,13.3697080612],[-334.739959717,-101.812309265,100.45211792,31.7717056274,109.733413696,264.355041504,77.0625839233,62.9347038269,-22.5902671814,0.753024339676,10.9736747742,23.8145713806,11.0322799683],[-67.1290359497,148.595794678,49.8661155701,-33.6872825623,91.7767791748,77.0625839233,199.374023438,40.3696556091,52.7045440674,-29.8355464935,18.2474422455,10.319565773,11.5265159607],[-79.8623428345,-136.028640747,40.3352050781,44.7741851807,1.02134084702,62.9347038269,40.3696556091,145.910354614,56.5766563416,32.5530090332,-3.30309605598,5.25105285645,5.19414567947],[-126.640129089,53.1515922546,23.7056598663,2.51787853241,31.4468822479,-22.5902671814,52.7045440674,56.5766563416,119.642410278,42.8730316162,18.0512561798,-4.1694188118,5.48390674591],[-100.977882385,-72.8061904907,10.348285675,29.8354244232,-17.9885845184,0.753024339676,-29.8355464935,32.5530090332,42.8730316162,87.8527755737,38.5755233765,11.3413476944,-2.39397954941],[-29.1439342499,45.0342063904,20.2187824249,-7.44705677032,17.5116348267,10.9736747742,18.2474422455,-3.30309605598,18.0512561798,38.5755233765,72.5858383179,37.1089744568,17.6143627167],[-135.134872437,-52.8760719299,-8.05760955811,14.5424852371,8.23298835754,23.8145713806,10.319565773,5.25105285645,-4.1694188118,11.3413476944,37.1089744568,70.24168396,33.2237358093],[65.7816848755,32.36693573,16.5606517792,-17.6102867126,13.3697080612,11.0322799683,11.5265159607,5.19414567947,5.48390674591,-2.39397954941,17.6143627167,33.2237358093,70.7725067139]],"icov":[[0.00011779727356,-0.000429741950938,0.000218925022637,-0.000191406055819,-0.0000110904775283,0.0000545854018128,0.000167899910593,-0.000548656913452,0.000549469550606,-0.000284003675915,0.000207792749279,-0.0000162543710758,-0.000101570469269],[-0.000429741950938,0.00418078852817,-0.00155092123896,0.00177158333827,-0.0000466705241706,0.000640291546006,-0.00207420811057,0.00430939206854,-0.00341184274293,0.00309738120995,-0.00376609107479,0.00332138175145,-0.00103103683796],[0.000218925022637,-0.00155092123896,0.00302758440375,-0.00173642346635,0.00098993582651,-0.00152807333507,0.00052298308583,-0.00128589139786,0.000380109500838,-0.0000268616131507,-0.000626772642136,0.00122382643167,-0.00102321000304],[-0.000191406055819,0.00177158333827,-0.00173642346635,0.00542844645679,-0.00399675313383,0.0023286996875,0.000306741800159,-0.000700953125488,0.00117552268784,-0.00184285931755,0.00165589572862,-0.00209465343505,0.00193605234381],[-0.0000110904775283,-0.0000466705241706,0.00098993582651,-0.00399675313383,0.00923670362681,-0.00494410190731,-0.00145774043631,0.00438374187797,-0.00592466443777,0.00517367897555,-0.00402974057943,0.00333935045637,-0.0021836257074],[0.0000545854018128,0.000640291546006,-0.00152807333507,0.0023286996875,-0.00494410190731,0.00917596183717,-0.0029788876418,-0.00462960032746,0.00791977718472,-0.0049549350515,0.00215976149775,-0.0019298606785,0.000509144447278],[0.000167899910593,-0.00207420811057,0.00052298308583,0.000306741800159,-0.00145774043631,-0.0029788876418,0.0120458351448,-0.0039916750975,-0.00516969012097,0.00805840827525,-0.00350915151648,-0.00248290854506,0.00252947001718],[-0.000548656913452,0.00430939206854,-0.00128589139786,-0.000700953125488,0.00438374187797,-0.00462960032746,-0.0039916750975,0.018423428759,-0.011455738917,0.00107294227928,0.00046647831914,0.00254873582162,-0.00253151450306],[0.000549469550606,-0.00341184274293,0.000380109500838,0.00117552268784,-0.00592466443777,0.00791977718472,-0.00516969012097,-0.011455738917,0.0262512527406,-0.0170409567654,0.00651373015717,-0.000706824532244,-0.00107931124512],[-0.000284003675915,0.00309738120995,-0.0000268616131507,-0.00184285931755,0.00517367897555,-0.0049549350515,0.00805840827525,0.00107294227928,-0.0170409567654,0.0353431813419,-0.023036301136,0.00647506536916,0.00200871936977],[0.000207792749279,-0.00376609107479,-0.000626772642136,0.00165589572862,-0.00402974057943,0.00215976149775,-0.00350915151648,0.00046647831914,0.00651373015717,-0.023036301136,0.0383018441498,-0.0193897653371,0.00133543193806],[-0.0000162543710758,0.00332138175145,0.00122382643167,-0.00209465343505,0.00333935045637,-0.0019298606785,-0.00248290854506,0.00254873582162,-0.000706824532244,0.00647506536916,-0.0193897653371,0.0329163447022,-0.0127768730745],[-0.000101570469269,-0.00103103683796,-0.00102321000304,0.00193605234381,-0.0021836257074,0.000509144447278,0.00252947001718,-0.00253151450306,-0.00107931124512,0.00200871936977,0.00133543193806,-0.0127768730745,0.0213411021978]],"mean":[-103.340904236,130.067306519,-43.3790855408,-15.696554184,-31.5656890869,-10.1505670547,-4.37488126755,-9.99374961853,-6.00372648239,-8.46357536316,-1.88485682011,-3.397097826,0.565306067467]},"hfc":{"dmean":52.3211517334,"dmean2":77.8966598511,"dvar":8504.64746094,"dvar2":19172.4785156,"max":5101.13916016,"mean":187.166229248,"median":143.181655884,"min":1.14739321263e-16,"var":29437.9785156},"melbands":{"dmean":[0.00189434015192,0.00103291380219,0.000494748819619,0.000405761762522,0.000491800892632,0.000317419064231,0.000230121760978,0.000160277661053,0.0000911815441214,0.0000841489600134,0.0000515832398378,0.0000517307598784,0.0000217525212065,0.0000104068958535,0.00000850730884849,0.00000668991424391,0.00000202058458854,0.00000148537083078,0.00000117666820643,8.21985281618e-7,7.28358372726e-7,6.66081405143e-7,4.70739450975e-7,3.27230367247e-7,2.69088218374e-7,2.17839939864e-7,1.72608139337e-7,1.40009206007e-7,1.08468853455e-7,8.06277924426e-8,6.86641214998e-8,5.67557876252e-8,4.79067452375e-8,3.97943367147e-8,3.33871383873e-8,2.79057825736e-8,2.39762751875e-8,2.11018917895e-8,1.88625435271e-8,1.70646661246e-8],"dmean2":[0.00311821699142,0.00168509432115,0.000805810443126,0.00063881278038,0.000716753827874,0.000459197239252,0.000347327877535,0.000251977035077,0.000143184981425,0.000128761254018,0.0000786183736636,0.000079998455476,0.0000345810440194,0.0000162599153555,0.0000131767392304,0.0000106756133391,0.00000325337941831,0.00000239849850914,0.00000185660121588,0.00000130867636017,0.00000115137538614,0.00000105469371192,7.38242931675e-7,5.23876849456e-7,4.29496992638e-7,3.45949729308e-7,2.78313962099e-7,2.24712849217e-7,1.74675335529e-7,1.3136451571e-7,1.11597692865e-7,9.27611836232e-8,7.83010705163e-8,6.56965539747e-8,5.55468204766e-8,4.67326017883e-8,4.03593034548e-8,3.55439091493e-8,3.1720517768e-8,2.86277259676e-8],"dvar":[0.0000225459334615,0.00000527443125975,0.00000117877084449,8.18506805444e-7,0.00000173023681782,0.00000144874513808,7.51339541694e-7,1.72436216417e-7,1.08192672599e-7,8.35210016703e-8,4.52199806489e-8,3.46888242575e-8,4.24762891527e-9,1.39026268275e-9,2.84637313719e-9,1.42779943424e-9,2.66128750981e-11,1.47553427809e-11,1.22346204348e-11,8.21346029384e-12,7.39598746829e-12,1.09221616126e-11,4.87608608005e-12,1.35874558133e-12,6.82887828316e-13,4.7279503446e-13,4.03406583312e-13,2.95849309677e-13,9.58871179614e-14,3.31596051615e-14,2.35882006202e-14,1.35981661383e-14,9.56501113665e-15,6.9805882537e-15,4.76434264084e-15,3.41731948559e-15,2.57342966584e-15,1.98054027232e-15,1.55477683205e-15,1.23284893731e-15],"dvar2":[0.0000595582168899,0.0000134633428388,0.00000297335100186,0.0000018823047867,0.00000355590941581,0.00000262413436758,0.00000141816985888,3.94587942765e-7,2.48306719186e-7,1.62806472304e-7,9.01570444967e-8,6.81391085777e-8,9.96009230647e-9,2.97200641874e-9,6.20707663046e-9,3.5452829561e-9,6.47456810388e-11,3.46022967224e-11,2.67595945402e-11,1.93551112637e-11,1.6145052309e-11,2.60539818886e-11,1.04792719641e-11,3.15780626474e-12,1.53870731261e-12,9.95404605096e-13,9.69079959508e-13,6.46530843185e-13,2.09123639087e-13,7.89345056874e-14,5.65125406866e-14,3.29389564669e-14,2.33933864305e-14,1.75397263852e-14,1.20546163045e-14,8.69375558821e-15,6.56563740075e-15,5.04930612363e-15,3.95961051897e-15,3.1341326544e-15],"max":[0.0899950414896,0.0401412695646,0.0347862020135,0.0294075012207,0.0458222664893,0.0560108572245,0.0422248728573,0.0204435139894,0.015369489789,0.0136388605461,0.0116410553455,0.0108565557748,0.00198351009749,0.00216769822873,0.00501237576827,0.00165089720394,0.000200561247766,0.00024307637068,0.00023140515259,0.000217908862396,0.000147388971527,0.00016399146989,0.000110917062557,0.0000583453256695,0.0000310364048346,0.0000238704924413,0.000037562171201,0.0000520059184055,0.0000204815605684,0.00000696531424182,0.00000613982365394,0.00000413171164837,0.0000024018354452,0.00000230673867918,0.00000162578351137,0.00000137568076752,0.00000129002171434,0.00000109839322704,9.65851086221e-7,8.57311874825e-7],"mean":[0.00395343499258,0.00163755239919,0.000733102089725,0.000682253798004,0.0010364545742,0.000556565239094,0.000397398864152,0.000281011627521,0.000155647707288,0.000144478908624,0.0000865041729412,0.0000955164432526,0.0000386581414205,0.0000177253714355,0.000014037861547,0.00000996453309199,0.00000331473052029,0.00000248641754297,0.00000189035540643,0.00000125348401525,0.00000103803608908,9.03669672425e-7,6.55132566862e-7,4.66453997205e-7,3.95186788182e-7,3.15916423688e-7,2.43106143216e-7,2.03338913707e-7,1.51342305799e-7,1.05873311895e-7,8.95798706324e-8,7.33383132001e-8,6.09058261603e-8,4.72280774488e-8,3.83499489942e-8,3.09242054186e-8,2.47436346967e-8,2.13361914803e-8,1.9190988354e-8,1.75976317962e-8],"median":[0.00101700914092,0.000854395504575,0.00036753230961,0.000272675562883,0.000202538882149,0.000129832071252,0.0000846340117278,0.0000610830757068,0.000031634404877,0.0000251491910603,0.0000164386765391,0.0000212199229281,0.0000093988419394,0.00000563358753425,0.00000234034996538,0.00000164854702689,0.00000102585283912,9.83728227766e-7,6.34912566966e-7,3.32038951001e-7,2.47692241828e-7,1.92900699858e-7,1.41561400824e-7,1.28504865415e-7,1.06946757228e-7,8.94451659406e-8,7.19541688454e-8,5.80097463398e-8,4.7110830792e-8,3.61928442771e-8,3.19707424978e-8,2.66255835157e-8,2.21742055828e-8,1.75837406857e-8,1.46309293569e-8,1.17434222346e-8,8.52456771838e-9,7.07596470306e-9,6.47564224465e-9,6.1250822192e-9],"min":[7.31083312573e-24,7.96678437906e-24,9.07689074413e-24,7.69610332551e-24,5.99725507851e-24,4.82817623318e-24,7.17007430783e-24,9.55608903417e-24,1.16364903684e-23,1.28530290579e-23,1.13191915796e-23,6.88757532906e-24,1.22009700443e-23,9.44777290986e-24,5.64418420873e-24,1.23681848904e-23,1.82102591959e-23,5.26702349906e-24,4.16208575064e-24,8.71657142592e-24,8.74450972374e-24,6.03200400696e-24,8.92356537201e-24,9.4713219856e-24,7.94851436049e-24,1.58855050409e-23,9.5147937435e-24,1.2067449814e-23,1.12931157824e-23,1.17365834066e-23,1.04121372227e-23,1.00054620711e-23,1.12669342778e-23,8.38599216384e-24,1.0099573966e-23,1.02170582317e-23,1.00931770929e-23,1.07652313639e-23,1.23005424343e-23,1.34740077407e-23],"var":[0.0000413140915043,0.00000651531445328,0.00000152777340645,0.00000176168816779,0.00000681192977936,0.00000358093416253,0.00000187672071661,4.96864004162e-7,2.34520811659e-7,2.31237294201e-7,1.2060922927e-7,1.1104030051e-7,9.77230474319e-9,3.10209680165e-9,8.67672866889e-9,2.31275931739e-9,6.17168469108e-11,3.02964146826e-11,2.51706641641e-11,1.98038425936e-11,1.47295821373e-11,1.62479439625e-11,9.1107841757e-12,2.32811448071e-12,1.33946456357e-12,9.6456978689e-13,6.57480309346e-13,5.10977165528e-13,2.07661334959e-13,5.58186072505e-14,3.85078423413e-14,2.16465300545e-14,1.41595905872e-14,8.65061704723e-15,5.51538727341e-15,3.7260060319e-15,2.66973710019e-15,2.04173903804e-15,1.61301902926e-15,1.29425787308e-15]},"melbands_crest":{"dmean":3.71991252899,"dmean2":5.99922084808,"dvar":13.4201860428,"dvar2":33.7702217102,"max":39.1449050903,"mean":18.9812717438,"median":17.4513587952,"min":1.64435863495,"var":63.6070022583},"melbands_flatness_db":{"dmean":0.0445309244096,"dmean2":0.0711758211255,"dvar":0.00140554632526,"dvar2":0.00368220289238,"max":0.742940366268,"mean":0.367432296276,"median":0.363250553608,"min":0.00336670363322,"var":0.0066188890487},"melbands_kurtosis":{"dmean":10.4307794571,"dmean2":16.548374176,"dvar":980.362670898,"dvar2":2056.46313477,"max":2272.83691406,"mean":20.3826961517,"median":8.57526016235,"min":-1.81656742096,"var":3618.35449219},"melbands_skewness":{"dmean":0.825144052505,"dmean2":1.27968990803,"dvar":0.809304714203,"dvar2":1.85849821568,"max":34.9083747864,"mean":2.65431928635,"median":2.17311668396,"min":-2.66528820992,"var":5.06624174118},"melbands_spread":{"dmean":2.13308978081,"dmean2":3.32838869095,"dvar":10.3532390594,"dvar2":24.3233642578,"max":181.29145813,"mean":7.45062398911,"median":5.29825782776,"min":0.0450026094913,"var":143.441177368},"mfcc":{"cov":[[7967.88134766,1062.99694824,-593.914367676,168.036834717,-227.143005371,-117.733894348,-150.900543213,-76.6784515381,-86.0813293457,-24.0747451782,2.14902424812,-18.7501735687,-35.6330490112],[1062.99694824,1349.92492676,115.227531433,-118.322471619,-118.50718689,38.3679275513,34.708732605,16.9850215912,9.29018783569,15.1238660812,1.9781832695,-11.1358776093,21.6258926392],[-593.914367676,115.227531433,455.505737305,29.8919334412,47.4867248535,22.3222465515,42.3785972595,17.6729164124,25.6895198822,31.4545326233,20.0941467285,9.11209964752,7.45677471161],[168.036834717,-118.322471619,29.8919334412,320.646759033,100.747184753,20.9312419891,-20.4348697662,1.85281443596,-0.231757715344,27.5362052917,23.3335437775,-7.10553741455,-8.177526474],[-227.143005371,-118.50718689,47.4867248535,100.747184753,197.612457275,95.3115921021,52.283454895,28.2989597321,22.9209938049,13.1215763092,5.56556940079,14.2889070511,10.091135025],[-117.733894348,38.3679275513,22.3222465515,20.9312419891,95.3115921021,160.105621338,105.978012085,56.7165756226,10.9177827835,-4.73995542526,-0.431469202042,5.08393621445,12.2643032074],[-150.900543213,34.708732605,42.3785972595,-20.4348697662,52.283454895,105.978012085,145.831771851,91.8129730225,29.6984329224,-3.33725762367,-0.142015501857,14.1886940002,13.6481628418],[-76.6784515381,16.9850215912,17.6729164124,1.85281443596,28.2989597321,56.7165756226,91.8129730225,132.42350769,71.9748535156,15.769900322,8.29094028473,16.2552604675,15.6492996216],[-86.0813293457,9.29018783569,25.6895198822,-0.231757715344,22.9209938049,10.9177827835,29.6984329224,71.9748535156,101.597015381,52.4809875488,19.6429424286,16.1308059692,7.35891246796],[-24.0747451782,15.1238660812,31.4545326233,27.5362052917,13.1215763092,-4.73995542526,-3.33725762367,15.769900322,52.4809875488,77.9300537109,45.5915145874,13.4740562439,2.53308939934],[2.14902424812,1.9781832695,20.0941467285,23.3335437775,5.56556940079,-0.431469202042,-0.142015501857,8.29094028473,19.6429424286,45.5915145874,66.2309494019,37.2934951782,12.8689041138],[-18.7501735687,-11.1358776093,9.11209964752,-7.10553741455,14.2889070511,5.08393621445,14.1886940002,16.2552604675,16.1308059692,13.4740562439,37.2934951782,67.187461853,39.0201835632],[-35.6330490112,21.6258926392,7.45677471161,-8.177526474,10.091135025,12.2643032074,13.6481628418,15.6492996216,7.35891246796,2.53308939934,12.8689041138,39.0201835632,56.663269043]],"icov":[[0.000181812778465,-0.000188246543985,0.000277852581348,-0.000228009434068,0.0000927767978283,0.0000953660710366,0.0000236515497818,-0.0000411216387874,0.000115407368867,-0.0000281032898783,0.0000864377434482,-0.000273986777756,0.000240518769715],[-0.000188246543985,0.00108951691072,-0.000565310125239,0.000390434492147,0.000811298144981,-0.000925359432586,0.000105840677861,0.000129278545501,-0.000187450903468,-0.000350823072949,-0.0000213189232454,0.000713988207281,-0.000855661462992],[0.000277852581348,-0.000565310125239,0.00292112771422,-0.000533456448466,-0.000630894268397,0.0011294609867,-0.00155203277245,0.000748977705371,-0.000181060371688,-0.000524142349605,-0.000338206824381,0.0000198219349841,0.0000740573814255],[-0.000228009434068,0.000390434492147,-0.000533456448466,0.00481462059543,-0.00286344625056,-0.000133908280986,0.00246527628042,-0.00245520030148,0.0023571527563,-0.00139794975985,-0.00190225674305,0.00216570752673,-0.000207127537578],[0.0000927767978283,0.000811298144981,-0.000630894268397,-0.00286344625056,0.0106629058719,-0.00663706241176,-0.0000242670721491,0.00254752789624,-0.00291514117271,-0.00103659881279,0.00351109332405,-0.00374445412308,0.000464412441943],[0.0000953660710366,-0.000925359432586,0.0011294609867,-0.000133908280986,-0.00663706241176,0.0176312737167,-0.0113882496953,0.000628775625955,0.00169698474929,0.00147037243005,-0.00335998903029,0.00469464110211,-0.00257551670074],[0.0000236515497818,0.000105840677861,-0.00155203277245,0.00246527628042,-0.0000242670721491,-0.0113882496953,0.0240167696029,-0.0145461764187,0.00591559009627,-0.00207653059624,0.00314172520302,-0.00474845524877,0.00311729614623],[-0.0000411216387874,0.000129278545501,0.000748977705371,-0.00245520030148,0.00254752789624,0.000628775625955,-0.0145461764187,0.02690112032,-0.0203522257507,0.0104861790314,-0.0055886269547,0.0040620979853,-0.00439745234326],[0.000115407368867,-0.000187450903468,-0.000181060371688,0.0023571527563,-0.00291514117271,0.00169698474929,0.00591559009627,-0.0203522257507,0.034994378686,-0.0258675254881,0.013652805239,-0.00900335609913,0.00456694373861],[-0.0000281032898783,-0.000350823072949,-0.000524142349605,-0.00139794975985,-0.00103659881279,0.00147037243005,-0.00207653059624,0.0104861790314,-0.0258675254881,0.0450694002211,-0.0315820276737,0.0151687618345,-0.00447451742366],[0.0000864377434482,-0.0000213189232454,-0.000338206824381,-0.00190225674305,0.00351109332405,-0.00335998903029,0.00314172520302,-0.0055886269547,0.013652805239,-0.0315820276737,0.0486865751445,-0.0294874683022,0.00960864778608],[-0.000273986777756,0.000713988207281,0.0000198219349841,0.00216570752673,-0.00374445412308,0.00469464110211,-0.00474845524877,0.0040620979853,-0.00900335609913,0.0151687618345,-0.0294874683022,0.0453183688223,-0.0244818534702],[0.000240518769715,-0.000855661462992,0.0000740573814255,-0.000207127537578,0.000464412441943,-0.00257551670074,0.00311729614623,-0.00439745234326,0.00456694373861,-0.00447451742366,0.00960864778608,-0.0244818534702,0.0333083719015]],"mean":[-776.984741211,194.680389404,35.3254585266,16.8122749329,-2.64041662216,6.13058948517,4.67119121552,5.53536605835,1.96477150917,1.59446918964,-0.583210885525,-1.18047177792,2.28480863571]},"pitch_salience":{"dmean":0.0731437727809,"dmean2":0.116508759558,"dvar":0.00445820717141,"dvar2":0.0113032879308,"max":0.849783778191,"mean":0.500748991966,"median":0.518600463867,"min":0.0234970711172,"var":0.0217191800475},"silence_rate_20dB":{"dmean":0,"dmean2":0,"dvar":0,"dvar2":0,"max":1,"mean":1,"median":1,"min":1,"var":0},"silence_rate_30dB":{"dmean":0.0382539927959,"dmean2":0.0765120759606,"dvar":0.0367916971445,"dvar2":0.085301630199,"max":1,"mean":0.93984401226,"median":1,"min":0,"var":0.0565384142101},"silence_rate_60dB":{"dmean":0.0131431315094,"dmean2":0.0262876674533,"dvar":0.0129684135318,"dvar2":0.0292341597378,"max":1,"mean":0.0751682892442,"median":0,"min":0,"var":0.0695145279169},"spectral_centroid":{"dmean":75.2672271729,"dmean2":116.193817139,"dvar":13481.8417969,"dvar2":23856.4140625,"max":11175.1357422,"mean":470.270965576,"median":405.079345703,"min":95.176399231,"var":148087.046875},"spectral_complexity":{"dmean":1.61265158653,"dmean2":2.57191705704,"dvar":2.37373781204,"dvar2":5.22113895416,"max":38,"mean":8.3815574646,"median":8,"min":0,"var":15.8191308975},"spectral_contrast_coeffs":{"dmean":[0.0499449186027,0.0483367219567,0.0378860756755,0.0348677672446,0.0269157923758,0.0234246980399],"dmean2":[0.0807744264603,0.0790334939957,0.0623239763081,0.0568317770958,0.0439635775983,0.0381483212113],"dvar":[0.00164755643345,0.00146751105785,0.000966654333752,0.000816283805761,0.000508994387928,0.000597663747612],"dvar2":[0.00420809257776,0.00383554724976,0.00258133374155,0.00210920441896,0.00127382669598,0.00150778330863],"max":[-0.300583153963,-0.381024867296,-0.475201129913,-0.520505309105,-0.683109521866,-0.543608546257],"mean":[-0.682998538017,-0.752706587315,-0.784566283226,-0.847873449326,-0.887580931187,-0.842450380325],"median":[-0.692261219025,-0.758514404297,-0.789657115936,-0.848312675953,-0.887149453163,-0.850973248482],"min":[-0.928854823112,-0.971360564232,-0.973784327507,-0.982879340649,-0.976067721844,-0.955947816372],"var":[0.0090700192377,0.00538627570495,0.00407129013911,0.00298633077182,0.00189629360102,0.00149635050911]},"spectral_contrast_valleys":{"dmean":[0.405029386282,0.385900884867,0.359435379505,0.484599620104,0.571489691734,0.658343672752],"dmean2":[0.644218623638,0.61067211628,0.560434281826,0.771855413914,0.921737551689,1.06747198105],"dvar":[0.123281568289,0.110439442098,0.100238405168,0.193759381771,0.267102867365,0.323389917612],"dvar2":[0.284058988094,0.250656306744,0.225002646446,0.475596219301,0.662149369717,0.812687158585],"max":[-4.78839254379,-4.39092350006,-5.33371019363,-6.3705072403,-6.35140228271,-8.76364135742],"mean":[-7.10900497437,-6.85511207581,-7.78032588959,-8.86106586456,-9.11459922791,-11.512802124],"median":[-6.88039445877,-6.69491863251,-7.60096931458,-8.67548847198,-8.93953132629,-11.3641605377],"min":[-28.272731781,-27.3307857513,-27.1499671936,-27.203950882,-27.3813800812,-27.3625888824],"var":[2.32942032814,1.88975393772,1.69159221649,1.54883253574,1.50860178471,1.39399194717]},"spectral_decrease":{"dmean":3.09602765647e-9,"dmean2":4.8773691752e-9,"dvar":3.27310239867e-17,"dvar2":8.12097867438e-17,"max":4.92747744829e-8,"mean":-6.14450890168e-9,"median":-3.25644755605e-9,"min":-9.96804629949e-8,"var":6.39312675319e-17},"spectral_energy":{"dmean":0.0129493661225,"dmean2":0.0196489579976,"dvar":0.000551821663976,"dvar2":0.00131975125987,"max":0.423506855965,"mean":0.0401673205197,"median":0.0282875671983,"min":1.03908376753e-20,"var":0.00146576110274},"spectral_energyband_high":{"dmean":0.0000243208814936,"dmean2":0.0000383251099265,"dvar":1.82295079032e-9,"dvar2":4.13910417052e-9,"max":0.00175825587939,"mean":0.0000409124913858,"median":0.0000188253161468,"min":7.58330266579e-21,"var":4.54648541037e-9},"spectral_energyband_low":{"dmean":0.00822858791798,"dmean2":0.013351444155,"dvar":0.000320231163641,"dvar2":0.000825402035844,"max":0.29692953825,"mean":0.0175060611218,"median":0.00780894700438,"min":4.94515444466e-23,"var":0.000560616026632},"spectral_energyband_middle_high":{"dmean":0.000565553200431,"dmean2":0.000847070361488,"dvar":0.00000239085625253,"dvar2":0.00000478761876366,"max":0.0654286965728,"mean":0.00128061743453,"median":0.000425093458034,"min":1.41858758847e-21,"var":0.00000918393197935},"spectral_energyband_middle_low":{"dmean":0.00484978826717,"dmean2":0.0070741372183,"dvar":0.0000920768216019,"dvar2":0.000183414522326,"max":0.244872123003,"mean":0.0127849504352,"median":0.00526322284713,"min":2.9655043427e-22,"var":0.000406041683163},"spectral_entropy":{"dmean":0.36160710454,"dmean2":0.58002859354,"dvar":0.0970335230231,"dvar2":0.248079925776,"max":9.78782463074,"mean":6.68161249161,"median":6.65282440186,"min":4.60331583023,"var":0.286145746708},"spectral_flux":{"dmean":0.0263125188649,"dmean2":0.0415843240917,"dvar":0.00133813719731,"dvar2":0.00290548778139,"max":0.495351970196,"mean":0.0838318392634,"median":0.0713342428207,"min":1.01935460073e-10,"var":0.0031944764778},"spectral_kurtosis":{"dmean":12.6582574844,"dmean2":20.7042675018,"dvar":193.597457886,"dvar2":519.739807129,"max":157.621887207,"mean":28.0540046692,"median":23.7451820374,"min":-1.20023262501,"var":307.352905273},"spectral_rms":{"dmean":0.000914575532079,"dmean2":0.00132649915759,"dvar":0.00000163441598033,"dvar2":0.00000354841859007,"max":0.0203267652541,"mean":0.0055637746118,"median":0.00525334430858,"min":3.18392881504e-12,"var":0.00000823218670121},"spectral_rolloff":{"dmean":3574.97192383,"dmean2":7049.55517578,"dvar":59569756,"dvar2":143503216,"max":22050,"mean":16362.6337891,"median":21791.6015625,"min":43.06640625,"var":85186928},"spectral_skewness":{"dmean":0.914238929749,"dmean2":1.48105382919,"dvar":0.75105458498,"dvar2":2.00162386894,"max":10.4740848541,"mean":4.0455288887,"median":3.87235498428,"min":-0.0224669035524,"var":1.56222951412},"spectral_spread":{"dmean":847472.9375,"dmean2":1367527.5,"dvar":570540949504,"dvar2":1409270677500,"max":40677548,"mean":3674888.5,"median":3499846.5,"min":920021.75,"var":1752357011460},"spectral_strongpeak":{"dmean":6.82080507278,"dmean2":12.6928243637,"dvar":347.83996582,"dvar2":935.890563965,"max":309.683074951,"mean":6.81212329865,"median":0.3412155509,"min":0,"var":386.800262451},"zerocrossingrate":{"dmean":0.0477523505688,"dmean2":0.0609194003046,"dvar":0.00166541640647,"dvar2":0.00266165472567,"max":0.82763671875,"mean":0.320196717978,"median":0.31005859375,"min":0.03173828125,"var":0.0142534468323}},"metadata":{"audio_properties":{"analysis_sample_rate":44100,"bit_rate":192000,"codec":"mp3","downmix":"mix","equal_loudness":0,"length":434.599182129,"lossless":false,"md5_encoded":"6201ac6c1482351ec714fb4e03193ae1","replay_gain":-5.71290016174,"sample_rate":44100},"tags":{"acoustid_fingerprint":["AQADtFHShJGSKAwO0dvBa0fJHM-YYhdCpS3CPC1-4cqeI3xa_PjhSWGEjpGO94igI9zR46h1_EGzq3h-5HaR9AwYL4nW4hyOE7Z6ohSOGxdyWpDYLJKEfMdEwc6ClqjLwGqPHnkNzYpy5Dj6CPco4biloOxIIXWg8UZUKTl-oYeRlxOeY7qe4UefHFazoh7OHzouPsVV7MlxJugTQQxR5odEP_jxDPkwtUO74Mf-oEcYRj3kGI-OJtRxlFGIa1EKXaXQHBW1BHJ6VJUEH_qR9zCrgD_hB3c2XDu8C7kU6DpyOvBZYVp4PMOnGNG1DF2h5Uf8g89xCs2PKnnwHM9hk8iFpE4UNJp49Dm-cvjxjPAWsci1pNA55B9KEg634zeuBM_BWcmGPg9-hBoSTsYz_EJ9FT8ltGPg58hCLw00_cT6C06Twz_GEy6FiQuDK8V15IoeuMkZoXLyotGOPFqg_3COfD8-fOmRoyaaRhf046eg0eHR3IiQH5d448uyoVGOXvgPQV90PMdTXMF1QuiDmH9hsRYeBe9hpfHgUHjyo5R0_EA2HXKYFdGPJ4-yodRxol90_PgiI5ILMRca5sdDH6fyIFzQxOxxZULcC98N9cgTXcWV4yeepWgeYsITPghFJcqRNHkltOdR2mhu3DGeC9cD-DvyXBKSmBvoZHiiWaguwVeG-mAVmbh4VHGSPAGTb6mQxcoILc2RB2dcfFPQ_KizgCOPK8syBSyPH9EfyP2QD00ToXzwJRpyD9fx4H8S9BP-wFWGNsmDH0efKDj0B1cd3MU3hI9ynA-O6oeP57gd9BriC1qkCqGo4w_6CCfOKOiRTDfSEteJPjwu6cO8x6jVoiHBSj-S3RdycvgxNw98RBKPo7lR1Q0yjz3OYBd6KYSPPswUpKEP2cdTIzKVJEbX7EVT3Gh-HhP54FEcBc46PJG240nwB0-Fiwom5Se0RAcbRSHO4sd0Ca9UYUqTnDid8HhiITq0sLIQ-nhyGe2To7mJnzgzBWeUxBrCaNKhyTkRK8_xhKRwPcHhSxKehciVH2pzBmE0H5dy9MnxAKceBXWaHumVQNOOXBJVPMf0POgPVB2aJczx49inCM9RPgjDI-mU3ngc4A9uXMGVYd9RPQijg9cTQfkV-McvXHizF35GyDveXNgmKtAz-HhV4TsyJdGOK8-RqTbexIIuooc7o58QJ7OPL0JMH-sVTD_yrYWDfuAlknisBNfxEZdWoU-eoHnwGndihMsCLdltPCl-EuGYD5eMH5vC7EGvFFca-Mux4zqepQyepUijhYOa4-nBdhlyJmnw4KGNXjrhE79wJ5JSvMF35fgz-CEeRjpcCe1yZFCPjM3xZxL2o-oH95JxHs5z1EsYIhcS_EOfpTmOy0Vz5NO74S30I0-DPw-aSgp6nMmD48ep6LgzPIzxoHwQxhd0IacefAlOHc8YJnimoc6Dpt9x_3iYJ9h7oTq0zBdqH43DFJd-PE0PP9gHPcaTCtdjTFbwKA9cynh0tAtexIdO5FPSomlYDTN1_Dp8osKFL0HzE0WoGg0zyHkR-0IfwsdzCj