{"lowlevel":{"average_loudness":0.382380306721,"barkbands":{"dmean":[0.0000109870425149,0.000256419065408,0.000283685018076,0.000426243088441,0.00244014128111,0.00150233623572,0.000891955918632,0.000740250165109,0.000457355810795,0.00054784247186,0.000314097094815,0.000270837830612,0.00026232842356,0.000136566261062,0.000116798604722,0.0000583015207667,0.0000820648565423,0.0000462469579361,0.000026927484214,0.0000210533798963,0.0000262960420514,0.000050825667131,0.0000536950101377,0.0000581584499741,0.000043481868488,0.0000171284791577,0.00000788443594502],"dmean2":[0.0000151518306666,0.000368621491361,0.000443645752966,0.000683601188939,0.00368116074242,0.0021861565765,0.00132539367769,0.00113307486754,0.000692709698342,0.000746880716179,0.00044742054888,0.000396310002543,0.000406032777391,0.000208266123082,0.000178001122549,0.00009079038864,0.000135980604682,0.0000747075173422,0.0000405718201364,0.0000331365663442,0.0000413704947277,0.0000790142366895,0.0000705241545802,0.0000707384533598,0.0000530719626113,0.0000211116184801,0.00000881767846295],"dvar":[2.82962231424e-9,0.00000144623982123,8.69738869369e-7,0.00000104322464267,0.0000199953592528,0.0000135509044412,0.00000452426684205,0.00000284921770799,0.00000374194746655,0.00000295335848932,3.06062702293e-7,5.3122744248e-7,3.44877065572e-7,1.10463254543e-7,9.20155400763e-8,1.34450628408e-8,2.25946248378e-8,1.16293499275e-8,7.6437105534e-9,8.58851301189e-9,2.31643131343e-8,8.78381740677e-8,8.97445602277e-8,1.20596112652e-7,7.4607804379e-8,1.40144713612e-8,5.53676171577e-9],"dvar2":[6.0816165437e-9,0.00000279298046735,0.00000212414511225,0.00000266820211436,0.0000448320060968,0.0000284815941995,0.0000102733083622,0.00000718383444109,0.0000106428960862,0.00000644229794489,6.39886138742e-7,0.00000113878718366,7.87281749126e-7,2.43789941123e-7,2.00484336688e-7,3.18740376315e-8,6.33770014247e-8,3.11145065268e-8,1.59147379719e-8,1.97273664071e-8,5.90607918127e-8,2.16556088617e-7,1.41826120625e-7,1.8208923791e-7,1.08295921564e-7,2.03483345729e-8,6.67512312091e-9],"max":[0.00327010499313,0.0566460303962,0.0394575223327,0.0232204012573,0.0805279836059,0.0983477979898,0.0603444501758,0.029526418075,0.105275698006,0.0549495182931,0.0146448854357,0.0275874622166,0.0228277146816,0.00926382653415,0.0119521720335,0.00221327180043,0.00307861459441,0.00305709685199,0.00338128651492,0.00287979375571,0.00565114058554,0.0115475514904,0.0151065196842,0.0156046189368,0.00882420409471,0.00436346791685,0.00347476336174],"mean":[0.0000567551360291,0.00135384942405,0.000670659996103,0.000839170475956,0.00625507626683,0.00368058914319,0.0018003936857,0.00149605155457,0.00100873562042,0.00109480938409,0.000674342969432,0.000579717627261,0.000470466882689,0.000268045550911,0.000237985717831,0.000116887204058,0.000172932079295,0.0000975537186605,0.0000568283321627,0.000038007790863,0.0000465309130959,0.0000857046397869,0.0000952243572101,0.000101750934846,0.000078933990153,0.0000316914847645,0.0000138018394864],"median":[0.00000180119195647,0.00000292663162327,0.0000433356944995,0.000161573145306,0.0019583448302,0.00142266694456,0.000604971137363,0.00044855903252,0.000533151032869,0.000360715202987,0.000322410662193,0.000195631218958,0.000222908653086,0.000116030649224,0.00010056924657,0.0000600667553954,0.0000853827659739,0.000042482468416,0.000022338312192,0.0000162295309565,0.0000156478054123,0.0000118776433737,0.00000828823249321,0.00000753443919166,0.00000304204922941,8.8370308049e-7,3.01511903444e-7],"min":[2.73942618589e-10,2.90568624717e-10,7.85870327147e-11,4.52879296564e-11,6.67457963899e-11,1.7407551095e-11,1.37100036185e-11,9.72020554324e-12,7.36622568498e-12,5.20953028979e-12,3.25213554003e-12,2.51963380715e-12,3.17068745391e-12,1.69393741655e-12,3.06807248877e-12,1.92496647962e-12,2.17238553535e-12,2.39083514271e-12,1.89271601864e-12,1.26417138476e-12,7.52314931272e-13,2.97671024115e-12,1.84357390465e-12,2.68952742022e-12,7.85383563739e-12,1.21706308226e-11,1.8704033114e-11],"var":[3.03099092491e-8,0.0000124964408315,0.00000278767129203,0.00000314073372465,0.0000862149390741,0.0000527553747816,0.0000102544909169,0.00000718532828614,0.00000582149277761,0.00000689888065608,0.00000113388466616,0.00000266696520157,8.27003418635e-7,2.89891687544e-7,3.58282562729e-7,3.09534655685e-8,6.33759569268e-8,3.55239784255e-8,1.98603657964e-8,1.34340876201e-8,2.8520551254e-8,2.06420097015e-7,2.99973493156e-7,3.68742320234e-7,2.48847754847e-7,4.54736337474e-8,1.75947114656e-8]},"barkbands_crest":{"dmean":2.07687664032,"dmean2":3.21318984032,"dvar":4.08468532562,"dvar2":9.27044200897,"max":26.4323482513,"mean":10.6100978851,"median":9.68918228149,"min":2.83515357971,"var":18.929271698},"barkbands_flatness_db":{"dmean":0.0160323828459,"dmean2":0.023132937029,"dvar":0.000248686294071,"dvar2":0.000482036237372,"max":0.370089828968,"mean":0.174760401249,"median":0.172177642584,"min":0.035701867193,"var":0.00210414943285},"barkbands_kurtosis":{"dmean":2.12392735481,"dmean2":3.24790215492,"dvar":16.8670349121,"dvar2":36.8597373962,"max":219.370010376,"mean":4.38102865219,"median":2.3830344677,"min":-1.88655686378,"var":57.1910514832},"barkbands_skewness":{"dmean":0.386185050011,"dmean2":0.570954322815,"dvar":0.169659435749,"dvar2":0.356962829828,"max":11.5766420364,"mean":1.50063157082,"median":1.36508643627,"min":-2.54072904587,"var":1.17950153351},"barkbands_spread":{"dmean":2.87407898903,"dmean2":4.12700843811,"dvar":29.9935798645,"dvar2":49.3466949463,"max":113.48323822,"mean":12.8904714584,"median":10.28956604,"min":0.521834075451,"var":128.338592529},"dissonance":{"dmean":0.0243252385408,"dmean2":0.0408810339868,"dvar":0.000497077126056,"dvar2":0.00133985036518,"max":0.499999970198,"mean":0.438946992159,"median":0.443955510855,"min":0.24597992003,"var":0.00124895491172},"dynamic_complexity":5.72899246216,"erbbands":{"dmean":[0.00638033915311,0.0641057044268,0.27027785778,0.987286567688,2.78086566925,10.8617258072,14.6908712387,9.32612323761,10.7840776443,16.5485248566,13.1581230164,11.4975128174,10.9937791824,15.6247053146,13.7042064667,10.2276573181,12.3575668335,7.39108657837,5.49123573303,4.26965284348,3.13700866699,3.49032330513,2.78070282936,1.77108442783,1.01703608036,1.16216850281,0.89283823967,1.1450432539,1.66900229454,1.86638712883,1.55423891544,1.32815408707,0.911624670029,0.513690471649,0.304193466902,0.112583547831,0.0239696130157,0.00590179068968,0.00133452680893,0.000102844147477],"dmean2":[0.00863373465836,0.0967438519001,0.426258862019,1.56040287018,4.37889862061,16.1805667877,21.7586574554,13.5761060715,15.6213159561,25.0236721039,20.581867218,17.3699569702,15.3366060257,21.4589118958,19.1561164856,14.7508888245,19.2581310272,11.3189563751,8.21681118011,6.66695261002,4.90641403198,5.68107557297,4.45750379562,2.82330822945,1.54459166527,1.81886720657,1.40743887424,1.76986730099,2.63338804245,2.6945271492,1.98710906506,1.6773557663,1.12872648239,0.660428166389,0.384271264076,0.136846870184,0.0300734452903,0.00760521972552,0.00145070417784,0.000122567711514],"dvar":[0.00104986235965,0.0920420512557,0.955450713634,5.59048175812,35.3716125488,473.379302979,1387.57885742,323.345031738,602.803955078,1645.33630371,1546.14453125,3101.35742188,989.000915527,2533.17871094,445.038635254,971.019592285,666.381774902,328.560180664,138.382522583,102.879623413,37.8863143921,38.2729072571,38.0787162781,26.1732940674,11.6511726379,31.1117324829,34.9551811218,35.1582450867,96.3511734009,117.968193054,80.7324905396,54.2859039307,37.0018806458,10.667090416,3.94008541107,0.604161918163,0.0258951634169,0.00180556217674,0.00016596794012,0.00000124334053453],"dvar2":[0.00190288049635,0.19528748095,2.4297504425,14.3168048859,96.0079803467,1040.21252441,3030.49389648,697.015319824,1299.12902832,3872.8347168,4158.7109375,8991.60449219,1802.89477539,5675.13623047,936.536071777,2040.0567627,1600.83093262,720.641906738,291.704925537,237.147460938,93.4895172119,100.879386902,96.8404388428,61.7752227783,22.9589672089,74.915222168,87.653137207,88.4484481812,246.298614502,255.676574707,125.465789795,86.4081497192,61.663066864,18.0653362274,5.52631378174,0.847326397896,0.0401325970888,0.00260900403373,0.000208153651329,0.00000173570572315],"max":[1.52994477749,13.4853534698,42.3696289062,49.8299255371,109.696372986,387.744506836,811.626159668,439.190032959,501.797180176,956.458312988,772.224975586,3010.27124023,1673.57275391,1427.41235352,505.829376221,1157.79211426,804.766479492,556.04119873,337.364074707,366.028167725,124.39276886,131.355392456,201.190887451,184.008178711,155.434936523,140.473480225,262.378387451,217.474334717,408.285552979,416.134002686,531.801269531,295.289489746,275.829803467,111.863975525,67.878868103,31.0397605896,5.7347278595,1.47496128082,0.643097341061,0.0529854074121],"mean":[0.0375104248524,0.304236650467,0.707854270935,2.09732913971,7.19885826111,26.388463974,33.575012207,25.9241504669,24.015089035,33.6595458984,28.9632701874,26.5208206177,23.588432312,32.776008606,33.1957473755,25.0556354523,23.3345279694,15.440580368,12.009396553,9.26271152496,7.44424200058,8.13199138641,6.39649391174,3.79773783684,2.29115557671,2.05963802338,1.64473211765,2.04759812355,2.80319833755,3.12816905975,2.72273635864,2.31600904465,1.57162082195,0.89775377512,0.552750527859,0.20107448101,0.0447071455419,0.0112062040716,0.0022566835396,0.000189550366485],"median":[0.000163884746144,0.00347437313758,0.0647246167064,0.563132703304,2.45487761497,6.63457393646,8.81231880188,13.2576818466,9.81479358673,11.8499822617,9.32437133789,14.1560249329,10.6717481613,10.2688684464,18.1252498627,10.1005649567,11.4503850937,7.97871637344,6.16372013092,4.62315988541,4.10166358948,4.27199220657,3.10599017143,1.70290541649,0.935778796673,0.826789140701,0.696819961071,0.52948898077,0.384298592806,0.31518420577,0.253258883953,0.220040723681,0.0720143616199,0.0374567694962,0.0182628128678,0.0050947968848,0.00129140960053,0.000437336770119,0.0000551459379494,0.0000260551460087],"min":[1.24800552115e-8,5.13433420224e-8,1.04838015602e-7,1.37016101576e-7,1.79213216711e-7,2.34654081055e-7,1.88379658539e-7,1.35615323416e-7,1.99389106115e-7,1.79592205996e-7,2.24955741146e-7,1.602306412e-7,1.7427166199e-7,1.67006945162e-7,1.10957856236e-7,1.00548682269e-7,1.3377817254e-7,9.60802921668e-8,1.46581868421e-7,1.39726225257e-7,1.08947837418e-7,1.17378498032e-7,1.09535314152e-7,1.55415122549e-7,5.68234632681e-8,6.37780601664e-8,4.96403558259e-8,3.01633242827e-8,1.03072245849e-7,8.85640574211e-8,5.04997892392e-8,4.91170482064e-8,5.09943518523e-8,5.05792527861e-8,7.39451238019e-8,3.11681205289e-8,3.50601467858e-8,4.91497242905e-9,1.86724613549e-9,3.72281150351e-10],"var":[0.00847772788256,0.683617293835,3.35617423058,15.0594367981,147.64944458,1871.24035645,4655.03857422,1495.96240234,1567.39880371,4138.12548828,3809.7019043,4609.28710938,2713.31982422,6490.42138672,1788.62145996,5205.36914062,1595.33093262,893.056762695,495.735870361,342.973571777,113.003936768,127.496788025,127.115013123,59.7937393188,37.298324585,41.4473571777,37.9324989319,60.8906440735,215.734512329,308.96395874,260.581756592,170.572967529,102.221138,30.360080719,13.4911355972,1.97090160847,0.0837481096387,0.00598975783214,0.000494225823786,0.00000338832569469]},"erbbands_crest":{"dmean":2.17145395279,"dmean2":3.34007978439,"dvar":4.34079933167,"dvar2":9.74805450439,"max":32.2963371277,"mean":9.82716083527,"median":8.95016384125,"min":2.1587061882,"var":16.877161026},"erbbands_flatness_db":{"dmean":0.0135967740789,"dmean2":0.0190989002585,"dvar":0.000194286447368,"dvar2":0.000362269056495,"max":0.439142674208,"mean":0.210351213813,"median":0.204022228718,"min":0.0244659427553,"var":0.00317218713462},"erbbands_kurtosis":{"dmean":0.999315559864,"dmean2":1.50759994984,"dvar":7.9526143074,"dvar2":14.5117607117,"max":153.951644897,"mean":1.17485272884,"median":0.428963303566,"min":-1.76634836197,"var":25.2989139557},"erbbands_skewness":{"dmean":0.303850978613,"dmean2":0.458381742239,"dvar":0.106367908418,"dvar2":0.227280572057,"max":11.0442371368,"mean":0.624637246132,"median":0.588692247868,"min":-2.65829992294,"var":0.49884596467},"erbbands_spread":{"dmean":4.53991699219,"dmean2":6.62357568741,"dvar":45.4229278564,"dvar2":87.1883621216,"max":136.081832886,"mean":25.6249332428,"median":22.2290859222,"min":0.94523191452,"var":243.34538269},"gfcc":{"cov":[[18637.6855469,-1114.22155762,-19.7330532074,2380.71582031,-1082.38439941,310.575561523,-700.573669434,-95.032409668,0.474328905344,151.376052856,27.953086853,287.104949951,316.431060791],[-1114.22155762,1866.28723145,-411.96295166,-294.657226562,438.10736084,-347.367828369,246.179138184,-173.123916626,10.4113073349,-125.436218262,71.4362640381,-162.416824341,-100.588104248],[-19.7330532074,-411.96295166,1436.10900879,227.82623291,214.901062012,452.265777588,89.8255386353,256.121520996,72.5522155762,216.510025024,48.9473495483,142.027954102,11.9495820999],[2380.71582031,-294.657226562,227.82623291,699.289001465,-77.1243438721,131.162384033,3.74700331688,34.0709381104,69.1828994751,66.1164398193,28.7227706909,56.8288497925,59.2495918274],[-1082.38439941,438.10736084,214.901062012,-77.1243438721,423.924285889,20.7397499084,199.462417603,104.281196594,64.5907974243,60.232963562,53.5790023804,13.448638916,-36.8159332275],[310.575561523,-347.367828369,452.265777588,131.162384033,20.7397499084,353.962554932,65.8480148315,160.052856445,49.6256637573,75.5612487793,26.1012744904,60.4456291199,23.9119968414],[-700.573669434,246.179138184,89.8255386353,3.74700331688,199.462417603,65.8480148315,297.431488037,77.3935699463,61.40051651,52.4332923889,58.4269294739,11.639623642,-9.96637535095],[-95.032409668,-173.123916626,256.121520996,34.0709381104,104.281196594,160.052856445,77.3935699463,208.893096924,56.719367981,55.2503547668,38.049331665,44.6165046692,9.92185115814],[0.474328905344,10.4113073349,72.5522155762,69.1828994751,64.5907974243,49.6256637573,61.40051651,56.719367981,105.255767822,42.2612800598,33.3864212036,18.4733467102,2.99668598175],[151.376052856,-125.436218262,216.510025024,66.1164398193,60.232963562,75.5612487793,52.4332923889,55.2503547668,42.2612800598,142.03604126,38.8616409302,53.5152816772,4.73890113831],[27.953086853,71.4362640381,48.9473495483,28.7227706909,53.5790023804,26.1012744904,58.4269294739,38.049331665,33.3864212036,38.8616409302,91.5305328369,27.0972633362,14.7080602646],[287.104949951,-162.416824341,142.027954102,56.8288497925,13.448638916,60.4456291199,11.639623642,44.6165046692,18.4733467102,53.5152816772,27.0972633362,104.655403137,54.9192047119],[316.431060791,-100.588104248,11.9495820999,59.2495918274,-36.8159332275,23.9119968414,-9.96637535095,9.92185115814,2.99668598175,4.73890113831,14.7080602646,54.9192047119,130.975418091]],"icov":[[0.000160459923791,-0.000244366849074,0.000137493785587,-0.000562838336919,0.000398722331738,-0.00020222539024,0.000407756655477,-0.00029987670132,0.000261858513113,-0.000363636470865,0.000123624922708,-0.000477730238345,0.0000630728536635],[-0.000244366849074,0.00197318196297,-0.000268937466899,0.00100635620765,-0.00233989930712,0.000994055182673,-0.0012773986673,0.00210693432018,-0.000677221396472,0.00192016502842,-0.00180849968456,0.00223771249875,-0.000210143829463],[0.000137493785587,-0.000268937466899,0.0017378119519,-0.000727079168428,-0.000544154492673,-0.00191986176651,0.00100061239209,-0.000483746116515,0.000892335025128,-0.00160605541896,0.000533152779099,-0.00117522513028,0.000412579625845],[-0.000562838336919,0.00100635620765,-0.000727079168428,0.00380298029631,-0.000956435163971,0.000483848212752,-0.00157104362734,0.00163372966927,-0.00220908527263,0.00114981923252,-0.000749090162572,0.00174397765659,-0.000760050606914],[0.000398722331738,-0.00233989930712,-0.000544154492673,-0.000956435163971,0.00761681515723,0.000778156681918,-0.000885280838702,-0.00408014422283,-0.000212415412534,-0.00229552853853,0.00159134401474,-0.00280930893496,0.0010498407064],[-0.00020222539024,0.000994055182673,-0.00191986176651,0.000483848212752,0.000778156681918,0.00748157920316,-0.00224608345889,-0.00250010075979,-0.00101486546919,0.00127073004842,-0.000409633968957,0.00117462372873,-0.000389702647226],[0.000407756655477,-0.0012773986673,0.00100061239209,-0.00157104362734,-0.000885280838702,-0.00224608345889,0.00713404873386,-0.0013519359054,-0.0000323893327732,-0.0022773258388,-0.000711508735549,-0.00110201817006,0.0000848631607369],[-0.00029987670132,0.00210693432018,-0.000483746116515,0.00163372966927,-0.00408014422283,-0.00250010075979,-0.0013519359054,0.01163910795,-0.00299942609854,0.0024554298725,-0.00294015672989,0.00116074515972,-0.00020410430443],[0.000261858513113,-0.000677221396472,0.000892335025128,-0.00220908527263,-0.000212415412534,-0.00101486546919,-0.0000323893327732,-0.00299942609854,0.0144524788484,-0.00305275898427,-0.00148631469347,-0.000670425593853,0.00034331070492],[-0.000363636470865,0.00192016502842,-0.00160605541896,0.00114981923252,-0.00229552853853,0.00127073004842,-0.0022773258388,0.0024554298725,-0.00305275898427,0.0139530608431,-0.00391505938023,-0.00214677676558,0.00164785410743],[0.000123624922708,-0.00180849968456,0.000533152779099,-0.000749090162572,0.00159134401474,-0.000409633968957,-0.000711508735549,-0.00294015672989,-0.00148631469347,-0.00391505938023,0.0165380034596,-0.00366987194866,-0.000849363743328],[-0.000477730238345,0.00223771249875,-0.00117522513028,0.00174397765659,-0.00280930893496,0.00117462372873,-0.00110201817006,0.00116074515972,-0.000670425593853,-0.00214677676558,-0.00366987194866,0.0200845897198,-0.00690141692758],[0.0000630728536635,-0.000210143829463,0.000412579625845,-0.000760050606914,0.0010498407064,-0.000389702647226,0.0000848631607369,-0.00020410430443,0.00034331070492,0.00164785410743,-0.000849363743328,-0.00690141692758,0.0109373321757]],"mean":[-78.0347824097,111.511230469,-130.751052856,-13.8720035553,-68.4477081299,-5.75530290604,-45.1436576843,-11.1376199722,-26.1310043335,-11.222492218,-14.0238723755,-0.990085244179,-11.6018867493]},"hfc":{"dmean":3.76266241074,"dmean2":4.87753152847,"dvar":103.258415222,"dvar2":141.433654785,"max":427.654510498,"mean":14.208316803,"median":10.2482128143,"min":8.24085077511e-7,"var":479.758209229},"melbands":{"dmean":[0.0000622919469606,0.000120993398014,0.000192257022718,0.000460574403405,0.000529426673893,0.000228960052482,0.000167600475834,0.00017358455807,0.00011082484707,0.0000647627966828,0.0000564940964978,0.0000679656441207,0.000042522115109,0.0000331480769091,0.000034011889511,0.0000182405565283,0.0000153041073645,0.00000856284714246,0.00000809720040706,0.0000052328291531,0.00000407736069974,0.00000411294649894,0.00000385497878597,0.00000245434284807,0.00000149945242356,9.37668062306e-7,5.97035352712e-7,8.71702411587e-7,5.17052114901e-7,7.08775189651e-7,6.97507744007e-7,9.37250149491e-7,0.00000116777903258,0.00000103200500234,8.55131702338e-7,0.00000102227818388,7.73596298131e-7,7.11332234005e-7,5.37640175935e-7,4.22044763582e-7],"dmean2":[0.0000853134479257,0.000186543678865,0.00030564138433,0.000697257171851,0.000783184950706,0.000330951239448,0.000244150432991,0.000262543209828,0.000174744651304,0.0000970657347352,0.0000788428733358,0.0000934771960601,0.0000606923713349,0.0000464010372525,0.000052470335504,0.0000280047170236,0.0000236020350712,0.0000127409166453,0.0000124283988043,0.00000825324696052,0.00000647786691843,0.00000670110011924,0.00000633081026535,0.00000406691106036,0.00000237954782278,0.00000146107413457,9.26024426917e-7,0.00000138816972139,8.20313800887e-7,0.00000115655268473,0.00000108513086161,0.00000147659284266,0.00000181534551302,0.00000148608182826,0.00000114964882414,0.00000134537310714,0.00000102178466932,9.27991777644e-7,6.69914129503e-7,5.82814664085e-7],"dvar":[8.964941145e-8,2.1488983748e-7,1.69576722442e-7,7.15968724307e-7,0.00000129760007894,2.12073416606e-7,1.47062735323e-7,1.67768618553e-7,1.26370593989e-7,9.83005961075e-8,2.9187004813e-8,5.24266319246e-8,4.33417257639e-9,4.48947323761e-9,8.37875280268e-9,1.21165089073e-9,1.45135847784e-9,3.25791005285e-10,7.5783684883e-10,1.00776699485e-10,6.46918352221e-11,6.29186147627e-11,6.5091251833e-11,3.73747040261e-11,2.36805661885e-11,1.06320586016e-11,6.47336437926e-12,1.79395925198e-11,1.38550828796e-11,1.8519616396e-11,1.255957751e-11,3.21270787751e-11,5.35086003284e-11,3.47560071001e-11,2.77617026589e-11,3.03014037473e-11,2.05607319365e-11,2.46183143315e-11,1.14341383584e-11,7.78331826073e-12],"dvar2":[1.58864310151e-7,5.16553996022e-7,4.37849593027e-7,0.00000165014193954,0.00000282356404568,4.42313620397e-7,3.2529325722e-7,3.95333159986e-7,3.40051599323e-7,2.85922197918e-7,5.50949792455e-8,1.17852273718e-7,9.23091647564e-9,9.1474108288e-9,1.83835684453e-8,2.84240475601e-9,3.23907523025e-9,6.72934652446e-10,1.7001073882e-9,2.39843783723e-10,1.68907707265e-10,1.64466829045e-10,1.87881654679e-10,1.12366296823e-10,5.6380847907e-11,2.39008916825e-11,1.26891873745e-11,4.42233541453e-11,3.39292205442e-11,4.97769464536e-11,3.06011119222e-11,8.5454483767e-11,1.3341819316e-10,7.46594730483e-11,4.65281389805e-11,5.23376550432e-11,3.41174519192e-11,4.44602792082e-11,1.86544807379e-11,1.50021817885e-11],"max":[0.0145472595468,0.0209902692586,0.0088341422379,0.0140023948625,0.0212027877569,0.010968292132,0.00964072067291,0.00911417976022,0.00753679126501,0.0166119430214,0.0086429528892,0.00678714923561,0.00152018503286,0.00250925426371,0.00305286748335,0.000722108059563,0.00111587776337,0.000540004228242,0.00121158047114,0.000214650528505,0.000188152553164,0.000164949917234,0.00018312955217,0.000161794407177,0.000181541487109,0.000124886733829,0.000135788766784,0.000108743319288,0.00016148146824,0.000175533044967,0.000126996368635,0.000236503066844,0.000293132470688,0.000235897838138,0.000301041960483,0.000269683689112,0.000176629269845,0.000226319796639,0.000156728783622,0.0000937359000091],"mean":[0.000359836645657,0.000396952033043,0.000436323782196,0.0012066999916,0.00126395875122,0.000609550334048,0.000363138475223,0.000354961084668,0.000234847437241,0.000150522959302,0.000116304283438,0.000135847119964,0.0000959236203926,0.0000791463826317,0.000066359716584,0.0000353756404365,0.0000288140709017,0.0000178585578396,0.0000167029556906,0.00000989312320598,0.00000870777512318,0.0000089259010565,0.00000747809144741,0.00000476788090964,0.00000290504726763,0.00000183817962807,0.00000127209216316,0.00000138005043482,9.2829247933e-7,0.00000115390844257,0.00000118902084978,0.00000148613696638,0.00000185601402336,0.00000164670620961,0.00000144388661738,0.00000172580564595,0.00000128705914904,0.00000114177919386,9.24665243929e-7,6.95430117048e-7],"median":[7.30786950953e-7,0.0000193175528693,0.000144125457155,0.000346584565705,0.000355527183274,0.000286846188828,0.000138314077049,0.000123661418911,0.0000756529916544,0.0000815376552055,0.0000460448281956,0.0000354431831511,0.00005242743282,0.0000353478098987,0.0000218235218199,0.0000188986177818,0.0000131360029627,0.00000875186105986,0.00000639517475065,0.00000518877186551,0.00000448257969765,0.00000445043997388,0.00000338301310876,0.00000198849784283,0.00000117488980322,6.93587992373e-7,4.95828430758e-7,5.10592940373e-7,4.01709428388e-7,3.707462497e-7,2.48343440035e-7,1.92166709212e-7,1.93206133758e-7,1.33753019327e-7,1.22937024116e-7,1.38378183578e-7,1.01708252487e-7,3.86092189331e-8,2.91169204303e-8,2.78302767498e-8],"min":[1.09340425603e-10,6.03282701572e-11,2.51194690049e-11,1.52372454931e-11,7.54146484844e-12,3.13340607801e-12,2.99013808505e-12,1.96019654501e-12,1.79005096336e-12,9.78673414011e-13,8.56086089605e-13,6.72580860363e-13,4.04598229919e-13,2.78194839127e-13,3.01032500793e-13,2.87538303714e-13,1.56712248972e-13,2.28341569828e-13,2.14774568573e-13,1.50507576779e-13,1.28601258332e-13,1.34261118933e-13,8.13972844747e-14,1.2684859131e-13,1.31369822789e-13,4.70509726016e-14,3.34810406125e-14,4.16725370032e-14,3.87507104042e-14,8.92853702756e-15,2.14383615434e-14,5.22657715989e-14,6.80709286681e-14,4.03532188133e-14,2.45521139498e-14,3.44172458003e-14,3.11051978987e-14,3.03123140737e-14,5.9044993016e-14,3.01011013261e-14],"var":[8.15339433302e-7,0.00000103465549728,5.22026311955e-7,0.00000340451674674,0.0000048663432608,9.60624447544e-7,3.65919959222e-7,4.30672031371e-7,2.86360432256e-7,1.47062337419e-7,7.66416405895e-8,1.29273331595e-7,1.59490252116e-8,2.21624727459e-8,3.24141034014e-8,2.96377544728e-9,3.62466945347e-9,9.47833478371e-10,2.94794699762e-9,2.27208668546e-10,1.71019809425e-10,1.81592171855e-10,1.63034294398e-10,8.44265907185e-11,4.70303899991e-11,2.3304960392e-11,1.81411014682e-11,2.048834713e-11,1.48443219522e-11,1.83522416014e-11,2.44976296193e-11,6.19738219076e-11,1.10846234969e-10,8.8959832556e-11,7.90141216345e-11,9.31407312388e-11,5.70360182695e-11,5.94348043004e-11,3.37704968156e-11,1.87429568393e-11]},"melbands_crest":{"dmean":2.43830156326,"dmean2":3.76448702812,"dvar":5.53987407684,"dvar2":13.2357807159,"max":39.0199165344,"mean":13.3732671738,"median":12.2809562683,"min":2.96137428284,"var":27.3786849976},"melbands_flatness_db":{"dmean":0.0185486115515,"dmean2":0.0263125542551,"dvar":0.000353086623363,"dvar2":0.000661762838718,"max":0.431093037128,"mean":0.242612853646,"median":0.240773707628,"min":0.0401462949812,"var":0.00333678512834},"melbands_kurtosis":{"dmean":3.37812614441,"dmean2":5.134329319,"dvar":50.9517669678,"dvar2":115.717025757,"max":327.695495605,"mean":8.19128513336,"median":4.60032367706,"min":-1.73145437241,"var":177.297180176},"melbands_skewness":{"dmean":0.429356724024,"dmean2":0.64463442564,"dvar":0.240877464414,"dvar2":0.552132606506,"max":14.270324707,"mean":1.94758009911,"median":1.76302075386,"min":-1.22929704189,"var":1.63391494751},"melbands_spread":{"dmean":3.65707802773,"dmean2":5.14485645294,"dvar":51.7586517334,"dvar2":79.3977127075,"max":222.911697388,"mean":15.7909832001,"median":13.0464029312,"min":0.790796220303,"var":218.756057739},"mfcc":{"cov":[[14093.3183594,-116.258346558,103.117652893,938.921142578,131.535003662,166.301727295,-636.181335449,-118.476211548,-275.75680542,-203.150482178,-268.752532959,-62.0700492859,-50.6166381836],[-116.258346558,1778.79187012,-467.047393799,99.459236145,37.3651351929,-39.8718452454,101.241241455,-38.3469696045,-87.878364563,-7.50706768036,40.140712738,-15.9236774445,-33.863948822],[103.117652893,-467.047393799,1051.39611816,49.163433075,252.874526978,230.579101562,161.336929321,152.77243042,113.822975159,117.432914734,125.375793457,86.4213409424,80.0866088867],[938.921142578,99.459236145,49.163433075,462.411621094,81.590713501,104.567329407,34.4618873596,23.2033004761,15.107875824,35.1744384766,45.4251937866,36.8350219727,35.7512359619],[131.535003662,37.3651351929,252.874526978,81.590713501,261.534790039,68.1049346924,72.0045166016,82.6412506104,67.0791931152,63.2829589844,51.2275657654,52.6223068237,50.9349784851],[166.301727295,-39.8718452454,230.579101562,104.567329407,68.1049346924,197.508026123,97.2720947266,66.883895874,59.4529533386,60.4611968994,76.3624649048,34.1996955872,56.9777603149],[-636.181335449,101.241241455,161.336929321,34.4618873596,72.0045166016,97.2720947266,245.993255615,113.642974854,91.4740829468,89.5840835571,98.5304641724,42.1476135254,64.4668502808],[-118.476211548,-38.3469696045,152.77243042,23.2033004761,82.6412506104,66.883895874,113.642974854,175.34324646,81.4030914307,75.410194397,58.134349823,44.7170028687,43.2207717896],[-275.75680542,-87.878364563,113.822975159,15.107875824,67.0791931152,59.4529533386,91.4740829468,81.4030914307,143.052352905,57.3800849915,43.7103157043,22.2035732269,47.0547027588],[-203.150482178,-7.50706768036,117.432914734,35.1744384766,63.2829589844,60.4611968994,89.5840835571,75.410194397,57.3800849915,124.2133255,66.1982879639,32.9866256714,44.5610847473],[-268.752532959,40.140712738,125.375793457,45.4251937866,51.2275657654,76.3624649048,98.5304641724,58.134349823,43.7103157043,66.1982879639,190.029556274,58.3757820129,33.8272285461],[-62.0700492859,-15.9236774445,86.4213409424,36.8350219727,52.6223068237,34.1996955872,42.1476135254,44.7170028687,22.2035732269,32.9866256714,58.3757820129,121.644882202,25.9896011353],[-50.6166381836,-33.863948822,80.0866088867,35.7512359619,50.9349784851,56.9777603149,64.4668502808,43.2207717896,47.0547027588,44.5610847473,33.8272285461,25.9896011353,144.621139526]],"icov":[[0.000108408392407,-0.0000114846970973,-0.0000299073017231,-0.000211794380448,-0.0000420790856879,-0.000157838294399,0.000369532004697,-0.000169258157257,0.000133780180477,0.0000881933738128,0.0000896761557669,0.0000518416891282,-0.0000339570651704],[-0.0000114846970973,0.000839283282403,0.000583579065278,-0.0000493224033562,-0.000709500280209,-0.000135940543259,-0.000929896428715,0.000219578534598,0.000822783680633,0.0000505031966895,-0.00021356898651,0.000171959414729,0.000269647134701],[-0.0000299073017231,0.000583579065278,0.00202753115445,0.000433662964497,-0.00164926995058,-0.00165899225976,-0.000705778773408,-0.0000670323424856,0.000605889421422,-0.00011368853302,-0.000244177557761,-0.000105177197838,0.000379222765332],[-0.000211794380448,-0.0000493224033562,0.000433662964497,0.00310585740954,-0.000745035940781,-0.001438253792,-0.000445075129392,0.000562765053473,0.0000965323051787,-0.000372191367205,-0.000217608205276,-0.000499132322147,-0.0000104880837171],[-0.0000420790856879,-0.000709500280209,-0.00164926995058,-0.000745035940781,0.00664340378717,0.00104165484663,0.00082100846339,-0.00105606135912,-0.00187885761261,-0.000847272982355,0.000281977205304,-0.00115683989134,-0.000869589508511],[-0.000157838294399,-0.000135940543259,-0.00165899225976,-0.001438253792,0.00104165484663,0.00982121750712,-0.0016116714105,-0.0000760180482757,-0.00131465506274,-0.000579005863983,-0.00145779037848,0.000288735085633,-0.00141267245635],[0.000369532004697,-0.000929896428715,-0.000705778773408,-0.000445075129392,0.00082100846339,-0.0016116714105,0.00994620937854,-0.00318645057268,-0.00213866238482,-0.00143089226913,-0.00130497827195,0.000212649203604,-0.0013193457853],[-0.000169258157257,0.000219578534598,-0.0000670323424856,0.000562765053473,-0.00105606135912,-0.0000760180482757,-0.00318645057268,0.0108316363767,-0.0026841503568,-0.00267653539777,0.000236620137002,-0.00156294472981,0.000398940610467],[0.000133780180477,0.000822783680633,0.000605889421422,0.0000965323051787,-0.00187885761261,-0.00131465506274,-0.00213866238482,-0.0026841503568,0.0121996663511,-0.00110127404332,0.0000362465470971,0.00089092674898,-0.000983325764537],[0.0000881933738128,0.0000505031966895,-0.00011368853302,-0.000372191367205,-0.000847272982355,-0.000579005863983,-0.00143089226913,-0.00267653539777,-0.00110127404332,0.0138359321281,-0.0020253972616,-0.0000558485553483,-0.00125915277749],[0.0000896761557669,-0.00021356898651,-0.000244177557761,-0.000217608205276,0.000281977205304,-0.00145779037848,-0.00130497827195,0.000236620137002,0.0000362465470971,-0.0020253972616,0.00818384811282,-0.00254097138532,0.000311104231514],[0.0000518416891282,0.000171959414729,-0.000105177197838,-0.000499132322147,-0.00115683989134,0.000288735085633,0.000212649203604,-0.00156294472981,0.00089092674898,-0.0000558485553483,-0.00254097138532,0.0106334779412,-0.000683228601702],[-0.0000339570651704,0.000269647134701,0.000379222765332,-0.0000104880837171,-0.000869589508511,-0.00141267245635,-0.0013193457853,0.000398940610467,-0.000983325764537,-0.00125915277749,0.000311104231514,-0.000683228601702,0.00884811300784]],"mean":[-715.287353516,147.985473633,-13.9913415909,-8.63302326202,-13.2232036591,-7.73212909698,-16.042350769,-5.93001317978,-15.2748212814,-13.1663837433,-10.284693718,-4.21342563629,-8.73516845703]},"pitch_salience":{"dmean":0.0554871857166,"dmean2":0.087208211422,"dvar":0.00265202019364,"dvar2":0.00643171230331,"max":0.901643812656,"mean":0.558856666088,"median":0.570458233356,"min":0.0373031012714,"var":0.0128659820184},"silence_rate_20dB":{"dmean":0,"dmean2":0,"dvar":0,"dvar2":0,"max":1,"mean":1,"median":1,"min":1,"var":0},"silence_rate_30dB":{"dmean":0.00220507173799,"dmean2":0.00441075116396,"dvar":0.00220020930283,"dvar2":0.00494264019653,"max":1,"mean":0.99724406004,"median":1,"min":0,"var":0.00274836434983},"silence_rate_60dB":{"dmean":0.0248070564121,"dmean2":0.0496209524572,"dvar":0.0241916663945,"dvar2":0.052120808512,"max":1,"mean":0.17707040906,"median":0,"min":0,"var":0.145716488361},"spectral_centroid":{"dmean":127.217773438,"dmean2":184.502166748,"dvar":42683.5703125,"dvar2":73851.8515625,"max":5190.61572266,"mean":830.667053223,"median":726.724304199,"min":256.693847656,"var":211660.0625},"spectral_complexity":{"dmean":1.81725466251,"dmean2":2.88187456131,"dvar":3.2441675663,"dvar2":7.17901659012,"max":38,"mean":13.2578201294,"median":14,"min":0,"var":37.4475135803},"spectral_contrast_coeffs":{"dmean":[0.0424679480493,0.0393770001829,0.0332251414657,0.0265586394817,0.0201838724315,0.016020109877],"dmean2":[0.0677390694618,0.0634478628635,0.0513820201159,0.0427548289299,0.0321713648736,0.0248103234917],"dvar":[0.00131932378281,0.00116981589235,0.000780681264587,0.000497643137351,0.000311318406602,0.000258046347881],"dvar2":[0.00321668991819,0.00288735283539,0.00179530482274,0.00120649382006,0.000742972188164,0.000540242705029],"max":[-0.224009364843,-0.39050874114,-0.487382680178,-0.486383020878,-0.584943294525,-0.603751301765],"mean":[-0.50630491972,-0.689743578434,-0.721520066261,-0.739143550396,-0.757748425007,-0.775511205196],"median":[-0.496906250715,-0.688511788845,-0.720170676708,-0.741618275642,-0.75325858593,-0.768194556236],"min":[-0.942731678486,-0.961958765984,-0.960745275021,-0.941876351833,-0.930092155933,-0.914231061935],"var":[0.0165960155427,0.0068902769126,0.00507683539763,0.00346383452415,0.00287807360291,0.00356191117316]},"spectral_contrast_valleys":{"dmean":[0.383897036314,0.300642579794,0.283754467964,0.246686339378,0.209380313754,0.237221509218],"dmean2":[0.625471174717,0.479911327362,0.442702889442,0.385486662388,0.319668918848,0.320246487856],"dvar":[0.130380123854,0.0868320167065,0.0812776461244,0.0671536773443,0.0656409189105,0.091319359839],"dvar2":[0.301078349352,0.190814897418,0.165588140488,0.140109404922,0.137178048491,0.14357675612],"max":[-5.26963329315,-5.04755306244,-5.86531591415,-6.80316781998,-6.30890512466,-6.89769697189],"mean":[-9.23367118835,-7.03518486023,-7.69085359573,-8.50276279449,-9.03510475159,-11.4891147614],"median":[-9.55978298187,-6.75770902634,-7.4373960495,-8.17342662811,-8.56353759766,-11.095208168],"min":[-16.9977149963,-17.3025112152,-17.1042041779,-17.5594520569,-16.993265152,-17.9096508026],"var":[3.18648290634,1.60983669758,1.24381661415,1.38622558117,1.81535613537,2.6542403698]},"spectral_decrease":{"dmean":1.22933885294e-9,"dmean2":1.7918320161e-9,"dvar":3.51555275853e-18,"dvar2":7.48749745695e-18,"max":-2.16181747267e-16,"mean":-5.33455057905e-9,"median":-4.07236289135e-9,"min":-4.19036112476e-8,"var":2.6189360411e-17},"spectral_energy":{"dmean":0.00488931871951,"dmean2":0.00709311757237,"dvar":0.0000539436441613,"dvar2":0.000114872964332,"max":0.162763625383,"mean":0.0214225687087,"median":0.0167339630425,"min":8.90667040121e-10,"var":0.000407602405176},"spectral_energyband_high":{"dmean":0.000230139339692,"dmean2":0.000275935570244,"dvar":0.00000129484044464,"dvar2":0.00000181587006409,"max":0.0518744885921,"mean":0.000474424072308,"median":0.0000787677199696,"min":4.53184746674e-11,"var":0.00000519297509527},"spectral_energyband_low":{"dmean":0.000700103410054,"dmean2":0.00105965335388,"dvar":0.00000438537472292,"dvar2":0.00000933903083933,"max":0.0910833626986,"mean":0.00249634915963,"median":0.000307402631734,"min":5.38999289645e-10,"var":0.0000281092197838},"spectral_energyband_middle_high":{"dmean":0.00104505883064,"dmean2":0.00146673736162,"dvar":0.00000403716239816,"dvar2":0.00000886730504135,"max":0.0572359152138,"mean":0.00362111674622,"median":0.00259070028551,"min":2.68839412537e-11,"var":0.000018157528757},"spectral_energyband_middle_low":{"dmean":0.00428892439231,"dmean2":0.0063163889572,"dvar":0.000045693370339,"dvar2":0.000100770994322,"max":0.133793145418,"mean":0.0153973232955,"median":0.0104969153181,"min":1.62150765037e-10,"var":0.000262967718299},"spectral_entropy":{"dmean":0.14405632019,"dmean2":0.203535497189,"dvar":0.0253391675651,"dvar2":0.0439592674375,"max":9.07736110687,"mean":7.00961446762,"median":6.9704375267,"min":5.29875230789,"var":0.238005116582},"spectral_flux":{"dmean":0.0140753677115,"dmean2":0.0232643149793,"dvar":0.000307024165522,"dvar2":0.000829090480693,"max":0.28319182992,"mean":0.050031632185,"median":0.0463770851493,"min":0.000121391967696,"var":0.00110833346844},"spectral_kurtosis":{"dmean":3.85826730728,"dmean2":6.48841094971,"dvar":40.3594360352,"dvar2":112.58757782,"max":113.306632996,"mean":12.0148773193,"median":7.96813869476,"min":-1.13017761707,"var":179.057723999},"spectral_rms":{"dmean":0.000470827362733,"dmean2":0.000667108688504,"dvar":2.99793896374e-7,"dvar2":6.13498514213e-7,"max":0.0126013401896,"mean":0.00399059709162,"median":0.00404052203521,"min":9.32171360546e-7,"var":0.00000497520250065},"spectral_rolloff":{"dmean":265.03704834,"dmean2":430.132781982,"dvar":662718.4375,"dvar2":1148694.625,"max":13049.1210938,"mean":1184.45080566,"median":904.39453125,"min":21.533203125,"var":2116840.25},"spectral_skewness":{"dmean":0.332707077265,"dmean2":0.53902566433,"dvar":0.170742407441,"dvar2":0.456061691046,"max":8.5203294754,"mean":2.42460489273,"median":2.21933865547,"min":-0.168244197965,"var":1.07244050503},"spectral_spread":{"dmean":426948.40625,"dmean2":580539.625,"dvar":488581365760,"dvar2":664490672128,"max":20032886,"mean":3697801.75,"median":3305551,"min":691407.1875,"var":4723523977220},"spectral_strongpeak":{"dmean":0.366095036268,"dmean2":0.594912469387,"dvar":0.301053494215,"dvar2":0.726371943951,"max":7.81843471527,"mean":0.988505125046,"median":0.802259027958,"min":0,"var":0.785673081875},"zerocrossingrate":{"dmean":0.00738989701495,"dmean2":0.00788047537208,"dvar":0.00019006038201,"dvar2":0.000127471008454,"max":0.3564453125,"mean":0.0454392917454,"median":0.037109375,"min":0,"var":0.00147920451127}},"metadata":{"audio_properties":{"analysis_sample_rate":44100,"bit_rate":0,"codec":"flac","downmix":"mix","equal_loudness":0,"length":168.466659546,"lossless":true,"md5_encoded":"71ad026a80811ede5185f5c82129bc8a","replay_gain":-5.63308525085},"tags":{"acoustid_id":["eca86fba-540f-42e0-a7de-226dbbf81020"],"album":["Black Celebration"],"albumartist":["Depeche Mode"],"albumartistsort":["Depeche Mode"],"artist":["Depeche Mode"],"artists":["Depeche Mode"],"artistsort":["Depeche Mode"],"asin":["B0000922A1"],"barcode":["4006758468181"],"catalognumber":["CD STUMM 26","INT 846.818"],"composer":["Martin L. Gore"],"composersort":["Gore, Martin L."],"date":["1986"],"discnumber":["1"],"disctotal":["1"],"engineer":["Peter Schmidt","Richard Sullivan"],"file_name":"09 World Full of Nothing.flac","genre":["Rock; New Wave; Synth Pop; Alternative; New Romantic"],"grouping":["Rock"],"isrc":["GBAJH9900273"],"label":["Mute","Intercord"],"language":["eng"],"lyricist":["Martin L. Gore"],"media":["CD"],"mood":["Chill; Dreamy; Calm; Dramatic"],"musicbrainz_albumartistid":["8538e728-ca0b-4321-b7e5-cff6565dd4c0"],"musicbrainz_albumid":["ec7a1c27-c6e7-3b55-b031-09d784da9d94"],"musicbrainz_artistid":["8538e728-ca0b-4321-b7e5-cff6565dd4c0"],"musicbrainz_recordingid":["6e287974-6bf7-43e5-8b9a-9802a9160efe"],"musicbrainz_releasegroupid":["b9c6879f-3a34-3aa0-a68f-73ced2608f7a"],"musicbrainz_releasetrackid":["554a450b-51f4-31e0-b7d5-3fbeb6d2014f"],"musicbrainz_workid":["610164d0-00fd-350a-9600-b5d41ea39df1"],"originaldate":["1986-03-17"],"originalyear":["1986"],"performer":["Martin L. Gore (lead vocals)"],"producer":["Daniel Miller","Depeche Mode","Gareth Jones"],"releasecountry":["DE"],"releasestatus":["official"],"releasetype":["album"],"replaygain_album_gain":["-0.92 dB"],"replaygain_album_peak":["1.000000"],"replaygain_track_gain":["+0.17 dB"],"replaygain_track_peak":["0.678436"],"script":["Latn"],"title":