{"lowlevel":{"average_loudness":0.402343958616,"barkbands":{"dmean":[0.000233979226323,0.00442712334916,0.00219699181616,0.000733891793061,0.00172125024255,0.000567481503822,0.000344592670444,0.000155831803568,0.0000845168251544,0.00010000448674,0.0000985563674476,0.000172404746991,0.000195083048311,0.000277506478596,0.000155232788529,0.000182523071999,0.000165320074302,0.000129626336275,0.00012755584612,0.0000793110448285,0.0000672983223922,0.000043184561946,0.0000392678157368,0.000023370508643,0.0000126520953927,0.0000047005542001,0.00000106523350496],"dmean2":[0.000291002565064,0.00786192063242,0.00410232273862,0.00129573466256,0.00277445255779,0.000935429532547,0.000565934285987,0.000255525461398,0.000132836663397,0.000154763343744,0.000158959635883,0.000289542454993,0.000321060360875,0.000446507270681,0.000253090402111,0.000298013852444,0.00026941759279,0.000209085046663,0.000206301760045,0.000128559069708,0.000105451494164,0.0000646899279673,0.000058217181504,0.0000344107247656,0.0000183906940947,0.00000715009446139,0.00000168908729847],"dvar":[2.52052075211e-7,0.000119416770758,0.0000446801532235,0.00000422627317676,0.0000124470489027,0.00000177380456989,7.42265228837e-7,1.35597389317e-7,6.00335852141e-8,1.0854127197e-7,5.0101192528e-8,1.49785279291e-7,2.31284332131e-7,5.35293736448e-7,1.22721743878e-7,3.16815800261e-7,2.82129548168e-7,1.65636123484e-7,2.06179294082e-7,4.82977178251e-8,4.79831037126e-8,2.26707204121e-8,2.16169304679e-8,7.96100430023e-9,2.23012075473e-9,2.9342428487e-10,2.80516703616e-11],"dvar2":[3.80161850444e-7,0.000323094049236,0.000129315565573,0.0000119796895888,0.0000322242631228,0.00000461159379483,0.00000193515188585,3.4543583638e-7,1.3374243224e-7,2.19934875645e-7,1.25887495983e-7,4.04368535101e-7,6.01791668942e-7,0.00000133976334382,2.9940409263e-7,7.57300426812e-7,6.94131301771e-7,3.93518888586e-7,5.19396451182e-7,1.2780846248e-7,1.11801895741e-7,5.00865660058e-8,4.5015145389e-8,1.64401381397e-8,4.76222705714e-9,6.87271628497e-10,7.71309266456e-11],"max":[0.00623422162607,0.0708541497588,0.115789853036,0.0363633781672,0.0990534797311,0.0308751612902,0.0190015714616,0.012098973617,0.0100785633549,0.0114544630051,0.0055462513119,0.00688663776964,0.0126916011795,0.0300499778241,0.00813462212682,0.0229776613414,0.0168443731964,0.0223530903459,0.0131666334346,0.00719523103908,0.00528006441891,0.00400540232658,0.00450993468985,0.00258259940892,0.00116369337775,0.00062036170857,0.000234258171986],"mean":[0.000334906217176,0.00350636616349,0.00179731380194,0.000905529537704,0.00388887664303,0.00117564713582,0.000623700034339,0.00025442711194,0.00015855015954,0.000245904637268,0.000181341558346,0.000287401548121,0.000331694405759,0.000497195345815,0.00028471215046,0.000344731583027,0.000306621135678,0.000274002843071,0.000257300591329,0.00020357973699,0.000162583732163,0.0000976733936113,0.0000839436033857,0.0000531928271812,0.0000296650214295,0.00000968060794548,0.00000157040960858],"median":[0.0000355525226041,0.000180896546226,0.000109649372462,0.000174396729562,0.00159949122462,0.000255470717093,0.0000775920780143,0.0000467813879368,0.000021425084924,0.0000199834030354,0.0000230375590036,0.000027519363357,0.0000234104918491,0.0000261095046881,0.0000139946050695,0.0000158816674229,0.0000138528403113,0.0000146843904076,0.0000115160264613,0.00000735010144126,0.0000031628992474,0.0000010110071571,9.53128221681e-7,7.57821169373e-7,3.71457076653e-7,1.42056535424e-7,3.71185784331e-8],"min":[5.88080582495e-13,1.4780979175e-12,1.73389059187e-12,2.38433231492e-12,7.42408218235e-12,5.79565562209e-12,2.31566870713e-12,7.31120405103e-13,9.98026205949e-13,3.76305947123e-13,1.95023251021e-13,2.22024750473e-13,2.33473342656e-13,2.29238205024e-13,2.31525112667e-13,1.12479836101e-13,4.5863687197e-13,2.66833674297e-13,2.63023787863e-13,1.14978136062e-13,3.42128499739e-14,9.50683420333e-14,5.67351273926e-14,4.19291473286e-14,2.81087375327e-14,3.67699035282e-14,9.80144676359e-13],"var":[5.06466108163e-7,0.0000894544791663,0.000029541688491,0.00000458370550405,0.0000459534239781,0.00000525341465618,0.00000180500830993,2.74849497828e-7,1.45893778836e-7,8.60187356011e-7,1.46193059436e-7,3.02309501876e-7,4.88170201152e-7,0.00000101633963823,2.6870009151e-7,6.99706845353e-7,5.90820377511e-7,4.0969396764e-7,4.01324740551e-7,2.69877091341e-7,1.92021843759e-7,8.25161876605e-8,7.17052373034e-8,2.67005155763e-8,8.13128853139e-9,8.30087221182e-10,3.27064347827e-11]},"barkbands_crest":{"dmean":3.18759346008,"dmean2":5.28947734833,"dvar":10.3703336716,"dvar2":28.2499313354,"max":26.6590614319,"mean":12.6385326385,"median":11.7113952637,"min":2.20922350883,"var":33.6088447571},"barkbands_flatness_db":{"dmean":0.0297464467585,"dmean2":0.0458034984767,"dvar":0.00100266642403,"dvar2":0.00233632139862,"max":0.472754746675,"mean":0.199939325452,"median":0.188657686114,"min":0.0244796629995,"var":0.00811384897679},"barkbands_kurtosis":{"dmean":12.3542509079,"dmean2":20.6012039185,"dvar":973.384399414,"dvar2":2623.30102539,"max":730.175537109,"mean":18.3772926331,"median":5.57628822327,"min":-1.90940535069,"var":1584.56884766},"barkbands_skewness":{"dmean":1.03358459473,"dmean2":1.60608768463,"dvar":2.0749309063,"dvar2":4.98453855515,"max":21.5090408325,"mean":2.30117797852,"median":1.79892146587,"min":-6.81792211533,"var":6.42856454849},"barkbands_spread":{"dmean":4.86490249634,"dmean2":7.69389724731,"dvar":59.643497467,"dvar2":135.995758057,"max":99.2324981689,"mean":15.6313591003,"median":10.3028097153,"min":0.151379734278,"var":238.920043945},"dissonance":{"dmean":0.0185152497143,"dmean2":0.0300704948604,"dvar":0.00046153870062,"dvar2":0.00110659911297,"max":0.499999970198,"mean":0.453999191523,"median":0.470673620701,"min":0.137853711843,"var":0.00208477512933},"dynamic_complexity":6.10175228119,"erbbands":{"dmean":[0.107768490911,1.09906375408,2.61229586601,2.45432519913,3.19324159622,7.57247543335,6.28570508957,4.24910783768,4.7028002739,4.50147676468,2.85738253593,1.92001712322,3.04566383362,2.48831629753,4.36153888702,7.63252735138,9.15648841858,12.7040939331,9.68413066864,9.86846923828,9.09132480621,7.17700386047,7.22178936005,6.83056211472,5.41025114059,3.44095778465,3.63901042938,1.85478508472,1.56513476372,1.3430365324,1.19155418873,0.691774904728,0.310632824898,0.180285051465,0.0739970505238,0.0254777800292,0.00774613162503,0.00185278640129,0.000160764233442,0.0000150185751409],"dmean2":[0.179943725467,2.0076956749,4.85379362106,4.43140888214,5.33672523499,12.4417877197,10.1819190979,6.92127895355,7.77299213409,7.41800546646,4.58179473877,2.97506737709,4.66356515884,4.02113008499,7.07959032059,12.6980323792,15.0148601532,20.5622386932,15.5327262878,16.1193580627,14.6453638077,11.5984754562,11.6484518051,11.0102596283,8.81910991669,5.56613779068,5.84346199036,2.86323904991,2.37562465668,1.96307706833,1.77854573727,1.01392781734,0.458045393229,0.267038166523,0.109109736979,0.0391482487321,0.0118378810585,0.00290632573888,0.000249012780841,0.0000242708993028],"dvar":[0.0592840090394,8.23662948608,59.3333816528,50.5615158081,61.2850036621,265.584655762,223.679595947,110.675369263,141.494628906,138.193206787,45.3581962585,30.0306930542,150.33241272,31.8160953522,97.0269088745,297.262542725,509.428894043,1277.46142578,448.852264404,641.493652344,753.392028809,426.409088135,565.351806641,787.412414551,225.838729858,98.8082580566,146.165115356,37.8146972656,32.870765686,22.0373439789,21.1380710602,6.70984077454,1.69049012661,0.450266599655,0.0822086706758,0.007896669209,0.000983154051937,0.0000879043727764,6.20637820248e-7,1.24180954408e-9],"dvar2":[0.151441276073,22.703666687,170.351486206,145.546508789,163.375350952,705.195373535,585.886901855,275.869750977,374.921264648,332.929229736,112.377151489,66.017250061,298.510803223,78.6451034546,248.840209961,782.891540527,1314.15100098,3230.09887695,1053.41906738,1639.66430664,1791.06420898,1027.14624023,1294.95776367,2028.3626709,591.558349609,249.883987427,360.790252686,89.5864181519,76.52368927,46.3898162842,45.2423286438,14.0005998611,3.69413852692,0.964990496635,0.188232913613,0.0185794048011,0.00233681313694,0.000232293037698,0.00000168038502579,3.2038698361e-9],"max":[1.64100408554,19.8638362885,122.870353699,135.655838013,204.896682739,425.526275635,309.668823242,264.564605713,329.845947266,425.725830078,246.746231079,155.678497314,439.646881104,151.171875,259.165161133,338.553894043,612.360900879,1697.81994629,494.70880127,548.740478516,1386.71984863,549.889953613,1443.85449219,816.449523926,281.707183838,393.577270508,275.78805542,176.553421021,182.979293823,106.970077515,156.090362549,72.3297576904,61.0199317932,16.4014148712,8.88002490997,2.57241177559,1.50938105583,0.45908638835,0.0357586368918,0.00110819248948],"mean":[0.105179965496,0.764719963074,2.04399895668,2.79761958122,6.09082317352,15.8095407486,14.1879711151,8.00016498566,8.81979370117,7.42691278458,5.22668361664,4.05582618713,8.04831790924,5.17882537842,8.74624824524,13.4023914337,16.5317611694,23.2882232666,18.8845119476,18.2009811401,18.8335132599,15.1468114853,15.7450933456,13.2580709457,12.7662124634,9.36975669861,8.57932758331,4.45227432251,3.40171170235,3.00919651985,2.47814083099,1.49903297424,0.695213019848,0.421968579292,0.160374745727,0.053459353745,0.0150929279625,0.00308948569,0.000261431821855,0.0000313724776788],"median":[0.00615454697981,0.0332827232778,0.12679952383,0.485190927982,1.56660890579,5.9685754776,4.59382247925,2.03825044632,1.31930506229,1.09494948387,0.976819872856,0.541895389557,0.530471205711,0.771443426609,1.16175270081,1.17217063904,1.23817920685,1.26276302338,0.954247653484,0.961161375046,0.814633607864,0.741863310337,0.816274404526,0.615110099316,0.653397321701,0.34904524684,0.189393550158,0.0928174629807,0.0387164875865,0.0317168757319,0.0259808730334,0.0169901419431,0.0114402640611,0.00519836461172,0.0020908464212,0.000838438747451,0.000214752231841,0.0000333792304446,0.000012186924323,0.00000947708031163],"min":[4.36943814464e-11,3.44980155553e-10,1.67202862666e-9,5.53228085565e-9,1.38585196652e-8,2.70757887222e-8,4.12638492264e-8,4.7685240645e-8,3.94420638372e-8,2.30636185705e-8,1.664701621e-8,2.25571596957e-8,1.84428170513e-8,6.8050192148e-9,1.06170636727e-8,7.79647102434e-9,9.73835145857e-9,1.38754909784e-8,1.15063665262e-8,8.98151331086e-9,9.23852727652e-9,2.62342396695e-8,1.75375554079e-8,1.42434162242e-8,9.59177004489e-9,4.76789008275e-9,3.27254001675e-9,8.44237735276e-10,3.14083936637e-9,3.02017166831e-9,1.66455205175e-9,8.66881011419e-10,6.94502955145e-10,2.62565164055e-10,2.18498164006e-10,1.26072305373e-10,6.31078314606e-11,8.0743120523e-11,9.48984918425e-11,2.16721311036e-11],"var":[0.0601734369993,5.40437650681,37.9116210938,45.3673286438,173.778686523,876.384338379,688.329345703,275.24041748,350.422546387,276.281707764,98.3057327271,100.909538269,1190.28674316,101.89352417,308.58782959,644.827758789,1196.09631348,2382.30371094,1060.07885742,1293.97155762,2152.48095703,1159.93725586,1385.73632812,1226.33410645,759.981506348,681.360473633,527.213256836,131.466720581,100.650856018,83.891166687,65.4614181519,22.7227840424,4.68201780319,1.64145684242,0.245057880878,0.0238560549915,0.00225643091835,0.00012075536506,8.32212208479e-7,2.73648748106e-9]},"erbbands_crest":{"dmean":2.5333302021,"dmean2":4.09104251862,"dvar":7.17090129852,"dvar2":17.5446128845,"max":31.1469116211,"mean":11.0227193832,"median":9.1653547287,"min":2.5361995697,"var":35.1300849915},"erbbands_flatness_db":{"dmean":0.0273608770221,"dmean2":0.0372944958508,"dvar":0.000985887018032,"dvar2":0.00178634829354,"max":0.427896171808,"mean":0.202865108848,"median":0.201851576567,"min":0.0260555688292,"var":0.00527306972072},"erbbands_kurtosis":{"dmean":2.38117265701,"dmean2":3.73538923264,"dvar":27.018032074,"dvar2":64.5030822754,"max":130.738754272,"mean":3.55253481865,"median":0.479966640472,"min":-1.90647292137,"var":80.2112197876},"erbbands_skewness":{"dmean":0.494584172964,"dmean2":0.764429688454,"dvar":0.345207631588,"dvar2":0.759846389294,"max":9.14802074432,"mean":0.748017907143,"median":0.323589026928,"min":-4.41071891785,"var":2.72137737274},"erbbands_spread":{"dmean":9.47205638885,"dmean2":14.4871988297,"dvar":163.476898193,"dvar2":358.309631348,"max":153.806335449,"mean":32.5065078735,"median":29.1034603119,"min":1.03116440773,"var":480.763580322},"gfcc":{"cov":[[16175.6455078,-2731.94775391,-3029.58032227,1820.08251953,-1208.25866699,660.956359863,334.111206055,376.396453857,14.4885320663,311.484161377,-249.563568115,-223.511886597,-315.569519043],[-2731.94775391,3013.14697266,-185.279678345,-898.696838379,815.444641113,-592.710876465,80.8728103638,-474.361328125,39.4993171692,-247.730743408,266.540710449,-87.3375778198,127.934715271],[-3029.58032227,-185.279678345,2107.97070312,2.3117890358,-39.5327949524,226.621566772,-124.707298279,30.843082428,-9.56464004517,-19.977186203,-68.7238540649,235.688278198,53.0016517639],[1820.08251953,-898.696838379,2.3117890358,744.018249512,-223.282150269,207.100463867,127.387809753,132.79347229,29.8990936279,76.8613128662,-67.1991424561,7.14371919632,-18.5454597473],[-1208.25866699,815.444641113,-39.5327949524,-223.282150269,537.875305176,-103.440422058,118.843856812,-82.6168060303,65.8652877808,-17.6016902924,80.5942459106,-6.00397062302,9.37821006775],[660.956359863,-592.710876465,226.621566772,207.100463867,-103.440422058,382.340179443,102.080184937,133.741775513,49.6293640137,85.8293991089,-36.7408828735,45.8571395874,-50.0657539368],[334.111206055,80.8728103638,-124.707298279,127.387809753,118.843856812,102.080184937,290.889068604,28.9085597992,93.3073425293,54.3549957275,39.9588890076,1.56449508667,-21.0455303192],[376.396453857,-474.361328125,30.843082428,132.79347229,-82.6168060303,133.741775513,28.9085597992,251.539093018,56.2246170044,64.2193527222,-32.2903823853,7.60323619843,-25.4895935059],[14.4885320663,39.4993171692,-9.56464004517,29.8990936279,65.8652877808,49.6293640137,93.3073425293,56.2246170044,147.026657104,64.5853652954,21.0423088074,9.36198139191,-11.8871498108],[311.484161377,-247.730743408,-19.977186203,76.8613128662,-17.6016902924,85.8293991089,54.3549957275,64.2193527222,64.5853652954,142.483901978,30.4611988068,23.7222328186,-20.0384674072],[-249.563568115,266.540710449,-68.7238540649,-67.1991424561,80.5942459106,-36.7408828735,39.9588890076,-32.2903823853,21.0423088074,30.4611988068,118.336463928,24.5347137451,23.5961704254],[-223.511886597,-87.3375778198,235.688278198,7.14371919632,-6.00397062302,45.8571395874,1.56449508667,7.60323619843,9.36198139191,23.7222328186,24.5347137451,110.483757019,23.3290290833],[-315.569519043,127.934715271,53.0016517639,-18.5454597473,9.37821006775,-50.0657539368,-21.0455303192,-25.4895935059,-11.8871498108,-20.0384674072,23.5961704254,23.3290290833,90.198059082]],"icov":[[0.000234060993535,-0.000326770357788,0.000466341618448,-0.0005862628459,0.000494920299388,-0.000459721341031,0.000198580732103,-0.000101782941783,0.000250180746661,-0.000462721858639,0.000709769199602,-0.000710557505954,0.0005270174006],[-0.000326770357788,0.00260979728773,-0.000978060415946,0.00205419189297,-0.00201248866506,0.00176024541724,-0.00122812506743,0.00180780608207,-0.00199418747798,0.00333987292834,-0.00394754856825,0.00310189276934,-0.00172762945294],[0.000466341618448,-0.000978060415946,0.00173423124943,-0.00133358337916,0.000995020731352,-0.00159705383703,0.00100317120086,-0.000345852255123,0.000560400949325,-0.00100674538407,0.00248826690949,-0.00329539692029,0.00092354795197],[-0.0005862628459,0.00205419189297,-0.00133358337916,0.00428425893188,-0.00117945461534,0.00144067895599,-0.00231881183572,0.000867602997459,-0.00122367881704,0.00202759495005,-0.00236146780662,0.00304905418307,-0.00255543692037],[0.000494920299388,-0.00201248866506,0.000995020731352,-0.00117945461534,0.00486029358581,-0.000982468947768,-0.000577123311814,-0.000861303589772,0.000528880627826,-0.00207559810951,0.00238711968996,-0.00243645976298,0.00194435496815],[-0.000459721341031,0.00176024541724,-0.00159705383703,0.00144067895599,-0.000982468947768,0.00649213045835,-0.00271286815405,-0.000286550173769,-0.000895047036465,0.000840237131342,-0.00192428356968,0.00133454264142,0.000348267669324],[0.000198580732103,-0.00122812506743,0.00100317120086,-0.00231881183572,-0.000577123311814,-0.00271286815405,0.0070361639373,-0.000214227620745,-0.00173601321876,-0.00100115966052,0.00016913570289,-0.00152135523967,0.00140385888517],[-0.000101782941783,0.00180780608207,-0.000345852255123,0.000867602997459,-0.000861303589772,-0.000286550173769,-0.000214227620745,0.00712519045919,-0.00326770381071,0.00108460558113,-0.00140598148573,0.00205672858283,-0.000998410163447],[0.000250180746661,-0.00199418747798,0.000560400949325,-0.00122367881704,0.000528880627826,-0.000895047036465,-0.00173601321876,-0.00326770381071,0.0125942640007,-0.00642653089017,0.00334663782269,-0.00221493118443,0.00117205257993],[-0.000462721858639,0.00333987292834,-0.00100674538407,0.00202759495005,-0.00207559810951,0.000840237131342,-0.00100115966052,0.00108460558113,-0.00642653089017,0.016205439344,-0.00911905895919,0.00229887454771,-0.000048256424634],[0.000709769199602,-0.00394754856825,0.00248826690949,-0.00236146780662,0.00238711968996,-0.00192428356968,0.00016913570289,-0.00140598148573,0.00334663782269,-0.00911905895919,0.0198188852519,-0.00852181669325,-0.000104955419374],[-0.000710557505954,0.00310189276934,-0.00329539692029,0.00304905418307,-0.00243645976298,0.00133454264142,-0.00152135523967,0.00205672858283,-0.00221493118443,0.00229887454771,-0.00852181669325,0.0188458692282,-0.00552813848481],[0.0005270174006,-0.00172762945294,0.00092354795197,-0.00255543692037,0.00194435496815,0.000348267669324,0.00140385888517,-0.000998410163447,0.00117205257993,-0.000048256424634,-0.000104955419374,-0.00552813848481,0.0159504394978]],"mean":[-120.088195801,121.224967957,-106.893371582,26.3918533325,-34.407497406,-3.74966549873,-44.0422325134,-7.80618953705,-26.2809066772,-1.61331760883,-7.59362649918,-0.883446753025,-6.7774887085]},"hfc":{"dmean":2.88957047462,"dmean2":4.28166055679,"dvar":28.5998020172,"dvar2":58.4167137146,"max":133.823226929,"mean":11.7371253967,"median":2.79473018646,"min":3.53929117125e-8,"var":328.414215088},"melbands":{"dmean":[0.00109456491191,0.00141669483855,0.000425005011493,0.000385956955142,0.000243796908762,0.0000949337045313,0.000072066039138,0.0000449978433608,0.0000220771235035,0.0000116571345643,0.000015328232621,0.0000100601737358,0.0000144382174767,0.0000177972742677,0.000021322764951,0.0000198592661036,0.0000261315635726,0.0000186308225238,0.000011482346963,0.0000148711378642,0.0000114320473585,0.00000866150730872,0.00000774775526224,0.00000701790077073,0.00000609937524132,0.0000045696970119,0.00000366532822227,0.00000238244183492,0.00000279488881461,0.00000148577464643,0.00000106319953375,9.17598413253e-7,0.00000102089290976,7.11477241566e-7,7.25129268631e-7,7.12438406936e-7,3.3052660342e-7,2.21981224513e-7,2.54261692589e-7,1.33809052727e-7],"dmean2":[0.00190275581554,0.00259022973478,0.000760545954108,0.000629158748779,0.00039313887828,0.00015507893113,0.000118811105494,0.0000743596465327,0.0000350134505425,0.0000180426595762,0.0000235222760239,0.0000163103341038,0.0000232358161156,0.0000291190499411,0.0000351401431544,0.0000333665448125,0.0000421443874075,0.0000300891933875,0.0000189254715224,0.0000241768211708,0.0000187440036825,0.0000142335011333,0.0000128987876451,0.000011441325114,0.0000100114702946,0.00000748509546611,0.00000610468032392,0.00000386837291444,0.00000455279632661,0.00000234599792748,0.0000017017571281,0.00000144601756347,0.00000153975076955,0.000001085407348,0.00000112383509077,0.00000107634525648,4.89972421747e-7,3.36140544732e-7,3.92206857214e-7,2.0166685033e-7],"dvar":[0.00000675976571074,0.0000151933163579,0.00000136359210501,7.29140651856e-7,2.78239241425e-7,5.17968956615e-8,3.21319504337e-8,1.33400259728e-8,3.14823811465e-9,1.10734665881e-9,3.71835917612e-9,5.28490251561e-10,1.10326714431e-9,1.6376077161e-9,2.23292628831e-9,2.74373279652e-9,5.4589288645e-9,1.69146330276e-9,7.04463598566e-10,2.22708407271e-9,1.28661703513e-9,7.09176439795e-10,7.38030858649e-10,4.26769147799e-10,7.38251404453e-10,1.71422112616e-10,1.09330697273e-10,5.28963782498e-11,8.8660613573e-11,2.16448126783e-11,1.2829853499e-11,1.22585544146e-11,1.43147342938e-11,6.42637765919e-12,7.8855992916e-12,8.45578208147e-12,1.45884161955e-12,8.76357851304e-13,1.00348939228e-12,2.43043649442e-13],"dvar2":[0.0000179718699655,0.000042750943976,0.00000391213552575,0.00000188396120393,7.14913426236e-7,1.30474887783e-7,8.45158183438e-8,3.23237472344e-8,7.65283658666e-9,2.43798403687e-9,7.39366434743e-9,1.29937116622e-9,2.80024559096e-9,4.32805880024e-9,5.81164227853e-9,7.39249017556e-9,1.37529907462e-8,4.06397360209e-9,1.82312276387e-9,5.50847678582e-9,3.22939186503e-9,1.74721337398e-9,1.87464510581e-9,1.09929798597e-9,1.91690197049e-9,4.48025838651e-10,3.05125258393e-10,1.31693433936e-10,2.24321894393e-10,5.25072589574e-11,3.1817798396e-11,3.07373224095e-11,3.14344036911e-11,1.45196936072e-11,1.75741036307e-11,1.91129837651e-11,3.07290651258e-12,1.9919504414e-12,2.29669104915e-12,5.47106088732e-13],"max":[0.0171767938882,0.0522624589503,0.0204897057265,0.0280644204468,0.0124843809754,0.00593755487353,0.00447808532044,0.00386286829598,0.00262638647109,0.00086487137014,0.00217888946645,0.00066067383159,0.000809785560705,0.000690345652401,0.000797647982836,0.00124893989414,0.00341707700863,0.000934827839956,0.000533061451279,0.00144390331116,0.00139769772068,0.000858934887219,0.00134120334405,0.000676957250107,0.000799971749075,0.000319818878779,0.000219029883738,0.000344537897035,0.000207690740353,0.000101642814116,0.0000998226532829,0.000137609080411,0.000101828634797,0.0000617221157881,0.0000933587434702,0.000107453808596,0.0000267145005637,0.0000441363517893,0.0000297588849207,0.000011691254258],"mean":[0.000967781816144,0.00108087901026,0.000530505203642,0.000836416438688,0.000554792350158,0.000183241572813,0.000135077018058,0.0000744486096664,0.0000404965503549,0.0000238114134845,0.0000397021285607,0.0000192427542061,0.0000270518321486,0.0000305588400806,0.0000378004006052,0.0000335203985742,0.0000456158741144,0.0000331611809088,0.0000202887349587,0.0000263977490249,0.0000217517226702,0.0000162770047609,0.0000141220125442,0.0000138431651067,0.0000103287284219,0.00000941256894293,0.00000805173021945,0.00000583700511925,0.00000600107478022,0.0000033933404211,0.00000225180588131,0.00000177329218332,0.00000209815743801,0.00000143165539157,0.00000138801169669,0.00000139425310408,6.94202071827e-7,4.51892333331e-7,5.14717612532e-7,2.96747515449e-7],"median":[0.0000571707241761,0.0000648495115456,0.000110412991489,0.00025934286532,0.000220279514906,0.0000431456319347,0.0000194241947611,0.0000116486171464,0.00000696012739354,0.00000300200304082,0.00000249868048741,0.00000271434782917,0.00000363830508832,0.00000324069310409,0.00000278691072708,0.00000236565915657,0.00000233803234551,0.00000162343280863,0.00000107028142793,0.00000125014003061,8.46212969918e-7,7.52630057832e-7,7.22383788343e-7,7.46612727198e-7,4.26634528594e-7,4.87220290779e-7,2.94374729037e-7,1.88799901935e-7,1.2621448775e-7,6.43956923341e-8,4.26592059455e-8,2.07698107602e-8,1.75052115026e-8,1.58348676393e-8,1.45913316985e-8,1.1438524794e-8,9.02206309661e-9,8.12644884718e-9,5.84045789509e-9,3.35155903031e-9],"min":[4.27212085152e-13,7.38685696812e-13,1.16875107682e-12,1.46740811776e-12,1.43945142264e-12,1.07671337124e-12,5.72263970152e-13,2.23330251861e-13,1.35524702355e-13,1.44095456053e-13,8.95154650816e-14,2.65983185455e-14,3.14482462424e-14,3.04213949767e-14,1.21709173162e-14,2.83360743994e-14,2.46131799431e-14,1.71407162688e-14,1.72086991331e-14,7.63903609151e-15,1.14559384995e-14,2.78186982049e-14,2.26733830143e-14,1.08429204268e-14,1.190909435e-14,8.6838241269e-15,4.46166431098e-15,2.9471799892e-15,2.98366381582e-15,5.55718570238e-16,3.30438140636e-16,1.59817064757e-15,2.33367783716e-15,1.34474251904e-15,1.05182751445e-15,5.77986854663e-16,5.04264177428e-16,5.19013509199e-16,3.72931824836e-16,1.65657409868e-16],"var":[0.00000572857061343,0.00000992585773929,0.00000136853839194,0.00000289085051008,8.4200900119e-7,1.36560871056e-7,8.3247442717e-8,2.71914082361e-8,6.32428465153e-9,3.67682106983e-9,2.92785262701e-8,1.47175605036e-9,3.19387227776e-9,3.3774900654e-9,5.1913020549e-9,5.11797093594e-9,9.93804238902e-9,3.55010310038e-9,1.42918243906e-9,3.91755694551e-9,3.18373660768e-9,1.53220647281e-9,1.32341559933e-9,9.92595117211e-10,9.57286805381e-10,4.35268904253e-10,3.28201466004e-10,4.15168871504e-10,2.70096833788e-10,8.05618072253e-11,3.47534050149e-11,2.78307307755e-11,4.70760722071e-11,1.92784486291e-11,2.09046356614e-11,2.37617859417e-11,4.56557144521e-12,2.02576085247e-12,2.87385306524e-12,7.85609641576e-13]},"melbands_crest":{"dmean":3.6696972847,"dmean2":5.81486463547,"dvar":11.1893205643,"dvar2":25.4115371704,"max":38.4863395691,"mean":16.9347019196,"median":16.4879417419,"min":2.75774168968,"var":44.8081550598},"melbands_flatness_db":{"dmean":0.036700706929,"dmean2":0.0561059974134,"dvar":0.00156986736692,"dvar2":0.00352867506444,"max":0.613768458366,"mean":0.286379426718,"median":0.276676923037,"min":0.0260095018893,"var":0.0145854782313},"melbands_kurtosis":{"dmean":20.7382717133,"dmean2":34.1992454529,"dvar":3083.58422852,"dvar2":8037.734375,"max":1523.92736816,"mean":31.1058044434,"median":13.0925216675,"min":-1.91125619411,"var":4450.95556641},"melbands_skewness":{"dmean":1.19784498215,"dmean2":1.8602193594,"dvar":2.73947358131,"dvar2":6.19328403473,"max":33.3015937805,"mean":3.23431682587,"median":2.70327043533,"min":-3.39568018913,"var":7.32603788376},"melbands_spread":{"dmean":6.80933094025,"dmean2":10.7139425278,"dvar":184.033081055,"dvar2":398.603485107,"max":269.352600098,"mean":19.6087646484,"median":8.90332603455,"min":0.148668825626,"var":666.495910645},"mfcc":{"cov":[[16715.5136719,-2616.7409668,-2686.33007812,693.90411377,-1109.98742676,126.173171997,73.0553131104,86.0798339844,179.734695435,421.144470215,227.399993896,208.304901123,-43.3970947266],[-2616.7409668,2956.53515625,-506.330322266,-246.348251343,292.517913818,-56.1349601746,28.4230804443,-166.221694946,-208.408187866,-215.162414551,-49.0328178406,-45.574256897,61.7230224609],[-2686.33007812,-506.330322266,1923.52001953,1.10220873356,180.16355896,144.38835144,-68.2011795044,140.759933472,47.2821273804,-93.8890686035,-78.3791503906,-43.7782325745,8.85947704315],[693.90411377,-246.348251343,1.10220873356,395.743865967,-21.6165924072,48.7489242554,41.4547348022,37.7844810486,49.9234848022,20.8001174927,11.2148704529,13.6038169861,1.56767106056],[-1109.98742676,292.517913818,180.16355896,-21.6165924072,256.132415771,11.9574146271,3.21912884712,18.7978897095,-3.13210225105,-16.1257457733,-10.6143407822,-13.3947067261,10.8954019547],[126.173171997,-56.1349601746,144.38835144,48.7489242554,11.9574146271,274.197570801,80.8194580078,57.4367828369,50.2557487488,14.9004220963,58.4493637085,37.2201271057,50.9884300232],[73.0553131104,28.4230804443,-68.2011795044,41.4547348022,3.21912884712,80.8194580078,150.767303467,58.7296257019,25.8328704834,42.5997848511,42.3579826355,22.5525074005,11.5396623611],[86.0798339844,-166.221694946,140.759933472,37.7844810486,18.7978897095,57.4367828369,58.7296257019,160.436431885,73.6020889282,43.1418991089,42.3359680176,19.3804531097,9.95329189301],[179.734695435,-208.408187866,47.2821273804,49.9234848022,-3.13210225105,50.2557487488,25.8328704834,73.6020889282,144.37336731,75.5007553101,49.9212799072,35.550239563,14.342751503],[421.144470215,-215.162414551,-93.8890686035,20.8001174927,-16.1257457733,14.9004220963,42.5997848511,43.1418991089,75.5007553101,151.429901123,79.8002624512,33.5592803955,1.35300910473],[227.399993896,-49.0328178406,-78.3791503906,11.2148704529,-10.6143407822,58.4493637085,42.3579826355,42.3359680176,49.9212799072,79.8002624512,128.347457886,59.2412605286,33.4217453003],[208.304901123,-45.574256897,-43.7782325745,13.6038169861,-13.3947067261,37.2201271057,22.5525074005,19.3804531097,35.550239563,33.5592803955,59.2412605286,91.0425415039,51.7098503113],[-43.3970947266,61.7230224609,8.85947704315,1.56767106056,10.8954019547,50.9884300232,11.5396623611,9.95329189301,14.342751503,1.35300910473,33.4217453003,51.7098503113,100.031196594]],"icov":[[0.0001492681331,0.0000976753071882,0.000236105988733,-0.000169212900801,0.000368172040908,-0.000235891260672,0.000281292916043,-0.000273314944934,0.000193135245354,-0.000197775414563,0.000175686378498,-0.000168038415723,0.0000642617524136],[0.0000976753071882,0.000641906925011,0.000359396712156,0.000143963276059,-0.000489003432449,-0.0000543314381503,-0.000264885340584,0.000176340327016,0.000269968848443,0.00081359903561,-0.000338437384926,0.000245325092692,-0.000357279932359],[0.000236105988733,0.000359396712156,0.00116665556561,-0.000148487699335,-0.0000649145149509,-0.000866720685735,0.00100691267289,-0.0011415949557,0.000246772164246,0.000270450429525,0.000636445591226,-0.0000485933014716,-6.03886292083e-7],[-0.000169212900801,0.000143963276059,-0.000148487699335,0.00304611818865,-0.000502537121065,0.0000320565013681,-0.00105734134559,0.000328263471602,-0.00104039325379,0.000776504981332,0.0000450632287539,0.000137899260153,-0.0000167892594618],[0.000368172040908,-0.000489003432449,-0.0000649145149509,-0.000502537121065,0.00614289287478,-0.000504397321492,0.000803934934083,-0.00135599693749,0.000356929318514,-0.00150446256157,0.000882024760358,0.000173492517206,-0.00030992279062],[-0.000235891260672,-0.0000543314381503,-0.000866720685735,0.0000320565013681,-0.000504397321492,0.00606843549758,-0.00341231911443,0.000885480898432,-0.0017157739494,0.00216421484947,-0.00270835566334,0.00104477640707,-0.00214375532232],[0.000281292916043,-0.000264885340584,0.00100691267289,-0.00105734134559,0.000803934934083,-0.00341231911443,0.0111829610541,-0.00437920726836,0.00234048906714,-0.0032178144902,0.000943952996749,-0.00145742879249,0.00115626677871],[-0.000273314944934,0.000176340327016,-0.0011415949557,0.000328263471602,-0.00135599693749,0.000885480898432,-0.00437920726836,0.011173883453,-0.00454271258786,0.00141581112985,-0.0025995017495,0.00133499875665,-0.000231096040807],[0.000193135245354,0.000269968848443,0.000246772164246,-0.00104039325379,0.000356929318514,-0.0017157739494,0.00234048906714,-0.00454271258786,0.0129967620596,-0.00546658923849,0.00112086895388,-0.00280214496888,0.000213826075196],[-0.000197775414563,0.00081359903561,0.000270450429525,0.000776504981332,-0.00150446256157,0.00216421484947,-0.0032178144902,0.00141581112985,-0.00546658923849,0.0151144014671,-0.00794786028564,0.00129961920902,0.00123014161363],[0.000175686378498,-0.000338437384926,0.000636445591226,0.0000450632287539,0.000882024760358,-0.00270835566334,0.000943952996749,-0.0025995017495,0.00112086895388,-0.00794786028564,0.0176508501172,-0.00746501050889,-0.000429471343523],[-0.000168038415723,0.000245325092692,-0.0000485933014716,0.000137899260153,0.000173492517206,0.00104477640707,-0.00145742879249,0.00133499875665,-0.00280214496888,0.00129961920902,-0.00746501050889,0.0217718966305,-0.00911462772638],[0.0000642617524136,-0.000357279932359,-6.03886292083e-7,-0.0000167892594618,-0.00030992279062,-0.00214375532232,0.00115626677871,-0.000231096040807,0.000213826075196,0.00123014161363,-0.000429471343523,-0.00911462772638,0.0160695072263]],"mean":[-763.319030762,149.065231323,-2.70513892174,30.2256507874,19.7166461945,6.45972299576,-1.31748270988,-6.8485751152,-12.2537250519,-5.20630931854,-5.55225944519,-2.78266429901,-2.21470546722]},"pitch_salience":{"dmean":0.0858570635319,"dmean2":0.138594403863,"dvar":0.00741124060005,"dvar2":0.0180177967995,"max":0.937004268169,"mean":0.540203630924,"median":0.564962923527,"min":0.0551085174084,"var":0.023088850081},"silence_rate_20dB":{"dmean":0,"dmean2":0,"dvar":0,"dvar2":0,"max":1,"mean":1,"median":1,"min":1,"var":0},"silence_rate_30dB":{"dmean":0.00257171108387,"dmean2":0.00514393113554,"dvar":0.00256474106573,"dvar2":0.00689689256251,"max":1,"mean":0.998219788074,"median":1,"min":0,"var":0.00177730049472},"silence_rate_60dB":{"dmean":0.0817012861371,"dmean2":0.163418740034,"dvar":0.0750241875648,"dvar2":0.154338628054,"max":1,"mean":0.305508852005,"median":0,"min":0,"var":0.212192371488},"spectral_centroid":{"dmean":216.939941406,"dmean2":334.194000244,"dvar":120549.007812,"dvar2":236306.3125,"max":10931.9736328,"mean":1052.74304199,"median":726.395324707,"min":124.920265198,"var":775277.875},"spectral_complexity":{"dmean":2.11948561668,"dmean2":3.31565928459,"dvar":8.73195457458,"dvar2":17.8098831177,"max":59,"mean":13.616358757,"median":5,"min":0,"var":228.58001709},"spectral_contrast_coeffs":{"dmean":[0.0557778440416,0.0436325222254,0.032406475395,0.0265586748719,0.0219993274659,0.0187268014997],"dmean2":[0.0890808105469,0.0721581876278,0.0525588840246,0.0437273345888,0.0351788215339,0.0288040619344],"dvar":[0.00219248095527,0.00136859458871,0.000734614790417,0.000491174461786,0.000402093719458,0.000450367981102],"dvar2":[0.0052203675732,0.00358499097638,0.00178317120299,0.00127352774143,0.000947776134126,0.00102861388586],"max":[-0.301605552435,-0.440416932106,-0.581361591816,-0.529668629169,-0.637980163097,-0.586245715618],"mean":[-0.610055506229,-0.73462498188,-0.80763310194,-0.808642148972,-0.804742336273,-0.792997062206],"median":[-0.606038808823,-0.743168234825,-0.814226984978,-0.812321305275,-0.803761303425,-0.81143784523],"min":[-0.964500665665,-0.962085485458,-0.947931528091,-0.965231835842,-0.955483794212,-0.958352088928],"var":[0.0116403438151,0.00704535609111,0.00292012654245,0.00198142742738,0.00195708172396,0.00461618602276]},"spectral_contrast_valleys":{"dmean":[0.523561120033,0.398275792599,0.378491610289,0.346594542265,0.377841293812,0.455423891544],"dmean2":[0.804181456566,0.626129209995,0.570224523544,0.509282767773,0.498607367277,0.577709078789],"dvar":[0.265717566013,0.165102168918,0.175543129444,0.172054156661,0.23787586391,0.401696503162],"dvar2":[0.511296093464,0.329373538494,0.310431748629,0.295460730791,0.399306774139,0.714617669582],"max":[-5.03329229355,-5.01896429062,-5.53167295456,-5.590716362,-5.52198171616,-7.95316314697],"mean":[-7.99155139923,-7.7165517807,-8.44676494598,-8.46394824982,-8.75308609009,-11.7614936829],"median":[-8.08267688751,-7.72234535217,-8.33751010895,-8.5619802475,-8.63143730164,-11.8886156082],"min":[-27.2227859497,-27.1863002777,-27.6066379547,-27.0986404419,-27.2880249023,-27.3832168579],"var":[1.24250984192,1.54100584984,1.86349570751,2.59620141983,3.07156801224,2.73999071121]},"spectral_decrease":{"dmean":2.11423167862e-9,"dmean2":3.58699359104e-9,"dvar":1.89853269966e-17,"dvar2":5.1245003618e-17,"max":-6.44987630629e-18,"mean":-4.03619893063e-9,"median":-1.60040736219e-9,"min":-5.53938299674e-8,"var":2.95489892104e-17},"spectral_energy":{"dmean":0.00814676657319,"dmean2":0.0137910200283,"dvar":0.000276862003375,"dvar2":0.000746932055335,"max":0.211749851704,"mean":0.0162981078029,"median":0.00642231479287,"min":2.75535670669e-11,"var":0.000464752549306},"spectral_energyband_high":{"dmean":0.000168188431417,"dmean2":0.000231238707784,"dvar":2.44054120913e-7,"dvar2":4.13306992186e-7,"max":0.0128218019381,"mean":0.000541896617506,"median":0.0000143095567182,"min":1.23401028979e-12,"var":0.00000189533102457},"spectral_energyband_low":{"dmean":0.00643844157457,"dmean2":0.0112741636112,"dvar":0.000244459195528,"dvar2":0.000663818616886,"max":0.191190466285,"mean":0.00611227983609,"median":0.000767149380408,"min":4.63495951689e-12,"var":0.000199297588551},"spectral_energyband_middle_high":{"dmean":0.000841117056552,"dmean2":0.00126749603078,"dvar":0.00000317715375786,"dvar2":0.0000070926821536,"max":0.0369242839515,"mean":0.00304088951088,"median":0.000276921084151,"min":2.53561494717e-12,"var":0.0000234469462157},"spectral_energyband_middle_low":{"dmean":0.00255536986515,"dmean2":0.00419712113217,"dvar":0.0000235517291003,"dvar2":0.0000630687864032,"max":0.107209280133,"mean":0.0071545378305,"median":0.00314005487598,"min":1.98406065882e-11,"var":0.0000979236501735},"spectral_entropy":{"dmean":0.258334845304,"dmean2":0.365333527327,"dvar":0.109126091003,"dvar2":0.21267592907,"max":9.78291893005,"mean":6.99473905563,"median":7.28516197205,"min":4.10604858398,"var":0.843727886677},"spectral_flux":{"dmean":0.0255928281695,"dmean2":0.0411878488958,"dvar":0.00179648713674,"dvar2":0.00329356151633,"max":0.368898004293,"mean":0.0635347813368,"median":0.0396978929639,"min":0.0001304995385,"var":0.00369808543473},"spectral_kurtosis":{"dmean":6.13543558121,"dmean2":9.53248786926,"dvar":90.3013000488,"dvar2":187.920349121,"max":129.689422607,"mean":14.4254398346,"median":7.27889537811,"min":-1.18928074837,"var":317.773010254},"spectral_rms":{"dmean":0.000817769032437,"dmean2":0.00130498129874,"dvar":0.00000166498216458,"dvar2":0.00000413127509091,"max":0.014373072423,"mean":0.00325981667265,"median":0.00250313268043,"min":1.63955874655e-7,"var":0.00000527424799657},"spectral_rolloff":{"dmean":378.983062744,"dmean2":624.419921875,"dvar":704828.375,"dvar2":1510409.75,"max":20327.34375,"mean":1231.25305176,"median":409.130859375,"min":43.06640625,"var":2618148.25},"spectral_skewness":{"dmean":0.531631469727,"dmean2":0.806479275227,"dvar":0.47663256526,"dvar2":0.993860185146,"max":9.60532474518,"mean":2.37879490852,"median":1.89200437069,"min":-0.140225768089,"var":2.44068002701},"spectral_spread":{"dmean":721818.9375,"dmean2":1034817.6875,"dvar":1012760510460,"dvar2":1975768186880,"max":40963296,"mean":3464794,"median":3099903.5,"min":710774.5625,"var":3182706819070},"spectral_strongpeak":{"dmean":0.292210668325,"dmean2":0.494906485081,"dvar":0.514739990234,"dvar2":1.39826834202,"max":13.6821918488,"mean":0.56064248085,"median":0.350241780281,"min":0,"var":0.654230833054},"zerocrossingrate":{"dmean":0.00831203442067,"dmean2":0.00957942195237,"dvar":0.000188331061509,"dvar2":0.000178334274096,"max":0.37646484375,"mean":0.0457745678723,"median":0.03076171875,"min":0.00146484375,"var":0.0020224081818}},"metadata":{"audio_properties":{"analysis_sample_rate":44100,"bit_rate":0,"codec":"flac","downmix":"mix","equal_loudness":0,"length":234.733337402,"lossless":true,"md5_encoded":"a2d69afc91c3894f25455ca4fa5a1664","replay_gain":-9.14838600159},"tags":{"acoustid_id":["deff0197-d0bb-4875-8de7-45be33c3b3b6"],"album":["Experimental Jet Set, Trash and No Star"],"albumartist":["Sonic Youth"],"albumartistsort":["Sonic Youth"],"artist":["Sonic Youth"],"artists":["Sonic Youth"],"artistsort":["Sonic Youth"],"asin":["B000003TB0"],"barcode":["720642463222"],"catalognumber":["GED 24632"],"composer":["Sonic Youth"],"composersort":["Sonic Youth"],"date":["1994"],"engineer":["Butch Vig","John Siket"],"file_name":"12 - Tokyo Eye.flac","label":["Geffen Records"],"media":["CD"],"mixer":["Butch Vig"],"musicbrainz_albumartistid":["5cbef01b-cc35-4f52-af7b-d0df0c4f61b9"],"musicbrainz_albumid":["f9ddef18-413c-3d92-8035-6ff686f79146"],"musicbrainz_artistid":["5cbef01b-cc35-4f52-af7b-d0df0c4f61b9"],"musicbrainz_recordingid":["6e3a8bff-5e9c-46b4-b34d-3e2166ee042b"],"musicbrainz_releasegroupid":["98800fc1-53a8-3084-aeb9-91b7674cf5d0"],"musicbrainz_releasetrackid":["8b8e88de-2a06-3abc-a6d7-55a56ffa1919"],"originaldate":["1994"],"producer":["Sonic Youth"],"releasecountry":["XE"],"releasestatus":["official"],"releasetype":["album"],"script":["Latn"],"title":["Tokyo Eye"],"totaltracks":["14"],"tracknumber":["12"],"tracktotal":["14"]},"version":{"essentia":"2.1-beta1","essentia_build_sha":"85931cb11b241c07ac43bfc3827c398894034a25","essentia_git_sha":"v2.1_beta1-6-g5578087","extractor":"music 1.0"}},"rhythm":{"beats_count":536,"beats_loudness":{"dmean":0.00760704744607,"dmean2":0.0131661631167,"dvar":0.0000506963078806,"dvar2":0.000142186210724,"max":0.087243847549,"mean":0.0243013184518,"median":0.0173370204866,"min":0.00000175754007614,"var":0.000323609216139},"beats_loudness_band_ratio":{"dmean":[0.15600