{"lowlevel":{"average_loudness":0.880563318729,"barkbands":{"dmean":[0.00294127990492,0.0081784343347,0.00124438258354,0.000967569765635,0.00240397197194,0.00210312358104,0.00143658102024,0.00103878532536,0.00068312685471,0.000497326895129,0.000286913535092,0.000383566337405,0.000310803501634,0.000279468396911,0.000170312952832,0.000316810561344,0.000142066186527,0.000126760365674,0.000116966373753,0.0000845058239065,0.000127179926494,0.000162379365065,0.0000632019873592,0.0000237397944147,0.00000512796532348,0.0000421257209382,0.000321634259308],"dmean2":[0.00490158330649,0.0123891914263,0.00208850577474,0.00162692414597,0.00390558270738,0.00329851172864,0.002250012476,0.00164929148741,0.00107376091182,0.000811488658655,0.00047178810928,0.000594950106461,0.000492553284857,0.000442279182607,0.000269980897428,0.000505554489791,0.000224353832891,0.00019967717526,0.000182427276741,0.000131138644065,0.000196698703803,0.000250025797868,0.0000978636235232,0.0000366427775589,0.00000795809501142,0.0000646113694529,0.000464243348688],"dvar":[0.000039448023017,0.000282859400613,0.00000429353394793,0.00000565274694964,0.0000192284842342,0.0000329710237565,0.0000215610198211,0.0000097983638625,0.00000474933312944,0.00000236925120589,5.74315834001e-7,6.98059238857e-7,3.49387988763e-7,2.57299660689e-7,8.68603038384e-8,4.07684751735e-7,6.33807388795e-8,6.46558362405e-8,4.8935596908e-8,2.06884660514e-8,5.85106683104e-8,1.08072576666e-7,1.41671439025e-8,1.72544378785e-9,7.00796087827e-11,5.83634474083e-9,2.19017167069e-7],"dvar2":[0.000104836930404,0.000645841937512,0.0000113299975055,0.0000146310130731,0.0000497534929309,0.0000786303644418,0.0000528097698407,0.0000232327111007,0.0000115036573334,0.00000586451142226,0.00000129611203192,0.00000159346598139,8.47046180752e-7,6.32088188013e-7,2.10458836136e-7,9.80591153166e-7,1.52647032792e-7,1.6167132344e-7,1.21149810184e-7,4.65506104774e-8,1.32273513032e-7,2.36307414525e-7,3.07136822641e-8,3.75316622225e-9,1.51688162031e-10,1.26654002841e-8,4.54350129075e-7],"max":[0.0674635022879,0.15043734014,0.0350344404578,0.0776665210724,0.0939517617226,0.171878784895,0.14689552784,0.118954241276,0.0661563575268,0.0521595850587,0.0427618101239,0.0508883744478,0.0161672309041,0.0117245968431,0.00505569577217,0.0131189515814,0.00308102671988,0.00698328204453,0.00489905430004,0.00487315375358,0.00206604180858,0.00284529803321,0.0011689576786,0.000609237875324,0.0000827214607853,0.000695760769304,0.00736867124215],"mean":[0.00308015826158,0.00857952237129,0.0016462802887,0.00116873485968,0.00366606540047,0.00294282054529,0.0018940026639,0.00145914580207,0.000897533842362,0.000643846811727,0.000358035118552,0.000542487308849,0.000406115315855,0.000377308228053,0.000221076013986,0.000348686095094,0.000175711145857,0.000161135176313,0.000162888434716,0.000117590083391,0.000143622979522,0.000166855606949,0.0000679061849951,0.0000265404760285,0.00000576733054913,0.0000466691999463,0.000487212382723],"median":[0.000653632509056,0.00205957866274,0.000658144475892,0.000410935084801,0.0018854404334,0.000764641270507,0.000403883343097,0.000337549950927,0.000193574713194,0.000188590885955,0.000116052833619,0.000189801226952,0.000129924155772,0.00011467832519,0.000057170738728,0.0000628802372376,0.0000390453678847,0.0000399183045374,0.0000456493689853,0.0000358835168299,0.0000279315008811,0.0000172972486325,0.00000978236221272,0.00000584259032621,0.00000170530756805,0.00000864885987539,0.000201801827643],"min":[4.06436252945e-23,7.34104097637e-24,3.98049391456e-24,1.19116324303e-23,1.38397283895e-23,2.45620110103e-23,3.95187853743e-23,1.9744693053e-23,4.51087799664e-23,2.50011099228e-23,3.59471986932e-23,5.36911480086e-23,1.39614016645e-22,1.09691007897e-22,1.17562855232e-22,1.98296243424e-22,1.75660416175e-22,1.18680791042e-22,1.77782414144e-22,2.61536369675e-22,3.36310715211e-22,5.51637683029e-22,4.94837072524e-22,8.63636336229e-22,1.22257435899e-21,1.52716211206e-21,2.15311902468e-21],"var":[0.0000384704580938,0.000309117080178,0.00000770402039052,0.00000668155917083,0.0000284410762106,0.0000579642801313,0.0000316590048897,0.0000213557832467,0.00000733333627068,0.00000343549118043,8.92602940894e-7,0.00000167671009876,5.18624005963e-7,4.15363444972e-7,1.437581858e-7,4.84678935209e-7,1.04089686204e-7,9.90175266224e-8,9.74844880375e-8,3.92139867245e-8,7.46533714846e-8,1.32040582912e-7,1.81350667816e-8,2.26681806659e-9,9.11744985066e-11,7.57347429214e-9,4.25907018098e-7]},"barkbands_crest":{"dmean":3.39672708511,"dmean2":5.52780818939,"dvar":8.30801296234,"dvar2":19.9733657837,"max":25.7099971771,"mean":10.4549465179,"median":9.78433704376,"min":1.96111440659,"var":18.7940158844},"barkbands_flatness_db":{"dmean":0.0378529466689,"dmean2":0.0561440549791,"dvar":0.00121120060794,"dvar2":0.0023609790951,"max":0.46586188674,"mean":0.140983432531,"median":0.137143582106,"min":0.0180645920336,"var":0.00409060996026},"barkbands_kurtosis":{"dmean":7.75901699066,"dmean2":12.4103403091,"dvar":131.867935181,"dvar2":330.556091309,"max":177.825576782,"mean":11.5939283371,"median":7.04728507996,"min":-1.8125064373,"var":222.926513672},"barkbands_skewness":{"dmean":0.909911334515,"dmean2":1.41769766808,"dvar":0.820929646492,"dvar2":1.92589998245,"max":11.1996212006,"mean":2.40301847458,"median":2.21519398689,"min":-2.36153674126,"var":2.13800311089},"barkbands_spread":{"dmean":10.4211759567,"dmean2":15.8104295731,"dvar":144.400878906,"dvar2":286.639678955,"max":125.012329102,"mean":24.8603477478,"median":18.5805568695,"min":0.76576590538,"var":388.346343994},"dissonance":{"dmean":0.0232351906598,"dmean2":0.0384897552431,"dvar":0.000544655544218,"dvar2":0.00140698126052,"max":0.500000178814,"mean":0.461149245501,"median":0.470641225576,"min":0.228376597166,"var":0.00111287436448},"dynamic_complexity":4.29217672348,"erbbands":{"dmean":[0.437640070915,1.12415456772,1.38987112045,2.41351294518,3.83039784431,9.22981357574,16.530872345,17.8180446625,19.136920929,23.2513332367,17.13879776,15.8102607727,16.4031715393,12.40766716,12.0419483185,15.4136657715,14.4495267868,14.5937738419,9.83052349091,12.3855543137,14.5146760941,8.07454586029,6.71358728409,6.96739816666,4.85569858551,3.72987246513,4.0679898262,5.87763738632,6.84971523285,3.1520960331,1.57436263561,0.650586366653,0.330830007792,0.10055950284,0.0211847182363,0.0693917348981,0.0810660496354,0.102181740105,0.0292403250933,0.00740191852674],"dmean2":[0.679428517818,1.76217603683,2.29372310638,4.04057645798,6.31839704514,14.9823007584,27.0146217346,27.8363780975,29.7806911469,36.3670158386,27.045091629,24.8607788086,26.5411891937,20.0167922974,19.4603157043,23.9230442047,22.5448646545,22.9464912415,15.1448745728,19.7513923645,23.0900707245,12.6560201645,10.3294086456,11.2100811005,7.4615445137,5.77406740189,6.25088357925,9.14772796631,10.6213417053,4.84719991684,2.43546628952,1.00577199459,0.510704755783,0.154552578926,0.0331034995615,0.106666885316,0.124446943402,0.155170813203,0.0431263968349,0.0102075831965],"dvar":[0.917695581913,5.16295099258,5.12728500366,27.7155761719,47.5865058899,345.092773438,1777.12976074,3058.46801758,4129.71289062,4949.24853516,3075.0480957,2815.21362305,2566.82348633,1234.97937012,630.800170898,1288.15185547,724.291931152,662.079101562,278.534118652,498.176483154,750.179931641,211.374481201,161.949859619,212.488342285,83.1961975098,37.330581665,50.664478302,133.161865234,205.6615448,35.7714805603,8.82274150848,1.33408653736,0.340643465519,0.0301060657948,0.00109759182669,0.0149957891554,0.0209855027497,0.0376087874174,0.00252431747504,0.00011381173681],"dvar2":[2.14842629433,12.164232254,13.3939876556,72.5422821045,124.033218384,872.079650879,4570.06494141,7222.34082031,10462.2617188,11374.7109375,7734.36816406,6906.88330078,6216.05761719,2737.29272461,1501.49145508,2912.79272461,1763.67321777,1603.17456055,663.87310791,1211.828125,1804.46569824,506.332855225,382.012908936,558.817993164,187.188018799,83.9793319702,112.68712616,301.275024414,455.91583252,76.6755447388,19.218082428,2.89108252525,0.744865059853,0.0647557303309,0.00246169650927,0.032334215939,0.04503608495,0.0800698325038,0.00539569882676,0.000224417410209],"max":[9.08843898773,26.960144043,36.4797668457,162.996246338,148.327667236,364.003814697,1886.66223145,2211.21020508,2177.96679688,2443.33154297,1786.66662598,2091.12573242,1912.18457031,1791.76025391,844.123413086,2611.07250977,610.11730957,612.393127441,582.967895508,301.827514648,490.84588623,160.036132812,364.420715332,398.844146729,321.768554688,180.8230896,71.8288345337,93.5560073853,126.376586914,57.1268119812,34.1431007385,21.2108917236,5.97680568695,1.55734467506,0.532515347004,0.995899200439,1.73297321796,2.16070485115,0.969471037388,0.178857341409],"mean":[0.435930073261,1.20199728012,1.8859218359,3.23126363754,5.42874908447,13.3735342026,22.9504756927,24.9232883453,26.0762119293,33.311870575,24.4618816376,21.1495933533,21.5434513092,16.8941383362,16.9522724152,22.0750522614,20.0678024292,20.2986068726,14.2131824493,14.7116565704,16.6809711456,10.1117887497,8.98185253143,8.98709869385,7.29896783829,5.33246803284,4.98731422424,6.32962608337,6.92671108246,3.33630752563,1.69556319714,0.7251496315,0.368490368128,0.112362980843,0.0243000276387,0.0776994600892,0.0908847823739,0.110900163651,0.0382925644517,0.0140469875187],"median":[0.0799643844366,0.343911767006,0.801337242126,1.37457752228,2.80595397949,6.20779418945,8.44090366364,6.08856487274,5.82452058792,8.7282333374,6.16849040985,4.62105941772,6.41200971603,5.28237533569,6.44026327133,7.6927447319,7.32186603546,7.27379655838,4.25939464569,3.43700242043,3.19432091713,2.29522371292,2.33538770676,2.38156747818,2.24944162369,1.69160199165,1.22290313244,0.978453040123,0.674751102924,0.414797782898,0.257312357426,0.151600793004,0.0792274177074,0.0278576426208,0.00875679589808,0.017016146332,0.0180167648941,0.0155941154808,0.011798880063,0.00740530481562],"min":[3.99614240634e-22,1.32897228282e-21,3.27283904828e-21,2.54574704751e-20,3.08941651343e-20,3.65561130296e-20,9.65109166911e-20,2.36064292879e-19,5.00692476477e-19,9.22281257386e-19,7.73899014166e-19,1.02603483181e-18,9.68302381343e-19,8.14780141195e-19,1.7413740081e-18,2.66820320789e-18,6.78962419929e-18,5.79186240081e-18,6.70625225176e-18,7.70759119279e-18,9.71174476507e-18,9.2476848609e-18,7.73757731718e-18,7.10946268212e-18,1.06323579094e-17,1.01507650849e-17,1.19241137596e-17,1.56909064992e-17,2.21520010289e-17,1.61973097789e-17,1.22094348226e-17,1.58380321516e-17,1.61351322666e-17,1.45329926079e-17,7.99430109209e-18,4.70266902051e-18,3.34896561419e-18,1.40168360416e-18,2.85744450276e-19,3.72135923696e-20],"var":[0.938376545906,5.39871931076,8.58170509338,35.8901519775,64.9012832642,483.833374023,2736.21240234,5418.89013672,5636.83251953,9710.67480469,5009.07275391,4413.00146484,3920.26464844,1898.17053223,1121.50378418,3505.19628906,1164.63208008,1068.66210938,546.672973633,663.523071289,993.834106445,344.397338867,283.517272949,308.079040527,206.48840332,73.7148895264,71.4840774536,163.91494751,242.925704956,45.8298225403,11.2802219391,1.7791492939,0.437182277441,0.0389899462461,0.0014260453172,0.0194383282214,0.0276901870966,0.0496647655964,0.00399829959497,0.00030008086469]},"erbbands_crest":{"dmean":2.867436409,"dmean2":4.68754529953,"dvar":7.34365987778,"dvar2":17.7767219543,"max":32.2042922974,"mean":8.44936084747,"median":7.45033454895,"min":1.86339330673,"var":17.0613498688},"erbbands_flatness_db":{"dmean":0.028687261045,"dmean2":0.0422393456101,"dvar":0.000674479757436,"dvar2":0.00128925242461,"max":0.357155442238,"mean":0.134173557162,"median":0.129715383053,"min":0.0210800115019,"var":0.00188906828407},"erbbands_kurtosis":{"dmean":1.7738006115,"dmean2":2.82824707031,"dvar":9.6984128952,"dvar2":23.7156715393,"max":65.7775726318,"mean":1.34084129333,"median":0.130217552185,"min":-1.84220194817,"var":14.3979320526},"erbbands_skewness":{"dmean":0.557188868523,"dmean2":0.830681622028,"dvar":0.28677007556,"dvar2":0.601116359234,"max":6.37495517731,"mean":0.527614116669,"median":0.405710577965,"min":-2.812967062,"var":1.03294551373},"erbbands_spread":{"dmean":11.4482374191,"dmean2":17.8493900299,"dvar":157.939575195,"dvar2":350.246612549,"max":138.350204468,"mean":34.9317207336,"median":31.555519104,"min":1.71221077442,"var":334.412414551},"gfcc":{"cov":[[12173.0693359,-1164.47949219,-1156.23083496,-60.5996818542,-400.212188721,2.42640972137,191.93788147,-166.195297241,176.937866211,122.724647522,-66.1088256836,260.64263916,-164.561584473],[-1164.47949219,1588.68273926,208.662979126,-337.465820312,326.312072754,-96.3531265259,5.29912614822,89.4748458862,44.068107605,-40.1679077148,167.505905151,-169.940444946,144.731796265],[-1156.23083496,208.662979126,579.765075684,198.050842285,-93.2674789429,71.8160018921,-12.3651733398,42.0551300049,-18.7817115784,41.2663421631,-16.3998508453,5.25532150269,5.57523059845],[-60.5996818542,-337.465820312,198.050842285,338.949737549,-27.7503433228,63.9198112488,24.439907074,10.9228086472,-12.5368890762,28.1214637756,-51.3329544067,65.6060180664,-36.8605880737],[-400.212188721,326.312072754,-93.2674789429,-27.7503433228,448.081665039,110.303253174,19.757276535,0.818836033344,38.826335907,-48.7662963867,62.5398712158,-20.4234237671,77.4507369995],[2.42640972137,-96.3531265259,71.8160018921,63.9198112488,110.303253174,255.416305542,37.3838882446,28.941827774,24.0943775177,25.1115493774,-18.1619930267,36.2702903748,14.7258319855],[191.93788147,5.29912614822,-12.3651733398,24.439907074,19.757276535,37.3838882446,137.982055664,33.2822647095,32.6176567078,16.1186485291,2.10949635506,5.49733114243,-2.45169472694],[-166.195297241,89.4748458862,42.0551300049,10.9228086472,0.818836033344,28.941827774,33.2822647095,161.299514771,55.620300293,31.6779994965,16.929019928,-3.55679869652,21.710735321],[176.937866211,44.068107605,-18.7817115784,-12.5368890762,38.826335907,24.0943775177,32.6176567078,55.620300293,108.550384521,42.8752708435,9.03389358521,12.8265151978,9.71051502228],[122.724647522,-40.1679077148,41.2663421631,28.1214637756,-48.7662963867,25.1115493774,16.1186485291,31.6779994965,42.8752708435,78.937171936,22.2847633362,15.5766105652,-4.88136577606],[-66.1088256836,167.505905151,-16.3998508453,-51.3329544067,62.5398712158,-18.1619930267,2.10949635506,16.929019928,9.03389358521,22.2847633362,89.2537460327,10.3738307953,29.7184143066],[260.64263916,-169.940444946,5.25532150269,65.6060180664,-20.4234237671,36.2702903748,5.49733114243,-3.55679869652,12.8265151978,15.5766105652,10.3738307953,91.9621429443,20.6956691742],[-164.561584473,144.731796265,5.57523059845,-36.8605880737,77.4507369995,14.7258319855,-2.45169472694,21.710735321,9.71051502228,-4.88136577606,29.7184143066,20.6956691742,81.5373535156]],"icov":[[0.000146745864186,-0.00020765629597,0.000561773020308,-0.000338735320838,0.00041897315532,-0.000283292902168,-0.0000492497456435,0.000266493356321,-0.000265030452283,-0.0000358663237421,0.0000295399222523,-0.000369826215319,0.000166488855029],[-0.00020765629597,0.00317006302066,-0.00337879965082,0.00309183890931,-0.00228670728393,0.00188735488337,-0.000819158798549,-0.000815807899926,-0.000665162224323,0.00132137874607,-0.00276187621057,0.00387766514905,-0.00221275165677],[0.000561773020308,-0.00337879965082,0.00778977712616,-0.00727342395112,0.00600576307625,-0.00475058984011,0.00153351901099,0.00224189111032,-0.00205132830888,0.00119692937005,-0.00131317670457,0.000670887471642,-0.00146277865861],[-0.000338735320838,0.00309183890931,-0.00727342395112,0.0136873489246,-0.0094101196155,0.00656677689403,-0.00246812985279,-0.00485315546393,0.00812693219632,-0.00926294829696,0.00971348676831,-0.00959882792085,0.00685735605657],[0.00041897315532,-0.00228670728393,0.00600576307625,-0.0094101196155,0.0129344686866,-0.00879217963666,0.00147936074063,0.00551716517657,-0.01049952209,0.0134986806661,-0.0125034907833,0.00975294597447,-0.00774269318208],[-0.000283292902168,0.00188735488337,-0.00475058984011,0.00656677689403,-0.00879217963666,0.0107893338427,-0.00217483844608,-0.00407216558233,0.006805726327,-0.00996958464384,0.00976366735995,-0.00756336189806,0.0037471645046],[-0.0000492497456435,-0.000819158798549,0.00153351901099,-0.00246812985279,0.00147936074063,-0.00217483844608,0.00885483715683,-0.000462764932308,-0.0026404580567,0.00134603236802,-0.00149502500426,0.00121488724835,0.000142632328789],[0.000266493356321,-0.000815807899926,0.00224189111032,-0.00485315546393,0.00551716517657,-0.00407216558233,-0.000462764932308,0.0110850706697,-0.00854859221727,0.00489856721833,-0.00664508296177,0.00678096199408,-0.00581985618919],[-0.000265030452283,-0.000665162224323,-0.00205132830888,0.00812693219632,-0.01049952209,0.006805726327,-0.0026404580567,-0.00854859221727,0.0262403246015,-0.0221571549773,0.0176238324493,-0.0151248164475,0.00836495589465],[-0.0000358663237421,0.00132137874607,0.00119692937005,-0.00926294829696,0.0134986806661,-0.00996958464384,0.00134603236802,0.00489856721833,-0.0221571549773,0.0411968827248,-0.0273522194475,0.0171786788851,-0.00825863983482],[0.0000295399222523,-0.00276187621057,-0.00131317670457,0.00971348676831,-0.0125034907833,0.00976366735995,-0.00149502500426,-0.00664508296177,0.0176238324493,-0.0273522194475,0.038394395262,-0.0231129620224,0.00941720884293],[-0.000369826215319,0.00387766514905,0.000670887471642,-0.00959882792085,0.00975294597447,-0.00756336189806,0.00121488724835,0.00678096199408,-0.0151248164475,0.0171786788851,-0.0231129620224,0.0375338569283,-0.0199547708035],[0.000166488855029,-0.00221275165677,-0.00146277865861,0.00685735605657,-0.00774269318208,0.0037471645046,0.000142632328789,-0.00581985618919,0.00836495589465,-0.00825863983482,0.00941720884293,-0.0199547708035,0.028101798147]],"mean":[-24.7336521149,86.7411651611,-77.0577316284,1.78876435757,-25.232049942,-16.7024517059,-8.99589729309,-18.4213924408,-5.0997171402,-5.56318378448,-3.42741990089,-0.384506344795,-7.08827161789]},"hfc":{"dmean":40.4335212708,"dmean2":58.1227798462,"dvar":3284.30297852,"dvar2":7495.02783203,"max":1700.64147949,"mean":103.469802856,"median":70.1230545044,"min":1.19312147743e-16,"var":11216.7617188},"melbands":{"dmean":[0.00302043068223,0.000887721311301,0.000421333214035,0.000429032777902,0.000562325352803,0.000393323629396,0.000295250269119,0.000256843777606,0.000132289409521,0.000101228652056,0.0000833935191622,0.0000528496057086,0.0000400762728532,0.0000388129519706,0.0000375774216081,0.0000330436669174,0.0000277919953078,0.0000171535266418,0.0000125919359562,0.0000241557554546,0.0000155224206537,0.00000898571215657,0.00000613641441305,0.00000634911475572,0.00000594430184719,0.00000415049726143,0.00000327763518726,0.00000238240818362,0.00000210859411709,0.00000399663349526,0.00000291703281619,0.00000447717411589,0.00000242306896325,0.00000158533623562,0.00000103900356407,5.26719475147e-7,3.51788372654e-7,2.49306225442e-7,1.6463133079e-7,5.52433192524e-8],"dmean2":[0.00461544236168,0.0014139499981,0.000700258358847,0.000691897468641,0.000915683980566,0.000613919342868,0.00046069882228,0.000402016448788,0.000209600417293,0.000159697039635,0.000135541064083,0.0000854772442835,0.0000658362041577,0.0000608405061939,0.0000582816610404,0.0000529445896973,0.0000441352676717,0.0000268732419499,0.0000197107474378,0.0000393641639675,0.0000250772172876,0.0000144081604958,0.00000939023084356,0.0000101374371297,0.00000971048393694,0.00000653598090139,0.00000508509265273,0.00000373120496988,0.00000327739371642,0.00000629583610134,0.0000045645224418,0.00000699755901223,0.00000371905844077,0.0000024740477329,0.00000162396963788,8.15909459106e-7,5.49990716081e-7,3.88067746826e-7,2.5466405873e-7,8.61452136292e-8],"dvar":[0.0000409379535995,0.00000221042296289,7.6435014762e-7,6.57048133235e-7,0.00000164092261912,0.00000133562070914,9.05356387193e-7,5.6643472135e-7,1.80569898589e-7,1.20749703569e-7,6.72440307881e-8,2.40980835287e-8,8.39268654573e-9,7.35243332883e-9,5.39827693657e-9,4.09120204381e-9,2.57538768089e-9,9.58087498226e-10,4.89636164946e-10,2.72859379535e-9,8.00393362699e-10,2.803680621e-10,1.30043281699e-10,1.85639337236e-10,1.66850949723e-10,6.7820013494e-11,4.19960385911e-11,1.51983495233e-11,1.27010502809e-11,6.46685066608e-11,3.19802101467e-11,9.12704217759e-11,2.32008492279e-11,9.17794139299e-12,4.03314187603e-12,9.41025794614e-13,3.91413030459e-13,1.97675033352e-13,8.73088493863e-14,8.86016876322e-15],"dvar2":[0.0000950300018303,0.00000539067150385,0.00000199343458007,0.0000016314113509,0.00000427509712608,0.00000315980469168,0.00000228044928008,0.00000130535920562,4.48332144742e-7,2.95143422591e-7,1.62894679079e-7,5.51757075584e-8,1.9901596815e-8,1.7417102427e-8,1.2004153227e-8,9.92047599624e-9,6.3652780824e-9,2.32491581542e-9,1.17564558089e-9,6.68917099489e-9,1.97466931695e-9,6.93774870886e-10,3.04539254925e-10,4.75792905075e-10,4.44617953566e-10,1.66318819828e-10,9.13824571569e-11,3.49535816957e-11,2.89072845522e-11,1.50438494995e-10,7.23388154933e-11,2.05309436119e-10,5.11944930892e-11,2.0024416153e-11,9.04846163274e-12,2.06600903919e-12,8.75245459876e-13,4.39393747081e-13,1.90085008281e-13,1.95065233362e-14],"max":[0.059584338218,0.0229541230947,0.0272801648825,0.0202701427042,0.0509908311069,0.04249708727,0.0291082076728,0.0240394286811,0.011987067759,0.0130598414689,0.00935443397611,0.0075067342259,0.00366691173986,0.00477129686624,0.00372058642097,0.00191655196249,0.00120208086446,0.00120080844499,0.000455712492112,0.00109323812649,0.000525313836988,0.000176738831215,0.000274237943813,0.000349186622771,0.000367476430256,0.000210268000956,0.000322769308696,0.0000634206444374,0.000051087969041,0.0000722507029423,0.0000579992338317,0.0000888847425813,0.0000400815297326,0.0000329478789354,0.000019614068151,0.0000189979891729,0.00000989613636193,0.00000521664787811,0.00000238433199229,9.03646650841e-7],"mean":[0.00317093683407,0.00115895783529,0.000598035228904,0.000650831614621,0.000805084069725,0.000551288598217,0.000400554243242,0.000369426939869,0.000183827753062,0.000131263412186,0.000106904044515,0.0000692520261509,0.0000527047523065,0.0000566622293263,0.0000513666673214,0.0000426406622864,0.0000371677233488,0.0000237907206611,0.0000163640033861,0.0000251695964835,0.000017695425413,0.0000106035486169,0.00000814640407043,0.00000781905782787,0.00000730802730686,0.00000568956420466,0.0000048051642807,0.00000319047535413,0.00000263253241428,0.0000042489759835,0.00000312921429213,0.00000445826026407,0.00000245151750278,0.00000166032180005,0.00000108310155156,5.78530830353e-7,3.83492590572e-7,2.74222458074e-7,1.81788237796e-7,6.03096594887e-8],"median":[0.000728808401618,0.000472392886877,0.000292251264909,0.000325021159369,0.000324753433233,0.000134733199957,0.0000856789411046,0.0000942356782616,0.0000448912505817,0.0000273792320513,0.0000309520073642,0.0000200687336473,0.0000184338041436,0.000020997304091,0.000017538186512,0.0000139711073643,0.0000123999952848,0.00000639090740151,0.00000405874925491,0.00000452391714134,0.00000333005505126,0.00000214034844248,0.00000208016058423,0.00000181470318239,0.00000182313533514,0.00000163731374414,0.00000139922065046,9.8354257716e-7,7.22937841147e-7,6.65919060339e-7,4.91934770253e-7,3.90285237017e-7,2.71507815341e-7,2.06179791462e-7,1.52001931042e-7,1.10709791556e-7,8.3089723546e-8,6.02291052587e-8,3.60098546537e-8,1.64085633969e-8],"min":[4.30079353019e-24,1.63313909182e-24,4.71633113961e-24,1.90276149403e-24,4.14443341016e-24,5.26699628336e-24,8.08654766397e-24,1.08065708307e-23,6.60963320531e-24,7.02367750104e-24,4.60931466364e-24,3.1769769598e-24,5.42546936732e-24,4.59258923472e-24,1.23084586535e-23,1.27503461893e-23,9.87728716237e-24,1.12693284707e-23,7.92469628318e-24,1.40502516993e-23,1.01464638582e-23,7.85377689894e-24,1.03480738286e-23,5.0808337872e-24,5.76505347663e-24,6.77037426437e-24,8.44413121255e-24,5.79897528442e-24,7.44164282989e-24,8.53001686589e-24,8.29361812956e-24,1.28628551093e-23,8.62004009467e-24,8.21619537602e-24,5.77068239362e-24,1.01365076447e-23,8.50814648615e-24,9.92037158957e-24,1.3422316841e-23,1.17627696443e-23],"var":[0.0000436569171143,0.00000298037616631,0.00000101255113805,9.96581093204e-7,0.00000250860489359,0.00000237465815189,0.00000129387194647,0.00000121653988572,2.91974629363e-7,1.82783352898e-7,1.01493561999e-7,3.48318778265e-8,1.34351898495e-8,1.71070464461e-8,1.17997478455e-8,5.74310199397e-9,3.98918498234e-9,1.73621894639e-9,8.16717027341e-10,2.88660917391e-9,1.09463982323e-9,4.15344092453e-10,2.25268331766e-10,2.494973117e-10,2.245006403e-10,1.31596289421e-10,9.70409932965e-11,2.56374782515e-11,1.82417119604e-11,7.61624582846e-11,3.93792672082e-11,1.04978754856e-10,2.80243935696e-11,1.14003728333e-11,4.90216808119e-12,1.22681682521e-12,4.96219059766e-13,2.44553915963e-13,1.11732888566e-13,1.0982910409e-14]},"melbands_crest":{"dmean":4.98571872711,"dmean2":8.07967376709,"dvar":18.3466739655,"dvar2":42.266784668,"max":37.9495239258,"mean":16.2663211823,"median":14.8787307739,"min":1.30331456661,"var":45.4775276184},"melbands_flatness_db":{"dmean":0.0483390837908,"dmean2":0.0705257430673,"dvar":0.00189562456217,"dvar2":0.0035913400352,"max":0.624149560928,"mean":0.244443103671,"median":0.244658052921,"min":0.000400227290811,"var":0.00725309504196},"melbands_kurtosis":{"dmean":10.7843570709,"dmean2":17.821559906,"dvar":315.900268555,"dvar2":823.755493164,"max":320.430297852,"mean":15.7178096771,"median":9.65006923676,"min":-1.77317905426,"var":434.655426025},"melbands_skewness":{"dmean":1.04146957397,"dmean2":1.6470028162,"dvar":1.15236091614,"dvar2":2.85696434975,"max":15.3405561447,"mean":2.78022480011,"median":2.53186392784,"min":-1.58379077911,"var":2.68348693848},"melbands_spread":{"dmean":8.15952777863,"dmean2":12.5483875275,"dvar":130.70866394,"dvar2":269.896697998,"max":205.230621338,"mean":18.0246639252,"median":11.965798378,"min":0.686074614525,"var":350.589324951},"mfcc":{"cov":[[10115.2822266,-1171.29272461,-836.086425781,-143.512557983,-605.906616211,200.467453003,-287.891143799,101.416114807,-76.0216598511,130.875335693,-7.36729431152,19.1865348816,13.4612522125],[-1171.29272461,1788.20983887,-83.3914489746,-115.529769897,247.545684814,-158.535903931,128.000854492,-55.7313842773,14.4693212509,53.400138855,29.2794494629,19.1967067719,41.4123420715],[-836.086425781,-83.3914489746,700.43347168,148.22354126,-83.5791397095,18.5023155212,-17.2761592865,-15.8005599976,19.6667194366,-2.79200458527,37.7422065735,-5.64188432693,-4.25146102905],[-143.512557983,-115.529769897,148.22354126,242.993881226,2.25508499146,-4.04560613632,7.72923994064,5.85150671005,-1.20014297962,-9.0609292984,2.84162640572,0.942908227444,-1.55730187893],[-605.906616211,247.545684814,-83.5791397095,2.25508499146,324.367370605,85.1085968018,68.3580093384,45.2314071655,42.7686958313,-26.4584236145,-3.46928906441,34.53673172,30.5853767395],[200.467453003,-158.535903931,18.5023155212,-4.04560613632,85.1085968018,228.067840576,46.4882316589,42.4333610535,32.3677978516,-28.112663269,3.10357785225,13.5393314362,8.73323154449],[-287.891143799,128.000854492,-17.2761592865,7.72923994064,68.3580093384,46.4882316589,125.590766907,37.5819091797,15.3315105438,6.38716411591,5.89907264709,5.0310997963,10.3235845566],[101.416114807,-55.7313842773,-15.8005599976,5.85150671005,45.2314071655,42.4333610535,37.5819091797,98.2225952148,56.3699035645,11.8798103333,7.98399543762,11.713640213,10.5371961594],[-76.0216598511,14.4693212509,19.6667194366,-1.20014297962,42.7686958313,32.3677978516,15.3315105438,56.3699035645,111.502296448,37.9692077637,24.6937999725,14.0708608627,11.6544418335],[130.875335693,53.400138855,-2.79200458527,-9.0609292984,-26.4584236145,-28.112663269,6.38716411591,11.8798103333,37.9692077637,94.8059844971,37.247379303,10.6917467117,4.86975240707],[-7.36729431152,29.2794494629,37.7422065735,2.84162640572,-3.46928906441,3.10357785225,5.89907264709,7.98399543762,24.6937999725,37.247379303,69.6834793091,29.965461731,11.209487915],[19.1865348816,19.1967067719,-5.64188432693,0.942908227444,34.53673172,13.5393314362,5.0310997963,11.713640213,14.0708608627,10.6917467117,29.965461731,60.6332817078,27.9599609375],[13.4612522125,41.4123420715,-4.25146102905,-1.55730187893,30.5853767395,8.73323154449,10.3235845566,10.5371961594,11.6544418335,4.86975240707,11.209487915,27.9599609375,54.23179245]],"icov":[[0.000187540295883,-0.0000245763239946,0.000300286716083,-0.000117584531836,0.000478622649098,-0.000496627180837,0.000573639408685,-0.000514018232934,0.00036864032154,-0.000393712427467,0.000080812809756,-0.0000846675102366,-0.00022382082534],[-0.0000245763239946,0.000956844771281,-0.00016310364299,0.000568685820326,-0.00100146455225,0.00113372306805,-0.00124128104653,0.00120784051251,-0.000350253045326,-0.000223777446081,-0.000300661078654,0.000288524257485,-0.000328423106112],[0.000300286716083,-0.00016310364299,0.00235770340078,-0.00138961535413,0.00146362057421,-0.0012614444131,0.00112553779036,-0.000312370888423,-0.000180332586751,0.000114979586215,-0.00115725095384,0.000459866801975,-0.000550396449398],[-0.000117584531836,0.000568685820326,-0.00138961535413,0.00525472592562,-0.00114342779852,0.00140823225956,-0.00138687749859,0.000243907285039,0.0000857698905747,0.000421999342507,0.0000396874565922,-0.000207901364774,0.000314246077323],[0.000478622649098,-0.00100146455225,0.00146362057421,-0.00114342779852,0.00666841259226,-0.00306377978995,0.000711719854735,-0.0021846764721,-0.000708211620804,0.00112678459845,0.00133395183366,-0.00260247266851,-0.00113357102964],[-0.000496627180837,0.00113372306805,-0.0012614444131,0.00140823225956,-0.00306377978995,0.00823119375855,-0.00421328889206,0.00141813408118,-0.00251699658111,0.00327423191629,-0.0011561565334,-0.0000829763812362,0.000656618620269],[0.000573639408685,-0.00124128104653,0.00112553779036,-0.00138687749859,0.000711719854735,-0.00421328889206,0.01368393749,-0.00656848959625,0.00372165068984,-0.00276816007681,-0.000403733487474,0.00149233802222,-0.00143480696715],[-0.000514018232934,0.00120784051251,-0.000312370888423,0.000243907285039,-0.0021846764721,0.00141813408118,-0.00656848959625,0.0196211151779,-0.00958417356014,0.00149282184429,0.000748322403524,-0.000922087347135,-0.000124162630527],[0.00036864032154,-0.000350253045326,-0.000180332586751,0.0000857698905747,-0.000708211620804,-0.00251699658111,0.00372165068984,-0.00958417356014,0.0172499921173,-0.00659972755238,-0.00169657799415,0.00102194549982,-0.00116784765851],[-0.000393712427467,-0.000223777446081,0.000114979586215,0.000421999342507,0.00112678459845,0.00327423191629,-0.00276816007681,0.00149282184429,-0.00659972755238,0.0181523300707,-0.00781806278974,0.000797805783805,0.000356822070898],[0.000080812809756,-0.000300661078654,-0.00115725095384,0.0000396874565922,0.00133395183366,-0.0011561565334,-0.000403733487474,0.000748322403524,-0.00169657799415,-0.00781806278974,0.024803750217,-0.0118433181196,0.0015310466988],[-0.0000846675102366,0.000288524257485,0.000459866801975,-0.000207901364774,-0.00260247266851,-0.0000829763812362,0.00149233802222,-0.000922087347135,0.00102194549982,0.000797805783805,-0.0118433181196,0.0288005322218,-0.0114848641679],[-0.00022382082534,-0.000328423106112,-0.000550396449398,0.000314246077323,-0.00113357102964,0.000656618620269,-0.00143480696715,-0.000124162630527,-0.00116784765851,0.000356822070898,0.0015310466988,-0.0114848641679,0.0253660641611]],"mean":[-690.397888184,147.620727539,2.88818717003,28.9580917358,-0.715628862381,12.7269353867,-1.91089200974,1.59316933155,-4.82693624496,0.761530518532,-0.102477200329,2.6196141243,-0.338010966778]},"pitch_salience":{"dmean":0.0921212211251,"dmean2":0.147898525,"dvar":0.00634509278461,"dvar2":0.0152305047959,"max":0.977588236332,"mean":0.56214684248,"median":0.581991910934,"min":0.0741183757782,"var":0.0158011689782},"silence_rate_20dB":{"dmean":0,"dmean2":0,"dvar":0,"dvar2":0,"max":1,"mean":1,"median":1,"min":1,"var":0},"silence_rate_30dB":{"dmean":0.0515385791659,"dmean2":0.10308496654,"dvar":0.0488854795694,"dvar2":0.11579850316,"max":1,"mean":0.953921914101,"median":1,"min":0,"var":0.0439604669809},"silence_rate_60dB":{"dmean":0.0394118539989,"dmean2":0.0788296833634,"dvar":0.0378613956273,"dvar2":0.0852074995637,"max":1,"mean":0.0923834815621,"median":0,"min":0,"var":0.0838572382927},"spectral_centroid":{"dmean":337.768829346,"dmean2":502.714996338,"dvar":173820.453125,"dvar2":314736.375,"max":11448.2568359,"mean":1062.12866211,"median":827.032592773,"min":157.453689575,"var":525585.6875},"spectral_complexity":{"dmean":5.26830387115,"dmean2":7.69817304611,"dvar":38.8319511414,"dvar2":70.5872116089,"max":56,"mean":15.6957178116,"median":13,"min":0,"var":133.756652832},"spectral_contrast_coeffs":{"dmean":[0.0591302923858,0.0533416345716,0.040167607367,0.0320764109492,0.0244363564998,0.0344498865306],"dmean2":[0.094141960144,0.0878249779344,0.0659122169018,0.0513556450605,0.038670130074,0.0499158874154],"dvar":[0.00223202258348,0.00178798148409,0.00106547900941,0.000685894512571,0.000392457470298,0.000951775640715],"dvar2":[0.00549528049305,0.00467610312626,0.00280084530823,0.0016893093707,0.00094315293245,0.00173884467222],"max":[-0.295747846365,-0.395634442568,-0.475693315268,-0.571177065372,-0.608809947968,-0.547044694424],"mean":[-0.667240262032,-0.753318965435,-0.813024759293,-0.819793343544,-0.824992954731,-0.754595518112],"median":[-0.671854496002,-0.761384248734,-0.820816636086,-0.824363768101,-0.825382530689,-0.749130547047],"min":[-0.966994524002,-0.972773313522,-0.97135925293,-0.97565382719,-0.968548417091,-0.963446438313],"var":[0.00813286192715,0.00575087498873,0.00336993858218,0.00233010854572,0.0015304016415,0.00388191337697]},"spectral_contrast_valleys":{"dmean":[0.480313360691,0.416080772877,0.452449828386,0.467444062233,0.482977509499,0.626834452152],"dmean2":[0.718118548393,0.641114115715,0.678673326969,0.646346032619,0.656784594059,0.906612157822],"dvar":[0.195230394602,0.140372991562,0.190766409039,0.21393802762,0.22422939539,0.317326068878],"dvar2":[0.361454516649,0.2828104496,0.378454446793,0.39119669795,0.380339682102,0.562015473843],"max":[-5.01479482651,-4.25946426392,-5.02943992615,-5.43651247025,-5.78792524338,-8.889336586],"mean":[-7.13403224945,-6.71881103516,-7.37153673172,-7.79055500031,-7.96787309647,-10.9041442871],"median":[-6.97118902206,-6.57566642761,-7.19773435593,-7.68659257889,-7.8325586319,-10.7776250839],"min":[-27.4182376862,-27.2096633911,-27.5179920197,-27.430562973,-27.3131961823,-27.2515144348],"var":[1.17291474342,1.22391688824,1.33271956444,1.41615641117,1.36972820759,1.25502765179]},"spectral_decrease":{"dmean":3.95563226618e-9,"dmean2":5.70246694309e-9,"dvar":3.72120003313e-17,"dvar2":8.1526530744e-17,"max":4.94916996274e-9,"mean":-6.39368069599e-9,"median":-3.47585582539e-9,"min":-6.78513814023e-8,"var":6.52609702927e-17},"spectral_energy":{"dmean":0.0166735127568,"dmean2":0.023162342608,"dvar":0.000586500973441,"dvar2":0.001241752645,"max":0.293252706528,"mean":0.0335162803531,"median":0.0220771301538,"min":1.07200289019e-20,"var":0.00125331152231},"spectral_energyband_high":{"dmean":0.000680804427247,"dmean2":0.00101100106258,"dvar":0.00000130836156131,"dvar2":0.00000278686775346,"max":0.0105010699481,"mean":0.000861311098561,"median":0.00025927083334,"min":7.73399494012e-21,"var":0.00000191125127458},"spectral_energyband_low":{"dmean":0.010754625313,"dmean2":0.0161072146147,"dvar":0.000424305791967,"dvar2":0.000972766545601,"max":0.190922498703,"mean":0.0131687382236,"median":0.00483975466341,"min":2.78984982089e-23,"var":0.000505466596223},"spectral_energyband_middle_high":{"dmean":0.00187376316171,"dmean2":0.00275310804136,"dvar":0.00000799949793873,"dvar2":0.0000170162984432,"max":0.0662722662091,"mean":0.00336699630134,"median":0.00162671145517,"min":1.45559220787e-21,"var":0.0000219553858187},"spectral_energyband_middle_low":{"dmean":0.00580210238695,"dmean2":0.00880070589483,"dvar":0.000101392317447,"dvar2":0.000234738748986,"max":0.224355950952,"mean":0.0122544141486,"median":0.00665652193129,"min":2.42874621717e-22,"var":0.000274148245808},"spectral_entropy":{"dmean":0.304040849209,"dmean2":0.440527647734,"dvar":0.0912889912724,"dvar2":0.168512493372,"max":9.80362224579,"mean":7.45952701569,"median":7.50811004639,"min":4.78306388855,"var":0.266735434532},"spectral_flux":{"dmean":0.0316426791251,"dmean2":0.0483413673937,"dvar":0.00134906708263,"dvar2":0.00298097264022,"max":0.40449821949,"mean":0.103532776237,"median":0.0937444269657,"min":6.51831227882e-11,"var":0.00388860749081},"spectral_kurtosis":{"dmean":5.65401172638,"dmean2":8.48930931091,"dvar":45.0529975891,"dvar2":94.6411743164,"max":88.3710021973,"mean":14.9282159805,"median":13.0064525604,"min":-1.20733034611,"var":93.9197235107},"spectral_rms":{"dmean":0.00126909196842,"dmean2":0.00165912427474,"dvar":0.00000194127892428,"dvar2":0.00000355685415343,"max":0.0169144961983,"mean":0.00500564044341,"median":0.00464097689837,"min":3.23397038315e-12,"var":0.00000764243486628},"spectral_rolloff":{"dmean":5270.69384766,"dmean2":9861.52148438,"dvar":61501032,"dvar2":135687760,"max":22050,"mean":11117.8769531,"median":7170.55664062,"min":43.06640625,"var":96454560},"spectral_skewness":{"dmean":0.542055904865,"dmean2":0.793086946011,"dvar":0.329392075539,"dvar2":0.625698745251,"max":7.52274799347,"mean":2.61822724342,"median":2.52466535568,"min":-0.0164879001677,"var":0.88865506649},"spectral_spread":{"dmean":786051.625,"dmean2":1191662.375,"dvar":666278363136,"dvar2":1261672464380,"max":41444624,"mean":4492002.5,"median":4237422.5,"min":1617266.625,"var":1749618655230},"spectral_strongpeak":{"dmean":2.49989438057,"dmean2":4.61941099167,"dvar":110.402435303,"dvar2":297.141845703,"max":211.914871216,"mean":2.04482936859,"median":0.274783313274,"min":0,"var":84.8279953003},"zerocrossingrate":{"dmean":0.0445794053376,"dmean2":0.0533454567194,"dvar":0.001348465099,"dvar2":0.00187313312199,"max":0.67431640625,"mean":0.251851260662,"median":0.2470703125,"min":0.0087890625,"var":0.0096240947023}},"metadata":{"audio_properties":{"analysis_sample_rate":44100,"bit_rate":320000,"codec":"mp3","downmix":"mix","equal_loudness":0,"length":306.364074707,"lossless":false,"md5_encoded":"40d23defe66cc6982eb5e816953a5840","replay_gain":-3.1909866333,"sample_rate":44100},"tags":{"acoustid_id":["f0423244-52f4-4325-899d-213348d7bd82"],"album":["Victory"],"albumartist":["The Jacksons"],"albumartistsort":["Jackson 5, The"],"artist":["The Jacksons"],"artistsort":["Jackson 5, The"],"asin":["B0000025WV"],"catalognumber":["EK 38946"],"composer":["Marlon Jackson"],"date":["1984"],"discnumber":["1/1"],"encodedby":["iTunes 8.2.0.23"],"file_name":"08 Body.mp3","genre":["Pop"],"label":["Epic"],"media":["CD"],"musicbrainz album release country":["US"],"musicbrainz album status":["official"],"musicbrainz album type":["album"],"musicbrainz_albumartistid":["e5257dc5-1edd-4fca-b7e6-1158e00522c8"],"musicbrainz_albumid":["ef9a0e52-81e6-4098-bd5d-5f09f28ddb95"],"musicbrainz_artistid":["e5257dc5-1edd-4fca-b7e6-1158e00522c8"],"musicbrainz_recordingid":["6ec13b12-591b-4eda-bf9f-4e44dc803219"],"musicbrainz_releasegroupid":["a316d419-56da-39fa-a7ca-9c9fd30df0a6"],"originaldate":["1984"],"script":["Latn"],"title":["Body"],"tracknumber":["8/8"]},"version":{"essentia":"2.1-beta1","essentia_build_sha":"ca57ba49d9b1854bd80e60cf9ccf267278fb7d6b","essentia_git_sha":"v2.1_beta1-28-g21ef5f4-dirty","extractor":"music 1.0"}},"rhythm":{"beats_count":628,"beats_loudness":{"dmean":0.0346029736102,"dmean2":0.0594537034631,"dvar":0.000964778941125,"dvar2":0.00273533933796,"max":0.194771260023,"mean":0.0542458333075,"median":0.0475290082395,"min":1.28493393703e-8,"var":0.00142595707439},"beats_loudness_band_ratio":{"dmean":[0.261001765728,0.132919162512,0.0959390699863,0.0628779157996,0.0633092001081,0.131365701556],"dmean2":[0.464220881462,0.236263483763,0.170315444469,0.120168961585,0.123668752611,0.237953573465],"dvar":[0.0329776480794,0.0160170532763,0.011618886143,0.00214683893137,0.001871393295,0.00744310999289],"dvar2":[0.101335711777,0.0431502759457,