{"lowlevel":{"average_loudness":0.951244950294,"barkbands":{"dmean":[0.0000824392845971,0.00695849023759,0.00292579014786,0.00125740969088,0.00109798600897,0.000830251723528,0.000656395568512,0.0017569065094,0.00104149244726,0.000581440108363,0.000512972881552,0.000613725511357,0.000539794564247,0.000547744741198,0.00045511481585,0.000412299414165,0.000244293158175,0.000370233028661,0.000321777770296,0.000203650124604,0.000231995174545,0.000220788337174,0.00031332182698,0.000232412305195,0.0000925217682379,0.0000248919095611,0.00000154005795139],"dmean2":[0.000122150755487,0.0108705731109,0.00498730735853,0.00220292061567,0.00179076753557,0.00132132205181,0.00104750692844,0.00271742604673,0.00157746311743,0.000876520993188,0.000811734527815,0.000992675428279,0.000874592456967,0.00087603169959,0.000700235832483,0.000620475620963,0.000374443217879,0.000528821954504,0.000498512410559,0.000300289568258,0.00031702715205,0.000293872202747,0.000430774351116,0.00032548388117,0.000130804139189,0.0000373968032363,0.00000240769941229],"dvar":[1.45134153584e-8,0.000209574922337,0.0000443864882982,0.00000726966300135,0.00000470548684461,0.00000465414086648,0.00000667265885568,0.0000235129045905,0.0000133638104671,0.00000347841478288,0.00000422203265771,0.00000444138777311,0.00000341127702086,0.00000255066925092,0.00000252313407145,0.00000116422370411,3.05622762653e-7,5.00714349982e-7,4.25945444249e-7,1.49558019302e-7,9.62831805396e-8,1.22995288621e-7,1.49137548533e-7,1.44196945939e-7,4.05933384684e-8,1.59886237583e-8,4.98239088875e-11],"dvar2":[3.09891881045e-8,0.000507527904119,0.000117617666547,0.00002041863263,0.0000117792478704,0.0000110124565253,0.0000156945734489,0.0000523233647982,0.0000297635269817,0.00000794068546384,0.0000102630983747,0.0000112954412543,0.00000826349969429,0.00000619845422989,0.00000584507006351,0.00000255472605204,7.15455087175e-7,9.34576462441e-7,0.00000100314605334,3.21065130038e-7,1.76913999894e-7,2.10809432133e-7,2.77354956779e-7,2.54069959738e-7,8.95939251677e-8,4.44840821956e-8,1.16967047159e-10],"max":[0.00175307434984,0.211645185947,0.0921103209257,0.0273918826133,0.0447094924748,0.0428103730083,0.0772589594126,0.0689929872751,0.0869320482016,0.0490355044603,0.0517488121986,0.0388807021081,0.0344705805182,0.0265764128417,0.0530648678541,0.0298793911934,0.0226670876145,0.0125195411965,0.0122000724077,0.0126073984429,0.00556734018028,0.00495989061892,0.00505584152415,0.00618979753926,0.00927487574518,0.009073080495,0.000318392994814],"mean":[0.000143272860441,0.0106054199859,0.00275746802799,0.00136692402884,0.00122325215489,0.00102786417119,0.000647700973786,0.00190434709657,0.00110056600533,0.000651487207506,0.00050986057613,0.000576262536924,0.000493153987918,0.000537883315701,0.000528113916516,0.00056796084391,0.000345442531398,0.000705541635398,0.000403948914027,0.000280660693534,0.00038117179065,0.000353557115886,0.000412808294641,0.000333188509103,0.000131315144245,0.000036177039874,0.00000163196739322],"median":[0.0000670866138535,0.00327388942242,0.000371450121747,0.000087798180175,0.000378970609745,0.00018589933461,0.0000609363669355,0.0000541116896784,0.0000457079258922,0.0000343732972397,0.0000165143101185,0.0000257768806478,0.0000230629721045,0.0000480304734083,0.0000561222768738,0.000107732957986,0.0000953533381107,0.0000903048421605,0.0000830177086755,0.0000911659517442,0.000184936783626,0.000180733928573,0.000196517095901,0.000152995795361,0.0000671541347401,0.0000154891658894,1.33976300276e-7],"min":[1.33615287974e-23,2.6363994932e-23,8.94179673639e-24,4.58408775963e-23,7.27107485165e-23,5.19224776828e-23,4.59666535791e-23,5.37735303306e-23,5.0781216834e-23,5.6378500501e-23,9.65532678941e-23,2.1703514829e-22,1.51144815429e-22,5.6949263454e-23,7.64829993237e-23,2.31274630365e-22,1.22618406028e-22,2.48974876786e-22,3.16113881797e-22,2.83239763335e-22,4.98994028706e-22,6.97349253683e-22,4.92265108294e-22,9.92191633699e-22,1.67071379418e-21,1.75109046578e-21,2.50541557069e-21],"var":[3.02870937219e-8,0.000332188763423,0.000039197238948,0.00000802818067314,0.00000515000374435,0.000005911804692,0.00000735824278308,0.0000309224560624,0.0000164054526977,0.00000472605324831,0.00000451778987554,0.00000421517597715,0.00000343386341228,0.00000265094649876,0.00000331153887601,0.00000207224775295,5.14633313742e-7,0.00000204959155781,7.05061097506e-7,2.48119476964e-7,2.42937261419e-7,2.87585010028e-7,3.2135579886e-7,2.97107902725e-7,6.4943897371e-8,1.22367183053e-8,6.03362290685e-11]},"barkbands_crest":{"dmean":3.88142371178,"dmean2":6.1402797699,"dvar":11.9613351822,"dvar2":25.9983654022,"max":26.5144577026,"mean":13.0045881271,"median":11.9028902054,"min":1.92325115204,"var":35.8689956665},"barkbands_flatness_db":{"dmean":0.0364856682718,"dmean2":0.054572943598,"dvar":0.00128073536325,"dvar2":0.00264316354878,"max":0.598900198936,"mean":0.1667188555,"median":0.156099379063,"min":0.0288519691676,"var":0.00458364048973},"barkbands_kurtosis":{"dmean":10.8870229721,"dmean2":17.1962795258,"dvar":1290.94067383,"dvar2":3245.96948242,"max":1269.95837402,"mean":11.2475748062,"median":1.41114854813,"min":-1.96892046928,"var":1379.09667969},"barkbands_skewness":{"dmean":1.19363725185,"dmean2":1.74379825592,"dvar":2.58462285995,"dvar2":5.54081726074,"max":32.3982467651,"mean":1.8391033411,"median":1.25229263306,"min":-6.82177877426,"var":7.50617456436},"barkbands_spread":{"dmean":11.6606035233,"dmean2":18.017168045,"dvar":161.879928589,"dvar2":375.248779297,"max":125.037666321,"mean":31.0050525665,"median":27.2217082977,"min":0.213225260377,"var":413.763061523},"dissonance":{"dmean":0.0221557058394,"dmean2":0.0351184085011,"dvar":0.000673717702739,"dvar2":0.00157113280147,"max":0.499994128942,"mean":0.459411919117,"median":0.474252223969,"min":0.200971618295,"var":0.00161529402249},"dynamic_complexity":3.34332370758,"erbbands":{"dmean":[0.169139459729,1.711576581,3.27679085732,4.26413393021,2.77297663689,4.27037572861,6.38710260391,6.76642274857,6.38577365875,22.9905109406,36.91954422,22.2185974121,15.7029724121,19.0168380737,21.0849914551,24.1266803741,23.2638206482,26.4782848358,22.7048511505,22.7758350372,20.483543396,12.1703720093,12.6532211304,16.4257183075,11.2845487595,8.98974514008,10.5909814835,7.94576931,7.90132427216,7.31384372711,9.00555515289,6.92574310303,3.29160761833,1.38622844219,0.513557493687,0.163946449757,0.0363719575107,0.00445466022938,0.000259760097833,0.0000216109292523],"dmean2":[0.255898714066,2.69629263878,5.47179746628,7.34479284286,4.66947174072,7.04750585556,10.3373947144,10.79575634,10.2532968521,35.4889907837,55.8444900513,33.3406066895,22.6370811462,27.8170471191,32.9549026489,38.5250511169,36.9767456055,41.6015548706,34.5081825256,34.3033027649,29.8792190552,17.8762283325,18.0865592957,24.3452682495,16.7677097321,13.2145853043,14.8805971146,10.5234661102,10.6956930161,9.53580951691,12.5939474106,10.0766611099,4.63234710693,1.96708762646,0.73872667551,0.242172271013,0.055752325803,0.00699278898537,0.000398388510803,0.0000311949333991],"dvar":[0.100472688675,13.9036655426,54.222202301,85.1260452271,26.0999832153,82.8140335083,251.91619873,390.16696167,525.666931152,6225.05517578,10068.3662109,6557.34570312,2972.18457031,4535.56738281,6623.13378906,6990.46630859,6615.68359375,6208.82861328,4718.39208984,6959.38427734,2270.62963867,605.038818359,637.50793457,1045.44116211,627.966308594,253.439880371,231.151763916,140.276885986,183.681213379,105.062324524,137.183868408,166.378890991,20.7217597961,6.98227596283,1.70630061626,0.298705279827,0.0870467573404,0.000844898691867,0.0000020547688564,1.70755509732e-9],"dvar2":[0.241039291024,33.7538604736,144.136001587,230.99118042,69.4191436768,208.443161011,630.21282959,940.527832031,1317.29296875,13959.0595703,22216.9960938,14710.2460938,6466.07373047,10275.015625,16364.7070312,17754.7675781,15969.0966797,15184.5195312,10950.8251953,16099.2919922,4702.34912109,1380.50476074,1299.34680176,2282.92285156,1426.51062012,524.752746582,466.659454346,239.737411499,334.175811768,174.558425903,252.815185547,284.887878418,44.7874412537,15.2924356461,3.73588943481,0.755747675896,0.252081751823,0.00233367015608,0.0000050565172387,4.18175449823e-9],"max":[4.91157341003,53.4645843506,124.432441711,92.6187210083,59.9851150513,240.661483765,386.867584229,436.366912842,806.728027344,1671.31140137,1389.93481445,2482.27001953,1832.75598145,1843.02758789,2164.23217773,1832.0501709,1657.60192871,1367.71289062,1367.35632324,3344.36303711,1601.16259766,775.191040039,502.34979248,767.842712402,727.780761719,336.888824463,258.451049805,251.777282715,197.342971802,163.833190918,146.307723999,183.855987549,114.039558411,101.961723328,57.4029121399,24.7745990753,23.5769309998,2.21223640442,0.0757656916976,0.00203250371851],"mean":[0.274808764458,2.44675350189,3.56786203384,4.40954065323,3.16731286049,4.58469152451,7.48341608047,8.28678894043,6.70361280441,24.5238685608,41.8828048706,24.2863483429,18.9757804871,22.4276561737,21.4068698883,23.8252487183,22.8973522186,27.284204483,26.9219760895,29.2972621918,30.2674560547,19.5044956207,22.1316146851,45.2192878723,15.9565982819,13.0355005264,16.6241168976,12.8281745911,12.1530990601,12.1715021133,11.74447155,9.49914550781,4.33699035645,1.92594027519,0.728735625744,0.243299126625,0.0501638613641,0.00553325237706,0.000322300504195,0.0000461436502519],"median":[0.0988030582666,0.66787570715,0.600679814816,0.392831206322,0.572865664959,1.14155960083,2.26361036301,1.21909224987,1.22202897072,1.25931811333,1.76644575596,1.70049393177,1.75011980534,1.39468038082,1.29580557346,1.42830610275,1.51996743679,2.75498318672,3.41233181953,4.00607061386,5.80850172043,6.52829122543,5.97972202301,5.23840856552,5.28177404404,4.66485738754,7.88886976242,5.92373943329,5.78673648834,6.75641727448,5.34909629822,3.79956746101,2.16102552414,1.0026986599,0.313928753138,0.10391497612,0.019792990759,0.00173966411967,0.0000866935006343,0.0000357244789484],"min":[4.37437584063e-22,6.88770273956e-21,1.14597763622e-20,9.29899707149e-20,2.0992672969e-19,1.65669154799e-19,4.29999811871e-19,4.08621199692e-19,3.04303824131e-19,1.62475911932e-18,7.93427300863e-19,1.00563934964e-18,2.23646393859e-18,1.560057362e-18,6.37803856523e-18,7.86053109779e-18,8.7525229657e-18,3.30358689938e-18,2.28324307018e-18,8.93214027263e-18,1.09278020087e-17,7.20339979402e-18,1.39969878428e-17,1.01559804587e-17,1.92938918348e-17,1.37882637045e-17,2.0865119754e-17,1.80073943718e-17,2.64933277794e-17,2.06062850142e-17,1.28290683749e-17,2.20083908941e-17,1.42209205239e-17,1.23088321538e-17,1.41164509212e-17,6.47306879631e-18,3.70450024918e-18,1.32278939208e-18,3.11381103904e-19,3.69017678969e-20],"var":[0.193441137671,20.1632041931,51.9965820312,81.0163116455,29.6853885651,88.9361038208,271.505493164,489.302368164,518.798400879,7825.84960938,14091.8232422,7990.55175781,4120.75634766,6252.43896484,6528.82568359,6702.40332031,6742.66845703,6285.73779297,6213.80957031,9003.36035156,4698.62158203,1196.60424805,1440.96899414,8389.953125,950.473266602,460.316955566,504.403289795,340.497924805,378.457305908,291.62008667,280.208740234,307.38104248,38.3892059326,11.3579730988,2.67685031891,0.332331269979,0.0534900352359,0.000619760947302,0.00000223873371397,2.52810994361e-9]},"erbbands_crest":{"dmean":3.67941975594,"dmean2":5.83474493027,"dvar":11.4056968689,"dvar2":26.025762558,"max":32.0565948486,"mean":10.7370729446,"median":9.24838542938,"min":2.41483283043,"var":31.9623241425},"erbbands_flatness_db":{"dmean":0.0247369352728,"dmean2":0.0356550626457,"dvar":0.000553235353436,"dvar2":0.00110092852265,"max":0.364838778973,"mean":0.159932419658,"median":0.152851596475,"min":0.0269806459546,"var":0.00240257335827},"erbbands_kurtosis":{"dmean":2.15064263344,"dmean2":3.3610162735,"dvar":11.3889369965,"dvar2":25.8768367767,"max":61.4512939453,"mean":1.46758925915,"median":0.130104780197,"min":-1.94638109207,"var":18.4059638977},"erbbands_skewness":{"dmean":0.64100664854,"dmean2":0.921876788139,"dvar":0.374572008848,"dvar2":0.784337222576,"max":6.28877639771,"mean":-0.263082504272,"median":-0.28631734848,"min":-5.74181222916,"var":1.35232365131},"erbbands_spread":{"dmean":18.4666442871,"dmean2":27.3903388977,"dvar":374.429351807,"dvar2":773.672851562,"max":190.078887939,"mean":53.8673820496,"median":44.3375549316,"min":2.50530862808,"var":1262.80297852},"gfcc":{"cov":[[7802.11083984,764.507080078,-1527.87426758,-761.487121582,-516.704406738,201.546569824,-248.740722656,128.029754639,-269.840942383,-92.1162643433,-34.0413475037,-109.342819214,-159.251113892],[764.507080078,1375.76135254,60.935508728,-172.66065979,151.144927979,102.941581726,262.5390625,29.1711921692,103.473518372,-89.9399719238,-101.006195068,-83.0908737183,48.4611206055],[-1527.87426758,60.935508728,1757.96179199,1018.28234863,416.970458984,115.223129272,129.614044189,-33.435749054,81.2608413696,7.21002531052,-95.338684082,-18.5043964386,25.938829422],[-761.487121582,-172.66065979,1018.28234863,1152.23986816,393.155578613,36.7735557556,-27.9224395752,-62.8863677979,68.2128219604,6.47622299194,-51.6350059509,-66.5638885498,-9.9838886261],[-516.704406738,151.144927979,416.970458984,393.155578613,702.240722656,122.232513428,55.1036453247,9.41941356659,106.704460144,83.3772277832,-64.5337371826,-26.4726276398,-11.1207475662],[201.546569824,102.941581726,115.223129272,36.7735557556,122.232513428,323.621887207,185.251174927,22.7833271027,1.4100600481,2.35173225403,-11.6370649338,-29.162853241,7.02949142456],[-248.740722656,262.5390625,129.614044189,-27.9224395752,55.1036453247,185.251174927,449.760772705,104.571685791,-20.2647571564,-38.2208175659,-5.69515800476,-6.83890104294,-20.5133972168],[128.029754639,29.1711921692,-33.435749054,-62.8863677979,9.41941356659,22.7833271027,104.571685791,173.39704895,67.2167892456,6.57309436798,-3.53752422333,7.02815485001,5.76786375046],[-269.840942383,103.473518372,81.2608413696,68.2128219604,106.704460144,1.4100600481,-20.2647571564,67.2167892456,276.518615723,90.7144775391,-59.6090965271,-41.8423690796,67.7943267822],[-92.1162643433,-89.9399719238,7.21002531052,6.47622299194,83.3772277832,2.35173225403,-38.2208175659,6.57309436798,90.7144775391,157.679412842,31.7257175446,-1.76371240616,3.32477855682],[-34.0413475037,-101.006195068,-95.338684082,-51.6350059509,-64.5337371826,-11.6370649338,-5.69515800476,-3.53752422333,-59.6090965271,31.7257175446,179.626480103,80.0080413818,-16.3499832153],[-109.342819214,-83.0908737183,-18.5043964386,-66.5638885498,-26.4726276398,-29.162853241,-6.83890104294,7.02815485001,-41.8423690796,-1.76371240616,80.0080413818,180.870651245,76.2283630371],[-159.251113892,48.4611206055,25.938829422,-9.9838886261,-11.1207475662,7.02949142456,-20.5133972168,5.76786375046,67.7943267822,3.32477855682,-16.3499832153,76.2283630371,163.296783447]],"icov":[[0.000308107846649,-0.000428258033935,0.000353681651177,-0.000336685974617,0.00037609404535,-0.000666118343361,0.000718498893548,-0.000800899520982,0.000663007725962,-0.000554706901312,0.000548045674805,-0.000397494732169,0.00050010252744],[-0.000428258033935,0.00174822099507,-0.000673134811223,0.0010493171867,-0.00103378819767,0.00120177376084,-0.00172683154233,0.00173258490395,-0.00163646228611,0.00198839628138,-0.00114177388605,0.00147824676242,-0.00133111013565],[0.000353681651177,-0.000673134811223,0.00176384439692,-0.00165201339405,0.000516415399034,-0.00093093625037,0.00046017812565,-0.00079332414316,0.000770445156377,-0.00105545739643,0.00137354736216,-0.00131698080804,0.000778509769589],[-0.000336685974617,0.0010493171867,-0.00165201339405,0.00285799475387,-0.00138833618257,0.00109570974018,-0.000702288351022,0.0014793301234,-0.00125767767895,0.00195800536312,-0.00170421460643,0.0019989751745,-0.00110628642142],[0.00037609404535,-0.00103378819767,0.000516415399034,-0.00138833618257,0.00295379757881,-0.00174198881723,0.00112071016338,-0.00120943295769,0.000635208329186,-0.00239111459814,0.00204729894176,-0.00205392437056,0.00191505230032],[-0.000666118343361,0.00120177376084,-0.00093093625037,0.00109570974018,-0.00174198881723,0.00615032343194,-0.00363026140258,0.00224675680511,-0.000951518246438,0.00118809845299,-0.00198175781406,0.00284552620724,-0.00286607327871],[0.000718498893548,-0.00172683154233,0.00046017812565,-0.000702288351022,0.00112071016338,-0.00363026140258,0.00594216911122,-0.00445029838011,0.00243239104748,-0.00120685179718,0.00137147749774,-0.00153578014579,0.00210234732367],[-0.000800899520982,0.00173258490395,-0.00079332414316,0.0014793301234,-0.00120943295769,0.00224675680511,-0.00445029838011,0.0108483089134,-0.00538300722837,0.00302033708431,-0.00173041620292,0.00000543125497643,-0.000202553463168],[0.000663007725962,-0.00163646228611,0.000770445156377,-0.00125767767895,0.000635208329186,-0.000951518246438,0.00243239104748,-0.00538300722837,0.0097959684208,-0.00612058024853,0.00264049670659,0.00181339902338,-0.00301154493354],[-0.000554706901312,0.00198839628138,-0.00105545739643,0.00195800536312,-0.00239111459814,0.00118809845299,-0.00120685179718,0.00302033708431,-0.00612058024853,0.0124766891822,-0.00485939579085,0.00189280556515,-0.000399090029532],[0.000548045674805,-0.00114177388605,0.00137354736216,-0.00170421460643,0.00204729894176,-0.00198175781406,0.00137147749774,-0.00173041620292,0.00264049670659,-0.00485939579085,0.0109589099884,-0.0066382647492,0.00420783599839],[-0.000397494732169,0.00147824676242,-0.00131698080804,0.0019989751745,-0.00205392437056,0.00284552620724,-0.00153578014579,0.00000543125497643,0.00181339902338,0.00189280556515,-0.0066382647492,0.0137651721016,-0.00883215852082],[0.00050010252744,-0.00133111013565,0.000778509769589,-0.00110628642142,0.00191505230032,-0.00286607327871,0.00210234732367,-0.000202553463168,-0.00301154493354,-0.000399090029532,0.00420783599839,-0.00883215852082,0.0131429433823]],"mean":[-22.3155555725,41.2598381042,-100.178184509,64.0057373047,-62.6889610291,24.951965332,-39.4055023193,15.7278938293,-14.0751504898,7.02088260651,-14.4258651733,3.99656534195,-7.03831386566]},"hfc":{"dmean":11.4960136414,"dmean2":14.7915058136,"dvar":168.179779053,"dvar2":274.140167236,"max":202.348358154,"mean":26.3852958679,"median":20.5068702698,"min":1.26495847403e-16,"var":602.348510742},"melbands":{"dmean":[0.00178778730333,0.00184894411359,0.000673695583828,0.000226799209486,0.000220424175495,0.000152085602167,0.000104285973066,0.00028933698195,0.000304757384583,0.000126791390358,0.0000783387222327,0.0000784576113801,0.0000705301354174,0.0000715964342817,0.0000584306544624,0.00005006743595,0.0000531445730303,0.0000389450360672,0.0000351152011717,0.0000312733500323,0.0000243948252319,0.0000146137608681,0.0000115190896395,0.0000174162560143,0.0000149248508023,0.00000892358002602,0.00000761793035053,0.0000061417526922,0.0000068476542765,0.00000651825348541,0.00000427417717219,0.00000474534681416,0.00000438140432379,0.00000402483192374,0.00000455402960142,0.00000647381557428,0.00000354489247911,0.00000249153413279,0.00000164504774602,0.0000010394066976],"dmean2":[0.00277052423917,0.00296707265079,0.00114644144196,0.000377127842512,0.000355256197508,0.000242832073127,0.000168047903571,0.000443549040938,0.000458837021142,0.000190683087567,0.000113701345981,0.000116037561384,0.000110712710011,0.000114374925033,0.0000945538413362,0.0000803822331363,0.0000850167052704,0.00006113575364,0.0000541288754903,0.0000471086059406,0.0000364822299161,0.0000220500387513,0.0000174474371306,0.0000255175382335,0.0000226798510994,0.000013747318917,0.0000115141583592,0.00000926543543756,0.00000985161932476,0.00000920434922591,0.00000592288779444,0.0000066504771894,0.00000605520926911,0.00000530837678525,0.00000632269711787,0.00000951825677475,0.00000527839119968,0.00000363163167094,0.00000243428553404,0.00000149161758145],"dvar":[0.0000127170742417,0.0000155851248564,0.00000196821633835,1.79786880494e-7,2.62567908749e-7,1.78655255922e-7,1.50697232471e-7,8.42202723561e-7,7.07167487235e-7,2.1012986906e-7,7.61414042927e-8,7.69699468606e-8,8.12089524516e-8,6.29081498005e-8,4.74747672286e-8,3.07267065125e-8,2.81051448781e-8,1.57162638459e-8,1.70581291314e-8,9.78528102991e-9,3.36808270163e-9,1.09770070811e-9,7.22762183436e-10,1.44230682952e-9,1.02389285939e-9,4.35282698774e-10,3.6482908361e-10,1.24812854496e-10,1.16208188905e-10,8.18546133652e-11,4.49607434616e-11,8.55704188063e-11,3.88772417037e-11,3.12910912459e-11,4.09222898623e-11,7.09438202628e-11,5.87722301382e-11,1.18643862096e-11,7.77440351679e-12,4.9914269766e-12],"dvar2":[0.0000307360060106,0.0000395046481572,0.00000529372846358,4.56618494127e-7,6.52349854136e-7,4.26768821171e-7,3.71244794906e-7,0.00000186918578038,0.00000155177326633,4.74520533089e-7,1.65508325267e-7,1.75107857103e-7,1.97979687755e-7,1.57472939577e-7,1.18259492865e-7,7.5121128873e-8,6.91421533361e-8,3.67104711074e-8,3.90161609687e-8,2.23789946574e-8,7.23507875833e-9,2.60385424333e-9,1.57946722368e-9,3.03218428144e-9,2.35288166728e-9,1.02598873841e-9,8.2618090147e-10,2.69750388693e-10,2.39666897439e-10,1.64839031314e-10,8.21315168653e-11,1.69281144657e-10,6.9476972786e-11,5.63693779154e-11,7.61756144274e-11,1.3550595368e-10,1.03854806699e-10,2.64665893368e-11,1.73454323821e-11,1.12406438324e-11],"max":[0.0529989600182,0.0675046145916,0.0137302745134,0.0103484792635,0.012542010285,0.00875836983323,0.0143598755822,0.0186286512762,0.0132650313899,0.0140848355368,0.00925610773265,0.00727281626314,0.00857739709318,0.00595775060356,0.00450021913275,0.00360959419049,0.00304439733736,0.00257298978977,0.00492401467636,0.00318272062577,0.00161896145437,0.00123978569172,0.000599530932959,0.000485301017761,0.000768354686443,0.000489106692839,0.000761645147577,0.000209162084502,0.000190648104763,0.000144161924254,0.000144239442307,0.000132401633891,0.000111510336865,0.0000857621707837,0.0000840025168145,0.000120615775813,0.000111354369437,0.0000837199913803,0.0000975475850282,0.0000875002588145],"mean":[0.00278517790139,0.00245137745515,0.000732388813049,0.00025197659852,0.000261702138232,0.000187071578694,0.000107399391709,0.000308642687742,0.00034139782656,0.000135955167934,0.0000918907899177,0.0000897886493476,0.0000699402589817,0.0000692414905643,0.0000539595603186,0.0000472047759104,0.0000514255152666,0.0000422396406066,0.0000401277175115,0.0000401599463657,0.0000340245787811,0.0000209997469938,0.0000153558721649,0.0000298557097267,0.000038944726839,0.0000106865172711,0.0000100473325801,0.00000814074883237,0.0000097948286566,0.0000102216881714,0.0000064978357841,0.00000683591770212,0.00000691893865223,0.00000643592511551,0.00000607560514254,0.0000078106240835,0.00000489923650093,0.00000312525980917,0.00000224749373956,0.00000139824453527],"median":[0.000913754163776,0.000620143779088,0.0000778819667175,0.0000678635769873,0.0000866475747898,0.0000275245620287,0.0000150285350173,0.0000107083842522,0.0000114756712719,0.00000651765685689,0.0000066497559601,0.00000450268134955,0.00000317013700624,0.00000310719747176,0.00000260066326518,0.00000277074263977,0.00000407440347772,0.00000438094002675,0.00000407824018112,0.00000685149188939,0.00000563513276575,0.00000571592499909,0.00000345252624356,0.00000412623467128,0.0000034042830066,0.00000242591158894,0.00000257861097452,0.00000256133102994,0.00000417592173108,0.00000459047396362,0.0000025564452244,0.0000028979761737,0.00000372360545953,0.00000346538126905,0.00000277246840596,0.00000311494318339,0.00000183645067864,0.00000147804666994,0.00000116909291137,6.87654733156e-7],"min":[6.3590053904e-24,7.42626714199e-24,1.97324672867e-23,1.31140071223e-23,1.44760362175e-23,9.11397036212e-24,5.77338503108e-24,1.74173261907e-23,5.81052775794e-24,6.88206040247e-24,1.12969788342e-23,5.35341796768e-24,1.64426995863e-23,2.15488494977e-23,2.37976300367e-23,1.32503767181e-23,5.55380638697e-24,2.84135352387e-24,7.64194250234e-24,1.69916063591e-23,1.18391574124e-23,7.2177901374e-24,9.0865203692e-24,1.33023847399e-23,6.75435565483e-24,1.51838937295e-23,1.10177638834e-23,8.61176257719e-24,1.03176892731e-23,1.50089259584e-23,9.01963048646e-24,1.76868894283e-23,1.18309564144e-23,1.14851560812e-23,6.4725812448e-24,8.88177940986e-24,1.54953786134e-23,9.26638459989e-24,1.09764977806e-23,9.73777158925e-24],"var":[0.0000214806241274,0.0000194692802324,0.00000201529928745,1.9625494474e-7,2.88182548047e-7,2.27476178338e-7,1.52880588189e-7,0.00000108906897367,9.95204459286e-7,2.53836532238e-7,1.06277575185e-7,1.05731558619e-7,8.25557648909e-8,6.29919512107e-8,4.49196235763e-8,3.03222797982e-8,2.69421196464e-8,1.87620390335e-8,2.22644853665e-8,1.42136276082e-8,6.24624618695e-9,1.81957893197e-9,1.11754860921e-9,3.69961838942e-9,6.85270018508e-9,5.69495228753e-10,5.11630571243e-10,2.00069460998e-10,2.135240873e-10,1.84648379919e-10,1.012191303e-10,1.48671422395e-10,9.32508376073e-11,8.40098338117e-11,8.28956348009e-11,1.32121535934e-10,1.00066573083e-10,2.01913971654e-11,1.27444105616e-11,7.33235694383e-12]},"melbands_crest":{"dmean":4.48975515366,"dmean2":7.11517095566,"dvar":15.6353006363,"dvar2":34.8162078857,"max":37.8615341187,"mean":17.3797550201,"median":16.7328701019,"min":2.11526489258,"var":45.1179084778},"melbands_flatness_db":{"dmean":0.0437858141959,"dmean2":0.0626335814595,"dvar":0.00180941750295,"dvar2":0.00338826747611,"max":0.720005691051,"mean":0.210729256272,"median":0.202729180455,"min":0.00674970634282,"var":0.00957091711462},"melbands_kurtosis":{"dmean":38.0939102173,"dmean2":58.9958763123,"dvar":8554.79980469,"dvar2":18768.2050781,"max":1576.84729004,"mean":50.7081260681,"median":8.73512172699,"min":-1.90215933323,"var":13568.0439453},"melbands_skewness":{"dmean":1.88603329659,"dmean2":2.76115632057,"dvar":6.12243127823,"dvar2":11.9839830399,"max":32.036819458,"mean":4.28205823898,"median":2.66599488258,"min":-3.46940279007,"var":21.0268325806},"melbands_spread":{"dmean":16.082906723,"dmean2":24.1643924713,"dvar":524.247192383,"dvar2":1076.28515625,"max":314.247314453,"mean":37.7131271362,"median":24.9375114441,"min":0.268610745668,"var":1505.55334473},"mfcc":{"cov":[[7710.13085938,726.587280273,-1252.04345703,-1035.84472656,-464.277313232,-321.09777832,-99.6259460449,-38.7646408081,-287.363372803,2.71441340446,-124.837760925,-21.1743183136,-115.773925781],[726.587280273,1319.17150879,-209.239257812,-200.885421753,-74.2436981201,49.5794715881,91.505645752,120.933128357,185.378662109,28.5578136444,-8.84892940521,14.5475320816,81.2675933838],[-1252.04345703,-209.239257812,1324.62255859,708.798461914,255.594955444,220.721038818,115.517044067,82.0641174316,117.532440186,-30.8895969391,-17.3076171875,6.25544548035,28.4859771729],[-1035.84472656,-200.885421753,708.798461914,960.452697754,479.449523926,214.366195679,24.0646457672,23.4248981476,132.422546387,23.194229126,15.0306224823,-18.5481719971,9.04404163361],[-464.277313232,-74.2436981201,255.594955444,479.449523926,650.488952637,221.001831055,-64.0705871582,-52.9133300781,112.775238037,72.670211792,4.17349386215,-0.32620587945,13.966586113],[-321.09777832,49.5794715881,220.721038818,214.366195679,221.001831055,348.225158691,152.3487854,38.2733039856,105.147109985,50.5774917603,32.4164161682,14.2551593781,18.353685379],[-99.6259460449,91.505645752,115.517044067,24.0646457672,-64.0705871582,152.3487854,361.885070801,149.358383179,-1.32166934013,-28.837392807,58.5374336243,26.9209003448,-7.11107826233],[-38.7646408081,120.933128357,82.0641174316,23.4248981476,-52.9133300781,38.2733039856,149.358383179,218.331665039,91.3395233154,-11.7179327011,4.49504232407,11.7021045685,6.03407335281],[-287.363372803,185.378662109,117.532440186,132.422546387,112.775238037,105.147109985,-1.32166934013,91.3395233154,312.366729736,113.74597168,-16.8207015991,-0.226939916611,79.4028091431],[2.71441340446,28.5578136444,-30.8895969391,23.194229126,72.670211792,50.5774917603,-28.837392807,-11.7179327011,113.74597168,205.029663086,66.1181945801,-11.2574052811,8.15222740173],[-124.837760925,-8.84892940521,-17.3076171875,15.0306224823,4.17349386215,32.4164161682,58.5374336243,4.49504232407,-16.8207015991,66.1181945801,166.954360962,32.4860839844,-43.6855583191],[-21.1743183136,14.5475320816,6.25544548035,-18.5481719971,-0.32620587945,14.2551593781,26.9209003448,11.7021045685,-0.226939916611,-11.2574052811,32.4860839844,112.809181213,58.6909751892],[-115.773925781,81.2675933838,28.4859771729,9.04404163361,13.966586113,18.353685379,-7.11107826233,6.03407335281,79.4028091431,8.15222740173,-43.6855583191,58.6909751892,188.450256348]],"icov":[[0.000180602233741,-0.000104664191895,0.0000962088961387,0.0000617430632701,0.00000318912952935,0.00000924904179556,0.0000174893939402,-0.0000870245639817,0.000251036282862,-0.000244173686951,0.000322419364238,-0.000147325947182,0.000166305733728],[-0.000104664191895,0.00100679241586,0.0000839295753394,0.000196307766601,-0.0000395782262785,-0.0000680605371599,-0.000185729979421,-0.000124779413454,-0.00083126896061,0.000456113397377,-0.000361614249414,0.000275623169728,-0.00035317678703],[0.0000962088961387,0.0000839295753394,0.00145107100252,-0.00105582526885,0.000389257882489,-0.000408949359553,-0.000110201901407,-0.000189087295439,-0.0000476500135846,0.000115134942462,0.000470847502584,-0.000319602317177,0.0000908985894057],[0.0000617430632701,0.000196307766601,-0.00105582526885,0.00279027665965,-0.00162609096151,0.000160495372256,-0.0000631017392152,-0.00018429683405,-0.000456403533462,0.000572090852074,-0.00076684722444,0.000894611875992,-0.000201462593395],[0.00000318912952935,-0.0000395782262785,0.000389257882489,-0.00162609096151,0.00344099057838,-0.00194688595366,0.00120003870688,0.000405213184422,-0.0000189229140233,-0.000502375653014,0.000488618214149,-0.000744206365198,0.000379875244107],[0.00000924904179556,-0.0000680605371599,-0.000408949359553,0.000160495372256,-0.00194688595366,0.00621948437765,-0.00358332809992,0.0017488313606,-0.00168141617905,-0.000460831302917,0.000145140569657,-0.000301582942484,0.000292455981253],[0.0000174893939402,-0.000185729979421,-0.000110201901407,-0.0000631017392152,0.00120003870688,-0.00358332809992,0.00666309194639,-0.00427980115637,0.00208094879054,0.000641584978439,-0.00182413926814,0.000265334791038,-0.000651010253932],[-0.0000870245639817,-0.000124779413454,-0.000189087295439,-0.00018429683405,0.000405213184422,0.0017488313606,-0.00427980115637,0.00928629841655,-0.00421296618879,0.00147114635911,0.000379639386665,-0.000913814408705,0.00146266166121],[0.000251036282862,-0.00083126896061,-0.0000476500135846,-0.000456403533462,-0.0000189229140233,-0.00168141617905,0.00208094879054,-0.00421296618879,0.00816246960312,-0.00440860912204,0.00187987275422,0.000303604523651,-0.0019868966192],[-0.000244173686951,0.000456113397377,0.000115134942462,0.000572090852074,-0.000502375653014,-0.000460831302917,0.000641584978439,0.00147114635911,-0.00440860912204,0.00962121132761,-0.00541847012937,0.0027712744195,-0.00101016671397],[0.000322419364238,-0.000361614249414,0.000470847502584,-0.00076684722444,0.000488618214149,0.000145140569657,-0.00182413926814,0.000379639386665,0.00187987275422,-0.00541847012937,0.0113833229989,-0.00556321907789,0.00400206679478],[-0.000147325947182,0.000275623169728,-0.000319602317177,0.000894611875992,-0.000744206365198,-0.000301582942484,0.000265334791038,-0.000913814408705,0.000303604523651,0.0027712744195,-0.00556321907789,0.0140272723511,-0.00598629144952],[0.000166305733728,-0.00035317678703,0.0000908985894057,-0.000201462593395,0.000379875244107,0.000292455981253,-0.000651010253932,0.00146266166121,-0.0019868966192,-0.00101016671397,0.00400206679478,-0.00598629144952,0.00910178665072]],"mean":[-666.692443848,59.1422042847,25.3232975006,35.9536819458,12.8361349106,13.6568593979,-4.10209655762,8.08508491516,5.33135700226,6.41350317001,0.316074073315,4.11129617691,-0.195428162813]},"pitch_salience":{"dmean":0.105303257704,"dmean2":0.167744293809,"dvar":0.0100773153827,"dvar2":0.0230607744306,"max":0.883197486401,"mean":0.466059684753,"median":0.464791893959,"min":0.023857196793,"var":0.0264505706728},"silence_rate_20dB":{"dmean":0,"dmean2":0,"dvar":0,"dvar2":0,"max":1,"mean":1,"median":1,"min":1,"var":0},"silence_rate_30dB":{"dmean":0.0148406811059,"dmean2":0.0296835210174,"dvar":0.0146182710305,"dvar2":0.0350620299578,"max":1,"mean":0.986760735512,"median":1,"min":0,"var":0.0130616743118},"silence_rate_60dB":{"dmean":0.0510694012046,"dmean2":0.102146238089,"dvar":0.0484606213868,"dvar2":0.11032500118,"max":1,"mean":0.087582744658,"median":0,"min":0,"var":0.0799176469445},"spectral_centroid":{"dmean":465.243377686,"dmean2":691.345153809,"dvar":251651.90625,"dvar2":505191.0625,"max":10887.9550781,"mean":2013.0489502,"median":1925.47436523,"min":104.394989014,"var":900130.8125},"spectral_complexity":{"dmean":4.1406955719,"dmean2":5.5810842514,"dvar":27.2375450134,"dvar2":43.1055488586,"max":54,"mean":11.6570158005,"median":10,"min":0,"var":89.2142868042},"spectral_contrast_coeffs":{"dmean":[0.0646741017699,0.0684057101607,0.0564939379692,0.0476133935153,0.0318096354604,0.023994890973],"dmean2":[0.103338822722,0.10240188241,0.0815032348037,0.0687721297145,0.0473429486156,0.0360085256398],"dvar":[0.00288524408825,0.0036609666422,0.00251514255069,0.00176056812052,0.000780479167588,0.000394152710214],"dvar2":[0.00710636144504,0.00740708783269,0.00467544840649,0.00340559333563,0.00162097078282,0.000839717744384],"max":[-0.324553906918,-0.270980060101,-0.355475366116,-0.409927934408,-0.519260644913,-0.592469155788],"mean":[-0.676703393459,-0.681754469872,-0.749247848988,-0.744578778744,-0.767468035221,-0.76124984026],"median":[-0.680779635906,-0.698067069054,-0.773087859154,-0.754872202873,-0.779926538467,-0.758171916008],"min":[-0.96281337738,-0.960562050343,-0.964393615723,-0.972691118717,-0.962918162346,-0.958461523056],"var":[0.00744718499482,0.0145364198834,0.0123696075752,0.00783943198621,0.0040063066408,0.00153389840852]},"spectral_contrast_valleys":{"dmean":[0.526449322701,0.638620138168,0.625971853733,0.517433047295,0.413698792458,0.494700282812],"dmean2":[0.798652768135,0.943645060062,0.887664735317,0.703758180141,0.543351829052,0.589230954647],"dvar":[0.206887036562,0.332867115736,0.326692909002,0.227653115988,0.155161812901,0.172135859728],"dvar2":[0.422531723976,0.706513106823,0.627106964588,0.399946242571,0.242530405521,0.273049265146],"max":[-5.08399534225,-5.04276227951,-5.01623106003,-5.83569717407,-5.53565406799,-7.47598838806],"mean":[-7.71879243851,-7.94154024124,-8.64563846588,-8.56278896332,-7.76663732529,-9.42578601837],"median":[-7.53258085251,-7.8868894577,-8.54830169678,-8.48833656311,-7.71812438965,-9.29165077209],"min":[-27.6286525726,-27.3358650208,-26.8388938904,-26.8977584839,-27.0820331573,-27.3270454407],"var":[1.42505323887,1.13381910324,1.34460866451,1.16848111153,0.834800720215,0.853946089745]},"spectral_decrease":{"dmean":3.37487793267e-9,"dmean2":5.03028951826e-9,"dvar":2.22276566221e-17,"dvar2":5.1935395027e-17,"max":-2.8311368794e-29,"mean":-6.7917951263e-9,"median":-4.95866769867e-9,"min":-7.2814430041e-8,"var":4.55175091037e-17},"spectral_energy":{"dmean":0.0134608699009,"dmean2":0.0198311544955,"dvar":0.000329213653458,"dvar2":0.000760767899919,"max":0.27859762311,"mean":0.0280270799994,"median":0.0215102620423,"min":1.15803855963e-20,"var":0.000694849819411},"spectral_energyband_high":{"dmean":0.00106174661778,"dmean2":0.00134812807664,"dvar":0.00000190132550415,"dvar2":0.00000299312523566,"max":0.0207384023815,"mean":0.00179663917515,"median":0.00107766583096,"min":8.34040153185e-21,"var":0.00000518981050845},"spectral_energyband_low":{"dmean":0.00906856916845,"dmean2":0.014234630391,"dvar":0.000295058212942,"dvar2":0.000726162455976,"max":0.273998737335,"mean":0.0143426116556,"median":0.00540166255087,"min":6.08697065154e-23,"var":0.000489904719871},"spectral_energyband_middle_high":{"dmean":0.00277361436747,"dmean2":0.00399136170745,"dvar":0.0000186810484593,"dvar2":0.0000386774809158,"max":0.0647014826536,"mean":0.00534995365888,"median":0.0027419491671,"min":1.70305885834e-21,"var":0.0000462285024696},"spectral_energyband_middle_low":{"dmean":0.004967559129,"dmean2":0.00758364517242,"dvar":0.0000538618951396,"dvar2":0.000119793010526,"max":0.0952505245805,"mean":0.00746716978028,"median":0.00396135263145,"min":3.56270738892e-22,"var":0.0000945546053117},"spectral_entropy":{"dmean":0.24290445447,"dmean2":0.336969137192,"dvar":0.0523174442351,"dvar2":0.0949434190989,"max":9.8190574646,"mean":7.76926231384,"median":7.80893564224,"min":4.35688972473,"var":0.209831655025},"spectral_flux":{"dmean":0.0354868397117,"dmean2":0.0540064945817,"dvar":0.0011379950447,"dvar2":0.00251539750025,"max":0.446505129337,"mean":0.104481510818,"median":0.100310616195,"min":1.07612196931e-10,"var":0.00315376720391},"spectral_kurtosis":{"dmean":0.984291851521,"dmean2":1.45558440685,"dvar":1.14750790596,"dvar2":2.43771219254,"max":35.6117401123,"mean":1.75185322762,"median":1.37110185623,"min":-1.27086806297,"var":3.28682374954},"spectral_rms":{"dmean":0.00120417238213,"dmean2":0.00169457355514,"dvar":0.00000144979674133,"dvar2":0.00000308380344904,"max":0.0164864361286,"mean":0.00467972317711,"median":0.00458100670949,"min":3.36124053937e-12,"var":0.00000544355543752},"spectral_rolloff":{"dmean":1025.44116211,"dmean2":1636.13171387,"dvar":2350306.5,"dvar2":4665576,"max":18755.4199219,"mean":2478.69970703,"median":1571.92382812,"min":21.533203125,"var":6566615.5},"spectral_skewness":{"dmean":0.231146216393,"dmean2":0.321610987186,"dvar":0.0467418320477,"dvar2":0.0891948640347,"max":5.29538106918,"mean":0.990642905235,"median":0.976808488369,"min":-0.398747712374,"var":0.181902974844},"spectral_spread":{"dmean":863913,"dmean2":1223622.875,"dvar":856781750272,"dvar2":1636684267520,"max":42143696,"mean":6143359.5,"median":5938488,"min":1762088.625,"var":2652512976900},"spectral_strongpeak":{"dmean":0.804978489876,"dmean2":1.33749043941,"dvar":1.76934421062,"dvar2":4.27386283875,"max":14.3346099854,"mean":1.23241448402,"median":0.440838009119,"min":0,"var":3.42923688889},"zerocrossingrate":{"dmean":0.0210931748152,"dmean2":0.0230117421597,"dvar":0.000474385771668,"dvar2":0.000519906054251,"max":0.51708984375,"mean":0.0905158817768,"median":0.07421875,"min":0,"var":0.00354829640128}},"metadata":{"audio_properties":{"analysis_sample_rate":44100,"bit_rate":192000,"codec":"mp3","downmix":"mix","equal_loudness":0,"length":319.164093018,"lossless":false,"md5_encoded":"a1cad9f035d3c84a95a2208871bcd7e2","replay_gain":-5.95972824097,"sample_rate":44100},"tags":{"album":["It Takes a Nation of Millions to Hold Us Back"],"albumartist":["Public Enemy"],"albumartistsort":["Public Enemy"],"artist":["Public Enemy"],"artistsort":["Public Enemy"],"asin":["B0000024K1"],"barcode":["731452735829"],"catalognumber":["314 527 358-2"],"date":["1988"],"file_name":"03 - Don’t Believe the Hype.mp3","isrc":["USDJ28800015"],"label":["Def Jam Recordings"],"media":["CD"],"musicbrainz album release country":["US"],"musicbrainz album status":["official"],"musicbrainz album type":["album"],"musicbrainz_albumartistid":["bf2e15d0-4b77-469e-bfb4-f8414415baca"],"musicbrainz_albumid":["2ed38f0b-1519-3b22-8df7-747eff07877e"],"musicbrainz_artistid":["bf2e15d0-4b77-469e-bfb4-f8414415baca"],"musicbrainz_recordingid":["6f248522-ea81-462a-84d3-27f0bb1a8615"],"musicbrainz_releasegroupid":["01921d99-9d15-3fce-8734-46e58327cfb7"],"originaldate":["1988"],"script":["Latn"],"title":["Don’t Believe the Hype"],"tracknumber":["3/16"]},"version":{"essentia":"2.1-beta2","essentia_build_sha":"70f2e5ece6736b2c40cc944ad0e695b16b925413","essentia_git_sha":"v2.1_beta2","extractor":"music 1.0"}},"rhythm":{"beats_count":522,"beats_loudness":{"dmean":0.0415394231677,"dmean2":0.0796074718237,"dvar":0.00126212101895,"dvar2":0.00374430953525,"max":0.190501123667,"mean":0.0497187413275,"median":0.0409941710532,"min":0.000357261917088,"var":0.00118086056318},"beats_loudness_band_ratio":{"dmean":[0.700171351433,0.136949330568,0.149970158935,0.102938637137,0.130219504237,0.335366308689],"dmean2":[1.39845371246,0.268369525671,0.281636476517,0.194683536887,0.248011544347,0.6