{"lowlevel":{"average_loudness":0.851929545403,"barkbands":{"dmean":[0.000182440126082,0.00371449417435,0.00235015968792,0.00130065635312,0.000939884223044,0.000704364327248,0.000847115006763,0.000927461136598,0.00112146628089,0.0008056719671,0.000405783910537,0.000410527281929,0.00022929989791,0.00017389356799,0.000221318143304,0.000292810611427,0.000290381372906,0.000138003379107,0.000141699594678,0.0000710168969817,0.0000576506718062,0.0000385843886761,0.000042484698497,0.0000449695944553,0.0000178474583663,0.00000783798986959,0.00000238062671087],"dmean2":[0.000244380673394,0.00574911059812,0.00406568683684,0.00226362142712,0.00156595930457,0.00112854223698,0.00132849509828,0.00141612649895,0.00173273938708,0.00126631651074,0.000643221777864,0.000623403524514,0.000352615665179,0.000278244930087,0.000358792458428,0.000471670005936,0.000464478071081,0.000226149495575,0.00023562516435,0.000118635645777,0.0000951358306338,0.0000620120990789,0.0000661715166643,0.0000669076034683,0.0000251247474807,0.0000110680557555,0.00000325310406879],"dvar":[2.16576793832e-7,0.0000458217618871,0.0000194723597815,0.00000562128934689,0.00000217624187826,0.0000015427389144,0.00000575479771214,0.00000965112667473,0.00000744833278077,0.00000523135531694,0.00000106550942292,0.0000012720754512,4.794072197e-7,1.54771313987e-7,3.34357508791e-7,4.32947899753e-7,3.32624978228e-7,8.65522835625e-8,5.23432923671e-8,1.61458793002e-8,1.18348486566e-8,6.71174982259e-9,1.07364197532e-8,2.70436864014e-8,1.09443423213e-8,6.47254749797e-10,2.28960794768e-10],"dvar2":[4.17602279867e-7,0.00010381451284,0.0000564483161725,0.0000157968988788,0.0000059386711655,0.00000382008829547,0.0000132936020236,0.0000211773094634,0.0000180081005965,0.0000126556969917,0.00000254600922744,0.00000260342631009,0.00000102043338757,3.84981888146e-7,8.23729294552e-7,0.00000110159817268,7.98212454356e-7,2.23439698743e-7,1.37512557785e-7,4.28203996705e-8,3.08801162419e-8,1.61425273149e-8,2.57547370097e-8,5.65514604034e-8,2.04902370626e-8,1.13692977255e-9,3.25043214566e-10],"max":[0.006797819864,0.0971893146634,0.0648266449571,0.0377928465605,0.0289299506694,0.0239891987294,0.0712003409863,0.0850268080831,0.118114203215,0.0545696690679,0.0335984416306,0.0412127003074,0.0352822989225,0.0143993869424,0.0162424854934,0.0245255362242,0.0136960586533,0.010419305414,0.00688489200547,0.00228495476767,0.00217638746835,0.00161019363441,0.00397861702368,0.00554296933115,0.00398282986134,0.00106367596891,0.000993948196992],"mean":[0.000242504349444,0.00641827844083,0.00361229898408,0.0017309486866,0.00182114134077,0.00136646383908,0.00139523332473,0.00161742698401,0.00224613025784,0.0015891547082,0.000800453766715,0.000776064174715,0.000492501130793,0.000339241960319,0.000431043707067,0.000638257537503,0.000687557447236,0.000318394886563,0.000358792021871,0.000162597294548,0.000138405172038,0.0000671975576552,0.0000679435324855,0.000077046592196,0.0000325025284837,0.0000146476540976,0.00000330916031999],"median":[0.0000726632279111,0.00365825765766,0.00234668375924,0.00105410802644,0.00125893461518,0.000816775020212,0.000464871700387,0.000326302979374,0.000786819960922,0.000342116109096,0.000311793293804,0.000376603798941,0.000195068496396,0.000160897325259,0.000192759966012,0.000303809385514,0.000295635720249,0.000164638244314,0.00022136339976,0.0000878986247699,0.0000660507430439,0.0000210307189263,0.0000229906745517,0.000012643287846,0.00000223512506636,0.00000260639944827,1.85227179372e-7],"min":[2.10434799583e-23,2.36804384383e-23,4.46086879064e-24,1.48228837636e-24,3.88914042964e-23,3.42684269563e-23,3.18758875614e-23,4.36912253187e-23,7.4075395841e-23,1.92580794705e-23,3.1253880204e-23,1.0984922184e-22,4.11293458865e-23,1.22354939107e-22,1.23264931182e-22,1.3500125032e-22,1.40372332856e-22,1.88588117228e-22,1.96424080859e-22,3.7217053967e-22,2.77558021064e-22,4.6498344567e-22,7.51626064649e-22,6.84473529097e-22,1.09819161822e-21,1.51587208625e-21,2.34408667457e-21],"var":[3.08808040472e-7,0.0000718266746844,0.0000198257584998,0.0000051549809541,0.00000349854872184,0.00000333887373927,0.0000103626662167,0.0000286071262963,0.0000207625344046,0.0000163917829923,0.00000317116246151,0.00000275004254036,0.00000219224034481,4.84689167024e-7,7.97088318905e-7,0.0000010516241673,0.00000120053607588,2.70495462473e-7,1.69536320982e-7,3.89368750575e-8,3.12124370794e-8,1.38486360157e-8,1.86376585276e-8,5.76071528258e-8,2.67612811911e-8,1.98524774397e-9,5.98970761878e-10]},"barkbands_crest":{"dmean":2.37661600113,"dmean2":3.87941098213,"dvar":5.08155202866,"dvar2":13.5723762512,"max":23.7708816528,"mean":9.12301158905,"median":8.46155166626,"min":2.36389303207,"var":12.8612918854},"barkbands_flatness_db":{"dmean":0.0193317532539,"dmean2":0.0302432384342,"dvar":0.000370328314602,"dvar2":0.000901450111996,"max":0.38877427578,"mean":0.141492217779,"median":0.140033990145,"min":0.0173324029893,"var":0.00264742737636},"barkbands_kurtosis":{"dmean":2.03740119934,"dmean2":3.29534053802,"dvar":14.7662086487,"dvar2":38.9848480225,"max":84.1121444702,"mean":3.13055062294,"median":1.00627803802,"min":-1.79832208157,"var":43.1334838867},"barkbands_skewness":{"dmean":0.415430426598,"dmean2":0.657342255116,"dvar":0.201479777694,"dvar2":0.517359852791,"max":8.00525665283,"mean":1.37094891071,"median":1.16601681709,"min":-1.85460448265,"var":1.18150341511},"barkbands_spread":{"dmean":3.9430077076,"dmean2":6.24651145935,"dvar":19.4798488617,"dvar2":42.1805267334,"max":99.892791748,"mean":20.9783477783,"median":20.0518074036,"min":1.22525620461,"var":102.930389404},"dissonance":{"dmean":0.016143143177,"dmean2":0.0270801316947,"dvar":0.000234519277001,"dvar2":0.000648061279207,"max":0.500000119209,"mean":0.468544960022,"median":0.47428715229,"min":0.325748354197,"var":0.00053478917107},"dynamic_complexity":3.11175751686,"erbbands":{"dmean":[0.108323425055,0.884403765202,2.63345146179,3.72161412239,3.4870724678,3.19817209244,4.62160778046,6.09040260315,8.78356266022,17.8924236298,19.5016708374,26.6796550751,27.3018341064,17.4306812286,13.555934906,17.500629425,10.8662910461,7.73569345474,9.70369815826,12.4468383789,17.3078861237,13.5536985397,7.91344261169,7.00251150131,5.46075439453,3.38051438332,2.45308876038,2.14523339272,1.37983715534,1.23330795765,1.28355467319,1.1827300787,0.567884504795,0.267421066761,0.0955552756786,0.035237647593,0.0150869013742,0.00416773743927,0.000419906486059,0.0000170878593053],"dmean2":[0.157557249069,1.44123935699,4.50778770447,6.48695468903,5.94086837769,5.34792995453,7.47686624527,9.7649641037,13.8126192093,27.8825130463,29.6480693817,40.8266639709,43.0807151794,27.737071991,21.4636039734,26.4439754486,16.4159164429,12.3103380203,15.4066333771,20.1698284149,27.9550952911,21.5864162445,12.8602085114,11.5072650909,9.13116264343,5.6679444313,4.08617925644,3.54084420204,2.22282314301,1.94708454609,1.9980121851,1.78653931618,0.829190790653,0.385191529989,0.132479056716,0.0504231452942,0.0218047108501,0.00582616124302,0.000567884882912,0.0000245194551098],"dvar":[0.0696521401405,2.36188054085,22.7075710297,45.2097702026,31.7262096405,33.1500968933,75.8610687256,125.123016357,570.525817871,2545.34765625,3463.70019531,5001.84667969,6613.26464844,2147.20507812,1449.89282227,2748.69116211,880.23651123,374.028320312,703.335327148,862.523010254,1594.87878418,671.21887207,288.242218018,152.222091675,78.1800079346,36.7014503479,22.7602100372,17.3312110901,8.58162689209,8.41435146332,10.2363348007,10.8585653305,10.1335735321,2.79615807533,0.252761483192,0.0162026584148,0.0022447432857,0.000389276479837,0.00000798683231551,4.02060429394e-9],"dvar2":[0.139549061656,6.00846099854,64.7199325562,125.320075989,87.6839294434,91.0757675171,197.045608521,305.719787598,1372.65307617,5793.72021484,7444.71044922,12166.1875,15733.5205078,5132.78857422,3476.62890625,5462.89599609,1765.28894043,890.189575195,1677.07885742,2151.71606445,4178.54541016,1626.76464844,743.907592773,378.772399902,210.175445557,97.2060470581,60.6577644348,44.309009552,20.7386722565,20.0287284851,24.8053855896,23.6129608154,21.8068161011,5.48675870895,0.466687679291,0.0310444906354,0.00421077664942,0.000573512574192,0.0000113914056783,6.05732353165e-9],"max":[4.40760564804,22.4934120178,75.7087020874,95.3000946045,84.6786575317,152.390869141,213.420806885,305.64642334,674.903198242,1306.11169434,2318.19506836,3362.07714844,2046.19848633,1383.20605469,1594.71398926,2126.92114258,1256.21447754,662.41217041,956.761413574,943.412475586,1606.56872559,593.667663574,548.76953125,417.614807129,199.555419922,112.020042419,108.159492493,86.2687530518,56.2926025391,101.634864807,132.452774048,75.8427886963,128.547836304,68.998085022,21.0350131989,6.24731302261,2.16876935959,1.26239693165,0.171836107969,0.00332749867812],"mean":[0.148838892579,1.51798558235,4.42022943497,5.34756946564,5.24025440216,5.82585382462,9.15880203247,11.9063310623,15.6392650604,29.5957698822,36.6006507874,53.4308395386,54.7197227478,40.3041648865,28.7964859009,35.3015708923,25.8054008484,16.5804309845,19.8574771881,26.5988941193,40.5167999268,35.782661438,20.7335014343,18.2012825012,14.1147661209,8.01558208466,5.88033246994,4.63791275024,2.47113490105,2.11359810829,2.02995157242,1.92361044884,0.984473586082,0.469733446836,0.175518274307,0.0687688961625,0.0256127882749,0.00646300753579,0.000591691350564,0.0000458317117591],"median":[0.0544007197022,0.930422961712,2.92145419121,3.55939078331,3.5299680233,3.52389812469,5.41880273819,6.9348487854,6.55129289627,8.37811851501,10.4919424057,19.0777549744,15.9068422318,13.2704467773,11.6964559555,16.9038467407,12.451374054,8.52268600464,9.19477844238,13.2866268158,19.0375881195,16.7303237915,10.3833036423,10.6252174377,8.83912849426,4.42019939423,3.05941438675,1.96692979336,0.793811321259,0.711091160774,0.650053501129,0.416106790304,0.1141359061,0.0308986119926,0.0132656963542,0.00921034626663,0.00476259924471,0.000850868993439,0.0000423889359809,0.0000302157477563],"min":[7.73511262349e-22,2.57830662125e-21,8.82088845458e-21,3.59800019278e-21,4.15386451428e-20,1.5086855427e-19,3.60961766983e-19,3.82922895259e-19,3.38928079459e-19,6.12178380172e-19,1.02777666739e-18,1.45115438147e-18,1.46310693452e-18,6.95381272664e-19,2.4457265715e-18,4.23463368632e-18,1.78120316819e-18,5.2244421432e-18,4.83398766507e-18,9.14775813418e-18,7.71854223692e-18,9.05599319857e-18,8.69688927924e-18,1.33973431101e-17,1.22418950442e-17,1.80429317052e-17,1.13771265175e-17,9.46477593112e-18,1.43837526818e-17,2.29116340727e-17,1.86695325998e-17,1.4912425318e-17,1.17602931208e-17,1.07697228306e-17,7.89492195894e-18,5.32009689565e-18,2.86178828665e-18,1.08196671688e-18,2.77970968771e-19,3.8984065842e-20],"var":[0.0944838002324,3.58719944954,27.8897666931,42.3199806213,35.2482185364,53.5916175842,143.75088501,300.691467285,1023.01025391,5149.34521484,10435.9072266,13280.4511719,16975.9257812,9292.296875,4332.91455078,6198.76806641,4410.92626953,1002.62176514,1732.50769043,2023.04064941,4149.39013672,2766.61035156,1068.64318848,506.24017334,236.782699585,91.7131271362,52.6925239563,42.4339370728,18.1496677399,16.1820144653,17.0824356079,23.188993454,18.9011478424,6.08588266373,0.661377966404,0.0478888303041,0.00614792434499,0.00101065635681,0.000021338217266,1.16056106947e-8]},"erbbands_crest":{"dmean":2.26778864861,"dmean2":3.57796788216,"dvar":5.57885122299,"dvar2":13.1051216125,"max":31.401424408,"mean":8.97437095642,"median":7.40754413605,"min":2.38697600365,"var":25.1049804688},"erbbands_flatness_db":{"dmean":0.0166944414377,"dmean2":0.023418713361,"dvar":0.000334646116244,"dvar2":0.000604484288488,"max":0.372736036777,"mean":0.171921998262,"median":0.166869014502,"min":0.0389260984957,"var":0.00248816702515},"erbbands_kurtosis":{"dmean":0.60870295763,"dmean2":0.968533754349,"dvar":1.17893016338,"dvar2":2.97390604019,"max":47.7619361877,"mean":0.105916529894,"median":-0.354052901268,"min":-1.68075060844,"var":2.86399459839},"erbbands_skewness":{"dmean":0.27473577857,"dmean2":0.429778307676,"dvar":0.0678255334496,"dvar2":0.164062157273,"max":5.21455574036,"mean":0.232651248574,"median":0.153368964791,"min":-2.58789873123,"var":0.394973039627},"erbbands_spread":{"dmean":5.91613340378,"dmean2":9.10194587708,"dvar":42.1259078979,"dvar2":95.3469772339,"max":126.838302612,"mean":34.6491699219,"median":32.5799942017,"min":2.88825511932,"var":205.429916382},"gfcc":{"cov":[[8012.80517578,-2070.52172852,599.376525879,-92.0058746338,-898.456970215,629.090759277,-929.759033203,466.681091309,-8.34360313416,189.59211731,-312.916137695,280.527099609,-130.857543945],[-2070.52172852,1739.31066895,-571.588378906,66.1837463379,430.424468994,-466.775024414,480.029266357,-277.943969727,181.489746094,-174.31590271,177.557678223,-129.218765259,187.705169678],[599.376525879,-571.588378906,794.40411377,55.1828727722,-140.294296265,245.350326538,-214.698760986,75.0317001343,5.08327770233,67.275642395,-56.1154747009,87.6304321289,-153.197097778],[-92.0058746338,66.1837463379,55.1828727722,192.083175659,56.2652587891,5.91817855835,26.1608943939,-58.2560272217,17.4924659729,-15.4167413712,16.1673336029,3.94696497917,4.61923837662],[-898.456970215,430.424468994,-140.294296265,56.2652587891,262.137420654,-85.8510360718,181.088409424,-94.9492874146,25.8396339417,-43.2710075378,56.4734611511,-27.0771999359,37.7561340332],[629.090759277,-466.775024414,245.350326538,5.91817855835,-85.8510360718,243.075958252,-114.277679443,77.7238693237,-35.0159072876,41.9380149841,-33.930809021,42.4046096802,-83.3744888306],[-929.759033203,480.029266357,-214.698760986,26.1608943939,181.088409424,-114.277679443,278.340606689,-63.167766571,39.45936203,-80.9202423096,45.3438148499,-36.3806419373,49.9584350586],[466.681091309,-277.943969727,75.0317001343,-58.2560272217,-94.9492874146,77.7238693237,-63.167766571,152.100311279,-6.10285043716,36.5206985474,-53.250377655,4.24224615097,-14.5233860016],[-8.34360313416,181.489746094,5.08327770233,17.4924659729,25.8396339417,-35.0159072876,39.45936203,-6.10285043716,127.439338684,-2.65511012077,12.8748140335,-10.7282571793,-1.92327284813],[189.59211731,-174.31590271,67.275642395,-15.4167413712,-43.2710075378,41.9380149841,-80.9202423096,36.5206985474,-2.65511012077,102.823188782,11.421169281,2.08859944344,-28.8703384399],[-312.916137695,177.557678223,-56.1154747009,16.1673336029,56.4734611511,-33.930809021,45.3438148499,-53.250377655,12.8748140335,11.421169281,90.954460144,2.39440512657,14.0589189529],[280.527099609,-129.218765259,87.6304321289,3.94696497917,-27.0771999359,42.4046096802,-36.3806419373,4.24224615097,-10.7282571793,2.08859944344,2.39440512657,91.5765991211,-10.3820323944],[-130.857543945,187.705169678,-153.197097778,4.61923837662,37.7561340332,-83.3744888306,49.9584350586,-14.5233860016,-1.92327284813,-28.8703384399,14.0589189529,-10.3820323944,114.888763428]],"icov":[[0.00034185370896,-0.0000928759254748,0.000318439560942,-0.00020722746558,0.000550527358428,-0.000653816096019,0.00082938343985,-0.000294686265988,-0.000509582052473,0.00011875994096,0.000525848357938,-0.000763207382988,-0.000191238548723],[-0.0000928759254748,0.00361086707562,-0.000262754474534,0.000682390411384,-0.00187942036428,0.00332403392531,-0.00171073293313,0.00173543265555,-0.00278308591805,0.00233497447334,-0.0031417964492,0.00230708532035,-0.00125675252639],[0.000318439560942,-0.000262754474534,0.00282762036659,-0.00110014306847,0.000448691193014,-0.00186983612366,0.00198873830959,-0.000659965444356,-0.00108033651486,0.000111393150291,0.00110600644257,-0.00213536852971,0.00183567497879],[-0.00020722746558,0.000682390411384,-0.00110014306847,0.00703150546178,-0.00145748490468,-0.000464881391963,-0.00104411726352,0.00362993543968,-0.00114365830086,0.000220158530283,-0.00020382720686,0.001202337211,-0.00187632325105],[0.000550527358428,-0.00187942036428,0.000448691193014,-0.00145748490468,0.0103491190821,-0.00313543109223,-0.00322032975964,0.00206841225736,0.000662156264298,-0.00267768581398,0.00170683360193,-0.00155024300329,-0.000670819077641],[-0.000653816096019,0.00332403392531,-0.00186983612366,-0.000464881391963,-0.00313543109223,0.0129146212712,-0.00151075492613,-0.0022517060861,0.000610422284808,0.00248421542346,-0.00458707474172,0.00162733381148,0.00346754142083],[0.00082938343985,-0.00171073293313,0.00198873830959,-0.00104411726352,-0.00322032975964,-0.00151075492613,0.0127875329927,-0.00434805033728,-0.00133850169368,0.00548049248755,-0.000566487433389,-0.00187613605522,0.00153981230687],[-0.000294686265988,0.00173543265555,-0.000659965444356,0.00362993543968,0.00206841225736,-0.0022517060861,-0.00434805033728,0.0152651201934,-0.00239863991737,-0.00445574754849,0.0050249020569,0.00225240900181,-0.00426154164597],[-0.000509582052473,-0.00278308591805,-0.00108033651486,-0.00114365830086,0.000662156264298,0.000610422284808,-0.00133850169368,-0.00239863991737,0.0122513649985,-0.00241479207762,0.000461176066892,-0.000015562027329,0.00261664646678],[0.00011875994096,0.00233497447334,0.000111393150291,0.000220158530283,-0.00267768581398,0.00248421542346,0.00548049248755,-0.00445574754849,-0.00241479207762,0.0187305603176,-0.00931418035179,0.00304817804135,0.00227801897563],[0.000525848357938,-0.0031417964492,0.00110600644257,-0.00020382720686,0.00170683360193,-0.00458707474172,-0.000566487433389,0.0050249020569,0.000461176066892,-0.00931418035179,0.0215470343828,-0.00536103639752,-0.00124721438624],[-0.000763207382988,0.00230708532035,-0.00213536852971,0.001202337211,-0.00155024300329,0.00162733381148,-0.00187613605522,0.00225240900181,-0.000015562027329,0.00304817804135,-0.00536103639752,0.0163023788482,-0.00184843572788],[-0.000191238548723,-0.00125675252639,0.00183567497879,-0.00187632325105,-0.000670819077641,0.00346754142083,0.00153981230687,-0.00426154164597,0.00261664646678,0.00227801897563,-0.00124721438624,-0.00184843572788,0.0151931159198]],"mean":[-11.2285118103,124.853988647,-133.133468628,36.5187911987,-42.6307258606,3.84729266167,-19.8981723785,8.69679450989,-14.7118473053,-5.77830410004,-14.3862581253,-0.522988438606,-11.6682062149]},"hfc":{"dmean":4.17613458633,"dmean2":6.30657625198,"dvar":36.7692680359,"dvar2":81.986328125,"max":127.035690308,"mean":18.7822170258,"median":13.390619278,"min":1.13917514016e-16,"var":268.868713379},"melbands":{"dmean":[0.000953853188548,0.00126762734726,0.000610461691394,0.000221672220505,0.000154526656843,0.000134983303724,0.000146426886204,0.000206397977308,0.00016642997798,0.000165981706232,0.000137782437378,0.0000749918472138,0.0000529594799445,0.0000413708912674,0.0000421884869866,0.0000180046590685,0.000015754621927,0.0000167932648765,0.0000157345348271,0.0000182542607945,0.00002383123865,0.0000163881832123,0.0000126489167087,0.00000547517220184,0.0000064544228735,0.00000583549081057,0.00000318192132909,0.0000022508463644,0.00000168975395809,0.00000165016535902,0.00000119389437714,8.33520971355e-7,7.21636467915e-7,7.19568163277e-7,7.711716421e-7,8.89491559519e-7,6.23617665951e-7,4.46466827952e-7,3.07314536485e-7,2.15143600713e-7],"dmean2":[0.00143664912321,0.00213351938874,0.0010572813917,0.000374992872821,0.000250487908488,0.000215813925024,0.000229209865211,0.000319264043355,0.000254938116996,0.000254260288784,0.000217147520743,0.000118729658425,0.0000838078849483,0.0000641100268695,0.0000630800204817,0.0000278444440482,0.0000251186720561,0.0000266452334472,0.0000254561145994,0.0000297139722534,0.0000387373402191,0.0000262965659203,0.0000204313564609,0.0000089840077635,0.0000106300667539,0.00000975836883299,0.00000529614044353,0.00000379937932848,0.0000028289518923,0.00000276834225588,0.00000197538156499,0.000001360107035,0.00000116967089525,0.00000114258659778,0.00000122651090351,0.00000138346968015,9.41752489325e-7,6.67360779971e-7,4.46174027502e-7,3.17669503147e-7],"dvar":[0.00000394766084355,0.0000047747021199,0.00000115939781153,1.2867437249e-7,7.14874133223e-8,5.89602962009e-8,1.59578007697e-7,3.47520284549e-7,2.09805932627e-7,1.7207979397e-7,1.66002408264e-7,4.29710809158e-8,1.97349763198e-8,1.52418966337e-8,1.058474286e-8,1.73756797839e-9,1.7739215652e-9,2.0027919323e-9,1.85580772971e-9,1.59561563962e-9,2.93522250949e-9,9.8665742243e-10,9.12992070834e-10,1.13647681543e-10,1.35453995243e-10,7.91392229527e-11,3.17387366389e-11,1.60782394343e-11,1.06898413732e-11,9.30544183375e-12,5.96309807088e-12,3.17655667395e-12,2.57665980566e-12,3.17664948166e-12,3.93987576938e-12,4.56776066624e-12,3.80364706745e-12,6.68848396806e-12,3.16814087985e-12,1.93237158046e-12],"dvar2":[0.00000830694807519,0.000012964214875,0.00000321180436913,3.52314714291e-7,1.86438811056e-7,1.44515411193e-7,3.77559132403e-7,7.86052112289e-7,4.65283449103e-7,4.19003328034e-7,3.95177551127e-7,1.03344383717e-7,4.73040806526e-8,3.17535331362e-8,2.13253592563e-8,3.67080987829e-9,4.16343537424e-9,4.72814543073e-9,4.39548486497e-9,3.96793398139e-9,7.67690711001e-9,2.32583041715e-9,2.27170415812e-9,2.99751778954e-10,3.34688665671e-10,2.1512058801e-10,8.40116240464e-11,4.35187164083e-11,2.87185119435e-11,2.47091756778e-11,1.5377392068e-11,7.7778512797e-12,6.2645613523e-12,7.70110190895e-12,9.71279393719e-12,1.04875162374e-11,8.20835760473e-12,1.47699647651e-11,6.51138995153e-12,3.87643996763e-12],"max":[0.0322188474238,0.0358428880572,0.0153815457597,0.00707782246172,0.00653099874035,0.00592217640951,0.0123141026124,0.0134877013043,0.0172628611326,0.0183704588562,0.0100051397458,0.00596503680572,0.00499795656651,0.00431752577424,0.00472765229642,0.00120605085976,0.00151432596613,0.00161887856666,0.00147974840365,0.000893884920515,0.00207063532434,0.000686809478793,0.00102452980354,0.000368311884813,0.000423707562732,0.000190817328985,0.000129639156512,0.0000788739416748,0.0000730616811779,0.0000559951113246,0.0000523425733263,0.0000392771507904,0.0000344105537806,0.0000584664849157,0.000081676946138,0.0000488046935061,0.0000463040123577,0.000104374586954,0.0000570863339817,0.0000642757950118],"mean":[0.00151468080003,0.00231721065938,0.000934457289986,0.000376602140022,0.000318413658533,0.00026485012495,0.000256984785665,0.000349368026946,0.000304951128783,0.000332228839397,0.000267813040409,0.00016442478227,0.000104256498162,0.0000801266796771,0.0000895874691196,0.0000388466287404,0.0000300117462757,0.0000313854689011,0.0000312696101901,0.0000378883887606,0.0000508132579853,0.0000387030086131,0.0000279470696114,0.0000128183683046,0.0000149564066305,0.0000134898928081,0.00000698370740793,0.00000469839778816,0.00000351395738107,0.00000364771563,0.00000227176496992,0.00000137051222282,0.00000121787911667,0.00000116090041047,0.00000112997565793,0.00000135199502438,0.00000102857882212,7.26063262846e-7,5.15669341894e-7,3.57974442977e-7],"median":[0.00073532643728,0.00154242292047,0.000648642482702,0.000251759483945,0.000195412503672,0.000154209468747,0.000101970676042,0.0000878713908605,0.0000859227729961,0.000115198643471,0.0000720237731002,0.0000494624073326,0.0000408994892496,0.0000341896484315,0.0000424437748734,0.0000184901437024,0.0000144210953295,0.0000133976755023,0.0000141812561196,0.0000185182434507,0.0000226561169256,0.000017692500478,0.0000119529740914,0.00000690435626893,0.00000852034554555,0.00000841843575472,0.00000383244514524,0.00000253056396105,0.00000182937333193,0.00000172070144799,8.65268248162e-7,4.02739203764e-7,3.59505463621e-7,3.72951205918e-7,3.61530680948e-7,3.40074734595e-7,1.85534943853e-7,7.56254507905e-8,3.41224293265e-8,1.89884232782e-8],"min":[8.46758720271e-24,6.34570992871e-24,1.1444924175e-24,6.83403218398e-24,1.45607772336e-23,7.57577363847e-24,6.03826637925e-24,7.44265257185e-24,7.61373835839e-24,1.0199991226e-23,7.34541599895e-24,2.52017235619e-24,5.43725968241e-24,1.57845182232e-23,6.09515666116e-24,2.78837204776e-24,1.03940194543e-23,8.16653027115e-24,1.10707130162e-23,1.23744523903e-23,7.47285174503e-24,1.02596156998e-23,6.24486076729e-24,9.16228414826e-24,1.04699346946e-23,8.77886934933e-24,1.06386751977e-23,1.17518975633e-23,6.74471893001e-24,6.65035854397e-24,4.46700928393e-24,7.29401382237e-24,9.67146230814e-24,1.36835938837e-23,8.16683950462e-24,1.12743030275e-23,8.46234601086e-24,7.81061674109e-24,8.2058644536e-24,7.82334816724e-24],"var":[0.00000566562357562,0.00000703192563378,0.00000111653355361,1.75840938255e-7,1.48401753108e-7,1.42639777323e-7,2.89470079906e-7,8.16646831936e-7,5.8846740103e-7,4.72303554488e-7,4.32416072726e-7,1.77033044224e-7,5.66395392809e-8,3.34508065691e-8,4.21273789186e-8,6.99637636714e-9,4.4322820969e-9,4.88971840795e-9,4.49273596104e-9,3.61284224759e-9,7.24252613438e-9,3.46703088461e-9,2.78010747756e-9,4.05623312716e-10,3.8982167494e-10,2.2605184391e-10,7.44883599246e-11,3.41149331007e-11,2.1384453236e-11,2.22030692443e-11,1.25601664486e-11,6.13087185186e-12,5.08428368851e-12,5.63365673556e-12,5.79651734597e-12,8.96350268315e-12,8.11458972932e-12,1.17529623186e-11,6.2529707974e-12,4.08300129817e-12]},"melbands_crest":{"dmean":3.08254599571,"dmean2":5.02647638321,"dvar":7.98199176788,"dvar2":20.9584884644,"max":31.5653305054,"mean":13.8998537064,"median":13.4636449814,"min":2.10329961777,"var":24.4815998077},"melbands_flatness_db":{"dmean":0.022725680843,"dmean2":0.0359743498266,"dvar":0.000513717532158,"dvar2":0.0013067520922,"max":0.52151709795,"mean":0.214887917042,"median":0.214795812964,"min":0.00674051931128,"var":0.00439931172878},"melbands_kurtosis":{"dmean":5.28535509109,"dmean2":8.50187587738,"dvar":112.344070435,"dvar2":285.938659668,"max":301.313232422,"mean":10.6588954926,"median":5.06817722321,"min":-1.54359197617,"var":283.485534668},"melbands_skewness":{"dmean":0.600580155849,"dmean2":0.947663724422,"dvar":0.459104806185,"dvar2":1.16211307049,"max":14.3120298386,"mean":2.36476206779,"median":2.00936031342,"min":-1.25398898125,"var":2.3693113327},"melbands_spread":{"dmean":4.84244728088,"dmean2":7.74715709686,"dvar":28.4529800415,"dvar2":66.9515380859,"max":129.024658203,"mean":22.8813705444,"median":20.6720733643,"min":0.986372113228,"var":173.4765625},"mfcc":{"cov":[[6197.92041016,-966.28527832,154.245819092,-361.856719971,-62.2768707275,-202.385467529,-397.614562988,-59.5486869812,58.081905365,5.20663166046,-28.069486618,3.97719788551,-117.959877014],[-966.28527832,1329.75463867,-523.365966797,371.459503174,-89.0767974854,25.7161769867,41.8098258972,10.6077842712,45.3615074158,-12.1885719299,-34.426990509,20.7162494659,38.3655776978],[154.245819092,-523.365966797,726.074523926,-163.419113159,134.593231201,38.8225898743,-78.1729125977,45.3714866638,-81.0090637207,64.7662582397,18.3140983582,15.0121717453,4.32928133011],[-361.856719971,371.459503174,-163.419113159,308.760559082,-21.2918796539,76.9087219238,9.4516992569,10.644036293,9.96610736847,-11.2259407043,-32.5089569092,-0.150831252337,14.539399147],[-62.2768707275,-89.0767974854,134.593231201,-21.2918796539,123.975326538,36.5573577881,0.420339822769,-11.359872818,-21.939748764,14.7167959213,8.39349937439,10.3311738968,5.39798259735],[-202.385467529,25.7161769867,38.8225898743,76.9087219238,36.5573577881,170.183868408,13.1320800781,49.6449394226,-57.9542770386,24.2589836121,-8.24191951752,15.1284294128,10.2018165588],[-397.614562988,41.8098258972,-78.1729125977,9.4516992569,0.420339822769,13.1320800781,147.280441284,7.08421754837,17.6088695526,-34.7192115784,8.87956047058,-9.55709648132,6.04164838791],[-59.5486869812,10.6077842712,45.3714866638,10.644036293,-11.359872818,49.6449394226,7.08421754837,145.245498657,-1.8346517086,38.0835723877,-36.9728393555,0.710395216942,-4.77110099792],[58.081905365,45.3615074158,-81.0090637207,9.96610736847,-21.939748764,-57.9542770386,17.6088695526,-1.8346517086,116.021903992,1.87681078911,7.95638847351,-21.441362381,-11.6444330215],[5.20663166046,-12.1885719299,64.7662582397,-11.2259407043,14.7167959213,24.2589836121,-34.7192115784,38.0835723877,1.87681078911,97.8698425293,17.9811096191,11.4301843643,-9.08463096619],[-28.069486618,-34.426990509,18.3140983582,-32.5089569092,8.39349937439,-8.24191951752,8.87956047058,-36.9728393555,7.95638847351,17.9811096191,84.7732849121,15.8944320679,6.89037513733],[3.97719788551,20.7162494659,15.0121717453,-0.150831252337,10.3311738968,15.1284294128,-9.55709648132,0.710395216942,-21.441362381,11.4301843643,15.8944320679,60.3324813843,18.7604618073],[-117.959877014,38.3655776978,4.32928133011,14.539399147,5.39798259735,10.2018165588,6.04164838791,-4.77110099792,-11.6444330215,-9.08463096619,6.89037513733,18.7604618073,54.5705108643]],"icov":[[0.000252182362601,0.000186561053852,0.000132898712764,0.0001285460894,0.0000585018387937,0.0000129717918753,0.000743764918298,-0.0000373224283976,-0.000236904423218,0.00025869498495,0.0000704553021933,-0.000269548327196,0.000351631228114],[0.000186561053852,0.00164600193966,0.000942989659961,-0.00143301638309,-0.0000903234467842,0.000701293931343,0.000437221198808,-0.000375301635358,0.000139795069117,-0.000440741656348,0.000084505736595,-0.000640923972242,-0.000484213902382],[0.000132898712764,0.000942989659961,0.00292325392365,0.000179828493856,-0.00237514218315,0.000542662979569,0.00148229626939,-0.00142210593913,0.0012179876212,-0.000514104147442,-0.000643186096568,0.000375066243578,-0.000683882273734],[0.0001285460894,-0.00143301638309,0.000179828493856,0.0064461841248,0.000592351949308,-0.00385248474777,0.00109623593744,0.00113176857121,-0.00203036493622,0.000887195870746,0.00183076504618,0.000233589875279,-0.000404217396863],[0.0000585018387937,-0.0000903234467842,-0.00237514218315,0.000592351949308,0.0119457393885,-0.00309005007148,-0.00143926311284,0.00356685509905,-0.00107545254286,-0.00142245949246,0.00162500701845,-0.0014336600434,-0.0000908066067495],[0.0000129717918753,0.000701293931343,0.000542662979569,-0.00385248474777,-0.00309005007148,0.0115491030738,-0.00154726195615,-0.0038203690201,0.00588944973424,-0.00206119683571,-0.00147149455734,0.000046830442443,-0.00041448007687],[0.000743764918298,0.000437221198808,0.00148229626939,0.00109623593744,-0.00143926311284,-0.00154726195615,0.0113679356873,-0.0025524799712,-0.00211778678931,0.00529863871634,-0.00289109372534,0.000792156148236,0.000363462400855],[-0.0000373224283976,-0.000375301635358,-0.00142210593913,0.00113176857121,0.00356685509905,-0.0038203690201,-0.0025524799712,0.0121013717726,-0.00222463719547,-0.00527115631849,0.00697747524828,-0.00131551141385,-0.0000845228787512],[-0.000236904423218,0.000139795069117,0.0012179876212,-0.00203036493622,-0.00107545254286,0.00588944973424,-0.00211778678931,-0.00222463719547,0.0137297259644,-0.00239069689997,-0.00269158836454,0.00397998327389,0.000382585451007],[0.00025869498495,-0.000440741656348,-0.000514104147442,0.000887195870746,-0.00142245949246,-0.00206119683571,0.00529863871634,-0.00527115631849,-0.00239069689997,0.0169367361814,-0.00590303493664,-0.00176251237281,0.00381270656362],[0.0000704553021933,0.000084505736595,-0.000643186096568,0.00183076504618,0.00162500701845,-0.00147149455734,-0.00289109372534,0.00697747524828,-0.00269158836454,-0.00590303493664,0.018207648769,-0.00444768695161,-0.0016263971338],[-0.000269548327196,-0.000640923972242,0.000375066243578,0.000233589875279,-0.0014336600434,0.000046830442443,0.000792156148236,-0.00131551141385,0.00397998327389,-0.00176251237281,-0.00444768695161,0.0221235975623,-0.00678200647235],[0.000351631228114,-0.000484213902382,-0.000683882273734,-0.000404217396863,-0.0000908066067495,-0.00041448007687,0.000363462400855,-0.0000845228787512,0.000382585451007,0.00381270656362,-0.0016263971338,-0.00678200647235,0.022879479453]],"mean":[-646.70690918,147.622680664,-21.1845970154,35.6725158691,0.35070553422,5.33062267303,1.25451421738,14.7835044861,2.53914117813,6.35822534561,-5.36154413223,5.56765270233,0.0960099548101]},"pitch_salience":{"dmean":0.0671741142869,"dmean2":0.110360309482,"dvar":0.00371039868332,"dvar2":0.010032331571,"max":0.827095389366,"mean":0.537554979324,"median":0.540337979794,"min":0.153646960855,"var":0.0117746312171},"silence_rate_20dB":{"dmean":0,"dmean2":0,"dvar":0,"dvar2":0,"max":1,"mean":1,"median":1,"min":1,"var":0},"silence_rate_30dB":{"dmean":0.00293621071614,"dmean2":0.00587285263464,"dvar":0.00292734312825,"dvar2":0.00818854570389,"max":1,"mean":0.998018205166,"median":1,"min":0,"var":0.00197778688744},"silence_rate_60dB":{"dmean":0.000293621094897,"dmean2":0.000587285263464,"dvar":0.000293521530693,"dvar2":0.00058689789148,"max":1,"mean":0.0268643572927,"median":0,"min":0,"var":0.0261427424848},"spectral_centroid":{"dmean":171.950531006,"dmean2":280.096435547,"dvar":34109.0039062,"dvar2":77925.4296875,"max":10805.6474609,"mean":1321.70556641,"median":1308.46130371,"min":204.353210449,"var":240853.8125},"spectral_complexity":{"dmean":3.04631876945,"dmean2":4.90985155106,"dvar":9.11746311188,"dvar2":20.4509277344,"max":57,"mean":22.3107013702,"median":21,"min":0,"var":108.047264099},"spectral_contrast_coeffs":{"dmean":[0.0460418611765,0.0445937737823,0.0361729748547,0.027503978461,0.0205262154341,0.0191874466836],"dmean2":[0.0780652016401,0.0730520412326,0.0589416697621,0.0449115969241,0.0337072536349,0.0305539108813],"dvar":[0.00144032412209,0.00132540718187,0.000866931513883,0.000500656664371,0.000303269276628,0.000310450675897],"dvar2":[0.00402752868831,0.00347174890339,0.00223443843424,0.00126720650587,0.000758439011406,0.000736068293918],"max":[-0.400194823742,-0.434893667698,-0.458495438099,-0.591270625591,-0.583730816841,-0.565534830093],"mean":[-0.669283151627,-0.743314564228,-0.745837211609,-0.777871310711,-0.778213500977,-0.710198700428],"median":[-0.671557664871,-0.750729084015,-0.754119157791,-0.782848834991,-0.783438324928,-0.711944937706],"min":[-0.957613825798,-0.975456297398,-0.972662985325,-0.963301002979,-0.964058339596,-0.963440179825],"var":[0.00326407304965,0.00463470211253,0.00415495643392,0.00189841643441,0.00135824177414,0.00246569816954]},"spectral_contrast_valleys":{"dmean":[0.337908029556,0.311735361814,0.275003641844,0.239662781358,0.213019609451,0.344604760408],"dmean2":[0.556710898876,0.514325916767,0.44887855649,0.385243803263,0.332899272442,0.473880708218],"dvar":[0.0971871837974,0.08885050565,0.0745977014303,0.0703503191471,0.0810777172446,0.21803188324],"dvar2":[0.223410353065,0.198577359319,0.153154850006,0.129850074649,0.149715125561,0.392221927643],"max":[-5.31311845779,-4.66169309616,-5.27640247345,-5.72805690765,-5.60480690002,-7.74699878693],"mean":[-6.95134735107,-6.61085033417,-7.12985086441,-7.56576013565,-7.44816589355,-11.1447057724],"median":[-6.83463287354,-6.50350284576,-6.99623298645,-7.39270496368,-7.32285737991,-10.8416137695],"min":[-27.1843128204,-27.3131065369,-26.9688949585,-27.334154129,-27.2620925903,-27.1865539551],"var":[0.827061533928,0.80993360281,0.826852858067,0.892770588398,0.940594494343,2.36183309555]},"spectral_decrease":{"dmean":2.14706630253e-9,"dmean2":3.33181393586e-9,"dvar":7.8515024214e-18,"dvar2":1.82005890213e-17,"max":5.43732032647e-29,"mean":-6.82044376532e-9,"median":-5.62769120194e-9,"min":-3.80296611979e-8,"var":2.08235175323e-17},"spectral_energy":{"dmean":0.00838104262948,"dmean2":0.0129920532927,"dvar":0.000117613170005,"dvar2":0.000271990778856,"max":0.148185759783,"mean":0.0274454653263,"median":0.022798942402,"min":1.04999536226e-20,"var":0.000330544542521},"spectral_energyband_high":{"dmean":0.000188989826711,"dmean2":0.0002873626363,"dvar":1.83953858368e-7,"dvar2":3.6766437006e-7,"max":0.0100762201473,"mean":0.000467897305498,"median":0.000187618046766,"min":7.50434730697e-21,"var":5.95564472405e-7},"spectral_energyband_low":{"dmean":0.00572319654748,"dmean2":0.00905719492584,"dvar":0.0000870342701091,"dvar2":0.000206236101803,"max":0.133655205369,"mean":0.0113380616531,"median":0.00731785502285,"min":4.07953484901e-23,"var":0.000147548969835},"spectral_energyband_middle_high":{"dmean":0.00145397370216,"dmean2":0.00223337369971,"dvar":0.00000624782887826,"dvar2":0.0000151108715727,"max":0.0581233203411,"mean":0.00618734955788,"median":0.00352733209729,"min":1.54477877709e-21,"var":0.0000484498450533},"spectral_energyband_middle_low":{"dmean":0.00397107750177,"dmean2":0.00634823273867,"dvar":0.0000329162212438,"dvar2":0.0000796461172285,"max":0.123889662325,"mean":0.010814066045,"median":0.00764572480693,"min":2.81005860713e-22,"var":0.0000983520585578},"spectral_entropy":{"dmean":0.121793881059,"dmean2":0.184036433697,"dvar":0.0179479476064,"dvar2":0.038430262357,"max":9.79099082947,"mean":7.51427698135,"median":7.54020595551,"min":5.90260648727,"var":0.126601994038},"spectral_flux":{"dmean":0.0212776903063,"dmean2":0.0332566164434,"dvar":0.000592722964939,"dvar2":0.00130122283008,"max":0.303478807211,"mean":0.0786561742425,"median":0.0709802210331,"min":1.05101843895e-10,"var":0.00162092410028},"spectral_kurtosis":{"dmean":2.15945005417,"dmean2":3.7650308609,"dvar":6.15762472153,"dvar2":18.9597415924,"max":46.7493934631,"mean":4.91235542297,"median":4.27486419678,"min":-1.18086099625,"var":9.11346721649},"spectral_rms":{"dmean":0.000736390531529,"dmean2":0.00113653333392,"dvar":6.36600020698e-7,"dvar2":0.00000147048001509,"max":0.0120237879455,"mean":0.00489419093356,"median":0.00471623474732,"min":3.20060276025e-12,"var":0.00000282291989606},"spectral_rolloff":{"dmean":310.911651611,"dmean2":517.516540527,"dvar":330583.6875,"dvar2":661192.4375,"max":19013.8183594,"mean":1235.51379395,"median":990.52734375,"min":107.666015625,"var":1046693.375},"spectral_skewness":{"dmean":0.233159050345,"dmean2":0.398778170347,"dvar":0.0528612658381,"dvar2":0.157828629017,"max":4.58903360367,"mean":1.41557872295,"median":1.38859987259,"min":0.0265834461898,"var":0.14424303174},"spectral_spread":{"dmean":390190.03125,"dmean2":548946.1875,"dvar":489815048192,"dvar2":665684148224,"max":51627472,"mean":3480628.5,"median":3281044,"min":1234332.875,"var":1651879182340},"spectral_strongpeak":{"dmean":0.529407501221,"dmean2":0.898228108883,"dvar":0.752032935619,"dvar2":1.84891712666,"max":11.2161026001,"mean":1.00042414665,"median":0.344724982977,"min":0,"var":1.9024630785},"zerocrossingrate":{"dmean":0.00647213682532,"dmean2":0.00794329866767,"dvar":0.0000841944711283,"dvar2":0.0000946066793404,"max":0.51708984375,"mean":0.0492708534002,"median":0.04443359375,"min":0.00390625,"var":0.000659680285025}},"metadata":{"audio_properties":{"analysis_sample_rate":44100,"bit_rate":192000,"codec":"mp3","downmix":"mix","equal_loudness":0,"length":316.316741943,"lossless":false,"md5_encoded":"3cd4319579d6a0b6d168002f7de6adeb","replay_gain":-12.9391975403,"sample_rate":44100},"tags":{"album":["Carnival of SoulsThe Final Sessions"],"albumartist":["Kiss"],"artist":["Kiss"],"date":["1997"],"encodedby":["wizz21"],"file_name":"402788.mp3","genre":["Hard-Rock"],"musicbrainz_recordingid":["6f301eef-006c-40bb-92b5-3308f65ccc5d"],"title":["Seduction Of The Innocent"],"tracknumber":["9"]},"version":{"essentia":"2.1-beta2","essentia_build_sha":"70f2e5ece6736b2c40cc944ad0e695b16b925413","essentia_git_sha":"v2.1_beta2","extractor":"music 1.0"}},"rhythm":{"beats_count":604,"beats_loudness":{"dmean":0.0146722868085,"dmean2":0.0254334174097,"dvar":0.000180884511792,"dvar2":0.000489461119287,"max":0.101664893329,"mean":0.0388223715127,"median":0.0361344106495,"min":6.28284624327e-7,"var":0.0003574975417},"beats_loudness_band_ratio":{"dmean":[0.186321258545,0.0839326679707,0.117771320045,0.0625775158405,0.0403452515602,0.0223576352],"dmean2":[0.334828317165,0.153298482299,0.205935850739,0.106878131628,0.066965892911,0.0400064177811],"dvar":[0.0282187033445,0.00755560677499,0.0149819795042,0.00662420969456,0.00307181081735,0.0006804788718],"dvar2":[0.0835936143994,0.0236181393266,0.0447872653604,0.0181776359677,0.00751294428483,0.00203272118233],"max":[0.979470729828,0.600067973137,0.695166051388,0.624049186707,0.577307939529,0.202812224627],"mean":[0.549112141132,0.103066585958,0.164188072085,0.103441804647,0.0697942227125,0.0338645204902],"median":[0.599783241749,0.0727752447128,0.11379340291,0.0613296478987,0.0423685908318,0.0216147117317],"min":[0.0150379948318,0.00450974563137,0.00226916978136,0.00154332420789,0.00163459253963,0.000828645424917],"var":[0.0689538940787,0.00836312957108,