{"lowlevel":{"average_loudness":0.797822117805,"barkbands":{"dmean":[0.0000750032268115,0.00137998932041,0.00153831613716,0.002498221118,0.0017398968339,0.00125653797295,0.00054651015671,0.000567289418541,0.000734449771699,0.000712225213647,0.00102085329127,0.000616529432591,0.00034834491089,0.000211251186556,0.000169636798091,0.000120242519188,0.000211934224353,0.000158725699293,0.0000970084220171,0.0000888710274012,0.0000245418286795,0.0000242958849412,0.0000248174783337,0.0000260636043095,0.00000591651496507,8.47218529998e-7,9.76430047928e-9],"dmean2":[0.000107482439489,0.00223935488611,0.00260648457333,0.00409571174532,0.00288868998177,0.00199399609119,0.000860756030306,0.000889473885763,0.00112452579197,0.00108392804395,0.00148902379442,0.000989838154055,0.0005495667574,0.000328636844642,0.000267807074124,0.000195210319362,0.000346140150214,0.00025876291329,0.000155465211719,0.000142512581078,0.0000368977307517,0.0000345834851032,0.0000348492212652,0.0000354527801392,0.00000786240252637,0.00000107729113097,1.58554911422e-8],"dvar":[1.73436678352e-8,0.00000440926214651,0.00000891761646926,0.0000159260616783,0.00000961814112088,0.00000474392891192,0.00000195864276975,0.00000196198743652,0.00000495133099321,0.00000339449229614,0.00000469235965284,0.00000220470747081,0.00000105626781988,2.93914865779e-7,1.81249788511e-7,6.37173869222e-8,1.02895796772e-7,6.1818845154e-8,2.11761097546e-8,2.39096689114e-8,1.49773038416e-9,5.417315041e-9,3.03289660053e-8,3.60234437835e-8,8.9423179972e-10,3.60826472867e-11,9.22775268672e-16],"dvar2":[3.31672396214e-8,0.0000112187553896,0.0000244623315666,0.000041468632844,0.0000256987568719,0.000012083839465,0.00000493481365993,0.00000423956089435,0.0000112699581223,0.00000708087372914,0.0000101018986243,0.00000570434758629,0.00000248163701144,5.88510886246e-7,4.15904310103e-7,1.37128296274e-7,2.62804405793e-7,1.60198453614e-7,5.06456210303e-8,5.51871224275e-8,3.37163630348e-9,1.08409086153e-8,5.41129168141e-8,6.37875103848e-8,1.74228598215e-9,4.8554035792e-11,2.02059836622e-15],"max":[0.00185461994261,0.037086777389,0.0410621464252,0.0491377972066,0.0868691653013,0.0717883780599,0.0457364059985,0.0617818534374,0.0969597548246,0.0910232290626,0.0406288653612,0.0293301288038,0.0398251414299,0.0294616371393,0.0149919893593,0.0111595280468,0.00753240846097,0.00695801153779,0.00375193054788,0.00509931193665,0.00069326069206,0.00265107792802,0.00716181704774,0.00845334492624,0.00128299300559,0.000318840524415,0.00000160541014793],"mean":[0.000108461652417,0.00252486532554,0.00202641496435,0.00343828438781,0.00313914800063,0.00274881185032,0.00106999557465,0.00111005746294,0.00149237492587,0.0016339016147,0.00202288036235,0.00113125424832,0.000740666524507,0.000433097156929,0.000356914009899,0.000251885969192,0.000499264278915,0.000368303153664,0.000257442123257,0.000220453570364,0.0000536573897989,0.0000414080241171,0.0000390791065001,0.0000386987849197,0.00000877842649061,0.00000133332400765,1.86705069183e-8],"median":[0.0000420568067057,0.00199451879598,0.00125448545441,0.00189612573013,0.00188648852054,0.00134138891008,0.00052913336549,0.000458573747892,0.000580488413107,0.000426569196861,0.000644234416541,0.000423793157097,0.000282128661638,0.000205599018955,0.000159293689649,0.000156323585543,0.000327409914462,0.000251332938205,0.000176766086952,0.00013038648467,0.0000330525508616,0.0000197353256226,0.0000079820620158,0.00000726762027625,0.00000268765325018,3.18987048331e-7,1.22935199798e-8],"min":[5.56961200407e-24,1.6101941652e-23,3.86689281661e-24,2.86062381807e-24,2.25760457928e-23,2.91690912254e-23,3.35681803743e-23,5.11676229935e-23,2.74177569069e-23,3.74782199381e-23,5.01964721103e-23,4.05841325605e-23,1.35131898308e-22,1.64023758568e-22,4.53680911677e-23,1.97594043623e-22,1.84615804984e-22,1.43763223058e-22,2.03719315049e-22,3.71922648019e-22,4.15602747244e-22,4.44825563052e-22,5.48511875334e-22,8.41037705349e-22,1.06146124473e-21,1.65848339568e-21,2.51205159484e-21],"var":[3.12438643846e-8,0.00000637095808997,0.00000823047685117,0.0000208961628232,0.0000223025253945,0.0000151302101585,0.00000478488891531,0.00000493586549055,0.0000144573814396,0.0000160870113177,0.0000147771506818,0.00000500238002132,0.0000044505391088,0.00000105744823031,6.02438547048e-7,1.59250490128e-7,3.16562307034e-7,1.62435071616e-7,8.118656325e-8,8.41945393404e-8,3.87928222878e-9,1.12619362724e-8,7.48545403439e-8,8.14466218912e-8,1.85670956387e-9,9.29306284703e-11,1.50808901127e-15]},"barkbands_crest":{"dmean":2.15908956528,"dmean2":3.5202960968,"dvar":3.79990291595,"dvar2":9.62035751343,"max":24.5331325531,"mean":8.45241928101,"median":7.64753007889,"min":2.49317622185,"var":12.0490522385},"barkbands_flatness_db":{"dmean":0.0166307277977,"dmean2":0.0248848740011,"dvar":0.000214985091588,"dvar2":0.00049047684297,"max":0.350278198719,"mean":0.140601664782,"median":0.139773115516,"min":0.0246941987425,"var":0.0011540154228},"barkbands_kurtosis":{"dmean":1.49980199337,"dmean2":2.39738750458,"dvar":4.25394105911,"dvar2":10.4632177353,"max":38.2056350708,"mean":1.90272450447,"median":0.843855619431,"min":-1.90259587765,"var":11.6641731262},"barkbands_skewness":{"dmean":0.404385298491,"dmean2":0.627028286457,"dvar":0.140640303493,"dvar2":0.339783638716,"max":5.32226610184,"mean":1.10401058197,"median":1.05730891228,"min":-3.66224193573,"var":0.745482981205},"barkbands_spread":{"dmean":4.03304672241,"dmean2":6.28935670853,"dvar":26.0506381989,"dvar2":62.7301940918,"max":138.267852783,"mean":20.9089717865,"median":17.6155910492,"min":1.61210811138,"var":274.234558105},"dissonance":{"dmean":0.0158270355314,"dmean2":0.0268025770783,"dvar":0.000243558853981,"dvar2":0.000680990866385,"max":0.499999970198,"mean":0.469275206327,"median":0.474352151155,"min":0.313225507736,"var":0.000484058022266},"dynamic_complexity":4.79664421082,"erbbands":{"dmean":[0.0394880995154,0.344688564539,1.38982653618,5.3950138092,7.05487012863,5.76625299454,8.2736825943,10.1348104477,6.14806032181,10.9749860764,14.0904054642,16.7248725891,16.9119567871,26.8557758331,31.6772556305,27.2051582336,15.6395931244,10.7235717773,8.52430057526,8.09528827667,7.14571094513,10.9451608658,9.32439517975,4.44212245941,5.19515657425,3.90783119202,1.16148555279,0.965522825718,0.876571595669,0.688468873501,0.782023727894,0.683502435684,0.328823357821,0.09479367733,0.0297983400524,0.00726389139891,0.000898714410141,0.000060883408878,0.00000477957564726,0.00000779790298111],"dmean2":[0.0616770014167,0.571841835976,2.33277416229,8.8280134201,11.8332176208,9.53036689758,12.9953355789,16.1829509735,10.0356149673,17.4186306,21.8843193054,25.6718902588,25.9868144989,40.0173568726,46.3626480103,43.5770568848,24.6475963593,16.6131095886,13.331993103,12.7179851532,11.5479001999,17.786195755,15.1199111938,7.15287399292,8.3256187439,6.21130180359,1.78542387486,1.40546393394,1.25358772278,0.945520877838,1.10904276371,0.935777187347,0.448380976915,0.126255646348,0.0395397692919,0.00920442119241,0.00115136033855,0.0000800668567535,0.00000658675253362,0.0000118060552268],"dvar":[0.00419926270843,0.293999195099,6.82860898972,84.3796691895,143.856063843,140.565505981,293.240142822,373.901763916,173.56350708,968.533935547,1253.15466309,2856.03979492,1131.06750488,5011.05078125,3559.31640625,5219.38330078,2354.48852539,748.222229004,573.659912109,318.908111572,125.228942871,268.66494751,230.429702759,40.9523239136,66.0580062866,50.0738105774,3.94463920593,2.49374175072,5.69629812241,9.7970790863,37.6699333191,29.2509422302,5.09670829773,0.249319970608,0.0306915864348,0.0026020614896,0.0000337812161888,1.04430434078e-7,1.41733069725e-10,1.09994763298e-10],"dvar2":[0.00977107416838,0.787528157234,18.9057407379,220.991073608,395.887542725,367.565155029,641.422668457,983.338745117,414.836395264,2418.40429688,3006.12744141,6137.39111328,2570.94555664,10789.4443359,7514.22900391,13685.5644531,5691.27685547,1349.13635254,1299.35473633,632.135070801,296.967529297,687.025390625,592.755004883,99.8244094849,151.545593262,111.707107544,9.19572734833,5.14718818665,12.0291662216,17.4506893158,71.9903564453,51.1759223938,9.66175270081,0.491260260344,0.0581504628062,0.00361016253009,0.0000459108850919,1.45585474343e-7,2.22053569976e-10,2.58646548623e-10],"max":[1.1598969698,7.72202348709,30.4284152985,129.419281006,183.493927002,382.4765625,614.434631348,401.16003418,445.438079834,1003.20758057,1354.65222168,2748.51733398,1208.61340332,3598.84326172,1188.59851074,1442.07775879,2045.18322754,1744.89855957,954.602783203,815.56854248,332.872314453,406.625701904,503.703430176,199.103179932,207.434356689,228.416702271,68.0197143555,38.5298347473,80.3596496582,127.811012268,252.211730957,195.034667969,130.318847656,23.9342250824,7.69644832611,2.56295490265,0.338792413473,0.0252420436591,0.000595249002799,0.000177212496055],"mean":[0.0605417639017,0.60854190588,2.12600064278,7.61383199692,10.416519165,10.6084337234,17.4741382599,22.8741035461,12.5434560776,21.7881393433,30.3440628052,36.121131897,36.6346664429,67.2862167358,69.0217208862,53.5657653809,35.7342567444,24.1523246765,19.9155330658,17.2505226135,17.6391162872,27.2002105713,23.1371612549,12.4877185822,14.392001152,10.0025224686,2.92514610291,1.90663218498,1.49799728394,1.13212132454,1.18536067009,1.02463030815,0.486353456974,0.140516042709,0.0436829030514,0.0113681154326,0.00147813977674,0.000118891410239,0.0000177586352947,0.0000305117209791],"median":[0.0393445491791,0.4718760252,1.51234352589,4.67463970184,6.61267518997,5.59554243088,7.9915060997,9.48928356171,7.47326660156,9.90378189087,12.3592834473,14.4321041107,18.0155525208,16.8175506592,30.0600128174,19.6482582092,15.2362766266,12.2363500595,8.83781909943,8.73739814758,11.8759078979,18.7331066132,15.9435071945,9.21451950073,9.25588321686,6.05275678635,1.80113887787,1.17976522446,0.751706779003,0.385158091784,0.208324804902,0.158272221684,0.108757428825,0.0434541516006,0.0119099030271,0.0025546727702,0.000432085333159,0.000057593533711,0.0000135530963234,0.0000260641427303],"min":[7.44141756277e-22,2.94570204071e-21,1.12989842449e-20,8.51613702234e-21,2.44852715302e-20,1.0835946471e-19,1.40961295751e-19,2.83169230234e-19,3.43837473942e-19,6.72904345578e-19,1.64031538811e-18,6.89565055584e-19,9.93295023166e-19,1.24155456906e-18,2.48551127062e-18,1.91831972845e-18,6.42356782691e-18,8.70197395846e-18,4.1649441333e-18,7.79523842332e-18,1.03921446595e-17,9.37799724024e-18,8.90945484433e-18,7.90484812629e-18,1.28721032734e-17,1.69880712834e-17,1.50164647867e-17,2.03281753117e-17,1.47816679155e-17,1.74701802686e-17,1.50957632833e-17,1.70020357465e-17,1.49647626897e-17,1.20001887334e-17,6.60497101679e-18,4.38643787233e-18,3.05635295404e-18,1.52621212986e-18,3.2700380564e-19,3.37297919729e-20],"var":[0.00592855829746,0.371345072985,6.49766111374,94.6325759888,176.071166992,410.415527344,997.535461426,1534.92102051,406.885742188,2459.67260742,3090.7734375,9497.69335938,3157.12133789,25202.8574219,13002.4121094,12068.8056641,10084.7617188,2573.11987305,2277.64257813,1171.37255859,400.561218262,814.838562012,624.796142578,159.116012573,271.597015381,180.428482056,13.2629108429,5.60543441772,11.2847547531,23.9252166748,83.9023742676,65.7257919312,11.0325031281,0.505285918713,0.0627371147275,0.00676897028461,0.0000897958452697,2.60370569549e-7,4.53146131729e-10,4.36929575853e-10]},"erbbands_crest":{"dmean":2.17225837708,"dmean2":3.49043917656,"dvar":4.25315141678,"dvar2":10.569606781,"max":28.3195495605,"mean":8.76309108734,"median":7.59050321579,"min":1.76224339008,"var":17.8892650604},"erbbands_flatness_db":{"dmean":0.015554969199,"dmean2":0.0209887325764,"dvar":0.000164810335264,"dvar2":0.000305668800138,"max":0.404661536217,"mean":0.184213742614,"median":0.185525551438,"min":0.0355665162206,"var":0.00174670049455},"erbbands_kurtosis":{"dmean":0.61738717556,"dmean2":0.970318078995,"dvar":0.640914201736,"dvar2":1.51225829124,"max":19.8510704041,"mean":0.244512706995,"median":-0.206335544586,"min":-1.66382730007,"var":2.43835616112},"erbbands_skewness":{"dmean":0.264082998037,"dmean2":0.41046962142,"dvar":0.0582696199417,"dvar2":0.135587692261,"max":3.23083043098,"mean":0.201996952295,"median":0.194140583277,"min":-2.59430599213,"var":0.37861675024},"erbbands_spread":{"dmean":5.32225894928,"dmean2":8.0902299881,"dvar":26.6767234802,"dvar2":57.1194953918,"max":120.782569885,"mean":31.4104385376,"median":30.6432418823,"min":3.42545890808,"var":177.009048462},"gfcc":{"cov":[[17556.0019531,3585.23583984,-2056.1237793,1070.05883789,-750.040344238,236.012908936,-154.912536621,-82.8640213013,-295.038543701,-610.082458496,167.44619751,-311.827667236,331.69241333],[3585.23583984,1300.94042969,-505.583831787,157.345077515,-45.9191207886,-117.373794556,33.0213394165,-73.3320922852,-45.0861434937,-166.000823975,72.9939422607,-89.6999893188,89.4449691772],[-2056.1237793,-505.583831787,652.019165039,20.2053909302,-0.0250552687794,94.1495895386,-53.8882598877,-4.50372743607,33.8753929138,60.750667572,-43.9436073303,58.0873031616,-34.5577201843],[1070.05883789,157.345077515,20.2053909302,374.361022949,15.2016553879,48.554107666,-50.2360649109,-26.3154983521,-27.105512619,-60.8725738525,-22.9317932129,-25.8916492462,44.6735916138],[-750.040344238,-45.9191207886,-0.0250552687794,15.2016553879,195.889907837,-40.9810333252,27.9420089722,-11.955789566,0.305088460445,18.4395999908,-15.9008340836,-8.78718757629,-8.49529933929],[236.012908936,-117.373794556,94.1495895386,48.554107666,-40.9810333252,177.149581909,8.69339084625,9.75411605835,-21.8398456573,-11.6899671555,-7.59349346161,3.12677311897,-0.810382723808],[-154.912536621,33.0213394165,-53.8882598877,-50.2360649109,27.9420089722,8.69339084625,116.126693726,24.2487640381,-8.68530368805,-14.3668365479,10.8969745636,-1.40780413151,-6.91127347946],[-82.8640213013,-73.3320922852,-4.50372743607,-26.3154983521,-11.955789566,9.75411605835,24.2487640381,78.0809555054,30.834695816,19.6261024475,-6.64181613922,-5.82509040833,-18.0121936798],[-295.038543701,-45.0861434937,33.8753929138,-27.105512619,0.305088460445,-21.8398456573,-8.68530368805,30.834695816,78.2268295288,46.3524551392,-7.43457984924,-9.64420795441,-19.8071022034],[-610.082458496,-166.000823975,60.750667572,-60.8725738525,18.4395999908,-11.6899671555,-14.3668365479,19.6261024475,46.3524551392,101.751747131,8.31688594818,14.6567792892,-22.5927772522],[167.44619751,72.9939422607,-43.9436073303,-22.9317932129,-15.9008340836,-7.59349346161,10.8969745636,-6.64181613922,-7.43457984924,8.31688594818,60.6709098816,28.4385375977,16.7765579224],[-311.827667236,-89.6999893188,58.0873031616,-25.8916492462,-8.78718757629,3.12677311897,-1.40780413151,-5.82509040833,-9.64420795441,14.6567792892,28.4385375977,81.1302719116,24.3940296173],[331.69241333,89.4449691772,-34.5577201843,44.6735916138,-8.49529933929,-0.810382723808,-6.91127347946,-18.0121936798,-19.8071022034,-22.5927772522,16.7765579224,24.3940296173,72.0860366821]],"icov":[[0.00086930237012,-0.00184505945072,0.00191321503371,-0.0014661771711,0.0022949911654,-0.0022901839111,0.00183574319817,-0.00143905600999,0.00144570402335,-0.000553489662707,0.0008211612585,-0.000389595108572,0.000340861850418],[-0.00184505945072,0.00591232208535,-0.00325830932707,0.00252698548138,-0.00439879018813,0.00577899767086,-0.00442743068561,0.00455966731533,-0.00457145506516,0.00360165163875,-0.00455798069015,0.00308820325881,-0.00182451936416],[0.00191321503371,-0.00325830932707,0.00696792453527,-0.00371002964675,0.00515838060528,-0.00602966826409,0.00440052431077,-0.00154691084754,0.00141488830559,-0.00100674375426,0.00311807240359,-0.00294970883988,0.00180043862201],[-0.0014661771711,0.00252698548138,-0.00371002964675,0.00655523315072,-0.00512882182375,0.00237812125124,-0.000818674452603,0.00170789146796,-0.00227269134484,0.002453842666,-0.000555458886083,0.00167725596111,-0.00275329034775],[0.0022949911654,-0.00439879018813,0.00515838060528,-0.00512882182375,0.0129274073988,-0.00379922287539,0.0014484745916,-0.00140677276067,0.00475947698578,-0.00411786744371,0.00432161055505,-0.000396642251872,0.000963150756434],[-0.0022901839111,0.00577899767086,-0.00602966826409,0.00237812125124,-0.00379922287539,0.0141694191843,-0.00685099745169,0.00288285082206,-0.000948302913457,0.00150267744903,-0.00309701263905,0.00287495320663,-0.00126376643311],[0.00183574319817,-0.00442743068561,0.00440052431077,-0.000818674452603,0.0014484745916,-0.00685099745169,0.0167048797011,-0.00836207158864,0.00425759376958,0.00231215078384,-0.000961410754826,-0.00126104510855,0.00181450124364],[-0.00143905600999,0.00455966731533,-0.00154691084754,0.00170789146796,-0.00140677276067,0.00288285082206,-0.00836207158864,0.0223203226924,-0.0106138251722,0.000798268301878,-0.0000376014650101,0.000688842032105,0.000915477110539],[0.00144570402335,-0.00457145506516,0.00141488830559,-0.00227269134484,0.00475947698578,-0.000948302913457,0.00425759376958,-0.0106138251722,0.0265407972038,-0.0117590148002,0.00446480605751,0.00194420991465,0.00132338097319],[-0.000553489662707,0.00360165163875,-0.00100674375426,0.002453842666,-0.00411786744371,0.00150267744903,0.00231215078384,0.000798268301878,-0.0117590148002,0.0219708289951,-0.00882443599403,0.000174140950548,0.00167695933487],[0.0008211612585,-0.00455798069015,0.00311807240359,-0.000555458886083,0.00432161055505,-0.00309701263905,-0.000961410754826,-0.0000376014650101,0.00446480605751,-0.00882443599403,0.0301805790514,-0.0120612578467,-0.000392199872294],[-0.000389595108572,0.00308820325881,-0.00294970883988,0.00167725596111,-0.000396642251872,0.00287495320663,-0.00126104510855,0.000688842032105,0.00194420991465,0.000174140950548,-0.0120612578467,0.0239466447383,-0.00916371215135],[0.000340861850418,-0.00182451936416,0.00180043862201,-0.00275329034775,0.000963150756434,-0.00126376643311,0.00181450124364,0.000915477110539,0.00132338097319,0.00167695933487,-0.000392199872294,-0.00916371215135,0.021720694378]],"mean":[-38.15184021,130.030273438,-141.303161621,33.5224647522,-52.5508918762,7.44975233078,-29.830537796,7.87263393402,-25.348028183,-10.4619655609,-6.48862075806,-5.86900901794,-5.42663431168]},"hfc":{"dmean":3.70882344246,"dmean2":5.38668441772,"dvar":29.5358829498,"dvar2":56.8478775024,"max":139.981781006,"mean":17.6081314087,"median":13.8645982742,"min":1.17974788598e-16,"var":215.160507202},"melbands":{"dmean":[0.00035581443808,0.000614742748439,0.000974476512056,0.000430011074059,0.000267181865638,0.000226029762416,0.0000972361885943,0.000114472706628,0.000123201156384,0.000102462712675,0.0000880045845406,0.000109716827865,0.000141641998198,0.0000710286112735,0.0000521581459907,0.0000283782519546,0.000021070429284,0.0000158446782734,0.000010797691175,0.00000946204272623,0.00000984858070296,0.0000124084235722,0.0000123686477309,0.00000711868551662,0.00000381064364774,0.00000412611552747,0.00000458022304883,0.00000221374011744,8.14929023818e-7,6.53923336813e-7,5.84764507039e-7,5.34947673714e-7,4.63844799015e-7,3.64102874073e-7,4.74383085702e-7,4.41151343011e-7,4.42197489292e-7,2.5507324608e-7,1.47549769736e-7,5.88488830999e-8],"dmean2":[0.000567109731492,0.00101889367215,0.00159307243302,0.000722734897863,0.00041960782255,0.000360510282917,0.000156608439283,0.000181022463948,0.000191022845684,0.000157335380209,0.000134990026709,0.000163654505741,0.000206390745007,0.000113399233669,0.0000830131248222,0.0000446636440756,0.0000329510694428,0.0000248887627095,0.0000170582679857,0.0000149548241097,0.0000160871459229,0.0000204227326321,0.0000202834471565,0.0000116755009003,0.00000621981280347,0.00000670083545629,0.00000739222423363,0.00000352648248736,0.00000128576846237,0.00000101523448848,8.66463381044e-7,7.85829286087e-7,6.69822952659e-7,5.14022644893e-7,6.82720269651e-7,6.31423006325e-7,6.17300145223e-7,3.56046001571e-7,2.02857862064e-7,7.9652743068e-8],"dvar":[3.04018357156e-7,0.00000122143387671,0.00000255502618529,6.0583619188e-7,2.61402334445e-7,1.64707827821e-7,4.28986624001e-8,9.90658932665e-8,1.15162997361e-7,9.25581957745e-8,3.08371781443e-8,9.01658765429e-8,8.50245882589e-8,2.93758990466e-8,1.4985962693e-8,5.79701797676e-9,2.93231128268e-9,2.00961869368e-9,6.36931341003e-10,4.74277117579e-10,2.46800968551e-10,3.38248290488e-10,4.37563096867e-10,1.1392441851e-10,3.22126388064e-11,3.99291745501e-11,5.81648722242e-11,1.87453923911e-11,2.33432175499e-12,1.10673308625e-12,9.89219882223e-13,1.58762402096e-12,3.69018921323e-12,3.06592121482e-12,1.44104615393e-11,1.30943702062e-11,1.2703452873e-11,2.89913167258e-12,1.04299717734e-12,6.56651382575e-14],"dvar2":[7.4611529044e-7,0.00000334883407049,0.00000672326086715,0.00000165258791185,5.85807129028e-7,4.3360790869e-7,1.0266865047e-7,2.35069393284e-7,2.80374678141e-7,2.0199588846e-7,6.90060772968e-8,1.92942110289e-7,1.80300105512e-7,7.55450244583e-8,3.70361696866e-8,1.31052297903e-8,5.47106493443e-9,4.558485589e-9,1.42935441261e-9,9.13325526319e-10,6.14021000711e-10,8.72735439472e-10,1.12888787207e-9,2.95558633123e-10,8.06623726146e-11,9.71082242396e-11,1.37017341917e-10,4.12689674101e-11,5.49885787945e-12,2.65881262319e-12,2.10407472695e-12,3.52516323424e-12,7.34767195004e-12,5.66607568156e-12,2.98394330078e-11,2.39847534195e-11,2.39031364146e-11,5.56968794002e-12,2.21412450006e-12,1.32859272629e-13],"max":[0.0105128800496,0.0123316757381,0.0200229715556,0.0248010177165,0.0159234143794,0.00807835999876,0.00604275660589,0.0125780692324,0.0138255357742,0.0148283643648,0.00601518154144,0.0156683009118,0.00528864376247,0.00365363480523,0.00466336915269,0.00268935179338,0.00336476927623,0.0018257208867,0.00080793624511,0.00108385377098,0.000358797144145,0.000436343369074,0.000593408534769,0.000338211946655,0.000178577145562,0.000143856363138,0.00021787622245,0.000158119335538,0.0000709133528289,0.0000194201311388,0.0000254370479524,0.0000399459022447,0.000073266972322,0.0000778882531449,0.000162886615726,0.000175539709744,0.000140099611599,0.0000947061198531,0.0000581045060244,0.0000101327750599],"mean":[0.000621366489213,0.00102874473669,0.00144123926293,0.000723967212252,0.000588846043684,0.000507039192598,0.000199396090466,0.000228702134336,0.00026433164021,0.000211472739466,0.000183841169928,0.000271720084129,0.000286778493319,0.000130683678435,0.000109388849523,0.0000602916079515,0.0000436987611465,0.0000341932136507,0.0000217430952034,0.0000198339112103,0.0000216457174247,0.0000282222590613,0.0000272406232398,0.0000159035462275,0.00000909521259018,0.0000101823170553,0.0000112036668725,0.00000523344624526,0.00000180315396392,0.00000131529202463,0.00000103115712591,8.7497255663e-7,7.32068201614e-7,5.74789908114e-7,6.77406831073e-7,6.59174531847e-7,6.29900625881e-7,3.74484812937e-7,2.05333833492e-7,8.50973407296e-8],"median":[0.000472675106721,0.000817665830255,0.000914901727811,0.000462158728624,0.00030402286211,0.000230838908465,0.000117516188766,0.000108739732241,0.000103000449599,0.000085675776063,0.0000838623091113,0.0000615756871412,0.000101791716588,0.0000486010321765,0.0000422798111686,0.0000259972766798,0.0000210029902519,0.0000139828189276,0.0000104247937998,0.000011123317563,0.0000138781151691,0.0000192801308003,0.0000166823883774,0.0000109512511699,0.00000639879272057,0.00000679434651829,0.00000651341360935,0.0000030129103834,0.00000101319892565,7.84956512234e-7,6.06514220181e-7,4.52260337624e-7,2.71929309292e-7,1.80192884613e-7,1.2065244448e-7,9.21668572573e-8,9.52948866484e-8,8.0944367653e-8,5.36820223829e-8,2.84758208124e-8],"min":[5.46049518594e-24,8.78203347042e-24,4.45351029612e-24,4.20733560102e-24,5.58863380708e-24,6.60757901151e-24,5.87774225694e-24,8.1641581664e-24,1.14107286325e-23,3.96036218426e-24,4.77664152797e-24,4.7215210555e-24,7.67106172493e-24,5.9698271737e-24,1.02118722601e-23,1.20438999494e-23,1.80579743313e-23,7.28698901601e-24,5.0804362013e-24,1.45796988513e-23,1.13750161104e-23,9.86502589732e-24,8.85797079888e-24,7.62745901612e-24,6.01971552621e-24,8.16680085044e-24,9.24918743216e-24,1.10616845032e-23,1.01710337199e-23,8.74415631405e-24,1.31642386293e-23,8.42672341896e-24,8.00565944447e-24,1.00321847343e-23,8.31819114676e-24,9.15705873362e-24,1.07386002086e-23,1.04389435051e-23,8.3129822982e-24,1.07081580662e-23],"var":[4.37705040213e-7,0.00000122834421745,0.00000304483523905,0.00000120922027236,9.26497477849e-7,6.3053971644e-7,1.10303929546e-7,2.5779780799e-7,2.89016668376e-7,2.90174483553e-7,8.96667344819e-8,4.67363747703e-7,2.81167018557e-7,6.82001584096e-8,5.61345601113e-8,2.1527819527e-8,9.6436849617e-9,7.68719132793e-9,1.82450077268e-9,1.45840073351e-9,6.62517873895e-10,9.06937358547e-10,1.09298115003e-9,3.0786778682e-10,9.8916562441e-11,1.38661235272e-10,2.04258318592e-10,6.40957703579e-11,7.13382694931e-12,2.48983841357e-12,1.94814281894e-12,2.85511349805e-12,7.43758093308e-12,7.24993199155e-12,2.84310665288e-11,2.91107277173e-11,2.59506808403e-11,6.52289984179e-12,1.74090115154e-12,1.27113109535e-13]},"melbands_crest":{"dmean":3.0211045742,"dmean2":4.93583011627,"dvar":7.18562936783,"dvar2":18.9522342682,"max":33.0628051758,"mean":12.0462274551,"median":11.2007665634,"min":1.76474702358,"var":19.6697769165},"melbands_flatness_db":{"dmean":0.0211961250752,"dmean2":0.0315655358136,"dvar":0.000347060034983,"dvar2":0.000791632453911,"max":0.423689723015,"mean":0.199347868562,"median":0.197485595942,"min":0.00450847111642,"var":0.00191929459106},"melbands_kurtosis":{"dmean":3.25960612297,"dmean2":5.19073820114,"dvar":18.850069046,"dvar2":46.4497718811,"max":73.5660400391,"mean":6.26554536819,"median":4.18419456482,"min":-1.67278862,"var":50.6049842834},"melbands_skewness":{"dmean":0.520128786564,"dmean2":0.806392669678,"dvar":0.239325225353,"dvar2":0.57812255621,"max":7.32899999619,"mean":1.91540873051,"median":1.88281047344,"min":-1.7208660841,"var":1.20527637005},"melbands_spread":{"dmean":5.55472326279,"dmean2":8.70484352112,"dvar":46.1281738281,"dvar2":111.236274719,"max":156.49382019,"mean":23.6615657806,"median":21.2037029266,"min":2.00682425499,"var":216.075073242},"mfcc":{"cov":[[12904.8115234,2112.99291992,-487.807373047,604.697753906,-163.700439453,100.547973633,236.858261108,265.886901855,-97.234703064,-116.400093079,-343.027526855,-151.099807739,-107.065124512],[2112.99291992,1077.5513916,-262.769958496,145.157226563,-65.4329452515,-53.5860939026,49.5975570679,23.7786903381,-38.6089363098,-40.1795196533,-42.5627174377,-24.3556518555,0.850727438927],[-487.807373047,-262.769958496,506.136535645,-45.1125183105,55.6987838745,68.1729125977,-43.5606613159,13.1050643921,1.75245022774,-17.8546485901,5.51982116699,3.57914686203,-10.8219900131],[604.697753906,145.157226563,-45.1125183105,286.72845459,81.5068359375,23.5577373505,8.38549804688,-2.45575809479,15.4282674789,-29.5468845367,-37.001033783,-21.1659622192,-10.6257047653],[-163.700439453,-65.4329452515,55.6987838745,81.5068359375,137.640899658,46.4010009766,-15.9832496643,-19.27693367,10.5700206757,6.45521736145,-9.26395225525,-14.0571041107,-9.88256835938],[100.547973633,-53.5860939026,68.1729125977,23.5577373505,46.4010009766,106.041519165,32.0815391541,7.73163747787,0.200611278415,-10.0346412659,-15.1510400772,-16.7477054596,-6.01875400543],[236.858261108,49.5975570679,-43.5606613159,8.38549804688,-15.9832496643,32.0815391541,106.430770874,43.682762146,-2.17461228371,-19.3250846863,-18.547416687,-5.64328384399,2.40862202644],[265.886901855,23.7786903381,13.1050643921,-2.45575809479,-19.27693367,7.73163747787,43.682762146,82.060546875,10.7884531021,-12.5925426483,-15.18612957,-1.58843910694,4.38398981094],[-97.234703064,-38.6089363098,1.75245022774,15.4282674789,10.5700206757,0.200611278415,-2.17461228371,10.7884531021,65.5809631348,21.2702407837,16.4305667877,3.82148241997,-7.39075088501],[-116.400093079,-40.1795196533,-17.8546485901,-29.5468845367,6.45521736145,-10.0346412659,-19.3250846863,-12.5925426483,21.2702407837,85.5154571533,35.9680595398,1.70987534523,-6.47024965286],[-343.027526855,-42.5627174377,5.51982116699,-37.001033783,-9.26395225525,-15.1510400772,-18.547416687,-15.18612957,16.4305667877,35.9680595398,82.4230651855,37.5217170715,-0.0314991883934],[-151.099807739,-24.3556518555,3.57914686203,-21.1659622192,-14.0571041107,-16.7477054596,-5.64328384399,-1.58843910694,3.82148241997,1.70987534523,37.5217170715,60.852104187,16.0917873383],[-107.065124512,0.850727438927,-10.8219900131,-10.6257047653,-9.88256835938,-6.01875400543,2.40862202644,4.38398981094,-7.39075088501,-6.47024965286,-0.0314991883934,16.0917873383,51.1197967529]],"icov":[[0.000159236325999,-0.00025833179825,0.0000274691155937,-0.000246447249083,0.000326736160787,-0.000373307615519,0.000148980907397,-0.000416672643041,0.000189936603419,-0.00033540072036,0.000583457294852,-0.000292392913252,0.000417727977037],[-0.00025833179825,0.00168033351656,0.000418164068833,-0.000389480235754,0.000127603299916,0.00097637611907,-0.000395000679418,0.000309016264509,0.00052265659906,0.000712583016139,-0.0010695871897,0.000891503295861,-0.00054524524603],[0.0000274691155937,0.000418164068833,0.00291804643348,0.000521559326444,-0.000650964153465,-0.00202824384905,0.00228637456894,-0.00181498134043,0.000375284260372,0.00119544425979,-0.000330201088218,-0.000357871438609,0.000778020301368],[-0.000246447249083,-0.000389480235754,0.000521559326444,0.00588804017752,-0.0041365227662,0.000531060970388,-0.000159092844115,0.000851643038914,-0.00241532386281,0.00252092280425,0.000364975479897,0.000333236239385,-0.000112875073683],[0.000326736160787,0.000127603299916,-0.000650964153465,-0.0041365227662,0.0129516758025,-0.00524616613984,0.0021294883918,0.00122337904759,-0.000157172180479,-0.002791112056,0.00220359652303,-0.000319749175105,0.0010914998129],[-0.000373307615519,0.00097637611907,-0.00202824384905,0.000531060970388,-0.00524616613984,0.0160895474255,-0.00687969475985,0.0022386747878,-0.000215885127545,0.00137685646769,-0.00169758044649,0.00372652010992,-0.00113581621554],[0.000148980907397,-0.000395000679418,0.00228637456894,-0.000159092844115,0.0021294883918,-0.00687969475985,0.0162636097521,-0.00804197601974,0.000966632156633,0.0013787811622,0.0010377317667,-0.00107079197187,0.000946577813011],[-0.000416672643041,0.000309016264509,-0.00181498134043,0.000851643038914,0.00122337904759,0.0022386747878,-0.00804197601974,0.0194669496268,-0.00535662239417,0.00107018277049,0.0018694702303,-0.0000312526462949,-0.00250349938869],[0.000189936603419,0.00052265659906,0.000375284260372,-0.00241532386281,-0.000157172180479,-0.000215885127545,0.000966632156633,-0.00535662239417,0.0197777282447,-0.00442640343681,-0.00262878136709,-0.00056437443709,0.00279972888529],[-0.00033540072036,0.000712583016139,0.00119544425979,0.00252092280425,-0.002791112056,0.00137685646769,0.0013787811622,0.00107018277049,-0.00442640343681,0.0183940045536,-0.0093259178102,0.00582509301603,-0.000622691237368],[0.000583457294852,-0.0010695871897,-0.000330201088218,0.000364975479897,0.00220359652303,-0.00169758044649,0.0010377317667,0.0018694702303,-0.00262878136709,-0.0093259178102,0.0264943074435,-0.0157959461212,0.00469088414684],[-0.000292392913252,0.000891503295861,-0.000357871438609,0.000333236239385,-0.000319749175105,0.00372652010992,-0.00107079197187,-0.0000312526462949,-0.00056437443709,0.00582509301603,-0.0157959461212,0.0289578363299,-0.00867320597172],[0.000417727977037,-0.00054524524603,0.000778020301368,-0.000112875073683,0.0010914998129,-0.00113581621554,0.000946577813011,-0.00250349938869,0.00279972888529,-0.000622691237368,0.00469088414684,-0.00867320597172,0.0238935332745]],"mean":[-663.494628906,148.144470215,-21.9007835388,25.64686203,0.358526289463,-1.78946518898,6.90166330338,8.59742546082,-4.47810125351,-3.2973139286,-3.81192684174,0.373326003551,-1.60850799084]},"pitch_salience":{"dmean":0.0596716925502,"dmean2":0.0982421264052,"dvar":0.00268690707162,"dvar2":0.00721553713083,"max":0.86932605505,"mean":0.603386580944,"median":0.607941865921,"min":0.21109265089,"var":0.00726878223941},"silence_rate_20dB":{"dmean":0,"dmean2":0,"dvar":0,"dvar2":0,"max":1,"mean":1,"median":1,"min":1,"var":0},"silence_rate_30dB":{"dmean":0.000736106012482,"dmean2":0.00147234741598,"dvar":0.000735517940484,"dvar2":0.00202212459408,"max":1,"mean":0.999079942703,"median":1,"min":0,"var":0.000919277546927},"silence_rate_60dB":{"dmean":0.00257637095638,"dmean2":0.00515321595594,"dvar":0.00256972643547,"dvar2":0.00623089727014,"max":1,"mean":0.0842763856053,"median":0,"min":0,"var":0.077181905508},"spectral_centroid":{"dmean":192.231842041,"dmean2":298.817993164,"dvar":47027.3359375,"dvar2":96094.421875,"max":11344.7861328,"mean":1264.89294434,"median":1181.38500977,"min":241.927764893,"var":303110.96875},"spectral_complexity":{"dmean":3.13194704056,"dmean2":4.94414281845,"dvar":8.77744197845,"dvar2":19.9346141815,"max":52,"mean":21.2197990417,"median":22,"min":0,"var":89.9044952393},"spectral_contrast_coeffs":{"dmean":[0.0507188849151,0.0434476360679,0.0351305268705,0.0259779114276,0.0193151943386,0.0167796760798],"dmean2":[0.0845201909542,0.0721216574311,0.0572116822004,0.0425999574363,0.0315703265369,0.0264586228877],"dvar":[0.00174727616832,0.00124562601559,0.00079014734365,0.00043327891035,0.000240975015913,0.000216171232751],"dvar2":[0.00485749356449,0.00334542291239,0.00208878680132,0.0011357483454,0.000613816257101,0.000528261822183],"max":[-0.350553244352,-0.460839539766,-0.469284504652,-0.5769520998,-0.613023579121,-0.631067276001],"mean":[-0.650888085365,-0.737319350243,-0.763694167137,-0.797731280327,-0.788231670856,-0.762233734131],"median":[-0.646459937096,-0.741479575634,-0.77277803421,-0.804110407829,-0.785593032837,-0.75991410017],"min":[-0.964810192585,-0.972071647644,-0.965603947639,-0.972003996372,-0.963208317757,-0.961892485619],"var":[0.00673550320789,0.00520581519231,0.00524498010054,0.00268913176842,0.00155888940208,0.00169708265457]},"spectral_contrast_valleys":{"dmean":[0.394187062979,0.322300434113,0.271562904119,0.242471203208,0.193537890911,0.353078246117],"dmean2":[0.642202734947,0.533290982246,0.438766300678,0.388818860054,0.295660674572,0.421656668186],"dvar":[0.1206638515,0.0817276537418,0.0634595826268,0.0566499829292,0.0488829612732,0.0929092168808],"dvar2":[0.283630758524,0.186025097966,0.134733021259,0.111476369202,0.0778174251318,0.139908641577],"max":[-5.41980075836,-4.80291891098,-5.37162017822,-6.18402957916,-5.88070678711,-7.68320798874],"mean":[-7.30091047287,-6.73518705368,-7.09298372269,-7.669526577,-7.57007884979,-10.9266309738],"median":[-6.90089416504,-6.41763496399,-6.76408195496,-7.34136343002,-7.24634504318,-10.7515850067],"min":[-27.3138942719,-27.5428924561,-27.2569885254,-27.2012844086,-27.2498416901,-27.2713985443],"var":[2.28584384918,2.09325671196,2.11166000366,1.85691785812,1.81869232655,1.20157766342]},"spectral_decrease":{"dmean":1.7423439358e-9,"dmean2":2.67022626232e-9,"dvar":5.77967885757e-18,"dvar2":1.39603007283e-17,"max":2.51671603885e-17,"mean":-6.40139452557e-9,"median":-5.47279110918e-9,"min":-3.88332921375e-8,"var":1.93501616232e-17},"spectral_energy":{"dmean":0.00681533711031,"dmean2":0.0104204211384,"dvar":0.0000869950526976,"dvar2":0.00020865679835,"max":0.154516294599,"mean":0.0257574934512,"median":0.0220128912479,"min":1.08318477264e-20,"var":0.000311571435304},"spectral_energyband_high":{"dmean":0.000112778754556,"dmean2":0.000152253589476,"dvar":1.82176719932e-7,"dvar2":3.00783113971e-7,"max":0.0162646323442,"mean":0.000238275926677,"median":0.000115892711619,"min":7.73192860417e-21,"var":5.04356648889e-7},"spectral_energyband_low":{"dmean":0.00337080028839,"dmean2":0.00534685701132,"dvar":0.0000319198516081,"dvar2":0.0000814896338852,"max":0.0740179270506,"mean":0.00638585025445,"median":0.00522237457335,"min":5.10191057286e-23,"var":0.0000393828340748},"spectral_energyband_middle_high":{"dmean":0.00198943098076,"dmean2":0.00292801298201,"dvar":0.0000107345922515,"dvar2":0.0000222746766667,"max":0.103714466095,"mean":0.00765975471586,"median":0.00463105924428,"min":1.42636987169e-21,"var":0.0000828570555313},"spectral_energyband_middle_low":{"dmean":0.00474603800103,"dmean2":0.0075565665029,"dvar":0.0000448670980404,"dvar2":0.000112838992209,"max":0.11095469445,"mean":0.0133988969028,"median":0.010849872604,"min":2.42108328545e-22,"var":0.000115797745821},"spectral_entropy":{"dmean":0.118924349546,"dmean2":0.171024933457,"dvar":0.0124688753858,"dvar2":0.0243378970772,"max":9.80525112152,"mean":7.50556182861,"median":7.49386882782,"min":5.81241369247,"var":0.104752257466},"spectral_flux":{"dmean":0.0182163286954,"dmean2":0.0279899071902,"dvar":0.000451450789114,"dvar2":0.000914633332286,"max":0.287955254316,"mean":0.0729486495256,"median":0.0678913444281,"min":1.04076164353e-10,"var":0.00153667409904},"spectral_kurtosis":{"dmean":2.17993927002,"dmean2":3.76807403564,"dvar":4.65672492981,"dvar2":13.4524898529,"max":62.8715133667,"mean":5.43284082413,"median":4.82962703705,"min":-1.22442424297,"var":11.0902776718},"spectral_rms":{"dmean":0.000615428085439,"dmean2":0.000923993764445,"dvar":5.06622711782e-7,"dvar2":0.00000116934302241,"max":0.012277930975,"mean":0.00463644461706,"median":0.00463421968743,"min":3.25079329774e-12,"var":0.00000363249023394},"spectral_rolloff":{"dmean":318.954101563,"dmean2":532.606384277,"dvar":359811.0625,"dvar2":795450.125,"max":19250.6835938,"mean":1579.34680176,"median":1098.19335938,"min":172.265625,"var":5225334},"spectral_skewness":{"dmean":0.234151318669,"dmean2":0.395792335272,"dvar":0.0427579768002,"dvar2":0.118485316634,"max":5.83696269989,"mean":1.50877606869,"median":1.46904695034,"min":-0.0235309731215,"var":0.186637744308},"spectral_spread":{"dmean":364794.4375,"dmean2":468664.65625,"dvar":270224080896,"dvar2":309753446400,"max":42162696,"mean":3402553.75,"median":3002000.25,"min":1097220.5,"var":2669281280000},"spectral_strongpeak":{"dmean":0.53590118885,"dmean2":0.896050751209,"dvar":0.660057604313,"dvar2":1.57140386105,"max":11.1190280914,"mean":1.12095618248,"median":0.53507232666,"min":0,"var":2.04344105721},"zerocrossingrate":{"dmean":0.00644636387005,"dmean2":0.00815537944436,"dvar":0.000103076679807,"dvar2":0.000161628253409,"max":0.65185546875,"mean":0.0553651377559,"median":0.04541015625,"min":0.01025390625,"var":0.00318693369627}},"metadata":{"audio_properties":{"analysis_sample_rate":44100,"bit_rate":192000,"codec":"mp3","downmix":"mix","equal_loudness":0,"length":252.342849731,"lossless":false,"md5_encoded":"83d55f0744c8c47a3cb2437dc23eecfd","replay_gain":-11.8918476105,"sample_rate":44100},"tags":{"album":["Re-ac-tor"],"albumartist":["Neil Young & Crazy Horse"],"albumartistsort":["Young, Neil & Crazy Horse"],"artist":["Neil Young & Crazy Horse"],"artistsort":["Young, Neil & Crazy Horse"],"asin":["B000008MK2"],"composer":["Young"],"date":["1981-10-28"],"discnumber":["1/1"],"file_name":"Neil Young & Crazy Horse - Re-ac-tor - 05 - Southern Pacific.mp3","genre":["Pop/Rock"],"isrc":["USRE10300548"],"label":["Reprise Records"],"language":["eng"],"media":["Vinyl"],"musicbrainz album release country":["US"],"musicbrainz album status":["official"],"musicbrainz album type":["album"],"musicbrainz_albumartistid":["0f3515b0-75c9-46c9-b26c-4cd05d26eae7"],"musicbrainz_albumid":["65300055-9822-4c32-8a2a-5133092028cc"],"musicbrainz_artistid":["0f3515b0-75c9-46c9-b26c-4cd05d26eae7"],"musicbrainz_recordingid":["6f32ecb2-5b30-4c6f-ba21-11d4273712c7"],"originaldate":["1981-10-28"],"script":["Latn"],"title":["Southern Pacific"],"tracknumber":["5/8"]},"version":{"essentia":"2.1-beta2","essentia_build_sha":"2d9f1f26377add8aeb1075a9c2973f962c4f09fd","essentia_git_sha":"v2.1_beta2-1-ge3940c0","extractor":"music 1.0"}},"rhythm":{"beats_count":494,"beats_loudness":{"dmean":0.0125748366117,"dmean2":0.0212565716356,"dvar":0.000124622834846,"dvar2":0.000341009988915,"max":0.100629791617,"mean":0.0355804599822,"median":0.0329535827041,"min":1.65327627144e-8,"var":0.00032870558789},"beats_loudness_band_ratio":{"dmean":[0.172362595797,0.104631707072,0.0823886469007,0.0916029587388,0.0382617413998,0.0207761637866],"dmean2":[0.293864786625,0.183613687754,0.144886165857,0.155892774463,0.0657336488366,0.0375724