{"lowlevel":{"average_loudness":0.897891581059,"barkbands":{"dmean":[0.00458033941686,0.0096350479871,0.0018434060039,0.00142910075374,0.00170499191154,0.000715183268767,0.000866691058036,0.000565460883081,0.00069146376336,0.000802112743258,0.000572885153815,0.000602045329288,0.000516280939337,0.00030664348742,0.000256701547187,0.000184800213901,0.000145614409121,0.000145007201354,0.000121551616758,0.0000996147646219,0.000179105918505,0.000148804741912,0.0000638991914457,0.0000185121389222,0.00000230356704378,0.00000319385571856,0.000222120914259],"dmean2":[0.00757096288726,0.0158484485,0.00303452066146,0.00234375428408,0.00270054442808,0.00114123977255,0.00138530577533,0.00091484002769,0.00111041602213,0.00128126132768,0.000922916689888,0.000980622135103,0.000847211631481,0.000500871101394,0.000413069879869,0.000306599627947,0.000239546425291,0.000233552214922,0.000195278422325,0.000151311513036,0.000258467189269,0.000212012528209,0.0000887796340976,0.000026838213671,0.0000038436342038,0.0000052535492614,0.000285323389107],"dvar":[0.000175733148353,0.000628359266557,0.0000127152825371,0.00000894749882718,0.0000136923199534,0.00000298509985441,0.00000507696768182,0.00000155159432325,0.00000205334617931,0.00000324771144733,0.00000188147657809,0.00000180649101367,0.00000174407807663,2.50707614668e-7,2.06618409493e-7,1.04090979391e-7,7.65947802961e-8,8.55944790601e-8,8.22921606414e-8,3.98860109385e-8,1.51530386461e-7,9.15243774102e-8,1.74706276113e-8,1.37424738256e-9,1.79531233629e-11,2.71951575842e-11,1.75585128659e-7],"dvar2":[0.000437813316239,0.00172166363336,0.0000305208595819,0.0000231154372159,0.000032127230952,0.00000698671692589,0.0000120086815514,0.00000384831855627,0.00000493097013532,0.00000794705465523,0.00000475247907161,0.00000448962055088,0.0000045557849262,6.18023932475e-7,5.22111918144e-7,2.7398129987e-7,1.97160545667e-7,2.04921832392e-7,1.99188605166e-7,9.66163469229e-8,3.0755487046e-7,1.9074511215e-7,3.54439251282e-8,2.93042279331e-9,4.33144319023e-11,6.67066471505e-11,3.12382098855e-7],"max":[0.295083016157,0.356490641832,0.0525079853833,0.0528935715556,0.07936719805,0.0563783198595,0.0594440549612,0.0317885987461,0.0414651781321,0.0522205755115,0.0319708064198,0.0419761873782,0.0403635948896,0.0158455818892,0.0114727783948,0.00587486196309,0.00952640268952,0.00767923658714,0.00719641149044,0.00539406063035,0.0111993933097,0.00649041170254,0.00344872986898,0.000746324367356,0.0000969066168182,0.0000964977589319,0.0102030700073],"mean":[0.00705299060792,0.0202877093107,0.00294393417425,0.00223436253145,0.00303706433624,0.000993315246888,0.00123857555445,0.000849694362842,0.00113092653919,0.00131786137354,0.000898053229321,0.00100708380342,0.000866534595843,0.000571214477532,0.000492932274938,0.000356029602699,0.000276785576716,0.000301149499137,0.000264014233835,0.000234554652707,0.000437723996583,0.000340085331118,0.000142026590765,0.0000372280446754,0.0000022986332624,0.0000041313710426,0.000653922033962],"median":[0.00357486330904,0.0170550439507,0.00167796795722,0.00103736494202,0.00108687381726,0.000389035849366,0.00037332859938,0.000303742854157,0.000364475155948,0.000503591145389,0.000358581281034,0.000408076331951,0.000287354952889,0.000314215954859,0.000242482274189,0.00016333151143,0.0000998285031528,0.0000886548368726,0.0000600141393079,0.0000614057353232,0.0000906211935217,0.0000594166012888,0.0000246011677518,0.00000689960188538,7.83745178978e-7,0.00000168306064552,0.000128403524286],"min":[3.70013787644e-24,1.47693662565e-23,2.46582200919e-24,1.0365233131e-23,2.3927372412e-23,1.0692415558e-23,2.11282683061e-23,2.15239420035e-23,6.52810230083e-23,3.24284499156e-23,1.45903816057e-23,8.38095481364e-23,6.66535273874e-23,4.7120135461e-23,8.1768405254e-23,1.55927521325e-22,9.5493177677e-23,1.44527925887e-22,1.97475790218e-22,2.7983562027e-22,3.29244641958e-22,4.57135428245e-22,4.81716990384e-22,7.02649439711e-22,1.11593359223e-21,1.36988621919e-21,2.2785158493e-21],"var":[0.000173010441358,0.000573149183765,0.0000173140688275,0.0000146136344483,0.0000402789082727,0.00000466538449473,0.00000898491180124,0.000002732251005,0.0000042826554818,0.00000606100456935,0.00000332798458658,0.00000339368966706,0.00000337898291036,5.97988787376e-7,4.98948509176e-7,2.5057130415e-7,1.93224707346e-7,2.60672265995e-7,2.48205452635e-7,1.51464490727e-7,5.89136561757e-7,3.68029162701e-7,6.71779645245e-8,4.53841408898e-9,2.08194121665e-11,4.15415861432e-11,0.00000114153885988]},"barkbands_crest":{"dmean":2.21637487411,"dmean2":3.51602864265,"dvar":5.02842187881,"dvar2":12.6717119217,"max":24.9287319183,"mean":12.3816041946,"median":12.0161027908,"min":2.15489840508,"var":22.4554691315},"barkbands_flatness_db":{"dmean":0.0273777265102,"dmean2":0.0411767475307,"dvar":0.000751341052819,"dvar2":0.00174703157973,"max":0.60363060236,"mean":0.169399097562,"median":0.15155108273,"min":0.0335392914712,"var":0.00697140023112},"barkbands_kurtosis":{"dmean":7.06499242783,"dmean2":10.4001865387,"dvar":326.784210205,"dvar2":692.344360352,"max":553.925598145,"mean":14.7220516205,"median":3.37566232681,"min":-1.78013706207,"var":1225.19030762},"barkbands_skewness":{"dmean":0.704247891903,"dmean2":1.03208673,"dvar":0.762719929218,"dvar2":1.70520365238,"max":17.624786377,"mean":2.40336418152,"median":1.87881660461,"min":-1.88294196129,"var":4.13319730759},"barkbands_spread":{"dmean":6.27396297455,"dmean2":8.85718631744,"dvar":77.4469223022,"dvar2":152.51574707,"max":116.133460999,"mean":24.1752376556,"median":18.6378211975,"min":0.197687804699,"var":418.62322998},"dissonance":{"dmean":0.0183290634304,"dmean2":0.0308206211776,"dvar":0.000413984904299,"dvar2":0.00113001384307,"max":0.500000119209,"mean":0.469506442547,"median":0.47818082571,"min":0.239612489939,"var":0.000827168987598},"dynamic_complexity":4.49292802811,"erbbands":{"dmean":[0.493517965078,1.49056458473,2.22606706619,3.36996793747,5.93396282196,5.76056098938,3.90047216415,7.38292884827,10.1561374664,13.8816757202,12.4345369339,16.0071315765,17.9139003754,26.9203472137,21.6171588898,24.9172496796,21.6595497131,16.794210434,13.4477672577,11.106467247,8.04665851593,8.03512573242,6.81735944748,6.99438047409,5.68749856949,4.53149032593,6.94732093811,7.35918474197,5.94193553925,3.25744366646,1.63533389568,0.707170188427,0.100480392575,0.0266570448875,0.0162258017808,0.0091289812699,0.00571743352339,0.0300661642104,0.0305956415832,0.00455430475995],"dmean2":[0.829711616039,2.40295100212,3.64229488373,5.43134737015,9.61903381348,8.97742271423,6.26206445694,11.8736085892,16.3240699768,22.3064002991,19.911272049,25.7842388153,28.4477157593,43.212474823,34.5117530823,40.9001693726,35.2839241028,27.2386493683,21.6114215851,18.2328701019,13.2511491776,13.0918226242,10.9036855698,11.1195449829,9.03322887421,6.86872673035,10.2077417374,10.7345676422,8.54458808899,4.56127166748,2.27346563339,0.989072799683,0.151019617915,0.0442906953394,0.0270198378712,0.0151493307203,0.00901369284838,0.040203422308,0.0401385910809,0.0061338157393],"dvar":[1.95600950718,11.8206291199,19.4126586914,37.8460655212,145.36265564,219.173873901,76.477935791,351.419586182,641.161315918,1308.02453613,696.912109375,1148.03662109,1831.86999512,3865.11547852,2132.4140625,3298.4519043,3017.75683594,1034.02416992,542.143493652,415.019958496,194.547927856,242.078323364,187.715820312,244.229598999,175.267959595,85.1372070312,209.489959717,268.230743408,153.412475586,43.5928611755,12.0876245499,2.05672645569,0.0302434917539,0.00233406806365,0.000879465544131,0.000268876727205,0.0000773194260546,0.00367172365077,0.00371564831585,0.0000721959004295],"dvar2":[5.49608182907,31.1613025665,46.3263778687,98.5097198486,360.239624023,483.815338135,185.507141113,825.257324219,1535.89794922,3201.54174805,1694.63244629,2766.66992188,4218.24609375,9902.29394531,5264.43847656,8215.4140625,7815.45800781,2615.12939453,1332.69311523,1091.77331543,512.068359375,620.748840332,446.294769287,579.715148926,426.162536621,203.020629883,461.954803467,554.606140137,332.137786865,84.9813995361,25.0175876617,4.13100147247,0.0663166344166,0.00562704633921,0.00212087715045,0.000648970599286,0.000177484878805,0.00666058668867,0.00685730110854,0.000139521362144],"max":[21.971282959,54.0976791382,61.0195617676,110.360206604,251.729492188,404.663238525,262.779815674,667.231018066,507.418914795,991.610290527,685.890014648,1231.11328125,1361.8659668,1989.64331055,1005.10522461,2019.96887207,1707.54077148,1035.43347168,698.599365234,467.943511963,252.736785889,577.026672363,374.912719727,415.414886475,337.548126221,269.07421875,349.322570801,589.746765137,262.428527832,137.278823853,101.213241577,28.8965358734,4.02059030533,1.10033679008,0.68113219738,0.377116858959,0.178643986583,1.20492768288,1.26051366329,0.251543134451],"mean":[1.0688893795,2.62628340721,3.6744093895,5.85854911804,10.1046543121,9.35848712921,5.89154720306,9.96426773071,14.5271501541,20.394990921,20.891500473,26.5152778625,30.7965984344,44.7428741455,37.8101425171,43.2022590637,39.4420814514,33.1502532959,27.9945716858,23.7216491699,16.6531944275,16.0302391052,15.0266208649,15.9111881256,12.5805482864,11.0896444321,16.0278511047,17.1628246307,13.0145435333,7.5645275116,3.64252829552,1.52991652489,0.193667516112,0.0305768661201,0.0166945531964,0.00966938491911,0.00966444984078,0.0695342719555,0.0793429389596,0.0132497409359],"median":[0.945632815361,1.79368770123,2.11475396156,3.19785761833,4.08385515213,2.59712791443,2.73301792145,3.84629178047,4.73609256744,6.74045467377,7.70386219025,8.96039676666,12.1982011795,17.7777042389,17.9622859955,17.7744789124,14.4891653061,18.2241077423,15.8744077682,11.2301216125,8.05956935883,5.90680503845,4.95666122437,3.93021798134,2.98989844322,2.86828374863,3.45526075363,3.44839882851,2.24050164223,1.35601997375,0.632070124149,0.267547905445,0.0519916377962,0.0132413748652,0.0060620540753,0.00371625949629,0.00424573058262,0.0122702633962,0.0150170717388,0.0025810552761],"min":[3.76215313521e-22,2.63588978177e-21,3.71436002882e-21,2.1743991749e-20,2.42626985531e-20,5.81696154214e-20,1.42958484566e-19,9.14890838052e-20,2.50619931624e-19,3.30355567331e-19,5.55385348386e-19,1.2872736687e-18,1.26414476819e-18,1.05369750925e-18,1.45967930486e-18,2.88775059094e-18,3.51787796323e-18,3.38266908825e-18,4.18434317303e-18,8.37160215771e-18,7.68336307265e-18,6.15016230059e-18,7.96955184816e-18,9.32297566743e-18,8.33925939576e-18,1.42590750568e-17,1.22768177825e-17,1.20101703218e-17,1.3616809843e-17,1.46728142556e-17,1.39886548253e-17,1.24078183761e-17,1.09631408189e-17,1.17027287948e-17,7.97553236399e-18,5.34212016587e-18,2.49288144988e-18,1.05499959494e-18,3.16365228986e-19,3.23018908275e-20],"var":[1.66599369049,11.8820991516,26.0248336792,63.998878479,352.534851074,562.467102051,127.352905273,523.346496582,1070.37145996,2280.02758789,1469.57202148,2337.55297852,3718.36206055,6964.80029297,4308.19726562,6361.77294922,6060.71923828,2448.77368164,1375.75390625,1152.06298828,489.600097656,638.066833496,589.165588379,819.088684082,535.700317383,337.125946045,768.493835449,954.452697754,555.612976074,182.994018555,44.531829834,7.63801717758,0.101139985025,0.00287952134386,0.00103210052475,0.000321777362842,0.00017827108968,0.0155374687165,0.0186622757465,0.000470306171337]},"erbbands_crest":{"dmean":2.3041741848,"dmean2":3.71079587936,"dvar":5.41614961624,"dvar2":13.2636346817,"max":30.4925041199,"mean":8.17471599579,"median":7.15526247025,"min":2.14174389839,"var":15.8688707352},"erbbands_flatness_db":{"dmean":0.022962173447,"dmean2":0.0346709415317,"dvar":0.000508666154929,"dvar2":0.00117901922204,"max":0.366247653961,"mean":0.150600671768,"median":0.141456469893,"min":0.0512494333088,"var":0.00233644573018},"erbbands_kurtosis":{"dmean":1.34608888626,"dmean2":2.11953520775,"dvar":12.4021911621,"dvar2":32.8560829163,"max":102.70716095,"mean":1.36347568035,"median":0.244888305664,"min":-1.84639632702,"var":22.9956150055},"erbbands_skewness":{"dmean":0.375930786133,"dmean2":0.553503453732,"dvar":0.170805573463,"dvar2":0.351524174213,"max":8.13440513611,"mean":0.110723026097,"median":0.00829839054495,"min":-4.43701648712,"var":0.997171938419},"erbbands_spread":{"dmean":7.67824363708,"dmean2":11.1734876633,"dvar":82.986289978,"dvar2":163.756027222,"max":148.908538818,"mean":34.1698951721,"median":30.410200119,"min":1.85592854023,"var":383.160522461},"gfcc":{"cov":[[17122.3574219,-1748.30297852,-1821.86157227,473.089202881,-84.2124938965,-638.646179199,830.530090332,-672.820739746,700.4453125,-309.261779785,288.183013916,-53.6612434387,-87.7601089478],[-1748.30297852,2016.68664551,270.7237854,-655.705749512,102.394088745,332.726928711,-382.058929443,400.945739746,-374.049163818,245.014038086,-124.082374573,-1.75342702866,73.1590194702],[-1821.86157227,270.7237854,897.998413086,204.649902344,-4.78120279312,169.968032837,-186.656082153,132.692245483,-150.164489746,42.7166976929,-71.6692352295,16.8440685272,22.0897674561],[473.089202881,-655.705749512,204.649902344,636.280334473,114.551948547,-171.295684814,158.272537231,-162.502609253,137.416625977,-121.816558838,41.2312965393,-10.5371294022,-9.54589366913],[-84.2124938965,102.394088745,-4.78120279312,114.551948547,220.471130371,55.7432518005,10.4576196671,42.1109848022,-8.16627979279,10.289021492,-1.94609999657,-4.61299180984,19.9059886932],[-638.646179199,332.726928711,169.968032837,-171.295684814,55.7432518005,276.919677734,-73.4083099365,146.659881592,-89.154045105,82.5478363037,-28.2551765442,26.5607414246,20.2750587463],[830.530090332,-382.058929443,-186.656082153,158.272537231,10.4576196671,-73.4083099365,318.994659424,-95.8880996704,213.297851562,-71.3019638062,70.2663345337,2.9489812851,0.729552268982],[-672.820739746,400.945739746,132.692245483,-162.502609253,42.1109848022,146.659881592,-95.8880996704,306.809661865,-87.7444381714,126.193962097,-41.5083236694,9.48637676239,32.8663787842],[700.4453125,-374.049163818,-150.164489746,137.416625977,-8.16627979279,-89.154045105,213.297851562,-87.7444381714,257.768920898,-40.4613227844,67.7755050659,0.360123962164,-22.6856098175],[-309.261779785,245.014038086,42.7166976929,-121.816558838,10.289021492,82.5478363037,-71.3019638062,126.193962097,-40.4613227844,148.010223389,13.2903776169,6.1108956337,14.9629974365],[288.183013916,-124.082374573,-71.6692352295,41.2312965393,-1.94609999657,-28.2551765442,70.2663345337,-41.5083236694,67.7755050659,13.2903776169,78.3161392212,27.0396137238,-1.74234879017],[-53.6612434387,-1.75342702866,16.8440685272,-10.5371294022,-4.61299180984,26.5607414246,2.9489812851,9.48637676239,0.360123962164,6.1108956337,27.0396137238,54.2756958008,26.9967365265],[-87.7601089478,73.1590194702,22.0897674561,-9.54589366913,19.9059886932,20.2750587463,0.729552268982,32.8663787842,-22.6856098175,14.9629974365,-1.74234879017,26.9967365265,59.0491218567]],"icov":[[0.0000886838606675,-0.0000460932424176,0.000274136662483,-0.000269775773631,0.000244933617068,-0.000164181357832,0.0000220327983698,0.0000110827440949,-0.0000482091309095,0.00003273629045,-0.0000805629388196,0.000120412674733,-0.0000741350886528],[-0.0000460932424176,0.00158211216331,-0.00134650245309,0.00267369649373,-0.00236072251573,0.00130463438109,-0.00037512119161,-0.000110531815153,0.000720570271369,-0.000555601029191,0.0000513061095262,0.000394033791963,-0.000439717725385],[0.000274136662483,-0.00134650245309,0.00499091949314,-0.00612801173702,0.00533665297553,-0.00473123928532,0.00228668143973,-0.00086717546219,-0.000393554830225,0.000328038411681,0.000721059564967,0.000320136401569,-0.000861551379785],[-0.000269775773631,0.00267369649373,-0.00612801173702,0.0111767938361,-0.00928344670683,0.00726094376296,-0.00296139810234,0.00120848615188,0.000505442090798,0.000284875946818,-0.000901413091924,-0.000423448422225,0.000675118411891],[0.000244933617068,-0.00236072251573,0.00533665297553,-0.00928344670683,0.013125859201,-0.00767619581893,0.00284426636063,-0.00173983012792,-0.000774277898017,0.00164044380654,-0.00203708908521,0.00450209947303,-0.00389580568299],[-0.000164181357832,0.00130463438109,-0.00473123928532,0.00726094376296,-0.00767619581893,0.0118443062529,-0.00429206620902,0.000111097724584,0.00198328262195,-0.00339112104848,0.00406827218831,-0.00750725995749,0.0047689313069],[0.0000220327983698,-0.00037512119161,0.00228668143973,-0.00296139810234,0.00284426636063,-0.00429206620902,0.0112118925899,-0.00157443783246,-0.00674779014662,0.00573623366654,-0.00720660854131,0.00729193259031,-0.00717636058107],[0.0000110827440949,-0.000110531815153,-0.00086717546219,0.00120848615188,-0.00173983012792,0.000111097724584,-0.00157443783246,0.00750941317528,0.0000293560169666,-0.00606661988422,0.00590399699286,-0.00332870986313,0.00030592593248],[-0.0000482091309095,0.000720570271369,-0.000393554830225,0.000505442090798,-0.000774277898017,0.00198328262195,-0.00674779014662,0.0000293560169666,0.0110882502049,-0.00237350631505,-0.000858860905282,-0.00222821859643,0.00476633151993],[0.00003273629045,-0.000555601029191,0.000328038411681,0.000284875946818,0.00164044380654,-0.00339112104848,0.00573623366654,-0.00606661988422,-0.00237350631505,0.0185636803508,-0.0156604275107,0.0116353379562,-0.00682005239651],[-0.0000805629388196,0.0000513061095262,0.000721059564967,-0.000901413091924,-0.00203708908521,0.00406827218831,-0.00720660854131,0.00590399699286,-0.000858860905282,-0.0156604275107,0.0382131785154,-0.0267656240612,0.0124969212338],[0.000120412674733,0.000394033791963,0.000320136401569,-0.000423448422225,0.00450209947303,-0.00750725995749,0.00729193259031,-0.00332870986313,-0.00222821859643,0.0116353379562,-0.0267656240612,0.0463173352182,-0.0234448779374],[-0.0000741350886528,-0.000439717725385,-0.000861551379785,0.000675118411891,-0.00389580568299,0.0047689313069,-0.00717636058107,0.00030592593248,0.00476633151993,-0.00682005239651,0.0124969212338,-0.0234448779374,0.032042209059]],"mean":[-18.3744316101,100.941345215,-93.804107666,18.2273597717,-20.2862586975,2.07303094864,8.71950817108,-18.9554214478,5.66496276855,-8.6145734787,-5.38403749466,-1.15683197975,-7.26855993271]},"hfc":{"dmean":7.95427179337,"dmean2":10.4083995819,"dvar":141.0287323,"dvar2":245.506942749,"max":278.61630249,"mean":32.7883720398,"median":19.4779663086,"min":1.15896818255e-16,"var":1349.78564453},"melbands":{"dmean":[0.00356693030335,0.00133411597926,0.00062041595811,0.000431413354818,0.000155149304192,0.000157280519488,0.000162627504324,0.00014243714395,0.000105685081508,0.000104123908386,0.0000925113054109,0.000114414702693,0.0000733310225769,0.0000609810449532,0.0000727306760382,0.0000481097122247,0.0000324634966091,0.0000234572999034,0.0000186914639926,0.00001510729453,0.0000094656516012,0.00000908207857719,0.00000725286281522,0.00000751867901272,0.00000594116090724,0.0000054427187024,0.00000344718296219,0.00000328119335791,0.00000457825444755,0.00000508286393597,0.00000452456470157,0.00000386848387279,0.00000255001623373,0.00000173296177763,0.00000114547663088,6.09736503066e-7,3.86802099683e-7,8.07929652069e-8,2.44798723514e-8,2.12677111477e-8],"dmean2":[0.00589676201344,0.00216240761802,0.00100292323623,0.000684697530232,0.000246635550866,0.000251503981417,0.000259310676483,0.000229457189562,0.00016924837837,0.000167677862919,0.000147350787302,0.000183887852472,0.000117706127639,0.0000978894895525,0.000120018412417,0.0000789957484812,0.000052872033848,0.0000382825564884,0.000030515169783,0.000025213441404,0.0000157989943546,0.0000150269743244,0.0000118157022371,0.0000121744915305,0.00000956511030381,0.00000889568127604,0.00000538860331289,0.00000512606266057,0.00000699916881786,0.00000765326058172,0.00000682771405991,0.00000575908416067,0.00000374044816454,0.00000249073264058,0.00000166613801866,8.85263773398e-7,5.6259119674e-7,1.26938147105e-7,4.08892937287e-8,3.55175941991e-8],"dvar":[0.0000972789057414,0.00000692008461556,0.00000126675422507,9.02836632122e-7,1.28726313164e-7,1.49789386228e-7,1.69440511399e-7,1.27841502717e-7,5.39916342746e-8,4.85410076578e-8,4.78212385246e-8,7.05212954699e-8,2.96634485863e-8,1.53136348047e-8,3.72128958759e-8,1.57617030538e-8,3.27751759066e-9,1.59730106919e-9,1.29363919577e-9,7.46086470382e-10,2.83120193956e-10,3.23825077864e-10,2.22533727556e-10,2.35831215667e-10,1.87316301359e-10,1.90394325306e-10,5.39630493068e-11,4.89500003031e-11,9.16670073181e-11,1.27972271668e-10,1.05330702493e-10,6.87943313427e-11,2.80815509734e-11,1.32261805674e-11,6.66217298342e-12,1.51974927868e-12,6.29187348923e-13,2.25501481908e-14,2.05983632047e-15,1.54138735873e-15],"dvar2":[0.000267495634034,0.0000170933126356,0.00000325472774421,0.0000021468038085,2.84870139922e-7,3.48728320887e-7,3.99876284973e-7,3.14852655947e-7,1.30858282432e-7,1.17768131247e-7,1.10450358193e-7,1.80063523203e-7,7.35472838187e-8,3.77167062027e-8,9.45785743056e-8,4.23135162464e-8,8.22583245963e-9,4.03223943124e-9,3.44608008795e-9,1.95254057367e-9,7.59137919193e-10,8.46538894539e-10,5.42079880983e-10,5.8259569391e-10,4.56752191624e-10,4.8778181494e-10,1.29743035759e-10,1.24978111193e-10,2.18743398395e-10,2.84369694459e-10,2.35425512418e-10,1.57445709248e-10,6.17889767129e-11,2.76730617588e-11,1.51109472157e-11,3.23415534804e-12,1.35030636846e-12,5.48897238154e-14,4.97973126086e-15,3.71977017534e-15],"max":[0.156032428145,0.0340322069824,0.0225668027997,0.0206966828555,0.0096182404086,0.0133815705776,0.00961316376925,0.0103472406045,0.00645812740549,0.00704306410626,0.00690559763461,0.00871187262237,0.00405065249652,0.00535053852946,0.00628410838544,0.00367108895443,0.00160936184693,0.00108943041414,0.000688315776642,0.000599568826146,0.000330775365001,0.000691696302965,0.000472607556731,0.000410251581343,0.000347491935827,0.000340803526342,0.000262673158431,0.000219302717596,0.000193720217794,0.000293013261398,0.000350637797965,0.000186314646271,0.000151084837853,0.0000726589933038,0.0000806404495961,0.0000217887809413,0.0000143460574691,0.00000356303416993,0.00000102048886674,8.95463074357e-7],"mean":[0.00756125850603,0.00240524741821,0.00114465143997,0.000751532672439,0.000239994406002,0.000215942956856,0.00023558124667,0.000211695645703,0.000173625201569,0.00016706417955,0.000153518922161,0.00018391298363,0.000119967749924,0.00010656566883,0.000114638452942,0.0000791231723269,0.0000595207166043,0.0000451600535598,0.0000358074685209,0.0000282090586552,0.000017327889509,0.0000164663451869,0.0000140031606861,0.0000146579559441,0.0000126051318148,0.0000103384818431,0.00000736800120649,0.00000716135582479,0.00000950895719143,0.0000108443846329,0.00000953834660322,0.00000784721669334,0.00000541342296856,0.00000370963334717,0.00000231110084314,0.00000129039494823,7.63616526456e-7,1.33566601335e-7,2.43193820637e-8,2.10732942207e-8],"median":[0.0064816121012,0.0015157093294,0.000655517098494,0.00024691974977,0.000100665449281,0.000082936247054,0.0000765467266319,0.0000705019338056,0.0000564919282624,0.0000538925196452,0.0000584104491281,0.0000695720009389,0.0000515820283908,0.0000489933154313,0.0000386383762816,0.0000257808806055,0.0000318706843245,0.0000249227286986,0.0000169045579241,0.0000122602123156,0.00000803441162134,0.00000590869467487,0.00000468641019324,0.00000404186539527,0.00000299934777104,0.00000214390115616,0.00000192023458112,0.0000018151686163,0.00000199213081942,0.00000221390064326,0.0000017902189029,0.00000129290401674,9.62597368925e-7,6.38863525637e-7,3.77608159852e-7,2.36837564671e-7,1.21270872455e-7,3.26825322361e-8,8.14205325383e-9,7.08172542829e-9],"min":[4.28127987241e-24,3.14960269753e-24,3.72247841728e-24,2.75277627713e-24,5.44834317813e-24,1.77892098153e-24,4.30443372883e-24,4.26000074392e-24,5.4799981941e-24,8.64856767159e-24,5.57766114632e-24,4.16856939842e-24,3.78960614158e-24,9.97137539139e-24,7.28571894995e-24,8.86401662885e-24,5.32670319312e-24,4.44445298964e-24,8.58513457734e-24,1.4139107414e-23,6.27898057917e-24,5.62314647168e-24,7.66842298521e-24,6.78616173767e-24,6.95729564472e-24,4.4475701735e-24,7.9915199016e-24,8.89989007852e-24,6.72212437596e-24,5.38250484698e-24,7.72833144893e-24,7.55154614235e-24,9.71426668972e-24,6.67996291602e-24,6.34840586085e-24,7.41106105918e-24,7.36552406343e-24,7.43119910037e-24,7.34501999078e-24,1.06691528388e-23],"var":[0.0000850646465551,0.00000885869394551,0.00000232041702475,0.0000026484681257,2.63440256276e-7,2.29359201853e-7,2.92461209028e-7,2.27580585488e-7,1.18096643575e-7,9.40158741969e-8,9.5005248113e-8,1.25493087921e-7,5.45615215231e-8,3.14623882502e-8,6.26746725629e-8,2.94553679225e-8,7.5990964632e-9,3.68258978867e-9,2.88594148579e-9,1.78315473498e-9,5.81422299195e-10,7.1785993816e-10,5.53869228259e-10,6.53874787648e-10,5.50420764522e-10,4.45175341035e-10,1.64146779502e-10,1.51407025806e-10,2.81580231354e-10,3.921954983e-10,3.11049186408e-10,2.14420967093e-10,9.47947831342e-11,4.70758917959e-11,1.93781622693e-11,5.30333632912e-12,2.01206260854e-12,5.429874554e-14,2.3741793528e-15,1.77958615251e-15]},"melbands_crest":{"dmean":3.51209044456,"dmean2":5.60737752914,"dvar":13.3085813522,"dvar2":33.3140525818,"max":37.5545806885,"mean":21.3515052795,"median":21.4800205231,"min":1.87149429321,"var":54.4409217834},"melbands_flatness_db":{"dmean":0.0338093116879,"dmean2":0.0498304925859,"dvar":0.001099015004,"dvar2":0.00249145878479,"max":0.76354432106,"mean":0.273067325354,"median":0.256250619888,"min":0.00406299950555,"var":0.0115042123944},"melbands_kurtosis":{"dmean":13.7630805969,"dmean2":20.5739383698,"dvar":1213.06835938,"dvar2":2620.96240234,"max":1030.76342773,"mean":29.6890659332,"median":10.3432598114,"min":-1.73387920856,"var":3939.09545898},"melbands_skewness":{"dmean":0.942313015461,"dmean2":1.41679155827,"dvar":1.45156729221,"dvar2":3.24643683434,"max":25.1735973358,"mean":3.59398579597,"median":2.96709775925,"min":-2.80829715729,"var":7.02384662628},"melbands_spread":{"dmean":6.01061439514,"dmean2":8.92243099213,"dvar":96.8359146118,"dvar2":198.35067749,"max":177.079681396,"mean":19.8787689209,"median":15.3328800201,"min":0.118746191263,"var":425.860870361},"mfcc":{"cov":[[13647.109375,-931.817382812,-2186.5859375,763.86541748,-1251.25231934,645.681884766,-690.903442383,445.395050049,-314.186981201,298.524383545,-51.1049156189,385.124084473,-106.801925659],[-931.817382812,2277.99267578,157.630249023,-660.743774414,359.342254639,-236.873245239,299.877319336,-213.574783325,180.749404907,-113.03377533,98.9246063232,-135.017456055,92.5143814087],[-2186.5859375,157.630249023,901.31060791,-9.85493850708,249.835540771,-53.4063034058,108.648239136,-44.8417816162,44.4265708923,-43.8919715881,-25.1476802826,-54.5452194214,2.77646160126],[763.86541748,-660.743774414,-9.85493850708,699.913269043,-56.7724151611,156.407226562,-114.015174866,109.250617981,-62.6103744507,50.881893158,-43.3800849915,31.2647399902,-48.083732605],[-1251.25231934,359.342254639,249.835540771,-56.7724151611,378.957000732,-62.651676178,146.154418945,-70.8256607056,68.0905609131,-61.2229232788,33.9851608276,-76.4284896851,17.7156410217],[645.681884766,-236.873245239,-53.4063034058,156.407226562,-62.651676178,236.415893555,-46.7032814026,87.0855255127,-48.2693023682,44.0333633423,-33.9633102417,46.3233108521,-26.1101264954],[-690.903442383,299.877319336,108.648239136,-114.015174866,146.154418945,-46.7032814026,182.747177124,-28.3438873291,71.1928863525,-30.3183498383,32.6663856506,-43.2375144958,33.6019210815],[445.395050049,-213.574783325,-44.8417816162,109.250617981,-70.8256607056,87.0855255127,-28.3438873291,160.057861328,15.613278389,56.7322692871,-16.2992076874,36.5335998535,-16.9530353546],[-314.186981201,180.749404907,44.4265708923,-62.6103744507,68.0905609131,-48.2693023682,71.1928863525,15.613278389,124.950248718,30.4443454742,43.6449317932,-16.8857059479,26.9427394867],[298.524383545,-113.03377533,-43.8919715881,50.881893158,-61.2229232788,44.0333633423,-30.3183498383,56.7322692871,30.4443454742,103.895545959,32.7137413025,43.2579841614,1.88202035427],[-51.1049156189,98.9246063232,-25.1476802826,-43.3800849915,33.9851608276,-33.9633102417,32.6663856506,-16.2992076874,43.6449317932,32.7137413025,89.7762451172,24.6297359467,31.2657871246],[385.124084473,-135.017456055,-54.5452194214,31.2647399902,-76.4284896851,46.3233108521,-43.2375144958,36.5335998535,-16.8857059479,43.2579841614,24.6297359467,95.5078659058,22.7473392487],[-106.801925659,92.5143814087,2.77646160126,-48.083732605,17.7156410217,-26.1101264954,33.6019210815,-16.9530353546,26.9427394867,1.88202035427,31.2657871246,22.7473392487,67.7893218994]],"icov":[[0.000188999023521,-0.000125685532112,0.000328611436998,-0.00017042903346,0.00031098278123,-0.000236451858655,0.000234135295614,-0.00017031878815,0.000055785443692,0.0000774849031586,-0.000103950675111,-0.000181111216079,0.0000883491957211],[-0.000125685532112,0.00088735576719,-0.00016347206838,0.000640466343611,-0.00048209016677,0.0000190275750356,-0.000470274331747,0.000553578312974,-0.000609661801718,0.000213392879232,-0.000143008757732,0.000548372801859,-0.000324842170812],[0.000328611436998,-0.00016347206838,0.00204161345027,-0.000364306586562,-0.000499988324009,-0.0000580002852075,-0.0000736151851015,0.00000648946888759,-0.000115289236419,-0.00036194382119,0.00129360472783,-0.000945398642216,0.000321704661474],[-0.00017042903346,0.000640466343611,-0.000364306586562,0.00245888158679,-0.000921820814256,-0.000609287817497,0.000662908947561,-0.000547626637854,0.00027907139156,-0.000405087106628,-0.000116913484817,0.000960280187428,-0.000210839833017],[0.00031098278123,-0.00048209016677,-0.000499988324009,-0.000921820814256,0.00612150179222,-0.00123204174452,-0.00163615471683,0.000561900553294,-0.00123593234457,0.00273046945222,-0.00306827342138,0.00181088794488,0.000614638323896],[-0.000236451858655,0.0000190275750356,-0.0000580002852075,-0.000609287817497,-0.00123204174452,0.00770914368331,-0.00178643793333,-0.00207095011137,0.00307928910479,-0.00322869955562,0.00321897910908,-0.00268308026716,0.0011120242998],[0.000234135295614,-0.000470274331747,-0.0000736151851015,0.000662908947561,-0.00163615471683,-0.00178643793333,0.0120109114796,-0.00166537321638,-0.00330855022185,0.00325143989176,-0.00299783004448,0.00335183157586,-0.00366403209046],[-0.00017031878815,0.000553578312974,0.00000648946888759,-0.000547626637854,0.000561900553294,-0.00207095011137,-0.00166537321638,0.0119982967153,-0.00505625177175,-0.00291314022616,0.00436535105109,-0.00359268975444,0.00275169685483],[0.000055785443692,-0.000609661801718,-0.000115289236419,0.00027907139156,-0.00123593234457,0.00307928910479,-0.00330855022185,-0.00505625177175,0.0182497594506,-0.00767556717619,-0.00330996210687,0.00528573524207,-0.0042801820673],[0.0000774849031586,0.000213392879232,-0.00036194382119,-0.000405087106628,0.00273046945222,-0.00322869955562,0.00325143989176,-0.00291314022616,-0.00767556717619,0.0214724503458,-0.00862234365195,-0.00327098160051,0.00278989644721],[-0.000103950675111,-0.000143008757732,0.00129360472783,-0.000116913484817,-0.00306827342138,0.00321897910908,-0.00299783004448,0.00436535105109,-0.00330996210687,-0.00862234365195,0.0235339682549,-0.00832414533943,-0.00199132948183],[-0.000181111216079,0.000548372801859,-0.000945398642216,0.000960280187428,0.00181088794488,-0.00268308026716,0.00335183157586,-0.00359268975444,0.00528573524207,-0.00327098160051,-0.00832414533943,0.0238393228501,-0.0105506973341],[0.0000883491957211,-0.000324842170812,0.000321704661474,-0.000210839833017,0.000614638323896,0.0011120242998,-0.00366403209046,0.00275169685483,-0.0042801820673,0.00278989644721,-0.00199132948183,-0.0105506973341,0.024025933817]],"mean":[-672.852355957,147.552383423,-7.58520746231,34.161190033,-5.63856220245,34.3765411377,0.490354120731,17.0918216705,2.91177988052,9.44159221649,0.762895405293,5.85618019104,-2.01600050926]},"pitch_salience":{"dmean":0.0703987553716,"dmean2":0.112489938736,"dvar":0.00487974612042,"dvar2":0.0122911855578,"max":0.871078312397,"mean":0.472012847662,"median":0.480335742235,"min":0.0838061049581,"var":0.0181291457266},"silence_rate_20dB":{"dmean":0.000165207340615,"dmean2":0.000330441980623,"dvar":0.000165176490555,"dvar2":0.000495539570693,"max":1,"mean":0.999917387962,"median":1,"min":0,"var":0.0000825891329441},"silence_rate_30dB":{"dmean":0.050553444773,"dmean2":0.101115241647,"dvar":0.0479995831847,"dvar2":0.103789709508,"max":1,"mean":0.946890234947,"median":1,"min":0,"var":0.0502847023308},"silence_rate_60dB":{"dmean":0.00792995188385,"dmean2":0.0158612150699,"dvar":0.00786526314914,"dvar2":0.0190734434873,"max":1,"mean":0.0567440316081,"median":0,"min":0,"var":0.0535256452858},"spectral_centroid":{"dmean":232.358398438,"dmean2":317.517456055,"dvar":105384.992188,"dvar2":167370.15625,"max":11223.8759766,"mean":1321.37402344,"median":1071.78503418,"min":103.522544861,"var":800613.0625},"spectral_complexity":{"dmean":3.39451503754,"dmean2":5.07922363281,"dvar":15.006029129,"dvar2":27.7860984802,"max":63,"mean":21.4223175049,"median":19,"min":0,"var":212.297012329},"spectral_contrast_coeffs":{"dmean":[0.0479990541935,0.0466871000826,0.0366342663765,0.0285234339535,0.0221854429692,0.0439616665244],"dmean2":[0.0784204304218,0.0777225345373,0.0609472244978,0.0474716871977,0.0368978343904,0.0664719566703],"dvar":[0.00167451845482,0.00144565664232,0.000859782914631,0.000512889702804,0.000384550425224,0.00164219317958],"dvar2":[0.00437909085304,0.00385952414945,0.00236073532142,0.00138189201243,0.00100979325362,0.0033961806912],"max":[-0.316497832537,-0.43394318223,-0.512997806072,-0.568731486797,-0.640086174011,-0.355690479279],"mean":[-0.715265274048,-0.784223794937,-0.801039218903,-0.809760808945,-0.829897046089,-0.686849892139],"median":[-0.727429389954,-0.791825413704,-0.802413225174,-0.810018360615,-0.823985815048,-0.674094498158],"min":[-0.970161795616,-0.976626455784,-0.967858195305,-0.986488342285,-0.974388837814,-0.961112380028],"var":[0.00728753209114,0.00445122690871,0.00336923659779,0.00242924573831,0.00190902373288,0.0126828150824]},"spectral_contrast_valleys":{"dmean":[0.353876888752,0.383785605431,0.327740728855,0.294718682766,0.332827419043,0.58575719595],"dmean2":[0.567132294178,0.625416517258,0.520417928696,0.467038065195,0.484516471624,0.950725018978],"dvar":[0.14219519496,0.14664915204,0.126913160086,0.123400084674,0.178416162729,0.265803307295],"dvar2":[0.286882966757,0.306782901287,0.250452101231,0.242070987821,0.360804885626,0.699844777584],"max":[-4.79931974411,-4.49511194229,-5.14656019211,-5.40896558762,-5.40352916718,-8.76623535156],"mean":[-6.72961139679,-6.81398677826,-7.08027458191,-7.51692152023,-7.77741098404,-11.2327022552],"median":[-6.44160652161,-6.55913829803,-6.75444936752,-7.15252304077,-7.48891448975,-11.0286092758],"min":[-27.5712146759,-27.5067329407,-27.3976459503,-27.6083240509,-27.4074611664,-27.3310317993],"var":[1.51681411266,1.5255395174,1.69825780392,1.89487814903,2.24632310867,1.41732311249]},"spectral_decrease":{"dmean":4.22887946883e-9,"dmean2":6.76879619022e-9,"dvar":9.4338764339e-17,"dvar2":2.44157776442e-16,"max":5.77826710268e-29,"mean":-1.19238743324e-8,"median":-1.02002637448e-8,"min":-1.75100197453e-7,"var":1.12120546853e-16},"spectral_energy":{"dmean":0.0161792915314,"dmean2":0.0258591789752,"dvar":0.00134993705433,"dvar2":0.00349453929812,"max":0.66406172514,"mean":0.0479775741696,"median":0.0411722287536,"min":1.0430940587e-20,"var":0.00167842698283},"spectral_energyband_high":{"dmean":0.000568031799048,"dmean2":0.000697441049851,"dvar":0.0000011480460671,"dvar2":0.00000184829980299,"max":0.0200934391469,"mean":0.00172244606074,"median":0.000370866648154,"min":7.46406910413e-21,"var":0.00000772208022681},"spectral_energyband_low":{"dmean":0.0133983008564,"dmean2":0.0219076182693,"dvar":0.00115800881758,"dvar2":0.00310115911998,"max":0.547216296196,"mean":0.0300829559565,"median":0.0254343599081,"min":2.54133686319e-23,"var":0.00111795507837},"spectral_energyband_middle_high":{"dmean":0.00196693860926,"dmean2":0.00305149215274,"dvar":0.00000956388521445,"dvar2":0.0000233798618865,"max":0.0667123198509,"mean":0.00627646362409,"median":0.00424468517303,"min":1.52833321078e-21,"var":0.0000430166146543},"spectral_energyband_middle_low":{"dmean":0.00390535220504,"dmean2":0.00614435179159,"dvar":0.0000359187688446,"dvar2":0.0000880413863342,"max":0.110970824957,"mean":0.00982957426459,"median":0.00657361513004,"min":2.62843127231e-22,"var":0.00010754133109},"spectral_entropy":{"dmean":0.187944471836,"dmean2":0.268646299839,"dvar":0.0551731660962,"dvar2":0.121477298439,"max":9.81004428864,"mean":7.52394771576,"median":7.67532634735,"min":4.52878284454,"var":0.321539700031},"spectral_flux":{"dmean":0.0275465492159,"dmean2":0.0443568266928,"dvar":0.00199565803632,"dvar2":0.00439993245527,"max":0.615491807461,"mean":0.0947979390621,"median":0.0882980301976,"min":6.87058396287e-11,"var":0.00473807752132},"spectral_kurtosis":{"dmean":3.20036864281,"dmean2":5.11389112473,"dvar":34.804725647,"dvar2":92.3040237427,"max":147.416488647,"mean":10.4511585236,"median":8.03108978271,"min":-1.18816661835,"var":62.763469696},"spectral_rms":{"dmean":0.000972357869614,"dmean2":0.00149556272663,"dvar":0.00000260452111434,"dvar2":0.00000612051371718,"max":0.0254531949759,"mean":0.00629224535078,"median":0.0063378252089,"min":3.19006691722e-12,"var":0.00000721478500054},"spectral_rolloff":{"dmean":503.109710693,"dmean2":801.04510498,"dvar":1819202.75,"dvar2":3791451.25,"max":19229.1503906,"mean":1344.44494629,"median":710.595703125,"min":21.533203125,"var":6181644},"spectral_skewness":{"dmean":0.328589498997,"dmean2":0.487520933151,"dvar":0.195033311844,"dvar2":0.47609475255,"max":9.53607654572,"mean":2.05992269516,"median":1.79201185703,"min":-0.023757301271,"var":0.821751713753},"spectral_spread":{"dmean":519505,"dmean2":777084.8125,"dvar":609714896896,"dvar2":1067113447420,"max":40788692,"mean":3854506.5,"median":3892075.5,"min":850693.9375,"var":1635918151680},"spectral_strongpeak":{"dmean":0.282647818327,"dmean2":0.497707605362,"dvar":0.639730036259,"dvar2":1.76174616814,"max":25.382062912,"mean":0.44479444623,"median":0.26090952754,"min":0,"var":0.608725965023},"zerocrossingrate":{"dmean":0.0142289660871,"dmean2":0.0154056465253,"dvar":0.00035790464608,"dvar2":0.000418201118009,"max":0.60009765625,"mean":0.0657857656479,"median":0.04443359375,"min":0.001953125,"var":0.00396569585428}},"metadata":{"audio_properties":{"analysis_sample_rate":44100,"bit_rate":320000,"codec":"mp3","downmix":"mix","equal_loudness":0,"length":281.08895874,"lossless":false,"md5_encoded":"b6a52d7743fff7501f7c9a4a8c076355","replay_gain":-9.53026771545,"sample_rate":48000},"tags":{"acoustid_fingerprint":["AQADtEtSJUmUUIGtvTitIB-SpcKdDH_RRAfFSyiV4DdOVAiTfCH0IGT5oN6F10Ft-Bl65Li4GJqiHlQV4kf-4PpxO_jx48KXfAj1HXKSG7G2p6hFGzyFpj6eC7ssJA_CONxQT0nw9KiEZokk441xYvqR5oGm9Mip4_nxPKh1HM2Rb7iE99AW6XhxHC9wHRDRW8Kv4-ky3MOlZCW0vmh2BT-IXsidI4uOcNeC6yN-fDh-5MN9QsxW_PiF44cf1IKmB4c1He_AB4epI8dP4EjxQFMmCT8eodmOHjwe6CIe9MqR7lOEs4d5FRd-HKlcEerxHb5wwccDj6gP9ehxfC9ynAfo9HiEHzmE_IOZT0V_3GgPT9NR5GiiBZ2WHVIkH80z4skxE20XeDzyUPB5lKmOvRGFMxpqEeZx6ogdqZACNtFi6IqOmw1SXTlxX8SZOSFaMNmx5whTlYHm3Ah1Hdbxo_pxn8eneDhzBn2M5j5-BPoQKzye42x69GGG7cHwv3iO_sITnPnwHX2OOykuG3Xy4VmKH1OCzspxPQueoBR-PM-QHz40Hw8Ov4gl5ZimHx6j6Ejjoz4eJii7Qws__Byu47qIPoeXHLsn4UnwgzueSCYqGj9-C80RWgluo-JBqSFZlDye5KjEHL-OU53hY1eO5FKEtEmOo3_QH37RtXiSEzWa63gZ5NGRVCnx4ZJRR9FxPHjQfMQpNXiW4z5xHttxMQef4UtEobGO_rhJdJYOb4ILnEjVQ4VxGvXRQ0sVvEeFwz8O48WP48BxDsBxHCce4EdevDh80Bm84Qdy6Ce8I7QyCwfzSvAYDryOXltwHleiHKESw64KzWKGkh-ecSnSJxdS_JUhbmwDpvFwZsULRT4cKT3CR7h_3EMzVULF5AzeBD3GIyvDY18r_BCr48yPI1yTBP_w4xee5JLxDz38HP2JH_EzIUmn5bgioRR_-FmCH4edHFsonkR_Ib6h_fAUmJGO78EPXUeu42mLJ4eTo_Ix_3iOZI2SId1Ro39x_OjR9cEvB_4jlEvRMOKRjEweIT-aG1Uj5fh2lDz848sL70Ru-IMjFteyg-uFN8Tbof_wGheyxEOtkMJv3FeGLtphJieuHz9-5NKRXAqa6_hR62ieJ_jxDxXFHHUSPMg96HIR5xL-FHuO3sUPfzFRdoh_PEqCyyNxRFtVHX9wKTmegIntod7xHIz-EPWDr9LxcEKfNuB8pN0hSUcuJcT5Y9PQn-hzTNFffEcvoulxJM-NPKeMp3tQUWDScDgaMHdQ8wiTBmOSuCj1I8zDY95kPDyaE3UaI7fAOWnR9UGYSG6OVrhUH7yHH_1x9kieqAhhfE9gHZ_w60IdHTyPXEjUxhIefah0bBVjPNpxwd-KC80_EVd0PFGm1Ij37vg-eLrxYudx6cjk5Mhf4Al6pP2E4zqsw_iRHbfgBz4OmIfgHudxXLgQHTlh_9CPHT5yH0djzfg-_N