{"lowlevel":{"average_loudness":0.630463659763,"barkbands":{"dmean":[0.00293106399477,0.00542105408385,0.00145121710375,0.000975162780378,0.0021732840687,0.00183180347085,0.00106855679769,0.000464772660052,0.000876970938407,0.000612428470049,0.000385029386962,0.000176130473847,0.00010463345825,0.0000594046432525,0.0000615336321061,0.0000474539410789,0.0000577891514695,0.0000598166479904,0.0000505703319504,0.0000377916003345,0.0000346034794347,0.0000219171197386,0.00000993956746242,0.00000381244285563,0.00000204254160963,0.00000600550220042,0.000070584959758],"dmean2":[0.00499694561586,0.00903792586178,0.00235699117184,0.00168198265601,0.00347499432974,0.00281997863203,0.00167281751055,0.000744627905078,0.00138623395469,0.000956968404353,0.000599513412453,0.00029046041891,0.000171138279256,0.0000958443561103,0.0000987745297607,0.0000754614666221,0.0000903799082153,0.0000925300191739,0.0000765921358834,0.0000564401816519,0.000051043840358,0.00003258763536,0.0000146501206473,0.00000598995848122,0.00000342391422237,0.00000916180215427,0.0000950755929807],"dvar":[0.0000641563310637,0.000141597367474,0.00000749380114939,0.00000456362295154,0.000022200121748,0.0000296667549264,0.0000116988703667,0.00000112409941266,0.00000490949469167,0.00000288239175461,0.00000156077248903,1.55189027851e-7,4.46116885655e-8,2.34073116445e-8,2.02970937835e-8,1.61904534224e-8,2.30273258239e-8,7.10532361836e-8,6.16750028826e-8,4.09928553324e-8,1.95228224698e-8,6.51305853694e-9,1.04123565325e-9,1.04006782353e-10,2.2148279738e-11,4.12300832364e-10,2.29107524063e-8],"dvar2":[0.000170093844645,0.000394553906517,0.0000195383399841,0.000013276536265,0.0000538124586456,0.0000711664251867,0.0000286166850856,0.00000280553922494,0.000012431714822,0.00000682557129039,0.00000368938071915,4.2507522835e-7,1.16390630467e-7,5.56983792421e-8,5.09930337955e-8,4.11166176661e-8,5.60474333611e-8,1.63666484809e-7,1.56130369078e-7,8.72400534035e-8,4.07013160952e-8,1.3134459742e-8,2.17260920365e-9,2.2641952202e-10,5.53907128498e-11,1.03246278194e-9,4.15470893245e-8],"max":[0.120108909905,0.228464186192,0.050118625164,0.04183665663,0.123600259423,0.169800430536,0.12153699249,0.0245560482144,0.0564579740167,0.0406055636704,0.0305946320295,0.00869778450578,0.00454329419881,0.00510756764561,0.00430731195956,0.00299469288439,0.00435102544725,0.0143140908331,0.0106324618682,0.0094365729019,0.00429086433724,0.00255702389404,0.000854746962432,0.000240739929723,0.0000761832634453,0.000627407222055,0.00334609323181],"mean":[0.00463137961924,0.00889899581671,0.00227892468683,0.00143316260073,0.00385240884498,0.00301962951198,0.00195074744988,0.000748413440306,0.00150670716539,0.00090282043675,0.000672617985401,0.000302146770991,0.000187390323845,0.000125062186271,0.000108890766569,0.0000822332149255,0.000106418832729,0.000109706823423,0.0000866883128765,0.0000676805429976,0.000060482754634,0.0000389769156754,0.0000163485947269,0.00000470964369015,0.00000205634796657,0.00000861623084347,0.000186458448297],"median":[0.0014867594,0.00382065563463,0.000915648241062,0.000425345904659,0.0012573141139,0.000760087394156,0.000546943279915,0.000262482732069,0.00028242636472,0.000168043392478,0.000100012854091,0.000111949964776,0.0000604030938121,0.0000389923334296,0.0000367089451174,0.0000220753936446,0.00002379003854,0.0000159379269462,0.00000875402292877,0.00000769256439526,0.00000604037722951,0.00000496599523103,0.00000305706362269,0.00000108432686829,5.25400366769e-7,0.000002189460929,0.0000759979302529],"min":[1.38021864991e-23,6.94884931101e-24,4.53922303114e-23,2.51754592269e-23,1.0977624274e-22,1.57478409243e-23,3.29168747228e-23,1.1544660017e-22,3.79710749881e-23,1.53359381493e-22,5.78102893548e-23,5.03619246411e-23,1.10418627952e-22,7.0513348066e-23,3.22993607171e-22,3.03498695879e-22,1.92283394144e-22,1.61566993273e-22,2.41412237682e-22,3.20539959455e-22,3.89189614166e-22,5.30147597358e-22,6.72358847025e-22,9.50068834254e-22,1.30482339511e-21,1.3937932737e-21,2.45302935007e-21],"var":[0.0000722785771359,0.000187648169231,0.0000130201815409,0.00000687129568178,0.0000481497481815,0.0000627614281257,0.0000260970646195,0.0000020879197109,0.0000115257407742,0.00000521881202076,0.00000435930360254,3.09687351319e-7,9.83918297948e-8,1.00673489101e-7,4.57023254796e-8,3.36400027834e-8,6.10603265727e-8,1.80071879186e-7,1.60388864856e-7,1.11475856102e-7,5.21313552326e-8,1.81696719892e-8,2.59884425091e-9,1.69680255957e-10,2.28892599319e-11,5.1608489704e-10,8.45142267281e-8]},"barkbands_crest":{"dmean":2.51755261421,"dmean2":4.12293767929,"dvar":4.65332555771,"dvar2":12.2479219437,"max":25.3810214996,"mean":10.4795017242,"median":9.93204116821,"min":2.51649665833,"var":13.1150074005},"barkbands_flatness_db":{"dmean":0.0283504500985,"dmean2":0.0442107655108,"dvar":0.000635671953205,"dvar2":0.0015679517528,"max":0.521715521812,"mean":0.182294666767,"median":0.17738071084,"min":0.0401121899486,"var":0.00305357459001},"barkbands_kurtosis":{"dmean":6.98256444931,"dmean2":11.1817970276,"dvar":114.698493958,"dvar2":292.785308838,"max":266.144958496,"mean":16.009103775,"median":9.99776649475,"min":-1.95116734505,"var":395.088012695},"barkbands_skewness":{"dmean":0.721823275089,"dmean2":1.13158023357,"dvar":0.526222705841,"dvar2":1.30064868927,"max":10.9659395218,"mean":2.63844370842,"median":2.43396949768,"min":-3.2134988308,"var":2.39378404617},"barkbands_spread":{"dmean":4.31634521484,"dmean2":6.65219211578,"dvar":48.4176101685,"dvar2":105.874717712,"max":135.028549194,"mean":14.998714447,"median":11.0833129883,"min":0.348855644464,"var":229.718139648},"dissonance":{"dmean":0.0313941650093,"dmean2":0.0528306700289,"dvar":0.000977901625447,"dvar2":0.00269897677936,"max":0.500000059605,"mean":0.44147503376,"median":0.45350509882,"min":0.133049234748,"var":0.00213120202534},"dynamic_complexity":6.66444015503,"erbbands":{"dmean":[0.282664775848,0.821194946766,1.5578981638,2.53858447075,4.94285821915,7.69855308533,13.0706911087,15.2249803543,14.0979375839,16.5325298309,9.62324810028,20.8552722931,19.215839386,16.7776908875,12.3655099869,7.27528858185,4.90279626846,2.46531271935,3.30577683449,2.64934396744,2.62529325485,3.02752017975,3.40663766861,2.56032013893,2.36861371994,1.71680998802,1.4097867012,1.35533499718,0.856708467007,0.462660312653,0.257702618837,0.118628419936,0.0450499020517,0.024153791368,0.0139293186367,0.0099703092128,0.0120337167755,0.0121651738882,0.0052756103687,0.00211004819721],"dmean2":[0.472147315741,1.3554071188,2.54451084137,4.23433303833,8.46522140503,12.1424789429,20.5815563202,23.4874210358,22.0716590881,26.0938243866,15.4424123764,33.3063964844,30.5115451813,25.5203933716,19.1184272766,12.009557724,8.0029964447,4.00733041763,5.3181347847,4.20647954941,4.09038591385,4.66797733307,5.24347543716,3.87006163597,3.51105070114,2.54221248627,2.02663373947,2.02768611908,1.26507282257,0.688390135765,0.381706029177,0.179706662893,0.0734080150723,0.0404152907431,0.0232748109847,0.0164517387748,0.01803281717,0.0179803799838,0.00717104738578,0.00287811481394],"dvar":[0.469475179911,2.78813934326,9.01074314117,28.4792404175,123.091026306,351.40133667,1758.65197754,2234.30932617,1959.95471191,2443.81689453,461.856842041,2971.58105469,2935.17822266,2927.82983398,1439.95703125,279.385650635,96.8369598389,22.7616920471,68.9999160767,36.8338813782,47.7858390808,71.2744369507,241.555099487,123.078910828,154.597946167,80.5867004395,36.1340408325,29.4359760284,10.7527065277,2.67704391479,0.63377404213,0.113130450249,0.0132839912549,0.00333096296526,0.00101230910514,0.000607819762081,0.00137358054053,0.00209242524579,0.00020928432059,0.0000153511609824],"dvar2":[1.30628275871,7.72886133194,23.8690338135,76.4676895142,344.036346436,832.179260254,4233.8828125,5083.16943359,5032.49902344,5304.60400391,1144.74682617,7547.421875,7190.27392578,6371.46972656,3195.90625,764.685302734,251.545028687,55.6340179443,167.833282471,93.3244934082,118.076858521,164.040557861,562.08215332,298.850921631,377.204772949,166.864746094,72.4259338379,64.2205123901,22.2947769165,5.36931228638,1.3072180748,0.226594939828,0.0321042612195,0.00831276830286,0.00254674837925,0.00151226192247,0.00316229090095,0.00504472246394,0.000425775797339,0.0000267823288596],"max":[14.2038869858,32.1250305176,53.1588249207,97.0947494507,188.049377441,617.382263184,1088.39599609,1843.3527832,1532.57543945,1689.48876953,695.078552246,1538.99353027,1117.19494629,1498.8548584,1071.53771973,326.077301025,191.029296875,117.85105896,298.429748535,139.051040649,174.778030396,339.005218506,828.228027344,364.249542236,617.856079102,472.964904785,238.935684204,149.083969116,111.327651978,47.4811286926,23.2794513702,8.8462305069,2.8547680378,1.11535692215,0.537755429745,0.46129322052,0.921966195107,1.23505973816,0.374682366848,0.10041244328],"mean":[0.459568440914,1.23780405521,2.49534726143,4.39971780777,7.7666759491,13.0266466141,19.4609909058,26.0596733093,25.0091609955,29.904088974,18.2710819244,35.6060752869,29.5747871399,29.1678638458,23.0943241119,13.4736042023,9.47614860535,5.43519496918,6.74494600296,4.89824962616,4.96054029465,5.94142007828,6.52796030045,4.55932998657,4.18183946609,3.20035862923,2.52046918869,2.30002689362,1.50341033936,0.821373939514,0.41648298502,0.167849436402,0.048106752336,0.024152783677,0.0143656628206,0.0108342217281,0.017670372501,0.0210345163941,0.0118956910446,0.00814105104655],"median":[0.150867164135,0.605066895485,1.15661048889,1.57984983921,2.9337208271,3.72768592834,4.38904857635,6.69340515137,8.38613319397,6.76734256744,6.38407325745,6.69668483734,6.24390506744,5.77677202225,4.9187040329,4.54911279678,3.17044687271,2.2726984024,2.01255631447,1.74543786049,1.35980761051,1.31082987785,1.04206800461,0.534900426865,0.413540750742,0.371669471264,0.278990983963,0.218395501375,0.180872738361,0.136685699224,0.0799578726292,0.033957503736,0.0141956489533,0.00612991536036,0.00396032491699,0.00322943786159,0.0043320544064,0.00455388333648,0.00335019733757,0.00489799212664],"min":[4.02316865474e-22,1.41323726875e-21,2.81506202999e-20,1.14454409344e-19,1.46718266019e-19,3.97434228142e-19,3.72498144794e-19,1.57681808331e-19,4.5426556873e-19,1.45586569204e-18,1.82395020788e-18,9.61343827838e-19,1.73726416123e-18,6.49239587132e-18,2.28789430677e-18,1.80955767881e-18,4.16549131328e-18,4.49585401504e-18,1.62041058948e-17,1.2411321486e-17,1.66329196331e-17,1.17149661048e-17,8.56576957162e-18,1.09515032148e-17,1.17936773032e-17,1.83174928029e-17,1.5562326236e-17,1.83358396689e-17,1.89713840402e-17,1.9886760304e-17,1.54729328272e-17,1.70901701864e-17,1.78051238966e-17,1.19356628553e-17,1.10814590793e-17,5.22031823426e-18,2.60860980784e-18,1.21814970043e-18,3.33871731169e-19,3.7116980259e-20],"var":[0.604556083679,3.5295958519,14.9482088089,56.5255775452,226.481170654,693.513366699,2780.03295898,5711.31396484,3124.11572266,8460.16699219,1065.81726074,6835.7421875,5062.25292969,6585.73046875,4207.08740234,597.601867676,234.029190063,82.3751983643,220.779693604,80.1032180786,116.401039124,208.640594482,572.578613281,343.951141357,438.764343262,239.298324585,100.973007202,71.4812393188,28.5752754211,7.83471488953,1.54256558418,0.234104782343,0.0148485312238,0.00336346658878,0.00105731841177,0.000626043940429,0.00210320972838,0.00338312564418,0.000638400670141,0.0000894526529009]},"erbbands_crest":{"dmean":2.63028645515,"dmean2":4.21296215057,"dvar":6.12393474579,"dvar2":14.838300705,"max":32.1010322571,"mean":10.2104377747,"median":8.78986263275,"min":2.41739153862,"var":26.2898693085},"erbbands_flatness_db":{"dmean":0.0245845969766,"dmean2":0.03767227754,"dvar":0.00046689886949,"dvar2":0.00114049413241,"max":0.44629958272,"mean":0.16398870945,"median":0.157723933458,"min":0.030820582062,"var":0.00255130464211},"erbbands_kurtosis":{"dmean":2.24368476868,"dmean2":3.4865219593,"dvar":32.1775131226,"dvar2":68.6841964722,"max":251.616912842,"mean":4.29927587509,"median":1.17709589005,"min":-1.92264604568,"var":145.778823853},"erbbands_skewness":{"dmean":0.411287665367,"dmean2":0.636085510254,"dvar":0.186771005392,"dvar2":0.427142351866,"max":10.6983385086,"mean":0.828368663788,"median":0.656408667564,"min":-5.00704479218,"var":1.65005624294},"erbbands_spread":{"dmean":5.46021270752,"dmean2":8.4300031662,"dvar":37.4772071838,"dvar2":80.1973342896,"max":158.062957764,"mean":23.8602867126,"median":21.6732177734,"min":0.812975943089,"var":219.499847412},"gfcc":{"cov":[[26109.0234375,2157.64746094,-1965.70300293,268.897705078,1187.76965332,-197.442443848,1495.44091797,-405.162872314,442.589935303,-616.537231445,-252.767959595,325.070373535,-108.944114685],[2157.64746094,1215.23010254,50.9829216003,-387.472717285,109.561058044,-18.4727897644,95.2169647217,-105.602600098,36.6361427307,-85.3401412964,47.3287506104,-71.0773239136,38.553401947],[-1965.70300293,50.9829216003,467.614074707,-85.5656890869,-167.571243286,86.5481185913,-211.87979126,90.1540985107,-84.856010437,63.9148597717,20.7229919434,-86.7828369141,29.6616268158],[268.897705078,-387.472717285,-85.5656890869,397.669464111,134.655838013,-8.4209394455,106.224357605,-2.94859313965,41.5740509033,4.32859516144,-37.6426963806,63.9092826843,-43.1118392944],[1187.76965332,109.561058044,-167.571243286,134.655838013,356.067657471,82.5815505981,212.382598877,-64.3363723755,68.4755325317,-28.2314872742,8.66377258301,23.5628147125,-12.3552246094],[-197.442443848,-18.4727897644,86.5481185913,-8.4209394455,82.5815505981,290.961456299,-5.03399324417,68.9430541992,-39.8183631897,25.3135643005,13.8162031174,2.03295636177,17.9269924164],[1495.44091797,95.2169647217,-211.87979126,106.224357605,212.382598877,-5.03399324417,309.400543213,-36.1962661743,111.106559753,-45.8893852234,-22.468421936,36.8101272583,-25.9139938354],[-405.162872314,-105.602600098,90.1540985107,-2.94859313965,-64.3363723755,68.9430541992,-36.1962661743,154.928131104,-5.92807865143,44.2061920166,3.99617481232,-32.1013450623,22.1646785736],[442.589935303,36.6361427307,-84.856010437,41.5740509033,68.4755325317,-39.8183631897,111.106559753,-5.92807865143,123.163986206,17.7918834686,6.04583358765,25.0877895355,-27.8978061676],[-616.537231445,-85.3401412964,63.9148597717,4.32859516144,-28.2314872742,25.3135643005,-45.8893852234,44.2061920166,17.7918834686,99.0665054321,48.3120193481,-10.9721984863,4.57840108871],[-252.767959595,47.3287506104,20.7229919434,-37.6426963806,8.66377258301,13.8162031174,-22.468421936,3.99617481232,6.04583358765,48.3120193481,74.6501617432,18.0097961426,15.4385147095],[325.070373535,-71.0773239136,-86.7828369141,63.9092826843,23.5628147125,2.03295636177,36.8101272583,-32.1013450623,25.0877895355,-10.9721984863,18.0097961426,109.893814087,13.6407375336],[-108.944114685,38.553401947,29.6616268158,-43.1118392944,-12.3552246094,17.9269924164,-25.9139938354,22.1646785736,-27.8978061676,4.57840108871,15.4385147095,13.6407375336,74.329864502]],"icov":[[0.000101528319647,-0.000332255032845,0.000421207980253,-0.000208906203625,0.00000823536265671,-0.00000607721949564,-0.0000991062697722,-0.000269515701802,0.000247247313382,-0.000116279130452,0.0004052244185,-0.000260648637777,0.000144168458064],[-0.000332255032845,0.00326554779895,-0.00243675429374,0.00275015644729,-0.000910909846425,0.000210907644941,-0.000459059141576,0.00195622141473,-0.00229726731777,0.00314740696922,-0.00338566256687,0.00204108981416,-0.00128635379951],[0.000421207980253,-0.00243675429374,0.00674986187369,-0.00325049925596,0.00267293490469,-0.00231417245232,0.00179991265759,-0.000952223490458,0.000295128760627,-0.000872019154485,0.00025020292378,0.00294222147204,-0.00121115520597],[-0.000208906203625,0.00275015644729,-0.00325049925596,0.00875873118639,-0.00573344761506,0.0034864062909,-0.00121888297144,-0.0018444416346,0.00261123408563,-0.00350395403802,0.00538387615234,-0.00658691162243,0.00426223222166],[0.00000823536265671,-0.000910909846425,0.00267293490469,-0.00573344761506,0.0113017233089,-0.00599029334262,-0.00288940244354,0.00566428666934,-0.00451009813696,0.00458091311157,-0.00800464767963,0.00858190096915,-0.00516785122454],[-0.00000607721949564,0.000210907644941,-0.00231417245232,0.0034864062909,-0.00599029334262,0.00797648634762,-0.00053591345204,-0.00525020528585,0.00615114765242,-0.00467544607818,0.0049703749828,-0.0071196150966,0.00415742769837],[-0.0000991062697722,-0.000459059141576,0.00179991265759,-0.00121888297144,-0.00288940244354,-0.00053591345204,0.00998973473907,-0.00119560409803,-0.00632424559444,0.00327478675172,0.000691854802426,0.000806124473456,-0.000711105414666],[-0.000269515701802,0.00195622141473,-0.000952223490458,-0.0018444416346,0.00566428666934,-0.00525020528585,-0.00119560409803,0.0145171247423,-0.0063486197032,0.00142140197568,-0.00465412298217,0.00923348870128,-0.00783560425043],[0.000247247313382,-0.00229726731777,0.000295128760627,0.00261123408563,-0.00451009813696,0.00615114765242,-0.00632424559444,-0.0063486197032,0.0235408507288,-0.0143755190074,0.00950859952718,-0.0120394788682,0.0103611405939],[-0.000116279130452,0.00314740696922,-0.000872019154485,-0.00350395403802,0.00458091311157,-0.00467544607818,0.00327478675172,0.00142140197568,-0.0143755190074,0.0325153134763,-0.0246222075075,0.0134130856022,-0.00562603538856],[0.0004052244185,-0.00338566256687,0.00025020292378,0.00538387615234,-0.00800464767963,0.0049703749828,0.000691854802426,-0.00465412298217,0.00950859952718,-0.0246222075075,0.0384920500219,-0.0178262051195,0.00483449874446],[-0.000260648637777,0.00204108981416,0.00294222147204,-0.00658691162243,0.00858190096915,-0.0071196150966,0.000806124473456,0.00923348870128,-0.0120394788682,0.0134130856022,-0.0178262051195,0.0265981238335,-0.0122875012457],[0.000144168458064,-0.00128635379951,-0.00121115520597,0.00426223222166,-0.00516785122454,0.00415742769837,-0.000711105414666,-0.00783560425043,0.0103611405939,-0.00562603538856,0.00483449874446,-0.0122875012457,0.0230005457997]],"mean":[-82.8622360229,114.99772644,-67.2222747803,-7.37617063522,-28.3087482452,-15.0457382202,-5.5437707901,-13.500043869,-0.435817778111,-7.31269645691,-3.03349208832,0.780687391758,-4.83107376099]},"hfc":{"dmean":27.0657157898,"dmean2":41.7775802612,"dvar":1868.18566895,"dvar2":4285.77880859,"max":822.337158203,"mean":108.293434143,"median":69.9058532715,"min":1.20479160621e-16,"var":12644.7607422},"melbands":{"dmean":[0.00200111907907,0.000833676080219,0.000465173681732,0.000425922713475,0.000446451769676,0.000344171567122,0.000214075203985,0.000162698735949,0.0000934259514906,0.000126933329739,0.0000965824656305,0.0000696467322996,0.0000503982009832,0.0000219374178414,0.0000145332860484,0.00000792147966422,0.00000500214991916,0.00000580550749874,0.00000440110898126,0.00000349761762664,0.0000032483992527,0.00000333117986884,0.00000359045293408,0.00000287352122541,0.00000214700025936,0.00000214726651393,0.00000150733490045,0.00000112547400022,9.26620145947e-7,8.41872576984e-7,8.4092164343e-7,5.47472723156e-7,3.47687546309e-7,2.37847444851e-7,1.64309241768e-7,1.08431407853e-7,6.06525460967e-8,3.25160485204e-8,2.53981333742e-8,1.8574812799e-8],"dmean2":[0.00332766002975,0.00136512005702,0.000790753110778,0.000688625732437,0.0007002040511,0.000526295858435,0.000334583455697,0.000256826984696,0.000149511513882,0.000202246883418,0.000153821805725,0.000106473416963,0.0000776015003794,0.0000359944897355,0.0000236598170886,0.0000129655127239,0.00000821962657938,0.0000093608196039,0.0000070631313065,0.0000056407188822,0.00000510095742356,0.00000522065693076,0.00000563921139474,0.00000439538007413,0.00000335424329023,0.00000330540251525,0.00000226590464081,0.00000168972417214,0.00000135300763304,0.00000125274993934,0.0000012860955394,8.21830042241e-7,5.31452997166e-7,3.60120651521e-7,2.48437402206e-7,1.61386793707e-7,9.44296090211e-8,5.35940358759e-8,4.25558042139e-8,3.11913836981e-8],"dvar":[0.0000231606118177,0.00000244769967139,8.95974494597e-7,8.21088747216e-7,0.00000160950423833,0.00000101192608781,4.57341826632e-7,2.15315765217e-7,4.60665816604e-8,1.06605519079e-7,7.47587449723e-8,5.09437185769e-8,2.71187250434e-8,2.46872544629e-9,9.32134258669e-10,2.54031962132e-10,1.08356323913e-10,2.49364223714e-10,9.69314697952e-11,8.73872779694e-11,7.17627970936e-11,7.95745969118e-11,1.81863968329e-10,1.69941546946e-10,9.24048892958e-11,1.56865520573e-10,7.13206924075e-11,3.33953732723e-11,1.56929417378e-11,1.56775720878e-11,1.08953670738e-11,4.58781840643e-12,1.78653944936e-12,7.32683824636e-13,2.97123843541e-13,8.6361575172e-14,3.40786562381e-14,7.74778580458e-15,5.10695095086e-15,1.86120942368e-15],"dvar2":[0.0000638154378976,0.00000660256955598,0.00000252049903793,0.00000199788246391,0.00000385787870982,0.00000233997025134,0.00000115047532745,4.71957520176e-7,1.14018121167e-7,2.72614698815e-7,1.83676093002e-7,1.10724798219e-7,6.03683503186e-8,6.71025368604e-9,2.48945064563e-9,6.67263022613e-10,2.63977339987e-10,6.00529015404e-10,2.41191649986e-10,2.26048929575e-10,1.81707995872e-10,1.90894536289e-10,4.26539747966e-10,4.05851657836e-10,2.35429675755e-10,4.25389223846e-10,1.60163216023e-10,7.07384914533e-11,3.12363225563e-11,3.56466349494e-11,2.47346206017e-11,9.82005709388e-12,3.87869380711e-12,1.55968814253e-12,6.53751033343e-13,1.73292519115e-13,7.17117337734e-14,1.89232225674e-14,1.27486564667e-14,4.67723334903e-15],"max":[0.0993362665176,0.0262026805431,0.0165181923658,0.0297952182591,0.031162571162,0.0375214777887,0.0226169228554,0.0155085539445,0.00541640399024,0.00830145552754,0.00572298560292,0.00665316171944,0.00470603071153,0.00115425861441,0.000716588459909,0.000393396010622,0.000296506710583,0.000546130060684,0.000343213556334,0.000223727925913,0.000203959643841,0.000273597455816,0.000696386327036,0.00066624005558,0.000261369394138,0.000606790825259,0.000341745297192,0.000283177243546,0.000159867078764,0.000123833480757,0.0000918506484595,0.0000725027130102,0.0000438547867816,0.0000237578860833,0.0000164762222994,0.00000877700404089,0.00000449592243967,0.00000277657045444,0.00000146622869579,7.09089647444e-7],"mean":[0.00347042642534,0.00141484872438,0.000833009078633,0.000735997629818,0.000699271040503,0.000595760589931,0.000384951272281,0.000288337527309,0.000165630219271,0.00021732733876,0.000141844066093,0.000115746726806,0.0000903801774257,0.0000389620327041,0.0000274886515399,0.0000148179269672,0.0000101386458482,0.0000116550736493,0.00000772606927057,0.00000587816975894,0.00000570212114326,0.00000596970767219,0.00000661498188492,0.00000499312682223,0.00000349806691702,0.00000338674499289,0.00000258126601693,0.00000197559938897,0.00000159065893968,0.00000138526627325,0.00000134813171826,9.04629303022e-7,6.01666101829e-7,3.94611021193e-7,2.55637786495e-7,1.62090955769e-7,7.49101616293e-8,3.29219531636e-8,2.440802227e-8,1.85338500103e-8],"median":[0.00140748964623,0.000745198689401,0.00034415954724,0.000264510163106,0.000162845943123,0.000157645496074,0.000122028111946,0.0000675697883707,0.0000495539061376,0.0000401955621783,0.000028012374969,0.0000214954998228,0.0000151446965901,0.0000138347631946,0.00000881101277628,0.00000538060839972,0.00000388363878301,0.00000302638136418,0.00000261420564129,0.00000170529642674,0.00000147477157952,0.00000134419997266,0.00000111117242341,6.6030384005e-7,3.68728876765e-7,3.12072359065e-7,2.55251109138e-7,2.38163124777e-7,1.76818645059e-7,1.30216619709e-7,1.16380604709e-7,9.60896926472e-8,8.66765788032e-8,6.7571370721e-8,4.74860755162e-8,3.08424006334e-8,1.3786541686e-8,9.47201161949e-9,5.72798830589e-9,4.66642235963e-9],"min":[3.70503118064e-24,1.15303491336e-23,1.85309737524e-23,1.85977145404e-23,1.62283976328e-23,3.567052703e-24,6.17678562105e-24,2.10020821157e-23,1.38069401749e-23,5.02675263898e-24,8.58966500551e-24,2.70965043473e-23,6.84832713244e-24,6.05034462857e-24,3.50280471543e-24,1.31125414188e-23,6.3265015601e-24,2.49447726324e-23,1.88963788568e-23,1.64446180961e-23,1.95217751607e-23,1.12899690162e-23,1.09929794515e-23,6.34918091669e-24,8.99822237922e-24,1.03120094746e-23,8.36987810213e-24,1.23694147245e-23,8.72367038521e-24,1.01709185462e-23,1.17259961044e-23,1.14415707273e-23,9.17948762688e-24,1.23343940335e-23,8.04087656186e-24,9.75209572557e-24,1.05913064669e-23,1.28121589633e-23,1.17189255441e-23,9.16996607575e-24],"var":[0.0000304664645228,0.0000039933647713,0.00000174882154624,0.00000167778000559,0.00000281641837319,0.00000251949063568,7.80150458013e-7,7.18967271496e-7,1.05275880458e-7,2.44774184921e-7,1.26611780615e-7,1.11242840717e-7,8.21313292931e-8,5.21509813112e-9,2.11722084309e-9,5.61257040843e-10,3.99935168316e-10,8.82739714658e-10,2.1263540928e-10,1.57279786417e-10,1.59367824493e-10,2.02211830613e-10,4.19405510321e-10,4.18622914111e-10,2.12752176987e-10,3.13653131245e-10,1.88367182963e-10,9.01996879965e-11,4.30284245734e-11,3.48599135669e-11,2.31853893723e-11,1.09754878796e-11,4.47285264382e-12,1.88682229563e-12,6.37254626238e-13,1.94986320384e-13,5.98207667755e-14,8.18160558698e-15,4.71293832885e-15,1.90080609638e-15]},"melbands_crest":{"dmean":3.90724563599,"dmean2":6.47869968414,"dvar":11.9706039429,"dvar2":32.7654075623,"max":38.3699684143,"mean":16.9330101013,"median":15.5075502396,"min":2.33666443825,"var":45.7632865906},"melbands_flatness_db":{"dmean":0.0348422043025,"dmean2":0.0540572293103,"dvar":0.000937594973948,"dvar2":0.00228790496476,"max":0.661605060101,"mean":0.301309913397,"median":0.300198972225,"min":0.00830568559468,"var":0.00477898307145},"melbands_kurtosis":{"dmean":7.1960272789,"dmean2":11.6518478394,"dvar":202.660598755,"dvar2":518.759033203,"max":539.453796387,"mean":13.8888339996,"median":7.96072340012,"min":-1.92557644844,"var":498.543792725},"melbands_skewness":{"dmean":0.72423273325,"dmean2":1.14746952057,"dvar":0.556426405907,"dvar2":1.38750350475,"max":16.9913921356,"mean":2.42847132683,"median":2.192486763,"min":-1.3597342968,"var":2.50407648087},"melbands_spread":{"dmean":3.65479946136,"dmean2":5.59214305878,"dvar":55.1090774536,"dvar2":105.985542297,"max":288.608520508,"mean":12.6691226959,"median":8.81718254089,"min":0.128103539348,"var":463.882232666},"mfcc":{"cov":[[15948.0058594,2102.45751953,-1770.04382324,973.28503418,-511.490905762,801.329101562,12.4485807419,1016.25964355,284.659790039,148.88230896,-46.2042312622,44.2325592041,41.6464004517],[2102.45751953,1807.95263672,-3.9240398407,-214.106216431,-6.78552913666,106.852668762,84.8993606567,68.7333831787,45.164932251,11.5084867477,46.7623672485,10.4197654724,8.37724781036],[-1770.04382324,-3.9240398407,606.031066895,-212.272521973,66.4705810547,-183.250610352,-12.8782434464,-166.11857605,-39.0419769287,-20.4387168884,1.16484856606,-18.4283161163,-37.4351959229],[973.28503418,-214.106216431,-212.272521973,427.661621094,-54.412147522,93.0624389648,-46.2084999084,99.230758667,16.486076355,41.00963974,-12.2544841766,8.9340763092,7.8562245369],[-511.490905762,-6.78552913666,66.4705810547,-54.412147522,183.409942627,50.8354034424,75.9265365601,-30.0219039917,8.70753955841,-11.914896965,15.1338376999,11.3331699371,20.8999958038],[801.329101562,106.852668762,-183.250610352,93.0624389648,50.8354034424,244.041564941,61.4551620483,115.294754028,22.6945915222,5.66632795334,9.04379844666,18.7677307129,28.4588508606],[12.4485807419,84.8993606567,-12.8782434464,-46.2084999084,75.9265365601,61.4551620483,151.010406494,23.803068161,45.8633575439,13.598069191,13.0850906372,8.2761554718,8.4770898819],[1016.25964355,68.7333831787,-166.11857605,99.230758667,-30.0219039917,115.294754028,23.803068161,174.965026855,50.087272644,23.0565795898,-5.52054452896,2.89382338524,4.737241745],[284.659790039,45.164932251,-39.0419769287,16.486076355,8.70753955841,22.6945915222,45.8633575439,50.087272644,91.4903945923,43.240032196,16.2373409271,1.73199307919,-2.20274806023],[148.88230896,11.5084867477,-20.4387168884,41.00963974,-11.914896965,5.66632795334,13.598069191,23.0565795898,43.240032196,92.0361785889,38.3420562744,13.5189123154,1.47601568699],[-46.2042312622,46.7623672485,1.16484856606,-12.2544841766,15.1338376999,9.04379844666,13.0850906372,-5.52054452896,16.2373409271,38.3420562744,82.5542602539,35.5164909363,8.78134441376],[44.2325592041,10.4197654724,-18.4283161163,8.9340763092,11.3331699371,18.7677307129,8.2761554718,2.89382338524,1.73199307919,13.5189123154,35.5164909363,64.9373321533,26.1958198547],[41.6464004517,8.37724781036,-37.4351959229,7.8562245369,20.8999958038,28.4588508606,8.4770898819,4.737241745,-2.20274806023,1.47601568699,8.78134441376,26.1958198547,61.0031204224]],"icov":[[0.00017337819736,-0.000209266509046,0.000265139213298,-0.000212724262383,0.000217470020289,-0.0000320351209666,0.0000571506752749,-0.000472351704957,-0.000110912813398,0.0000473916952615,0.000144139281474,-0.000118934221973,0.0000948239830905],[-0.000209266509046,0.000914042524528,-0.000397270894609,0.000713977788109,0.000125717095216,-0.000414683541749,-0.000217450840864,0.000392239628127,-0.0000242321038968,-0.0000135940981636,-0.000521211070009,0.000265396782197,-0.000207736346056],[0.000265139213298,-0.000397270894609,0.00328552606516,0.000379775156034,-0.00110034074169,0.00142619991675,0.000360770296538,0.000307016453007,0.000301097752526,-0.000528917822521,0.000565700232983,-0.000359205063432,0.00157498614863],[-0.000212724262383,0.000713977788109,0.000379775156034,0.00402938434854,-0.0000436841728515,-0.00113300443627,0.00144040829036,-0.000179004011443,0.000187590834685,-0.002016793238,0.00105842028279,-0.000519604014698,0.000244920141995],[0.000217470020289,0.000125717095216,-0.00110034074169,-0.0000436841728515,0.0098094874993,-0.00340089481324,-0.00359762599692,0.00227517355233,-0.0015590172261,0.00206632399932,-0.00121058186051,0.000389303691918,-0.00238550524227],[-0.0000320351209666,-0.000414683541749,0.00142619991675,-0.00113300443627,-0.00340089481324,0.00939509645104,-0.00203594076447,-0.00501832459122,0.00272660166956,0.000659138953779,-0.00103682104964,-0.000172999541974,-0.00113919004798],[0.0000571506752749,-0.000217450840864,0.000360770296538,0.00144040829036,-0.00359762599692,-0.00203594076447,0.0112917665392,-0.000044326618081,-0.00479100737721,-0.000678663549479,0.00102308311034,-0.000904905493371,0.000728150538635],[-0.000472351704957,0.000392239628127,0.000307016453007,-0.000179004011443,0.00227517355233,-0.00501832459122,-0.000044326618081,0.014007806778,-0.00536506483331,-0.000219917332288,0.00173860439099,-0.000202102644835,0.000608183268923],[-0.000110912813398,-0.0000242321038968,0.000301097752526,0.000187590834685,-0.0015590172261,0.00272660166956,-0.00479100737721,-0.00536506483331,0.0198102295399,-0.0073271188885,-0.000916448247153,0.0015991423279,0.000922012142837],[0.0000473916952615,-0.0000135940981636,-0.000528917822521,-0.002016793238,0.00206632399932,0.000659138953779,-0.000678663549479,-0.000219917332288,-0.0073271188885,0.0186616610736,-0.00805353373289,0.000703862402588,-0.000858436163981],[0.000144139281474,-0.000521211070009,0.000565700232983,0.00105842028279,-0.00121058186051,-0.00103682104964,0.00102308311034,0.00173860439099,-0.000916448247153,-0.00805353373289,0.0211206004024,-0.010535848327,0.00245103263296],[-0.000118934221973,0.000265396782197,-0.000359205063432,-0.000519604014698,0.000389303691918,-0.000172999541974,-0.000904905493371,-0.000202102644835,0.0015991423279,0.000703862402588,-0.010535848327,0.0247551873326,-0.00909296888858],[0.0000948239830905,-0.000207736346056,0.00157498614863,0.000244920141995,-0.00238550524227,-0.00113919004798,0.000728150538635,0.000608183268923,0.000922012142837,-0.000858436163981,0.00245103263296,-0.00909296888858,0.0220976043493]],"mean":[-743.987365723,174.732818604,11.4821958542,23.9601230621,-3.73532438278,10.3590145111,-4.02082633972,6.97112131119,-0.832042455673,0.677566468716,1.01346838474,3.83467292786,2.41346383095]},"pitch_salience":{"dmean":0.0699376985431,"dmean2":0.114420816302,"dvar":0.00352244265378,"dvar2":0.00947265792638,"max":0.818299412727,"mean":0.534192919731,"median":0.550787091255,"min":0.0828588828444,"var":0.013574808836},"silence_rate_20dB":{"dmean":0,"dmean2":0,"dvar":0,"dvar2":0,"max":1,"mean":1,"median":1,"min":1,"var":0},"silence_rate_30dB":{"dmean":0.0370174497366,"dmean2":0.0740427300334,"dvar":0.0356493368745,"dvar2":0.0795655399561,"max":1,"mean":0.953362941742,"median":1,"min":0,"var":0.0444632954895},"silence_rate_60dB":{"dmean":0.0158646218479,"dmean2":0.0317326001823,"dvar":0.0156101044267,"dvar2":0.0381299927831,"max":1,"mean":0.150486469269,"median":0,"min":0,"var":0.127839311957},"spectral_centroid":{"dmean":129.204223633,"dmean2":189.028579712,"dvar":52432.6445312,"dvar2":79808.125,"max":11138.8867188,"mean":735.432800293,"median":546.71472168,"min":123.878334045,"var":459319.875},"spectral_complexity":{"dmean":2.18318343163,"dmean2":3.41146612167,"dvar":7.21243906021,"dvar2":13.2982807159,"max":55,"mean":11.8682317734,"median":11,"min":0,"var":70.7954406738},"spectral_contrast_coeffs":{"dmean":[0.0494671240449,0.0452481210232,0.0374082252383,0.027037544176,0.0236004050821,0.038058809936],"dmean2":[0.0822192952037,0.0741680189967,0.0617297664285,0.0449988618493,0.0382681079209,0.0591738671064],"dvar":[0.00156011269428,0.00132096838206,0.000921614293475,0.000481046532514,0.000423881254392,0.00143355643377],"dvar2":[0.0042047216557,0.00347603415139,0.00241220975295,0.00127315684222,0.00106351287104,0.00322896102443],"max":[-0.370844364166,-0.470855593681,-0.509074509144,-0.651171326637,-0.682661294937,-0.415152132511],"mean":[-0.695500075817,-0.759648084641,-0.796192586422,-0.831635475159,-0.846889674664,-0.780246198177],"median":[-0.700230956078,-0.765075623989,-0.801877856255,-0.826352596283,-0.840086817741,-0.799097537994],"min":[-0.959445357323,-0.970929324627,-0.970264077187,-0.98751783371,-0.975498199463,-0.958224773407],"var":[0.00732011860237,0.00475925439969,0.00444391276687,0.00261359056458,0.00256714201532,0.00666517950594]},"spectral_contrast_valleys":{"dmean":[0.362985789776,0.320340812206,0.303758025169,0.312326878309,0.390417426825,0.643787443638],"dmean2":[0.606227755547,0.521479904652,0.488140702248,0.494167238474,0.593792557716,1.03879225254],"dvar":[0.0953146144748,0.0740674063563,0.0777172371745,0.102201014757,0.17314042151,0.315110296011],"dvar2":[0.246763110161,0.175714567304,0.170913770795,0.231485307217,0.39524307847,0.798255383968],"max":[-4.94983053207,-4.57300233841,-5.31356954575,-5.96412611008,-5.37582015991,-8.86144161224],"mean":[-7.27174043655,-6.82753276825,-7.63303661346,-8.4445734024,-8.73408126831,-11.667298317],"median":[-6.76154756546,-6.51577949524,-7.2275261879,-8.05518817902,-8.43095588684,-11.4514026642],"min":[-27.1843471527,-27.2297744751,-27.2395858765,-27.1661281586,-27.4715499878,-27.2885284424],"var":[3.17916560173,2.42476224899,2.80696940422,2.47632002831,2.52562737465,1.78967034817]},"spectral_decrease":{"dmean":2.75011857731e-9,"dmean2":4.44277237222e-9,"dvar":2.83504971471e-17,"dvar2":7.4894500995e-17,"max":2.93393664919e-9,"mean":-6.87175427672e-9,"median":-4.40737357721e-9,"min":-9.07704418296e-8,"var":6.29281025897e-17},"spectral_energy":{"dmean":0.0108920177445,"dmean2":0.0173926036805,"dvar":0.000433144363342,"dvar2":0.00111868104432,"max":0.371388137341,"mean":0.0357582010329,"median":0.0257471241057,"min":1.10417900433e-20,"var":0.00135898252483},"spectral_energyband_high":{"dmean":0.000124897793285,"dmean2":0.000168115962879,"dvar":1.28095877017e-7,"dvar2":2.357280664e-7,"max":0.00995216798037,"mean":0.000280344625935,"median":0.0000706623541191,"min":7.60921506783e-21,"var":4.60142103975e-7},"spectral_energyband_low":{"dmean":0.0076530855149,"dmean2":0.012729357928,"dvar":0.000298461847706,"dvar2":0.000811935460661,"max":0.343807160854,"mean":0.0157053917646,"median":0.00844702590257,"min":8.51728512419e-23,"var":0.00045424644486},"spectral_energyband_middle_high":{"dmean":0.000991530250758,"dmean2":0.0014896026114,"dvar":0.00000463274182039,"dvar2":0.0000106038323793,"max":0.0437332466245,"mean":0.00253484142013,"median":0.000877205457073,"min":1.83621413628e-21,"var":0.0000177167621587},"spectral_energyband_middle_low":{"dmean":0.00476363208145,"dmean2":0.007376907859,"dvar":0.0000845233516884,"dvar2":0.000202667331905,"max":0.176337182522,"mean":0.0128471236676,"median":0.00607266416773,"min":3.52754060085e-22,"var":0.000299564038869},"spectral_entropy":{"dmean":0.24740947783,"dmean2":0.380356878042,"dvar":0.0569006279111,"dvar2":0.134490922093,"max":9.81766700745,"mean":7.08790397644,"median":7.10869979858,"min":4.41505241394,"var":0.30670234561},"spectral_flux":{"dmean":0.019780471921,"dmean2":0.0325944125652,"dvar":0.000795690400992,"dvar2":0.00195649615489,"max":0.503986120224,"mean":0.0813273862004,"median":0.072844453156,"min":1.05079923929e-10,"var":0.00340544502251},"spectral_kurtosis":{"dmean":7.06134414673,"dmean2":11.2831001282,"dvar":96.0683364868,"dvar2":264.232055664,"max":203.605422974,"mean":21.1161117554,"median":18.7152900696,"min":-1.15993714333,"var":149.147201538},"spectral_rms":{"dmean":0.000747974554542,"dmean2":0.00118069816381,"dvar":0.00000102554201931,"dvar2":0.00000251797087003,"max":0.0190349649638,"mean":0.00504242954776,"median":0.0050119003281,"min":3.28214538881e-12,"var":0.00000945988358581},"spectral_rolloff":{"dmean":4362.07177734,"dmean2":8456.21289062,"dvar":61763400,"dvar2":152645968,"max":22050,"mean":9930.09863281,"median":1862.62207031,"min":21.533203125,"var":102462328},"spectral_skewness":{"dmean":0.547923922539,"dmean2":0.854079544544,"dvar":0.417596518993,"dvar2":1.08504486084,"max":11.3357667923,"mean":3.31268787384,"median":3.23295974731,"min":-0.0453988835216,"var":1.1348553896},"spectral_spread":{"dmean":607095.6875,"dmean2":950441.8125,"dvar":367959965696,"dvar2":788238499840,"max":39671940,"mean":3866213.25,"median":3727249,"min":695013.25,"var":1679556476930},"spectral_strongpeak":{"dmean":1.59785783291,"dmean2":2.9727897644,"dvar":65.235534668,"dvar2":180.095947266,"max":140.064727783,"mean":1.54086434841,"median":0.197339087725,"min":0,"var":55.8419723511},"zerocrossingrate":{"dmean":0.0345899872482,"dmean2":0.0452386848629,"dvar":0.000927738321479,"dvar2":0.00148837140296,"max":0.783203125,"mean":0.241315811872,"median":0.23291015625,"min":0.00927734375,"var":0.00931876525283}},"metadata":{"audio_properties":{"analysis_sample_rate":44100,"bit_rate":128000,"codec":"mp3","downmix":"mix","equal_loudness":0,"length":219.533065796,"lossless":false,"md5_encoded":"b6b52de193b8a3639f74091bbafd62f1","replay_gain":-8.13105583191},"tags":{"album":["Up"],"artist":["R.E.M."],"date":["1998"],"file_name":"11 - R.E.M. - Daysleeper.mp3","genre":["Rock"],"musicbrainz album status":["official"],"musicbrainz album type":["album"],"musicbrainz trm id":[""],"musicbrainz_albumartistid":[""],"musicbrainz_albumid":["93ad7271-e905-4369-8528-d3518e17f475"],"musicbrainz_artistid":["ea4dfa26-f633-4da6-a52a-f49ea4897b58"],"musicbrainz_recordingid":["6f7bc4cf-e089-421a-ada9-9ef1f42799ac"],"originaldate":["1998"],"title":["Daysleeper"],"tracknumber":["11/14"]},"version":{"essentia":"2.1-beta1","essentia_build_sha":"ab033649a6180e58ab3ffa3648ee50b8e9460706","essentia_git_sha":"v2.1_beta1-8-g0ed32f5-dirty","extractor":"music 1.0"}},"rhythm":{"beats_count":434,"beats_loudness":{"dmean":0.0207604467869,"dmean2":0.0362753421068,"dvar":0.000639884383418,"dvar2":0.00181968754623,"max":0.191488206387,"mean":0.0464053191245,"median":0.0325231663883,"min":1.15950293811e-9,"var":0.0020167294424},"beats_loudness_band_ratio":{"dmean":[0.172535866499,0.122777760029,0.101341016591,0.0338363796473,0.013599999249,0.0946871414781],"dmean2":[0.28778937459,0.207773342729,0.178537592292,0.0584925897419,0.0247112438083,0.164693430066],"dvar":[0.02158565633,0.0160412453115,0.013033897616,0.0019339522114,0.000960642762948,0.00925005041063],"dvar2":[0.0578732565045,0.0385032333434,0.0345579236746,0.00514113018289,0.00272783776745,0.0236622560769],"max":[0.988537371159,0.829030811787,0.722854137421,0.29468101263,0.29226616025,0.660075724125],"mean":[0.492846429348,0.20736284554,0.149057641625,0.0413515605032,0.0146830715239,0.166355520487],"median":[0.516648173332,0.151605337858,0.0911994427443,0.0282948389649,0.008