{"lowlevel":{"average_loudness":0.967135488987,"barkbands":{"dmean":[0.00369962211698,0.0083659728989,0.00203212699853,0.000799431523774,0.00182959472295,0.00128121883608,0.000865410082042,0.000868288101628,0.00127497839276,0.00116528884973,0.000974216382019,0.00106100609992,0.000782781804446,0.000673408154398,0.000753799220547,0.00026703500771,0.000184962031199,0.000218841349124,0.000212489685509,0.000157238522661,0.000120381097076,0.0000623253945378,0.0000284262696368,0.00000469627866551,0.0000025481706416,0.0000201525945158,0.000378053373424],"dmean2":[0.00619457568973,0.0142039675266,0.00336111662909,0.0013422826305,0.00296588451602,0.00200309650972,0.00138485943899,0.00141644908581,0.00208443193696,0.00190291088074,0.00154849677347,0.00176312029362,0.00127699389122,0.00110208732076,0.00123064871877,0.000436133850599,0.00029426018591,0.00033787387656,0.000315145822242,0.000230307050515,0.000170421786606,0.0000880396110006,0.0000399203927373,0.00000750589560994,0.00000427834675065,0.0000284883371933,0.00056211440824],"dvar":[0.0000612074145465,0.000244402501266,0.0000174806609721,0.00000301529667013,0.00000971154349827,0.000007022918453,0.00000237596964325,0.00000392553829442,0.00000382865391657,0.00000376172147298,0.00000268083999799,0.00000183529050446,0.0000012638777207,0.00000113880469144,0.00000205225092031,1.34149004793e-7,7.97305688138e-8,2.01795145927e-7,2.55971826846e-7,1.70056907223e-7,1.11501130107e-7,3.09271648291e-8,3.73419117849e-9,5.62456817232e-11,1.3807368443e-11,1.35487221442e-9,1.79032284109e-7],"dvar2":[0.000154074747115,0.000678013951983,0.0000434897301602,0.00000782384086051,0.0000232076508837,0.0000164503562701,0.00000553387690161,0.00000951874426391,0.0000098065356724,0.00000944716157392,0.00000626460177955,0.00000488464274895,0.00000311831990985,0.00000292010167868,0.00000516828822583,3.44592763213e-7,1.89106373227e-7,4.54985581655e-7,5.69851692944e-7,3.53312401558e-7,2.08472485497e-7,5.79111905097e-8,7.43091943534e-9,1.32471630887e-10,3.56487096786e-11,2.77647438374e-9,3.76362265797e-7],"max":[0.0947751253843,0.177364230156,0.0739416256547,0.03490088135,0.073405854404,0.0656951740384,0.0365129709244,0.0680473521352,0.0445461943746,0.0334323942661,0.0313759669662,0.0270426273346,0.0277931001037,0.0266542788595,0.0507909059525,0.00864720530808,0.00732329487801,0.0120050599799,0.0118325948715,0.013475031592,0.0105368401855,0.00542779266834,0.00167562370189,0.000167387217516,0.0000444109682576,0.000830383214634,0.00902037508786],"mean":[0.00499338330701,0.0153760537505,0.00227070017718,0.000927831453737,0.00308876228519,0.00207259971648,0.00144095101859,0.00129744794685,0.0020646287594,0.0017847843701,0.00153963267803,0.00184405990876,0.00137865182478,0.00118047371507,0.00133230956271,0.000514193379786,0.000359940371709,0.000420536554884,0.000398724223487,0.000320359744364,0.000257134874118,0.000128296131152,0.000052348808822,0.00000613831662122,0.00000254081010098,0.0000376116731786,0.0015435218811],"median":[0.00270046596415,0.0113332029432,0.000904961896595,0.000393080728827,0.00174477125984,0.000916979217436,0.00076506176265,0.000627933884971,0.00126336538233,0.0010348650394,0.000868555507623,0.00133020232897,0.000890738388989,0.000799029599875,0.000808601209428,0.000374464201741,0.000231273472309,0.00021382747218,0.000151533633471,0.000124999351101,0.0000943385894061,0.0000491136306664,0.0000221201753448,0.0000028017002478,0.00000113806629543,0.0000169376817212,0.00120315665845],"min":[4.27805204727e-14,2.12460291602e-14,1.18365324256e-14,4.06802209648e-14,1.43610844787e-13,8.97759378773e-15,1.75489695475e-13,2.52379578824e-13,1.07151429656e-13,8.82230723751e-15,4.68170695354e-14,8.1918175856e-14,2.40826679616e-14,1.70187265837e-14,2.27745119719e-14,7.32386766793e-14,5.54414844654e-14,1.34664306616e-13,9.16026288026e-14,1.99611689482e-13,2.24399912172e-13,1.91124351588e-13,3.42410046714e-13,2.07435251701e-13,3.39306734836e-13,7.25440432552e-13,9.4332972423e-13],"var":[0.0000595336168772,0.000256824016105,0.0000184962991625,0.00000372296335627,0.0000201203547476,0.0000132859404403,0.00000513817803949,0.00000664287472318,0.00000655885833112,0.00000619042020844,0.00000482897075926,0.00000354042686013,0.00000236903065343,0.00000190133255273,0.00000410252459915,2.35304554508e-7,1.64441658512e-7,4.21582882382e-7,6.47091553674e-7,5.32506362561e-7,3.9243707306e-7,1.05148025398e-7,1.09629363365e-8,1.02899341825e-10,1.43082655099e-11,3.84446119384e-9,0.00000149401023464]},"barkbands_crest":{"dmean":2.49291038513,"dmean2":4.0523276329,"dvar":5.076212883,"dvar2":13.1981897354,"max":25.1098861694,"mean":9.69524288177,"median":8.98306083679,"min":2.20937919617,"var":17.2525119781},"barkbands_flatness_db":{"dmean":0.0211734045297,"dmean2":0.0329306907952,"dvar":0.000387034146115,"dvar2":0.00099248602055,"max":0.360252201557,"mean":0.122989937663,"median":0.11628447473,"min":0.0323009677231,"var":0.00180436053779},"barkbands_kurtosis":{"dmean":2.61435961723,"dmean2":4.24852323532,"dvar":25.4594020844,"dvar2":68.4276885986,"max":140.006530762,"mean":4.19997882843,"median":1.98618555069,"min":-1.90118896961,"var":52.8561134338},"barkbands_skewness":{"dmean":0.498386532068,"dmean2":0.778147399426,"dvar":0.315190196037,"dvar2":0.793272316456,"max":9.92813014984,"mean":1.60612344742,"median":1.40309381485,"min":-1.26200604439,"var":1.00189781189},"barkbands_spread":{"dmean":7.04365205765,"dmean2":10.7822561264,"dvar":50.6633148193,"dvar2":116.081230164,"max":112.51713562,"mean":35.3096656799,"median":33.2257919312,"min":1.63245475292,"var":274.277069092},"dissonance":{"dmean":0.0166869536042,"dmean2":0.0284985210747,"dvar":0.000307036360027,"dvar2":0.0008675850695,"max":0.500000178814,"mean":0.473477095366,"median":0.48017218709,"min":0.230766877532,"var":0.000603711348958},"dynamic_complexity":1.94452464581,"erbbands":{"dmean":[0.458335787058,1.21897602081,2.25701928139,2.34706044197,3.59358119965,6.83934736252,10.9237442017,10.5598907471,11.6367483139,14.764954567,20.5254955292,31.1500377655,22.9555797577,46.0299911499,36.3002967834,46.6068725586,34.9764862061,27.0201530457,43.5079727173,23.6987934113,12.520816803,9.96314620972,11.2763347626,11.4755020142,9.5625333786,7.26758003235,5.95153570175,4.05184316635,2.45879817009,1.31246960163,0.698464751244,0.202258214355,0.0438114665449,0.02857388556,0.0181480646133,0.0111056771129,0.0386460833251,0.0538704991341,0.0301004517823,0.00829030759633],"dmean2":[0.781304359436,2.06378436089,3.72901058197,3.87295937538,6.01887702942,10.9885616302,17.6023101807,16.2991867065,18.2515125275,24.5247249603,33.2147140503,51.4371681213,37.303062439,75.5227432251,56.8708076477,77.4072418213,56.7543716431,43.9629211426,70.6723098755,38.3217506409,20.1512374878,15.6361970901,17.3056297302,17.1543369293,14.1075582504,10.6885051727,8.29895114899,5.80982446671,3.49167561531,1.83329796791,0.982793211937,0.301190376282,0.0727161839604,0.0479930192232,0.030417073518,0.0182618107647,0.0540791712701,0.0712585970759,0.0400904305279,0.0125971166417],"dvar":[0.783604264259,4.52462768555,19.779592514,20.0738925934,43.6165542603,164.339294434,599.625793457,449.581665039,546.754272461,789.276062012,1768.18359375,2409.91235352,2094.06274414,5740.16650391,4747.63525391,3672.67602539,2526.85620117,1594.3770752,7099.796875,1638.43273926,268.693878174,241.667007446,525.598999023,595.376281738,614.598815918,379.970947266,277.800750732,130.413146973,47.6770324707,10.6487665176,2.28966403008,0.140179648995,0.0039290334098,0.00175759941339,0.000690299493726,0.000227599375648,0.00509548885748,0.0106326239184,0.00290147098713,0.0000820627610665],"dvar2":[2.19184398651,12.6111478806,49.227104187,49.6916542053,112.412506104,389.1065979,1461.17614746,996.897888184,1200.81323242,1967.53552246,4263.54931641,6249.05371094,5146.34423828,14575.5439453,10494.8662109,9816.51367188,6201.32177734,4131.32421875,17402.2382812,3898.51367188,668.0390625,551.828369141,1192.13708496,1338.6348877,1314.29821777,779.548034668,520.309020996,250.284515381,89.7104644775,19.5679550171,4.59664106369,0.286135107279,0.0100980475545,0.0045409318991,0.00178080715705,0.000579114013817,0.0100375367329,0.0193219725043,0.00508179375902,0.000178205416887],"max":[9.48153781891,30.043762207,68.8031768799,73.1102600098,150.308959961,274.729217529,550.526306152,734.5703125,640.82611084,977.496398926,930.296569824,1174.8026123,997.805664062,1773.03723145,1535.28369141,1356.03308105,1341.97302246,959.100097656,3126.5065918,1510.18310547,204.70854187,441.358184814,667.09777832,508.418426514,669.585021973,765.447143555,400.831451416,333.649749756,239.061462402,115.6614151,44.1753349304,10.6487569809,0.773601591587,0.505493819714,0.31241607666,0.181040525436,1.83120560646,3.9255926609,1.69785642624,0.184156164527],"mean":[0.818180322647,2.00530672073,2.68184113503,3.01033520699,5.24741315842,11.0507259369,15.7890968323,17.8867359161,20.6428318024,22.8525218964,33.01978302,50.140625,38.2646865845,74.0374069214,63.7405128479,83.9861450195,67.3407440186,54.4482765198,79.8364105225,46.5894889832,26.6807765961,20.8671550751,22.3842144012,21.7403621674,18.7030391693,15.0330753326,12.5718841553,8.51919174194,5.0705742836,2.60065984726,1.27044951916,0.329263389111,0.0489677898586,0.0286276116967,0.01850990206,0.0137686515227,0.0734415873885,0.136952474713,0.101362943649,0.040377445519],"median":[0.601287126541,1.4584184885,1.2393450737,1.3995013237,2.88094449043,5.46081829071,6.74813842773,7.78854131699,10.1743459702,12.7173061371,18.0189094543,29.9974308014,24.0637741089,44.6911239624,37.9234428406,61.7987937927,46.3922767639,38.9954719543,49.7104988098,32.4966697693,19.8418750763,13.6756391525,11.9599981308,9.37030410767,7.02858114243,5.92382717133,4.65797662735,3.0718998909,1.94392240047,1.1063092947,0.500980734825,0.137552469969,0.0249652992934,0.0127871083096,0.00862853508443,0.00789607036859,0.0319410972297,0.0706632658839,0.0572596341372,0.0349564626813],"min":[1.40012600038e-12,2.33116282354e-12,9.2568496271e-12,8.26231166817e-11,3.53384377316e-10,5.47328404821e-10,1.21319981838e-10,1.08439923707e-10,1.09392850334e-9,4.94139840157e-9,5.10171771495e-9,2.8527624707e-9,7.03894609266e-10,7.21750381683e-10,3.15824011388e-9,2.29245666894e-9,1.1196243932e-9,7.20138226828e-10,9.38238264858e-10,2.21550378043e-9,3.97541732866e-9,3.5474498894e-9,8.50334114233e-9,3.21207616061e-9,6.68121868941e-9,9.75930891656e-9,9.09670028193e-9,8.61441140643e-9,7.51613526973e-9,8.39234104433e-9,1.09437845452e-8,6.20106987981e-9,3.13205172908e-9,4.36805791537e-9,1.98866145773e-9,2.3729571641e-9,1.26518540089e-9,5.98584515288e-10,1.59710328296e-10,1.33397798016e-11],"var":[0.814980685711,4.49643135071,20.6356468201,27.2521343231,64.7890167236,330.145202637,1022.91607666,1014.70489502,1245.97094727,1396.41394043,3055.08886719,4049.1953125,2933.49536133,10029.8740234,8763.79296875,7066.77490234,4906.41308594,3111.21533203,13661.3916016,3192.43774414,563.9140625,533.492736816,1092.40026855,1442.71289062,1629.98461914,1179.04223633,954.071716309,443.119110107,164.625579834,34.0400657654,6.7388792038,0.385816663504,0.00448196521029,0.00181449064985,0.000722514349036,0.000280989916064,0.0153705170378,0.0473919548094,0.019155588001,0.00065606291173]},"erbbands_crest":{"dmean":2.6782810688,"dmean2":4.43150186539,"dvar":6.18795347214,"dvar2":15.6704854965,"max":32.1413116455,"mean":8.58822631836,"median":7.70219755173,"min":2.8364918232,"var":14.1445932388},"erbbands_flatness_db":{"dmean":0.0196983516216,"dmean2":0.03016955778,"dvar":0.000283432280412,"dvar2":0.00064323481638,"max":0.354511290789,"mean":0.154075458646,"median":0.149846524,"min":0.0636925697327,"var":0.00124787574168},"erbbands_kurtosis":{"dmean":0.938860237598,"dmean2":1.51024842262,"dvar":2.10281229019,"dvar2":5.82260370255,"max":40.3951683044,"mean":0.98710411787,"median":0.520154476166,"min":-1.60908961296,"var":4.48622274399},"erbbands_skewness":{"dmean":0.333063602448,"dmean2":0.519318580627,"dvar":0.0856053680182,"dvar2":0.208124786615,"max":5.25555992126,"mean":-0.0115888537839,"median":-0.031807936728,"min":-3.56215667725,"var":0.380245506763},"erbbands_spread":{"dmean":4.83867406845,"dmean2":7.46815252304,"dvar":19.5912284851,"dvar2":45.2755699158,"max":84.588722229,"mean":23.5421714783,"median":22.4955406189,"min":2.93209648132,"var":86.8634338379},"gfcc":{"cov":[[6519.98339844,-694.730895996,-920.405273438,479.095031738,349.224945068,-144.569854736,480.375335693,59.5407524109,154.396133423,-42.9905090332,-251.205551147,20.8165836334,-75.8675384521],[-694.730895996,732.641296387,128.564880371,-296.138763428,61.1007156372,57.907283783,-133.160614014,-4.49047803879,11.8510732651,15.4838943481,86.9730377197,-14.613571167,100.861091614],[-920.405273438,128.564880371,373.462738037,-24.9628696442,-99.5567092896,123.567169189,-170.862121582,43.1008110046,-55.9597930908,16.7386665344,50.5778999329,4.87982273102,21.3825645447],[479.095031738,-296.138763428,-24.9628696442,326.602539062,45.9460296631,-85.0827331543,135.063232422,-11.6644229889,-1.6299175024,-26.813791275,-66.9336624146,-2.69878911972,-79.7507553101],[349.224945068,61.1007156372,-99.5567092896,45.9460296631,163.333526611,28.2551441193,78.9642715454,4.84149122238,26.1320209503,-31.5312004089,-20.1693592072,-2.23698997498,3.2584605217],[-144.569854736,57.907283783,123.567169189,-85.0827331543,28.2551441193,269.143341064,-76.656829834,95.0904922485,-7.48176813126,4.86014509201,22.4832687378,16.7386798859,43.5263137817],[480.375335693,-133.160614014,-170.862121582,135.063232422,78.9642715454,-76.656829834,223.768112183,-34.7710609436,53.5138092041,-27.0015296936,-51.9031524658,13.1172142029,-59.4113883972],[59.5407524109,-4.49047803879,43.1008110046,-11.6644229889,4.84149122238,95.0904922485,-34.7710609436,142.760543823,9.75779724121,21.0782413483,5.44489574432,-26.5437908173,30.4405555725],[154.396133423,11.8510732651,-55.9597930908,-1.6299175024,26.1320209503,-7.48176813126,53.5138092041,9.75779724121,112.051345825,24.6055774689,-5.91681575775,21.0590381622,-30.5934505463],[-42.9905090332,15.4838943481,16.7386665344,-26.813791275,-31.5312004089,4.86014509201,-27.0015296936,21.0782413483,24.6055774689,87.1478271484,42.142539978,-12.3315219879,17.0829372406],[-251.205551147,86.9730377197,50.5778999329,-66.9336624146,-20.1693592072,22.4832687378,-51.9031524658,5.44489574432,-5.91681575775,42.142539978,84.7650680542,33.1572761536,33.5557861328],[20.8165836334,-14.613571167,4.87982273102,-2.69878911972,-2.23698997498,16.7386798859,13.1172142029,-26.5437908173,21.0590381622,-12.3315219879,33.1572761536,93.2437820435,10.8513402939],[-75.8675384521,100.861091614,21.3825645447,-79.7507553101,3.2584605217,43.5263137817,-59.4113883972,30.4405555725,-30.5934505463,17.0829372406,33.5557861328,10.8513402939,102.332382202]],"icov":[[0.000341891602147,-0.000223311260925,0.00118263124023,-0.000715671863873,0.0000427549894084,-0.000305411173031,0.000446324032964,-0.000405923725339,0.00033981227898,-0.000710786145646,0.00101653393358,-0.00086679670494,0.000155961111886],[-0.000223311260925,0.0050903451629,-0.0052148103714,0.00585460197181,-0.00574343791232,0.00314823049121,-0.00132146570832,0.00113128311932,-0.00229305913672,0.001516905264,-0.00240240804851,0.00292986282147,-0.00225199526176],[0.00118263124023,-0.0052148103714,0.0150312883779,-0.0111726718023,0.00973593723029,-0.00771747436374,0.00666919676587,-0.000501241360325,0.000836840947159,0.000993925728835,-0.000962321995758,-0.00156975048594,0.00172848149668],[-0.000715671863873,0.00585460197181,-0.0111726718023,0.0168063957244,-0.0121847130358,0.00881933886558,-0.00586480367929,-0.00313799153082,0.00537335406989,-0.00643636798486,0.00698416121304,-0.00483237626031,0.00419966550544],[0.0000427549894084,-0.00574343791232,0.00973593723029,-0.0121847130358,0.0217482894659,-0.00999065674841,-0.000392570451368,0.00355433439836,-0.00683294888586,0.011784392409,-0.00972250290215,0.00878851208836,-0.00531983328983],[-0.000305411173031,0.00314823049121,-0.00771747436374,0.00881933886558,-0.00999065674841,0.0117587614805,-0.00119888957124,-0.005973899737,0.00390995573252,-0.00517930835485,0.00614532129839,-0.0066804853268,0.00228081597015],[0.000446324032964,-0.00132146570832,0.00666919676587,-0.00586480367929,-0.000392570451368,-0.00119888957124,0.0130020948127,0.000168116035638,-0.00187898706645,-0.000379717850592,0.00248730229214,-0.00322765880264,0.00271858554333],[-0.000405923725339,0.00113128311932,-0.000501241360325,-0.00313799153082,0.00355433439836,-0.005973899737,0.000168116035638,0.01498182863,-0.00901338085532,0.00694440444931,-0.00883124582469,0.0126259364188,-0.00798491574824],[0.00033981227898,-0.00229305913672,0.000836840947159,0.00537335406989,-0.00683294888586,0.00390995573252,-0.00187898706645,-0.00901338085532,0.0259395297617,-0.0209007170051,0.0184695441276,-0.0203116890043,0.0140110962093],[-0.000710786145646,0.001516905264,0.000993925728835,-0.00643636798486,0.011784392409,-0.00517930835485,-0.000379717850592,0.00694440444931,-0.0209007170051,0.0388899073005,-0.0317566506565,0.026045942679,-0.012793475762],[0.00101653393358,-0.00240240804851,-0.000962321995758,0.00698416121304,-0.00972250290215,0.00614532129839,0.00248730229214,-0.00883124582469,0.0184695441276,-0.0317566506565,0.0469444468617,-0.0306883007288,0.00921599939466],[-0.00086679670494,0.00292986282147,-0.00156975048594,-0.00483237626031,0.00878851208836,-0.0066804853268,-0.00322765880264,0.0126259364188,-0.0203116890043,0.026045942679,-0.0306883007288,0.0373936444521,-0.0143590765074],[0.000155961111886,-0.00225199526176,0.00172848149668,0.00419966550544,-0.00531983328983,0.00228081597015,0.00271858554333,-0.00798491574824,0.0140110962093,-0.012793475762,0.00921599939466,-0.0143590765074,0.0229970254004]],"mean":[33.3831138611,94.7973175049,-104.83417511,-9.71164226532,-5.00545740128,-16.0278091431,14.2376728058,-23.2054615021,7.19695234299,-4.90677118301,-2.53862285614,4.06439065933,-6.58031272888]},"hfc":{"dmean":28.5180568695,"dmean2":44.2171897888,"dvar":811.902282715,"dvar2":1926.55529785,"max":593.836486816,"mean":157.85925293,"median":153.809005737,"min":5.70389140364e-8,"var":5730.34033203},"melbands":{"dmean":[0.00314704258926,0.00121268210933,0.000416325900005,0.00034443027107,0.000379699951736,0.000238562075538,0.000174059779965,0.000164515498909,0.00018356955843,0.000191859988263,0.000116771952889,0.000192659746972,0.000122481520521,0.000113739763037,0.00011644839833,0.0000656711345073,0.000055805703596,0.0000762799245422,0.0000499918241985,0.0000230871301028,0.0000152582024384,0.0000115170150821,0.0000102264848465,0.0000112908228402,0.00000989344971458,0.00000834756519907,0.00000609764128967,0.00000511132475367,0.00000444698935098,0.000003134708777,0.00000232953857449,0.00000163879701631,9.80865365818e-7,7.11923860308e-7,4.52697946685e-7,2.91373254413e-7,6.33848813436e-8,2.99528473136e-8,2.62532307005e-8,2.33184369591e-8],"dmean2":[0.00533023895696,0.00202487129718,0.00068673491478,0.000557831604965,0.000610956805758,0.000367748260032,0.000274154619547,0.000272484350717,0.000297358259559,0.000316796242259,0.00018986070063,0.00031585371471,0.000193481857423,0.000186116245459,0.000191233106307,0.000107160318294,0.000091650916147,0.000124568337924,0.0000810823839856,0.0000381815043511,0.0000247472307819,0.0000184414820978,0.0000162573487614,0.0000175976419996,0.0000151271624418,0.0000126455997815,0.00000914945576369,0.00000775610260462,0.00000641780343358,0.00000451506321042,0.00000347046602656,0.00000240567533183,0.00000142549617976,0.00000101181854006,6.59758484289e-7,4.31710930116e-7,1.00447905993e-7,5.03746022673e-8,4.41433840592e-8,3.91870180749e-8],"dvar":[0.0000373150760424,0.00000413650104747,5.66873552543e-7,3.75397121388e-7,5.84598410569e-7,2.11860850641e-7,1.08628917417e-7,1.17224971063e-7,1.22074268916e-7,8.80448993712e-8,5.56901404991e-8,1.00696155414e-7,4.61786164863e-8,2.223029405e-8,2.26154295291e-8,1.05021884522e-8,7.399740376e-9,2.13233715129e-8,7.49612905082e-9,1.30521238262e-9,4.02891942031e-10,3.04820335639e-10,3.20407839149e-10,6.31830365805e-10,4.59093374428e-10,4.44522973986e-10,2.59122806545e-10,2.12294334889e-10,1.62989788333e-10,7.98205668229e-11,4.63256100147e-11,2.31907149734e-11,7.65132575353e-12,2.96627696364e-12,1.04265044949e-12,3.67217541097e-13,1.09872861812e-14,1.97068737332e-15,1.49905487549e-15,1.16846712766e-15],"dvar2":[0.000102742997115,0.0000106446268546,0.00000142065368891,9.24448613659e-7,0.00000140526753967,4.75671527056e-7,2.43209484552e-7,2.8857547818e-7,2.9398887591e-7,2.2768203678e-7,1.36726811206e-7,2.55283651995e-7,1.04905616638e-7,5.6391598946e-8,5.78597685319e-8,2.63930850508e-8,1.91377722558e-8,5.14648945682e-8,1.8813265612e-8,3.29730354132e-9,1.03389063977e-9,7.28267557371e-10,7.32707561291e-10,1.50510026664e-9,1.09523334846e-9,9.89995196932e-10,5.79125691846e-10,4.63305255272e-10,3.34529487445e-10,1.62782967661e-10,9.52401629783e-11,4.699556716e-11,1.57227356135e-11,5.77964716017e-12,2.19016233101e-12,7.70081752272e-13,2.5129100935e-14,5.09034952861e-15,3.87505757259e-15,3.01843832996e-15],"max":[0.0646403059363,0.0268726572394,0.0125371143222,0.0204715877771,0.0144332656637,0.0146949160844,0.00845309812576,0.0136433457956,0.00658824807033,0.00644609192386,0.00484870513901,0.00687266513705,0.00438832351938,0.00284305564128,0.00314867706038,0.00357233709656,0.00214315834455,0.0059079490602,0.00224636355415,0.00100534316152,0.000278501567664,0.000416206603404,0.000406386447139,0.00070296326885,0.000455330387922,0.000487967248773,0.000441478245193,0.000587977992836,0.000313007738441,0.00031326757744,0.000196862631128,0.00018205663946,0.000104105660284,0.0000629245769233,0.0000320145882142,0.0000177369893208,0.00000267671634901,5.37221524155e-7,4.68232371986e-7,4.10504213733e-7],"mean":[0.00577549031004,0.00174123502802,0.000578699749894,0.000567193608731,0.000578568025958,0.00040768951294,0.000306423520669,0.000250153825618,0.000290651980322,0.000306001922581,0.000181643292308,0.000297882186715,0.000204317562748,0.000201950329938,0.000209961945075,0.000115357812319,0.0000996997187031,0.000131916807732,0.000088040571427,0.0000421412514697,0.0000289865820378,0.0000216826720134,0.000019290320779,0.0000203470863198,0.0000173084481503,0.0000148561821334,0.0000113801233965,0.00000968928361544,0.00000852374432725,0.00000602172121944,0.00000454273958894,0.00000310732821163,0.00000188511205579,0.0000012674786376,7.72424129991e-7,4.75893358498e-7,8.48246273222e-8,2.90078041587e-8,2.56158543266e-8,2.3027963536e-8],"median":[0.00433421041816,0.00116665230598,0.000306732777972,0.000332370807882,0.000260402623098,0.000182265081094,0.00015591441479,0.000131877561216,0.000155603396706,0.000181840136065,0.000103494836367,0.000172103609657,0.000119056770927,0.000141660711961,0.000149941042764,0.000075367577665,0.0000680803495925,0.0000806380194263,0.0000547158779227,0.0000299311104754,0.0000206601889658,0.0000139637404573,0.0000108130916487,0.0000100074184957,0.00000716990507499,0.0000053213288993,0.00000427011082138,0.00000368560040442,0.00000299824159811,0.00000217993556362,0.00000154966619448,0.0000011504395161,7.2319676292e-7,5.46363935428e-7,2.94285058544e-7,1.73921705482e-7,3.83581628682e-8,1.22349970155e-8,1.09165849693e-8,1.00277386395e-8],"min":[1.11837783432e-14,3.90290208667e-15,2.06535973762e-14,3.67006501144e-14,7.86928505757e-15,2.07529509528e-15,2.25343561085e-14,5.63554838375e-14,3.79819466894e-14,1.5887883389e-14,2.84810635701e-15,2.3630654335e-15,8.71298069501e-15,1.0854905096e-14,2.86811496929e-15,2.2388844742e-15,1.18804830594e-15,1.48150742332e-15,2.07008499562e-15,4.18416234142e-15,4.75258794111e-15,2.46421006125e-15,8.3058797199e-15,5.32228874891e-15,2.1127970555e-15,3.86031877579e-15,5.13610031919e-15,7.27001602365e-15,5.83550685868e-15,5.01721373933e-15,4.43881347965e-15,3.98202301075e-15,4.22483516948e-15,4.70171344823e-15,6.05552493728e-15,5.50839840456e-15,3.00283217142e-15,1.55037829583e-15,3.57819412392e-15,3.78191994729e-15],"var":[0.0000381204845326,0.00000423091250923,7.85119368629e-7,6.71893587878e-7,0.00000111769873001,4.66951092903e-7,2.48455648943e-7,2.04985283858e-7,2.15895553879e-7,1.4752690447e-7,7.76969812932e-8,1.73930800429e-7,8.67269633886e-8,4.51867272488e-8,4.41793233108e-8,1.791974924e-8,1.25782486649e-8,3.87538001689e-8,1.50075365468e-8,2.08071582186e-9,7.7262074516e-10,5.96823424015e-10,6.82938594565e-10,1.13732445683e-9,9.74301417322e-10,1.06802655608e-9,6.42343955803e-10,5.61555024703e-10,4.79097983508e-10,2.32473942874e-10,1.37078681739e-10,6.80134906728e-11,2.25887624578e-11,7.77662136076e-12,2.68570712544e-12,9.73169678523e-13,2.11973417063e-14,2.01310360695e-15,1.5350063419e-15,1.20372487409e-15]},"melbands_crest":{"dmean":4.29349565506,"dmean2":6.99094295502,"dvar":16.0976295471,"dvar2":42.3499984741,"max":36.9644012451,"mean":17.9603157043,"median":17.4358501434,"min":3.03053736687,"var":47.9442939758},"melbands_flatness_db":{"dmean":0.0285480506718,"dmean2":0.0440551452339,"dvar":0.00064670672873,"dvar2":0.0016268537147,"max":0.499332368374,"mean":0.229326754808,"median":0.223691165447,"min":0.0353298597038,"var":0.00339552108198},"melbands_kurtosis":{"dmean":4.05500793457,"dmean2":6.68878269196,"dvar":58.7897529602,"dvar2":155.044677734,"max":204.986358643,"mean":5.65065813065,"median":2.61242198944,"min":-1.82674181461,"var":98.2110748291},"melbands_skewness":{"dmean":0.652723789215,"dmean2":1.03954291344,"dvar":0.528404951096,"dvar2":1.34717702866,"max":12.1585216522,"mean":1.924664855,"median":1.66475820541,"min":-1.09837925434,"var":1.50305557251},"melbands_spread":{"dmean":6.89949655533,"dmean2":10.5479974747,"dvar":65.7672348022,"dvar2":141.317611694,"max":223.409378052,"mean":26.5545635223,"median":24.6813468933,"min":0.938208520412,"var":247.945632935},"mfcc":{"cov":[[4990.65039062,-166.975601196,-965.912963867,527.478515625,-337.82522583,236.653884888,5.2392745018,255.345245361,136.899276733,219.795852661,-0.399563282728,-89.1427307129,-52.4711074829],[-166.975601196,919.597167969,-17.9402885437,-294.869995117,152.112594604,-12.8323602676,2.57467675209,-52.3894691467,13.3727626801,-48.1905632019,29.6978473663,19.1690406799,14.5803203583],[-965.912963867,-17.9402885437,515.098815918,-187.419128418,157.639801025,-81.4054260254,12.7128505707,-69.6707382202,-46.3240394592,-51.0179748535,-5.2969584465,37.1505737305,13.1629648209],[527.478515625,-294.869995117,-187.419128418,475.119110107,-183.97795105,59.5419654846,-23.5121765137,52.9225502014,-11.1342182159,46.9387397766,-9.31519603729,-39.4019546509,-11.8368253708],[-337.82522583,152.112594604,157.639801025,-183.97795105,230.15737915,-34.781124115,52.8714408875,-12.3663301468,28.541469574,-32.8601074219,9.70842838287,16.6899032593,1.44179832935],[236.653884888,-12.8323602676,-81.4054260254,59.5419654846,-34.781124115,156.777526855,-6.49568367004,84.4880981445,-9.0290555954,31.2142047882,-14.6153526306,0.271248281002,-1.69932925701],[5.2392745018,2.57467675209,12.7128505707,-23.5121765137,52.8714408875,-6.49568367004,121.722305298,-1.24338817596,33.725479126,-18.0683364868,3.60532069206,-12.2943496704,-2.78629088402],[255.345245361,-52.3894691467,-69.6707382202,52.9225502014,-12.3663301468,84.4880981445,-1.24338817596,168.245635986,21.6761779785,29.64204216,-15.2933616638,-1.2086366415,-1.24328148365],[136.899276733,13.3727626801,-46.3240394592,-11.1342182159,28.541469574,-9.0290555954,33.725479126,21.6761779785,98.4603424072,30.7673969269,18.2245368958,-7.79642295837,-9.45897102356],[219.795852661,-48.1905632019,-51.0179748535,46.9387397766,-32.8601074219,31.2142047882,-18.0683364868,29.64204216,30.7673969269,99.7389144897,23.9932117462,8.07320404053,-5.24345445633],[-0.399563282728,29.6978473663,-5.2969584465,-9.31519603729,9.70842838287,-14.6153526306,3.60532069206,-15.2933616638,18.2245368958,23.9932117462,62.8927497864,24.8115024567,5.86039733887],[-89.1427307129,19.1690406799,37.1505737305,-39.4019546509,16.6899032593,0.271248281002,-12.2943496704,-1.2086366415,-7.79642295837,8.07320404053,24.8115024567,65.4446487427,24.2454185486],[-52.4711074829,14.5803203583,13.1629648209,-11.8368253708,1.44179832935,-1.69932925701,-2.78629088402,-1.24328148365,-9.45897102356,-5.24345445633,5.86039733887,24.2454185486,47.6302871704]],"icov":[[0.000347969471477,-0.00000149177583353,0.000537620100658,-0.000106371750007,0.0000176420817297,-0.0000206800068554,-0.000153844113811,-0.000166427897057,-0.000042730851419,-0.000427448394476,0.000151276253746,0.0000180146580533,0.000110840352136],[-0.00000149177583353,0.00161803467199,0.000666799605824,0.000907529087272,-0.000894962344319,-0.000520104018506,0.000583799905144,0.00049369718181,0.0000518573833688,0.000660273886751,-0.000877911807038,0.000463541509816,-0.000445069308626],[0.000537620100658,0.000666799605824,0.00422072177753,0.00050286372425,-0.00227186200209,0.000927835819311,-0.000134693269501,0.000321499421261,0.00193923537154,-0.000824702437967,0.000936406140681,-0.00109012925532,0.000183097028639],[-0.000106371750007,0.000907529087272,0.00050286372425,0.00391963031143,0.00177921738941,-0.000431684689829,-0.000112787318358,-0.000363428145647,0.000640135083813,-0.000214608400711,-0.00104887294583,0.0018075130647,-0.000332750962116],[0.0000176420817297,-0.000894962344319,-0.00227186200209,0.00177921738941,0.00906082801521,0.00011109465413,-0.00244609639049,-0.00119116948918,-0.00258942088112,0.00145679886919,-0.000620424340013,-0.000784129253589,0.00104052585084],[-0.0000206800068554,-0.000520104018506,0.000927835819311,-0.000431684689829,0.00011109465413,0.0104738017544,-0.00128895195667,-0.00454769190401,0.00334381009452,-0.00309581495821,0.00235754763708,-0.00143850350287,0.000714363297448],[-0.000153844113811,0.000583799905144,-0.000134693269501,-0.000112787318358,-0.00244609639049,-0.00128895195667,0.0110758533701,0.000712472887244,-0.0039405412972,0.00336265610531,-0.00172648997977,0.00254327198491,-0.0011389805004],[-0.000166427897057,0.00049369718181,0.000321499421261,-0.000363428145647,-0.00119116948918,-0.00454769190401,0.000712472887244,0.00943337846547,-0.00259851547889,-0.000459229398984,0.00254915608093,-0.00111508218106,-0.00066454365151],[-0.000042730851419,0.0000518573833688,0.00193923537154,0.000640135083813,-0.00258942088112,0.00334381009452,-0.0039405412972,-0.00259851547889,0.0167559832335,-0.00566169992089,-0.00272452854551,0.0023059300147,0.00132529949769],[-0.000427448394476,0.000660273886751,-0.000824702437967,-0.000214608400711,0.00145679886919,-0.00309581495821,0.00336265610531,-0.000459229398984,-0.00566169992089,0.0165314935148,-0.00600718008354,-0.00119113118853,0.0015727163991],[0.000151276253746,-0.000877911807038,0.000936406140681,-0.00104887294583,-0.000620424340013,0.00235754763708,-0.00172648997977,0.00254915608093,-0.00272452854551,-0.00600718008354,0.0245659667999,-0.0100499177352,0.000875174067914],[0.0000180146580533,0.000463541509816,-0.00109012925532,0.0018075130647,-0.000784129253589,-0.00143850350287,0.00254327198491,-0.00111508218106,0.0023059300147,-0.00119113118853,-0.0100499177352,0.0257878750563,-0.0108430590481],[0.000110840352136,-0.000445069308626,0.000183097028639,-0.000332750962116,0.00104052585084,0.000714363297448,-0.0011389805004,-0.00066454365151,0.00132529949769,0.0015727163991,0.000875174067914,-0.0108430590481,0.0268782414496]],"mean":[-630.195983887,164.132720947,-37.1551551819,29.0926856995,-9.63594532013,27.816362381,-0.961224198341,11.7917547226,0.646825730801,7.14547014236,3.95285511017,2.27224850655,4.43354225159]},"pitch_salience":{"dmean":0.0724606886506,"dmean2":0.117880910635,"dvar":0.00490596005693,"dvar2":0.0129817640409,"max":0.843359291553,"mean":0.539823770523,"median":0.552426218987,"min":0.100006863475,"var":0.0133927222341},"silence_rate_20dB":{"dmean":0,"dmean2":0,"dvar":0,"dvar2":0,"max":1,"mean":1,"median":1,"min":1,"var":0},"silence_rate_30dB":{"dmean":0.0330984406173,"dmean2":0.0662039518356,"dvar":0.0320053547621,"dvar2":0.0814748331904,"max":1,"mean":0.976620078087,"median":1,"min":0,"var":0.0228350907564},"silence_rate_60dB":{"dmean":0.000640615005977,"dmean2":0.00128136679996,"dvar":0.000640270765871,"dvar2":0.00127952243201,"max":1,"mean":0.0185758508742,"median":0,"min":0,"var":0.0182309783995},"spectral_centroid":{"dmean":203.427703857,"dmean2":287.382995605,"dvar":49420.171875,"dvar2":81470.46875,"max":4438.75830078,"mean":1358.53222656,"median":1242.6036377,"min":298.277832031,"var":362385.53125},"spectral_complexity":{"dmean":4.02519750595,"dmean2":5.88681268692,"dvar":14.675904274,"dvar2":26.1193904877,"max":63,"mean":28.5392341614,"median":27,"min":0,"var":111.353561401},"spectral_contrast_coeffs":{"dmean":[0.0518744401634,0.0483856089413,0.0395830050111,0.0293658338487,0.0216313321143,0.0526181682944],"dmean2":[0.0853165611625,0.0800036117435,0.0667265579104,0.049172911793,0.0356006957591,0.0819782540202],"dvar":[0.00164915947244,0.0014604445314,0.00094708474353,0.000527925498318,0.000326881767251,0.00186431675684],"dvar2":[0.00428990274668,0.00396304670721,0.00257307011634,0.0014394155005,0.000864672125317,0.00447397632524],"max":[-0.387355148792,-0.478289842606,-0.545267999172,-0.595839679241,-0.660311937332,-0.386252522469],"mean":[-0.716608583927,-0.766790747643,-0.785016834736,-0.791256725788,-0.805573940277,-0.688367426395],"median":[-0.722992539406,-0.774007022381,-0.788491427898,-0.794416725636,-0.806151032448,-0.688742518425],"min":[-0.93756043911,-0.937629818916,-0.945384085178,-0.943613052368,-0.974188923836,-0.935748517513],"var":[0.00512345740572,0.00400758115575,0.00246546114795,0.00142213946674,0.00124069442973,0.00812317617238]},"spectral_contrast_valleys":{"dmean":[0.351422786713,0.336195707321,0.286368817091,0.238091558218,0.26803407073,0.677715480328],"dmean2":[0.579566597939,0.555346608162,0.465965777636,0.378750234842,0.375279456377,1.08705806732],"dvar":[0.0802886784077,0.0723449513316,0.0546917617321,0.0423225536942,0.0711768195033,0.287260353565],"dvar2":[0.211015224457,0.182076454163,0.134266719222,0.0934218168259,0.14033856988,0.803293049335],"max":[-5.06306886673,-4.643907547,-5.09907722473,-5.49695539474,-5.41021490097,-9.16645145416],"mean":[-6.61703634262,-6.26373672485,-6.40067672729,-6.74859857559,-7.25766801834,-11.1426076889],"median":[-6.49723768234,-6.16326475143,-6.27211523056,-6.59633493423,-7.10006475449,-11.0599050522],"min":[-17.6582756042,-17.6380710602,-18.1418190002,-18.3677845001,-17.2356243134,-19.0937423706],"var":[0.650861561298,0.517186939716,0.650258362293,0.819041788578,1.08110523224,0.833625495434]},"spectral_decrease":{"dmean":3.75318132129e-9,"dmean2":6.14407058563e-9,"dvar":3.27709172533e-17,"dvar2":8.54309555841e-17,"max":1.09496400835e-9,"mean":-9.83133396915e-9,"median":-8.70081784399e-9,"min":-6.04182091024e-8,"var":3.99597255813e-17},"spectral_energy":{"dmean":0.0147349657491,"dmean2":0.0238842014223,"dvar":0.000470252736704,"dvar2":0.00121942220721,"max":0.239147886634,"mean":0.0514240860939,"median":0.0480356141925,"min":5.37358916045e-12,"var":0.000637430348434},"spectral_energyband_high":{"dmean":0.000472592771985,"dmean2":0.00061754026683,"dvar":7.47425190184e-7,"dvar2":0.00000113976852845,"max":0.0220239050686,"mean":0.00161565013696,"median":0.000978737603873,"min":3.06398396238e-12,"var":0.00000474632406622},"spectral_energyband_low":{"dmean":0.0116633148864,"dmean2":0.0196237713099,"dvar":0.00043329509208,"dvar2":0.00116171664558,"max":0.20387531817,"mean":0.0221045389771,"median":0.0173347890377,"min":6.95343237741e-14,"var":0.000440101721324},"spectral_energyband_middle_high":{"dmean":0.00322934309952,"dmean2":0.00494753941894,"dvar":0.0000129505233417,"dvar2":0.0000304353179672,"max":0.0602657049894,"mean":0.0107480445877,"median":0.00965500157326,"min":6.27124220609e-13,"var":0.0000509921665071},"spectral_energyband_middle_low":{"dmean":0.00424582744017,"dmean2":0.00672168051824,"dvar":0.0000273429141089,"dvar2":0.00006703021063,"max":0.0832028985023,"mean":0.0112134022638,"median":0.00905561912805,"min":7.32159829726e-13,"var":0.0000746356963646},"spectral_entropy":{"dmean":0.130381539464,"dmean2":0.190827488899,"dvar":0.0166780594736,"dvar2":0.0376396887004,"max":8.68986797333,"mean":7.60151672363,"median":7.67398071289,"min":5.20396518707,"var":0.112707659602},"spectral_flux":{"dmean":0.0260437112302,"dmean2":0.0411983504891,"dvar":0.000980209093541,"dvar2":0.00205498421565,"max":0.390212923288,"mean":0.121286988258,"median":0.115432076156,"min":0.000118033989565,"var":0.00220005190931},"spectral_kurtosis":{"dmean":4.75922060013,"dmean2":7.21600389481,"dvar":42.726650238,"dvar2":104.116378784,"max":146.202957153,"mean":21.4362201691,"median":18.7712173462,"min":1.63280820847,"var":103.770614624},"spectral_rms":{"dmean":0.000937013537623,"dmean2":0.00148599443492,"dvar":0.0000013220509345,"dvar2":0.00000329351155415,"max":0.0152746522799,"mean":0.00685597024858,"median":0.00684572942555,"min":7.24052924284e-8,"var":0.00000316544628731},"spectral_rolloff":{"dmean":4159.828125,"dmean2":7804.87011719,"dvar":44729828,"dvar2":106807264,"max":21985.4003906,"mean":9077.86035156,"median":3036.18164062,"min":64.599609375,"var":79884696},"spectral_skewness":{"dmean":0.35790130496,"dmean2":0.517862200737,"dvar":0.172408878803,"dvar2":0.398068964481,"max":10.5251331329,"mean":3.09090566635,"median":2.89118647575,"min":1.00367236137,"var":0.760543942451},"spectral_spread":{"dmean":398106.21875,"dmean2":615154.1875,"dvar":133023178752,"dvar2":323834871808,"max":9211052,"mean":3699633.5,"median":3688904.25,"min":1392533.25,"var":412304080896},"spectral_strongpeak":{"dmean":0.851295173168,"dmean2":1.53387999535,"dvar":20.2915916443,"dvar2":54.2987060547,"max":116.937553406,"mean":1.08452415466,"median":0.274457275867,"min":0,"var":31.613286972},"zerocrossingrate":{"dmean":0.0278010126203,"dmean2":0.0361786410213,"dvar":0.000592408410739,"dvar2":0.00098778901156,"max":0.74072265625,"mean":0.232148259878,"median":0.22802734375,"min":0.0244140625,"var":0.00644837878644}},"metadata":{"audio_properties":{"analysis_sample_rate":44100,"bit_rate":126412,"codec":"mp3","downmix":"mix","equal_loudness":0,"length":217.470458984,"lossless":false,"md5_encoded":"d6de584c04c15b59cee38fe5e8cfbc60","replay_gain":-8.46070289612,"sample_rate":44100},"tags":{"album":["Wild Mood Swings"],"albumartist":["The Cure"],"albumartistsort":["Cure, The"],"artist":["The Cure"],"artistsort":["Cure, The"],"asin":["B000002HH9"],"barcode":["731453179325"],"catalognumber":["FIXCD 28 5317932"],"date":["1996"],"file_name":"12 - The Cure - Trap.mp3","genre":["90S","Songs I Never Get Sick Of","Reasons Why I Love The Cure","Bipolar","Storm","80S","Sick Of It All","Thecure","Goth","Cure Vor Dem Ausgehen","Songs By The Cure That I Love","The Cure","Wild Mood Swings","Robert Smith","Cool","Nowa Fala","British","New Wave","Gotanygoodmusic","Rock","80'S","Alternative","Alternative Rock","Tainted Love","Indie","Post-Punk","Best Of The Cure","Favorite Songs","Bujamsie"],"label":["Fiction Records"],"musicbrainz album release country":["GB"],"musicbrainz album status":["official"],"musicbrainz album type":["album"],"musicbrainz_albumartistid":["69ee3720-a7cb-4402-b48d-a02c366f2bcf"],"musicbrainz_albumid":["a2c67dfd-ccfe-4a80-9f9b-5691a179352d"],"musicbrainz_artistid":["69ee3720-a7cb-4402-b48d-a02c366f2bcf"],"musicbrainz_recordingid":["6f853ab4-0c60-4466-9cd5-67d79b899911"],"title":["Trap"],"tracknumber":["12/14"]},"version":{"essentia":"2.1-beta1","essentia_build_sha":"81dca3489dfd3c4275b86ac4d56d870715677d3f","essentia_git_sha":"v2.1_beta1-28-g21ef5f4","extractor":"music 1.0"}},"rhythm":{"beats_count":400,"beats_loudness":{"dmean":0.0164932515472,"dmean2":0.028777807951,"dvar":0.000197369692614,"dvar2":0.000557878636755,"max":0.133105993271,"mean":0.0552455037832,"median":0.0548827722669,"min":0.00000256065914073,"var":0.000373345916159},"beats_loudness_band_ratio":{"dmean":[0.197037488222,0.083219178021,0.0704457387328,0.0772541090846,0.0611626654863,0.0762716531754],"dmean2":[0.349255114794,0.147961303592,0.125374823809,0.136266887188,