{"lowlevel":{"average_loudness":0.670196294785,"barkbands":{"dmean":[0.0000422359371441,0.00303554488346,0.00207164860331,0.00129750394262,0.00124019465875,0.000932349765208,0.00115743558854,0.000688150525093,0.00130831019487,0.000643414910883,0.000300823361613,0.000347983761458,0.000527646858245,0.000434538727859,0.000211469799979,0.0000866600603331,0.000344537809724,0.0000998729447019,0.0000606046523899,0.0000496043139719,0.0000231372632697,0.0000170256826095,0.0000396032846766,0.0000171632109414,0.0000136442422445,3.43147689819e-7,1.93609494659e-7],"dmean2":[0.0000693007314112,0.00508130900562,0.00326620927081,0.00204999512061,0.00198576110415,0.00141933432315,0.001665420481,0.00103981909342,0.00191176077351,0.00101105938666,0.000479815527797,0.000555520877242,0.000797555083409,0.000683211430442,0.000341968756402,0.000137550014188,0.000557887309697,0.0001620905241,0.0000984990620054,0.0000787953540566,0.0000364140832971,0.0000264794962277,0.0000619543498033,0.0000235493262153,0.0000195309949049,5.11541202286e-7,2.95877811141e-7],"dvar":[9.19137832511e-9,0.0000348556859535,0.0000334537617164,0.00000947331955103,0.0000050109838412,0.00000254603696703,0.00000316237401421,0.00000257808324022,0.00000715652322469,0.00000229584156841,3.7625591176e-7,5.68225345887e-7,0.0000016105072973,0.00000113772819077,2.33660941262e-7,3.61432164198e-8,0.0000010569197002,5.93128390847e-8,2.96209776707e-8,9.13385456158e-9,2.16899032068e-9,1.6869619035e-9,1.65035931587e-8,7.62479501759e-9,1.64068858499e-9,1.17472622341e-12,1.78623310804e-13],"dvar2":[2.20372395887e-8,0.000095854375104,0.0000872635791893,0.0000261776931438,0.0000136784728966,0.00000634724301563,0.00000662671482132,0.00000558875581191,0.0000158847851708,0.00000614127748122,9.19177352898e-7,0.00000134381411954,0.00000321421225635,0.0000029366040053,5.87733040902e-7,7.12477330467e-8,0.00000280966605715,1.57358883257e-7,7.61874119348e-8,2.29161134513e-8,5.10454434277e-9,3.59973051367e-9,3.94007564353e-8,1.32470345804e-8,3.11828451949e-9,2.43212004356e-12,4.01013423856e-13],"max":[0.00257232994772,0.0726661235094,0.0876454785466,0.0623109042645,0.0343130491674,0.0265384055674,0.0378062874079,0.042836304754,0.0485959537327,0.0329944677651,0.0146598760039,0.01903834939,0.0402311980724,0.0348205380142,0.0163511633873,0.00681571196765,0.0256439391524,0.0067244740203,0.00593819282949,0.00225287256762,0.00126186793204,0.00124689086806,0.00302600418217,0.00381197617389,0.00137399067171,0.0000361448546755,0.00000633903846392],"mean":[0.0000796182212071,0.00545654864982,0.00336324749514,0.00271346047521,0.00259075663052,0.00186195864808,0.00262573570944,0.00128457392566,0.00253336713649,0.00110218953341,0.000501440721564,0.000592398282606,0.00102984113619,0.000840874330606,0.000397365482058,0.000191971164895,0.000643116887659,0.000217871187488,0.000139785814099,0.000123387901112,0.0000606897156104,0.0000419189600507,0.0000675710325595,0.0000349393449142,0.0000246175932261,8.91470335773e-7,5.81669382882e-7],"median":[0.0000264265436272,0.00253597879782,0.00104825012386,0.0010637647938,0.00153958564624,0.00102103990503,0.0014905820135,0.000444231671281,0.00083698623348,0.000407081970479,0.000193296815269,0.000240184715949,0.000297156511806,0.000231365964282,0.000147800630657,0.0000819423730718,0.000143252516864,0.0000768337049522,0.0000432273955084,0.0000482854848087,0.0000276750033663,0.0000198499546968,0.0000218226632569,0.00000945628198679,0.00000704548756403,4.60406226921e-7,4.09082929309e-7],"min":[1.25467080575e-23,1.49225267567e-23,7.20952981709e-23,5.02555199268e-23,5.58175635994e-23,5.55176891703e-23,7.99877631752e-23,3.25173229852e-23,6.13636596598e-23,8.60741469143e-23,8.59992808589e-23,4.58735837695e-23,1.26173972521e-22,7.21154677665e-23,2.75886418495e-22,1.21496847769e-22,1.41865211098e-22,1.43042267299e-22,2.53507179299e-22,3.51514601831e-22,4.55525849075e-22,5.52474860087e-22,7.49197635239e-22,8.08688248809e-22,9.94424779015e-22,1.74379447428e-21,2.53713176756e-21],"var":[2.17277751347e-8,0.0000660624937154,0.0000406647413911,0.0000238276606979,0.0000104215578176,0.00000611197219769,0.0000115339234981,0.00000722954428056,0.0000196157925529,0.00000479128266306,7.91768513864e-7,0.00000114473243684,0.00000481898541693,0.00000331252567776,6.15943690718e-7,1.72744591964e-7,0.00000249945969699,1.5565855449e-7,7.36199865514e-8,3.51941444876e-8,8.83941453367e-9,5.16439646603e-9,2.67670969833e-8,1.98941556562e-8,3.87740550778e-9,3.01618886117e-12,3.30113621985e-13]},"barkbands_crest":{"dmean":1.99123942852,"dmean2":3.26874828339,"dvar":3.17420101166,"dvar2":8.70723819733,"max":22.3741474152,"mean":9.19718170166,"median":8.43712329865,"min":2.84854125977,"var":12.2874040604},"barkbands_flatness_db":{"dmean":0.013587010093,"dmean2":0.0214030500501,"dvar":0.000160136289196,"dvar2":0.000411091692513,"max":0.370693713427,"mean":0.158299982548,"median":0.147007882595,"min":0.0209876392037,"var":0.00281661772169},"barkbands_kurtosis":{"dmean":2.57674360275,"dmean2":4.34195804596,"dvar":35.6388168335,"dvar2":113.536476135,"max":170.570083618,"mean":6.82886600494,"median":1.47777605057,"min":-1.96267819405,"var":318.365539551},"barkbands_skewness":{"dmean":0.393652111292,"dmean2":0.616904377937,"dvar":0.176339805126,"dvar2":0.472094148397,"max":11.9010429382,"mean":1.57454955578,"median":1.20243787766,"min":-1.84233593941,"var":2.59634876251},"barkbands_spread":{"dmean":3.08175206184,"dmean2":4.7896437645,"dvar":20.3860778809,"dvar2":46.750831604,"max":160.824874878,"mean":19.8930416107,"median":15.4335384369,"min":0.757446885109,"var":529.198852539},"dissonance":{"dmean":0.0200266037136,"dmean2":0.033963650465,"dvar":0.000374609691789,"dvar2":0.00104990659747,"max":0.500000059605,"mean":0.459390342236,"median":0.464037001133,"min":0.281705826521,"var":0.000675996008795},"dynamic_complexity":6.13386917114,"erbbands":{"dmean":[0.0483871027827,0.826987624168,2.43475747108,3.18450069427,4.09386301041,4.68550205231,5.79931592941,8.07070922852,14.0580148697,19.1303501129,17.9804649353,32.186164856,17.3872241974,15.494392395,11.4014339447,13.2957963943,22.1696453094,22.3970985413,13.6986761093,8.03240203857,7.18705749512,16.3848819733,7.50352621078,3.38831615448,2.86697912216,2.36727118492,0.922745704651,0.998872995377,0.55244243145,1.10411775112,1.00354361534,0.38955283165,0.289140254259,0.196737185121,0.0823234170675,0.00676323100924,0.000416061084252,0.000101232588349,0.0000406341678172,0.00000942572114582],"dmean2":[0.082324385643,1.3813021183,3.82813119888,5.16962099075,6.65778017044,7.44255208969,9.1682767868,12.0996789932,20.4522266388,27.1749992371,27.3574123383,46.4841804504,27.3867797852,24.1852798462,18.0888233185,20.8412837982,33.2100715637,34.5496788025,22.1269721985,12.9104537964,11.5384073257,26.5375118256,12.001124382,5.57880926132,4.54262781143,3.78364372253,1.47109937668,1.55979204178,0.844430625439,1.74913990498,1.56227862835,0.524909794331,0.401862591505,0.279603749514,0.123566165566,0.0101316897199,0.000614247401245,0.000154699213454,0.000061893792008,0.0000139868407132],"dvar":[0.00637418217957,2.83082294464,41.8173866272,68.5023422241,75.1712875366,70.7627716064,140.14541626,195.253555298,497.671203613,1084.45715332,1788.85119629,4969.69335938,1608.68566895,1972.08081055,512.459716797,894.108276367,2792.20605469,3274.52709961,801.780883789,433.867370605,492.073577881,2435.72363281,319.776824951,89.4326324463,37.3741111755,21.909778595,3.69321751595,3.90173220634,1.95240652561,10.8615703583,11.0028572083,4.5329451561,2.1056625843,0.381045460701,0.0878393501043,0.000622961902991,0.00000132635602768,4.10213054636e-8,7.73302044621e-9,2.64191640786e-10],"dvar2":[0.0171594657004,7.75757884979,108.540802002,192.520706177,218.269699097,183.819290161,375.12322998,465.313568115,1046.34411621,2313.11083984,3940.71313477,10772.2285156,3930.30078125,5337.12597656,1222.3067627,1993.40185547,5675.46337891,8310.44921875,2042.95007324,1112.19262695,1306.44616699,6526.23095703,804.606811523,235.350250244,94.4487609863,55.5259132385,9.14000606537,9.12129020691,4.19828128815,26.757516861,24.9516201019,7.85024166107,4.1242723465,0.66610121727,0.203851878643,0.0014693987323,0.00000289596778202,9.47545188978e-8,1.71933240978e-8,5.79428061087e-10],"max":[1.80644631386,20.8253879547,90.2530899048,118.423988342,130.132095337,139.439605713,225.421920776,293.212493896,594.057739258,556.381469727,1063.0390625,1346.60754395,1156.19226074,1225.70727539,515.764709473,977.428344727,1633.65686035,2106.97753906,699.875549316,666.710632324,670.262939453,1312.33935547,534.442932129,297.414031982,183.134475708,105.361152649,48.9198074341,58.1269683838,45.9588775635,99.5604858398,89.3469848633,110.346534729,77.729019165,27.0215587616,7.40889501572,0.629699826241,0.0385366864502,0.00401364499703,0.00133502506651,0.000239426459302],"mean":[0.0801755189896,1.4826682806,4.35481595993,6.23040246964,8.45262050629,9.46406555176,10.6219730377,16.8397064209,30.34897995,39.3290786743,37.5612411499,62.613445282,32.7820243835,29.0375003815,22.3114242554,26.6721687317,47.0029678345,46.0427055359,27.506231308,16.2978897095,15.9784975052,32.4235115051,16.89453125,7.80844497681,7.44785928726,5.98208236694,2.47725868225,2.51384472847,1.44735050201,2.12785720825,1.70636987686,0.776132583618,0.568837046623,0.372257232666,0.127500921488,0.0117942420766,0.00124167872127,0.000350490241544,0.000118969939649,0.0000402111836593],"median":[0.0418791510165,0.694831728935,1.7976398468,3.19640374184,4.86401414871,5.06865596771,5.64291095734,9.17519378662,17.0226612091,19.5388946533,14.4587163925,19.7746238708,14.9878292084,12.1013813019,10.62134552,11.6202421188,15.241481781,14.0734386444,11.0012178421,7.55816173553,5.30044269562,8.82720756531,5.72618770599,2.64197921753,2.63903307915,2.39187574387,1.08943736553,1.20410394669,0.665238857269,0.851558625698,0.496939063072,0.199345588684,0.160424411297,0.114831462502,0.0309113617986,0.00386967766099,0.000817942433059,0.000258931104327,0.0000863809400471,0.0000358595571015],"min":[4.95107885317e-22,4.76646389385e-21,6.67263723433e-20,1.34854764126e-19,1.2040090737e-19,2.81996391523e-19,2.28827574043e-19,5.38732961885e-19,1.39749134942e-18,4.87883067704e-19,9.42066073469e-19,1.41058168941e-18,2.83209105509e-18,2.31020357468e-18,3.16273934096e-18,1.98702286859e-18,4.59614428764e-18,5.84002499198e-18,8.75551487797e-18,1.36137376942e-17,5.91218946939e-18,7.85905458039e-18,9.57777045716e-18,1.08654019849e-17,1.46624877328e-17,1.54179236621e-17,1.59491522864e-17,2.1306705161e-17,1.91403522239e-17,1.70844957274e-17,2.23010457404e-17,1.66186358783e-17,1.45646885146e-17,9.91704354848e-18,8.40601204401e-18,4.9258373867e-18,3.28268363171e-18,1.44597633423e-18,4.22837668537e-19,3.32416875568e-20],"var":[0.0114865377545,5.09384870529,54.2049636841,97.8064041138,130.63092041,178.09312439,220.442871094,525.536621094,1755.38989258,3113.17114258,4949.57861328,13494.0009766,3522.66430664,4156.39501953,1290.80297852,2173.98925781,9271.03222656,10053.1728516,2155.76245117,1149.83056641,1413.35900879,5788.31494141,909.139892578,204.301437378,140.643692017,84.6146469116,13.9424333572,15.081694603,6.30264139175,16.736749649,20.7191448212,10.8786382675,4.96284914017,1.0428442955,0.123217895627,0.000926710024942,0.00000296622488349,9.66573097116e-8,1.42500331535e-8,1.03047004263e-9]},"erbbands_crest":{"dmean":2.41793775558,"dmean2":3.87902092934,"dvar":4.80131816864,"dvar2":12.3713550568,"max":29.1473236084,"mean":9.0513048172,"median":8.31090927124,"min":2.58051514626,"var":14.1045894623},"erbbands_flatness_db":{"dmean":0.0124271502718,"dmean2":0.0187130719423,"dvar":0.000123651494505,"dvar2":0.000270055345027,"max":0.338989466429,"mean":0.169628724456,"median":0.167755901814,"min":0.0244302712381,"var":0.00203475472517},"erbbands_kurtosis":{"dmean":0.775335967541,"dmean2":1.21902751923,"dvar":0.802239716053,"dvar2":1.93572843075,"max":18.0363521576,"mean":0.959405362606,"median":0.390962004662,"min":-1.74491691589,"var":4.1102347374},"erbbands_skewness":{"dmean":0.298244714737,"dmean2":0.462589085102,"dvar":0.0648963525891,"dvar2":0.158476278186,"max":3.31163978577,"mean":0.383433938026,"median":0.349210619926,"min":-2.93797683716,"var":0.533398211002},"erbbands_spread":{"dmean":4.87369728088,"dmean2":7.24937295914,"dvar":27.9053840637,"dvar2":57.2034797668,"max":117.065803528,"mean":29.7125377655,"median":26.9732131958,"min":4.03588914871,"var":224.28968811},"gfcc":{"cov":[[36249.3125,4743.61181641,-5536.06298828,2256.12866211,-1554.65344238,37.8175735474,-1668.70776367,-68.3408203125,-96.1277160645,-434.388244629,27.4352931976,-1013.81964111,-268.687713623],[4743.61181641,1688.74523926,-316.877075195,-312.27255249,-12.5748529434,42.8188819885,-94.4752044678,-33.7319068909,-5.85394525528,-20.7331008911,-29.841802597,-63.2347564697,-12.1039896011],[-5536.06298828,-316.877075195,1709.83850098,-444.688354492,150.483016968,62.3101158142,316.940429688,61.4193916321,-34.6913566589,89.6499786377,-44.6001930237,271.653106689,91.2035827637],[2256.12866211,-312.27255249,-444.688354492,778.5625,-173.189346313,-124.022171021,-188.409408569,-3.72501659393,-14.0662593842,-75.0454711914,20.3436946869,-86.3810806274,-25.2785491943],[-1554.65344238,-12.5748529434,150.483016968,-173.189346313,277.408416748,-12.0353803635,69.2301712036,-2.84574007988,18.18019104,11.5574035645,-14.8458995819,45.4350547791,9.32393074036],[37.8175735474,42.8188819885,62.3101158142,-124.022171021,-12.0353803635,167.343978882,49.6355133057,12.8189554214,11.7142896652,19.6033687592,3.77408885956,6.1911687851,-0.532218456268],[-1668.70776367,-94.4752044678,316.940429688,-188.409408569,69.2301712036,49.6355133057,214.684326172,11.4316883087,12.2455177307,37.3188591003,-0.298626035452,62.7425727844,-3.85314154625],[-68.3408203125,-33.7319068909,61.4193916321,-3.72501659393,-2.84574007988,12.8189554214,11.4316883087,76.2240753174,13.9404315948,0.645767331123,4.45129489899,10.132484436,19.7563705444],[-96.1277160645,-5.85394525528,-34.6913566589,-14.0662593842,18.18019104,11.7142896652,12.2455177307,13.9404315948,70.2871704102,26.9680614471,6.32596635818,0.101501107216,-11.227473259],[-434.388244629,-20.7331008911,89.6499786377,-75.0454711914,11.5574035645,19.6033687592,37.3188591003,0.645767331123,26.9680614471,71.5410995483,13.1703252792,11.9129056931,-2.5371389389],[27.4352931976,-29.841802597,-44.6001930237,20.3436946869,-14.8458995819,3.77408885956,-0.298626035452,4.45129489899,6.32596635818,13.1703252792,61.8748283386,6.85736703873,1.40547704697],[-1013.81964111,-63.2347564697,271.653106689,-86.3810806274,45.4350547791,6.1911687851,62.7425727844,10.132484436,0.101501107216,11.9129056931,6.85736703873,112.99697113,32.7820396423],[-268.687713623,-12.1039896011,91.2035827637,-25.2785491943,9.32393074036,-0.532218456268,-3.85314154625,19.7563705444,-11.227473259,-2.5371389389,1.40547704697,32.7820396423,72.6554641724]],"icov":[[0.000953765236773,-0.0026697833091,0.00187816191465,-0.00241106376052,0.00231024087407,-0.00214717374183,0.00167228956707,-0.00231818598695,0.00198731385171,-0.00130625767633,0.00146699685138,-0.00107325857971,0.00101005507167],[-0.0026697833091,0.00824915803969,-0.00509608536959,0.00734646944329,-0.00627805897966,0.00601022085175,-0.00419649481773,0.00662714196369,-0.00559507962316,0.00397558324039,-0.00384941115044,0.00308213382959,-0.00276268692687],[0.00187816191465,-0.00509608536959,0.00511686783284,-0.0045043984428,0.0046193189919,-0.00414743833244,0.00237235869281,-0.00545345712453,0.00536527950317,-0.00402204506099,0.00441707065329,-0.00456140143797,0.00175316073],[-0.00241106376052,0.00734646944329,-0.0045043984428,0.00873603578657,-0.00467698834836,0.00671771587804,-0.00300313369371,0.00562598602846,-0.00553072895855,0.00503133609891,-0.00424749497324,0.00296653155237,-0.00197366485372],[0.00231024087407,-0.00627805897966,0.0046193189919,-0.00467698834836,0.0104098198935,-0.00389270950109,0.00334513117559,-0.00501727452502,0.00311817764305,-0.00212463713251,0.00440170429647,-0.00351835810579,0.00215908419341],[-0.00214717374183,0.00601022085175,-0.00414743833244,0.00671771587804,-0.00389270950109,0.0123156709597,-0.00498083559796,0.00427416991442,-0.00528868474066,0.00285016233101,-0.00371833425015,0.00306340167299,-0.00226033944637],[0.00167228956707,-0.00419649481773,0.00237235869281,-0.00300313369371,0.00334513117559,-0.00498083559796,0.0114862695336,-0.00462396303192,0.00317531591281,-0.0031195266638,0.0020526542794,-0.00357531988993,0.00481828255579],[-0.00231818598695,0.00662714196369,-0.00545345712453,0.00562598602846,-0.00501727452502,0.00427416991442,-0.00462396303192,0.0219029132277,-0.0102687710896,0.00624289596453,-0.00523235555738,0.00455649290234,-0.00751513196155],[0.00198731385171,-0.00559507962316,0.00536527950317,-0.00553072895855,0.00311817764305,-0.00528868474066,0.00317531591281,-0.0102687710896,0.0246357098222,-0.0117468927056,0.00433124182746,-0.00497342692688,0.00583669217303],[-0.00130625767633,0.00397558324039,-0.00402204506099,0.00503133609891,-0.00212463713251,0.00285016233101,-0.0031195266638,0.00624289596453,-0.0117468927056,0.0236661005765,-0.00748546095565,0.00436958158389,-0.0017540610861],[0.00146699685138,-0.00384941115044,0.00441707065329,-0.00424749497324,0.00440170429647,-0.00371833425015,0.0020526542794,-0.00523235555738,0.00433124182746,-0.00748546095565,0.021691635251,-0.00603573955595,0.0014124608133],[-0.00107325857971,0.00308213382959,-0.00456140143797,0.00296653155237,-0.00351835810579,0.00306340167299,-0.00357531988993,0.00455649290234,-0.00497342692688,0.00436958158389,-0.00603573955595,0.0188427288085,-0.00665322178975],[0.00101005507167,-0.00276268692687,0.00175316073,-0.00197366485372,0.00215908419341,-0.00226033944637,0.00481828255579,-0.00751513196155,0.00583669217303,-0.0017540610861,0.0014124608133,-0.00665322178975,0.0199719183147]],"mean":[-66.2692337036,120.850288391,-105.447540283,18.5422935486,-52.5428009033,14.8357553482,-30.519651413,6.99471759796,-12.7915849686,-1.91620433331,-7.70844078064,-6.42299461365,-9.3002538681]},"hfc":{"dmean":3.69538092613,"dmean2":5.38678836823,"dvar":28.3747196198,"dvar2":60.9768066406,"max":90.1810531616,"mean":16.8652896881,"median":13.2232990265,"min":1.14809347065e-16,"var":235.839019775},"melbands":{"dmean":[0.0006474898546,0.00120993563905,0.000576221558731,0.000300628162222,0.000198095251108,0.000185283803148,0.00020890495216,0.00019097304903,0.000177339941729,0.000185446609976,0.0000884089604369,0.0000684555270709,0.0000444243160018,0.0000351830894942,0.0000511535690748,0.000048098328989,0.0000434707726527,0.0000262847370323,0.0000133715329866,0.00000743525697544,0.0000103582860902,0.0000185753797268,0.0000131711167342,0.00000505497382619,0.0000027468765893,0.00000241143015955,0.00000219572166316,0.00000155301324867,6.86848864007e-7,5.41419524325e-7,7.02186980561e-7,3.45948507174e-7,3.31899883577e-7,8.36336596421e-7,7.85102599821e-7,2.65873779881e-7,2.35462493947e-7,2.32678161183e-7,1.60986360243e-7,1.74730587332e-7],"dmean2":[0.00109070236795,0.00192986102775,0.000925040629227,0.000484869815409,0.000310420524329,0.00027691051946,0.000305208668578,0.000272632751148,0.000267248484306,0.000268830335699,0.000139902418596,0.000106825136754,0.0000707676590537,0.0000560532826057,0.0000785928205005,0.0000718055671314,0.0000679958684486,0.0000425244688813,0.0000212221530091,0.0000119841506603,0.0000166465451912,0.0000302665212075,0.0000211899950955,0.00000831539909996,0.00000455088638773,0.00000394428343498,0.00000344387467521,0.00000250696052717,0.00000111211261355,8.68987626745e-7,0.00000110716723611,5.44829674709e-7,5.22286200066e-7,0.00000134799529405,0.00000123634413285,3.76568550564e-7,3.29381094843e-7,3.34251211598e-7,2.31091135561e-7,2.53566298625e-7],"dvar":[0.0000013064562836,0.00000843714224175,0.00000200277781914,3.16002541467e-7,1.43022859334e-7,9.44309519468e-8,1.03740767088e-7,1.01932727148e-7,1.38110806347e-7,1.67479299762e-7,4.02457800419e-8,3.93820904776e-8,8.11515654675e-9,6.80401823772e-9,1.88768876086e-8,1.05682369522e-8,1.34511299876e-8,3.28170313146e-9,1.47017853447e-9,2.53463305899e-10,1.47851009213e-9,3.4968865581e-9,1.95306970596e-9,2.40540254381e-10,7.03885214004e-11,4.09212178032e-11,2.01616605355e-11,9.64469910186e-12,1.98365846318e-12,1.51722991809e-12,2.05953483434e-12,6.69448329237e-13,1.03054012806e-12,7.03756150577e-12,6.67060547424e-12,2.00511005369e-12,2.03626135051e-12,1.31733241936e-12,7.16114396514e-13,2.389178536e-13],"dvar2":[0.00000357827525477,0.0000219425073738,0.00000560955413675,8.84837959347e-7,3.76607971475e-7,2.24033186669e-7,2.18881112346e-7,2.19993737005e-7,3.08394760395e-7,3.73217204697e-7,9.92275488443e-8,1.07003380379e-7,1.96248031159e-8,1.67751394997e-8,3.44933468455e-8,2.15192947906e-8,3.53812836806e-8,8.29501622945e-9,3.40028027956e-9,5.90839766001e-10,3.98392741019e-9,9.60165014163e-9,4.80337991604e-9,6.64124089056e-10,1.84120704794e-10,1.08339212601e-10,4.93042447147e-11,2.49811369507e-11,5.0554239614e-12,3.77263541587e-12,4.8593733204e-12,1.56610672781e-12,2.24671886997e-12,1.79341611006e-11,1.60885905293e-11,3.29481450803e-12,4.1428921925e-12,2.83729593639e-12,1.18657850472e-12,4.79156211236e-13],"max":[0.01823682338,0.035750169307,0.0214304309338,0.00777861429378,0.00672692898661,0.00594168156385,0.00765616772696,0.00493967020884,0.00769695034251,0.00924545153975,0.00567426718771,0.00542152160779,0.00212969677523,0.00246297009289,0.00639323657379,0.00220585195348,0.0043224748224,0.00159042747691,0.00183255749289,0.000556896615308,0.00117988989223,0.00145856372546,0.00166500872001,0.000499853689689,0.000283538189251,0.00018312157772,0.0000997239985736,0.0000607364891039,0.0000318883139698,0.0000414170935983,0.0000539151187695,0.0000244139391725,0.0000409256936109,0.0000696932038409,0.0000637336925138,0.0000871019510669,0.0000794658626546,0.0000645427207928,0.0000456727939309,0.0000169183767866],"mean":[0.00113663845696,0.00225714757107,0.00120401557069,0.000637107819784,0.000393516209442,0.00039461068809,0.000469867314678,0.000386975822039,0.000357382785296,0.000357254815754,0.000156477835844,0.000123158402857,0.000078373857832,0.0000599898121436,0.0000966035950114,0.0000991256456473,0.0000841025321279,0.0000478323818243,0.000025296361855,0.0000149198149302,0.0000201620368898,0.0000345655134879,0.0000261966633843,0.0000102440635601,0.00000558470856049,0.00000540405699212,0.00000535496110388,0.00000356366808774,0.00000156758665071,0.00000125521830796,0.00000159156888913,8.17687919152e-7,7.33285901333e-7,0.0000014300736666,0.00000119749597616,5.04776608068e-7,4.41345719082e-7,4.2929252686e-7,3.15577239007e-7,3.11485734983e-7],"median":[0.000552047975361,0.00110752461478,0.000649252149742,0.000401624129154,0.00022372615058,0.00021829965408,0.00027280478389,0.000190524209756,0.000118966418086,0.000117893592687,0.0000636999757262,0.0000464961958642,0.0000330268521793,0.0000232972179219,0.0000347380955645,0.0000288467690552,0.0000221695154323,0.0000171478604898,0.00000997523056867,0.00000690676915838,0.00000476225568491,0.00000898703910934,0.00000614716782366,0.00000354746498488,0.00000155397492563,0.00000166699999227,0.00000190327693872,0.00000125112910609,6.05314255608e-7,4.57727850289e-7,7.53352651373e-7,3.8134243141e-7,2.78677816823e-7,5.35879792096e-7,3.14277315283e-7,1.24855091599e-7,1.03852840994e-7,1.19125289189e-7,8.70976819556e-8,9.23861520619e-8],"min":[4.60515657781e-24,2.43532831479e-23,2.3314817186e-23,1.42035589276e-23,8.98250826998e-24,1.32295318576e-23,1.93449362116e-23,4.94147006981e-24,7.67635182616e-24,9.35318769846e-24,1.40777245692e-23,9.2230619367e-24,1.21644442066e-23,5.5509455829e-24,5.59347189101e-24,1.40257039257e-23,9.32211525626e-24,1.20453025441e-23,1.96565552018e-23,1.30694522584e-23,5.07119430137e-24,6.41736413688e-24,1.17517484686e-23,6.35431521789e-24,9.14719481686e-24,9.75535450997e-24,1.23885430237e-23,9.38462065009e-24,9.94990811958e-24,1.05200328841e-23,1.28636416037e-23,1.22698667892e-23,8.36546442536e-24,9.27901268526e-24,1.27271781334e-23,1.30808907415e-23,8.56383533289e-24,1.08839872734e-23,7.3255879801e-24,9.25332500761e-24],"var":[0.00000259933062807,0.0000119484166134,0.00000330697162099,6.04108606694e-7,2.74045930837e-7,2.72179050853e-7,3.75075131842e-7,2.98828581435e-7,3.94657774905e-7,4.34121545823e-7,8.77968560076e-8,8.16273697524e-8,1.81412307398e-8,1.28203518912e-8,4.96729413157e-8,3.8602941288e-8,3.85614171705e-8,7.95150345567e-9,3.84366494188e-9,6.79677980564e-10,3.50261486481e-9,7.33545268972e-9,5.43328759761e-9,5.35700594995e-10,1.41407538456e-10,1.0578284082e-10,7.89479315255e-11,3.26830125463e-11,6.30479696229e-12,5.07329074584e-12,7.09256481671e-12,1.89722174603e-12,2.46972884851e-12,8.82669978775e-12,9.92355069646e-12,4.92511934014e-12,4.05799786135e-12,2.76943897502e-12,1.75798622621e-12,6.06826438057e-13]},"melbands_crest":{"dmean":2.6211874485,"dmean2":4.15904569626,"dvar":6.52064704895,"dvar2":17.323677063,"max":35.8874397278,"mean":14.1659822464,"median":12.181014061,"min":2.21349906921,"var":46.5008277893},"melbands_flatness_db":{"dmean":0.0169713702053,"dmean2":0.0265232790262,"dvar":0.000277117535006,"dvar2":0.000693468376994,"max":0.520353674889,"mean":0.23779566586,"median":0.219250947237,"min":0.0056197126396,"var":0.00675455806777},"melbands_kurtosis":{"dmean":4.83058786392,"dmean2":7.81453371048,"dvar":162.54901123,"dvar2":499.474090576,"max":510.66229248,"mean":11.7651882172,"median":4.70144033432,"min":-1.60145664215,"var":579.017333984},"melbands_skewness":{"dmean":0.505909144878,"dmean2":0.777661085129,"dvar":0.336337953806,"dvar2":0.885407626629,"max":15.9689540863,"mean":2.26648330688,"median":1.93502163887,"min":-0.338910549879,"var":2.38110375404},"melbands_spread":{"dmean":3.90845012665,"dmean2":6.06625127792,"dvar":24.5803966522,"dvar2":56.8499794006,"max":141.387695312,"mean":20.0082550049,"median":16.9711914062,"min":0.657118499279,"var":245.539627075},"mfcc":{"cov":[[23764.3398438,979.848266602,-2686.43261719,557.627868652,153.925750732,-245.104766846,-654.456298828,-287.346160889,-473.431030273,54.9567451477,256.723449707,117.676933289,-178.30531311],[979.848266602,2055.57299805,-33.9028434753,-411.698638916,-3.49524855614,66.814704895,67.6251907349,32.7811851501,69.5659942627,42.1545028687,17.3282680511,-25.0158443451,35.6735305786],[-2686.43261719,-33.9028434753,882.751037598,38.5155830383,-71.9530258179,33.3847503662,113.271194458,85.7107162476,82.4468002319,-25.0700531006,-39.7857971191,-1.29244542122,46.1180267334],[557.627868652,-411.698638916,38.5155830383,461.355743408,63.9142379761,-49.78931427,-49.630027771,-5.75712347031,-24.2833137512,-51.1636581421,-19.5987110138,12.8737220764,3.25569605827],[153.925750732,-3.49524855614,-71.9530258179,63.9142379761,171.695861816,-17.4087600708,-25.847442627,-10.7757606506,5.40968751907,-12.7602987289,-27.2503128052,0.534257054329,4.09339141846],[-245.104766846,66.814704895,33.3847503662,-49.78931427,-17.4087600708,119.642539978,25.5743122101,20.575378418,7.2774887085,14.1348323822,31.8614292145,-4.50654745102,-1.84505903721],[-654.456298828,67.6251907349,113.271194458,-49.630027771,-25.847442627,25.5743122101,109.30317688,33.8382492065,22.2277011871,8.15184116364,-7.56112098694,-0.0114738624543,0.0800776705146],[-287.346160889,32.7811851501,85.7107162476,-5.75712347031,-10.7757606506,20.575378418,33.8382492065,90.4293441772,22.9560184479,-3.29582095146,-0.648618578911,2.07704496384,13.2299757004],[-473.431030273,69.5659942627,82.4468002319,-24.2833137512,5.40968751907,7.2774887085,22.2277011871,22.9560184479,80.6090621948,6.25450515747,-6.5190320015,-4.52878904343,5.49782896042],[54.9567451477,42.1545028687,-25.0700531006,-51.1636581421,-12.7602987289,14.1348323822,8.15184116364,-3.29582095146,6.25450515747,85.4709014893,19.0386219025,0.236176565289,-8.98554801941],[256.723449707,17.3282680511,-39.7857971191,-19.5987110138,-27.2503128052,31.8614292145,-7.56112098694,-0.648618578911,-6.5190320015,19.0386219025,102.068031311,16.1944103241,-8.91446971893],[117.676933289,-25.0158443451,-1.29244542122,12.8737220764,0.534257054329,-4.50654745102,-0.0114738624543,2.07704496384,-4.52878904343,0.236176565289,16.1944103241,58.9982528687,9.36494541168],[-178.30531311,35.6735305786,46.1180267334,3.25569605827,4.09339141846,-1.84505903721,0.0800776705146,13.2299757004,5.49782896042,-8.98554801941,-8.91446971893,9.36494541168,62.3493499756]],"icov":[[0.0000893267279025,-0.000096337076684,0.000218723464059,-0.000183436757652,0.0000923709012568,0.0000814999584691,0.000265159033006,-0.0000922942417674,0.000248857279075,-0.0000692501998856,-0.0000738970193197,-0.000150297797518,0.000154045963427],[-0.000096337076684,0.000727517355699,-0.000171669336851,0.000725926307496,-0.000289053888991,-0.000167873964529,-0.000450033519883,0.0000457481110061,-0.000603011634666,0.000105746927147,-0.0000374841729354,0.000384181330446,-0.000592454394791],[0.000218723464059,-0.000171669336851,0.00216652685776,-0.00079940649448,0.000969521177467,-0.0000995473674266,-0.000568297051359,-0.000722152064554,-0.00068712834036,0.00020612514345,0.000334991578711,-0.000334662996465,-0.000561228196602],[-0.000183436757652,0.000725926307496,-0.00079940649448,0.0035261742305,-0.00127211911604,0.000519230787177,0.000418719107984,-0.000232383899856,0.0000769543112256,0.00128861691337,-0.0000197089120775,-0.0000148389117385,-0.000206768643693],[0.0000923709012568,-0.000289053888991,0.000969521177467,-0.00127211911604,0.00717457896098,-0.000215154606849,0.00120722036809,0.000259942404227,-0.001335566747,0.000242213602178,0.00198850873858,-0.000714121328201,-0.000211015227251],[0.0000814999584691,-0.000167873964529,-0.0000995473674266,0.000519230787177,-0.000215154606849,0.0104823531583,-0.00137698533945,-0.00172156246845,0.000648339395411,-0.000613549142145,-0.0036308967974,0.00153537234291,0.000171694468008],[0.000265159033006,-0.000450033519883,-0.000568297051359,0.000418719107984,0.00120722036809,-0.00137698533945,0.0136647215113,-0.00337652233429,-0.000151901229401,-0.000996183138341,0.00165469339117,-0.00165264506359,0.00234782579355],[-0.0000922942417674,0.0000457481110061,-0.000722152064554,-0.000232383899856,0.000259942404227,-0.00172156246845,-0.00337652233429,0.0142120234668,-0.00281634693965,0.000869205861818,-0.000182530187885,-0.000177297741175,-0.00244902656414],[0.000248857279075,-0.000603011634666,-0.00068712834036,0.0000769543112256,-0.001335566747,0.000648339395411,-0.000151901229401,-0.00281634693965,0.0160942133516,-0.00152110157069,-0.000095788112958,0.000560619460884,0.000529323064256],[-0.0000692501998856,0.000105746927147,0.00020612514345,0.00128861691337,0.000242213602178,-0.000613549142145,-0.000996183138341,0.000869205861818,-0.00152110157069,0.0134262843058,-0.00182923965622,-0.0000189241836779,0.00111486355308],[-0.0000738970193197,-0.0000374841729354,0.000334991578711,-0.0000197089120775,0.00198850873858,-0.0036308967974,0.00165469339117,-0.000182530187885,-0.000095788112958,-0.00182923965622,0.0130022205412,-0.00396224064752,0.00156093621626],[-0.000150297797518,0.000384181330446,-0.000334662996465,-0.0000148389117385,-0.000714121328201,0.00153537234291,-0.00165264506359,-0.000177297741175,0.000560619460884,-0.0000189241836779,-0.00396224064752,0.019268957898,-0.00378213915974],[0.000154045963427,-0.000592454394791,-0.000561228196602,-0.000206768643693,-0.000211015227251,0.000171694468008,0.00234782579355,-0.00244902656414,0.000529323064256,0.00111486355308,0.00156093621626,-0.00378213915974,0.0186849292368]],"mean":[-698.639038086,151.399093628,6.88941907883,12.7251396179,4.3017001152,4.64490222931,-0.187285616994,5.02194356918,0.25920137763,3.15494346619,5.99897956848,2.17780995369,0.468166381121]},"pitch_salience":{"dmean":0.063674762845,"dmean2":0.104575574398,"dvar":0.00334872491658,"dvar2":0.00937869492918,"max":0.845868885517,"mean":0.553634405136,"median":0.56286752224,"min":0.146184265614,"var":0.011498500593},"silence_rate_20dB":{"dmean":0,"dmean2":0,"dvar":0,"dvar2":0,"max":1,"mean":1,"median":1,"min":1,"var":0},"silence_rate_30dB":{"dmean":0.00786567851901,"dmean2":0.0157337374985,"dvar":0.0078033907339,"dvar2":0.0200234092772,"max":1,"mean":0.994252860546,"median":1,"min":0,"var":0.00571429776028},"silence_rate_60dB":{"dmean":0.00363031309098,"dmean2":0.00726172467694,"dvar":0.00361728318967,"dvar2":0.0087224394083,"max":1,"mean":0.180127039552,"median":0,"min":0,"var":0.147700503469},"spectral_centroid":{"dmean":130.453491211,"dmean2":200.322555542,"dvar":32799.0859375,"dvar2":64460.8476562,"max":11389.3613281,"mean":1017.51855469,"median":877.132751465,"min":149.816360474,"var":367847.5},"spectral_complexity":{"dmean":2.10043859482,"dmean2":3.38698935509,"dvar":4.79548740387,"dvar2":11.1241121292,"max":48,"mean":16.6486682892,"median":18,"min":0,"var":92.3931045532},"spectral_contrast_coeffs":{"dmean":[0.0429695621133,0.0386484190822,0.0340632200241,0.0271534118801,0.0184502806515,0.0129309250042],"dmean2":[0.0712938532233,0.0623527318239,0.0551730021834,0.0446981601417,0.0306070111692,0.0209046956152],"dvar":[0.0013490683632,0.000985335675068,0.00074947020039,0.000494115578476,0.000246845505899,0.000137242153869],"dvar2":[0.00384480296634,0.0026032475289,0.00194291851949,0.00126326445024,0.000652453571092,0.000331862509483],"max":[-0.369178950787,-0.472908914089,-0.5324665308,-0.546999514103,-0.584864854813,-0.583101153374],"mean":[-0.675712287426,-0.739963650703,-0.755289494991,-0.773200809956,-0.793885946274,-0.788439810276],"median":[-0.665289402008,-0.738863229752,-0.756577670574,-0.77201962471,-0.788992404938,-0.774658322334],"min":[-0.959793925285,-0.964499235153,-0.96372628212,-0.964536368847,-0.958557426929,-0.958849668503],"var":[0.0078766848892,0.00542358122766,0.00471366429701,0.00452300533652,0.00372849381529,0.00347881461494]},"spectral_contrast_valleys":{"dmean":[0.343218833208,0.281579911709,0.262901842594,0.214472606778,0.170440793037,0.185938090086],"dmean2":[0.561626434326,0.460280030966,0.424852073193,0.348962903023,0.261159032583,0.25129544735],"dvar":[0.104380935431,0.0729424878955,0.0641734302044,0.0491563118994,0.0445414744318,0.0637436360121],"dvar2":[0.250181883574,0.160607308149,0.131603628397,0.0899478122592,0.0682664960623,0.0917841121554],"max":[-5.31342458725,-4.83174610138,-5.46886968613,-5.99266242981,-6.0676484108,-7.83935165405],"mean":[-7.42204332352,-6.88005495071,-7.72380638123,-8.28321933746,-8.551653862,-11.0641384125],"median":[-6.93488693237,-6.30902051926,-7.21261787415,-7.62800979614,-7.85203409195,-10.6017208099],"min":[-27.2144317627,-27.2088356018,-27.4335155487,-27.3436431885,-27.2594051361,-27.2475528717],"var":[3.98085689545,3.82293057442,3.45686602592,3.91953730583,3.80974626541,2.43927788734]},"spectral_decrease":{"dmean":1.85612780701e-9,"dmean2":2.79800449476e-9,"dvar":1.06967745996e-17,"dvar2":2.44014856175e-17,"max":6.78499808832e-20,"mean":-7.15138481766e-9,"median":-6.28193896901e-9,"min":-4.3647073511e-8,"var":3.75677640953e-17},"spectral_energy":{"dmean":0.00724877184257,"dmean2":0.0109059400856,"dvar":0.000159239032655,"dvar2":0.000361654907465,"max":0.170113936067,"mean":0.0285206586123,"median":0.0251598488539,"min":1.05663461758e-20,"var":0.000588484865148},"spectral_energyband_high":{"dmean":0.000100987017504,"dmean2":0.000143951154314,"dvar":6.54031069303e-8,"dvar2":1.21829287991e-7,"max":0.00824763160199,"mean":0.00027591973776,"median":0.000137185241329,"min":7.84313108218e-21,"var":2.20446480625e-7},"spectral_energyband_low":{"dmean":0.00481194863096,"dmean2":0.00764577230439,"dvar":0.000104635080788,"dvar2":0.000262162677245,"max":0.122429825366,"mean":0.0101469270885,"median":0.00601957924664,"min":1.17875420856e-22,"var":0.000172661690158},"spectral_energyband_middle_high":{"dmean":0.00158202135935,"dmean2":0.00239644595422,"dvar":0.00000632980982118,"dvar2":0.0000147627497427,"max":0.0526502877474,"mean":0.00557790277526,"median":0.00362841482274,"min":1.52194235198e-21,"var":0.0000402447803936},"spectral_energyband_middle_low":{"dmean":0.00397597253323,"dmean2":0.00603219587356,"dvar":0.0000408765554312,"dvar2":0.000103502759885,"max":0.0854004248977,"mean":0.0139074120671,"median":0.011894274503,"min":3.70770835367e-22,"var":0.000152760942001},"spectral_entropy":{"dmean":0.10586835444,"dmean2":0.157169207931,"dvar":0.010665233247,"dvar2":0.0223943814635,"max":9.80484104156,"mean":7.30713319778,"median":7.32826137543,"min":5.59003162384,"var":0.202197268605},"spectral_flux":{"dmean":0.0169793087989,"dmean2":0.0262044835836,"dvar":0.000630282855127,"dvar2":0.00120782991871,"max":0.331100404263,"mean":0.0675745680928,"median":0.0619496591389,"min":1.02792732659e-10,"var":0.00241934764199},"spectral_kurtosis":{"dmean":2.11945295334,"dmean2":3.60530853271,"dvar":11.2762851715,"dvar2":35.2613296509,"max":103.8072052,"mean":9.32143497467,"median":5.75353336334,"min":-1.22134172916,"var":146.90864563},"spectral_rms":{"dmean":0.000575602054596,"dmean2":0.000851408403832,"dvar":6.68595475872e-7,"dvar2":0.00000141598820846,"max":0.0128827327862,"mean":0.00463142804801,"median":0.00495441164821,"min":3.21070557294e-12,"var":0.00000637511902823},"spectral_rolloff":{"dmean":243.224212646,"dmean2":410.565216064,"dvar":364522.625,"dvar2":1014359.9375,"max":19595.2148438,"mean":1452.93139648,"median":839.794921875,"min":43.06640625,"var":8461200},"spectral_skewness":{"dmean":0.206636071205,"dmean2":0.337990313768,"dvar":0.0480493605137,"dvar2":0.136964350939,"max":8.41145038605,"mean":2.17571544647,"median":1.88335514069,"min":-0.0531470440328,"var":1.14071881771},"spectral_spread":{"dmean":324376.90625,"dmean2":481736.84375,"dvar":273633558528,"dvar2":400072802304,"max":39907720,"mean":4081252,"median":3602844.25,"min":780951.375,"var":3790139817980},"spectral_strongpeak":{"dmean":0.485710144043,"dmean2":0.828184068203,"dvar":1.04988765717,"dvar2":2.7227268219,"max":22.8564510345,"mean":0.836240172386,"median":0.400391310453,"min":0,"var":1.65167117119},"zerocrossingrate":{"dmean":0.0059844921343,"dmean2":0.00755801750347,"dvar":0.0000506677897647,"dvar2":0.0000721170363249,"max":0.5400390625,"mean":0.0520786084235,"median":0.03857421875,"min":0.0029296875,"var":0.00508281588554}},"metadata":{"audio_properties":{"analysis_sample_rate":44100,"bit_rate":320054,"codec":"mp3","downmix":"mix","equal_loudness":0,"length":153.495513916,"lossless":false,"md5_encoded":"0938c8c746e92775a5adc4c94d61db22","replay_gain":-10.0832538605,"sample_rate":44100},"tags":{"album":["20/20"],"artist":["The Beach Boys"],"date":["1969"],"file_name":"copy1929831716349517489.mp3","genre":["Rock"],"musicbrainz_recordingid":["6fc4bcfa-b6a1-4c22-9e6e-9ae64a59f4b5"],"title":["Never Learn Not to Love"],"tracknumber":["10/12"]},"version":{"essentia":"2.1-beta2","essentia_build_sha":"cead25079874084f62182a551b7393616cd33d87","essentia_git_sha":"v2.1_beta2-1-ge3940c0","extractor":"music 1.0"}},"rhythm":{"beats_count":364,"beats_loudness":{"dmean":0.0186557825655,"dmean2":0.0323082357645,"dvar":0.000369835848687,"dvar2":0.00117566855624,"max":0.132307574153,"mean":0.0422472991049,"median":0.042085044086,"min":9.51078438227e-10,"var":0.000926902983338},"beats_loudness_band_ratio":{"dmean":[0.184340715408,0.0795037969947,0.127198189497,0.0689416304231,0.0329738035798,0.0138374138623],"dmean2":[0.323179125786,0.13696859777,0.22354863584,0.125658050179,0.0574746988714,0.0226305313408],"dvar":[0.0240493696183,0.00624824687839,0.0135518200696,0.00512248743325,0.001762012369,0.00109406316187],"dvar2":[0.0752483978868,0.0185078252107,0.0413559190929,0.0151189556345,0.00520821521059,0.00139517593198],"max":[0.96902513504,0.653200805187,0.734320998192,0.521897017956,0.262601554394,0.588112533092],"mean":[0.501820623875,0.145028412342,0.212722301483,0.101491250098,0.047104999423,0.0281646437943],"median":[0.482223510742,0.118264392018,0.196144968271,0.0752390176058,0.030156377703,0.0125797940418],"min":[0.0865176990628,0.000371589296265,0.00141829426866,0.00129726598971,0.0000988241954474,0.0000619905040367],"var":[0.0477965995669,0.00935401953757,0.0