{"lowlevel":{"average_loudness":0.896632790565,"barkbands":{"dmean":[0.00229370221496,0.00425787130371,0.00104557012673,0.00117610092275,0.00376687454991,0.00160812283866,0.000848555122502,0.000624481181148,0.000698196003214,0.000445571640739,0.000264031463303,0.000144668447319,0.000104208455014,0.000119171862025,0.000166679703398,0.00003707619544,0.0000204557636607,0.0000151208032548,0.0000167324651557,0.0000121838938867,0.00000737288883101,0.0000040665963752,0.00000252008499046,0.00000205551805266,0.00000136889616442,0.00000186583577033,0.00000842159352032],"dmean2":[0.00368897151202,0.00667921081185,0.00173157954123,0.00186846940778,0.00565228518099,0.00243099313229,0.00133765640203,0.000961054465733,0.00105454516597,0.000690424290951,0.000410015287343,0.000227634460316,0.000170317696757,0.000192030522157,0.00025965218083,0.0000604312845098,0.000030746403354,0.0000221257214434,0.0000242805908783,0.0000176528392331,0.0000107409741759,0.00000614096916252,0.0000039359456423,0.00000326152371599,0.00000231659555538,0.00000297778296954,0.0000121452903841],"dvar":[0.0000473900436191,0.000089756314992,0.00000245500859819,0.00000503578439748,0.000076473414083,0.0000186611177924,0.00000472015381092,0.00000467500058221,0.00000510169547852,0.00000178339871582,7.04698322807e-7,1.74204359382e-7,5.50872769622e-8,7.1041803551e-8,2.05572305845e-7,8.14257461457e-9,2.54576115744e-9,1.21163101774e-9,1.96777727446e-9,1.19452936431e-9,2.58766785777e-10,6.86746007283e-11,2.27957167032e-11,1.50594328674e-11,9.2227440962e-12,1.21644404619e-11,2.21250781585e-10],"dvar2":[0.000110924091132,0.000216955333599,0.00000660428941046,0.0000114500699055,0.000162808893947,0.0000408884552598,0.0000110028622657,0.0000105733433884,0.0000115011143862,0.00000427022268923,0.00000158894533797,4.34543892425e-7,1.47618777646e-7,1.81160729085e-7,4.9273961622e-7,2.08786019584e-8,5.55614843023e-9,2.48057729912e-9,3.95679844445e-9,2.62994714895e-9,5.13893261278e-10,1.43553488541e-10,5.13711191641e-11,3.46950697339e-11,2.33872921029e-11,2.85278085876e-11,4.51793380485e-10],"max":[0.125673756003,0.112316347659,0.0248010139912,0.0769685283303,0.153080046177,0.0984634310007,0.0615766048431,0.0613622330129,0.0640648975968,0.0251232981682,0.0232963040471,0.0110093932599,0.00561750028282,0.00494309840724,0.0132474573329,0.00176943116821,0.000822826754302,0.000443738797912,0.00130023260135,0.00120685680304,0.000196473949472,0.000101276513305,0.0000546687151655,0.0000624635940767,0.0000470247468911,0.0000523482121935,0.000296781014185],"mean":[0.00441521126777,0.0083198286593,0.00144424755126,0.00178805645555,0.00605733925477,0.00260050175712,0.00133894465398,0.000895445293281,0.000987219624221,0.000614144722931,0.000354658812284,0.000231537880609,0.000148371967953,0.000181382842129,0.000249330681982,0.000044404208893,0.000022600264856,0.000017291838958,0.0000206846543733,0.0000151214226207,0.00000889952843863,0.00000467681729788,0.0000027244584544,0.00000204851835406,0.00000124039911498,0.00000190987225324,0.0000133464218379],"median":[0.000363941129763,0.00211078673601,0.000830221746583,0.000794810359366,0.00151152024046,0.000596544006839,0.000349063368049,0.000185906959814,0.000126012120745,0.0000650456204312,0.0000544300928595,0.0000344042600773,0.0000319289101753,0.0000342887105944,0.0000339841317327,0.00000942959650274,0.00000443752014689,0.00000357614430868,0.00000413814404965,0.00000306604556499,0.00000197769941224,0.0000011801665778,7.20378579899e-7,4.23214657985e-7,2.59732644281e-7,4.6059193437e-7,0.00000375840863853],"min":[2.85735706617e-23,6.13228534629e-23,3.17995889346e-23,3.09598086357e-23,8.23217754018e-23,8.33162576352e-23,4.59835099589e-23,2.15652104729e-23,9.75137281343e-23,4.64029220587e-23,3.35710802269e-23,5.74526576857e-23,1.29561025704e-22,7.05010039706e-23,8.35085693021e-23,1.76851331084e-22,2.26765728623e-22,8.89163180925e-23,3.40388204701e-22,3.3205561211e-22,3.76428722484e-22,7.61292273933e-22,5.65555410829e-22,1.18651606975e-21,1.10885833032e-21,1.6168948507e-21,2.18904281629e-21],"var":[0.0000640935177216,0.000149831466842,0.00000350529626303,0.000010412642041,0.000166076293681,0.0000456475645478,0.00000988323063211,0.00000801826899988,0.00000905053184397,0.00000350484901901,0.0000013709131963,4.1922771743e-7,1.03388863693e-7,1.43801827335e-7,4.14047775621e-7,1.00082653276e-8,3.02774960659e-9,1.62861335529e-9,3.13251002915e-9,1.60672286587e-9,3.84022980082e-10,9.47421099906e-11,2.87781153074e-11,1.82546946309e-11,9.26291248565e-12,1.46110467475e-11,4.94299545739e-10]},"barkbands_crest":{"dmean":2.62276124954,"dmean2":4.21657514572,"dvar":5.43969488144,"dvar2":13.7291469574,"max":24.4717063904,"mean":11.088092804,"median":10.673989296,"min":2.90790677071,"var":13.9257173538},"barkbands_flatness_db":{"dmean":0.0388686805964,"dmean2":0.0585695765913,"dvar":0.00107116869185,"dvar2":0.0024677910842,"max":0.512478411198,"mean":0.224205061793,"median":0.220361933112,"min":0.0479399636388,"var":0.00528466282412},"barkbands_kurtosis":{"dmean":6.76916790009,"dmean2":10.7606544495,"dvar":100.161003113,"dvar2":242.898178101,"max":159.911193848,"mean":11.976023674,"median":7.25849437714,"min":-1.86450123787,"var":212.246353149},"barkbands_skewness":{"dmean":0.760865986347,"dmean2":1.18085515499,"dvar":0.540277659893,"dvar2":1.26368308067,"max":9.17391395569,"mean":2.15988063812,"median":1.982468009,"min":-2.73555278778,"var":2.30046105385},"barkbands_spread":{"dmean":2.89944148064,"dmean2":4.41450548172,"dvar":16.5762767792,"dvar2":39.0644264221,"max":127.794921875,"mean":8.51124572754,"median":5.9552321434,"min":0.372656077147,"var":102.147529602},"dissonance":{"dmean":0.0275161024183,"dmean2":0.0461556836963,"dvar":0.000726413098164,"dvar2":0.00192666752264,"max":0.500000178814,"mean":0.452027231455,"median":0.460251659155,"min":0.208595901728,"var":0.00133435381576},"dynamic_complexity":5.56655740738,"erbbands":{"dmean":[0.245596557856,0.534173846245,0.943410336971,2.84132003784,5.49215745926,15.9692049026,18.135887146,11.9910564423,11.3781957626,14.0592212677,13.4002056122,15.8423624039,14.7129278183,11.2235774994,9.45724201202,5.3844537735,4.64980363846,4.52302265167,9.96054363251,4.29446411133,1.69402039051,1.22875726223,0.835015833378,0.847592175007,0.792344450951,0.569774329662,0.392160445452,0.237924993038,0.148413404822,0.103841334581,0.0684985741973,0.0479052811861,0.030880369246,0.015789963305,0.00965680647641,0.00611335644498,0.00372544932179,0.00175757822581,0.000777383625973,0.000155822970555],"dmean2":[0.390661805868,0.832778632641,1.56563258171,4.47838783264,8.48852443695,24.0990924835,26.7867717743,18.4730892181,18.2303638458,21.7828845978,20.1752319336,24.0185890198,22.2297477722,17.4687042236,14.5929813385,8.40204334259,7.55322217941,7.36346197128,15.6612968445,6.62265920639,2.71373772621,1.84696209431,1.21036505699,1.2336807251,1.13547313213,0.818983674049,0.568742692471,0.345586001873,0.223215758801,0.158709108829,0.107445515692,0.0755973011255,0.0497619472444,0.0266214478761,0.0163319911808,0.010118204169,0.00587292481214,0.0026600221172,0.0011063714046,0.000219184497837],"dvar":[0.397944420576,0.904888629913,2.02648448944,24.0505886078,114.075744629,1707.47229004,2214.49389648,1436.6607666,934.432495117,1494.03320312,2353.4362793,3117.76293945,2025.93432617,1148.16247559,888.380859375,196.333892822,103.176734924,85.086479187,694.837341309,106.049430847,15.3590831757,9.77004146576,3.58252835274,4.0040307045,5.51079463959,2.24735784531,0.822007477283,0.258602499962,0.0893557220697,0.0414552018046,0.0167889408767,0.00824114959687,0.0034832728561,0.00117999466602,0.000457330839708,0.000149572457303,0.0000487918914587,0.0000113048799903,0.00000287782631858,7.02560498667e-8],"dvar2":[0.973483383656,2.13370943069,5.52998161316,56.9705963135,239.645065308,3724.30419922,4428.83789062,3170.48803711,2293.73120117,3665.73486328,5275.97900391,7338.22265625,4556.76416016,2657.43554688,1987.2208252,506.054962158,271.387023926,216.052841187,1686.51660156,253.238861084,38.8820953369,21.5880413055,7.284678936,8.15403747559,11.0038442612,4.70437240601,1.63879215717,0.51350569725,0.184089064598,0.091363593936,0.0380228422582,0.0187963359058,0.0082186954096,0.00298814265989,0.00115984969307,0.000371718633687,0.000111296954856,0.0000239480359596,0.00000550222239326,1.41947225529e-7],"max":[7.50517845154,11.4641923904,21.8200798035,119.888237,367.531677246,761.388427734,1025.13989258,1186.15307617,628.177368164,1140.95605469,1469.92211914,1920.30810547,924.55065918,897.336975098,922.265319824,376.080047607,244.620758057,147.097854614,769.442810059,246.960113525,77.0742797852,52.0679206848,23.4450588226,38.9456138611,79.1608428955,44.9262275696,12.9262094498,10.0450115204,3.86537861824,2.57274913788,1.61335730553,1.40745866299,0.942444741726,0.531915605068,0.331313192844,0.189287886024,0.10645147413,0.0376863069832,0.0361014716327,0.00471108732745],"mean":[0.517659127712,0.805249929428,1.41601860523,4.65451908112,9.10035514832,23.2588348389,27.8475208282,20.0255870819,17.822145462,22.2011756897,19.9734401703,22.3088378906,21.1715106964,16.5791893005,13.8506288528,9.12528133392,7.16258335114,7.3124332428,15.4199151993,6.57060956955,2.08691716194,1.36562550068,0.970298051834,1.02554810047,0.991608798504,0.706153452396,0.469100028276,0.288354724646,0.172758296132,0.115305356681,0.0733757317066,0.0487590357661,0.0302442573011,0.0146706206724,0.00880948361009,0.00589393172413,0.00383058353327,0.00200113421306,0.00100712047424,0.000291401665891],"median":[0.0579012595117,0.394177019596,0.904370307922,2.35866618156,3.64493513107,4.41605329514,5.44784402847,4.55026817322,4.30137014389,5.30700111389,3.74616098404,3.06254196167,2.29918575287,2.53629684448,2.02097058296,1.49787724018,1.59920942783,1.75814056396,2.08829760551,1.25231230259,0.496628135443,0.271251320839,0.202041879296,0.221731036901,0.186224251986,0.143914759159,0.0987961217761,0.0680086687207,0.0436836667359,0.0303290206939,0.0191968586296,0.0108054066077,0.00630098069087,0.00352765317075,0.0019303499721,0.00141739693936,0.000885910820216,0.000533198763151,0.000250622193562,0.000109966516902],"min":[2.60783026443e-21,1.09684003822e-20,3.67661038141e-20,6.21849116735e-20,2.02359345405e-19,2.72687507704e-19,8.16953403158e-19,3.49831948444e-19,6.29520480208e-19,4.67664653883e-19,1.03869048839e-18,2.0140253525e-18,2.00913526752e-18,1.225557413e-18,1.56511836318e-18,2.30767509035e-18,5.93845286743e-18,2.94193092107e-18,6.04530888614e-18,4.71123613012e-18,1.29805177004e-17,1.14873260002e-17,4.6654392755e-18,1.08353323152e-17,1.86642750398e-17,1.50702728856e-17,1.72520047646e-17,1.52541683706e-17,2.64079461965e-17,1.84163971344e-17,2.00363013239e-17,2.66956329961e-17,1.63059698785e-17,1.08953773559e-17,8.37490839862e-18,5.61236875738e-18,3.2236006021e-18,1.27685584587e-18,2.85903294803e-19,3.44709813446e-20],"var":[0.66050028801,1.34664320946,2.79377293587,51.3841629028,301.677154541,3326.92358398,4642.95458984,3929.13256836,1861.44091797,2887.72705078,4241.51220703,4857.85839844,3882.1105957,2432.27246094,1955.9876709,536.869995117,225.755950928,180.703552246,1479.03356934,227.279800415,18.4243946075,11.3365335464,4.89996242523,5.89063072205,8.99497127533,3.24910449982,1.17524206638,0.392977505922,0.126635655761,0.0537914335728,0.0210340004414,0.0101371025667,0.00404819799587,0.00119682040531,0.000459792587208,0.000160550553119,0.000060500442487,0.0000156423448061,0.00000456990210296,1.78706656584e-7]},"erbbands_crest":{"dmean":2.97111606598,"dmean2":4.80224847794,"dvar":7.20974063873,"dvar2":17.394618988,"max":28.2613582611,"mean":9.96763515472,"median":9.01556682587,"min":2.44245219231,"var":19.2238063812},"erbbands_flatness_db":{"dmean":0.0353122614324,"dmean2":0.0543746389449,"dvar":0.000877530837897,"dvar2":0.00211289222352,"max":0.382015317678,"mean":0.19293820858,"median":0.192085459828,"min":0.0408212579787,"var":0.00313139054924},"erbbands_kurtosis":{"dmean":1.60107731819,"dmean2":2.51402759552,"dvar":3.52672696114,"dvar2":8.19515037537,"max":25.0997867584,"mean":1.78843379021,"median":1.03350734711,"min":-1.78635931015,"var":8.30356025696},"erbbands_skewness":{"dmean":0.469625324011,"dmean2":0.704997837543,"dvar":0.168543800712,"dvar2":0.372635632753,"max":3.95725274086,"mean":0.714480578899,"median":0.781689405441,"min":-2.77082681656,"var":0.76226657629},"erbbands_spread":{"dmean":6.58413314819,"dmean2":10.0129623413,"dvar":42.624786377,"dvar2":89.082824707,"max":107.958717346,"mean":23.2645225525,"median":20.5180587769,"min":2.46451354027,"var":158.369537354},"gfcc":{"cov":[[25284.765625,4450.19335938,-887.432495117,-573.368652344,276.197357178,-470.504150391,-42.3023300171,-744.247680664,-112.244735718,-186.674484253,-95.1431045532,-359.885284424,232.512298584],[4450.19335938,2427.17480469,103.031044006,-303.308166504,97.6144790649,-159.27104187,115.562637329,-300.594940186,61.2813262939,-68.5454406738,13.4129314423,-143.608032227,61.0483283997],[-887.432495117,103.031044006,465.377716064,170.120910645,-74.096786499,131.828231812,-43.1893997192,154.325088501,-20.7276058197,46.9829216003,14.7234792709,39.3179321289,-8.20802974701],[-573.368652344,-303.308166504,170.120910645,368.639404297,124.990959167,14.1924848557,76.3208694458,91.2105712891,18.7244968414,-8.77168941498,36.8068618774,86.3826217651,-44.6540794373],[276.197357178,97.6144790649,-74.096786499,124.990959167,284.911437988,63.8517189026,117.631607056,-68.5705947876,20.1734409332,-25.8232402802,60.5636138916,29.395570755,30.0009479523],[-470.504150391,-159.27104187,131.828231812,14.1924848557,63.8517189026,277.976379395,1.31104075909,83.4041213989,-73.8531112671,20.0900630951,22.2721252441,46.992099762,48.6384468079],[-42.3023300171,115.562637329,-43.1893997192,76.3208694458,117.631607056,1.31104075909,211.328765869,11.0852966309,46.8153305054,-47.260093689,33.3816337585,50.4546699524,7.96097612381],[-744.247680664,-300.594940186,154.325088501,91.2105712891,-68.5705947876,83.4041213989,11.0852966309,210.768936157,27.445186615,39.0085449219,9.50339317322,46.71043396,-6.15795660019],[-112.244735718,61.2813262939,-20.7276058197,18.7244968414,20.1734409332,-73.8531112671,46.8153305054,27.445186615,143.757003784,64.849822998,25.3951072693,-6.3487443924,-12.4827604294],[-186.674484253,-68.5454406738,46.9829216003,-8.77168941498,-25.8232402802,20.0900630951,-47.260093689,39.0085449219,64.849822998,118.38885498,43.9160766602,-9.30691623688,5.83665466309],[-95.1431045532,13.4129314423,14.7234792709,36.8068618774,60.5636138916,22.2721252441,33.3816337585,9.50339317322,25.3951072693,43.9160766602,79.9580383301,46.7380905151,13.4588308334],[-359.885284424,-143.608032227,39.3179321289,86.3826217651,29.395570755,46.992099762,50.4546699524,46.71043396,-6.3487443924,-9.30691623688,46.7380905151,103.922317505,25.2925491333],[232.512298584,61.0483283997,-8.20802974701,-44.6540794373,30.0009479523,48.6384468079,7.96097612381,-6.15795660019,-12.4827604294,5.83665466309,13.4588308334,25.2925491333,93.0019302368]],"icov":[[0.000170248473296,-0.000780572765507,0.0019404880004,-0.00211471598595,0.00163287634496,-0.00125064037275,0.00073526223423,-0.000293512683129,-0.0000632934752502,0.00030376855284,-0.000799447996542,0.00101516046561,-0.000900349288713],[-0.000780572765507,0.00501879723743,-0.0120773985982,0.0131220417097,-0.0100799966604,0.00811282545328,-0.0046417247504,0.00241669313982,0.000364060368156,-0.000964888662565,0.00380639405921,-0.00456820847467,0.00425863871351],[0.0019404880004,-0.0120773985982,0.0376048237085,-0.0441839396954,0.0404594764113,-0.0320220738649,0.0138974506408,-0.000887130910996,-0.0122672161087,0.0185492839664,-0.0290363281965,0.0276927836239,-0.0185120180249],[-0.00211471598595,0.0131220417097,-0.0441839396954,0.0643686726689,-0.0636851266026,0.0483758300543,-0.0173742249608,-0.00931553356349,0.0285736676306,-0.0413094200194,0.0554710440338,-0.0519875474274,0.0323329716921],[0.00163287634496,-0.0100799966604,0.0404594764113,-0.0636851266026,0.0761976242065,-0.055809609592,0.0148452278227,0.0183073487133,-0.0418318212032,0.0594110302627,-0.0751160308719,0.0627819448709,-0.0354706570506],[-0.00125064037275,0.00811282545328,-0.0320220738649,0.0483758300543,-0.055809609592,0.0485668331385,-0.0145306140184,-0.0143758356571,0.0367699787021,-0.0478445366025,0.0550553761423,-0.0464413799345,0.0236986018717],[0.00073526223423,-0.0046417247504,0.0138974506408,-0.0173742249608,0.0148452278227,-0.0145306140184,0.0165746696293,-0.00082033831859,-0.0139420321211,0.0202214624733,-0.0189394000918,0.0114533705637,-0.00808389019221],[-0.000293512683129,0.00241669313982,-0.000887130910996,-0.00931553356349,0.0183073487133,-0.0143758356571,-0.00082033831859,0.0198022630066,-0.0188520867378,0.019554739818,-0.0203152801841,0.0147175574675,-0.00722974492237],[-0.0000632934752502,0.000364060368156,-0.0122672161087,0.0285736676306,-0.0418318212032,0.0367699787021,-0.0139420321211,-0.0188520867378,0.0517522580922,-0.0609265379608,0.0558979809284,-0.040812432766,0.0205451771617],[0.00030376855284,-0.000964888662565,0.0185492839664,-0.0413094200194,0.0594110302627,-0.0478445366025,0.0202214624733,0.019554739818,-0.0609265379608,0.0958946868777,-0.0941450595856,0.0682650655508,-0.0320393927395],[-0.000799447996542,0.00380639405921,-0.0290363281965,0.0554710440338,-0.0751160308719,0.0550553761423,-0.0189394000918,-0.0203152801841,0.0558979809284,-0.0941450595856,0.120715156198,-0.0867050737143,0.0388074219227],[0.00101516046561,-0.00456820847467,0.0276927836239,-0.0519875474274,0.0627819448709,-0.0464413799345,0.0114533705637,0.0147175574675,-0.040812432766,0.0682650655508,-0.0867050737143,0.0824059471488,-0.0376523248851],[-0.000900349288713,0.00425863871351,-0.0185120180249,0.0323329716921,-0.0354706570506,0.0236986018717,-0.00808389019221,-0.00722974492237,0.0205451771617,-0.0320393927395,0.0388074219227,-0.0376523248851,0.0327522344887]],"mean":[-120.074127197,141.787872314,-74.6111526489,2.33893275261,-31.4589805603,-5.63372468948,-17.6136264801,-11.9880475998,-10.2805118561,-0.512717187405,-9.41833591461,-4.33305978775,-5.72093725204]},"hfc":{"dmean":3.0101184845,"dmean2":4.17368412018,"dvar":21.7095832825,"dvar2":41.7165527344,"max":87.3952331543,"mean":8.23851108551,"median":4.01470327377,"min":1.19018094961e-16,"var":113.218536377},"melbands":{"dmean":[0.00170955015346,0.000492728082463,0.00048921466805,0.000757707923185,0.000666607287712,0.000270559277851,0.000168878250406,0.000147493672557,0.000109218228317,0.000101490892121,0.0000750750987208,0.0000483919793623,0.0000362320060958,0.0000170147668541,0.0000143394063343,0.00000864369485498,0.00000883602479007,0.0000168123369804,0.0000106369898276,0.00000320565459333,0.00000174347860593,0.00000127800433347,9.28572319481e-7,7.30813951577e-7,6.95584503774e-7,6.51738446322e-7,4.77442085867e-7,3.72555319927e-7,2.73209735724e-7,1.85268234532e-7,1.23784460015e-7,8.72761489745e-8,7.20708257518e-8,5.25693941711e-8,4.12802840799e-8,3.21016599969e-8,2.83742576102e-8,2.3060126253e-8,1.60119757453e-8,1.26278116852e-8],"dmean2":[0.00268887518905,0.000792653183453,0.000764940166846,0.00115103437565,0.000983043923043,0.000414349342464,0.000268245348707,0.00022742600413,0.000164169105119,0.000154231325723,0.000113451802463,0.0000752700652811,0.00005645561032,0.000026539692044,0.0000228809785767,0.0000141191658258,0.0000145270923895,0.0000266593560809,0.00001640024675,0.00000521683432453,0.00000280767153527,0.00000194239737539,0.00000138239067837,0.00000107930827653,0.00000102999058527,9.50449077664e-7,7.03242221789e-7,5.44215538412e-7,3.99603521828e-7,2.72442349569e-7,1.83047887958e-7,1.32510180606e-7,1.10529320807e-7,8.11036784398e-8,6.49726246138e-8,5.10642621521e-8,4.4715203984e-8,3.69206958339e-8,2.67031712298e-8,2.1366775016e-8],"dvar":[0.0000182097392099,5.1884774166e-7,7.26093048797e-7,0.00000313528857987,0.00000293848870569,6.39271718228e-7,1.98041490762e-7,1.79025917646e-7,1.4788669489e-7,1.3110116015e-7,5.31935846482e-8,2.11908908199e-8,1.36055433586e-8,2.82628764836e-9,1.25316290678e-9,3.31581845314e-10,3.4949640404e-10,1.99103999954e-9,8.75000072398e-10,5.86314261031e-11,1.67629105041e-11,1.07265828164e-11,5.2179901025e-12,2.96500172504e-12,2.83338435179e-12,3.31634979894e-12,2.79960256366e-12,9.20413593432e-13,4.4449608382e-13,1.76317754884e-13,7.3018549757e-14,3.24959650118e-14,2.31219614988e-14,1.05847371612e-14,6.27271350232e-15,3.68552675086e-15,2.9718203894e-15,1.9614070686e-15,1.06038741766e-15,7.84799954312e-16],"dvar2":[0.000043972988351,0.0000013382822317,0.00000163214406257,0.00000677183925291,0.00000594958282818,0.00000143608986036,4.740568329e-7,4.33576275327e-7,3.2696073049e-7,3.07335341176e-7,1.19940750665e-7,4.92375349381e-8,3.17810240347e-8,6.93190749246e-9,3.22280069298e-9,8.69426142192e-10,8.97893315255e-10,4.88251927777e-9,2.04737804488e-9,1.50657458731e-10,4.2249186788e-11,2.39970023019e-11,1.142954828e-11,6.21830581818e-12,6.02632223637e-12,6.48888451651e-12,6.51410045696e-12,1.9461465859e-12,9.14706244776e-13,3.6922504984e-13,1.51450005965e-13,6.75386125065e-14,5.17517073032e-14,2.3827004619e-14,1.43117261748e-14,8.51212123113e-15,6.80802689004e-15,4.56980458384e-15,2.64919824528e-15,1.99004440551e-15],"max":[0.0506007745862,0.0111290905625,0.0286616887897,0.0364763326943,0.0328620746732,0.0232371799648,0.00950014404953,0.0114926593378,0.010396505706,0.0124581418931,0.00447996193543,0.00354913505726,0.0029248453211,0.00147612043656,0.00097697682213,0.000296636193525,0.000325091299601,0.00122824509162,0.000823615468107,0.000168127429788,0.0000723381454009,0.000053432500863,0.0000365724445146,0.0000257766296272,0.0000341312770615,0.0000483306866954,0.0000730624014977,0.0000238724860537,0.0000105594799606,0.00000624540098215,0.00000630777867627,0.00000234383333009,0.00000212716645365,0.00000126419411117,9.43167492551e-7,8.22256936317e-7,8.91354204668e-7,7.04499939275e-7,5.29925671344e-7,4.34148347495e-7],"mean":[0.00354664144106,0.000805901072454,0.000859570049215,0.00116768770386,0.00104354228824,0.000451500935014,0.000270619610092,0.000231248835917,0.000160440133186,0.000139386349474,0.000105340237496,0.0000687973588356,0.0000495799831697,0.0000271888475254,0.0000219131907215,0.0000122788114822,0.0000133611110869,0.0000255489121628,0.0000157783015311,0.00000413739189753,0.00000195917732526,0.0000013939644532,0.0000010141131952,8.26620691896e-7,8.25124686799e-7,7.85707868545e-7,5.96823269916e-7,4.44353389639e-7,3.17708213515e-7,2.18001758867e-7,1.48181172221e-7,1.00948156501e-7,7.92328549437e-8,5.76535548191e-8,4.39688214726e-8,3.35063461421e-8,2.81938774549e-8,2.25298570911e-8,1.51996939479e-8,1.14450138256e-8],"median":[0.000603025895543,0.000540715875104,0.000448348786449,0.000315655197483,0.000192244420759,0.000103898928501,0.0000687066785758,0.0000555775295652,0.0000263310321316,0.0000177714191523,0.0000108010826807,0.00000947529315454,0.00000709239657226,0.00000413074076278,0.00000349420065504,0.00000290262846647,0.00000299417979477,0.00000320718959301,0.00000233192918131,8.91941681402e-7,4.23037050723e-7,2.71175167654e-7,1.9097223003e-7,1.72541263055e-7,1.75619021547e-7,1.40391406944e-7,1.14982853461e-7,8.9089567723e-8,6.45905586794e-8,4.67106673341e-8,3.60307517155e-8,2.50291538606e-8,2.04710453033e-8,1.52530752473e-8,1.13810605384e-8,8.51961523551e-9,5.66986368966e-9,4.47488535116e-9,3.64337160441e-9,2.39397124346e-9],"min":[2.16807580851e-23,1.74616538627e-23,1.63200964022e-23,1.56532012815e-23,2.44131261362e-23,1.00383094503e-23,1.00607651649e-23,5.45075433148e-24,1.11336751605e-23,1.25457282923e-23,9.47182212341e-24,4.31865018564e-24,4.95304975903e-24,4.71898447326e-24,1.05872446221e-23,1.26591814788e-23,3.84390935414e-24,1.06780638116e-23,5.66549646938e-24,7.36674758669e-24,1.79445692653e-23,1.52042763176e-23,3.14026909251e-24,4.52573130085e-24,8.95569252123e-24,1.43284908292e-23,1.17016329242e-23,9.97286318306e-24,1.1996132055e-23,9.92351993344e-24,8.45684765035e-24,1.60202314394e-23,1.270550418e-23,8.4111047619e-24,1.09858899586e-23,1.29122780339e-23,1.80257635628e-23,1.08836859285e-23,1.06161169313e-23,8.39786057616e-24],"var":[0.0000297739043162,8.04324258752e-7,0.00000177122001332,0.00000645650288789,0.00000639530662738,0.00000171717113062,4.16475899101e-7,3.42764053585e-7,2.8679113484e-7,1.97180995087e-7,1.00231332567e-7,4.44130741073e-8,2.62016790487e-8,6.45187547832e-9,2.87652901498e-9,5.82269510385e-10,6.72510436228e-10,4.15505096996e-9,1.74391467933e-9,8.46171466229e-11,1.82444094554e-11,1.22100775671e-11,6.21439835355e-12,3.84536586601e-12,3.95658939639e-12,5.33587323631e-12,3.75760186855e-12,1.24885648697e-12,5.98381695756e-13,2.46210631093e-13,1.05166370675e-13,4.51194630431e-14,2.8488516613e-14,1.33319106487e-14,7.70386629923e-15,4.4861935381e-15,3.59570060087e-15,2.30323335545e-15,1.11853866471e-15,7.88295553406e-16]},"melbands_crest":{"dmean":3.82776641846,"dmean2":6.06678533554,"dvar":13.6351013184,"dvar2":32.0418510437,"max":39.0170440674,"mean":18.5726604462,"median":16.6271038055,"min":1.68739545345,"var":73.4313201904},"melbands_flatness_db":{"dmean":0.0454587675631,"dmean2":0.068286202848,"dvar":0.00145426997915,"dvar2":0.00334059493616,"max":0.658157169819,"mean":0.340928792953,"median":0.342626899481,"min":0.00445486046374,"var":0.0092418435961},"melbands_kurtosis":{"dmean":10.4467592239,"dmean2":16.5324878693,"dvar":366.346740723,"dvar2":886.812072754,"max":584.125610352,"mean":18.8159141541,"median":9.71754455566,"min":-1.62953996658,"var":836.607849121},"melbands_skewness":{"dmean":0.890701591969,"dmean2":1.36674976349,"dvar":0.920233428478,"dvar2":2.06897616386,"max":18.0151920319,"mean":2.8373632431,"median":2.44785261154,"min":-0.786539316177,"var":3.82557606697},"melbands_spread":{"dmean":3.25894927979,"dmean2":5.00992679596,"dvar":25.5840702057,"dvar2":63.5928573608,"max":203.537155151,"mean":11.0148239136,"median":6.36588716507,"min":0.160951182246,"var":435.887145996},"mfcc":{"cov":[[11228.4951172,2322.95068359,-916.440673828,150.542236328,-183.387023926,325.010498047,-158.323440552,-201.438201904,-118.986610413,178.393936157,-181.549316406,-159.118759155,-149.47467041],[2322.95068359,2256.9465332,150.365524292,-87.7257843018,-12.1375598907,118.650230408,25.8510780334,-151.760040283,-4.12019920349,77.2364044189,20.0304031372,-127.289352417,-12.1349525452],[-916.440673828,150.365524292,573.946411133,12.4520463943,58.3786659241,-78.6948547363,24.6803684235,35.3755531311,44.1695289612,-8.03590488434,68.8578796387,45.5424461365,-0.936683833599],[150.542236328,-87.7257843018,12.4520463943,366.964935303,55.7540168762,9.1113243103,8.74510574341,89.2865600586,9.15374946594,12.6906442642,23.0906772614,71.7105484009,32.6140480042],[-183.387023926,-12.1375598907,58.3786659241,55.7540168762,166.995513916,88.3084106445,65.340133667,26.5770015717,-1.77669847012,-7.47733974457,16.9334392548,27.6817359924,29.3539199829],[325.010498047,118.650230408,-78.6948547363,9.1113243103,88.3084106445,178.879638672,102.635902405,20.8380851746,-10.6956281662,-10.0073165894,-20.548822403,-3.907579422,20.1302814484],[-158.323440552,25.8510780334,24.6803684235,8.74510574341,65.340133667,102.635902405,170.807739258,106.975158691,12.8947000504,-38.2391548157,-20.5395298004,10.1389703751,29.9597473145],[-201.438201904,-151.760040283,35.3755531311,89.2865600586,26.5770015717,20.8380851746,106.975158691,188.998764038,52.0891265869,-35.5822143555,-13.2275218964,50.3430633545,23.9702606201],[-118.986610413,-4.12019920349,44.1695289612,9.15374946594,-1.77669847012,-10.6956281662,12.8947000504,52.0891265869,74.6846542358,30.3358612061,13.9686613083,10.2811870575,5.65384340286],[178.393936157,77.2364044189,-8.03590488434,12.6906442642,-7.47733974457,-10.0073165894,-38.2391548157,-35.5822143555,30.3358612061,98.4200973511,52.2126541138,-9.281208992,-10.9755210876],[-181.549316406,20.0304031372,68.8578796387,23.0906772614,16.9334392548,-20.548822403,-20.5395298004,-13.2275218964,13.9686613083,52.2126541138,92.682258606,44.6812591553,13.4178781509],[-159.118759155,-127.289352417,45.5424461365,71.7105484009,27.6817359924,-3.907579422,10.1389703751,50.3430633545,10.2811870575,-9.281208992,44.6812591553,122.159927368,50.6125259399],[-149.47467041,-12.1349525452,-0.936683833599,32.6140480042,29.3539199829,20.1302814484,29.9597473145,23.9702606201,5.65384340286,-10.9755210876,13.4178781509,50.6125259399,79.5037155151]],"icov":[[0.000191933097085,-0.000232339749346,0.000231440732023,-0.0000598799815634,0.000116971677926,-0.000329545000568,0.000398650328862,-0.000309955416014,0.000422067649197,-0.000605113862548,0.000669530418236,-0.000485467287945,0.000418662530137],[-0.000232339749346,0.000872531498317,-0.000654552073684,-0.0000392670517613,0.000422875251388,-0.000398747681174,-0.00060526758898,0.000892265699804,-0.000620660488494,0.000505519623403,-0.000997766968794,0.00128804205451,-0.000929003639612],[0.000231440732023,-0.000654552073684,0.00333825079724,-0.000209030607948,-0.0018117192667,0.00273927208036,-0.0016517030308,0.00096579932142,-0.0020995286759,0.00182174507063,-0.00151744915638,-0.00133776071016,0.00227539148182],[-0.0000598799815634,-0.0000392670517613,-0.000209030607948,0.00415953760967,-0.00143842143007,-0.000207385412068,0.00252809375525,-0.00407623173669,0.00298886513337,-0.00265025394037,0.000903370557353,-0.00105000112671,-0.00102990749292],[0.000116971677926,0.000422875251388,-0.0018117192667,-0.00143842143007,0.0112244579941,-0.00671929027885,-0.000146249847603,0.000607805442996,0.000537374231499,0.000671440851875,-0.00215218076482,0.000608063419349,-0.00168725952972],[-0.000329545000568,-0.000398747681174,0.00273927208036,-0.000207385412068,-0.00671929027885,0.0168618485332,-0.0114435981959,0.00525392312557,-0.00136924814433,-0.00107116485015,0.00235532270744,-0.00230318284594,0.00139486126136],[0.000398650328862,-0.00060526758898,-0.0016517030308,0.00252809375525,-0.000146249847603,-0.0114435981959,0.0226376615465,-0.0147339021787,0.00586058339104,-0.000134033005452,-0.00036806173739,0.00448600435629,-0.00476528517902],[-0.000309955416014,0.000892265699804,0.00096579932142,-0.00407623173669,0.000607805442996,0.00525392312557,-0.0147339021787,0.0214245505631,-0.0148797482252,0.0075987605378,0.0000735415451345,-0.00485556153581,0.00396088743582],[0.000422067649197,-0.000620660488494,-0.0020995286759,0.00298886513337,0.000537374231499,-0.00136924814433,0.00586058339104,-0.0148797482252,0.030146414414,-0.0170551668853,0.00624234741554,-0.000245934905251,-0.00352126732469],[-0.000605113862548,0.000505519623403,0.00182174507063,-0.00265025394037,0.000671440851875,-0.00107116485015,-0.000134033005452,0.0075987605378,-0.0170551668853,0.0307899359614,-0.0200221203268,0.00766239874065,0.00179558619857],[0.000669530418236,-0.000997766968794,-0.00151744915638,0.000903370557353,-0.00215218076482,0.00235532270744,-0.00036806173739,0.0000735415451345,0.00624234741554,-0.0200221203268,0.0306454952806,-0.0132840070873,0.00110944616608],[-0.000485467287945,0.00128804205451,-0.00133776071016,-0.00105000112671,0.000608063419349,-0.00230318284594,0.00448600435629,-0.00485556153581,-0.000245934905251,0.00766239874065,-0.0132840070873,0.0211687274277,-0.0103279333562],[0.000418662530137,-0.000929003639612,0.00227539148182,-0.00102990749292,-0.00168725952972,0.00139486126136,-0.00476528517902,0.00396088743582,-0.00352126732469,0.00179558619857,0.00110944616608,-0.0103279333562,0.0214298330247]],"mean":[-771.401611328,190.151824951,14.6203918457,22.3038063049,4.07372522354,12.0762691498,0.732069730759,-3.23329806328,-1.18619418144,5.74712657928,-1.32843053341,-4.25573158264,-0.815004229546]},"pitch_salience":{"dmean":0.0843580663204,"dmean2":0.13380689919,"dvar":0.00605778116733,"dvar2":0.0145168779418,"max":0.925746381283,"mean":0.544869482517,"median":0.572078227997,"min":0.0551112033427,"var":0.0274876561016},"silence_rate_20dB":{"dmean":0,"dmean2":0,"dvar":0,"dvar2":0,"max":1,"mean":1,"median":1,"min":1,"var":0},"silence_rate_30dB":{"dmean":0.0275282524526,"dmean2":0.055064484477,"dvar":0.0267716031522,"dvar2":0.0644906014204,"max":1,"mean":0.969143867493,"median":1,"min":0,"var":0.0299023184925},"silence_rate_60dB":{"dmean":0.04259634763,"dmean2":0.0852050408721,"dvar":0.0407810099423,"dvar2":0.0898304730654,"max":1,"mean":0.138055920601,"median":0,"min":0,"var":0.119001708925},"spectral_centroid":{"dmean":137.476303101,"dmean2":195.738540649,"dvar":44379.7734375,"dvar2":70613.625,"max":10964.2519531,"mean":627.472717285,"median":441.165130615,"min":161.31791687,"var":437094.03125},"spectral_complexity":{"dmean":2.47261667252,"dmean2":3.80611515045,"dvar":8.21434593201,"dvar2":17.2486667633,"max":37,"mean":9.97276592255,"median":8,"min":0,"var":38.1937141418},"spectral_contrast_coeffs":{"dmean":[0.0542121045291,0.0478940978646,0.0396314710379,0.0319371633232,0.0254028271884,0.0361009612679],"dmean2":[0.0862893313169,0.0787842050195,0.064479842782,0.0517553053796,0.0407160371542,0.0575446635485],"dvar":[0.00203788210638,0.00141370482743,0.00106481078546,0.000693608773872,0.000491665850859,0.00137099705171],"dvar2":[0.00499096373096,0.00378242600709,0.00268586352468,0.00174400804099,0.00123579660431,0.0031767017208],"max":[-0.317815184593,-0.504130780697,-0.507335007191,-0.593791544437,-0.703841745853,-0.548755526543],"mean":[-0.671098172665,-0.766064345837,-0.804988324642,-0.827221989632,-0.868339836597,-0.809350609779],"median":[-0.675487399101,-0.768323302269,-0.81397074461,-0.833971142769,-0.866035282612,-0.82903188467],"min":[-0.957626700401,-0.97202539444,-0.964812874794,-0.965346813202,-0.964365839958,-0.961213886738],"var":[0.0107997125015,0.00465130899101,0.0042491578497,0.00301834591664,0.00130916526541,0.00331761152484]},"spectral_contrast_valleys":{"dmean":[0.383955657482,0.375786572695,0.389709025621,0.424111008644,0.537376046181,0.829592168331],"dmean2":[0.617167890072,0.592064738274,0.592642962933,0.625924408436,0.782659590244,1.33695781231],"dvar":[0.117598988116,0.109356217086,0.129333928227,0.173200771213,0.229832306504,0.530021190643],"dvar2":[0.273401796818,0.230238690972,0.252019673586,0.338785469532,0.509740889072,1.4286853075],"max":[-5.2416882515,-4.23582029343,-5.30181407928,-5.95630168915,-6.56308603287,-9.10022926331],"mean":[-7.29026079178,-7.01417827606,-7.90931749344,-8.53043556213,-9.04687786102,-11.9352731705],"median":[-6.86140060425,-6.72960519791,-7.66426420212,-8.25108337402,-8.85849380493,-11.6980743408],"min":[-27.2619991302,-27.4899520874,-27.26471138,-27.2923355103,-27.0815086365,-27.2191505432],"var":[3.90486216545,3.22177839279,2.91604852676,2.68350076675,2.13991189003,1.85785448551]},"spectral_decrease":{"dmean":2.86861623344e-9,"dmean2":4.22409307532e-9,"dvar":2.35796618266e-17,"dvar2":5.21683952619e-17,"max":1.81347636425e-17,"mean":-7.69700125858e-9,"median":-5.57858514938e-9,"min":-6.18150437504e-8,"var":6.67211558321e-17},"spectral_energy":{"dmean":0.0110468845814,"dmean2":0.0162353664637,"dvar":0.000344872794813,"dvar2":0.000760665221605,"max":0.235655471683,"mean":0.029797501862,"median":0.0216218605638,"min":1.08441851576e-20,"var":0.000996958464384},"spectral_energyband_high":{"dmean":0.0000298227896565,"dmean2":0.0000439458417532,"dvar":3.43085782006e-9,"dvar2":6.72006095215e-9,"max":0.000853434670717,"mean":0.0000360514095519,"median":0.00000925199219637,"min":7.81954351003e-21,"var":5.23431298305e-9},"spectral_energyband_low":{"dmean":0.00653737597167,"dmean2":0.0102037973702,"dvar":0.000209153629839,"dvar2":0.000494641775731,"max":0.18679150939,"mean":0.0146580506116,"median":0.00573721015826,"min":1.24473541819e-22,"var":0.000371034460841},"spectral_energyband_middle_high":{"dmean":0.000922180886846,"dmean2":0.00134430197068,"dvar":0.00000324663187712,"dvar2":0.00000711486063665,"max":0.0367832705379,"mean":0.00180408905726,"median":0.000436911825091,"min":1.3718998466e-21,"var":0.0000116824940051},"spectral_energyband_middle_low":{"dmean":0.00597548903897,"dmean2":0.00857658684254,"dvar":0.000127776118461,"dvar2":0.000256796687609,"max":0.167508199811,"mean":0.0138514451683,"median":0.0053566233255,"min":3.96153476289e-22,"var":0.000436547183199},"spectral_entropy":{"dmean":0.337259858847,"dmean2":0.50731253624,"dvar":0.0855236575007,"dvar2":0.19494061172,"max":9.79123306274,"mean":6.86083841324,"median":6.79424190521,"min":5.1769080162,"var":0.380461513996},"spectral_flux":{"dmean":0.0243797507137,"dmean2":0.0394338779151,"dvar":0.000959434837569,"dvar2":0.00240243505687,"max":0.356473177671,"mean":0.0751750618219,"median":0.0638883337379,"min":1.04135415568e-10,"var":0.00280109560117},"spectral_kurtosis":{"dmean":8.37971878052,"dmean2":13.5774707794,"dvar":94.4370346069,"dvar2":247.359283447,"max":103.05480957,"mean":18.8847904205,"median":15.5971927643,"min":-1.20557260513,"var":163.936401367},"spectral_rms":{"dmean":0.000893818621989,"dmean2":0.00126549950801,"dvar":0.00000129305260543,"dvar2":0.00000256975772572,"max":0.0151627101004,"mean":0.00465070828795,"median":0.00459287455305,"min":3.25264403085e-12,"var":0.00000744148792364},"spectral_rolloff":{"dmean":179.643676758,"dmean2":300.069030762,"dvar":174366.890625,"dvar2":439536.21875,"max":19056.8847656,"mean":903.576965332,"median":387.59765625,"min":43.06640625,"var":7430588},"spectral_skewness":{"dmean":0.640910625458,"dmean2":0.979738354683,"dvar":0.384095609188,"dvar2":0.961179494858,"max":8.65534591675,"mean":3.11920547485,"median":3.07378172874,"min":0.00633894838393,"var":1.11853849888},"spectral_spread":{"dmean":755224.125,"dmean2":1219864.5,"dvar":555109056512,"dvar2":1271678894080,"max":40031628,"mean":3082088.5,"median":2817394,"min":625756.4375,"var":2612730789890},"spectral_strongpeak":{"dmean":0.269529998302,"dmean2":0.446900457144,"dvar":0.221787109971,"dvar2":0.534146547318,"max":5.32346487045,"mean":0.47589635849,"median":0.237521603703,"min":0,"var":0.423628687859},"zerocrossingrate":{"dmean":0.00435746088624,"dmean2":0.00553248636425,"dvar":0.0000545382317796,"dvar2":0.00010135260527,"max":0.53125,"mean":0.0298551134765,"median":0.01611328125,"min":0.00146484375,"var":0.00559955416247}},"metadata":{"audio_properties":{"analysis_sample_rate":44100,"bit_rate":138453,"codec":"mp3","downmix":"mix","equal_loudness":0,"length":160.262283325,"lossless":false,"md5_encoded":"da6d3eb71c656e7b6a67bbc19a35dec3","replay_gain":-1.27456855774,"sample_rate":44100},"tags":{"album":["The Complete Columbia Album Collection"],"albumartist":["Johnny Cash"],"albumartistsort":["Cash, Johnny"],"artist":["Johnny Cash"],"artists":["Johnny Cash"],"artistsort":["Cash, Johnny"],"asin":["B008DDC874"],"barcode":["886979104723"],"catalognumber":["88697910472"],"date":["2012-12-04"],"discnumber":["16/63"],"file_name":"08 - Take Me Home.mp3","label":["Columbia","Legacy"],"media":["CD"],"musicbrainz album release country":["US"],"musicbrainz album status":["official"],"musicbrainz album type":["album","compilation"],"musicbrainz release track id":["e456670d-34a4-303e-ab0e-ec50ae87cd63"],"musicbrainz_albumartistid":["d43d12a1-2dc9-4257-a2fd-0a3bb1081b86"],"musicbrainz_albumid":["de36c451-000c-4488-9375-b6d40b6636e5"],"musicbrainz_artistid":["d43d12a1-2dc9-4257-a2fd-0a3bb1081b86"],"musicbrainz_recordingid":["6fee847d-9d8d-442a-b764-7b7c61e5df3d"],"musicbrainz_releasegroupid":["30578604-ce5e-4d3d-a09c-6c06fc4c526b"],"originaldate":["2012"],"script":["Latn"],"title":["Take Me Home"],"tracknumber":["8/11"]},"version":{"essentia":"2.1-beta1","essentia_build_sha":"ca57ba49d9b1854bd80e60cf9ccf267278fb7d6b","essentia_git_sha":"v2.1_beta1-28-g21ef5f4-dirty","extractor":"music 1.0"}},"rhythm":{"beats_count":380,"beats_loudness":{"dmean":0.0346082150936,"dmean2":0.0592493750155,"dvar":0.00103437702637,"dvar2":0.00280922744423,"max":0.225691497326,"mean":0.0430652573705,"median":0.0363474562764,"min":7.96175292361e-10,"var":0.00130406673998},"beats_loudness_band_ratio":{"dmean":[0.30018812418,0.206155315042,0.114880755544,0.0553768873215,0.026206061244,0.0148822106421],"dmean2":[0.538617968559,0.362968325615,0.20322522521,0.0992669835687,0.0494070239365,0.0265147015452],"dvar":[0.05357445