{"lowlevel":{"average_loudness":0.673135399818,"barkbands":{"dmean":[0.00000852961329656,0.00191238615662,0.00150035810657,0.00180171977263,0.00126485084184,0.000474003842101,0.000219200912397,0.000250025623245,0.000509419536684,0.000386299565434,0.000214953543036,0.000227559008636,0.000372787588276,0.000352265371475,0.000257505453192,0.000354901363607,0.000227945754887,0.000231919286307,0.000104497325083,0.000155259753228,0.000170002545929,0.000137345996336,0.0000844188689371,0.0000688278742018,0.0000656302363495,0.0000233854061662,0.00000534894161319],"dmean2":[0.0000149984771269,0.0031913346611,0.00272834859788,0.00299194990657,0.00219303998165,0.000774086278398,0.000331083545461,0.000371156289475,0.00077722320566,0.000571126758587,0.000332369207172,0.0003470214142,0.000578779901844,0.000552631157916,0.000399712618673,0.000571405980736,0.00035854082671,0.000369756919099,0.000164601180586,0.000231867365073,0.000255690742051,0.000195843356778,0.000118813703011,0.0000938812445384,0.0000916635908652,0.0000319143291563,0.00000751921197661],"dvar":[1.34594191348e-9,0.0000674594339216,0.0000385222556361,0.000037250432797,0.0000127964503918,0.00000101167927369,2.35038996266e-7,0.00000106646905351,0.00000462605339635,0.00000220457013711,0.00000100835586636,5.21585491242e-7,0.00000170427847479,8.72582461398e-7,4.98498650359e-7,6.14384191522e-7,2.22208399236e-7,1.57609079565e-7,3.40983596914e-8,9.60370272196e-8,1.58735915079e-7,1.63750016213e-7,7.55243334538e-8,3.48595179389e-8,4.04432185519e-8,3.16413029111e-9,1.91934385052e-10],"dvar2":[3.76516018363e-9,0.000173542648554,0.0001121463647,0.0000946104992181,0.0000363150793419,0.00000267109112428,5.28170289726e-7,0.00000232506135944,0.0000110425098683,0.0000048718702601,0.00000237675476455,0.00000132744742132,0.00000440952408098,0.00000208542201108,0.00000113519308798,0.00000160297042839,5.12117139806e-7,3.76079924536e-7,8.10381379779e-8,1.99550456159e-7,3.78650383936e-7,3.51203851778e-7,1.59822704404e-7,7.1849399319e-8,8.31012201274e-8,6.62577992472e-9,4.18576034944e-10],"max":[0.000485925265821,0.0871252417564,0.0767160505056,0.110177755356,0.0564028993249,0.0160012207925,0.0150825092569,0.0492192283273,0.0671703517437,0.0607667267323,0.0485553778708,0.0246766153723,0.0403354875743,0.0303214490414,0.0291967708617,0.0264528933913,0.0160304103047,0.0106014963239,0.00500281853601,0.0110147325322,0.00807218067348,0.0144567703828,0.0068271541968,0.00614505633712,0.00614575529471,0.00164928019512,0.000286333292024],"mean":[0.00000892854041012,0.00197146553546,0.00189549359493,0.00255278684199,0.00194474356249,0.000840716355015,0.000488619261887,0.000439559866209,0.000784740026575,0.000645724125206,0.000338558777003,0.000402356497943,0.00068420363823,0.000569253053982,0.000453858170658,0.000639312900603,0.000460147624835,0.000480864313431,0.000232211270486,0.000371207075659,0.000370830937754,0.000288878392894,0.00015418008843,0.000130778353196,0.000116760580568,0.0000346082742908,0.00000672334954288],"median":[7.15716964805e-7,0.0002039707324,0.000472876941785,0.000590008567087,0.000883580651134,0.000416710361606,0.000205197386094,0.000137133349199,0.000155484987772,0.000151810556417,0.0000963289785432,0.000139691575896,0.000138470495585,0.00021710449073,0.000189330690773,0.000229777535424,0.000228407312534,0.000258157524513,0.00013497065811,0.000153822256834,0.000133884503157,0.0000878484570421,0.0000485195378133,0.0000437243288616,0.0000361133206752,0.0000109158372652,0.00000150884125105],"min":[6.81354941057e-24,2.88645846051e-23,3.99446779664e-24,1.59771990771e-23,8.65383757798e-23,4.83523574942e-24,4.53464511354e-23,2.23604990168e-23,1.13456461878e-22,1.53048403058e-23,9.25711043555e-23,1.12348509893e-22,6.07716290168e-23,6.51901336103e-23,2.2966941833e-22,2.38143501013e-22,1.50376856182e-22,1.38463453548e-22,3.7633075227e-22,3.17421093736e-22,5.04223280362e-22,5.03136192169e-22,5.41936233751e-22,8.91661724293e-22,1.30739288547e-21,1.81316091957e-21,2.10978170761e-21],"var":[9.42111610946e-10,0.0000535404033144,0.0000244149341597,0.000038261678128,0.0000116894443636,0.0000015417749637,7.80081336416e-7,0.00000197030749405,0.00000851785262057,0.00000444574152425,0.00000199673922907,0.00000107795631266,0.0000042701417442,0.00000152413804244,9.28569761527e-7,0.00000128358703932,5.37886251095e-7,4.55041885061e-7,9.03446562006e-8,3.79019326147e-7,3.92221068068e-7,4.71391672363e-7,1.43371508443e-7,7.43105630363e-8,7.50646336201e-8,4.85893592028e-9,2.53322918198e-10]},"barkbands_crest":{"dmean":2.08291244507,"dmean2":3.30626177788,"dvar":4.78860139847,"dvar2":11.5259275436,"max":24.3509941101,"mean":7.87698888779,"median":7.14511919022,"min":2.05702638626,"var":12.3146505356},"barkbands_flatness_db":{"dmean":0.0166643839329,"dmean2":0.0251984447241,"dvar":0.000350746151526,"dvar2":0.000866762420628,"max":0.26221254468,"mean":0.0944146811962,"median":0.0888264998794,"min":0.0206298809499,"var":0.00116762367543},"barkbands_kurtosis":{"dmean":1.56754553318,"dmean2":2.58734750748,"dvar":17.439250946,"dvar2":46.1987495422,"max":94.2089920044,"mean":1.11442041397,"median":-0.400973320007,"min":-1.89422821999,"var":25.282661438},"barkbands_skewness":{"dmean":0.44277536869,"dmean2":0.680302858353,"dvar":0.346445977688,"dvar2":0.818824648857,"max":8.64623355865,"mean":0.911587417126,"median":0.76130437851,"min":-4.26504325867,"var":1.07205486298},"barkbands_spread":{"dmean":6.16656923294,"dmean2":9.45033550262,"dvar":48.2799949646,"dvar2":114.499252319,"max":113.645820618,"mean":31.9974727631,"median":30.7077484131,"min":1.97496676445,"var":181.184707642},"dissonance":{"dmean":0.0104404026642,"dmean2":0.0173889584839,"dvar":0.00010997265781,"dvar2":0.000296972109936,"max":0.500000119209,"mean":0.476978510618,"median":0.481660068035,"min":0.3048633039,"var":0.000363408646081},"dynamic_complexity":4.6029958725,"erbbands":{"dmean":[0.0269852299243,0.529949963093,1.71696555614,3.87288618088,6.11600637436,3.26724624634,3.39750671387,3.78909301758,3.65402007103,2.82541656494,6.82854270935,11.5549049377,11.9051370621,11.6067037582,8.93949604034,9.70169353485,18.8323516846,18.1472511292,11.6482419968,19.2386569977,13.0435829163,11.3483734131,11.4411115646,7.25471162796,5.06116485596,8.12443351746,6.49886131287,7.3796081543,5.16311120987,3.01053857803,2.45373272896,1.3530715704,1.31267416477,0.831460058689,0.404686570168,0.15332390368,0.0338488966227,0.00863113161176,0.000861984444782,0.0000322318410326],"dmean2":[0.0415751077235,0.903850257397,3.10557842255,6.42267608643,10.610247612,5.53343153,5.52329492569,6.24431467056,5.68824195862,4.19299840927,10.261724472,17.3467121124,17.7901992798,16.9799499512,13.4764127731,14.8076028824,29.1629333496,28.0655918121,18.1901893616,30.6273174286,20.5206508636,17.6039600372,17.8667926788,11.4228639603,7.88862466812,12.1760101318,9.82786941528,11.0705022812,7.33348751068,4.3134970665,3.45484805107,1.86304402351,1.82650196552,1.18005168438,0.581398665905,0.213999450207,0.0458544678986,0.0119271641597,0.00120264908765,0.0000441506963398],"dvar":[0.0116918282583,5.37157773972,54.5943489075,133.912841797,430.52456665,60.0904350281,63.2527732849,75.1948242188,59.32604599,82.0898895264,765.121459961,2790.52392578,2843.27319336,2394.01733398,1487.16064453,919.140991211,4213.59570312,2468.34960938,755.987426758,2666.82421875,802.548583984,525.931945801,430.016662598,135.656646729,95.0176849365,285.69052124,163.07232666,432.945098877,226.04246521,93.1024017334,73.2411956787,10.3720741272,16.3596191406,5.68525743484,2.00191020966,0.175761923194,0.00593727314845,0.000447575672297,0.00000502886041431,6.12053252524e-9],"dvar2":[0.0257077105343,14.1971244812,156.71383667,336.259246826,1204.95568848,165.634765625,168.417419434,197.127365112,144.522949219,164.349868774,1665.30456543,6437.99853516,6587.02441406,4819.703125,3484.22460938,2386.31640625,11085.7207031,5652.91357422,1824.98706055,6798.72167969,1901.67126465,1161.34094238,995.28729248,311.676300049,239.082015991,609.06060791,368.868469238,1075.79040527,477.014190674,198.350509644,160.138122559,21.109539032,34.8849830627,12.0903167725,4.4904255867,0.388751894236,0.0118836518377,0.000944314233493,0.0000109349703052,1.30214656835e-8],"max":[1.51137340069,24.0338611603,89.4806594849,216.77015686,313.271697998,108.829711914,135.049087524,178.729934692,193.224884033,399.825897217,1350.06164551,1870.74829102,1537.97558594,2993.70092773,1751.36779785,1205.72241211,2243.38623047,1763.41442871,917.843933105,1926.08764648,1002.80340576,796.44543457,483.914703369,313.116607666,372.032928467,571.778930664,287.870910645,481.300384521,552.995727539,471.74395752,219.29624939,79.6779937744,114.089569092,62.8902511597,41.4549369812,9.83750534058,1.88323462009,0.4245467484,0.0400755926967,0.00182945618872],"mean":[0.0328889712691,0.539689958096,2.05706644058,6.03803539276,7.68689393997,6.08158159256,5.85934400558,6.52319717407,7.65348720551,6.34668493271,11.8361635208,18.3283653259,18.8750782013,20.4473838806,15.7749433517,18.8246479034,36.6146850586,31.5679359436,22.265460968,34.1432762146,27.0381793976,25.5359477997,25.3638820648,16.9476470947,11.8979663849,19.2872829437,15.093331337,15.2124843597,10.7621707916,5.95502710342,4.40068483353,2.64674782753,2.36434268951,1.52208375931,0.645628035069,0.228037297726,0.0500405877829,0.0114395320415,0.00109041924588,0.0000549527321709],"median":[0.00292771798559,0.077181018889,0.574081301689,1.68131828308,2.9375140667,2.60452461243,2.45241165161,3.21566271782,3.65754032135,2.28395032883,3.73713135719,3.69239830971,4.75890684128,4.68667602539,5.49711561203,7.30940198898,8.72104263306,12.205119133,10.9167766571,13.4063692093,11.568063736,13.7179803848,13.6836557388,9.80394554138,6.79420280457,7.44358873367,6.15921878815,4.73179626465,3.2596373558,2.09260058403,1.35380136967,0.894402742386,0.720598936081,0.471483975649,0.186161622405,0.0710334926844,0.0152633991092,0.0029393795412,0.000248511612881,0.0000267766117759],"min":[5.85662604401e-22,7.67282881123e-21,7.02358654222e-21,3.61326579483e-20,1.88259315156e-19,3.37930292845e-19,6.03578506461e-20,7.69216318869e-20,5.28989084462e-19,6.2630083477e-19,8.55799459085e-19,2.83897381817e-18,9.00462714368e-19,2.05201672406e-18,2.85238944694e-18,5.12424658278e-18,2.92526633365e-18,3.42587934909e-18,8.40040954973e-18,1.14418385112e-17,1.35813262763e-17,9.01092260853e-18,8.67180999025e-18,1.80173685156e-17,1.53418759853e-17,1.3607054902e-17,1.67226968537e-17,2.17457378885e-17,1.67660824768e-17,1.81018286192e-17,1.69302579761e-17,1.79414035568e-17,1.53901155043e-17,1.45561453933e-17,8.6544127276e-18,5.68224938912e-18,3.56406607427e-18,1.28711185149e-18,2.83014857652e-19,3.29702721495e-20],"var":[0.0122743528336,4.00051021576,34.2992553711,154.933944702,334.759460449,89.5572509766,104.775398254,105.111206055,152.022842407,256.992950439,1400.75769043,5665.45654297,4977.8515625,5892.62792969,3215.96118164,1897.03796387,11686.7792969,4739.25390625,1358.97253418,4623.12207031,1980.359375,1410.90026855,1275.70898438,463.39364624,229.221176147,1153.09643555,523.490661621,870.784301758,647.156066895,225.097595215,125.231498718,24.9783000946,30.1993026733,11.2244768143,2.92093420029,0.251640379429,0.00988557096571,0.000637839955743,0.00000666103323965,9.07730068889e-9]},"erbbands_crest":{"dmean":2.06621408463,"dmean2":3.33420562744,"dvar":4.75958442688,"dvar2":11.7109174728,"max":28.6393547058,"mean":7.37603616714,"median":6.27493715286,"min":2.36624598503,"var":13.7406044006},"erbbands_flatness_db":{"dmean":0.0144462808967,"dmean2":0.0200045183301,"dvar":0.00018746011483,"dvar2":0.000360418896889,"max":0.267917215824,"mean":0.134491071105,"median":0.132096230984,"min":0.035173188895,"var":0.00110365985893},"erbbands_kurtosis":{"dmean":0.594581961632,"dmean2":0.932636797428,"dvar":0.656109571457,"dvar2":1.46190702915,"max":35.159324646,"mean":0.123598009348,"median":-0.226962089539,"min":-1.68029940128,"var":3.61503958702},"erbbands_skewness":{"dmean":0.256023645401,"dmean2":0.395329684019,"dvar":0.0624101087451,"dvar2":0.144235372543,"max":5.0619392395,"mean":-0.218073025346,"median":-0.272163391113,"min":-3.73551177979,"var":0.392183840275},"erbbands_spread":{"dmean":7.96372365952,"dmean2":12.1440315247,"dvar":77.0758132935,"dvar2":173.695465088,"max":128.470718384,"mean":41.3404541016,"median":38.3485221863,"min":6.25825929642,"var":278.156005859},"gfcc":{"cov":[[17063.7480469,388.725646973,-1189.24816895,756.441101074,-379.742492676,508.64755249,-186.456542969,-58.6313591003,-224.795120239,-9.08674907684,-257.671905518,-137.100158691,66.6399841309],[388.725646973,1009.94915771,-84.6687698364,110.562324524,150.595413208,-16.7195701599,62.7121124268,19.5642204285,48.804775238,-20.7184696198,53.8783683777,-15.0684719086,3.07146668434],[-1189.24816895,-84.6687698364,752.92010498,142.322967529,180.466262817,106.2241745,72.7965087891,50.9451522827,46.1648635864,17.590385437,30.0752811432,41.4020690918,-22.01770401],[756.441101074,110.562324524,142.322967529,341.40246582,72.3208694458,93.3699417114,30.1136074066,28.3527946472,46.5243835449,2.27602696419,15.1144304276,2.36647462845,45.3484382629],[-379.742492676,150.595413208,180.466262817,72.3208694458,303.117645264,58.73097229,73.1170425415,46.1397132874,37.497215271,8.59304141998,13.5963048935,18.2089157104,-16.4191551208],[508.64755249,-16.7195701599,106.2241745,93.3699417114,58.73097229,191.257858276,79.0324020386,21.4740066528,8.21311378479,12.9020967484,4.13821411133,-0.405757755041,22.6503295898],[-186.456542969,62.7121124268,72.7965087891,30.1136074066,73.1170425415,79.0324020386,141.278335571,49.6773872375,21.5136966705,13.7759771347,14.1652355194,5.52292156219,5.91752481461],[-58.6313591003,19.5642204285,50.9451522827,28.3527946472,46.1397132874,21.4740066528,49.6773872375,101.478271484,47.2203445435,14.507273674,8.93010902405,1.16794288158,9.67089748383],[-224.795120239,48.804775238,46.1648635864,46.5243835449,37.497215271,8.21311378479,21.5136966705,47.2203445435,88.5892105103,30.8314533234,15.0432291031,6.43135023117,14.7367429733],[-9.08674907684,-20.7184696198,17.590385437,2.27602696419,8.59304141998,12.9020967484,13.7759771347,14.507273674,30.8314533234,63.2710952759,26.4154167175,9.71031284332,1.47823798656],[-257.671905518,53.8783683777,30.0752811432,15.1144304276,13.5963048935,4.13821411133,14.1652355194,8.93010902405,15.0432291031,26.4154167175,72.2759780884,29.6249885559,5.46405935287],[-137.100158691,-15.0684719086,41.4020690918,2.36647462845,18.2089157104,-0.405757755041,5.52292156219,1.16794288158,6.43135023117,9.71031284332,29.6249885559,61.3763046265,16.4413700104],[66.6399841309,3.07146668434,-22.01770401,45.3484382629,-16.4191551208,22.6503295898,5.91752481461,9.67089748383,14.7367429733,1.47823798656,5.46405935287,16.4413700104,81.3912124634]],"icov":[[0.000139926545671,-0.000127232153318,0.000288355571683,-0.000436335598351,0.000187223224202,-0.000571021519136,0.000434834975749,-0.000399999582442,0.000623946136329,-0.000557186256628,0.000745482335333,-0.000419566989876,0.000355798256351],[-0.000127232153318,0.00152297259774,0.000144557154272,-0.0000210765956581,-0.000952705682721,0.00108410441317,-0.00112883292604,0.000957218231633,-0.0014536929084,0.00185912812594,-0.00237463531084,0.00146004371345,-0.000334079290042],[0.000288355571683,0.000144557154272,0.00252465601079,-0.00154662877321,-0.000431885797298,-0.00169529207051,0.000700409698766,-0.000972491456196,0.000682811834849,-0.000615553872194,0.00107056484558,-0.00190546200611,0.0019530178979],[-0.000436335598351,-0.0000210765956581,-0.00154662877321,0.00569639820606,-0.000893825606909,-0.0000925693821046,-0.000321577070281,0.0013571040472,-0.00364280701615,0.00279846298508,-0.00300836376846,0.00235764193349,-0.00319215189666],[0.000187223224202,-0.000952705682721,-0.000431885797298,-0.000893825606909,0.00527424551547,-0.00143051135819,-0.000508074415848,-0.0014508649474,0.000197388522793,-0.000807986943983,0.00225319317542,-0.00258321454749,0.00228473776951],[-0.000571021519136,0.00108410441317,-0.00169529207051,-0.0000925693821046,-0.00143051135819,0.0110944453627,-0.00635827612132,0.00256041367538,-0.000731505570002,0.000531417608727,-0.00273264478892,0.00343091250397,-0.00358522101305],[0.000434834975749,-0.00112883292604,0.000700409698766,-0.000321577070281,-0.000508074415848,-0.00635827612132,0.0134520959109,-0.00597492186353,0.00275076949038,-0.00249129044823,0.00171458872501,-0.00181104720104,0.00125199847389],[-0.000399999582442,0.000957218231633,-0.000972491456196,0.0013571040472,-0.0014508649474,0.00256041367538,-0.00597492186353,0.0169507544488,-0.00934510212392,0.00297719775699,-0.00310199265368,0.00317792710848,-0.00210848031566],[0.000623946136329,-0.0014536929084,0.000682811834849,-0.00364280701615,0.000197388522793,-0.000731505570002,0.00275076949038,-0.00934510212392,0.0230931621045,-0.011692979373,0.00478008249775,-0.00203456520103,-0.000966667721514],[-0.000557186256628,0.00185912812594,-0.000615553872194,0.00279846298508,-0.000807986943983,0.000531417608727,-0.00249129044823,0.00297719775699,-0.011692979373,0.0264789815992,-0.0117896404117,0.00263729225844,0.0000717679213267],[0.000745482335333,-0.00237463531084,0.00107056484558,-0.00300836376846,0.00225319317542,-0.00273264478892,0.00171458872501,-0.00310199265368,0.00478008249775,-0.0117896404117,0.0264412499964,-0.0125087732449,0.00300430832431],[-0.000419566989876,0.00146004371345,-0.00190546200611,0.00235764193349,-0.00258321454749,0.00343091250397,-0.00181104720104,0.00317792710848,-0.00203456520103,0.00263729225844,-0.0125087732449,0.0255812387913,-0.00726974569261],[0.000355798256351,-0.000334079290042,0.0019530178979,-0.00319215189666,0.00228473776951,-0.00358522101305,0.00125199847389,-0.00210848031566,-0.000966667721514,0.0000717679213267,0.00300430832431,-0.00726974569261,0.0173732042313]],"mean":[-17.0534915924,58.2038421631,-124.198883057,33.5035972595,-55.0458183289,8.78449630737,-45.0035858154,1.80984306335,-31.808713913,-0.230005085468,-23.3951377869,-3.19019794464,-15.2678222656]},"hfc":{"dmean":6.09225177765,"dmean2":8.07786941528,"dvar":128.569046021,"dvar2":236.513595581,"max":206.046936035,"mean":20.1577720642,"median":12.3813934326,"min":1.18158065352e-16,"var":525.802429199},"melbands":{"dmean":[0.000393772352254,0.000839094747789,0.000748888298403,0.000337898352882,0.000111191249744,0.0000861760272528,0.0000540899127373,0.0000320767794619,0.00006065681373,0.0000755133514758,0.0000580568266741,0.0000477394496556,0.0000324924330926,0.0000252395548159,0.0000296559210256,0.0000419008392782,0.0000338681566063,0.0000184519030881,0.0000228989811148,0.0000280754666164,0.000015665704268,0.0000121108914755,0.0000154913504957,0.0000105318931674,0.00000600697103437,0.00000409505901189,0.00000434489993495,0.00000619975799054,0.00000466898018203,0.00000389114165955,0.00000483947678731,0.00000335629442816,0.00000223129768528,0.00000161949822086,0.00000166010443081,9.96184326141e-7,8.14649695258e-7,8.39230722249e-7,0.00000117458137083,5.81532219712e-7],"dmean2":[0.000634276715573,0.00148493505549,0.00125666079111,0.00058719876688,0.000181195035111,0.000141795404488,0.0000835444880067,0.0000476920213259,0.000090676920081,0.00011412492313,0.000087299515144,0.0000699064112268,0.0000496312277392,0.0000382359721698,0.0000461246709165,0.0000644976680633,0.0000524943388882,0.0000292774220725,0.0000357240460289,0.0000453537031717,0.0000247158186539,0.000019163620891,0.0000244671118708,0.0000167877115018,0.00000954981078394,0.00000653923461869,0.0000067121968641,0.00000931396061787,0.00000718943510947,0.00000592897322349,0.00000737027676223,0.00000488914156449,0.00000330393640979,0.00000237631093114,0.00000239784344558,0.00000142729197705,0.0000011469128367,0.00000118769366964,0.00000172132695297,8.29756970688e-7],"dvar":[0.00000270081591225,0.000013073289665,0.00000552008668819,9.84174448604e-7,6.36850003843e-8,3.6799306713e-8,1.28048558423e-8,1.2960218676e-8,5.81341552675e-8,1.18930067572e-7,7.0573470623e-8,4.24196926474e-8,2.27448264667e-8,6.60346444192e-9,1.0739674039e-8,1.62207172139e-8,9.25579168864e-9,2.64677857409e-9,4.20031609494e-9,4.77233852436e-9,1.3020905465e-9,6.89006629528e-10,1.04611219687e-9,3.42465666936e-10,9.79204842211e-11,5.66521898837e-11,7.6168640839e-11,1.75711264983e-10,8.28896326577e-11,8.30780028105e-11,2.07889164217e-10,9.97780469358e-11,4.89490739608e-11,2.76961977658e-11,3.80748661766e-11,7.2671842502e-12,3.49971961133e-12,5.39077159648e-12,1.99426742481e-11,2.06958105167e-12],"dvar2":[0.0000065681738306,0.0000363449835277,0.0000143325405588,0.00000277542699223,1.70629363083e-7,9.68855005112e-8,3.0368067172e-8,2.66486441802e-8,1.28295397417e-7,2.80755870108e-7,1.63223006666e-7,8.770545179e-8,5.43331246661e-8,1.53936117187e-8,2.71172702071e-8,4.11042506698e-8,2.12178221659e-8,6.59162591177e-9,9.65204094427e-9,1.2339119948e-8,3.13083314829e-9,1.62814395299e-9,2.31834862419e-9,7.97011789899e-10,2.25273230625e-10,1.4363241152e-10,1.78549675045e-10,3.73514608132e-10,1.89646479076e-10,1.97724558948e-10,5.27514198989e-10,2.19334023166e-10,1.08220148121e-10,6.06253935942e-11,8.32542021434e-11,1.68793277966e-11,7.01436131401e-12,1.11243644504e-11,4.70462176161e-11,4.18097457697e-12],"max":[0.0197070855647,0.0426434390247,0.0376906841993,0.0144707905129,0.00436968030408,0.00371935707517,0.00311499391682,0.00481740711257,0.0103647504002,0.012121969834,0.00768450414762,0.0117195444182,0.00783091317862,0.00354570848867,0.00504832761362,0.00419145869091,0.00338123715483,0.00216183392331,0.00239926553331,0.00244153197855,0.00122707092669,0.000761692936067,0.000924834690522,0.000573317985982,0.000320664257742,0.000253549515037,0.000245177012403,0.000510436831973,0.00027421026607,0.000250248529483,0.00035592954373,0.000339748541592,0.000310830509989,0.000233670842135,0.000158620576258,0.0000866665359354,0.0000525396244484,0.0000799368717708,0.000142395103467,0.0000429700594395],"mean":[0.000433854933362,0.000964696577284,0.00109961617272,0.000505995354615,0.000204194715479,0.000150967811351,0.000115407288831,0.000067819506512,0.000102779195004,0.000116460869322,0.0000889703951543,0.0000810049168649,0.0000530077268195,0.0000453614302387,0.0000574482619413,0.0000774332220317,0.0000547065137653,0.0000317479134537,0.0000407687948609,0.0000473246254842,0.0000295799927699,0.000024371802283,0.0000294563178613,0.0000207967113965,0.0000130984253701,0.00000839332642499,0.00000941782673181,0.000013572222997,0.00000971014651441,0.00000811007157608,0.00000919195463212,0.00000667964923196,0.00000419674643126,0.0000029060140605,0.00000275208981293,0.00000182309588581,0.00000151689653194,0.00000150856351411,0.00000188251078725,0.0000010745752661],"median":[0.0000398415868403,0.000292496115435,0.00034624102409,0.00022033622372,0.0000945058200159,0.0000760168695706,0.0000542182278878,0.0000236697469518,0.0000299769380945,0.0000215815707634,0.0000210753751162,0.0000159667888511,0.0000158678412845,0.0000159770133905,0.0000154710251081,0.0000214128558582,0.0000190480641322,0.0000134830052048,0.0000171107603819,0.000014546660168,0.000011984892808,0.0000119014584925,0.0000143302577271,0.0000107502546598,0.00000740144605516,0.00000473713816973,0.00000450739207736,0.00000483003577756,0.00000382895450457,0.00000284997372546,0.00000251784513239,0.00000178310460797,0.00000144349735365,9.04784542399e-7,7.63625394029e-7,5.833206842e-7,4.95141705414e-7,4.60733474483e-7,4.9530905244e-7,3.41417489835e-7],"min":[7.89248709242e-24,5.70474545486e-24,8.32536820327e-24,2.2889734754e-23,3.87639267407e-24,1.55888430506e-24,8.49478081583e-24,6.1233880208e-24,9.1038634762e-24,1.75875718404e-23,3.63952180449e-24,7.44958113718e-24,1.02520497349e-23,1.02837643099e-23,1.40501822796e-23,4.6334948281e-24,6.28195340149e-24,1.08445402838e-23,1.7473108123e-23,1.57088080867e-23,1.48428060513e-23,9.65028139284e-24,6.85922682357e-24,7.52120418535e-24,1.60538905565e-23,1.11208711592e-23,9.6091328303e-24,8.74798386717e-24,9.33915386296e-24,1.49144267329e-23,1.07064391383e-23,7.04215656774e-24,1.3512067124e-23,8.85966369438e-24,9.86500144263e-24,9.26023858458e-24,1.15638907104e-23,1.08454198637e-23,1.13836225829e-23,1.26798291241e-23],"var":[0.00000240772556026,0.000008721024642,0.00000546161209058,8.77037166447e-7,1.032520629e-7,5.19054097481e-8,3.65963757076e-8,3.37502257253e-8,1.06096990748e-7,2.25747413651e-7,1.2198023569e-7,1.01221687032e-7,4.65095659763e-8,1.50759920103e-8,2.32232331143e-8,4.16563281647e-8,1.71652274616e-8,4.09634814957e-9,7.85550557936e-9,9.34932486985e-9,2.92048385475e-9,1.53759494026e-9,2.56505328089e-9,1.02959629711e-9,3.05147906943e-10,1.22302473704e-10,2.12796863464e-10,6.56450449554e-10,2.44595094179e-10,2.01887062623e-10,3.90967785924e-10,2.62939475748e-10,1.22857196638e-10,5.79525420707e-11,6.09958472619e-11,1.36668332901e-11,8.62735577423e-12,1.15216195959e-11,2.67441051943e-11,5.02319973811e-12]},"melbands_crest":{"dmean":2.92814278603,"dmean2":4.66111421585,"dvar":8.59970855713,"dvar2":20.2010822296,"max":31.5109424591,"mean":12.8256111145,"median":12.0913467407,"min":2.25208687782,"var":26.9070777893},"melbands_flatness_db":{"dmean":0.0216584336013,"dmean2":0.0325061827898,"dvar":0.000640211685095,"dvar2":0.00149564829189,"max":0.374939113855,"mean":0.13913577795,"median":0.131019219756,"min":0.00726046739146,"var":0.00257533392869},"melbands_kurtosis":{"dmean":5.46970796585,"dmean2":8.95900440216,"dvar":221.853668213,"dvar2":577.778442383,"max":271.569549561,"mean":8.13905239105,"median":3.33140325546,"min":-1.84274554253,"var":257.962677002},"melbands_skewness":{"dmean":0.654223144054,"dmean2":1.00258624554,"dvar":0.904019355774,"dvar2":2.12579774857,"max":13.5456066132,"mean":2.18881082535,"median":1.85531938076,"min":-1.83791840076,"var":2.32917404175},"melbands_spread":{"dmean":9.12317657471,"dmean2":13.9398536682,"dvar":127.307250977,"dvar2":280.205535889,"max":215.120101929,"mean":38.7431678772,"median":36.1196174622,"min":1.24411129951,"var":507.598937988},"mfcc":{"cov":[[9734.86425781,-172.544784546,-117.165176392,182.649475098,71.360244751,391.707061768,176.727035522,16.1488552094,236.12260437,-14.3084440231,-139.867141724,5.52074766159,-133.208465576],[-172.544784546,820.71472168,-109.437782288,111.057418823,104.128837585,17.9998149872,54.0888290405,63.4046401978,-14.6820859909,49.3216972351,35.561340332,5.31012821198,30.1888751984],[-117.165176392,-109.437782288,485.211914062,97.0157699585,83.163772583,82.2877807617,40.335357666,48.7702255249,24.6656646729,20.3916835785,18.7182712555,23.1783752441,21.1105461121],[182.649475098,111.057418823,97.0157699585,239.711105347,116.362640381,43.8956375122,25.8671169281,49.8169174194,31.3190116882,31.8479042053,4.00350189209,30.5359344482,18.2438602448],[71.360244751,104.128837585,83.163772583,116.362640381,195.876403809,65.9886474609,34.4424972534,52.4167022705,22.8511390686,42.2128105164,-0.778934717178,15.2227964401,22.7083644867],[391.707061768,17.9998149872,82.2877807617,43.8956375122,65.9886474609,165.687957764,70.9475250244,42.5715293884,29.5813426971,17.4148006439,6.68900537491,9.42009830475,6.85202932358],[176.727035522,54.0888290405,40.335357666,25.8671169281,34.4424972534,70.9475250244,128.141616821,57.1107597351,27.6738510132,21.8698654175,17.0301761627,13.6810817719,1.68131661415],[16.1488552094,63.4046401978,48.7702255249,49.8169174194,52.4167022705,42.5715293884,57.1107597351,102.099441528,35.900806427,32.2785148621,13.3822336197,8.93489360809,14.8342790604],[236.12260437,-14.6820859909,24.6656646729,31.3190116882,22.8511390686,29.5813426971,27.6738510132,35.900806427,106.873191833,36.804019928,4.89463758469,9.92883014679,-0.98609238863],[-14.3084440231,49.3216972351,20.3916835785,31.8479042053,42.2128105164,17.4148006439,21.8698654175,32.2785148621,36.804019928,86.0124740601,28.6974411011,11.1733531952,9.29651069641],[-139.867141724,35.561340332,18.7182712555,4.00350189209,-0.778934717178,6.68900537491,17.0301761627,13.3822336197,4.89463758469,28.6974411011,78.6906661987,19.873085022,6.00264787674],[5.52074766159,5.31012821198,23.1783752441,30.5359344482,15.2227964401,9.42009830475,13.6810817719,8.93489360809,9.92883014679,11.1733531952,19.873085022,68.1628112793,22.6296615601],[-133.208465576,30.1888751984,21.1105461121,18.2438602448,22.7083644867,6.85202932358,1.68131661415,14.8342790604,-0.98609238863,9.29651069641,6.00264787674,22.6296615601,65.7721099854]],"icov":[[0.000133664841997,0.0000270833752438,0.0000980981858447,-0.000128646177473,0.0000571661330468,-0.000338223442668,-0.0000732100816094,0.000141812764923,-0.000241157933488,0.0000477485991723,0.000228494027397,-0.0000788281759014,0.00024376779038],[0.0000270833752438,0.00162901950534,0.000684424187057,-0.00071353954263,-0.000547507312149,0.000114391179522,-0.000557018618565,-0.000474936328828,0.000706134131178,-0.000370089779608,-0.000637433084194,0.000541849818546,-0.000481496943394],[0.0000980981858447,0.000684424187057,0.00278202071786,-0.000960869947448,-0.000527480849996,-0.00103537144605,-0.000141641605296,-0.000484673073515,0.0000650039146421,0.000215997555642,-0.000614519172814,0.0000158581060532,-0.000317885307595],[-0.000128646177473,-0.00071353954263,-0.000960869947448,0.00687121599913,-0.00301494309679,0.000405352038797,0.000837503059302,-0.00122895848472,-0.000723577511963,0.000114840200695,0.000480209389934,-0.002273023827,0.000435060297605],[0.0000571661330468,-0.000547507312149,-0.000527480849996,-0.00301494309679,0.00915883295238,-0.00237574987113,0.000462802854599,-0.0013782044407,0.000766865385231,-0.00299531361088,0.00217127660289,0.0000214739120565,-0.0010136635974],[-0.000338223442668,0.000114391179522,-0.00103537144605,0.000405352038797,-0.00237574987113,0.0100532015786,-0.00411698035896,-0.000278137391433,-0.000512488302775,0.000713696936145,-0.000690621789545,0.000630606082268,-0.000839232874569],[-0.0000732100816094,-0.000557018618565,-0.000141641605296,0.000837503059302,0.000462802854599,-0.00411698035896,0.0130971139297,-0.00568107841536,-0.000307534326566,-0.0000407368970627,-0.00101180793718,-0.00198462209664,0.00191250047646],[0.000141812764923,-0.000474936328828,-0.000484673073515,-0.00122895848472,-0.0013782044407,-0.000278137391433,-0.00568107841536,0.0168658550829,-0.00331505038776,-0.00168370211031,-0.000409033702454,0.00173219153658,-0.00252261059359],[-0.000241157933488,0.000706134131178,0.0000650039146421,-0.000723577511963,0.000766865385231,-0.000512488302775,-0.000307534326566,-0.00331505038776,0.0131955575198,-0.00516990525648,0.00122227706015,-0.00114077492617,0.00112099561375],[0.0000477485991723,-0.000370089779608,0.000215997555642,0.000114840200695,-0.00299531361088,0.000713696936145,-0.0000407368970627,-0.00168370211031,-0.00516990525648,0.0179098118097,-0.0058735050261,0.000470976840006,-0.000728981685825],[0.000228494027397,-0.000637433084194,-0.000614519172814,0.000480209389934,0.00217127660289,-0.000690621789545,-0.00101180793718,-0.000409033702454,0.00122227706015,-0.0058735050261,0.0170520022511,-0.00468052271754,0.00116246007383],[-0.0000788281759014,0.000541849818546,0.0000158581060532,-0.002273023827,0.0000214739120565,0.000630606082268,-0.00198462209664,0.00173219153658,-0.00114077492617,0.000470976840006,-0.00468052271754,0.0193410329521,-0.0065070274286],[0.00024376779038,-0.000481496943394,-0.000317885307595,0.000435060297605,-0.0010136635974,-0.000839232874569,0.00191250047646,-0.00252261059359,0.00112099561375,-0.000728981685825,0.00116246007383,-0.0065070274286,0.0191101115197]],"mean":[-652.24597168,90.2437896729,-11.1155452728,23.2030315399,5.90638303757,4.37216854095,-2.62470579147,-3.72574949265,-3.01899886131,-6.42057180405,-3.34806275368,-3.21690011024,-7.20435762405]},"pitch_salience":{"dmean":0.0592849738896,"dmean2":0.0944093540311,"dvar":0.00341212050989,"dvar2":0.00842213165015,"max":0.837177574635,"mean":0.5712428689,"median":0.579755842686,"min":0.129779666662,"var":0.00887150131166},"silence_rate_20dB":{"dmean":0,"dmean2":0,"dvar":0,"dvar2":0,"max":1,"mean":1,"median":1,"min":1,"var":0},"silence_rate_30dB":{"dmean":0.00261145317927,"dmean2":0.00522339344025,"dvar":0.00260469899513,"dvar2":0.0072482698597,"max":1,"mean":0.998414635658,"median":1,"min":0,"var":0.00158283580095},"silence_rate_60dB":{"dmean":0.0373064726591,"dmean2":0.0746199041605,"dvar":0.0359215401113,"dvar2":0.0759427845478,"max":1,"mean":0.21132145822,"median":0,"min":0,"var":0.166683897376},"spectral_centroid":{"dmean":264.531494141,"dmean2":413.108154297,"dvar":86299.0546875,"dvar2":192783,"max":11580.0205078,"mean":1894.3059082,"median":1882.88269043,"min":295.47064209,"var":411167.65625},"spectral_complexity":{"dmean":3.18951678276,"dmean2":4.71784353256,"dvar":12.6013174057,"dvar2":22.4204502106,"max":54,"mean":19.1232872009,"median":19,"min":0,"var":116.955505371},"spectral_contrast_coeffs":{"dmean":[0.0481944158673,0.0384052209556,0.0349866226315,0.0308998990804,0.0222370736301,0.0177674721926],"dmean2":[0.0801911428571,0.06243859604,0.054430320859,0.0484957359731,0.0348783023655,0.0274593420327],"dvar":[0.00187256839126,0.00106002995744,0.00090203032596,0.000664135150146,0.00036059008562,0.000252630386967],"dvar2":[0.00491441134363,0.00272100209258,0.00209337403066,0.00158390635625,0.000800242531113,0.000555809179787],"max":[-0.233681619167,-0.431499749422,-0.464105248451,-0.525103211403,-0.582117140293,-0.539233863354],"mean":[-0.608177483082,-0.741715729237,-0.755946457386,-0.75188690424,-0.774015724659,-0.759906589985],"median":[-0.612747550011,-0.746326804161,-0.763895153999,-0.755174577236,-0.77698725462,-0.760415434837],"min":[-0.967439472675,-0.97246658802,-0.96979534626,-0.9607873559,-0.95765376091,-0.958517432213],"var":[0.00762174231932,0.00463471887633,0.00466089788824,0.0034277329687,0.00215660245158,0.00172169017605]},"spectral_contrast_valleys":{"dmean":[0.422146469355,0.313038140535,0.288941711187,0.262199401855,0.236565187573,0.325210660696],"dmean2":[0.677917897701,0.501588284969,0.450912594795,0.39317470789,0.322246491909,0.375370264053],"dvar":[0.151691555977,0.0830940231681,0.0707996860147,0.066348336637,0.0640793517232,0.11429002136],"dvar2":[0.355840206146,0.185525029898,0.146902322769,0.119724243879,0.0991041883826,0.160558342934],"max":[-5.23973417282,-5.06725120544,-5.60724306107,-5.99768638611,-5.62155103683,-7.49479198456],"mean":[-8.1214427948,-7.31821870804,-7.90828037262,-7.96215867996,-7.59508180618,-10.0284938812],"median":[-7.86689424515,-7.11967945099,-7.67960596085,-7.70118045807,-7.35276937485,-9.7813501358],"min":[-27.1539840698,-27.2334976196,-27.0956172943,-27.3023395538,-27.5062160492,-27.280796051],"var":[2.26107263565,1.63481736183,1.67654001713,1.78078365326,1.71510970592,1.74072539806]},"spectral_decrease":{"dmean":1.81491288664e-9,"dmean2":2.88193779951e-9,"dvar":1.91270081463e-17,"dvar2":4.85282910234e-17,"max":4.01294928215e-17,"mean":-4.10128775385e-9,"median":-2.73562239528e-9,"min":-4.29927844436e-8,"var":2.48343955542e-17},"spectral_energy":{"dmean":0.00728657981381,"dmean2":0.0114026069641,"dvar":0.000286715076072,"dvar2":0.000718431721907,"max":0.169465005398,"mean":0.0173075720668,"median":0.0117840664461,"min":1.07075743407e-20,"var":0.00041003304068},"spectral_energyband_high":{"dmean":0.000530993915163,"dmean2":0.000702761346474,"dvar":0.00000152911297846,"dvar2":0.00000300231954498,"max":0.0280299615115,"mean":0.00134307693224,"median":0.00057352433214,"min":7.70509693305e-21,"var":0.00000466892925033},"spectral_energyband_low":{"dmean":0.00386980012991,"dmean2":0.00642541470006,"dvar":0.000182306743227,"dvar2":0.000476762565086,"max":0.150181904435,"mean":0.00530916266143,"median":0.00176989601459,"min":4.30631973749e-23,"var":0.000150825348101},"spectral_energyband_middle_high":{"dmean":0.00151575438213,"dmean2":0.00220739492215,"dvar":0.00000844409896672,"dvar2":0.000018316493879,"max":0.0960339084268,"mean":0.00493906857446,"median":0.00288288504817,"min":1.61649792114e-21,"var":0.0000388748012483},"spectral_energyband_middle_low":{"dmean":0.003562618047,"dmean2":0.00577586097643,"dvar":0.0000908383881324,"dvar2":0.000234012244618,"max":0.139119833708,"mean":0.00725009758025,"median":0.00421460997313,"min":2.94432121858e-22,"var":0.000110096785647},"spectral_entropy":{"dmean":0.128803893924,"dmean2":0.181289926171,"dvar":0.0157258622348,"dvar2":0.0315743461251,"max":9.80187702179,"mean":7.80514287949,"median":7.80109405518,"min":5.99030208588,"var":0.0997215881944},"spectral_flux":{"dmean":0.0207844171673,"dmean2":0.031460236758,"dvar":0.00122100580484,"dvar2":0.00238174945116,"max":0.369593113661,"mean":0.0627191215754,"median":0.0500418245792,"min":1.03477407198e-10,"var":0.00274427398108},"spectral_kurtosis":{"dmean":0.840431153774,"dmean2":1.34293234348,"dvar":0.691175878048,"dvar2":1.76580917835,"max":17.0328445435,"mean":3.45105576515,"median":3.26732683182,"min":-1.15910863876,"var":3.02492666245},"spectral_rms":{"dmean":0.000666622188874,"dmean2":0.000977987307124,"dvar":0.00000132707430112,"dvar2":0.00000301749719256,"max":0.0128581384197,"mean":0.00354876951315,"median":0.00339067121968,"min":3.23209124395e-12,"var":0.00000429159126725},"spectral_rolloff":{"dmean":623.816162109,"dmean2":1010.53521729,"dvar":843537.4375,"dvar2":1902060.625,"max":21382.4707031,"mean":2601.64697266,"median":2260.98632812,"min":86.1328125,"var":5172701.5},"spectral_skewness":{"dmean":0.136268362403,"dmean2":0.214539259672,"dvar":0.0151751162484,"dvar2":0.0359237417579,"max":3.1867454052,"mean":1.33624637127,"median":1.33801937103,"min":-0.0803628116846,"var":0.0956204682589},"spectral_spread":{"dmean":532815.625,"dmean2":732138.875,"dvar":401189470208,"dvar2":746150494208,"max":39122596,"mean":4989885,"median":4735869,"min":2117511.5,"var":2792669839360},"spectral_strongpeak":{"dmean":0.504214584827,"dmean2":0.852050304413,"dvar":0.984524190426,"dvar2":2.43840646744,"max":12.9834794998,"mean":0.849968016148,"median":0.379523187876,"min":0,"var":1.76626420021},"zerocrossingrate":{"dmean":0.012155752629,"dmean2":0.014174092561,"dvar":0.000179644252057,"dvar2":0.000227671640459,"max":0.6689453125,"mean":0.0917859449983,"median":0.08251953125,"min":0.01123046875,"var":0.00356133538298}},"metadata":{"audio_properties":{"analysis_sample_rate":44100,"bit_rate":0,"codec":"flac","downmix":"mix","equal_loudness":0,"length":248.960006714,"lossless":true,"md5_encoded":"a2baae1525e5ac0b19d5a5e3c4f4d49f","replay_gain":-14.4207057953},"tags":{"album":["Even in the Quietest Moments…"],"albumartist":["Supertramp"],"albumartistsort":["Supertramp"],"albumsort":["Even in the Quietest Moments… (1977-04, Supertramp, 40b675af-1750-4903-9a01-a04716b031aa)"],"artist":["Supertramp"],"artists":["Supertramp"],"artistsort":["Supertramp"],"catalognumber":["SP-4634"],"date":["1977-04"],"discnumber":["1"],"disctotal":["1"],"file_name":"01 - Supertramp - Give a Little Bit.flac","genre":["Rock"],"isrc":["USAM17774662","USAM19500634"],"label":["A&M Records"],"language":["eng"],"media":["12\" Vinyl"],"musicbrainz_albumartistid":["d2ff6b6b-fc30-48dc-8952-06f9d8fc64f8"],"musicbrainz_albumid":["40b675af-1750-4903-9a01-a04716b031aa"],"musicbrainz_artistid":["d2ff6b6b-fc30-48dc-8952-06f9d8fc64f8"],"musicbrainz_discid":["Rx9m1d9h05CAx_8r1bqUy5pzyzo-"],"musicbrainz_recordingid":["701bfb7a-e660-4133-ae11-21734d27c734"],"musicbrainz_releasegroupid":["c4b68591-5d85-393e-9c97-d42a0d89900c"],"musicbrainz_releasetrackid":["417a3db3-b7dd-3ea4-9b9c-050f1f650a2e"],"musicbrainz_workid":["0e71f8ce-71df-336d-bb6b-c29de1558080"],"musicip_puid":["d766131e-3b1c-fea1-42f5-8bf64bc683fe"],"originaldate":["1977-04"],"performer":["Roger Hodgson (lead vocals)"],"producer":["Supertramp"],"releasecountry":["US"],"releasestatus":["official"],"releasetype":["album"],"replaygain_album_gain":["-7.03 dB"],"replaygain_album_peak":["0.998962"],"replaygain_track_gain":["-8.29 dB"],"replaygain_track_peak":["0.998932"],"script":["Latn"],"title":["Give a Little Bit"],"tracknumber":["1"],"tracktotal":["7"],"work":["Give a Little Bit"],"writer":["Roger Hodgson","Rick Davies"]},"version":{"essentia":"2.1-beta1","essentia