{"lowlevel":{"average_loudness":0.829934358597,"barkbands":{"dmean":[0.000796333188191,0.00918232277036,0.00136608188041,0.000862171989866,0.00222633918747,0.00217078253627,0.0012268575374,0.00100781745277,0.000753289088607,0.000442005286459,0.000461086281575,0.000340034806868,0.000391146109905,0.000182836884051,0.000106719089672,0.000131909313495,0.0000758105525165,0.000076919212006,0.0000933136834647,0.00006878527347,0.0000580075502512,0.000047270070354,0.000034502492781,0.0000395961360482,0.0000371715905203,0.0000327347079292,0.0000280493295577],"dmean2":[0.00129149062559,0.0151708414778,0.00228911312297,0.00146910594776,0.00361357606016,0.00318765640259,0.00177562481258,0.00139068369754,0.0010920240311,0.000611035968177,0.000668953754939,0.000519674678799,0.000559173116926,0.000279085972579,0.000172276239027,0.000221185735427,0.000122064702737,0.000124297017464,0.000153332104674,0.000111899280455,0.0000931888644118,0.0000732667904231,0.0000504097006342,0.0000560626576771,0.0000524892966496,0.0000472953361168,0.0000439774230472],"dvar":[0.0000031956390103,0.000749566359445,0.0000111021108751,0.00000342710882251,0.0000218816530833,0.0000187017976714,0.00000918314071896,0.00000815297244117,0.00000371356463802,0.00000214762371797,0.00000269767019745,0.00000150271898747,0.00000415101612816,3.94598828279e-7,8.38085725263e-8,2.03282112921e-7,2.97591959963e-8,4.74362416014e-8,4.61083473624e-8,2.92262587465e-8,1.69706559916e-8,1.04755288888e-8,7.02225033677e-9,9.70289537605e-9,8.36097413526e-9,8.34454638721e-9,8.02088528928e-9],"dvar2":[0.00000760156399338,0.00192690105177,0.000028331995054,0.00000941484267969,0.0000545881994185,0.0000414062051277,0.0000141868704304,0.0000142724838952,0.00000684614042257,0.00000364953393728,0.0000049885907174,0.00000307860727844,0.00000685381337462,6.33416618712e-7,2.07822765219e-7,5.39698191915e-7,7.43317301044e-8,1.19678546184e-7,1.17623137896e-7,7.63223511058e-8,4.20133154933e-8,2.41845441451e-8,1.42929970082e-8,1.90547773116e-8,1.68034048897e-8,1.72674461396e-8,1.9915853855e-8],"max":[0.0258365683258,0.236012905836,0.0582649372518,0.0613768100739,0.102884575725,0.128391325474,0.12221069634,0.0847302004695,0.0660503357649,0.0658425912261,0.061196487397,0.0579097419977,0.0682444646955,0.0581703446805,0.010144953616,0.00665484881029,0.00466803926975,0.00530183315277,0.0049796612002,0.00313057960011,0.00233337841928,0.0022855612915,0.00236984435469,0.00304956990294,0.00185728806537,0.00214497302659,0.00215291022323],"mean":[0.00108830165118,0.00974290072918,0.00197194796056,0.00129664328415,0.00396106764674,0.00453915912658,0.00228831870481,0.00232127029449,0.00120912690181,0.000719118688721,0.000703291792888,0.000518373271916,0.000821672612801,0.000287226721412,0.000146143880556,0.000140797332278,0.000111035027658,0.00010879614274,0.000131572393002,0.000122269586427,0.0000963016209425,0.0000874067409313,0.0000651992741041,0.0000771537670516,0.0000630012145848,0.0000466849596705,0.0000280446747638],"median":[0.000148333143443,0.00297104730271,0.000865827023517,0.000537743093446,0.00187141797505,0.00183550489601,0.000728154205717,0.000506133772433,0.000367830827599,0.00018579440075,0.000134489440825,0.000124765487271,0.0000630663780612,0.0000614527816651,0.0000508991033712,0.0000334477736033,0.0000407639345212,0.0000366069143638,0.0000439223695139,0.0000432542074122,0.0000325758701365,0.0000294356323138,0.000019802198949,0.0000224790546781,0.0000149570569192,0.00000725269728719,0.00000245071350946],"min":[4.86076131616e-24,3.40028458885e-23,1.27306364996e-23,2.29986275357e-23,2.13793974421e-23,1.2231591258e-22,1.08657751572e-22,2.72867050225e-23,7.06456621279e-23,7.64282082007e-23,5.74785891214e-23,1.16788004497e-22,7.94586331453e-23,7.19235726182e-23,1.10033954131e-22,1.80596905771e-22,1.66349333138e-22,1.49597019846e-22,4.2237700507e-22,3.06061547188e-22,3.25960254289e-22,6.29856233142e-22,7.73417558295e-22,1.14460117617e-21,1.36467584971e-21,1.8680741204e-21,2.15652044144e-21],"var":[0.00000574424166189,0.000646126107313,0.0000123161371448,0.00000462780189991,0.0000565342415939,0.0000675750416121,0.0000363173348887,0.0000357462376996,0.00000926036864257,0.00000483051553601,0.00000593959202888,0.00000335854520017,0.0000220306483243,0.00000105371225345,1.0461194222e-7,1.81645873454e-7,4.09274214519e-8,6.37757651134e-8,6.33462562405e-8,4.84252105082e-8,2.73568083742e-8,2.10031139147e-8,1.52394292741e-8,2.36680950394e-8,1.70116027931e-8,1.4080618449e-8,7.86441045619e-9]},"barkbands_crest":{"dmean":3.05186223984,"dmean2":4.8758187294,"dvar":8.7449798584,"dvar2":21.332868576,"max":26.4066333771,"mean":11.3573770523,"median":10.2029323578,"min":2.18288516998,"var":23.4806880951},"barkbands_flatness_db":{"dmean":0.0266116969287,"dmean2":0.0384419225156,"dvar":0.000765730510466,"dvar2":0.00157516961917,"max":0.541709363461,"mean":0.158552467823,"median":0.151182070374,"min":0.0159098915756,"var":0.00416584080085},"barkbands_kurtosis":{"dmean":7.00699186325,"dmean2":11.053314209,"dvar":396.616882324,"dvar2":973.770507813,"max":1029.43688965,"mean":10.6316270828,"median":4.88659381866,"min":-1.9362424612,"var":570.343444824},"barkbands_skewness":{"dmean":0.765761613846,"dmean2":1.14329957962,"dvar":1.08871686459,"dvar2":2.40076541901,"max":23.5391044617,"mean":2.07458662987,"median":1.79619085789,"min":-4.59744691849,"var":2.82927250862},"barkbands_spread":{"dmean":4.8757109642,"dmean2":7.15551185608,"dvar":43.6524085999,"dvar2":85.8935546875,"max":127.789573669,"mean":15.5875482559,"median":12.2341432571,"min":0.0890311822295,"var":168.395095825},"dissonance":{"dmean":0.0289113502949,"dmean2":0.0470823869109,"dvar":0.000772608618718,"dvar2":0.00194971298333,"max":0.500000119209,"mean":0.43570330739,"median":0.445731878281,"min":0.136597812176,"var":0.00206276937388},"dynamic_complexity":3.62583255768,"erbbands":{"dmean":[0.323252886534,1.89346969128,1.93086373806,2.31130194664,3.50349092484,10.0018968582,14.191655159,17.4447345734,17.5731639862,20.8568553925,20.2737960815,17.4801006317,15.6311330795,12.4055175781,16.416437149,13.638833046,17.8163948059,11.3340091705,5.90426254272,7.01309013367,4.81728029251,3.80748558044,4.06588840485,4.7452878952,4.1318731308,3.14496874809,2.60838007927,2.08829140663,1.70523011684,1.31712198257,0.991169512272,0.857402563095,0.671628832817,0.485144376755,0.242909818888,0.134041145444,0.056267593056,0.026638571173,0.00481176190078,0.000226774689509],"dmean2":[0.520635128021,3.27639055252,3.21342372894,3.94004130363,5.80847930908,16.4697818756,22.2750339508,25.2481002808,26.2131576538,28.2811222076,27.6987819672,25.5144405365,21.71144104,17.8779506683,23.5362606049,20.4118728638,25.440700531,16.6870040894,9.38150787354,11.5585222244,7.78654432297,6.13754272461,6.55438184738,7.69327259064,6.85865211487,5.10056018829,4.24508619308,3.281011343,2.61846470833,2.04330563545,1.44831705093,1.2301735878,0.960747599602,0.697838068008,0.342176944017,0.195707142353,0.0816780105233,0.040789257735,0.00747621292248,0.00035015528556],"dvar":[0.748549640179,37.2523803711,27.9862442017,25.3425998688,38.2176322937,567.58404541,841.639099121,1433.46179199,1626.73254395,3316.87060547,4598.86474609,2004.55297852,2209.18652344,2090.73754883,3601.90893555,2039.14501953,9504.93359375,1139.95275879,359.195068359,431.696472168,169.120941162,86.2993850708,134.765365601,154.957504272,90.6327514648,61.3398551941,33.8402290344,23.3239154816,13.8991279602,8.83411026001,6.14900636673,5.25955724716,2.54092788696,1.47472321987,0.367430865765,0.135038957,0.0239991340786,0.00781056750566,0.000225696130656,4.30780829674e-7],"dvar2":[1.77783274651,100.912025452,70.7904281616,70.6506958008,101.684638977,1433.94592285,2050.04418945,2927.18847656,3259.62280273,4660.81103516,8059.30419922,3849.80957031,3981.26123047,3933.25219727,6721.16992188,4205.26660156,15676.8027344,1877.99560547,902.319213867,1116.58911133,426.957244873,217.605606079,344.123687744,394.996246338,238.531982422,159.140563965,85.9416046143,55.8404922485,31.7360801697,20.9131736755,12.4330101013,10.5990390778,5.10423088074,3.08758878708,0.725625216961,0.286311477423,0.0492556616664,0.0189025700092,0.000548789219465,0.00000105859089672],"max":[7.69074296951,54.4109382629,76.0433502197,111.443725586,258.173828125,534.289001465,682.81060791,1528.76928711,1204.63781738,2309.99316406,2249.07250977,1551.75109863,2000.40344238,2274.85961914,2612.11352539,2418.63696289,3609.48852539,3185.54101563,897.315673828,326.761932373,262.437133789,204.122283936,256.329101563,367.109771729,211.641220093,151.721038818,94.2730255127,107.505561829,86.9588546753,51.728313446,61.1306533813,75.2813415527,43.8513183594,22.9938087463,13.0796699524,8.41467857361,3.68710374832,2.31038331985,0.302782267332,0.01403446123],"mean":[0.369007080793,1.80861186981,2.54508686066,3.57455801964,6.28659343719,15.9942121506,26.7069206238,36.2990226746,33.7218284607,49.9310836792,40.8240966797,29.1257152557,26.9626579285,19.1395111084,27.4323921204,23.3065643311,37.2968711853,22.1872596741,8.91147899628,8.58530521393,6.50137805939,5.66429424286,6.02353954315,7.17994785309,5.98101472855,5.58208799362,4.48134374619,3.63465857506,3.2009999752,2.35870313644,1.82569885254,1.60315871239,1.26609921455,0.811633050442,0.406420379877,0.198651522398,0.0801568105817,0.0293033346534,0.0048947930336,0.00025489446125],"median":[0.0883221253753,0.5735450387,1.09301435947,1.7111107111,3.47153544426,6.25499343872,11.9963951111,13.3589811325,11.2182712555,12.9350557327,10.8495092392,10.2803897858,8.49987697601,5.48238229752,6.1271739006,6.39436769485,4.25722122192,4.8609251976,3.52826213837,2.82919740677,2.28119540215,2.20449280739,2.2017121315,2.06022977829,2.40853524208,2.01426672935,1.57960665226,1.2161244154,1.05720210075,0.76231855154,0.567078471184,0.48438847065,0.342490285635,0.201173260808,0.0894702151418,0.0358361527324,0.0117153590545,0.00307536986656,0.000438672839664,0.0000591673779127],"min":[1.59965249702e-21,5.21741061363e-21,1.39618846241e-20,3.88789492808e-20,7.18614385002e-20,1.16022950581e-19,4.19951402735e-19,1.0288724749e-18,1.6038794263e-18,1.0872648087e-18,8.33419415528e-19,1.84404035701e-18,1.79896666505e-18,2.14604751417e-18,3.73723964423e-18,4.54581613763e-18,3.86073646892e-18,3.57532400241e-18,5.51761273667e-18,6.24151571385e-18,1.11116197388e-17,9.10276860784e-18,7.21638983836e-18,1.81138988387e-17,1.79025790076e-17,1.65199069091e-17,1.07101914691e-17,1.6830073169e-17,2.34076198398e-17,2.18766160594e-17,2.3964353751e-17,2.16009630833e-17,1.877879985e-17,1.07051820633e-17,1.23195292535e-17,7.2876315958e-18,3.36370597271e-18,1.18652627541e-18,2.81896716259e-19,3.41579936492e-20],"var":[0.803608059883,27.1929759979,26.8648834229,30.4681243896,98.380317688,1294.16064453,2267.64941406,5750.52685547,6470.90380859,16896.6328125,13159.7734375,4408.74121094,5117.30029297,4039.89624023,8691.92089844,5199.36425781,43256.4570313,7279.15966797,438.76260376,418.518127441,192.485794067,107.508255005,180.1980896,280.67678833,99.6798095703,97.7073898315,60.436832428,40.6565704346,28.4619197845,16.0374145508,12.8117046356,11.6734037399,6.15362215042,2.84209871292,0.755987226963,0.226557359099,0.0416750870645,0.00853921007365,0.000230685778661,4.38506447153e-7]},"erbbands_crest":{"dmean":3.08854746819,"dmean2":4.81191587448,"dvar":8.97104644775,"dvar2":20.3886241913,"max":34.3184013367,"mean":11.6441087723,"median":10.0739488602,"min":2.28674030304,"var":37.1179084778},"erbbands_flatness_db":{"dmean":0.0237501766533,"dmean2":0.0313268378377,"dvar":0.000631905568298,"dvar2":0.00101863651071,"max":0.493859320879,"mean":0.161452025175,"median":0.151775985956,"min":0.0312153790146,"var":0.00375852850266},"erbbands_kurtosis":{"dmean":2.42828345299,"dmean2":3.65553331375,"dvar":28.3994178772,"dvar2":60.2756004333,"max":182.137619019,"mean":3.50811195374,"median":1.23284602165,"min":-1.87813365459,"var":74.5600814819},"erbbands_skewness":{"dmean":0.479721456766,"dmean2":0.711899220943,"dvar":0.269116789103,"dvar2":0.563562035561,"max":10.345533371,"mean":1.15045273304,"median":0.97789233923,"min":-3.62720537186,"var":1.25263535976},"erbbands_spread":{"dmean":9.04330444336,"dmean2":13.2146663666,"dvar":127.994499207,"dvar2":266.903381348,"max":163.67628479,"mean":34.1948623657,"median":29.4692802429,"min":0.564792454243,"var":494.726898193},"gfcc":{"cov":[[10972.5292969,-847.858459473,-24.5307674408,154.965652466,-52.0353660583,216.229202271,33.3931388855,113.805671692,-77.5119476318,121.612678528,-98.0590820313,67.1732559204,-150.908035278],[-847.858459473,1808.35437012,-205.790878296,-1.32974600792,232.993225098,-47.4898147583,131.138061523,-3.01045775414,107.089683533,-119.079956055,85.1964187622,-104.669876099,53.9311256409],[-24.5307674408,-205.790878296,950.460327148,179.010604858,99.383026123,55.0283813477,35.1147918701,76.8768386841,38.181060791,29.1949825287,-56.8402442932,3.54078507423,-13.0172147751],[154.965652466,-1.32974600792,179.010604858,579.164550781,121.90562439,98.2930374146,64.3865585327,48.5863494873,37.0838088989,1.06442511082,-23.3201160431,-35.8696212769,-23.7591190338],[-52.0353660583,232.993225098,99.383026123,121.90562439,407.561859131,99.351020813,119.030975342,48.2085266113,48.9595413208,-4.14769744873,5.43146085739,-23.234992981,-16.1211795807],[216.229202271,-47.4898147583,55.0283813477,98.2930374146,99.351020813,291.059539795,126.298706055,23.3718852997,-26.1068534851,18.0397148132,-1.70136344433,-15.1136350632,-43.1470222473],[33.3931388855,131.138061523,35.1147918701,64.3865585327,119.030975342,126.298706055,219.259033203,54.3814506531,4.84268665314,8.67031478882,12.1902494431,-17.1903686523,-31.3995494843],[113.805671692,-3.01045775414,76.8768386841,48.5863494873,48.2085266113,23.3718852997,54.3814506531,126.248504639,45.6723937988,6.48659133911,-11.2910432816,0.269612938166,-0.53126424551],[-77.5119476318,107.089683533,38.181060791,37.0838088989,48.9595413208,-26.1068534851,4.84268665314,45.6723937988,122.305915833,30.543510437,-2.07141804695,-15.6965608597,10.6719818115],[121.612678528,-119.079956055,29.1949825287,1.06442511082,-4.14769744873,18.0397148132,8.67031478882,6.48659133911,30.543510437,99.2708282471,25.8506603241,1.3075428009,-23.2569656372],[-98.0590820313,85.1964187622,-56.8402442932,-23.3201160431,5.43146085739,-1.70136344433,12.1902494431,-11.2910432816,-2.07141804695,25.8506603241,97.1500015259,24.1017589569,-0.111542202532],[67.1732559204,-104.669876099,3.54078507423,-35.8696212769,-23.234992981,-15.1136350632,-17.1903686523,0.269612938166,-15.6965608597,1.3075428009,24.1017589569,81.5940704346,39.807674408],[-150.908035278,53.9311256409,-13.0172147751,-23.7591190338,-16.1211795807,-43.1470222473,-31.3995494843,-0.53126424551,10.6719818115,-23.2569656372,-0.111542202532,39.807674408,99.2085571289]],"icov":[[0.000101822879515,0.00000556549593966,0.0000350405935023,-0.0000289756699203,0.00000467120571557,-0.0000481405368191,0.0000415796675952,-0.000117088762636,0.0000816959000076,-0.000141682932735,0.000185123368283,-0.000217482607695,0.000187344208825],[0.00000556549593966,0.00105818011798,0.0000891520248842,0.000122224766528,-0.000331127317622,0.000232705075177,-0.000686522282194,0.000443120516138,-0.00107260677032,0.00171952578239,-0.00163764040917,0.00191668514162,-0.000945753767155],[0.0000350405935023,0.0000891520248842,0.00126049423125,-0.000294399331324,-0.000250290380791,-0.0000216456755879,0.0000570990196138,-0.000501387345139,-0.0000302933312923,-0.000440158124547,0.000806221098173,-0.000473160587717,0.000155861373059],[-0.0000289756699203,0.000122224766528,-0.000294399331324,0.00208428315818,-0.000339704507496,-0.000508892000653,-0.0000543438727618,-0.000185045064427,-0.00057491986081,0.000527247670107,-0.000190118254977,0.000904733722564,-0.000122499899589],[0.00000467120571557,-0.000331127317622,-0.000250290380791,-0.000339704507496,0.00344490050338,-0.000702974270098,-0.00107877876144,-0.0000464691474917,-0.00120535388123,0.000529985118192,-0.0000895978519111,-0.000340700004017,0.000375798525056],[-0.0000481405368191,0.000232705075177,-0.0000216456755879,-0.000508892000653,-0.000702974270098,0.0053544556722,-0.00263328384608,0.000157138216309,0.00161526666488,-0.000879417581018,0.000282404187601,0.000326263718307,0.00054694066057],[0.0000415796675952,-0.000686522282194,0.0000570990196138,-0.0000543438727618,-0.00107877876144,-0.00263328384608,0.00804662704468,-0.00311935553327,0.0014185764594,-0.000979694421403,-0.000320598279359,-0.000324545369949,0.00138803909067],[-0.000117088762636,0.000443120516138,-0.000501387345139,-0.000185045064427,-0.0000464691474917,0.000157138216309,-0.00311935553327,0.0115108583122,-0.00495176203549,0.0016965722898,0.00064750952879,-0.00126746820752,0.000045746925025],[0.0000816959000076,-0.00107260677032,-0.0000302933312923,-0.00057491986081,-0.00120535388123,0.00161526666488,0.0014185764594,-0.00495176203549,0.0142416218296,-0.00699806911871,0.00184798589908,0.00211385195144,-0.00252383342013],[-0.000141682932735,0.00171952578239,-0.000440158124547,0.000527247670107,0.000529985118192,-0.000879417581018,-0.000979694421403,0.0016965722898,-0.00699806911871,0.017005212605,-0.00654000602663,0.00145860551856,0.0024675198365],[0.000185123368283,-0.00163764040917,0.000806221098173,-0.000190118254977,-0.0000895978519111,0.000282404187601,-0.000320598279359,0.00064750952879,0.00184798589908,-0.00654000602663,0.016264654696,-0.00811793096364,0.00278604705818],[-0.000217482607695,0.00191668514162,-0.000473160587717,0.000904733722564,-0.000340700004017,0.000326263718307,-0.000324545369949,-0.00126746820752,0.00211385195144,0.00145860551856,-0.00811793096364,0.0230607595295,-0.0103889070451],[0.000187344208825,-0.000945753767155,0.000155861373059,-0.000122499899589,0.000375798525056,0.00054694066057,0.00138803909067,0.000045746925025,-0.00252383342013,0.0024675198365,0.00278604705818,-0.0103889070451,0.0166301317513]],"mean":[-22.600435257,94.7902145386,-87.1487045288,17.3272228241,-61.9947280884,3.63892889023,-33.0798377991,5.29078626633,-20.0564079285,6.68534708023,-7.73757648468,1.8768248558,-7.01709699631]},"hfc":{"dmean":5.40283107758,"dmean2":7.57175064087,"dvar":81.4606018066,"dvar2":170.722473145,"max":144.359512329,"mean":16.1377716064,"median":12.1665477753,"min":1.20855865289e-16,"var":238.349014282},"melbands":{"dmean":[0.00268347817473,0.00152778194752,0.000398585165385,0.000461148418253,0.000483064242871,0.000404277787311,0.000260300701484,0.000225369643886,0.000165364035638,0.000108033891593,0.0000771879931563,0.0000486202588945,0.0000548441930732,0.0000393669615733,0.0000392289075535,0.000041645616875,0.0000204531916097,0.0000100017259683,0.00000864333833306,0.0000118803891382,0.00000477965704704,0.00000436291657024,0.00000380671212952,0.00000370802513316,0.00000412568397223,0.00000335149184139,0.00000279579967355,0.0000021660175662,0.00000181417203748,0.0000014656974372,0.00000127636803882,0.00000102522926682,9.59055910243e-7,7.0138224828e-7,5.8989394347e-7,6.05611433002e-7,5.34858031642e-7,4.79658922359e-7,4.61408404817e-7,4.17731257585e-7],"dmean2":[0.00435254350305,0.00258190836757,0.000671375833917,0.00075909588486,0.000762103358284,0.00058793235803,0.00037963676732,0.000305923982523,0.00022635840287,0.000158438298968,0.000107116691652,0.0000702086326783,0.0000790912599768,0.0000580218475079,0.000060504044086,0.0000561966589885,0.0000308715789288,0.0000160095241881,0.0000139383773785,0.0000201120110432,0.00000769990219851,0.00000710236054147,0.00000612420035395,0.00000598516999162,0.00000669877226755,0.00000556467921342,0.00000466231495011,0.00000351984590452,0.00000296533630717,0.00000237576227846,0.0000020185007088,0.00000159299747793,0.00000153540031533,0.00000109791665182,8.88196268534e-7,8.86279110546e-7,7.8881311083e-7,6.99940812865e-7,6.7152916472e-7,6.11182542798e-7],"dvar":[0.0000574805017095,0.0000216216903937,6.47280955945e-7,0.00000103695185771,8.41204382596e-7,6.8691343813e-7,3.48890523583e-7,3.48588599763e-7,2.90694259775e-7,7.51903144192e-8,5.74944607479e-8,3.3106928754e-8,3.61634988622e-8,1.8987526218e-8,3.26598232903e-8,5.2457721722e-8,3.67220520658e-9,1.30201471826e-9,4.89645823887e-10,1.76163872379e-9,1.41756759109e-10,1.08961402401e-10,1.11285279603e-10,1.19734555604e-10,1.28079089001e-10,5.96804480835e-11,4.77529543685e-11,3.0876173146e-11,1.61929098602e-11,1.07211453257e-11,8.53460097733e-12,5.02411176898e-12,4.63096141295e-12,2.43855543397e-12,2.14430101279e-12,2.9081851944e-12,2.10451491303e-12,1.3831953161e-12,1.18099887508e-12,1.15923362489e-12],"dvar2":[0.000142388526001,0.0000571188029426,0.00000177786887434,0.00000268277494797,0.00000201868351724,0.00000141311056723,6.42508837245e-7,5.22420464222e-7,5.04721185735e-7,1.45593347156e-7,1.02144156244e-7,6.16216908611e-8,6.68294788397e-8,3.42952404253e-8,7.98235717525e-8,7.09212741867e-8,6.55031362484e-9,3.23065196817e-9,1.18254561698e-9,4.76792694215e-9,3.59360402546e-10,2.73629757741e-10,2.76825923295e-10,3.03068042884e-10,3.23739285379e-10,1.53506540812e-10,1.29277921701e-10,7.99165247867e-11,4.14906303758e-11,2.69073652248e-11,2.05316631752e-11,1.15157926597e-11,1.14010380997e-11,5.77399803317e-12,4.62001530782e-12,6.04660375589e-12,4.41252806863e-12,2.88053131695e-12,2.49321071601e-12,2.50720624817e-12],"max":[0.0666652098298,0.0450671985745,0.022010775283,0.0215987470001,0.0200465507805,0.0300623793155,0.0202595647424,0.020647732541,0.0164532344788,0.00995008926839,0.00997777655721,0.00837611500174,0.00711419992149,0.00844758935273,0.00656526908278,0.00825857464224,0.00564820040017,0.00171219720505,0.000726172584109,0.00059232825879,0.000264637492364,0.000313955999445,0.000270622840617,0.000332977360813,0.000356702803401,0.000158607683261,0.000197920278879,0.000131248612888,0.0000961549303611,0.0000646503904136,0.0000772510247771,0.0000502666225657,0.0000422942684963,0.0000337008277711,0.0000383497790608,0.0000704858321114,0.0000555176156922,0.0000373283182853,0.0000270617347269,0.0000205642409128],"mean":[0.00300305266865,0.00172613468021,0.000681681616697,0.000767137273215,0.000923740852159,0.000851458695251,0.000505040574353,0.000549734453671,0.000314561795676,0.000172806379851,0.000129302905407,0.0000712910041329,0.0000882714157342,0.0000642390441499,0.0000656558258925,0.0000846285620355,0.0000364132283721,0.0000137106753755,0.0000115953343993,0.0000123598356367,0.00000662407683194,0.00000616222951066,0.00000536009156349,0.00000523599874214,0.00000595831897954,0.00000429093324783,0.00000408226287618,0.00000367499546883,0.00000300686178889,0.00000224745804189,0.00000209495078707,0.00000184924749647,0.00000156612316005,0.00000120357412925,0.00000102080309716,0.00000104388789168,9.60633428804e-7,8.86424231794e-7,7.86423811405e-7,6.59730744701e-7],"median":[0.000848295341711,0.000709365936927,0.00036066834582,0.000356971781002,0.000424653117079,0.000319932267303,0.000164155528182,0.000129365318571,0.0000788516845205,0.0000570290503674,0.0000357759854523,0.0000167559883266,0.0000173995431396,0.0000163701224665,0.00000945497231442,0.00000601413739787,0.0000074139957178,0.00000452002768725,0.00000370262932847,0.00000291778133032,0.00000227229998018,0.00000225444455282,0.00000181521591003,0.00000169881502643,0.0000014884360553,0.00000157400484113,0.00000153953885729,0.0000011845111203,9.89042860056e-7,7.58192413741e-7,6.39096867872e-7,5.88039995364e-7,4.88412240429e-7,3.69181123006e-7,3.08990337317e-7,3.0592099165e-7,2.77954796957e-7,2.35040843677e-7,2.01604720473e-7,1.54276548869e-7],"min":[1.13875290221e-23,6.96187024911e-24,9.0393456982e-24,5.89360151658e-24,1.30002944005e-23,2.39168095645e-23,2.48107625195e-23,1.03519518688e-23,9.03560807524e-24,1.0059720713e-23,9.11471346909e-24,8.60200279007e-24,1.05639976801e-23,1.35382225961e-23,1.07406378363e-23,6.02181271292e-24,6.73918270418e-24,8.75117796497e-24,7.64309897243e-24,1.18444861678e-23,1.23468217482e-23,1.12019928815e-23,5.36320694265e-24,7.36825904419e-24,1.54078040088e-23,1.51236279118e-23,1.14684330188e-23,1.06787572203e-23,6.44424575552e-24,6.93742897169e-24,9.93936026042e-24,1.58447808855e-23,9.16953851314e-24,1.28705599138e-23,1.53784710049e-23,8.90331610143e-24,1.59875410435e-23,1.53172238443e-23,8.62144347822e-24,8.47118677502e-24],"var":[0.0000553465797566,0.0000174693632289,9.53234973622e-7,0.00000205428227673,0.0000025892195481,0.00000283650683741,0.00000143198565183,0.00000194404515241,8.32890975744e-7,1.59921185627e-7,1.32644998985e-7,6.49145093234e-8,8.76643611036e-8,4.93351279829e-8,8.83063577817e-8,2.73891174629e-7,1.76693983889e-8,1.58404278583e-9,6.4989441606e-10,1.50803336485e-9,1.71003239346e-10,1.36212846558e-10,1.49805362559e-10,1.56505156057e-10,2.33466329602e-10,6.46306272389e-11,5.51050489961e-11,5.02568264782e-11,3.35263483642e-11,1.53373945488e-11,1.53585737878e-11,1.00801441846e-11,7.38779003251e-12,4.48164682448e-12,4.02614660361e-12,5.58804695225e-12,4.47390128416e-12,3.20422551339e-12,2.44590697522e-12,2.04713958459e-12]},"melbands_crest":{"dmean":3.62642526627,"dmean2":5.79312324524,"dvar":11.5482549667,"dvar2":27.705575943,"max":36.0903396606,"mean":14.6272754669,"median":13.2911214828,"min":2.25111985207,"var":34.2079582214},"melbands_flatness_db":{"dmean":0.0302962008864,"dmean2":0.0440139137208,"dvar":0.00104261504021,"dvar2":0.00214963010512,"max":0.658191680908,"mean":0.244540184736,"median":0.235860928893,"min":0.00464025931433,"var":0.00607515871525},"melbands_kurtosis":{"dmean":12.8442249298,"dmean2":19.9693965912,"dvar":1083.78833008,"dvar2":2413.97827148,"max":1813.31323242,"mean":21.023733139,"median":10.4057064056,"min":-1.80686438084,"var":1953.67651367},"melbands_skewness":{"dmean":0.935460925102,"dmean2":1.3928591013,"dvar":1.53520154953,"dvar2":3.28807497025,"max":33.8098754883,"mean":2.71468091011,"median":2.3455350399,"min":-2.79417467117,"var":4.40560054779},"melbands_spread":{"dmean":4.63634443283,"dmean2":6.88241767883,"dvar":59.9781150818,"dvar2":122.124916077,"max":259.661102295,"mean":14.6895713806,"median":11.8308258057,"min":0.212600260973,"var":207.912200928},"mfcc":{"cov":[[7769.05957031,-529.470092773,-145.095230103,60.6888999939,-92.5753173828,163.999038696,81.9351119995,77.204788208,31.5832233429,62.0323104858,58.5479812622,37.1494979858,4.0426659584],[-529.470092773,1582.52233887,-181.423278809,10.0804977417,80.0069732666,-28.3712100983,32.8498458862,56.202507019,15.4611444473,40.6292076111,16.8022441864,-27.4923362732,26.5113162994],[-145.095230103,-181.423278809,694.218933105,127.222885132,66.4075393677,43.9839630127,15.6946229935,6.57016277313,50.4013290405,24.320022583,-5.69904375076,15.2599229813,10.684305191],[60.6888999939,10.0804977417,127.222885132,406.681915283,140.209579468,56.1490097046,24.4589309692,53.3378753662,61.1904602051,52.2012138367,14.4020795822,11.2661676407,19.5687541962],[-92.5753173828,80.0069732666,66.4075393677,140.209579468,261.457305908,72.9790115356,33.5377464294,51.2715988159,56.1345024109,42.3057975769,17.5015544891,-5.18984699249,1.63549399376],[163.999038696,-28.3712100983,43.9839630127,56.1490097046,72.9790115356,231.458175659,132.618148804,61.4107894897,34.7590484619,38.6152687073,43.5678482056,27.8375282288,0.127995818853],[81.9351119995,32.8498458862,15.6946229935,24.4589309692,33.5377464294,132.618148804,220.25642395,96.1439971924,19.336359024,27.4292984009,49.4758720398,19.9113540649,0.195913940668],[77.204788208,56.202507019,6.57016277313,53.3378753662,51.2715988159,61.4107894897,96.1439971924,135.816329956,58.5429039001,24.8175067902,12.4472913742,-0.0128489313647,5.6972079277],[31.5832233429,15.4611444473,50.4013290405,61.1904602051,56.1345024109,34.7590484619,19.336359024,58.5429039001,127.657852173,59.0728645325,-2.58565068245,-5.75713253021,17.1215019226],[62.0323104858,40.6292076111,24.320022583,52.2012138367,42.3057975769,38.6152687073,27.4292984009,24.8175067902,59.0728645325,107.482254028,46.9796791077,1.36313545704,0.203136503696],[58.5479812622,16.8022441864,-5.69904375076,14.4020795822,17.5015544891,43.5678482056,49.4758720398,12.4472913742,-2.58565068245,46.9796791077,115.804702759,47.5899658203,-11.2579069138],[37.1494979858,-27.4923362732,15.2599229813,11.2661676407,-5.18984699249,27.8375282288,19.9113540649,-0.0128489313647,-5.75713253021,1.36313545704,47.5899658203,93.5346755981,35.6158294678],[4.0426659584,26.5113162994,10.684305191,19.5687541962,1.63549399376,0.127995818853,0.195913940668,5.6972079277,17.1215019226,0.203136503696,-11.2579069138,35.6158294678,98.8470611572]],"icov":[[0.000137950890348,0.0000502927359776,0.0000470480590593,-0.0000350428636011,0.0000943335980992,-0.00011060864199,0.000052134055295,-0.000103712569398,0.0000278072093352,-0.0000832170699141,-0.0000254669175774,0.00000836265280668,-0.0000233811369981],[0.0000502927359776,0.000719034753274,0.000199541071197,0.0000307594928017,-0.000236475971178,0.000218353365199,-0.0000841369474074,-0.000302359636407,0.000208645127714,-0.000312128744554,-0.000139451105497,0.000323880783981,-0.000369419023627],[0.0000470480590593,0.000199541071197,0.00165461841971,-0.000417068396928,-0.000180410599569,-0.0000828241754789,-0.000233200567891,0.000457489455584,-0.00054929725593,-0.0000755123037379,0.000371093919966,-0.000374180643121,0.000097851465398],[-0.0000350428636011,0.0000307594928017,-0.000417068396928,0.00332510285079,-0.00143749010749,-0.000103178899735,0.000400899007218,-0.000821699388325,0.0000291745673167,-0.000955404655542,0.000283493543975,-0.000433938956121,-0.000363972125342],[0.0000943335980992,-0.000236475971178,-0.000180410599569,-0.00143749010749,0.005510433577,-0.00150033982936,0.000779386668,-0.000856901810039,-0.000944651779719,-0.00000922190520214,-0.000781271315645,0.00100858614314,0.0000335165423166],[-0.00011060864199,0.000218353365199,-0.0000828241754789,-0.000103178899735,-0.00150033982936,0.00770335132256,-0.00439804419875,0.000638486002572,-0.000770565471612,-0.000842742156237,0.000310221832478,-0.00179532635957,0.000779518217314],[0.000052134055295,-0.0000841369474074,-0.000233200567891,0.000400899007218,0.000779386668,-0.00439804419875,0.0100687863305,-0.00626392336562,0.00225370866247,-0.00017736031441,-0.00242508528754,0.000772817467805,-0.000644510320853],[-0.000103712569398,-0.000302359636407,0.000457489455584,-0.000821699388325,-0.000856901810039,0.000638486002572,-0.00626392336562,0.0146358637139,-0.00637380965054,0.00233538728207,-0.0000999446638161,0.000603394466452,0.000251190998824],[0.0000278072093352,0.000208645127714,-0.00054929725593,0.0000291745673167,-0.000944651779719,-0.000770565471612,0.00225370866247,-0.00637380965054,0.0155234802514,-0.00870903395116,0.00399676896632,-0.000484398537083,-0.00166519475169],[-0.0000832170699141,-0.000312128744554,-0.0000755123037379,-0.000955404655542,-0.00000922190520214,-0.000842742156237,-0.00017736031441,0.00233538728207,-0.00870903395116,0.0186583567411,-0.00953529495746,0.00486402818933,-0.00121698668227],[-0.0000254669175774,-0.000139451105497,0.000371093919966,0.000283493543975,-0.000781271315645,0.000310221832478,-0.00242508528754,-0.0000999446638161,0.00399676896632,-0.00953529495746,0.0186466574669,-0.0108792893589,0.0053362599574],[0.00000836265280668,0.000323880783981,-0.000374180643121,-0.000433938956121,0.00100858614314,-0.00179532635957,0.000772817467805,0.000603394466452,-0.000484398537083,0.00486402818933,-0.0108792893589,0.0199407916516,-0.00836160313338],[-0.0000233811369981,-0.000369419023627,0.000097851465398,-0.000363972125342,0.0000335165423166,0.000779518217314,-0.000644510320853,0.000251190998824,-0.00166519475169,-0.00121698668227,0.0053362599574,-0.00836160313338,0.0141748711467]],"mean":[-677.105957031,133.531845093,23.9919910431,19.867067337,-2.9549241066,-1.36268413067,-1.84688138962,-3.74225497246,-3.7494096756,1.0457457304,0.77179312706,1.6142346859,0.955511331558]},"pitch_salience":{"dmean":0.0798016563058,"dmean2":0.127961322665,"dvar":0.00550957862288,"dvar2":0.0137012954801,"max":0.871523082256,"mean":0.526257514954,"median":0.539137423038,"min":0.0657255426049,"var":0.0161583125591},"silence_rate_20dB":{"dmean":0,"dmean2":0,"dvar":0,"dvar2":0,"max":1,"mean":1,"median":1,"min":1,"var":0},"silence_rate_30dB":{"dmean":0.0481199361384,"dmean2":0.0962456911802,"dvar":0.0458072461188,"dvar2":0.0989626422524,"max":1,"mean":0.955449461937,"median":1,"min":0,"var":0.0425722412765},"silence_rate_60dB":{"dmean":0.0192237943411,"dmean2":0.0384499132633,"dvar":0.0188514720649,"dvar2":0.0424031615257,"max":1,"mean":0.0696971565485,"median":0,"min":0,"var":0.0648358985782},"spectral_centroid":{"dmean":182.426254272,"dmean2":278.382354736,"dvar":57714.7539063,"dvar2":119091.867188,"max":10640.8251953,"mean":900.765441895,"median":761.562438965,"min":136.507659912,"var":266174.6875},"spectral_complexity":{"dmean":2.74452900887,"dmean2":4.21002340317,"dvar":16.956073761,"dvar2":34.3056106567,"max":55,"mean":12.8983860016,"median":12,"min":0,"var":48.4347572327},"spectral_contrast_coeffs":{"dmean":[0.0510852597654,0.0470642186701,0.0432167835534,0.0357454828918,0.0221970118582,0.019052401185],"dmean2":[0.0841995552182,0.07403280586,0.0661891251802,0.0555694848299,0.035265699029,0.0307803805918],"dvar":[0.00187597342301,0.00156902254093,0.00129546155222,0.0009694317705,0.000384095706977,0.000465796067147],"dvar2":[0.00485047185794,0.00376060162671,0.00289698154666,0.00226785056293,0.000876847596373,0.00118274230044],"max":[-0.187847748399,-0.30201664567,-0.387712866068,-0.404823601246,-0.603672325611,-0.618534862995],"mean":[-0.662568330765,-0.68906056881,-0.725497126579,-0.757187128067,-0.794816434383,-0.786812961102],"median":[-0.677698850632,-0.69747954607,-0.733050465584,-0.763912558556,-0.799441516399,-0.786203742027],"min":[-0.960439860821,-0.961478412151,-0.974774599075,-0.955510020256,-0.961856842041,-0.961004555225],"var":[0.00898588914424,0.00762550160289,0.00618015741929,0.00472434656695,0.00193545396905,0.00138559541665]},"spectral_contrast_valleys":{"dmean":[0.416700094938,0.331726670265,0.364398002625,0.379612892866,0.33413797617,0.324327766895],"dmean2":[0.654718577862,0.528282880783,0.563758850098,0.55716753006,0.470606982708,0.387068301439],"dvar":[0.184975415468,0.0991910174489,0.132380336523,0.16055957973,0.168540492654,0.174284249544],"dvar2":[0.36479640007,0.219429701567,0.268962532282,0.320574343204,0.320876210928,0.262104660273],"max":[-4.82895088196,-4.73188829422,-5.49603700638,-5.82009220123,-5.67402076721,-7.8535618782],"mean":[-7.2256360054,-6.69097900391,-7.90535593033,-8.52792739868,-8.24711036682,-10.36277771],"median":[-6.80856180191,-6.52302694321,-7.7726316452,-8.44741535187,-8.14304161072,-10.2235279083],"min":[-26.919631958,-27.1558914185,-27.1882743835,-27.3146038055,-27.1899795532,-27.1692333221],"var":[1.7326785326,1.07342803478,1.14855778217,1.12716567516,1.17273068428,1.46157431602]},"spectral_decrease":{"dmean":3.87370846511e-9,"dmean2":5.94758509109e-9,"dvar":6.0378586358e-17,"dvar2":1.46920180807e-16,"max":4.29071084218e-11,"mean":-8.27443891183e-9,"median":-5.92980020642e-9,"min":-7.24611481928e-8,"var":8.04427785577e-17},"spectral_energy":{"dmean":0.0149989267811,"dmean2":0.0229537896812,"dvar":0.000878841383383,"dvar2":0.0021352795884,"max":0.276301443577,"mean":0.0326933935285,"median":0.0236646030098,"min":1.11762868644e-20,"var":0.00119394552894},"spectral_energyband_high":{"dmean":0.000254367012531,"dmean2":0.00035734049743,"dvar":3.13472440894e-7,"dvar2":6.14239866081e-7,"max":0.00955090112984,"mean":0.000529435928911,"median":0.00018822994025,"min":8.11596982177e-21,"var":7.31885961613e-7},"spectral_energyband_low":{"dmean":0.0105436630547,"dmean2":0.0167501363903,"dvar":0.000868893170264,"dvar2":0.00212522200309,"max":0.256560862064,"mean":0.0133627541363,"median":0.00516877043992,"min":5.74254072746e-23,"var":0.000873759505339},"spectral_energyband_middle_high":{"dmean":0.00143567263149,"dmean2":0.00203980575316,"dvar":0.00000950003413891,"dvar2":0.0000183189440577,"max":0.0697383359075,"mean":0.00352044240572,"median":0.00160477589816,"min":1.59972479454e-21,"var":0.0000419222706114},"spectral_energyband_middle_low":{"dmean":0.00569563359022,"dmean2":0.00855338387191,"dvar":0.000070304973633,"dvar2":0.000159150411491,"max":0.130777940154,"mean":0.016051268205,"median":0.0112048229203,"min":3.98710496338e-22,"var":0.000263017020188},"spectral_entropy":{"dmean":0.224766075611,"dmean2":0.307938307524,"dvar":0.0620728433132,"dvar2":0.107172198594,"max":9.80810832977,"mean":7.2432012558,"median":7.31140470505,"min":3.70057010651,"var":0.362397998571},"spectral_flux":{"dmean":0.032788656652,"dmean2":0.0513745695353,"dvar":0.00220727687702,"dvar2":0.00489722192287,"max":0.459261924028,"mean":0.0856324508786,"median":0.0686330124736,"min":1.05717962162e-10,"var":0.00416500074789},"spectral_kurtosis":{"dmean":2.34906864166,"dmean2":3.58617591858,"dvar":28.9589080811,"dvar2":59.1425094604,"max":191.607955933,"mean":6.44408798218,"median":4.4644036293,"min":-1.30170750618,"var":70.2715911865},"spectral_rms":{"dmean":0.00107714126352,"dmean2":0.00157183653209,"dvar":0.00000242808187068,"dvar2":0.00000538447784493,"max":0.0164183545858,"mean":0.00503793265671,"median":0.00480493670329,"min":3.30207432578e-12,"var":0.00000651511618344},"spectral_rolloff":{"dmean":324.409973145,"dmean2":536.219421387,"dvar":652641.8125,"dvar2":1412735.125,"max":18626.2207031,"mean":935.323547363,"median":624.462890625,"min":21.533203125,"var":1698275},"spectral_skewness":{"dmean":0.293297886848,"dmean2":0.438576191664,"dvar":0.177365720272,"dvar2":0.372548848391,"max":11.859038353,"mean":1.92486619949,"median":1.76743352413,"min":-0.146633073688,"var":0.663715481758},"spectral_spread":{"dmean":726782.875,"dmean2":963956.0625,"dvar":922709786624,"dvar2":1574287179780,"max":41195212,"mean":5188435,"median":4878798,"min":425162.53125,"var":3969764556800},"spectral_strongpeak":{"dmean":0.543377280235,"dmean2":0.870325744152,"dvar":0.695487082005,"dvar2":1.52595746517,"max":14.7735881805,"mean":1.15726065636,"median":0.582748889923,"min":0,"var":2.46974515915},"zerocrossingrate":{"dmean":0.0104124750942,"dmean2":0.0118960142136,"dvar":0.000199326110305,"dvar2":0.000221083304496,"max":0.50537109375,"mean":0.0498546287417,"median":0.03955078125,"min":0.00244140625,"var":0.0014431392774}},"metadata":{"audio_properties":{"analysis_sample_rate":44100,"bit_rate":0,"codec":"flac","downmix":"mix","equal_loudness":0,"length":384.093322754,"lossless":true,"md5_encoded":"43360724f03862addb644a1c14017f43","replay_gain":-13.1018829346,"sample_rate":44100},"tags":{"acoustid_id":["26682e7c-5963-420c-810c-79ad25afa72f"],"album":["Now, Then & Forever"],"albumartist":["Earth, Wind & Fire"],"albumartistsort":["Earth, Wind & Fire"],"artist":["Earth, Wind & Fire"],"artistsort":["Earth, Wind & Fire"],"asin":["B00EALTWMC"],"barcode":["888837642521"],"catalognumber":["888837642521"],"date":["2013"],"discnumber":["1"],"disctotal":["1"],"file_name":"04. Earth, Wind & Fire ~ Guiding Lights.flac","genre":["Soul"],"grouping":["R&B"],"label":["Legacy"],"media":["CD"],"mood":["Funky"],"musicbrainz_albumartistid":["535afeda-2538-435d-9dd1-5e10be586774"],"musicbrainz_albumid":["a22e39cc-4ee0-4272-9037-eb3e335fa083"],"musicbrainz_artistid":["535afeda-2538-435d-9dd1-5e10be586774"],"musicbrainz_recordingid":["701e0e4a-e51a-4c6b-a18e-7116be3e05a4"],"musicbrainz_releasegroupid":["af393e0b-ea92-48fd-a1dc-a0b391e62676"],"musicbrainz_releasetrackid":["b1d2be0b-0db6-4e3a-ad9e-70fc77ebbd5b"],"originaldate":["2013-09-10"],"originalyear":["2013"],"releasecountry":["US"],"releasestatus":["official"],"releasetype":["album"],"script":["Latn"],"title":["Guiding Lights"],"totaldiscs":["1"],"totaltracks":["16"],"tracknumber":["4"],"tracktotal":["16"],"website":["http://www.earthwindandfire.com/"]},"version":{"essentia":"2.1-beta2","essentia_build_sha":"2d9f1f26377add8aeb1075a9c2973f962c4f09fd","essentia_git_sha":"v2.1_beta2-1-ge3940c0","extractor":"music 1.0"}},"rhythm":{"beats_count":946,"beats_loudness":{"dmean":0.0418384298682,"dmean2":0.0782606750727,"dvar":0.00108770071529,"dvar2":0.00289517524652,"max":0.16213