{"lowlevel":{"average_loudness":0.90447562933,"barkbands":{"dmean":[0.000670445559081,0.00734354229644,0.0025349999778,0.00248617888428,0.00191472098231,0.00078056746861,0.00112257979345,0.000668379245326,0.000941062986385,0.000835651997477,0.000579365645535,0.000573627010453,0.000668843917083,0.000412670720834,0.000228906981647,0.000243844348006,0.000290862953989,0.000107773572381,0.000164568802575,0.0000729647217668,0.0000865788533702,0.0000724537458154,0.0000766707744333,0.0000731588079361,0.0000731345498934,0.0000554452963115,0.0000370989328076],"dmean2":[0.00100697774906,0.0124597931281,0.00440388312563,0.00419142097235,0.00327925570309,0.00124958029483,0.00173981208354,0.00100245908834,0.00141689181328,0.00134624377824,0.00091080670245,0.00092654756736,0.00107455381658,0.000686931365635,0.000373774731997,0.000406852021115,0.000471952371299,0.000181398019777,0.000262713525444,0.000126242215629,0.000145750324009,0.000119362339319,0.000125160324387,0.000109814202006,0.000107229941932,0.0000801764326752,0.0000569324183743],"dvar":[0.00000544610293218,0.000618829741143,0.0000490098173032,0.0000539497632417,0.0000145263493323,0.00000284746306534,0.00000619608363195,0.0000029305224416,0.00000580955202167,0.00000417271576225,0.00000213082898881,0.00000183883071259,0.00000275432876151,7.83711016084e-7,5.35454148576e-7,3.37481480983e-7,3.14813263458e-7,4.0234450438e-8,1.17346345974e-7,2.25148415467e-8,2.79922023338e-8,2.12841744229e-8,2.89203772041e-8,3.18680974942e-8,4.07667712921e-8,3.04213649827e-8,1.17492229279e-8],"dvar2":[0.0000121774683066,0.00165906059556,0.000139659634442,0.00014172088413,0.0000408392734244,0.00000681459323459,0.000014027637917,0.00000602016189077,0.0000123473091662,0.0000111609697342,0.00000510352492711,0.00000449438357464,0.00000672485930409,0.00000201986767934,0.00000132343450332,8.61914429606e-7,7.54208883791e-7,1.04167369841e-7,2.59986336459e-7,6.31379961646e-8,7.62337890592e-8,5.80672754324e-8,7.48483941493e-8,5.8157066718e-8,7.04630025439e-8,5.11766486966e-8,2.72999010065e-8],"max":[0.0228910911828,0.218687012792,0.101231224835,0.0973731055856,0.0465546622872,0.0401425920427,0.0527850203216,0.0459808260202,0.0518859550357,0.0584922917187,0.0439734719694,0.0374263226986,0.0382762439549,0.0173182506114,0.0278962869197,0.0222661755979,0.0155455591157,0.00681390753016,0.0070189088583,0.00391549104825,0.00443612784147,0.00361279770732,0.00443624332547,0.00747136492282,0.00779680674896,0.00717720156536,0.00230518472381],"mean":[0.000617419369519,0.00711484067142,0.00368128623813,0.00292693497613,0.00293904496357,0.00131003733259,0.00195965543389,0.00118238280993,0.00174295983743,0.00137622386683,0.000957809039392,0.00101034925319,0.00114153709728,0.000621111714281,0.000373016897356,0.000402248173486,0.000537567364518,0.000188714329852,0.000342932238709,0.000127184335724,0.000180304836249,0.000160266456078,0.000168225902598,0.000164507844602,0.000155040164827,0.0000976475421339,0.0000455838744529],"median":[0.00000634918296782,0.00118219410069,0.00107661180664,0.00100466655567,0.00154360919259,0.000596206402406,0.000611730618402,0.000327958114212,0.000370840134565,0.000409204600146,0.000284328474663,0.000283273897367,0.000234040227951,0.000209706646274,0.000129274951178,0.000146764461533,0.00022090569837,0.0000987087478279,0.000123362071463,0.0000597863472649,0.0000814021695987,0.0000691279274179,0.0000675987685099,0.0000623692467343,0.0000569949188503,0.0000280333806586,0.00000837600327941],"min":[8.67078337518e-25,2.20536735398e-24,1.58945700388e-24,3.5323743776e-24,1.19280659807e-23,1.00471786135e-23,1.31666067898e-23,6.46887123197e-24,2.35817898044e-23,9.37115479444e-24,2.13483888976e-23,2.12003780814e-23,2.70383558323e-23,3.48540236498e-23,4.38835590738e-23,5.95693355775e-23,7.15078744756e-23,1.27277645726e-22,1.13235240037e-22,1.75743151906e-22,2.8558286955e-22,2.85887735891e-22,3.88845670811e-22,6.30315918169e-22,8.2748616047e-22,1.36905469669e-21,1.89375448374e-21],"var":[0.00000572773797103,0.000469305959996,0.0000426926526416,0.0000471047023893,0.0000169117738551,0.00000540075325262,0.000015029712813,0.0000080743466242,0.0000166092049767,0.0000102856829471,0.0000049424579629,0.00000494786718264,0.00000738753624319,0.00000131192814479,0.00000132003378894,7.4045033216e-7,8.36262529447e-7,7.62463869819e-8,3.68186761079e-7,4.35283951106e-8,9.47845180121e-8,9.18641731573e-8,1.13903055876e-7,1.47464504607e-7,1.66906886534e-7,9.96105242734e-8,1.45583625155e-8]},"barkbands_crest":{"dmean":2.65989494324,"dmean2":4.30596590042,"dvar":7.66533851624,"dvar2":19.4791812897,"max":26.9736690521,"mean":9.4814825058,"median":8.57525920868,"min":2.36357069016,"var":17.0118236542},"barkbands_flatness_db":{"dmean":0.0220879837871,"dmean2":0.0341859087348,"dvar":0.000732757907826,"dvar2":0.00179397012107,"max":0.618407130241,"mean":0.119536243379,"median":0.111541002989,"min":0.025890422985,"var":0.0025809018407},"barkbands_kurtosis":{"dmean":6.93518829346,"dmean2":11.4449529648,"dvar":9780.12402344,"dvar2":21195.3203125,"max":10382.71875,"mean":9.21846485138,"median":1.73370981216,"min":-1.91602087021,"var":25177.2675781},"barkbands_skewness":{"dmean":0.665985584259,"dmean2":1.02916932106,"dvar":1.90446174145,"dvar2":4.37231016159,"max":13.0289697647,"mean":1.25129103661,"median":1.13898551464,"min":-99.2815704346,"var":6.45736122131},"barkbands_spread":{"dmean":5.9240489006,"dmean2":9.1068572998,"dvar":60.719619751,"dvar2":129.251541138,"max":113.373962402,"mean":22.0683269501,"median":19.2995891571,"min":0.0430685766041,"var":213.273910522},"dissonance":{"dmean":0.0193183533847,"dmean2":0.032333958894,"dvar":0.000389931956306,"dvar2":0.00106407213025,"max":0.500000238419,"mean":0.459688812494,"median":0.467161506414,"min":0.149008229375,"var":0.00104620447382},"dynamic_complexity":5.50404453278,"erbbands":{"dmean":[0.245033055544,1.57359993458,3.10218858719,5.52637338638,8.22688484192,5.69838476181,4.43757963181,7.7072057724,15.7798576355,14.0545320511,14.253528595,23.0477409363,23.6644802094,20.8415050507,20.467754364,22.368396759,29.7577285767,16.6952171326,16.3681602478,11.3620500565,12.4877767563,15.6923179626,6.54847240448,7.53291130066,6.26513814926,3.2764647007,3.3445763588,3.53682255745,2.61826586723,2.54170703888,2.09482622147,1.45337879658,1.37565505505,1.01147866249,0.438104867935,0.266017824411,0.0938443094492,0.0296811852604,0.00646845018491,0.000381019839551],"dmean2":[0.42334523797,2.73777341843,5.42481374741,9.25767040253,14.0763988495,9.63932037354,7.19732952118,12.4448566437,24.697807312,21.2937469482,21.4098701477,35.0197677612,37.3311843872,32.7449188232,32.8091583252,35.6815185547,47.8575744629,27.2769412994,27.1960773468,18.6443080902,20.450876236,25.9199047089,10.9435844421,12.0876922607,10.0828924179,5.65652513504,5.68931913376,5.91056585312,4.32255268097,4.20801448822,3.40808367729,2.27583765984,2.04942178726,1.50056278706,0.637016296387,0.384735196829,0.137296289206,0.0450256988406,0.0100812353194,0.000586947775446],"dvar":[0.820409536362,28.0680847168,79.17628479,192.823760986,453.691314697,121.325294495,85.2175369263,304.586364746,1343.04541016,1144.85437012,1416.01257324,4014.06347656,2997.99023438,2178.34692383,2785.82641602,3392.80688477,5656.08789063,1368.50109863,1157.56323242,958.630310059,702.910766602,879.728393555,136.129943848,278.739562988,176.360458374,43.2064476013,46.8603668213,50.1616210938,27.5473823547,28.9828701019,22.0884017944,10.9841136932,13.6757297516,8.03134250641,1.56614303589,1.04376459122,0.0718335136771,0.00722602801397,0.000349435722455,0.00000120670858905],"dvar2":[2.17599868774,78.6308441162,226.915435791,505.467376709,1238.00817871,340.535949707,218.498703003,749.260864258,3113.93066406,2434.84985352,2937.51171875,8733.20898438,7490.87207031,5275.65136719,6768.85742188,8163.4609375,13706.4833984,3473.7043457,2967.53955078,2266.36230469,1701.94482422,2285.44726563,357.885253906,603.453369141,398.63760376,121.825294495,130.974639893,136.313613892,75.5351867676,78.9801101685,55.268989563,23.9866600037,24.3870601654,14.6290388107,2.59694647789,1.56569445133,0.138919606805,0.0161510389298,0.000829900149256,0.00000274694889413],"max":[6.90312194824,50.2209358215,99.0482635498,186.464614868,265.856536865,172.096984863,199.499221802,494.111053467,906.609741211,848.031494141,1219.26391602,1507.56188965,1475.49243164,1154.30273438,2172.90991211,1708.43017578,1887.9083252,868.4296875,928.456604004,1588.83532715,684.461608887,919.53302002,321.909515381,638.061767578,369.616943359,142.215881348,176.060440063,234.24597168,131.34236145,131.718093872,140.850616455,100.341598511,151.479171753,102.429931641,61.6664428711,53.887966156,12.8346614838,2.03881669044,0.3617374897,0.0204803943634],"mean":[0.201073467731,1.5947316885,4.34584999084,7.30281639099,10.9210195541,8.84100055695,7.56179332733,12.6664056778,27.6744251251,25.7638931274,26.8664493561,43.0463752747,42.7292633057,37.6699562073,36.8338928223,42.871925354,53.6446914673,30.1214427948,27.7295761108,21.3660106659,23.0817127228,29.5373058319,12.7411136627,15.5927038193,12.8807725906,6.08969736099,6.3812994957,7.63131809235,5.76462697983,5.42657136917,4.55614566803,3.26717019081,3.00532102585,2.15570354462,0.854299604893,0.492332458496,0.156118899584,0.0422535203397,0.00793134141713,0.000458872760646],"median":[0.0189660917968,0.348868489265,1.5258897543,3.07009744644,4.77024126053,4.24178791046,3.2271592617,5.72642421722,8.85942554474,9.4764175415,9.12401866913,9.48310661316,13.4986057281,13.8962450027,12.9444522858,11.6383609772,12.0187034607,10.9899816513,11.8656139374,8.81518173218,9.14145565033,13.6258401871,6.94141435623,6.64124774933,4.59266662598,2.97432732582,2.75945186615,3.43147516251,2.55824804306,2.34761166573,1.7204529047,1.22533941269,1.12641835213,0.786190807819,0.30529987812,0.13398770988,0.0467978194356,0.0112628592178,0.00148202420678,0.0000999188487185],"min":[6.39059942743e-23,5.54670140079e-22,2.28000279531e-21,7.87153714297e-21,1.59678606174e-20,2.83338989667e-20,7.49975645457e-20,7.85901262683e-20,1.22248906407e-19,2.6233355873e-19,1.26185381394e-19,5.52091308392e-19,4.85583919191e-19,7.830195076e-19,1.15093776014e-18,1.22908120241e-18,1.56317149021e-18,2.27812778527e-18,3.10615336282e-18,3.94649359174e-18,3.8371899456e-18,4.98512762505e-18,6.34093868757e-18,6.5031955414e-18,7.06517874085e-18,8.27348116627e-18,8.52374631496e-18,9.86326026505e-18,1.14632823414e-17,1.1583758716e-17,1.05498325812e-17,1.20364746653e-17,1.04445796385e-17,8.07143320267e-18,5.78883491977e-18,4.1598073417e-18,2.36723912548e-18,9.43845338967e-19,2.52572155418e-19,2.5762680734e-20],"var":[0.610187649727,19.575466156,63.1943130493,182.929275513,398.127960205,168.895965576,159.117095947,500.402862549,3211.85961914,2958.81396484,3836.84375,10939.9257813,8012.05957031,5944.93701172,6618.20849609,9789.59179688,15424.6757813,2894.12402344,2264.0703125,3026.80371094,1863.21142578,2164.60717773,288.940673828,742.181945801,593.025085449,92.9091644287,113.93120575,189.037948608,115.896064758,111.481132507,87.6120223999,49.1959762573,58.2554779053,32.3525657654,5.66719198227,3.80726647377,0.192985907197,0.0110448729247,0.000426370213972,0.0000014415016949]},"erbbands_crest":{"dmean":2.55588722229,"dmean2":4.21377468109,"dvar":5.71400785446,"dvar2":14.3347673416,"max":31.8666191101,"mean":8.80703926086,"median":7.69134187698,"min":2.21462750435,"var":20.5214729309},"erbbands_flatness_db":{"dmean":0.0174269340932,"dmean2":0.0253937132657,"dvar":0.000288402690785,"dvar2":0.000584023247939,"max":0.390825361013,"mean":0.145648807287,"median":0.134292930365,"min":0.0297160707414,"var":0.00339471665211},"erbbands_kurtosis":{"dmean":0.992157697678,"dmean2":1.57998073101,"dvar":2.16388654709,"dvar2":5.11703634262,"max":53.1555175781,"mean":1.11045217514,"median":0.204722329974,"min":-1.68914377689,"var":9.16293334961},"erbbands_skewness":{"dmean":0.340856999159,"dmean2":0.532518267632,"dvar":0.093788318336,"dvar2":0.225419297814,"max":4.50666284561,"mean":0.30334931612,"median":0.317000389099,"min":-6.99440765381,"var":0.538613319397},"erbbands_spread":{"dmean":7.83821344376,"dmean2":11.8750619888,"dvar":82.0931167603,"dvar2":170.400115967,"max":149.758773804,"mean":36.1034851074,"median":32.7171630859,"min":1.60962796211,"var":436.807159424},"gfcc":{"cov":[[30181.5292969,1465.37268066,2235.85107422,1034.92163086,-1328.30749512,1141.38830566,-377.149047852,763.07611084,-1544.34887695,288.795959473,-566.588378906,-52.1535949707,-706.661682129],[1465.37268066,1408.70800781,121.491722107,10.611700058,10.8936662674,65.6545333862,55.8616256714,42.5099372864,-100.725395203,-30.4157047272,-25.1311187744,-40.1862449646,-45.8391685486],[2235.85107422,121.491722107,1435.51782227,226.5546875,167.017120361,219.46673584,145.120574951,170.44052124,-128.065200806,96.8127212524,-48.0839309692,-3.02377939224,-81.6221008301],[1034.92163086,10.611700058,226.5546875,510.305267334,89.1191177368,151.294021606,34.362613678,47.4571914673,10.1287708282,51.0573043823,-21.2345657349,6.08524370193,-6.64437818527],[-1328.30749512,10.8936662674,167.017120361,89.1191177368,495.214355469,33.8328971863,142.870559692,24.2295665741,159.886428833,31.7258472443,48.7413139343,4.97668600082,31.3145065308],[1141.38830566,65.6545333862,219.46673584,151.294021606,33.8328971863,237.976577759,98.9960784912,63.7478370667,-53.8079719543,38.2136955261,-26.3959217072,10.9929056168,-19.1832275391],[-377.149047852,55.8616256714,145.120574951,34.362613678,142.870559692,98.9960784912,265.116394043,72.8863143921,42.4578094482,-1.51250517368,14.2656841278,21.3720207214,8.68154144287],[763.07611084,42.5099372864,170.44052124,47.4571914673,24.2295665741,63.7478370667,72.8863143921,163.933441162,2.10031437874,17.8192653656,-0.278789103031,6.17686128616,-23.4917736053],[-1544.34887695,-100.725395203,-128.065200806,10.1287708282,159.886428833,-53.8079719543,42.4578094482,2.10031437874,207.512680054,31.968957901,49.3576774597,12.8344459534,46.7620391846],[288.795959473,-30.4157047272,96.8127212524,51.0573043823,31.7258472443,38.2136955261,-1.51250517368,17.8192653656,31.968957901,93.0044021606,27.8113651276,10.4698677063,-4.5113530159],[-566.588378906,-25.1311187744,-48.0839309692,-21.2345657349,48.7413139343,-26.3959217072,14.2656841278,-0.278789103031,49.3576774597,27.8113651276,93.0884399414,28.7276248932,14.1481351852],[-52.1535949707,-40.1862449646,-3.02377939224,6.08524370193,4.97668600082,10.9929056168,21.3720207214,6.17686128616,12.8344459534,10.4698677063,28.7276248932,70.9904174805,30.921081543],[-706.661682129,-45.8391685486,-81.6221008301,-6.64437818527,31.3145065308,-19.1832275391,8.68154144287,-23.4917736053,46.7620391846,-4.5113530159,14.1481351852,30.921081543,85.1265563965]],"icov":[[0.00011198771972,-0.0000626329783699,0.0000126103523144,-0.000115912829642,0.0000632809678791,-0.000136567570735,0.000205159332836,-0.000417066708906,0.00059959437931,-0.000469401769806,0.000402804231271,-0.000331389892381,0.000408068386605],[-0.0000626329783699,0.000806112890132,0.0000139093644975,0.000069366680691,-0.000161122283316,0.00000359947125617,-0.000257330277236,0.0000878986902535,0.000131466746097,0.000427773717092,-0.00038057033089,0.000626952562016,-0.000170553656062],[0.0000126103523144,0.0000139093644975,0.00117228738964,-0.000211124439375,-0.000657473807223,0.000134377856739,-0.00034478714224,-0.000809832185041,0.00142538663931,-0.00149569357745,0.000775101187173,-0.000240140900132,0.000399679760449],[-0.000115912829642,0.000069366680691,-0.000211124439375,0.00277595408261,-0.000364462699508,-0.00162895850372,0.000495535088703,0.000331113202265,-0.00131357216742,0.000182786781806,0.00015517839347,0.000151777727297,-0.000452471576864],[0.0000632809678791,-0.000161122283316,-0.000657473807223,-0.000364462699508,0.00369976344518,-0.000548413780052,-0.000995333306491,0.000564050336834,-0.00266547594219,0.000597209611442,-0.00104569050018,0.000896842684597,-0.000103821963421],[-0.000136567570735,0.00000359947125617,0.000134377856739,-0.00162895850372,-0.000548413780052,0.00891550071537,-0.00344950193539,-0.000553107645828,0.00283686909825,-0.00380858895369,0.00217386963777,-0.000799218076281,-0.000551244826056],[0.000205159332836,-0.000257330277236,-0.00034478714224,0.000495535088703,-0.000995333306491,-0.00344950193539,0.00697004282847,-0.00235817534849,-0.000683265272528,0.00223657628521,-0.000294837867841,-0.00171891751233,0.000667043554131],[-0.000417066708906,0.0000878986902535,-0.000809832185041,0.000331113202265,0.000564050336834,-0.000553107645828,-0.00235817534849,0.00989972054958,-0.00389565341175,0.00192958232947,-0.00164971651975,0.000274083839031,0.000891665229574],[0.00059959437931,0.000131466746097,0.00142538663931,-0.00131357216742,-0.00266547594219,0.00283686909825,-0.000683265272528,-0.00389565341175,0.014450811781,-0.00749661400914,0.00134916044772,-0.000429131760029,-0.00147700007074],[-0.000469401769806,0.000427773717092,-0.00149569357745,0.000182786781806,0.000597209611442,-0.00380858895369,0.00223657628521,0.00192958232947,-0.00749661400914,0.0195216611028,-0.00736579438671,0.000898416212294,0.000190795355593],[0.000402804231271,-0.00038057033089,0.000775101187173,0.00015517839347,-0.00104569050018,0.00217386963777,-0.000294837867841,-0.00164971651975,0.00134916044772,-0.00736579438671,0.0181489754468,-0.00774300517514,0.00300820916891],[-0.000331389892381,0.000626952562016,-0.000240140900132,0.000151777727297,0.000896842684597,-0.000799218076281,-0.00171891751233,0.000274083839031,-0.000429131760029,0.000898416212294,-0.00774300517514,0.0218378454447,-0.00925291329622],[0.000408068386605,-0.000170553656062,0.000399679760449,-0.000452471576864,-0.000103821963421,-0.000551244826056,0.000667043554131,0.000891665229574,-0.00147700007074,0.000190795355593,0.00300820916891,-0.00925291329622,0.0191652849317]],"mean":[-17.5306434631,66.4697036743,-109.716041565,10.0813083649,-49.8285980225,11.2578611374,-36.6563224792,4.58371496201,-20.9576873779,-3.43025064468,-18.2204494476,-0.639824151993,-14.5907649994]},"hfc":{"dmean":6.76368093491,"dmean2":10.4934263229,"dvar":104.659072876,"dvar2":237.674865723,"max":270.586791992,"mean":24.3084201813,"median":18.9363861084,"min":1.0455642352e-16,"var":508.295593262},"melbands":{"dmean":[0.00206954521127,0.00178354303353,0.00105619814713,0.000490488833748,0.000166952886502,0.000176351502887,0.000232396749198,0.000152283537318,0.000122730634757,0.000148973806063,0.000125047808979,0.0000932750481297,0.000066288652306,0.0000648098939564,0.0000609916860412,0.000074633739132,0.0000313889868266,0.0000328068053932,0.0000200813956326,0.0000183723841474,0.0000153228575073,0.0000192142560991,0.00000878812898009,0.00000466065375804,0.00000673449630995,0.00000683696498527,0.00000278585139313,0.00000230699288295,0.00000227367127081,0.00000237317794927,0.00000199058695216,0.00000156342753144,0.00000156036583121,0.00000151470464971,0.00000131476178922,0.00000115584418836,8.98853784292e-7,9.20942170524e-7,0.00000117176705317,8.1083197756e-7],"dmean2":[0.00350101524964,0.00311396503821,0.00178480602335,0.000833584927022,0.000275176484138,0.000284674519207,0.000362588267308,0.000229143144679,0.000184607881238,0.00022569601424,0.00019868396339,0.000147633298184,0.000105446277303,0.000104078790173,0.0000979483738774,0.000120943739603,0.0000517245534866,0.0000551427801838,0.0000327837296936,0.0000306170404656,0.0000248843607551,0.0000317312333209,0.000014559101146,0.00000781510334491,0.000010858020687,0.0000108729182102,0.00000476262403026,0.00000398661268264,0.00000389582601201,0.00000400623139285,0.00000333083607984,0.00000261119657807,0.00000262031971943,0.00000253963412433,0.00000218060313273,0.00000186513500466,0.00000142246381074,0.00000141233113027,0.00000174712408807,0.0000012293120335],"dvar":[0.0000523207490915,0.0000292662753054,0.0000076870983321,0.00000103654122086,1.1839924241e-7,1.47615040191e-7,2.69943711828e-7,1.29904833557e-7,1.08183932923e-7,1.76097927351e-7,8.7010100458e-8,4.25682138427e-8,3.00673796971e-8,2.36476456195e-8,2.36575452561e-8,3.95594668134e-8,5.72997915782e-9,4.67727501174e-9,4.6486849925e-9,2.43772269037e-9,1.18400378391e-9,1.38383404735e-9,2.9172239624e-10,7.5655301468e-11,2.42971198716e-10,2.19939705337e-10,4.04437837387e-11,2.07361090104e-11,2.30889161956e-11,2.10739429379e-11,1.91354310869e-11,1.05328107347e-11,1.14398638132e-11,1.08761914405e-11,9.23429648719e-12,6.94369648585e-12,4.35721337483e-12,5.65535422312e-12,1.41074513182e-11,4.55101234476e-12],"dvar2":[0.000137124210596,0.0000832373552839,0.0000203894232982,0.00000283244958155,3.1890905916e-7,3.59828248975e-7,6.24110157332e-7,2.71868145774e-7,2.26882320931e-7,3.8000283098e-7,2.2093853147e-7,1.06928908394e-7,7.15819936659e-8,5.70910962949e-8,5.73202321164e-8,9.98091636006e-8,1.44884477749e-8,1.21844641043e-8,1.13441229743e-8,6.27151530708e-9,2.73016964591e-9,3.54363205446e-9,7.38129557476e-10,1.93058458109e-10,5.28644406028e-10,4.92281715392e-10,1.09174093377e-10,5.81612882855e-11,6.47981945878e-11,5.79072796658e-11,5.25640989069e-11,2.9239388688e-11,3.16314127669e-11,2.99405118753e-11,2.38659265961e-11,1.67003667839e-11,9.65519764834e-12,1.08848589864e-11,2.58370408401e-11,9.0532321223e-12],"max":[0.0608472935855,0.0497337542474,0.0345640592277,0.0125241279602,0.00547265261412,0.00966164749116,0.0118454676121,0.00943386089057,0.00881743337959,0.0100906332955,0.00763218523934,0.00511998683214,0.0059913136065,0.00475034164265,0.00469656987116,0.00495186354965,0.00188492261805,0.00136436254252,0.00301430094987,0.00220983359031,0.000851121265441,0.0010552824242,0.000625428627245,0.000334970391123,0.000599600316491,0.00042922780267,0.00015582179185,0.000110903005407,0.000164753408171,0.000112264875497,0.000126136903418,0.0000991043416434,0.0000769411999499,0.0000825318420539,0.0000887974383659,0.0000735697394703,0.000067418171966,0.000109507418529,0.000154443128849,0.0000721795950085],"mean":[0.00190534803551,0.00227067619562,0.0014120885171,0.000738676520996,0.000280746811768,0.000298834900605,0.000411261513364,0.000274717021966,0.000221710506594,0.000273791898508,0.000215747350012,0.000159844159498,0.000114065645903,0.000118482501421,0.000104927552457,0.000120731667266,0.0000494604100822,0.0000500845635543,0.0000320045110129,0.000030202059861,0.0000257485990005,0.0000341436934832,0.000016143441826,0.00000827254734759,0.0000130099051603,0.0000137277211252,0.00000442980899606,0.00000398239126298,0.00000394675589632,0.00000443863200417,0.00000416541070081,0.00000323666313307,0.00000301225077237,0.00000302503576677,0.00000263722654381,0.00000238911820816,0.00000186148940884,0.00000190604578165,0.00000240539452534,0.00000161418142852],"median":[0.000267983734375,0.000791561324149,0.000711500411853,0.000376955489628,0.000124695667182,0.000134044588776,0.000131060238346,0.0000885119661689,0.0000645305699436,0.0000532048179593,0.0000646379194222,0.0000567318747926,0.0000389838060073,0.0000335372169502,0.0000246859472099,0.0000226459105761,0.0000176238481799,0.0000183889023901,0.0000104087357613,0.0000100282059066,0.00000866840309754,0.0000146254169522,0.00000744213048165,0.00000424241716246,0.00000524125107404,0.00000440091343989,0.00000156834732934,0.00000166709048699,0.00000153943972236,0.00000215192449105,0.0000016712336901,0.00000138034442898,0.00000119767764772,0.00000128999920435,9.52090772444e-7,8.31081308661e-7,6.94402274348e-7,7.17599050404e-7,7.71253326093e-7,5.8837878214e-7],"min":[1.4736121883e-24,1.67029877919e-24,2.52537686601e-24,1.2918050918e-24,2.04656551224e-24,1.6689648154e-24,2.12405650225e-24,2.71293051838e-24,1.22260266332e-24,3.07514113061e-24,1.61849428354e-24,2.60938325545e-24,3.69323258251e-24,2.59695179366e-24,1.91592659646e-24,3.19786974366e-24,3.89443392297e-24,3.80668024701e-24,4.01458374972e-24,3.69772632866e-24,4.34138042376e-24,3.70143673592e-24,4.73732036171e-24,5.11250970799e-24,4.35160248337e-24,4.01750056292e-24,3.7964400436e-24,4.94604901293e-24,4.71239117382e-24,5.639747655e-24,4.61070187554e-24,5.83601506493e-24,4.9288143743e-24,5.5650078174e-24,5.48355122362e-24,5.16848175579e-24,6.26113378448e-24,6.62106024995e-24,6.9037170009e-24,6.49095342085e-24],"var":[0.0000410048305639,0.0000213546154555,0.00000679498407408,0.00000119560968415,1.8933253898e-7,2.73818017149e-7,6.46037619845e-7,3.6023467942e-7,2.99259426129e-7,4.88805483201e-7,2.24063938958e-7,1.11202382413e-7,6.76657876397e-8,6.66730528565e-8,5.67574751642e-8,9.48258929157e-8,9.77035341521e-9,7.661729029e-9,1.08929283371e-8,5.66391600287e-9,2.81293144333e-9,3.25977822513e-9,6.69861333069e-10,1.52457366176e-10,5.91301785313e-10,7.28480442636e-10,7.67841970561e-11,4.43380089588e-11,4.88569636137e-11,5.1960918207e-11,6.8787114893e-11,3.96274228709e-11,3.41884159871e-11,3.55825265086e-11,3.02777421191e-11,2.65260348409e-11,1.696358852e-11,2.14909982171e-11,5.47483447466e-11,1.61009417604e-11]},"melbands_crest":{"dmean":3.49124312401,"dmean2":5.51275444031,"dvar":11.9885473251,"dvar2":28.3015804291,"max":35.2157020569,"mean":13.5836029053,"median":12.4967575073,"min":1.70157575607,"var":32.0524940491},"melbands_flatness_db":{"dmean":0.0274293236434,"dmean2":0.0415869392455,"dvar":0.0012256592745,"dvar2":0.002780768089,"max":0.53755569458,"mean":0.183885514736,"median":0.175108641386,"min":0.00365297053941,"var":0.0043180170469},"melbands_kurtosis":{"dmean":9.72554206848,"dmean2":15.8664655685,"dvar":770.05078125,"dvar2":1964.69018555,"max":612.680358887,"mean":13.0315093994,"median":4.92034339905,"min":-1.82481706142,"var":782.883544922},"melbands_skewness":{"dmean":0.818884313107,"dmean2":1.24139451981,"dvar":1.40526330471,"dvar2":3.03603935242,"max":17.6087493896,"mean":2.21440863609,"median":1.85700333118,"min":-3.38619208336,"var":4.30830097198},"melbands_spread":{"dmean":6.88658761978,"dmean2":10.5579967499,"dvar":83.940071106,"dvar2":176.089996338,"max":216.644058228,"mean":24.8668670654,"median":21.3614749908,"min":0.366455852985,"var":379.521331787},"mfcc":{"cov":[[17637.9492188,1907.44592285,1696.88867188,671.647766113,-63.2760887146,347.422546387,678.633483887,274.144683838,-86.8984832764,128.299880981,19.3295974731,-190.792221069,13.865981102],[1907.44592285,1624.12255859,132.683319092,39.97240448,14.9373350143,22.5753936768,146.119537354,74.4172363281,25.1191291809,-5.10411834717,24.3147087097,-40.2855796814,15.2621479034],[1696.88867188,132.683319092,759.23614502,217.552536011,68.570098877,129.48526001,169.5650177,72.9371337891,45.5346298218,82.4540328979,10.1615867615,-9.0178155899,38.1352920532],[671.647766113,39.97240448,217.552536011,349.705841064,150.847320557,133.125305176,68.3234863281,64.6175918579,51.9236068726,90.2249145508,9.13771438599,10.9866189957,42.9012832642],[-63.2760887146,14.9373350143,68.570098877,150.847320557,300.726135254,86.030921936,34.793838501,14.2296085358,52.2597198486,68.7168121338,45.3791427612,15.6127796173,36.8175926208],[347.422546387,22.5753936768,129.48526001,133.125305176,86.030921936,245.374359131,101.705711365,53.8530006409,53.5203437805,51.7411956787,14.6893138885,29.4830646515,-5.20332336426],[678.633483887,146.119537354,169.5650177,68.3234863281,34.793838501,101.705711365,213.308731079,111.849502563,54.3489646912,33.0000190735,47.8685646057,11.9902544022,10.3975019455],[274.144683838,74.4172363281,72.9371337891,64.6175918579,14.2296085358,53.8530006409,111.849502563,152.899749756,70.893699646,29.6626110077,29.5136566162,19.5353565216,16.7449588776],[-86.8984832764,25.1191291809,45.5346298218,51.9236068726,52.2597198486,53.5203437805,54.3489646912,70.893699646,119.808830261,51.7695045471,22.9171485901,17.9440898895,15.1696243286],[128.299880981,-5.10411834717,82.4540328979,90.2249145508,68.7168121338,51.7411956787,33.0000190735,29.6626110077,51.7695045471,111.140106201,37.875617981,4.2312746048,18.7178993225],[19.3295974731,24.3147087097,10.1615867615,9.13771438599,45.3791427612,14.6893138885,47.8685646057,29.5136566162,22.9171485901,37.875617981,102.904441833,34.600112915,11.2524223328],[-190.792221069,-40.2855796814,-9.0178155899,10.9866189957,15.6127796173,29.4830646515,11.9902544022,19.5353565216,17.9440898895,4.2312746048,34.600112915,84.6560897827,28.8801193237],[13.865981102,15.2621479034,38.1352920532,42.9012832642,36.8175926208,-5.20332336426,10.3975019455,16.7449588776,15.1696243286,18.7178993225,11.2524223328,28.8801193237,87.2312088013]],"icov":[[0.0000929558300413,-0.0000810137717053,-0.000142375691212,-0.000122255369206,0.0000991315100691,-0.000015108160369,-0.000139654730447,-0.000022227424779,0.000219082430704,-0.0000103982620203,-0.0000402830992243,0.000147059050505,0.0000205805681617],[-0.0000810137717053,0.00075107900193,0.000103569494968,0.0000549221440451,-0.0000820272907731,0.0000718472001608,-0.000334208802087,3.233202861e-8,-0.000264256057562,0.000330569164362,-0.000169389386429,0.000410572916735,-0.00025114393793],[-0.000142375691212,0.000103569494968,0.0021849561017,-0.000731723906938,0.000144655932672,-0.0000359507575922,-0.00143802457023,0.000679272576235,-0.000188016580069,-0.000713319343049,0.000594964250922,0.000105023260403,-0.000538774183951],[-0.000122255369206,0.0000549221440451,-0.000731723906938,0.00589124858379,-0.00201259856112,-0.001728692092,0.00115006347187,-0.00211440376006,0.00100760883652,-0.00264115142636,0.00169655750506,-0.000110345536086,-0.00134333316237],[0.0000991315100691,-0.0000820272907731,0.000144655932672,-0.00201259856112,0.0053054546006,-0.00101358408574,-0.000100793309684,0.00172532699071,-0.00140066060703,-0.000166978585185,-0.00235422933474,0.0012377955718,-0.00152044894639],[-0.000015108160369,0.0000718472001608,-0.0000359507575922,-0.001728692092,-0.00101358408574,0.00749765662476,-0.00342408311553,0.00105698173866,-0.000908466812689,-0.00153186637908,0.00250750849955,-0.00387171376497,0.0033810690511],[-0.000139654730447,-0.000334208802087,-0.00143802457023,0.00115006347187,-0.000100793309684,-0.00342408311553,0.0117980381474,-0.00647711055353,-0.0000777808745624,0.00166025746148,-0.00419001048431,0.00214054831304,-0.000691810681019],[-0.000022227424779,3.233202861e-8,0.000679272576235,-0.00211440376006,0.00172532699071,0.00105698173866,-0.00647711055353,0.0143427671865,-0.0062194080092,0.000952307600528,-0.000403363548685,-0.00114457623567,-0.000591721211094],[0.000219082430704,-0.000264256057562,-0.000188016580069,0.00100760883652,-0.00140066060703,-0.000908466812689,-0.0000777808745624,-0.0062194080092,0.015226861462,-0.00559933949262,0.00165427580941,-0.00143840536475,0.000154541688971],[-0.0000103982620203,0.000330569164362,-0.000713319343049,-0.00264115142636,-0.000166978585185,-0.00153186637908,0.00166025746148,0.000952307600528,-0.00559933949262,0.0168372113258,-0.00669283047318,0.00428752833977,-0.00204230402596],[-0.0000402830992243,-0.000169389386429,0.000594964250922,0.00169655750506,-0.00235422933474,0.00250750849955,-0.00419001048431,-0.000403363548685,0.00165427580941,-0.00669283047318,0.0167408883572,-0.00768828159198,0.00219598575495],[0.000147059050505,0.000410572916735,0.000105023260403,-0.000110345536086,0.0012377955718,-0.00387171376497,0.00214054831304,-0.00114457623567,-0.00143840536475,0.00428752833977,-0.00768828159198,0.0190154016018,-0.00684931548312],[0.0000205805681617,-0.00025114393793,-0.000538774183951,-0.00134333316237,-0.00152044894639,0.0033810690511,-0.000691810681019,-0.000591721211094,0.000154541688971,-0.00204230402596,0.00219598575495,-0.00684931548312,0.0158358495682]],"mean":[-660.280517578,109.494941711,-1.17220711708,4.35881090164,5.70338201523,2.90051269531,-2.10159015656,4.1311173439,0.12173679471,-4.77769804001,-0.0423022508621,-0.776728212833,-3.87907886505]},"pitch_salience":{"dmean":0.0738835856318,"dmean2":0.119829326868,"dvar":0.00554096885026,"dvar2":0.0144322430715,"max":0.986428797245,"mean":0.556656777859,"median":0.558527290821,"min":0.0749899670482,"var":0.0137070342898},"silence_rate_20dB":{"dmean":0,"dmean2":0,"dvar":0,"dvar2":0,"max":1,"mean":1,"median":1,"min":1,"var":0},"silence_rate_30dB":{"dmean":0.0513933636248,"dmean2":0.10279392451,"dvar":0.0487511195242,"dvar2":0.109744913876,"max":1,"mean":0.957291901112,"median":1,"min":0,"var":0.0408888943493},"silence_rate_60dB":{"dmean":0.0162442233413,"dmean2":0.0324907228351,"dvar":0.0159766320139,"dvar2":0.0362050272524,"max":1,"mean":0.129594624043,"median":0,"min":0,"var":0.112789526582},"spectral_centroid":{"dmean":222.768157959,"dmean2":347.840026855,"dvar":82372.09375,"dvar2":186635.15625,"max":12595.6933594,"mean":1376.52709961,"median":1222.58410645,"min":167.256622314,"var":864723.5},"spectral_complexity":{"dmean":3.22265791893,"dmean2":5.30971240997,"dvar":15.0027694702,"dvar2":39.2163581848,"max":53,"mean":17.7662258148,"median":17,"min":0,"var":93.8416061401},"spectral_contrast_coeffs":{"dmean":[0.048686183989,0.0457662530243,0.0400206148624,0.0320927351713,0.0234527736902,0.0160844400525],"dmean2":[0.0785109251738,0.0741605833173,0.0646983757615,0.052306253463,0.0370965972543,0.0257695708424],"dvar":[0.00175438949373,0.0014918174129,0.00109888531733,0.000712510372978,0.000476845336379,0.000215003077756],"dvar2":[0.00436070607975,0.00368048110977,0.00268583209254,0.00178073660936,0.00101222610101,0.000534546386916],"max":[-0.288054138422,-0.37442278862,-0.435758709908,-0.515825629234,-0.529186367989,-0.639643013477],"mean":[-0.619995355606,-0.720189094543,-0.745238780975,-0.758179545403,-0.773431956768,-0.780155420303],"median":[-0.618679523468,-0.725133240223,-0.752846539021,-0.762591123581,-0.780311286449,-0.779093801975],"min":[-0.992166757584,-0.980552852154,-0.986674904823,-0.985286593437,-0.983825981617,-0.964363336563],"var":[0.0103240842,0.00779409753159,0.00688965339214,0.00413997238502,0.00310701597482,0.00139815476723]},"spectral_contrast_valleys":{"dmean":[0.459142774343,0.3570279181,0.305392801762,0.279259443283,0.275841504335,0.282201051712],"dmean2":[0.716005444527,0.586271643639,0.505543589592,0.454289764166,0.436531573534,0.395763069391],"dvar":[0.212944298983,0.111029788852,0.0844727382064,0.0896505191922,0.141045987606,0.144945636392],"dvar2":[0.439861238003,0.275112211704,0.211344078183,0.213016167283,0.33856844902,0.311405241489],"max":[-4.89343929291,-4.5754981041,-5.21861171722,-5.62972974777,-5.62419700623,-7.46782255173],"mean":[-8.05955410004,-7.22783660889,-7.63749361038,-7.97619724274,-8.11162948608,-10.2390460968],"median":[-7.31154346466,-6.78553915024,-7.25187015533,-7.60617399216,-7.75349330902,-9.70842266083],"min":[-28.4111118317,-28.255777359,-27.7709598541,-27.66664505,-27.5146579742,-27.3928585052],"var":[5.89312362671,4.1890130043,3.83676218987,3.57657289505,3.83582615852,4.29635810852]},"spectral_decrease":{"dmean":3.6448968288e-9,"dmean2":5.79835957026e-9,"dvar":6.50622484224e-17,"dvar2":1.63620361804e-16,"max":4.32247985709e-15,"mean":-7.76878916753e-9,"median":-6.08451333761e-9,"min":-7.18762862562e-8,"var":7.52893043752e-17},"spectral_energy":{"dmean":0.0141147915274,"dmean2":0.0224191918969,"dvar":0.000941705715377,"dvar2":0.00236573396251,"max":0.273500084877,"mean":0.0315260738134,"median":0.0252275820822,"min":1.0058225443e-20,"var":0.00113069929648},"spectral_energyband_high":{"dmean":0.000400389224524,"dmean2":0.000601485953666,"dvar":6.37433743123e-7,"dvar2":0.00000128113697428,"max":0.0268082469702,"mean":0.00104569946416,"median":0.000513887673151,"min":7.08866481535e-21,"var":0.00000317328090205},"spectral_energyband_low":{"dmean":0.0102684339508,"dmean2":0.0167230889201,"dvar":0.000874818884768,"dvar2":0.00224307575263,"max":0.262570947409,"mean":0.0128054339439,"median":0.00451261550188,"min":2.54435062739e-23,"var":0.000773181556724},"spectral_energyband_middle_high":{"dmean":0.00225785584189,"dmean2":0.0036031389609,"dvar":0.0000119887290566,"dvar2":0.0000302263906633,"max":0.0713370740414,"mean":0.00686994194984,"median":0.00398536026478,"min":1.16882427992e-21,"var":0.0000629403148196},"spectral_energyband_middle_low":{"dmean":0.00550299230963,"dmean2":0.00891148950905,"dvar":0.000125113132526,"dvar2":0.000325006432831,"max":0.123968623579,"mean":0.0124026490375,"median":0.00900879316032,"min":1.68869686932e-22,"var":0.000178994072485},"spectral_entropy":{"dmean":0.162330031395,"dmean2":0.246337428689,"dvar":0.0330773405731,"dvar2":0.0768391638994,"max":9.82266712189,"mean":7.5954875946,"median":7.58717489243,"min":5.72497367859,"var":0.217022299767},"spectral_flux":{"dmean":0.0319412313402,"dmean2":0.0479443259537,"dvar":0.00271618971601,"dvar2":0.00551688531414,"max":0.48195952177,"mean":0.0878810882568,"median":0.0717344880104,"min":6.52209813934e-11,"var":0.00545744877309},"spectral_kurtosis":{"dmean":1.24541056156,"dmean2":2.01239275932,"dvar":2.60680747032,"dvar2":6.88011980057,"max":39.0607337952,"mean":5.53574562073,"median":4.6112537384,"min":-1.67502367496,"var":18.3484020233},"spectral_rms":{"dmean":0.000965839717537,"dmean2":0.00145245378371,"dvar":0.00000267391146735,"dvar2":0.0000060995325839,"max":0.0163349118084,"mean":0.00483337789774,"median":0.0049610757269,"min":3.13255519614e-12,"var":0.00000739583765608},"spectral_rolloff":{"dmean":539.908508301,"dmean2":889.160339355,"dvar":1661622.5,"dvar2":3575906.5,"max":21081.0058594,"mean":1933.42663574,"median":1335.05859375,"min":64.599609375,"var":7448453},"spectral_skewness":{"dmean":0.183890983462,"dmean2":0.291796207428,"dvar":0.0429342649877,"dvar2":0.105854310095,"max":4.73128318787,"mean":1.80474960804,"median":1.78953611851,"min":-0.143078297377,"var":0.309593498707},"spectral_spread":{"dmean":631322.875,"dmean2":908797.625,"dvar":771383361536,"dvar2":1490553929730,"max":57389788,"mean":5485339,"median":5030640,"min":1371763.25,"var":12706985803800},"spectral_strongpeak":{"dmean":0.562089502811,"dmean2":0.953323304653,"dvar":0.892372727394,"dvar2":2.21548318863,"max":14.8802232742,"mean":1.06621325016,"median":0.521112501621,"min":0,"var":1.90607047081},"zerocrossingrate":{"dmean":0.0124657023698,"dmean2":0.0144505742937,"dvar":0.000327170273522,"dvar2":0.000390477100154,"max":0.87353515625,"mean":0.0792965590954,"median":0.06396484375,"min":0.00390625,"var":0.0055935503915}},"metadata":{"audio_properties":{"analysis_sample_rate":44100,"bit_rate":0,"codec":"flac","downmix":"mix","equal_loudness":0,"length":331.626678467,"lossless":true,"md5_encoded":"6d11678818709feb8fbdbcc15b0a28e2","replay_gain":-13.2289962769,"sample_rate":44100},"tags":{"acoustid_id":["9d2e4572-0303-4982-8c90-fa46537636f5"],"album":["Friends"],"albumartist":["White Lies"],"albumartistsort":["White Lies"],"artist":["White Lies"],"artistsort":["White Lies"],"date":["2016-10-07"],"discnumber":["1"],"disctotal":["1"],"file_name":"07 - White Lies - Swing.flac","media":["Digital Media"],"musicbrainz_albumartistid":["5bdb38bd-5c5b-4d0f-8901-8bbe1d7062d8"],"musicbrainz_albumid":["cd6ac7a2-2d44-42ed-b8ad-a1cc80fa3dda"],"musicbrainz_artistid":["5bdb38bd-5c5b-4d0f-8901-8bbe1d7062d8"],"musicbrainz_recordingid":["7023e03d-8377-4a3c-b820-d6d2969248b5"],"musicbrainz_releasegroupid":["07385c42-2ce8-4dfb-b098-2c19e692b4ae"],"musicbrainz_releasetrackid":["7a9ece8f-d3e5-46de-9892-1aa6118c4564"],"originaldate":["2016-10-07"],"originalyear":["2016"],"releasecountry":["GB"],"releasestatus":["official"],"releasetype":["album"],"script":["Latn"],"title":["Swing"],"tracknumber":["7"],"tracktotal":["10"]},"version":{"essentia":"2.1-beta2","essentia_build_sha":"2d9f1f26377add8aeb1075a9c2973f962c4f09fd","essentia_git_sha":"v2.1_beta2-1-ge3940c0","extractor":"music 1.0"}},"rhythm":{"beats_count":518,"beats_loudness":{"dmean":0.0264564491808,"dmean2":0.0440253689885,"dvar":0.000527075259015,"dvar2":0.00149317830801,"max":0.168137833476,"mean":0.0622016079724,"median":0.0611453279853,"min":0,"var":0.00132950930856},"beats_loudness_band_ratio":{"dmean":[0.204742431641,0.0760807693005,0.0977451428771,0.0743686407804,0.0393184237182,0.0277067646384],"dmean2":[0.3463973701,0.133455887437,0.172891035676,0.134288161993,0.0663689896464,0.0478165112436],"dvar":[0.039629060775,0.00720716500655,0.0148039199412,0.00729258591309,0.00504136597738,0.00328190322034],"dvar2":[0.1