{"lowlevel":{"average_loudness":0.712147533894,"barkbands":{"dmean":[0.000913540367037,0.00381261017174,0.00131946208421,0.000869614479598,0.00172212172765,0.0034132974688,0.000773290172219,0.000508509634528,0.00127543369308,0.000266683899099,0.000424117431976,0.000102303012682,0.000221136273467,0.000138656876516,0.0000761472329032,0.0000679896620568,0.0000787818207755,0.0000498914414493,0.000105270388303,0.0000337230994774,0.0000437492926721,0.0000253237431025,0.0000263952770183,0.0000195484608412,0.0000034032534586,0.0000233342379943,0.0000535519975529],"dmean2":[0.00159153179266,0.00615381263196,0.0021780540701,0.0014910204336,0.00275067565963,0.0052010929212,0.00126336247195,0.000822273083031,0.00201571872458,0.00044139084639,0.000708101782948,0.000166199562955,0.000351083755959,0.000221666399739,0.000122037527035,0.00010643171845,0.000122607511003,0.0000767030796851,0.000163552118465,0.0000498240988236,0.0000614635500824,0.0000356781420123,0.0000374296359951,0.0000273630485026,0.00000545103102922,0.0000309810857289,0.0000652239759802],"dvar":[0.00000570017800783,0.0000571619966649,0.00000545495322513,0.00000241477528107,0.000012280660485,0.0000692577668815,0.00000463607466372,0.00000166244444699,0.0000111547142296,5.46102057797e-7,0.00000130690591504,5.93964877282e-8,3.07301348812e-7,0.0000010036818594,4.78573483065e-8,4.98167906926e-8,6.49951843457e-8,4.57680577881e-8,2.17974232442e-7,1.07238466995e-8,6.94898005804e-8,2.81368639499e-9,3.07629166585e-9,1.82523607339e-9,4.90624520177e-11,2.46203013532e-9,1.24623600328e-8],"dvar2":[0.0000157814392878,0.000143165074405,0.0000144513142004,0.00000689607986715,0.0000284961861325,0.000150722349645,0.0000118942862173,0.00000392815809391,0.0000260642191279,0.00000146135880641,0.00000350639970748,1.52482172666e-7,7.27728206584e-7,0.00000272570605375,1.10057342795e-7,1.18561509055e-7,1.48819708556e-7,1.04793137723e-7,5.11881580678e-7,1.98881071611e-8,1.34456641376e-7,5.31402610804e-9,5.89231818893e-9,3.34037997263e-9,1.18451415343e-10,4.0607588403e-9,1.72748890748e-8],"max":[0.0410416647792,0.147571787238,0.0396911613643,0.0261813718826,0.0809559226036,0.172189876437,0.0577404275537,0.0251535568386,0.083328679204,0.0240582637489,0.0361256077886,0.00644937623292,0.0199725497514,0.0829040035605,0.00808294024318,0.012596485205,0.00605074362829,0.0109765967354,0.0157323684543,0.00607577105984,0.016023946926,0.001333266031,0.00114206969738,0.00101988576353,0.000157238944666,0.00108605634887,0.00233932700939],"mean":[0.000945702427998,0.007321535144,0.00217531947419,0.00124379375484,0.0027234244626,0.00546189211309,0.00110645464156,0.000723458768334,0.00199640356004,0.000392844784074,0.000654594856314,0.000165407574968,0.00034897585283,0.000220662201173,0.000129782827571,0.000117810210213,0.000128934014356,0.0000822176298243,0.00016693341604,0.0000668890570523,0.0000825362731121,0.0000529606440978,0.0000551082011953,0.000033549607906,0.00000436521850133,0.0000479710870422,0.000159417642863],"median":[0.000261714390945,0.00250419229269,0.000839309766889,0.000595944235101,0.00123571918812,0.00141286640428,0.000253416306805,0.000173107284354,0.000428837432992,0.000111020170152,0.000169521910721,0.0000531786026841,0.0000919220838114,0.000056750170188,0.0000353063987859,0.000031415183912,0.000029283506592,0.0000236721898546,0.0000358572287951,0.0000250320244959,0.0000286061604129,0.0000244532420766,0.0000236517189478,0.0000111312692752,0.00000152727568548,0.0000181722080015,0.0000854449535836],"min":[1.13449573545e-23,2.55034029047e-23,2.89473100817e-24,5.38653868721e-24,1.21388922131e-23,8.6812381882e-23,2.22230210714e-23,7.33538563254e-24,4.90225082438e-23,1.05498849585e-22,4.85099726919e-23,7.15889883093e-23,1.03665107701e-22,9.09072831104e-23,7.86137063179e-23,7.67271801729e-23,6.11672332944e-23,1.52148776615e-22,3.96444433434e-22,2.93768367982e-22,3.2389573588e-22,6.02011992786e-22,5.21224002798e-22,7.20516116851e-22,1.15996773222e-21,1.64682037118e-21,3.05766303688e-21],"var":[0.00000509411165694,0.000139787109219,0.0000109249513116,0.00000393846494262,0.0000203918698389,0.000143887955346,0.00000755646078687,0.00000282005953522,0.0000223170736717,7.87134297298e-7,0.0000024893220143,1.19169172308e-7,5.9367147287e-7,0.00000119737273963,9.17070437367e-8,8.64109779286e-8,1.25600507772e-7,7.3827493452e-8,3.24422018139e-7,2.79573075801e-8,1.67562134834e-7,8.02611843653e-9,8.70429239797e-9,4.34763025581e-9,7.1829681092e-11,7.38745686846e-9,5.65332420877e-8]},"barkbands_crest":{"dmean":2.73546099663,"dmean2":4.47009325027,"dvar":5.87149190903,"dvar2":15.0283288956,"max":25.2222290039,"mean":11.1126890182,"median":10.2888507843,"min":2.82386469841,"var":18.0832061768},"barkbands_flatness_db":{"dmean":0.0242356732488,"dmean2":0.0376447029412,"dvar":0.000481550057884,"dvar2":0.00112711719703,"max":0.401538550854,"mean":0.147776648402,"median":0.139939591289,"min":0.0234212204814,"var":0.00334757519886},"barkbands_kurtosis":{"dmean":6.52995109558,"dmean2":10.2271986008,"dvar":150.75440979,"dvar2":348.537322998,"max":370.708557129,"mean":14.0991001129,"median":8.16552066803,"min":-1.91356515884,"var":546.248718262},"barkbands_skewness":{"dmean":0.701266765594,"dmean2":1.08404517174,"dvar":0.536608815193,"dvar2":1.21624219418,"max":14.8970003128,"mean":2.62274432182,"median":2.35228013992,"min":-4.67753219604,"var":2.86568927765},"barkbands_spread":{"dmean":5.20476579666,"dmean2":7.7712392807,"dvar":44.7719726562,"dvar2":88.5468444824,"max":131.758346558,"mean":18.52526474,"median":13.9612388611,"min":0.500853776932,"var":230.807739258},"dissonance":{"dmean":0.0226626042277,"dmean2":0.0383320190012,"dvar":0.000512128171977,"dvar2":0.00142628001049,"max":0.500000178814,"mean":0.462880074978,"median":0.470404654741,"min":0.262567847967,"var":0.000874453631695},"dynamic_complexity":5.56949663162,"erbbands":{"dmean":[0.125077947974,0.867598891258,1.66930878162,2.15674138069,3.16655707359,6.89212274551,19.4388923645,29.505115509,14.9478807449,5.72459983826,16.8104228973,31.1032886505,11.8408155441,12.1075334549,12.5617589951,4.38940954208,10.7251272202,5.3798995018,4.92605352402,4.80898571014,3.82365083694,3.81831717491,2.953551054,4.94041156769,3.50424957275,1.65883111954,2.34424424171,1.13967871666,0.942346930504,0.772298038006,0.81416285038,0.514863848686,0.286261945963,0.061289396137,0.0145523389801,0.0424721613526,0.0500455796719,0.0281722061336,0.00703804055229,0.00120851851534],"dmean2":[0.206638470292,1.39076542854,2.67771863937,3.66923308372,5.29763412476,11.0390329361,30.4465866089,45.7606163025,23.8489933014,9.29962253571,26.5345745087,48.9333076477,19.0910663605,19.9106388092,20.9423179626,6.91596889496,16.9845905304,8.50421237946,7.76721858978,7.57437992096,5.91584920883,5.84055328369,4.37958812714,7.70498180389,5.28680610657,2.41456794739,3.38692069054,1.61567270756,1.33700311184,1.09227657318,1.16939795017,0.720870673656,0.414361745119,0.092937476933,0.0238358844072,0.0611921921372,0.0664485692978,0.0358717292547,0.00864423252642,0.00165473564994],"dvar":[0.0764982774854,2.88056397438,8.78173542023,14.9562349319,29.6130466461,230.872894287,2121.67456055,7188.81982422,1729.4621582,146.989898682,1802.1986084,7705.19921875,923.83190918,1354.18603516,1357.2310791,98.7484054565,727.236755371,2271.01196289,311.981567383,286.630126953,108.752601624,162.722106934,118.077026367,429.329925537,238.300140381,27.1971817017,283.987915039,11.5823259354,3.98827362061,2.52896571159,3.00295424461,1.3222618103,0.419156134129,0.0178473331034,0.000700997188687,0.00872720126063,0.0111594237387,0.00370216625743,0.000234421968344,0.0000047996700232],"dvar2":[0.196134611964,7.07570362091,21.8783760071,41.5182914734,80.6934509277,539.80267334,4675.60253906,16142.0078125,4497.75390625,370.44732666,4258.09472656,17853.9238281,2325.73852539,3634.69018555,3603.91943359,242.86895752,1738.51831055,6032.47265625,812.453613281,657.201721191,245.081436157,358.38973999,245.539871216,1041.48132324,545.011962891,50.0820579529,554.07220459,21.3132896423,7.88873100281,4.80126094818,6.0105047226,2.53706169128,0.840930402279,0.0390082262456,0.00175360962749,0.0173416566104,0.0187843702734,0.0057142181322,0.00033445697045,0.00000804528826848],"max":[4.1124958992,39.0679397583,49.5800209045,84.025062561,177.696884155,262.337524414,1129.10681152,2020.25915527,1034.70202637,406.818878174,1273.14575195,2498.90649414,746.816589355,1129.53491211,1715.62402344,268.326538086,927.452148438,4101.90576172,1132.5760498,1004.12316895,291.945587158,321.051452637,531.740783691,792.307434082,698.822814941,336.573242188,1023.0413208,224.607315063,55.9315452576,35.430809021,36.7777824402,31.1339244843,15.8592252731,3.0773293972,0.437432676554,1.80389773846,2.6840326786,2.03139662743,0.386814206839,0.0579751878977],"mean":[0.183504983783,1.6556750536,3.17742466927,3.24825525284,5.70205450058,9.83254623413,29.7454433441,44.9422798157,22.6008071899,9.83576869965,25.548418045,46.8696899414,19.2265262604,19.1905841827,20.2998867035,8.38575553894,17.1734466553,9.36693000793,8.78028392792,7.99006795883,6.98374462128,6.51920795441,5.31962108612,7.9424071312,5.92841625214,3.30673146248,4.21366214752,2.37679958344,1.95974218845,1.6170116663,1.6035926342,0.945373356342,0.458082526922,0.0890787616372,0.0181242246181,0.0686540529132,0.0997275412083,0.0669862478971,0.0192540064454,0.00449970271438],"median":[0.0674946084619,0.502253174782,1.17820072174,1.72545814514,2.76910758018,3.53990626335,8.87122058868,10.4248666763,5.02328395844,3.64946174622,5.84050989151,9.6592206955,5.59264945984,5.5320391655,5.85782384872,3.0511636734,4.67854595184,2.70426011086,2.65649104118,2.07751989365,1.98366713524,1.50334441662,1.43095827103,1.60361373425,1.63284707069,1.22151517868,1.2661614418,1.01768958569,0.923948645592,0.718147456646,0.673042535782,0.349449634552,0.142777979374,0.0300780367106,0.00733381789178,0.022404352203,0.0372973419726,0.0283907297999,0.00977425836027,0.00295680621639],"min":[1.06756947676e-21,4.25800429158e-21,4.47008766531e-21,1.31358324991e-20,1.30961116738e-20,5.63462508574e-20,4.18798261263e-19,7.52521616909e-19,2.86194565776e-19,2.62247506097e-19,2.04980331799e-19,7.44439338542e-19,3.19737277282e-18,2.93315039886e-18,1.81824286845e-18,3.66397253507e-18,3.85461822751e-18,3.97544077728e-18,6.05222411606e-18,3.38320530808e-18,3.72739081827e-18,3.21552835329e-18,5.58301749412e-18,1.34531670481e-17,2.32687775739e-17,1.48342782568e-17,1.39716728073e-17,1.4574733796e-17,2.179171755e-17,1.75412119221e-17,1.50084775307e-17,1.64863101413e-17,1.1187403545e-17,1.25322875516e-17,8.06716743225e-18,4.71809180303e-18,3.30811778118e-18,2.1452099938e-18,4.25679189037e-19,3.47455277598e-20],"var":[0.0983087792993,8.1426076889,23.583240509,22.7575206757,95.1495132446,354.889770508,4226.85742188,12823.7119141,2834.81298828,339.694732666,3325.90332031,14785.7529297,1554.93847656,2148.7890625,2498.27319336,248.766540527,1396.95544434,2614.38769531,543.536376953,451.439147949,265.800140381,311.521575928,234.37310791,651.590637207,358.695007324,70.0493545532,643.674377441,36.1239395142,10.8308601379,7.40732526779,7.74009132385,3.12837529182,0.876316964626,0.0322209447622,0.000927524699364,0.0187980290502,0.0322462469339,0.0131696173921,0.000944637460634,0.0000273288496828]},"erbbands_crest":{"dmean":2.79141497612,"dmean2":4.5576543808,"dvar":6.78036403656,"dvar2":16.8152389526,"max":28.9441680908,"mean":9.47206783295,"median":8.44631385803,"min":2.29323744774,"var":20.2316036224},"erbbands_flatness_db":{"dmean":0.0208611171693,"dmean2":0.0310799051076,"dvar":0.000386065832572,"dvar2":0.000830220873468,"max":0.403696864843,"mean":0.130157843232,"median":0.12030865252,"min":0.036504920572,"var":0.00278465100564},"erbbands_kurtosis":{"dmean":1.62548398972,"dmean2":2.54249310493,"dvar":7.74691390991,"dvar2":18.415681839,"max":85.4044418335,"mean":1.979424119,"median":0.648138523102,"min":-1.79031026363,"var":19.9188232422},"erbbands_skewness":{"dmean":0.420310884714,"dmean2":0.628535568714,"dvar":0.165624991059,"dvar2":0.344942688942,"max":7.3032336235,"mean":0.805527865887,"median":0.742714881897,"min":-3.55509185791,"var":0.981207132339},"erbbands_spread":{"dmean":8.37412834167,"dmean2":12.6023712158,"dvar":74.1520690918,"dvar2":152.498413086,"max":137.866027832,"mean":38.813419342,"median":35.0637550354,"min":1.11040341854,"var":528.561279297},"gfcc":{"cov":[[12555.4091797,-643.101989746,-688.917053223,-281.34753418,-634.834716797,-206.257705688,33.6167640686,-144.683364868,62.0021476746,-53.0645980835,-1.00349390507,267.879669189,-223.990570068],[-643.101989746,1016.69818115,-83.7401428223,-367.382049561,26.7762737274,-103.002250671,15.8087806702,49.6441307068,55.8501701355,30.135011673,86.0899734497,-39.894733429,126.725845337],[-688.917053223,-83.7401428223,617.898376465,224.966323853,-125.274810791,122.709121704,-37.5894699097,4.76846170425,-12.9758262634,21.2873878479,-30.9449634552,29.5100765228,-26.6579456329],[-281.34753418,-367.382049561,224.966323853,484.221618652,183.050460815,48.1354179382,33.3422355652,-14.1336259842,-26.6220493317,-33.3731498718,-48.0652618408,14.6466341019,-59.2985153198],[-634.834716797,26.7762737274,-125.274810791,183.050460815,341.234954834,60.6970100403,65.3241882324,21.117231369,-0.626412212849,-23.0907917023,10.905752182,-32.9152526855,1.99187302589],[-206.257705688,-103.002250671,122.709121704,48.1354179382,60.6970100403,256.109710693,46.7771339417,67.214515686,-3.58826994896,31.3671150208,1.66817975044,9.00590419769,-24.4595832825],[33.6167640686,15.8087806702,-37.5894699097,33.3422355652,65.3241882324,46.7771339417,163.260253906,32.4261779785,33.0904273987,-14.9241352081,0.326592683792,-3.09457159042,-23.970746994],[-144.683364868,49.6441307068,4.76846170425,-14.1336259842,21.117231369,67.214515686,32.4261779785,142.232498169,37.2839813232,28.2388420105,9.47488307953,-8.16921138763,12.7012119293],[62.0021476746,55.8501701355,-12.9758262634,-26.6220493317,-0.626412212849,-3.58826994896,33.0904273987,37.2839813232,100.888328552,47.589553833,9.26144599915,-0.480313003063,-4.56508302689],[-53.0645980835,30.135011673,21.2873878479,-33.3731498718,-23.0907917023,31.3671150208,-14.9241352081,28.2388420105,47.589553833,97.2256469727,45.0206756592,3.57160973549,14.1164340973],[-1.00349390507,86.0899734497,-30.9449634552,-48.0652618408,10.905752182,1.66817975044,0.326592683792,9.47488307953,9.26144599915,45.0206756592,77.8492126465,28.7399749756,18.6312046051],[267.879669189,-39.894733429,29.5100765228,14.6466341019,-32.9152526855,9.00590419769,-3.09457159042,-8.16921138763,-0.480313003063,3.57160973549,28.7399749756,70.9600906372,15.7704839706],[-223.990570068,126.725845337,-26.6579456329,-59.2985153198,1.99187302589,-24.4595832825,-23.970746994,12.7012119293,-4.56508302689,14.1164340973,18.6312046051,15.7704839706,79.9828109741]],"icov":[[0.000144837365951,-0.000167920064996,0.000566457398236,-0.000481224415125,0.000732617685571,-0.000300376326777,0.0000892091338756,0.000098071868706,-0.000157241127454,0.000106935978692,0.0000406594699598,-0.000511268910486,0.000468240352347],[-0.000167920064996,0.00355705944821,-0.00378166465089,0.00565169658512,-0.00519611500204,0.00358560984023,-0.00139812333509,-0.0010392582044,0.000100400968222,-0.0000616647957941,-0.000947216351051,0.000856071186718,-0.0021360067185],[0.000566457398236,-0.00378166465089,0.0100085446611,-0.0121363122016,0.0133025189862,-0.00900939758867,0.00305288820527,0.00275299139321,-0.00463392678648,0.00556512735784,-0.00509799690917,0.00393499899656,-0.00152758671902],[-0.000481224415125,0.00565169658512,-0.0121363122016,0.0206458475441,-0.0206674989313,0.0133891170844,-0.00441411556676,-0.00452136714011,0.00936986412853,-0.0124606797472,0.0139717366546,-0.0127328466624,0.00695370789617],[0.000732617685571,-0.00519611500204,0.0133025189862,-0.0206674989313,0.0256215054542,-0.0155208725482,0.0037060608156,0.00525884423405,-0.0113145727664,0.0164651200175,-0.0176404081285,0.0157434809953,-0.00826026499271],[-0.000300376326777,0.00358560984023,-0.00900939758867,0.0133891170844,-0.0155208725482,0.0162621755153,-0.00497940508649,-0.0064504602924,0.0111472560093,-0.0148309040815,0.0132885333151,-0.0124054979533,0.00789755955338],[0.0000892091338756,-0.00139812333509,0.00305288820527,-0.00441411556676,0.0037060608156,-0.00497940508649,0.00995630491525,0.000272191275144,-0.00675698136911,0.00787323340774,-0.0054072290659,0.00298749911599,0.000430855812738],[0.000098071868706,-0.0010392582044,0.00275299139321,-0.00452136714011,0.00525884423405,-0.0064504602924,0.000272191275144,0.0112156039104,-0.00670974329114,0.00476520834491,-0.00557947624475,0.00660114176571,-0.00554219074547],[-0.000157241127454,0.000100400968222,-0.00463392678648,0.00936986412853,-0.0113145727664,0.0111472560093,-0.00675698136911,-0.00670974329114,0.0273974258453,-0.025405569002,0.0207361504436,-0.0166980214417,0.0120437694713],[0.000106935978692,-0.0000616647957941,0.00556512735784,-0.0124606797472,0.0164651200175,-0.0148309040815,0.00787323340774,0.00476520834491,-0.025405569002,0.0439713262022,-0.036166280508,0.0261079613119,-0.0162627343088],[0.0000406594699598,-0.000947216351051,-0.00509799690917,0.0139717366546,-0.0176404081285,0.0132885333151,-0.0054072290659,-0.00557947624475,0.0207361504436,-0.036166280508,0.050554279238,-0.0344046317041,0.0166167858988],[-0.000511268910486,0.000856071186718,0.00393499899656,-0.0127328466624,0.0157434809953,-0.0124054979533,0.00298749911599,0.00660114176571,-0.0166980214417,0.0261079613119,-0.0344046317041,0.0445684194565,-0.0215897988528],[0.000468240352347,-0.0021360067185,-0.00152758671902,0.00695370789617,-0.00826026499271,0.00789755955338,0.000430855812738,-0.00554219074547,0.0120437694713,-0.0162627343088,0.0166167858988,-0.0215897988528,0.0294185616076]],"mean":[-36.3973503113,85.4039154053,-68.1885681152,7.44396543503,-33.0864524841,-10.1398429871,-7.98709058762,-13.1421108246,-5.02299594879,-7.78060817719,-6.13479328156,2.02245044708,-9.534075737]},"hfc":{"dmean":16.6947154999,"dmean2":26.7410354614,"dvar":593.016601562,"dvar2":1606.01428223,"max":578.175598145,"mean":58.4313812256,"median":44.4527244568,"min":1.23622923405e-16,"var":3196.16601562},"melbands":{"dmean":[0.00106011296157,0.000969392887782,0.000378580880351,0.000324319320498,0.0005836810451,0.000640516343992,0.000207169126952,0.0000622899024165,0.00016588512517,0.000190493112314,0.0000565805421502,0.0000470908089483,0.0000553595273232,0.0000101874857137,0.000022901363991,0.0000183726642717,0.000011316607015,0.0000102162493931,0.00000610478718954,0.00000476727745991,0.00000521446872881,0.00000366769131688,0.00000396778204959,0.00000313143095809,0.00000443291673946,0.00000364656307283,0.00000154846532041,0.00000103114984995,0.00000147947946516,0.00000112351995085,5.84167878515e-7,5.6538942772e-7,5.50328593363e-7,4.4101165031e-7,4.81366612348e-7,4.58316947061e-7,2.97013031059e-7,2.36106714624e-7,1.22961793636e-7,2.95337354572e-8],"dmean2":[0.00173969741445,0.00153569655959,0.000641070597339,0.000526691146661,0.000908545043785,0.000987796112895,0.000331356597599,0.000100885918073,0.000263571651885,0.000300805229926,0.0000920053789741,0.0000778401954449,0.0000925208441913,0.0000166673144122,0.00003638612543,0.000029261878808,0.0000182313960977,0.0000163567383424,0.00000980862205324,0.00000751801189836,0.00000817383806861,0.00000562063314646,0.00000618815374764,0.00000494093819725,0.00000703215346221,0.00000565692789678,0.00000232368120123,0.00000152336315296,0.00000217852766582,0.00000161419427513,8.47154922212e-7,8.32401838124e-7,8.21949299734e-7,6.4584867232e-7,7.07244737441e-7,6.70787926538e-7,4.31695582392e-7,3.4896396528e-7,1.83874675486e-7,4.80770765421e-8],"dvar":[0.00000481910865346,0.00000298162831314,4.11212596418e-7,3.73670303588e-7,0.00000176876676505,0.0000030020239592,3.18449536962e-7,1.74187686497e-8,1.81168402946e-7,2.92441995953e-7,2.19291660386e-8,2.12791508858e-8,2.10495194608e-8,1.022890328e-9,2.77992762143e-9,2.46798803616e-9,1.1857355986e-8,1.52400492226e-9,3.58638424514e-10,3.57386564787e-10,2.02533739779e-10,1.45797637852e-10,1.69500413705e-10,2.15825052274e-10,3.7103389805e-10,2.80302198119e-10,2.75616283268e-11,1.02351347883e-11,1.13096296217e-10,4.04897365636e-11,2.24500929999e-12,1.52101237421e-12,1.4454086799e-12,8.52773255657e-13,1.05772552175e-12,1.00802905519e-12,4.77827413053e-13,2.99447505637e-13,7.68406876756e-14,4.34719289036e-15],"dvar2":[0.0000123174031614,0.00000709938058208,0.00000114416206998,9.18398995964e-7,0.00000387866793972,0.00000667612812322,8.26446239444e-7,4.29539035451e-8,4.32283172813e-7,6.72108967592e-7,5.60772974723e-8,5.71898546298e-8,5.65883233605e-8,2.5950130933e-9,6.75163169817e-9,5.85806692044e-9,3.21057882502e-8,4.09322042927e-9,8.39772473782e-10,8.62831972537e-10,4.80589401608e-10,3.24211879565e-10,3.89682064394e-10,5.22540621883e-10,9.17208420326e-10,6.54451770554e-10,6.09881520286e-11,1.89412981827e-11,2.28637012101e-10,8.01297500574e-11,4.45792621567e-12,3.25831722714e-12,3.11531247847e-12,1.74787105362e-12,2.18900461993e-12,2.08942325247e-12,9.8889895838e-13,6.29622493465e-13,1.62926638327e-13,1.08217861077e-14],"max":[0.0316471941769,0.0349699631333,0.0122623555362,0.010985981673,0.0291935522109,0.0390912406147,0.0139044113457,0.00367573811673,0.0133492872119,0.0163605138659,0.00360837159678,0.00473317224532,0.00514049874619,0.0014199122088,0.00186299183406,0.00139163003769,0.00922369211912,0.00244014291093,0.000768142461311,0.00124054716434,0.000441216281615,0.00030336267082,0.000375337025616,0.000691096764058,0.000764051743317,0.000618022109848,0.000191799466847,0.000203074989258,0.000696937437169,0.000405584840337,0.0000858242201502,0.0000337625278917,0.0000344883992511,0.0000204663356271,0.0000189456095541,0.0000224276518566,0.0000230875575653,0.0000143524939631,0.00000484880229124,0.00000154869132984],"mean":[0.00185266707558,0.00197693845257,0.000656483054627,0.000510884216055,0.000926783948671,0.00101093691774,0.000312824879074,0.000100016230135,0.000246362353209,0.000287819158984,0.0000857139966683,0.0000715879868949,0.0000861626758706,0.0000169775084942,0.0000375405797968,0.0000283867066173,0.0000175209934241,0.0000166871941474,0.0000100731613202,0.00000769825874158,0.00000886774068931,0.00000617518162471,0.00000615039380136,0.00000472022747999,0.00000679265667713,0.00000562982995689,0.00000278977836388,0.00000197194344764,0.00000259558783,0.00000204874277188,0.00000116652790894,0.00000109324150799,0.0000010345214605,8.71223278409e-7,9.01213923044e-7,8.52050504818e-7,4.84433201109e-7,3.600621028e-7,1.80462521371e-7,3.47639570464e-8],"median":[0.000674104609061,0.00070990587119,0.000380948418751,0.000238695123699,0.000296460522804,0.000242935857386,0.0000709523519618,0.0000357916469511,0.0000526059156982,0.0000597183861828,0.0000240355802816,0.0000192965926544,0.000023203476303,0.00000574903515371,0.0000111707440738,0.00000713125427865,0.00000446666535936,0.00000455912049802,0.00000259825901594,0.00000199495639208,0.00000234187837123,0.00000148692322455,0.00000122346000353,0.00000129949341954,0.00000125655367356,0.00000121286029753,9.86464442576e-7,7.41292183193e-7,7.52295932216e-7,7.05526986167e-7,5.18498040947e-7,5.05087996316e-7,4.58393571989e-7,3.71808482669e-7,3.68309429177e-7,3.39011620554e-7,1.61551753308e-7,1.06646083964e-7,5.38062607802e-8,1.14068257062e-8],"min":[8.12541168532e-24,3.50589744461e-24,2.16300729831e-24,1.78265899893e-24,1.2364954505e-23,1.64467306656e-23,4.0733661145e-24,2.35385799483e-24,1.76593218951e-24,6.02415641867e-24,1.65949418524e-23,1.22079183311e-23,6.13163516714e-24,5.22388621818e-24,1.62363493508e-23,5.69792023031e-24,7.34941710147e-24,1.0052785048e-23,5.03172482926e-24,5.75683630701e-24,3.7570108034e-24,3.07728742391e-24,3.47779151385e-24,7.88105334246e-24,1.09445899347e-23,1.39807309655e-23,1.53195699166e-23,8.83189342393e-24,9.63752393428e-24,7.59800058334e-24,8.65739108081e-24,1.2709729319e-23,1.16398509158e-23,9.57752080724e-24,8.4326690636e-24,9.08827952902e-24,1.03868518641e-23,7.07697057721e-24,9.33045746034e-24,1.09125897921e-23],"var":[0.00000879718299984,0.00000956414351094,8.38710150219e-7,6.73807392104e-7,0.00000355070073965,0.00000568453697269,5.37976404758e-7,3.68769548231e-8,3.28771562863e-7,5.59609134143e-7,3.36592478334e-8,3.23254241152e-8,4.085498162e-8,1.79847081672e-9,5.98343685709e-9,4.3880343803e-9,1.2871773869e-8,2.40348141389e-9,6.45899611573e-10,4.77731632031e-10,4.63317106902e-10,2.75757944257e-10,3.06773495495e-10,2.88675167104e-10,5.30525734455e-10,4.02371580499e-10,4.94163980569e-11,2.50847207589e-11,2.47092291072e-10,9.3512267374e-11,5.87829784848e-12,3.56953594287e-12,3.26181638123e-12,2.2417584282e-12,2.52187290148e-12,2.33675730675e-12,9.43205149401e-13,5.7355568862e-13,1.44490864586e-13,5.4008057385e-15]},"melbands_crest":{"dmean":3.41604781151,"dmean2":5.68066644669,"dvar":9.19893836975,"dvar2":24.505147934,"max":34.1740684509,"mean":14.9857168198,"median":14.3942432404,"min":2.00417661667,"var":24.6328639984},"melbands_flatness_db":{"dmean":0.0293768420815,"dmean2":0.0453433841467,"dvar":0.000678747484926,"dvar2":0.00158069841564,"max":0.557338774204,"mean":0.25612822175,"median":0.24986359477,"min":0.0113586615771,"var":0.00503473030403},"melbands_kurtosis":{"dmean":11.0931606293,"dmean2":17.7122707367,"dvar":344.386901855,"dvar2":839.088378906,"max":524.83795166,"mean":24.8735294342,"median":13.8192443848,"min":-1.82458615303,"var":1224.52539062},"melbands_skewness":{"dmean":0.872604191303,"dmean2":1.3645876646,"dvar":0.77764415741,"dvar2":1.79510843754,"max":17.2491321564,"mean":3.27266025543,"median":2.85985970497,"min":-2.30050301552,"var":4.5335392952},"melbands_spread":{"dmean":4.25795984268,"dmean2":6.5664100647,"dvar":51.4095420837,"dvar2":106.071815491,"max":246.937332153,"mean":13.1846313477,"median":9.85461235046,"min":0.424456745386,"var":180.272949219},"mfcc":{"cov":[[11275.8085938,-135.152770996,-655.052612305,-172.778656006,-709.739990234,-81.3210601807,-383.246307373,161.042633057,-345.658111572,45.9362411499,-149.136581421,170.275588989,-175.727035522],[-135.152770996,1115.98071289,-144.325439453,-258.650970459,-109.761039734,-180.897460938,-35.2027435303,-83.0780105591,32.7812805176,-26.0419445038,62.3065109253,-2.84025931358,42.2659950256],[-655.052612305,-144.325439453,726.749511719,43.4360847473,-4.46605157852,67.3630065918,-21.9254970551,2.76524281502,-7.57369232178,2.31097841263,-2.04675889015,-2.77777075768,8.55579566956],[-172.778656006,-258.650970459,43.4360847473,407.263977051,109.651000977,75.2866516113,19.4117259979,46.5563812256,-7.61190319061,-2.38659572601,-35.5741920471,-15.790596962,-11.8716697693],[-709.739990234,-109.761039734,-4.46605157852,109.651000977,259.169769287,73.0213470459,83.1430206299,15.0802898407,39.7269287109,5.9378361702,14.4635772705,-13.9088506699,27.6933383942],[-81.3210601807,-180.897460938,67.3630065918,75.2866516113,73.0213470459,184.09362793,66.4743499756,53.5441474915,-2.42174339294,26.4207324982,-3.80932068825,6.39111375809,0.111422255635],[-383.246307373,-35.2027435303,-21.9254970551,19.4117259979,83.1430206299,66.4743499756,152.675567627,61.1986846924,31.1452064514,12.8021240234,15.2881069183,-10.1168546677,26.3525409698],[161.042633057,-83.0780105591,2.76524281502,46.5563812256,15.0802898407,53.5441474915,61.1986846924,133.968185425,34.2130126953,23.8574638367,-8.03143215179,12.0250768661,12.4573202133],[-345.658111572,32.7812805176,-7.57369232178,-7.61190319061,39.7269287109,-2.42174339294,31.1452064514,34.2130126953,109.629058838,36.2308692932,20.8171920776,7.84126091003,19.5901966095],[45.9362411499,-26.0419445038,2.31097841263,-2.38659572601,5.9378361702,26.4207324982,12.8021240234,23.8574638367,36.2308692932,98.9226303101,43.9888000488,14.6054611206,8.03058815002],[-149.136581421,62.3065109253,-2.04675889015,-35.5741920471,14.4635772705,-3.80932068825,15.2881069183,-8.03143215179,20.8171920776,43.9888000488,81.2113113403,22.1316299438,15.0016384125],[170.275588989,-2.84025931358,-2.77777075768,-15.790596962,-13.9088506699,6.39111375809,-10.1168546677,12.0250768661,7.84126091003,14.6054611206,22.1316299438,64.7740097046,18.92669487],[-175.727035522,42.2659950256,8.55579566956,-11.8716697693,27.6933383942,0.111422255635,26.3525409698,12.4573202133,19.5901966095,8.03058815002,15.0016384125,18.92669487,70.5285720825]],"icov":[[0.000157000293257,0.0000049496675274,0.000156051508384,0.0000516225845786,0.000218852277612,-0.0000136682456287,0.000300238374621,-0.000410402251873,0.000509233388584,-0.000289243558655,0.000265218986897,-0.00036284289672,0.000184810865903],[0.0000049496675274,0.00131981773302,0.000183852840564,0.00045031204354,0.000439169700257,0.00063194782706,-0.0000118190482681,0.000305179069983,-0.000501724076457,0.000733223103452,-0.00111094454769,0.000653869006783,-0.000831327517517],[0.000156051508384,0.000183852840564,0.00167509634048,-0.0000122114006444,0.000531110912561,-0.000846257491503,0.000969307031482,-0.000347785477061,0.000263362948317,0.000118516822113,-0.000275734375464,0.000272320903605,-0.000535654311534],[0.0000516225845786,0.00045031204354,-0.0000122114006444,0.00343169667758,-0.00145990878809,-0.000268360337941,0.000949095934629,-0.00128469441552,0.000721402349882,-0.000260025582975,0.000982173485681,0.000334459444275,0.000414396257838],[0.000218852277612,0.000439169700257,0.000531110912561,-0.00145990878809,0.00691557256505,-0.00190195522737,-0.00177213689312,0.00152057153173,-0.0018885146128,0.00129627448041,-0.00160154281184,0.00128473492805,-0.00197406695224],[-0.0000136682456287,0.00063194782706,-0.000846257491503,-0.000268360337941,-0.00190195522737,0.00945386104286,-0.00341708981432,-0.00140746240504,0.00247312895954,-0.00300776143558,0.00197403668426,-0.00247372267768,0.00180144992191],[0.000300238374621,-0.0000118190482681,0.000969307031482,0.000949095934629,-0.00177213689312,-0.00341708981432,0.0130434576422,-0.0057235355489,0.0000495268104714,0.00167658831924,-0.00337581872009,0.00417728209868,-0.00297171878628],[-0.000410402251873,0.000305179069983,-0.000347785477061,-0.00128469441552,0.00152057153173,-0.00140746240504,-0.0057235355489,0.0134538970888,-0.00449382187799,-0.00133044354152,0.00313062081113,-0.00212221127003,-0.000908779737074],[0.000509233388584,-0.000501724076457,0.000263362948317,0.000721402349882,-0.0018885146128,0.00247312895954,0.0000495268104714,-0.00449382187799,0.0148029495031,-0.00558398431167,0.00142469245475,-0.00197843369097,-0.0000762114432291],[-0.000289243558655,0.000733223103452,0.000118516822113,-0.000260025582975,0.00129627448041,-0.00300776143558,0.00167658831924,-0.00133044354152,-0.00558398431167,0.0177835728973,-0.0107080647722,0.00242357305251,-0.000960515870247],[0.000265218986897,-0.00111094454769,-0.000275734375464,0.000982173485681,-0.00160154281184,0.00197403668426,-0.00337581872009,0.00313062081113,0.00142469245475,-0.0107080647722,0.0228371247649,-0.008011251688,0.00097533717053],[-0.00036284289672,0.000653869006783,0.000272320903605,0.000334459444275,0.00128473492805,-0.00247372267768,0.00417728209868,-0.00212221127003,-0.00197843369097,0.00242357305251,-0.008011251688,0.0225669667125,-0.00703751621768],[0.000184810865903,-0.000831327517517,-0.000535654311534,0.000414396257838,-0.00197406695224,0.00180144992191,-0.00297171878628,-0.000908779737074,-0.0000762114432291,-0.000960515870247,0.00097533717053,-0.00703751621768,0.0191268380731]],"mean":[-703.483215332,141.667098999,17.6905326843,29.2235870361,-2.84364271164,12.7330436707,-2.57063293457,8.88406562805,-5.5736117363,7.05227518082,-3.86100721359,1.46472227573,-4.31069231033]},"pitch_salience":{"dmean":0.075377702713,"dmean2":0.124509468675,"dvar":0.00422100909054,"dvar2":0.0110717006028,"max":0.956744551659,"mean":0.549645543098,"median":0.56726115942,"min":0.0917190760374,"var":0.0142432441935},"silence_rate_20dB":{"dmean":0,"dmean2":0,"dvar":0,"dvar2":0,"max":1,"mean":1,"median":1,"min":1,"var":0},"silence_rate_30dB":{"dmean":0.0113363852724,"dmean2":0.022675242275,"dvar":0.0112085547298,"dvar2":0.0271770060062,"max":1,"mean":0.988773822784,"median":1,"min":0,"var":0.0111010372639},"silence_rate_60dB":{"dmean":0.0185306295753,"dmean2":0.0370653010905,"dvar":0.0181887447834,"dvar2":0.0411418490112,"max":1,"mean":0.15237057209,"median":0,"min":0,"var":0.129136249423},"spectral_centroid":{"dmean":186.902557373,"dmean2":278.795684814,"dvar":61037.734375,"dvar2":108000.960938,"max":10814.7666016,"mean":892.443786621,"median":709.159790039,"min":123.630325317,"var":331131},"spectral_complexity":{"dmean":2.42620444298,"dmean2":3.64286494255,"dvar":7.70548820496,"dvar2":13.618768692,"max":48,"mean":12.1692638397,"median":11,"min":0,"var":71.6127090454},"spectral_contrast_coeffs":{"dmean":[0.0505878031254,0.0540939159691,0.0416913256049,0.0300974342972,0.0228074640036,0.0283162873238],"dmean2":[0.0840847343206,0.0880326479673,0.069162145257,0.0490872897208,0.0364444106817,0.0445716120303],"dvar":[0.00166148180142,0.00181270053145,0.00111930246931,0.000580442894716,0.000389467983041,0.000644258107059],"dvar2":[0.00442464090884,0.00481486413628,0.00301456288435,0.0015241879737,0.000912636052817,0.00159014086239],"max":[-0.373036265373,-0.406375944614,-0.507410407066,-0.569797813892,-0.630350351334,-0.431997060776],"mean":[-0.680991470814,-0.737705349922,-0.778786540031,-0.811061263084,-0.817470371723,-0.744855821133],"median":[-0.686159670353,-0.742878437042,-0.783238351345,-0.812706887722,-0.818750143051,-0.736632704735],"min":[-0.967158377171,-0.97010576725,-0.962302327156,-0.964380383492,-0.96649056673,-0.958452284336],"var":[0.00585869140923,0.00651367241517,0.00426890002564,0.00237593520433,0.00193308736198,0.00323766330257]},"spectral_contrast_valleys":{"dmean":[0.383590191603,0.377363741398,0.339841276407,0.318727612495,0.279180049896,0.461048513651],"dmean2":[0.637465953827,0.611641943455,0.545959472656,0.490885108709,0.412532329559,0.705269575119],"dvar":[0.107549704611,0.0990836694837,0.0931618064642,0.0905001014471,0.0908184126019,0.180349305272],"dvar2":[0.259335577488,0.238376453519,0.208829373121,0.190628960729,0.17881706357,0.429971545935],"max":[-5.33282184601,-4.46751689911,-5.17273330688,-5.37953424454,-5.64218425751,-8.91656970978],"mean":[-7.17872953415,-6.83450555801,-7.663002491,-8.25506687164,-8.27328872681,-11.1603822708],"median":[-6.9679813385,-6.58511352539,-7.4155330658,-8.05610370636,-8.06664180756,-10.9526004791],"min":[-27.0774917603,-27.1083030701,-27.0964336395,-27.1625499725,-27.2231616974,-27.2464733124],"var":[1.03393578529,1.44032418728,1.3396936655,1.20215690136,1.22189855576,1.20731937885]},"spectral_decrease":{"dmean":2.26184249108e-9,"dmean2":3.46180906163e-9,"dvar":1.09800947127e-17,"dvar2":2.48569180279e-17,"max":8.1182033318e-10,"mean":-6.18066531288e-9,"median":-4.36410863003e-9,"min":-5.30334425264e-8,"var":4.02443451952e-17},"spectral_energy":{"dmean":0.0089675122872,"dmean2":0.0135862985626,"dvar":0.000168678176124,"dvar2":0.000376927258912,"max":0.211314097047,"mean":0.0286271441728,"median":0.0218833349645,"min":1.04815658176e-20,"var":0.000715886766557},"spectral_energyband_high":{"dmean":0.000171260035131,"dmean2":0.000205904885661,"dvar":1.82334787269e-7,"dvar2":2.82615616243e-7,"max":0.022967480123,"mean":0.000439913914306,"median":0.000208180208574,"min":8.01149949534e-21,"var":6.60813896047e-7},"spectral_energyband_low":{"dmean":0.00503499852493,"dmean2":0.00810802076012,"dvar":0.000079995887063,"dvar2":0.000196533437702,"max":0.161676123738,"mean":0.0107055706903,"median":0.00504250731319,"min":3.49133554562e-23,"var":0.000220416637603},"spectral_energyband_middle_high":{"dmean":0.000952456728555,"dmean2":0.00141785398591,"dvar":0.00000471749581266,"dvar2":0.0000107611640487,"max":0.0990652218461,"mean":0.00235536461696,"median":0.00100716296583,"min":1.28974966423e-21,"var":0.0000149445795614},"spectral_energyband_middle_low":{"dmean":0.00556892296299,"dmean2":0.008414641954,"dvar":0.0000995700975182,"dvar2":0.00021512863168,"max":0.188667833805,"mean":0.0133928395808,"median":0.00713516166434,"min":2.23065781651e-22,"var":0.000316199846566},"spectral_entropy":{"dmean":0.203303471208,"dmean2":0.306145995855,"dvar":0.037930585444,"dvar2":0.085607342422,"max":9.80935573578,"mean":7.35818529129,"median":7.42816162109,"min":5.04732275009,"var":0.228978782892},"spectral_flux":{"dmean":0.0198499448597,"dmean2":0.0320625267923,"dvar":0.000609974958934,"dvar2":0.00151493761223,"max":0.318021178246,"mean":0.0802913531661,"median":0.0763696283102,"min":1.02379521527e-10,"var":0.00258223805577},"spectral_kurtosis":{"dmean":2.93605160713,"dmean2":4.48117351532,"dvar":26.5858631134,"dvar2":65.2987594604,"max":165.067657471,"mean":11.4804210663,"median":9.39587879181,"min":-1.17668938637,"var":76.5905227661},"spectral_rms":{"dmean":0.000739246315788,"dmean2":0.00110419688281,"dvar":7.37985658361e-7,"dvar2":0.00000157285307978,"max":0.0143582765013,"mean":0.00462479516864,"median":0.00462056230754,"min":3.19779901344e-12,"var":0.0000065402277869},"spectral_rolloff":{"dmean":3345.18530273,"dmean2":6272.98388672,"dvar":41870756,"dvar2":106836384,"max":21963.8671875,"mean":5766.44482422,"median":990.52734375,"min":64.599609375,"var":69404640},"spectral_skewness":{"dmean":0.276248008013,"dmean2":0.409957915545,"dvar":0.123236194253,"dvar2":0.27832570672,"max":10.7436122894,"mean":2.3678882122,"median":2.2228717804,"min":0.021844856441,"var":0.638595819473},"spectral_spread":{"dmean":573643.6875,"dmean2":831387,"dvar":362632740864,"dvar2":633974095872,"max":39884964,"mean":4828298.5,"median":4772318,"min":853023.0625,"var":2128171106300},"spectral_strongpeak":{"dmean":0.855573892593,"dmean2":1.54615056515,"dvar":19.470741272,"dvar2":54.1000747681,"max":88.2744750977,"mean":0.954738259315,"median":0.323525220156,"min":0,"var":15.3751840591},"zerocrossingrate":{"dmean":0.0302572567016,"dmean2":0.0381658896804,"dvar":0.000733006629162,"dvar2":0.00105733820237,"max":0.75390625,"mean":0.190685614944,"median":0.181640625,"min":0.0146484375,"var":0.00763794127852}},"metadata":{"audio_properties":{"analysis_sample_rate":44100,"bit_rate":192000,"codec":"mp3","downmix":"mix","equal_loudness":0,"length":213.002441406,"lossless":false,"md5_encoded":"0c39d91e7adae13969ec30e43f989226","replay_gain":-11.1600990295},"tags":{"album":["Voi-La Intruder"],"albumartist":["Gogol Bordello"],"albumartistsort":["Gogol Bordello"],"artist":["Gogol Bordello"],"artistsort":["Gogol Bordello"],"asin":["B000060K4I"],"barcode":["676180003829"],"catalognumber":["RUB38"],"composer":["Eugene H端tz"],"date":["2002-03-05"],"discnumber":["1/1"],"file_name":"14 Movement Two (Optzay Pertruder): No Threat.mp3","label":["Rubric Records"],"language":["eng"],"lyricist":["Eugene H端tz"],"media":["CD"],"musicbrainz album release country":["US"],"musicbrainz album status":["official"],"musicbrainz album type":["album"],"musicbrainz_albumartistid":["f47fc54d-b334-4321-8218-00c5b11d4dd1"],"musicbrainz_albumid":["541f56eb-0ba4-4301-83af-9ad4e6642f22"],"musicbrainz_artistid":["f47fc54d-b334-4321-8218-00c5b11d4dd1"],"musicbrainz_recordingid":["7027c3f3-13b6-45c6-9934-02c62931bac5"],"originaldate":["2002-03-05"],"performer:accordion":["Sasha Kazatchkoff"],"performer:acoustic guitar":["Eugene H端tz"],"performer:drums":["Eliot Ferguson"],"performer:guitar":["Vlad Solovar"],"performer:vocal":["Eugene H端tz"],"script":["Latn"],"title":["Movement Two (Optzay Pertruder): No Threat"],"tracknumber":["14/15"]},"version":{"essentia":"2.1-beta1","essentia_build_sha":"eef087cf131c10083d474ad51def18efd0e38295","essentia_git_sha":"v2.1_beta1-7-ge0e83e8-dirty","extractor":"music 1.0"}},"rhythm":{"beats_count":361,"beats_loudness":{"dmean":0.0213326662779,"dmean2":0.0366939678788,"dvar":0.000476982473629,"dvar2":0.00129110005219,"max":0.13621006906,"mean":0.0402412302792,"median":0.0389961227775,"min":0.00000285802934741,"var":0.00085441005649},"beats_loudness_band_ratio":{"dmean":[0.255062431097,0.16993200779,0.118021681905,0.0482876896858,0.0237649306655,0.0988258570433],"dmean2":[0.457819789648,