{"lowlevel":{"average_loudness":0.951641321182,"barkbands":{"dmean":[0.000131227498059,0.00424255151302,0.00142667011824,0.000582152977586,0.00181406910997,0.00123095302843,0.00188311235979,0.000807035306934,0.00105817173608,0.000712502165698,0.000878158549313,0.000443791795988,0.000482754810946,0.000287648348603,0.000228598568356,0.000311120878905,0.00020908730221,0.000182984149433,0.000198626119527,0.000188297228306,0.000125479884446,0.000176077664946,0.00014459664817,0.000130676780827,0.000102684374724,0.0000603628577664,0.0000226089996431],"dmean2":[0.000209426129004,0.00710598379374,0.00252782087773,0.000989798107184,0.00297155650333,0.00212875450961,0.0031260557007,0.00124551274348,0.00166023033671,0.00110340199899,0.00135291379411,0.000716879265383,0.000775630003773,0.000463647709694,0.000368322886061,0.000497550354339,0.000333158532158,0.000292829528917,0.000326281966409,0.000300986226648,0.000200848269742,0.000273923069471,0.000222598973778,0.000192965962924,0.000150986030349,0.0000909555092221,0.0000366389685951],"dvar":[4.30014637232e-8,0.000163511052961,0.000012548181985,0.00000120547156257,0.00000894610002433,0.00000968170752458,0.0000136916523843,0.00000310176278617,0.00000387060390494,0.00000226704150919,0.00000446139074484,8.4169010961e-7,0.00000105731714939,4.40718736172e-7,1.99562904868e-7,5.00975829709e-7,1.82251795877e-7,1.21819937249e-7,1.36444739951e-7,1.49421410356e-7,8.52728376799e-8,1.64222427657e-7,1.92756118622e-7,1.89556615737e-7,6.98024891221e-8,2.09505195414e-8,5.83980774849e-9],"dvar2":[1.10348942428e-7,0.000423651974415,0.0000359427867807,0.00000302259513774,0.0000227369710046,0.0000267485047516,0.0000355350093741,0.00000672837677484,0.00000925532458496,0.00000490617912874,0.00000999571602733,0.0000019379629066,0.00000257164560935,0.00000109849815999,4.81190625123e-7,0.00000122820017623,4.28972327882e-7,2.94587664484e-7,3.47830422243e-7,3.50721421682e-7,2.18054367451e-7,3.90811436546e-7,4.35359481799e-7,3.93781760977e-7,1.41484079563e-7,4.66865763826e-8,1.40559652806e-8],"max":[0.00267477845773,0.132114395499,0.0514881834388,0.0259343720973,0.0655819624662,0.0549124963582,0.0763324648142,0.054017778486,0.0505132526159,0.0406650304794,0.061707701534,0.0258263405412,0.041838619858,0.0217537842691,0.0104581974447,0.0189611520618,0.00986279547215,0.0094742057845,0.00648486660793,0.00758062209934,0.00681053893641,0.0102497031912,0.0138783762231,0.0216932129115,0.0109538827091,0.00298911309801,0.00114679313265],"mean":[0.000242239912041,0.00564451841637,0.00284812040627,0.000931286835112,0.00332772219554,0.00144114193972,0.00278526660986,0.00141053053085,0.00188686675392,0.00117842527106,0.00144790729973,0.000673908099998,0.000758022069931,0.000446840975201,0.000363375962479,0.000518315646332,0.000348308967659,0.00031176712946,0.000338984420523,0.000305033754557,0.000223766808631,0.000301828200463,0.000238362626988,0.000192397666979,0.000143959288835,0.0000654018731439,0.0000184810633073],"median":[0.000154241017299,0.00293650617823,0.00210829870775,0.000432317028753,0.00172998686321,0.000646221335046,0.00137462164275,0.000587385497056,0.000946355576161,0.000443754543085,0.0005098595866,0.000283529225271,0.000305180030409,0.000144113088027,0.000156646390678,0.000151872780407,0.000137921146234,0.000139518975629,0.000170038823853,0.000131665117806,0.0000798655091785,0.000112541958515,0.0000757993257139,0.000048676818551,0.0000310193063342,0.00000606156390859,4.62343763274e-9],"min":[3.42656895103e-25,2.82184183824e-24,1.841082432e-24,1.09044874017e-24,8.36942924027e-24,1.07379249436e-23,7.12024906419e-24,4.29250378537e-24,1.79683644656e-23,1.04348785049e-23,1.6729362173e-23,1.3804359022e-23,2.33820786222e-23,4.17158545032e-23,4.36878174396e-23,5.1246849872e-23,5.61810202174e-23,8.27745058308e-23,9.54253608827e-23,1.65567098664e-22,2.12680156465e-22,2.97120913233e-22,3.85635070036e-22,5.55068281333e-22,8.6592663294e-22,1.17616682052e-21,1.80668281906e-21],"var":[6.92556696436e-8,0.000132895904244,0.0000112749703476,0.00000259776174971,0.0000219001867663,0.00000793251820141,0.0000199092555704,0.00000821071716928,0.00000784108306107,0.00000532822105015,0.0000100094930531,0.00000161587684033,0.00000189934132777,8.10091989933e-7,3.78889183139e-7,0.00000111799829483,3.92484992062e-7,2.47238830298e-7,2.2793925325e-7,2.54943074651e-7,1.66631750176e-7,2.99778321278e-7,3.68091974678e-7,3.40810487387e-7,1.34909726057e-7,2.85594605742e-8,5.37314504001e-9]},"barkbands_crest":{"dmean":2.34614562988,"dmean2":3.83625006676,"dvar":6.05317974091,"dvar2":15.2688655853,"max":25.184841156,"mean":8.51056194305,"median":7.56400632858,"min":2.58538722992,"var":13.5923957825},"barkbands_flatness_db":{"dmean":0.0200625732541,"dmean2":0.0297193545848,"dvar":0.000479597831145,"dvar2":0.00100714841392,"max":0.355301082134,"mean":0.119287267327,"median":0.114876545966,"min":0.0186947360635,"var":0.00219355802983},"barkbands_kurtosis":{"dmean":1.76967525482,"dmean2":2.88235354424,"dvar":12.8606290817,"dvar2":33.8708343506,"max":115.608894348,"mean":2.20629811287,"median":0.934292316437,"min":-1.8552697897,"var":20.2744121552},"barkbands_skewness":{"dmean":0.418839812279,"dmean2":0.653398275375,"dvar":0.241890788078,"dvar2":0.585957825184,"max":10.4337940216,"mean":1.19229054451,"median":1.10558378696,"min":-2.64273834229,"var":0.822947025299},"barkbands_spread":{"dmean":5.82541751862,"dmean2":8.73553371429,"dvar":51.5481643677,"dvar2":106.91015625,"max":107.072776794,"mean":25.5459899902,"median":23.2207889557,"min":2.32848119736,"var":186.219284058},"dissonance":{"dmean":0.0202952940017,"dmean2":0.0341083630919,"dvar":0.000369850662537,"dvar2":0.000984007841907,"max":0.500000059605,"mean":0.462612003088,"median":0.469363123178,"min":0.25043797493,"var":0.000821092049591},"dynamic_complexity":3.36121845245,"erbbands":{"dmean":[0.113031417131,1.00745761395,1.751308918,1.70510494709,3.60451221466,8.24042987823,6.61916303635,11.3507614136,21.0613594055,26.0440216064,17.8296260834,26.1674098969,23.8189201355,28.0997962952,24.0650730133,18.1944999695,20.7764854431,14.550242424,11.8344173431,13.8307762146,13.643406868,10.1113452911,10.5009975433,7.85852956772,11.2203979492,8.2691192627,6.20076179504,4.65990257263,6.25062179565,5.09885311127,4.11899518967,3.10657262802,2.00111341476,1.35819768906,0.625644564629,0.278856486082,0.100534953177,0.0352452844381,0.0041874316521,0.0000975271759671],"dmean2":[0.185872361064,1.72999727726,3.09494519234,2.92769598961,5.92568159103,13.5561666489,11.0647106171,19.6221866608,35.7676582336,41.8954124451,27.1984481812,41.1430091858,36.980014801,43.3095169067,37.1642875671,29.4887638092,33.4080238342,23.4362182617,19.0128326416,21.9275379181,21.6425151825,16.1886119843,16.6844997406,12.7962808609,18.3190116882,13.1575584412,9.95995521545,7.38220739365,9.89279460907,7.83080244064,6.326212883,4.63775253296,2.96003818512,2.02931070328,0.913892388344,0.413793802261,0.152895227075,0.0555703192949,0.00685514742509,0.000157627277076],"dvar":[0.0957590863109,9.96502399445,22.9823894501,9.15271568298,34.6844329834,232.289718628,197.601898193,810.612670898,1974.91101074,2902.66357422,1292.08984375,2748.76342773,2233.35791016,5081.95263672,3166.57348633,1484.85473633,1992.53723145,909.411376953,576.372680664,720.731567383,866.381469727,377.211425781,388.694122314,247.956680298,468.013366699,333.759552002,226.42225647,114.091667175,210.847717285,182.779769897,157.698776245,105.420028687,44.3661575317,13.2623786926,2.63774967194,0.461773633957,0.0626926124096,0.0112665854394,0.000212183091207,9.31932859771e-8],"dvar2":[0.238312393427,26.6386528015,64.9659500122,24.2013072968,87.8471069336,592.008972168,523.108093262,2237.48803711,5471.26806641,6977.64111328,2752.05102539,6629.18652344,4817.21435547,11206.4667969,7026.18896484,3539.2746582,4858.04492188,2305.92016602,1451.4876709,1766.5760498,2069.96777344,910.409057617,931.615478516,630.393127441,1151.68469238,774.298950195,574.430786133,284.706207275,514.802124023,420.084442139,357.090026855,227.668609619,91.8348388672,27.7811527252,5.40843963623,0.985710561275,0.141956269741,0.0265066009015,0.00052057672292,2.27930186725e-7],"max":[3.42427825928,30.7948646545,60.8312149048,90.005355835,108.845726013,377.418395996,300.261901855,626.691040039,585.750183105,1596.12609863,1399.6307373,1542.4119873,1394.02307129,2406.07836914,1612.08728027,1078.75646973,1708.62866211,1107.08972168,701.954101563,663.761108398,885.914245605,465.48727417,546.886962891,400.293670654,469.878540039,432.452972412,439.142883301,171.25680542,314.38394165,560.245422363,391.651794434,445.139587402,357.533752441,174.259063721,59.9590644836,19.386095047,4.16221475601,1.57971632481,0.205150514841,0.00423004711047],"mean":[0.16139087081,1.28138792515,3.18230748177,3.37219810486,5.90361356735,14.4004831314,9.44324684143,13.4353370667,29.8497962952,41.4463768005,34.229927063,46.1178817749,43.2898368835,48.2434539795,42.4961547852,29.4246082306,34.2661628723,25.8152923584,20.7258930206,24.4363899231,24.8745727539,18.42902565,18.7856140137,13.8896656036,19.4523868561,13.9748468399,10.9093704224,8.04460430145,10.6648950577,8.8205575943,6.6496052742,4.57734298706,2.93773007393,1.89035189152,0.86014598608,0.338615596294,0.102671317756,0.0309738740325,0.00338680925779,0.000106276296719],"median":[0.0785838738084,0.664785921574,2.19935679436,2.24597430229,3.13327789307,6.38434410095,4.57984781265,6.18434381485,16.2056922913,19.3126983643,18.1265945435,22.6477184296,20.3932189941,18.6097145081,17.2818069458,13.4048185349,15.3592147827,12.0050449371,9.8797416687,10.1644392014,9.23947906494,8.35359668732,8.59877300262,7.41691589355,8.88075637817,6.12828683853,4.05442333221,3.10009622574,3.83812022209,3.17295002937,2.03870797157,1.21790969372,0.677183151245,0.407243281603,0.177671849728,0.0505498759449,0.00603739079088,0.000354511430487,0.0000322000014421,0.0000346334272763],"min":[5.43664318761e-23,4.72085213301e-22,2.43533685342e-21,4.35505261072e-21,1.03433256811e-20,3.36741059156e-20,6.76099498715e-20,7.55898129396e-20,8.63529707478e-20,1.50935155234e-19,2.36989727038e-19,3.25669459914e-19,3.15656076708e-19,6.51309037928e-19,1.15965779476e-18,9.75453357739e-19,1.09849109718e-18,2.54711451277e-18,2.85180318268e-18,2.83969760121e-18,3.5135700066e-18,4.12393458648e-18,5.41771744282e-18,6.49963866477e-18,6.95947498473e-18,8.7268977375e-18,6.96055197389e-18,8.65763459609e-18,1.15506938254e-17,9.03200826952e-18,9.90906787301e-18,1.03250735467e-17,9.28271926856e-18,7.78394906232e-18,5.54002726332e-18,3.63711439417e-18,1.93621950332e-18,1.01121971685e-18,2.34191581821e-19,2.55803261831e-20],"var":[0.0913331583142,7.40857982635,18.1744327545,16.0036220551,62.9167404175,592.957763672,256.016693115,668.699279785,2007.89660645,5430.29736328,3316.11279297,5333.06835938,5630.30908203,11177.4248047,7570.57958984,2697.54736328,3581.03271484,1809.00708008,1113.10021973,1518.01428223,2034.22009277,841.87286377,865.719116211,383.343109131,888.478027344,562.603393555,456.830841064,184.521026611,368.23550415,363.384521484,292.907043457,186.894546509,78.5103530884,24.2644844055,5.04878425598,0.770684063435,0.0790652036667,0.011386519298,0.000186756165931,8.29280253356e-8]},"erbbands_crest":{"dmean":2.52531242371,"dmean2":4.11666154861,"dvar":5.7142124176,"dvar2":13.8915996552,"max":30.9758281708,"mean":8.45505905151,"median":7.60011529922,"min":2.28185105324,"var":14.7970075607},"erbbands_flatness_db":{"dmean":0.0183802656829,"dmean2":0.0253385156393,"dvar":0.000391521054553,"dvar2":0.000638812023681,"max":0.364141315222,"mean":0.14653070271,"median":0.146583840251,"min":0.0384068004787,"var":0.00188292795792},"erbbands_kurtosis":{"dmean":0.870314478874,"dmean2":1.35907888412,"dvar":1.49623882771,"dvar2":3.19473719597,"max":38.1629829407,"mean":0.582796990871,"median":-0.00138765852898,"min":-1.73714780807,"var":4.62827587128},"erbbands_skewness":{"dmean":0.334410816431,"dmean2":0.512545406818,"dvar":0.0911172777414,"dvar2":0.203895419836,"max":4.12745380402,"mean":0.449154347181,"median":0.438939958811,"min":-3.12759876251,"var":0.409773230553},"erbbands_spread":{"dmean":8.17615318298,"dmean2":12.2833795547,"dvar":100.716209412,"dvar2":195.270568848,"max":152.171340942,"mean":38.2689399719,"median":34.310874939,"min":3.07585215569,"var":376.703369141},"gfcc":{"cov":[[24104.0664063,156.906219482,-1327.60546875,590.143859863,-961.728393555,132.563766479,-614.771057129,219.986740112,-259.13949585,113.581054688,-333.894378662,127.761329651,-257.118438721],[156.906219482,1521.57421875,-461.489196777,-41.0874519348,11.0384578705,18.632730484,58.9534111023,-30.991268158,82.3770904541,-129.231338501,124.825645447,-138.735855103,100.736053467],[-1327.60546875,-461.489196777,903.480712891,-74.6261825562,34.5793647766,-41.7255172729,90.0178146362,-24.9998607635,-13.075586319,60.120174408,-30.9311065674,61.46849823,-38.6533622742],[590.143859863,-41.0874519348,-74.6261825562,307.142181396,-88.0621414185,4.43996572495,-72.0702438354,9.36432361603,10.9190063477,-9.0860042572,-17.0932426453,-4.90909481049,17.2895812988],[-961.728393555,11.0384578705,34.5793647766,-88.0621414185,305.937408447,-9.80145168304,69.8868179321,25.1086711884,27.7109394073,4.86614274979,6.91562652588,-6.46903991699,0.755876123905],[132.563766479,18.632730484,-41.7255172729,4.43996572495,-9.80145168304,158.018753052,38.9700813293,11.9886283875,-19.6929664612,14.2261447906,13.292219162,-6.20638990402,-3.49995803833],[-614.771057129,58.9534111023,90.0178146362,-72.0702438354,69.8868179321,38.9700813293,163.670532227,21.0257663727,0.989161729813,-7.77471256256,34.8121452332,-6.50269317627,-2.72425055504],[219.986740112,-30.991268158,-24.9998607635,9.36432361603,25.1086711884,11.9886283875,21.0257663727,119.247886658,13.8973684311,14.8954305649,-11.8395967484,0.504065930843,-4.27095794678],[-259.13949585,82.3770904541,-13.075586319,10.9190063477,27.7109394073,-19.6929664612,0.989161729813,13.8973684311,103.523765564,9.12221431732,2.56737923622,-9.80483055115,19.1280612946],[113.581054688,-129.231338501,60.120174408,-9.0860042572,4.86614274979,14.2261447906,-7.77471256256,14.8954305649,9.12221431732,93.6957778931,4.66411924362,13.8086528778,-6.5448923111],[-333.894378662,124.825645447,-30.9311065674,-17.0932426453,6.91562652588,13.292219162,34.8121452332,-11.8395967484,2.56737923622,4.66411924362,89.298248291,7.41344213486,12.9666080475],[127.761329651,-138.735855103,61.46849823,-4.90909481049,-6.46903991699,-6.20638990402,-6.50269317627,0.504065930843,-9.80483055115,13.8086528778,7.41344213486,77.5209121704,0.849078536034],[-257.118438721,100.736053467,-38.6533622742,17.2895812988,0.755876123905,-3.49995803833,-2.72425055504,-4.27095794678,19.1280612946,-6.5448923111,12.9666080475,0.849078536034,79.1742706299]],"icov":[[0.0000713135814294,-0.0000917356228456,0.000099519136711,-0.0000739889946999,0.000161716045113,-0.0000122641486087,0.0000671873494866,-0.000116970208182,0.000168644197402,-0.000232740945648,0.000354261865141,-0.000320687220665,0.000292405864457],[-0.0000917356228456,0.00144981977064,0.000246954383329,0.000450359570095,-0.0000493432416988,-0.000062474005972,-0.000190310078324,0.000249040080234,-0.00104981602635,0.00171974592377,-0.00212799315341,0.00233155139722,-0.00139645673335],[0.000099519136711,0.000246954383329,0.0017724018544,-0.000010401234249,0.000353971379809,0.000663993414491,-0.00143217807636,0.000640229322016,0.0000960422621574,-0.0011282073101,0.0012168250978,-0.0010793445399,0.000583605549764],[-0.0000739889946999,0.000450359570095,-0.000010401234249,0.00418140040711,0.000747373676859,-0.000561052409466,0.0015381288249,-0.000615585537162,-0.000977197429165,0.00127489329316,-0.000704823702108,0.00108237820677,-0.00129839510191],[0.000161716045113,-0.0000493432416988,0.000353971379809,0.000747373676859,0.00438296562061,0.000500502937939,-0.00137380789965,-0.00076090026414,-0.000637370045297,-0.000618270947598,0.000977339339443,-0.000361367681762,0.000436212518252],[-0.0000122641486087,-0.000062474005972,0.000663993414491,-0.000561052409466,0.000500502937939,0.00768579496071,-0.00277498806827,-0.000121445234981,0.00173889112193,-0.00217563682236,0.0000645405525574,0.000371646980057,0.000104779253888],[0.0000671873494866,-0.000190310078324,-0.00143217807636,0.0015381288249,-0.00137380789965,-0.00277498806827,0.0104734972119,-0.00256388983689,-0.0000162548803928,0.00252931565046,-0.00387772778049,0.00125426298473,0.000372385809897],[-0.000116970208182,0.000249040080234,0.000640229322016,-0.000615585537162,-0.00076090026414,-0.000121445234981,-0.00256388983689,0.0100358668715,-0.00144320039544,-0.00163035071455,0.00186278577894,-0.000333262258209,0.000117715113447],[0.000168644197402,-0.00104981602635,0.0000960422621574,-0.000977197429165,-0.000637370045297,0.00173889112193,-0.0000162548803928,-0.00144320039544,0.0121840676293,-0.00313259614632,0.00157298252452,-0.000237781147007,-0.0013094053138],[-0.000232740945648,0.00171974592377,-0.0011282073101,0.00127489329316,-0.000618270947598,-0.00217563682236,0.00252931565046,-0.00163035071455,-0.00313259614632,0.0152165936306,-0.00495294528082,0.00181217642967,-0.00105789513327],[0.000354261865141,-0.00212799315341,0.0012168250978,-0.000704823702108,0.000977339339443,0.0000645405525574,-0.00387772778049,0.00186278577894,0.00157298252452,-0.00495294528082,0.0180661622435,-0.00630857376382,0.000885988818482],[-0.000320687220665,0.00233155139722,-0.0010793445399,0.00108237820677,-0.000361367681762,0.000371646980057,0.00125426298473,-0.000333262258209,-0.000237781147007,0.00181217642967,-0.00630857376382,0.018923131749,-0.00368870096281],[0.000292405864457,-0.00139645673335,0.000583605549764,-0.00129839510191,0.000436212518252,0.000104779253888,0.000372385809897,0.000117715113447,-0.0013094053138,-0.00105789513327,0.000885988818482,-0.00368870096281,0.016068149358]],"mean":[-2.98599362373,94.8404846191,-113.544334412,31.9152374268,-66.6026992798,21.7804336548,-32.0915794373,15.586227417,-20.2988452911,3.53714704514,-13.1654748917,-1.57870531082,-10.2219181061]},"hfc":{"dmean":9.65229797363,"dmean2":14.2867994308,"dvar":289.664367676,"dvar2":671.008483887,"max":371.763183594,"mean":25.1883640289,"median":19.012134552,"min":1.06963591895e-16,"var":626.087402344},"melbands":{"dmean":[0.0011091803899,0.00105224060826,0.000321111117955,0.00042730991845,0.00025652279146,0.00025625503622,0.000348487083102,0.00025482242927,0.000146281352499,0.000173662236193,0.000119344222185,0.000110818371468,0.0000947355438257,0.0000552670753677,0.0000354965377483,0.0000579174156883,0.0000262116100203,0.0000213915682252,0.0000192006318684,0.0000255847662629,0.0000154258013936,0.0000118363614092,0.0000111691942948,0.00000783970608609,0.00000662758020553,0.00000873229510034,0.00000806095158623,0.00000545424290976,0.00000425970893048,0.00000322534037878,0.0000028097304039,0.00000366419885722,0.00000366889116776,0.00000270882242148,0.00000247457410296,0.00000235201582655,0.00000178367508852,0.00000145348633396,0.00000136677863338,0.00000110723942726],"dmean2":[0.00183201383334,0.00183736067265,0.000547003350221,0.000698686053511,0.000425806152634,0.000442635442596,0.000587286194786,0.000407018902479,0.000223234834266,0.000272897159448,0.00018545925559,0.000170890547452,0.000146082456922,0.0000883760367287,0.0000572128737986,0.0000933068586164,0.000042318879423,0.0000344643012795,0.0000309311399178,0.000041017010517,0.0000243679260166,0.0000190147584362,0.0000179086546268,0.000012492832866,0.0000108702743091,0.0000144138248288,0.0000130391990751,0.00000870925214258,0.0000068682352321,0.00000529275394001,0.00000453637812825,0.00000591821117268,0.00000571984674025,0.00000422996845373,0.00000386979854738,0.00000363289882443,0.00000270820237347,0.00000219377398025,0.00000206240633815,0.00000168070016571],"dvar":[0.0000105879980765,0.00000915784585231,2.85051157789e-7,5.38572578535e-7,2.23167958779e-7,4.04917500418e-7,4.98393546877e-7,2.67570044343e-7,7.83030529306e-8,1.18472243571e-7,5.81830263968e-8,7.50955919671e-8,4.90443028411e-8,1.46406895496e-8,4.91966600791e-9,1.72452221392e-8,3.55060936208e-9,2.48196907471e-9,1.79437642522e-9,4.127194142e-9,1.54236545757e-9,5.85223314253e-10,4.37336278303e-10,2.30364269327e-10,1.89009363716e-10,2.86833501395e-10,2.66368455071e-10,1.7102448624e-10,1.36127581429e-10,5.28912053044e-11,4.39495453919e-11,7.62374191554e-11,7.51747553096e-11,6.27236873552e-11,5.24397712753e-11,6.63018043245e-11,3.4135645699e-11,2.37286718052e-11,1.85103234823e-11,8.33589967886e-12],"dvar2":[0.0000269514639513,0.0000248731466854,7.46732325752e-7,0.00000134712524869,5.83928112974e-7,0.00000112083603199,0.00000135506707011,6.36295681034e-7,1.68577543036e-7,2.83613530883e-7,1.25439115095e-7,1.65003896768e-7,1.10868263903e-7,3.30340164112e-8,1.1158401314e-8,4.25430926043e-8,8.97157992341e-9,6.32054719674e-9,4.34366942414e-9,1.02160431226e-8,3.54992013563e-9,1.41291944811e-9,1.03802411111e-9,5.46496015108e-10,4.79218997818e-10,7.44063699543e-10,6.3432065156e-10,4.00711991366e-10,3.38823497037e-10,1.38483904899e-10,1.10960421407e-10,1.94217614213e-10,1.75566172711e-10,1.46640352638e-10,1.19791801478e-10,1.53265872216e-10,7.30098967394e-11,5.01136319941e-11,3.74779651757e-11,1.84194447889e-11],"max":[0.0343121923506,0.0330030582845,0.0136051196605,0.0129398675635,0.00892384722829,0.0127507345751,0.00977040920407,0.0143849141896,0.00971566140652,0.00952368229628,0.00721230823547,0.00910557154566,0.00553385680541,0.00376015529037,0.00195019994862,0.00579277798533,0.00253515387885,0.00141705968417,0.00114138692152,0.00197838293388,0.00148703437299,0.000536989944521,0.000677013362292,0.000403271405958,0.000327290297719,0.000262327084783,0.000405236962251,0.000322417094139,0.000421317934524,0.000150323787238,0.000117493305879,0.000152111431817,0.000270872085821,0.000379289849661,0.000211519698496,0.000276076199953,0.000239045155467,0.000253049656749,0.000262922432739,0.000101215453469],"mean":[0.00152917637024,0.0017083119601,0.000641043588985,0.00075568293687,0.000404655409511,0.000303845736198,0.000507725635543,0.000417548668338,0.000270259100944,0.000297392864013,0.000208289551665,0.000184406861081,0.000161489078891,0.0000866171176312,0.0000571512864553,0.000088142696768,0.0000426731603511,0.0000341044687957,0.0000296981634165,0.0000419015304942,0.0000260073993559,0.00001949630132,0.0000187899058801,0.0000132752675199,0.0000105351018647,0.0000141806067404,0.0000128028350446,0.00000853052461025,0.0000070630535447,0.00000531231989953,0.00000444926217824,0.0000058603418438,0.00000618303965894,0.00000441621750724,0.00000390041122955,0.00000339526377502,0.00000253700750363,0.00000207027892429,0.00000187446823929,0.00000149838501784],"median":[0.000770856859162,0.00117913680151,0.000458165624877,0.000376395619242,0.000199811940547,0.000138128074468,0.000272481673164,0.000195035914658,0.000138636256452,0.000135682552354,0.0000915233467822,0.0000673902541166,0.0000627618646831,0.0000352754323103,0.0000264756072283,0.0000316500700137,0.0000158220591402,0.0000131230581246,0.0000115908133012,0.0000112981988423,0.00000937947061175,0.00000781863309385,0.00000809241828392,0.00000593610366195,0.00000508859375259,0.0000065590752456,0.00000491462878927,0.00000327258658217,0.00000246972012974,0.00000191169078789,0.00000158531520356,0.0000020568418222,0.00000210620055441,0.00000150232631313,0.00000119929325137,9.00539077975e-7,6.43897294594e-7,4.70188666668e-7,3.92551044115e-7,3.11738489245e-7],"min":[1.11116590387e-24,1.14448551497e-24,8.30709187382e-25,1.77854666703e-24,2.3372191434e-24,1.83988573001e-24,1.2777829906e-24,1.40021992234e-24,2.462187727e-24,2.46779297816e-24,1.28633315813e-24,2.56520250881e-24,3.15372607348e-24,2.24688549786e-24,2.37863493257e-24,2.5220234183e-24,3.61250647393e-24,3.94169694638e-24,2.62547404577e-24,2.53982288134e-24,2.98722179386e-24,3.61030752415e-24,3.22931018947e-24,3.27193865506e-24,4.33425345991e-24,3.74036268286e-24,5.57922821851e-24,5.27131569125e-24,2.77594176926e-24,4.05825824488e-24,5.07087757371e-24,6.01698212317e-24,4.79326282724e-24,4.59525676788e-24,5.02836664839e-24,5.37451841917e-24,6.43711169192e-24,5.4723667537e-24,6.10398795899e-24,6.05447431541e-24],"var":[0.00000917722172744,0.00000690732531439,4.88454134029e-7,0.00000127289172269,3.82044873959e-7,3.34157732595e-7,5.75482374643e-7,5.42413090443e-7,1.98834072762e-7,2.35767217305e-7,1.4505404522e-7,1.64842262507e-7,1.12463034441e-7,2.87236225915e-8,9.76235803307e-9,2.86619545875e-8,6.54776055597e-9,4.44929737498e-9,3.21773097056e-9,8.86884699014e-9,3.30815908001e-9,1.20047383145e-9,9.23379928075e-10,4.67249794411e-10,2.73864486644e-10,4.58809795711e-10,5.07583086673e-10,2.62948107732e-10,2.52178250504e-10,8.74794195416e-11,6.33554042562e-11,1.14621860614e-10,1.46500228615e-10,1.13858873718e-10,9.69627017566e-11,1.06796058108e-10,5.97510374512e-11,3.99972589771e-11,3.35533822948e-11,1.39455860054e-11]},"melbands_crest":{"dmean":2.816634655,"dmean2":4.60631036758,"dvar":7.2653260231,"dvar2":17.2939739227,"max":29.6820678711,"mean":12.1415052414,"median":11.3291368484,"min":1.56248128414,"var":20.455160141},"melbands_flatness_db":{"dmean":0.0227882992476,"dmean2":0.0346926450729,"dvar":0.000718494004104,"dvar2":0.00157182232942,"max":0.477505892515,"mean":0.179049611092,"median":0.171853125095,"min":0.00324428128079,"var":0.00389225268736},"melbands_kurtosis":{"dmean":5.15063238144,"dmean2":8.52634143829,"dvar":255.909362793,"dvar2":696.373840332,"max":541.76751709,"mean":8.59090137482,"median":5.03554582596,"min":-1.86279785633,"var":259.966766357},"melbands_skewness":{"dmean":0.602814137936,"dmean2":0.945403754711,"dvar":0.705444514751,"dvar2":1.68033564091,"max":18.0007648468,"mean":2.10984492302,"median":1.9222445488,"min":-1.06230151653,"var":1.74948036671},"melbands_spread":{"dmean":6.35904979706,"dmean2":9.8420791626,"dvar":64.645111084,"dvar2":138.609298706,"max":248.671279907,"mean":27.0485668182,"median":24.3167324066,"min":1.00838589668,"var":335.04196167},"mfcc":{"cov":[[11884.5546875,48.4252510071,-184.124984741,230.720001221,-97.4094619751,-37.2065124512,-231.147293091,18.3421783447,-65.8860626221,24.1125888824,-39.1063919067,-105.84299469,46.8986930847],[48.4252510071,1408.85900879,-194.492904663,-44.6759910583,-8.08835697174,0.166787996888,57.7936668396,71.1307144165,-2.80543923378,43.8893966675,37.7546653748,-12.5287256241,14.0464496613],[-184.124984741,-194.492904663,609.53302002,42.5416984558,-60.894733429,26.8701763153,0.166424751282,-31.7495975494,7.68811368942,-17.0133266449,4.41791725159,-8.88362121582,7.90136766434],[230.720001221,-44.6759910583,42.5416984558,210.292984009,37.4986610413,-27.0442333221,-43.3849945068,1.7363345623,14.7145652771,-2.11586737633,-22.3281173706,9.17285823822,18.6383266449],[-97.4094619751,-8.08835697174,-60.894733429,37.4986610413,137.656661987,4.69241333008,-9.31537342072,-2.19943857193,22.3455295563,12.0613498688,-6.94769334793,10.451335907,4.15809726715],[-37.2065124512,0.166787996888,26.8701763153,-27.0442333221,4.69241333008,116.8539505,29.1224250793,-1.51630878448,-6.32191038132,-1.72690606117,14.3368997574,-1.41321921349,-12.5709352493],[-231.147293091,57.7936668396,0.166424751282,-43.3849945068,-9.31537342072,29.1224250793,172.154937744,32.8759078979,4.37758207321,9.75532341003,14.1525764465,23.1378498077,-6.36101913452],[18.3421783447,71.1307144165,-31.7495975494,1.7363345623,-2.19943857193,-1.51630878448,32.8759078979,110.094535828,5.11523342133,6.41264915466,10.7604484558,-9.70315742493,7.77470827103],[-65.8860626221,-2.80543923378,7.68811368942,14.7145652771,22.3455295563,-6.32191038132,4.37758207321,5.11523342133,99.5805053711,28.7803592682,-11.2556705475,21.2270946503,-2.93336439133],[24.1125888824,43.8893966675,-17.0133266449,-2.11586737633,12.0613498688,-1.72690606117,9.75532341003,6.41264915466,28.7803592682,78.7632446289,20.4438552856,-2.36689805984,-7.84953689575],[-39.1063919067,37.7546653748,4.41791725159,-22.3281173706,-6.94769334793,14.3368997574,14.1525764465,10.7604484558,-11.2556705475,20.4438552856,74.7367706299,6.01070642471,-6.75219726563],[-105.84299469,-12.5287256241,-8.88362121582,9.17285823822,10.451335907,-1.41321921349,23.1378498077,-9.70315742493,21.2270946503,-2.36689805984,6.01070642471,97.4026184082,15.4048547745],[46.8986930847,14.0464496613,7.90136766434,18.6383266449,4.15809726715,-12.5709352493,-6.36101913452,7.77470827103,-2.93336439133,-7.84953689575,-6.75219726563,15.4048547745,68.7765884399]],"icov":[[0.0000913828698685,3.05494779695e-7,0.0000476582390547,-0.000115279755846,0.000122556448332,-0.0000471136627311,0.000100722572824,-0.0000185844837688,0.0000511621328769,-0.0000831571232993,0.0000338328209182,0.0000692769972375,-0.0000607193978794],[3.05494779695e-7,0.00079019414261,0.000246897310717,0.0000440183248429,0.000136996939545,-0.0000142409462569,-0.000180885079317,-0.000303927983623,0.00000658676844978,-0.000319466693327,-0.000259076768998,0.000171607956872,-0.000295196543448],[0.0000476582390547,0.000246897310717,0.0020013244357,-0.000728733488359,0.00116313819308,-0.000609885086305,-0.000223944764002,0.000658296456095,-0.000652651884593,0.000390514731407,-0.000567109731492,0.000595856050495,-0.000564686837606],[-0.000115279755846,0.0000440183248429,-0.000728733488359,0.0059963427484,-0.00181879103184,0.00102304317988,0.00123066024389,-0.000850835291203,-0.0000719586678315,-0.000177819863893,0.00132536271121,-0.000883925065864,-0.000659964454826],[0.000122556448332,0.000136996939545,0.00116313819308,-0.00181879103184,0.00882126018405,-0.00128884182777,0.000340182887157,0.000435115245637,-0.00149448006414,-0.000975171453319,0.00032229712815,-0.000191279788851,-0.000639453937765],[-0.0000471136627311,-0.0000142409462569,-0.000609885086305,0.00102304317988,-0.00128884182777,0.00972682889551,-0.00151128938887,0.000389501568861,0.000369304296328,0.000891184376087,-0.00151553819887,0.000284758920316,0.00140472780913],[0.000100722572824,-0.000180885079317,-0.000223944764002,0.00123066024389,0.000340182887157,-0.00151128938887,0.00742625258863,-0.00248068477958,0.000383567676181,-0.000980258802883,0.000387464970117,-0.00237862067297,0.000806240481324],[-0.0000185844837688,-0.000303927983623,0.000658296456095,-0.000850835291203,0.000435115245637,0.000389501568861,-0.00248068477958,0.0108245853335,-0.0014515707735,0.000601416162681,-0.00202769762836,0.00246777315624,-0.00192358158529],[0.0000511621328769,0.00000658676844978,-0.000652651884593,-0.0000719586678315,-0.00149448006414,0.000369304296328,0.000383567676181,-0.0014515707735,0.0135012594983,-0.00578606547788,0.00401521613821,-0.00364072644152,0.00154079706408],[-0.0000831571232993,-0.000319466693327,0.000390514731407,-0.000177819863893,-0.000975171453319,0.000891184376087,-0.000980258802883,0.000601416162681,-0.00578606547788,0.01697332412,-0.00574092008173,0.00222991453484,0.000815791659988],[0.0000338328209182,-0.000259076768998,-0.000567109731492,0.00132536271121,0.00032229712815,-0.00151553819887,0.000387464970117,-0.00202769762836,0.00401521613821,-0.00574092008173,0.0170384217054,-0.00283125345595,0.00152733223513],[0.0000692769972375,0.000171607956872,0.000595856050495,-0.000883925065864,-0.000191279788851,0.000284758920316,-0.00237862067297,0.00246777315624,-0.00364072644152,0.00222991453484,-0.00283125345595,0.0128995059058,-0.0034145670943],[-0.0000607193978794,-0.000295196543448,-0.000564686837606,-0.000659964454826,-0.000639453937765,0.00140472780913,0.000806240481324,-0.00192358158529,0.00154079706408,0.000815791659988,0.00152733223513,-0.0034145670943,0.0165462568402]],"mean":[-636.068603516,119.220985413,9.76230621338,15.2969274521,-3.81479644775,3.80336093903,1.5585154295,8.21869850159,1.3098000288,4.98266553879,2.42418074608,0.303726106882,2.92955851555]},"pitch_salience":{"dmean":0.0686350911856,"dmean2":0.111468404531,"dvar":0.00438730744645,"dvar2":0.0108496136963,"max":0.941195011139,"mean":0.57018584013,"median":0.573816418648,"min":0.120909206569,"var":0.0112780435011},"silence_rate_20dB":{"dmean":0,"dmean2":0,"dvar":0,"dvar2":0,"max":1,"mean":1,"median":1,"min":1,"var":0},"silence_rate_30dB":{"dmean":0.00301507534459,"dmean2":0.00603065593168,"dvar":0.00300599029288,"dvar2":0.00901106465608,"max":1,"mean":0.998492598534,"median":1,"min":0,"var":0.00150494708214},"silence_rate_60dB":{"dmean":0.00385259627365,"dmean2":0.00770583795384,"dvar":0.00383811583742,"dvar2":0.00965799018741,"max":1,"mean":0.061636377126,"median":0,"min":0,"var":0.057838074863},"spectral_centroid":{"dmean":234.363357544,"dmean2":357.318450928,"dvar":74071.3671875,"dvar2":155095.3125,"max":11649.3720703,"mean":1441.73168945,"median":1302.68078613,"min":255.782913208,"var":1104045.625},"spectral_complexity":{"dmean":3.74991631508,"dmean2":5.78607940674,"dvar":22.4609527588,"dvar2":47.6531906128,"max":57,"mean":19.8265647888,"median":19,"min":0,"var":95.2081069946},"spectral_contrast_coeffs":{"dmean":[0.0449410527945,0.0474513433874,0.040179900825,0.0329724997282,0.0246783718467,0.0189681667835],"dmean2":[0.0744394212961,0.0787675380707,0.0646258071065,0.0532162562013,0.0384283699095,0.029696488753],"dvar":[0.00139469769783,0.00148912717123,0.00105822796468,0.000763872056268,0.000530213059392,0.000336290278938],"dvar2":[0.00366571475752,0.00409369822592,0.00269155413844,0.00185119628441,0.00110238406342,0.000760012073442],"max":[-0.34054812789,-0.465078562498,-0.451552569866,-0.499361723661,-0.5374558568,-0.533951342106],"mean":[-0.672300875187,-0.743710339069,-0.754638254642,-0.762493252754,-0.784408926964,-0.767167747021],"median":[-0.675249874592,-0.746585011482,-0.76167178154,-0.767198503017,-0.792706549168,-0.763544917107],"min":[-0.97675383091,-0.981846630573,-0.975076973438,-0.973737120628,-0.967491328716,-0.964626967907],"var":[0.0064435810782,0.00491284951568,0.00489226682112,0.00438159378245,0.00365547346883,0.00209474517033]},"spectral_contrast_valleys":{"dmean":[0.32928481698,0.351187735796,0.326862305403,0.307780355215,0.301340788603,0.343882381916],"dmean2":[0.542976498604,0.573408007622,0.53026419878,0.483534008265,0.448327869177,0.428194850683],"dvar":[0.0980453118682,0.112841911614,0.113587111235,0.119290493429,0.162087455392,0.225118532777],"dvar2":[0.215790763497,0.25242587924,0.252575993538,0.24611620605,0.317010730505,0.361577004194],"max":[-5.05927419662,-4.36699056625,-4.6414399147,-6.00663900375,-5.5674996376,-7.03253650665],"mean":[-7.22284173965,-6.66551446915,-7.23033094406,-7.99414491653,-7.85681962967,-10.12196064],"median":[-6.83860588074,-6.29327774048,-6.87242412567,-7.58926105499,-7.47289276123,-9.82006931305],"min":[-28.208984375,-27.8920974731,-27.7368392944,-27.7427845001,-27.5113010406,-27.4479293823],"var":[4.68606424332,4.92706346512,4.62466526031,4.48398256302,4.59935188293,4.19228410721]},"spectral_decrease":{"dmean":2.61808175139e-9,"dmean2":4.21987467192e-9,"dvar":1.92972882384e-17,"dvar2":4.77705340253e-17,"max":1.5227628717e-28,"mean":-6.91747370496e-9,"median":-5.96039839706e-9,"min":-4.23193888821e-8,"var":2.64813005733e-17},"spectral_energy":{"dmean":0.0105723608285,"dmean2":0.0169257521629,"dvar":0.000302858476061,"dvar2":0.000746850797441,"max":0.163970455527,"mean":0.0283927489072,"median":0.0245884247124,"min":9.94862562738e-21,"var":0.000433225592133},"spectral_energyband_high":{"dmean":0.000736679299735,"dmean2":0.00106913468335,"dvar":0.00000278433071799,"dvar2":0.00000604618026046,"max":0.0408788397908,"mean":0.00132433196995,"median":0.000513847335242,"min":6.96001480409e-21,"var":0.00000595550045546},"spectral_energyband_low":{"dmean":0.00532858911902,"dmean2":0.00889420323074,"dvar":0.000211502323509,"dvar2":0.000536891107913,"max":0.142919898033,"mean":0.00914794858545,"median":0.00651259347796,"min":9.62694215409e-24,"var":0.000182939329534},"spectral_energyband_middle_high":{"dmean":0.00226935348473,"dmean2":0.00350663880818,"dvar":0.0000119717778944,"dvar2":0.0000263118818111,"max":0.0741164013743,"mean":0.00630780542269,"median":0.00452850852162,"min":1.12689040319e-21,"var":0.0000424774698331},"spectral_energyband_middle_low":{"dmean":0.00505840126425,"dmean2":0.00817034486681,"dvar":0.0000651708178339,"dvar2":0.000169332168298,"max":0.100279353559,"mean":0.0123001430184,"median":0.00965357292444,"min":1.37057577197e-22,"var":0.000110090310045},"spectral_entropy":{"dmean":0.160707771778,"dmean2":0.226217702031,"dvar":0.0385610088706,"dvar2":0.0655826628208,"max":9.82427597046,"mean":7.6648349762,"median":7.67797994614,"min":5.28307819366,"var":0.234264984727},"spectral_flux":{"dmean":0.0259375870228,"dmean2":0.0401284247637,"dvar":0.00123925053049,"dvar2":0.00247498694807,"max":0.319527477026,"mean":0.085451208055,"median":0.0750268623233,"min":6.35425670414e-11,"var":0.00264646555297},"spectral_kurtosis":{"dmean":1.4323823452,"dmean2":2.26360368729,"dvar":7.31002235413,"dvar2":16.0246906281,"max":101.993003845,"mean":4.06911182404,"median":3.12281990051,"min":-1.2608487606,"var":25.9883651733},"spectral_rms":{"dmean":0.000846709939651,"dmean2":0.0013124368852,"dvar":0.00000132626462346,"dvar2":0.0000030699659419,"max":0.0126479715109,"mean":0.00489212526008,"median":0.00489782681689,"min":3.11544171537e-12,"var":0.00000376741400032},"spectral_rolloff":{"dmean":495.55557251,"dmean2":806.916381836,"dvar":789282.375,"dvar2":1650951.875,"max":19466.015625,"mean":1694.89770508,"median":1184.32617188,"min":86.1328125,"var":4265279.5},"spectral_skewness":{"dmean":0.204485341907,"dmean2":0.314392268658,"dvar":0.0697676837444,"dvar2":0.139965727925,"max":8.17326450348,"mean":1.52762567997,"median":1.46435105801,"min":-0.0922325700521,"var":0.359875142574},"spectral_spread":{"dmean":642999.75,"dmean2":889700.25,"dvar":928039108608,"dvar2":1629024026620,"max":42603056,"mean":5309460,"median":4716368.5,"min":884600.6875,"var":13413587615700},"spectral_strongpeak":{"dmean":0.560996770859,"dmean2":0.948336064816,"dvar":0.78699862957,"dvar2":1.92834234238,"max":11.0212783813,"mean":0.932256042957,"median":0.408337265253,"min":0,"var":1.41250443459},"zerocrossingrate":{"dmean":0.0114724831656,"dmean2":0.0133827263489,"dvar":0.000208726356504,"dvar2":0.000255124818068,"max":0.533203125,"mean":0.0681049525738,"median":0.05712890625,"min":0.00390625,"var":0.00279108970426}},"metadata":{"audio_properties":{"analysis_sample_rate":44100,"bit_rate":128000,"codec":"mp3","downmix":"mix","equal_loudness":0,"length":277.237548828,"lossless":false,"md5_encoded":"3bcbbcf77fe1003e896f265d93922c41","replay_gain":-2.84897613525,"sample_rate":44100},"tags":{"album":["Free As a Bird"],"albumartist":["Supertramp"],"artist":["Supertramp"],"asin":["B000008LAC"],"barcode":["082839518123"],"bpm":["118"],"composer":["Rick Davies"],"date":["1987"],"discnumber":["1/1"],"file_name":"A:\\Muziek\\S\\Supertramp\\(1987) Free As a Bird\\Not the Moment.mp3","genre":["Rock"],"initialkey":["Bb"],"isrc":["USAM18704258"],"language":["eng"],"musicbrainz_recordingid":["7081293e-f592-4378-8a66-fede5f4cf0b4"],"musicip_puid":["71abb294-ae13-0fa9-f971-2eaadf858114"],"title":["Not the Moment"],"tracknumber":["2/9"]},"version":{"essentia":"2.1-beta2","essentia_build_sha":"2d9f1f26377add8aeb1075a9c2973f962c4f09fd","essentia_git_sha":"v2.1_beta2-1-ge3940c0","extractor":"music 1.0"}},"rhythm":{"beats_count":543,"beats_loudness":{"dmean":0.0162765216082,"dmean2":0.0281759575009,"dvar":0.000197678193217,"dvar2":0.000580178748351,"max":0.114676229656,"mean":0.0410063229501,"median":0.0393688008189,"min":0,"var":0.000334773329087},"beats_loudness_band_ratio":{"dmean":[0.229698911309,0.106830187142,0.1238790676,0.0891271829605,0.0405331365764,0.102391436696],"dmean2":[0.425601065159,0.1977609694,0.213848203421,0.15550275147,0.0698116570711,0.199608042836],"dvar":[0.0257562119514,0.00740836048499,0.00804688595235,0.0090771606192,0.00169084616937,0.00346481450833],"dvar2":[0.0800451114774,0.0225829575211,0.0242820698768,0.0254129674286,0.00446473434567,0.0111707625911],"max":[0.934347689152,0.589984178543,0.603375136852,0.541946828365,0.308454722166,0.375444918871],"mean":[0.404706388712,0.144983768463,0.20302