{"lowlevel":{"average_loudness":0.888842642307,"barkbands":{"dmean":[0.00000906138575374,0.000230203469982,0.00143105839379,0.000323535292409,0.000691327848472,0.00225749239326,0.00178425374907,0.000631503702607,0.000964306353126,0.000660860154312,0.000362811406376,0.000296763813822,0.00031835885602,0.000233755316003,0.000267332216026,0.000196843408048,0.000231791913393,0.000234381004702,0.0000952141490416,0.000181733252248,0.000104651910078,0.000143886863953,0.0000660889127175,0.0000510410063725,0.0000832871592138,0.0000824997769087,0.00000261194190898],"dmean2":[0.000015787418306,0.000393176625948,0.00218518869951,0.000539052474778,0.00110988831148,0.00331441801973,0.00271943374537,0.00094145181356,0.0014391556615,0.00103862537071,0.000553027901333,0.000470157130621,0.000496160588227,0.000346935208654,0.000420397758717,0.000315424549626,0.000363437109627,0.000364799576346,0.000144410034409,0.000272910459898,0.000149766477989,0.000194909312995,0.0000870880830917,0.0000745055731386,0.000136048503919,0.000139724084875,0.000004530370461],"dvar":[1.60280899664e-10,3.84297948131e-7,0.0000185518510989,0.00000128266196953,0.00000159126000199,0.0000287986549665,0.0000211665956158,0.00000222105086323,0.00000484803467771,0.00000179609367024,0.00000103639911231,7.29959197088e-7,6.36280617528e-7,3.20504568663e-7,4.21150303964e-7,2.36251779029e-7,3.89771912523e-7,4.16856920538e-7,3.47922295418e-8,1.04411903123e-7,3.80405680289e-8,9.37929556244e-8,3.77428932552e-8,2.59813663916e-8,1.46362893361e-7,1.51114704749e-7,1.71526889914e-10],"dvar2":[4.46908871021e-10,0.00000108716437808,0.0000402356527047,0.00000332470403919,0.00000404133334087,0.0000547928539163,0.000046577584726,0.00000513309032613,0.0000103981346911,0.00000439675932284,0.000002256515927,0.00000184416342108,0.00000159614364748,7.64178480495e-7,0.00000100340685094,5.94934192577e-7,9.60432316788e-7,9.86376107903e-7,8.19761254434e-8,2.40042339783e-7,7.95015111521e-8,1.6710067996e-7,5.36826370023e-8,5.75151659632e-8,3.88036085042e-7,4.09617058494e-7,4.72309524824e-10],"max":[0.000313160417136,0.0105949928984,0.0681957304478,0.0178745221347,0.0372678637505,0.121016949415,0.0838550999761,0.0348819345236,0.0378776490688,0.0241674631834,0.0452100783587,0.0219456665218,0.0189007949084,0.0172503907233,0.0213346723467,0.0134509773925,0.013281638734,0.0144315669313,0.00539457704872,0.00904273428023,0.004454087466,0.00735113956034,0.0073202024214,0.00399747863412,0.0102861272171,0.00803803093731,0.00020820624195],"mean":[0.0000101666291812,0.000402469857363,0.00234036962502,0.0003263335675,0.00149189436343,0.00422661798075,0.00295739271678,0.00134672620334,0.00178674189374,0.00120715482626,0.000593739445321,0.000438623595983,0.00056449737167,0.000509169243742,0.000486642820761,0.000329541420797,0.000510547542945,0.000491686863825,0.000223097929847,0.000429216626799,0.00021698565979,0.000264066067757,0.000115010800073,0.0000755977234803,0.0000759970498621,0.000067359120294,0.00000196983637579],"median":[0.00000488468504045,0.000122944344184,0.000241627829382,0.0000618389021838,0.000839010346681,0.00082834874047,0.000663158250973,0.00061216193717,0.000530796824023,0.000620297039859,0.000270032382105,0.000164444762049,0.000230917881709,0.000182443560334,0.000220780842938,0.000112408044515,0.00011070362234,0.0000879330400494,0.000130722779431,0.000227211450692,0.00010502753139,0.0000739775132388,0.0000238513766817,0.0000147476930579,0.00000511998905495,0.0000014282071561,8.94631000392e-8],"min":[9.52213134731e-13,6.01845136228e-12,4.55371938074e-12,3.99854455102e-12,1.51015885994e-12,5.23031596332e-13,3.12067103929e-13,2.12486983304e-13,2.15877419022e-13,2.92295484691e-13,3.29958391339e-13,7.46411938334e-13,6.83595487074e-13,3.29441660583e-13,3.41733965344e-13,3.90680678997e-13,3.03394516541e-13,2.90044220195e-13,2.56455121896e-13,6.28330720787e-13,6.16879485861e-13,4.1642134619e-13,1.26131256047e-12,2.44133836411e-12,9.30230285162e-13,1.04413537278e-12,4.02683615619e-11],"var":[2.28304750105e-10,6.08481002473e-7,0.0000365870509995,0.00000121885011595,0.00000430483714808,0.0000797887551016,0.0000435902402387,0.00000523235848959,0.0000129177542476,0.00000350800200977,0.00000151639994783,0.00000102982164663,0.00000102050637452,8.80555830918e-7,8.86841405645e-7,4.62761761355e-7,0.00000168593510352,0.00000138234497626,1.12872697855e-7,3.84259124075e-7,9.98432270194e-8,2.40814955532e-7,1.34623093118e-7,5.05139183815e-8,1.15421734392e-7,1.09997252196e-7,1.16434709097e-10]},"barkbands_crest":{"dmean":2.33658409119,"dmean2":3.5959045887,"dvar":5.54923725128,"dvar2":12.6715068817,"max":26.0839099884,"mean":10.3268089294,"median":9.22555446625,"min":2.58230543137,"var":22.5127773285},"barkbands_flatness_db":{"dmean":0.0172944683582,"dmean2":0.0257220678031,"dvar":0.000305654917611,"dvar2":0.000661408586893,"max":0.378639549017,"mean":0.135731846094,"median":0.131490200758,"min":0.0328542403877,"var":0.00191094866022},"barkbands_kurtosis":{"dmean":1.97687149048,"dmean2":2.95261693001,"dvar":19.6878089905,"dvar2":41.232208252,"max":145.434967041,"mean":2.6200261116,"median":1.07198786736,"min":-1.96410524845,"var":39.4354629517},"barkbands_skewness":{"dmean":0.442450195551,"dmean2":0.644201278687,"dvar":0.24071149528,"dvar2":0.506895363331,"max":11.4139862061,"mean":1.02194166183,"median":1.05485606194,"min":-2.46136474609,"var":1.60667860508},"barkbands_spread":{"dmean":5.05507040024,"dmean2":7.54394721985,"dvar":41.6625709534,"dvar2":99.7050857544,"max":157.834365845,"mean":22.8424129486,"median":19.5854053497,"min":0.887693762779,"var":289.332641602},"dissonance":{"dmean":0.0168973486871,"dmean2":0.0283398739994,"dvar":0.000320252438542,"dvar2":0.000858798623085,"max":0.499999970198,"mean":0.464912712574,"median":0.471582770348,"min":0.264903724194,"var":0.000843667949084},"dynamic_complexity":5.55679416656,"erbbands":{"dmean":[0.00349144032225,0.0820923894644,1.20490753651,1.6566324234,0.906592786312,2.40709376335,11.2847385406,18.2804145813,24.975643158,20.4129619598,12.6543388367,22.5644264221,25.8105144501,12.8838567734,15.5181360245,13.0830526352,14.557103157,10.6579608917,11.8316221237,12.337677002,13.3444862366,10.2801046371,13.957198143,5.07199668884,6.1541223526,9.09248447418,4.33088111877,4.62965154648,5.12348747253,3.76851129532,1.82503843307,1.26022481918,0.723916828632,0.647319555283,0.815320372581,0.48820745945,0.106454558671,0.0118634104729,0.000396180199459,0.0000233548671531],"dmean2":[0.00579237937927,0.136911168694,1.85163724422,2.59640526772,1.49922227859,3.77997350693,17.7481193542,26.7013912201,36.9458122253,30.625831604,19.1160697937,33.1434745789,40.3176765442,20.0979499817,23.5358314514,20.2968063354,22.8752880096,16.6300678253,17.2760448456,19.2483654022,21.4663848877,16.3040237427,21.771686554,7.9079785347,9.10743331909,13.6675901413,6.27134561539,6.61469507217,7.09790706635,4.98468828201,2.43375873566,1.79874670506,1.09152853489,1.04280209541,1.34018576145,0.824232757092,0.180040970445,0.0203483570367,0.000671246962156,0.0000376466450689],"dvar":[0.0000338021709467,0.0565174482763,12.8571939468,27.6796073914,2.87717986107,16.8788871765,1106.37927246,1907.87963867,3331.95166016,3301.90234375,1254.86181641,3062.56201172,3625.19750977,837.243103027,2694.67578125,1235.67407227,1407.67529297,861.108032227,639.016601562,971.395935059,1137.90246582,620.319946289,1771.53649902,95.7812576294,156.984344482,281.927886963,53.8037643433,90.2221450806,154.411270142,84.2656860352,28.8277416229,15.3498497009,6.16949033737,7.6441655159,15.4028463364,5.19481658936,0.263600230217,0.00341664161533,0.00000362166133527,7.81217579515e-9],"dvar2":[0.0000887444184627,0.14735263586,27.7904186249,65.3492355347,7.93090438843,40.0106277466,2246.76489258,3661.81616211,7553.13574219,6934.86914062,2909.08129883,6425.92626953,9037.36425781,1981.02282715,5636.50195312,3042.24829102,3566.68579102,2163.69433594,1402.12182617,2251.27661133,2928.68066406,1588.13244629,4194.13085938,234.441589355,359.415252686,673.650939941,106.491851807,195.18598938,297.173156738,139.250106812,43.3003883362,29.18658638,14.9707431793,20.245639801,41.1184387207,14.1228876114,0.711506128311,0.00929006934166,0.000009767208212,2.11243609272e-8],"max":[0.0914940387011,3.98794984818,52.08070755,76.4795837402,30.7353839874,95.4364242554,792.999511719,910.676086426,1092.83251953,1276.24572754,1000.39825439,974.870056152,1243.13574219,684.053100586,2193.66699219,1081.50830078,721.479003906,991.137634277,653.728759766,1110.0592041,826.40612793,642.586181641,1021.91241455,257.044677734,339.596496582,421.912963867,201.78338623,199.488693237,372.4425354,261.231201172,197.419708252,132.904891968,51.4466438293,67.111289978,104.709533691,47.4848480225,10.8941440582,0.911497533321,0.0331482216716,0.00180398079101],"mean":[0.00567601015791,0.156225830317,2.1832215786,2.07446193695,1.56768476963,5.53322792053,21.1493873596,33.2835388184,44.31224823,39.4589118958,25.8901958466,44.3208427429,45.8583183289,25.275138855,25.1981201172,22.0751247406,25.39103508,22.5577144623,27.1364841461,23.6711578369,25.4401245117,24.8722820282,30.3647670746,12.5620117188,14.87728405,21.4532814026,10.1024541855,8.84932804108,9.29556369781,6.62401676178,3.18443274498,1.9689899683,1.01252484322,0.657739162445,0.703192234039,0.413507282734,0.0830804184079,0.00881324894726,0.000323167885654,0.0000408103624068],"median":[0.00363379111513,0.0262029934675,0.217098414898,0.37989589572,0.750563621521,3.04282855988,4.07295179367,8.19076728821,13.7764472961,15.8636360168,10.9202880859,13.9800539017,20.1380939484,13.0999326706,11.1670227051,10.141834259,11.1565589905,9.37136745453,11.9423522949,11.7614479065,7.56906795502,5.78317594528,4.89007520676,5.6770825386,8.61271190643,10.7030467987,6.37265777588,3.68687391281,3.07132482529,1.37455606461,0.711197018623,0.420854508877,0.186349838972,0.0713951960206,0.0315915234387,0.0109167480841,0.00172016443685,0.000189776721527,0.0000321679908666,0.0000274584999715],"min":[1.73821929073e-10,1.36547773089e-9,4.71850603034e-9,1.04158477399e-8,1.41550158261e-8,1.0199169509e-8,2.72157030246e-9,4.61798776996e-9,4.53445903048e-9,4.85834705799e-9,4.4273473776e-9,5.75989167473e-9,4.74959049868e-9,1.39674316557e-8,2.00219112401e-8,2.67184727676e-8,2.92389810141e-8,1.77900592035e-8,1.92648741404e-8,2.36997319547e-8,2.0175040305e-8,1.61406372712e-8,1.43020422172e-8,1.80396764193e-8,1.50689469791e-8,3.36440102444e-8,2.54184051585e-8,2.26581544638e-8,1.19281295952e-8,3.00349789484e-8,3.35998500134e-8,2.76385279108e-8,5.44243974332e-8,1.30934711962e-8,4.83233675297e-9,2.48871567798e-9,2.22676432848e-9,3.92437948804e-9,3.58582585847e-9,9.43290445754e-10],"var":[0.0000539692591701,0.112577401102,28.9035072327,35.8411331177,5.94579410553,58.5409507751,3277.53442383,4807.69824219,6923.72460938,6878.32666016,2603.41455078,8662.32617188,5913.76953125,1775.45837402,3798.91796875,1968.18212891,2076.64331055,2027.06970215,1897.69018555,2140.18066406,3032.265625,3058.97900391,6176.60107422,385.855041504,504.269714355,1022.09985352,178.524291992,192.384963989,326.388000488,239.42427063,101.506393433,41.8654289246,8.55200576782,6.35331630707,11.7632322311,3.81323051453,0.188951432705,0.00237095379271,0.00000260058641288,6.43560049696e-9]},"erbbands_crest":{"dmean":2.50009036064,"dmean2":3.83246612549,"dvar":5.89616632462,"dvar2":13.9858112335,"max":30.7132778168,"mean":10.4712142944,"median":9.51507377625,"min":2.21214175224,"var":23.5811862946},"erbbands_flatness_db":{"dmean":0.0157238449901,"dmean2":0.0227786004543,"dvar":0.000246170151513,"dvar2":0.000522923190147,"max":0.378354102373,"mean":0.19149543345,"median":0.189063102007,"min":0.0245818085968,"var":0.0029663045425},"erbbands_kurtosis":{"dmean":1.00101554394,"dmean2":1.51938450336,"dvar":2.67244696617,"dvar2":6.0311589241,"max":50.5499153137,"mean":0.975704789162,"median":0.0634150505066,"min":-1.83475339413,"var":9.40901470184},"erbbands_skewness":{"dmean":0.330560594797,"dmean2":0.480691403151,"dvar":0.110232852399,"dvar2":0.235618442297,"max":6.50803613663,"mean":0.319422721863,"median":0.471867799759,"min":-4.85829305649,"var":1.10430526733},"erbbands_spread":{"dmean":6.64297199249,"dmean2":9.71049213409,"dvar":57.7400283813,"dvar2":127.687080383,"max":129.345672607,"mean":34.2010192871,"median":32.3909492493,"min":1.75889539719,"var":291.403961182},"gfcc":{"cov":[[21888.2539062,973.795715332,-846.299499512,720.302490234,-2045.76062012,-142.652404785,-726.131835938,434.777862549,-420.811126709,359.21307373,-571.234741211,28.0730800629,-449.937713623],[973.795715332,1393.87939453,-302.62008667,12.095911026,96.0335693359,-137.035568237,94.0926055908,-19.7968540192,64.4298400879,-111.09223175,21.3053894043,-149.949554443,18.7699680328],[-846.299499512,-302.62008667,1027.93933105,-40.5662574768,-17.0411872864,136.746749878,19.4687252045,92.6066207886,-13.8239974976,89.4652938843,-97.2774963379,70.1096343994,-82.996887207],[720.302490234,12.095911026,-40.5662574768,453.886932373,-10.8323249817,-94.1634521484,-24.5825557709,23.8588562012,19.9686813354,-113.852516174,-10.9244937897,-21.0177288055,-3.21399354935],[-2045.76062012,96.0335693359,-17.0411872864,-10.8323249817,547.546081543,14.1854896545,31.6500339508,53.6942863464,26.6825218201,-113.668563843,35.5825386047,-68.3215332031,2.19663047791],[-142.652404785,-137.035568237,136.746749878,-94.1634521484,14.1854896545,265.15927124,60.5118293762,-15.7459173203,-23.5117683411,79.2267456055,-29.2194538116,-11.4041223526,-38.904624939],[-726.131835938,94.0926055908,19.4687252045,-24.5825557709,31.6500339508,60.5118293762,209.764007568,-3.01409292221,30.3235187531,-4.25215291977,23.4592914581,-44.2398605347,-6.78988170624],[434.777862549,-19.7968540192,92.6066207886,23.8588562012,53.6942863464,-15.7459173203,-3.01409292221,180.035690308,5.151263237,-33.2204971313,-37.3405647278,-39.192615509,-59.8339805603],[-420.811126709,64.4298400879,-13.8239974976,19.9686813354,26.6825218201,-23.5117683411,30.3235187531,5.151263237,133.739990234,1.96921598911,22.2294940948,-13.5546255112,-22.1101894379],[359.21307373,-111.09223175,89.4652938843,-113.852516174,-113.668563843,79.2267456055,-4.25215291977,-33.2204971313,1.96921598911,198.777069092,-11.5179891586,30.1133861542,-21.3463459015],[-571.234741211,21.3053894043,-97.2774963379,-10.9244937897,35.5825386047,-29.2194538116,23.4592914581,-37.3405647278,22.2294940948,-11.5179891586,121.902244568,-6.74060821533,25.9454746246],[28.0730800629,-149.949554443,70.1096343994,-21.0177288055,-68.3215332031,-11.4041223526,-44.2398605347,-39.192615509,-13.5546255112,30.1133861542,-6.74060821533,152.851119995,17.6467075348],[-449.937713623,18.7699680328,-82.996887207,-3.21399354935,2.19663047791,-38.904624939,-6.78988170624,-59.8339805603,-22.1101894379,-21.3463459015,25.9454746246,17.6467075348,144.827529907]],"icov":[[0.000283837260213,-0.000396439369069,0.000409241241869,-0.000524846836925,0.000986792496406,-0.000375138013624,0.000802098540589,-0.00104059616569,0.000812001002487,-0.000545311369933,0.00048368415446,-0.000194307896891,0.000628627894912],[-0.000396439369069,0.00151542492677,-0.000431937456597,0.000937158416491,-0.00142085121479,0.00112901022658,-0.00152326759417,0.0018938917201,-0.00139581051189,0.00106264778879,-0.000243863541982,0.0011251969263,-0.000768781465013],[0.000409241241869,-0.000431937456597,0.00188164506108,-0.000822445494123,0.00131449382752,-0.000931049580686,0.00086168886628,-0.00215657078661,0.0011531803757,-0.00117592932656,0.00136715988629,-0.000998660223559,0.00114632572513],[-0.000524846836925,0.000937158416491,-0.000822445494123,0.00381004391238,-0.00143127935007,0.00134001253173,-0.00128785904963,0.00222010002472,-0.00204873364419,0.00278202164918,-0.000404266640544,0.000923371582758,-0.000843082612846],[0.000986792496406,-0.00142085121479,0.00131449382752,-0.00143127935007,0.00582489930093,-0.00197854544967,0.00301185273565,-0.0041843270883,0.00227206293494,-0.000260990927927,0.000907926703803,-0.0000482568066218,0.00191564578563],[-0.000375138013624,0.00112901022658,-0.000931049580686,0.00134001253173,-0.00197854544967,0.00662215333432,-0.00294633558951,0.00299185770564,0.000214587489609,-0.000944249331951,0.000886356632691,0.00148149288725,0.000645514344797],[0.000802098540589,-0.00152326759417,0.00086168886628,-0.00128785904963,0.00301185273565,-0.00294633558951,0.00838331226259,-0.00294974260032,0.000954315357376,-0.000798595370725,-0.0000257480605796,0.000656541611534,0.00144436967093],[-0.00104059616569,0.0018938917201,-0.00215657078661,0.00222010002472,-0.0041843270883,0.00299185770564,-0.00294974260032,0.0121972709894,-0.00286523113027,0.00324070127681,0.000356690434273,0.00301109510474,0.000712587498128],[0.000812001002487,-0.00139581051189,0.0011531803757,-0.00204873364419,0.00227206293494,0.000214587489609,0.000954315357376,-0.00286523113027,0.0111737214029,-0.00281732715666,0.0000152896154759,-0.00062116998015,0.00356667279266],[-0.000545311369933,0.00106264778879,-0.00117592932656,0.00278202164918,-0.000260990927927,-0.000944249331951,-0.000798595370725,0.00324070127681,-0.00281732715666,0.00936616305262,-0.000946600688621,0.000377171381842,-0.00031826729537],[0.00048368415446,-0.000243863541982,0.00136715988629,-0.000404266640544,0.000907926703803,0.000886356632691,-0.0000257480605796,0.000356690434273,0.0000152896154759,-0.000946600688621,0.0114469835535,0.000183720796485,0.000469000893645],[-0.000194307896891,0.0011251969263,-0.000998660223559,0.000923371582758,-0.0000482568066218,0.00148149288725,0.000656541611534,0.00301109510474,-0.00062116998015,0.000377171381842,0.000183720796485,0.00929272826761,-0.000832255522255],[0.000628627894912,-0.000768781465013,0.00114632572513,-0.000843082612846,0.00191564578563,0.000645514344797,0.00144436967093,0.000712587498128,0.00356667279266,-0.00031826729537,0.000469000893645,-0.000832255522255,0.0106170345098]],"mean":[-46.7678375244,84.2725524902,-146.230194092,21.5316066742,-71.7899551392,1.74656391144,-35.0300559998,0.659747064114,-21.7443332672,5.99921321869,-14.3880205154,-1.019323349,-6.13336229324]},"hfc":{"dmean":6.48452711105,"dmean2":9.62658309937,"dvar":174.649627686,"dvar2":435.154632568,"max":256.269042969,"mean":21.6974239349,"median":19.4989948273,"min":0.00000232262891586,"var":366.098297119},"melbands":{"dmean":[0.0000421067197749,0.000453408487374,0.000257840496488,0.0000945957945078,0.000334352749633,0.000428655766882,0.000387339299778,0.00020341934578,0.000104662780359,0.000150642910739,0.000127338251332,0.000053577550716,0.0000457983624074,0.0000398575284635,0.0000359116238542,0.0000262560024566,0.0000212947416003,0.0000203664858418,0.0000199753794732,0.0000135273003252,0.0000185963508557,0.0000123106547107,0.0000128823357954,0.0000108811182145,0.00000403984995501,0.00000366078506886,0.00000708767265678,0.00000599968370807,0.00000307766390506,0.00000275207617051,0.00000302540979646,0.00000332176409756,0.0000027304820378,0.00000186163458693,0.00000116278238238,9.26092411646e-7,8.11947984403e-7,6.37080177057e-7,3.02291738308e-7,6.4738577521e-7],"dmean2":[0.0000717226503184,0.000701515818946,0.000401821947889,0.000150201536599,0.000524665170815,0.000622320803814,0.00057476607617,0.000303786073346,0.000157862246851,0.000223308787099,0.000199594680453,0.000083968785475,0.0000692802423146,0.0000612359144725,0.0000559517065994,0.0000416403745476,0.0000333009047608,0.0000290898678941,0.0000319032697007,0.0000209129211726,0.0000302205717162,0.0000195795855689,0.0000205495962291,0.0000167660946317,0.00000646458374831,0.00000556194117962,0.0000107308269435,0.00000907669164008,0.00000453050870419,0.00000405067885367,0.00000439568702859,0.0000047116773203,0.00000379274615625,0.0000024930291147,0.00000158254420057,0.00000130487990191,0.00000120373033496,9.69010898189e-7,4.82348980313e-7,0.0000010551965488],"dvar":[9.74962421907e-9,0.00000184334419373,5.84993017583e-7,2.6378360829e-8,8.07670062386e-7,9.67358118942e-7,8.01244596005e-7,2.7384612622e-7,8.44224103957e-8,1.25987185129e-7,8.8960945277e-8,1.56310662192e-8,1.95474907372e-8,1.36466518086e-8,1.09277742411e-8,3.8438905392e-9,3.53810936105e-9,1.94475435755e-9,2.88399371051e-9,1.05075959045e-9,2.72576228255e-9,1.08523157127e-9,1.26819688084e-9,9.64936908154e-10,7.00643640328e-11,6.95326712874e-11,1.7814175135e-10,1.20881193943e-10,3.04288989839e-11,3.24246150762e-11,4.3435414987e-11,7.01698005257e-11,3.97232628735e-11,2.28307633215e-11,1.22946878373e-11,8.92006607467e-12,6.38301260805e-12,5.24161530152e-12,1.10390461962e-12,8.30780669953e-12],"dvar2":[2.749143313e-8,0.00000405896025768,0.00000136677567752,6.39150314896e-8,0.00000166607162555,0.00000185105898254,0.00000178300388143,5.84768429235e-7,1.97948580194e-7,2.68475673693e-7,2.21157378633e-7,3.67459449535e-8,4.12061424981e-8,3.24698987697e-8,2.66710546981e-8,9.63006474564e-9,8.81251427387e-9,4.06818001508e-9,7.15386949679e-9,2.35794916925e-9,7.09112768504e-9,2.73325406752e-9,3.22968518596e-9,2.23315343995e-9,1.75830461302e-10,1.77823838987e-10,4.10241118853e-10,2.85536316813e-10,6.21391688105e-11,7.10967604234e-11,9.46840869598e-11,1.36515757032e-10,6.99814581284e-11,3.70544359085e-11,2.0158978653e-11,1.57970355547e-11,1.35579152072e-11,1.2669234585e-11,2.82581076594e-12,2.199228126e-11],"max":[0.00173293834087,0.0199654251337,0.0112101826817,0.00455071078613,0.0212696678936,0.0177895501256,0.0144425062463,0.0112851290032,0.00814911816269,0.00663640163839,0.00606218725443,0.00307262432761,0.00635514501482,0.00285873492248,0.00438642315567,0.00113857502583,0.00187540438492,0.00116068706848,0.00183259532787,0.000889312766958,0.00116029707715,0.00091586454073,0.000907328852918,0.000792910403106,0.000228371543926,0.000309475581162,0.000383962556953,0.000243291142397,0.000178808375495,0.000104189959529,0.000173958222149,0.000217159278691,0.000174285378307,0.000163212593179,0.000122397250379,0.000117471150588,0.0000713750050636,0.0000591842108406,0.0000244648854277,0.0000665111947455],"mean":[0.0000723950288375,0.000820347398985,0.000349629146513,0.000216683649342,0.000645249616355,0.000791457656305,0.00068185722921,0.000404402497225,0.000202299357625,0.000286808965029,0.000222476330237,0.0000994687216007,0.0000749097525841,0.0000637264747638,0.000058625726524,0.0000473203472211,0.0000415553186031,0.0000456286797998,0.0000347339446307,0.0000253901780525,0.0000330726288666,0.0000264501104539,0.0000279468677036,0.0000219333978748,0.00000873727276485,0.0000080060090113,0.0000151539170474,0.0000137082461151,0.0000064888840825,0.00000502638522448,0.00000515266629009,0.00000550105642105,0.0000046191103138,0.00000309598067361,0.00000188265232737,0.00000139994733672,0.00000117349543416,8.66853213211e-7,3.62545790722e-7,6.24100323421e-7],"median":[0.0000348863759427,0.0000872889213497,0.0000893821634236,0.000122066921904,0.000163016738952,0.000182999152457,0.000188368110685,0.000171118430444,0.0000810142228147,0.0000852197554195,0.0000963766506175,0.0000479182708659,0.0000341891282005,0.0000265363523795,0.000025086075766,0.000019237957531,0.0000153457967826,0.0000178659811354,0.0000152216980496,0.0000122601923067,0.0000074290669545,0.00000581909898756,0.00000503354567627,0.00000366052427125,0.00000415098929807,0.00000448004630016,0.0000078732464317,0.00000623713731329,0.00000376950538339,0.00000215162572204,0.00000182206758836,0.00000168642600329,0.00000110240262075,5.09500068802e-7,3.78429774628e-7,2.57032837681e-7,2.28359212429e-7,1.37455458571e-7,6.28115657264e-8,4.67663596737e-8],"min":[1.65676370192e-12,2.29465253222e-12,1.95440452017e-12,9.09886749278e-13,1.34500293932e-13,1.02426883164e-13,6.82094558244e-14,5.248339808e-14,3.57933219739e-14,3.38793866551e-14,2.39210371346e-14,5.66839361094e-14,5.22312567004e-14,9.59103198879e-14,4.70925890243e-14,7.22409599588e-14,2.74768458718e-14,3.38394033118e-14,2.72457973067e-14,2.83187424113e-14,2.37003274536e-14,1.67608677317e-14,1.42918852751e-14,1.40784168787e-14,1.50564765056e-14,6.93360968887e-15,2.00361577915e-14,2.11751663838e-14,1.48987708292e-14,1.31012627301e-14,1.30992967667e-14,6.47145496032e-15,7.87357866758e-15,2.20769125772e-14,2.30401465864e-14,1.12663047633e-14,1.89256383053e-14,5.10820701602e-14,1.90271297931e-14,7.34195622592e-15],"var":[1.42325795593e-8,0.00000399502960136,8.10872847978e-7,1.05894969238e-7,0.00000238375469053,0.00000251037727139,0.00000169782435933,5.95278947912e-7,1.72251262143e-7,3.55017249376e-7,1.44052876294e-7,3.24220046366e-8,2.84003647266e-8,2.01062739791e-8,1.48758738661e-8,6.7489058786e-9,8.67612293121e-9,6.12729467164e-9,5.14215114933e-9,2.35498087697e-9,6.9725891727e-9,4.16332079922e-9,4.61759741555e-9,3.02698488497e-9,2.24669255422e-10,1.73792855107e-10,5.65460067659e-10,4.32765878688e-10,9.1804751301e-11,6.52746884322e-11,8.41367045479e-11,1.44789069623e-10,9.68290170267e-11,6.85079562524e-11,3.83804342474e-11,2.63022381652e-11,1.39413723621e-11,7.13615277981e-12,1.29704059992e-12,6.77188210021e-12]},"melbands_crest":{"dmean":2.85780143738,"dmean2":4.46739053726,"dvar":7.8205780983,"dvar2":18.2798709869,"max":32.8235397339,"mean":13.6340656281,"median":12.4956493378,"min":3.49555206299,"var":35.4512481689},"melbands_flatness_db":{"dmean":0.0204148050398,"dmean2":0.0299014262855,"dvar":0.000437583454186,"dvar2":0.000956258852966,"max":0.427402466536,"mean":0.17459616065,"median":0.16955396533,"min":0.0365930534899,"var":0.00253321928903},"melbands_kurtosis":{"dmean":4.42926931381,"dmean2":6.49721097946,"dvar":89.455406189,"dvar2":191.011688232,"max":343.465484619,"mean":8.72210597992,"median":4.8742108345,"min":-1.92587924004,"var":204.862091064},"melbands_skewness":{"dmean":0.555867910385,"dmean2":0.810591340065,"dvar":0.421400874853,"dvar2":0.883244097233,"max":14.6160850525,"mean":1.95374166965,"median":1.79604959488,"min":-2.58878493309,"var":2.44402050972},"melbands_spread":{"dmean":6.3752822876,"dmean2":9.34000587463,"dvar":56.0063896179,"dvar2":121.120651245,"max":153.553131104,"mean":28.8251628876,"median":23.270280838,"min":0.990979611874,"var":398.300598145},"mfcc":{"cov":[[14598.8154297,670.095214844,532.639221191,613.284606934,-964.18157959,-297.030883789,-399.116088867,15.4873180389,-66.4636764526,177.470397949,0.390035182238,60.4224472046,-107.027915955],[670.095214844,1296.75830078,-129.527297974,18.0277385712,21.2814788818,-27.8069934845,53.6354751587,15.8858499527,62.9100570679,73.7651138306,49.2300872803,-16.8739967346,-48.7878456116],[532.639221191,-129.527297974,778.71496582,-28.2512645721,-120.501647949,60.0574073792,-34.6023254395,-4.71229839325,40.3075408936,-3.08417630196,33.7074317932,-4.205037117,26.9824619293],[613.284606934,18.0277385712,-28.2512645721,435.31036377,49.8483886719,-103.163642883,-49.573097229,98.3032073975,-4.89943933487,-28.402551651,-51.0522117615,27.3495616913,-9.33711433411],[-964.18157959,21.2814788818,-120.501647949,49.8483886719,407.513916016,-50.7322044373,47.5698547363,71.2736816406,12.7871179581,9.17718315125,-32.1035194397,22.8223876953,2.93252205849],[-297.030883789,-27.8069934845,60.0574073792,-103.163642883,-50.7322044373,256.444519043,25.4375324249,-50.5662841797,11.8361253738,1.29325997829,37.4848098755,-23.1433525085,30.2611865997],[-399.116088867,53.6354751587,-34.6023254395,-49.573097229,47.5698547363,25.4375324249,200.609664917,6.88965797424,27.1139640808,34.7759132385,-0.400083422661,2.11920690536,-28.917137146],[15.4873180389,15.8858499527,-4.71229839325,98.3032073975,71.2736816406,-50.5662841797,6.88965797424,192.911697388,2.96200990677,11.1965389252,2.13504552841,20.2109909058,-2.03029823303],[-66.4636764526,62.9100570679,40.3075408936,-4.89943933487,12.7871179581,11.8361253738,27.1139640808,2.96200990677,131.576538086,11.38098526,12.9339113235,-9.15643787384,-19.8196372986],[177.470397949,73.7651138306,-3.08417630196,-28.402551651,9.17718315125,1.29325997829,34.7759132385,11.1965389252,11.38098526,161.54119873,29.6939544678,14.8300285339,-0.582514464855],[0.390035182238,49.2300872803,33.7074317932,-51.0522117615,-32.1035194397,37.4848098755,-0.400083422661,2.13504552841,12.9339113235,29.6939544678,119.165328979,8.55440616608,1.86750710011],[60.4224472046,-16.8739967346,-4.205037117,27.3495616913,22.8223876953,-23.1433525085,2.11920690536,20.2109909058,-9.15643787384,14.8300285339,8.55440616608,93.8131637573,7.77291345596],[-107.027915955,-48.7878456116,26.9824619293,-9.33711433411,2.93252205849,30.2611865997,-28.917137146,-2.03029823303,-19.8196372986,-0.582514464855,1.86750710011,7.77291345596,107.891021729]],"icov":[[0.000104895378172,-0.0000588102229813,-0.0000568078176002,-0.000139988085721,0.000253805803368,0.0000795060623204,0.000147889906657,0.0000048430147217,0.0000498811095895,-0.000169905935763,0.0000640982034383,-0.0000689729640726,0.000102190671896],[-0.0000588102229813,0.000886516354512,0.000185160155524,-0.0000191884155356,-0.000133050314616,0.0000589953415329,-0.000199578789761,0.0000121535567814,-0.000361452577636,-0.000215227657463,-0.000411778397392,0.000284112960799,0.000147476224811],[-0.0000568078176002,0.000185160155524,0.00147746014409,0.0000966103252722,0.000272411794867,-0.000239312750637,0.000105372193502,-0.000187305922736,-0.000626165303402,0.0000885264744284,-0.000248779047979,-0.00000202787578019,-0.000359423225746],[-0.000139988085721,-0.0000191884155356,0.0000966103252722,0.0032341030892,-0.000349321111571,0.000512328697369,0.000556617917027,-0.00137049879413,-0.000251069810474,0.00060110661434,0.00105563097168,-0.00057999859564,0.0000780094924266],[0.000253805803368,-0.000133050314616,0.000272411794867,-0.000349321111571,0.00356449768879,0.000498154899105,-0.000285350659396,-0.000916479504667,-0.00034708585008,-0.000428703933721,0.000840744643938,-0.000633951683994,-0.000272035511443],[0.0000795060623204,0.0000589953415329,-0.000239312750637,0.000512328697369,0.000498154899105,0.00505398726091,-0.000778480316512,0.000782602175605,-0.000308917311486,0.000176793211722,-0.00126510020345,0.000956953328568,-0.00151810445823],[0.000147889906657,-0.000199578789761,0.000105372193502,0.000556617917027,-0.000285350659396,-0.000778480316512,0.00627771485597,-0.000442641641712,-0.000761655566748,-0.00132565014064,0.000911709852517,-0.000559477310162,0.00185606640298],[0.0000048430147217,0.0000121535567814,-0.000187305922736,-0.00137049879413,-0.000916479504667,0.000782602175605,-0.000442641641712,0.00650791311637,0.0000386730098398,-0.000339945749147,-0.00103677809238,-0.000417283794377,-0.000198949652258],[0.0000498811095895,-0.000361452577636,-0.000626165303402,-0.000251069810474,-0.00034708585008,-0.000308917311486,-0.000761655566748,0.0000386730098398,0.00856701191515,-0.000302280037431,-0.000715023372322,0.000794860185124,0.00144081469625],[-0.000169905935763,-0.000215227657463,0.0000885264744284,0.00060110661434,-0.000428703933721,0.000176793211722,-0.00132565014064,-0.000339945749147,-0.000302280037431,0.00729876058176,-0.00156404660083,-0.000843417539727,-0.000563911511563],[0.0000640982034383,-0.000411778397392,-0.000248779047979,0.00105563097168,0.000840744643938,-0.00126510020345,0.000911709852517,-0.00103677809238,-0.000715023372322,-0.00156404660083,0.010302355513,-0.00154162652325,0.000380730110919],[-0.0000689729640726,0.000284112960799,-0.00000202787578019,-0.00057999859564,-0.000633951683994,0.000956953328568,-0.000559477310162,-0.000417283794377,0.000794860185124,-0.000843417539727,-0.00154162652325,0.0118582099676,-0.00108478008769],[0.000102190671896,0.000147476224811,-0.000359423225746,0.0000780094924266,-0.000272035511443,-0.00151810445823,0.00185606640298,-0.000198949652258,0.00144081469625,-0.000563911511563,0.000380730110919,-0.00108478008769,0.0107934214175]],"mean":[-674.084716797,112.345443726,-22.2622203827,15.6589288712,-17.0213413239,0.940150976181,-9.50827789307,-6.71606588364,-4.10658359528,1.0064946413,-5.22077226639,-2.13313674927,0.882287681103]},"pitch_salience":{"dmean":0.0644586384296,"dmean2":0.10047314316,"dvar":0.00419136788696,"dvar2":0.00967020075768,"max":0.848854184151,"mean":0.557474136353,"median":0.569023966789,"min":0.080976113677,"var":0.0142908729613},"silence_rate_20dB":{"dmean":0,"dmean2":0,"dvar":0,"dvar2":0,"max":1,"mean":1,"median":1,"min":1,"var":0},"silence_rate_30dB":{"dmean":0.000774693326093,"dmean2":0.00154958677012,"dvar":0.000774111715145,"dvar2":0.00180565647315,"max":1,"mean":0.999225378036,"median":1,"min":0,"var":0.000774011889007},"silence_rate_60dB":{"dmean":0.0118786310777,"dmean2":0.023760329932,"dvar":0.0117345331237,"dvar2":0.0252619273961,"max":1,"mean":0.192228242755,"median":0,"min":0,"var":0.155254364014},"spectral_centroid":{"dmean":227.384841919,"dmean2":323.439697266,"dvar":66388.2734375,"dvar2":128246.3125,"max":10991.1787109,"mean":1588.3260498,"median":1421.11035156,"min":281.772491455,"var":515051.46875},"spectral_complexity":{"dmean":2.65745639801,"dmean2":4.19783067703,"dvar":8.4759721756,"dvar2":19.5692195892,"max":50,"mean":18.7703323364,"median":20,"min":0,"var":106.910163879},"spectral_contrast_coeffs":{"dmean":[0.0432649254799,0.0470356121659,0.0355574898422,0.0282069128007,0.0214071255177,0.0196838807315],"dmean2":[0.0718289613724,0.0749793574214,0.056252527982,0.0451265648007,0.0328572578728,0.0271359328181],"dvar":[0.00122860993724,0.00173879961949,0.000957546988502,0.000604807399213,0.000351663300535,0.000343844498275],"dvar2":[0.00329235615209,0.00411020964384,0.00239104032516,0.00150098244194,0.000774208980147,0.000619700935204],"max":[-0.33373683691,-0.34313800931,-0.469548106194,-0.445199847221,-0.517872929573,-0.528114438057],"mean":[-0.623727619648,-0.686836123466,-0.739936292171,-0.749341964722,-0.75525611639,-0.722232699394],"median":[-0.612366080284,-0.691007196903,-0.750147938728,-0.755197286606,-0.765837848186,-0.724348664284],"min":[-0.970773398876,-0.964791238308,-0.951423585415,-0.95650935173,-0.966876506805,-0.958942890167],"var":[0.00871849153191,0.00879766605794,0.00555710820481,0.00449289288372,0.00456964317709,0.00415576156229]},"spectral_contrast_valleys":{"dmean":[0.398696482182,0.348471462727,0.285335808992,0.276511490345,0.229628428817,0.302556723356],"dmean2":[0.669664621353,0.569359123707,0.455947369337,0.442881375551,0.347944319248,0.40536737442],"dvar":[0.120971389115,0.108528524637,0.0866233482957,0.0952233597636,0.0725569203496,0.139343708754],"dvar2":[0.300456225872,0.247241690755,0.179913923144,0.202792108059,0.136608302593,0.272979795933],"max":[-6.20904111862,-4.55343532562,-5.28007125854,-5.55803346634,-5.98151254654,-7.63456630707],"mean":[-8.57598400116,-7.21559524536,-7.6329665184,-8.11434459686,-8.11588478088,-11.0107460022],"median":[-8.202003479,-6.59022378922,-6.98539543152,-7.69515991211,-7.58347463608,-10.735042572],"min":[-27.6256313324,-27.1514701843,-27.5700263977,-27.2236709595,-27.1780357361,-27.3373413086],"var":[1.81517601013,3.01330852509,2.79685878754,2.23079562187,2.52506160736,2.21970152855]},"spectral_decrease":{"dmean":1.51537637993e-9,"dmean2":2.14750750516e-9,"dvar":4.969787147e-18,"dvar2":9.98109462485e-18,"max":1.87794065373e-15,"mean":-5.17235276831e-9,"median":-4.43766445812e-9,"min":-3.21329203246e-8,"var":1.96350806765e-17},"spectral_energy":{"dmean":0.00608367007226,"dmean2":0.00862051267177,"dvar":0.0000778506218921,"dvar2":0.000156589027029,"max":0.12526679039,"mean":0.0214895941317,"median":0.0189880467951,"min":1.40767938972e-10,"var":0.000318374339258},"spectral_energyband_high":{"dmean":0.000482715549879,"dmean2":0.000709110638127,"dvar":0.00000139807866617,"dvar2":0.00000345812486557,"max":0.0227434448898,"mean":0.000993492547423,"median":0.000544019392692,"min":4.00245392385e-11,"var":0.00000222085463975},"spectral_energyband_low":{"dmean":0.00179259257857,"dmean2":0.00277652358636,"dvar":0.0000285087262455,"dvar2":0.0000647352062515,"max":0.0790559649467,"mean":0.00299009308219,"median":0.000470618717372,"min":1.33764674684e-11,"var":0.0000522267728229},"spectral_energyband_middle_high":{"dmean":0.00160751841031,"dmean2":0.00244897836819,"dvar":0.00000743610826248,"dvar2":0.0000181763716682,"max":0.0523808300495,"mean":0.0052303285338,"median":0.00398964481428,"min":4.36388338659e-12,"var":0.000023812697691},"spectral_energyband_middle_low":{"dmean":0.00479075033218,"dmean2":0.00702326186001,"dvar":0.0000601135616307,"dvar2":0.000125280537759,"max":0.123486578465,"mean":0.0127888442948,"median":0.00916488096118,"min":8.78211219024e-12,"var":0.000185131939361},"spectral_entropy":{"dmean":0.146172165871,"dmean2":0.213481903076,"dvar":0.0272785741836,"dvar2":0.0593663863838,"max":9.79853248596,"mean":7.37259197235,"median":7.41602230072,"min":4.93915176392,"var":0.227849841118},"spectral_flux":{"dmean":0.0192910321057,"dmean2":0.0304189361632,"dvar":0.000646606786177,"dvar2":0.00146735820454,"max":0.265076249838,"mean":0.0623977296054,"median":0.0579425469041,"min":0.0000519700770383,"var":0.0019384699408},"spectral_kurtosis":{"dmean":1.86238253117,"dmean2":3.15593147278,"dvar":5.02039146423,"dvar2":14.6074352264,"max":36.3786773682,"mean":4.96585083008,"median":3.76523661613,"min":-1.23969590664,"var":19.4850273132},"spectral_rms":{"dmean":0.000570593052544,"dmean2":0.000794186547864,"dvar":5.09123083248e-7,"dvar2":9.95236518975e-7,"max":0.0110549312085,"mean":0.00405419198796,"median":0.00430405884981,"min":3.70586803911e-7,"var":0.00000452908307125},"spectral_rolloff":{"dmean":534.871398926,"dmean2":885.075561523,"dvar":1384275.75,"dvar2":3358588.75,"max":22006.9335938,"mean":2317.09472656,"median":1571.92382812,"min":129.19921875,"var":9284316},"spectral_skewness":{"dmean":0.232206016779,"dmean2":0.368970513344,"dvar":0.0484841391444,"dvar2":0.127874329686,"max":4.458360672,"mean":1.46260428429,"median":1.37659049034,"min":-0.0513329580426,"var":0.292667388916},"spectral_spread":{"dmean":498020.46875,"dmean2":701412.8125,"dvar":680459304960,"dvar2":1383696302080,"max":40867500,"mean":4154479.25,"median":3786313,"min":1317184.75,"var":3455651938300},"spectral_strongpeak":{"dmean":0.692180871964,"dmean2":1.13825571537,"dvar":1.30571627617,"dvar2":3.46141266823,"max":14.3835296631,"mean":1.53999507427,"median":1.10003352165,"min":0,"var":2.47567033768},"zerocrossingrate":{"dmean":0.0108701679856,"dmean2":0.0127669405192,"dvar":0.000214340005186,"dvar2":0.000298325525364,"max":0.75390625,"mean":0.0841170698404,"median":0.0673828125,"min":0.0087890625,"var":0.0070392168127}},"metadata":{"audio_properties":{"analysis_sample_rate":44100,"bit_rate":0,"codec":"flac","downmix":"mix","equal_loudness":0,"length":179.826660156,"lossless":true,"md5_encoded":"6c46a33a00f929253d52f612fb0be732","replay_gain":-11.5303936005,"sample_rate":44100},"tags":{"acoustid_id":["3d07c1b2-4ab5-4488-bcfd-6dfa00bfc438"],"album":["Revolver"],"album artist":["The Beatles"],"albumartist":["The Beatles"],"albumartistsort":["Beatles, The"],"artist":["The Beatles"],"artistsort":["Beatles, The"],"catalognumber":["PMC 7009"],"composer":["George Harrison"],"date":["1966-08-05"],"disc":["1"],"discnumber":["1"],"disctotal":["1"],"encoder":["reference libFLAC 1.2.0 20070715"],"engineer":["Geoff Emerick"],"ensemble":["The Beatles"],"file_name":"04. The Beatles - Love You To.flac","genre":["Classic Rock"],"label":["Parlophone"],"language":["eng"],"lyricist":["George Harrison"],"media":["12\" Vinyl"],"musicbrainz_albumartistid":["b10bbbfc-cf9e-42e0-be17-e2c3e1d2600d"],"musicbrainz_albumid":["5f3ba07b-4a24-4cd5-b8ad-95ba0fcebec1"],"musicbrainz_artistid":["b10bbbfc-cf9e-42e0-be17-e2c3e1d2600d"],"musicbrainz_recordingid":["70ad83b7-a623-44e5-b136-c9744e7f362d"],"musicbrainz_workid":["256d5abe-eb18-3ec2-ab92-ed3f8359e226"],"originaldate":["1966-08-05"],"performer":["George Harrison (lead vocals vocal)"],"producer":["George Martin"],"releasecountry":["GB"],"releasestatus":["official"],"releasetype":["album"],"replaygain_album_gain":["-7.28000020980835 dB"],"replaygain_track_gain":["-6.46999979019165 dB"],"replaygain_track_peak":["0.958160400390625"],"script":["Latn"],"title":["Love You To"],"totaldiscs":["1"],"totaltracks":["14"],"tracknumber":["4"],"tracktotal":["14"]},"version":{"essentia":"2.1-beta1","essentia_build_sha":"ca57ba49d