{"lowlevel":{"average_loudness":0.676633954048,"barkbands":{"dmean":[0.00106665457133,0.00219403509982,0.000634786149021,0.000740687188227,0.00244248402305,0.00158392812591,0.000541342480574,0.000582520733587,0.000772883649915,0.000400544115109,0.00020128635515,0.000164795637829,0.000384129583836,0.000150843843585,0.000252569734585,0.0000994092260953,0.0000496666580148,0.0000407624538639,0.000209650592296,0.0000246453528234,0.0000183676838788,0.00000872430973686,0.00000606204775977,0.00000418157242166,0.00000114852923616,0.00000365391724699,0.0000263278325292],"dmean2":[0.0016170355957,0.00336364423856,0.0010353323305,0.00122430699412,0.00372601626441,0.00246146856807,0.000847596558742,0.00092121824855,0.00119357113726,0.000615140015725,0.00031851575477,0.000261104665697,0.000612846575677,0.000236529536778,0.000405709171901,0.000152460139361,0.0000812818834675,0.0000636201366433,0.000319261627737,0.0000373947623302,0.0000280943677353,0.0000134526899274,0.00000936421020015,0.00000669096789352,0.0000018709830556,0.00000572482758798,0.0000377874021069],"dvar":[0.00000680390439811,0.000017038822989,0.00000143802640196,0.00000279704840978,0.0000491853461426,0.0000254254937317,0.0000062118929236,0.00000513807390234,0.000011711267689,0.00000471366001875,0.00000102913702449,4.90727757096e-7,0.000011602248378,5.02246052747e-7,0.00000339607800015,3.35911153115e-7,4.0602600393e-8,7.41839301099e-8,0.00000660128307572,2.57113601521e-8,1.59996513815e-8,4.10914902105e-9,3.00338842685e-9,1.54642088024e-9,8.82428765475e-12,1.00400010528e-9,3.96271389036e-8],"dvar2":[0.0000144543109855,0.0000394359085476,0.00000360368107977,0.00000675161481922,0.000102671125205,0.0000544738941244,0.0000159156752488,0.0000120739714475,0.0000262879966613,0.0000100632532849,0.00000233908372138,0.00000119227399864,0.0000269988049695,0.00000120441700346,0.00000780669961387,7.94436346041e-7,1.02396917612e-7,1.75553509507e-7,0.0000159484516189,5.91631383884e-8,3.69347823437e-8,9.64610613607e-9,7.03375890865e-9,3.71554853551e-9,2.05799596115e-11,2.35177832764e-9,8.57212967276e-8],"max":[0.0969987660646,0.0844931527972,0.0364343114197,0.0549519658089,0.237702310085,0.182823032141,0.135058224201,0.109296493232,0.13418392837,0.198385283351,0.0513500086963,0.0306255593896,0.149617031217,0.0328813605011,0.0925694257021,0.0280840322375,0.00732072349638,0.0197573583573,0.223569080234,0.00802174583077,0.00541420513764,0.00252529187128,0.00384101131931,0.00243462831713,0.0000772571729613,0.00220106448978,0.0153588326648],"mean":[0.00173669913784,0.00468376791105,0.000875233381521,0.000970413442701,0.00339156505652,0.00221722153947,0.000732178799808,0.000718840979971,0.0010172323091,0.000494353764225,0.000243872083956,0.00021063395252,0.000450776482467,0.000197806453798,0.000305649358779,0.000130975575303,0.0000606222420174,0.0000607171132287,0.000249002128839,0.0000350869850081,0.0000258110085269,0.0000118071575343,0.00000661643434796,0.00000409086942454,0.00000109832433282,0.00000379218658964,0.0000388358639611],"median":[0.000232411082834,0.00127101526596,0.000349842885043,0.000271492288448,0.000688931089826,0.000230282457778,0.0000949474342633,0.0000738538510632,0.0000684434780851,0.0000410691609432,0.0000285108799289,0.0000328927599185,0.00002569804019,0.0000257655374298,0.0000192903480638,0.00000954383358476,0.00000640413736619,0.00000501932709085,0.00000386606825487,0.00000251760684478,0.00000161357502293,9.96027438305e-7,5.32205717718e-7,2.37905112499e-7,1.3872869431e-7,2.96909718145e-7,0.00000272559918812],"min":[8.81580953615e-25,2.11702006019e-24,1.71592728281e-24,1.70672383984e-24,1.09854892172e-23,8.33135565754e-24,4.1683851994e-24,5.09223795487e-24,1.20085992128e-23,1.2518410828e-23,9.39175116381e-24,1.92791878106e-23,1.84140992761e-23,2.05142189775e-23,4.81791275837e-23,4.08602464991e-23,5.52064551442e-23,8.43376747353e-23,1.22559146796e-22,1.77128795553e-22,2.61066940638e-22,2.85465259855e-22,3.82739256316e-22,5.69874481083e-22,9.16949197035e-22,1.27970293369e-21,1.82373897633e-21],"var":[0.0000169199483935,0.0000570366210013,0.00000243082195084,0.00000498527424497,0.0000895234115887,0.0000574202422285,0.00000955356881605,0.0000083420163719,0.000021916024707,0.00000847156115924,0.00000151079757416,7.54838424655e-7,0.0000151688755068,7.4664302474e-7,0.0000049513500926,4.86914245812e-7,5.339861886e-8,1.28529123344e-7,0.00000780523714639,4.24229504858e-8,2.69484274895e-8,5.95238391909e-9,3.33196026325e-9,1.5410070997e-9,9.8042381505e-12,1.07628883583e-9,6.67957564815e-8]},"barkbands_crest":{"dmean":3.09815430641,"dmean2":5.04663181305,"dvar":7.07521104813,"dvar2":17.4652194977,"max":25.8636837006,"mean":11.8204965591,"median":11.1561460495,"min":2.58950161934,"var":21.8295612335},"barkbands_flatness_db":{"dmean":0.037067797035,"dmean2":0.0575330220163,"dvar":0.0011830086587,"dvar2":0.00268498552032,"max":0.560954213142,"mean":0.205770045519,"median":0.199586689472,"min":0.0278939735144,"var":0.00635162182152},"barkbands_kurtosis":{"dmean":9.1234254837,"dmean2":14.4456758499,"dvar":251.924133301,"dvar2":585.634338379,"max":282.875,"mean":16.3286705017,"median":6.47145223618,"min":-1.85019028187,"var":745.397216797},"barkbands_skewness":{"dmean":0.868917286396,"dmean2":1.34999787807,"dvar":0.819600224495,"dvar2":1.86392939091,"max":14.4314403534,"mean":2.29859042168,"median":1.88851583004,"min":-2.67255830765,"var":3.93024682999},"barkbands_spread":{"dmean":3.79312682152,"dmean2":5.85902643204,"dvar":30.7654781342,"dvar2":70.8082962036,"max":126.441696167,"mean":11.1178264618,"median":7.10856533051,"min":0.250548601151,"var":138.986404419},"dissonance":{"dmean":0.024530088529,"dmean2":0.0414666719735,"dvar":0.000673009490129,"dvar2":0.00181371788494,"max":0.500000298023,"mean":0.458368569613,"median":0.468297660351,"min":0.172426104546,"var":0.0013601386454},"dynamic_complexity":7.35467815399,"erbbands":{"dmean":[0.103662796319,0.383821874857,0.659564912319,1.6701015234,4.4838924408,9.87226009369,14.3752689362,10.6494674683,7.75885105133,9.30150222778,14.2445726395,16.9741725922,13.5327320099,10.4967632294,7.26998806,6.49388170242,15.2890481949,10.6686706543,11.1610765457,9.54216766357,3.90547895432,2.84973311424,1.98514807224,5.92374801636,9.35629272461,1.27839410305,0.93796235323,0.494236379862,0.31126794219,0.249652773142,0.161346271634,0.10739967972,0.054329149425,0.0143774682656,0.00817537307739,0.00766786141321,0.00807202141732,0.00400401419029,0.00252708490007,0.000558047089726],"dmean2":[0.156711906195,0.592669785023,1.06072235107,2.74692130089,7.02948951721,15.080083847,22.3982791901,16.5285511017,11.9277849197,14.4674329758,21.982011795,26.2935256958,20.6833133698,16.2363014221,11.255440712,10.0918416977,24.0783901215,16.235994339,17.7511367798,14.8712787628,5.80866193771,4.61271619797,3.00256538391,8.89109325409,14.3454666138,1.88413929939,1.43116152287,0.745240807533,0.475675612688,0.379762947559,0.249039068818,0.171308517456,0.0883851721883,0.023440072313,0.0132999531925,0.0124925235286,0.0127553148195,0.00592374242842,0.00365475518629,0.000800379668362],"dvar":[0.0503176003695,0.526583194733,1.34701740742,12.5382223129,146.735076904,1096.32019043,1979.42883301,1388.36328125,1012.17913818,2422.0625,3567.77416992,6198.56347656,4742.65234375,3100.72363281,1081.70446777,787.233215332,17484.7578125,4645.83447266,4452.24658203,3852.55297852,346.959625244,133.114608765,112.976730347,3086.21606445,14305.4541016,73.7024078369,46.5432281494,10.5874977112,4.79266643524,3.94392204285,2.09188771248,1.00690233707,0.24564114213,0.00178517797031,0.000439983909018,0.00240495754406,0.00537197152153,0.000948069558945,0.000418356008595,0.0000191305844055],"dvar2":[0.117036290467,1.24492323399,3.38186359406,30.2986907959,321.634887695,2270.97558594,4147.54003906,3291.78955078,2384.87011719,5730.56933594,8345.49902344,13790.8984375,10276.6513672,6962.98486328,2289.08959961,1958.53149414,39601.890625,10660.5341797,10088.5205078,8451.18554688,722.792175293,329.863128662,244.136764526,7323.60595703,34315.1289062,159.164291382,109.895996094,24.3346271515,11.3699636459,9.25497627258,4.83659648895,2.42460751534,0.601706445217,0.00416730903089,0.00102116330527,0.00585971446708,0.0127783380449,0.00216861790977,0.000903564388864,0.0000420854557888],"max":[5.01255512238,16.6881599426,28.2389659882,126.862716675,365.504943848,1177.35583496,1630.5423584,1165.63330078,1512.86694336,3612.84692383,2553.25146484,2961.81420898,6672.95898438,3207.4765625,2058.19848633,1585.5300293,7336.06152344,2435.96704102,2762.39794922,3062.57324219,830.639465332,413.575134277,660.252258301,4005.77661133,10529.3476562,467.893585205,334.113128662,132.351882935,82.9630737305,78.4753417969,105.83429718,61.0960731506,28.2961845398,1.46062123775,0.55493915081,2.49066185951,4.54711389542,1.65164041519,1.56049311161,0.350260108709],"mean":[0.219119846821,0.733047366142,1.03070020676,2.42052841187,6.05231523514,13.0521936417,19.0559158325,14.9404649734,11.1599254608,12.2992610931,18.3810901642,22.2711162567,17.3646450043,13.5624771118,9.39223957062,8.8403711319,18.8156776428,13.7806653976,14.1746816635,12.4090662003,5.59917449951,3.5662176609,3.05716896057,7.6522321701,11.2363471985,1.8692356348,1.29958832264,0.722793161869,0.426738023758,0.305161714554,0.175403088331,0.108981311321,0.0517658889294,0.0140858981758,0.00790483038872,0.00745745422319,0.00836232677102,0.0051535028033,0.00374028086662,0.000835026439745],"median":[0.0389484576881,0.227980211377,0.458341002464,0.848385810852,1.47606039047,2.29277062416,2.26923084259,1.76828789711,1.44839787483,1.48894524574,1.73893725872,1.59549772739,1.37717187405,1.33918595314,1.31620407104,1.3701775074,1.27904343605,1.34595489502,1.29761219025,0.788477420807,0.507645249367,0.373654961586,0.289796769619,0.228162288666,0.174064964056,0.120292395353,0.0779102891684,0.0558673292398,0.0378651469946,0.0232666060328,0.0142371486872,0.00708366837353,0.00306901847944,0.00174005143344,0.00102175865322,0.000677347823512,0.000588287832215,0.000425581180025,0.000212190614548,0.0000810602214187],"min":[8.65483911578e-23,4.35727333621e-22,2.43524476496e-21,3.44921754245e-21,1.23485383095e-20,2.725058317e-20,3.83493695118e-20,8.75667484368e-20,6.41844592456e-20,1.9476502605e-19,2.00196436124e-19,3.64531697561e-19,6.24328370901e-19,4.88211096516e-19,8.26157286738e-19,9.6683610031e-19,1.20759446222e-18,1.87696566091e-18,1.72422614041e-18,3.15310061887e-18,3.32715513619e-18,4.29224061213e-18,5.5844518253e-18,3.93970243891e-18,6.81373899569e-18,7.77578396249e-18,1.00432225063e-17,9.91821318187e-18,1.06289151836e-17,1.00676251616e-17,1.01994620348e-17,1.07512626409e-17,8.62325945137e-18,7.0291111846e-18,6.92293841707e-18,3.72061496828e-18,2.33460457557e-18,9.81335232279e-19,2.53484483934e-19,2.65595367761e-20],"var":[0.138683751225,1.81077921391,2.57617998123,24.843328476,253.905044556,1914.17529297,4072.08056641,2627.73535156,1998.63391113,3561.16601562,5981.53613281,10884.4775391,8346.73046875,4843.95410156,1846.4263916,1259.07373047,24488.3867188,6722.41748047,6590.68554688,6449.86572266,655.567382812,184.079238892,238.097503662,4688.99267578,16636.3417969,132.179595947,70.911277771,18.6485729218,6.91902589798,5.1333770752,2.37219572067,1.02483165264,0.232001870871,0.00200588884763,0.000498374574818,0.00232696975581,0.00562791200355,0.00132169970311,0.000713459332474,0.0000307154550683]},"erbbands_crest":{"dmean":3.03847360611,"dmean2":5.01356554031,"dvar":7.94892024994,"dvar2":20.2178020477,"max":32.0412139893,"mean":9.49725246429,"median":8.43044090271,"min":1.91446197033,"var":20.9915447235},"erbbands_flatness_db":{"dmean":0.0315904654562,"dmean2":0.0499129481614,"dvar":0.000812402751762,"dvar2":0.00197152979672,"max":0.406844586134,"mean":0.181518390775,"median":0.177223652601,"min":0.0383081622422,"var":0.00307959737256},"erbbands_kurtosis":{"dmean":1.88898468018,"dmean2":3.02876520157,"dvar":10.8076448441,"dvar2":25.6539955139,"max":116.597015381,"mean":1.97661912441,"median":0.567866325378,"min":-1.77897691727,"var":22.9851360321},"erbbands_skewness":{"dmean":0.501301765442,"dmean2":0.777924418449,"dvar":0.232302233577,"dvar2":0.533882856369,"max":9.2845954895,"mean":0.647116005421,"median":0.56162571907,"min":-5.22265815735,"var":1.1521923542},"erbbands_spread":{"dmean":6.97698116302,"dmean2":10.9566459656,"dvar":50.1534614563,"dvar2":116.284675598,"max":139.206390381,"mean":26.3344173431,"median":24.0936069489,"min":1.18504989147,"var":237.038040161},"gfcc":{"cov":[[19350.4746094,1460.16040039,-1912.47558594,-855.120117188,-50.6403312683,-662.161254883,-148.710800171,-90.3351898193,-19.8077888489,109.845085144,131.983108521,-172.716369629,280.702270508],[1460.16040039,1937.79174805,378.899200439,-387.355041504,-198.87701416,-56.5580291748,-25.7154903412,-33.3470535278,-14.5759992599,-76.8221054077,-41.887298584,-38.782535553,82.6896438599],[-1912.47558594,378.899200439,1169.0447998,239.773574829,-272.738098145,414.173217773,-154.286880493,234.716308594,-160.207717896,50.4455184937,-94.4158935547,15.9100856781,3.11266136169],[-855.120117188,-387.355041504,239.773574829,443.839996338,178.496841431,104.350845337,46.319934845,18.1955432892,2.9254553318,15.6227369308,-20.6302871704,10.2677307129,-61.2094802856],[-50.6403312683,-198.87701416,-272.738098145,178.496841431,372.80368042,-32.734790802,145.230895996,-94.8853378296,82.2321548462,-20.0985393524,46.6021308899,-12.631444931,-15.597820282],[-662.161254883,-56.5580291748,414.173217773,104.350845337,-32.734790802,373.511810303,-15.3424959183,140.951339722,-101.984970093,32.8066101074,-22.3354930878,24.4733257294,7.58117294312],[-148.710800171,-25.7154903412,-154.286880493,46.319934845,145.230895996,-15.3424959183,210.80078125,-21.5816001892,79.8721694946,-25.5703258514,33.3604431152,23.5010089874,-6.98824548721],[-90.3351898193,-33.3470535278,234.716308594,18.1955432892,-94.8853378296,140.951339722,-21.5816001892,214.435058594,-1.07650053501,62.6297492981,4.67642641068,24.2934494019,38.9245567322],[-19.8077888489,-14.5759992599,-160.207717896,2.9254553318,82.2321548462,-101.984970093,79.8721694946,-1.07650053501,161.890441895,51.0631942749,49.722820282,19.7672271729,0.39766305685],[109.845085144,-76.8221054077,50.4455184937,15.6227369308,-20.0985393524,32.8066101074,-25.5703258514,62.6297492981,51.0631942749,105.782699585,55.3340301514,15.6675081253,12.8822622299],[131.983108521,-41.887298584,-94.4158935547,-20.6302871704,46.6021308899,-22.3354930878,33.3604431152,4.67642641068,49.722820282,55.3340301514,92.9577636719,40.5224075317,11.8042640686],[-172.716369629,-38.782535553,15.9100856781,10.2677307129,-12.631444931,24.4733257294,23.5010089874,24.2934494019,19.7672271729,15.6675081253,40.5224075317,79.133895874,35.9159545898],[280.702270508,82.6896438599,3.11266136169,-61.2094802856,-15.597820282,7.58117294312,-6.98824548721,38.9245567322,0.39766305685,12.8822622299,11.8042640686,35.9159545898,93.8062973022]],"icov":[[0.000142482109368,-0.000374524621293,0.000893611053471,-0.000809376244433,0.000620367878582,-0.000290200900054,0.000129513457068,-0.000257266743574,0.000460199371446,-0.000459818926174,-0.000234567603911,0.000633763440419,-0.000562926521525],[-0.000374524621293,0.00224333908409,-0.00405373703688,0.00422887457535,-0.00258580432273,0.00163820944726,-0.000809105753433,0.00128238496836,-0.00182041258086,0.00210826005787,0.000361026468454,-0.00111830385868,0.000983294681646],[0.000893611053471,-0.00405373703688,0.0114525752142,-0.012605343014,0.0112123126164,-0.00769864115864,0.00302653713152,-0.00159888237249,-0.000401490164222,0.00207620579749,-0.00706130312756,0.00974938832223,-0.00745796831325],[-0.000809376244433,0.00422887457535,-0.012605343014,0.0222560781986,-0.0213648770005,0.012393746525,-0.00487701036036,-0.00177179195452,0.00937830191106,-0.0173257943243,0.0246527865529,-0.0251490101218,0.0183187834918],[0.000620367878582,-0.00258580432273,0.0112123126164,-0.0213648770005,0.0279339402914,-0.0158380400389,0.00338407815434,0.0058959024027,-0.0164978839457,0.0257686432451,-0.0328165851533,0.0330193005502,-0.0221409611404],[-0.000290200900054,0.00163820944726,-0.00769864115864,0.012393746525,-0.0158380400389,0.0165039580315,-0.00598086370155,-0.00539720663801,0.0160602666438,-0.0206522122025,0.0216747391969,-0.0213850848377,0.0138218551874],[0.000129513457068,-0.000809105753433,0.00302653713152,-0.00487701036036,0.00338407815434,-0.00598086370155,0.0117892269045,-0.000396618939703,-0.010110668838,0.0144678242505,-0.0112640680745,0.00603114441037,-0.00370388175361],[-0.000257266743574,0.00128238496836,-0.00159888237249,-0.00177179195452,0.0058959024027,-0.00539720663801,-0.000396618939703,0.0118983332068,-0.00800819136202,0.00519862491637,-0.00699816038832,0.00778590608388,-0.00779417296872],[0.000460199371446,-0.00182041258086,-0.000401490164222,0.00937830191106,-0.0164978839457,0.0160602666438,-0.010110668838,-0.00800819136202,0.0353419110179,-0.0402247868478,0.0313575938344,-0.0277790594846,0.0169530604035],[-0.000459818926174,0.00210826005787,0.00207620579749,-0.0173257943243,0.0257686432451,-0.0206522122025,0.0144678242505,0.00519862491637,-0.0402247868478,0.0730917453766,-0.0621003210545,0.0459257215261,-0.0266184676439],[-0.000234567603911,0.000361026468454,-0.00706130312756,0.0246527865529,-0.0328165851533,0.0216747391969,-0.0112640680745,-0.00699816038832,0.0313575938344,-0.0621003210545,0.0771101489663,-0.0583848245442,0.0326064713299],[0.000633763440419,-0.00111830385868,0.00974938832223,-0.0251490101218,0.0330193005502,-0.0213850848377,0.00603114441037,0.00778590608388,-0.0277790594846,0.0459257215261,-0.0583848245442,0.0674029886723,-0.0378559567034],[-0.000562926521525,0.000983294681646,-0.00745796831325,0.0183187834918,-0.0221409611404,0.0138218551874,-0.00370388175361,-0.00779417296872,0.0169530604035,-0.0266184676439,0.0326064713299,-0.0378559567034,0.035812843591]],"mean":[-137.577041626,129.848220825,-83.6834182739,7.55738687515,-23.9333152771,-5.58100700378,-14.2437734604,-12.1283817291,-8.59214019775,-3.90122485161,-8.55337524414,-1.14317810535,-8.07136631012]},"hfc":{"dmean":4.74658298492,"dmean2":6.62493181229,"dvar":376.80847168,"dvar2":751.135498047,"max":1183.68017578,"mean":8.92617034912,"median":2.35113191605,"min":1.05200287674e-16,"var":787.760803223},"melbands":{"dmean":[0.000758067180868,0.000373862858396,0.000333072734065,0.000509412959218,0.000483029027237,0.00025152033777,0.000113750567834,0.00010404153727,0.000128544925246,0.000106902247353,0.0000684557890054,0.0000450625338999,0.0000262175326498,0.0000186968136404,0.0000185244280146,0.0000449147082691,0.0000165610072145,0.0000163125459949,0.0000209487388929,0.00000889389139047,0.00000373355942429,0.00000329875661009,0.00000188414014701,0.00000202994647225,0.00000446736885351,0.0000116265482575,0.00000191571893993,5.89970568399e-7,6.31907767001e-7,4.61063365265e-7,2.49334817681e-7,1.88688346725e-7,1.58953369578e-7,1.35320718186e-7,1.05049764443e-7,6.67619772798e-8,6.65920509846e-8,4.5332868126e-8,1.7248686035e-8,1.05956008412e-8],"dmean2":[0.00113793171477,0.000589744420722,0.000539165688679,0.000778165878728,0.000746222154703,0.00038899059291,0.000175201610546,0.000162678625202,0.000198717665626,0.000165963923791,0.000105372397229,0.0000704116246197,0.0000410355314671,0.0000295652716886,0.0000289754916594,0.000072296745202,0.0000253484540735,0.0000261835375568,0.0000341317499988,0.000013844134628,0.00000558958936381,0.00000548270827494,0.00000294427945846,0.00000318394904752,0.00000683557391312,0.0000179426806426,0.0000029776140309,9.11843073936e-7,9.8348721167e-7,7.03418606918e-7,3.88788009786e-7,2.95591775057e-7,2.47436645395e-7,2.08032119531e-7,1.63149806554e-7,1.09573250029e-7,1.06218614349e-7,7.38895380437e-8,2.82655427952e-8,1.72564806888e-8],"dvar":[0.00000236154915001,4.1448336674e-7,5.06969399794e-7,0.0000022550907488,0.00000208540518543,7.1442167382e-7,2.14564281009e-7,2.41032836357e-7,3.21073628129e-7,2.33226742807e-7,1.24467504747e-7,5.99599090378e-8,1.63123772268e-8,6.27383744956e-9,9.14742948055e-9,1.83310049806e-7,8.10007350083e-9,7.90897836112e-9,2.78085217076e-8,2.96454838455e-9,2.90759416544e-10,1.82334633503e-10,7.57143722718e-11,1.73652203728e-10,1.63025970501e-9,2.74210254503e-8,2.79521517044e-10,1.38734423255e-11,2.40635827237e-11,1.06669803199e-11,3.19819583143e-12,2.08068805241e-12,1.35405488905e-12,1.38994783565e-12,1.10675162611e-12,3.1796903977e-13,4.71223700251e-13,1.98072840681e-13,9.08846701239e-15,7.50957546998e-16],"dvar2":[0.0000053749977269,0.00000101085049664,0.00000119953688227,0.00000467883091915,0.00000437993321611,0.00000165782500972,5.13964948823e-7,5.50848653802e-7,7.52289338379e-7,5.25561517861e-7,2.69696272426e-7,1.3454680925e-7,3.66410262131e-8,1.42380107704e-8,2.37820714233e-8,4.31512063415e-7,1.88175679483e-8,1.83801063258e-8,6.58643770635e-8,7.15701675702e-9,5.98442240207e-10,4.74572936504e-10,1.73420861005e-10,3.91104287845e-10,3.99836119769e-9,6.76152680512e-8,6.53241849502e-10,3.3419884915e-11,6.06053332519e-11,2.29703183557e-11,8.04960091638e-12,5.22662989277e-12,3.03844558021e-12,3.33208243983e-12,2.53531679158e-12,8.23303719037e-13,1.11376532996e-12,4.89668039189e-13,2.33010564511e-14,1.75129059339e-15],"max":[0.032333560288,0.0155765973032,0.0192998461425,0.0585710294545,0.0466111414135,0.027770223096,0.0207872334868,0.0334977917373,0.0229350291193,0.016526998952,0.0345864482224,0.0141768651083,0.00762842362747,0.00448232656345,0.00416745990515,0.0184089764953,0.00334610673599,0.00351921119727,0.00927499495447,0.00278914859518,0.00112789939158,0.000513434002642,0.000455294473795,0.000898344791494,0.00213358039036,0.0148866223171,0.00091972440714,0.00027102814056,0.000280054635368,0.00020123415743,0.0000851976510603,0.0000639146528556,0.0000495959102409,0.0000641799269943,0.0000905951819732,0.000021541121896,0.0000479581103718,0.000025941288186,0.00000532685817234,7.13075451131e-7],"mean":[0.00170140108094,0.000679422460962,0.00049444148317,0.000695136841387,0.000658008852042,0.000357621582225,0.000162674594321,0.000135479334858,0.000162391734193,0.000137653609272,0.0000855807084008,0.0000564408946957,0.000032383519283,0.0000236710930039,0.0000243706799665,0.0000513506856805,0.0000212699505937,0.0000204324096558,0.0000248123978963,0.0000114261702038,0.0000052312934713,0.00000382138068744,0.00000260540264208,0.00000297858377962,0.00000570466636418,0.0000127630601128,0.00000259779199041,8.11243069165e-7,8.24873950478e-7,6.4414712142e-7,3.41415500316e-7,2.42581961629e-7,2.14550581745e-7,1.51021922079e-7,1.10375786733e-7,7.03991815953e-8,6.58345129523e-8,4.26342907645e-8,1.62262914216e-8,1.01350403625e-8],"median":[0.00037753052311,0.000299244100461,0.000173725435161,0.000141248907312,0.0000885231856955,0.0000404787642765,0.0000213257408177,0.0000160649215104,0.0000135759692057,0.00000957683550951,0.00000644946703687,0.00000526326948602,0.00000412063036492,0.00000379255288863,0.00000301572572425,0.00000242654186877,0.00000233748369283,0.00000206843606065,0.00000133371520405,7.21960191186e-7,5.27387101101e-7,3.82104303753e-7,2.94139113066e-7,2.25380176744e-7,1.75433257255e-7,1.34868130885e-7,9.90409105839e-8,7.17041217513e-8,4.98576611108e-8,3.84219660532e-8,2.91359505411e-8,2.22909424252e-8,1.56722830269e-8,1.13397486956e-8,8.36837799056e-9,6.29170759936e-9,3.26113536175e-9,2.14418349742e-9,1.65958247145e-9,1.28185584369e-9],"min":[9.64553146411e-25,1.05367520022e-24,1.01975092724e-24,1.70467635136e-24,1.46348725719e-24,1.8237781764e-24,7.94191583484e-25,1.84553614346e-24,1.87084240687e-24,1.48753252644e-24,2.79884890944e-24,1.76491751717e-24,2.21782445375e-24,3.00275978989e-24,2.15622329174e-24,2.9276767978e-24,2.48257209e-24,1.96660913469e-24,3.46494175856e-24,2.70122559748e-24,2.98588704121e-24,3.71244016226e-24,4.14670927388e-24,3.96248461453e-24,2.8001668988e-24,4.93731119511e-24,5.02684730229e-24,4.65817591925e-24,4.43315019059e-24,4.54950441309e-24,4.26023188016e-24,5.83733719581e-24,4.74237774898e-24,5.00608566655e-24,5.27780722763e-24,6.27275883321e-24,6.16462730234e-24,5.85698653767e-24,5.50930713774e-24,5.52702929241e-24],"var":[0.00000769444159232,0.0000010988055692,9.96843937173e-7,0.00000408230835092,0.0000040997947508,0.00000146283059621,4.160362721e-7,3.870278249e-7,5.44956321846e-7,4.02178898185e-7,2.19457319872e-7,9.17712412729e-8,2.48103102507e-8,9.60193879962e-9,1.41989575653e-8,2.30043468719e-7,1.1817522072e-8,1.11907834111e-8,3.87764416132e-8,4.23737223088e-9,5.3885773621e-10,2.14733328341e-10,1.31023789041e-10,3.33435501432e-10,2.51582354949e-9,2.84130852179e-8,4.52573534204e-10,1.9236242807e-11,3.07290339008e-11,1.96860704821e-11,4.29617409356e-12,2.42513517948e-12,2.29480974154e-12,1.55318097793e-12,1.22402988353e-12,2.95204372015e-13,4.80156929841e-13,1.83047370664e-13,7.82618209198e-15,8.34539317161e-16]},"melbands_crest":{"dmean":4.15450239182,"dmean2":6.71115636826,"dvar":14.2215147018,"dvar2":32.2803535461,"max":39.2925987244,"mean":17.553604126,"median":15.9985370636,"min":1.59487223625,"var":61.9025993347},"melbands_flatness_db":{"dmean":0.0430096648633,"dmean2":0.0663674101233,"dvar":0.00153960986063,"dvar2":0.00346060842276,"max":0.698741793633,"mean":0.318192183971,"median":0.318429768085,"min":0.00371500407346,"var":0.0102974325418},"melbands_kurtosis":{"dmean":14.9814596176,"dmean2":23.6971435547,"dvar":1159.27441406,"dvar2":2661.35131836,"max":1933.69189453,"mean":28.509311676,"median":10.2246799469,"min":-1.86888480186,"var":3538.62841797},"melbands_skewness":{"dmean":1.02960383892,"dmean2":1.59443151951,"dvar":1.2997906208,"dvar2":2.78361105919,"max":28.9986724854,"mean":3.10174918175,"median":2.5008430481,"min":-2.22065544128,"var":6.77040863037},"melbands_spread":{"dmean":4.57921743393,"dmean2":7.10717868805,"dvar":56.9537849426,"dvar2":128.815460205,"max":207.533813477,"mean":13.1980991364,"median":7.13605690002,"min":0.0721095427871,"var":358.222290039},"mfcc":{"cov":[[12164.9482422,1497.19372559,-2090.48510742,91.3111953735,-635.832397461,-147.134078979,-446.261810303,-157.921447754,-213.762481689,109.823532104,-6.81365871429,10.1948270798,-58.1266517639],[1497.19372559,2024.57470703,353.775268555,-235.074371338,-136.664367676,-140.280654907,-58.9840660095,-56.4262199402,24.1595916748,-80.0318603516,-7.51216411591,-56.1933021545,-35.2820281982],[-2090.48510742,353.775268555,1446.27880859,-113.014686584,143.93611145,-0.0539617687464,146.230178833,61.0416145325,91.0087966919,-35.86120224,3.43581628799,-12.0069580078,-14.5370635986],[91.3111953735,-235.074371338,-113.014686584,352.929290771,98.5119476318,79.7024765015,0.704960107803,16.4684143066,9.74967861176,38.8549499512,15.0842475891,8.28451156616,19.3870754242],[-635.832397461,-136.664367676,143.93611145,98.5119476318,213.79548645,104.654563904,74.2037658691,22.5413799286,25.3092956543,13.1088924408,14.6658639908,10.4277076721,18.352935791],[-147.134078979,-140.280654907,-0.0539617687464,79.7024765015,104.654563904,188.075500488,100.888290405,43.5625572205,0.507069170475,22.3038787842,-2.50402665138,-4.52009057999,9.67318439484],[-446.261810303,-58.9840660095,146.230178833,0.704960107803,74.2037658691,100.888290405,161.859924316,87.1315536499,28.6847400665,0.518246352673,-4.56953191757,-2.39262509346,13.153465271],[-157.921447754,-56.4262199402,61.0416145325,16.4684143066,22.5413799286,43.5625572205,87.1315536499,115.034675598,54.4374732971,10.592666626,-3.32520961761,7.19919347763,16.0549621582],[-213.762481689,24.1595916748,91.0087966919,9.74967861176,25.3092956543,0.507069170475,28.6847400665,54.4374732971,98.5057220459,25.1380672455,2.55518627167,9.08546066284,15.7311162949],[109.823532104,-80.0318603516,-35.86120224,38.8549499512,13.1088924408,22.3038787842,0.518246352673,10.592666626,25.1380672455,85.7403106689,47.2237854004,18.1049823761,8.46799182892],[-6.81365871429,-7.51216411591,3.43581628799,15.0842475891,14.6658639908,-2.50402665138,-4.56953191757,-3.32520961761,2.55518627167,47.2237854004,82.0922546387,43.7304077148,14.2403936386],[10.1948270798,-56.1933021545,-12.0069580078,8.28451156616,10.4277076721,-4.52009057999,-2.39262509346,7.19919347763,9.08546066284,18.1049823761,43.7304077148,86.1863937378,44.6165008545],[-58.1266517639,-35.2820281982,-14.5370635986,19.3870754242,18.352935791,9.67318439484,13.153465271,16.0549621582,15.7311162949,8.46799182892,14.2403936386,44.6165008545,68.6614990234]],"icov":[[0.000176421759534,-0.00020370776474,0.000216468091821,-0.00011851250747,0.000273759680567,-0.000140312200529,0.00024580815807,-0.000266255723545,0.000372220645659,-0.000523210386746,0.000409792963183,-0.000377401331207,0.000225224925089],[-0.00020370776474,0.000872188131325,-0.000393864378566,0.000351368595148,0.000121748802485,0.0000555915721634,-0.00015646997781,0.000712028879207,-0.00107987364754,0.00149151007645,-0.00134701165371,0.00117289903574,-0.000503087590914],[0.000216468091821,-0.000393864378566,0.00124985619914,0.0000946855798247,-0.00048000307288,0.00050694384845,-0.000795723055489,0.0000136453272717,-0.000275132275419,-0.000253970763879,0.000264024536591,-0.000524416740518,0.000805247866083],[-0.00011851250747,0.000351368595148,0.0000946855798247,0.00411440292373,-0.00202025705948,-0.00118327012751,0.00215336657129,-0.00130162760615,-0.0000402556215704,-0.000420942436904,-0.000501986825839,0.00107466254849,-0.000995986629277],[0.000273759680567,0.000121748802485,-0.00048000307288,-0.00202025705948,0.00957095529884,-0.00412748381495,-0.00185468106065,0.00326025625691,-0.00276733399369,0.00176458689384,-0.00208469876088,-0.000219324923819,-0.000629413989373],[-0.000140312200529,0.0000555915721634,0.00050694384845,-0.00118327012751,-0.00412748381495,0.0124881751835,-0.00737376464531,0.000312834483339,0.00333586405031,-0.00447588972747,0.00337731628679,-0.0000412938461523,0.000148659426486],[0.00024580815807,-0.00015646997781,-0.000795723055489,0.00215336657129,-0.00185468106065,-0.00737376464531,0.0192684065551,-0.0123399971053,0.0025179295335,0.00165689864662,-0.00145251082722,0.00193635898177,-0.00165826152079],[-0.000266255723545,0.000712028879207,0.0000136453272717,-0.00130162760615,0.00326025625691,0.000312834483339,-0.0123399971053,0.0223855730146,-0.0105444611982,0.00177023513243,-0.000211601087358,-0.000882466323674,-0.000460187060526],[0.000372220645659,-0.00107987364754,-0.000275132275419,-0.0000402556215704,-0.00276733399369,0.00333586405031,0.0025179295335,-0.0105444611982,0.0199666507542,-0.00957690365613,0.00641151890159,-0.0018702064408,-0.00154166063294],[-0.000523210386746,0.00149151007645,-0.000253970763879,-0.000420942436904,0.00176458689384,-0.00447588972747,0.00165689864662,0.00177023513243,-0.00957690365613,0.025810200721,-0.017379200086,0.00547956069931,-0.00112904259004],[0.000409792963183,-0.00134701165371,0.000264024536591,-0.000501986825839,-0.00208469876088,0.00337731628679,-0.00145251082722,-0.000211601087358,0.00641151890159,-0.017379200086,0.0293927304447,-0.0146206971258,0.00434050196782],[-0.000377401331207,0.00117289903574,-0.000524416740518,0.00107466254849,-0.000219324923819,-0.0000412938461523,0.00193635898177,-0.000882466323674,-0.0018702064408,0.00547956069931,-0.0146206971258,0.0264162812382,-0.0146117992699],[0.000225224925089,-0.000503087590914,0.000805247866083,-0.000995986629277,-0.000629413989373,0.000148659426486,-0.00165826152079,-0.000460187060526,-0.00154166063294,-0.00112904259004,0.00434050196782,-0.0146117992699,0.024607680738]],"mean":[-791.781188965,176.563980103,4.41784000397,25.1143989563,8.85647678375,13.336265564,2.52953624725,1.99114513397,-0.592429578304,3.63924527168,0.371950149536,-2.09099292755,-1.3054112196]},"pitch_salience":{"dmean":0.0949751138687,"dmean2":0.154172301292,"dvar":0.00694025261328,"dvar2":0.0163849331439,"max":0.92334318161,"mean":0.547570884228,"median":0.577915906906,"min":0.0366138368845,"var":0.0275517255068},"silence_rate_20dB":{"dmean":0,"dmean2":0,"dvar":0,"dvar2":0,"max":1,"mean":1,"median":1,"min":1,"var":0},"silence_rate_30dB":{"dmean":0.0121322693303,"dmean2":0.0242656450719,"dvar":0.0119871906936,"dvar2":0.0267770867795,"max":1,"mean":0.984447658062,"median":1,"min":0,"var":0.0153117990121},"silence_rate_60dB":{"dmean":0.0602964647114,"dmean2":0.120598427951,"dvar":0.0566754341125,"dvar2":0.120024517179,"max":1,"mean":0.276064932346,"median":0,"min":0,"var":0.199838221073},"spectral_centroid":{"dmean":166.773361206,"dmean2":252.935089111,"dvar":60181.0390625,"dvar2":116346.96875,"max":11796.5380859,"mean":817.16229248,"median":508.033569336,"min":111.729652405,"var":1095557.125},"spectral_complexity":{"dmean":2.7188141346,"dmean2":3.80861163139,"dvar":13.5632381439,"dvar2":22.6063156128,"max":62,"mean":8.69009399414,"median":7,"min":0,"var":68.8628997803},"spectral_contrast_coeffs":{"dmean":[0.0555928349495,0.04790898785,0.0369568988681,0.0294029917568,0.0253223162144,0.0380828790367],"dmean2":[0.0897362232208,0.0791011080146,0.0608436614275,0.0479078143835,0.0407011285424,0.0620839446783],"dvar":[0.00207820604555,0.00155079411343,0.000984711572528,0.000645863823593,0.000570318195969,0.00158647040371],"dvar2":[0.00506838969886,0.00414125621319,0.00250933878124,0.00158281228505,0.00132118095644,0.00396218011156],"max":[-0.291133165359,-0.396325439215,-0.497690171003,-0.592662811279,-0.576603114605,-0.453599482775],"mean":[-0.697013020515,-0.795509696007,-0.833267390728,-0.842762470245,-0.857036232948,-0.793485045433],"median":[-0.706105411053,-0.805994033813,-0.844619393349,-0.846243143082,-0.856592059135,-0.816462159157],"min":[-0.983675062656,-0.976252257824,-0.978423774242,-0.984594345093,-0.97010576725,-0.966250479221],"var":[0.00989149976522,0.0054885353893,0.00395162217319,0.00262710475363,0.00253094406798,0.00481238123029]},"spectral_contrast_valleys":{"dmean":[0.407500982285,0.462083488703,0.447107374668,0.414813011885,0.45328938961,0.806444883347],"dmean2":[0.651281297207,0.717173874378,0.682969808578,0.613621532917,0.675133526325,1.28926098347],"dvar":[0.116043321788,0.171524807811,0.177053883672,0.183119490743,0.216346502304,0.504520177841],"dvar2":[0.274743288755,0.369499742985,0.377433955669,0.376207619905,0.498527258635,1.33807730675],"max":[-5.26659870148,-4.07795476913,-4.73954868317,-4.88436889648,-5.25273036957,-8.76879882812],"mean":[-7.64227056503,-7.41330575943,-8.08558368683,-8.57443332672,-9.06619930267,-12.2230958939],"median":[-7.2670507431,-7.11144733429,-7.81779098511,-8.32533073425,-8.86833572388,-12.0646572113],"min":[-28.2285118103,-28.2209873199,-27.8276290894,-27.7009010315,-27.4852619171,-27.3982048035],"var":[3.8496825695,4.24475383759,3.88851928711,3.82834672928,3.53818559647,3.02447652817]},"spectral_decrease":{"dmean":1.89311921694e-9,"dmean2":2.68692379457e-9,"dvar":1.02994822329e-17,"dvar2":2.04314206871e-17,"max":6.92659910487e-18,"mean":-4.79082418181e-9,"median":-2.52758813879e-9,"min":-7.10722858344e-8,"var":4.07060410172e-17},"spectral_energy":{"dmean":0.00752652715892,"dmean2":0.0106523027644,"dvar":0.00017214975378,"dvar2":0.000338841811754,"max":0.314046263695,"mean":0.0188913177699,"median":0.00987892691046,"min":9.92390956762e-21,"var":0.000655641488265},"spectral_energyband_high":{"dmean":0.0000652589078527,"dmean2":0.0000948998349486,"dvar":1.74656108243e-7,"dvar2":3.67201039353e-7,"max":0.0197451617569,"mean":0.0000977243471425,"median":0.00000812251528259,"min":7.0272684653e-21,"var":3.3748025885e-7},"spectral_energyband_low":{"dmean":0.00308261672035,"dmean2":0.00463489908725,"dvar":0.0000291429678327,"dvar2":0.0000658769640722,"max":0.110587015748,"mean":0.00740353111178,"median":0.00307272188365,"min":1.50941418689e-23,"var":0.000107531966933},"spectral_energyband_middle_high":{"dmean":0.00150335440412,"dmean2":0.00214036926627,"dvar":0.0000468926446047,"dvar2":0.000091989444627,"max":0.272115916014,"mean":0.00234992220066,"median":0.000316529418342,"min":1.17455355579e-21,"var":0.0000958622331382},"spectral_energyband_middle_low":{"dmean":0.00481897313148,"dmean2":0.00698827346787,"dvar":0.000108120882942,"dvar2":0.00021788929007,"max":0.247442603111,"mean":0.00920392293483,"median":0.00248620426282,"min":1.58904429946e-22,"var":0.000339783990057},"spectral_entropy":{"dmean":0.296094864607,"dmean2":0.464128166437,"dvar":0.0887419730425,"dvar2":0.214789673686,"max":9.82644748688,"mean":7.04688358307,"median":7.11933517456,"min":4.56473350525,"var":0.417185395956},"spectral_flux":{"dmean":0.0209162645042,"dmean2":0.0331563800573,"dvar":0.000711735512596,"dvar2":0.00170582393184,"max":0.415186703205,"mean":0.0627664625645,"median":0.0514613166451,"min":6.34776745057e-11,"var":0.00249327928759},"spectral_kurtosis":{"dmean":5.87733983994,"dmean2":9.58234024048,"dvar":60.94921875,"dvar2":159.435256958,"max":133.679031372,"mean":16.0740318298,"median":13.331035614,"min":-1.26540088654,"var":109.346031189},"spectral_rms":{"dmean":0.000754901207983,"dmean2":0.00103106093593,"dvar":8.25074039312e-7,"dvar2":0.00000149240327119,"max":0.0175039023161,"mean":0.00348380231299,"median":0.00310450932011,"min":3.11156916205e-12,"var":0.00000629343276159},"spectral_rolloff":{"dmean":228.799163818,"dmean2":371.120544434,"dvar":233145.421875,"dvar2":557499.875,"max":19745.9472656,"mean":832.280883789,"median":366.064453125,"min":21.533203125,"var":3167790},"spectral_skewness":{"dmean":0.484595447779,"dmean2":0.761904776096,"dvar":0.287633061409,"dvar2":0.718826055527,"max":9.04899501801,"mean":2.77958202362,"median":2.59747624397,"min":-0.0730075463653,"var":0.946045517921},"spectral_spread":{"dmean":663455.9375,"dmean2":1074716.875,"dvar":520881864704,"dvar2":1270329507840,"max":43120264,"mean":3369935,"median":2859959.5,"min":826342.3125,"var":10161602166800},"spectral_strongpeak":{"dmean":0.33363866806,"dmean2":0.539439618587,"dvar":0.942061424255,"dvar2":2.30901885033,"max":42.753112793,"mean":0.494095146656,"median":0.173547148705,"min":0,"var":1.36688172817},"zerocrossingrate":{"dmean":0.0050556762144,"dmean2":0.00581581192091,"dvar":0.0000512401711603,"dvar2":0.0000706092250766,"max":0.5263671875,"mean":0.0288623962551,"median":0.0185546875,"min":0.00048828125,"var":0.00226284470409}},"metadata":{"audio_properties":{"analysis_sample_rate":44100,"bit_rate":136599,"codec":"mp3","downmix":"mix","equal_loudness":0,"length":509.075378418,"lossless":false,"md5_encoded":"0bff55bee47cf73b6c37a7d719952507","replay_gain":-1.57079124451,"sample_rate":44100},"tags":{"album":["The Complete Columbia Album Collection"],"albumartist":["Johnny Cash"],"albumartistsort":["Cash, Johnny"],"artist":["Johnny Cash"],"artists":["Johnny Cash"],"artistsort":["Cash, Johnny"],"asin":["B008DDC874"],"barcode":["886979104723"],"catalognumber":["88697910472"],"date":["2012-12-04"],"discnumber":["8/63"],"file_name":"01 - The Legend of John Henry’s Hammer.mp3","isrc":["USSM16201069","USSN16201069"],"label":["Columbia","Legacy"],"media":["CD"],"musicbrainz album release country":["US"],"musicbrainz album status":["official"],"musicbrainz album type":["album","compilation"],"musicbrainz release track id":["443475d3-f786-3972-8408-6624670bfc74"],"musicbrainz_albumartistid":["d43d12a1-2dc9-4257-a2fd-0a3bb1081b86"],"musicbrainz_albumid":["de36c451-000c-4488-9375-b6d40b6636e5"],"musicbrainz_artistid":["d43d12a1-2dc9-4257-a2fd-0a3bb1081b86"],"musicbrainz_recordingid":["70cc0032-09d4-440b-a50f-bb2eb0c2a452"],"musicbrainz_releasegroupid":["30578604-ce5e-4d3d-a09c-6c06fc4c526b"],"originaldate":["2012"],"script":["Latn"],"title":["The Legend of John Henry’s Hammer"],"tracknumber":["1/9"]},"version":{"essentia":"2.1-beta1","essentia_build_sha":"ca57ba49d9b1854bd80e60cf9ccf267278fb7d6b","essentia_git_sha":"v2.1_beta1-28-g21ef5f4-dirty","extractor":"music 1.0"}},"rhythm":{"beats_count":913,"beats_loudness":{"dmean":0.0270945802331,"dmean2":0.0493777133524,"dvar":0.00111245224252,"dvar2":0.00348642887548,"max":0.219754710793,"mean":0.0300863422453,"median":0.0189206711948,"min":0,"var":0.0010925012175},"beats_loudness_band_ratio":{"dmean":[0.279799222946,0.180724799633,0.112608939409,0.0915161073208,0.0613456703722,0.0349158346653],"dmean2":[0.502655863762,0.3175784