{"lowlevel":{"average_loudness":0.932321250439,"barkbands":{"dmean":[0.00838436000049,0.0180888101459,0.00511439004913,0.00131940096617,0.00154010008555,0.000981011544354,0.00101706152782,0.000413075031247,0.000721930991858,0.000786861171946,0.000569032097701,0.000747809070162,0.000515092338901,0.000463958334876,0.000496740220115,0.000333178817527,0.000309547263896,0.000231547979638,0.000173035572516,0.000139465308166,0.000144201811054,0.0000801451533334,0.000055168839026,0.000039336453483,0.0000423690071329,0.000106931023765,0.000763576361351],"dmean2":[0.0139161972329,0.0297333467752,0.00854107178748,0.00220604240894,0.00245579099283,0.00158627761994,0.00159853487276,0.000681632896885,0.00114774086978,0.00128360593226,0.000949095468968,0.00126351427753,0.000865631795023,0.000787465309259,0.000838919135276,0.000561413005926,0.000525371055119,0.000388663931517,0.000279927335214,0.000217276960029,0.000221799840801,0.00011635779083,0.000079360914242,0.0000559617292311,0.0000621337676421,0.000148941209773,0.00122262956575],"dvar":[0.000376226176741,0.000730898114853,0.000113737703941,0.00000487926763526,0.00000533434467798,0.00000469788346891,0.00000914816882869,7.96096912836e-7,0.00000286046520159,0.0000032719678984,9.90131752587e-7,8.26196867365e-7,4.81167603539e-7,4.55855371229e-7,4.80364860778e-7,1.95021613081e-7,1.26313111082e-7,8.94944918173e-8,7.06787943727e-8,7.80958373525e-8,1.308200126e-7,3.15816883756e-8,1.20748415711e-8,7.08884995149e-9,9.37345667751e-9,5.46450742434e-8,7.57726070333e-7],"dvar2":[0.000929293630179,0.00200464040972,0.000290420488454,0.000013078527445,0.000012313276784,0.0000115619113785,0.0000216449279833,0.00000195243092094,0.00000675607589073,0.00000788285251474,0.00000243743397732,0.00000225005373977,0.00000127367968616,0.00000125401868445,0.00000126184636429,5.36075901891e-7,3.6095295286e-7,2.40854831191e-7,1.69061024735e-7,1.69581667819e-7,2.68707594842e-7,6.51473683888e-8,2.57395846859e-8,1.47551295626e-8,2.00064480538e-8,1.11758154731e-7,0.00000196476094061],"max":[0.271007537842,0.310093253851,0.114368207753,0.050704125315,0.0506468974054,0.0627514868975,0.10240881145,0.0194918587804,0.0355190858245,0.0483605749905,0.0257412660867,0.0138775873929,0.0156291071326,0.0263482723385,0.0144457463175,0.00756450975314,0.0056549902074,0.00711047556251,0.00767287192866,0.00956308469176,0.0123763820156,0.00475014466792,0.00202007149346,0.00147537782323,0.00169328355696,0.00492703448981,0.0151758920401],"mean":[0.00780092692003,0.0238494295627,0.00560926832259,0.00165766326245,0.00270236609504,0.00148499186616,0.00162118067965,0.000572189106606,0.00118966051377,0.00118188618217,0.000969406974036,0.00138545362279,0.000977827934548,0.000920940830838,0.00104183983058,0.000701322685927,0.000699021038599,0.000532074423973,0.000375525269192,0.000312561605824,0.000310585048283,0.000157094109454,0.0000983157224255,0.0000593192089582,0.0000567310344195,0.000177143912879,0.00361113529652],"median":[0.00237876456231,0.0151377748698,0.00242411345243,0.000931698421482,0.00170840485953,0.000774700776674,0.000531474361196,0.000247320334893,0.000381312042009,0.000577088445425,0.000631256494671,0.00115105230361,0.000776855216827,0.000801569782197,0.000847516115755,0.000586617621593,0.000664775201585,0.000454797118437,0.000266430317424,0.000201801711228,0.000192829917069,0.0000806354364613,0.0000413907328038,0.0000166619174706,0.0000103505062725,0.0000566019807593,0.00366255315021],"min":[9.34431281606e-25,5.33866981862e-24,3.70492271226e-24,2.53723009276e-24,1.00384664337e-23,5.32153615419e-24,8.15320798818e-24,5.04862183542e-24,1.91734315399e-23,2.83975095295e-23,8.25426738102e-24,4.23159693928e-23,2.83283769152e-23,4.54139618517e-23,5.7205990347e-23,8.16870705393e-23,9.52575922563e-23,1.38378319679e-22,1.65394622116e-22,1.81421372702e-22,2.48137119127e-22,3.27348296073e-22,4.84113108052e-22,5.95416105877e-22,9.91132010488e-22,1.32615136671e-21,2.16352906038e-21],"var":[0.000333291449351,0.000765992794186,0.000107354448119,0.00000520430148754,0.0000108663034553,0.00000779138463258,0.0000144831419675,0.00000124297673665,0.00000677466414345,0.00000492083381687,0.00000206357867683,0.00000164525317814,9.76226147031e-7,7.66104562899e-7,0.00000127150178741,4.12383997173e-7,2.91815211995e-7,2.3616418332e-7,2.04285498739e-7,1.90990007809e-7,2.87044969127e-7,6.92539785518e-8,2.36466046744e-8,1.21406831255e-8,1.44701797211e-8,1.00304553996e-7,0.00000702441138856]},"barkbands_crest":{"dmean":3.5283396244,"dmean2":5.63430643082,"dvar":8.25103759766,"dvar2":20.8041000366,"max":26.449464798,"mean":11.3524456024,"median":10.8485679626,"min":2.94876670837,"var":22.4833106995},"barkbands_flatness_db":{"dmean":0.0290429592133,"dmean2":0.0453023575246,"dvar":0.000775659573264,"dvar2":0.00189876079094,"max":0.427856087685,"mean":0.121495977044,"median":0.107446804643,"min":0.0156774614006,"var":0.00356646953151},"barkbands_kurtosis":{"dmean":7.04425048828,"dmean2":11.0244207382,"dvar":340.940460205,"dvar2":822.481994629,"max":398.987213135,"mean":9.60442733765,"median":1.96055984497,"min":-1.95906555653,"var":708.100463867},"barkbands_skewness":{"dmean":0.818300306797,"dmean2":1.25728881359,"dvar":0.973193407059,"dvar2":2.3747189045,"max":16.1226005554,"mean":2.18748235703,"median":1.68308901787,"min":-9.49117851257,"var":3.60640144348},"barkbands_spread":{"dmean":12.2521800995,"dmean2":18.8803005219,"dvar":145.138061523,"dvar2":335.450897217,"max":136.530273438,"mean":47.1412696838,"median":49.2652168274,"min":0.436775922775,"var":653.420898438},"dissonance":{"dmean":0.0112776588649,"dmean2":0.0190796311945,"dvar":0.000166125755641,"dvar2":0.000444336532382,"max":0.500000178814,"mean":0.481785267591,"median":0.487402558327,"min":0.320580899715,"var":0.000338249636116},"dynamic_complexity":3.65722250938,"erbbands":{"dmean":[0.808451831341,3.2722594738,5.70806837082,4.76202249527,4.7459936142,5.00273752213,7.92751741409,8.43846225739,13.9400844574,11.4026279449,9.00093364716,15.7264251709,19.7036209106,25.6663894653,23.7006416321,28.6484565735,23.707195282,20.8147583008,22.4476222992,24.9200305939,13.8321418762,17.5289840698,12.2818775177,10.3033227921,8.0411233902,6.83051395416,7.13671445847,4.3318862915,2.97950434685,2.14232182503,1.49237799644,0.961442112923,0.62419039011,0.484870642424,0.285590171814,0.260121881962,0.204844981432,0.146103098989,0.0463718660176,0.0168695561588],"dmean2":[1.36223018169,5.29157733917,9.48858261108,7.8892827034,7.82394361496,8.04051113129,12.2921352386,13.9410419464,21.6301193237,18.7076053619,14.7501907349,25.3103618622,31.32421875,42.3351669312,39.334728241,48.1246604919,39.7227668762,35.4378852844,37.9764060974,41.4378662109,23.0858745575,29.7443962097,20.4824142456,16.8536605835,13.0064821243,10.5710277557,11.0160665512,6.58586406708,4.36394405365,3.08888578415,2.15792226791,1.37096703053,0.897202074528,0.704170763493,0.424006432295,0.373809367418,0.285012632608,0.20152926445,0.066649928689,0.0270643904805],"dvar":[2.54919838905,15.6469402313,113.255897522,79.9501113892,55.3871994019,80.9301528931,230.021759033,432.961364746,1539.13378906,1120.06945801,408.767303467,1685.68334961,2326.68725586,2606.24707031,1178.01416016,1350.79064941,1074.84008789,758.633972168,1053.29296875,1262.80725098,299.865447998,419.014953613,245.54888916,224.330001831,194.695007324,168.930541992,334.112121582,102.770759583,46.448589325,19.1239490509,9.13225364685,4.17276477814,1.84502410889,1.13435935974,0.485189020634,0.341825187206,0.202577531338,0.0767754092813,0.00432574748993,0.00038033540477],"dvar2":[7.06116771698,42.0641174316,288.43447876,208.637069702,141.758850098,187.000030518,527.354919434,1090.39477539,3601.95483398,2812.71362305,984.289001465,4136.3828125,5220.578125,6809.90087891,2910.56079102,3621.6003418,2865.08056641,2089.29418945,2799.4675293,3306.28955078,800.373291016,1198.08972168,662.163269043,570.189331055,450.394439697,358.074829102,698.047363281,214.734985352,97.3327484131,41.3489303589,19.5997867584,8.75932502747,3.86023879051,2.38282442093,1.05699121952,0.712165296078,0.413267672062,0.150979906321,0.00914222560823,0.000973194895778],"max":[17.8016338348,40.6474571228,118.084716797,150.140594482,128.879226685,226.301574707,328.166900635,640.162475586,855.3671875,1224.94836426,536.262878418,1101.57800293,1635.72973633,1314.0534668,863.694274902,722.893188477,820.233642578,448.668243408,1286.68798828,943.802062988,258.989837646,350.51550293,345.93157959,358.225952148,487.593048096,338.735809326,624.338256836,281.937866211,198.462509155,129.463134766,59.4802589417,39.7287635803,22.1470909119,17.693731308,14.1994152069,9.25089359283,10.892583847,5.12071323395,1.36918580532,0.347451925278],"mean":[0.907618284225,4.55949306488,7.09286546707,6.1010799408,7.03496408463,8.10725402832,12.8030509949,12.2920780182,22.4372291565,17.2268371582,13.4990329742,25.0341529846,33.4141845703,43.1760940552,46.6188583374,56.4657287598,47.5790863037,44.620803833,50.2691345215,54.415851593,33.8056907654,40.9746170044,30.8839969635,23.5389900208,17.3014698029,15.3918647766,14.9440517426,9.2993812561,5.86789655685,4.01244354248,2.60842895508,1.51688814163,0.894576132298,0.662742197514,0.372253268957,0.365409314632,0.341656297445,0.310074746609,0.176462352276,0.0953860506415],"median":[0.469875007868,3.04486393929,3.89389610291,3.40997505188,4.06630516052,4.68315792084,6.11853981018,6.42190647125,6.99257564545,6.79098796844,6.27837371826,8.74898338318,13.9561157227,24.4537944794,35.8487014771,47.4627723694,38.9740333557,39.1743545532,44.6036071777,44.5570602417,30.3704109192,39.2413902283,27.918586731,17.9993247986,11.8086433411,9.8780040741,8.96451377869,5.7745513916,3.11509656906,1.88820099831,1.11137962341,0.506901085377,0.209004402161,0.129374444485,0.0645928680897,0.0726167559624,0.112564325333,0.1583763659,0.140067741275,0.0997914671898],"min":[1.93657350027e-22,8.84739741217e-22,5.7195649832e-21,7.36272736219e-21,1.53894691144e-20,2.08623060733e-20,1.13973920806e-19,5.86491539945e-20,9.89167133415e-20,3.65149265437e-19,1.8850829652e-19,3.77758625749e-19,4.86076608644e-19,6.10452157631e-19,6.51603617624e-19,2.13217259337e-18,1.68727060578e-18,2.34094326061e-18,2.38284636928e-18,4.3053741723e-18,5.96074621212e-18,6.22794416154e-18,8.39222542474e-18,7.27046594373e-18,6.11234980684e-18,8.33600361287e-18,1.0975575825e-17,1.09826482193e-17,1.17029041571e-17,1.29224678194e-17,1.3901031583e-17,1.10573889507e-17,1.21593978402e-17,8.6569215664e-18,7.54880808395e-18,3.9058434549e-18,2.30907343917e-18,1.05001045507e-18,2.93001383338e-19,2.88540437069e-20],"var":[2.07475209236,21.960515976,114.906478882,79.0892105103,79.0986251831,152.550033569,401.676483154,711.010253906,2668.54394531,1545.46130371,660.254211426,3205.36962891,4287.44921875,4336.22314453,2811.38476562,2849.33496094,2203.23339844,1622.72680664,2146.9753418,3362.32373047,746.59576416,986.09197998,684.874267578,701.104736328,500.450042725,448.759399414,657.210449219,247.409805298,101.312667847,38.0525627136,17.0067520142,7.20674514771,3.06785154343,1.82138741016,0.711304783821,0.5537789464,0.369056105614,0.189788937569,0.0250608306378,0.00470057921484]},"erbbands_crest":{"dmean":1.8924510479,"dmean2":3.10213017464,"dvar":3.60382390022,"dvar2":8.83620548248,"max":26.6149368286,"mean":6.74400663376,"median":5.83321666718,"min":2.22454738617,"var":10.1665849686},"erbbands_flatness_db":{"dmean":0.0166520029306,"dmean2":0.0248426776379,"dvar":0.000245264207479,"dvar2":0.000533198181074,"max":0.307251065969,"mean":0.108660683036,"median":0.106812134385,"min":0.0254686195403,"var":0.00154273794033},"erbbands_kurtosis":{"dmean":0.719185650349,"dmean2":1.15201759338,"dvar":0.968153715134,"dvar2":2.35044622421,"max":29.0470924377,"mean":0.544250428677,"median":0.281542599201,"min":-1.74154984951,"var":2.58085799217},"erbbands_skewness":{"dmean":0.298918813467,"dmean2":0.459944874048,"dvar":0.0838999152184,"dvar2":0.191790923476,"max":4.52782583237,"mean":-0.152751907706,"median":-0.23444737494,"min":-4.72624874115,"var":0.443771600723},"erbbands_spread":{"dmean":7.44448184967,"dmean2":11.4098005295,"dvar":67.5864486694,"dvar2":149.113861084,"max":163.407363892,"mean":37.1947021484,"median":32.742099762,"min":5.39668130875,"var":333.203521729},"gfcc":{"cov":[[16616.0898438,-845.623840332,-1291.24975586,-383.342956543,306.434387207,-330.805206299,333.850036621,-47.0312843323,349.459259033,218.409744263,201.609603882,-99.7636032104,-17.7590351105],[-845.623840332,1274.61340332,-254.88923645,-154.798614502,187.301971436,-260.723968506,138.542541504,-179.361999512,119.912788391,-163.348342896,35.7229804993,-19.024848938,33.8421211243],[-1291.24975586,-254.88923645,563.229492188,245.912200928,-167.416641235,268.221496582,-170.849945068,145.687667847,-134.190689087,48.7917022705,-62.3536338806,55.2528038025,-24.6558208466],[-383.342956543,-154.798614502,245.912200928,262.227630615,-18.1182327271,109.989448547,-17.1043891907,28.4866504669,-57.0004806519,22.0713615417,-47.8206481934,32.8844184875,-24.8719520569],[306.434387207,187.301971436,-167.416641235,-18.1182327271,275.698455811,-32.2531280518,109.363838196,-63.7262077332,80.4188995361,-36.1326560974,51.0192527771,-8.04102039337,32.3317108154],[-330.805206299,-260.723968506,268.221496582,109.989448547,-32.2531280518,272.631561279,-98.8064498901,114.457885742,-86.9947433472,32.1454963684,-29.6559638977,39.4987487793,1.93028724194],[333.850036621,138.542541504,-170.849945068,-17.1043891907,109.363838196,-98.8064498901,219.28263855,-75.4480361938,90.7424850464,-21.6827831268,5.34871816635,-20.0013656616,6.37414264679],[-47.0312843323,-179.361999512,145.687667847,28.4866504669,-63.7262077332,114.457885742,-75.4480361938,169.078979492,-18.352481842,50.7154045105,5.25907516479,4.86029911041,9.11126804352],[349.459259033,119.912788391,-134.190689087,-57.0004806519,80.4188995361,-86.9947433472,90.7424850464,-18.352481842,137.177444458,23.539981842,41.9700660706,-2.71435499191,-0.0726480185986],[218.409744263,-163.348342896,48.7917022705,22.0713615417,-36.1326560974,32.1454963684,-21.6827831268,50.7154045105,23.539981842,94.62525177,35.6741828918,7.38644933701,-1.68151199818],[201.609603882,35.7229804993,-62.3536338806,-47.8206481934,51.0192527771,-29.6559638977,5.34871816635,5.25907516479,41.9700660706,35.6741828918,81.3408126831,20.1699504852,17.4356250763],[-99.7636032104,-19.024848938,55.2528038025,32.8844184875,-8.04102039337,39.4987487793,-20.0013656616,4.86029911041,-2.71435499191,7.38644933701,20.1699504852,68.2319259644,17.6295661926],[-17.7590351105,33.8421211243,-24.6558208466,-24.8719520569,32.3317108154,1.93028724194,6.37414264679,9.11126804352,-0.0726480185986,-1.68151199818,17.4356250763,17.6295661926,65.4040374756]],"icov":[[0.0000903149120859,0.0000611590512563,0.000376274692826,-0.0000900840313989,-0.0000158368729899,-0.0000705292986822,0.00000998658379103,-0.000116107905342,0.00000546234650756,-0.000207673889236,0.0000588003531448,-0.0000899872538866,0.000128826373839],[0.0000611590512563,0.00163594901096,-0.000750728591811,0.000154822992045,0.0000612664007349,0.00068822898902,0.000138196934131,0.000830660632346,-0.00185572530609,0.00346047594212,-0.00181239924859,0.000997303868644,-0.000932560535148],[0.000376274692826,-0.000750728591811,0.00996550731361,-0.00663725938648,0.00423687184229,-0.00584118068218,0.0022020873148,-0.0016517090844,-0.000718951341696,-0.0000874973848113,-0.00141744327266,0.000498795416206,0.0000571582713746],[-0.0000900840313989,0.000154822992045,-0.00663725938648,0.0137153798714,-0.00870443694293,0.00635842001066,-0.00339915952645,-0.00200448487885,0.00800812058151,-0.0104139363393,0.0130123859271,-0.010981685482,0.00656720343977],[-0.0000158368729899,0.0000612664007349,0.00423687184229,-0.00870443694293,0.0157010462135,-0.0104787675664,0.000255945633398,0.00592493265867,-0.0114465858787,0.0148794902489,-0.018138518557,0.0138392718509,-0.00857672747225],[-0.0000705292986822,0.00068822898902,-0.00584118068218,0.00635842001066,-0.0104787675664,0.0164077095687,-0.000980725511909,-0.00723057752475,0.0100899767131,-0.00943020824343,0.013133126311,-0.0125800967216,0.00529803428799],[0.00000998658379103,0.000138196934131,0.0022020873148,-0.00339915952645,0.000255945633398,-0.000980725511909,0.00952853821218,0.0024647177197,-0.00665009021759,0.00231946771964,0.000535087834578,0.00318624335341,-0.00285010877997],[-0.000116107905342,0.000830660632346,-0.0016517090844,-0.00200448487885,0.00592493265867,-0.00723057752475,0.0024647177197,0.0147113231942,-0.00854962412268,0.00491084065288,-0.0087886210531,0.0105174267665,-0.00722668552771],[0.00000546234650756,-0.00185572530609,-0.000718951341696,0.00800812058151,-0.0114465858787,0.0100899767131,-0.00665009021759,-0.00854962412268,0.0269614290446,-0.0196323189884,0.0130282286555,-0.0158821307123,0.0112689388916],[-0.000207673889236,0.00346047594212,-0.0000874973848113,-0.0104139363393,0.0148794902489,-0.00943020824343,0.00231946771964,0.00491084065288,-0.0196323189884,0.0411991216242,-0.0311819165945,0.0198067389429,-0.00981640536338],[0.0000588003531448,-0.00181239924859,-0.00141744327266,0.0130123859271,-0.018138518557,0.013133126311,0.000535087834578,-0.0087886210531,0.0130282286555,-0.0311819165945,0.04797777161,-0.027072802186,0.00883907731622],[-0.0000899872538866,0.000997303868644,0.000498795416206,-0.010981685482,0.0138392718509,-0.0125800967216,0.00318624335341,0.0105174267665,-0.0158821307123,0.0198067389429,-0.027072802186,0.0379695370793,-0.0153001463041],[0.000128826373839,-0.000932560535148,0.0000571582713746,0.00656720343977,-0.00857672747225,0.00529803428799,-0.00285010877997,-0.00722668552771,0.0112689388916,-0.00981640536338,0.00883907731622,-0.0153001463041,0.0252218879759]],"mean":[38.6300163269,65.7153396606,-83.6458282471,7.54441928864,-0.742552042007,-5.40475082397,1.51556634903,-13.0272054672,-4.01329517365,-6.07520437241,-4.46653795242,3.52250146866,-4.73441028595]},"hfc":{"dmean":74.2470855713,"dmean2":121.281723022,"dvar":7996.48779297,"dvar2":22036.5527344,"max":1761.39221191,"mean":344.443878174,"median":347.764282227,"min":1.11370777111e-16,"var":61878.8242188},"melbands":{"dmean":[0.00628801388666,0.00319717614911,0.000801540270913,0.000347603869159,0.000259581691353,0.000188306847122,0.000209612408071,0.00011365168757,0.0000736141082598,0.000108070489659,0.000102510144643,0.000109785862151,0.0000782757779234,0.0000903530890355,0.0000655931289657,0.0000456210837001,0.0000429884094046,0.0000388707849197,0.0000389900815208,0.0000301461259369,0.0000164295070135,0.0000193032410607,0.0000169964714587,0.0000106376319309,0.00000909985101316,0.00000629043142908,0.00000583201563131,0.00000458950989923,0.00000483869143864,0.00000379432867703,0.00000247722232416,0.00000189863249034,0.00000142960607263,0.00000116884166346,9.4501700687e-7,6.9949032877e-7,5.85808265896e-7,4.39784145101e-7,4.54777705272e-7,4.04878051086e-7],"dmean2":[0.0103788021952,0.00522276898846,0.00131996534765,0.000557227642275,0.000403264682973,0.00030746270204,0.000326185923768,0.000186277204193,0.000121367054817,0.000172818996361,0.000163595017511,0.000181327355676,0.000129934080178,0.000152709209942,0.000110823566501,0.0000763863426982,0.0000736827787478,0.0000657277923892,0.0000656206466374,0.0000506520009367,0.0000275803959084,0.000032842544897,0.0000289600575343,0.000017770604245,0.0000149828756548,0.000010338316315,0.00000942046699492,0.00000718584487913,0.00000759596559874,0.00000585941234021,0.00000383262158721,0.00000286813497041,0.00000212117583942,0.00000172538091192,0.0000013921229538,0.00000102229341792,8.50855997214e-7,6.42907991732e-7,6.67729409543e-7,5.98794656526e-7],"dvar":[0.000122120633023,0.0000199102851184,0.00000213969883589,3.36535492806e-7,2.03520954756e-7,1.94812926679e-7,3.68456340993e-7,9.73330642751e-8,2.7678298764e-8,7.68967538534e-8,6.37443733353e-8,4.99705556933e-8,1.80001862304e-8,1.25459242994e-8,6.5653171788e-9,4.34155955631e-9,3.20656790009e-9,3.79862719058e-9,3.50927575887e-9,1.71492620105e-9,4.03547528727e-10,5.37983047e-10,3.90825233287e-10,2.12440856573e-10,1.81093612328e-10,1.15849108084e-10,1.07654565817e-10,8.16195513953e-11,1.81077583483e-10,8.27440199691e-11,3.17314681475e-11,1.91417055817e-11,1.02818691061e-11,5.70833701488e-12,3.70242421791e-12,2.02635152581e-12,1.65313249201e-12,9.39606140289e-13,9.88818076898e-13,8.11053047639e-13],"dvar2":[0.000331053422997,0.0000518042616022,0.00000548199068362,7.58824342029e-7,4.70838756428e-7,4.88365117235e-7,8.64510070642e-7,2.45735776616e-7,6.83621053099e-8,1.85002917874e-7,1.43649160123e-7,1.30104552909e-7,4.33261853061e-8,3.41037349472e-8,1.80490467017e-8,1.14195106704e-8,8.93004781233e-9,1.02439354777e-8,9.14864362045e-9,4.65253302551e-9,1.08654418796e-9,1.54453005941e-9,1.09511733015e-9,5.65412605624e-10,4.64633026498e-10,2.75694106433e-10,2.45390624487e-10,1.76475889457e-10,3.92578997088e-10,1.73428563177e-10,7.07971528624e-11,4.26860560787e-11,2.12639125058e-11,1.28608243846e-11,8.15325411352e-12,4.38906246417e-12,3.57746948385e-12,2.02159144459e-12,2.12459216886e-12,1.73967209995e-12],"max":[0.125155061483,0.0467108823359,0.0237005520612,0.0141155421734,0.00905826594681,0.0132789919153,0.0168128516525,0.0108419600874,0.00397595902905,0.00697351293638,0.00847375951707,0.00565636530519,0.0038410203997,0.00171947083436,0.00128105340991,0.00161832000595,0.000880085455719,0.00285707367584,0.00142929248977,0.000809752731584,0.000287225586362,0.000470604369184,0.000368831882952,0.000417972973082,0.000332662049914,0.00033100854489,0.00029722970794,0.000279175816104,0.000556765880901,0.000303232343867,0.000146509279148,0.000124128098832,0.0000913346739253,0.000073756717029,0.0000410894062952,0.0000278423867712,0.0000222001854127,0.0000190742193809,0.000015818144675,0.000015190384147],"mean":[0.00789819471538,0.00455843051895,0.00110095599666,0.000562978326343,0.000427692721132,0.000283269357169,0.000337804143783,0.000168896120158,0.000105770741357,0.000173106614966,0.000168257203768,0.000174875429366,0.000144400299178,0.000163500604685,0.000125721824588,0.0000879655999597,0.0000834018064779,0.0000791127094999,0.0000798014370957,0.0000603861990385,0.0000347509849234,0.0000412209155911,0.0000374265000573,0.0000230036457651,0.0000188221365534,0.0000124168400362,0.0000118971802294,0.00000955056657403,0.00000940330210142,0.00000762183844927,0.0000047335556701,0.0000034507311284,0.00000263253332378,0.00000205872061088,0.00000159255966992,0.00000113283670089,8.44603050609e-7,6.12021437973e-7,6.07414222031e-7,5.3716257753e-7],"median":[0.004598043859,0.00310979573987,0.000661762256641,0.000319544167724,0.000222182978177,0.000147472092067,0.000107966407086,0.0000683726248099,0.0000486471399199,0.000054406493291,0.0000680247758282,0.0000943949416978,0.000101414960227,0.000133626410388,0.00010365639173,0.0000701378594385,0.0000707896833774,0.0000691691966495,0.0000626494656899,0.0000487027064082,0.0000304916338791,0.0000380152850994,0.0000350846603396,0.0000187489167729,0.0000135336413223,0.00000845612430567,0.00000757037469157,0.00000585649831919,0.00000540425389772,0.0000044555599743,0.00000271041426458,0.00000172554211986,0.00000129005434246,8.9991550567e-7,6.67250333208e-7,4.63205708456e-7,2.18810811248e-7,1.32402860231e-7,1.25855095234e-7,9.87974146938e-8],"min":[1.62918808197e-24,2.16209695282e-24,1.77121676872e-24,1.72537093392e-24,3.76732792075e-24,1.2686632655e-24,1.30907670828e-24,4.08305845402e-24,1.70918646637e-24,2.25020463011e-24,2.2515865172e-24,2.34105320462e-24,1.54246229178e-24,3.65404355046e-24,4.62422729019e-24,2.81389840336e-24,4.41992809295e-24,2.92756458233e-24,5.24461866606e-24,5.31668229304e-24,5.53121735495e-24,5.28752323297e-24,5.64252681197e-24,5.68229171248e-24,4.79628455894e-24,5.22816776074e-24,4.89738852242e-24,4.64549064146e-24,6.87940982983e-24,5.7711056175e-24,5.89166762407e-24,4.9980235081e-24,5.69095379965e-24,7.13508911554e-24,7.6782821688e-24,7.21679222836e-24,5.02554252635e-24,7.62858866494e-24,5.8714727849e-24,7.64107475534e-24],"var":[0.000113233159936,0.0000241674042627,0.0000022407657525,6.90484739607e-7,3.73360336425e-7,3.32936508585e-7,6.1439413912e-7,1.37923407806e-7,4.15721608249e-8,1.59397643529e-7,1.151521829e-7,7.97357699867e-8,4.01787509929e-8,2.38363320193e-8,1.33269670854e-8,8.51245829381e-9,6.16465545278e-9,5.99204064144e-9,8.67651728242e-9,3.70421027185e-9,8.54666615258e-10,1.11302400629e-9,8.95856056005e-10,5.30026411649e-10,5.18874498923e-10,2.62767696491e-10,2.7160862448e-10,1.92335536386e-10,2.97944252603e-10,1.86630697008e-10,6.75232092462e-11,3.76499040278e-11,2.03849506719e-11,1.04134062484e-11,6.58731229286e-12,3.47722805411e-12,2.63503411799e-12,1.49656426574e-12,1.53911334632e-12,1.24085290654e-12]},"melbands_crest":{"dmean":4.86535167694,"dmean2":7.87788724899,"dvar":17.5492916107,"dvar2":44.6997909546,"max":38.8507766724,"mean":18.8504447937,"median":18.2634983063,"min":1.37415921688,"var":43.4312591553},"melbands_flatness_db":{"dmean":0.0385628789663,"dmean2":0.0601252652705,"dvar":0.00113051920198,"dvar2":0.002843050519,"max":0.58252120018,"mean":0.226855680346,"median":0.215945824981,"min":0.000366457534255,"var":0.00558339478448},"melbands_kurtosis":{"dmean":15.9376211166,"dmean2":25.5930938721,"dvar":1184.96850586,"dvar2":3054.07617188,"max":773.553833008,"mean":25.3223209381,"median":9.31003379822,"min":-1.81098091602,"var":2502.71459961},"melbands_skewness":{"dmean":1.20441424847,"dmean2":1.89792084694,"dvar":1.81943368912,"dvar2":4.68619155884,"max":24.4714260101,"mean":3.6025261879,"median":2.92823886871,"min":-3.00244879723,"var":6.38649654388},"melbands_spread":{"dmean":7.85540008545,"dmean2":12.4060907364,"dvar":75.2741394043,"dvar2":181.879714966,"max":309.176239014,"mean":21.5502738953,"median":19.4096450806,"min":0.325742602348,"var":283.045715332},"mfcc":{"cov":[[11179.4121094,-43.0858764648,-1451.47497559,22.3756713867,-294.656951904,10.9855575562,-96.7527770996,-74.562171936,2.92537713051,276.941772461,275.714080811,177.765853882,35.438621521],[-43.0858764648,1215.31542969,-463.31729126,80.5806350708,-67.5428848267,-8.27732753754,-91.4698181152,23.3087539673,-10.9704637527,-29.4185905457,-16.5355587006,20.2353038788,-25.0612697601],[-1451.47497559,-463.31729126,877.509887695,-54.5809745789,157.862243652,-19.3589897156,82.5340805054,21.6726112366,12.2377920151,-48.2718772888,-37.5486717224,-44.1504020691,12.0236225128],[22.3756713867,80.5806350708,-54.5809745789,220.546066284,-41.4793701172,65.8697509766,-5.64076757431,13.4331235886,7.82167053223,25.3557186127,-8.72643947601,8.73069953918,3.67138075829],[-294.656951904,-67.5428848267,157.862243652,-41.4793701172,228.751876831,25.6133365631,59.1709442139,25.5916843414,8.02744102478,-30.0305328369,-3.47180438042,10.1246747971,23.4913539886],[10.9855575562,-8.27732753754,-19.3589897156,65.8697509766,25.6133365631,150.186462402,32.1469841003,33.9776268005,14.4223670959,-5.48334217072,-12.6523618698,13.1877279282,4.33320903778],[-96.7527770996,-91.4698181152,82.5340805054,-5.64076757431,59.1709442139,32.1469841003,104.95274353,22.3738193512,26.0293598175,-7.97307920456,-13.5942382812,-4.74980735779,2.82373142242],[-74.562171936,23.3087539673,21.6726112366,13.4331235886,25.5916843414,33.9776268005,22.3738193512,78.4298248291,27.5532855988,7.05135440826,-8.43134403229,-4.58595848083,0.306211799383],[2.92537713051,-10.9704637527,12.2377920151,7.82167053223,8.02744102478,14.4223670959,26.0293598175,27.5532855988,72.1079711914,20.4345798492,6.6542096138,-0.231136843562,-5.01140785217],[276.941772461,-29.4185905457,-48.2718772888,25.3557186127,-30.0305328369,-5.48334217072,-7.97307920456,7.05135440826,20.4345798492,74.3615264893,37.3823890686,15.0715675354,0.421334594488],[275.714080811,-16.5355587006,-37.5486717224,-8.72643947601,-3.47180438042,-12.6523618698,-13.5942382812,-8.43134403229,6.6542096138,37.3823890686,76.8357925415,35.3011169434,13.1722450256],[177.765853882,20.2353038788,-44.1504020691,8.73069953918,10.1246747971,13.1877279282,-4.74980735779,-4.58595848083,-0.231136843562,15.0715675354,35.3011169434,67.0778427124,23.4452285767],[35.438621521,-25.0612697601,12.0236225128,3.67138075829,23.4913539886,4.33320903778,2.82373142242,0.306211799383,-5.01140785217,0.421334594488,13.1722450256,23.4452285767,50.9593238831]],"icov":[[0.000133141889819,0.0000839756248752,0.000244327238761,0.0000367932661902,0.0000237132480834,-0.00000864867251948,-0.0000686719213263,0.0000154241315613,0.0000577065802645,-0.000210839483771,-0.000219208028284,-0.0000548522184545,-0.0000287580733129],[0.0000839756248752,0.00129326467868,0.000819761306047,-0.000532228499651,-0.000211212027352,0.000585418485571,0.000767486402765,-0.000912042392883,-0.000208221143112,0.00119561911561,0.0000476279092254,-0.00062673346838,0.000678751384839],[0.000244327238761,0.000819761306047,0.00224459823221,-0.000240109584411,-0.000881412241142,0.000746753299609,-0.000370829831809,-0.000527078518644,-0.000142352873809,0.000709142303094,-0.000232109217905,0.000542782247066,-0.000122121113236],[0.0000367932661902,-0.000532228499651,-0.000240109584411,0.00627712439746,0.00113087904174,-0.00310573005117,0.000276664708508,0.000537286920007,0.000162504875334,-0.00342341326177,0.00197808607481,-0.000224867617362,-0.00132226606365],[0.0000237132480834,-0.000211212027352,-0.000881412241142,0.00113087904174,0.00656044529751,-0.000763793243095,-0.00262640393339,-0.00136372155976,0.000275258818874,0.00197799620219,-0.00104023120366,-0.00102602585685,-0.00204779626802],[-0.00000864867251948,0.000585418485571,0.000746753299609,-0.00310573005117,-0.000763793243095,0.00991824455559,-0.00185700703878,-0.00355487293564,-0.000321590167005,0.00253303954378,0.00101543439087,-0.00292274635285,0.00100410357118],[-0.0000686719213263,0.000767486402765,-0.000370829831809,0.000276664708508,-0.00262640393339,-0.00185700703878,0.0140962498263,-0.000895535107702,-0.00432491861284,0.000670043518767,0.00227892305702,-0.0000225648054766,0.0000761360861361],[0.0000154241315613,-0.000912042392883,-0.000527078518644,0.000537286920007,-0.00136372155976,-0.00355487293564,-0.000895535107702,0.0177746061236,-0.00496712327003,-0.00370758655481,0.00225653010421,0.00201551429927,-0.00146824982949],[0.0000577065802645,-0.000208221143112,-0.000142352873809,0.000162504875334,0.000275258818874,-0.000321590167005,-0.00432491861284,-0.00496712327003,0.0190172344446,-0.0049409493804,-0.00142391573172,0.00033617176814,0.00217373017222],[-0.000210839483771,0.00119561911561,0.000709142303094,-0.00342341326177,0.00197799620219,0.00253303954378,0.000670043518767,-0.00370758655481,-0.0049409493804,0.0243906471878,-0.0102792913094,-0.000659548153635,0.00194480479695],[-0.000219208028284,0.0000476279092254,-0.000232109217905,0.00197808607481,-0.00104023120366,0.00101543439087,0.00227892305702,0.00225653010421,-0.00142391573172,-0.0102792913094,0.0245048832148,-0.00959054846317,-0.00163533736486],[-0.0000548522184545,-0.00062673346838,0.000542782247066,-0.000224867617362,-0.00102602585685,-0.00292274635285,-0.0000225648054766,0.00201551429927,0.00033617176814,-0.000659548153635,-0.00959054846317,0.0246623381972,-0.00850034598261],[-0.0000287580733129,0.000678751384839,-0.000122121113236,-0.00132226606365,-0.00204779626802,0.00100410357118,0.0000761360861361,-0.00146824982949,0.00217373017222,0.00194480479695,-0.00163533736486,-0.00850034598261,0.0254958085716]],"mean":[-626.402709961,131.370574951,-15.9938440323,32.4240760803,11.2326431274,23.8064861298,9.05635261536,12.0990314484,4.18479299545,1.05087280273,-0.119987145066,4.43197011948,3.69962787628]},"pitch_salience":{"dmean":0.0958109870553,"dmean2":0.152274042368,"dvar":0.00684656575322,"dvar2":0.0173725802451,"max":0.97955930233,"mean":0.51252925396,"median":0.534475564957,"min":0.0382347516716,"var":0.0179548803717},"silence_rate_20dB":{"dmean":0,"dmean2":0,"dvar":0,"dvar2":0,"max":1,"mean":1,"median":1,"min":1,"var":0},"silence_rate_30dB":{"dmean":0.158215478063,"dmean2":0.316467344761,"dvar":0.133183345199,"dvar2":0.26323390007,"max":1,"mean":0.818578958511,"median":1,"min":0,"var":0.148507431149},"silence_rate_60dB":{"dmean":0.00344946538098,"dmean2":0.00689972378314,"dvar":0.00343756657094,"dvar2":0.00823206268251,"max":1,"mean":0.0559898838401,"median":0,"min":0,"var":0.052855014801},"spectral_centroid":{"dmean":241.515518188,"dmean2":365.84552002,"dvar":76578.921875,"dvar2":162951.71875,"max":11665.8945312,"mean":1553.49731445,"median":1524.20483398,"min":175.774932861,"var":685582.875},"spectral_complexity":{"dmean":3.77486491203,"dmean2":5.90179395676,"dvar":13.9079208374,"dvar2":29.7191963196,"max":61,"mean":30.317773819,"median":34,"min":0,"var":200.32762146},"spectral_contrast_coeffs":{"dmean":[0.0528168007731,0.0499885939062,0.0372737646103,0.0270077995956,0.0210815519094,0.0374707244337],"dmean2":[0.0874717012048,0.08249373734,0.0622756183147,0.0455307513475,0.0349186174572,0.0575785823166],"dvar":[0.00177587475628,0.00148740154691,0.000843275105581,0.000451684347354,0.000333058706019,0.00122438580729],"dvar2":[0.00482219317928,0.0040784291923,0.00231711822562,0.00124902522657,0.000846908136737,0.00287537206896],"max":[-0.377453893423,-0.489063829184,-0.581173419952,-0.633175194263,-0.643521845341,-0.394944280386],"mean":[-0.709419488907,-0.778431534767,-0.807310283184,-0.817055344582,-0.802208244801,-0.723700046539],"median":[-0.714604496956,-0.783580362797,-0.810344576836,-0.816496372223,-0.798721730709,-0.725727081299],"min":[-0.981026947498,-0.982173383236,-0.986050367355,-0.981761515141,-0.970088660717,-0.964406073093],"var":[0.00460458686575,0.00421156408265,0.00244013452902,0.00130795850419,0.00145557173528,0.00475834030658]},"spectral_contrast_valleys":{"dmean":[0.387382179499,0.400202661753,0.304633647203,0.259179890156,0.251502037048,0.549098610878],"dmean2":[0.636914670467,0.650806367397,0.494269609451,0.416031777859,0.382709562778,0.80220580101],"dvar":[0.108987599611,0.13349249959,0.0918320044875,0.0912505835295,0.10531219095,0.267029583454],"dvar2":[0.263343632221,0.317384570837,0.19716912508,0.185730814934,0.210717141628,0.605891227722],"max":[-4.83296775818,-4.59331274033,-4.97199773788,-5.467689991,-5.48878335953,-7.88573408127],"mean":[-6.57096195221,-6.71709012985,-6.76700353622,-6.95710706711,-7.19832897186,-10.4872751236],"median":[-6.32734203339,-6.41760826111,-6.38202095032,-6.44082832336,-6.77761554718,-10.2804412842],"min":[-28.6795787811,-27.7524585724,-27.7362632751,-27.511013031,-27.4243125916,-27.3918952942],"var":[2.25874710083,2.40877366066,2.50507688522,2.76962375641,2.58173584938,2.25919008255]},"spectral_decrease":{"dmean":7.51312523306e-9,"dmean2":1.20556471472e-8,"dvar":1.24050688278e-16,"dvar2":3.18678014605e-16,"max":1.31277664295e-8,"mean":-1.06640412056e-8,"median":-7.51906981122e-9,"min":-1.12409743735e-7,"var":1.39207998762e-16},"spectral_energy":{"dmean":0.0279088784009,"dmean2":0.0447323918343,"dvar":0.00167391763534,"dvar2":0.00429742736742,"max":0.442442774773,"mean":0.0714906454086,"median":0.0663664937019,"min":1.0167694396e-20,"var":0.00245136348531},"spectral_energyband_high":{"dmean":0.00083521171473,"dmean2":0.001200598781,"dvar":0.00000129008196836,"dvar2":0.00000254145538747,"max":0.0285023227334,"mean":0.00319561851211,"median":0.00286974711344,"min":7.25174137286e-21,"var":0.00000655797884974},"spectral_energyband_low":{"dmean":0.0250790473074,"dmean2":0.0409515053034,"dvar":0.00146835215855,"dvar2":0.00388570199721,"max":0.419974297285,"mean":0.0357625968754,"median":0.0241870284081,"min":2.9582498516e-23,"var":0.00152694201097},"spectral_energyband_middle_high":{"dmean":0.0021682176739,"dmean2":0.00346717145294,"dvar":0.00000755434257371,"dvar2":0.0000181008035725,"max":0.0557549335063,"mean":0.00883559044451,"median":0.00870632380247,"min":1.25894132635e-21,"var":0.0000397253279516},"spectral_energyband_middle_low":{"dmean":0.00380204990506,"dmean2":0.00595332728699,"dvar":0.0000303373453789,"dvar2":0.0000707486979081,"max":0.111088648438,"mean":0.00947874970734,"median":0.00709583051503,"min":1.25764067773e-22,"var":0.0000779276815592},"spectral_entropy":{"dmean":0.132337838411,"dmean2":0.193690374494,"dvar":0.0250649377704,"dvar2":0.0523151643574,"max":9.82565689087,"mean":7.82211303711,"median":7.86283016205,"min":5.70588827133,"var":0.159199312329},"spectral_flux":{"dmean":0.0387010574341,"dmean2":0.0642138272524,"dvar":0.00234766164795,"dvar2":0.00540063157678,"max":0.540323019028,"mean":0.148485898972,"median":0.145339220762,"min":6.40070565994e-11,"var":0.0055899694562},"spectral_kurtosis":{"dmean":2.94553089142,"dmean2":4.31169891357,"dvar":11.7905979156,"dvar2":27.7605514526,"max":66.0605697632,"mean":14.8952312469,"median":14.3662910461,"min":-1.31097126007,"var":59.9842338562},"spectral_rms":{"dmean":0.00146243383642,"dmean2":0.00226917886175,"dvar":0.0000029880970942,"dvar2":0.00000734354807719,"max":0.0207762233913,"mean":0.00777300959453,"median":0.00804660096765,"min":3.14955570305e-12,"var":0.00000932729108172},"spectral_rolloff":{"dmean":3456.10766602,"dmean2":6435.14160156,"dvar":41913772,"dvar2":99896520,"max":22050,"mean":13657.3759766,"median":20391.9433594,"min":43.06640625,"var":91347904},"spectral_skewness":{"dmean":0.260887593031,"dmean2":0.377439618111,"dvar":0.0766313299537,"dvar2":0.166123077273,"max":6.77252817154,"mean":2.62291550636,"median":2.62748217583,"min":-0.360480189323,"var":0.513246774673},"spectral_spread":{"dmean":597788.5625,"dmean2":842485.375,"dvar":608313933824,"dvar2":1129577185280,"max":41407768,"mean":5149462.5,"median":4611127,"min":1238564.625,"var":6475291295740},"spectral_strongpeak":{"dmean":6.19139432907,"dmean2":11.7716817856,"dvar":437.992462158,"dvar2":1251.26135254,"max":228.795043945,"mean":5.85139322281,"median":0.313011884689,"min":0,"var":564.378417969},"zerocrossingrate":{"dmean":0.0427687093616,"dmean2":0.0554324425757,"dvar":0.00147668120917,"dvar2":0.00253604119644,"max":0.99951171875,"mean":0.276920825243,"median":0.290771484375,"min":0.00244140625,"var":0.0179088581353}},"metadata":{"audio_properties":{"analysis_sample_rate":44100,"bit_rate":256000,"codec":"mp3","downmix":"mix","equal_loudness":0,"length":201.926528931,"lossless":false,"md5_encoded":"9a43380479730dcb5671d5a6a2b92d58","replay_gain":0.966379165649,"sample_rate":44100},"tags":{"acoustid_id":["fce9c4c4-064c-4a99-9804-94997c87b11d"],"album":["Blackened Sky"],"albumartist":["Biffy Clyro"],"artist":["Biffy Clyro"],"date":["2002"],"discnumber":["1/1"],"file_name":"08 - Biffy Clyro - 57.mp3","musicbrainz_albumartistid":["892500b7-09a6-4049-ba92-2d192dd70563"],"musicbrainz_albumid":["e9ef1da2-8c4c-498e-81cb-ad9229d72860"],"musicbrainz_artistid":["892500b7-09a6-4049-ba92-2d192dd70563"],"musicbrainz_recordingid":["70d61e2e-1a22-4686-97e8-e1db977558ca"],"musicbrainz_releasegroupid":["d899e863-8fcb-387c-8f2c-9d3df37c39b2"],"replaygain_album_gain":["+0.28 dB"],"replaygain_album_peak":["0.351622"],"replaygain_track_gain":["-0.89 dB"],"replaygain_track_peak":["0.348112"],"title":["57"],"tracknumber":["8/12"]},"version":{"essentia":"2.1-beta1","essentia_build_sha":"e76a03f03bb3900de42a1fa0d9be1e72f12def64","essentia_git_sha":"v2.1_beta1-28-g21ef5f4-dirty","extractor":"music 1.0"}},"rhythm":{"beats_count":346,"beats_loudness":{"dmean":0.0298678632826,"dmean2":0.052445050329,"dvar":0.00061870040372,"dvar2":0.00170924153645,"max":0.199525788426,"mean":0.085251942277,"median":0.0842732563615,"min":6.12197936789e-8,"var":0.00142585264985},"beats_loudness_band_ratio":{"dmean":[0.212494090199,0.0795509517193,0.0625255480409,0.0477853268385,0.0268168654293,0.0969634801149],"dmean2":[0.38674724102,0.146781340241,0.116623945534,0.0879648029804,0.048130966723,0.168368965387],"dvar":[0.0238255765289,0.0126778781414,0.00763721624389,0.00259939860553,0.000621045881417,0.00657902099192],"dvar2":[0.0759193450212,0.0410918109119,0.0236881114542,0.00757818249986,0.00182878505439,0.0187190044671],"max":[0.953172564507,0.928790211678,0.595826208591,0.490347146988,0.218865826726,0.710582256317],"mean":[0.539704620838,0.084031522274,0.0617118