{"lowlevel":{"average_loudness":0.977818071842,"barkbands":{"dmean":[0.0000778855683166,0.00102725555189,0.00163472048007,0.00101161550265,0.00211477396078,0.00135028618388,0.000874249439221,0.000579160288908,0.000421655655373,0.00044392698328,0.000403388316045,0.000573811179493,0.000389776920201,0.000295200763503,0.00033598850132,0.000233035898418,0.000274634541711,0.000332869938575,0.000382985104807,0.000291501666652,0.00016057123139,0.000140430289321,0.000158879323862,0.000130066458951,0.000092614282039,0.0000321118313877,0.00000807204287412],"dmean2":[0.000123515361338,0.00175623083487,0.00292061991058,0.00185223936569,0.00350732170045,0.00218175491318,0.00140963366721,0.000930936483201,0.000667880172841,0.000707837403752,0.000628441397566,0.000895571545698,0.00062522594817,0.000480401329696,0.000539746077266,0.000364697800251,0.000424946541898,0.000511512276717,0.000576934427954,0.000441022624727,0.000238504886511,0.000204915937502,0.000225803087233,0.000187752782949,0.000135200069053,0.0000480354319734,0.0000128959718495],"dvar":[1.7729986368e-8,0.00000753724907554,0.0000138201467053,0.00000380393862542,0.00000824371818453,0.00000583699147683,0.00000348142270923,0.00000168115275301,7.12639575795e-7,0.00000104847947568,0.00000157979002324,0.00000253554890151,6.55559972529e-7,1.86593595686e-7,2.03423084599e-7,1.70785227738e-7,1.52452798829e-7,1.98614444002e-7,2.61976396132e-7,2.29065634016e-7,1.16674080175e-7,2.04635270507e-7,1.98751365588e-7,1.65608383895e-7,9.12422848387e-8,5.56969137477e-9,8.28718094148e-10],"dvar2":[4.13329956928e-8,0.0000203300114663,0.0000406085309805,0.0000117507506729,0.0000216984408326,0.0000152357952174,0.0000086617683337,0.00000422354332841,0.00000159573016845,0.00000243910244535,0.00000358476381734,0.00000564306265005,0.00000161298260082,4.57699087519e-7,4.97070573147e-7,3.90781877968e-7,3.43156102645e-7,4.5633805712e-7,5.93826996464e-7,5.41753934158e-7,2.66744137889e-7,4.76776961023e-7,4.36673758486e-7,3.07070621375e-7,1.86136247748e-7,1.19345928695e-8,2.04320027564e-9],"max":[0.00307559920475,0.0241452921182,0.0350038036704,0.0174554567784,0.0408587232232,0.0463557243347,0.0367473512888,0.0280991457403,0.0189285483211,0.0225466694683,0.0242636650801,0.0312928073108,0.012910108082,0.00658991979435,0.0059831594117,0.00759637542069,0.00581998610869,0.00846550613642,0.00659758225083,0.00851000845432,0.00607359781861,0.00988950859755,0.0106731392443,0.0151506802067,0.00791385117918,0.00175871362444,0.000545619055629],"mean":[0.000102904261439,0.00117220380343,0.00192960770801,0.00107639620546,0.00349646480754,0.00228113378398,0.00122937210836,0.000884912791662,0.00065399549203,0.000641104241367,0.000489785743412,0.000796810956672,0.00054359290516,0.000505210075062,0.000589548086282,0.000380143523216,0.000500652648043,0.000653739494737,0.000697268289514,0.00049990642583,0.000262649235083,0.000228139033425,0.000266498856945,0.000204312265851,0.00013037424651,0.0000458186405012,0.00000877897036844],"median":[0.0000362311257049,0.000352669972926,0.000970349996351,0.000435757159721,0.00242563802749,0.00127018394414,0.000583701767027,0.000374058261514,0.000387104635593,0.000306100264424,0.000116013085062,0.000196112858248,0.000263938069111,0.00035238097189,0.000430739484727,0.000228677134146,0.000338242040016,0.000495375075843,0.000475086766528,0.000285115820589,0.000127502862597,0.0000945011852309,0.0000717463844921,0.0000447196143796,0.0000323464810208,0.0000165914188983,0.00000201007719625],"min":[2.60285888273e-25,2.79514461584e-24,1.8136067518e-25,5.45362913784e-25,8.80894861564e-24,9.99315741871e-24,9.96995149746e-24,1.07139932703e-23,1.58811836608e-23,2.19640601243e-23,1.36115235514e-23,1.96886302862e-23,3.44148174522e-23,3.19561999124e-23,4.36548935409e-23,5.56326609141e-23,4.73243967929e-23,6.73877170765e-23,1.42808840202e-22,1.21625476273e-22,2.20989777427e-22,2.80193397089e-22,3.91972563978e-22,5.21745988903e-22,8.00089639698e-22,1.27005414245e-21,1.88738624316e-21],"var":[3.11805834485e-8,0.00000652053950034,0.0000102164594864,0.00000342465409631,0.0000141764294312,0.0000113013902592,0.00000468995995107,0.00000386338069802,0.00000109954225991,0.00000181084749329,0.0000021864439077,0.00000527122620042,8.39197923597e-7,3.06607233824e-7,3.45838117255e-7,2.64391928795e-7,2.89584960456e-7,3.90351260648e-7,5.16927798344e-7,3.90221543967e-7,1.77913207722e-7,2.78398971432e-7,4.38498005906e-7,3.78928888267e-7,1.45034320553e-7,8.85372664072e-9,7.89139087409e-10]},"barkbands_crest":{"dmean":2.58576822281,"dmean2":4.20156955719,"dvar":5.5562171936,"dvar2":13.819606781,"max":24.6977710724,"mean":8.25037670135,"median":7.39410734177,"min":2.19115924835,"var":14.6927251816},"barkbands_flatness_db":{"dmean":0.0197795815766,"dmean2":0.0300379320979,"dvar":0.000358259887435,"dvar2":0.000816800922621,"max":0.323102891445,"mean":0.0861656889319,"median":0.0793121010065,"min":0.0179658699781,"var":0.0012788156746},"barkbands_kurtosis":{"dmean":1.82785797119,"dmean2":2.94103431702,"dvar":10.7941484451,"dvar2":26.0378799438,"max":91.0010986328,"mean":1.26958060265,"median":-0.0163772106171,"min":-1.86040782928,"var":19.1287517548},"barkbands_skewness":{"dmean":0.513331651688,"dmean2":0.79504942894,"dvar":0.263768583536,"dvar2":0.632949769497,"max":6.85814666748,"mean":1.00215733051,"median":0.937760353088,"min":-5.12090158463,"var":0.978796303272},"barkbands_spread":{"dmean":6.97606801987,"dmean2":10.7115736008,"dvar":54.9418830872,"dvar2":128.064743042,"max":101.050735474,"mean":29.595621109,"median":28.9905338287,"min":1.09646213055,"var":148.486053467},"dissonance":{"dmean":0.0108158225194,"dmean2":0.0180287770927,"dvar":0.00012099614105,"dvar2":0.000319247017615,"max":0.500000119209,"mean":0.481228947639,"median":0.485109210014,"min":0.339402586222,"var":0.000219838038902},"dynamic_complexity":3.11011862755,"erbbands":{"dmean":[0.0140750650316,0.295232534409,1.56675040722,2.97106575966,4.68429088593,8.22903347015,9.6831817627,9.8917760849,11.7314243317,13.6581373215,11.0916347504,9.72678947449,11.7066040039,13.4472198486,16.9903202057,22.1540966034,17.256986618,13.0906639099,18.9607925415,12.0269937515,13.2855472565,15.4911832809,16.6004676819,21.5793838501,17.0547904968,13.4960746765,7.15225934982,6.13225126266,4.86928653717,4.90211343765,4.68747138977,3.29853248596,1.919459939,1.27354419231,0.537406623363,0.188650920987,0.0504538752139,0.00855829566717,0.00122788862791,0.0000994045913103],"dmean2":[0.0241975393146,0.506717920303,2.79896736145,5.38623571396,7.97040653229,13.7913417816,15.4291763306,16.0816516876,19.0111598969,22.5005016327,17.8514270782,15.2900762558,19.1194553375,20.4834022522,25.8650856018,34.0110855103,27.1434764862,20.7924213409,30.5866451263,18.8326263428,20.5888938904,23.5764884949,25.0503749847,32.9586753845,25.6827392578,20.460144043,10.4868516922,9.23837089539,7.13708734512,7.15314102173,6.71263456345,4.76199293137,2.77650117874,1.89110791683,0.7859390378,0.282651007175,0.0762966275215,0.0130055472255,0.00193837797269,0.000160008072271],"dvar":[0.000896774523426,0.652276098728,15.3198699951,35.8434791565,45.0701560974,139.843811035,358.514251709,287.381164551,546.18371582,1065.78625488,638.055603027,429.244934082,481.028656006,1218.16711426,2830.0769043,3810.55688477,1323.04199219,416.382568359,608.226867676,352.209259033,591.555603027,487.193725586,526.047973633,814.536682129,527.415100098,480.567993164,145.233230591,247.025314331,231.483795166,244.397247314,179.959472656,106.468162537,36.5324668884,19.5196380615,2.85830974579,0.19912275672,0.0149366520345,0.000677211792208,0.0000209630725294,1.18296703988e-7],"dvar2":[0.00238213292323,1.77686345577,44.3998565674,109.857887268,118.831626892,361.990631104,901.324829102,750.666320801,1334.68127441,2704.46606445,1510.38098145,921.33807373,1187.68688965,2566.79467773,6100.37548828,8446.99121094,3184.20214844,978.042358398,1524.37890625,806.505004883,1368.32019043,1077.51257324,1182.74682617,1881.05725098,1191.47766113,1127.66650391,318.050506592,581.412597656,540.324707031,564.827880859,399.796813965,206.305419922,68.8675079346,42.1091804504,5.6750369072,0.421571493149,0.0324594862759,0.00155588507187,0.0000511184553034,3.11106362005e-7],"max":[0.342541486025,6.88832616806,32.9260940552,63.8763771057,98.2714233398,172.900527954,341.061126709,297.418670654,506.526489258,769.92980957,634.765869141,439.18862915,464.780883789,950.293518066,1137.55004883,1276.7779541,596.483703613,362.546112061,338.56628418,310.6378479,442.565063477,344.527282715,446.927856445,448.904937744,264.2472229,380.456451416,232.774139404,310.463439941,353.213317871,333.210845947,305.996398926,405.14654541,204.291900635,123.488189697,43.8277320862,11.5542812347,2.48626852036,0.527763664722,0.0908836349845,0.00569614395499],"mean":[0.018796408549,0.336195409298,1.82825922966,3.54096722603,6.63615131378,13.1340007782,16.6502723694,17.0803260803,17.4932594299,18.5265541077,18.1691799164,15.5429477692,17.6545372009,19.749370575,23.5337600708,32.2783241272,25.4957485199,24.155620575,34.5407943726,22.587228775,22.3965606689,29.3330020905,34.0654182434,39.7614326477,31.4961929321,23.4855003357,12.6858625412,9.61214256287,7.93684244156,7.80127620697,7.771463871,5.30510091782,2.94999647141,1.73870885372,0.773163318634,0.27425262332,0.0691981613636,0.0109349461272,0.00134490942582,0.000121290904644],"median":[0.00636264542118,0.114847250283,0.895966053009,1.59874927998,4.17316770554,8.75298118591,9.12384033203,10.6445531845,9.03080368042,8.59077835083,8.76460266113,9.11509799957,10.7892341614,6.51940250397,6.42651891708,8.49602127075,11.8862886429,17.1159267426,26.2025241852,15.7898931503,13.8421850204,20.0680541992,25.9158554077,28.1403274536,20.733631134,13.6059360504,6.97214603424,4.31808185577,3.37568330765,2.6169962883,2.02430152893,1.24446928501,0.610399365425,0.404414266348,0.198527306318,0.0992590039968,0.0225458163768,0.00294759543613,0.000281198124867,0.0000466972960567],"min":[1.03209928648e-22,5.63173631497e-22,1.23499963769e-21,4.60419230263e-21,1.01085614835e-20,2.61270441004e-20,3.92600695168e-20,7.04138142671e-20,1.45962080768e-19,2.22485554437e-19,2.14664742691e-19,4.20522958689e-19,3.41212157774e-19,6.05899252142e-19,7.46972165577e-19,1.07400655105e-18,1.63883018532e-18,2.25578646411e-18,2.72558038429e-18,2.68726703268e-18,3.83233522258e-18,3.87154110208e-18,4.68242997888e-18,5.8619456918e-18,8.36449088599e-18,6.01921464654e-18,8.13812877546e-18,9.61940245739e-18,1.08767343593e-17,1.09081068384e-17,1.05597463408e-17,1.02365511591e-17,9.43597929246e-18,8.35723072175e-18,5.73258002067e-18,3.98531772738e-18,2.16992697768e-18,9.20592154575e-19,2.48764746456e-19,2.64196253147e-20],"var":[0.00103912060149,0.534455597401,10.8586902618,31.0144462585,62.0199165344,232.675384521,704.734802246,508.971069336,809.768554688,1150.5925293,1440.78649902,670.407409668,665.779968262,2339.17480469,4559.33740234,8105.22412109,1882.51062012,696.478210449,1055.11071777,632.507629395,880.540893555,965.90447998,1048.36254883,1563.51721191,1120.85644531,827.104858398,278.187286377,332.553253174,322.018676758,350.728668213,400.745117188,246.501693726,80.5106124878,28.1472606659,4.77692508698,0.324071586132,0.0229790527374,0.000835141923744,0.000020195480829,9.97433886596e-8]},"erbbands_crest":{"dmean":2.14706993103,"dmean2":3.50444459915,"dvar":5.35225105286,"dvar2":12.5405054092,"max":29.2494716644,"mean":6.80132389069,"median":5.62625455856,"min":2.38085246086,"var":13.8044939041},"erbbands_flatness_db":{"dmean":0.0146333035082,"dmean2":0.0220839586109,"dvar":0.000203615476494,"dvar2":0.00044546200661,"max":0.356361865997,"mean":0.133939966559,"median":0.131249085069,"min":0.0212550591677,"var":0.000761538627557},"erbbands_kurtosis":{"dmean":0.639733791351,"dmean2":1.01203989983,"dvar":0.836603581905,"dvar2":1.93168020248,"max":19.7794933319,"mean":-0.319083720446,"median":-0.644820928574,"min":-1.78584086895,"var":1.57709109783},"erbbands_skewness":{"dmean":0.340140551329,"dmean2":0.523123562336,"dvar":0.108404606581,"dvar2":0.246507048607,"max":3.39281606674,"mean":-0.148382261395,"median":-0.205837339163,"min":-2.46930122375,"var":0.350021928549},"erbbands_spread":{"dmean":7.6123085022,"dmean2":12.1476325989,"dvar":51.9625511169,"dvar2":133.731781006,"max":98.8584365845,"mean":43.3048286438,"median":42.6002616882,"min":1.87480127811,"var":165.968109131},"gfcc":{"cov":[[33486.2578125,1130.4128418,-2782.91967773,705.625549316,-1608.4876709,238.859634399,-1207.98937988,163.068405151,-757.030883789,118.996322632,-377.418670654,-46.8676071167,-455.796295166],[1130.4128418,1066.93798828,-114.661148071,107.525688171,129.425765991,-51.5272750854,3.16879248619,9.60626888275,-6.75307321548,-18.9801769257,-22.5094528198,-13.8006858826,2.25184512138],[-2782.91967773,-114.661148071,574.54888916,37.7443237305,171.428207397,61.832862854,119.214347839,11.6997871399,82.3856124878,-0.0251977201551,30.174949646,-6.24049568176,45.3426742554],[705.625549316,107.525688171,37.7443237305,296.800384521,3.07611632347,24.5553398132,-38.2152328491,10.2567472458,24.2997264862,-2.92096757889,-10.9897346497,-40.4671630859,10.5270328522],[-1608.4876709,129.425765991,171.428207397,3.07611632347,272.809631348,19.3846569061,112.225646973,8.49017715454,36.0864982605,17.3297595978,12.7022132874,11.2457466125,25.0148563385],[238.859634399,-51.5272750854,61.832862854,24.5553398132,19.3846569061,121.380119324,51.8334236145,23.6307888031,-10.7807235718,-4.62735748291,5.01306247711,3.27038884163,-9.33430671692],[-1207.98937988,3.16879248619,119.214347839,-38.2152328491,112.225646973,51.8334236145,168.610137939,36.9556846619,23.2828292847,-4.30346775055,21.8625354767,19.1270236969,11.8266477585],[163.068405151,9.60626888275,11.6997871399,10.2567472458,8.49017715454,23.6307888031,36.9556846619,68.9210357666,17.315656662,10.9790420532,-1.35792553425,-1.47457158566,-11.6305551529],[-757.030883789,-6.75307321548,82.3856124878,24.2997264862,36.0864982605,-10.7807235718,23.2828292847,17.315656662,89.1107940674,20.8699626923,8.82041549683,-10.4713373184,5.65439605713],[118.996322632,-18.9801769257,-0.0251977201551,-2.92096757889,17.3297595978,-4.62735748291,-4.30346775055,10.9790420532,20.8699626923,60.597618103,14.624540329,5.66917324066,-2.49336743355],[-377.418670654,-22.5094528198,30.174949646,-10.9897346497,12.7022132874,5.01306247711,21.8625354767,-1.35792553425,8.82041549683,14.624540329,54.5611724854,22.6003894806,12.8372936249],[-46.8676071167,-13.8006858826,-6.24049568176,-40.4671630859,11.2457466125,3.27038884163,19.1270236969,-1.47457158566,-10.4713373184,5.66917324066,22.6003894806,56.7315750122,18.4093971252],[-455.796295166,2.25184512138,45.3426742554,10.5270328522,25.0148563385,-9.33430671692,11.8266477585,-11.6305551529,5.65439605713,-2.49336743355,12.8372936249,18.4093971252,56.5819396973]],"icov":[[0.000172883505002,-0.000207246106584,0.000413552712416,-0.000377188582206,0.000563652080018,-0.000767053454183,0.000654776755255,-0.000543662405107,0.000819812878035,-0.000879267579876,0.000729454448447,-0.000625355984084,0.000432633823948],[-0.000207246106584,0.00145996804349,-0.0000341055201716,-0.0000741547773941,-0.00168344611302,0.00157212710474,-0.000703539466485,0.000201276910957,-0.000797610671725,0.00177149486262,-0.000861422449816,0.000757527654059,-0.000387676875107],[0.000413552712416,-0.0000341055201716,0.00399791542441,-0.00101376709063,-0.000139390976983,-0.00306112435646,0.00110968784429,-0.000943487684708,-0.000156727503054,-0.000965711369645,0.000795446627308,-0.000164982411661,-0.000705370970536],[-0.000377188582206,-0.0000741547773941,-0.00101376709063,0.00556531967595,-0.00146765541285,-0.00052959821187,0.000904001761228,-0.0000332069430442,-0.00305410055444,0.00243499688804,-0.00223721866496,0.00477269850671,-0.00352556956932],[0.000563652080018,-0.00168344611302,-0.000139390976983,-0.00146765541285,0.008923583664,-0.00202008895576,-0.00241993134841,0.000542319263332,0.00255781179294,-0.00632247654721,0.00429858826101,-0.00266008637846,0.00068717810791],[-0.000767053454183,0.00157212710474,-0.00306112435646,-0.00052959821187,-0.00202008895576,0.0156991109252,-0.00682502938434,0.000234175735386,0.000524657138158,0.00379709457047,-0.00336206424981,0.00133877329063,0.0017097761156],[0.000654776755255,-0.000703539466485,0.00110968784429,0.000904001761228,-0.00241993134841,-0.00682502938434,0.0158980358392,-0.00820870138705,0.00117115862668,0.00145972403698,-0.00089795544045,-0.00326248956844,0.000391232577385],[-0.000543662405107,0.000201276910957,-0.000943487684708,-0.0000332069430442,0.000542319263332,0.000234175735386,-0.00820870138705,0.0224383343011,-0.00592157011852,-0.00184078095481,0.00117880804464,0.000483872019686,0.00258742412552],[0.000819812878035,-0.000797610671725,-0.000156727503054,-0.00305410055444,0.00255781179294,0.000524657138158,0.00117115862668,-0.00592157011852,0.0209089163691,-0.00921382755041,0.00198052288033,0.000651736219879,0.00166642304976],[-0.000879267579876,0.00177149486262,-0.000965711369645,0.00243499688804,-0.00632247654721,0.00379709457047,0.00145972403698,-0.00184078095481,-0.00921382755041,0.0269073527306,-0.0101534295827,0.00154579116497,-0.00018736050697],[0.000729454448447,-0.000861422449816,0.000795446627308,-0.00223721866496,0.00429858826101,-0.00336206424981,-0.00089795544045,0.00117880804464,0.00198052288033,-0.0101534295827,0.0290150567889,-0.0116972401738,0.000241673595156],[-0.000625355984084,0.000757527654059,-0.000164982411661,0.00477269850671,-0.00266008637846,0.00133877329063,-0.00326248956844,0.000483872019686,0.000651736219879,0.00154579116497,-0.0116972401738,0.0303993802518,-0.0108790276572],[0.000432633823948,-0.000387676875107,-0.000705370970536,-0.00352556956932,0.00068717810791,0.0017097761156,0.000391232577385,0.00258742412552,0.00166642304976,-0.00018736050697,0.000241673595156,-0.0108790276572,0.0261334870011]],"mean":[-5.88700675964,66.9765167236,-121.748588562,33.2346153259,-56.6091690063,-0.143612742424,-45.5763893127,4.14123392105,-29.4010639191,-0.342909783125,-15.449971199,-2.78185796738,-15.8383817673]},"hfc":{"dmean":9.22455024719,"dmean2":12.0097923279,"dvar":217.682617188,"dvar2":390.928436279,"max":259.993927002,"mean":24.7912063599,"median":17.2854328156,"min":1.10433052081e-16,"var":643.104797363},"melbands":{"dmean":[0.000202410199563,0.000674801995046,0.000498082488775,0.000500975991599,0.000323609274346,0.00023434186005,0.000174674773007,0.000147546976223,0.000090804125648,0.0000571527270949,0.0000606142311881,0.0000563733992749,0.0000562846180401,0.0000673919930705,0.000052726631111,0.0000329633076035,0.0000256187158811,0.0000326195186062,0.0000231704379985,0.0000148349245137,0.0000162785127031,0.0000161974930961,0.0000176880803338,0.0000160143354151,0.0000193562227651,0.0000134272695504,0.0000128437168314,0.00000857634313434,0.0000049421487347,0.00000394929020331,0.00000345294802173,0.00000277211461253,0.00000303365004584,0.00000270726832241,0.00000270119835477,0.0000027195403618,0.0000018939738311,0.00000142487215271,0.00000121479206427,0.00000109017844352],"dmean2":[0.000346611137502,0.00119683006778,0.000895937089808,0.00084238499403,0.000515504390933,0.000379598117433,0.00028286097222,0.000241336063482,0.000146586695337,0.0000902644533198,0.0000993273715721,0.0000867530252435,0.000085987507191,0.000104305712739,0.0000813986262074,0.0000534080172656,0.0000413534980908,0.0000532761914656,0.0000373660514015,0.0000232507827604,0.0000256811181316,0.0000253340949712,0.0000274229296338,0.0000246823638008,0.0000300728897855,0.0000205958349397,0.0000200524409593,0.0000132320483317,0.00000741376015867,0.00000603141506872,0.00000527457723365,0.00000417703722633,0.00000458519207314,0.00000402815749112,0.00000397091889681,0.00000403703324992,0.00000278170114143,0.00000211551991924,0.00000180552876827,0.00000165419123732],"dvar":[2.5239455681e-7,0.00000297908741231,8.25187214559e-7,4.84765791953e-7,3.21994406249e-7,1.53599145847e-7,1.26448242099e-7,1.14770756454e-7,3.70457371446e-8,1.46549217206e-8,1.38628690749e-8,2.20996980715e-8,3.31549934174e-8,3.71282098399e-8,1.96522194074e-8,4.00363386888e-9,1.64030089511e-9,1.84703841111e-9,1.04017816582e-9,6.02171312813e-10,9.16852094246e-10,5.80412162776e-10,6.11390826855e-10,4.54196735777e-10,6.90738355402e-10,3.75252245943e-10,4.45806364047e-10,1.99708000137e-10,6.20290069309e-11,7.99102728433e-11,8.75684733059e-11,7.20001766541e-11,1.23694346432e-10,6.5772672031e-11,6.12353223683e-11,7.15249318106e-11,3.64053683033e-11,2.04700718182e-11,1.70499690755e-11,1.60752001988e-11],"dvar2":[6.74567786518e-7,0.00000850336891745,0.00000249053459811,0.00000128342890093,8.11041559245e-7,4.01361745617e-7,3.11685511178e-7,2.911319541e-7,8.72996466228e-8,3.1770571951e-8,3.42602568537e-8,4.70975329847e-8,7.31937745968e-8,7.90760452674e-8,4.38882175047e-8,1.00395176617e-8,3.97879107439e-9,4.71978900407e-9,2.5449331531e-9,1.37390199217e-9,2.16381290663e-9,1.34092892345e-9,1.42952061299e-9,1.06912267928e-9,1.65033242627e-9,8.7064505605e-10,1.09180653407e-9,4.72059613621e-10,1.38160871632e-10,1.8428038262e-10,2.11244521875e-10,1.71689551465e-10,3.00054231461e-10,1.52980947354e-10,1.43661221808e-10,1.51255799552e-10,7.1158461068e-11,3.97140029196e-11,3.58934756917e-11,3.62544994026e-11],"max":[0.00490946974605,0.0143429348245,0.0094600468874,0.00912915356457,0.00953727401793,0.00681204628199,0.00809755641967,0.00764600420371,0.00471890624613,0.00249148509465,0.00249168928713,0.0038539157249,0.00398887135088,0.0047047608532,0.0041279643774,0.00133637245744,0.000730959873181,0.000630089722108,0.000451986212283,0.000374295108486,0.000509981473442,0.000374424125766,0.000420772848884,0.000326504581608,0.000439881550847,0.000251583202044,0.000452024280094,0.000267588358838,0.000141950280522,0.000184693315532,0.000201024828129,0.000170610277564,0.000255861465121,0.000179299342562,0.000132529705297,0.000349938025465,0.000242370428168,0.000158873546752,0.00011979170813,0.00011674270354],"mean":[0.00025818622089,0.000809075892903,0.000648161221761,0.000774154032115,0.000591234769672,0.000404690712458,0.00025765542523,0.000204345473321,0.00014648353681,0.0000903464169824,0.0000875368859852,0.0000796129461378,0.0000722256299923,0.0000909961308935,0.0000719412346371,0.000048985297326,0.0000437046219304,0.0000561864253541,0.0000399910677515,0.0000249670865742,0.0000256358343904,0.000028487005693,0.0000324946886394,0.0000305754692818,0.000033087668271,0.0000231950016314,0.0000213104958675,0.0000142000099004,0.00000848938452691,0.0000060075572037,0.00000520383809999,0.00000434860339737,0.00000459562397737,0.00000414618352806,0.00000436554819316,0.00000427244776802,0.00000288298701889,0.00000212831423596,0.00000169063798694,0.00000140727911457],"median":[0.0000845159447636,0.000396700954298,0.000358547840733,0.000511604710482,0.000357535522198,0.000249163218541,0.000130313361296,0.000089943758212,0.0000733139168005,0.0000537128289579,0.0000508279990754,0.0000251319524978,0.0000182902003871,0.0000220910842472,0.0000207763041544,0.0000275298698398,0.0000298380164168,0.0000414254391217,0.0000287093826046,0.0000156630158017,0.0000151876938617,0.0000186395227502,0.0000234449889831,0.0000227658092626,0.0000223699516937,0.0000148763601828,0.0000124455218611,0.00000792551054474,0.00000468201869808,0.000002703540531,0.00000225145527111,0.00000179725100224,0.00000177098741005,0.00000127299335873,0.000001138503535,0.00000103355728243,6.23263247235e-7,4.11498234598e-7,3.51811422661e-7,3.21400904113e-7],"min":[1.38210777456e-24,7.22578445382e-25,9.35031111717e-25,1.37016797033e-24,1.10590380721e-24,1.38867908451e-24,2.17368808054e-24,2.30529847852e-24,1.81643762846e-24,2.21969898448e-24,1.46570602709e-24,2.31847521665e-24,2.65306938631e-24,2.21397086823e-24,2.86760148999e-24,2.98208197063e-24,3.67460520995e-24,3.15465416833e-24,3.6206660567e-24,2.84734235865e-24,3.51527700077e-24,3.13060751857e-24,3.50028036054e-24,3.61924610707e-24,4.54175819344e-24,4.54463950789e-24,3.33591290789e-24,3.28928629801e-24,4.32166639531e-24,3.96371681526e-24,4.31716831043e-24,5.26657187619e-24,5.10957553985e-24,5.31777170995e-24,5.11616134512e-24,5.0717827916e-24,5.77001659502e-24,5.36251945037e-24,5.06414464589e-24,6.90555425795e-24],"var":[2.45874446136e-7,0.00000219688331526,7.81665846716e-7,7.70339966039e-7,6.52699895909e-7,2.8600220503e-7,1.85316324064e-7,1.47792064809e-7,7.7799562348e-8,2.24107967739e-8,1.89893949454e-8,4.21436183728e-8,4.80345647702e-8,7.43868184827e-8,3.63770951139e-8,4.914344931e-9,2.53030951747e-9,3.00180813539e-9,1.70566671898e-9,1.02080766062e-9,1.2763835544e-9,1.03312736144e-9,1.09053421848e-9,8.80662764935e-10,1.19698850831e-9,6.90716372986e-10,7.24555915266e-10,3.26752513935e-10,1.19287343892e-10,1.11326170504e-10,1.1066705885e-10,1.02508918021e-10,1.40615061262e-10,9.78011421848e-11,1.23948754038e-10,1.53946119741e-10,7.81364278835e-11,4.45127372461e-11,2.82339082669e-11,2.04549519683e-11]},"melbands_crest":{"dmean":3.38632154465,"dmean2":5.65029907227,"dvar":8.93739032745,"dvar2":24.002199173,"max":35.7492027283,"mean":11.6093845367,"median":10.851852417,"min":1.59651076794,"var":22.0834941864},"melbands_flatness_db":{"dmean":0.0272442661226,"dmean2":0.0403211303055,"dvar":0.000644885352813,"dvar2":0.00144840718713,"max":0.450871735811,"mean":0.139815285802,"median":0.13716879487,"min":0.00324212899432,"var":0.00296056759544},"melbands_kurtosis":{"dmean":4.85630178452,"dmean2":7.93561220169,"dvar":58.4346809387,"dvar2":149.547592163,"max":190.488174438,"mean":7.52719306946,"median":4.56287956238,"min":-1.76978552341,"var":105.928108215},"melbands_skewness":{"dmean":0.660945951939,"dmean2":1.05270648003,"dvar":0.463842481375,"dvar2":1.18822598457,"max":12.7123346329,"mean":2.22842025757,"median":2.10486221313,"min":-3.13150954247,"var":1.50646352768},"melbands_spread":{"dmean":11.3723506927,"dmean2":17.4335670471,"dvar":198.656845093,"dvar2":448.689727783,"max":244.81602478,"mean":36.4078712463,"median":31.507019043,"min":0.904733538628,"var":636.997741699},"mfcc":{"cov":[[14254.2099609,1112.23022461,-443.534423828,196.857833862,-147.424484253,-141.368408203,-164.266204834,-108.437515259,-282.197174072,-9.10560798645,-68.8637542725,-28.3766765594,-44.1286354065],[1112.23022461,1156.25073242,-170.871841431,193.131561279,69.3164901733,15.1976633072,25.6974468231,35.1010093689,-11.3454418182,8.41207885742,24.4131507874,-31.6206130981,-42.345500946],[-443.534423828,-170.871841431,321.060455322,33.7347831726,50.4535980225,30.806350708,9.40394973755,16.1534900665,23.8817939758,24.5730934143,-2.83891749382,-3.19886755943,19.9569644928],[196.857833862,193.131561279,33.7347831726,232.911087036,89.7293548584,25.8132667542,-4.00049304962,-3.69115281105,26.7283344269,30.1625423431,17.0623035431,-18.6992511749,-15.9629507065],[-147.424484253,69.3164901733,50.4535980225,89.7293548584,126.984817505,42.9499931335,7.32210588455,-2.91749000549,18.8941116333,18.6533985138,14.602104187,-9.83492851257,-6.32526063919],[-141.368408203,15.1976633072,30.806350708,25.8132667542,42.9499931335,89.4981307983,46.4367103577,23.6134567261,18.6565418243,9.00551509857,4.87197303772,6.99067974091,-2.722843647],[-164.266204834,25.6974468231,9.40394973755,-4.00049304962,7.32210588455,46.4367103577,120.060501099,53.0381240845,19.1652641296,0.0132647268474,-2.20263767242,17.0774536133,16.2813224792],[-108.437515259,35.1010093689,16.1534900665,-3.69115281105,-2.91749000549,23.6134567261,53.0381240845,86.4745254517,26.4017677307,5.42390918732,4.47285747528,13.7455968857,9.77101993561],[-282.197174072,-11.3454418182,23.8817939758,26.7283344269,18.8941116333,18.6565418243,19.1652641296,26.4017677307,68.4245681763,23.3272914886,12.7878160477,9.19639015198,-7.05948019028],[-9.10560798645,8.41207885742,24.5730934143,30.1625423431,18.6533985138,9.00551509857,0.0132647268474,5.42390918732,23.3272914886,68.7688140869,23.2830085754,2.58515572548,-8.08203029633],[-68.8637542725,24.4131507874,-2.83891749382,17.0623035431,14.602104187,4.87197303772,-2.20263767242,4.47285747528,12.7878160477,23.2830085754,54.1341629028,16.5986785889,-1.51949095726],[-28.3766765594,-31.6206130981,-3.19886755943,-18.6992511749,-9.83492851257,6.99067974091,17.0774536133,13.7455968857,9.19639015198,2.58515572548,16.5986785889,58.9639968872,16.8414268494],[-44.1286354065,-42.345500946,19.9569644928,-15.9629507065,-6.32526063919,-2.722843647,16.2813224792,9.77101993561,-7.05948019028,-8.08203029633,-1.51949095726,16.8414268494,57.8420372009]],"icov":[[0.0000892163734534,-0.0000674209659337,0.000060673119151,-0.000123801859445,0.000136064350954,0.00000235833999795,0.0000875603509485,-0.0000209677473322,0.000371707137674,-0.000161386182299,0.000178252041223,-0.000135287060402,0.000024381590265],[-0.0000674209659337,0.00131383875851,0.000724454643205,-0.000986875034869,-0.000456279696664,0.00021635745361,-0.000344617990777,-0.000981052289717,0.000638893456198,0.000185758472071,-0.000529836805072,0.000508616562001,0.000553040707018],[0.000060673119151,0.000724454643205,0.00417081546038,-0.000647054053843,-0.00132071855478,-0.000647128385026,0.000545640941709,-0.00112493091729,0.00000649395815344,-0.00130930147134,0.00104010873474,0.000593449454755,-0.00150701671373],[-0.000123801859445,-0.000986875034869,-0.000647054053843,0.00738095212728,-0.0039060562849,0.0000458236099803,0.000340327969752,0.000976683222689,-0.00250227213837,-0.000969885382801,-0.000491533719469,0.00132851675153,-0.0000831320503494],[0.000136064350954,-0.000456279696664,-0.00132071855478,-0.0039060562849,0.0139560028911,-0.00554628716782,0.00047000910854,0.00228786468506,-0.000745775352698,-0.000132082495838,-0.00223811203614,0.001807141467,-0.000800682057161],[0.00000235833999795,0.00021635745361,-0.000647128385026,0.0000458236099803,-0.00554628716782,0.0177898779511,-0.00607552099973,-0.00123731221538,-0.000362016784493,-0.000125978665892,0.000382544560125,-0.00179722148459,0.0030177347362],[0.0000875603509485,-0.000344617990777,0.000545640941709,0.000340327969752,0.00047000910854,-0.00607552099973,0.0143794128671,-0.00631898129359,-0.000613650481682,0.0000214512692764,0.00224475981668,-0.00156336743385,-0.00305222603492],[-0.0000209677473322,-0.000981052289717,-0.00112493091729,0.000976683222689,0.00228786468506,-0.00123731221538,-0.00631898129359,0.0186337418854,-0.00600064685568,0.00029124863795,-0.00082582392497,-0.000605885172263,-0.00179061572999],[0.000371707137674,0.000638893456198,0.00000649395815344,-0.00250227213837,-0.000745775352698,-0.000362016784493,-0.000613650481682,-0.00600064685568,0.0227057673037,-0.00518614333123,-0.000371398695279,-0.00315774278715,0.00410250760615],[-0.000161386182299,0.000185758472071,-0.00130930147134,-0.000969885382801,-0.000132082495838,-0.000125978665892,0.0000214512692764,0.00029124863795,-0.00518614333123,0.0199424177408,-0.00768928974867,0.00116616720334,0.00173331075348],[0.000178252041223,-0.000529836805072,0.00104010873474,-0.000491533719469,-0.00223811203614,0.000382544560125,0.00224475981668,-0.00082582392497,-0.000371398695279,-0.00768928974867,0.0257911980152,-0.00817431788892,0.000472359562991],[-0.000135287060402,0.000508616562001,0.000593449454755,0.00132851675153,0.001807141467,-0.00179722148459,-0.00156336743385,-0.000605885172263,-0.00315774278715,0.00116616720334,-0.00817431788892,0.0232170186937,-0.00611066771671],[0.000024381590265,0.000553040707018,-0.00150701671373,-0.0000831320503494,-0.000800682057161,0.0030177347362,-0.00305222603492,-0.00179061572999,0.00410250760615,0.00173331075348,0.000472359562991,-0.00611066771671,0.0219595693052]],"mean":[-633.43347168,98.026802063,-9.88650035858,27.745426178,4.35025644302,-2.7949616909,-4.63647127151,-2.55991315842,-11.8592796326,0.950528919697,-2.1215429306,-5.78901815414,-6.24471950531]},"pitch_salience":{"dmean":0.0670206919312,"dmean2":0.108616396785,"dvar":0.00370709458366,"dvar2":0.00933500286192,"max":0.989025831223,"mean":0.658309936523,"median":0.68078237772,"min":0.128214731812,"var":0.0105728060007},"silence_rate_20dB":{"dmean":0,"dmean2":0,"dvar":0,"dvar2":0,"max":1,"mean":1,"median":1,"min":1,"var":0},"silence_rate_30dB":{"dmean":0,"dmean2":0,"dvar":0,"dvar2":0,"max":1,"mean":1,"median":1,"min":1,"var":0},"silence_rate_60dB":{"dmean":0.00464989058673,"dmean2":0.0093010533601,"dvar":0.00462841847911,"dvar2":0.00976130459458,"max":1,"mean":0.0648160800338,"median":0,"min":0,"var":0.0606146007776},"spectral_centroid":{"dmean":353.362731934,"dmean2":534.657714844,"dvar":134411.109375,"dvar2":280890.53125,"max":11622.7509766,"mean":1952.22314453,"median":1807.44042969,"min":217.165756226,"var":1768133.75},"spectral_complexity":{"dmean":5.70924520493,"dmean2":7.62713718414,"dvar":31.1616401672,"dvar2":49.7150039673,"max":61,"mean":28.1560230255,"median":29,"min":0,"var":183.860290527},"spectral_contrast_coeffs":{"dmean":[0.0527737773955,0.0486509874463,0.0377700440586,0.0270121302456,0.0210118796676,0.017368670553],"dmean2":[0.0866128876805,0.0796849429607,0.0612989924848,0.0449887998402,0.0346367955208,0.0278496704996],"dvar":[0.00186754285824,0.00154655869119,0.000923280429561,0.000460098992335,0.000313854921842,0.000230109042604],"dvar2":[0.00473305908963,0.00405554613099,0.00237933895551,0.00124494137708,0.00081403425429,0.000561146764085],"max":[-0.307764738798,-0.476063042879,-0.533073604107,-0.630493462086,-0.542873680592,-0.657589912415],"mean":[-0.603324115276,-0.755733847618,-0.803076028824,-0.814606964588,-0.799403965473,-0.771302938461],"median":[-0.599027216434,-0.760129749775,-0.807826161385,-0.813967585564,-0.797214269638,-0.766671597958],"min":[-0.977516770363,-0.978501796722,-0.982435584068,-0.978976845741,-0.974375426769,-0.966361820698],"var":[0.00938548147678,0.00541556393728,0.00325222825631,0.00152782106306,0.00135159213096,0.00145877257455]},"spectral_contrast_valleys":{"dmean":[0.444540292025,0.362215965986,0.33231279254,0.281510800123,0.281580895185,0.380716502666],"dmean2":[0.710695981979,0.578037858009,0.510012328625,0.418408602476,0.372194975615,0.465566754341],"dvar":[0.179228156805,0.114044703543,0.105049081147,0.0914694964886,0.107912860811,0.182764217257],"dvar2":[0.369555532932,0.234737098217,0.194429054856,0.148899063468,0.163627162576,0.320367544889],"max":[-5.4445066452,-4.69686746597,-5.37149620056,-5.35909557343,-5.36693620682,-7.11589479446],"mean":[-8.04838275909,-6.9096903801,-7.5415892601,-7.5348033905,-7.26858615875,-10.067937851],"median":[-7.55498886108,-6.36939668655,-7.05486154556,-6.99712991714,-6.73907709122,-9.68204879761],"min":[-28.0951747894,-28.208864212,-27.7738742828,-27.85572052,-27.5600643158,-27.3827896118],"var":[7.74512004852,8.31951808929,7.73864126205,7.84583711624,7.93023586273,6.40616893768]},"spectral_decrease":{"dmean":1.67439695442e-9,"dmean2":2.64489341539e-9,"dvar":5.06118481443e-18,"dvar2":1.28825993682e-17,"max":9.28324816785e-17,"mean":-4.7753125898e-9,"median":-4.111538221e-9,"min":-1.94032843126e-8,"var":8.59843658837e-18},"spectral_energy":{"dmean":0.00686348835006,"dmean2":0.0106071792543,"dvar":0.0000800625566626,"dvar2":0.000196576380404,"max":0.0759078860283,"mean":0.0202717464417,"median":0.0174445398152,"min":1.00908102199e-20,"var":0.000151938977069},"spectral_energyband_high":{"dmean":0.000732404529117,"dmean2":0.000993851223029,"dvar":0.00000282200426227,"dvar2":0.00000557036628379,"max":0.0310737472028,"mean":0.00136639270931,"median":0.00057023827685,"min":7.00305081416e-21,"var":0.00000652324933981},"spectral_energyband_low":{"dmean":0.00294347153977,"dmean2":0.0052734981291,"dvar":0.0000507322183694,"dvar2":0.000147608821862,"max":0.0593328252435,"mean":0.00383247062564,"median":0.00197942298837,"min":1.54308355918e-23,"var":0.0000408377309213},"spectral_energyband_middle_high":{"dmean":0.00234807049856,"dmean2":0.00312955793925,"dvar":0.0000109486800284,"dvar2":0.0000190976843442,"max":0.0393374487758,"mean":0.00597700243816,"median":0.00424895947799,"min":1.06446603485e-21,"var":0.0000337234196195},"spectral_energyband_middle_low":{"dmean":0.00387369422242,"dmean2":0.00625701714307,"dvar":0.0000196163218789,"dvar2":0.0000501255490235,"max":0.0504668615758,"mean":0.00984036270529,"median":0.0084498571232,"min":1.69336452774e-22,"var":0.0000428256535088},"spectral_entropy":{"dmean":0.129544794559,"dmean2":0.183523863554,"dvar":0.0186174008995,"dvar2":0.0358342193067,"max":9.81781387329,"mean":7.8974852562,"median":7.881919384,"min":6.05326795578,"var":0.132903143764},"spectral_flux":{"dmean":0.0212580375373,"dmean2":0.0317167267203,"dvar":0.000611824798398,"dvar2":0.00121294311248,"max":0.239445880055,"mean":0.0828957185149,"median":0.0786704421043,"min":6.31646054905e-11,"var":0.00165262282826},"spectral_kurtosis":{"dmean":0.985372841358,"dmean2":1.59862315655,"dvar":1.08677518368,"dvar2":2.77037239075,"max":23.3126468658,"mean":3.91489553452,"median":3.77415037155,"min":-1.28697931767,"var":3.51051020622},"spectral_rms":{"dmean":0.00069553765934,"dmean2":0.00104948447552,"dvar":6.43758880869e-7,"dvar2":0.00000147690650465,"max":0.00860560685396,"mean":0.0041745104827,"median":0.0041254167445,"min":3.13762535918e-12,"var":0.00000235082075051},"spectral_rolloff":{"dmean":763.267028809,"dmean2":1204.88745117,"dvar":986391.75,"dvar2":2015343.5,"max":21447.0703125,"mean":2627.86816406,"median":2196.38671875,"min":43.06640625,"var":7088529},"spectral_skewness":{"dmean":0.16134993732,"dmean2":0.254307925701,"dvar":0.0257880240679,"dvar2":0.061252925545,"max":3.16048049927,"mean":1.34881985188,"median":1.35181868076,"min":-0.0948278680444,"var":0.110889300704},"spectral_spread":{"dmean":468236.90625,"dmean2":706065.5,"dvar":433515200512,"dvar2":789315387392,"max":43052216,"mean":4999369.5,"median":4243840,"min":1420199.125,"var":22355218792400},"spectral_strongpeak":{"dmean":0.407473802567,"dmean2":0.681495428085,"dvar":0.385780155659,"dvar2":0.956929683685,"max":14.5088386536,"mean":0.719729542732,"median":0.479517757893,"min":0,"var":0.691205739975},"zerocrossingrate":{"dmean":0.0136020919308,"dmean2":0.0152904633433,"dvar":0.000241077999817,"dvar2":0.000285696121864,"max":0.533203125,"mean":0.088042460382,"median":0.07373046875,"min":0.0029296875,"var":0.00444973725826}},"metadata":{"audio_properties":{"analysis_sample_rate":44100,"bit_rate":0,"codec":"flac","downmix":"mix","equal_loudness":0,"length":169.773330688,"lossless":true,"md5_encoded":"795280798adce92b6aa9cb098717f004","replay_gain":-16.6838855743,"sample_rate":44100},"tags":{"acoustid_fingerprint":["AQADtFPERErEKEET4ukxXUGYejn6DOJ34d0LH39wDs64483wi3hc7LhxHen3wtHRX7iKP0UzHU9Q-cifQ0fM4z1-NJyHLDpOvIJGfng-_OhRWTCP1_AfoitzqB-af9Be4iqaMZHR82iOyi_-GFco-IeeoITlEd84iPrxUh565EyO8sORQy6oH9VxR0JzHm2oQ8tRHTcy7kHDos8iI66O8Dp85vCj49KP_qgOgzzSuNCFlBf6o_7R3EN-NOFYaF3xIzzC6IrxDlLIHc0v_DjOow-aD_qR4-jKF392pA5xXoPYLUZIogeTJ8N94RfOI88gNSdypkd_4T189MaT4EM-Bc896Dvq7dBy4kVekJ1M8DNunMZruI5xMfjxice_o1V4eBpyeoE-5M_xHD_sovuH8HCKs7C1Iz-8Wehz_IivFc1VWI4OjYmOfAn-bajFdEi7jcGPrse14hkpHK2PlFGi6Oj54sfnFH-C9nDE8Oh95BvOjS2ehNCyH22UCw8ZHs9yNAjP4OJRIldjhKQ-nOoRkguaB_qJ_Mf1Bf0-NBFXXPGwS8fRKkTOLCfE4zq6dI6wD50meAx-aDn0RauMlnrQ5EdeoZp6MJRy4eoinBmoKzvy_NAlpoiVpB-6G8ZL1HvxhsdNHfeOZN0ipKNwnGfw5RIuZkGf4UMznagaHp_R52jO40-Q93huaIkZI_xVFHvCwPXRH8-HJmYkBt2SzMdvXCn-G74-RF8PPVeR10WfJ_CJB2fSIz3EbFmGX8eNMLeOXwhvwTzUD-k1_Hgu-Ig09DV87VD6waJ2oT30RRuaG30I3DqaCmeSEx9zOC9M5IkzvMbNoz_CJYd4Iz-uuEOZ4__wcQ5OWGF05GwE7UPz4zy08OiFPIwedD9MXCPSlcV_9LsR8kGreji1gw-aySmqzdTwHMklBs06DqFMoz4adiCPvkgZJdLR-PguQT7Co-mo4RHGo6aCKfmQQ9t0pOThCt184QuJE3105Dr6HFoqdLpU_Cj1466R1ofxHrX04mJy3Gh0oXofPEMResVHF7qNLBIzymjO42FgCyeRE81j8C-0PNXxDGd6lBJNiPlGnCk-1M6gr4eaMTi05GiPnMyR7_iDl5uM67huaNfRkNCLJzpyXmi4D_2OHn7Ro989_Ph3JLUUF0-OHF8WSziNwz-qL-Dx8TiYR0dIatCjjEK-_PglVGaQNzOUhUd_PLg1QxdzBqEsWDr6nvh7fI7wH030oD_yCnqkI18s9EoLHxNRWUidkcO1RNAehIcNI1-PrskKLWFzFD--Xsh5NGGlKAjHEKdyKOJRXfiOS1sKLe6LHtdTxHqMqdMMj0S0QvuH6OJRxctwPfASPkTfFVcWHDlziGeOs8EZKSVqHz5d_IGeI7RodFlq1JQ4_Dilo_2LMKGh70FoHUefB__RTWjSHvmWCc2hPSHYO8iro9RzOCmJH47fgT_hPwj1H7qEH2qb8Gh-wtWGczlSBbWC_xOyP4eUU4PHo_1Riodz-B-UGv-Rk_gOaziOJowQSzrxh9CiUDPCjxru4y-mIx1zCfchkjt6_EY9HdQ_aDwqHg1B3EbnGVq4H0f-oNdgR8PhqD