{"lowlevel":{"average_loudness":0.65383040905,"barkbands":{"dmean":[0.0112550659105,0.0270511507988,0.00938487239182,0.00275064771995,0.00178838975262,0.000380989018595,0.000221353024244,0.000118793301226,0.000110187014798,0.0000961660771281,0.000161880612723,0.0000686193743604,0.0000523920389242,0.000045315024181,0.0000287424227281,0.0000259405533143,0.0000231701415032,0.0000200977374334,0.000020138822947,0.000015058970348,0.0000130865373649,0.00000918521709536,0.00000734783179723,0.00000689489706929,0.00000678318383507,0.00000740409222999,0.0000313147320412],"dmean2":[0.0194562207907,0.0452156253159,0.0156097467989,0.0043529542163,0.00291512883268,0.000641992955934,0.000368064618669,0.00020177559054,0.000183338052011,0.000159048300702,0.000233463462791,0.000109855849587,0.0000844226306072,0.0000707711224095,0.0000464922886749,0.0000415124231949,0.0000360993508366,0.0000309643837682,0.0000306878282572,0.0000238656102738,0.0000205277610803,0.0000153185083036,0.0000124452044474,0.0000117389690786,0.0000115349384942,0.000012470166439,0.0000482238756376],"dvar":[0.00133265636396,0.00339850736782,0.000355955795385,0.0000260497672571,0.0000124044508993,5.50143852251e-7,2.11277196627e-7,5.28377235298e-8,4.87028550822e-8,1.04252634969e-7,5.72077226479e-7,1.42329255937e-7,2.97245090763e-8,2.19821369996e-8,3.62240548668e-9,3.95128019193e-9,3.66150976205e-9,2.37816011328e-9,2.96279845102e-9,1.21466769976e-9,7.31982419122e-10,3.18492315854e-10,2.10217551699e-10,1.91066398814e-10,1.82035123086e-10,1.99606581264e-10,4.11043865611e-9],"dvar2":[0.00348366028629,0.00949239637703,0.00113798456732,0.0000671473608236,0.0000303701599478,0.00000143190413837,4.79628909034e-7,1.37001364919e-7,1.14619780334e-7,2.42180590249e-7,9.52668187892e-7,3.00454530588e-7,6.53234053516e-8,4.06677500564e-8,8.21323098421e-9,8.70975203071e-9,7.49134798639e-9,4.54021753526e-9,5.76602321445e-9,2.60752952563e-9,1.50510248709e-9,7.84350362437e-10,5.32466071235e-10,4.84521422983e-10,4.62313132221e-10,5.11968967221e-10,8.65484839352e-9],"max":[0.504565179348,0.902326762676,0.299210369587,0.105291604996,0.0743700489402,0.0161918401718,0.0109082711861,0.00315407430753,0.00688443053514,0.0126728890464,0.0291379336268,0.0219666920602,0.0061193970032,0.00753273023292,0.00106622313615,0.00120982062072,0.00111654016655,0.000868414004799,0.00121383497026,0.000586349400692,0.000422160199378,0.000251675199252,0.000211896185647,0.000203027462703,0.000197015149752,0.000197384797502,0.00186287879478],"mean":[0.0114107811823,0.051575511694,0.0170133188367,0.00633626384661,0.00339408568107,0.000533192418516,0.00035176135134,0.000144445584738,0.000163292366778,0.000147956554429,0.000320390041452,0.000112870562589,0.0000829749624245,0.0000775873922976,0.0000333510106429,0.0000293490247714,0.0000253845028055,0.0000226454667427,0.0000222127437155,0.0000161376774486,0.0000141012915265,0.0000093739854492,0.00000714431826054,0.00000657994860376,0.00000663552782498,0.00000790283957031,0.0000528592354385],"median":[0.00181079551112,0.0228752270341,0.00647077336907,0.00214908458292,0.000909169553779,0.000151638814714,0.0000854909376358,0.0000375081253878,0.0000405485116062,0.0000289618037641,0.0000306352703774,0.000020576910174,0.000013940529243,0.00000865323272592,0.00000626928340353,0.00000484646170662,0.00000378979075322,0.00000345402168023,0.00000305699131786,0.00000242533042183,0.00000225871372095,0.00000194835138245,0.00000156143482855,0.00000152401196374,0.00000164816356119,0.00000248387982538,0.0000126066288431],"min":[8.40748310148e-24,1.73446121479e-23,1.67279595783e-23,3.28313298574e-24,1.1965779054e-23,3.42963021452e-23,2.19830811384e-23,1.22794506603e-23,3.68260118298e-23,3.37399437923e-23,4.60430942008e-23,6.68331794145e-23,3.7904226915e-23,9.77694957725e-23,4.98790660365e-23,8.58470559478e-23,1.57549532942e-22,1.41624084718e-22,1.84100861829e-22,2.52686057138e-22,3.06540997914e-22,4.10009029228e-22,4.07558006841e-22,7.50524941043e-22,1.03160226624e-21,1.47950461402e-21,2.28302091403e-21],"var":[0.00121742463671,0.00532014435157,0.000666038016789,0.000144255449413,0.0000485586751893,0.00000126277052459,5.98731787704e-7,7.7394076925e-8,1.68328327277e-7,3.25888265706e-7,0.00000226565975936,4.35089958728e-7,8.19147771836e-8,1.21248703522e-7,5.76951464382e-9,5.97471450092e-9,5.93452531561e-9,4.21237889014e-9,5.03100849869e-9,1.88766047238e-9,1.22143373193e-9,3.68731739586e-10,2.16875434278e-10,1.9275933627e-10,1.87419108011e-10,2.20029799936e-10,1.38240316971e-8]},"barkbands_crest":{"dmean":2.75876045227,"dmean2":4.50325775146,"dvar":5.39091444016,"dvar2":14.8514995575,"max":25.1755504608,"mean":14.8903913498,"median":15.013343811,"min":3.94776368141,"var":17.213722229},"barkbands_flatness_db":{"dmean":0.0615360811353,"dmean2":0.10056681931,"dvar":0.0029184371233,"dvar2":0.00791746005416,"max":0.588735163212,"mean":0.283142864704,"median":0.282532036304,"min":0.0351452939212,"var":0.00775288976729},"barkbands_kurtosis":{"dmean":44.2916908264,"dmean2":73.8925704956,"dvar":3154.24316406,"dvar2":8397.46386719,"max":830.289123535,"mean":86.3899002075,"median":64.9128875732,"min":-1.85481274128,"var":5767.35107422},"barkbands_skewness":{"dmean":1.76261425018,"dmean2":2.93681788445,"dvar":2.82377672195,"dvar2":7.72850656509,"max":21.7162094116,"mean":6.04216718674,"median":5.86805868149,"min":-2.05761194229,"var":8.27419471741},"barkbands_spread":{"dmean":2.49198651314,"dmean2":4.24019670486,"dvar":44.1529922485,"dvar2":151.217453003,"max":131.640258789,"mean":5.99268293381,"median":2.09697961807,"min":0.149287968874,"var":261.3487854},"dissonance":{"dmean":0.023094734177,"dmean2":0.0372564569116,"dvar":0.00065123179229,"dvar2":0.00176963675767,"max":0.500000178814,"mean":0.459276497364,"median":0.468113601208,"min":0.229735553265,"var":0.0012114449637},"dynamic_complexity":11.2168188095,"erbbands":{"dmean":[1.18594670296,5.04907178879,12.183259964,7.71227502823,8.59980487823,4.46268558502,3.34687399864,2.92993593216,2.7975935936,3.7633831501,2.41884016991,2.56093764305,2.45146989822,4.52935504913,5.13976716995,2.74805092812,2.54959487915,2.34918165207,1.63641238213,1.44585955143,1.41559636593,1.27921521664,1.08914792538,1.11646938324,0.891127109528,0.710525691509,0.602014124393,0.452059447765,0.336867541075,0.262702643871,0.203251644969,0.152576461434,0.110590562224,0.0759331583977,0.0482566170394,0.0276725757867,0.0139378150925,0.00606292532757,0.0024753282778,0.00380669580773],"dmean2":[1.98716497421,8.42500686646,20.1709403992,11.9715900421,14.2844791412,7.31062698364,5.66439628601,4.88576459885,4.70117807388,6.19951200485,4.09469747543,4.22036838531,4.13053703308,6.90630054474,7.50377225876,4.35356235504,4.05422496796,3.64143419266,2.63184547424,2.30995774269,2.25817513466,1.98659610748,1.69892656803,1.7157895565,1.39093768597,1.12783706188,0.937465846539,0.726396799088,0.55863982439,0.443560510874,0.343961179256,0.259571403265,0.188321128488,0.129232287407,0.0819697901607,0.0468753241003,0.0234590973705,0.0100153246894,0.00393775850534,0.00607783393934],"dvar":[11.5825920105,88.9790344238,637.721252441,172.538452148,275.691680908,77.5444564819,42.2608222961,32.3942565918,30.6656169891,80.7390136719,24.2031974792,27.9568252563,24.6237106323,296.160430908,502.047698975,222.701812744,113.194625854,64.8777999878,11.4687051773,9.70925617218,12.9463920593,10.5036725998,6.39976930618,9.66975307465,5.2388548851,2.67030286789,1.74535536766,0.804529845715,0.426675826311,0.265536099672,0.161188989878,0.0931046307087,0.0491905249655,0.0229992978275,0.00913893058896,0.00292154797353,0.000700688920915,0.000119473545055,0.0000186082652363,0.0000624961758149],"dvar2":[31.7553749084,259.33013916,2023.94604492,439.017120361,759.200134277,187.664825439,111.054145813,79.4221572876,74.0102233887,177.073287964,60.4228286743,62.6552085876,63.92212677,529.289428711,875.899902344,470.647521973,240.090530396,118.223114014,25.434469223,21.6949386597,27.6378192902,20.8872051239,12.2583990097,19.4188728333,10.1487531662,5.63743209839,3.42318344116,1.77376198769,1.04013323784,0.669108629227,0.408303409815,0.236030071974,0.124843619764,0.0583676248789,0.0232257228345,0.00744828116149,0.00179929006845,0.000310196744977,0.0000443453973276,0.000149150117068],"max":[51.886554718,132.639770508,359.318572998,332.965484619,391.069000244,150.171615601,92.1665267944,187.443756104,116.793960571,251.564193726,110.598472595,205.576080322,100.305366516,683.722106934,1049.59777832,873.244995117,471.17086792,420.690307617,59.8830184937,43.5505218506,77.6820449829,56.1604957581,37.0728263855,74.7940444946,47.6622467041,26.9297599792,22.4775543213,11.6566991806,9.12981891632,7.52633714676,5.86680936813,4.47973251343,3.25586819649,2.21979093552,1.39184999466,0.776287019253,0.366571873426,0.147730588913,0.0674865171313,0.208352893591],"mean":[1.56185317039,10.6883592606,24.3055839539,17.7526111603,21.680109024,6.80264139175,4.36062288284,4.25414562225,3.90399432182,6.04142856598,3.11086797714,3.97205042839,3.33322024345,9.03183841705,9.65018844604,4.73332214355,4.38228702545,4.22527456284,2.14077234268,1.7282885313,1.59935259819,1.42548441887,1.23861610889,1.23365736008,0.990082800388,0.763689637184,0.658362627029,0.480998277664,0.345064222813,0.260825037956,0.197246402502,0.146020412445,0.105618573725,0.073469646275,0.0477705486119,0.028295930475,0.0150639731437,0.00727102905512,0.00414796266705,0.00979916192591],"median":[0.583114862442,3.72305583954,7.78893756866,9.36282730103,5.36715221405,2.15015983582,1.41302525997,1.13327407837,1.17482602596,1.0870449543,0.821288704872,0.875573694706,1.10107064247,1.03669548035,1.31451368332,0.843284487724,0.680375576019,0.491869449615,0.394237339497,0.303034514189,0.26344576478,0.21472889185,0.197312057018,0.174246311188,0.135077238083,0.113885588944,0.0992266014218,0.0837827175856,0.0702206492424,0.057440739125,0.0428096577525,0.0327734649181,0.0247256513685,0.0175771340728,0.0122852623463,0.00798931811005,0.00494225276634,0.00269896769896,0.00200074445456,0.00528998672962],"min":[3.06278767927e-22,2.13371440956e-21,1.24830125124e-20,2.08687975024e-20,3.42594169783e-20,5.07156485836e-20,2.55189535821e-19,1.80277590931e-19,3.56634345759e-19,3.13290521101e-19,4.46609495173e-19,6.42123300624e-19,1.08658951913e-18,1.74089879284e-18,2.42943007945e-18,2.28992214004e-18,1.98755433213e-18,4.39714489818e-18,3.52725033316e-18,5.02221385423e-18,5.02964979434e-18,8.76071370812e-18,7.68380644146e-18,1.04612977859e-17,8.51120542969e-18,1.25380091599e-17,1.33583001852e-17,1.18407951652e-17,1.46061765854e-17,1.35741901891e-17,1.41403448604e-17,1.47418375146e-17,1.25553973236e-17,9.5268938864e-18,8.79024984625e-18,4.76587016881e-18,2.61961999539e-18,1.15020074221e-18,3.11432957789e-19,3.11318664693e-20],"var":[11.0179185867,232.562866211,1382.9197998,617.825500488,2065.18408203,168.319732666,62.3785896301,113.040435791,53.5700721741,298.031829834,37.3433647156,122.485214233,42.9045410156,1427.88964844,1469.62243652,662.187072754,351.803588867,405.824279785,22.1982822418,16.0541877747,19.8193798065,17.7193012238,11.7409477234,15.7373924255,8.95663833618,4.24443817139,3.05640864372,1.20840251446,0.506777703762,0.281424164772,0.165895223618,0.0940733700991,0.0496904328465,0.0234867315739,0.0094883730635,0.00310926744714,0.000779376598075,0.000150277366629,0.0000387707877962,0.000212320781429]},"erbbands_crest":{"dmean":3.37365102768,"dmean2":5.60149240494,"dvar":10.0672616959,"dvar2":28.17395401,"max":27.9884700775,"mean":11.5918178558,"median":11.1526298523,"min":2.24338531494,"var":25.1695194244},"erbbands_flatness_db":{"dmean":0.0393819920719,"dmean2":0.0649684071541,"dvar":0.00139029952697,"dvar2":0.00388640165329,"max":0.373081237078,"mean":0.137649640441,"median":0.128467828035,"min":0.0233149193227,"var":0.00312018045224},"erbbands_kurtosis":{"dmean":5.92644739151,"dmean2":10.0948534012,"dvar":146.193527222,"dvar2":422.27520752,"max":211.020065308,"mean":6.55540990829,"median":2.25319957733,"min":-1.72192382812,"var":177.180725098},"erbbands_skewness":{"dmean":0.798711538315,"dmean2":1.30618703365,"dvar":0.85615426302,"dvar2":2.36624622345,"max":10.2543907166,"mean":1.76413273811,"median":1.57918691635,"min":-3.50830960274,"var":2.37741470337},"erbbands_spread":{"dmean":11.9720535278,"dmean2":19.7090091705,"dvar":118.52570343,"dvar2":310.714416504,"max":142.915786743,"mean":35.4840965271,"median":33.1132469177,"min":1.35427165031,"var":426.762115479},"gfcc":{"cov":[[43109.09375,3916.8112793,-753.317199707,-523.889648438,325.465240479,-248.861785889,312.054748535,-474.463378906,6.98401641846,-338.325500488,171.049163818,-351.930023193,158.660720825],[3916.8112793,1126.11682129,233.040115356,-164.761962891,177.356613159,-23.3719234467,169.416046143,-137.220031738,31.6027812958,-122.033973694,76.1766738892,-75.6247253418,36.4772338867],[-753.317199707,233.040115356,575.339050293,36.6631660461,77.3734664917,73.0770339966,85.2894363403,25.7672958374,0.340581715107,-46.6353340149,37.1594963074,-11.1588001251,-9.98907756805],[-523.889648438,-164.761962891,36.6631660461,285.6875,28.3031349182,-14.5245800018,-24.8491477966,62.6624221802,-2.1915307045,7.08988714218,-40.5176925659,4.087870121,-24.4477882385],[325.465240479,177.356613159,77.3734664917,28.3031349182,167.18812561,8.50876808167,100.039726257,-38.3315734863,28.7021274567,-37.3240089417,24.5951004028,-21.2372608185,4.20824623108],[-248.861785889,-23.3719234467,73.0770339966,-14.5245800018,8.50876808167,95.835647583,33.6532325745,40.2469024658,3.62438607216,15.2735881805,12.8713912964,12.9171438217,5.70747995377],[312.054748535,169.416046143,85.2894363403,-24.8491477966,100.039726257,33.6532325745,136.620544434,-1.96938169003,33.0872001648,-28.9407520294,36.8439750671,-1.74056911469,12.4716558456],[-474.463378906,-137.220031738,25.7672958374,62.6624221802,-38.3315734863,40.2469024658,-1.96938169003,88.8987121582,20.5842227936,36.5612831116,-10.7973155975,18.1273880005,-1.23713254929],[6.98401641846,31.6027812958,0.340581715107,-2.1915307045,28.7021274567,3.62438607216,33.0872001648,20.5842227936,58.2096481323,26.2167472839,17.7449378967,-5.11726617813,8.24837017059],[-338.325500488,-122.033973694,-46.6353340149,7.08988714218,-37.3240089417,15.2735881805,-28.9407520294,36.5612831116,26.2167472839,64.2082443237,13.382642746,19.5078296661,-1.27501773834],[171.049163818,76.1766738892,37.1594963074,-40.5176925659,24.5951004028,12.8713912964,36.8439750671,-10.7973155975,17.7449378967,13.382642746,51.3284988403,16.5802650452,11.7804822922],[-351.930023193,-75.6247253418,-11.1588001251,4.087870121,-21.2372608185,12.9171438217,-1.74056911469,18.1273880005,-5.11726617813,19.5078296661,16.5802650452,42.4820137024,14.1793165207],[158.660720825,36.4772338867,-9.98907756805,-24.4477882385,4.20824623108,5.70747995377,12.4716558456,-1.23713254929,8.24837017059,-1.27501773834,11.7804822922,14.1793165207,33.8247451782]],"icov":[[0.0000453930260846,-0.000197935238248,0.000164701719768,-0.0000506273281644,0.00000621198432782,0.0000454587643617,-0.0000089819823188,-0.000271541444818,0.000403796380851,-0.000114889997349,-0.000294672325253,0.000457977002952,-0.000194636944798],[-0.000197935238248,0.00288511090912,-0.00112350529525,0.000279683677945,0.000492197927088,-0.0000293146404147,-0.000729257299099,0.00246848654933,-0.00266957771964,0.00306738982908,-0.00193108234089,0.00181370240171,-0.00133079709485],[0.000164701719768,-0.00112350529525,0.00356389791705,-0.000612672476564,-0.000573716009967,-0.00189167121425,0.00191976211499,-0.00428515858948,0.00087840273045,0.00514271715656,-0.00622463319451,0.00211617629975,0.00183517264668],[-0.0000506273281644,0.000279683677945,-0.000612672476564,0.00840990524739,-0.00833891984075,0.00535033037886,0.00418213382363,-0.0111623667181,0.00364709552377,0.0000747956219129,0.00326949753799,-0.00382404075935,0.00359561294317],[0.00000621198432782,0.000492197927088,-0.000573716009967,-0.00833891984075,0.0233502499759,-0.00750641850755,-0.0128188282251,0.0209617484361,-0.0128379827365,0.00330301932991,0.000143378114444,0.00330750388093,-0.00108318391722],[0.0000454587643617,-0.0000293146404147,-0.00189167121425,0.00535033037886,-0.00750641850755,0.0240353383124,-0.00625111302361,-0.0172252114862,0.0208476446569,-0.0158114284277,0.0000586289788771,0.00748391542584,-0.00715755391866],[-0.0000089819823188,-0.000729257299099,0.00191976211499,0.00418213382363,-0.0128188282251,-0.00625111302361,0.0327314026654,-0.0149362981319,-0.0174799822271,0.0310897640884,-0.016679149121,-0.0114379553124,0.0104914037511],[-0.000271541444818,0.00246848654933,-0.00428515858948,-0.0111623667181,0.0209617484361,-0.0172252114862,-0.0149362981319,0.0557404235005,-0.0262601841241,-0.0107679767534,0.0247299708426,-0.0146778216586,0.000660561374389],[0.000403796380851,-0.00266957771964,0.00087840273045,0.00364709552377,-0.0128379827365,0.0208476446569,-0.0174799822271,-0.0262601841241,0.0747159644961,-0.0497571527958,-0.00667497003451,0.0396537855268,-0.0269492194057],[-0.000114889997349,0.00306738982908,0.00514271715656,0.0000747956219129,0.00330301932991,-0.0158114284277,0.0310897640884,-0.0107679767534,-0.0497571527958,0.0849437341094,-0.0336727313697,-0.0222158823162,0.0255796946585],[-0.000294672325253,-0.00193108234089,-0.00622463319451,0.00326949753799,0.000143378114444,0.0000586289788771,-0.016679149121,0.0247299708426,-0.00667497003451,-0.0336727313697,0.0685702934861,-0.0313220880926,0.000623180356342],[0.000457977002952,0.00181370240171,0.00211617629975,-0.00382404075935,0.00330750388093,0.00748391542584,-0.0114379553124,-0.0146778216586,0.0396537855268,-0.0222158823162,-0.0313220880926,0.0757382959127,-0.0355847924948],[-0.000194636944798,-0.00133079709485,0.00183517264668,0.00359561294317,-0.00108318391722,-0.00715755391866,0.0104914037511,0.000660561374389,-0.0269492194057,0.0255796946585,0.000623180356342,-0.0355847924948,0.0547874569893]],"mean":[-152.072647095,104.405036926,-26.2982807159,20.6765480042,-8.98561000824,10.2989711761,-3.30665516853,-3.78872179985,-9.82821941376,-8.60873603821,-6.4773979187,-6.8032412529,-6.51796007156]},"hfc":{"dmean":146.64503479,"dmean2":242.75227356,"dvar":100161.171875,"dvar2":268753.375,"max":5853.65136719,"mean":315.259735107,"median":192.067626953,"min":1.11051644213e-16,"var":196704.453125},"melbands":{"dmean":[0.00894574634731,0.00629758508876,0.00125622015912,0.00045710397535,0.000123112753499,0.0000669607616146,0.000042594896513,0.0000373844814021,0.0000194093427126,0.0000157947433763,0.0000123008476294,0.0000177957481355,0.0000220854672079,0.00000718992760085,0.00000756342114983,0.00000493540392199,0.00000436010259364,0.00000274962258118,0.00000211740916711,0.00000184483656085,0.00000164636867339,0.0000013823602103,0.00000109044151486,9.43806981013e-7,9.15433133741e-7,7.31465604531e-7,5.48703440018e-7,4.58607047449e-7,3.9037772126e-7,3.21717948282e-7,2.44807324634e-7,1.9654058292e-7,1.64326309005e-7,1.38892715995e-7,1.19348399608e-7,1.02929725188e-7,8.9447716789e-8,7.85469751463e-8,6.96432209679e-8,6.21053359851e-8],"dmean2":[0.0149738797918,0.0103663764894,0.00199081446044,0.000751371553633,0.000205568270758,0.000111750145152,0.0000715884234523,0.0000618364356342,0.0000327462985297,0.0000261064378719,0.0000208305827982,0.000027443998988,0.0000319315840898,0.0000115881002785,0.0000120158292702,0.00000788146280684,0.00000678215974403,0.00000444197166871,0.00000344309387401,0.00000296039752357,0.0000026398722639,0.00000214631086237,0.00000175505761035,0.00000146912395849,0.00000141764041928,0.00000113545604563,8.77009654232e-7,7.36372669508e-7,6.13757777046e-7,5.09390758907e-7,3.98688285941e-7,3.25603537021e-7,2.76768673757e-7,2.35268501569e-7,2.02051154474e-7,1.74596991087e-7,1.5232828332e-7,1.33790393875e-7,1.18557608175e-7,1.05684776486e-7],"dvar":[0.000544899201486,0.00015246240946,0.0000046745567488,8.04479952876e-7,5.53721513086e-8,1.66705333982e-8,6.98223345807e-9,7.38630756558e-9,1.67641633908e-9,1.02161934468e-9,6.70961508575e-10,4.66519267661e-9,1.09506821389e-8,4.86728934934e-10,3.06304981379e-9,2.21943435852e-10,2.08770570276e-10,3.49759665674e-11,1.98475316043e-11,1.86858584161e-11,1.94019383892e-11,1.33529871188e-11,7.32802533931e-12,5.46050227604e-12,7.24460031895e-12,3.8407688488e-12,1.86245138235e-12,1.17787713177e-12,7.8574592579e-13,4.78684583291e-13,2.34663281645e-13,1.46515110699e-13,1.03341102765e-13,7.4672730564e-14,5.53682906544e-14,4.18983288819e-14,3.21693728242e-14,2.48461173917e-14,1.94398550669e-14,1.53557925381e-14],"dvar2":[0.00149996101391,0.000470650848001,0.0000127002358568,0.00000205071864912,1.42836697137e-7,4.14059186937e-8,1.68024332226e-8,1.66442166716e-8,4.10184819444e-9,2.32729413518e-9,1.74730474534e-9,8.69499405809e-9,1.90649434018e-8,1.01726149726e-9,6.73464040091e-9,4.42515996069e-10,3.88691329123e-10,7.79544484519e-11,4.55665852273e-11,4.20298483517e-11,4.22233879804e-11,2.68727453484e-11,1.58067274547e-11,1.0606880825e-11,1.51590216074e-11,7.67051873407e-12,3.99543332447e-12,2.58662514151e-12,1.59560678472e-12,9.71914714508e-13,5.44007059452e-13,3.56462797647e-13,2.59775409734e-13,1.88709684272e-13,1.40248977796e-13,1.06112486148e-13,8.16054174105e-14,6.30592922172e-14,4.93355051636e-14,3.89724365247e-14],"max":[0.364085555077,0.151158094406,0.0499403178692,0.0199829377234,0.00341520342045,0.00383565365337,0.00168585241772,0.00224634166807,0.00111920095515,0.00120170705486,0.000588871655054,0.0025396803394,0.00450451672077,0.000845142174512,0.00326758017763,0.000515204621479,0.000721464573871,0.000117666691949,0.000054889198509,0.0000734928980819,0.0000959903845796,0.0000735159846954,0.0000461789786641,0.0000499156521983,0.0000696960487403,0.0000334420728905,0.0000274430203717,0.0000161967800523,0.0000174478118424,0.0000100822171589,0.0000064225978349,0.0000052723880799,0.00000455969893665,0.00000400976841775,0.00000343637361766,0.00000299250586977,0.00000263357082986,0.0000023147997581,0.00000204380626201,0.00000181282052836],"mean":[0.0142507161945,0.0140285296366,0.00353370676748,0.000982592231594,0.000159963252372,0.0000972180860117,0.0000617944824626,0.0000584426961723,0.0000247034149652,0.0000237632866629,0.0000160040362971,0.0000348513240169,0.0000424048012064,0.0000113078694994,0.000013005413166,0.000008404568689,0.00000755780638428,0.00000352276742888,0.00000242156056629,0.00000215895943256,0.00000181016446277,0.00000152116695062,0.00000120214974686,0.000001057234158,0.00000100060208297,7.9544389564e-7,5.94587618252e-7,4.86278224798e-7,4.2337202899e-7,3.45262208157e-7,2.56324113934e-7,2.00595067668e-7,1.63975997225e-7,1.36661654437e-7,1.15621737962e-7,9.92775497366e-8,8.51328749718e-8,7.48406847606e-8,6.67516033559e-8,6.02160739049e-8],"median":[0.00650332588702,0.00483462866396,0.00173234567046,0.000259314518189,0.000052839575801,0.0000267528048425,0.0000177055007953,0.0000104892023955,0.00000608818118053,0.0000056290982684,0.00000502981038153,0.00000402057503379,0.00000439923223894,0.00000268603662334,0.00000172624299921,0.00000128348392536,8.18643115963e-7,6.32958290225e-7,4.54350924883e-7,3.45201954133e-7,2.91977102052e-7,2.19715659e-7,1.95073766918e-7,1.56095765647e-7,1.41257771702e-7,1.06232747044e-7,8.36706988139e-8,7.24371318483e-8,6.27976959322e-8,5.34790700613e-8,4.63594176381e-8,4.01560882324e-8,3.58769938202e-8,3.01899412136e-8,2.49911877859e-8,2.19298890158e-8,1.92688851541e-8,1.72505618679e-8,1.57360346975e-8,1.44121470314e-8],"min":[4.41708148838e-24,5.50665183193e-24,4.66863463713e-24,2.08341083854e-24,7.71236805965e-24,4.62818737193e-24,7.17206618161e-24,3.35868061691e-24,3.9812417547e-24,4.34201742894e-24,5.33337261765e-24,6.97819888099e-24,6.93802692825e-24,1.06704607702e-23,2.92548080625e-24,4.69585073279e-24,7.82557906588e-24,5.56710066538e-24,3.86688058927e-24,6.17261254686e-24,5.09684963573e-24,8.89719927397e-24,4.54909341656e-24,7.76409603579e-24,8.47984925662e-24,5.04246359277e-24,7.33541797584e-24,7.49136631047e-24,6.9592654304e-24,7.12481972428e-24,6.34750143182e-24,7.19518138386e-24,8.19322453532e-24,5.72404651463e-24,8.2667582046e-24,7.77394654191e-24,8.40017903836e-24,7.91054332968e-24,9.85494898811e-24,7.08651816075e-24],"var":[0.000593492004555,0.000410969136283,0.000027323156246,0.00000399414966523,7.97362886829e-8,5.12414892739e-8,1.35595694672e-8,2.55165080176e-8,2.949238187e-9,4.02445943237e-9,1.16600851197e-9,2.17097770872e-8,3.51332118953e-8,1.57126311962e-9,8.98390428716e-9,1.04361475017e-9,1.22337473485e-9,6.87311180192e-11,3.04246280947e-11,2.9612312602e-11,2.85544834305e-11,2.16917924595e-11,1.14201755691e-11,9.47220947511e-12,1.10350617533e-11,6.30115100722e-12,2.84164467131e-12,1.75479563606e-12,1.31385635878e-12,7.83508728817e-13,3.22322599383e-13,1.75888099116e-13,1.11314711788e-13,7.80580908613e-14,5.70598594958e-14,4.26937233125e-14,3.23845666267e-14,2.50604319739e-14,1.97215274032e-14,1.57126356604e-14]},"melbands_crest":{"dmean":3.88056969643,"dmean2":6.45122718811,"dvar":13.3125867844,"dvar2":35.6884803772,"max":38.2329330444,"mean":22.1758804321,"median":21.859872818,"min":1.93309652805,"var":32.5805969238},"melbands_flatness_db":{"dmean":0.0709924027324,"dmean2":0.115851849318,"dvar":0.00377414491959,"dvar2":0.0101534463465,"max":0.748563349247,"mean":0.421248942614,"median":0.423560917377,"min":0.00450662011281,"var":0.0113299442455},"melbands_kurtosis":{"dmean":41.6506614685,"dmean2":69.208984375,"dvar":3274.66137695,"dvar2":8880.76074219,"max":973.630065918,"mean":93.6191940308,"median":75.113861084,"min":-1.58078169823,"var":6436.34667969},"melbands_skewness":{"dmean":1.6323735714,"dmean2":2.70164203644,"dvar":2.55108571053,"dvar2":6.81043577194,"max":23.4474105835,"mean":5.76624917984,"median":5.50558948517,"min":-0.21225874126,"var":7.60814476013},"melbands_spread":{"dmean":1.8703366518,"dmean2":3.24861502647,"dvar":43.3772087097,"dvar2":146.180358887,"max":188.641326904,"mean":4.55728149414,"median":1.26254916191,"min":0.10744766891,"var":281.21862793},"mfcc":{"cov":[[24071.7324219,5203.59619141,-404.524902344,372.348205566,-137.630966187,257.81918335,39.8063697815,43.2155456543,-50.8890838623,-22.9971218109,-72.3642425537,-10.8136615753,-24.5127029419],[5203.59619141,2497.68823242,314.686126709,107.140052795,50.985534668,213.043075562,177.678710938,115.396865845,-9.39096546173,-29.4294586182,9.06649875641,-3.17407226562,7.2477145195],[-404.524902344,314.686126709,474.664581299,82.1780395508,87.1488189697,39.0531768799,87.8662109375,73.1709213257,18.9790344238,-1.8881084919,25.355052948,7.37174510956,15.2157001495],[372.348205566,107.140052795,82.1780395508,252.490982056,86.5201644897,36.6889038086,29.3054943085,46.4050331116,25.3286113739,15.804189682,3.6672077179,-0.335988074541,-9.54647159576],[-137.630966187,50.985534668,87.1488189697,86.5201644897,83.8779678345,41.7998886108,32.1647758484,22.9115791321,14.0222206116,11.6851491928,9.00529575348,2.3152384758,0.552336275578],[257.81918335,213.043075562,39.0531768799,36.6889038086,41.7998886108,73.6608963013,57.2070426941,34.9574584961,8.5076417923,3.85565376282,9.72580242157,6.07706689835,7.39232540131],[39.8063697815,177.678710938,87.8662109375,29.3054943085,32.1647758484,57.2070426941,82.2909011841,59.6333770752,13.9849205017,-0.77987331152,11.0877513885,5.79935264587,11.351149559],[43.2155456543,115.396865845,73.1709213257,46.4050331116,22.9115791321,34.9574584961,59.6333770752,67.9423675537,31.8933906555,10.0971517563,10.3456497192,3.65152144432,7.90510177612],[-50.8890838623,-9.39096546173,18.9790344238,25.3286113739,14.0222206116,8.5076417923,13.9849205017,31.8933906555,47.3271255493,31.5400505066,11.3068189621,6.75225305557,3.91150760651],[-22.9971218109,-29.4294586182,-1.8881084919,15.804189682,11.6851491928,3.85565376282,-0.77987331152,10.0971517563,31.5400505066,38.8590736389,21.972869873,11.4201860428,4.36505222321],[-72.3642425537,9.06649875641,25.355052948,3.6672077179,9.00529575348,9.72580242157,11.0877513885,10.3456497192,11.3068189621,21.972869873,32.4919242859,21.5729618073,12.7809677124],[-10.8136615753,-3.17407226562,7.37174510956,-0.335988074541,2.3152384758,6.07706689835,5.79935264587,3.65152144432,6.75225305557,11.4201860428,21.5729618073,31.4843730927,23.8776874542],[-24.5127029419,7.2477145195,15.2157001495,-9.54647159576,0.552336275578,7.39232540131,11.351149559,7.90510177612,3.91150760651,4.36505222321,12.7809677124,23.8776874542,30.3539505005]],"icov":[[0.000109832632006,-0.000279880681774,0.000209820776945,-0.000207913923077,0.000200558220968,0.000159598726896,0.000210304191569,-0.000152549968334,0.000345761160133,-0.000581929925829,0.00056235404918,-0.000331572053256,-0.0000333078678523],[-0.000279880681774,0.00138594873715,-0.00115928065497,0.00023272112594,0.00123848894145,-0.00345714716241,0.000240874171141,-0.00000338019117407,-0.000113611371489,0.00100320053753,-0.000814835715573,0.000691669876687,0.000496951339301],[0.000209820776945,-0.00115928065497,0.00470930803567,-0.000120772019727,-0.00550308777019,0.0072851376608,-0.00412621954456,0.0000157384274644,-0.00249575683847,0.00499014556408,-0.00577889941633,0.00329925958067,-0.00264556752518],[-0.000207913923077,0.00023272112594,-0.000120772019727,0.00912590418011,-0.0102674681693,0.000715937872883,0.00764290802181,-0.0145057002082,0.0080204019323,-0.00547888223082,0.00766829261556,-0.0102696605027,0.00824333447963],[0.000200558220968,0.00123848894145,-0.00550308777019,-0.0102674681693,0.0370113961399,-0.0215446036309,-0.00306156929582,0.0154852597043,-0.00588933145627,-0.00489349057898,-0.000279244181002,0.00691223843023,-0.00277610425837],[0.000159598726896,-0.00345714716241,0.0072851376608,0.000715937872883,-0.0215446036309,0.0570632591844,-0.0394585728645,0.0111888982356,-0.000601150677539,-0.00341750285588,-0.0010111698648,-0.00249866372906,-0.00117512454744],[0.000210304191569,0.000240874171141,-0.00412621954456,0.00764290802181,-0.00306156929582,-0.0394585728645,0.0884159877896,-0.070666000247,0.0275792330503,0.000167191072251,0.00275257695466,-0.00759074185044,0.000823564769235],[-0.000152549968334,-0.00000338019117407,0.0000157384274644,-0.0145057002082,0.0154852597043,0.0111888982356,-0.070666000247,0.113763153553,-0.0820321142673,0.050021070987,-0.0430418811738,0.0426717288792,-0.0229666121304],[0.000345761160133,-0.000113611371489,-0.00249575683847,0.0080204019323,-0.00588933145627,-0.000601150677539,0.0275792330503,-0.0820321142673,0.135017648339,-0.122916601598,0.0818632170558,-0.0506648011506,0.0210461951792],[-0.000581929925829,0.00100320053753,0.00499014556408,-0.00547888223082,-0.00489349057898,-0.00341750285588,0.000167191072251,0.050021070987,-0.122916601598,0.171490445733,-0.120584078133,0.0540308095515,-0.0176532734185],[0.00056235404918,-0.000814835715573,-0.00577889941633,0.00766829261556,-0.000279244181002,-0.0010111698648,0.00275257695466,-0.0430418811738,0.0818632170558,-0.120584078133,0.155867561698,-0.10455031693,0.0397934690118],[-0.000331572053256,0.000691669876687,0.00329925958067,-0.0102696605027,0.00691223843023,-0.00249866372906,-0.00759074185044,0.0426717288792,-0.0506648011506,0.0540308095515,-0.10455031693,0.167718157172,-0.102261058986],[-0.0000333078678523,0.000496951339301,-0.00264556752518,0.00824333447963,-0.00277610425837,-0.00117512454744,0.000823564769235,-0.0229666121304,0.0210461951792,-0.0176532734185,0.0397934690118,-0.102261058986,0.106241509318]],"mean":[-809.603393555,151.102127075,43.803768158,35.5513381958,22.7361507416,23.7351074219,18.7173156738,14.4364700317,7.4204120636,4.43264198303,3.08879899979,2.13394474983,1.32023632526]},"pitch_salience":{"dmean":0.0875729396939,"dmean2":0.143363624811,"dvar":0.00562217598781,"dvar2":0.0154449492693,"max":0.919057309628,"mean":0.428248524666,"median":0.430271625519,"min":0.0806830152869,"var":0.0179632399231},"silence_rate_20dB":{"dmean":0.0432298146188,"dmean2":0.0864811167121,"dvar":0.0413609966636,"dvar2":0.10236196965,"max":1,"mean":0.956035792828,"median":1,"min":0,"var":0.0420313775539},"silence_rate_30dB":{"dmean":0.0541614890099,"dmean2":0.108349896967,"dvar":0.0512280240655,"dvar2":0.118478983641,"max":1,"mean":0.593889713287,"median":1,"min":0,"var":0.241184726357},"silence_rate_60dB":{"dmean":0.0054658385925,"dmean2":0.0109343938529,"dvar":0.00543596316129,"dvar2":0.0123058864847,"max":1,"mean":0.220069542527,"median":0,"min":0,"var":0.171638935804},"spectral_centroid":{"dmean":105.418411255,"dmean2":168.744689941,"dvar":35319.625,"dvar2":73582.5546875,"max":11386.2744141,"mean":401.677612305,"median":241.111877441,"min":96.2141952515,"var":434650.5625},"spectral_complexity":{"dmean":2.11925458908,"dmean2":3.33250498772,"dvar":8.71074771881,"dvar2":17.1364574432,"max":40,"mean":5.75012397766,"median":4,"min":0,"var":31.900800705},"spectral_contrast_coeffs":{"dmean":[0.0508643388748,0.0418919734657,0.0328452885151,0.0379671901464,0.0272392872721,0.0176333915442],"dmean2":[0.0843666866422,0.0708137378097,0.0548851042986,0.0641165301204,0.0470588169992,0.0282716546208],"dvar":[0.00177450303454,0.00124493590556,0.000759850721806,0.00108076713514,0.000594414945226,0.000391374283936],"dvar2":[0.00506083713844,0.00353617570363,0.00210452545434,0.00292065995745,0.00160495669115,0.000849709264003],"max":[-0.383679986,-0.481802225113,-0.486662238836,-0.580745458603,-0.760101556778,-0.594256401062],"mean":[-0.678864657879,-0.837597131729,-0.866946160793,-0.899616777897,-0.917671561241,-0.853620707989],"median":[-0.673213362694,-0.847818493843,-0.877345561981,-0.910833954811,-0.923733055592,-0.855107009411],"min":[-0.960348248482,-0.968270778656,-0.966887593269,-0.987996697426,-0.976323962212,-0.962546110153],"var":[0.0105879148468,0.00434639491141,0.0037918202579,0.00363176548854,0.00140226760413,0.00143153092358]},"spectral_contrast_valleys":{"dmean":[0.410528421402,0.632482767105,0.568195462227,0.751257359982,0.776291549206,0.673645496368],"dmean2":[0.674678683281,1.05078566074,0.941577970982,1.24189448357,1.28032457829,1.11439955235],"dvar":[0.150186508894,0.298179507256,0.262614995241,0.430127561092,0.453237503767,0.352290809155],"dvar2":[0.339742481709,0.732329845428,0.654987215996,1.11889851093,1.19688427448,0.91746622324],"max":[-4.50737428665,-4.64366960526,-5.31232261658,-5.78500127792,-5.92140626907,-8.38843154907],"mean":[-7.20986795425,-7.92529726028,-8.54119110107,-9.11066055298,-9.18461894989,-11.4770498276],"median":[-6.4199514389,-7.26413917542,-7.84133148193,-8.52367305756,-8.67238807678,-10.9416046143],"min":[-28.1556911469,-27.8751087189,-27.6277008057,-27.3832054138,-27.4819526672,-27.2235946655],"var":[4.90307331085,4.88701486588,4.66229009628,4.59125900269,4.28448867798,3.50795936584]},"spectral_decrease":{"dmean":1.11056071006e-8,"dmean2":1.82839858809e-8,"dvar":6.1321844895e-16,"dvar2":1.6927668636e-15,"max":5.32672181919e-8,"mean":-2.04610550725e-8,"median":-9.52958689737e-9,"min":-3.87448210404e-7,"var":8.41550367685e-16},"spectral_energy":{"dmean":0.0426180027425,"dmean2":0.0713645070791,"dvar":0.00836034212261,"dvar2":0.0231850780547,"max":1.48752820492,"mean":0.105819761753,"median":0.0664169639349,"min":1.02552131744e-20,"var":0.015848454088},"spectral_energyband_high":{"dmean":0.0000724833953427,"dmean2":0.000116401999549,"dvar":1.74537113651e-8,"dvar2":4.15557899203e-8,"max":0.0017551908968,"mean":0.0000873209428391,"median":0.0000258444088104,"min":7.54807155716e-21,"var":2.58543622067e-8},"spectral_energyband_low":{"dmean":0.0396535880864,"dmean2":0.0664225965738,"dvar":0.00745977973565,"dvar2":0.0209349729121,"max":1.28517627716,"mean":0.0800317451358,"median":0.0406477227807,"min":6.44300503509e-23,"var":0.0114634064957},"spectral_energyband_middle_high":{"dmean":0.000459588685771,"dmean2":0.000688552332576,"dvar":0.00000142671342473,"dvar2":0.0000027041839985,"max":0.0394997298717,"mean":0.00086836371338,"median":0.000145608355524,"min":1.34715268678e-21,"var":0.00000545455804968},"spectral_energyband_middle_low":{"dmean":0.004150650464,"dmean2":0.00683313282207,"dvar":0.000054007210565,"dvar2":0.000145820071339,"max":0.160239338875,"mean":0.0109499003738,"median":0.00425042584538,"min":2.27018088382e-22,"var":0.000356720411219},"spectral_entropy":{"dmean":0.559765934944,"dmean2":0.926993608475,"dvar":0.263398438692,"dvar2":0.725143551826,"max":9.80785369873,"mean":6.87118768692,"median":6.92797088623,"min":3.9213449955,"var":0.623404383659},"spectral_flux":{"dmean":0.0405252017081,"dmean2":0.0679078027606,"dvar":0.00436948146671,"dvar2":0.0114140063524,"max":1.0293776989,"mean":0.116848275065,"median":0.0951909124851,"min":6.68649163815e-11,"var":0.0127134695649},"spectral_kurtosis":{"dmean":7.49784135818,"dmean2":12.7644844055,"dvar":104.201370239,"dvar2":295.23449707,"max":135.838027954,"mean":14.4562301636,"median":10.8132801056,"min":-1.22911405563,"var":139.210372925},"spectral_rms":{"dmean":0.00156883674208,"dmean2":0.00255146529526,"dvar":0.00000616059514869,"dvar2":0.0000166577665368,"max":0.0380952358246,"mean":0.00814741570503,"median":0.00804965849966,"min":3.16308177567e-12,"var":0.0000368584114767},"spectral_rolloff":{"dmean":5181.73925781,"dmean2":10270.8935547,"dvar":81206008,"dvar2":196258560,"max":22050,"mean":9783.11328125,"median":409.130859375,"min":43.06640625,"var":113335720},"spectral_skewness":{"dmean":0.741567790508,"dmean2":1.23702299595,"dvar":0.643368244171,"dvar2":1.81233918667,"max":9.84081172943,"mean":2.91690421104,"median":2.66262435913,"min":-0.0368123538792,"var":1.1692661047},"spectral_spread":{"dmean":910819.8125,"dmean2":1513776.875,"dvar":909698138112,"dvar2":2398425186300,"max":41299236,"mean":5109492.5,"median":4980654.5,"min":1260818.375,"var":4055532306430},"spectral_strongpeak":{"dmean":6.94111537933,"dmean2":12.6567640305,"dvar":981.335449219,"dvar2":2635.04370117,"max":373.997314453,"mean":5.44026231766,"median":0.356322407722,"min":0,"var":833.137939453},"zerocrossingrate":{"dmean":0.052006624639,"dmean2":0.0681277289987,"dvar":0.00250129005872,"dvar2":0.00433497689664,"max":0.7978515625,"mean":0.23960711062,"median":0.22021484375,"min":0.0009765625,"var":0.0151473283768}},"metadata":{"audio_properties":{"analysis_sample_rate":44100,"bit_rate":209559,"codec":"mp3","downmix":"mix","equal_loudness":0,"length":93.4410629272,"lossless":false,"md5_encoded":"4d032d5c7ba3ce752f8cd75757fa388e","replay_gain":5.71228981018,"sample_rate":44100},"tags":{"acoustid_id":["47b43308-36c9-4824-be52-2b7333d8da7c"],"album":["Heaven"],"albumartist":["The Walkmen"],"artist":["The Walkmen"],"date":["2012"],"discnumber":["1/1"],"file_name":"09 - The Walkmen - Jerry Jr.’s Tune.mp3","musicbrainz_albumartistid":["b7834ebd-64ae-46c3-a930-2d3a52ee743a"],"musicbrainz_albumid":["d56a0aa5-2504-4913-bee7-2202eee644c6"],"musicbrainz_artistid":["b7834ebd-64ae-46c3-a930-2d3a52ee743a"],"musicbrainz_recordingid":["715a17c0-f974-4659-b559-cd20ee6bb260"],"musicbrainz_releasegroupid":["a84fb679-0ade-4117-aa1b-064f1305d339"],"replaygain_album_gain":["-0.31 dB"],"replaygain_album_peak":["0.372189"],"replaygain_track_gain":["+2.27 dB"],"replaygain_track_peak":["0.340682"],"title":["Jerry Jr.’s Tune"],"tracknumber":["9/13"]},"version":{"essentia":"2.1-beta1","essentia_build_sha":"e76a03f03bb3900de42a1fa0d9be1e72f12def64","essentia_git_sha":"v2.1_beta1-28-g21ef5f4-dirty","extractor":"music 1.0"}},"rhythm":{"beats_count":189,"beats_loudness":{"dmean":0.0644217431545,"dmean2":0.112025879323,"dvar":0.00693365046754,"dvar2":0.0185730326921,"max":0.608331024647,"mean":0.113013796508,"median":0.087337769568,"min":4.25374535595e-9,"var":0.0108678136021},"beats_loudness_band_ratio":{"dmean":[0.14015647769,0.0462039634585,0.00934648420662,0.0140869654715,0.00873469188809,0.0833123400807],"dmean2":[0.242039516568,0.0814772993326,0.0168355032802,0.0259079672396,0.0163420476019,0.141942381859],"dvar":[0.0207045674324,0.00357951736078,0.0000961698169704,0.00140144233592,0.000444423931185,0.00770553573966],"dvar2":[0.0538503415883,0.00928896479309,0.000264678557869,0.00412358529866,0.00121464405674,0.0207376908511],"max":[0.992194473743,0.335948079824,0.0536310113966,0.271354734898,0.123317614198,0.672765791416],"mean":[0.773390829563