{"lowlevel":{"average_loudness":0.91451138258,"barkbands":{"dmean":[0.000478491536342,0.0073226839304,0.00331408530474,0.00297751044855,0.00123089179397,0.000904916902073,0.000709486717824,0.00072846619878,0.000851730990689,0.000823422102258,0.00132211076561,0.000799372734036,0.00035220728023,0.000256808445556,0.000201033122721,0.000154819616,0.000186139179277,0.000141367883771,0.000116312912724,0.000139454728924,0.000200959475478,0.000219858600758,0.000186887293239,0.00016034579312,0.00008991904906,0.0000169826580532,4.72944321928e-7],"dmean2":[0.000650454778224,0.0113889863715,0.00496381614357,0.00509055005386,0.00205522356555,0.00135024753399,0.0010692330543,0.00114205793943,0.00129926425871,0.00124595989473,0.0020565756131,0.00122305005789,0.000540157780051,0.000418195821112,0.000327874848153,0.000252023368375,0.000298270373605,0.000221203066758,0.000170401021023,0.00020440944354,0.000288684066618,0.00030438916292,0.000264442642219,0.000225900163059,0.000131821798277,0.0000243473186856,7.04902333837e-7],"dvar":[0.00000280144035969,0.000425551377703,0.0000565055233892,0.0000961976693361,0.0000110741393655,0.0000043094173634,0.00000358589340976,0.00000360447620551,0.00000478709125673,0.00000405748960475,0.00000540435485163,0.00000329891690853,0.00000121303060041,5.4435633956e-7,2.18782446382e-7,1.33955964543e-7,1.43888513549e-7,1.12482091197e-7,8.31312192417e-8,1.09341478094e-7,2.87197394755e-7,3.68972337128e-7,2.78967036138e-7,3.11144191301e-7,1.17733030436e-7,6.74363320741e-9,3.33152234099e-12],"dvar2":[0.0000047382759476,0.000965950312093,0.000149099825649,0.000253969104961,0.0000293567663903,0.00000873306180438,0.00000760591274229,0.00000876658759807,0.0000102329313449,0.00000859789179231,0.0000125689111883,0.00000707613253326,0.00000276217315331,0.00000130161947709,5.44914144029e-7,3.43460214935e-7,3.4664208215e-7,2.58311786183e-7,1.7127241847e-7,2.36141133314e-7,5.9428066379e-7,7.30946055683e-7,5.50815514089e-7,5.78483820846e-7,2.394939429e-7,1.35734579132e-8,7.3613467752e-12],"max":[0.0244150329381,0.201644152403,0.0916276723146,0.106953404844,0.0418638549745,0.0377357006073,0.0426485128701,0.0419313274324,0.0523961745203,0.0344535410404,0.0320741124451,0.0369068458676,0.041306681931,0.0284388512373,0.0167182907462,0.0139592643827,0.00883396435529,0.00835807994008,0.00477526523173,0.00484061101452,0.00792665407062,0.0118330037221,0.00887766387314,0.0148234693334,0.00769007578492,0.00225637038238,0.0000566811831959],"mean":[0.000574262521695,0.010155428201,0.00642008101568,0.00288522616029,0.00141814909875,0.00157938175835,0.00106685655192,0.00114598823711,0.00134569080546,0.0013250799384,0.00206888956018,0.00120987766422,0.000499000016134,0.000374816241674,0.000317743688356,0.000249141652603,0.000313197379,0.000238405584241,0.000180234768777,0.000225806725211,0.000278078805422,0.000304853427224,0.000272942503216,0.000271490367595,0.000145420257468,0.0000284124234895,7.44568922073e-7],"median":[0.00000293884113489,0.000872463802807,0.000715212081559,0.000557716935873,0.000489888712764,0.000316397985443,0.000224076895392,0.000254629238043,0.000420931784902,0.000287514325464,0.000634301162791,0.000439163821284,0.000158181937877,0.000111635570647,0.000117871240946,0.000100449135061,0.000122825586004,0.0000646672488074,0.0000392824877053,0.0000291003707389,0.0000144797777466,0.00000863640798343,0.0000066036041062,0.00000370397469851,0.00000203233776119,4.32125375482e-7,5.47526681771e-8],"min":[1.26327605484e-15,2.84323278354e-14,3.87175499113e-15,5.94595402577e-15,9.08267076594e-15,6.07715222952e-15,8.71699054898e-15,1.01178763176e-14,1.34045869226e-14,8.0610245177e-15,1.13653474788e-14,8.97324935574e-15,5.876019174e-15,1.45912673762e-14,9.79213624519e-15,9.19167712998e-15,5.36183756425e-15,1.61690108713e-15,1.45430739544e-15,5.85356433057e-15,1.6092550266e-14,8.77837434904e-14,9.82282939883e-13,3.6330719249e-12,3.18092991183e-12,1.8987367234e-11,6.72249145239e-9],"var":[0.00000503294177179,0.000628538022283,0.000117377683637,0.000073860224802,0.00000984460075415,0.0000113081869131,0.00000674193006489,0.00000829970304039,0.0000090666790129,0.00000976673072728,0.0000106813286038,0.00000627971485301,0.00000164416621828,9.52180812419e-7,3.96216108811e-7,1.90970922631e-7,2.80250731066e-7,2.48972696681e-7,1.5636400974e-7,2.34552530287e-7,5.04651325173e-7,7.38826031466e-7,5.87664032992e-7,9.90430862657e-7,3.12406427838e-7,1.99111500621e-8,9.06023259889e-12]},"barkbands_crest":{"dmean":3.12575149536,"dmean2":4.99229049683,"dvar":8.61074733734,"dvar2":20.8797187805,"max":26.9120044708,"mean":12.1478662491,"median":11.3025388718,"min":2.68280720711,"var":25.7490463257},"barkbands_flatness_db":{"dmean":0.0281917396933,"dmean2":0.0408990606666,"dvar":0.000842725741677,"dvar2":0.00169385864865,"max":0.644806265831,"mean":0.192312851548,"median":0.184832587838,"min":0.0366491936147,"var":0.00569686107337},"barkbands_kurtosis":{"dmean":7.7705578804,"dmean2":11.9020242691,"dvar":10326.5546875,"dvar2":15462.7255859,"max":9291.56152344,"mean":10.9305791855,"median":1.6193164587,"min":-1.95700752735,"var":21628.1015625},"barkbands_skewness":{"dmean":0.833929359913,"dmean2":1.23510837555,"dvar":1.47194707394,"dvar2":2.72455763817,"max":15.0280694962,"mean":1.24163746834,"median":1.06300652027,"min":-81.0196228027,"var":5.50841379166},"barkbands_spread":{"dmean":6.19032621384,"dmean2":9.29991722107,"dvar":78.1865921021,"dvar2":158.844345093,"max":111.184623718,"mean":18.2803649902,"median":13.6529226303,"min":0.0212149247527,"var":269.389160156},"dissonance":{"dmean":0.0341199785471,"dmean2":0.0568955130875,"dvar":0.00148306728806,"dvar2":0.00406867498532,"max":0.499999880791,"mean":0.440152227879,"median":0.456392109394,"min":0.103303611279,"var":0.00297678168863},"dynamic_complexity":3.26720356941,"erbbands":{"dmean":[0.242374584079,1.66807413101,3.848320961,6.45847034454,8.08839035034,3.00304627419,3.61767792702,9.02228927612,10.8207378387,9.28678703308,18.9355220795,18.012096405,24.7921524048,33.7796897888,44.7559623718,28.4997138977,15.9556760788,13.7808885574,9.3729467392,9.18615055084,7.82340764999,9.82329940796,8.01626777649,6.1775302887,5.88208198547,6.15456914902,8.21022129059,7.96140861511,8.01187229156,6.16530609131,5.38976383209,3.68445014954,2.76378011703,1.60030138493,0.279826998711,0.0952576249838,0.0303260870278,0.00247630849481,0.0000971810732153,0.0000200242138817],"dmean2":[0.343190670013,2.72031950951,5.75031089783,10.780755043,13.6575040817,4.86389732361,5.63919687271,13.213139534,15.9254655838,14.5369749069,29.3237686157,27.1881809235,36.9404563904,52.70337677,67.5100479126,43.2121276855,24.4408473969,22.2138729095,14.7816390991,15.0165662766,12.5958862305,15.6397361755,12.5262460709,9.29267311096,8.52109527588,8.93537712097,11.9919967651,11.3070039749,11.1536083221,8.64822769165,7.67090034485,5.08754253387,3.97638869286,2.32757902145,0.400859057903,0.138117611408,0.0439371578395,0.00356121174991,0.000137353650643,0.0000286252579826],"dvar":[0.598325073719,21.8767929077,74.1575012207,288.352325439,724.156494141,53.8691749573,102.952415466,468.105438232,870.742675781,670.901855469,2236.80908203,2326.44921875,3436.00878906,5034.25927734,6755.02050781,3204.2331543,2189.02612305,1517.88220215,676.355285645,435.386810303,263.534790039,435.829315186,374.725860596,213.500579834,225.142089844,210.051101685,494.517242432,478.101501465,494.09487915,297.136901855,251.512161255,159.671340942,106.668029785,37.9832458496,1.05593240261,0.17430691421,0.0262922067195,0.00017294663121,1.26470752093e-7,1.01092345606e-9],"dvar2":[1.03847920895,58.0521888733,193.845703125,772.56439209,1844.50598145,131.898269653,226.569610596,923.942871094,1824.73144531,1576.0880127,5400.66992188,4948.45019531,7425.90478516,12045.2207031,14392.4316406,6968.07373047,4890.88037109,3536.26416016,1568.06750488,1138.1965332,636.115783691,1046.22167969,846.696594238,474.365447998,469.723937988,443.962005615,1085.28320313,976.999084473,983.40222168,585.36328125,512.964050293,292.070861816,223.762374878,75.8568649292,2.0380589962,0.344617962837,0.056244507432,0.000376946089091,2.57969759332e-7,2.02295091789e-9],"max":[9.29682826996,44.7479476929,103.08531189,181.728942871,277.533966064,127.488059998,344.067230225,467.882537842,733.862915039,673.143188477,1202.07946777,1430.02709961,1307.92944336,1184.33105469,1349.63879395,1345.84301758,1755.12927246,1570.27966309,1025.29211426,722.851623535,567.932800293,473.560791016,513.601379395,240.761566162,257.993743896,278.295013428,294.669342041,344.727478027,416.108215332,296.780151367,265.740020752,362.734283447,278.137969971,151.653411865,25.9185791016,13.6457862854,4.98084497452,0.406906574965,0.0104657718912,0.000475522683701],"mean":[0.319119513035,2.18275976181,7.34929990768,8.23857498169,7.93587350845,3.7640709877,5.42182254791,15.5368938446,17.6930713654,14.6546001434,31.1432971954,30.00365448,42.7642326355,55.5828094482,73.4608230591,45.6933860779,24.702709198,21.725610733,15.755859375,15.7124443054,14.2465734482,17.1396789551,14.6518774033,9.70917510986,9.37602329254,10.1513471603,12.0740365982,10.9031715393,11.2414178848,8.27884101868,7.92849397659,5.94735479355,4.47633457184,2.59445261955,0.469248175621,0.159965410829,0.0488198511302,0.00407748576254,0.000175894587301,0.0000508327648276],"median":[0.0145705435425,0.274600535631,1.17416274548,3.24479031563,1.94325935841,1.37179327011,1.76469695568,2.59419107437,3.78746056557,5.08117341995,8.06465244293,10.1450834274,11.8221540451,17.804901123,23.1763534546,19.1067943573,9.89345836639,8.07849597931,6.42692899704,7.662504673,7.03161764145,7.04212713242,4.02938556671,2.73890948296,1.71712124348,1.27562344074,0.806814789772,0.496635407209,0.392667651176,0.226952150464,0.190122485161,0.105258852243,0.0509020164609,0.0319025851786,0.00815029907972,0.0026603252627,0.000684626342263,0.000113535425044,0.0000249098775384,0.0000320283143083],"min":[7.74107774409e-13,6.46881897007e-12,6.38000416386e-12,1.68588198957e-11,1.99434288528e-11,3.6337894499e-11,3.56372743815e-11,5.11599339281e-11,7.81784151305e-11,1.54615140135e-10,2.85011708678e-10,3.65734581509e-10,2.48158021909e-10,3.67199576301e-10,3.77738396118e-10,3.79995784838e-10,3.08820802264e-10,5.65596069979e-10,7.98281774017e-10,6.46837527984e-10,3.62954777344e-10,3.01016295223e-10,1.95703939165e-10,1.1797886279e-10,1.32588731661e-10,2.57066951059e-10,6.96512680864e-10,7.03509972499e-10,2.32412356027e-9,9.84920234259e-9,3.42674120191e-8,5.49723040422e-8,7.84619160754e-8,5.32063531011e-8,1.33632607202e-8,9.76278968778e-9,3.81619500445e-8,2.26945132908e-7,4.37475250692e-7,1.47481600266e-7],"var":[1.08378970623,23.5487060547,153.205825806,244.531433105,599.298339844,67.4314041138,200.425476074,1194.32226563,1835.02380371,1223.59106445,5305.30566406,4740.03662109,8306.34765625,9912.28320313,15179.09375,6044.81152344,3155.95239258,3064.96313477,1269.09680176,636.831176758,484.949249268,818.519958496,934.701477051,361.95211792,438.756866455,465.06652832,836.276428223,892.114624023,1039.45751953,527.906005859,520.565246582,488.287872314,272.645385742,101.452674866,2.98877191544,0.522290766239,0.0689933001995,0.000459831033368,3.88210395386e-7,2.93172064403e-9]},"erbbands_crest":{"dmean":3.28683543205,"dmean2":5.23759412766,"dvar":8.67640209198,"dvar2":20.6878032684,"max":32.9362602234,"mean":11.8445606232,"median":10.4505319595,"min":2.46797800064,"var":33.5265083313},"erbbands_flatness_db":{"dmean":0.0241456180811,"dmean2":0.0345805361867,"dvar":0.000742960372008,"dvar2":0.00136290409137,"max":0.595151305199,"mean":0.216442123055,"median":0.210514038801,"min":0.0624659322202,"var":0.00514972256497},"erbbands_kurtosis":{"dmean":2.66140270233,"dmean2":4.15689849854,"dvar":33.0125999451,"dvar2":77.8572616577,"max":126.468139648,"mean":3.46594810486,"median":0.610257923603,"min":-1.85551214218,"var":77.878364563},"erbbands_skewness":{"dmean":0.556438922882,"dmean2":0.834702849388,"dvar":0.358715593815,"dvar2":0.800378262997,"max":7.57624530792,"mean":0.27619561553,"median":0.185488834977,"min":-4.28017663956,"var":1.28932714462},"erbbands_spread":{"dmean":8.5598526001,"dmean2":13.0946855545,"dvar":121.332572937,"dvar2":267.72543335,"max":166.743835449,"mean":28.4502830505,"median":23.7367534637,"min":0.389658719301,"var":412.739105225},"gfcc":{"cov":[[11208.0517578,-1025.75378418,-104.503425598,2099.78271484,-782.107727051,115.897773743,-674.062438965,90.4150695801,314.438659668,249.534835815,-322.709899902,-324.25970459,-219.916229248],[-1025.75378418,2464.20947266,-118.278503418,-395.206695557,800.688598633,-484.978027344,306.053283691,35.1669769287,274.759552002,-81.8866119385,112.581474304,-148.295852661,35.9511108398],[-104.503425598,-118.278503418,1313.03442383,327.86730957,-58.3154220581,478.856231689,-53.1153755188,-26.8565368652,-49.4469299316,-34.8010978699,-45.9405632019,30.7174110413,-51.8522758484],[2099.78271484,-395.206695557,327.86730957,1224.50805664,53.9265289307,142.454330444,44.0842514038,-10.2337818146,32.3894920349,61.0652732849,-107.520820618,-151.304702759,-17.0668621063],[-782.107727051,800.688598633,-58.3154220581,53.9265289307,721.178222656,-44.3922653198,315.69354248,104.329093933,104.214241028,-6.99293708801,28.9072036743,-82.5098495483,33.7068138123],[115.897773743,-484.978027344,478.856231689,142.454330444,-44.3922653198,629.547546387,139.566574097,46.0153770447,-55.3258628845,-48.3533439636,-0.883951485157,75.340133667,-13.6786375046],[-674.062438965,306.053283691,-53.1153755188,44.0842514038,315.69354248,139.566574097,546.49395752,127.689712524,30.6592197418,-10.6432523727,58.2249069214,-18.9784507751,57.4467773438],[90.4150695801,35.1669769287,-26.8565368652,-10.2337818146,104.329093933,46.0153770447,127.689712524,191.710189819,109.161529541,40.7882003784,11.3937339783,-0.43131172657,12.8397827148],[314.438659668,274.759552002,-49.4469299316,32.3894920349,104.214241028,-55.3258628845,30.6592197418,109.161529541,234.346847534,73.7630996704,19.3603668213,-25.4015808105,-2.01998996735],[249.534835815,-81.8866119385,-34.8010978699,61.0652732849,-6.99293708801,-48.3533439636,-10.6432523727,40.7882003784,73.7630996704,161.590423584,37.6996955872,-5.2357468605,-4.49182462692],[-322.709899902,112.581474304,-45.9405632019,-107.520820618,28.9072036743,-0.883951485157,58.2249069214,11.3937339783,19.3603668213,37.6996955872,139.357025146,60.603515625,29.7640666962],[-324.25970459,-148.295852661,30.7174110413,-151.304702759,-82.5098495483,75.340133667,-18.9784507751,-0.43131172657,-25.4015808105,-5.2357468605,60.603515625,151.906402588,47.2090911865],[-219.916229248,35.9511108398,-51.8522758484,-17.0668621063,33.7068138123,-13.6786375046,57.4467773438,12.8397827148,-2.01998996735,-4.49182462692,29.7640666962,47.2090911865,117.30821228]],"icov":[[0.000271731987596,-0.000337877805578,0.00037227149005,-0.000625025480986,0.000537334301043,-0.000483861193061,0.000487003679154,-0.000583277607802,0.000131005363073,-0.000345928419847,0.000318508333294,-0.0000442839445896,0.000227132550208],[-0.000337877805578,0.00206130533479,-0.00115407339763,0.00142139114905,-0.00189389404841,0.0020008913707,-0.00125330791343,0.00205710623413,-0.00229023885913,0.00216640066355,-0.00169854669366,0.00127476360649,-0.000440901116235],[0.00037227149005,-0.00115407339763,0.00199133832939,-0.00134922086727,0.00107991101686,-0.00219780323096,0.00132417900022,-0.00114192173351,0.00102922890801,-0.00118224637117,0.00107158184983,-0.00073541176971,0.000641968625132],[-0.000625025480986,0.00142139114905,-0.00134922086727,0.00286138011143,-0.00169175781775,0.00131689838599,-0.00147691520397,0.00230424315669,-0.00131045677699,0.000717997609172,-0.000596524390858,0.00186486623716,-0.00127092294861],[0.000537334301043,-0.00189389404841,0.00107991101686,-0.00169175781775,0.00418827915564,-0.00160678720567,0.000280016305624,-0.00235776626505,0.00113601412158,-0.0013804564951,0.00114541326184,0.000125993712572,0.000174477958353],[-0.000483861193061,0.0020008913707,-0.00219780323096,0.00131689838599,-0.00160678720567,0.00513920048252,-0.00251479633152,0.001246384345,-0.00151145702694,0.00279797939584,-0.00145285658073,-0.000831290788483,0.000640141952317],[0.000487003679154,-0.00125330791343,0.00132417900022,-0.00147691520397,0.000280016305624,-0.00251479633152,0.00470548309386,-0.00341564416885,0.00195982167497,-0.000877121812664,-0.000540121167433,0.000826255651191,-0.000831949990243],[-0.000583277607802,0.00205710623413,-0.00114192173351,0.00230424315669,-0.00235776626505,0.001246384345,-0.00341564416885,0.0116902515292,-0.00603459915146,0.000634522293694,0.00010740304424,0.000240590539761,-0.000881165091414],[0.000131005363073,-0.00229023885913,0.00102922890801,-0.00131045677699,0.00113601412158,-0.00151145702694,0.00195982167497,-0.00603459915146,0.0100226933137,-0.00420057214797,0.000922113307752,-0.000880250590853,0.000541890563909],[-0.000345928419847,0.00216640066355,-0.00118224637117,0.000717997609172,-0.0013804564951,0.00279797939584,-0.000877121812664,0.000634522293694,-0.00420057214797,0.0109831718728,-0.00493067782372,0.00163772841915,0.000292620330583],[0.000318508333294,-0.00169854669366,0.00107158184983,-0.000596524390858,0.00114541326184,-0.00145285658073,-0.000540121167433,0.00010740304424,0.000922113307752,-0.00493067782372,0.0127949528396,-0.00567184295505,0.000121973003843],[-0.0000442839445896,0.00127476360649,-0.00073541176971,0.00186486623716,0.000125993712572,-0.000831290788483,0.000826255651191,0.000240590539761,-0.000880250590853,0.00163772841915,-0.00567184295505,0.0141417011619,-0.00529602635652],[0.000227132550208,-0.000440901116235,0.000641968625132,-0.00127092294861,0.000174477958353,0.000640141952317,-0.000831949990243,-0.000881165091414,0.000541890563909,0.000292620330583,0.000121973003843,-0.00529602635652,0.0118336053565]],"mean":[-50.6565361023,109.664413452,-128.331848145,15.1958398819,-52.6775779724,22.4699935913,-23.4344806671,7.37731742859,-23.2586097717,-8.45500469208,-12.9359378815,-2.39627242088,-8.57702159882]},"hfc":{"dmean":9.29168224335,"dmean2":12.2318649292,"dvar":246.708740234,"dvar2":417.229309082,"max":211.672454834,"mean":23.9487113953,"median":14.6322278976,"min":0.000227215758059,"var":822.680847168},"melbands":{"dmean":[0.00201208353974,0.00196619168855,0.00125673261937,0.000357471872121,0.000120134427561,0.000192987849005,0.00015624484513,0.000105018472823,0.000163428048836,0.000117734838568,0.000127826700918,0.000135192793095,0.000164045122801,0.0000968165477389,0.0000583742912568,0.0000332907584379,0.0000268812345894,0.0000153320961545,0.0000168673177541,0.0000126723480207,0.0000092193877208,0.0000112992511276,0.00000874072156876,0.00000622813922746,0.00000515032434123,0.00000471172279504,0.00000404639513363,0.00000443012868345,0.0000056313647292,0.00000456124189441,0.00000489298645334,0.00000460686578663,0.00000448168020739,0.00000328156897922,0.00000326635131387,0.00000299097564493,0.00000212073700823,0.00000202687942874,0.0000019678307126,0.00000120278025406],"dmean2":[0.00305585027672,0.00299883447587,0.00210066605359,0.00059705064632,0.00018652563449,0.000282986118691,0.0002304243244,0.00016551995941,0.000251727062277,0.000177738329512,0.000190379214473,0.000210553553188,0.000252347439528,0.000145567406435,0.0000892207463039,0.0000523492817592,0.0000439228824689,0.0000241691886913,0.0000276506598311,0.0000207379052881,0.0000149128600242,0.0000181592786248,0.0000138162276926,0.00000976001228992,0.00000789249406807,0.00000692645699019,0.00000604692604611,0.00000660925115881,0.00000843403358886,0.00000664490062263,0.00000706345736035,0.00000657658802083,0.00000641983888272,0.00000463224978375,0.00000477761568618,0.00000427752502219,0.00000298515374197,0.00000297714268527,0.00000289163449452,0.00000176077389824],"dvar":[0.0000368115579477,0.0000201154416573,0.0000125462647702,0.00000110702956135,8.64953619839e-8,1.98489615855e-7,1.67356532188e-7,8.56650501646e-8,1.56495161718e-7,1.05749585089e-7,9.33523125468e-8,8.35780795683e-8,8.20646519628e-8,4.72583323585e-8,1.91036253483e-8,1.12563478538e-8,5.67053248801e-9,2.20672125018e-9,1.52603640835e-9,9.34554322818e-10,3.65318053586e-10,5.19666476517e-10,4.75833372704e-10,2.20842344412e-10,1.53495785526e-10,1.55910701016e-10,1.04921446531e-10,1.16136066042e-10,2.33981306552e-10,1.62734367648e-10,1.88706578141e-10,1.68655159283e-10,1.65176594624e-10,8.5416812512e-11,9.23822546239e-11,1.11026972338e-10,5.88307388916e-11,6.22935036887e-11,5.79926107136e-11,2.33834757113e-11],"dvar2":[0.0000745799407014,0.0000528639102413,0.0000329934482579,0.00000282325413536,1.86894695275e-7,3.93742652705e-7,3.55579942379e-7,2.04770685741e-7,3.7120364027e-7,2.23623686679e-7,1.9899796655e-7,1.9923805894e-7,1.84446719231e-7,1.00006829484e-7,4.12592875421e-8,2.60192223323e-8,1.35958764247e-8,5.17897413843e-9,4.04227407103e-9,2.4529083209e-9,8.92656226714e-10,1.26186572302e-9,1.13634401888e-9,5.23556031862e-10,3.49674011968e-10,3.32383232049e-10,2.33760982793e-10,2.60680088626e-10,5.39208178107e-10,3.49811735134e-10,4.00725508332e-10,3.44034994937e-10,3.51697615475e-10,1.71649250369e-10,1.95172281114e-10,2.31677704798e-10,1.1072841255e-10,1.40983932861e-10,1.23587640122e-10,4.81173677291e-11],"max":[0.0601208545268,0.0457326881588,0.0366054661572,0.0114943031222,0.0090563017875,0.00910208001733,0.010001915507,0.00768053811044,0.00992271490395,0.00914071779698,0.00655677961186,0.00515261339024,0.00516452500597,0.0039879931137,0.00540328212082,0.00407183403149,0.00279901106842,0.00164289597888,0.00120498263277,0.00120605633128,0.000619819387794,0.000475067849038,0.000615037337411,0.000346193759469,0.000212825179915,0.000177437294042,0.000194621883566,0.000257279752987,0.000208028694033,0.00019717644318,0.000221874419367,0.000239353452343,0.000267090799753,0.000127235383843,0.000165663746884,0.000288198760245,0.000255004590144,0.000231768499361,0.000162091979291,0.000140867443406],"mean":[0.00276192487217,0.00354832108133,0.00153234251775,0.000389082648326,0.000180200047907,0.000347618275555,0.000258713989751,0.000163858770975,0.000262563436991,0.000187922953046,0.00021515035769,0.000215341991861,0.00025891259429,0.000152174703544,0.0000875022305991,0.0000464024633402,0.0000396866671508,0.0000235835686908,0.0000255742452282,0.0000198831730813,0.0000155525758601,0.0000186422676052,0.0000151285685206,0.0000102743424577,0.00000754715892981,0.0000069380421337,0.00000618993999524,0.00000697110772307,0.00000818673834146,0.00000610191546002,0.00000642054965283,0.00000640070265945,0.00000577133914703,0.00000423381197834,0.0000045844781198,0.00000435311085312,0.00000335428057952,0.00000308815560857,0.00000306947595163,0.00000188128444734],"median":[0.000195817323402,0.000748030375689,0.000649994064588,0.000114447830128,0.000061733466282,0.0000604699089308,0.0000582129396207,0.0000501533031638,0.0000633789095446,0.0000582521861361,0.0000525201685377,0.0000583921500947,0.0000820708009996,0.0000463244323328,0.000030294588214,0.0000125660526464,0.0000127025323309,0.00000782060942583,0.00000920945331018,0.00000804314822744,0.00000684287942931,0.00000736867696105,0.00000384721988667,0.0000029371024084,0.00000193769437828,0.0000011217427982,9.7026554613e-7,7.76103490807e-7,5.21929223396e-7,3.43474880538e-7,2.39640058908e-7,1.84402097148e-7,1.47174873177e-7,1.00782969525e-7,1.07223840473e-7,8.51342818464e-8,4.70874965686e-8,3.18016155632e-8,3.04201606127e-8,2.30660859302e-8],"min":[7.76254874182e-15,5.35069357528e-15,2.7683639225e-15,2.15502270671e-15,1.34140690329e-15,1.12410007128e-15,1.44725531676e-15,1.53357422095e-15,2.42665007927e-15,2.13271101185e-15,6.64841507195e-16,1.35843872416e-15,1.38881014927e-15,9.90831824886e-16,6.54766897321e-16,7.7579027661e-16,1.11148637427e-15,1.38222859739e-15,7.91963417826e-16,7.80165148843e-16,3.70439853905e-16,2.93749940847e-16,3.17700459175e-16,5.19856247425e-17,7.28380307305e-17,5.94206781214e-17,1.6389889006e-16,1.56593270595e-16,3.19233985856e-16,4.35133133452e-16,3.0227299812e-16,8.43206740613e-16,2.11033769534e-15,5.43503349287e-15,1.42652410067e-14,3.4111073883e-14,3.29886129264e-14,4.39568967705e-14,4.28994269578e-14,4.40457234216e-14],"var":[0.0000607194124314,0.0000335261465807,0.000010282702533,9.78492039394e-7,1.76934761953e-7,5.42701855011e-7,3.52726317487e-7,1.613120304e-7,3.59142092066e-7,2.09609765989e-7,2.28422848636e-7,1.67170597365e-7,1.66563026482e-7,9.56745651592e-8,3.13181161005e-8,1.69585909759e-8,1.05775015413e-8,3.73351571881e-9,2.30332020124e-9,1.27791133231e-9,6.60061671987e-10,9.44176736795e-10,1.01794461749e-9,4.35889074835e-10,2.42286607444e-10,2.70165084748e-10,1.92821439371e-10,2.39067848851e-10,3.91072285666e-10,2.67103783536e-10,3.34926170131e-10,3.52597284703e-10,2.79196998854e-10,1.46402015511e-10,1.74071229653e-10,2.36664660092e-10,1.77991940631e-10,1.38704034369e-10,1.39619302231e-10,5.79666072087e-11]},"melbands_crest":{"dmean":3.99323678017,"dmean2":6.14373731613,"dvar":13.9973888397,"dvar2":33.3554840088,"max":37.3367996216,"mean":17.1732788086,"median":16.2995109558,"min":2.9185526371,"var":48.4658164978},"melbands_flatness_db":{"dmean":0.0352522842586,"dmean2":0.0502686314285,"dvar":0.0013274763478,"dvar2":0.00263018836267,"max":0.665120065212,"mean":0.256631731987,"median":0.252964526415,"min":0.0187092330307,"var":0.00953489542007},"melbands_kurtosis":{"dmean":9.47872829437,"dmean2":14.7546520233,"dvar":381.065216064,"dvar2":827.794311523,"max":640.866455078,"mean":14.271692276,"median":5.08576393127,"min":-1.86053621769,"var":848.771484375},"melbands_skewness":{"dmean":1.00030493736,"dmean2":1.47855508327,"dvar":1.21110785007,"dvar2":2.64228367805,"max":18.6093883514,"mean":2.21307086945,"median":1.80611670017,"min":-6.84321928024,"var":5.22020339966},"melbands_spread":{"dmean":9.38759899139,"dmean2":14.4092731476,"dvar":270.439483643,"dvar2":558.353881836,"max":272.952575684,"mean":23.1218833923,"median":16.570110321,"min":0.17798037827,"var":688.835876465},"mfcc":{"cov":[[11920.0751953,-2207.67602539,330.487060547,1153.39538574,229.272506714,210.933532715,-676.981201172,-362.838317871,36.6650657654,440.491973877,276.539031982,9.73022651672,-335.219818115],[-2207.67602539,3022.15844727,-788.897583008,39.2326622009,186.513656616,-250.491104126,30.3935604095,77.9422454834,94.1431808472,104.281059265,76.219078064,86.526260376,73.9452972412],[330.487060547,-788.897583008,1495.65527344,-115.074401855,139.917282104,348.698272705,42.3428840637,93.9775466919,-49.1957969666,-80.8598632813,-12.8077907562,-51.9007835388,-9.31309986115],[1153.39538574,39.2326622009,-115.074401855,953.010131836,171.458343506,132.064819336,82.1286621094,-69.1065673828,139.24899292,195.148345947,20.7420387268,51.8401031494,-37.7971305847],[229.272506714,186.513656616,139.917282104,171.458343506,375.643005371,122.328369141,-1.55478298664,22.6333332062,58.7655715942,54.9561805725,42.8102226257,11.0397338867,-25.098241806],[210.933532715,-250.491104126,348.698272705,132.064819336,122.328369141,364.761932373,198.592102051,129.437606812,72.9846496582,28.0658416748,19.9626960754,0.596853196621,14.963104248],[-676.981201172,30.3935604095,42.3428840637,82.1286621094,-1.55478298664,198.592102051,416.513916016,195.198165894,113.402648926,32.1963844299,-21.7284297943,31.9404811859,71.5392990112],[-362.838317871,77.9422454834,93.9775466919,-69.1065673828,22.6333332062,129.437606812,195.198165894,295.086273193,122.977378845,13.9338769913,23.9209766388,20.3661613464,60.5794830322],[36.6650657654,94.1431808472,-49.1957969666,139.24899292,58.7655715942,72.9846496582,113.402648926,122.977378845,215.500335693,114.963180542,38.9016571045,37.2694473267,21.1506881714],[440.491973877,104.281059265,-80.8598632813,195.148345947,54.9561805725,28.0658416748,32.1963844299,13.9338769913,114.963180542,219.232696533,89.2797164917,35.1369590759,-13.5271568298],[276.539031982,76.219078064,-12.8077907562,20.7420387268,42.8102226257,19.9626960754,-21.7284297943,23.9209766388,38.9016571045,89.2797164917,157.327850342,49.0846557617,2.48977041245],[9.73022651672,86.526260376,-51.9007835388,51.8401031494,11.0397338867,0.596853196621,31.9404811859,20.3661613464,37.2694473267,35.1369590759,49.0846557617,136.537307739,73.3394622803],[-335.219818115,73.9452972412,-9.31309986115,-37.7971305847,-25.098241806,14.963104248,71.5392990112,60.5794830322,21.1506881714,-13.5271568298,2.48977041245,73.3394622803,138.535980225]],"icov":[[0.000154379406013,0.000116068134957,0.000031672505429,-0.000161486328579,0.00000740759969631,-0.000142234144732,0.000357934623025,-0.000113903523015,0.0000950503817876,-0.000226043513976,-0.000085091101937,-0.000108400068711,0.000173683074536],[0.000116068134957,0.000547969830222,0.000225129406317,-0.000101270350569,-0.000439086346887,0.000321365136188,0.000118827898405,-0.00030704998062,0.000172441403265,-0.00026882084785,-0.000169623075635,-0.0000482647556055,-0.000089456763817],[0.000031672505429,0.000225129406317,0.0010998880025,0.000171099192812,-0.000324855645886,-0.00109449878801,0.000453062995803,-0.00029848041595,0.000415953545598,-0.0000298099657812,0.000133846406243,0.0000601350438956,-0.0000676378404023],[-0.000161486328579,-0.000101270350569,0.000171099192812,0.00189613981638,-0.000474238040624,-0.000604999542702,-0.000588301045354,0.00116005481686,-0.000730578205548,-0.000922117673326,0.000945417152252,-0.000645646709017,0.000314391421853],[0.00000740759969631,-0.000439086346887,-0.000324855645886,-0.000474238040624,0.00390538526699,-0.00155857542995,0.000961747777183,0.00003411506259,-0.000688000349328,0.000175623892574,-0.000329030386638,-0.000366969179595,0.000787746277638],[-0.000142234144732,0.000321365136188,-0.00109449878801,-0.000604999542702,-0.00155857542995,0.00681769987568,-0.0030233473517,-0.000833867758047,-0.0000602441759838,0.000673265312798,-0.00132925179787,0.00102548801806,-0.000291254604235],[0.000357934623025,0.000118827898405,0.000453062995803,-0.000588301045354,0.000961747777183,-0.0030233473517,0.00601709401235,-0.00247727544047,-0.0000803407019703,-0.0012394572841,0.00173293193802,-0.000779643654823,-0.000577680068091],[-0.000113903523015,-0.00030704998062,-0.00029848041595,0.00116005481686,0.00003411506259,-0.000833867758047,-0.00247727544047,0.0077459178865,-0.0042090145871,0.0017485555727,-0.00155252730474,0.00120215164497,-0.00162211805582],[0.0000950503817876,0.000172441403265,0.000415953545598,-0.000730578205548,-0.000688000349328,-0.0000602441759838,-0.0000803407019703,-0.0042090145871,0.0101944282651,-0.00462425639853,0.00116293656174,-0.00115772348363,0.000314517877996],[-0.000226043513976,-0.00026882084785,-0.0000298099657812,-0.000922117673326,0.000175623892574,0.000673265312798,-0.0012394572841,0.0017485555727,-0.00462425639853,0.0102136172354,-0.00474298000336,0.000499234709423,0.000701712968294],[-0.000085091101937,-0.000169623075635,0.000133846406243,0.000945417152252,-0.000329030386638,-0.00132925179787,0.00173293193802,-0.00155252730474,0.00116293656174,-0.00474298000336,0.0108532896265,-0.00404684012756,0.00132618495263],[-0.000108400068711,-0.0000482647556055,0.0000601350438956,-0.000645646709017,-0.000366969179595,0.00102548801806,-0.000779643654823,0.00120215164497,-0.00115772348363,0.000499234709423,-0.00404684012756,0.0133048696443,-0.00745419459417],[0.000173683074536,-0.000089456763817,-0.0000676378404023,0.000314391421853,0.000787746277638,-0.000291254604235,-0.000577680068091,-0.00162211805582,0.000314517877996,0.000701712968294,0.00132618495263,-0.00745419459417,0.0128922304139]],"mean":[-692.127502441,141.11328125,-10.8247308731,5.24843025208,-2.46140837669,7.98306751251,8.77921295166,13.5260648727,3.56544065475,-3.26506900787,-5.09491348267,1.93478965759,1.30935025215]},"pitch_salience":{"dmean":0.0845310389996,"dmean2":0.134380027652,"dvar":0.0069070844911,"dvar2":0.0168608650565,"max":0.901005327702,"mean":0.468890279531,"median":0.476424396038,"min":0.0353408046067,"var":0.0220664180815},"silence_rate_20dB":{"dmean":0,"dmean2":0,"dvar":0,"dvar2":0,"max":1,"mean":1,"median":1,"min":1,"var":0},"silence_rate_30dB":{"dmean":0.0465168021619,"dmean2":0.0930439606309,"dvar":0.0443549789488,"dvar2":0.0899563655257,"max":1,"mean":0.942917525768,"median":1,"min":0,"var":0.0538282953203},"silence_rate_60dB":{"dmean":0.0310482978821,"dmean2":0.0621035061777,"dvar":0.030082333833,"dvar2":0.0642471238971,"max":1,"mean":0.0988093912601,"median":0,"min":0,"var":0.0890475437045},"spectral_centroid":{"dmean":285.412872314,"dmean2":426.93347168,"dvar":187709.984375,"dvar2":365912.125,"max":10992.9287109,"mean":1245.93945313,"median":1016.84625244,"min":121.059089661,"var":702332.625},"spectral_complexity":{"dmean":3.67071008682,"dmean2":5.31830835342,"dvar":26.3387145996,"dvar2":39.4446144104,"max":62,"mean":15.7159233093,"median":14,"min":0,"var":119.062271118},"spectral_contrast_coeffs":{"dmean":[0.0555410906672,0.0531181581318,0.0470054112375,0.0347330160439,0.0245284177363,0.0205485690385],"dmean2":[0.0883930251002,0.0837103351951,0.0733981430531,0.054924480617,0.0387330017984,0.0311112962663],"dvar":[0.00233919359744,0.00201298226602,0.00145354436245,0.000831375364214,0.000509513134602,0.000487574958242],"dvar2":[0.00559653574601,0.00455484259874,0.00337804364972,0.00195115350652,0.00111928349361,0.00100090843625],"max":[-0.305992722511,-0.358302563429,-0.458422660828,-0.547715365887,-0.596891105175,-0.616009175777],"mean":[-0.605592906475,-0.722771704197,-0.723655641079,-0.763055860996,-0.785171866417,-0.774923920631],"median":[-0.603271126747,-0.735298216343,-0.727336525917,-0.765590667725,-0.79081505537,-0.775652647018],"min":[-0.947690546513,-0.966492831707,-0.97363871336,-0.968587040901,-0.965422391891,-0.962928891182],"var":[0.0118421548977,0.0105094835162,0.00535733113065,0.0035392541904,0.00327687175013,0.00324545730837]},"spectral_contrast_valleys":{"dmean":[0.480598956347,0.444874972105,0.428578436375,0.37509560585,0.348249852657,0.387129694223],"dmean2":[0.743368685246,0.703710496426,0.65657055378,0.568057358265,0.477758497,0.464294373989],"dvar":[0.224143430591,0.190932095051,0.203871324658,0.182952553034,0.212980419397,0.274601906538],"dvar2":[0.436466246843,0.409905463457,0.409396052361,0.362392634153,0.365926980972,0.397328078747],"max":[-5.3135137558,-4.65770149231,-4.72931575775,-4.91309547424,-5.37349510193,-7.23212623596],"mean":[-8.07453727722,-7.26416015625,-7.33642435074,-8.07262229919,-8.26219081879,-10.8196744919],"median":[-7.89433336258,-7.06029272079,-7.24695587158,-7.86301755905,-8.13610458374,-11.0858869553],"min":[-27.4271335602,-27.1506309509,-26.5500869751,-26.9204959869,-27.1018218994,-27.2336120605],"var":[1.77099204063,1.17184758186,0.905596971512,1.3044167757,1.68057382107,2.26698994637]},"spectral_decrease":{"dmean":3.69639296949e-9,"dmean2":5.46225065179e-9,"dvar":4.03536521501e-17,"dvar2":8.81992246919e-17,"max":5.13430037418e-15,"mean":-8.67009486427e-9,"median":-5.76322278789e-9,"min":-5.77653622713e-8,"var":8.37151910878e-17},"spectral_energy":{"dmean":0.0143781928346,"dmean2":0.0210683364421,"dvar":0.000586227455642,"dvar2":0.00126599194482,"max":0.219628930092,"mean":0.0348951630294,"median":0.0238336101174,"min":1.13335367757e-8,"var":0.00125299394131},"spectral_energyband_high":{"dmean":0.000838533218484,"dmean2":0.00113349384628,"dvar":0.00000414397663917,"dvar2":0.00000737789650884,"max":0.0234247129411,"mean":0.00144271436147,"median":0.0000768226018408,"min":4.36590052999e-9,"var":0.0000112090474431},"spectral_energyband_low":{"dmean":0.0101953959092,"dmean2":0.015080482699,"dvar":0.000482944451505,"dvar2":0.00107415870298,"max":0.21731993556,"mean":0.0185392070562,"median":0.00538738677278,"min":3.76266028155e-14,"var":0.000961962388828},"spectral_energyband_middle_high":{"dmean":0.00280230841599,"dmean2":0.00408767256886,"dvar":0.00001674939449,"dvar2":0.0000343051469827,"max":0.0728855058551,"mean":0.00664598308504,"median":0.00441477121785,"min":1.24362840989e-13,"var":0.0000502690963913},"spectral_energyband_middle_low":{"dmean":0.00549090839922,"dmean2":0.00886514689773,"dvar":0.000157901406055,"dvar2":0.000396861607442,"max":0.128188371658,"mean":0.00990358367562,"median":0.00625668745488,"min":5.97957081527e-14,"var":0.000174271612195},"spectral_entropy":{"dmean":0.236095398664,"dmean2":0.325594156981,"dvar":0.0756023153663,"dvar2":0.131812900305,"max":9.80878639221,"mean":7.17837381363,"median":7.14748811722,"min":4.13126802444,"var":0.526079595089},"spectral_flux":{"dmean":0.0368946827948,"dmean2":0.0579956807196,"dvar":0.00226545287296,"dvar2":0.00497802952304,"max":0.411107212305,"mean":0.092662461102,"median":0.0767416805029,"min":0.0000825812458061,"var":0.00465283915401},"spectral_kurtosis":{"dmean":3.73474025726,"dmean2":6.08377981186,"dvar":24.8428077698,"dvar2":65.2824325562,"max":89.8847732544,"mean":8.99333763123,"median":6.25422906876,"min":-1.36456608772,"var":91.9137954712},"spectral_rms":{"dmean":0.00108469719999,"dmean2":0.0015217558248,"dvar":0.00000208093524634,"dvar2":0.00000396827817895,"max":0.0146380364895,"mean":0.00513719953597,"median":0.0048220641911,"min":0.00000332522313329,"var":0.00000765328695707},"spectral_rolloff":{"dmean":596.915588379,"dmean2":988.967590332,"dvar":1583611.625,"dvar2":3246528,"max":21813.1347656,"mean":1582.10986328,"median":1012.06054688,"min":43.06640625,"var":3934959},"spectral_skewness":{"dmean":0.400588661432,"dmean2":0.617451786995,"dvar":0.19834689796,"dvar2":0.449410498142,"max":7.73509740829,"mean":1.99097287655,"median":1.86705768108,"min":-0.173676475883,"var":1.26099443436},"spectral_spread":{"dmean":640177.4375,"dmean2":916909.6875,"dvar":1021348216830,"dvar2":1916624437250,"max":42857280,"mean":3903648,"median":3375465.75,"min":845065.5625,"var":4903487406080},"spectral_strongpeak":{"dmean":0.580788969994,"dmean2":0.951693058014,"dvar":0.747462034225,"dvar2":1.82738935947,"max":10.6449584961,"mean":1.12638998032,"median":0.739033818245,"min":0,"var":1.34089195728},"zerocrossingrate":{"dmean":0.0125976130366,"dmean2":0.013560035266,"dvar":0.000443380820798,"dvar2":0.000430207204772,"max":0.8984375,"mean":0.0550371818244,"median":0.0419921875,"min":0.0009765625,"var":0.00302707962692}},"metadata":{"audio_properties":{"analysis_sample_rate":44100,"bit_rate":0,"codec":"flac","downmix":"mix","equal_loudness":0,"length":208.63999939,"lossless":true,"md5_encoded":"f09cd41050d5944d7c4758d7703940bc","replay_gain":-14.8389854431,"sample_rate":44100},"tags":{"acoustid_id":["312e8a3f-13d9-4a7e-9f22-a929172f8a54"],"album":["Tranquility Base Hotel + Casino"],"albumartist":["Arctic Monkeys"],"albumartistsort":["Arctic Monkeys"],"artist":["Arctic Monkeys"],"artistsort":["Arctic Monkeys"],"catalognumber":["WIGMC339"],"date":["2018-05-11"],"discnumber":["1"],"disctotal":["1"],"file_name":"02 - One Point Perspective.flac","genre":["Indie Rock"],"isrc":["GBCEL1800165"],"label":["Domino"],"media":["Cassette"],"musicbrainz_albumartistid":["ada7a83c-e3e1-40f1-93f9-3e73dbc9298a"],"musicbrainz_albumid":["7bed4129-6ac0-47cc-96f2-b8173f6fdc41"],"musicbrainz_artistid":["ada7a83c-e3e1-40f1-93f9-3e73dbc9298a"],"musicbrainz_recordingid":["71613e9d-535a-4a8d-bc6d-1bfc9acc2999"],"musicbrainz_releasegroupid":["97ee3a0f-183b-4830-aa5c-45507a084d37"],"musicbrainz_releasetrackid":["8c9a28c2-a103-4897-813a-ca5d77928304"],"originaldate":["2018-05-11"],"originalyear":["2018"],"releasecountry":["XW"],"releasestatus":["official"],"releasetype":["album"],"title":["One Point Perspective"],"tracknumber":["2"],"tracktotal":["11"]},"version":{"essentia":"2.1-beta2","essentia_build_sha":"2d9f1f26377add8aeb1075a9c2973f962c4f09fd","essentia_git_sha":"v2.1_beta2-1-ge3940c0","extractor":"music 1.0"}},"rhythm":{"beats_count":267,"beats_loudness":{"dmean":0.0520775280893,"dmean2":0.0990489199758,"dvar":0.00109408947174,"dvar2":0.00348429591395,"max":0.176961898804,"mean":0.084771797061,"median":0.0776901468635,"min":0.0000871167940204,"var":0.00153056660201},"beats_loudness_band_ratio":{"dmean":[0.378000199795,0.0529777556658,0.051025159657,0.100035399199,0.0723195821047,0.220155283809],"dmean2":[0.748980224133,0.0980