{"lowlevel":{"average_loudness":0.916113495827,"barkbands":{"dmean":[0.0000549911164853,0.00365779316053,0.00419046729803,0.0026092811022,0.00167523464188,0.000577261555009,0.000682031095494,0.000291719741654,0.000337738863891,0.000298365368508,0.000104312188341,0.000110991153633,0.000145240119309,0.00014239452139,0.000129640262458,0.000229912955547,0.000365715532098,0.000274388352409,0.000350110669388,0.00016633834457,0.000155401590746,0.0000812887665234,0.0000681329329382,0.0000462508905912,0.0000231656049436,0.00000694962727721,0.00000207032780963],"dmean2":[0.0000930027599679,0.00624842569232,0.00704646436498,0.00433929217979,0.00279009249061,0.00093640940031,0.00111349730287,0.000450555904536,0.000529653159901,0.000460750830825,0.00016161458916,0.000179201786523,0.000225055162446,0.00022861265461,0.000212529907003,0.000380513927666,0.000618528109044,0.000461326213554,0.000574298785068,0.000269081181614,0.000253488717135,0.000131746463012,0.000107807354652,0.0000672158275847,0.0000324649736285,0.0000101765572253,0.00000310478594656],"dvar":[1.83063750825e-8,0.000038390429836,0.0000345300504705,0.0000123304480439,0.0000129805257529,0.00000151509505031,0.00000146959916947,4.71764934673e-7,6.00810778906e-7,3.43566568972e-7,5.13623987786e-8,4.29506528121e-8,9.75640475076e-8,1.33040430228e-7,6.05716223845e-8,1.95568460981e-7,2.40760272163e-7,1.90875127259e-7,3.93264542708e-7,7.82188891435e-8,7.06963305674e-8,2.54563143898e-8,2.34929551368e-8,3.20358317651e-8,1.01934922725e-8,5.07132336125e-10,5.12286393861e-11],"dvar2":[4.86705751257e-8,0.00010685442976,0.0000930443420657,0.0000334125797963,0.0000356774835382,0.00000389649085264,0.00000380322398996,0.00000101663090391,0.00000138739198974,7.38691539937e-7,9.75270992853e-8,8.91680258519e-8,1.93039326746e-7,3.11896144467e-7,1.43730346736e-7,5.14414580266e-7,6.54168843539e-7,5.13804423008e-7,9.99873805085e-7,2.0001584744e-7,1.84512643386e-7,6.32539283174e-8,5.26163859149e-8,4.72359360515e-8,1.36481093094e-8,9.18506493086e-10,1.08450491643e-10],"max":[0.00190586794633,0.0652469545603,0.0675487667322,0.0469451770186,0.0583513639867,0.0178918577731,0.0303726438433,0.0116891684011,0.0152775757015,0.023732278496,0.00798730924726,0.00892964564264,0.0117779299617,0.0102181918919,0.0058042453602,0.0147083746269,0.00665054423735,0.0089692492038,0.011942025274,0.00471026264131,0.00504220183939,0.00457352399826,0.00542634353042,0.00886370521039,0.00593996467069,0.00104143167846,0.000372217735276],"mean":[0.0000669647415634,0.00534466654062,0.00684565631673,0.00421095639467,0.00262887170538,0.000902459316421,0.001598275383,0.000573350349441,0.000752216496039,0.000641597842332,0.000204786949325,0.000246672832873,0.000333638716256,0.000301197142107,0.000257350911852,0.000467922509415,0.000807736243587,0.000692820292898,0.0009196412866,0.000466436351417,0.000408256921219,0.000205095813726,0.000183176365681,0.000126559054479,0.0000573781217099,0.0000126788063426,0.00000298489203487],"median":[0.0000149960678755,0.00358356977813,0.0041039166972,0.00286310142837,0.00165748246945,0.000493028317578,0.000428934581578,0.000128212341224,0.000190426013432,0.000269046751782,0.0000789183613961,0.000151233922224,0.000140366115374,0.000125528327771,0.000129248277517,0.000252072059084,0.000625075655989,0.000378283439204,0.000301610503811,0.000185958371731,0.000223543684115,0.0000863521272549,0.0000571219461563,0.0000237322819885,0.0000116897444968,0.00000298580016533,3.27494575458e-7],"min":[5.5069271348e-17,5.47221565845e-17,1.31208695709e-17,5.08826877563e-18,1.36131462601e-17,1.96578248346e-17,2.69528216466e-17,1.50302787029e-17,3.72806960268e-17,8.74452991944e-17,7.74977641142e-17,1.7204696651e-17,6.83950517546e-17,9.53486592227e-17,1.05114863078e-16,5.22925583806e-17,1.17503745635e-16,1.08114808932e-16,1.44205691674e-16,1.07329185873e-16,1.37777333644e-16,1.2093084094e-16,1.06332287651e-16,1.51533307526e-16,4.5920620686e-16,9.81131603574e-16,9.64221226056e-16],"var":[2.19768718779e-8,0.000041381787014,0.0000581146050536,0.0000195443863049,0.0000116858591355,0.00000180476308742,0.00000590656372879,0.00000173998228092,0.00000269424049293,0.00000136457344979,2.40980426724e-7,2.61284156977e-7,3.74857336283e-7,6.23694404567e-7,1.90765547359e-7,4.64035821324e-7,5.34284993137e-7,5.81947631417e-7,0.00000148700451064,3.44373887629e-7,2.71359198223e-7,9.3653071076e-8,1.01719052736e-7,1.40113655789e-7,5.46035252569e-8,1.63852187374e-9,1.16373938264e-10]},"barkbands_crest":{"dmean":2.27499127388,"dmean2":3.81231951714,"dvar":4.24176311493,"dvar2":11.8380622864,"max":26.4509372711,"mean":9.46573829651,"median":8.98477935791,"min":2.82601594925,"var":9.80137729645},"barkbands_flatness_db":{"dmean":0.0192734450102,"dmean2":0.030384965241,"dvar":0.000364472100046,"dvar2":0.000837791361846,"max":0.438473135233,"mean":0.147647738457,"median":0.137018024921,"min":0.0300222039223,"var":0.0029510112945},"barkbands_kurtosis":{"dmean":2.4842569828,"dmean2":4.01733875275,"dvar":104.660140991,"dvar2":177.243835449,"max":781.77166748,"mean":3.26731967926,"median":1.1663595438,"min":-1.8813983202,"var":193.485671997},"barkbands_skewness":{"dmean":0.495812922716,"dmean2":0.787363111973,"dvar":0.305437356234,"dvar2":0.691340684891,"max":24.9875164032,"mean":1.53020095825,"median":1.42152094841,"min":-3.01902747154,"var":1.38120555878},"barkbands_spread":{"dmean":5.08914899826,"dmean2":8.15180969238,"dvar":29.4809112549,"dvar2":67.5982131958,"max":110.295692444,"mean":28.0335464478,"median":26.6693382263,"min":0.269476354122,"var":260.905639648},"dissonance":{"dmean":0.011879472062,"dmean2":0.0200995467603,"dvar":0.000182387753739,"dvar2":0.000497144821566,"max":0.5,"mean":0.472062468529,"median":0.478629916906,"min":0.304693639278,"var":0.000553644669708},"dynamic_complexity":1.89436554909,"erbbands":{"dmean":[0.0683379396796,0.964189291,3.95472288132,7.54731464386,6.06303834915,5.53251743317,5.20009756088,4.07585763931,9.16503047943,7.49671125412,6.49433231354,7.94351387024,5.77141571045,9.8775806427,2.76554393768,5.18452548981,6.39359855652,6.0555100441,7.06674766541,5.86501502991,17.083782196,15.0273246765,15.1065397263,16.7441139221,14.4503936768,8.04648399353,6.15472269058,5.85282039642,3.14808368683,1.57926344872,2.23679590225,1.29149138927,0.640220165253,0.378217369318,0.0990132465959,0.0357392095029,0.0116262799129,0.00308778020553,0.000350534712197,0.0000216655625991],"dmean2":[0.117295891047,1.64231193066,6.59756612778,12.5624961853,10.2116975784,9.34817409515,8.30660438538,6.69976806641,14.9629449844,11.7467088699,10.2557373047,12.3722782135,9.02372169495,15.4336166382,4.4017033577,8.24345874786,9.83153247833,9.47556400299,11.1860456467,9.64329242706,28.5806331635,25.0988712311,25.3756198883,27.240650177,23.944644928,13.1530036926,10.0518770218,9.51357936859,5.10098981857,2.5241189003,3.56115794182,1.97099459171,0.914705097675,0.532354354858,0.1358923316,0.0521255433559,0.0172213930637,0.00455283047631,0.000526074785739,0.0000329562717525],"dvar":[0.0166538730264,2.50100851059,29.8378295898,106.63658905,87.4420700073,191.975753784,104.333061218,85.3668365479,273.129486084,215.559661865,234.339019775,382.199523926,145.152297974,379.561157227,18.8299102783,103.562522888,141.143554688,239.709747314,176.694641113,118.63130188,887.854675293,410.015625,566.385620117,830.06451416,672.436340332,200.273376465,111.67767334,107.077507019,39.7516136169,11.775604248,24.584356308,15.5654935837,10.0960283279,2.62553143501,0.264710009098,0.0151234380901,0.001648461679,0.000115446266136,0.0000013346329979,2.64835109398e-9],"dvar2":[0.0478420928121,6.87990999222,78.2406921387,283.834716797,236.831222534,531.484985352,267.655212402,215.84274292,718.592956543,524.840881348,555.27545166,918.480895996,326.431335449,874.843139648,42.3634681702,214.395492554,290.758056641,562.881286621,395.361816406,274.058563232,2354.29248047,1104.64367676,1557.35510254,2100.66552734,1767.0144043,513.967407227,283.071807861,274.56652832,96.6498947144,28.1776199341,57.0812797546,28.3540019989,15.4800271988,3.76057505608,0.389286100864,0.0271252430975,0.00309869577177,0.000226587158977,0.00000280589483737,5.04618347108e-9],"max":[1.52366948128,17.4877700806,73.9894943237,139.151168823,118.278884888,223.874038696,168.928741455,144.128845215,248.533325195,359.016479492,285.301239014,448.914337158,512.39666748,530.149047852,175.490859985,461.719543457,603.901489258,589.105285645,340.530151367,328.182861328,1012.77935791,297.113861084,582.192687988,541.548950195,466.233886719,288.121948242,207.186798096,203.473861694,211.066268921,118.913536072,173.678207397,187.540115356,140.605834961,91.5578918457,33.0218734741,5.00844240189,2.02765440941,0.669811069965,0.05402309075,0.00193117803428],"mean":[0.090992435813,1.49002838135,7.0448641777,13.0597782135,10.1869258881,7.78544807434,9.04794120789,6.21292161942,21.0354747772,15.8847780228,15.0897102356,18.7940158844,13.4208316803,22.3484115601,6.82487726212,12.411488533,15.8880586624,15.6498908997,15.1980962753,13.1227664948,37.6994934082,39.0166893005,39.2543411255,45.0189628601,38.3632965088,22.7797222137,17.1970882416,15.1302480698,7.97514820099,4.41849803925,5.7110004425,3.50281381607,1.65591454506,0.933444619179,0.237472072244,0.0728512480855,0.0199798606336,0.00451194541529,0.000530489778612,0.0000574472214794],"median":[0.0474485382438,1.05871343613,4.25596046448,9.36491203308,7.23764801025,4.42694473267,4.74405384064,3.42015457153,6.09310626984,5.62287330627,3.80351781845,5.27618503571,6.20858669281,9.17678070068,4.2232427597,7.76761960983,7.42798709869,7.4929599762,8.68288612366,8.40358352661,23.0146770477,29.6822776794,25.4821891785,17.1334609985,14.1832180023,9.31984519958,8.97899341583,8.4074306488,3.36031150818,1.52213990688,1.61477053165,0.73412334919,0.317320764065,0.191250324249,0.046837054193,0.0181747153401,0.00419542845339,0.000673205417115,0.0000819149499875,0.0000389961132896],"min":[2.43668466684e-15,9.34641903802e-15,1.64477552265e-14,1.68077069596e-14,2.39667548909e-14,5.07611971391e-14,9.16321394305e-14,1.87070357035e-13,3.44401671895e-13,4.11167627723e-13,3.17197657029e-13,7.94915890924e-13,1.92665414872e-12,3.75603844902e-12,2.04974405504e-12,9.4515627963e-13,3.12714784623e-12,2.93466835034e-12,7.69028070391e-12,2.90307231379e-12,3.56766244151e-12,6.86705857109e-12,6.09316937183e-12,5.11416646878e-12,7.58329770506e-12,5.20293053433e-12,6.60119962165e-12,5.22476766712e-12,4.1172716278e-12,3.66737846688e-12,3.24616245342e-12,3.01763583739e-12,3.00601514167e-12,3.8757061796e-12,3.9846103847e-12,3.24448952947e-12,1.97117495937e-12,7.83018289964e-13,1.54190923267e-13,9.83440488333e-15],"var":[0.0171100329608,2.85361194611,57.7798233032,166.071807861,104.345184326,152.301025391,179.282897949,94.0665130615,1034.35302734,743.131225586,1071.23291016,1767.28967285,638.313598633,1569.93908691,109.362075806,586.846435547,749.333679199,1717.9440918,516.746520996,293.992980957,2374.4362793,1200.23535156,1622.22949219,3172.8503418,2447.00097656,831.083496094,490.155609131,388.597442627,145.371810913,52.2143440247,99.1482315063,68.6541137695,38.7187004089,13.0190143585,1.34834170341,0.0539183616638,0.00506955664605,0.000301373744151,0.00000312695055982,8.72774119642e-9]},"erbbands_crest":{"dmean":1.99000787735,"dmean2":3.21921348572,"dvar":3.35697078705,"dvar2":8.23101806641,"max":30.55651474,"mean":8.40804004669,"median":7.53539943695,"min":2.39132714272,"var":12.3487110138},"erbbands_flatness_db":{"dmean":0.0139377834275,"dmean2":0.0193349905312,"dvar":0.000280513864709,"dvar2":0.000443171273218,"max":0.461174935102,"mean":0.164099469781,"median":0.157030433416,"min":0.0499152615666,"var":0.00186968652997},"erbbands_kurtosis":{"dmean":0.70834761858,"dmean2":1.11093890667,"dvar":1.08115077019,"dvar2":2.52364945412,"max":32.355304718,"mean":0.342594951391,"median":-0.444220393896,"min":-1.80668437481,"var":4.69583463669},"erbbands_skewness":{"dmean":0.267963767052,"dmean2":0.422885239124,"dvar":0.0608759783208,"dvar2":0.145446270704,"max":3.06971430779,"mean":-0.394269287586,"median":-0.239567443728,"min":-5.11073207855,"var":0.722768783569},"erbbands_spread":{"dmean":7.28248929977,"dmean2":11.3824663162,"dvar":57.0230026245,"dvar2":134.701217651,"max":130.644470215,"mean":42.3244895935,"median":41.8563308716,"min":4.81110620499,"var":221.469421387},"gfcc":{"cov":[[5580.34375,-2137.02441406,504.518676758,493.691894531,-791.586669922,547.413818359,-366.338317871,409.399078369,-43.2056388855,277.982330322,-189.594070435,-20.0378990173,-286.6121521],[-2137.02441406,2334.64819336,-321.684356689,-523.766845703,544.533691406,-410.654022217,317.180877686,-286.948822021,88.4834289551,-206.565124512,174.724029541,-29.8306312561,168.064666748],[504.518676758,-321.684356689,543.149475098,-127.13671875,-50.8022689819,177.82572937,-18.9125747681,35.3596954346,-7.80562400818,86.7400817871,-46.6045913696,91.9768447876,-35.1419525146],[493.691894531,-523.766845703,-127.13671875,554.180236816,-62.3875770569,23.7558135986,-58.9782447815,83.8883514404,-13.4643211365,-24.7555732727,-22.7059497833,-78.7414474487,-9.93067836761],[-791.586669922,544.533691406,-50.8022689819,-62.3875770569,310.501983643,-87.8335723877,118.248313904,-85.1253356934,9.76223754883,-53.7560768127,37.7200088501,-4.47820425034,47.7770042419],[547.413818359,-410.654022217,177.82572937,23.7558135986,-87.8335723877,221.235671997,-12.3425378799,89.3983001709,1.93476498127,59.5813674927,-25.7087955475,31.8390216827,-32.1627311707],[-366.338317871,317.180877686,-18.9125747681,-58.9782447815,118.248313904,-12.3425378799,156.050323486,1.14612972736,28.5669841766,-46.6542129517,5.70273017883,1.24744868279,30.7498397827],[409.399078369,-286.948822021,35.3596954346,83.8883514404,-85.1253356934,89.3983001709,1.14612972736,138.578735352,37.328742981,34.8647232056,-21.357131958,-10.0321521759,-28.6090908051],[-43.2056388855,88.4834289551,-7.80562400818,-13.4643211365,9.76223754883,1.93476498127,28.5669841766,37.328742981,80.9900894165,31.2208309174,17.0257282257,-12.3479309082,-6.89134883881],[277.982330322,-206.565124512,86.7400817871,-24.7555732727,-53.7560768127,59.5813674927,-46.6542129517,34.8647232056,31.2208309174,126.291694641,31.9881534576,22.4956226349,-41.7660331726],[-189.594070435,174.724029541,-46.6045913696,-22.7059497833,37.7200088501,-25.7087955475,5.70273017883,-21.357131958,17.0257282257,31.9881534576,97.0689544678,25.3101463318,6.22964096069],[-20.0378990173,-29.8306312561,91.9768447876,-78.7414474487,-4.47820425034,31.8390216827,1.24744868279,-10.0321521759,-12.3479309082,22.4956226349,25.3101463318,88.2507629395,21.5643386841],[-286.6121521,168.064666748,-35.1419525146,-9.93067836761,47.7770042419,-32.1627311707,30.7498397827,-28.6090908051,-6.89134883881,-41.7660331726,6.22964096069,21.5643386841,74.3067779541]],"icov":[[0.000464566255687,-0.000406339357141,-0.000100403100078,-0.000603104184847,0.000814637634903,-0.000625140615739,0.000406983832363,-0.000579602376092,0.000712411827408,-0.000751777784899,0.00100807799026,-0.000539769243915,0.00111256027594],[-0.000406339357141,0.00377229508013,-0.000394066912122,0.00331704271957,-0.00233834260143,0.0027106187772,-0.00238603213802,0.00233643501997,-0.0038365048822,0.00465310597792,-0.00659847585484,0.00487360684201,-0.00388030149043],[-0.000100403100078,-0.000394066912122,0.0038173017092,0.0000408463565691,-0.000620455655735,-0.00223762704991,0.000342726212693,0.000682136276737,-0.000124627928017,-0.00190974131692,0.00379288988188,-0.00428495788947,0.00170656910632],[-0.000603104184847,0.00331704271957,0.0000408463565691,0.00580271100625,-0.00276739429682,0.00212256982923,-0.000639351608697,-0.000152373089804,-0.00224402500317,0.00490604899824,-0.0068092867732,0.00681140832603,-0.00498622749001],[0.000814637634903,-0.00233834260143,-0.000620455655735,-0.00276739429682,0.00873155612499,-0.00127458048519,-0.00315865990706,0.0016997322673,0.00253403931856,-0.00342954020016,0.00257658306509,-0.00129345757887,0.00203012721613],[-0.000625140615739,0.0027106187772,-0.00223762704991,0.00212256982923,-0.00127458048519,0.011634984985,-0.00351522210985,-0.00278246751986,-0.000201149377972,0.00102490372956,-0.00416704127565,0.00205306499265,-0.00276670395397],[0.000406983832363,-0.00238603213802,0.000342726212693,-0.000639351608697,-0.00315865990706,-0.00351522210985,0.0149821881205,-0.00521598896012,-0.00199219817296,0.00289273867384,0.00365616683848,-0.00378898577765,0.00157854123972],[-0.000579602376092,0.00233643501997,0.000682136276737,-0.000152373089804,0.0016997322673,-0.00278246751986,-0.00521598896012,0.0185787696391,-0.00992000754923,0.00193865655456,-0.00136398908217,0.00169677019585,-0.000411899760365],[0.000712411827408,-0.0038365048822,-0.000124627928017,-0.00224402500317,0.00253403931856,-0.000201149377972,-0.00199219817296,-0.00992000754923,0.0257667079568,-0.0121978195384,0.003649110673,0.00148047658149,0.00115300633479],[-0.000751777784899,0.00465310597792,-0.00190974131692,0.00490604899824,-0.00342954020016,0.00102490372956,0.00289273867384,0.00193865655456,-0.0121978195384,0.0247453320771,-0.014709639363,0.00321811437607,0.0016033530701],[0.00100807799026,-0.00659847585484,0.00379288988188,-0.0068092867732,0.00257658306509,-0.00416704127565,0.00365616683848,-0.00136398908217,0.003649110673,-0.014709639363,0.0298456382006,-0.0170301850885,0.00870841182768],[-0.000539769243915,0.00487360684201,-0.00428495788947,0.00681140832603,-0.00129345757887,0.00205306499265,-0.00378898577765,0.00169677019585,0.00148047658149,0.00321811437607,-0.0170301850885,0.0309961140156,-0.0159009769559],[0.00111256027594,-0.00388030149043,0.00170656910632,-0.00498622749001,0.00203012721613,-0.00276670395397,0.00157854123972,-0.000411899760365,0.00115300633479,0.0016033530701,0.00870841182768,-0.0159009769559,0.0282440390438]],"mean":[1.23707854748,104.25856781,-124.744720459,58.487701416,-43.4772949219,5.3160982132,-30.2821960449,7.57607841492,-21.135225296,-9.73301696777,-14.775844574,-5.61420679092,-11.4352970123]},"hfc":{"dmean":4.03859615326,"dmean2":6.3127951622,"dvar":35.0907745361,"dvar2":76.4687957764,"max":173.805908203,"mean":23.0417156219,"median":18.7424793243,"min":4.27674735903e-11,"var":323.495422363},"melbands":{"dmean":[0.000819172360934,0.00170246022753,0.00116782879923,0.000436248636106,0.000173990818439,0.0000971571789705,0.000141672062455,0.0000762502822909,0.0000541254303243,0.0000491691316711,0.0000301268537442,0.000042979252612,0.0000107149289761,0.000012395241356,0.0000136946118801,0.000014724502762,0.0000124295265778,0.0000127256262203,0.00000950301637204,0.000010549727449,0.0000250221437454,0.0000194755793927,0.0000178882764885,0.0000120432996482,0.0000155082398123,0.0000154427052621,0.00000732913849788,0.00000628862835583,0.00000403166859542,0.00000511020607519,0.00000323368999489,0.00000235456468545,0.00000108866095161,0.00000100070087683,0.00000140662928061,0.00000115970999559,7.31197758341e-7,4.76868876831e-7,5.00076112075e-7,2.79495168343e-7],"dmean2":[0.00140202057082,0.00282434141263,0.00194125494454,0.000732389802579,0.000282621564111,0.000158105627634,0.000231686746702,0.000117414223496,0.0000860173022375,0.0000771871418692,0.0000467488280265,0.0000672767419019,0.0000168515580299,0.0000198241523321,0.000021639487386,0.0000220388355956,0.0000197683330043,0.0000200290451176,0.0000155417910719,0.0000174187625817,0.0000421899967478,0.000032722036849,0.0000302203679894,0.0000200532031158,0.0000253317484749,0.0000256566290773,0.0000122790088426,0.000010326483789,0.00000652573589832,0.00000845271370054,0.0000052522786973,0.00000385022894989,0.00000175835339178,0.00000162346805155,0.00000226830366046,0.00000184320469998,0.00000111783322154,7.00465477621e-7,7.26801602013e-7,3.97778961769e-7],"dvar":[0.00000210321923078,0.00000544756721865,0.00000236081291405,8.84839096216e-7,1.25838795384e-7,4.51369324139e-8,6.42498321213e-8,2.13379411917e-8,1.5520647878e-8,1.39649118935e-8,3.94978849627e-9,7.366905308e-9,3.34980959638e-10,6.22367823944e-10,7.68033581178e-10,1.02949193614e-9,1.10844633472e-9,6.71342148539e-10,4.48527631702e-10,4.06830541477e-10,1.70422331802e-9,7.65997099084e-10,6.75297873176e-10,3.64010488418e-10,7.35475236269e-10,9.34346156001e-10,1.536585581e-10,1.42384853907e-10,5.23775432748e-11,7.47995554384e-11,3.6845543977e-11,2.10866515221e-11,6.34813252312e-12,4.7650295168e-12,9.1658677176e-12,9.24375419958e-12,7.30365334184e-12,6.01942757791e-12,4.31497068978e-12,1.64489808493e-12],"dvar2":[0.00000592697324464,0.0000141419050124,0.00000635883316136,0.00000243771069108,3.33385685281e-7,1.14981482113e-7,1.68632524833e-7,5.09624342726e-8,3.79685261009e-8,3.39665078286e-8,8.69255512015e-9,1.69428879815e-8,6.89218238037e-10,1.17827014812e-9,1.65398628127e-9,1.909283176e-9,2.6515276641e-9,1.47928458372e-9,1.05873398937e-9,1.02963748638e-9,4.55152626699e-9,2.0570798398e-9,1.88388504796e-9,9.92004367539e-10,1.87476567604e-9,2.42499309522e-9,4.17506446082e-10,3.64510560624e-10,1.29223493017e-10,2.02203753741e-10,9.36758448589e-11,5.32467611669e-11,1.51643402696e-11,1.17018903248e-11,2.23687145195e-11,1.97821013043e-11,1.40572050528e-11,1.00015612112e-11,7.05859242583e-12,2.39361828969e-12],"max":[0.0145835131407,0.0281984359026,0.0201491843909,0.0140442065895,0.0055014542304,0.00327206496149,0.00494699832052,0.00318805291317,0.00244917697273,0.00247633550316,0.00294197769836,0.00233541987836,0.000590532028582,0.00106154277455,0.0011509116739,0.0011084334692,0.00117894646246,0.000739456852898,0.000546761555597,0.000632258772384,0.00121987855528,0.000430657208199,0.0005731699639,0.000413333124015,0.000526049348991,0.000572677585296,0.000227592579904,0.000260445725871,0.000145672704093,0.000180415256182,0.000153565910296,0.000117949268315,0.0000799037443358,0.000080366662587,0.0000935197385843,0.000115606562758,0.000102491096186,0.000106541556306,0.000126018261653,0.0000810349592939],"mean":[0.00117110228166,0.00315731577575,0.00213577621616,0.000659617653582,0.00029698308208,0.000146262944327,0.00033237732714,0.000154924462549,0.000126753235236,0.000112877271022,0.0000657928103465,0.0000953822454903,0.0000225473668252,0.0000271012431767,0.0000325858854922,0.0000334370270139,0.0000287972106889,0.0000243120903178,0.0000182357744052,0.0000211282058444,0.0000516642357979,0.0000422255798185,0.0000403827980335,0.0000300388455798,0.0000372771464754,0.0000351043127012,0.0000180391743925,0.000014683466361,0.0000097930251286,0.0000117297577162,0.00000763562184147,0.00000521550418853,0.0000024905666578,0.00000240652161665,0.00000338247537002,0.00000289402578346,0.00000178781760951,0.00000109316340513,0.00000116009016438,6.38853464352e-7],"median":[0.000723957957234,0.00206263316795,0.00163129530847,0.000422962970333,0.000163695222,0.0000769596081227,0.0000929320085561,0.0000526808944414,0.0000256815001194,0.0000314537101076,0.000028294231015,0.0000380653655156,0.0000113865826279,0.0000167798298207,0.0000187738987734,0.0000132199638756,0.000011513086065,0.0000133310841193,0.00000872437885846,0.000012913134924,0.000031351846701,0.0000299708553939,0.0000287149105134,0.0000166663430718,0.0000134614892886,0.0000107369487523,0.00000781005564932,0.00000533527600055,0.00000442258078692,0.00000634817752143,0.00000392873380406,0.00000209574045584,6.86499220137e-7,8.49849470796e-7,0.00000100767385902,7.19497734281e-7,3.05564640257e-7,1.94154665678e-7,2.38972745592e-7,1.3226400597e-7],"min":[2.11210246201e-17,1.00455377848e-17,3.08917217203e-18,2.61321885822e-18,3.08876478558e-18,4.20864077634e-18,5.38841167449e-18,4.30700868119e-18,2.50319184263e-18,5.54185491889e-18,9.76766631038e-18,1.52646222792e-17,8.95649908731e-18,2.14912586682e-18,4.54609944699e-18,6.38599852426e-18,5.4476353248e-18,1.37528123978e-17,6.56958671172e-18,2.30633112865e-18,4.36052726683e-18,5.72931307084e-18,9.43065307649e-18,3.63284283348e-18,3.89021884031e-18,6.52062423691e-18,3.30315676546e-18,3.44664261644e-18,5.27600196514e-18,2.0175282556e-18,3.55516354293e-18,2.4657621267e-18,2.0495575161e-18,1.98164143832e-18,1.98110397771e-18,9.77364248351e-19,2.38762747322e-18,1.79323285583e-18,2.59976021606e-18,3.23875434412e-18],"var":[0.00000222191874855,0.0000100791266959,0.00000359720957022,7.68639097259e-7,1.78209717205e-7,5.11229956146e-8,2.50312353955e-7,7.50437081365e-8,7.87582905559e-8,6.51179803413e-8,1.72633871642e-8,2.97077402678e-8,1.69420688589e-9,2.73612998924e-9,3.51370421647e-9,4.13383460796e-9,7.48157624741e-9,1.63527569264e-9,1.34001532093e-9,7.7625550432e-10,4.36428582162e-9,1.76251402362e-9,1.57840507331e-9,1.10411324528e-9,2.40627340276e-9,2.65175059688e-9,4.72333727686e-10,4.36664315817e-10,1.93877608412e-10,2.31262536898e-10,1.15817001822e-10,6.40162506338e-11,2.093964932e-11,1.70455576737e-11,3.3251672249e-11,3.45838219173e-11,2.50031263055e-11,1.9685192712e-11,1.80887058804e-11,7.6747436531e-12]},"melbands_crest":{"dmean":3.29623699188,"dmean2":5.43343687057,"dvar":8.3353729248,"dvar2":22.1663322449,"max":32.3070487976,"mean":15.9931993484,"median":15.6279640198,"min":3.89431524277,"var":23.533203125},"melbands_flatness_db":{"dmean":0.024767274037,"dmean2":0.039595272392,"dvar":0.000549939868506,"dvar2":0.00133741169702,"max":0.555000841618,"mean":0.212197139859,"median":0.199608787894,"min":0.0165311899036,"var":0.00533330161124},"melbands_kurtosis":{"dmean":6.89668512344,"dmean2":11.1931648254,"dvar":132.873626709,"dvar2":313.904632568,"max":351.731811523,"mean":13.7161884308,"median":9.12542057037,"min":-1.83698070049,"var":282.658752441},"melbands_skewness":{"dmean":0.730321884155,"dmean2":1.17181992531,"dvar":0.551533818245,"dvar2":1.36760437489,"max":13.8200788498,"mean":3.06098675728,"median":2.86706161499,"min":-1.87250185013,"var":2.09692597389},"melbands_spread":{"dmean":7.45780467987,"dmean2":11.9907741547,"dvar":90.6673202515,"dvar2":216.379882813,"max":264.169128418,"mean":27.3526210785,"median":20.9331912994,"min":0.360474020243,"var":498.925048828},"mfcc":{"cov":[[4757.19140625,-2325.30224609,718.339782715,-31.2111377716,-77.1686553955,-15.1581878662,-190.217224121,28.216758728,-40.4035720825,374.214385986,83.5482330322,-36.7919960022,-16.9363098145],[-2325.30224609,2504.35522461,-503.834442139,-69.9932861328,20.059627533,-9.65259361267,111.413772583,-18.6680965424,32.0437164307,-273.044616699,5.55047464371,84.541229248,23.988035202],[718.339782715,-503.834442139,477.963470459,-156.596282959,-6.01962184906,60.5757865906,-34.9021339417,32.9564056396,11.7203941345,71.8542633057,21.635766983,-0.259836822748,14.0911598206],[-31.2111377716,-69.9932861328,-156.596282959,330.47088623,65.8321990967,-19.0040493011,33.6156959534,-3.78304362297,4.88628673553,2.03382492065,-28.7117538452,-2.75234389305,-17.3391494751],[-77.1686553955,20.059627533,-6.01962184906,65.8321990967,106.349380493,37.2979011536,27.9680995941,-1.65496754646,2.2667953968,4.06999397278,4.10099172592,-5.12982320786,3.05875921249],[-15.1581878662,-9.65259361267,60.5757865906,-19.0040493011,37.2979011536,95.1243286133,33.3454475403,11.9844198227,3.15452694893,-0.715296983719,5.51241731644,-0.418805748224,7.31230068207],[-190.217224121,111.413772583,-34.9021339417,33.6156959534,27.9680995941,33.3454475403,95.0536422729,39.7743453979,19.6121940613,-14.8836097717,-3.34894752502,5.17431926727,0.0332563258708],[28.216758728,-18.6680965424,32.9564056396,-3.78304362297,-1.65496754646,11.9844198227,39.7743453979,99.8588409424,46.6297302246,21.0485706329,-6.3363070488,-5.86840105057,-0.166601747274],[-40.4035720825,32.0437164307,11.7203941345,4.88628673553,2.2667953968,3.15452694893,19.6121940613,46.6297302246,85.8334197998,36.5946731567,1.5311845541,-12.7338037491,-16.7070960999],[374.214385986,-273.044616699,71.8542633057,2.03382492065,4.06999397278,-0.715296983719,-14.8836097717,21.0485706329,36.5946731567,121.927780151,42.7466697693,-5.64779043198,-2.02906656265],[83.5482330322,5.55047464371,21.635766983,-28.7117538452,4.10099172592,5.51241731644,-3.34894752502,-6.3363070488,1.5311845541,42.7466697693,80.494430542,38.6568222046,16.0603637695],[-36.7919960022,84.541229248,-0.259836822748,-2.75234389305,-5.12982320786,-0.418805748224,5.17431926727,-5.86840105057,-12.7338037491,-5.64779043198,38.6568222046,85.6232681274,43.1341972351],[-16.9363098145,23.988035202,14.0911598206,-17.3391494751,3.05875921249,7.31230068207,0.0332563258708,-0.166601747274,-16.7070960999,-2.02906656265,16.0603637695,43.1341972351,76.8581466675]],"icov":[[0.00047292310046,0.000261368288193,-0.000363228522474,-0.000161409712746,0.000263928086497,0.0000764932847233,0.000334141950589,-0.000233065249631,0.000552226032596,-0.000698191230185,-0.00012877836707,-0.000096162497357,0.000216872576857],[0.000261368288193,0.00102074397728,0.000646560220048,0.000549434626009,-0.000361778773367,0.000105385443021,-0.0000500667374581,0.00000596604240855,-0.00117150344886,0.00177143374458,-0.000982862780802,-0.00052905944176,0.0000432378947153],[-0.000363228522474,0.000646560220048,0.00442841881886,0.00222348724492,-0.00116017274559,-0.00224783690646,0.00128496787511,-0.00100262498017,-0.00111941655632,0.000320792634739,0.000634751224425,-0.00141439400613,0.0000914575357456],[-0.000161409712746,0.000549434626009,0.00222348724492,0.00549970427528,-0.00386838149279,0.00136562075932,-0.00134002917912,0.000415491202148,-0.000634265947156,-0.000752632389776,0.00303419935517,-0.00277037988417,0.0014145465102],[0.000263928086497,-0.000361778773367,-0.00116017274559,-0.00386838149279,0.0146428793669,-0.00503073027357,-0.0019536933396,0.00172778626438,0.00061837490648,-0.0011612517992,-0.00234519550577,0.00349009945057,-0.00195335038006],[0.0000764932847233,0.000105385443021,-0.00224783690646,0.00136562075932,-0.00503073027357,0.016297750175,-0.00581545289606,0.000749243889004,0.000234667066252,0.00103424233384,-0.000965445593465,0.00121062505059,-0.00104142457712],[0.000334141950589,-0.0000500667374581,0.00128496787511,-0.00134002917912,-0.0019536933396,-0.00581545289606,0.0185594875365,-0.00762021914124,-0.000726423284505,0.00229431409389,-0.00112759042531,-0.00171802588739,0.00126032193657],[-0.000233065249631,0.00000596604240855,-0.00100262498017,0.000415491202148,0.00172778626438,0.000749243889004,-0.00762021914124,0.0174744576216,-0.00769903557375,-0.00135245046113,0.00272349524312,0.00040484929923,-0.00238013500348],[0.000552226032596,-0.00117150344886,-0.00111941655632,-0.000634265947156,0.00061837490648,0.000234667066252,-0.000726423284505,-0.00769903557375,0.0218978505582,-0.00993125792593,0.00286990404129,0.0000303937213175,0.00436727516353],[-0.000698191230185,0.00177143374458,0.000320792634739,-0.000752632389776,-0.0011612517992,0.00103424233384,0.00229431409389,-0.00135245046113,-0.00993125792593,0.0225912574679,-0.0134838800877,0.0050187218003,-0.00255283899605],[-0.00012877836707,-0.000982862780802,0.000634751224425,0.00303419935517,-0.00234519550577,-0.000965445593465,-0.00112759042531,0.00272349524312,0.00286990404129,-0.0134838800877,0.0265618190169,-0.012815519236,0.00294788507745],[-0.000096162497357,-0.00052905944176,-0.00141439400613,-0.00277037988417,0.00349009945057,0.00121062505059,-0.00171802588739,0.00040484929923,0.0000303937213175,0.0050187218003,-0.012815519236,0.0241950880736,-0.0112358815968],[0.000216872576857,0.0000432378947153,0.0000914575357456,0.0014145465102,-0.00195335038006,-0.00104142457712,0.00126032193657,-0.00238013500348,0.00436727516353,-0.00255283899605,0.00294788507745,-0.0112358815968,0.0200904794037]],"mean":[-634.329406738,119.323028564,-9.52293968201,49.4304008484,11.823431015,4.60778093338,4.1287856102,11.1814098358,2.03225040436,-2.36179423332,-2.9792163372,4.14769792557,-5.31971645355]},"pitch_salience":{"dmean":0.0682829320431,"dmean2":0.112305566669,"dvar":0.00411257660016,"dvar2":0.0106692574918,"max":0.911847114563,"mean":0.515492320061,"median":0.511960685253,"min":0.0561381243169,"var":0.00992604438215},"silence_rate_20dB":{"dmean":0,"dmean2":0,"dvar":0,"dvar2":0,"max":1,"mean":1,"median":1,"min":1,"var":0},"silence_rate_30dB":{"dmean":0.000212381855818,"dmean2":0.000424808822572,"dvar":0.000212318918784,"dvar2":0.000636961427517,"max":1,"mean":0.999893844128,"median":1,"min":0,"var":0.000106163919554},"silence_rate_60dB":{"dmean":0.00169905484654,"dmean2":0.00339847058058,"dvar":0.00169614260085,"dvar2":0.0042364471592,"max":1,"mean":0.00583988102153,"median":0,"min":0,"var":0.00580600136891},"spectral_centroid":{"dmean":212.587799072,"dmean2":340.522979736,"dvar":52620.2539063,"dvar2":114441.648438,"max":11126.3769531,"mean":1632.66674805,"median":1634.11352539,"min":178.272033691,"var":708571.25},"spectral_complexity":{"dmean":3.07380270958,"dmean2":5.01996612549,"dvar":10.0139160156,"dvar2":24.2282657623,"max":55,"mean":24.4676151276,"median":22,"min":0,"var":160.236984253},"spectral_contrast_coeffs":{"dmean":[0.0524680987,0.0450309626758,0.0344519950449,0.0272823162377,0.0199384670705,0.015684902668],"dmean2":[0.0859387665987,0.0736270844936,0.0563140697777,0.0448503680527,0.0329764038324,0.0255238339305],"dvar":[0.00179263949394,0.00134364049882,0.000748752499931,0.000504721014295,0.000264894857537,0.000193260319065],"dvar2":[0.00491229118779,0.00346999056637,0.00192950316705,0.00128794310149,0.000693580426741,0.000463600415969],"max":[-0.259324759245,-0.461790204048,-0.510605573654,-0.565596222878,-0.602108299732,-0.603451669216],"mean":[-0.613420844078,-0.715711712837,-0.762204170227,-0.776325285435,-0.776387274265,-0.717482686043],"median":[-0.614893555641,-0.721134841442,-0.76471221447,-0.780398368835,-0.776925504208,-0.716852009296],"min":[-0.971256136894,-0.984967708588,-0.970677793026,-0.958444237709,-0.961251437664,-0.961777448654],"var":[0.00516975251958,0.00607427535579,0.00430759554729,0.00204717088491,0.000898193626199,0.00125558895525]},"spectral_contrast_valleys":{"dmean":[0.405999392271,0.37989154458,0.285448372364,0.248546823859,0.186315521598,0.254880547523],"dmean2":[0.658900618553,0.613286912441,0.468750208616,0.406272739172,0.297668516636,0.333822309971],"dvar":[0.136253640056,0.153682366014,0.0860561951995,0.0890862643719,0.0740625187755,0.169662386179],"dvar2":[0.308049619198,0.338423281908,0.176763013005,0.166473314166,0.120177559555,0.262874543667],"max":[-5.12150526047,-4.47502660751,-6.03750944138,-5.9729590416,-5.55307483673,-7.17775630951],"mean":[-6.97895050049,-7.04819583893,-7.52592372894,-7.74049711227,-7.08922719955,-10.4196605682],"median":[-6.87884759903,-6.99693393707,-7.44976234436,-7.58763313293,-7.00927257538,-10.0907020569],"min":[-27.4263515472,-27.6304779053,-26.9777259827,-27.4495544434,-27.2243156433,-27.2024002075],"var":[0.692032337189,0.641140460968,0.525480031967,0.563509762287,0.910150527954,2.0190308094]},"spectral_decrease":{"dmean":2.3058752685e-9,"dmean2":3.83775589086e-9,"dvar":8.30255987352e-18,"dvar2":2.12688037453e-17,"max":-9.12985581194e-23,"mean":-7.19863235688e-9,"median":-6.53618403845e-9,"min":-2.92257507084e-8,"var":1.62041174753e-17},"spectral_energy":{"dmean":0.00888803508133,"dmean2":0.0147830117494,"dvar":0.00012303571566,"dvar2":0.00031534122536,"max":0.113099351525,"mean":0.0292593259364,"median":0.0265450701118,"min":4.22371708599e-15,"var":0.000256218278082},"spectral_energyband_high":{"dmean":0.000335546093993,"dmean2":0.00051109661581,"dvar":3.91245549736e-7,"dvar2":7.801751849e-7,"max":0.0197868589312,"mean":0.00125267356634,"median":0.000686761399265,"min":2.95759785918e-15,"var":0.00000286187605525},"spectral_energyband_low":{"dmean":0.00721575459465,"dmean2":0.0119978850707,"dvar":0.0000926943466766,"dvar2":0.000235279163462,"max":0.100928336382,"mean":0.0151801947504,"median":0.0114921275526,"min":9.76290770575e-17,"var":0.000165426288731},"spectral_energyband_middle_high":{"dmean":0.00104279082734,"dmean2":0.0016579591902,"dvar":0.00000153630173827,"dvar2":0.00000380616825169,"max":0.0251321624964,"mean":0.0050430088304,"median":0.00485031073913,"min":8.98780942859e-16,"var":0.0000109239454105},"spectral_energyband_middle_low":{"dmean":0.00438548624516,"dmean2":0.00724709173664,"dvar":0.0000374772280338,"dvar2":0.000101296522189,"max":0.0797931700945,"mean":0.0107713518664,"median":0.00970105081797,"min":1.35769230284e-16,"var":0.0000512637707288},"spectral_entropy":{"dmean":0.117560230196,"dmean2":0.177683874965,"dvar":0.0191604997963,"dvar2":0.0379565283656,"max":9.80826854706,"mean":7.53827762604,"median":7.65017271042,"min":5.95150566101,"var":0.175396323204},"spectral_flux":{"dmean":0.0240876153111,"dmean2":0.0375018641353,"dvar":0.000639981357381,"dvar2":0.00132550869603,"max":0.282010644674,"mean":0.083935469389,"median":0.0784624963999,"min":0.00000844016085466,"var":0.00152659032028},"spectral_kurtosis":{"dmean":1.78461384773,"dmean2":3.10186576843,"dvar":4.84421396255,"dvar2":14.496594429,"max":28.6055374146,"mean":4.3017334938,"median":3.41749215126,"min":-1.23841130733,"var":8.1050567627},"spectral_rms":{"dmean":0.000775388791226,"dmean2":0.00127682078164,"dvar":6.93879599112e-7,"dvar2":0.00000175018362825,"max":0.0105043239892,"mean":0.00514368386939,"median":0.00508897099644,"min":2.02995065202e-9,"var":0.00000208826645576},"spectral_rolloff":{"dmean":419.588684082,"dmean2":711.775878906,"dvar":406009.59375,"dvar2":887656.4375,"max":16860.4980469,"mean":1697.03466797,"median":1162.79296875,"min":86.1328125,"var":1982984.375},"spectral_skewness":{"dmean":0.198072716594,"dmean2":0.337235540152,"dvar":0.0426155366004,"dvar2":0.124616250396,"max":3.54957294464,"mean":1.22244739532,"median":1.10019922256,"min":0.024562548846,"var":0.198068961501},"spectral_spread":{"dmean":369760.34375,"dmean2":517642.875,"dvar":378985316352,"dvar2":505535758336,"max":41216328,"mean":3727511.75,"median":3616199.25,"min":1571846.375,"var":1482722508800},"spectral_strongpeak":{"dmean":0.368261486292,"dmean2":0.649177312851,"dvar":0.472712516785,"dvar2":1.22889089584,"max":11.0361042023,"mean":0.648986101151,"median":0.436484903097,"min":0,"var":0.633268415928},"zerocrossingrate":{"dmean":0.00793377961963,"dmean2":0.00981426611543,"dvar":0.0000861095031723,"dvar2":0.000105284598249,"max":0.51220703125,"mean":0.0601842664182,"median":0.05615234375,"min":0.0029296875,"var":0.00125334865879}},"metadata":{"audio_properties":{"analysis_sample_rate":44100,"bit_rate":320038,"codec":"mp3","downmix":"mix","equal_loudness":0,"length":218.644897461,"lossless":false,"md5_encoded":"e7fdd646fda761dd79954091238055f4","replay_gain":-14.5739345551,"sample_rate":44100},"tags":{"album":["Origin of Symmetry"],"albumartist":["Muse"],"albumartistsort":["Muse"],"artist":["Muse"],"artistsort":["Muse"],"asin":["B001SWCND6"],"date":["2001"],"discnumber":["1/1"],"file_name":"Muse - Origin of Symmetry - 07 - Microcuts.mp3","genre":["Alternative Rock / Progressive Rock"],"label":["Universal Music Domestic Rock/Urban"],"media":["Digital Media"],"musicbrainz album release country":["DE"],"musicbrainz album status":["official"],"musicbrainz album type":["album"],"musicbrainz_albumartistid":["9c9f1380-2516-4fc9-a3e6-f9f61941d090"],"musicbrainz_albumid":["4c3109d5-ed4c-43fd-9e7f-6c9c6d0c9f62"],"musicbrainz_artistid":["9c9f1380-2516-4fc9-a3e6-f9f61941d090"],"musicbrainz_recordingid":["716be05e-fe17-46d4-ab6d-94b38b4aa8fb"],"musicbrainz_releasegroupid":["ef03fe86-b54c-3667-8768-029833e7e1cd"],"originaldate":["2001"],"script":["Latn"],"title":["Microcuts"],"tracknumber":["7/11"]},"version":{"essentia":"2.1-beta2","essentia_build_sha":"2d9f1f26377add8aeb1075a9c2973f962c4f09fd","essentia_git_sha":"v2.1_beta2-1-ge3940c0","extractor":"music 1.0"}},"rhythm":{"beats_count":583,"beats_loudness":{"dmean":0.0149922044948,"dmean2":0.0273328274488,"dvar":0.000192024192074,"dvar2":0.00056703510927,"max":0.109372578561,"mean":0.0335564315319,"median":0.0310152843595,"min":9.5993023308e-8,"var":0.000284668145468},"beats_loudness_band_ratio":{"dmean":[0.181600257754,0.105888225138,0.0674695298076,0.0402576178312,0.0414929650724,0.0440990589559],"dmean2":[0.305273354053,0.188127875328,0.115813985467,0.0732691735029,0.0722144693136,0.0743243843317],"dvar":[0.0211977977306,0.00968191586435,0.00493721989915,0.00343285873532,0.00