{"lowlevel":{"average_loudness":0.857783555984,"barkbands":{"dmean":[0.00315378187224,0.00474062282592,0.00315860682167,0.00262232171372,0.00279360753484,0.00150165124796,0.00105775764678,0.000406325416407,0.000520321133081,0.000442490738351,0.000344732339727,0.000327105575707,0.000302814238239,0.000122390789329,0.000113774440251,0.0000591952775721,0.0000584650879318,0.0000830014978419,0.000115537543024,0.0000810499259387,0.0000587006070418,0.0000415349168179,0.0000117476929518,0.00000492634399052,0.00000252255017585,0.00000632858063909,0.000050928141718],"dmean2":[0.00511256558821,0.00775030022487,0.00524459732696,0.00424535479397,0.00421929359436,0.002268825192,0.00166929094121,0.000667931628413,0.000835548329633,0.000723015400581,0.000564262038097,0.000537760555744,0.000497574859764,0.000201228220249,0.000182641670108,0.0000951929396251,0.0000930013338802,0.00012843265722,0.000167367426911,0.000120030585094,0.0000825761890155,0.0000570515258005,0.0000174363376573,0.0000078526127254,0.00000417908995587,0.00000978392927209,0.0000763287316659],"dvar":[0.0000441178126493,0.0000559664804314,0.0000199878868443,0.0000154360823217,0.0000245050669037,0.00000982509391179,0.00000368267274098,9.93523713078e-7,0.00000198834686671,0.00000100865622699,8.02742647465e-7,6.98344535977e-7,8.41669191232e-7,8.53011314916e-8,1.26802618183e-7,4.23361328217e-8,5.43129381469e-8,1.47030291942e-7,2.61263039647e-7,1.75817802983e-7,7.09394072373e-8,2.91510993122e-8,1.09491549161e-9,2.81362266819e-10,1.72272508758e-11,1.88814033852e-10,1.43489984339e-8],"dvar2":[0.000104788377939,0.000142873148434,0.0000556267914362,0.0000436807022197,0.0000559493564651,0.0000218791774387,0.00000912695213628,0.00000239139058067,0.00000462888920083,0.00000249902109317,0.00000199071314455,0.00000183383485819,0.00000228298108595,2.17681986214e-7,3.22637504269e-7,9.98936542373e-8,1.2569041985e-7,3.18371320418e-7,5.02196201069e-7,3.60353908491e-7,1.28028744939e-7,4.81684772069e-8,2.17007589676e-9,6.89756807226e-10,4.2797449612e-11,4.30051189104e-10,2.55230325763e-8],"max":[0.121101900935,0.126455038786,0.0824171304703,0.0672256499529,0.103576757014,0.125849843025,0.0697472020984,0.0318997129798,0.0506775788963,0.0397353097796,0.0320596806705,0.0251504667103,0.035498406738,0.010197035037,0.0209046043456,0.00900335516781,0.0075951796025,0.0153877912089,0.018939498812,0.0168711189181,0.0085394019261,0.00510838907212,0.000978523399681,0.000720502750482,0.000065610583988,0.00042517442489,0.00277896691114],"mean":[0.00396970147267,0.00875376909971,0.00508327735588,0.0044811097905,0.00555329211056,0.00283313076943,0.00184104021173,0.000610920193139,0.00078185350867,0.000687137886416,0.000536176958121,0.000546037743334,0.000494573672768,0.00021975832351,0.000197594155907,0.0000969440370682,0.0000928467197809,0.000138366754982,0.000206801531021,0.000138946590596,0.000103109327029,0.0000723329576431,0.000018291088054,0.00000552179471924,0.00000261686454905,0.00000853828441905,0.000125410355395],"median":[0.00172044627834,0.00617254525423,0.00297957565635,0.00257763522677,0.0027287537232,0.00152011681348,0.00109772896394,0.000303498236462,0.000333493051585,0.000254017795669,0.000197301254957,0.000152487889864,0.000123385645566,0.0000831253855722,0.000067980865424,0.0000390018358303,0.0000250435878115,0.0000253977159446,0.0000274317153526,0.0000213112889469,0.0000161303032655,0.0000114794465844,0.00000453834218206,0.00000174733452241,0.00000104221066977,0.00000321966786032,0.0000654821706121],"min":[1.92360181864e-24,8.52437019953e-24,4.18614955812e-24,2.22884819326e-24,9.08120029125e-24,4.31936055488e-24,1.1294853643e-23,9.24034035711e-24,2.05218125525e-23,9.87768553712e-24,1.06910579284e-23,2.3740063701e-23,4.09082944391e-23,2.93211488981e-23,5.17409986539e-23,5.03860385413e-23,8.02334018393e-23,9.12664104598e-23,1.63250725368e-22,1.85128640303e-22,2.89154932703e-22,3.4918212315e-22,4.04806384273e-22,6.54241501444e-22,9.48649540957e-22,1.33452455093e-21,1.92843932197e-21],"var":[0.0000491762439196,0.0000821993817226,0.0000380940873583,0.0000315807046718,0.0000620678038104,0.0000261505756498,0.00000690109300194,0.00000165073481639,0.00000339464259014,0.00000208840492633,0.00000162872163401,0.00000167203972978,0.00000165487529102,1.82920288694e-7,2.2346209505e-7,6.95389772432e-8,1.04115287058e-7,3.40771123319e-7,6.72361693432e-7,3.72844596086e-7,1.82003986993e-7,8.01477213486e-8,2.71617617287e-9,2.89502838369e-10,1.90282997692e-11,3.0429575526e-10,5.00317796082e-8]},"barkbands_crest":{"dmean":2.29118609428,"dmean2":3.73458409309,"dvar":3.91729807854,"dvar2":10.1851997375,"max":26.6418170929,"mean":9.73115825653,"median":9.21992683411,"min":2.77967953682,"var":10.9629535675},"barkbands_flatness_db":{"dmean":0.0265111774206,"dmean2":0.0411917194724,"dvar":0.000547826406546,"dvar2":0.00138282508124,"max":0.399289280176,"mean":0.174597412348,"median":0.17115868628,"min":0.0343946553767,"var":0.00251802406274},"barkbands_kurtosis":{"dmean":5.51748847961,"dmean2":8.90064239502,"dvar":67.3597259521,"dvar2":170.481460571,"max":315.050964355,"mean":12.3210487366,"median":9.774310112,"min":-1.81720137596,"var":127.37462616},"barkbands_skewness":{"dmean":0.619303584099,"dmean2":0.971339464188,"dvar":0.397506713867,"dvar2":0.935649514198,"max":17.5994968414,"mean":2.4424905777,"median":2.35459852219,"min":-2.16654539108,"var":1.31578671932},"barkbands_spread":{"dmean":3.35643434525,"dmean2":5.11661672592,"dvar":30.3166294098,"dvar2":59.026676178,"max":133.560668945,"mean":12.4107227325,"median":9.35304450989,"min":0.942742943764,"var":122.314498901},"dissonance":{"dmean":0.0246916692704,"dmean2":0.0414850749075,"dvar":0.000488672347274,"dvar2":0.00134546414483,"max":0.500000178814,"mean":0.452213525772,"median":0.458510786295,"min":0.258758962154,"var":0.00101778039243},"dynamic_complexity":3.31769728661,"erbbands":{"dmean":[0.241043642163,0.815921068192,3.04766273499,6.2727432251,9.95877075195,8.56867313385,13.1532258987,11.6710824966,14.2485408783,16.3443050385,7.83984851837,11.7196369171,10.8246898651,13.3505744934,13.2497777939,11.9351406097,14.0282697678,6.47615909576,5.68345403671,5.01028442383,2.90583634377,3.20135521889,3.73265814781,5.83474445343,5.2183008194,3.77263402939,2.89791846275,2.09230303764,1.66911935806,0.79382443428,0.278013139963,0.104693777859,0.0885744914412,0.031015124172,0.0174177847803,0.0150007819757,0.0109288878739,0.0163200758398,0.00743353087455,0.00140627333894],"dmean2":[0.394911319017,1.35389304161,5.11711263657,10.0822257996,15.7561864853,13.0992794037,19.8681259155,17.8183059692,22.2637405396,26.2706069946,12.777715683,18.8508148193,17.4671897888,21.8291053772,21.6656150818,19.3928012848,22.9443759918,10.6670742035,9.26006031036,8.01456642151,4.54877328873,5.02239370346,5.74761962891,8.49585056305,7.66639757156,5.53996515274,4.18172168732,2.93346142769,2.33839440346,1.10642635822,0.414633840322,0.161449506879,0.142904475331,0.0511348247528,0.0288329422474,0.0242679007351,0.0165944695473,0.0229025781155,0.010971063748,0.00215958361514],"dvar":[0.204517483711,1.34816205502,18.7785129547,79.3986282349,245.839263916,318.954376221,823.71484375,732.95501709,966.81237793,787.402160645,409.918365479,1021.81610107,763.999389648,921.103149414,1063.2800293,830.882080078,1875.2487793,301.624084473,247.693725586,224.322982788,95.8547897339,167.68548584,262.28125,648.230102539,562.475341797,356.182617188,209.819290161,85.9780960083,50.5752029419,8.19841384888,0.54089820385,0.0535241961479,0.172817319632,0.00272016064264,0.000839134387206,0.0017488671001,0.000550368742552,0.00209167716093,0.000565078807995,0.00000391142521039],"dvar2":[0.522298395634,3.67937016487,54.3688430786,210.168075562,667.377624512,702.485900879,1867.43200684,1680.23303223,2349.64477539,1825.33398438,990.630737305,2394.61474609,1870.37939453,2345.78100586,2664.05639648,2089.19238281,5107.60888672,777.553344727,654.330505371,552.602539062,201.163528442,377.40234375,556.56451416,1173.35986328,1102.41748047,708.41784668,428.54119873,156.36807251,88.2118606567,14.7525472641,1.07505440712,0.115176558495,0.433192431927,0.00670580053702,0.00208324822597,0.00433083949611,0.00119127240032,0.00346955424175,0.00107325136196,0.00000801954047347],"max":[7.25388908386,22.008764267,88.7378692627,177.130081177,359.79864502,414.677703857,850.938842773,1233.95666504,927.620544434,1222.14880371,789.253540039,1550.72155762,874.216918945,877.491577148,1202.22314453,849.224182129,1727.62939453,764.622131348,802.469482422,588.25567627,370.170959473,470.130889893,613.216918945,825.629455566,822.401306152,812.312988281,548.581420898,339.395263672,208.460861206,94.3089828491,19.504693985,9.7702922821,18.4450130463,0.800761520863,0.463472127914,1.56220710278,0.751896202564,1.28359770775,0.655025660992,0.0472611896694],"mean":[0.408675193787,1.3885371685,5.05146980286,11.6928720474,18.24102211,15.5652952194,23.1700344086,21.8830776215,24.2528648376,25.4577770233,12.9438371658,17.7055473328,17.7479991913,22.7534389496,23.4557037354,21.9162883759,23.7367839813,12.8321380615,10.5059156418,8.91826438904,5.20159769058,5.26942110062,6.42975616455,10.6828374863,9.25901794434,6.56589794159,4.94120788574,3.60212087631,2.84712171555,1.32450926304,0.433448284864,0.145687013865,0.0871574580669,0.0321702584624,0.0183843225241,0.0159158520401,0.0158763360232,0.0272938925773,0.0144083416089,0.00577932409942],"median":[0.256541192532,0.948128640652,3.16301894188,7.03233337402,10.6834764481,6.83314275742,10.1759109497,12.0707302094,12.5597105026,13.8174600601,6.5968837738,7.6353559494,7.07893323898,8.60078811646,8.95065307617,6.60961580276,5.92334985733,4.90925836563,3.99544215202,3.20870733261,2.06208205223,1.50168180466,1.41292285919,1.47559463978,1.28110051155,1.04937648773,0.752088427544,0.569533705711,0.441294670105,0.235780119896,0.117588460445,0.0529538430274,0.0215266589075,0.012338235043,0.0075185354799,0.00572915421799,0.0062597389333,0.00699191913009,0.00473559089005,0.00464831478894],"min":[2.16062287156e-22,8.85068210277e-22,4.67776856409e-21,5.75980723922e-21,8.31438250106e-21,2.93536801839e-20,1.0227776789e-19,6.86136495343e-20,1.71447011377e-19,2.14757438618e-19,2.78007209621e-19,4.18487422298e-19,7.30644344069e-19,5.41982747716e-19,8.00634267046e-19,9.13614886108e-19,2.45626650686e-18,1.92485983196e-18,3.07291662543e-18,3.10397870499e-18,3.58514553141e-18,4.52884115069e-18,5.73610256931e-18,8.15874707941e-18,7.97965006908e-18,8.72025134128e-18,8.63569693906e-18,1.11558846549e-17,1.21270889927e-17,1.27017429447e-17,1.04299162078e-17,1.0919298592e-17,9.82461025093e-18,8.90914217006e-18,7.05430627887e-18,4.57685154062e-18,2.66801419712e-18,9.91536643979e-19,2.52994689614e-19,2.62243040614e-20],"var":[0.252494126558,2.05892729759,34.2459335327,197.991210938,522.250793457,661.862670898,2012.34179688,1770.61291504,1862.42260742,1719.50500488,625.996154785,1697.34606934,1473.9876709,1744.72070312,2565.29736328,2356.82128906,3826.73999023,654.288635254,430.478973389,438.165252686,200.109130859,338.611999512,646.748596191,1757.6237793,1450.87341309,792.253295898,445.388092041,225.190673828,129.000823975,22.2032489777,1.34075450897,0.115922771394,0.148507982492,0.00297911441885,0.000935522140935,0.00164065754507,0.00108387484215,0.00607616500929,0.00153497164138,0.0000208620240301]},"erbbands_crest":{"dmean":2.70283031464,"dmean2":4.41956567764,"dvar":5.91665267944,"dvar2":14.917675972,"max":28.8006649017,"mean":8.90747356415,"median":8.02719211578,"min":2.59450078011,"var":13.6844005585},"erbbands_flatness_db":{"dmean":0.0230946838856,"dmean2":0.0351277180016,"dvar":0.000384940620279,"dvar2":0.000895031960681,"max":0.309507906437,"mean":0.152643069625,"median":0.150784745812,"min":0.0308404508978,"var":0.00123246386647},"erbbands_kurtosis":{"dmean":1.21184372902,"dmean2":1.92522752285,"dvar":2.30150604248,"dvar2":5.80875968933,"max":35.7193527222,"mean":1.40660750866,"median":0.732385873795,"min":-1.81083595753,"var":5.47731494904},"erbbands_skewness":{"dmean":0.368425369263,"dmean2":0.5628657341,"dvar":0.112956210971,"dvar2":0.242315813899,"max":4.71721744537,"mean":0.694261550903,"median":0.726039648056,"min":-3.51257491112,"var":0.664014220238},"erbbands_spread":{"dmean":6.39741277695,"dmean2":9.85932826996,"dvar":43.3640785217,"dvar2":98.6833190918,"max":150.30682373,"mean":28.6567821503,"median":26.0405197144,"min":3.70147609711,"var":182.837249756},"gfcc":{"cov":[[13051.2744141,135.911849976,-1008.13848877,405.95904541,-56.4753723145,-352.212280273,248.175094604,-363.394378662,-7.31720161438,-142.207504272,-121.977966309,84.8419723511,-215.85484314],[135.911849976,802.848144531,100.703086853,-284.040863037,75.8231964111,2.35882735252,23.2627849579,-41.9347076416,30.5542621613,-26.0093574524,55.4323120117,-66.2247238159,62.6813430786],[-1008.13848877,100.703086853,586.395324707,-8.35821437836,-120.981185913,146.564605713,-126.71232605,147.840637207,-7.48446130753,47.8847236633,18.9854259491,-29.145450592,43.0544052124],[405.95904541,-284.040863037,-8.35821437836,341.04888916,1.68566679955,-105.649787903,72.6527938843,-34.1640968323,3.36483621597,-7.82696676254,-42.299533844,29.0342845917,-56.5396308899],[-56.4753723145,75.8231964111,-120.981185913,1.68566679955,160.574615479,-19.773273468,59.2085113525,-46.2277565002,8.84434127808,-26.6553611755,-2.89179563522,-2.03850054741,12.8945808411],[-352.212280273,2.35882735252,146.564605713,-105.649787903,-19.773273468,223.314651489,-72.2059860229,78.4832458496,-36.7128829956,20.2685279846,12.1498374939,-9.25817584991,25.0605735779],[248.175094604,23.2627849579,-126.71232605,72.6527938843,59.2085113525,-72.2059860229,172.998718262,-71.0535125732,47.6697349548,-19.072385788,-9.29809093475,26.2935848236,-39.1742286682],[-363.394378662,-41.9347076416,147.840637207,-34.1640968323,-46.2277565002,78.4832458496,-71.0535125732,152.998596191,8.58367156982,37.3814430237,20.0608329773,-18.6121025085,29.5014629364],[-7.31720161438,30.5542621613,-7.48446130753,3.36483621597,8.84434127808,-36.7128829956,47.6697349548,8.58367156982,118.413764954,38.2516174316,18.800163269,25.7606925964,-14.6215229034],[-142.207504272,-26.0093574524,47.8847236633,-7.82696676254,-26.6553611755,20.2685279846,-19.072385788,37.3814430237,38.2516174316,78.0138931274,35.0794143677,5.1685552597,7.5778799057],[-121.977966309,55.4323120117,18.9854259491,-42.299533844,-2.89179563522,12.1498374939,-9.29809093475,20.0608329773,18.800163269,35.0794143677,68.2227020264,20.8011398315,12.0802059174],[84.8419723511,-66.2247238159,-29.145450592,29.0342845917,-2.03850054741,-9.25817584991,26.2935848236,-18.6121025085,25.7606925964,5.1685552597,20.8011398315,69.1417617798,1.87204837799],[-215.85484314,62.6813430786,43.0544052124,-56.5396308899,12.8945808411,25.0605735779,-39.1742286682,29.5014629364,-14.6215229034,7.5778799057,12.0802059174,1.87204837799,80.4808197021]],"icov":[[0.000124815400341,-0.000354672432877,0.000436504516983,-0.000453119137092,0.000381089164875,-0.000195637243451,0.000209602178074,-0.000115004411782,0.0000493942425237,-0.0000825324532343,0.000329329806846,-0.000360372680007,0.000178890128154],[-0.000354672432877,0.00490680476651,-0.00314353848808,0.00420375075191,-0.00191580899991,0.00151294609532,-0.00247020437382,0.00324844080023,-0.00221180380322,0.00349406874739,-0.00539006385952,0.00626383349299,-0.00276271696202],[0.000436504516983,-0.00314353848808,0.00565466284752,-0.00456455629319,0.00393285276368,-0.00332025880925,0.00246258638799,-0.00241625891067,-0.000670346140396,-0.00050628563622,0.00167031912133,-0.00136529898737,-0.000417643255787],[-0.000453119137092,0.00420375075191,-0.00456455629319,0.00992720108479,-0.00404971418902,0.005364168901,-0.00374960643239,0.000544391048606,0.00246052560396,-0.00155499775428,0.00129746180028,-0.000591949908994,0.00229292595759],[0.000381089164875,-0.00191580899991,0.00393285276368,-0.00404971418902,0.0119481543079,-0.00381120480597,-0.0012223944068,0.00152981386054,-0.00314349960536,0.00405631959438,-0.00217504217289,0.00343276793137,-0.00502450810745],[-0.000195637243451,0.00151294609532,-0.00332025880925,0.005364168901,-0.00381120480597,0.00984637998044,-0.000826612347737,-0.00301815429702,0.00505928508937,-0.00357945682481,0.0025744640734,-0.00372939999215,0.0030467370525],[0.000209602178074,-0.00247020437382,0.00246258638799,-0.00374960643239,-0.0012223944068,-0.000826612347737,0.0122184362262,0.00087650725618,-0.00345228496008,0.000721878604963,0.00203231023625,-0.0040473677218,0.00370769342408],[-0.000115004411782,0.00324844080023,-0.00241625891067,0.000544391048606,0.00152981386054,-0.00301815429702,0.00087650725618,0.0149482898414,-0.00619508000091,0.00301088229753,-0.00725291576236,0.00976634118706,-0.00606907531619],[0.0000493942425237,-0.00221180380322,-0.000670346140396,0.00246052560396,-0.00314349960536,0.00505928508937,-0.00345228496008,-0.00619508000091,0.0189865846187,-0.0129273179919,0.00766582880169,-0.0118751851842,0.00725326640531],[-0.0000825324532343,0.00349406874739,-0.00050628563622,-0.00155499775428,0.00405631959438,-0.00357945682481,0.000721878604963,0.00301088229753,-0.0129273179919,0.0292167980224,-0.0177779197693,0.0122278314084,-0.00676739448681],[0.000329329806846,-0.00539006385952,0.00167031912133,0.00129746180028,-0.00217504217289,0.0025744640734,0.00203231023625,-0.00725291576236,0.00766582880169,-0.0177779197693,0.0336585827172,-0.0196886453778,0.00676636211574],[-0.000360372680007,0.00626383349299,-0.00136529898737,-0.000591949908994,0.00343276793137,-0.00372939999215,-0.0040473677218,0.00976634118706,-0.0118751851842,0.0122278314084,-0.0196886453778,0.0340959876776,-0.0116159105673],[0.000178890128154,-0.00276271696202,-0.000417643255787,0.00229292595759,-0.00502450810745,0.0030467370525,0.00370769342408,-0.00606907531619,0.00725326640531,-0.00676739448681,0.00676636211574,-0.0116159105673,0.0219863448292]],"mean":[-29.4069271088,121.245811462,-70.7181549072,3.08275055885,-23.2551193237,-14.3308992386,-1.48954391479,-18.6874599457,-7.95685958862,-5.54513072968,-3.89340853691,-3.21384000778,-7.97946119308]},"hfc":{"dmean":28.8309421539,"dmean2":44.7519645691,"dvar":1029.69628906,"dvar2":2370.53735352,"max":845.529785156,"mean":110.875442505,"median":95.0028610229,"min":1.08660523143e-16,"var":6026.82275391},"melbands":{"dmean":[0.00174506695475,0.00135148083791,0.00113049638458,0.00065250886837,0.000427480379585,0.000267767085461,0.000202646915568,0.000157665897859,0.0000678606666042,0.0000743699783925,0.0000574796431465,0.0000581018612138,0.0000506133110321,0.0000377911346732,0.000035930715967,0.0000251766578003,0.0000117183581096,0.00000994710899249,0.00000867092421686,0.00000503437922816,0.000003541714932,0.00000352783081325,0.00000326953454532,0.00000421595905209,0.00000510518020747,0.00000463046717414,0.00000315133115691,0.00000257542592408,0.00000209994936995,0.00000152695690758,0.00000119863909731,0.00000104859623207,7.28897759927e-7,3.63045245422e-7,1.80337934808e-7,8.96624996471e-8,5.42889537769e-8,7.22677242493e-8,3.69366830455e-8,2.28694574389e-8],"dmean2":[0.00284278881736,0.00226226844825,0.00182918948121,0.000993594760075,0.000646088039503,0.000405712635256,0.000318153382977,0.000253803242231,0.000110519846203,0.000119463751616,0.0000926577777136,0.0000950132744038,0.0000828378761071,0.000061577775341,0.0000587841532251,0.0000414164860558,0.000019364642867,0.000016505817257,0.0000139184921863,0.00000813593123894,0.00000564161155125,0.00000558916281079,0.00000516929048899,0.00000655867870591,0.00000752826827011,0.0000069149787123,0.00000474052649224,0.00000387327963836,0.00000315299985232,0.00000221837763092,0.00000173282137439,0.00000149665743265,0.0000010425809478,5.34325920398e-7,2.76131288501e-7,1.37785235665e-7,8.62543743096e-8,1.16514264903e-7,6.05137984167e-8,3.79792624017e-8],"dvar":[0.00000997542792902,0.00000348169646713,0.00000243125077759,0.00000120775348478,9.0012832743e-7,3.46053525391e-7,1.87634341842e-7,7.91529970456e-8,2.94563182734e-8,4.50644144223e-8,2.11475512657e-8,1.78745143131e-8,1.80607990785e-8,1.12199831648e-8,1.06981312697e-8,5.30585975156e-9,9.860773309e-10,6.6093219786e-10,8.49964987282e-10,2.58456728242e-10,1.48703993563e-10,2.01761093943e-10,1.88070503615e-10,3.92291643614e-10,5.01743813164e-10,4.76562012075e-10,2.49158554899e-10,1.79532388955e-10,1.30718616487e-10,5.16170821363e-11,2.99680939786e-11,2.16542044712e-11,8.38978365947e-12,1.56194393357e-12,2.42531824702e-13,4.31875198039e-14,1.52041245127e-14,1.56478359458e-13,7.41588864969e-15,1.45180621302e-15],"dvar2":[0.0000249592703767,0.0000100683364508,0.00000674293642078,0.00000277246908809,0.00000204078628485,7.83414350281e-7,4.59791237972e-7,1.83689607525e-7,6.98859707882e-8,1.04928133737e-7,5.14782172445e-8,4.51761685838e-8,4.49755290788e-8,2.91548278852e-8,2.85971140102e-8,1.40996307962e-8,2.55710430608e-9,1.79068804229e-9,2.15678408466e-9,6.29185259449e-10,3.22177534651e-10,4.68976524282e-10,4.2221928731e-10,8.71439087557e-10,9.40157285356e-10,1.03013353403e-9,5.03353858594e-10,3.8425673754e-10,2.95804158945e-10,1.0452811533e-10,5.9820898235e-11,3.96020750915e-11,1.58087987145e-11,3.18958921774e-12,5.19949480606e-13,8.80142177672e-14,3.45777619319e-14,3.95588564076e-13,1.81925617827e-14,3.61267302355e-15],"max":[0.0537935905159,0.0358453541994,0.0270543787628,0.0261369850487,0.0268861409277,0.0278222411871,0.0132554108277,0.0125995511189,0.00568568520248,0.0097886081785,0.00425931531936,0.00449817115441,0.00520997494459,0.00360683817416,0.00307942787185,0.00247989525087,0.0013765944168,0.00103967753239,0.00163446122315,0.000780675560236,0.000458524213172,0.000515194667969,0.000460837734863,0.000778411980718,0.000711908156518,0.00106785143726,0.000783488154411,0.000616933859419,0.000495052197948,0.000269593700068,0.000226935211685,0.000152014108608,0.0000926667271415,0.0000359514415322,0.000013142822354,0.00000659035958961,0.00000530718216396,0.0000192959032574,0.00000259812713921,6.04189381193e-7],"mean":[0.0031266277656,0.00239839684218,0.00224885880016,0.00126948964316,0.000766507349908,0.000517015752848,0.000356016214937,0.000240988345467,0.000103600439616,0.000110185217636,0.0000903763648239,0.0000950962712523,0.0000817850232124,0.0000626777327852,0.0000579282132094,0.0000432514898421,0.0000211538954318,0.0000168310143636,0.0000146878091982,0.00000832139630802,0.0000057277597989,0.00000547570061826,0.00000491421769766,0.00000695697099218,0.00000889879993338,0.00000766130688135,0.00000526834855918,0.00000417814271714,0.00000328374130731,0.00000246374565904,0.00000194544259102,0.00000170649423126,0.00000117238721487,5.60389310067e-7,2.6276578069e-7,1.34563208576e-7,6.59749161969e-8,6.83094398823e-8,3.66963348597e-8,2.35056099029e-8],"median":[0.00209399056621,0.00163301744033,0.0014827378327,0.000660141988192,0.000344906555256,0.000291768752504,0.000197163870325,0.000127655061078,0.0000491889004479,0.000045231947297,0.0000338971149176,0.0000349898837158,0.0000300431311189,0.0000174693996087,0.0000147886621562,0.0000114836811917,0.0000080680974861,0.00000612937083133,0.00000487344959765,0.00000321271863868,0.0000020319810119,0.00000149206550759,0.00000126677161916,0.00000116539558803,0.00000115661885047,0.00000102190892903,7.23243033462e-7,6.68417726502e-7,4.70889858661e-7,3.5966655787e-7,3.02292988863e-7,2.48260420221e-7,1.79906322728e-7,1.05853999344e-7,6.79353675537e-8,4.47729711084e-8,2.35363160073e-8,1.41473179838e-8,1.17089422602e-8,9.17452958049e-9],"min":[3.18633324457e-24,1.87442304652e-24,1.3374851672e-24,1.64788467707e-24,2.63662834175e-24,1.26391599918e-24,2.24131830923e-24,2.29836577167e-24,1.96950602915e-24,2.87756145056e-24,3.12929781226e-24,2.11300179996e-24,2.76129913035e-24,1.98187477649e-24,3.29128290497e-24,4.25195278496e-24,3.00707762006e-24,4.42173261228e-24,3.21119735144e-24,3.46567776579e-24,3.93139442296e-24,4.29860680776e-24,5.68942538165e-24,3.55438399129e-24,5.84722990599e-24,6.0818785544e-24,4.40069014206e-24,4.8914949426e-24,4.04457781906e-24,6.53105043181e-24,5.24999041439e-24,5.40756695793e-24,5.8791586567e-24,6.14136339982e-24,4.80705487687e-24,6.66579734075e-24,6.78698373073e-24,6.40877856922e-24,5.88816665937e-24,7.94486430108e-24],"var":[0.0000128729052449,0.00000624364520263,0.00000591530215388,0.00000306463994093,0.00000208440110328,8.76987883203e-7,3.57343736823e-7,1.70860218418e-7,4.4585476644e-8,7.55824061116e-8,4.13570226954e-8,3.37153878149e-8,3.7754769977e-8,2.61465924467e-8,2.05662527009e-8,1.15445208948e-8,1.86739157471e-9,1.0752333468e-9,1.50680690147e-9,4.24684926115e-10,2.87470880433e-10,3.76826153614e-10,3.73328118419e-10,8.85140571949e-10,1.26221433305e-9,1.01324937329e-9,5.48901923914e-10,3.53722717783e-10,2.26668836478e-10,1.14162894416e-10,6.93006207975e-11,5.05022204611e-11,2.05338697434e-11,3.65201011793e-12,5.1423714462e-13,1.06188509049e-13,2.76138483688e-14,1.30549122402e-13,7.11365120049e-15,1.59057456198e-15]},"melbands_crest":{"dmean":3.55287051201,"dmean2":5.85587072372,"dvar":10.3305263519,"dvar2":27.7818927765,"max":39.7180862427,"mean":15.3524398804,"median":14.5922708511,"min":1.59997403622,"var":25.8968334198},"melbands_flatness_db":{"dmean":0.0324370339513,"dmean2":0.0502263382077,"dvar":0.000783352646977,"dvar2":0.00193570973352,"max":0.559865951538,"mean":0.296793758869,"median":0.29579231143,"min":0.00367914838716,"var":0.00429045408964},"melbands_kurtosis":{"dmean":7.30059099197,"dmean2":11.7510089874,"dvar":152.942901611,"dvar2":389.821838379,"max":632.241760254,"mean":15.0857639313,"median":10.7823047638,"min":-1.77529239655,"var":269.508209229},"melbands_skewness":{"dmean":0.696456730366,"dmean2":1.09645426273,"dvar":0.499135226011,"dvar2":1.21589720249,"max":24.1301555634,"mean":2.76287221909,"median":2.60721135139,"min":-0.605432271957,"var":1.64657235146},"melbands_spread":{"dmean":3.37779784203,"dmean2":5.16663885117,"dvar":46.4553489685,"dvar2":91.3756027222,"max":214.773727417,"mean":11.3160800934,"median":7.76863145828,"min":0.702103257179,"var":191.128295898},"mfcc":{"cov":[[7459.078125,159.276153564,-927.804992676,709.737243652,-408.236724854,275.983062744,-100.791099548,101.017440796,-172.635772705,16.1716938019,3.11667060852,-171.028106689,-37.7668495178],[159.276153564,1208.94213867,66.906211853,-205.293685913,55.8884277344,-10.2291784286,44.6433448792,-50.1606292725,24.6509056091,-2.55715823174,8.2063999176,13.4583387375,17.5413665771],[-927.804992676,66.906211853,656.536987305,-142.806442261,118.978027344,-92.3729171753,30.7798271179,-27.3889942169,39.8557319641,21.6904582977,2.69311475754,46.5897064209,1.95354020596],[709.737243652,-205.293685913,-142.806442261,463.657226562,-124.856582642,56.3659858704,-55.8680725098,32.5926132202,-25.419303894,16.4170131683,-1.64737570286,-38.2799682617,-0.0423721931875],[-408.236724854,55.8884277344,118.978027344,-124.856582642,169.615310669,-42.9349021912,40.7569274902,-22.0512008667,35.634475708,-15.8423261642,-15.4751987457,25.7699394226,-2.91156601906],[275.983062744,-10.2291784286,-92.3729171753,56.3659858704,-42.9349021912,141.811782837,5.78438520432,30.4656352997,-16.8639163971,-7.70774888992,-3.90852499008,-8.29369831085,3.19275975227],[-100.791099548,44.6433448792,30.7798271179,-55.8680725098,40.7569274902,5.78438520432,96.8446578979,2.2313144207,7.79542970657,-12.7722587585,-12.8452825546,-3.76351428032,-11.8701791763],[101.017440796,-50.1606292725,-27.3889942169,32.5926132202,-22.0512008667,30.4656352997,2.2313144207,82.6849441528,2.13659667969,1.11102724075,-0.195005625486,-1.63217043877,1.66590833664],[-172.635772705,24.6509056091,39.8557319641,-25.419303894,35.634475708,-16.8639163971,7.79542970657,2.13659667969,82.55443573,6.94885540009,0.00499584060162,15.8484964371,-0.307041764259],[16.1716938019,-2.55715823174,21.6904582977,16.4170131683,-15.8423261642,-7.70774888992,-12.7722587585,1.11102724075,6.94885540009,64.9047317505,23.6518859863,1.89600932598,6.51987266541],[3.11667060852,8.2063999176,2.69311475754,-1.64737570286,-15.4751987457,-3.90852499008,-12.8452825546,-0.195005625486,0.00499584060162,23.6518859863,59.5776367188,20.8648529053,11.9778223038],[-171.028106689,13.4583387375,46.5897064209,-38.2799682617,25.7699394226,-8.29369831085,-3.76351428032,-1.63217043877,15.8484964371,1.89600932598,20.8648529053,79.825958252,28.3764133453],[-37.7668495178,17.5413665771,1.95354020596,-0.0423721931875,-2.91156601906,3.19275975227,-11.8701791763,1.66590833664,-0.307041764259,6.51987266541,11.9778223038,28.3764133453,54.25730896]],"icov":[[0.000199107147637,-0.0000906018321984,0.000185986165889,-0.000212988990825,0.00011266675574,-0.00011423338583,0.0000210625730688,-0.0000864203830133,0.00020444416441,-0.0000738765666028,-0.0000199958049052,0.0000971141635091,0.000144708756125],[-0.0000906018321984,0.00097193242982,-0.0000996080707409,0.000480503687868,0.0000163649310707,-0.000133597364766,-0.000289622024866,0.00056210893672,-0.000349497102434,0.0000354003277607,-0.000156965776114,0.000205123855267,-0.000524069531821],[0.000185986165889,-0.0000996080707409,0.00211882428266,-0.00000984900634649,-0.00075304688653,0.000722575990949,-0.000252615194768,-0.000053144114645,0.000121620469145,-0.00104247545823,0.000298194645438,-0.000738750502933,0.000395295181079],[-0.000212988990825,0.000480503687868,-0.00000984900634649,0.00329985562712,0.00139277765993,-0.000452581647551,0.000940159603488,-0.000198526729946,-0.000444056204287,-0.000427132617915,0.000584172084928,0.000692945613991,-0.000430075248005],[0.00011266675574,0.0000163649310707,-0.00075304688653,0.00139277765993,0.0100277056918,0.00129254546482,-0.00251225591637,0.00134254968725,-0.00254890345968,0.00140499754343,0.00232395110652,-0.00211936701089,0.000384672806831],[-0.00011423338583,-0.000133597364766,0.000722575990949,-0.000452581647551,0.00129254546482,0.00905291549861,-0.00157085235696,-0.00249973125756,0.000850679876748,0.000807865639217,0.000577843806241,-0.000542864145245,-0.000728873244952],[0.0000210625730688,-0.000289622024866,-0.000252615194768,0.000940159603488,-0.00251225591637,-0.00157085235696,0.0128432782367,-0.00112535536755,-0.000134760717629,0.00101219059434,0.000934450537898,0.000933361006901,0.00210327096283],[-0.0000864203830133,0.00056210893672,-0.000053144114645,-0.000198526729946,0.00134254968725,-0.00249973125756,-0.00112535536755,0.0139609370381,-0.00165679561906,-0.000146263177157,0.000196418666746,-0.000324183201883,-0.000561454799026],[0.00020444416441,-0.000349497102434,0.000121620469145,-0.000444056204287,-0.00254890345968,0.000850679876748,-0.000134760717629,-0.00165679561906,0.0144826583564,-0.00248960754834,0.000936833675951,-0.00254185684025,0.00158881524112],[-0.0000738765666028,0.0000354003277607,-0.00104247545823,-0.000427132617915,0.00140499754343,0.000807865639217,0.00101219059434,-0.000146263177157,-0.00248960754834,0.0197012517601,-0.00769604137167,0.00259666563943,-0.00181245571002],[-0.0000199958049052,-0.000156965776114,0.000298194645438,0.000584172084928,0.00232395110652,0.000577843806241,0.000934450537898,0.000196418666746,0.000936833675951,-0.00769604137167,0.0230514351279,-0.00640552677214,-0.000492993975058],[0.0000971141635091,0.000205123855267,-0.000738750502933,0.000692945613991,-0.00211936701089,-0.000542864145245,0.000933361006901,-0.000324183201883,-0.00254185684025,0.00259666563943,-0.00640552677214,0.019411733374,-0.0089038265869],[0.000144708756125,-0.000524069531821,0.000395295181079,-0.000430075248005,0.000384672806831,-0.000728873244952,0.00210327096283,-0.000561454799026,0.00158881524112,-0.00181245571002,-0.000492993975058,-0.0089038265869,0.0242194980383]],"mean":[-694.836242676,178.46913147,7.72151088715,33.767326355,-4.63287162781,17.4282341003,4.26690483093,3.37598180771,-3.80976486206,1.36054503918,1.40291142464,-1.50712895393,2.15846848488]},"pitch_salience":{"dmean":0.0676185786724,"dmean2":0.111091777682,"dvar":0.00351404561661,"dvar2":0.00925434287637,"max":0.833480060101,"mean":0.588631272316,"median":0.59847253561,"min":0.0193292684853,"var":0.00939126405865},"silence_rate_20dB":{"dmean":0,"dmean2":0,"dvar":0,"dvar2":0,"max":1,"mean":1,"median":1,"min":1,"var":0},"silence_rate_30dB":{"dmean":0.0216971319169,"dmean2":0.0433974899352,"dvar":0.0212261956185,"dvar2":0.052815400064,"max":1,"mean":0.981127858162,"median":1,"min":0,"var":0.0185125451535},"silence_rate_60dB":{"dmean":0.00148610491306,"dmean2":0.00297243078239,"dvar":0.00148393097334,"dvar2":0.0035581397824,"max":1,"mean":0.0361839644611,"median":0,"min":0,"var":0.0348740853369},"spectral_centroid":{"dmean":137.050643921,"dmean2":202.44468689,"dvar":56429.4648438,"dvar2":94744.9609375,"max":11682.9609375,"mean":702.58807373,"median":528.173400879,"min":174.57333374,"var":562986},"spectral_complexity":{"dmean":2.58626842499,"dmean2":4.05276060104,"dvar":9.3698348999,"dvar2":17.340637207,"max":60,"mean":14.6026449203,"median":13,"min":0,"var":73.0640182495},"spectral_contrast_coeffs":{"dmean":[0.0501615181565,0.0496970564127,0.0369821339846,0.029401673004,0.0225788746029,0.0420280173421],"dmean2":[0.0829264000058,0.0814998075366,0.0615803152323,0.0488935858011,0.0364727154374,0.0648529157043],"dvar":[0.00158091948833,0.00148161163088,0.000838234729599,0.000539725355338,0.000372667360352,0.00152229238302],"dvar2":[0.00435857335106,0.00395388063043,0.00225984631106,0.00147235661279,0.000899934559129,0.00344815780409],"max":[-0.37162065506,-0.4623234272,-0.550824761391,-0.606561720371,-0.619256854057,-0.362259924412],"mean":[-0.657331287861,-0.740819573402,-0.799799919128,-0.816403925419,-0.834732592106,-0.758681178093],"median":[-0.657473802567,-0.743794798851,-0.803504049778,-0.819325506687,-0.834948718548,-0.772823750973],"min":[-0.978037178516,-0.975599348545,-0.974945127964,-0.972356259823,-0.966811001301,-0.963386416435],"var":[0.0066742952913,0.00409918511286,0.00243352772668,0.00201212218963,0.00210397923365,0.00697336671874]},"spectral_contrast_valleys":{"dmean":[0.341151744127,0.341467916965,0.299280643463,0.288014709949,0.331250160933,0.643151521683],"dmean2":[0.566146790981,0.566044509411,0.491353720427,0.460669487715,0.505754053593,1.02944755554],"dvar":[0.0898930504918,0.0834095850587,0.0682217925787,0.0777787789702,0.133181735873,0.301681578159],"dvar2":[0.221120744944,0.207748666406,0.15840870142,0.177513569593,0.291392177343,0.745761036873],"max":[-4.98492622375,-4.63390731812,-5.10572767258,-5.50099992752,-5.25153446198,-8.94137001038],"mean":[-6.67453861237,-6.5230345726,-7.22537374496,-7.9265294075,-8.1748085022,-11.2790794373],"median":[-6.4771232605,-6.35095977783,-7.08384847641,-7.75016546249,-8.01119995117,-11.1298389435],"min":[-28.7643756866,-27.8195896149,-27.5258865356,-27.6348686218,-27.4380073547,-27.3676586151],"var":[2.06180667877,2.06630134583,2.03784394264,2.02926039696,2.16928315163,1.74673330784]},"spectral_decrease":{"dmean":3.04936431661e-9,"dmean2":4.84006523749e-9,"dvar":1.60557311996e-17,"dvar2":3.92347050832e-17,"max":8.08522915285e-10,"mean":-8.4680298329e-9,"median":-7.19393478121e-9,"min":-5.87206656633e-8,"var":3.92091782895e-17},"spectral_energy":{"dmean":0.0119366785511,"dmean2":0.0188562702388,"dvar":0.000239130706177,"dvar2":0.000583478016779,"max":0.241291880608,"mean":0.0420169122517,"median":0.0377593152225,"min":1.00564927258e-20,"var":0.000735565554351},"spectral_energyband_high":{"dmean":0.000180782721145,"dmean2":0.000247560004937,"dvar":4.46772247642e-7,"dvar2":7.34509285394e-7,"max":0.0194584410638,"mean":0.000378779775929,"median":0.000104115533759,"min":7.28014501026e-21,"var":0.00000141342661664},"spectral_energyband_low":{"dmean":0.00873934198171,"dmean2":0.0141809266061,"dvar":0.000158862079843,"dvar2":0.000399662007112,"max":0.198240354657,"mean":0.0190640687943,"median":0.0147357732058,"min":2.44321077073e-23,"var":0.000280618056422},"spectral_energyband_middle_high":{"dmean":0.00113353412598,"dmean2":0.00174650538247,"dvar":0.00000465025414087,"dvar2":0.0000107094510895,"max":0.0538623444736,"mean":0.00323476805352,"median":0.00143750582356,"min":1.21406031577e-21,"var":0.0000239412474912},"spectral_energyband_middle_low":{"dmean":0.00560666061938,"dmean2":0.00870984606445,"dvar":0.0000581441636314,"dvar2":0.000144909718074,"max":0.146174877882,"mean":0.0162071827799,"median":0.0120138665661,"min":1.7266064952e-22,"var":0.000203594419872},"spectral_entropy":{"dmean":0.220643043518,"dmean2":0.336594372988,"dvar":0.0445234104991,"dvar2":0.10526689142,"max":9.82472133636,"mean":7.14545631409,"median":7.16525697708,"min":5.28715753555,"var":0.200174838305},"spectral_flux":{"dmean":0.0220216475427,"dmean2":0.0360116623342,"dvar":0.000621630984824,"dvar2":0.00154803099576,"max":0.352041035891,"mean":0.0966370403767,"median":0.0926769226789,"min":6.46253606185e-11,"var":0.00200760690495},"spectral_kurtosis":{"dmean":5.29413032532,"dmean2":8.22703456879,"dvar":63.3447113037,"dvar2":156.050827026,"max":155.151580811,"mean":16.9763698578,"median":14.0960826874,"min":-1.24124312401,"var":116.720184326},"spectral_rms":{"dmean":0.000847045332193,"dmean2":0.00132347561885,"dvar":8.29743896702e-7,"dvar2":0.00000197210897568,"max":0.0153429694474,"mean":0.00601936737075,"median":0.00606946088374,"min":3.13228544664e-12,"var":0.00000475978276882},"spectral_rolloff":{"dmean":4746.31542969,"dmean2":9209.39453125,"dvar":66234096,"dvar2":159228512,"max":22050,"mean":6694.58105469,"median":1141.25976562,"min":21.533203125,"var":83567336},"spectral_skewness":{"dmean":0.424170076847,"dmean2":0.642073273659,"dvar":0.277774363756,"dvar2":0.651538550854,"max":10.1211509705,"mean":2.84751415253,"median":2.72429418564,"min":-0.0838814005256,"var":0.981093406677},"spectral_spread":{"dmean":572595.3125,"dmean2":884890.625,"dvar":389315821568,"dvar2":858337640448,"max":42406244,"mean":3839448,"median":3660013.75,"min":1138832.25,"var":4621452967940},"spectral_strongpeak":{"dmean":1.01856160164,"dmean2":1.87670910358,"dvar":42.6204528809,"dvar2":110.350196838,"max":144.468948364,"mean":0.965234279633,"median":0.253080546856,"min":0,"var":35.9899940491},"zerocrossingrate":{"dmean":0.0342844687402,"dmean2":0.0444212928414,"dvar":0.000960224191658,"dvar2":0.00161461811513,"max":0.99951171875,"mean":0.214662358165,"median":0.2080078125,"min":0,"var":0.00482412241399}},"metadata":{"audio_properties":{"analysis_sample_rate":44100,"bit_rate":147846,"codec":"mp3","downmix":"mix","equal_loudness":0,"length":312.476745605,"lossless":false,"md5_encoded":"32429b7628d3e7450ef555e8176f1d3b","replay_gain":-0.748125076294},"tags":{"album":["...Calling All Stations..."],"albumartist":["Genesis"],"albumartistsort":["Genesis"],"artist":["Genesis"],"artistsort":["Genesis"],"date":["1997-08-25"],"discnumber":["1/1"],"file_name":"06 - If That's What You Need.mp3","mp3gain_album_minmax":["000,192"],"mp3gain_minmax":["000,191"],"mp3gain_undo":["+004,+004,N"],"musicbrainz album release country":["GB"],"musicbrainz album type":["album"],"musicbrainz_albumartistid":["8e3fcd7d-bda1-4ca0-b987-b8528d2ee74e"],"musicbrainz_albumid":["f6dc7b15-0d14-48d9-9334-4ee2fe9a39a0"],"musicbrainz_artistid":["8e3fcd7d-bda1-4ca0-b987-b8528d2ee74e"],"musicbrainz_recordingid":["71957299-8be1-405f-8de5-5a0af2e95ea4"],"musicbrainz_releasegroupid":["ecb68a84-e8dd-301b-979a-d185e3cc87e4"],"title":["If That's What You Need"],"tracknumber":["6/11"]},"version":{"essentia":"2.1-beta1","essentia_build_sha":"0a826ad6289770054bb7564d59068f1232327ff9","essentia_git_sha":"v2.1_beta1-5-gf9dded9","extractor":"music 1.0"}},"rhythm":{"beats_count":476,"beats_loudness":{"dmean":0.0225618276745,"dmean2":0.0383340641856,"dvar":0.000489336089231,"dvar2":0.00132459762972,"max":0.158357143402,"mean":0.0488135963678,"median":0.0452337227762,"min":2.99187732367e-8,"var":0.000813736696728},"beats_loudness_band_ratio":{"dmean":[0.183297455311,0.120201840997,0.0702976882458,0.0392759405077,0.0170157831162,0.0782134309411],"dmean2":[0.313920706511,0.202735334635,0.125456407666,0.0677870586514,0.0310627296567,0.140044957399],"dvar":[0.0214941520244,0.0135903991759,0.00615539541468,0.00257084774785,0.00100672012195,0.00506160641089],"dvar2":[0.0564099326