{"lowlevel":{"average_loudness":0.96684384346,"barkbands":{"dmean":[0.00372965098359,0.0113026443869,0.00339296786115,0.00163688731845,0.00264153908938,0.00282899104059,0.00150270038284,0.000711898203008,0.00073630514089,0.000690680113621,0.000575951184146,0.000681382603943,0.000427043967647,0.000380456302082,0.000331921997713,0.000157938804477,0.000118513678899,0.000160849231179,0.000220377609367,0.000267529016128,0.000212698418181,0.000116009279736,0.0000509214114572,0.0000184231230378,0.00000260772299043,0.0000191561666725,0.000169509876287],"dmean2":[0.00636018440127,0.0197880417109,0.00590997701511,0.00273604434915,0.00430447701365,0.00450509646907,0.00238959933631,0.00117353815585,0.00119665195234,0.00113288103603,0.000941375095863,0.00114390079398,0.000705982616637,0.000631200440694,0.000542006047908,0.000262623216258,0.000191267361515,0.000253341742791,0.000334432901582,0.000398026983021,0.000304147077259,0.000159857954714,0.0000692194735166,0.0000252931167779,0.00000433749028161,0.0000266172737611,0.000237884669332],"dvar":[0.0000549478972971,0.000398634263547,0.0000158754482982,0.00000756761619414,0.0000169150807778,0.0000356714444933,0.0000113984297059,0.00000185435226285,0.00000169830821051,0.00000157572571879,9.16335636703e-7,7.23085861409e-7,3.14288996606e-7,2.4215384542e-7,1.98472548618e-7,5.02412547121e-8,7.60032250469e-8,1.16779609982e-7,6.92193452778e-7,0.00000119782271213,5.84064423492e-7,1.96849242684e-7,2.50827003612e-8,1.50733436843e-9,1.87473508939e-11,1.30486943473e-9,3.93834440615e-8],"dvar2":[0.000141227661516,0.00110839563422,0.0000445708064944,0.0000191978197108,0.0000411825276387,0.0000839529020595,0.0000274032099696,0.00000464234290121,0.00000425833559348,0.00000398623433284,0.00000236007804233,0.00000197791678147,8.17475779513e-7,6.43561975266e-7,4.94597429679e-7,1.31538968162e-7,1.81043333214e-7,2.52358773878e-7,0.00000160001241056,0.00000266686697614,0.00000118931450288,3.93040750168e-7,4.88995866021e-8,2.79769141187e-9,4.64307342574e-11,2.55133558724e-9,7.85952209981e-8],"max":[0.0759924426675,0.244258180261,0.0450331047177,0.0445380210876,0.0682471171021,0.110856980085,0.0665404647589,0.0282505508512,0.0331411622465,0.0246889255941,0.0205766987056,0.0120320152491,0.013410824351,0.00752449501306,0.00659158499911,0.0048469202593,0.00983254425228,0.0107112759724,0.0385232195258,0.0292153134942,0.0273307319731,0.0198370367289,0.00562618579715,0.00140258518513,0.0000626568071311,0.000584594265092,0.00466777617112],"mean":[0.00381264742464,0.0130485361442,0.00431093201041,0.00209216983058,0.00378344557248,0.00364880007692,0.00215845229104,0.00104574533179,0.00120009633247,0.00111100927461,0.000885988527443,0.0011721001938,0.000722600263543,0.000694552436471,0.00062040152261,0.000293410441373,0.000226699572522,0.000286795402644,0.000361854181392,0.00043112624553,0.000364074890967,0.000184002754395,0.0000791892671259,0.0000281524553429,0.00000252604218076,0.0000299909879686,0.00066979881376],"median":[0.00168940937147,0.00796199217439,0.00268140854314,0.00102533283643,0.00221179728396,0.00138751929626,0.0007236788515,0.000511659192853,0.000625986373052,0.000614655844402,0.000506710843183,0.000883883971255,0.000527865020558,0.000493639789056,0.000424004218075,0.000218968983972,0.000157844435307,0.000153484259499,0.000143381301314,0.000152143911691,0.000140793272294,0.000058476558479,0.0000235482184507,0.0000101248015199,9.82728352028e-7,0.0000130512053147,0.000572834047489],"min":[6.15408930394e-24,1.27139252702e-23,1.26204215871e-23,3.42512242665e-24,1.50255125478e-23,3.44560370122e-23,1.21329213249e-23,2.17736369904e-23,4.09081650659e-23,4.52608250173e-23,4.43642183342e-23,2.63385525901e-23,7.1207469932e-23,4.92857669051e-23,1.27006517388e-22,9.0059945524e-23,9.17578771146e-23,1.4480051835e-22,1.80195381881e-22,2.58889179669e-22,3.56179382488e-22,4.22329118058e-22,6.30878647362e-22,8.21641723526e-22,1.05224492598e-21,1.83291551125e-21,2.30083801284e-21],"var":[0.0000461712370452,0.000307321519358,0.0000235224342759,0.0000101895266198,0.0000232745824178,0.0000459107031929,0.0000199011356017,0.00000310875407195,0.00000362852620128,0.00000278466882264,0.0000015794267938,0.00000119036542401,5.26217263541e-7,5.02909415445e-7,4.36434390849e-7,8.25920736247e-8,1.21004674725e-7,2.34009704059e-7,0.00000108762333184,0.00000190614377971,9.62102944868e-7,3.27556421098e-7,5.31829051909e-8,3.44891248893e-9,1.9365786752e-11,2.23394280852e-9,2.50712986372e-7]},"barkbands_crest":{"dmean":3.13590598106,"dmean2":5.23571491241,"dvar":7.57295846939,"dvar2":20.6734008789,"max":26.8346138,"mean":9.51876544952,"median":8.69798278809,"min":2.372797966,"var":15.5626716614},"barkbands_flatness_db":{"dmean":0.0258910749108,"dmean2":0.0411817505956,"dvar":0.000548579380848,"dvar2":0.00143987277988,"max":0.442492812872,"mean":0.120937667787,"median":0.112835675478,"min":0.0271943993866,"var":0.00223134947009},"barkbands_kurtosis":{"dmean":4.57249450684,"dmean2":7.48120117188,"dvar":185.889694214,"dvar2":390.2059021,"max":950.543334961,"mean":7.7225394249,"median":3.50494670868,"min":-1.86032748222,"var":1339.5826416},"barkbands_skewness":{"dmean":0.683123409748,"dmean2":1.10306894779,"dvar":0.566495299339,"dvar2":1.38817334175,"max":28.4450130463,"mean":1.97749328613,"median":1.75735402107,"min":-3.43125247955,"var":2.6723780632},"barkbands_spread":{"dmean":7.880900383,"dmean2":12.258275032,"dvar":66.2666625977,"dvar2":147.602096558,"max":114.701522827,"mean":28.2207164764,"median":25.3803806305,"min":0.39682713151,"var":240.44367981},"dissonance":{"dmean":0.0161741040647,"dmean2":0.0274772979319,"dvar":0.000252311961958,"dvar2":0.00071454141289,"max":0.500000119209,"mean":0.474103420973,"median":0.479521036148,"min":0.315130680799,"var":0.000422801036621},"dynamic_complexity":1.95112907887,"erbbands":{"dmean":[0.4867015481,2.05211997032,4.06633424759,4.18936252594,6.5822262764,9.7812871933,15.1523389816,26.6885719299,23.2923736572,19.833530426,14.1793746948,16.0848751068,19.3065814972,20.7426490784,25.8124504089,25.4378948212,19.4003257751,15.8334226608,19.7519989014,10.9768218994,7.60786867142,6.30789995193,8.65376377106,8.57368373871,12.7624578476,11.8964691162,10.9067211151,7.13146495819,4.43143320084,2.6984770298,1.28799080849,0.573602855206,0.22380669415,0.0353497564793,0.0186682958156,0.0280555244535,0.0430506914854,0.0395302996039,0.0217747092247,0.00332253449596],"dmean2":[0.851030409336,3.61653184891,7.13053560257,7.0056385994,10.9187908173,15.963432312,24.8181266785,42.4413795471,37.3835945129,31.3508625031,23.4357318878,26.2269515991,31.7085762024,33.5136260986,42.6919212341,42.6774597168,32.1138076782,26.2157363892,32.0219573975,17.9794540405,12.4734048843,9.97113418579,13.6351327896,13.1629858017,18.8572425842,17.7074890137,16.0025577545,10.1581554413,6.11616611481,3.79389810562,1.72708189487,0.779025554657,0.314921915531,0.0563336350024,0.0308288428932,0.0415960252285,0.0601262934506,0.0521207228303,0.0293375812471,0.00484966440126],"dvar":[0.956814289093,10.1769599915,22.2839107513,39.8256874084,102.119636536,308.839935303,1045.61474609,3710.50878906,2694.46020508,2480.5534668,632.588195801,842.368713379,1235.64013672,1398.70825195,1417.58569336,973.730407715,634.045227051,441.817077637,656.60534668,226.033203125,122.183158875,247.083724976,328.630187988,546.654968262,3080.52563477,2232.24804688,1732.83874512,617.344055176,283.478302002,116.445625305,14.6496524811,2.00140666962,0.17963090539,0.00278342352249,0.000927653803956,0.00226445752196,0.00680620595813,0.00508732628077,0.000941152567975,0.0000128908322949],"dvar2":[2.65883398056,28.4340705872,63.7885856628,103.038253784,256.550292969,746.358215332,2521.60400391,8728.33398438,6788.9296875,5679.53466797,1604.9798584,2079.76538086,3134.26171875,3360.52978516,3712.91943359,2639.86914062,1649.93713379,1199.38586426,1623.61633301,579.663757324,306.051544189,589.571044922,721.166259766,1261.4309082,7010.07373047,5139.60009766,3767.66992188,1223.72644043,567.017944336,250.847702026,27.4167633057,3.389295578,0.362420916557,0.00663466192782,0.00229409569874,0.00481160357594,0.01335181389,0.00912486575544,0.00171942042653,0.0000274826561508],"max":[12.1339073181,34.8480300903,47.9048042297,92.7840957642,201.368301392,383.931213379,586.351928711,1241.25512695,1059.19091797,1359.16955566,601.6796875,681.048706055,849.113037109,680.916503906,946.071777344,457.736846924,614.114013672,362.94039917,532.726745605,289.713226318,350.881591797,625.022277832,550.968261719,600.655883789,2725.30834961,1241.56518555,1153.25109863,682.348449707,744.86932373,458.097198486,114.04019928,56.4446487427,12.3935785294,0.749843776226,0.444436579943,1.01154708862,1.00791597366,1.05325067043,0.47215539217,0.0820274353027],"mean":[0.53463602066,2.31235456467,5.19707536697,6.00027656555,9.08993053436,12.9341545105,19.1842212677,33.9560050964,33.4377059937,28.8903274536,22.9794101715,26.6513500214,31.078119278,35.6383361816,43.5867233276,46.1885414124,34.9784584045,31.6360397339,40.2642784119,22.3870983124,15.6286315918,13.0361938477,15.478263855,15.4161643982,21.088432312,19.1376743317,17.7614841461,12.0948886871,7.11422300339,4.13958454132,1.99701285362,0.888639450073,0.33191794157,0.0435831733048,0.019447427243,0.0400044471025,0.0678027272224,0.0856280401349,0.0725155845284,0.0153909595683],"median":[0.242430478334,1.48123788834,3.39168167114,3.55372309685,5.38755321503,6.74475097656,9.37571716309,11.4543704987,11.3933038712,10.4933509827,12.5978126526,14.3021717072,17.4075965881,19.9507637024,29.9663619995,35.6008453369,26.4312896729,23.7697582245,29.0280723572,16.6987075806,12.1071777344,9.25635147095,8.46154880524,7.568816185,7.65510749817,6.66091632843,6.61530017853,4.60453128815,2.32114267349,1.22393929958,0.617835044861,0.302181780338,0.123211935163,0.0228195935488,0.00896805152297,0.0190950427204,0.0292295590043,0.0452537313104,0.0479302294552,0.0142128607258],"min":[2.12470306843e-22,3.32102151117e-21,1.32152523392e-20,1.07900266379e-20,4.65279110233e-20,4.20097891252e-20,1.44674431973e-19,3.89001690484e-19,1.55977557775e-19,3.59443657915e-19,5.33889147314e-19,1.09978356689e-18,2.08486613414e-18,1.85085384371e-18,1.33177970797e-18,1.37708987019e-18,3.39933284849e-18,3.93725687943e-18,3.72189337592e-18,6.09217569888e-18,7.74109945223e-18,5.01769992962e-18,8.27021959312e-18,8.28948214804e-18,1.06198451482e-17,1.1947573429e-17,1.47082804515e-17,1.46996231792e-17,1.33072242639e-17,1.18350975452e-17,2.00881341154e-17,1.83518340332e-17,1.21708939964e-17,1.002033111e-17,8.22973571958e-18,6.45256795201e-18,3.37433131447e-18,1.33613481389e-18,3.26571913962e-19,3.3026313636e-20],"var":[0.729021310806,8.1006975174,29.9500732422,57.3604393005,140.985168457,391.744110107,1152.09790039,4807.69384766,4483.91308594,4390.0078125,1095.88500977,1862.09838867,2358.54150391,2656.37646484,2323.53686523,1711.02282715,1102.3581543,902.05267334,1684.12097168,471.530456543,220.97505188,397.905517578,642.125915527,900.149414062,5425.98291016,3436.20288086,2754.78662109,1041.86169434,465.241485596,185.065338135,31.4617862701,4.75574445724,0.370052784681,0.003628969891,0.000977442832664,0.00349288154393,0.0115880183876,0.0121875135228,0.00515709538013,0.000091867223091]},"erbbands_crest":{"dmean":2.49164748192,"dmean2":4.12128782272,"dvar":5.82035398483,"dvar2":14.7252664566,"max":29.7055778503,"mean":7.67108345032,"median":6.84566402435,"min":2.11144113541,"var":11.9173488617},"erbbands_flatness_db":{"dmean":0.0187689494342,"dmean2":0.0284728370607,"dvar":0.000294943107292,"dvar2":0.000640082638711,"max":0.294570058584,"mean":0.131495252252,"median":0.127939283848,"min":0.0425040647388,"var":0.00126403500326},"erbbands_kurtosis":{"dmean":0.858334898949,"dmean2":1.37790215015,"dvar":1.69091045856,"dvar2":4.0117764473,"max":41.6091079712,"mean":0.392635017633,"median":0.0362583398819,"min":-1.69254350662,"var":2.72827768326},"erbbands_skewness":{"dmean":0.3488253057,"dmean2":0.529870510101,"dvar":0.109231591225,"dvar2":0.231652200222,"max":3.55345797539,"mean":0.0678089037538,"median":0.0585408955812,"min":-5.54800033569,"var":0.490226447582},"erbbands_spread":{"dmean":7.13043260574,"dmean2":11.0753545761,"dvar":46.4104003906,"dvar2":102.394020081,"max":162.804336548,"mean":33.2833786011,"median":30.8790283203,"min":4.61207866669,"var":175.724822998},"gfcc":{"cov":[[6850.73632812,-664.140319824,-400.220855713,380.825164795,-287.560852051,-247.534576416,150.755203247,-106.890563965,9.43350791931,38.806350708,31.9804840088,78.8188781738,-186.807571411],[-664.140319824,950.088989258,6.63995838165,-371.27947998,141.279663086,76.3550567627,-135.053665161,1.81260371208,13.1969270706,2.01299381256,11.997718811,-50.9663963318,118.990180969],[-400.220855713,6.63995838165,254.047149658,17.0363941193,-2.95959663391,71.5998306274,-52.6214790344,35.5440940857,-23.4156532288,1.64175760746,-28.9525985718,-3.69475769997,-0.590017020702],[380.825164795,-371.27947998,17.0363941193,341.407928467,-17.9950084686,-39.1654968262,93.6640319824,-12.0949735641,-11.8461790085,-29.7931480408,-1.20187485218,15.9354133606,-69.2826461792],[-287.560852051,141.279663086,-2.95959663391,-17.9950084686,178.365585327,75.5545654297,39.8425521851,-27.7848453522,-10.5781993866,-22.1168727875,-7.23664855957,-20.5704250336,22.3963756561],[-247.534576416,76.3550567627,71.5998306274,-39.1654968262,75.5545654297,220.499862671,-23.9901885986,40.3977241516,-30.9758834839,-0.218273133039,-16.6695804596,-7.69345378876,24.9873561859],[150.755203247,-135.053665161,-52.6214790344,93.6640319824,39.8425521851,-23.9901885986,182.860641479,-18.7943992615,34.5404434204,-9.31055450439,0.237449511886,3.8422627449,-26.5892848969],[-106.890563965,1.81260371208,35.5440940857,-12.0949735641,-27.7848453522,40.3977241516,-18.7943992615,120.073455811,25.9810352325,28.2388572693,5.53142166138,-3.41641950607,11.267124176],[9.43350791931,13.1969270706,-23.4156532288,-11.8461790085,-10.5781993866,-30.9758834839,34.5404434204,25.9810352325,96.8464126587,42.8729820251,18.4856357574,6.16012525558,-16.5537395477],[38.806350708,2.01299381256,1.64175760746,-29.7931480408,-22.1168727875,-0.218273133039,-9.31055450439,28.2388572693,42.8729820251,83.0487976074,37.7861709595,5.61138439178,6.41637945175],[31.9804840088,11.997718811,-28.9525985718,-1.20187485218,-7.23664855957,-16.6695804596,0.237449511886,5.53142166138,18.4856357574,37.7861709595,64.0857772827,30.9986629486,10.0256214142],[78.8188781738,-50.9663963318,-3.69475769997,15.9354133606,-20.5704250336,-7.69345378876,3.8422627449,-3.41641950607,6.16012525558,5.61138439178,30.9986629486,62.7679977417,12.7238426208],[-186.807571411,118.990180969,-0.590017020702,-69.2826461792,22.3963756561,24.9873561859,-26.5892848969,11.267124176,-16.5537395477,6.41637945175,10.0256214142,12.7238426208,72.3280944824]],"icov":[[0.000208253841265,-0.0001079173162,0.000421332981205,-0.000236444873735,0.000278386054561,-0.00000538521408089,-0.0000821652793093,0.0000570532210986,0.000395401759306,-0.000595219898969,0.000534332706593,-0.000522530870512,0.000530082557816],[-0.0001079173162,0.00303615815938,-0.000847470422741,0.00237557129003,-0.00161895004567,-0.0000488798214064,0.0014513451606,0.000574356818106,-0.00280322157778,0.00349632673897,-0.00369084556587,0.00377699965611,-0.00314733223058],[0.000421332981205,-0.000847470422741,0.00629597343504,-0.0017384205712,0.000387082312955,-0.00101853872184,0.00116425380111,-0.0011958660325,0.00237251957878,-0.00408802228048,0.00580188957974,-0.00377511442639,0.00248041911982],[-0.000236444873735,0.00237557129003,-0.0017384205712,0.00685440376401,-0.00153519399464,0.000766353332438,-0.00129360205028,-0.000746660109144,0.000225160954869,0.00375747890212,-0.00409301230684,0.00128193479031,0.00194417219609],[0.000278386054561,-0.00161895004567,0.000387082312955,-0.00153519399464,0.0112505331635,-0.00431714486331,-0.00329760904424,0.00372392917052,-0.00116379815154,0.00231828866526,-0.00236159283668,0.00393267534673,-0.00270612468012],[-0.00000538521408089,-0.0000488798214064,-0.00101853872184,0.000766353332438,-0.00431714486331,0.00772152794525,0.000234049090068,-0.00369184231386,0.00384608353488,-0.00290767056867,0.00323023390956,-0.00295408489183,0.00133278383873],[-0.0000821652793093,0.0014513451606,0.00116425380111,-0.00129360205028,-0.00329760904424,0.000234049090068,0.00932223256677,0.00075739598833,-0.00499786157161,0.00207538995892,-0.0000760838665883,0.000644641811959,-0.00101105193608],[0.0000570532210986,0.000574356818106,-0.0011958660325,-0.000746660109144,0.00372392917052,-0.00369184231386,0.00075739598833,0.0126945413649,-0.00591057306156,0.000752943917178,-0.0025697723031,0.0047204089351,-0.00499305222183],[0.000395401759306,-0.00280322157778,0.00237251957878,0.000225160954869,-0.00116379815154,0.00384608353488,-0.00499786157161,-0.00591057306156,0.0233108531684,-0.0146511932835,0.00761629780754,-0.0096373455599,0.0112576149404],[-0.000595219898969,0.00349632673897,-0.00408802228048,0.00375747890212,0.00231828866526,-0.00290767056867,0.00207538995892,0.000752943917178,-0.0146511932835,0.0319095887244,-0.0229006875306,0.0142895104364,-0.0083144819364],[0.000534332706593,-0.00369084556587,0.00580188957974,-0.00409301230684,-0.00236159283668,0.00323023390956,-0.0000760838665883,-0.0025697723031,0.00761629780754,-0.0229006875306,0.0408182702959,-0.0228139292449,0.00569650484249],[-0.000522530870512,0.00377699965611,-0.00377511442639,0.00128193479031,0.00393267534673,-0.00295408489183,0.000644641811959,0.0047204089351,-0.0096373455599,0.0142895104364,-0.0228139292449,0.0338895581663,-0.0133345210925],[0.000530082557816,-0.00314733223058,0.00248041911982,0.00194417219609,-0.00270612468012,0.00133278383873,-0.00101105193608,-0.00499305222183,0.0112576149404,-0.0083144819364,0.00569650484249,-0.0133345210925,0.0279092751443]],"mean":[33.5129737854,92.0356369019,-93.7043304443,5.57044410706,-16.8498077393,-12.1119060516,5.60581111908,-23.2314872742,-1.04478085041,-5.36329698563,-3.61317849159,-0.828241169453,-7.41813898087]},"hfc":{"dmean":20.579662323,"dmean2":32.5449638367,"dvar":439.683105469,"dvar2":1037.89916992,"max":356.068634033,"mean":92.9919586182,"median":88.3405685425,"min":1.2040724223e-16,"var":1841.6003418},"melbands":{"dmean":[0.00374006433412,0.00223326263949,0.000755941844545,0.000549084681552,0.000515250314493,0.000583034765441,0.000340986123774,0.000202314229682,0.000119512362289,0.000102466539829,0.0000994093061308,0.0000878440696397,0.0000835223909235,0.0000858227722347,0.0000539531065442,0.0000363631770597,0.0000326056433551,0.0000354940893885,0.0000227140517381,0.0000126284885482,0.00000918143632589,0.00000688921409164,0.00000837059087644,0.000007829936294,0.00000726497273718,0.00000909991103981,0.0000091747051556,0.00000846704097057,0.0000079729979916,0.00000538580570719,0.00000402678278988,0.0000027156465876,0.0000020482373202,0.0000013267634813,7.98422149728e-7,5.32165415734e-7,2.94675743362e-7,1.92295274815e-7,5.45210063763e-8,2.40335289448e-8],"dmean2":[0.00649819010869,0.00390559947118,0.001254816656,0.000903409149032,0.000837275700178,0.000925010244828,0.00054638274014,0.000322770967614,0.000198328620172,0.000167014499311,0.000163143602549,0.000142096992931,0.000137239083415,0.000144278543303,0.0000891647578101,0.0000607310503256,0.0000545433831576,0.0000578791150474,0.000037295401853,0.0000211717288039,0.0000152274369611,0.0000112292791528,0.0000132598052005,0.0000124676362248,0.0000114045978989,0.0000137028991958,0.0000134914016598,0.0000130066391648,0.0000120473878269,0.0000079459096014,0.00000595617302679,0.00000385183011531,0.00000291858532364,0.00000190036860204,0.0000010923405398,7.42676832033e-7,4.09515365618e-7,2.74282598411e-7,8.39642950723e-8,4.00160615754e-8],"dvar":[0.0000514569437655,0.00000689009993948,0.00000117861031868,7.51078630401e-7,9.76939304564e-7,0.00000161870627835,5.46138608115e-7,2.30764712228e-7,4.42198171413e-8,3.46595960821e-8,3.28974607555e-8,2.62139661089e-8,1.75952337145e-8,1.22005419101e-8,4.80282968951e-9,2.13801887305e-9,1.93906046775e-9,2.14299600287e-9,1.06205244599e-9,3.40697275947e-10,1.75461686847e-10,2.70503647259e-10,2.99780450463e-10,3.1269623002e-10,4.15259715503e-10,1.3333665283e-9,1.2683952777e-9,1.55506174604e-9,1.18062903898e-9,4.47927778202e-10,1.85126441954e-10,1.09221139077e-10,7.1941841373e-11,2.65106825381e-11,5.93944164684e-12,2.85847907844e-12,4.24080556912e-13,1.41553530507e-13,7.58740350415e-15,1.60132372772e-15],"dvar2":[0.000142032004078,0.0000196015644178,0.00000298396594189,0.00000184854832241,0.00000233124364968,0.00000381961672247,0.00000137350468776,5.39529082744e-7,1.12534067398e-7,8.58802309267e-8,8.37636662254e-8,6.37313561924e-8,4.57392950182e-8,3.32541780779e-8,1.27714798737e-8,5.6151852057e-9,5.30975219348e-9,5.35129407453e-9,2.72042188776e-9,9.13979614214e-10,4.38334618602e-10,6.66746380329e-10,6.60204890757e-10,7.34731830931e-10,1.00869190778e-9,2.98035840451e-9,2.57258303549e-9,3.86744769543e-9,2.70374544975e-9,1.01629349381e-9,3.72623765177e-10,2.25776244922e-10,1.55765622623e-10,5.79217090957e-11,1.14137683679e-11,5.62643768381e-12,7.70426474353e-13,2.97644125059e-13,1.70666161325e-14,3.96509632785e-15],"max":[0.0898344889283,0.0225388836116,0.014927781187,0.016961639747,0.0191663913429,0.0248961262405,0.014362540096,0.012016213499,0.00526469619945,0.00411595404148,0.00434130802751,0.00300173577853,0.00321153434925,0.00170367537066,0.00149546389002,0.00079706183169,0.000705919053871,0.00102249218617,0.000628512352705,0.000350192945916,0.000426459126174,0.000618216814473,0.000593737291638,0.000544049311429,0.000526820658706,0.00179700308945,0.00187948637176,0.00110408081673,0.00106564851012,0.000921107130125,0.000367793778423,0.00039913613,0.000412670167862,0.000182667921763,0.0000742412739783,0.0000674287002767,0.0000254895567195,0.00000956946132646,0.00000229865099755,5.77069044994e-7],"mean":[0.00429945997894,0.00286123016849,0.00115653790999,0.000788085744716,0.000672976661008,0.00075498316437,0.000494753825478,0.00029280668241,0.000190517981537,0.00016555871116,0.000154625726282,0.000143461191328,0.00013447648962,0.000143285433296,0.0000953883936745,0.000063127175963,0.0000592992000747,0.0000681462188368,0.0000413890666096,0.00002227805453,0.0000174237338797,0.000012948065887,0.0000145973999679,0.0000129009313241,0.0000121231032608,0.0000142434028021,0.0000153297132783,0.0000121890207083,0.0000120443355627,0.00000863289551489,0.00000645059799353,0.00000416495959144,0.00000305014191326,0.00000196395353669,0.0000011985943047,7.91952459167e-7,4.41032682374e-7,2.77305986174e-7,7.25543713997e-8,2.3126299098e-8],"median":[0.00234393263236,0.0020110248588,0.000733526132535,0.000462520198198,0.000341021834174,0.000262866145931,0.000167754478753,0.000109163323941,0.000104476981505,0.0000864199682837,0.0000839395652292,0.0000759043105063,0.0000840430002427,0.000107971281977,0.0000704935664544,0.0000467701174784,0.0000422546618211,0.0000479155278299,0.0000287849434244,0.0000155619018187,0.0000131405085995,0.00000909838217922,0.00000852997800393,0.00000629027636023,0.00000580680125495,0.0000050199450925,0.00000545147304365,0.0000038917692109,0.00000406940489484,0.00000342328030456,0.00000238553138843,0.00000133640628519,9.20095544643e-7,5.57062890039e-7,3.59496993951e-7,2.50813513958e-7,1.51880783505e-7,9.78679892683e-8,3.35008181196e-8,8.86286333213e-9],"min":[2.79127347817e-24,6.08265084923e-24,3.272720219e-24,3.29119987735e-24,4.40956916598e-24,7.99797357267e-24,2.35906368794e-24,5.5783888705e-24,4.05169097784e-24,6.2937867095e-24,1.03144651986e-23,7.08864492975e-24,5.00223405318e-24,3.06109191232e-24,6.67058020442e-24,9.52352643372e-24,6.57579422792e-24,3.96038151135e-24,1.20670056854e-23,4.61450063523e-24,9.46275968933e-24,5.2038246965e-24,5.07965207356e-24,7.04141030533e-24,6.50720592765e-24,6.83701881137e-24,6.88670521548e-24,7.70876059873e-24,9.49040768634e-24,7.51189799325e-24,6.35364981372e-24,5.65753686285e-24,6.93798117432e-24,6.47546019268e-24,1.13513274063e-23,1.02313334587e-23,1.0946720648e-23,7.41047887983e-24,9.44500716352e-24,7.33102717604e-24],"var":[0.0000395615861635,0.00000766744415159,0.0000017709818394,0.00000101653404272,0.00000116870944566,0.00000213802513827,9.1955746484e-7,4.13804428945e-7,8.01194417477e-8,7.25891950992e-8,6.13886470546e-8,4.80907047518e-8,2.96544087064e-8,1.87787101424e-8,8.35547098177e-9,3.75489062066e-9,3.66525498841e-9,5.25202192847e-9,2.02967287422e-9,5.36382882554e-10,3.05918457233e-10,3.97030769372e-10,5.74870873127e-10,5.36715949462e-10,5.97389637758e-10,2.14594964021e-9,2.8666033991e-9,1.83036674706e-9,1.67549918384e-9,6.00462346512e-10,3.05775210707e-10,1.7014835374e-10,1.03671717044e-10,4.31627927844e-11,1.18998257428e-11,5.31524867523e-12,9.79825053558e-13,2.68473313242e-13,1.23619943966e-14,1.64985183345e-15]},"melbands_crest":{"dmean":4.8799328804,"dmean2":8.29385280609,"dvar":17.9365253448,"dvar2":49.6613349915,"max":39.4157485962,"mean":15.8409223557,"median":14.9334011078,"min":1.58857893944,"var":36.2056999207},"melbands_flatness_db":{"dmean":0.0349530540407,"dmean2":0.0553250983357,"dvar":0.000934861367568,"dvar2":0.00243230606429,"max":0.48608481884,"mean":0.224418789148,"median":0.218875259161,"min":0.00303763383999,"var":0.003667836776},"melbands_kurtosis":{"dmean":7.99609279633,"dmean2":13.6333637238,"dvar":489.180175781,"dvar2":1324.68347168,"max":889.721313477,"mean":11.502325058,"median":6.70208644867,"min":-1.70105493069,"var":591.224243164},"melbands_skewness":{"dmean":0.906460464001,"dmean2":1.50123989582,"dvar":1.01064741611,"dvar2":2.65982604027,"max":25.3702487946,"mean":2.62443757057,"median":2.3307955265,"min":-1.73463177681,"var":2.26886105537},"melbands_spread":{"dmean":8.04794502258,"dmean2":12.7423095703,"dvar":118.600540161,"dvar2":263.566711426,"max":177.160354614,"mean":21.0501918793,"median":17.6680908203,"min":0.445060223341,"var":284.133789062},"mfcc":{"cov":[[5015.60888672,-435.375579834,-357.039367676,477.166229248,-463.401641846,39.8483047485,-169.708572388,88.2207946777,-247.055221558,108.470100403,-49.9547119141,86.5041656494,-98.8267288208],[-435.375579834,1187.09277344,-92.5859832764,-356.453674316,169.161026001,-31.4563808441,-7.10822343826,-120.0467453,83.1900482178,-79.9305648804,28.1755886078,-56.5137214661,46.4697570801],[-357.039367676,-92.5859832764,277.683105469,-31.915145874,61.37840271,-26.4791316986,-3.33024096489,2.03900241852,16.2122116089,-6.47400283813,1.37848329544,1.67511415482,-1.50276243687],[477.166229248,-356.453674316,-31.915145874,341.713043213,-115.917671204,20.7611999512,-11.0617275238,54.1485519409,-57.029750824,37.3129692078,-21.5686302185,32.3203430176,-35.0433921814],[-463.401641846,169.161026001,61.37840271,-115.917671204,195.511856079,22.0823917389,47.3415565491,-12.6484098434,35.513923645,-33.583480835,13.7266788483,-31.8229656219,14.2960920334],[39.8483047485,-31.4563808441,-26.4791316986,20.7611999512,22.0823917389,157.801345825,55.9037208557,38.0465126038,-3.65671181679,11.5850515366,-24.4175567627,-1.38372957706,-8.58060646057],[-169.708572388,-7.10822343826,-3.33024096489,-11.0617275238,47.3415565491,55.9037208557,116.86113739,27.1116352081,29.7715835571,-10.6080989838,-8.14550495148,-19.6460514069,8.127368927],[88.2207946777,-120.0467453,2.03900241852,54.1485519409,-12.6484098434,38.0465126038,27.1116352081,102.629119873,7.51851463318,20.6344165802,-15.6695623398,4.17674303055,-13.8033590317],[-247.055221558,83.1900482178,16.2122116089,-57.029750824,35.513923645,-3.65671181679,29.7715835571,7.51851463318,89.1171798706,14.8649816513,19.5817222595,-8.63722896576,11.8370752335],[108.470100403,-79.9305648804,-6.47400283813,37.3129692078,-33.583480835,11.5850515366,-10.6080989838,20.6344165802,14.8649816513,76.4917831421,21.8911628723,24.6793174744,-3.87618136406],[-49.9547119141,28.1755886078,1.37848329544,-21.5686302185,13.7266788483,-24.4175567627,-8.14550495148,-15.6695623398,19.5817222595,21.8911628723,70.4184265137,24.280122757,18.7287998199],[86.5041656494,-56.5137214661,1.67511415482,32.3203430176,-31.8229656219,-1.38372957706,-19.6460514069,4.17674303055,-8.63722896576,24.6793174744,24.280122757,65.7642211914,18.9287014008],[-98.8267288208,46.4697570801,-1.50276243687,-35.0433921814,14.2960920334,-8.58060646057,8.127368927,-13.8033590317,11.8370752335,-3.87618136406,18.7287998199,18.9287014008,53.6360206604]],"icov":[[0.000311383395456,-0.0000584625377087,0.000225533542107,-0.000145573561895,0.000436442729551,-0.0000737311711418,0.000156148496899,-0.000214384490391,0.000604412460234,-0.000209811376408,-0.000109081142,0.000012769379282,0.000213669758523],[-0.0000584625377087,0.00159192108549,0.000843807996716,0.00108153303154,-0.000821420224383,-0.000154252833454,0.00077709852485,0.000960912031587,-0.00127534626517,0.000967199739534,0.0000948761153268,0.000144452147651,-0.000165624776855],[0.000225533542107,0.000843807996716,0.00482649542391,0.000486299832119,-0.00196553417481,0.00101993465796,0.000839093932882,-0.0000261952554865,-0.000729679886717,0.00019538361812,0.00108670524787,-0.00147050723899,0.00100526644383],[-0.000145573561895,0.00108153303154,0.000486299832119,0.00546355964616,0.00113493937533,0.000151446642121,-0.000739903538488,-0.000821691763122,0.00142201129347,-0.000482302362798,0.000443806377007,-0.00158052530605,0.00205452181399],[0.000436442729551,-0.000821420224383,-0.00196553417481,0.00113493937533,0.00991609413177,-0.00206688279286,-0.00185655173846,-0.000701695855241,0.000518443877809,0.00236281519756,-0.00386802665889,0.00317742582411,-0.000385017134249],[-0.0000737311711418,-0.000154252833454,0.00101993465796,0.000151446642121,-0.00206688279286,0.00968882255256,-0.00459540402517,-0.00144085276406,0.00197121524252,-0.00326784420758,0.0039279051125,-0.00258791190572,0.00142229674384],[0.000156148496899,0.00077709852485,0.000839093932882,-0.000739903538488,-0.00185655173846,-0.00459540402517,0.0145884277299,-0.00227069784887,-0.00459180213511,0.00315229361877,-0.000494314881507,0.00380487833172,-0.00380970700644],[-0.000214384490391,0.000960912031587,-0.0000261952554865,-0.000821691763122,-0.000701695855241,-0.00144085276406,-0.00227069784887,0.0140578271821,-0.00306241214275,-0.00211903103627,0.00329136080109,-0.00188149930909,0.00219071074389],[0.000604412460234,-0.00127534626517,-0.000729679886717,0.00142201129347,0.000518443877809,0.00197121524252,-0.00459180213511,-0.00306241214275,0.0191273745149,-0.00674661621451,-0.00315895699896,0.00319157773629,-0.00152004812844],[-0.000209811376408,0.000967199739534,0.00019538361812,-0.000482302362798,0.00236281519756,-0.00326784420758,0.00315229361877,-0.00211903103627,-0.00674661621451,0.0218740925193,-0.00676347315311,-0.00401054276153,0.00313701760024],[-0.000109081142,0.0000948761153268,0.00108670524787,0.000443806377007,-0.00386802665889,0.0039279051125,-0.000494314881507,0.00329136080109,-0.00315895699896,-0.00676347315311,0.0233869925141,-0.00794831570238,-0.00253440369852],[0.000012769379282,0.000144452147651,-0.00147050723899,-0.00158052530605,0.00317742582411,-0.00258791190572,0.00380487833172,-0.00188149930909,0.00319157773629,-0.00401054276153,-0.00794831570238,0.0269574914128,-0.0112294908613],[0.000213669758523,-0.000165624776855,0.00100526644383,0.00205452181399,-0.000385017134249,0.00142229674384,-0.00380970700644,0.00219071074389,-0.00152004812844,0.00313701760024,-0.00253440369852,-0.0112294908613,0.0274332426488]],"mean":[-627.920715332,151.004623413,-15.9489889145,33.5221099854,-7.61968803406,26.4995079041,1.50715363026,6.75589895248,-2.5822122097,7.05407905579,-3.54649710655,5.8449678421,-1.43850243092]},"pitch_salience":{"dmean":0.0912034511566,"dmean2":0.152343600988,"dvar":0.00654792878777,"dvar2":0.0177422240376,"max":0.921232998371,"mean":0.57632791996,"median":0.593306899071,"min":0.0176208801568,"var":0.0133107705042},"silence_rate_20dB":{"dmean":0,"dmean2":0,"dvar":0,"dvar2":0,"max":1,"mean":1,"median":1,"min":1,"var":0},"silence_rate_30dB":{"dmean":0.0317987017334,"dmean2":0.0636061951518,"dvar":0.0307863038033,"dvar2":0.0800261721015,"max":1,"mean":0.97843515873,"median":1,"min":0,"var":0.0210982952267},"silence_rate_60dB":{"dmean":0.00165906257462,"dmean2":0.00331858405843,"dvar":0.00165641331114,"dvar2":0.00386101636104,"max":1,"mean":0.0204589441419,"median":0,"min":0,"var":0.0200413875282},"spectral_centroid":{"dmean":268.816162109,"dmean2":390.49319458,"dvar":116635.320312,"dvar2":201470.09375,"max":11261.9804688,"mean":1268.88232422,"median":1098.41088867,"min":170.750930786,"var":478659.09375},"spectral_complexity":{"dmean":4.14765644073,"dmean2":6.14518785477,"dvar":16.2977352142,"dvar2":29.3843841553,"max":62,"mean":25.7448158264,"median":24,"min":0,"var":93.1508483887},"spectral_contrast_coeffs":{"dmean":[0.0566284507513,0.0539548583329,0.0379899330437,0.0268187075853,0.0207195989788,0.0355689972639],"dmean2":[0.0939243808389,0.089780472219,0.0640351399779,0.0456742979586,0.0335797667503,0.0546856187284],"dvar":[0.00195214687847,0.00186270230915,0.00085829111049,0.000442686374299,0.000350542948581,0.000953095091973],"dvar2":[0.00520944688469,0.00492983032018,0.00235702865757,0.001243267674,0.000839608721435,0.00220942078158],"max":[-0.376514285803,-0.461637228727,-0.583279967308,-0.659587979317,-0.62301415205,-0.447705805302],"mean":[-0.687782406807,-0.759934484959,-0.799803197384,-0.808781504631,-0.815000474453,-0.691868066788],"median":[-0.689413547516,-0.76948839426,-0.803397238255,-0.810749053955,-0.816669225693,-0.68228495121],"min":[-0.967790544033,-0.974737107754,-0.984273374081,-0.983678460121,-0.981743633747,-0.979760587215],"var":[0.00476963445544,0.00481783831492,0.00208338000812,0.00111214048229,0.00108932272997,0.00488482415676]},"spectral_contrast_valleys":{"dmean":[0.422260373831,0.358985513449,0.301616936922,0.256752789021,0.258106559515,0.487417280674],"dmean2":[0.694549977779,0.586173295975,0.477473706007,0.395555466413,0.365129709244,0.743708372116],"dvar":[0.153298646212,0.137972787023,0.116213992238,0.106056623161,0.140521869063,0.219111412764],"dvar2":[0.351629465818,0.283242225647,0.219080507755,0.182628020644,0.240351259708,0.490082740784],"max":[-4.99939584732,-4.61014604568,-5.18910360336,-5.66050481796,-5.27682542801,-8.9009180069],"mean":[-6.52699947357,-6.2597322464,-6.57458496094,-6.98805141449,-7.26437664032,-10.808052063],"median":[-6.42858886719,-6.16619682312,-6.45823287964,-6.8583650589,-7.14484214783,-10.7107181549],"min":[-27.5047073364,-27.3260211945,-27.1321144104,-27.4561977386,-27.4200458527,-27.3265342712],"var":[0.777241230011,0.802060425282,0.737264037132,0.743951380253,1.02030158043,0.844392359257]},"spectral_decrease":{"dmean":4.9973829519e-9,"dmean2":8.2807041224e-9,"dvar":4.69070831973e-17,"dvar2":1.24265517009e-16,"max":8.92184156415e-12,"mean":-9.94813031951e-9,"median":-8.52652526362e-9,"min":-8.70922036711e-8,"var":5.02931371086e-17},"spectral_energy":{"dmean":0.0194020569324,"dmean2":0.0320262461901,"dvar":0.000685428152792,"dvar2":0.00180896976963,"max":0.339693397284,"mean":0.0459811352193,"median":0.0409128852189,"min":1.07531605551e-20,"var":0.000771920138504},"spectral_energyband_high":{"dmean":0.000589978124481,"dmean2":0.000789231911767,"dvar":0.00000283511531052,"dvar2":0.00000542915768165,"max":0.0383462011814,"mean":0.00140475272201,"median":0.000758584123105,"min":7.74184427021e-21,"var":0.00000620752871328},"spectral_energyband_low":{"dmean":0.0156723707914,"dmean2":0.0269359089434,"dvar":0.000610569026321,"dvar2":0.00166665215511,"max":0.303322076797,"mean":0.0212761033326,"median":0.0151156689972,"min":5.35258153846e-23,"var":0.0005244925851},"spectral_energyband_middle_high":{"dmean":0.00206693913788,"dmean2":0.00318847410381,"dvar":0.00000556303257326,"dvar2":0.0000131984879772,"max":0.0517710000277,"mean":0.00641565350816,"median":0.00563090853393,"min":1.3732506794e-21,"var":0.0000181991290447},"spectral_energyband_middle_low":{"dmean":0.00643853377551,"dmean2":0.0101714301854,"dvar":0.0000710000531399,"dvar2":0.000170254032128,"max":0.118732362986,"mean":0.0142563544214,"median":0.0103827361017,"min":2.11410683631e-22,"var":0.000150688341819},"spectral_entropy":{"dmean":0.142728224397,"dmean2":0.208863139153,"dvar":0.0197313278913,"dvar2":0.0421305857599,"max":9.81491661072,"mean":7.64244842529,"median":7.69848489761,"min":5.57659816742,"var":0.109396658838},"spectral_flux":{"dmean":0.0341422259808,"dmean2":0.0538794957101,"dvar":0.0015230262652,"dvar2":0.00311120948754,"max":0.500625371933,"mean":0.128485247493,"median":0.11866465956,"min":1.04413290514e-10,"var":0.00291313487105},"spectral_kurtosis":{"dmean":3.02216792107,"dmean2":4.51457357407,"dvar":22.0482368469,"dvar2":52.252117157,"max":87.435585022,"mean":13.5012407303,"median":11.9478168488,"min":-1.1889756918,"var":53.8734207153},"spectral_rms":{"dmean":0.00130871077999,"dmean2":0.00210992572829,"dvar":0.00000201510215447,"dvar2":0.00000514843668498,"max":0.018204620108,"mean":0.00641337735578,"median":0.00631783250719,"min":3.23896400152e-12,"var":0.00000372825957129},"spectral_rolloff":{"dmean":3215.1496582,"dmean2":5950.77587891,"dvar":34760276,"dvar2":94991536,"max":22050,"mean":4104.55224609,"median":1571.92382812,"min":43.06640625,"var":39167820},"spectral_skewness":{"dmean":0.282755941153,"dmean2":0.400653243065,"dvar":0.118609659374,"dvar2":0.246065825224,"max":7.11814594269,"mean":2.34384632111,"median":2.27919101715,"min":-0.0215750765055,"var":0.555603086948},"spectral_spread":{"dmean":442634.90625,"dmean2":658488.4375,"dvar":619624464384,"dvar2":1311305629700,"max":40894060,"mean":4026307.5,"median":4024640.5,"min":1191187,"var":1151198953470},"spectral_strongpeak":{"dmean":0.529101192951,"dmean2":0.946957051754,"dvar":3.59481596947,"dvar2":10.6208524704,"max":40.2732696533,"mean":0.582843065262,"median":0.281627953053,"min":0,"var":2.13255763054},"zerocrossingrate":{"dmean":0.0288731977344,"dmean2":0.0383050963283,"dvar":0.000642348721158,"dvar2":0.00105658429675,"max":0.6591796875,"mean":0.185811057687,"median":0.181640625,"min":0,"var":0.00350583903491}},"metadata":{"audio_properties":{"analysis_sample_rate":44100,"bit_rate":238860,"codec":"mp3","downmix":"mix","equal_loudness":0,"length":167.94229126,"lossless":false,"md5_encoded":"4ace9709d9f8c119c27d5c553de9eeec","replay_gain":-1.9177532196,"sample_rate":44100},"tags":{"album":["Parklife"],"artist":["Blur"],"date":["1994-04-25"],"file_name":"14 - Blur - Jubilee.mp3","musicbrainz_albumid":["23a46e92-b629-4869-94f6-ff984ea317c5"],"musicbrainz_artistid":["ba853904-ae25-4ebb-89d6-c44cfbd71bd2"],"musicbrainz_recordingid":["7198540f-c215-4f86-aaa1-5f43baa4b41c"],"title":["Jubilee"],"tracknumber":["14/16"]},"version":{"essentia":"2.1-beta1","essentia_build_sha":"ca57ba49d9b1854bd80e60cf9ccf267278fb7d6b","essentia_git_sha":"v2.1_beta1-28-g21ef5f4-dirty","extractor":"music 1.0"}},"rhythm":{"beats_count":365,"beats_loudness":{"dmean":0.0193138532341,"dmean2":0.0339202657342,"dvar":0.000270151707809,"dvar2":0.000831515237223,"max":0.136179223657,"mean":0.0487138256431,"median":0.0475731417537,"min":0.0000203130966838,"var":0.000365740153939},"beats_loudness_band_ratio":{"dmean":[0.205143287778,0.122157618403,0.0966119989753,0.0563253834844,0.0300972890109,0.0789959579706],"dmean2":[0.369440972805,0.212279036641,0.168646529317,0.098640166223,0.05544545874,0.143985509872],"dvar":[0.0199192874134,0.0121309822425,0.0093489466235,0.00267053674906,0.000661038327962,0.00576823344454],"dvar2":[0.0578867159784,0.0324232056737,0.0261724218726,0.00772247323766,0.00209537195042,0.0162894017994],"max":[0.904435455799,0.6130412817,0.471865952015,0.393707990646,0.17756934464,0.67590534687],"mean":[0.470807880163,0.173115551472,0.112291581929,0.0972137004137,0.0476792380214,0.131905019283],"median":[0.448398411274,0.134565442801,0.0776049345732,0.0841338261962,0.0437014400959,0.114228151739],"min":[0.0755157023668,0.000255246239249,0.000481957627926,0.000523545837495,0.000177543479367,0.000866058981046],"var":[0.0317194499075,0.0169790759683,0.00979928858578,0.00372140598483,0.0008219857700