{"lowlevel":{"average_loudness":0.275003969669,"barkbands":{"dmean":[0.0000404702150263,0.00131852354389,0.000596307916567,0.00110735511407,0.00121673755348,0.000589817995206,0.000399330194341,0.000386277679354,0.000357166165486,0.000312760384986,0.000274069781881,0.000374790688511,0.000214038649574,0.000232390739257,0.000265011389274,0.000110161527118,0.00019899365725,0.000139688301715,0.0000810233614175,0.0000972936977632,0.0000680984958308,0.0000662253660266,0.0000616995748715,0.0000737548471079,0.0000700637465343,0.0000506462092744,0.0000221206864808],"dmean2":[0.0000630972426734,0.00215679896064,0.000995957292616,0.00195622770116,0.00197991519235,0.000929823960178,0.000619912520051,0.000601092411671,0.000531584781129,0.000437982438598,0.000401209515985,0.000593920121901,0.000327985762851,0.00035971813486,0.000433725101175,0.000173007429112,0.000327946268953,0.000224341914873,0.000129657113575,0.000146101898281,0.0000992016066448,0.0000929124362301,0.0000827989570098,0.000098073418485,0.0000949663444771,0.0000679394652252,0.0000302447751892],"dvar":[3.23690017012e-8,0.0000293218254228,0.0000043941495278,0.0000326906956616,0.0000119555179481,0.00000217561114368,0.00000150180278524,0.00000181823247658,0.00000168873793882,0.00000128922113163,7.70976669173e-7,8.69409461757e-7,3.65787855117e-7,8.52555217534e-7,7.82137306032e-7,1.40414869065e-7,3.16628529617e-7,2.57479655374e-7,5.38580025022e-8,7.99852628575e-8,5.49346559353e-8,8.03718478437e-8,7.24370394778e-8,9.95389513037e-8,1.06853043746e-7,5.55720447437e-8,1.20275860382e-8],"dvar2":[7.36060030704e-8,0.0000730045430828,0.0000120312506624,0.0000946069558267,0.0000303398082906,0.00000568060659134,0.00000356709256266,0.00000492912477057,0.0000037021143271,0.00000216960870603,0.0000015714285837,0.00000215318482333,7.85348902355e-7,0.0000019962535589,0.00000203710828828,3.3117569842e-7,8.29783459722e-7,7.08207664957e-7,1.35891497166e-7,1.77767446985e-7,1.18269319671e-7,1.66772906596e-7,1.37426965807e-7,1.82157847917e-7,2.1211239698e-7,1.0910356707e-7,2.40496298431e-8],"max":[0.00348429544829,0.116397991776,0.0658263713121,0.158534556627,0.0859615653753,0.0344751589,0.0510427467525,0.0505577810109,0.055153105408,0.0663330554962,0.0397756174207,0.0246099941432,0.0210987441242,0.0276526939124,0.0208653025329,0.0139387389645,0.0220966003835,0.0191952735186,0.00570330675691,0.00882066879421,0.00658239750192,0.0084517840296,0.00647710310295,0.00642857560888,0.0123988073319,0.00522279785946,0.00267772679217],"mean":[0.0000753417989472,0.00273707369342,0.0012015128741,0.00142833718564,0.00238778279163,0.00138450611848,0.000881219748408,0.000681978126522,0.000681364734191,0.000659242912661,0.000539856147952,0.000622804451268,0.000389815919334,0.00036904407898,0.000448431150289,0.000195389278815,0.000354772026185,0.000267360592261,0.000157400339958,0.000191632760107,0.000117649891763,0.000102785270428,0.0000956617222982,0.000109092376078,0.0000983548161457,0.0000679785443936,0.0000272372835752],"median":[0.00000339900384461,0.00114260357805,0.000337304314598,0.000239031127421,0.000886704423465,0.000491344369948,0.00020801849314,0.000118005205877,0.000079440913396,0.0000698289150023,0.0000784110161476,0.0000720946190995,0.0000563331195735,0.0000249497334153,0.0000307597583742,0.0000190293249034,0.0000256394632743,0.0000194752428797,0.0000158152761287,0.0000167481775861,0.0000089883678811,0.00000445312161901,0.00000423402798333,0.00000409092990594,0.00000324569896293,0.00000172310217295,2.17528437929e-7],"min":[1.7502287299e-24,6.39452385266e-24,8.07799798947e-24,2.87849723681e-24,2.22138403081e-23,1.55679380394e-23,7.04725734236e-24,2.88386910348e-23,2.29528609814e-23,4.10833426739e-23,2.11522480999e-23,3.72260242621e-23,3.88029130355e-23,5.16393081723e-23,3.68715164822e-23,7.45026681508e-23,7.22813936139e-23,1.10074621489e-22,2.12478132343e-22,2.11527649616e-22,3.43272078222e-22,4.44197352093e-22,4.53085605684e-22,7.35948154667e-22,1.00634357115e-21,1.38642417689e-21,2.32347158079e-21],"var":[4.84300493042e-8,0.0000332659474225,0.00000609758035353,0.0000261353288806,0.0000192850529857,0.00000616622628513,0.0000055845089264,0.00000313037526212,0.00000451947607871,0.00000528190275872,0.00000209331187762,0.00000192102356777,9.5607390449e-7,0.0000017041229512,0.00000188386400168,3.17827044682e-7,9.70527935351e-7,5.55608608011e-7,1.17668733424e-7,2.04845889584e-7,1.13424825088e-7,1.45477841329e-7,1.40547982141e-7,1.96055992774e-7,1.92140873878e-7,9.8210904298e-8,1.86072242059e-8]},"barkbands_crest":{"dmean":1.85543644428,"dmean2":2.96194529533,"dvar":3.7533788681,"dvar2":9.45228385925,"max":26.7456607819,"mean":10.6338043213,"median":9.6369304657,"min":2.5580573082,"var":21.8584480286},"barkbands_flatness_db":{"dmean":0.0171170756221,"dmean2":0.0249412804842,"dvar":0.000369195564417,"dvar2":0.000713856017683,"max":0.458652287722,"mean":0.163480222225,"median":0.150719106197,"min":0.0208099279553,"var":0.00533820129931},"barkbands_kurtosis":{"dmean":3.3303527832,"dmean2":5.12015533447,"dvar":71.6900482178,"dvar2":132.619033813,"max":480.600372314,"mean":8.55615329742,"median":3.24462366104,"min":-1.95021176338,"var":344.241027832},"barkbands_skewness":{"dmean":0.45432856679,"dmean2":0.691791951656,"dvar":0.333492875099,"dvar2":0.674951434135,"max":21.0890045166,"mean":1.95777320862,"median":1.66317772865,"min":-3.77553725243,"var":2.47509527206},"barkbands_spread":{"dmean":4.30049324036,"dmean2":6.40023612976,"dvar":56.3562660217,"dvar2":117.902069092,"max":113.747360229,"mean":17.861114502,"median":14.6368618011,"min":0.254515945911,"var":217.82182312},"dissonance":{"dmean":0.0214525964111,"dmean2":0.0357591733336,"dvar":0.000423880410381,"dvar2":0.00113765359856,"max":0.5,"mean":0.439157068729,"median":0.450628429651,"min":0.237052544951,"var":0.00190909369849},"dynamic_complexity":8.12800216675,"erbbands":{"dmean":[0.0383359864354,0.305102795362,0.672976493835,2.09356641769,4.48028087616,4.26331567764,4.62444543839,4.60332345963,5.24026727676,6.87446451187,8.71863079071,8.0619430542,8.23092460632,11.7942028046,7.72293663025,16.1171455383,9.70122241974,11.6747665405,10.6777458191,9.61810684204,7.62678813934,8.63525867462,7.87489175797,4.85992765427,4.20244264603,4.00742197037,2.90820527077,2.5122961998,2.33162307739,2.08665847778,1.78572630882,1.58722317219,1.1812953949,0.79924094677,0.498996794224,0.241434678435,0.0890759155154,0.0249202735722,0.00401441846043,0.000167698512087],"dmean2":[0.0612189844251,0.507242560387,1.12495267391,3.65898799896,7.60470104218,6.92874717712,7.62168073654,7.02968168259,7.92180681229,10.8005771637,13.2870817184,12.0389471054,11.4630126953,16.5809879303,11.4103717804,25.761806488,15.0594148636,17.9668960571,16.6820297241,15.6076259613,12.2621335983,13.8730535507,12.8066101074,7.60968875885,6.6734919548,5.92535877228,4.17498445511,3.64012670517,3.29952096939,2.87320375443,2.42211031914,2.14882111549,1.59641945362,1.08988428116,0.693507611752,0.333124548197,0.12140186131,0.0341636836529,0.00549942813814,0.000236020918237],"dvar":[0.0307164732367,1.47605133057,5.07843255997,95.2977676392,370.678924561,110.525009155,122.853393555,163.250549316,318.010955811,472.302276611,720.024597168,1028.6307373,1005.17602539,1578.53149414,747.892028809,1594.65185547,706.760559082,1977.15612793,999.03112793,1144.26037598,489.970703125,607.737976074,921.523864746,240.855667114,126.902267456,142.77671814,93.8261184692,89.2088546753,116.170059204,78.5106811523,59.6485214233,45.5623321533,27.3924274445,13.9416217804,5.60491132736,1.33650004864,0.171260714531,0.0145840877667,0.000390794215491,7.70844167164e-7],"dvar2":[0.0731386318803,3.87574744225,13.5845546722,269.291503906,1040.86437988,281.694824219,341.518554688,419.85748291,698.986022949,1181.20361328,1790.91320801,2321.5168457,1800.50524902,2735.8918457,1696.42651367,4060.0559082,1633.9017334,4792.23144531,2403.32299805,2923.59545898,1235.31274414,1478.58813477,2597.31762695,621.564208984,316.479919434,310.437072754,195.646148682,192.119049072,245.357421875,151.032028198,114.180984497,83.4847335815,51.8480033875,26.5261859894,11.7492427826,2.76709675789,0.333179891109,0.0287449080497,0.000795887899585,0.00000161145817401],"max":[3.38918876648,26.2985801697,58.4259796143,248.602523804,461.846282959,356.087615967,264.932739258,296.901855469,748.543457031,613.500793457,752.354614258,1441.33972168,1577.81872559,2493.97631836,1523.30969238,1005.84985352,906.847595215,1461.93933105,1278.77307129,754.825256348,725.382080078,1504.8092041,1076.06066895,670.553527832,230.065658569,282.799316406,309.073394775,275.031066895,405.113739014,202.828063965,187.183547974,201.499862671,115.835327148,157.092971802,74.0701599121,29.2180690765,10.1619939804,2.92136597633,0.440788447857,0.0187000762671],"mean":[0.0742540210485,0.621130168438,1.47262227535,3.07257437706,7.04534006119,8.04052448273,9.27435779572,11.2239732742,12.0863265991,13.8743610382,16.5209236145,15.9992580414,17.3377609253,25.8180351257,16.9612369537,27.9219169617,19.5792560577,21.1523132324,20.2708454132,16.994846344,14.5472536087,17.2206325531,15.6540050507,10.2141218185,8.67350101471,8.18110656738,5.56304931641,4.14938354492,3.59094119072,3.27649712563,2.80830574036,2.45184612274,1.68580591679,1.14507591724,0.672270357609,0.328494131565,0.117014795542,0.0314806587994,0.00497355079278,0.000212508006371],"median":[0.0215447787195,0.248556911945,0.488931834698,0.679847598076,1.66196012497,3.0594496727,3.54653024673,3.83307385445,3.13080644608,3.89961099625,2.95945525169,2.45624661446,2.27834892273,3.3454709053,3.14291715622,3.45094633102,3.20002746582,2.22179317474,1.78493833542,1.45949649811,1.47071433067,1.25870084763,1.20152068138,0.994948506355,0.811342358589,0.790477633476,0.503162801266,0.277365922928,0.161859691143,0.137443810701,0.124718591571,0.107392936945,0.0544258803129,0.0383197963238,0.0214411765337,0.00945360492915,0.00264232093468,0.000481839699205,0.0000429255451309,0.0000129724448925],"min":[1.79375383058e-22,1.67716725698e-21,1.12342678633e-20,1.80971511455e-20,1.77801874901e-20,7.3211604055e-20,1.70952396145e-19,1.27553344257e-19,2.23288876059e-19,3.33720279569e-19,9.1387761935e-19,5.92913550501e-19,1.04384764931e-18,9.29880875866e-19,1.36858428214e-18,1.54455351578e-18,2.01106404591e-18,2.18258697696e-18,3.00151729008e-18,3.49840819956e-18,4.28017535571e-18,5.11191869653e-18,7.44183046969e-18,8.30267402445e-18,8.20356289781e-18,1.13712675972e-17,1.25805494045e-17,1.57619480789e-17,1.31607620103e-17,1.15772587308e-17,1.48693672584e-17,1.29513107802e-17,1.27350998301e-17,1.03206448217e-17,7.2870897925e-18,4.76823962767e-18,2.58007476505e-18,1.13324302267e-18,2.94063793437e-19,2.9192463975e-20],"var":[0.0348138287663,1.58597552776,7.86170530319,86.6837539673,357.737701416,201.285369873,264.329681396,443.981445312,1128.59094238,1035.63085938,1503.95031738,2671.19824219,3216.76171875,6012.05419922,1851.83679199,3609.44262695,1907.62902832,4412.44775391,3525.62646484,2343.43432617,1272.15600586,2627.3449707,2042.82897949,520.136657715,328.092224121,373.779418945,226.518630981,169.04107666,195.123580933,149.329772949,117.121788025,91.761932373,51.8351135254,26.460062027,9.11745452881,2.22650146484,0.299677938223,0.0238433331251,0.000600471743383,0.00000107764071799]},"erbbands_crest":{"dmean":2.35723972321,"dmean2":3.72098374367,"dvar":5.23900794983,"dvar2":13.3053627014,"max":30.3168773651,"mean":10.3456735611,"median":9.31603908539,"min":2.18061685562,"var":23.2622356415},"erbbands_flatness_db":{"dmean":0.0157712809741,"dmean2":0.0224239286035,"dvar":0.000297941325698,"dvar2":0.000556267041247,"max":0.392844200134,"mean":0.169153988361,"median":0.163855195045,"min":0.0287455935031,"var":0.00325416610576},"erbbands_kurtosis":{"dmean":1.07053411007,"dmean2":1.62981641293,"dvar":3.86663198471,"dvar2":8.46222019196,"max":64.7066421509,"mean":1.63393771648,"median":0.268741846085,"min":-1.8814457655,"var":19.5135574341},"erbbands_skewness":{"dmean":0.320265293121,"dmean2":0.484423011541,"dvar":0.111123546958,"dvar2":0.24448992312,"max":6.45457649231,"mean":0.697021961212,"median":0.552104353905,"min":-3.92154479027,"var":1.01628220081},"erbbands_spread":{"dmean":6.51692581177,"dmean2":9.76781272888,"dvar":83.6281738281,"dvar2":181.63381958,"max":159.946029663,"mean":33.2885856628,"median":30.1284751892,"min":1.67457234859,"var":359.583221436},"gfcc":{"cov":[[30471.0410156,-2237.7355957,-1631.34863281,1616.44458008,-19.9232158661,1180.83654785,550.700561523,820.744018555,214.890350342,554.03314209,-50.4441833496,-18.1635951996,-298.692871094],[-2237.7355957,2203.21264648,-274.041687012,-92.9571762085,373.606323242,-178.58555603,140.747192383,-102.411109924,128.031936646,-127.387489319,124.657958984,-35.1600914001,97.8113861084],[-1631.34863281,-274.041687012,905.9375,-98.77003479,-43.6015167236,50.0682258606,-95.053024292,-50.2852554321,-39.5706214905,31.1108093262,2.68149971962,50.0516815186,3.0536878109],[1616.44458008,-92.9571762085,-98.77003479,444.154144287,85.7363510132,90.5651092529,53.0686531067,82.6814651489,80.3676300049,43.1530532837,16.704990387,12.939248085,17.0046710968],[-19.9232158661,373.606323242,-43.6015167236,85.7363510132,411.498168945,67.4705657959,138.039505005,67.8174133301,115.706558228,11.9675426483,30.7855205536,18.9565219879,23.8937149048],[1180.83654785,-178.58555603,50.0682258606,90.5651092529,67.4705657959,283.885223389,114.087593079,88.1165237427,52.9994010925,68.8310089111,35.2852478027,12.5488920212,-18.9071846008],[550.700561523,140.747192383,-95.053024292,53.0686531067,138.039505005,114.087593079,267.453308105,77.6299972534,68.0980834961,39.726890564,41.2374458313,7.35502195358,2.14499139786],[820.744018555,-102.411109924,-50.2852554321,82.6814651489,67.8174133301,88.1165237427,77.6299972534,186.351013184,75.2559509277,51.9054489136,17.7539234161,9.36988067627,-1.2303224802],[214.890350342,128.031936646,-39.5706214905,80.3676300049,115.706558228,52.9994010925,68.0980834961,75.2559509277,170.951049805,49.9869308472,37.1575431824,22.176071167,19.520198822],[554.03314209,-127.387489319,31.1108093262,43.1530532837,11.9675426483,68.8310089111,39.726890564,51.9054489136,49.9869308472,126.465461731,43.3156967163,18.3649101257,-9.51424121857],[-50.4441833496,124.657958984,2.68149971962,16.704990387,30.7855205536,35.2852478027,41.2374458313,17.7539234161,37.1575431824,43.3156967163,104.673095703,29.4282970428,3.52705311775],[-18.1635951996,-35.1600914001,50.0516815186,12.939248085,18.9565219879,12.5488920212,7.35502195358,9.36988067627,22.176071167,18.3649101257,29.4282970428,96.8412475586,24.9339618683],[-298.692871094,97.8113861084,3.0536878109,17.0046710968,23.8937149048,-18.9071846008,2.14499139786,-1.2303224802,19.520198822,-9.51424121857,3.52705311775,24.9339618683,83.8700866699]],"icov":[[0.0000626027103863,0.0000123134223031,0.000118995230878,-0.000162149546668,0.0000463140677311,-0.000185861834325,2.8000323482e-7,-0.0000939465680858,0.000090172419732,-0.000166868063388,0.000156449605129,-0.0000764800497564,0.000156896567205],[0.0000123134223031,0.00091924762819,0.000164160417626,0.000208024357562,-0.000689265551046,0.000510277110152,-0.000313062104397,0.000606361601967,-0.000587986432947,0.000962589809205,-0.00147627608385,0.000835243670736,-0.000688233296387],[0.000118995230878,0.000164160417626,0.00156210362911,0.0000515802494192,-0.000140890362673,-0.000852885306813,0.000580140505917,0.000249569915468,0.000311654643156,-0.000662073725834,0.000227352255024,-0.000690131506417,0.000049666279665],[-0.000162149546668,0.000208024357562,0.0000515802494192,0.00321251153946,-0.000550141616259,-0.000076938616985,0.000244818918873,-0.00011039232777,-0.000985593884252,0.000322718668031,-0.000568243151065,0.000332421128405,-0.00115071935579],[0.0000463140677311,-0.000689265551046,-0.000140890362673,-0.000550141616259,0.00406564446166,-0.000594102020841,-0.00116342573892,-0.000657565658912,-0.00136807304807,0.000197835121071,0.00113163690548,-0.000820494722575,0.00035055927583],[-0.000185861834325,0.000510277110152,-0.000852885306813,-0.000076938616985,-0.000594102020841,0.00626570358872,-0.0019621970132,-0.000639833975583,-0.000493057479616,-0.000219207169721,-0.00165678921621,0.000679551332723,0.000369723275071],[2.8000323482e-7,-0.000313062104397,0.000580140505917,0.000244818918873,-0.00116342573892,-0.0019621970132,0.00597781455144,-0.00105342792813,0.0000522258851561,-0.000622792111244,-0.000608878850471,-0.0000156910900841,-0.0000364313091268],[-0.0000939465680858,0.000606361601967,0.000249569915468,-0.00011039232777,-0.000657565658912,-0.000639833975583,-0.00105342792813,0.00847196113318,-0.00264346390031,-0.000706609687768,-0.00026159643312,0.000490782957058,-0.00043393910164],[0.000090172419732,-0.000587986432947,0.000311654643156,-0.000985593884252,-0.00136807304807,-0.000493057479616,0.0000522258851561,-0.00264346390031,0.0101193841547,-0.00315340096131,-0.000056672241044,-0.00109998765402,-0.000949711189605],[-0.000166868063388,0.000962589809205,-0.000662073725834,0.000322718668031,0.000197835121071,-0.000219207169721,-0.000622792111244,-0.000706609687768,-0.00315340096131,0.0133199002594,-0.00541276158765,0.000439058145275,0.000483626645291],[0.000156449605129,-0.00147627608385,0.000227352255024,-0.000568243151065,0.00113163690548,-0.00165678921621,-0.000608878850471,-0.00026159643312,-0.000056672241044,-0.00541276158765,0.0154785038903,-0.00461691198871,0.00182243541349],[-0.0000764800497564,0.000835243670736,-0.000690131506417,0.000332421128405,-0.000820494722575,0.000679551332723,-0.0000156910900841,0.000490782957058,-0.00109998765402,0.000439058145275,-0.00461691198871,0.0136733604595,-0.00445919157937],[0.000156896567205,-0.000688233296387,0.000049666279665,-0.00115071935579,0.00035055927583,0.000369723275071,-0.0000364313091268,-0.00043393910164,-0.000949711189605,0.000483626645291,0.00182243541349,-0.00445919157937,0.0150190945715]],"mean":[-104.90524292,104.474960327,-100.324317932,15.4331903458,-52.0433349609,2.93238449097,-39.5113716125,1.7110311985,-29.1265640259,-0.354367822409,-11.8686618805,0.985857188702,-9.80426692963]},"hfc":{"dmean":5.16880226135,"dmean2":6.72974300385,"dvar":252.22644043,"dvar2":417.50012207,"max":349.737243652,"mean":15.1167383194,"median":3.50500750542,"min":1.11841687725e-16,"var":882.800231934},"melbands":{"dmean":[0.000351381633664,0.000358991557732,0.000443820521468,0.00029738721787,0.000159572256962,0.000104702347016,0.0000830169155961,0.0000763566713431,0.0000736747751944,0.0000503473165736,0.0000417580085923,0.0000479231894133,0.0000280098247458,0.0000336329867423,0.0000411521359638,0.0000204168045457,0.0000247192583629,0.000015856428945,0.0000233305709116,0.00000863793775352,0.0000108221320261,0.0000116288028948,0.00000652441303828,0.00000724187384549,0.00000412250392401,0.0000029911107049,0.00000388856415157,0.00000262922912952,0.00000197095391741,0.00000185649776085,0.00000150405969634,0.00000140837994422,0.00000128589363158,0.00000114217402825,0.00000106629022412,9.96419203148e-7,0.00000101023658772,8.36397077819e-7,8.18051887563e-7,6.53861377486e-7],"dmean2":[0.000569342460949,0.000600324827246,0.000772316940129,0.000485085649416,0.000262934685452,0.000160828189109,0.00012685888214,0.000119843622088,0.000111491768621,0.0000750998224248,0.0000576802958676,0.0000670858717058,0.0000410653374274,0.0000521371985087,0.0000665776969981,0.0000312228075927,0.0000382223443012,0.0000243479971687,0.0000383828664781,0.0000135127984322,0.0000177904166776,0.0000191003473446,0.0000105024300865,0.0000116473765956,0.00000654434097669,0.00000479875598103,0.00000616102806816,0.00000388375519833,0.00000286065187538,0.00000279747450804,0.00000224770406021,0.00000207443758882,0.00000185165856692,0.0000015804554323,0.00000149528352722,0.00000136037499487,0.00000142090436839,0.00000115289560654,0.00000116494777558,9.00131396975e-7],"dvar":[0.00000230799537349,0.00000152535812958,0.00000452920630778,8.59640579165e-7,1.29722948827e-7,8.34692741591e-8,7.1206422092e-8,6.51756266734e-8,5.17613187867e-8,4.11604297312e-8,2.6022128452e-8,2.67365294349e-8,1.09470663645e-8,6.76548461698e-9,1.5903284023e-8,3.40305317259e-9,1.00835917394e-8,2.75616440781e-9,8.33481106355e-9,9.1389262824e-10,1.06082154172e-9,1.25401844464e-9,4.71442218597e-10,8.26850310442e-10,1.79384798682e-10,7.69133368106e-11,1.43476105996e-10,6.7948924265e-11,4.69086852695e-11,4.21601156764e-11,3.67884368802e-11,4.85842650833e-11,2.99182761898e-11,2.72995150791e-11,2.31562373443e-11,1.78761051101e-11,1.89590530775e-11,1.41586594879e-11,1.41719301225e-11,1.00867699609e-11],"dvar2":[0.00000559116597287,0.00000404233605877,0.0000129276040752,0.00000224741643251,3.50525539261e-7,2.1167878117e-7,1.61752211625e-7,1.71864641629e-7,1.23250686102e-7,9.38411233165e-8,4.53358310892e-8,4.57115199026e-8,2.26274678994e-8,1.58594826161e-8,4.12520719806e-8,7.68782193461e-9,2.44578881592e-8,5.88347637276e-9,2.18664535367e-8,2.2155175472e-9,2.80282774767e-9,3.09369818652e-9,1.28321120396e-9,2.25889507099e-9,4.67093197454e-10,1.95056484853e-10,3.64360208671e-10,1.4924195213e-10,1.0113657134e-10,9.44401779002e-11,8.32467289547e-11,1.08349725025e-10,6.33881350187e-11,5.47539895368e-11,4.7218489535e-11,3.37672736994e-11,3.63634990175e-11,2.73300184567e-11,2.90818705923e-11,1.9652734301e-11],"max":[0.0303967893124,0.0243857465684,0.0569968558848,0.0232603754848,0.00767379719764,0.00795046333224,0.0105506880209,0.00830770097673,0.00531395711005,0.00797984562814,0.00765753770247,0.0110402870923,0.00639445660636,0.00215686461888,0.00340598612092,0.00168443785515,0.00334643549286,0.00244640395977,0.00222654012032,0.0010185232386,0.000803643604741,0.00202872417867,0.000641367747448,0.00140671816189,0.000556642655283,0.000221497190068,0.000245956704021,0.000208937504794,0.000273748970358,0.000222411370487,0.00017232701066,0.000319515325828,0.000179308073712,0.000146385413245,0.000122803772683,0.000147519167513,0.000111826804641,0.0000794688312453,0.00010015105363,0.000164939279784],"mean":[0.000711261411197,0.000805252289865,0.00067593442509,0.000546725350432,0.000330243026838,0.000254390353803,0.000190644306713,0.000148665523739,0.000137706927489,0.0000972083435045,0.0000841309520183,0.000102568308648,0.0000580650412303,0.0000603171320108,0.0000679425065755,0.0000374786541215,0.0000398727897846,0.0000280854310404,0.0000363395229215,0.0000150264204422,0.0000182271433005,0.0000209269837796,0.0000122646742966,0.0000135555164889,0.00000774267937231,0.00000550984850634,0.00000724730898582,0.00000497176597491,0.00000351193239112,0.00000309483607452,0.00000220221841118,0.00000201650709641,0.00000199205828721,0.00000170017779055,0.00000160325760135,0.00000154956637743,0.00000149209597566,0.00000115764578368,0.0000011249153431,9.07783544335e-7],"median":[0.000275467173196,0.000312639254844,0.000161166390171,0.00018488446949,0.000140277901664,0.0000870301591931,0.0000484341762785,0.0000385344283131,0.0000197204099095,0.0000132943423523,0.00000901570911083,0.0000120164149848,0.00000909943446459,0.00000904062835616,0.00000670146982884,0.00000582514576308,0.00000286822250928,0.00000232537831835,0.00000218208083425,0.00000152994505243,0.0000014673764781,0.00000128577175929,9.57595602813e-7,9.41870894167e-7,7.14173268079e-7,5.23566086486e-7,5.00944736359e-7,4.83673488816e-7,3.19555397255e-7,1.94170439727e-7,1.2885725198e-7,7.76902169264e-8,7.51909112751e-8,6.12043749015e-8,6.20394331463e-8,6.82407517161e-8,5.73375444901e-8,3.32886642695e-8,3.21208304399e-8,2.9365924803e-8],"min":[2.23100079745e-24,4.29903634252e-24,3.4549741066e-24,3.35289747761e-24,5.56265385646e-24,3.20531422402e-24,3.11816797096e-24,3.68073110931e-24,7.61511570954e-24,3.52576569537e-24,4.87235520489e-24,3.56040733873e-24,3.27029723273e-24,3.92747220654e-24,3.48972619048e-24,4.31031310916e-24,3.78771326984e-24,5.0460012395e-24,2.90633436322e-24,5.74683355073e-24,4.24183998259e-24,4.44354461631e-24,5.79382836144e-24,7.20383361027e-24,5.68462279646e-24,4.7380520302e-24,6.58361538936e-24,7.18288698665e-24,7.82957780181e-24,6.67495286041e-24,8.16210555033e-24,7.05605077487e-24,8.49426884511e-24,5.15602248666e-24,7.18425960463e-24,6.79311317996e-24,7.49271210718e-24,8.89290234862e-24,8.01312443521e-24,7.34204204086e-24],"var":[0.00000260331694335,0.00000214532587961,0.00000393092705053,0.00000120708091345,2.83125615397e-7,2.27997418278e-7,2.62454960875e-7,1.24010966829e-7,1.15763171493e-7,1.05767220759e-7,8.39439877609e-8,1.07869574606e-7,2.54933443244e-8,1.67867089118e-8,3.38066001859e-8,9.10829811573e-9,2.04890220346e-8,9.03905483796e-9,1.59388040544e-8,1.85123028018e-9,2.2491346563e-9,4.52140413998e-9,1.06656183885e-9,1.70513692055e-9,3.43210154741e-10,1.59766117003e-10,3.0571628562e-10,1.63182162227e-10,1.0101367659e-10,8.44888256579e-11,6.04717942387e-11,7.18569370672e-11,5.30691671163e-11,4.64799344846e-11,4.0718779043e-11,3.7332165137e-11,3.51158060963e-11,2.5615154095e-11,2.44538920363e-11,1.8224142681e-11]},"melbands_crest":{"dmean":2.27003264427,"dmean2":3.62366199493,"dvar":5.77736520767,"dvar2":14.2226572037,"max":39.8118858337,"mean":13.9057922363,"median":12.9785032272,"min":1.75469470024,"var":28.3981285095},"melbands_flatness_db":{"dmean":0.0200090650469,"dmean2":0.0287992879748,"dvar":0.000543889706023,"dvar2":0.00105406774674,"max":0.550142467022,"mean":0.242348253727,"median":0.228959798813,"min":0.00377478613518,"var":0.00788741931319},"melbands_kurtosis":{"dmean":5.77450227737,"dmean2":8.9283914566,"dvar":124.543121338,"dvar2":268.20022583,"max":385.581939697,"mean":15.5075492859,"median":8.67366695404,"min":-1.895373106,"var":524.61706543},"melbands_skewness":{"dmean":0.54899674654,"dmean2":0.83839982748,"dvar":0.454216510057,"dvar2":0.985881507397,"max":18.1654815674,"mean":2.67363572121,"median":2.39303946495,"min":-0.851712048054,"var":2.68627119064},"melbands_spread":{"dmean":4.59003782272,"dmean2":7.10419988632,"dvar":76.0184707642,"dvar2":156.488616943,"max":277.609313965,"mean":18.1223468781,"median":13.8595161438,"min":0.444571852684,"var":271.702636719},"mfcc":{"cov":[[23024.3105469,-923.080566406,-2087.20678711,719.595031738,133.499099731,580.591308594,605.20904541,685.989318848,516.974365234,756.361755371,523.283813477,523.28112793,198.868988037],[-923.080566406,1592.89404297,-143.354064941,109.061584473,104.578697205,49.7671394348,87.1584777832,55.509223938,35.358127594,-14.5386037827,36.7054443359,50.5159416199,45.7670478821],[-2087.20678711,-143.354064941,781.761108398,-119.501930237,21.2598495483,-15.8740234375,-69.6099319458,-97.8718795776,-78.0431060791,-94.7425918579,-74.2619628906,-41.891456604,0.0598850660026],[719.595031738,109.061584473,-119.501930237,298.324554443,93.6455841064,24.0527553558,3.97684550285,34.1165924072,68.7545547485,-4.62134838104,26.7148475647,63.288974762,33.8067054749],[133.499099731,104.578697205,21.2598495483,93.6455841064,245.025863647,52.8104743958,0.193849042058,44.2857704163,70.0314788818,-0.401509851217,22.1785125732,60.666053772,43.4266052246],[580.591308594,49.7671394348,-15.8740234375,24.0527553558,52.8104743958,192.207092285,73.8397750854,53.8636398315,45.9905395508,27.8655548096,55.7292289734,31.2011127472,27.2024803162],[605.20904541,87.1584777832,-69.6099319458,3.97684550285,0.193849042058,73.8397750854,178.566299438,67.8164215088,32.7098884583,56.8308563232,39.9978065491,34.8020057678,16.9765968323],[685.989318848,55.509223938,-97.8718795776,34.1165924072,44.2857704163,53.8636398315,67.8164215088,155.012054443,78.9150238037,42.8461799622,44.996219635,46.0543060303,45.3111419678],[516.974365234,35.358127594,-78.0431060791,68.7545547485,70.0314788818,45.9905395508,32.7098884583,78.9150238037,156.340316772,48.135509491,41.6544799805,44.2701530457,26.1076793671],[756.361755371,-14.5386037827,-94.7425918579,-4.62134838104,-0.401509851217,27.8655548096,56.8308563232,42.8461799622,48.135509491,165.734603882,50.2947845459,22.6663761139,-6.96471071243],[523.283813477,36.7054443359,-74.2619628906,26.7148475647,22.1785125732,55.7292289734,39.9978065491,44.996219635,41.6544799805,50.2947845459,123.092346191,65.7652053833,28.9290485382],[523.28112793,50.5159416199,-41.891456604,63.288974762,60.666053772,31.2011127472,34.8020057678,46.0543060303,44.2701530457,22.6663761139,65.7652053833,165.231445312,72.4926223755],[198.868988037,45.7670478821,0.0598850660026,33.8067054749,43.4266052246,27.2024803162,16.9765968323,45.3111419678,26.1076793671,-6.96471071243,28.9290485382,72.4926223755,119.711357117]],"icov":[[0.0000834690727061,0.0000846532420837,0.000167527337908,-0.00013690374908,0.0000251318542723,-0.000155924470164,-0.0000687381179887,-0.000125811900944,0.0000538288040843,-0.000203198505915,0.0000124421212604,-0.000114390306408,-0.00000606286903349],[0.0000846532420837,0.000773606356233,0.00028462766204,-0.000268769770628,-0.000257010688074,-0.000114183254482,-0.000453395419754,-0.000113658825285,0.000154463530635,0.0000215474465222,-0.0000822821020847,-0.0000458011927549,-0.000118945572467],[0.000167527337908,0.00028462766204,0.001998485066,0.000429292034823,-0.000505249947309,-0.000628792331554,-0.0000213049461308,0.00054786412511,0.000273205456324,0.000146304417285,0.000583514512982,-0.000259452062892,-0.00042249794933],[-0.00013690374908,-0.000268769770628,0.000429292034823,0.00475823227316,-0.00121420202777,0.000215968757402,0.000348953792127,0.000702143355738,-0.00144258723594,0.00112906692084,0.00013972519082,-0.000853603240103,-0.0000741807889426],[0.0000251318542723,-0.000257010688074,-0.000505249947309,-0.00121420202777,0.00587240420282,-0.0012846699683,0.00107445474714,-0.000634617637843,-0.0016527059488,0.00000366985500477,0.000667864049319,-0.00128722912632,-0.000372118229279],[-0.000155924470164,-0.000114183254482,-0.000628792331554,0.000215968757402,-0.0012846699683,0.00771051971242,-0.00247422675602,-0.000232846738072,-0.000718115654308,0.000802633585408,-0.00275423726998,0.00129516911693,-0.000520463392604],[-0.0000687381179887,-0.000453395419754,-0.0000213049461308,0.000348953792127,0.00107445474714,-0.00247422675602,0.00854494143277,-0.00255152233876,0.000558118917979,-0.00169639545493,0.000390903529478,-0.00106704421341,0.000446712627308],[-0.000125811900944,-0.000113658825285,0.00054786412511,0.000702143355738,-0.000634617637843,-0.000232846738072,-0.00255152233876,0.0115695074201,-0.00402455730364,-0.0000118779671539,-0.000655424431898,0.000536529521924,-0.00296973227523],[0.0000538288040843,0.000154463530635,0.000273205456324,-0.00144258723594,-0.0016527059488,-0.000718115654308,0.000558118917979,-0.00402455730364,0.0106241768226,-0.0020000571385,-0.000555490143597,-0.000372292764951,0.000391964975279],[-0.000203198505915,0.0000215474465222,0.000146304417285,0.00112906692084,0.00000366985500477,0.000802633585408,-0.00169639545493,-0.0000118779671539,-0.0020000571385,0.00892107002437,-0.00247616041452,0.0000460447081423,0.00159745698329],[0.0000124421212604,-0.0000822821020847,0.000583514512982,0.00013972519082,0.000667864049319,-0.00275423726998,0.000390903529478,-0.000655424431898,-0.000555490143597,-0.00247616041452,0.0131479185075,-0.00425601517782,-0.0000756533700041],[-0.000114390306408,-0.0000458011927549,-0.000259452062892,-0.000853603240103,-0.00128722912632,0.00129516911693,-0.00106704421341,0.000536529521924,-0.000372292764951,0.0000460447081423,-0.00425601517782,0.0109520107508,-0.00495013175532],[-0.00000606286903349,-0.000118945572467,-0.00042249794933,-0.0000741807889426,-0.000372118229279,-0.000520463392604,0.000446712627308,-0.00296973227523,0.000391964975279,0.00159745698329,-0.0000756533700041,-0.00495013175532,0.0127674415708]],"mean":[-748.29107666,137.256378174,10.3136081696,17.2619590759,4.67918205261,-0.232518702745,0.869051396847,-2.71654248238,-8.20152664185,-4.65882205963,-7.16243934631,0.0159775894135,-1.03934466839]},"pitch_salience":{"dmean":0.0528321899474,"dmean2":0.0851775035262,"dvar":0.00258785183541,"dvar2":0.00652059121057,"max":0.965678989887,"mean":0.535709142685,"median":0.543474316597,"min":0.0126479873434,"var":0.0124295176938},"silence_rate_20dB":{"dmean":0,"dmean2":0,"dvar":0,"dvar2":0,"max":1,"mean":1,"median":1,"min":1,"var":0},"silence_rate_30dB":{"dmean":0.0106874937192,"dmean2":0.021377183497,"dvar":0.0105734048411,"dvar2":0.0260594170541,"max":1,"mean":0.990957677364,"median":1,"min":0,"var":0.00896100699902},"silence_rate_60dB":{"dmean":0.0191141720861,"dmean2":0.0382322706282,"dvar":0.0187495816499,"dvar2":0.0431451387703,"max":1,"mean":0.366933822632,"median":0,"min":0,"var":0.232299074531},"spectral_centroid":{"dmean":168.996520996,"dmean2":255.25239563,"dvar":70624.125,"dvar2":135799.796875,"max":11355.5371094,"mean":1004.88421631,"median":860.129089355,"min":161.080337524,"var":457723.9375},"spectral_complexity":{"dmean":1.86291229725,"dmean2":2.81603288651,"dvar":7.82897615433,"dvar2":14.162566185,"max":60,"mean":12.5948419571,"median":9,"min":0,"var":130.320495605},"spectral_contrast_coeffs":{"dmean":[0.0396094359457,0.0356978811324,0.0321635380387,0.0274809617549,0.0214880146086,0.0169998239726],"dmean2":[0.0645865723491,0.0580658689141,0.0506606474519,0.0443691313267,0.0340806990862,0.0260733831674],"dvar":[0.00122405961156,0.00100246747024,0.00076814671047,0.000551662466023,0.000401221244829,0.000305418041535],"dvar2":[0.0031179448124,0.00255361059681,0.001839025761,0.00136299000587,0.000916589691769,0.00069190794602],"max":[-0.274317443371,-0.399396836758,-0.437762409449,-0.532683134079,-0.55060762167,-0.579269587994],"mean":[-0.641082108021,-0.698054492474,-0.744428098202,-0.758563160896,-0.779707074165,-0.795358181],"median":[-0.645391225815,-0.699839353561,-0.751468598843,-0.762856006622,-0.782206654549,-0.797131419182],"min":[-0.975729286671,-0.977698087692,-0.96962749958,-0.970555186272,-0.965505838394,-0.976628005505],"var":[0.00842545088381,0.00522575480863,0.00457507465035,0.0034787056502,0.00325053441338,0.00299581489526]},"spectral_contrast_valleys":{"dmean":[0.338555216789,0.288808137178,0.279188454151,0.252170801163,0.245662420988,0.289169609547],"dmean2":[0.557439982891,0.463339865208,0.441035509109,0.397627830505,0.357043623924,0.370258301497],"dvar":[0.11255890131,0.0781710743904,0.0813480988145,0.0766006782651,0.0946075245738,0.159262478352],"dvar2":[0.255984693766,0.169337749481,0.163436844945,0.150326982141,0.1650583148,0.255347967148],"max":[-5.08947944641,-4.59227180481,-5.07248544693,-5.93713903427,-5.4631023407,-7.22206497192],"mean":[-8.18086338043,-7.79302072525,-8.58166503906,-9.11567783356,-9.09198665619,-11.448551178],"median":[-7.44098949432,-7.40941381454,-8.18467617035,-8.79240512848,-8.69319534302,-11.1594219208],"min":[-27.7937202454,-27.7659511566,-27.5711956024,-27.6220798492,-27.3254947662,-27.2714862823],"var":[3.82590866089,3.0183801651,3.28001880646,3.46490955353,3.7654094696,3.51074290276]},"spectral_decrease":{"dmean":1.14655163141e-9,"dmean2":1.77510395272e-9,"dvar":1.04205401155e-17,"dvar2":2.52746045326e-17,"max":1.07683100607e-28,"mean":-3.94849175578e-9,"median":-1.94910176887e-9,"min":-7.58244809163e-8,"var":2.92755630046e-17},"spectral_energy":{"dmean":0.00464762374759,"dmean2":0.00702483206987,"dvar":0.000164605473401,"dvar2":0.00038245174801,"max":0.299185395241,"mean":0.0162736717612,"median":0.0077065192163,"min":1.04114840711e-20,"var":0.000511087826453},"spectral_energyband_high":{"dmean":0.000391442154068,"dmean2":0.000488275458338,"dvar":0.0000022637091206,"dvar2":0.00000375391118723,"max":0.0307403672487,"mean":0.000700492004398,"median":0.0000544144786545,"min":7.61144296249e-21,"var":0.00000544533304492},"spectral_energyband_low":{"dmean":0.00203285855241,"dmean2":0.00331246387213,"dvar":0.0000495378881169,"dvar2":0.000120712895296,"max":0.130313441157,"mean":0.00460445135832,"median":0.00191992660984,"min":2.43753712533e-23,"var":0.0000714001071174},"spectral_energyband_middle_high":{"dmean":0.00113749457523,"dmean2":0.00168418965768,"dvar":0.00000599973145654,"dvar2":0.0000125412279885,"max":0.0731020048261,"mean":0.00399315077811,"median":0.000779000169132,"min":1.19414658876e-21,"var":0.0000459054535895},"spectral_energyband_middle_low":{"dmean":0.0028621237725,"dmean2":0.00461524073035,"dvar":0.0000843138332129,"dvar2":0.000226691059652,"max":0.234388619661,"mean":0.00768449297175,"median":0.00361093925312,"min":2.35337402867e-22,"var":0.00014698477753},"spectral_entropy":{"dmean":0.160955131054,"dmean2":0.233186811209,"dvar":0.039556786418,"dvar2":0.0750712826848,"max":9.80947589874,"mean":7.11363458633,"median":7.24321317673,"min":4.42142724991,"var":0.497105836868},"spectral_flux":{"dmean":0.0127882463858,"dmean2":0.0196705050766,"dvar":0.00050730566727,"dvar2":0.00109456572682,"max":0.398717939854,"mean":0.0470374189317,"median":0.0300665516406,"min":6.53133658268e-11,"var":0.00246835872531},"spectral_kurtosis":{"dmean":2.55628585815,"dmean2":4.12274599075,"dvar":17.372636795,"dvar2":44.2875061035,"max":114.384895325,"mean":8.85538482666,"median":5.6660323143,"min":-1.39702856541,"var":105.441673279},"spectral_rms":{"dmean":0.000406936160289,"dmean2":0.000593699398451,"dvar":5.64851575291e-7,"dvar2":0.00000119914807328,"max":0.017084736377,"mean":0.00315177557059,"median":0.0027419985272,"min":3.18709056542e-12,"var":0.0000059430312831},"spectral_rolloff":{"dmean":408.119812012,"dmean2":681.315795898,"dvar":1329456.125,"dvar2":2941982.75,"max":19056.8847656,"mean":1211.49780273,"median":775.1953125,"min":21.533203125,"var":2666911.5},"spectral_skewness":{"dmean":0.26808822155,"dmean2":0.416332900524,"dvar":0.10422732681,"dvar2":0.240919291973,"max":8.98845005035,"mean":2.13199448586,"median":1.87597846985,"min":-0.0309178512543,"var":1.015224576},"spectral_spread":{"dmean":578830.5625,"dmean2":806547.0625,"dvar":1001826746370,"dvar2":1737468149760,"max":41235148,"mean":4512527.5,"median":4119747,"min":760557.8125,"var":5619057688580},"spectral_strongpeak":{"dmean":0.335797607899,"dmean2":0.576155543327,"dvar":0.664195477962,"dvar2":1.77914309502,"max":13.3350200653,"mean":0.60219681263,"median":0.230142235756,"min":0,"var":1.15513730049},"zerocrossingrate":{"dmean":0.00940128322691,"dmean2":0.0106187369674,"dvar":0.000276613951428,"dvar2":0.00029297391302,"max":0.5205078125,"mean":0.0504732914269,"median":0.041015625,"min":0,"var":0.00180369231384}},"metadata":{"audio_properties":{"analysis_sample_rate":44100,"bit_rate":233243,"codec":"mp3","downmix":"mix","equal_loudness":0,"length":225.933059692,"lossless":false,"md5_encoded":"0af96f4afda0ec05030f2fc64423fd77","replay_gain":-9.13629150391,"sample_rate":44100},"tags":{"acoustid_id":["e1ab8cd2-f6c0-4f41-ad38-d885fc31b056"],"album":["Pool It!"],"albumartist":["The Monkees"],"albumartistsort":["Monkees, The"],"artist":["The Monkees"],"artistsort":["Monkees, The"],"asin":["B0000033MT"],"bpm":["0"],"catalognumber":["RNCD 70706"],"date":["1987-08-01"],"discnumber":["1/1"],"file_name":"12. The Monkees - Counting on You.mp3","genre":["Pop"],"label":["Rhino"],"language":["eng"],"media":["CD"],"musicbrainz album release country":["US"],"musicbrainz album status":["Official"],"musicbrainz album type":["album"],"musicbrainz_albumartistid":["b8549efe-f4fd-4dc0-8ef1-226e9c400233"],"musicbrainz_albumid":["97a19ad8-4a41-4b3a-b508-c01fb63178c9"],"musicbrainz_artistid":["b8549efe-f4fd-4dc0-8ef1-226e9c400233"],"musicbrainz_recordingid":["71a3582d-0fa3-4ae2-a885-ec6ec9669262"],"musicbrainz_releasegroupid":["40c50b44-e413-3dcf-aaab-0fd2b4e7e67f"],"originaldate":["1987-08-01"],"script":["Latn"],"title":["Counting on You"],"tracknumber":["12/12"]},"version":{"essentia":"2.1-beta2","essentia_build_sha":"05ddcf096b9560a4bec586e3e2c3f09258f97377","essentia_git_sha":"v2.1_beta2","extractor":"music 1.0"}},"rhythm":{"beats_count":458,"beats_loudness":{"dmean":0.0222777444869,"dmean2":0.0428598709404,"dvar":0.000799995556008,"dvar2":0.00286830100231,"max":0.192140653729,"mean":0.0272810049355,"median":0.0126342456788,"min":4.27628865651e-9,"var":0.0012073663529},"beats_loudness_band_ratio":{"dmean":[0.195071831346,0.161715179682,0.118157431483,0.0873225182295,0.0452034249902,0.0833099856