{"lowlevel":{"average_loudness":0.949343979359,"barkbands":{"dmean":[0.0066758506,0.0222684144974,0.00461662467569,0.00245508062653,0.00208457373083,0.000826103030704,0.000514651124831,0.000529587385245,0.000815576408058,0.0014286278747,0.000705973594449,0.00052910647355,0.000318343372783,0.00023469000007,0.000245611387072,0.00022877122683,0.000149482148117,0.000208564015338,0.000222424219828,0.000186749806744,0.000126052327687,0.0000805703311926,0.0000451124142273,0.0000104907976493,0.0000032172288229,0.0000232487345784,0.000296639482258],"dmean2":[0.0111315324903,0.0374110117555,0.00779151590541,0.00404665572569,0.00335273332894,0.0013679243857,0.000857735984027,0.000880922423676,0.0012955579441,0.00233014812693,0.00117368565407,0.000874508288689,0.000518747372553,0.000383467995562,0.000390546832932,0.000366811727872,0.000239405024331,0.000309432507493,0.000324173190165,0.000275550730294,0.000181997893378,0.000117703057185,0.0000646942498861,0.0000162669384736,0.00000538683116247,0.00003409686542,0.000416209193645],"dvar":[0.000167488979059,0.00127530423924,0.0000370193447452,0.0000213470029848,0.00000955542873271,0.00000344507770933,6.62482705138e-7,7.49009473111e-7,0.00000215054501496,0.00000544247131984,0.00000124167877402,8.77827289969e-7,2.83668811107e-7,1.7592050483e-7,4.24164056767e-7,4.33528640542e-7,7.42333128301e-8,3.90255053162e-7,4.75137966305e-7,2.30788302247e-7,8.87832527496e-8,3.25747642194e-8,1.06148529966e-8,4.01656236049e-10,3.30630661738e-11,1.84175596996e-9,2.43584509008e-7],"dvar2":[0.000415068294387,0.00336733623408,0.000104151724372,0.0000574755067646,0.0000239574965235,0.00000877179445524,0.00000175252171175,0.00000203823151423,0.00000518490423929,0.0000142992121255,0.00000313810369335,0.00000223333677241,6.91094101057e-7,4.21782601734e-7,0.00000107250900783,0.00000103991533251,1.7325528745e-7,8.0486324805e-7,8.45960244078e-7,5.16376871929e-7,1.71092011669e-7,6.55447891518e-8,2.04338608256e-8,8.79261385922e-10,8.07274316839e-11,3.893908751e-9,5.05349134983e-7],"max":[0.179813966155,0.428056180477,0.0834875330329,0.0760786235332,0.0483043268323,0.0332522988319,0.0164988581091,0.0205801576376,0.0400723367929,0.0388501398265,0.020570712164,0.0272319596261,0.0176416151226,0.017922623083,0.0351560488343,0.0253568142653,0.0104305418208,0.0194564890116,0.023637406528,0.0169100891799,0.00761377392337,0.00426138704643,0.00516127003357,0.000615598983131,0.0000949600507738,0.00131914229132,0.00837961398065],"mean":[0.0106169115752,0.0312734507024,0.00644219852984,0.00354518112727,0.0037064133212,0.0011218842119,0.000780813337769,0.000805988092907,0.0014129873598,0.00264975940809,0.00135514396243,0.000931968912482,0.000564519839827,0.000406660605222,0.00044901878573,0.000348461762769,0.000260215601884,0.000370632857084,0.000369134737412,0.000286685128231,0.000196210268768,0.000118193347589,0.0000612341682427,0.0000115141710921,0.00000310166456075,0.0000289905947284,0.000495156738907],"median":[0.00685466360301,0.0209270976484,0.00446357531473,0.00197481014766,0.00210090260953,0.000515908410307,0.000441446958575,0.000479478912894,0.000744651770219,0.00122580246534,0.000603992375545,0.000478386995383,0.000337614415912,0.000244989118073,0.000256111845374,0.000179540147656,0.00015930092195,0.000150863314047,0.000138946692459,0.000112168228952,0.0000746353034629,0.0000424765530624,0.000017069891328,0.00000297954329653,0.00000102520482415,0.00000802326758276,0.000264613685431],"min":[4.74787431592e-10,8.531271245e-10,7.2955930186e-10,8.40931768664e-10,2.1601489486e-9,1.94335258996e-9,2.86529400206e-9,2.7033419947e-9,3.06040459641e-9,1.17685072798e-9,1.5378044671e-10,3.21246695911e-10,6.2826181757e-11,4.13426723411e-11,6.25801077625e-11,2.42447017323e-11,1.77347511676e-11,1.82047380642e-11,1.49168368629e-11,1.02531186666e-11,9.19803209293e-12,7.45879313174e-12,6.23737953648e-12,5.81049054357e-12,5.53915507212e-12,5.47145575375e-12,8.0258751034e-12],"var":[0.000203355404665,0.00132058258168,0.0000472614374303,0.0000252968129644,0.0000226152624236,0.00000394806693294,0.00000114281749575,0.00000122142557757,0.00000486145700052,0.0000134540850922,0.00000424092331741,0.00000204489651878,5.75046328777e-7,3.22674850395e-7,5.37173605153e-7,5.1131348755e-7,1.24793800182e-7,8.84473706719e-7,0.00000135906327614,5.0789293482e-7,2.00998542255e-7,6.96277027146e-8,2.37216841725e-8,5.9664478913e-10,3.6387403507e-11,2.89656831853e-9,3.97755172798e-7]},"barkbands_crest":{"dmean":3.24989891052,"dmean2":5.32832765579,"dvar":7.97213792801,"dvar2":20.7204647064,"max":26.8989295959,"mean":12.1297941208,"median":11.606962204,"min":2.77885055542,"var":20.0491847992},"barkbands_flatness_db":{"dmean":0.0311657004058,"dmean2":0.0491038113832,"dvar":0.000725943653379,"dvar2":0.0017251514364,"max":0.542942941189,"mean":0.167943283916,"median":0.158555209637,"min":0.0305936317891,"var":0.00414731772617},"barkbands_kurtosis":{"dmean":7.8002820015,"dmean2":12.7248458862,"dvar":607.802307129,"dvar2":1319.59191895,"max":1510.83349609,"mean":13.700422287,"median":6.40988588333,"min":-1.75779950619,"var":1408.10876465},"barkbands_skewness":{"dmean":0.835900247097,"dmean2":1.34129178524,"dvar":0.758327782154,"dvar2":1.90994763374,"max":12.6552801132,"mean":2.35411715508,"median":2.24683237076,"min":-12.7714633942,"var":3.29868936539},"barkbands_spread":{"dmean":6.13398265839,"dmean2":9.72254657745,"dvar":53.6383285522,"dvar2":125.141311646,"max":95.3616485596,"mean":18.2180404663,"median":16.2587928772,"min":0.0556302182376,"var":139.449935913},"dissonance":{"dmean":0.0225235782564,"dmean2":0.0385741181672,"dvar":0.000982703757472,"dvar2":0.0027129908558,"max":0.500000119209,"mean":0.468726426363,"median":0.48079252243,"min":0.0700949504972,"var":0.00157298531849},"dynamic_complexity":1.82661068439,"erbbands":{"dmean":[0.88269084692,4.44207382202,6.02250146866,6.64415740967,8.24709224701,5.8746342659,7.18205165863,6.59319067001,6.70241260529,9.00047206879,13.6480894089,19.4627799988,18.9418239594,56.9020690918,19.7680110931,18.4992198944,14.9511194229,11.585858345,12.9269781113,11.7909269333,11.723446846,7.78266954422,10.7778701782,11.4063901901,10.6692972183,9.30038642883,6.14554357529,4.34480953217,2.96989607811,2.05619907379,1.12028694153,0.444864183664,0.0905254557729,0.0388373658061,0.0218612924218,0.0169698782265,0.0493980161846,0.0665625408292,0.0437403395772,0.00536965532228],"dmean2":[1.49386334419,7.44126844406,10.3121976852,10.7036828995,13.5498514175,9.53163337708,11.9109659195,10.9304409027,11.1555538177,15.0227460861,22.2740421295,30.9801216125,30.2869682312,92.4891052246,32.69896698,30.3131446838,24.2045116425,18.9262905121,20.4258594513,18.613527298,18.786605835,12.2770738602,15.8835086823,16.9135570526,15.4186239243,13.6306943893,8.96560668945,6.35545825958,4.32751846313,2.93524384499,1.62150335312,0.669000029564,0.144814550877,0.0640179440379,0.0367396064103,0.0270261000842,0.07238034904,0.0949545055628,0.0626884996891,0.00763054331765],"dvar":[2.14263272285,54.1555633545,70.38697052,114.995254517,202.323257446,71.2666473389,221.61605835,228.062484741,126.249938965,232.393814087,531.48260498,1397.13513184,746.89276123,7879.43457031,723.250793457,867.24017334,647.893615723,425.903167725,670.794067383,1400.4979248,999.776245117,219.158340454,1018.37994385,1405.54833984,1012.83135986,634.399353027,226.590866089,93.4418411255,42.4144973755,28.9756908417,6.11918067932,0.639136373997,0.0451594814658,0.00534641928971,0.00147816736717,0.00124530808534,0.00806194450706,0.0156178930774,0.00622446881607,0.0000723350603948],"dvar2":[5.86697816849,140.065109253,199.950164795,303.33303833,523.411560059,181.813644409,573.417236328,578.480712891,319.236846924,620.764892578,1417.16125488,3294.65673828,1881.03527832,20879.5058594,1879.21972656,2208.82250977,1564.41760254,997.584350586,1576.37207031,3404.70605469,2363.88842773,496.694061279,2126.640625,2981.78930664,1787.32775879,1464.65454102,459.797332764,188.213134766,88.0414199829,56.0203399658,12.0734939575,1.37508678436,0.0934066027403,0.0122700193897,0.00366553105414,0.00254610250704,0.0171885788441,0.0324612744153,0.0131515786052,0.000152578184498],"max":[19.9661655426,78.2600250244,106.894775391,158.574249268,259.18927002,142.539779663,275.177001953,311.055480957,313.799102783,311.300231934,557.6640625,1033.8067627,635.326965332,1324.97839355,522.492980957,740.919616699,712.006103516,853.655029297,1108.17419434,1826.17468262,1048.01135254,614.684875488,1096.01416016,1264.4083252,986.983215332,1064.70166016,396.421875,236.67048645,155.240814209,225.289627075,118.058609009,19.3485908508,8.46403980255,1.85104477406,0.504139065742,1.30664491653,1.97293519974,2.48577857018,1.30650007725,0.149326637387],"mean":[1.291228652,5.47278404236,8.37571525574,10.8169374466,13.3239994049,9.84539699554,9.99774742126,8.73485851288,9.86575508118,13.953997612,22.8386745453,33.5784301758,38.4192085266,115.165374756,41.1559410095,34.451385498,27.9644680023,21.0359725952,25.3153381348,20.4435482025,19.0277328491,14.6372976303,19.3010559082,19.422039032,17.6531982422,14.0158061981,9.59919261932,6.57614564896,4.33299779892,2.99128127098,1.48863959312,0.50692486763,0.0999575555325,0.0395398139954,0.0211135968566,0.0195311438292,0.0593641549349,0.0851279124618,0.0564404688776,0.0120279891416],"median":[0.835466980934,3.16504502296,5.76617240906,6.93718481064,6.56227207184,6.07731628418,4.90928459167,4.10752725601,5.66993999481,7.53790950775,13.4753036499,17.390001297,25.982843399,52.7616653442,28.8167304993,20.0201663971,16.5645065308,13.7066001892,13.7602443695,12.4907169342,10.2104988098,9.11654186249,8.5346660614,7.4558300972,6.52417850494,5.3079366684,3.89422225952,2.40880537033,1.55978775024,0.972187519073,0.387403905392,0.115314349532,0.0282400585711,0.0126165049151,0.0076218675822,0.00694705685601,0.0147207714617,0.0233348421752,0.0178209133446,0.0088581237942],"min":[2.87241768149e-8,1.8354171516e-7,7.27471785922e-7,0.00000203142508326,0.00000442443342763,0.0000077638987932,0.0000116159508252,0.0000174401957338,0.0000321775150951,0.0000653985771351,0.000073780574894,0.0000931649046834,0.0000698664080119,0.000012902230992,0.0000117067656902,0.0000108011554403,0.00000302119997286,0.0000032358984754,0.0000031486736134,0.00000164998039054,0.00000134151650855,0.0000011955634136,0.00000109845359475,9.10518792807e-7,5.92208493799e-7,4.82471762098e-7,4.29294885862e-7,3.19980216545e-7,2.76213910411e-7,2.16707761069e-7,1.74534960706e-7,1.37470848927e-7,8.76677574979e-8,6.08807795288e-8,3.90945480433e-8,2.05958450294e-8,1.0555288199e-8,3.73453845626e-9,9.51658529758e-10,2.14070441928e-10],"var":[2.33783984184,54.6181983948,80.2423782349,162.724655151,381.507049561,131.821838379,260.280151367,263.802124023,188.717971802,403.378875732,960.997375488,3297.4987793,1700.20117188,22048.5058594,1678.77575684,1986.3572998,1453.84362793,738.951049805,1398.11999512,1543.55786133,1253.96777344,400.297058105,2192.89208984,3289.93408203,2983.27905273,1284.7635498,500.262084961,202.493484497,87.9181213379,64.4048538208,12.703045845,0.971871495247,0.0757028311491,0.00761705124751,0.00147976761218,0.00225275987759,0.0116832172498,0.024749359116,0.0087343333289,0.000129974985612]},"erbbands_crest":{"dmean":2.93063640594,"dmean2":4.6499209404,"dvar":7.77355766296,"dvar2":18.3793373108,"max":33.7622299194,"mean":10.6384086609,"median":8.4442615509,"min":2.30878615379,"var":46.5070571899},"erbbands_flatness_db":{"dmean":0.0246163811535,"dmean2":0.0359942093492,"dvar":0.000496678170748,"dvar2":0.00105510430876,"max":0.590286612511,"mean":0.15595138073,"median":0.137763157487,"min":0.0507673174143,"var":0.00538765825331},"erbbands_kurtosis":{"dmean":1.99599575996,"dmean2":3.17713522911,"dvar":33.570022583,"dvar2":84.9516601562,"max":177.327346802,"mean":3.20382833481,"median":0.327451825142,"min":-1.59017598629,"var":140.82673645},"erbbands_skewness":{"dmean":0.404884248972,"dmean2":0.64025002718,"dvar":0.290846824646,"dvar2":0.760788738728,"max":6.76232528687,"mean":-0.0702634528279,"median":-0.0109376311302,"min":-7.77322721481,"var":0.734043598175},"erbbands_spread":{"dmean":7.46563434601,"dmean2":11.2728328705,"dvar":55.1527824402,"dvar2":118.757865906,"max":126.983329773,"mean":31.0667819977,"median":30.2844657898,"min":0.20304441452,"var":291.156646729},"gfcc":{"cov":[[6099.38867188,-1262.67602539,-127.171401978,1494.75524902,503.024505615,-308.383392334,71.654548645,-291.479736328,305.528015137,344.136627197,121.468475342,167.845550537,-398.264556885],[-1262.67602539,793.778381348,45.6129798889,-399.214782715,22.1978988647,64.9770812988,-19.2110939026,20.5834102631,-40.4210472107,-78.3199539185,-19.1997890472,-69.3534164429,118.643341064],[-127.171401978,45.6129798889,297.497467041,21.8475379944,-10.1361856461,80.0937042236,-36.6949043274,70.9795455933,-33.3880195618,17.8827114105,-1.77796149254,-36.3016548157,32.9476585388],[1494.75524902,-399.214782715,21.8475379944,681.450500488,206.942153931,-166.223403931,81.1685256958,-113.902633667,92.8206329346,97.245223999,23.393157959,49.5428466797,-157.839920044],[503.024505615,22.1978988647,-10.1361856461,206.942153931,276.498840332,5.91582489014,83.6070556641,-65.9275588989,59.8073043823,16.7379188538,21.554058075,9.58203983307,-23.462934494],[-308.383392334,64.9770812988,80.0937042236,-166.223403931,5.91582489014,258.791900635,-27.6132488251,95.2563323975,-61.567691803,-6.88359165192,1.42853522301,-7.92902851105,79.3866271973],[71.654548645,-19.2110939026,-36.6949043274,81.1685256958,83.6070556641,-27.6132488251,199.714920044,-33.0184669495,67.5265960693,-25.0775794983,-1.40448462963,35.2439575195,-33.6373252869],[-291.479736328,20.5834102631,70.9795455933,-113.902633667,-65.9275588989,95.2563323975,-33.0184669495,181.637207031,-12.6502256393,8.69325637817,-6.98767232895,-34.7435874939,58.341178894],[305.528015137,-40.4210472107,-33.3880195618,92.8206329346,59.8073043823,-61.567691803,67.5265960693,-12.6502256393,138.67791748,44.0509300232,4.16496038437,13.5313587189,-51.3551063538],[344.136627197,-78.3199539185,17.8827114105,97.245223999,16.7379188538,-6.88359165192,-25.0775794983,8.69325637817,44.0509300232,94.8029937744,33.1985206604,-2.85953330994,-22.8082351685],[121.468475342,-19.1997890472,-1.77796149254,23.393157959,21.554058075,1.42853522301,-1.40448462963,-6.98767232895,4.16496038437,33.1985206604,57.8734931946,27.3273506165,-1.60044264793],[167.845550537,-69.3534164429,-36.3016548157,49.5428466797,9.58203983307,-7.92902851105,35.2439575195,-34.7435874939,13.5313587189,-2.85953330994,27.3273506165,75.2596817017,-4.41975355148],[-398.264556885,118.643341064,32.9476585388,-157.839920044,-23.462934494,79.3866271973,-33.6373252869,58.341178894,-51.3551063538,-22.8082351685,-1.60044264793,-4.41975355148,109.099136353]],"icov":[[0.000494723790325,0.000374563183868,0.000147030310472,-0.000553241756279,-0.000491603103001,-0.0000823701629997,0.000471623323392,0.000128994608531,-0.000273242389085,-0.000595774326939,0.0000945540014072,-0.000419759337092,0.000315692974254],[0.000374563183868,0.00289498106577,-0.000736942747608,0.0017192508094,-0.00216631009243,0.00102634762879,0.000281176238786,0.00077505572699,-0.000321657251334,-0.000111301174911,-0.0000612720323261,0.000987248145975,-0.000747081474401],[0.000147030310472,-0.000736942747608,0.00504161603749,-0.0029488527216,0.00211336952634,-0.0024558568839,0.000238187625655,-0.000289492425509,-0.000968253589235,0.00139236694667,-0.00244083884172,0.00358672672883,-0.00203610933386],[-0.000553241756279,0.0017192508094,-0.0029488527216,0.00930813606828,-0.00725289899856,0.00570090906695,-0.00124924769625,-0.002444580663,0.00660450663418,-0.00864593219012,0.008550462313,-0.00797334499657,0.00678564561531],[-0.000491603103001,-0.00216631009243,0.00211336952634,-0.00725289899856,0.0130672296509,-0.00663131382316,-0.0016300030984,0.00517340842634,-0.0081320470199,0.0094759427011,-0.0111063411459,0.0110822208226,-0.00776452431455],[-0.0000823701629997,0.00102634762879,-0.0024558568839,0.00570090906695,-0.00663131382316,0.0102288043126,-0.000845505157486,-0.00484463153407,0.00746939238161,-0.00778423296288,0.00749069312587,-0.00792601425201,0.00271089421585],[0.000471623323392,0.000281176238786,0.000238187625655,-0.00124924769625,-0.0016300030984,-0.000845505157486,0.00897894520313,-0.000202533017728,-0.00507468823344,0.00534592568874,-0.00106904224958,-0.002455761889,0.00129165395629],[0.000128994608531,0.00077505572699,-0.000289492425509,-0.002444580663,0.00517340842634,-0.00484463153407,-0.000202533017728,0.0119453305379,-0.00641037290916,0.0037356922403,-0.00565870385617,0.00924060214311,-0.00757885631174],[-0.000273242389085,-0.000321657251334,-0.000968253589235,0.00660450663418,-0.0081320470199,0.00746939238161,-0.00507468823344,-0.00641037290916,0.0220506750047,-0.0179527997971,0.0146762151271,-0.0126385698095,0.0102089401335],[-0.000595774326939,-0.000111301174911,0.00139236694667,-0.00864593219012,0.0094759427011,-0.00778423296288,0.00534592568874,0.0037356922403,-0.0179527997971,0.036284212023,-0.0265050400048,0.0185368210077,-0.00813319347799],[0.0000945540014072,-0.0000612720323261,-0.00244083884172,0.008550462313,-0.0111063411459,0.00749069312587,-0.00106904224958,-0.00565870385617,0.0146762151271,-0.0265050400048,0.0433738157153,-0.0258288551122,0.0093337520957],[-0.000419759337092,0.000987248145975,0.00358672672883,-0.00797334499657,0.0110822208226,-0.00792601425201,-0.002455761889,0.00924060214311,-0.0126385698095,0.0185368210077,-0.0258288551122,0.0368308387697,-0.0137332091108],[0.000315692974254,-0.000747081474401,-0.00203610933386,0.00678564561531,-0.00776452431455,0.00271089421585,0.00129165395629,-0.00757885631174,0.0102089401335,-0.00813319347799,0.0093337520957,-0.0137332091108,0.0250573419034]],"mean":[16.6876487732,107.611839294,-91.4463577271,5.97883796692,-10.7855234146,-7.04153633118,17.8189277649,-13.1627988815,-1.43772518635,-13.8538618088,-10.8230676651,0.170813515782,-7.9379658699]},"hfc":{"dmean":28.7507362366,"dmean2":43.5518035889,"dvar":1746.59985352,"dvar2":4091.53466797,"max":1133.84326172,"mean":100.966644287,"median":78.598487854,"min":0.0000120324730233,"var":8719.98828125},"melbands":{"dmean":[0.00700331153348,0.00398249458522,0.00112492684275,0.000506502692588,0.000242069174419,0.000148788516526,0.000102106394479,0.0000968643362285,0.000124426558614,0.000114518930786,0.000102710924693,0.000243699207203,0.0000759820177336,0.000066126085585,0.0000382028665626,0.0000290773750748,0.0000223668484978,0.0000214375777432,0.000017533720893,0.0000162712021847,0.0000141891914609,0.00000931059912546,0.00000833302601677,0.0000108202693809,0.00000967161940935,0.00000879361050465,0.00000691371496941,0.00000634345678918,0.00000420181504523,0.00000325361907016,0.00000243199701799,0.00000182730536835,0.00000140430984175,0.00000107630808088,6.83775169819e-7,5.04836464188e-7,1.86230764143e-7,6.49258780072e-8,4.16942889103e-8,2.96231323915e-8],"dmean2":[0.011686229147,0.00672442419454,0.00181665481068,0.000816808023956,0.00039921325515,0.00024619672331,0.000169514692971,0.000162154101417,0.000201456816285,0.000182674135431,0.000164497309015,0.000396172283217,0.000126258135424,0.000110020206193,0.0000619235070189,0.0000474017542729,0.0000369590670743,0.0000342253224517,0.0000280587628367,0.0000261297009274,0.0000229928755289,0.000015058633835,0.0000129089876282,0.0000162318974617,0.0000147055925481,0.0000129741820274,0.0000102405256257,0.00000953732615017,0.0000063308530116,0.00000480326662,0.00000366178778677,0.00000271425892606,0.00000207046787182,0.00000156713599608,0.00000101102193639,7.52634718992e-7,2.91797988439e-7,1.05929451877e-7,6.77343550137e-8,4.969013645e-8],"dvar":[0.000130808184622,0.0000355182710337,0.00000343727970176,5.84655140301e-7,2.17461916918e-7,1.1365189323e-7,2.72714331118e-8,2.33131061123e-8,4.30997779688e-8,4.38041993789e-8,2.23863345639e-8,1.49321365939e-7,1.07542907912e-8,1.51561199146e-8,3.385945746e-9,2.81919909639e-9,1.65584235212e-9,1.629134605e-9,2.41541209256e-9,2.60875454572e-9,1.26084742647e-9,3.23223253718e-10,5.74799430275e-10,1.06791986365e-9,1.07851494402e-9,7.54531270797e-10,3.93839683088e-10,3.12270181935e-10,1.09814005111e-10,6.27144308707e-11,3.02196982715e-11,1.69223957763e-11,1.07529558174e-11,9.40964580559e-12,2.81091231021e-12,8.25858695666e-13,1.43014113464e-13,2.94345778762e-14,1.09496296375e-14,2.80627542315e-15],"dvar2":[0.000347002962371,0.0000948288434302,0.00000901061048353,0.00000148508001985,5.61703814128e-7,2.87096384e-7,6.93317687706e-8,6.24156086815e-8,1.12123046847e-7,1.03139186081e-7,5.60894442003e-8,3.95548084953e-7,2.74368865405e-8,3.87786371903e-8,8.29600921293e-9,6.89444679125e-9,4.03056965581e-9,3.8297862659e-9,6.10783956745e-9,6.23688301005e-9,2.96607760575e-9,7.65495056232e-10,1.43067135916e-9,2.27679830545e-9,2.40111841521e-9,1.39179501257e-9,8.16880563193e-10,7.59548757223e-10,2.40481079494e-10,1.21066170977e-10,6.64571522813e-11,3.71062174043e-11,2.15666842024e-11,1.89306643278e-11,5.68911150828e-12,1.74975908328e-12,3.32330246221e-13,6.39661324668e-14,2.22247994476e-14,6.91081349116e-15],"max":[0.154713511467,0.0674610733986,0.0333590060472,0.0121046910062,0.00824672169983,0.00686189625412,0.00433886935934,0.00294667226262,0.00420167623088,0.00554130040109,0.00317404395901,0.00588417658582,0.00195908546448,0.00362291955389,0.00122313585598,0.00219050119631,0.00172211532481,0.00158287410159,0.00251420238055,0.00220345915295,0.00124908948783,0.000767805322539,0.0012204129016,0.000989369815215,0.00110571016558,0.000991295091808,0.000674850889482,0.000842036912218,0.000255050312262,0.000191049242858,0.000156451758812,0.000107543623017,0.000077723096183,0.000142922828672,0.0000835273385746,0.0000230325676966,0.00000852697212395,0.0000074707713793,0.00000466225264972,8.87735779997e-7],"mean":[0.0106964772567,0.00550681445748,0.00194035784807,0.000874736229889,0.000352765317075,0.000201139351702,0.000153944143676,0.00015228758275,0.000208821264096,0.00019757305563,0.000197055953322,0.000484269490698,0.000151197353262,0.000112309622637,0.0000695124690537,0.0000517897969985,0.0000369729823433,0.0000401975776185,0.0000310045870719,0.00002492677595,0.0000218527657125,0.0000157990416483,0.0000141944747156,0.0000183557531273,0.0000153971031978,0.000013946783838,0.0000107343021227,0.00000894932327355,0.00000628386715107,0.0000047801618166,0.0000034669528759,0.00000253900520875,0.00000201081275009,0.00000151221684064,8.96546737295e-7,5.86452358675e-7,1.90450876403e-7,6.57162431139e-8,4.39552536591e-8,2.83299730341e-8],"median":[0.00736474059522,0.00365728000179,0.0012804872822,0.00047704053577,0.000187884579645,0.0000947762018768,0.0000890804512892,0.0000863852183102,0.000118071839097,0.000104208927951,0.000123304620502,0.000218263041461,0.0000925300701056,0.0000584311710554,0.0000412991867051,0.0000316918158205,0.0000231698722928,0.0000211720980587,0.0000181090181286,0.0000131981150844,0.0000113190890261,0.00000943952181842,0.00000754923303248,0.00000682766585669,0.00000560272110306,0.00000503092906001,0.00000380439951186,0.00000334802825819,0.00000251395840678,0.00000167405698903,0.00000122251913126,8.84371843313e-7,6.6247292807e-7,4.72900694604e-7,2.32588519111e-7,1.19522979958e-7,4.25540669369e-8,1.36854332311e-8,1.08765565443e-8,9.29237309322e-9],"min":[2.69102073958e-10,3.38033934177e-10,4.14868056575e-10,4.38995395591e-10,4.0354769526e-10,3.92664095683e-10,5.19372100882e-10,7.71891384144e-10,6.33527730276e-10,4.52136827978e-10,3.30574095875e-10,5.18336901179e-11,2.92154495041e-11,4.30246394068e-11,9.89453484423e-12,7.95291436873e-12,5.14713055164e-12,4.32484516949e-12,4.23071950736e-12,1.64200283145e-12,1.31449105073e-12,1.31276673559e-12,8.8020357062e-13,8.53531709286e-13,7.5240399848e-13,4.3463949345e-13,3.63004277245e-13,3.1269412515e-13,2.7099492355e-13,2.17813776997e-13,1.79956066325e-13,1.60822920194e-13,1.3452666715e-13,1.16474592558e-13,1.03649470192e-13,8.509110029e-14,8.5491489376e-14,6.08756006216e-14,5.53314243924e-14,5.03286987281e-14],"var":[0.000144223959069,0.0000382396101486,0.00000480358221466,0.00000132514821871,2.73470021739e-7,1.33842291916e-7,4.30736406543e-8,4.1576576848e-8,8.29115336387e-8,1.05995951571e-7,5.21574641255e-8,4.05311141094e-7,2.98911722041e-8,3.19579811503e-8,8.09117750578e-9,5.19118525943e-9,2.51940224238e-9,3.63997898489e-9,2.72826761183e-9,2.97056446108e-9,1.61526325648e-9,5.10516739993e-10,9.0927226859e-10,2.27320895441e-9,2.27775998063e-9,2.02634620194e-9,9.74693770139e-10,5.26383381327e-10,2.16318560287e-10,1.29481397826e-10,5.65384163098e-11,3.108310484e-11,2.27251863161e-11,1.96950684928e-11,5.4006933474e-12,1.34418886612e-12,1.73956213475e-13,4.42292551325e-14,1.97376311936e-14,3.08000513149e-15]},"melbands_crest":{"dmean":4.29581022263,"dmean2":7.00868320465,"dvar":12.884803772,"dvar2":34.1278839111,"max":36.5494117737,"mean":19.6528720856,"median":19.1310844421,"min":4.46522378922,"var":39.7935256958},"melbands_flatness_db":{"dmean":0.0387855172157,"dmean2":0.0614339858294,"dvar":0.00108840398025,"dvar2":0.0026354782749,"max":0.620637357235,"mean":0.285215973854,"median":0.278874576092,"min":0.0806482508779,"var":0.00497391074896},"melbands_kurtosis":{"dmean":11.8298339844,"dmean2":19.5294914246,"dvar":310.959838867,"dvar2":831.452087402,"max":460.776550293,"mean":20.1390743256,"median":11.5478610992,"min":-1.89631295204,"var":721.055969238},"melbands_skewness":{"dmean":1.07002544403,"dmean2":1.70973885059,"dvar":1.0849275589,"dvar2":2.74312257767,"max":17.9839992523,"mean":3.17261528969,"median":3.02918291092,"min":-7.88152933121,"var":5.57369279861},"melbands_spread":{"dmean":5.1857919693,"dmean2":8.32100772858,"dvar":43.948589325,"dvar2":96.7997207642,"max":125.727722168,"mean":13.9929523468,"median":12.0060167313,"min":0.287236571312,"var":122.367210388},"mfcc":{"cov":[[6099.98291016,-1333.07727051,-629.318359375,1492.49353027,160.570327759,588.169799805,-263.534362793,-4.49676704407,-339.978942871,229.836975098,174.651275635,296.631622314,137.297470093],[-1333.07727051,872.903564453,58.6524620056,-415.814331055,49.6469726562,-96.0106201172,72.2942733765,-25.4445934296,112.079109192,-67.3702011108,-21.6770973206,-66.2217636108,-26.863401413],[-629.318359375,58.6524620056,388.944885254,-218.764556885,37.70728302,-129.356796265,64.2324829102,-38.0457954407,54.6075553894,-18.6118087769,-21.171377182,-18.000837326,-26.8864860535],[1492.49353027,-415.814331055,-218.764556885,824.929138184,-4.27833843231,226.673034668,-104.525672913,26.3771800995,-121.485794067,81.5108947754,75.9083175659,70.9424667358,56.8313140869],[160.570327759,49.6469726562,37.70728302,-4.27833843231,216.050674438,29.4933490753,64.5959243774,-34.3385276794,30.8916397095,-8.03322219849,19.1936016083,9.2134771347,8.62973022461],[588.169799805,-96.0106201172,-129.356796265,226.673034668,29.4933490753,243.763122559,1.03137004375,46.6485137939,-54.94871521,37.9686317444,3.46622276306,26.9367275238,33.1266670227],[-263.534362793,72.2942733765,64.2324829102,-104.525672913,64.5959243774,1.03137004375,149.231445312,20.079252243,45.084186554,-29.304353714,-10.0509147644,-20.5316295624,-0.605352461338],[-4.49676704407,-25.4445934296,-38.0457954407,26.3771800995,-34.3385276794,46.6485137939,20.079252243,117.979621887,24.0569324493,21.0751609802,-14.0152978897,2.67179179192,3.58871078491],[-339.978942871,112.079109192,54.6075553894,-121.485794067,30.8916397095,-54.94871521,45.084186554,24.0569324493,125.526000977,14.887673378,6.75927734375,-18.7092647552,-4.54048871994],[229.836975098,-67.3702011108,-18.6118087769,81.5108947754,-8.03322219849,37.9686317444,-29.304353714,21.0751609802,14.887673378,96.8989486694,29.6637592316,27.0105667114,10.2265796661],[174.651275635,-21.6770973206,-21.171377182,75.9083175659,19.1936016083,3.46622276306,-10.0509147644,-14.0152978897,6.75927734375,29.6637592316,80.6928634644,28.698923111,14.7876720428],[296.631622314,-66.2217636108,-18.000837326,70.9424667358,9.2134771347,26.9367275238,-20.5316295624,2.67179179192,-18.7092647552,27.0105667114,28.698923111,78.0351333618,23.6549491882],[137.297470093,-26.863401413,-26.8864860535,56.8313140869,8.62973022461,33.1266670227,-0.605352461338,3.58871078491,-4.54048871994,10.2265796661,14.7876720428,23.6549491882,54.3913345337]],"icov":[[0.000506955257151,0.000459735339973,0.000422698183684,-0.000359863595804,-0.000553773192223,-0.000326781941112,0.000222852206207,0.000282509747194,0.000201130533242,-0.000241398432991,0.0000248147061939,-0.000828841642942,0.000218952205614],[0.000459735339973,0.00213348702528,0.000653985189274,0.000486072094645,-0.000649109075312,-0.000747619546019,0.000407249171985,0.00063458213117,-0.000974140653852,0.000657192664221,-0.000508174241986,-0.00015144617646,0.000228744247579],[0.000422698183684,0.000653985189274,0.00413474114612,0.000104616752651,-0.000856067927089,0.00135189283174,-0.00137084000744,0.0013187933946,-0.000176988862222,-0.00121931754984,0.00121772172861,-0.00128881284036,0.000844669761136],[-0.000359863595804,0.000486072094645,0.000104616752651,0.0028907742817,0.0000534512473678,-0.00126827170607,0.000934200419579,-0.000552889308892,0.000784828327596,-0.0000320458384522,-0.00199621613137,0.00106653617695,-0.000859034480527],[-0.000553773192223,-0.000649109075312,-0.000856067927089,0.0000534512473678,0.00751733221114,-0.00169993273448,-0.00299790757708,0.00320578645915,-0.00283735175617,0.00119646009989,-0.000754095613956,-0.000794566294644,0.000284773792373],[-0.000326781941112,-0.000747619546019,0.00135189283174,-0.00126827170607,-0.00169993273448,0.0089125642553,-0.00220771413296,-0.00295339431614,0.00392531743273,-0.00334308343008,0.00240416568704,0.000701565586496,-0.00254157371819],[0.000222852206207,0.000407249171985,-0.00137084000744,0.000934200419579,-0.00299790757708,-0.00220771413296,0.0113807665184,-0.00291245453991,-0.00220559840091,0.00387279689312,-0.00148507964332,0.00153947959188,-0.00105411245022],[0.000282509747194,0.00063458213117,0.0013187933946,-0.000552889308892,0.00320578645915,-0.00295339431614,-0.00291245453991,0.0134808830917,-0.00486011896282,-0.00162849982735,0.00345550221391,-0.00257557095028,0.00127925013658],[0.000201130533242,-0.000974140653852,-0.000176988862222,0.000784828327596,-0.00283735175617,0.00392531743273,-0.00220559840091,-0.00486011896282,0.0155663974583,-0.00568549288437,-0.00211386824958,0.00331641500816,-0.00203991727903],[-0.000241398432991,0.000657192664221,-0.00121931754984,-0.0000320458384522,0.00119646009989,-0.00334308343008,0.00387279689312,-0.00162849982735,-0.00568549288437,0.0169515497983,-0.00457086367533,-0.0025588364806,0.00105522060767],[0.0000248147061939,-0.000508174241986,0.00121772172861,-0.00199621613137,-0.000754095613956,0.00240416568704,-0.00148507964332,0.00345550221391,-0.00211386824958,-0.00457086367533,0.0188223607838,-0.0050917621702,-0.00143500440754],[-0.000828841642942,-0.00015144617646,-0.00128881284036,0.00106653617695,-0.000794566294644,0.000701565586496,0.00153947959188,-0.00257557095028,0.00331641500816,-0.0025588364806,-0.0050917621702,0.0204716920853,-0.0066091180779],[0.000218952205614,0.000228744247579,0.000844669761136,-0.000859034480527,0.000284773792373,-0.00254157371819,-0.00105411245022,0.00127925013658,-0.00203991727903,0.00105522060767,-0.00143500440754,-0.0066091180779,0.0235630571842]],"mean":[-648.244445801,166.730941772,-16.7227993011,36.4399299622,-9.10487556458,25.9342250824,8.64095115662,22.4348239899,7.24429607391,8.27057170868,-1.4972127676,-1.35663962364,1.44061625004]},"pitch_salience":{"dmean":0.0886834636331,"dmean2":0.145594671369,"dvar":0.00600586039945,"dvar2":0.0159536972642,"max":0.942843735218,"mean":0.488996863365,"median":0.496818304062,"min":0.0337440036237,"var":0.0157022085041},"silence_rate_20dB":{"dmean":0,"dmean2":0,"dvar":0,"dvar2":0,"max":1,"mean":1,"median":1,"min":1,"var":0},"silence_rate_30dB":{"dmean":0.13874566555,"dmean2":0.277517348528,"dvar":0.119493745267,"dvar2":0.235555127263,"max":1,"mean":0.827709019184,"median":1,"min":0,"var":0.142595544457},"silence_rate_60dB":{"dmean":0.00356238870881,"dmean2":0.00712544517592,"dvar":0.00355008337647,"dvar2":0.00913632754236,"max":1,"mean":0.0166854150593,"median":0,"min":0,"var":0.01640708372},"spectral_centroid":{"dmean":238.755630493,"dmean2":348.165710449,"dvar":71041.7421875,"dvar2":137692.765625,"max":3741.35009766,"mean":1107.90209961,"median":999.705200195,"min":170.194595337,"var":258070.96875},"spectral_complexity":{"dmean":4.81803703308,"dmean2":6.92958927155,"dvar":25.2821044922,"dvar2":45.5744400024,"max":61,"mean":23.3785152435,"median":22,"min":0,"var":127.525016785},"spectral_contrast_coeffs":{"dmean":[0.0519687198102,0.0455621741712,0.040520388633,0.0275341421366,0.022675992921,0.0570602044463],"dmean2":[0.0864167585969,0.0772865340114,0.0674742981791,0.045937564224,0.0371377877891,0.0870504751801],"dvar":[0.00163845787756,0.00124802743085,0.0009913664544,0.000472023180919,0.000370551744709,0.00238187029026],"dvar2":[0.0044704512693,0.00357533269562,0.00272103818133,0.00128599524032,0.000948754488491,0.0054429769516],"max":[-0.355720221996,-0.52743679285,-0.437147855759,-0.613960266113,-0.587990760803,-0.346701383591],"mean":[-0.694864571095,-0.793213903904,-0.767130851746,-0.815081357956,-0.8162586689,-0.701732933521],"median":[-0.699894785881,-0.79761826992,-0.774532794952,-0.818260073662,-0.815928041935,-0.700733661652],"min":[-0.974472641945,-0.948834300041,-0.923653960228,-0.961266458035,-0.966025114059,-0.953066706657],"var":[0.00470029795542,0.00248957565054,0.00362816732377,0.00132253696211,0.00153480307199,0.00891032069921]},"spectral_contrast_valleys":{"dmean":[0.36858484149,0.360318541527,0.308520704508,0.298339217901,0.360282421112,0.734843671322],"dmean2":[0.602506697178,0.597337603569,0.504264354706,0.458585858345,0.490735292435,1.19209301472],"dvar":[0.0893897339702,0.0845291167498,0.064536601305,0.0711843371391,0.126372858882,0.359023481607],"dvar2":[0.235834807158,0.224500253797,0.159158155322,0.153759777546,0.252556324005,0.943593502045],"max":[-4.41337680817,-4.64503383636,-5.07814025879,-5.34469461441,-4.99918317795,-8.93158531189],"mean":[-6.34487390518,-6.40674304962,-6.55565547943,-7.26222419739,-7.43830347061,-11.1690196991],"median":[-6.1457233429,-6.31812143326,-6.45735883713,-7.09440088272,-7.22149991989,-11.0905485153],"min":[-12.1687774658,-12.2169485092,-13.1369972229,-14.2426366806,-15.2876615524,-16.6496925354],"var":[0.832782328129,0.429626226425,0.34356212616,0.689413011074,1.08119249344,0.854076385498]},"spectral_decrease":{"dmean":7.91402410272e-9,"dmean2":1.28428432333e-8,"dvar":1.3912473807e-16,"dvar2":3.47530286129e-16,"max":8.0027579008e-10,"mean":-1.66163172111e-8,"median":-1.38101317049e-8,"min":-1.46775803955e-7,"var":1.80237493868e-16},"spectral_energy":{"dmean":0.0303345154971,"dmean2":0.0489432662725,"dvar":0.00199917168356,"dvar2":0.00497381575406,"max":0.56077504158,"mean":0.0718717202544,"median":0.0627169758081,"min":2.15763549249e-8,"var":0.00271847238764},"spectral_energyband_high":{"dmean":0.000601225590799,"dmean2":0.000823345966637,"dvar":0.0000011449798194,"dvar2":0.00000219926187128,"max":0.0211891997606,"mean":0.000973360438365,"median":0.000433759996668,"min":5.15076002683e-11,"var":0.00000255393661064},"spectral_energyband_low":{"dmean":0.0273823663592,"dmean2":0.0452968254685,"dvar":0.00176545989234,"dvar2":0.00457320921123,"max":0.543403863907,"mean":0.0485833100975,"median":0.0380618199706,"min":2.2328425775e-9,"var":0.00213291845284},"spectral_energyband_middle_high":{"dmean":0.00267500174232,"dmean2":0.00413628155366,"dvar":0.0000116817445814,"dvar2":0.000026923877158,"max":0.0723049342632,"mean":0.007750779856,"median":0.00616790167987,"min":1.50951140476e-9,"var":0.0000387518193747},"spectral_energyband_middle_low":{"dmean":0.00491999648511,"dmean2":0.00779283698648,"dvar":0.0000615266835666,"dvar2":0.000153541826876,"max":0.13508836925,"mean":0.0116206174716,"median":0.00894508417696,"min":1.82171007168e-8,"var":0.000108424792415},"spectral_entropy":{"dmean":0.198071375489,"dmean2":0.284475803375,"dvar":0.0409533828497,"dvar2":0.0855795294046,"max":8.32660484314,"mean":7.43581724167,"median":7.577085495,"min":3.41991019249,"var":0.315443754196},"spectral_flux":{"dmean":0.0419404618442,"dmean2":0.0667420178652,"dvar":0.00250174663961,"dvar2":0.00561197660863,"max":0.636110007763,"mean":0.133682504296,"median":0.119784586132,"min":0.000953130307607,"var":0.00506636314094},"spectral_kurtosis":{"dmean":5.63655042648,"dmean2":8.83940982819,"dvar":160.815948486,"dvar2":439.802001953,"max":273.872344971,"mean":16.8470287323,"median":11.6410236359,"min":2.61694431305,"var":314.26461792},"spectral_rms":{"dmean":0.00158306129742,"dmean2":0.00249794940464,"dvar":0.00000332446688844,"dvar2":0.00000794030165707,"max":0.0233901180327,"mean":0.00787555333227,"median":0.00782223045826,"min":0.0000045880392463,"var":0.00000809450375527},"spectral_rolloff":{"dmean":1699.67785645,"dmean2":3224.18188477,"dvar":23199362,"dvar2":62157032,"max":21985.4003906,"mean":2713.48901367,"median":882.861328125,"min":43.06640625,"var":34411000},"spectral_skewness":{"dmean":0.421017169952,"dmean2":0.619139909744,"dvar":0.405789732933,"dvar2":1.04940271378,"max":13.8380765915,"mean":2.58210611343,"median":2.17940926552,"min":0.898442924023,"var":1.60598266125},"spectral_spread":{"dmean":506955.03125,"dmean2":760146.375,"dvar":229305942016,"dvar2":479043518464,"max":24009632,"mean":3647423.5,"median":3650808.5,"min":531679.625,"var":807201931264},"spectral_strongpeak":{"dmean":0.836993455887,"dmean2":1.57595980167,"dvar":42.7182350159,"dvar2":122.797050476,"max":154.212844849,"mean":0.921081900597,"median":0.295707374811,"min":0,"var":30.6246929169},"zerocrossingrate":{"dmean":0.0270489603281,"dmean2":0.0345673933625,"dvar":0.000589525268879,"dvar2":0.000927654909901,"max":0.595703125,"mean":0.141680240631,"median":0.1279296875,"min":0.001953125,"var":0.00559951830655}},"metadata":{"audio_properties":{"analysis_sample_rate":44100,"bit_rate":128000,"codec":"mp3","downmix":"mix","equal_loudness":0,"length":247.666931152,"lossless":false,"md5_encoded":"e7ac52ffa4c21ac171c5ddb8e06f5273","replay_gain":-4.30798530579,"sample_rate":44100},"tags":{"album":["Thirteen Tales From Urban Bohemia"],"albumartist":["The Dandy Warhols"],"albumartistsort":["Dandy Warhols, The"],"artist":["The Dandy Warhols"],"artistsort":["Dandy Warhols, The"],"asin":["B00004TA8K"],"barcode":["724385778728"],"composer":["Courtney Taylor-Taylor"],"date":["2000-06-05"],"file_name":"09 Cool Scene.mp3","genre":["Rock"],"label":["Capitol Records"],"musicbrainz album release country":["GB"],"musicbrainz album status":["official"],"musicbrainz album type":["album"],"musicbrainz_albumartistid":["5f572b31-8fd9-45ae-9beb-358c98d839df"],"musicbrainz_albumid":["a480641f-8e78-4c8f-ba39-4f1c1067349f"],"musicbrainz_artistid":["5f572b31-8fd9-45ae-9beb-358c98d839df"],"musicbrainz_recordingid":["71e08fc9-980c-4099-b646-ed77bc19fe24"],"performer:background vocal":["Brent DeBoer"],"performer:bass and keyboard":["Zia McCabe"],"performer:drums":["Brent DeBoer"],"performer:guest organ":["Joe Kaczmarek"],"performer:guest slide guitar":["Troy Stewart"],"performer:guest trumpet":["Eric Matthews"],"performer:guitars":["Peter Holmström","Courtney Taylor-Taylor"],"performer:vocal":["Courtney Taylor-Taylor"],"title":["Cool Scene"],"tracknumber":["9/13"]},"version":{"essentia":"2.1-beta1","essentia_build_sha":"ec322331fa6aaecceef5ae0ec8bb6dd0710d66ba","essentia_git_sha":"v2.1_beta1-28-g21ef5f4","extractor":"music 1.0"}},"rhythm":{"beats_count":512,"beats_loudness":{"dmean":0.056451883167,"dmean2":0.101954720914,"dvar":0.00271467771381,"dvar2":0.00831094756722,"max":0.318952679634,"mean":0.0895361825824,"median":0.0766023546457,"min":0.000644456362352,"var":0.0033200038597},"beats_loudness_band_ratio":{"dmean":[0.163518518209,0.0626315176487,0.0439478754997,0.0715604797006,0.0223268941045,0.0583465285599],"dmean2":[0.286700576544,0.112394146621,0.0761146396399,0.120633907616,0.040357619