{"lowlevel":{"average_loudness":0.920303583145,"barkbands":{"dmean":[0.000112932866614,0.00155212834943,0.00081109511666,0.00057305872906,0.000930652662646,0.000504245748743,0.00032511036261,0.000195792425075,0.000837892584968,0.000725623511244,0.000421235483373,0.000340237980708,0.000209098492633,0.000268575415248,0.000574696867261,0.000528579694219,0.000303001346765,0.000205134463613,0.000327939662384,0.000160663723364,0.000102047466498,0.0000967521991697,0.000075853728049,0.0000689476291882,0.0000410508582718,0.00000823253776616,3.84526515518e-7],"dmean2":[0.000183477255632,0.00255554518662,0.00124053691979,0.000878220540471,0.00147236918565,0.000741768395528,0.00049210281577,0.000296850688756,0.00121119839605,0.00104503356852,0.00059991289163,0.000461473769974,0.00029375081067,0.000421997479862,0.000860782049131,0.000789825629909,0.000453749671578,0.000318243866786,0.000489656056743,0.000242807305767,0.000150545529323,0.000137603536132,0.00010797741561,0.000095600822533,0.0000579900442972,0.0000120664244605,5.51188975351e-7],"dvar":[1.25170473098e-7,0.00000982007168204,0.00000288102728518,0.00000131637000322,0.00000252148606705,9.47733269641e-7,0.000001066654022,3.45563591964e-7,0.00000481887809656,0.00000590517493038,0.00000310147811433,0.00000168177427895,6.46555520234e-7,7.54063421482e-7,0.00000230434670812,0.00000207990046874,5.48326738681e-7,2.17078280684e-7,4.75774498909e-7,1.10423250987e-7,9.29028942664e-8,1.56132344387e-7,7.83978535424e-8,2.0445293103e-7,8.0357537513e-8,2.71578692868e-9,6.11247489256e-13],"dvar2":[3.0335087331e-7,0.0000259430908045,0.00000671349380355,0.00000322252662954,0.0000065493522925,0.00000180865185939,0.00000230992668548,7.51196296278e-7,0.00000859093415784,0.0000108912490759,0.00000558633109904,0.00000262215530711,0.0000010936983017,0.00000175985269379,0.00000471507928523,0.00000422778475695,0.00000111653912427,5.07311767706e-7,0.00000103202569335,2.4147132649e-7,1.82112628977e-7,3.04209152091e-7,1.65565509747e-7,4.30151715136e-7,1.47488918856e-7,5.40956746065e-9,1.22330769646e-12],"max":[0.00663205888122,0.0479743331671,0.0351130031049,0.0232815816998,0.0355917923152,0.0155244367197,0.0334089957178,0.0212730318308,0.0451537966728,0.0634792149067,0.0530363209546,0.0392991788685,0.0282267536968,0.0307837184519,0.0344911031425,0.044200964272,0.0175786931068,0.0136117944494,0.0152706466615,0.00986087881029,0.0115102361888,0.0139232976362,0.0117921549827,0.0162971690297,0.00866519846022,0.00182449782733,0.00000924624964682],"mean":[0.00012619527115,0.00240655639209,0.0015823491849,0.000975804578047,0.00156750204042,0.00105234642979,0.000533202546649,0.000330465118168,0.00157238543034,0.00133445602842,0.000868447765242,0.000649076187983,0.000346451124642,0.000414117297623,0.000972903100774,0.00084455619799,0.000543566304259,0.000371166912373,0.000585849862546,0.000312214542646,0.000188802776393,0.000155536268721,0.000118404946988,0.0000967805463006,0.0000602963045822,0.0000124594225781,6.87899785135e-7],"median":[0.0000166579520737,0.000802909140475,0.000521485402714,0.000351873924956,0.000698153686244,0.000352382194251,0.00014572168584,0.0000991085908026,0.000198739944608,0.000146022211993,0.0000675777846482,0.0000801346468506,0.0000566522721783,0.000124475656776,0.000221115144086,0.000173254127731,0.000181574418093,0.000165343997651,0.000237200583797,0.000158696289873,0.0000879875369719,0.0000427470658906,0.000027630261684,0.0000123121217257,0.0000049098166528,0.00000199220357899,3.3715505765e-7],"min":[5.11813152523e-25,8.77055061387e-25,1.59038480291e-24,1.82446290767e-24,5.38901571046e-24,5.12104912728e-24,6.14295847657e-24,4.79422089881e-24,9.17652229874e-24,7.69623112098e-24,1.18821353434e-23,2.59581859497e-23,3.61762870556e-23,3.1307831979e-23,3.35603075424e-23,6.35240720002e-23,5.94434081335e-23,8.97904706388e-23,1.25048261699e-22,1.74462357341e-22,1.99125557117e-22,2.52679190892e-22,3.63322448565e-22,5.78355657204e-22,8.86318169847e-22,1.22966093001e-21,2.01567981551e-21],"var":[1.56985137778e-7,0.0000166429872479,0.00000725003746993,0.00000230679688684,0.00000600495923209,0.00000320799949804,0.00000180654092219,7.61892124501e-7,0.0000187652167369,0.0000212044378713,0.0000138777413667,0.0000058849927882,0.00000218580066758,0.00000147455955357,0.0000054259649005,0.00000503595720147,0.0000014201364138,5.05107266235e-7,0.00000103439924715,2.54469114225e-7,2.41795788725e-7,4.08680506325e-7,2.15997232544e-7,3.51158405465e-7,1.78041389631e-7,5.88903192877e-9,1.00410413491e-12]},"barkbands_crest":{"dmean":2.41464972496,"dmean2":3.88699293137,"dvar":5.11499261856,"dvar2":12.3618707657,"max":26.6982402802,"mean":9.7100982666,"median":8.95210075378,"min":2.3028523922,"var":16.7727870941},"barkbands_flatness_db":{"dmean":0.0187343973666,"dmean2":0.026962203905,"dvar":0.000332384282956,"dvar2":0.000668538792524,"max":0.400423616171,"mean":0.126776516438,"median":0.122681707144,"min":0.0288810599595,"var":0.00195438461378},"barkbands_kurtosis":{"dmean":1.8281276226,"dmean2":2.80298352242,"dvar":12.544878006,"dvar2":27.7139415741,"max":130.006546021,"mean":2.11087203026,"median":0.13787317276,"min":-1.91429114342,"var":53.7034378052},"barkbands_skewness":{"dmean":0.481104075909,"dmean2":0.689957797527,"dvar":0.251370102167,"dvar2":0.502713561058,"max":11.4011487961,"mean":0.895538032055,"median":0.725827455521,"min":-4.6837220192,"var":1.80318975449},"barkbands_spread":{"dmean":6.27760076523,"dmean2":9.18632030487,"dvar":51.388004303,"dvar2":106.042800903,"max":134.846115112,"mean":27.0045127869,"median":25.3724498749,"min":2.01677632332,"var":200.617080688},"dissonance":{"dmean":0.0157806333154,"dmean2":0.0265066660941,"dvar":0.000261186331045,"dvar2":0.000714429479558,"max":0.500000059605,"mean":0.466911703348,"median":0.472925245762,"min":0.308924913406,"var":0.000606799847446},"dynamic_complexity":3.87959551811,"erbbands":{"dmean":[0.0492829605937,0.346775472164,0.815248072147,1.59055685997,1.90271794796,4.39594745636,2.91604495049,4.69055652618,4.7386341095,4.38946628571,4.63174629211,15.5403594971,27.4377269745,18.1002883911,16.6694812775,12.1452388763,9.13589859009,12.7535085678,18.6039466858,29.3499088287,25.9228973389,13.8522996902,8.91823863983,13.6716451645,14.6679172516,7.99342441559,4.04290294647,4.23086738586,3.36347126961,3.21961259842,1.92499303818,1.65625011921,0.968315005302,0.502997159958,0.295935183764,0.0771619454026,0.00613685324788,0.000569817435462,0.0000660276491544,0.0000105782455648],"dmean2":[0.0833280086517,0.566582798958,1.25414288044,2.42079496384,2.96137261391,7.07308101654,4.18010950089,6.87423086166,6.90131187439,6.83884620667,6.83442831039,22.445098877,38.2914199829,25.1970748901,22.4176235199,16.4825382233,12.3929491043,19.2409820557,27.5165290833,43.1956443787,37.1698188782,19.6088237762,13.154083252,20.670627594,21.4073104858,11.8391819,6.00841093063,6.20282411575,4.85675477982,4.56585025787,2.7250123024,2.33383011818,1.36680209637,0.686942815781,0.431404441595,0.112621076405,0.00885002035648,0.000827607873362,0.0000945577776292,0.0000144365922097],"dvar":[0.0128762861714,0.465202569962,2.75292372704,10.8318853378,10.270368576,73.0679321289,35.1722831726,92.1301116943,171.84703064,222.473144531,183.184387207,1588.08886719,5770.37744141,5142.75683594,3380.74414062,1934.59460449,1347.25048828,1369.32775879,3185.25585938,6237.85009766,5849.27197266,1145.17883301,465.291137695,861.681335449,1335.54321289,259.577850342,82.9075622559,247.222106934,198.965499878,144.590682983,61.3547134399,147.149017334,52.3847160339,11.2844314575,5.22751808167,0.297392010689,0.00103473919444,0.00000276290984402,1.89765110292e-8,2.57607324361e-10],"dvar2":[0.034837577492,1.21737766266,6.29813098907,26.9939670563,24.1929283142,193.231994629,61.98985672,178.325759888,332.613372803,544.038818359,365.010925293,2986.18505859,10646.6201172,8856.09082031,5826.68896484,3144.17871094,2072.4387207,2997.36621094,6057.47949219,12745.2568359,11105.7236328,2219.55883789,906.2421875,1962.98120117,2819.85009766,563.870483398,158.404525757,477.755340576,405.239257812,279.836364746,130.900054932,320.364349365,116.322898865,20.2997398376,10.7800941467,0.627335369587,0.00206953869201,0.00000519951299793,3.71436712499e-8,4.69106309353e-10],"max":[1.76217710972,11.681851387,31.5200271606,77.1392059326,63.3452987671,200.749893188,146.365600586,167.054641724,375.528869629,530.124694824,641.368774414,1153.77185059,1951.23413086,2665.94482422,1792.0012207,1400.42053223,1503.29187012,1290.29187012,2272.27954102,2334.37524414,2646.26049805,823.89263916,794.002258301,923.60748291,1047.64196777,488.443969727,358.590270996,555.65814209,420.880584717,560.179382324,367.387359619,561.000793457,315.690887451,108.807151794,75.8858184814,21.7516899109,1.13065004349,0.0490709766746,0.00231587490998,0.000318936712574],"mean":[0.0640010163188,0.563891530037,1.68881797791,2.94527387619,3.44282650948,6.57242202759,5.7860827446,9.35260391235,8.17036914825,7.80827665329,8.60269737244,28.5283374786,56.1272010803,36.7125167847,34.6772499084,23.7740974426,16.6391201019,22.8956413269,32.4036827087,53.0842857361,48.3910865784,29.1740550995,19.7102165222,26.3266487122,27.7081756592,16.3650779724,8.33121776581,7.28727674484,5.36781978607,4.9563908577,3.0635766983,2.44412684441,1.3222682476,0.716261446476,0.411301672459,0.114861525595,0.00982671882957,0.000947960361373,0.000127025748952,0.0000328143250954],"median":[0.0142443291843,0.222553998232,0.634145915508,1.37415063381,1.72413110733,2.32845401764,2.07409381866,2.97963905334,2.57046842575,2.46946668625,2.84213399887,4.73396205902,7.26525259018,5.37925481796,4.71252632141,4.25795793533,3.78282523155,7.37314939499,9.00159168243,13.8123807907,11.4266777039,9.69299316406,8.6437330246,12.9980487823,10.732334137,8.54403400421,4.67298793793,2.73462915421,1.55394852161,1.13226640224,0.733237683773,0.346809059381,0.151015684009,0.0670482516289,0.0286975745112,0.0137705728412,0.00229561096057,0.000337421835866,0.0000655172698316,0.0000253564812738],"min":[4.77538053381e-23,4.75650511183e-22,1.75234799842e-21,4.00108554762e-21,1.1244051859e-20,2.12361545517e-20,3.66639405461e-20,5.59641128015e-20,1.07832311553e-19,1.85139357906e-19,2.3517807225e-19,2.19342474904e-19,2.91043317581e-19,4.64998547371e-19,9.12644396454e-19,1.17968631893e-18,1.9003211055e-18,1.71362323592e-18,2.35198798294e-18,3.35303430883e-18,3.75426426201e-18,3.77954207435e-18,5.51917858957e-18,6.25418233057e-18,8.91196781903e-18,7.70904951221e-18,8.89846244117e-18,8.90641495558e-18,1.01413434977e-17,1.13163940897e-17,1.12293515282e-17,1.05429372036e-17,9.71145111595e-18,8.87778292585e-18,6.07839238833e-18,3.94577394461e-18,2.09303144076e-18,1.05215740235e-18,2.58747885871e-19,2.69983997119e-20],"var":[0.0177836716175,0.836449205875,7.31936502457,18.2885494232,25.4439926147,154.83795166,130.837234497,298.813842773,386.800415039,360.282470703,528.952575684,5576.16113281,27442.0058594,17082.1933594,13280.4570312,6422.19628906,4843.40087891,4519.11181641,7146.99169922,16399.7773438,16697.7617188,3682.00610352,1515.56091309,1752.6138916,3014.94140625,659.283935547,241.266113281,608.82824707,450.870422363,425.466400146,166.048461914,239.328277588,76.2433395386,23.5382347107,9.87852573395,0.603417992592,0.00231947028078,0.0000065994254328,3.70246944215e-8,8.57684701039e-10]},"erbbands_crest":{"dmean":2.74604129791,"dmean2":4.34133768082,"dvar":6.87287425995,"dvar2":15.8243923187,"max":31.9164562225,"mean":9.84328746796,"median":8.76858901978,"min":2.42262601852,"var":25.7253646851},"erbbands_flatness_db":{"dmean":0.0174969919026,"dmean2":0.0240762475878,"dvar":0.000283773988485,"dvar2":0.00052100798348,"max":0.344495683908,"mean":0.171852961183,"median":0.166698276997,"min":0.0290709938854,"var":0.00208286824636},"erbbands_kurtosis":{"dmean":0.868781745434,"dmean2":1.31570482254,"dvar":1.96793377399,"dvar2":3.98966503143,"max":34.3267059326,"mean":0.245871379972,"median":-0.349730491638,"min":-1.85967493057,"var":5.44763469696},"erbbands_skewness":{"dmean":0.357491493225,"dmean2":0.521588623524,"dvar":0.113764293492,"dvar2":0.227913960814,"max":3.92854857445,"mean":-0.213590070605,"median":-0.273913264275,"min":-4.96662759781,"var":0.686425983906},"erbbands_spread":{"dmean":7.52427434921,"dmean2":11.0287466049,"dvar":65.6033172607,"dvar2":142.29914856,"max":128.675735474,"mean":37.5809211731,"median":35.8588256836,"min":4.55697011948,"var":308.774383545},"gfcc":{"cov":[[37247.953125,2682.85400391,-4152.90429688,1239.6920166,-1682.25427246,569.437927246,-884.735656738,276.65423584,-720.157226562,-166.033355713,-601.52947998,-169.646835327,-133.52696228],[2682.85400391,1129.06677246,-188.745239258,221.314071655,132.440216064,-100.057388306,76.6549530029,-95.4374084473,-18.4882316589,-95.0395507812,-36.546875,-78.4027175903,8.23653316498],[-4152.90429688,-188.745239258,1240.78747559,213.18371582,224.441436768,74.0500411987,34.2291679382,-33.9252357483,74.7107772827,5.24120426178,25.2718505859,13.2409658432,-5.78850746155],[1239.6920166,221.314071655,213.18371582,459.221679688,68.5400772095,33.2158126831,-31.0691566467,-44.9742355347,12.7908382416,-36.6454200745,-47.0182800293,-18.1420040131,-16.0822544098],[-1682.25427246,132.440216064,224.441436768,68.5400772095,345.872894287,-14.2850151062,104.184074402,-41.8764610291,42.3367958069,-13.4446268082,16.2038822174,1.10315847397,12.8001785278],[569.437927246,-100.057388306,74.0500411987,33.2158126831,-14.2850151062,259.274169922,44.6588249207,-2.56264019012,-28.7438354492,20.1340332031,-15.4249210358,-24.5646762848,-17.5070457458],[-884.735656738,76.6549530029,34.2291679382,-31.0691566467,104.184074402,44.6588249207,222.43888855,-14.5126914978,25.9606685638,-11.9637641907,14.5135202408,-12.4585437775,-4.6357717514],[276.65423584,-95.4374084473,-33.9252357483,-44.9742355347,-41.8764610291,-2.56264019012,-14.5126914978,177.294555664,26.9628810883,0.631972491741,7.49420404434,38.0241470337,15.5554904938],[-720.157226562,-18.4882316589,74.7107772827,12.7908382416,42.3367958069,-28.7438354492,25.9606685638,26.9628810883,133.848556519,20.7486019135,11.7689428329,15.4411745071,11.2595119476],[-166.033355713,-95.0395507812,5.24120426178,-36.6454200745,-13.4446268082,20.1340332031,-11.9637641907,0.631972491741,20.7486019135,131.530609131,44.7575645447,5.48148965836,-5.56685304642],[-601.52947998,-36.546875,25.2718505859,-47.0182800293,16.2038822174,-15.4249210358,14.5135202408,7.49420404434,11.7689428329,44.7575645447,104.59438324,29.7230949402,11.0841436386],[-169.646835327,-78.4027175903,13.2409658432,-18.1420040131,1.10315847397,-24.5646762848,-12.4585437775,38.0241470337,15.4411745071,5.48148965836,29.7230949402,102.296440125,35.0295562744],[-133.52696228,8.23653316498,-5.78850746155,-16.0822544098,12.8001785278,-17.5070457458,-4.6357717514,15.5554904938,11.2595119476,-5.56685304642,11.0841436386,35.0295562744,86.000213623]],"icov":[[0.000418359413743,-0.00103793898597,0.00121433811728,-0.00127398071345,0.00119305239059,-0.00147605955135,0.00107647152618,-0.000976361217909,0.000918536388781,-0.000630262249615,0.00107862160075,-0.000921722559724,0.000424399157055],[-0.00103793898597,0.00396018056199,-0.00263409502804,0.00235731108114,-0.0033370947931,0.00428548455238,-0.00317457970232,0.00271382252686,-0.00207134499215,0.00214115390554,-0.00295953871682,0.00334547669627,-0.00159165053628],[0.00121433811728,-0.00263409502804,0.00466450490057,-0.00426889304072,0.00275102769956,-0.00452825939283,0.0032331366092,-0.00266329129227,0.00223680841736,-0.001567278523,0.00267901201732,-0.00257158721797,0.00128596671857],[-0.00127398071345,0.00235731108114,-0.00426889304072,0.00707468297333,-0.00389589625411,0.00369275920093,-0.00215966999531,0.00338621530682,-0.0034121714998,0.0022366985213,-0.00220713927411,0.00213640066795,-0.000559663516469],[0.00119305239059,-0.0033370947931,0.00275102769956,-0.00389589625411,0.00770806893706,-0.00371320918202,0.00126145919785,-0.00210429471917,0.00204671453685,-0.0017439435469,0.00278856046498,-0.00290165911429,0.000615710450802],[-0.00147605955135,0.00428548455238,-0.00452825939283,0.00369275920093,-0.00371320918202,0.0102463085204,-0.00562121672556,0.00306358607486,-0.00158224825282,0.000945033272728,-0.00287632504478,0.00434987386689,-0.0016678274842],[0.00107647152618,-0.00317457970232,0.0032331366092,-0.00215966999531,0.00126145919785,-0.00562121672556,0.00916195008904,-0.00226220488548,0.00082094402751,-0.000357242679456,0.0016495869495,-0.00207830965519,0.00186346797273],[-0.000976361217909,0.00271382252686,-0.00266329129227,0.00338621530682,-0.00210429471917,0.00306358607486,-0.00226220488548,0.00909954961389,-0.00382315996103,0.00223801075481,-0.00248933606781,0.000108448744868,-0.00123078806791],[0.000918536388781,-0.00207134499215,0.00223680841736,-0.0034121714998,0.00204671453685,-0.00158224825282,0.00082094402751,-0.00382315996103,0.0113705256954,-0.00353730493225,0.0029606167227,-0.00224831607193,0.0000626029577688],[-0.000630262249615,0.00214115390554,-0.001567278523,0.0022366985213,-0.0017439435469,0.000945033272728,-0.000357242679456,0.00223801075481,-0.00353730493225,0.0112890014425,-0.00628833426163,0.00223605684005,0.000250576180406],[0.00107862160075,-0.00295953871682,0.00267901201732,-0.00220713927411,0.00278856046498,-0.00287632504478,0.0016495869495,-0.00248933606781,0.0029606167227,-0.00628833426163,0.0161283928901,-0.00587719958276,0.000784858246334],[-0.000921722559724,0.00334547669627,-0.00257158721797,0.00213640066795,-0.00290165911429,0.00434987386689,-0.00207830965519,0.000108448744868,-0.00224831607193,0.00223605684005,-0.00587719958276,0.0161981396377,-0.00574057875201],[0.000424399157055,-0.00159165053628,0.00128596671857,-0.000559663516469,0.000615710450802,-0.0016678274842,0.00186346797273,-0.00123078806791,0.0000626029577688,0.000250576180406,0.000784858246334,-0.00574057875201,0.01455817651]],"mean":[-53.4432449341,82.3702774048,-133.569747925,44.0646095276,-48.8349609375,5.62280988693,-29.4738636017,7.05268573761,-19.7740516663,-3.44590544701,-16.859746933,-2.80175566673,-5.71755218506]},"hfc":{"dmean":5.8959031105,"dmean2":7.83457279205,"dvar":94.7210845947,"dvar2":163.272537231,"max":217.25668335,"mean":20.2146129608,"median":12.6580209732,"min":1.05517395634e-16,"var":483.057434082},"melbands":{"dmean":[0.000430892425356,0.000425356178312,0.000264742877334,0.000225552881602,0.000116654904559,0.000100967961771,0.0000714397829142,0.0000448501450592,0.0000414820024162,0.000117770403449,0.000138820309076,0.0000750899853301,0.0000618300327915,0.000045697484893,0.0000214566953218,0.0000210298348975,0.0000251916862908,0.0000268506846623,0.000046361292334,0.0000361216953024,0.0000325429718941,0.0000168599053723,0.0000124157677419,0.00000923733477975,0.0000122247338368,0.0000134976826303,0.00000748325510358,0.00000537895721209,0.00000293079506264,0.00000238059351432,0.00000268097596745,0.00000198371685656,0.0000019799722395,0.00000178392792805,0.00000111414863113,0.00000119634034945,0.0000010179506944,7.53532219733e-7,5.80649270887e-7,4.12539236549e-7],"dmean2":[0.000719826668501,0.000654959119856,0.000397808558773,0.000358497083653,0.000172865780769,0.000148805207573,0.000104512037069,0.0000699013835401,0.0000610980496276,0.000170700252056,0.000193112355191,0.000104900827864,0.0000834424354252,0.0000609620437899,0.0000303176402667,0.0000295049776469,0.0000387261316064,0.0000404149250244,0.0000679088261677,0.0000540461514902,0.0000469859260193,0.0000243529757427,0.0000184935033758,0.0000143067927638,0.000018834720322,0.0000201629736694,0.0000110924802357,0.00000819967408461,0.00000445087152912,0.00000361451839126,0.00000397803933083,0.00000296824691759,0.00000287389889309,0.00000260012689068,0.00000160877243616,0.00000182080589184,0.0000014732688669,0.0000011295647937,8.48614661209e-7,5.78448180022e-7],"dvar":[8.2743395069e-7,6.3640385406e-7,2.59694871829e-7,1.61282230238e-7,4.14943137628e-8,4.06250606488e-8,3.98033357385e-8,2.22055298593e-8,1.43749554482e-8,9.00246064361e-8,1.44748653952e-7,9.53791712277e-8,5.74207135173e-8,3.28389262449e-8,7.27360172093e-9,5.26552623725e-9,5.5845355007e-9,8.16691070327e-9,1.50667904819e-8,9.7201215965e-9,9.14246989225e-9,2.10008033186e-9,1.11886677701e-9,3.79756726065e-10,7.9046563739e-10,1.06048603232e-9,3.01385166823e-10,1.42523409741e-10,4.15625728278e-11,4.00712449333e-11,1.1764481056e-10,7.34669686198e-11,7.78111325372e-11,3.82270430588e-11,2.05625048239e-11,6.5515121106e-11,6.01766275699e-11,3.36269935508e-11,2.59235202749e-11,7.97122871182e-12],"dvar2":[0.00000221186496674,0.00000147466175804,6.29979183486e-7,4.25592588726e-7,8.41221705628e-8,7.87397382851e-8,8.14464584664e-8,5.4513986214e-8,2.77892659994e-8,1.66344250374e-7,2.65043780701e-7,1.63662477348e-7,9.86402213243e-8,5.14415283703e-8,1.24510073363e-8,9.38088362545e-9,1.22626193644e-8,1.51140557847e-8,3.03064382479e-8,2.02052898857e-8,1.77439822835e-8,4.0614254182e-9,2.26850893625e-9,8.12847011922e-10,1.86370341382e-9,2.2992490134e-9,6.36028174572e-10,3.22555593346e-10,8.23201160016e-11,7.82951689593e-11,2.36817121468e-10,1.58511967441e-10,1.57042143178e-10,8.08773464867e-11,4.84804765777e-11,1.61828370149e-10,1.24590227024e-10,8.12564182606e-11,5.33180513629e-11,1.58106670117e-11],"max":[0.0118808997795,0.0153131466359,0.0112718744203,0.00975466892123,0.00414668116719,0.00322007178329,0.00660043442622,0.00477963592857,0.00568004371598,0.00764419464394,0.00983592960984,0.0113972341642,0.00728264404461,0.00604876084253,0.00227412302047,0.0026000184007,0.00244959350675,0.00376676954329,0.00244913087226,0.00260507036,0.00266465125605,0.00116478162818,0.000991622917354,0.000508252356667,0.000923262094148,0.000857676728629,0.00040617713239,0.000344182277331,0.000250050186878,0.000204154785024,0.000430956366472,0.000261219625827,0.000357063283445,0.000240679408307,0.000223217051825,0.000306786096189,0.00035875820322,0.000227348849876,0.000234217804973,0.000107264255348],"mean":[0.000627685512882,0.000861144100782,0.000511655292939,0.000365538318874,0.000222969174501,0.000208014025702,0.000123330566566,0.0000776860397309,0.0000713888803148,0.000217982000322,0.000278273771983,0.00014183766325,0.000127586317831,0.000086249980086,0.0000352988645318,0.000037281166442,0.0000416688344558,0.0000417962910433,0.0000786056552897,0.0000578584658797,0.0000567667193536,0.0000307645314024,0.0000216595999518,0.0000174057167897,0.0000212496288441,0.0000231864287343,0.0000141503069244,0.00000998148334475,0.00000547291756448,0.00000412844201492,0.00000423741585109,0.00000303620322484,0.00000292563595394,0.00000259577723227,0.00000168900601238,0.00000172265197307,0.00000140175234264,9.70150608737e-7,7.45916338474e-7,5.432992225e-7],"median":[0.000181744733709,0.000377224903787,0.00026376961614,0.000161849093274,0.0000867651615408,0.0000685862905812,0.0000387821855838,0.00002391158705,0.0000181043797056,0.0000282915825665,0.0000311953772325,0.0000143091147038,0.0000128835381474,0.0000107112064143,0.00000720191792425,0.00000744561657484,0.0000120399554362,0.0000103548582047,0.0000166135268955,0.0000141879218063,0.0000114540725917,0.00000935383468459,0.00000722692448107,0.00000817580257717,0.00000961641308095,0.00000805315085017,0.00000558624742553,0.0000050815879149,0.00000289654872176,0.00000187084935988,0.00000136536380069,8.79072047155e-7,6.43719545224e-7,5.67651227357e-7,4.48543573839e-7,2.69883400961e-7,1.71458552245e-7,1.01976688427e-7,7.04374940597e-8,4.60116247325e-8],"min":[6.01709571914e-25,1.14382484396e-24,1.40182278909e-24,7.24225586952e-25,1.40355285966e-24,1.16746700529e-24,1.69104365163e-24,2.09585531654e-24,2.08338283398e-24,1.29594611852e-24,1.43640004168e-24,1.38694615431e-24,2.3963346047e-24,3.09515689835e-24,2.76829218506e-24,2.57651931014e-24,3.24771628654e-24,2.03685838159e-24,3.64682665647e-24,3.87809582476e-24,4.0067136789e-24,3.35837335559e-24,3.59578025615e-24,3.0798725211e-24,4.21698968078e-24,4.10975469034e-24,4.71577499267e-24,4.2697561923e-24,4.18736953151e-24,3.4779449473e-24,4.29525296562e-24,4.81346200515e-24,3.87211349809e-24,5.04633926639e-24,5.65022096681e-24,4.61516130624e-24,5.37622788075e-24,6.19725103951e-24,6.53487561834e-24,6.68211808402e-24],"var":[0.00000128594319904,0.00000166243512467,5.08449488734e-7,3.46092548398e-7,1.45991563727e-7,1.37089301688e-7,8.29008328651e-8,3.46823938457e-8,4.16924130775e-8,3.4291178963e-7,6.89933813192e-7,3.00847062817e-7,2.61633431364e-7,1.09109635105e-7,1.92050766401e-8,2.00494358893e-8,1.66367488674e-8,1.6351664911e-8,3.75062718661e-8,2.25982361712e-8,2.5559106831e-8,5.70999203475e-9,2.74586220428e-9,1.02281927372e-9,1.38532496585e-9,2.09290940134e-9,7.50956574702e-10,3.00085345462e-10,1.14894406489e-10,9.96488377925e-11,2.70493405452e-10,1.46190212713e-10,1.90023038971e-10,9.79752806662e-11,4.62732768769e-11,1.07050347753e-10,9.58884915914e-11,4.31469651674e-11,3.67232667886e-11,1.46981021104e-11]},"melbands_crest":{"dmean":3.02539682388,"dmean2":4.91029262543,"dvar":8.27737140656,"dvar2":19.4598712921,"max":39.7493743896,"mean":13.2596120834,"median":12.5135850906,"min":1.52857327461,"var":29.6016273499},"melbands_flatness_db":{"dmean":0.0226841792464,"dmean2":0.0327426716685,"dvar":0.000564532238059,"dvar2":0.0010958337225,"max":0.489308178425,"mean":0.174748331308,"median":0.171325013041,"min":0.00255262013525,"var":0.0040800771676},"melbands_kurtosis":{"dmean":4.92533540726,"dmean2":7.45831918716,"dvar":81.3935470581,"dvar2":181.478393555,"max":238.519485474,"mean":9.20187187195,"median":3.17817878723,"min":-1.87258160114,"var":307.774139404},"melbands_skewness":{"dmean":0.630076289177,"dmean2":0.912510812283,"dvar":0.487298756838,"dvar2":1.02552938461,"max":15.0589647293,"mean":2.109998703,"median":1.75079894066,"min":-1.66277086735,"var":3.3002820015},"melbands_spread":{"dmean":10.0157728195,"dmean2":14.7035703659,"dvar":198.262359619,"dvar2":387.064117432,"max":270.975952148,"mean":37.2058448792,"median":31.1247348785,"min":1.34081494808,"var":918.879272461},"mfcc":{"cov":[[11237.0449219,1214.52185059,-450.038116455,199.974990845,-120.273162842,137.329925537,20.0318641663,191.55960083,-5.26840114594,201.279067993,-137.777389526,-281.045471191,-12.1455802917],[1214.52185059,1117.49914551,-151.472351074,313.557678223,53.0668029785,68.4227142334,63.0978736877,32.2865066528,17.8065185547,27.830909729,-48.2582588196,-29.6844997406,-24.9526767731],[-450.038116455,-151.472351074,713.30859375,111.268974304,153.350158691,111.501037598,10.4654188156,15.0222473145,30.6440811157,-48.7205581665,53.3012809753,36.0295906067,-51.5351028442],[199.974990845,313.557678223,111.268974304,430.505401611,137.65045166,69.4129867554,-0.202869027853,33.5192146301,43.2997894287,-36.2556343079,-21.9576358795,42.4326438904,-12.8629407883],[-120.273162842,53.0668029785,153.350158691,137.65045166,226.801528931,37.7973899841,6.33976268768,16.9982776642,25.8646602631,-17.0468025208,-12.8477458954,21.3916397095,-6.88376331329],[137.329925537,68.4227142334,111.501037598,69.4129867554,37.7973899841,275.148040771,75.3115005493,-4.33669519424,20.5389480591,16.2519054413,13.275888443,-8.99490356445,9.63235378265],[20.0318641663,63.0978736877,10.4654188156,-0.202869027853,6.33976268768,75.3115005493,158.834442139,23.5388412476,-2.9139277935,12.9568500519,3.47871947289,-18.0812263489,8.23738002777],[191.55960083,32.2865066528,15.0222473145,33.5192146301,16.9982776642,-4.33669519424,23.5388412476,154.481185913,43.8148002625,-1.49387812614,-17.2428741455,9.11046695709,-0.0195685774088],[-5.26840114594,17.8065185547,30.6440811157,43.2997894287,25.8646602631,20.5389480591,-2.9139277935,43.8148002625,103.91734314,15.03794384,-2.4658100605,9.87983417511,6.4397315979],[201.279067993,27.830909729,-48.7205581665,-36.2556343079,-17.0468025208,16.2519054413,12.9568500519,-1.49387812614,15.03794384,106.089073181,24.2970790863,-26.8704223633,8.1443529129],[-137.777389526,-48.2582588196,53.3012809753,-21.9576358795,-12.8477458954,13.275888443,3.47871947289,-17.2428741455,-2.4658100605,24.2970790863,97.0841217041,29.4564857483,-4.23146295547],[-281.045471191,-29.6844997406,36.0295906067,42.4326438904,21.3916397095,-8.99490356445,-18.0812263489,9.11046695709,9.87983417511,-26.8704223633,29.4564857483,107.597740173,23.0591564178],[-12.1455802917,-24.9526767731,-51.5351028442,-12.8629407883,-6.88376331329,9.63235378265,8.23738002777,-0.0195685774088,6.4397315979,8.1443529129,-4.23146295547,23.0591564178,95.990814209]],"icov":[[0.000115759277833,-0.000109496373625,0.0000188143440027,-0.0000203275285457,0.000062122446252,-0.0000720539683243,0.000132416738779,-0.000191341605387,0.000111885805381,-0.000142123681144,0.0000335810436809,0.000251990393735,-0.0000606574758422],[-0.000109496373625,0.00145129335579,0.000413376284996,-0.00113550585229,0.0000168590067915,-0.0000361900092685,-0.000591739080846,0.000132989691338,0.0000543688584003,-0.000386971136322,0.000247609859798,0.000025216031645,0.00052286911523],[0.0000188143440027,0.000413376284996,0.00218237983063,-0.00029107282171,-0.00119396962691,-0.000775978202,0.0000466085548396,-0.000225564246648,-0.000306135450955,0.00100275233854,-0.00139212422073,0.000178708360181,0.00106185884215],[-0.0000203275285457,-0.00113550585229,-0.00029107282171,0.0042405934073,-0.0016612817999,-0.000675577437505,0.000594643352088,-0.000153518412844,-0.000881189422216,0.00102938048076,0.00052001059521,-0.00143411324825,0.000351036607753],[0.000062122446252,0.0000168590067915,-0.00119396962691,-0.0016612817999,0.006394718308,0.0000386514002457,-0.000278075604001,0.0000541387344128,-0.000389181717765,-0.000645882333629,0.00158016721252,-0.000641084741801,-0.0000682379613863],[-0.0000720539683243,-0.0000361900092685,-0.000775978202,-0.000675577437505,0.0000386514002457,0.00496061425656,-0.00229100557044,0.00098028825596,-0.000885071058292,-0.000502051727381,-0.000350884423824,0.000502957729623,-0.000858181039803],[0.000132416738779,-0.000591739080846,0.0000466085548396,0.000594643352088,-0.000278075604001,-0.00229100557044,0.00820665806532,-0.00203976803459,0.00135724397842,-0.0000863433015184,-0.000872167409398,0.00166553154122,-0.0010493445443],[-0.000191341605387,0.000132989691338,-0.000225564246648,-0.000153518412844,0.0000541387344128,0.00098028825596,-0.00203976803459,0.00836198218167,-0.00355043075979,0.0000614362797933,0.00171389093157,-0.00157096656039,0.00063685659552],[0.000111885805381,0.0000543688584003,-0.000306135450955,-0.000881189422216,-0.000389181717765,-0.000885071058292,0.00135724397842,-0.00355043075979,0.0124122407287,-0.00283045321703,0.000718211580534,-0.000597887148615,-0.000727700884454],[-0.000142123681144,-0.000386971136322,0.00100275233854,0.00102938048076,-0.000645882333629,-0.000502051727381,-0.0000863433015184,0.0000614362797933,-0.00283045321703,0.0135028623044,-0.00556241208687,0.00436172261834,-0.00167955178767],[0.0000335810436809,0.000247609859798,-0.00139212422073,0.00052001059521,0.00158016721252,-0.000350884423824,-0.000872167409398,0.00171389093157,0.000718211580534,-0.00556241208687,0.0153856482357,-0.00636649457738,0.00224598776549],[0.000251990393735,0.000025216031645,0.000178708360181,-0.00143411324825,-0.000641084741801,0.000502957729623,0.00166553154122,-0.00157096656039,-0.000597887148615,0.00436172261834,-0.00636649457738,0.0148956989869,-0.00448637222871],[-0.0000606574758422,0.00052286911523,0.00106185884215,0.000351036607753,-0.0000682379613863,-0.000858181039803,-0.0010493445443,0.00063685659552,-0.000727700884454,-0.00167955178767,0.00224598776549,-0.00448637222871,0.0127024902031]],"mean":[-672.855895996,104.549087524,-19.7691230774,37.5650405884,1.56270968914,5.78631353378,-1.53806936741,7.02163171768,1.13150024414,6.0404086113,-6.70685100555,-6.16192531586,-1.61809635162]},"pitch_salience":{"dmean":0.0631215944886,"dmean2":0.0987787768245,"dvar":0.00332270329818,"dvar2":0.00796681176871,"max":0.965046226978,"mean":0.543797016144,"median":0.545348882675,"min":0.0140082994476,"var":0.0133683392778},"silence_rate_20dB":{"dmean":0,"dmean2":0,"dvar":0,"dvar2":0,"max":1,"mean":1,"median":1,"min":1,"var":0},"silence_rate_30dB":{"dmean":0,"dmean2":0,"dvar":0,"dvar2":0,"max":1,"mean":1,"median":1,"min":1,"var":0},"silence_rate_60dB":{"dmean":0.0283085629344,"dmean2":0.0566271468997,"dvar":0.0275079216808,"dvar2":0.0604973211884,"max":1,"mean":0.111799046397,"median":0,"min":0,"var":0.0993040278554},"spectral_centroid":{"dmean":287.020721436,"dmean2":419.011016846,"dvar":104923.539062,"dvar2":201159.078125,"max":11824.0654297,"mean":2058.7565918,"median":1885.4041748,"min":278.808013916,"var":2174215.5},"spectral_complexity":{"dmean":3.17197442055,"dmean2":4.5694565773,"dvar":12.3986673355,"dvar2":23.2715053558,"max":49,"mean":14.9527683258,"median":15,"min":0,"var":64.4697799683},"spectral_contrast_coeffs":{"dmean":[0.0500674769282,0.0442598797381,0.0411010049284,0.0351593084633,0.0252011716366,0.0178933702409],"dmean2":[0.0802204236388,0.0700295642018,0.0629954785109,0.0539835691452,0.0384740270674,0.0272172130644],"dvar":[0.00186880864203,0.00148054433521,0.00132983643562,0.000939905119594,0.000496171531267,0.000273829355137],"dvar2":[0.00467350287363,0.00343491742387,0.00275052106008,0.00212564319372,0.00106463127304,0.000559245760087],"max":[-0.349206835032,-0.435247421265,-0.392943233252,-0.479413509369,-0.542914450169,-0.58125436306],"mean":[-0.659850537777,-0.720415771008,-0.726962447166,-0.743653714657,-0.764189362526,-0.73444545269],"median":[-0.657524347305,-0.72522354126,-0.741067945957,-0.746588230133,-0.768506526947,-0.725881159306],"min":[-0.978141188622,-0.981413125992,-0.991127312183,-0.982808530331,-0.967662572861,-0.965690374374],"var":[0.00853505171835,0.00843891501427,0.0109287146479,0.00650899577886,0.00385931693017,0.00290600769222]},"spectral_contrast_valleys":{"dmean":[0.46658089757,0.364761441946,0.322053462267,0.28942373395,0.233208715916,0.329426378012],"dmean2":[0.707342028618,0.574256658554,0.503572046757,0.437262296677,0.333879351616,0.40970531106],"dvar":[0.186131313443,0.123131513596,0.107548363507,0.0971218273044,0.0789588317275,0.14034318924],"dvar2":[0.360568583012,0.247601479292,0.207208961248,0.165301606059,0.119014658034,0.202879667282],"max":[-5.51146364212,-5.38653945923,-5.99880838394,-5.9935760498,-5.19571638107,-7.49129247665],"mean":[-8.2430973053,-7.93688011169,-8.29372596741,-8.5428314209,-7.99024915695,-10.9895515442],"median":[-7.67835760117,-7.40602827072,-7.76935195923,-8.03295612335,-7.46265363693,-10.6193246841],"min":[-28.1092815399,-28.0643386841,-27.9593429565,-27.7744655609,-27.4899864197,-27.3645381927],"var":[9.68371200562,9.25799465179,8.86792373657,8.67619037628,9.00624370575,6.95376348495]},"spectral_decrease":{"dmean":1.24604604412e-9,"dmean2":1.74627390326e-9,"dvar":2.37781979949e-18,"dvar2":4.86387742291e-18,"max":1.29406399435e-18,"mean":-4.28936530739e-9,"median":-3.59336915778e-9,"min":-2.38778312678e-8,"var":1.15571747855e-17},"spectral_energy":{"dmean":0.00509251840413,"dmean2":0.00708955992013,"dvar":0.000038016030885,"dvar2":0.0000762022900744,"max":0.0934173464775,"mean":0.01802255027,"median":0.015153741464,"min":1.0058921761e-20,"var":0.000198074558284},"spectral_energyband_high":{"dmean":0.000381835357985,"dmean2":0.000521249428857,"dvar":0.0000012087551795,"dvar2":0.00000200610725187,"max":0.0326472260058,"mean":0.000772819272242,"median":0.000312069547363,"min":7.13130096761e-21,"var":0.00000422727089244},"spectral_energyband_low":{"dmean":0.00241417624056,"dmean2":0.00365934637375,"dvar":0.0000190582504729,"dvar2":0.0000455966146546,"max":0.0777167081833,"mean":0.00470239762217,"median":0.00241392478347,"min":1.34859858047e-23,"var":0.0000449561957794},"spectral_energyband_middle_high":{"dmean":0.00207019876689,"dmean2":0.00271859648637,"dvar":0.00001267204334,"dvar2":0.0000198098859983,"max":0.0681979879737,"mean":0.00674541806802,"median":0.00278710434213,"min":1.20225562448e-21,"var":0.0000901453677216},"spectral_energyband_middle_low":{"dmean":0.00238249916583,"dmean2":0.00347815477289,"dvar":0.0000100464103525,"dvar2":0.000020981675334,"max":0.0569650121033,"mean":0.00670226803049,"median":0.00480634626001,"min":1.49104215283e-22,"var":0.0000482543036924},"spectral_entropy":{"dmean":0.152947753668,"dmean2":0.20854113996,"dvar":0.0249434411526,"dvar2":0.0419820472598,"max":9.82698917389,"mean":7.57846832275,"median":7.53873586655,"min":5.95069074631,"var":0.261112302542},"spectral_flux":{"dmean":0.0210327077657,"dmean2":0.0319162458181,"dvar":0.000466978352051,"dvar2":0.00107271177694,"max":0.252038180828,"mean":0.0701945573092,"median":0.0656916424632,"min":6.32438615367e-11,"var":0.001647516503},"spectral_kurtosis":{"dmean":1.35464644432,"dmean2":2.2947871685,"dvar":1.66473650932,"dvar2":4.65845489502,"max":15.4288635254,"mean":3.75641775131,"median":3.46768140793,"min":-1.28237402439,"var":4.92036581039},"spectral_rms":{"dmean":0.000583918765187,"dmean2":0.000790208345279,"dvar":3.81707110364e-7,"dvar2":7.1340264185e-7,"max":0.00954666826874,"mean":0.00380390649661,"median":0.00384501484223,"min":3.13266361636e-12,"var":0.00000311326448355},"spectral_rolloff":{"dmean":572.118835449,"dmean2":917.702148438,"dvar":968900.375,"dvar2":1826297.25,"max":21059.4726562,"mean":2472.01074219,"median":2002.58789062,"min":21.533203125,"var":8848095},"spectral_skewness":{"dmean":0.183457747102,"dmean2":0.295683145523,"dvar":0.0263021755964,"dvar2":0.0650771856308,"max":2.93917536736,"mean":1.16330468655,"median":1.15549814701,"min":-0.382331192493,"var":0.149821296334},"spectral_spread":{"dmean":461114.25,"dmean2":655813.375,"dvar":757480751104,"dvar2":1387477467140,"max":42519292,"mean":4699561,"median":3650949,"min":1770334.875,"var":29413324357600},"spectral_strongpeak":{"dmean":0.710951149464,"dmean2":1.13739860058,"dvar":1.59311330318,"dvar2":3.76272892952,"max":15.832654953,"mean":1.42521893978,"median":0.456515401602,"min":0,"var":4.27170991898},"zerocrossingrate":{"dmean":0.0115341329947,"dmean2":0.0129296462983,"dvar":0.000297501421301,"dvar2":0.00032732883119,"max":0.52685546875,"mean":0.0822487473488,"median":0.06640625,"min":0,"var":0.00583032425493}},"metadata":{"audio_properties":{"analysis_sample_rate":44100,"bit_rate":320000,"codec":"mp3","downmix":"mix","equal_loudness":0,"length":131.239181519,"lossless":false,"md5_encoded":"51f7162ed0144b39e379db333bd1e859","replay_gain":-15.7656154633,"sample_rate":44100},"tags":{"album":["Reflections"],"albumartist":["Diana Ross & the Supremes"],"artist":["Diana Ross & The Supremes"],"bpm":["112"],"composer":["Robert Rogers/Smokey Robinson/Warren \"Pete\" Moore"],"date":["1968"],"file_name":"copy7878870527102233260.mp3","genre":["R & B/Soul"],"initialkey":["Bm"],"label":["Motown"],"length":["131000"],"musicbrainz_recordingid":["71ec5a44-b270-43e9-b8a4-4d50193429a9"],"title":["Then"],"tracknumber":["10"]},"version":{"essentia":"2.1-beta2","essentia_build_sha":"cead25079874084f62182a551b7393616cd33d87","essentia_git_sha":"v2.1_beta2-1-ge3940c0","extractor":"music 1.0"}},"rhythm":{"beats_count":242,"beats_loudness":{"dmean":0.012833641842,"dmean2":0.0216635596007,"dvar":0.000138288931339,"dvar2":0.000384213519283,"max":0.0840554013848,"mean":0.0243047624826,"median":0.0236491598189,"min":0,"var":0.000207994598895},"beats_loudness_band_ratio":{"dmean":[0.228833705187,0.126792684197,0.135304197669,0.112630873919,0.126945436001,0.0920014157891],"dmean2":[0.38288128376,0.230457678437,0.227625757456,0.192550376058,0.231467932463,0.172703593969],"dvar":[0.0337890349329,0.0173932574689,0.0204549524933,0.0175058115274,0.0137255229056,0.0165717322379],"dvar2":[0.100436575711,0.0504494085908,0.0513298511505,0.0458457842469,0.0383982174098,0.0475445725024],"max":[0.990727066994,0.895885288715,0.712606310844,0.734393894672,0.601347446442,0.791443705559],"mean":[0.307565420866,0.153721883893,0.158518120646,0.14206212759,0.162383392453,0.101087681949],"median":[0.259826362133,0.116932585835,0.0996748581529,0.0857339650393,0.12772244215,0.0746490955353],"min":[0,0,0,0,0,0],"var":[0.0571947991848,0.0191531125456,0.0260649528354,0.0223686136305,0.01581