{"lowlevel":{"average_loudness":0.814316391945,"barkbands":{"dmean":[0.000137621202157,0.00504913553596,0.00467712152749,0.00205310829915,0.00298842135817,0.000607943336945,0.0004115869815,0.000347368710209,0.000398679461796,0.000242907379288,0.000144139063195,0.000267048133537,0.000215770560317,0.000218519344344,0.000230405959883,0.000226905001909,0.000318655569572,0.000215615800698,0.000251444696914,0.000168995815329,0.000115856848424,0.0000685836130287,0.0000371869646187,0.0000273533496511,0.0000149773450175,0.00000713528879714,9.24286212012e-7],"dmean2":[0.000227887314395,0.00869874190539,0.00809413660318,0.00347402156331,0.00508759450167,0.000984804471955,0.000669844681397,0.000555657199584,0.000642389000859,0.000381430669222,0.000228026823606,0.000445067038527,0.000347903667716,0.000366856227629,0.0003736850922,0.000372510490706,0.000509259349201,0.000365353451343,0.000429924024502,0.000283367233351,0.00019699515542,0.000114774913527,0.0000611006398685,0.0000431107037002,0.0000229422257689,0.0000110818145913,0.00000141518626151],"dvar":[6.51369589377e-8,0.0000872446980793,0.0000903927139007,0.0000152903412527,0.0000615223907516,0.00000140288489092,9.47202408952e-7,0.00000155448503847,0.00000135897983,7.65644699641e-7,1.99145986812e-7,7.34042771455e-7,2.4703768986e-7,3.10755552846e-7,2.92336153507e-7,2.04627042422e-7,3.54017856807e-7,1.23176761235e-7,1.84973373507e-7,7.43322416952e-8,3.60116985121e-8,1.63506292949e-8,5.5358921891e-9,6.50012932368e-9,3.13754155989e-9,6.9903144384e-10,2.0756431296e-11],"dvar2":[1.76753800929e-7,0.000238017193624,0.000253162783338,0.0000418750023528,0.00016898708418,0.0000036085884858,0.00000230174168792,0.00000388222952097,0.00000335528557116,0.00000177086292297,4.42564129344e-7,0.00000183305303381,6.0663342083e-7,7.96661026925e-7,7.12237238076e-7,5.04324702888e-7,8.13594169813e-7,3.31201192694e-7,5.05979869558e-7,2.00712364062e-7,9.89247368466e-8,4.44215935147e-8,1.30614363769e-8,1.36460229783e-8,5.89777471305e-9,1.42874789777e-9,4.95428489899e-11],"max":[0.00440292758867,0.127085581422,0.108966082335,0.0641536265612,0.0992100983858,0.0327036194503,0.0235670767725,0.0301737487316,0.0290936734527,0.0243777520955,0.0145296696573,0.0244158543646,0.0115560349077,0.0114086270332,0.011701692827,0.00947652291507,0.0126447770745,0.00748747354373,0.0126379719004,0.00513118971139,0.00300372811034,0.00269684288651,0.00305507378653,0.00337356841192,0.00149448006414,0.000760479597375,0.000217796477955],"mean":[0.00025830391678,0.00798664055765,0.00643611466512,0.00291497004218,0.00441712280735,0.00117698067334,0.000601863197517,0.000467903068056,0.000618383637629,0.000364582694601,0.000213308914681,0.000341950624716,0.000337779230904,0.000292628450552,0.000375792500563,0.000427008490078,0.000659679993987,0.000484675954795,0.000611193594523,0.000415599206463,0.00027686386602,0.0001498531783,0.0000850259020808,0.0000564944239159,0.0000277695016848,0.0000100470269899,0.00000122972846839],"median":[0.000167712583789,0.00547498092055,0.00338837411255,0.00159415160306,0.00223116157576,0.000636279990431,0.00023674001568,0.000102274905657,0.000208307188586,0.00011380048818,0.0000697911527823,0.000127062638057,0.000141906974022,0.0000963787169894,0.000165897552506,0.000224361108849,0.000359771889634,0.000228258490097,0.00030217593303,0.000263168418314,0.0002125002502,0.000104366219603,0.0000551745724806,0.0000241574980464,0.0000109414495455,0.0000027204835078,2.80526506913e-7],"min":[1.85197829716e-23,2.25926812916e-23,1.73024822424e-23,1.43837126703e-23,3.77028181041e-23,3.16739360142e-23,2.3895862152e-23,1.7493088392e-23,6.75600169199e-23,9.05248307218e-23,1.75897364747e-22,2.26177781124e-22,1.26063039746e-22,3.82113430872e-23,1.36636817723e-22,1.05039473792e-22,8.63590456079e-23,2.78781828318e-22,2.41769610605e-22,3.10909394063e-22,4.45350124e-22,5.5889202267e-22,5.89907004237e-22,9.07253654748e-22,1.08189761418e-21,1.94559604954e-21,2.55778442373e-21],"var":[1.01797461127e-7,0.0000914529009606,0.0000874828110682,0.0000158079201356,0.0000549755059183,0.00000248051060225,0.00000144071520936,0.00000234691810874,0.00000230577438742,0.00000128366957597,3.24289828768e-7,8.10642688975e-7,4.27075491416e-7,4.16552040861e-7,5.12549377163e-7,4.5321579023e-7,9.7792667475e-7,3.66971818266e-7,6.09687845099e-7,2.31869279332e-7,8.76743229128e-8,3.14314476668e-8,1.60181734543e-8,1.87108337713e-8,6.72071687191e-9,1.20740661913e-9,2.61634325316e-11]},"barkbands_crest":{"dmean":2.71709418297,"dmean2":4.55049848557,"dvar":6.8204498291,"dvar2":18.974281311,"max":26.1550712585,"mean":10.9087429047,"median":9.88944625854,"min":3.0815653801,"var":21.0173587799},"barkbands_flatness_db":{"dmean":0.0242812633514,"dmean2":0.0392649397254,"dvar":0.00078265578486,"dvar2":0.00197078473866,"max":0.413739055395,"mean":0.149668306112,"median":0.128460496664,"min":0.0406867526472,"var":0.0046342308633},"barkbands_kurtosis":{"dmean":6.24861764908,"dmean2":10.1676015854,"dvar":247.265289307,"dvar2":613.899047852,"max":399.386016846,"mean":9.9191493988,"median":2.32250738144,"min":-1.95554316044,"var":526.206604004},"barkbands_skewness":{"dmean":0.742161929607,"dmean2":1.18613886833,"dvar":0.895709991455,"dvar2":2.28856134415,"max":17.0411205292,"mean":2.27688264847,"median":1.81259226799,"min":-2.61647081375,"var":3.22828173637},"barkbands_spread":{"dmean":6.31122636795,"dmean2":10.1350183487,"dvar":58.6411361694,"dvar2":138.86265564,"max":133.699203491,"mean":25.1089477539,"median":24.7091598511,"min":0.349620908499,"var":246.421478271},"dissonance":{"dmean":0.0107114780694,"dmean2":0.0181017685682,"dvar":0.000150343534187,"dvar2":0.000411084445659,"max":0.500000059605,"mean":0.477794706821,"median":0.484447658062,"min":0.253885954618,"var":0.000554165628273},"dynamic_complexity":3.37033295631,"erbbands":{"dmean":[0.132817402482,1.27968943119,4.79643774033,6.07206678391,10.7095279694,8.28988456726,5.845225811,4.72570180893,5.55523347855,6.81231594086,7.28182983398,8.40022563934,9.82496547699,5.18488073349,6.39319372177,11.341463089,9.07546520233,11.4494581223,11.0429859161,10.0651369095,14.6783618927,15.4623670578,10.5392303467,13.5885601044,10.1223258972,7.83871984482,5.43283843994,4.1489944458,2.4928984642,1.77510356903,1.00217914581,0.623355984688,0.440543621778,0.198528170586,0.0938466712832,0.0499838739634,0.00881428550929,0.00145004224032,0.00014168942289,0.0000202946739591],"dmean2":[0.224354729056,2.23258852959,8.33913993835,10.2540178299,18.4178276062,14.109544754,9.42379570007,7.7313876152,8.91158294678,10.8839645386,11.7782430649,13.585811615,15.361366272,8.27463817596,10.0553693771,19.0576705933,14.5092763901,18.9683685303,18.074836731,16.321554184,23.6987953186,24.9908733368,17.6721286774,22.8020362854,17.3045578003,13.1400537491,9.13570213318,7.04249668121,4.18003225327,2.95593357086,1.65187430382,0.989123821259,0.687331199646,0.30634239316,0.14228130877,0.0785230621696,0.0133105162531,0.00215408368967,0.000216899396037,0.0000323812018905],"dvar":[0.0527075827122,6.11017227173,97.4684295654,114.04019928,711.994995117,431.743682861,105.669395447,122.199554443,148.130371094,469.706329346,744.694458008,634.310424805,1360.10144043,314.384094238,380.451812744,1403.2298584,445.93347168,871.218994141,682.942687988,515.773193359,840.633361816,734.846496582,310.414672852,481.956298828,348.802947998,174.697692871,76.2442245483,48.5242614746,21.2371311188,8.94836235046,4.80074691772,2.79532957077,1.95828223228,0.427970856428,0.173692405224,0.0305343531072,0.00153115706053,0.0000561426459171,4.85380326154e-7,1.90278504064e-9],"dvar2":[0.137401074171,17.0981807709,273.365478516,311.549316406,1946.75512695,1189.13378906,273.911529541,319.77142334,345.251586914,1086.95397949,1983.52624512,1594.62109375,3240.93481445,806.252258301,836.607421875,3588.64990234,1104.32214355,2226.76074219,1648.94018555,1219.91210938,1996.81347656,1737.0423584,835.143920898,1302.78442383,986.942199707,472.549499512,211.157592773,133.752151489,57.5640487671,23.4400959015,11.2869758606,5.63335371017,4.22923946381,0.851370573044,0.32464876771,0.0649117529392,0.00296997418627,0.000121766039229,0.00000112571967747,4.5854888775e-9],"max":[3.23428583145,30.9033241272,113.563240051,164.211471558,343.092559814,323.727416992,156.408538818,388.785919189,309.737335205,717.716674805,789.83605957,759.121154785,1316.69567871,735.569458008,516.368408203,1022.90661621,635.936157227,612.213439941,629.945983887,764.758361816,591.717956543,623.874450684,346.459564209,545.237792969,470.976806641,279.696044922,138.38053894,114.004417419,92.7383575439,49.2986755371,107.706954956,73.872505188,51.9705085754,19.9967269897,12.8368682861,4.95376968384,1.32834982872,0.328829616308,0.0319489240646,0.0019350227667],"mean":[0.183695539832,1.97741281986,6.93341445923,9.62067890167,13.0635471344,13.0660676956,12.8055639267,8.61288070679,9.06775665283,9.50747489929,10.5400428772,13.3096179962,15.5833654404,8.21463680267,9.86369609833,15.0377845764,15.3886957169,16.4658355713,17.8476524353,18.9412288666,30.4245204926,34.3640022278,25.4957675934,34.0874595642,24.8155479431,19.2055892944,13.3941297531,9.5369310379,5.46944093704,3.92755746841,2.28411078453,1.33334600925,0.864056527615,0.385410308838,0.156341582537,0.0673245936632,0.0133894849569,0.00211940286681,0.000213451610762,0.000047035402531],"median":[0.117806784809,1.30004799366,4.17347192764,5.5401802063,5.79759979248,6.20301198959,6.90736198425,4.50809335709,4.1128153801,3.16121006012,2.58039665222,4.57093906403,5.0316195488,2.92503714561,3.47403478622,5.98958206177,7.34082221985,5.63201189041,8.01711654663,9.09091663361,16.3958473206,20.0319461823,13.8595819473,14.9941043854,14.097234726,12.002035141,9.9601316452,6.94667387009,3.83139967918,2.65592908859,1.44665539265,0.633227407932,0.345833957195,0.163763478398,0.0538599155843,0.0189445950091,0.00353840156458,0.000478347821627,0.0000660647201585,0.0000372012946173],"min":[7.21245907851e-22,5.01689524768e-21,1.61031531152e-20,4.75447034042e-20,3.00569840374e-20,1.5437162539e-19,2.39636679149e-19,3.1752002482e-19,2.52616176936e-19,3.68520776065e-19,7.67628209641e-19,1.59419086658e-18,2.55389801418e-18,3.91163578714e-18,8.51166120621e-18,8.25728910578e-18,5.31145947569e-18,2.82621455722e-18,4.46650895563e-18,9.03115048323e-18,5.65481966642e-18,5.31228169322e-18,1.355036077e-17,1.06434239316e-17,1.52547970279e-17,1.48020314478e-17,1.72568288819e-17,1.83369447822e-17,2.22760731577e-17,1.55942057768e-17,1.74810295695e-17,1.65721417104e-17,1.61052743552e-17,1.02839850041e-17,1.00623485764e-17,5.78882292565e-18,4.09014384487e-18,1.24802694716e-18,3.63884066841e-19,3.70611067936e-20],"var":[0.0558636263013,5.93820905685,90.7481079102,144.580307007,608.412231445,467.845428467,270.663970947,181.217697144,258.123535156,733.997558594,1109.73303223,1015.01757812,2487.60693359,427.596160889,641.641174316,1442.46459961,778.913391113,1240.11474609,1065.9017334,1074.06311035,2196.85986328,2124.52392578,934.634033203,1835.17370605,956.020080566,514.279724121,197.345840454,113.973884583,41.4494781494,21.9212818146,13.5250387192,9.26786708832,4.88978099823,0.949648559093,0.343673855066,0.0497068352997,0.00282379845157,0.0000827944095363,6.71079533276e-7,3.2843461284e-9]},"erbbands_crest":{"dmean":2.0332968235,"dmean2":3.3615527153,"dvar":4.64271259308,"dvar2":12.0706729889,"max":24.6760120392,"mean":7.10012722015,"median":6.23206853867,"min":2.41048741341,"var":9.85020446777},"erbbands_flatness_db":{"dmean":0.0133353266865,"dmean2":0.0200940743089,"dvar":0.000186657736776,"dvar2":0.000414308306063,"max":0.326267391443,"mean":0.144701048732,"median":0.141070216894,"min":0.0424854382873,"var":0.00129078014288},"erbbands_kurtosis":{"dmean":0.69994032383,"dmean2":1.10335123539,"dvar":0.971412777901,"dvar2":2.23969078064,"max":24.9913158417,"mean":-0.0882086828351,"median":-0.576197385788,"min":-1.82399499416,"var":2.72966599464},"erbbands_skewness":{"dmean":0.316584825516,"dmean2":0.499014467001,"dvar":0.102109387517,"dvar2":0.244478538632,"max":3.93443131447,"mean":-0.253905922174,"median":-0.384840220213,"min":-4.4824848175,"var":0.692934215069},"erbbands_spread":{"dmean":9.65831756592,"dmean2":15.1166934967,"dvar":105.017631531,"dvar2":254.37059021,"max":147.231506348,"mean":51.0677185059,"median":48.5560493469,"min":6.28351593018,"var":386.584594727},"gfcc":{"cov":[[8497.38574219,-1401.80664062,-1281.70617676,605.537414551,-689.861206055,159.86819458,-601.351318359,93.1629562378,-263.163330078,17.326253891,-188.892745972,9.77025985718,-96.1725997925],[-1401.80664062,1374.82556152,-86.5523986816,-318.735809326,415.123596191,-234.897872925,236.894973755,-149.350814819,76.920715332,-111.968780518,57.9846801758,-66.2373886108,83.4230117798],[-1281.70617676,-86.5523986816,672.522399902,-25.8740711212,42.1046218872,94.0181427002,69.8437194824,38.5159301758,22.730550766,18.0188846588,11.4996337891,6.15193128586,-38.856552124],[605.537414551,-318.735809326,-25.8740711212,365.942749023,-99.9105377197,66.4328689575,-63.3812103271,6.74734783173,12.8296251297,-2.88530158997,3.98563671112,14.6841373444,-8.4852848053],[-689.861206055,415.123596191,42.1046218872,-99.9105377197,308.144897461,-66.1778411865,89.8792419434,-45.2837486267,30.7102012634,-14.8047847748,6.00218105316,-9.53992366791,28.7613677979],[159.86819458,-234.897872925,94.0181427002,66.4328689575,-66.1778411865,188.086013794,24.3664627075,53.7275161743,6.72447538376,20.0967178345,3.29207086563,-0.882603406906,-22.9670581818],[-601.351318359,236.894973755,69.8437194824,-63.3812103271,89.8792419434,24.3664627075,174.117019653,28.5652580261,47.4892578125,-6.51936388016,22.3802871704,-11.6132984161,2.45782542229],[93.1629562378,-149.350814819,38.5159301758,6.74734783173,-45.2837486267,53.7275161743,28.5652580261,130.653579712,37.3242950439,38.0155448914,5.38868379593,0.92814964056,-9.70748806],[-263.163330078,76.920715332,22.730550766,12.8296251297,30.7102012634,6.72447538376,47.4892578125,37.3242950439,90.0593719482,23.7737369537,20.8801727295,-6.62013578415,0.411352425814],[17.326253891,-111.968780518,18.0188846588,-2.88530158997,-14.8047847748,20.0967178345,-6.51936388016,38.0155448914,23.7737369537,84.3661117554,15.4737987518,14.0478820801,-8.66621303558],[-188.892745972,57.9846801758,11.4996337891,3.98563671112,6.00218105316,3.29207086563,22.3802871704,5.38868379593,20.8801727295,15.4737987518,64.1550216675,17.0816173553,8.34226036072],[9.77025985718,-66.2373886108,6.15193128586,14.6841373444,-9.53992366791,-0.882603406906,-11.6132984161,0.92814964056,-6.62013578415,14.0478820801,17.0816173553,62.5140609741,13.9513521194],[-96.1725997925,83.4230117798,-38.856552124,-8.4852848053,28.7613677979,-22.9670581818,2.45782542229,-9.70748806,0.411352425814,-8.66621303558,8.34226036072,13.9513521194,57.9379348755]],"icov":[[0.000355391006451,-0.000229806901189,0.000654797069728,-0.00043667719001,0.000228172721108,-0.000512124679517,0.000839649175759,-0.000722860102542,0.000817619380541,-0.000213009843719,0.000701538578141,-0.00029226418701,0.000754690438043],[-0.000229806901189,0.0040406328626,-0.00000703771456756,0.00209187110886,-0.00224527646787,0.00270541571081,-0.00357961282134,0.00341600179672,-0.00314313895069,0.00336385099217,-0.00375017197803,0.00335116218776,-0.00272806175053],[0.000654797069728,-0.00000703771456756,0.0030116152484,-0.000435057823779,-0.000230774268857,-0.00155531172641,0.000930048467126,-0.00117074896116,0.00113903952297,0.0000371607129637,0.000823828624561,-0.000817471940536,0.00239120190963],[-0.00043667719001,0.00209187110886,-0.000435057823779,0.00497470609844,-0.000612541858573,0.000209049583646,-0.000831643643323,0.00277651217766,-0.00429945811629,0.0030295427423,-0.00263295765035,0.000847536022775,-0.00175394641701],[0.000228172721108,-0.00224527646787,-0.000230774268857,-0.000612541858573,0.00644590891898,-0.000284282083157,-0.000323099520756,0.000228137578233,0.000413904374,-0.00240716501139,0.00318656512536,-0.00154095783364,-0.000344204192515],[-0.000512124679517,0.00270541571081,-0.00155531172641,0.000209049583646,-0.000284282083157,0.0099910730496,-0.0052197733894,0.00083835539408,-0.00105819001328,0.00102294387762,-0.00292322621681,0.00294002960436,-0.00142096425407],[0.000839649175759,-0.00357961282134,0.000930048467126,-0.000831643643323,-0.000323099520756,-0.0052197733894,0.0142471250147,-0.00589439738542,0.000207482371479,0.000306122470647,0.00143028306775,-0.00253907847218,0.00399889377877],[-0.000722860102542,0.00341600179672,-0.00117074896116,0.00277651217766,0.000228137578233,0.00083835539408,-0.00589439738542,0.0155320819467,-0.00768064847216,-0.000907295616344,-0.00199192133732,0.00271582487039,-0.00387383555062],[0.000817619380541,-0.00314313895069,0.00113903952297,-0.00429945811629,0.000413904374,-0.00105819001328,0.000207482371479,-0.00768064847216,0.0213537979871,-0.00680470233783,0.0000185318767763,0.000817163556349,0.00272760703228],[-0.000213009843719,0.00336385099217,0.0000371607129637,0.0030295427423,-0.00240716501139,0.00102294387762,0.000306122470647,-0.000907295616344,-0.00680470233783,0.0195007268339,-0.00603752583265,-0.00102952029556,0.000789396348409],[0.000701538578141,-0.00375017197803,0.000823828624561,-0.00263295765035,0.00318656512536,-0.00292322621681,0.00143028306775,-0.00199192133732,0.0000185318767763,-0.00603752583265,0.024079201743,-0.00829954072833,0.00122431188356],[-0.00029226418701,0.00335116218776,-0.000817471940536,0.000847536022775,-0.00154095783364,0.00294002960436,-0.00253907847218,0.00271582487039,0.000817163556349,-0.00102952029556,-0.00829954072833,0.0230872668326,-0.00776548078284],[0.000754690438043,-0.00272806175053,0.00239120190963,-0.00175394641701,-0.000344204192515,-0.00142096425407,0.00399889377877,-0.00387383555062,0.00272760703228,0.000789396348409,0.00122431188356,-0.00776548078284,0.0243686605245]],"mean":[-16.6206226349,104.778549194,-114.1900177,62.8938026428,-39.7185096741,7.47551584244,-28.554895401,5.7511844635,-21.4862480164,-1.23061430454,-13.8784265518,-2.78612947464,-8.36431312561]},"hfc":{"dmean":4.77964544296,"dmean2":7.54987287521,"dvar":56.4467201233,"dvar2":144.124771118,"max":133.696472168,"mean":18.0833129883,"median":14.5741224289,"min":1.18114204927e-16,"var":238.486755371},"melbands":{"dmean":[0.00126505398657,0.0021847516764,0.00113022932783,0.000751695304643,0.000212085884414,0.000108088373963,0.0000847298724693,0.0000750825638534,0.0000592933865846,0.0000560509288334,0.0000493860570714,0.000021822987037,0.0000196505352505,0.0000277308918157,0.0000263029251073,0.0000224265750148,0.000022035168513,0.0000180823844858,0.0000167542802956,0.0000135714717544,0.0000209038607863,0.0000193195355678,0.0000124907801364,0.000010709529306,0.0000124969019453,0.00000978628668236,0.00000688768295731,0.00000558149213248,0.00000398342854169,0.00000306508081849,0.00000255567874774,0.00000163170182077,0.00000119336300486,9.52584628067e-7,6.49383025575e-7,4.70423856314e-7,3.83870258247e-7,3.61502856094e-7,2.41590697669e-7,1.51579968133e-7],"dmean2":[0.00215352699161,0.00379640213214,0.00190200924408,0.0012948915828,0.00034487733501,0.000175749592017,0.000136023503728,0.000119129879749,0.0000966031220742,0.0000904988264665,0.0000770832630224,0.0000350710215571,0.0000308222661261,0.0000462127572973,0.0000433639215771,0.0000360964913853,0.000036883084249,0.0000297887563647,0.0000271138778771,0.0000219809571718,0.0000338661084243,0.0000312686279358,0.0000206639106182,0.0000182204275916,0.000020978421162,0.0000168913247762,0.0000116412911666,0.000009373161447,0.00000673818249197,0.00000520799540027,0.00000437711605628,0.00000275918500847,0.00000200270551431,0.00000159018702561,0.00000107247751657,7.72292196416e-7,6.14450584635e-7,5.66850303585e-7,3.73405754317e-7,2.3756660994e-7],"dvar":[0.0000052161090025,0.0000198035413632,0.00000358845045412,0.00000414937312598,1.34540599106e-7,5.48082965679e-8,3.49014293022e-8,5.91118514137e-8,4.91572293981e-8,2.70678857106e-8,3.35730447887e-8,5.74289238386e-9,3.92361654278e-9,1.12666169727e-8,3.52458173758e-9,2.86751400402e-9,3.44918871242e-9,1.86035065131e-9,1.77772552235e-9,8.37252212005e-10,1.83529536013e-9,1.31174671125e-9,4.82082318509e-10,3.09671038812e-10,4.29753510556e-10,3.32856242569e-10,1.62670057979e-10,8.67749275213e-11,3.96539467928e-11,2.42965248615e-11,1.9109734628e-11,8.57156706724e-12,5.61544821059e-12,2.40763745746e-12,1.71307889749e-12,1.76269686781e-12,1.20969770659e-12,1.2217982702e-12,6.28433611573e-13,2.58778729782e-13],"dvar2":[0.0000138754558066,0.0000555466431251,0.00000967831419985,0.000011437635294,3.59512284831e-7,1.41670327025e-7,8.29591115803e-8,1.36803421924e-7,1.33164036242e-7,6.68190978104e-8,7.91136045564e-8,1.4732511211e-8,8.66808047562e-9,2.81158829551e-8,8.79848549573e-9,6.8429533151e-9,8.90075479987e-9,4.51226167542e-9,4.35391012132e-9,2.04959094141e-9,4.32713109788e-9,3.09464209813e-9,1.24177157446e-9,8.62620530562e-10,1.15451759264e-9,9.36639321658e-10,4.46198383797e-10,2.36061753478e-10,1.09951506233e-10,6.62720989197e-11,5.3526350019e-11,2.34099267749e-11,1.53046551127e-11,6.27927571051e-12,4.26048476013e-12,3.50403603702e-12,2.63790356746e-12,2.71621158725e-12,1.28568304007e-12,5.34464508241e-13],"max":[0.0350861921906,0.0469474494457,0.0280065368861,0.025679949671,0.00600370857865,0.00769484275952,0.00462097441778,0.00831793621182,0.00669970409945,0.00418073032051,0.00646173441783,0.00302770547569,0.00227361894213,0.00352465431206,0.00147478934377,0.00108648568857,0.00126030738465,0.00091031845659,0.00122618570458,0.000790853402577,0.000942038779613,0.000783547642641,0.000655882409774,0.000316522346111,0.000514838495292,0.00058946799254,0.00030231141136,0.000213411840377,0.0000918237929,0.0000766582525102,0.0000720508105587,0.0000546119044884,0.0000421555887442,0.0000383364640584,0.0000531226360181,0.0000756653171265,0.0000457755049865,0.000041846644308,0.0000222754460992,0.0000165781493706],"mean":[0.00194090616424,0.00338540715165,0.00177660549525,0.00096187350573,0.000485268828925,0.000200997339562,0.000135935755679,0.000103532271169,0.0000852914672578,0.0000875842160895,0.0000767798192101,0.0000322911037074,0.000029963286579,0.0000356054260919,0.0000386052633985,0.0000341524464602,0.0000293787579722,0.0000269569882221,0.0000274637695838,0.0000246015315497,0.0000399663840653,0.0000389808556065,0.0000249977474596,0.0000231373487622,0.0000286944159598,0.000021182011551,0.0000142736853377,0.0000124837597468,0.00000894581899047,0.00000655150097373,0.00000524372626387,0.00000330919851876,0.00000229396619034,0.00000207079574466,0.00000138237123792,9.55873019848e-7,7.5069038985e-7,6.62696095333e-7,4.52092024261e-7,2.72963006864e-7],"median":[0.00131183490157,0.00224194210023,0.00109907297883,0.000462329306174,0.00026973921922,0.000106833758764,0.0000600227540417,0.0000316733785439,0.0000210066373256,0.0000292237309623,0.000024339871743,0.0000109896263893,0.00000980890308711,0.0000113586092994,0.0000189899201359,0.0000123889121824,0.00000891838408279,0.0000116485498438,0.0000119262076623,0.0000115124748845,0.0000209299305425,0.000021627129172,0.0000136408461913,0.0000102698986666,0.0000121412031149,0.0000107717096398,0.00000832910609461,0.00000751015659262,0.00000621298340775,0.00000482878294861,0.00000327944962919,0.00000217947376768,0.00000154304154876,0.00000133400214963,8.59137685438e-7,4.93026391268e-7,3.19293803841e-7,2.54748925954e-7,1.60659070048e-7,1.19749230976e-7],"min":[7.64051229752e-24,8.21322610357e-24,6.81789997847e-24,6.04465457487e-24,8.77279906466e-24,6.62470399847e-24,4.23493153321e-24,3.71837752386e-24,7.33941513405e-24,9.92389622009e-24,1.25472342277e-23,1.4957653155e-23,2.81361409789e-23,2.6538293749e-23,1.3971733218e-23,1.22341842438e-23,4.14722085017e-24,6.0682281053e-24,1.11879290693e-23,9.97392656756e-24,6.35403320012e-24,4.26528571755e-24,1.22816421159e-23,1.06723887462e-23,8.17099206843e-24,9.55826392369e-24,1.14809072763e-23,9.58225397267e-24,1.1411264269e-23,9.24480136553e-24,1.09642096943e-23,1.25789606356e-23,1.07567605755e-23,8.46756905891e-24,1.06121458055e-23,8.60637939037e-24,1.05400036868e-23,1.23962841158e-23,8.46770000982e-24,8.47920633498e-24],"var":[0.00000561284650757,0.0000184945183719,0.00000433675677414,0.00000331400951836,4.2690896862e-7,8.85722428734e-8,5.83751109673e-8,9.26630647768e-8,7.13693566468e-8,4.5657738923e-8,6.17554007931e-8,7.53659179509e-9,6.57360255119e-9,1.21770309391e-8,4.61634241944e-9,5.05595032507e-9,4.60502036503e-9,2.70480171594e-9,3.14116932465e-9,1.71507497093e-9,4.36283986716e-9,3.33792304907e-9,1.14935228002e-9,8.63798310657e-10,1.4172721885e-9,8.30175983513e-10,3.65730112861e-10,2.32213914764e-10,9.69541391616e-11,5.26164598003e-11,3.98062485751e-11,1.62999960751e-11,8.58610491733e-12,6.48043641319e-12,4.41558812084e-12,5.15055186001e-12,3.34145840337e-12,2.88982553165e-12,1.47653384745e-12,5.00929538735e-13]},"melbands_crest":{"dmean":3.2295486927,"dmean2":5.37453889847,"dvar":8.49326610565,"dvar2":23.9227142334,"max":32.3339080811,"mean":15.9496440887,"median":15.5595378876,"min":2.78586697578,"var":19.5583152771},"melbands_flatness_db":{"dmean":0.0309234373271,"dmean2":0.0491261593997,"dvar":0.00127752777189,"dvar2":0.00311530800536,"max":0.544449985027,"mean":0.229223906994,"median":0.205279067159,"min":0.00653378339484,"var":0.00767505401745},"melbands_kurtosis":{"dmean":14.8713645935,"dmean2":24.5397644043,"dvar":696.540222168,"dvar2":1870.6932373,"max":433.311157227,"mean":28.6350059509,"median":15.6708202362,"min":-1.69531309605,"var":1426.16760254},"melbands_skewness":{"dmean":1.05250012875,"dmean2":1.69494020939,"dvar":1.48509430885,"dvar2":3.9344804287,"max":16.5011692047,"mean":4.06456041336,"median":3.66315674782,"min":-1.1316088438,"var":4.22707414627},"melbands_spread":{"dmean":7.08749866486,"dmean2":11.3895349503,"dvar":87.0530319214,"dvar2":204.168121338,"max":175.769561768,"mean":20.9099693298,"median":17.7012214661,"min":0.437414437532,"var":312.23526001},"mfcc":{"cov":[[9228.8671875,-1934.66247559,-819.408569336,97.5795440674,-268.031738281,-78.4556503296,-373.148376465,-68.8310317993,-239.597457886,-35.3540344238,-150.402801514,-67.7889251709,-137.446624756],[-1934.66247559,1583.38342285,-318.953216553,-26.5499649048,77.3343200684,-16.538936615,122.181396484,-25.6186771393,81.6307220459,-50.4893760681,-10.5665140152,3.21764373779,11.4751291275],[-819.408569336,-318.953216553,616.274475098,-41.9064865112,21.922372818,38.9768371582,43.4005851746,61.2550621033,-1.55453622341,53.3769569397,40.0509529114,10.7860879898,27.7730369568],[97.5795440674,-26.5499649048,-41.9064865112,219.842071533,32.8563461304,27.0495204926,-32.553527832,9.39708995819,-10.3699626923,-14.9845809937,0.480130285025,-14.0157384872,11.4893264771],[-268.031738281,77.3343200684,21.922372818,32.8563461304,137.905059814,25.8901824951,10.2228431702,-11.0492086411,13.3280744553,-9.92347717285,-4.65739631653,1.12691426277,-4.53645658493],[-78.4556503296,-16.538936615,38.9768371582,27.0495204926,25.8901824951,122.696601868,25.5691680908,21.5191917419,1.18075621128,-4.08120107651,14.8676452637,-0.897063612938,-4.0621175766],[-373.148376465,122.181396484,43.4005851746,-32.553527832,10.2228431702,25.5691680908,106.132888794,32.1746559143,32.125328064,10.6918468475,12.3373670578,14.5599155426,5.14805221558],[-68.8310317993,-25.6186771393,61.2550621033,9.39708995819,-11.0492086411,21.5191917419,32.1746559143,95.7246704102,24.0521583557,25.3356952667,16.0483512878,9.13107681274,15.482421875],[-239.597457886,81.6307220459,-1.55453622341,-10.3699626923,13.3280744553,1.18075621128,32.125328064,24.0521583557,89.1460876465,33.08618927,15.4931411743,11.1849870682,14.7787675858],[-35.3540344238,-50.4893760681,53.3769569397,-14.9845809937,-9.92347717285,-4.08120107651,10.6918468475,25.3356952667,33.08618927,87.7089309692,36.9957199097,19.1731395721,14.136425972],[-150.402801514,-10.5665140152,40.0509529114,0.480130285025,-4.65739631653,14.8676452637,12.3373670578,16.0483512878,15.4931411743,36.9957199097,63.4083824158,23.4498157501,16.943239212],[-67.7889251709,3.21764373779,10.7860879898,-14.0157384872,1.12691426277,-0.897063612938,14.5599155426,9.13107681274,11.1849870682,19.1731395721,23.4498157501,58.3213577271,28.385881424],[-137.446624756,11.4751291275,27.7730369568,11.4893264771,-4.53645658493,-4.0621175766,5.14805221558,15.482421875,14.7787675858,14.136425972,16.943239212,28.385881424,69.585105896]],"icov":[[0.000264127884293,0.000380127719836,0.000544316368178,0.00004206567246,0.00015088134387,-0.0000632968949503,0.000221363108722,-0.000210710350075,0.000337184465025,-0.000276819133433,0.000438481016317,-0.0000665517800371,0.000176486253622],[0.000380127719836,0.00145770295057,0.00131055188831,0.000187983037904,-0.000297165010124,0.000215131309233,-0.00090972596081,-0.000060027505242,-0.00000397251096729,0.000182160103577,0.000256934028585,0.000350238755345,-0.000211408390896],[0.000544316368178,0.00131055188831,0.00343821244314,0.000764129741583,-0.000693617621437,-0.000299638544675,-0.000684085651301,-0.0013398291776,0.00162624253426,-0.0013312821975,0.0000554161561013,0.00101817504037,-0.000857173057739],[0.00004206567246,0.000187983037904,0.000764129741583,0.00578280398622,-0.00171454856172,-0.00114748452324,0.00199829461053,-0.00162302551325,0.000611450814176,0.000692783505656,-0.00101898459252,0.0021264909301,-0.00206313701347],[0.00015088134387,-0.000297165010124,-0.000693617621437,-0.00171454856172,0.00907756667584,-0.00177692074794,0.000090452056611,0.00204422301613,-0.00197774125263,0.000523960101418,0.00176791986451,-0.00191978993826,0.00159976852592],[-0.0000632968949503,0.000215131309233,-0.000299638544675,-0.00114748452324,-0.00177692074794,0.0102307870984,-0.00263543566689,-0.00167351739947,0.000572924909648,0.00203509698622,-0.00346235046163,0.000856545055285,0.00115579064004],[0.000221363108722,-0.00090972596081,-0.000684085651301,0.00199829461053,0.000090452056611,-0.00263543566689,0.0150282867253,-0.00381014472805,-0.00300057115965,0.00084068387514,0.000332344556227,-0.00294854468666,0.00170668971259],[-0.000210710350075,-0.000060027505242,-0.0013398291776,-0.00162302551325,0.00204422301613,-0.00167351739947,-0.00381014472805,0.0146078299731,-0.00258822273463,-0.00202966760844,0.00014906724391,0.000128023864818,-0.00166278437246],[0.000337184465025,-0.00000397251096729,0.00162624253426,0.000611450814176,-0.00197774125263,0.000572924909648,-0.00300057115965,-0.00258822273463,0.0167596135288,-0.00623720744625,0.000430727784988,0.00120813085232,-0.00227106641978],[-0.000276819133433,0.000182160103577,-0.0013312821975,0.000692783505656,0.000523960101418,0.00203509698622,0.00084068387514,-0.00202966760844,-0.00623720744625,0.0194807890803,-0.00931560620666,-0.00157367368229,0.000659798562992],[0.000438481016317,0.000256934028585,0.0000554161561013,-0.00101898459252,0.00176791986451,-0.00346235046163,0.000332344556227,0.00014906724391,0.000430727784988,-0.00931560620666,0.0257815271616,-0.00694058509544,-0.000819998327643],[-0.0000665517800371,0.000350238755345,0.00101817504037,0.0021264909301,-0.00191978993826,0.000856545055285,-0.00294854468666,0.000128023864818,0.00120813085232,-0.00157367368229,-0.00694058509544,0.0259114932269,-0.00964921712875],[0.000176486253622,-0.000211408390896,-0.000857173057739,-0.00206313701347,0.00159976852592,0.00115579064004,0.00170668971259,-0.00166278437246,-0.00227106641978,0.000659798562992,-0.000819998327643,-0.00964921712875,0.0203367527574]],"mean":[-655.284912109,121.478225708,-3.8463716507,54.3235816956,12.7626228333,12.1992692947,5.73073530197,6.34827947617,1.99272632599,1.00411772728,-0.62513166666,1.13645470142,-1.85674107075]},"pitch_salience":{"dmean":0.0804823860526,"dmean2":0.135908335447,"dvar":0.00615856377408,"dvar2":0.0174591820687,"max":0.859643518925,"mean":0.533501565456,"median":0.544501125813,"min":0.0888349488378,"var":0.013727770187},"silence_rate_20dB":{"dmean":0,"dmean2":0,"dvar":0,"dvar2":0,"max":1,"mean":1,"median":1,"min":1,"var":0},"silence_rate_30dB":{"dmean":0.00944003462791,"dmean2":0.0188820939511,"dvar":0.00935111846775,"dvar2":0.0260344464332,"max":1,"mean":0.994207859039,"median":1,"min":0,"var":0.00575878890231},"silence_rate_60dB":{"dmean":0.0361510403454,"dmean2":0.0723098367453,"dvar":0.034848280251,"dvar2":0.0718112438917,"max":1,"mean":0.0735814645886,"median":0,"min":0,"var":0.0681756809354},"spectral_centroid":{"dmean":281.759216309,"dmean2":457.805236816,"dvar":106267.460938,"dvar2":263494.3125,"max":11268.8916016,"mean":1554.77233887,"median":1603.91992188,"min":153.155456543,"var":527366.8125},"spectral_complexity":{"dmean":4.01469659805,"dmean2":6.30383014679,"dvar":21.3736381531,"dvar2":48.4157333374,"max":60,"mean":21.8010292053,"median":21,"min":0,"var":202.213668823},"spectral_contrast_coeffs":{"dmean":[0.0542145781219,0.0454896725714,0.0357910431921,0.0273586139083,0.019976656884,0.0186500586569],"dmean2":[0.0892228335142,0.0749052464962,0.0581520013511,0.0446739085019,0.03277451545,0.0293731577694],"dvar":[0.00251376256347,0.00145000906195,0.000905751017854,0.000523503404111,0.000281007494777,0.000373980874429],"dvar2":[0.00635726330802,0.00381687073968,0.00226102094166,0.00131168309599,0.000713056302629,0.000800014531706],"max":[-0.25218307972,-0.431493639946,-0.527519524097,-0.581312119961,-0.534504294395,-0.596561014652],"mean":[-0.657268822193,-0.7532979846,-0.797009766102,-0.811158239841,-0.801198363304,-0.722919404507],"median":[-0.667914390564,-0.759720146656,-0.806964695454,-0.819617152214,-0.800806522369,-0.714193940163],"min":[-0.94991081953,-0.96011453867,-0.981616079807,-0.957232892513,-0.959282398224,-0.961234807968],"var":[0.00759813794866,0.00484146131203,0.00360269122757,0.00239485292695,0.00138645770494,0.0020987954922]},"spectral_contrast_valleys":{"dmean":[0.372179389,0.389687359333,0.352112084627,0.338665187359,0.276884138584,0.317533969879],"dmean2":[0.602711200714,0.620149195194,0.547923028469,0.5068359375,0.397615551949,0.435842305422],"dvar":[0.120490022004,0.167850092053,0.136506929994,0.182050526142,0.173192754388,0.210743904114],"dvar2":[0.271762400866,0.361658006907,0.273080021143,0.351409614086,0.31397035718,0.388768911362],"max":[-5.20517063141,-4.74297094345,-5.57912921906,-5.63161087036,-5.50976610184,-7.82315731049],"mean":[-6.76775789261,-7.0735502243,-7.66758871078,-7.65981149673,-7.20639038086,-10.5844974518],"median":[-6.57894992828,-6.88258361816,-7.47864675522,-7.38084793091,-6.84609603882,-10.1364269257],"min":[-27.7498683929,-27.6323242188,-27.1903781891,-27.3805866241,-27.1888828278,-27.149887085],"var":[0.668045938015,0.797931611538,0.793608188629,1.05334639549,1.32556962967,1.54089307785]},"spectral_decrease":{"dmean":3.22375615092e-9,"dmean2":5.3452491322e-9,"dvar":2.66542392239e-17,"dvar2":7.00303613558e-17,"max":5.72056112579e-30,"mean":-7.51669482213e-9,"median":-6.62414745278e-9,"min":-5.13399385227e-8,"var":3.93144916163e-17},"spectral_energy":{"dmean":0.0124524636194,"dmean2":0.0206017550081,"dvar":0.000393370166421,"dvar2":0.00103046454024,"max":0.196310594678,"mean":0.0300099253654,"median":0.026565561071,"min":1.06917125062e-20,"var":0.000606228597462},"spectral_energyband_high":{"dmean":0.000277462910162,"dmean2":0.000455244939076,"dvar":2.05143521725e-7,"dvar2":5.33970194283e-7,"max":0.0079683624208,"mean":0.000822348694783,"median":0.000644172891043,"min":7.97196850156e-21,"var":7.17699151664e-7},"spectral_energyband_low":{"dmean":0.00926773436368,"dmean2":0.0156577564776,"dvar":0.000307187670842,"dvar2":0.000828505086247,"max":0.188588276505,"mean":0.0164209809154,"median":0.0122983474284,"min":6.17051607012e-23,"var":0.000334145210218},"spectral_energyband_middle_high":{"dmean":0.00129512138665,"dmean2":0.00205865106545,"dvar":0.0000048367751333,"dvar2":0.0000119945634651,"max":0.0346760004759,"mean":0.00422281585634,"median":0.00278223957866,"min":1.62803169866e-21,"var":0.000018568825908},"spectral_energyband_middle_low":{"dmean":0.00526514928788,"dmean2":0.0087267588824,"dvar":0.000105264072772,"dvar2":0.000277751038084,"max":0.119402334094,"mean":0.0103727923706,"median":0.00772600295022,"min":2.20263369062e-22,"var":0.000126427141367},"spectral_entropy":{"dmean":0.134736508131,"dmean2":0.214266270399,"dvar":0.0312049109489,"dvar2":0.0722977891564,"max":9.80385494232,"mean":7.62354516983,"median":7.74467325211,"min":4.95283460617,"var":0.21861204505},"spectral_flux":{"dmean":0.028478698805,"dmean2":0.0428624302149,"dvar":0.0014232537942,"dvar2":0.00269692786969,"max":0.341462016106,"mean":0.0854527428746,"median":0.0758760198951,"min":1.0340073936e-10,"var":0.00314250797965},"spectral_kurtosis":{"dmean":1.5618981123,"dmean2":2.62391042709,"dvar":4.23467540741,"dvar2":10.8520793915,"max":46.312713623,"mean":3.94738745689,"median":2.9052195549,"min":-1.22881770134,"var":14.2887048721},"spectral_rms":{"dmean":0.00101877423003,"dmean2":0.00160622876137,"dvar":0.00000178570621756,"dvar2":0.0000043756440391,"max":0.0138391666114,"mean":0.0049458052963,"median":0.00509093515575,"min":3.22969645819e-12,"var":0.00000481702818433},"spectral_rolloff":{"dmean":511.241790771,"dmean2":869.949279785,"dvar":636654.25,"dvar2":1467466.625,"max":18561.6210938,"mean":1275.81896973,"median":775.1953125,"min":64.599609375,"var":1784461.875},"spectral_skewness":{"dmean":0.20433755219,"dmean2":0.331459581852,"dvar":0.0563986636698,"dvar2":0.136623874307,"max":4.90266466141,"mean":1.17033851147,"median":1.01653623581,"min":0.0000386238971259,"var":0.284705817699},"spectral_spread":{"dmean":386507.3125,"dmean2":588752.125,"dvar":444218703872,"dvar2":771446538240,"max":41154716,"mean":3913053.75,"median":3722207.5,"min":1475445.125,"var":1554177589250},"spectral_strongpeak":{"dmean":0.257767885923,"dmean2":0.45038485527,"dvar":0.220623239875,"dvar2":0.567704081535,"max":10.564455986,"mean":0.420202195644,"median":0.272549659014,"min":0,"var":0.254851400852},"zerocrossingrate":{"dmean":0.00806601624936,"dmean2":0.00971313472837,"dvar":0.0000998363029794,"dvar2":0.000116907758638,"max":0.5185546875,"mean":0.0515118129551,"median":0.0498046875,"min":0.00244140625,"var":0.00103898765519}},"metadata":{"audio_properties":{"analysis_sample_rate":44100,"bit_rate":320000,"codec":"mp3","downmix":"mix","equal_loudness":0,"length":216.4506073,"lossless":false,"md5_encoded":"a5c51dd3f15b2a9bf21c9bd9d5d15220","replay_gain":-12.6449508667,"sample_rate":44100},"tags":{"album":["The Action Is Go"],"albumartist":["Fu Manchu"],"albumartistsort":["Fu Manchu"],"artist":["Fu Manchu"],"artistsort":["Fu Manchu"],"asin":["B000004ATQ"],"catalognumber":["35498 0173-2"],"contentgroup":["Rock"],"date":["1997"],"file_name":"02 Urethane.mp3","genre":["Rock","Stoner Rock","Hard Rock","Post Rock","Alternative"],"label":["Mammoth Records"],"musicbrainz album release country":["US"],"musicbrainz album status":["official"],"musicbrainz album type":["album"],"musicbrainz_albumartistid":["f96de591-5dae-41da-855b-eb387d88d7d4"],"musicbrainz_albumid":["f583c4f1-ee5f-4b11-a1c6-11e9aed62875"],"musicbrainz_artistid":["f96de591-5dae-41da-855b-eb387d88d7d4"],"musicbrainz_recordingid":["720aadee-2fdf-4662-881d-453e411eebe3"],"originaldate":["1997"],"title":["Urethane"],"tracknumber":["2/14"]},"version":{"essentia":"2.1-beta2","essentia_build_sha":"70f2e5ece6736b2c40cc944ad0e695b16b925413","essentia_git_sha":"v2.1_beta2","extractor":"music 1.0"}},"rhythm":{"beats_count":466,"beats_loudness":{"dmean":0.0212757643312,"dmean2":0.0388408116996,"dvar":0.000254807586316,"dvar2":0.000785146432463,"max":0.12250957638,"mean":0.0384267568588,"median":0.036217559129,"min":0.00123334780801,"var":0.000464426411781},"beats_loudness_band_ratio":{"dmean":[0.192069008946,0.300044983625,0.068880520761,0.0429737232625,0.050992205739,0.0390201620758],"dmean2":[0.33925974369,0.5880843997,0.118324175477,0.0771951898932,0.0899817869067,0.0714567527175],"dvar":[0.0189857315272,0.0342857502401,0.00743796862662,0.00351665588096,0.00358119630255,0.00264716637321],"dvar2":[0.0604890361428,0.120714247227,0.0209081247449,0.00975922122598,0.0110170179978,0.0077297212556],"max":[0.99