{"lowlevel":{"average_loudness":0.972696363926,"barkbands":{"dmean":[0.000040525359509,0.00301119522192,0.00230903783813,0.00286204274744,0.00250101764686,0.000953029782977,0.00106478540692,0.00133003829978,0.00139870762359,0.00121523858979,0.000992081942968,0.0010953444289,0.0012388083851,0.0010650762124,0.000738468777854,0.000458841270301,0.000305162859149,0.00017486474826,0.000173961816472,0.000161910968018,0.000140181087772,0.0000959117387538,0.0000738736489438,0.0000647321576253,0.0000535724138899,0.0000423562196374,0.0000105025428638],"dmean2":[0.0000627936315141,0.00487850932404,0.00414920970798,0.00514097698033,0.00443411432207,0.00159661623184,0.00178689009044,0.00218166154809,0.00221900548786,0.00193988205865,0.00157983170357,0.00178117526229,0.00202387268655,0.00173147814348,0.00119323807303,0.000754245149437,0.000513624108862,0.000293758523185,0.000295354955597,0.000276837614365,0.000230874444242,0.000157404108904,0.000118587391626,0.000100070712506,0.0000771773266024,0.0000646766056889,0.0000164521661645],"dvar":[2.82373058269e-9,0.00001807787703,0.0000174392407644,0.0000198962006834,0.0000253668276855,0.00000253946473094,0.00000293985226563,0.0000117036333904,0.00000880261086422,0.00000408153482567,0.00000266195979748,0.00000200097269953,0.00000306677657136,0.00000248394076152,0.00000133477749387,4.95526762734e-7,2.7111823897e-7,4.92062959268e-8,3.66031720489e-8,3.21802211545e-8,3.0094728487e-8,3.5719761371e-8,4.40807461644e-8,1.99793532829e-8,1.58257194016e-8,2.20683098462e-8,6.3587857202e-10],"dvar2":[6.07501515759e-9,0.0000442897908215,0.0000496119282616,0.0000563292160223,0.0000732172920834,0.00000629798842056,0.00000793310846348,0.0000307201589749,0.000021875517632,0.0000101961768451,0.00000675931141814,0.00000511971575179,0.0000081716943896,0.00000623274354439,0.00000318245861308,0.00000119693459055,7.63042237395e-7,1.33579064254e-7,1.02457129003e-7,9.09581814312e-8,7.89490997022e-8,8.38109315282e-8,1.02050570661e-7,4.66748808492e-8,3.28984270936e-8,5.91059965416e-8,1.65668667673e-9],"max":[0.000610248942394,0.045044708997,0.0406205654144,0.0410379767418,0.054870121181,0.0402657948434,0.0252749528736,0.0709513947368,0.0548190660775,0.0310294404626,0.0346897989511,0.021778492257,0.0420021824539,0.0345926918089,0.0276659782976,0.0223271790892,0.0196537226439,0.00416559539735,0.00328181125224,0.00243831635453,0.00495163351297,0.00432775821537,0.00566131388769,0.0042374827899,0.00469041941687,0.00492527568713,0.000519447086845],"mean":[0.0000656651973259,0.0047704889439,0.00288238120265,0.0031030443497,0.00342889595777,0.00137201498728,0.00168118381407,0.00196602405049,0.00241763656959,0.00216849613935,0.00174773868639,0.00207763002254,0.00237631844357,0.00201690662652,0.00144493556581,0.00096688530175,0.000673144764733,0.000392561312765,0.000419274292653,0.000423354998929,0.000385335792089,0.000198045047,0.000162917727721,0.000169485996594,0.000136692658998,0.0000746125806472,0.000018170067051],"median":[0.0000372441318177,0.00330715347081,0.00153819553088,0.00178217340726,0.00202979333699,0.000765569799114,0.00110025936738,0.000788806239143,0.00105030159466,0.00124589400366,0.000983533798717,0.00152293522842,0.00167236919515,0.00142567104194,0.00104496418498,0.00077659485396,0.000565910479054,0.000324254215229,0.000369944609702,0.000383942387998,0.000335615535732,0.000136129790917,0.00010928336269,0.000119634321891,0.0000839349886519,0.0000308287017106,0.00000343635815625],"min":[4.2904305603e-25,1.16517911145e-24,3.68165230164e-25,1.93757636632e-25,6.79509085425e-24,4.19084604152e-24,6.96137090016e-24,6.49580885973e-24,1.58316368851e-23,2.05950709094e-23,1.99572563571e-23,1.89360285836e-23,1.31133176579e-23,3.63468703377e-23,3.43570349686e-23,4.57471356773e-23,6.21946204939e-23,1.00243931551e-22,1.02891960905e-22,1.67379320423e-22,2.23401419878e-22,3.56590751362e-22,4.20417020198e-22,5.72381468418e-22,8.52560880581e-22,1.02960257327e-21,1.88449615972e-21],"var":[4.84690332314e-9,0.0000241163179453,0.0000145288258864,0.0000160951531143,0.0000223602437472,0.00000392259880755,0.00000388665375795,0.0000187680179806,0.0000183860593097,0.00000815944076749,0.00000572106819163,0.00000380869460059,0.00000608568598182,0.0000045113329179,0.00000248234277933,8.54397910643e-7,3.39941834682e-7,9.32701667011e-8,7.74632553657e-8,7.69937500422e-8,7.66908243577e-8,7.02503868411e-8,9.15883333619e-8,4.44351719864e-8,3.39670442884e-8,2.11596571376e-8,9.37612321117e-10]},"barkbands_crest":{"dmean":2.25951910019,"dmean2":3.77511668205,"dvar":4.54258918762,"dvar2":12.0436506271,"max":26.9175739288,"mean":7.19496202469,"median":6.48519515991,"min":2.35536527634,"var":9.87153434753},"barkbands_flatness_db":{"dmean":0.014223638922,"dmean2":0.0218620877713,"dvar":0.000189425685676,"dvar2":0.000390745321056,"max":0.636275827885,"mean":0.0844453424215,"median":0.0788963213563,"min":0.0200933944434,"var":0.00149966205936},"barkbands_kurtosis":{"dmean":4.57389974594,"dmean2":5.7273850441,"dvar":8570.68847656,"dvar2":14144.3935547,"max":11093.1738281,"mean":12.9856748581,"median":-0.181731700897,"min":-1.91270899773,"var":86564.109375},"barkbands_skewness":{"dmean":0.405166208744,"dmean2":0.635824382305,"dvar":0.545820057392,"dvar2":0.840506136417,"max":96.6488876343,"mean":0.787616014481,"median":0.569358289242,"min":-2.06011104584,"var":11.7220220566},"barkbands_spread":{"dmean":4.62214803696,"dmean2":7.36168241501,"dvar":23.3735942841,"dvar2":55.0296554565,"max":92.6664123535,"mean":27.4459190369,"median":26.9744548798,"min":0.0343780405819,"var":74.4556045532},"dissonance":{"dmean":0.0121794557199,"dmean2":0.0207424759865,"dvar":0.000170593382791,"dvar2":0.000474434054922,"max":0.500000119209,"mean":0.480411797762,"median":0.484908342361,"min":0.306022286415,"var":0.000298346247291},"dynamic_complexity":1.24525129795,"erbbands":{"dmean":[0.080469250679,0.706842541695,1.97714686394,7.06834077835,9.02994537354,8.29672622681,7.22574472427,7.49864387512,11.6617765427,20.8074588776,31.2277565002,32.1967315674,25.0200386047,43.7882728577,34.596912384,42.060836792,47.3624305725,56.8196029663,41.2574958801,31.651008606,22.964635849,15.6456594467,9.1090631485,7.65337562561,9.59764289856,7.75368309021,5.9084854126,5.66257476807,3.60874176025,2.80767965317,1.97005820274,1.52103257179,1.05325841904,0.683723032475,0.362878382206,0.187631696463,0.0813246890903,0.018146533519,0.00174190569669,0.0000764908836572],"dmean2":[0.13259485364,1.13761508465,3.44774985313,12.8123407364,16.4466648102,14.3220052719,12.0956058502,12.6201782227,19.5408210754,34.3506278992,51.2116508484,50.6746635437,39.8134651184,69.6215362549,54.7237815857,68.3089752197,76.9180374146,92.7523422241,66.7133331299,50.9238128662,37.660900116,26.2556056976,15.3028860092,13.0534963608,16.2956562042,13.1896915436,9.88963699341,9.40179252625,5.97888183594,4.47234582901,3.17276096344,2.42858433723,1.61820697784,1.01489567757,0.530371308327,0.27698507905,0.129369288683,0.02940219827,0.00268370122649,0.000115328519314],"dvar":[0.014517698437,0.956386208534,11.0533218384,146.504959106,264.212432861,265.851135254,162.605316162,195.815444946,314.59664917,1458.6262207,5301.60449219,5545.97509766,2285.61987305,5452.77685547,2530.96801758,3336.00195313,3664.18530273,7288.26904297,4123.70898438,2286.48193359,1068.77490234,678.651733398,143.030853271,102.965530396,98.9897384644,70.7664108276,51.3015060425,59.5631484985,46.3739280701,54.3639831543,29.2753753662,15.5543031693,4.22283983231,2.46556735039,0.813315033913,0.326585263014,0.0999935492873,0.00325718871318,0.0000156606183737,2.21043414683e-8],"dvar2":[0.0365107059479,2.31249117851,31.0620136261,413.62878418,776.176025391,743.190185547,403.313262939,477.124816895,842.445373535,3823.55786133,13744.3310547,13729.2744141,5333.95800781,13780.3027344,6436.88720703,8827.19726563,9586.92089844,18950.9667969,10555.7802734,5161.40625,2712.39477539,1896.49987793,385.469238281,283.860076904,278.210113525,200.274261475,140.691940308,151.576522827,113.536262512,121.82800293,66.6145248413,38.437461853,9.49931526184,5.32819890976,1.81712806225,0.834552586079,0.272891402245,0.0090435706079,0.0000397726653318,5.23381658013e-8],"max":[1.37979269028,10.3045854568,38.6686248779,107.253410339,152.383270264,185.730865479,290.543792725,455.853118896,375.268554688,662.672424316,1468.75317383,1548.87182617,1077.90026855,1328.10009766,1063.98364258,991.481384277,1189.86096191,1199.89099121,1460.54443359,1067.56713867,838.36920166,979.25378418,284.108398438,169.484420776,122.061820984,110.832054138,132.646591187,226.771316528,161.135864258,213.852890015,141.994857788,139.007858276,66.7393722534,59.2300567627,39.3132019043,24.295042038,8.23077487946,1.33253073692,0.0703390166163,0.00374475494027],"mean":[0.111516669393,1.1818857193,3.11091732979,7.65723466873,11.1170320511,11.6006059647,10.0791635513,11.2439966202,19.217540741,32.6492919922,49.2317047119,56.1585998535,48.0246772766,85.8722381592,71.6435165405,85.1178131104,100.983398438,117.71824646,84.2234725952,66.8837661743,52.4691581726,37.5886383057,22.5161304474,18.5351200104,23.251241684,20.7645549774,16.5639648438,13.6791276932,7.58065128326,5.93848800659,4.41596460342,3.57822442055,2.74233293533,1.71236038208,0.865865647793,0.386274635792,0.120978944004,0.0278943963349,0.0031221518293,0.00017895225028],"median":[0.0672908499837,0.835423588753,2.02393960953,4.55877733231,6.97791099548,6.56584262848,5.74422931671,6.41154956818,12.9985017776,17.7378025055,22.4210929871,24.3108634949,33.5075263977,48.0703964233,52.6249465942,63.6569862366,77.506980896,82.7618865967,64.2633743286,50.4064903259,43.2008743286,32.0013847351,19.0932159424,15.8093070984,21.0218334198,19.1170368195,14.67258358,11.278968811,5.49605607986,3.99827671051,2.98133945465,2.47298741341,1.94086647034,1.09872472286,0.508351683617,0.186715573072,0.0400549322367,0.00716511672363,0.000666228181217,0.0000792319769971],"min":[4.55508544623e-23,4.13652051997e-22,2.41813933228e-21,2.77995552352e-21,1.49798095316e-20,2.06182037821e-20,2.21322141061e-20,4.74004443978e-20,9.09173275185e-20,1.47237877616e-19,2.43374656638e-19,4.81274411597e-19,5.92990219804e-19,7.11488392046e-19,1.01912973485e-18,9.04500389733e-19,1.32838299418e-18,1.83703682556e-18,1.9351493384e-18,2.69017312496e-18,3.46240454301e-18,4.27807555773e-18,6.01957405651e-18,5.17979134733e-18,5.62934581228e-18,6.38625784538e-18,8.8322822019e-18,1.14591067336e-17,1.10802059007e-17,1.17165212043e-17,1.00473766073e-17,9.94059089898e-18,9.60184141298e-18,7.87167735654e-18,6.73556960062e-18,3.76618641618e-18,2.11954195901e-18,8.85471203139e-19,2.54334334466e-19,2.55420206121e-20],"var":[0.0169187672436,1.35832464695,11.1860971451,103.594924927,204.68371582,271.446807861,213.690078735,307.675292969,446.874206543,2255.21118164,8146.12402344,11394.6611328,3809.70996094,12858.4873047,5613.03222656,6103.90136719,8235.48144531,14797.8876953,6903.92675781,4718.31494141,1977.89526367,940.120300293,269.124328613,183.21156311,218.927124023,170.916061401,121.709976196,139.859893799,84.623550415,115.91330719,61.2381477356,29.0882778168,10.0541191101,5.12543344498,1.49625432491,0.416327059269,0.0803949832916,0.00289224507287,0.0000258652689809,4.74602543932e-8]},"erbbands_crest":{"dmean":2.28803277016,"dmean2":3.74794793129,"dvar":4.99631929398,"dvar2":12.8507118225,"max":29.9303874969,"mean":7.88414144516,"median":6.92128419876,"min":2.26768684387,"var":13.0240840912},"erbbands_flatness_db":{"dmean":0.0151286730543,"dmean2":0.0223321765661,"dvar":0.000232799284277,"dvar2":0.000466719793621,"max":0.307177513838,"mean":0.140481933951,"median":0.137539967895,"min":0.0422221533954,"var":0.00117125059478},"erbbands_kurtosis":{"dmean":0.700151801109,"dmean2":1.13077151775,"dvar":0.670063853264,"dvar2":1.68233180046,"max":18.5991001129,"mean":0.830266535282,"median":0.511185050011,"min":-1.76355469227,"var":1.92359304428},"erbbands_skewness":{"dmean":0.27502900362,"dmean2":0.437322378159,"dvar":0.0644163787365,"dvar2":0.159595385194,"max":2.96942710876,"mean":0.184722289443,"median":0.13869638741,"min":-3.11328458786,"var":0.244867861271},"erbbands_spread":{"dmean":5.72973299026,"dmean2":9.13982391357,"dvar":38.178943634,"dvar2":90.0723114014,"max":184.915344238,"mean":28.5736713409,"median":26.9766330719,"min":4.15384244919,"var":141.111480713},"gfcc":{"cov":[[21812.8808594,751.210693359,-1907.85351563,306.537597656,-920.528015137,355.069274902,-652.093078613,67.5607376099,-526.618347168,96.6725311279,-388.780853271,-86.81300354,-281.351654053],[751.210693359,897.886535645,-444.054534912,106.000244141,10.8972873688,-39.4530143738,30.2762584686,-22.2574653625,21.732919693,-46.296836853,46.5055503845,-73.8147583008,67.2335739136],[-1907.85351563,-444.054534912,603.975830078,-106.457565308,83.4790420532,-62.9030075073,15.4638538361,2.46881628036,43.0179290771,-0.631118834019,-12.2925624847,54.056022644,-28.7720661163],[306.537597656,106.000244141,-106.457565308,190.225570679,-13.7294063568,35.2265090942,-21.3010578156,-15.420964241,-9.47831058502,-5.72065019608,14.6037483215,-5.89427280426,12.6501140594],[-920.528015137,10.8972873688,83.4790420532,-13.7294063568,192.775558472,-13.9194469452,69.2859573364,-7.70658159256,20.6976890564,5.94872236252,22.0840644836,-3.16714262962,26.4959182739],[355.069274902,-39.4530143738,-62.9030075073,35.2265090942,-13.9194469452,138.92098999,27.5256671906,23.3283367157,-13.5429964066,13.7918720245,2.99535918236,8.69808101654,-3.24703764915],[-652.093078613,30.2762584686,15.4638538361,-21.3010578156,69.2859573364,27.5256671906,123.300834656,17.4952697754,24.2421474457,0.618473947048,24.9953193665,-1.04737722874,22.8633365631],[67.5607376099,-22.2574653625,2.46881628036,-15.420964241,-7.70658159256,23.3283367157,17.4952697754,95.3962860107,36.9843330383,22.3535003662,-4.15298175812,0.35087069869,2.44604253769],[-526.618347168,21.732919693,43.0179290771,-9.47831058502,20.6976890564,-13.5429964066,24.2421474457,36.9843330383,89.3544387817,19.615819931,15.7997570038,-3.03678035736,7.46252775192],[96.6725311279,-46.296836853,-0.631118834019,-5.72065019608,5.94872236252,13.7918720245,0.618473947048,22.3535003662,19.615819931,62.8593330383,20.8843536377,8.22390937805,-0.894192934036],[-388.780853271,46.5055503845,-12.2925624847,14.6037483215,22.0840644836,2.99535918236,24.9953193665,-4.15298175812,15.7997570038,20.8843536377,62.5822029114,20.7055225372,21.2729415894],[-86.81300354,-73.8147583008,54.056022644,-5.89427280426,-3.16714262962,8.69808101654,-1.04737722874,0.35087069869,-3.03678035736,8.22390937805,20.7055225372,53.7548675537,12.3665723801],[-281.351654053,67.2335739136,-28.7720661163,12.6501140594,26.4959182739,-3.24703764915,22.8633365631,2.44604253769,7.46252775192,-0.894192934036,21.2729415894,12.3665723801,55.9666290283]],"icov":[[0.000135711452458,-0.000156243142555,0.000345194828697,-0.0000292440090561,0.000164288358064,-0.000077996723121,0.000244298309553,-0.000176627305336,0.000521154899616,-0.000653344206512,0.000993150053546,-0.000703542202245,0.000577656785026],[-0.000156243142555,0.00291558657773,0.00149394606706,-0.000315503508318,-0.000522044545505,0.00125779153313,-0.000329509959556,0.000261979934294,-0.00193557410967,0.0033733767923,-0.00347653077915,0.00316198263317,-0.00207063765265],[0.000345194828697,0.00149394606706,0.0049490686506,0.000420053082053,-0.00126199203078,0.00163315457758,0.000347216700902,-0.000147664046381,-0.00117632048205,0.000583328946959,0.00268271099776,-0.00455483188853,0.00309971603565],[-0.0000292440090561,-0.000315503508318,0.000420053082053,0.00686959084123,-0.000362864404451,-0.00257329153828,0.00259664840996,0.00103154836688,-0.000742516538594,0.00150308967568,-0.00244130287319,0.00128461141139,-0.00142103584949],[0.000164288358064,-0.000522044545505,-0.00126199203078,-0.000362864404451,0.00817969441414,0.000481092371047,-0.00368783529848,0.00130531436298,0.00105400511529,-0.00285707321018,0.000788331439253,0.00184721383266,-0.00240277638659],[-0.000077996723121,0.00125779153313,0.00163315457758,-0.00257329153828,0.000481092371047,0.0110040651634,-0.00462995097041,-0.00238678278401,0.0018732342869,-0.00114876113366,0.000569126219489,-0.00254861847498,0.00200322363526],[0.000244298309553,-0.000329509959556,0.000347216700902,0.00259664840996,-0.00368783529848,-0.00462995097041,0.0146868946031,-0.00212795776315,-0.00101233227178,0.00293952040374,-0.00404347619042,0.00221680081449,-0.00198496505618],[-0.000176627305336,0.000261979934294,-0.000147664046381,0.00103154836688,0.00130531436298,-0.00238678278401,-0.00212795776315,0.0158510077745,-0.00723697245121,-0.00376268010587,0.00402881205082,-0.000111067543912,-0.00269359000959],[0.000521154899616,-0.00193557410967,-0.00117632048205,-0.000742516538594,0.00105400511529,0.0018732342869,-0.00101233227178,-0.00723697245121,0.0197682604194,-0.00661953212693,0.000493085652124,0.000600443454459,0.00178604340181],[-0.000653344206512,0.0033733767923,0.000583328946959,0.00150308967568,-0.00285707321018,-0.00114876113366,0.00293952040374,-0.00376268010587,-0.00661953212693,0.0281944461167,-0.0163216814399,0.00501480000094,-0.000698330404703],[0.000993150053546,-0.00347653077915,0.00268271099776,-0.00244130287319,0.000788331439253,0.000569126219489,-0.00404347619042,0.00402881205082,0.000493085652124,-0.0163216814399,0.0384928770363,-0.0189238153398,0.00145941658411],[-0.000703542202245,0.00316198263317,-0.00455483188853,0.00128461141139,0.00184721383266,-0.00254861847498,0.00221680081449,-0.000111067543912,0.000600443454459,0.00501480000094,-0.0189238153398,0.0365916863084,-0.0127828419209],[0.000577656785026,-0.00207063765265,0.00309971603565,-0.00142103584949,-0.00240277638659,0.00200322363526,-0.00198496505618,-0.00269359000959,0.00178604340181,-0.000698330404703,0.00145941658411,-0.0127828419209,0.0293768532574]],"mean":[51.9809188843,78.5201797485,-125.062316895,20.8573379517,-46.8045387268,23.3613033295,-31.1390209198,7.05854034424,-25.470041275,5.99207878113,-17.7736206055,-5.51865768433,-10.7627191544]},"hfc":{"dmean":7.57852935791,"dmean2":11.9862327576,"dvar":76.1309661865,"dvar2":190.882537842,"max":158.692611694,"mean":37.3818817139,"median":36.3866577148,"min":1.0664408842e-16,"var":242.924850464},"melbands":{"dmean":[0.000807095726486,0.000889482500497,0.00123242451809,0.000645180407446,0.000247400050284,0.000170697458088,0.000187844503671,0.000242440539296,0.000267829629593,0.000191782295587,0.000130030122818,0.000185783515917,0.000132585031679,0.000116242670629,0.000110539636808,0.000125088612549,0.000109928616439,0.0000758304522606,0.0000515066240041,0.0000368336332031,0.0000281191987597,0.0000196007022168,0.0000114760787255,0.00000836197250464,0.00000661572448735,0.00000841276687424,0.00000622534662398,0.00000578269509788,0.00000433264040112,0.00000360245030606,0.00000357689964403,0.00000230467367146,0.00000176727223788,0.00000165214805747,0.00000124340954244,0.0000010884416497,9.55577093009e-7,8.43461236855e-7,6.71803718433e-7,6.02726856869e-7],"dmean2":[0.00131323817186,0.00147023878526,0.00223360629752,0.00114918989129,0.000412567140302,0.000287024420686,0.000315444543958,0.00040007638745,0.000437673792476,0.000302521890262,0.000206142969546,0.000295007484965,0.000210129699553,0.000188100559171,0.000178741276613,0.000205148971872,0.00017913870397,0.000122853103676,0.0000828682459542,0.0000598737460678,0.0000466761921416,0.0000332368181262,0.0000192923598661,0.0000140986603583,0.0000113878668344,0.0000143413699334,0.0000107501009552,0.00000986049053608,0.00000731578757041,0.00000596034351474,0.00000599986242378,0.00000388776516047,0.00000288154137706,0.0000026602433536,0.00000201510260922,0.00000178326558853,0.00000152979623635,0.00000131739568587,0.00000104519449451,9.04737646579e-7],"dvar":[0.00000138090092605,0.00000169109864601,0.00000378745767193,0.00000170747284756,1.77829605263e-7,8.96566660913e-8,8.39915301754e-8,2.54611563832e-7,3.29497026996e-7,1.91428284779e-7,5.91509596859e-8,9.85671277931e-8,4.51643877852e-8,2.39847590677e-8,2.20085762948e-8,3.61650087655e-8,2.66207837996e-8,1.47494736424e-8,7.74252129077e-9,3.71743080763e-9,1.67946490048e-9,1.34837740973e-9,2.20972795617e-10,1.17257009657e-10,8.00223567965e-11,8.05634448042e-11,5.24091915699e-11,3.90874832501e-11,2.69412027409e-11,1.92390513243e-11,2.56728891618e-11,1.77677247915e-11,1.5901998468e-11,2.04662484876e-11,1.07335598742e-11,8.87283475859e-12,5.1280962983e-12,2.52401051448e-12,1.89056929834e-12,1.92915670418e-12],"dvar2":[0.00000339828170581,0.00000448636137662,0.0000107166079033,0.00000492614344694,4.50682222208e-7,2.20909356585e-7,2.23993325221e-7,6.6688556899e-7,8.46596890369e-7,4.62553714442e-7,1.3784833186e-7,2.50000141477e-7,1.17229284058e-7,6.12022432733e-8,5.46047616012e-8,9.99717784111e-8,6.70946391779e-8,3.78940043788e-8,1.77541661373e-8,8.74068284418e-9,4.37185176949e-9,3.81761644519e-9,5.83266546172e-10,3.18286424994e-10,2.20939419537e-10,2.2539208e-10,1.51488419031e-10,1.10367881501e-10,7.5398666477e-11,4.97839998392e-11,6.64989174837e-11,4.55041074265e-11,3.56979897032e-11,4.79509557061e-11,2.44476678485e-11,2.16902867195e-11,1.28474435951e-11,5.9100385176e-12,4.25238446886e-12,4.1761702603e-12],"max":[0.0130150206387,0.0146143753082,0.0170901212841,0.0147002851591,0.00886316783726,0.00911873299628,0.0051984093152,0.00820119585842,0.00967376772314,0.00886145699769,0.00523755932227,0.0051452498883,0.0051274318248,0.00230947230011,0.00359565904364,0.00491400249302,0.00273865298368,0.00278223096393,0.00285380822606,0.00186157831922,0.00121674884576,0.00144519773312,0.000387790903915,0.000223487397307,0.000146746038808,0.000138943476486,0.0000883400207385,0.0000846486727824,0.0000824536400614,0.00014143284352,0.000148179256939,0.000106795348984,0.000125545848277,0.000138176284963,0.000090311623353,0.000096215539088,0.0000782035640441,0.0000533445636393,0.0000477513167425,0.0000477051980852],"mean":[0.00121191900689,0.00163719349075,0.00141873536631,0.000883599335793,0.000364981533494,0.000255731050856,0.00030663839425,0.000380463316105,0.000424066965934,0.000332732772222,0.000236843756284,0.000352012837538,0.000249212287599,0.000223740804358,0.000214097075514,0.000241584843025,0.000213966486626,0.000139354320709,0.0000991450360743,0.0000755857254262,0.0000581806089031,0.0000417486444348,0.0000246848467214,0.0000177843721758,0.0000138761233757,0.0000181576269824,0.0000140845831993,0.0000138795176099,0.0000108023041321,0.0000087499320216,0.00000766511948314,0.00000436447226093,0.00000346976457877,0.00000322978735312,0.00000258265731645,0.00000228560566029,0.00000212487248064,0.00000202749947675,0.00000158904128966,0.000001406593924],"median":[0.000812020036392,0.00125097122509,0.000901781313587,0.000528803211637,0.000225770258112,0.000148069972056,0.000204797761398,0.000192942825379,0.00018960723537,0.000141436466947,0.000160975774634,0.000192101768334,0.000162952113897,0.000161849355209,0.000158141861903,0.000162248965353,0.000148558741785,0.000100454475614,0.0000699098454788,0.000058811463532,0.000047017038014,0.0000346990382241,0.0000200520098588,0.0000145330313899,0.0000113220039566,0.0000155473953782,0.0000120985359899,0.0000125544102048,0.00000944885232457,0.00000733730530555,0.00000593444974584,0.00000302281637232,0.00000242115697802,0.00000204534308068,0.00000170309215264,0.0000015207292563,0.00000145553451603,0.00000143884687986,0.00000103416482489,8.78087064393e-7],"min":[4.95365106826e-25,7.24287266014e-25,5.46242148566e-25,6.78244117382e-25,1.36444300952e-24,6.96285760714e-25,1.6687200713e-24,1.95502707888e-24,1.49309350278e-24,2.31875723442e-24,2.8595310485e-24,2.69576056635e-24,2.8073281781e-24,2.25696359035e-24,2.07245947703e-24,2.33360793539e-24,2.29474608341e-24,2.07104011904e-24,2.50692205678e-24,3.2338218822e-24,3.41094777948e-24,3.73958841588e-24,3.80111956649e-24,2.36805985771e-24,3.53738324992e-24,3.82125287451e-24,5.04842698678e-24,3.60116107639e-24,3.76682304977e-24,4.1286412037e-24,5.63447885302e-24,5.50626213465e-24,5.78015621866e-24,5.68503773729e-24,5.58041663746e-24,5.36139847903e-24,6.04749171311e-24,5.59123428705e-24,6.24059736853e-24,6.31256081018e-24],"var":[0.0000017339216356,0.00000206490449273,0.00000284276006823,0.00000153157657223,2.27403660347e-7,1.42905534517e-7,1.18162063245e-7,4.20657784161e-7,5.18300055319e-7,4.0681044311e-7,1.00050229435e-7,2.27918718565e-7,9.46255624967e-8,4.68522713959e-8,4.54336124278e-8,7.35154301879e-8,5.22106162748e-8,2.31097807557e-8,1.41207188165e-8,6.16854745061e-9,2.7714772699e-9,1.53185830687e-9,3.9436606758e-10,2.09744069335e-10,1.279087114e-10,1.64731006613e-10,1.03615248326e-10,8.42215464036e-11,5.76852246525e-11,4.48608060422e-11,5.56631789272e-11,2.92870311336e-11,3.06829076036e-11,4.10962271158e-11,2.21110126736e-11,1.59918363274e-11,9.3380954011e-12,5.65932153571e-12,3.92465487192e-12,3.91193544572e-12]},"melbands_crest":{"dmean":2.94946837425,"dmean2":4.8990688324,"dvar":6.88073635101,"dvar2":18.4703826904,"max":39.9923973083,"mean":10.6290645599,"median":9.9842300415,"min":1.53446733952,"var":17.2127017975},"melbands_flatness_db":{"dmean":0.019248181954,"dmean2":0.0300202276558,"dvar":0.000352451199433,"dvar2":0.000772728119045,"max":0.614217460155,"mean":0.142133057117,"median":0.135953381658,"min":0.00308970408514,"var":0.00209135841578},"melbands_kurtosis":{"dmean":5.93110656738,"dmean2":8.5642375946,"dvar":9034.74023438,"dvar2":15712.5048828,"max":12596.4873047,"mean":16.0292167664,"median":1.59916090965,"min":-1.7835278511,"var":108027.101563},"melbands_skewness":{"dmean":0.530890583992,"dmean2":0.843924164772,"dvar":0.713692843914,"dvar2":1.30925858021,"max":109.143936157,"mean":1.53391158581,"median":1.28754138947,"min":-1.15005934238,"var":12.2285194397},"melbands_spread":{"dmean":7.11098241806,"dmean2":11.5074882507,"dvar":48.0242729187,"dvar2":120.035995483,"max":162.686859131,"mean":35.6926727295,"median":34.9479522705,"min":0.0735007897019,"var":232.940292358},"mfcc":{"cov":[[6616.03320313,513.973205566,-97.446975708,6.46767425537,-22.2995109558,107.323570251,24.5687103271,-50.3106193542,-27.3638763428,-3.01501178741,-21.8702659607,-26.1856765747,-45.643825531],[513.973205566,764.336669922,-215.260910034,83.2240905762,3.16557192802,-5.76065587997,28.5028438568,-5.60650634766,26.5583324432,34.2699394226,-37.0001907349,30.535779953,-16.2322540283],[-97.446975708,-215.260910034,289.290039063,-32.4055137634,5.91726016998,-27.6591396332,-57.4608154297,12.7591667175,-15.1515693665,-32.1195373535,30.5954113007,-31.8483486176,10.5969362259],[6.46767425537,83.2240905762,-32.4055137634,132.53163147,31.3091964722,7.49183607101,-2.35716032982,-13.0295572281,-5.0397567749,-3.99744844437,-20.4761276245,11.9334850311,-3.60258984566],[-22.2995109558,3.16557192802,5.91726016998,31.3091964722,88.8996887207,12.6531305313,1.59785938263,-4.79849481583,6.07993555069,4.78529500961,-2.3011777401,1.47837841511,8.40532684326],[107.323570251,-5.76065587997,-27.6591396332,7.49183607101,12.6531305313,105.758728027,46.6781997681,10.6352071762,-9.41889953613,-1.6120569706,-1.72317647934,1.25518929958,0.291517168283],[24.5687103271,28.5028438568,-57.4608154297,-2.35716032982,1.59785938263,46.6781997681,101.942573547,17.3680973053,12.9953594208,4.19779253006,-7.01635456085,13.5184574127,-0.621585547924],[-50.3106193542,-5.60650634766,12.7591667175,-13.0295572281,-4.79849481583,10.6352071762,17.3680973053,66.7725296021,21.0066680908,8.06007671356,7.46451377869,-1.3774522543,3.19965004921],[-27.3638763428,26.5583324432,-15.1515693665,-5.0397567749,6.07993555069,-9.41889953613,12.9953594208,21.0066680908,65.2811126709,34.2775192261,7.86258506775,3.67843675613,3.52806973457],[-3.01501178741,34.2699394226,-32.1195373535,-3.99744844437,4.78529500961,-1.6120569706,4.19779253006,8.06007671356,34.2775192261,62.1579246521,21.1760292053,10.6980981827,1.65134060383],[-21.8702659607,-37.0001907349,30.5954113007,-20.4761276245,-2.3011777401,-1.72317647934,-7.01635456085,7.46451377869,7.86258506775,21.1760292053,55.7146568298,15.9856538773,7.76625967026],[-26.1856765747,30.535779953,-31.8483486176,11.9334850311,1.47837841511,1.25518929958,13.5184574127,-1.3774522543,3.67843675613,10.6980981827,15.9856538773,52.5191955566,17.4964294434],[-45.643825531,-16.2322540283,10.5969362259,-3.60258984566,8.40532684326,0.291517168283,-0.621585547924,3.19965004921,3.52806973457,1.65134060383,7.76625967026,17.4964294434,43.8576431274]],"icov":[[0.000167440841324,-0.000142465389217,-0.0000495515414514,0.0000737466689316,0.0000537048981641,-0.000235749801504,0.0000337327110174,0.000169782084413,0.00000365427854376,0.0000266119404841,-0.0000495178173878,0.0000999773183139,0.0000865164111019],[-0.000142465389217,0.00191490596626,0.00116921681911,-0.000853817735333,0.0000451904525107,0.000585777219385,0.000115821429063,-0.000419590622187,-0.0002770156716,-0.000443701806944,0.000665705592837,-0.000553352583665,0.000369379646145],[-0.0000495515414514,0.00116921681911,0.00625455752015,-0.00013669024338,-0.000905266730115,0.00102011184208,0.00210934691131,-0.00164635281544,-0.000320358522004,0.00386326108128,-0.00450077978894,0.00367763102986,-0.00161440984812],[0.0000737466689316,-0.000853817735333,-0.00013669024338,0.0100508164614,-0.00337377353571,-0.0011167404009,0.00159143446945,0.000771616934799,0.000210400423384,0.00027635958395,0.00388796115294,-0.00407122075558,0.00214799353853],[0.0000537048981641,0.0000451904525107,-0.000905266730115,-0.00337377353571,0.0133473612368,-0.00195892504416,-0.0000918596124393,0.00170632114168,-0.00181357085239,-0.0012550118845,0.000357677548891,0.00123769266065,-0.00302052707411],[-0.000235749801504,0.000585777219385,0.00102011184208,-0.0011167404009,-0.00195892504416,0.013708784245,-0.00641914270818,-0.00224188016728,0.004633420147,-0.00103457539808,-0.0016650079051,0.00247319275513,-0.0010354584083],[0.0000337327110174,0.000115821429063,0.00210934691131,0.00159143446945,-0.0000918596124393,-0.00641914270818,0.0155592598021,-0.00256392522715,-0.00399033119902,0.00239819474518,0.00232787197456,-0.00456915376708,0.00180816440843],[0.000169782084413,-0.000419590622187,-0.00164635281544,0.000771616934799,0.00170632114168,-0.00224188016728,-0.00256392522715,0.0188403502107,-0.0063741626218,0.000801436370239,-0.00153487012722,0.00141487666406,-0.00105044839438],[0.00000365427854376,-0.0002770156716,-0.000320358522004,0.000210400423384,-0.00181357085239,0.004633420147,-0.00399033119902,-0.0063741626218,0.0261683762074,-0.0139654092491,0.00185378745664,0.00180362979881,-0.00190583849326],[0.0000266119404841,-0.000443701806944,0.00386326108128,0.00027635958395,-0.0012550118845,-0.00103457539808,0.00239819474518,0.000801436370239,-0.0139654092491,0.0298075973988,-0.0117478985339,0.0000903453474166,0.00122101802845],[-0.0000495178173878,0.000665705592837,-0.00450077978894,0.00388796115294,0.000357677548891,-0.0016650079051,0.00232787197456,-0.00153487012722,0.00185378745664,-0.0117478985339,0.0301912352443,-0.0120400972664,0.00143941049464],[0.0000999773183139,-0.000553352583665,0.00367763102986,-0.00407122075558,0.00123769266065,0.00247319275513,-0.00456915376708,0.00141487666406,0.00180362979881,0.0000903453474166,-0.0120400972664,0.0312853120267,-0.0122427018359],[0.0000865164111019,0.000369379646145,-0.00161440984812,0.00214799353853,-0.00302052707411,-0.0010354584083,0.00180816440843,-0.00105044839438,-0.00190583849326,0.00122101802845,0.00143941049464,-0.0122427018359,0.029018856585]],"mean":[-580.477050781,114.511253357,-15.9402885437,8.12809085846,4.47839212418,12.8763380051,8.28075790405,-0.530862152576,4.11754655838,4.66915893555,-2.06785583496,2.59457707405,-1.87937927246]},"pitch_salience":{"dmean":0.0618696771562,"dmean2":0.101045832038,"dvar":0.00283701578155,"dvar2":0.0075048673898,"max":0.992375254631,"mean":0.618010938168,"median":0.626094400883,"min":0.00177868583705,"var":0.0082472069189},"silence_rate_20dB":{"dmean":0,"dmean2":0,"dvar":0,"dvar2":0,"max":1,"mean":1,"median":1,"min":1,"var":0},"silence_rate_30dB":{"dmean":0,"dmean2":0,"dvar":0,"dvar2":0,"max":1,"mean":1,"median":1,"min":1,"var":0},"silence_rate_60dB":{"dmean":0.000928505090997,"dmean2":0.00185722578317,"dvar":0.000927692803089,"dvar2":0.00185400398914,"max":1,"mean":0.0205407906324,"median":0,"min":0,"var":0.0201203320175},"spectral_centroid":{"dmean":218.889007568,"dmean2":361.370544434,"dvar":59466.6171875,"dvar2":138704.375,"max":11599.3779297,"mean":1685.0111084,"median":1590.03479004,"min":296.001037598,"var":1181872.125},"spectral_complexity":{"dmean":3.89902496338,"dmean2":6.27626228333,"dvar":11.0647249222,"dvar2":26.8881797791,"max":59,"mean":34.9331550598,"median":36,"min":0,"var":80.9752731323},"spectral_contrast_coeffs":{"dmean":[0.059304792434,0.0478363148868,0.0378782600164,0.0299741979688,0.0180726591498,0.0165120474994],"dmean2":[0.100483596325,0.0798376649618,0.0612216331065,0.0488836728036,0.03034777008,0.0271268747747],"dvar":[0.00256822933443,0.00148215366062,0.000884765002411,0.000591708929278,0.000209865145735,0.000213944964344],"dvar2":[0.00718962959945,0.00406179437414,0.00234175869264,0.00151718873531,0.000580103485845,0.000529857352376],"max":[-0.273954302073,-0.471060097218,-0.526600241661,-0.579243481159,-0.614937126637,-0.657513320446],"mean":[-0.651050984859,-0.7574416399,-0.769065797329,-0.780339956284,-0.806189000607,-0.759357988834],"median":[-0.653327822685,-0.762145578861,-0.773968100548,-0.781732857227,-0.805734097958,-0.757914304733],"min":[-0.981889486313,-0.98461151123,-0.999239087105,-0.970706701279,-0.966645240784,-0.964667975903],"var":[0.00640680314973,0.00434807036072,0.00355186127126,0.00207905261777,0.000860592466779,0.0013470586855]},"spectral_contrast_valleys":{"dmean":[0.371161133051,0.34623709321,0.281740069389,0.241924852133,0.188008353114,0.217168867588],"dmean2":[0.61089348793,0.57218593359,0.453928560019,0.381619900465,0.298044294119,0.315533399582],"dvar":[0.114992171526,0.101040638983,0.0755448713899,0.0661043152213,0.0561611577868,0.0944310352206],"dvar2":[0.2651052773,0.236878171563,0.156451523304,0.12533198297,0.101958163083,0.166771858931],"max":[-5.47934055328,-4.69281673431,-5.13588094711,-5.26893138885,-5.60352993011,-7.44858360291],"mean":[-7.08239603043,-6.44360733032,-6.60516119003,-6.74322366714,-6.99391126633,-9.65473651886],"median":[-6.77356147766,-6.13607978821,-6.28238248825,-6.39824867249,-6.63389730453,-9.28639984131],"min":[-28.2451725006,-28.3641223907,-27.7311115265,-27.6271743774,-27.5242767334,-27.4520511627],"var":[5.50155115128,5.76955986023,5.6063952446,5.57477998734,5.45417070389,4.43194150925]},"spectral_decrease":{"dmean":2.50751552855e-9,"dmean2":4.18014511894e-9,"dvar":8.79796826855e-18,"dvar2":2.3141851672e-17,"max":2.02460255768e-28,"mean":-9.04798369561e-9,"median":-8.62469473617e-9,"min":-2.52757352825e-8,"var":1.3468742859e-17},"spectral_energy":{"dmean":0.00991688296199,"dmean2":0.0165002644062,"dvar":0.000135333873914,"dvar2":0.000356203847332,"max":0.101757995784,"mean":0.037539832294,"median":0.0360504724085,"min":9.9421947828e-21,"var":0.000216971631744},"spectral_energyband_high":{"dmean":0.000417407107307,"dmean2":0.000642926956061,"dvar":5.41479380445e-7,"dvar2":0.00000122872700103,"max":0.0174528174102,"mean":0.00138477876317,"median":0.00116822705604,"min":6.95175753825e-21,"var":0.00000141925488606},"spectral_energyband_low":{"dmean":0.00495066680014,"dmean2":0.00816260278225,"dvar":0.0000503502342326,"dvar2":0.000125610269606,"max":0.0611211061478,"mean":0.00936733838171,"median":0.00710515771061,"min":1.93835793519e-23,"var":0.0000612601070316},"spectral_energyband_middle_high":{"dmean":0.00340045290068,"dmean2":0.00535203283653,"dvar":0.0000136275211844,"dvar2":0.0000347389650415,"max":0.063941128552,"mean":0.0142802391201,"median":0.0129273505881,"min":1.1462426127e-21,"var":0.00005514309305},"spectral_energyband_middle_low":{"dmean":0.00697883358225,"dmean2":0.0120022092015,"dvar":0.0000906469285837,"dvar2":0.000247210235102,"max":0.0797426328063,"mean":0.0143463388085,"median":0.0115446168929,"min":1.64964345824e-22,"var":0.000108505162643},"spectral_entropy":{"dmean":0.0970979332924,"dmean2":0.145848944783,"dvar":0.0111127514392,"dvar2":0.022079968825,"max":9.81821060181,"mean":7.90662813187,"median":7.91378593445,"min":6.48346567154,"var":0.101327694952},"spectral_flux":{"dmean":0.0251122452319,"dmean2":0.0388601087034,"dvar":0.000662260106765,"dvar2":0.00121930649038,"max":0.263220280409,"mean":0.108940146863,"median":0.10380769521,"min":6.3096160241e-11,"var":0.00165357533842},"spectral_kurtosis":{"dmean":1.02215480804,"dmean2":1.69601356983,"dvar":1.75481641293,"dvar2":4.75152873993,"max":46.8329162598,"mean":4.33332586288,"median":4.03430891037,"min":-1.26602387428,"var":4.02669858932},"spectral_rms":{"dmean":0.000759051181376,"dmean2":0.00124070141464,"dvar":6.64737456191e-7,"dvar2":0.00000170515181708,"max":0.00996373873204,"mean":0.00589756434783,"median":0.00593053083867,"min":3.11443449155e-12,"var":0.00000184298289696},"spectral_rolloff":{"dmean":340.114715576,"dmean2":563.994018555,"dvar":366966.34375,"dvar2":839939.0625,"max":19595.2148438,"mean":1941.45898438,"median":1658.05664063,"min":21.533203125,"var":3927827.75},"spectral_skewness":{"dmean":0.148773878813,"dmean2":0.241002932191,"dvar":0.02566456981,"dvar2":0.0626741498709,"max":5.17070436478,"mean":1.57030248642,"median":1.56075358391,"min":-0.0775231197476,"var":0.117184899747},"spectral_spread":{"dmean":430596.78125,"dmean2":610466.1875,"dvar":507323711488,"dvar2":942795456512,"max":42503868,"mean":4942968,"median":4430560,"min":1522835.25,"var":16308542373900},"spectral_strongpeak":{"dmean":0.822835683823,"dmean2":1.42219614983,"dvar":1.43259191513,"dvar2":3.58244419098,"max":10.5799827576,"mean":1.23033487797,"median":0.461897134781,"min":0,"var":2.22986626625},"zerocrossingrate":{"dmean":0.0086187645793,"dmean2":0.010115781799,"dvar":0.00010246130114,"dvar2":0.00013761135051,"max":0.52880859375,"mean":0.0774828717113,"median":0.0693359375,"min":0,"var":0.00270446459763}},"metadata":{"audio_properties":{"analysis_sample_rate":44100,"bit_rate":267738,"codec":"aac","downmix":"mix","equal_loudness":0,"length":200.06312561,"lossless":false,"md5_encoded":"1d7035d6ab9bacea3bf77a5eea18662b","replay_gain":-14.0843162537,"sample_rate":44100},"tags":{"album":["Never Mind the Bollocks Here's the Sex Pistols"],"albumartistsort":["Sex Pistols"],"artist":["Sex Pistols"],"artistsort":["Sex Pistols"],"asin":["B00000IXZR"],"barcode":["4988006765726"],"bpm":["0"],"catalognumber":["VJCP-68050"],"date":["1999-03-25"],"discnumber":["1/1"],"engineer":["Bill Price"],"file_name":"e80632d2-9bd4-4024-88a2-465b45d4c3a0.m4a","genre":["Punk"],"isrc":["GBUM71200588"],"label":["Virgin"],"language":["eng"],"media":["CD"],"musicbrainz_albumartistid":["e5db18cb-4b1f-496d-a308-548b611090d3"],"musicbrainz_albumid":["84a2eb2a-ae92-4dbd-b392-644721a22995"],"musicbrainz_artistid":["e5db18cb-4b1f-496d-a308-548b611090d3"],"musicbrainz_recordingid":["72512497-2218-484e-b5b4-c0d6b50c539f"],"musicbrainz_releasegroupid":["e959a4b3-6306-3c45-9df6-e7241dae9ea3"],"musicbrainz_workid":["f3615d83-62ab-37ab-a6d9-eec29adf1037"],"producer":["Chris Thomas"],"script":["Latn"],"title":["God Save the Queen"],"tracknumber":["5/12"]},"version":{"essentia":"2.1-beta2","essentia_build_sha":"2d9f1f26377add8aeb1075a9c2973f962c4f09fd","essentia_git_sha":"v2.1_beta2-1-ge3940c0","extractor":"music 1.0"}},"rhythm":{"beats_count":491,"beats_loudness":{"dmean":0.0113876815885,"dmean2":0.0202936362475,"dvar":0.0000845228059916,"dvar2":0.000248734169872,"max":0.0835993811488,"mean":0.0382848568261,"median":0.0376413837075,"min":0,"var":0.000131930821226},"beats_loudness_band_ratio":{"dmean":[0.18127027154,0.104471489787,0.103738546371,0.108587279916,0.0528015345335,0.0404491908848],"dmean2":[0.338431626558,0.191270813346,0.17756408453,0.184201091528,0.0928151682019,0.0757549032569],"dvar":[0.0201624389738,0.00503385812044,0.0100067453459,0.00865392386913,0.00235275062732,0.00131766754203],"dvar2":[0.0590479969978,0.0148841468617,0.0258494131267,0.02