{"lowlevel":{"average_loudness":0.924088716507,"barkbands":{"dmean":[0.000384345330531,0.0109124500304,0.0020143087022,0.00136283959728,0.0014128012117,0.00149705074728,0.000911678827833,0.00056021194905,0.000922763661947,0.000648535904475,0.000578680424951,0.000123191057355,0.000167990903719,0.000141721306136,0.000141945973155,0.000102217156382,0.000124128142488,0.000139630079502,0.00011126078607,0.0000700941891409,0.0000723139528418,0.0000779080801294,0.000149841012899,0.0000721924297977,0.0000365395535482,0.000008149567293,3.66063460433e-7],"dmean2":[0.000503945804667,0.0164512526244,0.00340944202617,0.00233879731968,0.00226573995315,0.00220126006752,0.00132838555146,0.000839974323753,0.0014474762138,0.00101208267733,0.000966128078289,0.000196309760213,0.000266152026597,0.000225020441576,0.000218248416786,0.000159825242008,0.000194726206246,0.000213979670662,0.000172504398506,0.00010868840036,0.000102837781014,0.00011215324048,0.000238123277086,0.00011667975923,0.0000588727343711,0.0000128767396745,5.65931827623e-7],"dvar":[2.17108947709e-7,0.000295541016385,0.0000179919752554,0.00000641968927084,0.0000045831470743,0.00000607314541412,0.00000356679493052,0.00000102473768493,0.00000326790495819,0.00000234097524299,9.61101363828e-7,1.31699863459e-7,2.62983036237e-7,1.17932906107e-7,1.36853714139e-7,9.27049796928e-8,1.81929308951e-7,1.48142149214e-7,8.81513173567e-8,3.06916767556e-8,2.96864008931e-8,4.10211242752e-8,1.08104778462e-7,2.36975470358e-8,5.26839238901e-9,3.11886683146e-10,1.02021689707e-12],"dvar2":[3.83439896723e-7,0.000710100168362,0.0000493898769491,0.0000181627201528,0.0000115115599328,0.0000138684672493,0.00000789382193034,0.00000234509866459,0.00000779283800512,0.00000554456983082,0.00000251830010711,3.1727518035e-7,5.61936985832e-7,2.40962577891e-7,2.42732596689e-7,1.77056790562e-7,3.88535823959e-7,3.23524488977e-7,1.91479770706e-7,6.90754617949e-8,6.30633962828e-8,9.1535447666e-8,2.69162711675e-7,5.73787488634e-8,1.26325359062e-8,7.01603719566e-10,2.26436165825e-12],"max":[0.00637188833207,0.273995101452,0.0599082037807,0.0328014232218,0.0405966155231,0.0478700399399,0.0530153699219,0.0345011278987,0.0389956347644,0.0623738914728,0.021026449278,0.0166782848537,0.0156335588545,0.014754857868,0.0155211817473,0.0105238547549,0.0152818569914,0.0126389386132,0.00980109721422,0.00399382226169,0.00272195902653,0.00546910706908,0.00365117262118,0.00277002388611,0.0011991718784,0.000722395663615,0.0000156172063726],"mean":[0.000680966419168,0.0188304949552,0.00308900373057,0.001978604123,0.00306557375006,0.00346767040901,0.00207544001751,0.00110120151658,0.0020063794218,0.00122436624952,0.000900490849745,0.000223984461627,0.000285972695565,0.0002983721497,0.000304969144054,0.000208254452446,0.000294985977234,0.000384765997296,0.0002385431726,0.000129975000164,0.000121620323625,0.00010715953249,0.000166912228451,0.00009110521205,0.000050105889386,0.00000994552647171,5.09407300342e-7],"median":[0.000410395179642,0.012304074131,0.00188590516336,0.00112711207476,0.0013785060728,0.00147950416431,0.000793993473053,0.000471979641588,0.000704097386915,0.000397807481932,0.000433515931945,0.0000808518816484,0.000121241682791,0.000127986684674,0.0000975142829702,0.0000593814293097,0.0000472330975754,0.0000513178856636,0.000101660079963,0.0000618427948211,0.0000461447707494,0.0000220340407395,0.0000318408856401,0.0000300222127407,0.0000131085580506,0.00000211119481719,6.51343086133e-8],"min":[4.56905376683e-25,2.81734493665e-24,5.62962992225e-25,2.25255730916e-25,5.65279028678e-24,6.01356201672e-24,1.17014049434e-23,8.92158769772e-24,1.97759840097e-23,1.41268990026e-23,1.80694506798e-23,2.91768946375e-23,3.23925220345e-23,2.30162538437e-23,5.13656333916e-23,6.92757073473e-23,8.72315005255e-23,7.62760527093e-23,1.10051485776e-22,1.95233229058e-22,2.62610406953e-22,3.02706376608e-22,3.29350159993e-22,6.4484913418e-22,7.96952219971e-22,1.3334861323e-21,2.04630205794e-21],"var":[6.13499025803e-7,0.000493790255859,0.0000177793772309,0.00000707885601514,0.0000178897080332,0.0000233548726101,0.0000130177004394,0.00000395080360249,0.000013237233361,0.00000902422016225,0.00000216532407649,4.37000011289e-7,4.96205643685e-7,5.59428428915e-7,6.34561558854e-7,3.11419199761e-7,9.85982751445e-7,0.00000108202016236,2.35567469531e-7,5.40192424126e-8,5.03460597656e-8,7.51612745375e-8,1.264765217e-7,3.08672554183e-8,8.2463627038e-9,4.27155505411e-10,1.85294921767e-12]},"barkbands_crest":{"dmean":2.98174500465,"dmean2":4.66019296646,"dvar":6.9660987854,"dvar2":16.5310077667,"max":25.5658569336,"mean":12.5329370499,"median":11.7824583054,"min":2.74348044395,"var":23.5979042053},"barkbands_flatness_db":{"dmean":0.024011656642,"dmean2":0.0338036976755,"dvar":0.000521836103871,"dvar2":0.00102147436701,"max":0.393557190895,"mean":0.166031718254,"median":0.162493124604,"min":0.0313757695258,"var":0.00277567026205},"barkbands_kurtosis":{"dmean":4.64993715286,"dmean2":7.19131755829,"dvar":85.3252563477,"dvar2":213.383987427,"max":259.101898193,"mean":8.89433097839,"median":4.97213172913,"min":-1.89221644402,"var":174.21661377},"barkbands_skewness":{"dmean":0.610947430134,"dmean2":0.916295826435,"dvar":0.438013732433,"dvar2":1.00731241703,"max":13.7568359375,"mean":2.2032020092,"median":1.92675995827,"min":-2.16677212715,"var":2.14641332626},"barkbands_spread":{"dmean":4.67979049683,"dmean2":6.90556764603,"dvar":43.0776557922,"dvar2":89.84009552,"max":118.203086853,"mean":16.1838436127,"median":12.8811264038,"min":0.631632983685,"var":136.51499939},"dissonance":{"dmean":0.0207644421607,"dmean2":0.0346559658647,"dvar":0.000321047089528,"dvar2":0.000875180179719,"max":0.500000119209,"mean":0.454923123121,"median":0.459724277258,"min":0.281855106354,"var":0.000773537845816},"dynamic_complexity":3.13968491554,"erbbands":{"dmean":[0.392121464014,2.23882198334,2.26972055435,3.49913144112,4.37004518509,5.59512090683,6.1773724556,13.424747467,13.0071382523,17.0656814575,8.78332138062,19.8996315002,29.4514732361,11.8446397781,17.159658432,5.11000776291,7.32517766953,6.79065322876,5.14997577667,7.78451490402,6.53146886826,4.63941383362,5.70658397675,7.25645542145,4.19146156311,3.3794260025,2.98042702675,2.88400316238,2.68215036392,3.71863889694,4.13057661057,2.21070861816,0.989350795746,0.516110777855,0.204321324825,0.0577353835106,0.0102063668892,0.00118898355868,0.0000635044634691,0.0000168158767337],"dmean2":[0.54162812233,3.55524110794,3.80581974983,6.02203130722,7.30479860306,8.8363275528,9.01695728302,20.0752391815,19.2858448029,25.1644859314,13.1893138885,30.9583492279,46.7829055786,19.0757236481,28.4054527283,8.0344581604,11.5966329575,10.6545944214,8.07138347626,12.0372772217,10.3963365555,7.33034992218,8.95108890533,11.1912250519,6.50664043427,5.26480770111,4.29057741165,4.1986541748,3.81263828278,5.74944877625,6.59775733948,3.59582567215,1.58147358894,0.827482283115,0.330382138491,0.0925004929304,0.0156690832227,0.0018101115711,0.0000956811345532,0.0000253564285231],"dvar":[0.350865513086,13.3175191879,18.7715167999,50.6491394043,46.5000305176,99.0799331665,111.94291687,524.414672852,724.297424316,1147.26428223,187.651626587,1778.6541748,4629.54150391,500.298187256,970.233276367,203.651779175,406.638397217,355.407104492,144.005187988,428.347473145,351.923431396,160.933273315,203.496429443,401.205047607,72.6524810791,72.5943222046,43.231628418,57.8929290771,48.7388076782,71.3753204346,81.5128097534,21.747467041,4.76435804367,1.12950575352,0.162577241659,0.0166331212968,0.000395532726543,0.00000631225793768,2.0230803699e-8,4.49148551684e-10],"dvar2":[0.715111374855,34.8011550903,50.1753692627,142.675827026,127.125396729,242.097732544,244.655700684,1212.01318359,1620.48400879,2621.51000977,393.577850342,4093.4296875,11719.3925781,1207.67382812,2386.75219727,484.883270264,874.076904297,742.01751709,279.087738037,768.762573242,767.906066895,358.108428955,459.899993896,897.210449219,170.500061035,164.477264404,88.7801437378,132.97567749,107.622146606,169.505447388,203.017807007,53.2606506348,11.2858104706,2.72362589836,0.383314013481,0.0379281044006,0.00083894142881,0.0000128724768729,4.36245564117e-8,1.06849629145e-9],"max":[9.03103733063,56.1967735291,57.7644119263,107.113243103,113.809822083,219.266677856,249.408905029,593.737182617,688.62902832,1297.07910156,390.45123291,1130.63671875,2586.90527344,877.564819336,802.485351562,851.769958496,549.860412598,832.61340332,554.174316406,1085.50170898,605.44909668,423.864685059,527.196960449,820.386962891,236.45262146,189.538803101,97.9108047485,118.080039978,241.386825562,179.661956787,143.093032837,56.6677932739,48.4325637817,20.669178009,7.11644220352,5.09654045105,0.655980229378,0.0466351620853,0.00231154332869,0.000357092474587],"mean":[0.688940882683,3.5753455162,4.18431854248,5.28937196732,7.4799823761,12.4587583542,14.2324419022,31.0058841705,30.0583324432,37.0598602295,19.7217521667,43.059387207,58.5421066284,24.8513031006,28.73528862,10.9681062698,13.1500530243,15.0877342224,11.517332077,16.7515392303,17.587802887,12.5458679199,15.6889610291,19.6883277893,9.69495201111,6.38135242462,5.4905705452,4.43825769424,3.84490656853,4.30107355118,4.66853141785,2.60395383835,1.29933083057,0.738789796829,0.248133152723,0.0667697712779,0.0144046638161,0.00174572027754,0.000107681378722,0.0000505241005158],"median":[0.365992188454,2.41630935669,3.07677078247,3.24339532852,4.45939350128,4.71735572815,7.31607246399,13.0015926361,11.329911232,15.3806447983,11.7745256424,16.0558929443,20.3153362274,12.4570674896,14.3008003235,4.89093112946,5.80757713318,6.29725694656,5.18706560135,5.53707313538,3.33936691284,2.73636817932,2.8307788372,4.45478010178,4.33092880249,3.07237386703,2.85300445557,1.38473308086,0.854422986507,0.72061830759,0.951925039291,0.744730532169,0.434573769569,0.210404202342,0.0537540949881,0.0134238488972,0.00320256710984,0.000323107815348,0.0000402292316721,0.0000450587576779],"min":[7.45068838235e-23,6.70329366662e-22,2.29952292491e-21,2.15231446229e-21,8.21444793552e-21,2.36100578966e-20,3.58382204243e-20,8.34988615924e-20,1.857646806e-19,2.50090716977e-19,2.91682883291e-19,3.71655635491e-19,3.72557934443e-19,8.18428679781e-19,1.43344434115e-18,1.35081303046e-18,1.75962760947e-18,2.009524456e-18,2.46115886659e-18,2.38784088582e-18,3.46029151014e-18,5.32154239377e-18,4.03301006637e-18,7.17863483366e-18,8.59218144858e-18,9.65310262272e-18,9.08886039302e-18,1.09428236087e-17,9.67380860782e-18,1.24934514219e-17,9.83883858465e-18,1.19664521721e-17,1.04926222885e-17,8.04062237921e-18,6.42016273792e-18,4.58214591013e-18,2.46352274199e-18,1.02504335245e-18,2.463821044e-19,2.89800595033e-20],"var":[0.788494110107,17.8164405823,21.7916698456,49.1422996521,81.2473144531,434.428466797,397.053833008,1928.52416992,2590.75610352,4251.4296875,676.026367188,6595.92089844,16829.6113281,2609.85522461,2142.51806641,930.991760254,865.26953125,1529.46655273,541.228515625,1838.87646484,2395.18457031,1061.83044434,1460.87463379,2652.14453125,220.955169678,126.318626404,81.3176879883,83.6114044189,92.32787323,99.2797851562,98.5297317505,26.0092220306,6.71296167374,1.89319479465,0.224761098623,0.0209749005735,0.000734164670575,0.0000135908585435,4.13075120775e-8,1.16789899973e-9]},"erbbands_crest":{"dmean":2.44228482246,"dmean2":3.89501667023,"dvar":4.87793016434,"dvar2":11.9656658173,"max":29.2182712555,"mean":9.05774879456,"median":8.20607948303,"min":2.22398328781,"var":16.9324302673},"erbbands_flatness_db":{"dmean":0.016807936132,"dmean2":0.0232424233109,"dvar":0.000256422732491,"dvar2":0.000441550946562,"max":0.299858927727,"mean":0.151690810919,"median":0.151745557785,"min":0.0213294643909,"var":0.00167526351288},"erbbands_kurtosis":{"dmean":1.00450098515,"dmean2":1.56901156902,"dvar":1.66016852856,"dvar2":4.06694316864,"max":28.8590297699,"mean":1.04567182064,"median":0.406508922577,"min":-1.80863583088,"var":5.74600982666},"erbbands_skewness":{"dmean":0.320986956358,"dmean2":0.481128066778,"dvar":0.0838645920157,"dvar2":0.183595985174,"max":4.61432743073,"mean":0.735692203045,"median":0.734451889992,"min":-2.48015737534,"var":0.521894216537},"erbbands_spread":{"dmean":9.58066177368,"dmean2":14.292714119,"dvar":138.967269897,"dvar2":292.300811768,"max":146.367385864,"mean":39.6126060486,"median":33.6220321655,"min":2.65260505676,"var":460.906188965},"gfcc":{"cov":[[20923.2207031,1126.95202637,-1565.23669434,1129.6953125,-892.123962402,634.479980469,-668.566772461,487.692169189,-139.804336548,35.9824333191,-48.1068611145,-56.6668968201,-139.853622437],[1126.95202637,1329.89050293,-418.181091309,-26.3689498901,201.80871582,-207.400802612,224.393310547,-108.905265808,83.7312850952,-58.0663719177,141.153427124,-136.225601196,103.088562012],[-1565.23669434,-418.181091309,809.98260498,43.6859283447,-31.2002410889,142.11505127,-9.24180412292,-57.4508399963,-19.1951770782,31.7359657288,-104.524772644,10.8497266769,-85.2273025513],[1129.6953125,-26.3689498901,43.6859283447,385.20413208,-64.5011138916,112.709465027,20.8350868225,-50.8974266052,48.0319442749,-41.8740158081,-35.8488960266,-30.3620738983,-29.6056690216],[-892.123962402,201.80871582,-31.2002410889,-64.5011138916,294.007598877,-75.9679870605,91.9182052612,34.2755393982,13.9974565506,-4.95605945587,42.4902877808,-12.5095949173,43.2891578674],[634.479980469,-207.400802612,142.11505127,112.709465027,-75.9679870605,217.610244751,-14.7011384964,27.7567539215,4.17222356796,-8.89765167236,-37.5765953064,-10.9576435089,-49.0674095154],[-668.566772461,224.393310547,-9.24180412292,20.8350868225,91.9182052612,-14.7011384964,231.118011475,-57.837146759,53.5059890747,-8.70769691467,13.1733398438,-26.1332988739,14.0625371933],[487.692169189,-108.905265808,-57.4508399963,-50.8974266052,34.2755393982,27.7567539215,-57.837146759,165.072998047,1.26259565353,13.0735216141,6.83514451981,13.7898368835,4.32321310043],[-139.804336548,83.7312850952,-19.1951770782,48.0319442749,13.9974565506,4.17222356796,53.5059890747,1.26259565353,113.446853638,-9.5914850235,26.9539642334,-16.8959560394,4.54084062576],[35.9824333191,-58.0663719177,31.7359657288,-41.8740158081,-4.95605945587,-8.89765167236,-8.70769691467,13.0735216141,-9.5914850235,89.1964950562,8.33177089691,22.6075057983,-10.5172729492],[-48.1068611145,141.153427124,-104.524772644,-35.8488960266,42.4902877808,-37.5765953064,13.1733398438,6.83514451981,26.9539642334,8.33177089691,96.1465988159,5.67490243912,35.4875221252],[-56.6668968201,-136.225601196,10.8497266769,-30.3620738983,-12.5095949173,-10.9576435089,-26.1332988739,13.7898368835,-16.8959560394,22.6075057983,5.67490243912,83.7596588135,13.0079011917],[-139.853622437,103.088562012,-85.2273025513,-29.6056690216,43.2891578674,-49.0674095154,14.0625371933,4.32321310043,4.54084062576,-10.5172729492,35.4875221252,13.0079011917,76.6188659668]],"icov":[[0.000372038746718,-0.00114651117474,0.000594135548454,-0.00117396237329,0.000941008271184,-0.00119011872448,0.00101529795211,-0.00152416247874,0.000868850096595,-0.000981040997431,0.000831470882986,-0.00128507125191,0.000681685225572],[-0.00114651117474,0.00534720998257,-0.00131965545006,0.00357334502041,-0.00325647927821,0.00451165204868,-0.0040197991766,0.00551963597536,-0.00269508804195,0.00322209508158,-0.00401664571837,0.00663468614221,-0.00288290483877],[0.000594135548454,-0.00131965545006,0.00296374130994,-0.00150754675269,0.000628127600066,-0.00305468589067,0.00184520380571,-0.000848716415931,0.000833492958918,-0.00230187433772,0.00268651661463,-0.00191989017185,0.0016886072699],[-0.00117396237329,0.00357334502041,-0.00150754675269,0.00754475081339,-0.00303566199727,0.00158680055756,-0.00277239270508,0.00650153961033,-0.00463500525802,0.00395285058767,-0.00128050241619,0.00418345117941,-0.00213884515688],[0.000941008271184,-0.00325647927821,0.000628127600066,-0.00303566199727,0.00792329479009,-0.0011009540176,0.0000488608602609,-0.00679095322266,0.00338986725546,-0.00175968604162,0.000483815121697,-0.00263576861471,0.000598343089223],[-0.00119011872448,0.00451165204868,-0.00305468589067,0.00158680055756,-0.0011009540176,0.0123792970553,-0.0049768621102,0.00167109724134,-0.00169777555857,0.00443264981732,-0.00433856900781,0.00587589107454,0.0000626019973424],[0.00101529795211,-0.0040197991766,0.00184520380571,-0.00277239270508,0.0000488608602609,-0.0049768621102,0.0101614613086,-0.001058134716,-0.000918037956581,-0.00362210371532,0.00437634205446,-0.00412374688312,0.00145320757292],[-0.00152416247874,0.00551963597536,-0.000848716415931,0.00650153961033,-0.00679095322266,0.00167109724134,-0.001058134716,0.0162445232272,-0.00605200277641,0.00263173575513,-0.00223515648395,0.0053943330422,-0.0036164552439],[0.000868850096595,-0.00269508804195,0.000833492958918,-0.00463500525802,0.00338986725546,-0.00169777555857,-0.000918037956581,-0.00605200277641,0.0143371410668,-0.00130213040393,-0.00271835247986,-0.0015259643551,0.00234540505335],[-0.000981040997431,0.00322209508158,-0.00230187433772,0.00395285058767,-0.00175968604162,0.00443264981732,-0.00362210371532,0.00263173575513,-0.00130213040393,0.0164423137903,-0.00520272972062,0.000424110883614,0.00186206912622],[0.000831470882986,-0.00401664571837,0.00268651661463,-0.00128050241619,0.000483815121697,-0.00433856900781,0.00437634205446,-0.00223515648395,-0.00271835247986,-0.00520272972062,0.0194255057722,-0.00555067462847,-0.00292137172073],[-0.00128507125191,0.00663468614221,-0.00191989017185,0.00418345117941,-0.00263576861471,0.00587589107454,-0.00412374688312,0.0053943330422,-0.0015259643551,0.000424110883614,-0.00555067462847,0.0229062307626,-0.00725622242317],[0.000681685225572,-0.00288290483877,0.0016886072699,-0.00213884515688,0.000598343089223,0.0000626019973424,0.00145320757292,-0.0036164552439,0.00234540505335,0.00186206912622,-0.00292137172073,-0.00725622242317,0.0215676296502]],"mean":[-18.5631999969,117.966209412,-102.020080566,37.9678268433,-60.8660888672,17.967042923,-25.6378002167,16.2458190918,-14.458533287,2.22055745125,-6.07540416718,-2.43121767044,-2.33668088913]},"hfc":{"dmean":5.06566667557,"dmean2":7.7151017189,"dvar":67.7545318604,"dvar2":159.131851196,"max":124.885940552,"mean":17.7326507568,"median":12.0769863129,"min":1.09768290036e-16,"var":246.264144897},"melbands":{"dmean":[0.00327301514335,0.0016613266198,0.000610549701378,0.000342075858498,0.000223045746679,0.000300924933981,0.000197989385924,0.000176395958988,0.000080416109995,0.000129828316858,0.000144920442835,0.0000450910956715,0.0000799317203928,0.0000156867390615,0.0000151886524691,0.0000148556227941,0.0000139501253216,0.00000929222005652,0.0000113421956485,0.00000765168897487,0.00000950263165578,0.00000575064632358,0.00000547018771613,0.00000693373203831,0.00000628408861303,0.00000339308053299,0.00000265511653197,0.00000232002321354,0.00000193507571566,0.00000206589447771,0.00000163650406648,0.00000158098760039,0.00000144987916428,0.00000248364108302,0.000002264261866,0.00000221014374802,0.00000115871580419,7.47333501749e-7,5.29181818365e-7,4.18387287482e-7],"dmean2":[0.00479565188289,0.00271396990865,0.00103356305044,0.000557394698262,0.000328311318299,0.000446944264695,0.000292666256428,0.000261149252765,0.000121480901726,0.000203234740184,0.000229556477279,0.0000722890690668,0.000133369554533,0.0000249395616265,0.0000244346101681,0.0000231098565564,0.0000219290286623,0.0000148698900375,0.0000170717939909,0.0000119400674521,0.0000151626281877,0.00000899916994967,0.00000890833416634,0.0000106268998934,0.00000979673859547,0.00000542486577615,0.00000413992074755,0.00000367603342966,0.00000293072776003,0.0000030795931707,0.00000240838267018,0.00000231077251556,0.00000211563178709,0.00000397565236199,0.00000360957938028,0.00000362332821169,0.0000018913498252,0.00000120060428799,8.55711562053e-7,6.67950871502e-7],"dvar":[0.000026026598789,0.00000735684443498,0.00000129300428853,2.60787544448e-7,1.24347877772e-7,2.54152894286e-7,1.59454998538e-7,1.17061034643e-7,2.00253786886e-8,6.68475053089e-8,1.10822760746e-7,8.55464676874e-9,1.87257160889e-8,2.22145790651e-9,1.20957233118e-9,3.00000158049e-9,1.49442180852e-9,4.244488927e-10,1.05445496779e-9,5.09833120166e-10,8.76525241278e-10,3.42857853219e-10,2.27074498094e-10,3.5185962477e-10,3.2804572947e-10,5.02847069539e-11,3.74385938917e-11,3.43285608273e-11,1.78177160526e-11,2.56752136912e-11,1.88406009544e-11,1.8739220245e-11,1.48588866905e-11,3.10978083562e-11,2.37904002054e-11,2.57168938922e-11,5.95146674998e-12,2.95916221214e-12,1.35381549721e-12,7.19356648901e-13],"dvar2":[0.0000590965792071,0.0000192158513528,0.0000035701204979,6.78270509979e-7,2.76098461427e-7,5.83690166422e-7,3.57826451136e-7,2.70459082685e-7,4.29888373787e-8,1.58811445772e-7,2.80090631577e-7,2.06523651514e-8,4.86650968412e-8,5.09192732423e-9,2.78928125041e-9,6.24168583485e-9,3.06450465004e-9,8.7566653928e-10,1.78980352761e-9,9.40286182249e-10,1.93536831006e-9,7.2866773726e-10,5.23496079818e-10,7.56383899958e-10,7.28898330582e-10,1.2413593764e-10,8.62215368547e-11,7.93845475466e-11,3.82756430717e-11,6.06505470846e-11,4.28947918851e-11,4.33252808629e-11,3.18427541279e-11,7.71397043464e-11,5.87873014157e-11,6.5175878583e-11,1.47279636403e-11,7.10311193544e-12,3.3256529041e-12,1.72632351123e-12],"max":[0.0800422951579,0.0374212935567,0.0166315529495,0.00909472163767,0.00680742412806,0.0116825662553,0.0111856488511,0.0123766595498,0.0036950642243,0.00621079420671,0.0126847950742,0.00381545186974,0.00290311733261,0.00185975397471,0.00140984880272,0.00177692167927,0.00187407271005,0.000689655367751,0.00134189426899,0.00107083795592,0.0010222226847,0.000658480334096,0.000549848307855,0.00072073424235,0.000766968354583,0.000151627507876,0.000182592310011,0.000120611250168,0.000073524119216,0.0000623736341367,0.0000711005704943,0.000121078701341,0.00015268768766,0.0000985457081697,0.0000998709001578,0.000061617603933,0.0000381226527679,0.0000492392828164,0.0000379649391107,0.0000154159879457],"mean":[0.00561109604314,0.00310620083474,0.0010004194919,0.000712877779733,0.000541066227015,0.00069808633998,0.000462042749859,0.000377423129976,0.000170753861312,0.00028526346432,0.000283559027594,0.0000895631092135,0.00012438079284,0.0000300476458506,0.0000272924698947,0.000026142823117,0.0000295028748951,0.00001765318666,0.0000248694595939,0.0000146732454596,0.0000247498519457,0.0000138795339808,0.000012184350453,0.0000184938980965,0.0000158216080308,0.00000752000914872,0.00000524264396518,0.00000401451961807,0.00000342360726791,0.00000320917638419,0.00000235601282839,0.00000221395862354,0.00000194538120013,0.00000263069841822,0.00000262876960733,0.00000237962922256,0.00000134850358791,9.36481910685e-7,7.43734233311e-7,5.7805726783e-7],"median":[0.00328863388859,0.00242113135755,0.000645267835353,0.000345047214068,0.000267875380814,0.000293497228995,0.000180653252755,0.000156890062499,0.0000907030262169,0.000102629463072,0.0000931101021706,0.0000409031163144,0.0000593933000346,0.0000111043891593,0.0000113593387141,0.0000111172385004,0.0000117471563499,0.00000852811444929,0.00000672223131915,0.00000542688439964,0.00000362146306543,0.00000264370851255,0.00000276948071587,0.00000238553479903,0.00000368472615264,0.00000345118246514,0.00000236279606725,0.00000194236372408,0.00000185790668183,0.00000107838241092,7.06194384748e-7,5.14835051035e-7,3.23925434031e-7,4.24966259516e-7,5.20640639934e-7,5.43066335013e-7,3.90755133139e-7,2.82723163991e-7,2.32763369468e-7,1.40434707419e-7],"min":[6.96509994427e-25,1.46745049438e-24,5.79453932233e-25,9.62160235463e-25,1.48315099576e-24,2.33609383332e-24,2.77062524119e-24,2.45615254664e-24,1.70355222457e-24,2.99601917067e-24,1.6894501526e-24,3.38096435976e-24,3.70647440166e-24,3.09080849983e-24,2.93856761424e-24,2.27215527645e-24,2.53677965318e-24,3.16419938529e-24,3.61300463959e-24,3.65345387693e-24,3.53224184897e-24,4.68728054791e-24,3.58704796036e-24,3.60930448751e-24,5.34011422294e-24,4.10311445367e-24,4.15851773277e-24,6.16084392544e-24,5.16065704447e-24,5.50561566314e-24,4.7073227425e-24,4.24609075958e-24,6.07284451931e-24,6.28427817457e-24,5.91294201939e-24,4.57544058194e-24,6.69795762213e-24,7.16109864845e-24,6.02836854148e-24,6.29110773786e-24],"var":[0.0000483684234496,0.00000998751238512,0.00000144825412463,8.53702715631e-7,5.39344455319e-7,9.60740521805e-7,5.88057673667e-7,4.39023665422e-7,7.20164123891e-8,2.63144841028e-7,4.05386629154e-7,4.7238213341e-8,4.05718125762e-8,7.01195057573e-9,3.35152505748e-9,5.2154076613e-9,6.67831567824e-9,1.46732381801e-9,5.13433517924e-9,1.46864431727e-9,6.19570661442e-9,1.8797943202e-9,1.1271477085e-9,2.58177790258e-9,1.96971883248e-9,1.30035079926e-10,7.90219209512e-11,5.39355192453e-11,3.10685817351e-11,3.88244263128e-11,2.65634979291e-11,3.10128485392e-11,3.09734529691e-11,3.56299052762e-11,3.0526140643e-11,2.73694625991e-11,6.89683553323e-12,3.95476490098e-12,2.19432848628e-12,1.21996618536e-12]},"melbands_crest":{"dmean":3.4411110878,"dmean2":5.23531770706,"dvar":9.543633461,"dvar2":21.3779659271,"max":35.5988578796,"mean":16.2429027557,"median":15.549530983,"min":1.36866569519,"var":33.8069648743},"melbands_flatness_db":{"dmean":0.0295051503927,"dmean2":0.0413468070328,"dvar":0.000793735904153,"dvar2":0.00156276219059,"max":0.511023759842,"mean":0.246235728264,"median":0.242916509509,"min":0.000599962309934,"var":0.00487519800663},"melbands_kurtosis":{"dmean":10.5878429413,"dmean2":16.4537696838,"dvar":334.158203125,"dvar2":818.681091309,"max":443.95324707,"mean":21.4695072174,"median":11.6202774048,"min":-1.47628295422,"var":827.713439941},"melbands_skewness":{"dmean":0.84252512455,"dmean2":1.26969242096,"dvar":0.789861142635,"dvar2":1.77000749111,"max":14.9625234604,"mean":3.15875124931,"median":2.66707706451,"min":-1.07556355,"var":3.80724239349},"melbands_spread":{"dmean":4.27023029327,"dmean2":6.46438217163,"dvar":37.0282516479,"dvar2":77.3909378052,"max":150.877960205,"mean":15.1999759674,"median":11.3503313065,"min":0.596782386303,"var":217.283309937},"mfcc":{"cov":[[9171.65917969,569.427062988,128.494049072,159.78503418,210.446685791,-132.062713623,-60.2956008911,164.01423645,-58.7106285095,71.726348877,16.5352344513,36.8555221558,-28.3270778656],[569.427062988,1549.57971191,-355.286590576,203.950820923,-25.9292945862,-43.894203186,123.2057724,-62.023349762,10.7559185028,58.8789634705,-4.07481050491,5.09658336639,40.1094093323],[128.494049072,-355.286590576,728.393432617,-28.7056922913,10.8215656281,184.991409302,-54.753288269,35.9608535767,-6.14524078369,32.9308891296,-14.8456897736,13.0682401657,-51.975894928],[159.78503418,203.950820923,-28.7056922913,250.272354126,-20.9683456421,86.7475662231,9.19773483276,15.5662174225,21.5837059021,8.50908470154,-7.63210678101,0.957540810108,1.75872409344],[210.446685791,-25.9292945862,10.8215656281,-20.9683456421,199.62348938,-65.7004623413,24.4261341095,21.6901168823,8.71005249023,10.110212326,1.98038578033,8.09648036957,-11.9101629257],[-132.062713623,-43.894203186,184.991409302,86.7475662231,-65.7004623413,231.789276123,7.67918682098,35.344833374,6.54586362839,23.6751785278,3.01954650879,1.70034873486,-14.8966341019],[-60.2956008911,123.2057724,-54.753288269,9.19773483276,24.4261341095,7.67918682098,114.743507385,6.50115346909,20.7137012482,11.9747991562,8.36765003204,-4.90722942352,5.63246488571],[164.01423645,-62.023349762,35.9608535767,15.5662174225,21.6901168823,35.344833374,6.50115346909,112.378929138,31.1228199005,21.9346389771,6.83819913864,6.99059247971,-7.91875743866],[-58.7106285095,10.7559185028,-6.14524078369,21.5837059021,8.71005249023,6.54586362839,20.7137012482,31.1228199005,75.4385223389,22.9016284943,13.9422922134,-2.99014210701,-1.51763606071],[71.726348877,58.8789634705,32.9308891296,8.50908470154,10.110212326,23.6751785278,11.9747991562,21.9346389771,22.9016284943,77.4053497314,19.9360599518,6.78492021561,-9.56455421448],[16.5352344513,-4.07481050491,-14.8456897736,-7.63210678101,1.98038578033,3.01954650879,8.36765003204,6.83819913864,13.9422922134,19.9360599518,65.7603988647,22.523481369,6.77122783661],[36.8555221558,5.09658336639,13.0682401657,0.957540810108,8.09648036957,1.70034873486,-4.90722942352,6.99059247971,-2.99014210701,6.78492021561,22.523481369,58.8731231689,17.0459442139],[-28.3270778656,40.1094093323,-51.975894928,1.75872409344,-11.9101629257,-14.8966341019,5.63246488571,-7.91875743866,-1.51763606071,-9.56455421448,6.77122783661,17.0459442139,60.6103286743]],"icov":[[0.00012897689885,-0.000066710927058,-0.0000833622107166,-0.000120881333714,-0.0000791162456153,0.00019123389211,0.0000976581941359,-0.000289817457087,0.000262714136625,-0.0000508229350089,-0.000118280724564,0.0000526777766936,0.0000179180333362],[-0.000066710927058,0.00102355133276,0.000356062490027,-0.000785624724813,0.000271036871709,0.000257539941231,-0.000976145849563,0.000718888186384,0.000205562464544,-0.00114724610467,0.000536543142516,-0.000322175736073,-0.000224420728046],[-0.0000833622107166,0.000356062490027,0.00239434675314,0.000820689601824,-0.000714401947334,-0.0023711703252,0.000889869756065,0.000587017042562,-0.000361755082849,-0.000766024750192,0.00119285727851,-0.00104453903623,0.00105624925345],[-0.000120881333714,-0.000785624724813,0.000820689601824,0.00609229784459,-0.000613270094618,-0.00343678193167,0.00121671834495,0.000158383219969,-0.00224301498383,0.000989676103927,0.00125248264521,-0.00059604406124,0.0000605440873187],[-0.0000791162456153,0.000271036871709,-0.000714401947334,-0.000613270094618,0.00674910936505,0.00317553826608,-0.00233407877386,-0.0013537616469,0.000298207451124,-0.000737219990697,0.000353540614014,-0.00134769710712,0.00156622182112],[0.00019123389211,0.000257539941231,-0.0023711703252,-0.00343678193167,0.00317553826608,0.00914069544524,-0.00233746808954,-0.00246121524833,0.00206335261464,-0.00141648575664,-0.00112153100781,0.000359168538125,0.000603953667451],[0.0000976581941359,-0.000976145849563,0.000889869756065,0.00121671834495,-0.00233407877386,-0.00233746808954,0.0114386687055,-0.0000623357336735,-0.00251062517054,0.00011982502474,-0.000991441658698,0.00171171408147,-0.00109946494922],[-0.000289817457087,0.000718888186384,0.000587017042562,0.000158383219969,-0.0013537616469,-0.00246121524833,-0.0000623357336735,0.0123026678339,-0.00478324946016,-0.00176346930675,0.00129965972155,-0.00194261409342,0.000632916693576],[0.000262714136625,0.000205562464544,-0.000361755082849,-0.00224301498383,0.000298207451124,0.00206335261464,-0.00251062517054,-0.00478324946016,0.0183971058577,-0.00385272293352,-0.00339487590827,0.00307766790502,-0.000717900460586],[-0.0000508229350089,-0.00114724610467,-0.000766024750192,0.000989676103927,-0.000737219990697,-0.00141648575664,0.00011982502474,-0.00176346930675,-0.00385272293352,0.0177524201572,-0.00447667716071,-0.000666137144435,0.00270769232884],[-0.000118280724564,0.000536543142516,0.00119285727851,0.00125248264521,0.000353540614014,-0.00112153100781,-0.000991441658698,0.00129965972155,-0.00339487590827,-0.00447667716071,0.02054313384,-0.00796444807202,-0.000214560670429],[0.0000526777766936,-0.000322175736073,-0.00104453903623,-0.00059604406124,-0.00134769710712,0.000359168538125,0.00171171408147,-0.00194261409342,0.00307766790502,-0.000666137144435,-0.00796444807202,0.0230327248573,-0.00684601487592],[0.0000179180333362,-0.000224420728046,0.00105624925345,0.0000605440873187,0.00156622182112,0.000603953667451,-0.00109946494922,0.000632916693576,-0.000717900460586,0.00270769232884,-0.000214560670429,-0.00684601487592,0.0205594561994]],"mean":[-652.361938477,137.852127075,17.2148475647,25.8058929443,0.269851893187,3.23356842995,4.87911605835,8.69526958466,2.78568792343,12.1652240753,-0.0478488206863,0.851647078991,-0.00855953898281]},"pitch_salience":{"dmean":0.0734721645713,"dmean2":0.114347711205,"dvar":0.00435241637751,"dvar2":0.0105584887788,"max":0.992199122906,"mean":0.486373215914,"median":0.493750959635,"min":0.0873790085316,"var":0.0144530124962},"silence_rate_20dB":{"dmean":0,"dmean2":0,"dvar":0,"dvar2":0,"max":1,"mean":1,"median":1,"min":1,"var":0},"silence_rate_30dB":{"dmean":0.027623211965,"dmean2":0.0552519112825,"dvar":0.0268601700664,"dvar2":0.0613415427506,"max":1,"mean":0.971386015415,"median":1,"min":0,"var":0.0277952477336},"silence_rate_60dB":{"dmean":0.00238473759964,"dmean2":0.00467057526112,"dvar":0.00237905071117,"dvar2":0.00564250070602,"max":1,"mean":0.030899155885,"median":0,"min":0,"var":0.0299443975091},"spectral_centroid":{"dmean":176.429916382,"dmean2":257.758544922,"dvar":57302.0234375,"dvar2":105398.804688,"max":11550.9541016,"mean":1046.24169922,"median":843.941833496,"min":220.084869385,"var":826109.1875},"spectral_complexity":{"dmean":2.80922102928,"dmean2":4.40226554871,"dvar":17.0442867279,"dvar2":33.63804245,"max":54,"mean":15.7765522003,"median":14,"min":0,"var":64.2307434082},"spectral_contrast_coeffs":{"dmean":[0.0448650717735,0.0443051233888,0.0394369550049,0.0254106875509,0.0182892754674,0.0195353049785],"dmean2":[0.0741226226091,0.0715842992067,0.0649471729994,0.0427651405334,0.0304463077337,0.0295505989343],"dvar":[0.00141100317705,0.00126574572641,0.000937713659368,0.000392615736928,0.000219954410568,0.000328859023284],"dvar2":[0.00379837397486,0.00318391993642,0.00251445290633,0.00107623334043,0.000565797381569,0.000711647677235],"max":[-0.394937753677,-0.455463528633,-0.485973805189,-0.611283302307,-0.579977810383,-0.64573931694],"mean":[-0.696897089481,-0.706483483315,-0.731657147408,-0.798921346664,-0.801486134529,-0.77392321825],"median":[-0.699523627758,-0.707048118114,-0.733611345291,-0.803590774536,-0.810312509537,-0.77261942625],"min":[-0.977397382259,-0.977034687996,-0.975275039673,-0.973281741142,-0.971410393715,-0.9631549716],"var":[0.00477813882753,0.00624211831018,0.00431060278788,0.00220453715883,0.00258685671724,0.00206805812195]},"spectral_contrast_valleys":{"dmean":[0.349837392569,0.325429975986,0.276124358177,0.228510335088,0.213972732425,0.397133976221],"dmean2":[0.556418478489,0.531825065613,0.456397533417,0.373465150595,0.313437461853,0.500151634216],"dvar":[0.101686432958,0.0723839253187,0.0531638115644,0.047935385257,0.0628376156092,0.215962812304],"dvar2":[0.226409286261,0.184818074107,0.135595038533,0.111740335822,0.116265803576,0.351877987385],"max":[-4.80773305893,-4.94293785095,-5.3160071373,-5.92978191376,-5.84779167175,-7.90150594711],"mean":[-6.83304691315,-6.75613594055,-7.48091840744,-8.05021858215,-7.92931938171,-10.4337043762],"median":[-6.49450111389,-6.4860625267,-7.2258272171,-7.79425573349,-7.67504405975,-10.1436786652],"min":[-28.0834980011,-27.890827179,-27.7234344482,-27.6162986755,-27.6248111725,-27.4115867615],"var":[3.94028162956,3.607162714,3.37598180771,3.33290839195,3.3943631649,3.28988289833]},"spectral_decrease":{"dmean":3.60511087649e-9,"dmean2":5.40737854493e-9,"dvar":2.37180011666e-17,"dvar2":5.57789327566e-17,"max":1.31537765195e-28,"mean":-1.05263842087e-8,"median":-9.08338204653e-9,"min":-8.43323633148e-8,"var":5.77649404678e-17},"spectral_energy":{"dmean":0.0138867963105,"dmean2":0.0208389423788,"dvar":0.00034364341991,"dvar2":0.000808540033177,"max":0.322469651699,"mean":0.0413374193013,"median":0.0358844771981,"min":9.85413639827e-21,"var":0.000862927234266},"spectral_energyband_high":{"dmean":0.000406453822507,"dmean2":0.000605463166721,"dvar":7.88997965628e-7,"dvar2":0.00000182978135399,"max":0.0100317606702,"mean":0.000613367941696,"median":0.000236957610468,"min":7.03539002182e-21,"var":0.00000118522837056},"spectral_energyband_low":{"dmean":0.0121786752716,"dmean2":0.018308468163,"dvar":0.000338969344739,"dvar2":0.000799833156634,"max":0.300315111876,"mean":0.0235639270395,"median":0.0169478729367,"min":1.52918730102e-23,"var":0.00062008673558},"spectral_energyband_middle_high":{"dmean":0.00106798135675,"dmean2":0.00167014729232,"dvar":0.00000252565223491,"dvar2":0.00000590641866438,"max":0.0344994738698,"mean":0.0038401526399,"median":0.00187332148198,"min":1.31050258778e-21,"var":0.0000239183955273},"spectral_energyband_middle_low":{"dmean":0.00430263625458,"dmean2":0.00672425841913,"dvar":0.0000252432564594,"dvar2":0.0000628826746834,"max":0.088874168694,"mean":0.0145799461752,"median":0.0126527147368,"min":1.65103008638e-22,"var":0.000113531161333},"spectral_entropy":{"dmean":0.169102609158,"dmean2":0.229838863015,"dvar":0.0312499273568,"dvar2":0.0576373934746,"max":9.82423686981,"mean":7.47637367249,"median":7.43534517288,"min":6.05901813507,"var":0.194641888142},"spectral_flux":{"dmean":0.0274389758706,"dmean2":0.0440966896713,"dvar":0.000895012984984,"dvar2":0.00221714004874,"max":0.404242873192,"mean":0.0857989341021,"median":0.076752088964,"min":6.44983233489e-11,"var":0.00206282176077},"spectral_kurtosis":{"dmean":1.69509577751,"dmean2":2.70488476753,"dvar":3.68815636635,"dvar2":9.52600193024,"max":30.8673095703,"mean":4.25347185135,"median":3.71283841133,"min":-1.27757203579,"var":10.3551826477},"spectral_rms":{"dmean":0.000986783881672,"dmean2":0.00144757586531,"dvar":0.00000110220219085,"dvar2":0.00000248604737862,"max":0.0177370943129,"mean":0.00593820726499,"median":0.00591686088592,"min":3.10061156437e-12,"var":0.00000506688456881},"spectral_rolloff":{"dmean":294.093841553,"dmean2":493.701599121,"dvar":468324.1875,"dvar2":1048949.125,"max":19638.28125,"mean":884.376037598,"median":516.796875,"min":21.533203125,"var":2771348.75},"spectral_skewness":{"dmean":0.23623535037,"dmean2":0.360012739897,"dvar":0.053461022675,"dvar2":0.118710882962,"max":4.03605079651,"mean":1.5820120573,"median":1.56807303429,"min":-0.0808106139302,"var":0.261037051678},"spectral_spread":{"dmean":683562.875,"dmean2":956055.625,"dvar":879115108352,"dvar2":1658135379970,"max":42006620,"mean":4923472,"median":4429631,"min":1654404,"var":9984166330370},"spectral_strongpeak":{"dmean":0.406862407923,"dmean2":0.712846875191,"dvar":0.732073962688,"dvar2":1.94209849834,"max":11.7034788132,"mean":0.668105840683,"median":0.36007809639,"min":0,"var":0.910065829754},"zerocrossingrate":{"dmean":0.00913911685348,"dmean2":0.0109198279679,"dvar":0.000108810279926,"dvar2":0.000130472486489,"max":0.521484375,"mean":0.0421344749629,"median":0.03515625,"min":0,"var":0.0018816763768}},"metadata":{"audio_properties":{"analysis_sample_rate":44100,"bit_rate":0,"codec":"flac","downmix":"mix","equal_loudness":0,"length":233.666671753,"lossless":true,"md5_encoded":"21219f2d52c4e8cf9543c84f13e13320","replay_gain":-9.66397666931},"tags":{"album":["Garbage"],"albumartist":["Garbage"],"albumartistsort":["Garbage"],"artist":["Garbage"],"artistsort":["Garbage"],"barcode":["9399603145029"],"date":["1995-08-15"],"discnumber":["1"],"disctotal":["1"],"engineer":["Mike Zirkel"],"file_name":"12. Milk.flac","musicbrainz_albumartistid":["f9ef7a22-4262-4596-a2a8-1d19345b8e50"],"musicbrainz_albumid":["b3d9d402-9f2d-416b-8b03-9e2324fb5690"],"musicbrainz_artistid":["f9ef7a22-4262-4596-a2a8-1d19345b8e50"],"musicbrainz_recordingid":["727a4a9b-70c9-44e9-8dcc-ad8e4f9d007e"],"originaldate":["1995-08-15"],"title":["Milk"],"totaldiscs":["1"],"totaltracks":["12"],"tracknumber":["12"],"tracktotal":["12"]},"version":{"essentia":"2.1-beta1","essentia_build_sha":"50a0fbec89d6a9cedea3d45b6611406f7e8c7b1a","essentia_git_sha":"v2.1_beta1-7-ge0e83e8-dirty","extractor":"music 1.0"}},"rhythm":{"beats_count":376,"beats_loudness":{"dmean":0.0328683294356,"dmean2":0.0618287101388,"dvar":0.00111748138443,"dvar2":0.00306323403493,"max":0.188321664929,"mean":0.0565300397575,"median":0.04795999825,"min":0,"var":0.001174058998},"beats_loudness_band_ratio":{"dmean":[0.223624587059,0.0924941599369,0.0961270034313,0.0402481146157,0.0394661091268,0.0613196566701],"dmean2":[0.404696494341,0.156833872199,0.169590964913,0.0736487656832,0.0723901465535,0.122194558382],"dvar":[0.0249959919602,0.00674998713657,0.00998630188406,0.0030341646634,0.00352466083132,0.00143823120743],"dvar2":[0.0748903080821,0.0190040692687,0.0278577860445,0.0089387781918,0.00979874841869,0.00434891227633],"max":[0.990532040596,0.590625941753,0.694793820381,0.661052167416,0.412881791592,0.166445031762],"mean":[0.638816416264,0.130148053169,0.12745372951,0.0497897267342,0.0334900021553,0.04