{"lowlevel":{"average_loudness":0.866553485394,"barkbands":{"dmean":[0.0000189202637557,0.000577725819312,0.000836598686874,0.000979941920377,0.00140239438042,0.00058858259581,0.000616945500951,0.000590421899687,0.000604590401053,0.000659064913634,0.000393702386646,0.000457989575807,0.000398492120439,0.000268138595857,0.000274929276202,0.000125433885842,0.000134715053719,0.000120854943816,0.00023839851201,0.000332340976456,0.000212927188841,0.000128122090246,0.000116451592476,0.0000537993619218,0.0000117875924843,0.00000118599575671,8.10343792068e-8],"dmean2":[0.0000288236878987,0.000971758505329,0.00137697195169,0.00145062187221,0.00223038252443,0.000917467928957,0.000931478163693,0.000901269551832,0.000889331859071,0.000966505846009,0.000579125247896,0.000692390953191,0.00059826776851,0.000410012900829,0.000436712929513,0.000201073984499,0.000219998357352,0.000186824472621,0.000366338004824,0.000492802937515,0.000317747035297,0.00019285173039,0.000156520400196,0.0000778325775173,0.0000167155230884,0.00000166296410953,1.21521281926e-7],"dvar":[4.40261466172e-10,7.15726912404e-7,0.00000116293722385,0.00000249556296694,0.00000394135804527,9.58198143053e-7,0.00000197898339138,0.00000261836066784,0.00000246011586569,0.00000393739537685,0.00000205694482247,0.00000228359635912,0.00000151886729327,8.52373716498e-7,8.8821349209e-7,5.82468828725e-8,5.4911630798e-8,4.1372587134e-8,2.39679877723e-7,5.59610896289e-7,1.48768322106e-7,1.31459046315e-7,2.36436505929e-7,3.62568783885e-8,1.31971167328e-9,9.23067785402e-12,7.12878039477e-14],"dvar2":[9.29812671302e-10,0.00000178307413989,0.00000304222794512,0.00000556901613891,0.00000968239965005,0.00000212070222005,0.00000428331986768,0.00000615366025158,0.0000048613060244,0.00000754083703214,0.00000347290028913,0.00000438454890173,0.00000342886869475,0.00000162731078035,0.00000224906011681,1.44309893813e-7,1.35442718374e-7,9.43303462009e-8,5.57100008791e-7,0.00000117727756788,3.29814213273e-7,2.76013821576e-7,3.95347456106e-7,7.43208019571e-8,2.94939583867e-9,1.60865799848e-11,1.60756675441e-13],"max":[0.000438278540969,0.00982931628823,0.0204878728837,0.0256359539926,0.0325061529875,0.0166737455875,0.0264579989016,0.0302373804152,0.030070476234,0.0545254126191,0.0572387725115,0.0564666949213,0.0334739796817,0.0314417555928,0.0321453437209,0.00450103404,0.0053720548749,0.00476797204465,0.0125456620008,0.0113362902775,0.00848348997533,0.00870022084564,0.0148767465726,0.00557139422745,0.00126678810921,0.0000978508251137,0.00000403215926781],"mean":[0.000148961218656,0.000799033150543,0.0018591034459,0.0019992555026,0.00317214778624,0.00114168808796,0.00101743079722,0.000883052765857,0.00112595898099,0.00126918870956,0.000679385964759,0.000760383030865,0.000695024325978,0.00041303189937,0.000450143998023,0.000237428466789,0.000282468186924,0.000238773602177,0.000485351192765,0.00057743495563,0.000465656252345,0.000290455383947,0.000236139254412,0.000116654155136,0.0000264431419055,0.00000236838673118,1.16496998714e-7],"median":[0.000156822323333,0.000421977834776,0.00104009371717,0.000987627543509,0.00213428470306,0.000677819363773,0.000359558442142,0.000167488760781,0.000215241831029,0.000158731359988,0.0000811486315797,0.000118054398627,0.000125068923808,0.000115284761705,0.000146449689055,0.000120480224723,0.000189535872778,0.000136471062433,0.000253792619333,0.000235016428633,0.00024402073177,0.000145265148603,0.0000745911747799,0.0000474001644761,0.0000112786992759,8.83221673575e-7,3.30317710961e-8],"min":[5.37351957335e-26,1.57389613087e-24,2.3953423656e-25,8.88991315744e-25,9.01795021273e-24,6.52841484752e-24,3.67013946837e-24,3.63813025385e-24,7.47987181822e-24,1.31948929752e-23,1.44033631954e-23,1.96636801935e-23,2.25460832779e-23,2.19236436247e-23,2.53500199457e-23,5.2555529093e-23,6.92923933331e-23,1.10826879248e-22,9.9311674666e-23,1.31051897084e-22,2.46613166076e-22,3.36909769871e-22,3.5814711713e-22,5.37236137369e-22,8.43163818017e-22,1.21403224494e-21,1.87897610238e-21],"var":[2.55741894328e-9,0.00000102295200577,0.00000506039123138,0.00000755760720494,0.0000111975277832,0.00000250178459282,0.00000444890383733,0.00000505360276293,0.00000714977250027,0.0000163924451044,0.0000070744936238,0.00000638940673525,0.00000438373990619,0.00000173176249518,0.00000142573492212,1.30732175307e-7,1.12298813804e-7,9.57851256089e-8,5.08179653025e-7,0.00000102995352336,3.930981336e-7,3.32331410391e-7,6.87106478381e-7,8.72276260111e-8,2.78600853498e-9,2.48931292246e-11,8.54822872101e-14]},"barkbands_crest":{"dmean":2.21862101555,"dmean2":3.54312515259,"dvar":4.4218993187,"dvar2":10.4060440063,"max":26.8374042511,"mean":9.47180652618,"median":8.55228424072,"min":2.53993797302,"var":17.1811027527},"barkbands_flatness_db":{"dmean":0.0151700666174,"dmean2":0.0226281303912,"dvar":0.000213340012124,"dvar2":0.0004222051939,"max":0.4187541008,"mean":0.124705925584,"median":0.112897150218,"min":0.0457319505513,"var":0.0026418431662},"barkbands_kurtosis":{"dmean":2.67442250252,"dmean2":4.16835975647,"dvar":99.9487075806,"dvar2":228.645629883,"max":729.368347168,"mean":7.54725885391,"median":0.967048883438,"min":-1.91747355461,"var":2094.20703125},"barkbands_skewness":{"dmean":0.449724286795,"dmean2":0.6589371562,"dvar":0.271234840155,"dvar2":0.521341323853,"max":26.0862560272,"mean":1.46875286102,"median":1.14022302628,"min":-2.52338600159,"var":4.83505344391},"barkbands_spread":{"dmean":5.56081151962,"dmean2":8.14827919006,"dvar":39.5935211182,"dvar2":78.3116912842,"max":92.030128479,"mean":27.055185318,"median":24.4055023193,"min":0.609637916088,"var":255.637939453},"dissonance":{"dmean":0.0141599904746,"dmean2":0.0234148725867,"dvar":0.000261427863734,"dvar2":0.00071721628774,"max":0.500000119209,"mean":0.469719141722,"median":0.477470159531,"min":0.224818781018,"var":0.000681216886733},"dynamic_complexity":3.3477897644,"erbbands":{"dmean":[0.00653682928532,0.168470486999,0.889964222908,1.92345261574,3.59045362473,5.65619373322,5.41237401962,4.31228542328,6.67625951767,11.9801292419,11.8614149094,13.4216117859,16.6917285919,18.1194171906,18.0514221191,14.6904373169,17.3055438995,11.2700824738,15.6723213196,9.53640460968,7.04069519043,6.95914554596,6.04679584503,8.67619514465,16.524394989,14.6477689743,11.2919464111,5.83960771561,4.58362627029,4.58514308929,2.98727059364,1.67942214012,0.584338605404,0.193563506007,0.0570924431086,0.0105164200068,0.00132067594677,0.00016656362277,0.0000167528833117,0.00000577344553676],"dmean2":[0.0103932991624,0.283600121737,1.47278916836,2.90101385117,5.69978141785,9.09405994415,8.44987106323,6.62740325928,10.1519498825,18.3777141571,17.8389034271,19.9196166992,24.9623336792,25.2357578278,25.7814426422,21.7908248901,25.665014267,16.9915046692,24.2446708679,14.8476629257,11.3191432953,11.2091226578,9.33833885193,13.6003923416,24.5444889069,21.5406494141,17.0476436615,8.67701339722,6.87285804749,6.51522827148,4.11647224426,2.40203690529,0.83727401495,0.2738673985,0.082511767745,0.0146918734536,0.00179855374154,0.000237668675254,0.0000239181463257,0.00000776291562943],"dvar":[0.000114182672405,0.057749260217,1.31673574448,8.62545108795,26.2075004578,72.3349838257,72.0359649658,70.2084884644,183.124786377,1156.02758789,1273.91711426,1341.6463623,2461.51538086,3429.54907227,4237.85644531,2023.52319336,2886.95947266,1609.58349609,2771.00390625,852.340637207,162.997634888,154.935241699,117.824111938,188.244995117,1549.11291504,1058.61071777,511.578765869,95.6158294678,116.171852112,323.988830566,176.504684448,42.7899627686,3.06023144722,0.312387704849,0.0481632202864,0.000756087072659,0.00000915972577786,2.18126245954e-7,2.11743667045e-9,4.85173602682e-11],"dvar2":[0.000264910224359,0.146565958858,3.4476993084,19.6890277863,70.0609970093,174.623077393,163.706161499,149.893295288,383.105041504,2727.47485352,2925.76831055,2742.02587891,5542.87890625,4927.62988281,6627.93798828,4096.14501953,6596.83544922,3050.46264648,6595.20263672,2003.08959961,413.078918457,386.28125,261.852874756,449.812988281,3398.20898438,2255.88476562,1159.00805664,205.480255127,237.121856689,623.788757324,305.272583008,83.0145874023,5.98531532288,0.666108965874,0.117478892207,0.00132186990231,0.0000169764462044,4.60432858063e-7,4.54400872485e-9,8.41889127856e-11],"max":[0.111007519066,2.66590857506,21.2698020935,51.9255638123,78.1453094482,136.496856689,158.100967407,188.328674316,337.086181641,601.503662109,960.574768066,632.525085449,1118.00097656,2052.96264648,2753.56738281,1026.89794922,1641.89916992,1416.60522461,1989.48742676,942.553710938,257.909973145,302.683410645,280.472442627,218.079620361,832.273986816,426.485595703,536.216186523,212.899002075,294.53527832,537.286437988,350.634735107,189.21522522,51.1224021912,19.0399246216,9.75068569183,0.925600230694,0.0680225938559,0.00701175164431,0.000636024342384,0.000129807725898],"mean":[0.00930496212095,0.262678176165,2.05519080162,4.34544992447,7.82428312302,11.7809419632,10.7012414932,8.82091903687,12.0266008377,18.4661464691,20.4753494263,24.4150848389,30.5772457123,38.3070755005,35.018196106,28.7132492065,33.1304740906,19.2508773804,26.2822170258,17.2605743408,14.7336196899,15.3777732849,12.7070875168,19.8062572479,30.2222957611,25.9001979828,22.457818985,13.9146356583,10.5854206085,9.37338542938,6.04912614822,3.54701280594,1.29493892193,0.442093908787,0.120642639697,0.0223707146943,0.00262504490092,0.000281170563539,0.0000370317029592,0.0000264591471932],"median":[0.00464578811079,0.152496561408,1.18472826481,2.77571773529,5.87211894989,7.43155670166,6.34091949463,5.10289239883,5.32861042023,4.59383630753,4.27200889587,5.44912862778,5.48980140686,5.31314563751,4.82684421539,5.15609788895,6.11080646515,5.51962041855,9.25787734985,6.58694648743,8.76503181458,10.4285650253,7.98077392578,11.0777254105,13.5832700729,11.0144081116,11.5011663437,7.49204587936,5.5153169632,3.4701499939,1.95457029343,1.35579383373,0.532315254211,0.190484523773,0.0500942729414,0.00861243344843,0.000983575941063,0.0000939257297432,0.0000198958150577,0.000023120393962],"min":[7.39543530237e-23,4.5472567906e-22,5.83129767672e-22,3.84753529965e-21,1.06660230552e-20,1.91087671852e-20,2.5467805386e-20,4.05510625773e-20,8.4131654761e-20,1.69139707381e-19,2.5756437136e-19,2.13482792068e-19,5.17876946908e-19,6.17280378492e-19,5.05058904437e-19,9.53059407208e-19,1.41833464649e-18,1.18971092077e-18,1.57176341523e-18,3.25508971366e-18,2.77466197311e-18,4.39134843004e-18,6.31857544612e-18,4.22192529698e-18,6.44678926825e-18,6.77346398525e-18,8.71125078903e-18,9.15572222912e-18,1.11504649676e-17,1.08902968126e-17,9.44952354781e-18,1.058442362e-17,1.00012290281e-17,7.6803488265e-18,6.13064166531e-18,4.08119416423e-18,2.11990281655e-18,9.42062764747e-19,2.48327452255e-19,2.62219129924e-20],"var":[0.000161882460816,0.0953034833074,5.81607246399,24.488451004,54.1309432983,186.882522583,193.621459961,188.811904907,498.650604248,2106.37158203,2809.84594727,3328.05810547,6163.67578125,18753.7890625,18926.9335938,6235.92041016,9020.88574219,3313.35766602,4671.27148438,1550.72924805,376.489990234,328.609161377,246.642196655,631.44128418,2786.2175293,1945.56970215,1049.65661621,325.747283936,333.768554688,862.907592773,467.421783447,105.88835907,8.19737815857,0.725177764893,0.0776170939207,0.00223539443687,0.0000227164546232,3.37074936851e-7,3.44576234212e-9,3.48305051467e-10]},"erbbands_crest":{"dmean":2.33777594566,"dmean2":3.69985675812,"dvar":6.17216396332,"dvar2":14.4317350388,"max":31.2342300415,"mean":8.32421302795,"median":7.02576494217,"min":2.2807662487,"var":20.3746414185},"erbbands_flatness_db":{"dmean":0.0125541388988,"dmean2":0.0182617530227,"dvar":0.000147927188664,"dvar2":0.000283368164673,"max":0.29939365387,"mean":0.16227221489,"median":0.157565876842,"min":0.0343503989279,"var":0.00123555050232},"erbbands_kurtosis":{"dmean":0.79787260294,"dmean2":1.18783187866,"dvar":1.20117747784,"dvar2":2.27633404732,"max":17.4984226227,"mean":0.245050802827,"median":-0.485371828079,"min":-1.83714520931,"var":5.09380817413},"erbbands_skewness":{"dmean":0.34452599287,"dmean2":0.497868895531,"dvar":0.114326901734,"dvar2":0.215415269136,"max":3.55742096901,"mean":0.0611879453063,"median":0.0535665303469,"min":-3.67166757584,"var":0.856440007687},"erbbands_spread":{"dmean":7.97265005112,"dmean2":11.8004312515,"dvar":64.421875,"dvar2":131.328048706,"max":130.614639282,"mean":47.0131797791,"median":45.5143547058,"min":5.19132566452,"var":420.667449951},"gfcc":{"cov":[[38165.1210938,1988.51184082,-4999.26416016,1685.49841309,-2683.68554688,667.160583496,-1045.5513916,-33.5131530762,-998.526611328,-104.192420959,-370.590087891,-432.765228271,-315.812683105],[1988.51184082,1238.49694824,-344.851013184,-148.9425354,73.1757202148,-146.435531616,-45.4772834778,-82.4680786133,36.9432868958,-163.443893433,-49.0104408264,-70.9198074341,37.3731269836],[-4999.26416016,-344.851013184,1011.76226807,11.1644496918,281.096374512,-119.748641968,48.2966194153,11.4719839096,134.593505859,19.7107448578,23.477689743,64.0513153076,40.1317138672],[1685.49841309,-148.9425354,11.1644496918,478.484893799,-153.70892334,-14.2005310059,-139.36289978,-4.99322509766,-43.804397583,25.2430286407,-28.5101070404,-18.5166625977,-12.1348972321],[-2683.68554688,73.1757202148,281.096374512,-153.70892334,385.852111816,-51.7652244568,97.1323547363,-14.1512708664,81.8105545044,1.61634302139,14.7194623947,19.5919971466,39.4793052673],[667.160583496,-146.435531616,-119.748641968,-14.2005310059,-51.7652244568,209.422286987,48.7987098694,19.7695789337,-47.0903053284,10.9012889862,21.7579555511,-0.071373231709,-21.4377231598],[-1045.5513916,-45.4772834778,48.2966194153,-139.36289978,97.1323547363,48.7987098694,184.341598511,38.6762771606,-0.012256693095,0.506540775299,29.3575611115,9.35427570343,-8.10096359253],[-33.5131530762,-82.4680786133,11.4719839096,-4.99322509766,-14.1512708664,19.7695789337,38.6762771606,90.6991348267,31.1188678741,21.9496669769,-5.89720487595,6.05093717575,-4.34108734131],[-998.526611328,36.9432868958,134.593505859,-43.804397583,81.8105545044,-47.0903053284,-0.012256693095,31.1188678741,122.441093445,19.6202087402,-4.49659156799,-2.4194290638,5.79692077637],[-104.192420959,-163.443893433,19.7107448578,25.2430286407,1.61634302139,10.9012889862,0.506540775299,21.9496669769,19.6202087402,112.062667847,31.3843688965,1.86252629757,-20.3476314545],[-370.590087891,-49.0104408264,23.477689743,-28.5101070404,14.7194623947,21.7579555511,29.3575611115,-5.89720487595,-4.49659156799,31.3843688965,71.3707427979,25.7230758667,-8.17255783081],[-432.765228271,-70.9198074341,64.0513153076,-18.5166625977,19.5919971466,-0.071373231709,9.35427570343,6.05093717575,-2.4194290638,1.86252629757,25.7230758667,62.8955841064,22.3983192444],[-315.812683105,37.3731269836,40.1317138672,-12.1348972321,39.4793052673,-21.4377231598,-8.10096359253,-4.34108734131,5.79692077637,-20.3476314545,-8.17255783081,22.3983192444,60.6479072571]],"icov":[[0.000538175809197,-0.00107528548688,0.00151433795691,-0.00122406845912,0.00143754773308,-0.00109704292845,0.00103513069917,-0.00107105227653,0.00172703759745,-0.00137563678436,0.00169275992084,-0.000800997891929,0.000853448640555],[-0.00107528548688,0.00389498681761,-0.00211568479426,0.00265282345936,-0.00340865855105,0.00336069078185,-0.00180335098412,0.00273698102683,-0.00462855445221,0.00526353437454,-0.0046082995832,0.00339530385099,-0.00237350445241],[0.00151433795691,-0.00211568479426,0.0063161556609,-0.0039738654159,0.00291866762564,-0.00201698835008,0.00249956478365,-0.00236399448477,0.00288068992086,-0.00248260097578,0.00413582008332,-0.0029521191027,0.00230584712699],[-0.00122406845912,0.00265282345936,-0.0039738654159,0.0061148526147,-0.00270439544693,0.00263318954967,0.000145875863382,0.0013248299947,-0.00213166023605,0.00254915840924,-0.00357105443254,0.0030977090355,-0.00191648886539],[0.00143754773308,-0.00340865855105,0.00291866762564,-0.00270439544693,0.00923660118133,-0.00295605906285,-0.000402845907956,0.000232034974033,0.00225147278979,-0.00542527204379,0.00566185032949,-0.00251662335359,-0.000323930464219],[-0.00109704292845,0.00336069078185,-0.00201698835008,0.00263318954967,-0.00295605906285,0.00930387806147,-0.00332262879238,0.00110281875823,-0.00230762409046,0.00429689977318,-0.0056854407303,0.00295034609735,-0.00126750278287],[0.00103513069917,-0.00180335098412,0.00249956478365,0.000145875863382,-0.000402845907956,-0.00332262879238,0.0136192832142,-0.00914262328297,0.00746893463656,-0.000395298120566,-0.00117776775733,0.00100664130878,0.00375222926959],[-0.00107105227653,0.00273698102683,-0.00236399448477,0.0013248299947,0.000232034974033,0.00110281875823,-0.00914262328297,0.021511008963,-0.0114592779428,-0.000402873993153,0.00309153180569,-0.00312427594326,-0.0023466583807],[0.00172703759745,-0.00462855445221,0.00288068992086,-0.00213166023605,0.00225147278979,-0.00230762409046,0.00746893463656,-0.0114592779428,0.0214341264218,-0.00732053304091,0.00517720542848,0.0000367415304936,0.00358813838102],[-0.00137563678436,0.00526353437454,-0.00248260097578,0.00254915840924,-0.00542527204379,0.00429689977318,-0.000395298120566,-0.000402873993153,-0.00732053304091,0.0197799336165,-0.0130636263639,0.0059881801717,0.0000788152974565],[0.00169275992084,-0.0046082995832,0.00413582008332,-0.00357105443254,0.00566185032949,-0.0056854407303,-0.00117776775733,0.00309153180569,0.00517720542848,-0.0130636263639,0.0305893477052,-0.0152860488743,0.00746158929542],[-0.000800997891929,0.00339530385099,-0.0029521191027,0.0030977090355,-0.00251662335359,0.00295034609735,0.00100664130878,-0.00312427594326,0.0000367415304936,0.0059881801717,-0.0152860488743,0.0294297132641,-0.0120213404298],[0.000853448640555,-0.00237350445241,0.00230584712699,-0.00191648886539,-0.000323930464219,-0.00126750278287,0.00375222926959,-0.0023466583807,0.00358813838102,0.0000788152974565,0.00746158929542,-0.0120213404298,0.0257108397782]],"mean":[-43.5574874878,94.6366500854,-129.577148438,57.1070213318,-72.5459899902,8.15640830994,-37.825088501,-3.52405452728,-25.488483429,-10.086057663,-15.5747470856,-11.7739868164,-6.43611383438]},"hfc":{"dmean":5.58350324631,"dmean2":7.12509059906,"dvar":79.8942108154,"dvar2":128.740692139,"max":186.04284668,"mean":21.1746578217,"median":15.4268484116,"min":1.06771434529e-16,"var":445.314666748},"melbands":{"dmean":[0.000106425693957,0.000369338406017,0.000363631144864,0.000333009462338,0.00019483678625,0.000100129509519,0.00010713863594,0.000133724024636,0.0000972179113887,0.000083097103925,0.0000891144081834,0.0000794183652033,0.000057772580476,0.0000531386358489,0.0000451269952464,0.0000320583494613,0.0000222785238293,0.0000282038672594,0.0000182090134331,0.00000914114843908,0.0000094293636721,0.00000793555409473,0.00000671942734698,0.00000624723179499,0.00000762235185903,0.0000104152386484,0.0000140406173159,0.0000101122095657,0.00000804005867394,0.00000586458418184,0.00000285449368675,0.0000028651422781,0.00000268092185252,0.00000274625699603,0.00000197195208784,0.00000137885626827,9.69637653725e-7,4.82198970531e-7,2.45168649826e-7,1.4971776352e-7],"dmean2":[0.000174320623046,0.000615650613327,0.000549152609892,0.000531079771463,0.000304099725327,0.000154759836732,0.000161258736625,0.000205429023481,0.000144277160871,0.000123312667711,0.000132968852995,0.000112141082354,0.0000831773068057,0.0000790773556218,0.0000666510750307,0.0000486878925585,0.0000336660377798,0.0000435794063378,0.0000283174758806,0.0000144633359014,0.0000154303852469,0.0000128628917082,0.0000106972102003,0.0000098101745607,0.0000121635375763,0.0000159759601956,0.0000209846584767,0.0000153278033395,0.0000125152782857,0.00000903286581888,0.00000434995217802,0.00000441686415797,0.00000409978338212,0.0000039424080569,0.00000277654385172,0.00000201666330213,0.0000014441317262,7.147694987e-7,3.62744486893e-7,2.17947729197e-7],"dvar":[2.64757407109e-8,2.28410669934e-7,2.9649447697e-7,2.40927221284e-7,8.82719177753e-8,3.4439910479e-8,4.6767311801e-8,1.26634603248e-7,8.28538091469e-8,5.13542985914e-8,6.92264876534e-8,6.6880460281e-8,4.13484855244e-8,2.7482970566e-8,2.22636735714e-8,1.3384177322e-8,7.32417060334e-9,8.92312179701e-9,4.11192324634e-9,4.3673631378e-10,3.04277075758e-10,2.03855793357e-10,1.73163552941e-10,1.2504412783e-10,1.47825029995e-10,5.17788312226e-10,1.20196319564e-9,5.35079147657e-10,2.74995720639e-10,1.09386964764e-10,2.48237558981e-11,3.38855957183e-11,9.75738309594e-11,1.29999955245e-10,8.3529502759e-11,3.50881303179e-11,1.2662810904e-11,2.12907014067e-12,4.9387051523e-13,2.02491100059e-13],"dvar2":[6.24111820002e-8,6.02292971053e-7,6.90466777087e-7,6.06358639743e-7,1.97851093731e-7,7.37288061714e-8,9.63401589615e-8,3.00547782217e-7,1.81810648314e-7,1.03885142266e-7,1.55574355176e-7,1.0032356812e-7,6.81415883719e-8,5.19142666633e-8,4.74929500172e-8,3.24763682613e-8,1.3541921362e-8,2.01043288683e-8,9.6953618467e-9,1.03331265766e-9,7.99249999517e-10,5.14659703743e-10,4.14995232623e-10,2.93061075407e-10,3.66472546753e-10,1.16321208221e-9,2.66860111786e-9,1.22634213895e-9,6.53162135489e-10,2.55822307782e-10,5.48004662482e-11,7.31250129893e-11,2.17458107077e-10,2.56283633204e-10,1.57585000604e-10,6.88072446242e-11,2.63388547084e-11,4.47658706978e-12,1.07678308544e-12,4.55229170332e-13],"max":[0.00190747482702,0.00787277240306,0.00880926568061,0.00913652777672,0.00594030320644,0.00370605941862,0.00455714715645,0.00590840820223,0.00828653480858,0.00350210536271,0.00546891288832,0.00877579860389,0.00781557057053,0.00653078965843,0.00461150705814,0.00403373967856,0.00330027285963,0.00311959860846,0.00198836904019,0.000488151737954,0.000407059415011,0.00028351781657,0.000321710220305,0.000281444954453,0.000211603124626,0.000570021278691,0.000720940122847,0.000307559676003,0.00040280201938,0.000172238549567,0.00012866477482,0.000168802594999,0.000263773166807,0.000398270989535,0.000233656493947,0.000174039159901,0.000102047793916,0.0000424775425927,0.0000226549891522,0.0000145573831105],"mean":[0.000153633154696,0.000798058870714,0.000847770133987,0.000772789586335,0.000405406608479,0.000201411457965,0.00018850278866,0.000204967785976,0.000174329587026,0.000149545201566,0.000155446847202,0.000162293901667,0.000108257438114,0.0000910293965717,0.0000862164451974,0.0000523926682945,0.0000344601467077,0.0000440020157839,0.0000294759120152,0.0000161442458193,0.0000179858234333,0.0000166133104358,0.0000121921539176,0.0000119548603834,0.0000160665113071,0.0000198665620701,0.0000223903953156,0.0000161678672157,0.000014434219338,0.0000117880672406,0.00000651220034342,0.00000617502655587,0.00000530164834345,0.00000517658509125,0.00000363820208804,0.00000274496642305,0.00000191797789739,9.90058765638e-7,5.19341540439e-7,3.18694219459e-7],"median":[0.0000826024552225,0.000470462662634,0.000563540495932,0.000559469219297,0.000241451372858,0.000116525749036,0.0000775476219133,0.0000469288424938,0.0000331038972945,0.0000307215595967,0.0000248403375736,0.000020168694391,0.0000143928718899,0.0000144465420817,0.0000118042707982,0.0000114268286779,0.0000088987617346,0.0000145893745866,0.00000943598843151,0.00000693026277077,0.0000105222061393,0.0000111928475235,0.0000069949041972,0.00000661027070237,0.00000859953888721,0.00000982485289569,0.00000839797394292,0.00000635798369331,0.00000686337898514,0.0000059117805904,0.00000364725860891,0.00000325746395902,0.00000223858023674,0.00000169797976923,0.00000108294295842,9.5684504231e-7,7.40172424685e-7,3.86838195254e-7,2.1901701075e-7,1.32050288926e-7],"min":[9.76552411033e-25,2.89639008126e-25,7.84938195762e-25,1.52460208645e-24,8.2820652616e-25,1.03542056444e-24,1.2852784511e-24,2.75792576391e-24,1.69382793619e-24,9.3782663755e-25,1.91014207666e-24,2.20528176257e-24,1.54293550971e-24,2.75319220404e-24,2.37071259972e-24,2.34199904884e-24,1.71046895699e-24,2.49261468376e-24,2.59645205028e-24,3.28635922963e-24,2.58532871708e-24,3.7318185304e-24,3.42123058138e-24,3.96716374299e-24,3.26533786144e-24,3.91970784308e-24,3.57040930615e-24,4.61074526289e-24,4.00006555362e-24,3.64855465628e-24,4.45134921167e-24,6.03923076171e-24,5.52583259041e-24,4.92429854005e-24,5.10534132894e-24,4.51546585389e-24,5.71174659539e-24,5.57853678192e-24,6.0633217849e-24,4.99385043391e-24],"var":[3.84441953827e-8,8.45746910727e-7,8.40317284201e-7,6.14672842403e-7,2.70289490345e-7,9.33127708436e-8,1.25567495957e-7,2.32002335565e-7,2.10340004969e-7,1.28605734062e-7,1.68509316723e-7,3.61035290553e-7,1.62866001574e-7,9.28378085518e-8,7.81845557185e-8,2.46285853933e-8,1.47321248534e-8,1.47131631323e-8,6.33928909366e-9,9.78745751112e-10,5.96210580905e-10,4.17803097674e-10,3.00198643721e-10,2.67249111729e-10,4.58974552808e-10,1.00164987415e-9,1.95504079592e-9,8.4387241639e-10,4.89314755381e-10,2.72518729805e-10,7.33939714559e-11,9.31926549819e-11,2.11526143823e-10,3.18510690045e-10,1.91866106336e-10,8.24125628851e-11,2.83783864463e-11,5.00438492729e-12,1.12310974323e-12,4.07271764057e-13]},"melbands_crest":{"dmean":2.95005655289,"dmean2":4.68295049667,"dvar":7.49730968475,"dvar2":18.1517887115,"max":39.5188140869,"mean":13.7210788727,"median":12.8613634109,"min":1.51108944416,"var":32.754611969},"melbands_flatness_db":{"dmean":0.0197160821408,"dmean2":0.0289240013808,"dvar":0.000394556729589,"dvar2":0.000772567349486,"max":0.439795196056,"mean":0.170407131314,"median":0.159251257777,"min":0.00377831351943,"var":0.00507105886936},"melbands_kurtosis":{"dmean":6.35315942764,"dmean2":9.69688796997,"dvar":370.241149902,"dvar2":963.850219727,"max":1010.5814209,"mean":16.9127216339,"median":6.88909053802,"min":-1.82190978527,"var":1976.18981934},"melbands_skewness":{"dmean":0.628162801266,"dmean2":0.925928294659,"dvar":0.574563682079,"dvar2":1.18426096439,"max":30.2605743408,"mean":2.8257997036,"median":2.47290205956,"min":-0.842173099518,"var":5.07788848877},"melbands_spread":{"dmean":8.55533599854,"dmean2":12.3818502426,"dvar":140.581298828,"dvar2":251.541748047,"max":211.584655762,"mean":32.7627334595,"median":25.6479644775,"min":0.88726991415,"var":892.271728516},"mfcc":{"cov":[[12876.1269531,274.106994629,-692.729614258,66.6156921387,-600.237060547,201.380432129,164.098220825,-77.476852417,-267.914489746,112.011825562,-75.7238006592,-12.2651977539,-64.611579895],[274.106994629,1521.29309082,-240.818908691,21.4854927063,59.2203941345,-43.2201728821,-71.0031356812,34.7548027039,55.4445037842,-56.9430580139,-54.3692626953,-41.2151298523,-32.8543357849],[-692.729614258,-240.818908691,510.131713867,177.726135254,68.6747283936,-14.2465105057,-67.106086731,-2.76150488853,-4.48254156113,-12.6958789825,-14.8540897369,8.01143360138,-3.40166354179],[66.6156921387,21.4854927063,177.726135254,369.493164062,92.1921539307,-16.9306106567,-69.4542922974,-47.879119873,5.04826259613,4.26527261734,-34.7271499634,-26.5716285706,5.15925073624],[-600.237060547,59.2203941345,68.6747283936,92.1921539307,180.683609009,23.7773036957,-54.609992981,-16.2850437164,27.1578216553,-1.62415552139,-10.0485229492,-15.8158149719,-3.87745308876],[201.380432129,-43.2201728821,-14.2465105057,-16.9306106567,23.7773036957,106.194030762,54.830493927,3.52547907829,-20.9134941101,1.24353694916,10.5008096695,-0.169278353453,-11.9629402161],[164.098220825,-71.0031356812,-67.106086731,-69.4542922974,-54.609992981,54.830493927,157.972198486,38.8003044128,-14.9271478653,-2.54836249352,12.7127151489,12.4101324081,5.0093421936],[-77.476852417,34.7548027039,-2.76150488853,-47.879119873,-16.2850437164,3.52547907829,38.8003044128,99.3910903931,27.4146499634,-11.3973875046,-2.97300291061,6.39976787567,-2.72899413109],[-267.914489746,55.4445037842,-4.48254156113,5.04826259613,27.1578216553,-20.9134941101,-14.9271478653,27.4146499634,88.2312927246,27.7818145752,-1.87472689152,-5.37785291672,-0.98092007637],[112.011825562,-56.9430580139,-12.6958789825,4.26527261734,-1.62415552139,1.24353694916,-2.54836249352,-11.3973875046,27.7818145752,75.4510192871,28.5724716187,1.37914872169,2.93634605408],[-75.7238006592,-54.3692626953,-14.8540897369,-34.7271499634,-10.0485229492,10.5008096695,12.7127151489,-2.97300291061,-1.87472689152,28.5724716187,75.3694229126,37.7423858643,5.66811561584],[-12.2651977539,-41.2151298523,8.01143360138,-26.5716285706,-15.8158149719,-0.169278353453,12.4101324081,6.39976787567,-5.37785291672,1.37914872169,37.7423858643,71.9295883179,30.3339214325],[-64.611579895,-32.8543357849,-3.40166354179,5.15925073624,-3.87745308876,-11.9629402161,5.0093421936,-2.72899413109,-0.98092007637,2.93634605408,5.66811561584,30.3339214325,64.9472198486]],"icov":[[0.000136549075251,-0.0000319064965879,0.000201329326956,-0.000232135513215,0.000562230416108,-0.000454771128716,0.000207950637559,-0.0000849177813507,0.000388443877455,-0.000495551503263,0.000485974567709,-0.000314682547469,0.000211713588214],[-0.0000319064965879,0.000866285059601,0.000559342151973,-0.000187652884051,-0.000354031129973,0.000263745256234,0.000400305172661,-0.000362805993063,-0.000530562654603,0.000906918372493,0.0000697202340234,-0.0000090675894171,0.000381140387617],[0.000201329326956,0.000559342151973,0.00329206581227,-0.00169982784428,0.000243039932684,-0.00047587841982,0.0013673043577,-0.00134832994081,0.000980655080639,-0.000202902956516,0.00119458732661,-0.00180986360647,0.00132047047373],[-0.000232135513215,-0.000187652884051,-0.00169982784428,0.00453775981441,-0.00232994230464,0.00125940376893,-0.00038210771163,0.00172057410236,-0.000375366391381,-0.000195026557776,0.000511917867698,0.00135921384208,-0.00125707453117],[0.000562230416108,-0.000354031129973,0.000243039932684,-0.00232994230464,0.0113048506901,-0.00691901007667,0.00416986411437,0.000668728549499,-0.00263532600366,0.000379796954803,0.000732720014639,0.000362093443982,-0.000605037086643],[-0.000454771128716,0.000263745256234,-0.00047587841982,0.00125940376893,-0.00691901007667,0.0168812833726,-0.00698015466332,0.000110784843855,0.00346410041675,-0.00056011514971,-0.00199983920902,0.000421517441282,0.00285073067062],[0.000207950637559,0.000400305172661,0.0013673043577,-0.00038210771163,0.00416986411437,-0.00698015466332,0.0116596855223,-0.00397247029468,0.000736488611437,-0.0000704355334165,0.000277843209915,-0.000249500008067,-0.00148505077232],[-0.0000849177813507,-0.000362805993063,-0.00134832994081,0.00172057410236,0.000668728549499,0.000110784843855,-0.00397247029468,0.0151018640026,-0.00712482398376,0.00425278767943,0.000132391578518,-0.000898766680621,0.000634314201307],[0.000388443877455,-0.000530562654603,0.000980655080639,-0.000375366391381,-0.00263532600366,0.00346410041675,0.000736488611437,-0.00712482398376,0.020386075601,-0.0110935447738,0.0042292480357,-0.00168688304257,0.00155200192239],[-0.000495551503263,0.000906918372493,-0.000202902956516,-0.000195026557776,0.000379796954803,-0.00056011514971,-0.0000704355334165,0.00425278767943,-0.0110935447738,0.023942746222,-0.0120034525171,0.00643260963261,-0.00313255703077],[0.000485974567709,0.0000697202340234,0.00119458732661,0.000511917867698,0.000732720014639,-0.00199983920902,0.000277843209915,0.000132391578518,0.0042292480357,-0.0120034525171,0.026639861986,-0.0155860111117,0.00576131138951],[-0.000314682547469,-0.0000090675894171,-0.00180986360647,0.00135921384208,0.000362093443982,0.000421517441282,-0.000249500008067,-0.000898766680621,-0.00168688304257,0.00643260963261,-0.0155860111117,0.0279251094908,-0.012438303791],[0.000211713588214,0.000381140387617,0.00132047047373,-0.00125707453117,-0.000605037086643,0.00285073067062,-0.00148505077232,0.000634314201307,0.00155200192239,-0.00313255703077,0.00576131138951,-0.012438303791,0.0220713578165]],"mean":[-653.496765137,100.8801651,2.11490726471,37.0117835999,-6.47127199173,7.32022857666,-3.92877793312,0.459638804197,-5.04031133652,-0.694545328617,-9.03720760345,-4.57606697083,-6.57179880142]},"pitch_salience":{"dmean":0.0596250407398,"dmean2":0.0946623906493,"dvar":0.00296588218771,"dvar2":0.00712903076783,"max":0.878557801247,"mean":0.605687618256,"median":0.61995947361,"min":0.0267314240336,"var":0.0132366511971},"silence_rate_20dB":{"dmean":0,"dmean2":0,"dvar":0,"dvar2":0,"max":1,"mean":1,"median":1,"min":1,"var":0},"silence_rate_30dB":{"dmean":0,"dmean2":0,"dvar":0,"dvar2":0,"max":1,"mean":1,"median":1,"min":1,"var":0},"silence_rate_60dB":{"dmean":0.0135448919609,"dmean2":0.0270950254053,"dvar":0.0133610852063,"dvar2":0.0313912667334,"max":1,"mean":0.0733217224479,"median":0,"min":0,"var":0.067944034934},"spectral_centroid":{"dmean":286.358917236,"dmean2":412.505523682,"dvar":120353.445312,"dvar2":231922.203125,"max":11746.2744141,"mean":1893.02636719,"median":1609.46337891,"min":116.278877258,"var":2798582.75},"spectral_complexity":{"dmean":3.89434981346,"dmean2":5.63305616379,"dvar":19.538444519,"dvar2":33.9729156494,"max":58,"mean":20.7436637878,"median":19,"min":0,"var":154.493347168},"spectral_contrast_coeffs":{"dmean":[0.0488119199872,0.0452843010426,0.0361070223153,0.0285438038409,0.0197720341384,0.0167131386697],"dmean2":[0.0801702588797,0.0728420615196,0.0577722154558,0.0459460951388,0.0318963304162,0.0262873359025],"dvar":[0.00154758186545,0.00140013510827,0.00102941866498,0.000621822837275,0.000293283490464,0.000237228814512],"dvar2":[0.00421648006886,0.00355704012327,0.00236521381885,0.00149666401558,0.000704984064214,0.00053802493494],"max":[-0.362697929144,-0.436299592257,-0.485703080893,-0.59870249033,-0.669402718544,-0.603588342667],"mean":[-0.601523637772,-0.729758918285,-0.777219057083,-0.794344723225,-0.799993336201,-0.728486895561],"median":[-0.593852579594,-0.728629350662,-0.792725920677,-0.799092650414,-0.798375487328,-0.72071069479],"min":[-0.984764456749,-0.985961675644,-0.977137744427,-0.970871448517,-0.966853559017,-0.963966548443],"var":[0.00799230951816,0.00635960139334,0.00624038046226,0.00359816919081,0.00187504233327,0.00277687166817]},"spectral_contrast_valleys":{"dmean":[0.423290431499,0.338851869106,0.30576723814,0.276271522045,0.221343114972,0.209271579981],"dmean2":[0.705430686474,0.551416277885,0.4862665236,0.425285071135,0.31265565753,0.283433169127],"dvar":[0.165226489305,0.12853127718,0.11017857492,0.108447983861,0.0953744202852,0.0878864824772],"dvar2":[0.364970088005,0.240179568529,0.190738379955,0.167866706848,0.122406534851,0.113580048084],"max":[-6.09734582901,-5.13503313065,-5.30992698669,-5.88431167603,-5.53975200653,-7.72380876541],"mean":[-8.00510120392,-7.45276546478,-7.98704719543,-8.30784034729,-7.74149608612,-10.5344371796],"median":[-7.43626642227,-6.86903619766,-7.36661624908,-7.6441192627,-7.05224609375,-9.90297889709],"min":[-28.132774353,-28.1812763214,-27.9032230377,-27.7446231842,-27.4949302673,-27.4019165039],"var":[10.2061901093,10.8762569427,10.5105524063,10.2537975311,10.8196659088,8.29624462128]},"spectral_decrease":{"dmean":1.02278652214e-9,"dmean2":1.45256429107e-9,"dvar":1.27847226019e-18,"dvar2":2.51100828582e-18,"max":2.04591345399e-28,"mean":-4.62411753333e-9,"median":-4.10586054045e-9,"min":-1.99608081175e-8,"var":9.49637588488e-18},"spectral_energy":{"dmean":0.00420830305666,"dmean2":0.00589077314362,"dvar":0.0000218756522372,"dvar2":0.0000419350180891,"max":0.084811873734,"mean":0.0193730778992,"median":0.0172258783132,"min":9.98506034843e-21,"var":0.000168565224158},"spectral_energyband_high":{"dmean":0.000537204032298,"dmean2":0.00072100124089,"dvar":0.00000134656261253,"dvar2":0.00000219817297875,"max":0.0270035210997,"mean":0.00140994158573,"median":0.00070788821904,"min":6.60861490894e-21,"var":0.00000520386311109},"spectral_energyband_low":{"dmean":0.00143778417259,"dmean2":0.00232952227816,"dvar":0.00000318673278343,"dvar2":0.00000816432475403,"max":0.0272600818425,"mean":0.00362609419972,"median":0.00280640856363,"min":1.67964390157e-23,"var":0.000010187692169},"spectral_energyband_middle_high":{"dmean":0.00181036244612,"dmean2":0.0024966977071,"dvar":0.000010255239431,"dvar2":0.0000181032355613,"max":0.0757392719388,"mean":0.00570748141035,"median":0.00256259948947,"min":1.24666326803e-21,"var":0.0000722778568161},"spectral_energyband_middle_low":{"dmean":0.00289296009578,"dmean2":0.00430566398427,"dvar":0.0000118222969832,"dvar2":0.0000267501127382,"max":0.0528209768236,"mean":0.00958021730185,"median":0.008151111193,"min":1.64957681527e-22,"var":0.0000461320814793},"spectral_entropy":{"dmean":0.110064387321,"dmean2":0.160233616829,"dvar":0.016352429986,"dvar2":0.0322579853237,"max":9.82473373413,"mean":7.73850345612,"median":7.78684997559,"min":5.77583694458,"var":0.26656678319},"spectral_flux":{"dmean":0.0157508477569,"dmean2":0.0241373684257,"dvar":0.000259206688497,"dvar2":0.000570915872231,"max":0.245850875974,"mean":0.0675193294883,"median":0.0655945017934,"min":6.30342791852e-11,"var":0.00130375230219},"spectral_kurtosis":{"dmean":1.06220579147,"dmean2":1.83805727959,"dvar":1.81634402275,"dvar2":5.23159122467,"max":22.1559257507,"mean":2.46814966202,"median":1.88964891434,"min":-1.27716434002,"var":5.881731987},"spectral_rms":{"dmean":0.000462223601062,"dmean2":0.000642759667244,"dvar":2.1111929982e-7,"dvar2":3.92858794385e-7,"max":0.00909633375704,"mean":0.00404935935512,"median":0.00409947987646,"min":3.12114114935e-12,"var":0.00000250325661},"spectral_rolloff":{"dmean":535.891235352,"dmean2":837.844604492,"dvar":676611.25,"dvar2":1288233.5,"max":19702.8808594,"mean":2362.90844727,"median":1442.72460938,"min":21.533203125,"var":9621852},"spectral_skewness":{"dmean":0.16974067688,"dmean2":0.270054996014,"dvar":0.0324183814228,"dvar2":0.0768201947212,"max":3.5823495388,"mean":1.00088620186,"median":0.929253339767,"min":-0.197416841984,"var":0.246722966433},"spectral_spread":{"dmean":337411.75,"dmean2":519761.34375,"dvar":488446656512,"dvar2":905718988800,"max":42913160,"mean":5197592,"median":4198076,"min":2106975.75,"var":33439531139100},"spectral_strongpeak":{"dmean":0.542558610439,"dmean2":0.890256762505,"dvar":0.94487786293,"dvar2":2.34479475021,"max":12.0604333878,"mean":1.04391908646,"median":0.451092720032,"min":0,"var":2.08737397194},"zerocrossingrate":{"dmean":0.0103020919487,"dmean2":0.0118183530867,"dvar":0.000211683334783,"dvar2":0.000290699215839,"max":0.52392578125,"mean":0.0820481553674,"median":0.06591796875,"min":0,"var":0.00613126251847}},"metadata":{"audio_properties":{"analysis_sample_rate":44100,"bit_rate":0,"codec":"flac","downmix":"mix","equal_loudness":0,"length":120,"lossless":true,"md5_encoded":"914a56895b87f97b2fa9660b5c6c0d7b","replay_gain":-7.85762786865,"sample_rate":44100},"tags":{"acoustid_id":["2a1b1dc0-2fe6-4b81-960b-eb3732789385"],"album":["There Are But Four Small Faces"],"albumartist":["Small Faces"],"albumartistsort":["Small Faces"],"artist":["Small Faces"],"artistsort":["Small Faces"],"barcode":["074644789522"],"bpm":["103"],"catalognumber":["AK 47895"],"date":["1991"],"discnumber":["1"],"disctotal":["1"],"file_name":"Small Faces - My Way of Giving.flac","genre":["Rock; Psychedelic; Pop"],"grouping":["Rock"],"label":["Sony Music"],"media":["CD"],"musicbrainz_albumartistid":["7771a68c-ef6a-400f-978d-64050d45a54c"],"musicbrainz_albumid":["1a5299c4-e56d-4982-aab8-eb264ab487c1"],"musicbrainz_artistid":["7771a68c-ef6a-400f-978d-64050d45a54c"],"musicbrainz_recordingid":["728725d9-790c-4586-ad11-1d6823eada7f"],"musicbrainz_releasegroupid":["39fcfe80-f986-366a-a93a-10de4c1432de"],"musicbrainz_releasetrackid":["452ea8c0-f598-47ee-8afc-657fa4950593"],"originaldate":["1967-06"],"originalyear":["1967"],"releasecountry":["US"],"releasestatus":["official"],"releasetype":["album"],"script":["Latn"],"title":["My Way of Giving"],"totaldiscs":["1"],"totaltracks":["14"],"tracknumber":["4"],"tracktotal":["14"]},"version":{"essentia":"2.1-beta2","essentia_build_sha":"70f2e5ece6736b2c40cc944ad0e695b16b925413","essentia_git_sha":"v2.1_beta2","extractor":"music 1.0"}},"rhythm":{"beats_count":197,"beats_loudness":{"dmean":0.0102681480348,"dmean2":0.0168190337718,"dvar":0.00010280826973,"dvar2":0.000291960081086,"max":0.0816136449575,"mean":0.0254429131746,"median":0.0233296435326,"min":0,"var":0.000235336730839},"beats_loudness_band_ratio":{"dmean":[0.175794392824,0.1627753824,0.144654408097,0.143828094006,0.0609636195004,