{"lowlevel":{"average_loudness":0.0880216285586,"barkbands":{"dmean":[6.38302878997e-7,0.0000289625968435,0.000147686412674,0.000376246083761,0.00167704571504,0.000730060390197,0.000503576244228,0.000410107284551,0.000540864653885,0.00037070264807,0.000163145174156,0.000272486387985,0.000176086483407,0.000114007038064,0.000203473071451,0.000195810571313,0.000287973816739,0.000125616032165,0.0000235347361013,0.00000551478478883,0.00000181263203558,8.28009717679e-7,2.61002355728e-7,7.57865237233e-8,1.4088413991e-8,1.47975398601e-9,6.84074352719e-10],"dmean2":[0.00000109574239104,0.0000465229313704,0.000225798954489,0.000579855579417,0.00255965674296,0.00111273105722,0.000746428617276,0.000623317959253,0.000827437674161,0.000538382329978,0.000250779325143,0.000390781264286,0.000251021730946,0.000170049373992,0.000292357697617,0.000289484189125,0.000416721450165,0.000182071555173,0.0000329592076014,0.00000785395513958,0.00000259084140453,0.00000117830234103,3.78557018621e-7,1.11211718945e-7,2.08850181593e-8,2.43706477221e-9,1.21597154568e-9],"dvar":[1.59242324188e-12,3.63324392794e-9,1.82951580996e-7,9.36355263548e-7,0.0000183320426004,0.000004782110409,0.00000184816997262,0.00000166873712715,0.00000282514406535,0.00000201005832423,1.94831997646e-7,6.4141073608e-7,0.0000010081387245,4.13185915704e-7,3.17923394277e-7,2.37578277051e-7,4.13786438003e-7,1.05621261071e-7,4.81173456635e-9,2.9859456574e-10,5.48006154344e-11,2.74305144571e-11,4.61330930054e-12,3.91580187329e-13,1.14637676251e-14,5.71727850283e-17,7.81028235712e-18],"dvar2":[3.64084283555e-12,8.36462632492e-9,3.92874284216e-7,0.0000020433019472,0.0000380060082534,0.00000974245813268,0.00000389086244468,0.00000366708150068,0.00000671404995956,0.0000036939684378,4.29716919825e-7,0.00000128344311179,0.00000196064752345,8.02871113592e-7,6.51583206945e-7,5.01163867739e-7,8.73141686952e-7,2.16790155605e-7,8.56574189356e-9,5.63258384378e-10,1.06785968956e-10,4.92598115076e-11,8.3816833682e-12,7.94749953782e-13,2.34975562364e-14,1.36125394404e-16,1.45419807525e-17],"max":[0.0000555532678845,0.00196877238341,0.0216750446707,0.0501523241401,0.189713269472,0.120569355786,0.0547944940627,0.0355239547789,0.0421730726957,0.128971621394,0.0167279709131,0.0223738253117,0.0451487153769,0.0265519786626,0.0196159780025,0.015367445536,0.0112905940041,0.00954322237521,0.00458605866879,0.000830870703794,0.000268938980298,0.000240209716139,0.000127816441818,0.000021516745619,0.00000425517646363,3.00234489714e-7,2.93494650805e-7],"mean":[7.10478957444e-7,0.0000484621305077,0.000383798702387,0.000983545789495,0.00521034793928,0.00229298905469,0.00137803168036,0.000847432645969,0.00104423542507,0.000940311292652,0.000363387545804,0.000681009725668,0.000299503648421,0.000178130620043,0.000446105899755,0.000411453016568,0.000572591263335,0.000253353384323,0.0000473313120892,0.0000104228265627,0.00000314756334774,0.00000141410782817,4.65430019858e-7,1.31653365543e-7,3.00081808291e-8,3.84230247619e-9,9.40023170415e-10],"median":[3.47169134329e-7,0.0000130496628117,0.0000505490497744,0.000171135630808,0.00123569671996,0.000409872678574,0.000417125178501,0.000168923492311,0.000240830035182,0.000192002480617,0.0000826780596981,0.00011389786232,0.0000416763868998,0.0000237521271629,0.0000646148255328,0.0000605006425758,0.0000748678066884,0.0000250449593295,0.00000504810304847,0.00000107110258796,2.75349947287e-7,5.42674882809e-8,1.64364486466e-8,1.72707821378e-8,1.29672734772e-8,2.83634649101e-9,5.59477575379e-10],"min":[1.9935629341e-25,1.54441807518e-24,1.31875642602e-24,1.04498767228e-24,5.23052724371e-24,4.5122796447e-24,7.75718403654e-24,9.3471213581e-24,1.78449771537e-23,8.98428794019e-24,1.31694600996e-23,2.47909179346e-23,2.73015261412e-23,3.50938531422e-23,2.79465461489e-23,4.8845276442e-23,4.98601144421e-23,1.0404478961e-22,1.29854721775e-22,1.57389678168e-22,2.30765998097e-22,3.11519707346e-22,3.59952131855e-22,5.43681825162e-22,8.33024090242e-22,1.23778066899e-21,1.9684800335e-21],"var":[2.11771832709e-12,1.21457626179e-8,0.00000110801852315,0.00000608918526268,0.000123590580188,0.0000338603422279,0.00000739646611692,0.00000509665187565,0.00000612526855548,0.0000124969501485,7.02508941686e-7,0.00000288447768071,0.00000199131773115,7.52784615088e-7,0.00000113993689865,7.71632755914e-7,0.00000118842172014,3.09705967538e-7,1.53954911042e-8,7.38695993263e-10,1.03937393414e-10,6.17237788658e-11,1.36639588533e-11,9.11934156661e-13,2.28707704901e-14,6.91672414e-17,1.97922234862e-17]},"barkbands_crest":{"dmean":2.0524456501,"dmean2":3.21456670761,"dvar":4.96038341522,"dvar2":11.9659328461,"max":26.7311534882,"mean":10.8417196274,"median":10.0054912567,"min":3.1104798317,"var":19.1872730255},"barkbands_flatness_db":{"dmean":0.0180361159146,"dmean2":0.0266503300518,"dvar":0.000377691932954,"dvar2":0.000765180273447,"max":0.471058636904,"mean":0.25408834219,"median":0.258719921112,"min":0.0284909084439,"var":0.00408946722746},"barkbands_kurtosis":{"dmean":1.99573302269,"dmean2":2.99590754509,"dvar":16.7620944977,"dvar2":36.855342865,"max":153.432739258,"mean":3.52197909355,"median":1.33501315117,"min":-1.88730800152,"var":56.3607978821},"barkbands_skewness":{"dmean":0.425245910883,"dmean2":0.630829811096,"dvar":0.265706598759,"dvar2":0.582251250744,"max":12.3657541275,"mean":1.23704981804,"median":1.14460027218,"min":-4.75412464142,"var":1.53790998459},"barkbands_spread":{"dmean":2.69321060181,"dmean2":3.95874023438,"dvar":12.9641122818,"dvar2":28.9177055359,"max":75.2822341919,"mean":12.2999601364,"median":10.5893592834,"min":0.692036032677,"var":65.8754196167},"dissonance":{"dmean":0.0258165057749,"dmean2":0.0421317070723,"dvar":0.000793380488176,"dvar2":0.00202909228392,"max":0.499999940395,"mean":0.435379087925,"median":0.447058200836,"min":0.190600097179,"var":0.00238620699383},"dynamic_complexity":7.02910423279,"erbbands":{"dmean":[0.000400730699766,0.00967728160322,0.121488548815,0.722843825817,2.74248290062,8.04458045959,6.30703258514,5.14028930664,5.84024429321,7.37876939774,9.32408237457,10.2978248596,14.3525409698,7.89405012131,9.25305461884,7.85670900345,6.99828720093,5.69579315186,6.49088001251,12.9612293243,9.75215625763,15.6631937027,8.47727203369,2.0248568058,0.822097957134,0.253610223532,0.101909577847,0.0539541170001,0.0335954464972,0.0130904382095,0.00769803347066,0.00204316922463,0.00127027113922,0.000274427089607,0.000061327671574,0.0000126284730868,0.00000256381554209,7.09170251412e-7,0.00000166126960721,0.0000037478446302],"dmean2":[0.000639615638647,0.0152352461591,0.18335147202,1.10489785671,4.26835823059,12.367688179,9.45416164398,8.02865695953,8.65945339203,11.1504707336,14.0639104843,15.6151676178,21.9363994598,10.9052734375,13.2513656616,11.262802124,9.88627815247,7.93249702454,9.28399753571,18.426902771,14.2583141327,22.3569335938,11.9686756134,2.77207446098,1.10665941238,0.351559221745,0.143114417791,0.0758843198419,0.0462007708848,0.0189504344016,0.0110935559496,0.00290994043462,0.00186070578638,0.000388827349525,0.0000914207630558,0.0000193658033822,0.00000388992521039,0.00000106144875645,0.00000228283920478,0.0000052094064813],"dvar":[6.31986779354e-7,0.000489774567541,0.122195504606,3.46013116837,41.4136734009,537.524963379,362.057342529,220.449935913,297.621246338,396.544555664,931.210083008,953.83215332,2860.75195313,1004.96258545,870.453186035,622.510925293,1231.09350586,1181.55529785,391.344207764,1123.75036621,639.47454834,1227.47253418,398.313262939,31.9634475708,10.3327274323,0.629578471184,0.123012207448,0.0842262580991,0.0460436232388,0.00814266689122,0.00435041962191,0.000272726552794,0.000115057337098,0.00000444348779638,1.934926388e-7,5.92525362109e-9,4.17005319164e-11,2.13886872623e-12,9.20064285176e-12,4.8433104749e-11],"dvar2":[0.00000138003645134,0.00110300350934,0.250981479883,7.37601900101,98.0541229248,1085.82299805,671.634033203,497.684875488,658.905090332,893.996032715,2055.6015625,2215.12670898,6676.46289063,1482.98522949,1660.14196777,1221.43041992,2174.27392578,2112.31835938,721.16229248,2223.07592773,1372.35168457,2525.94384766,782.365783691,65.5143814087,14.7373628616,1.12082445621,0.254770845175,0.15926091373,0.0804746001959,0.0159489829093,0.0080851810053,0.000507240300067,0.000241718807956,0.00000873688441061,4.17879306269e-7,1.3582198477e-8,9.06728997441e-11,3.67268108287e-12,1.7013198142e-11,9.24814877457e-11],"max":[0.0373790003359,0.816051125526,19.2292995453,110.409645081,188.778198242,1152.85742188,1534.11877441,567.788696289,627.459350586,524.887634277,883.702453613,707.085876465,2887.28735352,3397.11889648,1440.11975098,962.26550293,1306.79492188,1777.13549805,974.904663086,1267.359375,1022.90386963,681.933227539,643.626281738,215.029922485,326.7684021,45.9564437866,13.2144031525,10.7075624466,9.78216743469,4.19588375092,4.02796363831,0.867883682251,0.370923906565,0.0832939967513,0.0168495252728,0.00310460897163,0.000295839417959,0.000116017225082,0.000101606361568,0.000238738983171],"mean":[0.000619651575107,0.0210012141615,0.358086138964,2.17753744125,8.28367424011,23.3954811096,18.9418373108,15.8455781937,16.242099762,18.9154529572,20.9576511383,20.7536640167,32.8260192871,21.4540214539,27.5431671143,18.6253871918,13.2461795807,9.91387367249,13.9731578827,29.3391227722,21.8070869446,32.4787902832,19.6785697937,4.40944051743,1.7478209734,0.500253796577,0.195002257824,0.0941951423883,0.0574102066457,0.0228297952563,0.013583839871,0.00365192140453,0.00212838291191,0.000559016072657,0.000146389182191,0.0000380990131816,0.000011387160157,0.0000028325355288,0.00000849979915074,0.0000189657639567],"median":[0.000290064315777,0.0055095013231,0.0614949166775,0.50700712204,2.07570362091,4.72260141373,4.2938580513,3.48054456711,4.81595134735,7.02673053741,4.62957286835,5.64927101135,8.00128555298,4.89846992493,4.72878360748,4.03302574158,2.29797697067,1.58071351051,2.93232607841,4.29327869415,3.58248376846,4.47072172165,2.21748161316,0.526643872261,0.197244286537,0.0579850003123,0.0213789977133,0.00660841725767,0.00237798830494,0.000880258972757,0.000477027031593,0.000361757149221,0.000308704795316,0.000198492227355,0.0000810894125607,0.0000253010621236,0.00000770368569647,0.00000170066664396,0.00000467161817141,0.0000103699903775],"min":[5.74528974994e-23,2.99136635861e-22,1.09510887602e-21,4.92823182577e-21,9.75171544413e-21,1.73823330025e-20,2.90193861253e-20,5.78803477763e-20,1.14042563872e-19,1.76825649913e-19,3.22575003092e-19,4.43259775584e-19,3.32266121902e-19,5.41631971438e-19,1.01529730368e-18,1.25310170022e-18,1.37723938308e-18,2.04867553477e-18,1.46031230482e-18,2.50965191642e-18,3.17962581958e-18,4.18127516013e-18,6.61120961297e-18,6.08068988248e-18,7.30119818502e-18,7.42938388301e-18,1.04646577935e-17,1.04086932348e-17,1.11336417683e-17,1.06818588787e-17,9.82743672708e-18,1.11501456759e-17,1.00554689153e-17,8.10168237049e-18,5.74671198785e-18,4.15792302426e-18,2.39355070679e-18,8.90254581826e-19,2.41947304793e-19,2.49093146852e-20],"var":[0.00000107142943762,0.00258936802857,0.892891943455,28.7532272339,251.692123413,3233.34228516,2565.82910156,1296.69641113,1058.6529541,1376.02307129,3142.51318359,2123.45141602,8353.84082031,7066.61816406,5587.94970703,2149.28198242,2800.24438477,2382.78051758,1062.43054199,4381.01269531,1984.23376465,3606.47290039,1432.80773926,89.6015625,37.3149757385,1.6730928421,0.267633646727,0.164246588945,0.101136043668,0.0201053675264,0.0125150429085,0.000767067307606,0.000234901541262,0.00000938081666391,3.36926888167e-7,8.1369142535e-9,1.26946217427e-10,9.71990456872e-12,1.01753779014e-10,5.30826327338e-10]},"erbbands_crest":{"dmean":2.10856556892,"dmean2":3.26428794861,"dvar":5.21841526031,"dvar2":12.3141698837,"max":31.6460399628,"mean":10.8218612671,"median":9.7194814682,"min":2.20330524445,"var":23.3965320587},"erbbands_flatness_db":{"dmean":0.0133616197854,"dmean2":0.0188029482961,"dvar":0.000274961494142,"dvar2":0.000499651476275,"max":0.490826696157,"mean":0.295233428478,"median":0.310719400644,"min":0.0237997826189,"var":0.00412003882229},"erbbands_kurtosis":{"dmean":0.8689635396,"dmean2":1.32406544685,"dvar":2.39155936241,"dvar2":5.35637187958,"max":40.5952072144,"mean":0.69680160284,"median":-0.257440626621,"min":-1.8843947649,"var":9.42594909668},"erbbands_skewness":{"dmean":0.3195925951,"dmean2":0.464183539152,"dvar":0.122089669108,"dvar2":0.264025270939,"max":4.31326055527,"mean":0.169980585575,"median":0.131730556488,"min":-4.13813495636,"var":0.81726783514},"erbbands_spread":{"dmean":4.18484354019,"dmean2":6.20275020599,"dvar":26.5799179077,"dvar2":60.7989654541,"max":89.0905838013,"mean":24.1145133972,"median":22.9568367004,"min":0.843002319336,"var":165.333572388},"gfcc":{"cov":[[25647.3339844,5221.36181641,-5382.37109375,-829.825805664,239.389511108,-2232.35986328,-615.178771973,-908.110351563,-212.10798645,-1235.46435547,-356.629943848,-405.322906494,110.920013428],[5221.36181641,1812.58398438,-739.368591309,-595.284179688,187.434188843,-576.792053223,-181.831222534,-190.659835815,-81.3882598877,-372.063995361,-86.244102478,-124.057983398,52.9107208252],[-5382.37109375,-739.368591309,1802.76721191,154.544128418,-284.520629883,603.329101563,50.2648506165,198.157623291,22.7507858276,231.383209229,54.9294204712,55.671661377,-39.5461006165],[-829.825805664,-595.284179688,154.544128418,656.059143066,34.8179512024,139.360412598,4.23947000504,92.4689254761,-4.10540866852,110.224441528,-24.7323493958,31.2383346558,-22.7259693146],[239.389511108,187.434188843,-284.520629883,34.8179512024,650.018249512,-234.048690796,-20.81524086,10.7607564926,-53.5684318542,-113.629730225,-47.6539726257,-5.73820829391,57.8832702637],[-2232.35986328,-576.792053223,603.329101563,139.360412598,-234.048690796,621.085083008,88.0217132568,102.558815002,13.3476238251,180.28125,49.4816055298,43.0520362854,-54.138584137],[-615.178771973,-181.831222534,50.2648506165,4.23947000504,-20.81524086,88.0217132568,166.02456665,42.7435836792,9.99889373779,34.1406364441,21.5530719757,16.0081195831,-11.832821846],[-908.110351563,-190.659835815,198.157623291,92.4689254761,10.7607564926,102.558815002,42.7435836792,200.665130615,5.63333654404,71.6681747437,4.84499835968,16.3882579803,0.617064714432],[-212.10798645,-81.3882598877,22.7507858276,-4.10540866852,-53.5684318542,13.3476238251,9.99889373779,5.63333654404,121.317886353,43.0275001526,0.663802027702,-13.5674600601,-19.2788791656],[-1235.46435547,-372.063995361,231.383209229,110.224441528,-113.629730225,180.28125,34.1406364441,71.6681747437,43.0275001526,201.237930298,56.8812408447,15.3331727982,-22.933839798],[-356.629943848,-86.244102478,54.9294204712,-24.7323493958,-47.6539726257,49.4816055298,21.5530719757,4.84499835968,0.663802027702,56.8812408447,85.6594696045,40.0859565735,-13.1641187668],[-405.322906494,-124.057983398,55.671661377,31.2383346558,-5.73820829391,43.0520362854,16.0081195831,16.3882579803,-13.5674600601,15.3331727982,40.0859565735,85.4883804321,28.2351894379],[110.920013428,52.9107208252,-39.5461006165,-22.7259693146,57.8832702637,-54.138584137,-11.832821846,0.617064714432,-19.2788791656,-22.933839798,-13.1641187668,28.2351894379,82.0043258667]],"icov":[[0.000973200134467,-0.00250768708065,0.00223977304995,-0.00178263685666,0.00142595695797,-0.000445968500571,0.000351357244654,0.000414000649471,-0.000107220454083,0.000753781117965,-0.000238429332967,0.0004228540638,-0.000363893603208],[-0.00250768708065,0.0080952141434,-0.00558437081054,0.00553649617359,-0.00356145319529,0.0015686879633,0.000158868802828,-0.00137650070246,0.000786592892837,-0.000118734860735,-0.000167134698131,0.000749195867684,0.000459772069007],[0.00223977304995,-0.00558437081054,0.00606543524191,-0.00393389351666,0.00340852374211,-0.00170323159546,0.00123655283824,0.000408647727454,-0.000166882775375,0.00170050759334,-0.00051719910698,0.00100046175066,-0.000937779026572],[-0.00178263685666,0.00553649617359,-0.00393389351666,0.00603118306026,-0.00289383367635,0.00103626737837,0.000283306813799,-0.00122456788085,0.00111391453538,-0.00236540427431,0.00315363286063,-0.00221833656542,0.00226056552492],[0.00142595695797,-0.00356145319529,0.00340852374211,-0.00289383367635,0.00415816856548,-0.0000978462849162,0.000416955590481,-0.0000317697267747,0.00034668398439,0.0020204060711,-0.000519160355907,0.00113689899445,-0.00155659171287],[-0.000445968500571,0.0015686879633,-0.00170323159546,0.00103626737837,-0.0000978462849162,0.00370520493016,-0.000924402265809,-0.000300348881865,0.00104484451003,-0.00183993030805,0.00140476436354,-0.00155007478315,0.00193125905935],[0.000351357244654,0.000158868802828,0.00123655283824,0.000283306813799,0.000416955590481,-0.000924402265809,0.00787216983736,-0.00139691587538,-0.000235283281654,0.00155617319979,-0.00146763562225,0.000549454241991,0.00029402342625],[0.000414000649471,-0.00137650070246,0.000408647727454,-0.00122456788085,-0.0000317697267747,-0.000300348881865,-0.00139691587538,0.00703820958734,0.000143961238791,-0.00231544300914,0.00191021990031,-0.00120415538549,-0.000136981383548],[-0.000107220454083,0.000786592892837,-0.000166882775375,0.00111391453538,0.00034668398439,0.00104484451003,-0.000235283281654,0.000143961238791,0.0101243099198,-0.00304806814529,0.00270856777206,-0.00000852038283483,0.00224126153626],[0.000753781117965,-0.000118734860735,0.00170050759334,-0.00236540427431,0.0020204060711,-0.00183993030805,0.00155617319979,-0.00231544300914,-0.00304806814529,0.0147162750363,-0.0108206272125,0.007699879352,-0.0041664284654],[-0.000238429332967,-0.000167134698131,-0.00051719910698,0.00315363286063,-0.000519160355907,0.00140476436354,-0.00146763562225,0.00191021990031,0.00270856777206,-0.0108206272125,0.027477171272,-0.0168169047683,0.0099344085902],[0.0004228540638,0.000749195867684,0.00100046175066,-0.00221833656542,0.00113689899445,-0.00155007478315,0.000549454241991,-0.00120415538549,-0.00000852038283483,0.007699879352,-0.0168169047683,0.026609942317,-0.0126355234534],[-0.000363893603208,0.000459772069007,-0.000937779026572,0.00226056552492,-0.00155659171287,0.00193125905935,0.00029402342625,-0.000136981383548,0.00224126153626,-0.0041664284654,0.0099344085902,-0.0126355234534,0.0202885046601]],"mean":[-189.295578003,186.020111084,-156.150527954,-8.38173961639,-35.175491333,-32.577960968,-39.1455078125,-7.07234191895,-20.3833503723,-24.8284111023,-12.9545202255,-11.7480382919,0.40216511488]},"hfc":{"dmean":2.36949586868,"dmean2":2.99272680283,"dvar":18.164440155,"dvar2":29.3826999664,"max":117.913108826,"mean":10.7173147202,"median":5.00628900528,"min":1.083599985e-16,"var":162.740844727},"melbands":{"dmean":[0.000005582860922,0.0000454650034953,0.000154214692884,0.00040687105502,0.000235121522564,0.000119916971016,0.0000925713975448,0.0000811735953903,0.0000736564834369,0.0000738064845791,0.0000731932304916,0.0000350896552845,0.0000251959936577,0.0000283038116322,0.0000198276538868,0.0000157184949785,0.0000106585830508,0.000010546725207,0.0000176878129423,0.0000153964119818,0.000012232240806,0.0000170555085788,0.0000131327742565,0.00000495126505484,0.00000150276798649,8.14485019873e-7,3.32167047645e-7,1.45192061041e-7,7.2701453746e-8,4.29575699457e-8,2.98130693466e-8,2.18803002383e-8,1.21024577027e-8,5.76679726194e-9,5.20221732359e-9,2.32050245685e-9,1.03306174726e-9,1.10830322697e-9,4.55445681169e-10,1.69075198286e-10],"dmean2":[0.00000897202062333,0.0000691078457749,0.000237126281718,0.00062154076295,0.000354057992809,0.000185277400305,0.000136649730848,0.000122224533698,0.000111297456897,0.000112638357677,0.000111390982056,0.00004828663441,0.0000367645116057,0.0000400372700824,0.0000284004836431,0.0000220543552132,0.0000151575113705,0.0000154818244482,0.0000252279369306,0.0000225201947615,0.0000184243199328,0.0000248520009336,0.0000187964069482,0.00000718161300028,0.00000214003171095,0.00000114520935313,4.70825796128e-7,2.08723193396e-7,1.06576685255e-7,6.04549441618e-8,4.29214637165e-8,3.09089323025e-8,1.75544734304e-8,8.51493187071e-9,7.57164286824e-9,3.37097683101e-9,1.55186208328e-9,1.6552682558e-9,6.74220457242e-10,2.52501519693e-10],"dvar":[1.1814711709e-10,1.67943419171e-8,1.36756725055e-7,0.00000114889178349,3.92412317751e-7,1.16998329247e-7,6.80843186274e-8,4.75910155728e-8,6.16029325329e-8,5.00244468071e-8,7.14696994919e-8,2.28782734979e-8,5.33418775817e-9,7.6576709418e-9,6.17134432446e-9,1.07764304147e-8,4.49742065811e-9,1.54795853913e-9,2.33679542383e-9,1.42586897844e-9,1.2487016976e-9,1.66955660408e-9,9.14071651703e-10,1.6460643959e-10,2.1221973831e-11,7.24668458921e-12,2.06250099465e-12,2.11033122401e-13,6.58522918812e-14,3.60748011866e-14,3.24074941145e-14,2.1923553874e-14,5.98778813601e-15,1.95475087194e-15,2.05417326995e-15,3.92673939375e-16,7.63117591693e-17,8.74762158969e-17,1.50425011237e-17,1.48212712553e-18],"dvar2":[2.6246677054e-10,3.52951978755e-8,3.05077179519e-7,0.00000240701388066,7.5501259289e-7,2.57913143287e-7,1.45833709553e-7,1.086889867e-7,1.40718412922e-7,1.16215062462e-7,1.66154364933e-7,3.24972155852e-8,1.05248503246e-8,1.47922847304e-8,1.03902291215e-8,2.03709049629e-8,8.24500379082e-9,2.91231461169e-9,4.67414729144e-9,3.00495717198e-9,2.78933898201e-9,3.56582607886e-9,1.85987214518e-9,3.38465422356e-10,4.56607529564e-11,1.14745227209e-11,3.84853867524e-12,3.88731202176e-13,1.5077893903e-13,6.96607146424e-14,6.43576514238e-14,3.86255663684e-14,1.20959396538e-14,3.96963811852e-15,3.80288274219e-15,7.94871599571e-16,1.66187136332e-16,1.87901527384e-16,3.20102551969e-17,2.93236230254e-18],"max":[0.00032384833321,0.00695268344134,0.0189178660512,0.0478559136391,0.0409272313118,0.0134591143578,0.0105960546061,0.00546720810235,0.00675732735544,0.00526353577152,0.0139981592074,0.0166744440794,0.00340327923186,0.00299337366596,0.0039508449845,0.00504682026803,0.00335978739895,0.00187198503409,0.00160806044005,0.00102110230364,0.00154138065409,0.000898983911611,0.000775130058173,0.000387065054383,0.000180115675903,0.000207752891583,0.000127477469505,0.0000274876529147,0.0000101983723653,0.00000651147001918,0.00000743429882277,0.00000733782189855,0.00000287677517008,0.00000193406663129,0.00000265473681793,0.00000131399815473,3.79155693508e-7,3.10097760803e-7,1.50099381813e-7,5.29293693319e-8],"mean":[0.00000856856968312,0.000122517594718,0.000446110905614,0.00127128954045,0.000723870878574,0.000377840246074,0.000254873477388,0.000200267357286,0.000161840653163,0.000140624746564,0.000168666083482,0.0000917205397855,0.0000712809414836,0.0000756919107516,0.0000391544235754,0.000025529992854,0.0000171131723619,0.0000196994242287,0.0000380884557671,0.0000330859802489,0.0000240450171987,0.0000321850420733,0.0000295397530863,0.00000990716580418,0.00000280064341496,0.00000159544003964,6.25745315119e-7,2.55549821304e-7,1.32062780267e-7,7.13899694915e-8,4.83408904017e-8,3.53005198406e-8,2.04252543767e-8,9.45210310022e-9,8.96721275012e-9,3.7482297266e-9,1.68905933684e-9,1.75102532474e-9,7.68733132706e-10,3.42773504025e-10],"median":[0.00000286864428745,0.0000202167939278,0.000117857263831,0.000270226737484,0.000183082287549,0.0000803444127087,0.0000743243290344,0.0000707234430593,0.0000327451125486,0.0000333180214511,0.0000384363884223,0.0000179219023266,0.0000135943409987,0.0000129330228447,0.00000586604028285,0.00000360285343959,0.00000191211029232,0.00000364366951544,0.00000544647627976,0.00000471787825518,0.00000318581896863,0.00000426750102633,0.00000316207479045,8.94290678843e-7,2.62460446265e-7,1.53918151113e-7,6.10280821434e-8,2.50877718599e-8,1.29619168732e-8,5.66485258702e-9,2.36877917281e-9,1.31605282228e-9,6.5289601503e-10,3.6068442677e-10,2.54999743543e-10,2.17985574036e-10,2.07003192365e-10,2.08015743519e-10,1.89438020826e-10,1.43223211069e-10],"min":[9.59150731109e-25,5.61112817579e-25,1.4590293056e-24,1.23383032337e-24,9.97699109496e-25,1.2756885649e-24,1.8410098568e-24,1.41972657898e-24,2.80964861245e-24,2.52685637464e-24,1.32425636425e-24,1.68758784922e-24,2.80640422476e-24,1.81104911684e-24,2.63507290526e-24,2.61092725346e-24,2.95738411619e-24,1.81556928982e-24,2.93925944525e-24,2.99209833476e-24,3.41363385086e-24,2.92690608069e-24,3.2952402257e-24,4.65981320005e-24,4.26295305586e-24,4.36245444841e-24,4.19980316267e-24,3.89128991783e-24,5.18767158617e-24,4.55111092833e-24,5.42721827194e-24,5.28146793667e-24,5.26360142045e-24,5.19951199393e-24,5.55122681181e-24,5.1087835235e-24,5.41263302267e-24,5.88916535728e-24,6.0077177407e-24,5.20203201009e-24],"var":[2.87718293634e-10,1.12978675304e-7,8.98472990229e-7,0.00000775492389948,0.00000266128745352,7.42474583149e-7,2.59559897131e-7,1.48533445099e-7,1.84942294368e-7,1.1228029706e-7,2.28739935437e-7,1.66679484437e-7,3.16449977333e-8,3.79143685336e-8,2.33797248228e-8,1.88240694143e-8,8.83245920846e-9,3.46568840293e-9,8.63294857822e-9,5.04750330421e-9,3.32856853191e-9,4.07124689517e-9,3.19415316419e-9,5.1849391447e-10,5.02566946392e-11,2.50388043632e-11,5.20915168639e-12,5.16120891685e-13,1.27849052417e-13,6.51441587848e-14,6.00755746148e-14,4.39159444216e-14,1.3582758609e-14,4.55441441871e-15,5.84404198618e-15,9.80605807872e-16,1.69508008411e-16,1.74981773545e-16,2.651997623e-17,3.13573582307e-18]},"melbands_crest":{"dmean":2.45300245285,"dmean2":3.8690803051,"dvar":7.02958583832,"dvar2":17.5260467529,"max":39.7754707336,"mean":13.6143884659,"median":12.8026237488,"min":1.56379497051,"var":30.3202362061},"melbands_flatness_db":{"dmean":0.0207654256374,"dmean2":0.0297914296389,"dvar":0.000531427562237,"dvar2":0.0010654082289,"max":0.570417463779,"mean":0.318977952003,"median":0.322916477919,"min":0.00290563842282,"var":0.0063503170386},"melbands_kurtosis":{"dmean":3.31845712662,"dmean2":5.06088924408,"dvar":58.4228248596,"dvar2":129.281951904,"max":255.902252197,"mean":7.07288360596,"median":3.32885694504,"min":-1.82998049259,"var":170.641281128},"melbands_skewness":{"dmean":0.479360252619,"dmean2":0.718021273613,"dvar":0.38895636797,"dvar2":0.86344063282,"max":15.6145925522,"mean":1.84074795246,"median":1.62538385391,"min":-4.51461219788,"var":2.11494016647},"melbands_spread":{"dmean":4.35350465775,"dmean2":6.57522964478,"dvar":43.1985282898,"dvar2":100.781051636,"max":165.240386963,"mean":18.4968280792,"median":14.166852951,"min":0.92762362957,"var":360.122039795},"mfcc":{"cov":[[11043.3261719,3610.36547852,-3865.3894043,718.58581543,-125.347702026,-778.178710938,-448.908660889,-303.503082275,-102.419746399,-571.03314209,-402.409851074,-296.478485107,-462.514068604],[3610.36547852,2391.77148438,-854.294799805,-145.199737549,95.097442627,-448.759002686,-183.714920044,-69.037979126,-67.0000076294,-254.201690674,-244.795150757,-119.882896423,-128.754760742],[-3865.3894043,-854.294799805,2077.12304688,-385.932250977,-120.939086914,321.529541016,42.1397399902,126.63230896,-0.4588727355,180.1953125,148.46774292,96.6189498901,171.455047607],[718.58581543,-145.199737549,-385.932250977,549.350708008,156.472183228,-74.9616775513,14.6922550201,-28.3661231995,37.1278686523,-17.8176345825,-29.6486377716,-28.6801872253,-73.2470016479],[-125.347702026,95.097442627,-120.939086914,156.472183228,406.672332764,-13.3132143021,43.046875,42.6248321533,23.884683609,3.58619451523,-65.0862350464,-26.4266700745,-31.9252414703],[-778.178710938,-448.759002686,321.529541016,-74.9616775513,-13.3132143021,295.796447754,64.8865280151,29.5418872833,5.18724584579,54.0293960571,74.5468215942,21.7845230103,39.1310653687],[-448.908660889,-183.714920044,42.1397399902,14.6922550201,43.046875,64.8865280151,186.009033203,68.0254745483,12.1168336868,28.4552326202,5.82378721237,16.5468711853,36.1244735718],[-303.503082275,-69.037979126,126.63230896,-28.3661231995,42.6248321533,29.5418872833,68.0254745483,140.808425903,38.8469963074,1.58633124828,2.32817435265,0.320948719978,10.9023637772],[-102.419746399,-67.0000076294,-0.4588727355,37.1278686523,23.884683609,5.18724584579,12.1168336868,38.8469963074,97.5020141602,46.4574241638,-0.324256151915,-3.16405797005,-8.02990436554],[-571.03314209,-254.201690674,180.1953125,-17.8176345825,3.58619451523,54.0293960571,28.4552326202,1.58633124828,46.4574241638,145.748001099,73.0024032593,14.6794757843,23.9065914154],[-402.409851074,-244.795150757,148.46774292,-29.6486377716,-65.0862350464,74.5468215942,5.82378721237,2.32817435265,-0.324256151915,73.0024032593,140.378540039,59.3131828308,11.1256866455],[-296.478485107,-119.882896423,96.6189498901,-28.6801872253,-26.4266700745,21.7845230103,16.5468711853,0.320948719978,-3.16405797005,14.6794757843,59.3131828308,92.6874313354,47.7952041626],[-462.514068604,-128.754760742,171.455047607,-73.2470016479,-31.9252414703,39.1310653687,36.1244735718,10.9023637772,-8.02990436554,23.9065914154,11.1256866455,47.7952041626,113.710090637]],"icov":[[0.00302121043205,-0.00407419959083,0.00432848883793,-0.00450410088524,0.00503632472828,-0.0048377062194,0.00475399987772,-0.0043500517495,0.0040015745908,-0.00343244452961,0.0033857873641,-0.00220340001397,0.00183220510371],[-0.00407419959083,0.00638347584754,-0.0056639611721,0.00678289728239,-0.00716706365347,0.00751558877528,-0.00619743810967,0.00609656982124,-0.00553525984287,0.00554886553437,-0.00445248605683,0.00342353759333,-0.00220925849862],[0.00432848883793,-0.0056639611721,0.00706136133522,-0.00610989285633,0.00732012884691,-0.00744098471478,0.00752501375973,-0.00732331955805,0.00656921649352,-0.00604939740151,0.00547990994528,-0.00372565560974,0.00230264337733],[-0.00450410088524,0.00678289728239,-0.00610989285633,0.00987547729164,-0.00880074687302,0.00846409983933,-0.00778568955138,0.0080410707742,-0.00771072134376,0.00688318302855,-0.00615142984316,0.00422330852598,-0.0019121557707],[0.00503632472828,-0.00716706365347,0.00732012884691,-0.00880074687302,0.0121552441269,-0.00919463485479,0.00809594802558,-0.00941493920982,0.0084576588124,-0.00888162106276,0.00952697172761,-0.00611033616588,0.0046716039069],[-0.0048377062194,0.00751558877528,-0.00744098471478,0.00846409983933,-0.00919463485479,0.0141747323796,-0.00954195018858,0.00872367434204,-0.00824395380914,0.00866757147014,-0.00986871030182,0.00717711821198,-0.00421550124884],[0.00475399987772,-0.00619743810967,0.00752501375973,-0.00778568955138,0.00809594802558,-0.00954195018858,0.0162958465517,-0.0122694931924,0.00957713928074,-0.00938056968153,0.00897892098874,-0.00630994513631,0.00193607178517],[-0.0043500517495,0.00609656982124,-0.00732331955805,0.0080410707742,-0.00941493920982,0.00872367434204,-0.0122694931924,0.0201958157122,-0.0143896732479,0.0128158321604,-0.0110766720027,0.0082980375737,-0.00436714757234],[0.0040015745908,-0.00553525984287,0.00656921649352,-0.00771072134376,0.0084576588124,-0.00824395380914,0.00957713928074,-0.0143896732479,0.0248295869678,-0.0168183930218,0.0137192970142,-0.00961335934699,0.00667299050838],[-0.00343244452961,0.00554886553437,-0.00604939740151,0.00688318302855,-0.00888162106276,0.00866757147014,-0.00938056968153,0.0128158321604,-0.0168183930218,0.0248893443495,-0.0188627857715,0.0134037472308,-0.00805694237351],[0.0033857873641,-0.00445248605683,0.00547990994528,-0.00615142984316,0.00952697172761,-0.00986871030182,0.00897892098874,-0.0110766720027,0.0137192970142,-0.0188627857715,0.028763173148,-0.0198176503181,0.0112354038283],[-0.00220340001397,0.00342353759333,-0.00372565560974,0.00422330852598,-0.00611033616588,0.00717711821198,-0.00630994513631,0.0082980375737,-0.00961335934699,0.0134037472308,-0.0198176503181,0.0279859434813,-0.0130451722071],[0.00183220510371,-0.00220925849862,0.00230264337733,-0.0019121557707,0.0046716039069,-0.00421550124884,0.00193607178517,-0.00436714757234,0.00667299050838,-0.00805694237351,0.0112354038283,-0.0130451722071,0.0181564614177]],"mean":[-803.254699707,205.736358643,-41.7837219238,9.45024776459,8.48015975952,-24.9397106171,-13.2057685852,-1.55799484253,-4.88498020172,-14.633225441,-14.0635261536,-7.4523639679,-6.56622219086]},"pitch_salience":{"dmean":0.0564556755126,"dmean2":0.0885058864951,"dvar":0.00354521744885,"dvar2":0.00865501724184,"max":0.978653967381,"mean":0.570669531822,"median":0.575547575951,"min":0.0146299311891,"var":0.0132164675742},"silence_rate_20dB":{"dmean":0,"dmean2":0,"dvar":0,"dvar2":0,"max":1,"mean":1,"median":1,"min":1,"var":0},"silence_rate_30dB":{"dmean":0.00308671756648,"dmean2":0.00617403071374,"dvar":0.00307719130069,"dvar2":0.00748648820445,"max":1,"mean":0.993730723858,"median":1,"min":0,"var":0.00622994964942},"silence_rate_60dB":{"dmean":0.0378122888505,"dmean2":0.0756318718195,"dvar":0.0363858267665,"dvar2":0.078595764935,"max":1,"mean":0.356288582087,"median":0,"min":0,"var":0.229344710708},"spectral_centroid":{"dmean":152.058853149,"dmean2":224.685272217,"dvar":54211.5859375,"dvar2":121033.25,"max":12006.3808594,"mean":1070.50622559,"median":804.248779297,"min":192.346725464,"var":1887762.125},"spectral_complexity":{"dmean":2.03742647171,"dmean2":2.825776577,"dvar":6.59653759003,"dvar2":10.3824300766,"max":42,"mean":11.9454088211,"median":11,"min":0,"var":75.6971511841},"spectral_contrast_coeffs":{"dmean":[0.0477747358382,0.0381146930158,0.0336763113737,0.0283854361624,0.023053208366,0.0182959567755],"dmean2":[0.0775086581707,0.0600146688521,0.053383987397,0.0438831187785,0.0342094302177,0.0271799452603],"dvar":[0.00173021212686,0.00132655119523,0.00089009135263,0.000630256487057,0.00048693959252,0.000363731815014],"dvar2":[0.00425759097561,0.00306121096946,0.00213423836976,0.00137149356306,0.00100173894316,0.000689380452968],"max":[-0.192527621984,-0.374497950077,-0.401408016682,-0.47511562705,-0.538300931454,-0.604186534882],"mean":[-0.540822088718,-0.714628994465,-0.7389498353,-0.768759310246,-0.749544978142,-0.791872739792],"median":[-0.519160270691,-0.715481758118,-0.73282289505,-0.766112327576,-0.728833079338,-0.808046936989],"min":[-0.979686379433,-0.983381211758,-0.985623002052,-0.972193181515,-0.967532753944,-0.965324103832],"var":[0.018480328843,0.00900059193373,0.00669783493504,0.00523823779076,0.00785793922842,0.00393844535574]},"spectral_contrast_valleys":{"dmean":[0.444970279932,0.346035182476,0.336291998625,0.334418147802,0.267751038074,0.180010184646],"dmean2":[0.728747367859,0.54428589344,0.50478708744,0.479961484671,0.358938217163,0.292456060648],"dvar":[0.136652052402,0.132236406207,0.12300863117,0.140699148178,0.0947411879897,0.0516270175576],"dvar2":[0.332436591387,0.285388320684,0.237424522638,0.266364634037,0.149174630642,0.108208276331],"max":[-6.3047542572,-4.8590631485,-5.40658569336,-5.84113693237,-6.54629850388,-10.2944173813],"mean":[-9.30791091919,-7.67520427704,-8.39521884918,-8.98201751709,-9.62258052826,-13.6243143082],"median":[-9.01646995544,-7.14446115494,-7.89507484436,-8.4848575592,-9.46412658691,-13.5086765289],"min":[-28.3305854797,-28.4039268494,-28.0288219452,-27.693572998,-27.5411624908,-27.4350967407],"var":[6.25969457626,7.89036941528,7.48366308212,7.26855230331,6.42923307419,3.34477329254]},"spectral_decrease":{"dmean":8.20010226388e-10,"dmean2":1.16035248077e-9,"dvar":2.41574644417e-18,"dvar2":4.75222334306e-18,"max":3.21211421701e-19,"mean":-4.08725497891e-9,"median":-2.25016849598e-9,"min":-5.51341479138e-8,"var":2.58947120593e-17},"spectral_energy":{"dmean":0.00326622789726,"dmean2":0.00458791293204,"dvar":0.0000376880925614,"dvar2":0.0000732861735742,"max":0.214866906404,"mean":0.0163983423263,"median":0.0090173818171,"min":1.00134575235e-20,"var":0.000407838029787},"spectral_energyband_high":{"dmean":0.00000449546860182,"dmean2":0.00000613345218881,"dvar":2.4101803886e-10,"dvar2":4.04759281647e-10,"max":0.00062801502645,"mean":0.00000898410326045,"median":9.62097601587e-7,"min":7.14213994169e-21,"var":6.54021670154e-10},"spectral_energyband_low":{"dmean":0.000305349647533,"dmean2":0.000466543482617,"dvar":6.08680977621e-7,"dvar2":0.00000130804949094,"max":0.0439595468342,"mean":0.000942605081946,"median":0.000216829241253,"min":9.68285740392e-24,"var":0.00000500313035445},"spectral_energyband_middle_high":{"dmean":0.00110218243208,"dmean2":0.00140168471262,"dvar":0.00000529390717929,"dvar2":0.00000832137448015,"max":0.131256744266,"mean":0.00403852574527,"median":0.0013107456034,"min":1.11846905428e-21,"var":0.0000389903434552},"spectral_energyband_middle_low":{"dmean":0.00277680717409,"dmean2":0.00412510894239,"dvar":0.0000314478711516,"dvar2":0.0000654522445984,"max":0.199517518282,"mean":0.0120684001595,"median":0.00609772559255,"min":1.415243727e-22,"var":0.00028156224289},"spectral_entropy":{"dmean":0.154182299972,"dmean2":0.213479116559,"dvar":0.0296546351165,"dvar2":0.0547989606857,"max":9.82232570648,"mean":6.67830467224,"median":6.66147327423,"min":4.45024871826,"var":0.446880102158},"spectral_flux":{"dmean":0.0135560967028,"dmean2":0.0202138349414,"dvar":0.000363544328138,"dvar2":0.000799241650384,"max":0.306160330772,"mean":0.040273360908,"median":0.0298049859703,"min":6.3118989202e-11,"var":0.00132449821103},"spectral_kurtosis":{"dmean":10.6643924713,"dmean2":18.5092926025,"dvar":119.822280884,"dvar2":340.606414795,"max":149.096282959,"mean":21.5746707916,"median":16.5112953186,"min":-1.25962233543,"var":376.843048096},"spectral_rms":{"dmean":0.000371687376173,"dmean2":0.000510787242092,"dvar":3.0680917007e-7,"dvar2":5.64868400943e-7,"max":0.0144784748554,"mean":0.00323827797547,"median":0.00296604866162,"min":3.12557618676e-12,"var":0.0000055119753597},"spectral_rolloff":{"dmean":246.172561646,"dmean2":408.117828369,"dvar":221966.71875,"dvar2":480480.96875,"max":19724.4140625,"mean":1423.56103516,"median":947.4609375,"min":21.533203125,"var":5547992.5},"spectral_skewness":{"dmean":0.766158044338,"dmean2":1.31140553951,"dvar":0.504755079746,"dvar2":1.40664505959,"max":10.0351457596,"mean":2.61336541176,"median":2.2777929306,"min":-0.159568667412,"var":2.33031654358},"spectral_spread":{"dmean":250046.1875,"dmean2":412923.34375,"dvar":355230384128,"dvar2":818725650432,"max":51440952,"mean":2457151.5,"median":1601564.875,"min":497928.1875,"var":24986045644800},"spectral_strongpeak":{"dmean":0.360249012709,"dmean2":0.593463242054,"dvar":0.524694621563,"dvar2":1.25841987133,"max":12.8325538635,"mean":0.955056071281,"median":0.594509482384,"min":0,"var":1.39871108532},"zerocrossingrate":{"dmean":0.00509523134679,"dmean2":0.00597661733627,"dvar":0.0000661900776322,"dvar2":0.0000987919411273,"max":0.52294921875,"mean":0.0462028607726,"median":0.03662109375,"min":0,"var":0.00376811623573}},"metadata":{"audio_properties":{"analysis_sample_rate":44100,"bit_rate":320000,"codec":"mp3","downmix":"mix","equal_loudness":0,"length":240.71836853,"lossless":false,"md5_encoded":"0e9cf42773989c3db3b48b0e57565101","replay_gain":-4.05274772644,"sample_rate":44100},"tags":{"acoustid_fingerprint":["AQADtFESKUoSKYmm4Ee8nLgP54SPWjWOg3kduEZ4VBTsQls7ot41WEf1Qb_RSkp0aKkkEshFvBWRLzz-DFoahD6O8mj-FD3zoJny47fQfEVJKUNyIlRiVLrAq8GPN-g5Cd_xj0IT8XggMd3x5XBEHvuLszhRK8epo48uIXn0IA6u_XhGfJmx70O_w6-C6VKQHLmM8xmeREd3NF_wtQpUP9nQPOhxwY-iyLjqBFNYCmUPBn6QjeKJxMZuovkyZcLpLMMDXFTRiZqOMCeSh8PPo7mIPjwahUQbPUjOH-GMBt1z9NyU4Vfw_LgSwcpDEqcTBT_-oy-84z_Eo19w0bie44mGWyhDfah44WWQVokoJHlx4USfWQn2wOrR5XiFJ0Eavxn0XMdTeDz-4-yw6ZmGvzHUd0bGbvjxrwGTs7hUPH_xfcZEXsCbQ2fwRMETXqj-BL6y4ISj8MPPMVhPNDEpGcoDHL3gOgiZHfqSK8X_RISYIJ_wHPWLJo-wpscP_hnSaRn0Ij88xDseJYMmiZIxhX8KHTkackepUXhCHD18kqiuJcQTbieSJ0eeXTgdoc8--MQP71mC0wirPEZtpPtR4-ERE5M_2MclHc2De8MT38jzoQ-2M0vQZziqG19QEeeJCuHKCEmdvXiaCt-OX-KGRk-OSg1p_HiKizueI4eWXQwRHj-uvHiWGz-8HL9wI0cSpckDKzdqPgRv8FqOXsPoC0-TC-mUInk-eOfRJyf6Hc1_nJIyPESPZFmOfGHwpHjRlFeM_kJpmDnyQ7Mp5I-Hfc9xwoi5CzIXC7kLKmI-7D8-Gz2PpsfRI2EehNGVG7_QKJEuVCKe4zwaK8dkHf2FRMlzRHoUHJd04VqPiznu4oMtGtPBI8wPRSbyKDsufXjioXky5Dnq5dCzIWd-lBkcaceD84VVKUWu4NERUsqH7yvCjDwUHTkJJmLyYNID__jxP0GshEepuPAPPMuh3sJ_VFSWI3xyHLsSol-OXJ2gF2H5oAmPKsde9KFs3KKxHtd9XEesNUugbSIPn-hzaBKvIOXygJN6WAuuzmjoxMiWK0Ki52iyB56UE3XCNOAjlDk8MuizI_-hE3FwZzn6I61SJMdBOYtx-Dna0UNyZxHivGhOCkfzKLiJ7LCYFcmVOBF-4VkOaj9i5TL2B2GqJeh1PHjiPHhLPH0U_HhQo6Fs6AKm_GDeDhcf4Ud1NEnEDw-LZD-0_EIurTjqHkz448uDd-iDtEiYl0evD2yORlGyXKhP_MHFBO2IU0O9HU-GST-iRXyE5PBEUM-LUsbDB-EPXQd_9DkUKswq5NHm4M2NpkePv_h05Ce0KlmOXJbx6fCyliiZo0mYE5PHPYihPQaTC1-uoYeyIFobo4_xnuDxxlKQC8kZHY2z5EIV5viPU8ebB0d0Ibn0C1fiF-UrNKEYPD7qxWhG5biM60L4Bwn53EDlPPicCZ824jlyKXmh_SJqOzE-LYV-HWHR