{"lowlevel":{"average_loudness":0.976774692535,"barkbands":{"dmean":[0.00022867025109,0.00311224744655,0.00173263892066,0.00150842091534,0.00280397129245,0.00143202557229,0.000522006244864,0.00060424109688,0.000793304701801,0.000427180260886,0.000314564909786,0.000309478957206,0.000415134127252,0.000404345133575,0.000416801223764,0.00056117027998,0.000664125720505,0.000329301168676,0.000387100881198,0.000235147992498,0.000150138206664,0.000139556068461,0.000190904771443,0.000175417590071,0.0000728732629796,0.0000313460950565,0.00000535177969141],"dmean2":[0.000357137061656,0.00537027977407,0.0029348412063,0.00242283730768,0.00463341129944,0.00226374692284,0.000878112157807,0.00104166823439,0.00124643708114,0.000691349443514,0.000512277707458,0.00049950479297,0.000653655617498,0.000644002982881,0.000659615674522,0.000895528821275,0.001088028308,0.000542509718798,0.000636553391814,0.000377912045224,0.000245193397859,0.000236445921473,0.000292103446554,0.000263148947852,0.000106672683614,0.0000448334649263,0.00000835103492136],"dvar":[1.76747519731e-7,0.0000382293255825,0.00000594600533077,0.00000480076778331,0.0000135791460707,0.00000459465672975,6.32060505268e-7,0.00000143489717175,0.00000205306059797,4.88798889364e-7,2.08822498848e-7,2.91558194476e-7,6.83936775658e-7,6.33276670214e-7,8.07217020338e-7,8.03021293905e-7,8.93791820999e-7,1.67069671875e-7,2.36416923372e-7,1.46226483366e-7,5.91399569316e-8,6.44701643182e-8,3.56488840225e-7,5.71484463308e-7,7.36673797519e-8,1.4386742464e-8,4.00909194731e-10],"dvar2":[4.11788164456e-7,0.000100309094705,0.000015503153918,0.0000105414001155,0.000036897672544,0.0000107461983134,0.00000171419480921,0.00000392733500121,0.0000047607209126,0.00000117601496186,4.83947417251e-7,6.91026912136e-7,0.00000162060814546,0.00000150931293774,0.00000185194483038,0.00000187761008874,0.00000234424828705,4.46763579021e-7,6.07144158948e-7,3.31226658545e-7,1.42364754652e-7,1.64906680311e-7,7.24067263036e-7,0.00000122785377243,1.41848232715e-7,2.70070366071e-8,8.7422913353e-10],"max":[0.00323847075924,0.0465098321438,0.0475076436996,0.0473457723856,0.0431081540883,0.0369360968471,0.0143911251798,0.0171912871301,0.0242541301996,0.0208691693842,0.00978749152273,0.0132179465145,0.0209376998246,0.0135545674711,0.0151639487594,0.0194555725902,0.0235158279538,0.00757228769362,0.00923277437687,0.00748489052057,0.00660379137844,0.0037655364722,0.0170340389013,0.0168760977685,0.00790993124247,0.00515106134117,0.000695666414686],"mean":[0.000215198422666,0.00288211298175,0.00231849984266,0.00232726079412,0.0049576126039,0.00248525617644,0.000814973725937,0.000732359301765,0.0013361616293,0.000801800517365,0.000535671890248,0.000548311742023,0.000703753903508,0.000662639096845,0.00067423703149,0.00111889280379,0.00146321114153,0.000749998958781,0.000953609356657,0.000503567745909,0.000319938262692,0.000231263766182,0.00031015847344,0.000266765768174,0.000125293227029,0.0000569245930819,0.00000670108693157],"median":[0.000030022167266,0.00105485471431,0.00137607753277,0.00132551323622,0.003597359173,0.00147401879076,0.000534163380507,0.000290047988528,0.000535452971235,0.000538834487088,0.000363608298358,0.000323732150719,0.000340150203556,0.000310343049932,0.000303310225718,0.000717512506526,0.00110238837078,0.000582337728702,0.000753269996494,0.000355290365405,0.000238179549342,0.000144832942169,0.000131215259898,0.0000940034951782,0.000060251866671,0.0000252451754932,0.00000152377117502],"min":[1.07096561131e-23,3.20330602081e-23,1.87153999657e-23,3.48881055963e-23,1.6151583091e-23,5.12627533078e-23,3.7616131757e-23,1.77359265999e-23,4.49297937379e-23,6.01404961164e-23,4.57736161601e-23,5.82988340689e-23,2.73996320388e-23,9.52516726441e-23,1.34566026292e-22,8.58969813767e-23,2.06520213025e-22,1.46283261308e-22,2.53886286917e-22,1.79514979884e-22,5.88228409205e-22,5.28401955459e-22,6.08766358696e-22,8.62180086377e-22,9.52032277492e-22,1.50125536458e-21,2.21354359908e-21],"var":[1.89081035273e-7,0.0000294331148325,0.00000925323183765,0.00000987553448795,0.0000205651049328,0.00000968700715021,9.48242984578e-7,0.00000169089821611,0.00000509849223818,0.00000116933870231,4.16610902221e-7,5.66668575175e-7,0.00000129035174723,0.00000113248142952,0.00000148959543367,0.00000195395978153,0.00000195491725208,4.10469283452e-7,6.31783223071e-7,3.12599951258e-7,9.88394432966e-8,8.76402239669e-8,7.52178323182e-7,8.94060121936e-7,1.37132531108e-7,2.74908842357e-8,6.26605878296e-10]},"barkbands_crest":{"dmean":2.66751861572,"dmean2":4.48635387421,"dvar":6.12264585495,"dvar2":17.1213912964,"max":23.5640869141,"mean":7.89726734161,"median":7.20264482498,"min":2.37720942497,"var":10.9722595215},"barkbands_flatness_db":{"dmean":0.0159201286733,"dmean2":0.0249046590179,"dvar":0.00020667129138,"dvar2":0.000505579693709,"max":0.256887376308,"mean":0.0842019021511,"median":0.0810633301735,"min":0.0227643512189,"var":0.00063328363467},"barkbands_kurtosis":{"dmean":1.23933374882,"dmean2":1.93271207809,"dvar":5.53539228439,"dvar2":11.0595617294,"max":79.994102478,"mean":0.425191313028,"median":-0.403379201889,"min":-1.90612649918,"var":10.8867053986},"barkbands_skewness":{"dmean":0.46066865325,"dmean2":0.719233632088,"dvar":0.18639947474,"dvar2":0.428292155266,"max":8.25940227509,"mean":0.890933930874,"median":0.836367249489,"min":-3.13659381866,"var":0.739837944508},"barkbands_spread":{"dmean":5.80370903015,"dmean2":8.83590316772,"dvar":34.4964447021,"dvar2":72.7727813721,"max":128.944290161,"mean":33.2087402344,"median":32.4467506409,"min":2.88252782822,"var":121.420257568},"dissonance":{"dmean":0.00793459452689,"dmean2":0.0134249776602,"dvar":0.0000561842498428,"dvar2":0.000155565110617,"max":0.500000119209,"mean":0.485225081444,"median":0.487044513226,"min":0.3554225564,"var":0.0000941715552472},"dynamic_complexity":1.45377492905,"erbbands":{"dmean":[0.101685397327,0.678106725216,1.75059592724,3.59199976921,6.89364862442,10.9318637848,11.0599851608,12.6399345398,7.89146375656,8.67286300659,13.282409668,19.3214912415,13.4409885406,10.9167718887,13.8143234253,12.7241382599,17.8942070007,16.8302326202,23.9310035706,19.6960411072,31.0074977875,36.1643104553,16.2176208496,20.98346138,16.9309329987,10.8719711304,6.96393060684,5.61587333679,5.29779624939,4.51372432709,5.88171243668,5.18905878067,1.95551598072,0.775263011456,0.583154320717,0.217415049672,0.042557798326,0.00858206208795,0.00101756828371,0.0000354054063791],"dmean2":[0.175051763654,1.19395244122,3.01274323463,5.82259845734,11.0890693665,18.4341335297,17.8590946198,19.8652534485,13.1009235382,15.0823202133,22.3509407043,30.3623905182,21.3436374664,17.9647026062,22.3805065155,20.394657135,28.1057872772,26.5270404816,37.0938224792,30.8024539948,49.562915802,59.2249259949,26.603395462,34.8312797546,27.5332717896,17.4817810059,11.1953639984,9.34664535522,9.06949710846,7.36170911789,8.95561599731,7.78516530991,2.9723303318,1.17351043224,0.858925104141,0.315995812416,0.0608994215727,0.0126518458128,0.00160469673574,0.0000563897592656],"dvar":[0.0477479808033,1.80510151386,6.6270866394,21.8836784363,80.728225708,253.089599609,256.097076416,407.650543213,165.155303955,229.709716797,744.674743652,1275.31982422,523.590148926,175.797241211,480.667114258,444.099578857,1305.5,976.915649414,2775.43847656,1410.54272461,2273.4909668,2405.75561523,391.614990234,757.001953125,521.110534668,331.892303467,132.792953491,78.1926193237,92.252166748,98.7159957886,362.279876709,481.467407227,90.6410598755,7.76417303085,6.13531208038,0.964430570602,0.0178835000843,0.000625958375167,0.000017370985006,1.35193038986e-8],"dvar2":[0.122157499194,4.96657514572,18.2191047668,51.3931236267,193.532821655,707.651733398,636.391357422,948.11505127,442.392700195,634.898620605,1968.27807617,2882.12646484,1227.29785156,451.602264404,1127.2130127,1060.22265625,3047.76489258,2321.41235352,6244.69433594,3158.14306641,5532.88964844,6322.96582031,1025.2890625,2048.75,1251.27001953,769.032043457,313.204040527,189.569290161,239.960525513,231.163085938,725.813232422,998.549255371,210.63117981,16.3865890503,11.6262922287,1.90869939327,0.033063583076,0.00116109685041,0.0000388080479752,2.96036546388e-8],"max":[1.38646507263,10.9582824707,43.659954071,84.8109512329,144.309585571,208.01133728,313.403594971,369.485137939,229.825027466,215.660202026,436.280609131,594.682983398,615.974304199,353.962341309,434.928741455,661.004272461,1154.5847168,688.134338379,1035.98449707,753.265258789,1161.90710449,1174.07128906,423.567321777,779.901000977,540.225097656,368.207855225,248.856872559,219.404388428,145.525772095,230.95362854,498.962524414,589.192321777,315.320587158,98.2869262695,91.4476470947,48.4754066467,5.34708023071,1.01868474483,0.126683712006,0.00333344051614],"mean":[0.0822386369109,0.65772241354,2.31124281883,5.86217689514,11.4403810501,17.4183979034,19.3504276276,21.7490653992,13.3780441284,12.171210289,18.2357673645,32.7510490417,25.8894939423,21.4771938324,23.7874259949,24.3218212128,32.376739502,31.5413360596,40.5746803284,39.5557632446,69.101272583,81.9956512451,42.1774940491,51.5074234009,40.1448364258,23.6725769043,14.7294950485,11.520485878,8.75952339172,7.54233121872,9.31333351135,7.84745836258,3.02222394943,1.33695745468,0.945340752602,0.359981745481,0.0809604004025,0.0146513059735,0.00124289176892,0.0000704940612195],"median":[0.0160038676113,0.301000922918,1.43896985054,3.77442884445,7.52298069,11.639005661,12.9237003326,12.2206497192,9.06179428101,7.36616516113,6.63624382019,13.0124740601,15.7867670059,16.5639572144,15.0760602951,15.0359916687,16.6391220093,16.1715240479,17.8701858521,22.0260772705,48.1254577637,62.3425292969,34.0604705811,39.0585212708,31.4664459229,17.1418685913,10.3677444458,8.61020851135,5.60764122009,4.14875555038,3.70877933502,2.39570069313,1.34578573704,0.71947479248,0.387066960335,0.148244351149,0.0377725735307,0.00609513511881,0.000245624338277,0.0000434678440797],"min":[8.21152705495e-22,5.67998229063e-21,1.83326439729e-20,9.25723091291e-20,5.75800618269e-20,6.79651528588e-20,2.25816662462e-19,2.59528796068e-19,5.56105512507e-19,3.56921403281e-19,4.85355772439e-19,8.03069228275e-19,1.87328388e-18,1.74971302265e-18,3.11286614029e-18,2.10772857909e-18,1.44157314843e-18,4.65144792903e-18,4.30974499466e-18,5.26066396864e-18,6.7914071871e-18,1.17686732876e-17,7.68323403247e-18,9.27519109781e-18,9.63768480329e-18,9.73588437689e-18,1.7646823034e-17,2.09386312951e-17,1.80143873567e-17,1.62056907729e-17,1.76228265245e-17,1.52495990249e-17,1.65308902132e-17,1.02316418421e-17,7.06368237112e-18,4.88650949806e-18,3.03259405211e-18,1.15384943589e-18,2.83487126083e-19,3.55018034843e-20],"var":[0.0366649292409,1.28791618347,7.4885392189,44.5951690674,156.473175049,322.701324463,460.04901123,837.34185791,261.355438232,235.830932617,1131.12585449,3274.73071289,1309.71386719,387.569091797,988.043029785,939.800476074,2503.8984375,2009.15673828,5008.00292969,3422.75732422,5575.57177734,5824.85986328,1065.33068848,2170.03588867,1210.08312988,664.182922363,243.930007935,126.657028198,116.299415588,175.916305542,756.476806641,857.132751465,105.116287231,11.0598144531,11.8745498657,1.61732518673,0.0393859930336,0.00136956118513,0.0000250217526627,1.99497609543e-8]},"erbbands_crest":{"dmean":2.06303882599,"dmean2":3.38018941879,"dvar":3.77698588371,"dvar2":9.39588737488,"max":25.9376525879,"mean":7.01493406296,"median":6.27366828918,"min":2.13948369026,"var":8.95241260529},"erbbands_flatness_db":{"dmean":0.01264383737,"dmean2":0.0192770343274,"dvar":0.000132366738399,"dvar2":0.00029984957655,"max":0.259433358908,"mean":0.133281350136,"median":0.130370080471,"min":0.0378860011697,"var":0.000800381763838},"erbbands_kurtosis":{"dmean":0.615217506886,"dmean2":0.981335103512,"dvar":0.469200611115,"dvar2":1.11634397507,"max":12.6716661453,"mean":-0.0919121950865,"median":-0.384839653969,"min":-1.71143639088,"var":1.42911171913},"erbbands_skewness":{"dmean":0.281761080027,"dmean2":0.431755959988,"dvar":0.0572755970061,"dvar2":0.125840306282,"max":2.24483919144,"mean":-0.419416934252,"median":-0.43139988184,"min":-2.60639381409,"var":0.282468557358},"erbbands_spread":{"dmean":7.64890241623,"dmean2":12.002623558,"dvar":48.4254455566,"dvar2":112.955070496,"max":147.10609436,"mean":42.4305915833,"median":40.9981994629,"min":6.98293972015,"var":220.049514771},"gfcc":{"cov":[[4000.35888672,-8.98153781891,-56.7137908936,-202.686828613,-108.991882324,20.5947189331,-88.3355865479,23.7264633179,-31.979347229,91.2709960938,7.91118097305,25.6543617249,-24.0492401123],[-8.98153781891,572.247802734,-235.501693726,74.338684082,78.4529800415,-10.8264417648,37.9229774475,9.81852722168,41.1117248535,-46.1486740112,60.1977043152,-27.094537735,57.1823310852],[-56.7137908936,-235.501693726,487.215820312,15.1401576996,17.5859642029,64.5324020386,-11.5339212418,-4.22831630707,-46.8931999207,28.4233093262,-70.249671936,60.8250732422,-33.6966819763],[-202.686828613,74.338684082,15.1401576996,224.79460144,47.2548103333,21.2830638885,23.1844348907,3.4882774353,18.9278564453,-39.6959838867,43.1680755615,11.1222352982,38.2490272522],[-108.991882324,78.4529800415,17.5859642029,47.2548103333,138.235809326,37.7438926697,32.2911720276,26.4373588562,29.2351799011,11.4082078934,11.8495969772,9.30118656158,16.7731380463],[20.5947189331,-10.8264417648,64.5324020386,21.2830638885,37.7438926697,96.9120101929,43.9784736633,30.4991531372,-0.3882791996,11.3863563538,-2.55673670769,6.98707771301,-6.6318655014],[-88.3355865479,37.9229774475,-11.5339212418,23.1844348907,32.2911720276,43.9784736633,95.4008102417,47.6102600098,24.6259899139,3.78654694557,20.7102813721,0.938471138477,0.833729743958],[23.7264633179,9.81852722168,-4.22831630707,3.4882774353,26.4373588562,30.4991531372,47.6102600098,83.0631256104,30.3602905273,20.7195777893,9.55040645599,11.147942543,3.70643901825],[-31.979347229,41.1117248535,-46.8931999207,18.9278564453,29.2351799011,-0.3882791996,24.6259899139,30.3602905273,90.4607543945,33.4775314331,24.0606479645,-8.75355815887,13.4887609482],[91.2709960938,-46.1486740112,28.4233093262,-39.6959838867,11.4082078934,11.3863563538,3.78654694557,20.7195777893,33.4775314331,84.0738677979,9.59761047363,14.7410621643,-7.82830905914],[7.91118097305,60.1977043152,-70.249671936,43.1680755615,11.8495969772,-2.55673670769,20.7102813721,9.55040645599,24.0606479645,9.59761047363,84.258026123,18.323923111,25.9002037048],[25.6543617249,-27.094537735,60.8250732422,11.1222352982,9.30118656158,6.98707771301,0.938471138477,11.147942543,-8.75355815887,14.7410621643,18.323923111,70.4786224365,21.4352817535],[-24.0492401123,57.1823310852,-33.6966819763,38.2490272522,16.7731380463,-6.6318655014,0.833729743958,3.70643901825,13.4887609482,-7.82830905914,25.9002037048,21.4352817535,59.5653343201]],"icov":[[0.000288489158265,-0.0000886611014721,0.0000445795303676,0.000198005407583,0.00024443937582,-0.000342474872014,0.000480434508063,-0.000261822046014,0.000118164192827,-0.000237809639657,-0.000164313343703,-0.0000783178693382,0.0000438854694949],[-0.0000886611014721,0.00277746585198,0.00101556722075,-0.000154288994963,-0.0015791245969,0.000170073719346,-0.000623659288976,0.000359482539352,-0.000231719241128,0.00124239863362,-0.000503979506902,0.00065255665686,-0.00137852469925],[0.0000445795303676,0.00101556722075,0.00415037153289,-0.0013724322198,-0.000608174072113,-0.00185665243771,0.000122929515783,0.00106638087891,0.000662122969516,-0.00128955079708,0.00361225311644,-0.00400767335668,0.001720829634],[0.000198005407583,-0.000154288994963,-0.0013724322198,0.00735255330801,-0.00117856322322,-0.00157706800383,0.000589968054555,0.000305582740111,-0.00230934005231,0.004975321237,-0.00419892417267,0.000632140494417,-0.00236553302966],[0.00024443937582,-0.0015791245969,-0.000608174072113,-0.00117856322322,0.0105108357966,-0.00307634728961,-0.000362758961273,-0.000737905618735,-0.00189709383994,-0.00164131587371,0.00106476992369,-0.000748929509427,-0.00120347924531],[-0.000342474872014,0.000170073719346,-0.00185665243771,-0.00157706800383,-0.00307634728961,0.0174037273973,-0.00707610836253,-0.00242479145527,0.00382216391154,-0.00256528006867,0.000788917939644,0.00185308803339,0.000502141658217],[0.000480434508063,-0.000623659288976,0.000122929515783,0.000589968054555,-0.000362758961273,-0.00707610836253,0.0201541371644,-0.00848671607673,-0.00251067988575,0.00325847021304,-0.00460262876004,0.000547672389075,0.00284470780753],[-0.000261822046014,0.000359482539352,0.00106638087891,0.000305582740111,-0.000737905618735,-0.00242479145527,-0.00848671607673,0.0205033533275,-0.00467240717262,-0.00165231944993,0.00279747485183,-0.00448161130771,-0.0000256955809164],[0.000118164192827,-0.000231719241128,0.000662122969516,-0.00230934005231,-0.00189709383994,0.00382216391154,-0.00251067988575,-0.00467240717262,0.0202445313334,-0.0100219799206,-0.00133488862775,0.00656078802422,-0.00426883157343],[-0.000237809639657,0.00124239863362,-0.00128955079708,0.004975321237,-0.00164131587371,-0.00256528006867,0.00325847021304,-0.00165231944993,-0.0100219799206,0.0220836792141,-0.00486716581509,-0.00417679129168,0.00381196639501],[-0.000164313343703,-0.000503979506902,0.00361225311644,-0.00419892417267,0.00106476992369,0.000788917939644,-0.00460262876004,0.00279747485183,-0.00133488862775,-0.00486716581509,0.0212600342929,-0.00720957620069,-0.00215161428787],[-0.0000783178693382,0.00065255665686,-0.00400767335668,0.000632140494417,-0.000748929509427,0.00185308803339,0.000547672389075,-0.00448161130771,0.00656078802422,-0.00417679129168,-0.00720957620069,0.0252380613238,-0.0106247421354],[0.0000438854694949,-0.00137852469925,0.001720829634,-0.00236553302966,-0.00120347924531,0.000502141658217,0.00284470780753,-0.0000256955809164,-0.00426883157343,0.00381196639501,-0.00215161428787,-0.0106247421354,0.0272051207721]],"mean":[50.1297111511,70.4956665039,-126.753387451,43.169921875,-55.972984314,7.99021577835,-46.5725975037,8.7494764328,-31.0551986694,-5.55309772491,-19.8714599609,2.92982602119,-11.5421686172]},"hfc":{"dmean":8.82984733582,"dmean2":13.4796257019,"dvar":220.680984497,"dvar2":443.573730469,"max":295.0597229,"mean":32.6179656982,"median":27.5705947876,"min":1.18802895653e-16,"var":580.621337891},"melbands":{"dmean":[0.000869966344908,0.000886275491212,0.000657150580082,0.000647987762932,0.00040329672629,0.000272144505288,0.000113175512524,0.000105838698801,0.000111003682832,0.000124089216115,0.0000682350437273,0.0000474953521916,0.0000433739733126,0.0000329668437189,0.000042385654524,0.000041627259634,0.0000335477452609,0.0000431887019658,0.0000280114472844,0.0000370145171473,0.0000401758188673,0.0000440075564256,0.000024950464649,0.0000141934569911,0.0000191862309293,0.0000157140639203,0.0000107822534119,0.00000720178923075,0.00000498757435707,0.00000371989995074,0.00000348571802533,0.00000318790921483,0.00000269494239546,0.00000262458411271,0.00000339465145771,0.00000389097158404,0.00000304662580675,0.00000156336363943,8.18420232918e-7,6.39342033537e-7],"dmean2":[0.00148890702985,0.00153241341468,0.00105152453762,0.00107634766027,0.000652240414638,0.000428562721936,0.000188514590263,0.000184491305845,0.000184026517672,0.000194678505068,0.00010888511315,0.0000783535870141,0.0000705711499904,0.0000531261757715,0.0000679613222019,0.0000654546529404,0.0000537273299415,0.0000671199159115,0.0000441427437181,0.0000586698151892,0.0000654179020785,0.0000724478013581,0.0000415546128352,0.0000236348278122,0.0000320967847074,0.0000259995831584,0.0000175845179911,0.0000116790943139,0.00000811790778243,0.00000615263297732,0.000005887730822,0.00000548164416614,0.00000453752772955,0.00000429949750469,0.00000530588022229,0.00000587353588344,0.00000464558161184,0.00000240927988671,0.00000128039175706,9.82993924481e-7],"dvar":[0.00000319661444337,0.0000019582614641,7.19490230949e-7,8.06802404441e-7,2.9345915209e-7,1.76984414679e-7,3.17856638787e-8,3.69901904662e-8,5.26005550228e-8,5.33364392652e-8,1.37431266367e-8,3.69102015618e-9,4.3299701602e-9,3.47641004872e-9,6.48967812822e-9,8.23787260629e-9,4.40128200552e-9,9.39963573643e-9,4.03185484998e-9,4.47911396861e-9,4.00409438939e-9,3.85870535524e-9,1.03361230686e-9,3.03333663743e-10,6.55064225086e-10,4.60787047407e-10,2.84722301291e-10,1.61114482866e-10,6.87785592368e-11,3.93538396315e-11,2.79908717732e-11,3.29738701621e-11,2.55814952554e-11,4.12912481984e-11,1.12370397709e-10,2.568926738e-10,1.81443485237e-10,6.26708338003e-11,1.3609025365e-11,5.07854045276e-12],"dvar2":[0.00000819823890197,0.00000544296972294,0.00000163341815096,0.00000219737330553,7.52707137508e-7,4.14352626876e-7,8.50372288141e-8,1.02771757327e-7,1.35493564812e-7,1.20234844303e-7,3.23339968133e-8,9.53968282147e-9,1.01086863324e-8,8.20962409165e-9,1.55855541806e-8,1.94799962827e-8,1.05188284749e-8,2.13655670933e-8,9.41419031619e-9,1.02069064312e-8,9.99963845061e-9,1.01422203969e-8,2.67927791064e-9,8.05684519101e-10,1.78774683945e-9,1.13533027424e-9,6.70274558079e-10,3.85088044785e-10,1.65186322953e-10,9.67907282101e-11,6.96733920558e-11,8.70831601274e-11,6.44211142764e-11,9.87186929424e-11,2.39130604207e-10,5.33112554102e-10,3.95010357757e-10,1.48601200789e-10,3.14869658125e-11,1.08690894826e-11],"max":[0.0123906759545,0.0186467953026,0.0164109375328,0.0108108716086,0.00938457064331,0.00739484140649,0.0029982146807,0.00264654564671,0.0035636392422,0.00403890991583,0.00324086658657,0.00172715459485,0.00152731162962,0.00152908952441,0.00229265587404,0.0018457795959,0.00152414746117,0.00197512144223,0.00161341414787,0.00139194331132,0.0014318889007,0.00148471654393,0.00106801337097,0.000406366976677,0.000720134819858,0.000501656671986,0.000399624375859,0.000268298434094,0.000163410761161,0.000209959718632,0.000096041476354,0.0000908931469894,0.000111873210699,0.000172510233824,0.000308024114929,0.000399842043407,0.000301255262457,0.000256156432442,0.000150277919602,0.0000813474543975],"mean":[0.000775016436819,0.00111992901657,0.00116404052824,0.00107486511115,0.000728490762413,0.000474703410873,0.00018996943254,0.000139061463415,0.00015479081776,0.00020836420299,0.000126644357806,0.0000879125946085,0.0000736025540391,0.0000601127176196,0.0000734062050469,0.0000691127424943,0.0000566868620808,0.000067826884333,0.0000467811587441,0.000067215274612,0.0000823061054689,0.0000909711015993,0.0000531313235115,0.0000316290461342,0.0000432537926827,0.0000341961786035,0.0000218412424147,0.000014130891941,0.00000960250326898,0.00000727597171135,0.00000652429935144,0.0000049742138799,0.00000419463412982,0.00000417845421907,0.00000521084075444,0.00000578848812438,0.00000439873156211,0.00000225478993343,0.00000132370712436,0.0000010357176734],"median":[0.000234512088355,0.000699219875969,0.000787870492786,0.000748870079406,0.000507925869897,0.0002811148006,0.000129846477648,0.0000773217179812,0.0000531447658432,0.0000825255265227,0.0000769380567363,0.0000657883210806,0.000047888221161,0.0000376334828616,0.0000410013453802,0.0000305569592456,0.0000275443344435,0.0000279942560155,0.0000225304502237,0.0000381363061024,0.0000573693905608,0.0000669056462357,0.0000410084685427,0.0000247849711741,0.0000318004604196,0.0000263582678599,0.000015806817828,0.00000982007168204,0.00000639510653855,0.00000528247528564,0.00000474738544654,0.00000313505142913,0.00000250280982073,0.00000217586375584,0.00000221796472033,0.00000168014355495,0.00000134754941428,9.59494968811e-7,7.26110158666e-7,5.40793507753e-7],"min":[1.07372835997e-23,9.10429419425e-24,1.42488395436e-23,4.07899621478e-24,7.59618225895e-24,7.45101607517e-24,8.01950947538e-24,3.93425838248e-24,4.13797382264e-24,5.7405849835e-24,9.70900577634e-24,6.46506182265e-24,8.307249646e-24,9.87538127442e-24,1.76694291755e-24,4.85871264439e-24,8.65733822713e-24,6.7324245328e-24,8.4831388066e-24,6.60153830913e-24,8.21743940966e-24,1.26001778385e-23,1.10101505868e-23,5.30827224693e-24,7.39969515126e-24,6.96035800276e-24,6.69232278869e-24,5.86111504121e-24,8.7158251635e-24,1.51404527372e-23,1.16870066541e-23,8.34525223125e-24,6.65399045958e-24,1.03998404589e-23,1.10321897828e-23,8.48399866498e-24,1.01685519635e-23,1.2158192484e-23,8.70028539253e-24,8.90378152936e-24],"var":[0.00000251448727795,0.00000181672373856,0.00000154832878252,0.00000112498457838,5.3409235079e-7,3.65309745121e-7,5.01107031425e-8,3.74492756805e-8,8.97817358236e-8,1.38317616916e-7,3.36466641215e-8,8.02297339675e-9,8.70567706812e-9,6.4330345495e-9,1.23568346666e-8,1.51271777327e-8,8.17256484709e-9,1.61408237886e-8,7.79605446866e-9,9.88655735057e-9,8.38933189584e-9,8.2815603264e-9,2.2885835449e-9,6.67275235067e-10,1.72499692308e-9,1.01691555177e-9,5.46718170735e-10,2.83330692241e-10,1.1906740871e-10,6.01199090511e-11,4.2204188061e-11,3.91322842186e-11,3.61719439124e-11,6.86746354228e-11,2.12850612136e-10,4.84564943726e-10,2.85366064112e-10,6.838783706e-11,1.48314346915e-11,7.21768565054e-12]},"melbands_crest":{"dmean":3.60905885696,"dmean2":6.01525354385,"dvar":10.8024492264,"dvar2":29.4217414856,"max":30.2080860138,"mean":11.8748025894,"median":11.1846694946,"min":1.59796619415,"var":19.8252696991},"melbands_flatness_db":{"dmean":0.0226435717195,"dmean2":0.0353167355061,"dvar":0.000418884301325,"dvar2":0.00103300891351,"max":0.342419028282,"mean":0.135236337781,"median":0.131069242954,"min":0.00371688441373,"var":0.00135547702666},"melbands_kurtosis":{"dmean":4.5369887352,"dmean2":7.13938903809,"dvar":69.7123413086,"dvar2":137.438934326,"max":281.194763184,"mean":6.96431970596,"median":3.91935157776,"min":-1.81621968746,"var":147.044692993},"melbands_skewness":{"dmean":0.666307747364,"dmean2":1.04962408543,"dvar":0.453121811152,"dvar2":1.06715893745,"max":13.8773269653,"mean":2.2247171402,"median":2.04301691055,"min":-1.28239667416,"var":1.58273303509},"melbands_spread":{"dmean":10.1853227615,"dmean2":16.0800991058,"dvar":131.735931396,"dvar2":294.066955566,"max":202.912460327,"mean":38.3638763428,"median":34.8895263672,"min":1.52679562569,"var":435.01675415},"mfcc":{"cov":[[2334.21826172,222.294433594,-135.459350586,-54.0396347046,-33.3201370239,-49.4067955017,-53.0991973877,-26.3383827209,-30.2081394196,50.5457382202,-4.36893177032,41.6675491333,10.2531805038],[222.294433594,414.264099121,-137.942184448,13.1112737656,26.9079666138,-5.61779069901,10.9971418381,10.9124345779,26.7859973907,-12.3806991577,23.0813560486,2.72057580948,1.79359388351],[-135.459350586,-137.942184448,338.987579346,20.7877464294,23.4875392914,54.0067100525,9.22948646545,16.4743614197,-8.7225561142,-11.4826030731,-28.562871933,-21.2918300629,-13.6861896515],[-54.0396347046,13.1112737656,20.7877464294,148.718002319,52.8476715088,16.5957393646,11.4323797226,28.2388343811,3.36400532722,-17.8767299652,-12.8545894623,2.65203046799,24.6378555298],[-33.3201370239,26.9079666138,23.4875392914,52.8476715088,107.424354553,35.4009666443,12.024055481,14.2539596558,16.6079349518,3.08243727684,-8.09035682678,-5.95254230499,9.48140048981],[-49.4067955017,-5.61779069901,54.0067100525,16.5957393646,35.4009666443,77.8899383545,24.4203624725,13.1184148788,7.8506526947,11.5308160782,3.81114816666,-5.28247261047,-2.40152049065],[-53.0991973877,10.9971418381,9.22948646545,11.4323797226,12.024055481,24.4203624725,91.0383071899,47.6945266724,7.97079706192,-1.42185294628,8.7306804657,11.3356399536,-1.34115564823],[-26.3383827209,10.9124345779,16.4743614197,28.2388343811,14.2539596558,13.1184148788,47.6945266724,81.4749755859,24.3688354492,-2.19314980507,3.0464861393,11.6800127029,10.3923091888],[-30.2081394196,26.7859973907,-8.7225561142,3.36400532722,16.6079349518,7.8506526947,7.97079706192,24.3688354492,66.5348129272,30.5507202148,14.62358284,0.924997031689,5.08016443253],[50.5457382202,-12.3806991577,-11.4826030731,-17.8767299652,3.08243727684,11.5308160782,-1.42185294628,-2.19314980507,30.5507202148,80.7507781982,30.0761833191,9.07321166992,-4.56030464172],[-4.36893177032,23.0813560486,-28.562871933,-12.8545894623,-8.09035682678,3.81114816666,8.7306804657,3.0464861393,14.62358284,30.0761833191,62.818813324,24.7813053131,3.81098198891],[41.6675491333,2.72057580948,-21.2918300629,2.65203046799,-5.95254230499,-5.28247261047,11.3356399536,11.6800127029,0.924997031689,9.07321166992,24.7813053131,58.9577102661,27.5927944183],[10.2531805038,1.79359388351,-13.6861896515,24.6378555298,9.48140048981,-2.40152049065,-1.34115564823,10.3923091888,5.08016443253,-4.56030464172,3.81098198891,27.5927944183,55.3664894104]],"icov":[[0.000511376361828,-0.000366103922715,0.0000306616493617,0.000150891093654,0.0000633238669252,0.000140317861224,0.000329339585733,-0.000227461277973,0.00061653618468,-0.000761928968132,0.00058705493575,-0.000467910867883,-0.0000230371169891],[-0.000366103922715,0.00339245004579,0.001323729055,-0.000187946789083,-0.000966505438555,-0.000373405782739,-0.000263429887127,0.000103474594653,-0.00179877085611,0.00227867113426,-0.00171659770422,0.000568783842027,0.000679688761011],[0.0000306616493617,0.001323729055,0.00417049834505,-0.000153961242177,-0.000215674663195,-0.00280876504257,0.000712456996553,-0.00109045626596,0.000081506317656,0.000795286381617,0.000924670603126,0.000222046786803,0.00107162748463],[0.000150891093654,-0.000187946789083,-0.000153961242177,0.00946569256485,-0.0040342588909,-0.000127279767185,0.000757416128181,-0.00291042332537,0.0012485346524,0.0010928271804,0.000644209852908,0.000549025367945,-0.00336463935673],[0.0000633238669252,-0.000966505438555,-0.000215674663195,-0.0040342588909,0.013987001963,-0.00509924115613,-0.000434465095168,0.000935018470045,-0.00255217240192,-0.00100331055,0.00239742244594,0.000831097480841,-0.00146862841211],[0.000140317861224,-0.000373405782739,-0.00280876504257,-0.000127279767185,-0.00509924115613,0.0191462188959,-0.00462250225246,0.000604198430665,0.00111234944779,-0.00314721208997,-0.00206749024801,0.00251782569103,-0.000647010921966],[0.000329339585733,-0.000263429887127,0.000712456996553,0.000757416128181,-0.000434465095168,-0.00462250225246,0.01840262115,-0.0108642308041,0.00236497027799,0.000812599668279,-0.0010756875854,-0.00328641547821,0.00370731530711],[-0.000227461277973,0.000103474594653,-0.00109045626596,-0.00291042332537,0.000935018470045,0.000604198430665,-0.0108642308041,0.0227321330458,-0.00886107981205,0.00279235863127,0.0011387023842,-0.00248986342922,-0.00139403459616],[0.00061653618468,-0.00179877085611,0.000081506317656,0.0012485346524,-0.00255217240192,0.00111234944779,0.00236497027799,-0.00886107981205,0.0246163960546,-0.00998126156628,-0.00172079692129,0.00426110066473,-0.00347147183493],[-0.000761928968132,0.00227867113426,0.000795286381617,0.0010928271804,-0.00100331055,-0.00314721208997,0.000812599668279,0.00279235863127,-0.00998126156628,0.021230218932,-0.00780802685767,-0.00185832497664,0.00343647412956],[0.00058705493575,-0.00171659770422,0.000924670603126,0.000644209852908,0.00239742244594,-0.00206749024801,-0.0010756875854,0.0011387023842,-0.00172079692129,-0.00780802685767,0.0258879493922,-0.0106760524213,0.00220221769996],[-0.000467910867883,0.000568783842027,0.000222046786803,0.000549025367945,0.000831097480841,0.00251782569103,-0.00328641547821,-0.00248986342922,0.00426110066473,-0.00185832497664,-0.0106760524213,0.0303404852748,-0.0146964360029],[-0.0000230371169891,0.000679688761011,0.00107162748463,-0.00336463935673,-0.00146862841211,-0.000647010921966,0.00370731530711,-0.00139403459616,-0.00347147183493,0.00343647412956,0.00220221769996,-0.0146964360029,0.0281549617648]],"mean":[-585.626953125,96.7168960571,-10.3916921616,30.6265220642,8.89141845703,-0.18906609714,-2.86494541168,6.5311331749,-5.44373035431,-4.36476564407,-8.61577796936,-3.70573806763,-4.74173402786]},"pitch_salience":{"dmean":0.0718619450927,"dmean2":0.118417583406,"dvar":0.00422334112227,"dvar2":0.0114020891488,"max":0.868850946426,"mean":0.656095504761,"median":0.670988380909,"min":0.188829824328,"var":0.00780810741708},"silence_rate_20dB":{"dmean":0,"dmean2":0,"dvar":0,"dvar2":0,"max":1,"mean":1,"median":1,"min":1,"var":0},"silence_rate_30dB":{"dmean":0,"dmean2":0,"dvar":0,"dvar2":0,"max":1,"mean":1,"median":1,"min":1,"var":0},"silence_rate_60dB":{"dmean":0.00215074792504,"dmean2":0.00430191634223,"dvar":0.00214607827365,"dvar2":0.00506613729522,"max":1,"mean":0.0104594333097,"median":0,"min":0,"var":0.0103496853262},"spectral_centroid":{"dmean":252.143859863,"dmean2":379.479919434,"dvar":59813.3203125,"dvar2":120636.796875,"max":10602.5117188,"mean":1883.82702637,"median":1874.31262207,"min":269.791259766,"var":276304.78125},"spectral_complexity":{"dmean":4.72010946274,"dmean2":7.19710588455,"dvar":17.2805862427,"dvar2":38.5441360474,"max":59,"mean":34.9386100769,"median":36,"min":0,"var":80.8410110474},"spectral_contrast_coeffs":{"dmean":[0.0615654550493,0.0497144013643,0.0356107465923,0.0294427648187,0.0203547030687,0.0164676103741],"dmean2":[0.0974915325642,0.0820528939366,0.0592474676669,0.0489464253187,0.0340258032084,0.0270071942359],"dvar":[0.00242307130247,0.00153281609528,0.000750709034037,0.000545436923858,0.000245886127232,0.000188132456969],"dvar2":[0.00598148116842,0.00405135378242,0.002039675368,0.00142738793511,0.000691756024025,0.000485317228595],"max":[-0.338585078716,-0.481340020895,-0.585255026817,-0.562577784061,-0.616949617863,-0.572710394859],"mean":[-0.606999695301,-0.743741750717,-0.796070516109,-0.795891582966,-0.783863067627,-0.751720428467],"median":[-0.606209993362,-0.748088955879,-0.801646709442,-0.80301618576,-0.786076128483,-0.752455770969],"min":[-0.963511168957,-0.969178497791,-0.972194194794,-0.962228059769,-0.965694606304,-0.95936858654],"var":[0.00654117949307,0.00398222496733,0.00201002671383,0.00191387184896,0.000837472849526,0.000589326780755]},"spectral_contrast_valleys":{"dmean":[0.464306920767,0.378524541855,0.28038802743,0.23550285399,0.190726548433,0.215999767184],"dmean2":[0.756030082703,0.626380562782,0.458566695452,0.379601657391,0.293050765991,0.322332262993],"dvar":[0.160445600748,0.126403182745,0.0673395171762,0.0554208159447,0.0489518642426,0.0777363032103],"dvar2":[0.380657017231,0.307358443737,0.142070934176,0.111363098025,0.0839433073997,0.144696220756],"max":[-5.35439443588,-4.60072612762,-5.2931933403,-5.72625827789,-5.56041002274,-7.2240395546],"mean":[-7.08280277252,-6.48979043961,-6.76790237427,-6.94036531448,-6.55580091476,-9.40882968903],"median":[-7.01421880722,-6.451151371,-6.71185970306,-6.88553237915,-6.49286460876,-9.39608192444],"min":[-27.1099510193,-27.1137695312,-27.2772216797,-27.2166156769,-27.2792949677,-27.3305416107],"var":[0.677439212799,0.621919751167,0.548336386681,0.498127162457,0.450967639685,0.513063192368]},"spectral_decrease":{"dmean":2.04545202998e-9,"dmean2":3.42066641679e-9,"dvar":4.96406967461e-18,"dvar2":1.33800806779e-17,"max":7.66797692519e-29,"mean":-6.66192656595e-9,"median":-6.31161434228e-9,"min":-2.20891465119e-8,"var":7.37257146418e-18},"spectral_energy":{"dmean":0.00818452239037,"dmean2":0.0136655615643,"dvar":0.000078025906987,"dvar2":0.000209570716834,"max":0.0875478833914,"mean":0.0281021613628,"median":0.0270533971488,"min":1.06395395431e-20,"var":0.000120763543237},"spectral_energyband_high":{"dmean":0.000722519762348,"dmean2":0.00107442261651,"dvar":0.00000317415083373,"dvar2":0.00000595682558924,"max":0.0308168474585,"mean":0.001540898229,"median":0.000909732305445,"min":7.7336702071e-21,"var":0.00000749859373173},"spectral_energyband_low":{"dmean":0.00476999720559,"dmean2":0.00791274476796,"dvar":0.0000530226243427,"dvar2":0.000137187671498,"max":0.0653482824564,"mean":0.00654507102445,"median":0.0040679005906,"min":9.62141208138e-23,"var":0.0000557470229978},"spectral_energyband_middle_high":{"dmean":0.00205457629636,"dmean2":0.00315708410926,"dvar":0.00000424295558332,"dvar2":0.00001021180924,"max":0.0366670005023,"mean":0.00837622396648,"median":0.0072517329827,"min":1.42535053719e-21,"var":0.0000240949630097},"spectral_energyband_middle_low":{"dmean":0.00483068684116,"dmean2":0.00790445134044,"dvar":0.000029817038012,"dvar2":0.0000802836875664,"max":0.060468301177,"mean":0.0129189454019,"median":0.0115268854424,"min":2.59502850344e-22,"var":0.0000521018191648},"spectral_entropy":{"dmean":0.0914299935102,"dmean2":0.135102182627,"dvar":0.00770757766441,"dvar2":0.0151558639482,"max":9.81373214722,"mean":7.91086864471,"median":7.90861558914,"min":6.89872980118,"var":0.0332887992263},"spectral_flux":{"dmean":0.022403685376,"dmean2":0.0338562875986,"dvar":0.000479346053908,"dvar2":0.00089274806669,"max":0.234780237079,"mean":0.0989810973406,"median":0.0949890613556,"min":6.91027929323e-11,"var":0.00107743451372},"spectral_kurtosis":{"dmean":0.952040374279,"dmean2":1.60627770424,"dvar":0.761748611927,"dvar2":2.23827075958,"max":11.0255451202,"mean":3.69709682465,"median":3.59987926483,"min":-1.20275580883,"var":1.75897884369},"spectral_rms":{"dmean":0.000737410970032,"dmean2":0.00121357815806,"dvar":5.52378025986e-7,"dvar2":0.00000146695731473,"max":0.00924189202487,"mean":0.0051224171184,"median":0.00513746589422,"min":3.22180671898e-12,"var":0.00000117748447792},"spectral_rolloff":{"dmean":578.371765137,"dmean2":927.731628418,"dvar":602303.6875,"dvar2":1146096.625,"max":19035.3515625,"mean":2405.20336914,"median":2368.65234375,"min":107.666015625,"var":2043883.75},"spectral_skewness":{"dmean":0.140658423305,"dmean2":0.230444073677,"dvar":0.0143025321886,"dvar2":0.0379913821816,"max":2.26335287094,"mean":1.32149493694,"median":1.32770216465,"min":0.0326978750527,"var":0.0537395589054},"spectral_spread":{"dmean":407671.5625,"dmean2":600383.5,"dvar":266546429952,"dvar2":485583585280,"max":40233324,"mean":4385562.5,"median":4288932,"min":2178564,"var":1310925914110},"spectral_strongpeak":{"dmean":0.593572974205,"dmean2":1.01871597767,"dvar":1.11845767498,"dvar2":2.84866333008,"max":13.0784721375,"mean":0.86221152544,"median":0.511298537254,"min":0,"var":1.33320808411},"zerocrossingrate":{"dmean":0.0107622360811,"dmean2":0.0127768041566,"dvar":0.000177559573785,"dvar2":0.000214947824134,"max":0.51025390625,"mean":0.0835577622056,"median":0.07861328125,"min":0.013671875,"var":0.00112880312372}},"metadata":{"audio_properties":{"analysis_sample_rate":44100,"bit_rate":193999,"codec":"mp3","downmix":"mix","equal_loudness":0,"length":237.505310059,"lossless":false,"md5_encoded":"71f491d65374aaa4456579a3078f5307","replay_gain":-15.3660335541,"sample_rate":44100},"tags":{"acoustid_id":["0653da02-43c9-4e62-a2a2-55e0a88e23ae"],"album":["Kiss of Death"],"albumartist":["Motörhead"],"albumartistsort":["Motörhead"],"artist":["Motörhead"],"artistsort":["Motörhead"],"asin":["B000GRTQWU"],"barcode":["060768478428"],"catalognumber":["06076-84784-2"],"date":["2006-08-29"],"file_name":"09 - Sword of Glory.mp3","label":["Sanctuary Records"],"media":["CD"],"musicbrainz album release country":["US"],"musicbrainz album status":["official"],"musicbrainz album type":["album"],"musicbrainz_albumartistid":["57961a97-3796-4bf7-9f02-a985a8979ae9"],"musicbrainz_albumid":["4c890e91-66d3-409b-a113-ad407dd393b8"],"musicbrainz_artistid":["57961a97-3796-4bf7-9f02-a985a8979ae9"],"musicbrainz_recordingid":["72bf9d81-16d7-4dcd-9fc4-cb4eba53337c"],"musicbrainz_releasegroupid":["010d9327-c443-303d-8817-9df08ea4180a"],"originaldate":["2006"],"script":["Latn"],"title":["Sword of Glory"],"tracknumber":["9/13"]},"version":{"essentia":"2.1-beta2","essentia_build_sha":"70f2e5ece6736b2c40cc944ad0e695b16b925413","essentia_git_sha":"v2.1_beta2","extractor":"music 1.0"}},"rhythm":{"beats_count":382,"beats_loudness":{"dmean":0.00764583935961,"dmean2":0.012805685401,"dvar":0.0000407894876844,"dvar2":0.000112027686555,"max":0.0601578317583,"mean":0.0255108475685,"median":0.0250427462161,"min":2.63945054257e-7,"var":0.0000623772066319},"beats_loudness_band_ratio":{"dmean":[0.140582948923,0.139426827431,0.0816189795732,0.0585971176624,0.0821263864636,0.075231872499],"dmean2":[0.241058215499,0.236957490444,0.145110532641,0.106405198574,0.140811860561,0.135973110795],"dvar":[0.0120392600074,0.013092957437,0.00679304637015,0.00341972173192,0.00503339990973,0.0138750337064],"dvar2":[0.0363580994308,0.0395336188376,0.0196994747967,0.00926078949124,0.