{"lowlevel":{"average_loudness":0.0730534344912,"barkbands":{"dmean":[0.0000173346907104,0.00021031977667,0.000540181645192,0.00115576875396,0.00283217709512,0.00164360867348,0.000869212672114,0.000786679855082,0.00117619580124,0.000915370590519,0.000694787537213,0.000406684353948,0.000386859610444,0.000504052266479,0.000210001890082,0.0000939461315284,0.0000898345169844,0.0000574037403567,0.0000470679333375,0.000029026028642,0.0000224985979003,0.0000147530208778,0.00000900257055036,0.00000667573203827,0.00000385294561056,0.00000128371709707,1.06699630464e-7],"dmean2":[0.0000290917359962,0.000369928573491,0.00092002475867,0.00206282082945,0.00488689355552,0.00279625644907,0.00147739204112,0.00136777071748,0.00203816546127,0.00160129775759,0.00117941014469,0.000705766084138,0.000674918410368,0.000879708328284,0.000372723065084,0.000166340250871,0.000154258363182,0.000101534780697,0.0000830283970572,0.0000515756655659,0.0000391963512811,0.0000258775671682,0.0000155751949933,0.0000115806751637,0.00000674683269608,0.00000224338668886,1.91875400901e-7],"dvar":[9.53059964282e-10,2.23543040079e-7,0.00000152899224304,0.0000126396380438,0.0000790531994426,0.0000266194074356,0.0000094249344329,0.00000776591241447,0.000022025371436,0.0000121898938232,0.0000322605155816,0.00000204084403777,0.00000193916366698,0.0000112838069981,7.41687586014e-7,1.03761649939e-7,1.19627586059e-7,3.914079727e-8,3.90739032241e-8,1.37072317941e-8,5.76707526179e-9,2.60974264421e-9,9.47526945794e-10,9.62435131591e-10,2.04147060368e-10,2.67919870317e-11,4.66063277381e-13],"dvar2":[2.66511146485e-9,6.28115458312e-7,0.00000407605375585,0.0000360779740731,0.000217930646613,0.0000703894911567,0.0000251843612205,0.0000212174036278,0.0000604005763307,0.0000326941662934,0.0000838390624267,0.00000549858850718,0.0000054205052038,0.0000291864344035,0.00000208256210499,2.91366916372e-7,2.96262300026e-7,1.07295051066e-7,1.08429325962e-7,3.80294054025e-8,1.532839633e-8,7.10363146084e-9,2.5243549473e-9,2.621295625e-9,5.5399751453e-10,7.37529273764e-11,1.34396758045e-12],"max":[0.000476756540593,0.00850246381015,0.0220149047673,0.0557522624731,0.201785743237,0.100086607039,0.0741740986705,0.0755770653486,0.0911664143205,0.0742970183492,0.185021862388,0.026735695079,0.0373074263334,0.111414909363,0.0242526978254,0.0080902678892,0.0131364166737,0.00372205511667,0.00596752669662,0.00418166909367,0.0010909975972,0.000784318370279,0.000693210866302,0.00142863870133,0.00038215238601,0.000103977145045,0.0000230003788602],"mean":[0.0000218014683924,0.00021963128529,0.000565468973946,0.000900101789739,0.0025301228743,0.00144818914123,0.000787939061411,0.000683606718667,0.000927790184505,0.000719946750905,0.000593626347836,0.000359742000001,0.000343451887602,0.000405048951507,0.000170229410287,0.0000771698032622,0.0000833407466416,0.0000462907919427,0.0000361474485544,0.0000222800917982,0.0000179314847628,0.0000114909580589,0.00000714133739166,0.00000498371809954,0.00000288389014713,9.89128352558e-7,1.14052518541e-7],"median":[0.00000909986010811,0.00005614901238,0.0000852801822475,0.0000666158011882,0.000147325743455,0.0000824534799904,0.0000405267201131,0.0000321044608427,0.0000312932461384,0.0000269264965027,0.0000192372281163,0.0000176856665348,0.0000191943217942,0.0000102381782199,0.00000472009469377,0.00000333072125613,0.00000208626261156,0.00000131041178975,6.32591536487e-7,3.81929226023e-7,2.50731829965e-7,1.73736424358e-7,9.45958475995e-8,6.8462796321e-8,6.4749684725e-8,6.0607661112e-8,4.82842921201e-8],"min":[3.43302168533e-23,5.60705733798e-23,3.85373761439e-23,1.89908701938e-23,1.2485051478e-23,6.74180598223e-23,7.34751231792e-23,1.26814368227e-23,5.80758073137e-23,4.81840753193e-23,4.77922922839e-23,1.0417687648e-22,4.87415223003e-23,1.06175174749e-22,1.36328240581e-22,8.45159131236e-23,1.52497705571e-22,2.24718148636e-22,3.04988065268e-22,4.12120071498e-22,5.58549316249e-22,5.87768320282e-22,6.41061794041e-22,9.8255596911e-22,1.34662196641e-21,1.75591662845e-21,2.34831809922e-21],"var":[1.23049070933e-9,2.06847005302e-7,0.00000160875458732,0.00000859548435983,0.0000619983693468,0.0000231857102335,0.00000746860223444,0.00000584753024668,0.0000154342906171,0.00000920005004446,0.0000276005175692,0.00000159295348112,0.00000143459237734,0.00000937254480959,5.16481179602e-7,7.35477669878e-8,1.20974661399e-7,2.80673084774e-8,2.73073847978e-8,9.39942257361e-9,4.56125581749e-9,1.923395887e-9,7.54392825986e-10,6.712876921e-10,1.506151176e-10,1.96368338257e-11,2.75230684597e-13]},"barkbands_crest":{"dmean":2.8847887516,"dmean2":4.81628513336,"dvar":6.49693822861,"dvar2":17.0021362305,"max":26.5843849182,"mean":9.81429481506,"median":8.9243221283,"min":3.26770925522,"var":15.2356004715},"barkbands_flatness_db":{"dmean":0.0266370289028,"dmean2":0.0426409058273,"dvar":0.000593439384829,"dvar2":0.00147166184615,"max":0.354843109846,"mean":0.1753269732,"median":0.174105882645,"min":0.0346218571067,"var":0.0019018658204},"barkbands_kurtosis":{"dmean":4.17654848099,"dmean2":6.83355379105,"dvar":63.9229736328,"dvar2":157.428207397,"max":179.459823608,"mean":6.46708202362,"median":2.80931687355,"min":-1.88988268375,"var":158.208389282},"barkbands_skewness":{"dmean":0.66079723835,"dmean2":1.05566728115,"dvar":0.45494183898,"dvar2":1.1118273735,"max":12.2991962433,"mean":1.41394889355,"median":1.33792150021,"min":-7.686024189,"var":2.31609749794},"barkbands_spread":{"dmean":3.69770646095,"dmean2":6.01303339005,"dvar":26.7395858765,"dvar2":69.8378219604,"max":146.065734863,"mean":14.0492048264,"median":10.234128952,"min":0.688192605972,"var":295.412139893},"dissonance":{"dmean":0.0336583629251,"dmean2":0.057781483978,"dvar":0.00102622713894,"dvar2":0.00289493706077,"max":0.500000178814,"mean":0.445562779903,"median":0.454152345657,"min":0.207868218422,"var":0.00166824366897},"dynamic_complexity":11.4803934097,"erbbands":{"dmean":[0.00346761057153,0.0610570237041,0.45882165432,2.52740263939,4.11815643311,12.7647676468,14.6585588455,12.4510612488,13.1920928955,13.2808303833,19.5632247925,28.4135761261,25.2686405182,31.4637565613,21.576833725,16.5513744354,18.3928222656,19.6121234894,20.6806621552,8.4963092804,4.96947097778,4.98035860062,3.53353023529,2.49238777161,2.13753724098,1.38632750511,0.966771185398,0.854567527771,0.566069126129,0.347590506077,0.247013553977,0.17625926435,0.0885814875364,0.0510673038661,0.0230165403336,0.00819735880941,0.00192549359053,0.000262592802756,0.0000218917284656,0.0000130639227791],"dmean2":[0.00597053719684,0.106689319015,0.774834811687,4.44456720352,7.21984577179,22.1159820557,25.8052425385,21.2061061859,22.1902256012,22.9018478394,33.9234924316,49.8540077209,43.782119751,55.0795707703,36.180267334,28.4177532196,32.2599754333,34.6334037781,35.1275901794,15.0689601898,8.66656780243,8.51747322083,6.22276592255,4.38424110413,3.79785943031,2.45759773254,1.70215451717,1.48222470284,1.00107753277,0.600325286388,0.428280770779,0.306747585535,0.1535512954,0.0895963832736,0.0401219390333,0.0143224392086,0.00336840958335,0.000466994039016,0.0000382806756534,0.0000216482967517],"dvar":[0.0000413645866502,0.0188126955181,1.0279058218,53.8576889038,162.883041382,1690.21252441,2562.26098633,1482.81201172,2172.9387207,2052.96972656,4932.7421875,14248.0009766,7797.02832031,21940.2597656,15737.2265625,3274.94897461,4490.16894531,5466.97607422,32709.5996094,893.499145508,256.215301514,334.013671875,175.993057251,77.7428283691,104.536338806,32.0363388062,11.8976039886,8.40037155151,4.04816627502,1.25995492935,0.767919719219,0.683411717415,0.14301879704,0.0371160879731,0.00806235801429,0.0010161253158,0.000079397825175,0.00000210122061617,9.67960289699e-9,1.17668530475e-9],"dvar2":[0.00011536864622,0.0518879815936,2.68962359428,151.989990234,460.171051025,4633.76757812,7129.51074219,3965.92163086,5716.64306641,5596.33154297,13432.4794922,39687.8046875,21008.2636719,59482.4726562,39329.3320312,8727.99316406,12522.1611328,14839.1962891,83749.3671875,2513.99780273,698.493408203,788.30871582,482.211761475,211.898773193,296.889373779,89.232093811,31.8849983215,22.3303852081,11.129073143,3.33516383171,2.04899644852,1.8553456068,0.385780572891,0.100548431277,0.0220395624638,0.00277151167393,0.000218864006456,0.00000596314248469,2.75820468687e-8,3.0919991012e-9],"max":[0.10521826148,2.29193425179,17.556634903,122.490318298,210.537963867,894.439147949,1452.98718262,684.761108398,1177.71411133,715.268188477,1710.38769531,2276.46362305,2249.19921875,3499.73046875,3898.57617188,1046.2956543,1846.97387695,1392.61242676,5928.8125,707.928771973,376.860809326,570.056640625,401.036193848,194.733032227,357.044372559,176.861373901,55.8486633301,52.2249526978,33.6092758179,20.4094924927,19.1704082489,42.3117904663,12.591750145,5.54464197159,2.05269622803,0.664452314377,0.339738130569,0.0572288893163,0.00340256141499,0.000414890091633],"mean":[0.00423054071143,0.0630720853806,0.49925544858,2.14449095726,3.47908592224,11.2338294983,12.0986204147,11.3055715561,12.0513086319,11.8805923462,17.0182304382,22.0285949707,20.8490982056,24.7889328003,19.4403305054,15.6754589081,16.061088562,16.0345687866,17.299407959,6.98961257935,4.33664369583,4.66856813431,2.92926359177,2.00855731964,1.61591970921,1.06962120533,0.746013760567,0.687885820866,0.434135913849,0.286769211292,0.191785633564,0.131438300014,0.0666802749038,0.0379827544093,0.0172666031867,0.00620981119573,0.0015037850244,0.00021279505745,0.0000234096696659,0.0000136077542265],"median":[0.00154163094703,0.0142900198698,0.0840215533972,0.214553743601,0.268903255463,0.54371213913,0.546751856804,0.74805688858,0.673063933849,0.720526993275,0.884407043457,0.82997238636,1.02997779846,0.883533000946,0.968391656876,1.03131556511,1.10214304924,0.89583170414,0.518763244152,0.273436397314,0.206432580948,0.134393841028,0.0970914289355,0.0507942214608,0.0281909145415,0.0188462994993,0.0118466801941,0.00910482741892,0.00643989164382,0.00440160930157,0.00252477638423,0.00168806407601,0.00104318116792,0.000726163969375,0.00045914540533,0.000253667734796,0.000111908579129,0.0000361268030247,0.00000816000283521,0.00000227347481996],"min":[1.59883622162e-21,1.28704060733e-20,3.54469219893e-20,6.54501102063e-20,5.30606377656e-20,3.60056566437e-20,1.46125720358e-19,8.11700237582e-19,1.02590661882e-18,6.23721478825e-19,3.85283022492e-19,9.75294539061e-19,2.44025435815e-18,1.02300652359e-18,1.86245360424e-18,4.38745613167e-18,3.21312684118e-18,5.84414641938e-18,6.59310676526e-18,6.14865724546e-18,4.57891494266e-18,8.44080822366e-18,1.3942868724e-17,1.55385133606e-17,1.28838905972e-17,1.65018148147e-17,2.32031043964e-17,2.26221936502e-17,2.11286710777e-17,2.06473843101e-17,1.70405989067e-17,2.01399768331e-17,1.52908124718e-17,1.21532113564e-17,1.07101037879e-17,6.66682096555e-18,3.28808098521e-18,1.22546611294e-18,3.26660629083e-19,3.61190579358e-20],"var":[0.0000502324219269,0.0179002694786,1.15615367889,39.1813468933,117.105476379,1326.14770508,1951.25866699,1259.99707031,1797.67944336,1560.57080078,3696.76831055,9506.1015625,5892.74609375,16768.8828125,14610.8652344,2719.51318359,3203.66381836,4071.50756836,27733.9199219,631.479980469,194.276473999,390.813232422,125.42364502,56.9745597839,67.1040802002,21.8148460388,8.86302185059,6.79959154129,2.8791077137,1.06457567215,0.593928992748,0.479125976562,0.103084936738,0.0269086807966,0.00593136902899,0.000765315722674,0.0000555444858037,0.00000131551576033,6.27494056715e-9,1.09958908645e-9]},"erbbands_crest":{"dmean":3.01701498032,"dmean2":4.90948724747,"dvar":9.43727016449,"dvar2":22.407579422,"max":33.6738128662,"mean":10.0741872787,"median":8.47871398926,"min":2.23089766502,"var":28.1366386414},"erbbands_flatness_db":{"dmean":0.0221743080765,"dmean2":0.0343213789165,"dvar":0.000529824581463,"dvar2":0.00117086886894,"max":0.423174530268,"mean":0.191111043096,"median":0.19093516469,"min":0.0258373115212,"var":0.00356739968993},"erbbands_kurtosis":{"dmean":1.65649616718,"dmean2":2.65687274933,"dvar":11.3750591278,"dvar2":27.7285480499,"max":122.035820007,"mean":1.99478912354,"median":0.758247256279,"min":-1.72292160988,"var":25.7713947296},"erbbands_skewness":{"dmean":0.441349089146,"dmean2":0.689130723476,"dvar":0.182202130556,"dvar2":0.431059062481,"max":4.60952997208,"mean":0.429272294044,"median":0.489719420671,"min":-7.44702100754,"var":0.95623344183},"erbbands_spread":{"dmean":5.71324014664,"dmean2":9.19169139862,"dvar":44.6444396973,"dvar2":103.531486511,"max":132.334915161,"mean":24.0048599243,"median":20.9888725281,"min":0.599420905113,"var":251.599914551},"gfcc":{"cov":[[31190.3574219,5675.41503906,-5905.56396484,891.153076172,-1607.39453125,-774.916320801,-1089.9074707,-765.593505859,-481.117523193,-787.321899414,-280.779388428,-355.326721191,184.062088013],[5675.41503906,2139.79272461,-945.42364502,-130.972122192,-99.4662094116,-156.847244263,-177.825714111,-214.399414062,-72.5608062744,-154.241714478,-26.1946620941,-68.8258895874,-0.267825573683],[-5905.56396484,-945.42364502,1971.18078613,5.70220184326,145.150390625,231.003509521,175.212768555,152.615585327,29.2847118378,179.860534668,15.3088855743,68.8895568848,-42.4121665955],[891.153076172,-130.972122192,5.70220184326,438.012298584,-87.7452926636,-69.1957855225,-22.0091438293,-14.4193754196,-15.6520853043,-22.2846012115,-11.6618900299,-6.61092996597,33.0086021423],[-1607.39453125,-99.4662094116,145.150390625,-87.7452926636,314.867675781,50.601688385,52.7435417175,19.0675106049,29.0678710938,42.6354026794,27.8818969727,21.5937232971,-28.629152298],[-774.916320801,-156.847244263,231.003509521,-69.1957855225,50.601688385,161.549682617,47.5560264587,16.1301803589,-2.29355335236,31.4966449738,5.71567726135,3.42437267303,-27.1382541656],[-1089.9074707,-177.825714111,175.212768555,-22.0091438293,52.7435417175,47.5560264587,143.185501099,60.1457710266,28.2306423187,16.5646533966,13.0664052963,10.6685161591,-16.2649765015],[-765.593505859,-214.399414062,152.615585327,-14.4193754196,19.0675106049,16.1301803589,60.1457710266,118.084632874,45.67370224,15.836268425,-8.28101444244,11.2627620697,-5.04019927979],[-481.117523193,-72.5608062744,29.2847118378,-15.6520853043,29.0678710938,-2.29355335236,28.2306423187,45.67370224,92.8549118042,34.2603759766,4.31388282776,-2.98583602905,-5.5322804451],[-787.321899414,-154.241714478,179.860534668,-22.2846012115,42.6354026794,31.4966449738,16.5646533966,15.836268425,34.2603759766,91.129524231,28.1661586761,1.9012131691,-16.3263664246],[-280.779388428,-26.1946620941,15.3088855743,-11.6618900299,27.8818969727,5.71567726135,13.0664052963,-8.28101444244,4.31388282776,28.1661586761,65.9826202393,28.462688446,-4.39342164993],[-355.326721191,-68.8258895874,68.8895568848,-6.61092996597,21.5937232971,3.42437267303,10.6685161591,11.2627620697,-2.98583602905,1.9012131691,28.462688446,74.0712127686,24.7401390076],[184.062088013,-0.267825573683,-42.4121665955,33.0086021423,-28.629152298,-27.1382541656,-16.2649765015,-5.04019927979,-5.5322804451,-16.3263664246,-4.39342164993,24.7401390076,66.3309555054]],"icov":[[0.00076160649769,-0.00141964352224,0.00168697431218,-0.00179381819908,0.00217549921945,-0.00167522043921,0.0018383723218,-0.00147741148248,0.00179452751763,-0.00104867690243,0.00127615209203,-0.000597554433625,0.000643264444079],[-0.00141964352224,0.00341602182016,-0.00301222410053,0.00370278512128,-0.00402356963605,0.0035097647924,-0.0031892824918,0.00380198354833,-0.00362888467498,0.00290392781608,-0.0025051778648,0.00142903544474,-0.000896125449799],[0.00168697431218,-0.00301222410053,0.00465134903789,-0.00417460734025,0.00476847123355,-0.00439052842557,0.00360851036385,-0.00377719663084,0.00471965456381,-0.00405129557475,0.00387581204996,-0.00231139408424,0.00173308711965],[-0.00179381819908,0.00370278512128,-0.00417460734025,0.00706635974348,-0.00459319492802,0.00527054164559,-0.00438941456378,0.00425036996603,-0.00419567711651,0.00324612436816,-0.00329316779971,0.00223653786816,-0.00237582833506],[0.00217549921945,-0.00402356963605,0.00476847123355,-0.00459319492802,0.0101455869153,-0.00508365873247,0.00433162366971,-0.00356408790685,0.00430067954585,-0.00375582580455,0.00344781577587,-0.00306906248443,0.00317935808562],[-0.00167522043921,0.0035097647924,-0.00439052842557,0.00527054164559,-0.00508365873247,0.0128969382495,-0.00602268986404,0.00452617136762,-0.00243998994119,0.00123544433154,-0.00181745935697,0.00116962671746,0.000726101454347],[0.0018383723218,-0.0031892824918,0.00360851036385,-0.00438941456378,0.00433162366971,-0.00602268986404,0.0153453284875,-0.00778275588527,0.00280766445212,0.00041515097837,-0.000374673283659,-0.00047280167928,0.00244224327616],[-0.00147741148248,0.00380198354833,-0.00377719663084,0.00425036996603,-0.00356408790685,0.00452617136762,-0.00778275588527,0.0187529269606,-0.00989306904376,0.00369895715266,0.00173120829277,-0.00181997253094,0.000293606339255],[0.00179452751763,-0.00362888467498,0.00471965456381,-0.00419567711651,0.00430067954585,-0.00243998994119,0.00280766445212,-0.00989306904376,0.0211849324405,-0.0100279795006,0.00395041564479,-0.00014943954011,0.000522119051311],[-0.00104867690243,0.00290392781608,-0.00405129557475,0.00324612436816,-0.00375582580455,0.00123544433154,0.00041515097837,0.00369895715266,-0.0100279795006,0.0235226955265,-0.0117415031418,0.00562425144017,0.0000611357827438],[0.00127615209203,-0.0025051778648,0.00387581204996,-0.00329316779971,0.00344781577587,-0.00181745935697,-0.000374673283659,0.00173120829277,0.00395041564479,-0.0117415031418,0.0280272569507,-0.0134332599118,0.0056560956873],[-0.000597554433625,0.00142903544474,-0.00231139408424,0.00223653786816,-0.00306906248443,0.00116962671746,-0.00047280167928,-0.00181997253094,-0.00014943954011,0.00562425144017,-0.0134332599118,0.0240160692483,-0.0105027062818],[0.000643264444079,-0.000896125449799,0.00173308711965,-0.00237582833506,0.00317935808562,0.000726101454347,0.00244224327616,0.000293606339255,0.000522119051311,0.0000611357827438,0.0056560956873,-0.0105027062818,0.0222187526524]],"mean":[-207.853622437,124.803962708,-95.2417984009,-4.51031494141,-46.6226119995,9.45689487457,-33.4565162659,-3.44946813583,-22.4178447723,-1.29085612297,-14.3202180862,-2.95099306107,-12.3056936264]},"hfc":{"dmean":7.08107042313,"dmean2":11.9311723709,"dvar":409.337677002,"dvar2":1083.83789062,"max":256.012542725,"mean":6.75135231018,"median":0.69667327404,"min":1.18968715587e-16,"var":362.056030273},"melbands":{"dmean":[0.0000429657120549,0.000181017021532,0.000462422758574,0.000549198361114,0.000560215965379,0.000290248950478,0.000194425345398,0.000150997089804,0.000165018995176,0.000175831155502,0.000126755578094,0.000131592722028,0.0000879419458215,0.0000445297118858,0.000047308512876,0.0000343154279108,0.000037330777559,0.000039571285015,0.000013926192878,0.00000801442911325,0.00000544797239854,0.00000523812150277,0.00000419050184064,0.00000264292475549,0.00000196810447051,0.00000178638924808,0.00000124238408716,8.39499989524e-7,6.0178615513e-7,5.64568836126e-7,4.76453493548e-7,3.48330473798e-7,2.26467918196e-7,1.78717954213e-7,1.43860972912e-7,1.25449417965e-7,1.03426678777e-7,6.24827904971e-8,5.33408304193e-8,3.97591257695e-8],"dmean2":[0.0000747857338865,0.000305353896692,0.000812869810034,0.000942852348089,0.000977022573352,0.000490750302561,0.000326868030243,0.000260805361904,0.000285135698505,0.000308243004838,0.000219453839236,0.000231150508625,0.00014782177459,0.0000769573962316,0.0000825646275189,0.0000604102315265,0.0000665392290102,0.000066876229539,0.0000247431944445,0.0000143217284858,0.0000095037266874,0.00000893951528269,0.00000739442339182,0.00000463807236883,0.00000348320122612,0.00000316509704135,0.00000222800622396,0.00000148423441715,0.00000105961225927,9.85291649158e-7,8.23171831144e-7,6.19693537374e-7,3.9718574385e-7,3.07948226919e-7,2.5073990173e-7,2.18470319169e-7,1.8059319018e-7,1.08090254969e-7,9.35281931902e-8,6.97864024346e-8],"dvar":[8.15794276576e-9,1.52229773676e-7,0.00000192280890587,0.000002940453669,0.0000034098973174,7.94869890797e-7,4.48838306966e-7,2.61835936044e-7,3.5371829199e-7,5.38870096989e-7,1.99854781613e-7,3.59081099077e-7,4.5987533781e-7,2.20191544997e-8,3.20961817124e-8,1.49631045332e-8,2.08578700978e-8,1.5314429902e-7,2.51256859762e-9,7.90450316313e-10,3.38832156777e-10,3.4965022544e-10,4.86807261169e-10,8.12739528455e-11,5.19238436969e-11,7.4041835163e-11,4.29120662615e-11,1.11019396801e-11,4.91434974312e-12,3.87441034116e-12,2.73928709577e-12,1.65546970663e-12,6.02826274142e-13,3.39158361768e-13,2.67710197543e-13,2.57850029306e-13,3.40894901283e-13,7.49433948601e-14,5.89518261681e-14,2.15790774328e-14],"dvar2":[2.2888404061e-8,3.95215749904e-7,0.00000544063095731,0.0000080103854998,0.00000949497552938,0.00000209712379728,0.00000117957438306,7.14838847671e-7,9.53787093749e-7,0.00000150262940224,5.35505023436e-7,9.74618956207e-7,0.00000116848514153,5.96624758487e-8,8.87638904601e-8,4.17027656852e-8,5.66285685011e-8,3.92210552036e-7,7.04297242748e-9,2.23542273581e-9,9.15456099815e-10,7.97174215528e-10,1.32713462442e-9,2.2192186977e-10,1.42117359547e-10,2.05007150145e-10,1.24091265041e-10,3.07040851077e-11,1.31985785148e-11,1.04242933729e-11,7.33014950821e-12,4.57781902663e-12,1.61682310335e-12,9.02306441369e-13,7.21618619894e-13,6.85635359252e-13,9.3853353908e-13,2.013286727e-13,1.63339705802e-13,5.82287310816e-14],"max":[0.00171829550527,0.00631552096456,0.0227036643773,0.0322792455554,0.0521291643381,0.0141815235838,0.0163214690983,0.00776005443186,0.0121998218819,0.0150397932157,0.0111598381773,0.0130320340395,0.0220497436821,0.00327090825886,0.00466232839972,0.00293848547153,0.00277947774157,0.0130542013794,0.00108462083153,0.000787909142673,0.000471248989925,0.000661912257783,0.00110165902879,0.000201585906325,0.000155139248818,0.000256631785305,0.000299044710118,0.0000761914125178,0.000043436553824,0.000028791198929,0.0000340292026522,0.000024077224225,0.0000135380942083,0.00000991894012259,0.0000136969938467,0.0000142740018418,0.0000344696818502,0.00000764696778788,0.0000113005689855,0.00000443906128567],"mean":[0.0000499919005961,0.000201589966309,0.000394958973629,0.000496701104566,0.000474006257718,0.0002639653394,0.000179193462827,0.000133318739245,0.000141427037306,0.000136257236591,0.000104125239886,0.000102408805105,0.0000772397397668,0.0000396414725401,0.0000432958113379,0.0000291521064355,0.0000300617593894,0.0000329083959514,0.0000111635172289,0.00000657394821246,0.00000470023678645,0.00000495595350003,0.00000344844534084,0.00000219106891564,0.00000154280473907,0.00000134810193231,9.32229681894e-7,6.41403516966e-7,4.55682254596e-7,4.38600864072e-7,3.82131872811e-7,2.63324466232e-7,1.77624485787e-7,1.4827624284e-7,1.11141851278e-7,9.36552737585e-8,7.60135421274e-8,4.70994052648e-8,3.91114411968e-8,2.95459443578e-8],"median":[0.000016220856196,0.0000377068281523,0.0000397247640649,0.0000298171653412,0.0000221225673158,0.000016691548808,0.0000101501627796,0.00000749305354475,0.00000667036874802,0.00000456340376331,0.0000049415139074,0.00000296702182823,0.0000028095801099,0.00000216687612919,0.00000248573314821,0.00000173384103164,0.0000013459539332,7.26476628188e-7,3.22294823718e-7,2.91239473427e-7,1.73403947201e-7,1.17227095586e-7,8.83919284433e-8,5.86478137166e-8,3.18222745932e-8,2.01184224835e-8,1.50036321145e-8,1.0564049191e-8,6.80370382256e-9,5.55842039063e-9,4.49239134781e-9,3.53088136507e-9,2.76794898113e-9,1.96248217676e-9,1.39785583109e-9,1.16517395732e-9,9.10597708348e-10,7.08645586656e-10,6.62397692253e-10,5.89532811457e-10],"min":[1.7433986933e-23,1.95666187477e-23,1.12341855062e-23,3.64953915469e-24,4.03514462035e-24,1.59125613922e-23,1.64072876203e-23,5.97533026738e-24,3.20731063376e-24,7.52655424001e-24,1.22379258111e-23,3.78216560552e-24,6.23488641001e-24,8.76742613304e-24,1.31324775115e-23,4.54005622603e-24,1.13495635133e-23,9.61034925381e-24,8.12733966137e-24,7.91960970806e-24,4.78168787118e-24,7.63958933026e-24,1.38429816519e-23,1.02368483852e-23,1.34832831672e-23,8.74851477056e-24,1.14497827693e-23,1.07315635693e-23,1.37659840944e-23,1.55415096214e-23,1.26811875426e-23,1.04650279798e-23,1.31644121787e-23,1.24875190349e-23,9.60737445934e-24,1.21734245992e-23,1.23886992182e-23,1.07971770751e-23,9.37708071756e-24,1.02893155241e-23],"var":[8.50252668272e-9,1.76913388827e-7,0.00000138016446272,0.00000235792822423,0.00000261406034952,6.96389861332e-7,3.73863770164e-7,1.97512747491e-7,2.67829818767e-7,3.61250300784e-7,1.52986743274e-7,2.72346937891e-7,4.10757991176e-7,1.68641509646e-8,2.47497098371e-8,1.04981472404e-8,1.54036357003e-8,1.29337536237e-7,1.7728687407e-9,5.4562143692e-10,2.60393762108e-10,4.42594766392e-10,3.40392575238e-10,6.08553207826e-11,3.7388807328e-11,5.1796431727e-11,2.56085135736e-11,7.68730131634e-12,3.60491020715e-12,2.9531594184e-12,2.20384626347e-12,1.1477493218e-12,4.61514669797e-13,2.89705623857e-13,2.02505519948e-13,1.91834436248e-13,2.27101242542e-13,5.43846719503e-14,3.93545398635e-14,1.58781763914e-14]},"melbands_crest":{"dmean":3.7981364727,"dmean2":6.42715215683,"dvar":11.1809682846,"dvar2":30.6065101624,"max":39.2308349609,"mean":13.2246360779,"median":12.1744594574,"min":1.88911068439,"var":27.7622032166},"melbands_flatness_db":{"dmean":0.0344988368452,"dmean2":0.0551623553038,"dvar":0.0010698211845,"dvar2":0.00250154500827,"max":0.479105383158,"mean":0.26763984561,"median":0.26996421814,"min":0.0063957432285,"var":0.00419631972909},"melbands_kurtosis":{"dmean":7.12416267395,"dmean2":11.7545681,"dvar":403.235015869,"dvar2":1007.20819092,"max":948.385559082,"mean":11.2097024918,"median":4.61218929291,"min":-1.95060527325,"var":803.977233887},"melbands_skewness":{"dmean":0.769244790077,"dmean2":1.24451780319,"dvar":0.748180031776,"dvar2":1.86425852776,"max":25.7626304626,"mean":1.96242725849,"median":1.77512454987,"min":-6.28634643555,"var":2.92667675018},"melbands_spread":{"dmean":5.02262639999,"dmean2":8.08937358856,"dvar":44.464641571,"dvar2":118.370643616,"max":162.984954834,"mean":16.9345417023,"median":12.4399204254,"min":0.611929655075,"var":421.124664307},"mfcc":{"cov":[[22874.6835938,3283.1171875,-3328.70629883,31.4556694031,-814.695617676,-407.541595459,-880.982788086,-336.733123779,-503.247314453,-479.680053711,-562.926391602,-452.628326416,-432.366271973],[3283.1171875,2022.35351562,-457.611206055,-188.789901733,4.98179244995,-2.22331190109,-93.9629058838,-78.8197555542,-110.777015686,-110.781494141,-67.3314361572,-59.5649375916,-58.8249397278],[-3328.70629883,-457.611206055,1157.72473145,144.059005737,98.5973129272,85.8299179077,157.729675293,39.0871009827,70.0526123047,76.2163467407,55.9889945984,38.0518913269,59.0256309509],[31.4556694031,-188.789901733,144.059005737,327.59362793,31.6504077911,-12.1846847534,-7.64775085449,5.41863012314,14.9344186783,-0.304215610027,-16.9048843384,-7.85498762131,10.5976190567],[-814.695617676,4.98179244995,98.5973129272,31.6504077911,171.960723877,52.1444816589,32.0715560913,-1.07820510864,11.8086147308,7.26529884338,21.731590271,16.8887691498,13.4867324829],[-407.541595459,-2.22331190109,85.8299179077,-12.1846847534,52.1444816589,112.389282227,55.3557052612,-6.19530057907,-13.6341819763,3.58662176132,23.1061191559,9.43987464905,-3.44181418419],[-880.982788086,-93.9629058838,157.729675293,-7.64775085449,32.0715560913,55.3557052612,120.761131287,37.4900169373,8.23509407043,9.64497566223,27.2740459442,23.3082122803,12.9395742416],[-336.733123779,-78.8197555542,39.0871009827,5.41863012314,-1.07820510864,-6.19530057907,37.4900169373,89.1826248169,43.1023826599,-1.31626176834,1.91712367535,20.7548904419,16.4920196533],[-503.247314453,-110.777015686,70.0526123047,14.9344186783,11.8086147308,-13.6341819763,8.23509407043,43.1023826599,90.8142623901,37.8232498169,4.51169013977,7.62273168564,13.2146940231],[-479.680053711,-110.781494141,76.2163467407,-0.304215610027,7.26529884338,3.58662176132,9.64497566223,-1.31626176834,37.8232498169,97.9809417725,45.8600006104,-3.16948890686,-0.419569462538],[-562.926391602,-67.3314361572,55.9889945984,-16.9048843384,21.731590271,23.1061191559,27.2740459442,1.91712367535,4.51169013977,45.8600006104,94.3192672729,37.7023429871,-8.05832099915],[-452.628326416,-59.5649375916,38.0518913269,-7.85498762131,16.8887691498,9.43987464905,23.3082122803,20.7548904419,7.62273168564,-3.16948890686,37.7023429871,85.9020233154,33.6427612305],[-432.366271973,-58.8249397278,59.0256309509,10.5976190567,13.4867324829,-3.44181418419,12.9395742416,16.4920196533,13.2146940231,-0.419569462538,-8.05832099915,33.6427612305,82.8998336792]],"icov":[[0.000182411429705,-0.000184753764188,0.000316860940075,-0.000319040409522,0.000575281970669,-0.000198464709683,0.00054200051818,-0.000140151169035,0.000440019677626,-0.0000628346315352,0.000515798630659,0.0000147995706357,0.000450572930276],[-0.000184753764188,0.000815694278572,-0.000195623520995,0.000650967354886,-0.000855831196532,0.000145920130308,-0.000291814270895,0.000266756134806,-0.000116335177154,0.000502207723912,-0.000403336744057,0.000229476383538,-0.000302186643239],[0.000316860940075,-0.000195623520995,0.00183917756658,-0.00103887019213,0.000819568347652,-0.000602646672633,-0.000549151736777,0.00035089920857,0.0000662023448967,-0.000454096414614,0.000750032311771,0.000168826940353,0.000186170087545],[-0.000319040409522,0.000650967354886,-0.00103887019213,0.00417797127739,-0.00190633384045,0.000918972189538,-0.0000357184653694,-0.0000493747065775,-0.000542334339116,0.000433780252934,-0.000235603700276,0.000353815907147,-0.000710608146619],[0.000575281970669,-0.000855831196532,0.000819568347652,-0.00190633384045,0.00938883330673,-0.00385003350675,0.00131078949198,0.000897438148968,-0.000895410426892,0.000857159553561,0.0000430172403867,-0.0000656126649119,0.000160726733156],[-0.000198464709683,0.000145920130308,-0.000602646672633,0.000918972189538,-0.00385003350675,0.0144982337952,-0.0068225399591,0.00272288313136,0.00120558659546,0.000351904716808,-0.00146551523358,-1.63360155625e-7,0.000798778375611],[0.00054200051818,-0.000291814270895,-0.000549151736777,-0.0000357184653694,0.00131078949198,-0.0068225399591,0.0177107341588,-0.00802157167345,0.00422127498314,-0.000548909418285,-0.0000637195989839,-0.000131400942337,0.000721663353033],[-0.000140151169035,0.000266756134806,0.00035089920857,-0.0000493747065775,0.000897438148968,0.00272288313136,-0.00802157167345,0.0204419158399,-0.0110784992576,0.00495752086863,-0.00107950926758,-0.00184219051152,-0.00119905860629],[0.000440019677626,-0.000116335177154,0.0000662023448967,-0.000542334339116,-0.000895410426892,0.00120558659546,0.00422127498314,-0.0110784992576,0.0223407316953,-0.010122641921,0.00612880010158,-0.00200641597621,0.00177289976273],[-0.0000628346315352,0.000502207723912,-0.000454096414614,0.000433780252934,0.000857159553561,0.000351904716808,-0.000548909418285,0.00495752086863,-0.010122641921,0.0211330447346,-0.013083782047,0.00776647636667,-0.00343196745962],[0.000515798630659,-0.000403336744057,0.000750032311771,-0.000235603700276,0.0000430172403867,-0.00146551523358,-0.0000637195989839,-0.00107950926758,0.00612880010158,-0.013083782047,0.0253388565034,-0.0130720585585,0.00878175441176],[0.0000147995706357,0.000229476383538,0.000168826940353,0.000353815907147,-0.0000656126649119,-1.63360155625e-7,-0.000131400942337,-0.00184219051152,-0.00200641597621,0.00776647636667,-0.0130720585585,0.0222379006445,-0.00946396868676],[0.000450572930276,-0.000302186643239,0.000186170087545,-0.000710608146619,0.000160726733156,0.000798778375611,0.000721663353033,-0.00119905860629,0.00177289976273,-0.00343196745962,0.00878175441176,-0.00946396868676,0.0186838582158]],"mean":[-845.789794922,163.268981934,8.06530094147,2.73052740097,2.28120183945,7.26686954498,-0.330349624157,-1.31587946415,-4.42315387726,-2.41447067261,-0.270816653967,-1.39055633545,-4.27555036545]},"pitch_salience":{"dmean":0.0897967293859,"dmean2":0.148809954524,"dvar":0.00641924189404,"dvar2":0.0164597518742,"max":0.961340785027,"mean":0.62136143446,"median":0.637933135033,"min":0.0648284032941,"var":0.0154714509845},"silence_rate_20dB":{"dmean":0,"dmean2":0,"dvar":0,"dvar2":0,"max":1,"mean":1,"median":1,"min":1,"var":0},"silence_rate_30dB":{"dmean":0.0194647200406,"dmean2":0.0389332287014,"dvar":0.019087638706,"dvar2":0.0496857091784,"max":1,"mean":0.985889434814,"median":1,"min":0,"var":0.0139107676223},"silence_rate_60dB":{"dmean":0.110170319676,"dmean2":0.220362082124,"dvar":0.09803891927,"dvar2":0.193615183234,"max":1,"mean":0.597119510174,"median":1,"min":0,"var":0.240583598614},"spectral_centroid":{"dmean":154.251113892,"dmean2":247.868164062,"dvar":37855.7734375,"dvar2":81190.25,"max":11400.1328125,"mean":781.123596191,"median":635.639221191,"min":165.044540405,"var":424141.9375},"spectral_complexity":{"dmean":3.27591252327,"dmean2":4.7922911644,"dvar":23.802778244,"dvar2":49.8701858521,"max":56,"mean":7.39577674866,"median":5,"min":0,"var":70.383682251},"spectral_contrast_coeffs":{"dmean":[0.0642044320703,0.0448841899633,0.0361250825226,0.0308694634587,0.0221866443753,0.0202126614749],"dmean2":[0.105409830809,0.0749443843961,0.0584176890552,0.0491456016898,0.0348686873913,0.0297750029713],"dvar":[0.00365451117977,0.00148269347847,0.00116626103409,0.000902822182979,0.000501565402374,0.000513942970429],"dvar2":[0.00894810631871,0.00403269240633,0.00293190474622,0.00204840814695,0.00111960386857,0.00103726191446],"max":[-0.208629861474,-0.489726781845,-0.460322141647,-0.514336407185,-0.58635866642,-0.64949542284],"mean":[-0.675999939442,-0.795244634151,-0.809157788754,-0.804717540741,-0.834225773811,-0.828647136688],"median":[-0.686482071877,-0.802969634533,-0.820979833603,-0.818874716759,-0.842839956284,-0.831945717335],"min":[-0.982039690018,-0.966732263565,-0.971728622913,-0.955892860889,-0.961857497692,-0.956943929195],"var":[0.0119029600173,0.0047425837256,0.00512494146824,0.00579500384629,0.00376482633874,0.0031232777983]},"spectral_contrast_valleys":{"dmean":[0.500486135483,0.58345246315,0.598555922508,0.642109394073,0.622171461582,0.496200591326],"dmean2":[0.809060335159,0.860251307487,0.849195420742,0.888796567917,0.833483636379,0.673817753792],"dvar":[0.190063133836,0.403238624334,0.459422230721,0.543642520905,0.534814059734,0.369875073433],"dvar2":[0.428587973118,0.771562993526,0.878243148327,1.06158983707,1.05756783485,0.73800444603],"max":[-5.69309473038,-3.88144731522,-4.22887420654,-4.95877456665,-5.70231723785,-8.45118808746],"mean":[-8.77102851868,-7.96868228912,-8.67831420898,-9.48539638519,-10.1578769684,-12.4629535675],"median":[-8.47932243347,-7.73976802826,-8.45865535736,-9.2810459137,-10.2487697601,-12.8982219696],"min":[-27.0842628479,-27.3211288452,-27.1978721619,-27.3086833954,-27.4008140564,-27.3168239594],"var":[3.07420301437,4.08158588409,4.18494987488,4.22934865952,3.43246483803,1.73597383499]},"spectral_decrease":{"dmean":2.72447842065e-9,"dmean2":4.50106041328e-9,"dvar":5.04343997049e-17,"dvar2":1.31946676473e-16,"max":1.64510924304e-16,"mean":-2.74893841024e-9,"median":-3.65668717528e-10,"min":-9.18631570812e-8,"var":4.74764977873e-17},"spectral_energy":{"dmean":0.0109132789075,"dmean2":0.0180435888469,"dvar":0.000813136692159,"dvar2":0.00212852028199,"max":0.361510962248,"mean":0.0109874457121,"median":0.00145140022505,"min":1.09215273527e-20,"var":0.000763740041293},"spectral_energyband_high":{"dmean":0.000069345565862,"dmean2":0.000120703312859,"dvar":5.1406491508e-8,"dvar2":1.36607937407e-7,"max":0.00411398848519,"mean":0.0000552361925656,"median":0.00000107738537736,"min":8.22878465574e-21,"var":4.06232878447e-8},"spectral_energyband_low":{"dmean":0.00122305634432,"dmean2":0.00208338280208,"dvar":0.00000936077776714,"dvar2":0.0000253920279647,"max":0.0536098591983,"mean":0.00129182008095,"median":0.000238097883994,"min":1.22620564351e-22,"var":0.00000864280809765},"spectral_energyband_middle_high":{"dmean":0.00304792402312,"dmean2":0.00525612477213,"dvar":0.000108285195893,"dvar2":0.00028779177228,"max":0.189391136169,"mean":0.00275600212626,"median":0.000219596287934,"min":1.41445471463e-21,"var":0.0000929240413825},"spectral_energyband_middle_low":{"dmean":0.0077872662805,"dmean2":0.0129153467715,"dvar":0.000434275250882,"dvar2":0.00113996991422,"max":0.3178858459,"mean":0.00746099790558,"median":0.000723893637769,"min":2.74926911199e-22,"var":0.000392717542127},"spectral_entropy":{"dmean":0.25028449297,"dmean2":0.391303181648,"dvar":0.0621493719518,"dvar2":0.139666631818,"max":9.79646396637,"mean":7.01640796661,"median":6.94937753677,"min":5.25152587891,"var":0.347054868937},"spectral_flux":{"dmean":0.0279978122562,"dmean2":0.0425196103752,"dvar":0.00273836799897,"dvar2":0.0057301283814,"max":0.527849197388,"mean":0.0536008067429,"median":0.0241008773446,"min":1.04506112097e-10,"var":0.00533273071051},"spectral_kurtosis":{"dmean":4.66708660126,"dmean2":7.77364730835,"dvar":28.4796619415,"dvar2":74.3120040894,"max":73.6563110352,"mean":13.3337631226,"median":11.667011261,"min":-1.18814396858,"var":77.9320297241},"spectral_rms":{"dmean":0.00103763001971,"dmean2":0.00156452856027,"dvar":0.00000354699545824,"dvar2":0.00000844936130306,"max":0.0187801402062,"mean":0.00208154786378,"median":0.00118995807134,"min":3.26422265953e-12,"var":0.00000638670417175},"spectral_rolloff":{"dmean":254.713241577,"dmean2":438.586273193,"dvar":380116.21875,"dvar2":930506.8125,"max":21317.8710938,"mean":1392.8572998,"median":775.1953125,"min":21.533203125,"var":10429671},"spectral_skewness":{"dmean":0.455665260553,"dmean2":0.744052052498,"dvar":0.233786776662,"dvar2":0.590740144253,"max":6.40993404388,"mean":2.77453708649,"median":2.71018218994,"min":-0.040008790791,"var":0.812591910362},"spectral_spread":{"dmean":543464.9375,"dmean2":852141.75,"dvar":716015927296,"dvar2":1558804037630,"max":40826144,"mean":3998843.25,"median":3055701.25,"min":1069243.25,"var":8603978170370},"spectral_strongpeak":{"dmean":0.304349184036,"dmean2":0.493710368872,"dvar":0.610718905926,"dvar2":1.41320753098,"max":20.9945011139,"mean":0.448240906,"median":0.146123856306,"min":0,"var":0.967569708824},"zerocrossingrate":{"dmean":0.00653013819829,"dmean2":0.00850390736014,"dvar":0.0000958703167271,"dvar2":0.00013612418843,"max":0.67138671875,"mean":0.052529912442,"median":0.0341796875,"min":0.005859375,"var":0.00818503834307}},"metadata":{"audio_properties":{"analysis_sample_rate":44100,"bit_rate":0,"codec":"flac","downmix":"mix","equal_loudness":0,"length":238.57333374,"lossless":true,"md5_encoded":"304338dc7a0828afc9104aafd01320f5","replay_gain":-8.51018333435},"tags":{"acoustid_id":["49a6b0db-9d68-4698-be39-298982ae5527"],"album":["SYR 4: Goodbye 20th Century"],"albumartist":["Sonic Youth"],"albumartistsort":["Sonic Youth"],"artist":["Sonic Youth"],"artists":["Sonic Youth"],"artistsort":["Sonic Youth"],"asin":["B00002R0NC"],"catalognumber":["SYR 4"],"composer":["George Maciunas"],"composersort":["Maciunas, George"],"date":["1999-11-16"],"discnumber":["2"],"disctotal":["2"],"file_name":"05 - Piano Piece #13 (Carpenter's Piece).flac","label":["Sonic Youth Records"],"media":["CD"],"musicbrainz_albumartistid":["5cbef01b-cc35-4f52-af7b-d0df0c4f61b9"],"musicbrainz_albumid":["4dcf808b-1a50-40b5-ba13-b84a1c42b558"],"musicbrainz_artistid":["5cbef01b-cc35-4f52-af7b-d0df0c4f61b9"],"musicbrainz_recordingid":["7321deea-7144-4edc-9dd3-3d2a671730bf"],"musicbrainz_releasegroupid":["fd04b057-c78d-34f6-b1f5-d9e2c4bf8c78"],"musicbrainz_releasetrackid":["4df76ac7-1072-3052-a73f-571adeed4a60"],"musicbrainz_workid":["6a473e8a-ee73-3de7-928c-062886713dcd"],"originaldate":["1999"],"releasecountry":["US"],"releasestatus":["official"],"releasetype":["album"],"script":["Latn"],"title":["Piano Piece #13 (Carpenter's Piece)"],"totaldiscs":["2"],"totaltracks":["7"],"tracknumber":["5"],"tracktotal":["7"],"work":["Piano Piece #13 (Carpenter's Piece)"]},"version":{"essentia":"2.1-beta1","essentia_build_sha":"85931cb11b241c07ac43bfc3827c398894034a25","essentia_git_sha":"v2.1_beta1-6-g5578087","extractor":"music 1.0"}},"rhythm":{"beats_count":573,"beats_loudness":{"dmean":0.0118578309193,"dmean2":0.0200921148062,"dvar":0.000288