{"lowlevel":{"average_loudness":0.935766220093,"barkbands":{"dmean":[0.00224766205065,0.00812827982008,0.00201827473938,0.00116006785538,0.00142871891148,0.00174457975663,0.000882184947841,0.000711963977665,0.00117802631576,0.00076789141167,0.000453517131973,0.000595232704654,0.000456033158116,0.000490011763759,0.000607409223448,0.000349398818798,0.000303565087961,0.000197988323634,0.000147305399878,0.000110158136522,0.0000572402423131,0.0000244634029514,0.00000997348433884,0.00000380274764211,0.00000262299158749,0.00000597202688368,0.000360718404409],"dmean2":[0.00386255793273,0.0135601358488,0.00347775686532,0.00198285235092,0.00236263894476,0.00279267854057,0.00144481938332,0.00119448674377,0.00195417553186,0.00127136171795,0.000762481475249,0.00100221624598,0.000767484074458,0.000824591261335,0.000997634022497,0.000583445071243,0.000516658590641,0.000329753704136,0.000241276342422,0.000160267372848,0.0000813939404907,0.000034828823118,0.0000150446985572,0.00000618334433966,0.00000441346492153,0.00000946815998759,0.000592102413066],"dvar":[0.00000966638071986,0.000108240630652,0.0000099574408523,0.00000321238030665,0.00000652300832371,0.0000110444098027,0.00000224271479965,0.00000167393102402,0.0000041311395762,0.0000036510400605,6.50878348551e-7,9.3736252893e-7,2.89637654305e-7,3.26782696902e-7,0.00000104988191652,2.73851412658e-7,3.0148888186e-7,1.03830544163e-7,8.87879068046e-8,1.82871417564e-7,8.58225348566e-8,1.67293201514e-8,1.00795283231e-9,7.13013259546e-11,1.85831471738e-11,1.70627872942e-10,2.11232830338e-7],"dvar2":[0.0000263223191723,0.00029635176179,0.000028077767638,0.00000870895564731,0.0000161931893672,0.0000265562630375,0.00000514242356076,0.0000043058466872,0.0000101244922917,0.00000883832763066,0.00000155365535193,0.00000246232821155,7.97300856448e-7,8.72863950008e-7,0.00000270803866442,7.19091360679e-7,8.30410215258e-7,2.77765963119e-7,2.23342240702e-7,2.90260771862e-7,1.37753787044e-7,3.48438220499e-8,1.86345405773e-9,1.7064274993e-10,4.69751217091e-11,3.88955784247e-10,5.29822784756e-7],"max":[0.0451997928321,0.145178884268,0.0471180938184,0.0284871160984,0.0566819570959,0.0875761955976,0.0558352656662,0.0256480015814,0.0572696328163,0.064832508564,0.0270896591246,0.0278429426253,0.00958656333387,0.0129620889202,0.0332291610539,0.0115252286196,0.00733767310157,0.00388334970921,0.00778354192153,0.0179022271186,0.012530866079,0.00902077835053,0.00139210512862,0.000458934722701,0.0000757258894737,0.000474039436085,0.0136982817203],"mean":[0.00319505133666,0.0126799792051,0.00242469622754,0.00141574814916,0.0020728611853,0.00281099136919,0.00139153981581,0.00104091083631,0.00189418660011,0.0011567666661,0.000724404642824,0.00105356413405,0.000858857296407,0.000991924083792,0.00116921169683,0.000640168145765,0.000479858776089,0.000392167683458,0.000283383880742,0.000222671122174,0.000116630311823,0.0000463876931462,0.0000152688862727,0.00000449962908533,0.00000276318451142,0.00000845648810355,0.00140576588456],"median":[0.00185700692236,0.0094831129536,0.00125727546401,0.000775635009632,0.00113459280692,0.00158549414482,0.000827192852739,0.000557990337256,0.00116122269537,0.000653773546219,0.000496548542287,0.000728155195247,0.000705813057721,0.000784865929745,0.000773880048655,0.000358182238415,0.000228874632739,0.000188587233424,0.0000926473367144,0.0000641796577838,0.0000317074773193,0.000014373533304,0.00000548865818928,0.00000187716455002,0.00000120524964586,0.00000431214948549,0.000923503190279],"min":[9.52049109418e-25,3.82433416521e-24,1.58520040904e-24,1.41691024694e-24,4.28225293233e-24,3.19690062804e-24,4.96982606948e-24,8.21855485898e-24,2.06312401819e-23,1.06178611027e-23,2.70254626897e-23,3.27685246964e-23,2.01226221132e-23,4.37594586316e-23,5.06935018123e-23,6.13642402615e-23,6.4424055008e-23,8.63462029524e-23,1.52405478264e-22,1.74746385132e-22,2.33199400487e-22,3.25915270285e-22,3.7358942907e-22,6.00431090289e-22,1.02084255691e-21,1.35016908894e-21,2.1074972674e-21],"var":[0.0000150406613102,0.000155757879838,0.0000122220199046,0.00000391219509766,0.00000978306616162,0.0000190688442672,0.00000423119672632,0.00000276710375147,0.00000709121104592,0.00000574496152694,0.0000010948281215,0.00000156230998982,4.93574361826e-7,7.09088226358e-7,0.00000214260353459,5.30816407718e-7,4.1968428377e-7,2.26883244636e-7,1.82384397363e-7,4.9077203812e-7,2.25820755873e-7,2.91967889865e-8,1.98948835184e-9,9.12087350091e-11,1.94190757224e-11,2.44110148762e-10,0.0000014802020587]},"barkbands_crest":{"dmean":2.9526617527,"dmean2":4.90352106094,"dvar":6.68490552902,"dvar2":17.5660514832,"max":26.8842201233,"mean":9.38432598114,"median":8.57431316376,"min":2.48969841003,"var":16.4334430695},"barkbands_flatness_db":{"dmean":0.021852068603,"dmean2":0.0349977575243,"dvar":0.000370477180695,"dvar2":0.000946392654441,"max":0.394958853722,"mean":0.130722314119,"median":0.122432775795,"min":0.0329861007631,"var":0.00209590257145},"barkbands_kurtosis":{"dmean":2.69818758965,"dmean2":4.49540758133,"dvar":52.2770195007,"dvar2":135.435760498,"max":367.633239746,"mean":5.17392206192,"median":2.64700889587,"min":-1.60083305836,"var":215.17755127},"barkbands_skewness":{"dmean":0.475888878107,"dmean2":0.778382480145,"dvar":0.272102296352,"dvar2":0.685791969299,"max":18.7029800415,"mean":1.80320441723,"median":1.60725867748,"min":-2.12601470947,"var":1.29063427448},"barkbands_spread":{"dmean":6.92297697067,"dmean2":11.3262348175,"dvar":37.3151435852,"dvar2":98.2356414795,"max":89.2118301392,"mean":33.9248695374,"median":33.6056022644,"min":0.799607515335,"var":184.940170288},"dissonance":{"dmean":0.0159282982349,"dmean2":0.0272852666676,"dvar":0.000269917567493,"dvar2":0.000767114805058,"max":0.500000178814,"mean":0.475506275892,"median":0.480856478214,"min":0.30934125185,"var":0.000412245222833},"dynamic_complexity":2.45019721985,"erbbands":{"dmean":[0.361494839191,1.49722111225,2.40297913551,2.96359562874,3.66124200821,5.64344739914,8.88231372833,15.9246492386,13.485824585,13.3457555771,16.8354454041,27.1029853821,25.8846969604,19.3767471313,17.5718383789,23.2660369873,20.3290977478,22.4321670532,30.325466156,22.8745269775,18.9153060913,16.0472221375,11.3668289185,9.19565868378,5.39220285416,5.10669231415,3.51117897034,1.68085038662,0.971678733826,0.5200715065,0.240386337042,0.108421713114,0.0513244457543,0.02963286452,0.0187394525856,0.0126205170527,0.0120299924165,0.0118404142559,0.00936442613602,0.00813565030694],"dmean2":[0.597540259361,2.54102802277,4.1461853981,5.06727647781,6.13601064682,9.38073921204,14.4068431854,25.5914077759,22.2830295563,21.9416809082,28.1912727356,45.0517845154,42.9344482422,32.2231521606,29.7380619049,39.0713043213,34.1725654602,37.8855857849,50.248966217,37.8056526184,31.7205352783,27.1249332428,18.8313655853,15.227265358,8.51129817963,7.3795542717,4.89288711548,2.38277888298,1.40062856674,0.749936759472,0.36654484272,0.171265214682,0.0846896842122,0.0497745461762,0.0314858108759,0.0209131296724,0.0190729573369,0.0172079838812,0.013592868112,0.013311794959],"dvar":[0.239912077785,3.71838068962,12.8445367813,19.9044933319,37.5246772766,115.542449951,320.988220215,1050.16992188,408.063140869,788.227783203,840.753051758,2487.6550293,3201.03344727,2684.77490234,1228.59484863,1402.8927002,584.475952148,718.418395996,2284.11767578,1798.91650391,935.823669434,864.891784668,344.891204834,292.095397949,149.688568115,401.49822998,348.09677124,60.600856781,26.0356273651,3.84536337852,0.485861718655,0.0691651701927,0.0102325230837,0.00241079530679,0.00093700265279,0.000410081091104,0.000772479746956,0.00131483352743,0.000659873243421,0.000100711171399],"dvar2":[0.641004800797,10.450088501,36.1619262695,54.4855690002,96.4062957764,285.433502197,790.94708252,2503.77172852,1074.84851074,1996.85632324,2125.38110352,6021.19482422,7940.921875,6191.12597656,3011.73291016,3717.87646484,1597.2755127,1917.87731934,5888.88134766,4596.29931641,2493.27880859,2366.32641602,917.296875,786.019470215,314.515350342,646.930725098,551.226806641,97.8292236328,54.1861190796,6.69643831253,0.945721924305,0.159507617354,0.0237867515534,0.00604777410626,0.00236851256341,0.000991968438029,0.00180216645822,0.00233880174346,0.000986130093224,0.000255456368905],"max":[6.96874284744,33.6600952148,54.4209976196,69.1633529663,104.891433716,289.83682251,471.959625244,1076.86401367,765.343933105,929.589477539,610.51373291,1814.22106934,1957.04052734,2496.796875,1533.8548584,1252.03869629,506.411315918,546.134338379,1457.79711914,2075.05004883,660.014831543,405.433990479,233.135803223,341.08291626,452.196990967,790.234008789,821.227783203,363.472747803,350.131988525,85.6879653931,26.6895599365,13.9770298004,4.48858785629,0.852059781551,0.536930084229,0.551065146923,1.03086292744,1.74751663208,0.953920304775,0.258906185627],"mean":[0.552947640419,2.10023474693,3.10015201569,3.9532251358,5.06409645081,7.78098773956,13.4256858826,25.1860923767,21.7340202332,20.2650127411,26.8246269226,43.0674095154,40.6461830139,32.5848045349,32.3430747986,43.0152587891,41.2374305725,47.9879684448,63.3692550659,45.8517951965,34.4883155823,27.3001346588,22.6313152313,18.0417861938,11.6934862137,10.3006286621,6.91333436966,3.45429730415,1.88969993591,0.893357038498,0.365579843521,0.142590120435,0.0553570725024,0.0312767513096,0.0199560932815,0.0143534326926,0.0171511676162,0.0244220867753,0.0326381660998,0.0417222641408],"median":[0.355053693056,1.50274264812,1.83423244953,2.43436360359,2.71454644203,4.09890508652,6.86514568329,14.089594841,14.0727882385,10.0708045959,15.5534086227,26.1321697235,24.7744464874,20.7420063019,22.93009758,30.03074646,34.5960845947,38.4946899414,46.2474517822,29.4467391968,17.9107036591,13.4466867447,11.2308893204,7.26889276505,3.6779961586,3.02613759041,1.86791622639,0.962857186794,0.587076365948,0.283017784357,0.143211245537,0.0594420656562,0.0213913787156,0.0133481342345,0.00899341888726,0.00678758788854,0.0087685007602,0.0110940346494,0.0133514506742,0.0302503220737],"min":[7.20933228632e-23,9.3545372817e-22,3.56516863494e-21,5.65275480066e-21,1.04031646052e-20,1.9349791783e-20,7.08623077178e-20,2.44403872884e-20,7.20023823217e-20,3.1775171294e-19,3.76628593635e-19,4.81563821414e-19,5.01305985998e-19,9.77065842945e-19,1.04082192603e-18,1.64391465775e-18,1.232981359e-18,2.06555808428e-18,3.4956288727e-18,2.83729112601e-18,4.27356783698e-18,4.72209246207e-18,4.86480221084e-18,5.61537390455e-18,8.252458371e-18,7.58293176576e-18,1.03963252303e-17,9.72423271078e-18,1.06851510576e-17,1.1730863689e-17,1.15190591301e-17,1.08125641689e-17,1.10129006958e-17,8.84656761108e-18,7.13604164956e-18,4.07459533089e-18,2.39134585687e-18,7.85180723746e-19,2.35070874812e-19,2.72124876254e-20],"var":[0.363566994667,4.78789234161,16.0958690643,24.6233463287,52.8619766235,175.552505493,511.46206665,1768.55163574,654.018615723,1221.18334961,1409.9642334,4105.42675781,4498.25830078,4887.42480469,1959.08666992,2320.9074707,1043.45361328,1495.76782227,4851.82519531,3346.43017578,1672.16967773,1283.28649902,750.447387695,565.798461914,395.97177124,1085.90063477,903.172668457,158.679336548,46.2397766113,9.10846710205,0.908307611942,0.0975106805563,0.0130712753162,0.00256979372352,0.000983099336736,0.000504992960487,0.00103762256913,0.00317651499063,0.00268778181635,0.00096295576077]},"erbbands_crest":{"dmean":1.84920966625,"dmean2":3.11399817467,"dvar":3.35772967339,"dvar2":8.54564857483,"max":26.7477645874,"mean":6.6475610733,"median":6.03684711456,"min":2.15632915497,"var":6.41433572769},"erbbands_flatness_db":{"dmean":0.0191102214158,"dmean2":0.0302279684693,"dvar":0.000280375941657,"dvar2":0.000692054338288,"max":0.373648375273,"mean":0.162044540048,"median":0.152562826872,"min":0.0263705831021,"var":0.00194655207451},"erbbands_kurtosis":{"dmean":0.567902505398,"dmean2":0.936589360237,"dvar":0.353675931692,"dvar2":0.914551794529,"max":10.65117836,"mean":0.0712199211121,"median":-0.0691502094269,"min":-1.70714485645,"var":0.694203555584},"erbbands_skewness":{"dmean":0.283582270145,"dmean2":0.46188518405,"dvar":0.0573475807905,"dvar2":0.147619664669,"max":2.25393772125,"mean":-0.235875099897,"median":-0.271991431713,"min":-2.45670056343,"var":0.180452391505},"erbbands_spread":{"dmean":4.12395572662,"dmean2":6.68654918671,"dvar":14.2790460587,"dvar2":34.8506164551,"max":126.670051575,"mean":24.4975395203,"median":24.5373458862,"min":4.24153614044,"var":71.5085067749},"gfcc":{"cov":[[16585.7695312,389.057098389,-1073.58581543,1389.98034668,664.014038086,-622.464294434,404.961700439,-48.7923431396,-40.6684837341,-152.676010132,-75.9895782471,-13.7507896423,-191.400588989],[389.057098389,637.843017578,-49.0133094788,-320.100006104,79.0622634888,-17.4648990631,6.54651784897,-79.4105682373,70.6717987061,-20.7332668304,35.551109314,-44.8801689148,55.6156692505],[-1073.58581543,-49.0133094788,381.626220703,60.3872337341,-8.14713764191,235.608154297,-80.4535598755,128.55291748,-33.3329772949,58.468914032,10.1549806595,-2.05479192734,26.7482948303],[1389.98034668,-320.100006104,60.3872337341,757.655578613,215.329528809,-56.72914505,181.557434082,85.5010986328,-12.6200351715,-2.9567117691,-27.0320167542,60.3869171143,-90.9276351929],[664.014038086,79.0622634888,-8.14713764191,215.329528809,234.733261108,-27.8696956635,103.966941833,17.4703350067,20.6244792938,-15.5588960648,9.47553730011,1.10807645321,-13.4545736313],[-622.464294434,-17.4648990631,235.608154297,-56.72914505,-27.8696956635,252.789550781,-74.6521224976,103.214042664,-27.0555858612,38.4127655029,3.552713871,-12.3515558243,35.0190658569],[404.961700439,6.54651784897,-80.4535598755,181.557434082,103.966941833,-74.6521224976,172.548355103,-18.9154567719,49.8093986511,-12.5473480225,-3.24567699432,24.0276679993,-31.6646022797],[-48.7923431396,-79.4105682373,128.55291748,85.5010986328,17.4703350067,103.214042664,-18.9154567719,144.498580933,-3.45274305344,37.2775344849,8.3511428833,-4.08359241486,11.4550409317],[-40.6684837341,70.6717987061,-33.3329772949,-12.6200351715,20.6244792938,-27.0555858612,49.8093986511,-3.45274305344,77.7985153198,18.5918464661,15.3086795807,13.318728447,-4.42764759064],[-152.676010132,-20.7332668304,58.468914032,-2.9567117691,-15.5588960648,38.4127655029,-12.5473480225,37.2775344849,18.5918464661,61.7803573608,30.5883102417,8.81356811523,16.9469509125],[-75.9895782471,35.551109314,10.1549806595,-27.0320167542,9.47553730011,3.552713871,-3.24567699432,8.3511428833,15.3086795807,30.5883102417,49.9820823669,18.2680511475,19.8233985901],[-13.7507896423,-44.8801689148,-2.05479192734,60.3869171143,1.10807645321,-12.3515558243,24.0276679993,-4.08359241486,13.318728447,8.81356811523,18.2680511475,51.9433937073,7.48871898651],[-191.400588989,55.6156692505,26.7482948303,-90.9276351929,-13.4545736313,35.0190658569,-31.6646022797,11.4550409317,-4.42764759064,16.9469509125,19.8233985901,7.48871898651,61.3678665161]],"icov":[[0.000186871591723,-0.000647521985229,0.00123760616407,-0.00080122606596,0.0000953731359914,-0.000453228625702,0.000517924549058,-0.00036511948565,0.000697354436852,-0.000778489513323,0.00039255671436,-0.000122934041428,0.0002114935196],[-0.000647521985229,0.00624774442986,-0.0056042727083,0.00422939192504,-0.00246701552533,0.00191390514374,-0.00216174451634,0.00323907984421,-0.00650125648826,0.00630127824843,-0.00442213006318,0.00453107757494,-0.0036590595264],[0.00123760616407,-0.0056042727083,0.0166219044477,-0.00735455332324,0.000981231336482,-0.00957394205034,0.00607541203499,-0.00348947593011,0.00605950783938,-0.00937628000975,0.00378423510119,-0.00232144747861,0.0023488085717],[-0.00080122606596,0.00422939192504,-0.00735455332324,0.00965059921145,-0.0051624183543,0.00490063009784,-0.00536631094292,-0.00137773191091,0.00137480336707,-0.0000650208457955,0.00317636644468,-0.00654362887144,0.00462236488238],[0.0000953731359914,-0.00246701552533,0.000981231336482,-0.0051624183543,0.0111726783216,-0.00144137931056,-0.00267823110335,-0.000386653031455,-0.00120442186017,0.005684427917,-0.00743926595896,0.00705494266003,-0.00369570660405],[-0.000453228625702,0.00191390514374,-0.00957394205034,0.00490063009784,-0.00144137931056,0.0136418901384,-0.00235958676785,-0.00362639175728,0.000695990922395,0.000675745133776,0.00270280824043,-0.00153520714957,-0.00117730384227],[0.000517924549058,-0.00216174451634,0.00607541203499,-0.00536631094292,-0.00267823110335,-0.00235958676785,0.0161317326128,0.000759781280067,-0.00617971923202,-0.00144136953168,0.0030179717578,-0.00256432243623,0.00120657472871],[-0.00036511948565,0.00323907984421,-0.00348947593011,-0.00137773191091,-0.000386653031455,-0.00362639175728,0.000759781280067,0.0157935470343,-0.006823934149,0.000732452026568,-0.00431979354471,0.00813325215131,-0.00545778265223],[0.000697354436852,-0.00650125648826,0.00605950783938,0.00137480336707,-0.00120442186017,0.000695990922395,-0.00617971923202,-0.006823934149,0.0320568308234,-0.0189889464527,0.00847530271858,-0.0139000713825,0.0114018889144],[-0.000778489513323,0.00630127824843,-0.00937628000975,-0.0000650208457955,0.005684427917,0.000675745133776,-0.00144136953168,0.000732452026568,-0.0189889464527,0.0463374070823,-0.0286224130541,0.0143422121182,-0.0108386417851],[0.00039255671436,-0.00442213006318,0.00378423510119,0.00317636644468,-0.00743926595896,0.00270280824043,0.0030179717578,-0.00431979354471,0.00847530271858,-0.0286224130541,0.0490487515926,-0.0231904853135,0.00298070721328],[-0.000122934041428,0.00453107757494,-0.00232144747861,-0.00654362887144,0.00705494266003,-0.00153520714957,-0.00256432243623,0.00813325215131,-0.0139000713825,0.0143422121182,-0.0231904853135,0.0436084829271,-0.016385961324],[0.0002114935196,-0.0036590595264,0.0023488085717,0.00462236488238,-0.00369570660405,-0.00117730384227,0.00120657472871,-0.00545778265223,0.0114018889144,-0.0108386417851,0.00298070721328,-0.016385961324,0.0324513725936]],"mean":[0.191858991981,109.820213318,-106.388198853,-16.4619350433,-3.42897415161,-17.7649097443,1.72939538956,-17.1299476624,6.2421169281,-4.33805036545,-0.201956421137,-5.12017440796,-0.339847117662]},"hfc":{"dmean":66.9303665161,"dmean2":108.181297302,"dvar":5699.88085938,"dvar2":14014.9169922,"max":1157.11169434,"mean":278.152679443,"median":254.570388794,"min":1.08740018508e-16,"var":26509.8320312},"melbands":{"dmean":[0.00266392179765,0.00139640108682,0.000503547606058,0.000324732653098,0.00028746688622,0.00034983587102,0.000193747968297,0.000146561942529,0.00015302959946,0.000172263229615,0.000131326072733,0.0000818349362817,0.0000602610052738,0.0000670758381602,0.0000594174925936,0.0000428622697655,0.0000461306008219,0.0000516040017828,0.0000434390603914,0.000024941195079,0.0000242837922997,0.000018984408598,0.0000128453093566,0.0000099603948911,0.00000797540815256,0.00000491227683597,0.00000368207997781,0.00000368676273865,0.00000278751713267,0.00000133376181566,9.39211247442e-7,6.250393767e-7,3.98230838528e-7,2.6622890914e-7,1.47831727304e-7,1.000293679e-7,5.40026192652e-8,3.74520432445e-8,2.94253155175e-8,2.36329036341e-8],"dmean2":[0.0044252127409,0.00239923573099,0.000851132441312,0.000537951360457,0.000466235505883,0.00056022987701,0.000318686041282,0.000241123736487,0.000256134429947,0.000286622875137,0.000218077344471,0.000136372225825,0.000101642886875,0.000113673740998,0.000100024801213,0.0000723136472516,0.0000781619310146,0.0000861391454237,0.000071778682468,0.0000415285321651,0.000040960519982,0.0000325760083797,0.0000214715728362,0.0000166044992511,0.0000133551047838,0.00000796926360636,0.00000577646324018,0.00000538681433682,0.00000401502711611,0.0000019128005988,0.00000139544670219,9.31935858262e-7,5.84318740948e-7,3.9522498696e-7,2.29863672985e-7,1.55612852382e-7,8.76271499806e-8,6.1951574537e-8,4.92117351314e-8,3.98177135708e-8],"dvar":[0.0000122506553453,0.00000355347469849,5.5196824178e-7,3.59905612868e-7,2.8474192959e-7,4.56885885569e-7,8.79832597889e-8,8.80692354599e-8,7.1860753792e-8,9.73787095404e-8,8.18912653244e-8,5.16759257607e-8,1.22649517209e-8,1.41599558745e-8,7.25679383251e-9,2.46333797804e-9,3.15607584511e-9,6.04506533719e-9,5.81281556222e-9,1.42864375885e-9,1.6813531678e-9,1.31597077679e-9,4.38448943818e-10,2.53677995277e-10,2.29125954321e-10,1.12378564787e-10,9.22257270553e-11,2.4114726882e-10,2.2687672574e-10,4.74745277812e-11,1.95429002842e-11,1.34966560497e-11,2.74877950263e-12,9.2800832123e-13,2.04966591117e-13,6.78847304975e-14,1.57360815323e-14,5.98419586928e-15,2.78645929911e-15,1.55261012177e-15],"dvar2":[0.0000331306400767,0.0000100369770735,0.00000148991114202,8.998448493e-7,6.97865232269e-7,0.00000109865641207,2.2009540146e-7,2.26501285283e-7,1.78350276769e-7,2.37492642441e-7,2.02812799444e-7,1.20175215557e-7,2.94772810605e-8,3.7327694713e-8,1.96559799548e-8,6.58663168451e-9,8.48404013709e-9,1.57974433534e-8,1.5027753264e-8,3.69396269129e-9,4.49767556532e-9,3.64575059031e-9,1.18040777153e-9,6.83472334284e-10,6.24525986481e-10,2.65985511394e-10,1.81796175336e-10,4.05403377535e-10,4.0061021167e-10,7.49999506944e-11,3.87972744209e-11,3.1884866275e-11,4.83811601892e-12,1.74469238969e-12,4.16071447044e-13,1.5159589892e-13,3.78187268286e-14,1.38413611559e-14,6.73870105496e-15,3.93051536075e-15],"max":[0.0511785857379,0.0307114664465,0.0106144249439,0.0151695962995,0.012673211284,0.020993033424,0.0101463599131,0.00913502741605,0.00650357734412,0.0113738896325,0.00979988835752,0.0109677100554,0.00388440489769,0.00388709548861,0.0023021067027,0.0012490209192,0.00123749265913,0.00218200660311,0.0027464304585,0.00133663765155,0.000955650350079,0.000480017595692,0.000231482743402,0.000210024954868,0.000321537430864,0.000327277375618,0.000404299324146,0.000566075497773,0.000676876516081,0.000292655429803,0.000207269884413,0.00025288874167,0.0000850556316436,0.0000413445995946,0.0000185255375982,0.0000103999227576,0.00000694774553267,0.00000363166191164,0.00000134023287046,6.95780158821e-7],"mean":[0.00428079627454,0.00201817159541,0.000722382217646,0.000456505949842,0.000451877451269,0.000569040537812,0.000317168683978,0.000218721688725,0.000237641783315,0.000272059463896,0.00019903066277,0.000130867178086,0.00010347890202,0.000114455615403,0.000106314342702,0.0000826125178719,0.0000887305213837,0.000100523633591,0.0000813354854472,0.0000455901063106,0.0000398142838094,0.0000288268474833,0.000022585667466,0.0000187425011973,0.0000142777071233,0.00000934167564992,0.00000737191430744,0.00000683101643517,0.00000507003505845,0.00000257675401372,0.00000177055278527,0.00000113065641472,7.04035073795e-7,4.11901993402e-7,2.17336094011e-7,1.37012264645e-7,6.43974118475e-8,3.87773653188e-8,3.06728651367e-8,2.45944313804e-8],"median":[0.0031455247663,0.00145392317791,0.000456203910289,0.000246880867053,0.000245489820372,0.000330093840603,0.000204145879252,0.00010792696412,0.000136037735501,0.00016550552391,0.000119056610856,0.0000802187641966,0.0000725416684872,0.0000758497844799,0.0000786761956988,0.0000687010397087,0.0000689183580107,0.000072384646046,0.0000522058689967,0.0000282783203147,0.000017774904336,0.0000132280993057,0.0000111211093099,0.00000857854956848,0.00000536166726306,0.00000289339345727,0.00000205245714824,0.00000189750505797,0.00000130507544327,6.88785803504e-7,4.9862336482e-7,3.41753349176e-7,2.11814821682e-7,1.26785508314e-7,8.28307449297e-8,5.60250974502e-8,2.58778865003e-8,1.37704985192e-8,1.19040768354e-8,1.05361248615e-8],"min":[1.26892270213e-24,2.11033840833e-24,1.11981369294e-24,1.55280287774e-24,2.29601220516e-24,5.11598828875e-25,1.02613448829e-24,3.18553669227e-24,2.92896895196e-24,3.24196312396e-24,2.31261437455e-24,3.32542973532e-24,3.97021229595e-24,2.6852154682e-24,2.86911491964e-24,2.23235093289e-24,3.79324515693e-24,4.9812917683e-24,4.36143879e-24,4.01669553036e-24,4.95869208666e-24,3.99620210734e-24,4.51402026629e-24,3.27806120176e-24,3.69149353864e-24,5.64157662901e-24,6.32475462762e-24,4.39651588458e-24,5.91558391457e-24,5.70706786136e-24,5.45185992004e-24,4.77337682711e-24,5.88146449712e-24,6.01291830622e-24,5.55871941269e-24,4.91283363009e-24,6.54279617625e-24,6.46620488211e-24,7.36217377116e-24,6.68108152079e-24],"var":[0.0000181970553967,0.00000472636565974,7.42476743198e-7,4.97713983805e-7,4.84225154196e-7,7.80521702382e-7,1.53671393832e-7,1.3940572785e-7,1.20210842169e-7,1.61517874631e-7,1.14578675436e-7,9.1571109806e-8,2.08907522392e-8,2.067480942e-8,1.18904095459e-8,4.19754631054e-9,5.94601834436e-9,1.21384715612e-8,1.10910871598e-8,2.7347553111e-9,2.74734524019e-9,1.66828162396e-9,7.98435428884e-10,5.42801470438e-10,3.89083154584e-10,2.38406072661e-10,2.33795593996e-10,6.11394990191e-10,5.18166176633e-10,1.24191046336e-10,3.99388994099e-11,1.86503226057e-11,6.11720873608e-12,1.98795667428e-12,3.52077118545e-13,9.7351299114e-14,2.06422606872e-14,7.59242132733e-15,3.18821591984e-15,1.59741202369e-15]},"melbands_crest":{"dmean":4.26727962494,"dmean2":7.03985452652,"dvar":13.6381168365,"dvar2":35.0906829834,"max":39.7162742615,"mean":15.9502220154,"median":14.7818870544,"min":1.80557465553,"var":50.3201446533},"melbands_flatness_db":{"dmean":0.0296632871032,"dmean2":0.0472429059446,"dvar":0.000620619335677,"dvar2":0.00157802831382,"max":0.538605570793,"mean":0.240028694272,"median":0.233186528087,"min":0.00303180282936,"var":0.00332494243048},"melbands_kurtosis":{"dmean":3.96403622627,"dmean2":6.59022188187,"dvar":89.5039520264,"dvar2":251.82862854,"max":378.712127686,"mean":6.23113107681,"median":3.39228248596,"min":-1.58551335335,"var":229.491912842},"melbands_skewness":{"dmean":0.638374984264,"dmean2":1.04156529903,"dvar":0.41122251749,"dvar2":1.08259916306,"max":18.6850757599,"mean":2.04201221466,"median":1.88292074203,"min":-0.487191647291,"var":1.74143648148},"melbands_spread":{"dmean":5.98372459412,"dmean2":9.76752948761,"dvar":40.2400627136,"dvar2":93.8950958252,"max":176.619857788,"mean":22.4577903748,"median":20.9820308685,"min":0.407447606325,"var":170.425704956},"mfcc":{"cov":[[8527.87011719,14.6381511688,-910.540893555,1895.43041992,76.0012969971,231.56401062,92.3104476929,371.136962891,-4.37833023071,15.623503685,43.8382339478,59.7436828613,9.35101509094],[14.6381511688,1032.54858398,-89.6303329468,-311.733795166,50.6962890625,1.27874743938,-29.4295043945,-79.3073120117,13.180059433,14.0512590408,12.2032527924,-19.342250824,-17.7279434204],[-910.540893555,-89.6303329468,441.094390869,-281.442718506,104.545639038,-7.06617879868,50.3295974731,-25.1584758759,33.3228759766,29.713891983,11.4693889618,9.76866436005,-1.12224280834],[1895.43041992,-311.733795166,-281.442718506,859.125366211,4.89993906021,131.031906128,55.5257072449,178.141952515,8.15378570557,16.7873935699,31.3802394867,42.6305923462,33.6822471619],[76.0012969971,50.6962890625,104.545639038,4.89993906021,185.246078491,20.7152385712,72.6670532227,26.5108242035,36.8648262024,13.315870285,22.8053760529,18.0680084229,0.77533018589],[231.56401062,1.27874743938,-7.06617879868,131.031906128,20.7152385712,112.816955566,31.7910881042,50.323387146,9.54639339447,15.387219429,2.91883802414,6.1864490509,8.07634067535],[92.3104476929,-29.4295043945,50.3295974731,55.5257072449,72.6670532227,31.7910881042,94.2978897095,36.2452545166,31.5228042603,12.2501487732,13.8432579041,9.38662052155,7.18201971054],[371.136962891,-79.3073120117,-25.1584758759,178.141952515,26.5108242035,50.323387146,36.2452545166,102.399803162,28.578207016,17.9153633118,10.3690891266,17.1437683105,8.84508514404],[-4.37833023071,13.180059433,33.3228759766,8.15378570557,36.8648262024,9.54639339447,31.5228042603,28.578207016,60.8753852844,24.2745609283,16.8754272461,11.0595445633,9.11497306824],[15.623503685,14.0512590408,29.713891983,16.7873935699,13.315870285,15.387219429,12.2501487732,17.9153633118,24.2745609283,49.9903297424,22.2192401886,12.58735466,6.18099069595],[43.8382339478,12.2032527924,11.4693889618,31.3802394867,22.8053760529,2.91883802414,13.8432579041,10.3690891266,16.8754272461,22.2192401886,47.6116752625,21.3866920471,12.810300827],[59.7436828613,-19.342250824,9.76866436005,42.6305923462,18.0680084229,6.1864490509,9.38662052155,17.1437683105,11.0595445633,12.58735466,21.3866920471,43.797454834,22.5027008057],[9.35101509094,-17.7279434204,-1.12224280834,33.6822471619,0.77533018589,8.07634067535,7.18201971054,8.84508514404,9.11497306824,6.18099069595,12.810300827,22.5027008057,46.4998207092]],"icov":[[0.0002829839068,-0.000199505433557,0.000135949972901,-0.000691737630405,-0.000182093848707,0.000289659103146,-0.0000086209638539,-0.000101430101495,0.000127342733322,-0.0000777950845077,0.000234337479924,-0.0000213528855966,0.000275880622212],[-0.000199505433557,0.00169949175324,0.00121944409329,0.00151821959298,-0.0010304285679,-0.00147033971734,0.000542451918591,0.00083388533676,-0.00057491089683,-0.000757946283557,-0.00085213384591,0.000256563827861,-0.0000280516414932],[0.000135949972901,0.00121944409329,0.00504660094157,0.00211274810135,-0.00253325141966,-0.00143211719114,-0.000959624769166,0.000306450354401,-0.0000044540579438,-0.00268535432406,0.0000527903648617,-0.000827805721201,0.000153776185471],[-0.000691737630405,0.00151821959298,0.00211274810135,0.00515413610265,-0.000397465686547,-0.00280796270818,-0.000489015714265,-0.00294004310854,0.00110134412535,-0.000330226699589,-0.00217787711881,-0.000604704720899,-0.00111475843005],[-0.000182093848707,-0.0010304285679,-0.00253325141966,-0.000397465686547,0.0101055791602,0.000416082213633,-0.0057095955126,-0.000401621422498,-0.00186329556163,0.00285368948244,-0.00189341825899,-0.00278099975549,0.00244138017297],[0.000289659103146,-0.00147033971734,-0.00143211719114,-0.00280796270818,0.000416082213633,0.0143113294616,-0.00279463082552,-0.00452243350446,0.00288395001553,-0.00310912984423,0.00315485429019,0.00165189686231,-0.00164071947802],[-0.0000086209638539,0.000542451918591,-0.000959624769166,-0.000489015714265,-0.0057095955126,-0.00279463082552,0.0192570053041,-0.00189968245104,-0.00519326981157,0.00166635809001,-0.00159562425688,0.00273033976555,-0.00157797511201],[-0.000101430101495,0.00083388533676,0.000306450354401,-0.00294004310854,-0.000401621422498,-0.00452243350446,-0.00189968245104,0.0216839127243,-0.00785309355706,-0.00196057977155,0.0029351869598,-0.00410279352218,0.00241309963167],[0.000127342733322,-0.00057491089683,-0.0000044540579438,0.00110134412535,-0.00186329556163,0.00288395001553,-0.00519326981157,-0.00785309355706,0.0279590636492,-0.00911743659526,-0.00211387942545,0.00150874454994,-0.0036330006551],[-0.0000777950845077,-0.000757946283557,-0.00268535432406,-0.000330226699589,0.00285368948244,-0.00310912984423,0.00166635809001,-0.00196057977155,-0.00911743659526,0.0322694331408,-0.0115895187482,-0.00208294228651,0.00220767478459],[0.000234337479924,-0.00085213384591,0.0000527903648617,-0.00217787711881,-0.00189341825899,0.00315485429019,-0.00159562425688,0.0029351869598,-0.00211387942545,-0.0115895187482,0.0346309021115,-0.0111829787493,-0.00179525581188],[-0.0000213528855966,0.000256563827861,-0.000827805721201,-0.000604704720899,-0.00278099975549,0.00165189686231,0.00273033976555,-0.00410279352218,0.00150874454994,-0.00208294228651,-0.0111829787493,0.0392088666558,-0.0152741167694],[0.000275880622212,-0.0000280516414932,0.000153776185471,-0.00111475843005,0.00244138017297,-0.00164071947802,-0.00157797511201,0.00241309963167,-0.0036330006551,0.00220767478459,-0.00179525581188,-0.0152741167694,0.0305843316019]],"mean":[-657.723083496,177.925369263,-37.6354293823,20.3278369904,1.57126402855,15.4726886749,-0.642164587975,3.01190257072,3.0616414547,7.55941820145,4.16933584213,1.70616889,1.30134963989]},"pitch_salience":{"dmean":0.0765818580985,"dmean2":0.125086262822,"dvar":0.00407612044364,"dvar2":0.0103809023276,"max":0.865820646286,"mean":0.567478954792,"median":0.584879696369,"min":0.0173606667668,"var":0.0185376554728},"silence_rate_20dB":{"dmean":0,"dmean2":0,"dvar":0,"dvar2":0,"max":1,"mean":1,"median":1,"min":1,"var":0},"silence_rate_30dB":{"dmean":0.0193747244775,"dmean2":0.0387537144125,"dvar":0.0189993493259,"dvar2":0.0495792776346,"max":1,"mean":0.98558062315,"median":1,"min":0,"var":0.0142117170617},"silence_rate_60dB":{"dmean":0.00638485234231,"dmean2":0.0127711109817,"dvar":0.00634522363544,"dvar2":0.0152548057958,"max":1,"mean":0.0461199767888,"median":0,"min":0,"var":0.0440013855696},"spectral_centroid":{"dmean":183.903823853,"dmean2":284.025360107,"dvar":53171.4492188,"dvar2":96211.8359375,"max":11605.7988281,"mean":1264.40478516,"median":1110.11328125,"min":387.889587402,"var":665033.5625},"spectral_complexity":{"dmean":3.55284023285,"dmean2":5.54574489594,"dvar":10.550409317,"dvar2":22.1236934662,"max":66,"mean":27.6066036224,"median":27,"min":0,"var":123.387138367},"spectral_contrast_coeffs":{"dmean":[0.0511886626482,0.0501238740981,0.0373591445386,0.0264437217265,0.0228363815695,0.0420200005174],"dmean2":[0.0864093974233,0.0836968645453,0.0637543946505,0.0451192595065,0.0380477830768,0.0670014470816],"dvar":[0.00163912156131,0.00150724395644,0.000848432362545,0.000419392134063,0.000382096448448,0.0013889062684],"dvar2":[0.00455152709037,0.00419216929004,0.00239448389038,0.00120502943173,0.00104902882595,0.0033981106244],"max":[-0.4093131423,-0.504872977734,-0.591543316841,-0.670935750008,-0.658433556557,-0.416135758162],"mean":[-0.720335185528,-0.76944822073,-0.806787073612,-0.813371419907,-0.807745397091,-0.750866234303],"median":[-0.725251615047,-0.77429920435,-0.811221599579,-0.814164638519,-0.804918289185,-0.758476138115],"min":[-0.984267354012,-0.970520019531,-0.975548088551,-0.97160166502,-0.968581974506,-0.966298520565],"var":[0.00511878868565,0.00379411433823,0.00200565322302,0.0010641484987,0.00154755020048,0.00682861404493]},"spectral_contrast_valleys":{"dmean":[0.388418883085,0.34627699852,0.28779053688,0.232358396053,0.272732913494,0.636542320251],"dmean2":[0.651477873325,0.581312477589,0.482194900513,0.381042271852,0.407764881849,1.03913497925],"dvar":[0.120735116303,0.0938616767526,0.066618360579,0.0521487928927,0.0995590537786,0.307398319244],"dvar2":[0.292403459549,0.218403324485,0.150679960847,0.104327403009,0.190763637424,0.756854832172],"max":[-5.0754737854,-4.30095481873,-4.99730157852,-5.43482923508,-5.23467111588,-8.88352394104],"mean":[-6.92311000824,-6.30146980286,-6.58930635452,-6.82985973358,-7.6774892807,-11.2825393677],"median":[-6.49603557587,-6.08914327621,-6.37414455414,-6.5675201416,-7.36044788361,-11.0763950348],"min":[-28.1136360168,-27.7121772766,-27.8080387115,-27.5338573456,-27.5997753143,-27.3793697357],"var":[3.42508625984,2.83428215981,2.72982907295,2.85084867477,3.36722421646,2.24121975899]},"spectral_decrease":{"dmean":3.08444625396e-9,"dmean2":5.08815745093e-9,"dvar":1.38255108203e-17,"dvar2":3.69619403234e-17,"max":5.21593390701e-9,"mean":-6.3301546227e-9,"median":-5.23201659774e-9,"min":-5.14653883954e-8,"var":3.07019962663e-17},"spectral_energy":{"dmean":0.0138524509966,"dmean2":0.0227318871766,"dvar":0.000244388502324,"dvar2":0.000648499408271,"max":0.223801359534,"mean":0.0491207800806,"median":0.048385437578,"min":1.01843793721e-20,"var":0.000748178747017},"spectral_energyband_high":{"dmean":0.00028224333073,"dmean2":0.000420823373133,"dvar":5.67758206671e-7,"dvar2":8.36089157019e-7,"max":0.0305621400476,"mean":0.00092951807892,"median":0.000410123291658,"min":6.85320591529e-21,"var":0.00000225784583563},"spectral_energyband_low":{"dmean":0.0100483549759,"dmean2":0.0168104376644,"dvar":0.000161172967637,"dvar2":0.000443989527412,"max":0.175214618444,"mean":0.0183015968651,"median":0.0152023136616,"min":1.61881531049e-23,"var":0.000251728692092},"spectral_energyband_middle_high":{"dmean":0.00218597357161,"dmean2":0.00344772962853,"dvar":0.00000823846585263,"dvar2":0.0000195886877918,"max":0.0822660252452,"mean":0.00763887306675,"median":0.00622310489416,"min":1.20605700003e-21,"var":0.0000392262991227},"spectral_energyband_middle_low":{"dmean":0.0041639492847,"dmean2":0.00664598494768,"dvar":0.0000322084597428,"dvar2":0.0000782598654041,"max":0.0980260819197,"mean":0.0110790971667,"median":0.00849679391831,"min":1.93218882203e-22,"var":0.000087669097411},"spectral_entropy":{"dmean":0.117743521929,"dmean2":0.181478410959,"dvar":0.0139400074258,"dvar2":0.0319396145642,"max":9.81782817841,"mean":7.52263021469,"median":7.58795690536,"min":6.17124271393,"var":0.125297158957},"spectral_flux":{"dmean":0.0225773882121,"dmean2":0.0360543504357,"dvar":0.000498655776028,"dvar2":0.00118563568685,"max":0.385911494493,"mean":0.120581232011,"median":0.121121443808,"min":6.45083500506e-11,"var":0.00216072122566},"spectral_kurtosis":{"dmean":6.91706943512,"dmean2":10.9715776443,"dvar":113.725311279,"dvar2":287.125,"max":211.390975952,"mean":29.0030136108,"median":23.611207962,"min":-1.24844503403,"var":368.173858643},"spectral_rms":{"dmean":0.000929156027269,"dmean2":0.0015067824861,"dvar":8.06612263204e-7,"dvar2":0.00000210065468309,"max":0.0147764263675,"mean":0.00655602058396,"median":0.00687061157078,"min":3.15213892314e-12,"var":0.00000494143841934},"spectral_rolloff":{"dmean":2793.15991211,"dmean2":5357.64550781,"dvar":37162640,"dvar2":98763912,"max":22050,"mean":18590.203125,"median":21404.0039062,"min":21.533203125,"var":45888796},"spectral_skewness":{"dmean":0.44218942523,"dmean2":0.67771178484,"dvar":0.313591241837,"dvar2":0.757643759251,"max":12.2958555222,"mean":3.61499762535,"median":3.24108886719,"min":-0.0597386062145,"var":1.80367279053},"spectral_spread":{"dmean":409922.03125,"dmean2":662409.5,"dvar":341067890688,"dvar2":693114896384,"max":42410844,"mean":3480058.5,"median":3260153.75,"min":1126786.625,"var":6761137307650},"spectral_strongpeak":{"dmean":9.66383934021,"dmean2":18.2267589569,"dvar":709.272155762,"dvar2":1901.79406738,"max":297.87612915,"mean":7.6101732254,"median":0.262294232845,"min":0,"var":627.273681641},"zerocrossingrate":{"dmean":0.0363063216209,"dmean2":0.0484518744051,"dvar":0.00106339156628,"dvar2":0.00184027501382,"max":0.6875,"mean":0.310528874397,"median":0.3046875,"min":0,"var":0.00863816775382}},"metadata":{"audio_properties":{"analysis_sample_rate":44100,"bit_rate":192000,"codec":"mp3","downmix":"mix","equal_loudness":0,"length":210.912658691,"lossless":false,"md5_encoded":"c0ac9d45284ccbd99d835946ae6bad59","replay_gain":-9.41132736206,"sample_rate":44100},"tags":{"album":["Queens of the Stone Age"],"albumartist":["Queens of the Stone Age"],"albumartistsort":["Queens of the Stone Age"],"artist":["Queens of the Stone Age"],"artistsort":["Queens of the Stone Age"],"asin":["B00000AGA0"],"barcode":["615695002125"],"catalognumber":["lg 0021-2"],"date":["1998"],"discnumber":["1/1"],"file_name":"06. Queens of the Stone Age - How to Handle a Rope.mp3","genre":["Stoner Rock"],"label":["Loosegroove"],"musicbrainz album release country":["US"],"musicbrainz album status":["official"],"musicbrainz album type":["album"],"musicbrainz_albumartistid":["7dc8f5bd-9d0b-4087-9f73-dc164950bbd8"],"musicbrainz_albumid":["e2aca259-58cd-4738-9b53-390513fdf541"],"musicbrainz_artistid":["7dc8f5bd-9d0b-4087-9f73-dc164950bbd8"],"musicbrainz_recordingid":["7352201b-b67f-48a1-8135-209b4eb0712c"],"musicip_puid":["5bfec5cc-6ae1-6993-8e8e-278c70ee4ecf"],"title":["How to Handle a Rope"],"tracknumber":["6/11"]},"version":{"essentia":"2.1-beta1","essentia_build_sha":"ca57ba49d9b1854bd80e60cf9ccf267278fb7d6b","essentia_git_sha":"v2.1_beta1-28-g21ef5f4-dirty","extractor":"music 1.0"}},"rhythm":{"beats_count":495,"beats_loudness":{"dmean":0.019203197211,"dmean2":0.0343919470906,"dvar":0.000260985339992,"dvar2":0.000783379829954,"max":0.116705402732,"mean":0.0518533326685,"median":0.0522890873253,"min":0,"var":0.000630565802567},"beats_loudness_band_ratio":{"dmean":[0.127899453044,0.0689434185624,0.0692842453718,0.0534868612885,0.0376209206879,0.0673490166664],"dmean2":[0.220269754529,0.12067232281,0.120964370668,0.093699015677,0.0673334896564,0.116227053106],"dvar":[0.0139599973336,0.00368302501738,0.00507598510012,0.00450574001297,0.000930423790123,0.00328947091475],"dvar2":[0.0345300100744,0.0100298495963,0.0145617686212,0.0124380951747,0.00290936743841,0.00940428487957],"max":[0.933070957661,0.372861891985,0.49521