{"lowlevel":{"average_loudness":0.923480689526,"barkbands":{"dmean":[0.0000128507117552,0.00182258256245,0.00156608654652,0.00143611093517,0.00174489966594,0.000841225031763,0.0016215502983,0.000522612826899,0.000516986532602,0.000317764061037,0.000528632896021,0.000506804848555,0.000389900320442,0.000183225536603,0.000353097188054,0.000290800788207,0.000265260052402,0.000197017943719,0.000117287745525,0.0000666284831823,0.0000314246717608,0.0000207407465496,0.0000108450221887,0.00000493706284033,0.00000235662969317,5.68336758988e-7,1.67440418863e-7],"dmean2":[0.0000220790589083,0.00304753216915,0.00256007933058,0.00237061292864,0.0028615440242,0.00136492657475,0.00256859348156,0.000820269517135,0.000806361378636,0.000487999030156,0.000822109461296,0.000772596278694,0.000591063813772,0.000286823749775,0.000554512720555,0.000450261024525,0.000418178125983,0.000305187597405,0.000176032161107,0.000101602818177,0.0000504215968249,0.0000325664623233,0.0000167272355611,0.00000762469608162,0.00000366397921425,9.01763655747e-7,2.88255648684e-7],"dvar":[5.67338176438e-10,0.00000578374556426,0.00000488509340357,0.00000559322961635,0.0000062371268541,0.00000383198948839,0.0000177634628926,0.00000391403045796,0.00000259307967099,5.91515288306e-7,0.00000216642138184,0.00000161648495123,7.89259672729e-7,2.92721324513e-7,5.39086158824e-7,4.40030106574e-7,3.15087248737e-7,1.17299613578e-7,4.43195133926e-8,1.57363650999e-8,3.01913183343e-9,1.76486547598e-9,6.45028586099e-10,3.14842513172e-10,1.13368259225e-10,2.82709771392e-12,3.65748636889e-13],"dvar2":[1.6015324622e-9,0.0000155863654072,0.0000130130820253,0.0000147734972415,0.0000166601148521,0.00000984159123618,0.0000426884835178,0.00000944756993704,0.00000578185472477,0.00000125892404412,0.00000510460176883,0.00000377857122658,0.00000169717020526,7.01682495219e-7,0.00000122620679122,9.83366362561e-7,7.49781975173e-7,2.56710478652e-7,9.12976361178e-8,3.53457743074e-8,7.53549311838e-9,4.18783407952e-9,1.54057266943e-9,6.31847352217e-10,2.60236193705e-10,6.84321653163e-12,9.98636937033e-13],"max":[0.000541280140169,0.029139585793,0.0292957499623,0.0501072742045,0.0362997874618,0.0592146553099,0.0773291736841,0.0981471315026,0.08282186836,0.0193858314306,0.0457825735211,0.0382607243955,0.0188290886581,0.0153704918921,0.0174065623432,0.0154264299199,0.017346739769,0.00831862725317,0.00606963085011,0.00418314291164,0.00143850885797,0.00123130856082,0.00046470639063,0.000816183397546,0.000527817057446,0.0000376631469408,0.0000158083221322],"mean":[0.0000170612493093,0.00553412688896,0.00503864418715,0.00289044831879,0.00346031691879,0.00146913516801,0.00261559709907,0.00085276295431,0.000862695334945,0.000571635086089,0.000924228748772,0.00101141643245,0.000752955209464,0.000298264494631,0.000628315319773,0.00056429381948,0.000494857260492,0.000421215838287,0.00028092841967,0.00014226687199,0.0000646551925456,0.0000392061301682,0.0000199353944481,0.00000823401842354,0.00000364779884876,9.17675322398e-7,2.77184369679e-7],"median":[0.00000874155648489,0.00452931039035,0.00344228814356,0.00151722424198,0.00208658142947,0.000667342275847,0.000534053018782,0.000193238345673,0.000306289526634,0.000149520128616,0.000207187578781,0.000196015651454,0.00016203726409,0.0000887685164344,0.000243014306761,0.000197362343897,0.000203410701943,0.000190240927623,0.000137067007017,0.0000649687863188,0.0000380684468837,0.0000191302060557,0.0000063623283495,0.00000186100180599,8.41309088173e-7,2.58764572436e-7,1.44966790572e-7],"min":[2.18038762968e-25,2.67598145687e-24,3.42535977518e-25,1.43280934405e-24,2.25128458069e-24,6.18083799952e-24,4.14723583853e-24,6.29868435243e-24,7.67190896155e-24,1.03118264588e-23,1.53338151668e-23,2.01373738122e-23,2.06107755523e-23,2.90866868152e-23,4.13608797176e-23,3.3444591114e-23,5.27119191897e-23,8.18650249377e-23,1.33785609354e-22,1.39764341979e-22,2.16223770139e-22,3.0061156594e-22,4.26261154219e-22,5.34027126937e-22,8.23271548021e-22,1.25826348657e-21,1.97430442706e-21],"var":[6.56358689621e-10,0.0000195818029169,0.0000214581541513,0.0000148982944665,0.0000167440630321,0.00000663496803099,0.0000388518637919,0.00000953966537054,0.00000723065750208,0.00000165629080584,0.0000058682717281,0.00000515285137226,0.0000026116558729,5.79030768222e-7,0.00000146093509557,0.00000123982408695,9.16888325264e-7,4.3561854568e-7,2.03281061317e-7,5.49884404677e-8,6.80956135923e-9,3.40006711674e-9,1.19738063908e-9,6.09730599344e-10,1.62242483337e-10,4.09634435747e-12,3.03390450783e-13]},"barkbands_crest":{"dmean":2.00725460052,"dmean2":3.22366833687,"dvar":3.81571984291,"dvar2":9.19902229309,"max":25.3007621765,"mean":10.5503482819,"median":9.90314006805,"min":3.25466632843,"var":15.2192668915},"barkbands_flatness_db":{"dmean":0.0178149566054,"dmean2":0.0262307599187,"dvar":0.000338289479259,"dvar2":0.00068190030288,"max":0.372485756874,"mean":0.177302747965,"median":0.173604488373,"min":0.0380987152457,"var":0.00241258717142},"barkbands_kurtosis":{"dmean":2.54424452782,"dmean2":3.82746744156,"dvar":23.5862846375,"dvar2":48.1968345642,"max":117.742530823,"mean":5.52912902832,"median":1.72626256943,"min":-1.89331817627,"var":111.138496399},"barkbands_skewness":{"dmean":0.426730573177,"dmean2":0.643667817116,"dvar":0.235308095813,"dvar2":0.49161952734,"max":9.87851047516,"mean":1.73524475098,"median":1.41813397408,"min":-2.19885134697,"var":1.91248440742},"barkbands_spread":{"dmean":3.50651884079,"dmean2":5.40775251389,"dvar":16.2696685791,"dvar2":36.0228691101,"max":117.257270813,"mean":18.19181633,"median":17.8238220215,"min":0.829032719135,"var":102.881820679},"dissonance":{"dmean":0.018215501681,"dmean2":0.0307559147477,"dvar":0.000318748730933,"dvar2":0.000865126552526,"max":0.500000059605,"mean":0.4633859694,"median":0.470122635365,"min":0.307612657547,"var":0.000737445021514},"dynamic_complexity":2.81448841095,"erbbands":{"dmean":[0.026737600565,0.499771237373,1.66585755348,2.99370646477,5.28476810455,7.20374250412,5.41458415985,7.23649311066,15.5252027512,24.3462924957,12.6105461121,11.5945854187,8.40755271912,16.031583786,15.5898160934,21.5041313171,18.144285202,9.22445297241,12.8106946945,20.5098056793,13.1535816193,13.7859430313,10.6779413223,6.63043165207,5.38318109512,2.7818980217,1.3977483511,1.20343136787,0.781831741333,0.505264699459,0.278622448444,0.130174964666,0.0695620924234,0.0343515835702,0.0129871740937,0.00347697548568,0.000898509752005,0.000190074992133,0.0000289075160254,0.00000826597624837],"dmean2":[0.0445266366005,0.837949156761,2.76194596291,4.97470521927,8.85023880005,11.7860574722,8.65769672394,11.8079385757,24.8410835266,37.4563331604,19.7644958496,18.0281257629,13.1706552505,24.7054195404,23.9206886292,32.3189659119,27.0660629272,14.0094137192,19.7310752869,31.9057807922,20.0955581665,21.3282737732,16.4344615936,10.1792459488,7.90132284164,4.28130531311,2.20414662361,1.94630742073,1.23790633678,0.782995998859,0.431606888771,0.2024435848,0.106733754277,0.053617041558,0.0199741087854,0.00545805180445,0.00144686712883,0.000317540980177,0.0000488902078359,0.0000131423603307],"dvar":[0.00146268238313,0.428165555,5.16833019257,16.6204509735,84.9658813477,126.58441925,137.73878479,308.989227295,1640.3762207,4705.79736328,2569.08959961,908.39453125,469.124786377,1807.86254883,1423.72973633,2915.68774414,1609.35400391,691.713317871,962.96862793,1912.56347656,779.32019043,809.693603516,350.56439209,121.504302979,109.346740723,26.6344718933,6.79252719879,4.49898719788,2.45966005325,1.46806550026,0.439189612865,0.164087444544,0.0818068236113,0.0279554761946,0.00231635733508,0.000123391248053,0.00000701588896845,3.93350717331e-7,9.93628024304e-9,1.39383227182e-10],"dvar2":[0.00384222366847,1.16175222397,14.0657558441,45.6439933777,229.301651001,332.123260498,340.261291504,816.776062012,4233.19580078,10748.9853516,5911.90820312,1996.1965332,1014.61517334,4278.58398438,3403.49438477,6429.23876953,3371.68310547,1659.20202637,2087.31665039,4348.46191406,1750.17712402,1829.99230957,779.005249023,273.001159668,214.343566895,63.9739303589,16.5618267059,11.4333229065,5.97091150284,3.45389199257,1.05608344078,0.352064728737,0.162808924913,0.0628794953227,0.00530518824235,0.000285754358629,0.0000177944275492,0.00000105256879124,2.69773892114e-8,3.47186279726e-10],"max":[0.586182594299,7.6898393631,29.2075977325,73.9219818115,134.610458374,216.884429932,383.108062744,495.639343262,987.132629395,1551.44152832,2704.18920898,1425.35510254,836.434570312,1594.03991699,975.647766113,1934.49621582,956.370483398,855.239562988,1071.98986816,993.522277832,635.729309082,811.154052734,573.813720703,273.674499512,297.949188232,140.48550415,44.0796203613,53.9903488159,41.7822685242,28.3206195831,12.5895395279,16.4205722809,12.8458127975,8.22554969788,2.28101110458,0.28541302681,0.0542444698513,0.0129407830536,0.00235298648477,0.000280513835605],"mean":[0.0813780277967,1.54890310764,5.70550918579,7.86037397385,9.72272586823,13.9155931473,10.7624807358,12.0391263962,24.6373767853,39.2814826965,22.6246547699,19.712053299,15.1082696915,32.2034454346,30.1240520477,46.2422676086,37.8978614807,18.5421943665,23.7745666504,40.6403961182,28.7239341736,26.8784065247,23.4959030151,16.7567749023,13.234744072,6.44332504272,2.90251708031,2.4525475502,1.49838221073,0.922981142998,0.514499127865,0.225936636329,0.112655118108,0.0523583367467,0.0202112887055,0.00556467054412,0.00144213752355,0.000290826195851,0.00005702861381,0.00003665184704],"median":[0.0588627271354,1.27312254906,4.10036802292,6.47289276123,6.16337919235,6.73854017258,5.09650659561,5.10021352768,6.75419425964,7.62959957123,6.22185659409,7.94732761383,6.25381803513,8.99962997437,10.7098693848,10.4991989136,9.61904907227,6.89042472839,8.62149047852,14.9809045792,11.9803819656,11.7244720459,10.9988203049,8.66108703613,5.62023305893,3.16619133949,1.6526414156,1.38826835155,0.743952810764,0.395587801933,0.161757901311,0.0585948228836,0.0243420414627,0.0114409895614,0.00524857128039,0.00151354121044,0.000418063660618,0.000104690305307,0.0000358373654308,0.0000336729790433],"min":[1.26151354302e-22,5.62251989524e-22,1.2944208315e-21,4.54002320116e-21,6.68759813664e-21,9.44941243419e-21,4.11399279317e-20,6.76798724826e-20,1.12955015237e-19,1.40623676814e-19,2.17596865318e-19,2.17447946958e-19,4.95289642909e-19,6.08855750748e-19,1.19414884816e-18,8.33136674855e-19,1.11779004805e-18,1.87113465797e-18,2.41649979891e-18,3.29985879636e-18,2.77913185035e-18,3.77302099599e-18,4.61281032262e-18,7.23898344961e-18,6.6254201623e-18,7.3916421132e-18,8.5562429325e-18,8.1208431822e-18,1.03258982457e-17,1.10593212446e-17,1.16389192552e-17,1.09680641979e-17,8.97589481831e-18,8.4769146574e-18,6.485224629e-18,4.17297150756e-18,2.1616320105e-18,8.26011185962e-19,2.4966906166e-19,2.6911599062e-20],"var":[0.00554980058223,1.36902832985,21.3312835693,42.5772743225,124.878242493,422.798980713,301.271179199,501.429199219,3190.08764648,10994.4140625,6850.32861328,2531.70629883,963.036010742,4919.61181641,3657.64428711,10417.7236328,5561.49072266,1840.59362793,3029.08520508,5913.93847656,2381.24072266,2220.30664062,1256.28796387,607.803771973,563.216491699,88.0725784302,14.2757940292,10.1472358704,4.6836476326,2.56013703346,0.82849407196,0.316230416298,0.150279730558,0.0409024320543,0.00350118777715,0.000185011682333,0.000009589624824,3.9875610014e-7,8.58174420415e-9,3.86562365451e-10]},"erbbands_crest":{"dmean":2.59937739372,"dmean2":4.16127252579,"dvar":6.95199251175,"dvar2":17.0917816162,"max":29.8137226105,"mean":10.1484479904,"median":8.96269035339,"min":2.39676165581,"var":25.0639724731},"erbbands_flatness_db":{"dmean":0.0135017717257,"dmean2":0.0201122220606,"dvar":0.000195018117665,"dvar2":0.000402533099987,"max":0.324421912432,"mean":0.187480345368,"median":0.1895365417,"min":0.0302331037819,"var":0.00149055256043},"erbbands_kurtosis":{"dmean":0.767831623554,"dmean2":1.22251749039,"dvar":1.13817083836,"dvar2":2.80460429192,"max":18.7199077606,"mean":0.360181152821,"median":-0.131166219711,"min":-1.78294599056,"var":3.48470592499},"erbbands_skewness":{"dmean":0.320545494556,"dmean2":0.494260191917,"dvar":0.0997924283147,"dvar2":0.231885954738,"max":3.82339334488,"mean":-0.0106720840558,"median":-0.0683957636356,"min":-3.33122944832,"var":0.698693275452},"erbbands_spread":{"dmean":5.64187955856,"dmean2":8.75466537476,"dvar":36.0266456604,"dvar2":78.4504394531,"max":123.799354553,"mean":34.9174156189,"median":32.688243866,"min":6.20510959625,"var":227.358413696},"gfcc":{"cov":[[26964.8222656,2528.59936523,-3694.87695312,1110.41662598,-1041.86010742,135.276763916,-622.456726074,-54.1165504456,-359.359313965,-170.788040161,-239.030227661,-171.246749878,-254.722915649],[2528.59936523,961.119384766,-379.213287354,-71.3103637695,105.128700256,-117.466423035,69.345993042,-74.9400100708,6.64339017868,-76.39427948,-25.9498062134,-6.29051971436,-4.70369100571],[-3694.87695312,-379.213287354,908.01739502,-82.785484314,63.7934761047,3.40338158607,18.7112560272,59.7700881958,36.0501937866,54.0348243713,42.1980400085,7.57339334488,18.0972766876],[1110.41662598,-71.3103637695,-82.785484314,291.095336914,4.28359079361,32.5645828247,-64.9436264038,1.37978458405,15.3617334366,17.9991798401,-35.5887527466,-28.6763381958,2.95791506767],[-1041.86010742,105.128700256,63.7934761047,4.28359079361,332.388793945,11.5725154877,87.7093963623,-28.3157138824,36.1316299438,1.814453125,-46.6443557739,13.319729805,49.2978286743],[135.276763916,-117.466423035,3.40338158607,32.5645828247,11.5725154877,167.12336731,53.8881835938,21.7437438965,-26.7274875641,10.8086395264,10.8984508514,9.18000030518,-14.7209262848],[-622.456726074,69.345993042,18.7112560272,-64.9436264038,87.7093963623,53.8881835938,195.972610474,11.8025827408,-11.7095565796,-11.870806694,10.2987451553,31.0413837433,0.105229578912],[-54.1165504456,-74.9400100708,59.7700881958,1.37978458405,-28.3157138824,21.7437438965,11.8025827408,136.372619629,46.5130271912,16.0959339142,20.8157978058,-8.89682579041,3.01570510864],[-359.359313965,6.64339017868,36.0501937866,15.3617334366,36.1316299438,-26.7274875641,-11.7095565796,46.5130271912,140.240463257,31.8538455963,-11.8575792313,-5.53188991547,14.4179391861],[-170.788040161,-76.39427948,54.0348243713,17.9991798401,1.814453125,10.8086395264,-11.870806694,16.0959339142,31.8538455963,85.9544830322,29.0923099518,-7.49692821503,-9.63506793976],[-239.030227661,-25.9498062134,42.1980400085,-35.5887527466,-46.6443557739,10.8984508514,10.2987451553,20.8157978058,-11.8575792313,29.0923099518,118.884986877,1.0691640377,-35.444858551],[-171.246749878,-6.29051971436,7.57339334488,-28.6763381958,13.319729805,9.18000030518,31.0413837433,-8.89682579041,-5.53188991547,-7.49692821503,1.0691640377,96.312461853,34.1935272217],[-254.722915649,-4.70369100571,18.0972766876,2.95791506767,49.2978286743,-14.7209262848,0.105229578912,3.01570510864,14.4179391861,-9.63506793976,-35.444858551,34.1935272217,78.9096069336]],"icov":[[0.000888518756256,-0.00274100294337,0.00209641619585,-0.00252877664752,0.0023596205283,-0.00227452721447,0.00257601914927,-0.00251019047573,0.00263074669056,-0.00207584910095,0.00219920813106,-0.00117669266183,0.00127640157007],[-0.00274100294337,0.010190914385,-0.00573501270264,0.00808613654226,-0.00788855180144,0.00828779023141,-0.00862401910126,0.00817347876728,-0.00851781666279,0.0074384980835,-0.00710754143074,0.00388551107608,-0.00346656842157],[0.00209641619585,-0.00573501270264,0.00650765141472,-0.00542838452384,0.00497615011409,-0.00485898321494,0.00597107969224,-0.00626177992672,0.00610786024481,-0.00516411056742,0.00476209446788,-0.00263139256276,0.00288529740646],[-0.00252877664752,0.00808613654226,-0.00542838452384,0.0116668855771,-0.00717280851677,0.00518049672246,-0.00571245001629,0.00707291485742,-0.00775793101639,0.00507349986583,-0.00512196822092,0.0042833769694,-0.00380829139613],[0.0023596205283,-0.00788855180144,0.00497615011409,-0.00717280851677,0.0110323959962,-0.00672739185393,0.0045678797178,-0.00491439457983,0.00569764478132,-0.00632186932489,0.00678083347157,-0.00205015996471,0.000429946754593],[-0.00227452721447,0.00828779023141,-0.00485898321494,0.00518049672246,-0.00672739185393,0.014697083272,-0.0093193417415,0.00483284238726,-0.004698459059,0.00454401178285,-0.00540838344023,0.00189806800336,-0.000994181027636],[0.00257601914927,-0.00862401910126,0.00597107969224,-0.00571245001629,0.0045678797178,-0.0093193417415,0.0156809408218,-0.00883230101317,0.00830845721066,-0.00523344380781,0.00607370445505,-0.00568285165355,0.00540410215035],[-0.00251019047573,0.00817347876728,-0.00626177992672,0.00707291485742,-0.00491439457983,0.00483284238726,-0.00883230101317,0.0174350105226,-0.0116636697203,0.00665086321533,-0.00830297917128,0.00552452169359,-0.00630781427026],[0.00263074669056,-0.00851781666279,0.00610786024481,-0.00775793101639,0.00569764478132,-0.004698459059,0.00830845721066,-0.0116636697203,0.0182615537196,-0.0102989161387,0.00843239855021,-0.00395240774378,0.0037792341318],[-0.00207584910095,0.0074384980835,-0.00516411056742,0.00507349986583,-0.00632186932489,0.00454401178285,-0.00523344380781,0.00665086321533,-0.0102989161387,0.0210319980979,-0.00961302407086,0.00332398619503,-0.00202187895775],[0.00219920813106,-0.00710754143074,0.00476209446788,-0.00512196822092,0.00678083347157,-0.00540838344023,0.00607370445505,-0.00830297917128,0.00843239855021,-0.00961302407086,0.0178618505597,-0.00501703098416,0.00832206197083],[-0.00117669266183,0.00388551107608,-0.00263139256276,0.0042833769694,-0.00205015996471,0.00189806800336,-0.00568285165355,0.00552452169359,-0.00395240774378,0.00332398619503,-0.00501703098416,0.0160243529826,-0.00976180844009],[0.00127640157007,-0.00346656842157,0.00288529740646,-0.00380829139613,0.000429946754593,-0.000994181027636,0.00540410215035,-0.00630781427026,0.0037792341318,-0.00202187895775,0.00832206197083,-0.00976180844009,0.0228779502213]],"mean":[-47.7581939697,138.274047852,-127.620391846,41.0375404358,-33.5873374939,0.579549610615,-22.9929008484,0.0549045540392,-16.0773868561,-7.41507959366,-12.2946605682,-3.5857629776,-11.2359018326]},"hfc":{"dmean":3.85408735275,"dmean2":5.59517860413,"dvar":27.6728172302,"dvar2":57.6980133057,"max":101.413208008,"mean":16.2550487518,"median":13.5576677322,"min":1.05471159546e-16,"var":171.660354614},"melbands":{"dmean":[0.000373957591364,0.000772975443397,0.000579641957302,0.000430269486969,0.000210001977393,0.000162679076311,0.000273072626442,0.000228086661082,0.0000997035967885,0.0000722788681742,0.0000427993145422,0.000063648512878,0.0000673999238643,0.0000533404272574,0.00005040389442,0.0000360147641913,0.000016515083189,0.000020650557417,0.0000265923335974,0.0000248572232522,0.0000170208859345,0.0000166747413459,0.000012460389371,0.0000096978737929,0.00000559070849704,0.00000435989841208,0.00000345312082572,0.00000172706575086,9.64720925367e-7,8.69596988196e-7,6.77703667407e-7,4.99289512845e-7,3.78078851782e-7,2.66806637228e-7,1.82266163051e-7,1.08077315986e-7,7.44630099803e-8,5.31606261234e-8,3.9516354633e-8,2.67121542663e-8],"dmean2":[0.000623009866104,0.00129285629373,0.000958873308264,0.000709851970896,0.000335639779223,0.000264155387413,0.000434838031651,0.000352054543328,0.000157089496497,0.000112413865281,0.0000671371235512,0.0000979958058451,0.000103756334283,0.0000812859725556,0.0000752094056224,0.0000542431007489,0.0000253080543189,0.0000322510932165,0.0000416779403167,0.0000382650578103,0.0000263849888142,0.0000261016612058,0.000019718783733,0.0000150493015099,0.00000879829894984,0.00000657088230582,0.00000522292248206,0.00000273518753602,0.0000015414916561,0.00000140520603509,0.00000110073528958,8.00820657787e-7,5.98445637934e-7,4.15944271026e-7,2.85972930669e-7,1.69819884377e-7,1.16707653319e-7,8.23320505106e-8,6.20822717678e-8,4.19295673737e-8],"dvar":[2.57415138094e-7,9.47954276853e-7,7.59872307299e-7,3.80748815587e-7,1.4283159544e-7,1.50367171159e-7,4.83125916162e-7,3.97190206058e-7,1.7695465715e-7,3.36104086784e-8,1.21090675265e-8,2.77751528444e-8,3.19947055516e-8,1.98920719896e-8,1.28654162879e-8,7.7103763374e-9,2.36744446269e-9,2.93460233891e-9,3.35055361234e-9,3.42590222857e-9,1.63007840559e-9,1.49844237018e-9,4.90076146331e-10,3.38727018656e-10,9.11633338263e-11,6.9971084482e-11,4.7088732219e-11,1.22769737085e-11,3.44089080145e-12,2.49314197759e-12,1.47352984849e-12,9.79440595468e-13,7.59105072638e-13,4.06331489722e-13,1.88668579457e-13,8.12047301689e-14,6.48004802486e-14,4.64661675022e-14,3.41507184131e-14,1.76692055355e-14],"dvar2":[6.77642503888e-7,0.00000265301810032,0.00000204893558475,0.00000103677325569,3.50413074557e-7,3.92150241169e-7,0.00000121923358165,9.1601953045e-7,4.00080011786e-7,7.42892751759e-8,2.62604444856e-8,6.49677502906e-8,7.39857028975e-8,4.81630522131e-8,2.65554955803e-8,1.7188929391e-8,5.5617017658e-9,6.50935216839e-9,8.09668865287e-9,7.65930696645e-9,3.75942699193e-9,3.40439143542e-9,1.21532883757e-9,7.50826900653e-10,2.12808728972e-10,1.43131895225e-10,9.35660299239e-11,3.11722973823e-11,8.51476961855e-12,6.29077736083e-12,3.80680209577e-12,2.44418027484e-12,1.82965686872e-12,9.67651089465e-13,4.61913818826e-13,1.87642571836e-13,1.37008040004e-13,9.19536731372e-14,7.43383151802e-14,4.12565083008e-14],"max":[0.0065271127969,0.0120937945321,0.017209071666,0.00908254273236,0.0101737054065,0.01092293486,0.0158774293959,0.0148220062256,0.0207531116903,0.00778117030859,0.00407024007291,0.00609598774463,0.00546179525554,0.00363930524327,0.00392540730536,0.00213094707578,0.00152195245028,0.00156693160534,0.00119368277956,0.00153746211436,0.000996509799734,0.00122202280909,0.000409536471125,0.000507065560669,0.000244556780672,0.000315500772558,0.000271707045613,0.000112265588541,0.0000290759217023,0.0000558762294531,0.0000194198219106,0.0000232977799897,0.0000245730843744,0.0000134323900056,0.00000772594830778,0.00000894206368685,0.0000114452268463,0.0000102103249446,0.00000663701894155,0.0000070667183536],"mean":[0.00116794474889,0.00274369399995,0.00146757334005,0.000848921248689,0.000436351954704,0.000272696022876,0.000437962269643,0.000368747190805,0.00017862234381,0.000118233539979,0.0000717373768566,0.000125358885271,0.000120134187455,0.000102617224911,0.000107538056909,0.0000684195329086,0.0000290338903142,0.0000348677531292,0.0000484782831336,0.000047674162488,0.0000319190512528,0.0000292555669148,0.0000228718545259,0.0000201107031899,0.0000127688044813,0.0000099721364677,0.00000781727158028,0.00000344175668943,0.00000177048639216,0.00000167781934124,0.00000128524038701,8.86148484369e-7,6.41778058252e-7,4.59839355926e-7,3.22789105667e-7,1.84435421602e-7,1.20281612226e-7,8.41395646489e-8,5.81917767306e-8,3.89754042374e-8],"median":[0.000959672033787,0.00246301479638,0.00118009687867,0.000534939346835,0.000224122573854,0.000114223483251,0.00010941833898,0.0000746184159652,0.000043831536459,0.0000440530566266,0.000025594874387,0.0000323634812958,0.0000321807019645,0.0000211749902519,0.0000233857008425,0.000016020700059,0.00000897497375263,0.0000103655711428,0.0000183838492376,0.0000166817444551,0.0000121072416732,0.0000111014242066,0.0000102357953438,0.00000844212991069,0.00000635737842458,0.00000439665018348,0.00000289219633487,0.00000168010137713,8.76807519035e-7,9.26924883515e-7,6.71958844123e-7,4.06812489473e-7,2.82809082819e-7,1.54420504828e-7,9.88768960042e-8,4.84785047661e-8,2.69982471934e-8,1.69351093149e-8,1.15960192559e-8,8.27317592211e-9],"min":[1.33285396204e-24,1.18232352411e-24,1.07273970032e-24,7.84378942684e-25,1.52235235376e-24,1.38155606496e-24,1.60783825183e-24,1.86142932412e-24,1.5330903284e-24,1.02268006639e-24,2.21416256143e-24,1.98355899453e-24,2.83023807929e-24,2.14327078732e-24,2.64038174194e-24,2.21211743953e-24,2.91798189449e-24,3.28241867219e-24,3.14186002774e-24,3.44767477664e-24,2.30563709706e-24,3.46635381958e-24,2.64838374975e-24,3.77587720081e-24,4.20724488202e-24,4.60427975891e-24,3.94954256252e-24,4.08850238312e-24,4.00140503944e-24,4.21660353337e-24,4.76402882538e-24,5.01764563426e-24,5.48047861039e-24,4.589082748e-24,5.40250286535e-24,4.64386085483e-24,6.13498703712e-24,5.08513820673e-24,6.10026729653e-24,5.91350723823e-24],"var":[9.51021888795e-7,0.00000307843720293,0.00000165917651884,8.94174775112e-7,4.18230854393e-7,2.5931197456e-7,9.77650302048e-7,9.1514198175e-7,4.90905676997e-7,8.51066488394e-8,2.43761189012e-8,7.72473214283e-8,8.61451354695e-8,5.7364744066e-8,4.59295712574e-8,2.36880914883e-8,5.5646856012e-9,8.44489367324e-9,8.16563172634e-9,9.62849178165e-9,3.80476850026e-9,3.79893272395e-9,1.2171559316e-9,1.23964971621e-9,3.86802728736e-10,3.15921871996e-10,2.31828806152e-10,2.66694791251e-11,6.31499930473e-12,5.39870622165e-12,3.00940110505e-12,1.78026376193e-12,1.19918734231e-12,7.08862439233e-13,3.37453399642e-13,1.57284301143e-13,1.17143857006e-13,8.56515921556e-14,5.31092368434e-14,2.38228372169e-14]},"melbands_crest":{"dmean":2.53337454796,"dmean2":4.1133980751,"dvar":6.05287694931,"dvar2":15.297542572,"max":31.7266712189,"mean":15.2173709869,"median":14.6521615982,"min":1.61706614494,"var":28.8792114258},"melbands_flatness_db":{"dmean":0.0216334573925,"dmean2":0.0315532013774,"dvar":0.000554088095669,"dvar2":0.00110905733891,"max":0.50335496664,"mean":0.25382605195,"median":0.249392002821,"min":0.00377155467868,"var":0.00502493744716},"melbands_kurtosis":{"dmean":5.95517206192,"dmean2":8.96947956085,"dvar":114.446998596,"dvar2":241.863082886,"max":265.857299805,"mean":16.0043392181,"median":6.77224445343,"min":-1.51744437218,"var":538.547241211},"melbands_skewness":{"dmean":0.586395978928,"dmean2":0.889345109463,"dvar":0.448635607958,"dvar2":0.945402681828,"max":13.3434066772,"mean":2.92794704437,"median":2.39942526817,"min":-0.347164779902,"var":3.23371648788},"melbands_spread":{"dmean":4.42738771439,"dmean2":6.8783197403,"dvar":29.8512268066,"dvar2":72.464012146,"max":163.554077148,"mean":20.1005954742,"median":16.7944583893,"min":0.809087157249,"var":354.686920166},"mfcc":{"cov":[[9057.27441406,971.54876709,-854.199707031,289.273925781,-249.289398193,60.9886398315,-116.81414032,87.8600006104,-218.092147827,0.299887955189,-4.49627971649,-74.127281189,-31.4964485168],[971.54876709,1383.57531738,-270.292419434,155.026138306,2.9612326622,50.8073921204,34.7151374817,75.8221817017,42.6194229126,-74.2347259521,9.48991107941,-12.0190258026,1.87196719646],[-854.199707031,-270.292419434,551.235107422,-36.7292518616,31.5965938568,-73.7563934326,-5.14818382263,-31.4523601532,-41.7415466309,70.8455963135,-7.6914191246,24.0992202759,10.901432991],[289.273925781,155.026138306,-36.7292518616,246.708999634,77.8024215698,45.139175415,-27.9009151459,-17.16796875,60.1918296814,-9.30899143219,-11.8485422134,-0.138721302152,-7.98602104187],[-249.289398193,2.9612326622,31.5965938568,77.8024215698,198.144470215,21.8491134644,-18.5048904419,-21.4752101898,48.8921394348,41.8082733154,-15.7091245651,2.38532924652,-8.79603767395],[60.9886398315,50.8073921204,-73.7563934326,45.139175415,21.8491134644,174.293121338,49.7842521667,17.9679870605,35.931842804,-47.6588096619,22.8517494202,-1.70568454266,-8.70516777039],[-116.81414032,34.7151374817,-5.14818382263,-27.9009151459,-18.5048904419,49.7842521667,180.139068604,45.1792449951,-22.9536743164,0.927035450935,15.4932575226,5.96953868866,10.2919397354],[87.8600006104,75.8221817017,-31.4523601532,-17.16796875,-21.4752101898,17.9679870605,45.1792449951,122.458259583,35.776763916,-15.4681377411,10.4989385605,6.24511051178,18.5969676971],[-218.092147827,42.6194229126,-41.7415466309,60.1918296814,48.8921394348,35.931842804,-22.9536743164,35.776763916,189.122070312,-18.0356903076,-20.5154418945,14.9606256485,1.45821678638],[0.299887955189,-74.2347259521,70.8455963135,-9.30899143219,41.8082733154,-47.6588096619,0.927035450935,-15.4681377411,-18.0356903076,155.326126099,29.2869091034,1.19727146626,1.62560248375],[-4.49627971649,9.48991107941,-7.6914191246,-11.8485422134,-15.7091245651,22.8517494202,15.4932575226,10.4989385605,-20.5154418945,29.2869091034,99.7022247314,21.9547767639,8.44480323792],[-74.127281189,-12.0190258026,24.0992202759,-0.138721302152,2.38532924652,-1.70568454266,5.96953868866,6.24511051178,14.9606256485,1.19727146626,21.9547767639,74.8635253906,30.7705307007],[-31.4964485168,1.87196719646,10.901432991,-7.98602104187,-8.79603767395,-8.70516777039,10.2919397354,18.5969676971,1.45821678638,1.62560248375,8.44480323792,30.7705307007,75.7802963257]],"icov":[[0.000173107371666,-0.0000610956558376,0.000247946154559,-0.000276316073723,0.000292628683383,-0.000147565879161,0.000254987709923,-0.000265308626695,0.000395893235691,-0.000314102217089,0.000259892141912,-0.000108923683001,0.0000705488928361],[-0.0000610956558376,0.000925978005398,0.00027858602698,-0.000532602192834,-0.00014190156071,0.00030983806937,-0.000271512690233,-0.000417820119765,-0.0000293397533824,0.000430355023127,-0.000306502362946,0.000165882069268,-0.0000278065072052],[0.000247946154559,0.00027858602698,0.00260260677896,-0.000408698368119,0.0000350859918399,0.000440016796347,0.00016668785247,-0.000299647421343,0.000972563051619,-0.00100564816967,0.000746975361835,-0.000964243488852,0.0000953642593231],[-0.000276316073723,-0.000532602192834,-0.000408698368119,0.00604692008346,-0.00204701093026,-0.000978982658125,0.000316698540701,0.00153777294327,-0.00171978562139,0.000516721629538,-0.0000989927866613,0.000115583839943,-0.000189991958905],[0.000292628683383,-0.00014190156071,0.0000350859918399,-0.00204701093026,0.00756204174832,-0.0017674381379,0.000812160724308,0.00042277405737,-0.000582859735005,-0.00322447554208,0.0021742307581,-0.000819133128971,0.000535725441296],[-0.000147565879161,0.00030983806937,0.000440016796347,-0.000978982658125,-0.0017674381379,0.00915541313589,-0.0031395656988,0.000540171400644,-0.00177504424937,0.00375668262132,-0.00389611744322,0.00136390468106,0.000738875824027],[0.000254987709923,-0.000271512690233,0.00016668785247,0.000316698540701,0.000812160724308,-0.0031395656988,0.00778517872095,-0.00310174352489,0.00226721446961,-0.00168832787313,0.00125545449555,-0.00102784240153,-0.000170401443029],[-0.000265308626695,-0.000417820119765,-0.000299647421343,0.00153777294327,0.00042277405737,0.000540171400644,-0.00310174352489,0.0115942945704,-0.00371779478155,0.00117846706416,-0.00180056935642,0.00132827123161,-0.00250015011989],[0.000395893235691,-0.0000293397533824,0.000972563051619,-0.00171978562139,-0.000582859735005,-0.00177504424937,0.00226721446961,-0.00371779478155,0.00839404109865,-0.000861945154611,0.00273407390341,-0.00261156028137,0.000789724697825],[-0.000314102217089,0.000430355023127,-0.00100564816967,0.000516721629538,-0.00322447554208,0.00375668262132,-0.00168832787313,0.00117846706416,-0.000861945154611,0.0100809670985,-0.0048245457001,0.00188650924247,-0.000372738722945],[0.000259892141912,-0.000306502362946,0.000746975361835,-0.0000989927866613,0.0021742307581,-0.00389611744322,0.00125545449555,-0.00180056935642,0.00273407390341,-0.0048245457001,0.0143935810775,-0.00506874918938,0.000578925828449],[-0.000108923683001,0.000165882069268,-0.000964243488852,0.000115583839943,-0.000819133128971,0.00136390468106,-0.00102784240153,0.00132827123161,-0.00261156028137,0.00188650924247,-0.00506874918938,0.0184453725815,-0.00693834433332],[0.0000705488928361,-0.0000278065072052,0.0000953642593231,-0.000189991958905,0.000535725441296,0.000738875824027,-0.000170401443029,-0.00250015011989,0.000789724697825,-0.000372738722945,0.000578925828449,-0.00693834433332,0.0167216602713]],"mean":[-674.390991211,160.037521362,-22.8568668365,44.853553772,6.97423028946,11.1457233429,0.637840688229,10.4146499634,-0.138595864177,-1.19376969337,-0.721347212791,0.0310131516308,2.138671875]},"pitch_salience":{"dmean":0.0613932311535,"dmean2":0.09921746701,"dvar":0.00324046937749,"dvar2":0.00797202438116,"max":0.829473018646,"mean":0.498299211264,"median":0.491754233837,"min":0.106573574245,"var":0.0118391057476},"silence_rate_20dB":{"dmean":0,"dmean2":0,"dvar":0,"dvar2":0,"max":1,"mean":1,"median":1,"min":1,"var":0},"silence_rate_30dB":{"dmean":0.000969696964603,"dmean2":0.00193962908816,"dvar":0.000968768610619,"dvar2":0.00217836699449,"max":1,"mean":0.999030411243,"median":1,"min":0,"var":0.00096865138039},"silence_rate_60dB":{"dmean":0.00169696973171,"dmean2":0.00339435087517,"dvar":0.00169407122303,"dvar2":0.00435256818309,"max":1,"mean":0.037450004369,"median":0,"min":0,"var":0.0360481180251},"spectral_centroid":{"dmean":185.624557495,"dmean2":286.304168701,"dvar":55447.203125,"dvar2":120161.148438,"max":11720.9140625,"mean":1266.58251953,"median":1082.82263184,"min":171.330337524,"var":1875425},"spectral_complexity":{"dmean":3.49018192291,"dmean2":5.20329713821,"dvar":15.3215446472,"dvar2":29.8270988464,"max":51,"mean":17.3006916046,"median":17,"min":0,"var":79.9550628662},"spectral_contrast_coeffs":{"dmean":[0.0439112782478,0.047290995717,0.0384101606905,0.0301361940801,0.0221048146486,0.0169040020555],"dmean2":[0.0731986165047,0.0774136409163,0.0619394779205,0.0478809177876,0.0346274226904,0.0266156084836],"dvar":[0.00142303737812,0.00155676738359,0.00103501300327,0.000631034257822,0.000391905370634,0.000260071567027],"dvar2":[0.00387696060352,0.00392148690298,0.00260335858911,0.00149246316869,0.000893824268132,0.000590298674069],"max":[-0.356706857681,-0.373126268387,-0.484515398741,-0.557204663754,-0.577770352364,-0.568753421307],"mean":[-0.621253013611,-0.723780870438,-0.767759978771,-0.765462815762,-0.771177351475,-0.725083053112],"median":[-0.624422371387,-0.732043385506,-0.779328227043,-0.769551575184,-0.775033414364,-0.721421480179],"min":[-0.978637039661,-0.980649292469,-0.977255165577,-0.971476078033,-0.966775238514,-0.967680990696],"var":[0.00817696005106,0.00808048993349,0.0060265972279,0.00466216402128,0.00310470932163,0.00314005441032]},"spectral_contrast_valleys":{"dmean":[0.357421696186,0.367532342672,0.335153788328,0.295869022608,0.242373198271,0.249213188887],"dmean2":[0.597455382347,0.591855585575,0.530297100544,0.449044585228,0.351811736822,0.346135884523],"dvar":[0.128240555525,0.123739168048,0.112266242504,0.0978697836399,0.0988931134343,0.141651526093],"dvar2":[0.300692409277,0.278574168682,0.234485849738,0.183913424611,0.178549319506,0.278075814247],"max":[-5.47503614426,-4.81486845016,-5.3746471405,-6.00722980499,-5.97316455841,-8.21831130981],"mean":[-7.34854221344,-7.18651437759,-7.71605157852,-8.06377792358,-8.06157493591,-11.6433935165],"median":[-6.87667655945,-6.79242897034,-7.33272314072,-7.64920663834,-7.6350903511,-11.3920488358],"min":[-28.3488464355,-27.9775772095,-27.7475242615,-27.7130661011,-27.5077857971,-27.409412384],"var":[7.53428268433,7.65265130997,7.24849891663,7.27723455429,7.23193454742,5.03863620758]},"spectral_decrease":{"dmean":1.5930359254e-9,"dmean2":2.54453902393e-9,"dvar":3.72599288303e-18,"dvar2":9.30701025443e-18,"max":2.52115544559e-28,"mean":-7.28458182664e-9,"median":-6.84526701988e-9,"min":-3.22560644861e-8,"var":1.37197334451e-17},"spectral_energy":{"dmean":0.00628008833155,"dmean2":0.00998326297849,"dvar":0.000058387977333,"dvar2":0.000144560835906,"max":0.130940005183,"mean":0.0289679821581,"median":0.0271114278585,"min":9.64490251635e-21,"var":0.000224017436267},"spectral_energyband_high":{"dmean":0.0000792810023995,"dmean2":0.000120974131278,"dvar":2.49922962325e-8,"dvar2":5.91293023433e-8,"max":0.00397747103125,"mean":0.000184353441,"median":0.000111946923425,"min":6.76875271345e-21,"var":5.5835627677e-8},"spectral_energyband_low":{"dmean":0.00302453013137,"dmean2":0.00506891263649,"dvar":0.0000123846839415,"dvar2":0.0000351456801582,"max":0.0389734618366,"mean":0.0120289893821,"median":0.0124305458739,"min":1.47044114495e-23,"var":0.0000324408028973},"spectral_energyband_middle_high":{"dmean":0.00159611029085,"dmean2":0.00233106222004,"dvar":0.00000617009527559,"dvar2":0.0000130162916321,"max":0.0550484918058,"mean":0.00597663084045,"median":0.00436762068421,"min":1.12474157133e-21,"var":0.000037377631088},"spectral_energyband_middle_low":{"dmean":0.00453454907984,"dmean2":0.00715099368244,"dvar":0.0000414318710682,"dvar2":0.000101375393569,"max":0.120167441666,"mean":0.0122837303206,"median":0.0092124864459,"min":1.58318514553e-22,"var":0.00012275725021},"spectral_entropy":{"dmean":0.138056233525,"dmean2":0.204220965505,"dvar":0.0210328046232,"dvar2":0.0428951978683,"max":9.82379245758,"mean":7.29847764969,"median":7.29243040085,"min":5.60551214218,"var":0.239177420735},"spectral_flux":{"dmean":0.0196439251304,"dmean2":0.0299668833613,"dvar":0.000382222526241,"dvar2":0.000841489003506,"max":0.215627536178,"mean":0.071090079844,"median":0.0670591145754,"min":6.37345592969e-11,"var":0.00145324273035},"spectral_kurtosis":{"dmean":2.63627147675,"dmean2":4.61633253098,"dvar":6.98591327667,"dvar2":20.5572547913,"max":33.8358955383,"mean":6.12215805054,"median":5.06628131866,"min":-1.26427543163,"var":16.8878192902},"spectral_rms":{"dmean":0.000550209661014,"dmean2":0.000871844764333,"dvar":3.54074785491e-7,"dvar2":8.68557378908e-7,"max":0.0113024925813,"mean":0.00509291980416,"median":0.00514297327027,"min":3.06751694358e-12,"var":0.00000232353022511},"spectral_rolloff":{"dmean":236.834655762,"dmean2":400.38180542,"dvar":216462.15625,"dvar2":494966.90625,"max":19681.3476562,"mean":1294.55688477,"median":904.39453125,"min":86.1328125,"var":6143818.5},"spectral_skewness":{"dmean":0.272405058146,"dmean2":0.463858246803,"dvar":0.065235324204,"dvar2":0.180970191956,"max":4.55791378021,"mean":1.51407086849,"median":1.42302763462,"min":-0.0931730717421,"var":0.295531779528},"spectral_spread":{"dmean":286274.15625,"dmean2":448208.1875,"dvar":437225226240,"dvar2":943297724416,"max":46768188,"mean":3696301.5,"median":2900666.5,"min":1660463.5,"var":24196931387400},"spectral_strongpeak":{"dmean":0.410091072321,"dmean2":0.720214307308,"dvar":0.782919645309,"dvar2":2.08860969543,"max":10.0800619125,"mean":0.779635727406,"median":0.444072753191,"min":0,"var":1.0793466568},"zerocrossingrate":{"dmean":0.00524869794026,"dmean2":0.00659265508875,"dvar":0.0000566323469684,"dvar2":0.0000995205264189,"max":0.529296875,"mean":0.0456504784524,"median":0.03662109375,"min":0.00341796875,"var":0.00407613348216}},"metadata":{"audio_properties":{"analysis_sample_rate":44100,"bit_rate":0,"codec":"flac","downmix":"mix","equal_loudness":0,"length":191.559997559,"lossless":true,"md5_encoded":"7a5749f3701ffac6b6f16d9a148266fb","replay_gain":-9.56527519226},"tags":{"acoustid_id":["0af87144-8dd4-4872-aa77-c39ce3d6df5b"],"album":["Crown of Creation"],"albumartist":["Jefferson Airplane"],"albumartistsort":["Jefferson Airplane"],"artist":["Jefferson Airplane"],"artists":["Jefferson Airplane"],"artistsort":["Jefferson Airplane"],"asin":["B0000A0DRZ"],"barcode":["828765322621"],"catalognumber":["82876 53226 2"],"date":["2003-08-19"],"file_name":"04 - Star Track.flac","label":["BMG Heritage"],"media":["CD"],"musicbrainz_albumartistid":["39c2a93d-9afa-4a22-9bba-c087ab056e1c"],"musicbrainz_albumid":["2c792340-9116-4293-9d4f-e36a313972f8"],"musicbrainz_artistid":["39c2a93d-9afa-4a22-9bba-c087ab056e1c"],"musicbrainz_recordingid":["7367633b-1135-4d25-a45c-0bcd8c94ce5e"],"musicbrainz_releasegroupid":["8b2b0602-018e-3877-abe8-d21f22a0f59b"],"musicbrainz_releasetrackid":["038b6b73-feef-3b58-b892-d020c7a04fb1"],"originaldate":["1968"],"releasecountry":["US"],"releasestatus":["official"],"releasetype":["album"],"script":["Latn"],"title":["Star Track"],"totaltracks":["15"],"tracknumber":["4"],"tracktotal":["15"]},"version":{"essentia":"2.1-beta1","essentia_build_sha":"5b9e781ab008b0f974ccb13a0d9a9891710afc4b","essentia_git_sha":"v2.1_beta1-9-geaa627a","extractor":"music 1.0"}},"rhythm":{"beats_count":360,"beats_loudness":{"dmean":0.0131676141173,"dmean2":0.0229113809764,"dvar":0.000152200605953,"dvar2":0.000441038020654,"max":0.125560373068,"mean":0.0344614498317,"median":0.0329608395696,"min":0,"var":0.000249144301051},"beats_loudness_band_ratio":{"dmean":[0.166441559792,0.129202634096,0.117729477584,0.104063689709,0.0659843087196,0.0169826094061],"dmean2":[0.285423666239,