{"lowlevel":{"average_loudness":0.920085668564,"barkbands":{"dmean":[0.00492633227259,0.00837755668908,0.00270526926033,0.00171397638042,0.00225473684259,0.00122923927847,0.000960400211625,0.000911218405236,0.000837613188196,0.000903918233234,0.000635654840153,0.000679718330503,0.000753951026127,0.000480187532958,0.000457819260191,0.000325535656884,0.000265493901679,0.000189853584743,0.000162462689332,0.000154037581524,0.000114365189802,0.0000728723025532,0.0000284182478936,0.0000104314285636,0.00000329253430209,0.0000219680059672,0.000362421647878],"dmean2":[0.00820810720325,0.0137076731771,0.00459181889892,0.00296714040451,0.00381144532003,0.00206415960565,0.00160433142446,0.00150953209959,0.00138750125188,0.0015000802232,0.00103755353484,0.0011371524306,0.00124824699014,0.000796917476691,0.000763369491324,0.000534196849912,0.000434676243458,0.000299251900287,0.000251792109339,0.000225225507165,0.000162250129506,0.000101017547422,0.0000396706527681,0.0000149117422552,0.00000538551785212,0.0000289255222015,0.000519490684383],"dvar":[0.0000741899712011,0.000145263024024,0.0000243886825047,0.0000101323512354,0.0000179220533028,0.00000439734048996,0.00000496244138048,0.00000393102209273,0.00000232220850194,0.00000232043248616,0.00000124835207771,0.00000119099934182,0.00000128153658352,5.35737171958e-7,4.28787188866e-7,2.57377394064e-7,1.97471990759e-7,1.31635928824e-7,9.18993947607e-8,9.87455379686e-8,6.78922376096e-8,2.33579360298e-8,3.21603077502e-9,4.12980677433e-10,3.25991733607e-11,1.92274884903e-9,2.28108277156e-7],"dvar2":[0.000185686498298,0.000370907597244,0.0000643170424155,0.0000271582666755,0.0000485345044581,0.0000114133035822,0.0000129090449263,0.000010304240277,0.000006249719263,0.00000626672817816,0.00000321198467645,0.00000311071107717,0.00000335808590535,0.00000141024634104,0.00000115692887448,6.72581506933e-7,4.91949322168e-7,3.19655924841e-7,2.16185853219e-7,2.16727912061e-7,1.29004305904e-7,4.5582122965e-8,6.58899335093e-9,8.05808475501e-10,7.7198983317e-11,3.54671980674e-9,4.32911036796e-7],"max":[0.162046507001,0.14189209044,0.05964948982,0.0498948767781,0.0969375297427,0.0406508594751,0.0515488982201,0.0435293316841,0.0268231593072,0.0214919000864,0.0243916548789,0.0209710523486,0.0195774640888,0.0144298374653,0.0107082268223,0.0102793062106,0.00901737902313,0.00637101056054,0.0056308102794,0.00932262465358,0.00744932470843,0.00436285976321,0.00159682438243,0.000470285915071,0.000156652313308,0.00112869765144,0.0088548110798],"mean":[0.00585819454864,0.0121142761782,0.00284121697769,0.00179046799894,0.00288645038381,0.00165953626856,0.00128873041831,0.00128193595447,0.00132752396166,0.00138017942663,0.000979965669103,0.00116575474385,0.00130198302213,0.000880294654053,0.000872973178048,0.000618959253188,0.000494993058965,0.000360760372132,0.000307139853248,0.000311505253194,0.000235217899899,0.000158099908731,0.000061709259171,0.0000189021775441,0.00000358267266165,0.0000481903553009,0.00120911269914],"median":[0.00265460670926,0.00615691160783,0.0010533843888,0.000645327090751,0.00128690083511,0.000846941664349,0.000493770698085,0.000455098139355,0.000653538969345,0.000662233156618,0.000504716765136,0.00068393984111,0.000802186026704,0.000561498920433,0.000599390652496,0.000387917389162,0.000279429950751,0.000186535646208,0.000134193454869,0.000135904032504,0.0000939191595535,0.0000599696104473,0.0000239724631683,0.00000596138670517,0.00000135299080739,0.0000172873424162,0.000908951624297],"min":[2.81443434096e-14,1.23798227461e-14,1.19997378868e-15,2.07728096402e-15,2.00367676552e-15,1.21550464599e-14,2.3619096994e-14,6.01809582189e-15,3.03755882819e-15,8.33128732019e-15,7.66157479121e-15,9.54334572793e-15,1.47125895993e-14,1.01614188933e-14,3.83203194111e-14,5.45808413928e-14,4.27455583408e-14,2.78945178181e-14,2.56909971812e-14,6.14214557579e-14,8.28668392044e-14,6.82312821694e-14,8.92510891581e-14,1.24101087479e-13,1.23448899215e-13,2.14252254176e-13,4.14718416943e-13],"var":[0.0000913127878448,0.000227154712775,0.0000224839459406,0.0000101911437014,0.0000234450581047,0.00000618167950961,0.00000679464210407,0.00000629663418295,0.00000418461331719,0.00000401032639274,0.00000212183044823,0.00000234572166846,0.00000250150969805,0.00000102466481167,9.11936353987e-7,5.26220503616e-7,4.13030505797e-7,2.64333891664e-7,2.05613986282e-7,2.6872967851e-7,1.89316438082e-7,6.99638533774e-8,9.25958154596e-9,1.00952946003e-9,4.416837035e-11,5.91693272156e-9,0.00000140602628562]},"barkbands_crest":{"dmean":3.05190110207,"dmean2":4.94464445114,"dvar":6.49109315872,"dvar2":16.8368873596,"max":25.6172504425,"mean":9.39630317688,"median":8.58342933655,"min":2.05560159683,"var":16.8738613129},"barkbands_flatness_db":{"dmean":0.024327063933,"dmean2":0.0378302074969,"dvar":0.000540344335604,"dvar2":0.00127629120834,"max":0.531575024128,"mean":0.116245619953,"median":0.108673714101,"min":0.0239406507462,"var":0.0023679791484},"barkbands_kurtosis":{"dmean":4.05174446106,"dmean2":6.52950286865,"dvar":139.44140625,"dvar2":337.805541992,"max":410.072784424,"mean":5.3032207489,"median":2.29071927071,"min":-1.75255739689,"var":194.65461731},"barkbands_skewness":{"dmean":0.637020945549,"dmean2":0.989585697651,"dvar":0.548487663269,"dvar2":1.32621538639,"max":16.9221496582,"mean":1.69583070278,"median":1.47669935226,"min":-1.84348762035,"var":1.5331248045},"barkbands_spread":{"dmean":8.24864959717,"dmean2":12.7136363983,"dvar":69.1517715454,"dvar2":144.409423828,"max":115.21295166,"mean":33.8447914124,"median":32.203086853,"min":0.356321424246,"var":299.781982422},"dissonance":{"dmean":0.0131848016754,"dmean2":0.022687099874,"dvar":0.000234671300859,"dvar2":0.000656600808725,"max":0.500000059605,"mean":0.481444239616,"median":0.486587494612,"min":0.253972113132,"var":0.000352820381522},"dynamic_complexity":2.97128915787,"erbbands":{"dmean":[0.405678123236,1.55677044392,2.99474191666,4.5620803833,5.97524404526,8.54670715332,10.0090637207,10.4808492661,11.8841543198,17.5795059204,18.4562110901,18.3024635315,25.3402423859,26.1116485596,25.2917366028,26.8785705566,34.2544555664,24.8862953186,22.8736877441,19.7880744934,16.3990402222,13.5698652267,10.5671081543,8.64782619476,7.93410968781,7.41736412048,5.27121162415,4.06534433365,2.92763710022,1.5571615696,0.71414655447,0.324149280787,0.124438166618,0.0441111586988,0.0207615867257,0.0298867113888,0.0472224391997,0.0582775734365,0.032479416579,0.00794729031622],"dmean2":[0.666209995747,2.5682618618,4.99745512009,7.7489323616,10.267906189,14.4137411118,16.75689888,17.6423931122,20.0047111511,29.1944236755,30.2465362549,30.376832962,41.8451652527,43.057964325,41.1368751526,44.7668113708,56.4773368835,40.7833023071,37.5950164795,32.606086731,26.4846630096,22.1474342346,16.6755867004,13.5835704803,11.8401889801,10.9264173508,7.35601091385,5.82327795029,4.16753768921,2.16473555565,0.98751103878,0.455186247826,0.180774077773,0.0704283043742,0.0341421291232,0.0441536456347,0.0617343112826,0.0742567181587,0.0406382232904,0.0116528887302],"dvar":[0.406161129475,5.49453783035,26.8443603516,66.6738052368,131.988998413,308.78503418,379.131134033,325.957946777,599.669921875,1781.2878418,1454.37634277,1128.71704102,2276.31152344,1722.27709961,2255.40576172,1660.34680176,2837.65258789,1512.85742188,1169.67773438,844.038696289,655.799255371,547.255737305,411.92791748,282.912384033,215.102844238,233.054595947,147.569961548,80.7555465698,37.6461181641,10.4596595764,2.15180706978,0.382550805807,0.0628965049982,0.00675641698763,0.00117986323312,0.00401709694415,0.00915257167071,0.0136222504079,0.00393002294004,0.000101535930298],"dvar2":[1.08031475544,14.6311235428,69.6726226807,176.240859985,362.677215576,823.984863281,980.676269531,840.256774902,1605.85583496,4504.14013672,3817.16430664,3033.76049805,6287.79248047,4438.50830078,5894.43359375,4416.15527344,7460.69238281,4005.92382812,3169.15014648,2190.4453125,1657.74609375,1364.80273438,986.196166992,702.80255127,469.595977783,505.583709717,282.707092285,162.52154541,75.5669021606,20.3741474152,4.44160890579,0.742048859596,0.127332985401,0.0151046747342,0.00293948198669,0.00818190723658,0.016802335158,0.0221876893193,0.0058681787923,0.000205090735108],"max":[8.71153831482,29.913438797,67.4093475342,109.993301392,246.793884277,427.36920166,513.643005371,406.13269043,521.618103027,1117.27478027,778.29901123,654.588256836,748.856567383,690.99822998,1133.81872559,959.911254883,993.719116211,810.771057129,646.560424805,649.254882812,441.484344482,428.257019043,349.380126953,297.469818115,206.171005249,423.460388184,384.307281494,212.258300781,170.715698242,109.104019165,41.7446365356,12.088845253,8.25411128998,3.21374559402,0.540138483047,2.05894470215,2.14201569557,3.41311311722,1.47269237041,0.178468823433],"mean":[0.523822665215,2.06222677231,3.49678111076,5.10694503784,6.89359617233,10.1572551727,12.7650079727,13.7291517258,16.2860393524,24.6417865753,28.0654735565,29.7719917297,39.657875061,42.5391998291,43.0343818665,49.2285041809,61.1457633972,48.8252944946,46.0694656372,40.4882049561,33.5588493347,26.7985363007,20.6406135559,16.4394187927,15.7747068405,15.0335855484,10.7357034683,8.34229373932,6.16819190979,3.3855638504,1.53770422935,0.64533251524,0.194802820683,0.0523480847478,0.0229410957545,0.0454377010465,0.104983538389,0.14632242918,0.0892837047577,0.0314825735986],"median":[0.239365413785,0.951174616814,1.51310896873,2.0441827774,2.92859196663,3.95569944382,5.52838945389,6.96619224548,7.1756529808,8.42424964905,12.0204772949,14.820643425,18.1778640747,23.494758606,24.055267334,30.4122390747,38.0550460815,32.6062355042,32.2188262939,27.4996032715,21.534614563,15.7102508545,11.1746921539,7.83934879303,6.93394804001,6.47241783142,4.37190628052,3.29534053802,2.37488794327,1.21160912514,0.586931705475,0.219853848219,0.0563934072852,0.0194162093103,0.00979090295732,0.0145582808182,0.0356179736555,0.0555851459503,0.0422605425119,0.024352338165],"min":[7.52349734161e-13,1.12956085457e-12,2.59688147722e-12,5.51041981142e-12,6.35711839073e-12,5.71172015934e-12,2.49452281748e-11,1.32000133046e-10,2.74114536625e-10,2.33166236319e-10,1.35933375667e-10,7.04763747361e-11,1.71923877912e-10,3.81425169227e-10,3.21189852492e-10,3.99073246671e-10,7.40005390298e-10,4.41780667604e-10,2.0007588919e-9,1.24599897067e-9,3.6760567923e-9,2.14947659671e-9,1.5737361414e-9,1.31413335769e-9,1.4350581834e-9,3.52562512518e-9,4.41095737713e-9,2.02589212073e-9,1.85024351396e-9,3.72493969003e-9,2.22363572e-9,1.61396940257e-9,2.41745423679e-9,8.46472669735e-10,1.32530220132e-9,6.18249840212e-10,3.61481566902e-10,2.04859601505e-10,5.79555153868e-11,6.51942042018e-12],"var":[0.535099804401,7.40934276581,27.8396148682,67.8681259155,147.249938965,362.234863281,510.725585938,448.894042969,815.08203125,2783.3137207,2456.76464844,2030.17626953,3811.63452148,3073.9621582,4075.33691406,3541.71362305,5578.17236328,2973.16552734,2525.09301758,1947.15197754,1486.63378906,1124.55029297,849.543762207,551.825134277,560.188903809,634.935546875,418.645782471,213.76423645,104.985336304,33.4298019409,5.83046483994,1.03370058537,0.133648440242,0.0107846232131,0.0014121462591,0.00809798296541,0.0280368644744,0.0568564496934,0.0195972304791,0.000707143975887]},"erbbands_crest":{"dmean":2.46920847893,"dmean2":4.10782909393,"dvar":5.6963019371,"dvar2":14.5272960663,"max":30.4932785034,"mean":7.90573072433,"median":6.88357686996,"min":2.15628409386,"var":14.3294706345},"erbbands_flatness_db":{"dmean":0.0194798018783,"dmean2":0.029424386099,"dvar":0.000337711418979,"dvar2":0.00075175560778,"max":0.388583213091,"mean":0.141341134906,"median":0.136529564857,"min":0.0424325354397,"var":0.00148498569615},"erbbands_kurtosis":{"dmean":1.11295092106,"dmean2":1.79821074009,"dvar":2.42332077026,"dvar2":5.95838832855,"max":31.980922699,"mean":1.13131785393,"median":0.521475195885,"min":-1.73033308983,"var":5.23059940338},"erbbands_skewness":{"dmean":0.363016724586,"dmean2":0.557254374027,"dvar":0.116403646767,"dvar2":0.260298401117,"max":4.45741415024,"mean":-0.0516504012048,"median":-0.116235055029,"min":-2.96929788589,"var":0.60454595089},"erbbands_spread":{"dmean":6.32499217987,"dmean2":9.77866744995,"dvar":43.1147346497,"dvar2":95.7967987061,"max":113.575233459,"mean":26.4422416687,"median":24.8531761169,"min":2.82453370094,"var":127.736488342},"gfcc":{"cov":[[13257.2929688,-43.7499923706,-364.497833252,946.145935059,264.995178223,-259.162414551,323.810821533,-318.350769043,185.522201538,-90.8402404785,-283.372528076,133.830429077,-249.923309326],[-43.7499923706,1055.35742188,46.2821388245,-299.518218994,178.583023071,14.1240053177,-71.2027740479,-64.8442687988,23.8479213715,-19.2155418396,51.1016578674,-74.7534255981,116.16960144],[-364.497833252,46.2821388245,373.629882812,97.9250106812,-85.6401901245,99.0095367432,-68.3783874512,56.4672431946,-62.5370826721,22.3768043518,-2.80889463425,-0.121495813131,24.7099990845],[946.145935059,-299.518218994,97.9250106812,372.616821289,83.387802124,4.09597921371,67.7105178833,-16.7755889893,-17.4456863403,-14.5748281479,-34.3130760193,38.8888206482,-61.2362785339],[264.995178223,178.583023071,-85.6401901245,83.387802124,335.235107422,67.4470214844,17.8544178009,-39.349155426,-1.76285302639,-38.200378418,31.0202846527,-17.5487365723,25.162027359],[-259.162414551,14.1240053177,99.0095367432,4.09597921371,67.4470214844,202.327545166,-22.4555740356,56.1400680542,-41.3117370605,9.67124080658,5.93804836273,-7.95054960251,24.9622211456],[323.810821533,-71.2027740479,-68.3783874512,67.7105178833,17.8544178009,-22.4555740356,201.476379395,-23.326215744,63.2412033081,-0.511498570442,-15.9795055389,30.1321411133,-36.544380188],[-318.350769043,-64.8442687988,56.4672431946,-16.7755889893,-39.349155426,56.1400680542,-23.326215744,163.376647949,39.9731521606,39.0205421448,9.97036743164,-21.8058376312,9.23527812958],[185.522201538,23.8479213715,-62.5370826721,-17.4456863403,-1.76285302639,-41.3117370605,63.2412033081,39.9731521606,143.149536133,41.844959259,-0.854730665684,0.590630888939,-36.4819030762],[-90.8402404785,-19.2155418396,22.3768043518,-14.5748281479,-38.200378418,9.67124080658,-0.511498570442,39.0205421448,41.844959259,78.6651229858,32.6485786438,-0.414683133364,2.17619895935],[-283.372528076,51.1016578674,-2.80889463425,-34.3130760193,31.0202846527,5.93804836273,-15.9795055389,9.97036743164,-0.854730665684,32.6485786438,74.1252593994,20.6290473938,30.4715003967],[133.830429077,-74.7534255981,-0.121495813131,38.8888206482,-17.5487365723,-7.95054960251,30.1321411133,-21.8058376312,0.590630888939,-0.414683133364,20.6290473938,70.0019454956,14.5690441132],[-249.923309326,116.16960144,24.7099990845,-61.2362785339,25.162027359,24.9622211456,-36.544380188,9.23527812958,-36.4819030762,2.17619895935,30.4715003967,14.5690441132,96.8858566284]],"icov":[[0.000156306748977,-0.000402953883167,0.000646561617032,-0.000925384927541,0.000409075320931,-0.000211003920413,0.000191665065358,0.00000540614701094,-0.00000869371615408,-0.00028952237335,0.000580419728067,-0.000396498013288,0.0000367811589967],[-0.000402953883167,0.0040745283477,-0.00468193227425,0.00590189686045,-0.00403920002282,0.00194609537721,-0.000901593419258,0.00199559074827,-0.00204512407072,0.00153633928858,-0.00150856107939,0.00288740475662,-0.00174759840593],[0.000646561617032,-0.00468193227425,0.0116092925891,-0.0118646128103,0.00965702161193,-0.00673757400364,0.00276175583713,-0.000413615285652,-0.00034057686571,0.000965439015999,-0.00206633238122,0.00188317708671,-0.00265237875283],[-0.000925384927541,0.00590189686045,-0.0118646128103,0.019638421014,-0.0148491021246,0.00914323795587,-0.00359364575706,-0.00261679966934,0.00618093507364,-0.00677037425339,0.00856249779463,-0.00898923445493,0.0075075738132],[0.000409075320931,-0.00403920002282,0.00965702161193,-0.0148491021246,0.0177584774792,-0.0110767288134,0.0020237583667,0.00495871156454,-0.00863882992417,0.0125968465582,-0.0148811815307,0.0132923480123,-0.00827175099403],[-0.000211003920413,0.00194609537721,-0.00673757400364,0.00914323795587,-0.0110767288134,0.0137267550454,-0.0021764356643,-0.00613720482215,0.00882392935455,-0.00933491997421,0.0102396393195,-0.00907338503748,0.00539994332939],[0.000191665065358,-0.000901593419258,0.00276175583713,-0.00359364575706,0.0020237583667,-0.0021764356643,0.00791603326797,0.00149396120105,-0.00411921413615,0.000972564797848,0.000765259028412,-0.00219381507486,-0.00000535710933036],[0.00000540614701094,0.00199559074827,-0.000413615285652,-0.00261679966934,0.00495871156454,-0.00613720482215,0.00149396120105,0.0141735263169,-0.011020494625,0.00603300891817,-0.00872811768204,0.0122156878933,-0.00779847288504],[-0.00000869371615408,-0.00204512407072,-0.00034057686571,0.00618093507364,-0.00863882992417,0.00882392935455,-0.00411921413615,-0.011020494625,0.0242645759135,-0.0188576690853,0.0154171446338,-0.0159916207194,0.0130062894896],[-0.00028952237335,0.00153633928858,0.000965439015999,-0.00677037425339,0.0125968465582,-0.00933491997421,0.000972564797848,0.00603300891817,-0.0188576690853,0.0378859117627,-0.0288244690746,0.0205075666308,-0.0101589774713],[0.000580419728067,-0.00150856107939,-0.00206633238122,0.00856249779463,-0.0148811815307,0.0102396393195,0.000765259028412,-0.00872811768204,0.0154171446338,-0.0288244690746,0.044747967273,-0.0282966047525,0.00822621956468],[-0.000396498013288,0.00288740475662,0.00188317708671,-0.00898923445493,0.0132923480123,-0.00907338503748,-0.00219381507486,0.0122156878933,-0.0159916207194,0.0205075666308,-0.0282966047525,0.0424583852291,-0.0177203584462],[0.0000367811589967,-0.00174759840593,-0.00265237875283,0.0075075738132,-0.00827175099403,0.00539994332939,-0.00000535710933036,-0.00779847288504,0.0130062894896,-0.0101589774713,0.00822621956468,-0.0177203584462,0.0246347282082]],"mean":[16.7251014709,82.9795837402,-101.396308899,-2.59725856781,-8.09354305267,-12.6344947815,6.57870578766,-20.8421096802,3.42941260338,-5.78524160385,-4.87247467041,1.25748622417,-7.69818639755]},"hfc":{"dmean":52.0604743958,"dmean2":79.4847564697,"dvar":3843.34423828,"dvar2":8783.78125,"max":1385.07128906,"mean":180.27722168,"median":156.319732666,"min":1.81675687827e-8,"var":15322.5771484},"melbands":{"dmean":[0.00293602771126,0.00164426339325,0.000790269696154,0.00050836923765,0.000350155372871,0.000230742327403,0.000185234210221,0.00019499778864,0.000147898725118,0.00011829783034,0.000130867876578,0.000111256966193,0.000086389365606,0.0000763017378631,0.0000801488058642,0.0000709293890395,0.0000484260708618,0.0000391440044041,0.0000331222217937,0.0000257045503531,0.0000202531409741,0.0000159311166499,0.0000119497135529,0.00000956433723331,0.00000729096700525,0.00000650230458632,0.00000574937348574,0.00000515485362484,0.00000364377797268,0.00000307259551846,0.00000233571995523,0.00000189551940366,0.00000126335328332,7.98470807695e-7,4.75093798968e-7,2.7285801707e-7,1.82012215078e-7,9.93556241724e-8,5.55418537829e-8,3.22642748074e-8],"dmean2":[0.00476631568745,0.00269333925098,0.0013333541574,0.000862367392983,0.000581025553402,0.00038784314529,0.000309403811116,0.000322857755236,0.000242863272433,0.000196256296476,0.000216398344492,0.000184661708772,0.000140284915688,0.000126740938867,0.000135089183459,0.00011736072338,0.0000801668793429,0.000064467152697,0.0000553034806217,0.0000425218422606,0.000032814219594,0.0000261901404883,0.000019476057787,0.0000152266375153,0.0000117239324027,0.0000101098103187,0.00000865416132001,0.0000077626118582,0.00000526484654984,0.00000454877044831,0.00000344219347426,0.00000279597134067,0.00000183049928637,0.00000115251509669,6.83788925926e-7,3.85343383869e-7,2.65811195277e-7,1.4661959824e-7,8.69568594908e-8,5.32468078518e-8],"dvar":[0.0000195114826056,0.00000660404020891,0.00000191665390048,0.00000100357942756,4.43068273626e-7,1.53664956315e-7,1.5468789627e-7,2.04228058465e-7,8.77966570556e-8,4.8654303697e-8,5.99749014896e-8,3.16936628053e-8,2.49769680494e-8,1.72554575073e-8,1.52263641695e-8,1.16542580031e-8,6.05081229565e-9,3.25911941879e-9,2.2038391112e-9,1.66873959095e-9,9.96553506383e-10,7.14276138236e-10,5.13477926845e-10,3.37687960927e-10,2.08249209543e-10,1.54198820379e-10,1.17632931174e-10,1.27013288775e-10,7.49338854855e-11,5.30895188922e-11,2.53639800135e-11,1.56731589512e-11,8.02931592742e-12,2.67728417561e-12,1.04463551524e-12,2.55467820292e-13,1.30058466709e-13,4.2213753787e-14,1.20214617408e-14,3.77871731572e-15],"dvar2":[0.0000496808170283,0.0000171357442014,0.00000501008162246,0.00000276888022199,0.00000113771284305,3.95197361058e-7,4.10801419548e-7,5.20876085375e-7,2.31517944371e-7,1.31014431304e-7,1.65778061501e-7,8.21634102977e-8,6.45604316674e-8,4.5250018843e-8,4.06756335281e-8,3.08443617314e-8,1.61454654091e-8,8.79785222452e-9,5.87259529894e-9,4.42542802404e-9,2.52168863568e-9,1.80439052588e-9,1.31514599211e-9,8.19922407747e-10,5.30850419178e-10,3.65435876004e-10,2.54298582192e-10,2.96411839518e-10,1.57087162722e-10,1.10829900812e-10,5.27312915555e-11,3.33062362412e-11,1.73917633767e-11,5.60737047073e-12,2.30313793211e-12,5.17312538292e-13,2.62763362501e-13,8.75751497687e-14,2.54242292367e-14,9.07679828651e-15],"max":[0.0620987974107,0.0299216341227,0.0171920917928,0.0266065448523,0.0164259448647,0.007937585935,0.00914411898702,0.0107888039201,0.00605580629781,0.00424154708162,0.00367754488252,0.00290586333722,0.00360906613059,0.00260738516226,0.00245799822733,0.00212589325383,0.00141704222187,0.000959597702604,0.000896889832802,0.000891365052667,0.000571167911403,0.000472475338029,0.000488091813168,0.000344184489222,0.000281471613562,0.000223487368203,0.000177687645191,0.000371811795048,0.000256979721598,0.000209869089304,0.00010256904352,0.000101937701402,0.000108464424557,0.0000520268695254,0.0000309341485263,0.0000123007966977,0.0000057677402765,0.00000623820187684,0.00000436240861745,0.00000217062392949],"mean":[0.00431946804747,0.00217227777466,0.000930994166993,0.000613247917499,0.000459111382952,0.000309511728119,0.000255623366684,0.000276961363852,0.000225903699175,0.000186808727449,0.000199332891498,0.000173734501004,0.000139192678034,0.00012989086099,0.000137517708936,0.000122761863167,0.000086592961452,0.0000731215623091,0.0000618386402493,0.000047190078476,0.0000380656056223,0.0000291359283437,0.0000208038709388,0.0000172175004991,0.0000126891882246,0.0000117069776024,0.0000108674521471,0.00000979126707534,0.00000685164286551,0.00000576978618483,0.00000449963226856,0.00000372070621779,0.00000254072324424,0.00000161101422691,9.45785018303e-7,5.54302118871e-7,3.2096323821e-7,1.47950288465e-7,6.8134724529e-8,3.38516485954e-8],"median":[0.00228611985222,0.00106428610161,0.000401271943701,0.000259529275354,0.000203575385967,0.00015895087563,0.000109026368591,0.0000927785440581,0.000101251891465,0.0000896474884939,0.0000878350329003,0.0000912718824111,0.0000734952045605,0.0000753187341616,0.0000824093658593,0.0000771056511439,0.0000541653571418,0.0000496286520502,0.0000423279852839,0.0000293282573693,0.0000226913580263,0.0000166652243934,0.0000109291413537,0.00000853849269333,0.00000576291949983,0.00000493081597597,0.00000478439415019,0.00000402615978601,0.00000275592310572,0.00000213682028516,0.00000177188599082,0.00000143389729601,8.61449336753e-7,5.77729110773e-7,3.52950848992e-7,2.11678326423e-7,9.18519731385e-8,3.68052113231e-8,1.98805238938e-8,1.16767395753e-8],"min":[6.55278536985e-15,1.59380440449e-15,1.00564960751e-15,3.8424596155e-16,7.26119046973e-16,2.97837049518e-15,4.02869537318e-15,2.18017090316e-15,9.66992294343e-16,4.37374726738e-16,8.51597078411e-16,1.52487826307e-15,1.00117621475e-15,1.19642556767e-15,1.21768694168e-15,1.40353147602e-15,5.88887215782e-16,3.00322710053e-15,2.36514468763e-15,2.11743985484e-15,4.69143046825e-15,1.81803954249e-15,2.64344498575e-15,9.28083094757e-16,1.05166107248e-15,1.01708529345e-15,1.18566020242e-15,2.3993622776e-15,3.22979422612e-15,1.81757092151e-15,8.54938676328e-16,9.91162061856e-16,1.37983858805e-15,2.40288932279e-15,1.63759537259e-15,4.58719215855e-16,1.16606282464e-15,2.10241963135e-15,8.08805820949e-16,6.29382219864e-16],"var":[0.0000297918668366,0.00000821147114038,0.00000206837239602,0.00000119449600788,6.22590050625e-7,2.17007993797e-7,2.14339252125e-7,3.33137364805e-7,1.47161870245e-7,8.62855742412e-8,9.9772108797e-8,5.4766008617e-8,4.35946176935e-8,3.25744302643e-8,2.9270108115e-8,2.1763369773e-8,1.08942952437e-8,6.70997080121e-9,4.43662617755e-9,3.22043236523e-9,2.10262740552e-9,1.38728728505e-9,9.07512565096e-10,6.47379039265e-10,3.57824131436e-10,3.29393901044e-10,2.93943897001e-10,3.02141367481e-10,1.86013163206e-10,1.27800020566e-10,6.1078447855e-11,3.85683047999e-11,2.10730807804e-11,7.46504941196e-12,2.37789106981e-12,7.08849157757e-13,3.01287586459e-13,8.50393973989e-14,2.14939421513e-14,4.85860046721e-15]},"melbands_crest":{"dmean":4.95268154144,"dmean2":8.06252765656,"dvar":17.9193992615,"dvar2":45.7849769592,"max":39.1680107117,"mean":16.1100540161,"median":14.9174432755,"min":2.85736680031,"var":48.2597236633},"melbands_flatness_db":{"dmean":0.0318840965629,"dmean2":0.0484287515283,"dvar":0.000810542958789,"dvar2":0.00184568867553,"max":0.681209385395,"mean":0.213897705078,"median":0.209369689226,"min":0.0093131037429,"var":0.0041402252391},"melbands_kurtosis":{"dmean":6.59174585342,"dmean2":10.6801481247,"dvar":750.619445801,"dvar2":2041.82226562,"max":1696.56689453,"mean":8.28555297852,"median":3.6037914753,"min":-1.85789358616,"var":670.329589844},"melbands_skewness":{"dmean":0.842461884022,"dmean2":1.30118918419,"dvar":0.912873089314,"dvar2":2.19593715668,"max":32.4455680847,"mean":2.14438176155,"median":1.84948182106,"min":-2.07987236977,"var":2.37544035912},"melbands_spread":{"dmean":8.45105552673,"dmean2":12.8808574677,"dvar":99.9363250732,"dvar2":196.822540283,"max":168.09425354,"mean":26.9298496246,"median":23.4130477905,"min":0.109865084291,"var":354.896606445},"mfcc":{"cov":[[9176.93164062,78.6605758667,-603.675354004,773.927612305,-348.248687744,460.050018311,-231.410690308,298.580627441,-13.924487114,213.047622681,-96.9803848267,49.2379112244,-116.7552948],[78.6605758667,1332.66308594,-143.021377563,-214.357223511,146.328720093,30.7719421387,8.25754547119,-80.7380981445,36.9799995422,-22.3725967407,9.0901260376,-28.8332099915,32.5071411133],[-603.675354004,-143.021377563,518.738342285,-39.1075057983,-9.5206193924,-65.9465103149,23.8530673981,-32.7000617981,9.34264850616,-16.9841442108,-0.392881393433,-10.2837018967,-12.2932834625],[773.927612305,-214.357223511,-39.1075057983,343.687469482,-43.373626709,94.8018264771,-10.2979831696,66.0238800049,-25.8198795319,29.299703598,-17.8466129303,8.36223602295,-15.5662717819],[-348.248687744,146.328720093,-9.5206193924,-43.373626709,329.504852295,21.5291786194,94.6665649414,-16.5608234406,10.8191213608,-38.6894798279,9.63526153564,-4.86143445969,3.70612096786],[460.050018311,30.7719421387,-65.9465103149,94.8018264771,21.5291786194,197.409454346,49.6271209717,50.3763961792,-10.4560375214,-3.84254574776,-27.9539070129,4.98930025101,0.0796394348145],[-231.410690308,8.25754547119,23.8530673981,-10.2979831696,94.6665649414,49.6271209717,145.139038086,10.7264976501,10.903137207,-35.8252105713,-14.2999505997,-11.5539627075,18.9583339691],[298.580627441,-80.7380981445,-32.7000617981,66.0238800049,-16.5608234406,50.3763961792,10.7264976501,111.099517822,24.6731739044,32.9469184875,-5.94552659988,11.2357149124,-4.11120414734],[-13.924487114,36.9799995422,9.34264850616,-25.8198795319,10.8191213608,-10.4560375214,10.903137207,24.6731739044,84.3236618042,36.5039024353,26.1398715973,2.50724387169,10.2135639191],[213.047622681,-22.3725967407,-16.9841442108,29.299703598,-38.6894798279,-3.84254574776,-35.8252105713,32.9469184875,36.5039024353,99.3329696655,46.5549354553,25.9160957336,-0.917774677277],[-96.9803848267,9.0901260376,-0.392881393433,-17.8466129303,9.63526153564,-27.9539070129,-14.2999505997,-5.94552659988,26.1398715973,46.5549354553,83.9169082642,31.441488266,12.4014453888],[49.2379112244,-28.8332099915,-10.2837018967,8.36223602295,-4.86143445969,4.98930025101,-11.5539627075,11.2357149124,2.50724387169,25.9160957336,31.441488266,59.5150566101,18.2303771973],[-116.7552948,32.5071411133,-12.2932834625,-15.5662717819,3.70612096786,0.0796394348145,18.9583339691,-4.11120414734,10.2135639191,-0.917774677277,12.4014453888,18.2303771973,54.2911376953]],"icov":[[0.000177075547981,-0.000070450550993,0.000122733719763,-0.000289994553896,0.000107275016489,-0.000227671902394,0.00019539630739,-0.000099249293271,-0.00011058418022,-0.000177419569809,0.000242084090132,-0.00017379077326,0.000305761874188],[-0.000070450550993,0.0010479229968,0.000205896911211,0.000729754741769,-0.000474236701848,-0.000584650493693,0.000461729068775,0.000752310384996,-0.000431331747677,-0.000124882950331,-0.0000204025200219,0.000776449916884,-0.000771165476181],[0.000122733719763,0.000205896911211,0.00229350570589,-0.000122649682453,0.00029119401006,0.000488886085805,-0.000670943583827,0.000677066273056,-0.000708953477442,0.0000976827068371,0.000314086006256,-0.000372371607227,0.00107810506597],[-0.000289994553896,0.000729754741769,-0.000122649682453,0.00480736605823,-0.000227993208682,-0.0015119506279,0.000311439333018,-0.00112952978816,0.00182891194709,-0.0012006459292,-0.0000670572844683,0.000927379238419,-0.000546955852769],[0.000107275016489,-0.000474236701848,0.00029119401006,-0.000227993208682,0.00435577100143,0.00000630041631666,-0.00278455112129,0.000275854516076,-0.000594781304244,0.00154122512322,-0.00142281316221,-0.000981723307632,0.00200371956453],[-0.000227671902394,-0.000584650493693,0.000488886085805,-0.0015119506279,0.00000630041631666,0.00835144147277,-0.003378120251,-0.00217718491331,0.00129396107513,-0.000123371224618,0.00181973585859,-0.00185846537352,0.00050259049749],[0.00019539630739,0.000461729068775,-0.000670943583827,0.000311439333018,-0.00278455112129,-0.003378120251,0.0121449353173,-0.0015756477369,-0.00206147972494,0.00321575743146,-0.000109426873678,0.00274826143868,-0.0045398036018],[-0.000099249293271,0.000752310384996,0.000677066273056,-0.00112952978816,0.000275854516076,-0.00217718491331,-0.0015756477369,0.0147012500092,-0.00485606538132,-0.00396703137085,0.00414368323982,-0.00293101207353,0.00169756403193],[-0.00011058418022,-0.000431331747677,-0.000708953477442,0.00182891194709,-0.000594781304244,0.00129396107513,-0.00206147972494,-0.00485606538132,0.0187287013978,-0.00639603054151,-0.00343092903495,0.00479984330013,-0.00368436006829],[-0.000177419569809,-0.000124882950331,0.0000976827068371,-0.0012006459292,0.00154122512322,-0.000123371224618,0.00321575743146,-0.00396703137085,-0.00639603054151,0.0215303562582,-0.00959040410817,-0.00306357769296,0.00262935529463],[0.000242084090132,-0.0000204025200219,0.000314086006256,-0.0000670572844683,-0.00142281316221,0.00181973585859,-0.000109426873678,0.00414368323982,-0.00343092903495,-0.00959040410817,0.0230444874614,-0.00883227866143,-0.000783656083513],[-0.00017379077326,0.000776449916884,-0.000372371607227,0.000927379238419,-0.000981723307632,-0.00185846537352,0.00274826143868,-0.00293101207353,0.00479984330013,-0.00306357769296,-0.00883227866143,0.0270909722894,-0.00980307068676],[0.000305761874188,-0.000771165476181,0.00107810506597,-0.000546955852769,0.00200371956453,0.00050259049749,-0.0045398036018,0.00169756403193,-0.00368436006829,0.00262935529463,-0.000783656083513,-0.00980307068676,0.0254104621708]],"mean":[-643.385131836,148.094268799,-29.3842048645,28.8826732635,-3.42953443527,25.5606174469,-0.692664444447,10.2361221313,0.64098829031,6.88576984406,0.753544986248,4.44387960434,1.92266571522]},"pitch_salience":{"dmean":0.08775755018,"dmean2":0.140811741352,"dvar":0.00549008697271,"dvar2":0.0133263682947,"max":0.849503457546,"mean":0.559078991413,"median":0.580684304237,"min":0.0620073564351,"var":0.0176489129663},"silence_rate_20dB":{"dmean":0,"dmean2":0,"dvar":0,"dvar2":0,"max":1,"mean":1,"median":1,"min":1,"var":0},"silence_rate_30dB":{"dmean":0.0447464697063,"dmean2":0.0895022973418,"dvar":0.0427455790341,"dvar2":0.101140744984,"max":1,"mean":0.961112260818,"median":1,"min":0,"var":0.0373764969409},"silence_rate_60dB":{"dmean":0.00731834815815,"dmean2":0.0146382264793,"dvar":0.00726464018226,"dvar2":0.0171418320388,"max":1,"mean":0.0333472713828,"median":0,"min":0,"var":0.0322370268404},"spectral_centroid":{"dmean":242.108078003,"dmean2":349.224731445,"dvar":69212.5703125,"dvar2":116973.679688,"max":3981.05175781,"mean":1420.15539551,"median":1303.61474609,"min":126.666419983,"var":409879.25},"spectral_complexity":{"dmean":4.30569791794,"dmean2":6.23881244659,"dvar":20.2773246765,"dvar2":33.7390937805,"max":60,"mean":27.0114994049,"median":28,"min":0,"var":164.312988281},"spectral_contrast_coeffs":{"dmean":[0.0595557764173,0.0506252273917,0.0393360294402,0.0279427561909,0.0205080062151,0.0409507341683],"dmean2":[0.0972186177969,0.0851600244641,0.0661996752024,0.0470206215978,0.0337708853185,0.0621159002185],"dvar":[0.00234927493148,0.00155282986816,0.000953150796704,0.000485137075884,0.000306232366711,0.00123113102745],"dvar2":[0.00598235009238,0.00442397547886,0.00262653105892,0.00135449168738,0.000775498803705,0.00285265594721],"max":[-0.390720844269,-0.505817115307,-0.549183785915,-0.665593266487,-0.69233083725,-0.417033910751],"mean":[-0.716668844223,-0.781625449657,-0.802958071232,-0.81102591753,-0.812967061996,-0.697070837021],"median":[-0.723971486092,-0.786864995956,-0.808783888817,-0.812630772591,-0.811860203743,-0.688556790352],"min":[-0.926656782627,-0.961935758591,-0.964455127716,-0.979417800903,-0.977805554867,-0.930301964283],"var":[0.00600253371522,0.00326079572551,0.00248982128687,0.00135787494946,0.00120765145402,0.00717652775347]},"spectral_contrast_valleys":{"dmean":[0.424576252699,0.39353120327,0.315465152264,0.271303087473,0.268909275532,0.557905554771],"dmean2":[0.680381894112,0.632501423359,0.499633789062,0.422583639622,0.375475227833,0.862802267075],"dvar":[0.120824605227,0.11271841079,0.0746400877833,0.078260011971,0.0910608619452,0.228807464242],"dvar2":[0.292120605707,0.261389493942,0.166647881269,0.159229278564,0.174430057406,0.568497002125],"max":[-4.98913049698,-4.51812696457,-4.87265443802,-5.38418197632,-5.41891860962,-8.72922992706],"mean":[-6.83148097992,-6.47293424606,-6.68298006058,-6.90049982071,-7.32963085175,-11.0458259583],"median":[-6.59571933746,-6.25307559967,-6.43238449097,-6.63794565201,-7.05665206909,-10.9150819778],"min":[-20.0671195984,-18.5794944763,-18.944562912,-18.7577800751,-17.9761962891,-19.608877182],"var":[1.61937379837,1.33337450027,1.21211278439,1.36077237129,1.49324774742,1.087064147]},"spectral_decrease":{"dmean":4.11765421759e-9,"dmean2":6.50199538654e-9,"dvar":2.53587916666e-17,"dvar2":6.26707700098e-17,"max":1.33304682848e-8,"mean":-8.30043500599e-9,"median":-6.91302348699e-9,"min":-8.16451830588e-8,"var":5.58306877932e-17},"spectral_energy":{"dmean":0.0164163578302,"dmean2":0.025515159592,"dvar":0.000385929219192,"dvar2":0.000936742580961,"max":0.317303091288,"mean":0.0476794168353,"median":0.0426235720515,"min":1.64784646432e-12,"var":0.00108097877819},"spectral_energyband_high":{"dmean":0.00049523927737,"dmean2":0.000617700570729,"dvar":7.57517909733e-7,"dvar2":0.00000115402860956,"max":0.0205331966281,"mean":0.00147713685874,"median":0.000845497008413,"min":1.11347357116e-12,"var":0.00000387158661397},"spectral_energyband_low":{"dmean":0.0119691397995,"dmean2":0.0192664898932,"dvar":0.000277925195405,"dvar2":0.000697571551427,"max":0.236222222447,"mean":0.0199938397855,"median":0.0123488679528,"min":2.942927545e-14,"var":0.000489699537866},"spectral_energyband_middle_high":{"dmean":0.002652551746,"dmean2":0.00413946341723,"dvar":0.0000110592691271,"dvar2":0.0000268233798124,"max":0.0498608015478,"mean":0.00833076518029,"median":0.00700945453718,"min":2.63246564304e-13,"var":0.0000442271666543},"spectral_energyband_middle_low":{"dmean":0.00531123625115,"dmean2":0.00865495763719,"dvar":0.0000550616678083,"dvar2":0.000142651100759,"max":0.116143114865,"mean":0.0106392763555,"median":0.00779276713729,"min":5.13189886637e-14,"var":0.000112331625132},"spectral_entropy":{"dmean":0.127476230264,"dmean2":0.192474201322,"dvar":0.0226555168629,"dvar2":0.0543731488287,"max":8.76837444305,"mean":7.69390106201,"median":7.74127531052,"min":4.74679899216,"var":0.0998460799456},"spectral_flux":{"dmean":0.0278558749706,"dmean2":0.0430164709687,"dvar":0.000844175869133,"dvar2":0.00184424442705,"max":0.362015634775,"mean":0.128968268633,"median":0.127299427986,"min":0.0000021267073862,"var":0.00291595165618},"spectral_kurtosis":{"dmean":3.5162127018,"dmean2":5.2988524437,"dvar":25.7616138458,"dvar2":67.4055404663,"max":116.811325073,"mean":17.4352283478,"median":15.2869882584,"min":1.7936630249,"var":74.8997802734},"spectral_rms":{"dmean":0.00112308480311,"dmean2":0.00170040712692,"dvar":0.00000124390544443,"dvar2":0.0000027759731438,"max":0.0175944305956,"mean":0.00635001808405,"median":0.00644856318831,"min":4.00955748603e-8,"var":0.00000619370348431},"spectral_rolloff":{"dmean":5488.17041016,"dmean2":10398.515625,"dvar":59836568,"dvar2":134309824,"max":22050,"mean":12435.7763672,"median":18410.8886719,"min":43.06640625,"var":88013752},"spectral_skewness":{"dmean":0.280802160501,"dmean2":0.409807980061,"dvar":0.115291893482,"dvar2":0.276713579893,"max":9.34290027618,"mean":2.73556113243,"median":2.60726380348,"min":0.918137192726,"var":0.522267818451},"spectral_spread":{"dmean":388849.8125,"dmean2":591000.4375,"dvar":148134084608,"dvar2":342886252544,"max":10322634,"mean":3908076,"median":3880356,"min":1309392.125,"var":729589612544},"spectral_strongpeak":{"dmean":4.2562918663,"dmean2":7.55921220779,"dvar":185.681060791,"dvar2":463.151916504,"max":205.919235229,"mean":4.46467542648,"median":0.210439473391,"min":0,"var":264.497070312},"zerocrossingrate":{"dmean":0.0417084060609,"dmean2":0.0514745637774,"dvar":0.00158400356304,"dvar2":0.00218330719508,"max":0.875,"mean":0.280633181334,"median":0.26123046875,"min":0.02294921875,"var":0.0120610930026}},"metadata":{"audio_properties":{"analysis_sample_rate":44100,"bit_rate":192000,"codec":"mp3","downmix":"mix","equal_loudness":0,"length":222.093063354,"lossless":false,"md5_encoded":"b073ab8d01c0872e48be0642218785d9","replay_gain":-10.6164836884,"sample_rate":44100},"tags":{"album":["The Golden Age of Grotesque"],"album artist credit":["Marilyn Manson"],"albumartist":["Marilyn Manson"],"albumartistsort":["Marilyn Manson"],"artist":["Marilyn Manson"],"artist credit":["Marilyn Manson"],"artistsort":["Marilyn Manson"],"asin":["B000092ZVV"],"bpm":["0"],"catalognumber":["9800080"],"date":["2003-05-13"],"discnumber":["1/1"],"encodedby":["iTunes v4.8.0.32"],"file_name":"07 - Marilyn Manson - (s)AINT.mp3","genre":["Rock - Alternative Metal / Punk"],"label":["Interscope Records"],"language":["eng"],"media":["CD"],"musicbrainz album release country":["US"],"musicbrainz album status":["Official"],"musicbrainz album type":["album"],"musicbrainz_albumartistid":["5dfdca28-9ddc-4853-933c-8bc97d87beec"],"musicbrainz_albumid":["5a5b6e45-9f6b-47c7-82ae-835f84f271ba"],"musicbrainz_artistid":["5dfdca28-9ddc-4853-933c-8bc97d87beec"],"musicbrainz_recordingid":["7396c4e1-51f7-45c9-8f7e-2004a3bbd753"],"musicbrainz_releasegroupid":["650e64b0-3fff-39eb-891f-050b1a4a41b0"],"originaldate":["2003-05-07"],"replaygain_album_gain":["0.00 dB"],"replaygain_album_peak":["0.000000"],"replaygain_track_gain":["-9.59 dB"],"replaygain_track_peak":["1.140625"],"script":["Latn"],"title":["(s)AINT"],"tracknumber":["7/15"]},"version":{"essentia":"2.1-beta1","essentia_build_sha":"ca57ba49d9b1854bd80e60cf9ccf267278fb7d6b","essentia_git_sha":"v2.1_beta1-28-g21ef5f4-dirty","extractor":"music 1.0"}},"rhythm":{"beats_count":410,"beats_loudness":{"dmean":0.0252869650722,"dmean2":0.0463407188654,"dvar":0.000386550062103,"dvar2":0.00122791773174,"max":0.16368983686,"mean":0.0593756884336,"median":0.0613598451018,"min":2.0145958235e-9,"var":0.000959235127084},"beats_loudness_band_ratio":{"dmean":[0.319735646248,0.08087709546