{"lowlevel":{"average_loudness":0.345180720091,"barkbands":{"dmean":[0.0018846107414,0.00927203986794,0.0072309076786,0.00281534041278,0.00358924292959,0.00123395875562,0.000559698441066,0.000344246858731,0.000369758898159,0.000225794196012,0.000153032146045,0.000167460937519,0.000119679629279,0.000121200711874,0.0000768314857851,0.0000465623743366,0.000034228192817,0.0000260490523942,0.0000205137894227,0.0000126620907395,0.0000097609599834,0.00000601069677941,0.00000356612281394,0.0000050940075198,0.00000700086184224,0.00000265019843937,6.43363705422e-7],"dmean2":[0.00318730762228,0.01585941948,0.0115091521293,0.00485977949575,0.00608962681144,0.00206725182943,0.000946224492509,0.000583594723139,0.000608387577813,0.000385222781915,0.00025934621226,0.000280089239823,0.000199358051759,0.000198137728148,0.000126927436213,0.0000789437399362,0.0000590797608311,0.0000446231715614,0.00003422285954,0.0000214287174458,0.0000158180755534,0.00000935362459131,0.00000533507682121,0.00000650638958177,0.00000826302766654,0.00000348074240719,8.64719027049e-7],"dvar":[0.0000263496094703,0.000262893852778,0.000309483119054,0.0000453580614703,0.0000272797115031,0.00000453936763734,0.00000126793497657,0.00000141081864058,0.0000015359697727,6.44879094125e-7,1.89321710309e-7,2.13361815327e-7,1.17494380447e-7,1.9979570709e-7,1.06868114358e-7,2.18241638095e-8,1.07896642731e-8,5.96810734166e-9,3.84288734168e-9,8.51915249456e-9,5.16105869153e-9,1.49869261445e-9,1.14584251809e-10,3.11383030471e-10,6.93967217025e-10,1.15868342698e-10,7.68313277583e-12],"dvar2":[0.0000785209995229,0.000685444974806,0.000693614652846,0.000121365541418,0.0000748475940782,0.0000125604492496,0.00000335171830557,0.0000040685181375,0.00000406736626246,0.00000171885415057,4.72440461863e-7,5.50416984879e-7,2.95594020372e-7,5.01773456563e-7,2.59441236494e-7,6.04376495517e-8,3.18521209408e-8,1.70642131536e-8,9.38487954016e-9,2.31885461943e-8,1.23820669273e-8,3.6758676103e-9,2.5246207902e-10,5.20028298201e-10,1.04156328007e-9,1.97145702541e-10,1.34106146327e-11],"max":[0.0948593020439,0.287725180387,0.523182690144,0.318722963333,0.13073065877,0.0444855317473,0.0392446145415,0.0464117340744,0.0466169193387,0.0419761016965,0.0170574132353,0.024801146239,0.0177379753441,0.0210494846106,0.0262887794524,0.00860299076885,0.00379296881147,0.0040563987568,0.00299480324611,0.00822905916721,0.00502671347931,0.00320638762787,0.000465929973871,0.000472159677884,0.00059917307226,0.000278022052953,0.0000531841396878],"mean":[0.00260131619871,0.0149718327448,0.0114760017022,0.00373711832799,0.00624961452559,0.00227586412802,0.000893023447134,0.000501828908455,0.000635742268059,0.000352505565388,0.000257979525486,0.000296019687084,0.000221806418267,0.00022977431945,0.000150816616951,0.000100434837805,0.000078448705608,0.00006667625712,0.000050557540817,0.0000320548897434,0.0000233693281189,0.0000152025413627,0.0000106351535578,0.0000129682011902,0.0000177753463504,0.00000601707779424,0.00000136509027016],"median":[0.0000903616237338,0.00494181644171,0.00228192610666,0.00170912942849,0.00382870319299,0.00123405340128,0.000432794447988,0.000208530982491,0.000181869923836,0.000130736036226,0.0000846858456498,0.0000949209425016,0.0000756687513785,0.000058540252212,0.0000456872767245,0.0000349890324287,0.0000240233130171,0.000018150321921,0.0000135448644869,0.00000947597982304,0.00000680748144077,0.00000305181265503,0.00000179717494575,6.21586480065e-7,1.56282155217e-7,1.37825367119e-7,8.65236629011e-8],"min":[1.73244621773e-12,1.13709540915e-12,7.52120364416e-15,3.36538793794e-14,1.98453287224e-13,1.10984843277e-13,8.04843320354e-14,5.79021016247e-14,3.85841261285e-14,3.87612508822e-14,4.10796410452e-14,8.97296763259e-14,2.24726006304e-14,3.24051224222e-14,4.66046235078e-14,6.24815615371e-14,6.22710840141e-14,1.12779096229e-13,6.05053455797e-14,4.81734776039e-14,8.69434393729e-14,1.79300395061e-13,1.76270890245e-13,1.26452369626e-13,3.1401636391e-13,7.45979612717e-13,4.25742358034e-11],"var":[0.0000404834208894,0.000668812950607,0.000739616923966,0.0000510069985467,0.0000528645978193,0.00000920085767575,0.00000208691153603,0.00000170259897914,0.0000029076154533,9.67511596173e-7,4.06622888249e-7,4.19444063482e-7,2.59165943817e-7,4.30966906606e-7,1.71585895714e-7,4.86998210647e-8,3.33533058949e-8,2.26007497162e-8,1.13193632245e-8,1.17460858817e-8,7.62715668401e-9,2.28988916717e-9,6.81068701436e-10,1.70144631717e-9,4.19907175697e-9,4.75472827777e-10,2.45815052341e-11]},"barkbands_crest":{"dmean":3.18679046631,"dmean2":5.46431398392,"dvar":6.76169490814,"dvar2":19.7227535248,"max":25.8178749084,"mean":12.1075820923,"median":11.2899284363,"min":2.81415748596,"var":19.8195819855},"barkbands_flatness_db":{"dmean":0.0278504006565,"dmean2":0.0470500774682,"dvar":0.000592824304476,"dvar2":0.00170696619898,"max":0.608343064785,"mean":0.234105244279,"median":0.227114334702,"min":0.0286310613155,"var":0.00696266256273},"barkbands_kurtosis":{"dmean":6.31165504456,"dmean2":10.5369091034,"dvar":129.450439453,"dvar2":325.812286377,"max":419.396514893,"mean":12.0916366577,"median":8.07912158966,"min":-1.94873034954,"var":285.597503662},"barkbands_skewness":{"dmean":0.699063837528,"dmean2":1.16900098324,"dvar":0.487831234932,"dvar2":1.27424788475,"max":14.7893924713,"mean":2.4288816452,"median":2.31342053413,"min":-5.57489967346,"var":1.96236109734},"barkbands_spread":{"dmean":2.80458259583,"dmean2":4.61017847061,"dvar":17.8530197144,"dvar2":44.9934158325,"max":162.833984375,"mean":9.8683795929,"median":5.97498655319,"min":0.0852198898792,"var":144.969100952},"dissonance":{"dmean":0.0230348370969,"dmean2":0.0398974902928,"dvar":0.000595159479417,"dvar2":0.00172728765756,"max":0.500000178814,"mean":0.458590328693,"median":0.468123406172,"min":0.135428264737,"var":0.00124810065608},"dynamic_complexity":4.16874504089,"erbbands":{"dmean":[0.307400524616,2.14952850342,7.304646492,8.51916885376,10.4155864716,14.3639354706,12.0825586319,10.5799465179,8.98436832428,6.93837833405,7.2347407341,8.73291015625,8.05913543701,5.77744197845,5.6771478653,6.53387641907,5.4180765152,5.6360373497,4.88797712326,3.03815245628,2.12377667427,1.84358179569,1.39127635956,1.10356926918,0.944210410118,0.601717233658,0.477514117956,0.326702237129,0.231386050582,0.146047711372,0.101894028485,0.0996847674251,0.0890670791268,0.0802288129926,0.0519115924835,0.0177613142878,0.00349622266367,0.000825776252896,0.000116701616207,0.0000232174879784],"dmean2":[0.521318554878,3.69931554794,11.6982936859,14.1753616333,17.8518543243,24.3789253235,20.2673625946,17.6189250946,15.1558256149,11.588010788,12.2050294876,14.4002189636,13.6218004227,9.58589744568,9.42917442322,10.9543943405,9.0036945343,9.23571300507,8.01722717285,5.07836055756,3.60905075073,3.1702940464,2.38498067856,1.87037980556,1.58042693138,1.01004707813,0.788033545017,0.519280791283,0.364486604929,0.226160600781,0.149986103177,0.134346708655,0.113372765481,0.100924380124,0.0625376030803,0.0226062554866,0.00466797593981,0.00112256640568,0.000158778188052,0.0000360735102731],"dvar":[0.415391415358,13.5075893402,260.724609375,461.498565674,298.533905029,505.692657471,317.540222168,406.062896729,261.45513916,281.103027344,702.37677002,966.180175781,772.666625977,336.876159668,233.519683838,333.322967529,246.80291748,381.168731689,453.163330078,123.835472107,51.7122802734,33.3651695251,16.5665569305,9.20635700226,15.7636547089,13.9145412445,16.5194816589,4.43805551529,2.67723941803,0.316608697176,0.0884111523628,0.111282885075,0.104083061218,0.0945822447538,0.0388837195933,0.00507375784218,0.000212692277273,0.0000135062336994,2.26774815815e-7,1.33334954189e-9],"dvar2":[1.094861269,36.3122253418,595.384643555,1142.75415039,819.803161621,1400.56994629,863.954406738,1117.89404297,702.839904785,691.609924316,2097.40380859,2607.03393555,2076.76049805,864.109863281,552.909606934,906.849121094,604.280395508,948.924743652,1100.51135254,312.083862305,147.221359253,98.8626327515,47.5935020447,23.98229599,40.1655502319,34.8004493713,42.8913612366,9.97706890106,6.63379383087,0.74502146244,0.192836433649,0.205792367458,0.181861817837,0.163315728307,0.0603793933988,0.00853015948087,0.000366187363397,0.0000245455430559,3.98710085392e-7,2.89814261478e-9],"max":[11.1857414246,59.0207672119,411.887298584,738.091003418,525.066223145,565.795471191,359.061218262,416.616485596,496.27331543,553.888183594,924.839233398,1372.72949219,1062.56213379,888.998779297,699.82611084,810.539306641,805.316101074,946.423339844,1548.35986328,814.561157227,460.633972168,225.192687988,213.065689087,143.381698608,237.856628418,288.980010986,295.37979126,133.357879639,136.006896973,31.1938056946,14.3687019348,9.87704563141,8.00385856628,7.43128442764,5.18451786041,2.07725715637,0.36475327611,0.0892385691404,0.0103819565848,0.000687040970661],"mean":[0.471562117338,3.29783940315,11.8038282394,13.7331876755,15.8867635727,22.5188674927,20.8494682312,18.1735973358,14.9901924133,11.2130804062,11.6486291885,14.5636873245,12.7078609467,10.451628685,10.9825906754,11.915845871,10.6040945053,11.3640623093,10.0837268829,6.64051961899,5.00290107727,4.53965234756,3.77672457695,2.92533493042,2.27975606918,1.54381763935,1.13040912151,0.788195133209,0.563990354538,0.403148055077,0.300905793905,0.25847324729,0.217376932502,0.195345744491,0.127697810531,0.0422713495791,0.00741757219657,0.00163274060469,0.000253488309681,0.0000636265613139],"median":[0.103719815612,1.15707242489,3.02166628838,4.79186201096,8.43424797058,12.324546814,12.2757511139,9.31687545776,7.24554347992,5.48232650757,4.02205944061,3.9951467514,5.0099439621,3.40339303017,4.00872421265,3.94367289543,3.66448140144,3.3774368763,2.7613556385,2.20071005821,1.85148227215,1.42628550529,1.06894791126,0.806749343872,0.601148366928,0.455929905176,0.326785743237,0.208777874708,0.111820779741,0.0886040478945,0.0463933162391,0.0200500823557,0.0069501856342,0.00249761529267,0.000936924014241,0.000630712835118,0.000256049126619,0.0000563335088373,0.000031165938708,0.0000335163967975],"min":[7.07195621508e-11,2.34978980718e-10,1.03874277235e-10,1.8825314918e-10,3.07051079007e-10,7.17695403107e-10,8.87577067399e-10,8.80194084285e-10,1.07795106175e-9,1.32427080413e-9,1.0902475589e-9,8.48865810976e-10,1.23059118451e-9,1.44878387065e-9,2.0482517904e-9,3.66415875419e-9,1.26860766336e-9,1.37941436051e-9,2.42512632198e-9,2.34825847656e-9,3.25409499347e-9,4.01806099504e-9,7.03889746489e-9,2.68804933867e-9,3.0923097416e-9,2.70456301799e-9,3.64887364768e-9,2.95151725282e-9,7.66188001933e-9,6.21057472117e-9,3.76446074313e-9,2.62571897558e-9,2.04506345192e-9,2.93999891099e-9,2.91742541236e-9,2.27312724199e-9,1.40262901294e-9,6.95439705822e-10,1.08481956751e-9,1.19945264832e-9],"var":[0.96971487999,29.8185081482,610.950012207,823.541503906,470.203765869,860.44909668,653.402404785,723.935302734,492.585113525,465.344268799,893.880493164,1647.49438477,1168.97497559,731.221435547,607.909118652,655.728820801,574.912109375,870.888427734,876.52722168,230.726882935,111.150863647,109.416610718,70.0067214966,37.682723999,29.8389129639,22.9718837738,20.6337242126,7.45435762405,3.6943128109,1.02841246128,0.540845155716,0.546690881252,0.532688379288,0.50848031044,0.220714822412,0.0242215394974,0.000692627218086,0.000037834426621,7.35256719508e-7,5.2946345086e-9]},"erbbands_crest":{"dmean":2.36716651917,"dmean2":4.02738904953,"dvar":4.70205402374,"dvar2":13.1133365631,"max":26.7088222504,"mean":8.18164920807,"median":7.32239818573,"min":2.06228351593,"var":12.5740022659},"erbbands_flatness_db":{"dmean":0.0157168656588,"dmean2":0.0251120496541,"dvar":0.000252524274401,"dvar2":0.000606195477303,"max":0.495060235262,"mean":0.197259142995,"median":0.19126419723,"min":0.0237976424396,"var":0.00478389812633},"erbbands_kurtosis":{"dmean":1.2706130743,"dmean2":2.13272571564,"dvar":4.48114204407,"dvar2":11.9644088745,"max":84.9260787964,"mean":1.24100661278,"median":0.395961999893,"min":-1.73787069321,"var":9.99476146698},"erbbands_skewness":{"dmean":0.375259786844,"dmean2":0.621696233749,"dvar":0.12209764123,"dvar2":0.326674282551,"max":7.42195463181,"mean":0.816550552845,"median":0.832123160362,"min":-3.73935198784,"var":0.713761329651},"erbbands_spread":{"dmean":5.92996549606,"dmean2":9.60087203979,"dvar":48.0078811646,"dvar2":106.463630676,"max":172.129730225,"mean":32.3878746033,"median":29.3213996887,"min":1.56614279747,"var":398.197387695},"gfcc":{"cov":[[14429.4365234,585.114318848,-1059.00891113,1215.25634766,-556.988769531,847.586791992,-169.870056152,107.725379944,-277.300262451,333.126098633,-14.1513519287,158.246841431,-284.008270264],[585.114318848,2742.82006836,-153.230117798,-358.401947021,324.71585083,-547.445251465,138.67137146,-282.616516113,134.901351929,-239.027084351,-47.1458473206,-158.542709351,53.8520584106],[-1059.00891113,-153.230117798,809.785095215,-166.136550903,-38.3357925415,61.4504814148,-50.3658409119,119.350837708,-16.9225330353,27.1046276093,-46.2342224121,-15.2485742569,53.0049552917],[1215.25634766,-358.401947021,-166.136550903,579.691955566,-10.8244009018,150.900741577,77.7273864746,30.0454998016,24.8662643433,45.8282852173,90.1773147583,47.3259544373,-27.4698219299],[-556.988769531,324.71585083,-38.3357925415,-10.8244009018,288.356658936,-101.442672729,70.6571884155,-74.6948928833,60.6676216125,-53.6023635864,46.6054801941,-8.16578006744,10.751958847],[847.586791992,-547.445251465,61.4504814148,150.900741577,-101.442672729,369.474456787,25.8982810974,107.470100403,-33.7606201172,137.168167114,5.32304286957,33.9585800171,-28.3644199371],[-169.870056152,138.67137146,-50.3658409119,77.7273864746,70.6571884155,25.8982810974,180.662872314,-1.30055940151,67.3236236572,18.7869262695,28.2772350311,-13.4740333557,4.41044807434],[107.725379944,-282.616516113,119.350837708,30.0454998016,-74.6948928833,107.470100403,-1.30055940151,130.185287476,-6.43797445297,54.1952514648,-3.74447441101,14.0490942001,-1.44548285007],[-277.300262451,134.901351929,-16.9225330353,24.8662643433,60.6676216125,-33.7606201172,67.3236236572,-6.43797445297,96.7108840942,4.12343025208,20.4130420685,-9.18267250061,13.1281309128],[333.126098633,-239.027084351,27.1046276093,45.8282852173,-53.6023635864,137.168167114,18.7869262695,54.1952514648,4.12343025208,123.847984314,6.12122011185,16.948184967,-12.0429439545],[-14.1513519287,-47.1458473206,-46.2342224121,90.1773147583,46.6054801941,5.32304286957,28.2772350311,-3.74447441101,20.4130420685,6.12122011185,85.4235458374,27.3274650574,7.82947254181],[158.246841431,-158.542709351,-15.2485742569,47.3259544373,-8.16578006744,33.9585800171,-13.4740333557,14.0490942001,-9.18267250061,16.948184967,27.3274650574,61.1938896179,7.16734838486],[-284.008270264,53.8520584106,53.0049552917,-27.4698219299,10.751958847,-28.3644199371,4.41044807434,-1.44548285007,13.1281309128,-12.0429439545,7.82947254181,7.16734838486,53.5591545105]],"icov":[[0.000245688977884,-0.00043012041715,0.000251063611358,-0.00056192727061,0.000271726050414,-0.000592235417571,0.000596341327764,-0.000307120557409,0.000484270596644,-0.000394326227251,0.000292229407933,-0.000706795311999,0.000617527985014],[-0.00043012041715,0.00147383578587,-0.000409783562645,0.00119261106011,-0.000679738237523,0.00155291554984,-0.00155218900181,0.00126622966491,-0.00112347619142,0.000934580049943,-0.000261524954112,0.00217371480539,-0.00139175402001],[0.000251063611358,-0.000409783562645,0.00204587541521,-0.000205468211789,-0.000207909019082,-0.000875325524248,0.00112249620724,-0.00211510551162,0.000656459887978,-0.00041848004912,0.000785778043792,0.000170243540197,-0.00135074660648],[-0.00056192727061,0.00119261106011,-0.000205468211789,0.00402360549197,-0.000169954393641,0.00036224120413,-0.00216434220783,0.00080847152276,-0.00186482432764,0.00190456642304,-0.00296989246272,0.00104903336614,-0.000306752073811],[0.000271726050414,-0.000679738237523,-0.000207909019082,-0.000169954393641,0.00607597501948,-0.000683242396917,-0.000770559534431,0.00208788621239,-0.00155666458886,0.00123669754248,-0.00261483737268,-0.00148844905198,0.00202221353538],[-0.000592235417571,0.00155291554984,-0.000875325524248,0.00036224120413,-0.000683242396917,0.00819627288729,-0.00319062289782,-0.000944986066315,0.00161975540686,-0.00411106832325,0.000341170030879,0.00121563556604,-0.000468699377961],[0.000596341327764,-0.00155218900181,0.00112249620724,-0.00216434220783,-0.000770559534431,-0.00319062289782,0.0108623905107,-0.00164595537353,-0.00352579145692,-0.00171419268008,-0.000256141967839,0.000836810970213,0.000432251195889],[-0.000307120557409,0.00126622966491,-0.00211510551162,0.00080847152276,0.00208788621239,-0.000944986066315,-0.00164595537353,0.0145036391914,-0.00255279056728,-0.000637827208266,-0.000613938376773,0.000128165396745,-0.000231568817981],[0.000484270596644,-0.00112347619142,0.000656459887978,-0.00186482432764,-0.00155666458886,0.00161975540686,-0.00352579145692,-0.00255279056728,0.0183563828468,-0.00461589545012,-0.000482067815028,0.000636444659904,-0.0020688152872],[-0.000394326227251,0.000934580049943,-0.00041848004912,0.00190456642304,0.00123669754248,-0.00411106832325,-0.00171419268008,-0.000637827208266,-0.00461589545012,0.0163795817643,-0.00167179491837,-0.00054273015121,0.00119023001753],[0.000292229407933,-0.000261524954112,0.000785778043792,-0.00296989246272,-0.00261483737268,0.000341170030879,-0.000256141967839,-0.000613938376773,-0.000482067815028,-0.00167179491837,0.0194275584072,-0.00745951710269,-0.00187767355237],[-0.000706795311999,0.00217371480539,0.000170243540197,0.00104903336614,-0.00148844905198,0.00121563556604,0.000836810970213,0.000128165396745,0.000636444659904,-0.00054273015121,-0.00745951710269,0.0267640314996,-0.00745600042865],[0.000617527985014,-0.00139175402001,-0.00135074660648,-0.000306752073811,0.00202221353538,-0.000468699377961,0.000432251195889,-0.000231568817981,-0.0020688152872,0.00119023001753,-0.00187767355237,-0.00745600042865,0.0258752759546]],"mean":[-81.9947433472,163.055084229,-93.5556106567,25.4838790894,-33.9247131348,-0.943179130554,-24.4437522888,-7.88687419891,-14.9419403076,-6.31439304352,-9.00015640259,-3.62352824211,-6.03204965591]},"hfc":{"dmean":2.61341810226,"dmean2":4.12208843231,"dvar":17.5828838348,"dvar2":41.2655982971,"max":127.613250732,"mean":9.71859931946,"median":6.45906972885,"min":0.00000120076208532,"var":88.4958343506},"melbands":{"dmean":[0.00259844679385,0.00331579940394,0.00147406687029,0.0008330126293,0.000472409999929,0.000229684679653,0.000128529747599,0.0000754179127398,0.0000608163536526,0.0000539027641935,0.0000405923310609,0.0000241875750362,0.0000198909892788,0.0000207491484616,0.000012998364582,0.0000120548656923,0.0000111539548016,0.00000904180706129,0.00000526771555087,0.0000038621828935,0.0000025666545298,0.00000217255001189,0.00000165401570484,0.00000128924966702,0.00000100078659671,7.51533889343e-7,6.52701771742e-7,4.17019322185e-7,3.40948332678e-7,2.72420805913e-7,1.81223796858e-7,1.51287821382e-7,1.15709397619e-7,8.11728213534e-8,6.36135979448e-8,6.18458955159e-8,6.54557865687e-8,6.34366159602e-8,6.88735894983e-8,7.29723197423e-8],"dmean2":[0.0044402400963,0.00538942217827,0.00243897922337,0.0014189487556,0.000789932615589,0.000382802827517,0.000216305168578,0.000125460268464,0.000102367856016,0.0000892641692189,0.0000687899810146,0.0000402107834816,0.0000331896735588,0.000034666780266,0.0000218871518882,0.0000200412378035,0.0000183811935131,0.0000148891258505,0.00000875871774042,0.00000654623681839,0.00000440027406512,0.00000375467129743,0.00000283231975118,0.0000022157762487,0.00000170218606854,0.00000125875010326,0.0000011077175941,7.01622411725e-7,5.73763031753e-7,4.40449298367e-7,2.91607619829e-7,2.44622185619e-7,1.84707104722e-7,1.29069974264e-7,9.6856517473e-8,9.02288732618e-8,8.90877629445e-8,8.36888531808e-8,9.15384035238e-8,9.51133074523e-8],"dvar":[0.0000232489564951,0.0000412274202972,0.0000112202760647,0.00000158845989517,4.56793770809e-7,1.7583320755e-7,5.7810780163e-8,3.92817440797e-8,4.44506049746e-8,3.6380196633e-8,1.98091516523e-8,6.08501826704e-9,3.09071301885e-9,3.3359051077e-9,1.28048960324e-9,1.22532106683e-9,1.61698532342e-9,1.44184153505e-9,5.33499244781e-10,1.50140136435e-10,6.49126030705e-11,4.50882595149e-11,2.31740043821e-11,1.71522830661e-11,7.24829788204e-12,5.4742087599e-12,1.30945150556e-11,7.2836034079e-12,9.85320852687e-12,4.35098615123e-12,8.62207874541e-13,1.36952341828e-12,2.51865179103e-13,7.83927705194e-14,3.6202530367e-14,3.30003189217e-14,5.37476354113e-14,5.48969710293e-14,6.49074571217e-14,8.43640885232e-14],"dvar2":[0.0000601931533311,0.0000967399391811,0.000027610341931,0.00000438907773059,0.00000122156484395,4.82460507101e-7,1.54265293872e-7,9.84362742429e-8,1.31346325816e-7,9.73548637262e-8,5.33149844273e-8,1.56309827304e-8,7.36210958863e-9,8.69834426709e-9,3.32148086812e-9,2.96042235171e-9,4.1812415752e-9,3.56417473313e-9,1.29569110996e-9,4.0447301064e-10,1.8889936837e-10,1.33525149271e-10,6.80307685186e-11,4.89613696808e-11,1.95152227711e-11,1.36369544129e-11,3.46916176341e-11,1.83665183756e-11,2.7146904516e-11,1.01623032905e-11,1.93400720785e-12,3.50640393457e-12,6.0391822836e-13,1.91757064871e-13,8.74491722525e-14,6.95987795933e-14,1.00077721988e-13,1.02277568196e-13,1.25555273643e-13,1.56748122511e-13],"max":[0.0894846767187,0.151593178511,0.119901955128,0.0313190147281,0.0123362811282,0.00875776540488,0.0080076418817,0.00677433889359,0.0068184575066,0.00843163672835,0.00531579786912,0.00372419599444,0.00256211799569,0.00337197352201,0.00123144721147,0.00160527799744,0.00207433803007,0.00245689763688,0.00198894646019,0.000572232645936,0.000471986742923,0.000233130122069,0.000161389732966,0.000251577090239,0.000116859351692,0.000110127417429,0.000282807130134,0.000247225310886,0.000268659117864,0.000148431005073,0.0000559227373742,0.0000994469883153,0.0000317539052048,0.0000113799806059,0.0000091793399406,0.00000877399088495,0.00000637251241642,0.00000620286527919,0.00000583861537962,0.00000758446412874],"mean":[0.00431349501014,0.00567706907168,0.0025244015269,0.0013997440692,0.000810200406704,0.000408912310377,0.000218353889068,0.000116978364531,0.0000986677478068,0.0000895323173609,0.000061977742007,0.0000417432856921,0.0000358360266546,0.0000363067629223,0.0000241438719968,0.0000227321997954,0.0000208270412259,0.0000172594845935,0.0000103532938738,0.00000778106004873,0.0000053986277635,0.00000476057675769,0.00000388701391785,0.00000304384570882,0.00000230919545174,0.00000173756325239,0.0000013738109601,9.50952824041e-7,7.29449595838e-7,5.78612002755e-7,4.08862462109e-7,3.22727913726e-7,2.73006520501e-7,2.05998958336e-7,1.73759687527e-7,1.55345190933e-7,1.58782100357e-7,1.47604581002e-7,1.54419083742e-7,1.70083438888e-7],"median":[0.00126838951837,0.00175832316745,0.00103587913327,0.000816367100924,0.000485659693368,0.000216623811866,0.000104806706076,0.0000551092889509,0.0000314667522616,0.0000253924499702,0.0000241212328547,0.0000131013384816,0.0000126968398035,0.000011220226952,0.00000836760682432,0.00000745910620026,0.00000571057807974,0.0000043079239731,0.00000324039888255,0.00000248991750595,0.00000195543293557,0.00000144292005189,0.00000107782398118,8.15982332369e-7,6.15207397914e-7,4.64524930521e-7,3.59249327175e-7,2.75503509783e-7,2.05236787565e-7,1.57860256422e-7,9.39179045645e-8,5.49727694477e-8,5.57940786905e-8,4.2085311236e-8,2.71798263896e-8,1.61599071902e-8,9.91033122233e-9,5.10806463794e-9,2.90796009494e-9,1.33468391894e-9],"min":[6.0748156722e-13,4.07108632287e-14,5.79192387952e-14,3.45790663627e-14,3.14061724218e-14,2.01891166952e-14,1.65037644331e-14,1.44848885084e-14,8.11802051769e-15,5.39560961489e-15,6.0228341242e-15,5.56865675195e-15,5.93187930281e-15,1.0290211947e-14,6.22630753176e-15,1.67772980533e-15,2.68217472023e-15,3.63965271699e-15,3.75556239956e-15,4.04384752206e-15,3.36848041288e-15,3.34993145013e-15,6.86309758414e-15,4.92213556155e-15,1.76066745988e-15,2.56716310434e-15,2.05365403875e-15,1.56725818016e-15,1.73368871935e-15,2.48781983411e-15,1.34450556157e-15,4.33323336387e-15,3.80632127244e-15,3.899542754e-15,2.3574493933e-15,1.62797509001e-15,1.66252132876e-15,1.25627638632e-15,1.29257185399e-15,3.06213548916e-15],"var":[0.0000623372980044,0.00010334313265,0.0000222728649533,0.00000304555010189,8.98999644505e-7,3.33307013989e-7,1.09323934794e-7,6.10579320437e-8,6.10597581385e-8,6.41229149778e-8,2.89219439509e-8,1.24842669535e-8,7.45502681809e-9,6.35850261332e-9,2.81898171473e-9,2.74914957465e-9,3.31904592699e-9,2.81659917611e-9,7.94462773346e-10,3.27330912375e-10,1.27686236584e-10,1.26605545492e-10,8.3330224665e-11,4.97899568797e-11,2.42553234442e-11,1.41518914643e-11,1.69622718649e-11,1.0381951375e-11,1.00518933455e-11,6.23753262582e-12,1.57840689304e-12,1.5501406582e-12,5.63761168824e-13,2.72137753955e-13,1.8714138583e-13,1.56642480562e-13,2.49091789946e-13,2.52414300399e-13,2.981838409e-13,4.07731628408e-13]},"melbands_crest":{"dmean":3.76709890366,"dmean2":6.45886230469,"dvar":9.74845027924,"dvar2":28.1027374268,"max":39.9606132507,"mean":16.230222702,"median":15.5429086685,"min":4.24107599258,"var":26.863494873},"melbands_flatness_db":{"dmean":0.0322999767959,"dmean2":0.0548014715314,"dvar":0.000793739804067,"dvar2":0.00231471844018,"max":0.755799591541,"mean":0.340736359358,"median":0.332285344601,"min":0.0265156794339,"var":0.0103047629818},"melbands_kurtosis":{"dmean":11.3539161682,"dmean2":19.2023620605,"dvar":1466.78100586,"dvar2":3925.28295898,"max":3851.79980469,"mean":24.1543292999,"median":17.1721115112,"min":-1.84788107872,"var":1686.08361816},"melbands_skewness":{"dmean":0.849000096321,"dmean2":1.43023192883,"dvar":0.873778879642,"dvar2":2.30243611336,"max":60.0474662781,"mean":3.40928816795,"median":3.2112865448,"min":-0.976919829845,"var":2.69515824318},"melbands_spread":{"dmean":2.6053507328,"dmean2":4.43613910675,"dvar":13.4102220535,"dvar2":36.692565918,"max":127.955276489,"mean":8.28983783722,"median":5.28602981567,"min":0.22076433897,"var":98.4172439575},"mfcc":{"cov":[[7788.54296875,-476.579193115,-736.469970703,457.609649658,-179.565460205,593.515625,205.297592163,200.206924438,-160.222946167,234.538619995,76.1974411011,208.424118042,124.543426514],[-476.579193115,2211.84545898,-115.48790741,68.4376907349,24.7865962982,-42.899230957,-73.2441635132,-52.8897132874,50.3489151001,-8.76668834686,-2.22607755661,-91.8169708252,-44.3123130798],[-736.469970703,-115.48790741,789.097900391,-191.385971069,55.73878479,-130.380981445,-3.45165610313,-40.8816757202,126.750488281,-103.92816925,61.9775619507,-46.0454978943,-2.43987107277],[457.609649658,68.4376907349,-191.385971069,424.700195312,32.5269165039,89.0517044067,32.4761161804,75.8271331787,-36.4195632935,48.5596008301,-11.7794675827,64.3196716309,23.8464584351],[-179.565460205,24.7865962982,55.73878479,32.5269165039,185.448608398,-7.5175819397,22.6563911438,11.4819984436,-30.5661563873,10.873462677,-41.482749939,22.2991847992,-7.51587867737],[593.515625,-42.899230957,-130.380981445,89.0517044067,-7.5175819397,208.147918701,68.1495132446,36.4720840454,12.9868755341,49.7854614258,48.3434448242,27.1997337341,39.0542106628],[205.297592163,-73.2441635132,-3.45165610313,32.4761161804,22.6563911438,68.1495132446,125.541809082,34.6347618103,16.4839992523,30.3407802582,37.9118309021,26.3919010162,27.5164356232],[200.206924438,-52.8897132874,-40.8816757202,75.8271331787,11.4819984436,36.4720840454,34.6347618103,88.1024017334,0.784381210804,25.8484191895,-0.456051290035,29.1509914398,7.92192220688],[-160.222946167,50.3489151001,126.750488281,-36.4195632935,-30.5661563873,12.9868755341,16.4839992523,0.784381210804,120.688781738,-0.0684372782707,67.288482666,-13.2333965302,23.0329322815],[234.538619995,-8.76668834686,-103.92816925,48.5596008301,10.873462677,49.7854614258,30.3407802582,25.8484191895,-0.0684372782707,80.6081466675,12.989490509,21.3827972412,12.9146184921],[76.1974411011,-2.22607755661,61.9775619507,-11.7794675827,-41.482749939,48.3434448242,37.9118309021,-0.456051290035,67.288482666,12.989490509,106.140625,12.9967756271,34.106880188],[208.424118042,-91.8169708252,-46.0454978943,64.3196716309,22.2991847992,27.1997337341,26.3919010162,29.1509914398,-13.2333965302,21.3827972412,12.9967756271,68.4675445557,25.1464233398],[124.543426514,-44.3123130798,-2.43987107277,23.8464584351,-7.51587867737,39.0542106628,27.5164356232,7.92192220688,23.0329322815,12.9146184921,34.106880188,25.1464233398,55.4723930359]],"icov":[[0.000195713015273,0.00000112622717552,-0.0000466672645416,-0.0000256185776379,0.00033102981979,-0.000474924570881,-0.000030044131563,-0.0000972448033281,0.000356636999641,-0.000246122537646,0.0000901314779185,-0.000332867610268,-0.0000168452716025],[0.00000112622717552,0.000546474708244,0.000271736440482,-0.000241482586716,-0.000415685935877,0.000195418557269,0.000216236687265,0.000193048821529,-0.000457114831079,0.00013627037697,-0.000412018562201,0.000895300414413,0.00022658360831],[-0.0000466672645416,0.000271736440482,0.00271182390861,0.000355834374204,-0.00198509427719,0.00152479682583,-0.000255256076343,-0.000322451320244,-0.00233598309569,0.00294397305697,-0.00192358973436,0.00126158026978,0.0000137159804581],[-0.0000256185776379,-0.000241482586716,0.000355834374204,0.00347141805105,-0.000276432750979,-0.000803134520538,0.000389064894989,-0.0019729421474,0.000302936532535,-0.0000327314955939,0.000528775155544,-0.00200572097674,-0.000529341923539],[0.00033102981979,-0.000415685935877,-0.00198509427719,-0.000276432750979,0.00879324227571,-0.0015253132442,-0.00215939595364,0.000971042143647,0.00159210909624,-0.0029374519363,0.0053987596184,-0.00463042175397,0.000956421659794],[-0.000474924570881,0.000195418557269,0.00152479682583,-0.000803134520538,-0.0015253132442,0.00945200677961,-0.00218167784624,-0.000962192309089,-0.000657998491079,-0.000452629581559,-0.00379741587676,0.00322762713768,-0.00275657861494],[-0.000030044131563,0.000216236687265,-0.000255256076343,0.000389064894989,-0.00215939595364,-0.00218167784624,0.012341497466,-0.00338481063955,0.000768174475525,-0.00148813705891,-0.0037031006068,0.000191433282453,-0.00211582658812],[-0.0000972448033281,0.000193048821529,-0.000322451320244,-0.0019729421474,0.000971042143647,-0.000962192309089,-0.00338481063955,0.0171606726944,-0.00333599443547,-0.00239018513821,0.00423424690962,-0.00559084815904,0.00311639416032],[0.000356636999641,-0.000457114831079,-0.00233598309569,0.000302936532535,0.00159210909624,-0.000657998491079,0.000768174475525,-0.00333599443547,0.0180067252368,-0.00248764595017,-0.00849485583603,0.00483139371499,-0.00448911916465],[-0.000246122537646,0.00013627037697,0.00294397305697,-0.0000327314955939,-0.0029374519363,-0.000452629581559,-0.00148813705891,-0.00239018513821,-0.00248764595017,0.0194849446416,-0.00278643355705,-0.000446618534625,0.000217442531721],[0.0000901314779185,-0.000412018562201,-0.00192358973436,0.000528775155544,0.0053987596184,-0.00379741587676,-0.0037031006068,0.00423424690962,-0.00849485583603,-0.00278643355705,0.0233116708696,-0.00732093024999,-0.00304470793344],[-0.000332867610268,0.000895300414413,0.00126158026978,-0.00200572097674,-0.00463042175397,0.00322762713768,0.000191433282453,-0.00559084815904,0.00483139371499,-0.000446618534625,-0.00732093024999,0.0282243844122,-0.0100113973022],[-0.0000168452716025,0.00022658360831,0.0000137159804581,-0.000529341923539,0.000956421659794,-0.00275657861494,-0.00211582658812,0.00311639416032,-0.00448911916465,0.000217442531721,-0.00304470793344,-0.0100113973022,0.0293723959476]],"mean":[-725.695556641,191.370956421,7.58436393738,34.2207717896,9.81949329376,12.9192123413,0.457296282053,3.46432971954,-3.53912830353,0.829869151115,-3.85495710373,-0.663695752621,-2.67507767677]},"pitch_salience":{"dmean":0.0991204828024,"dmean2":0.169889077544,"dvar":0.00671702763066,"dvar2":0.0197958257049,"max":0.878705143929,"mean":0.574767410755,"median":0.592786729336,"min":0.0426206365228,"var":0.0161512698978},"silence_rate_20dB":{"dmean":0.00194196938537,"dmean2":0.00388416065834,"dvar":0.00193821988069,"dvar2":0.00466884160414,"max":1,"mean":0.998286604881,"median":1,"min":0,"var":0.00171071535442},"silence_rate_30dB":{"dmean":0.0344985164702,"dmean2":0.0690009742975,"dvar":0.0333061441779,"dvar2":0.0803464353085,"max":1,"mean":0.854931771755,"median":1,"min":0,"var":0.12401458621},"silence_rate_60dB":{"dmean":0.00822481140494,"dmean2":0.0164505634457,"dvar":0.00815717037767,"dvar2":0.0199519451708,"max":1,"mean":0.0389513969421,"median":0,"min":0,"var":0.0374320447445},"spectral_centroid":{"dmean":108.138145447,"dmean2":179.316238403,"dvar":22332.7929688,"dvar2":52278.2109375,"max":11179.4873047,"mean":588.5078125,"median":429.34677124,"min":118.00252533,"var":265888.65625},"spectral_complexity":{"dmean":2.05209040642,"dmean2":3.48797631264,"dvar":3.67158269882,"dvar2":9.37352085114,"max":56,"mean":12.5519447327,"median":11,"min":0,"var":50.0365066528},"spectral_contrast_coeffs":{"dmean":[0.0562486164272,0.0478965528309,0.0337615013123,0.0233660768718,0.0158439669758,0.0151058454067],"dmean2":[0.0960214808583,0.0818926841021,0.0576233156025,0.0400555431843,0.0270779896528,0.024962419644],"dvar":[0.00188411353156,0.00138643628452,0.000687377585564,0.000350067391992,0.000153766930453,0.000225798343308],"dvar2":[0.00540672102943,0.00404158048332,0.00199883454479,0.000979382079095,0.000443580414867,0.000559115083888],"max":[-0.256132304668,-0.513012945652,-0.582093834877,-0.629573523998,-0.690322041512,-0.532669961452],"mean":[-0.63768941164,-0.759026646614,-0.819125711918,-0.837454080582,-0.831291615963,-0.764990746975],"median":[-0.649723649025,-0.761216759682,-0.824599206448,-0.841220736504,-0.83463549614,-0.761046051979],"min":[-0.971515119076,-0.96485054493,-0.973266065121,-0.954672455788,-0.956022560596,-0.957375764847],"var":[0.00861356034875,0.00366119132377,0.00215452699922,0.00125684181694,0.000933422357775,0.00307589489967]},"spectral_contrast_valleys":{"dmean":[0.396100491285,0.333249360323,0.286406546831,0.236156612635,0.182680740952,0.204729110003],"dmean2":[0.688373565674,0.56902384758,0.494271159172,0.40762257576,0.31118786335,0.304694831371],"dvar":[0.101192943752,0.0775113478303,0.0644319728017,0.048755209893,0.042531453073,0.0816753059626],"dvar2":[0.290981650352,0.208119124174,0.176960349083,0.128250941634,0.111100837588,0.164276957512],"max":[-4.67625617981,-4.02730131149,-5.01715993881,-5.36724615097,-5.58597230911,-8.75175952911],"mean":[-6.73930358887,-6.6795668602,-7.4391169548,-8.01592350006,-8.53475856781,-11.9710578918],"median":[-6.53357028961,-6.56762886047,-7.28228569031,-7.82930040359,-8.32632064819,-12.0354013443],"min":[-27.0696582794,-27.2023048401,-26.777130127,-27.2841815948,-27.4225063324,-27.3506183624],"var":[2.26626205444,1.58861064911,1.54961752892,1.61178982258,1.71378624439,1.82618653774]},"spectral_decrease":{"dmean":4.43449943432e-9,"dmean2":7.25631643661e-9,"dvar":5.0557914314e-17,"dvar2":1.24274940251e-16,"max":4.06545025034e-15,"mean":-1.17600729155e-8,"median":-5.95934590564e-9,"min":-1.65216505366e-7,"var":2.14967353483e-16},"spectral_energy":{"dmean":0.016928113997,"dmean2":0.027690326795,"dvar":0.000734478526283,"dvar2":0.00180428556632,"max":0.631289124489,"mean":0.0452666208148,"median":0.0231755804271,"min":6.5957760087e-11,"var":0.00313843600452},"spectral_energyband_high":{"dmean":0.000032487547287,"dmean2":0.0000430997897638,"dvar":2.58191370506e-8,"dvar2":5.73573828433e-8,"max":0.011671230197,"mean":0.000103032369225,"median":0.0000225919302466,"min":3.21005062809e-11,"var":6.40242276972e-8},"spectral_energyband_low":{"dmean":0.014772281982,"dmean2":0.0243254024535,"dvar":0.000680969387759,"dvar2":0.00166155199986,"max":0.596142351627,"mean":0.0303190518171,"median":0.0101272026077,"min":2.77955631602e-12,"var":0.00228948914446},"spectral_energyband_middle_high":{"dmean":0.000532419770025,"dmean2":0.000858547689859,"dvar":0.00000231742683354,"dvar2":0.00000532729563929,"max":0.0650491565466,"mean":0.00175501930062,"median":0.000797671149485,"min":5.95233010017e-13,"var":0.00000864820958668},"spectral_energyband_middle_low":{"dmean":0.00594020355493,"dmean2":0.00994212832302,"dvar":0.0000884301553015,"dvar2":0.000223449722398,"max":0.366118639708,"mean":0.0144245363772,"median":0.00987278763205,"min":7.14404826529e-13,"var":0.00021756667411},"spectral_entropy":{"dmean":0.188901260495,"dmean2":0.31170257926,"dvar":0.0334041342139,"dvar2":0.0909702703357,"max":9.79551506042,"mean":6.9048743248,"median":6.95230150223,"min":3.76200246811,"var":0.526087164879},"spectral_flux":{"dmean":0.025619873777,"dmean2":0.0431890040636,"dvar":0.000856888014823,"dvar2":0.00236207805574,"max":0.584660410881,"mean":0.0979453325272,"median":0.0837911814451,"min":0.000070128509833,"var":0.00312237651087},"spectral_kurtosis":{"dmean":7.06086683273,"dmean2":12.3354082108,"dvar":131.285705566,"dvar2":397.332061768,"max":246.287094116,"mean":18.9052333832,"median":9.3916311264,"min":-1.23200380802,"var":793.891418457},"spectral_rms":{"dmean":0.00112506409641,"dmean2":0.00186080962885,"dvar":0.00000137813628953,"dvar2":0.00000349326933247,"max":0.0248171687126,"mean":0.00571665167809,"median":0.00475503131747,"min":2.53671117889e-7,"var":0.0000114829399536},"spectral_rolloff":{"dmean":163.515762329,"dmean2":289.529876709,"dvar":219794.296875,"dvar2":564608.75,"max":21382.4707031,"mean":687.007141113,"median":301.46484375,"min":21.533203125,"var":5353579.5},"spectral_skewness":{"dmean":0.4913585186,"dmean2":0.85117572546,"dvar":0.372008621693,"dvar2":1.14196741581,"max":12.3285093307,"mean":2.74594640732,"median":2.26290822029,"min":-0.0619060061872,"var":3.00154614449},"spectral_spread":{"dmean":376654.28125,"dmean2":572207.3125,"dvar":379934048256,"dvar2":573739565056,"max":41903072,"mean":3174506.5,"median":2570235.75,"min":318752.15625,"var":6129567924220},"spectral_strongpeak":{"dmean":0.261969327927,"dmean2":0.441138893366,"dvar":0.101654529572,"dvar2":0.264924317598,"max":5.52874565125,"mean":0.45164513588,"median":0.319074988365,"min":0,"var":0.191037371755},"zerocrossingrate":{"dmean":0.00471012340859,"dmean2":0.0058672958985,"dvar":0.0000682294630678,"dvar2":0.0000791342463344,"max":0.732421875,"mean":0.0313606858253,"median":0.0166015625,"min":0.00244140625,"var":0.00468583079055}},"metadata":{"audio_properties":{"analysis_sample_rate":44100,"bit_rate":0,"codec":"flac","downmix":"mix","equal_loudness":0,"length":406.519989014,"lossless":true,"md5_encoded":"74d384d7dc8a332a05d1d06eed01b35f","replay_gain":-5.14308166504,"sample_rate":44100},"tags":{"acoustid_id":["42466121-aa92-4cb8-9d79-c71944e4fee2"],"album":["Pigs of the Roman Empire"],"albumartist":["Melvins & Lustmord"],"albumartistsort":["Melvins & Lustmord"],"artist":["Melvins & Lustmord"],"artistsort":["Melvins & Lustmord"],"asin":["B0002KV386"],"barcode":["689230005421"],"catalognumber":["IPC-054"],"date":["2004-08-23"],"discnumber":["1"],"disctotal":["1"],"file_name":"08_Idolatrous_Apostate.flac","genre":["Favourites; Industrial; Male Vocal; Noise"],"label":["Ipecac Recordings"],"language":["eng"],"media":["CD"],"musicbrainz_albumartistid":["9ccfbc94-a4f4-42f7-b6f5-d903ab77cccb","15f2bb82-bce4-44c9-863a-995ae9bde0b4"],"musicbrainz_albumid":["e49980be-ea93-4d03-ab54-e64e3443a2ba"],"musicbrainz_artistid":["9ccfbc94-a4f4-42f7-b6f5-d903ab77cccb","15f2bb82-bce4-44c9-863a-995ae9bde0b4"],"musicbrainz_recordingid":["73dbc3fb-fcca-4aad-81a5-7d828962edbf"],"musicbrainz_releasegroupid":["560a9c41-0b9e-35c1-ad41-a5f337f5adc4"],"musicbrainz_releasetrackid":["8b7cc1fc-94a0-3524-95c8-7e3856966def"],"originaldate":["2004-08-23"],"releasecountry":["US"],"releasestatus":["official"],"releasetype":["album"],"script":["Latn"],"title":["Idolatrous Apostate"],"totaldiscs":["1"],"totaltracks":["9"],"tracknumber":["8"],"tracktotal":["9"]},"version":{"essentia":"2.1-beta2","essentia_build_sha":"70f2e5ece6736b2c40cc944ad0e695b16b925413","essentia_git_sha":"v2.1_beta2","extractor":"music 1.0"}},"rhythm":{"beats_count":781,"beats_loudness":{"dmean":0.0348263792694,"dmean2":0.0565382093191,"dvar":0.00297