{"lowlevel":{"average_loudness":0.792571425438,"barkbands":{"dmean":[0.0000926069478737,0.00250652362593,0.00148778164294,0.001273731119,0.000593182689045,0.000323650630889,0.000251381017733,0.000309779134113,0.000393838185119,0.000516479020007,0.000305095280055,0.000248963100603,0.000222012022277,0.000574147910811,0.000413569970988,0.00043774896767,0.00071521231439,0.0003658978967,0.000345631298842,0.000235428378801,0.0001624867582,0.000115419963549,0.0000768904574215,0.0000572690514673,0.0000359990117431,0.0000118096750157,0.00000286556405626],"dmean2":[0.00013636656513,0.00405556056648,0.00267262407579,0.00214066752233,0.00100608624052,0.000532692822162,0.000406890147133,0.000504168740008,0.000656847900245,0.00086165376706,0.000504214141984,0.000413030240452,0.00036571311648,0.000929759989958,0.000667315965984,0.000698490184732,0.0011614394607,0.000599845137913,0.000570773438085,0.000388324406231,0.000274761405308,0.000182180461707,0.000114135604235,0.0000839585991343,0.0000506917385792,0.0000156301248353,0.00000387247882827],"dvar":[6.41007531499e-8,0.0000525474497408,0.0000135217287607,0.0000105365852505,0.00000171381668679,3.19548433936e-7,2.87795188569e-7,5.28742077677e-7,9.3643228638e-7,0.00000206916820389,0.00000119614651339,3.26015765495e-7,2.58240675066e-7,0.00000161802290677,8.89677721716e-7,8.97263987554e-7,0.00000150730465975,3.58014688118e-7,3.10155797933e-7,2.20309630095e-7,1.29753445322e-7,7.88525511553e-8,3.98665136458e-8,2.48164884198e-8,6.54487486429e-9,6.09513606253e-10,4.95238884624e-11],"dvar2":[1.24779020894e-7,0.000125618433231,0.0000386427600461,0.0000276725222648,0.00000490275033371,8.15971930024e-7,7.12367807409e-7,0.00000134144511321,0.00000252633344644,0.00000560731132282,0.00000321859624819,8.89579837349e-7,6.49487446935e-7,0.00000423981691711,0.00000214218789552,0.00000227436316891,0.00000381821155315,8.62323588535e-7,7.85511872436e-7,5.39192456017e-7,3.55116981154e-7,1.87312892308e-7,9.00556358374e-8,5.89402375795e-8,1.44947129854e-8,1.16639364833e-9,8.59248991403e-11],"max":[0.00297163100913,0.0694020986557,0.05514819175,0.046484105289,0.022307312116,0.0167265664786,0.0111315064132,0.014307548292,0.0198748465627,0.0289037171751,0.040318928659,0.0128662055358,0.0105466917157,0.0350254029036,0.0213109850883,0.0234260205179,0.0358261242509,0.0152603602037,0.0122513081878,0.0136159649119,0.00533671304584,0.00681018689647,0.00376795348711,0.00281485565938,0.00138002145104,0.000322437263094,0.000197350032977],"mean":[0.00010367010691,0.00263192993589,0.00161609938368,0.0014857678907,0.00100656447466,0.000581905362196,0.000435693509644,0.000470529310405,0.0005557994009,0.000710800406523,0.000460037001176,0.000406306964578,0.000346470391378,0.000918729114346,0.000682442157995,0.000823955109809,0.00154961366206,0.000777110690251,0.000736118061468,0.000486814882606,0.00028248684248,0.000216953689232,0.000147821978317,0.000103383616079,0.0000676846539136,0.0000220335805352,0.00000395283996113],"median":[0.0000135107347887,0.000672801863402,0.000731452135369,0.00051611487288,0.000557091610972,0.000320236606058,0.000242396665271,0.000233593658777,0.000164509678143,0.000124712780234,0.000125915772514,0.000163984979736,0.000136904971441,0.00037918711314,0.000288022129098,0.00051960721612,0.00102524179965,0.00047662522411,0.000483816926135,0.000239599496126,0.000131379754748,0.0000692282774253,0.0000446778067271,0.0000278645529761,0.0000222400158236,0.00000562297555007,2.83747795038e-7],"min":[1.21882259964e-23,1.97226649011e-23,2.09192738087e-24,3.28797954992e-24,3.11712265137e-23,1.99885615133e-23,9.80774670699e-23,2.44255790944e-23,2.04727501374e-23,2.6724139912e-23,1.05260146586e-22,5.78930629519e-23,9.17469340361e-23,4.30040517396e-23,1.25449810832e-22,1.1590374822e-22,2.0143251457e-22,2.18491726309e-22,2.53432130227e-22,2.63436350632e-22,4.24838882183e-22,4.26927886835e-22,5.29743549113e-22,7.51321475988e-22,1.21225267572e-21,1.94277260907e-21,2.27038500316e-21],"var":[8.40608223029e-8,0.0000506169781147,0.0000109550455818,0.0000107174673758,0.00000188373360288,7.17969157904e-7,4.58310864815e-7,6.91089212523e-7,0.00000142154203786,0.00000336077823704,0.00000210847292692,6.24993219844e-7,4.46032828449e-7,0.00000287557304546,0.00000165770700278,0.00000155304076088,0.00000378503636966,8.8393818487e-7,7.28910492853e-7,6.37401399217e-7,1.75937444169e-7,1.54366361471e-7,8.09938214275e-8,4.22879153916e-8,1.30323645209e-8,1.33409872038e-9,9.20251028158e-11]},"barkbands_crest":{"dmean":2.55058073997,"dmean2":4.22745370865,"dvar":7.07358551025,"dvar2":17.5847492218,"max":25.3058795929,"mean":7.18342113495,"median":6.21174621582,"min":2.36137127876,"var":12.0807914734},"barkbands_flatness_db":{"dmean":0.0166119616479,"dmean2":0.0260011982173,"dvar":0.000284764071694,"dvar2":0.000660728954244,"max":0.267432630062,"mean":0.0932428613305,"median":0.0870806574821,"min":0.0226135980338,"var":0.0012376003433},"barkbands_kurtosis":{"dmean":0.966832220554,"dmean2":1.61174201965,"dvar":6.25213909149,"dvar2":15.9684200287,"max":88.9890060425,"mean":-0.367308169603,"median":-0.983186006546,"min":-1.92509019375,"var":6.96269321442},"barkbands_skewness":{"dmean":0.454250127077,"dmean2":0.701421678066,"dvar":0.255038887262,"dvar2":0.559499204159,"max":9.0542011261,"mean":0.225682467222,"median":0.127598613501,"min":-3.20869493484,"var":0.748297512531},"barkbands_spread":{"dmean":6.50618076324,"dmean2":10.2641525269,"dvar":43.8807182312,"dvar2":108.319259644,"max":100.5391922,"mean":34.8129577637,"median":34.3544845581,"min":3.35611009598,"var":143.272109985},"dissonance":{"dmean":0.00857511814684,"dmean2":0.0145127307624,"dvar":0.0000928682857193,"dvar2":0.000244635011768,"max":0.500000119209,"mean":0.485368460417,"median":0.48823210597,"min":0.266302853823,"var":0.000160579758813},"dynamic_complexity":4.03748416901,"erbbands":{"dmean":[0.081748791039,0.562866866589,1.4528554678,3.40092778206,2.83722782135,1.91351938248,2.07589888573,2.8412091732,3.40368652344,4.77086782455,6.62449789047,8.54058361053,18.5975055695,11.1182012558,10.0169763565,9.97643089294,9.20772361755,25.0556373596,23.1692619324,17.8480529785,27.4617881775,35.3693122864,20.0925388336,18.2919750214,15.0440626144,10.8969688416,7.15656805038,5.99322128296,4.25533008575,3.26302289963,2.01030921936,1.30365288258,0.930760264397,0.480081170797,0.231094285846,0.0640931129456,0.0200044997036,0.00513299414888,0.000506536336616,0.0000166835834534],"dmean2":[0.130112960935,0.943843781948,2.57156825066,5.79050922394,4.85388374329,3.2249455452,3.42799520493,4.67555475235,5.48685216904,7.80218935013,10.7725610733,14.193359375,30.975402832,18.5595607758,16.1928443909,16.4969348907,14.9490480423,40.7094154358,36.7747421265,28.2959861755,43.3373947144,58.0073623657,32.6081123352,30.2213382721,24.705083847,18.0137310028,12.1496934891,10.1003055573,6.78898429871,4.96061182022,2.97161483765,1.8991638422,1.39698266983,0.694877445698,0.326797902584,0.087929315865,0.0268235988915,0.00675665866584,0.000681463046931,0.0000226788779401],"dvar":[0.0587192773819,2.63857698441,13.1175842285,66.8322525024,53.4839859009,14.9787435532,15.0211982727,32.6080474854,52.4168891907,133.709075928,241.979003906,487.038543701,2831.12573242,1642.79260254,612.858947754,558.758789063,390.544189453,3015.37207031,2692.89086914,2054.74267578,2736.69018555,3320.70214844,982.803771973,1046.21911621,632.364135742,514.40032959,240.570175171,181.858581543,100.344955444,73.8711242676,27.4009399414,12.7245445251,7.02350091934,1.33969163895,0.240568190813,0.0182952675968,0.00176593323704,0.000128912652144,0.00000158664954597,9.6152374951e-10],"dvar2":[0.139215186238,6.57595062256,36.8085021973,178.30267334,149.616455078,41.8022651672,36.7182884216,83.5797576904,128.988739014,347.845428467,609.539001465,1329.03564453,7717.51513672,4582.45166016,1579.58581543,1538.63171387,960.224914551,7854.54150391,6696.48095703,5117.75,6993.53369141,8954.12207031,2382.99169922,2608.23266602,1607.99328613,1293.28845215,662.342407227,493.021820068,242.595947266,174.015823364,61.4834442139,28.6686401367,17.5016384125,3.12499165535,0.505399703979,0.0367294661701,0.00335497991182,0.000230092002312,0.0000026970556064,1.74498315797e-9],"max":[2.4910390377,13.8876991272,48.5725898743,99.0277862549,122.137619019,76.514831543,201.231277466,165.538146973,200.68447876,315.89755249,308.893432617,532.920349121,1134.64501953,1066.84936523,793.351257324,618.787536621,416.598022461,1211.94104004,1183.19433594,1252.8203125,1373.64318848,2237.1262207,789.584289551,848.79119873,605.497924805,558.310302734,263.27520752,204.183914185,268.06362915,131.373748779,98.9714736938,61.3354110718,55.5141220093,22.3150157928,8.01187705994,1.85296189785,0.559781968594,0.275676161051,0.0291420612484,0.000609292765148],"mean":[0.0828615054488,0.567964613438,1.67022061348,4.05358982086,3.84944963455,3.14616560936,3.85547113419,4.78439712524,6.06387424469,7.81547451019,10.3889808655,12.7508802414,26.5328998566,17.1889591217,17.14585495,16.9975318909,16.430973053,41.4173316956,42.5373268127,34.1686820984,60.1162948608,81.3603515625,47.6970558167,40.335018158,32.590587616,22.6921329498,13.5015993118,10.1233119965,7.84895324707,6.1190328598,3.85759496689,2.43028783798,1.60574626923,0.888911068439,0.417616277933,0.120079003274,0.0365904979408,0.00845172721893,0.000684940489009,0.0000380129058613],"median":[0.0140078859404,0.165528684855,0.80033904314,1.55630469322,1.92436385155,1.59214019775,1.96416687965,2.37100028992,3.15314626694,4.12371921539,5.42514896393,4.41470336914,4.70301580429,4.23013496399,6.61806106567,7.55272102356,7.45363140106,17.3967723846,20.2058849335,16.9007072449,39.0750083923,58.2292022705,31.6219367981,26.8654594421,19.5184001923,11.4177570343,6.78699302673,4.25440692902,2.62089800835,1.91782903671,1.14598059654,0.632035374641,0.452861100435,0.28717571497,0.133467853069,0.034768845886,0.00843853969127,0.00138044077903,0.0000554537255084,0.0000243423492066],"min":[5.43307463331e-22,4.434037454e-21,4.74103616795e-21,7.05005712962e-21,3.5782886565e-20,1.25553273234e-19,1.28915762424e-19,2.28316531521e-19,1.40504164725e-18,8.5062389339e-19,4.85114700989e-19,4.42116611977e-19,7.82678037104e-19,1.34103430806e-18,4.62060525912e-18,2.93767507681e-18,4.1167360472e-18,2.84663888732e-18,5.20195110235e-18,6.85770447242e-18,5.08684147548e-18,1.14992241662e-17,1.30802947074e-17,1.22108004978e-17,1.33638001091e-17,1.18434123647e-17,1.2670660806e-17,2.03418618421e-17,1.48507672751e-17,1.41094248491e-17,1.55854641321e-17,1.52623442238e-17,1.33495916277e-17,1.11859046937e-17,9.65640886363e-18,6.62832232548e-18,3.88713180226e-18,1.1905205238e-18,3.04390419602e-19,3.65671281027e-20],"var":[0.0582139901817,2.29293966293,10.8801288605,65.42137146,48.0298805237,19.460319519,45.9203987122,57.7094726563,95.7158050537,179.086135864,317.638763428,722.318908691,4786.76660156,2758.93383789,1245.65686035,1021.81243896,792.244567871,5507.04052734,5379.82177734,3974.24633789,5811.7421875,8358.58691406,2701.31542969,2517.62231445,1665.18518066,1282.50634766,365.999176025,254.656051636,190.596481323,141.102508545,55.8322372437,24.2356262207,10.4348278046,2.4854786396,0.478209406137,0.0386718213558,0.00379237858579,0.000262121146079,0.00000293161269838,2.02873251531e-9]},"erbbands_crest":{"dmean":2.56584692001,"dmean2":4.29824733734,"dvar":5.71595525742,"dvar2":15.0698356628,"max":29.838514328,"mean":8.76458454132,"median":8.04088592529,"min":2.71847605705,"var":12.5332536697},"erbbands_flatness_db":{"dmean":0.0180300064385,"dmean2":0.0255367252976,"dvar":0.000363674218534,"dvar2":0.000610537186731,"max":0.381733715534,"mean":0.165760114789,"median":0.161430507898,"min":0.0433127433062,"var":0.00203262991272},"erbbands_kurtosis":{"dmean":1.01788675785,"dmean2":1.63308238983,"dvar":1.47353351116,"dvar2":3.6484913826,"max":26.9796104431,"mean":1.03749513626,"median":0.561171174049,"min":-1.66477775574,"var":3.99479985237},"erbbands_skewness":{"dmean":0.323214113712,"dmean2":0.513169288635,"dvar":0.0866750404239,"dvar2":0.216278776526,"max":3.6160299778,"mean":-0.737867593765,"median":-0.755244731903,"min":-3.58386182785,"var":0.416542321444},"erbbands_spread":{"dmean":6.45834493637,"dmean2":10.0062742233,"dvar":50.5471420288,"dvar2":115.315872192,"max":131.263961792,"mean":29.1094989777,"median":26.8503665924,"min":2.77154040337,"var":161.478530884},"gfcc":{"cov":[[10719.640625,-427.840057373,412.410430908,440.034210205,-263.724975586,465.807556152,-131.796218872,13.7776098251,-131.116195679,-48.8675460815,-84.7751617432,84.0291213989,-81.5256652832],[-427.840057373,1068.99841309,-375.594451904,-26.0109882355,235.005447388,-284.699066162,55.9437408447,0.551423728466,67.689666748,-17.9944515228,63.456111908,-54.2230262756,61.9676628113],[412.410430908,-375.594451904,782.564208984,181.348770142,34.3444709778,198.25982666,-64.315322876,-21.3143577576,-14.1336517334,8.10906028748,-63.15599823,57.937171936,-65.8308029175],[440.034210205,-26.0109882355,181.348770142,305.212036133,-0.81594991684,85.2110748291,-11.6319818497,-41.3732681274,24.1648178101,-7.02769231796,-4.72329568863,-3.5057053566,-4.87486028671],[-263.724975586,235.005447388,34.3444709778,-0.81594991684,277.848327637,-50.7115402222,30.5993118286,28.8213481903,23.1746768951,3.96405100822,0.952476143837,-2.29798316956,12.2771129608],[465.807556152,-284.699066162,198.25982666,85.2110748291,-50.7115402222,264.491821289,50.6998023987,16.1586952209,-41.9500961304,-11.5336589813,-16.976354599,9.24427127838,-16.6334590912],[-131.796218872,55.9437408447,-64.315322876,-11.6319818497,30.5993118286,50.6998023987,160.007385254,41.2907333374,-9.1435880661,-4.06567382813,4.2961063385,-8.63761425018,15.2023115158],[13.7776098251,0.551423728466,-21.3143577576,-41.3732681274,28.8213481903,16.1586952209,41.2907333374,103.737464905,33.7119178772,12.2278213501,2.43525409698,4.98051691055,7.68655347824],[-131.116195679,67.689666748,-14.1336517334,24.1648178101,23.1746768951,-41.9500961304,-9.1435880661,33.7119178772,108.00365448,31.9681625366,6.00234270096,-4.9657740593,2.11111712456],[-48.8675460815,-17.9944515228,8.10906028748,-7.02769231796,3.96405100822,-11.5336589813,-4.06567382813,12.2278213501,31.9681625366,74.5775299072,26.4362945557,7.47380065918,-3.34545946121],[-84.7751617432,63.456111908,-63.15599823,-4.72329568863,0.952476143837,-16.976354599,4.2961063385,2.43525409698,6.00234270096,26.4362945557,76.5959320068,26.7325057983,12.7881174088],[84.0291213989,-54.2230262756,57.937171936,-3.5057053566,-2.29798316956,9.24427127838,-8.63761425018,4.98051691055,-4.9657740593,7.47380065918,26.7325057983,74.1934356689,14.0077552795],[-81.5256652832,61.9676628113,-65.8308029175,-4.87486028671,12.2771129608,-16.6334590912,15.2023115158,7.68655347824,2.11111712456,-3.34545946121,12.7881174088,14.0077552795,68.5505218506]],"icov":[[0.0001192489799,-0.0000886867128429,0.0000747201193008,-0.000198326975806,0.000105297323898,-0.00023450536537,0.000227365395403,-0.000228760356549,0.000236372608924,-0.00013172350009,0.000300799758406,-0.000304976914776,0.00017160832067],[-0.0000886867128429,0.00227469322272,0.000255027553067,-0.000303584005451,-0.00149647064973,0.00207275943831,-0.00106619729195,0.00055118027376,-0.000820195942651,0.00161904946435,-0.00226749107242,0.00184158212505,-0.000841845350806],[0.0000747201193008,0.000255027553067,0.00290952506475,-0.00129967951216,-0.0010990613373,-0.0016589006409,0.00128917209804,0.000101997567981,0.000278043356957,-0.001214319258,0.00293405121192,-0.00322880060412,0.00210157735273],[-0.000198326975806,-0.000303584005451,-0.00129967951216,0.00547421956435,-0.0000118117050079,-0.00162467139307,-0.00041850071284,0.00335289095528,-0.00338983885013,0.00147721974645,-0.0017650781665,0.00171801773831,-0.00134081172291],[0.000105297323898,-0.00149647064973,-0.0010990613373,-0.0000118117050079,0.00537357851863,0.000375870033167,-0.00056206487352,-0.00163544318639,0.000522582326084,-0.000691073480994,0.000922362494748,-0.000364488951163,-0.00028886218206],[-0.00023450536537,0.00207275943831,-0.0016589006409,-0.00162467139307,0.000375870033167,0.00920565240085,-0.00375810731202,-0.00191054923926,0.00213756668381,0.00162238371558,-0.00266805733554,0.00262229749933,-0.000671949295793],[0.000227365395403,-0.00106619729195,0.00128917209804,-0.00041850071284,-0.00056206487352,-0.00375810731202,0.00956082344055,-0.00349711836316,0.00199052738026,-0.0010458099423,0.00134112581145,-0.000439384719357,-0.000369643908925],[-0.000228760356549,0.00055118027376,0.000101997567981,0.00335289095528,-0.00163544318639,-0.00191054923926,-0.00349711836316,0.0155218970031,-0.00703005352989,0.000483782787342,-0.000295719772112,-0.000720963289496,-0.00112692581024],[0.000236372608924,-0.000820195942651,0.000278043356957,-0.00338983885013,0.000522582326084,0.00213756668381,0.00199052738026,-0.00703005352989,0.015671979636,-0.00637864740565,0.00244788825512,-0.0000925970671233,0.000588745053392],[-0.00013172350009,0.00161904946435,-0.001214319258,0.00147721974645,-0.000691073480994,0.00162238371558,-0.0010458099423,0.000483782787342,-0.00637864740565,0.019940873608,-0.00942841731012,0.00286690914072,0.000356446951628],[0.000300799758406,-0.00226749107242,0.00293405121192,-0.0017650781665,0.000922362494748,-0.00266805733554,0.00134112581145,-0.000295719772112,0.00244788825512,-0.00942841731012,0.0237666890025,-0.0115521587431,0.0014141505817],[-0.000304976914776,0.00184158212505,-0.00322880060412,0.00171801773831,-0.000364488951163,0.00262229749933,-0.000439384719357,-0.000720963289496,-0.0000925970671233,0.00286690914072,-0.0115521587431,0.0225123818964,-0.00642851786688],[0.00017160832067,-0.000841845350806,0.00210157735273,-0.00134081172291,-0.00028886218206,-0.000671949295793,-0.000369643908925,-0.00112692581024,0.000588745053392,0.000356446951628,0.0014141505817,-0.00642851786688,0.0186218190938]],"mean":[-10.403011322,69.1526184082,-143.04447937,44.5185203552,-42.0882377625,7.37426376343,-40.0373497009,14.9997911453,-22.8954944611,1.61175572872,-19.5088882446,-1.59169733524,-13.9276475906]},"hfc":{"dmean":6.74561214447,"dmean2":10.2781744003,"dvar":109.084220886,"dvar2":258.854400635,"max":162.260818481,"mean":24.4571113586,"median":20.4179840088,"min":1.20466746294e-16,"var":417.852264404},"melbands":{"dmean":[0.000711183762178,0.000710968219209,0.00055630505085,0.000154370543896,0.0000706289574737,0.0000637501871097,0.0000514665298397,0.0000547111740161,0.0000525881114299,0.0000600355197093,0.0000930489622988,0.0000447208294645,0.0000361960446753,0.000029189610359,0.0000211335627682,0.0000248048309004,0.0000545022448932,0.0000416272014263,0.0000292153545161,0.0000275603524642,0.0000383148362744,0.0000449097278761,0.0000266174374701,0.0000160514919116,0.0000166153222381,0.0000127945158965,0.0000102819576568,0.00000739673578209,0.00000509982010044,0.0000040620816435,0.00000357920134775,0.00000254014025813,0.00000235892662204,0.00000178216430413,0.00000127095711377,9.6767814739e-7,7.88534293861e-7,7.18993476312e-7,5.28196153482e-7,3.93528893028e-7],"dmean2":[0.00114120438229,0.00119852449279,0.000945523264818,0.000262127665337,0.000116588824312,0.00010468482651,0.0000828682968859,0.0000895302000572,0.0000855523176142,0.000099955497717,0.000154721317813,0.0000743652053643,0.0000589201590628,0.0000482513023599,0.0000346720553352,0.0000407131374232,0.0000887408095878,0.0000665608167765,0.0000466377605335,0.0000439734903921,0.0000609434137004,0.0000736412766855,0.0000437071867054,0.000026201018045,0.0000276042756013,0.0000213377606997,0.0000168086371559,0.0000123582194647,0.00000876930607774,0.00000685506302034,0.00000611465429756,0.00000414508394897,0.0000037104907733,0.00000277671460935,0.0000019422270725,0.00000142047656482,0.0000011892236671,0.00000110214762117,8.1229393345e-7,5.77571256599e-7],"dvar":[0.0000044122170948,0.0000030743485695,0.00000182112523817,1.32030677946e-7,1.58386050941e-8,1.47291574493e-8,1.12879678937e-8,1.77832060189e-8,1.52556207667e-8,2.34973249746e-8,7.02192650692e-8,2.52658178823e-8,1.16026015462e-8,4.66038052593e-9,2.21080398433e-9,3.2912481629e-9,1.4893251965e-8,9.82719594589e-9,5.28843457914e-9,5.18719689424e-9,5.40664713e-9,5.89386583982e-9,1.57465640527e-9,8.08945244124e-10,9.16965503528e-10,4.58159121752e-10,4.18787171608e-10,2.49844367417e-10,1.22395607538e-10,6.87272599942e-11,6.62741389545e-11,3.49155114543e-11,3.96707597328e-11,2.20372834564e-11,1.1543274149e-11,6.43912223888e-12,5.01118851276e-12,4.10175409263e-12,2.2899219413e-12,8.13032529755e-13],"dvar2":[0.0000105438539322,0.00000795787400421,0.00000488876412419,3.74510477741e-7,4.02816660028e-8,3.80082738616e-8,2.79180216722e-8,4.62329516893e-8,3.84450196123e-8,6.39246522383e-8,1.91261634086e-7,7.00738667092e-8,2.97987998721e-8,1.27289521146e-8,5.78491166081e-9,8.18729706253e-9,3.87959175896e-8,2.45609061977e-8,1.25234898007e-8,1.31871242814e-8,1.35106867916e-8,1.56137680563e-8,3.97019972453e-9,1.95024618677e-9,2.29139174301e-9,1.18881982036e-9,9.75871161657e-10,6.53593790201e-10,3.39760442003e-10,1.83635093243e-10,1.81021669876e-10,8.73053643269e-11,9.67641106131e-11,5.36359567871e-11,2.75739136385e-11,1.39246713118e-11,1.207595135e-11,1.02675307492e-11,5.93607238017e-12,1.85870698173e-12],"max":[0.0210401639342,0.0184673983604,0.0173272378743,0.00598552264273,0.00539733376354,0.00324854208156,0.00300854817033,0.00353261316195,0.00242634257302,0.00364647433162,0.00562316784635,0.00428833160549,0.00430179014802,0.00157331768423,0.00130753056146,0.00119302107487,0.00264120777138,0.00273135257885,0.00173924560659,0.00203341874294,0.00185021967627,0.00253794598393,0.000875203404576,0.000702369783539,0.000816041138023,0.000373441609554,0.000688965839799,0.00040234514745,0.000198303474463,0.000124179394334,0.000135330512421,0.000184079588507,0.000110375280201,0.0000812937578303,0.0000742769698263,0.0000438677889179,0.0000507586373715,0.0000418653980887,0.0000303790802718,0.0000165132296388],"mean":[0.000731769192498,0.000841574976221,0.000694515067153,0.000240142282564,0.00013463551295,0.00011063014972,0.0000924404885154,0.0000875806363183,0.0000803808943601,0.0000860664440552,0.000130957734655,0.0000657811615383,0.0000581447056902,0.0000486652097607,0.0000348761277564,0.0000388022781408,0.0000849156785989,0.0000718936134945,0.0000474297958135,0.0000494644991704,0.0000771889099269,0.0000932465845835,0.0000567568458791,0.0000328624228132,0.0000331001247105,0.00002509276419,0.0000206401273317,0.0000136905073305,0.00000872546570463,0.00000693163519827,0.00000550154118173,0.00000442377859144,0.00000409051517636,0.00000314254998557,0.00000229325860346,0.00000178213679192,0.00000135938478252,0.00000117872286864,8.89430566531e-7,7.11061829861e-7],"median":[0.000154841414769,0.000378305325285,0.000307343027089,0.00013190167374,0.0000704137637513,0.0000564452639082,0.0000507001641381,0.0000443515309598,0.0000405261598644,0.0000252647369052,0.000021656474928,0.0000145454296216,0.0000187216246559,0.0000195330321731,0.0000165979072335,0.0000144109453686,0.0000330688781105,0.0000330302173097,0.0000192661609617,0.0000264860354946,0.0000472943756904,0.0000624157328275,0.0000383471415262,0.0000201578313863,0.0000207141365536,0.0000152133161464,0.0000101893019746,0.00000633435502095,0.00000421926415584,0.00000316993055094,0.00000198971611098,0.00000142104454426,0.0000012038742625,9.51606011768e-7,6.89001581122e-7,4.4659714149e-7,3.45272724189e-7,3.22082968296e-7,2.59896410171e-7,2.29864468793e-7],"min":[5.76506452068e-24,3.83421307032e-24,1.80497291571e-24,5.47501890407e-24,5.3795391244e-24,5.35280147288e-24,2.12537650321e-23,8.45948402349e-24,3.50767317051e-24,2.84611094678e-24,4.00630780996e-24,4.72636702804e-24,1.3682923352e-23,9.62341436813e-24,7.03321877369e-24,9.7495303499e-24,4.31423177571e-24,7.79323497991e-24,8.43488576274e-24,9.87679018e-24,4.42658962887e-24,1.0832618229e-23,1.49484155938e-23,9.29782701785e-24,9.8694048642e-24,1.04583297619e-23,8.38396321359e-24,7.68991865601e-24,7.60519420593e-24,1.01335722933e-23,1.15468292267e-23,8.00875256808e-24,8.38349305249e-24,7.69186162042e-24,8.3680747661e-24,1.04008383679e-23,9.11500061446e-24,9.53939752628e-24,8.86465402847e-24,9.73255169664e-24],"var":[0.00000428834437116,0.00000283237773147,0.00000177361482656,1.30718518676e-7,4.22587973503e-8,2.76809597466e-8,2.00923455651e-8,2.35783801372e-8,1.97383336342e-8,3.60204737149e-8,1.19041033031e-7,4.21902903724e-8,2.28787797596e-8,9.21260490117e-9,3.49846907e-9,6.11279471485e-9,2.6206116388e-8,1.8225858156e-8,9.32302590684e-9,9.13333408903e-9,1.16561214014e-8,1.385559667e-8,3.89149867885e-9,1.79031678371e-9,2.05353667404e-9,9.22151133231e-10,1.19106891017e-9,5.45779643701e-10,1.68197580863e-10,1.07072441191e-10,8.8089202599e-11,6.08415470782e-11,6.79995990072e-11,3.86739737457e-11,2.06085634669e-11,1.32723623758e-11,8.02805044664e-12,5.78780643204e-12,3.18835886512e-12,1.53628607232e-12]},"melbands_crest":{"dmean":3.56290888786,"dmean2":5.69583320618,"dvar":10.8818244934,"dvar2":25.7023162842,"max":31.4781265259,"mean":11.3806467056,"median":10.1080913544,"min":2.03120350838,"var":26.8968582153},"melbands_flatness_db":{"dmean":0.0220917630941,"dmean2":0.035221233964,"dvar":0.00056197901722,"dvar2":0.00134195946157,"max":0.374936044216,"mean":0.132561132312,"median":0.124540582299,"min":0.00413204496726,"var":0.00204672547989},"melbands_kurtosis":{"dmean":3.35975408554,"dmean2":5.41827583313,"dvar":94.4523086548,"dvar2":234.931274414,"max":418.28805542,"mean":3.05115914345,"median":0.420914888382,"min":-1.84383761883,"var":107.520057678},"melbands_skewness":{"dmean":0.629917740822,"dmean2":0.960784256458,"dvar":0.630595684052,"dvar2":1.33990764618,"max":17.533290863,"mean":1.39130938053,"median":1.11681103706,"min":-2.21062350273,"var":1.65706753731},"melbands_spread":{"dmean":11.6423912048,"dmean2":18.685426712,"dvar":132.202819824,"dvar2":317.17477417,"max":204.115463257,"mean":51.2689170837,"median":51.4125671387,"min":1.44109845161,"var":373.997314453},"mfcc":{"cov":[[8747.17578125,-251.505310059,315.25289917,117.425064087,-4.46030044556,245.529953003,64.9996109009,151.805480957,-48.2181549072,-15.2275133133,-38.397731781,-24.2172832489,-75.8865814209],[-251.505310059,1074.94140625,-525.181945801,191.236282349,60.3226013184,-160.691055298,-9.58339309692,-45.6433067322,34.7108192444,-17.1953525543,17.0979175568,53.2452011108,27.33477211],[315.25289917,-525.181945801,746.547851563,-13.4737291336,98.8862686157,189.409255981,4.85357999802,55.8298988342,-18.4126052856,-5.51113033295,-4.0394244194,-12.956413269,-12.1780900955],[117.425064087,191.236282349,-13.4737291336,247.382797241,79.8448486328,22.6722431183,-31.3511829376,-13.832734108,17.7524585724,-3.91874194145,-4.28110551834,25.4582614899,22.7554340363],[-4.46030044556,60.3226013184,98.8862686157,79.8448486328,209.929229736,33.6554107666,-14.5244340897,8.36804771423,14.0546827316,6.76348781586,-11.8149414063,13.0828399658,22.6923599243],[245.529953003,-160.691055298,189.409255981,22.6722431183,33.6554107666,162.96031189,57.8205947876,32.0879516602,0.233538895845,6.81691169739,-1.22753179073,-15.4115810394,-18.9131622314],[64.9996109009,-9.58339309692,4.85357999802,-31.3511829376,-14.5244340897,57.8205947876,158.304168701,52.6528358459,12.4023447037,6.387799263,-0.156642258167,-10.279545784,-20.442489624],[151.805480957,-45.6433067322,55.8298988342,-13.832734108,8.36804771423,32.0879516602,52.6528358459,101.634399414,31.2653427124,6.99001932144,6.33716392517,-3.86571335793,-11.747341156],[-48.2181549072,34.7108192444,-18.4126052856,17.7524585724,14.0546827316,0.233538895845,12.4023447037,31.2653427124,86.692855835,41.6851043701,5.7072262764,-2.01250934601,-4.61035585403],[-15.2275133133,-17.1953525543,-5.51113033295,-3.91874194145,6.76348781586,6.81691169739,6.387799263,6.99001932144,41.6851043701,80.6298980713,22.058713913,-6.87312936783,-8.29076004028],[-38.397731781,17.0979175568,-4.0394244194,-4.28110551834,-11.8149414063,-1.22753179073,-0.156642258167,6.33716392517,5.7072262764,22.058713913,74.2693099976,27.0044460297,-1.27120566368],[-24.2172832489,53.2452011108,-12.956413269,25.4582614899,13.0828399658,-15.4115810394,-10.279545784,-3.86571335793,-2.01250934601,-6.87312936783,27.0044460297,75.5538406372,38.225227356],[-75.8865814209,27.33477211,-12.1780900955,22.7554340363,22.6923599243,-18.9131622314,-20.442489624,-11.747341156,-4.61035585403,-8.29076004028,-1.27120566368,38.225227356,80.3249282837]],"icov":[[0.000125960941659,-0.00000252641916632,-0.00000105535320927,-0.0000834158199723,0.00006732546899,-0.000162496085977,0.0000767584642745,-0.000245917995926,0.000193762403796,-0.0000902912361198,0.000135253998451,-0.0000862382221385,0.000114602284157],[-0.00000252641916632,0.00206499663182,0.00122399302199,-0.00136551284231,-0.000981552177109,0.00119258009363,-0.000789825222455,0.000385691062547,-0.000566407572478,0.000991713488474,-0.00076667527901,-0.000372312904801,0.000515689316671],[-0.00000105535320927,0.00122399302199,0.00299188122153,-0.0000829102500575,-0.00136080104858,-0.00215611443855,0.000874761899468,-0.000845080998261,0.000244463648414,0.000741434574593,-0.000394636328565,-0.000389670924051,0.000305108493194],[-0.0000834158199723,-0.00136551284231,-0.0000829102500575,0.00634582387283,-0.00117899035104,-0.00274661974981,0.00180851924233,0.000708033738192,-0.00149350427091,0.000522635644302,0.000744735240005,-0.00124458421487,-0.000601957319304],[0.00006732546899,-0.000981552177109,-0.00136080104858,-0.00117899035104,0.00671723298728,-0.000972582376562,0.000812379643321,-0.000811104604509,-0.00000846533293952,-0.0015117052244,0.00185240246356,-0.000507319462486,-0.00139900133945],[-0.000162496085977,0.00119258009363,-0.00215611443855,-0.00274661974981,-0.000972582376562,0.0126207182184,-0.00493009667844,0.00033427530434,0.000640257552732,-0.000473720894661,-0.00105309823994,0.00150097254664,0.00118935503997],[0.0000767584642745,-0.000789825222455,0.000874761899468,0.00180851924233,0.000812379643321,-0.00493009667844,0.00998786557466,-0.00451813777909,0.000515376392286,-0.000664763152599,0.00130031979643,-0.00082685763482,0.000827396870591],[-0.000245917995926,0.000385691062547,-0.000845080998261,0.000708033738192,-0.000811104604509,0.00033427530434,-0.00451813777909,0.0152957625687,-0.00673908088356,0.00324795674533,-0.00221162382513,0.000312311254675,0.00046749835019],[0.000193762403796,-0.000566407572478,0.000244463648414,-0.00149350427091,-0.00000846533293952,0.000640257552732,0.000515376392286,-0.00673908088356,0.0194395761937,-0.0104356985539,0.0026596323587,-0.000826233415864,0.000608616799582],[-0.0000902912361198,0.000991713488474,0.000741434574593,0.000522635644302,-0.0015117052244,-0.000473720894661,-0.000664763152599,0.00324795674533,-0.0104356985539,0.0203118417412,-0.0073449308984,0.00379044096917,-0.000259604625171],[0.000135253998451,-0.00076667527901,-0.000394636328565,0.000744735240005,0.00185240246356,-0.00105309823994,0.00130031979643,-0.00221162382513,0.0026596323587,-0.0073449308984,0.019786182791,-0.00974848028272,0.00370088592172],[-0.0000862382221385,-0.000372312904801,-0.000389670924051,-0.00124458421487,-0.000507319462486,0.00150097254664,-0.00082685763482,0.000312311254675,-0.000826233415864,0.00379044096917,-0.00974848028272,0.0230393242091,-0.010103771463],[0.000114602284157,0.000515689316671,0.000305108493194,-0.000601957319304,-0.00139900133945,0.00118935503997,0.000827396870591,0.00046749835019,0.000608616799582,-0.000259604625171,0.00370088592172,-0.010103771463,0.0184281300753]],"mean":[-643.080871582,95.0794677734,-31.6575336456,34.6362228394,13.3025369644,0.524273395538,-1.36197376251,4.92825460434,2.51084017754,1.38349223137,0.712988734245,0.291902780533,-1.5178450346]},"pitch_salience":{"dmean":0.0690234899521,"dmean2":0.112216986716,"dvar":0.00418580044061,"dvar2":0.0102100074291,"max":0.92000323534,"mean":0.61915487051,"median":0.632904887199,"min":0.130330964923,"var":0.00922253634781},"silence_rate_20dB":{"dmean":0,"dmean2":0,"dvar":0,"dvar2":0,"max":1,"mean":1,"median":1,"min":1,"var":0},"silence_rate_30dB":{"dmean":0,"dmean2":0,"dvar":0,"dvar2":0,"max":1,"mean":1,"median":1,"min":1,"var":0},"silence_rate_60dB":{"dmean":0.0243208277971,"dmean2":0.048645850271,"dvar":0.0237315054983,"dvar2":0.0518100596964,"max":1,"mean":0.107968263328,"median":0,"min":0,"var":0.0963117405772},"spectral_centroid":{"dmean":225.815734863,"dmean2":365.027862549,"dvar":58945.9101563,"dvar2":149666.484375,"max":10866.6083984,"mean":2277.46850586,"median":2298.99853516,"min":445.308563232,"var":188299.125},"spectral_complexity":{"dmean":4.0479516983,"dmean2":6.29722261429,"dvar":18.8935832977,"dvar2":41.8729515076,"max":62,"mean":26.5738182068,"median":28,"min":0,"var":170.846069336},"spectral_contrast_coeffs":{"dmean":[0.049416732043,0.0444021746516,0.0390167534351,0.0315286815166,0.0228173490614,0.0207208413631],"dmean2":[0.0823355466127,0.0726773068309,0.0637771934271,0.0512489937246,0.0372640229762,0.0334277674556],"dvar":[0.00173289165832,0.0013441350311,0.00107629690319,0.000665431143716,0.000386065657949,0.000595056742895],"dvar2":[0.00468717701733,0.00348325585946,0.00279255351052,0.00168239546474,0.00097615912091,0.0015177911846],"max":[-0.37573236227,-0.42416882515,-0.435829997063,-0.515998959541,-0.551574230194,-0.576660215855],"mean":[-0.680469572544,-0.76344114542,-0.781585872173,-0.775994360447,-0.771684527397,-0.751079797745],"median":[-0.684015750885,-0.768894910812,-0.791005432606,-0.781000733376,-0.771428108215,-0.751772105694],"min":[-0.989757835865,-0.964181900024,-0.968742370605,-0.963043451309,-0.964136183262,-0.962260901928],"var":[0.00509124156088,0.00402128603309,0.00407054694369,0.00258867070079,0.00169978220947,0.00176041666418]},"spectral_contrast_valleys":{"dmean":[0.426862955093,0.34367787838,0.29219892621,0.244949787855,0.214139670134,0.278406858444],"dmean2":[0.666357815266,0.55971968174,0.467452228069,0.389990121126,0.338216602802,0.353151321411],"dvar":[0.161470368505,0.0917110741138,0.0714153647423,0.0586592592299,0.0753538757563,0.161169275641],"dvar2":[0.324995189905,0.217235907912,0.151552185416,0.120450668037,0.159578606486,0.266518980265],"max":[-5.30709075928,-5.20299768448,-5.46213960648,-5.78592634201,-5.35923957825,-7.63185787201],"mean":[-7.68263244629,-7.16651344299,-7.54395723343,-7.39065599442,-6.9602894783,-10.1384162903],"median":[-7.41178035736,-6.94222450256,-7.37426424026,-7.18852519989,-6.75575590134,-9.90497398376],"min":[-27.2817974091,-27.224943161,-26.9612903595,-27.0646934509,-27.1358566284,-27.2427806854],"var":[1.45567643642,1.08380794525,1.07993769646,0.957883656025,0.971353411674,1.57909750938]},"spectral_decrease":{"dmean":1.51357237854e-9,"dmean2":2.31447172538e-9,"dvar":6.9977387055e-18,"dvar2":1.49793061792e-17,"max":2.91200476728e-18,"mean":-4.08356726211e-9,"median":-3.27829741131e-9,"min":-2.67514828067e-8,"var":1.39759708378e-17},"spectral_energy":{"dmean":0.00614209100604,"dmean2":0.0093164537102,"dvar":0.000108821746835,"dvar2":0.000230989608099,"max":0.111013174057,"mean":0.0176306888461,"median":0.0143537130207,"min":1.02796077323e-20,"var":0.000240759036387},"spectral_energyband_high":{"dmean":0.000480088521726,"dmean2":0.000734275032301,"dvar":0.00000110875623704,"dvar2":0.0000026701020488,"max":0.0155230481178,"mean":0.00105812842958,"median":0.000498279929161,"min":7.45313238703e-21,"var":0.00000244146121986},"spectral_energyband_low":{"dmean":0.00392093556002,"dmean2":0.00618973607197,"dvar":0.0000818818516564,"dvar2":0.000180590111995,"max":0.0794523283839,"mean":0.00528366025537,"median":0.00220590503886,"min":2.73073510901e-23,"var":0.000099909833807},"spectral_energyband_middle_high":{"dmean":0.00214117974974,"dmean2":0.00334208575077,"dvar":0.00000801694841357,"dvar2":0.0000194906024262,"max":0.0513678751886,"mean":0.00748061016202,"median":0.00566916912794,"min":1.36478055995e-21,"var":0.0000410234097217},"spectral_energyband_middle_low":{"dmean":0.00237251631916,"dmean2":0.00389748322777,"dvar":0.0000190682512766,"dvar2":0.0000503448682139,"max":0.064490839839,"mean":0.00495572248474,"median":0.00368876080029,"min":2.02636960022e-22,"var":0.0000276921145996},"spectral_entropy":{"dmean":0.104422040284,"dmean2":0.15490360558,"dvar":0.0129827409983,"dvar2":0.0241386406124,"max":9.8117351532,"mean":7.80916309357,"median":7.82088947296,"min":6.40545034409,"var":0.0736523941159},"spectral_flux":{"dmean":0.0184540841728,"dmean2":0.0276390556246,"dvar":0.000664420891553,"dvar2":0.00130945851561,"max":0.289752393961,"mean":0.0759986415505,"median":0.0713680684566,"min":1.01388397677e-10,"var":0.00204683979973},"spectral_kurtosis":{"dmean":1.5859657526,"dmean2":2.66845536232,"dvar":3.74871635437,"dvar2":11.0750169754,"max":25.8317890167,"mean":5.1068854332,"median":4.61289787292,"min":-1.19508934021,"var":8.01544761658},"spectral_rms":{"dmean":0.000623747648206,"dmean2":0.000920791237149,"dvar":7.29928615328e-7,"dvar2":0.00000141398538744,"max":0.0104069942608,"mean":0.00374883902259,"median":0.00374214118347,"min":3.16684157196e-12,"var":0.00000314693170367},"spectral_rolloff":{"dmean":495.206848145,"dmean2":826.388244629,"dvar":533355.875,"dvar2":1253591.625,"max":19315.2832031,"mean":2812.15649414,"median":2691.65039063,"min":86.1328125,"var":1162021.5},"spectral_skewness":{"dmean":0.202812850475,"dmean2":0.334667563438,"dvar":0.046517342329,"dvar2":0.130601391196,"max":2.83668446541,"mean":1.34710633755,"median":1.33760023117,"min":-0.0184734147042,"var":0.11217302829},"spectral_spread":{"dmean":424797.3125,"dmean2":569627.75,"dvar":352984334336,"dvar2":525226606592,"max":40468136,"mean":3679438,"median":3528057,"min":1371133.75,"var":1500440690690},"spectral_strongpeak":{"dmean":0.777041971684,"dmean2":1.33073341846,"dvar":1.55917418003,"dvar2":3.9572532177,"max":16.9984397888,"mean":1.07649934292,"median":0.38263502717,"min":0,"var":2.61011385918},"zerocrossingrate":{"dmean":0.00962354149669,"dmean2":0.0115323066711,"dvar":0.000107439140265,"dvar2":0.000136642629514,"max":0.51416015625,"mean":0.0929641872644,"median":0.09130859375,"min":0.015625,"var":0.000809037359431}},"metadata":{"audio_properties":{"analysis_sample_rate":44100,"bit_rate":320000,"codec":"mp3","downmix":"mix","equal_loudness":0,"length":269.217956543,"lossless":false,"md5_encoded":"412ce3115c9ba974ed59f4c544f09b80","replay_gain":-10.8985462189,"sample_rate":44100},"tags":{"acoustid_fingerprint":["AQADtEoShUsSMRraJaJw_DiH6nsQ-Yco5FyD4xd-5D3E68GRT_3gtER95IF2Wkifoj0e4kxYBaF3yB-Rj7iSw53QG08UBbnx1IHm5JgTPhDHBfnxK4QbVUK9C89e9GhUZsKVIN5VXPWgGuFDHtOPF2UPa0YrD92qICf8Q9RfnNqhK-WCc0Hgo4-Oc0e8tSoSL3lQLYp0XMEP98cT4ceZEqHcQ40jTQny_rgy48uOHH2DfhaeJA_UrGjy5CizB2dYHNGPMM9QeXmgaIFz5Ml2uMrxof_RI_2hJ2mRi8e3BZV3PJhOdAkx80qGUFQONz76D_mFmKqNOj90hN9w7-gfOJJyPHkc5BbEEzm-J8ETS0Ko3KiOZjy-zFD8JoH21BBzPCQFZyh14olCQfMyZBrZ4IcZZRceGhdLgor6wafRh0eWd2gqUlCp5CFugox1tJ1h1HIZXNwRPoI_9M2EPbPwHqe040d_Cc1lIVeYQieRo2o-WHuw57h-mCOeIz6oQ9Zq_OCo41PhHZq2sEZOnviM5vgRUjr6uviSQ4d_tBmLQ9ETHoa-4xM14UKuSIcvlA--R3h6oTkqKj56RIqTQY8WESEP_xM-Hrfg-Dil4gvhB-E_0IF6dGWMHz_EFu2JPCcuJkejZwjP45ClHCUzI_8IV_JRlrh4nAiPk9BjhNbx4wyN7ob3rPiRH_rQi8TJ4w7KhzizQ3kikgj9FM1ETP3xcEd4DU2Orx-e8WiOUNRyPMcj4cmFHH1qOB_64yI-otIP6ykqMccjHYdui2jOoHJs6PnwrBKqD2mlCGWZ4Tey50mhS0GVbUMYMxa-NkZ8Hf7BDVqS-NB-9GEQ5pXQJ0dzPC9mHslkH2G0cxgdLwlOMBmToTWmnJlQSYqCRjwqHuVTOLAUcZGE6keeHb0hMg-FWD6x7RoeLcuNkgaDS6KQ5gu05ciXpcNV5cXR-AFzIlaFdgwFKysqoh9yhF2hM-mHz8j6GD4eJUq4IicLdofWzUGYdSk-Ec1fhBIv6D26_EeTesi74yLCDLrCHP6R5VtwTUV_mNOD52iyMQaf3fglNNoQy-qgNybCRktxlcePh3XwDTnqDclCSrh0_GBZPF-Q39DyI-wSpXim5fhU5EshlVcQXvgoFk_wIyfEUCXCicMf9Edu6MjJFN8I_od1IX_whDp0-SL-48yDnj6YHg3z49VHHKprNCfCDU8vtKQK_0GfE6d0_DizI2xg5UefWMHr4yTBH80GKX3wx0eYz6hPXDeO0pYQJhUNPceR68KPL5MQUj5Eqehz9Duai_jCQf9x4kQXFsqyKDnOUghfHDmzo_IgKtqO_DiPHt-L6kaYZz-uC_pRbGMhdviG5_DsBeIj1BZeozH64NCjsYh81Aq6z8iF6RDj_KgO9gy-ROhCQ3yI_sd38CP0SCL6o9GU4D6qH6KDaydSFieP5soQU-h4Y8ojXLuOP7iJsIOvZyh1fCLqMThPHE6To5bGINQP8fg8_MEW8TgXQV9g5yh_ZNsyqci3HbWCJjl0vTiPLHmUg7FylDxMifiN-8h_9MwINXI19NIDZy90_WhC5GGLhwWTXA_C23hSQT_yiHiPp2geVD8ik8ftoKkynPBxw9cT1MqR60Et7fCOkHpwXBkUWkdfND-eB28O_Qev49