{"lowlevel":{"average_loudness":0.867958724499,"barkbands":{"dmean":[0.00552436662838,0.0107117006555,0.00340479449369,0.0017514139181,0.00231870450079,0.0013509655837,0.00149118143599,0.000703988305759,0.000836991705,0.000824955233838,0.000945819017943,0.000841225148179,0.000474931206554,0.000628017063718,0.000293142307783,0.000255107501289,0.000137000970426,0.000126055281726,0.000112487468868,0.0000714843554306,0.0000900891682249,0.000098624783277,0.0000367028223991,0.00001328804683,0.00000313341297442,0.0000171283663803,0.000160039766342],"dmean2":[0.0090020224452,0.0182239282876,0.00571209704503,0.00297445361502,0.00365810631774,0.00213452428579,0.00229656160809,0.00110513053369,0.00132095068693,0.00132978812326,0.00155931548215,0.00139567570295,0.000799097819254,0.00102844345383,0.0004814855929,0.000407872430515,0.000219796129386,0.000196293898625,0.000170626561157,0.000106765124656,0.000132094632136,0.000142083736137,0.0000516511427122,0.0000187540608749,0.00000515617193741,0.0000243888825935,0.00023280804453],"dvar":[0.0000755279615987,0.000256251165411,0.0000240620865952,0.00000699569181961,0.0000148121798702,0.00000643975727144,0.00000785880092735,0.00000517137186762,0.00000285586611426,0.00000276559057966,0.00000304740160573,0.00000246961712946,5.08538334998e-7,9.60388547355e-7,1.85644225326e-7,1.90034867842e-7,5.15207574381e-8,4.00895743269e-8,3.74668935876e-8,1.83757293826e-8,7.42907459994e-8,1.28817319478e-7,1.35439623961e-8,2.54667709143e-9,2.5004201834e-11,2.3928772297e-9,4.96154477503e-8],"dvar2":[0.000187349447515,0.000679790740833,0.000062755367253,0.000018733971956,0.0000316268160532,0.0000150217729242,0.0000171471929207,0.00000954805000219,0.00000648515515422,0.00000707059416527,0.00000813207225292,0.0000062965214056,0.00000138481300382,0.00000247383741225,4.98009285366e-7,4.74012978202e-7,1.28487698703e-7,8.95091503139e-8,8.32121074268e-8,3.89470145024e-8,1.3178033953e-7,2.52541269674e-7,2.12989554882e-8,4.23268842198e-9,6.20625634218e-11,3.58301877057e-9,1.02574617244e-7],"max":[0.118455827236,0.141629710793,0.0905008614063,0.040099542588,0.0886248275638,0.0641121342778,0.0827780514956,0.129641264677,0.0353912785649,0.0399193651974,0.0347908437252,0.0507732108235,0.0137129528448,0.0163775105029,0.0085610607639,0.0140726314858,0.00635663280264,0.00594838662073,0.004182246048,0.00313871679828,0.0104081770405,0.0149261476472,0.00627868296579,0.0037094084546,0.0000602815125603,0.00327680981718,0.00386294978671],"mean":[0.00725812325254,0.0126964775845,0.0045066694729,0.00230375048704,0.00380834727548,0.00223556556739,0.00242608459666,0.00105543062091,0.00157762249,0.0013481436763,0.00142935244367,0.00148928817362,0.000865246343892,0.00120045931544,0.000583276269026,0.000498915032949,0.000254244194366,0.000239726912696,0.000209725752939,0.00013669616601,0.00016661605332,0.000166243626154,0.0000642379673081,0.0000213942348637,0.00000338400036526,0.0000283238932752,0.000416718248744],"median":[0.00417081080377,0.00703218579292,0.00255653471686,0.0011752002174,0.00233517750166,0.00119693088345,0.00116747024003,0.000483742391225,0.000694564485457,0.000646855158266,0.000769202015363,0.000963524391409,0.00059523829259,0.000766166602261,0.000401060620788,0.000291597069008,0.000147745333379,0.000137191716931,0.000116284478281,0.000072493130574,0.0000716501599527,0.0000605333334533,0.0000225701096497,0.00000862640808919,0.00000148854508097,0.0000123935442389,0.000317511265166],"min":[2.03787263485e-25,5.22955260606e-24,1.38874515161e-24,8.1700928656e-25,8.39410323167e-24,1.39450996961e-23,5.61070258533e-24,1.48457248366e-23,2.49507364208e-23,2.44719720043e-23,2.24729653383e-23,2.95355739139e-23,2.37234960442e-23,3.92147426042e-23,3.62722535624e-23,5.60918915569e-23,8.05542915229e-23,9.88691489417e-23,1.28887376356e-22,1.60336483857e-22,2.97197451673e-22,2.89858394682e-22,4.47246469885e-22,6.01245750101e-22,8.18454826443e-22,1.31287992425e-21,2.08345813864e-21],"var":[0.0000937785371207,0.000259597698459,0.0000342495222867,0.0000105232966234,0.000027632484489,0.0000118022062452,0.0000160753897944,0.00000955715131568,0.00000822122183308,0.00000478220727018,0.00000443493308921,0.00000449109984402,9.8336749943e-7,0.00000206448521567,4.10672157614e-7,4.64162553726e-7,1.14470637413e-7,1.00195812536e-7,8.06384718999e-8,4.69254075597e-8,2.03791785225e-7,2.91144488074e-7,4.41074412549e-8,6.39339781117e-9,2.81956142462e-11,6.84916212634e-9,1.43178780831e-7]},"barkbands_crest":{"dmean":2.80515742302,"dmean2":4.53308963776,"dvar":6.01813030243,"dvar2":15.7503461838,"max":23.1812400818,"mean":9.12362098694,"median":8.50907325745,"min":2.64198923111,"var":12.2570400238},"barkbands_flatness_db":{"dmean":0.0231740828604,"dmean2":0.0369451865554,"dvar":0.000427406193921,"dvar2":0.00105537450872,"max":0.354047238827,"mean":0.122874259949,"median":0.117655016482,"min":0.0312356706709,"var":0.00162490620278},"barkbands_kurtosis":{"dmean":3.19279718399,"dmean2":5.28901815414,"dvar":25.8811988831,"dvar2":67.8208618164,"max":136.388183594,"mean":5.09635972977,"median":3.15031719208,"min":-1.89451861382,"var":53.1431350708},"barkbands_skewness":{"dmean":0.578713059425,"dmean2":0.92912209034,"dvar":0.329612582922,"dvar2":0.81960952282,"max":10.5482206345,"mean":1.7614274025,"median":1.62344276905,"min":-2.37401795387,"var":1.0085259676},"barkbands_spread":{"dmean":5.8079199791,"dmean2":8.99229621887,"dvar":41.7983131409,"dvar2":90.0450210571,"max":134.208297729,"mean":23.8226585388,"median":22.1218795776,"min":1.33816349506,"var":143.695220947},"dissonance":{"dmean":0.0165901239961,"dmean2":0.0279626976699,"dvar":0.000249559641816,"dvar2":0.000688549480401,"max":0.500000059605,"mean":0.470403134823,"median":0.476060152054,"min":0.305031657219,"var":0.000500361784361},"dynamic_complexity":2.43408799171,"erbbands":{"dmean":[0.45632365346,2.01854801178,4.07913446426,4.63336229324,6.86453437805,8.04317951202,11.0381135941,11.3698759079,14.9577493668,28.8016452789,12.9987516403,19.268283844,19.6449375153,29.5972328186,36.3285713196,28.457950592,20.9327640533,29.9967384338,18.3678951263,14.1556682587,11.4130439758,7.5916223526,6.68012142181,6.27807950974,5.04700660706,3.24551749229,3.24683356285,4.17121553421,3.63061237335,2.22368717194,0.891153275967,0.388354450464,0.163326144218,0.0412908531725,0.0222185999155,0.0250371210277,0.0371013507247,0.0417157150805,0.0143610462546,0.00498727802187],"dmean2":[0.783198356628,3.4652762413,6.91478538513,7.7167134285,11.2899141312,12.7728271484,17.3627147675,17.9315280914,24.1091175079,43.2372703552,20.0434417725,30.2757453918,31.6912670135,48.0823173523,59.5927696228,47.1320800781,34.7112960815,48.933139801,29.9178371429,22.8226852417,18.1198978424,12.0811443329,10.2705554962,9.53506755829,7.71379184723,4.7878408432,4.75930404663,6.11492538452,5.28208255768,3.09878730774,1.22618293762,0.546585142612,0.23793913424,0.0661239996552,0.0364000573754,0.0377866998315,0.0525178387761,0.0577580519021,0.0205696672201,0.00718978466466],"dvar":[0.508216738701,10.137969017,37.6420516968,44.0629043579,94.2012863159,262.726287842,462.294921875,585.555725098,851.661621094,4379.89257812,1666.63354492,1653.40576172,1817.75610352,3108.20727539,4060.90722656,2762.80761719,854.317504883,2164.39770508,753.084472656,513.837768555,371.836547852,164.629730225,111.439949036,111.285331726,74.0556869507,39.467376709,84.8905792236,193.850128174,161.303161621,53.0337104797,9.15299797058,3.19352722168,0.215110048652,0.00432853912935,0.00123713572975,0.00260617700405,0.0157564356923,0.0153835350648,0.00079460174311,0.0000379849261662],"dvar2":[1.37190127373,26.9780521393,98.6394805908,112.892997742,235.825805664,562.842041016,1018.89001465,1433.61743164,2010.85473633,9029.37988281,3289.07641602,3646.69824219,4482.44189453,8463.48925781,10591.9150391,7172.48583984,2305.89331055,5624.58154297,1955.47680664,1304.21691895,920.033569336,401.989593506,248.690109253,239.413848877,168.360961914,81.2461090088,164.437927246,359.972259521,315.391174316,94.1474990845,14.1303825378,5.87408781052,0.352215826511,0.0100507866591,0.00306768645532,0.00485650915653,0.0260393265635,0.0272231157869,0.00158291205298,0.0000784659496276],"max":[6.86634922028,31.2963943481,104.61566925,122.394294739,127.531776428,493.25213623,510.581054688,770.040466309,737.791625977,2004.83203125,1708.20117188,955.505554199,1125.33508301,1333.828125,1417.4206543,2137.76733398,449.2706604,889.741149902,607.0234375,661.10748291,408.507568359,408.357635498,303.068756104,296.600769043,148.210403442,145.889450073,370.634552002,498.17980957,470.885314941,277.862670898,198.031143188,141.950485229,24.1926860809,1.09997558594,0.423986077309,2.00513029099,9.51656913757,4.86986255646,0.686367273331,0.0995382294059],"mean":[0.540804684162,2.22304296494,5.28817987442,6.69588851929,10.1303701401,12.0146284103,17.0547790527,18.3542079926,23.7564125061,45.6314659119,23.1374950409,36.4427108765,35.1273574829,51.6628761292,63.6712493896,55.5997467041,42.6072883606,57.9335708618,40.0389099121,30.7245140076,23.6111698151,14.8394517899,13.1732435226,12.0892124176,9.43877124786,6.36731672287,6.16481304169,7.11228895187,6.11022758484,3.83144593239,1.55058014393,0.639378905296,0.25674444437,0.0519277267158,0.0250411853194,0.0373035259545,0.0602486692369,0.0709119439125,0.0283883791417,0.0201470013708],"median":[0.296816051006,1.1194486618,2.97876954079,3.95444512367,6.17799901962,6.69788169861,8.22493267059,9.65903663635,12.8108091354,18.0349788666,11.2451686859,15.6831874847,17.7922611237,28.8167991638,38.6794242859,38.2985610962,30.8921279907,37.1559791565,27.7320079803,19.793094635,14.1916275024,8.84216117859,7.68834590912,6.88198709488,5.26403093338,3.42786812782,3.016102314,2.70286488533,2.17001461983,1.37960422039,0.555178582668,0.254659771919,0.103991374373,0.0254111085087,0.011701551266,0.0188677776605,0.0261531881988,0.0298111382872,0.0166579857469,0.0157106462866],"min":[1.63895508717e-22,1.11505047191e-21,1.03923601643e-21,4.38297561094e-21,1.86052759173e-20,2.00883735971e-20,5.07446516039e-20,1.03067492731e-19,1.27898549991e-19,1.35446521381e-19,3.85415991776e-19,5.92013371199e-19,7.93610676465e-19,6.19198765428e-19,1.35595044245e-18,1.26111459881e-18,1.33975517664e-18,2.03208518682e-18,2.75450358159e-18,3.28527146626e-18,4.32476204509e-18,4.08996848258e-18,5.41641918285e-18,6.74227431307e-18,7.24787150529e-18,7.94145665866e-18,1.12487869639e-17,1.07141975048e-17,1.0965422183e-17,9.86433890857e-18,9.89829632708e-18,1.08359278853e-17,9.38924110631e-18,8.32684506913e-18,6.44297679281e-18,4.12469517906e-18,2.28053570804e-18,1.04574540843e-18,2.59182569283e-19,2.928691443e-20],"var":[0.502267241478,9.73879528046,47.6360321045,70.8231277466,151.480895996,413.342926025,961.405151367,969.1328125,1707.86242676,8507.32226562,3167.78564453,4858.60644531,3163.19262695,5182.07177734,7089.87890625,5024.8671875,1947.99365234,4663.98388672,1913.07250977,1343.68920898,920.126281738,381.950592041,296.895294189,267.23248291,161.597702026,101.658508301,199.910797119,504.684783936,383.302307129,133.638153076,29.2525024414,7.18992424011,0.606516778469,0.00643354607746,0.0014184715692,0.00581683218479,0.0388461612165,0.0361871831119,0.00187704723794,0.00022790771618]},"erbbands_crest":{"dmean":2.17258763313,"dmean2":3.56744217873,"dvar":4.06535816193,"dvar2":9.95293903351,"max":28.0610351562,"mean":7.4585018158,"median":6.72136116028,"min":2.44100499153,"var":9.72270107269},"erbbands_flatness_db":{"dmean":0.0181473176926,"dmean2":0.0270549058914,"dvar":0.000257008592598,"dvar2":0.000547323259525,"max":0.307592839003,"mean":0.13645029068,"median":0.132606998086,"min":0.033738527447,"var":0.00107239629142},"erbbands_kurtosis":{"dmean":0.793872356415,"dmean2":1.262819767,"dvar":2.61316943169,"dvar2":6.65401411057,"max":61.544708252,"mean":0.595746576786,"median":0.180175811052,"min":-1.62830722332,"var":6.84305429459},"erbbands_skewness":{"dmean":0.298871099949,"dmean2":0.466303050518,"dvar":0.0734916478395,"dvar2":0.174728646874,"max":5.89334535599,"mean":0.0495546758175,"median":0.0139431301504,"min":-2.84182572365,"var":0.367369234562},"erbbands_spread":{"dmean":6.07761764526,"dmean2":9.37479305267,"dvar":34.5900688171,"dvar2":76.478805542,"max":123.195091248,"mean":28.7824954987,"median":26.8988723755,"min":3.361536026,"var":139.236587524},"gfcc":{"cov":[[19241.8710938,790.431335449,-1914.87353516,171.221008301,-186.550292969,-149.478225708,328.455688477,-285.662567139,182.952392578,-6.42948198318,-37.3481063843,136.378967285,-252.003570557],[790.431335449,766.506774902,-33.4026260376,-288.354003906,108.564918518,2.17903470993,-13.0391931534,-40.242855072,16.6012954712,-26.0283222198,19.6044654846,-89.1545257568,84.5661087036],[-1914.87353516,-33.4026260376,436.448303223,20.9076709747,-14.6723432541,74.6123428345,-64.0519943237,57.2846221924,-53.0691680908,2.06452798843,-14.3370141983,-21.7558517456,37.3703231812],[171.221008301,-288.354003906,20.9076709747,322.000427246,8.61370182037,-31.1244621277,51.5211791992,-4.81929922104,-3.35221600533,-20.3829994202,-3.68945932388,69.9841156006,-70.9415054321],[-186.550292969,108.564918518,-14.6723432541,8.61370182037,142.54699707,16.698600769,20.04164505,-6.70288658142,-1.05183053017,-13.7799940109,13.7583990097,-6.84378862381,13.1311540604],[-149.478225708,2.17903470993,74.6123428345,-31.1244621277,16.698600769,127.271286011,-10.684753418,19.3099822998,-15.1411714554,22.3221969604,-1.66184723377,-7.07430648804,21.4864006042],[328.455688477,-13.0391931534,-64.0519943237,51.5211791992,20.04164505,-10.684753418,149.886642456,15.4806013107,44.749797821,-21.0756111145,-7.29706478119,19.3644981384,-23.2305164337],[-285.662567139,-40.242855072,57.2846221924,-4.81929922104,-6.70288658142,19.3099822998,15.4806013107,113.152832031,16.8533229828,13.4285726547,2.33912229538,-10.5150003433,9.85831832886],[182.952392578,16.6012954712,-53.0691680908,-3.35221600533,-1.05183053017,-15.1411714554,44.749797821,16.8533229828,89.2680130005,28.9270801544,11.0124464035,10.2479352951,-23.3713245392],[-6.42948198318,-26.0283222198,2.06452798843,-20.3829994202,-13.7799940109,22.3221969604,-21.0756111145,13.4285726547,28.9270801544,76.4167785645,30.1312217712,0.0820769742131,4.41339635849],[-37.3481063843,19.6044654846,-14.3370141983,-3.68945932388,13.7583990097,-1.66184723377,-7.29706478119,2.33912229538,11.0124464035,30.1312217712,52.7028274536,21.8636550903,5.57936286926],[136.378967285,-89.1545257568,-21.7558517456,69.9841156006,-6.84378862381,-7.07430648804,19.3644981384,-10.5150003433,10.2479352951,0.0820769742131,21.8636550903,71.9085083008,-4.06115341187],[-252.003570557,84.5661087036,37.3703231812,-70.9415054321,13.1311540604,21.4864006042,-23.2305164337,9.85831832886,-23.3713245392,4.41339635849,5.57936286926,-4.06115341187,77.7800216675]],"icov":[[0.000194442865904,-0.000728936807718,0.00100690091494,-0.00064809306059,0.00074493518332,-0.00045625178609,-0.0000237650401687,-0.000318383739796,0.000665186322294,-0.000787881726865,0.000994173926301,-0.000718272523955,0.000516924308613],[-0.000728936807718,0.0059880851768,-0.0040279449895,0.0043041720055,-0.00424159318209,0.00175931956619,-0.0000898370053619,0.00309078604914,-0.00518706208095,0.00648524239659,-0.00733862118796,0.00636671157554,-0.00426747696474],[0.00100690091494,-0.0040279449895,0.00854372698814,-0.00475676730275,0.0046560280025,-0.00412015849724,0.00122457719408,-0.00324694183655,0.0040456559509,-0.00351120275445,0.00526500865817,-0.00255987257697,0.00123114790767],[-0.00064809306059,0.0043041720055,-0.00475676730275,0.0102565810084,-0.00570638198406,0.00378273916431,-0.00167637062259,0.00103850429878,0.000463621778181,0.00150967924856,-0.00106287293602,-0.00393801694736,0.00407114019617],[0.00074493518332,-0.00424159318209,0.0046560280025,-0.00570638198406,0.0131556335837,-0.00470942957327,-0.000730731466319,-0.000559921143577,0.00111323688179,0.00107742997352,-0.00210333638825,0.0016188955633,-0.000975031987764],[-0.00045625178609,0.00175931956619,-0.00412015849724,0.00378273916431,-0.00470942957327,0.0124100353569,-0.00153672532178,-0.000481800816488,0.00276359706186,-0.00532216299325,0.0029321052134,-0.00205473648384,-0.000177591646207],[-0.0000237650401687,-0.0000898370053619,0.00122457719408,-0.00167637062259,-0.000730731466319,-0.00153672532178,0.0106807211414,-0.0017422225792,-0.00637195585296,0.005256626755,0.000601876701694,-0.000721338030417,-0.000431716238381],[-0.000318383739796,0.00309078604914,-0.00324694183655,0.00103850429878,-0.000559921143577,-0.000481800816488,-0.0017422225792,0.0127901090309,-0.00600290158764,0.00367379793897,-0.00613227579743,0.00711502553895,-0.00499941594899],[0.000665186322294,-0.00518706208095,0.0040456559509,0.000463621778181,0.00111323688179,0.00276359706186,-0.00637195585296,-0.00600290158764,0.0271491631866,-0.0184836965054,0.0114787584171,-0.0123689491302,0.0119175827131],[-0.000787881726865,0.00648524239659,-0.00351120275445,0.00150967924856,0.00107742997352,-0.00532216299325,0.005256626755,0.00367379793897,-0.0184836965054,0.0360309258103,-0.0259904395789,0.0156874805689,-0.00906212162226],[0.000994173926301,-0.00733862118796,0.00526500865817,-0.00106287293602,-0.00210333638825,0.0029321052134,0.000601876701694,-0.00613227579743,0.0114787584171,-0.0259904395789,0.0465293526649,-0.0246003959328,0.00850477535278],[-0.000718272523955,0.00636671157554,-0.00255987257697,-0.00393801694736,0.0016188955633,-0.00205473648384,-0.000721338030417,0.00711502553895,-0.0123689491302,0.0156874805689,-0.0246003959328,0.0358747839928,-0.0134031260386],[0.000516924308613,-0.00426747696474,0.00123114790767,0.00407114019617,-0.000975031987764,-0.000177591646207,-0.000431716238381,-0.00499941594899,0.0119175827131,-0.00906212162226,0.00850477535278,-0.0134031260386,0.0257967542857]],"mean":[19.5748901367,96.7686462402,-92.5002441406,-2.09748101234,-16.1962451935,-6.03246498108,0.941335976124,-21.3553791046,-0.0704741030931,-6.78834819794,-5.01000976562,0.155326217413,-8.6243314743]},"hfc":{"dmean":71.4404373169,"dmean2":110.806587219,"dvar":8822.61425781,"dvar2":20752.4375,"max":2167.47973633,"mean":258.367370605,"median":203.831680298,"min":1.0483566646e-16,"var":38421.125},"melbands":{"dmean":[0.00358110270463,0.00226135435514,0.000821189023554,0.00053063017549,0.000366740947356,0.000257359497482,0.000235945626628,0.000280111358734,0.000111965659016,0.00012016632536,0.000101615180029,0.000123719597468,0.000136957445648,0.000104897051642,0.000063610394136,0.000045039687393,0.0000605520908721,0.0000358791876351,0.0000217837023229,0.0000204820116778,0.0000130234793687,0.00000904318858375,0.00000583614200877,0.00000695878452461,0.00000539399161426,0.00000419271600549,0.00000308588414555,0.00000214745455196,0.00000222443804887,0.00000207545713238,0.00000281826419268,0.00000235635343415,0.00000174156639332,0.00000107096468582,5.74780813167e-7,3.37768625513e-7,2.08079143249e-7,1.34264638518e-7,5.96168376887e-8,2.83459886674e-8],"dmean2":[0.00608440721408,0.00384522764944,0.00136748387013,0.000851491815411,0.000572949880734,0.000406085920986,0.000373599585146,0.000419833610067,0.000171442356077,0.000190379272681,0.000164302211488,0.000201064991415,0.000225213632802,0.000174200802576,0.000106903768028,0.0000743899436202,0.0000992278655758,0.0000589256414969,0.0000356907112291,0.0000330467591994,0.0000208240580832,0.0000145704134411,0.00000910357084649,0.0000110813280116,0.00000833307967696,0.00000644897772872,0.00000478017227579,0.00000320588605973,0.00000338726249538,0.00000310447762786,0.00000425297821494,0.0000035465302517,0.00000249798222285,0.00000151798280967,8.16017745819e-7,4.87057263854e-7,2.96567435498e-7,1.97712523686e-7,9.32121011488e-8,4.6742048454e-8],"dvar":[0.0000290028947347,0.0000112286443255,0.0000012933543303,8.40540621994e-7,4.84687348035e-7,2.60789676076e-7,1.81358416285e-7,4.35571223534e-7,1.04232810827e-7,5.99095031362e-8,4.98902856805e-8,5.51403260829e-8,5.93721445341e-8,4.1734594447e-8,8.82088624365e-9,4.8977875089e-9,8.9402680814e-9,3.2243803183e-9,1.05231157121e-9,1.28589683346e-9,4.85465001532e-10,2.49757658999e-10,9.22433102124e-11,1.26217536423e-10,8.6365921359e-11,5.13022645199e-11,2.85297393349e-11,2.00968026942e-11,4.73912020738e-11,4.09677361479e-11,1.03471620161e-10,7.54528800551e-11,4.31622827757e-11,1.07505584296e-11,4.07901967411e-12,2.50221674977e-12,7.81075616511e-13,1.63383602437e-13,1.62670238065e-14,2.09254280367e-15],"dvar2":[0.0000769872785895,0.0000292837394227,0.00000336974380843,0.00000179535948064,0.00000105112678739,6.28700377092e-7,4.19667685492e-7,8.64953619839e-7,2.0401432721e-7,1.37391339194e-7,1.23326373114e-7,1.49159205876e-7,1.5581534285e-7,1.05953418483e-7,2.44463720378e-8,1.34694246867e-8,2.31792309791e-8,8.41545766406e-9,2.74702971481e-9,3.23008042535e-9,1.21400667297e-9,6.33055274868e-10,2.15743201082e-10,2.93008006746e-10,1.9466818435e-10,1.15439706405e-10,6.84785422811e-11,4.2349183188e-11,1.09471168241e-10,7.515379985e-11,2.11964404362e-10,1.56624824221e-10,9.08403074984e-11,1.77697752346e-11,7.10625568806e-12,5.03852818842e-12,1.33380882294e-12,2.72814838212e-13,3.48503608513e-14,5.2033598174e-15],"max":[0.0467754267156,0.0407450944185,0.018003102392,0.0235811583698,0.0185046866536,0.0151021983474,0.00951441656798,0.0223718993366,0.0114882867783,0.00563311763108,0.00604514637962,0.00518060056493,0.0047246394679,0.00749387452379,0.00236168527044,0.00135827076156,0.00169875298161,0.00113349710591,0.000621480518021,0.00113620457705,0.000449237064458,0.000477316614706,0.000256446335698,0.000309246708639,0.0002427817235,0.00014245606144,0.000120542252262,0.000115233800898,0.000299160630675,0.000297651829896,0.000429007486673,0.000338282057783,0.000252890225966,0.000140725067467,0.000126742743305,0.000124791622511,0.0000673313261359,0.0000198189336515,0.00000326474378198,5.54373173145e-7],"mean":[0.00456305081025,0.00287290546112,0.00127789971884,0.00082563480828,0.000580487248953,0.000422849989263,0.00039040739648,0.000441443291493,0.000193209009012,0.00022385972261,0.000173965570866,0.0002068374597,0.000218151631998,0.000177513778908,0.000115674069093,0.000085880223196,0.000111503708467,0.0000694296177244,0.0000431564840255,0.0000392268884752,0.0000242777950916,0.0000159838273248,0.0000108834074126,0.0000123646004795,0.00000957688462222,0.00000741160465623,0.00000553343534193,0.00000388325497624,0.00000389180422644,0.00000359055889021,0.00000440542316937,0.00000365026676263,0.00000282182122646,0.00000180003166861,9.50879496031e-7,5.39327800197e-7,3.27724450244e-7,2.06262498637e-7,8.12160081409e-8,3.00225657668e-8],"median":[0.00280584511347,0.00166982016526,0.000801458547357,0.000500007590745,0.000293087708997,0.000227316340897,0.000212531740544,0.000176981528057,0.0000846495313453,0.00009727502038,0.0000859646315803,0.000109184664325,0.000123454607092,0.000109810724098,0.000079967037891,0.0000586265377933,0.0000697838549968,0.0000461258314317,0.0000289284307655,0.0000232617458096,0.000014186685803,0.00000896318215382,0.0000061059708969,0.00000696946608514,0.00000528001010025,0.00000409224685427,0.00000290620005217,0.00000198513157557,0.00000185849921763,0.00000155201348662,0.00000151426240791,0.00000123594827528,0.00000100295642369,6.28111479273e-7,3.28723217535e-7,2.00372795689e-7,1.25742900536e-7,7.75495863081e-8,3.79738267497e-8,1.27893109436e-8],"min":[1.95483223023e-24,7.83494037964e-25,1.12724584735e-24,1.31561291392e-24,2.26884265229e-24,2.73868584086e-24,1.92976834434e-24,1.05660828367e-24,3.17341170294e-24,3.927537682e-24,4.10102515556e-24,1.93002748514e-24,3.99254100388e-24,3.38706580443e-24,2.74778495697e-24,2.78695150648e-24,3.71230566148e-24,3.38972742113e-24,2.49338283706e-24,4.44473816285e-24,3.68813732992e-24,4.32983307783e-24,3.61697418766e-24,4.69874624674e-24,3.9045526418e-24,5.27893569316e-24,4.41771415482e-24,5.02745669734e-24,6.03755522115e-24,6.01973919203e-24,5.78754784534e-24,5.51653862566e-24,5.12659955261e-24,5.84575710268e-24,4.80654606159e-24,5.6323130354e-24,5.77277800262e-24,5.89842185114e-24,5.07483292229e-24,5.71088003169e-24],"var":[0.0000297178685287,0.0000127375824377,0.00000212824534174,0.00000141534155773,0.00000104281912172,4.56098604218e-7,3.8221398313e-7,8.62274248448e-7,2.14746634697e-7,1.70119847098e-7,8.45989518439e-8,9.14692179776e-8,9.31948491711e-8,7.03119340528e-8,1.67383173988e-8,1.01223749382e-8,1.84247674895e-8,6.90271839687e-9,2.43086972773e-9,2.98831692724e-9,1.07279884975e-9,4.94006724416e-10,2.31376653947e-10,2.74432615521e-10,1.84225038002e-10,1.0242291737e-10,6.28244470335e-11,4.57893306605e-11,8.2677448221e-11,9.47585968025e-11,2.30134161727e-10,1.54415508158e-10,8.07365840849e-11,2.9836935006e-11,1.12510617142e-11,5.22828958946e-12,1.89493256156e-12,4.51336803218e-13,2.80929674732e-14,2.32119765371e-15]},"melbands_crest":{"dmean":4.55453920364,"dmean2":7.61429977417,"dvar":15.3442974091,"dvar2":41.5437965393,"max":35.1515197754,"mean":15.4887723923,"median":14.7105894089,"min":1.67488527298,"var":33.9286956787},"melbands_flatness_db":{"dmean":0.0303942840546,"dmean2":0.0483797639608,"dvar":0.000704247737303,"dvar2":0.00174134597182,"max":0.503508031368,"mean":0.226546436548,"median":0.222250804305,"min":0.0036449029576,"var":0.00341320759617},"melbands_kurtosis":{"dmean":5.61017751694,"dmean2":9.29825401306,"dvar":77.9870910645,"dvar2":207.276245117,"max":221.693389893,"mean":8.05720996857,"median":4.73041248322,"min":-1.49411952496,"var":119.265472412},"melbands_skewness":{"dmean":0.77117139101,"dmean2":1.23981976509,"dvar":0.57979875803,"dvar2":1.47571766376,"max":11.462018013,"mean":2.27435350418,"median":2.06951236725,"min":-0.513598680496,"var":1.47087574005},"melbands_spread":{"dmean":6.0684466362,"dmean2":9.68519020081,"dvar":47.7748069763,"dvar2":106.752090454,"max":190.934448242,"mean":21.3351726532,"median":18.9069633484,"min":0.923057079315,"var":260.862579346},"mfcc":{"cov":[[7880.90771484,455.455993652,-749.05859375,420.841339111,-347.789245605,295.74017334,-141.20362854,196.778869629,-87.2093505859,116.298927307,57.8060493469,98.8488006592,39.9420166016],[455.455993652,1167.99401855,-81.9031829834,-231.142456055,76.379989624,4.25505018234,43.1831893921,-80.1127548218,70.1446533203,9.1282749176,1.78650617599,-41.0068511963,27.0901088715],[-749.05859375,-81.9031829834,344.121704102,-36.9981613159,43.9625205994,-20.8027076721,23.428068161,-15.559135437,16.5937728882,-9.70175457001,-17.1235599518,-4.54682016373,-15.718038559],[420.841339111,-231.142456055,-36.9981613159,298.378173828,-35.9787101746,31.252702713,-15.2841873169,91.6749343872,-42.8238067627,-6.66394805908,11.8854436874,14.9072389603,-17.3730278015],[-347.789245605,76.379989624,43.9625205994,-35.9787101746,148.758758545,0.871604084969,36.3007888794,-36.6123847961,-0.887076795101,-21.1885738373,-3.50082349777,-10.6448802948,9.85552501678],[295.74017334,4.25505018234,-20.8027076721,31.252702713,0.871604084969,130.239608765,5.10220336914,17.0545349121,-21.6743545532,6.79211187363,-15.5787296295,11.3722858429,1.85964787006],[-141.20362854,43.1831893921,23.428068161,-15.2841873169,36.3007888794,5.10220336914,89.9172134399,9.71313667297,26.9459934235,-18.729019165,0.564883351326,-9.78137111664,-6.79688930511],[196.778869629,-80.1127548218,-15.559135437,91.6749343872,-36.6123847961,17.0545349121,9.71313667297,119.309875488,10.6809272766,6.62708377838,12.5937461853,2.86620998383,-6.77996730804],[-87.2093505859,70.1446533203,16.5937728882,-42.8238067627,-0.887076795101,-21.6743545532,26.9459934235,10.6809272766,84.6087036133,11.9875392914,15.2040452957,-5.94162416458,-5.41448783875],[116.298927307,9.1282749176,-9.70175457001,-6.66394805908,-21.1885738373,6.79211187363,-18.729019165,6.62708377838,11.9875392914,67.7376708984,21.4862041473,12.0305337906,7.31671285629],[57.8060493469,1.78650617599,-17.1235599518,11.8854436874,-3.50082349777,-15.5787296295,0.564883351326,12.5937461853,15.2040452957,21.4862041473,70.2176361084,14.016292572,13.8522491455],[98.8488006592,-41.0068511963,-4.54682016373,14.9072389603,-10.6448802948,11.3722858429,-9.78137111664,2.86620998383,-5.94162416458,12.0305337906,14.016292572,60.7688102722,11.9436740875],[39.9420166016,27.0901088715,-15.718038559,-17.3730278015,9.85552501678,1.85964787006,-6.79688930511,-6.77996730804,-5.41448783875,7.31671285629,13.8522491455,11.9436740875,56.5053901672]],"icov":[[0.000217989319935,-0.000153436136316,0.000319394282997,-0.000275709084235,0.000367330416339,-0.000347500259522,0.000102964775579,-0.0000486900025862,0.0000433733184764,-0.000112834335596,-0.0000304191689793,-0.000173012042069,-0.0000597477410338],[-0.000153436136316,0.00125326344278,0.000198120585992,0.000874088087585,-0.000654057541396,-0.0000841989312903,-0.000238825989072,0.000319732615026,-0.000737832917366,-0.0000465155208076,-0.0000351960879925,0.000738497648854,-0.000254191370914],[0.000319394282997,0.000198120585992,0.00382152735256,0.0000616705074208,-0.000539853412192,-0.0000508829398314,-0.000279793690424,-0.0000390797977161,-0.000563330482692,-0.000405146129197,0.000837380997837,-0.000554601137992,0.000729151477572],[-0.000275709084235,0.000874088087585,0.0000616705074208,0.00618165032938,-0.000717818096746,-0.000165252378793,0.000483670650283,-0.00396491819993,0.00259969267063,0.00112421764061,-0.00141381192952,-0.000324141990859,0.00192530546337],[0.000367330416339,-0.000654057541396,-0.000539853412192,-0.000717818096746,0.00976366363466,-0.00104500213638,-0.00335264392197,0.00263266568072,0.00111139530782,0.00146602629684,-0.000917763798498,0.000781008100603,-0.00209633563645],[-0.000347500259522,-0.0000841989312903,-0.0000508829398314,-0.000165252378793,-0.00104500213638,0.00984813645482,-0.0019813713152,-0.00134239683393,0.00256037106737,-0.00229288358241,0.00322708114982,-0.00173683592584,-0.000201965609449],[0.000102964775579,-0.000238825989072,-0.000279793690424,0.000483670650283,-0.00335264392197,-0.0019813713152,0.015937756747,-0.00238496763632,-0.00500743370503,0.00468535767868,-0.00129761814605,0.000579934276175,0.00150251830928],[-0.0000486900025862,0.000319732615026,-0.0000390797977161,-0.00396491819993,0.00263266568072,-0.00134239683393,-0.00238496763632,0.0132792294025,-0.00323987170123,-0.000578255974688,-0.00105119810905,0.00113989098463,-0.000676140538417],[0.0000433733184764,-0.000737832917366,-0.000563330482692,0.00259969267063,0.00111139530782,0.00256037106737,-0.00500743370503,-0.00323987170123,0.017717693001,-0.00338110863231,-0.00270072813146,0.000363543891581,0.00241728476249],[-0.000112834335596,-0.0000465155208076,-0.000405146129197,0.00112421764061,0.00146602629684,-0.00229288358241,0.00468535767868,-0.000578255974688,-0.00338110863231,0.019718317315,-0.00544452574104,-0.00155404477846,-0.000565071764868],[-0.0000304191689793,-0.0000351960879925,0.000837380997837,-0.00141381192952,-0.000917763798498,0.00322708114982,-0.00129761814605,-0.00105119810905,-0.00270072813146,-0.00544452574104,0.0192803833634,-0.00334256049246,-0.00396556919441],[-0.000173012042069,0.000738497648854,-0.000554601137992,-0.000324141990859,0.000781008100603,-0.00173683592584,0.000579934276175,0.00113989098463,0.000363543891581,-0.00155404477846,-0.00334256049246,0.0195649396628,-0.00343821430579],[-0.0000597477410338,-0.000254191370914,0.000729151477572,0.00192530546337,-0.00209633563645,-0.000201965609449,0.00150251830928,-0.000676140538417,0.00241728476249,-0.000565071764868,-0.00396556919441,-0.00343821430579,0.0211318917572]],"mean":[-636.504699707,157.839035034,-15.4481706619,22.8690376282,-3.09293913841,26.5992393494,-0.390298336744,9.36225605011,-1.78209662437,4.42301273346,0.595333039761,2.41748905182,1.13603043556]},"pitch_salience":{"dmean":0.075966373086,"dmean2":0.125513985753,"dvar":0.0043534245342,"dvar2":0.0118062039837,"max":0.940364658833,"mean":0.565159380436,"median":0.574141085148,"min":0.170622572303,"var":0.00931088626385},"silence_rate_20dB":{"dmean":0,"dmean2":0,"dvar":0,"dvar2":0,"max":1,"mean":1,"median":1,"min":1,"var":0},"silence_rate_30dB":{"dmean":0.0767688378692,"dmean2":0.153559654951,"dvar":0.0708753839135,"dvar2":0.163785129786,"max":1,"mean":0.919948458672,"median":1,"min":0,"var":0.0736433044076},"silence_rate_60dB":{"dmean":0.000286450871499,"dmean2":0.0005729838158,"dvar":0.000286368827801,"dvar2":0.000572655524593,"max":1,"mean":0.0257768873125,"median":0,"min":0,"var":0.025112438947},"spectral_centroid":{"dmean":205.025588989,"dmean2":304.957275391,"dvar":71033.3515625,"dvar2":133812.828125,"max":11716.4794922,"mean":1191.578125,"median":1018.18518066,"min":199.528274536,"var":1053475.5},"spectral_complexity":{"dmean":3.67000865936,"dmean2":5.54820203781,"dvar":12.4671583176,"dvar2":24.637878418,"max":58,"mean":24.5544891357,"median":24,"min":0,"var":80.1802978516},"spectral_contrast_coeffs":{"dmean":[0.0533881373703,0.0489554740489,0.0367675535381,0.0273506324738,0.0197145342827,0.0334405526519],"dmean2":[0.0883180275559,0.0805431082845,0.0619479455054,0.0463305413723,0.0326745919883,0.051024325192],"dvar":[0.00180634832941,0.00143615994602,0.000831936602481,0.000440967007307,0.000255244900472,0.0008139302372],"dvar2":[0.00484951306134,0.00394360953942,0.00230454211123,0.00126880290918,0.000675865390804,0.00182544905692],"max":[-0.377468705177,-0.503908097744,-0.592993199825,-0.654082775116,-0.673319816589,-0.515597045422],"mean":[-0.687708079815,-0.757545053959,-0.793656468391,-0.809810101986,-0.819796681404,-0.720188558102],"median":[-0.689256370068,-0.76206099987,-0.795261263847,-0.810061573982,-0.817233920097,-0.709483623505],"min":[-0.97843003273,-0.977339744568,-0.978302180767,-0.983570039272,-0.973792493343,-0.965818881989],"var":[0.00546891056001,0.0040595177561,0.00241751829162,0.00134786567651,0.00111164641567,0.00490720244125]},"spectral_contrast_valleys":{"dmean":[0.407775998116,0.340064436197,0.277931600809,0.236449122429,0.283976763487,0.449883133173],"dmean2":[0.664080500603,0.555683970451,0.452714979649,0.377186387777,0.402561962605,0.69036179781],"dvar":[0.126223489642,0.0922983065248,0.073022775352,0.0641514360905,0.100984014571,0.158955946565],"dvar2":[0.299011915922,0.2128213346,0.161155492067,0.130811274052,0.17962731421,0.364322334528],"max":[-4.96522760391,-4.69570207596,-5.09843158722,-5.42847156525,-5.53952169418,-8.53421592712],"mean":[-6.7145652771,-6.46268463135,-6.67663955688,-7.06488704681,-7.63601827621,-10.8926782608],"median":[-6.4556055069,-6.17865085602,-6.38166713715,-6.72499895096,-7.28671264648,-10.6928386688],"min":[-28.1228542328,-27.8284034729,-27.9328708649,-27.8377418518,-27.5239429474,-27.3794822693],"var":[4.2656955719,4.40086269379,4.36337280273,4.31192684174,4.17615795135,2.87577652931]},"spectral_decrease":{"dmean":4.99754548855e-9,"dmean2":8.1062685453e-9,"dvar":3.73066628806e-17,"dvar2":9.32685977672e-17,"max":8.91013662851e-9,"mean":-9.04382702061e-9,"median":-7.09107750296e-9,"min":-6.23064195793e-8,"var":5.94082571773e-17},"spectral_energy":{"dmean":0.0199941881001,"dmean2":0.0316810943186,"dvar":0.000584304041695,"dvar2":0.00141809403431,"max":0.269067972898,"mean":0.0575681887567,"median":0.0513392165303,"min":9.58652165968e-21,"var":0.00127301015891},"spectral_energyband_high":{"dmean":0.000355128577212,"dmean2":0.000478052941617,"dvar":7.27405904399e-7,"dvar2":0.00000117164256608,"max":0.0335595533252,"mean":0.000774067419115,"median":0.00043312003254,"min":6.69462351729e-21,"var":0.00000243600220529},"spectral_energyband_low":{"dmean":0.0155347641557,"dmean2":0.0259583126754,"dvar":0.000438097893493,"dvar2":0.00112980161794,"max":0.177840307355,"mean":0.0232974551618,"median":0.0164595805109,"min":9.86838486705e-24,"var":0.000514845538419},"spectral_energyband_middle_high":{"dmean":0.00245809950866,"dmean2":0.00371714239009,"dvar":0.0000107090063466,"dvar2":0.0000259021726379,"max":0.0649946257472,"mean":0.0080317305401,"median":0.00630719587207,"min":1.07765084145e-21,"var":0.000045877561206},"spectral_energyband_middle_low":{"dmean":0.00527195446193,"dmean2":0.00814686343074,"dvar":0.0000463330070488,"dvar2":0.00010112398013,"max":0.147285088897,"mean":0.0136989597231,"median":0.0105891227722,"min":1.72506310462e-22,"var":0.000137175942655},"spectral_entropy":{"dmean":0.14417566359,"dmean2":0.211653232574,"dvar":0.022034958005,"dvar2":0.0468811169267,"max":9.82040023804,"mean":7.60925769806,"median":7.65098237991,"min":5.09792757034,"var":0.154716238379},"spectral_flux":{"dmean":0.031836528331,"dmean2":0.0506311655045,"dvar":0.00115851510782,"dvar2":0.00253386306576,"max":0.362265020609,"mean":0.130012109876,"median":0.123437866569,"min":6.36593486258e-11,"var":0.00311968452297},"spectral_kurtosis":{"dmean":3.87824702263,"dmean2":5.84124898911,"dvar":33.7237091064,"dvar2":80.0395202637,"max":140.114379883,"mean":15.9839258194,"median":13.8318338394,"min":-1.24517786503,"var":89.2109146118},"spectral_rms":{"dmean":0.00121073354967,"dmean2":0.00188259675633,"dvar":0.00000158356590418,"dvar2":0.00000370471798306,"max":0.0162020158023,"mean":0.00709487311542,"median":0.00707721989602,"min":3.05821904259e-12,"var":0.00000582686243433},"spectral_rolloff":{"dmean":5075.31005859,"dmean2":9743.89941406,"dvar":64092612,"dvar2":152206176,"max":22028.4667969,"mean":14538.7851562,"median":21188.671875,"min":64.599609375,"var":87461616},"spectral_skewness":{"dmean":0.337166905403,"dmean2":0.48416659236,"dvar":0.162239968777,"dvar2":0.341955631971,"max":9.17381668091,"mean":2.66118550301,"median":2.53383660316,"min":-0.075662702322,"var":0.807583332062},"spectral_spread":{"dmean":451044.9375,"dmean2":689109.9375,"dvar":446392926208,"dvar2":948815724544,"max":42387692,"mean":4242259,"median":3870992.25,"min":1297943.625,"var":11657755492400},"spectral_strongpeak":{"dmean":7.67336511612,"dmean2":14.443365097,"dvar":529.234802246,"dvar2":1440.64245605,"max":201.483322144,"mean":5.74238681793,"median":0.215432330966,"min":0,"var":419.050872803},"zerocrossingrate":{"dmean":0.0403336957097,"dmean2":0.0522109121084,"dvar":0.00113804731518,"dvar2":0.00187802105211,"max":0.77294921875,"mean":0.29983112216,"median":0.2880859375,"min":0.0419921875,"var":0.00912279915065}},"metadata":{"audio_properties":{"analysis_sample_rate":44100,"bit_rate":320000,"codec":"mp3","downmix":"mix","equal_loudness":0,"length":162.115921021,"lossless":false,"md5_encoded":"5e11ef22fa9dd0763b1efc12c4441a84","replay_gain":1.98638725281,"sample_rate":44100},"tags":{"acoustid_id":["7e9a61a6-18d6-4675-bcf1-ddbad910ce56"],"album":["Greatest Hits"],"albumartist":["Blondie"],"artist":["Blondie"],"date":["2002"],"discnumber":["1/1"],"file_name":"14 - Blondie - (I’m Always Touched by Your) Presence Dear.mp3","musicbrainz_albumartistid":["4d2956d1-a3f7-44bb-9a41-67563e1a0c94"],"musicbrainz_albumid":["37846953-1394-4a40-85c0-e3444c557fce"],"musicbrainz_artistid":["4d2956d1-a3f7-44bb-9a41-67563e1a0c94"],"musicbrainz_recordingid":["73f5aa27-d81d-4d03-af1d-7aab842f43ef"],"musicbrainz_releasegroupid":["fcbc0e5a-6441-375f-ade9-c0ebc0cd4b68"],"replaygain_album_gain":["+0.57 dB"],"replaygain_album_peak":["0.377604"],"replaygain_track_gain":["+1.36 dB"],"replaygain_track_peak":["0.351957"],"title":["(I’m Always Touched by Your) Presence Dear"],"tracknumber":["14/19"]},"version":{"essentia":"2.1-beta1","essentia_build_sha":"e76a03f03bb3900de42a1fa0d9be1e72f12def64","essentia_git_sha":"v2.1_beta1-28-g21ef5f4-dirty","extractor":"music 1.0"}},"rhythm":{"beats_count":380,"beats_loudness":{"dmean":0.0285472031683,"dmean2":0.0502643957734,"dvar":0.000744396878872,"dvar2":0.00198644166812,"max":0.22669672966,"mean":0.0713220909238,"median":0.0684051513672,"min":0,"var":0.00131353316829},"beats_loudness_band_ratio":{"dmean":[0.184749960899,0.0813123732805,0.0780446380377,0.0560335144401,0.0288558956236,0.0894363299012],"dmean2":[0.337378501892,0.14217312634,0.137656867504,0.0987698882818,0.0509800314903,0.15755264461],"dvar":[0.0196987837553,0.00638896925375,0.00787314493209,0.00267371977679,0.00103125430178,0.00622266205028],"dvar2":[0.0584883317351,0.0198494736105,0.022075496614,0.00797392241657,0.0029789279215,0.0175325293094],"max":[0.869996190071,