{"lowlevel":{"average_loudness":0.976306021214,"barkbands":{"dmean":[0.00573098193854,0.00846393965185,0.00178174243774,0.000817205524072,0.00140102638397,0.00332464254461,0.00237016240135,0.000955812691245,0.000866605027113,0.000957809097599,0.000677125761285,0.00106399785727,0.000733137596399,0.000667098502163,0.000417924951762,0.000344631640473,0.000258896092419,0.00029187425389,0.000277581653791,0.000158043287229,0.000103222082544,0.000062918268668,0.0000285686001007,0.0000120653585327,0.00000547976014786,0.0000256886305579,0.000642184866592],"dmean2":[0.0093913981691,0.0143698425964,0.0030561524909,0.00139921100345,0.00233997334726,0.005426062271,0.00387675338425,0.00159488397185,0.00143786659464,0.00158680265304,0.00110996095464,0.00179313612171,0.00123005500063,0.00112697842997,0.000712442735676,0.00058926991187,0.000443934084615,0.000501444737893,0.000472707295557,0.000258717715042,0.000168289625435,0.0000995486843749,0.0000446030062449,0.0000189896927623,0.00000916648605198,0.0000391529210901,0.0010553561151],"dvar":[0.000122752448078,0.000137972005177,0.00000772424027673,0.00000161823970757,0.00000416936882175,0.0000325109576806,0.0000211429905903,0.00000215504792322,0.00000205351329896,0.00000266637266577,0.0000017221809685,0.00000181532618626,8.63985462729e-7,4.85870543798e-7,2.30452798178e-7,1.55723824946e-7,1.14367225024e-7,1.81388855935e-7,1.43364061955e-7,4.53811601631e-8,2.44034765728e-8,8.59126458863e-9,1.94161176026e-9,3.06787817372e-10,6.55513282544e-11,1.49235712676e-9,3.90131788208e-7],"dvar2":[0.000284216919681,0.000372025853721,0.0000210503912967,0.00000421098002334,0.0000103535030576,0.0000788487814134,0.0000537294290552,0.00000586664373259,0.00000534099626748,0.00000699127986081,0.00000434954563389,0.00000504978333993,0.00000226985116569,0.00000132505226702,6.23678488409e-7,4.17765363636e-7,3.14397055945e-7,4.93229151743e-7,3.85127322033e-7,1.12295033716e-7,6.1011981245e-8,2.07434425192e-8,4.7837209749e-9,7.60773610775e-10,1.73183856145e-10,3.52061357844e-9,0.0000010453958339],"max":[0.109822057188,0.130267053843,0.0421525351703,0.0250044539571,0.034619230777,0.0806781724095,0.0744642913342,0.0233730878681,0.0292528178543,0.0306658856571,0.0266024265438,0.0191097185016,0.0206646453589,0.00819922890514,0.0103483367711,0.00837474595755,0.00372937205248,0.00586131261662,0.00482080690563,0.00395795935765,0.00343746505678,0.00178245606367,0.000724816869479,0.000358699937351,0.00010493722948,0.000569667958189,0.00934970844537],"mean":[0.00574586214498,0.011516360566,0.00202249316499,0.000965540471952,0.00207656179555,0.0048257727176,0.00349570461549,0.0014141300926,0.00139117380604,0.00144930998795,0.00110184121877,0.00187125999946,0.00139822182246,0.0012753191404,0.000843190297019,0.000729408231564,0.000468704936793,0.000486063159769,0.000479127862491,0.000302972330246,0.000218768662307,0.000126130442368,0.0000562609566259,0.0000216740772885,0.00000647756087346,0.000051926344895,0.00253861653619],"median":[0.00204027444124,0.00783424079418,0.00116308848374,0.000519249821082,0.00138713908382,0.00218927953392,0.00125579640735,0.000890995259397,0.000797271844931,0.000821295776404,0.00065706128953,0.00136992079206,0.00102463073563,0.00103627401404,0.000720328767784,0.00063321844209,0.000370183814084,0.000360493373591,0.000367058586562,0.000220045505557,0.000169412931427,0.0000872046075528,0.0000360260455636,0.0000132084887809,0.00000381914333047,0.0000299947350868,0.00239875609986],"min":[1.95242377821e-9,4.090202399e-9,9.43564254507e-11,2.61790675943e-11,3.44175410394e-10,6.05915373431e-10,1.67209607271e-10,1.03285061059e-10,4.59218940652e-10,4.86347739859e-10,1.91120258508e-10,1.96895411086e-9,5.44040257289e-10,1.40044559283e-10,1.63470945114e-10,6.73751221481e-10,3.4696756579e-10,5.11460214458e-11,9.26866847162e-11,6.48890594035e-11,1.63921182184e-10,1.17448661907e-10,2.51051957001e-11,2.29464051926e-11,3.47636589654e-12,3.19702701812e-11,1.20767706946e-9],"var":[0.00012238654017,0.000151158470544,0.00000734811646907,0.00000190750824913,0.00000588801776757,0.0000559453364986,0.0000366102467524,0.00000284450607069,0.00000322371124639,0.0000037955269363,0.0000028548465707,0.00000308017001771,0.00000173038790763,9.22837614326e-7,3.53041798462e-7,2.64660798166e-7,1.5358074279e-7,2.23370037133e-7,1.90664678712e-7,9.75825287242e-8,4.79782542584e-8,1.74762551097e-8,3.65940122649e-9,5.88739057505e-10,6.56660351095e-11,3.55704532495e-9,0.00000170858891124]},"barkbands_crest":{"dmean":2.89002561569,"dmean2":4.7923822403,"dvar":5.95760250092,"dvar2":15.5812120438,"max":24.4329471588,"mean":8.4855966568,"median":7.70330047607,"min":2.16149806976,"var":13.9502391815},"barkbands_flatness_db":{"dmean":0.0222060661763,"dmean2":0.0359416678548,"dvar":0.000479316047858,"dvar2":0.00123527715914,"max":0.278698921204,"mean":0.0957294180989,"median":0.0904132798314,"min":0.0260547958314,"var":0.0010028592078},"barkbands_kurtosis":{"dmean":2.51805186272,"dmean2":4.23575687408,"dvar":33.0208969116,"dvar2":87.7649002075,"max":135.421554565,"mean":2.79570436478,"median":1.237803936,"min":-1.48625671864,"var":39.4716644287},"barkbands_skewness":{"dmean":0.514106869698,"dmean2":0.836681246758,"dvar":0.374158024788,"dvar2":0.965351164341,"max":10.2214679718,"mean":1.51225066185,"median":1.3260807991,"min":-0.230152502656,"var":0.783186435699},"barkbands_spread":{"dmean":9.85770988464,"dmean2":15.8006668091,"dvar":75.5668258667,"dvar2":187.612350464,"max":98.9217910767,"mean":45.7368202209,"median":45.3997535706,"min":2.42794585228,"var":267.637817383},"dissonance":{"dmean":0.0118754999712,"dmean2":0.0204291101545,"dvar":0.000120190001326,"dvar2":0.000332594034262,"max":0.500000119209,"mean":0.48199993372,"median":0.485279291868,"min":0.377763867378,"var":0.00019394280389},"dynamic_complexity":1.38516414165,"erbbands":{"dmean":[0.454400330782,1.30872178078,1.97452676296,2.3554186821,2.99878144264,5.59338283539,12.833782196,31.8530960083,41.6473579407,19.9528179169,20.9324607849,19.726190567,24.6111278534,28.489156723,27.6747436523,44.746257782,34.7238540649,26.2001686096,27.2669734955,21.2479686737,16.9565734863,13.5274391174,14.970032692,15.8216733932,11.6710939407,7.38050746918,4.957675457,3.6669819355,2.40764498711,1.405823946,0.774721801281,0.3665599823,0.145330145955,0.0663120150566,0.0376807376742,0.0359024256468,0.0576102137566,0.0484216585755,0.0292062368244,0.0127785922959],"dmean2":[0.77766674757,2.20239520073,3.36962199211,4.01374483109,5.0229549408,9.45572566986,21.0308170319,52.2541007996,67.4792022705,33.269744873,34.8350639343,32.7229690552,40.6269073486,46.5805435181,45.2620391846,75.2413864136,58.133895874,43.7441444397,46.5635261536,36.030330658,28.9318351746,23.2018032074,25.8268966675,27.1938247681,19.6946811676,12.1625375748,8.18257522583,5.90787887573,3.82118916512,2.19766521454,1.22110152245,0.575369596481,0.230793535709,0.109961979091,0.0633409619331,0.0565970614552,0.0878121554852,0.0731698051095,0.0454500764608,0.0204474423081],"dvar":[0.545647084713,2.52227544785,9.01637268066,12.4295940399,19.221654892,71.7531509399,593.840881348,3204.54199219,6348.25146484,1365.40002441,923.946350098,1171.50695801,1712.02893066,2406.1262207,2082.02026367,3305.5847168,1857.27258301,851.969421387,953.565368652,556.084594727,379.215301514,324.49206543,513.441467285,506.327423096,239.904098511,103.785385132,73.455909729,25.905544281,12.8568630219,5.44505977631,1.44496643543,0.309628009796,0.0388037338853,0.00890823639929,0.00320015870966,0.00243809609674,0.00818024482578,0.00444136280566,0.00150481250603,0.000142471631989],"dvar2":[1.46805608273,6.72817420959,24.9157981873,33.4198265076,48.6912307739,184.856674194,1439.45507812,7933.41748047,16298.0869141,3641.25756836,2476.80688477,2992.36035156,4429.30664062,5962.78417969,5203.16455078,9288.10351562,4921.28369141,2216.40087891,2676.57641602,1495.67712402,1022.04473877,877.337463379,1407.09155273,1353.69494629,632.503051758,254.930892944,181.482498169,64.3849411011,31.6147480011,13.7098016739,3.60272049904,0.75578379631,0.0963041037321,0.023137871176,0.00848320219666,0.0060115698725,0.0192731618881,0.0106459893286,0.00354750151746,0.000367799511878],"max":[7.40452289581,24.1954727173,48.3990592957,55.5048332214,72.3022384644,161.027862549,328.165374756,782.468078613,1129.42114258,545.491577148,477.006103516,631.654846191,691.635070801,771.80871582,985.790710449,934.999389648,788.56048584,420.600769043,617.757568359,312.584472656,326.898773193,197.269546509,340.707763672,243.460601807,173.317672729,167.734603882,230.402206421,89.1363143921,66.6011886597,58.2642822266,17.2527770996,9.90377998352,3.10620307922,1.23982942104,0.728944659233,0.903954267502,1.37886965275,0.977535009384,0.807009935379,0.187002077699],"mean":[0.541355311871,1.81402409077,2.50414872169,3.02446985245,4.01141691208,7.66937971115,17.9508972168,45.3043632507,61.7016716003,30.8347320557,33.1514778137,32.0023078918,39.0141181946,47.1506347656,51.7185745239,81.0824127197,70.2597503662,55.6633987427,57.0815391541,45.8062705994,37.2747955322,26.4488296509,25.9345531464,26.234960556,21.5141067505,14.322889328,10.3795976639,7.5865240097,4.83233594894,2.74328804016,1.49092066288,0.688508033752,0.24916011095,0.0881772041321,0.043085757643,0.0608605928719,0.11526171118,0.122163504362,0.100665800273,0.0648971349001],"median":[0.30802038312,1.23413050175,1.6065056324,1.84352707863,2.45631694794,4.9488196373,9.47316932678,20.2848701477,22.154624939,15.6171226501,21.31665802,18.8803482056,21.9319133759,28.1386089325,35.7629356384,60.3265151978,52.988079071,45.9251403809,48.7478218079,39.0509796143,32.7685432434,21.3717842102,19.6909217834,19.749994278,16.6343460083,10.525557518,7.64076423645,5.81141519547,3.36919236183,1.86694216728,0.922630727291,0.401229023933,0.158605381846,0.0539614856243,0.0247381180525,0.0384191423655,0.0633748471737,0.0951821580529,0.0789813175797,0.0629718080163],"min":[2.41634012355e-7,5.05488856106e-7,2.63590578697e-7,7.27482429852e-8,3.34498679422e-7,0.00000134353103931,0.00000315880242852,0.00000542576572116,0.0000034374477309,0.00000167700852671,0.00000376928915102,0.0000102429794424,0.0000139776357173,0.0000109547709144,0.0000322014129779,0.0000724162382539,0.0000300063529721,0.00000643995053906,0.0000128989686345,0.00000949225341174,0.0000418415656895,0.000019993784008,0.00000394838662032,0.00000598596079726,0.00000282731230072,0.00000328895612256,0.00000736416404834,0.00000465039192932,0.00000283257850242,0.00000347678951584,7.63192872455e-7,5.99990642058e-7,2.90943660275e-7,5.39634719132e-8,2.43496707242e-8,5.61935564747e-8,9.16360320957e-8,7.22963093835e-8,4.06996925051e-8,2.54612633199e-8],"var":[0.498278558254,3.49244332314,8.79544448853,13.581738472,25.2052402496,88.0633239746,829.15637207,5308.57861328,11198.4072266,2075.52270508,1369.88122559,1785.81921387,2661.66796875,3842.46777344,3997.86376953,5563.10742188,3974.92993164,1709.52124023,1599.10180664,1015.08447266,664.752563477,453.529327393,610.58404541,615.203857422,377.600769043,211.968978882,150.968215942,49.6939544678,25.6739521027,8.75590324402,2.73667645454,0.628745675087,0.071183629334,0.0104454476386,0.00306427804753,0.00446546496823,0.0191067215055,0.0102692432702,0.00663702469319,0.000931333634071]},"erbbands_crest":{"dmean":2.19788336754,"dmean2":3.68961048126,"dvar":4.18025684357,"dvar2":11.2112836838,"max":23.5854358673,"mean":7.01479673386,"median":6.32466077805,"min":2.18941950798,"var":8.11026668549},"erbbands_flatness_db":{"dmean":0.0155183169991,"dmean2":0.0239000786096,"dvar":0.0001724663598,"dvar2":0.00039519375423,"max":0.229128226638,"mean":0.12686958909,"median":0.127581492066,"min":0.0334428697824,"var":0.000816853018478},"erbbands_kurtosis":{"dmean":0.634058475494,"dmean2":1.03861379623,"dvar":0.4490236938,"dvar2":1.11746907234,"max":12.9435920715,"mean":0.228299334645,"median":0.0338869094849,"min":-1.58258330822,"var":0.993262112141},"erbbands_skewness":{"dmean":0.289430558681,"dmean2":0.462702095509,"dvar":0.0639154613018,"dvar2":0.15636447072,"max":3.15061426163,"mean":0.0912682488561,"median":0.0317552499473,"min":-3.18306994438,"var":0.270177841187},"erbbands_spread":{"dmean":5.47006702423,"dmean2":8.6403131485,"dvar":25.2030010223,"dvar2":59.3154335022,"max":105.211975098,"mean":29.7338142395,"median":27.9144554138,"min":9.53086471558,"var":128.108123779},"gfcc":{"cov":[[3077.26660156,-74.2089004517,-53.1382904053,96.7249221802,-106.970863342,-74.5872039795,1.45293319225,-19.3119010925,-54.0419387817,-2.31907939911,-12.9609527588,15.1235179901,-71.7070846558],[-74.2089004517,359.321807861,-77.2947235107,-120.801490784,92.7149276733,-57.1335296631,26.9480228424,-18.4281234741,43.3017311096,7.17100334167,55.8033866882,-25.1051177979,48.4345664978],[-53.1382904053,-77.2947235107,315.341156006,118.123092651,-74.2169876099,124.54322052,-87.6278381348,70.1111602783,-19.1036949158,13.3955526352,-52.9300918579,7.12742376328,-32.7795677185],[96.7249221802,-120.801490784,118.123092651,187.17741394,14.6950864792,34.7105102539,8.56115436554,8.19259166718,-25.6530456543,-15.545381546,-40.8541717529,8.60551834106,-35.453918457],[-106.970863342,92.7149276733,-74.2169876099,14.6950864792,200.356643677,9.50231361389,61.7609977722,-30.7067871094,9.44914531708,-15.9654636383,10.894367218,-33.0063896179,37.9352760315],[-74.5872039795,-57.1335296631,124.54322052,34.7105102539,9.50231361389,159.316390991,-17.8214969635,40.3988571167,-24.8509159088,-8.47793769836,-32.9163093567,4.60362577438,0.583451151848],[1.45293319225,26.9480228424,-87.6278381348,8.56115436554,61.7609977722,-17.8214969635,122.628868103,-22.4862060547,23.7143478394,-7.10355186462,13.5265207291,5.88334703445,8.64127159119],[-19.3119010925,-18.4281234741,70.1111602783,8.19259166718,-30.7067871094,40.3988571167,-22.4862060547,99.6251144409,15.6921749115,19.9677200317,-2.56633424759,-9.96935462952,-6.61122131348],[-54.0419387817,43.3017311096,-19.1036949158,-25.6530456543,9.44914531708,-24.8509159088,23.7143478394,15.6921749115,82.6729202271,39.065196991,21.637512207,3.41548323631,-2.03315424919],[-2.31907939911,7.17100334167,13.3955526352,-15.545381546,-15.9654636383,-8.47793769836,-7.10355186462,19.9677200317,39.065196991,61.5987815857,32.5387077332,3.9661231041,7.29603052139],[-12.9609527588,55.8033866882,-52.9300918579,-40.8541717529,10.894367218,-32.9163093567,13.5265207291,-2.56633424759,21.637512207,32.5387077332,66.4757080078,25.215221405,24.3619174957],[15.1235179901,-25.1051177979,7.12742376328,8.60551834106,-33.0063896179,4.60362577438,5.88334703445,-9.96935462952,3.41548323631,3.9661231041,25.215221405,63.8574523926,14.2208528519],[-71.7070846558,48.4345664978,-32.7795677185,-35.453918457,37.9352760315,0.583451151848,8.64127159119,-6.61122131348,-2.03315424919,7.29603052139,24.3619174957,14.2208528519,64.0064849854]],"icov":[[0.000370476453099,-0.000245339004323,0.000451520812931,-0.000448245380539,0.000248532247497,-0.0000116330948003,0.0000575830163143,-0.000106747691461,0.000529501878191,-0.000645052583423,0.000405904836953,-0.000309427152388,0.00042225694051],[-0.000245339004323,0.00663624331355,-0.00459919916466,0.00499636959285,-0.00265723862685,0.00279070134275,-0.0014533365611,0.00106275698636,-0.00319791515358,0.00633367709816,-0.00692864134908,0.00422558095306,-0.00215422338806],[0.000451520812931,-0.00459919916466,0.0142924478278,-0.010338881053,0.00518844276667,-0.00837098062038,0.00676715513691,-0.00207707518712,-0.000347273889929,-0.00667728949338,0.00661019142717,-0.00198467308655,0.000127057806822],[-0.000448245380539,0.00499636959285,-0.010338881053,0.0191045347601,-0.0109293954447,0.00863243918866,-0.00588588882238,-0.00238964986056,0.00712577905506,-0.00335941906087,0.00648011267185,-0.0100374054164,0.00832406245172],[0.000248532247497,-0.00265723862685,0.00518844276667,-0.0109293954447,0.0172703191638,-0.00865472760051,-0.00038448657142,0.00566747738048,-0.00876066833735,0.00959510635585,-0.0112486612052,0.0171422380954,-0.0115263452753],[-0.0000116330948003,0.00279070134275,-0.00837098062038,0.00863243918866,-0.00865472760051,0.0163089111447,-0.00376401399262,-0.00535862706602,0.00734621239826,-0.00381062133238,0.00831017643213,-0.00934866350144,0.00288707390428],[0.0000575830163143,-0.0014533365611,0.00676715513691,-0.00588588882238,-0.00038448657142,-0.00376401399262,0.0148170422763,0.000543182250112,-0.00575034180656,0.00205187592655,-0.000282321852865,-0.0013937826734,-0.000311859359499],[-0.000106747691461,0.00106275698636,-0.00207707518712,-0.00238964986056,0.00566747738048,-0.00535862706602,0.000543182250112,0.0167746525258,-0.00786909926683,0.0050148749724,-0.00975846406072,0.0118934866041,-0.00471184914932],[0.000529501878191,-0.00319791515358,-0.000347273889929,0.00712577905506,-0.00876066833735,0.00734621239826,-0.00575034180656,-0.00786909926683,0.0318145155907,-0.0270352791995,0.017692444846,-0.0180161036551,0.0132322004065],[-0.000645052583423,0.00633367709816,-0.00667728949338,-0.00335941906087,0.00959510635585,-0.00381062133238,0.00205187592655,0.0050148749724,-0.0270352791995,0.0544647760689,-0.0391510464251,0.026360437274,-0.0142293376848],[0.000405904836953,-0.00692864134908,0.00661019142717,0.00648011267185,-0.0112486612052,0.00831017643213,-0.000282321852865,-0.00975846406072,0.017692444846,-0.0391510464251,0.0598859116435,-0.0364225506783,0.00861719157547],[-0.000309427152388,0.00422558095306,-0.00198467308655,-0.0100374054164,0.0171422380954,-0.00934866350144,-0.0013937826734,0.0118934866041,-0.0180161036551,0.026360437274,-0.0364225506783,0.0484869517386,-0.0192652288824],[0.00042225694051,-0.00215422338806,0.000127057806822,0.00832406245172,-0.0115263452753,0.00288707390428,-0.000311859359499,-0.00471184914932,0.0132322004065,-0.0142293376848,0.00861719157547,-0.0192652288824,0.0318057611585]],"mean":[60.9151115417,75.8711700439,-102.173545837,-4.75428342819,-11.8054008484,-18.5789489746,3.56261444092,-18.8539733887,4.1257276535,-0.832274794579,2.90623044968,3.16933202744,-5.56435394287]},"hfc":{"dmean":47.3946456909,"dmean2":77.9095535278,"dvar":1999.78430176,"dvar2":5289.62695312,"max":798.842956543,"mean":253.199295044,"median":251.434967041,"min":0.000100174169347,"var":6149.3984375},"melbands":{"dmean":[0.00331179145724,0.00113087974023,0.000397199211875,0.000296825746773,0.0003892655659,0.000713641464245,0.000582343142014,0.000206659984542,0.000170077022631,0.000124426078401,0.00012775027426,0.000122290948639,0.0000943527265918,0.000120052092825,0.0000984914950095,0.0000676331474097,0.0000542847228644,0.0000547593554074,0.0000321850748151,0.0000275304009847,0.0000203319632419,0.0000157863159984,0.0000140396878123,0.0000146297206811,0.0000136232756631,0.0000103045485957,0.00000703084378983,0.00000487530905957,0.0000035082020986,0.00000267309519586,0.00000214625720218,0.00000151129654569,0.00000117411616429,6.89901355599e-7,4.86918679599e-7,3.41668737747e-7,1.9328830092e-7,1.12977005529e-7,6.84729073441e-8,5.2854261412e-8],"dmean2":[0.00557484803721,0.00189928989857,0.000669129309244,0.00049851561198,0.000636322831269,0.00116403331049,0.000945965875871,0.000345988548361,0.000283995264908,0.000206268188776,0.000211337159271,0.00020134774968,0.000154981869855,0.000201113754883,0.000166783313034,0.00011283641652,0.0000912648247322,0.000093991686299,0.0000549555406906,0.000046901339374,0.0000348825815308,0.0000270908203674,0.0000241890411417,0.0000250466782745,0.0000235108745983,0.0000174372871697,0.000011760612324,0.00000805690433481,0.00000584313966101,0.00000436999653175,0.00000347742070517,0.00000243062549998,0.00000187075158919,0.00000109578570573,7.77088359882e-7,5.41130930287e-7,3.06911999814e-7,1.80128282068e-7,1.12756936232e-7,8.81404460529e-8],"dvar":[0.0000263594392891,0.00000221013374357,3.22075692338e-7,2.06565928806e-7,4.72946226182e-7,0.00000150483992911,0.0000012150466091,1.39748024708e-7,6.18435933575e-8,4.60036204686e-8,4.68546872412e-8,4.5174093799e-8,3.16135491119e-8,2.51650842387e-8,1.33467530361e-8,8.03522937076e-9,3.62128260711e-9,3.80764841879e-9,1.36366418158e-9,9.93157112106e-10,5.69961022823e-10,4.25916107938e-10,4.16477546894e-10,4.7864628927e-10,3.79598463773e-10,1.9546558816e-10,9.04369565347e-11,4.94140769969e-11,4.34616578837e-11,1.80771474179e-11,8.41705177779e-12,5.1296944123e-12,3.81574633002e-12,1.3605767988e-12,5.84089254827e-13,3.03869098937e-13,7.96795490915e-14,2.40173210638e-14,9.43087076396e-15,5.67387984334e-15],"dvar2":[0.0000693030233379,0.00000608090340393,8.49721686791e-7,5.2032135045e-7,0.00000113850637717,0.00000370368638869,0.00000310750124299,3.77957803721e-7,1.65964280541e-7,1.17389760135e-7,1.21829444311e-7,1.12898533189e-7,8.06743685189e-8,6.83280205749e-8,3.676089122e-8,2.12967101731e-8,9.50684864165e-9,1.07159099372e-8,3.69204466999e-9,2.68929722935e-9,1.54407475694e-9,1.16421494667e-9,1.15039811011e-9,1.30804667098e-9,1.01928099294e-9,5.24298437998e-10,2.35075681143e-10,1.21894383476e-10,1.07958149365e-10,4.74272669748e-11,2.05415788546e-11,1.25999523315e-11,9.66611426317e-12,3.45925284945e-12,1.47273133359e-12,7.65212762946e-13,1.95826021414e-13,5.99857687936e-14,2.45133147586e-14,1.48211029902e-14],"max":[0.053794555366,0.0281626526266,0.00923907849938,0.00920434296131,0.00962327327579,0.0177532676607,0.0170517321676,0.00595557689667,0.00407228898257,0.00404009735212,0.00352996960282,0.00315328803845,0.0036504867021,0.00224690255709,0.00141434778925,0.00189413456246,0.000706960621756,0.000953490904067,0.000701956101693,0.00070073333336,0.00040666127461,0.000264767761109,0.000213835912291,0.000314753531711,0.000226835603826,0.000193069936358,0.00014580982679,0.000119420314149,0.000197091430891,0.0000930414607865,0.0000410601824115,0.0000467505997221,0.0000394451308239,0.0000261159675574,0.000012487931599,0.00001100951431,0.00000482287759951,0.00000234626145357,0.00000145394017181,9.01045325463e-7],"mean":[0.00432205805555,0.00167969148606,0.000545915099792,0.000409596832469,0.000566434348002,0.00104333565105,0.000881133717485,0.000312319025397,0.000265816634055,0.000197285989998,0.000195495813387,0.000191947619896,0.000161134899827,0.000207764547667,0.000188746795175,0.000127537408844,0.000103134443634,0.000102162142866,0.0000629565620329,0.00005602267629,0.0000404392521887,0.0000277862509392,0.0000234605904552,0.0000231046160479,0.0000211465339817,0.0000176807025127,0.0000122357787404,0.00000887731403054,0.00000679985168972,0.00000507652612214,0.0000041685625547,0.00000281762686427,0.00000212064037441,0.00000127764326407,8.98361406598e-7,6.07158881394e-7,3.45850196481e-7,1.89203504419e-7,9.90502542209e-8,6.42731023959e-8],"median":[0.0027149640955,0.00122429954354,0.000348750792909,0.000262979127001,0.000313740310958,0.000471240258776,0.000316532241413,0.000165902456501,0.000169924416696,0.000113324596896,0.000106009581941,0.000110187625978,0.000101956175058,0.000147859682329,0.000145339188748,0.0000925345448195,0.0000827783587738,0.0000834903985378,0.0000532531266799,0.0000480364069517,0.0000342903731507,0.0000219280263991,0.0000174935084942,0.0000167397338373,0.0000153627715918,0.0000133833964355,0.00000890617502591,0.00000620609307589,0.00000475975048175,0.00000374068918063,0.00000313518125949,0.00000189871991552,0.00000140230486068,8.60698662564e-7,5.57782755095e-7,3.27526123556e-7,2.06793373536e-7,1.18668410209e-7,6.23814884193e-8,3.81271583194e-8],"min":[2.01285876855e-9,3.05589470395e-10,1.78069017864e-11,5.54814909293e-11,1.04348495122e-10,1.19885046335e-10,4.82728579332e-11,1.67236658549e-11,3.72697428475e-11,6.68929148184e-11,7.17269230122e-11,4.63614494017e-11,5.82709228092e-11,2.34436164925e-10,1.30040339608e-10,2.96273630629e-11,9.48977355031e-12,2.18888188824e-11,7.47938950357e-12,2.95097453418e-11,5.00786911939e-11,2.22747011808e-11,7.07199533309e-12,2.12092040978e-12,5.46282116765e-12,2.38333723417e-12,1.8588698289e-12,1.86763408558e-12,5.37376133175e-12,2.6754549097e-12,3.01558973105e-12,1.41444332375e-12,2.31865243151e-12,1.43457847598e-12,3.77011274847e-13,3.4370583094e-13,4.08445168963e-13,2.20034941331e-13,1.05865044107e-13,2.56968620373e-14],"var":[0.0000262464109255,0.00000269274414677,3.86852576639e-7,2.68043976348e-7,6.97606083122e-7,0.00000265756989393,0.00000220030119635,1.98757945213e-7,9.00575614082e-8,7.17945383144e-8,7.08928737936e-8,6.85652992161e-8,5.39195177396e-8,4.27649844426e-8,2.59646188994e-8,1.53805252978e-8,6.50707399075e-9,6.16782447338e-9,2.09656980665e-9,1.66007574354e-9,9.2964430598e-10,5.67642377547e-10,5.0293319509e-10,5.71798275395e-10,4.40741276808e-10,2.76468986593e-10,1.48256629195e-10,9.85524648001e-11,8.30382360095e-11,2.98409803812e-11,1.56861225398e-11,9.71388594562e-12,6.04911563548e-12,2.01128827135e-12,1.0314203918e-12,5.59121434048e-13,1.58378735474e-13,4.32180163781e-14,1.22982238271e-14,6.22757172843e-15]},"melbands_crest":{"dmean":5.07003831863,"dmean2":8.33669090271,"dvar":20.1003036499,"dvar2":51.9914131165,"max":36.557182312,"mean":15.1459627151,"median":13.9299612045,"min":3.4040491581,"var":41.7338600159},"melbands_flatness_db":{"dmean":0.0298072248697,"dmean2":0.0483033843338,"dvar":0.000739900977351,"dvar2":0.00197028252296,"max":0.41836258769,"mean":0.189659804106,"median":0.184198394418,"min":0.0728515014052,"var":0.00184327096213},"melbands_kurtosis":{"dmean":4.73229885101,"dmean2":7.83180761337,"dvar":117.594985962,"dvar2":312.136535645,"max":222.507369995,"mean":6.66022205353,"median":3.24168157578,"min":-1.37980246544,"var":196.48348999},"melbands_skewness":{"dmean":0.673268079758,"dmean2":1.09016442299,"dvar":0.585251569748,"dvar2":1.52730774879,"max":12.4989490509,"mean":1.97652256489,"median":1.69813263416,"min":-0.260686099529,"var":1.63269746304},"melbands_spread":{"dmean":7.42462158203,"dmean2":12.1883077621,"dvar":46.013168335,"dvar2":121.062728882,"max":86.8872833252,"mean":26.895608902,"median":26.367937088,"min":1.03248238564,"var":129.65536499},"mfcc":{"cov":[[2769.67529297,75.5322799683,-209.700454712,173.296905518,-173.929016113,-6.70697832108,-39.4646110535,20.0145645142,-100.024589539,-14.404999733,-6.34832429886,-15.4335784912,-17.8505249023],[75.5322799683,477.703155518,-209.597961426,-40.8542327881,7.08785581589,-21.4646949768,-2.13537073135,-46.524772644,9.89106845856,0.665737688541,21.7023906708,12.4632492065,34.4951629639],[-209.700454712,-209.597961426,461.367340088,-39.2322807312,63.6642608643,-9.87804031372,-27.4260864258,35.1493148804,6.0983581543,18.1069755554,8.74412345886,-5.85633468628,-31.9687824249],[173.296905518,-40.8542327881,-39.2322807312,181.017044067,-7.65619087219,25.7857398987,7.34085321426,10.5244913101,-8.18805408478,6.31851673126,-4.72948360443,6.8581609726,-15.3729686737],[-173.929016113,7.08785581589,63.6642608643,-7.65619087219,144.55078125,24.6820831299,31.1834125519,2.620429039,34.0055236816,-0.843092143536,3.04266285896,-1.86299133301,-5.9696559906],[-6.70697832108,-21.4646949768,-9.87804031372,25.7857398987,24.6820831299,116.28302002,35.0906295776,26.4174118042,11.0719966888,-3.86142206192,-23.898267746,-3.26252889633,-6.00134897232],[-39.4646110535,-2.13537073135,-27.4260864258,7.34085321426,31.1834125519,35.0906295776,87.7833786011,22.2834396362,19.4080371857,-7.01396369934,-14.3412065506,-9.96220874786,0.215170741081],[20.0145645142,-46.524772644,35.1493148804,10.5244913101,2.620429039,26.4174118042,22.2834396362,74.2004241943,11.7622871399,3.16848611832,-6.02722787857,-6.68252229691,-11.5267953873],[-100.024589539,9.89106845856,6.0983581543,-8.18805408478,34.0055236816,11.0719966888,19.4080371857,11.7622871399,64.834564209,20.156545639,8.84241390228,7.2602648735,-0.00582100544125],[-14.404999733,0.665737688541,18.1069755554,6.31851673126,-0.843092143536,-3.86142206192,-7.01396369934,3.16848611832,20.156545639,58.316318512,23.2851963043,14.6452302933,2.11417102814],[-6.34832429886,21.7023906708,8.74412345886,-4.72948360443,3.04266285896,-23.898267746,-14.3412065506,-6.02722787857,8.84241390228,23.2851963043,53.691696167,21.3597717285,5.13947963715],[-15.4335784912,12.4632492065,-5.85633468628,6.8581609726,-1.86299133301,-3.26252889633,-9.96220874786,-6.68252229691,7.2602648735,14.6452302933,21.3597717285,49.7455444336,17.7201290131],[-17.8505249023,34.4951629639,-31.9687824249,-15.3729686737,-5.9696559906,-6.00134897232,0.215170741081,-11.5267953873,-0.00582100544125,2.11417102814,5.13947963715,17.7201290131,49.1776542664]],"icov":[[0.000438961345935,-0.000102394602436,0.000106403778773,-0.000371204019757,0.000349522422766,-0.00000743719147067,0.0000977973031695,-0.000272511562798,0.000476388231618,-0.00000899704718904,-0.000138684379635,0.000173167834873,0.000114047150419],[-0.000102394602436,0.00303960544989,0.00147685757838,0.000864069443196,-0.000946703890804,0.000168307262356,0.000397186522605,0.000834205886349,-0.000300736835925,-0.000145544414409,-0.000975333910901,0.000223407478188,-0.000812038371805],[0.000106403778773,0.00147685757838,0.00361348153092,0.0010606496362,-0.00207610451616,0.000528265431058,0.00169710780028,-0.00151023792569,0.000906123779714,-0.00120834121481,-0.000137518523843,-0.000125184247736,0.0012458327692],[-0.000371204019757,0.000864069443196,0.0010606496362,0.00689214421436,-0.000606399378739,-0.00100038212258,-0.000290827825665,-0.000261869368842,0.00132967403624,-0.00149554014206,0.000615933327936,-0.00231175892986,0.00268042623065],[0.000349522422766,-0.000946703890804,-0.00207610451616,-0.000606399378739,0.0103029869497,-0.00180169777013,-0.00303835049272,0.00216284417547,-0.00434411363676,0.00243175961077,-0.00189975078683,0.000629980058875,0.000669292348903],[-0.00000743719147067,0.000168307262356,0.000528265431058,-0.00100038212258,-0.00180169777013,0.0117713399231,-0.00248683127575,-0.00296433828771,-0.000166270096088,-0.00099245889578,0.00540578411892,-0.00230917544104,0.000753554049879],[0.0000977973031695,0.000397186522605,0.00169710780028,-0.000290827825665,-0.00303835049272,-0.00248683127575,0.0165061354637,-0.00399652589113,-0.00326612452045,0.00137922726572,0.001601507538,0.00281225098297,-0.00215244153515],[-0.000272511562798,0.000834205886349,-0.00151023792569,-0.000261869368842,0.00216284417547,-0.00296433828771,-0.00399652589113,0.0178632475436,-0.00307723158039,-0.000212759812712,-0.000699416967109,0.00114005617797,0.00202866992913],[0.000476388231618,-0.000300736835925,0.000906123779714,0.00132967403624,-0.00434411363676,-0.000166270096088,-0.00326612452045,-0.00307723158039,0.0228813327849,-0.00776492245495,-0.000458306225482,-0.0024504114408,0.00140133826062],[-0.00000899704718904,-0.000145544414409,-0.00120834121481,-0.00149554014206,0.00243175961077,-0.00099245889578,0.00137922726572,-0.000212759812712,-0.00776492245495,0.0244451258332,-0.0086775822565,-0.00177316041663,-0.000542037421837],[-0.000138684379635,-0.000975333910901,-0.000137518523843,0.000615933327936,-0.00189975078683,0.00540578411892,0.001601507538,-0.000699416967109,-0.000458306225482,-0.0086775822565,0.0296493209898,-0.0101904124022,0.00194137368817],[0.000173167834873,0.000223407478188,-0.000125184247736,-0.00231175892986,0.000629980058875,-0.00230917544104,0.00281225098297,0.00114005617797,-0.0024504114408,-0.00177316041663,-0.0101904124022,0.0299932770431,-0.0105148172006],[0.000114047150419,-0.000812038371805,0.0012458327692,0.00268042623065,0.000669292348903,0.000753554049879,-0.00215244153515,0.00202866992913,0.00140133826062,-0.000542037421837,0.00194137368817,-0.0105148172006,0.0268607046455]],"mean":[-602.04473877,143.31842041,-29.3640613556,28.1998825073,-4.57268476486,18.073431015,-1.11201620102,4.68149709702,-3.13187050819,5.89686632156,3.43636345863,6.53623151779,5.12243938446]},"pitch_salience":{"dmean":0.0830042809248,"dmean2":0.136634886265,"dvar":0.00601393030956,"dvar2":0.0156156690791,"max":0.826055705547,"mean":0.589239180088,"median":0.609027385712,"min":0.13557729125,"var":0.0117909880355},"silence_rate_20dB":{"dmean":0,"dmean2":0,"dvar":0,"dvar2":0,"max":1,"mean":1,"median":1,"min":1,"var":0},"silence_rate_30dB":{"dmean":0.0314318984747,"dmean2":0.0628759935498,"dvar":0.03044356592,"dvar2":0.0814391896129,"max":1,"mean":0.979825437069,"median":1,"min":0,"var":0.0197668410838},"silence_rate_60dB":{"dmean":0.0011641443707,"dmean2":0.00232874043286,"dvar":0.00116279802751,"dvar2":0.0027115275152,"max":1,"mean":0.0118331713602,"median":0,"min":0,"var":0.0116930576041},"spectral_centroid":{"dmean":252.380523682,"dmean2":401.383666992,"dvar":52593.609375,"dvar2":129620.695312,"max":3874.0534668,"mean":1462.78955078,"median":1433.67736816,"min":345.988861084,"var":197319.640625},"spectral_complexity":{"dmean":4.53084993362,"dmean2":7.17911911011,"dvar":15.5744018555,"dvar2":37.1725959778,"max":60,"mean":32.8399620056,"median":34,"min":0,"var":79.7055130005},"spectral_contrast_coeffs":{"dmean":[0.0533304400742,0.0557822361588,0.0381106212735,0.0264836270362,0.0202057994902,0.0300250686705],"dmean2":[0.089469730854,0.0943508967757,0.0640437752008,0.0450972951949,0.0339632108808,0.0478362217546],"dvar":[0.0018201925559,0.00193388422485,0.000850444601383,0.000396896211896,0.000257747975411,0.000624979322311],"dvar2":[0.00511048501357,0.00535858981311,0.00243429490365,0.00115734548308,0.000711159605999,0.00161800254136],"max":[-0.447174876928,-0.472684323788,-0.620496153831,-0.663807272911,-0.68160200119,-0.542793214321],"mean":[-0.726140379906,-0.748280704021,-0.802636802197,-0.809531867504,-0.804158985615,-0.700875043869],"median":[-0.731365919113,-0.758177399635,-0.806484520435,-0.810792803764,-0.805551350117,-0.698026120663],"min":[-0.949137449265,-0.933845341206,-0.931438982487,-0.914510190487,-0.914919137955,-0.885579884052],"var":[0.00377262895927,0.00472937012091,0.00176691950765,0.000800654932391,0.000632709823549,0.00229718815535]},"spectral_contrast_valleys":{"dmean":[0.375534027815,0.341270893812,0.285331457853,0.217546850443,0.24840939045,0.401245683432],"dmean2":[0.627470076084,0.566584706306,0.470541805029,0.358671814203,0.39213886857,0.629715681076],"dvar":[0.0902288109064,0.0707192718983,0.049835126847,0.0339968018234,0.0647942274809,0.121558688581],"dvar2":[0.243068635464,0.190410748124,0.132513165474,0.0838629677892,0.149839922786,0.306095272303],"max":[-5.23579788208,-4.56992149353,-5.05216598511,-5.49223661423,-5.57279729843,-8.95800876617],"mean":[-6.60925292969,-5.9900636673,-6.34131240845,-6.51317453384,-6.87096786499,-10.4853954315],"median":[-6.54291677475,-5.94854640961,-6.26419019699,-6.40521907806,-6.77278423309,-10.4021081924],"min":[-13.5031833649,-13.2540378571,-13.0676631927,-14.2025022507,-13.9561042786,-17.3358154297],"var":[0.421106398106,0.413404434919,0.390733122826,0.359058409929,0.39799824357,0.462500721216]},"spectral_decrease":{"dmean":4.40631442444e-9,"dmean2":6.96964441715e-9,"dvar":2.73538354988e-17,"dvar2":6.67038578312e-17,"max":5.88661253076e-9,"mean":-8.51462722551e-9,"median":-7.21989223962e-9,"min":-5.63021380628e-8,"var":4.05173743544e-17},"spectral_energy":{"dmean":0.0163852889091,"dmean2":0.0260378811508,"dvar":0.000361032172805,"dvar2":0.000881036859937,"max":0.231448113918,"mean":0.0551021844149,"median":0.0512594021857,"min":2.29288872333e-8,"var":0.000576187623665},"spectral_energyband_high":{"dmean":0.000502628856339,"dmean2":0.000793340266682,"dvar":2.75858155874e-7,"dvar2":6.87074930283e-7,"max":0.00943425204605,"mean":0.00188757071737,"median":0.00173058593646,"min":7.82753528661e-10,"var":0.00000103217109881},"spectral_energyband_low":{"dmean":0.0121470326558,"dmean2":0.0201927945018,"dvar":0.000309698632918,"dvar2":0.000793839921243,"max":0.184745579958,"mean":0.0182350277901,"median":0.013080816716,"min":7.78109132682e-9,"var":0.000339721533237},"spectral_energyband_middle_high":{"dmean":0.00289466721006,"dmean2":0.00470355525613,"dvar":0.00000987232397165,"dvar2":0.0000254659371421,"max":0.0557107664645,"mean":0.0100754825398,"median":0.00938620045781,"min":4.6267771836e-9,"var":0.0000324178145092},"spectral_energyband_middle_low":{"dmean":0.0061674900353,"dmean2":0.00991065148264,"dvar":0.000057516979723,"dvar2":0.000144758305396,"max":0.095491848886,"mean":0.0145506048575,"median":0.0105658667162,"min":1.83586879032e-9,"var":0.000142608449096},"spectral_entropy":{"dmean":0.102748408914,"dmean2":0.15792106092,"dvar":0.00854254048318,"dvar2":0.0198976453394,"max":8.34555721283,"mean":7.79276943207,"median":7.81059837341,"min":6.65541362762,"var":0.0317330025136},"spectral_flux":{"dmean":0.0291097611189,"dmean2":0.0468106009066,"dvar":0.000948787142988,"dvar2":0.00232390733436,"max":0.383883208036,"mean":0.141122415662,"median":0.134368076921,"min":0.00050325965276,"var":0.00180752377491},"spectral_kurtosis":{"dmean":2.79271268845,"dmean2":4.12167787552,"dvar":9.68214607239,"dvar2":22.3240528107,"max":70.4477615356,"mean":16.8704662323,"median":16.3676490784,"min":3.25060606003,"var":37.5000152588},"spectral_rms":{"dmean":0.00103296700399,"dmean2":0.00161635060795,"dvar":0.00000104126945644,"dvar2":0.00000246749800681,"max":0.0150267444551,"mean":0.00715197436512,"median":0.00707171624526,"min":0.00000472965621157,"var":0.00000260745082414},"spectral_rolloff":{"dmean":4606.61669922,"dmean2":8690.109375,"dvar":53297448,"dvar2":118528136,"max":22006.9335938,"mean":16381.5341797,"median":20671.875,"min":43.06640625,"var":63056712},"spectral_skewness":{"dmean":0.258164137602,"dmean2":0.379470676184,"dvar":0.0663635507226,"dvar2":0.143718928099,"max":6.30149698257,"mean":2.7333009243,"median":2.69730854034,"min":1.1515712738,"var":0.305775851011},"spectral_spread":{"dmean":356691.3125,"dmean2":559418.9375,"dvar":110492442624,"dvar2":253316071424,"max":8416231,"mean":4246191,"median":4090444.5,"min":2242106.5,"var":627395330048},"spectral_strongpeak":{"dmean":2.28328704834,"dmean2":4.24247503281,"dvar":105.667831421,"dvar2":291.9894104,"max":136.123886108,"mean":1.81631970406,"median":0.242712557316,"min":0,"var":80.1347503662},"zerocrossingrate":{"dmean":0.0393719151616,"dmean2":0.0483430661261,"dvar":0.0011208668584,"dvar2":0.00172159087379,"max":0.740234375,"mean":0.301915615797,"median":0.29931640625,"min":0.05419921875,"var":0.00573418010026}},"metadata":{"audio_properties":{"analysis_sample_rate":44100,"bit_rate":192000,"codec":"vorbis","downmix":"mix","equal_loudness":0,"length":119.665489197,"lossless":false,"md5_encoded":"6fe26a3e1c7776368981a8ee5f6cd3ea","replay_gain":-11.9628734589},"tags":{"album":["Sing Loud, Sing Proud!"],"albumartist":["Dropkick Murphys"],"albumartistsort":["Dropkick Murphys"],"artist":["Dropkick Murphys"],"artistsort":["Dropkick Murphys"],"asin":["B0000584TY"],"barcode":["045778043026"],"catalognumber":["80430-2"],"date":["2001-02-06"],"file_name":"13 - Ramble and Roll.ogg","format":["CD"],"genre":["Celtic"],"label":["Hellcat Records"],"language":["eng"],"musicbrainz_albumartistid":["e8374874-4178-4869-b92e-fef6bf30dc04"],"musicbrainz_albumid":["edc7a20b-3a84-4801-9c73-9418a9c75889"],"musicbrainz_artistid":["e8374874-4178-4869-b92e-fef6bf30dc04"],"musicbrainz_recordingid":["741b136e-9ae1-4900-b0d2-207f454090b0"],"musicip_puid":["ea4d4dfd-b997-3bfe-7244-1d4ad375fe20"],"producer":["Ken Casey"],"releasecountry":["US"],"releasestatus":["official"],"releasetype":["album"],"script":["Latn"],"title":["Ramble and Roll"],"totaltracks":["16"],"tracknumber":["13"]},"version":{"essentia":"2.1-beta1","essentia_build_sha":"8c2fd3ff3b9381f962a27951d857ce39398228bf","essentia_git_sha":"v2.1_beta1-7-ge0e83e8","extractor":"music 1.0"}},"rhythm":{"beats_count":188,"beats_loudness":{"dmean":0.0188690982759,"dmean2":0.0318144522607,"dvar":0.00036261221976,"dvar2":0.001134924707,"max":0.151138082147,"mean":0.0577340126038,"median":0.0539342686534,"min":0.00017326080706,"var":0.000432389060734},"beats_loudness_band_ratio":{"dmean":[0.166606068611,0.0974487066269,0.0971472412348,0.0627262443304,0.0306112132967,0.0807840749621],"dmean2":[0.283973872662,0.176469624043,0.174076095223,0.107860974967,0.0526958294213,0.142168194056],"dvar":[0.0148515393957,0.011292424053,0.00885045900941,0.00376730971038,0.000672463269439,0.00432455260307],"dvar2":[0.043956194073,0.0320929177105,0.0247713066638,0.0107963457704,0.00