{"lowlevel":{"average_loudness":0.905374288559,"barkbands":{"dmean":[0.00151038309559,0.00440013408661,0.00105272233486,0.000945718958974,0.00240375380963,0.000847628514748,0.000733284687158,0.000512776256073,0.000840803550091,0.00115542137064,0.000389908818761,0.000443249969976,0.000520329806022,0.000369883317035,0.000334356853273,0.000270093558356,0.000250993121881,0.000383758102544,0.000277186190942,0.000109459404484,0.0000832825753605,0.0000551675911993,0.0000155009547598,0.00000175180105089,0.0000017528287799,0.00000667576705382,0.000409894215409],"dmean2":[0.00237601669505,0.00745707238093,0.00178376864642,0.00162314448971,0.00402441015467,0.00137930060737,0.00117399718147,0.000828355317935,0.00136709061917,0.0018795147771,0.000639433448669,0.000725179037545,0.00085154408589,0.000606753746979,0.000544932670891,0.000442983553512,0.000409191532526,0.000604293425567,0.000433930341387,0.000167330159456,0.0001261428406,0.000084869483544,0.000024958191716,0.0000028172621569,0.00000280487438431,0.0000108024369183,0.000603604072239],"dvar":[0.00000685950226398,0.0000400486569561,0.00000250429457083,0.00000236735968429,0.0000205921096494,0.00000199540636459,0.00000272533952739,0.0000014804508055,0.00000314166481985,0.00000804686987976,6.90159652095e-7,4.13233493646e-7,5.53959409899e-7,4.0070921159e-7,2.53766160085e-7,2.54375834174e-7,2.12713814562e-7,4.99706004575e-7,2.63895771013e-7,1.27095418634e-7,3.61240815039e-8,2.07884269798e-8,1.05173347809e-9,8.41514878613e-12,7.83348386157e-12,2.03337582882e-10,3.21085508403e-7],"dvar2":[0.000014235949493,0.000112225869088,0.00000678140941091,0.00000649296316624,0.0000554818761884,0.00000487228453494,0.00000619992897555,0.00000353949235432,0.00000758533360568,0.0000214322080865,0.00000166922893641,0.0000010724151025,0.00000135951472657,0.00000110095334094,6.74599050399e-7,6.35248966319e-7,5.73232227907e-7,0.0000012053779983,6.36118443254e-7,2.86467184196e-7,7.40320942327e-8,5.15387910127e-8,2.611782568e-9,2.00023296537e-11,1.85889532933e-11,5.17892895235e-10,7.01631734046e-7],"max":[0.0376098379493,0.105151817203,0.0202613212168,0.0281434506178,0.0636327266693,0.0219329074025,0.0408133268356,0.0250331517309,0.0495649017394,0.0487673841417,0.0212611425668,0.0156918708235,0.0144414044917,0.0212636515498,0.0114487120882,0.0134875457734,0.00976417399943,0.0153999133036,0.0103636765853,0.0178528055549,0.00718348799273,0.00491266697645,0.000813041988295,0.0000607130568824,0.0000558905230719,0.000648034038022,0.0195764303207],"mean":[0.00183540640865,0.00587549246848,0.00130221818108,0.00113340036478,0.00317824771628,0.00121618586127,0.00108009134419,0.000728057115339,0.00121668993961,0.00172875274438,0.000593241129536,0.000733182940166,0.000871623167768,0.00064986711368,0.000618375022896,0.000451944302768,0.000455358996987,0.000785189331509,0.000530845718458,0.000217403416173,0.000165480290889,0.0000964884602581,0.0000249342720053,0.00000188387343769,0.00000195816573978,0.0000109221764433,0.00142107449938],"median":[0.000617412093561,0.00391762936488,0.000747960759327,0.000645889609586,0.00176323053893,0.000672511698212,0.000504241092131,0.000304658606183,0.000447569094831,0.000532270176336,0.000237303582253,0.000494220119435,0.000581710308325,0.000428810366429,0.000429971871199,0.000275290687568,0.000260166736552,0.000361148093361,0.000240120629314,0.000107817373646,0.0000890616502147,0.0000492686449434,0.0000115868660941,7.42089923733e-7,8.39158929011e-7,0.00000560217267775,0.00114766263869],"min":[5.08002510616e-25,2.53269256483e-24,1.847835673e-24,2.62464155099e-25,7.44540254097e-24,6.5735234918e-24,5.40538102437e-24,9.27603710193e-24,2.90681233404e-23,3.44092386279e-23,2.02474419965e-23,2.141741896e-23,2.11676435093e-23,3.76996847486e-23,4.97485915982e-23,5.80271125078e-23,6.34959001996e-23,8.207259633e-23,1.37413927756e-22,1.73084804252e-22,2.15093868887e-22,3.82022465743e-22,3.54526864042e-22,6.16621595777e-22,9.30147837099e-22,1.2771491953e-21,2.00079823852e-21],"var":[0.0000110086084533,0.0000474387925351,0.00000288372120849,0.00000243134718403,0.0000210833459278,0.00000312267457048,0.0000048838865041,0.00000232768525166,0.00000523712560607,0.0000140396514325,0.0000011513274103,7.24088920379e-7,0.00000104706464299,6.7433404638e-7,4.60214266695e-7,3.82533642096e-7,4.03016372275e-7,0.0000015117645944,6.08203663433e-7,2.30488524267e-7,8.11072311535e-8,2.9515684119e-8,1.59284196943e-9,1.00052960708e-11,9.64024953615e-12,3.14556630743e-10,0.00000181617849648]},"barkbands_crest":{"dmean":3.03106069565,"dmean2":5.00702238083,"dvar":7.0067358017,"dvar2":17.4579677582,"max":26.8498363495,"mean":8.84696292877,"median":7.71404457092,"min":2.40435481071,"var":18.0297088623},"barkbands_flatness_db":{"dmean":0.0211703274399,"dmean2":0.0337883122265,"dvar":0.000365564104868,"dvar2":0.000863997323904,"max":0.434107154608,"mean":0.114552646875,"median":0.106887429953,"min":0.03028601408,"var":0.00167879916262},"barkbands_kurtosis":{"dmean":3.82576870918,"dmean2":5.80058336258,"dvar":496.180511475,"dvar2":1089.15600586,"max":1236.68481445,"mean":5.53839015961,"median":1.27750873566,"min":-1.57113933563,"var":803.407714844},"barkbands_skewness":{"dmean":0.527298331261,"dmean2":0.824070334435,"dvar":0.562548220158,"dvar2":1.19453620911,"max":33.6595115662,"mean":1.56351304054,"median":1.29371714592,"min":-2.12569785118,"var":2.69140791893},"barkbands_spread":{"dmean":8.68603897095,"dmean2":13.8831043243,"dvar":60.2907485962,"dvar2":156.351486206,"max":106.523712158,"mean":41.7129745483,"median":41.2120399475,"min":0.381507635117,"var":257.371826172},"dissonance":{"dmean":0.0131049631163,"dmean2":0.0224535278976,"dvar":0.00016097529442,"dvar2":0.000445804849733,"max":0.500000059605,"mean":0.480538487434,"median":0.484951198101,"min":0.37097081542,"var":0.000253992766375},"dynamic_complexity":2.93190097809,"erbbands":{"dmean":[0.175281748176,0.866578400135,1.12335896492,2.30004620552,6.40541124344,8.53659629822,6.58014965057,7.92211103439,9.35227680206,11.1871328354,12.1650047302,18.0249061584,33.4357681274,26.8335494995,12.9408874512,18.765996933,23.5156764984,17.536277771,18.3779087067,15.4285774231,13.0143880844,13.4980010986,18.6690654755,20.0081977844,8.24771499634,4.86953496933,3.86619734764,2.91850161552,2.14720916748,1.22622573376,0.216925814748,0.0406997688115,0.0280907787383,0.0193987023085,0.0126255666837,0.00764029333368,0.00779144372791,0.0368059836328,0.0211154017597,0.00941771175712],"dmean2":[0.305818706751,1.44049477577,1.92147052288,3.85110187531,10.9724702835,14.5009841919,10.8460197449,12.9304304123,15.1538257599,17.9245128632,19.8521957397,28.9542388916,54.5534439087,44.1284179688,20.8679180145,30.571352005,38.5095252991,28.3035411835,30.0404872894,24.9892177582,21.1472530365,21.6383934021,29.4992408752,31.2567119598,12.8564405441,7.43753242493,5.87578868866,4.45671129227,3.29369068146,1.92310297489,0.34571492672,0.0651964321733,0.0450840331614,0.031066250056,0.020166285336,0.0121357189491,0.0122010447085,0.0558279901743,0.0304577928036,0.0138000799343],"dvar":[0.0743897780776,1.52292871475,2.776232481,11.5620574951,150.101608276,299.797637939,131.362472534,210.704925537,431.319000244,559.902832031,1108.84606934,1649.87548828,8769.44921875,3535.6550293,601.792114258,686.685791016,1235.92651367,748.004577637,900.138427734,491.343170166,801.256652832,594.97442627,1178.91711426,1373.89453125,275.822662354,200.510925293,68.3608093262,59.5990524292,30.5698661804,8.11513614655,0.179836168885,0.0043305256404,0.00213651685044,0.000985134509392,0.000396479910705,0.00013504063827,0.000156798341777,0.00636162050068,0.00368792959489,0.000142296834383],"dvar2":[0.216898307204,4.10950994492,7.59085512161,30.3720531464,410.848632812,806.045776367,336.993438721,500.403900146,995.766723633,1273.57678223,2826.70629883,3625.01586914,24600.6523438,8929.51464844,1375.39050293,1787.71252441,3012.17163086,1992.48999023,2349.83984375,1266.64770508,1976.92224121,1572.88598633,2895.31103516,3298.78320312,657.150695801,450.901977539,129.195465088,138.204147339,74.8657684326,20.1124954224,0.442585110664,0.0102395359427,0.00507559301332,0.00233893189579,0.000940742902458,0.000320895924233,0.00036984696635,0.0148770073429,0.0080500850454,0.000304642715491],"max":[4.32957220078,18.0062770844,19.2215442657,54.7371520996,158.080062866,251.234115601,169.315124512,262.336273193,712.84576416,563.005493164,804.263977051,1550.59387207,1687.41455078,1041.92614746,867.658813477,468.795562744,740.587646484,761.594665527,781.404174805,356.999908447,952.874511719,538.685852051,794.304931641,689.314758301,458.956329346,626.479309082,345.265136719,319.83404541,203.191940308,50.8990135193,10.1341695786,1.45300924778,0.959763765335,0.636121571064,0.392584353685,0.219068363309,0.309402555227,1.47987437248,3.52558302879,0.344436407089],"mean":[0.214655444026,1.15542030334,1.54144990444,3.08844161034,7.76074409485,10.3069791794,9.20612812042,10.9267644882,13.6828022003,16.8387908936,18.1533489227,27.2897796631,50.2789230347,42.5555648804,23.2432994843,32.985748291,40.7836875916,33.4971008301,34.6187095642,30.0197296143,23.1919651031,26.4560451508,38.9488868713,41.1071853638,17.4644775391,9.9058380127,7.75228834152,5.61576747894,3.76279449463,2.05830717087,0.365530997515,0.0504884906113,0.0309702176601,0.0215074773878,0.0143329733983,0.00918516330421,0.0146680120379,0.0805709660053,0.070474408567,0.0386306382716],"median":[0.132211878896,0.737204253674,1.03129136562,1.87684690952,4.05207157135,4.99758434296,4.49868249893,5.79352617264,7.07164812088,7.46133422852,7.90454339981,10.4467906952,15.8134088516,15.3934831619,12.9194993973,22.9199352264,28.1093101501,23.6146411896,24.4912853241,21.0077800751,13.8818540573,15.1553478241,19.3315219879,17.3280200958,9.09586048126,5.06950426102,4.15656852722,2.96791934967,1.91958701611,0.970251381397,0.188617184758,0.0251157805324,0.0128428032622,0.00912345945835,0.00629312172532,0.00438069086522,0.00896623730659,0.0437592193484,0.0482149869204,0.033864852041],"min":[1.5324690886e-22,4.97064209875e-22,2.03239023713e-21,6.64150382013e-21,9.27855359346e-21,2.21447025947e-20,3.64727196529e-20,3.9880506675e-20,7.36491244379e-20,1.4725200431e-19,4.42793504212e-19,5.84409978708e-19,4.46035225033e-19,9.54797417072e-19,1.30200565201e-18,1.10457511398e-18,1.45607589931e-18,2.29535857782e-18,1.96469602308e-18,2.12242923294e-18,4.19634432294e-18,4.93532432114e-18,5.09468356128e-18,6.65019835755e-18,7.71246245942e-18,8.23485100448e-18,8.05552072922e-18,9.04864287164e-18,1.16861264527e-17,1.04549814347e-17,1.00210433125e-17,1.20023617368e-17,9.80960271308e-18,7.62287549036e-18,6.64424803381e-18,4.44775304883e-18,2.34497742045e-18,1.0194560576e-18,2.34003992768e-19,2.62351381887e-20],"var":[0.0772746950388,1.91292583942,3.36615395546,14.584821701,142.443435669,290.008422852,189.093643188,312.002685547,661.353210449,1033.62194824,1580.72570801,3060.93725586,14983.0976562,5667.65527344,1177.97973633,1290.62670898,2269.4921875,1450.59863281,1600.11401367,989.353027344,1162.20422363,1317.37219238,3554.46508789,3972.02636719,605.435974121,387.646453857,168.157089233,113.569114685,45.7566757202,11.3915729523,0.286431580782,0.00547064049169,0.00256541534327,0.00119905313477,0.000494217732921,0.000175650216988,0.000324277731124,0.0131207676604,0.0119214598089,0.000959195953328]},"erbbands_crest":{"dmean":2.42130708694,"dmean2":4.05058765411,"dvar":5.87084579468,"dvar2":14.9348278046,"max":28.0082530975,"mean":7.59994459152,"median":6.55575704575,"min":2.10900568962,"var":13.622710228},"erbbands_flatness_db":{"dmean":0.0178967062384,"dmean2":0.0277089178562,"dvar":0.000235356899793,"dvar2":0.000555675651412,"max":0.311635702848,"mean":0.148609817028,"median":0.142867282033,"min":0.0276511497796,"var":0.00151003978681},"erbbands_kurtosis":{"dmean":0.713085412979,"dmean2":1.15846943855,"dvar":1.03411436081,"dvar2":2.45779800415,"max":27.8371372223,"mean":0.114514343441,"median":-0.161368131638,"min":-1.82411050797,"var":1.89282941818},"erbbands_skewness":{"dmean":0.321169793606,"dmean2":0.507786393166,"dvar":0.0883287116885,"dvar2":0.210106596351,"max":2.80246210098,"mean":-0.134707406163,"median":-0.181835949421,"min":-4.07012987137,"var":0.324255734682},"erbbands_spread":{"dmean":6.17555189133,"dmean2":9.83566093445,"dvar":31.1701564789,"dvar2":74.5909957886,"max":90.9753570557,"mean":31.6900615692,"median":30.449716568,"min":3.85848665237,"var":123.30355835},"gfcc":{"cov":[[26216.4023438,1402.13696289,-2425.0456543,-6.83563423157,45.0554084778,-992.88494873,410.332702637,-587.102355957,96.5028152466,-249.276794434,-167.987411499,128.61340332,-147.854568481],[1402.13696289,625.010314941,10.2944984436,-55.3932228088,172.033233643,18.4301357269,75.7664108276,8.31212329865,88.8442077637,29.982635498,51.3253059387,2.53766584396,49.0684967041],[-2425.0456543,10.2944984436,744.734436035,158.11541748,75.4936676025,408.33416748,-113.363883972,167.270294189,38.4939956665,142.87322998,50.9345436096,-4.44195413589,58.593460083],[-6.83563423157,-55.3932228088,158.11541748,267.455352783,70.9983901978,30.5229759216,48.2226028442,-56.2737007141,-3.67156243324,20.8425884247,-29.3912811279,36.3921165466,-20.9776229858],[45.0554084778,172.033233643,75.4936676025,70.9983901978,266.733184814,124.793609619,71.3946990967,0.370422452688,51.2063026428,32.3569412231,49.5243835449,31.7413463593,52.7942428589],[-992.88494873,18.4301357269,408.33416748,30.5229759216,124.793609619,446.981811523,-44.612411499,161.109146118,27.9778709412,88.4730987549,55.1072463989,8.2916021347,81.3054885864],[410.332702637,75.7664108276,-113.363883972,48.2226028442,71.3946990967,-44.612411499,209.553344727,-57.4095573425,44.5160140991,-22.4770431519,-31.4381809235,43.4838752747,-17.8721427917],[-587.102355957,8.31212329865,167.270294189,-56.2737007141,0.370422452688,161.109146118,-57.4095573425,245.202774048,37.7754096985,44.9245910645,47.6929512024,-45.7447967529,54.4179229736],[96.5028152466,88.8442077637,38.4939956665,-3.67156243324,51.2063026428,27.9778709412,44.5160140991,37.7754096985,161.192718506,55.8757324219,9.76697158813,28.2892074585,-19.8154315948],[-249.276794434,29.982635498,142.87322998,20.8425884247,32.3569412231,88.4730987549,-22.4770431519,44.9245910645,55.8757324219,101.592544556,48.5748023987,6.13409662247,21.7525749207],[-167.987411499,51.3253059387,50.9345436096,-29.3912811279,49.5243835449,55.1072463989,-31.4381809235,47.6929512024,9.76697158813,48.5748023987,94.222114563,19.1405334473,34.1143722534],[128.61340332,2.53766584396,-4.44195413589,36.3921165466,31.7413463593,8.2916021347,43.4838752747,-45.7447967529,28.2892074585,6.13409662247,19.1405334473,91.6925964355,6.49536657333],[-147.854568481,49.0684967041,58.593460083,-20.9776229858,52.7942428589,81.3054885864,-17.8721427917,54.4179229736,-19.8154315948,21.7525749207,34.1143722534,6.49536657333,98.0599212646]],"icov":[[0.000113707814307,-0.000448272272479,0.00083156186156,-0.00059403188061,0.000291728269076,-0.000431633670814,0.000346865650499,-0.000102343197796,0.0000495197346027,-0.000405577942729,0.000285430432996,-0.000203840972972,0.000106815452455],[-0.000448272272479,0.00428089220077,-0.00407336512581,0.00339750736021,-0.00246382458135,0.0025063494686,-0.00229184934869,0.00122796033975,-0.00168757478241,0.00252250186168,-0.0023857911583,0.00226265145466,-0.00172850734089],[0.00083156186156,-0.00407336512581,0.0109202256426,-0.00752425938845,0.0034037004225,-0.00677569536492,0.0045556188561,-0.00161164056044,0.00040182741941,-0.00573028251529,0.00275100581348,-0.00146539416164,0.00115985923912],[-0.00059403188061,0.00339750736021,-0.00752425938845,0.0119650466368,-0.00639512529597,0.00537051213905,-0.00308843655512,-0.000406585575547,0.00422498444095,-0.00252865138464,0.00478433910757,-0.00373758235946,0.00311053474434],[0.000291728269076,-0.00246382458135,0.0034037004225,-0.00639512529597,0.0114633366466,-0.00536944670603,-0.00131303782109,0.00401159375906,-0.00590953137726,0.00505667645484,-0.00830474682152,0.00512430258095,-0.00568050891161],[-0.000431633670814,0.0025063494686,-0.00677569536492,0.00537051213905,-0.00536944670603,0.0091878157109,-0.0017127385363,-0.00285614863969,0.00262381811626,-0.0012224529637,0.00245379772969,-0.00274612475187,-0.000032098047086],[0.000346865650499,-0.00229184934869,0.0045556188561,-0.00308843655512,-0.00131303782109,-0.0017127385363,0.00954053364694,-0.00145713798702,-0.000207777120522,-0.00220421887934,0.00551084242761,-0.00468506710604,0.00180163688492],[-0.000102343197796,0.00122796033975,-0.00161164056044,-0.000406585575547,0.00401159375906,-0.00285614863969,-0.00145713798702,0.01131108962,-0.00771640753374,0.0071004149504,-0.00911125726998,0.00968817993999,-0.00683337310329],[0.0000495197346027,-0.00168757478241,0.00040182741941,0.00422498444095,-0.00590953137726,0.00262381811626,-0.000207777120522,-0.00771640753374,0.0182147324085,-0.0151408454403,0.0119744371623,-0.011470656842,0.0104666706175],[-0.000405577942729,0.00252250186168,-0.00573028251529,-0.00252865138464,0.00505667645484,-0.0012224529637,-0.00220421887934,0.0071004149504,-0.0151408454403,0.0315495356917,-0.0198520123959,0.0115119609982,-0.00895602069795],[0.000285430432996,-0.0023857911583,0.00275100581348,0.00478433910757,-0.00830474682152,0.00245379772969,0.00551084242761,-0.00911125726998,0.0119744371623,-0.0198520123959,0.0317675434053,-0.0160524714738,0.00633625127375],[-0.000203840972972,0.00226265145466,-0.00146539416164,-0.00373758235946,0.00512430258095,-0.00274612475187,-0.00468506710604,0.00968817993999,-0.011470656842,0.0115119609982,-0.0160524714738,0.0248291641474,-0.00900748837739],[0.000106815452455,-0.00172850734089,0.00115985923912,0.00311053474434,-0.00568050891161,-0.000032098047086,0.00180163688492,-0.00683337310329,0.0104666706175,-0.00895602069795,0.00633625127375,-0.00900748837739,0.0208957195282]],"mean":[-13.1869812012,87.4039840698,-110.338409424,-1.01234197617,-2.04584789276,-32.2675628662,12.4358968735,-26.363817215,-0.365390956402,-10.3670988083,-6.83225250244,-0.145862519741,-8.40225124359]},"hfc":{"dmean":41.3570251465,"dmean2":66.7545776367,"dvar":1820.02807617,"dvar2":4681.19970703,"max":617.42401123,"mean":170.232788086,"median":176.835159302,"min":1.1159185271e-16,"var":8976.00683594},"melbands":{"dmean":[0.00139491155278,0.000719386327546,0.000465855846414,0.000570452481043,0.000251759949606,0.000171690859133,0.000144512043335,0.000115951792395,0.00010684823792,0.000119693009765,0.000172080530319,0.000117499184853,0.0000470519080409,0.0000491531573061,0.0000536098705197,0.0000479419832118,0.0000345617445419,0.0000330365364789,0.0000236033520196,0.0000205501073651,0.000015765966964,0.0000144899477164,0.000016795062038,0.0000204002517421,0.0000176843077497,0.00000837328116177,0.00000485918644699,0.0000031145077628,0.0000026606078336,0.00000226104066314,0.00000166731831541,0.00000136551579999,9.67124378803e-7,6.33862555333e-7,1.50781261254e-7,2.66462354404e-8,2.27742713577e-8,1.99278993307e-8,1.76794010542e-8,1.58950825835e-8],"dmean2":[0.00238543120213,0.00121348898392,0.000788713630755,0.000967339263298,0.000411654385971,0.000278758263448,0.000231949670706,0.000185388867976,0.000176144516445,0.000192814593902,0.000280555541394,0.000193741143448,0.0000766590092098,0.0000805462041171,0.0000872682066984,0.0000790510312072,0.0000567154747841,0.0000543904825463,0.0000383137703466,0.0000341145350831,0.0000259591924987,0.0000236525138462,0.000027188056265,0.0000323268905049,0.0000278533389064,0.0000133575713335,0.0000075998509601,0.00000483958319819,0.00000410585425925,0.00000351242783836,0.000002582070465,0.00000212448048842,0.00000153842631789,0.0000010185924566,2.43373079911e-7,4.29793374224e-8,3.66790118278e-8,3.20253619179e-8,2.8348674519e-8,2.54540495348e-8],"dvar":[0.00000426950191468,9.95785171654e-7,5.17296939506e-7,0.00000131107515244,1.85873389569e-7,9.21457186109e-8,1.03381992744e-7,5.66628415299e-8,9.07145008e-8,7.05530069922e-8,2.29466692758e-7,6.89660168973e-8,9.13177089501e-9,5.62300295215e-9,6.2073506335e-9,4.54947368667e-9,3.46848572086e-9,3.14207748708e-9,1.31265887049e-9,1.07403674843e-9,1.46311518456e-9,7.53832163358e-10,1.13601528184e-9,1.41439893131e-9,1.11500864097e-9,2.86062756816e-10,3.41637912404e-10,6.81132997227e-11,3.3535056676e-11,2.64181159587e-11,2.22718163356e-11,1.32154877319e-11,6.61103029959e-12,1.96077529213e-12,8.92922143018e-14,1.99865301311e-15,1.43512538143e-15,1.08096587135e-15,8.33841891408e-16,6.57164371138e-16],"dvar2":[0.0000121279326777,0.00000271261501439,0.00000139462076731,0.00000354830899596,4.82383768485e-7,2.18685556774e-7,2.3717805675e-7,1.26647066168e-7,2.32460422467e-7,1.56989841571e-7,6.40981056677e-7,1.74257948515e-7,2.13197317578e-8,1.43600935587e-8,1.53145887083e-8,1.14864455725e-8,9.51882839217e-9,8.25012058669e-9,3.52623485966e-9,2.72147326896e-9,3.62041463475e-9,2.04185512942e-9,2.97725577525e-9,3.40605477156e-9,2.72133182655e-9,7.04651670347e-10,8.04264099763e-10,1.56043025723e-10,6.44242229009e-11,5.80347783719e-11,5.41420380751e-11,3.3089149476e-11,1.7057518592e-11,4.84377772267e-12,2.27467404721e-13,4.76313223076e-15,3.41346146227e-15,2.56893827364e-15,1.98112938374e-15,1.55994881522e-15],"max":[0.034308642149,0.0154059138149,0.0122088156641,0.0148998154327,0.00837863795459,0.00522193079814,0.00949077773839,0.00567666208372,0.00787847489119,0.00986081175506,0.00871037784964,0.00462165428326,0.00316394586116,0.00201446330175,0.00138988648541,0.00108202849515,0.00182632752694,0.00135747226886,0.000731056381483,0.000502611335833,0.00138589541893,0.000746126810554,0.000967674481217,0.000797182612587,0.000633747782558,0.000468903337605,0.00101903954055,0.000311290903483,0.000252759229625,0.000157273098012,0.000198030451429,0.000149125582539,0.0000635866235825,0.0000328539754264,0.00000687387409926,9.86412828752e-7,7.99485178504e-7,6.81054586948e-7,5.90052025018e-7,5.16998454714e-7],"mean":[0.00191706616897,0.00107591156848,0.000640493875835,0.000707641185727,0.000349862966686,0.000242652080487,0.000215701729758,0.000174597153091,0.000154806271894,0.000175066947122,0.000253865553532,0.000179526294232,0.0000772283892729,0.0000808232580312,0.0000914706033655,0.0000812390935607,0.000059884176153,0.0000573514480493,0.000043580057536,0.0000352633869625,0.0000252722165897,0.0000257674691966,0.0000308328380925,0.000039646125515,0.0000337835626851,0.0000157998638315,0.00000891407944437,0.00000583889959671,0.00000499044745084,0.00000410178108723,0.00000297736482935,0.0000022894284939,0.00000151395283865,0.00000102337105545,2.30031474757e-7,2.83569807635e-8,2.43282620715e-8,2.14782964747e-8,1.92767402041e-8,1.75792127521e-8],"median":[0.00128428183962,0.000768257770687,0.000423453340773,0.000365403684555,0.000172738931724,0.000132406625198,0.00011029651796,0.0000779839101597,0.0000628624111414,0.0000639709251118,0.0000755765722715,0.000061888815253,0.0000352449569618,0.0000539235079486,0.0000602074542257,0.0000567439929,0.000039600297896,0.0000385830790037,0.0000297847709589,0.0000231632839132,0.0000138993091241,0.000014623390598,0.0000160487870744,0.00001782502477,0.0000133052171805,0.00000751759898776,0.00000417869387093,0.00000285782653009,0.00000262551066044,0.0000020519694317,0.00000147331854805,0.00000110924429464,6.97144287187e-7,4.59388729723e-7,1.10381300544e-7,1.09256843572e-8,9.43851130586e-9,8.4972882064e-9,7.81162956542e-9,7.46045358824e-9],"min":[1.79048410468e-24,9.12777937226e-25,1.25951149292e-24,1.39011954452e-24,1.75454005197e-24,8.05017959851e-25,1.10058116546e-24,2.00048400525e-24,3.21688523578e-24,3.45194685287e-24,1.84789641529e-24,3.53929702648e-24,3.60423921164e-24,2.75168350756e-24,2.07441427435e-24,2.27014348392e-24,3.91772740778e-24,1.91055859522e-24,2.44371497118e-24,3.44484039941e-24,4.43795553679e-24,3.64475905204e-24,5.18349298996e-24,3.13401539769e-24,4.61334061527e-24,5.27602558528e-24,4.7994703737e-24,4.06108394464e-24,5.19301809096e-24,3.86180979137e-24,5.16357109666e-24,5.96563595571e-24,5.62896432086e-24,4.928600593e-24,6.15686372775e-24,5.11893695221e-24,6.48439049255e-24,6.15405341077e-24,5.76346747178e-24,5.6990159581e-24],"var":[0.00000509976507601,0.00000135754817165,5.874683211e-7,0.00000124559494452,2.58079722926e-7,1.40261278148e-7,1.73031153849e-7,1.06712477077e-7,1.26903017872e-7,1.28409112676e-7,3.91954728229e-7,1.07589542608e-7,1.7150314946e-8,9.71628377755e-9,1.17384733045e-8,8.02712118997e-9,5.7865170433e-9,5.16561149411e-9,2.40362463266e-9,1.7467689517e-9,1.90603333117e-9,1.34003197427e-9,2.44326714416e-9,4.07449896045e-9,2.95106628023e-9,5.40544775607e-10,4.99865759895e-10,1.35482403074e-10,7.88891729719e-11,5.3350452528e-11,3.73933280173e-11,1.92973189511e-11,7.3706570361e-12,2.8953896572e-12,1.26477265618e-13,2.34409422482e-15,1.69704925043e-15,1.28929595407e-15,1.00446047913e-15,8.01380200738e-16]},"melbands_crest":{"dmean":4.25265073776,"dmean2":7.14285373688,"dvar":13.1347856522,"dvar2":34.6940345764,"max":39.5599365234,"mean":13.8537120819,"median":12.7927904129,"min":1.57247745991,"var":33.4297599792},"melbands_flatness_db":{"dmean":0.0296872258186,"dmean2":0.0471655651927,"dvar":0.000626951572485,"dvar2":0.00152433116455,"max":0.553219497204,"mean":0.21080519259,"median":0.205128505826,"min":0.00344702741131,"var":0.00338448979892},"melbands_kurtosis":{"dmean":5.42413473129,"dmean2":8.61470890045,"dvar":253.636505127,"dvar2":542.190734863,"max":780.310668945,"mean":8.96838378906,"median":3.43729543686,"min":-1.74583017826,"var":649.38659668},"melbands_skewness":{"dmean":0.704946517944,"dmean2":1.12090814114,"dvar":0.522338032722,"dvar2":1.19704568386,"max":25.3044624329,"mean":2.14719939232,"median":1.86305260658,"min":-2.44932031631,"var":2.57825469971},"melbands_spread":{"dmean":8.12536144257,"dmean2":12.9863290787,"dvar":66.8317489624,"dvar2":164.968811035,"max":163.534606934,"mean":29.4348049164,"median":26.979801178,"min":0.434893995523,"var":337.257263184},"mfcc":{"cov":[[10752.5419922,1881.40063477,-1415.01782227,876.346374512,-565.103027344,191.251144409,-253.623428345,82.3047332764,11.4220476151,-183.582931519,157.23538208,-286.339385986,26.4211196899],[1881.40063477,1092.05310059,-270.202484131,108.106796265,14.368719101,86.6628112793,1.30149352551,26.4756736755,55.5575714111,13.8212060928,77.46900177,8.14830112457,33.0138168335],[-1415.01782227,-270.202484131,715.358581543,-184.479019165,280.785308838,61.1364250183,83.4432144165,4.76560688019,45.6075515747,114.647628784,-13.5643606186,120.362442017,29.2164516449],[876.346374512,108.106796265,-184.479019165,422.059814453,-138.639526367,107.329032898,-45.4660186768,-8.97521972656,-6.04394578934,-75.7453079224,29.0835456848,-71.5077972412,32.8854942322],[-565.103027344,14.368719101,280.785308838,-138.639526367,367.517944336,67.0825576782,104.573997498,20.314863205,46.8493881226,80.5609741211,-16.5828437805,120.932846069,39.9187698364],[191.251144409,86.6628112793,61.1364250183,107.329032898,67.0825576782,295.828063965,48.4446601868,43.5962638855,43.5292396545,-8.92005443573,7.73792791367,6.38447809219,87.2462081909],[-253.623428345,1.30149352551,83.4432144165,-45.4660186768,104.573997498,48.4446601868,178.412948608,30.0848617554,28.4231853485,13.1681623459,-43.9269180298,41.3876724243,-4.01891422272],[82.3047332764,26.4756736755,4.76560688019,-8.97521972656,20.314863205,43.5962638855,30.0848617554,118.885498047,49.9460067749,25.5898399353,22.2844409943,-11.7144851685,23.8505439758],[11.4220476151,55.5575714111,45.6075515747,-6.04394578934,46.8493881226,43.5292396545,28.4231853485,49.9460067749,103.852844238,61.5757102966,13.2952289581,13.8588476181,10.9433584213],[-183.582931519,13.8212060928,114.647628784,-75.7453079224,80.5609741211,-8.92005443573,13.1681623459,25.5898399353,61.5757102966,122.267616272,40.0229606628,33.3266906738,8.66150093079],[157.23538208,77.46900177,-13.5643606186,29.0835456848,-16.5828437805,7.73792791367,-43.9269180298,22.2844409943,13.2952289581,40.0229606628,90.7807235718,16.3524589539,15.996556282],[-286.339385986,8.14830112457,120.362442017,-71.5077972412,120.932846069,6.38447809219,41.3876724243,-11.7144851685,13.8588476181,33.3266906738,16.3524589539,103.766471863,32.6217651367],[26.4211196899,33.0138168335,29.2164516449,32.8854942322,39.9187698364,87.2462081909,-4.01891422272,23.8505439758,10.9433584213,8.66150093079,15.996556282,32.6217651367,95.8854293823]],"icov":[[0.000188925565453,-0.000267180090304,0.000204744254006,-0.000260931992671,0.0000791001730249,-0.000109948960016,0.000231697064009,-0.000272241450148,0.000194079271751,-0.000232801598031,0.000280651351204,-0.000145998346852,0.000213307823287],[-0.000267180090304,0.001606845879,0.000388605491025,0.000390792527469,-0.000658298726194,-0.0000464870281576,-0.000652217597235,0.000925039174035,-0.00109126162715,0.000634735624772,-0.0017540731933,0.000455220346339,-0.000468165584607],[0.000204744254006,0.000388605491025,0.00295883277431,-0.000104274862679,-0.000950914109126,-0.00115211296361,0.000646945787594,-0.000398231524741,0.000771369901486,-0.00234016776085,0.00120482163038,-0.00198412872851,0.0011117355898],[-0.000260931992671,0.000390792527469,-0.000104274862679,0.00473210494965,-0.000106051440525,-0.000404287944548,-0.00159088184591,0.00326048093848,-0.00289103994146,0.00407529482618,-0.00463946117088,0.00450784526765,-0.00291732838377],[0.0000791001730249,-0.000658298726194,-0.000950914109126,-0.000106051440525,0.00710621895269,-0.00181521277409,0.000330639391905,-0.0025451858528,0.00201172963716,-0.00402855919674,0.00510008214042,-0.00761691154912,0.00174600409809],[-0.000109948960016,-0.0000464870281576,-0.00115211296361,-0.000404287944548,-0.00181521277409,0.00738830771297,-0.00326248351485,0.00210021226667,-0.00410756282508,0.00460990564898,-0.00407500611618,0.00599287170917,-0.00739672593772],[0.000231697064009,-0.000652217597235,0.000646945787594,-0.00159088184591,0.000330639391905,-0.00326248351485,0.0118972463533,-0.00665631890297,0.00280934595503,-0.0041895522736,0.0104266656563,-0.00975193362683,0.00713055254892],[-0.000272241450148,0.000925039174035,-0.000398231524741,0.00326048093848,-0.0025451858528,0.00210021226667,-0.00665631890297,0.018096158281,-0.00990818440914,0.00655821710825,-0.0120061887428,0.0133143020794,-0.00886033009738],[0.000194079271751,-0.00109126162715,0.000771369901486,-0.00289103994146,0.00201172963716,-0.00410756282508,0.00280934595503,-0.00990818440914,0.0222841892391,-0.0144752943888,0.00963297393173,-0.00852235965431,0.00661767972633],[-0.000232801598031,0.000634735624772,-0.00234016776085,0.00407529482618,-0.00402855919674,0.00460990564898,-0.0041895522736,0.00655821710825,-0.0144752943888,0.0247663743794,-0.0160455480218,0.0102197118104,-0.00654848385602],[0.000280651351204,-0.0017540731933,0.00120482163038,-0.00463946117088,0.00510008214042,-0.00407500611618,0.0104266656563,-0.0120061887428,0.00963297393173,-0.0160455480218,0.0304865445942,-0.0184348449111,0.00829448923469],[-0.000145998346852,0.000455220346339,-0.00198412872851,0.00450784526765,-0.00761691154912,0.00599287170917,-0.00975193362683,0.0133143020794,-0.00852235965431,0.0102197118104,-0.0184348449111,0.0341590940952,-0.0155568839982],[0.000213307823287,-0.000468165584607,0.0011117355898,-0.00291732838377,0.00174600409809,-0.00739672593772,0.00713055254892,-0.00886033009738,0.00661767972633,-0.00654848385602,0.00829448923469,-0.0155568839982,0.0234447028488]],"mean":[-666.472900391,154.250930786,-46.4772872925,44.3720359802,-10.1576948166,18.5851631165,0.849048554897,5.71407985687,2.1074283123,-5.73094034195,10.7041072845,-7.04953670502,0.590581417084]},"pitch_salience":{"dmean":0.0708087682724,"dmean2":0.114352524281,"dvar":0.00353502086364,"dvar2":0.00895387027413,"max":0.84027826786,"mean":0.587971627712,"median":0.605372726917,"min":0.0228904187679,"var":0.0129133984447},"silence_rate_20dB":{"dmean":0,"dmean2":0,"dvar":0,"dvar2":0,"max":1,"mean":1,"median":1,"min":1,"var":0},"silence_rate_30dB":{"dmean":0,"dmean2":0,"dvar":0,"dvar2":0,"max":1,"mean":1,"median":1,"min":1,"var":0},"silence_rate_60dB":{"dmean":0.010634762235,"dmean2":0.0212730597705,"dvar":0.0105227530003,"dvar2":0.0248125996441,"max":1,"mean":0.0626349896193,"median":0,"min":0,"var":0.0587103888392},"spectral_centroid":{"dmean":253.364028931,"dmean2":394.146911621,"dvar":71074.6796875,"dvar2":166393.28125,"max":11719.546875,"mean":1672.12341309,"median":1525.64038086,"min":130.220230103,"var":1293677.75},"spectral_complexity":{"dmean":4.15852451324,"dmean2":5.96243953705,"dvar":16.6354236603,"dvar2":29.3880577087,"max":58,"mean":25.6820068359,"median":26,"min":0,"var":151.166976929},"spectral_contrast_coeffs":{"dmean":[0.057624027133,0.0488283336163,0.0400339141488,0.0279572997242,0.0222508497536,0.0498715639114],"dmean2":[0.0944601148367,0.0820622071624,0.0665953084826,0.0467983186245,0.0362366996706,0.0766368433833],"dvar":[0.00210612895899,0.00153630517889,0.00104040326551,0.000503269664478,0.00035877598566,0.00175653328188],"dvar2":[0.00568359158933,0.00421517062932,0.00282000820152,0.00137658009771,0.000870116520673,0.00417960993946],"max":[-0.303961277008,-0.510348618031,-0.557388067245,-0.607387542725,-0.574382662773,-0.388203054667],"mean":[-0.682067155838,-0.779546022415,-0.794308066368,-0.810000777245,-0.790494740009,-0.684377908707],"median":[-0.694064617157,-0.783580124378,-0.798919200897,-0.810829699039,-0.796512365341,-0.67899620533],"min":[-0.983449101448,-0.977414250374,-0.982816398144,-0.98356205225,-0.981221020222,-0.977696657181],"var":[0.00921730045229,0.00422815605998,0.00362576008774,0.00179497222416,0.00289300875738,0.00826794654131]},"spectral_contrast_valleys":{"dmean":[0.423053890467,0.377449303865,0.31179100275,0.259285062551,0.240185514092,0.642397105694],"dmean2":[0.702471554279,0.613933146,0.50128954649,0.398291438818,0.350032329559,1.002835989],"dvar":[0.129933044314,0.0971168726683,0.0721007212996,0.0567377507687,0.0709043815732,0.290879815817],"dvar2":[0.31559702754,0.233371570706,0.15978088975,0.1127256006,0.12499691546,0.729047656059],"max":[-5.29010248184,-4.93609142303,-5.32638120651,-5.52181911469,-5.37585830688,-9.00681591034],"mean":[-7.38372421265,-6.88859224319,-7.14592981339,-7.31605005264,-7.52831411362,-11.5556936264],"median":[-6.73993301392,-6.4418463707,-6.70048141479,-6.83010005951,-7.09598016739,-11.2431983948],"min":[-28.2828788757,-27.6961555481,-27.8195533752,-27.6463661194,-27.5298404694,-27.4483146667],"var":[6.20461034775,5.97556638718,5.91417598724,5.87467479706,5.8218793869,3.9796128273]},"spectral_decrease":{"dmean":2.39274777769e-9,"dmean2":3.83177978236e-9,"dvar":7.90811631689e-18,"dvar2":2.04032270631e-17,"max":4.52400827911e-9,"mean":-4.56352688971e-9,"median":-3.85703069483e-9,"min":-3.75038666789e-8,"var":1.51158753527e-17},"spectral_energy":{"dmean":0.00969231873751,"dmean2":0.0154148805887,"dvar":0.000123662597616,"dvar2":0.000315977056744,"max":0.174855023623,"mean":0.0326643809676,"median":0.0317384265363,"min":1.01461473104e-20,"var":0.000373767601559},"spectral_energyband_high":{"dmean":0.000382145924959,"dmean2":0.000541811808944,"dvar":4.38349388787e-7,"dvar2":8.92920638762e-7,"max":0.0226206704974,"mean":0.00126328261103,"median":0.000924451393075,"min":7.2077610521e-21,"var":0.00000192087259165},"spectral_energyband_low":{"dmean":0.00541405705735,"dmean2":0.00919093936682,"dvar":0.0000552899982722,"dvar2":0.000154383014888,"max":0.120640955865,"mean":0.00896279606968,"median":0.00706337951124,"min":1.81688818637e-23,"var":0.0000798896435299},"spectral_energyband_middle_high":{"dmean":0.00248200399801,"dmean2":0.00369669077918,"dvar":0.0000124515163407,"dvar2":0.000029094690035,"max":0.0579930059612,"mean":0.0072776293382,"median":0.00538101186976,"min":1.19784184043e-21,"var":0.0000448056816822},"spectral_energyband_middle_low":{"dmean":0.00446458999068,"dmean2":0.00719462661073,"dvar":0.0000429173633165,"dvar2":0.000111817840661,"max":0.0783187076449,"mean":0.00915615726262,"median":0.00723061431199,"min":1.81285322595e-22,"var":0.0000697503055562},"spectral_entropy":{"dmean":0.10541433841,"dmean2":0.162697300315,"dvar":0.01161475759,"dvar2":0.0271078329533,"max":9.82685279846,"mean":7.68646764755,"median":7.69602918625,"min":6.37839317322,"var":0.0972116440535},"spectral_flux":{"dmean":0.0198801476508,"dmean2":0.0318991057575,"dvar":0.00042677365127,"dvar2":0.000947107793763,"max":0.323009848595,"mean":0.104321695864,"median":0.105942212045,"min":6.47137760046e-11,"var":0.00183979002759},"spectral_kurtosis":{"dmean":3.13347125053,"dmean2":4.79778432846,"dvar":12.7984247208,"dvar2":30.1088790894,"max":82.8275909424,"mean":18.8386898041,"median":17.9774780273,"min":-1.24235510826,"var":57.8290710449},"spectral_rms":{"dmean":0.000797763932496,"dmean2":0.00124374590814,"dvar":6.14286079781e-7,"dvar2":0.00000149278298522,"max":0.0130610205233,"mean":0.0052942619659,"median":0.00556455925107,"min":3.14621679404e-12,"var":0.00000383847827834},"spectral_rolloff":{"dmean":3734.06982422,"dmean2":7045.59130859,"dvar":43157880,"dvar2":103297432,"max":22050,"mean":17108.5195312,"median":20930.2734375,"min":21.533203125,"var":56531000},"spectral_skewness":{"dmean":0.258252352476,"dmean2":0.39217248559,"dvar":0.0725430101156,"dvar2":0.158322006464,"max":7.30373620987,"mean":2.70476102829,"median":2.6759827137,"min":-0.0696540400386,"var":0.519690215588},"spectral_spread":{"dmean":336741.71875,"dmean2":518223.65625,"dvar":162619047936,"dvar2":295358169088,"max":41899756,"mean":4196225,"median":3713307.25,"min":1895165.5,"var":15942702596100},"spectral_strongpeak":{"dmean":5.95885896683,"dmean2":11.1716308594,"dvar":234.791381836,"dvar2":623.946899414,"max":143.853179932,"mean":4.45286464691,"median":0.270310044289,"min":0,"var":187.835952759},"zerocrossingrate":{"dmean":0.0418327525258,"dmean2":0.053777884692,"dvar":0.00142199755646,"dvar2":0.00235931668431,"max":0.73291015625,"mean":0.323004186153,"median":0.3173828125,"min":0,"var":0.00798908434808}},"metadata":{"audio_properties":{"analysis_sample_rate":44100,"bit_rate":128000,"codec":"mp3","downmix":"mix","equal_loudness":0,"length":139.730041504,"lossless":false,"md5_encoded":"335290c3c68deb51e8e5fe605a425bee","replay_gain":-6.12177848816,"sample_rate":44100},"tags":{"album":["Permanent Vacation"],"albumartist":["Aerosmith"],"albumartistsort":["Aerosmith"],"artist":["Aerosmith"],"artistsort":["Aerosmith"],"asin":["B00005QEO0"],"barcode":["720642416228"],"catalognumber":["GED 24162"],"composer":["John Lennon/Paul McCartney"],"date":["1987"],"discnumber":["1/1"],"file_name":"11. Aerosmith - I'm Down.mp3","genre":["Rock"],"label":["Geffen Records"],"musicbrainz album release country":["US"],"musicbrainz album status":["official"],"musicbrainz album type":["album"],"musicbrainz_albumartistid":["3d2b98e5-556f-4451-a3ff-c50ea18d57cb"],"musicbrainz_albumid":["31ad052e-65da-48ea-a259-4f5533625b3d"],"musicbrainz_artistid":["3d2b98e5-556f-4451-a3ff-c50ea18d57cb"],"musicbrainz_recordingid":["747b8e08-2a44-4808-92a9-9ee10bbb4448"],"musicip_puid":["501ad309-26dd-2aa8-92d6-fd4af8544f9c"],"title":["I'm Down"],"tracknumber":["11/12"]},"version":{"essentia":"2.1-beta1","essentia_build_sha":"ca57ba49d9b1854bd80e60cf9ccf267278fb7d6b","essentia_git_sha":"v2.1_beta1-28-g21ef5f4-dirty","extractor":"music 1.0"}},"rhythm":{"beats_count":373,"beats_loudness":{"dmean":0.0133082456887,"dmean2":0.0219225455076,"dvar":0.000135441761813,"dvar2":0.000377023709007,"max":0.10603120178,"mean":0.0389287061989,"median":0.0394931770861,"min":0,"var":0.000367838685634},"beats_loudness_band_ratio":{"dmean":[0.175222679973,0.110598325729,0.088647685945,0.0744770094752,0.0610851459205,0.0831338316202],"dmean2":[0.311367094517,0.199017629027,0.158679977059,0.131669864058,0.11134146899,0.139655306935],"dvar":[0.0163308400661,0.00947930850089,0.0117122894153,0.00656495383009,0.00261476240121,0.00520706968382],"dvar2":[0.0483511276543,0.0258295256644,0.0333520099521,0.018739880994,0.00710855424404,0.0138549590483],"max":[0.840447902679,0.768101632595,0.700190901756,0.574891507626,0.367181837559,0.662104666233],"mean":[0.321773648262,