{"lowlevel":{"average_loudness":0.0347765907645,"barkbands":{"dmean":[0.00000147758078128,0.00000367581742466,0.0000019759982024,4.52559788755e-7,2.15589494701e-7,1.49783645043e-7,1.3260452647e-7,2.79213736576e-7,0.0000017598155182,9.12934467578e-7,6.65963398205e-7,0.00000152071550019,0.0000135703821798,0.0000773481733631,0.000167738035088,0.000188043268281,0.000146152859088,0.0000723124467186,0.0000130971429826,0.000138217073982,0.000198914203793,0.0000226550073421,0.00000574472824155,0.00000138088046242,0.00000100230192857,0.00000101602483937,1.99944693691e-7],"dmean2":[0.00000234493268181,0.00000651519530948,0.00000344542945641,8.02196154837e-7,3.85404774761e-7,2.59794632029e-7,2.24250086944e-7,4.48962879318e-7,0.0000026234060897,0.00000138967061503,0.00000109397456072,0.00000262815092356,0.0000235220613831,0.000129414591356,0.000260764558334,0.000284209701931,0.000222614355152,0.000104063234176,0.0000158698494488,0.000202553419513,0.000269454583758,0.0000361376260116,0.00000899201586435,0.00000214547571886,0.00000160043464348,0.0000015649877696,3.10287617822e-7],"dvar":[1.86703933563e-11,1.76710729383e-10,6.34302471658e-11,3.85119887369e-12,3.31775595495e-13,1.61430859457e-13,2.58492663038e-13,3.97370808133e-12,7.71167921187e-11,2.2328869656e-11,4.02228840513e-11,1.76726466794e-10,1.50734535964e-8,3.93585736447e-7,0.0000016778136569,8.21383480343e-7,2.16953978338e-7,1.2561710605e-7,7.7048118996e-9,7.01922488133e-7,0.00000106240452169,7.52426743134e-9,8.28991653101e-10,1.77406075941e-11,1.5730354519e-11,3.27429333646e-11,1.03135599019e-12],"dvar2":[4.61491123094e-11,5.42709932549e-10,1.55168447535e-10,1.13148839256e-11,1.00523636724e-12,4.57610783034e-13,6.44138767932e-13,8.25563575835e-12,1.7742797509e-10,4.7070979059e-11,1.01362765403e-10,5.02398567193e-10,4.17433518862e-8,0.00000109347593025,0.00000391890353058,0.00000213287307815,4.79405855458e-7,3.08531383553e-7,1.04342232632e-8,0.00000124800430967,0.00000175604975539,2.01583905124e-8,1.78574866005e-9,4.21992302213e-11,3.99404467832e-11,8.08130923291e-11,2.39390451906e-12],"max":[0.0000664523977321,0.000170885090483,0.000107728388684,0.0000274739268207,0.00000662584852762,0.00000541536655874,0.0000083762797658,0.0000445749719802,0.000176978937816,0.0000786650489317,0.000141414173413,0.00024004234001,0.0022888421081,0.0115648508072,0.0266834758222,0.0162149369717,0.00959674268961,0.0125493966043,0.00311898998916,0.0194331482053,0.0274818670005,0.00201643514447,0.000671316578519,0.0000850467913551,0.0000872572491062,0.000119166725199,0.0000212993763853],"mean":[0.00000189867785139,0.00000457227633888,0.00000227149462262,4.27376733114e-7,3.18877994232e-7,2.63475499196e-7,1.71306453467e-7,3.18151307965e-7,0.00000260824185716,0.00000140575639307,5.83258270126e-7,0.00000130801413434,0.00001068997517,0.0000661430531181,0.000202520983294,0.000327556655975,0.000463390810182,0.000217552777031,0.0000283307144855,0.000247388525167,0.000909687718377,0.0000563721623621,0.0000206591121241,0.00000409991889683,0.00000303912020172,0.00000294058645522,6.12821736468e-7],"median":[8.84872051188e-8,4.96374781278e-8,1.31709509965e-9,9.39259447996e-10,2.19994267248e-9,1.25840493581e-9,1.64154079219e-9,3.87954512959e-9,9.19027254298e-9,7.12855907636e-9,8.39973246514e-9,1.42008742543e-8,9.70820401847e-9,1.81661174992e-8,1.23349401804e-8,1.88867872453e-8,1.16705072273e-8,4.97353758178e-9,2.38063524449e-9,1.91587501419e-9,4.862882097e-9,1.34109434669e-9,9.62490309675e-10,1.1493785923e-9,1.09117237468e-9,9.40905908742e-10,1.0177868548e-9],"min":[4.10140864057e-26,3.78660013779e-25,7.72518566886e-25,2.98372092777e-25,6.43126307717e-24,3.15671999783e-24,6.64308919073e-24,6.51643993898e-24,9.29955856754e-24,9.47298884869e-24,7.56735018172e-24,1.4763238385e-23,2.30071251453e-23,2.92922008583e-23,3.24399767512e-23,4.35469331928e-23,6.94270550451e-23,6.72021138827e-23,9.52230464595e-23,1.52892603029e-22,2.11630340373e-22,2.77428925555e-22,4.09167384062e-22,5.23230107634e-22,8.59750849172e-22,1.16601012908e-21,1.80877561024e-21],"var":[3.57050812527e-11,2.36505121043e-10,8.6527923715e-11,3.12461493311e-12,4.3781097454e-13,3.24955394624e-13,2.98594103002e-13,4.80940244227e-12,1.88692006464e-10,4.85831479213e-11,3.49170622971e-11,1.15589801619e-10,9.84922632341e-9,2.62405563944e-7,0.00000269462657343,0.00000163751133186,0.00000209002132578,0.0000013005578694,4.48125767605e-8,0.00000189677473372,0.0000159091650858,4.59676705589e-8,6.67996413739e-9,1.20951859639e-10,1.05185089805e-10,1.79511183696e-10,7.79568076759e-12]},"barkbands_crest":{"dmean":2.26506185532,"dmean2":3.79335570335,"dvar":6.46452856064,"dvar2":17.7431945801,"max":25.9866199493,"mean":12.0571336746,"median":10.871629715,"min":2.77985405922,"var":33.8081932068},"barkbands_flatness_db":{"dmean":0.0204665474594,"dmean2":0.0330441519618,"dvar":0.0005409369478,"dvar2":0.00133458827622,"max":0.465314596891,"mean":0.18342705071,"median":0.163249224424,"min":0.0332791022956,"var":0.0114781977609},"barkbands_kurtosis":{"dmean":5.20849370956,"dmean2":8.68220901489,"dvar":114.575798035,"dvar2":316.346405029,"max":133.016235352,"mean":8.81714630127,"median":3.30746841431,"min":-1.94709658623,"var":265.919525146},"barkbands_skewness":{"dmean":0.617921233177,"dmean2":0.967485308647,"dvar":0.686595797539,"dvar2":1.77619373798,"max":9.12806129456,"mean":-0.10618121177,"median":-0.498754233122,"min":-8.80461502075,"var":5.77016019821},"barkbands_spread":{"dmean":6.07094717026,"dmean2":10.1586122513,"dvar":145.759872437,"dvar2":366.301849365,"max":156.886764526,"mean":26.8278808594,"median":23.0093307495,"min":0.506817817688,"var":804.629455566},"dissonance":{"dmean":0.00649423245341,"dmean2":0.011577562429,"dvar":0.000283359695459,"dvar2":0.000807290954981,"max":0.499994009733,"mean":0.492504775524,"median":0.495505660772,"min":0.261167347431,"var":0.000192623250769},"dynamic_complexity":27.5107955933,"erbbands":{"dmean":[0.00016883391072,0.000661812489852,0.0020109124016,0.00194378686137,0.000841607688926,0.000805506017059,0.000990449567325,0.00131957989652,0.00160813506227,0.00255332305096,0.00986767094582,0.0293170902878,0.0465582050383,0.0093114534393,0.0290646534413,0.0873838439584,0.496751457453,2.77810120583,3.78373742104,11.5800037384,8.31562709808,8.20168018341,4.39500379562,0.952126801014,1.18453991413,5.3087644577,11.7593841553,2.48349475861,0.758663475513,0.323425263166,0.103677816689,0.0330227203667,0.0211967788637,0.00801663380116,0.0117986788973,0.00315550528467,0.00284929340705,0.000231822195929,0.0000261576151388,0.00000221688219426],"dmean2":[0.000296603044262,0.00117380649317,0.00356028717943,0.00321076344699,0.00148821820039,0.00144557771273,0.00174045318272,0.00231689098291,0.00282272044569,0.00410009734333,0.0145185803995,0.0414683781564,0.0690831393003,0.0153751531616,0.0466282404959,0.151971042156,0.850894451141,4.48051929474,6.18530702591,17.3794517517,12.3677425385,12.6433858871,5.94842004776,1.46045362949,1.67572486401,8.59683036804,15.2849845886,3.6411190033,1.22319638729,0.466591000557,0.16479948163,0.0500863268971,0.0316187664866,0.0124142179266,0.0176559612155,0.00484824413434,0.00412830850109,0.00033310931758,0.0000416321163357,0.00000322922960549],"dvar":[3.43257653412e-7,0.0000060080037656,0.0000630469512544,0.0000624370441074,0.00000801928763394,0.00000440747817265,0.00000684505948811,0.000018754049961,0.0000342696766893,0.0000820848581498,0.00398929230869,0.0361772179604,0.0617132745683,0.00176753592677,0.0718304663897,0.537156522274,14.9366130829,399.030151367,744.606506348,5262.87402344,890.352111816,733.455383301,495.943786621,19.4119796753,44.5918922424,1033.24072266,3594.19262695,56.8344154358,10.2280101776,2.63723659515,0.160217627883,0.0133404480293,0.00608718348667,0.00121091981418,0.00282707274891,0.000279500585748,0.00025229647872,0.0000013138161421,1.67062736978e-8,7.83576814545e-11],"dvar2":[0.00000102196997886,0.0000187199038919,0.000167371952557,0.000150835301611,0.0000234903673118,0.0000134507645271,0.0000202510873351,0.0000540660839761,0.0000987834791886,0.00019163019897,0.00841044168919,0.0636156126857,0.138761550188,0.00472983019426,0.160498768091,1.50955295563,38.274230957,1060.41894531,1462.18811035,14918.7011719,2140.77319336,1686.96520996,1282.2454834,37.3581771851,100.326904297,2393.50146484,6163.35693359,122.405731201,26.6569633484,4.96659040451,0.436274349689,0.0316614285111,0.0139458719641,0.00283142458647,0.00715140160173,0.000637201592326,0.000619514263235,0.00000261239802057,4.4024368151e-8,1.71188799247e-10],"max":[0.00823552068323,0.0313493311405,0.106893256307,0.122247450054,0.0390672832727,0.0225660279393,0.0281908344477,0.0679709240794,0.107590578496,0.140172094107,1.59106433392,5.41708946228,4.9874997139,0.824756085873,6.08977222443,11.0870704651,75.1155014038,404.410766602,534.781982422,1613.68847656,488.577148438,624.530212402,809.427246094,119.059944153,163.749923706,741.865661621,1797.35791016,159.173690796,83.9934082031,41.1825523376,11.9206924438,2.48545265198,2.36067438126,0.771355271339,1.22310864925,0.383357912302,0.310089856386,0.0277784988284,0.00208973884583,0.000245427450864],"mean":[0.000203898729524,0.000785910058767,0.00233289645985,0.00219852500595,0.00102153187618,0.00119456485845,0.00166451965924,0.0020904627163,0.00209810584784,0.00365148670971,0.0117142796516,0.0423593297601,0.0909709706903,0.0144875030965,0.0312155820429,0.0828701630235,0.482571810484,2.7486872673,5.73382043839,15.1608858109,19.3555049896,27.8075523376,16.3413600922,2.42840909958,2.43207788467,12.7583532333,60.5285148621,8.72432327271,2.36424636841,1.00959706306,0.38111525774,0.0927115827799,0.0703189745545,0.0238641109318,0.0326635353267,0.00891918130219,0.00779661908746,0.000826676376164,0.0000683375110384,0.00000923291372601],"median":[0.00000347731543116,0.00000488213026983,0.00000238626216742,0.00000263283664026,0.0000070433725341,0.00000693851234246,0.00000824637663754,0.0000124136486193,0.0000278673305729,0.0000572124336031,0.000150542939082,0.000156348294695,0.000258814572589,0.000219370776904,0.000533365178853,0.000567771901842,0.000442281365395,0.00101747759618,0.000776672386564,0.000664276245516,0.00116522132885,0.000732998538297,0.000371176371118,0.000188748221262,0.000121806544485,0.0000948614688241,0.000238224980421,0.000104055579868,0.0000450782790722,0.000033973792597,0.0000273972764262,0.0000231631074712,0.0000179795533768,0.0000126833747345,0.0000074422155194,0.00000397751227865,0.00000171092676737,7.83649454661e-7,1.38704180586e-7,1.44827501103e-8],"min":[2.41260170543e-23,8.81676890934e-23,1.66171255046e-21,2.36066966675e-21,8.17916593589e-21,2.32235222124e-20,2.72763323977e-20,3.02320490592e-20,9.95908203043e-20,1.92541487015e-19,1.91167979458e-19,2.2577111583e-19,5.52616929973e-19,4.42764759686e-19,7.76977470214e-19,1.09132088884e-18,1.23243014652e-18,1.62238562795e-18,2.30691201623e-18,3.19613386306e-18,3.46253895986e-18,4.09586752112e-18,5.21465163347e-18,5.59227281799e-18,7.10893659525e-18,7.69024686971e-18,9.61431281508e-18,9.32201779228e-18,1.01408480166e-17,1.15330186301e-17,1.09073408691e-17,1.08780785278e-17,8.96136787239e-18,8.55393840732e-18,6.01227749633e-18,4.11262123724e-18,1.97253480016e-18,1.02350303875e-18,2.17635536012e-19,2.59812858291e-20],"var":[4.60195821006e-7,0.00000760396187616,0.0000833644080558,0.0000806522002677,0.00000855189864524,0.00000596503105044,0.0000116394512588,0.0000281093743979,0.0000361648853868,0.000143503857544,0.00670884875581,0.0778921470046,0.19647026062,0.00234567536972,0.0791992545128,0.375768840313,12.2346735001,329.962799072,1496.48486328,9211.61328125,3434.98901367,7376.35742188,5724.01025391,109.477767944,182.001358032,2991.00805664,71981.2421875,575.518066406,74.9373703003,16.8213615417,1.80171573162,0.0584680512547,0.0592281855643,0.00419814325869,0.0191207733005,0.00143155932892,0.00147566664964,0.0000132862196551,8.40621510179e-8,9.57760981635e-10]},"erbbands_crest":{"dmean":2.08988666534,"dmean2":3.37226009369,"dvar":6.01052522659,"dvar2":15.9374856949,"max":34.1524620056,"mean":11.052066803,"median":7.12599420547,"min":2.24233412743,"var":76.2127838135},"erbbands_flatness_db":{"dmean":0.0141547229141,"dmean2":0.0217825397849,"dvar":0.000293516699458,"dvar2":0.000570233038161,"max":0.54980045557,"mean":0.211731746793,"median":0.11997923255,"min":0.0397990345955,"var":0.0212631132454},"erbbands_kurtosis":{"dmean":1.78605294228,"dmean2":2.97875857353,"dvar":13.6820449829,"dvar2":35.6121063232,"max":46.197681427,"mean":2.6804485321,"median":0.490433454514,"min":-1.54681515694,"var":29.6114387512},"erbbands_skewness":{"dmean":0.351795136929,"dmean2":0.56196886301,"dvar":0.206628471613,"dvar2":0.523506939411,"max":5.08067369461,"mean":-0.0646106898785,"median":-0.417354732752,"min":-3.44839334488,"var":1.54207420349},"erbbands_spread":{"dmean":3.72220373154,"dmean2":6.08512687683,"dvar":23.5095882416,"dvar2":55.7825775146,"max":81.0370559692,"mean":25.8366546631,"median":29.1582660675,"min":0.900377035141,"var":346.394622803},"gfcc":{"cov":[[151653.3125,-2344.84472656,-30207.7304688,11460.8828125,-4355.53955078,1670.61120605,-4526.91650391,403.804992676,1240.65393066,1113.98791504,-4435.17626953,-105.790420532,1132.57495117],[-2344.84472656,3423.00512695,824.207702637,-888.748962402,-67.2976379395,110.68346405,252.908233643,-206.312240601,-168.155181885,57.2784309387,365.212005615,77.6329879761,-226.083709717],[-30207.7304688,824.207702637,7796.23095703,-1786.01086426,908.26550293,-612.588867188,887.123840332,-220.3228302,-464.78024292,-11.0505342484,748.34942627,126.400306702,-225.401596069],[11460.8828125,-888.748962402,-1786.01086426,1360.73449707,-279.923065186,-48.5658378601,-398.732818604,-17.9745597839,84.0389404297,82.1323165894,-462.822113037,-15.7514305115,167.835098267],[-4355.53955078,-67.2976379395,908.26550293,-279.923065186,304.554107666,-25.9456653595,96.4312057495,-28.2702865601,-0.502061605453,39.2041130066,104.1951828,-27.7370376587,-12.2020282745],[1670.61120605,110.68346405,-612.588867188,-48.5658378601,-25.9456653595,188.656021118,-4.68571805954,44.5006561279,28.0151882172,30.7131958008,2.57665896416,-35.9067001343,-17.8353538513],[-4526.91650391,252.908233643,887.123840332,-398.732818604,96.4312057495,-4.68571805954,347.291229248,37.1272659302,-64.7778549194,-14.4705305099,179.144485474,-52.1790275574,-87.5835342407],[403.804992676,-206.312240601,-220.3228302,-17.9745597839,-28.2702865601,44.5006561279,37.1272659302,139.390258789,14.1493186951,-37.9813423157,-11.6344823837,29.0249080658,-15.5203037262],[1240.65393066,-168.155181885,-464.78024292,84.0389404297,-0.502061605453,28.0151882172,-64.7778549194,14.1493186951,107.477981567,-11.9761676788,-41.8315010071,-2.48086357117,58.2887878418],[1113.98791504,57.2784309387,-11.0505342484,82.1323165894,39.2041130066,30.7131958008,-14.4705305099,-37.9813423157,-11.9761676788,172.866622925,-27.3425445557,-43.6746253967,3.21428632736],[-4435.17626953,365.212005615,748.34942627,-462.822113037,104.1951828,2.57665896416,179.144485474,-11.6344823837,-41.8315010071,-27.3425445557,250.942428589,11.5031175613,-101.349716187],[-105.790420532,77.6329879761,126.400306702,-15.7514305115,-27.7370376587,-35.9067001343,-52.1790275574,29.0249080658,-2.48086357117,-43.6746253967,11.5031175613,148.258880615,6.89902925491],[1132.57495117,-226.083709717,-225.401596069,167.835098267,-12.2020282745,-17.8353538513,-87.5835342407,-15.5203037262,58.2887878418,3.21428632736,-101.349716187,6.89902925491,117.319534302]],"icov":[[0.000518840795849,-0.000618582183961,0.00134345109109,-0.00226554484107,0.000657270953525,-0.0000834012389532,0.000329412257997,-0.000694080314133,0.000752268533688,-0.00222604861483,0.001713038655,-0.00116307870485,0.00106661056634],[-0.000618582183961,0.00135051389225,-0.00153027288616,0.00318528432399,-0.000275924161542,-0.000343531923136,-0.00096220721025,0.00254211877473,-0.000786385498941,0.00231220619753,-0.0016275937669,0.000340165308444,-0.000484310701722],[0.00134345109109,-0.00153027288616,0.00440095085651,-0.00536949187517,0.0000358587312803,0.00175885681529,-0.000325477740262,-0.00108394841664,0.00472307624295,-0.0059996987693,0.00410635769367,-0.00411889189854,0.00171068136115],[-0.00226554484107,0.00318528432399,-0.00536949187517,0.0129659418017,-0.00221567158587,0.00216760043986,-0.0017628588248,0.00484586134553,-0.00295037939213,0.00840483512729,-0.00354626588523,0.00407675560564,-0.00349929952063],[0.000657270953525,-0.000275924161542,0.0000358587312803,-0.00221567158587,0.00956431683153,-0.00268133729696,0.00200068601407,-0.000584362249356,-0.00541994627565,-0.00469189975411,0.00223365752026,0.00051624601474,0.00308576738462],[-0.0000834012389532,-0.000343531923136,0.00175885681529,0.00216760043986,-0.00268133729696,0.0130073549226,-0.000464649463538,-0.00335258222185,0.00312137254514,-0.00234646303579,-0.00149192183744,0.00154078856576,-0.00153639737982],[0.000329412257997,-0.00096220721025,-0.000325477740262,-0.0017628588248,0.00200068601407,-0.000464649463538,0.00932794157416,-0.00684001808986,0.000108835083665,-0.00116636184976,-0.00327895884402,0.00563143426552,-0.000127384730149],[-0.000694080314133,0.00254211877473,-0.00108394841664,0.00484586134553,-0.000584362249356,-0.00335258222185,-0.00684001808986,0.018355153501,-0.00272285123356,0.00418537855148,0.00447525037453,-0.00669421488419,0.004833701998],[0.000752268533688,-0.000786385498941,0.00472307624295,-0.00295037939213,-0.00541994627565,0.00312137254514,0.000108835083665,-0.00272285123356,0.0265129152685,-0.00190021237358,-0.00356020429172,-0.00236406852491,-0.0119078895077],[-0.00222604861483,0.00231220619753,-0.0059996987693,0.00840483512729,-0.00469189975411,-0.00234646303579,-0.00116636184976,0.00418537855148,-0.00190021237358,0.0177998561412,-0.00685431202874,0.00649124011397,-0.00461358902976],[0.001713038655,-0.0016275937669,0.00410635769367,-0.00354626588523,0.00223365752026,-0.00149192183744,-0.00327895884402,0.00447525037453,-0.00356020429172,-0.00685431202874,0.0246690195054,-0.00847697630525,0.0152046605945],[-0.00116307870485,0.000340165308444,-0.00411889189854,0.00407675560564,0.00051624601474,0.00154078856576,0.00563143426552,-0.00669421488419,-0.00236406852491,0.00649124011397,-0.00847697630525,0.016231905669,-0.00553644355386],[0.00106661056634,-0.000484310701722,0.00171068136115,-0.00349929952063,0.00308576738462,-0.00153639737982,-0.000127384730149,0.004833701998,-0.0119078895077,-0.00461358902976,0.0152046605945,-0.00553644355386,0.0257212799042]],"mean":[-637.429931641,-6.00734567642,-100.447052002,30.5097408295,-13.9439935684,11.2710647583,-18.4472141266,5.93302774429,0.597118258476,6.68987941742,-15.7127780914,1.79161262512,1.94329023361]},"hfc":{"dmean":1.50640976429,"dmean2":2.28972697258,"dvar":23.2193908691,"dvar2":51.3173599243,"max":133.07019043,"mean":8.85059928894,"median":0.00057383911917,"min":1.08197149798e-16,"var":526.498535156},"melbands":{"dmean":[0.00000125467454382,8.86317025106e-7,2.97004845606e-7,5.44987841522e-8,3.28295470808e-8,2.87464327897e-8,2.52401886058e-8,3.0569712095e-8,9.60263975003e-8,2.13932921156e-7,2.29108550798e-7,2.97801872051e-8,1.03695363407e-7,8.68421707878e-8,5.24619963471e-7,0.00000184178668405,0.00000596161726207,0.0000053400217439,0.0000148854787767,0.0000144659597936,0.00000965446815826,0.0000103923748611,0.00000589161936659,0.00000321593643093,6.68647430757e-7,6.95636515502e-7,0.00000172198008386,0.00000455564304502,0.00000854311383591,0.00000339375492331,0.00000125262909023,5.18550848483e-7,2.68310969886e-7,1.84333913467e-7,8.4863280847e-8,2.47094860129e-8,2.11610693412e-8,1.81133827937e-8,9.11406594639e-9,7.69819674673e-9],"dmean2":[0.00000220248921323,0.00000157512863552,4.84234874421e-7,9.76927978513e-8,5.8098933664e-8,5.05119110983e-8,4.33423501534e-8,5.01736678871e-8,1.51195081344e-7,3.10122402425e-7,3.36916173183e-7,4.81884647741e-8,1.71497276824e-7,1.38449593123e-7,9.38702839903e-7,0.00000318110573971,0.00000997677852865,0.00000943361374084,0.0000225452822633,0.0000235596417042,0.0000140853289849,0.0000160223717103,0.00000908395304577,0.0000047303019528,0.00000108432084289,9.89795353235e-7,0.0000027393784876,0.00000725761992726,0.0000115815910249,0.00000468761390948,0.00000197387043954,8.6460431703e-7,4.2929352162e-7,2.47630367767e-7,1.31797420977e-7,3.7702495348e-8,3.20291277944e-8,2.6534820563e-8,1.3779975383e-8,1.15129177303e-8],"dvar":[1.89722040161e-11,1.04822643621e-11,1.35731237447e-12,2.10881049493e-14,7.88151367223e-15,7.60208258512e-15,8.64857569783e-15,1.37503059611e-14,4.44669474853e-13,1.47119057388e-12,1.47012285158e-12,1.02984451072e-14,1.04000510461e-12,3.99183290589e-13,2.11101483516e-11,2.05014810684e-10,2.12226458629e-9,1.95067562103e-9,1.48252574661e-8,6.92084300979e-9,1.04294706205e-9,1.2067379318e-9,5.57914436872e-10,5.45455680623e-10,9.86731963498e-12,2.91525414919e-11,1.16722548293e-10,9.19634313146e-10,2.24444152153e-9,2.26900692679e-10,2.46673393517e-11,5.84166612652e-12,2.42707329928e-12,7.42574567374e-13,1.46444773083e-13,6.38493350937e-15,7.00659385925e-15,5.50956561596e-15,1.2540160789e-15,1.63850275663e-15],"dvar2":[5.71171859809e-11,2.92442216276e-11,3.21301709197e-12,6.39935560055e-14,2.35233619421e-14,2.18065684596e-14,2.36733020204e-14,3.08630582842e-14,9.66207582692e-13,2.6734701692e-12,3.33234199783e-12,2.73737958434e-14,2.64212328231e-12,9.17392680919e-13,5.73247734004e-11,5.40834821372e-10,5.86044279771e-9,4.06048172863e-9,3.43152635196e-8,2.12475850248e-8,2.09285122565e-9,2.87086088235e-9,1.1148305612e-9,1.26602694994e-9,2.37126481645e-11,6.51113815642e-11,3.07612491035e-10,1.88846738247e-9,3.98551058822e-9,4.51870985074e-10,5.36887478919e-11,1.38043309422e-11,6.29272285321e-12,1.09445341245e-12,3.88603781315e-13,1.50682790627e-14,1.53189194999e-14,1.24108385515e-14,2.48321176311e-15,3.55541232577e-15],"max":[0.0000596981881245,0.0000415059694205,0.000016992133169,0.00000165505935001,0.00000103568061149,0.00000132064087666,0.00000172509305685,0.00000228373187383,0.0000149615016198,0.0000307862756017,0.0000242972328124,0.00000122721189655,0.0000228984099522,0.0000139270259751,0.0000807037795312,0.000282336142845,0.000901601510122,0.000662838574499,0.00298135378398,0.00141193054151,0.000548214884475,0.000747254351154,0.000590843672398,0.000828776333947,0.0000646238695481,0.000149207960931,0.000215106760152,0.000664347782731,0.00147561205085,0.000559379928745,0.0000893125325092,0.0000675928313285,0.0000271369917755,0.0000260361357505,0.0000112342995635,0.00000121006871723,0.0000017276474864,0.00000193576829588,0.00000132940522235,8.73821818459e-7],"mean":[0.00000161679247412,0.00000115302395898,3.59392402061e-7,7.56638129928e-8,5.66227669196e-8,4.80362629673e-8,3.28807736594e-8,4.24285993006e-8,1.12841838984e-7,3.35517711392e-7,4.42678214085e-7,4.1486220681e-8,9.10868465098e-8,1.02525888224e-7,4.24138619337e-7,0.00000171923682046,0.00000542751058674,0.00000687568717694,0.0000190930095414,0.0000201061302505,0.000021870710043,0.0000288039173029,0.0000229733723245,0.00000802969498181,0.0000011367320667,0.00000116937542316,0.00000239676023739,0.00000738621974961,0.000045451324695,0.0000125487176774,0.00000345229113918,0.000001509827257,4.73924956168e-7,6.20846662969e-7,2.74829460523e-7,6.14818418398e-8,4.65853879916e-8,5.49598659916e-8,2.45572433499e-8,1.7318487977e-8],"median":[3.02093248195e-8,2.81223333509e-9,6.22002283013e-10,4.80137096748e-10,2.89763268935e-10,2.53382592685e-10,3.23043591877e-10,4.97009766676e-10,9.78738534663e-10,1.03536190732e-9,1.26318000504e-9,7.34430183336e-10,1.40029332574e-9,1.40470723942e-9,1.18309728681e-9,1.32069555292e-9,1.95094829181e-9,1.27610511047e-9,9.017988023e-10,7.52140905114e-10,1.4588930064e-9,7.93123289267e-10,4.2919534593e-10,2.20390330985e-10,1.33859201501e-10,8.42601613482e-11,7.92674467731e-11,4.04032952928e-11,1.42901995792e-10,9.40128946914e-11,5.50748821548e-11,2.77450822733e-11,2.18598784907e-11,1.7584728812e-11,1.48088329793e-11,1.5321308458e-11,1.32101508551e-11,1.30444127722e-11,1.05014417301e-11,9.67094807014e-12],"min":[2.14088221511e-25,7.40400736079e-25,1.12123137459e-24,1.1466502479e-24,9.36592168841e-25,7.29850461029e-25,1.40788479071e-24,1.89411695902e-24,1.22312804468e-24,1.33451550032e-24,2.54021573407e-24,9.51959672312e-25,1.49257650307e-24,1.91779363301e-24,2.13130593676e-24,1.97497461016e-24,2.66145044178e-24,3.44157688184e-24,3.01279035352e-24,2.1905708872e-24,3.59413745332e-24,4.11486019812e-24,4.18628129789e-24,3.56597314685e-24,2.73403688633e-24,3.95775854884e-24,3.56265125358e-24,4.06492727497e-24,4.67474397041e-24,4.73478693492e-24,4.83795692511e-24,4.59259475675e-24,3.72353667418e-24,6.25249575756e-24,5.73523256226e-24,4.28105859692e-24,6.34907205389e-24,5.72887394894e-24,5.43952410764e-24,6.76624063323e-24],"var":[2.6700194139e-11,1.66637433019e-11,1.93164733341e-12,2.58252281864e-14,1.29178470628e-14,1.29388297629e-14,9.39252642947e-15,2.38227796187e-14,7.50338322291e-13,3.67391273653e-12,4.66622834122e-12,1.44307478564e-14,8.91306180337e-13,4.51397626959e-13,1.48807442063e-11,1.59925406251e-10,1.53855106433e-9,2.71319766654e-9,2.42640467718e-8,1.09510720492e-8,4.46828352096e-9,9.31815158367e-9,7.01308167095e-9,2.99135893833e-9,3.03461006324e-11,8.72305769284e-11,2.07242181749e-10,1.98238359062e-9,3.9861710377e-8,3.5208786997e-9,1.49595710819e-10,4.40351019537e-11,6.2321515136e-12,7.78328877044e-12,1.39051964387e-12,2.7880941574e-14,2.49737991382e-14,3.8452510761e-14,9.25415597424e-15,3.85505319548e-15]},"melbands_crest":{"dmean":3.28438186646,"dmean2":5.59177970886,"dvar":15.7231397629,"dvar2":40.1772651672,"max":39.0674095154,"mean":16.0546550751,"median":16.1422080994,"min":1.45314204693,"var":118.334640503},"melbands_flatness_db":{"dmean":0.0216958951205,"dmean2":0.0350267849863,"dvar":0.000847350922413,"dvar2":0.00216965959407,"max":0.463966071606,"mean":0.168043777347,"median":0.176548063755,"min":0.00301779923029,"var":0.0152195151895},"melbands_kurtosis":{"dmean":8.6063079834,"dmean2":14.4240198135,"dvar":477.003570557,"dvar2":1314.4432373,"max":305.110076904,"mean":13.0454626083,"median":1.87415885925,"min":-1.75798845291,"var":833.43157959},"melbands_skewness":{"dmean":0.751216053963,"dmean2":1.21341180801,"dvar":1.31073856354,"dvar2":3.48043322563,"max":16.2812004089,"mean":1.2191491127,"median":0.524888932705,"min":-6.26537942886,"var":7.48957872391},"melbands_spread":{"dmean":9.45028495789,"dmean2":15.4726905823,"dvar":132.047622681,"dvar2":333.093017578,"max":165.315170288,"mean":60.5847587585,"median":38.1240463257,"min":1.15669643879,"var":2995.90917969},"mfcc":{"cov":[[18352.3671875,-1281.51025391,-4320.55859375,2533.67041016,1241.17285156,1255.53735352,-1350.99450684,-80.5563201904,1913.4342041,194.10736084,-491.14465332,683.945556641,-585.063049316],[-1281.51025391,1847.4029541,706.653259277,-379.409118652,91.4925003052,85.0157699585,281.51953125,-93.1055908203,-236.203659058,86.030166626,138.915863037,-75.7217712402,227.760620117],[-4320.55859375,706.653259277,2097.71923828,-170.427978516,-201.315567017,-219.608016968,382.658447266,-102.15486908,-422.908691406,-39.9575538635,-86.7284088135,-167.606384277,447.744934082],[2533.67041016,-379.409118652,-170.427978516,672.284851074,202.756149292,186.353149414,-199.397460938,-50.3199424744,315.776245117,-0.0122453067452,-182.59147644,125.912742615,13.4602556229],[1241.17285156,91.4925003052,-201.315567017,202.756149292,228.114089966,135.19543457,-140.696166992,-27.4121932983,186.743789673,-27.5169887543,-65.9456253052,85.3948059082,12.1423406601],[1255.53735352,85.0157699585,-219.608016968,186.353149414,135.19543457,208.790115356,-54.9188461304,-89.4308624268,157.181274414,128.676193237,-80.8919448853,23.3600540161,67.7885971069],[-1350.99450684,281.51953125,382.658447266,-199.397460938,-140.696166992,-54.9188461304,249.818405151,15.6239185333,-195.956634521,105.524856567,99.7638015747,-94.5916976929,60.8059539795],[-80.5563201904,-93.1055908203,-102.15486908,-50.3199424744,-27.4121932983,-89.4308624268,15.6239185333,176.982406616,-12.6404094696,-104.250900269,112.424499512,38.3174781799,-152.43460083],[1913.4342041,-236.203659058,-422.908691406,315.776245117,186.743789673,157.181274414,-195.956634521,-12.6404094696,354.785064697,25.1040763855,-184.229812622,129.77255249,1.38128232956],[194.10736084,86.030166626,-39.9575538635,-0.0122453067452,-27.5169887543,128.676193237,105.524856567,-104.250900269,25.1040763855,299.050506592,-57.5605163574,-116.382453918,136.645126343],[-491.14465332,138.915863037,-86.7284088135,-182.59147644,-65.9456253052,-80.8919448853,99.7638015747,112.424499512,-184.229812622,-57.5605163574,280.808319092,-35.8270187378,-172.560852051],[683.945556641,-75.7217712402,-167.606384277,125.912742615,85.3948059082,23.3600540161,-94.5916976929,38.3174781799,129.77255249,-116.382453918,-35.8270187378,189.968307495,-47.0309066772],[-585.063049316,227.760620117,447.744934082,13.4602556229,12.1423406601,67.7885971069,60.8059539795,-152.43460083,1.38128232956,136.645126343,-172.560852051,-47.0309066772,323.749542236]],"icov":[[0.00105039938353,-0.00103618740104,0.00208482029848,-0.00376819027588,0.00113100477029,-0.000924586725887,0.00104053528048,-0.000804164388683,-0.000462570606032,0.000368342094589,0.0000536177285539,0.000849905598443,-0.000523779192008],[-0.00103618740104,0.00240591051988,-0.00244707544334,0.00484082801268,-0.003080093069,-0.00040273371269,-0.00273442268372,0.00155192404054,0.000190982202184,0.000377689284505,-0.00079392985208,-0.000880439125467,0.000350747548509],[0.00208482029848,-0.00244707544334,0.00708679715171,-0.00930374953896,0.00116572203115,0.000392586254748,-0.0034259762615,-0.00136320514139,0.000711512577254,0.00479095103219,0.00251462869346,0.00382329896092,-0.00417884346098],[-0.00376819027588,0.00484082801268,-0.00930374953896,0.0181050859392,-0.00466391909868,-0.000661424244754,-0.00208216020837,0.00352005963214,-0.00102558324579,-0.00180892378557,-0.00128235120792,-0.00399898085743,0.00376439560205],[0.00113100477029,-0.003080093069,0.00116572203115,-0.00466391909868,0.0215887315571,-0.0105774011463,0.00960187707096,-0.00197583273984,-0.00833318196237,0.00470262905583,-0.00609421636909,0.00217394437641,-0.00341790192761],[-0.000924586725887,-0.00040273371269,0.000392586254748,-0.000661424244754,-0.0105774011463,0.0276640430093,-0.00484744459391,0.00867046508938,-0.00275974744,-0.00844640284777,-0.00193833571393,-0.00254413043149,-0.000131867171149],[0.00104053528048,-0.00273442268372,-0.0034259762615,-0.00208216020837,0.00960187707096,-0.00484744459391,0.0334347523749,-0.0119061544538,0.00754101155326,-0.0188056752086,-0.00433939835057,-0.00819454621524,0.00179988867603],[-0.000804164388683,0.00155192404054,-0.00136320514139,0.00352005963214,-0.00197583273984,0.00867046508938,-0.0119061544538,0.021805761382,-0.013199230656,0.0065997983329,-0.00777316698804,0.00189890421461,0.00335922650993],[-0.000462570606032,0.000190982202184,0.000711512577254,-0.00102558324579,-0.00833318196237,-0.00275974744,0.00754101155326,-0.013199230656,0.0286288987845,-0.0105978623033,0.0156884491444,-0.00885257869959,0.00277458992787],[0.000368342094589,0.000377689284505,0.00479095103219,-0.00180892378557,0.00470262905583,-0.00844640284777,-0.0188056752086,0.0065997983329,-0.0105978623033,0.026040893048,-0.000932347378694,0.0136714028195,-0.0073758312501],[0.0000536177285539,-0.00079392985208,0.00251462869346,-0.00128235120792,-0.00609421636909,-0.00193833571393,-0.00433939835057,-0.00777316698804,0.0156884491444,-0.000932347378694,0.0203393530101,-0.00101286848076,0.0060410015285],[0.000849905598443,-0.000880439125467,0.00382329896092,-0.00399898085743,0.00217394437641,-0.00254413043149,-0.00819454621524,0.00189890421461,-0.00885257869959,0.0136714028195,-0.00101286848076,0.0159830283374,-0.00403226306662],[-0.000523779192008,0.000350747548509,-0.00417884346098,0.00376439560205,-0.00341790192761,-0.000131867171149,0.00179988867603,0.00335922650993,0.00277458992787,-0.0073758312501,0.0060410015285,-0.00403226306662,0.0146531574428]],"mean":[-1022.79388428,9.48596954346,-23.6951751709,14.4879264832,12.174738884,11.4250555038,-5.14782619476,2.22742319107,14.4103946686,3.74236416817,-0.902204811573,5.89983510971,-1.64052081108]},"pitch_salience":{"dmean":0.0694433003664,"dmean2":0.118947982788,"dvar":0.00727344723418,"dvar2":0.0195031240582,"max":0.880466759205,"mean":0.62363409996,"median":0.681233406067,"min":0.05867119506,"var":0.0342128612101},"silence_rate_20dB":{"dmean":0,"dmean2":0,"dvar":0,"dvar2":0,"max":1,"mean":1,"median":1,"min":1,"var":0},"silence_rate_30dB":{"dmean":0,"dmean2":0,"dvar":0,"dvar2":0,"max":1,"mean":1,"median":1,"min":1,"var":0},"silence_rate_60dB":{"dmean":0.00779220787808,"dmean2":0.0156046813354,"dvar":0.0077314269729,"dvar2":0.017961749807,"max":1,"mean":0.805447459221,"median":1,"min":0,"var":0.156700730324},"spectral_centroid":{"dmean":237.216278076,"dmean2":392.508056641,"dvar":244945.65625,"dvar2":521429.46875,"max":11664.9873047,"mean":4771.92236328,"median":2875.69287109,"min":339.000152588,"var":14364385},"spectral_complexity":{"dmean":0.548051953316,"dmean2":0.858257472515,"dvar":1.76199364662,"dvar2":3.46884655952,"max":31,"mean":2.09079122543,"median":0,"min":0,"var":17.3743247986},"spectral_contrast_coeffs":{"dmean":[0.0258704870939,0.022325495258,0.0176719389856,0.0199876632541,0.0142608638853,0.010419790633],"dmean2":[0.0436694473028,0.0362626872957,0.0299387220293,0.0314386412501,0.0228640455753,0.0161318071187],"dvar":[0.000610956980381,0.000472737592645,0.00037340412382,0.000679390563164,0.000333791365847,0.00021620024927],"dvar2":[0.00167773035355,0.00114196923096,0.000863721477799,0.00147421087604,0.000674069102388,0.000381379184546],"max":[-0.662774145603,-0.630406320095,-0.585057199001,-0.364890515804,-0.417750477791,-0.536408901215],"mean":[-0.876673221588,-0.901034355164,-0.901847481728,-0.848274409771,-0.824650526047,-0.821948111057],"median":[-0.877327978611,-0.90355360508,-0.913738667965,-0.890271186829,-0.885801672935,-0.843229949474],"min":[-0.986398935318,-0.981942713261,-0.976336181164,-0.970981895924,-0.968051791191,-0.965163886547],"var":[0.00419097580016,0.00285244290717,0.00436136126518,0.0160340256989,0.0221071075648,0.0159824341536]},"spectral_contrast_valleys":{"dmean":[0.410281568766,0.387203395367,0.335086584091,0.28465461731,0.229951828718,0.160202428699],"dmean2":[0.676016509533,0.636478126049,0.538543760777,0.425154626369,0.334483742714,0.224971830845],"dvar":[0.35265403986,0.301836788654,0.288444697857,0.271313011646,0.274739831686,0.185321643949],"dvar2":[0.561573147774,0.423011660576,0.374324291945,0.309664607048,0.302196055651,0.216903567314],"max":[-8.93671131134,-8.91887950897,-8.79419612885,-6.64356422424,-6.11765050888,-9.52820014954],"mean":[-16.3468894958,-15.9978580475,-15.9297580719,-15.5500659943,-15.4829120636,-17.341463089],"median":[-12.8872852325,-12.5053529739,-12.0308074951,-12.0175094604,-12.582036972,-14.9114303589],"min":[-28.2908172607,-28.0600795746,-28.0041694641,-27.6652565002,-27.7167167664,-27.4674415588],"var":[47.8243255615,49.1591949463,49.7920913696,54.3753738403,55.0319137573,38.6950416565]},"spectral_decrease":{"dmean":9.93364140944e-11,"dmean2":1.59844137926e-10,"dvar":1.11312971248e-19,"dvar2":2.90285129001e-19,"max":2.15054816252e-17,"mean":-4.70135985697e-10,"median":-3.4210348855e-13,"min":-6.04239991375e-9,"var":1.05036862428e-18},"spectral_energy":{"dmean":0.000506161595695,"dmean2":0.000804791343398,"dvar":0.00000263276933765,"dvar2":0.00000665377137921,"max":0.0301190279424,"mean":0.00257717282511,"median":0.00000140580470998,"min":9.94646316401e-21,"var":0.0000344093095919},"spectral_energyband_high":{"dmean":0.000235426268773,"dmean2":0.000344320811564,"dvar":9.66803781921e-7,"dvar2":0.00000185615135706,"max":0.0283626858145,"mean":0.0012064888142,"median":1.21004468667e-8,"min":7.06231862817e-21,"var":0.0000200729045901},"spectral_energyband_low":{"dmean":0.00000521233778272,"dmean2":0.00000888994691195,"dvar":2.90916790657e-10,"dvar2":8.44233849495e-10,"max":0.000263238471234,"mean":0.00000839562108013,"median":1.27821607521e-7,"min":1.80727165639e-23,"var":6.22767060143e-10},"spectral_energyband_middle_high":{"dmean":0.000417737843236,"dmean2":0.000655367097352,"dvar":0.00000202822934625,"dvar2":0.00000531068781129,"max":0.0274586677551,"mean":0.00136285566259,"median":1.47672437834e-7,"min":1.10624693567e-21,"var":0.00000918903788261},"spectral_energyband_middle_low":{"dmean":0.0000027149867492,"dmean2":0.00000416375178247,"dvar":1.0167074127e-10,"dvar2":2.35964636719e-10,"max":0.000199969552341,"mean":0.00000526846952198,"median":6.34315497905e-8,"min":1.41788988202e-22,"var":3.36662336897e-10},"spectral_entropy":{"dmean":0.107030391693,"dmean2":0.166646808386,"dvar":0.0233664494008,"dvar2":0.0495635867119,"max":9.82371330261,"mean":8.10624408722,"median":7.96102905273,"min":4.84452152252,"var":1.66060769558},"spectral_flux":{"dmean":0.00435394933447,"dmean2":0.0068624378182,"dvar":0.000101284036646,"dvar2":0.0002503512369,"max":0.131046131253,"mean":0.0161270387471,"median":0.000600202591158,"min":6.31677488094e-11,"var":0.000761445553508},"spectral_kurtosis":{"dmean":1.63585364819,"dmean2":2.83034682274,"dvar":6.79809617996,"dvar2":20.5571556091,"max":28.7313842773,"mean":4.92030668259,"median":4.0017118454,"min":-1.28893721104,"var":34.6226196289},"spectral_rms":{"dmean":0.0000911369206733,"dmean2":0.000139254305395,"dvar":5.31112149815e-8,"dvar2":1.19191845727e-7,"max":0.00542073929682,"mean":0.000802556227427,"median":0.0000370339948859,"min":3.11510301061e-12,"var":0.00000187022601494},"spectral_rolloff":{"dmean":522.584838867,"dmean2":931.527526855,"dvar":2436159.25,"dvar2":4989243,"max":21210.2050781,"mean":8496.17773438,"median":3854.44335938,"min":43.06640625,"var":67125912},"spectral_skewness":{"dmean":0.181705445051,"dmean2":0.310327231884,"dvar":0.0560224801302,"dvar2":0.158797070384,"max":3.81170582771,"mean":1.29042327404,"median":1.47953546047,"min":-0.0934041142464,"var":0.797667503357},"spectral_spread":{"dmean":566343.5,"dmean2":890569.25,"dvar":2441927983100,"dvar2":4305431035900,"max":43584596,"mean":14450871,"median":4456846.5,"min":1388239.625,"var":255522351612000},"spectral_strongpeak":{"dmean":0.570379257202,"dmean2":0.982771277428,"dvar":2.41186070442,"dvar2":6.55038690567,"max":24.7434768677,"mean":1.18905925751,"median":0.000557963969186,"min":0,"var":8.21246528625},"zerocrossingrate":{"dmean":0.0128842834383,"dmean2":0.0168434809893,"dvar":0.000710001331754,"dvar2":0.000912557181437,"max":0.6689453125,"mean":0.254488885403,"median":0.13525390625,"min":0.0048828125,"var":0.045363985002}},"metadata":{"audio_properties":{"analysis_sample_rate":44100,"bit_rate":0,"codec":"flac","downmix":"mix","equal_loudness":0,"length":17.8666667938,"lossless":true,"md5_encoded":"d5b3cfe28d90918a9594e8d2107361e3","replay_gain":-17.4181289673},"tags":{"acoustid_id":["201f19d2-98bf-4201-8b13-9128e87ba113"],"album":["SYR 4: Goodbye 20th Century"],"albumartist":["Sonic Youth"],"albumartistsort":["Sonic Youth"],"artist":["Sonic Youth"],"artists":["Sonic Youth"],"artistsort":["Sonic Youth"],"asin":["B00002R0NC"],"catalognumber":["SYR 4"],"composer":["Yoko Ono"],"composersort":["Ono, Yoko"],"date":["1999-11-16"],"discnumber":["1"],"disctotal":["2"],"file_name":"05 - Voice Piece for Soprano.flac","label":["Sonic Youth Records"],"media":["CD"],"musicbrainz_albumartistid":["5cbef01b-cc35-4f52-af7b-d0df0c4f61b9"],"musicbrainz_albumid":["4dcf808b-1a50-40b5-ba13-b84a1c42b558"],"musicbrainz_artistid":["5cbef01b-cc35-4f52-af7b-d0df0c4f61b9"],"musicbrainz_recordingid":["74bc52dc-74a4-460e-b6d3-426fbae68395"],"musicbrainz_releasegroupid":["fd04b057-c78d-34f6-b1f5-d9e2c4bf8c78"],"musicbrainz_releasetrackid":["bd82d801-8afc-3aba-b42c-166079c79e88"],"musicbrainz_workid":["fa7ad902-e138-3ffc-87e3-d30576ac6fbb"],"originaldate":["1999"],"releasecountry":["US"],"releasestatus":["official"],"releasetype":["album"],"script":["Latn"],"title":["Voice Piece for Soprano"],"totaldiscs":["2"],"totaltracks":["6"],"t