{"lowlevel":{"average_loudness":0.978449463844,"barkbands":{"dmean":[0.00103883934207,0.00504900002852,0.00251191155985,0.00234429934062,0.00266637932509,0.00249082082883,0.00115316361189,0.000829101889394,0.000986752798781,0.00110404298175,0.000955726369284,0.000891851435881,0.000449045328423,0.000392444169847,0.000428905274021,0.000280870735878,0.000198294248548,0.000217786422581,0.000224142175284,0.0000981131015578,0.000085552863311,0.0000474627413496,0.0000463563992525,0.0000138850236908,0.00000229086253967,0.0000279868709185,0.000298533617752],"dmean2":[0.00173574197106,0.0084784924984,0.00421053962782,0.00387133238837,0.00451310444623,0.00414578383788,0.00192485691514,0.00136665406171,0.00161078630481,0.00183686008677,0.00155424373224,0.00149991631042,0.000767169112805,0.000667475862429,0.000725750112906,0.000471597741125,0.000334406096954,0.000353333860403,0.000356835051207,0.000155862537213,0.000130839587655,0.0000692758112564,0.0000672198730172,0.0000225759540626,0.00000381559812013,0.0000407421284763,0.00048094583326],"dvar":[0.00000343056967722,0.0000364242659998,0.00000845316117193,0.00000863255900185,0.00001321029049,0.0000172105192178,0.00000385526118407,0.00000397523126594,0.00000514501789439,0.000005537285233,0.00000544983186046,0.00000234075855587,2.30457004591e-7,2.43257034072e-7,3.43136917991e-7,1.24917974631e-7,7.18523978094e-8,1.07071429056e-7,2.03135769539e-7,5.14271789598e-8,1.71737095656e-8,4.09640943388e-9,3.78707021298e-9,3.81446929598e-10,1.13988957162e-11,1.13923659395e-9,1.08475994409e-7],"dvar2":[0.00000836273284222,0.0000954427960096,0.0000223282895604,0.000021802217816,0.0000366581407434,0.0000451716259704,0.0000101371615528,0.0000105205444925,0.0000132475533974,0.0000146282554851,0.0000133094608827,0.00000558479450774,6.42764746317e-7,6.7068106091e-7,9.11989047836e-7,3.40830837331e-7,1.92651867792e-7,2.49814490871e-7,4.69706378681e-7,1.18874361021e-7,4.04203497339e-8,9.16237397064e-9,8.65796234706e-9,9.99778371202e-10,2.8759291823e-11,2.48987475082e-9,2.76425566881e-7],"max":[0.0213211774826,0.0890458226204,0.055255100131,0.0475669056177,0.0514177754521,0.062253203243,0.0408904142678,0.0590564496815,0.0555302090943,0.0606936886907,0.0561954416335,0.0627429112792,0.0087825069204,0.0121729327366,0.0137954689562,0.00699834479019,0.00381510448642,0.00900865532458,0.013043791987,0.00652178423479,0.00211936561391,0.00112019409426,0.00127733533736,0.000332060037181,0.0000546372211829,0.000571780663449,0.006551601924],"mean":[0.0010830424726,0.00748653523624,0.00363629264757,0.00334715633653,0.00429143290967,0.00375177641399,0.00173476943746,0.00118257384747,0.00151076039765,0.00161729974207,0.00142865721136,0.00158536585514,0.00086535216542,0.000753752246965,0.000822358182631,0.000570679549128,0.000381698191632,0.00043271863251,0.000444848206826,0.00019867256924,0.00019855213759,0.00012311374303,0.000115576018288,0.0000256345156231,0.00000247062257586,0.0000751897896407,0.00111537671182],"median":[0.000426745216828,0.00515028741211,0.00245169643313,0.00206319033168,0.00311862723902,0.00214495649561,0.000987321487628,0.000494520063512,0.000666389649268,0.00079859350808,0.000695490802173,0.00111910339911,0.000716413429473,0.000608882051893,0.000585364527069,0.000412071618484,0.00026145632728,0.000289840885671,0.000279693253106,0.000132796209073,0.000139573880006,0.0000868054266903,0.0000796470194473,0.0000169743852894,0.00000124000996493,0.0000573217148485,0.00101258454379],"min":[2.56745391783e-24,1.37742016585e-24,3.10866002768e-24,2.32245147004e-24,6.22246224518e-24,1.21232846001e-23,1.07701672665e-23,2.26442333517e-23,1.55857079202e-23,2.61767919283e-23,2.3549295046e-23,4.30914354398e-23,5.69840995516e-23,6.31867109009e-23,6.56756364767e-23,6.30639641441e-23,8.34610420103e-23,1.3738877256e-22,1.41534104088e-22,1.87402957848e-22,2.7653828266e-22,4.03598000828e-22,4.4264351068e-22,6.74380249452e-22,8.68422715062e-22,1.31881932742e-21,2.08668547589e-21],"var":[0.0000036723517951,0.0000532459416718,0.000013877688616,0.0000150909863805,0.0000169784361788,0.0000275702859653,0.00000646522676107,0.00000600032444709,0.00000830586304801,0.00000783387895353,0.00000843482303026,0.00000380904884878,3.73857943714e-7,3.47244593968e-7,6.32742285234e-7,2.83183510419e-7,1.54171829081e-7,2.40643373672e-7,3.86594791735e-7,8.46474321747e-8,4.15185041902e-8,1.46639367316e-8,1.38921913972e-8,8.02360455854e-10,1.23156207454e-11,4.76846429009e-9,3.24756712189e-7]},"barkbands_crest":{"dmean":2.48305749893,"dmean2":4.19002103806,"dvar":4.5345158577,"dvar2":12.431394577,"max":23.4904174805,"mean":7.67482662201,"median":7.13541126251,"min":2.16941404343,"var":8.86250305176},"barkbands_flatness_db":{"dmean":0.0172305740416,"dmean2":0.0274043660611,"dvar":0.000211290520383,"dvar2":0.000523840775713,"max":0.247978627682,"mean":0.0930710881948,"median":0.0897150784731,"min":0.0237592048943,"var":0.000851091754157},"barkbands_kurtosis":{"dmean":1.9070019722,"dmean2":3.06692695618,"dvar":5.3792309761,"dvar2":13.6770133972,"max":54.3359069824,"mean":3.34575510025,"median":2.44880867004,"min":-1.63325178623,"var":13.5667467117},"barkbands_skewness":{"dmean":0.424739778042,"dmean2":0.679859757423,"dvar":0.139040857553,"dvar2":0.35719794035,"max":6.65949201584,"mean":1.62921714783,"median":1.5765966177,"min":-2.13689255714,"var":0.505551815033},"barkbands_spread":{"dmean":6.71445274353,"dmean2":10.4539365768,"dvar":32.8183059692,"dvar2":78.6405105591,"max":112.312911987,"mean":34.642375946,"median":33.3329772949,"min":4.38239526749,"var":179.054458618},"dissonance":{"dmean":0.0125299850479,"dmean2":0.0215802956372,"dvar":0.000173202817678,"dvar2":0.000498496985529,"max":0.500000119209,"mean":0.48198094964,"median":0.485948592424,"min":0.321493208408,"var":0.000224385876209},"dynamic_complexity":1.14432692528,"erbbands":{"dmean":[0.170155271888,1.12666428089,2.72218990326,5.29716730118,8.12973499298,9.90045261383,15.395359993,23.008769989,18.1704750061,15.2504577637,18.3990497589,21.4651641846,28.5209770203,38.591506958,35.5835075378,32.4121551514,19.3962287903,18.2966136932,20.863035202,18.8455963135,13.9032945633,10.5736665726,11.5862665176,13.1698274612,8.34247493744,4.46260070801,3.79533982277,2.97687363625,1.76310133934,1.59640479088,1.25478613377,0.60580354929,0.0497105531394,0.0256909877062,0.0164031796157,0.0116559704766,0.0682386681437,0.0413227677345,0.0175382904708,0.00759305106476],"dmean2":[0.286675930023,1.89561390877,4.53409767151,8.75707912445,13.6941890717,16.9596691132,25.7345943451,38.4441108704,30.3770675659,25.6541538239,30.1990871429,35.030632019,47.1130981445,63.1414108276,58.0751876831,54.5791130066,32.9521484375,30.9933490753,35.1314315796,31.8352279663,23.4589233398,17.7458305359,18.7060871124,20.9978027344,13.1478872299,7.05335521698,5.94426965714,4.52491140366,2.59890770912,2.35935950279,1.82813060284,0.919566631317,0.0809590891004,0.0428057685494,0.0272779688239,0.0189448483288,0.101479977369,0.058014459908,0.0265008863062,0.0121920127422],"dvar":[0.0689265951514,1.70234847069,9.68294811249,41.6465187073,115.613334656,216.139953613,556.259338379,1685.1072998,989.877868652,931.004455566,1902.46655273,2751.04833984,3255.43383789,10550.7441406,5006.80029297,2328.13232422,437.097686768,515.690490723,677.757324219,707.250671387,336.585845947,215.489334106,277.998596191,585.985534668,373.682556152,100.498588562,31.8376197815,21.059463501,6.24355268478,4.38948583603,2.88426208496,0.670318186283,0.00373898656107,0.00144615070894,0.000572497607209,0.000203288494959,0.00742229027674,0.00228380784392,0.000576869118959,0.0000652996604913],"dvar2":[0.174495816231,4.53005504608,25.5934276581,106.837875366,306.86541748,600.722717285,1448.4876709,4394.27246094,2586.64941406,2509.48242188,4988.57666016,7146.91113281,8530.69238281,27337.0878906,12377.6660156,5695.62695312,1216.67370605,1401.42956543,1808.35473633,1901.61804199,923.430358887,577.558898926,680.756347656,1375.78747559,850.781494141,225.933044434,76.6055297852,50.1085166931,14.4867591858,10.105758667,6.65224313736,1.60739552975,0.00937769468874,0.00364669901319,0.00144661357626,0.000506417476572,0.0168207827955,0.00473235081881,0.00133926188573,0.000165088655194],"max":[3.70511460304,21.7619075775,52.261051178,120.281112671,185.807098389,268.628753662,358.390655518,746.36920166,741.702758789,779.626464844,1191.03015137,1473.00646973,1055.40930176,2850.7722168,1318.5057373,1856.65661621,426.516143799,561.979125977,528.357116699,575.449768066,491.650421143,236.024902344,427.299255371,684.486572266,529.258361816,331.474487305,102.288391113,74.3835983276,58.1544113159,32.0123786926,42.8425254822,14.2075185776,0.882107615471,0.581141829491,0.414908766747,0.241039812565,1.6646592617,0.87581962347,0.657600581646,0.172781437635],"mean":[0.212336018682,1.66213178635,4.24217319489,8.31210422516,12.1068058014,14.3579730988,22.9897956848,32.8429641724,27.613494873,23.2582435608,27.963476181,33.3915863037,44.1216888428,58.342880249,62.2246322632,60.3329925537,40.7706184387,38.1959037781,43.1916351318,38.2616729736,30.0178871155,21.9169445038,23.7850475311,26.0934429169,16.8051929474,9.37991523743,8.46117687225,6.877409935,4.49117851257,3.90700888634,3.09289836884,1.34389281273,0.0837693661451,0.0291308537126,0.0184152182192,0.019890986383,0.174310520291,0.129238948226,0.0576333887875,0.0356093049049],"median":[0.119972959161,1.13654053211,3.04950141907,5.58893108368,8.21208763123,9.69948005676,14.4837999344,17.9808750153,15.7674055099,11.7039499283,12.1463756561,15.0930223465,22.0809822083,26.5061454773,37.0030250549,44.8869934082,34.3890914917,31.5948028564,32.8409576416,27.0864086151,21.6901378632,15.5293560028,16.5473270416,16.728723526,10.6676893234,6.36820602417,6.04814863205,4.71992206573,3.14634823799,2.71951317787,2.14316558838,0.904339134693,0.0620945543051,0.0154357738793,0.00982122775167,0.0154030397534,0.128999471664,0.103975445032,0.0482691377401,0.0335174277425],"min":[3.74785291716e-23,6.01814840669e-22,7.72114536785e-21,8.9363342722e-21,2.14646987388e-20,3.43854586241e-20,8.86248933861e-20,6.61340076271e-20,1.05348010292e-19,3.54775774321e-19,6.11456716787e-19,4.65664376065e-19,9.42490106931e-19,1.18534475131e-18,1.20357808675e-18,1.93794562246e-18,2.82175522654e-18,2.11621917449e-18,4.12787775646e-18,4.35347720647e-18,4.3031258954e-18,5.23915644553e-18,6.16601893934e-18,6.79897258098e-18,6.82817371097e-18,8.12644236776e-18,1.02829320032e-17,1.21447575706e-17,1.47112798084e-17,1.26213542241e-17,1.34290456342e-17,1.3062847814e-17,1.15592592807e-17,9.02713203981e-18,6.87000340736e-18,3.91028458761e-18,2.49915189251e-18,9.35749205324e-19,2.29501907188e-19,2.54101095382e-20],"var":[0.0783722326159,2.66705322266,15.9118089676,73.2897415161,169.165710449,245.821517944,834.688903809,2619.58325195,1659.03588867,1456.96264648,3037.52050781,4278.68603516,5143.13085938,14179.3134766,8935.53515625,3960.94824219,732.162414551,788.651977539,1307.97351074,1403.27368164,811.76361084,472.10458374,615.202758789,1155.49487305,698.153930664,177.084503174,70.9767684937,51.6694030762,19.7266998291,15.3376960754,10.1825351715,2.08422756195,0.00608232431114,0.00156034587417,0.000623339088634,0.00031006403151,0.0277655851096,0.0111541906372,0.00176602054853,0.000199272326427]},"erbbands_crest":{"dmean":2.02011942863,"dmean2":3.37687277794,"dvar":4.74119615555,"dvar2":12.432015419,"max":27.1437473297,"mean":6.57110691071,"median":5.57195711136,"min":2.11601758003,"var":10.4379940033},"erbbands_flatness_db":{"dmean":0.0147261787206,"dmean2":0.0228187497705,"dvar":0.000179869064596,"dvar2":0.000422600278398,"max":0.275310069323,"mean":0.126614913344,"median":0.121725685894,"min":0.0393712669611,"var":0.0009687190759},"erbbands_kurtosis":{"dmean":0.743708789349,"dmean2":1.21955478191,"dvar":0.955582022667,"dvar2":2.45556974411,"max":25.3556041718,"mean":0.36442694068,"median":0.00250053405762,"min":-1.43497955799,"var":1.88986623287},"erbbands_skewness":{"dmean":0.269318163395,"dmean2":0.42217078805,"dvar":0.0548742488027,"dvar2":0.13380715251,"max":2.6493768692,"mean":0.039459515363,"median":-0.0134215680882,"min":-2.63325619698,"var":0.337268024683},"erbbands_spread":{"dmean":5.95558643341,"dmean2":9.40934848785,"dvar":23.8034477234,"dvar2":58.1058769226,"max":85.692565918,"mean":32.7590713501,"median":31.9941387177,"min":3.4749519825,"var":119.018096924},"gfcc":{"cov":[[6143.09277344,148.446807861,-359.361114502,122.861465454,-180.027404785,-164.243637085,109.416221619,-116.724067688,0.709423005581,-71.7453155518,-47.7652893066,105.080986023,-96.4906692505],[148.446807861,537.158447266,-33.2950248718,-207.158187866,100.995857239,-52.5396385193,-28.2333660126,14.2022428513,-12.3716850281,-1.30802810192,23.8352794647,-77.4802627563,99.7404174805],[-359.361114502,-33.2950248718,225.105331421,33.6642036438,-70.2058029175,109.497817993,-26.9096469879,19.8952465057,-13.9062595367,3.67139577866,-7.98362398148,3.37706041336,-38.2608718872],[122.861465454,-207.158187866,33.6642036438,234.283004761,52.6448707581,7.80162191391,65.9873428345,-31.6615924835,17.1884460449,-9.1915397644,-10.8863687515,36.8727340698,-72.3258590698],[-180.027404785,100.995857239,-70.2058029175,52.6448707581,233.117965698,-0.784110605717,26.0362319946,1.74346256256,-8.30999279022,2.52905273438,21.0833530426,-32.0059661865,50.9002227783],[-164.243637085,-52.5396385193,109.497817993,7.80162191391,-0.784110605717,159.817871094,-3.21036815643,20.221578598,-24.65574646,-4.89095306396,-5.88008785248,11.0145750046,-3.73337173462],[109.416221619,-28.2333660126,-26.9096469879,65.9873428345,26.0362319946,-3.21036815643,110.051101685,-20.1670589447,27.0813846588,-18.3865566254,-5.09284496307,30.2599639893,-31.9476604462],[-116.724067688,14.2022428513,19.8952465057,-31.6615924835,1.74346256256,20.221578598,-20.1670589447,96.4544372559,1.12972593307,28.8136558533,11.0366802216,-25.1408405304,37.9767532349],[0.709423005581,-12.3716850281,-13.9062595367,17.1884460449,-8.30999279022,-24.65574646,27.0813846588,1.12972593307,84.3181381226,30.8355083466,4.11693048477,13.4402132034,-24.9480190277],[-71.7453155518,-1.30802810192,3.67139577866,-9.1915397644,2.52905273438,-4.89095306396,-18.3865566254,28.8136558533,30.8355083466,64.4226379395,24.8326950073,-5.72164487839,19.9595546722],[-47.7652893066,23.8352794647,-7.98362398148,-10.8863687515,21.0833530426,-5.88008785248,-5.09284496307,11.0366802216,4.11693048477,24.8326950073,44.3218727112,10.5732660294,19.7794361115],[105.080986023,-77.4802627563,3.37706041336,36.8727340698,-32.0059661865,11.0145750046,30.2599639893,-25.1408405304,13.4402132034,-5.72164487839,10.5732660294,64.296875,-12.1387929916],[-96.4906692505,99.7404174805,-38.2608718872,-72.3258590698,50.9002227783,-3.73337173462,-31.9476604462,37.9767532349,-24.9480190277,19.9595546722,19.7794361115,-12.1387929916,101.937347412]],"icov":[[0.000364806619473,-0.001296035829,0.00195479393005,-0.00185633881483,0.00149358506314,-0.00103910069447,0.00063873839099,-0.000459900853457,0.000674650014844,-0.000544195470866,0.000472156301839,-0.000891560281161,0.00069158768747],[-0.001296035829,0.0109943607822,-0.0116284964606,0.0134396944195,-0.0092363152653,0.00753464689478,-0.00561311468482,0.00431525101885,-0.00449209753424,0.00491946656257,-0.00408363621682,0.00769307976589,-0.00564625300467],[0.00195479393005,-0.0116284964606,0.02368224971,-0.0183756332844,0.01509886235,-0.0153451412916,0.0081849489361,-0.00460806814954,0.00434714043513,-0.0041425395757,0.000839020300191,-0.00360256526619,0.00654318602756],[-0.00185633881483,0.0134396944195,-0.0183756332844,0.0289222449064,-0.0204415209591,0.0138239543885,-0.00853665079921,0.00159516569693,0.00054436805658,-0.00190941838082,0.00442910427228,-0.00430658878759,0.00529492972419],[0.00149358506314,-0.0092363152653,0.01509886235,-0.0204415209591,0.0223698578775,-0.0124375727028,0.00196783221327,0.00214920286089,-0.00179369829129,0.00334975938313,-0.00903007015586,0.0111468276009,-0.00821005366743],[-0.00103910069447,0.00753464689478,-0.0153451412916,0.0138239543885,-0.0124375727028,0.018447553739,-0.00471547618508,-0.00131480279379,0.0026240227744,-0.000818632193841,0.00468368735164,-0.00521890679374,0.000863085384481],[0.00063873839099,-0.00561311468482,0.0081849489361,-0.00853665079921,0.00196783221327,-0.00471547618508,0.0187472645193,-0.00453854352236,-0.00248307990842,0.00291540566832,0.00305189518258,-0.0106517979875,0.00648387661204],[-0.000459900853457,0.00431525101885,-0.00460806814954,0.00159516569693,0.00214920286089,-0.00131480279379,-0.00453854352236,0.0202668830752,-0.00621495395899,0.00133407616522,-0.00816272478551,0.0168379209936,-0.0135428290814],[0.000674650014844,-0.00449209753424,0.00434714043513,0.00054436805658,-0.00179369829129,0.0026240227744,-0.00248307990842,-0.00621495395899,0.0282614082098,-0.0222616270185,0.0130360908806,-0.01660582982,0.0163493230939],[-0.000544195470866,0.00491946656257,-0.0041425395757,-0.00190941838082,0.00334975938313,-0.000818632193841,0.00291540566832,0.00133407616522,-0.0222616270185,0.0418579652905,-0.0247224438936,0.0184781961143,-0.0161708258092],[0.000472156301839,-0.00408363621682,0.000839020300191,0.00442910427228,-0.00903007015586,0.00468368735164,0.00305189518258,-0.00816272478551,0.0130360908806,-0.0247224438936,0.0480188392103,-0.0287835933268,0.011864207685],[-0.000891560281161,0.00769307976589,-0.00360256526619,-0.00430658878759,0.0111468276009,-0.00521890679374,-0.0106517979875,0.0168379209936,-0.01660582982,0.0184781961143,-0.0287835933268,0.052293498069,-0.0240172911435],[0.00069158768747,-0.00564625300467,0.00654318602756,0.00529492972419,-0.00821005366743,0.000863085384481,0.00648387661204,-0.0135428290814,0.0163493230939,-0.0161708258092,0.011864207685,-0.0240172911435,0.0354159735143]],"mean":[52.3786888123,86.8069152832,-98.3691864014,0.204697668552,-13.7288179398,-19.1881141663,3.44497323036,-29.4454250336,0.641107201576,-14.4238300323,-5.14469003677,4.44841718674,-15.378156662]},"hfc":{"dmean":38.2672653198,"dmean2":62.4161567688,"dvar":1042.53161621,"dvar2":2679.05883789,"max":523.950866699,"mean":202.808486938,"median":199.998153687,"min":1.11766804718e-16,"var":3336.20996094},"melbands":{"dmean":[0.00142887642141,0.00138259585947,0.000947916065343,0.000599646067712,0.000500204972923,0.000494483159855,0.000259432708845,0.00016858788149,0.0001522811217,0.000140489704791,0.000147626866237,0.000161028670846,0.000124125377624,0.000112202418677,0.0000626908877166,0.0000414074384025,0.0000368627115677,0.0000358569741365,0.0000327636262227,0.0000217328997678,0.000017364456653,0.0000119944525068,0.0000106827455966,0.0000111375647975,0.0000118788711916,0.00000776482920628,0.00000499813813803,0.00000280260610452,0.00000243624162977,0.00000246075296673,0.00000166071822605,0.00000109653660729,0.00000101189243651,9.09033872176e-7,7.63688149163e-7,7.88955844655e-7,2.10892039831e-7,2.966012147e-8,2.36264856568e-8,2.0895997821e-8],"dmean2":[0.00240006716922,0.00229552504607,0.00155417562928,0.00101799552795,0.00083712261403,0.000823863665573,0.000432361412095,0.000283518951619,0.000250661338214,0.000229286888498,0.000244718597969,0.000264671252808,0.000202708790312,0.000189048281754,0.000106455416244,0.0000707297076588,0.00006271777238,0.0000605034038017,0.000055290718592,0.0000367872053175,0.0000294352703349,0.0000202889914362,0.0000177818292286,0.0000181391023943,0.0000191845174413,0.0000125072265291,0.00000801447095,0.00000453991060567,0.00000390862442146,0.0000038524235606,0.00000259312400885,0.00000168056919847,0.00000153881660481,0.00000138253301429,0.00000114518570626,0.00000119027970413,3.37577773735e-7,4.95942487078e-8,3.94767454281e-8,3.48541249195e-8],"dvar":[0.00000359844148079,0.00000235520292335,0.00000121754828797,7.35264109153e-7,5.18857007137e-7,7.39887127565e-7,1.92018973166e-7,1.24070481888e-7,1.22536107483e-7,1.20313302432e-7,8.83011850306e-8,1.7540341446e-7,7.53929114694e-8,4.11443359383e-8,5.57783419453e-9,2.05430561451e-9,2.16378714946e-9,1.94184024416e-9,2.09909178928e-9,8.26110402308e-10,5.43091738248e-10,2.78158718281e-10,2.15959125582e-10,3.07367492569e-10,4.90265383846e-10,2.92102841914e-10,1.66645003352e-10,3.23661063228e-11,1.26301686124e-11,1.40084029446e-11,6.59498454111e-12,2.5090951452e-12,1.8641108622e-12,1.49505451422e-12,1.0996620281e-12,1.1562240965e-12,8.80702371382e-14,1.800827833e-15,1.2407380963e-15,9.62558182744e-16],"dvar2":[0.00000917057604966,0.00000620507216809,0.000003097694389,0.00000206092749977,0.00000136108417337,0.00000193790197045,4.96256745919e-7,3.34167054916e-7,3.18923696341e-7,3.10383938995e-7,2.31748671808e-7,4.54817268292e-7,1.82330239795e-7,9.87056054669e-8,1.51193368936e-8,5.72782044017e-9,5.94237903329e-9,5.28083088369e-9,5.64843283257e-9,2.20323892464e-9,1.52237056295e-9,7.53826390198e-10,5.65211044634e-10,7.26158244646e-10,1.18136433969e-9,6.81430301075e-10,3.79203557443e-10,7.60286902879e-11,3.14306462801e-11,3.38334742167e-11,1.60430627116e-11,6.06423722002e-12,4.4396227146e-12,3.57397054659e-12,2.65582044204e-12,2.74139413427e-12,2.26039022569e-13,4.54080937551e-15,3.12500883901e-15,2.42526073348e-15],"max":[0.0264633856714,0.0192377567291,0.0171072240919,0.0139741934836,0.011197139509,0.0146402809769,0.0098729711026,0.0073466473259,0.00785635411739,0.0101791257039,0.00637899525464,0.0108282966539,0.00672153150663,0.00838136021048,0.00196840846911,0.000692365865689,0.00121082330588,0.000826654024422,0.00106432347093,0.000635051634163,0.000644103216473,0.000290667900117,0.000270937627647,0.000477933674119,0.000613209034782,0.000460392271634,0.000380776938982,0.000170375788002,0.0000631098664599,0.0000613975134911,0.0000403083722631,0.0000365310697816,0.0000223724455282,0.0000197555382329,0.0000240154422499,0.0000198367306439,0.00000584321560382,6.21788331046e-7,5.37734649697e-7,4.72678379992e-7],"mean":[0.00204179878347,0.00229706289247,0.00158504303545,0.000925626663957,0.00078445172403,0.000731777341571,0.000403540761909,0.000250730197877,0.000230632766034,0.000212565792026,0.000221353780944,0.000235452462221,0.000201294998988,0.000193218802451,0.000115630726214,0.0000796331296442,0.0000693517213222,0.000069224202889,0.0000602758627792,0.0000419498392148,0.0000339083089784,0.0000225626226893,0.0000206324384635,0.0000208321052924,0.0000217398155655,0.0000147438231579,0.00000893757896847,0.00000545934881302,0.00000502338525621,0.00000512860060553,0.00000356388704859,0.00000250252060141,0.00000232895058616,0.00000206279332815,0.00000175286197646,0.00000174463241365,4.01931202987e-7,3.16906927367e-8,2.49115128526e-8,2.22638387726e-8],"median":[0.00133231049404,0.00171685824171,0.00113727210555,0.000657863100059,0.000518075423315,0.000412056222558,0.00023197507835,0.00012093418627,0.00010040741472,0.0000932670300244,0.000108990148874,0.000104991224362,0.000108457177703,0.000130476459162,0.0000922858380363,0.000065496431489,0.0000562288041692,0.0000527042648173,0.0000417158844357,0.0000295121244562,0.0000241026991716,0.0000150912646859,0.0000143954757732,0.0000135320178742,0.0000134072761284,0.0000091794772743,0.00000535735898666,0.00000379814969165,0.00000359600380762,0.00000344911791217,0.00000239079668063,0.00000172828788436,0.00000157076749474,0.00000142255476021,0.00000121899802252,0.00000114906367799,2.67925713615e-7,1.57931481226e-8,1.20892016398e-8,1.08712701063e-8],"min":[5.26619874498e-25,3.02097064389e-24,1.88019356404e-24,2.76292674761e-24,2.50759909665e-24,1.75904720875e-24,1.7243371317e-24,4.44525999434e-24,4.38228404499e-24,2.57551292084e-24,4.44179452839e-24,3.85638716151e-24,3.17013536638e-24,4.71564206961e-24,4.58063049783e-24,6.51806262586e-24,3.40932667032e-24,5.09272152661e-24,4.72892924827e-24,6.28290437331e-24,4.16150830446e-24,4.88069346466e-24,3.32820928672e-24,5.7076019202e-24,4.913174418e-24,4.78873870995e-24,3.9594948317e-24,5.65971964097e-24,4.64519284647e-24,4.42511682556e-24,7.17083082544e-24,7.82513809264e-24,6.97328822186e-24,5.76473674898e-24,6.66898749425e-24,8.79438782105e-24,6.08287606901e-24,8.01357250821e-24,6.82465657212e-24,6.86167229238e-24],"var":[0.00000475499200547,0.00000407756442655,0.00000225190319725,9.00534644188e-7,7.90478793533e-7,0.0000011774691302,3.41113945979e-7,1.91286375184e-7,1.99898650521e-7,1.86687969972e-7,1.35793172262e-7,2.33887618606e-7,1.26288298929e-7,6.62770958115e-8,8.80281536553e-9,3.23859028484e-9,2.99763325273e-9,3.46740125501e-9,3.61385565917e-9,1.73535774639e-9,1.15001430601e-9,5.7423793498e-10,4.21201878931e-10,6.28365026678e-10,8.70507776973e-10,5.0116449879e-10,2.73725958566e-10,5.29531175852e-11,2.50771556298e-11,3.0760807096e-11,1.48339292239e-11,6.5521381723e-12,5.72011188416e-12,4.4648442929e-12,3.36693867231e-12,3.62567137771e-12,1.98885179159e-13,1.95959124172e-15,1.32380862914e-15,1.03410716168e-15]},"melbands_crest":{"dmean":3.61572885513,"dmean2":6.00501680374,"dvar":9.39756774902,"dvar2":25.1363677979,"max":31.7999382019,"mean":12.3398113251,"median":11.7172794342,"min":1.20560193062,"var":18.6239891052},"melbands_flatness_db":{"dmean":0.0246800165623,"dmean2":0.0391278788447,"dvar":0.000410777953221,"dvar2":0.00101395847742,"max":0.403893262148,"mean":0.198530048132,"median":0.19630792737,"min":0.000149749816046,"var":0.00174962659366},"melbands_kurtosis":{"dmean":3.63907909393,"dmean2":5.96283483505,"dvar":20.1917171478,"dvar2":50.9875030518,"max":141.718185425,"mean":6.60031270981,"median":4.88116693497,"min":-1.77057003975,"var":45.8152389526},"melbands_skewness":{"dmean":0.589968442917,"dmean2":0.952864408493,"dvar":0.258855849504,"dvar2":0.665073812008,"max":10.5241832733,"mean":2.14872860909,"median":2.04277849197,"min":-0.521344602108,"var":0.943244993687},"melbands_spread":{"dmean":6.2137966156,"dmean2":9.87668323517,"dvar":35.7045173645,"dvar2":85.5412597656,"max":163.527770996,"mean":23.9109039307,"median":21.8784122467,"min":2.31021952629,"var":146.812850952},"mfcc":{"cov":[[2766.5456543,95.3896789551,-143.786300659,249.266326904,-240.364776611,77.0070037842,-116.048301697,128.010772705,-91.3554382324,14.4380760193,-42.5326652527,7.25388526917,-21.5341930389],[95.3896789551,710.719238281,-113.13658905,-123.309143066,69.9831085205,-89.4932479858,39.5876617432,-91.8561172485,54.8149299622,-23.4116077423,-12.0228033066,-22.9820213318,24.7450428009],[-143.786300659,-113.13658905,334.767944336,-104.624855042,-25.8005867004,16.9854850769,-12.8237056732,30.0692367554,-30.6486282349,17.7009658813,7.1596326828,11.8588762283,-24.0762081146],[249.266326904,-123.309143066,-104.624855042,272.747955322,-39.3478126526,85.6656494141,-31.2938175201,62.8387565613,-39.5072059631,29.8769779205,5.59784650803,19.8587093353,-8.93347930908],[-240.364776611,69.9831085205,-25.8005867004,-39.3478126526,203.920730591,-31.0284061432,94.7101287842,-65.3543319702,62.2034378052,-28.976518631,22.653635025,-10.1843423843,19.9167957306],[77.0070037842,-89.4932479858,16.9854850769,85.6656494141,-31.0284061432,179.324996948,-14.2776432037,88.0354614258,-47.5702934265,21.6932868958,-20.5788288116,17.5675830841,-16.1253223419],[-116.048301697,39.5876617432,-12.8237056732,-31.2938175201,94.7101287842,-14.2776432037,127.410324097,-13.5904102325,42.6539535522,-31.9833621979,2.79646134377,-19.7418613434,12.079791069],[128.010772705,-91.8561172485,30.0692367554,62.8387565613,-65.3543319702,88.0354614258,-13.5904102325,121.217979431,-36.5701751709,26.1898555756,-20.9873580933,7.3302230835,-19.3170471191],[-91.3554382324,54.8149299622,-30.6486282349,-39.5072059631,62.2034378052,-47.5702934265,42.6539535522,-36.5701751709,90.0613327026,-6.55539512634,20.8812599182,-5.43769741058,12.9080238342],[14.4380760193,-23.4116077423,17.7009658813,29.8769779205,-28.976518631,21.6932868958,-31.9833621979,26.1898555756,-6.55539512634,62.5609664917,15.1481161118,16.0123157501,-4.08766794205],[-42.5326652527,-12.0228033066,7.1596326828,5.59784650803,22.653635025,-20.5788288116,2.79646134377,-20.9873580933,20.8812599182,15.1481161118,53.5730438232,19.5485496521,7.34752035141],[7.25388526917,-22.9820213318,11.8588762283,19.8587093353,-10.1843423843,17.5675830841,-19.7418613434,7.3302230835,-5.43769741058,16.0123157501,19.5485496521,44.744556427,11.2532758713],[-21.5341930389,24.7450428009,-24.0762081146,-8.93347930908,19.9167957306,-16.1253223419,12.079791069,-19.3170471191,12.9080238342,-4.08766794205,7.34752035141,11.2532758713,39.9610862732]],"icov":[[0.000462360098027,-0.000196206805413,0.0000468608777737,-0.000405984377721,0.000441896059783,0.0000889169896254,0.000147154394654,-0.000360099104,0.0000169977320184,0.00039295462193,-0.0000861661683302,0.000098835589597,-0.0000720742027625],[-0.000196206805413,0.00193013332319,0.00081241724547,0.0011057597585,-0.000328734196955,0.000115306131192,-0.000332186871674,0.000968830718193,-0.000097892836493,-0.00095484330086,0.00102260417771,-0.000231801022892,0.0000260662236542],[0.0000468608777737,0.00081241724547,0.00485908566043,0.00307919317856,-0.000196757289814,-0.000109194661491,-0.00044981247629,-0.0011168459896,0.00214493274689,-0.00121218699496,-0.0013890217524,-0.00163681479171,0.00268769124523],[-0.000405984377721,0.0011057597585,0.00307919317856,0.0071600805968,-0.000726711703464,-0.00161342020147,0.000145596641232,-0.00150352646597,0.00224724132568,-0.00171141233295,-0.00234986678697,-0.000997482915409,0.00130469433498],[0.000441896059783,-0.000328734196955,-0.000196757289814,-0.000726711703464,0.0106876892969,-0.00216655712575,-0.00609458005056,0.00492566311732,-0.00278941891156,0.000755000917707,-0.00187239574734,0.000274148478638,-0.000571675715037],[0.0000889169896254,0.000115306131192,-0.000109194661491,-0.00161342020147,-0.00216655712575,0.0107357176021,-0.000241679677856,-0.00596570037305,0.00273320730776,-0.000856270315126,0.00353417289443,-0.00439817365259,0.00176953559276],[0.000147154394654,-0.000332186871674,-0.00044981247629,0.000145596641232,-0.00609458005056,-0.000241679677856,0.0160755477846,-0.00548110762611,-0.00356436660513,0.00608112895861,-0.00238480255939,0.00599684705958,-0.00399929611012],[-0.000360099104,0.000968830718193,-0.0011168459896,-0.00150352646597,0.00492566311732,-0.00596570037305,-0.00548110762611,0.0196721274406,-0.000408523366787,-0.00593510922045,0.00596914393827,-0.0020754665602,0.00351282558404],[0.0000169977320184,-0.000097892836493,0.00214493274689,0.00224724132568,-0.00278941891156,0.00273320730776,-0.00356436660513,-0.000408523366787,0.0188835673034,-0.00260761799291,-0.00510847382247,0.000726366299205,-0.000394048693124],[0.00039295462193,-0.00095484330086,-0.00121218699496,-0.00171141233295,0.000755000917707,-0.000856270315126,0.00608112895861,-0.00593510922045,-0.00260761799291,0.024856870994,-0.0085497898981,-0.000635033124126,-0.000603204884101],[-0.0000861661683302,0.00102260417771,-0.0013890217524,-0.00234986678697,-0.00187239574734,0.00353417289443,-0.00238480255939,0.00596914393827,-0.00510847382247,-0.0085497898981,0.033259280026,-0.0146682588384,0.00271477852948],[0.000098835589597,-0.000231801022892,-0.00163681479171,-0.000997482915409,0.000274148478638,-0.00439817365259,0.00599684705958,-0.0020754665602,0.000726366299205,-0.000635033124126,-0.0146682588384,0.0381307937205,-0.014080259949],[-0.0000720742027625,0.0000260662236542,0.00268769124523,0.00130469433498,-0.000571675715037,0.00176953559276,-0.00399929611012,0.00351282558404,-0.000394048693124,-0.000603204884101,0.00271477852948,-0.014080259949,0.0343178622425]],"mean":[-610.899841309,153.410522461,-27.4939193726,35.3804740906,-9.79114246368,27.4466152191,-8.44849205017,15.5653371811,-12.815577507,5.78779315948,-6.12063217163,0.757737219334,-0.588523209095]},"pitch_salience":{"dmean":0.0659330487251,"dmean2":0.109880909324,"dvar":0.00306713138707,"dvar2":0.00835624430329,"max":0.979209601879,"mean":0.66749215126,"median":0.679392874241,"min":0.226568490267,"var":0.00586237385869},"silence_rate_20dB":{"dmean":0,"dmean2":0,"dvar":0,"dvar2":0,"max":1,"mean":1,"median":1,"min":1,"var":0},"silence_rate_30dB":{"dmean":0.000852514931466,"dmean2":0.00170521158725,"dvar":0.000851906603202,"dvar2":0.00255538220517,"max":1,"mean":0.999573767185,"median":1,"min":0,"var":0.000426064711064},"silence_rate_60dB":{"dmean":0.000213128732867,"dmean2":0.000426302896813,"dvar":0.000213083301787,"dvar2":0.000426177779445,"max":1,"mean":0.00884389970452,"median":0,"min":0,"var":0.0087656788528},"spectral_centroid":{"dmean":223.195892334,"dmean2":336.079925537,"dvar":54220.7695312,"dvar2":101554.101562,"max":11294.6542969,"mean":1299.6796875,"median":1204.9119873,"min":333.270324707,"var":396200.34375},"spectral_complexity":{"dmean":3.91965055466,"dmean2":6.16775035858,"dvar":11.0509872437,"dvar2":24.4527549744,"max":58,"mean":30.6629734039,"median":30,"min":0,"var":63.6873855591},"spectral_contrast_coeffs":{"dmean":[0.0575142279267,0.0521754026413,0.0370600149035,0.0256046969444,0.02109253034,0.0476722866297],"dmean2":[0.0963535010815,0.0891105979681,0.0626906380057,0.0440115109086,0.0349629148841,0.0734528005123],"dvar":[0.00196877820417,0.00161420518998,0.000879568397067,0.000396726158215,0.000278397928923,0.00144488015212],"dvar2":[0.00556230219081,0.00464911712334,0.0024528093636,0.00116449291818,0.000729618943296,0.00343432696536],"max":[-0.359126389027,-0.526113808155,-0.562484502792,-0.683804512024,-0.598528206348,-0.432371556759],"mean":[-0.66169065237,-0.768051326275,-0.809474289417,-0.819190502167,-0.800154983997,-0.659745395184],"median":[-0.664674639702,-0.772186398506,-0.816698372364,-0.820583462715,-0.802455186844,-0.652751147747],"min":[-0.970734298229,-0.978167533875,-0.973080158234,-0.971438467503,-0.971590876579,-0.965903878212],"var":[0.00469153327867,0.00319178123027,0.00218104152009,0.000701474025846,0.000882818596438,0.00597671465948]},"spectral_contrast_valleys":{"dmean":[0.395367890596,0.34253102541,0.274182856083,0.226510003209,0.221643075347,0.584751307964],"dmean2":[0.66276717186,0.568547785282,0.453230530024,0.373742133379,0.337041914463,0.934416174889],"dvar":[0.120407313108,0.0935333967209,0.067703910172,0.0547334589064,0.0665483176708,0.241469800472],"dvar2":[0.293152451515,0.205970749259,0.139936596155,0.10319237411,0.114532470703,0.59485834837],"max":[-5.27752971649,-3.98751306534,-4.89678001404,-5.50358343124,-5.68680429459,-9.10517501831],"mean":[-6.55916213989,-6.06689786911,-6.29941034317,-6.66864299774,-7.08998918533,-11.0911750793],"median":[-6.45887327194,-6.02426719666,-6.23799037933,-6.59862136841,-6.97929191589,-11.0164756775],"min":[-28.1952152252,-27.7608509064,-27.6104049683,-27.6115818024,-27.4584121704,-27.3266277313],"var":[1.24895560741,1.29758477211,1.19400942326,1.11660921574,1.16288709641,1.08065402508]},"spectral_decrease":{"dmean":2.79804912573e-9,"dmean2":4.53219239915e-9,"dvar":6.83809408805e-18,"dvar2":1.76019981166e-17,"max":1.18681597883e-9,"mean":-7.33734317748e-9,"median":-6.59353904808e-9,"min":-3.08429370932e-8,"var":1.66305572052e-17},"spectral_energy":{"dmean":0.0110523235053,"dmean2":0.0178065840155,"dvar":0.000105713312223,"dvar2":0.000271693657851,"max":0.134150251746,"mean":0.0460881441832,"median":0.0433318130672,"min":1.02003381418e-20,"var":0.000260223634541},"spectral_energyband_high":{"dmean":0.000332946015988,"dmean2":0.00046699057566,"dvar":1.53022199356e-7,"dvar2":3.32061517838e-7,"max":0.00752740027383,"mean":0.00126618030481,"median":0.00108474784065,"min":7.21494799147e-21,"var":6.94098844178e-7},"spectral_energyband_low":{"dmean":0.00716507947072,"dmean2":0.0118137914687,"dvar":0.0000580335836275,"dvar2":0.000150663778186,"max":0.0954612419009,"mean":0.0136931836605,"median":0.0111038703471,"min":2.15295476491e-23,"var":0.000104340128019},"spectral_energyband_middle_high":{"dmean":0.00278414972126,"dmean2":0.00443383911625,"dvar":0.0000159321843967,"dvar2":0.0000388691478292,"max":0.0827952697873,"mean":0.00881259329617,"median":0.00724257854745,"min":1.18218649818e-21,"var":0.0000379226839868},"spectral_energyband_middle_low":{"dmean":0.00618756515905,"dmean2":0.0100837675855,"dvar":0.000052295927162,"dvar2":0.000135324007715,"max":0.105006963015,"mean":0.0162268932909,"median":0.0123687759042,"min":2.4248862261e-22,"var":0.00013884769578},"spectral_entropy":{"dmean":0.108878716826,"dmean2":0.163170441985,"dvar":0.0107588535175,"dvar2":0.0228472054005,"max":9.82170581818,"mean":7.71772623062,"median":7.75094795227,"min":6.28243637085,"var":0.0661286562681},"spectral_flux":{"dmean":0.0198877062649,"dmean2":0.0317334793508,"dvar":0.000323059881339,"dvar2":0.000769981183112,"max":0.294914245605,"mean":0.127639383078,"median":0.12428893894,"min":6.47769407558e-11,"var":0.000929446832743},"spectral_kurtosis":{"dmean":2.74140977859,"dmean2":4.10204935074,"dvar":13.1771621704,"dvar2":31.4483242035,"max":71.1891174316,"mean":16.2490711212,"median":14.4802818298,"min":-1.25171387196,"var":53.7411842346},"spectral_rms":{"dmean":0.000787391967606,"dmean2":0.00126035313588,"dvar":4.60770110067e-7,"dvar2":0.00000117528418286,"max":0.0114402053878,"mean":0.00658834911883,"median":0.00650191819295,"min":3.15460765149e-12,"var":0.00000155772602284},"spectral_rolloff":{"dmean":4942.91210938,"dmean2":9386.35742188,"dvar":53803504,"dvar2":130059352,"max":22006.9335938,"mean":15415.8681641,"median":20758.0078125,"min":107.666015625,"var":70805320},"spectral_skewness":{"dmean":0.246817871928,"dmean2":0.36429849267,"dvar":0.0752191990614,"dvar2":0.165531486273,"max":6.82234191895,"mean":2.6294901371,"median":2.52259993553,"min":-0.0265614949167,"var":0.406733751297},"spectral_spread":{"dmean":334113.15625,"dmean2":511304,"dvar":278015934464,"dvar2":470572269568,"max":41673492,"mean":4184475.25,"median":4154600.25,"min":1820472,"var":2826203824130},"spectral_strongpeak":{"dmean":0.905631959438,"dmean2":1.67828166485,"dvar":20.0204467773,"dvar2":56.7796478271,"max":80.4000473022,"mean":0.828825473785,"median":0.299874156713,"min":0,"var":13.0210571289},"zerocrossingrate":{"dmean":0.0302373263985,"dmean2":0.0395029038191,"dvar":0.000575643556658,"dvar2":0.000963095284533,"max":0.59033203125,"mean":0.287993371487,"median":0.2822265625,"min":0.08837890625,"var":0.00389643898234}},"metadata":{"audio_properties":{"analysis_sample_rate":44100,"bit_rate":128000,"codec":"mp3","downmix":"mix","equal_loudness":0,"length":217.88734436,"lossless":false,"md5_encoded":"2fd5036b4c6e3624794447581313d7a4","replay_gain":-12.0543041229,"sample_rate":44100},"tags":{"acoustid_fingerprint":["AQADtJmSJIkaJVIE_cgtH_0OV0eo5sK344c_41uwLzj1wP6C7CC1LAjj6SiZI7SEVG8UnHqhpSMeoV3g6sN_NFWGaVl6uFqgHc1IdFqPa7RwGlNOTM_RjIf26GjUCf3xEh2ToXmxH40oQrOMHv6N_IOf5fg12IUnMRUeBd9x0Ui2RoqIPOiPZtpz3A_wF412hA8J9fBxKnSgvYeo4lEupA8iVYmQE00VWuimHu2OMKkGhULjZEfF6viNSIlzoUekKaIhqnmQGp-OnMMm5ujKHL-gRXqH_sgrhElTBv2hkUFDZQlOo2TQqPhDKcAUKbpQdviOv4Nuoz-2HT36SnC0HFqLnBfOJMeIuhKa58gpBXqOkB96xfiFU5EPZj-SpUf-4LlwrD2aR0EfJD-DfMePMuoNw9eL6MohtgrCS3ik4-qHU2gcpkW9HCcl_EfiXQilw4uS47Bz3MdvpDySHf-NLznOI7-EnoGW3MODS8N36Ec6hnhEfMfRPEqOPlyQG6q0I9fooWQDPwcjorou5NGgkdmHXMMn_EPNG37SFZ1HCbmQ_Ae7oUuWHBcPzkrSIYeWjhXyGU98_GBSSegTCaeMpH8S5D0ufmjhSZKP3jiPPEiOawHarETz5XhUE-HhQw-PTDmO4x-RS4cYU8jRHz3sox5HMD8c8Uj-BKmCejrO0EF1pUOz1DrOHMnzIL7R73izGI5ODu2CnNDR1Dn6UcZ1SKNy5OvxJDEXoEdTBc8UxM8NnQnCaV9w5gt4McNzfPuQxkV9HnoYIQ-uPWhi5gg38dDg0Q3y4suHq8nA03gzpOWOLy50Ds1xCnkiNNqD6RxxBj0sBT_snKiuD5dko3yIZhmu4_sw5YmE6jt-JOqdIg9RPjvscPAD5nlwR4sQ5smRTMqL8_gjo7EWo-aR-xKkLx3CEz_aiEcp5fAxPUQ-KMiPt-CNZvOEasuLk8eN6cmMvsERaDqaM0WeN7jQh3DME_gYB99Y5BQJn-hHnFD14noRSloGbwluPNXx4yru4zvyHOIoHbmKOxe8Zo2wloKjJ-iJ_PiOX0RDiUdIaRV-9HAv5CEhajtiww_64z6eTcSnFj96GtuznOiPH3eGV8d15NC4JBtSHk_gEQ_hHy-L4xd29MuIxy6-oadChGTwehI0iUWeMHDRBz1zbDvaxbikE91jNA6SKsyRH-_S4d1xHS3-F8-GB5_h_qgeqohePBnxl-hz6CN8PciLL_BRHjv6XHgIByW1CaeUI8-R3EflcId_wZRw4jqxfRL64-TwI1eNHuo2Ifyxy8IVtMoDV8SZ6XiLPTtCH1eSHXyP02j4YLt0tDuuHC8jHT1EpTEu2D36cDK0oxm-HDm67ceHvNB36A_OCa9mRLKIdz3Oo9F2Rcjy7fihJReK_BLuHM2ZIrSPD9p2NHlxJdAN7YIPXdLh7LiHCyIskehyvEffo1FD_PiWHc2k40ReCY9o5MerhTL0w9KDz3gX_PiHSz8E8-h1aCzh6Ud_tMsD0TnyY5OP_3A0_PAxfUfyIww5Eg_OBx6PcwuYnEX-C5-gpSN4mCSD_ujRPDP-oiea49rRTQvS6Mj5ww_0QNwSWjiuFlrU8Kj5QXRQMhKDNkfz40FNpO9x5mjyIMe_w19OHPrRXLHwE_4SSHmI_9ApNA_q7Qh7C80mHvdx9GjiLHhc5NGHRFZesEz