{"lowlevel":{"average_loudness":0.838157474995,"barkbands":{"dmean":[0.00422081863508,0.00618662312627,0.00187555747107,0.000859092979226,0.00206127483398,0.00255034607835,0.000838396896143,0.000621018232778,0.00107124552596,0.000917155761272,0.000493746425491,0.000454351014923,0.000485330005176,0.00032997271046,0.000390308210626,0.000306687375996,0.000259353779256,0.000293384946417,0.000267488590907,0.000209328791243,0.000143103752634,0.000056930417486,0.0000242500082095,0.00000766126049712,0.00000227019245358,0.0000153484579641,0.000364731473383],"dmean2":[0.0063553401269,0.0101868072525,0.0031921248883,0.00143163569737,0.00328246573918,0.00413668528199,0.00136503903195,0.00101711018942,0.00177482480649,0.00150185194798,0.000831450161058,0.000761158706155,0.000800618203357,0.000543081609067,0.00064722582465,0.000501306145452,0.000412243447499,0.000448647566373,0.000404043967137,0.000316180317895,0.000212027851376,0.0000846530092531,0.0000365455780411,0.0000116089313451,0.00000375003969566,0.0000226006268349,0.00052194512682],"dvar":[0.0000977482486633,0.000111189649033,0.0000112370016723,0.00000331547539645,0.000016389592929,0.000027811191103,0.00000265668086286,0.00000157682188728,0.00000458468684883,0.0000022547565095,9.42769645462e-7,4.66672901211e-7,5.35023104931e-7,2.2393793131e-7,2.40068260382e-7,1.8131028412e-7,1.87640154081e-7,4.62171698246e-7,2.96968408975e-7,2.00028495101e-7,9.0562934929e-8,1.55644723776e-8,3.05985237148e-9,2.03290495548e-10,1.34385341397e-11,8.4281498447e-10,2.49667124308e-7],"dvar2":[0.00020053346816,0.000285067158984,0.0000292324530164,0.00000839307904243,0.0000403315862059,0.0000714098860044,0.00000664821436658,0.00000394316839447,0.000012103158042,0.00000598718270339,0.00000259626949628,0.00000127907605929,0.00000137231199915,5.86416433634e-7,6.35660910575e-7,4.53230001085e-7,4.47408552873e-7,0.00000100186991858,6.66242328862e-7,4.1879692958e-7,1.97695001702e-7,3.36313661364e-8,6.92824464466e-9,4.65311511544e-10,3.32377805834e-11,1.8650399003e-9,5.0243613714e-7],"max":[0.180470451713,0.169800207019,0.0711575224996,0.0316910259426,0.112163037062,0.146117120981,0.0422553643584,0.0258360020816,0.0601216293871,0.0305164121091,0.0278020184487,0.0153616564348,0.0149066224694,0.0125578632578,0.00712212640792,0.00851922016591,0.0149027202278,0.0271026082337,0.0153543902561,0.0108963707462,0.00661219609901,0.00327507732436,0.00170374091249,0.000396861985791,0.000041946717829,0.00104138744064,0.0094362590462],"mean":[0.00557819474488,0.00896309316158,0.00209271744825,0.00104346696753,0.00323892384768,0.0036319096107,0.00130510563031,0.000981486868113,0.00175046524964,0.0014715247089,0.000792208360508,0.000752239197027,0.000807957607321,0.000586389331147,0.000740151910577,0.000559382606298,0.000458455149783,0.000523021386471,0.000480910413899,0.000389164604712,0.000246830779361,0.0000987620005617,0.0000387799773307,0.000011183832612,0.00000237749191001,0.0000252515856118,0.0011000080267],"median":[0.00157390488312,0.00434241024777,0.000937857024837,0.000386333296774,0.00139856850728,0.000959978147876,0.000558288011234,0.000353357347194,0.000746226403862,0.000703137367964,0.000393337570131,0.000477186025819,0.000481798197143,0.00039360349183,0.000564384157769,0.000398431031499,0.000300276558846,0.000294525147183,0.000275165424682,0.000201264469069,0.00011503630958,0.0000476194472867,0.0000181516661542,0.00000521136962561,9.47590024225e-7,0.0000130634598463,0.000914146425202],"min":[4.62114568833e-10,1.41617284306e-12,1.23769321615e-13,1.92699809153e-14,1.24724807305e-12,1.17343840807e-12,1.930006285e-12,1.12544587365e-12,3.45320863918e-12,1.60136433194e-12,2.39240875374e-12,4.51681704192e-12,2.82858458878e-12,4.89103766169e-12,2.07854523523e-12,6.76704222172e-12,6.74289747302e-12,7.39016486895e-12,1.08314555242e-11,1.54591079521e-11,2.83878268115e-11,2.62969767489e-11,3.60718815928e-11,7.01144906023e-11,5.61549869105e-11,1.1463775762e-10,1.65993302437e-10],"var":[0.000144922320032,0.00015932128008,0.000012487591448,0.00000465280527351,0.0000353571849701,0.0000498651243106,0.00000487555826112,0.00000325451560457,0.00000976660248853,0.00000426035603596,0.00000149089544266,7.52463790832e-7,9.57941097113e-7,4.21618949531e-7,4.49783101431e-7,3.27535190081e-7,2.99879872045e-7,9.56764552029e-7,5.40749169886e-7,4.6347429361e-7,1.90118214505e-7,3.05376524068e-8,5.49131895511e-9,3.24145349451e-10,1.52225437117e-11,1.59119273313e-9,7.64536764564e-7]},"barkbands_crest":{"dmean":2.70217967033,"dmean2":4.40864849091,"dvar":5.37035226822,"dvar2":13.760843277,"max":24.3975143433,"mean":8.87402439117,"median":8.07301139832,"min":2.10512447357,"var":15.1149244308},"barkbands_flatness_db":{"dmean":0.0212543904781,"dmean2":0.0332198031247,"dvar":0.000389848428313,"dvar2":0.000935563002713,"max":0.389664590359,"mean":0.10951282084,"median":0.103003919125,"min":0.0328046455979,"var":0.00159524206538},"barkbands_kurtosis":{"dmean":3.13003754616,"dmean2":4.97167444229,"dvar":82.7507019043,"dvar2":204.87487793,"max":293.945495605,"mean":4.45238447189,"median":2.1663954258,"min":-1.82464659214,"var":142.010269165},"barkbands_skewness":{"dmean":0.550336062908,"dmean2":0.851056575775,"dvar":0.392731577158,"dvar2":0.915296316147,"max":14.3587932587,"mean":1.6258995533,"median":1.46410918236,"min":-1.64656436443,"var":1.36280977726},"barkbands_spread":{"dmean":8.26251316071,"dmean2":12.8230047226,"dvar":59.1982383728,"dvar2":130.580978394,"max":129.609405518,"mean":35.9785346985,"median":33.2976608276,"min":0.778251349926,"var":265.730712891},"dissonance":{"dmean":0.0139980204403,"dmean2":0.0238280091435,"dvar":0.000197802582989,"dvar2":0.000553742400371,"max":0.500000059605,"mean":0.476932793856,"median":0.48212146759,"min":0.26837387681,"var":0.000408680614782},"dynamic_complexity":2.79998731613,"erbbands":{"dmean":[0.334674090147,0.94674038887,2.14694809914,2.40352272987,3.8212916851,7.56332683563,17.1488761902,21.4159660339,11.0810127258,14.5758724213,14.0952768326,27.214138031,20.734172821,28.7880802155,19.3742542267,18.0382957458,21.0840702057,17.4896430969,16.6640796661,20.6914730072,14.4879188538,13.3901786804,14.5171461105,14.9644556046,12.6518659592,9.82697296143,8.01401615143,3.74129414558,2.1362221241,1.35460782051,0.588197469711,0.246468901634,0.088522426784,0.0275832787156,0.01623349078,0.0169947892427,0.0310384258628,0.0418575517833,0.0310806427151,0.00852837227285],"dmean2":[0.544866502285,1.58918619156,3.65962004662,3.97790980339,6.23700475693,12.1430845261,27.3737316132,35.0790863037,18.1580867767,23.8360614777,23.0619621277,45.0545082092,34.3005828857,47.1875572205,32.3834457397,30.1078624725,34.7988243103,28.3456935883,27.4623298645,34.0898857117,23.2035160065,20.8915557861,22.1150798798,22.7284832001,19.0592918396,14.7358427048,12.0043478012,5.57664299011,3.17901873589,2.02829647064,0.876898765564,0.370666474104,0.136478379369,0.0449454784393,0.0266888123006,0.0262310188264,0.0453596189618,0.0596772246063,0.0431440956891,0.0122891282663],"dvar":[0.465711355209,1.89033460617,13.5317401886,21.3899593353,49.9100036621,304.293151855,1268.16918945,2811.19042969,500.339324951,880.706665039,855.047790527,3334.25048828,1514.6171875,2130.18066406,1483.17041016,733.976867676,974.684265137,750.621154785,412.779815674,766.880615234,354.504089355,522.799133301,1145.77246094,848.598266602,806.847595215,463.815917969,297.800079346,63.7333259583,22.3866405487,8.56552696228,1.87696564198,0.259973227978,0.0234219562262,0.00177829840686,0.000670562672894,0.000666596519295,0.00350542203523,0.00531527167186,0.00226681656204,0.000129271502374],"dvar2":[1.18272352219,5.01950931549,35.3902206421,54.7215423584,121.707672119,744.654541016,3113.58203125,7245.95800781,1335.35388184,2088.50683594,2219.31958008,8704.48144531,4060.53808594,5589.15136719,4114.34082031,2010.67333984,2486.16308594,1932.02905273,1075.52612305,1986.91479492,862.46484375,1200.05615234,2459.19262695,1788.76879883,1791.72595215,984.362548828,666.385375977,133.132080078,48.4021606445,19.1209545135,4.27910137177,0.601599931717,0.0544174425304,0.00437843194231,0.00165553181432,0.00152987521142,0.0078996559605,0.0112086432055,0.00447704037651,0.000265424110694],"max":[11.7790269852,20.6773033142,69.6108398438,71.9361495972,219.703384399,510.674957275,934.884155273,1630.66088867,436.912384033,838.113037109,694.833740234,1591.21264648,885.59161377,843.141418457,1048.17993164,453.695770264,731.663574219,731.762695312,346.067352295,511.967193604,330.466827393,790.090820312,1480.70166016,874.169799805,700.195068359,517.048217773,391.543395996,181.337478638,135.462631226,74.4842987061,40.9854240417,15.1337060928,3.64426708221,0.484329223633,0.299944490194,0.59090256691,1.30186784267,1.93937373161,0.774661958218,0.22917728126],"mean":[0.45256921649,1.30672109127,2.49860048294,3.15878748894,5.56433391571,11.3951101303,24.1940002441,30.1836967468,17.5205535889,23.3625164032,24.0133361816,44.259853363,34.5112991333,48.2197875977,34.6157836914,31.7687587738,36.8531036377,32.8962783813,33.5505409241,39.7280731201,28.9006786346,24.9237995148,26.6998252869,27.842206955,23.0440101624,18.2930908203,13.4513702393,6.9471616745,3.74994325638,2.22798061371,0.924864470959,0.364656925201,0.126470074058,0.0325259789824,0.0177715569735,0.0249477569014,0.0513313747942,0.0811043530703,0.073735229671,0.0300952028483],"median":[0.164068043232,0.72963654995,1.27775144577,1.42705583572,2.53621172905,4.51468276978,7.3121175766,7.54696178436,7.06078767776,9.85539340973,9.82004737854,18.5162353516,17.1809482574,24.7101020813,19.2947921753,20.9475898743,23.3687019348,21.1023025513,26.3321456909,29.6143951416,21.6419639587,16.2011299133,15.7856845856,16.1479682922,12.7155017853,9.63271999359,6.19460964203,3.35914611816,1.81141066551,1.05213713646,0.423442751169,0.165242761374,0.0594128221273,0.0157338008285,0.00777085032314,0.0130869708955,0.0262609273195,0.0457972809672,0.0499523729086,0.0258806478232],"min":[1.04330521999e-9,1.1662834587e-10,1.28726460047e-10,1.54951579345e-10,1.52054224767e-9,4.21992174537e-9,6.79681333438e-9,9.07187658328e-9,2.64428621222e-8,2.5987839436e-8,3.49255735443e-8,7.86556455523e-8,6.15391613223e-8,7.49667208311e-8,8.64915818966e-8,1.7356819626e-7,1.57117327149e-7,2.50848017913e-7,1.49186789145e-7,2.08727442441e-7,3.00176935752e-7,3.80687822599e-7,4.35449720726e-7,4.42340819973e-7,6.83538701196e-7,7.4900628988e-7,9.47745434132e-7,8.70777682849e-7,8.47342562338e-7,0.00000111392364488,0.00000110946700715,9.20750494515e-7,0.00000126136967538,6.64900653646e-7,4.34722409182e-7,4.56324613651e-7,2.24623804002e-7,6.69801636377e-8,1.88529636347e-8,2.25477458926e-9],"var":[0.602785825729,2.60355901718,14.5804519653,30.1651592255,98.8770065308,614.569824219,2242.23095703,4992.61376953,856.605285645,1807.57702637,1612.23583984,7023.60839844,2652.8581543,4165.55175781,2428.39916992,1217.7923584,1776.04003906,1499.15454102,845.421630859,1432.7286377,687.133789062,915.537475586,2425.96142578,1775.69836426,1463.57592773,1047.18920898,593.348266602,144.488723755,45.0579872131,15.7722196579,3.26288342476,0.404464691877,0.0365919061005,0.00219708681107,0.000776487984695,0.00107914744876,0.00619436334819,0.0118313729763,0.00585862016305,0.000466598256025]},"erbbands_crest":{"dmean":2.42806172371,"dmean2":4.0358300209,"dvar":5.07459545135,"dvar2":12.8900756836,"max":27.3182163239,"mean":7.67278862,"median":6.77582550049,"min":2.38695263863,"var":11.4156694412},"erbbands_flatness_db":{"dmean":0.0167989507318,"dmean2":0.0257546678185,"dvar":0.000194295906113,"dvar2":0.00043988446123,"max":0.303511112928,"mean":0.140018522739,"median":0.13774856925,"min":0.0275813117623,"var":0.00076986203203},"erbbands_kurtosis":{"dmean":0.735120594501,"dmean2":1.17786800861,"dvar":0.870543539524,"dvar2":2.03335309029,"max":22.3284320831,"mean":0.163785740733,"median":-0.136399462819,"min":-1.75832045078,"var":1.81084465981},"erbbands_skewness":{"dmean":0.333752095699,"dmean2":0.516207575798,"dvar":0.086344063282,"dvar2":0.191549450159,"max":3.36468291283,"mean":-0.0271165091544,"median":0.00252196844667,"min":-3.67729091644,"var":0.444684147835},"erbbands_spread":{"dmean":6.21035671234,"dmean2":9.82897377014,"dvar":34.3722305298,"dvar2":84.9383163452,"max":159.473724365,"mean":31.1688079834,"median":29.7085914612,"min":6.56706905365,"var":137.5859375},"gfcc":{"cov":[[6640.85400391,-263.700286865,-460.807952881,139.323699951,-151.671615601,-180.656417847,306.576843262,-51.636100769,279.427062988,198.338760376,134.850906372,157.702377319,-86.8315200806],[-263.700286865,597.714355469,59.6108551025,-183.997085571,66.6567230225,17.0964488983,-35.4792747498,24.6062793732,18.7148189545,12.0121021271,46.4463653564,-33.8608894348,76.1535339355],[-460.807952881,59.6108551025,282.899536133,77.5551452637,-21.2397480011,110.639640808,-80.7349319458,60.5144119263,-35.2223320007,22.752954483,-3.6465549469,-1.96728670597,21.8776512146],[139.323699951,-183.997085571,77.5551452637,290.078033447,72.7961807251,-6.21417284012,43.1640510559,-38.1535148621,-25.5106430054,-10.040558815,-23.3135547638,11.7803039551,-54.139377594],[-151.671615601,66.6567230225,-21.2397480011,72.7961807251,179.961791992,47.821269989,41.6761741638,-3.11977434158,-5.42962932587,-37.2144470215,-5.42082548141,-4.28544330597,6.17595052719],[-180.656417847,17.0964488983,110.639640808,-6.21417284012,47.821269989,211.978973389,-6.08558225632,81.2407073975,-16.1418685913,11.7196931839,4.75525140762,15.8325872421,32.6263694763],[306.576843262,-35.4792747498,-80.7349319458,43.1640510559,41.6761741638,-6.08558225632,157.505493164,4.28052186966,60.0188751221,-6.75000047684,-5.08061218262,19.9529666901,-25.2891426086],[-51.636100769,24.6062793732,60.5144119263,-38.1535148621,-3.11977434158,81.2407073975,4.28052186966,159.190048218,57.1788482666,38.7414550781,14.5827999115,-5.33039474487,22.3320159912],[279.427062988,18.7148189545,-35.2223320007,-25.5106430054,-5.42962932587,-16.1418685913,60.0188751221,57.1788482666,141.622283936,63.2413253784,30.4977970123,22.4644393921,-18.1002693176],[198.338760376,12.0121021271,22.752954483,-10.040558815,-37.2144470215,11.7196931839,-6.75000047684,38.7414550781,63.2413253784,109.921943665,60.1902275085,16.127161026,11.204659462],[134.850906372,46.4463653564,-3.6465549469,-23.3135547638,-5.42082548141,4.75525140762,-5.08061218262,14.5827999115,30.4977970123,60.1902275085,74.5559997559,35.6548843384,21.7208499908],[157.702377319,-33.8608894348,-1.96728670597,11.7803039551,-4.28544330597,15.8325872421,19.9529666901,-5.33039474487,22.4644393921,16.127161026,35.6548843384,72.4339675903,25.1803798676],[-86.8315200806,76.1535339355,21.8776512146,-54.139377594,6.17595052719,32.6263694763,-25.2891426086,22.3320159912,-18.1002693176,11.204659462,21.7208499908,25.1803798676,92.7158126831]],"icov":[[0.00024411828781,-0.00029352112324,0.000896843383089,-0.000805949326605,0.000815148465335,-0.000413271365687,0.0000343962165061,-0.0000460851333628,-0.000300444284221,-0.0000927166838665,-0.0000412451736338,-0.000226633361308,-0.0000771497943788],[-0.00029352112324,0.00504241185263,-0.00571542605758,0.00585341174155,-0.00506837805733,0.00266692228615,-0.00205483124591,0.00212844042107,-0.000921975763049,0.00133337802254,-0.00450376141816,0.00457929074764,-0.00185364542995],[0.000896843383089,-0.00571542605758,0.0163418892771,-0.0129655227065,0.0109347812831,-0.00863802712411,0.00673434883356,-0.00315700331703,-0.00233085034415,0.000881274172571,0.00272413226776,-0.00185444531962,-0.00168017251417],[-0.000805949326605,0.00585341174155,-0.0129655227065,0.0182151701301,-0.014554916881,0.00924997590482,-0.00611257506534,0.000866754795425,0.00820545013994,-0.00875499565154,0.00490010296926,-0.00538080558181,0.00694494741037],[0.000815148465335,-0.00506837805733,0.0109347812831,-0.014554916881,0.0199562627822,-0.0106338690966,0.00262791663408,0.00123839045409,-0.0086185624823,0.0121747143567,-0.00835643708706,0.00777231203392,-0.00662865350023],[-0.000413271365687,0.00266692228615,-0.00863802712411,0.00924997590482,-0.0106338690966,0.0141163496301,-0.00399655569345,-0.00502903573215,0.00915810838342,-0.00846752058715,0.00632951734588,-0.00812785793096,0.00425984663889],[0.0000343962165061,-0.00205483124591,0.00673434883356,-0.00611257506534,0.00262791663408,-0.00399655569345,0.0130883799866,-0.000752129999455,-0.006489824038,0.00359130394645,0.001945824828,-0.00223256996833,-0.00000641306178295],[-0.0000460851333628,0.00212844042107,-0.00315700331703,0.000866754795425,0.00123839045409,-0.00502903573215,-0.000752129999455,0.0142547627911,-0.0101503962651,0.00514359027147,-0.00690964004025,0.0109429061413,-0.00644813710824],[-0.000300444284221,-0.000921975763049,-0.00233085034415,0.00820545013994,-0.0086185624823,0.00915810838342,-0.006489824038,-0.0101503962651,0.0270829424262,-0.0212003905326,0.0148011082783,-0.0181869268417,0.0131644932553],[-0.0000927166838665,0.00133337802254,0.000881274172571,-0.00875499565154,0.0121747143567,-0.00846752058715,0.00359130394645,0.00514359027147,-0.0212003905326,0.0401798635721,-0.0338392779231,0.0226229093969,-0.0118038570508],[-0.0000412451736338,-0.00450376141816,0.00272413226776,0.00490010296926,-0.00835643708706,0.00632951734588,0.001945824828,-0.00690964004025,0.0148011082783,-0.0338392779231,0.0520109944046,-0.0317311137915,0.00981538277119],[-0.000226633361308,0.00457929074764,-0.00185444531962,-0.00538080558181,0.00777231203392,-0.00812785793096,-0.00223256996833,0.0109429061413,-0.0181869268417,0.0226229093969,-0.0317311137915,0.0434852205217,-0.018240949139],[-0.0000771497943788,-0.00185364542995,-0.00168017251417,0.00694494741037,-0.00662865350023,0.00425984663889,-0.00000641306178295,-0.00644813710824,0.0131644932553,-0.0118038570508,0.00981538277119,-0.018240949139,0.0238326471299]],"mean":[25.0042419434,83.5725708008,-107.022148132,1.38840651512,-9.0115070343,-25.1957969666,6.67707920074,-19.1024551392,0.659390807152,-9.19008159637,-4.23783016205,-0.550534307957,-4.45239782333]},"hfc":{"dmean":42.0374031067,"dmean2":64.9809494019,"dvar":2737.74291992,"dvar2":6879.80957031,"max":1338.61157227,"mean":152.170074463,"median":126.795837402,"min":0.0000104645359897,"var":11963.8417969},"melbands":{"dmean":[0.00239764433354,0.00110217533074,0.000421223405283,0.000396854768042,0.000541093701031,0.000466235011118,0.000166340716532,0.000150714622578,0.000129663574626,0.000166290526977,0.000105874220026,0.000124263358884,0.0000682005120325,0.0000530213619641,0.000045633118134,0.0000478916626889,0.0000330500042764,0.0000275137663266,0.0000298014601867,0.0000268142885034,0.0000171125793713,0.0000160481977218,0.0000124284470076,0.000015509151126,0.0000127387793327,0.00000967547020991,0.00000938957964536,0.00000649421735943,0.00000538616768608,0.00000367825532521,0.00000191169647223,0.0000012903468587,0.0000010767553249,6.77322532283e-7,3.76304200245e-7,2.19479616703e-7,1.28316784753e-7,6.95336694889e-8,3.45053798867e-8,2.06836094918e-8],"dmean2":[0.0038481533993,0.00186042406131,0.000694082002155,0.000638781872112,0.000861155102029,0.000761979143135,0.00027143911575,0.000245701958193,0.000213776234887,0.000275862810668,0.000175426030182,0.00020424304239,0.000114787719212,0.0000893712131074,0.0000754279099056,0.0000786902528489,0.0000541949084436,0.0000456045163446,0.0000492440194648,0.0000441276242782,0.0000276415321423,0.0000256311086559,0.0000193600608327,0.0000240830959228,0.0000197500085051,0.0000148385133798,0.000014606136574,0.00000997672123049,0.00000824739890959,0.00000549810920347,0.00000294107007903,0.0000019665731088,0.00000164552932347,0.00000103860884337,5.73106319735e-7,3.33962788091e-7,1.95649761281e-7,1.08213242811e-7,5.51392567161e-8,3.42265131792e-8],"dvar":[0.0000212890336115,0.00000279446749119,5.51235814328e-7,7.68673601215e-7,0.00000113475869057,0.00000115921045563,1.05986700305e-7,8.84923281319e-8,6.84873810997e-8,1.17337314975e-7,3.96752426468e-8,4.10160225783e-8,1.89830817732e-8,6.89460888381e-9,4.34871649801e-9,5.9024767296e-9,2.62107735516e-9,1.15557841074e-9,1.54258494867e-9,1.47891221491e-9,5.04614960928e-10,7.95404631049e-10,6.81987355478e-10,1.31240684986e-9,6.16022288735e-10,4.25938700976e-10,3.91573440339e-10,2.32345087614e-10,1.51477178023e-10,6.32853214277e-11,1.75684727183e-11,8.64381483057e-12,5.84094318051e-12,2.22469959121e-12,8.08045633443e-13,2.88808554979e-13,6.39390070837e-14,1.59241431754e-14,2.77333473535e-15,1.14029280013e-15],"dvar2":[0.000051706621889,0.00000734660397939,0.00000140509132507,0.00000186359181953,0.00000279679352388,0.00000299299927065,2.78695864608e-7,2.10196077433e-7,1.78515776383e-7,3.1179709481e-7,1.06316306869e-7,1.07922964787e-7,5.25275716257e-8,1.89082864921e-8,1.16429994534e-8,1.50882204508e-8,6.75829303631e-9,3.04069813772e-9,4.10900513614e-9,3.76089159815e-9,1.2523789783e-9,1.88224524855e-9,1.49341616851e-9,2.94173552184e-9,1.35187827599e-9,9.56697276955e-10,8.85159168185e-10,5.1319515304e-10,3.49237055941e-10,1.39808456479e-10,3.94632798661e-11,1.94800200276e-11,1.31158946551e-11,5.1238548994e-12,1.87368892103e-12,6.95213472294e-13,1.50940308971e-13,3.78261773304e-14,6.61316103129e-15,2.82465095591e-15],"max":[0.0789922773838,0.0282368715852,0.0110620092601,0.0284842923284,0.0254132580012,0.032850638032,0.00687007512897,0.00752061465755,0.00559406680986,0.00857893843204,0.0044926176779,0.00359252025373,0.00437332410365,0.00185241969302,0.00136317184661,0.0012177717872,0.00154631212354,0.000593772274442,0.000668524880894,0.000788096454926,0.000388333428418,0.000728211889509,0.00095659942599,0.0016623956617,0.000753816857468,0.000514360028319,0.000525345210917,0.000336808298016,0.000303597160382,0.000201082526473,0.000115896888019,0.0000861898879521,0.0000597035177634,0.0000455150257039,0.0000302728476527,0.0000181856576091,0.0000085644196588,0.00000299716157315,8.05760180356e-7,3.88021561548e-7],"mean":[0.00355449435301,0.00144109246321,0.000593886070419,0.000609389913734,0.000792616978288,0.000668910855893,0.000264808360953,0.000243748698267,0.000213716630242,0.000267527560936,0.000167838952621,0.000200335969566,0.000114720889542,0.0000886357884156,0.0000783929062891,0.0000797699467512,0.000058175130107,0.0000510536629008,0.0000556996237719,0.0000473764266644,0.0000314560566039,0.0000271613735094,0.0000216803964577,0.0000261374625552,0.0000223370116146,0.0000167304897332,0.0000158611655934,0.0000112570096462,0.00000870740495884,0.0000061307928263,0.00000331208411808,0.00000216192484004,0.00000167801863427,0.00000106481468265,5.66400501611e-7,3.1730942851e-7,1.81333831506e-7,9.65702895428e-8,4.41349641278e-8,2.13085105116e-8],"median":[0.00157572538592,0.000875136174727,0.000292661046842,0.000256067025475,0.000270230928436,0.000177057750989,0.000109654443804,0.000101187310065,0.0000862761953613,0.000110246284748,0.0000790731137386,0.0000974364156718,0.0000595935634919,0.0000557512394153,0.0000528010423295,0.0000451337036793,0.0000365915875591,0.0000388472690247,0.0000413079906139,0.0000334185097017,0.0000229234374274,0.0000170766670635,0.0000129083655338,0.0000142095077535,0.0000127294233607,0.00000922006074688,0.00000794201514509,0.00000558387046112,0.00000392016318074,0.00000277070012089,0.00000156171540766,0.00000102595777207,7.5072546224e-7,4.82447262584e-7,2.50218079145e-7,1.34739792657e-7,8.23098815772e-8,4.3458147303e-8,2.10596944328e-8,8.24068191463e-9],"min":[1.61803140331e-11,4.7984853531e-14,4.0186617597e-14,1.47823864694e-13,2.18093528263e-13,2.08832164885e-13,4.35889470135e-13,2.92567429701e-13,3.29159903544e-13,4.88879553159e-13,3.02535421845e-13,2.90209317081e-13,2.70039904066e-13,3.93537849877e-13,3.66533382421e-13,3.21054841783e-13,3.71432783619e-13,2.4445983432e-13,1.74314515188e-13,4.01048552007e-13,2.70668849747e-13,3.64171095623e-13,3.67777070734e-13,3.58255309099e-13,3.39713283545e-13,4.53481626165e-13,4.54025516185e-13,4.94307340285e-13,5.08685650026e-13,6.63726072801e-13,4.4610024225e-13,4.0888554478e-13,6.23104812105e-13,5.99125837917e-13,5.87323917799e-13,7.08001474288e-13,3.52978117655e-13,6.05087052512e-13,1.1680709568e-12,2.91089797665e-13],"var":[0.000030767347198,0.0000032536438539,8.42289750835e-7,0.00000169200711753,0.00000209953986996,0.00000209011591323,1.88068455031e-7,1.92139850697e-7,1.32412935727e-7,2.42656341243e-7,6.82649599071e-8,7.73747999006e-8,2.99875182463e-8,1.10064828363e-8,7.34195282348e-9,1.06177537873e-8,4.93601737261e-9,2.16811102405e-9,2.83170886739e-9,2.53786591742e-9,8.83967399279e-10,1.20117671365e-9,1.34231992188e-9,2.57798582481e-9,1.17141307765e-9,7.56823936854e-10,7.24807269759e-10,4.7345066756e-10,2.8152943865e-10,1.23521512463e-10,3.52241083523e-11,1.63403596209e-11,9.61329973959e-12,3.93056160536e-12,1.36910827727e-12,3.99113251129e-13,9.38870088987e-14,2.32773090354e-14,3.9725993457e-15,1.2755199161e-15]},"melbands_crest":{"dmean":4.57276582718,"dmean2":7.46874952316,"dvar":15.2844333649,"dvar2":38.6030807495,"max":38.3855133057,"mean":15.5743913651,"median":14.3594856262,"min":2.98369884491,"var":43.9794960022},"melbands_flatness_db":{"dmean":0.0292359460145,"dmean2":0.0453698225319,"dvar":0.00066064071143,"dvar2":0.0015629226109,"max":0.531197726727,"mean":0.20328527689,"median":0.200244531035,"min":0.0295968689024,"var":0.00308324536309},"melbands_kurtosis":{"dmean":5.71528100967,"dmean2":9.29788589478,"dvar":363.565856934,"dvar2":953.218994141,"max":808.690490723,"mean":8.42399215698,"median":3.82439279556,"min":-1.78339874744,"var":558.983459473},"melbands_skewness":{"dmean":0.734798431396,"dmean2":1.16177093983,"dvar":0.70238173008,"dvar2":1.72625541687,"max":24.5194072723,"mean":2.16183304787,"median":1.88482379913,"min":-1.19242858887,"var":2.25091958046},"melbands_spread":{"dmean":8.47249412537,"dmean2":13.1637611389,"dvar":94.730758667,"dvar2":193.474578857,"max":218.767807007,"mean":27.824968338,"median":23.7917289734,"min":0.448575228453,"var":335.584106445},"mfcc":{"cov":[[5448.10107422,-98.4920806885,-357.327453613,302.579437256,-407.570526123,120.078445435,-153.424804688,49.1802406311,-128.877655029,198.747802734,135.569168091,137.600799561,-56.3258781433],[-98.4920806885,705.184143066,-26.8412303925,-167.726760864,59.5487480164,-70.494758606,6.50990200043,-53.0207481384,41.0217437744,-1.52594411373,24.4272651672,2.01128649712,45.1002120972],[-357.327453613,-26.8412303925,329.993682861,-55.677696228,74.8932571411,-12.0702238083,18.2985248566,-19.7563705444,16.3559627533,-5.70665550232,-0.440461575985,2.07370138168,13.7442321777],[302.579437256,-167.726760864,-55.677696228,313.385498047,-28.892621994,66.3347244263,-9.9536819458,16.0055828094,-43.1652870178,8.05911827087,-1.71229207516,2.64586234093,-32.5894355774],[-407.570526123,59.5487480164,74.8932571411,-28.892621994,196.460617065,16.9042549133,63.1770515442,8.3130607605,32.6393966675,-26.649930954,-0.656575024128,-9.38752746582,16.4220943451],[120.078445435,-70.494758606,-12.0702238083,66.3347244263,16.9042549133,142.382568359,39.4969482422,39.3654060364,-16.7157649994,-0.5051445961,-18.5506877899,0.77406680584,-9.84274959564],[-153.424804688,6.50990200043,18.2985248566,-9.9536819458,63.1770515442,39.4969482422,111.599182129,28.7464199066,25.580286026,-19.1490974426,-15.1760501862,-19.348941803,4.47012329102],[49.1802406311,-53.0207481384,-19.7563705444,16.0055828094,8.3130607605,39.3654060364,28.7464199066,125.869377136,42.2819633484,16.7692546844,4.71309709549,6.76450014114,-11.7835588455],[-128.877655029,41.0217437744,16.3559627533,-43.1652870178,32.6393966675,-16.7157649994,25.580286026,42.2819633484,102.033409119,22.976650238,21.4965839386,10.55082798,13.3445663452],[198.747802734,-1.52594411373,-5.70665550232,8.05911827087,-26.649930954,-0.5051445961,-19.1490974426,16.7692546844,22.976650238,82.7922515869,43.0835037231,34.7828445435,7.78097772598],[135.569168091,24.4272651672,-0.440461575985,-1.71229207516,-0.656575024128,-18.5506877899,-15.1760501862,4.71309709549,21.4965839386,43.0835037231,98.3705673218,43.5532989502,15.7113609314],[137.600799561,2.01128649712,2.07370138168,2.64586234093,-9.38752746582,0.77406680584,-19.348941803,6.76450014114,10.55082798,34.7828445435,43.5532989502,74.5956497192,22.1737346649],[-56.3258781433,45.1002120972,13.7442321777,-32.5894355774,16.4220943451,-9.84274959564,4.47012329102,-11.7835588455,13.3445663452,7.78097772598,15.7113609314,22.1737346649,60.5675888062]],"icov":[[0.00026548554888,-0.0000651179507258,0.000133673122036,-0.000117416675494,0.000400777178584,-0.000198585679755,-0.00000635336846244,-0.0000704188059899,0.000289351155516,-0.000367980566807,-0.000212668383028,-0.000225696276175,0.00016901732306],[-0.0000651179507258,0.00185508804861,0.000485301861772,0.000824240909424,-0.000680101744365,0.000348109839251,-0.00000155715417804,0.000827572308481,-0.000515555497259,-0.000035771241528,-0.000223945869948,0.000270057789749,-0.000629032438155],[0.000133673122036,0.000485301861772,0.00366413663141,0.000600371684413,-0.00128616474103,0.0000899706064956,-0.0000388506086892,0.00085923523875,-0.000140162417665,-0.000573216821067,0.000159219111083,-0.000443455646746,0.0000134522924782],[-0.000117416675494,0.000824240909424,0.000600371684413,0.00441131275147,-0.000405354105169,-0.00144428142812,0.000365107291145,0.000169155668118,0.00102110556327,-0.000325363391312,-0.000459534232505,-0.000062479331973,0.00135446200147],[0.000400777178584,-0.000680101744365,-0.00128616474103,-0.000405354105169,0.00818700715899,-0.00114699720871,-0.00299708195962,0.0000542303423572,-0.00132234639022,0.00217899680138,-0.00150722498074,-0.000130637999973,-0.000771343358792],[-0.000198585679755,0.000348109839251,0.0000899706064956,-0.00144428142812,-0.00114699720871,0.0107390675694,-0.00381076196209,-0.00288746296428,0.00324383354746,-0.00136893370654,0.00242220982909,-0.0018215503078,0.0000339497164532],[-0.00000635336846244,-0.00000155715417804,-0.0000388506086892,0.000365107291145,-0.00299708195962,-0.00381076196209,0.0141591122374,-0.00151210068725,-0.00303919892758,0.00212330091745,0.0000397757466999,0.0034277420491,-0.00181369739585],[-0.0000704188059899,0.000827572308481,0.00085923523875,0.000169155668118,0.0000542303423572,-0.00288746296428,-0.00151210068725,0.0120369037613,-0.00569636328146,-0.000887008965947,0.000218412620598,-0.00114396284334,0.00291493232362],[0.000289351155516,-0.000515555497259,-0.000140162417665,0.00102110556327,-0.00132234639022,0.00324383354746,-0.00303919892758,-0.00569636328146,0.0163682531565,-0.00451941648498,-0.0011574444361,-0.000127068924485,-0.00144301168621],[-0.000367980566807,-0.000035771241528,-0.000573216821067,-0.000325363391312,0.00217899680138,-0.00136893370654,0.00212330091745,-0.000887008965947,-0.00451941648498,0.0200198944658,-0.00540639087558,-0.00383078400046,-0.000274403835647],[-0.000212668383028,-0.000223945869948,0.000159219111083,-0.000459534232505,-0.00150722498074,0.00242220982909,0.0000397757466999,0.000218412620598,-0.0011574444361,-0.00540639087558,0.0166012085974,-0.00671155937016,-0.00037229177542],[-0.000225696276175,0.000270057789749,-0.000443455646746,-0.000062479331973,-0.000130637999973,-0.0018215503078,0.0034277420491,-0.00114396284334,-0.000127068924485,-0.00383078400046,-0.00671155937016,0.0226624626666,-0.00711569190025],[0.00016901732306,-0.000629032438155,0.0000134522924782,0.00135446200147,-0.000771343358792,0.0000339497164532,-0.00181369739585,0.00291493232362,-0.00144301168621,-0.000274403835647,-0.00037229177542,-0.00711569190025,0.0218322202563]],"mean":[-635.416320801,147.893630981,-35.6919250488,38.9082679749,-6.24275970459,15.6602039337,-0.397895306349,8.60712242126,-0.277273118496,6.86147975922,-3.12188649178,1.06153559685,0.380006611347]},"pitch_salience":{"dmean":0.0745437070727,"dmean2":0.121076948941,"dvar":0.00424810824916,"dvar2":0.0107626831159,"max":0.829274773598,"mean":0.565509021282,"median":0.581537723541,"min":0.0917800664902,"var":0.0124322185293},"silence_rate_20dB":{"dmean":0,"dmean2":0,"dvar":0,"dvar2":0,"max":1,"mean":1,"median":1,"min":1,"var":0},"silence_rate_30dB":{"dmean":0.043481554836,"dmean2":0.0869696959853,"dvar":0.0415909104049,"dvar2":0.0978908166289,"max":1,"mean":0.962657153606,"median":1,"min":0,"var":0.0359483398497},"silence_rate_60dB":{"dmean":0.0033330807928,"dmean2":0.0066666668281,"dvar":0.00332197151147,"dvar2":0.00768282823265,"max":1,"mean":0.0328738056123,"median":0,"min":0,"var":0.0317931212485},"spectral_centroid":{"dmean":285.499603271,"dmean2":419.775665283,"dvar":84796.3125,"dvar2":160038.109375,"max":11618.7832031,"mean":1524.50378418,"median":1398.26086426,"min":224.01739502,"var":424675.96875},"spectral_complexity":{"dmean":4.67434263229,"dmean2":6.81181812286,"dvar":19.597076416,"dvar2":36.0423164368,"max":62,"mean":28.0717315674,"median":29,"min":0,"var":130.725875854},"spectral_contrast_coeffs":{"dmean":[0.0546051636338,0.0518709123135,0.0393075235188,0.0271647702903,0.0211546272039,0.0375359430909],"dmean2":[0.0902272090316,0.086031742394,0.0662807002664,0.045715238899,0.034778021276,0.0576177872717],"dvar":[0.00184700987302,0.00162551773246,0.000961986253969,0.000433580134995,0.000299958919641,0.000956996926107],"dvar2":[0.00499218842015,0.00449291616678,0.00271253637038,0.0012260315707,0.000770924438257,0.00219997949898],"max":[-0.342590302229,-0.432485729456,-0.551630079746,-0.651491641998,-0.662630558014,-0.460350722075],"mean":[-0.694169104099,-0.756448209286,-0.789550542831,-0.808141708374,-0.79901355505,-0.696886658669],"median":[-0.703354001045,-0.765171527863,-0.793386459351,-0.809797644615,-0.800286054611,-0.692898511887],"min":[-0.965261280537,-0.9690579772,-0.975546360016,-0.963166415691,-0.958855926991,-0.959734022617],"var":[0.00689326971769,0.00495189428329,0.0024218542967,0.00100132368971,0.000861279724631,0.00435116002336]},"spectral_contrast_valleys":{"dmean":[0.391425043344,0.349253892899,0.295218139887,0.255869716406,0.255273669958,0.486265718937],"dmean2":[0.645711362362,0.569541752338,0.476275414228,0.399176329374,0.355970352888,0.746260523796],"dvar":[0.111264005303,0.0859887599945,0.0683938860893,0.0596840381622,0.0724759623408,0.16297608614],"dvar2":[0.275031656027,0.209825977683,0.157995164394,0.124143145978,0.124953299761,0.389352113008],"max":[-5.05429458618,-4.6082034111,-4.97724676132,-5.53577280045,-5.23380756378,-9.14617729187],"mean":[-6.90445041656,-6.45912122726,-6.70237112045,-6.94743776321,-7.08173084259,-11.0148687363],"median":[-6.75230407715,-6.35847759247,-6.56977272034,-6.76988124847,-6.90481424332,-10.9179983139],"min":[-27.0961437225,-27.3462104797,-27.1513233185,-27.4697990417,-27.3066596985,-27.3399143219],"var":[0.777721822262,0.828209340572,0.807265102863,0.82279998064,0.9309065938,0.706613957882]},"spectral_decrease":{"dmean":3.48245166037e-9,"dmean2":5.33343413878e-9,"dvar":2.36073376356e-17,"dvar2":5.29122754781e-17,"max":2.16351514482e-9,"mean":-7.67310659455e-9,"median":-6.03642780206e-9,"min":-7.37940695217e-8,"var":5.05898997339e-17},"spectral_energy":{"dmean":0.0139397000894,"dmean2":0.0209838077426,"dvar":0.000344783038599,"dvar2":0.000757817819249,"max":0.308087080717,"mean":0.0427623614669,"median":0.0369628556073,"min":1.41577038981e-9,"var":0.000990539439954},"spectral_energyband_high":{"dmean":0.0005452168989,"dmean2":0.000749842729419,"dvar":7.20097318663e-7,"dvar2":0.0000013775647858,"max":0.0138683654368,"mean":0.00136089150328,"median":0.000938249286264,"min":5.12872966318e-10,"var":0.00000209806466955},"spectral_energyband_low":{"dmean":0.00982797145844,"dmean2":0.0156051712111,"dvar":0.000267714931397,"dvar2":0.00062580301892,"max":0.271909028292,"mean":0.0158058255911,"median":0.00901167746633,"min":8.25194079734e-11,"var":0.000426003301982},"spectral_energyband_middle_high":{"dmean":0.00231769960374,"dmean2":0.00349478493445,"dvar":0.00000707010212864,"dvar2":0.0000158727998496,"max":0.0454297028482,"mean":0.0072187082842,"median":0.00631553679705,"min":8.2281702285e-11,"var":0.0000274629255728},"spectral_energyband_middle_low":{"dmean":0.00534978276119,"dmean2":0.00844394601882,"dvar":0.0000497993896715,"dvar2":0.000125551960082,"max":0.151437953115,"mean":0.0122917657718,"median":0.00902623403817,"min":1.07751654821e-11,"var":0.000140487216413},"spectral_entropy":{"dmean":0.122411780059,"dmean2":0.185382649302,"dvar":0.0126329520717,"dvar2":0.0282684788108,"max":9.79926967621,"mean":7.66582727432,"median":7.7027888298,"min":6.06665229797,"var":0.0613650605083},"spectral_flux":{"dmean":0.0249747261405,"dmean2":0.0401005484164,"dvar":0.000738065515179,"dvar2":0.00186135945842,"max":0.400511533022,"mean":0.113265581429,"median":0.111217342317,"min":0.000020284576749,"var":0.00241445866413},"spectral_kurtosis":{"dmean":2.7151196003,"dmean2":4.13735628128,"dvar":7.2003660202,"dvar2":16.1788539886,"max":53.6257553101,"mean":16.7363357544,"median":15.9882946014,"min":-1.21797335148,"var":26.5178909302},"spectral_rms":{"dmean":0.000972753914539,"dmean2":0.00143934006337,"dvar":0.00000101290061139,"dvar2":0.00000212152963286,"max":0.0173370335251,"mean":0.00600969465449,"median":0.00600510789081,"min":0.0000011752614455,"var":0.00000560294802199},"spectral_rolloff":{"dmean":4784.81933594,"dmean2":8966.05566406,"dvar":51405904,"dvar2":117857176,"max":22028.4667969,"mean":12089.2431641,"median":18195.5566406,"min":43.06640625,"var":86677608},"spectral_skewness":{"dmean":0.230075538158,"dmean2":0.342172026634,"dvar":0.0481713116169,"dvar2":0.100608691573,"max":5.08964776993,"mean":2.56378555298,"median":2.50433158875,"min":-0.0754284784198,"var":0.278399348259},"spectral_spread":{"dmean":347440.5625,"dmean2":530519.4375,"dvar":156558884864,"dvar2":278951985152,"max":40677684,"mean":3749269.25,"median":3689485,"min":1951998.25,"var":567182426112},"spectral_strongpeak":{"dmean":2.61744618416,"dmean2":4.98382806778,"dvar":125.128738403,"dvar2":352.296386719,"max":149.147125244,"mean":1.93660867214,"median":0.261133432388,"min":0,"var":86.6042785645},"zerocrossingrate":{"dmean":0.0344180762768,"dmean2":0.0436863750219,"dvar":0.000834693026263,"dvar2":0.00135252031032,"max":0.62646484375,"mean":0.260204821825,"median":0.2548828125,"min":0.02001953125,"var":0.00671842182055}},"metadata":{"audio_properties":{"analysis_sample_rate":44100,"bit_rate":293906,"codec":"mp3","downmix":"mix","equal_loudness":0,"length":306.521881104,"lossless":false,"md5_encoded":"798419c7d2d22cd4e10fd5e1b8138148","replay_gain":0.926218032837,"sample_rate":44100},"tags":{"acoustid_id":["befc5c4b-c5d2-419d-a62e-a6a9ef00aafd"],"album":["Signed and Sealed in Blood"],"albumartist":["Dropkick Murphys"],"artist":["Dropkick Murphys"],"date":["2013"],"discnumber":["1/1"],"file_name":"03 - Dropkick Murphys - Rose Tattoo.mp3","musicbrainz_albumartistid":["e8374874-4178-4869-b92e-fef6bf30dc04"],"musicbrainz_albumid":["cd50d838-0e43-4388-b343-3ab1db791433"],"musicbrainz_artistid":["e8374874-4178-4869-b92e-fef6bf30dc04"],"musicbrainz_recordingid":["757c7d08-dc21-4e05-807d-c203ad7b2a49"],"musicbrainz_releasegroupid":["bd59cdcb-fa27-4c35-997f-52d6497d2142"],"replaygain_album_gain":["+0.38 dB"],"replaygain_album_peak":["0.252360"],"replaygain_track_gain":["+1.17 dB"],"replaygain_track_peak":["0.230285"],"title":["Rose Tattoo"],"tracknumber":["3/12"]},"version":{"essentia":"2.1-beta1","essentia_build_sha":"e76a03f03bb3900de42a1fa0d9be1e72f12def64","essentia_git_sha":"v2.1_beta1-28-g21ef5f4-dirty","extractor":"music 1.0"}},"rhythm":{"beats_count":605,"beats_loudness":{"dmean":0.0199636798352,"dmean2":0.0346255451441,"dvar":0.000423478428274,"dvar2":0.00127087614965,"max":0.181839540601,"mean":0.0541593320668,"median":0.0492226853967,"min":5.95283950133e-7,"var":0.00111226830631},"beats_loudness_band_ratio":{"dmean":[0.157935753465,0.111946955323,0.0660703405738,0.0642866045237,0.0483617037535,0.0710334703326],"dmean2":[0.269826442003,0.196879222989,0.115572817624,0.112924732268,0.0844300016761,0.122106552124],"dvar":[0.0177932884544,0.0138680068776,0.00541490921751,0.00381877017207,0.0032506226562,0.00395570974797],"dvar2":[0.0471598505974,0.0416193567216,0.0145741999149,0.0113952187821,0.00970525387675,0.0109281931072],"max":[0.963094294071