{"lowlevel":{"average_loudness":0.622178971767,"barkbands":{"dmean":[0.00000548989237359,0.00288896169513,0.00459595955908,0.0020671680104,0.00138730136678,0.0006117207231,0.0002809734724,0.000315392040648,0.00028744401061,0.000533343583811,0.000143744211528,0.0000929672751226,0.000061353755882,0.0000809428602224,0.000269408337772,0.000270602409728,0.000495055690408,0.000471047038445,0.0000937830700423,0.0000281628672383,0.0000174278156919,0.00000607042329648,0.00000376972252525,0.00000146916602262,5.76963145704e-7,2.11626598912e-7,7.48408535145e-9],"dmean2":[0.00000912882478588,0.00495033711195,0.00790200755,0.00333719397895,0.00232922844589,0.000971349014435,0.000432789325714,0.000511194812134,0.000481391849462,0.000851857359521,0.000237170956098,0.000150916413986,0.0000997433598968,0.000131164371851,0.000442355056293,0.00042464750004,0.000795942323748,0.000764333468396,0.000152320601046,0.0000468733051093,0.0000279825999314,0.00000973213627731,0.0000061401988205,0.00000221661889555,8.51147831327e-7,3.41183721275e-7,1.32304718292e-8],"dvar":[1.04649081067e-10,0.0000180174247362,0.0000573903344048,0.00000653829692965,0.00000605415607424,8.08557501841e-7,6.2145437596e-7,5.16087709457e-7,5.28091732122e-7,0.00000108503297724,1.03270380691e-7,3.83686220573e-8,2.30900756293e-8,4.59800659769e-8,3.95336797965e-7,2.79390349078e-7,0.00000118332616239,0.00000100632860267,4.98398868842e-8,3.63663232861e-9,4.88089213491e-9,6.60592969215e-10,7.25246196431e-10,7.70676925055e-11,1.84291436278e-11,3.68101165868e-12,2.19817268263e-15],"dvar2":[2.66853650288e-10,0.000051743529184,0.000168565835338,0.0000170589573827,0.0000163794356922,0.00000183654242392,0.00000128647536712,0.00000139666997256,0.00000152061932113,0.00000299264684145,2.85649520038e-7,1.03671830232e-7,5.90677231571e-8,1.24131375401e-7,0.00000105859260202,6.93688946285e-7,0.00000318538945976,0.00000261713898908,1.26451666915e-7,9.76656089335e-9,1.24998296158e-8,1.60653801373e-9,1.84540527304e-9,1.72071426552e-10,4.22797838406e-11,9.51217490192e-12,6.21945291763e-15],"max":[0.000255028106039,0.0490633770823,0.120969861746,0.0518083870411,0.0527483336627,0.0313126333058,0.0349073670805,0.0205456055701,0.0260925330222,0.0230234153569,0.00738673564047,0.0057818274945,0.00619115447626,0.00681465910748,0.014770754613,0.0122384903952,0.023370699957,0.0216005388647,0.00644336035475,0.0015178527683,0.00302777509205,0.00101548340172,0.00122977106366,0.000411481247284,0.000154159279191,0.0000738139569876,0.00000149630125179],"mean":[0.00000622547759122,0.00418267119676,0.00782177504152,0.00379412341863,0.00258041592315,0.00135104556102,0.000576540711336,0.000601932697464,0.000524273957126,0.00102944287937,0.000218383269385,0.000176023007953,0.00011059508688,0.000143665267387,0.00056994438637,0.000573664146941,0.00106186827179,0.000975010741968,0.00021268191631,0.0000642910672468,0.0000385656094295,0.0000123632644318,0.00000634664502286,0.0000027068374493,8.63655884586e-7,2.22097185087e-7,7.53972528855e-9],"median":[0.00000191526078197,0.00219269748777,0.00315459165722,0.00233300565742,0.00150758016389,0.000568209623452,0.000190096136066,0.000180231814738,0.000196287801373,0.000468086160254,0.0000747084777686,0.0000601611463935,0.0000250314260484,0.000021868478143,0.000132051674882,0.000179846829269,0.000219329245738,0.000222070739255,0.0000698996227584,0.0000263846632151,0.0000102819867607,0.0000042087303882,0.00000132373145334,3.38245854437e-7,6.16417779042e-8,5.71421798767e-9,8.1304074584e-10],"min":[3.69481715755e-25,4.80279345026e-24,4.22881510018e-24,4.41961452075e-24,1.06911612692e-23,1.10305536853e-23,1.4015499221e-23,3.91179115058e-23,1.12395205725e-23,2.61889861402e-23,2.74959487999e-23,5.58281974444e-23,6.27987995948e-23,7.22901026383e-23,6.85852773504e-23,9.67638054034e-23,1.18982413587e-22,1.0877900896e-22,1.57967061242e-22,2.12779590805e-22,2.11043377372e-22,3.83620104714e-22,4.32486718266e-22,5.43906088851e-22,9.2767154592e-22,1.61742728764e-21,2.13804761621e-21],"var":[1.30437938228e-10,0.0000289906838589,0.000152894237544,0.0000184586715477,0.000011512996025,0.00000657609643895,0.00000251868505075,0.00000124289920223,9.91225419966e-7,0.00000239432029048,1.7036096267e-7,9.32289552225e-8,5.81528070143e-8,1.21829131672e-7,0.00000125341750845,0.00000102251453882,0.00000369817166757,0.00000292171625915,1.53378195478e-7,9.80817915774e-9,7.54442552875e-9,8.96884511103e-10,7.08584857456e-10,1.17285278711e-10,2.25287150046e-11,2.88709572742e-12,1.46387103269e-15]},"barkbands_crest":{"dmean":2.25706243515,"dmean2":3.73993325233,"dvar":4.11006498337,"dvar2":11.0317134857,"max":25.124004364,"mean":11.1967868805,"median":10.3137321472,"min":3.13268589973,"var":22.4347381592},"barkbands_flatness_db":{"dmean":0.0225692111999,"dmean2":0.0357410609722,"dvar":0.000490863458253,"dvar2":0.00118600577116,"max":0.629109919071,"mean":0.248406127095,"median":0.231242507696,"min":0.0525691621006,"var":0.00697312224656},"barkbands_kurtosis":{"dmean":6.50449371338,"dmean2":9.98960590363,"dvar":384.774505615,"dvar2":889.649963379,"max":590.184143066,"mean":14.6769914627,"median":2.61397218704,"min":-1.92807507515,"var":1912.28088379},"barkbands_skewness":{"dmean":0.663968861103,"dmean2":1.05268788338,"dvar":0.625688552856,"dvar2":1.53365314007,"max":18.077665329,"mean":2.2521238327,"median":1.72331595421,"min":-3.31275010109,"var":4.71850156784},"barkbands_spread":{"dmean":4.38802051544,"dmean2":7.10218811035,"dvar":29.4834156036,"dvar2":72.4321212769,"max":88.7825546265,"mean":18.322599411,"median":16.4422035217,"min":0.0889774560928,"var":167.913650513},"dissonance":{"dmean":0.0164995342493,"dmean2":0.0276898816228,"dvar":0.00026412634179,"dvar2":0.000699580588844,"max":0.500000059605,"mean":0.458598524332,"median":0.467822372913,"min":0.156444862485,"var":0.00127012201119},"dynamic_complexity":4.23192930222,"erbbands":{"dmean":[0.0249996110797,0.881711065769,5.11078023911,5.43029356003,5.56407260895,4.90762996674,5.10156822205,4.34484148026,2.87310695648,5.26650905609,6.90285921097,7.22710132599,11.4644393921,15.6748027802,3.1900677681,3.97312760353,2.90152168274,3.3313434124,10.3084621429,15.6306667328,16.3382778168,25.2042751312,28.1837615967,8.84914112091,3.32623171806,1.23130118847,1.14529705048,0.401094943285,0.240135341883,0.170731663704,0.0975646451116,0.0392251610756,0.0209354832768,0.00787809025496,0.00384425581433,0.0015484134201,0.000260134693235,0.0000248056003329,0.0000047069233915,0.00000910237940843],"dmean2":[0.042408246547,1.5134165287,8.77888870239,8.93594646454,9.25440311432,8.25743484497,8.40522670746,6.75108861923,4.6218328476,8.06230068207,11.3437824249,12.1028327942,18.5526332855,25.121837616,5.19316244125,6.44442892075,4.73257827759,5.35112380981,16.9850769043,24.4539070129,26.5453224182,40.0378456116,45.5440979004,14.2955179214,5.45695829391,2.01702427864,1.86448729038,0.642296791077,0.383406817913,0.287337630987,0.152992710471,0.0632968470454,0.0303688701242,0.0118709038943,0.00566834863275,0.00240725674666,0.000445394834969,0.0000424523168476,0.00000798188466433,0.000015369940229],"dvar":[0.00149338226765,1.74115145206,75.813369751,40.7969207764,75.3032989502,86.8498382568,53.2818756104,69.0087890625,36.1510391235,172.326858521,264.154815674,429.297119141,870.157958984,910.913879395,43.147567749,67.2362594604,49.309928894,65.4571762085,621.834838867,1471.14916992,943.469970703,3854.94360352,3481.70166016,335.488769531,59.4483451843,6.58196544647,24.3355808258,1.96252155304,0.868050634861,1.08944582939,0.623508751392,0.039140317589,0.0225324574858,0.00343194254674,0.000997873139568,0.000171628023963,0.00000693386982675,3.88106080607e-8,1.04720870864e-10,1.43400208374e-10],"dvar2":[0.00409812713042,5.03329658508,224.20866394,110.693969727,198.75579834,236.288604736,135.346862793,141.170684814,85.6965942383,368.519897461,739.417541504,1243.02807617,2463.20751953,2453.69506836,114.140869141,177.727783203,130.679336548,167.784103394,1704.74255371,3660.66625977,2540.6315918,10223.3085938,8917.16601563,892.656982422,151.70993042,17.7199630737,64.596534729,5.13772916794,2.16864609718,2.99089026451,1.42077410221,0.0988954976201,0.0439193695784,0.0078552570194,0.00233096024022,0.000424536672654,0.0000188844314835,1.05931214023e-7,2.93834068188e-10,4.15059653314e-10],"max":[0.606789290905,13.9631929398,125.318016052,85.165222168,172.978759766,204.308685303,206.54598999,367.332824707,235.344970703,483.625091553,511.895294189,815.41607666,896.879211426,614.071228027,175.189346313,229.735839844,216.397979736,225.862716675,760.136901855,887.836242676,517.710876465,1621.13769531,1479.0012207,420.550140381,226.962936401,51.9673500061,227.644180298,45.0756797791,29.0739479065,35.1915245056,50.3232383728,6.86927747726,7.74442100525,2.69725942612,1.2228512764,0.494031041861,0.116146832705,0.007043461781,0.000285692454781,0.000169080405612],"mean":[0.0373777858913,1.32313430309,8.57201480865,11.2585391998,9.64652252197,9.2745923996,9.52021598816,10.9153137207,6.23907184601,11.6645011902,13.0495624542,13.4479026794,23.8381099701,28.0703964233,6.44230079651,7.89277935028,5.89187431335,6.83779335022,22.0096530914,34.1258087158,37.4891815186,56.0534667969,59.5374679565,21.8212471008,8.00998687744,3.11801314354,2.42581701279,0.938044548035,0.511733949184,0.281989395618,0.16775803268,0.0768752992153,0.0377338156104,0.0126204518601,0.00525171076879,0.00171912414953,0.000263343361439,0.0000297103779303,0.0000147781929627,0.0000306927286147],"median":[0.022096183151,0.678355395794,3.52518796921,8.5173664093,6.42768669128,4.53538322449,5.34169864655,3.62917041779,3.0013718605,3.72829675674,5.79289340973,5.31211948395,9.8108253479,12.1116838455,3.34798336029,2.81576967239,1.65675652027,1.87704432011,5.331158638,8.06699371338,13.7002925873,12.1264190674,13.7313537598,7.54427671432,2.95829725266,1.26107478142,0.614322066307,0.351864874363,0.172545999289,0.0764736458659,0.0337626039982,0.0113536976278,0.00416791066527,0.0011537168175,0.000284560432192,0.0000750043836888,0.0000200917129405,0.0000038515063352,0.0000125378210214,0.0000264046284428],"min":[5.92765608966e-23,1.37862583876e-21,6.09282861903e-21,1.86736411025e-20,2.2322058519e-20,2.06470646307e-20,3.63678551232e-20,1.05294224166e-19,2.01811738914e-19,4.34533692206e-19,6.74645664165e-19,3.92507256071e-19,5.70678056756e-19,1.27433594353e-18,2.34984413759e-18,2.27879718119e-18,2.88689776773e-18,3.85317438376e-18,3.06444960468e-18,4.26119569656e-18,5.32847664884e-18,6.64069818821e-18,6.35100299409e-18,4.978738482e-18,1.13087484593e-17,1.02436442328e-17,8.36919092623e-18,1.02615262233e-17,1.35096394957e-17,1.26526646646e-17,1.20315016554e-17,1.14321505718e-17,9.73358812351e-18,1.03834145953e-17,6.72466405142e-18,5.24820373348e-18,3.04820212308e-18,1.13938142659e-18,3.05565998349e-19,3.14418394791e-20],"var":[0.00214118417352,2.96275877953,180.66708374,108.918838501,130.281463623,183.648681641,178.144439697,844.690429688,129.490875244,668.862548828,521.912536621,734.288208008,1841.73657227,1875.99462891,102.456054688,180.63192749,129.75982666,212.043533325,1887.48571777,4904.70556641,3091.63842773,12097.0751953,10466.1328125,1177.74780273,191.157165527,24.9581775665,34.203704834,2.85641860962,1.20832014084,0.885952234268,0.734241724014,0.0519270114601,0.0387968122959,0.00439597340301,0.00110749097075,0.000151758591528,0.00000463305650555,2.66471271715e-8,1.66678462699e-10,6.05110794805e-10]},"erbbands_crest":{"dmean":2.5938911438,"dmean2":4.20057487488,"dvar":5.81707048416,"dvar2":15.255654335,"max":29.9364433289,"mean":11.0875692368,"median":9.96799659729,"min":2.78782939911,"var":22.5784645081},"erbbands_flatness_db":{"dmean":0.0141984364018,"dmean2":0.0217231046408,"dvar":0.000192301624338,"dvar2":0.00041014191811,"max":0.501575648785,"mean":0.240157052875,"median":0.23650187254,"min":0.0858998298645,"var":0.00249868235551},"erbbands_kurtosis":{"dmean":1.81278848648,"dmean2":2.79243826866,"dvar":31.7246723175,"dvar2":67.3885345459,"max":247.493148804,"mean":3.56566858292,"median":-0.278254359961,"min":-1.94403016567,"var":275.143005371},"erbbands_skewness":{"dmean":0.406503379345,"dmean2":0.635365903378,"dvar":0.223236709833,"dvar2":0.522829294205,"max":12.977013588,"mean":0.117751635611,"median":-0.156967148185,"min":-5.80554294586,"var":3.16330981255},"erbbands_spread":{"dmean":7.20908975601,"dmean2":11.5476369858,"dvar":72.6291503906,"dvar2":169.776504517,"max":156.703323364,"mean":38.2189598083,"median":35.4787063599,"min":0.49567130208,"var":427.995025635},"gfcc":{"cov":[[11987.6513672,820.011169434,-3865.7746582,-780.379394531,-37.6076316833,0.256448596716,210.357879639,416.635284424,572.722229004,-206.10987854,-124.580421448,273.050994873,23.5190219879],[820.011169434,2030.72692871,-435.205993652,-794.505249023,711.503234863,-534.795288086,325.020263672,-68.6737823486,460.767486572,-64.3280334473,99.6701202393,54.0863571167,52.6758346558],[-3865.7746582,-435.205993652,1875.90148926,374.833953857,-83.5363845825,146.695053101,-165.064865112,-82.2407455444,-238.924697876,90.4879302979,45.6765975952,-53.5338287354,-59.6374969482],[-780.379394531,-794.505249023,374.833953857,697.755371094,-158.516342163,177.664321899,-77.5066680908,9.50500106812,-108.272956848,32.7250518799,4.42679929733,-55.879196167,14.0027856827],[-37.6076316833,711.503234863,-83.5363845825,-158.516342163,594.879455566,-222.985809326,108.129188538,2.49383330345,255.704391479,9.26870918274,-7.43793201447,51.7060470581,14.7582044601],[0.256448596716,-534.795288086,146.695053101,177.664321899,-222.985809326,311.29473877,-64.0274810791,41.6344909668,-119.690078735,7.13899898529,-5.13700866699,-21.1950244904,-7.45942115784],[210.357879639,325.020263672,-165.064865112,-77.5066680908,108.129188538,-64.0274810791,177.736053467,13.5188293457,90.3622817993,-15.6831817627,27.5416221619,-7.34875488281,15.7659521103],[416.635284424,-68.6737823486,-82.2407455444,9.50500106812,2.49383330345,41.6344909668,13.5188293457,155.124389648,67.0134658813,-12.4370355606,-16.6991691589,62.4650650024,-3.00014281273],[572.722229004,460.767486572,-238.924697876,-108.272956848,255.704391479,-119.690078735,90.3622817993,67.0134658813,276.302886963,8.98000812531,15.3957576752,50.4647331238,11.3348302841],[-206.10987854,-64.3280334473,90.4879302979,32.7250518799,9.26870918274,7.13899898529,-15.6831817627,-12.4370355606,8.98000812531,117.879127502,37.1049423218,-19.3543891907,-28.4615497589],[-124.580421448,99.6701202393,45.6765975952,4.42679929733,-7.43793201447,-5.13700866699,27.5416221619,-16.6991691589,15.3957576752,37.1049423218,99.5493927002,7.26042318344,-4.68833065033],[273.050994873,54.0863571167,-53.5338287354,-55.879196167,51.7060470581,-21.1950244904,-7.34875488281,62.4650650024,50.4647331238,-19.3543891907,7.26042318344,141.153549194,16.3782539368],[23.5190219879,52.6758346558,-59.6374969482,14.0027856827,14.7582044601,-7.45942115784,15.7659521103,-3.00014281273,11.3348302841,-28.4615497589,-4.68833065033,16.3782539368,85.7498016357]],"icov":[[0.000463134550955,-0.00108945358079,0.00107443612069,-0.00079060398275,0.000633703661151,-0.00107656500768,0.000820921733975,-0.000625034212135,0.00037671753671,-0.000619157217443,0.00115500250831,-0.000855056918226,0.00101422076114],[-0.00108945358079,0.00872047804296,-0.00334931956604,0.00681500509381,-0.00401343405247,0.00598036265001,-0.00502727692947,0.00356836710125,-0.00577713409439,0.00597931398079,-0.00876328162849,0.0046201380901,-0.00485359365121],[0.00107443612069,-0.00334931956604,0.00335472030565,-0.00279916729778,0.00137347029522,-0.00306675746106,0.00275145168416,-0.00170793314464,0.00228401459754,-0.00224049063399,0.00297473720275,-0.00232556439005,0.00304549699649],[-0.00079060398275,0.00681500509381,-0.00279916729778,0.0072945212014,-0.00302841118537,0.0039046832826,-0.00347257847898,0.00220765266567,-0.00455929152668,0.00437923613936,-0.00701732374728,0.00441910978407,-0.00470247864723],[0.000633703661151,-0.00401343405247,0.00137347029522,-0.00302841118537,0.00569086847827,-0.00170131830964,0.00129119190387,-0.000262018642388,-0.000698474759702,-0.00329295708798,0.00593742588535,-0.00329946866259,0.00232155853882],[-0.00107656500768,0.00598036265001,-0.00306675746106,0.0039046832826,-0.00170131830964,0.0098834829405,-0.00319404457696,0.000219397727051,-0.00237972382456,0.00365924299695,-0.00628605438396,0.0041587674059,-0.00401033135131],[0.000820921733975,-0.00502727692947,0.00275145168416,-0.00347257847898,0.00129119190387,-0.00319404457696,0.011721287854,-0.00384454219602,0.00208661146462,-0.00127127754968,0.00122490699869,0.00016324785247,0.0018920917064],[-0.000625034212135,0.00356836710125,-0.00170793314464,0.00220765266567,-0.000262018642388,0.000219397727051,-0.00384454219602,0.0131613984704,-0.00634621363133,0.00239801988937,-0.0000885240733624,-0.00321451481432,-0.0000934869385674],[0.00037671753671,-0.00577713409439,0.00228401459754,-0.00455929152668,-0.000698474759702,-0.00237972382456,0.00208661146462,-0.00634621363133,0.0134834973142,-0.00527646765113,0.00377394794486,-0.00263892789371,0.00226281420328],[-0.000619157217443,0.00597931398079,-0.00224049063399,0.00437923613936,-0.00329295708798,0.00365924299695,-0.00127127754968,0.00239801988937,-0.00527646765113,0.0158471278846,-0.010697950609,0.00504760351032,-0.000165547564393],[0.00115500250831,-0.00876328162849,0.00297473720275,-0.00701732374728,0.00593742588535,-0.00628605438396,0.00122490699869,-0.0000885240733624,0.00377394794486,-0.010697950609,0.0232242997736,-0.00816350057721,0.00526360236108],[-0.000855056918226,0.0046201380901,-0.00232556439005,0.00441910978407,-0.00329946866259,0.0041587674059,0.00016324785247,-0.00321451481432,-0.00263892789371,0.00504760351032,-0.00816350057721,0.0137592414394,-0.00520564289764],[0.00101422076114,-0.00485359365121,0.00304549699649,-0.00470247864723,0.00232155853882,-0.00401033135131,0.0018920917064,-0.0000934869385674,0.00226281420328,-0.000165547564393,0.00526360236108,-0.00520564289764,0.0170796420425]],"mean":[-99.8630981445,165.629669189,-134.688552856,55.9913673401,-30.4053153992,-15.1170825958,-22.3390865326,-0.297130465508,-12.1835746765,-28.277381897,-15.8715810776,-13.1471996307,-2.55333328247]},"hfc":{"dmean":3.15323495865,"dmean2":4.99854564667,"dvar":20.9062747955,"dvar2":53.6344718933,"max":102.450820923,"mean":14.5276298523,"median":10.4712972641,"min":1.1075327024e-16,"var":202.837112427},"melbands":{"dmean":[0.000486702891067,0.00209417799488,0.000919642276131,0.000367994973203,0.000166494472069,0.0000983684221865,0.0000504749914398,0.0000603357366344,0.0000546484661754,0.0000458511894976,0.0000585310081078,0.0000678196665831,0.0000139154817589,0.00000851206550578,0.0000103353886516,0.00000585633051742,0.00000653612551105,0.0000153429991769,0.000021721534722,0.0000207553712244,0.0000233522150666,0.0000327610941895,0.0000154109948198,0.0000310967188852,0.00000554066491532,0.00000387016280001,0.00000116868477562,8.69547591265e-7,9.57654833655e-7,3.27912204057e-7,2.56206448057e-7,1.36274906026e-7,1.24846849303e-7,9.23263243635e-8,7.4112271875e-8,2.7949367265e-8,2.45379077057e-8,1.53618202603e-8,1.11692211036e-8,5.75313530149e-9],"dmean2":[0.000838284846395,0.00359336240217,0.00151001359336,0.000617130543105,0.000274795456789,0.000153666187543,0.0000799357585493,0.0000934367417358,0.0000897701975191,0.0000767699675635,0.0000946130821831,0.000108582426037,0.0000227935270232,0.0000139349704114,0.000016579802832,0.00000962519970926,0.0000104996888695,0.0000253871876339,0.0000355306547135,0.0000318243837683,0.0000380326164304,0.0000524122588104,0.0000244181228481,0.0000507115837536,0.00000895603716344,0.00000635828610029,0.00000192825427803,0.00000144177852235,0.00000158616342105,5.33031595751e-7,4.14865411358e-7,2.15736832843e-7,2.07005413699e-7,1.61523246334e-7,1.1591774296e-7,4.56363871137e-8,4.00830693081e-8,2.26960796823e-8,1.69363829627e-8,8.90498785822e-9],"dvar":[5.06181095261e-7,0.000012015872926,0.00000114983106414,4.07780845535e-7,5.42182831964e-8,2.90251644941e-8,1.42992444552e-8,1.85073414372e-8,1.44323832885e-8,1.71313043751e-8,2.23242206943e-8,1.71047744857e-8,8.95488072583e-10,2.82493167747e-10,5.39890632201e-10,2.03539823884e-10,2.78173289958e-10,1.57354773656e-9,3.11598924441e-9,2.17118878432e-9,2.19894946696e-9,6.69065602921e-9,9.81111414333e-10,5.04745356622e-9,1.67211230973e-10,9.87038784039e-11,4.86799272767e-12,3.63171862375e-12,1.74205563169e-11,8.2932890156e-13,9.64001881792e-13,2.40394103278e-13,4.0871559609e-13,4.03064788577e-13,4.45864536697e-13,1.37213255759e-14,1.36730845084e-14,1.02380550462e-14,9.62956859976e-15,1.78542707996e-15],"dvar2":[0.00000144777993683,0.0000353696595994,0.00000310383052238,0.00000110870007575,1.39775210073e-7,6.12602875094e-8,3.16459853877e-8,4.25311235119e-8,4.02589144244e-8,4.97010681499e-8,6.31603924717e-8,4.56376447744e-8,2.41613618002e-9,7.93346000005e-10,1.3662105891e-9,5.79214398666e-10,7.08840930397e-10,4.38162039984e-9,8.22996515382e-9,5.08987429981e-9,5.83442316682e-9,1.77298389303e-8,2.44104270131e-9,1.33062405538e-8,4.4713616143e-10,2.49001236297e-10,1.25801582693e-11,9.99343663377e-12,4.69084215915e-11,2.16533692018e-12,2.52761873931e-12,5.93757085599e-13,1.01498377845e-12,1.16910300885e-12,9.97773370003e-13,3.55703117514e-14,3.51116095291e-14,1.89009303543e-14,2.31504861803e-14,4.03458733436e-15],"max":[0.00969352666289,0.045643299818,0.0198562256992,0.0133373178542,0.00549695454538,0.00728776678443,0.00509921694174,0.00425014365464,0.00365849607624,0.00488456059247,0.00441349390894,0.00274780928157,0.000778928631917,0.000546750728972,0.000829730182886,0.000358381832484,0.000504189694766,0.00110927887727,0.0015191041166,0.00125455169473,0.000790436286479,0.00214433972724,0.00110908725765,0.00133328826632,0.000349638052285,0.000337904435582,0.0000704922858858,0.0000376286843675,0.000187790268683,0.0000329912691086,0.0000348877183569,0.0000158077418746,0.0000256092716882,0.0000217855231313,0.0000452292661066,0.00000398071233576,0.00000402129217036,0.0000044918151616,0.00000622602601652,0.00000134216998049],"mean":[0.000715039437637,0.00356715591624,0.001939656795,0.000686350627802,0.000330713432049,0.000237072497839,0.000107425257738,0.000131521126605,0.000101343342976,0.0000834641687106,0.000118978525279,0.000119348325825,0.0000239571472775,0.0000163956738106,0.0000197575154743,0.000010798886251,0.0000117101089927,0.0000300577885355,0.0000444086363132,0.0000437787311967,0.0000456742818642,0.0000673023241688,0.0000349720394297,0.000060642920289,0.0000119155056382,0.00000818244370748,0.00000250094012699,0.00000190923765331,0.00000181924610843,7.03534624336e-7,5.05444745613e-7,2.84664793071e-7,2.10999147043e-7,1.32739444325e-7,1.12948107756e-7,5.38016706741e-8,4.26643964602e-8,2.68399134029e-8,1.68018594593e-8,8.71015526371e-9],"median":[0.000399061478674,0.00162123132031,0.00150886713527,0.000396603543777,0.000213801307837,0.0000846613693284,0.00004589267337,0.0000431455373473,0.0000464185213787,0.000028964397643,0.0000471292951261,0.0000469692313345,0.0000101340556284,0.00000643016664981,0.0000061860846472,0.00000229581337408,0.00000227615737458,0.00000602396221439,0.00000961586920312,0.00000984159760264,0.0000130527332658,0.000012152590898,0.00000959632961894,0.00001173169494,0.00000416130660597,0.00000242148166762,0.00000108944198018,6.54812652101e-7,3.96341022224e-7,1.99017520686e-7,1.74728711499e-7,9.89240902527e-8,5.98291407528e-8,3.12256531743e-8,2.07128501017e-8,1.0021329544e-8,5.18962206542e-9,3.04165337361e-9,1.52485346572e-9,7.01264046832e-10],"min":[1.01721868373e-24,3.40084681002e-24,4.00519709381e-24,2.70939504102e-24,1.11627091862e-24,2.57423338845e-24,3.14378267898e-24,6.68061767058e-24,4.10933817178e-24,1.6142517896e-24,2.35708384429e-24,4.91583169596e-24,7.10744506284e-24,6.39067223929e-24,3.54198704216e-24,8.66737411557e-24,6.37290590841e-24,3.1488122589e-24,6.53069268339e-24,4.25912668603e-24,6.23245316854e-24,5.9223519467e-24,4.76224954961e-24,4.7526530567e-24,3.44615976927e-24,5.66953938152e-24,7.77027123896e-24,5.95805855229e-24,5.68340992282e-24,4.3509189354e-24,5.07533148238e-24,7.08935727115e-24,7.41411947291e-24,5.14552353687e-24,6.72650413171e-24,6.88459185712e-24,6.88318847357e-24,6.91195191989e-24,8.30120460489e-24,9.19535004196e-24],"var":[7.83957318617e-7,0.0000273627647402,0.00000306725587507,8.02017893875e-7,1.65349334225e-7,3.24498785176e-7,5.52633032669e-8,6.7837476081e-8,2.87659016607e-8,2.9803199908e-8,4.71847165784e-8,3.56130023249e-8,1.76096559557e-9,6.88089307754e-10,1.48697643088e-9,4.69834171568e-10,8.06619548932e-10,4.20591028671e-9,8.81303385825e-9,8.15652079211e-9,5.76826986176e-9,1.93441973551e-8,3.25361804165e-9,1.35689752767e-8,4.406230103e-10,2.73741196377e-10,1.39555086237e-11,1.1581748581e-11,2.22154118018e-11,1.88100078048e-12,1.22903033237e-12,3.66795244351e-13,4.19109191796e-13,2.63296410499e-13,5.21150234512e-13,1.92305972714e-14,1.73865303123e-14,1.87802112186e-14,1.14343501708e-14,2.17926076626e-15]},"melbands_crest":{"dmean":3.71146321297,"dmean2":6.23152923584,"dvar":10.9482793808,"dvar2":29.4599781036,"max":34.7673835754,"mean":18.4495124817,"median":17.5729980469,"min":1.26435089111,"var":42.1492462158},"melbands_flatness_db":{"dmean":0.0273916590959,"dmean2":0.0433825850487,"dvar":0.000713155139238,"dvar2":0.0016876271693,"max":0.763720929623,"mean":0.314952075481,"median":0.294695854187,"min":0.000622791587375,"var":0.0113736735657},"melbands_kurtosis":{"dmean":13.9124193192,"dmean2":21.8968601227,"dvar":1122.00268555,"dvar2":2750.20556641,"max":1104.4342041,"mean":34.3125915527,"median":10.8096733093,"min":-1.9161965847,"var":5260.89306641},"melbands_skewness":{"dmean":0.915725827217,"dmean2":1.45906174183,"dvar":1.02182269096,"dvar2":2.47148537636,"max":25.0944881439,"mean":3.73931741714,"median":3.02220249176,"min":-2.0399017334,"var":7.57312870026},"melbands_spread":{"dmean":6.15558767319,"dmean2":10.0265703201,"dvar":86.6729812622,"dvar2":207.405471802,"max":181.977859497,"mean":19.0120048523,"median":13.932934761,"min":0.142789900303,"var":334.621429443},"mfcc":{"cov":[[11030.1767578,1628.64099121,-4010.31665039,-324.295196533,-773.170837402,-290.627685547,-594.911499023,605.027954102,426.193237305,-0.0179252419621,241.650680542,309.070159912,-82.1018066406],[1628.64099121,2498.28662109,-1117.42443848,-239.914810181,137.885513306,-281.739471436,-208.631668091,117.331497192,272.619415283,-67.5410995483,271.059448242,153.430755615,68.5983123779],[-4010.31665039,-1117.42443848,2041.13806152,91.2588729858,214.925674438,168.886199951,256.700927734,-191.228027344,-255.798736572,14.1751098633,-128.981643677,-139.562179565,7.20483255386],[-324.295196533,-239.914810181,91.2588729858,390.409973145,110.87802887,65.12865448,9.84610939026,3.25480246544,56.7192192078,33.4062461853,16.2748146057,22.0291805267,29.1341190338],[-773.170837402,137.885513306,214.925674438,110.87802887,326.318511963,42.5682487488,-24.8087272644,18.9248104095,66.9138717651,1.29641997814,30.2823371887,36.3681488037,34.0461387634],[-290.627685547,-281.739471436,168.886199951,65.12865448,42.5682487488,177.99887085,59.6302947998,-34.9345359802,-35.0558891296,41.9047966003,-8.89411735535,-16.7044506073,0.44551384449],[-594.911499023,-208.631668091,256.700927734,9.84610939026,-24.8087272644,59.6302947998,167.670898438,-50.4639053345,-65.9929428101,23.2878265381,-27.4306869507,-47.4060974121,-5.9226641655],[605.027954102,117.331497192,-191.228027344,3.25480246544,18.9248104095,-34.9345359802,-50.4639053345,209.555496216,107.911651611,-27.6949138641,26.0620517731,54.9029121399,-1.12984907627],[426.193237305,272.619415283,-255.798736572,56.7192192078,66.9138717651,-35.0558891296,-65.9929428101,107.911651611,177.269302368,15.1504411697,32.6524543762,37.6489830017,19.4372024536],[-0.0179252419621,-67.5410995483,14.1751098633,33.4062461853,1.29641997814,41.9047966003,23.2878265381,-27.6949138641,15.1504411697,119.720291138,33.7086791992,-15.3779783249,11.4751243591],[241.650680542,271.059448242,-128.981643677,16.2748146057,30.2823371887,-8.89411735535,-27.4306869507,26.0620517731,32.6524543762,33.7086791992,143.313659668,68.0456695557,14.9952363968],[309.070159912,153.430755615,-139.562179565,22.0291805267,36.3681488037,-16.7044506073,-47.4060974121,54.9029121399,37.6489830017,-15.3779783249,68.0456695557,115.649467468,32.3737602234],[-82.1018066406,68.5983123779,7.20483255386,29.1341190338,34.0461387634,0.44551384449,-5.9226641655,-1.12984907627,19.4372024536,11.4751243591,14.9952363968,32.3737602234,87.6150665283]],"icov":[[0.000516658008564,-0.00000823598475108,0.000849719683174,0.0000377298638341,0.000697872310411,-0.000370746536646,0.000709890271537,-0.000968075532001,0.000553638441488,-0.000519410590641,0.000147554645082,-0.00026385235833,0.00019182304095],[-0.00000823598475108,0.0011678263545,0.000476379093016,0.000868691247888,-0.000887741683982,0.00100895098876,-0.00043088599341,0.000816636544187,-0.00128772039898,0.00122477300465,-0.00213736621663,0.000786184682511,-0.000728284765501],[0.000849719683174,0.000476379093016,0.00253102649003,0.000282318884274,-0.000203487812541,-0.000151450934936,0.000160917188623,-0.00147513404954,0.00180895347148,-0.000499733432662,-0.000245238945354,0.000472142215585,-0.000275389640592],[0.0000377298638341,0.000868691247888,0.000282318884274,0.00385243771598,-0.00111843610648,-0.000288089824608,-0.000511726364493,0.00104903161991,-0.00239152996801,0.000593643693719,-0.00140703842044,-0.000137754032039,-0.000789501704276],[0.000697872310411,-0.000887741683982,-0.000203487812541,-0.00111843610648,0.00659809401259,-0.00260682753287,0.0024381489493,-0.00104631949216,-0.00147693697363,-0.000313883443596,0.000764114025515,-0.0017477698857,0.000222085160203],[-0.000370746536646,0.00100895098876,-0.000151450934936,-0.000288089824608,-0.00260682753287,0.00905425753444,-0.00275827012956,0.000996350892819,0.000613361713476,-0.00152031844482,-0.000832556281239,0.000161466567079,-0.0000899152801139],[0.000709890271537,-0.00043088599341,0.000160917188623,-0.000511726364493,0.0024381489493,-0.00275827012956,0.0103238085285,-0.00194153492339,0.00265694619156,-0.00194640539121,0.000616358185653,0.00149426120333,-0.0000931906688493],[-0.000968075532001,0.000816636544187,-0.00147513404954,0.00104903161991,-0.00104631949216,0.000996350892819,-0.00194153492339,0.0108748078346,-0.0078203799203,0.00397963542491,-0.00164074567147,-0.00218392419629,0.000937927921768],[0.000553638441488,-0.00128772039898,0.00180895347148,-0.00239152996801,-0.00147693697363,0.000613361713476,0.00265694619156,-0.0078203799203,0.0159330591559,-0.00552567094564,0.0031054073479,0.000690086570103,-0.000774412124883],[-0.000519410590641,0.00122477300465,-0.000499733432662,0.000593643693719,-0.000313883443596,-0.00152031844482,-0.00194640539121,0.00397963542491,-0.00552567094564,0.0144600169733,-0.00733506819233,0.00507116410881,-0.0028389277868],[0.000147554645082,-0.00213736621663,-0.000245238945354,-0.00140703842044,0.000764114025515,-0.000832556281239,0.000616358185653,-0.00164074567147,0.0031054073479,-0.00733506819233,0.0159485563636,-0.00910726934671,0.00293489475735],[-0.00026385235833,0.000786184682511,0.000472142215585,-0.000137754032039,-0.0017477698857,0.000161466567079,0.00149426120333,-0.00218392419629,0.000690086570103,0.00507116410881,-0.00910726934671,0.0186903271824,-0.00626927334815],[0.00019182304095,-0.000728284765501,-0.000275389640592,-0.000789501704276,0.000222085160203,-0.0000899152801139,-0.0000931906688493,0.000937927921768,-0.000774412124883,-0.0028389277868,0.00293489475735,-0.00626927334815,0.0147264664993]],"mean":[-729.133178711,171.482467651,-20.6996879578,60.1671676636,13.3427019119,-1.24369895458,-2.65875768661,16.9959983826,5.33943939209,-2.616928339,-8.61062717438,-9.22046947479,-8.03669452667]},"pitch_salience":{"dmean":0.0773823112249,"dmean2":0.127650097013,"dvar":0.00495507800952,"dvar2":0.0133597180247,"max":0.964982032776,"mean":0.465807586908,"median":0.482161343098,"min":0.0307656377554,"var":0.0177491232753},"silence_rate_20dB":{"dmean":0,"dmean2":0,"dvar":0,"dvar2":0,"max":1,"mean":1,"median":1,"min":1,"var":0},"silence_rate_30dB":{"dmean":0.00521269673482,"dmean2":0.0104263639078,"dvar":0.0051854592748,"dvar2":0.0144135029987,"max":1,"mean":0.994880855083,"median":1,"min":0,"var":0.00509298080578},"silence_rate_60dB":{"dmean":0.0214092899114,"dmean2":0.0428225658834,"dvar":0.0209504105151,"dvar2":0.0480615533888,"max":1,"mean":0.140543565154,"median":0,"min":0,"var":0.120809286833},"spectral_centroid":{"dmean":205.090103149,"dmean2":326.336517334,"dvar":58952.1679688,"dvar2":135904.75,"max":11519.5556641,"mean":1157.9942627,"median":1105.61120605,"min":132.058792114,"var":536035.0625},"spectral_complexity":{"dmean":2.09271144867,"dmean2":3.28076696396,"dvar":5.31638145447,"dvar2":11.0808935165,"max":52,"mean":14.8017501831,"median":14,"min":0,"var":102.323890686},"spectral_contrast_coeffs":{"dmean":[0.0497978813946,0.0449761040509,0.0362617522478,0.0288442503661,0.0220178477466,0.0154662821442],"dmean2":[0.0834024548531,0.0741112604737,0.0590120367706,0.0467069894075,0.0357000641525,0.0251430701464],"dvar":[0.00155529531185,0.00123597879428,0.000861446373165,0.000538602645975,0.000345185020706,0.000191845247173],"dvar2":[0.00437205797061,0.00336380442604,0.00227819825523,0.00137977139093,0.000856093596667,0.000489576661494],"max":[-0.290900081396,-0.424696624279,-0.497899144888,-0.465945929289,-0.514592111111,-0.581993937492],"mean":[-0.59108120203,-0.718534171581,-0.749684393406,-0.764354944229,-0.733262419701,-0.718566358089],"median":[-0.602796673775,-0.723224282265,-0.750137269497,-0.767671346664,-0.732408642769,-0.710972547531],"min":[-0.969191789627,-0.979352116585,-0.975458920002,-0.974003434181,-0.97150427103,-0.961750090122],"var":[0.00649488763884,0.00492735626176,0.00505662849173,0.0049079968594,0.00458212615922,0.00339404842816]},"spectral_contrast_valleys":{"dmean":[0.418517649174,0.338859468699,0.29018625617,0.259101748466,0.201528728008,0.236952602863],"dmean2":[0.706469893456,0.565823614597,0.471981972456,0.403601258993,0.309466153383,0.34827375412],"dvar":[0.121956273913,0.0900295227766,0.0706903412938,0.0637583062053,0.0549145117402,0.094190582633],"dvar2":[0.315445005894,0.223042801023,0.163318619132,0.129375904799,0.110403232276,0.187712728977],"max":[-5.30471324921,-5.16225385666,-5.62024021149,-5.76207399368,-5.88095664978,-8.92636299133],"mean":[-7.41205263138,-7.47429180145,-8.13836574554,-8.55578136444,-8.35499095917,-12.4935703278],"median":[-7.02315998077,-7.003428936,-7.68991613388,-8.30618858337,-8.10614395142,-12.4049930573],"min":[-27.8699512482,-27.8881092072,-27.4628314972,-27.4744033813,-27.3304653168,-27.3271636963],"var":[1.65887594223,2.04990839958,2.34790539742,2.16159939766,1.74940538406,1.17496693134]},"spectral_decrease":{"dmean":2.14918594033e-9,"dmean2":3.63650465296e-9,"dvar":8.33960267572e-18,"dvar2":2.42157041607e-17,"max":2.491971758e-18,"mean":-6.70811139969e-9,"median":-5.70953684331e-9,"min":-4.06540294762e-8,"var":3.11150340159e-17},"spectral_energy":{"dmean":0.0082582347095,"dmean2":0.0139661766589,"dvar":0.000121539793327,"dvar2":0.000352551665856,"max":0.155452370644,"mean":0.0266355890781,"median":0.0227872952819,"min":9.98603373968e-21,"var":0.000475638662465},"spectral_energyband_high":{"dmean":0.0000370532361558,"dmean2":0.0000586999703955,"dvar":2.23467928606e-8,"dvar2":5.71034988184e-8,"max":0.00599536811933,"mean":0.0000970723340288,"median":0.000034688746382,"min":7.17711578755e-21,"var":3.47173916282e-8},"spectral_energyband_low":{"dmean":0.00729622365907,"dmean2":0.0124504175037,"dvar":0.00011533707584,"dvar2":0.000339585938491,"max":0.140453413129,"mean":0.0143085066229,"median":0.00932121369988,"min":1.88946354742e-23,"var":0.000269678392215},"spectral_energyband_middle_high":{"dmean":0.00128336949274,"dmean2":0.00201141485013,"dvar":0.00000380816732104,"dvar2":0.00000986038685369,"max":0.0396505258977,"mean":0.00491657434031,"median":0.00285856891423,"min":1.35579597698e-21,"var":0.0000321729676216},"spectral_energyband_middle_low":{"dmean":0.00329260225408,"dmean2":0.00533733842894,"dvar":0.0000171927495103,"dvar2":0.0000448066020908,"max":0.0935408771038,"mean":0.00976447947323,"median":0.00834594573826,"min":2.36583651636e-22,"var":0.000064703024691},"spectral_entropy":{"dmean":0.149610936642,"dmean2":0.22615301609,"dvar":0.0312082022429,"dvar2":0.0681340768933,"max":9.81621551514,"mean":6.82825565338,"median":6.97843408585,"min":3.06243085861,"var":0.472688883543},"spectral_flux":{"dmean":0.0178653113544,"dmean2":0.0292966272682,"dvar":0.000384320766898,"dvar2":0.00102653354406,"max":0.272751301527,"mean":0.0685214698315,"median":0.0680435374379,"min":6.55135876104e-11,"var":0.00172464421485},"spectral_kurtosis":{"dmean":5.17820882797,"dmean2":9.07935810089,"dvar":43.0342826843,"dvar2":120.237365723,"max":184.15977478,"mean":10.0046424866,"median":6.05886268616,"min":-1.25795650482,"var":185.300842285},"spectral_rms":{"dmean":0.000721289485227,"dmean2":0.00120084849186,"dvar":6.12257622379e-7,"dvar2":0.00000175940147074,"max":0.0123150656,"mean":0.00460061756894,"median":0.00471503008157,"min":3.1212931545e-12,"var":0.00000482030282001},"spectral_rolloff":{"dmean":348.494293213,"dmean2":612.249267578,"dvar":414491.90625,"dvar2":947419.75,"max":19702.8808594,"mean":1123.95458984,"median":689.0625,"min":107.666015625,"var":1460184.375},"spectral_skewness":{"dmean":0.444901973009,"dmean2":0.770816385746,"dvar":0.210995361209,"dvar2":0.589606642723,"max":11.5087385178,"mean":1.62492406368,"median":1.30433404446,"min":-0.0794971436262,"var":1.4213732481},"spectral_spread":{"dmean":249515.78125,"dmean2":403652.3125,"dvar":224303546368,"dvar2":461958578176,"max":42150952,"mean":2696313.75,"median":2292370.75,"min":599602.125,"var":2548885094400},"spectral_strongpeak":{"dmean":0.397952318192,"dmean2":0.713824510574,"dvar":1.18162286282,"dvar2":3.42509579659,"max":18.9231834412,"mean":0.631356298923,"median":0.408227235079,"min":0,"var":0.984071135521},"zerocrossingrate":{"dmean":0.00610853778198,"dmean2":0.00781568232924,"dvar":0.0000823952868814,"dvar2":0.000111578294309,"max":0.51953125,"mean":0.03938376531,"median":0.0361328125,"min":0.00390625,"var":0.000829528609756}},"metadata":{"audio_properties":{"analysis_sample_rate":44100,"bit_rate":192020,"codec":"mp3","downmix":"mix","equal_loudness":0,"length":249.443267822,"lossless":false,"md5_encoded":"3d83aca7664f944c329b2b0282a40c9d","replay_gain":-2.59966468811,"sample_rate":44100},"tags":{"album":["Hawkwind"],"albumartist":["Hawkwind"],"albumartistsort":["Hawkwind"],"artist":["Hawkwind"],"artistsort":["Hawkwind"],"asin":["B0000070SK"],"barcode":["724383755226"],"catalognumber":["hawks 1"],"contentgroup":["Rock"],"date":["1996"],"discnumber":["1/1"],"file_name":"05 -  Hawkwind - Paranoia, Part 2.mp3","genre":["Rock; Psychedelic Rock; Space Rock; Progressive Rock; Psychedelic"],"label":["EMI Premier"],"media":["CD"],"musicbrainz album release country":["GB"],"musicbrainz album status":["official"],"musicbrainz album type":["album"],"musicbrainz_albumartistid":["5a28f8c2-31fb-4047-ae57-c5c326989262"],"musicbrainz_albumid":["31158246-94f1-4541-8baf-560ac4a9f266"],"musicbrainz_artistid":["5a28f8c2-31fb-4047-ae57-c5c326989262"],"musicbrainz_recordingid":["759edde6-d52e-459d-a1ed-cd7a626e1496"],"musicbrainz_releasegroupid":["aeed00da-1866-31ca-9d92-584f7aee8ad2"],"originaldate":["1996"],"originalyear":["1996"],"script":["Latn"],"title":["Paranoia, Part 2"],"tracknumber":["5/11"]},"version":{"essentia":"2.1-beta2","essentia_build_sha":"2d9f1f26377add8aeb1075a9c2973f962c4f09fd","essentia_git_sha":"v2.1_beta2-1-ge3940c0","extractor":"music 1.0"}},"rhythm":{"beats_count":528,"beats_loudness":{"dmean":0.0111545929685,"dmean2":0.0193585194647,"dvar":0.000162014010129,"dvar2":0.000484414485982,"max":0.120420619845,"mean":0.0302819795907,"median":0.0279545933008,"min":0.0000168544738699,"var":0.000457168440334},"beats_loudness_band_ratio":{"dmean":[0.187693163753,0.105816908181,0.0473287068