{"lowlevel":{"average_loudness":0.39787748456,"barkbands":{"dmean":[0.000805860327091,0.00847645383328,0.00362242059782,0.00117803900503,0.00165529060178,0.00111066875979,0.000935304677114,0.000494978565257,0.000400324555812,0.000526757212356,0.00021887429466,0.000168674130691,0.000185723445611,0.0000710085951141,0.0000744414574001,0.0000311610710924,0.0000304903715005,0.0000118849193314,0.0000216227454075,0.0000316362529702,0.0000243695048994,0.0000112282559712,0.00000579798688705,0.00000613128713667,0.00000424601148552,0.00000109389588943,1.29615216338e-7],"dmean2":[0.00132716738153,0.0133835384622,0.00561293959618,0.00196336675435,0.00276318518445,0.00174058694392,0.00150212971494,0.000764119322412,0.000644902291242,0.000815180072095,0.000354335468728,0.000272020581178,0.000293327582767,0.000116309238365,0.000121257995488,0.0000487220459036,0.0000482173272758,0.0000193223586393,0.0000328629539581,0.0000487422039441,0.0000370360539819,0.0000171445499291,0.00000859289139044,0.0000085091614892,0.00000593531649429,0.00000150174469127,1.80619181833e-7],"dvar":[0.00000571222744838,0.000417090719566,0.0000485007367388,0.00000660035266264,0.0000144516488945,0.00000598228916715,0.00000952691152634,0.00000179365213171,8.07958883797e-7,0.00000190014327472,3.73298178147e-7,3.08969134721e-7,3.06174314346e-7,8.10636819892e-8,5.3159215696e-8,2.69835975786e-8,1.64665312496e-8,2.13760609213e-9,1.8433576443e-8,2.96800966026e-8,1.71786762593e-8,3.02463165625e-9,7.29737159588e-10,1.0131896433e-9,4.00469990502e-10,2.8748075101e-11,3.65504664295e-13],"dvar2":[0.0000143859469972,0.00102120602969,0.00013142444368,0.000017694223061,0.0000414597961935,0.0000151694039232,0.0000255863415077,0.00000413933366872,0.00000202548540074,0.00000443939597972,9.55520476964e-7,7.7155306144e-7,7.36799904644e-7,1.88220539599e-7,1.29347625943e-7,5.17059035587e-8,3.85158074323e-8,5.29252419668e-9,4.41730776402e-8,6.64772130676e-8,3.95572499201e-8,6.44807895966e-9,1.49573464725e-9,1.93245019986e-9,7.84609655025e-10,4.92718262024e-11,6.79817747234e-13],"max":[0.0871703475714,0.473141610622,0.125606626272,0.0565448924899,0.106947422028,0.0597861036658,0.0991722494364,0.0393148101866,0.0259755607694,0.0616532899439,0.0180115140975,0.0215649846941,0.015898425132,0.0132000194862,0.00842400826514,0.01101088617,0.00724608823657,0.00237228162587,0.00903522782028,0.00940598454326,0.00471669761464,0.00260395510122,0.00120114826132,0.00144247186836,0.000655576121062,0.000149462051922,0.0000168912665686],"mean":[0.00183990935329,0.0256625898182,0.0101046571508,0.00182832847349,0.0030027597677,0.00240670121275,0.00172542757355,0.000881301413756,0.000709878280759,0.00118570867926,0.000374484778149,0.000293001095997,0.000337769102771,0.000133293433464,0.000139496522024,0.0000622356019448,0.000060233152908,0.0000206861732295,0.0000414494315919,0.0000626017645118,0.0000428490493505,0.0000198756006284,0.0000100554980236,0.000011710061699,0.00000800464385975,0.00000181934660759,2.92702083016e-7],"median":[0.000089387409389,0.0036778524518,0.00340993562713,0.000710477936082,0.00164397782646,0.000817346561234,0.000389217195334,0.000201756090974,0.000217800377868,0.000186339471838,0.0000860539585119,0.0000533745696885,0.0000538119529665,0.0000294498404401,0.0000334776414093,0.0000151922849909,0.0000115257107609,0.00000473770705867,0.00000424404379373,0.00000507501863467,0.00000339321104548,0.00000251336155088,0.00000101202192582,0.00000117212664463,6.15809028659e-7,1.02733643814e-7,2.82494987403e-8],"min":[2.66061681302e-25,1.90221678558e-24,6.02740711725e-25,1.4797697407e-24,1.08904101789e-23,6.80027288154e-24,9.69141812246e-24,8.23915832811e-24,1.25120746972e-23,1.79849920758e-23,1.24778633775e-23,1.44527853311e-23,2.1954544884e-23,2.77783420713e-23,4.81995685475e-23,4.20950978057e-23,7.2456066351e-23,8.18004014524e-23,1.29923598798e-22,1.61332392351e-22,2.30424579097e-22,2.71068914367e-22,3.89428418139e-22,5.78462084006e-22,9.06441014419e-22,1.36088770178e-21,1.84807860429e-21],"var":[0.0000162508167705,0.0018204060616,0.00017821174697,0.00000926524080569,0.0000202538340091,0.0000190059818124,0.0000225511521421,0.00000425159532824,0.00000179789174126,0.0000120352506201,8.11684117252e-7,6.56797567444e-7,8.27732321795e-7,2.90276005899e-7,1.66994823303e-7,9.0380858353e-8,6.51880256441e-8,5.60050805731e-9,3.46521780159e-8,6.72432776128e-8,3.41681918314e-8,6.31082608393e-9,1.58601132227e-9,2.64620592105e-9,9.65500679406e-10,5.6267081272e-11,9.87997769535e-13]},"barkbands_crest":{"dmean":2.11315703392,"dmean2":3.37233996391,"dvar":4.34017038345,"dvar2":11.0854310989,"max":26.7645187378,"mean":12.6216678619,"median":11.8041267395,"min":3.20350265503,"var":23.7571773529},"barkbands_flatness_db":{"dmean":0.0196054540575,"dmean2":0.0292313992977,"dvar":0.000429301609984,"dvar2":0.000888437090907,"max":0.57753098011,"mean":0.264157474041,"median":0.258322149515,"min":0.0309785604477,"var":0.00765592372045},"barkbands_kurtosis":{"dmean":6.46164798737,"dmean2":10.0199584961,"dvar":225.839477539,"dvar2":510.752624512,"max":877.188964844,"mean":16.2591915131,"median":5.68478155136,"min":-1.89683997631,"var":884.399597168},"barkbands_skewness":{"dmean":0.592054665089,"dmean2":0.908884108067,"dvar":0.447657048702,"dvar2":1.00477659702,"max":15.9714384079,"mean":2.39103364944,"median":1.90514779091,"min":-8.81228351593,"var":4.64487838745},"barkbands_spread":{"dmean":1.85167229176,"dmean2":2.86009192467,"dvar":9.97350311279,"dvar2":20.9634361267,"max":89.0426025391,"mean":7.52003002167,"median":5.52843904495,"min":0.0499315820634,"var":54.4728393555},"dissonance":{"dmean":0.0326696746051,"dmean2":0.0550458133221,"dvar":0.0011098633986,"dvar2":0.00315592414699,"max":0.5,"mean":0.424247413874,"median":0.435752004385,"min":0,"var":0.00274833152071},"dynamic_complexity":5.24311542511,"erbbands":{"dmean":[0.295539438725,1.79415178299,3.89962291718,3.70105743408,5.07111644745,5.45672512054,6.60684537888,10.168469429,13.4522953033,9.49959659576,10.3318881989,10.5930137634,10.7522583008,16.4055976868,8.59516429901,6.88324022293,8.90840148926,3.91756343842,4.13533639908,2.11930775642,1.57795238495,1.35806655884,0.775744855404,0.690381884575,1.36196696758,1.53954315186,1.07667672634,0.787959158421,0.461461126804,0.237270638347,0.1507512182,0.133031964302,0.104849748313,0.0617430582643,0.0222315061837,0.00771052204072,0.00145238172263,0.000195344284293,0.000025804640245,0.0000137834322231],"dmean2":[0.458363682032,2.85823392868,6.12042808533,5.92188882828,8.57095432281,8.95482826233,10.4031095505,15.9483270645,21.1997203827,15.1166267395,16.0718784332,16.924571991,17.1571159363,25.3092880249,13.9648551941,10.9686079025,14.0264835358,6.28001356125,6.73224210739,3.39879846573,2.5231654644,2.14003276825,1.24695503712,1.09066236019,2.0441737175,2.38635134697,1.63396883011,1.17168200016,0.702248632908,0.36537578702,0.218758836389,0.192514747381,0.144655138254,0.0870966017246,0.0307234935462,0.0105805117637,0.001991112018,0.000268895848421,0.0000362885439245,0.000021543017283],"dvar":[0.630038976669,17.8955936432,56.6835479736,51.9039268494,153.900039673,162.50944519,300.275787354,549.987365723,1693.61401367,951.333557129,824.060974121,526.923156738,671.160461426,2483.06713867,622.303527832,671.714050293,694.235229492,228.339599609,151.874328613,90.7140045166,48.5181274414,33.0441207886,7.44038438797,16.7275276184,67.7530975342,82.1305236816,25.9015579224,23.843667984,4.91892957687,1.29138123989,0.596890509129,0.502053022385,0.313652575016,0.090482570231,0.0118286656216,0.00145195890218,0.0000539420580026,9.0089929472e-7,1.04059001416e-8,7.62330643056e-10],"dvar2":[1.39407634735,47.6874580383,153.762054443,134.559829712,445.57043457,454.967590332,728.49810791,1402.16162109,4356.85888672,2485.67675781,1985.37182617,1282.87768555,1630.48852539,5892.82128906,1617.3314209,1657.97265625,1660.56872559,509.812957764,358.981109619,201.887557983,102.058227539,77.053527832,17.0516586304,43.1450004578,153.835998535,193.89100647,55.9680595398,55.0970649719,10.1459941864,3.13858675957,1.1446031332,0.945846915245,0.649033069611,0.183336734772,0.0229550097138,0.00253857229836,0.0000951764304773,0.00000160117338055,1.9280538055e-8,1.78281589491e-9],"max":[18.4226818085,85.4814758301,135.181015015,127.07257843,313.043182373,283.811157227,467.936096191,760.836791992,1410.93676758,1133.70458984,651.782348633,728.658447266,549.815551758,2420.95288086,890.053833008,1110.18701172,809.657653809,743.865234375,485.073486328,496.330657959,377.112670898,340.29095459,167.027099609,291.716674805,396.008514404,562.938537598,194.40927124,177.949783325,105.471031189,34.5947494507,39.7601203918,44.3562240601,24.2226066589,12.0738668442,3.76012253761,1.05159211159,0.199509739876,0.0284055657685,0.00308577343822,0.000627543486189],"mean":[1.04706192017,4.67108917236,11.2744350433,8.21313285828,8.19488048553,10.0934505463,13.4992179871,21.7102565765,26.3569087982,18.5608863831,19.3787975311,19.5264225006,20.9713058472,38.2286148071,16.8344402313,13.0720043182,16.6938457489,8.47471046448,7.99340629578,4.68175697327,3.42771649361,2.72743630409,1.52367031574,1.24861776829,2.97481751442,3.04293441772,1.9129935503,1.45990979671,0.834124922752,0.403771996498,0.257161349058,0.240098893642,0.197690367699,0.116484127939,0.0400248765945,0.0124369310215,0.00253423652612,0.000379625125788,0.0000722708427929,0.0000589630981267],"median":[0.0669255033135,0.908029258251,4.05801820755,4.23891353607,4.25577163696,5.16326808929,4.71682977676,6.52281951904,6.28845262527,4.70862054825,5.378033638,6.05424928665,5.34947061539,5.35844802856,3.94567012787,2.30510902405,2.78977799416,1.8193179369,1.83006072044,1.44347023964,0.763604164124,0.638140499592,0.378484994173,0.21467871964,0.248199820518,0.235708907247,0.145700290799,0.123403206468,0.0998507291079,0.0501385889947,0.0241860542446,0.0231966376305,0.018936008215,0.0100919986144,0.00224913400598,0.000713740824722,0.000159340474056,0.0000236716368818,0.0000238831598836,0.0000301136187772],"min":[4.90592849392e-23,6.91595592541e-22,2.43706310828e-21,6.97495171493e-21,1.17098191673e-20,2.74593913447e-20,4.5193015998e-20,7.37217806225e-20,1.19946203603e-19,2.29213014359e-19,2.19165535801e-19,2.77498493544e-19,6.97592429839e-19,8.17078204033e-19,6.96604621091e-19,1.00039719591e-18,1.38468659354e-18,1.81209981163e-18,2.20558735428e-18,3.24695832144e-18,2.84391187964e-18,3.92027155273e-18,5.02542414218e-18,4.0905264159e-18,5.69313177726e-18,8.0426539348e-18,9.79118636392e-18,1.03697173115e-17,9.72410697932e-18,1.12486413801e-17,1.10686328167e-17,9.51363914427e-18,9.40628516283e-18,6.81452812599e-18,5.91605364362e-18,4.51358008198e-18,2.37584986887e-18,9.47475421085e-19,2.23925133046e-19,2.55022060828e-20],"var":[3.3203163147,58.0230140686,218.279541016,111.233322144,178.806060791,256.409179688,800.639282227,1757.0838623,4494.47363281,2309.86962891,1821.26135254,1309.78540039,1875.77062988,16161.1376953,1515.47851562,1416.24755859,1929.88781738,886.040161133,488.093414307,309.202850342,202.764678955,96.313117981,25.3653697968,23.790178299,180.650772095,156.61164856,54.4772148132,49.4865341187,10.9974460602,2.08990311623,1.32866609097,1.31337273121,0.692358493805,0.204852893949,0.0283257067204,0.00279035209678,0.000106335741293,0.00000198476777769,2.93936697204e-8,4.51659065703e-9]},"erbbands_crest":{"dmean":2.46510148048,"dmean2":4.05362653732,"dvar":5.60028791428,"dvar2":14.9924879074,"max":31.6547870636,"mean":10.3948469162,"median":9.45130062103,"min":2.58627390862,"var":19.2266902924},"erbbands_flatness_db":{"dmean":0.0154741294682,"dmean2":0.0230358913541,"dvar":0.000247342628427,"dvar2":0.000499054091051,"max":0.593323588371,"mean":0.234933242202,"median":0.220060452819,"min":0.0629308372736,"var":0.00759961642325},"erbbands_kurtosis":{"dmean":1.2283244133,"dmean2":1.9675334692,"dvar":4.37873458862,"dvar2":10.9043655396,"max":71.7932891846,"mean":1.56236815453,"median":0.665561616421,"min":-1.83966243267,"var":13.1335268021},"erbbands_skewness":{"dmean":0.358854681253,"dmean2":0.55886298418,"dvar":0.119274787605,"dvar2":0.287524968386,"max":5.92370605469,"mean":0.602871835232,"median":0.584852159023,"min":-5.17839622498,"var":0.68620043993},"erbbands_spread":{"dmean":4.83656406403,"dmean2":7.45195627213,"dvar":40.3003234863,"dvar2":87.470664978,"max":142.839584351,"mean":24.913684845,"median":20.598493576,"min":0.297448277473,"var":285.098236084},"gfcc":{"cov":[[29944.2636719,1752.2824707,267.769958496,4500.10546875,-1122.91552734,466.817443848,-680.165222168,356.118499756,250.924362183,953.320861816,381.45513916,-417.031921387,1.82202064991],[1752.2824707,3010.88305664,504.420013428,-228.667709351,560.55090332,-541.660339355,215.183959961,-297.485961914,157.770187378,-266.042572021,143.56036377,-88.2366333008,51.3703765869],[267.769958496,504.420013428,1505.40405273,538.61932373,203.3853302,-41.8238105774,17.2960853577,15.5056152344,45.2681159973,58.5996513367,63.8935546875,15.0782194138,-81.485458374],[4500.10546875,-228.667709351,538.61932373,1699.59313965,-38.2434272766,88.4322891235,-55.6483764648,98.6700897217,126.294586182,274.94921875,134.517730713,-113.156906128,-21.3278369904],[-1122.91552734,560.55090332,203.3853302,-38.2434272766,684.554504395,-90.7614059448,121.2605896,-71.793296814,100.950027466,-22.2141590118,73.4804763794,23.4600563049,5.99170541763],[466.817443848,-541.660339355,-41.8238105774,88.4322891235,-90.7614059448,457.039428711,71.1015701294,74.0515518188,21.7479839325,97.8224487305,27.6566886902,24.8648586273,12.6047582626],[-680.165222168,215.183959961,17.2960853577,-55.6483764648,121.2605896,71.1015701294,331.353851318,-5.21658229828,76.7426376343,-11.3776197433,58.3135757446,25.3736610413,27.9561882019],[356.118499756,-297.485961914,15.5056152344,98.6700897217,-71.793296814,74.0515518188,-5.21658229828,192.704772949,27.7437095642,48.2043762207,-17.5856323242,-2.36001324654,3.61449170113],[250.924362183,157.770187378,45.2681159973,126.294586182,100.950027466,21.7479839325,76.7426376343,27.7437095642,172.026733398,52.5226020813,48.5278511047,8.90890026093,24.1641368866],[953.320861816,-266.042572021,58.5996513367,274.94921875,-22.2141590118,97.8224487305,-11.3776197433,48.2043762207,52.5226020813,185.558685303,63.3768310547,11.4151754379,2.94156265259],[381.45513916,143.56036377,63.8935546875,134.517730713,73.4804763794,27.6566886902,58.3135757446,-17.5856323242,48.5278511047,63.3768310547,157.33895874,31.6293258667,26.09167099],[-417.031921387,-88.2366333008,15.0782194138,-113.156906128,23.4600563049,24.8648586273,25.3736610413,-2.36001324654,8.90890026093,11.4151754379,31.6293258667,113.186050415,14.3325977325],[1.82202064991,51.3703765869,-81.485458374,-21.3278369904,5.99170541763,12.6047582626,27.9561882019,3.61449170113,24.1641368866,2.94156265259,26.09167099,14.3325977325,84.5898513794]],"icov":[[0.000242019988946,-0.00074171560118,0.000420049764216,-0.000725275196601,0.000432704546256,-0.000651312991977,0.000562980421819,-0.000614683900494,0.000593160628341,-0.00107702147216,0.000495269603562,-0.000680827884935,0.000404199323384],[-0.00074171560118,0.00314340880141,-0.00162023084704,0.00240344903432,-0.00148854241706,0.00267798174173,-0.00195343792439,0.00264134514146,-0.00269262096845,0.00431236485019,-0.00248844968155,0.00324634369463,-0.00177190708928],[0.000420049764216,-0.00162023084704,0.00172483676579,-0.00166150007863,0.000562922854442,-0.00130661495496,0.00101049791556,-0.00147670332808,0.00142983172555,-0.00204799347557,0.00112616457045,-0.00213924143463,0.00177935080137],[-0.000725275196601,0.00240344903432,-0.00166150007863,0.00328211532906,-0.00118082994595,0.00211828504689,-0.00154735043179,0.00184189563151,-0.00233838101849,0.00224749953486,-0.00230187783018,0.00363810942508,-0.00133286684286],[0.000432704546256,-0.00148854241706,0.000562922854442,-0.00118082994595,0.00274844025262,-0.000960121513344,0.000658446922898,-0.000672905996908,0.000141357886605,-0.00186840316746,0.000483706739033,-0.00142857444007,0.00101616885513],[-0.000651312991977,0.00267798174173,-0.00130661495496,0.00211828504689,-0.000960121513344,0.00510708428919,-0.00255052815191,0.0015787021257,-0.00192912574857,0.00218482897617,-0.00196802639402,0.00234162039123,-0.00156899925787],[0.000562980421819,-0.00195343792439,0.00101049791556,-0.00154735043179,0.000658446922898,-0.00255052815191,0.00541306333616,-0.00162874092348,0.0000423489036621,-0.00149461557157,0.000145392681588,-0.00193488784134,0.000694361748174],[-0.000614683900494,0.00264134514146,-0.00147670332808,0.00184189563151,-0.000672905996908,0.0015787021257,-0.00162874092348,0.00860003661364,-0.00343576841988,0.00241589080542,-0.000392215471948,0.00255673914216,-0.00198046304286],[0.000593160628341,-0.00269262096845,0.00142983172555,-0.00233838101849,0.000141357886605,-0.00192912574857,0.0000423489036621,-0.00343576841988,0.0107817482203,-0.00544598838314,0.00178523233626,-0.00291060190648,-0.000127594583319],[-0.00107702147216,0.00431236485019,-0.00204799347557,0.00224749953486,-0.00186840316746,0.00218482897617,-0.00149461557157,0.00241589080542,-0.00544598838314,0.0158097967505,-0.0061474586837,0.00293529359624,-0.00139953487087],[0.000495269603562,-0.00248844968155,0.00112616457045,-0.00230187783018,0.000483706739033,-0.00196802639402,0.000145392681588,-0.000392215471948,0.00178523233626,-0.0061474586837,0.0120520778,-0.00504628615454,-0.000925932137761],[-0.000680827884935,0.00324634369463,-0.00213924143463,0.00363810942508,-0.00142857444007,0.00234162039123,-0.00193488784134,0.00255673914216,-0.00291060190648,0.00293529359624,-0.00504628615454,0.014775775373,-0.00303542357869],[0.000404199323384,-0.00177190708928,0.00177935080137,-0.00133286684286,0.00101616885513,-0.00156899925787,0.000694361748174,-0.00198046304286,-0.000127594583319,-0.00139953487087,-0.000925932137761,-0.00303542357869,0.0151690859348]],"mean":[-125.66733551,163.211608887,-94.9168014526,6.9718503952,-42.8761978149,10.8970966339,-18.721824646,-0.539933145046,-15.006436348,-4.58515262604,-9.08044719696,-8.60896492004,-0.190799117088]},"hfc":{"dmean":2.17939162254,"dmean2":3.36235046387,"dvar":15.3173055649,"dvar2":35.9454269409,"max":114.722129822,"mean":10.2476663589,"median":5.88050889969,"min":1.0668366074e-16,"var":153.707931519},"melbands":{"dmean":[0.0024439226836,0.00199010432698,0.000642529281322,0.000403636775445,0.000216163127334,0.00022042330238,0.000206891738344,0.000102357465948,0.000081364356447,0.0000640837170067,0.0000544491558685,0.0000707003928255,0.0000284621401079,0.0000225894382311,0.0000185921817319,0.0000154981335072,0.00000760182365411,0.00000664215122015,0.00000429463170804,0.00000261198351836,0.00000189237994164,0.00000155580221417,0.00000123443521716,5.25020880104e-7,5.78402648443e-7,9.22965000427e-7,0.00000122443941564,0.00000100974386896,7.97959955889e-7,5.4565651908e-7,4.4309794589e-7,2.96230183494e-7,1.71286032469e-7,1.32416545284e-7,8.92991991464e-8,9.0402522801e-8,8.3819756469e-8,7.66047349998e-8,7.18081309969e-8,4.89733835707e-8],"dmean2":[0.00383880455047,0.00313057843596,0.00103548995685,0.000673532253131,0.00034296020749,0.000344946980476,0.000326795823639,0.000161923031555,0.000126758954138,0.000103260892502,0.000086757070676,0.000108996020572,0.0000461509116576,0.0000365873274859,0.0000295472182188,0.0000242040241574,0.000012301076822,0.0000107991827463,0.00000699886595612,0.00000404349384553,0.00000306334504785,0.00000245241858465,0.00000200164117814,8.54127790717e-7,9.32292493872e-7,0.00000137267534228,0.00000184631448974,0.00000157643512466,0.00000121745551951,8.54597885791e-7,6.61335434415e-7,4.59981748691e-7,2.65185406079e-7,2.08598635254e-7,1.32843993583e-7,1.3409425037e-7,1.24956898162e-7,1.08090510764e-7,1.01955556886e-7,7.07303371428e-8],"dvar":[0.0000386352076021,0.0000156681908265,0.00000153713517648,9.62034960139e-7,2.67963088163e-7,2.45150857836e-7,4.22592506766e-7,9.70008997569e-8,4.85768332226e-8,1.93219165112e-8,1.69915299608e-8,4.68127332454e-8,5.9332703195e-9,4.81032769173e-9,2.74471556594e-9,2.43664222133e-9,9.94364923734e-10,4.20183249306e-10,2.18323331636e-10,2.44129744198e-10,7.16029249781e-11,4.62986697591e-11,2.41834555853e-11,6.53117100333e-12,1.2140961847e-11,3.62667465503e-11,5.42129292846e-11,3.61235694135e-11,1.41439316856e-11,1.55356647685e-11,7.01298220884e-12,2.10836426442e-12,6.96109402759e-13,3.63717438329e-13,2.1161052782e-13,2.16239135972e-13,2.04847383088e-13,1.57517431715e-13,1.48633601087e-13,5.37413707557e-14],"dvar2":[0.000091130801593,0.000040982849896,0.00000405584796681,0.00000278008997157,6.64370190862e-7,6.22716356702e-7,0.00000110878727355,2.45389657039e-7,1.18515011138e-7,4.75997197213e-8,4.1234422099e-8,1.10264792852e-7,1.5354745031e-8,1.22728343044e-8,6.73012445773e-9,5.72127012433e-9,2.23146701117e-9,9.58076507018e-10,5.31620247823e-10,4.58395377212e-10,1.58905416603e-10,1.0721341176e-10,5.67649711958e-11,1.66659533396e-11,3.15771471471e-11,8.45993552989e-11,1.25239402182e-10,8.50969711363e-11,3.09470331306e-11,3.70619715473e-11,1.58067448019e-11,4.34477757591e-12,1.6604048865e-12,9.23249215794e-13,4.2973101206e-13,4.23719653114e-13,4.09412277301e-13,3.27133583894e-13,3.29838478579e-13,1.09129976648e-13],"max":[0.146814212203,0.0696023479104,0.0219969339669,0.0281033609062,0.0127808274701,0.0146812405437,0.0202559940517,0.0100340200588,0.00505072390661,0.00418583722785,0.00272398279049,0.0103878173977,0.00257342588156,0.00259486865252,0.00158639415167,0.00167712045368,0.00166763190646,0.000834794656839,0.000702199700754,0.00108538195491,0.00045948594925,0.000287709553959,0.000406524719438,0.00017634795222,0.000245407863986,0.000388060696423,0.000357382465154,0.00038917150232,0.00013191063772,0.000175705819856,0.000104600680061,0.0000767555102357,0.0000346030792571,0.000016543586753,0.000025133978852,0.0000247236803261,0.000028025418942,0.000016773956304,0.0000172000418388,0.00000854343306855],"mean":[0.00808091647923,0.00584871368483,0.00149375514593,0.000698211893905,0.000460461829789,0.000473354186397,0.000399734912207,0.00019762928423,0.000153857879923,0.000113173206046,0.000103765974927,0.000161968710017,0.0000524737843079,0.0000401152174163,0.0000332050040015,0.0000293940956908,0.0000145433859871,0.0000122004266814,0.0000083201630332,0.00000539944676348,0.00000377030346499,0.00000299174348584,0.00000222494759328,8.7381619096e-7,9.13974588457e-7,0.00000182538667559,0.00000249073900704,0.00000184912778423,0.00000130645696572,9.18984198961e-7,8.00797238298e-7,5.10993743319e-7,2.78399085119e-7,2.07738111158e-7,1.43167426359e-7,1.45899875292e-7,1.46555379388e-7,1.37989516702e-7,1.30244956154e-7,8.78359784906e-8],"median":[0.000876894860994,0.00217581586912,0.000861760054249,0.000393598835217,0.000175399225554,0.000147180326167,0.0000915377604542,0.0000501995091327,0.0000463865071652,0.0000340556252922,0.0000249130025622,0.000021086050765,0.0000132447057695,0.00000690084971211,0.00000558052988708,0.00000491895298182,0.00000296543066725,0.00000263279548562,0.00000233103855862,0.00000137622669172,7.03110572431e-7,6.08033985827e-7,4.79071331938e-7,1.9208320623e-7,1.3750931771e-7,1.43210215242e-7,1.79748340656e-7,1.29921744474e-7,8.11416924762e-8,6.75147973084e-8,5.98304268351e-8,5.76029286492e-8,3.35696057618e-8,2.21629399277e-8,1.24750920705e-8,1.02285415693e-8,1.30258897002e-8,1.24202754748e-8,1.12507150263e-8,6.6396013132e-9],"min":[7.48450519275e-25,1.25490730625e-24,1.30942173632e-24,2.3909632508e-24,1.52643490616e-24,1.46487358162e-24,2.4417724012e-24,2.30579703861e-24,1.27712054466e-24,1.50284264028e-24,2.76133462909e-24,3.51970211602e-24,2.04655170718e-24,1.91823283132e-24,3.5090162062e-24,2.62466566055e-24,3.21567374264e-24,2.67132875525e-24,3.32265294494e-24,3.14301413125e-24,2.4001554525e-24,4.18852521274e-24,4.35136937497e-24,3.8439334144e-24,2.57006425857e-24,4.27071229172e-24,4.11221278092e-24,3.70920031052e-24,4.20789293125e-24,3.84747145556e-24,5.24781631374e-24,5.20360854861e-24,4.46463915134e-24,5.72785316292e-24,6.04756704933e-24,4.78764061557e-24,5.26867221835e-24,5.76808546352e-24,5.9741584145e-24,4.99824478359e-24],"var":[0.000186402932741,0.0000610439383308,0.00000329098634211,0.00000119824846934,7.47076910557e-7,7.78111029831e-7,0.00000109124607661,2.40842751964e-7,1.07729690058e-7,4.5348638622e-8,4.80061288499e-8,3.07179846004e-7,1.37698696889e-8,1.05570912012e-8,6.66046640063e-9,7.06347291768e-9,3.77093511972e-9,1.25920962546e-9,6.52691234393e-10,8.41203218194e-10,2.93074092772e-10,1.49459292165e-10,6.26490595512e-11,1.22660458179e-11,1.55451207462e-11,7.52370665769e-11,1.40320699504e-10,6.17676049197e-11,2.70430986632e-11,2.50973131166e-11,1.54599406194e-11,4.61711354913e-12,1.14289502341e-12,5.34854387342e-13,4.18127961725e-13,5.10831665596e-13,5.06801577701e-13,3.44976868252e-13,2.87985455795e-13,1.19320176027e-13]},"melbands_crest":{"dmean":2.73218464851,"dmean2":4.37448406219,"dvar":7.05681228638,"dvar2":18.3423233032,"max":34.7549057007,"mean":17.5739784241,"median":17.2468128204,"min":1.00014328957,"var":35.7693557739},"melbands_flatness_db":{"dmean":0.0222478006035,"dmean2":0.0328004620969,"dvar":0.000601870298851,"dvar2":0.00120796309784,"max":0.746111810207,"mean":0.366317987442,"median":0.365281105042,"min":-2.24344702815e-7,"var":0.0125300427899},"melbands_kurtosis":{"dmean":9.29326534271,"dmean2":14.4340028763,"dvar":305.182250977,"dvar2":687.180053711,"max":625.590270996,"mean":25.5029468536,"median":10.5563516617,"min":-1.76779866219,"var":1405.74230957},"melbands_skewness":{"dmean":0.676463067532,"dmean2":1.0471893549,"dvar":0.545644819736,"dvar2":1.23799335957,"max":20.4222831726,"mean":3.03577923775,"median":2.58875727654,"min":-7.09696531296,"var":5.41293096542},"melbands_spread":{"dmean":2.22238063812,"dmean2":3.45659685135,"dvar":18.458032608,"dvar2":37.5348091125,"max":158.419662476,"mean":9.22589683533,"median":5.74629402161,"min":0.312023341656,"var":218.077285767},"mfcc":{"cov":[[13905.6064453,1098.12658691,360.399200439,2076.75683594,497.600280762,692.210693359,193.846511841,-342.381378174,90.9052352905,488.686340332,500.115509033,540.097229004,248.507827759],[1098.12658691,3103.49145508,397.115905762,252.623062134,302.837615967,-10.5598297119,-42.8187866211,75.7485122681,-10.5787525177,-10.982922554,59.914276123,-45.7834701538,31.488073349],[360.399200439,397.115905762,1041.40161133,394.170349121,152.156799316,47.2200126648,23.2570438385,25.0949420929,-21.4307594299,0.365134984255,25.9760150909,28.3297157288,24.4443016052],[2076.75683594,252.623062134,394.170349121,1044.27197266,355.093566895,166.060424805,55.4754600525,-27.2616500854,-1.12501096725,121.9220047,117.541069031,152.491424561,86.486579895],[497.600280762,302.837615967,152.156799316,355.093566895,459.273101807,102.8099823,-5.91564941406,-9.06452560425,-13.3397455215,51.6482162476,42.2065200806,58.3197441101,44.8550491333],[692.210693359,-10.5598297119,47.2200126648,166.060424805,102.8099823,330.944488525,114.144615173,12.4237709045,11.3823709488,46.3440475464,75.0809860229,75.6904830933,42.1880149841],[193.846511841,-42.8187866211,23.2570438385,55.4754600525,-5.91564941406,114.144615173,180.077270508,56.1584663391,18.5773239136,32.4398765564,28.9965400696,33.1821289062,24.4584445953],[-342.381378174,75.7485122681,25.0949420929,-27.2616500854,-9.06452560425,12.4237709045,56.1584663391,158.001403809,44.4889526367,10.7063541412,22.2606773376,-7.14876127243,2.45867657661],[90.9052352905,-10.5787525177,-21.4307594299,-1.12501096725,-13.3397455215,11.3823709488,18.5773239136,44.4889526367,153.602630615,43.7516822815,22.1238956451,14.2719249725,-0.560005009174],[488.686340332,-10.982922554,0.365134984255,121.9220047,51.6482162476,46.3440475464,32.4398765564,10.7063541412,43.7516822815,132.164550781,54.0947418213,37.5283737183,19.6749382019],[500.115509033,59.914276123,25.9760150909,117.541069031,42.2065200806,75.0809860229,28.9965400696,22.2606773376,22.1238956451,54.0947418213,130.141036987,60.7723121643,17.8208885193],[540.097229004,-45.7834701538,28.3297157288,152.491424561,58.3197441101,75.6904830933,33.1821289062,-7.14876127243,14.2719249725,37.5283737183,60.7723121643,121.603363037,45.2080879211],[248.507827759,31.488073349,24.4443016052,86.486579895,44.8550491333,42.1880149841,24.4584445953,2.45867657661,-0.560005009174,19.6749382019,17.8208885193,45.2080879211,103.796524048]],"icov":[[0.000141530632391,-0.0000614241725998,0.0000469628357678,-0.000234625898884,0.000148474267917,-0.00012923781469,-0.0000230686382565,0.000362152117305,-0.0000632212031633,-0.000210215410334,-0.000162379496032,-0.000175713968929,-0.00000663836499371],[-0.0000614241725998,0.000406963168643,-0.000123861711472,0.0000849191201269,-0.000309883791488,0.000126039856696,0.0000875296027516,-0.00031290424522,0.0000109561033241,0.00024960533483,-0.000250758137554,0.000484094023705,-0.000163558870554],[0.0000469628357678,-0.000123861711472,0.00121034495533,-0.000579044397455,0.0000333568823407,-0.0000381700665457,-0.0000763236312196,-0.000145969068399,0.0000868925781106,0.000310137955239,0.0000276791142824,0.0000700365490047,0.0000515435203852],[-0.000234625898884,0.0000849191201269,-0.000579044397455,0.0021986560896,-0.0011634635739,0.00020565847808,-0.000192010542378,-0.000150667285197,0.000259982130956,-0.000485728058266,-0.000110663524538,-0.000816932355519,-0.000223355629714],[0.000148474267917,-0.000309883791488,0.0000333568823407,-0.0011634635739,0.00352382217534,-0.00102828117087,0.00106774526648,0.0000491432438139,0.00036286143586,-0.000875387981068,0.000409228494391,-0.000515600317158,-0.000335311458912],[-0.00012923781469,0.000126039856696,-0.0000381700665457,0.00020565847808,-0.00102828117087,0.00497473170981,-0.0028841313906,0.000440562842414,-0.0000156635869644,0.000512486614753,-0.00156059209257,-0.000668848399073,-0.000337598059559],[-0.0000230686382565,0.0000875296027516,-0.0000763236312196,-0.000192010542378,0.00106774526648,-0.0028841313906,0.00877515412867,-0.00316907768138,0.000459349103039,-0.00129107246175,0.00109288631938,-0.000868376868311,-0.000637437507976],[0.000362152117305,-0.00031290424522,-0.000145969068399,-0.000150667285197,0.0000491432438139,0.000440562842414,-0.00316907768138,0.00943795405328,-0.00244082417339,0.000125531951198,-0.00241596391425,0.0012417252874,-0.000452318985481],[-0.0000632212031633,0.0000109561033241,0.0000868925781106,0.000259982130956,0.00036286143586,-0.0000156635869644,0.000459349103039,-0.00244082417339,0.00805568974465,-0.00265981536359,0.000314591597999,-0.0010166146094,0.000646492640954],[-0.000210215410334,0.00024960533483,0.000310137955239,-0.000485728058266,-0.000875387981068,0.000512486614753,-0.00129107246175,0.000125531951198,-0.00265981536359,0.0113704353571,-0.0031669200398,0.000665580795612,-0.000685304636136],[-0.000162379496032,-0.000250758137554,0.0000276791142824,-0.000110663524538,0.000409228494391,-0.00156059209257,0.00109288631938,-0.00241596391425,0.000314591597999,-0.0031669200398,0.0128051349893,-0.00485849240795,0.00132725329604],[-0.000175713968929,0.000484094023705,0.0000700365490047,-0.000816932355519,-0.000515600317158,-0.000668848399073,-0.000868376868311,0.0012417252874,-0.0010166146094,0.000665580795612,-0.00485849240795,0.0150950690731,-0.00426416518167],[-0.00000663836499371,-0.000163558870554,0.0000515435203852,-0.000223355629714,-0.000335311458912,-0.000337598059559,-0.000637437507976,-0.000452318985481,0.000646492640954,-0.000685304636136,0.00132725329604,-0.00426416518167,0.0120795015246]],"mean":[-758.729125977,185.614837646,17.3380146027,10.3579730988,2.22193861008,9.62341976166,7.01516389847,2.35605835915,6.49441957474,2.14658856392,-2.6212682724,-1.73813080788,0.822208583355]},"pitch_salience":{"dmean":0.0625823810697,"dmean2":0.100692205131,"dvar":0.00321102235466,"dvar2":0.0085164019838,"max":0.996098101139,"mean":0.487713426352,"median":0.500673651695,"min":0.0763042718172,"var":0.0191813893616},"silence_rate_20dB":{"dmean":0.00102489022538,"dmean2":0.0020499303937,"dvar":0.00102383980993,"dvar2":0.00292426976375,"max":1,"mean":0.999414384365,"median":1,"min":0,"var":0.000585265748668},"silence_rate_30dB":{"dmean":0.0392386540771,"dmean2":0.0784830525517,"dvar":0.0376989804208,"dvar2":0.0879907906055,"max":1,"mean":0.822414159775,"median":1,"min":0,"var":0.14604909718},"silence_rate_60dB":{"dmean":0.0225475840271,"dmean2":0.0450984686613,"dvar":0.0220391899347,"dvar2":0.050239354372,"max":1,"mean":0.158041134477,"median":0,"min":0,"var":0.133064135909},"spectral_centroid":{"dmean":96.1540145874,"dmean2":146.937057495,"dvar":38631.9765625,"dvar2":84637.625,"max":11690.0429688,"mean":681.455871582,"median":474.648406982,"min":116.35320282,"var":1087715.375},"spectral_complexity":{"dmean":1.66134703159,"dmean2":2.75137281418,"dvar":3.64944291115,"dvar2":8.77660560608,"max":46,"mean":10.231461525,"median":9,"min":0,"var":35.298740387},"spectral_contrast_coeffs":{"dmean":[0.0415758937597,0.041113179177,0.0348834805191,0.025248227641,0.0186765994877,0.0150697417557],"dmean2":[0.0683512538671,0.0672476142645,0.0574139282107,0.0419768355787,0.030048025772,0.0240389220417],"dvar":[0.00121018255595,0.00113022187725,0.000754061620682,0.000407941086451,0.000269869982731,0.000226838819799],"dvar2":[0.00330373062752,0.00305814272724,0.00207559671253,0.00110856886022,0.000643427076284,0.00052794959629],"max":[-0.261495858431,-0.451548159122,-0.462747901678,-0.596884250641,-0.575029611588,-0.583396792412],"mean":[-0.636219263077,-0.719525516033,-0.770862579346,-0.797206521034,-0.806086838245,-0.795462310314],"median":[-0.636401236057,-0.719682514668,-0.7741574049,-0.802215278149,-0.811414897442,-0.796196222305],"min":[-0.979527592659,-0.999254465103,-0.997967660427,-0.986085951328,-0.986728549004,-0.965430021286],"var":[0.00893925037235,0.00630223378539,0.00361006520689,0.00238258577883,0.00261102523655,0.00339922285639]},"spectral_contrast_valleys":{"dmean":[0.343640238047,0.30981117487,0.276031523943,0.228042751551,0.219554960728,0.216573804617],"dmean2":[0.56749099493,0.514287531376,0.457681000233,0.369731932878,0.332738697529,0.306882351637],"dvar":[0.096664853394,0.0795884877443,0.0660570189357,0.0536164939404,0.0758752524853,0.0898152440786],"dvar2":[0.247291460633,0.211659044027,0.171130761504,0.131898060441,0.168748304248,0.174783021212],"max":[-4.77432155609,-4.47649002075,-5.13395309448,-5.91768312454,-6.04942750931,-8.11218261719],"mean":[-7.71067047119,-7.36446380615,-7.80021238327,-8.83714199066,-9.62066555023,-12.2773475647],"median":[-7.01444673538,-6.95967340469,-7.55463647842,-8.39848327637,-9.12248802185,-11.8011360168],"min":[-28.1777133942,-27.9895973206,-27.7564105988,-27.8107280731,-27.5868282318,-27.4075908661],"var":[7.67796278,5.59958553314,4.44010257721,4.66057443619,5.15832519531,4.78593587875]},"spectral_decrease":{"dmean":3.18061754712e-9,"dmean2":5.00688646099e-9,"dvar":4.20956283457e-17,"dvar2":9.9893321857e-17,"max":1.39302127075e-24,"mean":-1.32577238077e-8,"median":-6.19254736378e-9,"min":-1.43158317201e-7,"var":2.44800039174e-16},"spectral_energy":{"dmean":0.012150125578,"dmean2":0.0191261712462,"dvar":0.000609368202277,"dvar2":0.00144662463572,"max":0.544298887253,"mean":0.0509672239423,"median":0.0239632111043,"min":9.92157989097e-21,"var":0.00357337691821},"spectral_energyband_high":{"dmean":0.0000554544931219,"dmean2":0.0000788733595982,"dvar":6.19646769451e-8,"dvar2":1.23241434835e-7,"max":0.0106574622914,"mean":0.000119791053294,"median":0.0000161296884471,"min":6.98660171376e-21,"var":1.64099930089e-7},"spectral_energyband_low":{"dmean":0.0107374796644,"dmean2":0.016825703904,"dvar":0.000562156841625,"dvar2":0.0013277803082,"max":0.523409605026,"mean":0.0384301245213,"median":0.0126583604142,"min":8.49138476964e-24,"var":0.00297805550508},"spectral_energyband_middle_high":{"dmean":0.000751073122956,"dmean2":0.00115893594921,"dvar":0.00000313208738589,"dvar2":0.00000735693720344,"max":0.0720663890243,"mean":0.00255025736988,"median":0.00074400723679,"min":1.11126999802e-21,"var":0.000029870243452},"spectral_energyband_middle_low":{"dmean":0.00362386694178,"dmean2":0.00585766369477,"dvar":0.0000432940141764,"dvar2":0.000114644237328,"max":0.136314630508,"mean":0.0108300214633,"median":0.00668086577207,"min":1.57530272114e-22,"var":0.000167992169736},"spectral_entropy":{"dmean":0.150958716869,"dmean2":0.224972635508,"dvar":0.0244915559888,"dvar2":0.0493148639798,"max":9.82682323456,"mean":6.60995006561,"median":6.68686962128,"min":3.81059527397,"var":0.560491800308},"spectral_flux":{"dmean":0.0209464151412,"dmean2":0.0351057872176,"dvar":0.0010683714645,"dvar2":0.00275987503119,"max":0.560146987438,"mean":0.0667205452919,"median":0.0547158494592,"min":6.32623606278e-11,"var":0.00311009353027},"spectral_kurtosis":{"dmean":9.01648616791,"dmean2":15.3308486938,"dvar":216.149703979,"dvar2":623.166015625,"max":374.445678711,"mean":30.6709136963,"median":12.13834095,"min":-1.27157890797,"var":2069.23510742},"spectral_rms":{"dmean":0.000721333315596,"dmean2":0.00111178937368,"dvar":0.0000012207257214,"dvar2":0.00000270225496024,"max":0.0230439417064,"mean":0.00580493221059,"median":0.00483515718952,"min":3.11120400276e-12,"var":0.000016026880985},"spectral_rolloff":{"dmean":123.437591553,"dmean2":210.057113647,"dvar":123761.007812,"dvar2":249698.21875,"max":20478.0761719,"mean":758.710876465,"median":409.130859375,"min":64.599609375,"var":4179576.5},"spectral_skewness":{"dmean":0.571401000023,"dmean2":0.953897118568,"dvar":0.489114314318,"dvar2":1.4015570879,"max":15.9140853882,"mean":3.55083370209,"median":2.72950434685,"min":-0.0782452151179,"var":5.87626028061},"spectral_spread":{"dmean":366550.4375,"dmean2":544958.1875,"dvar":380598878208,"dvar2":808437547008,"max":43458880,"mean":3132257.75,"median":2625934,"min":276961.375,"var":14524710125600},"spectral_strongpeak":{"dmean":0.236007064581,"dmean2":0.409624487162,"dvar":0.168605923653,"dvar2":0.45207837224,"max":7.82026863098,"mean":0.516534864902,"median":0.408963739872,"min":0,"var":0.226163476706},"zerocrossingrate":{"dmean":0.00397470220923,"dmean2":0.00492964219302,"dvar":0.0000387990548916,"dvar2":0.0000453918401035,"max":0.53369140625,"mean":0.0294842030853,"median":0.0185546875,"min":0.001953125,"var":0.00290907220915}},"metadata":{"audio_properties":{"analysis_sample_rate":44100,"bit_rate":0,"codec":"flac","downmix":"mix","equal_loudness":0,"length":317.173339844,"lossless":true,"md5_encoded":"916591378b36f3117b743a89ad928776","replay_gain":-8.89443016052},"tags":{"album":["The Fragile"],"album artist":["Nine Inch Nails"],"albumartist":["Nine Inch Nails"],"artist":["Nine Inch Nails"],"date":["1999-09-20"],"discnumber":["1"],"discsubtitle":["Left"],"disctotal":["2"],"file_name":"1-12. The Great Below.flac","genre":["Industrial"],"musicbrainz_albumartistid":["b7ffd2af-418f-4be2-bdd1-22f8b48613da"],"musicbrainz_albumid":["c162e9d3-b9f8-38ab-972e-c900dae920e5"],"musicbrainz_artistid":["b7ffd2af-418f-4be2-bdd1-22f8b48613da"],"musicbrainz_recordingid":["76018f0e-ef4f-409f-a5b7-2625be939474"],"musicbrainz_releasegroupid":["fc4d7589-a6b9-35ca-a6b6-8c8e70c3baaa"],"title":["The Great Below"],"totaldiscs":["2"],"totaltracks":["12"],"tracknumber":["12"],"tracktotal":["12"]},"version":{"essentia":"2.1-beta1","essentia_build_sha":"dbf9221a02c8614ba002a04270c5f9c8cf066e4e","essentia_git_sha":"v2.1_beta1-6-g5578087","extractor":"music 1.0"}},"rhythm":{"beats_count":543,"beats_loudness":{"dmean":0.0349890552461,"dmean2":0.0616416484118,"dvar":0.00323214428499,"dvar2":0.00886223092675,"max":0.353378772736,"mean":0.0573980621994,"median":0.0278645977378,"min":0,"var":0.00435279915109},"beats_loudness_band_ratio":{"dmean":[0.180799990892,0.130438029766,0.104536272585,0.0577494464815,0.020193984732,0.0116840237752],"dmean2":[0.306422740221,0.224232643843,0.17531567812,0.0989431813359,0.0342207849026,0.0217984784395],"dvar":[0.0395982302725,0.0264729168266,0.0166820380837,0.00900728814304,0.00539568765089,0.00301467371173],"dvar2":[0.0891958400607,0.069594450295,0.044120144099,0.0220153518021,0.0127220312133,0.00889200810343],"max":[0.9950661