{"lowlevel":{"average_loudness":0.493914663792,"barkbands":{"dmean":[0.0000479216250824,0.00245190528221,0.00171963626053,0.000767513236497,0.000977361574769,0.00026125763543,0.000107412059151,0.0000699112570146,0.000129177526105,0.000178215763299,0.000172827247297,0.00014757104509,0.000120953132864,0.000202782801352,0.00031893060077,0.000331927149091,0.000393097347114,0.000224355055252,0.000141571537824,0.000120504882943,0.000176260844455,0.000129698164528,0.000082250291598,0.0000463607939309,0.0000407160296163,0.0000196543514903,0.00000153204985054],"dmean2":[0.0000848623676575,0.00381484953687,0.00287124258466,0.00127241457812,0.00151870853733,0.000443296768935,0.000176314002601,0.000119240619824,0.000213473438635,0.000295120087685,0.000287631206447,0.000248406809988,0.000199999616598,0.00033827626612,0.000535413448233,0.000558258092497,0.00066435651388,0.000369313260308,0.000222721457249,0.000177801979589,0.000263464695308,0.000188802048797,0.00012348612654,0.0000657845666865,0.0000560538828722,0.0000266278620984,0.00000212027384805],"dvar":[7.05213221153e-9,0.0000189266465895,0.0000116842438729,0.00000232559432334,0.0000037094007439,2.47804024411e-7,5.08868112092e-8,1.89437905362e-8,1.15642649234e-7,2.68147005045e-7,1.55516659106e-7,2.2073535888e-7,7.41198178389e-8,4.00130460321e-7,9.89164391285e-7,5.68503196519e-7,5.52805772713e-7,2.83478129859e-7,7.26010398466e-8,6.18631688099e-8,9.71539222405e-8,5.68364413311e-8,2.33567050145e-8,1.11472058251e-8,5.43624967264e-9,1.06956232759e-9,5.99198685461e-12],"dvar2":[2.04803836112e-8,0.0000447474667453,0.0000314227327181,0.00000608024038229,0.00000893108153832,6.61798935653e-7,1.36006931939e-7,5.24266461355e-8,3.17445511655e-7,7.12435451078e-7,4.05872583542e-7,6.20380376404e-7,2.03047846981e-7,0.00000113027397219,0.00000285606301986,0.00000166138659097,0.0000016157069922,8.33756587326e-7,1.98364190851e-7,1.44895665244e-7,2.35234523416e-7,1.2413401862e-7,5.63903945761e-8,2.53170835407e-8,1.20189769248e-8,2.24822693795e-9,1.32485593676e-11],"max":[0.00165713462047,0.0598974823952,0.0512166693807,0.0188153088093,0.0260378215462,0.0100475968793,0.00700048264116,0.00242088409141,0.00787395052612,0.0148840472102,0.00721285492182,0.0106621049345,0.00682829320431,0.0148025490344,0.0310608167201,0.0159738883376,0.0135317109525,0.0197100117803,0.00627906061709,0.00939667504281,0.0077276872471,0.00502609880641,0.00281619396992,0.00287981959991,0.00162184366491,0.000487595039885,0.0000443625904154],"mean":[0.0000447116290161,0.00340224918909,0.0022970600985,0.000999281532131,0.00164348282851,0.000378735392587,0.000150520572788,0.0000962933117989,0.000197952438612,0.000275898870314,0.000288496201392,0.000264185509877,0.000212872735574,0.000365635496564,0.000634129391983,0.000738452130463,0.00103554211091,0.000576152990106,0.000337195175234,0.00024029953056,0.000344178581145,0.00026311763213,0.00015079525474,0.0000879231956787,0.0000822082874947,0.0000329518516082,0.00000269240990747],"median":[0.0000118416046462,0.0012687840499,0.000819008797407,0.000413047819166,0.000804303504992,0.000177304929821,0.0000547600575374,0.0000260085289483,0.0000453326792922,0.000087363026978,0.0000537785890629,0.0000408174455515,0.0000724028286641,0.0000873152748682,0.0000531922960363,0.0000984629587037,0.0000747231533751,0.000090302019089,0.0000688807995175,0.0000663637038087,0.000139240160934,0.000094610521046,0.0000563557186979,0.0000322072119161,0.0000314357603202,0.0000103534939626,0.00000110798202968],"min":[1.60125489257e-11,1.89964328989e-11,4.28810025682e-12,1.05743903217e-11,7.8990605723e-11,5.63465177295e-11,1.40733587978e-11,3.76682149014e-12,7.24878490566e-12,2.18089192539e-11,1.33365957167e-11,9.61361806134e-12,1.89887671559e-11,2.61490464698e-11,1.2551487627e-11,1.66827870962e-11,7.89529119166e-12,2.08476118313e-11,1.02951180567e-11,5.85528639463e-11,6.89302018242e-11,4.4489821549e-11,6.77295164397e-11,9.85371090279e-11,1.70476813222e-10,2.08660325129e-10,2.03603564564e-10],"var":[7.03613745046e-9,0.0000295610188914,0.0000133974053824,0.00000258234172179,0.0000060074976318,3.23813992509e-7,6.03250924769e-8,2.65041180114e-8,1.67389856642e-7,3.55870866997e-7,3.35358322445e-7,5.04147237734e-7,1.80487077728e-7,8.41874225443e-7,0.00000289141917165,0.00000197966369342,0.00000255754798673,0.00000120915331081,3.33121676022e-7,1.73842082063e-7,2.53875668932e-7,1.9710621757e-7,5.65870692526e-8,2.59780019718e-8,1.5011709209e-8,2.61600230367e-9,1.34775402644e-11]},"barkbands_crest":{"dmean":2.65205812454,"dmean2":4.33428192139,"dvar":6.41739797592,"dvar2":16.287776947,"max":26.3093395233,"mean":9.09330844879,"median":8.11370658875,"min":2.50096297264,"var":18.3004341125},"barkbands_flatness_db":{"dmean":0.0212266277522,"dmean2":0.0317426286638,"dvar":0.000533222279046,"dvar2":0.0011444267584,"max":0.522118985653,"mean":0.110781528056,"median":0.0934918820858,"min":0.017015395686,"var":0.0031470102258},"barkbands_kurtosis":{"dmean":5.0113325119,"dmean2":7.56480550766,"dvar":1072.69018555,"dvar2":3238.61254883,"max":1978.23181152,"mean":6.78072500229,"median":-0.162956953049,"min":-1.89898085594,"var":1126.00708008},"barkbands_skewness":{"dmean":0.706174194813,"dmean2":1.0359609127,"dvar":0.92838704586,"dvar2":2.22424697876,"max":41.9269218445,"mean":1.46675002575,"median":0.933006465435,"min":-4.4507188797,"var":4.56286239624},"barkbands_spread":{"dmean":8.58973121643,"dmean2":13.4480428696,"dvar":116.329216003,"dvar2":287.626525879,"max":129.816131592,"mean":37.1922225952,"median":37.9626617432,"min":0.243806645274,"var":425.905975342},"dissonance":{"dmean":0.00640882132575,"dmean2":0.0109221711755,"dvar":0.0000499714624311,"dvar2":0.000134736576001,"max":0.500000059605,"mean":0.487724274397,"median":0.490691304207,"min":0.388153642416,"var":0.00011143428128},"dynamic_complexity":7.89109373093,"erbbands":{"dmean":[0.0595728941262,0.600345909595,1.65690660477,2.41260027885,3.37905812263,2.8917734623,2.25716781616,2.05554151535,1.64085018635,1.27692651749,1.82035768032,3.02715682983,4.07485485077,6.95415019989,6.42822980881,5.30416536331,5.22509622574,8.15158081055,13.5964374542,16.1966953278,16.8652992249,24.4130592346,12.4444522858,8.64142131805,5.90319824219,5.8030834198,5.65739154816,7.83468437195,4.72246932983,3.87780809402,1.91471529007,1.06348967552,0.766510426998,0.587418973446,0.228083819151,0.104941360652,0.0338782966137,0.00405736314133,0.000275805825368,0.0000136812232086],"dmean2":[0.0913716703653,0.942155718803,2.75001525879,3.96790361404,5.34178638458,4.63971138,3.74583172798,3.48953104019,2.68115067482,2.13615250587,3.08534622192,5.0350227356,6.69893217087,11.3684797287,10.7270078659,8.93968772888,8.62329864502,13.6657705307,22.7046546936,27.0320644379,28.2832603455,41.4494247437,20.6775016785,13.9724760056,9.01089191437,8.5552110672,8.1121969223,12.2553195953,6.91401529312,5.73749065399,2.78786540031,1.52834904194,1.08383655548,0.844251871109,0.306871920824,0.14305382967,0.0463182143867,0.00552615150809,0.000370529363863,0.0000176439534698],"dvar":[0.0121578257531,1.13009512424,9.98494338989,25.0295162201,42.9780845642,29.9135055542,17.8791599274,16.8889751434,16.0297374725,5.19385623932,13.4409780502,65.0533828735,159.764587402,244.853744507,259.725982666,312.703979492,149.516723633,489.520446777,2834.56201172,1840.51867676,1301.35583496,2103.41479492,889.520446777,277.996063232,118.968093872,170.498901367,100.442520142,225.957504272,75.1061401367,49.6769485474,14.1812534332,5.79528093338,3.45119071007,1.32325005531,0.145940825343,0.0302364770323,0.00332508282736,0.000044774824346,1.80329934096e-7,3.73508252105e-10],"dvar2":[0.0237794481218,2.85021996498,26.8948249817,64.9770126343,102.093521118,79.2782058716,48.9993934631,44.6931915283,43.3951568604,13.3938407898,37.6538352966,180.15637207,420.595672607,621.568786621,699.55065918,885.33581543,419.953186035,1411.16467285,8192.42578125,5164.08154297,3741.30395508,6140.82519531,2589.32910156,768.892456055,292.285369873,397.154876709,222.008651733,574.520141602,168.760391235,113.154037476,33.7469482422,13.394865036,7.98357963562,3.00745844841,0.314560562372,0.0644296184182,0.00708901602775,0.0000952806076384,3.89091951547e-7,7.43304084949e-10],"max":[1.15847182274,15.217880249,50.0700416565,64.0194854736,73.0096511841,91.970123291,81.7442779541,101.19153595,166.564971924,34.0735740662,57.3894081116,195.955688477,312.15411377,334.261810303,317.734405518,541.835754395,301.044616699,487.275421143,2186.2265625,825.925720215,699.306884766,804.901184082,1168.92810059,380.234954834,289.007049561,542.222900391,196.299697876,309.667266846,163.358291626,175.385147095,96.9729156494,72.335395813,50.5391311646,28.3398971558,7.08045101166,2.66371798515,0.90866625309,0.103593982756,0.00640280311927,0.000393297668779],"mean":[0.0786345899105,0.849404394627,2.42981696129,3.44501590729,4.82984304428,5.00241708755,3.74741864204,2.92915081978,2.39623975754,1.80939292908,2.63309311867,4.69829177856,6.54057741165,11.3339300156,11.6815042496,10.1378154755,9.80836200714,15.5094470978,27.7475852966,37.7850761414,42.1026725769,64.7864379883,34.448551178,23.0800323486,14.075217247,11.7122631073,12.3089294434,13.7777643204,9.39788246155,7.64459657669,3.56778383255,1.97448778152,1.45448458195,1.14995002747,0.445032715797,0.180774584413,0.0551255606115,0.0068165496923,0.000507327844389,0.0000362368336937],"median":[0.0205069333315,0.342486560345,1.01072645187,1.43945467472,1.9621411562,2.63341450691,2.14497876167,1.42830431461,0.898417770863,0.688280403614,0.730940401554,1.0562376976,2.08152461052,3.35049629211,2.01395225525,1.95771455765,3.40103077888,4.93172550201,3.48541688919,4.233751297,5.66587877274,4.49207258224,4.86097574234,4.35508537292,3.29135775566,3.27847528458,4.79012107849,5.27603721619,3.57350540161,2.83302021027,1.30376040936,0.675316512585,0.560950517654,0.442574739456,0.164599508047,0.0604090057313,0.016703588888,0.00225469493307,0.00022391253151,0.0000226560205192],"min":[9.23272402975e-10,2.96990565474e-9,4.88110929453e-9,3.26975317932e-8,1.46120441968e-7,2.21802238798e-7,3.76514890377e-7,4.2340744244e-7,2.59734520114e-7,1.49932432691e-7,7.85061331499e-8,1.46843191828e-7,7.14263762802e-7,8.5035480879e-7,3.66004542229e-7,3.92675531202e-7,7.49036587422e-7,0.00000154134022523,0.00000104291700609,6.48846480544e-7,7.08760865109e-7,5.67921233596e-7,0.00000127070006783,4.99296788803e-7,9.28185443172e-7,0.00000285343367068,0.00000275700131169,0.00000259439434558,0.00000135885397867,0.00000176792025286,0.0000017433130779,0.00000166680229086,0.00000203438071367,0.00000155249836098,0.00000126161432945,0.00000114817157737,3.83140815075e-7,1.57102476805e-7,3.42675079423e-8,1.36463063072e-9],"var":[0.0207568090409,1.69766700268,12.8467102051,28.4569797516,60.3044281006,49.6449928284,27.6264743805,21.3111953735,17.432226181,7.50810289383,19.4041900635,94.6347808838,221.065612793,439.236480713,673.04888916,693.884277344,388.686126709,1011.80285645,7055.13574219,7235.95947266,5536.36816406,9721.76367188,4010.93945312,1594.18054199,539.978942871,463.22857666,335.826568604,450.14263916,235.287124634,158.519271851,33.4117851257,13.0367555618,7.32082891464,3.23822331429,0.428364306688,0.0764489471912,0.00755035318434,0.000101156045275,4.52718467159e-7,1.60194002508e-9]},"erbbands_crest":{"dmean":2.15009045601,"dmean2":3.57278156281,"dvar":4.24220657349,"dvar2":11.0686912537,"max":26.6676502228,"mean":8.1319360733,"median":7.39463615417,"min":2.20051145554,"var":13.6157531738},"erbbands_flatness_db":{"dmean":0.0143024465069,"dmean2":0.0207161195576,"dvar":0.000187435463886,"dvar2":0.000362505670637,"max":0.289830356836,"mean":0.125362932682,"median":0.120713464916,"min":0.0356045886874,"var":0.0012817842653},"erbbands_kurtosis":{"dmean":1.11784136295,"dmean2":1.78811681271,"dvar":2.77342486382,"dvar2":5.82558059692,"max":49.3485145569,"mean":1.29756200314,"median":0.489934682846,"min":-1.8471544981,"var":10.261762619},"erbbands_skewness":{"dmean":0.356913924217,"dmean2":0.541413724422,"dvar":0.151689991355,"dvar2":0.333532989025,"max":3.11415910721,"mean":-0.524620771408,"median":-0.60953104496,"min":-5.44949150085,"var":0.870987892151},"erbbands_spread":{"dmean":10.1795749664,"dmean2":15.7909641266,"dvar":130.446548462,"dvar2":310.073547363,"max":158.842987061,"mean":50.3798599243,"median":43.7328300476,"min":4.57354021072,"var":949.427490234},"gfcc":{"cov":[[26039.8339844,2227.68017578,-1988.64575195,188.132232666,228.921112061,108.959815979,-446.871643066,458.445617676,-193.984069824,-324.307769775,-592.768737793,337.997375488,-121.620887756],[2227.68017578,1154.47302246,50.9755706787,16.8911762238,81.7870025635,71.5284042358,-114.268554688,-99.603767395,-57.0904426575,-123.917961121,49.6449699402,25.5789871216,63.1271705627],[-1988.64575195,50.9755706787,1035.89245605,307.418121338,-163.044158936,50.9645614624,10.5128517151,-132.170700073,-12.2387971878,64.2771682739,79.6980209351,15.9727735519,47.3921852112],[188.132232666,16.8911762238,307.418121338,456.14730835,-101.669868469,-58.6832466125,-2.71582126617,-11.3338251114,23.1934642792,4.56629276276,10.7060689926,-9.37635326385,20.6492671967],[228.921112061,81.7870025635,-163.044158936,-101.669868469,234.994018555,33.6493377686,17.0774288177,58.7148704529,8.63327693939,-9.61349487305,-24.0254669189,27.4355964661,-7.19998407364],[108.959815979,71.5284042358,50.9645614624,-58.6832466125,33.6493377686,184.215621948,30.7781238556,-75.9772567749,-31.1428756714,2.96652388573,27.8547458649,-14.1564044952,16.6038608551],[-446.871643066,-114.268554688,10.5128517151,-2.71582126617,17.0774288177,30.7781238556,97.9181594849,36.464881897,16.6299667358,25.0000782013,-3.96268081665,0.192753046751,-3.19960808754],[458.445617676,-99.603767395,-132.170700073,-11.3338251114,58.7148704529,-75.9772567749,36.464881897,179.395675659,62.1919441223,8.48275947571,-51.334526062,40.5208740234,-26.9355545044],[-193.984069824,-57.0904426575,-12.2387971878,23.1934642792,8.63327693939,-31.1428756714,16.6299667358,62.1919441223,72.5516433716,26.2113800049,-3.54678893089,2.92337679863,-8.85208415985],[-324.307769775,-123.917961121,64.2771682739,4.56629276276,-9.61349487305,2.96652388573,25.0000782013,8.48275947571,26.2113800049,69.9057006836,8.08866214752,3.68734693527,-11.7456684113],[-592.768737793,49.6449699402,79.6980209351,10.7060689926,-24.0254669189,27.8547458649,-3.96268081665,-51.334526062,-3.54678893089,8.08866214752,85.4319534302,-10.6566095352,20.8817329407],[337.997375488,25.5789871216,15.9727735519,-9.37635326385,27.4355964661,-14.1564044952,0.192753046751,40.5208740234,2.92337679863,3.68734693527,-10.6566095352,66.6396408081,8.27372741699],[-121.620887756,63.1271705627,47.3921852112,20.6492671967,-7.19998407364,16.6038608551,-3.19960808754,-26.9355545044,-8.85208415985,-11.7456684113,20.8817329407,8.27372741699,50.0116920471]],"icov":[[0.000161960255355,-0.00037142529618,0.000449994957307,-0.000456654030131,0.000457116228063,-0.000826382776722,0.000807140953839,-0.000781421083957,0.000799217959866,-0.000704695819877,0.00088914349908,-0.000633724906947,0.000305309309624],[-0.00037142529618,0.00224420195445,-0.00116421829443,0.000916847144254,-0.00166861875914,0.00137181126047,-0.00063900637906,0.0022429341916,-0.00240948260762,0.00393476244062,-0.00264601502568,0.00064131320687,-0.0010434971191],[0.000449994957307,-0.00116421829443,0.00293972785585,-0.00227436074056,0.00192127900664,-0.00264425366186,0.00183921679854,-0.00110165867954,0.00223153363913,-0.00346867600456,0.00202575162984,-0.00321250036359,0.000661950849462],[-0.000456654030131,0.000916847144254,-0.00227436074056,0.0045514521189,-0.000655822455883,0.00348808965646,-0.00269240839407,0.00210343836807,-0.00339890713803,0.00280221109279,-0.00192726613022,0.0028096975293,-0.00188724836335],[0.000457116228063,-0.00166861875914,0.00192127900664,-0.000655822455883,0.00750708486885,-0.00418718671426,0.00187115557492,-0.00417125364766,0.00215775263496,-0.00232885661535,0.00312336324714,-0.00328113278374,0.00108569790609],[-0.000826382776722,0.00137181126047,-0.00264425366186,0.00348808965646,-0.00418718671426,0.013645734638,-0.00905620213598,0.00866063684225,-0.00346279516816,0.00312215066515,-0.00478659430519,0.00366025906987,-0.00221034535207],[0.000807140953839,-0.00063900637906,0.00183921679854,-0.00269240839407,0.00187115557492,-0.00905620213598,0.0202244650573,-0.0104071963578,0.00557322287932,-0.00695524783805,0.00390282575972,-0.000186347489944,-0.00114278856199],[-0.000781421083957,0.0022429341916,-0.00110165867954,0.00210343836807,-0.00417125364766,0.00866063684225,-0.0104071963578,0.0225464794785,-0.0162053536624,0.00832673627883,-0.0000851134973345,-0.00667944736779,0.0036733711604],[0.000799217959866,-0.00240948260762,0.00223153363913,-0.00339890713803,0.00215775263496,-0.00346279516816,0.00557322287932,-0.0162053536624,0.0312202516943,-0.0142650781199,0.00104918936267,0.00385016435757,-0.00153676245827],[-0.000704695819877,0.00393476244062,-0.00346867600456,0.00280221109279,-0.00232885661535,0.00312215066515,-0.00695524783805,0.00832673627883,-0.0142650781199,0.0292118061334,-0.00635748915374,-0.00283093680628,0.00557602383196],[0.00088914349908,-0.00264601502568,0.00202575162984,-0.00192726613022,0.00312336324714,-0.00478659430519,0.00390282575972,-0.0000851134973345,0.00104918936267,-0.00635748915374,0.0214807800949,-0.00236701779068,-0.00326388748363],[-0.000633724906947,0.00064131320687,-0.00321250036359,0.0028096975293,-0.00328113278374,0.00366025906987,-0.000186347489944,-0.00667944736779,0.00385016435757,-0.00283093680628,-0.00236701779068,0.0260653588921,-0.0090706422925],[0.000305309309624,-0.0010434971191,0.000661950849462,-0.00188724836335,0.00108569790609,-0.00221034535207,-0.00114278856199,0.0036733711604,-0.00153676245827,0.00557602383196,-0.00326388748363,-0.0090706422925,0.0289033073932]],"mean":[-62.600818634,51.9740524292,-98.1892318726,59.7838592529,-45.627407074,22.4612503052,-37.6629905701,4.07263898849,-27.7817344666,-1.78103852272,-23.4733829498,5.03986740112,-7.01111364365]},"hfc":{"dmean":4.80578756332,"dmean2":6.34926891327,"dvar":42.6005439758,"dvar2":86.080116272,"max":160.908721924,"mean":18.5728397369,"median":9.20468521118,"min":0.0000106268289528,"var":496.853912354},"melbands":{"dmean":[0.000628855079412,0.000777384964749,0.00041533797048,0.000249220174737,0.0000800650159363,0.0000463998549094,0.0000241808938881,0.0000134127240017,0.0000166446297953,0.000019244136638,0.0000212601444218,0.0000287706952804,0.0000221604204853,0.000017767166355,0.0000135066193252,0.0000120311251521,0.0000166699283,0.0000233345799643,0.0000244467555603,0.0000242473925027,0.0000210406815313,0.0000277010221907,0.0000158078219101,0.000010526121514,0.00000784384883445,0.00000515411920787,0.0000041232001422,0.00000410063103118,0.00000351095081896,0.00000475293427371,0.00000476677814731,0.00000286579552267,0.00000259094053945,0.00000218013860831,0.0000012385556829,7.71096438257e-7,6.39569179839e-7,5.3876004813e-7,5.75486581056e-7,4.99267571286e-7],"dmean2":[0.000963658210821,0.00126840081066,0.00067144096829,0.000391509296605,0.000131632230477,0.0000784024450695,0.0000394430244341,0.0000225479907385,0.0000282231394522,0.0000320581384585,0.0000352503739123,0.0000472841165902,0.0000369009030692,0.0000299007188005,0.0000226141273743,0.0000199204114324,0.0000283319423033,0.0000390914610762,0.000041142830014,0.0000408505620726,0.0000352855640813,0.0000472784086014,0.0000267987797997,0.0000173840417119,0.0000129121463033,0.00000814600480226,0.000006416186352,0.00000620595938017,0.00000516925319971,0.00000723614266462,0.00000772602379584,0.00000433957211499,0.00000384879285775,0.00000337687151841,0.00000186612305697,0.00000111531039693,9.62933313531e-7,7.81630546953e-7,8.41767416659e-7,7.32626745048e-7],"dvar":[0.00000128344788664,0.00000191700405594,6.17856301233e-7,2.52442958981e-7,2.18178097811e-8,8.31469026963e-9,3.16411363777e-9,5.76896863613e-10,1.15810938617e-9,2.78485035032e-9,4.48679138287e-9,4.55523396781e-9,2.70080424691e-9,3.36597749673e-9,1.42934553082e-9,7.90494669722e-10,2.14119877384e-9,9.37564426096e-9,5.01575758705e-9,3.63174823548e-9,2.02901295765e-9,2.76928746601e-9,1.2514221881e-9,5.95047344731e-10,2.41622499786e-10,1.08073945626e-10,5.70857076887e-11,1.14921974714e-10,4.46949040278e-11,7.68257332751e-11,9.79906364384e-11,2.93048502131e-11,2.56420908812e-11,1.61505878116e-11,6.09502118915e-12,3.88509537042e-12,2.11547923276e-12,1.80518946145e-12,1.77964663405e-12,8.64683758622e-13],"dvar2":[0.00000275634033642,0.00000506984770254,0.00000157939143719,6.21491892616e-7,5.88337236707e-8,2.18687024045e-8,8.4819982149e-9,1.50213952388e-9,3.26764681979e-9,7.70282149176e-9,1.18333431942e-8,1.16982610265e-8,7.29101845565e-9,9.47396916473e-9,4.073262172e-9,2.19845253113e-9,6.21441076376e-9,2.71753322068e-8,1.41206353277e-8,1.05802104855e-8,5.75627412402e-9,8.08764788474e-9,3.60341823047e-9,1.71059300058e-9,6.9049183038e-10,2.8269778185e-10,1.39843400748e-10,2.72295713755e-10,1.02916029865e-10,1.91640786573e-10,2.58401383624e-10,6.75141817452e-11,6.0084728859e-11,3.89131157852e-11,1.52510885865e-11,8.95229550213e-12,5.11773436129e-12,4.20783937208e-12,4.1921474972e-12,1.97437270526e-12],"max":[0.0140585955232,0.0207992196083,0.0102600902319,0.00713905273005,0.00276481546462,0.00244430243038,0.00224097608589,0.000343382853316,0.000443652068498,0.00125865428708,0.00161535094958,0.00153145659715,0.000889212125912,0.00127766618971,0.00105117307976,0.000631040311418,0.000999881420285,0.00379049615003,0.00163490674458,0.00128902762663,0.000762108247727,0.0009867886547,0.00125059171114,0.000801572052296,0.000316913443385,0.00031186270644,0.000157901304192,0.000497121247463,0.000137185663334,0.000248125754297,0.000154963374371,0.000106490610051,0.000112841502414,0.0000891672680154,0.0000577265345783,0.0000729350649635,0.0000328492096742,0.0000365274390788,0.0000342287821695,0.0000191558610823],"mean":[0.000856157741509,0.00125752133317,0.000626271939836,0.000391895620851,0.000144595614984,0.0000668957727612,0.0000352962051693,0.0000190794653463,0.0000236895448325,0.0000292551449093,0.0000326185981976,0.0000452321837656,0.0000389669330616,0.0000312206102535,0.0000236202176893,0.0000211029655475,0.0000291979067697,0.0000427384802606,0.0000489999401907,0.0000516421569046,0.0000460329792986,0.0000690039159963,0.0000408267260354,0.0000261989298451,0.0000180281604116,0.0000113462874651,0.00000815894964035,0.00000764307969803,0.00000690666047376,0.00000918667865335,0.00000738588823879,0.00000522308391737,0.0000050826356528,0.00000390372633774,0.00000215548425331,0.00000142956514537,0.00000109760389932,9.81221091934e-7,0.00000104988919247,9.52583718572e-7],"median":[0.000287353497697,0.000587531190831,0.000300960207824,0.00017489529273,0.0000894292752491,0.0000319057689921,0.0000132759623739,0.0000069518264354,0.00000577193804929,0.00000657946611682,0.0000101873201857,0.0000133480907607,0.00000715015494279,0.00000420736159867,0.00000637173252471,0.00000703291334503,0.00000874973738973,0.00000523121298102,0.00000401812258133,0.00000613624615653,0.00000628437783234,0.00000459565899291,0.00000436438858742,0.00000409471567764,0.00000305611092699,0.00000239032237914,0.00000200105841941,0.00000211734209188,0.00000245649607677,0.00000360943340638,0.00000260962883658,0.00000180496283519,0.00000186117460999,0.0000014143355429,7.69114933519e-7,5.02200862229e-7,3.61111830216e-7,3.47304023762e-7,4.38432095962e-7,3.51249184405e-7],"min":[7.66601712665e-12,2.91845020373e-12,8.53501904569e-12,1.10599428921e-11,1.52967031403e-11,9.55548400822e-12,3.69235544917e-12,1.41414137345e-12,6.0439262102e-13,1.02098418695e-12,3.62240749549e-12,3.62333578939e-12,1.54866061381e-12,8.08132749087e-13,9.97347603809e-13,2.64015046804e-12,2.68627871683e-12,1.7937139404e-12,6.15279095034e-13,1.16757374168e-12,7.77784358186e-13,4.58282175229e-13,1.12439885961e-12,8.59738333043e-13,3.36913439855e-13,4.25318011062e-13,1.30399272109e-12,1.99376236007e-12,1.72480118295e-12,1.6948080309e-12,1.40466392858e-12,5.24149083511e-13,1.24846747523e-12,9.13530319099e-13,9.58088101043e-13,1.26893298386e-12,8.57066642049e-13,1.43625757988e-12,1.16014337893e-12,1.48560948699e-12],"var":[0.00000211669453165,0.00000294351957564,7.76544482051e-7,3.75911213268e-7,3.93579071556e-8,1.08139204258e-8,3.57903373605e-9,8.50751802339e-10,1.64475499886e-9,3.92382526471e-9,5.97515859013e-9,7.42543004861e-9,6.40649799877e-9,7.60380647336e-9,3.12618864129e-9,1.71653069536e-9,3.78355391462e-9,1.99089456032e-8,1.58975748121e-8,1.11941078629e-8,7.35257321693e-9,1.12754525716e-8,5.14104581129e-9,2.46268228032e-9,1.01749453307e-9,4.18138940139e-10,1.77155470849e-10,2.51283466257e-10,1.20279744498e-10,1.91179211351e-10,1.51665166537e-10,7.82076625683e-11,7.78571512816e-11,4.13320072612e-11,1.20690115887e-11,8.13726256516e-12,4.14661534276e-12,3.72155041159e-12,3.49262979649e-12,2.16482127363e-12]},"melbands_crest":{"dmean":3.2524766922,"dmean2":5.43474388123,"dvar":8.0966835022,"dvar2":21.441198349,"max":39.9133682251,"mean":13.8208646774,"median":13.2114524841,"min":3.32079458237,"var":23.3356895447},"melbands_flatness_db":{"dmean":0.0285998452455,"dmean2":0.0425392612815,"dvar":0.000848538358696,"dvar2":0.00188966596033,"max":0.552301049232,"mean":0.170223578811,"median":0.151021823287,"min":0.0182089619339,"var":0.00601082341745},"melbands_kurtosis":{"dmean":16.0385875702,"dmean2":23.1188964844,"dvar":5438.19384766,"dvar2":12093.6357422,"max":4895.47851562,"mean":30.9330768585,"median":6.82535648346,"min":-1.91193461418,"var":12592.2470703},"melbands_skewness":{"dmean":0.982466638088,"dmean2":1.457508564,"dvar":1.94330847263,"dvar2":4.26556921005,"max":66.7561798096,"mean":3.49585580826,"median":2.65100359917,"min":-2.83165931702,"var":10.2605705261},"melbands_spread":{"dmean":12.609005928,"dmean2":19.8043422699,"dvar":301.876678467,"dvar2":708.653747559,"max":256.026733398,"mean":41.690032959,"median":36.4352912903,"min":0.148368954659,"var":1181.26818848},"mfcc":{"cov":[[20742.0859375,1997.19042969,-1953.36975098,173.020629883,380.84777832,-219.781433105,-199.162811279,518.143249512,468.325317383,-368.30947876,-109.292762756,92.0132751465,19.5424747467],[1997.19042969,1105.1171875,-76.6374664307,-47.9504890442,194.821136475,85.147605896,39.4838905334,65.4955978394,-36.8749732971,-102.952697754,-45.6937103271,-67.2289733887,-21.4771289825],[-1953.36975098,-76.6374664307,1074.73156738,286.343170166,-23.6116752625,180.227111816,27.7418632507,-109.325782776,-95.5427932739,18.053401947,-14.5716791153,-40.5258865356,-11.404671669],[173.020629883,-47.9504890442,286.343170166,435.213470459,38.420337677,-32.8264045715,-52.0122680664,21.4209079742,40.4651832581,-9.00584793091,1.17498207092,35.4002876282,2.82767319679],[380.84777832,194.821136475,-23.6116752625,38.420337677,138.835769653,37.119972229,11.6251478195,27.5309677124,-1.78211593628,-16.0793399811,-7.06905841827,-19.9369277954,3.41613793373],[-219.781433105,85.147605896,180.227111816,-32.8264045715,37.119972229,204.975799561,76.3272399902,-40.4739112854,-44.5878410339,15.7919206619,-10.2326145172,-55.3319282532,-19.6579303741],[-199.162811279,39.4838905334,27.7418632507,-52.0122680664,11.6251478195,76.3272399902,91.1475296021,4.94750452042,-20.0509243011,6.60348844528,-2.41780638695,-24.4855117798,-6.63060855865],[518.143249512,65.4955978394,-109.325782776,21.4209079742,27.5309677124,-40.4739112854,4.94750452042,95.102897644,57.6288375854,-16.0979747772,8.39387607574,19.6902122498,13.9542236328],[468.325317383,-36.8749732971,-95.5427932739,40.4651832581,-1.78211593628,-44.5878410339,-20.0509243011,57.6288375854,103.20703125,5.5175485611,11.9466190338,36.4884757996,13.3450641632],[-368.30947876,-102.952697754,18.053401947,-9.00584793091,-16.0793399811,15.7919206619,6.60348844528,-16.0979747772,5.5175485611,71.1553573608,21.2205200195,-4.80699110031,5.67137289047],[-109.292762756,-45.6937103271,-14.5716791153,1.17498207092,-7.06905841827,-10.2326145172,-2.41780638695,8.39387607574,11.9466190338,21.2205200195,45.7967376709,24.6534137726,9.69391441345],[92.0132751465,-67.2289733887,-40.5258865356,35.4002876282,-19.9369277954,-55.3319282532,-24.4855117798,19.6902122498,36.4884757996,-4.80699110031,24.6534137726,76.1421051025,24.1134433746],[19.5424747467,-21.4771289825,-11.404671669,2.82767319679,3.41613793373,-19.6579303741,-6.63060855865,13.9542236328,13.3450641632,5.67137289047,9.69391441345,24.1134433746,46.0219078064]],"icov":[[0.0000933147821343,-0.000152007793076,0.000203862175113,-0.00015847402392,0.000135519600008,-0.000244232360274,0.000242144102231,-0.000101718011138,-0.000247813062742,0.000228604243603,0.000101397861727,0.0000263793408521,-0.0000904515763978],[-0.000152007793076,0.00174599129241,-0.00034708424937,0.000576691876631,-0.00185603520367,-0.0000247789121204,-0.0000759743415983,-0.000880571664311,0.000909160531592,0.0012311055325,-0.0000468196594738,0.000474737811601,0.000486923672725],[0.000203862175113,-0.00034708424937,0.00231454358436,-0.00198633922264,0.00149317760952,-0.00223412481137,0.000530225574039,0.000652594142593,0.000612087314948,0.000712064793333,0.0000777790264692,0.000505492906086,-0.00128601363394],[-0.00015847402392,0.000576691876631,-0.00198633922264,0.00448285322636,-0.00259250216186,0.00140626949724,0.00128085643519,-0.00107194494922,-0.000906562025193,-0.000616281758994,0.000740185554605,-0.00190215115435,0.00205098371953],[0.000135519600008,-0.00185603520367,0.00149317760952,-0.00259250216186,0.0123912915587,-0.00356700830162,0.0014556228416,-0.00298664602451,0.00122309103608,0.000676071213093,-0.000686205690727,0.00288646342233,-0.00352832302451],[-0.000244232360274,-0.0000247789121204,-0.00223412481137,0.00140626949724,-0.00356700830162,0.0123500730842,-0.00865409243852,0.00546313496307,-0.00204962003045,-0.00137635390274,-0.00145341746975,0.00316628511064,0.00149991072249],[0.000242144102231,-0.0000759743415983,0.000530225574039,0.00128085643519,0.0014556228416,-0.00865409243852,0.0206585973501,-0.00898033287376,0.00411415286362,-0.00126890512183,0.0011793669546,-0.000257307547145,0.000658915785607],[-0.000101718011138,-0.000880571664311,0.000652594142593,-0.00107194494922,-0.00298664602451,0.00546313496307,-0.00898033287376,0.0255296751857,-0.0129136499017,0.00591813400388,-0.00571432104334,0.00367097253911,-0.00432406784967],[-0.000247813062742,0.000909160531592,0.000612087314948,-0.000906562025193,0.00122309103608,-0.00204962003045,0.00411415286362,-0.0129136499017,0.0213660839945,-0.00611708266661,0.00348907359876,-0.00696717295796,0.00175271253102],[0.000228604243603,0.0012311055325,0.000712064793333,-0.000616281758994,0.000676071213093,-0.00137635390274,-0.00126890512183,0.00591813400388,-0.00611708266661,0.0238632522523,-0.0124601321295,0.00879360176623,-0.00507338531315],[0.000101397861727,-0.0000468196594738,0.0000777790264692,0.000740185554605,-0.000686205690727,-0.00145341746975,0.0011793669546,-0.00571432104334,0.00348907359876,-0.0124601321295,0.0348104573786,-0.0141620282084,0.00185321725439],[0.0000263793408521,0.000474737811601,0.000505492906086,-0.00190215115435,0.00288646342233,0.00316628511064,-0.000257307547145,0.00367097253911,-0.00696717295796,0.00879360176623,-0.0141620282084,0.0285314451903,-0.0105889961123],[-0.0000904515763978,0.000486923672725,-0.00128601363394,0.00205098371953,-0.00352832302451,0.00149991072249,0.000658915785607,-0.00432406784967,0.00175271253102,-0.00507338531315,0.00185321725439,-0.0105889961123,0.0291331019253]],"mean":[-700.940612793,76.1319274902,13.0686826706,38.2709007263,17.0294876099,19.8584041595,3.81382775307,8.06921672821,5.13068532944,-6.35782766342,-3.82770514488,-6.53061580658,-3.60754323006]},"pitch_salience":{"dmean":0.0796513557434,"dmean2":0.132136449218,"dvar":0.00540941162035,"dvar2":0.0144448308274,"max":0.873416662216,"mean":0.614884972572,"median":0.639807939529,"min":0.0137089723721,"var":0.0130310151726},"silence_rate_20dB":{"dmean":0,"dmean2":0,"dvar":0,"dvar2":0,"max":1,"mean":1,"median":1,"min":1,"var":0},"silence_rate_30dB":{"dmean":0,"dmean2":0,"dvar":0,"dvar2":0,"max":1,"mean":1,"median":1,"min":1,"var":0},"silence_rate_60dB":{"dmean":0.0610278360546,"dmean2":0.122077457607,"dvar":0.0573024637997,"dvar2":0.114664673805,"max":1,"mean":0.33434432745,"median":0,"min":0,"var":0.222573637962},"spectral_centroid":{"dmean":308.811248779,"dmean2":477.957122803,"dvar":159857.78125,"dvar2":368883.0625,"max":5441.33251953,"mean":1963.88330078,"median":2093.52514648,"min":241.085418701,"var":883909.125},"spectral_complexity":{"dmean":3.29942893982,"dmean2":4.58468675613,"dvar":17.559627533,"dvar2":28.0896701813,"max":62,"mean":18.1116867065,"median":11,"min":0,"var":290.376373291},"spectral_contrast_coeffs":{"dmean":[0.0454637631774,0.0408322699368,0.0315410755575,0.0264972764999,0.0184133704752,0.0173433814198],"dmean2":[0.0749797150493,0.0686738491058,0.0532982163131,0.0448958650231,0.0302560217679,0.0280224569142],"dvar":[0.00137591199018,0.00104063272011,0.000642412283923,0.000460541108623,0.000240173103521,0.000276719831163],"dvar2":[0.00376086356118,0.00287524866872,0.00180773518514,0.00132050155662,0.000603999185842,0.000687399413437],"max":[-0.45370721817,-0.505652010441,-0.637376129627,-0.650178730488,-0.638420939445,-0.605886161327],"mean":[-0.689536511898,-0.786015093327,-0.83289963007,-0.819400727749,-0.815313577652,-0.759833037853],"median":[-0.686013579369,-0.785545110703,-0.83334851265,-0.823376119137,-0.820794939995,-0.750996112823],"min":[-0.930402040482,-0.962074756622,-0.953184306622,-0.941455245018,-0.940342605114,-0.915656685829],"var":[0.00474212970585,0.00316566880792,0.00193165708333,0.00233530881815,0.00259139202535,0.00221928884275]},"spectral_contrast_valleys":{"dmean":[0.399058252573,0.431637793779,0.369338750839,0.322490543127,0.259207606316,0.28941911459],"dmean2":[0.631546497345,0.688071966171,0.556988537312,0.463182657957,0.35607072711,0.36964777112],"dvar":[0.115022309124,0.196159869432,0.152957424521,0.124033890665,0.0915560051799,0.119343794882],"dvar2":[0.266643673182,0.423998594284,0.296515226364,0.22270411253,0.16481487453,0.242579683661],"max":[-5.48961305618,-5.41041755676,-5.4617023468,-5.11459827423,-5.47563171387,-7.75478696823],"mean":[-7.62742614746,-8.02752113342,-8.15560913086,-8.18739509583,-7.79988765717,-10.0794801712],"median":[-7.19096279144,-7.60513162613,-7.66735744476,-7.74526596069,-7.42679357529,-9.81939983368],"min":[-15.9010152817,-14.7836122513,-15.1007442474,-15.1369009018,-14.7597045898,-15.9017791748],"var":[2.85148429871,2.81109952927,2.97965621948,2.8410847187,2.4786131382,1.75741958618]},"spectral_decrease":{"dmean":1.25932508865e-9,"dmean2":1.86033544125e-9,"dvar":3.55003336877e-18,"dvar2":7.81469867441e-18,"max":-9.67689680392e-17,"mean":-3.56586382644e-9,"median":-2.2438539915e-9,"min":-2.88133019666e-8,"var":1.44075787922e-17},"spectral_energy":{"dmean":0.00503746140748,"dmean2":0.00734749343246,"dvar":0.0000541952358617,"dvar2":0.000117476607556,"max":0.116645403206,"mean":0.0151429912075,"median":0.00969604309648,"min":1.32911071038e-9,"var":0.000256181228906},"spectral_energyband_high":{"dmean":0.000474684289657,"dmean2":0.000621540821157,"dvar":5.86129203839e-7,"dvar2":0.00000123024676668,"max":0.0148416720331,"mean":0.00109407817945,"median":0.000485739816213,"min":8.92682927578e-10,"var":0.00000242905571213},"spectral_energyband_low":{"dmean":0.00362076517195,"dmean2":0.00568023743108,"dvar":0.0000387684085581,"dvar2":0.0000912775431061,"max":0.0849151164293,"mean":0.00635025044903,"median":0.00306870252825,"min":3.91902447994e-11,"var":0.0000728438171791},"spectral_energyband_middle_high":{"dmean":0.00106902804691,"dmean2":0.00163814949337,"dvar":0.00000355109614247,"dvar2":0.00000849715343065,"max":0.0609953589737,"mean":0.00481951283291,"median":0.00125613098498,"min":1.89379817384e-10,"var":0.0000520151188539},"spectral_energyband_middle_low":{"dmean":0.00172825879417,"dmean2":0.00266991695389,"dvar":0.00000807738979347,"dvar2":0.0000187917539733,"max":0.0302061419934,"mean":0.00353122642264,"median":0.00208615185693,"min":2.07849654155e-10,"var":0.0000171501505974},"spectral_entropy":{"dmean":0.120988234878,"dmean2":0.180933579803,"dvar":0.0181983690709,"dvar2":0.0385401919484,"max":8.97888278961,"mean":7.96760225296,"median":7.98035335541,"min":6.68357038498,"var":0.0833761617541},"spectral_flux":{"dmean":0.0159209556878,"dmean2":0.0240347981453,"dvar":0.00040084370994,"dvar2":0.000900195445865,"max":0.232555568218,"mean":0.0596421733499,"median":0.0538860075176,"min":0.0000673056274536,"var":0.0018809933681},"spectral_kurtosis":{"dmean":0.696038901806,"dmean2":1.14958679676,"dvar":0.587586820126,"dvar2":1.56198108196,"max":13.7082767487,"mean":2.77256083488,"median":2.33653020859,"min":-1.00947976112,"var":3.56669640541},"spectral_rms":{"dmean":0.000587255053688,"dmean2":0.00082570372615,"dvar":5.11002554049e-7,"dvar2":9.80184267974e-7,"max":0.0106677263975,"mean":0.00321326847188,"median":0.00307563878596,"min":0.00000113872442853,"var":0.00000444856868853},"spectral_rolloff":{"dmean":747.261901855,"dmean2":1235.57385254,"dvar":1873807.5,"dvar2":4659698.5,"max":15611.5722656,"mean":2574.91625977,"median":2497.8515625,"min":21.533203125,"var":5267314},"spectral_skewness":{"dmean":0.143809556961,"dmean2":0.232031911612,"dvar":0.0194487590343,"dvar2":0.0502179153264,"max":2.47366213799,"mean":1.18673634529,"median":1.2081823349,"min":-0.187837168574,"var":0.121830791235},"spectral_spread":{"dmean":450600.34375,"dmean2":645783.75,"dvar":196692918272,"dvar2":393228124160,"max":16671410,"mean":5501068.5,"median":5443738.5,"min":1820035.875,"var":2511806922750},"spectral_strongpeak":{"dmean":0.271747082472,"dmean2":0.488221824169,"dvar":0.612872838974,"dvar2":1.67241859436,"max":12.5684680939,"mean":0.333230525255,"median":0.163813903928,"min":0,"var":0.568708121777},"zerocrossingrate":{"dmean":0.0133277084678,"dmean2":0.0152285713702,"dvar":0.000215090127313,"dvar2":0.000261760229478,"max":0.36572265625,"mean":0.092737197876,"median":0.0849609375,"min":0.00048828125,"var":0.00269474531524}},"metadata":{"audio_properties":{"analysis_sample_rate":44100,"bit_rate":0,"codec":"flac","downmix":"mix","equal_loudness":0,"length":130.115463257,"lossless":true,"md5_encoded":"7a8a2aa99df0821b950fb41a7c0b5a57","replay_gain":-8.68251419067,"sample_rate":96000},"tags":{"album":["Doolittle 25"],"albumartist":["Pixies"],"albumartistsort":["Pixies"],"artist":["Pixies"],"artistsort":["Pixies"],"barcode":["652637342512"],"catalognumber":["CAD 3425"],"composer":["Black Francis"],"composersort":["Black Francis"],"date":["2015-01-20"],"discnumber":["3"],"discsubtitle":["Demos"],"disctotal":["3"],"engineer":["Claude Fixler"],"file_name":"3-02 Tame.flac","genre":["Indie Rock"],"grouping":["Rock"],"label":["4AD"],"language":["eng"],"lyricist":["Black Francis"],"media":["12″ Vinyl"],"musicbrainz_albumartistid":["b6b2bb8d-54a9-491f-9607-7b546023b433"],"musicbrainz_albumid":["6240f3c4-b946-4a79-ab53-262b30fb08a5"],"musicbrainz_artistid":["b6b2bb8d-54a9-491f-9607-7b546023b433"],"musicbrainz_recordingid":["760d5e16-3ee5-406f-b664-f5609587af9a"],"musicbrainz_releasegroupid":["1aa41b19-5a72-341b-bd91-4cf61d1dab6b"],"musicbrainz_releasetrackid":["eb08b123-020c-4450-a8bf-504dfe79ae0c"],"musicbrainz_workid":["8c3d6249-1246-3d92-8c17-4f86f433fa8d"],"originaldate":["1989-04-17"],"releasecountry":["US"],"releasestatus":["official"],"releasetype":["album"],"script":["Latn"],"title":["Tame"],"totaldiscs":["3"],"totaltracks":["18"],"tracknumber":["2"],"tracktotal":["18"],"work":["Tame"]},"version":{"essentia":"2.1-beta2","essentia_build_sha":"70f2e5ece6736b2c40cc944ad0e695b16b925413","essentia_git_sha":"v2.1_beta2","extractor":"music 1.0"}},"rhythm":{"beats_count":281,"beats_loudness":{"dmean":0.00917748454958,"dmean2":0.0160434860736,"dvar":0.0000684114274918,"dvar2":0.000163778357091,"max":0.078550837934,"mean":0.0238597784191,"median":0.0229582581669,"min":1.67507803184e-8,"var":0.000264000409516},"beats_loudness_band_ratio":{"dmean":[0.26767820