{"lowlevel":{"average_loudness":0.461853474379,"barkbands":{"dmean":[0.00033980794251,0.00419069128111,0.00137809209991,0.00171095551923,0.00174280744977,0.000921150029171,0.000682618294377,0.000835454615299,0.000596804893576,0.000436194502981,0.000272683071671,0.000219992551138,0.000192753839656,0.000176661225851,0.000169337494299,0.00015715759946,0.000166066311067,0.000113039779535,0.000110444700113,0.0000934088166105,0.0000647260385449,0.0000476978311781,0.0000319931896229,0.0000249230924965,0.0000235032457567,0.0000181332961802,0.00000841879591462],"dmean2":[0.000497156812344,0.00616181921214,0.002332724398,0.00288233649917,0.00288748298772,0.00150440901052,0.00115387048572,0.00137760769576,0.00097441545222,0.00072077056393,0.000460341834696,0.00036871311022,0.00032760790782,0.000298831961118,0.000281555898255,0.000262984773144,0.00027661563945,0.000191079467186,0.00018007356266,0.000157236907398,0.000106801155198,0.0000739815513953,0.0000516337204317,0.0000371587921109,0.0000348366847902,0.0000273112818832,0.000012598738067],"dvar":[3.86864741131e-7,0.0000507957083755,0.00000723772791389,0.00000870091935212,0.00000975110924628,0.00000207313496503,0.00000156116846028,0.00000266585698228,0.00000111094539079,5.74074078941e-7,1.78205212364e-7,1.09173299734e-7,9.69274438489e-8,7.76555495463e-8,8.90439721957e-8,5.89566440112e-8,9.51728864607e-8,1.94569960144e-8,2.56892001005e-8,1.6052181806e-8,1.01937649433e-8,6.56549969946e-9,3.45687611869e-9,1.93518157054e-9,1.83162718326e-9,1.91106619418e-9,4.47262588077e-10],"dvar2":[7.70156418639e-7,0.0000867591661518,0.0000202849714697,0.0000233334903896,0.0000258463023783,0.00000530970783075,0.00000472636656923,0.00000705131014911,0.0000028869558264,0.00000163801098552,5.06651758769e-7,2.89289516786e-7,2.71458560519e-7,2.11068069689e-7,2.28882015563e-7,1.53174696038e-7,2.30606389096e-7,5.32292858679e-8,6.42367012915e-8,4.15744878524e-8,2.41627304831e-8,1.47852645682e-8,8.22892332053e-9,3.38402350586e-9,3.48302653386e-9,4.05843225693e-9,9.92520510223e-10],"max":[0.00917160324752,0.0693933740258,0.0758458301425,0.0502301901579,0.0540388002992,0.0222912784666,0.0209970586002,0.0311607401818,0.0206629037857,0.0174439251423,0.0072601349093,0.00776064442471,0.00733599951491,0.00491210957989,0.00892261881381,0.0039877500385,0.009436795488,0.00215598987415,0.00424798717722,0.00295021221973,0.0033830627799,0.00138680054806,0.00199855887331,0.00153636408504,0.000605739944149,0.000741352152545,0.000441655196482],"mean":[0.000392908637878,0.0054111010395,0.00196240935475,0.00273339310661,0.00301158707589,0.00182836537715,0.00118344312068,0.0013789475197,0.00110451551154,0.00080202810932,0.000511807855219,0.000427561142715,0.000382352649467,0.000363316445146,0.000359606638085,0.000327172077959,0.000361828831956,0.000277685321635,0.00030721645453,0.00027361130924,0.000205759963137,0.00014822135563,0.000110543318442,0.0000931712420424,0.0000727434453438,0.0000436398986494,0.0000211360802496],"median":[0.000084003288066,0.00138329225592,0.000824938993901,0.0011193206301,0.00134217040613,0.000982346246019,0.000565944123082,0.000582588138059,0.000468249199912,0.000311952200718,0.000252295081737,0.000245488976361,0.000215539505007,0.000220750080189,0.000228509918088,0.000239986911765,0.000242665148107,0.000226440868573,0.000232698512264,0.000195833665202,0.000151682150317,0.000111344314064,0.0000831754732644,0.0000681579695083,0.0000513139457325,0.0000295268710033,0.0000141550008266],"min":[5.53969934518e-23,1.95437054939e-24,3.01270207998e-23,5.87399146e-23,4.56829791976e-23,4.47643064972e-23,5.59698579303e-23,3.2580412925e-23,1.2412537017e-22,5.0480837534e-23,5.85187558675e-23,6.32392553481e-23,8.0928773261e-23,5.77196523922e-23,1.87039438121e-22,1.74916438299e-22,2.14397424615e-22,3.01702314448e-22,1.1726110647e-22,4.52018358921e-22,5.31809430673e-22,3.54414151596e-22,7.75686196041e-22,7.85510227992e-22,1.23924075587e-21,1.60747113095e-21,3.00965364377e-21],"var":[5.7919100982e-7,0.0000889069633558,0.0000102130634332,0.0000165296569321,0.0000189199108718,0.00000560983153264,0.00000309406550514,0.000005472913017,0.00000274459898719,0.00000131534193315,4.48382053264e-7,3.45978605765e-7,2.93851002198e-7,2.1986213028e-7,2.92974647209e-7,1.33049070428e-7,2.62199250756e-7,5.7876555104e-8,9.44952205373e-8,7.58065965556e-8,4.81672302044e-8,2.55836649643e-8,1.66629963161e-8,1.20908971724e-8,7.04081015712e-9,3.93758359252e-9,1.09355602351e-9]},"barkbands_crest":{"dmean":3.01416563988,"dmean2":4.823802948,"dvar":9.85791110992,"dvar2":20.2609291077,"max":25.7075271606,"mean":8.95479488373,"median":7.29666566849,"min":1.80869483948,"var":23.5816612244},"barkbands_flatness_db":{"dmean":0.0196688827127,"dmean2":0.0299244653434,"dvar":0.000509271048941,"dvar2":0.000946481421124,"max":0.425188213587,"mean":0.0864711403847,"median":0.0748809874058,"min":0.0150861013681,"var":0.00198835111223},"barkbands_kurtosis":{"dmean":3.45421719551,"dmean2":5.2879986763,"dvar":185.173629761,"dvar2":406.971038818,"max":438.046936035,"mean":4.2262339592,"median":1.62492799759,"min":-1.86710727215,"var":237.024658203},"barkbands_skewness":{"dmean":0.552099823952,"dmean2":0.814300596714,"dvar":0.644006788731,"dvar2":1.15658533573,"max":16.8467617035,"mean":1.607411623,"median":1.43990492821,"min":-2.36846470833,"var":1.87434756756},"barkbands_spread":{"dmean":5.54334068298,"dmean2":8.57679176331,"dvar":41.0654296875,"dvar2":79.3759307861,"max":88.6552734375,"mean":27.5731010437,"median":25.3322257996,"min":0.335768520832,"var":172.836685181},"dissonance":{"dmean":0.0105289807543,"dmean2":0.018273781985,"dvar":0.000159000497661,"dvar2":0.000440522300778,"max":0.500000059605,"mean":0.483619332314,"median":0.486950755119,"min":0.229855641723,"var":0.000215174150071},"dynamic_complexity":4.34385538101,"erbbands":{"dmean":[0.191739410162,0.700385570526,1.21249949932,4.42343664169,4.89569711685,5.94568824768,9.08883571625,7.63914632797,9.67191886902,14.969212532,13.0883131027,12.4084777832,14.2440919876,12.2344427109,10.820848465,8.26265335083,8.35341453552,9.13062763214,8.42397403717,7.53087997437,8.01119804382,7.90763473511,5.73952722549,5.94200372696,5.75590753555,3.83958959579,3.35883688927,2.29690337181,1.7964104414,1.41994130611,0.943416178226,0.589333593845,0.436429470778,0.285788357258,0.161629900336,0.0795869156718,0.0323220267892,0.0114712854847,0.00135199772194,0.0000701907847542],"dmean2":[0.270853608847,1.12841701508,2.08071613312,7.384121418,8.34943008423,9.78594875336,14.6716384888,12.6037740707,16.390871048,24.8293972015,21.7055072784,20.6040363312,23.1536026001,20.3896160126,18.2321281433,13.8488960266,14.2361335754,15.4177789688,13.8865671158,12.6231975555,13.3759584427,13.0621061325,9.65162849426,10.0314311981,9.40239334106,6.43768692017,5.65713691711,3.69704413414,2.82631182671,2.24919366837,1.53183078766,0.873203039169,0.668563425541,0.416225224733,0.244179069996,0.124435827136,0.0473289862275,0.0177886877209,0.00202301470563,0.000103990256321],"dvar":[0.12250135839,1.36976981163,6.00575685501,60.6452522278,82.0056304932,115.840415955,295.923187256,153.772659302,334.340667725,897.834960938,517.436767578,485.772857666,613.755493164,469.545471191,291.514251709,142.417556763,196.70930481,197.776535034,262.397827148,117.213348389,172.45072937,160.393569946,47.3943252563,80.6542892456,68.8504333496,25.3413257599,23.0621318817,13.058924675,9.7590970993,5.67836761475,2.75986433029,1.02335941792,0.561008155346,0.259254336357,0.0819569826126,0.0262620598078,0.00619835359976,0.00131277996115,0.000010708762602,2.34959696144e-8],"dvar2":[0.195444867015,2.87373042107,16.8857746124,162.809234619,216.345001221,295.978759766,778.58416748,403.542602539,1022.43157959,2330.9050293,1365.79833984,1320.26342773,1590.72229004,1320.89208984,814.419677734,370.725280762,553.606567383,556.13885498,665.993041992,312.422821045,422.455444336,392.535186768,128.71963501,208.539428711,180.127090454,65.3815841675,59.4262390137,30.2261238098,22.5119228363,13.5131397247,6.65955924988,1.97376191616,1.12738919258,0.476174980402,0.162704885006,0.0552631504834,0.0130898281932,0.00323531450704,0.000023111646442,4.98125558579e-8],"max":[2.93630433083,13.7478256226,72.2146835327,138.397781372,143.324066162,205.563568115,306.434051514,167.396682739,314.147918701,501.462554932,407.481231689,343.806060791,376.590698242,442.024291992,319.055511475,245.486282349,355.533050537,259.14050293,551.014648438,280.328704834,406.354278564,428.429779053,114.854568481,156.217697144,238.217544556,93.5234222412,141.57043457,91.466217041,51.7714157104,58.3010444641,55.9073524475,37.5375213623,18.3089103699,7.43271780014,4.77187252045,2.35857868195,1.4538320303,0.723932921886,0.0653902217746,0.00364736258052],"mean":[0.231768578291,0.91921889782,1.85210716724,7.51392602921,6.99271249771,10.4320955276,16.6307506561,13.4060726166,17.0975284576,25.1936836243,23.7867450714,23.4694232941,28.0764255524,24.637424469,21.692735672,17.609046936,17.7164115906,19.4705410004,19.1747341156,17.7836837769,18.7399482727,19.0837173462,15.653968811,15.2857542038,15.9583711624,11.9316177368,10.2023839951,6.7959728241,5.32881736755,4.22686481476,3.17478871346,2.07565116882,1.48902273178,0.90742367506,0.46433994174,0.197628706694,0.0779243558645,0.0225588008761,0.00332860113122,0.000241301197093],"median":[0.0449244752526,0.274924039841,0.922206759453,3.12379956245,3.74582290649,4.22815990448,7.67789554596,6.64769601822,8.23232269287,11.110669136,11.4567127228,11.098285675,10.3946876526,10.541765213,11.6184873581,10.9698734283,10.3885612488,11.8177289963,11.9154405594,13.3103790283,13.9092788696,14.1969232559,13.1171798706,11.9555530548,11.9731521606,8.98365688324,7.11219787598,4.84163665771,3.93026185036,3.15609455109,2.35323143005,1.552511096,1.0674495697,0.633135914803,0.327191948891,0.139331221581,0.0516003966331,0.0139233414084,0.00223819841631,0.000167799065821],"min":[1.66794604098e-22,8.87379913517e-22,2.22508595941e-20,1.45590082137e-19,1.65671416621e-19,1.40521132268e-19,2.96482417849e-19,3.11486827926e-19,6.62452246454e-19,7.75684276723e-19,1.31988474736e-18,2.89659542644e-18,1.78278639188e-18,1.67375375078e-18,3.19317896712e-18,2.16156749041e-18,2.55818611847e-18,3.96160783589e-18,8.29095039363e-18,9.72519306747e-18,1.27241231434e-17,9.57894670799e-18,1.47343101711e-17,1.15078814384e-17,9.04365083665e-18,2.18419158327e-17,2.3600405862e-17,1.68145668412e-17,1.29727041524e-17,1.53300208328e-17,2.58060465695e-17,1.91577709932e-17,1.15552482819e-17,1.17567618868e-17,9.49649499889e-18,5.27112614902e-18,3.36657732341e-18,1.52955652448e-18,4.2146837443e-19,4.58749036284e-20],"var":[0.208347544074,2.13420963287,8.56064605713,120.997695923,99.1411361694,265.59375,653.515991211,343.076477051,671.571777344,1815.72900391,1200.53601074,1147.15319824,1634.50830078,1233.87878418,795.417602539,470.159942627,629.362365723,606.616638184,929.510498047,370.214385986,482.850036621,484.983612061,173.059371948,225.808792114,249.652694702,126.70552063,125.406242371,56.2270851135,34.6589851379,20.8386497498,13.7688550949,6.08058261871,2.9448158741,1.06696689129,0.298372596502,0.0661459863186,0.0129965348169,0.00161270902026,0.0000263533456746,1.23363591342e-7]},"erbbands_crest":{"dmean":1.48947715759,"dmean2":2.48285961151,"dvar":2.10582304001,"dvar2":5.61197042465,"max":26.4410533905,"mean":5.7660779953,"median":5.07041454315,"min":2.1716966629,"var":7.12547159195},"erbbands_flatness_db":{"dmean":0.0108647141606,"dmean2":0.01703046076,"dvar":0.000143247714732,"dvar2":0.000297750637401,"max":0.297226011753,"mean":0.111364133656,"median":0.102227203548,"min":0.0405247695744,"var":0.00121036125347},"erbbands_kurtosis":{"dmean":0.551619470119,"dmean2":0.92365026474,"dvar":0.893324971199,"dvar2":2.33552122116,"max":16.5892848969,"mean":-0.0445506758988,"median":-0.514723300934,"min":-1.72595155239,"var":2.61825108528},"erbbands_skewness":{"dmean":0.239421024919,"dmean2":0.390265882015,"dvar":0.0570279471576,"dvar2":0.139967739582,"max":3.65253591537,"mean":0.0620919987559,"median":0.194743961096,"min":-2.86593389511,"var":0.484678089619},"erbbands_spread":{"dmean":6.70021390915,"dmean2":10.6816883087,"dvar":50.9543685913,"dvar2":114.311035156,"max":123.42665863,"mean":45.2197265625,"median":44.7201576233,"min":7.03460788727,"var":237.160827637},"gfcc":{"cov":[[9253.32421875,488.914428711,531.50189209,-614.757873535,112.094764709,49.664932251,-136.009887695,-269.728027344,-269.919677734,-140.932632446,-274.426696777,73.4780883789,24.9045276642],[488.914428711,889.447692871,-126.309906006,-107.138778687,21.7993373871,-16.4346179962,17.8978633881,-53.4211196899,3.6489007473,-48.0403709412,9.27164554596,-42.1011962891,30.6060771942],[531.50189209,-126.309906006,432.581939697,145.303375244,95.548828125,91.3461608887,53.5869865417,9.69600486755,-0.0384815894067,24.0790367126,-6.55240488052,52.8078079224,18.1681919098],[-614.757873535,-107.138778687,145.303375244,430.2265625,234.258056641,127.813278198,59.0038719177,95.4867019653,69.7545928955,26.9842376709,48.0639266968,3.89944624901,-6.04956102371],[112.094764709,21.7993373871,95.548828125,234.258056641,271.869232178,100.850814819,39.5410728455,62.8776855469,48.7922210693,12.8413772583,17.49741745,5.73692655563,-8.56967163086],[49.664932251,-16.4346179962,91.3461608887,127.813278198,100.850814819,101.484695435,55.0834579468,44.6065940857,32.3278579712,18.6338062286,21.1788406372,14.029384613,6.59774112701],[-136.009887695,17.8978633881,53.5869865417,59.0038719177,39.5410728455,55.0834579468,80.9057388306,50.7429771423,35.5166435242,24.1894226074,24.2166786194,8.03357982635,11.5058555603],[-269.728027344,-53.4211196899,9.69600486755,95.4867019653,62.8776855469,44.6065940857,50.7429771423,87.6433563232,58.2957839966,32.1043815613,26.4578762054,5.77743959427,2.98901081085],[-269.919677734,3.6489007473,-0.0384815894067,69.7545928955,48.7922210693,32.3278579712,35.5166435242,58.2957839966,72.8711853027,40.8856086731,30.847612381,7.02885961533,11.0173311234],[-140.932632446,-48.0403709412,24.0790367126,26.9842376709,12.8413772583,18.6338062286,24.1894226074,32.1043815613,40.8856086731,54.753326416,35.847278595,17.6860084534,11.4479112625],[-274.426696777,9.27164554596,-6.55240488052,48.0639266968,17.49741745,21.1788406372,24.2166786194,26.4578762054,30.847612381,35.847278595,58.0164489746,23.9547843933,15.4512901306],[73.4780883789,-42.1011962891,52.8078079224,3.89944624901,5.73692655563,14.029384613,8.03357982635,5.77743959427,7.02885961533,17.6860084534,23.9547843933,51.0241355896,30.1510028839],[24.9045276642,30.6060771942,18.1681919098,-6.04956102371,-8.56967163086,6.59774112701,11.5058555603,2.98901081085,11.0173311234,11.4479112625,15.4512901306,30.1510028839,47.1881828308]],"icov":[[0.000230312463827,-0.000195141896256,-0.000256713537965,0.00059923378285,-0.000416308728745,-0.000766232958995,0.000659109209664,-0.000304594548652,0.000797790067736,-0.000629606132861,0.00101650890429,-0.000447952537797,-0.00000935769821808],[-0.000195141896256,0.00235234457068,-0.0000449505823781,0.00107333390042,-0.00125462724827,0.000943441817071,-0.0020259602461,0.00317296315916,-0.00376310921274,0.00539389578626,-0.0053318971768,0.00512642692775,-0.00329421134666],[-0.000256713537965,-0.0000449505823781,0.00558044482023,-0.003427014919,0.000845793925691,-0.000610192888416,-0.00502202473581,0.00405627815053,0.00159911368974,-0.0059285373427,0.00800088793039,-0.00813052430749,0.00242335838266],[0.00059923378285,0.00107333390042,-0.003427014919,0.00986728072166,-0.00540623720735,-0.00523745315149,0.00530029414222,-0.00389380659908,-0.00107973651029,0.00680176215246,-0.00902038812637,0.00869640149176,-0.00372418761253],[-0.000416308728745,-0.00125462724827,0.000845793925691,-0.00540623720735,0.0104110883549,-0.00387070188299,0.00155891559552,-0.00181976333261,-0.00228146696463,-0.000740054063499,0.0037367795594,-0.00516399182379,0.00496998662129],[-0.000766232958995,0.000943441817071,-0.000610192888416,-0.00523745315149,-0.00387070188299,0.0303411819041,-0.0162138659507,0.00301953102462,-0.00340972305275,0.00296189263463,-0.00332219945267,-0.00223143817857,0.000764077703934],[0.000659109209664,-0.0020259602461,-0.00502202473581,0.00530029414222,0.00155891559552,-0.0162138659507,0.0358416624367,-0.0195209663361,0.00510432384908,-0.00107623660006,-0.00638669217005,0.00934361666441,-0.00618292624131],[-0.000304594548652,0.00317296315916,0.00405627815053,-0.00389380659908,-0.00181976333261,0.00301953102462,-0.0195209663361,0.0420922227204,-0.0246731936932,0.00310276146047,0.00195992738008,-0.00448591075838,0.00461516203359],[0.000797790067736,-0.00376310921274,0.00159911368974,-0.00107973651029,-0.00228146696463,-0.00340972305275,0.00510432384908,-0.0246731936932,0.053167976439,-0.0324332974851,0.00978830363601,0.000461227726191,-0.00639862986282],[-0.000629606132861,0.00539389578626,-0.0059285373427,0.00680176215246,-0.000740054063499,0.00296189263463,-0.00107623660006,0.00310276146047,-0.0324332974851,0.0649677887559,-0.0390453003347,0.0127178654075,-0.00402422202751],[0.00101650890429,-0.0053318971768,0.00800088793039,-0.00902038812637,0.0037367795594,-0.00332219945267,-0.00638669217005,0.00195992738008,0.00978830363601,-0.0390453003347,0.0642671436071,-0.0365040898323,0.0107289711013],[-0.000447952537797,0.00512642692775,-0.00813052430749,0.00869640149176,-0.00516399182379,-0.00223143817857,0.00934361666441,-0.00448591075838,0.000461227726191,0.0127178654075,-0.0365040898323,0.0655639246106,-0.0345956087112],[-0.00000935769821808,-0.00329421134666,0.00242335838266,-0.00372418761253,0.00496998662129,0.000764077703934,-0.00618292624131,0.00461516203359,-0.00639862986282,-0.00402422202751,0.0107289711013,-0.0345956087112,0.0449958816171]],"mean":[13.4685096741,65.0163269043,-105.845474243,30.3971443176,-52.2688293457,6.17811250687,-31.5045776367,8.51581954956,-21.1981678009,2.03850388527,-14.6234760284,-0.659977197647,-11.7794904709]},"hfc":{"dmean":2.73263907433,"dmean2":4.12666749954,"dvar":16.1645698547,"dvar2":29.8969192505,"max":112.077476501,"mean":17.5317935944,"median":14.6983127594,"min":1.27387217231e-16,"var":233.408630371},"melbands":{"dmean":[0.00138280284591,0.000653515045997,0.000710317108314,0.00038632468204,0.000296498619718,0.00016496918397,0.000145863814396,0.000176345187356,0.0000996537928586,0.0000822947404231,0.0000729991952539,0.0000522550908499,0.0000360261728929,0.0000275907532341,0.0000209134941542,0.000018271677618,0.0000183289503184,0.0000145526291817,0.0000119758642541,0.0000126578106574,0.0000106374736788,0.00000944746352616,0.00000791565344116,0.00000520167532159,0.00000551665561943,0.00000476275999972,0.00000447268621429,0.00000283044460048,0.0000025878202905,0.00000175630566446,0.00000149328866428,0.00000107779226255,0.00000104939738321,8.13221674889e-7,5.88505088217e-7,4.84909662646e-7,3.89601581219e-7,3.54003901748e-7,3.15561436537e-7,2.42606262191e-7],"dmean2":[0.00198935880326,0.00109575781971,0.0011943790596,0.000647488341201,0.000479065056425,0.000271331722615,0.00024628356914,0.000292815093417,0.000166066121892,0.000135876834975,0.000118849173305,0.0000872525633895,0.0000607963629591,0.0000464150580228,0.0000351866183337,0.0000310927280225,0.0000308531452902,0.0000239650253206,0.0000199376936507,0.0000211427595787,0.0000177695401362,0.000015599784092,0.0000132860423037,0.00000880179959495,0.00000933531555347,0.00000771650775278,0.00000761246792536,0.00000472775673188,0.00000438996266894,0.00000293525863526,0.00000240694112108,0.00000170325392901,0.00000168082135588,0.00000131587455598,9.7004226518e-7,7.6711529573e-7,5.9787379314e-7,5.72978308355e-7,4.75021550983e-7,3.63406996939e-7],"dvar":[0.00000588170678384,0.00000126223301322,0.000001445710609,5.0828930398e-7,3.2356894053e-7,6.82496335003e-8,7.33852516532e-8,1.32019295052e-7,2.99298648088e-8,2.12349977602e-8,1.59890429785e-8,8.70265992603e-9,3.14268033819e-9,1.82840087515e-9,9.75895475541e-10,8.13138556488e-10,8.27468982223e-10,7.60216334328e-10,3.75936531904e-10,4.92801521812e-10,4.21154916497e-10,2.87148443912e-10,9.90891119157e-11,4.32818642038e-11,7.40701458501e-11,5.02609481812e-11,4.2598955613e-11,1.42390257571e-11,1.48034119685e-11,1.29438395766e-11,5.55420726772e-12,3.60013950075e-12,2.53619868162e-12,1.95979885965e-12,9.61822527006e-13,6.26271820861e-13,5.46535798389e-13,3.45795305367e-13,3.14876949384e-13,1.72426824338e-13],"dvar2":[0.00000966497373156,0.00000330106900037,0.00000393014806832,0.00000135439995574,8.60958323301e-7,1.78429004905e-7,2.23564541102e-7,3.4244391145e-7,7.87475897823e-8,5.63707587276e-8,4.15939744869e-8,2.45150850731e-8,8.83015793818e-9,5.01400831965e-9,2.60995847157e-9,2.26566454486e-9,2.30437624538e-9,1.86497950416e-9,9.40210798106e-10,1.26654475796e-9,9.9785046892e-10,6.95978996657e-10,2.64815974704e-10,1.20162296779e-10,1.91145169137e-10,1.2755621559e-10,1.1910128439e-10,3.8320294854e-11,4.1862693867e-11,3.34004525426e-11,1.34993656878e-11,8.28530039715e-12,6.19935006108e-12,4.86672507849e-12,2.36045601468e-12,1.48046061087e-12,1.19504319634e-12,8.22184551344e-13,5.89423366885e-13,3.30206375481e-13],"max":[0.0214852653444,0.0286367721856,0.0202983506024,0.0105257453397,0.0104461181909,0.00372931454331,0.00447208527476,0.00654384819791,0.00320889335126,0.00264450837858,0.00189964973833,0.00188323913608,0.00115846213885,0.000866261485498,0.000831995625049,0.000565795169678,0.000493900792208,0.0010200572433,0.0007500363281,0.000389050081139,0.000697850133292,0.000599150080234,0.000148107807036,0.0000986955492408,0.00016120634973,0.000183868367458,0.000155247529619,0.0000673682661727,0.000109984903247,0.000134928704938,0.0000506654323544,0.0000325503388012,0.0000235636052821,0.0000363320214092,0.0000330172078975,0.0000237297081185,0.0000283596127701,0.0000140429438034,0.0000108638068923,0.00000551805351279],"mean":[0.00173491577152,0.00104021525476,0.00120238773525,0.000617583224084,0.000557404651772,0.00030425330624,0.000259059015661,0.000289240095299,0.000183074720553,0.000152450971655,0.000139969590236,0.000100000681414,0.0000705867496436,0.0000539341599506,0.0000417919254687,0.0000364659135812,0.0000358882643923,0.0000301503823721,0.0000249496515607,0.0000242821024585,0.0000217243632505,0.0000200116410269,0.0000175265304279,0.0000121419379866,0.0000122853298308,0.0000116130358947,0.0000107480373117,0.00000738304288461,0.00000688632280799,0.00000468976350021,0.00000378291724701,0.00000293861830869,0.00000281938287117,0.00000213781345337,0.00000185743033398,0.00000147240791648,0.00000121888604099,0.0000010602917655,9.3632354492e-7,7.0826956744e-7],"median":[0.000403152866056,0.0005449160235,0.000585665809922,0.00027888600016,0.000257066771155,0.000155831716256,0.000126115541207,0.00012260285439,0.0000891158560989,0.0000662114762235,0.0000504555100633,0.0000408290216001,0.0000363597318938,0.0000306125912175,0.0000258705513261,0.0000204781408684,0.0000203669424081,0.0000175991772267,0.0000169290942722,0.0000161564348673,0.0000148762264871,0.0000135328509714,0.0000137761689984,0.0000097648389783,0.00000901443854673,0.00000852173434396,0.00000758190981287,0.00000535449680683,0.00000453437223769,0.00000319739888255,0.00000262688217845,0.000002077795898,0.00000201540751732,0.00000156859437084,0.00000136324536015,0.00000107374921754,8.75756882124e-7,7.51214543016e-7,6.21930098532e-7,4.93360914788e-7],"min":[3.15243510261e-24,8.07217698486e-24,2.50208219791e-23,1.15219177882e-23,8.40500528938e-24,7.85898022547e-24,1.06344729357e-23,7.37956894298e-24,1.42645362979e-23,1.70791983186e-23,8.40967140163e-24,6.5022341318e-24,9.57690865118e-24,8.09671055901e-24,4.16517019678e-24,7.97226775121e-24,6.40068406747e-24,1.25459783612e-23,1.27750422688e-23,9.78304273888e-24,1.85767466175e-23,1.15253832542e-23,9.50892382951e-24,1.42246183584e-23,9.2234492674e-24,3.82044231993e-24,1.07470244542e-23,1.53261789933e-23,1.41001992164e-23,1.50101439597e-23,7.60580951744e-24,7.45790677518e-24,6.48815257021e-24,9.81605104574e-24,1.79364361094e-23,9.59571115086e-24,1.23143664328e-23,6.70413361416e-24,1.00905028544e-23,9.58331104629e-24],"var":[0.0000102145222627,0.00000199681994673,0.00000267999735115,8.2105805177e-7,7.3726056371e-7,1.65229664617e-7,1.47710181864e-7,2.55586911635e-7,6.91706247835e-8,5.07805033578e-8,4.15103400542e-8,2.13959854278e-8,8.46215453265e-9,5.49136647265e-9,3.09796099884e-9,2.528211418e-9,2.23293183943e-9,2.4675028687e-9,1.12627462912e-9,9.6117513948e-10,9.99478944053e-10,7.7376016705e-10,2.64625682478e-10,1.20950985338e-10,1.79795747735e-10,1.51148343841e-10,1.18328485899e-10,5.47356465708e-11,6.3884258994e-11,3.42791073304e-11,1.78067196405e-11,1.15690113739e-11,9.06285983759e-12,5.99433220075e-12,4.69760688682e-12,2.96531614367e-12,2.36051586264e-12,1.54114936958e-12,1.24883024928e-12,6.58531226511e-13]},"melbands_crest":{"dmean":4.22742700577,"dmean2":6.59361982346,"dvar":15.8471450806,"dvar2":33.1085357666,"max":34.1346130371,"mean":14.3206214905,"median":12.396818161,"min":2.38707184792,"var":47.8328552246},"melbands_flatness_db":{"dmean":0.0259522162378,"dmean2":0.0388161055744,"dvar":0.000817488413304,"dvar2":0.00141553813592,"max":0.5333507061,"mean":0.158777043223,"median":0.149176463485,"min":0.00605648569763,"var":0.00329565443099},"melbands_kurtosis":{"dmean":10.3063354492,"dmean2":15.5755376816,"dvar":1175.06677246,"dvar2":2234.05517578,"max":821.16619873,"mean":16.8031997681,"median":7.82255315781,"min":-1.73807704449,"var":1923.73986816},"melbands_skewness":{"dmean":0.822043776512,"dmean2":1.22603440285,"dvar":1.43770027161,"dvar2":2.56356906891,"max":23.6822528839,"mean":2.94031596184,"median":2.4415345192,"min":-1.02812588215,"var":4.38300800323},"melbands_spread":{"dmean":7.73440742493,"dmean2":12.1001176834,"dvar":130.383117676,"dvar2":261.712677002,"max":177.86164856,"mean":28.0317802429,"median":22.9009895325,"min":0.402611255646,"var":490.852844238},"mfcc":{"cov":[[8128.85351562,1083.18078613,11.4373254776,-359.278778076,-47.2511405945,98.4371795654,-36.1608200073,-60.5130348206,-36.3988189697,-182.224716187,-226.989059448,-254.928955078,-178.576751709],[1083.18078613,797.88482666,-81.6072006226,-117.657043457,-64.7901306152,-6.84534645081,-28.6044216156,-35.8428993225,-14.9843463898,-36.0936584473,-40.7695388794,-36.9033508301,-68.7867965698],[11.4373254776,-81.6072006226,279.688934326,57.5438232422,16.2823066711,67.5430221558,44.1137390137,24.1120491028,18.1579399109,4.55739927292,8.78927230835,-5.13776731491,2.39650511742],[-359.278778076,-117.657043457,57.5438232422,260.85067749,192.283370972,94.3286819458,77.5175628662,80.3081054688,40.6329269409,57.3334350586,26.3816738129,35.1362686157,49.6333732605],[-47.2511405945,-64.7901306152,16.2823066711,192.283370972,220.362869263,95.5433502197,64.6812362671,76.4446792603,38.7576751709,42.8624687195,17.7575817108,26.4611778259,47.5313034058],[98.4371795654,-6.84534645081,67.5430221558,94.3286819458,95.5433502197,97.8408432007,57.650138855,45.2106437683,22.3025074005,22.3105602264,8.98477363586,11.256521225,17.2924900055],[-36.1608200073,-28.6044216156,44.1137390137,77.5175628662,64.6812362671,57.650138855,75.4615020752,50.4838981628,23.4547977448,27.5653381348,18.1170845032,16.4407653809,18.8321533203],[-60.5130348206,-35.8428993225,24.1120491028,80.3081054688,76.4446792603,45.2106437683,50.4838981628,73.4552688599,37.6466255188,30.9160461426,17.1279335022,19.1167259216,22.5052890778],[-36.3988189697,-14.9843463898,18.1579399109,40.6329269409,38.7576751709,22.3025074005,23.4547977448,37.6466255188,57.4193611145,35.2560157776,16.7176876068,14.9298257828,15.3878498077],[-182.224716187,-36.0936584473,4.55739927292,57.3334350586,42.8624687195,22.3105602264,27.5653381348,30.9160461426,35.2560157776,64.882270813,36.7800445557,24.2478885651,21.9801273346],[-226.989059448,-40.7695388794,8.78927230835,26.3816738129,17.7575817108,8.98477363586,18.1170845032,17.1279335022,16.7176876068,36.7800445557,52.5170326233,32.5467338562,18.7357025146],[-254.928955078,-36.9033508301,-5.13776731491,35.1362686157,26.4611778259,11.256521225,16.4407653809,19.1167259216,14.9298257828,24.2478885651,32.5467338562,49.8507347107,30.611246109],[-178.576751709,-68.7867965698,2.39650511742,49.6333732605,47.5313034058,17.2924900055,18.8321533203,22.5052890778,15.3878498077,21.9801273346,18.7357025146,30.611246109,51.2428016663]],"icov":[[0.000203723553568,-0.00019856725703,-0.0000330377697537,0.000516760279424,-0.000354673393304,-0.000378534488846,-0.0000713505069143,-0.0000185553872143,-0.000158671391546,0.000123093996081,0.000238968845224,0.000714773195796,-0.0000839939166326],[-0.00019856725703,0.00178621336818,0.000606656714808,0.00025302238646,0.000226471805945,-0.0008804781246,0.0000133423245643,0.000352908857167,-0.000334497453878,-0.000228475561016,0.000605678826105,-0.00138176046312,0.0021619128529],[-0.0000330377697537,0.000606656714808,0.00559543212876,-0.00213854154572,0.00378069095314,-0.00557037489489,-0.000397593103116,0.000512686674483,-0.00236876565032,0.00312858331017,-0.00301695847884,0.00303858635016,-0.000539957254659],[0.000516760279424,0.00025302238646,-0.00213854154572,0.0153131866828,-0.0113428719342,0.000205866614124,-0.00331384176388,-0.0011314440053,0.00252511305735,-0.00605630269274,0.00492995325476,-0.00232675205916,0.00100186909549],[-0.000354673393304,0.000226471805945,0.00378069095314,-0.0113428719342,0.0201323628426,-0.0105332601815,0.00472765089944,-0.00563960056752,-0.00131256936584,0.00300239189528,-0.00281031196937,0.00392299564555,-0.00671207811683],[-0.000378534488846,-0.0008804781246,-0.00557037489489,0.000205866614124,-0.0105332601815,0.0319721214473,-0.0141438050196,0.00155568891205,0.00127588573378,-0.00235981610604,0.00394933437929,-0.00446579558775,0.00290858140215],[-0.0000713505069143,0.0000133423245643,-0.000397593103116,-0.00331384176388,0.00472765089944,-0.0141438050196,0.0357364937663,-0.0169978048652,0.00401555560529,-0.00211501470767,-0.00439863046631,0.00102961692028,-0.00158826389816],[-0.0000185553872143,0.000352908857167,0.000512686674483,-0.0011314440053,-0.00563960056752,0.00155568891205,-0.0169978048652,0.0389586016536,-0.0154198836535,0.00182863965165,0.000540987122804,-0.00263491016813,0.000546113122255],[-0.000158671391546,-0.000334497453878,-0.00236876565032,0.00252511305735,-0.00131256936584,0.00127588573378,0.00401555560529,-0.0154198836535,0.0351066365838,-0.0172866974026,0.00520032318309,-0.00345072173513,-0.000220861184062],[0.000123093996081,-0.000228475561016,0.00312858331017,-0.00605630269274,0.00300239189528,-0.00235981610604,-0.00211501470767,0.00182863965165,-0.0172866974026,0.0414008870721,-0.024186655879,0.00750795472413,-0.00438163196668],[0.000238968845224,0.000605678826105,-0.00301695847884,0.00492995325476,-0.00281031196937,0.00394933437929,-0.00439863046631,0.000540987122804,0.00520032318309,-0.024186655879,0.0494737327099,-0.0260018743575,0.00592181039974],[0.000714773195796,-0.00138176046312,0.00303858635016,-0.00232675205916,0.00392299564555,-0.00446579558775,0.00102961692028,-0.00263491016813,-0.00345072173513,0.00750795472413,-0.0260018743575,0.0525083057582,-0.0226498395205],[-0.0000839939166326,0.0021619128529,-0.000539957254659,0.00100186909549,-0.00671207811683,0.00290858140215,-0.00158826389816,0.000546113122255,-0.000220861184062,-0.00438163196668,0.00592181039974,-0.0226498395205,0.0400785021484]],"mean":[-633.714904785,102.165649414,2.17689180374,25.8668403625,1.9692709446,1.90322291851,0.912616729736,3.19859647751,-0.157623082399,3.17044758797,-0.86066609621,0.586982727051,0.287687033415]},"pitch_salience":{"dmean":0.0867706239223,"dmean2":0.137691318989,"dvar":0.0072547304444,"dvar2":0.0157680772245,"max":0.884785950184,"mean":0.61931091547,"median":0.657092928886,"min":0.0950990691781,"var":0.0204332731664},"silence_rate_20dB":{"dmean":0,"dmean2":0,"dvar":0,"dvar2":0,"max":1,"mean":1,"median":1,"min":1,"var":0},"silence_rate_30dB":{"dmean":0,"dmean2":0,"dvar":0,"dvar2":0,"max":1,"mean":1,"median":1,"min":1,"var":0},"silence_rate_60dB":{"dmean":0.0312649533153,"dmean2":0.0623803436756,"dvar":0.0302865300328,"dvar2":0.063606262207,"max":1,"mean":0.102392345667,"median":0,"min":0,"var":0.0919198319316},"spectral_centroid":{"dmean":232.61479187,"dmean2":375.181213379,"dvar":77163.6171875,"dvar2":152628.953125,"max":10996.8818359,"mean":1641.58239746,"median":1471.90673828,"min":203.370834351,"var":398342.9375},"spectral_complexity":{"dmean":3.33099389076,"dmean2":5.37045288086,"dvar":10.5342197418,"dvar2":23.4245738983,"max":60,"mean":22.2371616364,"median":23,"min":0,"var":171.571792603},"spectral_contrast_coeffs":{"dmean":[0.0573775395751,0.0443443283439,0.0337427668273,0.0252262800932,0.017392296344,0.0125460736454],"dmean2":[0.0938660055399,0.0751478895545,0.0571907535195,0.042422208935,0.0290424693376,0.0210639517754],"dvar":[0.00214781565592,0.00122212758288,0.000716311857104,0.00042793242028,0.000207201068406,0.0000995505179162],"dvar2":[0.00540341762826,0.00344737386331,0.00201112008654,0.00114308716729,0.0005426062271,0.000270943099167],"max":[-0.335120618343,-0.548111081123,-0.60716176033,-0.604462325573,-0.662345528603,-0.671107053757],"mean":[-0.653950512409,-0.783215880394,-0.813740193844,-0.818410694599,-0.810419499874,-0.771601438522],"median":[-0.654493391514,-0.785880684853,-0.81602370739,-0.825496673584,-0.814296960831,-0.772557020187],"min":[-0.965224385262,-0.953563034534,-0.963724553585,-0.962601006031,-0.958802640438,-0.958905518055],"var":[0.00803956016898,0.00250842166133,0.00188856490422,0.00163235538639,0.000853733276017,0.000315195909934]},"spectral_contrast_valleys":{"dmean":[0.465397119522,0.359517931938,0.307196617126,0.259977817535,0.185367628932,0.157294660807],"dmean2":[0.754099607468,0.594494700432,0.502131104469,0.422522425652,0.292064994574,0.232935741544],"dvar":[0.222491025925,0.180291697383,0.154873371124,0.135450929403,0.0965921208262,0.0796155482531],"dvar2":[0.408144086599,0.323004484177,0.247299030423,0.212874427438,0.125171929598,0.0906336307526],"max":[-5.28165483475,-4.57285547256,-5.02858448029,-5.73390626907,-5.74742126465,-8.19836139679],"mean":[-7.32770061493,-6.5058131218,-7.06786823273,-7.44176149368,-7.18445396423,-9.7478055954],"median":[-7.09815216064,-6.26181411743,-6.83550739288,-7.17366409302,-6.93529891968,-9.43945121765],"min":[-27.4098529816,-27.4116954803,-27.1895446777,-27.2931041718,-27.261346817,-27.2968273163],"var":[1.41257429123,1.22081458569,1.28380465508,1.09008669853,0.84501516819,0.951624572277]},"spectral_decrease":{"dmean":1.76110992456e-9,"dmean2":2.71212541314e-9,"dvar":5.38120238186e-18,"dvar2":1.07001668672e-17,"max":7.11373762062e-29,"mean":-5.96344396087e-9,"median":-4.73856864858e-9,"min":-3.33293286303e-8,"var":2.71015619556e-17},"spectral_energy":{"dmean":0.00678952084854,"dmean2":0.0104427067563,"dvar":0.0000790967824287,"dvar2":0.000158145092428,"max":0.128859594464,"mean":0.0240976270288,"median":0.0195490848273,"min":1.12859028359e-20,"var":0.000429759063991},"spectral_energyband_high":{"dmean":0.000179421447683,"dmean2":0.000262340297922,"dvar":9.08854360659e-8,"dvar2":1.5784908669e-7,"max":0.0087983366102,"mean":0.000826952920761,"median":0.000652258226182,"min":8.38654754716e-21,"var":7.29953057999e-7},"spectral_energyband_low":{"dmean":0.00534541998059,"dmean2":0.00800786539912,"dvar":0.0000689326989232,"dvar2":0.000125587190269,"max":0.100330986083,"mean":0.00970191508532,"median":0.00490809977055,"min":8.29532301575e-23,"var":0.000149424013216},"spectral_energyband_middle_high":{"dmean":0.000876743812114,"dmean2":0.00141339225229,"dvar":0.00000139806422794,"dvar2":0.0000034924130432,"max":0.034921862185,"mean":0.00416096532717,"median":0.00359488464892,"min":1.50660013071e-21,"var":0.0000150988535097},"spectral_energyband_middle_low":{"dmean":0.00354670267552,"dmean2":0.00589506607503,"dvar":0.0000261111508735,"dvar2":0.0000696128263371,"max":0.0799463167787,"mean":0.0114818066359,"median":0.00775912869722,"min":3.81963421082e-22,"var":0.000143777535413},"spectral_entropy":{"dmean":0.0847734957933,"dmean2":0.137364551425,"dvar":0.00702043343335,"dvar2":0.0163468848914,"max":9.80526542664,"mean":7.92343187332,"median":7.96895122528,"min":6.56695556641,"var":0.0556098893285},"spectral_flux":{"dmean":0.0238021723926,"dmean2":0.0396576337516,"dvar":0.000749584054574,"dvar2":0.00182129244786,"max":0.257455229759,"mean":0.0787382572889,"median":0.0739171952009,"min":1.06235131803e-10,"var":0.00182959844824},"spectral_kurtosis":{"dmean":0.642650723457,"dmean2":1.09089052677,"dvar":0.58675801754,"dvar2":1.66311979294,"max":16.2525920868,"mean":3.60883665085,"median":3.47323179245,"min":-1.20067036152,"var":1.38010466099},"spectral_rms":{"dmean":0.000670186011121,"dmean2":0.00101859075949,"dvar":6.38742051251e-7,"dvar2":0.00000110295468403,"max":0.0112123442814,"mean":0.00433551101014,"median":0.00436718203127,"min":3.31822785395e-12,"var":0.00000471321254736},"spectral_rolloff":{"dmean":500.074615479,"dmean2":796.04107666,"dvar":518055.625,"dvar2":944153.625,"max":18992.2851562,"mean":1643.27099609,"median":1270.45898438,"min":64.599609375,"var":1916352.75},"spectral_skewness":{"dmean":0.110963210464,"dmean2":0.183396100998,"dvar":0.0117633743212,"dvar2":0.0304224621505,"max":2.84356045723,"mean":1.41010189056,"median":1.43138241768,"min":0.0111893508583,"var":0.0399479828775},"spectral_spread":{"dmean":329997.4375,"dmean2":505193.09375,"dvar":314404634624,"dvar2":438679994368,"max":40457000,"mean":4981817,"median":5057966,"min":1926472.875,"var":1008174039040},"spectral_strongpeak":{"dmean":0.285867780447,"dmean2":0.497857838869,"dvar":0.281151950359,"dvar2":0.745547354221,"max":8.59549236298,"mean":0.462146818638,"median":0.331426620483,"min":0,"var":0.324826478958},"zerocrossingrate":{"dmean":0.0109221097082,"dmean2":0.0126569857821,"dvar":0.000163704622537,"dvar2":0.000167870486621,"max":0.4931640625,"mean":0.067771486938,"median":0.05908203125,"min":0.00341796875,"var":0.0013485357631}},"metadata":{"audio_properties":{"analysis_sample_rate":44100,"bit_rate":0,"codec":"flac","downmix":"mix","equal_loudness":0,"length":145.555740356,"lossless":true,"md5_encoded":"cf44bcde711877ebed975de3c420cbc2","replay_gain":-14.7828578949},"tags":{"album":["Ghosts I–IV"],"albumartist":["Nine Inch Nails"],"albumartistsort":["Nine Inch Nails"],"arranger":["Atticus Ross"],"artist":["Nine Inch Nails"],"artistsort":["Nine Inch Nails"],"date":["2008-03-02"],"discnumber":["1"],"disctotal":["1"],"engineer":["Alan Moulder"],"file_name":"31 - 31 Ghosts IV.flac","license":["http://creativecommons.org/licenses/by-nc-sa/3.0/us/"],"mixer":["Alan Moulder"],"musicbrainz_albumartistid":["b7ffd2af-418f-4be2-bdd1-22f8b48613da"],"musicbrainz_albumid":["3af7ec8c-3bf4-4e6d-9bb3-1885d22b2b6a"],"musicbrainz_artistid":["b7ffd2af-418f-4be2-bdd1-22f8b48613da"],"musicbrainz_recordingid":["761cc5ef-f91f-45eb-b9e9-66f02c239254"],"musicbrainz_releasegroupid":["550bf4b9-92ca-30ba-9ea2-8b45f9d081f1"],"performer":["Trent Reznor"],"producer":["Alan Moulder","Atticus Ross","Trent Reznor"],"releasecountry":["XW"],"releasetype":["album"],"replaygain_album_gain":["-7.94 dB"],"replaygain_album_peak":["1.00000000"],"replaygain_reference_loudness":["89.0 dB"],"replaygain_track_gain":["-10.19 dB"],"replaygain_track_peak":["1.00000000"],"title":["31 Ghosts IV"],"totaldiscs":["1"],"totaltracks":["36"],"tracknumber":["31"],"tracktotal":["36"]},"version":{"essentia":"2.1-beta1","essentia_build_sha":"de1f7ffc9d3406fe9025cc52cfcd6ebfe2259f32","essentia_git_sha":"v2.1_beta1-5-gf9dded9","extractor":"music 1.0"}},"rhythm":{"beats_count":295,"beats_loudness":{"dmean":0.0146965067834,"dmean2":0.023532519117,"dvar":0.000129617590574,"dvar2":0.000300133920973,"max":0.101331911981,"mean":0.0327600650489,"median":0.02974181436,"min":0.00000880770312506,"var":0.000421178468969},"beats_loudness_band_ratio":{"dmean":[0.238013774157,0.146836981177,0.0794726386666,0.047714188695,0.0439695343375,0.0680144354701],"dmean2":[0.383197158575,0.246107444167,0.129229620099,0.0808564424515,0.0739921331406,0.124098807573],"dvar":[0.032895