{"lowlevel":{"average_loudness":0.709896743298,"barkbands":{"dmean":[0.000177881447598,0.00602280441672,0.00182970054448,0.00101624708623,0.000985207618214,0.000423384248279,0.000638901721686,0.000393911148421,0.000980869750492,0.000916692137253,0.000238981097937,0.000274817168247,0.000663406739477,0.000516776519362,0.000674664683174,0.000332803174388,0.00042522631702,0.000212143771932,0.000115057358926,0.0000888206486707,0.000044530021114,0.0000574420810153,0.0000539966240467,0.0000464569820906,0.0000127771736516,0.00000591063508182,2.36084574112e-7],"dmean2":[0.000256955885561,0.0094599686563,0.00326495012268,0.00176427920815,0.00167985388543,0.000663220591377,0.000995366135612,0.000643240113277,0.00153607153334,0.00144502182957,0.000373124756152,0.000435306457803,0.00104863347951,0.000838088744786,0.00106514617801,0.000530367833562,0.000677944160998,0.000340820581187,0.00018176442245,0.000137090755743,0.0000647638298688,0.000082230726548,0.0000774604923208,0.0000669543660479,0.0000168487640622,0.00000744067347114,3.47855205973e-7],"dvar":[1.77706667159e-7,0.000289114075713,0.0000282507753582,0.0000136316557473,0.0000124684447655,0.00000104512321286,0.00000255613872469,0.00000133457808715,0.00000637298717265,0.00000669237897455,3.65778504374e-7,5.65597815694e-7,0.00000272709257843,0.0000012652476471,0.00000288586124952,6.03993157711e-7,7.31131478915e-7,1.67141209317e-7,5.18141227701e-8,3.61460763543e-8,1.08463726889e-8,4.00871442707e-8,4.34615436973e-8,6.2792288702e-8,1.82191162157e-9,1.38591194077e-10,3.47565644885e-13],"dvar2":[3.51115033936e-7,0.0006936135469,0.0000799136032583,0.0000371595888282,0.0000338212885254,0.00000262460821432,0.0000063383554334,0.00000325579026139,0.0000157758386194,0.000016063797375,8.81117443896e-7,0.00000133804371671,0.00000686967223373,0.00000320517438013,0.00000669424480293,0.00000154445535827,0.00000192242009689,4.16369374534e-7,1.22001722502e-7,7.92267442762e-8,2.24072440602e-8,8.49006553949e-8,9.32013222155e-8,1.32614147219e-7,3.71022057521e-9,2.4414045785e-10,8.32445223864e-13],"max":[0.00468498608097,0.20039960742,0.0697365552187,0.0637304112315,0.0679640322924,0.0270774886012,0.0451602265239,0.0533959120512,0.0728841498494,0.0604543872178,0.0151914106682,0.0272103250027,0.0573592856526,0.0226881764829,0.0590033829212,0.0181474220008,0.020271891728,0.00997706502676,0.00696652336046,0.00610410608351,0.00315715395845,0.00930840149522,0.00831016432494,0.0105278445408,0.00139737583231,0.000280993554043,0.0000166881600308],"mean":[0.00017413389287,0.00554630346596,0.00219329306856,0.000955622002948,0.00111446832307,0.000789905607235,0.00110614323057,0.000573447847273,0.00165282119997,0.00167296465952,0.000398170814151,0.00044977714424,0.00110239034984,0.000864447967615,0.00119300221559,0.000658341683447,0.000857726554386,0.000430675514508,0.000237171421759,0.00016253447393,0.0000879738508957,0.000108413601993,0.000105437255115,0.0000826087853056,0.0000243355643761,0.0000099549870356,3.24140671637e-7],"median":[0.0000214442188735,0.000726351165213,0.000481424212921,0.000240147928707,0.000419983727625,0.000379425444407,0.00029226692277,0.000204827490961,0.000540007837117,0.000319766928442,0.00010390522948,0.000120153614262,0.000288083858322,0.00028111593565,0.000309520139126,0.000203016068554,0.000350318150595,0.000175778579433,0.0000990838889265,0.000052940344176,0.0000282651726593,0.0000262256507995,0.0000266932620434,0.0000218847653741,0.00000667114500175,0.00000209815038943,5.23254648499e-8],"min":[1.46102419678e-23,1.01492761473e-23,3.04818472796e-23,4.84833123488e-24,4.62106640343e-23,1.62694925528e-23,3.19525111988e-23,3.94959494288e-23,5.38884515873e-23,2.13638726595e-23,6.75501845576e-23,1.01972016561e-22,8.17721349884e-23,7.6938960927e-23,1.29089362613e-22,2.13948215661e-22,2.33775180595e-22,2.85173722108e-22,2.81475214019e-22,2.84122605973e-22,4.34047072514e-22,3.72748591698e-22,5.01539537697e-22,9.62356081226e-22,1.27517636146e-21,1.98821099722e-21,2.35711456726e-21],"var":[2.19224318698e-7,0.000263316760538,0.0000223386214202,0.00000981165794656,0.00000937812819757,0.00000206081040233,0.00000665988773108,0.00000190782770915,0.0000132202176246,0.0000196535002033,8.07621688637e-7,0.00000118633920465,0.00000508981474923,0.0000024636933631,0.00000714116322342,0.00000163542722476,0.00000191176695807,4.83982546484e-7,1.50950725697e-7,9.53077616828e-8,3.47917001875e-8,1.18626232393e-7,1.00463090291e-7,1.10041753487e-7,4.34348690348e-9,3.70237535074e-10,5.03100111484e-13]},"barkbands_crest":{"dmean":3.09845805168,"dmean2":4.91445970535,"dvar":9.22237205505,"dvar2":20.7376708984,"max":26.8582954407,"mean":10.2168340683,"median":9.12880420685,"min":2.3966460228,"var":24.0760746002},"barkbands_flatness_db":{"dmean":0.0239190906286,"dmean2":0.0344700478017,"dvar":0.000577456899919,"dvar2":0.00130686594639,"max":0.497103840113,"mean":0.137721061707,"median":0.125425755978,"min":0.0314276851714,"var":0.00310450745746},"barkbands_kurtosis":{"dmean":4.28087329865,"dmean2":6.71011686325,"dvar":338.809661865,"dvar2":799.441894531,"max":863.557556152,"mean":5.61269760132,"median":0.352468460798,"min":-1.95341730118,"var":673.516662598},"barkbands_skewness":{"dmean":0.670162260532,"dmean2":0.998157799244,"dvar":0.819473564625,"dvar2":1.79916572571,"max":28.7267532349,"mean":1.15914046764,"median":0.746641218662,"min":-3.41326713562,"var":3.55272436142},"barkbands_spread":{"dmean":5.75382232666,"dmean2":8.91855716705,"dvar":47.2960281372,"dvar2":107.498687744,"max":120.080368042,"mean":22.1003990173,"median":21.1333332062,"min":0.427062392235,"var":174.256164551},"dissonance":{"dmean":0.0164219737053,"dmean2":0.0275279749185,"dvar":0.000365208165022,"dvar2":0.000928162713535,"max":0.500000059605,"mean":0.471382766962,"median":0.47972124815,"min":0.105628803372,"var":0.000811347214039},"dynamic_complexity":6.26516962051,"erbbands":{"dmean":[0.163589194417,1.44224202633,2.53302836418,2.28168082237,4.9253783226,1.99140441418,2.50715351105,3.7733938694,7.62873029709,9.96870136261,9.43792533875,22.0836429596,24.7850933075,24.6323032379,9.05785369873,11.8194141388,31.2160434723,20.4473209381,41.7639198303,16.3046703339,20.7275867462,20.7619628906,13.2382993698,7.47345161438,5.33921051025,4.43919324875,2.06179451942,1.9011772871,2.0855858326,1.85357546806,1.47969174385,1.16755104065,0.664223432541,0.20236119628,0.066721662879,0.0337630175054,0.00973791629076,0.00119191419799,0.0000379718912882,0.0000134791916935],"dmean2":[0.244211703539,2.4148542881,4.52535581589,3.99426627159,8.65384674072,3.28414297104,3.92790389061,5.95770025253,11.7391891479,16.4007110596,14.854095459,34.0482749939,39.0592498779,38.7827072144,13.8488512039,18.5388698578,49.1131591797,32.7201919556,66.2206344604,26.0415763855,32.6947631836,33.0312232971,21.1721668243,11.8402051926,8.34274196625,6.92294454575,3.01800847054,2.72312355042,2.9959666729,2.6979496479,2.12082242966,1.70623576641,0.957268953323,0.275443524122,0.0862139612436,0.0436003766954,0.0123488353565,0.00147269107401,0.000051513845392,0.0000200012782443],"dvar":[0.19064001739,18.7127170563,58.45287323,44.6254997253,426.964324951,23.1945266724,26.8349208832,105.613288879,405.986877441,667.989807129,747.628662109,3296.23535156,7207.15478516,5852.96923828,428.309051514,991.749511719,6657.55810547,1874.78039551,9651.97949219,1022.65313721,2506.23242188,1742.96057129,616.226196289,211.868377686,114.172805786,81.104598999,23.2910270691,23.4251251221,55.7454528809,38.6821479797,35.9157142639,38.5580635071,14.1083869934,0.737024366856,0.0233161244541,0.00481787649915,0.000360715581337,0.00000538171889275,9.29193610943e-9,6.32786267829e-10],"dvar2":[0.403021305799,48.3138198853,164.467956543,123.329673767,1164.92736816,61.3718948364,64.4151382446,267.408935547,993.469543457,1779.36499023,1708.76757813,7972.60400391,17737.9511719,14225.921875,1011.42919922,2351.60644531,16646.9511719,4690.12695313,22518.6972656,2592.18994141,6285.10009766,4546.02539063,1566.22265625,510.770202637,267.052520752,182.569091797,47.1466789246,47.0815048218,119.261016846,83.8797149658,75.5942840576,87.6087646484,30.4048404694,1.45952868462,0.0430380441248,0.00914296600968,0.00061728048604,0.00000924383402889,2.20952607322e-8,1.44219902687e-9],"max":[4.32724189758,52.2481002808,97.4798202515,102.468513489,351.87701416,85.7911758423,132.609405518,342.507110596,701.20300293,770.38659668,1376.6295166,1759.93713379,3086.10668945,2231.57958984,523.413330078,1302.0402832,3163.6315918,809.705688477,3138.16040039,645.422790527,1222.25891113,946.054016113,582.705444336,383.783355713,262.243988037,228.55619812,161.847824097,208.443740845,392.387664795,178.674102783,260.524749756,267.942199707,183.011352539,34.4553565979,5.00632476807,1.77973401546,0.372466087341,0.0469227805734,0.00329026952386,0.000324429041939],"mean":[0.15441775322,1.2547147274,2.79396557808,2.53337216377,4.30529403687,3.03439545631,4.59753131866,7.02032756805,13.8049974442,15.0609083176,16.3112392426,36.8338317871,43.1164360046,46.7613182068,17.23579216,21.9113922119,53.0264205933,38.8307609558,74.9883422852,34.1628036499,42.5384979248,45.4153442383,29.1350688934,16.4330921173,10.9802341461,8.18566513062,4.05603981018,3.67484617233,3.97259926796,3.50295639038,2.86297821999,2.04201102257,1.1336247921,0.378332167864,0.127071246505,0.0556840859354,0.0167878419161,0.00204479321837,0.000066648608481,0.0000298882987408],"median":[0.0137633997947,0.190756350756,0.679911375046,0.95530128479,0.986758470535,1.4868285656,2.29077219963,3.50288295746,4.20112705231,4.27177190781,7.83105993271,12.6575593948,10.1995887756,10.470574379,6.54542303085,8.35445022583,15.0279664993,15.8963012695,21.3034706116,13.6425418854,14.0819368362,19.3985671997,12.964466095,7.50249671936,4.21622657776,2.84515833855,1.32049882412,1.04575097561,0.960281074047,0.895973145962,0.705397725105,0.522159099579,0.283933848143,0.100784495473,0.0362932495773,0.0124133303761,0.00361847807653,0.000428556610132,0.0000240837071033,0.0000216798398469],"min":[4.74621836563e-22,2.68818310612e-21,3.12111982599e-20,2.07279732343e-20,5.63706462231e-20,2.37016636258e-19,1.39150636164e-19,1.44324702595e-19,2.19831674688e-19,9.7265655669e-19,7.9248405647e-19,1.12076314197e-18,1.08045649188e-18,1.06076762874e-18,4.34696109119e-18,3.45326688558e-18,3.70227513333e-18,2.85214977136e-18,6.74326941135e-18,8.64156247679e-18,1.08614141471e-17,1.454790502e-17,1.62305988355e-17,1.4980101927e-17,1.18039889367e-17,1.39555808357e-17,1.91948932048e-17,1.53521115182e-17,1.21865177838e-17,1.71895989504e-17,1.28491589376e-17,1.630872439e-17,1.76352061095e-17,1.27041202618e-17,1.05288395644e-17,7.95599270356e-18,3.72630224858e-18,1.18481897463e-18,3.55375712909e-19,3.49059749493e-20],"var":[0.206586301327,14.4985303879,42.3956031799,33.0935401917,295.998901367,26.3888397217,52.5482902527,184.914016724,1122.15478516,1186.5637207,1148.90588379,6686.93261719,16064.7763672,17578.1191406,1066.39562988,2139.58251953,11921.4628906,4149.77636719,23726.3339844,2936.40625,6761.22558594,5029.92626953,1995.25012207,649.825927734,319.877960205,209.401107788,75.7965240479,79.0922317505,164.705383301,105.808692932,80.9886703491,60.6956253052,23.5969314575,1.62212884426,0.0686911717057,0.0117938062176,0.00100758636836,0.0000149397437781,1.4789659275e-8,1.1483242135e-9]},"erbbands_crest":{"dmean":2.79650831223,"dmean2":4.50905847549,"dvar":6.83984613419,"dvar2":16.7750396729,"max":34.4236297607,"mean":9.95154666901,"median":8.72888278961,"min":2.30013394356,"var":23.4685630798},"erbbands_flatness_db":{"dmean":0.0194843821228,"dmean2":0.0270252060145,"dvar":0.00038226559991,"dvar2":0.000677559466567,"max":0.400190740824,"mean":0.175045579672,"median":0.171382814646,"min":0.033505320549,"var":0.00258107134141},"erbbands_kurtosis":{"dmean":1.38614547253,"dmean2":2.14444422722,"dvar":11.514342308,"dvar2":22.4641666412,"max":156.885070801,"mean":1.7104473114,"median":0.4613455832,"min":-1.79896998405,"var":37.6899223328},"erbbands_skewness":{"dmean":0.395301371813,"dmean2":0.60129481554,"dvar":0.167039856315,"dvar2":0.363747030497,"max":8.00859260559,"mean":0.135949775577,"median":0.0493280738592,"min":-5.4766163826,"var":1.07765686512},"erbbands_spread":{"dmean":7.22610092163,"dmean2":11.1571846008,"dvar":91.215133667,"dvar2":215.124069214,"max":182.500152588,"mean":28.8675308228,"median":24.9539012909,"min":0.903217375278,"var":293.70199585},"gfcc":{"cov":[[19933.5410156,199.192428589,-2230.64086914,335.608032227,-49.8264274597,377.036895752,-414.136474609,123.13458252,-135.097747803,-218.403762817,-191.193405151,-112.885704041,-271.06060791],[199.192428589,947.618896484,-28.6399021149,-125.614486694,50.9910316467,-139.955856323,0.7955981493,-95.9574813843,36.4777984619,-79.6883850098,64.3665924072,-79.481552124,56.5043029785],[-2230.64086914,-28.6399021149,1299.76159668,251.363143921,-136.233779907,27.4460601807,134.529571533,6.73676300049,-66.2771682739,144.802719116,-46.9614562988,9.57720375061,-6.84156370163],[335.608032227,-125.614486694,251.363143921,427.173797607,4.40767478943,38.3203239441,16.1012210846,24.1399593353,-9.06864833832,14.3986406326,5.0415096283,-33.5498428345,-17.7894821167],[-49.8264274597,50.9910316467,-136.233779907,4.40767478943,321.469085693,61.2797851563,29.5403270721,71.0141143799,46.8160095215,31.8642787933,29.2426509857,24.0942630768,-0.27153968811],[377.036895752,-139.955856323,27.4460601807,38.3203239441,61.2797851563,238.167449951,121.075942993,42.719959259,-16.301153183,33.4793701172,-12.9442911148,9.43457508087,-16.0666065216],[-414.136474609,0.7955981493,134.529571533,16.1012210846,29.5403270721,121.075942993,246.671386719,61.2627906799,-26.0443572998,17.5164451599,-13.8678321838,4.78497171402,16.2576160431],[123.13458252,-95.9574813843,6.73676300049,24.1399593353,71.0141143799,42.719959259,61.2627906799,160.554718018,49.1130828857,34.6961898804,-4.07919025421,20.2654438019,-6.69881820679],[-135.097747803,36.4777984619,-66.2771682739,-9.06864833832,46.8160095215,-16.301153183,-26.0443572998,49.1130828857,137.53729248,24.213306427,21.5857143402,5.88761472702,12.0215044022],[-218.403762817,-79.6883850098,144.802719116,14.3986406326,31.8642787933,33.4793701172,17.5164451599,34.6961898804,24.213306427,136.85458374,17.8784065247,18.6115703583,-11.3241300583],[-191.193405151,64.3665924072,-46.9614562988,5.0415096283,29.2426509857,-12.9442911148,-13.8678321838,-4.07919025421,21.5857143402,17.8784065247,109.848838806,25.5848712921,11.6190252304],[-112.885704041,-79.481552124,9.57720375061,-33.5498428345,24.0942630768,9.43457508087,4.78497171402,20.2654438019,5.88761472702,18.6115703583,25.5848712921,94.8167037964,23.345123291],[-271.06060791,56.5043029785,-6.84156370163,-17.7894821167,-0.27153968811,-16.0666065216,16.2576160431,-6.69881820679,12.0215044022,-11.3241300583,11.6190252304,23.345123291,95.6295547485]],"icov":[[0.000125174803543,-0.000314319127938,0.000357501528924,-0.000367351953173,0.00032159104012,-0.000448777194833,0.000395890354412,-0.000388157553971,0.00036880755215,-0.000289860472549,0.000513061473612,-0.000430701562436,0.0002909063478],[-0.000314319127938,0.00272016040981,-0.00130450713914,0.00172439496964,-0.00170170154888,0.0021441669669,-0.00173118175007,0.00203701737337,-0.00167633173987,0.0019385808846,-0.00282757962123,0.00337965693325,-0.00151952181477],[0.000357501528924,-0.00130450713914,0.00238053477369,-0.00199506268837,0.00164353393484,-0.000979301403277,0.000440439966042,-0.00100281462073,0.00156157126185,-0.00265790056437,0.00250227283686,-0.00224160659127,0.00101046299096],[-0.000367351953173,0.00172439496964,-0.00199506268837,0.00440722797066,-0.00155701104086,0.000991828739643,-0.000755659246352,0.000761124945711,-0.00119791936595,0.00210052519105,-0.00309104449116,0.00372670730576,-0.00117389590014],[0.00032159104012,-0.00170170154888,0.00164353393484,-0.00155701104086,0.00523110665381,-0.0023410085123,0.00119597592857,-0.00260115135461,0.000707807368599,-0.00204594968818,0.00141156616155,-0.00266231060959,0.00112813990563],[-0.000448777194833,0.0021441669669,-0.000979301403277,0.000991828739643,-0.0023410085123,0.00863756611943,-0.00507837254554,0.00227584317327,-0.00121979322284,0.000163052405696,-0.00159827515017,0.00169420568272,-0.0000039610067688],[0.000395890354412,-0.00173118175007,0.000440439966042,-0.000755659246352,0.00119597592857,-0.00507837254554,0.00852707028389,-0.00441298307851,0.00314240739681,-0.000514573068358,0.00170125975274,-0.000879338767845,-0.00102061883081],[-0.000388157553971,0.00203701737337,-0.00100281462073,0.000761124945711,-0.00260115135461,0.00227584317327,-0.00441298307851,0.0113756749779,-0.0050869085826,0.000268262665486,-0.0006343255518,0.000179652342922,0.000392535876017],[0.00036880755215,-0.00167633173987,0.00156157126185,-0.00119791936595,0.000707807368599,-0.00121979322284,0.00314240739681,-0.0050869085826,0.0112841920927,-0.00294866971672,0.00075919367373,-0.000799058470875,-0.00083362031728],[-0.000289860472549,0.0019385808846,-0.00265790056437,0.00210052519105,-0.00204594968818,0.000163052405696,-0.000514573068358,0.000268262665486,-0.00294866971672,0.0118503365666,-0.00412862095982,0.00167910428718,0.000227083699428],[0.000513061473612,-0.00282757962123,0.00250227283686,-0.00309104449116,0.00141156616155,-0.00159827515017,0.00170125975274,-0.0006343255518,0.00075919367373,-0.00412862095982,0.0144326714799,-0.00674122478813,0.00143858022057],[-0.000430701562436,0.00337965693325,-0.00224160659127,0.00372670730576,-0.00266231060959,0.00169420568272,-0.000879338767845,0.000179652342922,-0.000799058470875,0.00167910428718,-0.00674122478813,0.0178132280707,-0.00547592109069],[0.0002909063478,-0.00151952181477,0.00101046299096,-0.00117389590014,0.00112813990563,-0.0000039610067688,-0.00102061883081,0.000392535876017,-0.00083362031728,0.000227083699428,0.00143858022057,-0.00547592109069,0.0135305663571]],"mean":[-53.263420105,95.0658111572,-129.528106689,29.2898445129,-52.7604370117,19.0356197357,-38.3444137573,14.1088037491,-13.6830787659,0.901357710361,-14.6806230545,-2.45523953438,-13.084444046]},"hfc":{"dmean":5.49927425385,"dmean2":8.01369953156,"dvar":70.801322937,"dvar2":143.565963745,"max":182.683242798,"mean":19.820646286,"median":14.5005187988,"min":1.19879051013e-16,"var":417.184692383},"melbands":{"dmean":[0.00157481234055,0.00152574002277,0.000512677652296,0.000248884956818,0.0000819839769974,0.0000824841117719,0.000121199533169,0.000102323530882,0.000090924979304,0.000142778080772,0.000126144674141,0.00010845423094,0.0000337723286066,0.0000286518970825,0.0000594774064666,0.000056068674894,0.0000410083448514,0.0000709559681127,0.0000372043905372,0.0000174979522853,0.0000270026048383,0.0000212608920265,0.0000244913080678,0.00000954125516728,0.00000624521726422,0.00000470163877253,0.00000340007136401,0.0000029625668958,0.00000151661049586,0.00000106036122816,0.00000122100732369,0.00000125879569168,0.00000115238810849,0.00000112987208922,9.43508268847e-7,7.98459893758e-7,7.07622746177e-7,5.32518242835e-7,2.98714638802e-7,1.38494812063e-7],"dmean2":[0.00238183490001,0.00262868497521,0.000894540047739,0.000429234234616,0.000128686937387,0.000129983920488,0.00018666635151,0.000169123915839,0.000141202413943,0.00022065777739,0.000199138215976,0.000170582847204,0.0000523627204529,0.0000452473686892,0.000093834620202,0.0000886911948328,0.0000661539088469,0.000113222369691,0.0000590697381995,0.000028180764275,0.0000424221107096,0.0000338539030054,0.0000394931339542,0.0000154954741447,0.0000100207416835,0.00000746478372093,0.00000532223248229,0.0000046747354645,0.00000228740577768,0.00000159815658662,0.00000178859113475,0.00000183867143733,0.00000169545421613,0.00000170220926066,0.00000138166990382,0.0000011846993857,0.00000106705158487,7.91943932654e-7,4.24103802743e-7,1.91971892605e-7],"dvar":[0.0000183184001799,0.0000208243127418,0.00000282237556348,8.72347584391e-7,2.61389061507e-8,4.60078979359e-8,1.0131683581e-7,6.98844999647e-8,5.70921940835e-8,1.51330567633e-7,1.76180677158e-7,1.14822292119e-7,6.72866118379e-9,7.32671123771e-9,1.94413960486e-8,2.27765983851e-8,8.14935496862e-9,2.47294966726e-8,9.20967391238e-9,1.33722577456e-9,3.9601877333e-9,1.7448150702e-9,2.82746581703e-9,3.78141074009e-10,1.53698373473e-10,9.63703700174e-11,4.46757249251e-11,4.43698550123e-11,1.65090215803e-11,7.10182043381e-12,1.02091321508e-11,1.9272684143e-11,1.92315260938e-11,1.32100198835e-11,1.31613669616e-11,1.63223896205e-11,1.51542719345e-11,1.00436776951e-11,2.2989635369e-12,2.754891855e-13],"dvar2":[0.0000414163769165,0.0000562801578781,0.00000765763797972,0.00000237477320297,6.21210176632e-8,1.15766091824e-7,2.46056686137e-7,1.85512689654e-7,1.30485403815e-7,3.67701005644e-7,4.33865665173e-7,2.769190246e-7,1.60441402386e-8,1.74903433958e-8,4.80168402817e-8,5.70287710389e-8,2.04062651221e-8,5.93269255944e-8,2.16764419747e-8,3.51777962315e-9,9.56583434686e-9,4.50531301155e-9,7.57215801173e-9,9.37278921143e-10,3.75926123564e-10,2.34516656095e-10,1.02377654965e-10,1.01909626571e-10,3.56003490576e-11,1.57428601405e-11,2.07548925962e-11,4.11005118828e-11,4.35806321586e-11,3.03491572151e-11,2.83659710304e-11,3.73825068123e-11,3.53224012539e-11,2.27543817122e-11,4.75210626058e-12,5.62639724307e-13],"max":[0.0444462634623,0.0516301952302,0.0285130832344,0.0166414268315,0.00379088707268,0.0066443788819,0.00983563624322,0.00754289655015,0.00945071596652,0.0128220645711,0.0149031253532,0.00993300229311,0.00199514534324,0.00349815725349,0.00368522759527,0.0051176645793,0.0015408952022,0.00418151030317,0.00329430354759,0.000860017957166,0.00167348247487,0.000975472969003,0.00142567022704,0.00053248309996,0.000339113234077,0.000246125884587,0.000201564660529,0.00020724532078,0.000163239921676,0.0000841350265546,0.000154552893946,0.000231288402574,0.000162837139214,0.000124860875076,0.000177241367055,0.000181507086381,0.000136308881338,0.000146004167618,0.0000699466036167,0.0000206877757591],"mean":[0.0014725739602,0.00155858078506,0.000535694707651,0.000264036643784,0.0001565485436,0.000154624489369,0.000218578075874,0.000152966909809,0.000154035224114,0.000235372543102,0.000215218111407,0.000201051545446,0.0000586630849284,0.0000468689358968,0.0000981688863249,0.0000968006352196,0.0000689692751621,0.00012313213665,0.0000674198672641,0.0000356960881618,0.0000512441401952,0.0000433000532212,0.0000454995752079,0.0000183203537745,0.0000124701882669,0.00000903390082385,0.0000063142970248,0.0000050682838264,0.00000268283497462,0.00000195392476598,0.00000218792229134,0.00000228842759498,0.00000200997214961,0.00000199084865926,0.00000172516979546,0.00000140883821587,0.00000115637101317,8.62544538904e-7,5.14042483246e-7,2.51151192288e-7],"median":[0.000167810052517,0.000397905736463,0.00018138824089,0.0000931369213504,0.0000849159478093,0.0000763440111768,0.0000632153460174,0.0000448979735665,0.0000681400852045,0.0000756454537623,0.0000452055937785,0.0000394516537199,0.0000184274522326,0.0000123346180771,0.0000283458448394,0.0000278400693787,0.0000222779526666,0.0000325499931932,0.0000188467565749,0.0000128690689962,0.0000152263719428,0.0000176718203875,0.0000157838912855,0.00000741291796658,0.00000525476525581,0.00000325433416037,0.00000239759197029,0.00000154088309046,7.41042811114e-7,5.82057680276e-7,5.61782712794e-7,5.18967055996e-7,4.4028391244e-7,4.8457553703e-7,3.98411998503e-7,3.44141938058e-7,2.83667134227e-7,2.05963175404e-7,1.26654342125e-7,6.67462103365e-8],"min":[5.0861053502e-24,1.14021852689e-23,4.1050771396e-24,1.15129247739e-23,5.5610832344e-24,2.92863329164e-24,4.09017516267e-24,1.00849445405e-23,6.74574602691e-24,7.00255101714e-24,5.32594983096e-24,3.48066178425e-24,1.25375762037e-23,1.06900631748e-23,1.10279583329e-23,6.13481348772e-24,5.18153188175e-24,1.11787364732e-23,1.00622008917e-23,1.50552210495e-23,1.09895991825e-23,1.49139250173e-23,1.28366728159e-23,1.52350592478e-23,1.1708899122e-23,9.69746789674e-24,6.41814747576e-24,1.02982162416e-23,1.20233682667e-23,1.05834099693e-23,8.55657702371e-24,5.99810704829e-24,8.99380712473e-24,9.83498686291e-24,8.03269055224e-24,5.92071111602e-24,1.15305771144e-23,1.29793785425e-23,9.35462421417e-24,1.17434567517e-23],"var":[0.0000183812171599,0.0000155154848471,0.00000208301094062,6.3623110691e-7,5.40174909247e-8,8.58967155182e-8,2.81311798744e-7,1.19844656865e-7,9.47853067146e-8,3.04015344454e-7,4.00893384267e-7,3.46604309698e-7,1.50922332409e-8,1.57373847287e-8,3.56090126274e-8,4.39572005462e-8,1.56581148048e-8,5.82484958045e-8,2.25551506361e-8,3.97134014563e-9,1.05273665341e-8,4.80222972499e-9,6.75969413777e-9,9.34390120833e-10,4.16970541428e-10,2.51375503746e-10,1.03691791264e-10,1.07834505214e-10,4.65850864828e-11,1.89107098036e-11,3.09137229704e-11,5.58020470109e-11,4.74743716561e-11,3.1602824524e-11,2.95753560531e-11,2.53315805832e-11,2.30013282726e-11,1.52160003347e-11,4.27473681452e-12,6.16681564754e-13]},"melbands_crest":{"dmean":3.90494847298,"dmean2":6.09250020981,"dvar":13.7784967422,"dvar2":29.1822223663,"max":39.9313163757,"mean":14.6325855255,"median":13.5289754868,"min":1.66120409966,"var":44.8259429932},"melbands_flatness_db":{"dmean":0.0291961431503,"dmean2":0.0417628660798,"dvar":0.000905541295651,"dvar2":0.00196141772904,"max":0.57145011425,"mean":0.193176865578,"median":0.178019568324,"min":0.005635865964,"var":0.00502877263352},"melbands_kurtosis":{"dmean":8.0634727478,"dmean2":12.8037614822,"dvar":539.403686523,"dvar2":1289.71459961,"max":918.353515625,"mean":11.6467790604,"median":2.66361737251,"min":-1.8760137558,"var":1098.01098633},"melbands_skewness":{"dmean":0.849928021431,"dmean2":1.26481986046,"dvar":1.25009477139,"dvar2":2.75011587143,"max":28.3085670471,"mean":2.0158727169,"median":1.48375415802,"min":-2.10273647308,"var":4.57651329041},"melbands_spread":{"dmean":8.79182434082,"dmean2":13.612537384,"dvar":143.152938843,"dvar2":316.571380615,"max":255.744766235,"mean":29.5009670258,"median":26.6183586121,"min":0.434847295284,"var":473.960571289},"mfcc":{"cov":[[16056.6748047,-11.3919553757,-2053.05249023,-195.720016479,210.345230103,127.760826111,-77.4168395996,364.621368408,-117.528549194,18.742017746,-4.81790161133,-1.20391643047,-33.8230361938],[-11.3919553757,1053.31896973,-65.3354568481,-47.9886398315,19.773475647,-45.157207489,-17.8349380493,-42.7522468567,-22.0658550262,-9.02969360352,-11.0517950058,-12.0411911011,-26.3624668121],[-2053.05249023,-65.3354568481,1172.32800293,263.235473633,-116.065132141,75.3077774048,93.1577377319,-105.173805237,30.3953456879,28.6821708679,-18.0016860962,6.12832593918,-16.9820384979],[-195.720016479,-47.9886398315,263.235473633,341.05871582,65.7872543335,0.897785186768,33.4218978882,-13.4702262878,10.2207870483,29.6869430542,-5.70957899094,-6.41268825531,9.30056762695],[210.345230103,19.773475647,-116.065132141,65.7872543335,238.665939331,-1.20675468445,-37.6752700806,13.4788265228,-1.36620104313,28.3370037079,23.6096858978,18.4403572083,39.6490783691],[127.760826111,-45.157207489,75.3077774048,0.897785186768,-1.20675468445,187.923751831,103.484809875,14.4413862228,27.0416145325,11.8817453384,13.4189996719,15.3413276672,-3.02021551132],[-77.4168395996,-17.8349380493,93.1577377319,33.4218978882,-37.6752700806,103.484809875,229.778289795,52.8165016174,34.9936332703,25.7643527985,15.1838388443,22.2746772766,2.60480499268],[364.621368408,-42.7522468567,-105.173805237,-13.4702262878,13.4788265228,14.4413862228,52.8165016174,148.433700562,46.3698005676,12.37895298,18.2578144073,7.57831144333,3.08022332191],[-117.528549194,-22.0658550262,30.3953456879,10.2207870483,-1.36620104313,27.0416145325,34.9936332703,46.3698005676,137.903045654,58.148853302,10.0091590881,-0.493863373995,-4.45580005646],[18.742017746,-9.02969360352,28.6821708679,29.6869430542,28.3370037079,11.8817453384,25.7643527985,12.37895298,58.148853302,110.4009552,36.6775093079,5.52589607239,5.10163259506],[-4.81790161133,-11.0517950058,-18.0016860962,-5.70957899094,23.6096858978,13.4189996719,15.1838388443,18.2578144073,10.0091590881,36.6775093079,90.4619064331,37.439666748,12.7764415741],[-1.20391643047,-12.0411911011,6.12832593918,-6.41268825531,18.4403572083,15.3413276672,22.2746772766,7.57831144333,-0.493863373995,5.52589607239,37.439666748,91.2245864868,41.8675880432],[-33.8230361938,-26.3624668121,-16.9820384979,9.30056762695,39.6490783691,-3.02021551132,2.60480499268,3.08022332191,-4.45580005646,5.10163259506,12.7764415741,41.8675880432,99.0946121216]],"icov":[[0.0000915213531698,-0.00000342791850017,0.00018194806762,-0.000110215471068,0.0000667964704917,-0.000195821674424,0.000105761639134,-0.000190475053387,0.000189430240425,-0.000180107614142,0.000145946527482,-0.000095139053883,0.000081466831034],[-0.00000342791850017,0.00100042775739,0.000018275459297,0.000202009425266,-0.000255701917922,0.000346307730069,-0.000257660547504,0.000394506176235,-0.00000761799446991,0.0000353331852239,0.0000631293369224,-0.0000228516491916,0.000355877913535],[0.00018194806762,0.000018275459297,0.00170960219111,-0.00135764584411,0.00103171996307,-0.000805398798548,0.0000341223785654,0.00063379079802,0.00000873252884048,-0.000479651673231,0.000382156780688,-0.000582691922318,0.000251417572144],[-0.000110215471068,0.000202009425266,-0.00135764584411,0.00450192391872,-0.00202911975794,0.00113846408203,-0.00107676035259,0.000181301511475,-0.0000119969772641,-0.000337367499014,0.000346233544406,0.000849589356221,-0.000156589550897],[0.0000667964704917,-0.000255701917922,0.00103171996307,-0.00202911975794,0.00612444570288,-0.00138961081393,0.00185627676547,-0.000740030955058,0.000717130838893,-0.00164836714976,-0.00044254027307,-0.000530167541001,-0.00179842929356],[-0.000195821674424,0.000346307730069,-0.000805398798548,0.00113846408203,-0.00138961081393,0.00812444556504,-0.00392003683373,0.00131932925433,-0.00153585814405,0.00130524369888,-0.000931529270019,-0.000067900531576,0.000658604374621],[0.000105761639134,-0.000257660547504,0.0000341223785654,-0.00107676035259,0.00185627676547,-0.00392003683373,0.00743748713285,-0.00289629097097,0.00064479681896,-0.00167182972655,0.000574885925744,-0.00141678540967,-0.000253675796557],[-0.000190475053387,0.000394506176235,0.00063379079802,0.000181301511475,-0.000740030955058,0.00131932925433,-0.00289629097097,0.0100181112066,-0.00391366146505,0.00215589464642,-0.00200903904624,0.0004977650824,-0.00000567040706301],[0.000189430240425,-0.00000761799446991,0.00000873252884048,-0.0000119969772641,0.000717130838893,-0.00153585814405,0.00064479681896,-0.00391366146505,0.0114930700511,-0.00655813282356,0.00221900292672,-0.000441413663793,0.00059102405794],[-0.000180107614142,0.0000353331852239,-0.000479651673231,-0.000337367499014,-0.00164836714976,0.00130524369888,-0.00167182972655,0.00215589464642,-0.00655813282356,0.0152143258601,-0.0063426150009,0.0023022540845,-0.000659460376482],[0.000145946527482,0.0000631293369224,0.000382156780688,0.000346233544406,-0.00044254027307,-0.000931529270019,0.000574885925744,-0.00200903904624,0.00221900292672,-0.0063426150009,0.0166804436594,-0.00683838129044,0.00146051205229],[-0.000095139053883,-0.0000228516491916,-0.000582691922318,0.000849589356221,-0.000530167541001,-0.000067900531576,-0.00141678540967,0.0004977650824,-0.000441413663793,0.0023022540845,-0.00683838129044,0.0171159151942,-0.00647450471297],[0.000081466831034,0.000355877913535,0.000251417572144,-0.000156589550897,-0.00179842929356,0.000658604374621,-0.000253675796557,-0.00000567040706301,0.00059102405794,-0.000659460376482,0.00146051205229,-0.00647450471297,0.0136258285493]],"mean":[-686.703796387,121.1354599,-10.7410593033,14.3533182144,9.55083656311,4.00347280502,-5.57916688919,9.02837085724,0.671615242958,9.62861824036,3.46293187141,1.25282180309,-5.30412435532]},"pitch_salience":{"dmean":0.0833673924208,"dmean2":0.129255250096,"dvar":0.00629943981767,"dvar2":0.0138192540035,"max":0.981476008892,"mean":0.529781341553,"median":0.548256099224,"min":0.00716953724623,"var":0.0183465052396},"silence_rate_20dB":{"dmean":0,"dmean2":0,"dvar":0,"dvar2":0,"max":1,"mean":1,"median":1,"min":1,"var":0},"silence_rate_30dB":{"dmean":0.019379036501,"dmean2":0.0387621149421,"dvar":0.019004624337,"dvar2":0.0485094934702,"max":1,"mean":0.985936045647,"median":1,"min":0,"var":0.013866555877},"silence_rate_60dB":{"dmean":0.029172744602,"dmean2":0.0583515688777,"dvar":0.0283245928586,"dvar2":0.0618337653577,"max":1,"mean":0.242837801576,"median":0,"min":0,"var":0.183856517076},"spectral_centroid":{"dmean":235.525054932,"dmean2":368.879241943,"dvar":90643.0078125,"dvar2":203641.296875,"max":10842.9492188,"mean":1478.90161133,"median":1482.34936523,"min":148.232391357,"var":434449.8125},"spectral_complexity":{"dmean":2.88143372536,"dmean2":4.33052015305,"dvar":11.1957931519,"dvar2":20.8885326385,"max":57,"mean":18.7584114075,"median":20,"min":0,"var":164.04637146},"spectral_contrast_coeffs":{"dmean":[0.0523530207574,0.0420952141285,0.0381563864648,0.030875235796,0.0226886607707,0.0162500105798],"dmean2":[0.0836265161633,0.0684936791658,0.0616566576064,0.0502565279603,0.0362198986113,0.0257928594947],"dvar":[0.00209137867205,0.00119770562742,0.000960517732892,0.000627952977084,0.000394607544877,0.000260650471319],"dvar2":[0.00519701186568,0.00317670754157,0.00245882943273,0.00159350666218,0.000946570129599,0.000657382537611],"max":[-0.350397825241,-0.453695833683,-0.344765156507,-0.497346937656,-0.556775391102,-0.611153781414],"mean":[-0.687495529652,-0.751745522022,-0.749811947346,-0.769287824631,-0.774021625519,-0.782367289066],"median":[-0.688171982765,-0.755883276463,-0.756807386875,-0.773462235928,-0.774848937988,-0.78059476614],"min":[-0.974934339523,-0.987948179245,-0.968822062016,-0.956519901752,-0.955393135548,-0.959883749485],"var":[0.00690924143419,0.00464980211109,0.00532611971721,0.00447036931291,0.00403522932902,0.00165566103533]},"spectral_contrast_valleys":{"dmean":[0.432942330837,0.330809444189,0.307096332312,0.275844097137,0.279391586781,0.288312613964],"dmean2":[0.66157746315,0.526848077774,0.478331953287,0.417638987303,0.387807428837,0.348231881857],"dvar":[0.147934138775,0.088392958045,0.0772097408772,0.076913356781,0.107640452683,0.119919903576],"dvar2":[0.298481047153,0.192391380668,0.157126516104,0.136981651187,0.185165047646,0.184508055449],"max":[-5.23962450027,-4.82802867889,-5.29881048203,-5.6095123291,-5.58342123032,-7.46416521072],"mean":[-7.82578754425,-7.15907907486,-7.78860759735,-7.92570114136,-8.06990909576,-10.6705827713],"median":[-7.52596521378,-6.80204582214,-7.33787488937,-7.46516275406,-7.67574357986,-10.3765935898],"min":[-27.0832805634,-27.4395599365,-27.1369667053,-27.2022018433,-27.366350174,-27.2511615753],"var":[1.91552972794,1.88399505615,2.21178674698,2.39573502541,2.10314011574,1.82153511047]},"spectral_decrease":{"dmean":2.83975176707e-9,"dmean2":4.33676605738e-9,"dvar":3.269084617e-17,"dvar2":7.64239711825e-17,"max":5.5947410253e-29,"mean":-5.49903456104e-9,"median":-3.87140230984e-9,"min":-7.54835554062e-8,"var":4.699502904e-17},"spectral_energy":{"dmean":0.0111150853336,"dmean2":0.0169096104801,"dvar":0.000479918031488,"dvar2":0.0011174082756,"max":0.289090394974,"mean":0.0225523691624,"median":0.0161836463958,"min":1.0662212693e-20,"var":0.000734400062356},"spectral_energyband_high":{"dmean":0.000214970845263,"dmean2":0.000279586820398,"dvar":4.24251879849e-7,"dvar2":7.73533486154e-7,"max":0.0230603832752,"mean":0.000485737691633,"median":0.000160500931088,"min":7.96441724729e-21,"var":0.00000147792854932},"spectral_energyband_low":{"dmean":0.00745744397864,"dmean2":0.011515292339,"dvar":0.000386459985748,"dvar2":0.000914456497412,"max":0.232530742884,"mean":0.00827230047435,"median":0.0020781212952,"min":5.42007773969e-23,"var":0.000385431572795},"spectral_energyband_middle_high":{"dmean":0.00227821920998,"dmean2":0.00347787514329,"dvar":0.000013815461898,"dvar2":0.0000320863946399,"max":0.0693058520555,"mean":0.00770297180861,"median":0.00477951252833,"min":1.57685302846e-21,"var":0.0000812714570202},"spectral_energyband_middle_low":{"dmean":0.00342181115411,"dmean2":0.00554365338758,"dvar":0.0000652615781291,"dvar2":0.000169492559507,"max":0.12910720706,"mean":0.0065939752385,"median":0.00418257899582,"min":2.00085518797e-22,"var":0.0000879842264112},"spectral_entropy":{"dmean":0.149357661605,"dmean2":0.209181383252,"dvar":0.0293811559677,"dvar2":0.0549067743123,"max":9.79531764984,"mean":7.53009366989,"median":7.58100223541,"min":5.20544481277,"var":0.194376125932},"spectral_flux":{"dmean":0.0259722992778,"dmean2":0.0382351987064,"dvar":0.0014805495739,"dvar2":0.0027646466624,"max":0.43722486496,"mean":0.0781687051058,"median":0.0667529925704,"min":1.03257992434e-10,"var":0.00420199101791},"spectral_kurtosis":{"dmean":1.84756469727,"dmean2":3.11691761017,"dvar":5.85473585129,"dvar2":15.2614688873,"max":49.498085022,"mean":5.86933803558,"median":5.34059762955,"min":-1.21068310738,"var":15.7331676483},"spectral_rms":{"dmean":0.000890511146281,"dmean2":0.00128184247296,"dvar":0.00000171946817318,"dvar2":0.00000366026938536,"max":0.0167940296233,"mean":0.00394866289571,"median":0.00397352781147,"min":3.22523778518e-12,"var":0.00000641041242488},"spectral_rolloff":{"dmean":438.852508545,"dmean2":722.010498047,"dvar":641909.8125,"dvar2":1429007.625,"max":19272.2167969,"mean":1607.76953125,"median":1571.92382813,"min":21.533203125,"var":1746668.875},"spectral_skewness":{"dmean":0.233897224069,"dmean2":0.375979542732,"dvar":0.0707012265921,"dvar2":0.167481049895,"max":5.32677936554,"mean":1.73471927643,"median":1.73349404335,"min":-0.555118739605,"var":0.279408127069},"spectral_spread":{"dmean":466931.5625,"dmean2":644621.75,"dvar":441967280128,"dvar2":879446327296,"max":39692264,"mean":3984433.5,"median":3609466.5,"min":1146407.5,"var":2269113745410},"spectral_strongpeak":{"dmean":0.712279856205,"dmean2":1.20789349079,"dvar":1.5891367197,"dvar2":3.93061757088,"max":15.3634881973,"mean":1.13632488251,"median":0.389857858419,"min":0,"var":3.00941205025},"zerocrossingrate":{"dmean":0.00978755112737,"dmean2":0.0114714801311,"dvar":0.000155767513206,"dvar2":0.000212542567169,"max":0.501953125,"mean":0.0593400336802,"median":0.05615234375,"min":0,"var":0.00117469194811}},"metadata":{"audio_properties":{"analysis_sample_rate":44100,"bit_rate":192022,"codec":"mp3","downmix":"mix","equal_loudness":0,"length":222.850616455,"lossless":false,"md5_encoded":"ec1277e85e3acb9e203a4b418303e577","replay_gain":-5.24144172668,"sample_rate":44100},"tags":{"acoustid_fingerprint":["AQADtJnShEkSJxB1JhWC50c-Jfh96Bea4zIlvMeJyCOuHKRy4kWFmYwRC82VomsU43qGn5g0hSoOtsR_bEePK7iOF_3RQz-Oj0HO42h43Bk-HX7xXThyiEc69uiVIT_O4yN0DXlouGKa4y-OnAkeK5PxCzqmIz-odcSPH9FDEz2hW8GZw1KOyD26D8334x3IW0a-Y5Uu6HhcofzhF_2hHc2O63gkHT3cBRoe7pDTHUckPUdTH9_Bo28cNExz8BduIQyHZDNHjM7xBz8FM2KILzsu_EjeJMWZHkfbBz5Dop-FH0f0tPiDhjs84_vRK8YfB9UPH4n0I8t7As-FZ3lSXEfPoJGP_AvxBI8Qvgd19Dc-XDrO45vyINl0I7cyMD-OH9PpGM2048M-xjnyHtVnNHwMPZgypTZCO3gWHTsf_C8-HvlSI4l8NDg3HG-CRuyNaUdyIZJ8eELP5MGeobcRfoOeE1dYxEl3XEc_8WiKJz74REYz2mhvVNKJRhyLi7iSo8wQZh90HUziLHEwXUeu7GjzIcyLLyfUE-UrNE1y5CfxD70OY-KDDx-ulcIRXvlgdDgXi9B19IRXHox-9Mfh6PBpfIfOIfzwlD1e9IK5I3zwc-ghOpNxHn6PQ_7wHTf-4od3tKrxH1-Oo89gx4eISyYc5yA_oTlUZZnx5oierIKrRBmOPxoePrjz462O0EpuNOoKVXIYvOIwkYGPfkd_HN6HGzrS53iwHz987Dv6I9ehOkh1PMEvXDp-ZLlyiNcjhH6DH0U0VUrxB_-DcVFfpFtf_D_sZIEn0ehOInsLfUGYH3V21KLR6AkCsTeuRbiO_2ieHdpx_8gtdMyJ4qiuVzhMCQerH0GSHX2Mpw8ezM-LKU1Y1DuO9zn-5WhOwj7C9UgeHl-IRoo5XEsuXPgfmD16Ii-Pisc_HZdXNF925LiYG4-OE9eF89iPNyXCH8mY6MI79IHDKSv6U_iL4xp6GO-N4wfbwx969EeKnjH-oz-uDhd--DtOgHoz_NAPXy9CXugz_PDhE3ng7qgoPYEWXUN_yCyaKEN5FV-FH64uQb3w8EizD9eHy0T4oGGgOsdDogl_wPZw6AtJpNWC-jreJMZRi4F35IFDHfYU6IYqDhdNpDHafPhxLsiXhSjJC2KU3YiWvPiiw04Y9OFxB_eKsB-c3AqSJVwe_CGO5pgkicepRZGQbdHRzDq04z-uQF9QUWgkDofOgrd16EeeY5ph5yhf9IIlrujtCKM65IeWigjF3Xjxo2ODO0cRNtLxCNL-4TuC9wcVt3h03EdgH9cF_IkPXUmPH6563NkL60Wt4010oQ-05MiVaDke7UKL5jl-NN0R4k0gP6h0w9XxPPgP7cmIoz9ShcdzVHWH_LiG5j-0XriOPivsMHiPplKHj3h8FU18o76Bp8WFZjqq8aiSQ7yL5jvm5Jg3NRFqhYzQnAuuo1N8NFvT4TqHow-ahcd15KiNd0efHY-IkzkuVWhuhKfRQx_OoeTxX8F79GiqmtCHB0yO-niUcFNQ0guoOse54LnhomyOc6gK_fCD46nwZ_iNe8iPj8YP_0PP4isYPYMfdDiRk4dm