{"lowlevel":{"average_loudness":0.853055417538,"barkbands":{"dmean":[0.0000525159521203,0.00207637110725,0.000989156076685,0.00087867322145,0.00173329224344,0.000757199362852,0.000717715302017,0.000875463534612,0.00113478756975,0.000964778126217,0.000573283236008,0.000835515151266,0.00061499531148,0.000832692545373,0.000367558095604,0.000427136343205,0.0003744768037,0.000188297563,0.000106717467133,0.0000700559539837,0.0000634665848338,0.0000367309039575,0.0000503966693941,0.0000306477741105,0.0000618328704149,0.0000280025233224,0.00000989431737253],"dmean2":[0.0000812717189547,0.00331577705219,0.00163143093232,0.0014312309213,0.00280982558616,0.00122712482698,0.00112035125494,0.0013793988619,0.00175691547338,0.00149127421901,0.000905222434085,0.00129785842728,0.000966645311564,0.00131132244132,0.000579896732233,0.000679013319314,0.000600344326813,0.000296316924505,0.000169915729202,0.000107966545329,0.0000978289535851,0.00005477024024,0.0000747838930693,0.0000428903695138,0.0000891938616405,0.000038278340071,0.0000160599447554],"dvar":[1.89368538628e-8,0.0000248190881393,0.00000414375608671,0.00000322100345329,0.0000150355781443,0.00000218104537453,0.00000210300072467,0.00000526814346813,0.00000999555595627,0.00000717745160728,0.00000349723904947,0.00000435897800344,0.00000294638448395,0.00000317763897328,9.6169230801e-7,0.00000103508534721,6.95043297583e-7,1.46968162085e-7,3.11555368171e-8,1.97502085797e-8,7.63297691719e-9,3.65903396471e-9,1.54197774549e-8,3.93484267391e-9,5.14022211462e-8,4.25088275691e-9,2.23055951487e-9],"dvar2":[4.24358717055e-8,0.0000610298811807,0.0000112182269731,0.00000814408303995,0.0000370420675608,0.00000554503276362,0.00000508880475536,0.0000122877581816,0.000022852098482,0.0000160555864568,0.0000078449229477,0.0000100505012597,0.00000677101161273,0.00000773788724473,0.00000216034732148,0.00000247020443567,0.00000167910968685,3.49540812294e-7,7.54773594736e-8,4.15185787972e-8,1.74108834017e-8,7.8995130437e-9,3.58492329156e-8,7.76838415817e-9,1.20854650731e-7,1.01012380682e-8,5.7776561313e-9],"max":[0.00299016432837,0.0616293661296,0.0385243296623,0.0306029189378,0.0624241344631,0.0328878052533,0.0369285643101,0.0464454516768,0.065387122333,0.0615008212626,0.0464156493545,0.0639484226704,0.0342141911387,0.0425341427326,0.0223461110145,0.0279930140823,0.0247612055391,0.0126788308844,0.00487323477864,0.00600169925019,0.00164187594783,0.00161939184181,0.00284418230876,0.00191636593081,0.00428877724335,0.00127622066066,0.000967543863226],"mean":[0.0000575934973313,0.0027702585794,0.00159084866755,0.00144035532139,0.00263758213259,0.00132418470457,0.00123176316265,0.00129984784871,0.0021461576689,0.00168868689798,0.000894182361662,0.00146515888628,0.000999635434709,0.0013864467619,0.000599122664426,0.000727728707716,0.000685239792801,0.000371299800463,0.000219042995013,0.00015605185763,0.000151131273014,0.0000892171374289,0.000100410354207,0.0000658128265059,0.0000938661542023,0.000045922701247,0.00000876658577909],"median":[0.0000135077916639,0.00120294513181,0.000991954468191,0.000544424518012,0.00109148118645,0.000660611782223,0.000575959449634,0.000309273134917,0.000508054392412,0.000474157219287,0.000262602901785,0.000575024751015,0.00031122774817,0.000579087412916,0.000200695096282,0.000270269927569,0.000327382818796,0.000181258888915,0.000134381669341,0.0000859254942043,0.000104783262941,0.0000450942425232,0.0000431160078733,0.0000311954136123,0.0000384664199373,0.000020673889594,0.00000107700975605],"min":[2.77013516135e-24,1.77962949696e-23,2.86933146195e-24,8.95107650165e-25,1.78250394832e-23,1.34935052269e-23,2.66727124918e-23,2.89038982772e-23,3.1162088349e-23,3.37805827507e-23,4.49881031806e-23,4.41788770422e-23,2.37400211025e-23,7.94931347659e-23,5.32660529548e-23,9.69044245929e-23,6.10861825696e-23,1.60827824294e-22,1.49793073869e-22,2.22326726268e-22,3.18028731204e-22,4.04217881416e-22,3.92655603926e-22,6.85080989859e-22,1.10256036778e-21,1.52558277466e-21,2.08260833981e-21],"var":[2.05693169164e-8,0.0000259990847553,0.00000512584756507,0.00000547176659893,0.0000188074627658,0.00000396935229219,0.00000377566948373,0.0000100293573269,0.0000286414724542,0.0000181690866157,0.00000656628617435,0.0000102634212453,0.00000581525227972,0.00000620861646894,0.00000210432926906,0.00000237674635173,0.00000141766520301,3.7745118675e-7,7.58698845971e-8,7.11832512934e-8,2.27431868893e-8,1.41048621671e-8,2.81884702247e-8,1.00888142285e-8,5.90470818906e-8,5.84758375055e-9,1.77225811804e-9]},"barkbands_crest":{"dmean":2.43849730492,"dmean2":3.99560856819,"dvar":5.31998729706,"dvar2":13.5888147354,"max":25.3150596619,"mean":8.56962871552,"median":7.63988828659,"min":2.58635282516,"var":13.7908887863},"barkbands_flatness_db":{"dmean":0.0166360605508,"dmean2":0.0248218420893,"dvar":0.000237999251112,"dvar2":0.000516420812346,"max":0.284453570843,"mean":0.106318622828,"median":0.101177200675,"min":0.0187198258936,"var":0.00128258590121},"barkbands_kurtosis":{"dmean":1.39392852783,"dmean2":2.20727753639,"dvar":6.74679756165,"dvar2":15.6871471405,"max":93.2772445679,"mean":1.59564590454,"median":0.379673957825,"min":-1.84564399719,"var":19.0192050934},"barkbands_skewness":{"dmean":0.403482556343,"dmean2":0.607214212418,"dvar":0.173654124141,"dvar2":0.376379042864,"max":8.36945724487,"mean":0.890556633472,"median":0.788152039051,"min":-3.34333634377,"var":0.874804735184},"barkbands_spread":{"dmean":4.32707118988,"dmean2":6.61569356918,"dvar":20.2114048004,"dvar2":45.0696754456,"max":93.5946044922,"mean":23.2215137482,"median":22.5494804382,"min":1.08531761169,"var":93.258026123},"dissonance":{"dmean":0.0180809404701,"dmean2":0.0307495389134,"dvar":0.000357829412678,"dvar2":0.000986070837826,"max":0.499999970198,"mean":0.467877417803,"median":0.474851578474,"min":0.254330545664,"var":0.000684697355609},"dynamic_complexity":3.91674828529,"erbbands":{"dmean":[0.0562535859644,0.496780604124,1.08942461014,2.15044593811,4.38255977631,6.13235092163,7.08549070358,6.31919240952,10.6121063232,10.6412696838,20.2255840302,21.9363098145,34.2014808655,24.0944061279,21.2829113007,29.4332427979,26.8941612244,27.9353675842,32.8728141785,17.604598999,25.9412403107,18.6665115356,11.0171775818,6.39120578766,3.87851285934,3.12163281441,2.92969512939,2.12084078789,1.37360644341,1.55594468117,1.27704656124,0.68774420023,0.531935095787,0.39456692338,0.648840487003,0.1525195539,0.0497454330325,0.0119851082563,0.00191786733922,0.0000879806466401],"dmean2":[0.0892525911331,0.80881279707,1.78518009186,3.49055671692,7.22678518295,10.3218917847,11.2118082047,10.2105150223,16.5566272736,16.8194599152,31.3623161316,33.5710983276,51.7062606812,37.2132453918,32.8748855591,44.7242431641,41.6168441772,43.4929962158,51.5569648743,27.1642665863,41.2608642578,29.7377510071,17.1374359131,10.099363327,6.09433698654,4.79135656357,4.55645942688,3.30152893066,2.07962560654,2.3697309494,1.86614775658,0.973935484886,0.76031512022,0.563192844391,0.960666418076,0.218275412917,0.0674945265055,0.0172432940453,0.00315925781615,0.000143638579175],"dvar":[0.0220844876021,1.37212693691,4.92992305756,19.3076877594,83.5124359131,232.474899292,199.248092651,137.840438843,424.280578613,678.812438965,3288.8371582,3798.76635742,8952.58105469,5117.50048828,3626.51904297,5768.25097656,4723.6875,4180.05224609,5423.99267578,2290.54467773,3490.92358398,1496.203125,520.622924805,149.168746948,34.7660217285,39.4776878357,16.585313797,10.6860466003,5.21846342087,13.5516462326,8.13367176056,1.89478492737,1.30219221115,1.021089077,7.19454574585,0.215738430619,0.0104821417481,0.00109819718637,0.000101541823824,2.24706980134e-7],"dvar2":[0.0510371215641,3.58140277863,13.290772438,49.6459197998,206.484603882,608.075134277,481.938171387,352.426879883,1045.92529297,1617.67529297,7715.3359375,8767.77441406,19575.0058594,12717.8261719,8174.16650391,12868.828125,10987.8085938,9703.98339844,13116.4111328,5231.82324219,8200.58105469,3573.7109375,1228.12475586,348.969207764,82.6568145752,79.9669494629,38.6293182373,24.2747535706,11.2785568237,32.8791160583,18.0059947968,3.73841118813,2.78189730644,2.27298164368,17.2128791809,0.537984848022,0.0229218415916,0.00270636589266,0.000264337460976,5.90578792981e-7],"max":[1.9999063015,12.8701581955,31.974445343,112.033416748,132.263824463,250.113464355,291.218109131,237.252548218,428.800994873,773.089355469,1053.32373047,1591.46936035,1947.2701416,2368.94213867,1808.89282227,2211.03100586,1326.3795166,2537.31860352,2232.35522461,1394.37487793,1493.46154785,1095.84643555,659.341003418,408.382965088,137.137786865,317.16015625,93.9015197754,50.8030204773,63.6451759338,97.8881759644,60.8576049805,46.3971138,28.6090106964,25.7826271057,51.5036354065,8.74984455109,1.91494083405,0.77476644516,0.21031396091,0.0114622050896],"mean":[0.0677377432585,0.667913258076,1.82522881031,3.57840895653,6.07614898682,8.16483783722,12.4877519608,11.5569143295,18.9447898865,17.9354572296,31.8989048004,41.8814353943,62.3866500854,43.3527793884,38.4555931091,53.7790679932,48.4912605286,49.7853317261,58.0619125366,32.9515380859,46.8887786865,38.80834198,23.384563446,13.8989391327,8.69749832153,7.24265050888,6.8042178154,4.90810823441,3.30453109741,3.21713066101,2.5987405777,1.5008149147,1.07944691181,0.744761645794,0.861250817776,0.238595470786,0.0812453478575,0.016346950084,0.00162132200785,0.0000942723563639],"median":[0.0257624052465,0.305949270725,1.20492935181,1.63753247261,2.47942066193,2.99615001678,5.45725440979,5.88455104828,9.84859466553,6.7609462738,9.05066776276,11.5514354706,19.059841156,16.0024642944,15.6395425797,22.2828636169,17.932182312,22.3478889465,25.4616508484,13.4686908722,19.6084289551,20.2652893066,12.0095882416,8.16913890839,5.83994007111,4.09942722321,4.73957490921,3.16751241684,1.70908284187,1.45553314686,1.1119799614,0.705641388893,0.516839087009,0.355300307274,0.307263851166,0.109782621264,0.0353343486786,0.00570769701153,0.000159920629812,0.0000341435697919],"min":[4.54468396809e-22,3.55337808004e-21,5.97855450598e-21,3.31952446774e-21,3.50013689072e-20,3.91363769347e-20,7.89848271298e-20,1.64593871701e-19,3.30071611736e-19,4.22578424963e-19,5.58708960088e-19,5.64344903492e-19,1.02905517842e-18,8.6858917062e-19,2.61278520878e-18,1.76278640544e-18,1.20824545336e-18,3.89563397819e-18,3.17159430942e-18,4.16261768783e-18,4.99947093687e-18,4.74987415012e-18,8.46700172494e-18,6.05582069736e-18,9.53671417463e-18,1.07794587464e-17,1.19538128523e-17,1.26456005422e-17,1.12859687324e-17,1.29160869481e-17,1.24524050655e-17,1.17814325486e-17,1.21172223823e-17,9.44374155532e-18,8.50087725256e-18,5.47817896892e-18,2.76013357963e-18,1.17880547497e-18,2.72202754016e-19,2.79907611842e-20],"var":[0.0225989259779,1.35945701599,6.09677886963,28.6620159149,103.612930298,232.668380737,436.100158691,281.795257568,789.94934082,1291.95922852,5811.19384766,9796.4765625,21553.8085938,10316.4501953,7822.51123047,13706.6533203,10100.8251953,8843.13867188,10437.7285156,5103.89892578,7635.95849609,3955.75366211,1417.91369629,393.319763184,92.5774078369,162.317367554,48.7791671753,27.7972049713,19.2378501892,25.741973877,17.2790107727,5.21340847015,2.81704831123,1.70963561535,7.52696609497,0.237242490053,0.016960516572,0.00120570266154,0.0000788497418398,1.70352279838e-7]},"erbbands_crest":{"dmean":2.70718336105,"dmean2":4.3480257988,"dvar":6.93146371841,"dvar2":16.5757751465,"max":31.9953918457,"mean":9.49209690094,"median":8.27676582336,"min":2.34434866905,"var":22.2855224609},"erbbands_flatness_db":{"dmean":0.0181966908276,"dmean2":0.0250799637288,"dvar":0.000311121955747,"dvar2":0.000571066164412,"max":0.350008994341,"mean":0.154005646706,"median":0.151762545109,"min":0.0438192524016,"var":0.00193320808467},"erbbands_kurtosis":{"dmean":0.987301051617,"dmean2":1.54206824303,"dvar":3.06324791908,"dvar2":7.4720158577,"max":82.2087478638,"mean":1.00579667091,"median":0.19198346138,"min":-1.71255540848,"var":7.99068069458},"erbbands_skewness":{"dmean":0.320474267006,"dmean2":0.489640414715,"dvar":0.0918642356992,"dvar2":0.208981752396,"max":7.17680072784,"mean":0.204517364502,"median":0.146068096161,"min":-3.22310233116,"var":0.57679027319},"erbbands_spread":{"dmean":6.0146150589,"dmean2":8.91418933868,"dvar":39.4181289673,"dvar2":81.6399993896,"max":116.073921204,"mean":30.6482639313,"median":27.8693847656,"min":1.56484127045,"var":240.665206909},"gfcc":{"cov":[[10533.5371094,-267.136657715,186.004379272,-81.8273468018,-100.099723816,170.638549805,-144.707015991,7.13293886185,-118.275482178,84.2411270142,-200.606216431,129.789932251,-126.87121582],[-267.136657715,776.025695801,-69.3516311646,140.197265625,155.801116943,42.1829833984,149.315597534,15.2409152985,52.0306968689,-58.3583564758,37.669883728,-57.0794067383,44.9793434143],[186.004379272,-69.3516311646,747.320983887,165.710525513,75.6464233398,110.245132446,47.7817840576,35.349067688,-18.1949005127,-7.15769672394,-50.3788108826,-9.64817523956,-59.7163276672],[-81.8273468018,140.197265625,165.710525513,310.877532959,127.414299011,80.0795211792,23.1709346771,17.7108592987,20.1414375305,-3.03606009483,10.3677425385,-22.1054344177,-8.19556808472],[-100.099723816,155.801116943,75.6464233398,127.414299011,315.451965332,97.2970352173,78.7528305054,30.7994709015,26.744468689,31.7669181824,9.54180812836,-5.00617265701,-14.7102336884],[170.638549805,42.1829833984,110.245132446,80.0795211792,97.2970352173,207.081054688,114.070373535,28.3603248596,-11.3727550507,-6.53419208527,-3.89304900169,-19.5809593201,-34.8926391602],[-144.707015991,149.315597534,47.7817840576,23.1709346771,78.7528305054,114.070373535,204.82699585,55.6264686584,-0.564863801003,-18.8959007263,14.28444767,-24.4400234222,-23.5524711609],[7.13293886185,15.2409152985,35.349067688,17.7108592987,30.7994709015,28.3603248596,55.6264686584,99.6005554199,27.5048942566,13.8964223862,-9.14895534515,1.38393342495,-12.824883461],[-118.275482178,52.0306968689,-18.1949005127,20.1414375305,26.744468689,-11.3727550507,-0.564863801003,27.5048942566,98.2966537476,22.8940010071,-3.9309694767,-12.8519697189,12.0610122681],[84.2411270142,-58.3583564758,-7.15769672394,-3.03606009483,31.7669181824,-6.53419208527,-18.8959007263,13.8964223862,22.8940010071,97.7490844727,29.4552116394,14.6940765381,-11.3122835159],[-200.606216431,37.669883728,-50.3788108826,10.3677425385,9.54180812836,-3.89304900169,14.28444767,-9.14895534515,-3.9309694767,29.4552116394,83.3918609619,23.2760887146,5.18494129181],[129.789932251,-57.0794067383,-9.64817523956,-22.1054344177,-5.00617265701,-19.5809593201,-24.4400234222,1.38393342495,-12.8519697189,14.6940765381,23.2760887146,81.21875,25.6425800323],[-126.87121582,44.9793434143,-59.7163276672,-8.19556808472,-14.7102336884,-34.8926391602,-23.5524711609,-12.824883461,12.0610122681,-11.3122835159,5.18494129181,25.6425800323,84.2180328369]],"icov":[[0.000120191900351,-0.0000968464664766,0.000018272536181,0.0000114186268547,0.000112844303658,-0.000213478298974,0.000135240523377,0.0000365516752936,0.000131399414386,-0.00028026488144,0.000505235861056,-0.000414744834416,0.000260219356278],[-0.0000968464664766,0.00238132057711,0.000237583692069,-0.000760951836128,-0.000954087532591,0.00100336049218,-0.00174089882057,0.00030703653465,-0.000940069323406,0.00175754213706,-0.00165502575692,0.00181432510726,-0.00159417826217],[0.000018272536181,0.000237583692069,0.00183285959065,-0.00110671680886,0.0000737235750421,-0.000279815838439,-0.000450500985608,0.0000364270272257,0.000280933716567,-0.00019280910783,0.00148422713391,-0.000791586993728,0.000952579313889],[0.0000114186268547,-0.000760951836128,-0.00110671680886,0.00530652375892,-0.00145211315248,-0.00181105011143,0.00249864323996,-0.00118399399798,-0.000444511242677,0.00112470111344,-0.00224702060223,0.00151420361362,-0.000438209070126],[0.000112844303658,-0.000954087532591,0.0000737235750421,-0.00145211315248,0.00514624733478,-0.00148152606562,-0.000906458473764,0.000525229144841,-0.000389612861909,-0.0028366856277,0.0019532837905,-0.00193417223636,0.000845502770972],[-0.000213478298974,0.00100336049218,-0.000279815838439,-0.00181105011143,-0.00148152606562,0.00942310038954,-0.00535585032776,0.000932927709073,0.000674591341522,0.000352581235347,0.000362768914783,0.000775329011958,0.000749808561523],[0.000135240523377,-0.00174089882057,-0.000450500985608,0.00249864323996,-0.000906458473764,-0.00535585032776,0.011810800992,-0.00576494913548,0.00119826046284,0.00257798703387,-0.00374227692373,0.00200365367346,0.000900024198927],[0.0000365516752936,0.00030703653465,0.0000364270272257,-0.00118399399798,0.000525229144841,0.000932927709073,-0.00576494913548,0.0152760939673,-0.00416616769508,-0.00281722424552,0.00455614412203,-0.0040357299149,0.00216052145697],[0.000131399414386,-0.000940069323406,0.000280933716567,-0.000444511242677,-0.000389612861909,0.000674591341522,0.00119826046284,-0.00416616769508,0.014164628461,-0.00435376726091,0.00192736985628,0.00299679068848,-0.0028763837181],[-0.00028026488144,0.00175754213706,-0.00019280910783,0.00112470111344,-0.0028366856277,0.000352581235347,0.00257798703387,-0.00281722424552,-0.00435376726091,0.0171099342406,-0.00873329676688,0.000865986046847,0.00175014114939],[0.000505235861056,-0.00165502575692,0.00148422713391,-0.00224702060223,0.0019532837905,0.000362768914783,-0.00374227692373,0.00455614412203,0.00192736985628,-0.00873329676688,0.0214415565133,-0.00842334888875,0.00241309171543],[-0.000414744834416,0.00181432510726,-0.000791586993728,0.00151420361362,-0.00193417223636,0.000775329011958,0.00200365367346,-0.0040357299149,0.00299679068848,0.000865986046847,-0.00842334888875,0.0206120666116,-0.00814876426011],[0.000260219356278,-0.00159417826217,0.000952579313889,-0.000438209070126,0.000845502770972,0.000749808561523,0.000900024198927,0.00216052145697,-0.0028763837181,0.00175014114939,0.00241309171543,-0.00814876426011,0.0177687946707]],"mean":[5.57912015915,78.4946975708,-124.865730286,17.494556427,-52.0090637207,15.2308578491,-40.4942970276,10.7811470032,-26.5799331665,5.75119161606,-21.1775913239,4.77799987793,-12.4330377579]},"hfc":{"dmean":6.44918489456,"dmean2":9.03941345215,"dvar":91.4126815796,"dvar2":182.637069702,"max":192.290405273,"mean":23.1314849854,"median":19.2914390564,"min":1.11884476124e-16,"var":358.337890625},"melbands":{"dmean":[0.00053611054318,0.000582945882343,0.000396257673856,0.000415924412664,0.000239149871049,0.00014180407743,0.000151812826516,0.000135169888381,0.000167324076756,0.000150075997226,0.00017790144193,0.000106761726784,0.0000716154099791,0.0000832444493426,0.0000900837476365,0.0000555911028641,0.0000573442011955,0.0000685610502842,0.0000294412584481,0.0000230574732996,0.0000347910245182,0.0000239946512011,0.0000143456236401,0.00000712154542271,0.00000585053658142,0.00000378192476091,0.00000284602606371,0.00000209322865885,0.00000207144285014,0.00000179915809895,0.0000011736514125,8.79270317e-7,7.76254523771e-7,0.00000108993276626,8.93270055258e-7,5.31698276518e-7,4.25478361876e-7,4.33400970223e-7,3.02307512356e-7,3.38774384545e-7],"dmean2":[0.000855547259562,0.000946851738263,0.000638669065665,0.000694172573276,0.000378024124075,0.000229153214605,0.000236971565755,0.000212035723962,0.00025815810659,0.000230511825066,0.000269512966042,0.000165015138919,0.000110815133667,0.000129353240482,0.000139475829201,0.0000860577929416,0.0000902453102753,0.000107961299364,0.0000458752874692,0.0000361537604476,0.0000556542581762,0.0000383860424336,0.0000224106170208,0.0000110860028144,0.00000933173214435,0.00000611227369518,0.00000446752710559,0.0000032607463254,0.00000327381394527,0.00000283704844151,0.00000186284728443,0.00000137234997055,0.00000119660444398,0.00000170306611835,0.00000134783840622,7.94249729097e-7,6.19016304881e-7,6.36924085029e-7,4.41709744337e-7,5.00062981246e-7],"dvar":[0.00000182461758413,0.00000150500954987,5.64347431009e-7,0.0000010880728496,2.05594375302e-7,6.79870666431e-8,8.59231192862e-8,1.03963920139e-7,2.45503485985e-7,1.77327876827e-7,2.35421211414e-7,8.93186680173e-8,4.78154831285e-8,5.82426338269e-8,5.55886643383e-8,2.73220717162e-8,1.76574221911e-8,2.55835370666e-8,7.4333410538e-9,4.50459092249e-9,6.16124573583e-9,2.9555577985e-9,1.14172327148e-9,1.57676149914e-10,1.38590389165e-10,3.54082978216e-11,4.41333636303e-11,1.7095309543e-11,9.0858891591e-12,7.15584666175e-12,3.33988327446e-12,2.12934921431e-12,1.95769485692e-12,8.90271970727e-12,4.5556336481e-12,1.14993030289e-12,7.36207969587e-13,9.49586654968e-13,3.9494918295e-13,7.44574161441e-13],"dvar2":[0.00000433612194684,0.00000398058818973,0.00000142664066516,0.00000276089713225,4.9597593943e-7,1.73785963398e-7,2.11359335367e-7,2.42872260969e-7,5.77527032419e-7,4.04132634912e-7,5.15465728768e-7,2.18832070686e-7,1.05081134905e-7,1.36697693165e-7,1.35919179911e-7,6.10514234722e-8,4.16193550734e-8,6.24154452566e-8,1.64385784984e-8,1.07307194241e-8,1.43746490266e-8,7.05978875359e-9,2.88233192869e-9,3.54378082434e-10,3.28298943586e-10,9.10265821052e-11,9.64949994908e-11,3.53466873826e-11,2.19042371047e-11,1.73381205226e-11,7.79494264275e-12,4.90582617932e-12,4.62165288678e-12,2.24711412672e-11,1.04242508722e-11,2.60667811121e-12,1.50191848975e-12,2.15943083727e-12,8.38789703927e-13,1.71554307218e-12],"max":[0.0180091112852,0.0165505874902,0.0157945975661,0.0144830308855,0.00790810771286,0.00542238960043,0.00578886130825,0.00816330872476,0.0119551895186,0.0103582274169,0.00950785633177,0.00900795776397,0.00706064095721,0.00944150798023,0.00624537980184,0.00437791692093,0.00433381507173,0.00463101873174,0.00218330952339,0.00193452532403,0.00176495569758,0.00168092397507,0.00127221061848,0.0003042134922,0.000388539017877,0.000156761656399,0.000314799632179,0.000232083213632,0.0000937544100452,0.0000560205262445,0.0000264260670519,0.0000441944685008,0.000034720327676,0.0000881040105014,0.0000382217549486,0.0000355311967724,0.0000334758369718,0.0000276085083897,0.0000221197515202,0.0000204097832466],"mean":[0.00070064351894,0.00094834837364,0.000688700878527,0.000517444335856,0.000430006854003,0.000263570371317,0.000272601580946,0.000221621405217,0.00026345817605,0.000283584406134,0.000320946914144,0.000187379293493,0.000121000382933,0.000142489734571,0.000150733947521,0.0000931476024562,0.0000951527545112,0.000112335648737,0.0000475608831039,0.0000403253288823,0.0000577302525926,0.0000438048627984,0.0000266329880105,0.0000143073484651,0.0000112017733045,0.00000727909855414,0.00000564543324799,0.0000043949389692,0.00000428883913628,0.00000381583549824,0.00000244004195338,0.00000188834087567,0.00000162052242558,0.00000195672805603,0.00000164675748238,0.00000107991604636,8.50311835165e-7,8.05075387689e-7,5.9746810166e-7,6.04852800734e-7],"median":[0.000288472219836,0.000592668133322,0.000340762489941,0.000188073870959,0.000191680417629,0.000138909002999,0.000141055512358,0.0000690327360644,0.0000685223058099,0.000069064910349,0.0000931023387238,0.000062946070102,0.0000423362725996,0.0000555070801056,0.0000474994958495,0.0000269711672445,0.0000398113261326,0.0000435221700172,0.0000152028223965,0.000014246680621,0.0000230112782447,0.0000202954033739,0.0000125223423311,0.00000728791837901,0.00000596430254518,0.00000465250241177,0.00000294946448776,0.00000232850402426,0.00000283678582491,0.00000239735754803,0.00000146883758134,9.71618533185e-7,7.43032160244e-7,8.34565412333e-7,6.61489934828e-7,4.8323761348e-7,3.96088182697e-7,3.66687430642e-7,2.96231746688e-7,2.84287636987e-7],"min":[6.28642703168e-24,4.60871552378e-24,1.50371028867e-24,1.85057716186e-24,2.33196197712e-24,3.46679479283e-24,5.51374132489e-24,4.48065894417e-24,4.87315747643e-24,3.59752521647e-24,5.33844104896e-24,2.86584449954e-24,6.63105117332e-24,6.9074136031e-24,2.1224277017e-24,3.8649096203e-24,7.52388946787e-24,4.71176205725e-24,3.99368919092e-24,5.01851850885e-24,5.31881182306e-24,3.3916206873e-24,8.21347222817e-24,7.29148631203e-24,4.28927971085e-24,6.12582875644e-24,4.32609782144e-24,7.33738539494e-24,6.79660783377e-24,6.20793221617e-24,5.59241363411e-24,5.30256602158e-24,7.76203710883e-24,5.32234000346e-24,6.05346733447e-24,6.65697945355e-24,7.70959836901e-24,7.09262552188e-24,7.28994645554e-24,7.21587872743e-24],"var":[0.00000191304388864,0.00000176789069428,9.41608959693e-7,0.00000104991784156,4.60894682419e-7,1.37872845585e-7,1.57880776896e-7,2.22353719437e-7,4.54600694866e-7,4.93919401379e-7,5.79726076921e-7,1.93889292177e-7,9.4474266632e-8,1.22448852835e-7,1.23630684357e-7,6.55932694826e-8,3.34071650343e-8,4.67495766543e-8,1.64728621854e-8,1.04266186796e-8,1.2032518093e-8,6.60885124404e-9,2.17388085311e-9,4.64114968679e-10,3.29045179992e-10,6.99900831735e-11,1.19177098745e-10,6.50935000346e-11,2.34129486631e-11,1.73084428734e-11,7.78692908765e-12,6.70709234679e-12,5.78729425493e-12,1.26221854149e-11,8.13155705964e-12,2.80969626905e-12,1.81331685778e-12,1.74920071917e-12,8.62673593584e-13,1.17125168071e-12]},"melbands_crest":{"dmean":2.95577526093,"dmean2":4.76785469055,"dvar":7.40493154526,"dvar2":19.2386550903,"max":32.1123275757,"mean":11.6028318405,"median":10.9070224762,"min":1.68456184864,"var":17.8296794891},"melbands_flatness_db":{"dmean":0.018969450146,"dmean2":0.0284529626369,"dvar":0.000353291223291,"dvar2":0.000763029383961,"max":0.407675385475,"mean":0.165324285626,"median":0.15859156847,"min":0.00437255389988,"var":0.00202521122992},"melbands_kurtosis":{"dmean":3.18213748932,"dmean2":4.96319103241,"dvar":41.6589813232,"dvar2":93.4058303833,"max":185.934127808,"mean":5.64518547058,"median":2.4624569416,"min":-1.72874283791,"var":137.047286987},"melbands_skewness":{"dmean":0.530052781105,"dmean2":0.793906331062,"dvar":0.336785376072,"dvar2":0.727522313595,"max":10.811882019,"mean":1.62495446205,"median":1.42219662666,"min":-2.01735472679,"var":1.72736489773},"melbands_spread":{"dmean":6.07396268845,"dmean2":9.42673969269,"dvar":37.6958694458,"dvar2":87.2607727051,"max":172.481567383,"mean":28.875629425,"median":27.844833374,"min":1.13251650333,"var":172.248077393},"mfcc":{"cov":[[7937.92138672,428.053344727,-231.796615601,-46.0655403137,3.47632575035,70.7979431152,-62.5291633606,-6.45123958588,-14.041103363,-24.8525409698,-81.0259170532,-16.8704090118,14.6459121704],[428.053344727,681.850585938,-109.338851929,98.4696960449,28.5951519012,51.4889755249,80.2258300781,67.8836593628,58.9957695007,22.8001594543,1.64446306229,25.4221191406,-10.926776886],[-231.796615601,-109.338851929,575.185119629,86.4740219116,59.201587677,61.7622032166,49.6065597534,54.3843231201,9.41238880157,48.3274154663,0.310959994793,-32.1802787781,2.83240008354],[-46.0655403137,98.4696960449,86.4740219116,231.943511963,123.732170105,48.0227127075,35.3739128113,21.7188606262,29.1701869965,19.9997215271,9.00927257538,20.9408988953,14.9174547195],[3.47632575035,28.5951519012,59.201587677,123.732170105,215.530670166,89.7901611328,28.7555789948,15.8345766068,36.4060173035,24.4118041992,10.0982952118,16.223241806,13.2409915924],[70.7979431152,51.4889755249,61.7622032166,48.0227127075,89.7901611328,171.861526489,104.753089905,53.8209533691,24.5144863129,29.7244987488,23.9383735657,6.30231237411,5.89968729019],[-62.5291633606,80.2258300781,49.6065597534,35.3739128113,28.7555789948,104.753089905,202.597000122,86.9161987305,18.2440757751,23.9443244934,34.5069999695,25.4095535278,8.14305114746],[-6.45123958588,67.8836593628,54.3843231201,21.7188606262,15.8345766068,53.8209533691,86.9161987305,126.34602356,48.2352867126,16.2295780182,13.3234958649,2.17253041267,1.58091902733],[-14.041103363,58.9957695007,9.41238880157,29.1701869965,36.4060173035,24.5144863129,18.2440757751,48.2352867126,98.0568771362,40.0427856445,8.76115226746,5.75439500809,-5.60054063797],[-24.8525409698,22.8001594543,48.3274154663,19.9997215271,24.4118041992,29.7244987488,23.9443244934,16.2295780182,40.0427856445,90.0965194702,30.8546600342,-6.28978252411,-4.67912912369],[-81.0259170532,1.64446306229,0.310959994793,9.00927257538,10.0982952118,23.9383735657,34.5069999695,13.3234958649,8.76115226746,30.8546600342,84.4710464478,37.2359428406,-0.479926109314],[-16.8704090118,25.4221191406,-32.1802787781,20.9408988953,16.223241806,6.30231237411,25.4095535278,2.17253041267,5.75439500809,-6.28978252411,37.2359428406,89.1735153198,37.0624961853],[14.6459121704,-10.926776886,2.83240008354,14.9174547195,13.2409915924,5.89968729019,8.14305114746,1.58091902733,-5.60054063797,-4.67912912369,-0.479926109314,37.0624961853,85.0435791016]],"icov":[[0.000136291550007,-0.0000950042376644,0.0000368060245819,0.000058994639403,5.09272183535e-7,-0.000148746345076,0.000131549270009,-0.0000383821206924,0.0000913964468054,-0.0000417040682805,0.000137857641676,-0.0000266044480668,-0.0000327985217154],[-0.0000950042376644,0.00197566999123,0.00057874713093,-0.00108389451634,0.000503918272443,-0.000216380198253,-0.00041915368638,-0.000654325995129,-0.000450192514108,-0.000517704989761,0.000798333552666,-0.000679035147186,0.000672205991577],[0.0000368060245819,0.00057874713093,0.00229395204224,-0.000992708257399,0.0000474572152598,-0.00037783847074,0.0000170010644069,-0.00120610138401,0.000865735812113,-0.00135752430651,0.000551029632334,0.000591688381974,-0.0000670633598929],[0.000058994639403,-0.00108389451634,-0.000992708257399,0.00725342752412,-0.00401247153059,0.00102953438181,-0.000548494397663,0.000310580333462,-0.00024515518453,0.000098577067547,-0.0000390363020415,-0.000688856234774,-0.000499362766277],[5.09272183535e-7,0.000503918272443,0.0000474572152598,-0.00401247153059,0.00893205869943,-0.00461991550401,0.00138846551999,0.00102545251139,-0.00200314959511,-0.000102332254755,0.000598273356445,-0.000959932396654,-0.000171129868249],[-0.000148746345076,-0.000216380198253,-0.00037783847074,0.00102953438181,-0.00461991550401,0.0117697678506,-0.00509579805657,-0.000665861065499,0.000109158841951,-0.00059118779609,-0.001523887855,0.00199936889112,-0.00067235151073],[0.000131549270009,-0.00041915368638,0.0000170010644069,-0.000548494397663,0.00138846551999,-0.00509579805657,0.0104256682098,-0.00568724703044,0.00289903092198,-0.00150599249173,-0.000393377558794,-0.00282390834764,0.000600425351877],[-0.0000383821206924,-0.000654325995129,-0.00120610138401,0.000310580333462,0.00102545251139,-0.000665861065499,-0.00568724703044,0.0155616570264,-0.00803617108613,0.00378234917298,-0.0020347116515,0.00308406539261,-0.0016266098246],[0.0000913964468054,-0.000450192514108,0.000865735812113,-0.00024515518453,-0.00200314959511,0.000109158841951,0.00289903092198,-0.00803617108613,0.0181419067085,-0.00846773944795,0.00342151429504,-0.00404712557793,0.00262860534713],[-0.0000417040682805,-0.000517704989761,-0.00135752430651,0.000098577067547,-0.000102332254755,-0.00059118779609,-0.00150599249173,0.00378234917298,-0.00846773944795,0.018975103274,-0.00878536794335,0.00653885910287,-0.00231345696375],[0.000137857641676,0.000798333552666,0.000551029632334,-0.0000390363020415,0.000598273356445,-0.001523887855,-0.000393377558794,-0.0020347116515,0.00342151429504,-0.00878536794335,0.0207004118711,-0.0113853719085,0.00497596524656],[-0.0000266044480668,-0.000679035147186,0.000591688381974,-0.000688856234774,-0.000959932396654,0.00199936889112,-0.00282390834764,0.00308406539261,-0.00404712557793,0.00653885910287,-0.0113853719085,0.0218649953604,-0.00925761740655],[-0.0000327985217154,0.000672205991577,-0.0000670633598929,-0.000499362766277,-0.000171129868249,-0.00067235151073,0.000600425351877,-0.0016266098246,0.00262860534713,-0.00231345696375,0.00497596524656,-0.00925761740655,0.0160949788988]],"mean":[-638.06829834,117.104179382,-13.8980979919,10.3405847549,3.44631814957,4.53620576859,-1.81170725822,3.04964876175,0.608607530594,-1.73029756546,-2.14789557457,1.35041344166,-3.66796422005]},"pitch_salience":{"dmean":0.0634258836508,"dmean2":0.103097721934,"dvar":0.00314927264117,"dvar2":0.0082028824836,"max":0.870809495449,"mean":0.564353227615,"median":0.565722584724,"min":0.148886844516,"var":0.0098780086264},"silence_rate_20dB":{"dmean":0,"dmean2":0,"dvar":0,"dvar2":0,"max":1,"mean":1,"median":1,"min":1,"var":0},"silence_rate_30dB":{"dmean":0.00105531618465,"dmean2":0.00211081793532,"dvar":0.00105412106495,"dvar2":0.00298559875228,"max":1,"mean":0.999384462833,"median":1,"min":0,"var":0.00061521405587},"silence_rate_60dB":{"dmean":0.0110808191821,"dmean2":0.0221635885537,"dvar":0.0109573472291,"dvar2":0.0250118840486,"max":1,"mean":0.0670066848397,"median":0,"min":0,"var":0.0625138133764},"spectral_centroid":{"dmean":181.266174316,"dmean2":281.508026123,"dvar":33697.5351562,"dvar2":71990.5859375,"max":11213.3632812,"mean":1429.2175293,"median":1422.8807373,"min":282.821014404,"var":250851.15625},"spectral_complexity":{"dmean":3.35555362701,"dmean2":4.97273540497,"dvar":11.2155275345,"dvar2":20.6439113617,"max":49,"mean":20.4253425598,"median":20,"min":0,"var":82.882850647},"spectral_contrast_coeffs":{"dmean":[0.0486288033426,0.0463803745806,0.0405616685748,0.0338371172547,0.0234106592834,0.017577059567],"dmean2":[0.0790710896254,0.0755186080933,0.0654775947332,0.0544982738793,0.0380523465574,0.0279685985297],"dvar":[0.00182865303941,0.00144195544999,0.00111129204743,0.000747995101847,0.000371404137695,0.000216268759686],"dvar2":[0.00456208921969,0.0038031982258,0.00271497364156,0.00186844740529,0.000928745255806,0.000516884669196],"max":[-0.323553025723,-0.431569039822,-0.440219730139,-0.51812684536,-0.555189609528,-0.540562927723],"mean":[-0.652132213116,-0.736180782318,-0.746420741081,-0.753292739391,-0.771226406097,-0.765983700752],"median":[-0.662070095539,-0.741850495338,-0.757478058338,-0.758613824844,-0.7750608325,-0.76642870903],"min":[-0.982176780701,-0.97006881237,-0.973326563835,-0.968161523342,-0.962736666203,-0.96374976635],"var":[0.00685271713883,0.00501277204603,0.00545239588246,0.00368495262228,0.00207046512514,0.00109463941772]},"spectral_contrast_valleys":{"dmean":[0.426453530788,0.354297190905,0.32827860117,0.295833170414,0.233640089631,0.261741071939],"dmean2":[0.675744056702,0.571763455868,0.51589846611,0.456278860569,0.344766050577,0.333246976137],"dvar":[0.189053878188,0.104749694467,0.080741494894,0.0769194513559,0.0569949410856,0.0919677764177],"dvar2":[0.379350423813,0.232228368521,0.171421304345,0.147626161575,0.0998575612903,0.141072317958],"max":[-5.16192722321,-4.66083288193,-4.92682170868,-5.52869653702,-6.10799455643,-8.05766010284],"mean":[-7.51338624954,-6.79513978958,-7.18689203262,-7.54138088226,-7.61624956131,-10.1346349716],"median":[-7.19046926498,-6.66278934479,-7.01168823242,-7.36841821671,-7.44278621674,-9.9539642334],"min":[-27.4554519653,-27.7998409271,-27.6359004974,-27.399061203,-27.5929908752,-27.3924064636],"var":[1.74360823631,1.30867862701,1.28368461132,1.24446618557,1.17795133591,1.33699190617]},"spectral_decrease":{"dmean":1.89303972498e-9,"dmean2":2.80315926027e-9,"dvar":6.85939564319e-18,"dvar2":1.439372848e-17,"max":1.21646381593e-28,"mean":-5.86827564319e-9,"median":-4.91059726215e-9,"min":-3.83927378778e-8,"var":1.9652330701e-17},"spectral_energy":{"dmean":0.00762270111591,"dmean2":0.0112257264555,"dvar":0.000109119559056,"dvar2":0.000226204108912,"max":0.15309253335,"mean":0.0242462605238,"median":0.0205446518958,"min":1.0242227085e-20,"var":0.000328819151036},"spectral_energyband_high":{"dmean":0.000244572904194,"dmean2":0.000327115209075,"dvar":3.03417976966e-7,"dvar2":6.45824684398e-7,"max":0.0111599275842,"mean":0.000624297710601,"median":0.000374055234715,"min":7.43476881587e-21,"var":6.40377493255e-7},"spectral_energyband_low":{"dmean":0.00300123379566,"dmean2":0.00462644873187,"dvar":0.0000412018962379,"dvar2":0.0000963124766713,"max":0.0761976614594,"mean":0.00516680674627,"median":0.0030967630446,"min":3.8194341557e-23,"var":0.0000555584156245},"spectral_energyband_middle_high":{"dmean":0.00283535430208,"dmean2":0.00416517443955,"dvar":0.0000203425533982,"dvar2":0.0000439548202849,"max":0.0914976000786,"mean":0.00894932914525,"median":0.00596569757909,"min":1.33354338466e-21,"var":0.0000892795069376},"spectral_energyband_middle_low":{"dmean":0.00426553282887,"dmean2":0.00649403454736,"dvar":0.0000419991411036,"dvar2":0.0000940726968111,"max":0.108244240284,"mean":0.010471208021,"median":0.00717800203711,"min":2.60436255811e-22,"var":0.000107317973743},"spectral_entropy":{"dmean":0.122517615557,"dmean2":0.176470711827,"dvar":0.0135856224224,"dvar2":0.0269408207387,"max":9.82446861267,"mean":7.64876794815,"median":7.66895914078,"min":6.10493421555,"var":0.0908489078283},"spectral_flux":{"dmean":0.0233905315399,"dmean2":0.0359572507441,"dvar":0.000710975844413,"dvar2":0.00151814869605,"max":0.316747903824,"mean":0.0819949433208,"median":0.0737727954984,"min":6.7163448414e-11,"var":0.00221616216004},"spectral_kurtosis":{"dmean":1.14613223076,"dmean2":1.89793276787,"dvar":1.61008727551,"dvar2":4.51493549347,"max":32.0320243835,"mean":5.11128568649,"median":4.8967924118,"min":-1.24563360214,"var":4.88895463943},"spectral_rms":{"dmean":0.000709737592842,"dmean2":0.00102034176234,"dvar":7.27866392936e-7,"dvar2":0.0000014108495634,"max":0.0122212348506,"mean":0.00447630789131,"median":0.00447700358927,"min":3.1610783869e-12,"var":0.00000361760862688},"spectral_rolloff":{"dmean":346.176513672,"dmean2":569.75390625,"dvar":352319.21875,"dvar2":782174.6875,"max":19530.6152344,"mean":1682.31445312,"median":1658.05664062,"min":107.666015625,"var":1102305.625},"spectral_skewness":{"dmean":0.156053423882,"dmean2":0.250647068024,"dvar":0.0212423950434,"dvar2":0.0541751123965,"max":3.8017847538,"mean":1.73859107494,"median":1.73265051842,"min":-0.0317047834396,"var":0.0955931022763},"spectral_spread":{"dmean":499155.84375,"dmean2":681135.0625,"dvar":391758053376,"dvar2":732969107456,"max":42259972,"mean":4643529,"median":4435031,"min":1568144.125,"var":2705187143680},"spectral_strongpeak":{"dmean":0.848656773567,"dmean2":1.41847097874,"dvar":1.6196911335,"dvar2":3.87340426445,"max":12.5240459442,"mean":1.52759552002,"median":0.686001181602,"min":0,"var":3.46857237816},"zerocrossingrate":{"dmean":0.00842913147062,"dmean2":0.010147575289,"dvar":0.0000930753449211,"dvar2":0.000128472442157,"max":0.52294921875,"mean":0.0695504918694,"median":0.06640625,"min":0.009765625,"var":0.000772010593209}},"metadata":{"audio_properties":{"analysis_sample_rate":44100,"bit_rate":128000,"codec":"mp3","downmix":"mix","equal_loudness":0,"length":264.019592285,"lossless":false,"md5_encoded":"d8b8a644111b43743de7d0e2d1301c87","replay_gain":-13.7673606873,"sample_rate":44100},"tags":{"album":["Time"],"albumartist":["Fleetwood Mac"],"albumartistsort":["Fleetwood Mac"],"artist":["Fleetwood Mac"],"artistsort":["Fleetwood Mac"],"asin":["B000002MYN"],"barcode":["093624592020"],"catalognumber":["9362 45920 2"],"composer":["Dave Mason/John Cesario/Mark Holden"],"date":["1995-10-01"],"discnumber":["1/1"],"file_name":"Blow By Blow - Fleetwood Mac.mp3","genre":["General"],"label":["Warner Bros. Records"],"media":["CD"],"musicbrainz album release country":["XE"],"musicbrainz album status":["official"],"musicbrainz album type":["album"],"musicbrainz_albumartistid":["bd13909f-1c29-4c27-a874-d4aaf27c5b1a"],"musicbrainz_albumid":["7840c907-0a4e-3697-b754-99b0b0a5b010"],"musicbrainz_artistid":["bd13909f-1c29-4c27-a874-d4aaf27c5b1a"],"musicbrainz_recordingid":["769d670b-f8ff-40c3-a6e4-ec7b0ce87420"],"originaldate":["1995-10-01"],"script":["Latn"],"title":["Blow By Blow"],"tracknumber":["3/13"]},"version":{"essentia":"2.1-beta2","essentia_build_sha":"70f2e5ece6736b2c40cc944ad0e695b16b925413","essentia_git_sha":"v2.1_beta2","extractor":"music 1.0"}},"rhythm":{"beats_count":514,"beats_loudness":{"dmean":0.0164236295968,"dmean2":0.0280253589153,"dvar":0.000195605374756,"dvar2":0.000540397886652,"max":0.125297635794,"mean":0.0410244055092,"median":0.0408237576485,"min":1.74891667371e-7,"var":0.000379534933018},"beats_loudness_band_ratio":{"dmean":[0.306477993727,0.186350628734,0.150920882821,0.115956515074,0.0840122029185,0.0544941686094],"dmean2":[0.594605147839,0.355497330427,0.277531176805,0.200214967132,0.148905783892,0.10730112344],"dvar":[0.0350511334836,0.0158645696938,0.0162699911743,0.