{"lowlevel":{"average_loudness":0.902129232883,"barkbands":{"dmean":[0.00374360056594,0.00967871956527,0.00218185037374,0.00116048031487,0.00126478471793,0.001777463709,0.000832938589156,0.000536374165677,0.00132111238781,0.000994006637484,0.000834359729197,0.000961747136898,0.000657868047711,0.00074474955909,0.000465430843178,0.000300517131109,0.00016856691218,0.000137514114613,0.000121827775729,0.0000938328958,0.0000744978096918,0.0000337054916599,0.0000247659936576,0.00000568279256186,0.00000256530347542,0.0000130917487695,0.000491939543281],"dmean2":[0.00643037399277,0.0165571644902,0.00378873874433,0.00201698229648,0.00205118837766,0.00277918856591,0.00136325275525,0.000902243482415,0.00219845212996,0.00168230198324,0.00140529929195,0.00161676364951,0.00112905353308,0.00127592380159,0.000784516858403,0.000508356082719,0.000282579596387,0.000227029988309,0.00019067573885,0.00014291437401,0.000111417437438,0.0000504855452164,0.0000362649079761,0.00000880548395799,0.00000420003470936,0.0000192462339328,0.000815068196971],"dvar":[0.0000631802322459,0.000261152948951,0.000017815757019,0.00000379946254725,0.00000584710232943,0.0000151465119416,0.00000178512811999,0.00000104954813196,0.00000769562848291,0.00000356568989446,0.00000234057529269,0.00000261618720288,0.00000104170328541,0.00000130668956899,4.44789719722e-7,1.74574552148e-7,6.57604033449e-8,5.76169334465e-8,1.2105265057e-7,9.28248411469e-8,3.03191569628e-8,8.41897396242e-9,6.49589182444e-9,3.79981518472e-10,1.59071835565e-11,1.7275159081e-9,3.86790503626e-7],"dvar2":[0.00016448443057,0.000735930225346,0.0000498538101965,0.0000106449606392,0.0000144371015267,0.0000356131677108,0.0000044482908379,0.00000278651987173,0.0000206709519261,0.00000976258252194,0.00000607459014645,0.00000692029789207,0.00000301135014524,0.00000367483926311,0.00000124168548155,4.91841888106e-7,1.77207269303e-7,1.43453036117e-7,2.66148305172e-7,1.87317141354e-7,6.41117026134e-8,1.84481088183e-8,1.40474840649e-8,8.72157734921e-10,3.9116754974e-11,3.70051589371e-9,0.00000107253561055],"max":[0.0998871475458,0.171181946993,0.063716866076,0.0524775832891,0.0337094403803,0.111373186111,0.0343128368258,0.0240372009575,0.0496096611023,0.0319129303098,0.0283403340727,0.0413472540677,0.0156743861735,0.023435100913,0.0144181568176,0.00754495849833,0.00417794613168,0.00489968480542,0.0127412602305,0.0115967141464,0.00457507558167,0.00174830749165,0.00171201361809,0.000648027227726,0.0000608846930845,0.000966266612522,0.0112089067698],"mean":[0.00378334592097,0.0130376229063,0.00269114691764,0.00149972434156,0.00199264963157,0.00319281453267,0.00141815748066,0.000784383737482,0.00215386319906,0.0015785911819,0.00135303428397,0.00176112214103,0.0011464911513,0.00145316240378,0.000973337097093,0.000647137872875,0.000361190206604,0.000272436533123,0.000267091032583,0.000215419466258,0.000165452715009,0.0000594598495809,0.0000335407821694,0.00000639866675556,0.00000277767890111,0.0000168603692146,0.0017611773219],"median":[0.00146448158193,0.00870420690626,0.00146474514622,0.000794260296971,0.00102378753945,0.00114132266026,0.000841378525365,0.000390194472857,0.00103105173912,0.000793870596681,0.000766250130255,0.00120373838581,0.000779398484156,0.00104485917836,0.000770207203459,0.000515490071848,0.000278996129055,0.000174308341229,0.00016183401749,0.000113324786071,0.0000842126828502,0.0000264132722805,0.00000946281852521,0.00000194553763322,0.00000126826432734,0.00000535218896403,0.00168826722074],"min":[1.85160766072e-25,3.12983581539e-24,4.95050795059e-25,1.16300185535e-24,6.46230672594e-24,3.61781432453e-24,4.65726439047e-24,7.02696389557e-24,1.0561032352e-23,7.22622306048e-24,1.37698921113e-23,1.37481542602e-23,1.94688725707e-23,1.47387048108e-23,2.7449822525e-23,4.6511844817e-23,3.55129907183e-23,8.91828899696e-23,1.11181185079e-22,1.51766425201e-22,2.00032280152e-22,2.75049847282e-22,3.9515895619e-22,5.15485639247e-22,8.2170619555e-22,1.2665697249e-21,1.87871013635e-21],"var":[0.0000543739115528,0.000239858753048,0.0000177941492439,0.00000520228604728,0.00000882083804754,0.0000420689648308,0.00000443218959845,0.00000162551657468,0.0000134937572511,0.00000617788600721,0.00000417526189267,0.00000543993610336,0.0000018743334067,0.00000279903201772,0.00000103565082554,4.46057811132e-7,1.56881398539e-7,1.23573514088e-7,2.7373522471e-7,2.534272312e-7,7.72913750779e-8,1.29519515113e-8,8.30481905467e-9,4.16392892388e-10,1.8416577291e-11,2.16561701905e-9,0.00000226805286729]},"barkbands_crest":{"dmean":2.94078588486,"dmean2":4.8606300354,"dvar":6.52273130417,"dvar2":17.30717659,"max":25.1809139252,"mean":9.79834365845,"median":8.87917518616,"min":2.1481385231,"var":20.1867923737},"barkbands_flatness_db":{"dmean":0.0241497792304,"dmean2":0.038280185312,"dvar":0.000531536003109,"dvar2":0.00137753598392,"max":0.417843133211,"mean":0.134351730347,"median":0.119614996016,"min":0.0242401454598,"var":0.00306600402109},"barkbands_kurtosis":{"dmean":4.16120100021,"dmean2":6.81024074554,"dvar":136.304397583,"dvar2":344.854492188,"max":429.100708008,"mean":7.72441148758,"median":2.203602314,"min":-1.73855531216,"var":323.775634766},"barkbands_skewness":{"dmean":0.541724979877,"dmean2":0.880295336246,"dvar":0.449370831251,"dvar2":1.17367613316,"max":15.5040645599,"mean":1.87050378323,"median":1.4439303875,"min":-2.21011209488,"var":2.3243265152},"barkbands_spread":{"dmean":7.13852405548,"dmean2":11.5595684052,"dvar":52.2069320679,"dvar2":132.899887085,"max":99.880279541,"mean":33.4834403992,"median":35.214466095,"min":0.493960380554,"var":348.52142334},"dissonance":{"dmean":0.0163007695228,"dmean2":0.028015691787,"dvar":0.000269147276413,"dvar2":0.000762884214055,"max":0.500000178814,"mean":0.474511474371,"median":0.480795770884,"min":0.297527164221,"var":0.000505607633386},"dynamic_complexity":2.94814634323,"erbbands":{"dmean":[0.475585639477,1.6192548275,2.51871800423,3.02375292778,3.63713288307,4.76606225967,8.75387001038,17.9064559937,12.9515810013,10.7427453995,11.9301700592,30.1536159515,30.3979988098,29.5337314606,33.4615097046,33.1460952759,25.7974243164,34.3074684143,27.749250412,20.2397346497,13.5588378906,8.93050575256,6.84543657303,7.01091909409,5.4777469635,4.45239686966,3.77388596535,2.12392878532,1.26072406769,0.914864063263,0.663453817368,0.261702001095,0.0469397865236,0.0284705422819,0.0184750184417,0.0118796490133,0.0289330165833,0.0239208266139,0.0116604370996,0.00952615402639],"dmean2":[0.821791648865,2.7309756279,4.31492328644,5.2268614769,6.1338467598,7.78347253799,14.1731472015,27.5744037628,20.8949069977,18.2589569092,20.0101947784,50.2858734131,51.2761459351,49.2766227722,55.8872756958,56.1299667358,44.1684989929,58.8961372375,46.6723747253,34.1377563477,22.9500732422,14.9236278534,11.3590250015,11.2460012436,8.37840652466,6.80632400513,5.74468898773,3.16095376015,1.88080739975,1.36474347115,0.969724416733,0.387393206358,0.0758678764105,0.0466415397823,0.0301858652383,0.019152706489,0.0425074175,0.0345167815685,0.0165603719652,0.0155596546829],"dvar":[0.782853662968,5.56547784805,18.9148311615,28.4080238342,39.0285797119,109.630012512,276.009124756,2042.36560059,458.149993896,361.672851562,533.44732666,4851.68701172,3399.77172852,2936.3996582,2787.84838867,2277.87011719,1254.16430664,3155.328125,1583.02416992,820.54095459,379.469848633,187.305053711,138.679641724,277.864044189,271.574645996,209.716323853,86.4401779175,25.1254768372,11.3048019409,7.88179826736,4.73054933548,1.04250633717,0.0063269729726,0.00200186809525,0.000805274641607,0.000307077338221,0.0102859223261,0.0051801148802,0.000624446780421,0.00013167031284],"dvar2":[2.20789718628,15.651725769,52.70495224,78.8945846558,103.176353455,266.014038086,694.447814941,4674.39160156,1087.0489502,996.797729492,1393.28308105,13109.9990234,9118.74414062,7521.90966797,7289.04052734,6210.49023438,3581.88330078,8935.15039062,4431.00292969,2247.7734375,1056.99169922,497.146789551,347.473876953,634.864562988,555.866149902,432.082580566,183.713699341,51.5240478516,24.6976394653,17.4121799469,10.2959432602,2.24748921394,0.0149557003751,0.00492307217792,0.00197923579253,0.000739838345908,0.0220602117479,0.0109041649848,0.00117999967188,0.000354771706043],"max":[9.18418121338,26.8112888336,71.9386520386,111.318443298,104.805465698,165.701217651,436.219543457,1293.04418945,589.487182617,455.06338501,619.047912598,1532.86572266,1042.30078125,1279.67248535,951.952514648,969.855712891,523.823242188,1225.15698242,716.580871582,636.353088379,303.855438232,235.040786743,192.292053223,630.993835449,500.394042969,528.516052246,281.187438965,166.414306641,64.6854095459,54.1214752197,47.0412826538,28.380235672,1.50675630569,0.678278982639,0.434940218925,0.25233772397,2.55226159096,1.2911080122,0.808321356773,0.230846092105],"mean":[0.534909725189,2.31855082512,3.32059454918,4.24929094315,5.32266902924,6.93925094604,13.8353643417,32.8027191162,23.1899013519,17.3331928253,20.1198730469,48.4557113647,51.7526435852,51.7934188843,62.3729667664,64.9642333984,51.236995697,70.0815658569,62.0821037292,46.6414108276,31.7174682617,20.6611804962,14.4019231796,15.1208486557,12.6194906235,10.2923088074,8.4615945816,4.67904281616,2.34497261047,1.36432945728,0.882013261318,0.31716632843,0.052949372679,0.0308103263378,0.020358312875,0.0141103751957,0.0366541780531,0.0403367094696,0.0391172170639,0.0487009212375],"median":[0.293058156967,1.59425520897,2.09636235237,2.4421377182,2.93087649345,3.02908945084,6.0588965416,10.1128749847,12.6655025482,10.2578639984,11.1874904633,23.145318985,27.772567749,29.3155937195,41.4349899292,49.4617042542,40.1706809998,50.5949211121,48.5320091248,38.7663726807,26.0473442078,16.3946456909,9.86475658417,9.57541847229,7.15692329407,5.29897403717,4.38257837296,2.40435957909,1.08824813366,0.488082557917,0.235254049301,0.0745973065495,0.0235068239272,0.0140943052247,0.00953412707895,0.00709300721064,0.0103562390432,0.0165746025741,0.0276315622032,0.0509530715644],"min":[6.46939842771e-23,4.0312571927e-22,1.63715916012e-21,2.90375170519e-21,9.11733980792e-21,1.80602075145e-20,3.1022410441e-20,4.52779215642e-20,9.4007952168e-20,1.22918276468e-19,1.514550124e-19,2.30851917646e-19,5.14066177525e-19,7.09732442701e-19,8.67001862723e-19,8.73505415193e-19,1.00822573662e-18,1.3549160531e-18,1.78112913552e-18,3.57928164805e-18,2.98495692742e-18,2.7220173038e-18,4.76163872638e-18,6.16047186615e-18,7.14338784058e-18,7.9016560363e-18,7.38797191282e-18,9.94602795714e-18,9.811278581e-18,9.0492334786e-18,1.02769448699e-17,1.11354648743e-17,9.2393650783e-18,6.89130785763e-18,6.66971692487e-18,3.75972944432e-18,2.42452924112e-18,9.06907795508e-19,2.37447830001e-19,2.64048830821e-20],"var":[0.629798948765,6.17448186874,18.4580345154,36.2715644836,56.4390983582,167.056030273,463.397979736,6004.53759766,1312.17663574,571.513061523,888.483764648,7728.75146484,6222.53125,5581.15722656,5790.23242188,5000.19042969,2622.26049805,6778.31201172,4175.44238281,2185.14306641,1052.87988281,492.892730713,310.272521973,607.857666016,722.047302246,570.563720703,225.561019897,60.4083747864,18.4518871307,10.1811475754,5.99164390564,1.25322508812,0.00761884916574,0.00229627708904,0.00094559439458,0.000393673515646,0.0126473465934,0.00727893458679,0.00248873303644,0.00139743171167]},"erbbands_crest":{"dmean":2.25943565369,"dmean2":3.77503466606,"dvar":4.52597665787,"dvar2":11.7361078262,"max":28.7998065948,"mean":7.80097532272,"median":6.9882311821,"min":2.50611424446,"var":10.6415462494},"erbbands_flatness_db":{"dmean":0.0196444541216,"dmean2":0.0303473155946,"dvar":0.0002935876837,"dvar2":0.000692199217156,"max":0.328944355249,"mean":0.154190272093,"median":0.154697820544,"min":0.0261418521404,"var":0.001127177733},"erbbands_kurtosis":{"dmean":0.795241653919,"dmean2":1.30372238159,"dvar":1.31137406826,"dvar2":3.27417087555,"max":33.5349006653,"mean":0.725802183151,"median":0.421901226044,"min":-1.63246262074,"var":2.81985259056},"erbbands_skewness":{"dmean":0.314337998629,"dmean2":0.503784179688,"dvar":0.0825529843569,"dvar2":0.206081748009,"max":4.89944791794,"mean":0.0645293295383,"median":0.00361891207285,"min":-4.7598772049,"var":0.40453889966},"erbbands_spread":{"dmean":4.90651988983,"dmean2":7.77291107178,"dvar":27.3988208771,"dvar2":59.5396003723,"max":123.39239502,"mean":25.2380104065,"median":23.2272624969,"min":5.64553594589,"var":125.924560547},"gfcc":{"cov":[[31363.3261719,1377.41247559,-3789.96313477,-292.33883667,62.8353157043,-747.194580078,689.873596191,-585.528503418,367.840789795,-59.3857460022,40.7399368286,109.602607727,-19.0383014679],[1377.41247559,902.100524902,45.7514343262,-200.283676147,18.4859962463,1.35103988647,-44.2451210022,-61.7239074707,-14.4728794098,-2.67823147774,13.3349704742,-79.7403106689,57.0848121643],[-3789.96313477,45.7514343262,956.344238281,114.77646637,-178.051376343,269.806030273,-265.265167236,133.175170898,-140.432052612,18.8659000397,-29.4250507355,-19.5520172119,-27.3025341034],[-292.33883667,-200.283676147,114.77646637,243.876556396,-9.915143013,-3.32576012611,33.6137123108,-10.7082357407,-13.5117607117,-19.5594081879,-13.7908601761,47.064617157,-56.4674186707],[62.8353157043,18.4859962463,-178.051376343,-9.915143013,221.606460571,-34.2798233032,75.6269760132,-10.9210538864,49.1545906067,-9.85980892181,25.9466686249,-5.74746417999,38.1797714233],[-747.194580078,1.35103988647,269.806030273,-3.32576012611,-34.2798233032,211.745773315,-82.1585388184,82.7683410645,-47.5820960999,18.3860054016,-5.18338441849,-9.65625095367,2.1566400528],[689.873596191,-44.2451210022,-265.265167236,33.6137123108,75.6269760132,-82.1585388184,220.972869873,-54.5824050903,74.9798431396,-10.1474790573,2.35911250114,25.2848625183,-17.5083885193],[-585.528503418,-61.7239074707,133.175170898,-10.7082357407,-10.9210538864,82.7683410645,-54.5824050903,138.987136841,-1.51596581936,34.2247695923,10.5276374817,-22.2295417786,24.0863075256],[367.840789795,-14.4728794098,-140.432052612,-13.5117607117,49.1545906067,-47.5820960999,74.9798431396,-1.51596581936,128.27911377,27.9927577972,15.8995132446,21.2346324921,-11.9192800522],[-59.3857460022,-2.67823147774,18.8659000397,-19.5594081879,-9.85980892181,18.3860054016,-10.1474790573,34.2247695923,27.9927577972,69.8827438354,37.2622833252,7.79309082031,24.7659912109],[40.7399368286,13.3349704742,-29.4250507355,-13.7908601761,25.9466686249,-5.18338441849,2.35911250114,10.5276374817,15.8995132446,37.2622833252,72.2774887085,41.4321975708,36.2688751221],[109.602607727,-79.7403106689,-19.5520172119,47.064617157,-5.74746417999,-9.65625095367,25.2848625183,-22.2295417786,21.2346324921,7.79309082031,41.4321975708,95.4072036743,12.8877048492],[-19.0383014679,57.0848121643,-27.3025341034,-56.4674186707,38.1797714233,2.1566400528,-17.5083885193,24.0863075256,-11.9192800522,24.7659912109,36.2688751221,12.8877048492,95.2295379639]],"icov":[[0.00018788658781,-0.00063269562088,0.00144481181633,-0.000878529099282,0.000614000018686,-0.000660757475998,0.000623232568614,-0.000340585131198,0.000161837640917,-0.00036428050953,0.000534060585778,-0.000563916575629,0.000267559313215],[-0.00063269562088,0.00399256218225,-0.00554499402642,0.00398827018216,-0.00164872559253,0.00190128723625,-0.00237809377722,0.00332730798982,-0.00170853349846,0.00269946828485,-0.00405851053074,0.00470675528049,-0.00241267494857],[0.00144481181633,-0.00554499402642,0.0141760334373,-0.00890365894884,0.00561391515657,-0.00734907295555,0.00704230740666,-0.00375040480867,0.00193831929937,-0.00344888493419,0.00488533964381,-0.00474869506434,0.00247815274633],[-0.000878529099282,0.00398827018216,-0.00890365894884,0.0129826283082,-0.0055595068261,0.00586851546541,-0.00522627541795,0.000388760963688,0.00300082284957,-0.000526341085788,0.000650839647278,-0.00365016958676,0.00437453296036],[0.000614000018686,-0.00164872559253,0.00561391515657,-0.0055595068261,0.0109930401668,-0.00479266326874,0.000989278662018,0.000887022353709,-0.00515138776973,0.00657180463895,-0.00602856883779,0.00593968108296,-0.00577896181494],[-0.000660757475998,0.00190128723625,-0.00734907295555,0.00586851546541,-0.00479266326874,0.0124712223187,-0.00280398409814,-0.00382155459374,0.00388927012682,-0.00291324546561,0.00249789911322,-0.00333562796004,0.00293561583385],[0.000623232568614,-0.00237809377722,0.00704230740666,-0.00522627541795,0.000989278662018,-0.00280398409814,0.0110529074445,-0.000124389116536,-0.00227323756553,-0.00134220765904,0.00312861963175,-0.0028040020261,0.00145311735105],[-0.000340585131198,0.00332730798982,-0.00375040480867,0.000388760963688,0.000887022353709,-0.00382155459374,-0.000124389116536,0.0162221565843,-0.00621257582679,0.00168417801615,-0.00689046038315,0.0109244417399,-0.00737210270017],[0.000161837640917,-0.00170853349846,0.00193831929937,0.00300082284957,-0.00515138776973,0.00388927012682,-0.00227323756553,-0.00621257582679,0.0190400406718,-0.0134888039902,0.00896854139864,-0.0119227459654,0.010611156933],[-0.00036428050953,0.00269946828485,-0.00344888493419,-0.000526341085788,0.00657180463895,-0.00291324546561,-0.00134220765904,0.00168417801615,-0.0134888039902,0.0352198332548,-0.0229171607643,0.0145485009998,-0.0103219980374],[0.000534060585778,-0.00405851053074,0.00488533964381,0.000650839647278,-0.00602856883779,0.00249789911322,0.00312861963175,-0.00689046038315,0.00896854139864,-0.0229171607643,0.0418656952679,-0.0246452651918,0.00347759155557],[-0.000563916575629,0.00470675528049,-0.00474869506434,-0.00365016958676,0.00593968108296,-0.00333562796004,-0.0028040020261,0.0109244417399,-0.0119227459654,0.0145485009998,-0.0246452651918,0.0330429151654,-0.0124058369547],[0.000267559313215,-0.00241267494857,0.00247815274633,0.00437453296036,-0.00577896181494,0.00293561583385,0.00145311735105,-0.00737210270017,0.010611156933,-0.0103219980374,0.00347759155557,-0.0124058369547,0.0240543279797]],"mean":[-5.70899105072,103.937477112,-98.8358001709,-6.36162090302,-6.51878547668,-13.2417879105,8.96549797058,-20.2247428894,2.63365769386,-3.70848631859,-1.6754527092,-3.00903010368,-1.18261170387]},"hfc":{"dmean":55.4542961121,"dmean2":91.927947998,"dvar":4053.32299805,"dvar2":11164.25,"max":1187.34692383,"mean":262.803009033,"median":291.750335693,"min":1.05593284492e-16,"var":26077.4355469},"melbands":{"dmean":[0.00343043287285,0.00149357120972,0.000527655007318,0.000275251455605,0.000283327331999,0.00037592521403,0.000182891133591,0.000117365794722,0.000110512817628,0.000203204370337,0.000157840011525,0.000126602768432,0.000111545530672,0.000119485928735,0.0000724953351892,0.0000654899413348,0.0000693691981724,0.0000532154917892,0.0000355921547452,0.0000245748269663,0.0000165555156855,0.0000109786460598,0.00000727493488739,0.00000656381780573,0.00000613645443082,0.00000477056073578,0.00000387248473999,0.00000305482421936,0.00000263410606749,0.00000191356821233,0.00000114841384402,7.81083713264e-7,6.20549656105e-7,4.92572326038e-7,3.98523070544e-7,3.17019640761e-7,1.02002708502e-7,2.95814697182e-8,2.5884057564e-8,2.32718324611e-8],"dmean2":[0.00589591264725,0.00252373190597,0.000903909036424,0.000452531909104,0.000455921690445,0.000581391621381,0.00029624387389,0.000199379952392,0.00018539292796,0.000338526559062,0.000266572053079,0.000211739665247,0.000187413490494,0.000200826441869,0.000123609075672,0.00011257686856,0.00011929073662,0.0000905466586119,0.0000600602797931,0.0000417770716012,0.0000281516095129,0.0000183933789231,0.0000122227684187,0.0000108243193608,0.00000993291632767,0.00000752402229409,0.00000606378716839,0.00000475387014376,0.00000410182747146,0.00000293321977551,0.00000174274748588,0.0000011840784282,9.49111779391e-7,7.42344639093e-7,5.93499862589e-7,4.66595992066e-7,1.58310044185e-7,4.8653163276e-8,4.25283452898e-8,3.81512741399e-8],"dvar":[0.0000390257118852,0.00000438172310169,7.82401116339e-7,2.92293321991e-7,2.74795297628e-7,7.93339040683e-7,8.64186944227e-8,4.4807297428e-8,4.73972896486e-8,2.15196578779e-7,9.27727441535e-8,5.17211411477e-8,3.46105366589e-8,4.57885640515e-8,9.63525526032e-9,1.24575540994e-8,1.22589423057e-8,6.22581008969e-9,2.80302425715e-9,1.23988797007e-9,6.08330497087e-10,2.85534151878e-10,1.39517772335e-10,1.3989388814e-10,2.22197815702e-10,1.90966728542e-10,1.77373851717e-10,9.16771797366e-11,4.14575700158e-11,2.31626731684e-11,7.24482279724e-12,4.2601521269e-12,3.09314531453e-12,2.43979272549e-12,1.71229144145e-12,1.30801511115e-12,1.95573903751e-13,2.24247208225e-15,1.69543565266e-15,1.33557592848e-15],"dvar2":[0.000109586675535,0.0000121241737361,0.00000216257149077,7.32511580281e-7,6.897264484e-7,0.00000183084898708,2.08934523016e-7,1.22429256066e-7,1.23089833437e-7,5.80312075726e-7,2.50377667044e-7,1.33647930056e-7,9.01470116332e-8,1.20978256746e-7,2.66919197855e-8,3.60493466189e-8,3.46748656455e-8,1.73607332954e-8,7.74204078624e-9,3.46770456794e-9,1.69533320715e-9,7.72502339874e-10,3.69427932689e-10,3.42686823362e-10,5.22795584601e-10,4.28561020005e-10,3.77183895228e-10,2.00230457215e-10,9.02436528283e-11,5.20390154579e-11,1.55569827853e-11,9.65552117427e-12,6.9583145669e-12,5.4731002716e-12,3.78908883436e-12,2.84452040915e-12,4.51084021481e-13,5.52255825434e-15,4.17361212254e-15,3.28532252977e-15],"max":[0.0661991536617,0.0332193821669,0.0189816933125,0.00841937400401,0.0131602324545,0.0256933905184,0.00770208099857,0.0055120093748,0.00594607647508,0.00941560044885,0.00504126818851,0.00483789900318,0.00398767413571,0.00568827800453,0.00168201990891,0.00181544222869,0.00240049231797,0.0015662118094,0.00142165611032,0.000733738008421,0.000392151938286,0.000277248851489,0.000209713238291,0.000267159484793,0.000599203398451,0.00039602239849,0.00050373072736,0.000322957028402,0.000192280844203,0.000124593265355,0.0000887162022991,0.0000483911535412,0.000038496178604,0.0000311356889142,0.0000293939974654,0.0000291202104563,0.0000142319522638,6.95917947269e-7,6.18943374775e-7,5.55364010779e-7],"mean":[0.00438683386892,0.00221256981604,0.000796845124569,0.00041811040137,0.000460371753434,0.000697585579474,0.00032846108661,0.000181897630682,0.000178013709956,0.000321054656524,0.000260249624262,0.000211148115341,0.000194818188902,0.000211939724977,0.000129404565087,0.000115298273158,0.000133330278913,0.000106662948383,0.0000724172859918,0.0000513562263222,0.0000340933147527,0.0000226474621741,0.0000140672791531,0.0000125106798805,0.0000123012750919,0.00000980093500402,0.00000814141549199,0.00000642617942503,0.00000561220576856,0.0000038764483179,0.00000229410602515,0.00000137536505918,9.51801382598e-7,6.8013383725e-7,5.18964156981e-7,3.96228841737e-7,1.10542245579e-7,3.09511776209e-8,2.73499569658e-8,2.49484326531e-8],"median":[0.0027893402148,0.00162952055689,0.000479936948977,0.000218270914047,0.000209232108318,0.000237553511397,0.000188618985703,0.000100881050457,0.0000953819107963,0.000146099555423,0.000132841145387,0.000112012268801,0.000118817602925,0.00013952444715,0.000100089331681,0.0000751632105676,0.0000930742171477,0.0000773975189077,0.0000565105910937,0.000040900275053,0.000026129770049,0.0000169970116985,0.0000099493390735,0.00000766117045714,0.00000748978436604,0.00000558871488465,0.0000042183523874,0.00000317619310408,0.00000284030147668,0.00000192146285372,0.0000011272759366,6.24250390047e-7,3.6289424088e-7,2.21655852783e-7,1.42209458431e-7,7.81852236287e-8,2.62116746086e-8,1.33162227911e-8,1.19723475578e-8,1.1192455851e-8],"min":[7.94016505667e-25,1.0602754022e-24,8.83446708264e-25,8.31459394103e-25,9.25968677638e-25,8.17062485367e-25,1.33506868903e-24,1.36648832864e-24,1.09969113315e-24,1.40168069552e-24,2.24988809968e-24,2.64820803098e-24,2.08729124533e-24,1.92979694054e-24,2.44441015485e-24,2.44582182144e-24,1.80281557835e-24,1.83382412282e-24,3.20100033816e-24,3.32337672482e-24,2.76963995392e-24,2.32419741644e-24,2.9399051279e-24,4.13951367913e-24,3.71405417167e-24,4.19196149084e-24,4.20824357993e-24,4.01667383669e-24,3.97988018078e-24,4.4204558409e-24,5.39405968708e-24,4.84649476669e-24,5.77419282465e-24,3.99337443542e-24,5.12279329875e-24,4.13526526872e-24,5.47242000181e-24,5.37307085941e-24,5.12475085708e-24,4.48342863481e-24],"var":[0.0000332132767653,0.00000486286307932,0.00000106643915387,4.24119150466e-7,4.6850925628e-7,0.00000232696447711,2.36079699789e-7,7.20898185591e-8,7.85967841921e-8,3.49512333742e-7,1.68504357134e-7,9.61945474387e-8,6.59786749679e-8,9.19998512927e-8,1.79956796131e-8,2.22812133188e-8,2.52323228978e-8,1.45018344e-8,6.15600770359e-9,2.91596768953e-9,1.41764644468e-9,6.50018705528e-10,2.77512901548e-10,2.8804164609e-10,4.41524261596e-10,4.06224193172e-10,4.30788682504e-10,2.22350471368e-10,1.03133911133e-10,4.8523459556e-11,1.53840256506e-11,6.65103605871e-12,4.13321156814e-12,2.98207270509e-12,2.09602365846e-12,1.62827141093e-12,2.03466665174e-13,2.51138111432e-15,1.9149591699e-15,1.53050446767e-15]},"melbands_crest":{"dmean":4.67213869095,"dmean2":7.7708864212,"dvar":18.1029701233,"dvar2":48.2679443359,"max":36.3677139282,"mean":15.6824951172,"median":15.1036891937,"min":1.5428943634,"var":39.6535148621},"melbands_flatness_db":{"dmean":0.031751640141,"dmean2":0.0503061674535,"dvar":0.000840165186673,"dvar2":0.0021938350983,"max":0.573006391525,"mean":0.241208508611,"median":0.226867616177,"min":0.00310960784554,"var":0.00623834878206},"melbands_kurtosis":{"dmean":5.59458780289,"dmean2":9.18303775787,"dvar":182.603607178,"dvar2":462.732452393,"max":421.680358887,"mean":9.5277299881,"median":2.93973875046,"min":-1.50585985184,"var":469.210296631},"melbands_skewness":{"dmean":0.713373541832,"dmean2":1.16231119633,"dvar":0.595262527466,"dvar2":1.54516482353,"max":18.4711399078,"mean":2.13734960556,"median":1.74359595776,"min":-0.645126461983,"var":2.47913956642},"melbands_spread":{"dmean":5.82422447205,"dmean2":9.36850070953,"dvar":40.0675621033,"dvar2":100.070655823,"max":161.141983032,"mean":24.6169528961,"median":23.4575996399,"min":0.394888967276,"var":381.303863525},"mfcc":{"cov":[[11495.4414062,1077.88244629,-2243.38745117,592.86126709,-635.601745605,318.44052124,-187.345474243,179.831298828,16.6760406494,148.035064697,19.4055767059,70.5955123901,130.54699707],[1077.88244629,1384.86120605,-20.7914581299,-82.2132263184,55.7922859192,46.6132698059,40.9268722534,-91.1080780029,48.3564338684,-5.56389379501,20.2559452057,-26.8423519135,11.031879425],[-2243.38745117,-20.7914581299,1064.94909668,-165.147598267,198.921279907,-49.5409889221,44.3034210205,-32.5747299194,-52.3796730042,-26.2743396759,-19.944732666,-9.31237220764,-65.4754104614],[592.86126709,-82.2132263184,-165.147598267,300.957794189,-97.4652023315,71.0707702637,-31.6560020447,60.6094207764,-33.8264007568,7.64323997498,-11.9559965134,5.76779174805,14.1601247787],[-635.601745605,55.7922859192,198.921279907,-97.4652023315,239.10256958,-45.2889289856,53.5350837708,-28.9632549286,29.0158252716,-25.3618984222,8.14277362823,5.82203912735,0.637605965137],[318.44052124,46.6132698059,-49.5409889221,71.0707702637,-45.2889289856,139.616378784,-4.39331579208,53.8743095398,-19.8498573303,14.4738368988,-9.40154457092,4.25793170929,7.70636129379],[-187.345474243,40.9268722534,44.3034210205,-31.6560020447,53.5350837708,-4.39331579208,119.369094849,-8.92498397827,27.4475898743,-17.7086391449,-1.05689764023,-7.62991046906,2.7029337883],[179.831298828,-91.1080780029,-32.5747299194,60.6094207764,-28.9632549286,53.8743095398,-8.92498397827,104.345848083,-3.59907269478,20.2414283752,-2.38410425186,14.8920478821,0.956036925316],[16.6760406494,48.3564338684,-52.3796730042,-33.8264007568,29.0158252716,-19.8498573303,27.4475898743,-3.59907269478,85.2513580322,22.5102424622,25.2420730591,1.69527804852,1.11347281933],[148.035064697,-5.56389379501,-26.2743396759,7.64323997498,-25.3618984222,14.4738368988,-17.7086391449,20.2414283752,22.5102424622,72.2136535645,30.0945129395,14.4976377487,-7.23447942734],[19.4055767059,20.2559452057,-19.944732666,-11.9559965134,8.14277362823,-9.40154457092,-1.05689764023,-2.38410425186,25.2420730591,30.0945129395,66.470451355,19.8146953583,1.32051992416],[70.5955123901,-26.8423519135,-9.31237220764,5.76779174805,5.82203912735,4.25793170929,-7.62991046906,14.8920478821,1.69527804852,14.4976377487,19.8146953583,50.9706039429,19.5029239655],[130.54699707,11.031879425,-65.4754104614,14.1601247787,0.637605965137,7.70636129379,2.7029337883,0.956036925316,1.11347281933,-7.23447942734,1.32051992416,19.5029239655,54.0354347229]],"icov":[[0.000197976100026,-0.000190043443581,0.000375617790269,-0.000114213049528,0.000132137400215,-0.0000175489294634,0.0000327932684741,-0.000176280402229,0.000197346773348,-0.000229380762903,0.000186725883395,-0.000309976254357,0.000120530297863],[-0.000190043443581,0.0010448716348,-0.000341515842592,0.000252010591794,-0.000265058944933,-0.000859459920321,-0.0000460664450657,0.00116658443585,-0.000660953985061,0.000276804319583,-0.000450402207207,0.000719465839211,-0.000324668304529],[0.000375617790269,-0.000341515842592,0.00212974264286,0.000278384191915,-0.000873560202308,0.0000589607079746,-0.000319529412081,-0.00036987385829,0.00195495598018,-0.000849111878779,0.000682309619151,-0.000996836926788,0.00188350584358],[-0.000114213049528,0.000252010591794,0.000278384191915,0.00476966751739,0.000787873228546,-0.00115416862536,0.000199496251298,-0.00152606703341,0.00123041018378,0.000364699575584,-0.000168219776242,0.000454488181276,-0.000652224523947],[0.000132137400215,-0.000265058944933,-0.000873560202308,0.000787873228546,0.00665402598679,0.000741411873605,-0.00138132076245,-0.000144067264046,-0.00217738864012,0.00237998203374,-0.000546364171896,-0.00170065753628,-0.000652023067232],[-0.0000175489294634,-0.000859459920321,0.0000589607079746,-0.00115416862536,0.000741411873605,0.0110890334472,-0.00130310340319,-0.00516119878739,0.00290104211308,-0.00240358687006,0.00114578544162,0.000737381051295,-0.00151769502554],[0.0000327932684741,-0.0000460664450657,-0.000319529412081,0.000199496251298,-0.00138132076245,-0.00130310340319,0.0107368575409,-0.0000656847842038,-0.004220854491,0.00325310253538,-0.000149721105117,0.0013191482285,-0.000792990671471],[-0.000176280402229,0.00116658443585,-0.00036987385829,-0.00152606703341,-0.000144067264046,-0.00516119878739,-0.0000656847842038,0.0152005935088,-0.00190877635032,-0.00208732485771,0.00190142809879,-0.00376621121541,0.0016843015328],[0.000197346773348,-0.000660953985061,0.00195495598018,0.00123041018378,-0.00217738864012,0.00290104211308,-0.004220854491,-0.00190877635032,0.0192194320261,-0.00681298272684,-0.00341083132662,0.00234889332205,-0.000511186895892],[-0.000229380762903,0.000276804319583,-0.000849111878779,0.000364699575584,0.00237998203374,-0.00240358687006,0.00325310253538,-0.00208732485771,-0.00681298272684,0.0232394374907,-0.00776846101508,-0.00373589596711,0.00435214070603],[0.000186725883395,-0.000450402207207,0.000682309619151,-0.000168219776242,-0.000546364171896,0.00114578544162,-0.000149721105117,0.00190142809879,-0.00341083132662,-0.00776846101508,0.0228121727705,-0.00817945506424,0.00175349053461],[-0.000309976254357,0.000719465839211,-0.000996836926788,0.000454488181276,-0.00170065753628,0.000737381051295,0.0013191482285,-0.00376621121541,0.00234889332205,-0.00373589596711,-0.00817945506424,0.0304347742349,-0.0121428882703],[0.000120530297863,-0.000324668304529,0.00188350584358,-0.000652224523947,-0.000652023067232,-0.00151769502554,-0.000792990671471,0.0016843015328,-0.000511186895892,0.00435214070603,0.00175349053461,-0.0121428882703,0.0259017348289]],"mean":[-656.995117188,168.374084473,-29.5967636108,27.6591339111,-4.9492149353,24.0390510559,3.98695278168,5.36267662048,3.29475641251,6.79261732101,1.16984200478,1.54243648052,3.93799781799]},"pitch_salience":{"dmean":0.0770831927657,"dmean2":0.12775285542,"dvar":0.00505014322698,"dvar2":0.0134273776785,"max":0.941991746426,"mean":0.555959701538,"median":0.570343255997,"min":0.116544798017,"var":0.0134301325306},"silence_rate_20dB":{"dmean":0,"dmean2":0,"dvar":0,"dvar2":0,"max":1,"mean":1,"median":1,"min":1,"var":0},"silence_rate_30dB":{"dmean":0.0530405417085,"dmean2":0.106090039015,"dvar":0.0502240210772,"dvar2":0.122192062438,"max":1,"mean":0.95878726244,"median":1,"min":0,"var":0.0395173840225},"silence_rate_60dB":{"dmean":0.00185810809489,"dmean2":0.00371653004549,"dvar":0.00185499433428,"dvar2":0.00471593486145,"max":1,"mean":0.037412378937,"median":0,"min":0,"var":0.0360129848123},"spectral_centroid":{"dmean":163.649154663,"dmean2":249.612747192,"dvar":39000.171875,"dvar2":73624.171875,"max":11675.0019531,"mean":1325.0847168,"median":1193.33068848,"min":157.8568573,"var":1885232.75},"spectral_complexity":{"dmean":3.25929045677,"dmean2":5.22679281235,"dvar":9.87219524384,"dvar2":22.3885669708,"max":61,"mean":26.065618515,"median":29,"min":0,"var":156.985183716},"spectral_contrast_coeffs":{"dmean":[0.0516267605126,0.0482057966292,0.0379030704498,0.027671860531,0.0204533450305,0.0445972196758],"dmean2":[0.0863912552595,0.0808665379882,0.0640012547374,0.0466646999121,0.0337718091905,0.0689043477178],"dvar":[0.0016376664862,0.0014318630565,0.00094011076726,0.000465312041342,0.000308767455863,0.00157741410658],"dvar2":[0.00460038892925,0.00390151725151,0.00264515029266,0.00133507850114,0.000807628035545,0.00377989816479],"max":[-0.403069317341,-0.423285901546,-0.563262104988,-0.627808153629,-0.658551871777,-0.392107129097],"mean":[-0.718524336815,-0.762995660305,-0.797931909561,-0.809109687805,-0.82554680109,-0.72558504343],"median":[-0.723949074745,-0.768478870392,-0.801253318787,-0.808204114437,-0.817265033722,-0.721161425114],"min":[-0.978798627853,-0.979197859764,-0.980568170547,-0.974066674709,-0.972679913044,-0.965148210526],"var":[0.00575641915202,0.00523857912049,0.00305944401771,0.00181484210771,0.00178499193862,0.00854969769716]},"spectral_contrast_valleys":{"dmean":[0.379168868065,0.345864504576,0.275174021721,0.242071196437,0.255952775478,0.636286318302],"dmean2":[0.635625898838,0.581211686134,0.461669117212,0.394828528166,0.392934262753,0.997414767742],"dvar":[0.0954724401236,0.0865600258112,0.0629099309444,0.0572376027703,0.100015312433,0.274193793535],"dvar2":[0.252552360296,0.223771229386,0.156241565943,0.134152173996,0.219945311546,0.716369152069],"max":[-5.04483795166,-4.46942043304,-4.90382194519,-5.37732982635,-5.45472002029,-9.03007888794],"mean":[-7.00403547287,-6.69123220444,-6.85018205643,-7.23861074448,-7.76415586472,-11.3828659058],"median":[-6.57640600204,-6.19917678833,-6.21594810486,-6.4465341568,-7.06891584396,-11.0274410248],"min":[-28.1711845398,-28.1103687286,-27.9071178436,-27.6923313141,-27.5141716003,-27.4258289337],"var":[7.62018632889,8.09415435791,8.17433166504,8.22386550903,7.82646226883,5.1362285614]},"spectral_decrease":{"dmean":4.07518685464e-9,"dmean2":6.83308964966e-9,"dvar":3.7224163195e-17,"dvar2":1.00777207355e-16,"max":7.86762566207e-9,"mean":-7.50030704211e-9,"median":-6.17595308228e-9,"min":-5.94087552486e-8,"var":4.26677693231e-17},"spectral_energy":{"dmean":0.0158934947103,"dmean2":0.0265991128981,"dvar":0.000546257011592,"dvar2":0.00147017242853,"max":0.252465575933,"mean":0.0521450862288,"median":0.0506835281849,"min":9.61193242192e-21,"var":0.000985692022368},"spectral_energyband_high":{"dmean":0.000318120873999,"dmean2":0.000480377842905,"dvar":2.87611129579e-7,"dvar2":5.60381863579e-7,"max":0.0133657865226,"mean":0.00105303502642,"median":0.000858265149873,"min":6.81926889195e-21,"var":0.00000123751931369},"spectral_energyband_low":{"dmean":0.0128515269607,"dmean2":0.022002581507,"dvar":0.000455988454632,"dvar2":0.00126308493782,"max":0.222387298942,"mean":0.0192210376263,"median":0.0139685003087,"min":1.43079630907e-23,"var":0.000416306342231},"spectral_energyband_middle_high":{"dmean":0.0026414077729,"dmean2":0.00432211859152,"dvar":0.0000117138961286,"dvar2":0.0000311713956762,"max":0.0546947084367,"mean":0.00975274667144,"median":0.00916279293597,"min":1.16545113593e-21,"var":0.0000628221241641},"spectral_energyband_middle_low":{"dmean":0.00434258300811,"dmean2":0.00696685584262,"dvar":0.0000359296682291,"dvar2":0.0000898695943761,"max":0.115553244948,"mean":0.0114322593436,"median":0.00887126568705,"min":1.54692644775e-22,"var":0.0000953971393756},"spectral_entropy":{"dmean":0.13895380497,"dmean2":0.211919128895,"dvar":0.0274297278374,"dvar2":0.0642477348447,"max":9.82134151459,"mean":7.55365753174,"median":7.63128566742,"min":5.54001760483,"var":0.231728315353},"spectral_flux":{"dmean":0.0252507310361,"dmean2":0.0414821878076,"dvar":0.00106441124808,"dvar2":0.00224044034258,"max":0.409884929657,"mean":0.126437559724,"median":0.129423841834,"min":6.34662114529e-11,"var":0.00349273439497},"spectral_kurtosis":{"dmean":4.84348392487,"dmean2":7.4567937851,"dvar":51.1145019531,"dvar2":125.968269348,"max":136.566375732,"mean":21.5644016266,"median":20.7475185394,"min":-1.27433562279,"var":111.364700317},"spectral_rms":{"dmean":0.000982383382507,"dmean2":0.00161283044145,"dvar":0.00000140813347116,"dvar2":0.00000370081647816,"max":0.0156941991299,"mean":0.00672965543345,"median":0.00703188078478,"min":3.06226962191e-12,"var":0.00000558452393307},"spectral_rolloff":{"dmean":3382.5925293,"dmean2":6524.03955078,"dvar":47532836,"dvar2":122387128,"max":22050,"mean":15852.0039062,"median":20994.8730469,"min":64.599609375,"var":79082816},"spectral_skewness":{"dmean":0.351362705231,"dmean2":0.531585454941,"dvar":0.205952391028,"dvar2":0.480048894882,"max":8.91711330414,"mean":3.07813215256,"median":3.03578853607,"min":-0.0798953250051,"var":0.810832738876},"spectral_spread":{"dmean":445533.96875,"dmean2":694309.9375,"dvar":377004785664,"dvar2":848105046016,"max":43462340,"mean":4247329,"median":3488331.5,"min":1122192.5,"var":23136997212200},"spectral_strongpeak":{"dmean":3.8701198101,"dmean2":7.26958370209,"dvar":201.354827881,"dvar2":567.616760254,"max":166.060806274,"mean":2.87276434898,"median":0.273078978062,"min":0,"var":146.022628784},"zerocrossingrate":{"dmean":0.0373422987759,"dmean2":0.0496866479516,"dvar":0.00113987748045,"dvar2":0.00182732532267,"max":0.8779296875,"mean":0.304715633392,"median":0.3115234375,"min":0.03369140625,"var":0.0101729929447}},"metadata":{"audio_properties":{"analysis_sample_rate":44100,"bit_rate":192000,"codec":"mp3","downmix":"mix","equal_loudness":0,"length":274.913726807,"lossless":false,"md5_encoded":"898b26816c65a04f443f650e76ec998f","replay_gain":-9.27113723755},"tags":{"album":["Contraband"],"artist":["Velvet Revolver"],"file_name":"06 - Velvet Revolver - Fall to Pieces.mp3","musicbrainz album status":["official"],"musicbrainz album type":["album"],"musicbrainz trm id":[""],"musicbrainz_albumartistid":[""],"musicbrainz_albumid":["b06b40c3-af14-4cd4-a38c-418db0f8a5b9"],"musicbrainz_artistid":["3a528006-1429-47f4-ae9b-2ea95343e16a"],"musicbrainz_recordingid":["76a8af17-0729-4d2f-9663-f3f16cc24f1f"],"originaldate":["2004"],"title":["Fall to Pieces"],"tracknumber":["6/13"]},"version":{"essentia":"2.1-beta1","essentia_build_sha":"ab033649a6180e58ab3ffa3648ee50b8e9460706","essentia_git_sha":"v2.1_beta1-8-g0ed32f5-dirty","extractor":"music 1.0"}},"rhythm":{"beats_count":609,"beats_loudness":{"dmean":0.0197403170168,"dmean2":0.0342768542469,"dvar":0.00031405853224,"dvar2":0.00087793613784,"max":0.187444075942,"mean":0.056532535702,"median":0.0578519254923,"min":0,"var":0.000815085193608},"beats_loudness_band_ratio":{"dmean":[0.176737502217,0.083585716784,0.0651422515512,0.0584099553525,0.0260142758489,0.0910970792174],"dmean2":[0.307703137398,0.143313199282,0.11239733547,0.102467738092,0.0460176467896,0.155703216791],"dvar":[0.0176518131047,0.00691245589405,0.00599119719118,0.00422304496169,0.000659258977976,0.00548504618928],"dvar2":[0.0524556227028,0.0181087963283,0.0159623362124,0.0121426898986,0.00179814198054,0.0161500498652],"max":[0.926063537598,0.688822329044,0.547635316849,0.569258153439,0.190367639065,0.592791676521],"mean":[0.41485658288,0.110310547054,0.0923667177558,0.107272908092,0.0515399537981,0.206165239215],"median":[0.386305868626,0.0709276422858,0.068818308413,0.0961776003242,0.0502101406455,0.199112534523],"min":[0,0,0,0,0,0],"var":[0.0423401221633,0.0105145704001,0.0068576722405