{"lowlevel":{"average_loudness":0.805183172226,"barkbands":{"dmean":[0.0000280467811535,0.000496171182021,0.00086308066966,0.000547323492356,0.00181235396303,0.00115410669241,0.000665506115183,0.000613019044977,0.00128491490614,0.00140907417517,0.000583434477448,0.00114950246643,0.000760641065426,0.000371937407181,0.00020633112581,0.000113452340884,0.000128391300677,0.0000679575678078,0.0000565842601645,0.0000499117850268,0.0000236181549553,0.0000273116402241,0.0000205572559935,0.0000160312065418,0.0000154097906488,0.00000622098377789,0.00000135336358653],"dmean2":[0.0000455738336314,0.000813317368738,0.00143212848343,0.000903766311239,0.0028556631878,0.0019045289373,0.00107221642975,0.000959452067036,0.00191175576765,0.00216696364805,0.00088418496307,0.00181267678272,0.00113401806448,0.000557836145163,0.00030571751995,0.000174747154233,0.000190661579836,0.000104148610262,0.0000838926353026,0.0000738030066714,0.000034281052649,0.0000394939270336,0.0000292202403216,0.0000231649682974,0.0000236310334003,0.00000914806969377,0.00000190959121937],"dvar":[4.54553195084e-9,4.71005790814e-7,0.00000126210557028,8.60986858697e-7,0.000010392643162,0.00000307236905428,0.00000104198466033,0.00000141059422276,0.00000665479547024,0.0000104530236058,0.00000171722115283,0.0000122195997392,0.00000518820525031,0.00000110002952169,6.28403427072e-7,1.02759450726e-7,9.3602061213e-8,1.87020354758e-8,9.42553501915e-9,9.89668968998e-9,3.12176307027e-9,5.77345549146e-9,2.31614061263e-9,3.35439920285e-9,2.88185386665e-9,1.6675072434e-9,5.84002082804e-11],"dvar2":[9.96347715443e-9,0.00000120220386179,0.00000326058125211,0.00000219962203118,0.0000244265775109,0.00000819010892883,0.00000257243004853,0.00000330484635924,0.0000143143570313,0.0000231917128986,0.00000362471109838,0.0000306575057039,0.0000109935481305,0.00000237973017647,0.00000126779400489,2.17704666738e-7,1.804344123e-7,4.1021895214e-8,2.00022558516e-8,2.20751719127e-8,6.48154063754e-9,1.27041221987e-8,4.63362193059e-9,6.92112056555e-9,6.70129063352e-9,2.95292745811e-9,1.0320024002e-10],"max":[0.0035799483303,0.0112303830683,0.0189084522426,0.0127546247095,0.0548903234303,0.0466437377036,0.0202434789389,0.0264002401382,0.0471195802093,0.0723108649254,0.0378714874387,0.0808972120285,0.0787654519081,0.036238707602,0.0485437959433,0.00952426064759,0.0136129138991,0.00503644440323,0.00182054075412,0.00225142110139,0.00141596398316,0.00266055436805,0.000943952822126,0.00242786528543,0.00217051478103,0.00301048462279,0.000278506719042],"mean":[0.0000343296087522,0.00109904794954,0.0016591581516,0.000792269944213,0.00295861926861,0.00217061722651,0.00121754943393,0.00114909838885,0.00244042580016,0.00276035140269,0.0011131017236,0.00250909826718,0.00156840635464,0.000718456227332,0.000352579460014,0.000227242417168,0.000267940340564,0.000149459970999,0.000122573648696,0.00011044414714,0.000044051619625,0.0000464724689664,0.0000377033939003,0.0000274317444564,0.0000203659474209,0.0000089541053967,0.00000210761345443],"median":[0.0000128816218421,0.00066444161348,0.00109263975173,0.000455021625385,0.00162904942408,0.00125753949396,0.000685069477186,0.000489135854878,0.000898784724995,0.000806247990113,0.000432332919445,0.000275757251075,0.000365763669834,0.000154387045768,0.000123060046462,0.000097368923889,0.000113583708298,0.0000682933386997,0.0000646263724775,0.0000462856660306,0.0000198205962079,0.0000204072493943,0.0000137431570693,0.00000878062292031,0.00000477607227367,0.00000121232699257,3.17671691619e-7],"min":[9.93236128925e-25,1.25342740319e-24,7.24413878189e-25,1.03937019378e-24,9.68511117952e-24,8.0016472979e-24,5.23910492276e-24,4.47733547318e-24,2.34419926079e-23,1.88650894779e-23,6.25811481379e-24,2.05984030578e-23,3.30021348094e-23,3.71583904836e-23,4.51275800995e-23,6.38156034363e-23,7.46057312504e-23,8.70761895905e-23,1.35334528275e-22,1.67194058017e-22,2.6602573291e-22,3.21025342414e-22,3.61829040208e-22,6.27522315579e-22,7.17380817582e-22,1.31987218536e-21,1.97076003084e-21],"var":[7.6248438674e-9,0.00000155893030751,0.00000339454572895,0.00000115402042411,0.0000161148745974,0.00000722043978385,0.00000270930650004,0.00000387380168831,0.0000158355051099,0.0000264955506282,0.00000424657173426,0.000041191749915,0.0000217125925701,0.00000304602554024,0.00000164332993791,2.56871402371e-7,3.50396732074e-7,7.17398407346e-8,2.71093849591e-8,2.69702251643e-8,5.98600946589e-9,8.02191557625e-9,5.15777243137e-9,6.98906088559e-9,4.70587391277e-9,3.83449716423e-9,1.25488883174e-10]},"barkbands_crest":{"dmean":2.21106028557,"dmean2":3.62741303444,"dvar":4.10802221298,"dvar2":10.4928455353,"max":24.4512767792,"mean":9.01816940308,"median":8.29913711548,"min":2.54271674156,"var":11.0141401291},"barkbands_flatness_db":{"dmean":0.0167720969766,"dmean2":0.0252710841596,"dvar":0.000237359272433,"dvar2":0.000508929661009,"max":0.339891433716,"mean":0.141731008887,"median":0.139843270183,"min":0.0251904334873,"var":0.00132903724443},"barkbands_kurtosis":{"dmean":1.71832978725,"dmean2":2.69820857048,"dvar":10.5229978561,"dvar2":24.8066883087,"max":115.068656921,"mean":3.02227425575,"median":1.46348524094,"min":-1.82071566582,"var":43.9789009094},"barkbands_skewness":{"dmean":0.400964736938,"dmean2":0.606554269791,"dvar":0.157717347145,"dvar2":0.34725022316,"max":9.40512561798,"mean":0.926785051823,"median":0.862745285034,"min":-2.08987236023,"var":1.22081553936},"barkbands_spread":{"dmean":3.08306717873,"dmean2":4.69911050797,"dvar":17.1086788177,"dvar2":34.1664772034,"max":89.9307785034,"mean":14.5304098129,"median":13.1842355728,"min":0.958048224449,"var":61.2400436401},"dissonance":{"dmean":0.0265501607209,"dmean2":0.0448624901474,"dvar":0.000589197559748,"dvar2":0.00164503301494,"max":0.499982953072,"mean":0.447240501642,"median":0.453274875879,"min":0.24027697742,"var":0.00115029944573},"dynamic_complexity":3.71458005905,"erbbands":{"dmean":[0.00885548070073,0.140509620309,0.874382793903,1.21785449982,5.57592487335,5.42472887039,5.97889757156,11.1400737762,10.104681015,11.9018468857,12.4467115402,29.3902740479,49.1706085205,23.2085857391,27.2389831543,54.051940918,35.2818870544,20.8200378418,10.8413572311,9.10851573944,5.74614477158,5.5796251297,3.98922681808,3.23518800735,2.58432579041,2.34205698967,1.10804843903,0.981949031353,1.05209851265,0.801830053329,0.561036109924,0.342992961407,0.274167984724,0.175733059645,0.108705639839,0.0306503437459,0.0119199613109,0.0025822960306,0.000217523542233,0.0000112881489258],"dmean2":[0.015102379024,0.230423301458,1.46067845821,1.94066596031,8.81032180786,8.69482898712,9.88565826416,18.402338028,16.1284866333,18.6442584991,19.2967147827,43.2180709839,75.6547775269,35.443901062,41.1596450806,83.4669342041,51.5049057007,30.7926292419,15.7935562134,13.7922029495,8.62376308441,8.25093364716,6.03658103943,4.71391677856,3.84835076332,3.4871764183,1.61826121807,1.40960884094,1.54549849033,1.14092409611,0.796969652176,0.496473014355,0.406243264675,0.269423782825,0.171061217785,0.046610172838,0.0173477679491,0.00366248376667,0.000309787457809,0.0000161555326486],"dvar":[0.00024352154287,0.0374291092157,1.24721670151,2.9112033844,143.332061768,77.6633224487,92.1591949463,323.695739746,243.536804199,529.278930664,606.165100098,3548.49731445,14651.1083984,2687.50708008,3663.36474609,25941.1972656,11293.7832031,2684.08300781,2801.61645508,538.020874023,195.777496338,242.04019165,57.7209205627,34.8222427368,22.1528244019,24.9637413025,5.74673032761,6.28362035751,9.09482479095,3.67267251015,1.9236317873,1.33973395824,1.15701210499,0.381335228682,0.149896904826,0.0234726797789,0.00840063020587,0.000263514404651,0.00000141532689213,8.27354851296e-10],"dvar2":[0.000645490013994,0.0941122099757,3.308583498,7.1981048584,326.834533691,195.190582275,234.54473877,856.980651855,598.270385742,1237.54162598,1398.27160645,7729.23925781,32679.0761719,6261.28369141,7703.71337891,63762.4648438,23665.4277344,5593.75146484,5563.61035156,1115.40014648,433.549499512,439.075927734,128.601318359,69.3114318848,47.3211517334,57.3838424683,12.325129509,12.7149362564,20.6071529388,7.53968238831,3.80582642555,3.06148743629,2.37707543373,0.829708337784,0.363588452339,0.045113813132,0.0148542402312,0.000448642647825,0.00000259011403614,1.51956003336e-9],"max":[0.416059970856,3.16083526611,15.6631364822,27.2143096924,193.934997559,129.60383606,233.99029541,478.831451416,293.186981201,542.278015137,948.66204834,1443.68859863,2345.38354492,1719.47619629,1987.09997559,3805.92456055,4313.17382812,1319.6763916,2974.60058594,960.711669922,512.54699707,885.056640625,216.827545166,155.785095215,138.443374634,101.702964783,53.6315612793,45.2108917236,103.479141235,47.5375862122,29.4359340668,53.2426948547,51.1954536438,28.0337734222,11.1203527451,10.004737854,6.82212543488,0.774148106575,0.0479674190283,0.00113908527419],"mean":[0.0143322180957,0.316621154547,1.70862042904,2.44008612633,7.25873231888,9.09153079987,11.261639595,20.6657238007,19.1027622223,23.7798290253,25.3299312592,59.5331420898,93.6083526611,50.5418205261,57.1771659851,122.38433075,77.7492446899,46.2807693481,20.6310482025,17.4368572235,13.1763219833,12.4580774307,9.34916687012,7.37870073318,5.95296812057,5.07365751266,2.36461544037,1.76160430908,1.74130308628,1.44413721561,1.00796580315,0.600083768368,0.441542506218,0.255762428045,0.130012214184,0.0410989075899,0.0167796127498,0.0039031219203,0.000355736323399,0.0000391827961721],"median":[0.00971196312457,0.185283333063,1.1405646801,1.45273470879,2.95667552948,5.04497671127,6.46526145935,11.094294548,11.4537134171,10.3441362381,13.3205490112,23.1209125519,25.3671550751,23.2243061066,24.1904430389,17.4312133789,20.0568027496,12.7522907257,7.20776176453,7.38623380661,6.3637752533,5.77266120911,4.69038200378,3.62440824509,2.95089411736,2.19249081612,1.13642585278,0.776791989803,0.764405429363,0.561305105686,0.356147170067,0.202950879931,0.1279553473,0.0672664642334,0.0258878022432,0.00683886371553,0.00192667474039,0.000430566578871,0.0000670295412419,0.0000281630127574],"min":[3.04315242647e-23,3.26868189015e-22,1.03123340751e-21,7.79322074886e-21,1.05195515023e-20,2.32721465384e-20,6.44617133848e-20,9.28371814085e-20,1.03015024923e-19,1.30636621216e-19,2.50657051354e-19,5.10336782034e-19,5.2908472722e-19,7.79340983718e-19,7.16861602208e-19,1.66174112374e-18,1.60235948192e-18,1.96537410439e-18,2.87344450225e-18,3.16992175022e-18,3.82069679137e-18,5.40978436715e-18,5.52802528623e-18,6.19783106493e-18,6.37263707583e-18,7.98217296995e-18,9.91449335065e-18,1.14904767312e-17,1.07907026125e-17,1.14697186337e-17,1.05028131536e-17,1.06459542771e-17,1.06984132443e-17,8.12598659125e-18,5.49966084943e-18,4.45969836406e-18,2.50204185478e-18,9.3757675749e-19,2.46636488288e-19,2.68497963917e-20],"var":[0.000330878741806,0.132980138063,3.41959166527,7.41495800018,188.342056274,133.875167847,241.231552124,764.579589844,588.734619141,1647.63720703,1524.53466797,9366.97363281,33728.1523438,8125.18994141,10508.3847656,87397.65625,51332.0742188,9862.74902344,7292.14746094,1548.74523926,605.981994629,777.780822754,246.748855591,124.438781738,70.2000579834,58.8640403748,13.9836902618,10.7855577469,11.9209127426,6.68309926987,4.18351888657,2.36741495132,2.40149307251,0.736922383308,0.206078499556,0.0504949912429,0.0179826393723,0.000617895857431,0.0000030359306038,2.52801024558e-9]},"erbbands_crest":{"dmean":2.84646463394,"dmean2":4.53638792038,"dvar":7.77821540833,"dvar2":17.6801605225,"max":32.0345153809,"mean":11.3370609283,"median":10.0405406952,"min":2.25843548775,"var":30.1770896912},"erbbands_flatness_db":{"dmean":0.0176840703934,"dmean2":0.0254068989307,"dvar":0.000306298752548,"dvar2":0.000561730528716,"max":0.356266826391,"mean":0.188147470355,"median":0.186914041638,"min":0.0249394346029,"var":0.00224325386807},"erbbands_kurtosis":{"dmean":1.16352534294,"dmean2":1.83272051811,"dvar":3.15993738174,"dvar2":8.02443790436,"max":52.5882339478,"mean":1.9847574234,"median":1.03829526901,"min":-1.70170104504,"var":11.1530294418},"erbbands_skewness":{"dmean":0.318563491106,"dmean2":0.49159809947,"dvar":0.0859799534082,"dvar2":0.200446143746,"max":5.54205656052,"mean":0.528930187225,"median":0.498705863953,"min":-3.20656299591,"var":0.465026080608},"erbbands_spread":{"dmean":5.02675867081,"dmean2":7.41486692429,"dvar":42.9572067261,"dvar2":80.4550094604,"max":130.346069336,"mean":23.6704921722,"median":20.7427158356,"min":2.0044503212,"var":234.432876587},"gfcc":{"cov":[[26227.9121094,1562.1072998,-3368.73291016,272.894470215,-1065.69494629,463.984100342,-630.156066895,-40.4762382507,-630.930725098,-196.500244141,-211.483139038,-168.35295105,-285.051177979],[1562.1072998,808.752807617,-377.052947998,-69.2519607544,-11.6948461533,-76.0204849243,49.2257843018,-56.2821769714,3.73298883438,-44.9110794067,21.8806781769,-30.1244163513,22.1301326752],[-3368.73291016,-377.052947998,936.594665527,54.4730606079,80.5523757935,-28.9557189941,-27.6488418579,48.1124801636,68.7095718384,66.6703033447,-22.6868457794,58.0248413086,7.10829496384],[272.894470215,-69.2519607544,54.4730606079,275.948486328,28.4656429291,16.3522644043,-52.5025062561,28.5533638,15.153506279,3.71688365936,-26.2927188873,-4.05079221725,-0.266921341419],[-1065.69494629,-11.6948461533,80.5523757935,28.4656429291,216.448684692,10.6858673096,61.9101600647,8.55853557587,38.6016731262,5.23899841309,22.7085647583,4.73628664017,19.5637359619],[463.984100342,-76.0204849243,-28.9557189941,16.3522644043,10.6858673096,157.428222656,28.1979084015,4.72536611557,-34.0060920715,2.39972400665,10.3419589996,-7.5947599411,-15.7446708679],[-630.156066895,49.2257843018,-27.6488418579,-52.5025062561,61.9101600647,28.1979084015,166.914428711,5.79266023636,1.50291466713,-15.1478652954,27.5033721924,-11.3539476395,5.65615463257],[-40.4762382507,-56.2821769714,48.1124801636,28.5533638,8.55853557587,4.72536611557,5.79266023636,97.9360733032,27.5054931641,0.391711771488,-10.4391937256,4.04261875153,2.86406183243],[-630.930725098,3.73298883438,68.7095718384,15.153506279,38.6016731262,-34.0060920715,1.50291466713,27.5054931641,103.570114136,22.15325737,-1.84517121315,2.10817146301,13.0897369385],[-196.500244141,-44.9110794067,66.6703033447,3.71688365936,5.23899841309,2.39972400665,-15.1478652954,0.391711771488,22.15325737,77.3956604004,25.5254516602,11.3270835876,-0.421370327473],[-211.483139038,21.8806781769,-22.6868457794,-26.2927188873,22.7085647583,10.3419589996,27.5033721924,-10.4391937256,-1.84517121315,25.5254516602,104.414337158,28.6080169678,-3.59316563606],[-168.35295105,-30.1244163513,58.0248413086,-4.05079221725,4.73628664017,-7.5947599411,-11.3539476395,4.04261875153,2.10817146301,11.3270835876,28.6080169678,74.3776626587,17.6022529602],[-285.051177979,22.1301326752,7.10829496384,-0.266921341419,19.5637359619,-15.7446708679,5.65615463257,2.86406183243,13.0897369385,-0.421370327473,-3.59316563606,17.6022529602,67.4832611084]],"icov":[[0.000205980366445,-0.000325367465848,0.000626933237072,-0.000218101253267,0.000431404390838,-0.000607600610238,0.000689377600793,-0.000524491188116,0.000671524961945,-0.000371936359443,0.000543713045772,-0.000440237374278,0.000618721416686],[-0.000325367465848,0.00229731621221,-0.000337841513101,0.000436585512944,-0.000644417654257,0.00186295516323,-0.00150694150943,0.00157669163309,-0.00155682640616,0.00115079060197,-0.00125125865452,0.00109051144682,-0.00145146774594],[0.000626933237072,-0.000337841513101,0.00349458330311,-0.00070517527638,0.000799704459496,-0.00134078180417,0.00195189937949,-0.00169326842297,0.00156259909272,-0.00209684553556,0.00249665882438,-0.00249045179226,0.00221804180183],[-0.000218101253267,0.000436585512944,-0.00070517527638,0.00456242822111,-0.00148081034422,-0.0000667655622237,0.00106902536936,-0.000499809975736,-0.000942192680668,0.000524941133335,0.0000624993772362,0.000837550556753,-0.000655886658933],[0.000431404390838,-0.000644417654257,0.000799704459496,-0.00148081034422,0.0071376748383,-0.00178728101309,-0.000846397713758,-0.00043100482435,-0.000726027705241,-0.000125763850519,-0.000218910630792,-0.000565908267163,-0.000177513240487],[-0.000607600610238,0.00186295516323,-0.00134078180417,-0.0000667655622237,-0.00178728101309,0.00990036036819,-0.00367226405069,0.000875146477483,0.000906021043193,-0.000100942590507,-0.00195532594807,0.00184555584565,-0.000699691940099],[0.000689377600793,-0.00150694150943,0.00195189937949,0.00106902536936,-0.000846397713758,-0.00367226405069,0.0109030464664,-0.00298465485685,0.00217581214383,0.000926410721149,-0.000564547721297,0.000728589715436,0.00116981053725],[-0.000524491188116,0.00157669163309,-0.00169326842297,-0.000499809975736,-0.00043100482435,0.000875146477483,-0.00298465485685,0.0135674094781,-0.00543102063239,0.00209113629535,-0.000400445947889,0.0000161995867529,-0.00151169183664],[0.000671524961945,-0.00155682640616,0.00156259909272,-0.000942192680668,-0.000726027705241,0.000906021043193,0.00217581214383,-0.00543102063239,0.0159846581519,-0.00535261956975,0.00245997868478,-0.00037490244722,0.000743555778172],[-0.000371936359443,0.00115079060197,-0.00209684553556,0.000524941133335,-0.000125763850519,-0.000100942590507,0.000926410721149,0.00209113629535,-0.00535261956975,0.0179801154882,-0.00626033265144,0.00147804955486,-0.00144734617788],[0.000543713045772,-0.00125125865452,0.00249665882438,0.0000624993772362,-0.000218910630792,-0.00195532594807,-0.000564547721297,-0.000400445947889,0.00245997868478,-0.00626033265144,0.0156755391508,-0.00766548421234,0.00443368172273],[-0.000440237374278,0.00109051144682,-0.00249045179226,0.000837550556753,-0.000565908267163,0.00184555584565,0.000728589715436,0.0000161995867529,-0.00037490244722,0.00147804955486,-0.00766548421234,0.0195682551712,-0.00684901606292],[0.000618721416686,-0.00145146774594,0.00221804180183,-0.000655886658933,-0.000177513240487,-0.000699691940099,0.00116981053725,-0.00151169183664,0.000743555778172,-0.00144734617788,0.00443368172273,-0.00684901606292,0.0193953644484]],"mean":[-38.6184082031,115.751335144,-123.332046509,9.17192554474,-59.8524703979,9.88608360291,-31.1878871918,1.2118242979,-24.1785755157,-5.19498920441,-12.3292789459,-1.99413502216,-10.9067182541]},"hfc":{"dmean":4.64696311951,"dmean2":6.41147041321,"dvar":44.3673782349,"dvar2":86.8156814575,"max":128.301300049,"mean":18.6530532837,"median":13.0983161926,"min":1.08545009024e-16,"var":329.030212402},"melbands":{"dmean":[0.000101930250821,0.000356331060175,0.000313618627843,0.000422665034421,0.000211434657103,0.000240428154939,0.000145864993101,0.000131904744194,0.000118376592582,0.000192061270354,0.000244978204137,0.000098817741673,0.0000819102788228,0.000142092918395,0.000116663206427,0.0000621062572463,0.0000413634406868,0.0000194555850612,0.0000124140542539,0.0000112544712465,0.0000072327302405,0.00000657614373267,0.00000546119508726,0.00000302196485791,0.00000293954121844,0.00000188987667116,0.00000200261297323,0.00000156072496793,8.49770287914e-7,5.65342986647e-7,6.02745615197e-7,6.42805900952e-7,5.24279755609e-7,4.48378301598e-7,3.69074427908e-7,2.45239505148e-7,2.06987067486e-7,2.00936796091e-7,1.7472406455e-7,1.49185822806e-7],"dmean2":[0.000169287566678,0.00058895512484,0.000495159823913,0.000671557732858,0.000346541957697,0.000396153802285,0.000232516176766,0.000206381824682,0.000180787901627,0.000284057576209,0.000377145217499,0.000151528947754,0.000123320744024,0.000225261188461,0.00016840720491,0.0000913319381652,0.0000620214486844,0.0000284906473098,0.0000184283671842,0.0000173403550434,0.0000109572665679,0.00000974802151177,0.00000837640709506,0.0000046228183237,0.00000433026843893,0.00000290860680252,0.00000299704061035,0.00000235372067436,0.00000128889791995,8.41328699153e-7,8.81247501638e-7,9.65491381066e-7,7.73639385443e-7,6.49930427699e-7,5.35699541615e-7,3.64485913451e-7,3.0544663332e-7,3.00238809814e-7,2.67515474661e-7,2.33262099414e-7],"dvar":[2.10784047994e-8,2.00894518798e-7,2.86895300405e-7,6.53596487155e-7,1.0617524282e-7,1.3845303215e-7,4.95908274445e-8,6.75716620435e-8,5.76613423675e-8,1.48376614106e-7,3.64073741821e-7,5.63675115473e-8,3.41042643015e-8,1.88645543631e-7,9.69205231627e-8,3.36008412205e-8,1.18906164914e-8,9.10318753711e-9,1.49361478741e-9,8.4369644604e-10,3.29749644257e-10,3.12292636195e-10,1.69901440139e-10,5.05934114048e-11,2.97037568153e-11,1.17316443018e-11,1.56759275699e-11,1.09038481369e-11,3.63391738575e-12,1.42263772377e-12,2.66715902836e-12,3.02358116842e-12,2.85484006227e-12,9.99393384889e-13,7.92714147362e-13,5.33579094537e-13,5.72267656439e-13,6.2301758804e-13,5.58243447128e-13,2.51145323071e-13],"dvar2":[5.59135990841e-8,5.20005585258e-7,6.63519244881e-7,0.00000156746000357,2.65131603783e-7,3.66262383977e-7,1.21350126392e-7,1.56693815256e-7,1.27083097823e-7,3.22667062846e-7,8.10863127754e-7,1.31514070745e-7,7.03300528926e-8,4.80605706343e-7,2.08586342865e-7,7.2032854348e-8,2.53685108476e-8,1.81555694923e-8,2.93738922075e-9,1.83259973863e-9,7.21658677261e-10,5.4669668792e-10,3.85500159572e-10,1.12911131833e-10,6.03789102049e-11,2.65661295046e-11,3.524476197e-11,2.51172364157e-11,8.18920452283e-12,3.05035901052e-12,5.52272160295e-12,6.92826178372e-12,6.65216232792e-12,2.10795833913e-12,1.59924070514e-12,1.20595926908e-12,1.32730111624e-12,1.26341612953e-12,1.28351062417e-12,5.59524215155e-13],"max":[0.00282948696986,0.00636688806117,0.00878007430583,0.0141118923202,0.0082865152508,0.00986962206662,0.00410843268037,0.0065714023076,0.00951412133873,0.00836197659373,0.0116235706955,0.00795338768512,0.00533218495548,0.0106619382277,0.00794365815818,0.00738189509138,0.00258291349746,0.00436901627108,0.00194511190057,0.00107026402839,0.000647226115689,0.000985803897493,0.000605149834882,0.000340071652317,0.000133723078761,0.0000763812131481,0.000102837868326,0.0000609780181549,0.0000431785592809,0.0000340196565958,0.0000327252673742,0.0000511220532644,0.0000661870071781,0.000018719209038,0.0000167100988619,0.0000223696897592,0.0000361684178642,0.0000349455767719,0.0000404222118959,0.000019040207917],"mean":[0.000210190279176,0.000760934490245,0.000563025707379,0.000620640348643,0.000413403322455,0.000450715015177,0.000279905216303,0.000261517678155,0.000234835039009,0.000378996046493,0.000459972041426,0.000199794783839,0.000156621754286,0.000311698240694,0.000234437902691,0.000128114421386,0.0000835957180243,0.0000322139530908,0.0000216211356019,0.0000217755950871,0.0000150201221913,0.0000133488429128,0.0000117746158139,0.00000635450078335,0.00000605835612077,0.00000394191374653,0.00000430823547504,0.00000312850920636,0.00000165751976056,0.00000105175865883,9.71974031927e-7,0.00000102933461221,8.21881769753e-7,8.06053833458e-7,6.40310304334e-7,4.0613625174e-7,3.46785952843e-7,3.10905335255e-7,2.69008580744e-7,2.00250170224e-7],"median":[0.000144997684401,0.000536276842467,0.000350492133293,0.000313039548928,0.000245099246968,0.000253688718658,0.000167513106135,0.000108713662485,0.000106815095933,0.000147471830132,0.000113511363452,0.0000761980845709,0.0000622818406555,0.0000450384322903,0.0000434206449427,0.0000340001970471,0.000018120272216,0.0000092010550361,0.00000791418642621,0.00000938311950449,0.00000628266388958,0.00000575414696868,0.00000513576878802,0.00000299783459923,0.00000269469205705,0.00000190743298845,0.00000179051312443,0.00000131178092033,6.88297177476e-7,4.78369486245e-7,3.90429050867e-7,4.58112964452e-7,3.02851276501e-7,2.9830658832e-7,2.2413729539e-7,1.27524998561e-7,1.13959586656e-7,8.79532890963e-8,7.06747869117e-8,5.02081647369e-8],"min":[4.63946551908e-25,6.6436263064e-25,1.52318075632e-24,9.06858620816e-25,2.4907553386e-24,2.18550955563e-24,1.30626570106e-24,1.57739719418e-24,2.30034127659e-24,3.14569369453e-24,2.53134874028e-24,2.01861538151e-24,1.40577636273e-24,1.88252602852e-24,3.60444313218e-24,3.44436787173e-24,2.86130894376e-24,3.62819100087e-24,2.87052895281e-24,3.37986665981e-24,3.21107093648e-24,4.43090667017e-24,3.71121269469e-24,3.4576436119e-24,4.70366282233e-24,3.1918876142e-24,3.97700281063e-24,4.55237823337e-24,5.61043673921e-24,5.00319094146e-24,4.85207240772e-24,5.6208307705e-24,6.14152196086e-24,5.2306696331e-24,5.09140925649e-24,5.46781029311e-24,6.73983035898e-24,6.26771209556e-24,5.88761485117e-24,5.97203913968e-24],"var":[4.89743534615e-8,6.18476008185e-7,4.75224027241e-7,8.75173498116e-7,2.81442254391e-7,3.30938490833e-7,1.27143024997e-7,2.15384758917e-7,1.57983990334e-7,3.64953535836e-7,8.40027269078e-7,1.6324335661e-7,8.76054997434e-8,6.25426366696e-7,3.09018645339e-7,1.61507941243e-7,3.98790405143e-8,2.14935838017e-8,3.80607323436e-9,2.21924167931e-9,1.0327463329e-9,9.14343600833e-10,7.43228589783e-10,1.41829686884e-10,9.32324356606e-11,3.17782848647e-11,4.38588332319e-11,2.44354744772e-11,8.40411334274e-12,2.98357736087e-12,4.13781335584e-12,3.98518024136e-12,3.38334547011e-12,1.98832963982e-12,1.66025515818e-12,9.73017998639e-13,9.36577529941e-13,1.26033363433e-12,1.03603193732e-12,4.40779005092e-13]},"melbands_crest":{"dmean":2.74579143524,"dmean2":4.50364112854,"dvar":6.18268203735,"dvar2":16.1700897217,"max":37.0862693787,"mean":11.5785999298,"median":10.4958171844,"min":1.57988965511,"var":21.8746185303},"melbands_flatness_db":{"dmean":0.0190806183964,"dmean2":0.0286172423512,"dvar":0.000321932893712,"dvar2":0.00067885837052,"max":0.451902389526,"mean":0.209140613675,"median":0.206047847867,"min":0.00234532332979,"var":0.00259994436055},"melbands_kurtosis":{"dmean":3.20968914032,"dmean2":5.0219836235,"dvar":86.1440963745,"dvar2":224.271896362,"max":383.580047607,"mean":6.3286190033,"median":2.56425714493,"min":-1.83739590645,"var":269.240966797},"melbands_skewness":{"dmean":0.484628736973,"dmean2":0.733344554901,"dvar":0.297129571438,"dvar2":0.662113189697,"max":16.6580677032,"mean":1.43482995033,"median":1.24888885021,"min":-1.69821488857,"var":2.12795376778},"melbands_spread":{"dmean":3.84570932388,"dmean2":5.99442481995,"dvar":17.2233638763,"dvar2":39.1756401062,"max":159.967575073,"mean":20.189409256,"median":18.1030349731,"min":0.906309843063,"var":220.102310181},"mfcc":{"cov":[[10021.6308594,986.436645508,-908.788146973,-170.039962769,-192.173965454,88.5303497314,127.697776794,103.186058044,-216.91217041,-1.13327002525,-63.450717926,-38.2429428101,-57.198097229],[986.436645508,1091.2019043,-205.976333618,6.18990039825,-79.131652832,10.847202301,21.4407215118,11.8479766846,-7.10818004608,-20.5237293243,-10.2026138306,1.394084692,13.5966253281],[-908.788146973,-205.976333618,536.462646484,50.2960548401,82.9429244995,-12.2529201508,-52.9589042664,-26.2594547272,21.1478004456,-10.8623552322,15.2557563782,0.923753499985,-1.95924961567],[-170.039962769,6.18990039825,50.2960548401,215.905075073,66.7350997925,-3.82225728035,-35.6541748047,2.27704977989,32.4923362732,5.81336450577,-2.20740365982,-9.64485359192,11.5816259384],[-192.173965454,-79.131652832,82.9429244995,66.7350997925,167.095718384,11.0533075333,-24.5636692047,-0.62743884325,25.4805316925,7.1344909668,-1.25703322887,9.25095367432,9.8814496994],[88.5303497314,10.847202301,-12.2529201508,-3.82225728035,11.0533075333,117.261695862,45.3851585388,4.42443180084,-5.19072961807,-1.52950811386,8.63236999512,-1.75900018215,8.21109390259],[127.697776794,21.4407215118,-52.9589042664,-35.6541748047,-24.5636692047,45.3851585388,143.906463623,38.2627410889,-17.7655544281,3.68121170998,2.36679506302,8.62709236145,13.95333004],[103.186058044,11.8479766846,-26.2594547272,2.27704977989,-0.62743884325,4.42443180084,38.2627410889,93.8776550293,15.5032100677,0.267531216145,0.898044347763,1.34728014469,4.36492824554],[-216.91217041,-7.10818004608,21.1478004456,32.4923362732,25.4805316925,-5.19072961807,-17.7655544281,15.5032100677,120.891868591,18.0257778168,-14.7157526016,0.73410820961,-15.7601184845],[-1.13327002525,-20.5237293243,-10.8623552322,5.81336450577,7.1344909668,-1.52950811386,3.68121170998,0.267531216145,18.0257778168,74.2110824585,14.4102373123,-0.854823410511,-3.94807839394],[-63.450717926,-10.2026138306,15.2557563782,-2.20740365982,-1.25703322887,8.63236999512,2.36679506302,0.898044347763,-14.7157526016,14.4102373123,65.8347930908,21.0712814331,3.31013655663],[-38.2429428101,1.394084692,0.923753499985,-9.64485359192,9.25095367432,-1.75900018215,8.62709236145,1.34728014469,0.73410820961,-0.854823410511,21.0712814331,69.2848739624,19.1769447327],[-57.198097229,13.5966253281,-1.95924961567,11.5816259384,9.8814496994,8.21109390259,13.95333004,4.36492824554,-15.7601184845,-3.94807839394,3.31013655663,19.1769447327,71.7940216064]],"icov":[[0.00013457913883,-0.0000899623264559,0.000170751925907,0.000032612686482,-0.0000189731581486,-0.000104589526018,0.0000572268036194,-0.000165936929989,0.000289199699182,-0.0000980178374448,0.000179565191502,-0.000039208382077,0.000197483270313],[-0.0000899623264559,0.00108492793515,0.000243965041591,-0.000250060664257,0.000440038158558,-0.0000382937505492,-0.0000056184121604,0.000106519619294,-0.000290662166663,0.000381073710741,-0.000088337706984,-0.000048079953558,-0.000317647558404],[0.000170751925907,0.000243965041591,0.0024828100577,-0.00013897640747,-0.000863525026944,0.0000654644827591,0.00039969329373,0.000304202840198,-0.0000272530014627,0.000655959069263,-0.000662269128952,0.000256088474998,0.000187418729183],[0.000032612686482,-0.000250060664257,-0.00013897640747,0.00580704770982,-0.00201716413721,0.0000809311168268,0.00105200521648,-0.000399651296902,-0.00110019335989,-0.0000903792752069,-0.000509226636495,0.00153787888121,-0.00141280202661],[-0.0000189731581486,0.000440038158558,-0.000863525026944,-0.00201716413721,0.00794662069529,-0.00145449244883,0.00114927813411,-0.000415536836954,-0.000662377045956,-0.000803114729933,0.00108265515883,-0.00165457034018,-0.000719638541341],[-0.000104589526018,-0.0000382937505492,0.0000654644827591,0.0000809311168268,-0.00145449244883,0.0104561876506,-0.00388637254946,0.00138700124808,-0.000812203623354,0.00116793415509,-0.00238775019534,0.00187284278218,-0.000916263321415],[0.0000572268036194,-0.0000056184121604,0.00039969329373,0.00105200521648,0.00114927813411,-0.00388637254946,0.0102377664298,-0.00417551631108,0.00165658036713,-0.00145505159162,0.00142752984539,-0.00147997762542,-0.000948575674556],[-0.000165936929989,0.000106519619294,0.000304202840198,-0.000399651296902,-0.000415536836954,0.00138700124808,-0.00417551631108,0.0130699723959,-0.00290563958697,0.00132222368848,-0.00166130205616,0.00101076194551,-0.000922666804399],[0.000289199699182,-0.000290662166663,-0.0000272530014627,-0.00110019335989,-0.000662377045956,-0.000812203623354,0.00165658036713,-0.00290563958697,0.011241607368,-0.00340793957002,0.00413569482043,-0.0023812756408,0.00322665972635],[-0.0000980178374448,0.000381073710741,0.000655959069263,-0.0000903792752069,-0.000803114729933,0.00116793415509,-0.00145505159162,0.00132222368848,-0.00340793957002,0.0156993642449,-0.0051717562601,0.00204842467792,-0.000131891458295],[0.000179565191502,-0.000088337706984,-0.000662269128952,-0.000509226636495,0.00108265515883,-0.00238775019534,0.00142752984539,-0.00166130205616,0.00413569482043,-0.0051717562601,0.019993852824,-0.0069810571149,0.00173783290666],[-0.000039208382077,-0.000048079953558,0.000256088474998,0.00153787888121,-0.00165457034018,0.00187284278218,-0.00147997762542,0.00101076194551,-0.0023812756408,0.00204842467792,-0.0069810571149,0.018638798967,-0.0050903535448],[0.000197483270313,-0.000317647558404,0.000187418729183,-0.00141280202661,-0.000719638541341,-0.000916263321415,-0.000948575674556,-0.000922666804399,0.00322665972635,-0.000131891458295,0.00173783290666,-0.0050903535448,0.0168041698635]],"mean":[-669.747680664,148.798309326,-7.81888246536,6.94505977631,-7.01608848572,2.63277840614,-0.252543568611,4.23754930496,-5.51140022278,-2.65492844582,-2.55092000961,-1.95356869698,-0.840718448162]},"pitch_salience":{"dmean":0.0612093918025,"dmean2":0.0995333045721,"dvar":0.00280893500894,"dvar2":0.00707707833499,"max":0.960914850235,"mean":0.568905472755,"median":0.575298249722,"min":0.150438919663,"var":0.00962009839714},"silence_rate_20dB":{"dmean":0,"dmean2":0,"dvar":0,"dvar2":0,"max":1,"mean":1,"median":1,"min":1,"var":0},"silence_rate_30dB":{"dmean":0.000478812551592,"dmean2":0.000957739714067,"dvar":0.000478590955026,"dvar2":0.000956852920353,"max":1,"mean":0.999521255493,"median":1,"min":0,"var":0.000478533736896},"silence_rate_60dB":{"dmean":0.0102944700047,"dmean2":0.020591404289,"dvar":0.0101892780513,"dvar2":0.0232830289751,"max":1,"mean":0.0641532018781,"median":0,"min":0,"var":0.0600416697562},"spectral_centroid":{"dmean":132.949676514,"dmean2":205.991638184,"dvar":47182.4101562,"dvar2":90551.0234375,"max":11664.9716797,"mean":1077.43115234,"median":933.836914062,"min":188.676086426,"var":1270293.625},"spectral_complexity":{"dmean":2.39837193489,"dmean2":3.63988995552,"dvar":5.97905254364,"dvar2":11.8769760132,"max":42,"mean":16.5705566406,"median":17,"min":0,"var":47.8520507812},"spectral_contrast_coeffs":{"dmean":[0.049989130348,0.0439123809338,0.0386781021953,0.0300365909934,0.0207106787711,0.0176628604531],"dmean2":[0.0829336345196,0.0733783170581,0.0613919198513,0.0463399514556,0.0325085222721,0.0272480156273],"dvar":[0.00167277141009,0.00123303895816,0.00114262150601,0.000635990931187,0.000323231739458,0.000276971055428],"dvar2":[0.00438810465857,0.00337248598225,0.00269251316786,0.00144601776265,0.000703591678757,0.000617360521574],"max":[-0.302936017513,-0.431685179472,-0.437651276588,-0.524900376797,-0.566839337349,-0.626519978046],"mean":[-0.62354272604,-0.730909526348,-0.710899710655,-0.746766507626,-0.779983878136,-0.778127372265],"median":[-0.621356904507,-0.731426000595,-0.713860034943,-0.747441291809,-0.778235018253,-0.774351716042],"min":[-0.979743480682,-0.978473901749,-0.97527462244,-0.974677205086,-0.966322720051,-0.966397881508],"var":[0.00672307703644,0.00486048636958,0.00659510446712,0.00427968101576,0.00237723486498,0.00183069519699]},"spectral_contrast_valleys":{"dmean":[0.387853085995,0.312671035528,0.289356380701,0.261630922556,0.244730457664,0.308930665255],"dmean2":[0.647646725178,0.515597760677,0.457365423441,0.399713724852,0.337020069361,0.405252993107],"dvar":[0.135245472193,0.10427044332,0.0894407853484,0.0859896987677,0.0906616151333,0.139488786459],"dvar2":[0.295808941126,0.19601213932,0.161048293114,0.139579102397,0.125636473298,0.221789866686],"max":[-6.01813459396,-5.00226593018,-5.04286527634,-6.22955417633,-6.15279436111,-8.11298561096],"mean":[-7.80959939957,-6.82940769196,-7.44655704498,-8.19811725616,-8.42953300476,-10.9697160721],"median":[-7.43764066696,-6.44215917587,-7.03893709183,-7.76388216019,-8.03914546967,-10.6689443588],"min":[-28.1239414215,-28.0303421021,-27.8314342499,-27.7776508331,-27.4356861115,-27.3949050903],"var":[5.4314622879,5.98035240173,5.93336677551,5.66709041595,5.5070514679,4.34580516815]},"spectral_decrease":{"dmean":1.41109390839e-9,"dmean2":2.05060235459e-9,"dvar":2.94088246964e-18,"dvar2":6.00048231438e-18,"max":1.64745335409e-28,"mean":-5.80673242823e-9,"median":-4.81926853979e-9,"min":-2.98204483329e-8,"var":1.88926265197e-17},"spectral_energy":{"dmean":0.00568460952491,"dmean2":0.00822316855192,"dvar":0.0000485712807858,"dvar2":0.000098164906376,"max":0.123851798475,"mean":0.023607885465,"median":0.0194169376045,"min":1.01393101456e-20,"var":0.000321862957207},"spectral_energyband_high":{"dmean":0.000111751200166,"dmean2":0.000151171218022,"dvar":6.76285125678e-8,"dvar2":1.35202881779e-7,"max":0.0072260722518,"mean":0.000235366795096,"median":0.000108680993435,"min":7.28357894071e-21,"var":1.59022349067e-7},"spectral_energyband_low":{"dmean":0.00129900907632,"dmean2":0.00212069624104,"dvar":0.00000242539795181,"dvar2":0.00000618318608758,"max":0.0267059840262,"mean":0.00312532600947,"median":0.00243786675856,"min":5.63444374871e-24,"var":0.00000785409974924},"spectral_energyband_middle_high":{"dmean":0.00271599716507,"dmean2":0.00391257368028,"dvar":0.0000224825453188,"dvar2":0.0000474877706438,"max":0.0954377427697,"mean":0.00889241229743,"median":0.00457256427035,"min":1.17946675821e-21,"var":0.000145020443597},"spectral_energyband_middle_low":{"dmean":0.00410886481404,"dmean2":0.00613657105714,"dvar":0.0000290319221676,"dvar2":0.0000621592553216,"max":0.0881805866957,"mean":0.0123404720798,"median":0.00994575954974,"min":1.49723010399e-22,"var":0.000103980084532},"spectral_entropy":{"dmean":0.151444628835,"dmean2":0.221484065056,"dvar":0.0241171699017,"dvar2":0.0470435172319,"max":9.82548618317,"mean":7.27340459824,"median":7.24268865585,"min":5.48838281631,"var":0.198450013995},"spectral_flux":{"dmean":0.0184938255697,"dmean2":0.0293924100697,"dvar":0.000392135465518,"dvar2":0.000964229227975,"max":0.294808119535,"mean":0.0712168291211,"median":0.065491117537,"min":6.36191030412e-11,"var":0.00160040985793},"spectral_kurtosis":{"dmean":2.17315626144,"dmean2":3.57280635834,"dvar":5.85797548294,"dvar2":15.5825843811,"max":64.0039520264,"mean":7.2037525177,"median":6.39177513123,"min":-1.25712954998,"var":21.1944198608},"spectral_rms":{"dmean":0.000555875711143,"dmean2":0.000791687692981,"dvar":3.23751464748e-7,"dvar2":5.97042458139e-7,"max":0.0109923165292,"mean":0.00441839080304,"median":0.00435239635408,"min":3.14515644431e-12,"var":0.00000350982782038},"spectral_rolloff":{"dmean":203.764846802,"dmean2":341.332885742,"dvar":291715.03125,"dvar2":615398.0625,"max":19724.4140625,"mean":1306.01379395,"median":1033.59375,"min":43.06640625,"var":4112342.25},"spectral_skewness":{"dmean":0.237198978662,"dmean2":0.37741714716,"dvar":0.0517557710409,"dvar2":0.121956281364,"max":6.37339067459,"mean":2.01638627052,"median":1.97948265076,"min":-0.057615891099,"var":0.32162129879},"spectral_spread":{"dmean":504713.4375,"dmean2":724517.0625,"dvar":684788023296,"dvar2":1092650991620,"max":42330592,"mean":4172744,"median":3435475.25,"min":1275698,"var":17653661958100},"spectral_strongpeak":{"dmean":0.750926733017,"dmean2":1.228520751,"dvar":1.1404774189,"dvar2":2.65714693069,"max":15.0998268127,"mean":1.70977604389,"median":0.873782217503,"min":0,"var":4.0316991806},"zerocrossingrate":{"dmean":0.00597744155675,"dmean2":0.00736507913098,"dvar":0.0000777173045208,"dvar2":0.0000947643929976,"max":0.5341796875,"mean":0.0515896752477,"median":0.0439453125,"min":0,"var":0.0029070766177}},"metadata":{"audio_properties":{"analysis_sample_rate":44100,"bit_rate":0,"codec":"flac","downmix":"mix","equal_loudness":0,"length":193.960006714,"lossless":true,"md5_encoded":"d0c2ef4d59e7bf13aa2762189cd4bd1c","replay_gain":-10.5625343323},"tags":{"acoustid_id":["2497ce10-2a65-4f25-96ca-6d69d4de3886"],"album":["Volunteers"],"albumartist":["Jefferson Airplane"],"albumartistsort":["Jefferson Airplane"],"artist":["Jefferson Airplane"],"artists":["Jefferson Airplane"],"artistsort":["Jefferson Airplane"],"asin":["B00028U6B8"],"barcode":["828766164220"],"catalognumber":["82876 61642 2"],"date":["2004-06-22"],"file_name":"03 - The Farm.flac","label":["BMG Heritage"],"media":["CD"],"musicbrainz_albumartistid":["39c2a93d-9afa-4a22-9bba-c087ab056e1c"],"musicbrainz_albumid":["e59b2b84-4ed7-4593-8205-59555f0f8ca4"],"musicbrainz_artistid":["39c2a93d-9afa-4a22-9bba-c087ab056e1c"],"musicbrainz_recordingid":["76a99dd6-cbf1-4546-9fdd-dbba2172b6b9"],"musicbrainz_releasegroupid":["20ce79fe-2987-3506-87fb-82fa8d0c6850"],"musicbrainz_releasetrackid":["9b1c6e7f-a638-3fa3-8139-a82ab1ca1b88"],"originaldate":["1969"],"releasecountry":["US"],"releasestatus":["official"],"releasetype":["album"],"script":["Latn"],"title":["The Farm"],"totaltracks":["15"],"tracknumber":["3"],"tracktotal":["15"]},"version":{"essentia":"2.1-beta1","essentia_build_sha":"5b9e781ab008b0f974ccb13a0d9a9891710afc4b","essentia_git_sha":"v2.1_beta1-9-geaa627a","extractor":"music 1.0"}},"rhythm":{"beats_count":475,"beats_loudness":{"dmean":0.0141073763371,"dmean2":0.0250581670552,"dvar":0.00018188728427,"dvar2":0.000550290918909,"max":0.119477920234,"mean":0.0336649268866,"median":0.0321797728539,"min":0,"var":0.000394400412915},"beats_loudness_band_ratio":{"dmean":[0.157894790173,0.152682498097,0.153351023793,0.15360468626