{"lowlevel":{"average_loudness":0.783791363239,"barkbands":{"dmean":[0.000659343320876,0.00516316061839,0.00302939373069,0.00132734305225,0.00147797749378,0.00225929357111,0.00100106664468,0.000678196433,0.000680986675434,0.000486550590722,0.000341914128512,0.0003215209872,0.000313532014843,0.000224519637413,0.000370739930077,0.000401076715207,0.000270232500043,0.000149196464918,0.000117111187137,0.0000962207195698,0.0000798997061793,0.0000304069835693,0.0000395404313167,0.0000166676491062,0.00000326784561366,0.000202888782951,0.000417783274315],"dmean2":[0.0011299031321,0.00868088472635,0.00517736189067,0.00223490758799,0.00248634023592,0.00362634449266,0.00160714820959,0.00109840719961,0.0011061404366,0.000792025704868,0.000557269959245,0.000532423728146,0.000522693502717,0.000367759115761,0.000608721456956,0.00066835351754,0.000439355586423,0.000238896260271,0.00018146992079,0.000145766010974,0.00011793297017,0.0000422213925049,0.000057280267356,0.0000253111356869,0.00000495302128911,0.000291978998575,0.000601540436037],"dvar":[0.00000156965586484,0.000157544491231,0.0000546514675079,0.00000415596468883,0.00000548370871911,0.0000347215209331,0.00000435817719335,0.00000229920169659,0.00000223285337597,0.00000133625758281,6.20550508756e-7,3.3317019188e-7,3.12734186991e-7,2.2944927025e-7,3.28934959271e-7,5.60627029245e-7,2.49130494012e-7,7.57480407287e-8,5.58768640246e-8,4.31036752957e-8,3.4425728046e-8,5.34534994046e-9,3.68570631792e-8,5.74535308218e-9,6.20836437815e-11,5.71816883621e-7,4.00645234322e-7],"dvar2":[0.00000420189689976,0.000417740957346,0.00014707367518,0.000010949780517,0.0000144769956023,0.0000902094398043,0.0000106653851617,0.00000547156741959,0.00000519704281032,0.00000339237772096,0.0000015523626189,8.76463673194e-7,8.18213834464e-7,5.80122900828e-7,8.64160597303e-7,0.00000140231941259,6.30561942216e-7,1.91639017544e-7,1.31951978233e-7,9.54209369297e-8,7.32690210725e-8,9.62698276652e-9,8.46332000037e-8,1.34787851991e-8,1.2444571762e-10,0.00000129767465751,7.58688599944e-7],"max":[0.0236627198756,0.186513662338,0.118854403496,0.0341704674065,0.0554570108652,0.163016110659,0.0712051019073,0.0371104888618,0.0632352307439,0.0374269671738,0.022708311677,0.0228594765067,0.0154174873605,0.0125729599968,0.0185728054494,0.0301027558744,0.0189841277897,0.00524613726884,0.0060474970378,0.00801498536021,0.00687270797789,0.00240987888537,0.0070961616002,0.00350421131589,0.000307858601445,0.0145702911541,0.0318731367588],"mean":[0.000824303890113,0.0064993603155,0.00388333946466,0.00196737330407,0.00253716413863,0.00377872376703,0.00169715296943,0.00102432956919,0.00112659740262,0.000791535596363,0.000546528433915,0.000561002234463,0.000566064030863,0.000427822349593,0.000728120910935,0.000784456497058,0.00053199660033,0.000305683061015,0.000255391612882,0.00021377086523,0.000173556560185,0.0000629303394817,0.000053285213653,0.0000200717258849,0.00000424043173552,0.000280880223727,0.00157308625057],"median":[0.000368469685782,0.00276416260749,0.00130556104705,0.000991276698187,0.00155365082901,0.00151670933701,0.000853626348544,0.000394204689655,0.000506199314259,0.000326620764099,0.000258037005551,0.000352540460881,0.00035337836016,0.000199687259737,0.000499596237205,0.000545012939256,0.000238048582105,0.000145367055666,0.000103482052509,0.0000950070825638,0.0000729070306988,0.0000224899686145,0.00000866099799168,0.00000344107616002,0.00000114209069579,0.0000341791601386,0.00128908955958],"min":[2.52975520427e-26,2.0702131956e-24,4.4389646871e-25,2.50741410877e-25,3.76441150199e-24,5.16885409814e-24,4.43538779455e-24,1.9142626916e-24,1.27101316381e-23,1.4340759194e-23,6.67040586616e-24,1.3182559135e-23,2.44295155104e-23,2.90887062992e-23,2.81115632285e-23,4.02483586493e-23,6.38280043298e-23,7.80620022443e-23,1.18687013577e-22,1.36805482496e-22,2.22847450196e-22,2.68633416762e-22,3.37557544581e-22,5.7297989199e-22,6.43887102529e-22,1.18221567972e-21,1.92192830387e-21],"var":[0.00000177473725671,0.000152606531628,0.0000688307118253,0.00000799401095719,0.0000108510066639,0.0000629481219221,0.00000782357619755,0.00000422948096457,0.00000426926817454,0.0000023678933303,0.00000111203723918,5.21296385614e-7,5.4531750493e-7,4.79212985738e-7,6.92699529736e-7,9.91076603896e-7,6.84023177655e-7,2.06905212963e-7,1.8193726703e-7,1.28073352812e-7,9.15753659569e-8,1.52184043145e-8,4.2032972658e-8,6.42119157845e-9,1.24811536106e-10,7.6858606235e-7,0.00000203530180443]},"barkbands_crest":{"dmean":2.52506113052,"dmean2":4.14412975311,"dvar":6.30679702759,"dvar2":16.0461826324,"max":25.0390796661,"mean":8.640209198,"median":7.69352054596,"min":2.11387753487,"var":14.7305498123},"barkbands_flatness_db":{"dmean":0.0185639690608,"dmean2":0.029468882829,"dvar":0.000306318397634,"dvar2":0.000774997111876,"max":0.339554518461,"mean":0.113117314875,"median":0.103409722447,"min":0.0266064312309,"var":0.00208454928361},"barkbands_kurtosis":{"dmean":2.7559940815,"dmean2":4.50815105438,"dvar":25.2509765625,"dvar2":67.3807067871,"max":129.436569214,"mean":5.59537744522,"median":2.31878614426,"min":-1.90718281269,"var":122.213851929},"barkbands_skewness":{"dmean":0.481425404549,"dmean2":0.766918778419,"dvar":0.265795826912,"dvar2":0.677209675312,"max":9.70840358734,"mean":1.78991770744,"median":1.60483121872,"min":-2.80597138405,"var":1.73038423061},"barkbands_spread":{"dmean":8.70530128479,"dmean2":13.7190008163,"dvar":84.1271362305,"dvar2":196.317779541,"max":137.168121338,"mean":40.4762496948,"median":38.9822120667,"min":1.55470860004,"var":417.033752441},"dissonance":{"dmean":0.0150620630011,"dmean2":0.0256763268262,"dvar":0.000220385903958,"dvar2":0.0006232309388,"max":0.500000119209,"mean":0.473514050245,"median":0.479090511799,"min":0.30342438817,"var":0.000483031210024},"dynamic_complexity":3.81393623352,"erbbands":{"dmean":[0.146344348788,1.21719753742,3.29200530052,4.0313129425,4.55625677109,5.54051733017,9.49134540558,21.3752822876,17.0413837433,10.8807268143,17.1507110596,15.5620422363,16.6364402771,12.7696180344,11.8593454361,13.4964170456,14.7013206482,9.92179107666,14.3119955063,21.5405464172,19.1348342896,14.4520721436,8.34226799011,6.68128967285,4.91736316681,4.64141178131,4.32694530487,2.15339303017,1.1330871582,0.954276740551,1.2360727787,0.572853922844,0.174601823092,0.0426572561264,0.0290855448693,0.181321233511,0.47978118062,0.188231095672,0.0546434037387,0.00764553528279],"dmean2":[0.247788652778,2.0544397831,5.61475229263,6.75260066986,7.72158050537,9.30737018585,15.4608058929,34.2268333435,27.0381450653,17.5971698761,27.7506580353,25.2962913513,27.175201416,20.7658538818,19.3081436157,22.3402576447,24.4508285522,16.2628040314,23.5608692169,35.6720962524,31.4940509796,23.3610553741,13.2344055176,10.3976621628,7.45766735077,7.01428222656,6.47668457031,3.11523151398,1.57511484623,1.30221545696,1.83370733261,0.888785898685,0.25951397419,0.0637121796608,0.0429005771875,0.256836861372,0.714520037174,0.253657966852,0.0742913857102,0.0115936659276],"dvar":[0.116549812257,8.72479057312,58.8750267029,49.7893753052,46.9858398438,96.9391174316,410.98135376,3918.84594727,1508.57373047,750.31427002,1536.94763184,1434.3659668,2011.5,853.952941895,547.616760254,613.247131348,731.456726074,561.976318359,701.643066406,900.349853516,1938.97851562,769.787414551,221.375518799,194.727172852,97.4900588989,100.857719421,110.558563232,24.1447105408,7.87529993057,8.66047859192,43.1321983337,8.45764160156,0.482436001301,0.0132119450718,0.00611572898924,0.411946296692,3.47543621063,0.321437716484,0.0166861973703,0.0000979922915576],"dvar2":[0.320132166147,23.0197486877,156.920776367,131.699661255,126.659683228,251.717849731,1034.8737793,10156.7832031,3706.80078125,1686.75061035,3655.2565918,3309.49975586,5108.51513672,2128.33911133,1379.98791504,1579.92199707,1912.92956543,1422.0970459,1841.55822754,2367.63964844,4809.79638672,1964.2322998,559.166687012,470.977935791,215.990081787,227.132553101,248.080230713,48.6205749512,14.4032707214,16.6881427765,102.61932373,20.662519455,1.03923153877,0.0249798763543,0.0117756305262,0.821729838848,8.23409748077,0.633184731007,0.0310956686735,0.000216312560951],"max":[5.65286016464,43.6708641052,118.603408813,110.361946106,124.599121094,258.804229736,929.75567627,1671.06005859,1269.51098633,1030.77612305,979.939147949,1951.6394043,1307.98449707,899.113952637,682.139343262,982.35546875,683.924743652,746.511047363,1131.68676758,644.609680176,1977.72119141,1197.66210938,255.765426636,353.95401001,259.063995361,326.499816895,381.557861328,195.226760864,110.604545593,75.8867263794,269.721740723,100.512779236,34.9258613586,6.89027166367,2.4098482132,14.3884468079,35.518447876,14.7496757507,7.38115406036,0.284734934568],"mean":[0.184023812413,1.48368310928,4.22606277466,6.29557275772,7.15941762924,8.76195907593,15.4713258743,34.0426177979,30.352766037,17.9031734467,27.2440280914,26.4206981659,27.2276535034,21.7195529938,21.667427063,25.2890548706,27.7180347443,19.8823947906,30.6645469666,45.8474464417,39.7411193848,30.1286468506,18.3104095459,14.6115446091,11.1206331253,10.3148880005,9.39600658417,4.72712039948,2.3714902401,1.72850143909,1.52663636208,0.658776938915,0.222866728902,0.0565840639174,0.0396864637733,0.24984690547,0.630427896976,0.368760675192,0.153595089912,0.0336016863585],"median":[0.0792900472879,0.563987851143,1.53216791153,3.1416656971,4.31697750092,5.06722450256,7.10658216476,12.8736076355,14.3814029694,8.75291442871,11.31483078,11.6590709686,10.4830780029,10.0351066589,12.2155323029,16.753780365,17.8875808716,11.5111560822,18.8706436157,35.4007911682,25.6643371582,13.8945999146,8.99098587036,6.28660964966,4.61222314835,4.72134399414,3.73719882965,2.10832262039,0.891198039055,0.443002462387,0.220250338316,0.100795254111,0.0428920798004,0.0152685716748,0.00908451899886,0.0199276134372,0.0707247406244,0.105676695704,0.0799030214548,0.0294797811657],"min":[9.18671879925e-23,4.63970018153e-22,1.18710626393e-21,3.25403119066e-21,9.02959000054e-21,1.22830092876e-20,2.6194769513e-20,3.767298134e-20,6.139531608e-20,9.1912807074e-20,1.9189959486e-19,3.6976599308e-19,3.58741536671e-19,3.92469541805e-19,7.2551840921e-19,1.1711586038e-18,1.26529827156e-18,1.64619074861e-18,2.27711738416e-18,2.41195878415e-18,2.86514333121e-18,4.57720722828e-18,3.90942886926e-18,5.98019984576e-18,5.76048495864e-18,7.56815335693e-18,8.67172561782e-18,8.62809184051e-18,1.04870851415e-17,9.67722899965e-18,9.53762903639e-18,1.02580528919e-17,8.90627681642e-18,6.58990847142e-18,4.71949056545e-18,3.91084748401e-18,2.11756003426e-18,8.45401281797e-19,2.47935911482e-19,2.66697488992e-20],"var":[0.108831867576,8.5248298645,72.8268737793,83.9920043945,81.5078201294,169.898269653,806.193725586,6753.71142578,2894.47851562,1301.50793457,2816.94799805,2688.96020508,3455.16992188,1555.0904541,1135.84155273,976.872131348,1282.4107666,958.061157227,1712.94250488,1905.41687012,3267.30078125,2104.77050781,673.666503906,586.796081543,336.330749512,292.699035645,290.458770752,65.2503051758,21.756231308,17.7942638397,43.6401863098,8.13828277588,0.674588084221,0.0258212406188,0.0138048203662,0.856106817722,4.29845809937,0.670885980129,0.0550543442369,0.000638542056549]},"erbbands_crest":{"dmean":2.06576347351,"dmean2":3.43245244026,"dvar":3.96809339523,"dvar2":10.4772310257,"max":30.4455299377,"mean":7.52819013596,"median":6.67468070984,"min":2.20941472054,"var":11.0866498947},"erbbands_flatness_db":{"dmean":0.0155352372676,"dmean2":0.023281192407,"dvar":0.000197794521227,"dvar2":0.000406737497542,"max":0.303947269917,"mean":0.129110977054,"median":0.12787091732,"min":0.0335241630673,"var":0.0015183306532},"erbbands_kurtosis":{"dmean":0.677919685841,"dmean2":1.11421215534,"dvar":1.68325257301,"dvar2":4.5705332756,"max":38.2443885803,"mean":0.281147390604,"median":-0.414254903793,"min":-1.79407501221,"var":7.96762371063},"erbbands_skewness":{"dmean":0.296736359596,"dmean2":0.47390037775,"dvar":0.0714949965477,"dvar2":0.181055158377,"max":5.61542606354,"mean":0.112425997853,"median":-0.0432051606476,"min":-3.20362949371,"var":0.721277713776},"erbbands_spread":{"dmean":6.17973899841,"dmean2":9.70188522339,"dvar":46.1143951416,"dvar2":109.608818054,"max":160.068405151,"mean":36.2954063416,"median":33.8877334595,"min":4.63102626801,"var":246.161102295},"gfcc":{"cov":[[39931.2382812,2543.31274414,-3766.56567383,-361.227020264,1124.28198242,-1441.81274414,850.446716309,-458.065887451,332.937957764,-114.674186707,-404.08215332,123.255256653,-236.696243286],[2543.31274414,1136.96166992,-343.595855713,-305.646087646,216.871353149,-163.279373169,14.3904981613,-131.069046021,90.157333374,-75.0373535156,50.547000885,-106.653083801,133.901428223],[-3766.56567383,-343.595855713,843.432006836,269.270477295,-223.705657959,282.721984863,-171.93661499,123.38104248,-71.1993331909,33.8544883728,-17.4784603119,-4.59787893295,-52.6075057983],[-361.227020264,-305.646087646,269.270477295,397.702941895,27.7378749847,46.3314628601,80.3748245239,68.202835083,-1.46595072746,4.31256151199,-36.1279335022,41.362701416,-76.3739776611],[1124.28198242,216.871353149,-223.705657959,27.7378749847,346.371398926,-59.331577301,178.966400146,7.6956486702,58.7525863647,-26.0957431793,-7.3585896492,-22.1755695343,25.6285648346],[-1441.81274414,-163.279373169,282.721984863,46.3314628601,-59.331577301,290.181732178,-71.9940185547,74.3865966797,-32.6412506104,12.8061542511,-18.7055644989,-18.8001747131,-14.2721967697],[850.446716309,14.3904981613,-171.93661499,80.3748245239,178.966400146,-71.9940185547,234.099395752,26.6072444916,62.019733429,-11.238278389,-21.2974529266,20.8594017029,-18.1266021729],[-458.065887451,-131.069046021,123.38104248,68.202835083,7.6956486702,74.3865966797,26.6072444916,166.789169312,21.4135360718,13.7207794189,-17.525188446,-10.0495252609,-16.1048755646],[332.937957764,90.157333374,-71.1993331909,-1.46595072746,58.7525863647,-32.6412506104,62.019733429,21.4135360718,105.400939941,17.4882793427,3.18966460228,4.47622489929,7.21664524078],[-114.674186707,-75.0373535156,33.8544883728,4.31256151199,-26.0957431793,12.8061542511,-11.238278389,13.7207794189,17.4882793427,68.2311706543,28.2025222778,23.5602436066,1.12411701679],[-404.08215332,50.547000885,-17.4784603119,-36.1279335022,-7.3585896492,-18.7055644989,-21.2974529266,-17.525188446,3.18966460228,28.2025222778,97.1494979858,25.9713134766,44.4521751404],[123.255256653,-106.653083801,-4.59787893295,41.362701416,-22.1755695343,-18.8001747131,20.8594017029,-10.0495252609,4.47622489929,23.5602436066,25.9713134766,80.6422805786,-0.558041751385],[-236.696243286,133.901428223,-52.6075057983,-76.3739776611,25.6285648346,-14.2721967697,-18.1266021729,-16.1048755646,7.21664524078,1.12411701679,44.4521751404,-0.558041751385,94.445602417]],"icov":[[0.000116173185233,-0.000497655360959,0.000768789032008,-0.000544347334653,0.000105113220343,-0.000052187617257,0.00031976075843,-0.00035229511559,0.000473430205602,-0.000760688271839,0.000831155455671,-0.000690639310051,0.000527233118191],[-0.000497655360959,0.00430996669456,-0.00377915520221,0.0035021356307,-0.00163356191479,0.000950292742345,-0.000970120890997,0.00278051430359,-0.00413515558466,0.00532511202618,-0.00454464368522,0.00493306526914,-0.00333517091349],[0.000768789032008,-0.00377915520221,0.00881612859666,-0.00661270366982,0.00227696704678,-0.00253859930672,0.00383412162773,-0.00362078705803,0.00387706141919,-0.00604720553383,0.0053525143303,-0.00383752281778,0.0031987328548],[-0.000544347334653,0.0035021356307,-0.00661270366982,0.00893913395703,-0.00251079769805,0.0016657600645,-0.00339814322069,0.00198456295766,-0.00292153307237,0.00538656301796,-0.00391983892769,0.00117565703113,-0.00015384569997],[0.000105113220343,-0.00163356191479,0.00227696704678,-0.00251079769805,0.00710545433685,-0.00133832579013,-0.00403855601326,-0.00073956057895,0.000930825131945,-0.00120537471958,0.000560240470804,0.00180042604916,-0.0015240390785],[-0.000052187617257,0.000950292742345,-0.00253859930672,0.0016657600645,-0.00133832579013,0.00610465463251,0.000614029413555,-0.000939687946811,0.0000666524356348,0.000258726649918,0.000395158829633,0.000906716450118,-0.000490604550578],[0.00031976075843,-0.000970120890997,0.00383412162773,-0.00339814322069,-0.00403855601326,0.000614029413555,0.0122043928131,-0.00273056700826,-0.00183449382894,-0.000546181981917,0.00339293433353,-0.00508425105363,0.0031496186275],[-0.00035229511559,0.00278051430359,-0.00362078705803,0.00198456295766,-0.00073956057895,-0.000939687946811,-0.00273056700826,0.0101623889059,-0.0043167527765,0.00198202184401,-0.00245872163214,0.00497699901462,-0.00247661536559],[0.000473430205602,-0.00413515558466,0.00387706141919,-0.00292153307237,0.000930825131945,0.0000666524356348,-0.00183449382894,-0.0043167527765,0.0170617997646,-0.00970776658505,0.00508854864165,-0.00400134455413,0.00190873094834],[-0.000760688271839,0.00532511202618,-0.00604720553383,0.00538656301796,-0.00120537471958,0.000258726649918,-0.000546181981917,0.00198202184401,-0.00970776658505,0.0279517080635,-0.0122559173033,0.00152283918578,-0.00168281374499],[0.000831155455671,-0.00454464368522,0.0053525143303,-0.00391983892769,0.000560240470804,0.000395158829633,0.00339293433353,-0.00245872163214,0.00508854864165,-0.0122559173033,0.0234649907798,-0.0101816719398,-0.00286975619383],[-0.000690639310051,0.00493306526914,-0.00383752281778,0.00117565703113,0.00180042604916,0.000906716450118,-0.00508425105363,0.00497699901462,-0.00400134455413,0.00152283918578,-0.0101816719398,0.024820772931,-0.00516386050731],[0.000527233118191,-0.00333517091349,0.0031987328548,-0.00015384569997,-0.0015240390785,-0.000490604550578,0.0031496186275,-0.00247661536559,0.00190873094834,-0.00168281374499,-0.00286975619383,-0.00516386050731,0.0200112164021]],"mean":[-17.4197216034,77.6215209961,-82.5226669312,-7.72658586502,-7.9710855484,-26.356924057,-6.08517980576,-19.5824508667,-0.956609368324,-3.93837118149,-11.4535274506,0.622608661652,-8.58884239197]},"hfc":{"dmean":26.3715572357,"dmean2":40.2795333862,"dvar":880.647216797,"dvar2":2065.99169922,"max":789.846252441,"mean":141.271621704,"median":135.895172119,"min":1.05480754841e-16,"var":6704.11474609},"melbands":{"dmean":[0.00136371771805,0.0016474626027,0.000668858294375,0.000351616123226,0.000299116509268,0.000464797922177,0.000245213974267,0.000115790455311,0.000146518694237,0.0000957435622695,0.0000830251519801,0.0000531606347067,0.000043303509301,0.0000345695589203,0.0000378747135983,0.0000278774659819,0.0000193297692022,0.0000238062202698,0.000029584256481,0.0000312614938593,0.0000224907162192,0.0000170900948433,0.0000111200415631,0.00000646298713036,0.00000591219577473,0.00000442648206445,0.00000328687815454,0.00000338742324857,0.00000319344030686,0.00000208336814467,0.00000112454597456,7.11014195076e-7,5.2991811117e-7,5.69328335587e-7,7.75682792664e-7,5.48510570297e-7,2.92077459108e-7,1.37987470339e-7,6.0329632845e-8,2.68689586136e-8],"dmean2":[0.00229274574667,0.00278245098889,0.00112297933083,0.000592613883782,0.000487551122205,0.000742959149648,0.000390204542782,0.000187018929864,0.000237139349338,0.000155406174599,0.000135703841806,0.0000864808025653,0.000070582216722,0.0000571218370169,0.000063143321313,0.0000462895222881,0.0000317270714731,0.0000393596092181,0.0000489249541715,0.0000520618887094,0.0000370846319129,0.0000278898623947,0.0000179944945558,0.0000103244710772,0.00000932063994696,0.00000695055905453,0.00000503669662066,0.00000526295343661,0.00000490765614813,0.00000312796191793,0.00000166981567418,0.00000102988099115,7.48313254917e-7,7.9656666685e-7,0.00000114930219297,8.60580769313e-7,4.56239604318e-7,2.07185806289e-7,8.88854927439e-8,4.11837639547e-8],"dvar":[0.0000110132496047,0.0000126555760289,0.0000012633206552,3.3653321907e-7,3.35384754635e-7,0.00000168252802268,3.02734747493e-7,7.77812516617e-8,1.07803359128e-7,5.38123003935e-8,4.93682179581e-8,1.49760595036e-8,8.98826080231e-9,3.73178421498e-9,4.69432537287e-9,2.4878406002e-9,2.40228992254e-9,2.15387196967e-9,1.96676763764e-9,2.1863044708e-9,2.82770096227e-9,1.06087127971e-9,4.57432841605e-10,1.53399834502e-10,1.60273211369e-10,8.13625833374e-11,4.82798939716e-11,5.89950449603e-11,6.57771059842e-11,2.36387315972e-11,6.77487232981e-12,2.94062408972e-12,2.01097949057e-12,3.90209219103e-12,1.63838664857e-11,9.401484799e-12,2.04070614573e-12,3.11146507864e-13,4.41723311303e-14,3.65685002692e-15],"dvar2":[0.0000295210538752,0.0000333264033543,0.0000033345384054,8.87236126346e-7,8.48741592563e-7,0.00000436572372564,7.42618226468e-7,1.75710880512e-7,2.55955910688e-7,1.23734295698e-7,1.25452402244e-7,3.72132902271e-8,2.25992380365e-8,9.77246816802e-9,1.22967973581e-8,6.419646148e-9,6.07093886273e-9,5.62676083504e-9,5.16332798739e-9,5.68807134727e-9,7.06734182288e-9,2.75655098747e-9,1.16385512339e-9,3.87445131533e-10,4.00906141618e-10,1.93723287412e-10,1.09127054615e-10,1.39820433009e-10,1.55664536816e-10,5.17346408768e-11,1.43153579268e-11,5.71671833136e-12,3.85072312578e-12,7.98524961432e-12,3.85195104979e-11,2.34497334745e-11,4.97634442334e-12,6.90236713272e-13,8.5700808158e-14,7.35344283972e-15],"max":[0.0533194839954,0.0469110123813,0.0168052203953,0.0136738689616,0.0243398863822,0.0365505814552,0.0170565135777,0.0101104108617,0.00840215664357,0.0117907766253,0.00669709406793,0.00349245266989,0.00257373531349,0.00203127553686,0.0026750958059,0.00123878044542,0.00155878555961,0.00168757047504,0.000990282045677,0.00158774130978,0.00221543642692,0.00109048967715,0.000738502363674,0.000234888284467,0.000316408055369,0.00024409503385,0.00017773147556,0.000270051474217,0.000314312870614,0.000161060204846,0.0000901876337593,0.00006466988998,0.000045633281843,0.0000547790441487,0.000157610411406,0.000109413209429,0.0000611212599324,0.000024262626539,0.0000149701627379,0.00000279509708889],"mean":[0.00178986263927,0.0021820415277,0.00111032358836,0.000576977268793,0.000507028424181,0.000771260762122,0.000436895323219,0.000186040895642,0.000230003584875,0.000159218296176,0.00013156318164,0.00008549055201,0.0000727173392079,0.0000628087145742,0.0000690939777996,0.0000507344557263,0.0000342035782523,0.0000463670585304,0.0000579104817007,0.0000611151626799,0.000042429419409,0.000032293239201,0.0000219502908294,0.000012900863112,0.0000117965519166,0.00000909396294446,0.00000673524027661,0.00000689041462465,0.00000639240988676,0.0000042047054194,0.00000223137544708,0.00000139429380397,0.00000100430952443,9.40051165799e-7,9.53845415097e-7,5.95334029185e-7,3.35324671141e-7,1.71647599245e-7,7.97740895564e-8,3.41508119561e-8],"median":[0.000795726897195,0.000872016709764,0.00063479563687,0.000342301675119,0.000262340297922,0.000306245929096,0.000212590835872,0.0000846807597554,0.0000981835910352,0.0000684372062096,0.0000493757906952,0.0000370883280993,0.0000369654408132,0.0000391659559682,0.0000479059926874,0.0000307326481561,0.0000173379612534,0.0000232201709878,0.000040835209802,0.0000458411232103,0.000023873471946,0.0000141273067129,0.0000097093579825,0.00000586279156778,0.00000480064591102,0.00000356167288373,0.00000279973983197,0.00000307352252094,0.00000232266211242,0.00000174745559889,9.59311591942e-7,5.15090277986e-7,2.90696618777e-7,2.08519736589e-7,1.29296097384e-7,7.89953773506e-8,5.20196010712e-8,3.13104173699e-8,1.7450584977e-8,1.03286144082e-8],"min":[7.3310071587e-25,6.39221732198e-25,1.05687600334e-24,1.08608604355e-24,9.33271261645e-25,9.96856014404e-25,1.07003045615e-24,6.97436462256e-25,9.67571131019e-25,2.0524271432e-24,1.46799668194e-24,1.33005202671e-24,1.41754468832e-24,1.33607428947e-24,2.28544324397e-24,2.63988535121e-24,2.22195414059e-24,2.83775217663e-24,2.0257545727e-24,2.92933873051e-24,2.94720524672e-24,3.38718176698e-24,2.97586811328e-24,3.39585134833e-24,3.73259634725e-24,3.43595624789e-24,4.10168898201e-24,4.19699679e-24,4.67586218074e-24,4.11483495457e-24,3.78184256698e-24,4.63113021754e-24,3.97679297363e-24,4.48396032706e-24,4.68669047996e-24,4.96833117806e-24,5.49574977422e-24,4.70609606379e-24,5.64521170006e-24,5.25540160577e-24],"var":[0.0000107296627903,0.0000150185542225,0.00000213952830563,6.13619533851e-7,6.71324983159e-7,0.00000297264386973,5.80301843911e-7,1.40593286346e-7,1.97767647592e-7,1.00082566235e-7,8.42290930336e-8,2.69008122444e-8,1.66633338239e-8,6.42819575347e-9,7.04635105819e-9,4.57902826767e-9,3.84849974111e-9,5.26645393961e-9,3.97073485203e-9,4.02479738426e-9,4.6425570055e-9,2.57426191475e-9,1.19137144594e-9,4.12357675783e-10,4.23599849642e-10,2.39635145061e-10,1.37555453139e-10,1.44144071679e-10,1.51597068232e-10,5.77312850303e-11,1.6033669184e-11,7.5308544123e-12,4.96717684345e-12,6.74474018303e-12,1.71312963815e-11,8.21940172174e-12,2.05134954162e-12,4.16488566725e-13,8.00637835652e-14,6.83194286531e-15]},"melbands_crest":{"dmean":3.41605401039,"dmean2":5.66489267349,"dvar":9.02715206146,"dvar2":23.9566040039,"max":32.0638046265,"mean":13.0856056213,"median":12.4680519104,"min":1.49270629883,"var":24.5102272034},"melbands_flatness_db":{"dmean":0.0257255584002,"dmean2":0.040314335376,"dvar":0.000551605771761,"dvar2":0.00136608327739,"max":0.474964171648,"mean":0.215991616249,"median":0.212458580732,"min":0.00354467425495,"var":0.00460385996848},"melbands_kurtosis":{"dmean":6.15410470963,"dmean2":10.2348461151,"dvar":185.77835083,"dvar2":517.06829834,"max":466.356719971,"mean":12.1910495758,"median":5.73201131821,"min":-1.75908732414,"var":546.004455566},"melbands_skewness":{"dmean":0.656162917614,"dmean2":1.05480158329,"dvar":0.581442832947,"dvar2":1.47566604614,"max":16.9405670166,"mean":2.5016002655,"median":2.19886851311,"min":-0.438441485167,"var":2.32979536057},"melbands_spread":{"dmean":6.05861473083,"dmean2":9.62978363037,"dvar":44.5960006714,"dvar2":113.099723816,"max":254.027282715,"mean":24.6361808777,"median":19.9917488098,"min":1.01623952389,"var":597.658691406},"mfcc":{"cov":[[17414.6328125,2192.81567383,-2713.53393555,1158.17993164,-341.662078857,253.097457886,-13.9980163574,385.888122559,381.081604004,250.065124512,-93.4766921997,268.854217529,58.5866584778],[2192.81567383,1555.33825684,-442.306732178,-36.8180618286,61.9911804199,8.06787586212,-31.8258094788,-95.172088623,70.0059509277,-28.6409702301,-45.8175163269,13.823102951,36.1646614075],[-2713.53393555,-442.306732178,983.088500977,-115.614082336,133.058761597,10.6180448532,-17.9231872559,-17.7152385712,-81.2503814697,6.5557975769,29.3580341339,-47.0738334656,-23.6666679382],[1158.17993164,-36.8180618286,-115.614082336,444.047576904,-20.2200832367,47.1262245178,23.1617851257,98.5050430298,44.1450309753,32.2055168152,4.66932296753,45.4814224243,6.07590484619],[-341.662078857,61.9911804199,133.058761597,-20.2200832367,168.254653931,25.3691368103,44.4202651978,7.76866054535,26.8689041138,14.5553178787,6.35248947144,-5.68239450455,4.91628742218],[253.097457886,8.06787586212,10.6180448532,47.1262245178,25.3691368103,157.847915649,22.1876659393,36.9552230835,6.197660923,21.8314399719,-9.35801696777,-0.593646466732,7.34903430939],[-13.9980163574,-31.8258094788,-17.9231872559,23.1617851257,44.4202651978,22.1876659393,114.038909912,37.3155403137,28.6246643066,5.53922510147,6.16434383392,-0.365058541298,2.34547781944],[385.888122559,-95.172088623,-17.7152385712,98.5050430298,7.76866054535,36.9552230835,37.3155403137,136.313568115,55.913192749,52.3577156067,15.2477846146,12.6205825806,-6.82214736938],[381.081604004,70.0059509277,-81.2503814697,44.1450309753,26.8689041138,6.197660923,28.6246643066,55.913192749,125.802680969,41.8226280212,20.8939857483,13.7838420868,-4.04106330872],[250.065124512,-28.6409702301,6.5557975769,32.2055168152,14.5553178787,21.8314399719,5.53922510147,52.3577156067,41.8226280212,84.0536270142,28.161611557,8.98765087128,-3.7208635807],[-93.4766921997,-45.8175163269,29.3580341339,4.66932296753,6.35248947144,-9.35801696777,6.16434383392,15.2477846146,20.8939857483,28.161611557,56.8942756653,12.7623100281,-1.04499089718],[268.854217529,13.823102951,-47.0738334656,45.4814224243,-5.68239450455,-0.593646466732,-0.365058541298,12.6205825806,13.7838420868,8.98765087128,12.7623100281,56.3706626892,19.1183872223],[58.5866584778,36.1646614075,-23.6666679382,6.07590484619,4.91628742218,7.34903430939,2.34547781944,-6.82214736938,-4.04106330872,-3.7208635807,-1.04499089718,19.1183872223,61.565952301]],"icov":[[0.000163305245223,-0.000163552729646,0.000326975306962,-0.000247917691013,0.000101212106529,-0.000119126518257,0.000118869822472,-0.000234811101109,0.000084844934463,-0.000409156666137,0.000238923166762,-0.000257526815403,0.000131287393742],[-0.000163552729646,0.00108320871368,0.000150961452164,0.000283163710264,-0.000883135537151,-0.0000479011905554,0.000415894319303,0.0010252018692,-0.000701906799804,0.000459530419903,0.000236888663494,0.000267177354544,-0.000373814749764],[0.000326975306962,0.000150961452164,0.00233229645528,-0.000300487648929,-0.00160401547328,-0.000358642661013,0.00114069669507,-0.000568125047721,0.00121546967421,-0.000791500962805,-0.000490231555887,0.0003289146116,0.000512358557899],[-0.000247917691013,0.000283163710264,-0.000300487648929,0.00335556315258,0.000091851594334,-0.000345473876223,-0.000148409468238,-0.00154939398635,-0.000177601905307,0.000860693282448,0.0000664605540805,-0.00161396048497,0.000033465676097],[0.000101212106529,-0.000883135537151,-0.00160401547328,0.000091851594334,0.00923720840365,-0.000835974467918,-0.00364932022057,0.000771855760831,-0.00199047615752,-0.00141213682946,0.000743831216823,-0.000147894636029,-0.000773941108491],[-0.000119126518257,-0.0000479011905554,-0.000358642661013,-0.000345473876223,-0.000835974467918,0.00763390958309,-0.000990189844742,-0.00134523329325,0.00102160230745,-0.00178753875662,0.00210285349749,0.000807358243037,-0.00117410509847],[0.000118869822472,0.000415894319303,0.00114069669507,-0.000148409468238,-0.00364932022057,-0.000990189844742,0.0119998138398,-0.00316340313293,-0.00110665289685,0.0027136746794,-0.00146796950139,0.00118627771735,-0.000604289758485],[-0.000234811101109,0.0010252018692,-0.000568125047721,-0.00154939398635,0.000771855760831,-0.00134523329325,-0.00316340313293,0.0145326862112,-0.00387404044159,-0.00532240234315,0.00115350005217,-0.000349654175807,0.000937781762332],[0.000084844934463,-0.000701906799804,0.00121546967421,-0.000177601905307,-0.00199047615752,0.00102160230745,-0.00110665289685,-0.00387404044159,0.0129625247791,-0.00347148138098,-0.00229038461111,-0.000965570216067,0.0013682100689],[-0.000409156666137,0.000459530419903,-0.000791500962805,0.000860693282448,-0.00141213682946,-0.00178753875662,0.0027136746794,-0.00532240234315,-0.00347148138098,0.0213083513081,-0.00844097230583,0.000893005402759,0.00000256942848864],[0.000238923166762,0.000236888663494,-0.000490231555887,0.0000664605540805,0.000743831216823,0.00210285349749,-0.00146796950139,0.00115350005217,-0.00229038461111,-0.00844097230583,0.024869877845,-0.00585871236399,0.000892791838851],[-0.000257526815403,0.000267177354544,0.0003289146116,-0.00161396048497,-0.000147894636029,0.000807358243037,0.00118627771735,-0.000349654175807,-0.000965570216067,0.000893005402759,-0.00585871236399,0.024529742077,-0.00752085726708],[0.000131287393742,-0.000373814749764,0.000512358557899,0.000033465676097,-0.000773941108491,-0.00117410509847,-0.000604289758485,0.000937781762332,0.0013682100689,0.00000256942848864,0.000892791838851,-0.00752085726708,0.0193005446345]],"mean":[-675.233093262,150.574432373,-19.37566185,32.543182373,2.29318475723,12.7258090973,-7.13037443161,0.318117886782,1.07811999321,3.39531898499,-6.67909431458,4.08652973175,1.92343497276]},"pitch_salience":{"dmean":0.066319771111,"dmean2":0.109967902303,"dvar":0.00393955316395,"dvar2":0.010572148487,"max":0.94346010685,"mean":0.605030477047,"median":0.614934384823,"min":0.135375857353,"var":0.00911692716181},"silence_rate_20dB":{"dmean":0,"dmean2":0,"dvar":0,"dvar2":0,"max":1,"mean":1,"median":1,"min":1,"var":0},"silence_rate_30dB":{"dmean":0.0172344464809,"dmean2":0.0344708710909,"dvar":0.0169362556189,"dvar2":0.0447646416724,"max":1,"mean":0.986443042755,"median":1,"min":0,"var":0.0133726252243},"silence_rate_60dB":{"dmean":0.000229792611208,"dmean2":0.00045961161959,"dvar":0.000229689539992,"dvar2":0.00057410215959,"max":1,"mean":0.1044921875,"median":0,"min":0,"var":0.0935775339603},"spectral_centroid":{"dmean":204.56602478,"dmean2":314.85144043,"dvar":47665.5703125,"dvar2":103404.710938,"max":11840.8876953,"mean":1407.85998535,"median":1144.1550293,"min":187.247848511,"var":2176750},"spectral_complexity":{"dmean":3.25191020966,"dmean2":5.00769853592,"dvar":10.8370485306,"dvar2":22.3746986389,"max":60,"mean":23.2062835693,"median":24,"min":0,"var":132.470214844},"spectral_contrast_coeffs":{"dmean":[0.0516606122255,0.0484288297594,0.035551417619,0.0282847937196,0.0199614055455,0.0279792491347],"dmean2":[0.0873647853732,0.0803040117025,0.0596389919519,0.0475205481052,0.0326543413103,0.0429691970348],"dvar":[0.00168519932777,0.00155059283134,0.000827928015497,0.000500537804328,0.000280495529296,0.000644251762424],"dvar2":[0.00471654487774,0.00421645352617,0.0022722131107,0.00139702251181,0.000727949140128,0.00152172730304],"max":[-0.365485608578,-0.418731451035,-0.558803796768,-0.592544436455,-0.616032063961,-0.491884350777],"mean":[-0.674139797688,-0.750129044056,-0.805732548237,-0.794303297997,-0.813421845436,-0.735177099705],"median":[-0.675507545471,-0.754261434078,-0.806101918221,-0.788803577423,-0.809702575207,-0.724595189095],"min":[-0.982146143913,-0.980510234833,-0.978414356709,-0.983284294605,-0.969393670559,-0.966703176498],"var":[0.00729012489319,0.00601388281211,0.0032889326103,0.00278159487061,0.00247379112989,0.00608298135921]},"spectral_contrast_valleys":{"dmean":[0.395202130079,0.330926597118,0.281451463699,0.234905973077,0.223609790206,0.415644317865],"dmean2":[0.662152707577,0.554361224174,0.467443585396,0.38539981842,0.334557652473,0.623344123363],"dvar":[0.106038853526,0.0733349397779,0.0625502541661,0.0493348650634,0.0613942407072,0.144076988101],"dvar2":[0.281672269106,0.192933365703,0.155637547374,0.119539797306,0.126368477941,0.329966872931],"max":[-5.02582263947,-4.65767526627,-5.19227981567,-5.65796756744,-5.67982006073,-7.96142244339],"mean":[-7.47697401047,-6.90850687027,-7.53727436066,-7.73165607452,-7.98725605011,-11.3408145905],"median":[-6.79214954376,-6.23088932037,-6.84179878235,-6.97348928452,-7.25796222687,-11.016002655],"min":[-28.2708911896,-28.3864536285,-27.9713802338,-27.6490650177,-27.5647659302,-27.4014091492],"var":[9.40380191803,9.73511123657,9.36634540558,9.44032382965,9.15922546387,5.77012062073]},"spectral_decrease":{"dmean":2.70355315912e-9,"dmean2":4.38567671068e-9,"dvar":2.02778413715e-17,"dvar2":5.19502776606e-17,"max":1.2450324105e-9,"mean":-5.98544458441e-9,"median":-4.4629153706e-9,"min":-5.52358905281e-8,"var":3.67784716635e-17},"spectral_energy":{"dmean":0.0107839545235,"dmean2":0.017296642065,"dvar":0.000305208523059,"dvar2":0.000772685569245,"max":0.238787844777,"mean":0.0354042351246,"median":0.0312961116433,"min":9.6624510238e-21,"var":0.000684531696606},"spectral_energyband_high":{"dmean":0.000674473354593,"dmean2":0.00092642736854,"dvar":0.00000199596911443,"dvar2":0.00000394246399082,"max":0.0407121777534,"mean":0.00189048273023,"median":0.00115612358786,"min":6.87264708306e-21,"var":0.00000578471326662},"spectral_energyband_low":{"dmean":0.00785875041038,"dmean2":0.0130785051733,"dvar":0.000255616672803,"dvar2":0.000669547007419,"max":0.205349028111,"mean":0.0122195072472,"median":0.0065716067329,"min":1.26001139408e-23,"var":0.000306321133394},"spectral_energyband_middle_high":{"dmean":0.00142460281495,"dmean2":0.00217656278983,"dvar":0.00000422348193752,"dvar2":0.00000981783978204,"max":0.0439853966236,"mean":0.00537051679567,"median":0.00407380564138,"min":1.11117053843e-21,"var":0.0000236322666751},"spectral_energyband_middle_low":{"dmean":0.00454495800659,"dmean2":0.00731453066692,"dvar":0.0000518699089298,"dvar2":0.000133372261189,"max":0.184146076441,"mean":0.0124962599948,"median":0.00965973641723,"min":1.21231525447e-22,"var":0.0001402622147},"spectral_entropy":{"dmean":0.131671264768,"dmean2":0.195966243744,"dvar":0.0181618388742,"dvar2":0.0410658419132,"max":9.82266712189,"mean":7.60044240952,"median":7.60853385925,"min":5.55792236328,"var":0.262345463037},"spectral_flux":{"dmean":0.0207526627928,"dmean2":0.0337274000049,"dvar":0.000784468953498,"dvar2":0.00178992014844,"max":0.381286740303,"mean":0.0973395481706,"median":0.0960373729467,"min":6.25646270902e-11,"var":0.00281164888293},"spectral_kurtosis":{"dmean":3.18376064301,"dmean2":4.68316173553,"dvar":16.1790866852,"dvar2":37.3916511536,"max":85.6632843018,"mean":17.6358642578,"median":17.1016788483,"min":-1.27495670319,"var":81.5348129272},"spectral_rms":{"dmean":0.000767687626649,"dmean2":0.00120690325275,"dvar":0.00000100888439647,"dvar2":0.00000242989631261,"max":0.0152631504461,"mean":0.00537655968219,"median":0.0055256485939,"min":3.07030637893e-12,"var":0.00000563342109672},"spectral_rolloff":{"dmean":3430.47729492,"dmean2":6331.09912109,"dvar":36769844,"dvar2":88121192,"max":21942.3339844,"mean":14074.9492188,"median":19638.28125,"min":86.1328125,"var":77509504},"spectral_skewness":{"dmean":0.261349290609,"dmean2":0.373567461967,"dvar":0.0875489935279,"dvar2":0.191390931606,"max":7.21269178391,"mean":2.88431048393,"median":2.8505654335,"min":-0.0965575799346,"var":0.764572679996},"spectral_spread":{"dmean":465720.9375,"dmean2":683078.75,"dvar":409198100480,"dvar2":825556795392,"max":43251196,"mean":5312830,"median":4177527.5,"min":1602470.75,"var":27223425810400},"spectral_strongpeak":{"dmean":2.0829975605,"dmean2":3.86409449577,"dvar":66.7605438232,"dvar2":180.765869141,"max":108.593284607,"mean":2.24935364723,"median":0.36678352952,"min":0,"var":72.8825073242},"zerocrossingrate":{"dmean":0.0308333598077,"dmean2":0.0394432544708,"dvar":0.000709334679414,"dvar2":0.00111758941785,"max":0.70751953125,"mean":0.291756123304,"median":0.28369140625,"min":0.046875,"var":0.00930780917406}},"metadata":{"audio_properties":{"analysis_sample_rate":44100,"bit_rate":320000,"codec":"mp3","downmix":"mix","equal_loudness":0,"length":404.167633057,"lossless":false,"md5_encoded":"35268fbcadecff4a83c04c848aa8171e","replay_gain":0.722337722778,"sample_rate":44100},"tags":{"album":["Technical Ecstasy"],"artist":["Black Sabbath"],"date":["1976-09-25"],"file_name":"02 - Black Sabbath - You Won't Change Me.mp3","musicbrainz_albumid":["d6d7f596-4146-4632-9618-fd2a2015710e"],"musicbrainz_artistid":["5182c1d9-c7d2-4dad-afa0-ccfeada921a8"],"musicbrainz_recordingid":["771713de-16d5-4167-9f40-d802a1114a1a"],"title":["You Won't Change Me"],"tracknumber":["02/8"]},"version":{"essentia":"2.1-beta1","essentia_build_sha":"ca57ba49d9b1854bd80e60cf9ccf267278fb7d6b","essentia_git_sha":"v2.1_beta1-28-g21ef5f4-dirty","extractor":"music 1.0"}},"rhythm":{"beats_count":877,"beats_loudness":{"dmean":0.0198716428131,"dmean2":0.035163898021,"dvar":0.000402594683692,"dvar2":0.00120347063057,"max":0.162641301751,"mean":0.0432215817273,"median":0.0415115244687,"min":0,"var":0.000736349378712},"beats_loudness_band_ratio":{"dmean":[0.191763162613,0.108140029013,0.080742366612,0.0467093288898,0.0400792807341,0.104403264821],"dmean2":[0.330067187548,0.184743255377,0.138595014811,0.080698788166,0.0694210231304,0.175000667572],"dvar":[0.0241859555244,0.0107462862507,0.00682945270091,0.0026290032547,0.00143548974302,0.00823286361992],"dvar2":[0.0702458098531,0.029756905511,0.0202247276902,0.00713177165017,0.00416013924405,0.0210649240762],"max":[0.909208536148,0.822428047657,0.647518277168,0.497256845236,0.327205091715,0.896246314049],"mean":[0.378460794687,0.169723004103,0.11502802372,0.0682277232409,0.0688259974122,0.231812521815],"median":[0.366670459509,0.12854757905,0.0838067159057,0.053398616612,0.0609846785665,0.211486965418],"min":[0,0,0,0,0,0],"var":[0.0487114787102,0.0210167244077,0.0104593038559,0.00350216263905,0.00229849177413,0.0182741377503]},"beats_position":[0.568888902664,1.14938771725,1.72988653183,2.31038546562,2.902494192