{"lowlevel":{"average_loudness":0.926391780376,"barkbands":{"dmean":[0.00461906380951,0.0142855951563,0.00354753993452,0.00214682356454,0.001924998709,0.00145688431803,0.000651183945592,0.00057200685842,0.000441801676061,0.000411670451285,0.00036681588972,0.000515176856425,0.000954573915806,0.000684890896082,0.000756874971557,0.000350952177541,0.000199483838514,0.000196881883312,0.000138628151035,0.0000858449857333,0.0000638501296635,0.0000461930139863,0.0000265911003225,0.00000543172518519,0.00000302665080198,0.0000234524068219,0.000742180272937],"dmean2":[0.00742350425571,0.0235631819814,0.00577972596511,0.00361982127652,0.00321356789209,0.00234446581453,0.00106316956226,0.000939565652516,0.000707964529283,0.000681467761751,0.000609521346632,0.000867929600645,0.00160810432862,0.00115600437857,0.00126243638806,0.000591661315411,0.000335409160471,0.000324500229908,0.000226130272495,0.000137276991154,0.0000969175525825,0.00006657531776,0.0000366625099559,0.00000843275120133,0.00000490872480441,0.0000313800737786,0.00115208502393],"dvar":[0.00019868981326,0.000613148848061,0.0000258704421867,0.00000898301095731,0.00000817421550892,0.0000149850720845,0.00000317049557452,0.00000369158146896,0.00000116854039334,7.97322684321e-7,8.24104404273e-7,0.0000011195057823,0.00000124306552607,7.05097875198e-7,0.00000108712481506,3.5825681266e-7,1.19400041854e-7,1.06347130213e-7,9.53551264615e-8,3.35192211764e-8,2.52094860542e-8,1.64502083067e-8,7.16724457561e-9,1.4872145182e-10,2.33646348796e-11,5.28646104669e-9,9.92952664092e-7],"dvar2":[0.00046859527356,0.00160621770192,0.0000632023875369,0.0000230699788517,0.0000198968464247,0.0000356377240678,0.00000781624657975,0.00000916207409318,0.00000286107183456,0.0000020411296191,0.00000196649466488,0.00000301096793009,0.00000340971041624,0.00000195607958631,0.00000295882068713,9.68018866843e-7,3.27298465663e-7,2.7962431659e-7,2.51081047509e-7,8.48334238412e-8,5.80389745153e-8,3.47451845073e-8,1.40634410783e-8,3.33263722174e-10,5.55556295412e-11,9.52164480594e-9,0.00000226866222874],"max":[0.212156042457,0.233376160264,0.0726815387607,0.0635357573628,0.0661817342043,0.128814712167,0.0581171289086,0.0528653636575,0.0306532960385,0.0302082076669,0.0335200503469,0.0415300168097,0.0206416603178,0.0146755510941,0.0194804370403,0.0166284218431,0.00542073929682,0.0067399921827,0.0069585298188,0.00385421817191,0.00516138831154,0.0059040915221,0.00243712239899,0.000364190695109,0.000114340655273,0.00154365901835,0.0236537326127],"mean":[0.00492581212893,0.0182941071689,0.00518635893241,0.0031104744412,0.00335264531896,0.00233697751537,0.00098680506926,0.000801032350864,0.000733356748242,0.000660975580104,0.000581924221478,0.000896591751371,0.00180800759699,0.00131506670732,0.00144195184112,0.000642001745291,0.000402365782065,0.000424925150583,0.000274638470728,0.000189284415683,0.000141188604175,0.0000945663850871,0.0000470660925203,0.00000736782385502,0.00000337917390425,0.0000403493104386,0.00261110719293],"median":[0.00101251190063,0.00975364167243,0.00318298721686,0.00174241000786,0.00206806743518,0.000745536817703,0.000322916253936,0.000234038321651,0.000309371243929,0.000409596599638,0.00034607652924,0.000630574824754,0.00155096850358,0.001093576313,0.00106454442721,0.000389069929952,0.000206597906072,0.000247856398346,0.0000635261458228,0.000046920908062,0.0000317437079502,0.0000205783617275,0.00000972196085058,0.00000273695150099,0.00000152953737143,0.00000956104031502,0.00183264166117],"min":[2.09530947409e-25,5.25892426415e-24,1.52579030819e-24,6.11132909857e-25,1.34228343338e-23,1.03152919248e-23,1.04509547013e-23,1.22203318463e-23,2.21382390344e-23,1.17149362745e-23,1.92485216318e-23,3.27914584606e-23,4.53350757611e-23,5.51987874162e-23,8.9448660364e-23,4.13336955708e-23,7.81872607343e-23,9.7563338019e-23,1.38401821423e-22,2.19293284719e-22,2.85966975391e-22,4.0360491756e-22,4.2862087069e-22,5.5433697572e-22,9.4871507321e-22,1.43107839942e-21,1.94380032444e-21],"var":[0.000219724301132,0.000663647835609,0.0000407527477364,0.0000180281786015,0.0000194951517187,0.0000317617850669,0.00000577800710744,0.00000572412727706,0.00000247691809818,0.00000136525932248,0.00000144742580233,0.00000204780008062,0.00000219256298806,0.00000125222959468,0.00000213642192648,6.33355341506e-7,2.90241047196e-7,2.83226654574e-7,2.49290167176e-7,1.11358282595e-7,6.7453605368e-8,3.62643213236e-8,1.42690108618e-8,2.36333397297e-10,2.75692975393e-11,1.11619131715e-8,0.00000768470181356]},"barkbands_crest":{"dmean":3.13331818581,"dmean2":5.11036682129,"dvar":7.86969661713,"dvar2":19.4271697998,"max":26.2087879181,"mean":9.94850921631,"median":8.92071533203,"min":2.61960077286,"var":19.1953449249},"barkbands_flatness_db":{"dmean":0.0262674465775,"dmean2":0.0416546016932,"dvar":0.000637751480099,"dvar2":0.00159714266192,"max":0.483484774828,"mean":0.136499449611,"median":0.129971340299,"min":0.035051330924,"var":0.00248779449612},"barkbands_kurtosis":{"dmean":4.90412569046,"dmean2":7.84547710419,"dvar":144.300537109,"dvar2":327.815704346,"max":389.078063965,"mean":6.30803775787,"median":2.61821675301,"min":-1.8408973217,"var":231.389450073},"barkbands_skewness":{"dmean":0.700259208679,"dmean2":1.09223413467,"dvar":0.727609813213,"dvar2":1.69829809666,"max":14.5215377808,"mean":1.90762293339,"median":1.70825827122,"min":-2.14766287804,"var":1.84910404682},"barkbands_spread":{"dmean":10.3363199234,"dmean2":16.2731399536,"dvar":90.2208862305,"dvar2":211.970611572,"max":132.277359009,"mean":42.1551971436,"median":39.6899871826,"min":0.219489708543,"var":480.6484375},"dissonance":{"dmean":0.0120778838173,"dmean2":0.0206326693296,"dvar":0.000312039279379,"dvar2":0.000861597131006,"max":0.500000059605,"mean":0.478903859854,"median":0.486765503883,"min":0.0969174131751,"var":0.00112053123303},"dynamic_complexity":3.08660769463,"erbbands":{"dmean":[0.537856578827,2.88603401184,4.81212806702,5.54776954651,7.16262531281,5.87464427948,9.62049484253,12.389216423,8.12797451019,11.9133396149,11.2481079102,10.3272590637,10.9503288269,13.4274921417,14.4747467041,22.5263614655,37.6701698303,32.0314483643,41.1149368286,27.8059940338,15.5431833267,10.4953279495,11.2770462036,7.4433259964,6.10084247589,3.98865890503,2.87985420227,2.42897081375,1.71898412704,1.15038359165,0.708366036415,0.208968177438,0.0502097904682,0.0332624725997,0.0219324473292,0.0141569720581,0.0435323603451,0.0595654807985,0.0279418677092,0.0152343250811],"dmean2":[0.923350453377,4.6525053978,7.66752815247,9.17989253998,11.9291248322,9.92382144928,15.6054792404,20.1619873047,13.2267379761,19.652141571,18.3481483459,16.6030654907,18.0163631439,22.1620807648,23.9143600464,37.7237052917,63.1875991821,53.5553359985,68.7990570068,46.6304664612,26.0978393555,17.5307025909,18.554851532,12.0738019943,9.95710945129,6.36864900589,4.48263263702,3.63168072701,2.49947071075,1.60587704182,0.982980966568,0.297047376633,0.0810430273414,0.0540573298931,0.0354878976941,0.0224864296615,0.0574269369245,0.0765497609973,0.0368923507631,0.0233749840409],"dvar":[1.70519196987,20.7743988037,55.2724990845,55.5584526062,138.333374023,75.7265472412,819.996704102,1216.08105469,385.853485107,1812.85778809,1474.3894043,674.091247559,861.689941406,770.822814941,1110.87365723,2090.38378906,1940.54956055,1411.27978516,2465.71557617,2028.08630371,739.387023926,313.425231934,328.075378418,254.70350647,195.638580322,74.5175247192,42.6243095398,40.5711784363,22.8824119568,12.2537946701,5.17679309845,0.322047591209,0.00648287637159,0.00292388140224,0.00118777190801,0.000424018944614,0.0175763871521,0.0253314506263,0.0027129475493,0.000397409748985],"dvar2":[4.78206205368,49.5785331726,125.93019104,141.014602661,323.969085693,199.345596313,2008.11950684,2950.00561523,957.462646484,4687.00732422,3699.26367188,1602.47497559,2352.71020508,1923.65637207,2735.01538086,5564.46386719,5276.47607422,3829.08666992,6839.39160156,5488.51611328,1966.68859863,853.256591797,863.613952637,652.18927002,523.272644043,189.468963623,103.377861023,91.1168289185,49.7785186768,25.4089717865,9.96652889252,0.613225758076,0.015413233079,0.00696233054623,0.00282243825495,0.000998519011773,0.0309673584998,0.0453691221774,0.00504023162648,0.000866748858243],"max":[15.0770950317,61.9403419495,96.3415756226,160.600570679,369.930847168,234.332107544,744.738647461,1178.20507812,638.020324707,1307.10327148,1328.87609863,766.26940918,1229.40734863,1154.59924316,1106.25097656,1794.71618652,654.475646973,767.794128418,954.742797852,1190.30114746,618.484680176,321.826568604,367.989898682,348.154541016,325.386627197,188.269378662,184.532012939,219.258636475,228.104782104,174.339370728,53.8108062744,12.6047029495,1.93393409252,1.29142034054,0.807869195938,0.463113874197,2.64385342598,3.47144532204,1.41802358627,0.474745869637],"mean":[0.595129787922,3.73016667366,7.07159471512,8.86473464966,11.8229198456,9.23982906342,15.4798974991,18.9523792267,13.4883470535,17.2259979248,16.9508419037,17.2251491547,18.4768676758,22.8411693573,25.2375888824,42.124420166,75.8190155029,69.380821228,84.0792770386,56.0514602661,31.3679618835,23.1533470154,24.9646663666,15.5797138214,12.4982938766,8.86530780792,6.47130727768,5.22904920578,3.53404951096,2.17188644409,1.23697805405,0.331805109978,0.0601924322546,0.0371176972985,0.0249767806381,0.0184918548912,0.0760961920023,0.132302865386,0.098948918283,0.0688201263547],"median":[0.266108453274,1.93272423744,4.1077709198,5.5244717598,6.3522605896,6.09296703339,5.37812662125,6.08772706985,5.10938549042,4.81101036072,5.51963424683,7.05225324631,9.85540103912,15.4082374573,16.0766658783,31.4468364716,65.4500427246,61.0308074951,69.2196044922,38.7474746704,17.5938243866,12.8139791489,15.0054941177,5.02856063843,3.00876021385,2.20052456856,1.54084098339,1.11991834641,0.765156507492,0.477393895388,0.250846773386,0.0948710441589,0.0289401002228,0.0168050248176,0.0117585882545,0.00985375232995,0.0183839406818,0.0273460131139,0.0309358797967,0.0556070394814],"min":[1.26896581732e-22,4.26224096689e-22,2.2611632318e-21,2.76280687389e-21,1.52261704136e-20,4.7116485572e-20,3.68572164661e-20,1.06494140117e-19,2.10643714336e-19,2.18412025962e-19,4.0029208546e-19,6.09990642548e-19,7.75395332196e-19,6.60125180596e-19,1.51554108637e-18,1.62279177363e-18,2.2301788135e-18,1.9718418296e-18,4.58211613163e-18,4.75142470018e-18,3.59890898962e-18,5.47512170938e-18,4.82738345506e-18,7.04735796173e-18,7.32500775178e-18,8.43271260701e-18,8.10370979017e-18,1.18103292761e-17,1.17361692254e-17,1.33549302513e-17,1.07573606163e-17,1.14049338481e-17,9.28745322321e-18,8.64501678302e-18,7.08420637648e-18,4.96778082043e-18,2.6303582473e-18,1.07174338489e-18,2.58406725567e-19,2.68745908075e-20],"var":[1.34404969215,28.6014461517,88.8787612915,113.774787903,376.516937256,125.79750824,1912.56140137,2265.18603516,793.875793457,2827.76464844,2366.95800781,1445.83288574,1462.8326416,1274.60620117,2005.64367676,3848.44799805,3699.11206055,2839.50756836,5082.98681641,3865.84082031,1604.33544922,834.589172363,911.194824219,698.916381836,500.478912354,239.706466675,126.597816467,101.924858093,49.8669815063,23.7904911041,10.4220695496,0.650355815887,0.00811738241464,0.00340126594529,0.00142655870877,0.000604119617492,0.0383146442473,0.0685046166182,0.0253844577819,0.00359147135168]},"erbbands_crest":{"dmean":2.12975502014,"dmean2":3.58580636978,"dvar":3.75186228752,"dvar2":9.95336532593,"max":29.8367424011,"mean":7.96210336685,"median":7.31982660294,"min":2.21934199333,"var":10.3346443176},"erbbands_flatness_db":{"dmean":0.0197214372456,"dmean2":0.0300563424826,"dvar":0.000324450433254,"dvar2":0.000763019779697,"max":0.468478560448,"mean":0.150139644742,"median":0.14581809938,"min":0.0400569103658,"var":0.00187075848226},"erbbands_kurtosis":{"dmean":1.21549642086,"dmean2":2.00042772293,"dvar":8.10579204559,"dvar2":21.5030288696,"max":146.70690918,"mean":1.47094607353,"median":0.709102034569,"min":-1.67760205269,"var":23.3150482178},"erbbands_skewness":{"dmean":0.333718001842,"dmean2":0.530863046646,"dvar":0.0994943007827,"dvar2":0.23824031651,"max":7.8970489502,"mean":-0.55275374651,"median":-0.675632476807,"min":-2.688590765,"var":0.640602767467},"erbbands_spread":{"dmean":6.03084897995,"dmean2":9.49053096771,"dvar":31.6438026428,"dvar2":73.0419616699,"max":91.1638031006,"mean":27.4784870148,"median":26.1136875153,"min":0.82792031765,"var":120.549079895},"gfcc":{"cov":[[20651.0957031,791.971740723,-1031.17602539,411.29006958,729.007751465,-481.56463623,658.582458496,-610.41595459,354.510772705,-103.694351196,26.8484325409,98.5158004761,-218.666564941],[791.971740723,1109.42224121,51.2537994385,-383.511016846,99.7686233521,-31.6852855682,-134.348907471,21.3708724976,-5.51973295212,-51.180065155,91.1298294067,-98.5637969971,105.244026184],[-1031.17602539,51.2537994385,348.337921143,-2.01820898056,-165.626907349,120.62713623,-149.082382202,123.318077087,-56.7286911011,28.7250061035,5.19223833084,-0.663622319698,21.2939758301],[411.29006958,-383.511016846,-2.01820898056,327.228790283,46.0238990784,-25.8764801025,146.380783081,-58.5464477539,28.9008369446,12.4270210266,-40.7601280212,62.183681488,-62.4889640808],[729.007751465,99.7686233521,-165.626907349,46.0238990784,429.266479492,70.3490905762,117.513648987,-74.7024459839,7.30631923676,-75.8943481445,18.4373226166,-25.7321224213,15.8205385208],[-481.56463623,-31.6852855682,120.62713623,-25.8764801025,70.3490905762,257.110046387,-63.3996238708,94.1400375366,-52.2163009644,-16.3740291595,4.41236448288,-14.8753385544,25.0813655853],[658.582458496,-134.348907471,-149.082382202,146.380783081,117.513648987,-63.3996238708,243.271102905,-80.4144821167,84.5879821777,-8.92003726959,-29.0034790039,38.3321838379,-56.6836242676],[-610.41595459,21.3708724976,123.318077087,-58.5464477539,-74.7024459839,94.1400375366,-80.4144821167,169.720321655,-13.2754812241,43.9593276978,18.7188358307,-32.9963760376,39.538684845],[354.510772705,-5.51973295212,-56.7286911011,28.9008369446,7.30631923676,-52.2163009644,84.5879821777,-13.2754812241,103.245887756,30.9928417206,3.65681529045,21.6300430298,-37.8182678223],[-103.694351196,-51.180065155,28.7250061035,12.4270210266,-75.8943481445,-16.3740291595,-8.92003726959,43.9593276978,30.9928417206,82.1215896606,28.7200546265,11.9240236282,6.51960468292],[26.8484325409,91.1298294067,5.19223833084,-40.7601280212,18.4373226166,4.41236448288,-29.0034790039,18.7188358307,3.65681529045,28.7200546265,60.5637512207,11.4459352493,30.9863166809],[98.5158004761,-98.5637969971,-0.663622319698,62.183681488,-25.7321224213,-14.8753385544,38.3321838379,-32.9963760376,21.6300430298,11.9240236282,11.4459352493,74.9162368774,-7.16388750076],[-218.666564941,105.244026184,21.2939758301,-62.4889640808,15.8205385208,25.0813655853,-56.6836242676,39.538684845,-37.8182678223,6.51960468292,30.9863166809,-7.16388750076,83.3101577759]],"icov":[[0.0000769935650169,-0.000233685452258,0.000377658056095,-0.000363555183867,0.0000516014333698,-0.000115676040878,0.000135740745463,-0.0000034782253806,-0.00000193650248548,-0.000101492929389,0.0000653817041893,-0.000152364533278,0.000216751926928],[-0.000233685452258,0.00371628673747,-0.00398836284876,0.00416087638587,-0.000812097510789,0.00174821808469,-0.00159364670981,0.00180038716644,-0.00270864390768,0.00339501164854,-0.00416418816894,0.00396718923002,-0.00308383395895],[0.000377658056095,-0.00398836284876,0.0113945240155,-0.00721849454567,0.00334647437558,-0.00430928869173,0.00494296196848,-0.0040858341381,0.0022610547021,-0.0013069693232,0.00237295567058,-0.00415358552709,0.00355586968362],[-0.000363555183867,0.00416087638587,-0.00721849454567,0.0128854941577,-0.00455976417288,0.00405512284487,-0.00528606772423,0.00110702530947,0.00267170160078,-0.00357427820563,0.00302195223048,-0.00295035308227,0.000937458942644],[0.0000516014333698,-0.000812097510789,0.00334647437558,-0.00455976417288,0.00874578766525,-0.00535922730342,-0.00217842520215,0.00335367652588,-0.00346811627969,0.00781193934381,-0.0093312561512,0.00798562727869,-0.00426370091736],[-0.000115676040878,0.00174821808469,-0.00430928869173,0.00405512284487,-0.00535922730342,0.00993002392352,-0.0000879534491105,-0.00543727166951,0.003484378336,0.0000503067130921,0.00236162636429,-0.0043057417497,0.00250898464583],[0.000135740745463,-0.00159364670981,0.00494296196848,-0.00528606772423,-0.00217842520215,-0.0000879534491105,0.0136445658281,-0.00162787444424,-0.00563771510497,-0.00108091509901,0.00681675830856,-0.00534228747711,0.0021681105718],[-0.0000034782253806,0.00180038716644,-0.0040858341381,0.00110702530947,0.00335367652588,-0.00543727166951,-0.00162787444424,0.0177623685449,-0.00694369291887,-0.00206574378535,-0.00478686299175,0.0123419724405,-0.00909497961402],[-0.00000193650248548,-0.00270864390768,0.0022610547021,0.00267170160078,-0.00346811627969,0.003484378336,-0.00563771510497,-0.00694369291887,0.0275094471872,-0.0141686694697,0.00585626764223,-0.0116436993703,0.0143290869892],[-0.000101492929389,0.00339501164854,-0.0013069693232,-0.00357427820563,0.00781193934381,0.0000503067130921,-0.00108091509901,-0.00206574378535,-0.0141686694697,0.0361614562571,-0.0242216940969,0.011215813458,-0.00744407949969],[0.0000653817041893,-0.00416418816894,0.00237295567058,0.00302195223048,-0.0093312561512,0.00236162636429,0.00681675830856,-0.00478686299175,0.00585626764223,-0.0242216940969,0.0470137968659,-0.0213748626411,0.000292852200801],[-0.000152364533278,0.00396718923002,-0.00415358552709,-0.00295035308227,0.00798562727869,-0.0043057417497,-0.00534228747711,0.0123419724405,-0.0116436993703,0.011215813458,-0.0213748626411,0.0349820740521,-0.0114804496989],[0.000216751926928,-0.00308383395895,0.00355586968362,0.000937458942644,-0.00426370091736,0.00250898464583,0.0021681105718,-0.00909497961402,0.0143290869892,-0.00744407949969,0.000292852200801,-0.0114804496989,0.028099257499]],"mean":[2.13450264931,95.9714508057,-94.870010376,-2.43502616882,11.1169643402,-10.6293592453,-0.0849628895521,-27.2323913574,2.2021780014,-8.43594074249,-4.47048568726,-4.81807756424,-9.0428276062]},"hfc":{"dmean":109.812713623,"dmean2":171.166473389,"dvar":25048.9472656,"dvar2":57221.0195312,"max":3378.1628418,"mean":358.193878174,"median":314.140594482,"min":1.10618055988e-16,"var":71177.9453125},"melbands":{"dmean":[0.00440831994638,0.00294746970758,0.000942575279623,0.000449844548712,0.000304654648062,0.000269567448413,0.000126613886096,0.000129715364892,0.0000912124014576,0.0000641946098767,0.000056447363022,0.0000561880842724,0.0000490077400173,0.0000480718226754,0.0000789418554632,0.000101629528217,0.00005887567022,0.0000732821863494,0.0000572948811168,0.0000302071239275,0.0000171123920154,0.000012160244296,0.0000116077226266,0.0000094574124887,0.00000635542937744,0.00000550222557649,0.00000370800944438,0.00000269899578598,0.00000204373964152,0.00000169156851371,0.00000147146317886,0.00000107044297692,8.67406981797e-7,6.10568122283e-7,4.74877964507e-7,2.59911303147e-7,7.70455486077e-8,3.41357804245e-8,3.01638429789e-8,2.73044431509e-8],"dmean2":[0.00739363813773,0.00464554689825,0.0015610428527,0.000758560199756,0.000495647371281,0.000435672700405,0.000205734977499,0.000214391009649,0.000149043771671,0.000103602978925,0.0000931490503717,0.0000927848013816,0.0000808443583082,0.000080078971223,0.000132761852001,0.000171741936356,0.0000988295651041,0.000123776771943,0.0000958811360761,0.0000511140751769,0.0000288064002234,0.0000205367578019,0.0000193211708392,0.0000156194437295,0.0000104859118437,0.00000907351841306,0.0000060908978412,0.00000438771758127,0.00000324974644172,0.00000265039557235,0.00000224563223128,0.00000162251205893,0.00000129050397391,8.76739477462e-7,6.81736992192e-7,3.6132055925e-7,1.1886103124e-7,5.57701582693e-8,4.91282179382e-8,4.43583907384e-8],"dvar":[0.0000849310963531,0.0000208551482501,0.00000153654457336,4.19517874661e-7,6.50722711271e-7,5.35106551069e-7,9.50191250126e-8,2.07337109259e-7,9.44992777363e-8,2.52733567407e-8,2.23505178809e-8,1.29016894945e-8,1.57095811915e-8,8.75890382446e-9,1.53645061118e-8,1.55367985144e-8,4.97793006815e-9,8.05189870334e-9,8.16464762465e-9,2.717341685e-9,9.080556862e-10,4.59137367015e-10,3.27993104898e-10,2.74717720794e-10,1.95253729851e-10,1.58899018943e-10,7.25246945832e-11,3.38309449899e-11,1.87387171752e-11,1.97865300533e-11,1.46371005594e-11,8.25020173706e-12,6.78838972881e-12,3.77972219495e-12,2.52678216892e-12,6.36280253746e-13,3.42183726287e-14,3.24745253373e-15,2.4704495177e-15,1.95585370884e-15],"dvar2":[0.000230954799918,0.0000468889447802,0.00000388644230043,0.00000104684124835,0.00000158196507982,0.00000128652834519,2.34505350249e-7,5.339791187e-7,2.36063655734e-7,6.09680270713e-8,6.07990031654e-8,3.20471542636e-8,3.74100679323e-8,2.2937198807e-8,4.16086933797e-8,4.2290057678e-8,1.35413165125e-8,2.25448921753e-8,2.21620819474e-8,7.37456762323e-9,2.43616282702e-9,1.27091670521e-9,8.84877393581e-10,7.22687742982e-10,5.07479114287e-10,4.2677547607e-10,1.96373833861e-10,8.72379182781e-11,4.68646753349e-11,4.74666903005e-11,3.3676519906e-11,1.85421886179e-11,1.48981018494e-11,8.18018396076e-12,5.16755648688e-12,1.22879202473e-12,7.37747130096e-14,7.78248366223e-15,5.88781537834e-15,4.65416271264e-15],"max":[0.10113979131,0.0558627508581,0.0232894867659,0.016310557723,0.0201285723597,0.025478573516,0.00873200036585,0.0119828395545,0.00959991384298,0.00441417144611,0.00594876240939,0.00433524278924,0.00509141292423,0.00299236178398,0.00485429167747,0.00260217790492,0.00141022342723,0.00177254667506,0.00192241475452,0.00138554966543,0.000577279250138,0.000409760395996,0.000330823502736,0.000400363845984,0.000308115850203,0.00028197170468,0.000179395981831,0.00013289420167,0.0000903137697605,0.000144107892993,0.000130982691189,0.000125854770886,0.000115586248285,0.0000938714438234,0.000033148095099,0.0000207947086892,0.00000447277034255,0.00000137727147376,0.00000119481671845,0.00000105169044673],"mean":[0.00542864250019,0.0043254964985,0.00163326715119,0.000753585598432,0.000506062293425,0.000421126314905,0.000206901386264,0.000186387085705,0.000135668044095,0.000105781044113,0.0000913873445825,0.000092005917395,0.0000809816046967,0.0000859764040797,0.000142287375638,0.000183851851034,0.000117852097901,0.000137988521601,0.000103592938103,0.0000541192493984,0.0000319014143315,0.0000235470834014,0.0000240691897488,0.0000192799143406,0.0000117812824101,0.0000103105394373,0.00000714845509719,0.00000559235741093,0.00000425206872023,0.00000339440998687,0.00000290279422188,0.0000020902327833,0.00000155538987201,0.00000107567552732,7.9266544617e-7,4.2142539769e-7,1.05876672762e-7,3.66047636646e-8,3.2824221563e-8,3.01712290707e-8],"median":[0.00270688766614,0.0025102912914,0.00108031125274,0.000472544052172,0.000208671757719,0.000136069284054,0.0000759289832786,0.0000511643956997,0.0000458537651866,0.0000431280132034,0.000048491598136,0.000061702739913,0.0000488525547553,0.0000601731844654,0.000111604676931,0.000153137400048,0.000100151060906,0.000111962675874,0.0000709329469828,0.0000348259272869,0.0000160883701028,0.0000120675849757,0.0000149750912897,0.0000105473582153,0.00000313187547363,0.00000233681225836,0.00000168963322267,0.00000138478981171,0.00000101551142961,7.50132812755e-7,5.98942222041e-7,4.42850051741e-7,3.3707939906e-7,2.29095519444e-7,1.53017339244e-7,9.13436934979e-8,3.70610422351e-8,1.53879398113e-8,1.42121185931e-8,1.34257112094e-8],"min":[1.99253780935e-24,6.40480211861e-25,1.39122483726e-24,2.24716436018e-24,2.43958488991e-24,2.34454056146e-24,2.91737249944e-24,2.70727951328e-24,3.48798832991e-24,2.95339169115e-24,3.82983962547e-24,2.43422319955e-24,3.27916245159e-24,3.34892556296e-24,4.19888374529e-24,2.92195795066e-24,3.08372551498e-24,6.46031169671e-24,5.90562454564e-24,2.30943940663e-24,4.59757996324e-24,4.72294494944e-24,3.54258539316e-24,4.46555462442e-24,5.23310800216e-24,5.49048649426e-24,6.41762288326e-24,4.86299339809e-24,4.5198191828e-24,5.81484992684e-24,6.03469481151e-24,6.05740730026e-24,7.21782563614e-24,5.79971168607e-24,5.29090862955e-24,6.01360027647e-24,7.02512111649e-24,4.99552163574e-24,6.37390263417e-24,7.34259029919e-24],"var":[0.0000772250350565,0.0000333338502969,0.00000349389165422,9.86257987279e-7,0.00000152723077917,0.00000103837260212,1.94708448475e-7,3.21640072798e-7,1.52645398543e-7,5.32532418163e-8,3.7416189258e-8,2.11550972296e-8,2.82740995061e-8,1.66388023359e-8,2.78748029103e-8,2.50046561234e-8,9.36103372595e-9,1.45229384074e-8,1.46798777578e-8,4.31413571533e-9,1.92260940501e-9,1.03397312934e-9,7.72275077221e-10,6.9529493274e-10,4.6739823123e-10,3.67071067986e-10,1.77543937885e-10,9.75494823807e-11,5.52146557642e-11,4.32921164195e-11,3.32080959953e-11,1.74881029796e-11,1.21363162575e-11,6.63085428579e-12,4.62043164146e-12,1.25810429782e-12,5.53734880485e-14,3.65297569822e-15,2.82857081263e-15,2.27701916804e-15]},"melbands_crest":{"dmean":4.34423351288,"dmean2":7.07168245316,"dvar":14.7093734741,"dvar2":37.4215049744,"max":37.8188896179,"mean":16.1457538605,"median":15.4606132507,"min":1.1315779686,"var":33.1994247437},"melbands_flatness_db":{"dmean":0.0354079194367,"dmean2":0.0560468919575,"dvar":0.000984702375717,"dvar2":0.00249330070801,"max":0.597028911114,"mean":0.249623671174,"median":0.247534513474,"min":0.0000370566194761,"var":0.00463897082955},"melbands_kurtosis":{"dmean":8.38957309723,"dmean2":13.4959764481,"dvar":244.281021118,"dvar2":580.912963867,"max":346.989715576,"mean":11.0884552002,"median":5.6476559639,"min":-1.77990567684,"var":370.370330811},"melbands_skewness":{"dmean":0.944147229195,"dmean2":1.48328864574,"dvar":1.05548477173,"dvar2":2.58561468124,"max":13.5327911377,"mean":2.67075204849,"median":2.37639307976,"min":-1.22292280197,"var":2.66448402405},"melbands_spread":{"dmean":7.56352138519,"dmean2":12.0449209213,"dvar":55.6657295227,"dvar2":135.038970947,"max":191.24772644,"mean":23.4613742828,"median":19.5781021118,"min":0.487822443247,"var":337.881225586},"mfcc":{"cov":[[11440.1865234,1037.13293457,-1371.37719727,1071.65222168,-268.631835938,786.499572754,-134.718643188,281.840606689,-76.0250244141,186.753829956,49.6987190247,14.6789951324,115.871643066],[1037.13293457,1533.95556641,-118.992950439,-247.032455444,228.211868286,-82.8313598633,39.1489295959,-76.0897979736,9.36783885956,-74.1023712158,44.4504013062,13.7273960114,-55.857006073],[-1371.37719727,-118.992950439,639.42956543,-214.931808472,21.217294693,-203.529907227,-28.0215435028,-67.1530685425,-8.27685928345,-11.2178583145,-3.63532352448,14.236538887,-8.22227096558],[1071.65222168,-247.032455444,-214.931808472,451.89352417,-169.724563599,170.28868103,-52.7032470703,67.681098938,-23.7840194702,54.1819152832,-10.871465683,-12.3543739319,41.946182251],[-268.631835938,228.211868286,21.217294693,-169.724563599,315.769714355,2.50712823868,133.974884033,-1.55016613007,37.784526825,-53.7545394897,13.2547531128,7.02503871918,-41.9104690552],[786.499572754,-82.8313598633,-203.529907227,170.28868103,2.50712823868,257.914916992,27.7010879517,115.917373657,-11.4848594666,24.6931743622,-15.2765827179,-2.98841333389,6.12768030167],[-134.718643188,39.1489295959,-28.0215435028,-52.7032470703,133.974884033,27.7010879517,141.013809204,19.609916687,47.179069519,-23.4438781738,4.9717335701,-2.72178936005,-13.4539966583],[281.840606689,-76.0897979736,-67.1530685425,67.681098938,-1.55016613007,115.917373657,19.609916687,121.230903625,13.4948663712,31.0560359955,-6.0530257225,3.67751932144,-1.7327080965],[-76.0250244141,9.36783885956,-8.27685928345,-23.7840194702,37.784526825,-11.4848594666,47.179069519,13.4948663712,71.5523605347,19.0673427582,18.5758018494,3.63860082626,-2.11122727394],[186.753829956,-74.1023712158,-11.2178583145,54.1819152832,-53.7545394897,24.6931743622,-23.4438781738,31.0560359955,19.0673427582,76.0996322632,26.9024009705,15.0914325714,17.4444503784],[49.6987190247,44.4504013062,-3.63532352448,-10.871465683,13.2547531128,-15.2765827179,4.9717335701,-6.0530257225,18.5758018494,26.9024009705,53.6220092773,25.7703742981,5.02201032639],[14.6789951324,13.7273960114,14.236538887,-12.3543739319,7.02503871918,-2.98841333389,-2.72178936005,3.67751932144,3.63860082626,15.0914325714,25.7703742981,40.8032798767,15.7941074371],[115.871643066,-55.857006073,-8.22227096558,41.946182251,-41.9104690552,6.12768030167,-13.4539966583,-1.7327080965,-2.11122727394,17.4444503784,5.02201032639,15.7941074371,49.5481643677]],"icov":[[0.000176528832526,-0.000187421552255,0.000162322307006,-0.000273043609923,0.00000322076562043,-0.000274579942925,0.000117581534141,-7.30471583665e-7,0.0000841702203616,-0.000227933458518,-0.0000597526086494,0.0000483195071865,-0.000222948918235],[-0.000187421552255,0.00108213804197,0.00021688072593,0.000623421918135,-0.000563389097806,0.000406231702073,0.000469987950055,0.000196582783246,-0.0000955896466621,0.000800305919256,-0.000722469761968,-0.000104615028249,0.000594884564634],[0.000162322307006,0.00021688072593,0.00268892315216,0.000469116901513,-0.000465213670395,0.00181350903586,0.000330066075549,-0.000509343342856,0.00108937872574,-0.00125167833176,0.00126902060583,-0.00111391441897,0.0000815449166112],[-0.000273043609923,0.000623421918135,0.000469116901513,0.00500289723277,0.00166361499578,-0.00207353709266,0.000152115084347,0.000378314725822,0.000119350966997,-0.00020891999884,-0.000975141650997,0.00207179831341,-0.00158093392383],[0.00000322076562043,-0.000563389097806,-0.000465213670395,0.00166361499578,0.0080447550863,-0.00191794289276,-0.00571538414806,0.00067331379978,-0.000469836697448,0.0028616792988,-0.00158731744159,-0.00239782012068,0.00328296003863],[-0.000274579942925,0.000406231702073,0.00181350903586,-0.00207353709266,-0.00191794289276,0.012095676735,-0.0023277415894,-0.00811664853245,0.00510969385505,-0.00183091266081,0.00236022262834,-0.000771951978095,-0.00000848211948323],[0.000117581534141,0.000469987950055,0.000330066075549,0.000152115084347,-0.00571538414806,-0.0023277415894,0.0173269119114,-0.00123500323389,-0.00963313132524,0.00596363469958,-0.00228686910123,0.00305273523554,-0.00295538874343],[-7.30471583665e-7,0.000196582783246,-0.000509343342856,0.000378314725822,0.00067331379978,-0.00811664853245,-0.00123500323389,0.0183911565691,-0.00380128109828,-0.00618067104369,0.00611497787759,-0.00531437434256,0.00478793960065],[0.0000841702203616,-0.0000955896466621,0.00108937872574,0.000119350966997,-0.000469836697448,0.00510969385505,-0.00963313132524,-0.00380128109828,0.0256436578929,-0.00936164334416,-0.00367279187776,0.00343939941376,-0.000338314333931],[-0.000227933458518,0.000800305919256,-0.00125167833176,-0.00020891999884,0.0028616792988,-0.00183091266081,0.00596363469958,-0.00618067104369,-0.00936164334416,0.0298052914441,-0.015114932321,0.0015782173723,-0.00440896674991],[-0.0000597526086494,-0.000722469761968,0.00126902060583,-0.000975141650997,-0.00158731744159,0.00236022262834,-0.00228686910123,0.00611497787759,-0.00367279187776,-0.015114932321,0.0404039882123,-0.0229234471917,0.00669671827927],[0.0000483195071865,-0.000104615028249,-0.00111391441897,0.00207179831341,-0.00239782012068,-0.000771951978095,0.00305273523554,-0.00531437434256,0.00343939941376,0.0015782173723,-0.0229234471917,0.046503983438,-0.0163687691092],[-0.000222948918235,0.000594884564634,0.0000815449166112,-0.00158093392383,0.00328296003863,-0.00000848211948323,-0.00295538874343,0.00478793960065,-0.000338314333931,-0.00440896674991,0.00669671827927,-0.0163687691092,0.0309460517019]],"mean":[-658.787475586,162.968704224,-33.0835075378,29.9547271729,14.6124944687,32.067527771,1.13325881958,6.2549495697,-1.43215799332,4.0654964447,5.02854585648,0.370788872242,-2.4004714489]},"pitch_salience":{"dmean":0.0871485322714,"dmean2":0.140629246831,"dvar":0.00621892372146,"dvar2":0.0153948701918,"max":0.992828249931,"mean":0.552408456802,"median":0.574157774448,"min":0.0801561847329,"var":0.0142897740006},"silence_rate_20dB":{"dmean":0,"dmean2":0,"dvar":0,"dvar2":0,"max":1,"mean":1,"median":1,"min":1,"var":0},"silence_rate_30dB":{"dmean":0.107729032636,"dmean2":0.215474143624,"dvar":0.0961234942079,"dvar2":0.195606261492,"max":1,"mean":0.866840720177,"median":1,"min":0,"var":0.115427881479},"silence_rate_60dB":{"dmean":0.0028349745553,"dmean2":0.00567037239671,"dvar":0.00282693747431,"dvar2":0.00698120193556,"max":1,"mean":0.0646027624607,"median":0,"min":0,"var":0.0604292452335},"spectral_centroid":{"dmean":207.423492432,"dmean2":320.081878662,"dvar":47225.1992188,"dvar2":102389.101562,"max":11496.2451172,"mean":1264.54553223,"median":1121.36206055,"min":142.775817871,"var":542041.4375},"spectral_complexity":{"dmean":3.64353919029,"dmean2":5.58546590805,"dvar":12.5390052795,"dvar2":25.4919681549,"max":62,"mean":27.0099220276,"median":27,"min":0,"var":141.402435303},"spectral_contrast_coeffs":{"dmean":[0.0538559705019,0.0482680276036,0.034323412925,0.0277543477714,0.0218901466578,0.0431220792234],"dmean2":[0.0900985226035,0.0815102830529,0.0583416633308,0.0473534725606,0.0358473062515,0.0664202496409],"dvar":[0.00179699528962,0.00145035213791,0.00073303951649,0.000467430363642,0.000362381659215,0.00169190543238],"dvar2":[0.00498695159331,0.00407632673159,0.0020600175485,0.00135549285915,0.000913010560907,0.00382877630182],"max":[-0.353036701679,-0.45252892375,-0.590456485748,-0.639672875404,-0.672180116177,-0.380407780409],"mean":[-0.685546815395,-0.77667838335,-0.821691930294,-0.807294487953,-0.80250120163,-0.735354721546],"median":[-0.685774505138,-0.788058280945,-0.826850354671,-0.804474234581,-0.800630390644,-0.747748374939],"min":[-0.980395913124,-0.991916596889,-0.992239654064,-0.985020339489,-0.9849614501,-0.962367117405],"var":[0.00532015739009,0.00534116430208,0.00213915924542,0.00159724557307,0.00185102899559,0.00961137749255]},"spectral_contrast_valleys":{"dmean":[0.385013490915,0.353434711695,0.285127162933,0.244315385818,0.267913222313,0.600400567055],"dmean2":[0.645559310913,0.58899730444,0.471202909946,0.396121889353,0.411067396402,0.961045563221],"dvar":[0.10603813082,0.0879138037562,0.06568903476,0.062757872045,0.109456464648,0.284727662802],"dvar2":[0.26979392767,0.213658854365,0.145722955465,0.132951006293,0.222495898604,0.691284060478],"max":[-5.00809621811,-4.73786687851,-5.30317306519,-5.22521972656,-5.40226697922,-8.68447589874],"mean":[-6.72605371475,-6.76991844177,-6.96911096573,-6.76983976364,-7.6569480896,-11.1718006134],"median":[-6.37638521194,-6.51336812973,-6.63555526733,-6.3818192482,-7.43229722977,-10.9458808899],"min":[-28.0673046112,-28.1053962708,-28.0181179047,-27.4991016388,-27.4920501709,-27.369638443],"var":[2.85847020149,2.63804101944,2.56065750122,2.72344350815,2.74439191818,1.91744506359]},"spectral_decrease":{"dmean":6.00780580839e-9,"dmean2":9.48159595282e-9,"dvar":8.71374953623e-17,"dvar2":2.18400907414e-16,"max":3.56835201387e-8,"mean":-8.46040038027e-9,"median":-5.90903859177e-9,"min":-1.02916494882e-7,"var":1.15897003544e-16},"spectral_energy":{"dmean":0.0219732839614,"dmean2":0.0352222211659,"dvar":0.00115364987869,"dvar2":0.0029520241078,"max":0.402243882418,"mean":0.0644207522273,"median":0.0572055764496,"min":1.02192049684e-20,"var":0.00189069192857},"spectral_energyband_high":{"dmean":0.000459329836303,"dmean2":0.000618329853751,"dvar":6.20604282631e-7,"dvar2":0.00000114550562103,"max":0.017124613747,"mean":0.00163221522234,"median":0.000687744817697,"min":7.28880132612e-21,"var":0.00000516230466019},"spectral_energyband_low":{"dmean":0.0190258752555,"dmean2":0.0309201404452,"dvar":0.00109635572881,"dvar2":0.00285688508302,"max":0.344726622105,"mean":0.0288523361087,"median":0.0183840524405,"min":2.6589841076e-23,"var":0.00125614646822},"spectral_energyband_middle_high":{"dmean":0.00243988167495,"dmean2":0.00386611674912,"dvar":0.00000899021506484,"dvar2":0.0000226894408115,"max":0.0599719621241,"mean":0.00846587866545,"median":0.00750514492393,"min":1.25811818471e-21,"var":0.0000367858774553},"spectral_energyband_middle_low":{"dmean":0.00472927745432,"dmean2":0.00768105126917,"dvar":0.0000410447391914,"dvar2":0.000101306337456,"max":0.139266878366,"mean":0.0114977406338,"median":0.00840087328106,"min":1.98437354863e-22,"var":0.000124192607473},"spectral_entropy":{"dmean":0.135946512222,"dmean2":0.205719277263,"dvar":0.0234640389681,"dvar2":0.0546742603183,"max":9.82090473175,"mean":7.55913162231,"median":7.59697532654,"min":4.4214963913,"var":0.189220577478},"spectral_flux":{"dmean":0.0320509821177,"dmean2":0.0537345334888,"dvar":0.00182366569061,"dvar2":0.00442596664652,"max":0.527532696724,"mean":0.1381611377,"median":0.13405174017,"min":6.38998576274e-11,"var":0.00428736815229},"spectral_kurtosis":{"dmean":5.76878404617,"dmean2":8.79488372803,"dvar":64.1026763916,"dvar2":161.87651062,"max":200.353500366,"mean":24.9685325623,"median":22.3749389648,"min":-1.26426887512,"var":155.441253662},"spectral_rms":{"dmean":0.00119008566253,"dmean2":0.00187428563368,"dvar":0.00000213708472074,"dvar2":0.00000521698848388,"max":0.0198099222034,"mean":0.00740189664066,"median":0.00747063010931,"min":3.15752372165e-12,"var":0.00000806144089438},"spectral_rolloff":{"dmean":3399.70776367,"dmean2":6403.07470703,"dvar":45326628,"dvar2":101446128,"max":22050,"mean":17656.9785156,"median":21360.9375,"min":21.533203125,"var":60033976},"spectral_skewness":{"dmean":0.403936207294,"dmean2":0.605535149574,"dvar":0.241155698895,"dvar2":0.567081511021,"max":11.9353313446,"mean":3.44282960892,"median":3.31186413765,"min":-0.0754150673747,"var":0.961449921131},"spectral_spread":{"dmean":436038.90625,"dmean2":669743.875,"dvar":311297081344,"dvar2":653529513984,"max":42940408,"mean":3904484.25,"median":3725111.25,"min":714583.8125,"var":3900812820480},"spectral_strongpeak":{"dmean":12.2002878189,"dmean2":22.1096420288,"dvar":934.772888184,"dvar2":2309.90991211,"max":351.392089844,"mean":10.4539890289,"median":0.370405524969,"min":0,"var":1017.18493652},"zerocrossingrate":{"dmean":0.0505771450698,"dmean2":0.060870051384,"dvar":0.001972097205,"dvar2":0.00283821183257,"max":0.8349609375,"mean":0.335315853357,"median":0.337890625,"min":0.0205078125,"var":0.0118446936831}},"metadata":{"audio_properties":{"analysis_sample_rate":44100,"bit_rate":160000,"codec":"mp3","downmix":"mix","equal_loudness":0,"length":311.222869873,"lossless":false,"md5_encoded":"4f617ab43d42e363ec2be6daa6a13f0c","replay_gain":1.84179878235,"sample_rate":44100},"tags":{"acoustid_id":["36c9bd6e-3eb8-4b50-adcd-2d63795ad038"],"album":["Ride the Lightning"],"albumartist":["Metallica"],"artist":["Metallica"],"date":["1984"],"discnumber":["1/1"],"file_name":"03 - Metallica - For Whom the Bell Tolls.mp3","musicbrainz_albumartistid":["65f4f0c5-ef9e-490c-aee3-909e7ae6b2ab"],"musicbrainz_albumid":["51eb10e0-2b9e-3906-a8f1-db74b346cba5"],"musicbrainz_artistid":["65f4f0c5-ef9e-490c-aee3-909e7ae6b2ab"],"musicbrainz_recordingid":["771ab043-8821-44f9-b8e0-2733c3126c6d"],"musicbrainz_releasegroupid":["0da580f2-6768-498f-af9d-2becaddf15e0"],"replaygain_album_gain":["+0.29 dB"],"replaygain_album_peak":["0.617100"],"replaygain_track_gain":["+0.43 dB"],"replaygain_track_peak":["0.545314"],"title":["For Whom the Bell Tolls"],"tracknumber":["3/8"]},"version":{"essentia":"2.1-beta1","essentia_build_sha":"e76a03f03bb3900de42a1fa0d9be1e72f12def64","essentia_git_sha":"v2.1_beta1-28-g21ef5f4-dirty","extractor":"music 1.0"}},"rhythm":{"beats_count":649,"beats_loudness":{"dmean":0.0406091585755,"dmean2":0.072098582983,"dvar":0.00151754356921,"dvar2":0.00452552642673,"max":0.320002198219,"mean":0.0876141041517,"median":0.084878988564,"min":5.14757625414e-10,"var":0.00253175129183},"beats_loudness_band_ratio":{"dmean":[0.204520091414,0.0526194162667,0.0375006720424,0.0404557995498,0.0435151867568,0.109069779515],"dmean2":[0.359758675098,0.0910732746124,0.0635970905423,0.0720651224256,0.0797587484121,0.19475966692],"dvar":[0.0274567212909,0.0043846713379,0.00511384382844,0.00175617984496,0.00176110537723,0.00957187265158],"dvar2":[0.0837209671736,0.0103800781071,0.0139670968056,0.00532878004014,0.00531279481947,0.0290270950645],"max":[0.942677378654,0.876060009003,0.723290026188,0.385557204