{"lowlevel":{"average_loudness":0.00223795417696,"barkbands":{"dmean":[0.0000164549019246,0.000245883798925,0.0020221057348,0.0017478975933,0.00117607379798,0.000805887801107,0.000607146939728,0.00055431301007,0.0003499884333,0.000534648774192,0.000290130323265,0.000453793938505,0.00101054878905,0.000565835624002,0.000577647297177,0.000140354750329,0.000360060104867,0.0000561791785003,0.0000714472553227,0.0000205223495868,0.0000157730610226,0.00000624761969448,0.00000319381229019,0.00000165026472132,0.00000106714639969,6.1730526113e-7,1.95777474232e-7],"dmean2":[0.0000275829206657,0.000390041328501,0.00349905202165,0.0029924788978,0.00196046940982,0.0012153746793,0.000946875661612,0.000867763417773,0.000555849634111,0.000876853999216,0.000461832853034,0.00072816509055,0.00162522366736,0.000884434033651,0.000944572675508,0.000220171641558,0.000520630041137,0.0000870881121955,0.000110832806968,0.0000312837219099,0.0000232206966757,0.00000936024753173,0.00000470495615446,0.00000232270440392,0.00000149073935063,8.60320767515e-7,2.72132893997e-7],"dvar":[1.29470423271e-9,7.9656035723e-7,0.000161620642757,0.000188034711755,0.0000442282725999,0.000014575757632,0.00000491730042995,0.00000350922459802,0.00000164579091688,0.00000444846591563,0.00000122833353089,0.00000379946163775,0.000015809038814,0.00000636599452264,0.00000725339168639,9.09880100153e-7,0.0000241205689235,4.77938968402e-8,7.68411894114e-8,5.15078379948e-9,1.44728442564e-8,6.42499164982e-10,3.13397530149e-10,1.42139106041e-10,5.3151500562e-11,1.88175586224e-11,1.15832853292e-12],"dvar2":[3.2246048054e-9,0.00000192190941561,0.000505848438479,0.000525006384123,0.000116875984531,0.0000318723650707,0.000011015770724,0.00000842247663968,0.00000403007788918,0.0000114364038382,0.00000285607598016,0.00000892035313882,0.0000385234852729,0.000013990568732,0.0000177861766133,0.00000205133301279,0.0000433727400377,1.13430999704e-7,1.8788387024e-7,1.10450457669e-8,2.79231855416e-8,1.25868382383e-9,5.71697467144e-10,2.55842902419e-10,1.00567124073e-10,3.19856502395e-11,1.93556629058e-12],"max":[0.000990648870356,0.0385311916471,0.339802712202,0.410882174969,0.3665112257,0.189925596118,0.0953877568245,0.0509295910597,0.0487906113267,0.0768856778741,0.0636168420315,0.0744130834937,0.139441117644,0.0642719641328,0.079928688705,0.0472189038992,0.375586897135,0.01161602512,0.00766624510288,0.00220615998842,0.00784676708281,0.00118824001402,0.00124874035828,0.000827532319818,0.000558116706088,0.00032178699621,0.0000690621309332],"mean":[0.0000194133026525,0.000410128937801,0.00240738526918,0.0022129828576,0.00176323240157,0.00128664681688,0.000950865563937,0.000796713226009,0.000550942670088,0.000755983521231,0.000362762570148,0.000617916462943,0.00113803858403,0.000720272713806,0.000816199055407,0.000189479455003,0.000452283886261,0.000083992650616,0.000110965120257,0.0000315455436066,0.0000248882097367,0.0000101855093817,0.00000501362092109,0.00000277097365142,0.00000179156666036,0.00000101086664017,3.2319036336e-7],"median":[0.00000510799281983,0.0000271510161838,0.0000543056958122,0.0000287234706775,0.00015547577641,0.000164831682923,0.000138360992423,0.000107207386463,0.0000815211751615,0.0000794719016994,0.0000648840359645,0.000071325841418,0.000127849925775,0.0000526921648998,0.0000434140274592,0.0000241505877057,0.0000262524190475,0.0000136454855237,0.0000101308796729,0.00000401262786909,0.00000178569530362,7.54545965265e-7,3.04927084471e-7,1.99722080652e-7,2.04788037195e-7,8.3913064941e-8,2.18867288737e-8],"min":[2.7995646035e-24,1.0557872964e-23,3.34471896218e-24,3.44204112649e-24,2.11601303981e-23,1.61484797122e-23,1.41159275251e-23,6.92558106975e-24,2.38112347318e-23,1.51712782659e-23,4.22803759887e-23,4.39922230857e-23,7.49837092199e-23,4.59371754248e-23,6.11490326956e-23,4.9947965148e-23,7.07911470115e-23,1.26768685292e-22,1.69658535216e-22,2.28910546761e-22,2.80690846465e-22,3.99648193208e-22,4.75257469126e-22,5.95074611146e-22,1.04315734932e-21,1.50736268784e-21,2.2157070722e-21],"var":[2.05928252228e-9,0.00000237331005337,0.000175709981704,0.00026002220693,0.000081296202552,0.0000275056427199,0.0000110836044769,0.00000651211939839,0.00000363789399671,0.00000707425851942,0.00000154896281401,0.00000656209522276,0.0000180804909178,0.00000986406666925,0.000012556521142,0.00000107762650714,0.0000366163840226,7.67984786876e-8,1.42087742461e-7,9.77768710442e-9,2.53709178111e-8,1.27795563021e-9,6.13394834925e-10,2.32973418335e-10,8.79923703345e-11,3.33403200881e-11,2.25593393792e-12]},"barkbands_crest":{"dmean":3.37490391731,"dmean2":5.56150531769,"dvar":9.00998210907,"dvar2":21.438457489,"max":26.1686134338,"mean":10.6169252396,"median":9.6159029007,"min":3.01394891739,"var":19.8691749573},"barkbands_flatness_db":{"dmean":0.0270868577063,"dmean2":0.0413210839033,"dvar":0.000570138450712,"dvar2":0.00134349183645,"max":0.5294303298,"mean":0.187897413969,"median":0.181144148111,"min":0.0467091798782,"var":0.00316714355722},"barkbands_kurtosis":{"dmean":4.1064324379,"dmean2":6.91638612747,"dvar":675.526367188,"dvar2":1945.5880127,"max":1522.59680176,"mean":5.20621871948,"median":0.427406698465,"min":-1.81252872944,"var":1360.85766602},"barkbands_skewness":{"dmean":0.65888351202,"dmean2":1.03480625153,"dvar":0.558433413506,"dvar2":1.43127930164,"max":30.5388450623,"mean":0.703375637531,"median":0.526574969292,"min":-6.14956569672,"var":3.16411089897},"barkbands_spread":{"dmean":3.60846161842,"dmean2":5.73652172089,"dvar":12.9799289703,"dvar2":31.029384613,"max":111.091346741,"mean":13.0147533417,"median":12.2031974792,"min":0.161054208875,"var":46.0707969666},"dissonance":{"dmean":0.0312062930316,"dmean2":0.0528453700244,"dvar":0.000818097731099,"dvar2":0.00227886787616,"max":0.500000059605,"mean":0.444843828678,"median":0.452542185783,"min":0.198070287704,"var":0.00139421806671},"dynamic_complexity":7.02085781097,"erbbands":{"dmean":[0.00226644217037,0.0913281962276,1.51556396484,5.20929765701,3.68900346756,4.48755836487,5.37308692932,6.87643098831,8.95338726044,8.07071685791,11.7560710907,7.4907541275,10.8314704895,18.0408115387,13.3973875046,20.4054393768,50.7270507813,25.000629425,40.4250297546,12.9068088531,10.1222524643,15.8314065933,3.76539802551,2.88295006752,3.39907765388,1.14126849174,0.72426712513,0.47221082449,0.201767876744,0.12295217067,0.092962116003,0.0402901060879,0.0254667531699,0.0113784056157,0.00865870062262,0.00337701197714,0.0010031046113,0.000238944761804,0.0000350325099134,0.00000893991727935],"dmean2":[0.00368384947069,0.145157292485,2.55001378059,9.13394927979,6.37928247452,7.5722079277,7.80355262756,10.4854879379,14.0529603958,12.8737096786,18.3344573975,11.9126777649,17.3267421722,29.2630901337,21.4069480896,32.9012107849,81.4756546021,39.1187667847,63.6964569092,20.5916576385,15.1126327515,22.9870853424,5.83838319778,4.32774734497,5.28521776199,1.73215126991,1.05890512466,0.689954698086,0.29778650403,0.178880676627,0.137397423387,0.0566815510392,0.037495341152,0.0159503892064,0.0123524367809,0.00479773106053,0.00142162316479,0.000337353616487,0.0000477128269267,0.0000135890968522],"dvar":[0.0000553182035219,0.12348151207,75.1814117432,1754.19104004,408.960021973,880.168457031,1226.01330566,1198.80310059,1060.02502441,945.086975098,1716.04968262,658.808105469,1655.7421875,5012.42578125,1998.80432129,6724.74267578,43378.5742188,8348.20019531,33604.1054688,5574.18212891,6358.65478516,56611.4492188,251.206573486,97.9868774414,256.786712646,16.893075943,21.9664878845,11.2326459885,0.926780343056,0.317601650953,0.331587851048,0.0607816614211,0.0437603183091,0.00787710491568,0.0030070557259,0.000554378086235,0.0000470025006507,0.00000215454429053,3.43215340592e-8,1.25196975009e-9],"dvar2":[0.000147406841279,0.308303356171,225.995544434,5077.34082031,1210.32678223,2322.14208984,2408.22753906,2516.59350586,2451.13818359,2355.28930664,4087.2980957,1615.34069824,4259.91210938,12675.1142578,4663.24853516,16408.4921875,106394.421875,18986.34375,76857.84375,13158.8427734,12226.0478516,100713.117188,584.375488281,220.489425659,625.746154785,36.7900161743,41.1638069153,22.7134418488,1.68660759926,0.610149979591,0.645567238331,0.108234338462,0.0805190950632,0.0154763711616,0.00570233631879,0.000924422114622,0.0000840834327391,0.00000380482606488,5.51188179543e-8,2.93034596588e-9],"max":[0.358091264963,12.4047574997,239.914016724,1290.8614502,670.618469238,1776.31640625,2029.00476074,2365.63330078,1392.75683594,1889.56689453,1325.66748047,824.138549805,1205.4128418,2644.63623047,2215.42285156,3658.45166016,7249.84619141,3028.49267578,5663.453125,2897.95483398,5128.88818359,18946.7363281,805.136474609,311.757781982,526.510253906,108.834983826,388.479827881,211.103500366,53.4755859375,35.1562423706,36.1612739563,14.4624738693,14.4698381424,6.93961286545,4.11262369156,1.65674173832,0.522223711014,0.0971098318696,0.011185253039,0.00161335372832],"mean":[0.00468331295997,0.153590261936,2.04320025444,6.66475820541,5.0329785347,6.23478126526,8.77377128601,10.5332632065,14.0047445297,13.0321187973,17.5915336609,12.5103187561,16.3981456757,24.83552742,18.919052124,28.5066413879,57.6091995239,33.8692512512,58.1489753723,18.5331535339,14.9012413025,20.3379020691,5.95793294907,4.78853273392,5.19365310669,1.82583999634,1.19641363621,0.74183088541,0.350985229015,0.204691797495,0.145765408874,0.0669220387936,0.0413053706288,0.0191330090165,0.013453444466,0.00547553133219,0.00165212876163,0.000396312330849,0.0000636194381514,0.0000210436119232],"median":[0.000536944833584,0.00859995838255,0.0586926974356,0.105559557676,0.220758020878,0.493851542473,0.978726029396,1.4416000843,2.02977013588,2.19970202446,2.7155957222,2.05365729332,2.29296278954,3.3431417942,3.65131378174,5.18968009949,7.04020881653,4.78920459747,3.26595616341,2.08689498901,1.66025614738,1.34081161022,0.915068924427,0.655857086182,0.426311731339,0.229011997581,0.106877580285,0.0546779483557,0.0277514699847,0.0153844095767,0.00835282355547,0.00488450564444,0.00280871242285,0.00189227145165,0.00152704294305,0.000527432712261,0.000136293616379,0.0000311233161483,0.00000713810550224,0.00000463657033833],"min":[1.86669594885e-22,2.39937146044e-21,4.27374212975e-21,1.47595193791e-20,2.97389783283e-20,6.53057671894e-20,7.99356001581e-20,8.99129169974e-20,1.24684061507e-19,1.91911201238e-19,2.49401830624e-19,5.45520702594e-19,7.78746912941e-19,9.9016486833e-19,1.56719717146e-18,1.78382843266e-18,2.89666077371e-18,3.4869380996e-18,2.079428042e-18,3.44318148596e-18,3.98152138196e-18,4.71558420501e-18,9.21879640519e-18,7.49195513327e-18,8.83717249368e-18,1.22719382441e-17,9.15817978272e-18,1.14373642912e-17,1.25345895953e-17,1.54812162139e-17,1.32731014092e-17,1.05212675531e-17,1.13185017459e-17,9.17580286567e-18,6.97237321202e-18,4.97824300081e-18,2.83157406721e-18,1.03595365793e-18,2.88422654304e-19,2.79881827071e-20],"var":[0.000266617833404,0.334760457277,103.304023743,2246.84594727,636.356567383,1297.17944336,2807.99169922,1978.34741211,2196.49023438,1928.76940918,3285.30102539,1544.70959473,2751.74365234,7140.859375,3012.85253906,11269.0693359,48600.0546875,12809.796875,72918.9375,6805.63769531,10916.8994141,83641.2734375,400.542175293,200.988510132,429.29385376,31.0023193359,43.4950828552,17.3913574219,1.8504229784,0.608379602432,0.620251536369,0.114086702466,0.0652981847525,0.011993072927,0.00484461802989,0.000990079948679,0.0000822219953989,0.00000389909564547,7.45066088825e-8,4.17366408101e-9]},"erbbands_crest":{"dmean":4.40221309662,"dmean2":7.23674964905,"dvar":16.1096935272,"dvar2":37.7308120728,"max":34.3697357178,"mean":13.2861738205,"median":11.6972770691,"min":1.83200025558,"var":41.2749557495},"erbbands_flatness_db":{"dmean":0.0261315479875,"dmean2":0.0401059910655,"dvar":0.0005848800065,"dvar2":0.00135071016848,"max":0.465979427099,"mean":0.247939497232,"median":0.243899911642,"min":0.021596763283,"var":0.00281434506178},"erbbands_kurtosis":{"dmean":2.14730834961,"dmean2":3.51393151283,"dvar":17.4593887329,"dvar2":42.3943939209,"max":86.9718170166,"mean":1.5962665081,"median":0.21336299181,"min":-1.68306231499,"var":21.034948349},"erbbands_skewness":{"dmean":0.522916018963,"dmean2":0.823928117752,"dvar":0.233482047915,"dvar2":0.561627030373,"max":4.44329166412,"mean":-0.0456358902156,"median":0.00746414856985,"min":-5.75986146927,"var":0.809369087219},"erbbands_spread":{"dmean":5.36021995544,"dmean2":8.50876617432,"dvar":23.2837600708,"dvar2":57.1894836426,"max":151.877319336,"mean":19.4605884552,"median":17.8113803864,"min":0.616825282574,"var":131.517913818},"gfcc":{"cov":[[13489.8642578,-757.556762695,-1296.22912598,45.8039741516,-506.180175781,-63.8579521179,-360.893585205,-246.828384399,-234.966049194,-36.05809021,-194.521911621,-100.527641296,-192.77961731],[-757.556762695,1780.78564453,612.639160156,133.324111938,366.735321045,-111.556495667,144.192398071,-85.3619537354,17.1266117096,-277.361572266,-72.2158355713,-216.780563354,-11.8879699707],[-1296.22912598,612.639160156,1035.13598633,416.14263916,283.075134277,138.438873291,122.442840576,33.9263801575,-29.8538570404,-169.032669067,-137.665588379,-110.726593018,-70.8064346313],[45.8039741516,133.324111938,416.14263916,609.082824707,196.558547974,103.263793945,139.309738159,36.5619506836,3.57929110527,-151.757507324,-136.068969727,-89.4619445801,-57.2079811096],[-506.180175781,366.735321045,283.075134277,196.558547974,309.170501709,127.838920593,104.291175842,19.1371994019,9.31327152252,-61.6059913635,-50.1133613586,-74.8697967529,-22.3291683197],[-63.8579521179,-111.556495667,138.438873291,103.263793945,127.838920593,237.620605469,91.7780838013,64.3559646606,-14.2766828537,29.1210899353,-15.7266674042,1.56629097462,-33.7957000732],[-360.893585205,144.192398071,122.442840576,139.309738159,104.291175842,91.7780838013,163.532699585,69.4433822632,26.4105606079,-38.5177993774,-15.9242782593,-21.4842185974,-9.84717655182],[-246.828384399,-85.3619537354,33.9263801575,36.5619506836,19.1371994019,64.3559646606,69.4433822632,155.358337402,58.2409858704,37.1958007813,-13.1943569183,13.8505945206,6.13990688324],[-234.966049194,17.1266117096,-29.8538570404,3.57929110527,9.31327152252,-14.2766828537,26.4105606079,58.2409858704,126.448295593,53.4232559204,14.5595569611,-7.62208938599,16.3603992462],[-36.05809021,-277.361572266,-169.032669067,-151.757507324,-61.6059913635,29.1210899353,-38.5177993774,37.1958007813,53.4232559204,197.173614502,103.626251221,60.8470191956,8.78977489471],[-194.521911621,-72.2158355713,-137.665588379,-136.068969727,-50.1133613586,-15.7266674042,-15.9242782593,-13.1943569183,14.5595569611,103.626251221,155.199432373,79.6864318848,11.5968990326],[-100.527641296,-216.780563354,-110.726593018,-89.4619445801,-74.8697967529,1.56629097462,-21.4842185974,13.8505945206,-7.62208938599,60.8470191956,79.6864318848,128.832641602,44.6763191223],[-192.77961731,-11.8879699707,-70.8064346313,-57.2079811096,-22.3291683197,-33.7957000732,-9.84717655182,6.13990688324,16.3603992462,8.78977489471,11.5968990326,44.6763191223,99.595993042]],"icov":[[0.000128966887132,-0.000175218272489,0.000321934960084,-0.00027723974199,0.0003476991551,-0.000376840063836,0.000389352644561,0.0000370630878024,0.000163259319379,-0.000135821232107,0.000326966488501,-0.0000606654939475,0.000258946383838],[-0.000175218272489,0.00222948659211,-0.00138638238423,0.00158266467042,-0.00244405819103,0.00245572929271,-0.00196964573115,0.000409432832384,-0.000759132148232,0.00229164958,-0.00231766770594,0.00233091902919,-0.000937494682148],[0.000321934960084,-0.00138638238423,0.00288036162965,-0.00185721064918,0.000877255341038,-0.00208298955113,0.00202228548005,-0.000566474744119,0.000862722401507,-0.000619331316557,0.00175683083944,-0.00119347253349,0.00140710244887],[-0.00027723974199,0.00158266467042,-0.00185721064918,0.00455202069134,-0.00255303061567,0.00189368531574,-0.00330837070942,0.000755212910008,-0.001659527421,0.00248512276448,0.0000985915612546,0.000357041571988,0.000524784962181],[0.0003476991551,-0.00244405819103,0.000877255341038,-0.00255303061567,0.00989713240415,-0.00657019857317,0.00150593335275,0.00073276652256,-0.000252748228377,-0.00104558758903,0.00053731672233,0.00165000965353,-0.00103724712972],[-0.000376840063836,0.00245572929271,-0.00208298955113,0.00189368531574,-0.00657019857317,0.0131803490222,-0.0071632754989,-0.000907815643586,0.00330698722973,-0.00350104202516,0.00149641709868,-0.00138982536737,0.0017326757079],[0.000389352644561,-0.00196964573115,0.00202228548005,-0.00330837070942,0.00150593335275,-0.0071632754989,0.0165155995637,-0.00562981143594,-0.00156564672943,0.00447734585032,-0.00392068177462,0.00104104413185,-0.000205589371035],[0.0000370630878024,0.000409432832384,-0.000566474744119,0.000755212910008,0.00073276652256,-0.000907815643586,-0.00562981143594,0.0125575857237,-0.00457056099549,-0.00281914579682,0.00501407170668,-0.0033421991393,0.000592126802076],[0.000163259319379,-0.000759132148232,0.000862722401507,-0.001659527421,-0.000252748228377,0.00330698722973,-0.00156564672943,-0.00457056099549,0.014554371126,-0.00664562452585,0.000661384896375,0.00278479256667,-0.00205254787579],[-0.000135821232107,0.00229164958,-0.000619331316557,0.00248512276448,-0.00104558758903,-0.00350104202516,0.00447734585032,-0.00281914579682,-0.00664562452585,0.017722081393,-0.0110085261986,0.00370271783322,-0.000659666256979],[0.000326966488501,-0.00231766770594,0.00175683083944,0.0000985915612546,0.00053731672233,0.00149641709868,-0.00392068177462,0.00501407170668,0.000661384896375,-0.0110085261986,0.0212239641696,-0.0128476107493,0.00574807962403],[-0.0000606654939475,0.00233091902919,-0.00119347253349,0.000357041571988,0.00165000965353,-0.00138982536737,0.00104104413185,-0.0033421991393,0.00278479256667,0.00370271783322,-0.0128476107493,0.022001363337,-0.00943284481764],[0.000258946383838,-0.000937494682148,0.00140710244887,0.000524784962181,-0.00103724712972,0.0017326757079,-0.000205589371035,0.000592126802076,-0.00205254787579,-0.000659666256979,0.00574807962403,-0.00943284481764,0.0159876737744]],"mean":[-141.142456055,131.098022461,-153.550872803,-5.27084493637,-43.588809967,-5.91177463531,-34.0882987976,-3.26097202301,-23.0287132263,0.833590567112,-8.98551845551,-3.72521543503,-9.89152050018]},"hfc":{"dmean":5.17721271515,"dmean2":7.44005823135,"dvar":288.484863281,"dvar2":535.028808594,"max":985.74432373,"mean":11.1777763367,"median":2.73192954063,"min":1.09950746227e-16,"var":883.572692871},"melbands":{"dmean":[0.0000404663842346,0.000582913227845,0.000791983038653,0.000285199464997,0.000179406008101,0.000152223467012,0.000135575712193,0.000095677380159,0.0000876675403561,0.0000485319869767,0.0000570212941966,0.0000773400024627,0.0000432361230196,0.0000555333535885,0.0000773075444158,0.0000972717898549,0.0000425569960498,0.0000704586709617,0.0000323944950651,0.00001064251137,0.0000149015204443,0.0000222778544412,0.00000573691841055,0.00000257790702562,0.00000244765828938,0.00000307735535898,0.00000121305413359,7.27252654542e-7,4.52924808769e-7,5.3399043054e-7,2.34747915329e-7,1.35737892037e-7,9.26923036104e-8,6.92312553952e-8,6.35350616562e-8,3.03546627833e-8,2.27982415169e-8,2.00844780807e-8,1.38950317918e-8,8.81009132314e-9],"dmean2":[0.0000638804121991,0.000984185258858,0.00138980988413,0.000479259237181,0.00026583779254,0.00023208357743,0.000211396079976,0.000151545231347,0.000137049282785,0.0000768592362874,0.0000915737182368,0.000126052735141,0.0000687705760356,0.0000889274961082,0.000125080550788,0.000154816792929,0.0000673446411383,0.000109899759991,0.0000525352152181,0.0000168217429746,0.0000221045775106,0.0000320278195431,0.00000914834527066,0.00000396637051381,0.00000372180602426,0.00000484348083774,0.00000185996020718,0.00000112892166726,6.94983498306e-7,7.79960771524e-7,3.54624972942e-7,2.03768735219e-7,1.4167572715e-7,1.03260582307e-7,9.57348404995e-8,4.57453417368e-8,3.26802158668e-8,3.03753786568e-8,2.05999679537e-8,1.26431043412e-8],"dvar":[1.92495583917e-8,0.0000107473561002,0.0000364606676158,0.00000241976613324,0.00000141732959946,5.29451597231e-7,2.46081015121e-7,1.17275895661e-7,9.24016134718e-8,3.10648786694e-8,4.56139517269e-8,9.85705668199e-8,2.60916426242e-8,6.39124380086e-8,6.44087165824e-8,1.69154191099e-7,3.52924054425e-8,1.17291087065e-7,3.16105044362e-8,7.33704696998e-9,2.03644852093e-8,1.31217632315e-7,4.64595639738e-10,1.06629885477e-10,8.25393642323e-11,2.15671314141e-10,2.8230256674e-11,7.96464109942e-12,5.37612575985e-12,2.99326084752e-11,1.17824586893e-12,3.5035334551e-13,2.13178717842e-13,1.05322428025e-13,1.60023321092e-13,3.27431292258e-14,2.18368956272e-14,2.91945151864e-14,1.01680096566e-14,4.79951780156e-15],"dvar2":[4.69608956166e-8,0.0000326994959323,0.000106513944047,0.00000687853207637,0.00000289409445031,0.00000113678459002,5.53621305244e-7,2.91363477345e-7,2.21235168851e-7,7.63518102076e-8,1.16804841355e-7,2.5096235845e-7,6.00672009909e-8,1.46207341345e-7,1.63590271995e-7,4.05135608617e-7,8.06526117003e-8,2.53586449617e-7,7.29567375402e-8,1.61104818375e-8,3.91125887234e-8,2.33746050071e-7,1.15950615776e-9,2.47432629941e-10,1.8981181904e-10,5.34611910297e-10,6.67974148216e-11,1.76385989148e-11,1.12581836215e-11,6.0589304407e-11,2.47393880555e-12,6.63740330059e-13,4.44517794969e-13,2.20846412447e-13,3.06794710079e-13,7.12560842579e-14,3.99654945639e-14,5.43554628662e-14,1.93772864372e-14,1.03443636103e-14],"max":[0.00549785746261,0.0884987637401,0.180613309145,0.0625313892961,0.0668058991432,0.0458641238511,0.0206215512007,0.0183015801013,0.0097367297858,0.00593183189631,0.00592629192397,0.0119571890682,0.00999216642231,0.00881122797728,0.00525290006772,0.0166597813368,0.00634739780799,0.0110912360251,0.00792513322085,0.00435104966164,0.00909823179245,0.028697501868,0.000667786283884,0.000436668749899,0.000303598644678,0.000447227299446,0.000244086972089,0.0000843218367663,0.000171710635186,0.000307224778226,0.000043088599341,0.0000286830563709,0.000024902055884,0.0000187088262464,0.0000269938245765,0.00000705072943674,0.00000900497343537,0.0000116438513942,0.00000668780376145,0.00000539948223377],"mean":[0.0000746892983443,0.000777488865424,0.00105309148785,0.000399034761358,0.000296088226605,0.000235889296164,0.000213375489693,0.000150719512021,0.000133450797875,0.0000773594874772,0.0000841915607452,0.000104969920358,0.0000568527793803,0.0000756027875468,0.0000933789633564,0.000108890162664,0.0000550066797587,0.0000973067581072,0.0000440336007159,0.0000141394730235,0.0000205544838536,0.0000271648550552,0.00000801587157184,0.00000374244382328,0.00000368599717149,0.00000463208107249,0.00000185259091268,0.0000010502914165,7.1688754133e-7,7.10749361588e-7,3.60896905249e-7,2.15003879589e-7,1.41970403433e-7,1.02070856656e-7,9.51186436282e-8,4.69908520984e-8,3.59892275981e-8,3.07521332843e-8,2.15481001931e-8,1.40431843931e-8],"median":[0.0000072921516221,0.0000267478062597,0.000022474610887,0.0000265669350483,0.0000344768886862,0.0000325181754306,0.0000311242802127,0.0000233229948208,0.0000208453657251,0.0000117856543511,0.0000104678611024,0.0000119411915875,0.0000107399755507,0.00000889154944161,0.0000127423636513,0.0000124043690448,0.00000523258586327,0.00000462202979179,0.00000286756130663,0.00000173670400727,0.00000168041242432,0.00000123331642499,9.03158479559e-7,5.55874862584e-7,4.2935238298e-7,3.12632124633e-7,1.92479163275e-7,1.11916662604e-7,5.65424578269e-8,3.48211059986e-8,2.27583392132e-8,1.50536454413e-8,9.58005674789e-9,6.38860475632e-9,4.71931249635e-9,3.18763215823e-9,2.57762411415e-9,1.82766624057e-9,1.64346813936e-9,1.33313793338e-9],"min":[3.55391343576e-24,3.1044869535e-24,3.8492140493e-24,4.20257245888e-24,3.33884313173e-24,2.10353507466e-24,1.95545976908e-24,1.84592820733e-24,2.32491291328e-24,3.59489791523e-24,3.58649181342e-24,3.50003541922e-24,6.41303526266e-24,3.46821316474e-24,3.83059298763e-24,5.28255104269e-24,3.70787068547e-24,2.38956321991e-24,3.72722893765e-24,4.02855526521e-24,5.00246834487e-24,4.26782939954e-24,7.19160232193e-24,7.75212980472e-24,4.52851597985e-24,6.25880585594e-24,5.68882703065e-24,7.51555278583e-24,4.62899398221e-24,5.84377706181e-24,6.91189196646e-24,7.25623842906e-24,7.35844088136e-24,8.6823435401e-24,7.05171203989e-24,7.18893281663e-24,5.90036244897e-24,6.75800334766e-24,7.86627482226e-24,7.54772174468e-24],"var":[7.30210700794e-8,0.0000141634700412,0.0000477458161185,0.00000396570976591,0.00000311413782583,9.00530892523e-7,5.27567124209e-7,2.31076086266e-7,1.79908241194e-7,6.82692800069e-8,7.56043334604e-8,1.41901239203e-7,3.48009479012e-8,1.0863944766e-7,7.85503218026e-8,1.88483497254e-7,4.96730905297e-8,2.48338153597e-7,4.30652278283e-8,8.75295302905e-9,3.39447048248e-8,1.93723792563e-7,6.82567780075e-10,1.72760944439e-10,1.46989531657e-10,3.52653545255e-10,4.47676652693e-11,1.31504529488e-11,1.01472840547e-11,4.40525116385e-11,2.09646666346e-12,6.75495629484e-13,3.6480318549e-13,1.7237798103e-13,2.88284099283e-13,5.65078176308e-14,3.77243233125e-14,4.12433826783e-14,1.58565228412e-14,6.57177838962e-15]},"melbands_crest":{"dmean":3.93676137924,"dmean2":6.44917154312,"dvar":10.9540243149,"dvar2":27.5045452118,"max":39.6356582642,"mean":13.5737819672,"median":12.408911705,"min":1.88634705544,"var":31.3933753967},"melbands_flatness_db":{"dmean":0.0278015639633,"dmean2":0.0414775684476,"dvar":0.000563277571928,"dvar2":0.00127359596081,"max":0.602810025215,"mean":0.254697054625,"median":0.24636271596,"min":0.00394865684211,"var":0.00490429298952},"melbands_kurtosis":{"dmean":10.142209053,"dmean2":17.2538204193,"dvar":10551.4189453,"dvar2":32274.3867188,"max":3866.38378906,"mean":11.7211847305,"median":1.26637971401,"min":-1.86186563969,"var":11715.1152344},"melbands_skewness":{"dmean":0.776563107967,"dmean2":1.22013700008,"dvar":1.68973124027,"dvar2":4.80324935913,"max":52.3660163879,"mean":1.34218108654,"median":1.01247036457,"min":-5.0057349205,"var":5.81225347519},"melbands_spread":{"dmean":5.84399366379,"dmean2":9.29638957977,"dvar":33.835975647,"dvar2":79.5562286377,"max":133.748153687,"mean":20.4851226807,"median":19.2563686371,"min":0.0627117082477,"var":140.941986084},"mfcc":{"cov":[[9425.36328125,157.12663269,-904.518432617,206.93069458,-465.660888672,105.519058228,-317.790588379,-160.588272095,-199.674301147,-60.8736724854,-104.850585938,-176.464630127,-199.676818848],[157.12663269,1386.85961914,238.501342773,47.8728866577,167.258346558,-21.4347476959,73.3248672485,-2.76853132248,-2.0947933197,-59.1270599365,-44.057182312,-18.0466270447,-8.05334186554],[-904.518432617,238.501342773,774.866027832,300.482574463,276.758392334,115.258361816,128.372024536,157.992095947,106.565032959,12.7448692322,-69.140625,-49.8329811096,-19.3703594208],[206.93069458,47.8728866577,300.482574463,410.453887939,165.355667114,109.312477112,82.5116729736,118.532302856,101.332923889,26.6719036102,-61.4605064392,-59.4243659973,-18.8411235809],[-465.660888672,167.258346558,276.758392334,165.355667114,266.6065979,122.218574524,107.714378357,82.2486877441,79.1061172485,40.5913543701,-19.2561283112,-32.7415161133,-7.16363430023],[105.519058228,-21.4347476959,115.258361816,109.312477112,122.218574524,199.245193481,115.904937744,69.6257629395,41.1075363159,22.5177974701,6.9907746315,-5.80740880966,-1.96220076084],[-317.790588379,73.3248672485,128.372024536,82.5116729736,107.714378357,115.904937744,181.61100769,102.995567322,49.306602478,11.2625350952,1.69797301292,15.2043819427,20.1283302307],[-160.588272095,-2.76853132248,157.992095947,118.532302856,82.2486877441,69.6257629395,102.995567322,165.26940918,96.0160140991,17.1332950592,-23.9201908112,-9.17536067963,16.8129768372],[-199.674301147,-2.0947933197,106.565032959,101.332923889,79.1061172485,41.1075363159,49.306602478,96.0160140991,166.153320313,76.468963623,-19.4138660431,-36.1471939087,10.7304210663],[-60.8736724854,-59.1270599365,12.7448692322,26.6719036102,40.5913543701,22.5177974701,11.2625350952,17.1332950592,76.468963623,131.369796753,45.4218254089,-23.4082794189,-1.80951106548],[-104.850585938,-44.057182312,-69.140625,-61.4605064392,-19.2561283112,6.9907746315,1.69797301292,-23.9201908112,-19.4138660431,45.4218254089,130.977432251,69.3292694092,-1.29576933384],[-176.464630127,-18.0466270447,-49.8329811096,-59.4243659973,-32.7415161133,-5.80740880966,15.2043819427,-9.17536067963,-36.1471939087,-23.4082794189,69.3292694092,159.258407593,63.7318191528],[-199.676818848,-8.05334186554,-19.3703594208,-18.8411235809,-7.16363430023,-1.96220076084,20.1283302307,16.8129768372,10.7304210663,-1.80951106548,-1.29576933384,63.7318191528,137.780853271]],"icov":[[0.000213360937778,-0.000178526257514,0.000323169253534,-0.000390584144043,0.000544314796571,-0.000733549997676,0.000621503859293,-0.000344597210642,0.000391479115933,-0.000327283138176,0.0003313756024,-0.0000212421327888,0.000238061795244],[-0.000178526257514,0.00106273975689,-0.000420604570536,0.000401265861001,-0.00121605361346,0.00137985998299,-0.00121363322251,0.000936961965635,-0.000560824526474,0.000975854462013,-0.000410683336668,0.00019311910728,-0.00021817763627],[0.000323169253534,-0.000420604570536,0.00303020817228,-0.00145204819273,-0.00117374083493,-0.000643418810796,0.00110791157931,-0.0018441103166,0.000941682083067,-0.000360675971024,0.000993597786874,-0.000331462360919,0.000748789287172],[-0.000390584144043,0.000401265861001,-0.00145204819273,0.00505296280608,-0.00185032584704,0.000140076095704,-0.000417827337515,-0.000654166855384,-0.00133133982308,0.000354203220922,0.000652333779726,0.000115841401566,0.0000517884182045],[0.000544314796571,-0.00121605361346,-0.00117374083493,-0.00185032584704,0.010621374473,-0.00502226548269,-0.0000432029410149,0.000261131266598,-0.000119589392853,-0.00250890152529,0.00111235363875,0.000307191541651,0.00059960980434],[-0.000733549997676,0.00137985998299,-0.000643418810796,0.000140076095704,-0.00502226548269,0.0127623444423,-0.00737910112366,0.00163015187718,-0.000899079721421,0.00163868395612,-0.00255087157711,0.000794748950284,-0.00055408308981],[0.000621503859293,-0.00121363322251,0.00110791157931,-0.000417827337515,-0.0000432029410149,-0.00737910112366,0.0151347639039,-0.00774727761745,0.00247369497083,-0.0012531374814,0.000794478168245,-0.00139564822894,-6.6615450578e-7],[-0.000344597210642,0.000936961965635,-0.0018441103166,-0.000654166855384,0.000261131266598,0.00163015187718,-0.00774727761745,0.0163853876293,-0.00831491500139,0.0039073866792,-0.0008909603348,0.000182321600732,-0.00101805105805],[0.000391479115933,-0.000560824526474,0.000941682083067,-0.00133133982308,-0.000119589392853,-0.000899079721421,0.00247369497083,-0.00831491500139,0.0159318111837,-0.009635604918,0.00430644443259,-0.000240836423473,-0.0000962822450674],[-0.000327283138176,0.000975854462013,-0.000360675971024,0.000354203220922,-0.00250890152529,0.00163868395612,-0.0012531374814,0.0039073866792,-0.009635604918,0.0181709881872,-0.0104739749804,0.00573237333447,-0.00258138333447],[0.0003313756024,-0.000410683336668,0.000993597786874,0.000652333779726,0.00111235363875,-0.00255087157711,0.000794478168245,-0.0008909603348,0.00430644443259,-0.0104739749804,0.0180292837322,-0.00943148694932,0.00475852750242],[-0.0000212421327888,0.00019311910728,-0.000331462360919,0.000115841401566,0.000307191541651,0.000794748950284,-0.00139564822894,0.000182321600732,-0.000240836423473,0.00573237333447,-0.00943148694932,0.0138433640823,-0.00623935926706],[0.000238061795244,-0.00021817763627,0.000748789287172,0.0000517884182045,0.00059960980434,-0.00055408308981,-6.6615450578e-7,-0.00101805105805,-0.0000962822450674,-0.00258138333447,0.00475852750242,-0.00623935926706,0.0107545442879]],"mean":[-775.31427002,167.517883301,-41.4895248413,3.44641399384,-1.9148209095,-3.76706218719,-2.86553263664,-6.00200176239,-8.38155555725,-2.07859134674,-0.549689412117,-0.655455470085,-0.372600376606]},"pitch_salience":{"dmean":0.0841098129749,"dmean2":0.138433292508,"dvar":0.00499611860141,"dvar2":0.0130235226825,"max":0.840763747692,"mean":0.511885583401,"median":0.519840955734,"min":0.0404923446476,"var":0.0127211334184},"silence_rate_20dB":{"dmean":0.00366151332855,"dmean2":0.00732377171516,"dvar":0.00364809669554,"dvar2":0.00869396794587,"max":1,"mean":0.994813382626,"median":1,"min":0,"var":0.00515953125432},"silence_rate_30dB":{"dmean":0.00976403616369,"dmean2":0.0195300579071,"dvar":0.00966704171151,"dvar2":0.0224036630243,"max":1,"mean":0.969795584679,"median":1,"min":0,"var":0.0292942468077},"silence_rate_60dB":{"dmean":0.0974369421601,"dmean2":0.194893702865,"dvar":0.0879514068365,"dvar2":0.18131287396,"max":1,"mean":0.459066420794,"median":0,"min":0,"var":0.248317033052},"spectral_centroid":{"dmean":187.234664917,"dmean2":287.296386719,"dvar":41608.6796875,"dvar2":88255.4609375,"max":11613.0009766,"mean":1103.51977539,"median":1059.00769043,"min":160.093780518,"var":311790.65625},"spectral_complexity":{"dmean":1.91720914841,"dmean2":2.96612763405,"dvar":3.29880213737,"dvar2":7.23374223709,"max":56,"mean":9.75124549866,"median":8,"min":0,"var":59.0380935669},"spectral_contrast_coeffs":{"dmean":[0.049199141562,0.0472799576819,0.0419195778668,0.0386266373098,0.0252732113004,0.0178329702467],"dmean2":[0.0811120420694,0.0764243379235,0.0675979480147,0.0608625859022,0.039340518415,0.0271557420492],"dvar":[0.00153975468129,0.00139851740096,0.00112926412839,0.00102353235707,0.000422540149884,0.000219045221456],"dvar2":[0.00406958954409,0.00347374100238,0.00281656975858,0.00243698689155,0.000982286524959,0.000484420364955],"max":[-0.22233043611,-0.382275313139,-0.492571592331,-0.463814854622,-0.527094423771,-0.570943057537],"mean":[-0.637079179287,-0.745941877365,-0.758825421333,-0.740981936455,-0.764047920704,-0.77153134346],"median":[-0.641982376575,-0.752762258053,-0.764540493488,-0.746794044971,-0.766313016415,-0.769545257092],"min":[-0.979265213013,-0.974718987942,-0.984864592552,-0.99117320776,-0.99127393961,-0.964959800243],"var":[0.0106309093535,0.00484547251835,0.00422429572791,0.00518914172426,0.00237993919291,0.00171058310661]},"spectral_contrast_valleys":{"dmean":[0.417128801346,0.330916345119,0.284980088472,0.247447445989,0.236632063985,0.286613583565],"dmean2":[0.705698609352,0.538757622242,0.457659006119,0.379515886307,0.325105428696,0.359449744225],"dvar":[0.114211365581,0.0735905840993,0.0558005906641,0.043297059834,0.0454543791711,0.065478362143],"dvar2":[0.302825957537,0.175300121307,0.128112643957,0.0886975452304,0.0730496123433,0.0982269197702],"max":[-5.36807489395,-3.70912790298,-4.93313026428,-5.3212480545,-5.72033166885,-8.40562534332],"mean":[-9.04864406586,-7.44376420975,-8.03042507172,-8.58230304718,-9.21754932404,-12.637670517],"median":[-8.9831609726,-7.40112352371,-7.99659872055,-8.517827034,-9.23382663727,-12.6853713989],"min":[-27.9240779877,-27.604347229,-27.6568660736,-27.6097145081,-27.3261013031,-27.3412303925],"var":[1.94370377064,1.63671875,1.57424509525,1.64896333218,1.56793928146,1.45061266422]},"spectral_decrease":{"dmean":1.75725989315e-9,"dmean2":2.79066014741e-9,"dvar":5.9825645897e-17,"dvar2":1.6038906346e-16,"max":1.44159623938e-28,"mean":-3.89746279694e-9,"median":-8.75377048626e-10,"min":-2.56564561596e-7,"var":1.59165762595e-16},"spectral_energy":{"dmean":0.00704791862518,"dmean2":0.0111266281456,"dvar":0.000897928024642,"dvar2":0.0023750429973,"max":0.997745096684,"mean":0.0157237071544,"median":0.00354825914837,"min":1.00558222571e-20,"var":0.00247773970477},"spectral_energyband_high":{"dmean":0.0000316240038956,"dmean2":0.0000429040046583,"dvar":3.27140448064e-8,"dvar2":5.51386172276e-8,"max":0.0134357335046,"mean":0.0000605424720561,"median":0.0000060976194618,"min":7.43408623031e-21,"var":7.11015459842e-8},"spectral_energyband_low":{"dmean":0.00328854634427,"dmean2":0.00564356241375,"dvar":0.000510238518473,"dvar2":0.00153119908646,"max":0.667209327221,"mean":0.00445328094065,"median":0.000151871558046,"min":3.37689738736e-23,"var":0.000638783210889},"spectral_energyband_middle_high":{"dmean":0.00291156419553,"dmean2":0.00443909363821,"dvar":0.0000687149149599,"dvar2":0.000143373385072,"max":0.390165507793,"mean":0.00519566610456,"median":0.00122993765399,"min":1.2901896088e-21,"var":0.000163403878105},"spectral_energyband_middle_low":{"dmean":0.00368467974477,"dmean2":0.00585758406669,"dvar":0.000359838508302,"dvar2":0.000914942880627,"max":0.731916308403,"mean":0.00769585417584,"median":0.00143129436765,"min":1.8216530009e-22,"var":0.000954135961365},"spectral_entropy":{"dmean":0.185604527593,"dmean2":0.282372117043,"dvar":0.0269205234945,"dvar2":0.0613291375339,"max":9.82555294037,"mean":6.92002058029,"median":6.95183753967,"min":4.87325143814,"var":0.147342383862},"spectral_flux":{"dmean":0.016269126907,"dmean2":0.0269903503358,"dvar":0.000662681588437,"dvar2":0.00169688370079,"max":0.750041007996,"mean":0.0527587272227,"median":0.0361751504242,"min":6.62473478852e-11,"var":0.00304209860042},"spectral_kurtosis":{"dmean":5.21752309799,"dmean2":8.91050624847,"dvar":30.6917819977,"dvar2":86.4617462158,"max":140.388320923,"mean":13.962100029,"median":11.509352684,"min":-1.24358725548,"var":95.1782150269},"spectral_rms":{"dmean":0.000631576112937,"dmean2":0.000931654940359,"dvar":0.00000101272655684,"dvar2":0.00000231359217651,"max":0.0311995167285,"mean":0.0027328254655,"median":0.00186056876555,"min":3.13218114639e-12,"var":0.00000787186309026},"spectral_rolloff":{"dmean":237.524307251,"dmean2":406.799407959,"dvar":110337.617188,"dvar2":236377.53125,"max":20025.8789063,"mean":1286.04724121,"median":1335.05859375,"min":21.533203125,"var":683234.625},"spectral_skewness":{"dmean":0.426902472973,"dmean2":0.713878452778,"dvar":0.151223137975,"dvar2":0.420271098614,"max":9.64820384979,"mean":2.42729353905,"median":2.27411675453,"min":-0.0725893974304,"var":0.630380451679},"spectral_spread":{"dmean":283256.4375,"dmean2":444917.15625,"dvar":115119423488,"dvar2":210453954560,"max":41533432,"mean":2432831,"median":2323224.5,"min":681208.5625,"var":1978095370240},"spectral_strongpeak":{"dmean":0.839676380157,"dmean2":1.34393787384,"dvar":2.49337649345,"dvar2":5.72111558914,"max":54.1402626038,"mean":1.22091472149,"median":0.571483135223,"min":0,"var":4.00106859207},"zerocrossingrate":{"dmean":0.00552410399541,"dmean2":0.00679098861292,"dvar":0.0000294683377433,"dvar2":0.0000383484330087,"max":0.529296875,"mean":0.0466528832912,"median":0.04638671875,"min":0.00048828125,"var":0.000582746288273}},"metadata":{"audio_properties":{"analysis_sample_rate":44100,"bit_rate":224000,"codec":"vorbis","downmix":"mix","equal_loudness":0,"length":228.28843689,"lossless":false,"md5_encoded":"d09aca1bd3124258ff7c4c515fd839ff","replay_gain":-2.99707984924,"sample_rate":44100},"tags":{"album":["Peter and the Wolf / Classical Symphony / Overture on Hebrew Themes / March"],"albumartist":["Sergej Prokofjev; Chamber Orchestra of Europe, Claudio Abbado, Sting"],"albumartistsort":["Prokofjev, Sergej; Chamber Orchestra of Europe, Abbado, Claudio, Sting"],"artist":["Sergej Prokofjev"],"artistsort":["Prokofjev, Sergej"],"asin":["B000001GCF"],"barcode":["028942939622"],"catalognumber":["429 396-2"],"composer":["Sergei Sergeyevich Prokofiev"],"composersort":["Prokofiev, Sergei Sergeyevich"],"conductor":["Claudio Abbado"],"date":["1991-01-14"],"discnumber":["1"],"disctotal":["1"],"file_name":"16 Sergej Prokofjev - Classical Symphony, op. 25_ IV. Finale. Molto vivace.ogg","isrc":["DEF058604024"],"label":["Deutsche Grammophon"],"media":["CD"],"musicbrainz_albumartistid":["0e43fe9d-c472-4b62-be9e-55f971a023e1","3f221c60-2568-40f5-b1c3-625fed319258","39e84597-3e0f-4ccc-89d2-6ee1dd6fb050","7944ed53-2a58-4035-9b93-140a71e41c34"],"musicbrainz_albumid":["31d45f68-fca8-4c62-bee3-1c54ac3aa117"],"musicbrainz_artistid":["0e43fe9d-c472-4b62-be9e-55f971a023e1"],"musicbrainz_recordingid":["772a1296-c4c0-4f6d-8fd8-24f38ae27b77"],"musicbrainz_releasegroupid":["544cb813-317b-38cc-93db-9b5211b0672d"],"musicbrainz_releasetrackid":["5d9bd670-6dd7-31e9-94e5-369d4de1b620"],"musicbrainz_workid":["7d6d83f3-1fb8-3fa2-aa54-03e77382ceb3"],"originaldate":["1991-01-14"],"originalyear":["1991"],"performe