{"lowlevel":{"average_loudness":0.850327134132,"barkbands":{"dmean":[0.00353521388024,0.00852500181645,0.00185685022734,0.0012124418281,0.00223088287748,0.00140635948628,0.000636734475847,0.000462096126284,0.00053732044762,0.000477454537759,0.000359485478839,0.000653485418297,0.00038694369141,0.00025383461616,0.000292303273454,0.000170272352989,0.000136564965942,0.000151400658069,0.000168003491126,0.000106090097688,0.0000516235922987,0.0000156067690114,0.00000616990200797,0.00000269677639153,0.00000225630151363,0.00000353650216312,0.000102261677966],"dmean2":[0.00579330092296,0.014301574789,0.00308600976132,0.00200998201035,0.00356747629121,0.00224404362962,0.00100961443968,0.000747076992411,0.000865409674589,0.000775681750383,0.000587866001297,0.00107353029307,0.000628317997325,0.000411696353694,0.000466114346636,0.000269570591627,0.000212529150303,0.000230847319472,0.00025371988886,0.000155310786795,0.0000737878290238,0.0000230600635405,0.00000918235673453,0.00000435627180195,0.00000370597922483,0.00000547948638996,0.000150922947796],"dvar":[0.0000559968357265,0.000144992096466,0.00000731285854272,0.00000501156955579,0.0000167154939845,0.0000102340100057,0.00000272977649729,0.00000186554518677,0.00000228595285989,0.00000137849121984,0.00000102945728031,0.00000210816119761,6.2872760509e-7,7.14555881132e-7,4.92623996706e-7,1.74697220245e-7,8.88093012463e-8,2.01686077617e-7,2.21615877649e-7,8.09758162745e-8,2.83446865978e-8,1.01075958714e-9,1.65417499143e-10,1.92929977549e-11,1.36022729538e-11,3.02604434566e-11,3.96682970916e-8],"dvar2":[0.000139005060191,0.000389533815905,0.0000192765619431,0.0000131714214149,0.0000386293249903,0.0000246822983172,0.00000631575039733,0.00000441693828179,0.00000578238450544,0.00000353676523446,0.00000255698455476,0.00000578633853365,0.00000159591957072,0.00000185302337741,0.00000118568334528,4.19443210831e-7,2.03202148441e-7,4.56246198155e-7,4.93342895425e-7,1.61144541266e-7,5.4196487298e-8,2.10911044185e-9,3.36216138264e-10,4.52437878828e-11,3.32478870824e-11,6.63206364826e-11,8.79607853221e-8],"max":[0.130811288953,0.170811206102,0.0565501861274,0.0554260239005,0.0946268588305,0.0861101448536,0.0551981963217,0.0379707701504,0.0432256162167,0.0287870429456,0.0252135172486,0.0284268334508,0.0187184624374,0.0388812869787,0.017524138093,0.0109189022332,0.00776240043342,0.0139352744445,0.012608025223,0.00810026563704,0.00919887423515,0.000803000119049,0.000317651574733,0.00009099500312,0.0000586826317885,0.00012655336468,0.00478976918384],"mean":[0.00441609369591,0.0154443271458,0.00287933344953,0.00163537054323,0.00339986174367,0.00195408333093,0.000924207794014,0.000611621188,0.000746198173147,0.000665101688355,0.000500581460074,0.00103739008773,0.000616484263446,0.000403426936828,0.000484871328808,0.000304455665173,0.000252513622399,0.000268649047939,0.000305874826154,0.00021608962561,0.000106096893433,0.0000333025345753,0.000012604325093,0.00000352518804903,0.00000243673252953,0.00000651619575365,0.000307421840262],"median":[0.00182905653492,0.00933202076703,0.00157117447816,0.000853047939017,0.00146584585309,0.000643831968773,0.0002619404695,0.000162403084687,0.000225204261369,0.000239602304646,0.000177460664418,0.000380759651307,0.000244346767431,0.000173993306817,0.000135463429615,0.000084701598098,0.0000927174696699,0.0000589013616263,0.0000484404336021,0.0000322206687997,0.0000203326490009,0.00000949587683863,0.0000044521093514,0.00000152082395743,9.43662485042e-7,0.00000305855473925,0.00011559122504],"min":[1.80833287152e-24,3.20104786703e-24,1.23471069214e-24,2.20897205389e-24,1.48078863345e-23,1.55465188881e-23,1.58810811089e-23,1.19384268798e-23,1.75920210159e-23,3.2951060799e-23,2.435989538e-23,2.11862543158e-23,4.84951105525e-23,4.85077701923e-23,4.08331759482e-23,1.06613958117e-22,7.32479691039e-23,1.37816562362e-22,1.55219275694e-22,2.23346186993e-22,3.18407939796e-22,3.91744236078e-22,3.32254783711e-22,5.74339913434e-22,1.01078815233e-21,1.27812420213e-21,2.06432332658e-21],"var":[0.0000617959449301,0.000323151383782,0.0000143833203765,0.00000652783955957,0.0000345873850165,0.0000168052047229,0.0000064654864218,0.00000281584357253,0.00000316268278766,0.00000192901325136,0.00000139445671721,0.00000387046702599,0.00000116299622732,9.35735840812e-7,9.97855977403e-7,4.0316808736e-7,2.17607336594e-7,4.35047610381e-7,5.50987010683e-7,2.54064730143e-7,7.77189370638e-8,3.36453331862e-9,5.10203101989e-10,3.08155029272e-11,1.69086862567e-11,8.99898905393e-11,1.97152118631e-7]},"barkbands_crest":{"dmean":3.12196159363,"dmean2":5.16948318481,"dvar":7.06484365463,"dvar2":19.5010929108,"max":26.1547832489,"mean":12.1952228546,"median":11.5649423599,"min":2.51335859299,"var":22.6911754608},"barkbands_flatness_db":{"dmean":0.0304569993168,"dmean2":0.0486733689904,"dvar":0.000718390801921,"dvar2":0.00186469301116,"max":0.465785831213,"mean":0.172139689326,"median":0.162618428469,"min":0.0266226008534,"var":0.00449266145006},"barkbands_kurtosis":{"dmean":8.74635982513,"dmean2":14.0555372238,"dvar":300.988647461,"dvar2":766.522705078,"max":461.174468994,"mean":16.2047138214,"median":6.80761528015,"min":-1.77162384987,"var":867.27746582},"barkbands_skewness":{"dmean":0.836688399315,"dmean2":1.3241840601,"dvar":0.746441245079,"dvar2":1.90730845928,"max":18.7699108124,"mean":2.76077413559,"median":2.32196259499,"min":-2.03568887711,"var":3.79353523254},"barkbands_spread":{"dmean":5.25915145874,"dmean2":8.15668678284,"dvar":37.7962303162,"dvar2":88.4834976196,"max":112.741691589,"mean":18.4688167572,"median":15.2839670181,"min":0.276174843311,"var":205.650848389},"dissonance":{"dmean":0.0190875828266,"dmean2":0.0322457961738,"dvar":0.000457895861473,"dvar2":0.00129632663447,"max":0.500000059605,"mean":0.469616770744,"median":0.477458566427,"min":0.218760669231,"var":0.000771818275098},"dynamic_complexity":3.46344256401,"erbbands":{"dmean":[0.407862842083,1.464625597,2.06657791138,3.02451324463,5.6579246521,7.61264514923,12.9260139465,10.312951088,9.75264263153,8.4851398468,10.5540161133,11.8257837296,12.1678028107,16.4949398041,15.7996740341,25.2526035309,18.5075798035,10.6255474091,16.4850654602,10.5149326324,9.09994220734,7.08799409866,7.62015151978,9.1457862854,6.77029752731,5.11374473572,2.9901664257,1.52267253399,0.610208153725,0.300606757402,0.159116998315,0.0736147165298,0.0373818837106,0.0251666530967,0.0161187332124,0.00948193110526,0.00682575721294,0.0063793011941,0.0079360185191,0.00369693292305],"dmean2":[0.688219606876,2.44962096214,3.45712542534,4.93553256989,9.30960178375,12.3421669006,20.6682281494,16.4447917938,15.581073761,13.5076370239,16.9710483551,19.2422618866,19.3464221954,26.9885921478,25.5633792877,41.5247116089,29.8732223511,16.9850559235,26.0819187164,16.7972488403,14.1737928391,10.8036308289,11.496512413,13.6407165527,10.0060977936,7.57590389252,4.33411216736,2.17905497551,0.889428198338,0.44255232811,0.239361330867,0.113893508911,0.0613930635154,0.0414072647691,0.0264295693487,0.0154464337975,0.0104109449312,0.00909666996449,0.0109741892666,0.00570046855137],"dvar":[0.412945717573,3.98982596397,8.06736755371,25.5127716064,116.689468384,259.009124756,944.442016602,718.350463867,681.432006836,428.067443848,934.272216797,1290.0234375,944.897888184,1994.40808105,1259.03320312,3333.61401367,1440.1986084,445.576568604,2789.32861328,544.493530273,584.312744141,261.052429199,481.34185791,696.574890137,410.969421387,190.978210449,79.1046218872,24.5497817993,1.58097422123,0.390456795692,0.113868147135,0.0159083008766,0.00383831909858,0.00172797578853,0.00068045972148,0.000220041751163,0.000110025393951,0.000136360773467,0.000361668266123,0.0000414439928136],"dvar2":[1.1459594965,10.4430236816,21.1739292145,65.1190261841,292.654937744,621.209716797,2222.34692383,1678.79577637,1619.66503906,975.684265137,2291.18505859,3412.43115234,2167.23120117,5413.71533203,3185.25244141,9278.94921875,3643.51831055,1112.90820312,6943.96142578,1393.10620117,1383.2668457,569.206542969,1070.87585449,1516.16931152,912.043395996,381.88180542,158.623458862,47.3436546326,3.25779151917,0.805086910725,0.237514957786,0.0340198911726,0.00933634117246,0.00422192551196,0.00166309252381,0.000536122417543,0.000235114785028,0.000244809838478,0.000642805069219,0.00010418680904],"max":[11.0155735016,37.1261367798,45.4630508423,110.864181519,311.206115723,346.94744873,700.745117188,1064.38061523,758.67791748,617.519348145,907.372680664,1357.54016113,769.687316895,1308.09667969,789.716125488,1310.93737793,778.614440918,496.750366211,2182.29907227,507.693145752,747.562438965,437.199005127,649.407714844,659.344116211,559.883666992,429.609436035,328.357879639,301.693817139,33.1039161682,12.700715065,7.9061498642,3.26633095741,0.979163229465,0.671694517136,0.408038020134,0.222513005137,0.263669073582,0.312448203564,0.769505560398,0.142038464546],"mean":[0.725656509399,2.37569999695,3.48041319847,4.68501758575,8.01607608795,10.7209596634,17.1818141937,14.4996805191,14.3001308441,12.2919120789,14.6148290634,16.8014774323,18.1375675201,24.0038375854,26.3779621124,41.4625015259,31.2742233276,19.8208961487,27.5835437775,19.2012138367,16.9937000275,14.1296720505,14.3537569046,16.7571926117,12.9313001633,10.3928794861,6.26684474945,3.05740189552,1.32595944405,0.65519285202,0.322497338057,0.119305476546,0.0410440005362,0.0269315112382,0.0176992118359,0.0111139025539,0.0129068177193,0.0178073849529,0.0233417656273,0.0140385096893],"median":[0.358744323254,1.5472536087,2.1191277504,2.83833885193,3.78191804886,4.10672855377,5.39108467102,4.66079378128,3.99914383888,3.64245843887,4.26942110062,5.17983055115,6.71561670303,8.74028396606,10.9265089035,16.277097702,13.1910600662,9.59188747406,8.80272483826,5.95124578476,4.98720407486,5.06850194931,3.85394310951,2.87958145142,2.00028514862,1.5505964756,1.04834794998,0.662703514099,0.36876732111,0.212211206555,0.115137897432,0.0500328838825,0.0162852331996,0.0103407641873,0.00703625986353,0.00487410509959,0.00615192484111,0.00615372182801,0.00558632100001,0.00890614371747],"min":[1.35002575607e-22,6.34199183793e-22,1.3833652646e-21,9.56065934085e-21,1.20205046511e-20,3.48699085821e-20,6.45806658343e-20,1.4063623962e-19,1.79129334994e-19,2.30487622135e-19,4.21201893026e-19,5.23058147771e-19,8.11814698699e-19,9.06248429163e-19,1.48400741046e-18,1.23930153587e-18,2.42190645819e-18,3.0823681979e-18,2.12663813469e-18,4.14470922757e-18,5.96389777025e-18,5.43597869561e-18,7.60422339472e-18,6.82978547239e-18,1.07672934011e-17,1.03315454078e-17,1.20543558286e-17,1.25899900168e-17,1.38133512653e-17,9.24413542889e-18,1.05728091771e-17,1.30586076861e-17,1.00501939845e-17,8.71226656682e-18,7.11591303654e-18,4.32406555902e-18,2.41099181001e-18,1.03435844012e-18,2.64754302793e-19,3.10476136002e-20],"var":[0.942467093468,7.37709331512,16.99817276,37.7858047485,187.849441528,464.451904297,1590.98498535,1164.92614746,1461.35241699,835.946655273,1385.5020752,1669.0078125,1517.64111328,2594.39868164,2198.49291992,5771.04833984,2768.41064453,948.333374023,4683.36132812,1149.65454102,1295.65966797,692.837280273,1106.52880859,1712.88354492,1041.13916016,584.141906738,237.864425659,60.1117935181,5.55416631699,1.32557594776,0.340018391609,0.0376965031028,0.00476955622435,0.00212249998003,0.000858319923282,0.000295476405881,0.0003463284811,0.000764558382798,0.00175934284925,0.000214727857383]},"erbbands_crest":{"dmean":2.83633160591,"dmean2":4.65525436401,"dvar":7.17400550842,"dvar2":18.5812129974,"max":31.1236019135,"mean":8.65691661835,"median":7.51447916031,"min":2.46054434776,"var":18.494184494},"erbbands_flatness_db":{"dmean":0.0239232219756,"dmean2":0.0372872874141,"dvar":0.000457865156932,"dvar2":0.00115532055497,"max":0.421003937721,"mean":0.151517227292,"median":0.145826652646,"min":0.0577750205994,"var":0.00164311681874},"erbbands_kurtosis":{"dmean":1.3748087883,"dmean2":2.20399808884,"dvar":8.44995594025,"dvar2":21.3989715576,"max":82.2498016357,"mean":1.04270625114,"median":-0.0530788898468,"min":-1.7176886797,"var":15.9207925797},"erbbands_skewness":{"dmean":0.423708617687,"dmean2":0.641588687897,"dvar":0.168008565903,"dvar2":0.365227282047,"max":6.12845611572,"mean":-0.045421205461,"median":-0.0670323967934,"min":-5.36541604996,"var":0.902901649475},"erbbands_spread":{"dmean":6.67738294601,"dmean2":10.5002450943,"dvar":34.736579895,"dvar2":80.8004074097,"max":121.07232666,"mean":31.0200271606,"median":30.3189659119,"min":1.34187161922,"var":165.669311523},"gfcc":{"cov":[[19010.2402344,-55.8129234314,-2170.41894531,579.627197266,266.733673096,-662.98425293,748.050842285,-105.101715088,222.548736572,282.0262146,86.3180847168,152.55847168,33.2198982239],[-55.8129234314,840.76739502,233.872268677,-324.10067749,109.985900879,108.413047791,-66.5004882812,-11.6083707809,1.75677108765,-57.2176246643,58.0461158752,-44.0174293518,56.4991531372],[-2170.41894531,233.872268677,714.567993164,-134.600265503,-73.0078964233,276.944335938,-218.089447021,101.507164001,-73.3339309692,-30.1811752319,8.80955886841,-39.4177360535,24.3909797668],[579.627197266,-324.10067749,-134.600265503,433.348968506,37.7763442993,-139.984863281,109.197608948,13.293305397,38.4609565735,18.6799736023,-47.3865356445,32.3530578613,-37.986743927],[266.733673096,109.985900879,-73.0078964233,37.7763442993,286.809692383,63.278968811,89.4337387085,41.3337974548,41.6630096436,-39.5365066528,36.8957862854,14.2164173126,15.8053598404],[-662.98425293,108.413047791,276.944335938,-139.984863281,63.278968811,363.456573486,-59.3174247742,109.183418274,-35.0515823364,-12.2202854156,29.2831611633,2.97865605354,33.0119438171],[748.050842285,-66.5004882812,-218.089447021,109.197608948,89.4337387085,-59.3174247742,242.257415771,-18.4784240723,56.7377510071,2.3102991581,2.92324066162,25.7493534088,-15.8717441559],[-105.101715088,-11.6083707809,101.507164001,13.293305397,41.3337974548,109.183418274,-18.4784240723,177.272232056,37.4682846069,20.0635471344,13.622344017,-2.19887948036,15.9185571671],[222.548736572,1.75677108765,-73.3339309692,38.4609565735,41.6630096436,-35.0515823364,56.7377510071,37.4682846069,125.502967834,46.7387886047,13.88022995,12.0174779892,-13.4818544388],[282.0262146,-57.2176246643,-30.1811752319,18.6799736023,-39.5365066528,-12.2202854156,2.3102991581,20.0635471344,46.7387886047,110.227935791,30.865240097,-2.16052746773,8.58003044128],[86.3180847168,58.0461158752,8.80955886841,-47.3865356445,36.8957862854,29.2831611633,2.92324066162,13.622344017,13.88022995,30.865240097,77.8959579468,28.2317008972,12.8332519531],[152.55847168,-44.0174293518,-39.4177360535,32.3530578613,14.2164173126,2.97865605354,25.7493534088,-2.19887948036,12.0174779892,-2.16052746773,28.2317008972,71.2051925659,17.6238918304],[33.2198982239,56.4991531372,24.3909797668,-37.986743927,15.8053598404,33.0119438171,-15.8717441559,15.9185571671,-13.4818544388,8.58003044128,12.8332519531,17.6238918304,72.7008590698]],"icov":[[0.000103234691778,-0.000220009766053,0.00042183836922,-0.000204654978006,0.000110930930532,-0.000108216874651,-0.0000282345245068,-0.000164564931765,0.000239395798417,-0.00027297536144,-0.00000965633898886,-0.0000958998061833,0.0000318019629049],[-0.000220009766053,0.00299861561507,-0.00186667894013,0.00188827456441,-0.00113241258077,0.000809373916127,-0.000199555433937,0.00125909724738,-0.00211716699414,0.00231002573855,-0.00166080612689,0.00231568026356,-0.00199094368145],[0.00042183836922,-0.00186667894013,0.005308825057,-0.00250354944728,0.00251600542106,-0.00317839672789,0.00197787187062,-0.00115900905803,0.000547787465621,0.00097455503419,-0.00213865400292,0.00176056229975,-0.000312165153446],[-0.000204654978006,0.00188827456441,-0.00250354944728,0.00641887122765,-0.00352984876372,0.00349812116474,-0.00162751390599,-0.00127070851158,0.00162624707446,-0.00362283596769,0.00618778076023,-0.00511963479221,0.00279973680153],[0.000110930930532,-0.00113241258077,0.00251600542106,-0.00352984876372,0.00848857313395,-0.00348420906812,-0.000713808636647,-0.0000636612894596,-0.00392768252641,0.00745164463297,-0.0081132138148,0.00582525227219,-0.00385212735273],[-0.000108216874651,0.000809373916127,-0.00317839672789,0.00349812116474,-0.00348420906812,0.00719799939543,-0.00128471606877,-0.0030046030879,0.00329325767234,-0.00323067978024,0.00350765045732,-0.00428940076381,0.0015936519485],[-0.0000282345245068,-0.000199555433937,0.00197787187062,-0.00162751390599,-0.000713808636647,-0.00128471606877,0.00727109657601,0.00107312272303,-0.00237423717044,0.0012544557685,-0.000817359657958,0.0000637090706732,0.000285499525489],[-0.000164564931765,0.00125909724738,-0.00115900905803,-0.00127070851158,-0.0000636612894596,-0.0030046030879,0.00107312272303,0.00986848119646,-0.00558918435127,0.00232115481049,-0.0028453047853,0.00413939682767,-0.00353838200681],[0.000239395798417,-0.00211716699414,0.000547787465621,0.00162624707446,-0.00392768252641,0.00329325767234,-0.00237423717044,-0.00558918435127,0.017849996686,-0.0123431803659,0.00771475862712,-0.00933452509344,0.00793376285583],[-0.00027297536144,0.00231002573855,0.00097455503419,-0.00362283596769,0.00745164463297,-0.00323067978024,0.0012544557685,0.00232115481049,-0.0123431803659,0.0250550787896,-0.0179904419929,0.0149057460949,-0.0099614225328],[-0.00000965633898886,-0.00166080612689,-0.00213865400292,0.00618778076023,-0.0081132138148,0.00350765045732,-0.000817359657958,-0.0028453047853,0.00771475862712,-0.0179904419929,0.0328513383865,-0.0203070100397,0.00853906571865],[-0.0000958998061833,0.00231568026356,0.00176056229975,-0.00511963479221,0.00582525227219,-0.00428940076381,0.0000637090706732,0.00413939682767,-0.00933452509344,0.0149057460949,-0.0203070100397,0.0313337296247,-0.0127340285107],[0.0000318019629049,-0.00199094368145,-0.000312165153446,0.00279973680153,-0.00385212735273,0.0015936519485,0.000285499525489,-0.00353838200681,0.00793376285583,-0.0099614225328,0.00853906571865,-0.0127340285107,0.0220327433199]],"mean":[-36.9423408508,112.081718445,-85.6842193604,2.99642968178,-3.14091920853,-10.211151123,1.61430847645,-16.3920288086,-5.5294303894,-8.41302967072,-0.554597616196,-1.69392204285,-3.36652565002]},"hfc":{"dmean":52.7984580994,"dmean2":85.0731887817,"dvar":3530.98754883,"dvar2":9114.94824219,"max":1109.61120605,"mean":201.466918945,"median":169.092712402,"min":1.10637623773e-16,"var":21613.5234375},"melbands":{"dmean":[0.00298863835633,0.00125062640291,0.000554599741008,0.000466153258458,0.000420475320425,0.000236038438743,0.000144459801959,0.0000930898822844,0.0000852122757351,0.0000775935695856,0.0000623367741355,0.0000695389026077,0.0000511782018293,0.0000786611417425,0.0000531813675479,0.0000319400351145,0.0000205708711292,0.0000282971031993,0.0000192624665942,0.0000119606447697,0.0000114962322186,0.00000794308380136,0.00000753909125706,0.00000757080943004,0.00000810843266663,0.00000625869461146,0.00000416767943534,0.00000366519225281,0.00000229572970056,0.00000137997335514,7.96731058017e-7,4.13440517377e-7,2.36015694099e-7,1.53951916104e-7,1.06196459626e-7,6.53630749525e-8,3.80690963198e-8,2.66107047509e-8,2.29888321712e-8,2.06032240158e-8],"dmean2":[0.00502493465319,0.00208814744838,0.000907483568881,0.000756323686801,0.000669002067298,0.000375062576495,0.000229474098887,0.000148061604705,0.000137785275001,0.000125773760374,0.0000993777721305,0.000114107504487,0.0000830545977806,0.000129353677039,0.0000874440156622,0.000051528095355,0.0000332308009092,0.0000451174855698,0.0000311007643177,0.0000191272156371,0.0000181987034011,0.0000125025189845,0.0000114430067697,0.0000118144862427,0.0000123922700368,0.00000961027762969,0.00000620714217803,0.00000565154459764,0.00000344919521922,0.00000204627122002,0.00000118348339129,6.21850404059e-7,3.56133512014e-7,2.32521259136e-7,1.6375827272e-7,9.99222535825e-8,6.09644246197e-8,4.38496812194e-8,3.78814988267e-8,3.38902665931e-8],"dvar":[0.000020460525775,0.00000238891516346,8.00661041467e-7,7.82503036589e-7,8.83821087427e-7,3.26586103938e-7,1.45627382153e-7,5.49833636398e-8,5.64661633007e-8,5.43636922146e-8,2.45573819058e-8,3.59631293634e-8,1.82792003756e-8,3.50806779181e-8,1.08024851286e-8,4.50933379526e-9,1.82100490242e-9,1.07287840834e-8,1.9249579708e-9,6.9878647313e-10,1.00316799312e-9,3.26769472592e-10,3.66337293833e-10,5.62511037749e-10,5.66345859099e-10,3.6489464228e-10,1.59310786785e-10,9.40945654726e-11,4.62375450427e-11,2.71530506413e-11,4.95724555155e-12,7.49585235462e-13,2.57813789848e-13,1.11144268431e-13,6.1322942438e-14,1.47067738711e-14,4.29082665937e-15,2.00777704026e-15,1.46099292061e-15,1.1529052266e-15],"dvar2":[0.0000555363403691,0.00000627128974884,0.00000206743129638,0.0000018635989818,0.00000204984075935,7.70916642523e-7,3.41585973729e-7,1.25824797692e-7,1.40197627729e-7,1.41861136171e-7,5.61433566304e-8,9.76641274519e-8,4.55263311494e-8,9.58915720162e-8,2.85570056491e-8,1.13026947801e-8,4.66433025537e-9,2.70899178645e-8,4.95961050007e-9,1.7599895985e-9,2.39084707587e-9,7.67498731236e-10,7.84478371152e-10,1.34456590306e-9,1.2931858917e-9,8.54826709418e-10,3.51064816106e-10,2.03251068753e-10,1.03743492963e-10,5.91771978642e-11,9.9075747606e-12,1.68844799253e-12,5.75879025456e-13,2.42494473937e-13,1.37297521984e-13,3.04299432332e-14,9.87310073649e-15,4.91105764115e-15,3.56727078703e-15,2.81844538078e-15],"max":[0.0691194832325,0.0255764182657,0.0190077926964,0.0172115452588,0.02333506383,0.020754346624,0.0121154412627,0.00626968219876,0.0060841711238,0.00836679432541,0.00372753315605,0.00532759074122,0.00351184629835,0.00378443021327,0.00223238556646,0.00149015057832,0.00121052749455,0.00472166063264,0.00118579820264,0.000585598521866,0.000984323443845,0.00037851522211,0.000569253112189,0.000767559802625,0.000600262894295,0.000609971350059,0.000430897576734,0.000280697189737,0.000268204021268,0.000299950508634,0.000109003543912,0.000019827617507,0.0000123085910673,0.00000795786036178,0.0000055816949498,0.00000323372069033,0.00000166777147115,7.01516796653e-7,6.07890171977e-7,5.52847097879e-7],"mean":[0.00542487762868,0.00223768409342,0.000906432105694,0.000684445665684,0.000579054292757,0.000335403397912,0.000214065265027,0.00013253238285,0.000117155330372,0.000106982268335,0.0000898660582607,0.0000971705303527,0.0000774311702116,0.000122600235045,0.0000867041380843,0.0000527069823875,0.0000342333623848,0.0000442747259513,0.0000324699976773,0.0000208811943594,0.0000197132521862,0.000014430448573,0.000013490252968,0.0000127905232148,0.0000138520199471,0.0000108574768092,0.00000744638464312,0.00000691316563461,0.00000441620795755,0.00000251147048402,0.00000149888251144,8.01020746621e-7,4.77367336771e-7,3.09588017444e-7,2.0108143417e-7,1.1891174978e-7,5.06181372373e-8,2.76628249196e-8,2.42077717871e-8,2.19889635389e-8],"median":[0.00306916050613,0.00162616046146,0.000570414355025,0.00029795820592,0.00019055417215,0.000109664899355,0.0000603547086939,0.0000379865850846,0.0000337698620569,0.0000319244427374,0.0000320062281389,0.0000341185877915,0.0000302407697745,0.0000424680074502,0.0000363280269084,0.0000222173075599,0.0000158629973157,0.0000135232576213,0.00000931385420699,0.00000600498151471,0.00000549190917809,0.00000473498494102,0.00000484467864226,0.00000234296931012,0.00000221156051339,0.00000165372284755,0.0000010916737665,9.78143589236e-7,6.81615347276e-7,4.47292052286e-7,3.33422406129e-7,2.09067295032e-7,1.41731561598e-7,1.00177700801e-7,6.6939399801e-8,4.58625670774e-8,2.12582502712e-8,1.00476311715e-8,8.95338114759e-9,8.39087910265e-9],"min":[1.49545702866e-24,2.11396815457e-24,2.84330772955e-24,1.46510244989e-24,2.44082931799e-24,3.04762250679e-24,3.29326550964e-24,2.75968433208e-24,3.15714361613e-24,3.12847345261e-24,3.69760997167e-24,3.49483051497e-24,3.69021913385e-24,2.60706558211e-24,4.24786924649e-24,4.77463506025e-24,5.38192463978e-24,2.47660179346e-24,3.5044893279e-24,4.44766049808e-24,4.73358313318e-24,4.89659887266e-24,5.92567265668e-24,6.32466430305e-24,4.9023386246e-24,6.19010080427e-24,7.23366359654e-24,5.49926572728e-24,6.3361031806e-24,8.16298039707e-24,6.75053835691e-24,7.00906700821e-24,6.50481370696e-24,4.55922791261e-24,5.98970489079e-24,5.23837601529e-24,6.69779432793e-24,6.37073930194e-24,7.48476827786e-24,7.00314739598e-24],"var":[0.000043907763029,0.00000476081049783,0.00000128691158352,0.00000139708129154,0.0000016621256691,5.51637981516e-7,3.30987035113e-7,9.99358320541e-8,8.28772783734e-8,6.98021267453e-8,3.90655898741e-8,4.57700402023e-8,2.66392667925e-8,6.39118269419e-8,1.9195647738e-8,8.18944467795e-9,3.25286020342e-9,1.58638044923e-8,3.88276166774e-9,1.57418567071e-9,1.98346361557e-9,7.39616867751e-10,8.58132620518e-10,1.06200515049e-9,1.24946875069e-9,7.53146434107e-10,3.98434785165e-10,2.52483506324e-10,1.20760970668e-10,5.20559602368e-11,1.22081190643e-11,2.08507169863e-12,7.52390174903e-13,3.15347194971e-13,1.51365587273e-13,4.18198800784e-14,7.02851422489e-15,2.39350568004e-15,1.77726761158e-15,1.41699220598e-15]},"melbands_crest":{"dmean":4.32905435562,"dmean2":7.1760134697,"dvar":14.1095438004,"dvar2":38.588218689,"max":37.8257789612,"mean":19.1770324707,"median":18.4000930786,"min":1.5561825037,"var":50.8514938354},"melbands_flatness_db":{"dmean":0.037778660655,"dmean2":0.0602795034647,"dvar":0.00105212454218,"dvar2":0.00273392279632,"max":0.623104095459,"mean":0.291437715292,"median":0.283715158701,"min":0.00334963900968,"var":0.00735285226256},"melbands_kurtosis":{"dmean":11.9310903549,"dmean2":19.2684307098,"dvar":412.637908936,"dvar2":1065.45849609,"max":508.869506836,"mean":23.1640071869,"median":11.278719902,"min":-1.91634941101,"var":1413.11035156},"melbands_skewness":{"dmean":0.988701760769,"dmean2":1.57806062698,"dvar":0.928272545338,"dvar2":2.38969731331,"max":18.1653423309,"mean":3.48521351814,"median":3.00036406517,"min":-0.729324698448,"var":4.72631263733},"melbands_spread":{"dmean":5.3637304306,"dmean2":8.41411876678,"dvar":51.1843833923,"dvar2":110.912582397,"max":190.852508545,"mean":15.6393070221,"median":11.1772632599,"min":0.192393779755,"var":285.675231934},"mfcc":{"cov":[[11709.1435547,304.744689941,-2058.48974609,1176.39013672,-818.849304199,266.231658936,-126.967834473,18.898935318,22.4870681763,293.467315674,13.6199836731,43.9446716309,166.639053345],[304.744689941,1332.74475098,52.9899520874,-314.857757568,200.985717773,49.4771842957,88.958404541,42.3802261353,13.0919952393,-33.0183448792,60.1232223511,21.9511146545,-15.7383766174],[-2058.48974609,52.9899520874,832.584777832,-334.887298584,200.61869812,-59.9331588745,32.7561264038,-41.0305175781,-9.82541751862,-52.814994812,-3.65351986885,-6.87666130066,-39.5329437256],[1176.39013672,-314.857757568,-334.887298584,576.452819824,-162.686248779,15.1576042175,-71.4732666016,15.2875156403,3.63339996338,60.3104171753,-15.3118085861,-14.7296791077,12.1784038544],[-818.849304199,200.985717773,200.61869812,-162.686248779,329.043243408,-0.893900096416,76.057723999,66.6888275146,40.8614082336,-29.4989681244,38.42603302,26.074054718,-17.8296813965],[266.231658936,49.4771842957,-59.9331588745,15.1576042175,-0.893900096416,144.789001465,48.1653823853,44.3552246094,4.31089735031,9.86309432983,-7.48323059082,10.9606866837,12.4662046432],[-126.967834473,88.958404541,32.7561264038,-71.4732666016,76.057723999,48.1653823853,149.154983521,57.172504425,26.956861496,-20.1172237396,11.6255435944,5.10890960693,0.312174409628],[18.898935318,42.3802261353,-41.0305175781,15.2875156403,66.6888275146,44.3552246094,57.172504425,162.595046997,41.6055488586,5.09654283524,13.7264518738,18.1214923859,-0.373971581459],[22.4870681763,13.0919952393,-9.82541751862,3.63339996338,40.8614082336,4.31089735031,26.956861496,41.6055488586,97.0076293945,38.1760559082,18.6397800446,12.6031217575,2.004540205],[293.467315674,-33.0183448792,-52.814994812,60.3104171753,-29.4989681244,9.86309432983,-20.1172237396,5.09654283524,38.1760559082,92.4633789062,39.4587478638,15.6826477051,5.61427116394],[13.6199836731,60.1232223511,-3.65351986885,-15.3118085861,38.42603302,-7.48323059082,11.6255435944,13.7264518738,18.6397800446,39.4587478638,83.7606582642,40.6197509766,5.86036968231],[43.9446716309,21.9511146545,-6.87666130066,-14.7296791077,26.074054718,10.9606866837,5.10890960693,18.1214923859,12.6031217575,15.6826477051,40.6197509766,74.9314193726,31.9259929657],[166.639053345,-15.7383766174,-39.5329437256,12.1784038544,-17.8296813965,12.4662046432,0.312174409628,-0.373971581459,2.004540205,5.61427116394,5.86036968231,31.9259929657,57.627571106]],"icov":[[0.000194662585272,-0.000146806181874,0.000330085487803,-0.000190338731045,0.000226092597586,-0.0000886118286871,-0.000092486734502,0.0000783684299677,0.0000434010762547,-0.000360414007446,0.00016459125618,-0.000104743026895,-0.000171301566297],[-0.000146806181874,0.00108780420851,-0.00000441545807917,0.000668856897391,-0.000568367540836,-0.000347038527252,0.0000986993982224,-0.0000159038154379,-0.0000252162335528,0.000606459681876,-0.000903890177142,0.000385326711694,0.00029604480369],[0.000330085487803,-0.00000441545807917,0.00245143217035,0.000605731620453,-0.000615306606051,0.000291302829282,-0.000250164448516,0.000689141394105,0.000383221951779,-0.000862606742885,0.00089005229529,-0.00043671351159,0.000572568154894],[-0.000190338731045,0.000668856897391,0.000605731620453,0.00308664888144,0.0000761890987633,-0.0000343944848282,0.000865558336955,-0.000707701547071,0.000133856927278,-0.00079571059905,0.000107516803837,0.000664078223053,0.00021205797384],[0.000226092597586,-0.000568367540836,-0.000615306606051,0.0000761890987633,0.00565147539601,0.0000327535854012,-0.000838914944325,-0.0013416701695,-0.00195283838548,0.00215280777775,-0.00200721784495,-0.00113440374844,0.00118086102884],[-0.0000886118286871,-0.000347038527252,0.000291302829282,-0.0000343944848282,0.0000327535854012,0.00969739817083,-0.00359341595322,-0.00182602414861,0.00239527551457,-0.00376030942425,0.00429105199873,-0.00224771420471,-0.000619568920229],[-0.000092486734502,0.0000986993982224,-0.000250164448516,0.000865558336955,-0.000838914944325,-0.00359341595322,0.0107901645824,-0.00196420191787,-0.00315925828181,0.00472405971959,-0.00384167023003,0.00284409988672,-0.00114886462688],[0.0000783684299677,-0.0000159038154379,0.000689141394105,-0.000707701547071,-0.0013416701695,-0.00182602414861,-0.00196420191787,0.0089812213555,-0.00267937011085,0.000679938180838,0.000231001860811,-0.00186818849761,0.00147863989696],[0.0000434010762547,-0.0000252162335528,0.000383221951779,0.000133856927278,-0.00195283838548,0.00239527551457,-0.00315925828181,-0.00267937011085,0.0162854716182,-0.00941262766719,0.00350250024348,-0.00130201992579,-0.000304736138787],[-0.000360414007446,0.000606459681876,-0.000862606742885,-0.00079571059905,0.00215280777775,-0.00376030942425,0.00472405971959,0.000679938180838,-0.00941262766719,0.0231594610959,-0.0128071028739,0.00275229103863,0.0000913154144655],[0.00016459125618,-0.000903890177142,0.00089005229529,0.000107516803837,-0.00200721784495,0.00429105199873,-0.00384167023003,0.000231001860811,0.00350250024348,-0.0128071028739,0.0257067158818,-0.0130294691771,0.00406815530732],[-0.000104743026895,0.000385326711694,-0.00043671351159,0.000664078223053,-0.00113440374844,-0.00224771420471,0.00284409988672,-0.00186818849761,-0.00130201992579,0.00275229103863,-0.0130294691771,0.0269258674234,-0.0137389982119],[-0.000171301566297,0.00029604480369,0.000572568154894,0.00021205797384,0.00118086102884,-0.000619568920229,-0.00114886462688,0.00147863989696,-0.000304736138787,0.0000913154144655,0.00406815530732,-0.0137389982119,0.0259916502982]],"mean":[-697.513366699,171.033843994,-15.5316486359,33.6494293213,7.39125013351,20.94572258,9.72165775299,9.11790657043,-0.615473330021,1.16149461269,1.27639484406,2.51786541939,2.27193713188]},"pitch_salience":{"dmean":0.0782515257597,"dmean2":0.128266140819,"dvar":0.00424047512934,"dvar2":0.0115085337311,"max":0.958706617355,"mean":0.477035105228,"median":0.487060517073,"min":0.0732707604766,"var":0.0172208789736},"silence_rate_20dB":{"dmean":0,"dmean2":0,"dvar":0,"dvar2":0,"max":1,"mean":1,"median":1,"min":1,"var":0},"silence_rate_30dB":{"dmean":0.0306852404028,"dmean2":0.0613762587309,"dvar":0.0297460351139,"dvar2":0.0717284977436,"max":1,"mean":0.964611768723,"median":1,"min":0,"var":0.0341351293027},"silence_rate_60dB":{"dmean":0.00263554207049,"dmean2":0.00527158053592,"dvar":0.00262837158516,"dvar2":0.00562105048448,"max":1,"mean":0.0537411756814,"median":0,"min":0,"var":0.0508493520319},"spectral_centroid":{"dmean":207.892044067,"dmean2":301.468353271,"dvar":64298.5234375,"dvar2":112672.101562,"max":11430.1328125,"mean":1058.91845703,"median":889.989685059,"min":144.073287964,"var":628768.75},"spectral_complexity":{"dmean":3.42356920242,"dmean2":5.07879114151,"dvar":12.7200431824,"dvar2":23.3503894806,"max":65,"mean":18.7824935913,"median":16,"min":0,"var":154.147857666},"spectral_contrast_coeffs":{"dmean":[0.0524200312793,0.0508054494858,0.0382110103965,0.029209015891,0.0264014340937,0.0388438738883],"dmean2":[0.0865768715739,0.0844575017691,0.0639408305287,0.0482155717909,0.0423757396638,0.0599810965359],"dvar":[0.00172025198117,0.00168696767651,0.000942551298067,0.000540375127457,0.000596928643063,0.00134181452449],"dvar2":[0.00470862071961,0.00452765682712,0.00256496551447,0.00144124333747,0.00150289735757,0.0031301791314],"max":[-0.311962485313,-0.464043200016,-0.544256806374,-0.615920960903,-0.637137293816,-0.466296732426],"mean":[-0.704007744789,-0.774050176144,-0.808007180691,-0.811113715172,-0.818730592728,-0.764858782291],"median":[-0.711545825005,-0.78295481205,-0.814200699329,-0.813872098923,-0.814170658588,-0.774165809155],"min":[-0.974258244038,-0.979135513306,-0.97432333231,-0.986195325851,-0.973079442978,-0.967043876648],"var":[0.00612204521894,0.00474462425336,0.0029451798182,0.00221827952191,0.00238103186712,0.00854991842061]},"spectral_contrast_valleys":{"dmean":[0.364094018936,0.37968108058,0.307430565357,0.285752654076,0.364026159048,0.651694476604],"dmean2":[0.609652459621,0.620702445507,0.492898434401,0.441687405109,0.539030909538,1.0333313942],"dvar":[0.0908748731017,0.100029155612,0.0696994289756,0.0733906850219,0.15381243825,0.275981098413],"dvar2":[0.238510340452,0.250310242176,0.159746021032,0.153137043118,0.357428610325,0.75489294529],"max":[-4.82702159882,-4.79622936249,-5.26318883896,-5.58472633362,-5.16677331924,-8.98736000061],"mean":[-6.78320646286,-6.89368247986,-7.19448232651,-7.66195678711,-8.01816558838,-11.359131813],"median":[-6.49511241913,-6.69345426559,-6.91057395935,-7.36646842957,-7.74353790283,-11.1787204742],"min":[-28.059677124,-27.8421077728,-27.6689510345,-27.4315090179,-27.4578895569,-27.3476448059],"var":[2.45999574661,2.31713080406,2.42727231979,2.56899595261,3.02057886124,1.82693052292]},"spectral_decrease":{"dmean":3.60253049614e-9,"dmean2":5.85145487619e-9,"dvar":2.06573055144e-17,"dvar2":5.32196028541e-17,"max":6.19283824221e-9,"mean":-7.31177651758e-9,"median":-5.5478563965e-9,"min":-6.16770279294e-8,"var":5.05099940867e-17},"spectral_energy":{"dmean":0.0135816661641,"dmean2":0.021797966212,"dvar":0.000286084308755,"dvar2":0.000739738345146,"max":0.248208448291,"mean":0.0458699800074,"median":0.0403552427888,"min":1.03291262858e-20,"var":0.000934573705308},"spectral_energyband_high":{"dmean":0.000163036034792,"dmean2":0.000221395268454,"dvar":1.53711724238e-7,"dvar2":2.58424648791e-7,"max":0.0166789572686,"mean":0.000472853658721,"median":0.000122419238323,"min":7.40095053819e-21,"var":7.42586109936e-7},"spectral_energyband_low":{"dmean":0.0109630003572,"dmean2":0.0182788334787,"dvar":0.000236348278122,"dvar2":0.000635209959,"max":0.218910858035,"mean":0.0224461834878,"median":0.0157912131399,"min":3.18010562159e-23,"var":0.000496585678775},"spectral_energyband_middle_high":{"dmean":0.0016941864742,"dmean2":0.00253311707638,"dvar":0.00000713182271284,"dvar2":0.0000168894202943,"max":0.0526238456368,"mean":0.0048606377095,"median":0.00268893875182,"min":1.22752583063e-21,"var":0.0000339504840667},"spectral_energyband_middle_low":{"dmean":0.00432981969789,"dmean2":0.0067696608603,"dvar":0.0000411435030401,"dvar2":0.0000969015309238,"max":0.10436438024,"mean":0.00942990649492,"median":0.00565762165934,"min":1.99919744411e-22,"var":0.000119702483062},"spectral_entropy":{"dmean":0.200149163604,"dmean2":0.309274286032,"dvar":0.0455942340195,"dvar2":0.109910771251,"max":9.81795310974,"mean":7.36131906509,"median":7.47467803955,"min":4.50934028625,"var":0.228759080172},"spectral_flux":{"dmean":0.0240633934736,"dmean2":0.0386706367135,"dvar":0.000649822701234,"dvar2":0.0015870037023,"max":0.392978131771,"mean":0.104920774698,"median":0.103311516345,"min":6.41701136672e-11,"var":0.0024699959904},"spectral_kurtosis":{"dmean":6.19014787674,"dmean2":9.88780212402,"dvar":88.2136764526,"dvar2":239.989883423,"max":183.436599731,"mean":19.6301727295,"median":15.6078205109,"min":-1.23415780067,"var":160.643463135},"spectral_rms":{"dmean":0.000938048295211,"dmean2":0.00148733251262,"dvar":9.20412503547e-7,"dvar2":0.00000236121968555,"max":0.0155613170937,"mean":0.00624245312065,"median":0.00627462891862,"min":3.17446004379e-12,"var":0.00000578289427722},"spectral_rolloff":{"dmean":4686.79638672,"dmean2":9121.53515625,"dvar":65755600,"dvar2":163013168,"max":22028.4667969,"mean":14325.4726562,"median":21640.8691406,"min":43.06640625,"var":95634480},"spectral_skewness":{"dmean":0.461878806353,"dmean2":0.713865101337,"dvar":0.348358631134,"dvar2":0.905811488628,"max":11.532336235,"mean":2.91121959686,"median":2.58473110199,"min":-0.0393658839166,"var":1.24647009373},"spectral_spread":{"dmean":539176.0625,"dmean2":854073.0625,"dvar":441389187072,"dvar2":1055773884420,"max":42212572,"mean":3613481.5,"median":3474551.75,"min":1033447.1875,"var":3469807976450},"spectral_strongpeak":{"dmean":9.15057563782,"dmean2":17.0457859039,"dvar":535.695800781,"dvar2":1437.29284668,"max":296.237976074,"mean":9.65285396576,"median":0.296716630459,"min":0,"var":683.373352051},"zerocrossingrate":{"dmean":0.0459482111037,"dmean2":0.0599254816771,"dvar":0.00152790080756,"dvar2":0.0025204278063,"max":0.94189453125,"mean":0.300834268332,"median":0.2841796875,"min":0.015625,"var":0.0146451788023}},"metadata":{"audio_properties":{"analysis_sample_rate":44100,"bit_rate":140677,"codec":"mp3","downmix":"mix","equal_loudness":0,"length":246.675354004,"lossless":false,"md5_encoded":"d8132c34ace971350126d36034342388","replay_gain":-11.4650993347,"sample_rate":44100},"tags":{"album":["4:13 Dream"],"albumartist":["The Cure"],"albumartistsort":["Cure, The"],"artist":["The Cure"],"artistsort":["Cure, The"],"asin":["B001FBSMOO"],"barcode":["602517642256"],"catalognumber":["0602517642256"],"date":["2008-10-24"],"file_name":"10 - The Cure - This. Here and Now. With You.mp3","genre":["Alternative Rock","Goth","Indie Rock","Nowa Fala","Indie","Rock","The Cure","Pop","New Wave","Post-Punk","Gothic","British","Best Of The Cure","80S","Bujamsie","Alternative"],"label":["Geffen Records"],"musicbrainz album release country":["DE"],"musicbrainz album status":["official"],"musicbrainz album type":["album"],"musicbrainz_albumartistid":["69ee3720-a7cb-4402-b48d-a02c366f2bcf"],"musicbrainz_albumid":["13ea136b-4ac0-4e5e-ac77-0caca123cc1c"],"musicbrainz_artistid":["69ee3720-a7cb-4402-b48d-a02c366f2bcf"],"musicbrainz_recordingid":["7744c478-cf13-417b-824c-fbc5e300172f"],"musicip_puid":["a2c7061c-01bb-c6f5-6ba8-9fc03ccc763d"],"title":["This. Here and Now. With You"],"tracknumber":["10/13"]},"version":{"essentia":"2.1-beta1","essentia_build_sha":"81dca3489dfd3c4275b86ac4d56d870715677d3f","essentia_git_sha":"v2.1_beta1-28-g21ef5f4","extractor":"music 1.0"}},"rhythm":{"beats_count":479,"beats_loudness":{"dmean":0.0194307491183,"dmean2":0.0321110896766,"dvar":0.000279541331111,"dvar2":0.00076351914322,"max":0.154655247927,"mean":0.0522398129106,"median":0.0482304766774,"min":1.43574777067e-10,"var":0.000842379755341},"beats_loudness_band_ratio":{"dmean":[0.204842567444,0.115616612136,0.0594189539552,0.049317009747,0.0250302385539,0.0778758004308],"dmean2":[0.356017172337,0.209688335657,0.105815120041,0.08626