{"lowlevel":{"average_loudness":0.127329215407,"barkbands":{"dmean":[0.000150186780957,0.00068955036113,0.00195267552044,0.000841521774419,0.00155599555001,0.00120783096645,0.00069694139529,0.000308812625008,0.000478302914416,0.00132016302086,0.00054461642867,0.000669352419209,0.000396383838961,0.000151985543198,0.000222059374209,0.0000553681529709,0.0000258499221673,0.0000222978287638,0.0000221161535592,0.00000535411709279,0.00000189598370071,0.00000141701934808,0.00000112719760637,0.00000106273944311,0.00000102001774849,0.00000100582451523,0.0000089786872195],"dmean2":[0.000276483246125,0.0010488681728,0.00303072552197,0.00131115142722,0.00239388039336,0.0018216521712,0.00108005548827,0.000467019010102,0.000746851786971,0.00206758617423,0.000844724883791,0.00102963333484,0.000592165626585,0.000239972971031,0.000357238779543,0.0000835772589198,0.0000392773763451,0.0000342222665495,0.000033864787838,0.00000832883415569,0.00000310399309456,0.00000237588392338,0.00000189786851479,0.00000179218295671,0.00000172165107415,0.00000169596285104,0.0000131415199576],"dvar":[7.11266636699e-8,0.00000225937424148,0.0000155584111781,0.00000618502645011,0.0000448943828815,0.0000276997070614,0.0000207711746043,0.00000308867925014,0.00000375299259758,0.0000162513424584,0.00000195504162548,0.0000033156554764,0.00000242364058067,3.82729979265e-7,0.00000107476762423,6.87508219244e-8,6.95134660944e-9,7.61160823259e-9,1.09822568817e-8,5.05386732463e-10,2.06636513456e-11,1.21361653366e-11,7.92319855558e-12,7.09443658334e-12,6.54983359216e-12,6.35122683612e-12,1.01042552103e-9],"dvar2":[2.05378611895e-7,0.00000528883037987,0.0000347984569089,0.0000130615680973,0.000105125232949,0.0000599631821387,0.0000506751857756,0.0000068052277129,0.00000890351839189,0.000038018442865,0.00000453080929219,0.00000725847576177,0.00000453707980341,9.90951321e-7,0.00000295212794299,1.30329638637e-7,1.62917963564e-8,1.79778503195e-8,2.57225938327e-8,1.16943188466e-9,5.08864443638e-11,3.07917510933e-11,1.9993564096e-11,1.79019802454e-11,1.65420056125e-11,1.6031410574e-11,2.45245157515e-9],"max":[0.00565315131098,0.0327349491417,0.0908661857247,0.0844248533249,0.289133667946,0.201914250851,0.138545572758,0.0856869891286,0.0465436540544,0.104271389544,0.0301630683243,0.0419975593686,0.0384796336293,0.0262483786792,0.034165520221,0.0141327129677,0.00238775531761,0.00300683360547,0.00349559751339,0.00109202752355,0.0000869547584443,0.0000595277306275,0.0000481527276861,0.0000446979502158,0.0000429548126704,0.0000425000762334,0.00118842115626],"mean":[0.000146582213347,0.00123378192075,0.0032624907326,0.00116038986016,0.00231487676501,0.00178364524618,0.000954701332375,0.000426443264587,0.000688200525474,0.00197621923871,0.000777334847953,0.00100455468055,0.000676951429341,0.000230951263802,0.00031838612631,0.0000907730136532,0.0000453362117696,0.0000396112300223,0.0000383628030249,0.00000831422948977,0.0000022573581191,0.00000144937848745,0.00000109126676762,9.97706251837e-7,9.42846270391e-7,9.49798504735e-7,0.0000191431572603],"median":[0.0000811913050711,0.000365501618944,0.000685776816681,0.000256217492279,0.000375680538127,0.0001382441842,0.0000347669811163,0.0000325377986883,0.0000348047433363,0.000084404120571,0.0000832286314107,0.000121422352095,0.0000397028888983,0.0000133419516715,0.00000784597887105,0.00000374780665879,0.00000235198876908,0.00000149538675487,0.00000107016614947,6.17517230239e-7,4.17394090846e-7,2.73048840427e-7,1.9083474001e-7,1.54974642896e-7,1.32732282054e-7,1.5142495613e-7,0.00000129322313569],"min":[1.41360434782e-23,1.46357401611e-22,2.06602387087e-23,2.03159103899e-23,5.09335900511e-23,4.86233162268e-23,5.33912294033e-23,1.27793715375e-23,4.01863983584e-23,2.94083937587e-23,7.12462945103e-23,1.0402892404e-22,3.61619897405e-23,1.92596527747e-22,1.47560925673e-22,5.5749525924e-23,1.89530812321e-22,3.1250700779e-22,1.8317085162e-22,2.79857582157e-22,4.63063017439e-22,7.67435544009e-22,6.37788866944e-22,9.9022819046e-22,1.30839969918e-21,1.72616700501e-21,2.44558553236e-21],"var":[5.72357414796e-8,0.00000634786556475,0.0000464472177555,0.0000109710881588,0.0000720553580322,0.0000577613209316,0.000036855959479,0.00000584983717999,0.00000702245324646,0.0000342214807461,0.00000332846207129,0.00000609945391261,0.00000745974466554,5.96918141582e-7,0.0000018292820414,1.65132902907e-7,1.99654071054e-8,2.20247802218e-8,2.90996275965e-8,1.12943088215e-9,2.75732683214e-11,1.2615560506e-11,7.91439656866e-12,7.00956957408e-12,6.44651519666e-12,6.2844534264e-12,3.33465144386e-9]},"barkbands_crest":{"dmean":3.07549977303,"dmean2":5.12257814407,"dvar":7.51981115341,"dvar2":20.0491065979,"max":26.861366272,"mean":11.8567399979,"median":11.0531549454,"min":3.13513016701,"var":19.3234958649},"barkbands_flatness_db":{"dmean":0.039386421442,"dmean2":0.0633439943194,"dvar":0.00108865345828,"dvar2":0.00284302746877,"max":0.468032449484,"mean":0.224266439676,"median":0.222032412887,"min":0.0562079697847,"var":0.0033867014572},"barkbands_kurtosis":{"dmean":8.14185333252,"dmean2":13.060051918,"dvar":244.120178223,"dvar2":548.36907959,"max":831.178710938,"mean":13.6149072647,"median":4.61093187332,"min":-1.79037320614,"var":899.961730957},"barkbands_skewness":{"dmean":0.839330971241,"dmean2":1.3203420639,"dvar":0.867309093475,"dvar2":2.01995563507,"max":27.9774703979,"mean":1.97179400921,"median":1.69958400726,"min":-3.05816674232,"var":4.87276506424},"barkbands_spread":{"dmean":2.96721458435,"dmean2":4.70553779602,"dvar":12.503194809,"dvar2":28.7193279266,"max":70.8879318237,"mean":9.59079933167,"median":7.8701004982,"min":0.325884342194,"var":54.8418998718},"dissonance":{"dmean":0.0358186364174,"dmean2":0.0600028894842,"dvar":0.00161093461793,"dvar2":0.00441175280139,"max":0.500000298023,"mean":0.440768122673,"median":0.45709452033,"min":0.13367305696,"var":0.00279690721072},"dynamic_complexity":7.93677568436,"erbbands":{"dmean":[0.00957576837391,0.212991684675,1.8496748209,2.62312650681,2.55771446228,6.82801866531,7.3299036026,11.8880157471,9.15071392059,10.3448104858,6.107899189,10.2730808258,23.7784481049,38.19896698,27.3956851959,24.4787635803,17.3388309479,7.3074760437,10.7236280441,7.43285655975,2.05229258537,1.39072263241,1.13014936447,1.33574295044,0.697574138641,0.240420073271,0.0962249562144,0.0664444640279,0.0521221421659,0.0402349233627,0.0311967562884,0.0235416404903,0.0170143842697,0.0115328943357,0.00718863587826,0.00398320378736,0.00186395051423,0.00069118430838,0.000341915205354,0.000225145486183],"dmean2":[0.0153172109276,0.319918930531,2.83484983444,4.1311416626,3.95628499985,10.5858221054,11.4540262222,17.7722110748,13.8425178528,16.1894397736,9.27509880066,15.9115171432,36.6325569153,60.4257202148,42.5415878296,36.5452842712,25.6883525848,11.2669773102,16.9204769135,11.5524549484,3.08227348328,2.1081058979,1.70300173759,1.99554944038,1.03329002857,0.362726449966,0.152520939708,0.110076196492,0.0873740389943,0.0675813406706,0.0525308959186,0.0396964065731,0.0287056900561,0.0194604955614,0.0121290525422,0.00672098947689,0.00314211426303,0.00115736480802,0.000506779295392,0.000319536426105],"dvar":[0.000385508290492,0.205812945962,13.7426528931,35.5695304871,108.892372131,1092.2598877,1047.27490234,2766.75708008,2756.72338867,5085.16699219,894.616088867,1852.98486328,6990.94140625,11374.5175781,5269.15332031,4835.07763672,3806.5378418,675.823730469,2002.97058105,1493.18371582,49.826789856,21.5828475952,17.1788864136,42.3917884827,7.91089725494,1.19495344162,0.0558628775179,0.0257490184158,0.0163512565196,0.0100254882127,0.00606818590313,0.0034798157867,0.00181880639866,0.000836733554024,0.000325168512063,0.0000997489187284,0.0000218059485633,0.00000290849789053,0.00000108233018636,4.65434823127e-7],"dvar2":[0.00100336666219,0.465628623962,29.6360206604,79.3536758423,260.775909424,2552.88916016,2555.80053711,5513.61621094,6571.77880859,12240.9228516,1926.38317871,4275.53027344,16332.8652344,28172.3710938,12842.9804688,9649.86914062,7237.09716797,1844.91711426,5291.31445312,3888.69287109,110.214492798,49.340713501,38.4835205078,97.6551971436,16.5134773254,2.74195289612,0.131264969707,0.0639560967684,0.0413280911744,0.0253445003182,0.0153206624091,0.00877495948225,0.00459301285446,0.00211296137422,0.00082116574049,0.000251871038927,0.0000550116528757,0.00000733652723284,0.00000233116065829,0.00000104543028101],"max":[0.491697579622,9.52055168152,77.3022079468,162.643692017,511.028839111,1544.20141602,1301.06408691,2485.87695312,1667.59912109,2579.93334961,1200.68103027,1291.47485352,1779.80041504,2158.68261719,1539.5012207,1963.07055664,1743.62341309,1449.04589844,1516.81726074,1379.84814453,245.551635742,145.383010864,190.09387207,266.038208008,88.7635803223,67.5116882324,5.61570835114,2.97101449966,2.20146465302,1.72141373158,1.31738078594,0.995126485825,0.716060221195,0.485831052065,0.302589803934,0.167885884643,0.0787340700626,0.0295954495668,0.0516577549279,0.0255978070199],"mean":[0.0155630121008,0.396676719189,3.26380753517,4.08017110825,3.54384899139,9.7384557724,11.0375518799,17.8620986938,13.1513080597,13.9331731796,9.51924610138,15.2989835739,35.9308052063,56.2518310547,41.7082519531,41.2240447998,30.4426593781,12.7369031906,16.1785240173,11.786863327,3.93885040283,2.63169693947,2.19588851929,2.33088231087,1.27017736435,0.392307937145,0.130867347121,0.074416205287,0.0538787059486,0.0398758798838,0.0300834234804,0.0222636945546,0.0159026794136,0.0106910038739,0.00665294751525,0.00371304480359,0.00177249731496,0.000715754169505,0.000651281734463,0.000546569062863],"median":[0.0061906776391,0.112814895809,0.742949843407,1.11386573315,0.974239110947,1.27633976936,1.51266527176,1.18209326267,0.705306947231,0.692742586136,0.739224791527,0.909665167332,2.18827772141,3.32950615883,4.76837873459,4.84088611603,2.5187163353,1.0476565361,0.605574250221,0.297339946032,0.208730429411,0.144985347986,0.0956811308861,0.0620359294116,0.048598870635,0.0304135680199,0.0209447424859,0.0140844080597,0.0102136861533,0.007411995437,0.00515920901671,0.00356672774069,0.00240851426497,0.0015293037286,0.000944098515902,0.000551670673303,0.000291774660582,0.000140133633977,0.0000758301466703,0.0000733661290724],"min":[5.61591901011e-21,2.67819239607e-20,2.02748947473e-20,5.74582400946e-20,8.93660084408e-20,1.97854649036e-19,3.28081285936e-19,4.2523406247e-19,6.90851683328e-19,6.29178130832e-19,3.37293648116e-19,1.00217356627e-18,1.14429756777e-18,1.0185045931e-18,3.86104169856e-18,4.32851289558e-18,2.20200814377e-18,9.54588760763e-18,7.23136594335e-18,5.07502313248e-18,3.62463265231e-18,1.16436283944e-17,1.70858969714e-17,8.8501675011e-18,1.30141591359e-17,1.32686884007e-17,1.07107291365e-17,2.86794569505e-17,2.15970587909e-17,2.42324826922e-17,2.0883585734e-17,2.65767737596e-17,1.21695820879e-17,1.27274045689e-17,9.81090634972e-18,5.84353099701e-18,3.39558737467e-18,1.32807642036e-18,3.22524700171e-19,3.73832322499e-20],"var":[0.000805304967798,0.634053885937,45.7229118347,71.0265960693,136.361099243,1647.43322754,1462.74072266,6910.27197266,4771.57519531,8473.23046875,1905.39160156,3379.1328125,12801.4658203,21223.6015625,8745.87109375,11490.0107422,10868.7558594,1088.49719238,3727.63720703,2857.68554688,151.803009033,65.3232727051,63.459236145,102.530090332,26.4138946533,2.51593756676,0.102849468589,0.0301532205194,0.0172076970339,0.010141801089,0.0060482500121,0.00344927376136,0.00179283251055,0.000824230955914,0.00032036670018,0.0000983494901448,0.0000216459866351,0.00000304364948533,0.00000372929639525,0.00000176769412974]},"erbbands_crest":{"dmean":3.17787432671,"dmean2":5.20650482178,"dvar":7.83085250854,"dvar2":19.9310665131,"max":31.5360107422,"mean":11.4353961945,"median":10.6614313126,"min":2.56134104729,"var":20.5582714081},"erbbands_flatness_db":{"dmean":0.0386070460081,"dmean2":0.0609229318798,"dvar":0.00108480406925,"dvar2":0.00273809651844,"max":0.493811517954,"mean":0.217893362045,"median":0.216431334615,"min":0.042595885694,"var":0.00466197868809},"erbbands_kurtosis":{"dmean":1.87401795387,"dmean2":3.01064658165,"dvar":5.79254341125,"dvar2":14.0367660522,"max":39.1349601746,"mean":2.00419235229,"median":0.880792140961,"min":-1.84413957596,"var":13.0428438187},"erbbands_skewness":{"dmean":0.559819817543,"dmean2":0.859606742859,"dvar":0.277901977301,"dvar2":0.643876671791,"max":5.73206090927,"mean":-0.00186929269694,"median":-0.146899521351,"min":-4.87824964523,"var":1.38166201115},"erbbands_spread":{"dmean":6.13765239716,"dmean2":9.68628978729,"dvar":44.6986999512,"dvar2":104.981819153,"max":95.0939559937,"mean":22.4645614624,"median":20.6954612732,"min":0.973767578602,"var":181.078338623},"gfcc":{"cov":[[21815.2382812,2915.58837891,-2522.7109375,-2198.87182617,442.371520996,-645.036193848,-365.78414917,-244.836990356,-369.317230225,-636.29888916,146.768295288,-402.236022949,375.933380127],[2915.58837891,1736.60888672,-73.9604568481,-481.335021973,86.4693374634,-21.9008750916,157.044296265,-205.71647644,-80.3197402954,-198.077728271,60.5764274597,-58.6841812134,47.6065597534],[-2522.7109375,-73.9604568481,1068.14343262,657.319580078,-256.225769043,308.391540527,22.1643180847,129.350585938,-41.4252548218,126.651771545,-107.495857239,113.750854492,-134.027633667],[-2198.87182617,-481.335021973,657.319580078,881.633239746,139.407455444,23.6933631897,-61.3501968384,162.856369019,72.4976043701,95.7776184082,-71.8285675049,46.2326049805,-120.834449768],[442.371520996,86.4693374634,-256.225769043,139.407455444,485.567169189,-103.691307068,-12.0548200607,-43.9303436279,63.7428398132,-80.1387252808,52.2924537659,-68.1275482178,22.9141216278],[-645.036193848,-21.9008750916,308.391540527,23.6933631897,-103.691307068,420.207794189,117.180236816,1.63632774353,-100.530006409,28.9079380035,-41.6264801025,77.5015945435,-16.5090007782],[-365.78414917,157.044296265,22.1643180847,-61.3501968384,-12.0548200607,117.180236816,193.961959839,-6.76725625992,-21.0839633942,-35.1391067505,1.93965983391,16.0310993195,-3.60412144661],[-244.836990356,-205.71647644,129.350585938,162.856369019,-43.9303436279,1.63632774353,-6.76725625992,148.818878174,52.1749649048,38.6381568909,-35.2069015503,8.11090755463,-30.4939441681],[-369.317230225,-80.3197402954,-41.4252548218,72.4976043701,63.7428398132,-100.530006409,-21.0839633942,52.1749649048,128.890899658,52.5559158325,11.7005701065,-21.3120269775,-16.0063018799],[-636.29888916,-198.077728271,126.651771545,95.7776184082,-80.1387252808,28.9079380035,-35.1391067505,38.6381568909,52.5559158325,118.500068665,16.0572185516,17.5440101624,-29.1353034973],[146.768295288,60.5764274597,-107.495857239,-71.8285675049,52.2924537659,-41.6264801025,1.93965983391,-35.2069015503,11.7005701065,16.0572185516,76.1761550903,14.9028205872,14.8697786331],[-402.236022949,-58.6841812134,113.750854492,46.2326049805,-68.1275482178,77.5015945435,16.0310993195,8.11090755463,-21.3120269775,17.5440101624,14.9028205872,91.7530212402,18.9644031525],[375.933380127,47.6065597534,-134.027633667,-120.834449768,22.9141216278,-16.5090007782,-3.60412144661,-30.4939441681,-16.0063018799,-29.1353034973,14.8697786331,18.9644031525,78.3994140625]],"icov":[[0.00025534798624,-0.000912764226086,0.00166174641345,-0.000825510185678,0.000468930666102,-0.000586450856645,0.00113155785948,-0.0014389193384,0.00152162753511,-0.000709143234417,0.000346626417013,0.0000780599220889,0.0000926359425648],[-0.000912764226086,0.0054341154173,-0.0107118813321,0.00888195075095,-0.00671958737075,0.00601112423465,-0.005888979882,0.00508989440277,-0.00360601139255,0.00119274877943,0.00166882725898,-0.00285020540468,0.00147276092321],[0.00166174641345,-0.0107118813321,0.0312378555536,-0.0342956781387,0.0327984131873,-0.0268748477101,0.01656999439,-0.00347516057082,-0.00945005193353,0.0218381136656,-0.0278345160186,0.0238914135844,-0.0110687315464],[-0.000825510185678,0.00888195075095,-0.0342956781387,0.0537228435278,-0.057818762958,0.0445727184415,-0.0209452621639,-0.00868968944997,0.0382527261972,-0.0602999888361,0.0691510811448,-0.0557530745864,0.0304496269673],[0.000468930666102,-0.00671958737075,0.0327984131873,-0.057818762958,0.0694058313966,-0.0519715212286,0.0238677300513,0.013700322248,-0.0546417124569,0.0822202339768,-0.0896103382111,0.0699777528644,-0.0365470573306],[-0.000586450856645,0.00601112423465,-0.0268748477101,0.0445727184415,-0.0519715212286,0.0453624427319,-0.0223579928279,-0.00829038582742,0.0434148795903,-0.0644685551524,0.0699587240815,-0.0547245517373,0.0272805187851],[0.00113155785948,-0.005888979882,0.01656999439,-0.0209452621639,0.0238677300513,-0.0223579928279,0.0203563887626,-0.00213383790106,-0.0148592982441,0.0288773160428,-0.0303210392594,0.0223258268088,-0.00933487340808],[-0.0014389193384,0.00508989440277,-0.00347516057082,-0.00868968944997,0.013700322248,-0.00829038582742,-0.00213383790106,0.0240067970008,-0.0274787712842,0.0249569267035,-0.0194781739265,0.0147745925933,-0.00825060438365],[0.00152162753511,-0.00360601139255,-0.00945005193353,0.0382527261972,-0.0546417124569,0.0434148795903,-0.0148592982441,-0.0274787712842,0.0784339904785,-0.0910481289029,0.084204800427,-0.0601145923138,0.0321849919856],[-0.000709143234417,0.00119274877943,0.0218381136656,-0.0602999888361,0.0822202339768,-0.0644685551524,0.0288773160428,0.0249569267035,-0.0910481289029,0.137252599001,-0.130790308118,0.0922864675522,-0.0445996075869],[0.000346626417013,0.00166882725898,-0.0278345160186,0.0691510811448,-0.0896103382111,0.0699587240815,-0.0303210392594,-0.0194781739265,0.084204800427,-0.130790308118,0.153815969825,-0.107891380787,0.0537836328149],[0.0000780599220889,-0.00285020540468,0.0238914135844,-0.0557530745864,0.0699777528644,-0.0547245517373,0.0223258268088,0.0147745925933,-0.0601145923138,0.0922864675522,-0.107891380787,0.0971047207713,-0.0499365366995],[0.0000926359425648,0.00147276092321,-0.0110687315464,0.0304496269673,-0.0365470573306,0.0272805187851,-0.00933487340808,-0.00825060438365,0.0321849919856,-0.0445996075869,0.0537836328149,-0.0499365366995,0.0440882854164]],"mean":[-163.53704834,139.428543091,-85.1175537109,-9.46290302277,-23.2071628571,7.96558856964,-13.8914709091,-14.1347494125,-24.7892990112,-13.3349218369,-7.55786943436,-2.88969707489,-7.8355679512]},"hfc":{"dmean":4.09266662598,"dmean2":5.8862695694,"dvar":76.1951065063,"dvar2":160.154708862,"max":151.271896362,"mean":10.2354431152,"median":2.41746473312,"min":1.24704690357e-16,"var":292.993560791},"melbands":{"dmean":[0.000132175933686,0.000719301926438,0.000432747212471,0.000310952222208,0.000283543689875,0.000251730089076,0.000144026387716,0.000104352817289,0.000053435065638,0.0000691533496138,0.000131135573611,0.000172589847352,0.0000799819681561,0.0000742156553315,0.000073661969509,0.0000246548570431,0.0000136949392981,0.0000171982101165,0.0000163833265105,0.00000556251598027,0.00000209357381209,0.00000158078523782,0.00000127873749989,0.00000102378942302,0.00000119687092592,7.44388557905e-7,3.11082033022e-7,1.32301025246e-7,6.48324558483e-8,4.46318466629e-8,3.6814778781e-8,3.05992351457e-8,2.50404621482e-8,2.13002380178e-8,1.83154558187e-8,1.58334483302e-8,1.38123805726e-8,1.21127330388e-8,1.06432525016e-8,9.40994837606e-9],"dmean2":[0.00020480225794,0.00109224068001,0.000670015171636,0.000484034331748,0.000442208343884,0.000376719515771,0.000218960005441,0.000163612654433,0.0000818944245111,0.000107195417513,0.000203242059797,0.000273674057098,0.000124055470224,0.000116493640235,0.000106627878267,0.0000385860948882,0.0000212926988752,0.0000272261222563,0.0000259808693954,0.00000829253531265,0.00000324444090438,0.00000241354427999,0.0000019623296339,0.00000156137252816,0.00000180911331427,0.00000112096870453,4.70925840546e-7,2.01585308446e-7,1.03490556569e-7,7.34211837994e-8,6.11967649888e-8,5.12362632321e-8,4.20600692053e-8,3.57880090007e-8,3.08392138493e-8,2.66734243581e-8,2.32991510529e-8,2.0429805403e-8,1.79633961039e-8,1.58785393722e-8],"dvar":[7.48695470065e-8,0.00000199928194888,0.00000107042342279,0.00000219641856347,0.00000137363713293,0.00000121345692605,7.08040772679e-7,4.62241132482e-7,6.48188134278e-8,8.74190320133e-8,2.06085118748e-7,2.52025984082e-7,4.38140510539e-8,3.96149957282e-8,1.0113818405e-7,5.41041078606e-9,2.9366213905e-9,5.66106139743e-9,7.86593457036e-9,7.17049919441e-10,4.69434005557e-11,2.81593082185e-11,2.37613487913e-11,1.60530356369e-11,3.70124937643e-11,1.17601579516e-11,1.55296912482e-12,4.58269056383e-13,2.71455086057e-14,1.11729320864e-14,8.04733138308e-15,5.63942974282e-15,3.85103698876e-15,2.81382905122e-15,2.08543090328e-15,1.57481921977e-15,1.19709387666e-15,9.21488943263e-16,7.11997896012e-16,5.57252335147e-16],"dvar2":[1.79557389401e-7,0.000004321416327,0.0000023540485472,0.000005258080364,0.00000324649568029,0.00000249156505561,0.00000169791462667,0.0000011041416883,1.3909232166e-7,2.04968102935e-7,4.73939479662e-7,6.18971796484e-7,1.03058738432e-7,9.72131743993e-8,1.67378033211e-7,1.36569244802e-8,8.04463695658e-9,1.45498635362e-8,2.16679101328e-8,1.41809153309e-9,1.10843355328e-10,6.63978316773e-11,5.48876881445e-11,3.82680831468e-11,8.60002763448e-11,2.62471884505e-11,3.33169321125e-12,1.05172424589e-12,6.36887257884e-14,2.75934297926e-14,2.00742624157e-14,1.43300847669e-14,9.77519982141e-15,7.10072420716e-15,5.27174629295e-15,3.96999048422e-15,3.01980649993e-15,2.32778460543e-15,1.79786004132e-15,1.40727282055e-15],"max":[0.00601454963908,0.0280206203461,0.0363030508161,0.0779144838452,0.0416418649256,0.0481722392142,0.0243439897895,0.0239947345108,0.010825978592,0.0083233229816,0.01020427607,0.0111659690738,0.00439671101049,0.00547674996778,0.0115851275623,0.00230354908854,0.00309275998734,0.00284133781679,0.00361759960651,0.00132520124316,0.000198981215362,0.000155298737809,0.000220261441427,0.000145065961988,0.000244537426624,0.000104095110146,0.0000464862896479,0.0000448600039817,0.0000036067142446,0.00000174438378053,0.00000164364462307,0.0000012917555523,0.00000106223797047,9.11793961222e-7,7.64320077451e-7,6.78482479088e-7,5.81887263706e-7,5.09575158958e-7,4.48660699703e-7,3.96212215037e-7],"mean":[0.000235652682022,0.00131075805984,0.000700938515365,0.000443642638857,0.000442507793196,0.000375958159566,0.000204973184736,0.000139476309414,0.0000799739864306,0.0000982880592346,0.000196679538931,0.000250475393841,0.000117614647024,0.000109861204692,0.000128120431327,0.0000373954062525,0.0000215763648157,0.0000248919495789,0.0000234254566749,0.00000893719879969,0.00000370372072211,0.00000275068668998,0.00000223133770305,0.00000177917536348,0.00000196443443201,0.00000126065106087,5.11710993578e-7,1.91110217429e-7,8.59270841147e-8,5.18686995576e-8,3.953920924e-8,3.15080761482e-8,2.50112233147e-8,2.09223447456e-8,1.76676557828e-8,1.50658969744e-8,1.29987061115e-8,1.13239693178e-8,9.8886099309e-9,8.69903349354e-9],"median":[0.0000828548945719,0.000319612037856,0.000204673400731,0.0000884182372829,0.0000614494638285,0.0000254964397755,0.00000987275689113,0.00000733969727662,0.00000558698502573,0.00000514440625921,0.0000107043733806,0.0000120068489196,0.000013542018678,0.0000139543126352,0.00000827004714665,0.00000315379179483,0.00000143538602515,9.4585846e-7,4.84330087147e-7,2.7839976724e-7,2.10480578744e-7,1.46538738477e-7,1.01585051482e-7,6.18345623593e-8,4.52624959735e-8,3.87523684253e-8,2.64035939779e-8,1.72583138891e-8,1.31657422742e-8,9.75201608355e-9,7.27580840021e-9,5.85050941027e-9,4.65149962992e-9,3.8083598497e-9,3.06077385659e-9,2.47666664954e-9,2.04853467523e-9,1.73768754941e-9,1.45016687547e-9,1.2237318936e-9],"min":[4.59529400211e-23,2.03056236437e-23,1.13318401754e-23,9.0557587382e-24,1.15798383225e-23,9.38380181247e-24,1.08831187375e-23,5.73280089852e-24,2.92475880131e-24,6.52497304739e-24,5.41499960538e-24,3.55421478063e-24,1.03558535748e-23,1.52911788126e-23,6.14401121145e-24,6.13775909434e-24,1.87623987207e-23,1.06937455775e-23,1.14213750993e-23,4.09792453777e-24,3.79469902758e-24,9.57119887595e-24,1.81826664192e-23,1.4422881192e-23,5.73428119601e-24,7.94330945624e-24,1.24002394644e-23,7.51384884627e-24,6.09795198977e-24,7.9293529291e-24,2.06491173477e-23,1.24218802856e-23,1.33826008499e-23,1.24492679585e-23,1.22304308436e-23,9.63866068284e-24,1.95093679564e-23,6.76171493821e-24,9.72412902876e-24,1.11024836003e-23],"var":[2.0285713731e-7,0.00000681838309902,0.00000209843892662,0.00000306535980599,0.00000226515408031,0.00000287854800263,0.00000128094256979,7.93988817804e-7,1.30607730853e-7,1.52054454361e-7,3.97992664602e-7,4.8058768698e-7,7.41497387935e-8,5.94892135553e-8,2.93091886761e-7,9.57911350241e-9,4.15164613798e-9,1.01772590355e-8,1.31850796947e-8,1.66834024373e-9,1.20308929485e-10,7.71416402978e-11,7.02466140812e-11,4.40351401176e-11,8.21813450624e-11,3.35164743182e-11,4.50145866762e-12,7.62118720996e-13,4.95252134387e-14,1.39888948136e-14,9.02351229083e-15,5.91830687038e-15,3.9080960927e-15,2.83621994366e-15,2.07545031406e-15,1.56498559076e-15,1.18410155592e-15,9.07903911218e-16,7.01123316458e-16,5.48640233535e-16]},"melbands_crest":{"dmean":3.96685290337,"dmean2":6.51344966888,"dvar":12.1406745911,"dvar2":31.8363780975,"max":39.7673149109,"mean":17.0623779297,"median":16.584482193,"min":1.72067201138,"var":40.9570579529},"melbands_flatness_db":{"dmean":0.0465556047857,"dmean2":0.0744836106896,"dvar":0.00151370489039,"dvar2":0.00395563570783,"max":0.620734751225,"mean":0.337407648563,"median":0.337070375681,"min":0.00428871996701,"var":0.00627240585163},"melbands_kurtosis":{"dmean":12.4164867401,"dmean2":19.8857460022,"dvar":527.233154297,"dvar2":1250.43835449,"max":742.016540527,"mean":21.491689682,"median":7.45022201538,"min":-1.84109055996,"var":1495.33557129},"melbands_skewness":{"dmean":0.976488053799,"dmean2":1.54227435589,"dvar":1.11450350285,"dvar2":2.6242980957,"max":25.8323307037,"mean":2.73180603981,"median":2.42986631393,"min":-2.68679070473,"var":5.91393280029},"melbands_spread":{"dmean":4.03509473801,"dmean2":6.38793563843,"dvar":30.9534931183,"dvar2":68.426574707,"max":167.992874146,"mean":13.4077587128,"median":8.97414302826,"min":0.283612817526,"var":370.660308838},"mfcc":{"cov":[[13672.2207031,2673.54785156,-3190.62939453,-721.581298828,-302.449737549,-492.406158447,-373.450622559,-298.125457764,-390.216003418,-78.4499206543,-275.232543945,-449.662200928,-140.625244141],[2673.54785156,1911.98425293,-437.827789307,-392.809783936,-138.963989258,29.335062027,79.269493103,-42.6553916931,-124.128311157,-99.1256256104,-100.733337402,-98.9167556763,-33.4992256165],[-3190.62939453,-437.827789307,1579.95117188,215.694229126,-27.9179859161,223.92539978,135.243286133,118.25365448,122.082717896,-21.9380130768,74.2311401367,180.121154785,29.6003284454],[-721.581298828,-392.809783936,215.694229126,653.011047363,339.938140869,-75.9152297974,-76.2143630981,19.7064399719,51.0662956238,70.0961837769,74.2274932861,51.3709869385,21.7092418671],[-302.449737549,-138.963989258,-27.9179859161,339.938140869,365.474853516,54.5004081726,-14.1529979706,20.0587463379,20.3957710266,27.9075870514,30.9865531921,25.6998519897,16.5716400146],[-492.406158447,29.335062027,223.92539978,-75.9152297974,54.5004081726,243.392776489,153.563827515,56.0654296875,16.4790077209,-32.5702056885,-15.8578462601,24.0344085693,9.20351028442],[-373.450622559,79.269493103,135.243286133,-76.2143630981,-14.1529979706,153.563827515,184.34135437,89.6152114868,9.54216575623,-29.4076156616,-23.1011695862,-3.18973493576,5.2951540947],[-298.125457764,-42.6553916931,118.25365448,19.7064399719,20.0587463379,56.0654296875,89.6152114868,119.570083618,61.5170631409,-19.5742015839,-9.85115623474,24.9970874786,7.54453325272],[-390.216003418,-124.128311157,122.082717896,51.0662956238,20.3957710266,16.4790077209,9.54216575623,61.5170631409,94.7230758667,35.1687965393,12.044883728,27.2459163666,3.07960581779],[-78.4499206543,-99.1256256104,-21.9380130768,70.0961837769,27.9075870514,-32.5702056885,-29.4076156616,-19.5742015839,35.1687965393,98.4203491211,53.4514274597,-17.3793144226,-9.89717674255],[-275.232543945,-100.733337402,74.2311401367,74.2274932861,30.9865531921,-15.8578462601,-23.1011695862,-9.85115623474,12.044883728,53.4514274597,83.6500015259,48.0367622375,4.36094808578],[-449.662200928,-98.9167556763,180.121154785,51.3709869385,25.6998519897,24.0344085693,-3.18973493576,24.9970874786,27.2459163666,-17.3793144226,48.0367622375,120.711967468,46.1996192932],[-140.625244141,-33.4992256165,29.6003284454,21.7092418671,16.5716400146,9.20351028442,5.2951540947,7.54453325272,3.07960581779,-9.89717674255,4.36094808578,46.1996192932,55.4315872192]],"icov":[[0.000283112342004,-0.000319179176586,0.000548988347873,-0.000481233117171,0.000901161576621,-0.00124725897331,0.00198895297945,-0.00211406266317,0.00227111880668,-0.00195202731993,0.00167216872796,-0.000992785440758,0.000677250209264],[-0.000319179176586,0.00104053341784,-0.000545483198948,0.000961305515375,-0.00133098219521,0.0018675836036,-0.00300084776245,0.00288922106847,-0.00242968578823,0.0026175417006,-0.00173376058228,0.00109241588507,-0.000456591020338],[0.000548988347873,-0.000545483198948,0.00251155928709,-0.00259084277786,0.0038528284058,-0.00474276579916,0.00411718524992,-0.0037109227851,0.00296936137602,-0.00228925840929,0.00200435798615,-0.00256747123785,0.00189247168601],[-0.000481233117171,0.000961305515375,-0.00259084277786,0.00746414763853,-0.00880285073072,0.00903304293752,-0.00675545679405,0.0052607357502,-0.00499978428707,0.00290120556019,-0.00319539825432,0.00196375697851,-0.00170799915213],[0.000901161576621,-0.00133098219521,0.0038528284058,-0.00880285073072,0.0148005075753,-0.0154037550092,0.0152895944193,-0.0142019195482,0.0127719361335,-0.00961084384471,0.00641427235678,-0.00402136612684,0.00189862807747],[-0.00124725897331,0.0018675836036,-0.00474276579916,0.00903304293752,-0.0154037550092,0.0285257138312,-0.0313304401934,0.0271997246891,-0.0240895599127,0.0179714728147,-0.0102759404108,0.00412038853392,-0.00195956625976],[0.00198895297945,-0.00300084776245,0.00411718524992,-0.00675545679405,0.0152895944193,-0.0313304401934,0.0518344305456,-0.0512873828411,0.0452291741967,-0.0346229374409,0.0223289784044,-0.00859136041254,0.00304854847491],[-0.00211406266317,0.00288922106847,-0.0037109227851,0.0052607357502,-0.0142019195482,0.0271997246891,-0.0512873828411,0.0733470097184,-0.0705417916179,0.0595425032079,-0.0410419330001,0.0239951200783,-0.0112694622949],[0.00227111880668,-0.00242968578823,0.00296936137602,-0.00499978428707,0.0127719361335,-0.0240895599127,0.0452291741967,-0.0705417916179,0.0947351232171,-0.0862508043647,0.0694789588451,-0.0488665662706,0.0247265864164],[-0.00195202731993,0.0026175417006,-0.00228925840929,0.00290120556019,-0.00961084384471,0.0179714728147,-0.0346229374409,0.0595425032079,-0.0862508043647,0.108927100897,-0.093363545835,0.0669998750091,-0.032446924597],[0.00167216872796,-0.00173376058228,0.00200435798615,-0.00319539825432,0.00641427235678,-0.0102759404108,0.0223289784044,-0.0410419330001,0.0694789588451,-0.093363545835,0.101907908916,-0.070979014039,0.0372275337577],[-0.000992785440758,0.00109241588507,-0.00256747123785,0.00196375697851,-0.00402136612684,0.00412038853392,-0.00859136041254,0.0239951200783,-0.0488665662706,0.0669998750091,-0.070979014039,0.0671082139015,-0.0388534590602],[0.000677250209264,-0.000456591020338,0.00189247168601,-0.00170799915213,0.00189862807747,-0.00195956625976,0.00304854847491,-0.0112694622949,0.0247265864164,-0.032446924597,0.0372275337577,-0.0388534590602,0.0424278490245]],"mean":[-817.522033691,190.430999756,5.46060371399,3.66091704369,9.38833904266,15.8921661377,17.0608959198,7.54254817963,-5.13102293015,-6.62766265869,-6.26705026627,-4.81430244446,-1.36101269722]},"pitch_salience":{"dmean":0.0929036736488,"dmean2":0.154350802302,"dvar":0.00679068733007,"dvar2":0.018451789394,"max":0.965393006802,"mean":0.542542934418,"median":0.554365634918,"min":0.0168284680694,"var":0.0188256222755},"silence_rate_20dB":{"dmean":0,"dmean2":0,"dvar":0,"dvar2":0,"max":1,"mean":1,"median":1,"min":1,"var":0},"silence_rate_30dB":{"dmean":0.00809435732663,"dmean2":0.0161905866116,"dvar":0.00802853610367,"dvar2":0.0187019370496,"max":1,"mean":0.988553583622,"median":1,"min":0,"var":0.0113142486662},"silence_rate_60dB":{"dmean":0.0723866820335,"dmean2":0.144790098071,"dvar":0.0671511888504,"dvar2":0.146255463362,"max":1,"mean":0.36686322093,"median":0,"min":0,"var":0.232292175293},"spectral_centroid":{"dmean":127.5753479,"dmean2":195.444976807,"dvar":31923.3046875,"dvar2":62069.59375,"max":10742.4453125,"mean":661.026489258,"median":546.956298828,"min":119.592453003,"var":306168.28125},"spectral_complexity":{"dmean":2.07469940186,"dmean2":3.0967965126,"dvar":6.6070599556,"dvar2":12.120508194,"max":37,"mean":8.57440185547,"median":7,"min":0,"var":52.4851913452},"spectral_contrast_coeffs":{"dmean":[0.0530719980597,0.047582257539,0.0408712290227,0.0392477884889,0.0311321709305,0.0202425513417],"dmean2":[0.0856413468719,0.0776224583387,0.0652334094048,0.0618846453726,0.049585532397,0.0345814935863],"dvar":[0.00193550344557,0.00162544217892,0.00126009515952,0.00110845512245,0.000773717008997,0.000545418937691],"dvar2":[0.00484505528584,0.00408806325868,0.00299851153977,0.00261687883176,0.00182575837243,0.0014481410617],"max":[-0.254492491484,-0.363743960857,-0.504478096962,-0.530231177807,-0.588371396065,-0.610501825809],"mean":[-0.648436069489,-0.783170521259,-0.798859775066,-0.800852000713,-0.857321381569,-0.840636312962],"median":[-0.652639269829,-0.792150080204,-0.807901501656,-0.799223780632,-0.882357418537,-0.848980247974],"min":[-0.969606101513,-0.985676169395,-0.967024981976,-0.978428006172,-0.971973419189,-0.963695645332],"var":[0.00920804683119,0.00675785308704,0.00626595737413,0.00617159949616,0.00523017905653,0.000825073861051]},"spectral_contrast_valleys":{"dmean":[0.4590280056,0.494125545025,0.45663022995,0.494792699814,0.551039636135,0.78392380476],"dmean2":[0.727675378323,0.762159585953,0.68117338419,0.741570353508,0.866979062557,1.26943910122],"dvar":[0.161860600114,0.208097830415,0.210040703416,0.22552870214,0.271332204342,0.479076862335],"dvar2":[0.35225597024,0.438239127398,0.402841806412,0.46876809001,0.617907702923,1.21384179592],"max":[-5.5619225502,-4.48972988129,-5.13262271881,-5.88441467285,-6.55323410034,-9.14497375488],"mean":[-8.0433511734,-7.80835771561,-7.91645622253,-8.88437366486,-9.50343227386,-12.2218885422],"median":[-7.79553747177,-7.5901260376,-7.63477754593,-8.73671150208,-9.3896112442,-12.1426343918],"min":[-27.1307487488,-27.4562892914,-27.6464118958,-27.1287746429,-27.4075622559,-27.1404781342],"var":[2.22317147255,2.49623060226,3.06226730347,2.54265213013,1.86476564407,1.70926129818]},"spectral_decrease":{"dmean":1.70251091003e-9,"dmean2":2.49379605854e-9,"dvar":9.87074955832e-18,"dvar2":2.1566562296e-17,"max":4.05578441658e-18,"mean":-4.32187086119e-9,"median":-1.72125713682e-9,"min":-8.15647851482e-8,"var":3.76538405098e-17},"spectral_energy":{"dmean":0.00675878999755,"dmean2":0.00988282915205,"dvar":0.00015529130178,"dvar2":0.000337805162417,"max":0.31671461463,"mean":0.0172401368618,"median":0.00676837703213,"min":1.12462232081e-20,"var":0.00059893989237},"spectral_energyband_high":{"dmean":0.0000123626259665,"dmean2":0.0000193860305444,"dvar":8.57559689926e-10,"dvar2":1.97649185907e-9,"max":0.000982140656561,"mean":0.0000196290475287,"median":0.00000301986278828,"min":8.1962669257e-21,"var":2.16842011014e-9},"spectral_energyband_low":{"dmean":0.00272788084112,"dmean2":0.00414310535416,"dvar":0.0000261559544015,"dvar2":0.0000575404046685,"max":0.107785895467,"mean":0.00524943275377,"median":0.00163058377802,"min":1.88263750246e-22,"var":0.0000857013437781},"spectral_energyband_middle_high":{"dmean":0.00241943611763,"dmean2":0.00357194873504,"dvar":0.0000355292540917,"dvar2":0.0000768211757531,"max":0.13333851099,"mean":0.00507892807946,"median":0.000703917292412,"min":1.50343287311e-21,"var":0.000106569248601},"spectral_energyband_middle_low":{"dmean":0.00358329550363,"dmean2":0.00532079814002,"dvar":0.000103492478956,"dvar2":0.000233530736296,"max":0.296540945768,"mean":0.00758350454271,"median":0.00182615010999,"min":2.40345521033e-22,"var":0.000319164595567},"spectral_entropy":{"dmean":0.330875515938,"dmean2":0.525087177753,"dvar":0.0882453918457,"dvar2":0.224463507533,"max":9.79357910156,"mean":6.78599452972,"median":6.77830553055,"min":4.96333503723,"var":0.296892613173},"spectral_flux":{"dmean":0.020349977538,"dmean2":0.0322044678032,"dvar":0.000747623620555,"dvar2":0.00179947062861,"max":0.393483012915,"mean":0.0572536922991,"median":0.0427035689354,"min":1.06048211879e-10,"var":0.00255458173342},"spectral_kurtosis":{"dmean":11.1972742081,"dmean2":18.5875034332,"dvar":203.454391479,"dvar2":543.528808594,"max":154.145767212,"mean":24.0095443726,"median":19.0158805847,"min":-1.188154459,"var":339.535827637},"spectral_rms":{"dmean":0.000718852155842,"dmean2":0.00101936853025,"dvar":9.12051916657e-7,"dvar2":0.00000175181958184,"max":0.0175781082362,"mean":0.00323732593097,"median":0.00256968778558,"min":3.31238964209e-12,"var":0.00000633933950667},"spectral_rolloff":{"dmean":179.582626343,"dmean2":308.428039551,"dvar":153232.734375,"dvar2":321163.8125,"max":19939.7460938,"mean":949.637573242,"median":602.9296875,"min":21.533203125,"var":5302397.5},"spectral_skewness":{"dmean":0.70231795311,"dmean2":1.14486539364,"dvar":0.557146310806,"dvar2":1.48606729507,"max":9.7107667923,"mean":3.42396140099,"median":3.18327927589,"min":0.0453642383218,"var":1.45563840866},"spectral_spread":{"dmean":762207.4375,"dmean2":1231654.375,"dvar":580789862400,"dvar2":1299687669760,"max":39597268,"mean":2894845.25,"median":2592944,"min":599084.125,"var":2045867196420},"spectral_strongpeak":{"dmean":0.431074768305,"dmean2":0.697043716908,"dvar":0.725500881672,"dvar2":1.74230086803,"max":13.3299484253,"mean":0.804885447025,"median":0.261439919472,"min":0,"var":1.93475925922},"zerocrossingrate":{"dmean":0.00505750533193,"dmean2":0.00643569044769,"dvar":0.000058100460592,"dvar2":0.0000881335581653,"max":0.5283203125,"mean":0.0338135175407,"median":0.0244140625,"min":0,"var":0.00368108344264}},"metadata":{"audio_properties":{"analysis_sample_rate":44100,"bit_rate":192000,"codec":"mp3","downmix":"mix","equal_loudness":0,"length":200.803268433,"lossless":false,"md5_encoded":"106ee06a2865a1812c5cb5172f75556e","replay_gain":-7.08858108521,"sample_rate":44100},"tags":{"acoustid_fingerprint":["AQADtArTJEqSTfhRPkWYRhQugdSF89TA7ELzIR9xXgLvg7UOM5OMR48w5URohYUcHuElNFWH-OVxCiI3BxeHSDn64m-Mp4-QZ3KgByyDproRXriK5wue8MJpHj1O4zyY7ImCRGQQU3mCP7gUHRcueCltJNUf5DfuHqdwdUf47EGyPA9eGWfxKM_xSQqeB1WjIlnMI_fxvCn-oDe2x0eyRxlyKcOzvPg1PDCON-EQsh2aSqkCXceZQ-WiVChJpPj44MxR58bpCE3SIzx0JckmPEwq5JfwPBiNM47Q9MkRVh6uHP8g_sWVjUjd8Dgt_EE-Q_vhH3Gio8nUeLiu4YgvbAmVGTpzBD-uIC-dQv1SpJVw4drh5EH8I8mVRA5-PD8ePCV8nMijQ9cFXP1gqQpxEzd0tFSMkpTx4zy0RcpiRMqPj0HZB9bxIz0PnUfqMNhRhkGlPWCS7Mgf6InwbEP4EncuJA9SR0L3knjA5k2GE36YY_-QPxLEx8gzDrmp4D6cPIQu4fsRMjkeY1LKBqdy5DMDJg-hUcizHH9wOsiiXEbzQEc6P8UT9EdzHVce_OCnI1JoQdOHLpt8hDn6KHAe2A36DGUuDmHGLA-ebMOF3_AyYtQD2T9CSQaTZVKCK8d-XIGTPciLK18oNKFyIVKcF88eEYd_4jrmHMnUKUaYhIni40RTKpgY_ET8BknTfeizvKiNHzduMfCXIznip8JzanjwDz-DUNwgHiWLeMvwHz9qEXlR5occfhiRH70joumJKr3giESfZUMYxki-NMRx5LMJjfuQ78mDHz2PKwzeCwl_hGeCh9GHW8E-fC36H352MHbwgxenCy8Dp6FVfHrQxDn6YDqOOmGm4Mbz4yKcvFMwMlGig0k45CmhJQrpBLmFMzh8HFeYJFuE_NB0Ae7xHC-OH4eYRXDC5Ch1_DN-VIeUTM5xnUFTqhHRL9CPcTryC8eTPHClJMe_o88RhtEHfTGDXRnSg9_w7Ab3B2ESo9QHLdQzMPSLMD-YH3l4aMkRKkf_BE374j4evGieI7Qu_NAlHu2yHKHkYP1xSZlTNFSI-sgf6A_CPEblRD5KaWjE5vj-4GyD5kePPEHvBM2oD_pxRRuuYUovIvwVPEKYr9B8pTjaHKES5mjio76CPFGSEzoT5Ed5oKla5MkO6Sfy4D24JDl-403R5wgD3ciFv5Pw48aFlAvx6xD-HF1J4sxR5saPX0fP5NByXBk02ocvHCm5FGdz3KiOvHgPvRm-O0JTyZAeBhfSdTi2UDr6zDjCxTr8QEuaDDdT5MkR5qHxC3bzSKgpjIeq52AULergPUOvFG8Z6MmB44f5LMeT_lBl8MqQCz_aH030GMcT_BKeSEFyKSrSKF1x4xPOUAnCH9RziMmeB3Gj54iU9oHuIzqL58LJtHh6jBSPN1EehIKWKFeGqNElnEkWfGmEZk_QHuXRVFmE6zDyQz1y0PHRCy-FB9_w4tIOe_jBrzYeGfN8JKxy5PCPznNwHA-OL_j0IfI-fCTqwicO-LgLn_DxwYdOpCd84z3xwhV8nEfPB-GRsPgL_-ifHdeF58FxsFkulBKJhD5CeUkOsjnxH82DbdNuXDj04vvRp3iiGW8U4tlG4yfKPArCPIWuHE8o9MGfE1UaldAlBVecC8-OMH_w6cTDoI1SHP2Togmv4EF-InFy-Cn