{"lowlevel":{"average_loudness":0.90279173851,"barkbands":{"dmean":[0.0000696824499755,0.00280950334854,0.0028497336898,0.00196319865063,0.00382032594644,0.00158222171012,0.00140287249815,0.000777414999902,0.00103715760633,0.000469351740321,0.000176251371158,0.000213721927139,0.00020684840274,0.000306959962472,0.000190201491932,0.000166419529705,0.000122678509797,0.000136637288961,0.0000896792626008,0.0000714180932846,0.0000420049291279,0.0000300423216686,0.0000411512046412,0.0000369559202227,0.0000472038591397,0.0000120405811685,8.47681121741e-7],"dmean2":[0.0000920370293898,0.00412930455059,0.00436844397336,0.00316524552181,0.00614215433598,0.00243593985215,0.00218554353341,0.0012155638542,0.0016397369327,0.000757014320698,0.000282182067167,0.000348027882865,0.000337076286087,0.000501499103848,0.000304026529193,0.000264386035269,0.000196537890588,0.000215625594137,0.000140794261824,0.000108755259134,0.0000634430689388,0.0000426212354796,0.0000581258209422,0.0000500150090375,0.0000626782057225,0.0000164531465998,0.00000120642528145],"dvar":[5.71711495923e-8,0.0000519355417055,0.000019325845642,0.0000121397279145,0.0000353629729943,0.00000636908362139,0.00000937827371672,0.00000472789315609,0.00000711599932401,0.0000016859180505,4.58914911405e-7,5.40443295449e-7,3.54878125108e-7,8.34378340642e-7,2.15881186705e-7,1.98654007022e-7,8.9594529129e-8,6.54423359947e-8,5.00357373312e-8,4.22214725404e-8,8.47841175045e-9,3.31793259534e-9,1.05471107403e-8,7.38333350014e-9,1.48896743823e-8,7.82764519869e-10,3.43845026236e-12],"dvar2":[9.77007132974e-8,0.0000932699695113,0.0000408954292652,0.0000306005713355,0.0000889544244274,0.000015162571799,0.000022089574486,0.0000111917888717,0.0000171113297256,0.00000434784260506,0.00000110593441605,0.00000135743243845,9.34436855005e-7,0.00000222951439355,5.18546301009e-7,4.97164421631e-7,2.08368305721e-7,1.60341002697e-7,1.12450564416e-7,9.25517511519e-8,2.06932853075e-8,6.26327834041e-9,2.31789538674e-8,1.34389841477e-8,2.61120884915e-8,1.44485301501e-9,7.17620060597e-12],"max":[0.00371471350081,0.079346075654,0.0850923806429,0.0700064301491,0.0886554718018,0.0663412362337,0.0751179158688,0.0584472641349,0.0741198956966,0.0306973643601,0.0419092550874,0.0296265520155,0.0124032078311,0.021871605888,0.0131375044584,0.0105168344453,0.00687891431153,0.0053840437904,0.00821057893336,0.00667298166081,0.00290188798681,0.00223115039989,0.00298075354658,0.00305689731613,0.00327340932563,0.000998600386083,0.0000274927206192],"mean":[0.0000899116857909,0.0043505160138,0.00569058442488,0.00360638764687,0.0071397065185,0.00306329037994,0.00253097037785,0.00125540909357,0.00182548596058,0.000808573502582,0.000278350344161,0.000358238059562,0.000351290829713,0.000511143472977,0.000350371206878,0.000291005766485,0.000228068631259,0.000270823249593,0.000178878457518,0.000131445485749,0.0000729049061192,0.0000523299386259,0.0000659974975861,0.0000612704461673,0.0000721146716387,0.0000188296944543,0.00000134112246997],"median":[0.0000016531920437,0.00127768213861,0.00259043741971,0.0015270083677,0.00470825657248,0.00167360587511,0.000893345742952,0.000462005584268,0.000381455873139,0.000297569029499,0.0000897065838217,0.000108177533548,0.000114228649181,0.000151272281073,0.000130450673169,0.000129586056573,0.000107600761112,0.000128420273541,0.0000779926485848,0.0000644168758299,0.0000352792449121,0.0000217214328586,0.0000229494871746,0.0000161689495144,0.0000168129590747,0.00000404297134082,3.95430191702e-7],"min":[9.74714562339e-26,2.58534646646e-24,4.99094348148e-25,1.05177414404e-24,3.97421655391e-24,3.18064792402e-24,8.16755657918e-24,7.97088014488e-24,1.55649608784e-23,1.49982621367e-23,8.48080693376e-24,2.39113254035e-23,2.36486063231e-23,3.09730078564e-23,5.014536339e-23,4.61424370323e-23,4.91774436811e-23,6.90951781068e-23,1.07459175246e-22,1.17276139003e-22,2.44440504303e-22,3.24879224548e-22,4.39845616686e-22,5.60273046747e-22,8.31152129625e-22,1.26189855762e-21,1.79134403091e-21],"var":[1.1408942413e-7,0.000101388628536,0.0000644157989882,0.0000316228033626,0.000061973281845,0.0000182206385944,0.0000274968842859,0.00000901211387827,0.0000194405602087,0.00000329347017214,8.40028292259e-7,8.41188125378e-7,6.01958049629e-7,0.00000193265395865,5.50398453925e-7,3.39840454444e-7,1.62557910244e-7,1.44811281189e-7,1.5721528257e-7,7.85667069181e-8,1.54392996166e-8,8.14917555658e-9,1.88507272014e-8,2.04911643209e-8,3.75967950106e-8,1.91760007873e-9,5.92494933324e-12]},"barkbands_crest":{"dmean":2.62294077873,"dmean2":4.24868631363,"dvar":5.65957784653,"dvar2":14.300031662,"max":26.9169902802,"mean":10.7734041214,"median":10.1563558578,"min":2.79385662079,"var":15.1057214737},"barkbands_flatness_db":{"dmean":0.0215435065329,"dmean2":0.0311847254634,"dvar":0.000470570957987,"dvar2":0.000883788918145,"max":1,"mean":0.164764866233,"median":0.156718239188,"min":0.0365485474467,"var":0.0039256811142},"barkbands_kurtosis":{"dmean":4.73043394089,"dmean2":7.1750831604,"dvar":119.294288635,"dvar2":286.0390625,"max":387.916290283,"mean":10.2849378586,"median":5.50200176239,"min":-1.94277060032,"var":351.049346924},"barkbands_skewness":{"dmean":0.569429218769,"dmean2":0.847613573074,"dvar":0.446299046278,"dvar2":0.974509418011,"max":19.7248802185,"mean":2.26966428757,"median":2.13694477081,"min":-2.19851374626,"var":2.51487159729},"barkbands_spread":{"dmean":4.2020573616,"dmean2":6.31389427185,"dvar":32.6470565796,"dvar2":67.8237228394,"max":141.364089966,"mean":14.2233486176,"median":11.9703140259,"min":0.00306498049758,"var":124.611824036},"dissonance":{"dmean":0.0210243929178,"dmean2":0.0353878252208,"dvar":0.000469410704682,"dvar2":0.00130436569452,"max":0.500000059605,"mean":0.454854220152,"median":0.461683154106,"min":0,"var":0.00108905183151},"dynamic_complexity":3.19791603088,"erbbands":{"dmean":[0.0856427550316,0.662076592445,2.79322218895,4.78495550156,10.3387460709,13.9614553452,11.9979600906,12.5005531311,19.35064888,15.8683004379,19.121465683,21.7373332977,20.5501937866,8.42460918427,6.70555114746,8.22932815552,8.79724311829,14.2900829315,11.0717954636,8.8141784668,9.28301620483,5.98894500732,6.75037431717,6.22239303589,3.4268476963,3.41602468491,2.11156439781,1.34944844246,1.08874511719,1.01634919643,1.22695446014,0.932357609272,0.588823914528,0.640935897827,0.277897566557,0.0847781002522,0.0165814626962,0.00259456923231,0.000113089743536,0.0000122601832118],"dmean2":[0.117551125586,1.01955831051,4.19678592682,7.81668376923,16.9621658325,22.3554763794,18.7804145813,19.0163841248,30.3338851929,25.1235942841,29.2539749146,33.849899292,33.2072944641,13.3129281998,10.7643079758,13.1836805344,14.0680589676,23.6923656464,17.2172470093,14.1447191238,14.7278804779,9.42784500122,10.6731338501,9.72044181824,5.23039627075,5.18700695038,3.21119117737,1.98945879936,1.5550955534,1.43479609489,1.75322782993,1.2704808712,0.813732266426,0.873516321182,0.374744534492,0.116050831974,0.0224953163415,0.00353392143734,0.00015355728101,0.0000169602662936],"dvar":[0.0797362327576,2.18462491035,17.1404438019,68.9869995117,249.152450562,546.032470703,370.155883789,428.169891357,2130.6171875,1009.14471436,3622.13696289,3130.68115234,3653.17285156,600.243774414,379.187469482,894.960510254,629.540283203,2035.36303711,1078.20751953,377.28225708,563.386901855,194.343261719,168.289260864,210.14692688,73.8193740845,93.0068130493,24.8091163635,6.72549676895,4.48573541641,4.64827299118,11.5864305496,4.86312150955,2.06693434715,2.9591562748,0.561521887779,0.0451660826802,0.00133746757638,0.0000298322975141,5.39983950887e-8,1.98705274457e-10],"dvar2":[0.128482654691,4.60836315155,33.7921981812,179.750442505,654.437683105,1375.1862793,956.263183594,988.729064941,4900.52392578,2502.44140625,8565.36816406,7162.97802734,9782.7734375,1444.62695313,989.128112793,2231.18847656,1603.34460449,5724.79443359,2131.54858398,988.54864502,1393.31555176,446.062744141,411.497802734,487.305541992,150.090087891,203.69102478,59.0387077332,15.0070524216,8.55637454987,9.63395309448,27.2106151581,9.8584690094,3.6418337822,5.4836602211,1.03076326847,0.0844364389777,0.00240657292306,0.0000579562438361,1.06449057569e-7,3.45616757436e-10],"max":[3.15986633301,16.8297214508,69.6734695435,145.634658813,256.368621826,422.279022217,450.225799561,621.518920898,1325.99890137,582.367675781,1561.60852051,2010.90478516,1495.76513672,1062.22277832,813.030517578,1454.27368164,688.734680176,1024.41442871,1203.1081543,498.053070068,572.305786133,327.284118652,352.414001465,481.593017578,312.837921143,317.898834229,124.658981323,64.736907959,81.6105880737,66.3436889648,117.218444824,60.9132385254,59.4176902771,36.2026939392,22.5632591248,7.67351293564,1.26959943771,0.0985304713249,0.00302049308084,0.000194592226762],"mean":[0.118820384145,1.08483409882,5.98127889633,9.67266464233,18.0612697601,25.4944801331,22.2171840668,25.0552978516,35.8164482117,29.7878379822,32.0202064514,39.6480712891,35.2921524048,16.4421749115,12.3243150711,15.0693473816,16.3306121826,24.2599220276,21.5692825317,17.0745620728,17.4361457825,12.2356891632,13.9592180252,13.0299816132,6.98990726471,6.38183546066,3.77489328384,2.40825676918,1.90391123295,1.70470702648,1.94666016102,1.46259593964,0.981159865856,0.958302617073,0.41401091218,0.129446163774,0.0261004175991,0.00409568008035,0.000207160002901,0.0000455398367194],"median":[0.0108442995697,0.424065887928,2.78685379028,5.47498607635,11.4317855835,15.1224861145,12.9265413284,13.1721754074,12.6492261887,14.4282341003,11.6074609756,9.12785434723,11.5735282898,6.15009498596,4.71190643311,5.12155151367,5.92783069611,7.73677539825,7.83395957947,7.37959384918,7.8550620079,6.31335639954,7.22233009338,5.83624696732,3.46782541275,3.10301685333,1.8966755867,1.15940999985,0.821239650249,0.60052216053,0.697991251945,0.394301533699,0.255026102066,0.24716424942,0.0788010731339,0.0260303523391,0.00520213786513,0.000893549527973,0.0000789825426182,0.0000413526431657],"min":[6.99737356524e-23,4.39804116292e-22,1.55174973265e-21,3.56380427161e-21,5.91002291535e-21,9.15575846997e-21,3.80656465617e-20,3.01085923528e-20,1.08427015639e-19,1.71593060454e-19,2.33277081955e-19,2.84364557918e-19,4.14653000719e-19,7.80021649964e-19,4.82415507252e-19,8.48759479988e-19,1.42917805375e-18,1.71501641487e-18,2.54527093398e-18,3.36214508289e-18,3.39574164386e-18,3.60800053174e-18,4.50757309637e-18,5.42334557971e-18,6.44799695194e-18,6.57633940065e-18,7.18339856681e-18,1.08370181093e-17,1.09258283558e-17,1.05656615094e-17,1.25144667725e-17,9.80203318329e-18,9.69211163323e-18,8.06144003369e-18,6.52265248377e-18,4.13123859129e-18,2.17113486817e-18,8.24811567279e-19,2.40287411797e-19,2.48695518547e-20],"var":[0.15187138319,4.00169277191,67.4531555176,149.613540649,421.345581055,955.662353516,747.860839844,1284.40759277,6922.52441406,2086.56738281,6539.03857422,8882.09570313,7019.328125,1568.91894531,673.322570801,1477.56030273,1159.53076172,3626.68017578,3238.03759766,969.216918945,1033.93969727,413.08984375,364.905639648,656.366760254,180.848419189,176.179260254,45.9175720215,13.2981300354,10.5883817673,10.574256897,17.3121318817,10.4556388855,6.12920713425,6.67985868454,1.37154459953,0.108982227743,0.00328615983017,0.0000621969375061,1.12096699922e-7,9.17715514692e-10]},"erbbands_crest":{"dmean":2.52792596817,"dmean2":4.10367393494,"dvar":6.43192386627,"dvar2":16.4133148193,"max":35.7713737488,"mean":8.97898864746,"median":7.93144512177,"min":2.15990328789,"var":18.5312480927},"erbbands_flatness_db":{"dmean":0.0164917167276,"dmean2":0.0230641495436,"dvar":0.000257685955148,"dvar2":0.000485081982333,"max":0.340054154396,"mean":0.156584307551,"median":0.15454441309,"min":0.0230919029564,"var":0.00172418402508},"erbbands_kurtosis":{"dmean":1.11808931828,"dmean2":1.79747915268,"dvar":30.0841178894,"dvar2":60.8629379272,"max":319.890563965,"mean":1.46441698074,"median":-0.0324768349528,"min":-1.8249424696,"var":139.143081665},"erbbands_skewness":{"dmean":0.381742864847,"dmean2":0.588793873787,"dvar":0.196730643511,"dvar2":0.423778176308,"max":16.6363964081,"mean":0.74892026186,"median":0.664709508419,"min":-3.22210025787,"var":1.02839624882},"erbbands_spread":{"dmean":7.81479072571,"dmean2":11.4476137161,"dvar":78.1334533691,"dvar2":165.574066162,"max":216.327438354,"mean":39.3252868652,"median":37.3084945679,"min":2.92026233673,"var":348.250579834},"gfcc":{"cov":[[38161.8554688,2083.83544922,-3975.13427734,1148.93945313,-1854.97009277,234.622955322,-1641.33508301,540.708557129,-858.161499023,69.8867492676,-613.54498291,-191.242095947,-482.827850342],[2083.83544922,1132.0793457,-334.98739624,-54.3635635376,34.4023628235,-129.490036011,40.1862564087,-83.8200302124,1.35300076008,-81.1072540283,30.439414978,-88.1147918701,4.80784034729],[-3975.13427734,-334.98739624,1143.59020996,95.8844985962,121.801681519,58.9373893738,74.831703186,14.4214830399,101.113113403,-12.2989549637,32.2356414795,52.1932754517,52.6643447876],[1148.93945313,-54.3635635376,95.8844985962,392.658691406,-7.7334728241,-42.0904846191,-64.1545181274,63.3614730835,30.5469493866,3.47211909294,-28.1374988556,-8.84917163849,14.4625120163],[-1854.97009277,34.4023628235,121.801681519,-7.7334728241,264.239990234,-6.53208780289,123.155921936,-22.0864810944,70.8414077759,3.09137988091,44.2438926697,3.24050354958,34.0499191284],[234.622955322,-129.490036011,58.9373893738,-42.0904846191,-6.53208780289,221.758331299,15.0542535782,26.5170116425,-23.2962150574,25.8033084869,5.06885099411,26.6925582886,-14.5138196945],[-1641.33508301,40.1862564087,74.831703186,-64.1545181274,123.155921936,15.0542535782,246.99269104,-3.70452666283,48.5516548157,-5.08556747437,31.3359088898,-12.1125173569,16.7925338745],[540.708557129,-83.8200302124,14.4214830399,63.3614730835,-22.0864810944,26.5170116425,-3.70452666283,155.154907227,34.7914543152,4.76693248749,-11.5658349991,-12.6659812927,-11.1728515625],[-858.161499023,1.35300076008,101.113113403,30.5469493866,70.8414077759,-23.2962150574,48.5516548157,34.7914543152,125.889541626,17.2678527832,19.5925788879,-8.71997451782,14.3535041809],[69.8867492676,-81.1072540283,-12.2989549637,3.47211909294,3.09137988091,25.8033084869,-5.08556747437,4.76693248749,17.2678527832,83.9816055298,15.9553403854,17.2079429626,0.0959624201059],[-613.54498291,30.439414978,32.2356414795,-28.1374988556,44.2438926697,5.06885099411,31.3359088898,-11.5658349991,19.5925788879,15.9553403854,93.2681884766,26.5692100525,8.24976539612],[-191.242095947,-88.1147918701,52.1932754517,-8.84917163849,3.24050354958,26.6925582886,-12.1125173569,-12.6659812927,-8.71997451782,17.2079429626,26.5692100525,82.740196228,24.6728992462],[-482.827850342,4.80784034729,52.6643447876,14.4625120163,34.0499191284,-14.5138196945,16.7925338745,-11.1728515625,14.3535041809,0.0959624201059,8.24976539612,24.6728992462,70.8651428223]],"icov":[[0.000436857866589,-0.00109465431888,0.00100750266574,-0.00139220315032,0.00128919701092,-0.00107791973278,0.00123108492699,-0.00137250625994,0.00119232246652,-0.00106814026367,0.00148221070413,-0.00116865034215,0.0012320629321],[-0.00109465431888,0.00403238227591,-0.00213474291377,0.00348014407791,-0.00322247948498,0.00293098227121,-0.0031159457285,0.00410112040117,-0.00330785266124,0.00384304346517,-0.00466150697321,0.00425681751221,-0.00359660433605],[0.00100750266574,-0.00213474291377,0.00351830502041,-0.00351921655238,0.00280168396421,-0.0028807381168,0.00271335663274,-0.00278469081968,0.00176671775989,-0.00148605927825,0.00313616055064,-0.00298085762188,0.00241154478863],[-0.00139220315032,0.00348014407791,-0.00351921655238,0.0076112234965,-0.00441370066255,0.00412033498287,-0.00291405338794,0.00305324234068,-0.0040071499534,0.00299361324869,-0.00395816378295,0.0040208529681,-0.00465466780588],[0.00128919701092,-0.00322247948498,0.00280168396421,-0.00441370066255,0.00988274998963,-0.00341990846209,0.00139936804771,-0.00272395112552,0.00116126716603,-0.00282833701931,0.00283488165587,-0.00301277544349,0.00209851679392],[-0.00107791973278,0.00293098227121,-0.0028807381168,0.00412033498287,-0.00341990846209,0.00844067987055,-0.00366420764476,0.001849088585,-0.00101271038875,0.000924640451558,-0.00335980276577,0.00129226502031,-0.00156626605894],[0.00123108492699,-0.0031159457285,0.00271335663274,-0.00291405338794,0.00139936804771,-0.00366420764476,0.00941708590835,-0.00415598554537,0.00240457430482,-0.00241309823468,0.00332008278929,-0.00171058019623,0.00259312288836],[-0.00137250625994,0.00410112040117,-0.00278469081968,0.00305324234068,-0.00272395112552,0.001849088585,-0.00415598554537,0.0129518415779,-0.0071886619553,0.00447326060385,-0.00466524856165,0.00492421211675,-0.00319019146264],[0.00119232246652,-0.00330785266124,0.00176671775989,-0.0040071499534,0.00116126716603,-0.00101271038875,0.00240457430482,-0.0071886619553,0.0159723907709,-0.00649261334911,0.00284266821109,-0.00134025781881,0.00229371432215],[-0.00106814026367,0.00384304346517,-0.00148605927825,0.00299361324869,-0.00282833701931,0.000924640451558,-0.00241309823468,0.00447326060385,-0.00649261334911,0.0177876017988,-0.00604249490425,0.00138990930282,-0.00270895846188],[0.00148221070413,-0.00466150697321,0.00313616055064,-0.00395816378295,0.00283488165587,-0.00335980276577,0.00332008278929,-0.00466524856165,0.00284266821109,-0.00604249490425,0.0195286814123,-0.00965111609548,0.00583882723004],[-0.00116865034215,0.00425681751221,-0.00298085762188,0.0040208529681,-0.00301277544349,0.00129226502031,-0.00171058019623,0.00492421211675,-0.00134025781881,0.00138990930282,-0.00965111609548,0.0221697967499,-0.0102882254869],[0.0012320629321,-0.00359660433605,0.00241154478863,-0.00465466780588,0.00209851679392,-0.00156626605894,0.00259312288836,-0.00319019146264,0.00229371432215,-0.00270895846188,0.00583882723004,-0.0102882254869,0.0219023767859]],"mean":[-37.185836792,107.807113647,-95.6947402954,28.0836429596,-54.5784378052,2.62506318092,-46.5600509644,6.45384979248,-25.0974388123,-3.50167703629,-19.0836582184,-8.15044212341,-12.9543180466]},"hfc":{"dmean":4.2224946022,"dmean2":5.75499105453,"dvar":26.7085456848,"dvar2":49.0398025513,"max":73.1523361206,"mean":16.3443813324,"median":13.6841773987,"min":1.06227910693e-16,"var":155.035400391},"melbands":{"dmean":[0.000755758606829,0.00116889097262,0.000889362127054,0.000933727598749,0.000439654482761,0.000288908457151,0.00029402191285,0.000164677447174,0.000169013612322,0.000137688795803,0.000103679936728,0.0000369266090274,0.00002348398084,0.0000251287583524,0.0000206543154491,0.0000207069406315,0.0000288649480353,0.0000203693234653,0.0000136771886901,0.000011424324839,0.0000117176587082,0.00000744402996133,0.00000552807841814,0.00000712756673238,0.00000539851225767,0.00000280865378954,0.00000260968067778,0.00000234888398154,0.00000150537687205,0.00000114087913516,7.19425599982e-7,6.50950596537e-7,6.13241638803e-7,5.72398107579e-7,7.18002070244e-7,8.13232077235e-7,4.94444975629e-7,4.28360181104e-7,4.33690530599e-7,6.30435863513e-7],"dmean2":[0.00108081311919,0.00175098225009,0.00143721257336,0.00151470548008,0.000684092694428,0.000441636802861,0.00046008566278,0.000261644687271,0.000258543994278,0.000214858562686,0.000167781123309,0.0000583382534387,0.0000376962670998,0.0000411615110352,0.0000336574557878,0.0000336002340191,0.0000482354589622,0.0000317927115248,0.0000221392674575,0.000018380511392,0.0000188202866411,0.0000119301421364,0.00000883539269125,0.0000112435527626,0.00000848684248922,0.00000440959138359,0.00000405315040553,0.00000359903106073,0.00000233556534113,0.00000176027515408,0.00000107506991753,9.56660414886e-7,8.83813584096e-7,8.34043532905e-7,0.00000107301423213,0.0000011593151612,6.83125222167e-7,6.09872131463e-7,6.31627301573e-7,8.64843514137e-7],"dvar":[0.00000499287443745,0.00000286500085167,0.00000189652814697,0.00000236552295974,4.36633655454e-7,2.24076231348e-7,4.52092393743e-7,1.02333743257e-7,2.70181743645e-7,1.31920472768e-7,9.18033293829e-8,1.13764944132e-8,6.47734754722e-9,7.41654782033e-9,4.42129355349e-9,3.46390249817e-9,8.6738349836e-9,4.37436664669e-9,1.34797095708e-9,9.27114607308e-10,9.14985531786e-10,3.50705325891e-10,1.22294743776e-10,1.71417727235e-10,1.79873796413e-10,5.09297361229e-11,7.32604046871e-11,4.02946356837e-11,1.37229073591e-11,8.16586208374e-12,1.87431884249e-12,1.64152881826e-12,1.61862862523e-12,1.61000596535e-12,4.12521058979e-12,5.24437221081e-12,1.49848156886e-12,1.24370565929e-12,1.47468918587e-12,3.23581244265e-12],"dvar2":[0.00000841095061332,0.00000574259001951,0.00000489683361593,0.00000604856768405,0.00000107882931388,5.1857557537e-7,0.00000104688569991,2.5112746016e-7,6.40202699742e-7,3.08517229541e-7,2.43189191451e-7,2.74828497737e-8,1.6234984912e-8,1.91448776832e-8,1.11738787112e-8,9.02603680686e-9,2.489341e-8,8.50576498124e-9,3.56522789069e-9,2.41215558638e-9,2.29783414518e-9,8.14854517195e-10,3.03881170227e-10,4.22260476585e-10,4.16477796694e-10,1.14748995028e-10,1.51509776947e-10,9.19929965537e-11,3.23755397491e-11,2.07598487012e-11,4.22485310625e-12,3.3331044088e-12,3.32325594994e-12,3.52964879546e-12,1.03496412829e-11,1.14403746893e-11,3.07476635299e-12,2.42205843055e-12,3.25531463764e-12,6.25274311494e-12],"max":[0.0248423293233,0.0287723988295,0.0245149899274,0.0226062946022,0.013411289081,0.0143640199676,0.0178840402514,0.00755114434287,0.0128622325137,0.0133993914351,0.00725727714598,0.00416989438236,0.00474352529272,0.00383075303398,0.00262607005425,0.00142158090603,0.0022240546532,0.00256955414079,0.00112052180339,0.000918874982744,0.000684938102495,0.0004271682119,0.00028420847957,0.000218430112,0.000464059208753,0.000246815208811,0.000342842686223,0.000191590734175,0.000094254843134,0.0001348357182,0.0000286632093776,0.0000469218502985,0.0000438370007032,0.000035456581827,0.0000688468280714,0.0000519277054991,0.0000454180844827,0.0000528781565663,0.0000401441757276,0.0000391276553273],"mean":[0.00111510616262,0.00250296783634,0.00188532087486,0.00171923544258,0.000844179885462,0.00057591003133,0.000539505737834,0.000304304790916,0.00027496018447,0.000248477648711,0.000173211854417,0.0000672649111948,0.0000397719813918,0.0000422652374255,0.00003677888526,0.0000350918926415,0.0000460181108792,0.0000364224615623,0.0000245641458605,0.0000202301343961,0.0000205652668228,0.0000133145058498,0.0000106263469206,0.0000137014785651,0.0000105320796138,0.00000534858509127,0.00000459970578959,0.00000414697478845,0.00000252721088145,0.00000184410237125,0.00000120693744066,0.00000108972415092,9.74508793661e-7,9.24383414258e-7,0.00000109063171294,0.00000118259788451,7.59494469094e-7,6.72842077165e-7,6.85751388119e-7,8.73220926678e-7],"median":[0.000214752275497,0.00121692148969,0.00124106486328,0.00110444135498,0.000530460325535,0.000301457825117,0.000194148538867,0.00014778439072,0.0000854302634252,0.0000547975650989,0.0000543526330148,0.0000231131307373,0.0000140935935633,0.0000129667587316,0.0000115930733955,0.0000117434319691,0.0000138491159305,0.0000118522912089,0.00000899706901691,0.00000907182311494,0.00000861946318764,0.00000598536644247,0.00000558969077247,0.00000630982867733,0.00000420898231823,0.00000234032859225,0.00000214715350921,0.00000188876322227,0.00000115616091989,8.33197475458e-7,5.27844690623e-7,4.67420335326e-7,3.42017187904e-7,3.04166519527e-7,3.93447066926e-7,3.51945203647e-7,1.78858797995e-7,1.59248969567e-7,1.9648854277e-7,1.84091504707e-7],"min":[8.51302894351e-25,9.29030641241e-25,8.1913073075e-25,5.23535329751e-25,1.22881869004e-24,6.29073036653e-25,1.93247768712e-24,2.32251260676e-24,1.7855184225e-24,2.14016247814e-24,1.94651684743e-24,2.60374625264e-24,1.3602254633e-24,1.96168309276e-24,1.542763045e-24,3.71082102525e-24,2.42194024083e-24,3.07850483351e-24,3.81981872539e-24,3.06095110064e-24,3.57940547591e-24,3.39484476182e-24,3.53127312778e-24,3.29360471982e-24,3.44426689753e-24,3.71706249273e-24,4.19994791865e-24,3.36684098854e-24,3.41757223893e-24,4.4537315716e-24,6.24391255648e-24,4.38955379266e-24,5.03719597407e-24,5.29158626107e-24,6.48509691749e-24,5.65081182363e-24,5.14111459327e-24,4.31017466407e-24,4.82417276409e-24,5.78497142563e-24],"var":[0.00000967183041212,0.0000106353609226,0.00000449558183391,0.00000400058934247,9.15807504498e-7,6.86145995132e-7,0.00000140941040172,2.18941423213e-7,4.83681674268e-7,3.89216324947e-7,1.74530342179e-7,2.8166125432e-8,1.09158113659e-8,1.09133351245e-8,7.96172017203e-9,5.94739590909e-9,1.46651801813e-8,1.29736719146e-8,2.92822943671e-9,1.49279300032e-9,1.55655055512e-9,6.38626207472e-10,2.52072918094e-10,3.84257875519e-10,5.47789757999e-10,1.4243307922e-10,1.3614966099e-10,7.13331685387e-11,2.35578848096e-11,1.27184608331e-11,3.44707725905e-12,3.48728836606e-12,3.65382247028e-12,3.35999283951e-12,5.30245595695e-12,8.37534555598e-12,3.32015079492e-12,3.01866279369e-12,3.43525988905e-12,6.29936597676e-12]},"melbands_crest":{"dmean":3.27589225769,"dmean2":5.27675628662,"dvar":8.40809631348,"dvar2":20.8577919006,"max":40,"mean":14.8092374802,"median":14.0942993164,"min":1.53065788746,"var":29.6468868256},"melbands_flatness_db":{"dmean":0.0260007772595,"dmean2":0.0373160913587,"dvar":0.000685155275278,"dvar2":0.00129487365484,"max":1,"mean":0.240833446383,"median":0.233016461134,"min":0.00292337103747,"var":0.00666487636045},"melbands_kurtosis":{"dmean":8693695,"dmean2":16684291,"dvar":198400980537000000,"dvar2":398026576509000000,"max":28114307072,"mean":32874844,"median":14.0911664963,"min":-1.51486289501,"var":875994176708000000},"melbands_skewness":{"dmean":36.0793647766,"dmean2":69.3475494385,"dvar":3553969.75,"dvar2":7053760,"max":118254.046875,"mean":143.83732605,"median":3.02271389961,"min":-1.49249768257,"var":16019156},"melbands_spread":{"dmean":4.18798160553,"dmean2":6.44285583496,"dvar":34.7471008301,"dvar2":75.379737854,"max":156.823913574,"mean":15.3351163864,"median":11.0897254944,"min":1.38186138088e-8,"var":386.80770874},"mfcc":{"cov":[[13308.15625,853.461242676,-744.850402832,144.022659302,-26.9871025085,-255.673095703,-169.716598511,-57.1466064453,-97.9351882935,24.0727348328,34.0180702209,-3.89101243019,-107.332168579],[853.461242676,1439.31433105,-149.707427979,65.5299606323,-2.3902463913,0.772846400738,34.8541412354,-9.71361446381,-26.9634380341,2.00580787659,-11.4147405624,-18.4062690735,-27.4146022797],[-744.850402832,-149.707427979,769.962524414,118.925697327,134.957717896,12.1428546906,-22.118309021,50.1819152832,18.6130657196,19.1405601501,-10.4500627518,-31.3824424744,24.6288509369],[144.022659302,65.5299606323,118.925697327,408.632019043,79.1360549927,-39.9418449402,-44.9342269897,2.8203253746,45.7346725464,38.9033851624,-13.4587507248,-9.66467285156,-4.56259298325],[-26.9871025085,-2.3902463913,134.957717896,79.1360549927,191.507339478,4.40328073502,-27.2850437164,12.7316236496,8.57863712311,17.6013774872,-4.09777259827,1.9534881115,20.4132556915],[-255.673095703,0.772846400738,12.1428546906,-39.9418449402,4.40328073502,169.355514526,50.6400947571,-1.92082357407,4.08402824402,-23.5066566467,1.83822453022,17.6276378632,8.76748275757],[-169.716598511,34.8541412354,-22.118309021,-44.9342269897,-27.2850437164,50.6400947571,129.504257202,39.9668731689,0.215617403388,4.9598865509,15.931593895,4.68324613571,1.58344268799],[-57.1466064453,-9.71361446381,50.1819152832,2.8203253746,12.7316236496,-1.92082357407,39.9668731689,106.322235107,28.1509609222,30.0184707642,21.1889038086,-4.46303987503,-5.73010063171],[-97.9351882935,-26.9634380341,18.6130657196,45.7346725464,8.57863712311,4.08402824402,0.215617403388,28.1509609222,94.7556838989,43.0473060608,7.48187160492,-4.09094619751,-7.47935819626],[24.0727348328,2.00580787659,19.1405601501,38.9033851624,17.6013774872,-23.5066566467,4.9598865509,30.0184707642,43.0473060608,121.393859863,42.6868057251,-22.5615215302,-20.2980060577],[34.0180702209,-11.4147405624,-10.4500627518,-13.4587507248,-4.09777259827,1.83822453022,15.931593895,21.1889038086,7.48187160492,42.6868057251,88.3243713379,16.1906070709,-7.64893579483],[-3.89101243019,-18.4062690735,-31.3824424744,-9.66467285156,1.9534881115,17.6276378632,4.68324613571,-4.46303987503,-4.09094619751,-22.5615215302,16.1906070709,80.8548126221,37.2109870911],[-107.332168579,-27.4146022797,24.6288509369,-4.56259298325,20.4132556915,8.76748275757,1.58344268799,-5.73010063171,-7.47935819626,-20.2980060577,-7.64893579483,37.2109870911,85.1795883179]],"icov":[[0.0000871329757501,-0.0000414990790887,0.0000852661469253,-0.0000346894812537,-0.0000303066753986,0.0000809518242022,0.000109149550553,-0.0000465256889584,0.000101919118606,-0.00000573374654778,-0.0000397108160541,-0.0000272449251497,0.0000796160820755],[-0.0000414990790887,0.000761328847148,0.000138119532494,-0.00018855810049,-0.0000861875159899,-0.0000546419105376,-0.00033698999323,0.0000552552301087,0.000263383466518,-0.000054587086197,0.000135700684041,0.000146748308907,0.000137159746373],[0.0000852661469253,0.000138119532494,0.00175024732016,-0.000389336870285,-0.000912563351449,-0.00025402312167,0.000393649708712,-0.000881949148607,0.000265422597295,0.00014406516857,-0.0000941120961215,0.00101972103585,-0.000593116041273],[-0.0000346894812537,-0.00018855810049,-0.000389336870285,0.00310176075436,-0.000898124766536,0.000582912121899,0.000422051118221,0.00041007596883,-0.00135459832381,-0.000594472745433,0.000707184663042,-0.000473391410196,0.000358998484444],[-0.0000303066753986,-0.0000861875159899,-0.000912563351449,-0.000898124766536,0.00683028949425,-0.000972846522927,0.00167460215744,-0.00105697510298,0.000704002741259,-0.0013026681263,0.000536812527571,-0.000311277311994,-0.00155356933828],[0.0000809518242022,-0.0000546419105376,-0.00025402312167,0.000582912121899,-0.000972846522927,0.00763397756964,-0.00340736843646,0.00168544088956,-0.00169519206975,0.00182443391532,-0.000457300804555,-0.00112612056546,0.000549985852558],[0.000109149550553,-0.00033698999323,0.000393649708712,0.000422051118221,0.00167460215744,-0.00340736843646,0.011443679221,-0.0048165130429,0.00149166712072,-0.00080568913836,-0.000601162493695,0.000285795831587,-0.000889325747266],[-0.0000465256889584,0.0000552552301087,-0.000881949148607,0.00041007596883,-0.00105697510298,0.00168544088956,-0.0048165130429,0.0132459606975,-0.00349563686177,-0.000584402529057,-0.00179590005428,0.000109906155558,0.000641072925646],[0.000101919118606,0.000263383466518,0.000265422597295,-0.00135459832381,0.000704002741259,-0.00169519206975,0.00149166712072,-0.00349563686177,0.014628034085,-0.00533890118822,0.00210213963874,-0.00137048598845,0.000606448098551],[-0.00000573374654778,-0.000054587086197,0.00014406516857,-0.000594472745433,-0.0013026681263,0.00182443391532,-0.00080568913836,-0.000584402529057,-0.00533890118822,0.0145116876811,-0.00729807466269,0.00473859347403,0.000265641283477],[-0.0000397108160541,0.000135700684041,-0.0000941120961215,0.000707184663042,0.000536812527571,-0.000457300804555,-0.000601162493695,-0.00179590005428,0.00210213963874,-0.00729807466269,0.0167716667056,-0.00639063166454,0.00261081685312],[-0.0000272449251497,0.000146748308907,0.00101972103585,-0.000473391410196,-0.000311277311994,-0.00112612056546,0.000285795831587,0.000109906155558,-0.00137048598845,0.00473859347403,-0.00639063166454,0.0192338041961,-0.00808207411319],[0.0000796160820755,0.000137159746373,-0.000593116041273,0.000358998484444,-0.00155356933828,0.000549985852558,-0.000889325747266,0.000641072925646,0.000606448098551,0.000265641283477,0.00261081685312,-0.00808207411319,0.0163321290165]],"mean":[-669.51159668,138.684951782,12.4560222626,25.9166278839,11.3402996063,-4.05570411682,-5.13079071045,-2.02635121346,-3.26459980011,1.60335803032,-3.43564081192,-5.2551445961,-6.36573886871]},"pitch_salience":{"dmean":0.0699194669724,"dmean2":0.112646952271,"dvar":0.00399637920782,"dvar2":0.0101847276092,"max":0.884665489197,"mean":0.575812876225,"median":0.586552977562,"min":0.0000164663069881,"var":0.0121048223227},"silence_rate_20dB":{"dmean":0,"dmean2":0,"dvar":0,"dvar2":0,"max":1,"mean":1,"median":1,"min":1,"var":0},"silence_rate_30dB":{"dmean":0.00411353353411,"dmean2":0.00822819489986,"dvar":0.00409675482661,"dvar2":0.011452271603,"max":1,"mean":0.997395098209,"median":1,"min":0,"var":0.00259855482727},"silence_rate_60dB":{"dmean":0.00438776891679,"dmean2":0.00877674203366,"dvar":0.00436833919957,"dvar2":0.0111674526706,"max":1,"mean":0.0681381970644,"median":0,"min":0,"var":0.063494078815},"spectral_centroid":{"dmean":188.145797729,"dmean2":289.112457275,"dvar":83294.84375,"dvar2":180375.9375,"max":11805.9326172,"mean":1039.11401367,"median":763.352478027,"min":160.112594604,"var":2367814.25},"spectral_complexity":{"dmean":2.82023859024,"dmean2":4.29648923874,"dvar":9.52819633484,"dvar2":18.6755046844,"max":49,"mean":16.3326015472,"median":16,"min":0,"var":67.6098022461},"spectral_contrast_coeffs":{"dmean":[0.0521092638373,0.0461009927094,0.037424556911,0.0278474539518,0.0207995809615,0.0167532060295],"dmean2":[0.085371516645,0.0755248516798,0.0605582743883,0.0448245704174,0.0329236984253,0.0262007359415],"dvar":[0.00181749463081,0.00149730930571,0.000990534783341,0.00056436448358,0.000344276399119,0.000248975149589],"dvar2":[0.00475337170064,0.00394588150084,0.00246179802343,0.00143930444028,0.000810174504295,0.000584755616728],"max":[-0.307792574167,-0.395402371883,-0.478095173836,-0.536639511585,-0.59266269207,-0.617814183235],"mean":[-0.586403429508,-0.718482971191,-0.762917101383,-0.790405035019,-0.795443117619,-0.796168804169],"median":[-0.576532483101,-0.719075322151,-0.767462015152,-0.792094111443,-0.792872965336,-0.793732523918],"min":[-0.981009840965,-0.980899393559,-0.979168593884,-0.994756162167,-0.987846970558,-0.966181397438],"var":[0.00973953586072,0.00696992035955,0.00511594116688,0.00337180169299,0.00267270137556,0.00209315726534]},"spectral_contrast_valleys":{"dmean":[0.425678104162,0.330292999744,0.320375859737,0.272185385227,0.259914129972,0.339051067829],"dmean2":[0.696102559566,0.535882234573,0.500220060349,0.415762007236,0.373132765293,0.409694910049],"dvar":[0.175875201821,0.127111405134,0.133119687438,0.112572774291,0.115527898073,0.165305659175],"dvar2":[0.396409839392,0.269138664007,0.263281524181,0.208439394832,0.202143460512,0.239800319076],"max":[-5.02260446548,-4.51729488373,-5.49266386032,-5.73665475845,-5.79315948486,-7.74392175674],"mean":[-7.58277368546,-7.00493764877,-7.96906805038,-8.29391384125,-8.30586433411,-10.7597665787],"median":[-7.05031776428,-6.40292072296,-7.38133716583,-7.68855762482,-7.6778626442,-10.2986717224],"min":[-28.3143730164,-28.1492557526,-27.8254051208,-27.7490177155,-27.5958461761,-27.4299163818],"var":[9.76283931732,10.3191556931,9.558344841,9.4010925293,9.52953720093,7.5598692894]},"spectral_decrease":{"dmean":2.43784059606e-9,"dmean2":3.53986928658e-9,"dvar":7.89247102278e-18,"dvar2":1.5215401724e-17,"max":2.10494527184e-15,"mean":-8.52430392939e-9,"median":-7.677170899e-9,"min":-3.79092099934e-8,"var":3.38522739245e-17},"spectral_energy":{"dmean":0.00945500843227,"dmean2":0.0137036461383,"dvar":0.000117449388199,"dvar2":0.000226153482799,"max":0.145892471075,"mean":0.0336552262306,"median":0.0305408239365,"min":9.93420732001e-21,"var":0.0005144100287},"spectral_energyband_high":{"dmean":0.000204943455174,"dmean2":0.000265899521764,"dvar":1.37676309464e-7,"dvar2":2.32159422353e-7,"max":0.0079513322562,"mean":0.000412669411162,"median":0.000193403277081,"min":7.00011286896e-21,"var":4.1354115865e-7},"spectral_energyband_low":{"dmean":0.00529291573912,"dmean2":0.00761031592265,"dvar":0.0000691286841175,"dvar2":0.000119971373351,"max":0.11304076761,"mean":0.0119992597029,"median":0.00628023035824,"min":1.18608794863e-23,"var":0.000232291276916},"spectral_energyband_middle_high":{"dmean":0.00109734351281,"dmean2":0.00163016468287,"dvar":0.00000319135756399,"dvar2":0.00000728885243007,"max":0.0527703128755,"mean":0.00347302132286,"median":0.00215099472553,"min":1.04710978227e-21,"var":0.0000166379213624},"spectral_energyband_middle_low":{"dmean":0.00682150712237,"dmean2":0.01059964858,"dvar":0.0000684657934471,"dvar2":0.000166925674421,"max":0.104199081659,"mean":0.0198042634875,"median":0.0170059502125,"min":1.53103841047e-22,"var":0.00022551654547},"spectral_entropy":{"dmean":0.176895856857,"dmean2":0.250013381243,"dvar":0.0307479053736,"dvar2":0.0595473460853,"max":9.8275680542,"mean":7.32600212097,"median":7.31564617157,"min":4.99930381775,"var":0.354689210653},"spectral_flux":{"dmean":0.0241194292903,"dmean2":0.0389467589557,"dvar":0.000648718618322,"dvar2":0.00157971621957,"max":0.293848633766,"mean":0.0821876376867,"median":0.0786451399326,"min":6.29948176956e-11,"var":0.00193293776829},"spectral_kurtosis":{"dmean":1.81658768654,"dmean2":2.91581177711,"dvar":4.01886129379,"dvar2":10.5467033386,"max":39.566280365,"mean":6.21175861359,"median":5.17650699615,"min":-1.31744635105,"var":22.1528110504},"spectral_rms":{"dmean":0.000782523828093,"dmean2":0.00112440343946,"dvar":6.52445521609e-7,"dvar2":0.00000121112668694,"max":0.0119303865358,"mean":0.00530338613316,"median":0.00545856449753,"min":3.1131831054e-12,"var":0.00000470845452583},"spectral_rolloff":{"dmean":305.34588623,"dmean2":518.387268066,"dvar":584607.4375,"dvar2":1232325.25,"max":21662.4023438,"mean":1218.05603027,"median":538.330078125,"min":21.533203125,"var":8544273},"spectral_skewness":{"dmean":0.230957895517,"dmean2":0.357081234455,"dvar":0.0499873496592,"dvar2":0.118368782103,"max":5.46429729462,"mean":1.88943731785,"median":1.81436061859,"min":-0.0888586714864,"var":0.440212219954},"spectral_spread":{"dmean":653439.75,"dmean2":868101.5,"dvar":1069462716420,"dvar2":1852140683260,"max":49557108,"mean":5310320,"median":4116312.25,"min":1623543.5,"var":32541547429900},"spectral_strongpeak":{"dmean":0.434112936258,"dmean2":0.726891934872,"dvar":0.438620775938,"dvar2":1.09047293663,"max":10.5692176819,"mean":0.861995398998,"median":0.580201983452,"min":0,"var":0.889738559723},"zerocrossingrate":{"dmean":0.00868522003293,"dmean2":0.0103786550462,"dvar":0.000185527824215,"dvar2":0.000246995885391,"max":0.77490234375,"mean":0.052130818367,"median":0.037109375,"min":0,"var":0.00585107132792}},"metadata":{"audio_properties":{"analysis_sample_rate":44100,"bit_rate":951847,"codec":"alac","downmix":"mix","equal_loudness":0,"length":169.333328247,"lossless":true,"md5_encoded":"4b0a4cfc76b451bbd3fa458c46790f97","replay_gain":-13.6682415009,"sample_rate":44100},"tags":{"album":["Left Hand Luke: The Alternate Tanx"],"albumartistsort":["T. Rex"],"artist":["T. Rex"],"artistsort":["T. Rex"],"barcode":["740155171629"],"compilation":["0"],"date":["2002"],"discnumber":["1/1"],"file_name":"01 T. Rex - Tenement Lady-Darling.m4a","genre":["Rock"],"musicbrainz_albumartistid":["c842d29f-a297-48cd-bb71-4f77fd672b16"],"musicbrainz_albumid":["b6317ed9-aa02-4852-a29a-5197f339ee50"],"musicbrainz_artistid":["c842d29f-a297-48cd-bb71-4f77fd672b16"],"musicbrainz_recordingid":["77fee83b-ded9-4b39-b52d-0cc72aa1778f"],"musicbrainz_releasegroupid":["ac34971f-6cc1-356e-982d-e997b3ff567d"],"script":["Latn"],"title":["Tenement Lady\rDarling"],"tracknumber":["1/23"]},"version":{"essentia":"2.1-beta2","essentia_build_sha":"2d9f1f26377add8aeb1075a9c2973f962c4f09fd","essentia_git_sha":"v2.1_beta2-1-ge3940c0","extractor":"music 1.0"}},"rhythm":{"beats_count":405,"beats_loudness":{"dmean":0.0208698306233,"dmean2":0.0370339304209,"dvar":0.000286130671157,"dvar2":0.000908832415007,"max":0.118065044284,"mean":0.0492285080254,"median":0.0476901642978,"min":0,"var":0.000603490800131},"beats_loudness_band_ratio":{"dmean":[0.22056055069,0.19367441535,0.106530338526,0.0493555292487,0.0351847223938,0.0208203606308],"dmean2":[0.368241369724,0.326418161392,0.1816175282,0.0856215134263,0.0629365593195,0.0363115370274],"dvar":[0.0295023042709,0.0223753526807,0.011737762019,0.00686305109411,0.00352495349944,0.00260029919446],"dvar2":[0.0795749276876,0.0566605962813,0.0324952676892,0.0196553319693,0.0102190347388,0.00738618941978],"max":[0.953581392765,0.842876970768,0.666763186455,0.835725188255,0.565784811974,0.725410282612],"mean":[0.470999270678,0.320043236017,0.148361474276,0.0520110502839,0.0408463291824