{"lowlevel":{"average_loudness":0.902480363846,"barkbands":{"dmean":[0.0000987194216577,0.00315295951441,0.00168306892738,0.000790799909737,0.00134619115852,0.000413634843426,0.00133065134287,0.00144763255958,0.00101229920983,0.000785614363849,0.00110083108302,0.000837652012706,0.000706715742126,0.000759175338317,0.000492647464853,0.000548626820091,0.00035652317456,0.000219623732846,0.000194182852283,0.000151821295731,0.000139439565828,0.000139603958814,0.000227764103329,0.000208190627745,0.000127197490656,0.00007421488408,0.00000533622142029],"dmean2":[0.00016383449838,0.00478459848091,0.00288060889579,0.00143767998088,0.00218027387746,0.000640032463707,0.00206590932794,0.0022693388164,0.0015764987329,0.00123403430916,0.00180962157901,0.00135540904012,0.00112995761447,0.00122574961279,0.000784593517892,0.000872142321896,0.000564055226278,0.000348890665919,0.000298924103845,0.000240486449911,0.000217066786718,0.000211584192584,0.000368342793081,0.000337626173859,0.000191739964066,0.000116982191685,0.00000804742103355],"dvar":[7.19512911473e-8,0.0000817385007394,0.0000176323737833,0.00000495515814691,0.00000718690716894,0.00000100158604255,0.0000130078997245,0.0000272048891929,0.00000800547968538,0.00000477968978885,0.00000854242261994,0.00000600753674007,0.00000369727422367,0.000003583578291,0.00000106500885977,0.00000128139549815,5.34921639428e-7,1.48989840909e-7,9.06749733076e-8,5.39688294054e-8,5.18738438871e-8,6.43654018972e-8,1.92688048628e-7,1.83687333788e-7,7.64480461157e-8,2.30600232243e-8,1.60877006161e-10],"dvar2":[2.02899883561e-7,0.000193005966139,0.0000490787097078,0.000014294399989,0.0000172553409357,0.0000020585528091,0.0000289472591248,0.0000592777578277,0.0000189157817658,0.0000118277093861,0.0000211079768633,0.0000148470380736,0.0000093620383268,0.00000891474155651,0.00000250425205195,0.00000308305811814,0.000001251853746,3.62722687441e-7,1.98039074917e-7,1.22613272424e-7,1.13095346421e-7,1.44939846791e-7,4.70926835305e-7,4.57522162378e-7,1.59505219699e-7,5.40675131333e-8,3.72620129196e-10],"max":[0.0038823755458,0.102652624249,0.0509356334805,0.0227197203785,0.0766537636518,0.0371482819319,0.080567881465,0.0982424467802,0.0739402770996,0.0674840062857,0.0773481056094,0.0635841786861,0.0541082546115,0.0537866018713,0.0192335285246,0.0187891684473,0.00996318645775,0.00889765005559,0.00472214724869,0.00328481174074,0.00413330225274,0.0105082513765,0.00688205612823,0.00527586508542,0.00785962212831,0.00269463076256,0.000399504991947],"mean":[0.000123989637359,0.00559745449573,0.00262184999883,0.000707498926204,0.00187584466767,0.000696326140314,0.00184277095832,0.00163777172565,0.00132047152147,0.00102486577816,0.00141838681884,0.0010366726201,0.000890189956408,0.000896312238183,0.000671111280099,0.00070289731957,0.000499940419104,0.000365124549717,0.000342663726769,0.000264996226178,0.000210701895412,0.000217925422476,0.000288692885078,0.000232700287597,0.000165439472767,0.0000823133668746,0.0000065843178163],"median":[0.00000180000824912,0.000114606635179,0.000333197182044,0.000136162387207,0.000832860998344,0.000226914795348,0.000411738699768,0.000331397284754,0.000447096477728,0.000281839631498,0.000441171345301,0.000301053340081,0.000277149083558,0.000251145742368,0.000235549683566,0.000223153925617,0.000148398263264,0.000171400024556,0.000187479134183,0.000124154641526,0.0000630601643934,0.0000576498714508,0.0000607993169979,0.0000476565655845,0.0000355945157935,0.0000147548435052,0.00000133368655497],"min":[5.11948731641e-17,7.49634746232e-17,3.20279436271e-17,9.80153604774e-18,1.76521864731e-17,6.94280613733e-17,1.13837654691e-16,5.56535255583e-17,2.59596275394e-17,5.93085322827e-17,1.30532925544e-16,7.4108381628e-17,6.45572645846e-17,5.41007553473e-17,1.60987452532e-16,1.38594164573e-16,1.2360123142e-16,1.71152112597e-16,1.63217518229e-16,1.53328620328e-16,2.14491638604e-16,4.12082349402e-16,2.26794384528e-15,2.47569371043e-15,2.63951877628e-15,1.62760970117e-15,3.0748083726e-15],"var":[8.72788845641e-8,0.000168705475517,0.0000394496564695,0.00000331515639118,0.0000113437081382,0.00000319298555951,0.0000202934697882,0.0000352739225491,0.00000972138604993,0.0000060827451307,0.00001134854665,0.00000728190980226,0.00000431683156421,0.00000375127547159,0.00000155158068083,0.00000176608841684,7.96578660811e-7,2.88245331603e-7,1.90542507994e-7,1.22838542893e-7,1.06092656438e-7,1.36566171705e-7,2.61737227447e-7,1.99943244183e-7,1.49285071416e-7,2.95462196931e-8,2.2440974079e-10]},"barkbands_crest":{"dmean":3.031072855,"dmean2":4.8017334938,"dvar":7.92615890503,"dvar2":19.9744930267,"max":26.0040531158,"mean":10.3323125839,"median":9.01253128052,"min":2.13391518593,"var":26.2697277069},"barkbands_flatness_db":{"dmean":0.0254288129508,"dmean2":0.037184368819,"dvar":0.000607916503213,"dvar2":0.00127649260685,"max":0.527051687241,"mean":0.127044126391,"median":0.117802858353,"min":0.0181892625988,"var":0.00340461684391},"barkbands_kurtosis":{"dmean":3.07939720154,"dmean2":4.66573238373,"dvar":47.2416915894,"dvar2":94.4309005737,"max":353.667419434,"mean":4.11599636078,"median":0.693985462189,"min":-1.94183218479,"var":221.172821045},"barkbands_skewness":{"dmean":0.624070167542,"dmean2":0.918479382992,"dvar":0.429191201925,"dvar2":0.926141083241,"max":14.0705909729,"mean":1.18057668209,"median":0.934629321098,"min":-5.21661424637,"var":2.03878951073},"barkbands_spread":{"dmean":8.36502170563,"dmean2":12.6570463181,"dvar":106.589042664,"dvar2":232.790664673,"max":115.152198792,"mean":25.4124641418,"median":22.7424297333,"min":0.177730098367,"var":273.103363037},"dissonance":{"dmean":0.0215300731361,"dmean2":0.0352393351495,"dvar":0.000566026312299,"dvar2":0.00138061202597,"max":0.499989926815,"mean":0.461784243584,"median":0.472562611103,"min":0.222843453288,"var":0.00131859327666},"dynamic_complexity":3.19009828568,"erbbands":{"dmean":[0.0844378843904,0.756450593472,1.69293951988,2.46297287941,3.18357539177,5.73401546478,4.2196688652,3.33011102676,10.9499254227,31.7352581024,25.2208385468,20.7557621002,23.3516712189,33.6574783325,38.4354400635,33.1762123108,30.6991043091,38.4643173218,28.3667850494,27.7352867126,26.9170608521,19.8746757507,11.4484157562,11.460313797,8.19967460632,7.02500295639,5.68325042725,5.78403568268,5.02197885513,6.75714015961,6.0648727417,4.6011223793,3.42253518105,1.491284132,0.973378658295,0.368454098701,0.144957467914,0.0185414720327,0.000667721324135,0.0000258902546193],"dmean2":[0.129684820771,1.20798158646,2.76824593544,4.40455770493,5.58482885361,9.28757476807,6.39562654495,5.20792388916,16.9491024017,49.531452179,39.3988380432,31.967622757,37.3543548584,52.7258033752,62.0242614746,53.0473937988,48.7173652649,62.233997345,45.5643577576,44.6653327942,41.9650382996,31.1306419373,18.1847877502,17.6362667084,12.3778648376,11.0176010132,8.797290802,9.08051300049,7.6460018158,11.1492013931,9.67773342133,7.42497348785,5.60263967514,2.26461362839,1.51433753967,0.563113033772,0.235849350691,0.0285676158965,0.00101978844032,0.0000380772034987],"dvar":[0.045598667115,5.63446140289,17.9638137817,45.1951675415,42.9199409485,179.754180908,159.616043091,44.7559242249,1032.57873535,8769.53125,8470.37109375,3566.46899414,4588.69824219,6776.44140625,12003.9375,9279.14746094,7054.34619141,8136.23193359,4872.29345703,3607.63012695,3126.37963867,1767.68469238,416.472930908,360.040222168,148.024185181,124.256492615,87.3993225098,97.8387374878,91.3871612549,164.029388428,128.738250732,84.4911956787,52.1819343567,10.4631156921,4.78055858612,0.596085965633,0.0940789207816,0.00136629224289,0.00000198406314666,1.62026747574e-9],"dvar2":[0.0951685383916,14.1062927246,43.871925354,132.012634277,123.757453918,449.349456787,328.043945312,98.5090637207,2300.94458008,19416.5019531,18435.1425781,8238.52636719,11351.3017578,15974.6074219,29209.0410156,22095.546875,17764.0429688,20187.2070312,11570.7548828,9007.68847656,7147.14306641,4128.21484375,1019.38372803,798.013977051,306.465301514,276.85949707,191.30480957,221.37322998,207.869659424,417.514801025,301.614349365,209.679504395,129.276199341,22.258731842,10.6783361435,1.27517521381,0.235634490848,0.00310987443663,0.00000456959787698,3.65566465987e-9],"max":[3.02783966064,27.1388149261,48.5388717651,72.0487823486,82.0599441528,375.73248291,525.669433594,233.72819519,915.651672363,2707.08862305,2174.81225586,1416.77954102,2392.42749023,2317.99780273,3715.44360352,2159.7890625,2410.18286133,1501.37976074,2756.3894043,999.72833252,1198.16271973,495.415313721,286.543487549,411.203399658,238.659713745,185.26902771,149.298706055,333.674316406,397.187896729,129.063568115,224.804321289,127.059043884,101.061393738,98.4276885986,42.9811019897,16.3504543304,3.61043381691,0.844944834709,0.0363907329738,0.000768311379943],"mean":[0.167382836342,1.24727380276,2.76451730728,3.00858020782,3.30029034615,7.82271909714,6.71421289444,5.78733205795,15.4105358124,42.0244064331,30.7648677826,27.743680954,30.8253707886,48.2301445007,52.4493026733,43.6819534302,41.0087165833,47.2341270447,38.1360626221,37.867515564,37.4906539917,28.866317749,19.2002887726,20.0281829834,16.3955402374,12.4616966248,8.66758918762,8.46055030823,7.75441741943,8.62832736969,7.8577504158,5.51754379272,3.5938577652,1.92716765404,1.17279982567,0.444612383842,0.14434927702,0.021706122905,0.000815681589302,0.000052953226259],"median":[0.00167497480288,0.0418139025569,0.329770535231,0.633272171021,1.16309320927,3.25461626053,1.93986260891,2.33967161179,3.93261766434,9.12057876587,8.28983974457,9.50233078003,11.69780159,18.3486824036,19.4785404205,13.9665470123,13.7272472382,15.4755954742,13.4963064194,13.6591453552,12.9178962708,9.08660507202,9.11621284485,10.5039978027,9.35444450378,5.99580192566,3.00917339325,2.32173418999,1.97676324844,2.00155353546,1.6547036171,1.21371841431,0.684860944748,0.455140471458,0.210739061236,0.0841951370239,0.0223850980401,0.00428126007318,0.000185511802556,0.0000350761256414],"min":[2.82315107232e-15,1.4637024096e-14,3.64496810284e-14,3.91199083489e-14,1.53543153127e-14,6.73984997045e-14,2.72448052617e-13,6.75212164826e-13,1.43050740524e-12,1.65889773706e-12,1.03789069353e-12,6.44485929468e-13,7.36269010169e-13,4.17970692779e-12,4.42295505776e-12,2.95813894213e-12,2.5453007757e-12,3.39324228438e-12,4.29852681227e-12,8.67278124317e-12,8.73012946656e-12,6.7212602671e-12,7.57668580653e-12,9.15629377873e-12,8.14120645898e-12,6.74903275627e-12,6.89695696388e-12,1.07728808513e-11,1.24554385902e-11,5.33594522734e-11,6.18633894112e-11,2.74961442503e-11,5.07342952372e-11,3.3719686765e-11,1.97464492674e-11,8.12772505548e-12,2.78262005451e-12,1.28340827549e-12,5.28403438626e-13,4.25167611892e-14],"var":[0.151896163821,8.83797740936,34.6184234619,54.4388237,37.6664733887,244.243240356,331.379760742,165.379394531,1607.8873291,12463.6474609,11269.1191406,4447.17041016,5292.95361328,10744.3720703,14339.8701172,12258.9814453,8645.65527344,8874.74511719,5924.42333984,4713.61376953,4957.59375,2576.83813477,739.226135254,747.149230957,403.602020264,283.978179932,174.454025269,183.228363037,185.347442627,210.950805664,200.394165039,104.125816345,53.5119514465,19.4619159698,7.92911481857,0.975185632706,0.0957025289536,0.00191315694246,0.00000281112056655,2.88972201723e-9]},"erbbands_crest":{"dmean":3.02066922188,"dmean2":4.80231523514,"dvar":8.46011352539,"dvar2":19.9496898651,"max":32.6138267517,"mean":9.42635250092,"median":8.2478017807,"min":2.24269843102,"var":22.4398536682},"erbbands_flatness_db":{"dmean":0.0254657641053,"dmean2":0.0353466719389,"dvar":0.000642948260065,"dvar2":0.00116740947124,"max":0.37910464406,"mean":0.167705580592,"median":0.163508504629,"min":0.0573305487633,"var":0.00305564398877},"erbbands_kurtosis":{"dmean":1.51338040829,"dmean2":2.38952493668,"dvar":8.56679439545,"dvar2":19.9797363281,"max":60.0856933594,"mean":1.26187312603,"median":0.223425030708,"min":-1.89966452122,"var":16.1456356049},"erbbands_skewness":{"dmean":0.463550597429,"dmean2":0.689677357674,"dvar":0.233121559024,"dvar2":0.504527032375,"max":7.20318651199,"mean":0.375744909048,"median":0.260303258896,"min":-4.25610399246,"var":0.933205068111},"erbbands_spread":{"dmean":10.4651699066,"dmean2":15.8004617691,"dvar":160.477630615,"dvar2":337.060943604,"max":146.267700195,"mean":34.0765838623,"median":29.7368373871,"min":1.46592402458,"var":402.703552246},"gfcc":{"cov":[[8002.43261719,-863.054199219,306.940582275,619.395141602,151.813842773,493.620880127,126.712600708,-51.3397979736,160.746429443,191.224227905,-208.896530151,175.168930054,-115.146659851],[-863.054199219,1664.6060791,23.0050868988,109.545280457,365.404266357,-155.128463745,115.046920776,-27.4789123535,116.575698853,-83.4609909058,212.639663696,-45.4521751404,155.882629395],[306.940582275,23.0050868988,1259.25939941,355.834289551,83.501335144,279.822631836,18.5225982666,-21.3110256195,66.9722595215,110.872802734,9.86949634552,148.946914673,55.9218940735],[619.395141602,109.545280457,355.834289551,677.366943359,330.515380859,200.849945068,85.9015808105,5.1373872757,86.2641296387,26.3476085663,16.3569278717,59.2374992371,53.1552658081],[151.813842773,365.404266357,83.501335144,330.515380859,520.927062988,164.820465088,93.9399108887,66.3562469482,53.7302780151,-4.49692344666,44.5122680664,-8.41422462463,32.4802513123],[493.620880127,-155.128463745,279.822631836,200.849945068,164.820465088,410.261474609,205.052322388,65.2934188843,19.5979938507,69.9173278809,29.7283668518,40.4050064087,3.63134503365],[126.712600708,115.046920776,18.5225982666,85.9015808105,93.9399108887,205.052322388,351.266326904,89.0165863037,30.6543235779,32.5236968994,53.4681358337,14.489771843,8.11234855652],[-51.3397979736,-27.4789123535,-21.3110256195,5.1373872757,66.3562469482,65.2934188843,89.0165863037,217.537185669,27.1465816498,31.0376338959,37.9634132385,-3.33073115349,6.65127325058],[160.746429443,116.575698853,66.9722595215,86.2641296387,53.7302780151,19.5979938507,30.6543235779,27.1465816498,184.837646484,67.4434738159,13.3237695694,20.1573257446,5.55663013458],[191.224227905,-83.4609909058,110.872802734,26.3476085663,-4.49692344666,69.9173278809,32.5236968994,31.0376338959,67.4434738159,141.561126709,45.9493484497,34.8412246704,-9.95102214813],[-208.896530151,212.639663696,9.86949634552,16.3569278717,44.5122680664,29.7283668518,53.4681358337,37.9634132385,13.3237695694,45.9493484497,167.936233521,41.6456489563,36.4631729126],[175.168930054,-45.4521751404,148.946914673,59.2374992371,-8.41422462463,40.4050064087,14.489771843,-3.33073115349,20.1573257446,34.8412246704,41.6456489563,146.776199341,51.7522354126],[-115.146659851,155.882629395,55.9218940735,53.1552658081,32.4802513123,3.63134503365,8.11234855652,6.65127325058,5.55663013458,-9.95102214813,36.4631729126,51.7522354126,117.479881287]],"icov":[[0.000165525387274,-0.0000112011402962,0.0000843229718157,-0.000153458749992,0.0000509486671945,-0.000201013608603,0.0000510882855451,0.0000402755576943,-0.0000331079099851,-0.000186760982615,0.000305208144709,-0.000281486223685,0.000207732446142],[-0.0000112011402962,0.00193740881514,-0.000637024117168,0.000603975553531,-0.0015824144939,0.00182830996346,-0.00133435544558,0.00113782868721,-0.00148368126247,0.00160808581859,-0.00257710181177,0.00181562593207,-0.00193659821525],[0.0000843229718157,-0.000637024117168,0.00148245855235,-0.000757202040404,0.00079340476077,-0.0015209694393,0.000943130173255,-0.0002129713248,0.000408797932323,-0.0011084532598,0.00122905999888,-0.00144131865818,0.000479663838632],[-0.000153458749992,0.000603975553531,-0.000757202040404,0.00308309704997,-0.0020482763648,0.000322411389789,-0.000569812138565,0.000834936334286,-0.00116344133858,0.000919564510696,-0.000708643987309,0.00034149424755,-0.0012355275685],[0.0000509486671945,-0.0015824144939,0.00079340476077,-0.0020482763648,0.00469570560381,-0.0025511905551,0.00137495517265,-0.00158819637727,0.000551397737581,-0.000233895509155,0.00122502818704,-0.000552832323592,0.00129172694869],[-0.000201013608603,0.00182830996346,-0.0015209694393,0.000322411389789,-0.0025511905551,0.00715313479304,-0.00390288420022,0.000711995933671,0.0000554908510821,-0.000264687871095,-0.00204208889045,0.00165140372701,-0.00145013374276],[0.0000510882855451,-0.00133435544558,0.000943130173255,-0.000569812138565,0.00137495517265,-0.00390288420022,0.00563091319054,-0.00177972752135,0.000245351431658,-0.000383255101042,0.000800165638793,-0.00129335478414,0.00135924573988],[0.0000402755576943,0.00113782868721,-0.0002129713248,0.000834936334286,-0.00158819637727,0.000711995933671,-0.00177972752135,0.00627613207325,-0.00129303359427,0.0000361318452633,-0.00195648055524,0.00148297986016,-0.00154385762289],[-0.0000331079099851,-0.00148368126247,0.000408797932323,-0.00116344133858,0.000551397737581,0.0000554908510821,0.000245351431658,-0.00129303359427,0.00861469190568,-0.00530761247501,0.00289713195525,-0.00153147894889,0.00108855287544],[-0.000186760982615,0.00160808581859,-0.0011084532598,0.000919564510696,-0.000233895509155,-0.000264687871095,-0.000383255101042,0.0000361318452633,-0.00530761247501,0.0134812630713,-0.00562142720446,0.000394690287067,0.000855893245898],[0.000305208144709,-0.00257710181177,0.00122905999888,-0.000708643987309,0.00122502818704,-0.00204208889045,0.000800165638793,-0.00195648055524,0.00289713195525,-0.00562142720446,0.0120360739529,-0.00438043428585,0.000814953586087],[-0.000281486223685,0.00181562593207,-0.00144131865818,0.00034149424755,-0.000552832323592,0.00165140372701,-0.00129335478414,0.00148297986016,-0.00153147894889,0.000394690287067,-0.00438043428585,0.0121649587527,-0.00593975512311],[0.000207732446142,-0.00193659821525,0.000479663838632,-0.0012355275685,0.00129172694869,-0.00145013374276,0.00135924573988,-0.00154385762289,0.00108855287544,0.000855893245898,0.000814953586087,-0.00593975512311,0.0136819444597]],"mean":[-4.16595506668,61.5669326782,-129.215942383,14.8549995422,-62.7807731628,18.0773258209,-40.2769966125,11.9459228516,-27.6714191437,0.327394902706,-18.2618694305,-0.674459517002,-16.9062423706]},"hfc":{"dmean":11.991979599,"dmean2":17.9781150818,"dvar":320.256011963,"dvar2":736.495178223,"max":154.412307739,"mean":26.7990684509,"median":20.4725227356,"min":1.68230263053e-10,"var":577.812438965},"melbands":{"dmean":[0.00080167024862,0.0008642609464,0.000438584742369,0.00030992043321,0.000172671861947,0.0000751428960939,0.000198834604817,0.00035207363544,0.000186387289432,0.000141368291224,0.000118972719065,0.000136093309266,0.000144845835166,0.0000972683847067,0.0000789522237028,0.0000696885836078,0.0000754182401579,0.0000504073177581,0.0000358815414074,0.0000371178539353,0.0000322995183524,0.0000229246652452,0.0000126115501189,0.0000115601642392,0.0000100366423794,0.00000711341544957,0.00000584555755268,0.00000467957124783,0.00000390831201003,0.0000034071842947,0.00000335734216605,0.00000302924991047,0.00000265648691311,0.00000444050238002,0.00000348384583049,0.00000346189790434,0.00000266357619694,0.00000269560359811,0.00000159602154781,0.00000120226502531],"dmean2":[0.00119223713409,0.00139101000968,0.000780613278039,0.000514245301019,0.000264291302301,0.000117736191896,0.000306441099383,0.00054703099886,0.000293215562124,0.000219455032493,0.00019098330813,0.000213653183891,0.000235846426222,0.000157109127031,0.000125564416521,0.000112077992526,0.000122895813547,0.000081799342297,0.0000575143421884,0.0000595877609157,0.0000504740455654,0.0000360309022653,0.0000204147054319,0.0000182680159924,0.0000156722926477,0.0000109812935989,0.0000090319526862,0.00000748619640945,0.00000617596015218,0.00000529480348632,0.00000528327018401,0.00000467636982648,0.00000411810879086,0.00000748435331843,0.00000555570750294,0.00000560606304134,0.00000433110199083,0.00000446122112407,0.0000024892754027,0.00000184207931397],"dvar":[0.00000456463658338,0.0000052241607591,0.00000128091960505,3.74748367449e-7,2.07201438229e-7,2.48729250529e-8,3.10857558361e-7,0.00000114268766538,4.27424765803e-7,1.59817929557e-7,1.17680080791e-7,1.16241530179e-7,1.54178920297e-7,9.26369523313e-8,4.77015902334e-8,4.32126050498e-8,3.48711459708e-8,1.83342638849e-8,6.0929590262e-9,5.90961857228e-9,4.61936222607e-9,2.30978791649e-9,8.42353908848e-10,4.38449415663e-10,2.94760521546e-10,1.3338877225e-10,7.58412707635e-11,5.77428313497e-11,4.34277024064e-11,3.4810165167e-11,3.36602377915e-11,4.08449316036e-11,1.95173755629e-11,7.72858721465e-11,4.10639404425e-11,4.7261788233e-11,2.89093176481e-11,3.36442262938e-11,1.14142523558e-11,7.52020060807e-12],"dvar2":[0.00000983427162282,0.0000117642321129,0.00000376093998966,9.65101776274e-7,4.35886789774e-7,5.35363113841e-8,6.91048342105e-7,0.00000250375796895,9.30981912006e-7,3.72458288211e-7,2.91568511557e-7,2.75215739975e-7,3.79479359935e-7,2.31662681927e-7,1.08596978521e-7,1.12596005408e-7,8.72642971217e-8,4.38812755021e-8,1.47444856324e-8,1.45966980725e-8,1.05433333175e-8,5.28687271739e-9,2.16491202742e-9,1.06114539378e-9,6.64497790126e-10,2.96093122243e-10,1.67322017353e-10,1.30765884232e-10,1.01463490387e-10,7.57876678081e-11,7.56818774317e-11,9.7135861854e-11,4.4587923631e-11,2.02532837723e-10,9.54706799727e-11,1.16683468443e-10,7.16922216037e-11,8.51050757644e-11,2.54835059305e-11,1.65873738356e-11],"max":[0.0249989256263,0.0245422981679,0.0120193371549,0.0119088888168,0.0160830579698,0.0055466722697,0.0148307560012,0.0275252461433,0.0144817791879,0.00841282866895,0.0116052124649,0.0104847354814,0.0109827397391,0.00867524929345,0.00568092102185,0.00721376249567,0.00344967818819,0.00610738201067,0.00177052523941,0.00120364245959,0.00169297086541,0.00069347419776,0.000356326985639,0.000451008876553,0.000363405590178,0.000221893831622,0.000125692778965,0.000124656638945,0.0000946227664826,0.00011392361921,0.000240739915171,0.00027000674163,0.000103299782495,0.0000886994239409,0.000127771840198,0.000133828551043,0.0000764529031585,0.0000800040870672,0.000105748855276,0.0000871814409038],"mean":[0.00155750487465,0.00155166944023,0.00053329160437,0.000395794981159,0.000274719961453,0.000126445447677,0.000279110012343,0.000454091001302,0.000223424431169,0.000184964708751,0.000153389803017,0.000189596612472,0.000195624103071,0.000120017713925,0.000099754666735,0.0000890638111741,0.0000868249117048,0.0000630610666121,0.0000489303201903,0.0000484818083351,0.0000426435690315,0.0000320611216011,0.0000167965499713,0.0000192050301848,0.0000159273786267,0.0000124188672999,0.0000110343398774,0.00000740562882129,0.00000544889235243,0.00000498842064189,0.0000047317953431,0.00000444516808784,0.0000040361428546,0.000005126502856,0.00000451869891549,0.00000409991071137,0.00000308681205752,0.00000265562721324,0.00000192816514755,0.00000151287179051],"median":[0.0000220910278586,0.000142345466884,0.000135842725285,0.000171955703991,0.0000955872092163,0.0000468768485007,0.000068450186518,0.0000963263883023,0.000058179764892,0.0000605392415309,0.0000562203276786,0.0000671651578159,0.0000677592179272,0.0000333996576956,0.0000294063793262,0.0000284539673885,0.0000246627460001,0.0000185801327461,0.000016458605387,0.0000157668546308,0.0000125566693896,0.00000879956405697,0.0000064113537519,0.00000879345316207,0.00000770236874814,0.0000066428201535,0.00000524420283909,0.0000031284121178,0.00000167632765624,0.00000132296418087,0.0000012055515981,0.0000010231996157,0.00000114513977678,0.00000107624521206,9.10227981876e-7,8.58784460434e-7,6.41555857328e-7,4.26045687618e-7,4.29763645116e-7,3.21339541642e-7],"min":[2.54904821289e-17,1.96709306842e-17,6.0940347873e-18,2.12019377733e-18,8.41436822256e-18,1.5244323267e-17,2.25204553979e-17,1.71072746272e-17,7.67929665276e-18,3.62389894311e-18,3.53162074193e-18,1.61618750158e-17,1.68217236079e-17,8.68943555474e-18,5.09190340724e-18,8.02195373997e-18,5.53870460152e-18,4.95495786657e-18,1.44328342706e-17,8.08191523539e-18,1.08020788274e-17,5.67784796108e-18,8.46271444782e-18,7.84038594115e-18,7.17281727241e-18,6.93017087076e-18,5.07133514772e-18,4.40059341416e-18,3.83785665317e-18,6.92737748183e-18,5.42631350374e-18,5.68014380087e-18,1.12515356851e-17,3.86148457106e-17,4.64165981813e-17,1.41848058183e-17,1.55627762223e-17,3.27524148774e-17,3.5166137831e-17,2.94664233504e-17],"var":[0.0000128635547298,0.00000971607187239,0.0000014202538523,4.78280242078e-7,4.18727950091e-7,8.81766126781e-8,4.85529312755e-7,0.00000158811303663,5.71471332478e-7,1.99334877493e-7,1.34071086677e-7,1.79041734327e-7,2.00030115138e-7,1.03078377833e-7,6.80405776166e-8,4.57225297623e-8,3.55384877082e-8,2.06396730817e-8,8.77247607889e-9,7.77007347352e-9,7.56441487226e-9,3.54178464335e-9,9.22267928694e-10,8.55973292246e-10,5.43528166919e-10,2.85131557254e-10,2.18258994211e-10,1.13957517034e-10,7.51664008813e-11,6.59683280224e-11,6.3252014737e-11,7.04742653124e-11,4.30726773692e-11,8.39827304921e-11,6.71587438439e-11,6.15133846638e-11,3.43041983708e-11,3.1632547276e-11,1.70013499806e-11,1.36395695086e-11]},"melbands_crest":{"dmean":3.64876103401,"dmean2":5.87208795547,"dvar":10.2178440094,"dvar2":25.4308872223,"max":33.1158485413,"mean":13.9236221313,"median":12.774892807,"min":3.07518029213,"var":36.2691040039},"melbands_flatness_db":{"dmean":0.0302315410227,"dmean2":0.0439891181886,"dvar":0.000869094452355,"dvar2":0.0017492424231,"max":0.657452583313,"mean":0.172967717052,"median":0.163914218545,"min":0.0186006389558,"var":0.00551119167358},"melbands_kurtosis":{"dmean":6.83784246445,"dmean2":10.4777240753,"dvar":233.352737427,"dvar2":538.806640625,"max":404.687652588,"mean":10.6489830017,"median":4.21467590332,"min":-1.92916584015,"var":434.526977539},"melbands_skewness":{"dmean":0.82074201107,"dmean2":1.22509300709,"dvar":0.846385717392,"dvar2":1.79645514488,"max":16.913028717,"mean":2.08935332298,"median":1.67459630966,"min":-3.11380171776,"var":3.08113121986},"melbands_spread":{"dmean":11.6019439697,"dmean2":17.3886947632,"dvar":263.118682861,"dvar2":558.775939941,"max":277.340667725,"mean":31.5663604736,"median":26.2157897949,"min":0.30311229825,"var":665.906982422},"mfcc":{"cov":[[7390.69873047,-840.174316406,-59.2986068726,259.857391357,104.301147461,585.963867188,5.97924852371,161.793655396,169.359970093,93.1893310547,39.862285614,169.717025757,-85.7365951538],[-840.174316406,1414.95251465,-116.816253662,130.381729126,135.210891724,-96.1115722656,62.4073753357,5.43829917908,-31.928194046,-7.30986356735,36.9256706238,3.99787449837,53.9531440735],[-59.2986068726,-116.816253662,1092.42651367,134.966766357,124.046302795,262.197906494,21.0528373718,14.0105676651,76.1453475952,-49.4078521729,19.7596225739,118.493217468,-6.56158733368],[259.857391357,130.381729126,134.966766357,487.206970215,267.618682861,163.005966187,32.3898124695,78.8473815918,49.1191940308,32.2851104736,-27.719171524,33.6584243774,35.5133705139],[104.301147461,135.210891724,124.046302795,267.618682861,479.854980469,140.713775635,47.2950592041,51.7517929077,31.2242946625,52.1045074463,-6.95172691345,4.64035177231,29.7356014252],[585.963867188,-96.1115722656,262.197906494,163.005966187,140.713775635,443.268371582,127.982116699,96.6829452515,84.8044815063,38.8966941833,52.5033073425,80.7412719727,-26.6685161591],[5.97924852371,62.4073753357,21.0528373718,32.3898124695,47.2950592041,127.982116699,352.069061279,139.86946106,33.8089294434,87.1306686401,26.0061588287,16.3469009399,54.5038833618],[161.793655396,5.43829917908,14.0105676651,78.8473815918,51.7517929077,96.6829452515,139.86946106,189.839904785,74.4951858521,51.8778343201,17.6720314026,26.6626243591,34.8204078674],[169.359970093,-31.928194046,76.1453475952,49.1191940308,31.2242946625,84.8044815063,33.8089294434,74.4951858521,164.794662476,51.5090675354,26.0821208954,37.4433555603,-8.35710430145],[93.1893310547,-7.30986356735,-49.4078521729,32.2851104736,52.1045074463,38.8966941833,87.1306686401,51.8778343201,51.5090675354,173.555282593,60.721736908,0.841258645058,20.267332077],[39.862285614,36.9256706238,19.7596225739,-27.719171524,-6.95172691345,52.5033073425,26.0061588287,17.6720314026,26.0821208954,60.721736908,149.222320557,59.9055099487,7.38900852203],[169.717025757,3.99787449837,118.493217468,33.6584243774,4.64035177231,80.7412719727,16.3469009399,26.6626243591,37.4433555603,0.841258645058,59.9055099487,155.285232544,40.1260490417],[-85.7365951538,53.9531440735,-6.56158733368,35.5133705139,29.7356014252,-26.6685161591,54.5038833618,34.8204078674,-8.35710430145,20.267332077,7.38900852203,40.1260490417,126.803413391]],"icov":[[0.000173041917151,0.0000896452766028,0.0000936213982641,-0.0000526334006281,0.0000111360459414,-0.000223303315579,0.0000940496029216,-0.0000706625796738,-0.0000070985865932,-0.0000675924966345,0.0000792515056673,-0.000185818877071,0.0000923648913158],[0.0000896452766028,0.000874236051459,0.000137778319186,-0.000342526385793,-0.000229855591897,0.00029605862801,-0.00031822436722,0.000132020315505,-0.000010612641745,0.000401583383791,-0.000524650327861,-0.0000850900833029,0.00000100525437574],[0.0000936213982641,0.000137778319186,0.00125174573623,-0.000117580289952,-0.000190721431863,-0.000647566223051,-0.0000625420725555,0.000408810738008,-0.000443523342256,0.000558077823371,0.0000571270538785,-0.000679751276039,0.0000188798876479],[-0.0000526334006281,-0.000342526385793,-0.000117580289952,0.00361066428013,-0.00144947913941,-0.00091721926583,0.000813314807601,-0.000954909482971,-0.000013309156202,-0.000591286399867,0.00144898227882,-0.000396341347368,-0.000712908105925],[0.0000111360459414,-0.000229855591897,-0.000190721431863,-0.00144947913941,0.00329018873163,-0.000688581203576,0.000193421219592,0.0000816610991023,0.000136487287818,-0.000794844236225,0.000197054978344,0.000736723188311,-0.00062910001725],[-0.000223303315579,0.00029605862801,-0.000647566223051,-0.00091721926583,-0.000688581203576,0.00467560300604,-0.00163777626585,-0.00047919183271,-0.000439821480541,0.000525405164808,-0.00117801583838,-0.0012581088813,0.00228059035726],[0.0000940496029216,-0.00031822436722,-0.0000625420725555,0.000813314807601,0.000193421219592,-0.00163777626585,0.00522636575624,-0.00321719283238,0.00113519851584,-0.0020129380282,0.000778523099143,0.000470626255265,-0.00158257631119],[-0.0000706625796738,0.000132020315505,0.000408810738008,-0.000954909482971,0.0000816610991023,-0.00047919183271,-0.00321719283238,0.0098695224151,-0.00361094949767,0.000431294582086,-0.000242222973611,0.000243266200414,-0.0016324124299],[-0.0000070985865932,-0.000010612641745,-0.000443523342256,-0.000013309156202,0.000136487287818,-0.000439821480541,0.00113519851584,-0.00361094949767,0.00914900284261,-0.0026949387975,0.000595167046413,-0.00184886122588,0.00194370700046],[-0.0000675924966345,0.000401583383791,0.000558077823371,-0.000591286399867,-0.000794844236225,0.000525405164808,-0.0020129380282,0.000431294582086,-0.0026949387975,0.00957135297358,-0.00446588452905,0.00227071880363,-0.00114416133147],[0.0000792515056673,-0.000524650327861,0.0000571270538785,0.00144898227882,0.000197054978344,-0.00117801583838,0.000778523099143,-0.000242222973611,0.000595167046413,-0.00446588452905,0.0108141386881,-0.00436667399481,0.000816549232695],[-0.000185818877071,-0.0000850900833029,-0.000679751276039,-0.000396341347368,0.000736723188311,-0.0012581088813,0.000470626255265,0.000243266200414,-0.00184886122588,0.00227071880363,-0.00436667399481,0.0110583705828,-0.00444973586127],[0.0000923648913158,0.00000100525437574,0.0000188798876479,-0.000712908105925,-0.00062910001725,0.00228059035726,-0.00158257631119,-0.0016324124299,0.00194370700046,-0.00114416133147,0.000816549232695,-0.00444973586127,0.0115760341287]],"mean":[-645.891845703,100.217773438,-11.3193778992,1.19751560688,-1.3088093996,-0.289035648108,-0.702506840229,5.55015659332,-5.053606987,3.17972707748,-2.46300268173,-3.83691477776,-0.0810822844505]},"pitch_salience":{"dmean":0.0812128707767,"dmean2":0.129542201757,"dvar":0.0055841631256,"dvar2":0.0144888898358,"max":0.938367724419,"mean":0.547089934349,"median":0.559628844261,"min":0.0622905194759,"var":0.0180649757385},"silence_rate_20dB":{"dmean":0,"dmean2":0,"dvar":0,"dvar2":0,"max":1,"mean":1,"median":1,"min":1,"var":0},"silence_rate_30dB":{"dmean":0.00068516616011,"dmean2":0.00137048878241,"dvar":0.000684701488353,"dvar2":0.00182545941789,"max":1,"mean":0.999543249607,"median":1,"min":0,"var":0.000456536276033},"silence_rate_60dB":{"dmean":0.0344866961241,"dmean2":0.0688670650125,"dvar":0.0332982391119,"dvar2":0.073259793222,"max":1,"mean":0.0832381844521,"median":0,"min":0,"var":0.076308734715},"spectral_centroid":{"dmean":319.777740479,"dmean2":480.094909668,"dvar":144656.671875,"dvar2":293216.6875,"max":11337.9130859,"mean":1668.4822998,"median":1694.47851562,"min":127.44644165,"var":549536},"spectral_complexity":{"dmean":4.85988330841,"dmean2":6.76005029678,"dvar":31.2922382355,"dvar2":56.1347084045,"max":60,"mean":20.4417667389,"median":19,"min":0,"var":147.480392456},"spectral_contrast_coeffs":{"dmean":[0.0549299009144,0.0565269775689,0.0458739362657,0.0358424633741,0.0281807724386,0.0225415714085],"dmean2":[0.087351180613,0.0893071591854,0.0724579170346,0.0560664758086,0.043091725558,0.033759817481],"dvar":[0.00209972285666,0.00243951263838,0.00151699851267,0.000932412396651,0.000617445504759,0.000404585356591],"dvar2":[0.00505830906332,0.00539642525837,0.00347215728834,0.00210401136428,0.00132061599288,0.000777328328695],"max":[-0.261235952377,-0.33370628953,-0.415336102247,-0.505183339119,-0.562461197376,-0.600823044777],"mean":[-0.615141093731,-0.712919473648,-0.742636442184,-0.770753085613,-0.777941167355,-0.784316420555],"median":[-0.620014667511,-0.726215481758,-0.750737726688,-0.779469490051,-0.78373503685,-0.788694441319],"min":[-0.966910600662,-0.965606093407,-0.954316973686,-0.964595079422,-0.958781778812,-0.960210382938],"var":[0.0104059940204,0.00910566654056,0.0056748711504,0.00335818715394,0.0024027004838,0.00233438331634]},"spectral_contrast_valleys":{"dmean":[0.531821727753,0.467371731997,0.412968695164,0.397467195988,0.35787665844,0.456759721041],"dmean2":[0.828422486782,0.737239301205,0.614615917206,0.56116938591,0.492296814919,0.57377409935],"dvar":[0.312197953463,0.24033869803,0.213317140937,0.220169022679,0.186818942428,0.283248722553],"dvar2":[0.600072085857,0.497861504555,0.393559366465,0.368060916662,0.285164475441,0.451384782791],"max":[-5.28096008301,-4.90762710571,-5.02911663055,-5.11680698395,-5.60934877396,-7.44885778427],"mean":[-8.23101902008,-7.15988063812,-7.26692199707,-7.52283716202,-7.57412862778,-9.83696746826],"median":[-8.2261800766,-7.01014184952,-7.19985961914,-7.38803339005,-7.4098815918,-9.78757190704],"min":[-27.5481338501,-27.4771652222,-27.7810897827,-27.0881500244,-27.3080406189,-27.192024231],"var":[1.98759436607,0.920992672443,1.01076984406,1.03705358505,1.00717151165,1.32532691956]},"spectral_decrease":{"dmean":2.22654783499e-9,"dmean2":3.18027426616e-9,"dvar":8.7242309072e-18,"dvar2":1.65651437624e-17,"max":-1.82303215064e-23,"mean":-6.17629281052e-9,"median":-4.4732124671e-9,"min":-3.23538564828e-8,"var":2.94611955689e-17},"spectral_energy":{"dmean":0.00916544720531,"dmean2":0.0131173226982,"dvar":0.000141662065289,"dvar2":0.000271110096946,"max":0.128226056695,"mean":0.0257415529341,"median":0.0192019958049,"min":1.53277879348e-14,"var":0.000468453974463},"spectral_energyband_high":{"dmean":0.000884966400918,"dmean2":0.00137356948107,"dvar":0.00000252328072747,"dvar2":0.0000060341308199,"max":0.0220180116594,"mean":0.00131559453439,"median":0.000441842887085,"min":1.26271224854e-14,"var":0.00000382320058634},"spectral_energyband_low":{"dmean":0.00408559199423,"dmean2":0.00593464355916,"dvar":0.0000874422403285,"dvar2":0.000168799320818,"max":0.113677814603,"mean":0.00873129721731,"median":0.000914670177735,"min":1.39916303594e-16,"var":0.000266275805188},"spectral_energyband_middle_high":{"dmean":0.00391564751044,"dmean2":0.00589577294886,"dvar":0.0000434178655269,"dvar2":0.000102980760857,"max":0.0815577730536,"mean":0.00788278225809,"median":0.00509411748499,"min":1.21400372478e-15,"var":0.0000793846484157},"spectral_energyband_middle_low":{"dmean":0.00443105306476,"dmean2":0.00685535138473,"dvar":0.0000558445244678,"dvar2":0.000125285718241,"max":0.127229616046,"mean":0.00829822011292,"median":0.00467811897397,"min":2.95144289427e-16,"var":0.000110062108433},"spectral_entropy":{"dmean":0.215954184532,"dmean2":0.293899029493,"dvar":0.0574437603354,"dvar2":0.104461289942,"max":9.81029891968,"mean":7.69822692871,"median":7.72125339508,"min":4.47561073303,"var":0.291745007038},"spectral_flux":{"dmean":0.0271726548672,"dmean2":0.0409235805273,"dvar":0.00104741856921,"dvar2":0.00212941761129,"max":0.327524185181,"mean":0.0915698930621,"median":0.0826074331999,"min":0.00000836381059344,"var":0.00296980538405},"spectral_kurtosis":{"dmean":1.73832023144,"dmean2":2.67031502724,"dvar":5.26918792725,"dvar2":12.7173852921,"max":72.3140487671,"mean":4.75118207932,"median":4.06658506393,"min":-1.49728393555,"var":20.9139213562},"spectral_rms":{"dmean":0.00088125577895,"dmean2":0.00122442073189,"dvar":0.00000102075159703,"dvar2":0.00000185100998351,"max":0.0111847482622,"mean":0.00451892940328,"median":0.00432823924348,"min":3.86703247202e-9,"var":0.00000469299084216},"spectral_rolloff":{"dmean":897.565246582,"dmean2":1467.82873535,"dvar":2461458,"dvar2":5186866,"max":17743.359375,"mean":2305.0625,"median":1679.58984375,"min":86.1328125,"var":5024961},"spectral_skewness":{"dmean":0.265059411526,"dmean2":0.397612214088,"dvar":0.0759702548385,"dvar2":0.162157431245,"max":7.00086116791,"mean":1.58994555473,"median":1.5528485775,"min":-0.402861058712,"var":0.347707539797},"spectral_spread":{"dmean":903082.6875,"dmean2":1238352,"dvar":1471828983810,"dvar2":2295528161280,"max":40216996,"mean":5102711.5,"median":4649854,"min":1158311.25,"var":5218884911100},"spectral_strongpeak":{"dmean":0.672097206116,"dmean2":1.11249983311,"dvar":0.887097775936,"dvar2":2.18955278397,"max":13.0722808838,"mean":1.13443470001,"median":0.643477916718,"min":9.10609912808e-7,"var":1.54465639591},"zerocrossingrate":{"dmean":0.0176551286131,"dmean2":0.0199320353568,"dvar":0.000521353271324,"dvar2":0.000591836695094,"max":0.494140625,"mean":0.0826586335897,"median":0.07080078125,"min":0.00537109375,"var":0.00285306805745}},"metadata":{"audio_properties":{"analysis_sample_rate":44100,"bit_rate":207639,"codec":"mp3","downmix":"mix","equal_loudness":0,"length":203.337142944,"lossless":false,"md5_encoded":"6e824c3c29a832a21fd7dc74acb1382d","replay_gain":-15.9820699692,"sample_rate":44100},"tags":{"album":["How You Sell Soul to a Soulless People Who Sold Their Soul???"],"albumartist":["Public Enemy"],"albumartistsort":["Public Enemy"],"artist":["Public Enemy"],"artistsort":["Public Enemy"],"asin":["B000TJ6A06"],"barcode":["634457190320"],"catalognumber":["SJR1015CV"],"date":["2007-08-07"],"discnumber":["1/2"],"file_name":"10 - The Enemy Battle Hymn of the Public.mp3","label":["SLAMjamz Records"],"media":["CD"],"musicbrainz album release country":["US"],"musicbrainz album status":["official"],"musicbrainz album type":["album"],"musicbrainz_albumartistid":["bf2e15d0-4b77-469e-bfb4-f8414415baca"],"musicbrainz_albumid":["01b4ca3a-d4c2-4a28-b603-bff03fa8b3e0"],"musicbrainz_artistid":["bf2e15d0-4b77-469e-bfb4-f8414415baca"],"musicbrainz_recordingid":["780491c1-6a19-45b3-8833-bb5d6de4bd2b"],"musicbrainz_releasegroupid":["2e5bd731-d07d-37e7-ad7f-a588a654cdd8"],"originaldate":["2007"],"script":["Latn"],"title":["The Enemy Battle Hymn of the Public"],"tracknumber":["10/19"]},"version":{"essentia":"2.1-beta2","essentia_build_sha":"70f2e5ece6736b2c40cc944ad0e695b16b925413","essentia_git_sha":"v2.1_beta2","extractor":"music 1.0"}},"rhythm":{"beats_count":580,"beats_loudness":{"dmean":0.0260555669665,"dmean2":0.0444235131145,"dvar":0.000549747084733,"dvar2":0.00146477378439,"max":0.117669217288,"mean":0.0419195815921,"median":0.0361752286553,"min":0.00000103062507151,"var":0.000684281694703},"beats_loudness_band_ratio":{"dmean":[0.370658189058,0.0740740299225,0.161933377385,0.159531340003,0.13321891427,0.0973689332604],"dmean2":[0.677866876125,0.129861488938,0.288418292999