{"lowlevel":{"average_loudness":0.81202429533,"barkbands":{"dmean":[0.0000365329651686,0.00113257090561,0.000845284492243,0.000878357386682,0.00118962686975,0.000776578031946,0.00112890976015,0.00180170685053,0.000900895684026,0.000742222764529,0.000263744819677,0.000276655133348,0.000248168595135,0.00027543969918,0.000147555139847,0.0000576082566113,0.0000684107435518,0.000025954679586,0.000027182741178,0.0000216178432311,0.000015867582988,0.0000136893486342,0.0000142834533108,0.0000142131684697,0.0000204142997973,0.0000132783870868,0.00000160636614055],"dmean2":[0.0000576399215788,0.0016597204376,0.00131528195925,0.00134847592562,0.00180371198803,0.00114036316518,0.00168843357824,0.00265492475592,0.00135373068042,0.00113452633377,0.000405670318287,0.000412412686273,0.000384734245017,0.000416631111875,0.000223587456276,0.0000901181192603,0.000106161089207,0.0000405626960855,0.0000426074657298,0.0000330621332978,0.0000235332609009,0.0000192454917851,0.0000202054889087,0.0000198961843125,0.0000293207031064,0.0000199327569135,0.00000249383219852],"dvar":[1.28489316964e-8,0.00000415143313148,0.00000277753247246,0.00000737479558666,0.00000469777114631,0.0000023977145247,0.00000823114805826,0.000021698191631,0.00000488502610096,0.00000399408872909,6.96397194133e-7,0.00000116006265216,8.75707144132e-7,8.32045373045e-7,1.38672675121e-7,6.89714383384e-8,4.62077736074e-8,3.13572279254e-9,1.45510243854e-8,5.24850873873e-9,4.02970634639e-9,4.82551687497e-9,7.63549756755e-9,3.3316662762e-9,8.92338913872e-9,1.74589864788e-9,2.20855538718e-11],"dvar2":[3.13167021204e-8,0.00000939364235819,0.00000618669491814,0.0000165639266925,0.0000115090197141,0.00000508724542669,0.0000170619059645,0.0000422651573899,0.0000109994334707,0.00000958349392022,0.00000151862820985,0.0000017468292981,0.00000179577568815,0.00000180637118774,3.0310945931e-7,1.64055421692e-7,1.0470904499e-7,7.28084348367e-9,3.17746007283e-8,1.10790079333e-8,8.29181168172e-9,8.69543281823e-9,1.50811878541e-8,5.79530867739e-9,1.74734751113e-8,3.77513753591e-9,5.20375999236e-11],"max":[0.00244732317515,0.0381623953581,0.0303490944207,0.0728727728128,0.0451718270779,0.0532093346119,0.0799903348088,0.162915855646,0.053559653461,0.0651933774352,0.0296580959111,0.0824073404074,0.0519174411893,0.0300002805889,0.0152039481327,0.011475302279,0.00822031870484,0.00208845734596,0.00502685969695,0.00250972015783,0.00249267159961,0.00243308302015,0.00376678304747,0.00236871861853,0.0045879916288,0.00154384202324,0.000107395680971],"mean":[0.000146026024595,0.00470840185881,0.00254271388985,0.00158463499974,0.00291721126996,0.00170842721127,0.0024446262978,0.00370664917864,0.0018386017764,0.00158441776875,0.000513913866598,0.00052006659098,0.000415707589127,0.000474465778098,0.000313049327815,0.000122691126307,0.000133431109134,0.0000523008893651,0.0000530454672116,0.0000416003676946,0.0000335706172336,0.0000278655679722,0.000027769128792,0.0000252880745393,0.000031760566344,0.0000167253219843,0.00000162779599577],"median":[0.00000947938679019,0.00314280716702,0.00105526356492,0.00040572573198,0.00132674234919,0.000723509583622,0.000619971659034,0.000790311722085,0.000357986078598,0.000241892688791,0.0000760863549658,0.000100202181784,0.0000803509901743,0.0000969079264905,0.0000840331922518,0.0000271005519608,0.0000413731540903,0.0000208191522688,0.0000191005783563,0.0000192492407223,0.0000136453709274,0.00000773141437094,0.0000081189436969,0.00000725720201444,0.00000832677778817,0.00000405910577683,2.00147241003e-7],"min":[1.07543435057e-23,6.55545368614e-23,2.65761302791e-24,2.67610254702e-24,3.24892931795e-23,5.1724845938e-23,1.97183848574e-22,7.88414725493e-23,9.76694114117e-23,4.42003624579e-23,6.2515421825e-23,7.68669537035e-23,3.49849430056e-23,7.6237341727e-23,1.31351613741e-22,1.32784197767e-22,2.91019093064e-22,1.7202261882e-22,1.9045043481e-22,3.45962232749e-22,4.41113297228e-22,5.51147150385e-22,6.4549612634e-22,7.25384537217e-22,8.71765970687e-22,2.25261758365e-21,2.55538366125e-21],"var":[7.04624767423e-8,0.0000259897915384,0.0000118417246995,0.0000113636588139,0.0000181947416422,0.0000082008082245,0.0000400287972298,0.0000794950974523,0.0000192789266293,0.0000172940071934,0.00000233982132158,0.0000049004702305,0.00000244113766712,0.00000183169970569,6.48382581403e-7,3.05713172111e-7,1.27785156678e-7,7.96206123255e-9,2.89960055966e-8,1.00335677544e-8,9.47368317128e-9,1.42864049479e-8,1.46621399466e-8,8.45128678151e-9,1.75597918428e-8,2.64063260147e-9,2.27840923211e-11]},"barkbands_crest":{"dmean":2.02798438072,"dmean2":3.17615818977,"dvar":3.87007808685,"dvar2":9.27331542969,"max":25.428483963,"mean":10.925983429,"median":10.0883893967,"min":2.70237874985,"var":17.8610897064},"barkbands_flatness_db":{"dmean":0.0165993291885,"dmean2":0.0240035671741,"dvar":0.0002601716551,"dvar2":0.000504437484778,"max":0.395426601171,"mean":0.172711893916,"median":0.168390989304,"min":0.0451791919768,"var":0.0024991624523},"barkbands_kurtosis":{"dmean":3.00466871262,"dmean2":4.6030497551,"dvar":24.7168560028,"dvar2":55.7603378296,"max":146.573699951,"mean":7.42814302444,"median":3.82516050339,"min":-1.8715274334,"var":144.276550293},"barkbands_skewness":{"dmean":0.446372210979,"dmean2":0.660097539425,"dvar":0.2315184623,"dvar2":0.481277942657,"max":10.5607633591,"mean":1.67309617996,"median":1.50080156326,"min":-2.79014420509,"var":1.99859976768},"barkbands_spread":{"dmean":2.90328383446,"dmean2":4.36571025848,"dvar":24.0022315979,"dvar2":47.1018867493,"max":111.814987183,"mean":12.8247489929,"median":10.4956283569,"min":0.85550403595,"var":108.245277405},"dissonance":{"dmean":0.0277658216655,"dmean2":0.0465753525496,"dvar":0.000633379560895,"dvar2":0.00175397959538,"max":0.5,"mean":0.431117713451,"median":0.439814269543,"min":0.200912386179,"var":0.00198136502877},"dynamic_complexity":5.26557779312,"erbbands":{"dmean":[0.0231770891696,0.292838513851,0.88511300087,2.20873785019,2.31122326851,4.58360767365,7.82866954803,5.37077903748,12.1767444611,24.9106292725,38.0503997803,20.7069683075,25.4330749512,12.4493360519,11.0801200867,11.1304779053,9.92890644073,13.7032804489,9.69074249268,4.74736356735,3.00057077408,2.70137166977,1.96380031109,1.2551394701,1.31280899048,1.10504174232,0.722878754139,0.518456161022,0.487479478121,0.470800489187,0.411716282368,0.295677095652,0.243999168277,0.21605476737,0.155861839652,0.0700119659305,0.023336365819,0.00373154995032,0.000286436523311,0.0000123569952848],"dmean2":[0.0339418314397,0.43487945199,1.39347541332,3.38591098785,3.46247720718,6.89135408401,11.6323289871,8.020819664,18.1657733917,37.0705184937,56.2068862915,31.1304683685,38.69789505,18.9712524414,16.532497406,16.7036724091,15.3369703293,21.0541191101,14.5535793304,7.37268400192,4.67331075668,4.19036197662,3.02439284325,1.92256057262,2.06788039207,1.69057440758,1.06894314289,0.766540765762,0.685903131962,0.657759726048,0.598114132881,0.416151195765,0.353346168995,0.31435123086,0.229386970401,0.10188729316,0.0364061295986,0.00576535565779,0.000446046266006,0.0000184002838068],"dvar":[0.00288752722554,0.261931687593,2.58140444756,40.336315155,25.503698349,88.8145294189,312.351043701,124.308731079,980.237487793,4387.93603516,11000.7724609,2707.66308594,5631.66162109,1212.25793457,1696.21386719,1030.68493652,1458.84020996,1974.2409668,712.000671387,269.188720703,205.299591064,67.822845459,24.6015148163,28.3369922638,25.5672664642,17.9229927063,7.83680868149,5.1218495369,7.13188457489,4.76129436493,10.1026172638,1.86026549339,1.04342460632,1.26133489609,0.454831928015,0.0600714497268,0.00556900398806,0.000132471162942,8.22805532152e-7,6.82863265933e-10],"dvar2":[0.00620928732678,0.608244657516,5.31264066696,94.7096099854,55.2566795349,210.7681427,711.526367188,276.445556641,2059.0090332,9095.89941406,21594.1386719,6218.34326172,13237.5849609,2961.58349609,2984.18115234,2199.68139648,2935.42578125,4372.04736328,1570.41430664,610.196838379,494.418243408,155.557998657,56.4949913025,61.6012077332,58.4914321899,38.5662460327,15.6396589279,10.4233913422,12.9880247116,7.95364618301,21.2586746216,3.37405920029,1.90406811237,2.50837540627,0.939249634743,0.11617475003,0.0135170100257,0.00031099372427,0.00000199143551072,1.58629631652e-9],"max":[0.942504882813,9.07930850983,35.5346412659,136.392059326,114.900215149,256.893218994,818.92376709,286.014007568,1209.63012695,1776.45690918,4511.48925781,1653.63122559,2297.47216797,939.878173828,2642.77050781,1278.62524414,2226.71386719,1760.45568848,717.923217773,540.222961426,787.472961426,325.281707764,187.185302734,296.856201172,232.178359985,165.732437134,104.461364746,96.0897903442,103.36239624,96.3753585815,153.2215271,61.4513244629,41.1014633179,60.9003677368,26.3498306274,11.5667009354,1.84147644043,0.299987196922,0.0269698407501,0.000642221304588],"mean":[0.129931509495,1.0704369545,2.85823369026,4.80921840668,5.01897668839,10.8244838715,16.6852264404,12.2256212234,27.1639480591,58.5914001465,77.4174346924,45.5155830383,57.8708190918,28.3801193237,24.9670886993,22.3134346008,18.3131256104,25.405828476,20.6743488312,10.2278490067,7.2438120842,5.8489279747,4.28868722916,2.59352374077,2.6397755146,2.11446809769,1.48632454872,1.12568664551,0.988684415817,1.02714955807,0.746994495392,0.527796685696,0.410073786974,0.326329112053,0.237311899662,0.099654994905,0.0259309727699,0.00412734458223,0.000297635124298,0.0000378961958631],"median":[0.0763129740953,0.674488425255,1.4700242281,1.61856746674,2.09340190887,4.19420433044,6.56827688217,5.17477226257,8.81140708923,13.0397672653,19.6630687714,11.9129753113,9.39539909363,5.31875658035,4.62184286118,5.08448886871,4.32772922516,6.04168701172,5.14631223679,3.25369358063,1.95918226242,2.00273323059,1.62186527252,1.05244863033,1.09844779968,0.941180706024,0.603047370911,0.449743449688,0.275477349758,0.294971317053,0.215906858444,0.146019160748,0.10789038986,0.077509790659,0.062985047698,0.0261190794408,0.00559875741601,0.000833931437228,0.0000495610074722,0.000029696533602],"min":[2.94276752863e-21,1.03881840735e-20,5.32778833441e-21,8.47827573786e-21,1.25219013103e-20,1.2899637376e-19,2.11206352249e-19,7.33748391016e-19,2.26354852018e-18,2.9180280897e-18,1.50653908656e-18,1.51239686946e-18,2.42204480415e-18,1.03061038137e-18,3.40263102438e-18,3.42854328425e-18,1.96788273639e-18,3.27347194161e-18,4.1017218919e-18,8.69193529455e-18,8.86562833393e-18,1.35801268644e-17,1.13762654225e-17,8.76997399508e-18,1.07505363763e-17,1.74430288921e-17,2.21637784265e-17,1.37018299479e-17,2.03885082112e-17,1.69964737841e-17,1.94937204729e-17,1.66319203989e-17,1.06316564602e-17,8.80889036136e-18,7.36359076427e-18,9.74723329489e-18,3.88453941822e-18,1.20386253349e-18,3.3963286319e-19,4.0192799668e-20],"var":[0.024138154462,1.41397666931,13.3172531128,72.2503738403,66.573348999,341.755401611,1155.27539063,406.848968506,4142.59667969,23033.3242188,39052.9101563,10818.6181641,26704.1152344,4898.15136719,7157.97167969,3864.26245117,4227.84960938,4290.14794922,2465.33886719,685.259399414,1182.37036133,199.764633179,70.0066223145,52.5967750549,56.1157112122,30.4513149261,19.3706245422,12.8888521194,20.1051025391,14.7589712143,14.7595071793,4.05150556564,2.53832173347,2.34577131271,0.838212311268,0.116625070572,0.00610802927986,0.0001439658663,7.94407981175e-7,1.33441824257e-9]},"erbbands_crest":{"dmean":2.88495898247,"dmean2":4.61837387085,"dvar":7.47553777695,"dvar2":18.5503578186,"max":32.0465011597,"mean":11.6312646866,"median":10.4090147018,"min":1.83042132854,"var":28.5163955688},"erbbands_flatness_db":{"dmean":0.0173863787204,"dmean2":0.0248862244189,"dvar":0.000278771098237,"dvar2":0.000538185471669,"max":0.351143926382,"mean":0.175721988082,"median":0.175320401788,"min":0.0155429858714,"var":0.00229350966401},"erbbands_kurtosis":{"dmean":1.52907121181,"dmean2":2.39065933228,"dvar":6.08659934998,"dvar2":14.6304340363,"max":88.2878952026,"mean":2.64821600914,"median":1.42879474163,"min":-1.79082977772,"var":18.0569572449},"erbbands_skewness":{"dmean":0.362175881863,"dmean2":0.552877306938,"dvar":0.129645496607,"dvar2":0.28620031476,"max":7.18164730072,"mean":0.858376741409,"median":0.820686519146,"min":-3.21882033348,"var":0.744649529457},"erbbands_spread":{"dmean":5.31291913986,"dmean2":7.93699073792,"dvar":50.7337684631,"dvar2":102.913490295,"max":141.45803833,"mean":25.6002750397,"median":22.1858196259,"min":2.39418911934,"var":289.402618408},"gfcc":{"cov":[[13296.2773438,626.704528809,-1807.69274902,54.958984375,-415.229980469,231.305053711,-473.092407227,167.175827026,-304.213470459,-140.494171143,-315.661071777,-147.690917969,-158.855514526],[626.704528809,1104.1529541,-94.7121353149,-68.116607666,62.8954544067,23.8441123962,136.592788696,-7.54702949524,95.2703475952,-67.3605270386,72.9455108643,-34.003288269,60.4729423523],[-1807.69274902,-94.7121353149,850.64666748,92.3905334473,103.293205261,8.43869781494,101.869499207,-10.1689023972,44.3102607727,49.3380317688,35.7748985291,46.7152023315,15.0917301178],[54.958984375,-68.116607666,92.3905334473,398.086151123,114.968200684,18.3616905212,-17.600725174,-8.22470855713,11.1956033707,0.89320743084,-24.8397102356,-21.8060798645,25.6758880615],[-415.229980469,62.8954544067,103.293205261,114.968200684,244.981201172,66.8555374146,54.7059936523,28.6907539368,34.7157516479,25.9434947968,17.2125797272,-14.532418251,7.2573595047],[231.305053711,23.8441123962,8.43869781494,18.3616905212,66.8555374146,185.781677246,95.5274963379,38.4127616882,20.6097068787,23.9920101166,16.2705860138,-4.97958993912,1.69012343884],[-473.092407227,136.592788696,101.869499207,-17.600725174,54.7059936523,95.5274963379,196.309646606,48.961856842,39.3312759399,4.35536766052,40.6739425659,8.07654285431,7.20387840271],[167.175827026,-7.54702949524,-10.1689023972,-8.22470855713,28.6907539368,38.4127616882,48.961856842,110.753822327,54.6783638,13.3375577927,2.74901461601,8.70740795135,4.60731506348],[-304.213470459,95.2703475952,44.3102607727,11.1956033707,34.7157516479,20.6097068787,39.3312759399,54.6783638,147.265457153,42.661857605,22.2625522614,11.95337677,25.4588623047],[-140.494171143,-67.3605270386,49.3380317688,0.89320743084,25.9434947968,23.9920101166,4.35536766052,13.3375577927,42.661857605,107.837799072,31.9839229584,4.00955057144,4.72067165375],[-315.661071777,72.9455108643,35.7748985291,-24.8397102356,17.2125797272,16.2705860138,40.6739425659,2.74901461601,22.2625522614,31.9839229584,95.4602355957,31.9861602783,9.17535686493],[-147.690917969,-34.003288269,46.7152023315,-21.8060798645,-14.532418251,-4.97958993912,8.07654285431,8.70740795135,11.95337677,4.00955057144,31.9861602783,86.8029098511,32.2514038086],[-158.855514526,60.4729423523,15.0917301178,25.6758880615,7.2573595047,1.69012343884,7.20387840271,4.60731506348,25.4588623047,4.72067165375,9.17535686493,32.2514038086,81.1899642944]],"icov":[[0.000262523535639,-0.000521045411006,0.000324875552906,-0.000366119318642,0.000565540394746,-0.000838316511363,0.000971163099166,-0.00108638231177,0.000895219796803,-0.000599621387664,0.000845934147947,-0.000673026428558,0.000825413502753],[-0.000521045411006,0.00258380128071,-0.000383511505788,0.00115679844748,-0.0015706345439,0.00194329884835,-0.00284080160782,0.0031575281173,-0.00312707596458,0.00296950805932,-0.00316423736513,0.0030316344928,-0.00310446508229],[0.000324875552906,-0.000383511505788,0.00195830408484,-0.000712585926522,0.000138048417284,-0.000353751354851,-0.000152665495989,-0.000363969273167,0.000674347626045,-0.00124614406377,0.00128450163174,-0.00173808285035,0.00121812475845],[-0.000366119318642,0.00115679844748,-0.000712585926522,0.00389172020368,-0.00241996115074,0.000916086311918,-0.000752283725888,0.00213335431181,-0.00177674309816,0.00169961003121,-0.000913432973903,0.00226432527415,-0.00287123885937],[0.000565540394746,-0.0015706345439,0.000138048417284,-0.00241996115074,0.00714027509093,-0.00319868768565,0.00197623064741,-0.00355574837886,0.00202210899442,-0.00213714269921,0.00112336594611,-0.000499341753311,0.00203238520771],[-0.000838316511363,0.00194329884835,-0.000353751354851,0.000916086311918,-0.00319868768565,0.0109703149647,-0.00734588457271,0.00276651675813,-0.00221667950973,0.000117035502626,-0.00218569813296,0.00239104917273,-0.00277378875762],[0.000971163099166,-0.00284080160782,-0.000152665495989,-0.000752283725888,0.00197623064741,-0.00734588457271,0.0135034769773,-0.00720991427079,0.00324371131137,-0.000367625121726,0.000295423495118,-0.00191963929683,0.00320303929038],[-0.00108638231177,0.0031575281173,-0.000363969273167,0.00213335431181,-0.00355574837886,0.00276651675813,-0.00720991427079,0.0182853750885,-0.0090018408373,0.00312215276062,-0.00171050406061,0.00132929359097,-0.00291566015221],[0.000895219796803,-0.00312707596458,0.000674347626045,-0.00177674309816,0.00202210899442,-0.00221667950973,0.00324371131137,-0.0090018408373,0.0143621601164,-0.00670487247407,0.00332923117094,-0.00309282005765,0.0013442907948],[-0.000599621387664,0.00296950805932,-0.00124614406377,0.00169961003121,-0.00213714269921,0.000117035502626,-0.000367625121726,0.00312215276062,-0.00670487247407,0.0160380005836,-0.00808650627732,0.00510739674792,-0.0035918308422],[0.000845934147947,-0.00316423736513,0.00128450163174,-0.000913432973903,0.00112336594611,-0.00218569813296,0.000295423495118,-0.00171050406061,0.00332923117094,-0.00808650627732,0.0197886992246,-0.00981004908681,0.00516478531063],[-0.000673026428558,0.0030316344928,-0.00173808285035,0.00226432527415,-0.000499341753311,0.00239104917273,-0.00191963929683,0.00132929359097,-0.00309282005765,0.00510739674792,-0.00981004908681,0.0208230856806,-0.0103682801127],[0.000825413502753,-0.00310446508229,0.00121812475845,-0.00287123885937,0.00203238520771,-0.00277378875762,0.00320303929038,-0.00291566015221,0.0013442907948,-0.0035918308422,0.00516478531063,-0.0103682801127,0.020005274564]],"mean":[-48.6501960754,115.925682068,-93.5934906006,10.0983304977,-55.8233718872,12.6090364456,-35.0285987854,12.6056098938,-19.4531955719,10.1532917023,-16.1253967285,-3.49924564362,-12.6985635757]},"hfc":{"dmean":3.22231340408,"dmean2":4.55903339386,"dvar":25.6523628235,"dvar2":49.4202537537,"max":132.549499512,"mean":13.3166189194,"median":8.76205635071,"min":1.26095518457e-16,"var":177.437301636},"melbands":{"dmean":[0.000259527936578,0.000423963967478,0.000359717814717,0.00021883478621,0.000264918635366,0.000127423962113,0.000198207300855,0.000291334668873,0.000302433094475,0.000121719371236,0.000127086575958,0.0000529292192368,0.0000383023580071,0.000034280717955,0.0000266617589659,0.0000208843866858,0.0000281295360764,0.0000175291916094,0.00000822713354864,0.00000510705967827,0.00000373847046831,0.00000261372338173,0.00000361756451639,0.0000013540600321,0.0000010554159644,0.00000109753273136,9.6438611763e-7,6.90289482463e-7,4.73830198189e-7,4.34040913433e-7,3.06602544242e-7,2.93971169185e-7,2.78868952819e-7,2.87271774368e-7,2.59828311755e-7,1.89808076811e-7,1.90008179857e-7,1.8539141422e-7,1.68029387737e-7,1.98870353074e-7],"dmean2":[0.000376104668248,0.000662163074594,0.000540645734873,0.000329517788487,0.00039521951112,0.000189533369849,0.000296261685435,0.000430288084317,0.000447452097433,0.00018148975505,0.000193117593881,0.0000806588723208,0.0000577046484977,0.0000506968026457,0.0000402834084525,0.000032377862226,0.0000431689149991,0.0000266433216893,0.0000122390483739,0.00000797261145635,0.00000586561054661,0.00000408475125369,0.00000564173888051,0.00000210095322473,0.00000163161621458,0.00000173940190962,0.00000151292351802,0.00000106866104943,7.17784814697e-7,6.62871343593e-7,4.60120048729e-7,4.23409460382e-7,4.04820866606e-7,4.12389539406e-7,3.83501088663e-7,2.80173054534e-7,2.70476590458e-7,2.73498557135e-7,2.45497659535e-7,2.96871007777e-7],"dvar":[2.51003655194e-7,5.32136539277e-7,9.90671082945e-7,1.74070578396e-7,3.06396771066e-7,6.52282565738e-8,2.54764955798e-7,5.69034170894e-7,6.6642286356e-7,8.97637590924e-8,1.37200473205e-7,2.34411370315e-8,1.57579265192e-8,1.5902626771e-8,1.03580282129e-8,4.68850203106e-9,7.97331356495e-9,2.8898139437e-9,5.0315257516e-10,4.01966959718e-10,2.78113310159e-10,5.46995573836e-11,1.66926111822e-10,1.16276788545e-11,2.43886334739e-11,2.16092230915e-11,9.86687467841e-12,7.50017235818e-12,3.17062934067e-12,3.5477150731e-12,1.93647094887e-12,2.71283885113e-12,2.16645559999e-12,1.70029506967e-12,3.47311177214e-12,1.62958730711e-12,6.36506255688e-13,6.39918131505e-13,5.25997810846e-13,1.24747423762e-12],"dvar2":[5.52284689093e-7,0.00000111097722311,0.00000224182826969,4.13673376443e-7,7.26035807475e-7,1.44367163557e-7,5.36114271199e-7,0.00000117206320738,0.00000132154093535,2.01916094511e-7,3.23085572518e-7,5.73304212992e-8,3.12667864932e-8,2.43915181386e-8,2.0484922203e-8,1.00566275307e-8,1.80100787617e-8,6.39938635416e-9,1.07711684016e-9,8.99849250668e-10,6.58152254918e-10,1.2655010373e-10,3.8154754356e-10,2.62952836588e-11,5.3861727578e-11,4.58378092427e-11,2.35177172875e-11,1.62477011012e-11,6.6243230519e-12,8.24182389003e-12,4.0639223757e-12,5.15570528978e-12,4.17133601965e-12,3.18571254446e-12,7.2220957513e-12,3.32720244585e-12,1.16274860833e-12,1.27370748497e-12,9.77586609753e-13,2.65256913656e-12],"max":[0.00998366437852,0.0151180094108,0.0236224904656,0.00943645089865,0.0227051991969,0.00602367054671,0.0177302993834,0.0160291492939,0.0362374857068,0.00945928506553,0.0116529958323,0.00387325556949,0.00557693233714,0.00954296160489,0.00577331054956,0.00237499503419,0.00300090829842,0.00181691662874,0.00149867625441,0.000676189374644,0.000939217221458,0.000247051764745,0.00056753878016,0.000163266464369,0.000281706626993,0.00023081706604,0.000103695201688,0.000108304375317,0.0000919735248317,0.0000923830157262,0.0000511123907927,0.0000583440596529,0.0000542069610674,0.0000495971544296,0.0000828069314593,0.000061932769313,0.0000381093886972,0.0000307128575514,0.0000282554810838,0.0000653873576084],"mean":[0.00123481370974,0.00150635233149,0.000811154546682,0.000534367572982,0.000590689305682,0.000285341084236,0.000439476280008,0.000673358968925,0.000599525228608,0.000260906352196,0.000282517372398,0.000111651163024,0.0000792418359197,0.0000676869385643,0.0000466633791802,0.0000367738139175,0.0000491120008519,0.0000343567007803,0.0000179224334715,0.0000101020796137,0.00000812463349575,0.00000536873449164,0.00000682130985297,0.00000264685240836,0.00000193099026546,0.00000204348248189,0.00000177470292329,0.00000123969959986,9.01741486814e-7,8.09909693089e-7,6.05548279964e-7,5.56367240279e-7,5.37560083558e-7,5.89873877743e-7,4.55883224504e-7,3.13839763066e-7,3.26522041405e-7,2.92476471486e-7,2.67647038754e-7,2.78039038903e-7],"median":[0.000827018520795,0.000950379529968,0.00030860764673,0.000227001582971,0.000241369663854,0.00011680337775,0.000129553605802,0.000148295803228,0.000142326345667,0.0000563041357964,0.0000412314329878,0.0000181352697837,0.00001270809571,0.0000130376438392,0.0000101162295323,0.00000776180968387,0.0000108147405626,0.00000754074517317,0.00000499282668898,0.00000264188520305,0.00000207110451811,0.00000200146132556,0.00000173114165136,9.06570448933e-7,6.81944243297e-7,7.1331652407e-7,7.84081521488e-7,5.15345959684e-7,3.61851675734e-7,3.0403455753e-7,2.17156909343e-7,1.43696610166e-7,1.38902095159e-7,1.64717206985e-7,1.28007656031e-7,8.26871087156e-8,8.51571400062e-8,7.05854716898e-8,6.59775238887e-8,5.87153223819e-8],"min":[2.23974192848e-23,6.54051952368e-24,1.36567659076e-24,3.94334803226e-24,8.18934018422e-24,1.42568638367e-23,3.66275438923e-23,2.91982948561e-23,1.20641421203e-23,1.09020095896e-23,1.20525048442e-23,3.54530380784e-24,9.37338490422e-24,1.04108332356e-23,5.35269182122e-24,4.17441643545e-24,6.5333649497e-24,5.55674765486e-24,1.12723363973e-23,1.00663763325e-23,1.09812380458e-23,1.2757369418e-23,1.39612571452e-23,1.04082607602e-23,6.26496528189e-24,8.58568993541e-24,8.51427199108e-24,1.23833396972e-23,1.18693415972e-23,1.38078615644e-23,6.25819330545e-24,1.22742355009e-23,9.59347157475e-24,1.05036340436e-23,1.332913028e-23,7.57431661238e-24,1.07945478017e-23,7.45874139002e-24,6.68066184679e-24,7.52839544136e-24],"var":[0.0000017881226313,0.0000028469762583,0.00000185376836725,6.66881305733e-7,0.00000113599844553,2.16218239757e-7,0.00000111961617222,0.00000276646801467,0.00000235054471887,3.79273188855e-7,6.54414407109e-7,9.01099568296e-8,5.96637477202e-8,6.9807740033e-8,2.99958884398e-8,1.17373089026e-8,1.70369442998e-8,8.11880962459e-9,2.74312350612e-9,9.96714710766e-10,1.52635315498e-9,1.52774293216e-10,4.30919272487e-10,2.94409080448e-11,4.20681753321e-11,4.92430540788e-11,1.72126618514e-11,1.20678146295e-11,6.78327836609e-12,6.71768717042e-12,4.63844674475e-12,6.9548620335e-12,5.53653520599e-12,4.73188892583e-12,5.35512996794e-12,2.41607688717e-12,1.47952570334e-12,1.39162173538e-12,1.21381919273e-12,2.03623836542e-12]},"melbands_crest":{"dmean":2.42789506912,"dmean2":3.89110159874,"dvar":5.83084011078,"dvar2":13.996969223,"max":35.9234848022,"mean":14.3197345734,"median":13.2947597504,"min":1.91497898102,"var":31.1760635376},"melbands_flatness_db":{"dmean":0.0177616756409,"dmean2":0.0255467519164,"dvar":0.000356009695679,"dvar2":0.000654440489598,"max":0.554526269436,"mean":0.260722696781,"median":0.25592276454,"min":0.0108073623851,"var":0.00439276266843},"melbands_kurtosis":{"dmean":4.9000377655,"dmean2":7.48681783676,"dvar":88.2649917603,"dvar2":210.432861328,"max":338.305114746,"mean":12.5005159378,"median":6.0629196167,"min":-1.84024965763,"var":455.561553955},"melbands_skewness":{"dmean":0.522458851337,"dmean2":0.781144678593,"dvar":0.344534575939,"dvar2":0.738139152527,"max":15.8274831772,"mean":2.14481210709,"median":1.83498036861,"min":-2.06087994576,"var":3.1281607151},"melbands_spread":{"dmean":3.20092797279,"dmean2":4.7351641655,"dvar":46.1204795837,"dvar2":79.077331543,"max":219.525665283,"mean":14.4004573822,"median":11.5434207916,"min":0.823703885078,"var":206.723693848},"mfcc":{"cov":[[9285.47363281,656.118286133,-919.731933594,-377.184326172,-93.1662063599,-86.3546218872,-100.152168274,77.9255218506,-29.6448192596,77.9112472534,-77.9654998779,-148.767623901,-96.2604598999],[656.118286133,1059.24169922,-66.2855987549,-72.4727935791,-52.0316200256,9.60317707062,35.5614013672,86.4882583618,1.22005999088,43.3650856018,35.3862228394,-10.4093132019,0.397266477346],[-919.731933594,-66.2855987549,522.380859375,132.096038818,32.7581367493,46.6890678406,27.916469574,8.14689064026,19.0043983459,-21.1796741486,4.64622592926,11.4302177429,38.491645813],[-377.184326172,-72.4727935791,132.096038818,311.546264648,123.470314026,39.4277114868,4.4265165329,-16.208562851,42.4280853271,-17.6452026367,-22.2134895325,13.5608406067,17.8373241425],[-93.1662063599,-52.0316200256,32.7581367493,123.470314026,198.401992798,52.256111145,13.3800420761,-14.5583963394,38.3022155762,19.7540206909,-1.57420480251,22.2648906708,11.3091659546],[-86.3546218872,9.60317707062,46.6890678406,39.4277114868,52.256111145,148.329330444,68.9929428101,16.5290679932,26.170425415,24.2417869568,21.721912384,13.6882953644,10.4805450439],[-100.152168274,35.5614013672,27.916469574,4.4265165329,13.3800420761,68.9929428101,170.147094727,42.4453964233,8.53883266449,10.9155139923,24.3634605408,16.5367259979,-4.15660619736],[77.9255218506,86.4882583618,8.14689064026,-16.208562851,-14.5583963394,16.5290679932,42.4453964233,145.136474609,33.2601852417,19.0579910278,16.6363563538,-4.24055099487,3.63735890388],[-29.6448192596,1.22005999088,19.0043983459,42.4280853271,38.3022155762,26.170425415,8.53883266449,33.2601852417,114.16733551,42.3243179321,15.8555078506,1.12530183792,8.1680021286],[77.9112472534,43.3650856018,-21.1796741486,-17.6452026367,19.7540206909,24.2417869568,10.9155139923,19.0579910278,42.3243179321,111.194229126,44.908657074,6.94238185883,-0.775547981262],[-77.9654998779,35.3862228394,4.64622592926,-22.2134895325,-1.57420480251,21.721912384,24.3634605408,16.6363563538,15.8555078506,44.908657074,91.5540466309,26.4972171783,3.33397173882],[-148.767623901,-10.4093132019,11.4302177429,13.5608406067,22.2648906708,13.6882953644,16.5367259979,-4.24055099487,1.12530183792,6.94238185883,26.4972171783,90.5163421631,35.264957428],[-96.2604598999,0.397266477346,38.491645813,17.8373241425,11.3091659546,10.4805450439,-4.15660619736,3.63735890388,8.1680021286,-0.775547981262,3.33397173882,35.264957428,94.0345153809]],"icov":[[0.000141983691719,-0.000068190813181,0.000216925487621,0.0000817317995825,-0.0000493824045407,-0.0000325806322508,0.0000606719113421,-0.0000635786636849,0.0000147123764691,-0.000072438720963,0.000146889418829,0.000154803870828,-0.00000909275877348],[-0.000068190813181,0.00106416689232,0.0000101812238427,-0.00000291830883725,0.000203448798857,-0.0000289615018119,-0.000107846986793,-0.000519379216712,0.000217111097299,-0.000279752101051,-0.000263901631115,0.000108250103949,-0.000136237285915],[0.000216925487621,0.0000101812238427,0.00262659578584,-0.000882847525645,0.00028950496926,-0.000507235701662,-0.000099872937426,-0.000230622070376,-0.00000860977979755,0.00039463210851,-0.000296194572002,0.000561001186725,-0.00085533579113],[0.0000817317995825,-0.00000291830883725,-0.000882847525645,0.00517737399787,-0.00276586855762,-0.000261719018454,0.000168211656273,0.000346353539499,-0.00147787749302,0.00125005748123,0.000975036120508,-0.000184646109119,-0.00000782655934017],[-0.0000493824045407,0.000203448798857,0.00028950496926,-0.00276586855762,0.00780476396903,-0.00184871000238,0.0000459211878479,0.000839228334371,-0.00107719819061,-0.00142520957161,0.000918769801501,-0.00151729607023,0.000209961814107],[-0.0000325806322508,-0.0000289615018119,-0.000507235701662,-0.000261719018454,-0.00184871000238,0.00969144143164,-0.00358869042248,0.0002196028654,-0.000676138908602,-0.00095602782676,-0.000970008259173,0.000405157392379,-0.000867600552738],[0.0000606719113421,-0.000107846986793,-0.000099872937426,0.000168211656273,0.0000459211878479,-0.00358869042248,0.00813910271972,-0.00209986628033,0.000611374445725,0.000536875741091,-0.000829126103781,-0.00132466212381,0.00138448306825],[-0.0000635786636849,-0.000519379216712,-0.000230622070376,0.000346353539499,0.000839228334371,0.0002196028654,-0.00209986628033,0.00867887493223,-0.00267777778208,-0.0000368427790818,-0.000542203255463,0.000807563308626,-0.000639459642116],[0.0000147123764691,0.000217111097299,-0.00000860977979755,-0.00147787749302,-0.00107719819061,-0.000676138908602,0.000611374445725,-0.00267777778208,0.0122036524117,-0.00419579260051,-0.00026960883406,0.000968104111962,-0.000814618193544],[-0.000072438720963,-0.000279752101051,0.00039463210851,0.00125005748123,-0.00142520957161,-0.00095602782676,0.000536875741091,-0.0000368427790818,-0.00419579260051,0.0137475244701,-0.00580192031339,0.000588505994529,0.000294323370326],[0.000146889418829,-0.000263901631115,-0.000296194572002,0.000975036120508,0.000918769801501,-0.000970008259173,-0.000829126103781,-0.000542203255463,-0.00026960883406,-0.00580192031339,0.0161451417953,-0.00459466315806,0.00119595078286],[0.000154803870828,0.000108250103949,0.000561001186725,-0.000184646109119,-0.00151729607023,0.000405157392379,-0.00132466212381,0.000807563308626,0.000968104111962,0.000588505994529,-0.00459466315806,0.0153581416234,-0.00566503684968],[-0.00000909275877348,-0.000136237285915,-0.00085533579113,-0.00000782655934017,0.000209961814107,-0.000867600552738,0.00138448306825,-0.000639459642116,-0.000814618193544,0.000294323370326,0.00119595078286,-0.00566503684968,0.0132899386808]],"mean":[-699.859802246,155.805969238,13.2107191086,11.3435707092,1.73590397835,1.96918928623,-1.3653844595,-1.81217074394,1.50878024101,8.43101787567,4.56104803085,1.91201591492,-0.669612407684]},"pitch_salience":{"dmean":0.055468827486,"dmean2":0.0886141508818,"dvar":0.00242687133141,"dvar2":0.00605408940464,"max":0.984118044376,"mean":0.517645001411,"median":0.525851607323,"min":0.127505332232,"var":0.0126256290823},"silence_rate_20dB":{"dmean":0,"dmean2":0,"dvar":0,"dvar2":0,"max":1,"mean":1,"median":1,"min":1,"var":0},"silence_rate_30dB":{"dmean":0.00278842798434,"dmean2":0.0055775041692,"dvar":0.00278056878597,"dvar2":0.0069404290989,"max":1,"mean":0.996863365173,"median":1,"min":0,"var":0.0031266156584},"silence_rate_60dB":{"dmean":0.023236900568,"dmean2":0.0464791990817,"dvar":0.0226962640882,"dvar2":0.0508307516575,"max":1,"mean":0.105715610087,"median":0,"min":0,"var":0.0945347249508},"spectral_centroid":{"dmean":111.153587341,"dmean2":164.192947388,"dvar":42435.1835938,"dvar2":69339.0859375,"max":11454.2734375,"mean":782.764404297,"median":673.213012695,"min":182.340606689,"var":226329.359375},"spectral_complexity":{"dmean":1.71046817303,"dmean2":2.78898453712,"dvar":2.54867386818,"dvar2":5.96015548706,"max":39,"mean":12.0354318619,"median":12,"min":0,"var":27.5939941406},"spectral_contrast_coeffs":{"dmean":[0.040603287518,0.0427769310772,0.0351196750998,0.0275653544813,0.0198856070638,0.016841724515],"dmean2":[0.065872721374,0.0691921487451,0.0561556555331,0.0441988743842,0.0312241204083,0.0252287965268],"dvar":[0.00117596786004,0.0012159027392,0.000825089984573,0.000486164091853,0.000278762774542,0.000230914127314],"dvar2":[0.00297890882939,0.00311896088533,0.00206060707569,0.00122639106121,0.000650746806059,0.000467659672722],"max":[-0.319752901793,-0.377879679203,-0.422603219748,-0.515890955925,-0.583241283894,-0.640219986439],"mean":[-0.660357356071,-0.703252911568,-0.723050951958,-0.755089998245,-0.789465367794,-0.791222035885],"median":[-0.667014837265,-0.71303486824,-0.732169687748,-0.759270906448,-0.78929400444,-0.787568449974],"min":[-0.984219908714,-0.967948555946,-0.958875477314,-0.981083035469,-0.960651040077,-0.964931130409],"var":[0.00762445246801,0.00735666323453,0.00588604295626,0.00349746644497,0.00216155615635,0.00145082152449]},"spectral_contrast_valleys":{"dmean":[0.335804790258,0.300698935986,0.2682736516,0.232175812125,0.215330854058,0.292196691036],"dmean2":[0.535915970802,0.490253716707,0.43213570118,0.364856123924,0.311637818813,0.383698552847],"dvar":[0.127655655146,0.0821838378906,0.0676382929087,0.0570685826242,0.0632938593626,0.113988660276],"dvar2":[0.261601001024,0.176505982876,0.135953783989,0.105397038162,0.0981035083532,0.164537340403],"max":[-5.40901660919,-4.87795162201,-5.06297206879,-6.46139001846,-6.24604892731,-7.56438779831],"mean":[-7.31707572937,-6.80362319946,-7.90167140961,-8.49373626709,-8.73352432251,-11.0358562469],"median":[-7.06045627594,-6.61066436768,-7.70104598999,-8.27293586731,-8.49549293518,-10.8592348099],"min":[-26.8796100616,-26.9985103607,-27.3112640381,-27.2054424286,-27.3015289307,-27.1498241425],"var":[1.5563532114,1.37834107876,1.62699151039,1.45361638069,1.31479001045,1.22337591648]},"spectral_decrease":{"dmean":1.39836708879e-9,"dmean2":1.99336014362e-9,"dvar":3.77990603382e-18,"dvar2":7.27725544219e-18,"max":7.68189466163e-17,"mean":-6.56526166765e-9,"median":-5.35222310916e-9,"min":-4.65359661916e-8,"var":3.07291476427e-17},"spectral_energy":{"dmean":0.00551571929827,"dmean2":0.00786230526865,"dvar":0.0000585363522987,"dvar2":0.000112852139864,"max":0.185725390911,"mean":0.025986617431,"median":0.0211910568178,"min":1.10611956682e-20,"var":0.000479945068946},"spectral_energyband_high":{"dmean":0.0000819824053906,"dmean2":0.000109678396257,"dvar":1.07922808468e-7,"dvar2":1.75769486077e-7,"max":0.0167184732854,"mean":0.000179610724445,"median":0.0000695369817549,"min":8.02880647252e-21,"var":3.13452886758e-7},"spectral_energyband_low":{"dmean":0.00205871160142,"dmean2":0.00302716251463,"dvar":0.0000149978295667,"dvar2":0.0000300807696476,"max":0.0690996572375,"mean":0.00845435075462,"median":0.00553081603721,"min":8.1002427626e-23,"var":0.0000806998796179},"spectral_energyband_middle_high":{"dmean":0.00114747334737,"dmean2":0.00164901744574,"dvar":0.0000054993570302,"dvar2":0.0000104685595943,"max":0.0953980535269,"mean":0.00367197510786,"median":0.00142442272045,"min":1.329953752e-21,"var":0.0000344036598108},"spectral_energyband_middle_low":{"dmean":0.00441147014499,"dmean2":0.00645976141095,"dvar":0.0000439606519649,"dvar2":0.0000911606985028,"max":0.180655017495,"mean":0.015151726082,"median":0.010384587571,"min":4.84081200206e-22,"var":0.000260452885414},"spectral_entropy":{"dmean":0.159932330251,"dmean2":0.231453478336,"dvar":0.0264369100332,"dvar2":0.0485576875508,"max":9.82271671295,"mean":7.04334831238,"median":7.05298280716,"min":5.35085058212,"var":0.213308751583},"spectral_flux":{"dmean":0.0167810469866,"dmean2":0.0267676003277,"dvar":0.000377876014682,"dvar2":0.0009196997853,"max":0.269310623407,"mean":0.0574624799192,"median":0.0522322505713,"min":1.05172218157e-10,"var":0.00128633889835},"spectral_kurtosis":{"dmean":2.04380893707,"dmean2":3.34935975075,"dvar":4.09747982025,"dvar2":10.7265939713,"max":45.2842712402,"mean":8.84959506989,"median":7.93556880951,"min":-1.23519778252,"var":24.8099136353},"spectral_rms":{"dmean":0.000512713741045,"dmean2":0.000713300483767,"dvar":3.68761305936e-7,"dvar2":6.27180611446e-7,"max":0.013460887596,"mean":0.00451967539266,"median":0.00454688910395,"min":3.28502828238e-12,"var":0.00000492542812935},"spectral_rolloff":{"dmean":200.162017822,"dmean2":334.701507568,"dvar":502087.40625,"dvar2":1114572,"max":19250.6835938,"mean":875.162597656,"median":602.9296875,"min":64.599609375,"var":1692304},"spectral_skewness":{"dmean":0.220604091883,"dmean2":0.347888022661,"dvar":0.0407282933593,"dvar2":0.0906713306904,"max":5.4714512825,"mean":2.38645386696,"median":2.33433628082,"min":-0.0393776856363,"var":0.415229856968},"spectral_spread":{"dmean":560375.8125,"dmean2":791462.3125,"dvar":616395767808,"dvar2":962346614784,"max":41388240,"mean":4265592.5,"median":3794602,"min":1414565.75,"var":3064400183300},"spectral_strongpeak":{"dmean":0.504274308681,"dmean2":0.835816025734,"dvar":0.729030668736,"dvar2":1.77847015858,"max":12.0888252258,"mean":1.13805508614,"median":0.426821768284,"min":0,"var":2.20252180099},"zerocrossingrate":{"dmean":0.00646384060383,"dmean2":0.00768591929227,"dvar":0.000150382882566,"dvar2":0.000161565621966,"max":0.64404296875,"mean":0.0389407686889,"median":0.0322265625,"min":0.001953125,"var":0.00147584092338}},"metadata":{"audio_properties":{"analysis_sample_rate":44100,"bit_rate":192000,"codec":"mp3","downmix":"mix","equal_loudness":0,"length":199.836730957,"lossless":false,"md5_encoded":"4cfc20f9a62a15b3caa04b734bcbdca4","replay_gain":-9.67259979248,"sample_rate":44100},"tags":{"album":["Selected Works 1972 to 1999"],"albumartist":["Eagles"],"albumartistsort":["Eagles"],"artist":["Eagles"],"artistsort":["Eagles"],"asin":["B0000507FL"],"barcode":["075596257527"],"catalognumber":["62575-2"],"date":["2000-11-14"],"discnumber":["1/4"],"file_name":"Eagles - Selected Works 1972 to 1999 - 1.12 - Saturday Night.mp3","isrc":["USAS19900042"],"label":["Elektra"],"language":["eng"],"media":["CD"],"musicbrainz album release country":["US"],"musicbrainz album status":["official"],"musicbrainz album type":["compilation"],"musicbrainz_albumartistid":["f46bd570-5768-462e-b84c-c7c993bbf47e"],"musicbrainz_albumid":["12eeaa2d-8704-44c8-aaac-92541f34790b"],"musicbrainz_artistid":["f46bd570-5768-462e-b84c-c7c993bbf47e"],"musicbrainz_recordingid":["781489e9-478b-4ab2-9ec1-207ddff481c2"],"musicbrainz_workid":["d26616a9-9ab2-41e6-8feb-73bb7ba748a4"],"originaldate":["2000-11-14"],"script":["Latn"],"title":["Saturday Night"],"tracknumber":["12/13"],"writer":["Randy Meisner","Bernie Leadon","Glenn Frey","Don Henley"]},"version":{"essentia":"2.1-beta2","essentia_build_sha":"2d9f1f26377add8aeb1075a9c2973f962c4f09fd","essentia_git_sha":"v2.1_beta2-1-ge3940c0","extractor":"music 1.0"}},"rhythm":{"beats_count":330,"beats_loudness":{"dmean":0.0240187421441,"dmean2":0.0408872291446,"dvar":0.000388238782762,"dvar2":0.00115708331577,"max":0.13356679678,"mean":0.037728689611,"median":0.0346327796578,"min":1.32684647269e-7,"var":0.000608585716691},"beats_loudness_band_ratio":{"dmean":[0.19677349925,0.11819472909,0.173456415534,0.0689799264073,0.0258044879884,0.0162149146199],"dmean2":[0.307014286518,0.203538477421,0.2865916