{"lowlevel":{"average_loudness":0.963305413723,"barkbands":{"dmean":[0.00406270986423,0.0111385807395,0.00229681585915,0.00178858311847,0.0031689144671,0.00226017995737,0.00112182728481,0.000773870095145,0.000931901391596,0.00100306444801,0.000599871913437,0.000556612969376,0.000478542729979,0.000354517629603,0.000340265105478,0.000245957780862,0.000217169552343,0.000212687475141,0.000160758398124,0.000088001092081,0.0000738795060897,0.0000484505326313,0.0000304897876049,0.0000234495764744,0.000161764517543,0.0000541175177204,0.000275352475001],"dmean2":[0.00690220296383,0.0182757750154,0.00396340712905,0.00307909888215,0.00530326692387,0.00377610255964,0.00189871864859,0.00131422723643,0.00157427811064,0.00165323494002,0.00100768508855,0.000933255127165,0.000799830304459,0.000592475465965,0.000574867881369,0.000411584042013,0.000355221796781,0.00033841477125,0.000252152211033,0.000136346745421,0.000110235232569,0.000069611131039,0.000044483167585,0.0000345051739714,0.000253026257269,0.0000744324570405,0.000423427380156],"dvar":[0.000093003429356,0.0001980910165,0.0000114067725008,0.00000695214112056,0.000023724300263,0.0000157434024004,0.00000322760820382,0.00000157176827997,0.00000158400530381,0.00000257003512161,6.37063237718e-7,5.45988029899e-7,3.88134878904e-7,3.03794621459e-7,2.0907042142e-7,1.40753471101e-7,1.08551866163e-7,1.88640200349e-7,1.01396871344e-7,2.90614163845e-8,1.80423675999e-8,8.62868887452e-9,2.24798357706e-9,1.21263110664e-9,7.85491849342e-8,6.13669470795e-9,2.06915743206e-7],"dvar2":[0.000249146454735,0.000542871188372,0.0000315255965688,0.0000190278860828,0.0000619898128207,0.0000428827406722,0.00000865214860823,0.00000435948641098,0.00000431490752817,0.00000646534408588,0.00000171217391198,0.00000143108616157,0.00000105143317342,8.10358699255e-7,5.32245223894e-7,3.87879339314e-7,2.71899580184e-7,4.41724580469e-7,2.36202723158e-7,6.5740934474e-8,3.76952193903e-8,1.59743631656e-8,4.43884395906e-9,2.45619857786e-9,1.83702340451e-7,1.16918998927e-8,5.839987125e-7],"max":[0.143151164055,0.210365757346,0.0450074821711,0.0402402579784,0.0740702301264,0.0701816752553,0.0343996994197,0.0292709171772,0.0230008773506,0.0395874753594,0.016677133739,0.0189101602882,0.0105826249346,0.0116267539561,0.0109175127,0.00693366630003,0.00758518977091,0.015841236338,0.0126402778551,0.0054258662276,0.00474164541811,0.00578561006114,0.00195442023687,0.000478250323795,0.00265119317919,0.00108573562466,0.0169849097729],"mean":[0.00495421653613,0.0182295013219,0.00277032377198,0.00220328452997,0.00474906852469,0.00347645906731,0.00174783240072,0.00127001060173,0.00157716847025,0.00165649398696,0.00098871299997,0.00101675605401,0.000908773043193,0.000681033940054,0.000705739948899,0.000512109079864,0.000467502279207,0.000488588353619,0.000372706272174,0.000226220712648,0.000191534898477,0.000129912528791,0.0000751712868805,0.0000372505928681,0.000175394350663,0.0000955651921686,0.00112055335194],"median":[0.00252562155947,0.013068754226,0.00164022657555,0.00120020774193,0.0025819982402,0.00160333246458,0.000942756596487,0.000692013010848,0.00107245903928,0.000954220886342,0.000664879975375,0.000702125078533,0.00062663690187,0.00045001792023,0.000523299386259,0.000350144982804,0.000315674813464,0.000269229291007,0.000184647840797,0.00012410346244,0.000121563818539,0.0000877354686963,0.000053621661209,0.0000208908550121,0.0000481394272356,0.0000561970264243,0.000938161567319],"min":[1.23965682164e-9,1.8876787633e-10,6.36323676043e-12,1.01805883168e-10,1.36872138623e-10,2.06119454838e-10,1.0304648107e-10,1.13865437912e-10,8.67447502717e-11,1.59806889943e-10,6.24466756083e-10,2.48779441492e-10,2.55883758626e-10,1.98081426261e-10,1.37416550361e-10,7.43331285413e-10,1.78679959717e-10,2.32009370049e-10,2.19534779244e-10,3.32349009424e-10,1.01638730765e-9,3.4887803757e-10,2.11139827844e-10,7.37312641497e-12,6.62311438332e-12,6.9662518809e-11,1.66783753475e-9],"var":[0.0000789857367636,0.000316385063343,0.0000121137727547,0.00000936239393923,0.0000392414003727,0.0000277639519481,0.00000601450255999,0.00000353992686541,0.00000285177361548,0.0000055205573517,0.00000122302412819,0.00000117723277526,8.28581448786e-7,7.12077792286e-7,5.03123942508e-7,3.39769599123e-7,2.80662106888e-7,6.56266479382e-7,4.09949620916e-7,1.09161916839e-7,6.57884626776e-8,3.08380272429e-8,7.08639369407e-9,2.15903472878e-9,9.3281521174e-8,1.1856614357e-8,7.26504822524e-7]},"barkbands_crest":{"dmean":3.03108334541,"dmean2":4.98528766632,"dvar":6.13650560379,"dvar2":16.1987342834,"max":24.0650482178,"mean":10.096613884,"median":9.48350143433,"min":2.3522207737,"var":17.0286407471},"barkbands_flatness_db":{"dmean":0.0220416076481,"dmean2":0.0344501100481,"dvar":0.000415325223003,"dvar2":0.00104781135451,"max":0.294034332037,"mean":0.101082310081,"median":0.0959274098277,"min":0.0177930369973,"var":0.00139446672983},"barkbands_kurtosis":{"dmean":3.44737553596,"dmean2":5.63949394226,"dvar":41.2922172546,"dvar2":111.323806763,"max":128.90586853,"mean":5.82567405701,"median":3.73544454575,"min":-1.70105659962,"var":66.4452056885},"barkbands_skewness":{"dmean":0.559715926647,"dmean2":0.893561840057,"dvar":0.39119631052,"dvar2":1.01322388649,"max":9.86566448212,"mean":2.01505947113,"median":1.86888957024,"min":-1.10673117638,"var":1.22813844681},"barkbands_spread":{"dmean":7.45592164993,"dmean2":11.8065776825,"dvar":49.4468536377,"dvar2":120.616615295,"max":112.841789246,"mean":32.2477836609,"median":30.378112793,"min":1.83065927029,"var":215.413696289},"dissonance":{"dmean":0.0133470920846,"dmean2":0.0229919925332,"dvar":0.000163184246048,"dvar2":0.000474833796034,"max":0.499999940395,"mean":0.479324281216,"median":0.483048886061,"min":0.329424977303,"var":0.000252502271906},"dynamic_complexity":1.8758867979,"erbbands":{"dmean":[0.521154105663,1.93063640594,2.77610182762,4.03482055664,8.88192558289,11.2081012726,17.1652011871,17.6226043701,17.0845527649,14.9453659058,18.2887649536,20.9466629028,25.9055042267,27.7501163483,22.6114463806,21.5547103882,21.2250614166,17.3910923004,16.6220989227,16.6149311066,11.4393501282,12.1056337357,11.3069057465,9.50206375122,6.03151035309,4.16501188278,3.42601394653,2.53036189079,1.880864501,1.34034490585,0.797976970673,0.533208549023,0.477821826935,2.04039001465,0.69534188509,0.411668390036,0.0837181285024,0.0489856041968,0.0190242696553,0.00658739777282],"dmean2":[0.851344585419,3.21488928795,4.73903512955,6.98324728012,14.7452545166,19.132686615,28.3470878601,29.9243049622,28.7489376068,25.4167156219,31.0554599762,35.2758750916,42.9556884766,46.1209831238,38.2398681641,36.0150108337,35.5311164856,28.7498226166,27.7489318848,28.138507843,18.9461135864,19.6849422455,17.9995765686,14.7988443375,9.33327674866,6.45011329651,5.26069831848,3.7738673687,2.74987244606,1.88016188145,1.16199839115,0.789242148399,0.685882091522,3.16473078728,1.09568667412,0.61049503088,0.116213597357,0.0664578005672,0.0270282644778,0.010392296128],"dvar":[0.619281828403,5.26478672028,14.9183950424,31.8782749176,246.188873291,373.072784424,927.098327637,1020.36016846,886.504821777,552.649291992,922.075622559,854.333618164,1691.05725098,1670.50561523,894.549926758,834.467529297,814.603515625,643.185913086,664.608703613,687.243469238,275.486938477,325.33782959,504.096954346,401.92276001,179.861785889,56.4736442566,35.9029655457,26.5173358917,14.0636787415,5.54376888275,1.51083219051,0.621027946472,0.598158299923,12.1934547424,1.47397112846,0.454731941223,0.0153153538704,0.00628772564232,0.00209109997377,0.00011425599223],"dvar2":[1.6884124279,14.4976797104,40.7271118164,89.7542800903,584.040466309,1012.76861572,2412.33886719,2917.05419922,2254.36108398,1538.76098633,2594.73120117,2313.43457031,4337.19873047,4266.015625,2435.21264648,2194.96972656,2233.17041016,1718.85021973,1669.07983398,1920.45812988,726.118896484,798.511108398,1198.12011719,918.586303711,428.825042725,123.672187805,79.0946655273,58.0979385376,27.7516479492,10.3918876648,2.99661231041,1.270211339,1.19855332375,27.6708164215,3.49297380447,0.950176715851,0.0272415019572,0.0126803014427,0.00598154496402,0.000324090156937],"max":[8.99606513977,41.5065803528,54.2350120544,90.7573699951,366.718811035,403.550689697,600.540710449,750.557006836,783.624450684,640.627868652,748.140991211,592.870178223,909.677490234,861.903320312,573.250488281,717.44708252,553.898864746,546.073547363,717.594116211,599.323059082,458.87197876,388.566619873,688.077758789,982.014831543,475.645965576,242.201370239,187.454879761,194.261428833,231.847091675,167.599533081,43.1598968506,13.8913612366,9.2206697464,31.8742313385,11.9559011459,5.53923416138,2.27740645409,2.20420074463,1.6566631794,0.424572169781],"mean":[0.816353917122,2.9254181385,3.72429633141,5.52578830719,11.7479848862,15.6881456375,25.4953994751,26.224729538,25.8164539337,25.0200538635,31.5729694366,35.4471893311,44.344203949,49.6038665771,41.3732910156,41.7583961487,42.3364334106,36.7486114502,35.731716156,35.4157409668,26.7952346802,28.2548599243,26.5399456024,22.5892066956,14.7583646774,10.7811384201,8.70350456238,6.42511749268,4.87487506866,3.53366684914,1.89626502991,1.01833570004,0.629668533802,2.22266840935,0.761175453663,0.492345243692,0.171265617013,0.136419758201,0.0641034916043,0.0322989746928],"median":[0.503849327564,2.13392400742,2.40483260155,3.47680187225,5.63362216949,8.36627006531,10.290851593,13.543223381,12.8118801117,14.4390764236,17.849275589,23.8005123138,27.1902332306,32.6136169434,29.6604804993,30.0592842102,29.9554405212,25.7215900421,25.5657138824,26.4464550018,18.9864749908,19.6218528748,14.966999054,11.7003278732,7.05618810654,6.17388248444,5.44824743271,3.9810025692,3.26852273941,2.46416282654,1.35390675068,0.668752253056,0.247436270118,0.570936977863,0.222112104297,0.143452048302,0.113155014813,0.0991568043828,0.0445274449885,0.0293849520385],"min":[1.69169993569e-8,1.03484527614e-8,8.9992253649e-9,1.33302449967e-7,6.33341585399e-7,3.1266915812e-7,6.4838735625e-7,0.00000220337688006,0.00000171802241766,0.00000242112650994,0.0000015846514998,0.00000183920155905,0.00000293341031465,0.0000149291881826,0.0000202594619623,0.0000107872292574,0.00000943045233726,0.0000115495331556,0.00000737600248613,0.0000194003641809,0.0000334391443175,0.0000124624311866,0.0000102956937553,0.00000726743201085,0.0000160673826031,0.0000204442821996,0.0000498770932609,0.0000270674154308,0.0000160308063641,0.00000531721434527,0.00000552531673748,3.44449205159e-7,1.35716135219e-7,7.0737655733e-8,4.57339588422e-8,3.08778957958e-8,7.21620807553e-8,2.12179187997e-7,2.10404238032e-7,3.40396404397e-8],"var":[0.893906235695,7.94771146774,17.1942901611,42.2855415344,383.574890137,525.235656738,1746.50354004,1467.86218262,1546.53674316,1274.18237305,2054.85473633,1470.56323242,3341.14379883,3712.67895508,1771.00195312,1718.04785156,1705.59387207,1569.93554688,1671.24487305,1406.85461426,769.565917969,943.367431641,1803.93066406,1588.48303223,673.930847168,225.534713745,127.10206604,85.3510131836,43.8331260681,20.7287406921,4.29278516769,1.33459973335,0.872717261314,14.8755636215,1.73328959942,0.630791783333,0.0361591130495,0.0189087036997,0.00553175294772,0.000445162382675]},"erbbands_crest":{"dmean":2.03362894058,"dmean2":3.39479517937,"dvar":3.60124731064,"dvar2":9.51237201691,"max":24.3117847443,"mean":6.66820335388,"median":5.88424634933,"min":2.05497312546,"var":7.90824317932},"erbbands_flatness_db":{"dmean":0.0145092792809,"dmean2":0.0212264731526,"dvar":0.00014717245358,"dvar2":0.000306803354761,"max":0.249632805586,"mean":0.104739055037,"median":0.101740628481,"min":0.0285968910903,"var":0.000798200140707},"erbbands_kurtosis":{"dmean":0.72831261158,"dmean2":1.17324399948,"dvar":0.695646822453,"dvar2":1.76325953007,"max":17.7094039917,"mean":0.51959425211,"median":0.252672195435,"min":-1.64162945747,"var":1.78434514999},"erbbands_skewness":{"dmean":0.295080989599,"dmean2":0.464633792639,"dvar":0.0625957399607,"dvar2":0.147047668695,"max":3.17559957504,"mean":0.241514846683,"median":0.27649089694,"min":-3.01673793793,"var":0.32252407074},"erbbands_spread":{"dmean":6.44780397415,"dmean2":10.1497211456,"dvar":36.2259178162,"dvar2":84.9304046631,"max":113.491043091,"mean":35.2919998169,"median":32.9399337769,"min":5.01952362061,"var":180.3828125},"gfcc":{"cov":[[1737.62414551,85.6147384644,2.19970560074,-59.7782287598,-109.587715149,-45.9679374695,-127.598106384,107.652893066,-56.7352867126,90.559173584,57.5578231812,1.19648253918,9.20662498474],[85.6147384644,851.045349121,69.5100784302,-130.830947876,28.7448043823,-79.3036117554,101.288864136,-116.030784607,119.04108429,13.1251430511,66.5697250366,-13.0593643188,-5.22580575943],[2.19970560074,69.5100784302,351.10168457,35.9433517456,-75.7383346558,169.288375854,-110.804862976,114.274848938,-79.9404067993,35.6326446533,-27.9609508514,-9.37154960632,29.8703174591],[-59.7782287598,-130.830947876,35.9433517456,230.460235596,53.0904464722,-45.7579421997,65.1592254639,-25.8144874573,8.92589378357,-19.9551086426,-21.46991539,22.4280071259,-40.4160575867],[-109.587715149,28.7448043823,-75.7383346558,53.0904464722,148.374267578,11.0841770172,84.1922531128,-21.7692718506,32.8168029785,-7.39406871796,13.7752218246,-12.7956104279,-11.0325698853],[-45.9679374695,-79.3036117554,169.288375854,-45.7579421997,11.0841770172,264.039703369,-60.0983543396,131.153045654,-79.2333755493,34.8137817383,-17.8978748322,-18.582157135,38.6553993225],[-127.598106384,101.288864136,-110.804862976,65.1592254639,84.1922531128,-60.0983543396,208.875579834,-76.3114624023,107.324768066,-26.7794475555,20.2120018005,26.5868091583,-44.5813903809],[107.652893066,-116.030784607,114.274848938,-25.8144874573,-21.7692718506,131.153045654,-76.3114624023,194.952178955,-54.5788497925,64.4915008545,-2.76586389542,-24.0068149567,51.987411499],[-56.7352867126,119.04108429,-79.9404067993,8.92589378357,32.8168029785,-79.2333755493,107.324768066,-54.5788497925,154.231124878,7.33756542206,28.8667354584,21.2283229828,-43.477519989],[90.559173584,13.1251430511,35.6326446533,-19.9551086426,-7.39406871796,34.8137817383,-26.7794475555,64.4915008545,7.33756542206,81.4337768555,35.0906295776,-0.655104935169,26.8812236786],[57.5578231812,66.5697250366,-27.9609508514,-21.46991539,13.7752218246,-17.8978748322,20.2120018005,-2.76586389542,28.8667354584,35.0906295776,63.748336792,27.8176116943,9.70384597778],[1.19648253918,-13.0593643188,-9.37154960632,22.4280071259,-12.7956104279,-18.582157135,26.5868091583,-24.0068149567,21.2283229828,-0.655104935169,27.8176116943,61.2107429504,11.9023666382],[9.20662498474,-5.22580575943,29.8703174591,-40.4160575867,-11.0325698853,38.6553993225,-44.5813903809,51.987411499,-43.477519989,26.8812236786,9.70384597778,11.9023666382,76.9255981445]],"icov":[[0.000816446787212,-0.000689929234795,0.0011985541787,-0.000721719057765,0.000811550591607,-0.000163440039614,0.000794430903625,-0.00116376334336,0.000804275274277,-0.000645657477435,-0.0000688503496349,-0.000900990620721,0.00128452444915],[-0.000689929234795,0.00500298617408,-0.00783192738891,0.00662102783099,-0.00440471479669,0.0047346400097,-0.00451316451654,0.00412324536592,-0.00128571863752,-0.00019387845532,-0.00241597671993,0.00355331692845,-0.00237472262233],[0.0011985541787,-0.00783192738891,0.0204129219055,-0.0168919097632,0.0143706882372,-0.0145993931219,0.00951980333775,-0.00531335780397,-0.00120601686649,0.00268428120762,-0.00145611108746,0.00119741586968,-0.00059273414081],[-0.000721719057765,0.00662102783099,-0.0168919097632,0.0244856141508,-0.0187580343336,0.0166987050325,-0.00944279320538,0.00117638031952,0.00703790504485,-0.0099312858656,0.0136726815253,-0.0152606852353,0.0106956027448],[0.000811550591607,-0.00440471479669,0.0143706882372,-0.0187580343336,0.0266548581421,-0.0158672910184,0.00211225938983,0.00080393999815,-0.00606073020026,0.0098589239642,-0.0168319512159,0.0203139670193,-0.0112452413887],[-0.000163440039614,0.0047346400097,-0.0145993931219,0.0166987050325,-0.0158672910184,0.0199969466776,-0.00696364231408,-0.0029747504741,0.00745223835111,-0.00787001196295,0.0103868953884,-0.0116517981514,0.00788861792535],[0.000794430903625,-0.00451316451654,0.00951980333775,-0.00944279320538,0.00211225938983,-0.00696364231408,0.0162029471248,-0.00278999470174,-0.00607184413821,0.00452071242034,-0.00113851961214,-0.00352363567799,0.0016959005734],[-0.00116376334336,0.00412324536592,-0.00531335780397,0.00117638031952,0.00080393999815,-0.0029747504741,-0.00278999470174,0.0169734507799,-0.00378130050376,-0.00403407821432,-0.0043147969991,0.0120478160679,-0.0104243317619],[0.000804275274277,-0.00128571863752,-0.00120601686649,0.00703790504485,-0.00606073020026,0.00745223835111,-0.00607184413821,-0.00378130050376,0.0198411922902,-0.012249357067,0.00975500047207,-0.0152720725164,0.0150318657979],[-0.000645657477435,-0.00019387845532,0.00268428120762,-0.0099312858656,0.0098589239642,-0.00787001196295,0.00452071242034,-0.00403407821432,-0.012249357067,0.0370725914836,-0.0290332492441,0.0208893381059,-0.0149288484827],[-0.0000688503496349,-0.00241597671993,-0.00145611108746,0.0136726815253,-0.0168319512159,0.0103868953884,-0.00113851961214,-0.0043147969991,0.00975500047207,-0.0290332492441,0.0551145970821,-0.0393588878214,0.0170120336115],[-0.000900990620721,0.00355331692845,0.00119741586968,-0.0152606852353,0.0203139670193,-0.0116517981514,-0.00352363567799,0.0120478160679,-0.0152720725164,0.0208893381059,-0.0393588878214,0.0590245351195,-0.0296481922269],[0.00128452444915,-0.00237472262233,-0.00059273414081,0.0106956027448,-0.0112452413887,0.00788861792535,0.0016959005734,-0.0104243317619,0.0150318657979,-0.0149288484827,0.0170120336115,-0.0296481922269,0.0371389612556]],"mean":[66.0085983276,67.9706954956,-83.285987854,0.370841622353,-17.6482753754,-4.17126846313,-7.71761655807,-4.9961643219,-6.58959197998,-2.50237321854,-7.71871852875,2.6591231823,-2.93589258194]},"hfc":{"dmean":46.7345962524,"dmean2":73.7127304077,"dvar":2981.39868164,"dvar2":6496.68994141,"max":1921.97143555,"mean":196.301986694,"median":179.626342773,"min":0.000130728352815,"var":16633.8339844},"melbands":{"dmean":[0.00381313031539,0.0017012625467,0.000789353856817,0.000701161334291,0.000558807572816,0.000400642427849,0.000246008741669,0.000158357972396,0.000156972193508,0.000134203030029,0.000135943380883,0.000121269869851,0.0000787710669101,0.000062688071921,0.0000592147189309,0.0000444731376774,0.000034109390981,0.0000291898104479,0.0000257445990428,0.0000208637320611,0.0000137305660246,0.0000145017420436,0.0000129730296976,0.0000101419072962,0.0000085735691755,0.0000059291596699,0.00000385925341106,0.00000292141908176,0.00000263278843704,0.00000183225779438,0.00000151772906065,0.00000118843195196,0.00000101467662716,7.42548252219e-7,5.20508592672e-7,4.07506661304e-7,3.11145356591e-7,2.55105589986e-7,6.24351287115e-7,0.00000228339240493],"dmean2":[0.00626580929384,0.00286486931145,0.00133824185468,0.00117990118451,0.000929807254579,0.000676866271533,0.000413005065639,0.000268736184807,0.000267025112407,0.000226197444135,0.00022502662614,0.000201004077098,0.000132678032969,0.000105424274807,0.0000994527945295,0.0000745861034375,0.000056891109125,0.0000488752812089,0.0000437990529463,0.0000354478070221,0.0000227732543863,0.0000239798500843,0.0000210557118407,0.0000164246757777,0.000013664232938,0.00000937354252528,0.00000615044518781,0.00000464653840027,0.0000041784574023,0.00000278988568425,0.0000023187781153,0.0000018129635464,0.00000149602624333,0.0000010979599665,7.88864269907e-7,6.06868752584e-7,4.73502751674e-7,3.83685545557e-7,9.18219427604e-7,0.00000359121781912],"dvar":[0.0000308209637296,0.00000437038852397,0.00000123020197407,0.00000127624093693,8.4112065224e-7,4.92057210977e-7,1.71543405258e-7,5.90638968845e-8,6.27128216024e-8,3.53229374639e-8,4.78335202558e-8,3.37790666549e-8,1.04177795279e-8,7.38249816834e-9,6.82899248261e-9,3.38355188312e-9,2.70136268909e-9,2.38220332349e-9,1.28398469634e-9,1.13587050876e-9,3.97298943744e-10,4.41310321619e-10,5.90096360664e-10,5.21547527388e-10,3.3180996839e-10,1.55757101661e-10,7.69581412485e-11,2.58611951298e-11,2.02226482088e-11,1.33818095494e-11,9.63041625612e-12,6.49143325898e-12,3.33527498154e-12,1.80913704156e-12,7.108073353e-13,3.64822728234e-13,2.37675818696e-13,1.74874234559e-13,1.36184097853e-12,1.58627416758e-11],"dvar2":[0.0000842975423438,0.0000119926908155,0.00000321473658005,0.00000332639092449,0.00000220647780225,0.00000137843949233,4.43996015065e-7,1.63282578569e-7,1.75204633024e-7,9.56800789709e-8,1.21924969676e-7,8.59606998915e-8,2.84391923344e-8,1.92142373123e-8,1.79939920741e-8,9.28022370061e-9,7.31580751534e-9,6.136371411e-9,3.4188734066e-9,3.21410587034e-9,1.05878739109e-9,1.12115250417e-9,1.49041523567e-9,1.22516219392e-9,8.06502864492e-10,3.95434129885e-10,1.89608953538e-10,6.06075675758e-11,4.81880819969e-11,2.91769698679e-11,2.27079952064e-11,1.4761584316e-11,6.4388316727e-12,3.91163143543e-12,1.54092569867e-12,7.58319893424e-13,5.20563084826e-13,3.84858594646e-13,2.87052716666e-12,3.72397460091e-11],"max":[0.0634164959192,0.0303447283804,0.0186241064221,0.0192189458758,0.0154637135565,0.0151777546853,0.0105113051832,0.00580032449216,0.00553460791707,0.00320328236558,0.00475738244131,0.00411495100707,0.00154220708646,0.00265878811479,0.00193311995827,0.000970636087004,0.00109527551103,0.0014143899316,0.000822729896754,0.000759089947678,0.000592352531385,0.000468153273687,0.000824253133032,0.000788447912782,0.000880839652382,0.000313384749461,0.000272543577012,0.000153628338012,0.000109919456008,0.000136015631142,0.000119364704005,0.000160680603585,0.000124361205962,0.0000893439137144,0.0000322501036862,0.0000126484019347,0.00000773088504502,0.0000059042436078,0.000016907504687,0.0000368691580661],"mean":[0.00625429861248,0.00260297209024,0.0011430173181,0.000995081034489,0.000855922524352,0.000615539378487,0.000382371305022,0.000265424809186,0.000263554858975,0.000221249618335,0.000225646421313,0.000208876779652,0.000135824870085,0.000115308488603,0.000106311184936,0.0000849844291224,0.0000657045529806,0.0000566762391827,0.0000522256341355,0.0000411592773162,0.0000290163479804,0.0000297090718959,0.0000265399648924,0.0000215369582293,0.0000182742351171,0.0000124966463773,0.00000840860138851,0.00000679534514347,0.00000583275323152,0.00000424138170274,0.00000347344507645,0.00000277188496511,0.00000245249884756,0.0000017605989342,0.00000113337546281,8.30378837691e-7,5.17569787917e-7,3.32274765924e-7,6.76957654377e-7,0.00000243394561039],"median":[0.00428947713226,0.00189380499069,0.00071885320358,0.000526684278157,0.000385130144423,0.000308453803882,0.000194532112801,0.000152008840814,0.000150325518916,0.000146972000948,0.000131388573209,0.000129703214043,0.0000957055744948,0.0000804544397397,0.0000729694729671,0.0000595777855779,0.0000440085095761,0.0000382909893233,0.0000389971573895,0.0000286933973257,0.0000198117359105,0.0000204598709388,0.0000151276026372,0.0000114546683108,0.00000917880242923,0.00000589352430325,0.00000388361331716,0.00000398305655835,0.0000036292058212,0.00000253842449638,0.00000212438317249,0.00000180391475624,0.00000165836706856,0.00000120512504509,7.85964459737e-7,5.70087138385e-7,3.05954159785e-7,1.5119834984e-7,1.43645195294e-7,6.41814040137e-7],"min":[1.59175950198e-10,5.63109238058e-12,4.47414050253e-11,3.46181486255e-11,2.05520878094e-11,4.68210019366e-11,2.36671966747e-11,2.70621667436e-11,1.29834771406e-11,1.16786025295e-11,1.31301376022e-11,5.43320180513e-11,8.33723784455e-11,3.34821718961e-11,2.10448186655e-11,2.61499918941e-11,2.01170590602e-11,1.18001936347e-11,1.00311070214e-11,5.75019511173e-11,2.96536961653e-11,1.24263594206e-11,9.62157870738e-12,8.80349352445e-12,4.91804340308e-12,1.01436975139e-11,9.82440864772e-12,1.33540557085e-11,3.01895869415e-11,2.27484159981e-11,1.41992017103e-11,1.20058242861e-11,1.34125783396e-12,3.87636017035e-12,4.81451337131e-12,1.70674225078e-13,1.00579971869e-13,1.06425495315e-13,5.70913826739e-14,5.98883600047e-14],"var":[0.0000429889878433,0.00000602639192948,0.00000191782351067,0.00000192458060155,0.00000161843854585,7.8315014207e-7,3.10462525022e-7,1.38611881084e-7,1.32930338737e-7,6.02637086899e-8,9.61704529345e-8,7.41500372214e-8,1.93104838786e-8,1.61461102266e-8,1.34127500218e-8,7.00261848507e-9,5.96695270971e-9,5.25925081263e-9,2.69945776843e-9,2.24584661979e-9,9.76624225935e-10,1.03326336376e-9,1.51338308552e-9,1.60194979504e-9,1.09642972479e-9,4.65192329102e-10,2.34114005959e-10,8.39119884688e-11,5.68781619026e-11,4.18654555467e-11,2.59052189422e-11,1.56728397621e-11,1.07121186921e-11,5.37637209058e-12,1.71833044755e-12,8.13768865661e-13,4.28904904214e-13,2.41865338521e-13,1.64280188845e-12,1.8491605816e-11]},"melbands_crest":{"dmean":4.62355089188,"dmean2":7.56862306595,"dvar":15.548789978,"dvar2":40.3504295349,"max":37.980342865,"mean":16.7004470825,"median":15.848608017,"min":3.17569828033,"var":45.0542297363},"melbands_flatness_db":{"dmean":0.0290945302695,"dmean2":0.0454594194889,"dvar":0.000648950168397,"dvar2":0.00159846444149,"max":0.428021371365,"mean":0.204744070768,"median":0.202693253756,"min":0.0246496405452,"var":0.00292113539763},"melbands_kurtosis":{"dmean":7.49220991135,"dmean2":12.4416570663,"dvar":280.467010498,"dvar2":779.565185547,"max":622.557250977,"mean":12.8356571198,"median":7.3584394455,"min":-1.73692083359,"var":389.798370361},"melbands_skewness":{"dmean":0.799584984779,"dmean2":1.29461765289,"dvar":0.823868870735,"dvar2":2.15214395523,"max":22.4085597992,"mean":2.71096229553,"median":2.40673708916,"min":-1.79389607906,"var":2.44776916504},"melbands_spread":{"dmean":6.3308839798,"dmean2":10.0798406601,"dvar":47.8171310425,"dvar2":110.897659302,"max":126.561134338,"mean":21.6618423462,"median":18.3403644562,"min":1.09146952629,"var":231.686386108},"mfcc":{"cov":[[1727.6907959,51.984249115,-52.5291023254,-5.74208116531,-37.9587783813,-152.342254639,-29.3839015961,-88.8885192871,-58.6967124939,-7.5601682663,43.2926101685,7.70049619675,30.6686210632],[51.984249115,830.920776367,14.4112472534,-61.5064888,-64.11743927,42.7934761047,-50.0948104858,-43.1697120667,-14.6276540756,24.9325447083,16.0019645691,63.8808898926,40.5161933899],[-52.5291023254,14.4112472534,459.155426025,-123.426376343,108.072929382,-45.3309822083,55.4232673645,-18.5851325989,43.3198127747,-27.06199646,-1.68204367161,-15.9443187714,1.02222490311],[-5.74208116531,-61.5064888,-123.426376343,343.746124268,-89.23387146,63.8532447815,-61.9942474365,43.8774757385,-46.7126541138,23.7730617523,-8.13181495667,19.889793396,-26.1110973358],[-37.9587783813,-64.11743927,108.072929382,-89.23387146,163.719787598,-25.4469299316,81.9262161255,-24.4225578308,49.2477645874,-20.6915130615,25.4799823761,-25.4808292389,19.0834064484],[-152.342254639,42.7934761047,-45.3309822083,63.8532447815,-25.4469299316,148.103942871,0.833842039108,60.2398223877,-16.1003837585,25.1218757629,-19.207572937,30.4701442719,-7.87890195847],[-29.3839015961,-50.0948104858,55.4232673645,-61.9942474365,81.9262161255,0.833842039108,147.455703735,2.96026492119,56.5568885803,-27.6309700012,28.8397464752,-28.1035957336,32.0001716614],[-88.8885192871,-43.1697120667,-18.5851325989,43.8774757385,-24.4225578308,60.2398223877,2.96026492119,97.0617980957,4.99596691132,32.29088974,-14.661608696,20.4336643219,-16.9287605286],[-58.6967124939,-14.6276540756,43.3198127747,-46.7126541138,49.2477645874,-16.1003837585,56.5568885803,4.99596691132,91.6112976074,6.51431798935,37.6547584534,-15.8672971725,20.7890701294],[-7.5601682663,24.9325447083,-27.06199646,23.7730617523,-20.6915130615,25.1218757629,-27.6309700012,32.29088974,6.51431798935,71.6944885254,15.814953804,32.6065673828,-7.94204521179],[43.2926101685,16.0019645691,-1.68204367161,-8.13181495667,25.4799823761,-19.207572937,28.8397464752,-14.661608696,37.6547584534,15.814953804,79.4132156372,12.1465969086,31.2063655853],[7.70049619675,63.8808898926,-15.9443187714,19.889793396,-25.4808292389,30.4701442719,-28.1035957336,20.4336643219,-15.8672971725,32.6065673828,12.1465969086,69.5497970581,10.1195220947],[30.6686210632,40.5161933899,1.02222490311,-26.1110973358,19.0834064484,-7.87890195847,32.0001716614,-16.9287605286,20.7890701294,-7.94204521179,31.2063655853,10.1195220947,61.8261985779]],"icov":[[0.000700924254488,-0.0000403695885325,0.0000552812307433,-0.0000519201457791,0.000163958087796,0.00082871504128,-0.000282838795101,0.00018047040794,0.000803824514151,-0.000306873873342,-0.000311793846777,-0.0000674740658724,-0.000234555191128],[-0.0000403695885325,0.0015820316039,-0.000244884839049,0.000469520775368,0.000918791803997,-0.00104282610118,0.00034338014666,0.00147695024498,-0.000371578382328,-0.00032967471634,0.0000455875815533,-0.000964419043157,-0.000786750053521],[0.0000552812307433,-0.000244884839049,0.00286845955998,0.000403428100981,-0.00165078043938,0.000833605707157,-0.000179069451406,-0.000330423470587,-0.000804021197837,0.000824897782877,0.000841979403049,-0.00104647048283,0.000996600836515],[-0.0000519201457791,0.000469520775368,0.000403428100981,0.00416400283575,0.00131182873156,-0.00158664374612,0.0010719691636,-0.000892135081813,0.00111409497913,0.000464793236461,-0.00195631012321,0.000633037649095,0.00063267693622],[0.000163958087796,0.000918791803997,-0.00165078043938,0.00131182873156,0.0113381622359,-0.000796558277216,-0.00405896781012,0.00317310146056,-0.00167829683051,-0.000489063444547,-0.00123555748723,0.000327885267325,0.000337871169904],[0.00082871504128,-0.00104282610118,0.000833605707157,-0.00158664374612,-0.000796558277216,0.0123151913285,-0.00290744868107,-0.00523630110547,0.00241027399898,-0.00153758644592,0.00271781045012,-0.00295529770665,-0.00042126266635],[-0.000282838795101,0.00034338014666,-0.000179069451406,0.0010719691636,-0.00405896781012,-0.00290744868107,0.0146343642846,-0.00403567403555,-0.00397066865116,0.00556876696646,-0.00341088115238,0.00395912630484,-0.00430212263018],[0.00018047040794,0.00147695024498,-0.000330423470587,-0.000892135081813,0.00317310146056,-0.00523630110547,-0.00403567403555,0.0204384904355,-0.0044946889393,-0.00656190561131,0.0052944351919,-0.00474190572277,0.00338189699687],[0.000803824514151,-0.000371578382328,-0.000804021197837,0.00111409497913,-0.00167829683051,0.00241027399898,-0.00397066865116,-0.0044946889393,0.0217988863587,-0.00514155765995,-0.00761170731857,0.00698993355036,-0.00331427063793],[-0.000306873873342,-0.00032967471634,0.000824897782877,0.000464793236461,-0.000489063444547,-0.00153758644592,0.00556876696646,-0.00656190561131,-0.00514155765995,0.0258668493479,-0.00687648029998,-0.00785339530557,0.00563483033329],[-0.000311793846777,0.0000455875815533,0.000841979403049,-0.00195631012321,-0.00123555748723,0.00271781045012,-0.00341088115238,0.0052944351919,-0.00761170731857,-0.00687648029998,0.02419032529,-0.00564068974927,-0.00638308469206],[-0.0000674740658724,-0.000964419043157,-0.00104647048283,0.000633037649095,0.000327885267325,-0.00295529770665,0.00395912630484,-0.00474190572277,0.00698993355036,-0.00785339530557,-0.00564068974927,0.026647510007,-0.00774893024936],[-0.000234555191128,-0.000786750053521,0.000996600836515,0.00063267693622,0.000337871169904,-0.00042126266635,-0.00430212263018,0.00338189699687,-0.00331427063793,0.00563483033329,-0.00638308469206,-0.00774893024936,0.0263801589608]],"mean":[-602.299499512,135.386047363,-8.31350803375,22.9740161896,5.01568174362,13.9447984695,3.93615460396,8.42573738098,5.80414199829,0.282535731792,4.59825944901,-1.26042282581,4.25074386597]},"pitch_salience":{"dmean":0.0858051851392,"dmean2":0.140645325184,"dvar":0.00553350709379,"dvar2":0.0147059382871,"max":0.830872416496,"mean":0.561292231083,"median":0.576568365097,"min":0.0660849735141,"var":0.0142311360687},"silence_rate_20dB":{"dmean":0,"dmean2":0,"dvar":0,"dvar2":0,"max":1,"mean":1,"median":1,"min":1,"var":0},"silence_rate_30dB":{"dmean":0.049320474267,"dmean2":0.0986517593265,"dvar":0.0468878783286,"dvar2":0.110178522766,"max":1,"mean":0.949917793274,"median":1,"min":0,"var":0.0475711897016},"silence_rate_60dB":{"dmean":0.00394563795999,"dmean2":0.00778252771124,"dvar":0.00392976403236,"dvar2":0.00794165302068,"max":1,"mean":0.0144657529891,"median":0,"min":0,"var":0.0142577309161},"spectral_centroid":{"dmean":203.682067871,"dmean2":312.611083984,"dvar":38470.46875,"dvar2":78007.1796875,"max":3933.74511719,"mean":1294.92333984,"median":1163.6505127,"min":224.856445312,"var":333193.4375},"spectral_complexity":{"dmean":3.73564219475,"dmean2":5.76520872116,"dvar":10.2757377625,"dvar2":21.9494743347,"max":61,"mean":28.5420265198,"median":28,"min":0,"var":100.921325684},"spectral_contrast_coeffs":{"dmean":[0.0569226332009,0.0498066432774,0.0372498109937,0.0257798228413,0.0185845252126,0.035366576165],"dmean2":[0.0960716828704,0.0849135890603,0.0632007271051,0.0440610460937,0.0314055122435,0.0522806793451],"dvar":[0.00195150403306,0.00151288078632,0.000826463859994,0.000391827925341,0.000208503741305,0.000844102178235],"dvar2":[0.00540304416791,0.00432548066601,0.00236287759617,0.00111703632865,0.000577757658903,0.00187557248864],"max":[-0.277956843376,-0.489620089531,-0.61609351635,-0.685371637344,-0.669871866703,-0.403502225876],"mean":[-0.699368059635,-0.770551860332,-0.803813755512,-0.816181838512,-0.806819438934,-0.713914215565],"median":[-0.704953551292,-0.776143312454,-0.809346795082,-0.817976117134,-0.807218074799,-0.720397233963],"min":[-0.92184650898,-0.935727119446,-0.925659775734,-0.919277489185,-0.920084416866,-0.85204064846],"var":[0.00540003925562,0.00352501100861,0.00197507021949,0.000771916937083,0.000579679384828,0.00343329436146]},"spectral_contrast_valleys":{"dmean":[0.375470072031,0.342886835337,0.292709290981,0.229292467237,0.1922326684,0.465670794249],"dmean2":[0.634025990963,0.57700496912,0.482425361872,0.372177749872,0.289527118206,0.670638859272],"dvar":[0.099886842072,0.0804879814386,0.0588394142687,0.0399842448533,0.0357062444091,0.150667026639],"dvar2":[0.25203192234,0.204444915056,0.141200974584,0.0923700258136,0.0670442357659,0.325491040945],"max":[-4.98420953751,-4.4146065712,-5.14838838577,-5.26387357712,-5.33615732193,-8.56212997437],"mean":[-6.40008974075,-6.10489940643,-6.38876962662,-6.75852918625,-7.04277324677,-10.3045253754],"median":[-6.30356836319,-6.01494884491,-6.3046412468,-6.69052505493,-7.03086280823,-10.293138504],"min":[-14.8961267471,-13.6585044861,-13.744178772,-13.986787796,-14.0595932007,-17.2559833527],"var":[0.450201451778,0.476870894432,0.298876672983,0.26874434948,0.290401160717,0.482485771179]},"spectral_decrease":{"dmean":4.4197210336e-9,"dmean2":7.2748784774e-9,"dvar":3.12878386633e-17,"dvar2":8.42288570133e-17,"max":1.58661119798e-8,"mean":-1.05796127414e-8,"median":-9.29862586929e-9,"min":-7.18914350273e-8,"var":5.12819620477e-17},"spectral_energy":{"dmean":0.0168670453131,"dmean2":0.0277235712856,"dvar":0.000432369153714,"dvar2":0.00116616790183,"max":0.28261962533,"mean":0.057735029608,"median":0.0544239766896,"min":1.27403882999e-8,"var":0.000850759504829},"spectral_energyband_high":{"dmean":0.000441705691628,"dmean2":0.000627092435025,"dvar":3.78272943635e-7,"dvar2":8.77970649071e-7,"max":0.0148263694718,"mean":0.00153129047249,"median":0.00125354609918,"min":2.81744938491e-9,"var":0.00000148465221628},"spectral_energyband_low":{"dmean":0.0140509782359,"dmean2":0.023216156289,"dvar":0.000374664872652,"dvar2":0.00102404027712,"max":0.238577619195,"mean":0.0258006416261,"median":0.019956689328,"min":6.93941570873e-10,"var":0.000522445247043},"spectral_energyband_middle_high":{"dmean":0.0021314593032,"dmean2":0.00330960797146,"dvar":0.00000559028239877,"dvar2":0.0000132886334541,"max":0.0504181534052,"mean":0.00772636663169,"median":0.00679253228009,"min":3.11309356071e-9,"var":0.0000289359613816},"spectral_energyband_middle_low":{"dmean":0.00604729168117,"dmean2":0.0100462557748,"dvar":0.0000492243234476,"dvar2":0.000130238433485,"max":0.107245437801,"mean":0.0154070910066,"median":0.0123260496184,"min":7.76275377312e-10,"var":0.000142016127938},"spectral_entropy":{"dmean":0.116724692285,"dmean2":0.174785554409,"dvar":0.0108406720683,"dvar2":0.0236911270767,"max":8.73039150238,"mean":7.79511833191,"median":7.82079792023,"min":6.53314208984,"var":0.052023883909},"spectral_flux":{"dmean":0.0262785293162,"dmean2":0.0431282036006,"dvar":0.000852430297527,"dvar2":0.0019924393855,"max":0.424796164036,"mean":0.132873669267,"median":0.129937872291,"min":0.000112873327453,"var":0.00197735242546},"spectral_kurtosis":{"dmean":2.28364157677,"dmean2":3.22004747391,"dvar":5.2337474823,"dvar2":10.2611455917,"max":48.3897399902,"mean":11.9680137634,"median":11.2589502335,"min":0.826497793198,"var":25.5281105042},"spectral_rms":{"dmean":0.00105522305239,"dmean2":0.0017121785786,"dvar":0.00000118187529097,"dvar2":0.00000309465758619,"max":0.0166050139815,"mean":0.00724968919531,"median":0.00728673860431,"min":0.00000352557049155,"var":0.00000376900061383},"spectral_rolloff":{"dmean":5506.56884766,"dmean2":10353.6132812,"dvar":56517188,"dvar2":134150752,"max":22028.4667969,"mean":10878.0751953,"median":6373.828125,"min":43.06640625,"var":87510968},"spectral_skewness":{"dmean":0.187924399972,"dmean2":0.273366004229,"dvar":0.031982794404,"dvar2":0.063039727509,"max":5.1680765152,"mean":2.43274378777,"median":2.37998795509,"min":0.855247855186,"var":0.234503746033},"spectral_spread":{"dmean":626505.75,"dmean2":865340.5,"dvar":379961081856,"dvar2":689647386624,"max":11879107,"mean":4982600,"median":4769043.5,"min":2007234.25,"var":1471802638340},"spectral_strongpeak":{"dmean":2.03647613525,"dmean2":3.69352865219,"dvar":142.585998535,"dvar2":335.306518555,"max":250.830581665,"mean":2.16083145142,"median":0.284057080746,"min":0,"var":200.243713379},"zerocrossingrate":{"dmean":0.0331371948123,"dmean2":0.0430362932384,"dvar":0.000762959127314,"dvar2":0.00124962790869,"max":0.76318359375,"mean":0.244023010135,"median":0.244140625,"min":0.0234375,"var":0.0060385176912}},"metadata":{"audio_properties":{"analysis_sample_rate":44100,"bit_rate":192000,"codec":"mp3","downmix":"mix","equal_loudness":0,"length":211.853057861,"lossless":false,"md5_encoded":"290e02935fc634b08d759739bb81d466","replay_gain":-10.1530227661,"sample_rate":44100},"tags":{"album":["Holy Wood (In the Shadow of the Valley of Death)"],"album artist credit":["Marilyn Manson"],"albumartist":["Marilyn Manson"],"albumartistsort":["Marilyn Manson"],"artist":["Marilyn Manson"],"artist credit":["Marilyn Manson"],"artistsort":["Marilyn Manson"],"asin":["B000050ITX"],"bpm":["0"],"catalognumber":["490 832-2"],"composer":["Marilyn Manson, Twiggy Ramiez, Madonna Wayne Gacy, John 5, Ginger Fish"],"date":["2000-11-14"],"discnumber":["1/1"],"encodedby":["iTunes v4.8.0.32"],"file_name":"16 - Marilyn Manson - Valentine’s Day.mp3","genre":["Rock - Alternative Metal / Punk"],"label":["Nothing Records"],"language":["eng"],"media":["CD"],"musicbrainz album release country":["AU"],"musicbrainz album status":["Official"],"musicbrainz album type":["album"],"musicbrainz_albumartistid":["5dfdca28-9ddc-4853-933c-8bc97d87beec"],"musicbrainz_albumid":["c254c4cb-f28e-49d5-bf6f-134e63e566d2"],"musicbrainz_artistid":["5dfdca28-9ddc-4853-933c-8bc97d87beec"],"musicbrainz_recordingid":["783f5a7e-d17a-4840-bbed-89d7ee043f5b"],"musicbrainz_releasegroupid":["db6a41da-710b-36eb-a288-48b4b1c5b130"],"originaldate":["2000-11-11"],"replaygain_album_gain":["0.00 dB"],"replaygain_album_peak":["0.000000"],"replaygain_track_gain":["-9.25 dB"],"replaygain_track_peak":["1.062103"],"script":["Latn"],"title":["Valentine’s Day"],"tracknumber":["16/19"]},"version":{"essentia":"2.1-beta1","essentia_build_sha":"ca57ba49d9b1854bd80e60cf9ccf267278fb7d6b","essentia_git_sha":"v2.1_beta1-28-g21ef5f4-dirty","extractor":"music 1.0"}},"rhythm":{"beats_count":479,"beats_loudness":{"dmean":0.0213774796575,"dmean2":0.0368282087147,"dvar":0.000388023472624,"dvar2":0.00113585987128,"max":0.210080474615,"mean":0.0611430034041,"median":0.0578186288476,"min":0.00348188821226,"var":0.000651497510262},"beats_loudness_band_ratio":{"dmean":[0.204788595438,0.