{"lowlevel":{"average_loudness":0.959005057812,"barkbands":{"dmean":[0.000789561134297,0.00461583491415,0.00317988381721,0.00223308196291,0.00315496930853,0.00141467875801,0.000699640950188,0.000630908529274,0.00109302543569,0.000534321472514,0.000407625193475,0.000208497367566,0.000360129139153,0.000312088668579,0.00023421451624,0.000223225681111,0.000275259400951,0.000282757508103,0.000281607819488,0.000214090498048,0.000126641898532,0.000101125238871,0.000115984985314,0.0000644907413516,0.0000629073329037,0.0000688331056153,0.00000798098153609],"dmean2":[0.00121177826077,0.00775356264785,0.00567380618304,0.00367034948431,0.00550901331007,0.00231134751812,0.00110563507769,0.000992837129161,0.00170079024974,0.000841140106786,0.000645101128612,0.000338542158715,0.0005701186019,0.000507418240886,0.000388784072129,0.000352191826096,0.000431092194049,0.000452517735539,0.000466060067993,0.000372510461602,0.000198296969756,0.000152033171616,0.000196038978174,0.000100686083897,0.0000966241495917,0.000103971302451,0.0000129545569507],"dvar":[0.00000291440369438,0.0000871374359122,0.0000550892909814,0.0000154747958732,0.0000576579914195,0.00000437396192865,0.00000102235014765,0.00000236494247474,0.00000755657265472,8.81703670075e-7,9.59536123446e-7,2.28133245628e-7,0.00000106814093215,4.63140878537e-7,1.81913080155e-7,2.06666328495e-7,2.36993471958e-7,2.37014191384e-7,2.12510911979e-7,1.71728927967e-7,4.24691606327e-8,2.92885307118e-8,6.30557579484e-8,2.0365977349e-8,1.5606115511e-8,1.76474923563e-8,3.34731659057e-10],"dvar2":[0.00000616201305093,0.000240555527853,0.000158271563123,0.0000399574419134,0.000162117255968,0.0000115638313218,0.00000255438158092,0.00000517766238772,0.0000180998613359,0.00000205250330509,0.00000210056600736,5.29612293576e-7,0.00000240018471231,0.00000113919202249,4.50162985999e-7,4.76755047885e-7,5.33459115104e-7,5.71106454572e-7,5.42594023045e-7,5.02830744153e-7,9.69314157828e-8,6.15082171862e-8,1.59807868272e-7,4.51092638798e-8,3.9717527045e-8,4.2622446017e-8,8.48635661743e-10],"max":[0.0188939236104,0.104748211801,0.0827861577272,0.0505552068353,0.0924972966313,0.0383095853031,0.0201380848885,0.0616777986288,0.0579426288605,0.0209756605327,0.049428910017,0.0187772102654,0.0366320237517,0.017645271495,0.00937772821635,0.0136417197064,0.0136449672282,0.00954562518746,0.0065596443601,0.0058402675204,0.00480166543275,0.00387762580067,0.00641035288572,0.0051218084991,0.00184932502452,0.00155641476158,0.000205838063266],"mean":[0.000889234885108,0.0062907342799,0.00367348012514,0.00281272386201,0.00353230792098,0.0024466260802,0.00134412175976,0.00105415098369,0.00182363402564,0.00103688926902,0.000641880906187,0.000357037206413,0.00057132676011,0.000491755141411,0.000354462274117,0.000417118746554,0.00054519897094,0.00059072021395,0.000509840785526,0.000340211205184,0.000270641525276,0.000214595696889,0.000162095297128,0.000096820978797,0.0000786490636528,0.0000675582341501,0.00000658142153043],"median":[0.000157738584676,0.00362977548502,0.00168935628608,0.00131598697044,0.00175396841951,0.00161758961622,0.000925470609218,0.000558989471756,0.000812423881143,0.000563885318115,0.00026894651819,0.000195114247617,0.000228996024816,0.000247138465056,0.000184695134521,0.000236879510339,0.000298475817544,0.00035908879363,0.000337013159879,0.000213813167647,0.000174463464646,0.00012421394058,0.0000624818567303,0.0000401920151489,0.0000273188525171,0.0000124270400192,4.19263500362e-7],"min":[7.06630912208e-24,1.11713164475e-23,2.28897189768e-23,1.71642154361e-23,5.38089217863e-23,7.91091172772e-23,1.0928303428e-22,4.64296802206e-23,8.49007825821e-23,8.632904365e-23,2.15012370089e-23,2.03921932395e-22,1.08813819814e-22,1.31399589106e-22,3.19686878961e-22,1.47804273485e-22,2.1437157522e-22,1.52603488663e-22,3.80706519536e-22,2.56467263094e-22,4.31586987693e-22,7.24417204421e-22,5.30999718597e-22,9.00880365453e-22,1.3033423056e-21,1.50319437206e-21,2.55552361149e-21],"var":[0.00000370258976545,0.0000821981593617,0.0000411248220189,0.0000175330696948,0.0000410208922403,0.00000752733240006,0.00000221271761802,0.00000485781765747,0.0000136239277708,0.00000209302629628,0.00000225686903832,4.39892801296e-7,0.00000192992001757,7.27144822577e-7,2.93842049359e-7,4.41268156237e-7,5.85452369251e-7,5.53223344468e-7,3.41760710398e-7,1.81885084771e-7,9.06799186851e-8,7.02945612829e-8,8.06439715006e-8,3.49874440531e-8,1.8276484326e-8,1.85527770924e-8,2.84131412842e-10]},"barkbands_crest":{"dmean":2.35373687744,"dmean2":3.90425753593,"dvar":4.60672521591,"dvar2":12.3347072601,"max":26.7949047089,"mean":8.36145305634,"median":7.61933994293,"min":2.55933666229,"var":12.8908815384},"barkbands_flatness_db":{"dmean":0.0209463369101,"dmean2":0.0311647970229,"dvar":0.000394910573959,"dvar2":0.000898007943761,"max":0.383013904095,"mean":0.105600312352,"median":0.0986831486225,"min":0.0218127071857,"var":0.00173048151191},"barkbands_kurtosis":{"dmean":2.15294003487,"dmean2":3.46443319321,"dvar":18.4976329803,"dvar2":39.3818893433,"max":272.105529785,"mean":3.64814901352,"median":1.17479002476,"min":-1.85114705563,"var":205.560562134},"barkbands_skewness":{"dmean":0.477380186319,"dmean2":0.749284625053,"dvar":0.277664661407,"dvar2":0.677274703979,"max":16.2397480011,"mean":1.53511786461,"median":1.34704661369,"min":-1.86052238941,"var":1.61661791801},"barkbands_spread":{"dmean":5.56020593643,"dmean2":8.44329929352,"dvar":30.8728885651,"dvar2":67.4233856201,"max":92.1916046143,"mean":26.6550788879,"median":26.0158863068,"min":1.85511815548,"var":125.968093872},"dissonance":{"dmean":0.0135594494641,"dmean2":0.0228939056396,"dvar":0.000176771733095,"dvar2":0.000491441343911,"max":0.500000119209,"mean":0.475939750671,"median":0.480233460665,"min":0.311990022659,"var":0.000334386393661},"dynamic_complexity":3.26302599907,"erbbands":{"dmean":[0.131800249219,1.16302835941,3.71205329895,5.01420927048,10.3945865631,10.7059650421,9.20751571655,11.3669595718,10.2162361145,10.2453899384,16.5393619537,28.5566768646,13.6848897934,16.7094688416,13.8304319382,8.82696628571,17.6479854584,13.1582975388,13.9197378159,11.9706535339,12.0662326813,12.9553785324,14.9073534012,16.8410549164,9.99977397919,10.0800590515,5.52668523788,5.35260295868,3.60654425621,3.83449196815,3.22838306427,1.59996461868,0.992047429085,0.56949532032,0.566403985023,0.27922269702,0.133006945252,0.02659987472,0.00110273563769,0.0000552149031137],"dmean2":[0.215370491147,2.04135346413,6.6461763382,8.47733879089,18.4790534973,17.9963645935,15.3265628815,18.5028553009,16.6019363403,15.6566371918,26.218788147,44.5293426514,21.4432125092,25.95195961,21.8217124939,14.0415649414,27.751335144,21.1268367767,22.7067661285,19.1087036133,19.0304489136,20.4416294098,23.8468704224,27.4023704529,16.7701663971,17.5288352966,8.7501335144,8.46421718597,5.34573602676,6.17025375366,5.49489402771,2.57888221741,1.53735589981,0.861455500126,0.905385971069,0.431566298008,0.201454982162,0.0396390743554,0.00179478898644,0.0000921536266105],"dvar":[0.0554815754294,6.77782535553,79.3409881592,66.5231323242,756.66784668,496.393493652,204.9480896,314.432342529,256.908508301,272.50958252,1820.78149414,5481.70507813,537.615539551,1052.89611816,1108.40637207,356.810424805,2717.61328125,845.751403809,739.707885742,664.927429199,462.388183594,513.224243164,621.031982422,752.735717773,265.755432129,417.531494141,84.5049057007,86.0106887817,34.5562057495,64.4086151123,50.5411453247,12.4352321625,5.37866687775,1.40662717819,1.60874891281,0.283789247274,0.0706506073475,0.00270737661049,0.00000772376370151,1.87952604591e-8],"dvar2":[0.140350624919,19.6846427917,228.941192627,180.13432312,2137.19824219,1345.15979004,532.689453125,817.96484375,657.010437012,618.902770996,4275.58691406,12999.1855469,1220.47143555,2362.78491211,2579.74780273,837.048522949,6125.17041016,2049.75073242,1814.43969727,1453.36657715,1082.71582031,1223.31518555,1516.24060059,1833.73291016,718.936828613,1207.35864258,209.291305542,204.030105591,68.5957641602,160.860412598,129.366241455,28.3726940155,12.3110580444,3.58814549446,4.17024230957,0.705804109573,0.171575292945,0.00627152621746,0.0000202116953005,5.16124636363e-8],"max":[2.91289401054,27.8974151611,101.118141174,93.0559158325,339.660797119,279.673461914,240.267944336,411.648712158,321.5418396,495.56539917,1751.12023926,1719.32861328,769.937866211,1034.9543457,1224.73913574,680.170349121,1796.52978516,890.819152832,647.401977539,791.534423828,693.667175293,556.22454834,543.047424316,563.838195801,184.431762695,257.661407471,169.580566406,240.380264282,174.405471802,221.422348022,140.722732544,87.4500198364,89.6024398804,30.7896442413,14.3307504654,7.17997407913,2.94490742683,0.529726326466,0.0357182025909,0.00200995407067],"mean":[0.190751925111,1.37484967709,4.31755495071,6.69516038895,10.606716156,13.1539478302,15.0146780014,19.8379440308,18.6760559082,19.822095871,29.0409126282,47.6302452087,27.5855121613,32.1090583801,24.1538562775,17.0886669159,29.0145664215,22.3561687469,22.4488792419,20.9348621368,24.3036975861,27.8639240265,33.1335678101,32.9186859131,19.0144901276,16.2003746033,11.4001731873,11.1919240952,7.88230705261,6.18925094604,4.33345365524,2.34862661362,1.47796905041,0.82605355978,0.618944466114,0.282540887594,0.128178477287,0.0249948613346,0.000907856679987,0.0000685998093104],"median":[0.0949174761772,0.719032824039,2.06858444214,4.06191682816,4.88229942322,6.35850334167,9.51347064972,12.9155302048,11.790473938,13.1737451553,15.7314138412,20.5319805145,17.3196773529,17.1747646332,11.9826107025,10.2913837433,12.2654924393,12.4824399948,11.877579689,11.3820381165,14.8665418625,16.959985733,20.4459629059,20.3262042999,13.7881145477,10.148519516,7.22197246552,7.11225700378,4.62118244171,2.76695466042,1.64987444878,0.998105466366,0.561736762524,0.322922796011,0.17261762917,0.0673752427101,0.0204211622477,0.00270951841958,0.0000840485154185,0.0000380419478461],"min":[6.11273093596e-22,1.62478214709e-21,1.86707346612e-20,4.51008952196e-20,1.30823318465e-19,1.90126455669e-19,1.97373759832e-19,8.56371040888e-19,1.5649767085e-18,1.03070095765e-18,1.17793548777e-18,1.99414675482e-18,2.85720467208e-18,1.54975823959e-18,2.45440824562e-18,8.04135856996e-18,5.08222208535e-18,5.29031756642e-18,1.47267894449e-17,1.18584074948e-17,1.00597090431e-17,1.07566202897e-17,7.82479441378e-18,1.90801847605e-17,1.42256453795e-17,1.24229913501e-17,2.07443927436e-17,1.67971646155e-17,1.98996477779e-17,2.28378627969e-17,1.39856703577e-17,1.51709308399e-17,1.81185906071e-17,1.39413831077e-17,9.62235714654e-18,3.97254647231e-18,3.11243517919e-18,1.50106945816e-18,3.2495071751e-19,3.8963909777e-20],"var":[0.0704457908869,5.14675426483,57.0910720825,67.9533309937,504.821746826,443.369476318,328.367401123,533.889160156,490.582977295,648.099304199,3490.83813477,9981.3203125,1399.09985352,2559.35546875,2580.56616211,758.797302246,4860.99462891,1329.18139648,1257.02612305,1490.99816895,1056.65368652,1229.9296875,1548.30529785,1524.82946777,381.54776001,425.427276611,163.381896973,165.160964966,92.5594024658,90.2830047607,61.6216926575,19.4280452728,8.96368598938,1.99939715862,1.52062022686,0.28551903367,0.072965323925,0.00297430926003,0.00000609502558291,1.33866828733e-8]},"erbbands_crest":{"dmean":2.0125784874,"dmean2":3.27047204971,"dvar":4.66632127762,"dvar2":11.2617769241,"max":29.9546813965,"mean":6.74460792542,"median":5.74573755264,"min":2.11596131325,"var":12.6538896561},"erbbands_flatness_db":{"dmean":0.0200031548738,"dmean2":0.0262824278325,"dvar":0.000444910430815,"dvar2":0.000831937941257,"max":0.29213476181,"mean":0.129418686032,"median":0.122398883104,"min":0.032682441175,"var":0.00156423076987},"erbbands_kurtosis":{"dmean":0.505439043045,"dmean2":0.805284380913,"dvar":0.728828012943,"dvar2":1.73692691326,"max":21.6973457336,"mean":-0.35668155551,"median":-0.725302815437,"min":-1.76300132275,"var":1.83340668678},"erbbands_skewness":{"dmean":0.277311474085,"dmean2":0.422066837549,"dvar":0.0669697150588,"dvar2":0.154168009758,"max":4.13598823547,"mean":0.125711143017,"median":0.0820389389992,"min":-2.66300106049,"var":0.333722710609},"erbbands_spread":{"dmean":8.23715591431,"dmean2":12.9556560516,"dvar":85.3372955322,"dvar2":201.922134399,"max":130.213531494,"mean":45.7148780823,"median":43.2528991699,"min":4.33468151093,"var":283.68850708},"gfcc":{"cov":[[18878.6992188,128.794769287,-277.631774902,138.691146851,-229.116378784,158.008117676,-336.559020996,-52.7151947021,-371.831817627,26.6916179657,-266.616241455,28.7940940857,-222.231796265],[128.794769287,1124.56213379,-522.152282715,23.0935268402,72.239151001,-152.643035889,158.740829468,-64.1981887817,132.839599609,-108.348182678,111.230026245,-65.9649429321,91.8489761353],[-277.631774902,-522.152282715,671.004760742,-18.9070777893,-5.36393404007,118.031455994,-79.9913635254,54.0824356079,-51.0075912476,71.9250335693,-55.8157539368,40.3189315796,-59.6113891602],[138.691146851,23.0935268402,-18.9070777893,225.270736694,-23.7698135376,21.3648471832,-16.711938858,-17.0552139282,13.6244592667,-5.8067035675,8.11910057068,-25.1287307739,22.53307724],[-229.116378784,72.239151001,-5.36393404007,-23.7698135376,209.391052246,-13.5562105179,66.3589248657,12.3228654861,23.0218105316,15.592751503,2.32708883286,26.8601455688,0.656764626503],[158.008117676,-152.643035889,118.031455994,21.3648471832,-13.5562105179,142.918197632,-9.22563362122,33.5291748047,-12.315284729,25.6931495667,-1.04731702805,-3.87435388565,-17.343170166],[-336.559020996,158.740829468,-79.9913635254,-16.711938858,66.3589248657,-9.22563362122,132.534988403,29.6082572937,34.6059951782,-13.0732183456,22.8153476715,4.52713871002,11.9468717575],[-52.7151947021,-64.1981887817,54.0824356079,-17.0552139282,12.3228654861,33.5291748047,29.6082572937,94.2326583862,22.7658500671,19.6567134857,-3.9922015667,20.0437831879,-10.4501304626],[-371.831817627,132.839599609,-51.0075912476,13.6244592667,23.0218105316,-12.315284729,34.6059951782,22.7658500671,93.1292037964,12.4072418213,29.0949382782,-13.4122123718,23.6511707306],[26.6916179657,-108.348182678,71.9250335693,-5.8067035675,15.592751503,25.6931495667,-13.0732183456,19.6567134857,12.4072418213,71.9917297363,6.70408344269,19.1360778809,-11.1253137589],[-266.616241455,111.230026245,-55.8157539368,8.11910057068,2.32708883286,-1.04731702805,22.8153476715,-3.9922015667,29.0949382782,6.70408344269,68.2670669556,8.95925807953,21.884721756],[28.7940940857,-65.9649429321,40.3189315796,-25.1287307739,26.8601455688,-3.87435388565,4.52713871002,20.0437831879,-13.4122123718,19.1360778809,8.95925807953,69.2904129028,12.6281642914],[-222.231796265,91.8489761353,-59.6113891602,22.53307724,0.656764626503,-17.343170166,11.9468717575,-10.4501304626,23.6511707306,-11.1253137589,21.884721756,12.6281642914,60.0487632751]],"icov":[[0.0000792274004198,-0.000177768582944,0.0000917628785828,-0.0000907838184503,0.0000838600099087,-0.000207040226087,0.00022108630219,-0.0000413794659835,0.000271533965133,-0.000235856961808,0.000446487101726,-0.000336258875905,0.000335726275807],[-0.000177768582944,0.00282043777406,0.000593991251662,0.00031948563992,-0.000747274258174,0.00146800396033,-0.00164586887695,0.000836104503833,-0.00230400101282,0.00273509370163,-0.00331318378448,0.00225798063911,-0.00145022885408],[0.0000917628785828,0.000593991251662,0.00269949040376,-0.000057857731008,-0.000179019407369,-0.00137865787838,0.000911968178116,-0.000200318056159,-0.000257899286225,-0.0005811136798,0.00117964297533,-0.00136561889667,0.0013712461805],[-0.0000907838184503,0.00031948563992,-0.000057857731008,0.00525380205363,-0.0000825515890028,-0.000804295763373,0.00039836220094,0.000507399556227,-0.000631787930615,0.000270246062428,-0.000781394715887,0.00255119730718,-0.00302873225883],[0.0000838600099087,-0.000747274258174,-0.000179019407369,-0.0000825515890028,0.00682601425797,-0.000343746854924,-0.00327239371836,0.00192519102711,-0.00149649148807,-0.00205770437606,0.00309970253147,-0.00418105535209,0.00207654573023],[-0.000207040226087,0.00146800396033,-0.00137865787838,-0.000804295763373,-0.000343746854924,0.0112125631422,-0.00133783067577,-0.00399933476001,0.00253265397623,-0.00130874360912,-0.00493145734072,0.00584099069238,-0.00193721544929],[0.00022108630219,-0.00164586887695,0.000911968178116,0.00039836220094,-0.00327239371836,-0.00133783067577,0.0136269209906,-0.00501319905743,0.0000968408057815,0.00206945906393,-0.000974426919129,-0.000909332360607,0.00104900891893],[-0.0000413794659835,0.000836104503833,-0.000200318056159,0.000507399556227,0.00192519102711,-0.00399933476001,-0.00501319905743,0.0187454670668,-0.00923386216164,0.000766269455198,0.00416725547984,-0.0084549644962,0.00530038401484],[0.000271533965133,-0.00230400101282,-0.000257899286225,-0.000631787930615,-0.00149649148807,0.00253265397623,0.0000968408057815,-0.00923386216164,0.0239501968026,-0.00915102101862,-0.0038017120678,0.0101590715349,-0.00824776478112],[-0.000235856961808,0.00273509370163,-0.0005811136798,0.000270246062428,-0.00205770437606,-0.00130874360912,0.00206945906393,0.000766269455198,-0.00915102101862,0.0239823777229,-0.0058363028802,-0.00502041028813,0.00486179953441],[0.000446487101726,-0.00331318378448,0.00117964297533,-0.000781394715887,0.00309970253147,-0.00493145734072,-0.000974426919129,0.00416725547984,-0.0038017120678,-0.0058363028802,0.0265578515828,-0.00955815147609,0.000392436690163],[-0.000336258875905,0.00225798063911,-0.00136561889667,0.00255119730718,-0.00418105535209,0.00584099069238,-0.000909332360607,-0.0084549644962,0.0101590715349,-0.00502041028813,-0.00955815147609,0.030097194016,-0.0143463453278],[0.000335726275807,-0.00145022885408,0.0013712461805,-0.00302873225883,0.00207654573023,-0.00193721544929,0.00104900891893,0.00530038401484,-0.00824776478112,0.00486179953441,0.000392436690163,-0.0143463453278,0.029766369611]],"mean":[9.13940620422,91.1738586426,-115.097206116,40.4912643433,-57.0103912354,8.20964717865,-31.4243221283,13.3725738525,-23.0398330688,3.60737252235,-18.4638938904,4.08017778397,-13.1909265518]},"hfc":{"dmean":8.39495658875,"dmean2":12.9760780334,"dvar":178.905456543,"dvar2":461.024078369,"max":145.346633911,"mean":22.9427089691,"median":20.1651859283,"min":1.2283501071e-16,"var":300.339141846},"melbands":{"dmean":[0.00115986412857,0.00180521293078,0.00102371000685,0.000815450970549,0.000314211793011,0.000256406172412,0.000150266787386,0.000111149958684,0.000157237649546,0.000163721182616,0.0000682559111738,0.0000706522696419,0.0000563267021789,0.0000237926960835,0.000033667540265,0.0000329998256348,0.0000265543585556,0.0000253570342466,0.0000173878670466,0.0000156254936883,0.0000157869762916,0.0000140157671922,0.0000175152308657,0.0000142957997014,0.0000152172569869,0.00000892122261575,0.00000715290889275,0.00000706600076228,0.00000392566107621,0.00000336683729074,0.00000311804865305,0.00000227770237871,0.00000199756163966,0.00000225776170737,0.00000203247213904,0.00000141934367548,8.50980711675e-7,7.83963400863e-7,5.4553248674e-7,4.63744754597e-7],"dmean2":[0.00190149003174,0.00322538823821,0.00173857680056,0.00142047274858,0.000516921107192,0.000417781440774,0.000242637121119,0.000170964209246,0.000250110955676,0.000255708117038,0.000107686675619,0.0001102709939,0.0000886260677362,0.000038468191633,0.0000534652645001,0.000051966693718,0.0000431087319157,0.0000415023896494,0.0000286547528958,0.0000246571453317,0.0000250438624789,0.0000221099544433,0.0000281152788375,0.0000229495071835,0.0000249148779403,0.0000148280751091,0.0000123396557683,0.0000124080661408,0.00000633994477539,0.0000052616760513,0.00000500481473864,0.00000341286795447,0.00000314880026053,0.00000371779128727,0.00000347500053977,0.00000241639008891,0.00000137015899782,0.00000125010478769,8.38266430492e-7,7.1802844559e-7],"dvar":[0.00000445311889052,0.0000188168651221,0.00000337027313435,0.0000041330372369,2.252286464e-7,1.50329483972e-7,5.38023705587e-8,3.95523720442e-8,1.61200816251e-7,1.79707740244e-7,1.39638460794e-8,1.87967685861e-8,1.79496666419e-8,2.85944534717e-9,7.05053793126e-9,1.06064490524e-8,3.67682417846e-9,2.97817170924e-9,1.0387344318e-9,1.37200217853e-9,8.74564864972e-10,6.04021888062e-10,1.10189479763e-9,7.32503779854e-10,6.25640372842e-10,1.93773830315e-10,1.47132347972e-10,2.21509977028e-10,4.51878777452e-11,3.01154309823e-11,2.92983658168e-11,1.30471970033e-11,1.30919233787e-11,2.38046457546e-11,1.82764064299e-11,1.1529451005e-11,3.58368543174e-12,3.44822542915e-12,1.74758916106e-12,9.05650175079e-13],"dvar2":[0.0000113273126772,0.0000546091905562,0.00000910012113309,0.0000115527736853,5.84323743169e-7,3.92720238551e-7,1.35928587497e-7,8.78056169995e-8,3.88842977372e-7,4.20931939971e-7,3.17836352792e-8,4.27425170813e-8,4.02714377401e-8,6.85991530247e-9,1.7129561769e-8,2.28574901229e-8,9.00768437617e-9,7.31765448236e-9,2.49673881569e-9,3.09678371835e-9,2.01742555994e-9,1.37974420777e-9,2.75910738701e-9,1.73677117132e-9,1.52828161237e-9,4.98812213756e-10,4.25766644163e-10,6.38472441583e-10,1.1823719781e-10,6.90185478214e-11,7.07481365159e-11,2.68916590385e-11,3.0054073813e-11,6.00166166764e-11,4.67853498998e-11,2.89724494396e-11,8.05420313776e-12,8.04872661575e-12,4.27914518056e-12,2.3644894636e-12],"max":[0.022830337286,0.0478804558516,0.0211345311254,0.0258920881897,0.00661981245503,0.00841609574854,0.00427554175258,0.00740274693817,0.0145655982196,0.0100014973432,0.00391147471964,0.00383996521123,0.00546383764595,0.00238575437106,0.00261936127208,0.00466610863805,0.00187517132144,0.00153954839334,0.000714125228114,0.00132096547168,0.00115390249994,0.000715287169442,0.00102494249586,0.000695615191944,0.000522205838934,0.000227792843361,0.000152297507157,0.000202291252208,0.000122426310554,0.000119608906971,0.000140707430546,0.000101081444882,0.0000961491750786,0.000144699704833,0.0000878373975866,0.00007745205221,0.000050958009524,0.0000773094652686,0.0000508317898493,0.0000252265326708],"mean":[0.00174811994657,0.00213738810271,0.0013203608105,0.000887530331966,0.000536397041287,0.000450810155598,0.000280891195871,0.000210234924452,0.000269773125183,0.000272570177913,0.000130152824568,0.000131891632918,0.0000917986180866,0.0000405883802159,0.0000578369654249,0.0000517172375112,0.0000422246484959,0.000038403817598,0.0000262712692347,0.0000277248691418,0.0000293086086458,0.000027303578463,0.0000333901080012,0.0000287704788207,0.0000271929548035,0.0000158077746164,0.0000114000549729,0.0000106155102912,0.00000731318095859,0.00000675000183037,0.00000622726929578,0.0000046930604185,0.000003577784355,0.00000333480056725,0.00000268221765509,0.00000181664540833,0.00000125546853269,0.0000011020420061,7.97715983936e-7,6.48267871384e-7],"median":[0.000994989764877,0.00113004096784,0.0007740824949,0.000423781370046,0.000353716954123,0.000298941740766,0.000181867610081,0.000135102542117,0.000139847688843,0.00011992380314,0.0000766235534684,0.0000670098379487,0.0000406178769481,0.0000228672288358,0.0000279928081,0.000022319427444,0.0000220662041102,0.0000185916251212,0.0000137881888804,0.0000149859542944,0.0000167213820532,0.0000160569070431,0.0000178622904059,0.0000167523976415,0.0000160531344591,0.0000109387437988,0.00000743308828532,0.00000617572186457,0.00000430377303928,0.00000423189067078,0.00000387820182368,0.00000273671844297,0.00000178318703092,0.00000137762356189,9.77453510131e-7,7.14928546586e-7,5.34751052328e-7,4.00967678615e-7,3.12187040663e-7,2.46489037181e-7],"min":[4.15986116289e-24,7.42692347426e-24,1.02013220344e-23,1.28967248523e-23,6.79947139886e-24,1.87109018808e-23,2.46813609321e-23,1.10745161147e-23,8.44878312531e-24,1.3790186347e-23,1.50012897849e-23,7.45169212897e-24,5.00628603722e-24,1.84089906129e-23,1.98845580915e-23,9.57756656118e-24,8.79195418516e-24,2.26032441391e-23,2.52364728848e-23,9.33597159806e-24,1.28682824724e-23,1.18772388837e-23,6.86099150541e-24,8.36688279727e-24,1.69677354281e-23,1.11462787912e-23,6.75676404717e-24,8.77330630222e-24,1.33119031356e-23,1.10495171126e-23,1.0137044859e-23,1.07359243924e-23,1.51707544623e-23,1.11671362736e-23,7.20739531725e-24,8.97380792306e-24,9.43649693208e-24,1.18487491721e-23,1.43774948686e-23,1.08968102074e-23],"var":[0.00000548914977117,0.0000131914330268,0.00000315862371281,0.00000292494337373,3.57826934305e-7,2.6081866622e-7,1.08858927206e-7,9.28551173729e-8,3.00231420169e-7,3.2782463677e-7,3.49697160118e-8,4.45257519743e-8,4.35740439286e-8,4.87215734424e-9,1.32667397068e-8,1.73083591903e-8,5.57655743805e-9,4.77245931663e-9,1.75846925909e-9,2.91970381205e-9,1.90821025647e-9,1.38841327324e-9,2.23565832513e-9,1.64973157357e-9,1.16521414739e-9,3.01530467262e-10,1.75402525837e-10,2.13634943069e-10,7.61296442553e-11,6.08684630476e-11,5.3486652607e-11,3.34760656695e-11,2.40932794549e-11,3.08053929587e-11,2.27355599625e-11,1.39224604068e-11,5.64474725642e-12,5.30477745064e-12,2.57665481833e-12,1.18105004943e-12]},"melbands_crest":{"dmean":3.44842433929,"dmean2":5.7198381424,"dvar":9.56047439575,"dvar2":25.0625095367,"max":39.6900596619,"mean":13.2505970001,"median":12.2405500412,"min":2.11441016197,"var":27.6434192657},"melbands_flatness_db":{"dmean":0.0245717950165,"dmean2":0.038180526346,"dvar":0.000556956219953,"dvar2":0.00136068370193,"max":0.390255123377,"mean":0.174649849534,"median":0.168321579695,"min":0.00588930398226,"var":0.00218975590542},"melbands_kurtosis":{"dmean":6.68031167984,"dmean2":11.067440033,"dvar":166.59034729,"dvar2":440.597717285,"max":350.109008789,"mean":12.6663160324,"median":7.65000295639,"min":-1.80832648277,"var":427.535583496},"melbands_skewness":{"dmean":0.733658730984,"dmean2":1.17727649212,"dvar":0.793653130531,"dvar2":2.05028867722,"max":17.9102592468,"mean":2.74265098572,"median":2.46948385239,"min":-0.765232205391,"var":2.44486951828},"melbands_spread":{"dmean":6.79467773438,"dmean2":10.6386442184,"dvar":58.9374580383,"dvar2":142.3828125,"max":182.334075928,"mean":24.8034496307,"median":23.0288486481,"min":2.07001662254,"var":168.738586426},"mfcc":{"cov":[[11457.2480469,691.329772949,-195.418380737,264.362304688,-34.7303771973,111.509727478,-10.1569242477,35.2764701843,-59.2397880554,6.2890253067,-40.2224235535,-89.5045318604,-64.1486282349],[691.329772949,1008.29205322,-368.250610352,132.935684204,-72.0662460327,-24.7018947601,-1.99184036255,65.9625701904,35.9334754944,-38.4323387146,65.1752243042,23.0441207886,-14.0628662109],[-195.418380737,-368.250610352,546.682739258,-72.8303909302,73.5914916992,22.3719615936,1.03251159191,-23.9882297516,-26.9553050995,64.3871688843,-49.0902900696,-8.65377902985,28.9525299072],[264.362304688,132.935684204,-72.8303909302,191.467712402,6.66628313065,15.361907959,-7.17362117767,4.37746286392,23.8317070007,-23.957069397,6.6573638916,5.52066326141,-5.90669870377],[-34.7303771973,-72.0662460327,73.5914916992,6.66628313065,121.579071045,33.6665306091,7.71608781815,-3.7532787323,4.84125614166,23.7360630035,-5.11164236069,4.28369045258,6.40579319],[111.509727478,-24.7018947601,22.3719615936,15.361907959,33.6665306091,83.6008758545,26.4154548645,-7.85770320892,-0.821846961975,12.4736747742,-0.34393247962,0.254963904619,2.90917158127],[-10.1569242477,-1.99184036255,1.03251159191,-7.17362117767,7.71608781815,26.4154548645,80.0950927734,34.5791091919,6.52644205093,1.1563552618,11.3956346512,8.94510746002,1.28588688374],[35.2764701843,65.9625701904,-23.9882297516,4.37746286392,-3.7532787323,-7.85770320892,34.5791091919,76.6785583496,30.3548183441,-1.31504690647,17.0921077728,10.3068656921,1.74002587795],[-59.2397880554,35.9334754944,-26.9553050995,23.8317070007,4.84125614166,-0.821846961975,6.52644205093,30.3548183441,68.3017578125,13.7883205414,14.722946167,12.368314743,3.52054929733],[6.2890253067,-38.4323387146,64.3871688843,-23.957069397,23.7360630035,12.4736747742,1.1563552618,-1.31504690647,13.7883205414,75.5751419067,14.7579469681,-3.07591986656,5.71083116531],[-40.2224235535,65.1752243042,-49.0902900696,6.6573638916,-5.11164236069,-0.34393247962,11.3956346512,17.0921077728,14.722946167,14.7579469681,63.0279350281,28.7226734161,-1.51217448711],[-89.5045318604,23.0441207886,-8.65377902985,5.52066326141,4.28369045258,0.254963904619,8.94510746002,10.3068656921,12.368314743,-3.07591986656,28.7226734161,54.0238494873,17.0526218414],[-64.1486282349,-14.0628662109,28.9525299072,-5.90669870377,6.40579319,2.90917158127,1.28588688374,1.74002587795,3.52054929733,5.71083116531,-1.51217448711,17.0526218414,43.99817276]],"icov":[[0.0000988043684629,-0.0000614198652329,0.00000612198391536,-0.0001199136168,0.000050067268603,-0.000168075566762,0.0000761609844631,-0.000156355774379,0.000202516719582,-0.000143160490552,0.000137265436933,0.0000593159165874,0.0000961841433309],[-0.0000614198652329,0.00155484175775,0.000818968750536,-0.000710681662895,0.000373751245206,0.000074911302363,0.00049469305668,-0.00119419978,0.000376317766495,-0.000212983490201,-0.000657498545479,-0.000120797041745,-0.00023175124079],[0.00000612198391536,0.000818968750536,0.00310419802554,0.000041533192416,-0.000769130536355,0.0000626177425147,0.000104958904558,-0.000833040219732,0.00147187814582,-0.00275836000219,0.00256405863911,-0.00124279223382,-0.000818650994916],[-0.0001199136168,-0.000710681662895,0.000041533192416,0.00688973115757,-0.000957957818173,-0.00169795646798,0.00108558568172,0.000982317025773,-0.00315017113462,0.00306309456937,-0.000669812085107,0.000245175062446,0.000413227506215],[0.000050067268603,0.000373751245206,-0.000769130536355,-0.000957957818173,0.01057408005,-0.00365654239431,0.000456329406006,-0.000693586131092,-0.000141365875606,-0.00261767813936,0.00166940898634,-0.00202140724286,0.000478233763715],[-0.000168075566762,0.000074911302363,0.0000626177425147,-0.00169795646798,-0.00365654239431,0.0172407887876,-0.00779060134664,0.00529119838029,-0.000406200124417,-0.00184226618148,0.00000111139206638,0.000688937667292,-0.00107478431892],[0.0000761609844631,0.00049469305668,0.000104958904558,0.00108558568172,0.000456329406006,-0.00779060134664,0.0198987461627,-0.0107830138877,0.00257977726869,0.000780240516178,-0.00120443152264,-0.00161041121464,0.000914456730243],[-0.000156355774379,-0.00119419978,-0.000833040219732,0.000982317025773,-0.000693586131092,0.00529119838029,-0.0107830138877,0.0236100647599,-0.00966928433627,0.00296164141037,-0.00345206866041,0.00194995256606,-0.00128218065947],[0.000202516719582,0.000376317766495,0.00147187814582,-0.00315017113462,-0.000141365875606,-0.000406200124417,0.00257977726869,-0.00966928433627,0.0221033245325,-0.00672969222069,0.00171652645804,-0.0042529636994,0.000190746548469],[-0.000143160490552,-0.000212983490201,-0.00275836000219,0.00306309456937,-0.00261767813936,-0.00184226618148,0.000780240516178,0.00296164141037,-0.00672969222069,0.0215693749487,-0.0108390236273,0.00826485734433,-0.00352442171425],[0.000137265436933,-0.000657498545479,0.00256405863911,-0.000669812085107,0.00166940898634,0.00000111139206638,-0.00120443152264,-0.00345206866041,0.00171652645804,-0.0108390236273,0.0304083619267,-0.0177841633558,0.00734874000773],[0.0000593159165874,-0.000120797041745,-0.00124279223382,0.000245175062446,-0.00202140724286,0.000688937667292,-0.00161041121464,0.00194995256606,-0.0042529636994,0.00826485734433,-0.0177841633558,0.0335648953915,-0.0132353203371],[0.0000961841433309,-0.00023175124079,-0.000818650994916,0.000413227506215,0.000478233763715,-0.00107478431892,0.000914456730243,-0.00128218065947,0.000190746548469,-0.00352442171425,0.00734874000773,-0.0132353203371,0.0292384307832]],"mean":[-626.82434082,116.853118896,-0.830593705177,33.7816352844,-1.50357067585,2.86706852913,-0.882171571255,7.38837957382,1.29408717155,0.628652513027,3.0332672596,-0.802229166031,-3.67630982399]},"pitch_salience":{"dmean":0.0718784183264,"dmean2":0.119148895144,"dvar":0.00427509332076,"dvar2":0.0114847291261,"max":0.850745916367,"mean":0.595272839069,"median":0.605424880981,"min":0.0135800503194,"var":0.0123078934848},"silence_rate_20dB":{"dmean":0,"dmean2":0,"dvar":0,"dvar2":0,"max":1,"mean":1,"median":1,"min":1,"var":0},"silence_rate_30dB":{"dmean":0.00286697247066,"dmean2":0.00573449302465,"dvar":0.00285845296457,"dvar2":0.00818550959229,"max":1,"mean":0.998375535011,"median":1,"min":0,"var":0.0016215700889},"silence_rate_60dB":{"dmean":0.00573394494131,"dmean2":0.0114689860493,"dvar":0.00570097751915,"dvar2":0.0134399142116,"max":1,"mean":0.0769230797887,"median":0,"min":0,"var":0.0710062608123},"spectral_centroid":{"dmean":253.957275391,"dmean2":392.935455322,"dvar":65944.0390625,"dvar2":145881.5,"max":11117.8886719,"mean":1548.1652832,"median":1531.69128418,"min":268.050689697,"var":278108.375},"spectral_complexity":{"dmean":4.7243885994,"dmean2":7.14001703262,"dvar":27.617603302,"dvar2":54.6223716736,"max":58,"mean":24.4308643341,"median":25,"min":0,"var":136.756561279},"spectral_contrast_coeffs":{"dmean":[0.055173587054,0.0452772043645,0.0381220504642,0.0282744336873,0.0210931412876,0.0212642867118],"dmean2":[0.0917101353407,0.0750390291214,0.0623994544148,0.0458943471313,0.0340314507484,0.031681086868],"dvar":[0.00248680519871,0.00129514909349,0.000942589831538,0.000533730781171,0.000306016794639,0.000520114437677],"dvar2":[0.00656177382916,0.00355466967449,0.00240553566255,0.00132867798675,0.000747630372643,0.00108126422856],"max":[-0.250925064087,-0.519145190716,-0.506996631622,-0.594800949097,-0.604864656925,-0.552745759487],"mean":[-0.666421771049,-0.754138350487,-0.77114033699,-0.802779436111,-0.792906761169,-0.73858076334],"median":[-0.670988380909,-0.755752146244,-0.774446249008,-0.808436512947,-0.796103596687,-0.741192102432],"min":[-0.973295867443,-0.94782435894,-0.969769954681,-0.954053282738,-0.959182262421,-0.959686279297],"var":[0.00641712034121,0.00373021326959,0.00331625295803,0.002405092353,0.00175963621587,0.002185117919]},"spectral_contrast_valleys":{"dmean":[0.39436340332,0.330987483263,0.318774849176,0.299312919378,0.257227122784,0.439128130674],"dmean2":[0.64744913578,0.548391461372,0.515953719616,0.47185716033,0.3951369524,0.552804589272],"dvar":[0.135491549969,0.0911283046007,0.0927399173379,0.0934817790985,0.101873226464,0.2777325809],"dvar2":[0.317204922438,0.21212080121,0.207322239876,0.187505811453,0.207439661026,0.575815081596],"max":[-4.95972490311,-4.87543773651,-5.29201364517,-5.68560361862,-5.46572685242,-7.63232374191],"mean":[-7.01423931122,-6.46648645401,-7.17213010788,-7.56305027008,-7.23010492325,-10.0916366577],"median":[-6.71063137054,-6.17968511581,-6.89099311829,-7.29583358765,-6.94654178619,-9.78895664215],"min":[-27.4463939667,-27.6110019684,-27.0599918365,-27.2940654755,-27.1927719116,-27.3156147003],"var":[1.92583537102,1.79390788078,1.79061579704,1.7428689003,1.68232405186,1.95689427853]},"spectral_decrease":{"dmean":3.37001715423e-9,"dmean2":5.56106716232e-9,"dvar":2.97991617149e-17,"dvar2":8.00327947589e-17,"max":-3.99015038565e-29,"mean":-7.56164997284e-9,"median":-6.49627862614e-9,"min":-5.04962223147e-8,"var":3.27826102785e-17},"spectral_energy":{"dmean":0.0133263384923,"dmean2":0.021939272061,"dvar":0.00046265142737,"dvar2":0.00124050059821,"max":0.195053637028,"mean":0.0306203197688,"median":0.0265731476247,"min":1.12920953813e-20,"var":0.000517579901498},"spectral_energyband_high":{"dmean":0.000569673778955,"dmean2":0.000866910384502,"dvar":0.00000108160406853,"dvar2":0.00000266846132035,"max":0.0171589162201,"mean":0.00107892695814,"median":0.00062019150937,"min":7.91826315405e-21,"var":0.00000176339187874},"spectral_energyband_low":{"dmean":0.00782787054777,"dmean2":0.0131187643856,"dvar":0.000253510894254,"dvar2":0.000698755786289,"max":0.178109943867,"mean":0.0119780572131,"median":0.00828396435827,"min":4.41702216604e-23,"var":0.000232590391533},"spectral_energyband_middle_high":{"dmean":0.001766859903,"dmean2":0.00272153853439,"dvar":0.00000653433016851,"dvar2":0.0000150096138896,"max":0.0511521473527,"mean":0.00555270165205,"median":0.00443241884932,"min":1.82452374778e-21,"var":0.000022105374228},"spectral_energyband_middle_low":{"dmean":0.00656330678612,"dmean2":0.0109241623431,"dvar":0.000144552104757,"dvar2":0.000390302826418,"max":0.141704529524,"mean":0.0132954036817,"median":0.0106545258313,"min":4.06074468712e-22,"var":0.000150574371219},"spectral_entropy":{"dmean":0.130599573255,"dmean2":0.185431584716,"dvar":0.0178651958704,"dvar2":0.0351605974138,"max":9.79529953003,"mean":7.80320167542,"median":7.82742500305,"min":6.21505403519,"var":0.0819135084748},"spectral_flux":{"dmean":0.0310991555452,"dmean2":0.0484997406602,"dvar":0.00176013773307,"dvar2":0.00328884948976,"max":0.392043590546,"mean":0.0942072570324,"median":0.0829316526651,"min":1.06264268218e-10,"var":0.00333012687042},"spectral_kurtosis":{"dmean":1.16931688786,"dmean2":1.98752808571,"dvar":1.85064768791,"dvar2":5.18118429184,"max":23.1446857452,"mean":3.56539511681,"median":3.22621130943,"min":-1.20485985279,"var":3.49216985703},"spectral_rms":{"dmean":0.00103627890348,"dmean2":0.00165081431624,"dvar":0.00000195480743059,"dvar2":0.00000503396722706,"max":0.0137947900221,"mean":0.0050576669164,"median":0.00509166205302,"min":3.31913815009e-12,"var":0.00000429339888797},"spectral_rolloff":{"dmean":504.200592041,"dmean2":822.67578125,"dvar":460652.28125,"dvar2":964936.375,"max":19013.8183594,"mean":1458.63830566,"median":1205.859375,"min":21.533203125,"var":1105409.125},"spectral_skewness":{"dmean":0.179726555943,"dmean2":0.281053721905,"dvar":0.0314479060471,"dvar2":0.0760903805494,"max":3.62253904343,"mean":1.32390296459,"median":1.29265391827,"min":-0.00870502647012,"var":0.106180921197},"spectral_spread":{"dmean":598393.5625,"dmean2":813066.375,"dvar":524023889920,"dvar2":923926790144,"max":40424376,"mean":4614996.5,"median":4538656.5,"min":2003128.25,"var":1787017297920},"spectral_strongpeak":{"dmean":0.414391160011,"dmean2":0.712219417095,"dvar":0.607011854649,"dvar2":1.5597628355,"max":11.4390478134,"mean":0.603622496128,"median":0.292421787977,"min":0,"var":0.881076514721},"zerocrossingrate":{"dmean":0.00980370212346,"dmean2":0.0113758379593,"dvar":0.000105558458017,"dvar2":0.000131695109303,"max":0.50048828125,"mean":0.0623603984714,"median":0.060546875,"min":0,"var":0.000623032508884}},"metadata":{"audio_properties":{"analysis_sample_rate":44100,"bit_rate":192000,"codec":"mp3","downmix":"mix","equal_loudness":0,"length":242.964904785,"lossless":false,"md5_encoded":"7e345b55c617e8c9e15f4783ce215f4f","replay_gain":-9.89162635803,"sample_rate":44100},"tags":{"acoustid_fingerprint":["AQADtEqUKUooKUpwHE_RiKg35DK05BWyHJeCPjX2F86Jksd3PNI-_EYydUP64xwmq8VLfHrwB3_BWBnhDy-yZFJU4hauGxWxw06N5wJ6KfiFhxmuFBUPLcf08Lh-2D7yDK4k9HiOWDf0_OjyI3Wywj964VnRF81PPMe7wXaRM7LQHw0XHnJI4xfCxEcvckDzowgfNB8OdQvCiA0qjUHz7OiT44sqlA-aDvnRpA2hLZJ0_Ao1-McznHhIBfUuNC-hWhdYKcNVXGxxBT9qBY7Ig1aGaxdSnXh43DhzPEf649OhXkd_5Lha_OgnNJEu3MSPvMJxHvqDhkQ3Cs_BeD18XBvCTBeO3riFi8aRt_jE4wN7CmKOvvjxvLi0WAcTCiV1FN6hE8-RDj8uxB-hPxYuHeHBqTR6HmGgmshLXMMpBiWD9Dn-B9IVHUc1HdoJ6-gRHj6O9DoeyrCuDswvHL2O5jj6HFp4dBElCs1J5L5w_B_KHA8dZCz04kTOHc904nD9CHOJf2iPXBuUF01HhDuF_igT4Tx-ZLEDn9B_UNWRMzrx4z66kEdJNM-RZ1Oh3-ipI59xo2pSjmBFEzm0PBqJLDx-HLdRlSum5ccTI7x0NId-45GO_AfCH66OXkfs5hh65fCOTzk87ajyB2c6JEfIHNNx6cIrE4_UHu2PZjzeHF_C4jF6eHcRicxi6B8edCyaK11wOhpO6GPgbj6i3kWzDi115IJv44U-G82PcMSdBc0XhMdU9WimG48C7TSa4yI33Melo0l79ME3NGfww3Us1MlyXDy0cJ_RE08cHHUOM4NHBjry5nDDGKWUJ_iFjwizD_1Sg9ch_UJJxsFP2Ay-XJj0QCvnDVZ81BOJhxY0SlIO8wh5_PjEGF8vhOmh6Yh8HNfBHR-HMG08Q-9x4gN1Ghe0G9-O7oePavvw41J49Icfoj-yiTmeHg0fnFnhH-FvPIXGJUg5VjmuP7AaDh_yGzrS6bgOVxl-UJ-E8NrxPtBxKqvQ_OhxvMWPC1eg9ch_VCauRPnwBxX8DD1jlMyJn8iTCdrK4znCnLiS5TjxHa-D8EhGwhIveEcfH5wT5egvOJLQ_2izirCtwdo1hGQYFjpC_3h41Dp4C-yDi0tHnOmF5zrC_BFKK4X-4tKNvDiFOwfzPnjUDn6iI3yO91CuRPhO_MW00hJ8olZ7vEVu9IfzHuwSUNKEUvYR_9B35A_-48dIlNMCa-JClE8sfONx7XiW4-h3NKeHMx8iLhcasdDkDo-MD1-DWjmujSit4x_qHk1E4lOgp_ix8Yiu4BuDXh28XviPb8FngTlyBaMXyF4QX8dcb3h4MD98TOKLB9_x6cgPHTmPdkmP-iiV4IfPaKiOCy9W3DnCQ9SOHP7RFxM5HbaOLjp-5Dna2DCFPtCnGN8RatzR2MXVCz38psGHv8jTF8cN8cdj-OgH_URp-EaPK8Z5oYfJ5fjxL_iRb7gW-DjGavCPDzlE_MJ1pLyH_rge9IZ19DOm50E6BppF3EG4cPg04cSl4h58bPFxbcE7HPkYF-JvhMtS3PtQdilS_nh_6EhtNDlefDruHD2DMIe-BI9ohNdwp0Jn5D-0VD1CKkHhEz9SWhZ0NXCjo4-MF4opIY-Pcj5co8eJiwtyfdBV5MTj