{"lowlevel":{"average_loudness":0.911508500576,"barkbands":{"dmean":[0.0033892672509,0.0123903853819,0.00226610316895,0.00150633137673,0.000994713976979,0.00108361325692,0.000773412000854,0.00040263752453,0.000501171860378,0.000759529939387,0.000597180391196,0.000824178627227,0.000725093414076,0.000593474367633,0.000448547594715,0.000366480904631,0.000277399551123,0.000265517795924,0.000232192469412,0.000182010189747,0.000202789364266,0.000105753613752,0.0000325642395183,0.00000723973653294,0.00000230307136917,0.0000118012230814,0.00025961510255],"dmean2":[0.00594175281003,0.0207192730159,0.00381076475605,0.00236935866997,0.00162341597024,0.00165887572803,0.00120816880371,0.000649143883493,0.000810608791653,0.00122822553385,0.000973068992607,0.00135031377431,0.00119169219397,0.000971798435785,0.000748136546463,0.00060704065254,0.000466951576527,0.000443894299679,0.000380748475436,0.000290075782686,0.000319827231579,0.000164151584613,0.000047289126087,0.0000113801079351,0.00000382575262847,0.0000168325641425,0.000391325331293],"dvar":[0.0000470495142508,0.000365600833902,0.0000106049155875,0.00000667398217047,0.00000483791427541,0.00000682535664964,0.00000210906341636,7.37323091471e-7,8.5928252247e-7,0.00000189471711565,0.00000173153830474,0.00000216620242099,0.00000174476031134,9.70959263213e-7,4.95526762734e-7,3.46744911894e-7,2.56555694023e-7,3.15430668252e-7,2.11418864637e-7,1.88313720173e-7,2.70612417808e-7,7.20491186712e-8,4.82915130107e-9,2.99834740369e-10,1.64175825712e-11,5.37553668245e-10,1.51603671839e-7],"dvar2":[0.000130061845994,0.000994616188109,0.0000288910378003,0.0000154404442583,0.0000123247218653,0.0000150468658831,0.00000480142580273,0.00000177422759862,0.00000204050456887,0.00000450831430499,0.00000431052603744,0.00000548052412341,0.00000442215468865,0.00000258332033809,0.00000128425983803,9.22794811231e-7,6.93707704613e-7,8.33112835608e-7,5.37463563433e-7,4.45466298515e-7,6.4311876713e-7,1.55122052092e-7,1.00903259082e-8,7.16117998234e-10,4.04495881234e-11,1.08325082238e-9,3.23401053492e-7],"max":[0.0904995128512,0.304369866848,0.0457199662924,0.0509893149137,0.0792638063431,0.0719895735383,0.0335053801537,0.0203503873199,0.0276582594961,0.0302036143839,0.037128765136,0.0595063567162,0.0350304245949,0.01813583076,0.0119391791523,0.0125507023185,0.00803192239255,0.0130046196282,0.0125558059663,0.0122268320993,0.0197853948921,0.0162708815187,0.00229644193314,0.000633694289718,0.0000641812439426,0.0005682061892,0.00981331709772],"mean":[0.00368845462799,0.0192593969405,0.00319597241469,0.00238326378167,0.00157427822705,0.00209222361445,0.00123305548914,0.000611361814663,0.000784854753874,0.00117491942365,0.000866741931532,0.00146416667849,0.00123781943694,0.00109132728539,0.000817798892967,0.000688976317178,0.000464642624138,0.000447790196631,0.000429889507359,0.000342895218637,0.000368428969523,0.000186955643585,0.000064925145125,0.0000105480603452,0.00000231830222219,0.0000243719223363,0.000992612214759],"median":[0.00165608106181,0.0117760095745,0.00194439431652,0.000895540579222,0.000830668606795,0.000500454043504,0.000406922481488,0.000236097403103,0.00041380035691,0.000525956216734,0.000423421530286,0.000804197858088,0.000618732185103,0.000608867383562,0.000481690105516,0.000398523407057,0.000270618620561,0.000237756350543,0.000212405138882,0.000112376634206,0.000125747232232,0.000056359647715,0.0000169060967892,0.00000301915883938,8.23231744107e-7,0.0000076196270129,0.000642818107735],"min":[1.39416694331e-25,2.072469535e-24,8.94236747725e-25,7.28631720234e-25,4.44050237422e-24,1.44340672396e-23,5.65268497385e-24,6.77624102292e-24,1.76692710089e-23,1.50557827185e-23,1.65868465618e-23,2.18150616542e-23,3.65072489152e-23,4.45129564802e-23,2.93824433904e-23,5.43292670611e-23,8.62935259766e-23,8.78033931274e-23,1.11437558563e-22,1.77073524802e-22,2.70170546946e-22,3.4588400299e-22,4.09492950113e-22,5.91334981315e-22,9.14103542247e-22,1.16105734477e-21,2.01393679894e-21],"var":[0.0000454877590528,0.000570026924834,0.0000162821561389,0.0000150158421093,0.00000682822246745,0.0000268218500423,0.00000546425462744,0.00000155466534579,0.00000148857895965,0.00000347569653059,0.00000230790078604,0.00000581048425374,0.00000327748534801,0.00000229581860367,0.00000101792625173,7.00730595327e-7,3.45006924363e-7,4.13106107544e-7,3.72839110696e-7,4.02189442639e-7,5.08372181685e-7,1.35011561042e-7,1.31322979158e-8,4.51771259291e-10,1.77469202528e-11,1.57955726277e-9,0.00000121113873774]},"barkbands_crest":{"dmean":3.14280509949,"dmean2":5.14016866684,"dvar":7.61269044876,"dvar2":19.5454940796,"max":24.9714164734,"mean":10.8336992264,"median":10.0082006454,"min":2.29584574699,"var":22.0733528137},"barkbands_flatness_db":{"dmean":0.0243301149458,"dmean2":0.0381295830011,"dvar":0.000504360592458,"dvar2":0.00120987917762,"max":0.442636042833,"mean":0.128445386887,"median":0.123904049397,"min":0.016436168924,"var":0.00197998061776},"barkbands_kurtosis":{"dmean":3.40310168266,"dmean2":5.5069437027,"dvar":91.3489303589,"dvar2":232.577087402,"max":625.845581055,"mean":4.87913370132,"median":2.13814687729,"min":-1.72180008888,"var":138.581085205},"barkbands_skewness":{"dmean":0.594282448292,"dmean2":0.939540565014,"dvar":0.443700015545,"dvar2":1.09124696255,"max":18.1544456482,"mean":1.72714102268,"median":1.4777084589,"min":-2.1760571003,"var":1.59493744373},"barkbands_spread":{"dmean":7.48909139633,"dmean2":11.8042640686,"dvar":57.5866546631,"dvar2":139.899612427,"max":119.393470764,"mean":32.0020675659,"median":29.4529514313,"min":0.248990625143,"var":275.383178711},"dissonance":{"dmean":0.0113954674453,"dmean2":0.019465778023,"dvar":0.000167728285305,"dvar2":0.00046643265523,"max":0.500000059605,"mean":0.481508821249,"median":0.48605543375,"min":0.28162586689,"var":0.000283743225737},"dynamic_complexity":2.85796999931,"erbbands":{"dmean":[0.481581270695,2.52109360695,3.06016159058,3.60948085785,3.92920207977,3.43607568741,6.80644655228,8.49892044067,9.91974639893,10.0839929581,8.71862220764,10.3981838226,19.7561416626,25.0676937103,23.1174888611,30.8158321381,30.8552360535,30.2908306122,22.7211704254,20.6020317078,18.271030426,14.8534269333,14.3730726242,12.9010000229,10.1250505447,8.35123538971,7.83562898636,8.07531356812,4.16290521622,1.98450088501,0.785011589527,0.264694660902,0.065589569509,0.0273844059557,0.0159609802067,0.0121242823079,0.023749595508,0.0441921688616,0.0302274283022,0.00571396853775],"dmean2":[0.833447515965,4.157579422,5.05953884125,5.78390550613,6.37956380844,5.6535577774,10.4652900696,13.2517690659,15.587975502,15.9279327393,14.0742683411,16.8078613281,32.1085319519,40.2653617859,37.1398391724,50.6794929504,50.5565299988,49.2181510925,37.6080703735,34.3221969604,30.2793598175,24.8551540375,24.0478801727,21.2471504211,16.3252677917,13.2465639114,12.3702058792,12.8999700546,6.45378255844,2.98061180115,1.12834393978,0.394442677498,0.107044272125,0.045569203794,0.0264227390289,0.0199067257345,0.0334285199642,0.0609942674637,0.0438293293118,0.00884180422872],"dvar":[0.798261404037,13.5525283813,18.2080135345,32.7944908142,83.4974060059,44.2879981995,405.927612305,410.285491943,397.01348877,398.187072754,322.207580566,347.716125488,1526.32275391,2513.9543457,1987.9552002,2687.94921875,3128.16625977,2789.39208984,1207.29577637,1125.1796875,851.187561035,782.892456055,934.340576172,592.417053223,573.980224609,383.767913818,424.19708252,415.699249268,122.338943481,17.3679618835,2.84874463081,0.418266773224,0.0256764143705,0.00236808392219,0.000790443853475,0.000511887366883,0.0025389525108,0.00720637803897,0.00315657863393,0.000065271051426],"dvar2":[2.22818136215,35.7831611633,47.4897689819,80.2787094116,212.950149536,113.044532776,897.817504883,928.318603516,950.651062012,892.772644043,772.768920898,855.332336426,3631.95214844,5980.47509766,4758.34667969,6926.16943359,7906.98974609,7392.65234375,3107.59741211,3002.59619141,2216.3918457,2105.97827148,2472.01489258,1538.55847168,1423.88037109,911.204467773,1006.88214111,1023.55413818,257.126831055,39.4074516296,5.95328760147,0.948327481747,0.0627494007349,0.00585318822414,0.00194702693261,0.00126251426991,0.00521964859217,0.0138196628541,0.00679119490087,0.000148024555529],"max":[14.5769786835,62.1157646179,76.8197860718,122.125335693,430.748168945,156.571044922,507.111083984,593.512023926,606.518127441,796.9765625,477.226806641,397.623352051,1076.64306641,1140.58007812,1263.14416504,1536.6472168,1639.95849609,961.840576172,691.71307373,635.324523926,721.149353027,417.634460449,640.471740723,488.070770264,745.643310547,463.254150391,867.906860352,649.554199219,717.985046387,121.286262512,52.193775177,28.8054504395,5.55178880692,0.728846848011,0.45659968257,0.56935352087,1.81279718876,2.34415817261,1.30378878117,0.217965826392],"mean":[0.596577823162,4.02223491669,5.1170759201,6.05577659607,6.10023880005,5.34275341034,13.7447776794,14.641503334,15.7870693207,17.0866241455,14.0809373856,16.7163619995,31.041349411,39.4037094116,41.1677360535,56.930721283,56.814868927,58.6529197693,45.4314537048,40.9095153809,36.3048591614,26.6965179443,24.5966968536,23.9210205078,19.3527145386,15.9756565094,14.5140810013,13.8419427872,7.45489597321,3.75383353233,1.58147835732,0.467364788055,0.0758029595017,0.0281518436968,0.0165413655341,0.0143918171525,0.0492963641882,0.108130499721,0.0906550139189,0.0261006150395],"median":[0.353648066521,2.21015882492,3.16966915131,3.14591050148,3.30052804947,2.60330414772,2.67195773125,4.65340042114,5.85186195374,6.1415681839,6.94625902176,9.11416053772,14.4798927307,19.0868492126,22.616027832,34.0507316589,30.4177856445,32.0059165955,28.1478843689,24.0816993713,22.1406021118,16.106595993,13.4352712631,12.4991064072,8.51405715942,5.28947639465,4.9460144043,4.5096821785,2.26757955551,1.04338896275,0.416746020317,0.126068979502,0.0239047706127,0.0102635044605,0.00636907760054,0.00602407567203,0.0151862921193,0.0341261401772,0.0328723192215,0.0206862725317],"min":[8.87394491666e-23,3.52083995321e-22,2.77634307069e-21,4.95787138733e-21,1.17380830564e-20,1.58335794772e-20,5.06634554257e-20,1.13778163344e-19,7.24362127036e-20,1.58341122978e-19,2.66377282853e-19,3.92469464256e-19,4.24380386229e-19,6.90981137094e-19,1.35285885491e-18,9.85480441124e-19,1.81214055028e-18,2.13725499785e-18,2.56342113777e-18,2.23294138995e-18,4.88373968378e-18,4.98322014656e-18,5.1345495309e-18,5.5282908112e-18,8.22294291239e-18,8.62558879198e-18,1.0468347019e-17,9.81440532371e-18,1.26308775545e-17,1.16049808618e-17,1.21546903553e-17,1.02880034475e-17,1.00146144648e-17,8.80433590491e-18,6.12298114566e-18,3.90499807631e-18,2.32439571925e-18,9.35349987281e-19,2.70965033326e-19,2.8019793285e-20],"var":[0.748627007008,27.7179641724,38.1775970459,69.5800476074,105.870635986,73.8436279297,1522.75280762,996.036071777,790.391906738,1230.93310547,579.257019043,582.95135498,2598.95385742,3962.74707031,4350.66601562,6309.98388672,6284.19628906,6580.38916016,2850.75170898,2420.19116211,1769.47717285,1090.59411621,1198.32336426,1006.2387085,1010.10186768,855.66607666,829.160095215,679.786315918,234.586517334,40.0798835754,7.74899530411,0.797557532787,0.0293507333845,0.0026201098226,0.000855769962072,0.000628388894256,0.00678569776937,0.0258733350784,0.0180737506598,0.000524929841049]},"erbbands_crest":{"dmean":2.17899131775,"dmean2":3.60460114479,"dvar":4.25861263275,"dvar2":10.7939186096,"max":30.4060173035,"mean":7.62092351913,"median":6.82053661346,"min":2.50770807266,"var":11.3335075378},"erbbands_flatness_db":{"dmean":0.0181180667132,"dmean2":0.027859935537,"dvar":0.000249297212576,"dvar2":0.000555777631234,"max":0.370429426432,"mean":0.153736278415,"median":0.143679231405,"min":0.0570817552507,"var":0.00220147892833},"erbbands_kurtosis":{"dmean":0.827921569347,"dmean2":1.29502296448,"dvar":1.35807442665,"dvar2":3.00195789337,"max":53.3049621582,"mean":0.604308784008,"median":0.161628440022,"min":-1.76327610016,"var":4.30179405212},"erbbands_skewness":{"dmean":0.312125384808,"dmean2":0.487812131643,"dvar":0.0781453922391,"dvar2":0.182197898626,"max":5.66555738449,"mean":-0.245430767536,"median":-0.238030299544,"min":-4.02546262741,"var":0.42327401042},"erbbands_spread":{"dmean":5.98591375351,"dmean2":9.29287147522,"dvar":36.4744911194,"dvar2":81.1741333008,"max":130.296890259,"mean":30.5306282043,"median":27.8068008423,"min":1.95538961887,"var":191.291885376},"gfcc":{"cov":[[17170.1484375,166.945465088,-223.521194458,995.563415527,221.340835571,352.983001709,665.356445312,-732.186157227,253.552841187,9.73831653595,-148.219894409,219.270584106,-445.674865723],[166.945465088,943.531860352,-142.472915649,-353.031066895,91.8326873779,-125.774124146,-108.244827271,23.229883194,20.6981983185,-25.2055149078,48.6735725403,-75.9944076538,109.632293701],[-223.521194458,-142.472915649,630.575073242,392.526672363,88.5737915039,329.547271729,47.5627098083,-69.6233139038,-35.9829597473,34.2782249451,-64.1389083862,5.74527788162,-93.3698501587],[995.563415527,-353.031066895,392.526672363,633.628967285,151.193130493,197.543014526,222.153823853,-191.979156494,2.38455986977,-6.61659860611,-89.0456085205,52.0352973938,-168.01159668],[221.340835571,91.8326873779,88.5737915039,151.193130493,250.299179077,122.674156189,102.231155396,-91.4851531982,5.69974994659,-26.0009460449,-18.2026367188,-17.1565952301,-25.5874233246],[352.983001709,-125.774124146,329.547271729,197.543014526,122.674156189,419.42098999,57.943561554,-48.3216552734,-30.9290447235,23.4795894623,-56.0394096375,1.19879555702,-70.6790084839],[665.356445312,-108.244827271,47.5627098083,222.153823853,102.231155396,57.943561554,306.096832275,-73.3208770752,75.4185943604,-6.61372041702,-29.6090068817,34.7798118591,-76.08984375],[-732.186157227,23.229883194,-69.6233139038,-191.979156494,-91.4851531982,-48.3216552734,-73.3208770752,265.348205566,16.0677528381,29.5000019073,20.8310985565,-46.5277481079,92.9302368164],[253.552841187,20.6981983185,-35.9829597473,2.38455986977,5.69974994659,-30.9290447235,75.4185943604,16.0677528381,138.910934448,29.5108985901,-5.70039129257,9.9791727066,-35.5288162231],[9.73831653595,-25.2055149078,34.2782249451,-6.61659860611,-26.0009460449,23.4795894623,-6.61372041702,29.5000019073,29.5108985901,87.975227356,38.3465461731,5.35300445557,13.3347549438],[-148.219894409,48.6735725403,-64.1389083862,-89.0456085205,-18.2026367188,-56.0394096375,-29.6090068817,20.8310985565,-5.70039129257,38.3465461731,87.6086425781,28.5754451752,48.3534889221],[219.270584106,-75.9944076538,5.74527788162,52.0352973938,-17.1565952301,1.19879555702,34.7798118591,-46.5277481079,9.9791727066,5.35300445557,28.5754451752,83.5814743042,3.08291220665],[-445.674865723,109.632293701,-93.3698501587,-168.01159668,-25.5874233246,-70.6790084839,-76.08984375,92.9302368164,-35.5288162231,13.3347549438,48.3534889221,3.08291220665,136.042129517]],"icov":[[0.000107349900645,-0.000225224721362,0.000466022931505,-0.000539331114851,0.000404210848501,-0.000408372172387,-0.00000211101587411,0.000172497049789,-0.000185279204743,-0.0000132346367536,-0.00010184122948,0.0000638217024971,-0.0000805370436865],[-0.000225224721362,0.00256784167141,-0.00203189998865,0.00292385253124,-0.00220339256339,0.00161963957362,-0.0000065760450525,0.000804001581855,-0.000709996034857,0.000843276560772,-0.000306032859953,0.00138862640597,-0.000907416921109],[0.000466022931505,-0.00203189998865,0.0072204102762,-0.00683578802273,0.00395494373515,-0.00538711575791,0.0014228496002,0.000297187682008,-0.00134430895559,0.0000293461089313,-0.00187632883899,0.00200792611577,-0.00151714170352],[-0.000539331114851,0.00292385253124,-0.00683578802273,0.0123697463423,-0.00817508623004,0.00658645993099,-0.00260194693692,-0.00111603818368,0.00582018494606,-0.00579142710194,0.00868729967624,-0.00801507476717,0.00683484179899],[0.000404210848501,-0.00220339256339,0.00395494373515,-0.00817508623004,0.0145860631019,-0.00784383714199,-0.00122297147755,0.00539619196206,-0.00728297047317,0.00946905836463,-0.0108398301527,0.0126835210249,-0.00924866925925],[-0.000408372172387,0.00161963957362,-0.00538711575791,0.00658645993099,-0.00784383714199,0.00949647836387,-0.000784172792919,-0.00288964668289,0.00620936369523,-0.00716326897964,0.00864174123853,-0.00768114766106,0.00621396675706],[-0.00000211101587411,-0.0000065760450525,0.0014228496002,-0.00260194693692,-0.00122297147755,-0.000784172792919,0.00632555084303,-0.000528062693775,-0.00316940131597,0.00108532549348,-0.000578255043365,-0.00114949629642,0.000320245540934],[0.000172497049789,0.000804001581855,0.000297187682008,-0.00111603818368,0.00539619196206,-0.00288964668289,-0.000528062693775,0.0101180979982,-0.00629443349317,0.00387675384991,-0.00458823284134,0.0103794168681,-0.00957877654582],[-0.000185279204743,-0.000709996034857,-0.00134430895559,0.00582018494606,-0.00728297047317,0.00620936369523,-0.00316940131597,-0.00629443349317,0.0191263202578,-0.0142541322857,0.0127932578325,-0.0136751672253,0.0127686886117],[-0.0000132346367536,0.000843276560772,0.0000293461089313,-0.00579142710194,0.00946905836463,-0.00716326897964,0.00108532549348,0.00387675384991,-0.0142541322857,0.0300994552672,-0.0230023507029,0.0161909610033,-0.0107010789216],[-0.00010184122948,-0.000306032859953,-0.00187632883899,0.00868729967624,-0.0108398301527,0.00864174123853,-0.000578255043365,-0.00458823284134,0.0127932578325,-0.0230023507029,0.0373389273882,-0.0230483096093,0.00746238511056],[0.0000638217024971,0.00138862640597,0.00200792611577,-0.00801507476717,0.0126835210249,-0.00768114766106,-0.00114949629642,0.0103794168681,-0.0136751672253,0.0161909610033,-0.0230483096093,0.0359675809741,-0.0165500789881],[-0.0000805370436865,-0.000907416921109,-0.00151714170352,0.00683484179899,-0.00924866925925,0.00621396675706,0.000320245540934,-0.00957877654582,0.0127686886117,-0.0107010789216,0.00746238511056,-0.0165500789881,0.0255353376269]],"mean":[6.92093658447,89.1206359863,-111.755912781,5.35229921341,-0.89951467514,-16.7303714752,13.5845394135,-22.1619281769,4.49420309067,-7.18356132507,-3.50934934616,1.01336228848,-7.90816497803]},"hfc":{"dmean":59.8400764465,"dmean2":90.6372451782,"dvar":7455.81787109,"dvar2":16834.0507812,"max":2033.39111328,"mean":201.882781982,"median":166.358306885,"min":1.10570589056e-16,"var":27901.8105469},"melbands":{"dmean":[0.00385014247149,0.00212325621396,0.00062290468486,0.000234734994592,0.000208280529478,0.000194180800463,0.000156532376423,0.000104317965452,0.0000738552334951,0.0000692180547048,0.000103179918369,0.00010519674106,0.0000757393427193,0.0000922218168853,0.0000853411111166,0.0000689622975187,0.0000589119445067,0.0000400875978812,0.00003546087828,0.0000271191147476,0.000022116862965,0.0000168616443261,0.0000146015281643,0.0000128627971208,0.00001115190571,0.00000870834082889,0.00000722140975995,0.00000549732703803,0.00000521995661984,0.00000505190655531,0.00000501662862007,0.00000268471080744,0.00000162797232406,9.82189703791e-7,5.30080910721e-7,2.73351645319e-7,1.26135446976e-7,4.98983254715e-8,2.91093940064e-8,2.1032331432e-8],"dmean2":[0.00655350415036,0.00345931970514,0.000993532594293,0.000385399791412,0.00032227038173,0.000301096384646,0.000245034578256,0.000165280391229,0.000119704716781,0.00011182801245,0.00016782808234,0.000169251245097,0.000122799479868,0.000149992163642,0.000141217344208,0.000112818328489,0.0000962814301602,0.0000666130290483,0.0000593997756368,0.0000451259802503,0.0000365999803762,0.0000284230391117,0.0000247199732257,0.0000214534884435,0.0000185249500646,0.0000142969456647,0.0000116559049275,0.00000885140161699,0.00000846888633532,0.00000803534294391,0.00000817286945676,0.00000424612153438,0.00000253473558587,0.00000149179015807,7.83184589181e-7,4.08333903579e-7,1.97080822772e-7,8.28591524282e-8,4.91087597254e-8,3.49237616604e-8],"dvar":[0.0000428335297329,0.00000865612673806,9.93324306364e-7,2.51386637729e-7,3.24631400872e-7,2.04427649919e-7,9.21772880247e-8,4.17402752362e-8,2.08871746565e-8,1.66151785663e-8,4.04515638763e-8,4.25729531628e-8,2.53983927223e-8,3.26808802242e-8,2.27997958291e-8,1.72885457062e-8,1.03491553105e-8,3.92676113847e-9,3.46716677591e-9,2.19645346355e-9,1.28418742307e-9,9.63145563304e-10,9.5012819834e-10,7.22462034641e-10,4.27680446613e-10,3.73129555031e-10,3.48781614701e-10,1.64083566179e-10,1.69574035369e-10,1.91464441524e-10,1.61091098794e-10,6.31667218531e-11,1.19958730449e-11,4.33114308307e-12,1.35641205299e-12,3.93321605754e-13,1.1432606977e-13,1.90414870015e-14,3.38524870062e-15,1.3953504083e-15],"dvar2":[0.000119451746286,0.0000218921504711,0.00000242878445533,6.44088629542e-7,7.31770967377e-7,4.6261752118e-7,2.1746809864e-7,9.61139505762e-8,5.07026456376e-8,3.98242470112e-8,9.6764573243e-8,1.00451799767e-7,6.18211757342e-8,8.13732725646e-8,5.88156545689e-8,4.41509371285e-8,2.75863225596e-8,1.0184121102e-8,9.05661146078e-9,5.99226179787e-9,3.32076321996e-9,2.63245270027e-9,2.54562948498e-9,1.90176741022e-9,1.12753029136e-9,9.63386037611e-10,8.3328743905e-10,3.99902860826e-10,4.17061718494e-10,4.43748648937e-10,4.09592026962e-10,1.30279634303e-10,2.88312134583e-11,9.92231817543e-12,2.96753724024e-12,8.83161274147e-13,2.76725203082e-13,4.7178369745e-14,8.7350950312e-15,3.44121492031e-15],"max":[0.110578462481,0.0513681471348,0.0249569546431,0.0205567218363,0.0149456160143,0.0132499253377,0.00816053710878,0.00744535727426,0.00341634987853,0.0035548931919,0.00518992077559,0.00502881780267,0.00530871981755,0.00849787518382,0.00499306991696,0.00460394797847,0.00188217277173,0.00130946934223,0.00113732495811,0.00128212850541,0.00102457741741,0.000480108516058,0.00045075325761,0.000836185063235,0.000383770646295,0.00058664457174,0.000620855949819,0.000307833892293,0.000332704395987,0.000752991181798,0.000454212073237,0.000581846514251,0.000100827652204,0.0000579493171244,0.0000348092435161,0.0000281933189399,0.0000135133559525,0.0000048706515372,0.00000135872039664,5.88377417898e-7],"mean":[0.00558149302378,0.00379355647601,0.00108460674528,0.000377410033252,0.000421368313255,0.000349576788722,0.000251495745033,0.000176590678166,0.000115351533168,0.000107450876385,0.000158518945682,0.000161758362083,0.000123919497128,0.00016234171926,0.000142635486554,0.00011854688637,0.000107132153062,0.000073018236435,0.0000626748660579,0.0000491086502734,0.000040670242015,0.0000279739542748,0.0000229330944421,0.0000211709739233,0.0000194051299331,0.0000151672147695,0.0000128065594254,0.00000990639910015,0.00000901609746506,0.00000871913471201,0.00000783629457146,0.00000448098626293,0.0000028098409075,0.00000177866070317,0.00000100214140275,5.05229252212e-7,1.79791072696e-7,4.94172205379e-8,2.79628320499e-8,2.09933812556e-8],"median":[0.00351817253977,0.00231856340542,0.000603673688602,0.000220765883569,0.000101270023151,0.000101973368146,0.0000869868526934,0.0000623379964964,0.0000583736073168,0.0000560464686714,0.0000716397917131,0.0000750272738514,0.0000662992970319,0.0000860471045598,0.0000798544933787,0.0000570408556086,0.0000573810757487,0.0000443981261924,0.0000349957626895,0.0000273835612461,0.0000242350488406,0.0000160473682627,0.0000121252905956,0.0000113272944873,0.00000986373015621,0.0000072918155638,0.00000438135339209,0.00000317082117363,0.00000293874245472,0.00000290693878924,0.00000247412435783,0.00000134742936098,8.00368866294e-7,4.61597721824e-7,2.57172700913e-7,1.34324409373e-7,4.33084892393e-8,1.11351550203e-8,8.44718517357e-9,7.2779284821e-9],"min":[1.38784239891e-24,1.32936867596e-24,2.11297182324e-24,1.55923505234e-24,2.5440862801e-24,2.46527237035e-24,1.08564004131e-24,2.0005208845e-24,2.7488617521e-24,2.498176942e-24,1.75743221326e-24,2.35354856414e-24,2.98532833047e-24,2.77076723615e-24,3.04034447608e-24,2.42900094036e-24,3.45250615525e-24,2.93810869441e-24,2.07086814736e-24,4.11333296341e-24,5.35459613144e-24,3.95136325348e-24,5.4637366154e-24,3.77693033012e-24,4.16349386736e-24,4.10795608748e-24,5.28720413874e-24,5.05576181548e-24,5.34314502654e-24,5.86478797759e-24,5.40279040515e-24,6.46403117588e-24,4.98734390917e-24,6.01466484426e-24,6.16773068115e-24,6.67114897313e-24,5.99424399644e-24,6.32825480346e-24,6.47009199422e-24,6.99659906161e-24],"var":[0.0000503957380715,0.0000216163352889,0.00000207987932299,3.2443634268e-7,0.00000117736931315,5.90142519741e-7,2.0431494363e-7,1.27262026695e-7,3.69635237973e-8,2.7853818807e-8,6.94318202932e-8,6.90820840532e-8,4.05758839861e-8,9.07869122102e-8,4.28403694741e-8,3.16328190308e-8,2.30387584566e-8,8.29307023054e-9,6.69682531651e-9,4.07616118636e-9,2.45852627145e-9,1.29040900188e-9,1.13911591271e-9,9.40901356827e-10,6.93994584022e-10,5.52943413279e-10,6.63976651438e-10,3.3189528903e-10,3.14409054347e-10,3.45744100017e-10,2.26496821298e-10,1.09135069037e-10,2.31568219461e-11,9.83059380427e-12,3.3219601115e-12,8.4677143769e-13,1.62074265684e-13,1.91860416443e-14,3.49497292509e-15,1.49711580532e-15]},"melbands_crest":{"dmean":4.0251955986,"dmean2":6.68039083481,"dvar":13.602514267,"dvar2":36.6226043701,"max":36.1816635132,"mean":15.9505348206,"median":15.5922317505,"min":1.62327647209,"var":33.8940200806},"melbands_flatness_db":{"dmean":0.0324747264385,"dmean2":0.0508422404528,"dvar":0.000860055210069,"dvar2":0.00206826790236,"max":0.595108687878,"mean":0.229789733887,"median":0.226491510868,"min":0.00357393594459,"var":0.00379729410633},"melbands_kurtosis":{"dmean":7.50426626205,"dmean2":12.1156158447,"dvar":262.731628418,"dvar2":644.466369629,"max":538.241516113,"mean":12.0523252487,"median":5.00587272644,"min":-1.78709161282,"var":526.596130371},"melbands_skewness":{"dmean":0.849268317223,"dmean2":1.34702479839,"dvar":0.849070608616,"dvar2":2.05405020714,"max":17.779006958,"mean":2.63132452965,"median":2.21894884109,"min":-2.700340271,"var":3.57774424553},"melbands_spread":{"dmean":7.59978532791,"dmean2":12.210278511,"dvar":68.9072723389,"dvar2":174.093460083,"max":161.210952759,"mean":24.9219417572,"median":22.1614723206,"min":0.346686929464,"var":285.266113281},"mfcc":{"cov":[[8411.36816406,92.5506286621,-113.766693115,982.336914062,-299.308013916,1273.65600586,-27.6302242279,369.60736084,-98.8300552368,164.887832642,89.3035430908,119.51473999,-31.7201328278],[92.5506286621,1222.01831055,-295.508575439,-264.588745117,94.4766998291,-244.067077637,-21.946472168,-119.23651886,55.4442405701,-55.6064491272,23.9559745789,-32.0794792175,42.747756958],[-113.766693115,-295.508575439,573.727600098,87.9912948608,126.671577454,249.961120605,63.2556381226,49.706993103,1.33706903458,18.2838497162,28.1742763519,20.8811416626,-44.1108322144],[982.336914062,-264.588745117,87.9912948608,536.413757324,-74.1903457642,347.870635986,16.2353401184,122.508522034,-39.2537727356,50.3671035767,3.07389378548,22.4542293549,-24.674156189],[-299.308013916,94.4766998291,126.671577454,-74.1903457642,255.121444702,55.7065887451,63.7278366089,-28.18034935,18.9553260803,-29.1526851654,4.29396486282,-14.5586509705,-16.9519672394],[1273.65600586,-244.067077637,249.961120605,347.870635986,55.7065887451,756.839660645,92.2273178101,177.202774048,-54.3497886658,54.6108360291,28.9576454163,38.7391052246,-46.8866653442],[-27.6302242279,-21.946472168,63.2556381226,16.2353401184,63.7278366089,92.2273178101,172.609191895,24.1747817993,37.3662948608,-13.7952613831,-2.26388335228,1.02105152607,5.54553890228],[369.60736084,-119.23651886,49.706993103,122.508522034,-28.18034935,177.202774048,24.1747817993,158.127700806,28.6267776489,43.796710968,6.99302911758,19.318359375,-18.0622901917],[-98.8300552368,55.4442405701,1.33706903458,-39.2537727356,18.9553260803,-54.3497886658,37.3662948608,28.6267776489,134.178939819,37.2962303162,25.7751960754,10.4052362442,12.5838079453],[164.887832642,-55.6064491272,18.2838497162,50.3671035767,-29.1526851654,54.6108360291,-13.7952613831,43.796710968,37.2962303162,95.0131378174,39.1874923706,22.871257782,-1.50937569141],[89.3035430908,23.9559745789,28.1742763519,3.07389378548,4.29396486282,28.9576454163,-2.26388335228,6.99302911758,25.7751960754,39.1874923706,75.4113388062,27.7655830383,5.81751012802],[119.51473999,-32.0794792175,20.8811416626,22.4542293549,-14.5586509705,38.7391052246,1.02105152607,19.318359375,10.4052362442,22.871257782,27.7655830383,58.5048065186,18.1560325623],[-31.7201328278,42.747756958,-44.1108322144,-24.674156189,-16.9519672394,-46.8866653442,5.54553890228,-18.0622901917,12.5838079453,-1.50937569141,5.81751012802,18.1560325623,63.0918388367]],"icov":[[0.0002102432627,-0.000119134885608,0.000116053925012,-0.00019555837207,0.000226099058636,-0.000363490456948,0.000119489217468,-0.0000123664476632,-0.0000514831917826,0.0000285303867713,-0.000061673221353,-0.000142842545756,0.00002540450987],[-0.000119134885608,0.00126209051814,0.000609971350059,0.000373918708647,-0.000689479114953,0.0000670463268762,0.000221795242396,0.000354172079824,-0.000551550649107,0.000674373062793,-0.000869343348313,0.000596538651735,-0.000361222220818],[0.000116053925012,0.000609971350059,0.00282340729609,-0.0000596430545556,-0.00118622684386,-0.000771991384681,-0.0000604992783337,0.000252864381764,-0.000357902026735,0.000306041358272,-0.000897290941793,-0.000742848322261,0.00115622323938],[-0.00019555837207,0.000373918708647,-0.0000596430545556,0.00331773562357,0.000689717649948,-0.000902959494852,-0.0000957405209192,-0.000626200169791,0.000429378269473,-0.000591181276832,0.00041853977018,0.000277426413959,0.0000293600623991],[0.000226099058636,-0.000689479114953,-0.00118622684386,0.000689717649948,0.0063919313252,-0.00134895835072,-0.00119937187992,0.00155993772205,-0.00129943282809,0.0014021047391,-0.000312039977871,0.000702679855749,0.00140745181125],[-0.000363490456948,0.0000670463268762,-0.000771991384681,-0.000902959494852,-0.00134895835072,0.00383069575764,-0.00153056462295,-0.00250399741344,0.00255009275861,-0.000974789727479,-0.000687834632117,-0.000505374569912,0.000457869289676],[0.000119489217468,0.000221795242396,-0.0000604992783337,-0.0000957405209192,-0.00119937187992,-0.00153056462295,0.00819620676339,-0.000211052727536,-0.00344953825697,0.00282664922997,0.000420472613769,0.000452440493973,-0.00182380340993],[-0.0000123664476632,0.000354172079824,0.000252864381764,-0.000626200169791,0.00155993772205,-0.00250399741344,-0.000211052727536,0.0118989702314,-0.00409891922027,-0.00199506012723,0.00259094010107,-0.00210062391125,0.00280446163379],[-0.0000514831917826,-0.000551550649107,-0.000357902026735,0.000429378269473,-0.00129943282809,0.00255009275861,-0.00344953825697,-0.00409891922027,0.012767479755,-0.00518951099366,-0.00194992765319,0.000364303879905,-0.00165448116604],[0.0000285303867713,0.000674373062793,0.000306041358272,-0.000591181276832,0.0014021047391,-0.000974789727479,0.00282664922997,-0.00199506012723,-0.00518951099366,0.0188393108547,-0.00743301725015,-0.00115311401896,0.000875867146533],[-0.000061673221353,-0.000869343348313,-0.000897290941793,0.00041853977018,-0.000312039977871,-0.000687834632117,0.000420472613769,0.00259094010107,-0.00194992765319,-0.00743301725015,0.0213118772954,-0.00774892559275,0.000680050521623],[-0.000142842545756,0.000596538651735,-0.000742848322261,0.000277426413959,0.000702679855749,-0.000505374569912,0.000452440493973,-0.00210062391125,0.000364303879905,-0.00115311401896,-0.00774892559275,0.0257720276713,-0.00851697847247],[0.00002540450987,-0.000361222220818,0.00115622323938,0.0000293600623991,0.00140745181125,0.000457869289676,-0.00182380340993,0.00280446163379,-0.00165448116604,0.000875867146533,0.000680050521623,-0.00851697847247,0.0213480815291]],"mean":[-647.429748535,150.631225586,-41.7220573425,39.0468063354,-5.06044530869,27.7469673157,2.16052103043,12.5023593903,1.66076040268,4.8220281601,3.32982802391,3.82610917091,2.52725529671]},"pitch_salience":{"dmean":0.0779842585325,"dmean2":0.12636873126,"dvar":0.0047413893044,"dvar2":0.0122707178816,"max":0.998333394527,"mean":0.529921352863,"median":0.5386480093,"min":0.0675568282604,"var":0.0154343321919},"silence_rate_20dB":{"dmean":0,"dmean2":0,"dvar":0,"dvar2":0,"max":1,"mean":1,"median":1,"min":1,"var":0},"silence_rate_30dB":{"dmean":0.0627131313086,"dmean2":0.12543669343,"dvar":0.0587801970541,"dvar2":0.133159324527,"max":1,"mean":0.92440122366,"median":1,"min":0,"var":0.0698836222291},"silence_rate_60dB":{"dmean":0.00815104413778,"dmean2":0.0163034442812,"dvar":0.00808460451663,"dvar2":0.0175348967314,"max":1,"mean":0.0600465722382,"median":0,"min":0,"var":0.0564409829676},"spectral_centroid":{"dmean":253.193237305,"dmean2":382.487121582,"dvar":84220.78125,"dvar2":174691.265625,"max":11801.2216797,"mean":1612.22229004,"median":1460.8347168,"min":105.646842957,"var":922218.625},"spectral_complexity":{"dmean":4.40206289291,"dmean2":6.58991861343,"dvar":20.5080623627,"dvar2":41.5799598694,"max":65,"mean":27.4362106323,"median":27,"min":0,"var":162.670410156},"spectral_contrast_coeffs":{"dmean":[0.0491514205933,0.0478604398668,0.0388388037682,0.0285928510129,0.0204575099051,0.0514190010726],"dmean2":[0.0813382938504,0.0787081122398,0.0649479553103,0.0476060882211,0.0337131284177,0.0801375880837],"dvar":[0.00153304613195,0.00139015726745,0.000941491103731,0.000513025326654,0.00028510048287,0.00195409567095],"dvar2":[0.00423086481169,0.00369768333621,0.0025539456401,0.00142027414404,0.000756432593334,0.00466924579814],"max":[-0.384818464518,-0.39447465539,-0.55806851387,-0.573309004307,-0.597049415112,-0.383344620466],"mean":[-0.705529212952,-0.769528567791,-0.79590845108,-0.799907267094,-0.79853451252,-0.669967889786],"median":[-0.707077741623,-0.780485987663,-0.800900816917,-0.803844153881,-0.800811171532,-0.663346171379],"min":[-0.980172276497,-0.985999643803,-0.991353452206,-0.977072358131,-0.984320819378,-0.965348660946],"var":[0.00524786347523,0.00583214545622,0.00276927347295,0.00181589298882,0.00128025317099,0.00968350563198]},"spectral_contrast_valleys":{"dmean":[0.367532789707,0.364863455296,0.304587811232,0.246863052249,0.254684835672,0.650355637074],"dmean2":[0.609562754631,0.594153881073,0.489577919245,0.395457804203,0.377141952515,1.03777897358],"dvar":[0.0981653779745,0.0970123931766,0.074316419661,0.060199316591,0.0990870073438,0.305700838566],"dvar2":[0.24197435379,0.222947835922,0.163561835885,0.124219998717,0.187961265445,0.772093176842],"max":[-5.01191329956,-4.90203475952,-5.14794683456,-5.38328313828,-5.14315891266,-8.98131847382],"mean":[-7.04075717926,-6.7601981163,-6.84797000885,-7.03019618988,-7.32587385178,-11.4094209671],"median":[-6.54187726974,-6.52191448212,-6.60018920898,-6.74089622498,-7.0765748024,-11.1993989944],"min":[-28.021024704,-27.9555606842,-27.6761722565,-27.6150951385,-27.4835205078,-27.4402980804],"var":[3.96308064461,3.32389235497,3.25600385666,3.34172821045,3.31527280807,2.56982016563]},"spectral_decrease":{"dmean":4.45768755242e-9,"dmean2":7.28957827434e-9,"dvar":4.00832170294e-17,"dvar2":1.07794451806e-16,"max":1.67706097898e-8,"mean":-9.14248055039e-9,"median":-7.41806527316e-9,"min":-1.0158452568e-7,"var":6.79403935853e-17},"spectral_energy":{"dmean":0.0175542961806,"dmean2":0.0286843050271,"dvar":0.000604472937994,"dvar2":0.00162132456899,"max":0.422922372818,"mean":0.0528172105551,"median":0.0483162626624,"min":1.01014666326e-20,"var":0.00140645238571},"spectral_energyband_high":{"dmean":0.000554419821128,"dmean2":0.000805660791229,"dvar":0.00000121308096368,"dvar2":0.00000271063754553,"max":0.0323350504041,"mean":0.00153625407256,"median":0.000658723991364,"min":7.25787494941e-21,"var":0.00000418147601522},"spectral_energyband_low":{"dmean":0.0148290256038,"dmean2":0.0248440876603,"dvar":0.000521621899679,"dvar2":0.00142676301766,"max":0.378095388412,"mean":0.0263479575515,"median":0.0188936293125,"min":1.7541584405e-23,"var":0.00083046592772},"spectral_energyband_middle_high":{"dmean":0.0028363741003,"dmean2":0.00446398695931,"dvar":0.0000148712451846,"dvar2":0.0000360408594133,"max":0.0800028294325,"mean":0.00872818659991,"median":0.00678889732808,"min":1.23968231602e-21,"var":0.000055375854572},"spectral_energyband_middle_low":{"dmean":0.00347985327244,"dmean2":0.00528795272112,"dvar":0.0000252317713603,"dvar2":0.0000578480940021,"max":0.141093060374,"mean":0.00898340903223,"median":0.00666275713593,"min":1.70776016641e-22,"var":0.000075124000432},"spectral_entropy":{"dmean":0.111250817776,"dmean2":0.165802493691,"dvar":0.0142682613805,"dvar2":0.0276760105044,"max":9.82196331024,"mean":7.67647838593,"median":7.71583461761,"min":5.77818489075,"var":0.119111701846},"spectral_flux":{"dmean":0.0274381358176,"dmean2":0.0439397618175,"dvar":0.000977594172582,"dvar2":0.00221716915257,"max":0.472481667995,"mean":0.117227829993,"median":0.114235349,"min":6.45786549236e-11,"var":0.00321507523768},"spectral_kurtosis":{"dmean":3.14024066925,"dmean2":4.79084730148,"dvar":15.6342897415,"dvar2":34.6897468567,"max":102.740684509,"mean":16.8664016724,"median":15.2573013306,"min":-1.27304196358,"var":68.942489624},"spectral_rms":{"dmean":0.00108080822974,"dmean2":0.00172922713682,"dvar":0.00000144079547226,"dvar2":0.00000377620767722,"max":0.0203127358109,"mean":0.00663459533826,"median":0.00686569837853,"min":3.13928180326e-12,"var":0.00000751113066144},"spectral_rolloff":{"dmean":5149.72900391,"dmean2":9755.67675781,"dvar":58369536,"dvar2":131535344,"max":22006.9335938,"mean":11278.4394531,"median":5490.96679688,"min":64.599609375,"var":89260088},"spectral_skewness":{"dmean":0.266029477119,"dmean2":0.394054412842,"dvar":0.096121430397,"dvar2":0.190824836493,"max":7.98314619064,"mean":2.46487593651,"median":2.37904930115,"min":-0.101042993367,"var":0.55795276165},"spectral_spread":{"dmean":349357.0625,"dmean2":544430.75,"dvar":296680980480,"dvar2":638687707136,"max":43350160,"mean":3794952.25,"median":3582999.75,"min":1468044.375,"var":8777993027580},"spectral_strongpeak":{"dmean":6.44959402084,"dmean2":11.997303009,"dvar":501.414794922,"dvar2":1305.31494141,"max":233.676727295,"mean":5.91166162491,"median":0.357727080584,"min":0,"var":520.856079102},"zerocrossingrate":{"dmean":0.039260931313,"dmean2":0.0488728843629,"dvar":0.0012717837235,"dvar2":0.00196620542556,"max":0.8486328125,"mean":0.25608804822,"median":0.24609375,"min":0.01611328125,"var":0.00929439347237}},"metadata":{"audio_properties":{"analysis_sample_rate":44100,"bit_rate":160000,"codec":"mp3","downmix":"mix","equal_loudness":0,"length":279.170623779,"lossless":false,"md5_encoded":"9772fc2d2524a11c112c0632168e6913","replay_gain":-0.017765045166,"sample_rate":44100},"tags":{"acoustid_id":["1018d041-b244-4eda-8233-e7286a4b35af"],"album":["Reload"],"albumartist":["Metallica"],"artist":["Metallica"],"date":["1997"],"discnumber":["1/1"],"file_name":"02 - Metallica - The Memory Remains.mp3","musicbrainz_albumartistid":["65f4f0c5-ef9e-490c-aee3-909e7ae6b2ab"],"musicbrainz_albumid":["9e375d51-cc73-4164-964b-09c34172981a"],"musicbrainz_artistid":["65f4f0c5-ef9e-490c-aee3-909e7ae6b2ab"],"musicbrainz_recordingid":["7868cfb0-e52e-4959-b144-c380467a7959"],"musicbrainz_releasegroupid":["8fd32554-02a7-3788-a761-7012e0e75e55"],"replaygain_album_gain":["+0.37 dB"],"replaygain_album_peak":["0.373717"],"replaygain_track_gain":["-0.30 dB"],"replaygain_track_peak":["0.364747"],"title":["The Memory Remains"],"tracknumber":["2/13"]},"version":{"essentia":"2.1-beta1","essentia_build_sha":"e76a03f03bb3900de42a1fa0d9be1e72f12def64","essentia_git_sha":"v2.1_beta1-28-g21ef5f4-dirty","extractor":"music 1.0"}},"rhythm":{"beats_count":659,"beats_loudness":{"dmean":0.0242437440902,"dmean2":0.0419132709503,"dvar":0.000577367551159,"dvar2":0.00162367161829,"max":0.232772693038,"mean":0.0588543973863,"median":0.0566595420241,"min":0,"var":0.00121917016804},"beats_loudness_band_ratio":{"dmean":[0.179404065013,0.0805939808488,0.0872803404927,0.0880085006356,0.045252725482,0.0988971069455],"dmean2":[0.312383592129,0.143651366234,0.15628105402,0.154921084642,0.0769777595997,0.174720495939],"dvar":[0.0229386091232,0.0077129281126,0.0114479428157,0.00792448688298,0.00182982056867,0.00837950129062],"dvar2":[0.0621318854392,0.0210369639099,0.0342105850577,0.0233870185912,0.00499207200482,0.0229712631553],"max":[0.914745509624,0.946388304234,0.876015722752,0.7408538