{"lowlevel":{"average_loudness":0.878562748432,"barkbands":{"dmean":[0.0000955707073445,0.00162060733419,0.000962245103437,0.000551242963411,0.0012548599625,0.000570000789594,0.000682240177412,0.000705820624717,0.00098846340552,0.00167600845452,0.000449410144938,0.000534964434337,0.000515207997523,0.000647949345876,0.00055601488566,0.000262850546278,0.000343394727679,0.000342807848938,0.000292208394967,0.000247386575211,0.000140252552228,0.000160868279636,0.0000910407761694,0.0000572300377826,0.0000391691319237,0.0000215213731281,0.00000725084464648],"dmean2":[0.00013554180623,0.00267460965551,0.00164674897678,0.000944959698245,0.00218615937047,0.00095240783412,0.00111373397522,0.00116252712905,0.00158960092813,0.00265474477783,0.000698894960806,0.000854161917232,0.000847699586302,0.00106603722088,0.000916239223443,0.000426898477599,0.000571198470425,0.000560529006179,0.000474703439977,0.000403077632654,0.000228361896006,0.000246775860433,0.000129664244014,0.0000764202704886,0.0000589340888837,0.0000326190638589,0.0000112033676487],"dvar":[7.78032855919e-8,0.0000172690015461,0.00000533916045242,0.00000115454167826,0.0000138714149216,0.00000107221228518,0.00000185959356713,0.0000025803394692,0.00000454364817415,0.0000150598143591,0.00000321313632412,0.00000170865018845,0.00000202479736799,0.00000207516131923,0.00000102952378711,3.97814034159e-7,3.08803635107e-7,2.46199078902e-7,2.07776380989e-7,1.76734744173e-7,6.3351585311e-8,1.38086349466e-7,7.59767644354e-8,2.41494078068e-8,1.16394556215e-8,2.9377020816e-9,4.39014963272e-10],"dvar2":[2.03339993732e-7,0.0000438728529844,0.0000150326332005,0.00000315811098517,0.0000378900986107,0.00000275808451988,0.00000476171271657,0.00000637661150904,0.0000112340576379,0.0000357369717676,0.00000660672458253,0.00000380068559025,0.00000537400455869,0.00000533610136699,0.000002642666459,9.10478661353e-7,7.53119024921e-7,6.12948781509e-7,5.17699504599e-7,4.47103104761e-7,1.57168784654e-7,3.11144617626e-7,1.37200999006e-7,4.91331135777e-8,2.78073599702e-8,7.11409819942e-9,1.08626130313e-9],"max":[0.0192147102207,0.054825514555,0.0309417396784,0.0200275070965,0.0452256165445,0.0317101031542,0.0493182018399,0.0355677381158,0.0668778568506,0.07505877316,0.0749762579799,0.0447385460138,0.0450642220676,0.0396056994796,0.0239275563508,0.0191245991737,0.01488961,0.0137722110376,0.0109157925472,0.00907833687961,0.00692082522437,0.00769675662741,0.0211785528809,0.00808268319815,0.00276095489971,0.000808899989352,0.000340499798767],"mean":[0.000182995237992,0.00273758592084,0.00113810563926,0.000666624866426,0.00141102820635,0.000912630930543,0.00100808602292,0.00106922374107,0.00168046553154,0.00297902338207,0.000833490455989,0.0009050523513,0.000797309796326,0.0010559608927,0.000958717602771,0.000474614964332,0.000690691405907,0.000766451470554,0.000692964298651,0.000560548796784,0.000367697444744,0.000358063378371,0.000211724400287,0.000129093750729,0.0000702336255927,0.0000344568252331,0.00000910927519726],"median":[0.000109926208097,0.00204886938445,0.000545560324099,0.000317445956171,0.000478987058159,0.000512365833856,0.000548018957488,0.000463883858174,0.000810860132333,0.000898718135431,0.000197929854039,0.00036899355473,0.000352660630597,0.00050380214816,0.000512171827722,0.000260693341261,0.000515065039508,0.000585641188081,0.000443976110546,0.000341317499988,0.000249637349043,0.000205988602829,0.000107320200186,0.0000634644602542,0.0000302636417473,0.0000135743021019,0.00000207243579098],"min":[3.13904004722e-23,3.37891876455e-23,1.1588694075e-23,7.91288545771e-24,4.00558355677e-23,2.76835209905e-23,3.45319632966e-23,6.11405382414e-23,5.25057866797e-23,3.30399812002e-23,7.92793787041e-23,8.56322585896e-23,1.04501281328e-22,1.09340198297e-22,1.58349122356e-22,2.63483682286e-22,1.24092301121e-22,1.54547052606e-22,2.46162795919e-22,4.4924616286e-22,5.70647993911e-22,4.53658785707e-22,6.56426078172e-22,5.81757578837e-22,1.40926767019e-21,1.84568915092e-21,2.27813416684e-21],"var":[7.86060780911e-8,0.0000171212523128,0.00000437021844846,0.00000111579549866,0.0000111932895379,0.00000158679642936,0.00000238839015765,0.00000500631904288,0.00000908944457478,0.0000361499514838,0.0000144937948789,0.00000392288393414,0.0000030066621548,0.00000332451872964,0.00000193524533643,7.3102864917e-7,5.80546100082e-7,5.26888300101e-7,7.07175956904e-7,4.4000142907e-7,1.43376709616e-7,2.44148424144e-7,1.50610688365e-7,4.99628924899e-8,1.55200563512e-8,3.67038177629e-9,4.5552792094e-10]},"barkbands_crest":{"dmean":2.41902518272,"dmean2":3.99027490616,"dvar":5.63211297989,"dvar2":14.6940937042,"max":24.2476615906,"mean":7.75061511993,"median":6.64173746109,"min":2.17976975441,"var":14.6224718094},"barkbands_flatness_db":{"dmean":0.0141686741263,"dmean2":0.0221687238663,"dvar":0.000187619880307,"dvar2":0.000437308946857,"max":0.228718027472,"mean":0.0777381435037,"median":0.0741033777595,"min":0.0139408754185,"var":0.000767313351389},"barkbands_kurtosis":{"dmean":0.738811612129,"dmean2":1.1966766119,"dvar":1.20900988579,"dvar2":3.00885033607,"max":20.1454372406,"mean":-0.00226595927961,"median":-0.447849273682,"min":-1.76824891567,"var":2.65180158615},"barkbands_skewness":{"dmean":0.323566019535,"dmean2":0.509834170341,"dvar":0.101343080401,"dvar2":0.247628644109,"max":3.95453214645,"mean":0.510574877262,"median":0.486521750689,"min":-1.87119626999,"var":0.345324903727},"barkbands_spread":{"dmean":5.51645565033,"dmean2":8.43163585663,"dvar":26.5837993622,"dvar2":58.8320083618,"max":82.3626327515,"mean":32.1494522095,"median":31.8569374084,"min":3.31366276741,"var":137.910568237},"dissonance":{"dmean":0.0140352090821,"dmean2":0.0240195728838,"dvar":0.000189481579582,"dvar2":0.000533802551217,"max":0.500000119209,"mean":0.478190243244,"median":0.482937276363,"min":0.342203885317,"var":0.000328570749843},"dynamic_complexity":3.36040067673,"erbbands":{"dmean":[0.0496517457068,0.384366750717,1.02305817604,1.44604432583,4.38944625854,3.30613398552,4.10150289536,5.10890007019,9.83992862701,10.4541530609,14.9183568954,21.5132751465,43.9425125122,37.7538337708,18.2888851166,23.5055408478,22.9983291626,31.5015354156,34.6700630188,15.7392864227,13.6887741089,17.3520545959,17.7532234192,15.6042060852,14.4442873001,10.8551921844,6.16609859467,5.84539461136,5.89916086197,3.96195697784,2.5499329567,1.45325922966,0.879639387131,0.501747786999,0.254157781601,0.107350550592,0.0381659269333,0.00987797044218,0.00133338966407,0.0000498414556205],"dmean2":[0.0794305130839,0.640339136124,1.72659897804,2.45083975792,7.61279153824,5.81359577179,6.85258579254,8.54442024231,16.0384731293,17.7720813751,24.1028308868,34.7563323975,69.1620483398,58.7465286255,28.3230361938,37.6479911804,37.3369483948,51.587097168,57.272480011,25.1362876892,22.2754402161,28.7607460022,28.7818717957,25.1193714142,23.7257957458,17.6158866882,10.1582746506,9.27258968353,9.16477108002,6.0551981926,3.73583388329,2.0572886467,1.17324566841,0.745960474014,0.387720555067,0.166269287467,0.058091904968,0.0151402754709,0.00207218481228,0.0000762486670283],"dvar":[0.0156480185688,0.960159122944,6.0226893425,8.04001617432,169.477523804,90.3300247192,51.8481330872,101.694770813,369.593414307,618.876159668,1379.83410645,2190.72998047,10108.7041016,11379.7841797,5138.93310547,2660.71411133,3977.9206543,5191.95605469,4576.54394531,1083.01745605,826.906677246,727.304870605,659.762145996,651.044555664,484.917694092,330.23449707,121.896980286,107.319747925,196.039108276,92.210723877,63.2315788269,20.0940895081,4.42186498642,1.91354906559,0.470644801855,0.080215215683,0.00912640430033,0.000745309400372,0.0000156436599354,1.4833017481e-8],"dvar2":[0.0399225875735,2.50179505348,16.701669693,21.8009033203,451.709655762,253.563400269,144.619171143,260.276824951,975.26953125,1670.79431152,3206.64233398,5531.15283203,23828.5410156,26241.9433594,11281.515625,6482.45263672,10440.3867188,13574.8271484,11902.34375,2488.65429688,2035.83154297,1760.99230957,1636.4119873,1508.27636719,1198.21020508,819.202697754,312.272460938,240.524169922,454.297058105,197.187911987,115.040885925,39.031036377,8.59876918793,4.54815626144,1.12356090546,0.2026001513,0.021677294746,0.00177583703771,0.0000393065602111,3.61954697325e-8],"max":[1.80085492134,13.1044254303,33.9885635376,46.545211792,150.938064575,132.131652832,187.768997192,295.133666992,502.891143799,909.771728516,1006.56103516,1256.75878906,2187.72631836,3330.93261719,3435.29711914,1605.46508789,1922.03308105,2299.29248047,1659.11865234,863.409057617,942.65814209,828.907226562,813.950805664,621.068664551,501.666015625,361.393981934,210.01625061,300.843597412,276.111053467,370.251495361,589.919372559,251.149978638,87.6264648438,37.8209686279,19.2836208344,4.41870260239,1.49036753178,0.376804113388,0.0582131966949,0.00187300273683],"mean":[0.0765635073185,0.619962692261,1.35359442234,1.91468715668,4.10250902176,3.78026866913,6.06339836121,7.88433599472,14.9648485184,14.9891738892,25.3161849976,38.1331977844,80.1515655518,69.6636810303,38.5837249756,42.5327911377,38.8778762817,53.8367576599,61.0479202271,31.5581150055,28.610622406,37.7428970337,41.8516349792,37.6124038696,35.3371734619,25.7881240845,15.3972854614,15.4302091599,13.1686639786,8.6857509613,5.7592048645,3.22769904137,1.90747213364,0.940714836121,0.435062229633,0.172469839454,0.0593176521361,0.0136863272637,0.00166653923225,0.0000862790038809],"median":[0.0452553406358,0.445388525724,0.727187812328,1.0419614315,1.09317433834,1.41498780251,2.98529839516,4.17147636414,8.25259017944,8.42616176605,11.4534740448,20.806968689,34.0070037842,18.9136962891,12.4923400879,19.2046775818,19.6142578125,27.9966487885,33.2311515808,18.3203754425,17.8515720367,29.2347335815,33.4142990112,24.2535057068,23.376991272,16.3656234741,10.2732419968,10.3567800522,7.55441856384,4.68707418442,2.82218265533,1.61677908897,0.897433876991,0.408196181059,0.189338922501,0.0759525969625,0.0212336909026,0.00369618250988,0.000403348123655,0.0000455927547591],"min":[1.30693476554e-21,6.29690393123e-21,1.89681384032e-20,2.05226256473e-20,3.87485940173e-20,2.17678885445e-19,1.65153084569e-19,2.11765771912e-19,4.04800685088e-19,1.30171862034e-18,9.44205989714e-19,1.06637456913e-18,5.64473478379e-19,2.18217193909e-18,3.56215735501e-18,3.68242155786e-18,4.86354365554e-18,5.54601108787e-18,5.6575807953e-18,1.09109283514e-17,1.3976003925e-17,7.69305762943e-18,9.21596331159e-18,8.04483107417e-18,1.73859021447e-17,2.06162045641e-17,1.80194033799e-17,2.57804056248e-17,1.6218194435e-17,1.63812300794e-17,1.85955346765e-17,1.13523731376e-17,1.23569260889e-17,1.19278360724e-17,1.25073803162e-17,6.69135017943e-18,3.18613345625e-18,1.3535249421e-18,2.89023911212e-19,3.71665755529e-20],"var":[0.0152690699324,0.921274125576,5.14658117294,8.14332008362,129.845031738,70.6386947632,79.6663589478,143.413192749,484.043334961,642.004150391,3166.97167969,4392.07958984,23269.7519531,30982.109375,25723.078125,6214.63037109,5810.10009766,7961.46533203,7733.54492188,2307.11767578,1755.39416504,1450.27258301,1399.0645752,1978.74853516,1604.12927246,860.560424805,258.862487793,265.08706665,333.544311523,169.492736816,123.079963684,39.5857887268,9.6930398941,2.68437409401,0.622393727303,0.0898546129465,0.0117820622399,0.000887892674655,0.0000153742494149,1.65824154408e-8]},"erbbands_crest":{"dmean":2.63706016541,"dmean2":4.27379703522,"dvar":6.95141935349,"dvar2":16.9510040283,"max":32.4375648499,"mean":8.96361923218,"median":7.37228631973,"min":2.15749382973,"var":26.7646217346},"erbbands_flatness_db":{"dmean":0.0154557395726,"dmean2":0.022542225197,"dvar":0.00023099592363,"dvar2":0.000445298792329,"max":0.335184961557,"mean":0.149873867631,"median":0.146840557456,"min":0.051419954747,"var":0.00140895461664},"erbbands_kurtosis":{"dmean":0.619704604149,"dmean2":0.990674555302,"dvar":0.807237625122,"dvar2":1.91693520546,"max":25.8968601227,"mean":0.0564059577882,"median":-0.348530292511,"min":-1.56771028042,"var":2.41513156891},"erbbands_skewness":{"dmean":0.294293731451,"dmean2":0.462102741003,"dvar":0.0724398344755,"dvar2":0.172896042466,"max":3.79817199707,"mean":0.168482199311,"median":0.0761369615793,"min":-2.54269957542,"var":0.408585608006},"erbbands_spread":{"dmean":5.5566906929,"dmean2":8.58144187927,"dvar":29.8168354034,"dvar2":64.0833892822,"max":86.0185012817,"mean":33.1831741333,"median":31.4877262115,"min":2.83854842186,"var":158.140991211},"gfcc":{"cov":[[10857.0517578,164.71647644,-77.8086547852,189.60546875,-188.672851562,54.5077857971,-151.230072021,20.6231212616,-113.392959595,-36.2653198242,-54.7392234802,21.8129940033,-68.7180175781],[164.71647644,649.751586914,-166.69392395,198.082260132,42.8339767456,-16.4319248199,84.3424606323,1.01633954048,44.473941803,-17.6791706085,39.3376464844,-49.9206352234,32.7021789551],[-77.8086547852,-166.69392395,598.685668945,17.6475429535,69.7774124146,38.8749008179,-36.2151374817,37.9429779053,19.7162208557,19.3410358429,-41.1680793762,33.686504364,-38.7983665466],[189.60546875,198.082260132,17.6475429535,288.471984863,18.0107936859,39.2093086243,-4.96014165878,7.64028120041,16.2936553955,2.48523807526,15.3919372559,-47.3834724426,13.330447197],[-188.672851562,42.8339767456,69.7774124146,18.0107936859,238.467132568,46.6176605225,95.1319656372,55.949672699,28.2604808807,35.3061676025,-0.246619403362,7.5432934761,-1.61164355278],[54.5077857971,-16.4319248199,38.8749008179,39.2093086243,46.6176605225,161.238494873,55.8548545837,42.9158935547,3.89068245888,0.0537787638605,9.81666469574,2.6844265461,-7.05146837234],[-151.230072021,84.3424606323,-36.2151374817,-4.96014165878,95.1319656372,55.8548545837,170.819351196,71.6764373779,14.0557060242,3.49899554253,9.71969413757,-2.06728172302,3.73070311546],[20.6231212616,1.01633954048,37.9429779053,7.64028120041,55.949672699,42.9158935547,71.6764373779,127.775939941,56.3319625854,20.4010848999,-9.57448863983,-2.87504172325,2.74705910683],[-113.392959595,44.473941803,19.7162208557,16.2936553955,28.2604808807,3.89068245888,14.0557060242,56.3319625854,96.516998291,33.2784347534,-2.9750649929,-5.36808872223,-0.072699546814],[-36.2653198242,-17.6791706085,19.3410358429,2.48523807526,35.3061676025,0.0537787638605,3.49899554253,20.4010848999,33.2784347534,81.680305481,39.3787727356,6.05710458755,-12.1829204559],[-54.7392234802,39.3376464844,-41.1680793762,15.3919372559,-0.246619403362,9.81666469574,9.71969413757,-9.57448863983,-2.9750649929,39.3787727356,80.447013855,22.6484222412,-2.68007206917],[21.8129940033,-49.9206352234,33.686504364,-47.3834724426,7.5432934761,2.6844265461,-2.06728172302,-2.87504172325,-5.36808872223,6.05710458755,22.6484222412,63.8902816772,16.7960472107],[-68.7180175781,32.7021789551,-38.7983665466,13.330447197,-1.61164355278,-7.05146837234,3.73070311546,2.74705910683,-0.072699546814,-12.1829204559,-2.68007206917,16.7960472107,63.1773109436]],"icov":[[0.00010959127394,-0.000110964792839,0.0000782083443482,-0.000117388852232,0.000108348758658,-0.0000744043718441,0.00017583394947,-0.000255880790064,0.000349975482095,-0.000241435118369,0.000418767565861,-0.000452537817182,0.000336560915457],[-0.000110964792839,0.00312376278453,0.000277636747342,-0.00162875885144,-0.000590945186559,0.00128481909633,-0.00199998845346,0.00160226959269,-0.00282080261968,0.00280128745362,-0.00295246322639,0.00199809577316,-0.00116621027701],[0.0000782083443482,0.000277636747342,0.00255100382492,-0.00113909726497,-0.000536394829396,-0.000288409297355,0.000906839035451,-0.000815524661448,0.000368052074919,-0.000943118298892,0.00280625000596,-0.00347523833625,0.00254587363452],[-0.000117388852232,-0.00162875885144,-0.00113909726497,0.00647426070645,-0.000665535393637,-0.00191560271196,0.0021587649826,-0.000428752508014,-0.0000103890297396,0.000638777739368,-0.00342267425731,0.00643055606633,-0.00342145795003],[0.000108348758658,-0.000590945186559,-0.000536394829396,-0.000665535393637,0.00682465452701,-0.00075262808241,-0.00355996005237,0.0000998904142762,0.000668409862556,-0.00458505796269,0.00378009071574,-0.00257273740135,0.000491660728585],[-0.0000744043718441,0.00128481909633,-0.000288409297355,-0.00191560271196,-0.00075262808241,0.00859671737999,-0.00248504639603,-0.00153362285346,-0.000195616637939,0.00270543200895,-0.00260064471513,-0.00030866076122,0.00112805317622],[0.00017583394947,-0.00199998845346,0.000906839035451,0.0021587649826,-0.00355996005237,-0.00248504639603,0.0128164645284,-0.00711053563282,0.00342361652292,0.00164443091489,-0.00182544218842,0.000752393563744,0.000555655977223],[-0.000255880790064,0.00160226959269,-0.000815524661448,-0.000428752508014,0.0000998904142762,-0.00153362285346,-0.00711053563282,0.0169780477881,-0.00918372534215,-0.000960257602856,0.00138734607026,0.00153593171854,-0.00255025713705],[0.000349975482095,-0.00282080261968,0.000368052074919,-0.0000103890297396,0.000668409862556,-0.000195616637939,0.00342361652292,-0.00918372534215,0.0200209394097,-0.00960818491876,0.00668886816129,-0.00307983998209,0.00153414986562],[-0.000241435118369,0.00280128745362,-0.000943118298892,0.000638777739368,-0.00458505796269,0.00270543200895,0.00164443091489,-0.000960257602856,-0.00960818491876,0.0274850446731,-0.0184790082276,0.0067056431435,0.000425488542533],[0.000418767565861,-0.00295246322639,0.00280625000596,-0.00342267425731,0.00378009071574,-0.00260064471513,-0.00182544218842,0.00138734607026,0.00668886816129,-0.0184790082276,0.0313677489758,-0.0173615776002,0.00667355256155],[-0.000452537817182,0.00199809577316,-0.00347523833625,0.00643055606633,-0.00257273740135,-0.00030866076122,0.000752393563744,0.00153593171854,-0.00307983998209,0.0067056431435,-0.0173615776002,0.0331879481673,-0.0134990029037],[0.000336560915457,-0.00116621027701,0.00254587363452,-0.00342145795003,0.000491660728585,0.00112805317622,0.000555655977223,-0.00255025713705,0.00153414986562,0.000425488542533,0.00667355256155,-0.0134990029037,0.0232558324933]],"mean":[22.7125759125,62.9163322449,-138.208999634,31.5923347473,-57.6887130737,14.1597881317,-26.4552536011,13.5545701981,-18.1667137146,4.77874898911,-15.3490877151,0.97958946228,-12.0304555893]},"hfc":{"dmean":7.3288435936,"dmean2":11.0256595612,"dvar":121.703361511,"dvar2":275.831634521,"max":254.390655518,"mean":29.4935531616,"median":27.2362766266,"min":1.17522499474e-16,"var":373.430908203},"melbands":{"dmean":[0.000444967095973,0.000506710319314,0.000324890977936,0.000300569343381,0.000135472742841,0.000113296016934,0.000146242004121,0.000122144483612,0.000122001511045,0.000146838458022,0.000228798409807,0.000167967999005,0.0000610919378232,0.0000614338714513,0.00005800809231,0.0000476552086184,0.000066395252361,0.0000596417448833,0.0000292983459076,0.0000209506815736,0.0000172803102032,0.0000204426032724,0.0000182626463356,0.0000171595293068,0.0000139267667691,0.0000120031836559,0.0000116844439617,0.0000069701418397,0.0000045867091103,0.00000376280513592,0.00000399302871301,0.00000358666261491,0.00000335833146892,0.00000199880969376,0.00000159384489962,0.00000124283792502,8.58249393332e-7,6.75733190292e-7,5.41783094832e-7,4.22393100052e-7],"dmean2":[0.000725128455088,0.000829348340631,0.000552959158085,0.000524494156707,0.000227826225455,0.000189187572687,0.000237441607169,0.00020726636285,0.000194949971046,0.000236597828916,0.000360564939911,0.000262060930254,0.0000945759747992,0.0000963162165135,0.0000935812058742,0.0000785143056419,0.000108829968667,0.0000983634236036,0.0000474142798339,0.0000336746124958,0.0000283811805275,0.0000340001315635,0.0000298502545775,0.0000280945569102,0.00002245640826,0.0000197166536964,0.0000193167379621,0.0000113587766464,0.00000761524142945,0.00000620835544396,0.00000630719705441,0.00000563322873859,0.00000542938460057,0.00000306500760416,0.00000238830102717,0.00000185200042324,0.00000124853261241,9.30231692564e-7,7.72785710978e-7,6.61689455228e-7],"dvar":[0.00000131031447381,0.00000146660238443,4.33246214016e-7,8.66971959113e-7,5.64943185566e-8,4.6402004017e-8,7.86529312791e-8,7.89667922163e-8,8.75526566801e-8,1.04757958752e-7,2.72528836831e-7,2.26699157224e-7,6.66157475848e-8,2.29682513009e-8,2.09939816642e-8,1.99210763441e-8,2.26618528387e-8,1.50571288771e-8,3.08900416357e-9,2.79598122432e-9,1.30054800263e-9,1.14509324245e-9,7.79534825579e-10,6.97570112784e-10,5.67153546349e-10,4.12743839107e-10,4.09046657657e-10,1.34810260177e-10,7.20101200891e-11,4.42875944251e-11,4.87292046991e-11,6.33768870717e-11,7.38294633762e-11,2.23104243413e-11,2.23188897919e-11,1.75126510515e-11,6.70296023547e-12,2.8137631114e-12,1.41578838497e-12,1.64238804848e-12],"dvar2":[0.00000335583604283,0.00000389118122257,0.00000116419801088,0.00000233976288655,1.59490312512e-7,1.18289683826e-7,2.03229078011e-7,2.13166387653e-7,2.02103336733e-7,2.63435850911e-7,6.42158681785e-7,5.28324278548e-7,1.43083440207e-7,4.9063462626e-8,5.37214752683e-8,5.31817718752e-8,5.89534536743e-8,3.86571592514e-8,7.47504369514e-9,6.26032825579e-9,3.27862692551e-9,2.79498912903e-9,1.91015958606e-9,1.7620186421e-9,1.2892074075e-9,1.01428765387e-9,1.07569297914e-9,3.34901634202e-10,1.81620760098e-10,1.08935298282e-10,1.08347983363e-10,1.41082506788e-10,1.8677873137e-10,4.39690436838e-11,4.20198320583e-11,3.43091492716e-11,1.43988978726e-11,5.7946716002e-12,2.90576135202e-12,4.14820868627e-12],"max":[0.0141298994422,0.0181386694312,0.00775915617123,0.00974886864424,0.00513077154756,0.00599247496575,0.00708905979991,0.0080475024879,0.00810027867556,0.00773117318749,0.0110297584906,0.0134924696758,0.0117566129193,0.00668812263757,0.00498364679515,0.00590142980218,0.0044301780872,0.00346873211674,0.00163833459374,0.00172190892044,0.00115722336341,0.00119142909534,0.000648867397103,0.000992831890471,0.000609017966781,0.000649338180665,0.000482870964333,0.000225226351176,0.000166334430105,0.000129718915559,0.000207618344575,0.000161004791153,0.000155618894496,0.000257224251982,0.000347811059328,0.000277288607322,0.000144175515743,0.0000674076218274,0.0000352901770384,0.0000431666157965],"mean":[0.000737760274205,0.000769479665905,0.000396324147005,0.000297783844871,0.00019959747442,0.000177502748556,0.000224006449571,0.000173378997715,0.000205639487831,0.000253226724453,0.00040888148942,0.00029594587977,0.000119690936117,0.000108548476419,0.0000996814051177,0.0000732950502425,0.000105334838736,0.000100291559647,0.0000527580159542,0.0000368518303731,0.0000327379420924,0.0000394410890294,0.0000384432860301,0.0000365557862096,0.0000294196088362,0.0000264429418166,0.0000239510100073,0.0000151644289872,0.00000986665781966,0.00000839097265271,0.00000935446678341,0.00000784097210271,0.00000601285819357,0.00000432849083154,0.00000341934605785,0.00000253359507951,0.00000177759352482,0.00000139241808483,0.00000103540833152,7.19056231446e-7],"median":[0.000536003964953,0.00049141101772,0.000200599737582,0.0000834635138744,0.0000996429371298,0.0000957255469984,0.000124063619296,0.0000935658899834,0.0000932094408199,0.000128574945848,0.000166892175912,0.0000696227361914,0.0000302496664517,0.0000447138518211,0.0000458270224044,0.0000335546028509,0.0000482733994431,0.000051051229093,0.0000293884259008,0.0000190198552446,0.0000202423798328,0.0000296260186587,0.0000297193055303,0.0000271352855634,0.0000175612112798,0.0000166694735526,0.0000147164591908,0.00000932732746151,0.00000632263891021,0.00000533803722647,0.00000633201671008,0.00000442498912889,0.00000300563806377,0.00000230769455811,0.00000168469227901,0.00000115840168746,8.65651145432e-7,6.31145894658e-7,4.77458343084e-7,2.96861600191e-7],"min":[1.25358296656e-23,9.7339124817e-24,3.13693043595e-24,9.56719304027e-24,6.66293614225e-24,5.1132236271e-24,6.27194591204e-24,1.54241460513e-23,8.33156312796e-24,6.33269293491e-24,2.88580839968e-24,8.50098047369e-24,1.136942072e-23,9.60641362676e-24,1.12934084498e-23,1.05012737718e-23,1.00816644568e-23,8.24360987019e-24,1.24598907595e-23,1.6167383975e-23,1.64259205149e-23,7.27496046493e-24,7.86270680439e-24,8.31258313458e-24,5.25609264793e-24,1.19584860349e-23,1.32591078306e-23,1.41689926205e-23,1.24593850996e-23,8.42704606307e-24,1.87318477155e-23,9.42978609236e-24,7.26364425524e-24,9.38589939362e-24,1.02114178762e-23,1.01748344518e-23,5.83446495325e-24,8.54232861804e-24,8.45085230747e-24,1.02966448307e-23],"var":[0.00000127230987346,0.00000140706526963,3.97524331675e-7,6.53946244711e-7,8.37329139358e-8,6.7328890907e-8,1.06399220101e-7,8.73588490435e-8,2.01509024578e-7,2.10933976064e-7,6.19987361006e-7,5.96934000896e-7,3.1848557569e-7,6.34089118989e-8,4.69844465556e-8,2.22662457361e-8,3.58615146467e-8,2.38403501385e-8,6.18533047003e-9,4.99511276786e-9,2.5256308156e-9,1.93653471037e-9,1.54986112832e-9,1.357488566e-9,1.56049084765e-9,1.38660549709e-9,8.42440117665e-10,3.25674237578e-10,1.37057545868e-10,9.1579376027e-11,1.09314585162e-10,1.16468723554e-10,9.66028507188e-11,4.43937074601e-11,4.2075377904e-11,3.085707731e-11,1.18790186021e-11,5.72494785953e-12,2.73140863226e-12,1.87768941021e-12]},"melbands_crest":{"dmean":3.06729030609,"dmean2":5.02717828751,"dvar":8.17300987244,"dvar2":20.3882656097,"max":32.5582504272,"mean":11.1243028641,"median":10.0015363693,"min":1.93138110638,"var":22.4703540802},"melbands_flatness_db":{"dmean":0.017774451524,"dmean2":0.0277395006269,"dvar":0.000310676288791,"dvar2":0.000731139269192,"max":0.284498214722,"mean":0.122557811439,"median":0.118232734501,"min":0.00507522560656,"var":0.00116656511091},"melbands_kurtosis":{"dmean":1.9611364603,"dmean2":3.18161773682,"dvar":9.8488407135,"dvar2":25.0825939178,"max":60.1318817139,"mean":2.91626024246,"median":1.84826469421,"min":-1.65300691128,"var":16.5638084412},"melbands_skewness":{"dmean":0.436892807484,"dmean2":0.684427380562,"dvar":0.219866901636,"dvar2":0.528725922108,"max":7.12712430954,"mean":1.35302317142,"median":1.25817680359,"min":-1.90047955513,"var":0.720103263855},"melbands_spread":{"dmean":8.39653015137,"dmean2":13.2892494202,"dvar":65.8628616333,"dvar2":155.756652832,"max":211.319702148,"mean":41.7508468628,"median":40.3425369263,"min":4.13517808914,"var":250.881622314},"mfcc":{"cov":[[8086.07958984,598.09362793,-186.201477051,190.451919556,-86.4453964233,83.4229125977,-40.9889984131,45.1467247009,-74.3776702881,-4.40916252136,-40.1674118042,-51.0568122864,-22.1245136261],[598.09362793,502.071655273,-124.446052551,125.762153625,-13.6411342621,16.378534317,30.6482849121,34.9978981018,39.0505142212,19.3489055634,28.8969974518,28.5455760956,-2.46387434006],[-186.201477051,-124.446052551,463.848510742,11.8318920135,86.3704071045,8.6328830719,-38.0529708862,2.32521796227,-2.31623268127,-14.9338970184,-10.1709718704,3.59687542915,12.7041215897],[190.451919556,125.762153625,11.8318920135,212.23626709,46.9319229126,16.1655464172,19.7427043915,-12.9520330429,37.6864852905,11.1706829071,4.07689666748,32.573348999,3.19911623001],[-86.4453964233,-13.6411342621,86.3704071045,46.9319229126,144.372375488,37.513469696,10.7843418121,11.3195791245,34.8921012878,20.4441928864,12.5800828934,11.545170784,9.54011917114],[83.4229125977,16.378534317,8.6328830719,16.1655464172,37.513469696,100.747261047,54.0602226257,21.3520717621,-4.22096395493,5.54532146454,5.9404296875,1.78009772301,6.62677574158],[-40.9889984131,30.6482849121,-38.0529708862,19.7427043915,10.7843418121,54.0602226257,147.719894409,49.8015937805,23.0940113068,13.3101234436,22.4861507416,14.6192350388,9.88584709167],[45.1467247009,34.9978981018,2.32521796227,-12.9520330429,11.3195791245,21.3520717621,49.8015937805,108.621490479,52.7392997742,30.0684967041,10.3866949081,-7.26806545258,0.316795110703],[-74.3776702881,39.0505142212,-2.31623268127,37.6864852905,34.8921012878,-4.22096395493,23.0940113068,52.7392997742,119.980621338,50.3624420166,13.8192033768,4.39765787125,-5.52880239487],[-4.40916252136,19.3489055634,-14.9338970184,11.1706829071,20.4441928864,5.54532146454,13.3101234436,30.0684967041,50.3624420166,83.0705795288,43.2473449707,9.51991081238,-7.32545948029],[-40.1674118042,28.8969974518,-10.1709718704,4.07689666748,12.5800828934,5.9404296875,22.4861507416,10.3866949081,13.8192033768,43.2473449707,80.7834320068,39.9798812866,6.2668504715],[-51.0568122864,28.5455760956,3.59687542915,32.573348999,11.545170784,1.78009772301,14.6192350388,-7.26806545258,4.39765787125,9.51991081238,39.9798812866,81.2898483276,31.165807724],[-22.1245136261,-2.46387434006,12.7041215897,3.19911623001,9.54011917114,6.62677574158,9.88584709167,0.316795110703,-5.52880239487,-7.32545948029,6.2668504715,31.165807724,59.6025390625]],"icov":[[0.000145301644807,-0.000152591353981,0.0000185249282367,-0.00012475575204,0.0000901967068785,-0.00014693767298,0.000145539816003,-0.000147094979184,0.000213107137824,-0.000102187870652,0.0000696842762409,0.000125352540636,-0.0000367464563169],[-0.000152591353981,0.00298081710935,0.000721179647371,-0.00181315792724,0.000584712310228,-0.000323863030644,0.000467086938443,-0.00129265466239,-0.000396109593567,0.000908359594177,-0.00130029546563,-0.000256156083196,0.000227557509788],[0.0000185249282367,0.000721179647371,0.00279079936445,-0.000488469901029,-0.00158133625519,-0.0000554632679268,0.00106964248698,-0.00108859059401,0.00034854063415,0.0009330342873,-0.000238884123974,-0.000174535976839,-0.000180906572496],[-0.00012475575204,-0.00181315792724,-0.000488469901029,0.00757697690278,-0.00189501198474,-0.000252791243838,-0.00142346078064,0.00330988294445,-0.00237383926287,-0.000657719385345,0.00267919455655,-0.00321031687781,0.00122201524209],[0.0000901967068785,0.000584712310228,-0.00158133625519,-0.00189501198474,0.0105465175584,-0.00431181397289,0.00111887778621,0.000572317221668,-0.00295299501158,-0.000552736688405,-0.00133683462627,0.000539918954019,-0.00138451729435],[-0.00014693767298,-0.000323863030644,-0.0000554632679268,-0.000252791243838,-0.00431181397289,0.0151820378378,-0.00539873633534,-0.00149392045569,0.00408446369693,-0.00164356001187,0.00108171463944,0.000888362061232,-0.000538350548595],[0.000145539816003,0.000467086938443,0.00106964248698,-0.00142346078064,0.00111887778621,-0.00539873633534,0.0110593317077,-0.0044690691866,-0.000912319985218,0.00229478161782,-0.00295233190991,-0.000472918356536,-0.000712558627129],[-0.000147094979184,-0.00129265466239,-0.00108859059401,0.00330988294445,0.000572317221668,-0.00149392045569,-0.0044690691866,0.0162572022527,-0.00646542804316,-0.00236328225583,0.000694168149494,0.00211058882996,-0.00139112991747],[0.000213107137824,-0.000396109593567,0.00034854063415,-0.00237383926287,-0.00295299501158,0.00408446369693,-0.000912319985218,-0.00646542804316,0.0165101587772,-0.00830765068531,0.00368755287491,-0.000974250608124,0.000952234549914],[-0.000102187870652,0.000908359594177,0.0009330342873,-0.000657719385345,-0.000552736688405,-0.00164356001187,0.00229478161782,-0.00236328225583,-0.00830765068531,0.0249024797231,-0.0138669144362,0.00293389125727,0.00195312150754],[0.0000696842762409,-0.00130029546563,-0.000238884123974,0.00267919455655,-0.00133683462627,0.00108171463944,-0.00295233190991,0.000694168149494,0.00368755287491,-0.0138669144362,0.0262751877308,-0.012377416715,0.00280607421882],[0.000125352540636,-0.000256156083196,-0.000174535976839,-0.00321031687781,0.000539918954019,0.000888362061232,-0.000472918356536,0.00211058882996,-0.000974250608124,0.00293389125727,-0.012377416715,0.0238731335849,-0.0107840029523],[-0.0000367464563169,0.000227557509788,-0.000180906572496,0.00122201524209,-0.00138451729435,-0.000538350548595,-0.000712558627129,-0.00139112991747,0.000952234549914,0.00195312150754,0.00280607421882,-0.0107840029523,0.0228258166462]],"mean":[-610.718139648,91.970451355,-20.0141906738,20.2890071869,-6.16001319885,4.40120744705,0.116570040584,7.94867372513,2.76507616043,6.65077018738,5.80281448364,-0.26352417469,-4.5806427002]},"pitch_salience":{"dmean":0.0612929575145,"dmean2":0.0998887941241,"dvar":0.00308041111566,"dvar2":0.00788935925812,"max":0.87236571312,"mean":0.593346476555,"median":0.602897286415,"min":0.152537837625,"var":0.00945010129362},"silence_rate_20dB":{"dmean":0,"dmean2":0,"dvar":0,"dvar2":0,"max":1,"mean":1,"median":1,"min":1,"var":0},"silence_rate_30dB":{"dmean":0,"dmean2":0,"dvar":0,"dvar2":0,"max":1,"mean":1,"median":1,"min":1,"var":0},"silence_rate_60dB":{"dmean":0.00730053894222,"dmean2":0.0146023463458,"dvar":0.00724732782692,"dvar2":0.0156063083559,"max":1,"mean":0.0668288841844,"median":0,"min":0,"var":0.0623595193028},"spectral_centroid":{"dmean":217.558837891,"dmean2":344.835601807,"dvar":43279.3476562,"dvar2":94622.1953125,"max":11534.8984375,"mean":2065.87548828,"median":2051.11962891,"min":710.050354004,"var":203350.984375},"spectral_complexity":{"dmean":4.21015119553,"dmean2":6.59895706177,"dvar":17.5518760681,"dvar2":36.9193916321,"max":62,"mean":28.7886505127,"median":30,"min":0,"var":132.357528687},"spectral_contrast_coeffs":{"dmean":[0.0509488992393,0.0453561134636,0.0417455025017,0.0311571378261,0.0199688784778,0.0166722163558],"dmean2":[0.0844470784068,0.0753462687135,0.0680373907089,0.0511917993426,0.0329944454134,0.0261566285044],"dvar":[0.00206137099303,0.00131880340632,0.00113981356844,0.000658177537844,0.000270415097475,0.000240670444327],"dvar2":[0.00536223733798,0.00353505485691,0.00293261068873,0.00169008912053,0.000699489901308,0.000521864451002],"max":[-0.320683330297,-0.469627588987,-0.45393961668,-0.528341054916,-0.61908608675,-0.568186163902],"mean":[-0.699298202991,-0.764099597931,-0.735394358635,-0.776026189327,-0.788569688797,-0.727109372616],"median":[-0.712271988392,-0.768569111824,-0.741743862629,-0.779153347015,-0.790568888187,-0.727796435356],"min":[-0.970257937908,-0.965912938118,-0.968817591667,-0.959960639477,-0.955608725548,-0.957716703415],"var":[0.00637628603727,0.00369385164231,0.00537959579378,0.00232923100702,0.00127074506599,0.00173677678686]},"spectral_contrast_valleys":{"dmean":[0.386027991772,0.343943148851,0.294940322638,0.23974083364,0.189023062587,0.203861013055],"dmean2":[0.6078145504,0.569650530815,0.484798818827,0.385111629963,0.30270588398,0.269707709551],"dvar":[0.160396069288,0.117923304439,0.0948732122779,0.074985653162,0.0696339085698,0.0903719738126],"dvar2":[0.30168569088,0.246010586619,0.184325858951,0.13434869051,0.118452884257,0.14533226192],"max":[-5.54210233688,-4.85472297668,-5.06216526031,-5.64692544937,-5.44243049622,-7.32444190979],"mean":[-7.53561019897,-6.68039417267,-7.0522480011,-7.2427740097,-6.88472795486,-9.76653862],"median":[-7.21307277679,-6.49372911453,-6.86782646179,-7.06077671051,-6.7041683197,-9.61133956909],"min":[-27.4895973206,-27.3915481567,-27.0831260681,-27.1793079376,-27.5197505951,-27.3269004822],"var":[1.44735765457,1.16904127598,1.12061572075,1.06360852718,1.02391016483,1.17062199116]},"spectral_decrease":{"dmean":1.66891334086e-9,"dmean2":2.68009969773e-9,"dvar":6.23069701862e-18,"dvar2":1.54643235314e-17,"max":9.36969657538e-30,"mean":-5.3062039207e-9,"median":-4.74288563979e-9,"min":-2.66505129076e-8,"var":1.18096749762e-17},"spectral_energy":{"dmean":0.00683101499453,"dmean2":0.0109037607908,"dvar":0.000103383958049,"dvar2":0.000255639082752,"max":0.113288767636,"mean":0.0227019172162,"median":0.0206201225519,"min":1.06242738603e-20,"var":0.000206575583434},"spectral_energyband_high":{"dmean":0.000469468301162,"dmean2":0.000671894988045,"dvar":9.36831099807e-7,"dvar2":0.00000189077377399,"max":0.032978400588,"mean":0.00140544492751,"median":0.000964384409599,"min":7.81123292981e-21,"var":0.00000226813244808},"spectral_energyband_low":{"dmean":0.00235549150966,"dmean2":0.00377069110982,"dvar":0.0000309147071675,"dvar2":0.000074842471804,"max":0.0812551304698,"mean":0.00437159603462,"median":0.00316969677806,"min":7.51800850982e-23,"var":0.0000359039549949},"spectral_energyband_middle_high":{"dmean":0.00304354797117,"dmean2":0.00475304247811,"dvar":0.0000214338797377,"dvar2":0.0000490327147418,"max":0.0867552682757,"mean":0.0100346524268,"median":0.00768576888368,"min":1.5562261207e-21,"var":0.0000815158782643},"spectral_energyband_middle_low":{"dmean":0.00357945938595,"dmean2":0.00594734493643,"dvar":0.0000430210602644,"dvar2":0.00011553447257,"max":0.0701840147376,"mean":0.00781023921445,"median":0.00599465239793,"min":2.2538316469e-22,"var":0.0000562052155146},"spectral_entropy":{"dmean":0.0894229412079,"dmean2":0.132320478559,"dvar":0.00777946785092,"dvar2":0.0153008177876,"max":9.7958984375,"mean":7.9246339798,"median":7.92527103424,"min":6.82155895233,"var":0.0440981350839},"spectral_flux":{"dmean":0.0199455693364,"dmean2":0.0309658329934,"dvar":0.000612080271821,"dvar2":0.00130419386551,"max":0.284235596657,"mean":0.0843970999122,"median":0.0798965916038,"min":1.03074118685e-10,"var":0.00164254044648},"spectral_kurtosis":{"dmean":0.846252262592,"dmean2":1.42383646965,"dvar":0.712709903717,"dvar2":2.02511548996,"max":13.0998821259,"mean":3.38369607925,"median":3.24237060547,"min":-1.17767202854,"var":2.10030198097},"spectral_rms":{"dmean":0.000638547469862,"dmean2":0.000994865200482,"dvar":6.61182070871e-7,"dvar2":0.0000015321063529,"max":0.0105131175369,"mean":0.00442884815857,"median":0.00448521925136,"min":3.21949454943e-12,"var":0.00000253353709923},"spectral_rolloff":{"dmean":522.260253906,"dmean2":843.030700684,"dvar":435344.34375,"dvar2":928310.625,"max":19164.5507812,"mean":2526.47363281,"median":2476.31835938,"min":86.1328125,"var":1295645.625},"spectral_skewness":{"dmean":0.132689625025,"dmean2":0.214318990707,"dvar":0.0154137481004,"dvar2":0.0380023606122,"max":2.69420838356,"mean":1.23558688164,"median":1.23515188694,"min":-0.0606821775436,"var":0.0778847411275},"spectral_spread":{"dmean":369449.21875,"dmean2":515892.34375,"dvar":323460497408,"dvar2":493832470528,"max":40699064,"mean":4331289,"median":4175639.5,"min":1965176.25,"var":1218599714820},"spectral_strongpeak":{"dmean":0.815250873566,"dmean2":1.37055301666,"dvar":1.23590409756,"dvar2":3.01191401482,"max":12.5037708282,"mean":1.449898839,"median":0.788838207722,"min":0,"var":2.9639248848},"zerocrossingrate":{"dmean":0.00942273344845,"dmean2":0.0113530801609,"dvar":0.000111301786092,"dvar2":0.000141698765219,"max":0.51171875,"mean":0.0883629098535,"median":0.08544921875,"min":0.0205078125,"var":0.000720435520634}},"metadata":{"audio_properties":{"analysis_sample_rate":44100,"bit_rate":320031,"codec":"mp3","downmix":"mix","equal_loudness":0,"length":267.154296875,"lossless":false,"md5_encoded":"eb2549456f4c763a05f22205d74a4113","replay_gain":-9.45152854919,"sample_rate":44100},"tags":{"album":["Slippery When Wet (Japanese Edition)"],"artist":["Bon Jovi"],"date":["1986"],"file_name":"copy593555621100680427.mp3","genre":["Hard Rock"],"musicbrainz_recordingid":["78b9fefc-cbd9-4760-8bc4-02fdc6468e2a"],"title":["Let It Rock"],"tracknumber":["2"]},"version":{"essentia":"2.1-beta2","essentia_build_sha":"cead25079874084f62182a551b7393616cd33d87","essentia_git_sha":"v2.1_beta2-1-ge3940c0","extractor":"music 1.0"}},"rhythm":{"beats_count":428,"beats_loudness":{"dmean":0.0116788819432,"dmean2":0.0199303049594,"dvar":0.0000918115692912,"dvar2":0.00026045794948,"max":0.0868155136704,"mean":0.0363736525178,"median":0.0367446094751,"min":1.99712015814e-8,"var":0.000200702648726},"beats_loudness_band_ratio":{"dmean":[0.253555357456,0.156473234296,0.11140434444,0.122374624014,0.0734054222703,0.131940424442],"dmean2":[0.476184934378,0.307107657194,0.193487137556,0.216370016336,0.127593621612,0.260828256607],"dvar":[0.0263322629035,0.00838498957455,0.0137443263084,0.0172953233123,0.00480785965919,0.00362197635695],"dvar2":[0.0819983482361,0.0269869100302,0.0378612615168,0.0493085347116,0.0140988500789,0.0116074020043],"max":[0.904820978642,0.490532666445,0.740129649639,0.734871327877,0.483829379082,0.396509051323],"mean":[0.401494473219,0.120663233101,0.151178449392,0.163992390037,0.114150688052,0.127918183804],"median":[0.376303493977,0.0847333818674,0.11990211159,0.116866275668,0.0942339897156,0.118667699397],"min":[0.0329392142594,0.00340697029606,0.017074432224,0.0192824993283,0.0146831041202,0.0105046574026],"var":[0.0407562851906,0.0110992370173,0.0143750552088,0.0191553588957,0.00555503880605,0.00691859005019]},"beats_position":[0.66176867485,1.33514738083