{"lowlevel":{"average_loudness":0.77060431242,"barkbands":{"dmean":[0.0000759851827752,0.00349656073377,0.00189604295883,0.00222059735097,0.00203185481951,0.00104590761475,0.000635646865703,0.000508839613758,0.00162608793471,0.00111098634079,0.00044383193017,0.000237884523813,0.000338008976541,0.000227019569138,0.000197960383957,0.000208475568797,0.000193427404156,0.00015768672165,0.000117703057185,0.000127100749523,0.000104441867734,0.0000841266228235,0.0000710189342499,0.0000764189462643,0.0000335020522471,0.00000688863019604,8.0843892647e-7],"dmean2":[0.0000997569077299,0.00563324289396,0.00335852336138,0.00366814387962,0.00337099097669,0.00166225479916,0.000999914947897,0.000815959414467,0.00257664336823,0.00176448642742,0.000710552616511,0.000385975610698,0.000545309041627,0.000358345161658,0.0003160078777,0.000330279086484,0.000308104557917,0.000252256519161,0.000193608764675,0.000205125252251,0.00017190122162,0.000140006493893,0.000106177809357,0.000108234446088,0.0000487617180625,0.00000994770107354,0.0000014123093024],"dvar":[1.43204239578e-8,0.0000373680304619,0.0000142961425809,0.0000149235738718,0.0000147612254295,0.00000396012546844,0.00000257664055425,0.00000244479429057,0.0000152164975589,0.0000125150090753,8.43724421884e-7,4.7467716513e-7,0.00000118632306112,4.47355887445e-7,2.18928519757e-7,3.08661441295e-7,1.93807920823e-7,1.31343810494e-7,3.86272418496e-8,4.34576286068e-8,2.83537229251e-8,2.29226539972e-8,3.88414314045e-8,8.90513121021e-8,1.81594703719e-8,3.80940778921e-10,7.77647911343e-12],"dvar2":[2.45213698236e-8,0.0000926839056774,0.0000394216731365,0.0000375495255867,0.0000384587765438,0.0000100939178083,0.00000578888466407,0.00000560824628337,0.0000380501296604,0.0000330006914737,0.00000213062367038,0.00000115501370601,0.00000296597386296,0.0000010247724731,5.21833158018e-7,7.42728786918e-7,4.61029998178e-7,3.09372865104e-7,9.8834561868e-8,1.04856361816e-7,7.34796330448e-8,5.85944199827e-8,7.04207820945e-8,1.4450621677e-7,3.4777102087e-8,8.45304881647e-10,2.17112560569e-11],"max":[0.00165642530192,0.0865394175053,0.0797033011913,0.0487290173769,0.0464616529644,0.0452915728092,0.0522140450776,0.0663452073932,0.0739815160632,0.0836809203029,0.0202967226505,0.0206649489701,0.0316368751228,0.0203551575541,0.0131713673472,0.0196198634803,0.0104646151885,0.0107238022611,0.00712002627552,0.00530102290213,0.00272367685102,0.00362484226935,0.00593909388408,0.00813798420131,0.00341546209529,0.000762497948017,0.0000908681395231],"mean":[0.000108243242721,0.00459358887747,0.00216147489846,0.00319021358155,0.0032863819506,0.00200591236353,0.00109084602445,0.000776880246121,0.00274527957663,0.00191514671315,0.000710662920028,0.000361396116205,0.000571440439671,0.00036308603012,0.000331419869326,0.000388145417674,0.000365939777112,0.000314293807605,0.000242968657403,0.000306546426145,0.000246161187533,0.000186531629879,0.000172927495441,0.000162026917678,0.0000743412601878,0.0000140943902807,8.02763736374e-7],"median":[0.0000237937165366,0.00182048196439,0.000853668432683,0.00154712586664,0.00184901047032,0.000893826887477,0.000544076436199,0.000312390795443,0.000876660342328,0.00046997339814,0.000304180808598,0.000146233418491,0.00015266869741,0.000143959448906,0.000158054099302,0.000202866271138,0.000182601652341,0.000146623991895,0.000181448587682,0.000205590709811,0.000182550633326,0.000122875848319,0.0000845706090331,0.0000532495505468,0.0000299808762065,0.00000504262425238,1.19816263577e-7],"min":[2.58452954623e-18,1.61396437097e-16,1.03483963342e-15,1.97534817212e-15,2.98259867189e-15,2.93479552048e-15,6.74407717307e-15,1.30421453361e-15,1.08216980163e-14,8.50536360227e-15,5.77351209376e-15,4.28391232942e-15,5.08235480814e-15,5.3711943137e-15,1.03081809039e-14,7.52917507122e-15,1.36109586651e-15,1.69982283864e-14,1.81328374896e-14,8.19103052258e-15,4.67135155224e-15,4.83137022143e-14,4.61368478686e-14,8.18972439778e-14,7.49631747735e-14,1.32079134955e-13,3.05877580209e-11],"var":[3.05135081646e-8,0.0000494949381391,0.0000148054796227,0.0000215451873373,0.0000227345772146,0.00000998834275379,0.00000501709655509,0.00000485986311105,0.000034721357224,0.0000298793056572,0.00000156949010943,7.53998790515e-7,0.00000266637721325,8.49279331305e-7,4.00656404054e-7,6.28918940038e-7,4.28242884709e-7,4.01599947963e-7,8.6197218252e-8,1.38526573323e-7,7.60069269745e-8,5.26116394894e-8,1.27857902044e-7,2.47107948326e-7,4.21619965607e-8,7.64146912413e-10,5.81603298508e-12]},"barkbands_crest":{"dmean":2.64603710175,"dmean2":4.19120693207,"dvar":5.49025392532,"dvar2":13.7603874207,"max":26.5604743958,"mean":10.1019325256,"median":9.23878383636,"min":2.28575968742,"var":18.3126583099},"barkbands_flatness_db":{"dmean":0.0188147127628,"dmean2":0.0284198708832,"dvar":0.000274720805464,"dvar2":0.000660141173285,"max":0.481775283813,"mean":0.154163777828,"median":0.122888818383,"min":0.0347463898361,"var":0.00688116392121},"barkbands_kurtosis":{"dmean":2.11779904366,"dmean2":3.35063934326,"dvar":17.0350799561,"dvar2":41.7786827087,"max":295.296966553,"mean":3.14684534073,"median":1.69846367836,"min":-1.87262821198,"var":40.9357452393},"barkbands_skewness":{"dmean":0.443538397551,"dmean2":0.683381915092,"dvar":0.201404064894,"dvar2":0.488881260157,"max":10.479850769,"mean":1.20234751701,"median":1.14040660858,"min":-16.0030212402,"var":1.10411536694},"barkbands_spread":{"dmean":4.66253852844,"dmean2":7.13909053802,"dvar":30.8744850159,"dvar2":63.7996253967,"max":96.0480728149,"mean":20.2622432709,"median":18.5209655762,"min":0.381359249353,"var":173.114715576},"dissonance":{"dmean":0.0203564744443,"dmean2":0.0342014394701,"dvar":0.000473977706861,"dvar2":0.00128147855867,"max":0.500000178814,"mean":0.453263521194,"median":0.470191597939,"min":0.201190903783,"var":0.00189518451225},"dynamic_complexity":6.30732011795,"erbbands":{"dmean":[0.0904328450561,0.863906383514,1.9879335165,4.61651659012,8.40388965607,6.5277299881,6.42146968842,9.45672798157,7.73316335678,11.198849678,12.8611860275,38.7664108276,35.8751182556,24.5142860413,15.3588895798,9.79721069336,15.1909503937,10.7437801361,9.8490190506,11.4091596603,10.9926977158,9.5790719986,8.73199081421,6.46568632126,5.22961759567,6.25317239761,4.96250629425,3.83600187302,3.08036708832,2.45049142838,2.04210066795,1.81214439869,1.133482337,0.529380857944,0.172663405538,0.0484603941441,0.00922300852835,0.00127124087885,0.000133363719215,0.0000148905655806],"dmean2":[0.139721110463,1.41560220718,3.46330904961,7.72762441635,14.0042238235,10.7584133148,10.3425664902,15.1698760986,12.4716396332,17.7921295166,20.5930137634,62.0762863159,55.3140296936,38.7008628845,24.4182815552,15.4945545197,24.3328666687,16.7532444,15.5980300903,18.2063388824,17.4860992432,15.0827989578,13.804271698,10.5721225739,8.44176292419,10.1120853424,8.07643795013,6.36759567261,5.16425037384,3.87136888504,3.02838230133,2.5871732235,1.63593327999,0.754845619202,0.256645619869,0.0697500929236,0.0130933523178,0.00204472173937,0.000226008764002,0.0000241306479438],"dvar":[0.0249397773296,2.37501788139,15.7710027695,57.6627922058,343.448425293,131.263458252,125.379676819,357.038330078,384.295196533,976.811157227,1441.24462891,9908.45800781,9530.0390625,6768.42724609,1197.43920898,714.042602539,2448.45629883,1028.54089355,709.957092285,733.250976562,887.339111328,450.686157227,444.119262695,131.274047852,78.6695251465,105.660820007,74.7864456177,38.7882766724,28.0891933441,35.5644226074,34.9316368103,44.2235870361,23.0980072021,4.90681648254,0.490413308144,0.0206562634557,0.000754217035137,0.0000157990780281,1.99155678615e-7,9.01872465597e-10],"dvar2":[0.0592277757823,6.05515193939,42.9590110779,149.512390137,886.22857666,344.660888672,322.279418945,931.78302002,868.920166016,2535.01416016,3496.54101562,25442.7285156,23627.7910156,17821.7460938,2962.23022461,1698.98815918,6141.11865234,2376.88427734,1678.62573242,1793.55224609,2187.02709961,1052.78356934,1033.28369141,336.320800781,190.230361938,254.969314575,185.78616333,103.35408783,72.7547683716,78.1384658813,63.7581329346,73.3682861328,40.9111175537,9.0994758606,1.04295670986,0.0451491549611,0.00170230772346,0.0000407119805459,5.46103080978e-7,2.42277686802e-9],"max":[2.64895534515,20.2993583679,88.1598815918,96.1404571533,241.334518433,278.636383057,255.010101318,415.050262451,720.559936523,1218.23327637,1808.92785645,2035.57006836,2678.27856445,2960.60888672,932.118896484,855.622497559,1573.74536133,1080.51525879,835.167175293,1051.98486328,1156.4342041,525.217285156,693.403564453,509.054718018,270.808288574,233.646102905,186.643539429,106.35635376,122.712860107,213.653778076,170.229171753,220.930908203,138.402572632,64.5413360596,28.6540355682,4.77422428131,1.26820778847,0.204251140356,0.0142035325989,0.000393988681026],"mean":[0.114015936852,1.0814653635,2.49054050446,6.84563922882,11.5129785538,10.93384552,12.3870944977,17.3656368256,13.4967746735,19.0420475006,22.3161468506,66.084564209,63.4962615967,43.8608894348,26.5781955719,16.6928863525,26.5759716034,18.5210781097,17.546546936,20.6422710419,21.7473945618,20.0705127716,18.4156570435,13.9712724686,12.0566196442,14.7450380325,11.5155172348,9.01884937286,6.88268899918,5.58000326157,4.85786771774,3.86836647987,2.29770803452,1.13103318214,0.372559040785,0.103262163699,0.0184099022299,0.00192501221318,0.000164166922332,0.0000402150981245],"median":[0.032807983458,0.420808553696,1.16102862358,3.91013240814,5.83025169373,5.91491031647,6.8970489502,7.54117059708,6.70424556732,8.82123947144,10.0400648117,20.7922592163,21.291015625,14.5228099823,12.006149292,7.2856259346,7.6058306694,7.26539707184,8.08225250244,10.1443557739,11.8737468719,10.2774429321,8.85105895996,9.74491977692,8.72500419617,9.90293312073,8.04981517792,6.77988052368,4.62437105179,3.02831149101,2.26835823059,1.35279226303,0.742226243019,0.413599252701,0.160557538271,0.0407694503665,0.00592884980142,0.000520685804076,0.0000469504084322,0.0000370216839656],"min":[1.7936445701e-15,6.07993608801e-14,8.57743617886e-13,4.44727978402e-12,7.4212042761e-12,1.01530416019e-11,1.20228133005e-11,3.10820640059e-11,1.03308910038e-10,4.53653850596e-11,5.2921545618e-11,2.42426856367e-10,2.99296948336e-10,2.93638779958e-10,1.6425576177e-10,1.84553358706e-10,2.00332306299e-10,2.57487087207e-10,5.64604862863e-10,4.41840064536e-10,3.17342069289e-10,1.15958506686e-10,5.97746685482e-10,9.33175647866e-10,1.01874209069e-9,3.72717023911e-10,2.00728697552e-10,2.86520279724e-10,1.31678101756e-9,2.09389772188e-9,1.48079271067e-9,1.10786058105e-9,1.71448710784e-9,6.63787025346e-10,7.75014608045e-10,4.06235572958e-10,1.96090171878e-10,1.84620915777e-10,2.59785248868e-10,6.9216699039e-10],"var":[0.0345255099237,2.92096662521,17.7801780701,80.6747436523,372.006622314,256.399291992,307.9480896,798.516418457,758.869445801,1690.36376953,3438.61303711,22875.8339844,21448.7265625,16087.3818359,2241.64233398,1317.7088623,5456.55029297,1973.05444336,1347.49475098,1408.66296387,1876.64477539,1182.15283203,1434.68347168,323.722320557,220.452728271,320.627502441,194.873519897,98.6303253174,66.3709182739,91.5141525269,110.127250671,128.096755981,55.0097084045,11.3616495132,0.945997238159,0.0439845100045,0.00134426215664,0.0000187389541679,1.67184140309e-7,1.47972389897e-9]},"erbbands_crest":{"dmean":2.62889575958,"dmean2":4.14634656906,"dvar":6.22167873383,"dvar2":15.0237627029,"max":32.8660850525,"mean":10.421998024,"median":8.89146614075,"min":2.28003382683,"var":34.2592353821},"erbbands_flatness_db":{"dmean":0.0144301066175,"dmean2":0.0211004130542,"dvar":0.00019044605142,"dvar2":0.000405366881751,"max":0.522947788239,"mean":0.1956076473,"median":0.150932997465,"min":0.0652827844024,"var":0.0107929976657},"erbbands_kurtosis":{"dmean":1.12043178082,"dmean2":1.76813900471,"dvar":4.55130004883,"dvar2":11.1116867065,"max":53.0241279602,"mean":0.95398837328,"median":-0.3053637743,"min":-1.72267568111,"var":11.8607635498},"erbbands_skewness":{"dmean":0.347112089396,"dmean2":0.524544417858,"dvar":0.116995282471,"dvar2":0.272284179926,"max":5.44039964676,"mean":0.582295417786,"median":0.470629185438,"min":-2.20757007599,"var":0.554237425327},"erbbands_spread":{"dmean":6.41134786606,"dmean2":9.7755689621,"dvar":51.0486679077,"dvar2":109.10042572,"max":132.659317017,"mean":36.2103500366,"median":34.6820297241,"min":0.848337113857,"var":533.981689453},"gfcc":{"cov":[[42070.9570312,-2749.60888672,6135.921875,7040.68505859,-2861.07666016,2446.04492188,-4241.82861328,-1218.03527832,-2416.62988281,-698.006591797,-1277.46643066,1125.52099609,58.7852172852],[-2749.60888672,1154.86560059,-796.930175781,-619.401062012,331.422271729,-273.627624512,475.170623779,67.4371490479,267.098358154,25.5245380402,137.890838623,-140.170028687,42.3358383179],[6135.921875,-796.930175781,1722.99328613,1238.59606934,-539.101257324,549.370666504,-861.180664062,-224.234741211,-443.639587402,-151.137298584,-237.809707642,257.181549072,10.6652441025],[7040.68505859,-619.401062012,1238.59606934,1541.14221191,-471.150024414,406.937927246,-784.239807129,-254.886688232,-429.369445801,-122.18888092,-203.945098877,217.604141235,24.5083465576],[-2861.07666016,331.422271729,-539.101257324,-471.150024414,370.257110596,-174.999481201,378.072784424,103.153236389,192.3019104,68.401763916,92.7944335938,-83.8779907227,-7.07428312302],[2446.04492188,-273.627624512,549.370666504,406.937927246,-174.999481201,330.943908691,-256.463012695,-56.1439399719,-160.619110107,-48.8228111267,-84.5675048828,81.048866272,6.89475536346],[-4241.82861328,475.170623779,-861.180664062,-784.239807129,378.072784424,-256.463012695,680.687072754,197.387298584,284.007598877,103.645591736,144.723800659,-170.121658325,-21.0673236847],[-1218.03527832,67.4371490479,-224.234741211,-254.886688232,103.153236389,-56.1439399719,197.387298584,172.68347168,121.329666138,32.9572563171,33.4262008667,-33.6010627747,0.374900788069],[-2416.62988281,267.098358154,-443.639587402,-429.369445801,192.3019104,-160.619110107,284.007598877,121.329666138,254.642547607,71.4975738525,86.5641784668,-69.5286331177,8.052110672],[-698.006591797,25.5245380402,-151.137298584,-122.18888092,68.401763916,-48.8228111267,103.645591736,32.9572563171,71.4975738525,112.609344482,59.7396430969,-27.5138187408,-7.69872045517],[-1277.46643066,137.890838623,-237.809707642,-203.945098877,92.7944335938,-84.5675048828,144.723800659,33.4262008667,86.5641784668,59.7396430969,128.785934448,-13.2982654572,-0.561578512192],[1125.52099609,-140.170028687,257.181549072,217.604141235,-83.8779907227,81.048866272,-170.121658325,-33.6010627747,-69.5286331177,-27.5138187408,-13.2982654572,143.885772705,35.5833587646],[58.7852172852,42.3358383179,10.6652441025,24.5083465576,-7.07428312302,6.89475536346,-21.0673236847,0.374900788069,8.052110672,-7.69872045517,-0.561578512192,35.5833587646,83.5274276733]],"icov":[[0.000293325167149,-0.000461455521872,0.00042688017129,-0.000849677540828,0.000726087018847,-0.000775574881118,0.000617191835772,-0.000585726753343,0.000825505354442,-0.000760388560593,0.00101382296998,-0.000571805343498,0.00060681218747],[-0.000461455521872,0.00242172856815,-0.000437015783973,0.00123192358296,-0.00156955537386,0.00125348905567,-0.00155146990437,0.00206528231502,-0.00231297127903,0.00263964175247,-0.0023791345302,0.00159388512839,-0.00207407260314],[0.00042688017129,-0.000437015783973,0.00344467908144,-0.00183689314872,0.00143615051638,-0.00320614431985,0.00223101326264,-0.00100155302789,0.00126956054009,-0.00095010525547,0.00216983468272,-0.00185210502241,0.00156733847689],[-0.000849677540828,0.00123192358296,-0.00183689314872,0.00451018335298,-0.00206056470051,0.00210697809234,-0.000841290748212,0.00199947226793,-0.0012422761647,0.00151174771599,-0.00243714801036,0.00135615328327,-0.00201985612512],[0.000726087018847,-0.00156955537386,0.00143615051638,-0.00206056470051,0.00883762072772,-0.0017408990534,-0.00145455508027,-0.000688886037096,0.000553636753466,-0.00259606377222,0.00311717297882,-0.00289094727486,0.00219404348172],[-0.000775574881118,0.00125348905567,-0.00320614431985,0.00210697809234,-0.0017408990534,0.00892685912549,-0.002403015038,0.000464339245809,-0.00055640534265,0.00158746715169,-0.00214611040428,0.00144132506102,-0.00221931166016],[0.000617191835772,-0.00155146990437,0.00223101326264,-0.000841290748212,-0.00145455508027,-0.002403015038,0.00928880926222,-0.00494736945257,0.00240001478232,-0.00228150235489,0.000509044271894,0.00164973607752,0.00161314255092],[-0.000585726753343,0.00206528231502,-0.00100155302789,0.00199947226793,-0.000688886037096,0.000464339245809,-0.00494736945257,0.0128111978993,-0.00645618652925,0.00225127232261,-0.000434729154222,-0.000533982296474,-0.00144092051778],[0.000825505354442,-0.00231297127903,0.00126956054009,-0.0012422761647,0.000553636753466,-0.00055640534265,0.00240001478232,-0.00645618652925,0.0145343784243,-0.00535507500172,0.00187046953943,-0.000976306328084,0.0000546674818906],[-0.000760388560593,0.00263964175247,-0.00095010525547,0.00151174771599,-0.00259606377222,0.00158746715169,-0.00228150235489,0.00225127232261,-0.00535507500172,0.0162516292185,-0.00842277519405,0.00348660326563,-0.00158926844597],[0.00101382296998,-0.0023791345302,0.00216983468272,-0.00243714801036,0.00311717297882,-0.00214611040428,0.000509044271894,-0.000434729154222,0.00187046953943,-0.00842277519405,0.01836389862,-0.00680630467832,0.003568258835],[-0.000571805343498,0.00159388512839,-0.00185210502241,0.00135615328327,-0.00289094727486,0.00144132506102,0.00164973607752,-0.000533982296474,-0.000976306328084,0.00348660326563,-0.00680630467832,0.0147151099518,-0.00641122972593],[0.00060681218747,-0.00207407260314,0.00156733847689,-0.00201985612512,0.00219404348172,-0.00221931166016,0.00161314255092,-0.00144092051778,0.0000546674818906,-0.00158926844597,0.003568258835,-0.00641122972593,0.01637464948]],"mean":[-62.6982002258,104.514434814,-138.485473633,23.502904892,-61.1292610168,11.2537107468,-22.0304050446,15.7151842117,-17.0757522583,-0.97710609436,-16.496389389,-7.22732114792,-5.63467359543]},"hfc":{"dmean":4.64777898788,"dmean2":7.00975465775,"dvar":45.6634254456,"dvar2":99.93309021,"max":126.103218079,"mean":20.5639858246,"median":18.0213184357,"min":8.71063377872e-7,"var":321.618225098},"melbands":{"dmean":[0.000895769102499,0.00101508491207,0.000914538977668,0.000496181310154,0.000242052148678,0.000206076307222,0.000118862124509,0.000118585492601,0.000131171138491,0.000249059492489,0.000184363758308,0.000111576562631,0.0000601734827796,0.0000275572474493,0.0000323026943079,0.0000330679067702,0.0000206281183637,0.0000183963547897,0.0000142006319948,0.0000159032733791,0.000014280236428,0.0000108997492134,0.0000109042202894,0.00000717976990927,0.00000568248151467,0.00000457586020275,0.00000419857178713,0.00000463754031443,0.00000373880948246,0.00000263511924459,0.00000236181335822,0.00000193288474293,0.00000164716198015,0.0000014353968254,0.00000131932915792,0.00000114394345019,0.00000118728655707,9.0193128699e-7,6.41470364826e-7,4.20516869326e-7],"dmean2":[0.0014244163176,0.00168883532751,0.00150749448221,0.000821650319267,0.000392233254388,0.000328690046445,0.000189612532267,0.000188580175745,0.000209308956983,0.000394455681089,0.000285759597318,0.000177076421096,0.0000964532227954,0.0000445611985924,0.0000508239754708,0.0000522675036336,0.0000326092158502,0.0000293598477583,0.000022741023713,0.0000252195477515,0.0000228765875363,0.0000171647898242,0.0000175268687599,0.0000115655675472,0.00000936798369366,0.0000075564908002,0.0000067938981374,0.00000756440113037,0.00000610716142546,0.00000435263018517,0.00000396630775867,0.00000324967959386,0.00000276236437458,0.00000225586768465,0.00000199969485948,0.00000170604062077,0.00000172465979631,0.00000133533762892,9.24477774333e-7,6.20967796294e-7],"dvar":[0.00000244491911872,0.00000346131719198,0.00000256007410826,9.69033635556e-7,1.60048983844e-7,1.60866832744e-7,9.11848587748e-8,1.05057530675e-7,1.36068692314e-7,3.87974267824e-7,2.60653280293e-7,1.49145705564e-7,1.58080748491e-8,5.61653967779e-9,1.11450013662e-8,1.32756605709e-8,4.28584101542e-9,2.77514011771e-9,1.29221477962e-9,1.62351432298e-9,1.7449519607e-9,6.89469203952e-10,6.84464374068e-10,2.64225419322e-10,1.06280484413e-10,7.00302593692e-11,5.17416803847e-11,6.19464132767e-11,4.6700150691e-11,1.89991668231e-11,1.54210897524e-11,1.01791335777e-11,1.18729895707e-11,1.42878174569e-11,1.3965268178e-11,1.42726299529e-11,2.19150114722e-11,1.49913519099e-11,7.71896695867e-12,2.98744579422e-12],"dvar2":[0.00000591123716731,0.00000910705057322,0.00000643259681965,0.0000025173631002,4.15268686993e-7,4.15840503365e-7,2.02985432907e-7,2.70809181302e-7,3.40810771604e-7,9.71032704911e-7,6.48918557999e-7,3.93129965914e-7,3.98063555451e-8,1.38723335041e-8,2.60443364652e-8,3.23192743679e-8,9.91204185397e-9,6.69270860953e-9,3.17598147781e-9,3.79110032256e-9,4.43132242012e-9,1.5958097066e-9,1.64898161792e-9,6.30992258444e-10,2.73980560461e-10,1.79210563056e-10,1.2682857542e-10,1.52335644099e-10,1.17437712333e-10,4.90299467693e-11,4.16995778185e-11,2.66122644754e-11,3.08999527354e-11,3.0457598249e-11,2.70809364517e-11,2.68137647502e-11,3.84065557135e-11,2.73409593576e-11,1.45563006093e-11,5.90487034269e-12],"max":[0.0248863305897,0.0347646176815,0.0211429558694,0.0126478718594,0.00964011345059,0.00893555767834,0.0115073909983,0.0117158284411,0.014656253159,0.012202356942,0.0129688112065,0.0130674215034,0.00318444916047,0.00194287498016,0.00372408516705,0.00411331607029,0.00240704789758,0.00180192629341,0.00140784785617,0.00177686603274,0.00180048216134,0.000773212581407,0.00102757418063,0.000713179761078,0.000465795805212,0.000240598354139,0.000197293251404,0.000162037496921,0.000165487013874,0.000127753024572,0.0000809241319075,0.0000689298540237,0.0000864922840265,0.000145813042764,0.000118958589155,0.000163200253155,0.000152400825755,0.00011923450802,0.0000878384671523,0.0000549957112526],"mean":[0.00116624450311,0.00139260361902,0.00139281526208,0.00079623342026,0.000466075609438,0.000388814019971,0.000207489531022,0.000197524976102,0.000213467195863,0.000419767951826,0.000316446850775,0.000188806981896,0.0000982764031505,0.0000434640605818,0.0000518967572134,0.0000539192187716,0.0000326157714881,0.0000296062844427,0.0000239207674895,0.0000279817904811,0.0000251800756814,0.0000203323634196,0.0000203427025554,0.0000138263512781,0.0000110057553684,0.00000901140629139,0.00000892477601155,0.00000999670828605,0.0000077871245594,0.00000554193093194,0.0000051093206821,0.00000400805356549,0.00000322792106999,0.00000310649306812,0.00000292185563922,0.00000241663087763,0.00000234343747252,0.00000169386362359,0.00000124247435451,8.56550343542e-7],"median":[0.000427218561526,0.000661139842123,0.000811298901681,0.000467614270747,0.000271540775429,0.000171176623553,0.000102892750874,0.0000908164947759,0.0000858322164277,0.000127703679027,0.0000951127149165,0.0000517355802003,0.0000431198750448,0.000017704182028,0.0000178491300176,0.0000136922244565,0.0000128792089527,0.0000122443125292,0.000011215761333,0.0000135127575049,0.0000125884516819,0.0000094659444585,0.00000952251139097,0.00000660377872919,0.00000754154962124,0.00000639098652755,0.0000057076331359,0.00000617391151536,0.00000491220998811,0.0000037419004002,0.00000370340694644,0.00000264125719696,0.00000177533638634,0.00000160395393323,0.000001341395091,9.67319238043e-7,7.39503150271e-7,5.39289999324e-7,3.78298864234e-7,3.31581361479e-7],"min":[2.87142415496e-17,3.20379677327e-16,8.69478155686e-16,6.06011733816e-16,4.4456116602e-16,7.35803174659e-16,1.53695705878e-15,3.94138035824e-16,4.78000385652e-16,1.68436292034e-15,1.47180857843e-15,1.17909770879e-15,6.77223752456e-16,4.35369720342e-16,3.64380418428e-16,5.96821849855e-16,4.26054343156e-16,8.67214354256e-16,7.97183576001e-16,5.04728139725e-16,3.45791115731e-16,8.115649646e-17,2.9068826085e-16,7.73422925402e-16,7.4466160404e-16,7.09042650998e-16,5.62796059908e-16,1.94628993924e-16,1.37215049351e-16,1.24889687647e-16,1.46168319952e-16,5.85820532997e-16,1.24334674602e-15,1.02431217855e-15,8.85420480424e-16,5.57168478885e-16,7.03204105833e-16,1.424483683e-15,6.07011073875e-16,4.99488499793e-16],"var":[0.00000331036881107,0.0000044613116188,0.00000356052419193,0.00000136072617352,3.82225266549e-7,3.83168355711e-7,1.83599141224e-7,1.81023963819e-7,3.04358138692e-7,9.11575625651e-7,5.90412867041e-7,3.49697387492e-7,2.96213009676e-8,9.65151869536e-9,1.99974561355e-8,2.81433525373e-8,7.48367678938e-9,4.76521799797e-9,2.15483964006e-9,3.02321789825e-9,3.16477355433e-9,1.5012157073e-9,1.83054227332e-9,7.56950446767e-10,2.15262960235e-10,1.43655073948e-10,1.30442212587e-10,1.66818683867e-10,1.06043118731e-10,4.6760349065e-11,3.3873678168e-11,2.23808020727e-11,2.26860093211e-11,3.53937990027e-11,4.06462016822e-11,3.97007600406e-11,5.70781547027e-11,3.2633167002e-11,1.702930158e-11,6.22900038841e-12]},"melbands_crest":{"dmean":3.10057353973,"dmean2":4.90256547928,"dvar":7.20111179352,"dvar2":17.977060318,"max":33.0077590942,"mean":13.0151672363,"median":12.289899826,"min":2.16765284538,"var":19.9746990204},"melbands_flatness_db":{"dmean":0.0220734998584,"dmean2":0.0330808497965,"dvar":0.000392085494241,"dvar2":0.000936370750424,"max":0.534397482872,"mean":0.211687713861,"median":0.187942817807,"min":0.00475338287652,"var":0.0071163889952},"melbands_kurtosis":{"dmean":4.61388921738,"dmean2":7.33967638016,"dvar":45.4442214966,"dvar2":116.279380798,"max":123.040298462,"mean":9.54158782959,"median":5.62754487991,"min":-1.55068039894,"var":120.307884216},"melbands_skewness":{"dmean":0.605409681797,"dmean2":0.939503490925,"dvar":0.349723011255,"dvar2":0.857104182243,"max":9.32955932617,"mean":2.05521249771,"median":1.86631155014,"min":-3.64307641983,"var":2.40047955513},"melbands_spread":{"dmean":5.39753484726,"dmean2":8.25036430359,"dvar":37.5816879272,"dvar2":81.887840271,"max":143.538223267,"mean":20.8840370178,"median":18.4438934326,"min":0.758226394653,"var":156.557250977},"mfcc":{"cov":[[26529.8261719,401.056640625,2766.95263672,3673.82788086,1266.73840332,1504.88208008,-210.116867065,-377.770874023,-1048.71472168,-1456.93933105,-1470.01245117,-704.088439941,-192.549743652],[401.056640625,1356.18859863,-368.955169678,-48.7139434814,-74.9575119019,-37.5997428894,59.2801895142,62.5453338623,99.5693664551,87.5199356079,70.7200698853,-15.3788261414,-39.2308731079],[2766.95263672,-368.955169678,846.34753418,499.204864502,221.815582275,259.812591553,-74.7223968506,-77.6728820801,-200.665847778,-281.651916504,-230.841003418,-102.182762146,-1.97674071789],[3673.82788086,-48.7139434814,499.204864502,805.930664062,247.521072388,249.099121094,-47.9484786987,-75.4199752808,-180.282073975,-259.806762695,-241.556945801,-127.452140808,-31.2788410187],[1266.73840332,-74.9575119019,221.815582275,247.521072388,197.070175171,115.037124634,-31.4084339142,-28.4791736603,-68.878868103,-108.001205444,-100.410705566,-34.2615470886,15.697145462],[1504.88208008,-37.5997428894,259.812591553,249.099121094,115.037124634,221.717941284,16.6495037079,-31.0875320435,-90.0299911499,-123.461906433,-101.036506653,-53.1161499023,-12.3919401169],[-210.116867065,59.2801895142,-74.7223968506,-47.9484786987,-31.4084339142,16.6495037079,129.501998901,44.7245941162,19.3191699982,50.3895721436,43.9187774658,13.0658073425,-17.7960472107],[-377.770874023,62.5453338623,-77.6728820801,-75.4199752808,-28.4791736603,-31.0875320435,44.7245941162,114.945419312,74.232131958,35.418838501,46.4105377197,23.5398216248,0.546379983425],[-1048.71472168,99.5693664551,-200.665847778,-180.282073975,-68.878868103,-90.0299911499,19.3191699982,74.232131958,169.133285522,129.930526733,75.9794006348,36.5757675171,11.2837162018],[-1456.93933105,87.5199356079,-281.651916504,-259.806762695,-108.001205444,-123.461906433,50.3895721436,35.418838501,129.930526733,240.414321899,158.443954468,63.0161781311,1.84541094303],[-1470.01245117,70.7200698853,-230.841003418,-241.556945801,-100.410705566,-101.036506653,43.9187774658,46.4105377197,75.9794006348,158.443954468,215.518203735,94.6180496216,-18.1695270538],[-704.088439941,-15.3788261414,-102.182762146,-127.452140808,-34.2615470886,-53.1161499023,13.0658073425,23.5398216248,36.5757675171,63.0161781311,94.6180496216,100.141586304,30.8537845612],[-192.549743652,-39.2308731079,-1.97674071789,-31.2788410187,15.697145462,-12.3919401169,-17.7960472107,0.546379983425,11.2837162018,1.84541094303,-18.1695270538,30.8537845612,92.9667129517]],"icov":[[0.000145660698763,-0.000122081270092,-0.0000904291446204,-0.000404157210141,-0.0000212477134482,-0.000265871320153,0.000115738257591,-0.000232754508033,0.000355006399332,-0.00026837081532,0.000635524338577,-0.00036743254168,0.000312330026645],[-0.000122081270092,0.00103427225258,0.000670497189276,0.0000640459256829,0.000155226050992,-0.00012182284263,-0.000127099541714,0.0000243960639636,-0.000633813557215,0.000453802029369,-0.000886690686457,0.000929776928388,-0.00026146590244],[-0.0000904291446204,0.000670497189276,0.00312671810389,-0.000347921275534,-0.000411560526118,-0.0016225046711,0.00102286948822,-0.000554550031666,0.000766907120124,0.000815110106487,-0.000019026823793,0.000490193953738,-0.000178313610377],[-0.000404157210141,0.0000640459256829,-0.000347921275534,0.00424442673102,-0.00190234172624,0.00000681783103573,-0.000222419257625,0.000604220025707,-0.00023723996128,0.000929957081098,-0.00051925535081,0.00133883522358,0.000351101509295],[-0.0000212477134482,0.000155226050992,-0.000411560526118,-0.00190234172624,0.0102950092405,-0.00272507267073,0.00161675189156,-0.000722253113054,0.000203176838113,-0.000192374325707,0.00110722903628,-0.0013884184882,-0.00175874517299],[-0.000265871320153,-0.00012182284263,-0.0016225046711,0.00000681783103573,-0.00272507267073,0.0111516546458,-0.0048865689896,0.00239121494815,-0.000970707973465,0.00286517222412,-0.00165817327797,0.00179419608321,-0.000495752727147],[0.000115738257591,-0.000127099541714,0.00102286948822,-0.000222419257625,0.00161675189156,-0.0048865689896,0.0130093907937,-0.00694031873718,0.00473011704162,-0.00534434476867,0.00215130229481,-0.0016356757842,0.00223503168672],[-0.000232754508033,0.0000243960639636,-0.000554550031666,0.000604220025707,-0.000722253113054,0.00239121494815,-0.00694031873718,0.0179352611303,-0.0111269615591,0.00767800025642,-0.00560542941093,0.0013040463673,-0.00160375260748],[0.000355006399332,-0.000633813557215,0.000766907120124,-0.00023723996128,0.000203176838113,-0.000970707973465,0.00473011704162,-0.0111269615591,0.0186011046171,-0.0104934629053,0.0065165697597,-0.00228313426487,0.00119340431411],[-0.00026837081532,0.000453802029369,0.000815110106487,0.000929957081098,-0.000192374325707,0.00286517222412,-0.00534434476867,0.00767800025642,-0.0104934629053,0.0171945430338,-0.0106470631436,0.00465908739716,-0.00338270864449],[0.000635524338577,-0.000886690686457,-0.000019026823793,-0.00051925535081,0.00110722903628,-0.00165817327797,0.00215130229481,-0.00560542941093,0.0065165697597,-0.0106470631436,0.0224220249802,-0.0157022029161,0.00981761328876],[-0.00036743254168,0.000929776928388,0.000490193953738,0.00133883522358,-0.0013884184882,0.00179419608321,-0.0016356757842,0.0013040463673,-0.00228313426487,0.00465908739716,-0.0157022029161,0.0263818539679,-0.0113948043436],[0.000312330026645,-0.00026146590244,-0.000178313610377,0.000351101509295,-0.00175874517299,-0.000495752727147,0.00223503168672,-0.00160375260748,0.00119340431411,-0.00338270864449,0.00981761328876,-0.0113948043436,0.0176983419806]],"mean":[-681.829040527,115.035247803,-4.39830112457,12.0668821335,-8.12440395355,-1.31494617462,0.879922330379,8.71932983398,8.62809467316,8.54535484314,0.144807711244,-0.448841065168,-4.03205394745]},"pitch_salience":{"dmean":0.0692586451769,"dmean2":0.110412821174,"dvar":0.00377305783331,"dvar2":0.00965595338494,"max":0.902548849583,"mean":0.555225193501,"median":0.562262058258,"min":0.135221660137,"var":0.0137431705371},"silence_rate_20dB":{"dmean":0,"dmean2":0,"dvar":0,"dvar2":0,"max":1,"mean":1,"median":1,"min":1,"var":0},"silence_rate_30dB":{"dmean":0,"dmean2":0,"dvar":0,"dvar2":0,"max":1,"mean":1,"median":1,"min":1,"var":0},"silence_rate_60dB":{"dmean":0.0150738973171,"dmean2":0.0301495697349,"dvar":0.0148482192308,"dvar2":0.0324264913797,"max":1,"mean":0.216144606471,"median":0,"min":0,"var":0.169432193041},"spectral_centroid":{"dmean":207.557434082,"dmean2":318.647369385,"dvar":43128.1210938,"dvar2":100491.507812,"max":3947.38623047,"mean":1315.77709961,"median":1230.48986816,"min":303.152862549,"var":202726.796875},"spectral_complexity":{"dmean":3.51504445076,"dmean2":5.47191143036,"dvar":15.3828134537,"dvar2":34.8673324585,"max":57,"mean":19.6907672882,"median":21,"min":0,"var":149.285171509},"spectral_contrast_coeffs":{"dmean":[0.0509630329907,0.045285385102,0.0391186922789,0.0297268144786,0.0199937801808,0.0164439100772],"dmean2":[0.0835586041212,0.0722116753459,0.0621285066009,0.0475994646549,0.0321587361395,0.0261237211525],"dvar":[0.00192019366659,0.0013218910899,0.00103455362841,0.000538138032425,0.0002639790182,0.000213855004404],"dvar2":[0.00493721850216,0.00348592316732,0.00259376480244,0.00138312589843,0.000645431282464,0.000507630873471],"max":[-0.331208407879,-0.428812742233,-0.40973675251,-0.515051364899,-0.557141780853,-0.606882691383],"mean":[-0.682992756367,-0.720284998417,-0.713498651981,-0.769877612591,-0.788991987705,-0.762737989426],"median":[-0.675364613533,-0.730747103691,-0.725190758705,-0.781558275223,-0.799038469791,-0.755123794079],"min":[-0.964535295963,-0.939048707485,-0.961314976215,-0.962458074093,-0.938490569592,-0.929425358772],"var":[0.0106630241498,0.00601219711825,0.00799103733152,0.00383710605092,0.0020742455963,0.0020611260552]},"spectral_contrast_valleys":{"dmean":[0.385775089264,0.339209854603,0.300347179174,0.250491738319,0.211394146085,0.206413149834],"dmean2":[0.629568815231,0.548575043678,0.477967441082,0.391735762358,0.327011913061,0.319135904312],"dvar":[0.0988535732031,0.0794083103538,0.0595505014062,0.0420534089208,0.0392315462232,0.0631477534771],"dvar2":[0.256364107132,0.197626844049,0.142484486103,0.0964304879308,0.0883558318019,0.148498401046],"max":[-5.22921085358,-4.76874256134,-5.10583019257,-5.84149312973,-5.74134492874,-7.45802402496],"mean":[-7.90850782394,-7.36518383026,-7.73286056519,-8.29586315155,-8.14623737335,-10.932009697],"median":[-6.86811351776,-6.4354352951,-6.93410205841,-7.37967586517,-7.01012039185,-9.67561340332],"min":[-19.439289093,-19.3690242767,-18.8144798279,-18.9467220306,-18.7856445312,-19.9216709137],"var":[5.56704139709,4.96341943741,4.06445026398,4.11698579788,5.12087106705,7.06932687759]},"spectral_decrease":{"dmean":2.07408223929e-9,"dmean2":3.23665538815e-9,"dvar":7.45709774225e-18,"dvar2":1.80250298624e-17,"max":3.61159734465e-16,"mean":-6.57660192971e-9,"median":-6.33808205919e-9,"min":-3.22113073992e-8,"var":2.8148314353e-17},"spectral_energy":{"dmean":0.00807621236891,"dmean2":0.0125904101878,"dvar":0.000111989334982,"dvar2":0.000270818709396,"max":0.12322448194,"mean":0.0266867764294,"median":0.0261124074459,"min":4.33077775031e-11,"var":0.000451198138762},"spectral_energyband_high":{"dmean":0.000339969876222,"dmean2":0.000511069782078,"dvar":4.41100013404e-7,"dvar2":8.2068595475e-7,"max":0.0139042697847,"mean":0.00102531397715,"median":0.000721618591342,"min":1.30363445733e-11,"var":0.00000178833397513},"spectral_energyband_low":{"dmean":0.0047950479202,"dmean2":0.00764529919252,"dvar":0.000057407807617,"dvar2":0.000141475728014,"max":0.113280467689,"mean":0.00825951620936,"median":0.00521425064653,"min":2.18594343269e-15,"var":0.000099929413409},"spectral_energyband_middle_high":{"dmean":0.00181972968858,"dmean2":0.00281204166822,"dvar":0.000013973575733,"dvar2":0.0000358646902896,"max":0.0884064361453,"mean":0.00540464976802,"median":0.00314680254087,"min":8.61844368658e-14,"var":0.000049422680604},"spectral_energyband_middle_low":{"dmean":0.00511927204207,"dmean2":0.00812686607242,"dvar":0.0000592006399529,"dvar2":0.000146260164911,"max":0.102488674223,"mean":0.013703676872,"median":0.0111755430698,"min":2.98221666003e-14,"var":0.000171251434949},"spectral_entropy":{"dmean":0.129120573401,"dmean2":0.188190311193,"dvar":0.0157083254308,"dvar2":0.0322786532342,"max":9.06035900116,"mean":7.35917329788,"median":7.7343416214,"min":4.65270853043,"var":0.684715926647},"spectral_flux":{"dmean":0.0202856268734,"dmean2":0.0312761925161,"dvar":0.000551104079932,"dvar2":0.00121352402493,"max":0.265416562557,"mean":0.0802002102137,"median":0.0854267925024,"min":0.0000185579920071,"var":0.00307537149638},"spectral_kurtosis":{"dmean":3.23560762405,"dmean2":5.65154743195,"dvar":37.6761894226,"dvar2":114.026123047,"max":79.6299362183,"mean":8.30098152161,"median":2.99977231026,"min":-0.931464910507,"var":135.776473999},"spectral_rms":{"dmean":0.00065982376691,"dmean2":0.00100694852881,"dvar":5.8251663404e-7,"dvar2":0.00000137523727517,"max":0.0109644429758,"mean":0.00444931490347,"median":0.00504732783884,"min":2.05551671684e-7,"var":0.00000623941423328},"spectral_rolloff":{"dmean":420.970367432,"dmean2":698.413269043,"dvar":718853.0625,"dvar2":1536591,"max":21597.8027344,"mean":1453.05371094,"median":990.52734375,"min":86.1328125,"var":3136969},"spectral_skewness":{"dmean":0.304546117783,"dmean2":0.516691684723,"dvar":0.196707606316,"dvar2":0.588777542114,"max":6.9088101387,"mean":1.7501282692,"median":1.32838356495,"min":0.315597116947,"var":1.04932057858},"spectral_spread":{"dmean":352334.15625,"dmean2":512400.75,"dvar":190043570176,"dvar2":305781374976,"max":19451902,"mean":4139630.25,"median":4397883,"min":910033.875,"var":3148115869700},"spectral_strongpeak":{"dmean":0.510060250759,"dmean2":0.852815687656,"dvar":0.686116814613,"dvar2":1.74316501617,"max":9.30919551849,"mean":0.919187366962,"median":0.494693696499,"min":0.000137205643114,"var":1.36207258701},"zerocrossingrate":{"dmean":0.00837127957493,"dmean2":0.00986562762409,"dvar":0.000101847886981,"dvar2":0.000120131204312,"max":0.8916015625,"mean":0.0626394078135,"median":0.05419921875,"min":0.0107421875,"var":0.00244296551682}},"metadata":{"audio_properties":{"analysis_sample_rate":44100,"bit_rate":0,"codec":"flac","downmix":"mix","equal_loudness":0,"length":394.333343506,"lossless":true,"md5_encoded":"8dbac2ee02a2b82dba091c7333ec65aa","replay_gain":-14.3024368286,"sample_rate":44100},"tags":{"album":["Nostradamus (disc 1)"],"albumartist":["Judas Priest"],"albumartistsort":["Judas Priest"],"analysis":["MusicMagic DataAgECKAQPxGKwUqnbgUNqu+PzxtyDUIwy4AWTlzbIp+0HFaSTgAHX5rMayW6Yadi2iEqAARWEn04y+9S5ib7Tj/PXOWe3EutigcWC2rikq7u1JYSw2xJRLJs8hZOH7fWunANO2ZPH+pqZU4dA8xavfKfAmw6igYIogAEOLspQGsrINYw1zB3/qPFQshPiOoBFgDo="],"artist":["Judas Priest"],"artistsort":["Judas Priest"],"asin":["B0018C1DQ4"],"barcode":["886973155929"],"catalognumber":["88697315592"],"date":["2008-06-16"],"discid":["b00d220d"],"discnumber":["1"],"file_name":"13 Persecution.flac","fingerprint":["MusicMagic FingerprintARcWNWQo1jjyIS4dRiIWEJURIhXoETEOOwvhHRASqxTVDykPlQntDmYPcgtwCnUIcggDBX0FdgVRBigE7QO9BGoD0wNfAyQDBgNaAqsCeAJ+7ZfuWs/D6ATpJPALEsjxefgvG6oJYQ+qBXM6Fw9DSc4ISBRmAIQRIwtVDiEJAf+sBDAANAAq/98A5v7j/xb8zf4q/hH+mv38/aD+m/5Z/o8O6h+dL3TWZu6/BF7HHwtD/vzz+/fzDl/xodlBCllBsBM7Fj0BSPuxA48A2/o///D88f5cAZH+T/7tAAD/WgCa/7D/5QAN/6QAG/98/5j/F/DG193YWFJKCd4UK+Ja/D38oPh/BCr8Z/WB0KACgiY3G7gGxAQ+AFj8Nv9a+43/7P7G/7gAgv3X/un/3QALAJ8BKwBO/7P/gADcAFsAMwCCARADegzOBTn9u8rSGC3hD/VOBWX68fQ9/tPwSeWR5zA4M088EKQFYgH1++z/u/XW/zv9UP0C/KH9R/3I/u3+cv5F/kP+UP2s/k3+uf8f/tLniMDkJin8APu2KwPcRxNWC9XwHv8eB+0MVTByDI7kgAfmMe4ELfWVBc0IZQKKB/AB+wL0ANMDOQOABI4C3wByAYsCXwDIAW0CNgGcAM0A3iQuCM7BONBsDukwohAJHWIT4fV2CW38sgpP6ksNZOvdNDcOWQX2/M8BHAisApcJggNzAtoDXwPdAuMFcQP5A1YDAAN0AcUClwN+Aj4BYwDEPjo3Mg=="],"format":["CD"],"genre":["Heavy Metal"],"label":["Columbia Records"],"language":["eng"],"musicbrainz_albumartistid":["6b335658-22c8-485d-93de-0bc29a1d0349"],"musicbrainz_albumid":["23aada98-3ffc-4247-8fb6-528eeaee3077"],"musicbrainz_artistid":["6b335658-22c8-485d-93de-0bc29a1d0349"],"musicbrainz_discid":["SeU6SOKTQUUOsrZbU_rghQaibFo-"