{"lowlevel":{"average_loudness":0.926351666451,"barkbands":{"dmean":[0.00152663420886,0.00742568727583,0.0030077372212,0.00129271100741,0.00171686394606,0.000679124845192,0.000575724930968,0.000334605021635,0.000511016289238,0.000742066651583,0.000364365172572,0.00314740859903,0.0014618805144,0.00104126206134,0.000531769823283,0.000202308088774,0.000164183438756,0.000161885167472,0.0000943234408624,0.0000585679881624,0.0000436544069089,0.0000165276505868,0.00000943315808399,0.00000699625115885,0.00000221637537834,0.00000802655267762,0.000196419394342],"dmean2":[0.00265638832934,0.0127511341125,0.00514291087165,0.00209961039945,0.00271500926465,0.00110141991172,0.000916471239179,0.00054368696874,0.000792110629845,0.00120640930254,0.000588093011174,0.00498679559678,0.00240400456823,0.00176167383324,0.000863704597577,0.000332012539729,0.000256506318692,0.000243839735049,0.000137956361868,0.0000870579024195,0.0000650634246995,0.0000246019280894,0.0000135187065098,0.0000101206032923,0.00000371841701963,0.0000111728040793,0.000315221695928],"dvar":[0.0000122390883917,0.00016799622972,0.0000195613793039,0.00000355607835445,0.00000862894739839,0.00000144204250319,0.00000140403926707,6.33688841845e-7,0.0000016705729422,0.00000297097153634,7.84652797847e-7,0.0000296829075523,0.00000526153007741,0.00000248015135185,6.82449865508e-7,1.05383037408e-7,7.84018325817e-8,7.50673052607e-8,3.09114867036e-8,9.94053372949e-9,5.52477485982e-9,1.23167298582e-9,2.6128155195e-10,1.78508707815e-10,1.56927717349e-11,2.1243504178e-10,6.12405131051e-8],"dvar2":[0.0000315891520586,0.000446582795121,0.0000552175770281,0.0000088513315859,0.0000200475969905,0.00000344881527781,0.00000296732537208,0.00000145488343151,0.00000362613718607,0.00000713888584869,0.00000191214712686,0.0000694765112712,0.0000144889809235,0.00000694072059559,0.00000171601072907,2.70484520115e-7,1.88215707908e-7,1.5912848994e-7,6.38868939973e-8,2.09292885245e-8,1.23360193172e-8,2.74649369914e-9,5.29087496037e-10,3.61836255403e-10,3.82929313258e-11,4.01526228933e-10,1.65930558182e-7],"max":[0.0340802520514,0.144754976034,0.101076543331,0.0466649755836,0.0585273578763,0.0331259407103,0.0376041270792,0.0340973772109,0.0463898703456,0.0782466232777,0.0257022604346,0.103301666677,0.042886402458,0.0407987087965,0.0360881984234,0.00981963425875,0.00883440393955,0.0043247663416,0.00391147146001,0.00241614249535,0.00195453176275,0.00143896543887,0.000380481156753,0.00032570946496,0.0000751779734856,0.000315553043038,0.00536175817251],"mean":[0.00125818059314,0.00928097590804,0.00435520056635,0.00193541822955,0.00289864651859,0.00113514694385,0.000997240305878,0.000580976833589,0.000953508832026,0.00117488019168,0.000555293750949,0.00525927450508,0.00256011332385,0.00192225945648,0.00107033899985,0.000382389931474,0.000282091845293,0.000277887476841,0.000161435149494,0.000114696660603,0.0000893891119631,0.0000338826612278,0.0000160518357006,0.00000881573942024,0.00000220085917135,0.0000122809187815,0.000584640190937],"median":[0.000331935210852,0.00529080396518,0.00270188250579,0.00106939557008,0.00133855221793,0.00059013615828,0.000414498092141,0.000232555292314,0.00032311322866,0.000578048347961,0.000276046339422,0.00246722390875,0.00158888567239,0.00113399210386,0.000772064900957,0.000231363694184,0.000165139063029,0.000127601379063,0.0000734349450795,0.0000572976277908,0.0000541207737115,0.0000211918704736,0.00000776812976255,0.00000256127100329,8.1157600107e-7,0.00000493023117087,0.000508884841111],"min":[3.37877556657e-25,5.48526186849e-24,1.25444720313e-24,1.1217093257e-24,4.36377973473e-24,9.13997042869e-24,6.67503016878e-24,1.7207006407e-23,1.70558669685e-23,1.2619350314e-23,1.47185210157e-23,1.31453651322e-23,3.48722210931e-23,3.0617935252e-23,5.93279820058e-23,5.91889279163e-23,6.6492195866e-23,1.26666272213e-22,1.31351878798e-22,1.67131618099e-22,1.98595518319e-22,2.83674835901e-22,3.38066227336e-22,5.20534904398e-22,8.67805661751e-22,1.37089959622e-21,1.92987638673e-21],"var":[0.00000936073229241,0.000160480412887,0.0000279122177744,0.00000667139647703,0.0000209097870538,0.00000315373381454,0.00000457660462416,0.00000225566009249,0.00000461092940895,0.00000521049105373,0.00000121156483601,0.0000592449760006,0.00000985111819318,0.00000575115063839,0.00000176941307473,2.96435842984e-7,1.3881148675e-7,1.56358453296e-7,6.4363419483e-8,2.67244963936e-8,1.39502231988e-8,2.29620034098e-9,5.25270937857e-10,2.73239070259e-10,1.64293943034e-11,3.94868332476e-10,1.94035578716e-7]},"barkbands_crest":{"dmean":2.77530241013,"dmean2":4.65890884399,"dvar":6.02673006058,"dvar2":16.2573375702,"max":23.7826766968,"mean":9.17967796326,"median":8.45608520508,"min":2.62060284615,"var":12.7602100372},"barkbands_flatness_db":{"dmean":0.0233384408057,"dmean2":0.037615083158,"dvar":0.00041662476724,"dvar2":0.0010881543858,"max":0.336028248072,"mean":0.13325946033,"median":0.129010558128,"min":0.0397772938013,"var":0.00142653274816},"barkbands_kurtosis":{"dmean":2.31143164635,"dmean2":3.78991127014,"dvar":23.6246185303,"dvar2":56.5948448181,"max":167.248947144,"mean":3.15121912956,"median":1.33240509033,"min":-1.5682246685,"var":53.3179321289},"barkbands_skewness":{"dmean":0.53621506691,"dmean2":0.859373211861,"dvar":0.267206549644,"dvar2":0.684875547886,"max":10.2540035248,"mean":1.19937026501,"median":1.00583183765,"min":-2.41513895988,"var":1.15968048573},"barkbands_spread":{"dmean":5.95683050156,"dmean2":9.65938186646,"dvar":31.2075767517,"dvar2":79.0931625366,"max":113.911155701,"mean":27.1226673126,"median":27.0075092316,"min":1.45371997356,"var":97.3180923462},"dissonance":{"dmean":0.0172268562019,"dmean2":0.0297467447817,"dvar":0.000356868898962,"dvar2":0.000992956454866,"max":0.500000059605,"mean":0.474600374699,"median":0.481466591358,"min":0.314352601767,"var":0.000510812154971},"dynamic_complexity":3.2293317318,"erbbands":{"dmean":[0.272019803524,1.52568233013,3.58530545235,3.57898926735,5.23912763596,5.79636907578,6.72161626816,5.47582244873,5.14299201965,11.3173456192,8.76446819305,10.0351228714,17.4026832581,20.1701545715,37.5809669495,127.089698792,70.9155426025,45.925403595,38.0007133484,20.6154575348,8.78077125549,8.59687614441,8.93534660339,6.32655191422,3.76537919044,2.73535108566,2.41450738907,1.17637073994,0.626209259033,0.381262153387,0.261965125799,0.196820169687,0.085461050272,0.0262566115707,0.0157694015652,0.0149977318943,0.0196254383773,0.00979452114552,0.00614388100803,0.00491625629365],"dmean2":[0.47572094202,2.62847733498,6.17000579834,5.7818031311,8.34136104584,9.33560657501,10.6504421234,8.97166919708,8.22348499298,18.0430870056,13.7632217407,15.6711111069,28.0024623871,32.5991287231,59.6634521484,201.311584473,115.46270752,75.9313049316,62.6388549805,33.6968841553,14.0736522675,13.1859054565,13.5805425644,9.20203208923,5.50373458862,4.04978752136,3.62110853195,1.74432730675,0.929014503956,0.556155204773,0.374994874001,0.279252409935,0.128134906292,0.0435419902205,0.0263539012522,0.0231631733477,0.0270867291838,0.0135451229289,0.00863075535744,0.007673622109],"dvar":[0.359235644341,5.72670841217,26.3028297424,25.4178695679,96.8212661743,114.806411743,168.333145142,106.401626587,166.765731812,579.700256348,728.406311035,469.312042236,1630.78063965,2272.86279297,3253.20117188,56610.0664062,13145.1015625,5079.33056641,2817.98168945,1131.84460449,208.682266235,194.499542236,222.918640137,132.678604126,45.5495872498,22.4751319885,16.6955356598,5.67666530609,1.85947930813,0.450525164604,0.207805857062,0.144042745233,0.0264426227659,0.00201814272441,0.000779201509431,0.00064827845199,0.00145095319021,0.000345627166098,0.0000794005027274,0.0000330892435159],"dvar2":[0.959861278534,15.5720357895,75.3476104736,63.5064201355,227.157302856,267.215698242,409.997833252,263.737701416,299.651245117,1330.8770752,1470.5526123,1018.51385498,4210.36230469,5305.67578125,7770.87744141,132143.046875,36007.6757812,13866.1787109,7565.88427734,2953.83740234,522.872680664,446.186798096,479.287231445,269.442504883,91.4736328125,47.89585495,36.7371520996,12.481880188,4.10382890701,0.998454451561,0.411725014448,0.293829500675,0.0544606819749,0.00490905763581,0.00190152111463,0.00139132048935,0.00274700904265,0.00069372379221,0.000151519285282,0.0000804446754046],"max":[5.73401880264,34.1250610352,132.67678833,106.008209229,261.200439453,182.746627808,320.130218506,306.684936523,666.047912598,651.045837402,1489.71325684,724.302734375,1339.99365234,1484.11682129,1258.96264648,4433.91796875,2150.45214844,2305.68847656,1275.6204834,1148.08435059,549.394714355,377.170898438,215.140029907,246.243438721,122.70349884,119.138595581,74.1682662964,79.6926651001,55.7235794067,17.4789352417,9.56244277954,9.77316570282,3.16261792183,0.847362875938,0.52969878912,0.449926048517,0.912851750851,0.597938597202,0.205823734403,0.0962629765272],"mean":[0.262302398682,2.04037284851,5.29461431503,5.96388816833,8.77791786194,8.48967456818,10.4754343033,8.80230426788,9.19442844391,18.9918842316,16.5911121368,19.1821670532,29.815328598,33.6236877441,67.8329696655,216.036087036,130.691131592,95.0448303223,76.033531189,44.4493293762,18.1120452881,15.8308696747,15.8302316666,10.75111866,6.80073070526,5.41972303391,4.95434522629,2.41853475571,1.28522288799,0.739146947861,0.434480011463,0.2679643929,0.0997522547841,0.0276147034019,0.0161501206458,0.0180690381676,0.0293471515179,0.0225882455707,0.0197954215109,0.0202236827463],"median":[0.10207991302,1.20521354675,3.41377878189,3.73293399811,3.70328116417,4.00326967239,5.07508897781,4.44364595413,4.18801307678,7.18771266937,5.90238189697,7.40846586227,13.5100765228,17.9952659607,40.1335067749,101.778869629,81.7935791016,59.7803039551,54.3016281128,30.3985519409,11.3859577179,9.28417301178,7.7626209259,4.73077344894,3.23483610153,2.7504336834,2.85213804245,1.48332166672,0.793319940567,0.445577919483,0.201028108597,0.085224956274,0.0278501734138,0.0113091059029,0.00646853819489,0.00673928577453,0.0105359740555,0.0149450041354,0.0153761859983,0.0181386843324],"min":[7.69929379455e-23,9.6969266435e-22,2.69324494256e-21,7.589805404e-21,1.02028996552e-20,1.73065975088e-20,1.79552508963e-20,8.4506154321e-20,1.52142515811e-19,2.47779755292e-19,2.81157061695e-19,4.29067889513e-19,5.4056139293e-19,6.58989823506e-19,8.68166067737e-19,1.03705080962e-18,1.68637197744e-18,2.07800032826e-18,2.79095929234e-18,3.22003173134e-18,3.49474048072e-18,4.47534572611e-18,6.83219629028e-18,7.09514335853e-18,8.24371920783e-18,8.04715297015e-18,8.57327375414e-18,9.64301184643e-18,1.08625498661e-17,1.21830022662e-17,8.85269950096e-18,1.12717073115e-17,8.91405727726e-18,8.66678652239e-18,7.32947866299e-18,4.99007375153e-18,2.40349403814e-18,1.04377340985e-18,2.75633795799e-19,2.65582362285e-20],"var":[0.269825100899,6.43164777756,36.6256446838,50.1769866943,265.456665039,186.954910278,369.4659729,201.748764038,429.296905518,1883.44873047,2624.70483398,1399.54626465,3323.75732422,3652.70874023,6608.05761719,110969.992188,25614.6484375,12411.1972656,6888.99414062,3475.14599609,573.388366699,402.075714111,465.888458252,281.814910889,102.724502563,59.4399986267,45.4515571594,11.8068265915,3.54006552696,0.896564543247,0.411159068346,0.230252951384,0.0375730246305,0.00218294537626,0.000822645088192,0.000902955362108,0.00258429464884,0.000776375294663,0.000341175269568,0.000188421749044]},"erbbands_crest":{"dmean":3.2971701622,"dmean2":5.36815738678,"dvar":9.34524917603,"dvar2":23.0194625854,"max":33.2966957092,"mean":11.0293292999,"median":9.77842521667,"min":2.28195691109,"var":25.9639949799},"erbbands_flatness_db":{"dmean":0.0232465267181,"dmean2":0.0359180234373,"dvar":0.000397453928599,"dvar2":0.000919401878491,"max":0.452722668648,"mean":0.178626209497,"median":0.175260186195,"min":0.036212939769,"var":0.00217711902224},"erbbands_kurtosis":{"dmean":1.78927516937,"dmean2":2.83659791946,"dvar":5.75412845612,"dvar2":13.9092350006,"max":44.6032676697,"mean":2.88247799873,"median":1.78127288818,"min":-1.71873021126,"var":13.6723775864},"erbbands_skewness":{"dmean":0.37705847621,"dmean2":0.598106682301,"dvar":0.117852032185,"dvar2":0.289991289377,"max":2.68440580368,"mean":-0.579004824162,"median":-0.560157358646,"min":-3.11794614792,"var":0.433841615915},"erbbands_spread":{"dmean":5.05365037918,"dmean2":7.99778318405,"dvar":22.2201251984,"dvar2":53.3184700012,"max":90.6273040771,"mean":19.8286590576,"median":17.5900115967,"min":0.621685802937,"var":129.025482178},"gfcc":{"cov":[[19321.9765625,1824.93225098,-944.279724121,-124.747550964,-256.743713379,250.8150177,236.44329834,-523.782653809,-80.3927841187,101.56539917,-9.68262767792,15.2478837967,-148.187698364],[1824.93225098,961.016479492,50.0914802551,-203.747390747,57.727935791,6.43816232681,73.3861236572,-140.820343018,-31.138381958,-10.1312665939,40.4382286072,-32.2316856384,41.3091239929],[-944.279724121,50.0914802551,523.484069824,70.9599151611,-134.981231689,175.153427124,-102.955413818,56.683391571,-78.0243225098,2.94120502472,-30.0368671417,8.79555034637,-14.8083992004],[-124.747550964,-203.747390747,70.9599151611,309.34664917,45.3998680115,-60.120880127,33.6788787842,40.3895874023,-13.1230478287,-30.6802692413,-37.5103149414,21.3906555176,-46.3078308105],[-256.743713379,57.727935791,-134.981231689,45.3998680115,234.930450439,-32.3154907227,52.8624916077,-11.6812505722,21.6907577515,-22.4678916931,34.2684860229,-10.1182289124,21.6757965088],[250.8150177,6.43816232681,175.153427124,-60.120880127,-32.3154907227,260.508728027,-49.2520446777,1.75564801693,-26.6650791168,27.4857025146,2.49056148529,8.09969043732,-1.82190084457],[236.44329834,73.3861236572,-102.955413818,33.6788787842,52.8624916077,-49.2520446777,155.004058838,-28.080696106,44.3628387451,-1.31674683094,4.42117977142,14.439081192,-15.4708757401],[-523.782653809,-140.820343018,56.683391571,40.3895874023,-11.6812505722,1.75564801693,-28.080696106,182.170806885,16.2517261505,12.3634176254,21.7004070282,-7.77826070786,3.9097006321],[-80.3927841187,-31.138381958,-78.0243225098,-13.1230478287,21.6907577515,-26.6650791168,44.3628387451,16.2517261505,115.190231323,38.631893158,8.66894817352,6.93375205994,-13.6646518707],[101.56539917,-10.1312665939,2.94120502472,-30.6802692413,-22.4678916931,27.4857025146,-1.31674683094,12.3634176254,38.631893158,79.1624755859,25.6521587372,-3.08249282837,12.7056093216],[-9.68262767792,40.4382286072,-30.0368671417,-37.5103149414,34.2684860229,2.49056148529,4.42117977142,21.7004070282,8.66894817352,25.6521587372,71.4090957642,16.8611755371,12.1111907959],[15.2478837967,-32.2316856384,8.79555034637,21.3906555176,-10.1182289124,8.09969043732,14.439081192,-7.77826070786,6.93375205994,-3.08249282837,16.8611755371,53.1423721313,4.86868143082],[-148.187698364,41.3091239929,-14.8083992004,-46.3078308105,21.6757965088,-1.82190084457,-15.4708757401,3.9097006321,-13.6646518707,12.7056093216,12.1111907959,4.86868143082,76.2331314087]],"icov":[[0.000288614130113,-0.00120242545381,0.0020292410627,-0.00162327545695,0.00150156673044,-0.00153428141493,0.000742367410567,-0.000202239476494,0.000442645890871,-0.000619653204922,0.000256092258496,-0.000425718521001,0.00048725848319],[-0.00120242545381,0.00703156599775,-0.00990022160113,0.00821480434388,-0.00674769701436,0.00708120083436,-0.00485735340044,0.00248902733438,-0.00183785508852,0.00361853302456,-0.00298253167421,0.00391568802297,-0.00281500467099],[0.0020292410627,-0.00990022160113,0.0192039757967,-0.0144396387041,0.0131909810007,-0.0139427306131,0.00746993999928,-0.00300847901963,0.00376230408438,-0.00423718662933,0.00236363941804,-0.00355588411912,0.00308689777739],[-0.00162327545695,0.00821480434388,-0.0144396387041,0.0190798956901,-0.0152664147317,0.0133057842031,-0.00611199531704,-0.00160321127623,0.00348400091752,-0.00322682945989,0.00837619695812,-0.00710477354005,0.00496424688026],[0.00150156673044,-0.00674769701436,0.0131909810007,-0.0152664147317,0.0198349095881,-0.0122562479228,0.00287253712304,0.00208232877776,-0.00472519593313,0.00802078191191,-0.0119267245755,0.0100708641112,-0.00652461545542],[-0.00153428141493,0.00708120083436,-0.0139427306131,0.0133057842031,-0.0122562479228,0.0158984176815,-0.00390455569141,0.000318733335007,0.00155701767653,-0.00303155556321,0.00381743186153,-0.00373818003573,0.00202732207254],[0.000742367410567,-0.00485735340044,0.00746993999928,-0.00611199531704,0.00287253712304,-0.00390455569141,0.0126446262002,-0.000785281416029,-0.00109092949424,-0.0029314905405,0.00288178143091,-0.00562515761703,0.00370425870642],[-0.000202239476494,0.00248902733438,-0.00300847901963,-0.00160321127623,0.00208232877776,0.000318733335007,-0.000785281416029,0.00999304279685,-0.0057403659448,0.00645982567221,-0.0105066923425,0.00970630254596,-0.00561277801171],[0.000442645890871,-0.00183785508852,0.00376230408438,0.00348400091752,-0.00472519593313,0.00155701767653,-0.00109092949424,-0.0057403659448,0.0210632830858,-0.0177362654358,0.0137228779495,-0.0141424154863,0.0116119682789],[-0.000619653204922,0.00361853302456,-0.00423718662933,-0.00322682945989,0.00802078191191,-0.00303155556321,-0.0029314905405,0.00645982567221,-0.0177362654358,0.0348339304328,-0.0238857343793,0.0214635394514,-0.0157887544483],[0.000256092258496,-0.00298253167421,0.00236363941804,0.00837619695812,-0.0119267245755,0.00381743186153,0.00288178143091,-0.0105066923425,0.0137228779495,-0.0238857343793,0.0409394800663,-0.0282675344497,0.014009389095],[-0.000425718521001,0.00391568802297,-0.00355588411912,-0.00710477354005,0.0100708641112,-0.00373818003573,-0.00562515761703,0.00970630254596,-0.0141424154863,0.0214635394514,-0.0282675344497,0.0438125915825,-0.0169676560909],[0.00048725848319,-0.00281500467099,0.00308689777739,0.00496424688026,-0.00652461545542,0.00202732207254,0.00370425870642,-0.00561277801171,0.0116119682789,-0.0157887544483,0.014009389095,-0.0169676560909,0.0257194973528]],"mean":[-6.2819442749,100.975906372,-108.627204895,-6.99938392639,2.94745707512,-3.35568618774,4.03677034378,-27.457201004,-6.01979017258,-7.63359355927,-1.5308457613,-5.50088357925,-10.0438737869]},"hfc":{"dmean":25.9822654724,"dmean2":40.7678642273,"dvar":735.298583984,"dvar2":1740.60095215,"max":493.075408936,"mean":110.962142944,"median":107.97454834,"min":1.10883058187e-16,"var":3480.43701172},"melbands":{"dmean":[0.00221108365804,0.00187285291031,0.000633201329038,0.000383188948035,0.000238067295868,0.000120794327813,0.0000862375236466,0.000106885199784,0.0000807372052805,0.0000655633193674,0.0000930768001126,0.0000910031885724,0.0000696492497809,0.00042379196384,0.000156134643476,0.000155943940626,0.0000887748392415,0.0000756605149945,0.0000351594062522,0.0000206537060876,0.0000102686908576,0.00000942445240071,0.00000952439768298,0.000007777751307,0.00000527173460796,0.00000336194784722,0.00000225445933211,0.00000188949150015,0.00000173970852302,0.0000011170311609,6.32400144696e-7,3.92583075381e-7,2.95187192023e-7,1.95598943264e-7,1.55495357035e-7,1.45902788518e-7,1.14698536891e-7,7.04264806473e-8,2.9292852588e-8,2.0365822806e-8],"dmean2":[0.00382136157714,0.00320294848643,0.0010128270369,0.000605761655606,0.000379986333428,0.00019697312382,0.000137296898174,0.000170810657437,0.000126098995679,0.000102141391835,0.000149969535414,0.000147440645378,0.000111681627459,0.000669711327646,0.000252282450674,0.000256930943578,0.000148181381519,0.000126352271764,0.0000570865704503,0.0000338962527167,0.0000166300778801,0.0000148123590407,0.000014885429664,0.0000118723000924,0.00000788620127423,0.00000503580849909,0.00000343543570125,0.0000028740162179,0.00000264224081548,0.00000170794703536,9.55703058025e-7,5.97191501583e-7,4.51887018471e-7,2.88763089884e-7,2.28142965852e-7,2.08367680443e-7,1.66563424386e-7,1.05520769011e-7,4.78185349095e-8,3.4195210219e-8],"dvar":[0.0000191662420548,0.0000068309168455,7.30791043679e-7,4.80493440591e-7,1.91316615883e-7,4.9383579892e-8,3.65322314622e-8,5.02225887544e-8,7.10843579554e-8,2.22663025795e-8,4.59334543734e-8,4.8203851577e-8,1.90933935329e-8,5.69953840568e-7,5.13918969602e-8,6.77736409216e-8,1.90316633564e-8,1.16399831995e-8,2.80939849162e-9,1.23143661934e-9,3.25129756451e-10,2.53773030368e-10,2.41772768472e-10,1.91390084336e-10,9.89383505678e-11,3.94049133601e-11,1.6897091365e-11,1.15242485693e-11,9.58752088137e-12,3.50799510968e-12,1.86598219515e-12,8.0682650231e-13,3.33908248273e-13,1.15302163433e-13,7.39031909671e-14,7.50235648345e-14,5.26839043311e-14,2.11051540285e-14,2.25011994273e-15,1.33398848286e-15],"dvar2":[0.0000506249016325,0.0000192128609342,0.00000182615508493,0.00000111148699489,4.69694754202e-7,1.1874872996e-7,6.98020485856e-8,1.16334362588e-7,1.38763155633e-7,4.98076460076e-8,1.18005210936e-7,1.12270676311e-7,4.64785969712e-8,0.0000013187411696,1.29090338419e-7,1.88076768382e-7,5.26558245895e-8,3.21385833502e-8,6.87588652681e-9,3.36350169938e-9,8.02171551406e-10,6.07555561416e-10,5.6171206575e-10,4.21484680491e-10,2.10326367434e-10,8.47223194378e-11,3.68614999635e-11,2.56192532466e-11,2.14880439831e-11,8.08452870621e-12,4.20478886085e-12,1.84268334098e-12,7.88610496349e-13,2.57922454011e-13,1.52575624661e-13,1.5514180923e-13,1.1010386125e-13,4.4167953664e-14,5.32093646081e-15,3.25683723527e-15],"max":[0.0439930967987,0.0632702708244,0.0173825062811,0.0143923768774,0.00906909722835,0.00727342860773,0.00891749467701,0.00592089118436,0.0150713976473,0.00577705679461,0.0081664416939,0.00792252272367,0.00398235674948,0.0148236276582,0.00474175158888,0.00523736141622,0.00456437468529,0.00179995771032,0.00231092399918,0.0009843633743,0.000703498721123,0.00051471934421,0.00019369275833,0.000244505878072,0.000218908448005,0.000130822270876,0.0000758268142818,0.0000822485380922,0.000060805297835,0.0000402185760322,0.0000437080743723,0.0000383661354135,0.0000152290303959,0.00000781609105616,0.00000544267822988,0.00000664558137942,0.00000569054782318,0.00000288886940325,7.73337831106e-7,6.93204299296e-7],"mean":[0.0024714411702,0.00287518580444,0.00114884809591,0.000624761800282,0.000374669383746,0.000200930575375,0.000157763643074,0.00018158002058,0.00014711615222,0.00012077230349,0.000155000248924,0.000142488293932,0.000117950512504,0.000679076416418,0.000303049746435,0.000270058400929,0.000166316138348,0.000137203329359,0.0000715554197086,0.0000401499564759,0.0000180734878086,0.0000160569543368,0.000016098461856,0.0000126145960166,0.00000838022606331,0.0000056165758906,0.00000384622171623,0.0000035508505789,0.0000033896531022,0.00000213264934246,0.00000116632259051,7.46747275571e-7,5.59236582376e-7,3.45030713333e-7,2.5138217552e-7,2.13325904497e-7,1.43684758314e-7,7.98429766746e-8,3.09703658274e-8,2.00585184018e-8],"median":[0.00125622795895,0.00194101827219,0.000738925300539,0.000288016191917,0.000185133612831,0.000102278034319,0.0000712991604814,0.0000713942863513,0.0000502287875861,0.0000433652749052,0.0000697408686392,0.0000723353587091,0.0000695947383065,0.00028329109773,0.000206919634365,0.000155601737788,0.0000995427035377,0.0000916571880225,0.0000514638741151,0.0000235189636442,0.0000103328820842,0.00000919715057535,0.00000832106888993,0.00000553684412807,0.0000034202689676,0.00000259088210441,0.00000177048082151,0.00000172865793502,0.00000177260403689,0.0000012578143469,6.38254107344e-7,4.22352798068e-7,3.37945408546e-7,1.91013782569e-7,1.15740775186e-7,8.07172568784e-8,3.79127698125e-8,1.90731412886e-8,1.14397904483e-8,7.26640259074e-9],"min":[1.30140967054e-24,2.16541746559e-24,1.635281145e-24,8.15357362521e-25,9.13948804025e-25,1.64529021216e-24,2.25710144379e-24,2.6222842867e-24,1.99386920934e-24,2.92230248566e-24,2.37141922187e-24,2.34063195289e-24,2.19124240504e-24,2.66498355256e-24,2.86103323688e-24,3.27100207995e-24,2.90259950126e-24,4.17287066251e-24,4.53848915384e-24,2.8704498695e-24,3.72324203463e-24,4.05400470688e-24,4.89152886362e-24,4.74856439063e-24,4.45966459447e-24,4.03231970945e-24,4.59808562308e-24,4.20817494903e-24,4.93180731258e-24,5.75161838655e-24,5.13992183558e-24,4.85561991521e-24,5.5919395287e-24,5.4935034928e-24,4.3207272564e-24,6.60700156533e-24,6.37385609138e-24,5.98071937065e-24,6.7456190203e-24,6.76844707718e-24],"var":[0.0000158673228725,0.00000972223915596,0.00000168053395555,0.00000110737948944,3.98401823531e-7,1.01721468582e-7,1.0461285882e-7,1.60274808536e-7,2.39532511159e-7,6.03010619216e-8,9.24575616068e-8,7.65825021176e-8,3.23332720598e-8,0.00000111820952498,1.11165938677e-7,1.26813276324e-7,4.39477787495e-8,2.53547831619e-8,8.34457569709e-9,3.51879081428e-9,6.72261135648e-10,4.66855110126e-10,4.59966287281e-10,3.54871937391e-10,1.91075419376e-10,7.61896587487e-11,3.45765360787e-11,2.82885728731e-11,2.49522017631e-11,7.98959769871e-12,3.45615550068e-12,1.39478923203e-12,6.01605083025e-13,2.17160423216e-13,1.41458540845e-13,1.2524057041e-13,7.78611455366e-14,2.86624632991e-14,2.63745900391e-15,1.39152531339e-15]},"melbands_crest":{"dmean":3.93592023849,"dmean2":6.65050697327,"dvar":12.7319984436,"dvar2":35.7306442261,"max":34.4044342041,"mean":14.0233221054,"median":13.3219537735,"min":1.57147490978,"var":26.943693161},"melbands_flatness_db":{"dmean":0.0305541567504,"dmean2":0.0490049980581,"dvar":0.000701379205566,"dvar2":0.00183322397061,"max":0.463370591402,"mean":0.234932631254,"median":0.23210927844,"min":0.00344859762117,"var":0.00285728625022},"melbands_kurtosis":{"dmean":4.00118780136,"dmean2":6.61930799484,"dvar":51.9654960632,"dvar2":134.530563354,"max":162.704727173,"mean":4.96005868912,"median":1.1758043766,"min":-1.83052241802,"var":126.09828949},"melbands_skewness":{"dmean":0.738549292088,"dmean2":1.19288277626,"dvar":0.460970461369,"dvar2":1.21751129627,"max":10.6014385223,"mean":1.61378335953,"median":1.39434230328,"min":-6.23812866211,"var":2.33175301552},"melbands_spread":{"dmean":6.84982633591,"dmean2":11.132358551,"dvar":44.5358543396,"dvar2":115.666908264,"max":164.503463745,"mean":28.0151329041,"median":27.9541301727,"min":0.737169146538,"var":226.462677002},"mfcc":{"cov":[[9599.93261719,1723.00378418,-408.676635742,285.089660645,-501.252929688,634.651733398,-20.1600151062,21.3033618927,-117.710350037,140.905456543,-13.0514307022,133.731887817,-97.5957641602],[1723.00378418,1406.98669434,-92.3678512573,-64.5891571045,-69.4495544434,190.970153809,79.9897232056,-58.8031578064,-23.1334934235,-47.8813705444,38.4891777039,-27.5971832275,24.4067573547],[-408.676635742,-92.3678512573,537.214660645,-100.770492554,33.9556388855,10.1596336365,3.14650917053,15.9282188416,-15.4659643173,-4.14623785019,-32.5371170044,-2.52201414108,-39.6266021729],[285.089660645,-64.5891571045,-100.770492554,393.547729492,-27.4223556519,-20.7471828461,13.8788108826,58.2140159607,4.10896587372,0.512028157711,-3.07593607903,-15.4857177734,-11.2754497528],[-501.252929688,-69.4495544434,33.9556388855,-27.4223556519,208.210876465,-27.2964191437,47.2897834778,9.72934341431,4.82033586502,-11.9312524796,9.7951335907,-16.0683231354,19.4410381317],[634.651733398,190.970153809,10.1596336365,-20.7471828461,-27.2964191437,248.713104248,9.00480651855,6.05241537094,-24.8554763794,5.84562349319,-19.8732452393,-1.30064964294,-10.4755449295],[-20.1600151062,79.9897232056,3.14650917053,13.8788108826,47.2897834778,9.00480651855,111.498031616,15.6520528793,3.67184996605,-25.7106781006,8.02571678162,-13.889084816,15.71189785],[21.3033618927,-58.8031578064,15.9282188416,58.2140159607,9.72934341431,6.05241537094,15.6520528793,107.326095581,-1.1596660614,18.6211299896,-10.0099363327,10.7666301727,2.2594833374],[-117.710350037,-23.1334934235,-15.4659643173,4.10896587372,4.82033586502,-24.8554763794,3.67184996605,-1.1596660614,77.2770767212,10.7833862305,17.372838974,-2.50171113014,11.1403055191],[140.905456543,-47.8813705444,-4.14623785019,0.512028157711,-11.9312524796,5.84562349319,-25.7106781006,18.6211299896,10.7833862305,85.6024093628,17.1364135742,27.4692459106,-12.7369337082],[-13.0514307022,38.4891777039,-32.5371170044,-3.07593607903,9.7951335907,-19.8732452393,8.02571678162,-10.0099363327,17.372838974,17.1364135742,74.7351226807,17.3743724823,17.9114208221],[133.731887817,-27.5971832275,-2.52201414108,-15.4857177734,-16.0683231354,-1.30064964294,-13.889084816,10.7666301727,-2.50171113014,27.4692459106,17.3743724823,80.3804244995,22.0942020416],[-97.5957641602,24.4067573547,-39.6266021729,-11.2754497528,19.4410381317,-10.4755449295,15.71189785,2.2594833374,11.1403055191,-12.7369337082,17.9114208221,22.0942020416,77.157333374]],"icov":[[0.00019747884653,-0.000210466678254,0.00010147698049,-0.000156449823407,0.000259700173046,-0.000291257078061,-0.0000492316830787,0.0000111089420898,0.000113696150947,-0.000272130273515,0.000139664422022,-0.000398629897973,0.000270728196483],[-0.000210466678254,0.0011674980633,0.0000113386913654,0.000318478269037,0.000184142583748,-0.000386418570997,-0.000641860766336,0.000351553055225,0.000124486134155,0.000601711741183,-0.000863576889969,0.000810914265458,-0.00051199295558],[0.00010147698049,0.0000113386913654,0.00223663379438,0.000590295530856,-0.000192116756807,-0.00019380672893,-0.000227764452575,-0.000560088607017,0.000109704582428,0.000268780568149,0.000630393798929,-0.000625545741059,0.00150592112914],[-0.000156449823407,0.000318478269037,0.000590295530856,0.00325885997154,0.000391202484025,0.000473686173791,-0.000381852849387,-0.00191566825379,-0.000110549633973,0.000607801077422,-0.000414268084569,0.00103435793426,0.000496638996992],[0.000259700173046,0.000184142583748,-0.000192116756807,0.000391202484025,0.006374750752,0.0000100345087048,-0.00255886442028,-0.000390107859857,0.000593650445808,-0.000678754877299,-0.000719092902727,0.00133651169017,-0.00125716009643],[-0.000291257078061,-0.000386418570997,-0.00019380672893,0.000473686173791,0.0000100345087048,0.00535058090463,-0.000413719360949,-0.000408921652706,0.000954190734774,-0.000746642705053,0.0013613285264,0.000552199024241,-0.000191521801753],[-0.0000492316830787,-0.000641860766336,-0.000227764452575,-0.000381852849387,-0.00255886442028,-0.000413719360949,0.012218721211,-0.00251931138337,-0.000766185228713,0.00353737734258,-0.00186786463019,0.00117545959074,-0.00106623594183],[0.0000111089420898,0.000351553055225,-0.000560088607017,-0.00191566825379,-0.000390107859857,-0.000408921652706,-0.00251931138337,0.0121055748314,0.0003408518387,-0.00358723849058,0.00272345915437,-0.00141163682565,-0.00133284693584],[0.000113696150947,0.000124486134155,0.000109704582428,-0.000110549633973,0.000593650445808,0.000954190734774,-0.000766185228713,0.0003408518387,0.0148973762989,-0.00295349932276,-0.00245967321098,0.00248602335341,-0.00250875786878],[-0.000272130273515,0.000601711741183,0.000268780568149,0.000607801077422,-0.000678754877299,-0.000746642705053,0.00353737734258,-0.00358723849058,-0.00295349932276,0.017876368016,-0.00467025395483,-0.00483506126329,0.00499279564247],[0.000139664422022,-0.000863576889969,0.000630393798929,-0.000414268084569,-0.000719092902727,0.0013613285264,-0.00186786463019,0.00272345915437,-0.00245967321098,-0.00467025395483,0.0180600360036,-0.00314228143543,-0.00232882844284],[-0.000398629897973,0.000810914265458,-0.000625545741059,0.00103435793426,0.00133651169017,0.000552199024241,0.00117545959074,-0.00141163682565,0.00248602335341,-0.00483506126329,-0.00314228143543,0.0186034068465,-0.00714544020593],[0.000270728196483,-0.00051199295558,0.00150592112914,0.000496638996992,-0.00125716009643,-0.000191521801753,-0.00106623594183,-0.00133284693584,-0.00250875786878,0.00499279564247,-0.00232882844284,-0.00714544020593,0.0186309888959]],"mean":[-662.025268555,165.055892944,-38.7044067383,20.2138786316,5.67683267593,32.8550453186,10.0485649109,5.44736099243,-5.09039545059,2.78520536423,1.02602732182,5.86151456833,-1.62068033218]},"pitch_salience":{"dmean":0.0778968185186,"dmean2":0.130603834987,"dvar":0.00434868689626,"dvar2":0.0123203350231,"max":0.972381293774,"mean":0.559352934361,"median":0.567788779736,"min":0.146037504077,"var":0.0100204795599},"silence_rate_20dB":{"dmean":0,"dmean2":0,"dvar":0,"dvar2":0,"max":1,"mean":1,"median":1,"min":1,"var":0},"silence_rate_30dB":{"dmean":0.0237053763121,"dmean2":0.0474174432456,"dvar":0.0231445562094,"dvar2":0.0615408197045,"max":1,"mean":0.983493208885,"median":1,"min":0,"var":0.0162346083671},"silence_rate_60dB":{"dmean":0.00733737833798,"dmean2":0.0146768279374,"dvar":0.0072831204161,"dvar2":0.0167177021503,"max":1,"mean":0.0581264123321,"median":0,"min":0,"var":0.0547556765378},"spectral_centroid":{"dmean":194.010253906,"dmean2":290.111938477,"dvar":60996.9492188,"dvar2":130937.054688,"max":11644.6298828,"mean":1293.64367676,"median":1182.43530273,"min":182.909835815,"var":865347.125},"spectral_complexity":{"dmean":3.5521376133,"dmean2":5.1476149559,"dvar":11.3175697327,"dvar2":20.1367855072,"max":56,"mean":22.7724323273,"median":23,"min":0,"var":94.8003234863},"spectral_contrast_coeffs":{"dmean":[0.0525167249143,0.0447047054768,0.043805796653,0.0311119984835,0.021237898618,0.0432999804616],"dmean2":[0.0876504257321,0.0756198018789,0.0718154385686,0.0515063144267,0.0350488610566,0.0682896375656],"dvar":[0.00173948192969,0.00122424424626,0.00119568267837,0.000581015832722,0.000338217447279,0.00135918962769],"dvar2":[0.00483412249014,0.00339137599804,0.00321649457328,0.00159570935648,0.000864681380335,0.00341208768077],"max":[-0.40454223752,-0.534097969532,-0.508370697498,-0.616781413555,-0.695922195911,-0.496876448393],"mean":[-0.678619801998,-0.784020423889,-0.755613446236,-0.775736033916,-0.813696742058,-0.732955336571],"median":[-0.678115665913,-0.786527276039,-0.757819414139,-0.775895237923,-0.813376605511,-0.730178356171],"min":[-0.983628630638,-0.973287582397,-0.976709067822,-0.97241127491,-0.966710925102,-0.965328097343],"var":[0.00569939473644,0.00346377422102,0.00442891102284,0.00225333147682,0.00100021669641,0.00507226539776]},"spectral_contrast_valleys":{"dmean":[0.424505114555,0.354091644287,0.294764637947,0.253398865461,0.293763399124,0.612328052521],"dmean2":[0.691245377064,0.58686709404,0.478959411383,0.398013949394,0.422727793455,0.983358740807],"dvar":[0.134423360229,0.102506309748,0.0808194279671,0.0740545317531,0.120233364403,0.294375896454],"dvar2":[0.319544792175,0.244172900915,0.174621105194,0.141207382083,0.23984284699,0.708892405033],"max":[-5.1018743515,-4.94532966614,-5.23690319061,-5.30942773819,-5.78016996384,-8.88339424133],"mean":[-7.03657150269,-6.86805772781,-6.96265745163,-7.03403329849,-7.72186994553,-11.3353233337],"median":[-6.68793821335,-6.54595279694,-6.62124061584,-6.62969017029,-7.41027641296,-11.1059989929],"min":[-28.0000896454,-27.8692817688,-27.8901519775,-27.5729751587,-27.5708427429,-27.3567962646],"var":[4.25339508057,4.12754917145,3.99838232994,3.95809841156,3.62477374077,2.76065540314]},"spectral_decrease":{"dmean":3.5761402728e-9,"dmean2":5.74610847792e-9,"dvar":2.29916588338e-17,"dvar2":5.75899686072e-17,"max":2.45542058908e-10,"mean":-8.30618329672e-9,"median":-7.14668946245e-9,"min":-7.03495217635e-8,"var":4.01468338359e-17},"spectral_energy":{"dmean":0.0144359786063,"dmean2":0.0230283997953,"dvar":0.000355802592821,"dvar2":0.000879856466781,"max":0.278323590755,"mean":0.0414141826332,"median":0.0374616459012,"min":1.02022590749e-20,"var":0.000744051707443},"spectral_energyband_high":{"dmean":0.000141653465107,"dmean2":0.000194808468223,"dvar":3.97890964621e-8,"dvar2":7.5516688014e-8,"max":0.00434812251478,"mean":0.000419716554461,"median":0.000323326356011,"min":7.33134135094e-21,"var":1.54933886165e-7},"spectral_energyband_low":{"dmean":0.0104662775993,"dmean2":0.0176427401602,"dvar":0.000269268115517,"dvar2":0.000706947699655,"max":0.232565075159,"mean":0.0155997611582,"median":0.0102260140702,"min":1.5892032076e-23,"var":0.000303503242321},"spectral_energyband_middle_high":{"dmean":0.00463196542114,"dmean2":0.0071793734096,"dvar":0.0000396138129872,"dvar2":0.00009461119771,"max":0.112914599478,"mean":0.0135676823556,"median":0.0106271132827,"min":1.19580226265e-21,"var":0.0001430670236},"spectral_energyband_middle_low":{"dmean":0.0033957711421,"dmean2":0.00522841373459,"dvar":0.0000201497823582,"dvar2":0.0000460934570583,"max":0.0998328477144,"mean":0.00874535460025,"median":0.00596141209826,"min":1.88717124385e-22,"var":0.0000734314598958},"spectral_entropy":{"dmean":0.145323351026,"dmean2":0.21849629283,"dvar":0.0179001782089,"dvar2":0.0405150055885,"max":9.82920837402,"mean":7.47955656052,"median":7.48969841003,"min":6.12004089355,"var":0.112678185105},"spectral_flux":{"dmean":0.0263207796961,"dmean2":0.0422234348953,"dvar":0.000928555673454,"dvar2":0.00197666999884,"max":0.371363639832,"mean":0.109660789371,"median":0.106256775558,"min":6.40572525579e-11,"var":0.00268676667474},"spectral_kurtosis":{"dmean":4.86639356613,"dmean2":7.49244403839,"dvar":36.1345825195,"dvar2":87.7879867554,"max":103.497444153,"mean":21.8170890808,"median":19.3567276001,"min":-1.26898920536,"var":123.186012268},"spectral_rms":{"dmean":0.00101199757773,"dmean2":0.00158494024072,"dvar":0.00000118197249321,"dvar2":0.00000284487600766,"max":0.0164783261716,"mean":0.00593754835427,"median":0.00604548957199,"min":3.15490472289e-12,"var":0.00000514966313858},"spectral_rolloff":{"dmean":4156.68554688,"dmean2":7960.29248047,"dvar":51214092,"dvar2":124983304,"max":22028.4667969,"mean":6933.16748047,"median":1937.98828125,"min":64.599609375,"var":70756272},"spectral_skewness":{"dmean":0.359159380198,"dmean2":0.532262861729,"dvar":0.155935913324,"dvar2":0.368059068918,"max":8.12146568298,"mean":3.06348705292,"median":2.91850924492,"min":-0.0878801271319,"var":0.77972471714},"spectral_spread":{"dmean":408318,"dmean2":631717.75,"dvar":402200330240,"dvar2":829584048128,"max":43897824,"mean":3568361.75,"median":3188136.5,"min":1362778.75,"var":10158055882800},"spectral_strongpeak":{"dmean":1.51921963692,"dmean2":2.73283839226,"dvar":19.4104175568,"dvar2":55.2106742859,"max":68.8464355469,"mean":1.60850477219,"median":0.371497243643,"min":0,"var":14.6472482681},"zerocrossingrate":{"dmean":0.0299918502569,"dmean2":0.0378816239536,"dvar":0.000676596187986,"dvar2":0.00108386215288,"max":0.67333984375,"mean":0.223631843925,"median":0.21240234375,"min":0.02734375,"var":0.00498092593625}},"metadata":{"audio_properties":{"analysis_sample_rate":44100,"bit_rate":192000,"codec":"mp3","downmix":"mix","equal_loudness":0,"length":164.545303345,"lossless":false,"md5_encoded":"89f6ed7bab783acbf097a615a631fb6c","replay_gain":-0.581979751587,"sample_rate":44100},"tags":{"album":["Fables of the Reconstruction"],"artist":["R.E.M."],"date":["1985-06-10"],"file_name":"09 - R.E.M - Auctioneer (Another Engine).mp3","musicbrainz_albumid":["5b10a6ba-66f0-4577-be99-2c53a0ecbcfc"],"musicbrainz_artistid":["ea4dfa26-f633-4da6-a52a-f49ea4897b58"],"musicbrainz_recordingid":["78c2399d-be37-449b-851f-df8694d85246"],"title":["Auctioneer (Another Engine)"],"tracknumber":["09/11"]},"version":{"essentia":"2.1-beta1","essentia_build_sha":"5a811adb4c06fd6d02ca903f7349a26d851abfa8","essentia_git_sha":"v2.1_beta1-34-gf95df8b","extractor":"music 1.0"}},"rhythm":{"beats_count":448,"beats_loudness":{"dmean":0.0217833891511,"dmean2":0.036793846637,"dvar":0.000441693613539,"dvar2":0.00127820135094,"max":0.160046160221,"mean":0.0504162684083,"median":0.0471637845039,"min":0,"var":0.000831180543173},"beats_loudness_band_ratio":{"dmean":[0.187702775002,0.0632245391607,0.0554113872349,0.116522237659,0.051691532135,0.0524081848562],"dmean2":[0.325499176979,0.109137818217,0.100860476494,0.19973886013,0.0898933857679,0.0892981886864],"dvar":[0.0238772202283,0.00450123893097,0.00761185074225,0.010893127881,0.00398838054389,0.00284696486779],"dvar2":[0.063787765801,0.0119153009728,0.0231797974557,0.033790525049,0.00833522994071,0.00750226015225],"max":[0.939681589603,0.471305251122,0.608290851116,0.741942882538,0.817842006683,0.602849304676],"mean":[0.450643628836,0.0783636346459,0.0602774620056,0.213088914752,0.0981927067041,0.12233184278],"median":[0.455013692379,0.0552881658077,0.0334040857852,0.184511989355,0.0807579010725,0.106834933162],"min":[0,0,0,0,0,0],"var":[0.0451625660062,0.00568002555519,0.00634841108695,0.0192325115204,0.0105165904388,0.0052118236199]