{"lowlevel":{"average_loudness":0.825444579124,"barkbands":{"dmean":[0.00203566648997,0.00660149985924,0.00266431760974,0.00146840861998,0.00173774047289,0.00182322703768,0.00111553224269,0.000911912473384,0.00120814552065,0.00119191082194,0.000793826649897,0.000504137948155,0.000394009257434,0.000292187760351,0.000177318244823,0.000165400255355,0.00012670038268,0.000109429645818,0.0000957925294642,0.0000741082403692,0.0000749822138459,0.000045923396101,0.000012703970242,0.00000318739103022,0.00000194087692762,0.00000678814603816,0.000372866983525],"dmean2":[0.00347837456502,0.0111497435719,0.00463092606515,0.00255277217366,0.00286721810699,0.00283191073686,0.00178956973832,0.00149082881398,0.00194777455181,0.00190714886412,0.00128574250266,0.00081719487207,0.000646616215818,0.000486875593197,0.000294414319796,0.00027362673427,0.000209053279832,0.000181133669685,0.000156022084411,0.000114461916382,0.000109354885353,0.0000637641205685,0.0000176979228854,0.00000492450089951,0.00000321955030813,0.00000964005448623,0.000569379655644],"dvar":[0.0000128640222101,0.000204575058888,0.0000305198882415,0.0000063582601797,0.0000133557259687,0.0000207252778637,0.00000903127420315,0.0000105044891825,0.0000123036224977,0.00000817405634734,0.00000426357019023,7.71081090534e-7,3.29311916403e-7,1.75728061436e-7,7.3129783118e-8,6.41430091264e-8,4.43364385205e-8,3.98023587422e-8,2.95329520839e-8,1.87564719312e-8,1.79901018527e-8,7.76455166829e-9,5.31134192183e-10,2.66967802032e-11,1.33701227173e-11,1.30489286043e-10,3.33051843882e-7],"dvar2":[0.0000345028602169,0.000544431561138,0.0000832334771985,0.0000171433439391,0.0000336105840688,0.0000439944014943,0.0000195765423996,0.0000258188611042,0.0000312386218866,0.0000195574393729,0.00000939447181736,0.00000189356080682,8.13039378045e-7,4.60349866671e-7,1.93150356154e-7,1.66955501868e-7,1.15594325223e-7,9.62157074014e-8,7.36319023531e-8,4.34091944612e-8,3.85054832464e-8,1.5053345237e-8,1.04373665266e-9,5.96850624479e-11,3.27277718815e-11,2.59079119269e-10,7.77095749527e-7],"max":[0.0471274033189,0.152829453349,0.0619963854551,0.0460744425654,0.108092352748,0.127664983273,0.162088006735,0.125103414059,0.0894466638565,0.0844249203801,0.116442687809,0.034741088748,0.0225346181542,0.0112090036273,0.00563150178641,0.00434699235484,0.00473440811038,0.0117144724354,0.0044245319441,0.00453677074984,0.0045146336779,0.0025521107018,0.000496060296427,0.0000880207589944,0.0000870471412782,0.00019594009791,0.00952920503914],"mean":[0.00243689538911,0.00792505126446,0.00272465404123,0.00164549530018,0.00229650503024,0.00284122093581,0.00172727461904,0.00125053524971,0.00192817964125,0.00188626046292,0.00121705746278,0.000865645823069,0.000698150019161,0.000479646056192,0.000302365544485,0.000288221955998,0.00020374149608,0.000180413670023,0.000165966310306,0.00014580777497,0.000147394181113,0.0000884593828232,0.000020981677153,0.00000434034473074,0.00000196335327018,0.0000109548236651,0.000955506344326],"median":[0.00119991833344,0.00417591165751,0.00132103229407,0.000857172359247,0.000949876150116,0.000771831488237,0.000580710126087,0.000315456709359,0.000489958794788,0.000704656355083,0.000539811037015,0.000480450864416,0.000479089649161,0.000340396189131,0.000216496395296,0.00019832009275,0.00012289058941,0.00010241290147,0.0000815679013613,0.0000715103888069,0.0000704659323674,0.0000426601836807,0.00000994007586996,0.0000021574899165,7.58467137985e-7,0.0000056512503761,0.000770160462707],"min":[8.21141290678e-25,3.79692637635e-24,2.229647901e-24,1.73609549793e-24,5.00940519324e-24,1.36843149026e-23,6.24578728443e-24,1.2841674194e-23,2.91236212828e-23,1.84738633783e-23,2.28585321498e-23,2.37640072072e-23,2.75823448462e-23,4.03226977456e-23,5.18468069894e-23,4.77220394871e-23,7.994725359e-23,9.52768404624e-23,1.16848917181e-22,2.49427771298e-22,2.33073132255e-22,3.12974265881e-22,4.31968165283e-22,6.29038847026e-22,9.52277139917e-22,1.27991033468e-21,2.047808391e-21],"var":[0.0000125968008433,0.000167549878825,0.0000229561792366,0.00000624101812718,0.000020969157049,0.0000601506581006,0.0000236968462559,0.0000172371765075,0.0000288291721517,0.0000169908871612,0.00000792923765403,0.00000168082817709,6.59381555579e-7,2.64721961685e-7,1.02213348896e-7,9.6328029997e-8,6.13184667486e-8,6.45570494839e-8,5.5726758319e-8,4.46038868063e-8,4.31000160006e-8,1.86564914628e-8,1.02731323448e-9,3.90123142124e-11,1.36581856935e-11,2.37978664552e-10,7.02486545379e-7]},"barkbands_crest":{"dmean":2.79383897781,"dmean2":4.6171374321,"dvar":6.34549999237,"dvar2":16.6865730286,"max":25.6746082306,"mean":9.20809078217,"median":8.44612312317,"min":2.44465470314,"var":15.4833908081},"barkbands_flatness_db":{"dmean":0.022057088092,"dmean2":0.0345458425581,"dvar":0.000435362919234,"dvar2":0.00106337026227,"max":0.448339909315,"mean":0.122105203569,"median":0.114410303533,"min":0.0356951206923,"var":0.00193060131278},"barkbands_kurtosis":{"dmean":3.78829073906,"dmean2":6.11379241943,"dvar":56.5787239075,"dvar2":147.399505615,"max":275.533966064,"mean":6.75963592529,"median":3.36569929123,"min":-1.78196680546,"var":142.710617065},"barkbands_skewness":{"dmean":0.554538309574,"dmean2":0.878787636757,"dvar":0.401896506548,"dvar2":0.995959043503,"max":11.8409605026,"mean":1.94158136845,"median":1.68798267841,"min":-3.11681437492,"var":1.38028454781},"barkbands_spread":{"dmean":7.86914920807,"dmean2":12.132358551,"dvar":56.3097686768,"dvar2":131.673934937,"max":115.199203491,"mean":32.2308883667,"median":31.6573524475,"min":0.537559509277,"var":263.628112793},"dissonance":{"dmean":0.0180204436183,"dmean2":0.0308953616768,"dvar":0.000373456365196,"dvar2":0.00103339890484,"max":0.500000178814,"mean":0.472438871861,"median":0.47923335433,"min":0.0675578862429,"var":0.000606902583968},"dynamic_complexity":2.52205705643,"erbbands":{"dmean":[0.223486453295,1.40964591503,3.20206260681,4.11988115311,5.04857873917,6.03281402588,10.9402418137,15.5367488861,14.972533226,17.572977066,21.8255233765,28.0824584961,33.7646636963,32.8295478821,26.6598930359,20.2421245575,17.7597332001,15.6980762482,9.95810604095,9.20576095581,8.01746749878,6.85543727875,5.84223985672,5.68151473999,4.33674430847,3.47167420387,3.28844189644,2.78134918213,1.8077660799,0.786567389965,0.307079225779,0.107666574419,0.0389002636075,0.0219460371882,0.0138492742553,0.00920602492988,0.0134349456057,0.022720715031,0.0146201886237,0.010237489827],"dmean2":[0.373836129904,2.43325638771,5.53366374969,7.13025712967,8.59114360809,9.97242832184,17.240196228,24.5315818787,24.0039234161,28.1347560883,35.5535202026,45.188583374,53.3476600647,53.0451507568,42.9398612976,32.7099266052,29.1156215668,25.9195652008,16.4624595642,15.340429306,13.1584844589,11.3043107986,9.61743068695,9.37657356262,6.96959877014,5.33001995087,4.91521644592,4.02632188797,2.52443218231,1.07734930515,0.427712112665,0.157285600901,0.0623734928668,0.0363586135209,0.0229378342628,0.0148610956967,0.0187680460513,0.029652968049,0.0204269085079,0.015503372997],"dvar":[0.205679863691,10.1757535934,47.5101585388,54.7520828247,82.6887435913,237.014907837,714.3046875,1934.71984863,2033.5447998,2182.18164062,6980.55566406,7111.03125,7508.26757812,5686.92919922,3534.98803711,1175.52294922,663.824707031,506.529083252,225.486312866,206.894683838,158.305953979,141.935394287,124.176261902,102.737884521,63.1559486389,39.0635375977,33.895324707,26.6043777466,12.0056400299,2.04618883133,0.301768153906,0.0323206484318,0.00442940508947,0.00169496750459,0.000673843896948,0.000245218543569,0.00050786981592,0.00155774492305,0.000615153927356,0.00026264518965],"dvar2":[0.537355422974,27.6883659363,128.38848877,148.263687134,211.552581787,608.251464844,1574.61657715,4176.74072266,4488.41748047,5043.66650391,18119.8535156,17896.109375,17809.2617188,14178.1542969,8061.20410156,2812.09521484,1650.75036621,1309.77526855,582.622802734,547.724731445,409.45803833,370.728607178,304.693756104,261.332824707,151.930618286,89.0866012573,75.231300354,56.2283210754,23.2362422943,3.99012923241,0.585077881813,0.0661868155003,0.0104938838631,0.00414671516046,0.00164750288241,0.000583759567235,0.000988191226497,0.00281421584077,0.00126263336278,0.000616306031588],"max":[5.03367948532,34.320930481,76.7378463745,141.950210571,236.886795044,589.409057617,677.118591309,1554.1920166,2875.65454102,1340.79956055,3181.22045898,2330.36743164,2468.18994141,2803.09741211,2498.68945312,1773.10888672,631.236022949,678.561584473,263.454071045,217.481781006,211.841278076,341.890533447,720.833557129,322.060180664,230.078170776,207.747665405,156.288711548,145.288375854,115.659317017,34.1967887878,13.0877895355,4.15017986298,1.41939544678,0.978403747082,0.6162545681,0.344514012337,0.362902909517,0.746840417385,0.405057102442,0.250405609608],"mean":[0.29411482811,1.48629808426,3.307305336,4.68029642105,6.53720235825,7.39621210098,14.8444852829,24.7186527252,22.8134021759,28.1045818329,31.8556537628,45.3456535339,54.1003379822,54.8484420776,45.3755302429,36.97889328,33.4018630981,27.8477153778,17.8862743378,16.5663108826,14.5981006622,11.3470687866,9.86825180054,9.29086303711,8.03300952911,6.90948820114,6.30651712418,5.42289161682,3.50728702545,1.40952920914,0.51157194376,0.165367901325,0.0463025532663,0.022464223206,0.014225599356,0.0109412334859,0.0223182216287,0.0451643131673,0.0359179936349,0.0303163006902],"median":[0.159563988447,0.661672115326,1.54355704784,2.52374815941,3.30456590652,2.57730793953,4.49770593643,6.41579771042,7.8020157814,7.963555336,8.00709819794,11.6380958557,18.5970573425,23.5803699493,23.8839244843,21.9657669067,23.6780910492,20.4419803619,13.2617416382,11.8419504166,10.0643415451,6.90553855896,5.62215089798,4.92753791809,3.90002417564,3.41523075104,2.93949627876,2.64013338089,1.72386205196,0.680641293526,0.245203271508,0.0813621133566,0.0213051587343,0.00891755893826,0.00563825899735,0.0053145182319,0.011712487787,0.0244162101299,0.0236780997366,0.0252673253417],"min":[1.17642448142e-22,8.70925865377e-22,2.74996861073e-21,6.71677967925e-21,1.31588562314e-20,1.76968183472e-20,6.27659285056e-20,1.25777865695e-19,1.11883131335e-19,1.94103035991e-19,2.96698182742e-19,6.1069710649e-19,4.47789675112e-19,7.52047228828e-19,1.26850111489e-18,7.21523643839e-19,1.50476033805e-18,2.78888699811e-18,1.80883058706e-18,2.42196229288e-18,3.25921651773e-18,5.74114382156e-18,6.97664808143e-18,7.30471866571e-18,7.18927072198e-18,1.11471554179e-17,8.49273448661e-18,1.05725817024e-17,1.05783579046e-17,1.04465450196e-17,1.31682173891e-17,1.21791732471e-17,1.08893166036e-17,9.09903967764e-18,7.0757831963e-18,3.88343844083e-18,2.19277246543e-18,1.03920644229e-18,2.48968155338e-19,2.8805579324e-20],"var":[0.192172646523,7.6444029808,36.04845047,48.8319511414,126.31312561,340.372009277,1238.20812988,6355.60888672,5145.21728516,5725.01904297,10389.4804688,17022.1914062,15593.5869141,11117.2460938,7147.85205078,2822.30078125,1385.46105957,844.123352051,329.93850708,301.435241699,244.26751709,192.429748535,192.903320312,167.023864746,136.519836426,95.8717346191,79.4048461914,62.4221687317,28.7112941742,4.46551656723,0.591824948788,0.0573143661022,0.00527965743095,0.00173845235258,0.000692737521604,0.000283930683509,0.000961861398537,0.00368026969954,0.00143603794277,0.000593574135564]},"erbbands_crest":{"dmean":2.69017004967,"dmean2":4.36797904968,"dvar":6.74986839294,"dvar2":16.5940113068,"max":31.0790081024,"mean":8.69709682465,"median":7.45309877396,"min":2.26869726181,"var":20.5603408813},"erbbands_flatness_db":{"dmean":0.0198466237634,"dmean2":0.0297946743667,"dvar":0.000313670170726,"dvar2":0.000681805016939,"max":0.360978484154,"mean":0.146046563983,"median":0.139858797193,"min":0.0342153050005,"var":0.00160611141473},"erbbands_kurtosis":{"dmean":1.16335892677,"dmean2":1.84346735477,"dvar":3.23900532722,"dvar2":7.70334863663,"max":60.4067459106,"mean":1.28515040874,"median":0.428328275681,"min":-1.7133756876,"var":9.20048999786},"erbbands_skewness":{"dmean":0.335631012917,"dmean2":0.524998009205,"dvar":0.0979874804616,"dvar2":0.229186937213,"max":5.33190870285,"mean":0.375206112862,"median":0.219700574875,"min":-2.72116518021,"var":0.577273488045},"erbbands_spread":{"dmean":6.56025218964,"dmean2":9.98146915436,"dvar":40.567905426,"dvar2":89.6505050659,"max":113.437011719,"mean":28.3465995789,"median":26.4463977814,"min":1.70826768875,"var":191.633682251},"gfcc":{"cov":[[7010.92333984,-40.8186149597,-799.397277832,20.79870224,-115.499862671,-242.736358643,242.640426636,-120.963172913,74.332359314,-6.30998420715,-35.1918182373,101.719436646,-44.5972251892],[-40.8186149597,491.991760254,55.7221488953,-154.66355896,19.4698295593,-38.7522239685,-31.9524230957,10.215628624,6.33475399017,-16.4576721191,27.2124443054,-44.4332389832,30.5431747437],[-799.397277832,55.7221488953,408.036437988,115.49005127,-50.9391822815,100.005989075,-145.735916138,70.4534225464,-49.6868019104,20.4995956421,-14.3631792068,-24.4430561066,-4.88923740387],[20.79870224,-154.66355896,115.49005127,331.006317139,76.5948028564,5.79415845871,63.7332763672,-35.8665771484,2.7114803791,-2.47365808487,-27.9367637634,27.1200656891,-44.4744110107],[-115.499862671,19.4698295593,-50.9391822815,76.5948028564,235.552810669,48.6345558167,54.6744232178,-36.5255126953,2.22165417671,-26.5331230164,22.4422645569,-0.0512269474566,9.59916877747],[-242.736358643,-38.7522239685,100.005989075,5.79415845871,48.6345558167,179.071990967,-5.3841676712,51.7939949036,-34.9186553955,-3.60287547112,-8.16829872131,-11.4172210693,6.40559768677],[242.640426636,-31.9524230957,-145.735916138,63.7332763672,54.6744232178,-5.3841676712,233.542907715,-26.7928600311,70.357383728,-19.1689300537,-21.4324150085,26.9698791504,-36.7364501953],[-120.963172913,10.215628624,70.4534225464,-35.8665771484,-36.5255126953,51.7939949036,-26.7928600311,156.330703735,1.57129132748,31.2672462463,0.881599664688,-43.5543289185,19.1436481476],[74.332359314,6.33475399017,-49.6868019104,2.7114803791,2.22165417671,-34.9186553955,70.357383728,1.57129132748,109.613433838,33.7466888428,6.88923358917,9.6629447937,-32.115852356],[-6.30998420715,-16.4576721191,20.4995956421,-2.47365808487,-26.5331230164,-3.60287547112,-19.1689300537,31.2672462463,33.7466888428,74.9210586548,38.8282546997,3.82916522026,0.573302924633],[-35.1918182373,27.2124443054,-14.3631792068,-27.9367637634,22.4422645569,-8.16829872131,-21.4324150085,0.881599664688,6.88923358917,38.8282546997,71.505531311,28.6476917267,21.8502254486],[101.719436646,-44.4332389832,-24.4430561066,27.1200656891,-0.0512269474566,-11.4172210693,26.9698791504,-43.5543289185,9.6629447937,3.82916522026,28.6476917267,74.9216156006,17.6114730835],[-44.5972251892,30.5431747437,-4.88923740387,-44.4744110107,9.59916877747,6.40559768677,-36.7364501953,19.1436481476,-32.115852356,0.573302924633,21.8502254486,17.6114730835,75.7379302979]],"icov":[[0.000284578214632,-0.000621210259851,0.00148416869342,-0.000929395493586,0.000537473824807,-0.000568046525586,0.000787524622865,-0.000422471319325,0.000169675957295,-0.000438699469669,0.000770246842876,-0.000964265724178,0.000514115090482],[-0.000621210259851,0.00585314212367,-0.00721431337297,0.00555433379486,-0.00248266127892,0.00421503698453,-0.00473469821736,0.0024650329724,-0.00125630246475,0.0035155301448,-0.00537420157343,0.00657175574452,-0.00342882517725],[0.00148416869342,-0.00721431337297,0.0178514439613,-0.0122502725571,0.00693386467174,-0.00990729779005,0.0116252619773,-0.00450240354985,-0.000705092097633,-0.00194047193509,0.00515981949866,-0.00715209823102,0.00436827167869],[-0.000929395493586,0.00555433379486,-0.0122502725571,0.0143445916474,-0.00904043857008,0.00896539725363,-0.00816726591438,0.00122560781892,0.00465907761827,-0.00456539727747,0.00415419507772,-0.00210876087658,0.00226367707364],[0.000537473824807,-0.00248266127892,0.00693386467174,-0.00904043857008,0.0133080706,-0.00863108132035,0.00256821420044,0.00324275135063,-0.00610312819481,0.00937414634973,-0.0118530383334,0.00910370983183,-0.00543028349057],[-0.000568046525586,0.00421503698453,-0.00990729779005,0.00896539725363,-0.00863108132035,0.0150066278875,-0.00667024962604,-0.00264302873984,0.00653786817566,-0.00398814352229,0.00407963013276,-0.00275737303309,0.00211485358886],[0.000787524622865,-0.00473469821736,0.0116252619773,-0.00816726591438,0.00256821420044,-0.00667024962604,0.0151132335886,-0.00414917524904,-0.00511676352471,0.00128161837347,0.00618424359709,-0.00895597971976,0.00506465509534],[-0.000422471319325,0.0024650329724,-0.00450240354985,0.00122560781892,0.00324275135063,-0.00264302873984,-0.00414917524904,0.0146031165496,-0.00446494016796,0.000794183753897,-0.00743243470788,0.0154452212155,-0.0100515019149],[0.000169675957295,-0.00125630246475,-0.000705092097633,0.00465907761827,-0.00610312819481,0.00653786817566,-0.00511676352471,-0.00446494016796,0.023204267025,-0.0172855332494,0.0118696102872,-0.0120050711557,0.0115017453209],[-0.000438699469669,0.0035155301448,-0.00194047193509,-0.00456539727747,0.00937414634973,-0.00398814352229,0.00128161837347,0.000794183753897,-0.0172855332494,0.0412002801895,-0.0321296229959,0.0172214563936,-0.00728889228776],[0.000770246842876,-0.00537420157343,0.00515981949866,0.00415419507772,-0.0118530383334,0.00407963013276,0.00618424359709,-0.00743243470788,0.0118696102872,-0.0321296229959,0.0513732917607,-0.0316942483187,0.00925406906754],[-0.000964265724178,0.00657175574452,-0.00715209823102,-0.00210876087658,0.00910370983183,-0.00275737303309,-0.00895597971976,0.0154452212155,-0.0120050711557,0.0172214563936,-0.0316942483187,0.0464900359511,-0.0209743250161],[0.000514115090482,-0.00342882517725,0.00436827167869,0.00226367707364,-0.00543028349057,0.00211485358886,0.00506465509534,-0.0100515019149,0.0115017453209,-0.00728889228776,0.00925406906754,-0.0209743250161,0.0291465595365]],"mean":[5.55365228653,96.6749649048,-98.807472229,-2.69981789589,-13.1924180984,-18.1466388702,14.8584156036,-24.6526279449,1.99680376053,-8.6682806015,-5.84678125381,-0.369595319033,-6.62729692459]},"hfc":{"dmean":57.7662239075,"dmean2":89.6942062378,"dvar":8946.61328125,"dvar2":21907.5585938,"max":1351.23181152,"mean":158.670257568,"median":133.872940063,"min":1.0622346377e-16,"var":13507.7578125},"melbands":{"dmean":[0.00188736431301,0.00176327279769,0.00071302044671,0.000388242042391,0.000347421213519,0.000345620996086,0.000226380754611,0.00018673671002,0.000188976686331,0.000175802808371,0.000174050786882,0.000140919961268,0.00010240595293,0.000059273581428,0.0000469078040624,0.0000384784143534,0.0000300116425933,0.0000177896290552,0.0000133586363518,0.0000128184601635,0.00000922816343518,0.00000762732133808,0.00000635308060737,0.0000052562613746,0.00000489381591251,0.00000358224019692,0.00000304643640447,0.00000228329304264,0.00000231832382269,0.00000179963524261,0.00000175363015842,0.00000119317564895,6.61398303237e-7,3.74234446099e-7,1.91257086612e-7,1.08717458147e-7,5.1808093815e-8,2.86264452143e-8,2.09712887056e-8,1.76526260276e-8],"dmean2":[0.00315479445271,0.00302606960759,0.00122706592083,0.00064637203468,0.000550546275917,0.000541179382708,0.000361144921044,0.000299370876746,0.000307289476041,0.000283848174149,0.000275029306067,0.0002279633336,0.00016562732344,0.0000960360412137,0.0000765504155424,0.0000632732117083,0.0000499652596773,0.0000296439793601,0.0000223070401262,0.0000214351475734,0.000015193993022,0.0000126887553051,0.0000105978324427,0.00000870115309226,0.00000817162981548,0.00000585869111092,0.00000490186312163,0.00000354449866791,0.00000356774648935,0.00000271926114692,0.00000260835486188,0.0000017245691879,9.45461351876e-7,5.34177900136e-7,2.73792778671e-7,1.58850056664e-7,7.85719507235e-8,4.60864058027e-8,3.48242608084e-8,2.93192918832e-8],"dvar":[0.0000156956193678,0.0000149205270645,0.00000152793529651,6.73456952427e-7,6.41676308533e-7,8.60719069351e-7,4.131522644e-7,2.60964384324e-7,5.06213780227e-7,2.69490641358e-7,2.0169960635e-7,1.04568648851e-7,6.60886740889e-8,1.14150395802e-8,5.52184431513e-9,3.12861359042e-9,1.85686777066e-9,7.14669934343e-10,4.48728693092e-10,3.80684317403e-10,2.09182740574e-10,1.7185977641e-10,1.36121600103e-10,8.8533215481e-11,7.84924070185e-11,4.2561804775e-11,3.68429731168e-11,1.64325202751e-11,1.71213199868e-11,1.07922221507e-11,1.16173112796e-11,5.46390753822e-12,1.51165202317e-12,4.865244492e-13,1.22231055572e-13,3.98085020894e-14,7.36928489693e-15,2.44317717438e-15,1.49675136939e-15,1.12305197389e-15],"dvar2":[0.0000409804488299,0.0000402880577894,0.00000411306291426,0.0000017274791162,0.00000143114539242,0.0000018424271957,9.03518071027e-7,6.07228457739e-7,0.00000133782032208,6.87746307904e-7,4.76831871765e-7,2.6225120564e-7,1.46167934645e-7,2.84227112957e-8,1.39415936573e-8,7.62276997079e-9,4.86538143107e-9,1.85560700139e-9,1.20670373693e-9,1.00264507807e-9,5.45799239138e-10,4.52758996961e-10,3.50621920386e-10,2.16646423024e-10,2.03725203374e-10,1.06839162517e-10,9.04902472398e-11,3.80860447347e-11,3.99091176773e-11,2.45178686381e-11,2.54061788968e-11,1.11613322751e-11,3.10378198837e-12,9.9957878346e-13,2.47333105602e-13,8.35192578616e-14,1.60392786699e-14,5.8027440478e-15,3.66133210176e-15,2.75233297694e-15],"max":[0.0428719967604,0.0431827306747,0.0209245756269,0.0272629596293,0.017735645175,0.0298584513366,0.0381710864604,0.0212131887674,0.0315060056746,0.0144143262878,0.0128318192437,0.0104437004775,0.0116805629805,0.00343808834441,0.00252848258242,0.00229784101248,0.00104936398566,0.000440269563114,0.000501716975123,0.000364275416359,0.000235659332247,0.000294506899081,0.000621745828539,0.000491373590194,0.00024764490081,0.000187742640264,0.000223199895117,0.00011357182666,0.0000949631503318,0.0000846353796078,0.0000953224880504,0.0000680394368828,0.0000367603606719,0.000013412923181,0.00000704087233316,0.00000708986954123,0.00000149023287577,0.0000010069406926,8.973611898e-7,8.00111649824e-7],"mean":[0.00246681482531,0.00188427767716,0.000874874356668,0.000502528855577,0.00047693491797,0.000552878365852,0.000351894559572,0.000294518191367,0.000275203201454,0.000277926388662,0.00027097700513,0.00022685926524,0.000162867436302,0.000102490041172,0.0000837026818772,0.0000683337348164,0.0000491215432703,0.0000291440082947,0.0000223418337555,0.0000219366047531,0.0000157006088557,0.0000118075404316,0.00000992079731077,0.00000834597722132,0.00000744556746213,0.00000601495776209,0.00000542241195944,0.00000427521035817,0.00000411557311963,0.00000326271833728,0.00000316685304824,0.00000219464186557,0.00000118221043977,6.11480004409e-7,3.06195204303e-7,1.68543650148e-7,7.29291471657e-8,3.28016476203e-8,2.11155484209e-8,1.76950631925e-8],"median":[0.0013709415216,0.000902797211893,0.000502133800182,0.000211755672353,0.000149724553921,0.000148365405039,0.000119779979286,0.0000814775412437,0.0000648317436571,0.0000723691409803,0.0000901180537767,0.0000920424354263,0.0000776213564677,0.0000576345992158,0.000052961637266,0.0000478792098875,0.0000348672620021,0.0000205402047868,0.0000156928526849,0.0000151283875311,0.0000104445471152,0.00000693092533766,0.00000547526269656,0.00000468038615509,0.00000378042841476,0.00000282305836663,0.00000266918618763,0.0000020492927888,0.00000187349064618,0.00000148323249505,0.00000152632094341,0.0000010491271496,5.75673880121e-7,2.81896888055e-7,1.44453892403e-7,8.16235328216e-8,3.51277584798e-8,1.43863205793e-8,8.16917200552e-9,6.69855726443e-9],"min":[1.10936897734e-24,1.60816237505e-24,1.52106858124e-24,8.4156795635e-25,2.77356749515e-24,2.78476872836e-24,1.59541339675e-24,1.99264667215e-24,2.33232465592e-24,4.44026571595e-24,2.07418037709e-24,2.66816601467e-24,3.20676533366e-24,3.54320938214e-24,1.36456409967e-24,4.07926994952e-24,4.0935443876e-24,1.9708149466e-24,3.61639161388e-24,1.87580631412e-24,3.2800731915e-24,4.25271206358e-24,5.16195550952e-24,4.04067611302e-24,4.90732383109e-24,3.30232419663e-24,6.08733707743e-24,6.03085187561e-24,5.32121035464e-24,5.51601837189e-24,6.79643428438e-24,5.24875387493e-24,6.58324265259e-24,4.63542832618e-24,7.06046287391e-24,5.4669812003e-24,7.18190091052e-24,7.17446431877e-24,6.59266007407e-24,7.78583625348e-24],"var":[0.0000139057237902,0.000011365366845,0.00000146620675423,0.00000102225612864,0.00000115373995868,0.00000276775017483,0.00000107860671505,6.40466794266e-7,7.73821739131e-7,6.1420109887e-7,4.14078641597e-7,2.04157302619e-7,1.25616423929e-7,2.32860521976e-8,1.22182273188e-8,6.15405548743e-9,2.84080337032e-9,1.00056485319e-9,5.88895709974e-10,5.57708712545e-10,3.10411890636e-10,2.22093371471e-10,1.90832877278e-10,1.41935754816e-10,1.16910731096e-10,7.94242657753e-11,7.18319223547e-11,3.78279040036e-11,3.59199996136e-11,2.25983259883e-11,2.41522097461e-11,1.20037781798e-11,3.21789556806e-12,9.15714119115e-13,2.20978590244e-13,6.71900008504e-14,1.1507959028e-14,2.86121376835e-15,1.53680395758e-15,1.14044907771e-15]},"melbands_crest":{"dmean":3.74881267548,"dmean2":6.155356884,"dvar":10.3839092255,"dvar2":27.6519508362,"max":37.274887085,"mean":14.4477891922,"median":13.7444810867,"min":1.71785402298,"var":28.5211238861},"melbands_flatness_db":{"dmean":0.0292678009719,"dmean2":0.0456592217088,"dvar":0.00072289200034,"dvar2":0.00175546389073,"max":0.616295218468,"mean":0.227831721306,"median":0.221208512783,"min":0.00342815276235,"var":0.00318458070979},"melbands_kurtosis":{"dmean":6.28441238403,"dmean2":10.2011013031,"dvar":155.2890625,"dvar2":398.602966309,"max":426.370758057,"mean":9.66265392303,"median":4.38179683685,"min":-1.84307801723,"var":313.225341797},"melbands_skewness":{"dmean":0.772924661636,"dmean2":1.20836687088,"dvar":0.725082695484,"dvar2":1.7385559082,"max":14.9874076843,"mean":2.14729690552,"median":1.89230334759,"min":-2.94497776031,"var":2.50999331474},"melbands_spread":{"dmean":5.5986661911,"dmean2":8.71168804169,"dvar":31.2752189636,"dvar2":71.222442627,"max":162.246765137,"mean":20.723110199,"median":19.4129161835,"min":0.327581733465,"var":152.008422852},"mfcc":{"cov":[[4607.62988281,-77.5171890259,-643.12890625,212.179321289,-398.883117676,48.3070602417,-131.924423218,75.1675643921,-29.2780437469,13.6128749847,-26.5284633636,40.2126274109,6.76276063919],[-77.5171890259,626.898498535,-25.8159885406,-151.830108643,29.652513504,-91.6508331299,0.962820291519,-46.5769119263,1.16871583462,-7.27598381042,19.0424919128,-26.29870224,9.95797634125],[-643.12890625,-25.8159885406,494.12310791,-21.5873260498,103.713058472,-58.6832809448,-6.56472587585,-35.7677154541,-1.09147036076,4.10463142395,6.42138195038,-7.60482263565,-21.2273178101],[212.179321289,-151.830108643,-21.5873260498,325.690734863,-24.7915592194,97.2001495361,-15.2409820557,39.3006973267,-12.5376491547,16.7561130524,-13.9326601028,16.3070583344,-9.26056957245],[-398.883117676,29.652513504,103.713058472,-24.7915592194,253.650894165,0.481759995222,66.4154815674,-34.8022384644,-2.27517414093,-30.1926765442,3.49514198303,-11.2899770737,2.24744057655],[48.3070602417,-91.6508331299,-58.6832809448,97.2001495361,0.481759995222,197.602005005,23.9084606171,67.7540359497,-13.2354564667,-3.91450047493,-19.8089160919,13.6182947159,-0.126988992095],[-131.924423218,0.962820291519,-6.56472587585,-15.2409820557,66.4154815674,23.9084606171,124.672370911,30.7363433838,29.9731407166,-10.4259138107,-2.80716562271,-12.0131902695,4.56973028183],[75.1675643921,-46.5769119263,-35.7677154541,39.3006973267,-34.8022384644,67.7540359497,30.7363433838,103.490791321,33.5179176331,21.0480861664,-9.94711971283,4.43693304062,-5.29536533356],[-29.2780437469,1.16871583462,-1.09147036076,-12.5376491547,-2.27517414093,-13.2354564667,29.9731407166,33.5179176331,79.3260726929,34.7857551575,18.4883460999,-2.79205918312,-1.92741537094],[13.6128749847,-7.27598381042,4.10463142395,16.7561130524,-30.1926765442,-3.91450047493,-10.4259138107,21.0480861664,34.7857551575,76.079208374,38.8338546753,16.5466938019,-7.47140216827],[-26.5284633636,19.0424919128,6.42138195038,-13.9326601028,3.49514198303,-19.8089160919,-2.80716562271,-9.94711971283,18.4883460999,38.8338546753,68.9156723022,30.554265976,7.74362325668],[40.2126274109,-26.29870224,-7.60482263565,16.3070583344,-11.2899770737,13.6182947159,-12.0131902695,4.43693304062,-2.79205918312,16.5466938019,30.554265976,56.3606071472,26.5061798096],[6.76276063919,9.95797634125,-21.2273178101,-9.26056957245,2.24744057655,-0.126988992095,4.56973028183,-5.29536533356,-1.92741537094,-7.47140216827,7.74362325668,26.5061798096,53.331829071]],"icov":[[0.000302250642562,0.0000013448353684,0.000343249965226,-0.000168589016539,0.00026982894633,0.000155101079145,0.000152468084707,-0.000112029469165,0.0000320799590554,0.000149511688505,0.000050732280215,-0.000201721544727,0.00014857565111],[0.0000013448353684,0.0019451599801,0.000239675835473,0.000661057885736,-0.000232408885495,0.000459927687189,0.000168121841853,-0.0000174993274413,0.000409402913647,-0.000162528944202,-0.000897887628525,0.00156472984236,-0.000813717546407],[0.000343249965226,0.000239675835473,0.00283366185613,-0.000130927292048,-0.000944583618548,0.000987650011666,0.000662686361466,-0.0000960853722063,0.000140328076668,-0.000410194712458,0.000488235062221,-0.000702190794982,0.00121839460917],[-0.000168589016539,0.000661057885736,-0.000130927292048,0.00417195959017,-0.00023624523601,-0.0015919796424,0.000432527536759,-0.0000721468386473,0.000575631274842,-0.00155474501662,0.00117008155212,-0.000767224410083,0.0005466134171],[0.00026982894633,-0.000232408885495,-0.000944583618548,-0.00023624523601,0.00631617568433,-0.00107181875501,-0.00340577424504,0.00292997038923,-0.000507531396579,0.00208859913982,-0.00125819444656,0.000105099090433,0.000310920062475],[0.000155101079145,0.000459927687189,0.000987650011666,-0.0015919796424,-0.00107181875501,0.00894925184548,-0.00071435503196,-0.00599920703098,0.00369620905258,0.000226086791372,0.000971988076344,-0.00204361788929,0.00058296311181],[0.000152468084707,0.000168121841853,0.000662686361466,0.000432527536759,-0.00340577424504,-0.00071435503196,0.0129416864365,-0.00438995752484,-0.00403141230345,0.00348823401146,-0.00234100199305,0.00362389022484,-0.00223302841187],[-0.000112029469165,-0.0000174993274413,-0.0000960853722063,-0.0000721468386473,0.00292997038923,-0.00599920703098,-0.00438995752484,0.0203200075775,-0.00786302797496,-0.00401743967086,0.00698280986398,-0.00467852316797,0.00268707168289],[0.0000320799590554,0.000409402913647,0.000140328076668,0.000575631274842,-0.000507531396579,0.00369620905258,-0.00403141230345,-0.00786302797496,0.0229756366462,-0.00867364555597,-0.00379474135116,0.00600876612589,-0.00314998580143],[0.000149511688505,-0.000162528944202,-0.000410194712458,-0.00155474501662,0.00208859913982,0.000226086791372,0.00348823401146,-0.00401743967086,-0.00867364555597,0.0278362818062,-0.0136945284903,-0.00208342098631,0.0054029636085],[0.000050732280215,-0.000897887628525,0.000488235062221,0.00117008155212,-0.00125819444656,0.000971988076344,-0.00234100199305,0.00698280986398,-0.00379474135116,-0.0136945284903,0.0323866307735,-0.0176431536674,0.00351861887611],[-0.000201721544727,0.00156472984236,-0.000702190794982,-0.000767224410083,0.000105099090433,-0.00204361788929,0.00362389022484,-0.00467852316797,0.00600876612589,-0.00208342098631,-0.0176431536674,0.0396634414792,-0.0186895411462],[0.00014857565111,-0.000813717546407,0.00121839460917,0.0005466134171,0.000310920062475,0.00058296311181,-0.00223302841187,0.00268707168289,-0.00314998580143,0.0054029636085,0.00351861887611,-0.0186895411462,0.0293308869004]],"mean":[-656.733093262,160.973205566,-25.9503574371,33.4895095825,-14.4977626801,25.5217208862,1.24964785576,10.141746521,2.39042162895,2.27351689339,1.48800432682,2.01970744133,0.957719862461]},"pitch_salience":{"dmean":0.0711643472314,"dmean2":0.116609610617,"dvar":0.00388016412035,"dvar2":0.0102402251214,"max":0.981513440609,"mean":0.588747382164,"median":0.599189043045,"min":0.0935244858265,"var":0.0104625737295},"silence_rate_20dB":{"dmean":0,"dmean2":0,"dvar":0,"dvar2":0,"max":1,"mean":1,"median":1,"min":1,"var":0},"silence_rate_30dB":{"dmean":0.0336092561483,"dmean2":0.0672218650579,"dvar":0.032485075295,"dvar2":0.0828482061625,"max":1,"mean":0.973472952843,"median":1,"min":0,"var":0.0258233044297},"silence_rate_60dB":{"dmean":0.00738007389009,"dmean2":0.014760883525,"dvar":0.00732676079497,"dvar2":0.0168353114277,"max":1,"mean":0.0245325360447,"median":0,"min":0,"var":0.0239297989756},"spectral_centroid":{"dmean":204.316177368,"dmean2":307.270294189,"dvar":47013.2578125,"dvar2":99601.2265625,"max":11596.2050781,"mean":1188.12182617,"median":1098.10400391,"min":133.162658691,"var":448897.03125},"spectral_complexity":{"dmean":4.15198945999,"dmean2":6.15000247955,"dvar":18.3148460388,"dvar2":34.435256958,"max":58,"mean":21.3076534271,"median":21,"min":0,"var":89.0077133179},"spectral_contrast_coeffs":{"dmean":[0.0533946603537,0.0508304350078,0.0395671464503,0.0268148109317,0.018263431266,0.045814383775],"dmean2":[0.0896065756679,0.084811039269,0.0657564252615,0.0450290776789,0.0306803341955,0.0705222636461],"dvar":[0.00184033543337,0.00165654683951,0.000990535365418,0.000434375309851,0.000226072224905,0.0013963910751],"dvar2":[0.0050782347098,0.00446100346744,0.00271236454137,0.0011994431261,0.000622608175036,0.00337258074433],"max":[-0.365695774555,-0.406170994043,-0.519292414188,-0.631280064583,-0.690985441208,-0.461258083582],"mean":[-0.698544621468,-0.765496194363,-0.789458453655,-0.814997792244,-0.826007187366,-0.686525166035],"median":[-0.704040646553,-0.77718937397,-0.796937465668,-0.816162705421,-0.826232194901,-0.680774688721],"min":[-0.975556612015,-0.989683508873,-0.992350280285,-0.984797656536,-0.968096971512,-0.963718473911],"var":[0.0048763458617,0.00548745738342,0.00328454724513,0.00124088197481,0.000711511529516,0.00589644303545]},"spectral_contrast_valleys":{"dmean":[0.423735111952,0.389061361551,0.308613598347,0.282729625702,0.280138999224,0.591135799885],"dmean2":[0.678112208843,0.628488063812,0.497619986534,0.447245448828,0.411092728376,0.938067615032],"dvar":[0.138140484691,0.111724689603,0.0752257332206,0.0799262151122,0.11116579175,0.24532161653],"dvar2":[0.318901658058,0.266404271126,0.172184243798,0.170410588384,0.218969076872,0.616816222668],"max":[-4.85028362274,-4.41202259064,-4.87501335144,-5.52711105347,-5.67620897293,-8.80395507812],"mean":[-6.88717651367,-6.4801492691,-6.70050573349,-7.18843650818,-7.49407482147,-11.2955579758],"median":[-6.78753566742,-6.39757537842,-6.55130529404,-7.00661182404,-7.39005899429,-11.2234592438],"min":[-27.886089325,-27.7994155884,-27.7949771881,-27.5892124176,-27.4103355408,-27.4309806824],"var":[1.34766280651,1.43412268162,1.42092621326,1.36200201511,1.43229711056,1.12711632252]},"spectral_decrease":{"dmean":3.46586537248e-9,"dmean2":5.60033841523e-9,"dvar":3.23530983998e-17,"dvar2":8.23734578121e-17,"max":5.10872766313e-9,"mean":-6.30825214287e-9,"median":-4.10052969357e-9,"min":-5.86173136696e-8,"var":4.39554744698e-17},"spectral_energy":{"dmean":0.0162551198155,"dmean2":0.0255368035287,"dvar":0.000624250096735,"dvar2":0.00154197053052,"max":0.268641501665,"mean":0.0382006280124,"median":0.029798252508,"min":9.94373605292e-21,"var":0.000901705992874},"spectral_energyband_high":{"dmean":0.000344257510733,"dmean2":0.000481953407871,"dvar":2.90897730792e-7,"dvar2":5.81587755732e-7,"max":0.00895507447422,"mean":0.000882753927726,"median":0.000618398189545,"min":6.92184817364e-21,"var":7.57995735512e-7},"spectral_energyband_low":{"dmean":0.00976297352463,"dmean2":0.0161537658423,"dvar":0.0004020879569,"dvar2":0.00103708426468,"max":0.208021193743,"mean":0.0131927523762,"median":0.00786347594112,"min":1.50312743879e-23,"var":0.000354827439878},"spectral_energyband_middle_high":{"dmean":0.00236545968801,"dmean2":0.00368640944362,"dvar":0.0000145272842929,"dvar2":0.0000341306586051,"max":0.122182935476,"mean":0.00611442467198,"median":0.00453266315162,"min":1.2362760525e-21,"var":0.0000406246326747},"spectral_energyband_middle_low":{"dmean":0.00578193273395,"dmean2":0.00914805848151,"dvar":0.0000796368913143,"dvar2":0.000190467457287,"max":0.187388882041,"mean":0.0122560635209,"median":0.0064212908037,"min":1.66185552992e-22,"var":0.000237241663854},"spectral_entropy":{"dmean":0.143131434917,"dmean2":0.212268203497,"dvar":0.0219836123288,"dvar2":0.0481787510216,"max":9.82443714142,"mean":7.59643697739,"median":7.66571092606,"min":5.21405220032,"var":0.126441389322},"spectral_flux":{"dmean":0.0312730818987,"dmean2":0.0477953255177,"dvar":0.00155071285553,"dvar2":0.00307455426082,"max":0.417059540749,"mean":0.111536063254,"median":0.0966853424907,"min":6.43467432115e-11,"var":0.00338439596817},"spectral_kurtosis":{"dmean":3.49726629257,"dmean2":5.17471885681,"dvar":16.8638267517,"dvar2":40.2157897949,"max":78.987953186,"mean":17.4905071259,"median":16.1026687622,"min":-1.26340126991,"var":58.714553833},"spectral_rms":{"dmean":0.00114343210589,"dmean2":0.00172622292303,"dvar":0.00000207745370062,"dvar2":0.00000480715061713,"max":0.0161891710013,"mean":0.00569933233783,"median":0.00539179611951,"min":3.11467583496e-12,"var":0.000004786529189},"spectral_rolloff":{"dmean":3967.88476562,"dmean2":7554.40966797,"dvar":51119868,"dvar2":119732880,"max":22028.4667969,"mean":14759.0224609,"median":20714.9414062,"min":21.533203125,"var":83694184},"spectral_skewness":{"dmean":0.310534030199,"dmean2":0.440089523792,"dvar":0.105015568435,"dvar2":0.225195378065,"max":7.31756544113,"mean":2.75085234642,"median":2.66990852356,"min":-0.0733140185475,"var":0.55785381794},"spectral_spread":{"dmean":377139.03125,"dmean2":586140.6875,"dvar":204868239360,"dvar2":457519071232,"max":42394060,"mean":4088118.5,"median":4039374.5,"min":1369912.625,"var":3174778798080},"spectral_strongpeak":{"dmean":3.00224304199,"dmean2":5.58564996719,"dvar":122.136901855,"dvar2":335.241546631,"max":136.506286621,"mean":2.80894231796,"median":0.221523046494,"min":0,"var":123.94908905},"zerocrossingrate":{"dmean":0.0353901386261,"dmean2":0.0440384969115,"dvar":0.000913320691325,"dvar2":0.00139275495894,"max":0.77685546875,"mean":0.287972033024,"median":0.287109375,"min":0,"var":0.00783146824688}},"metadata":{"audio_properties":{"analysis_sample_rate":44100,"bit_rate":256000,"codec":"mp3","downmix":"mix","equal_loudness":0,"length":465.632659912,"lossless":false,"md5_encoded":"d22af7d9cc116f2f41f2924b2551a3e3","replay_gain":-1.97587585449,"sample_rate":44100},"tags":{"album":["Fun House"],"albumartist":["The Stooges"],"albumartistsort":["Stooges, The"],"artist":["The Stooges"],"artistsort":["Stooges, The"],"asin":["B0009SOFFY"],"catalognumber":["EKS-74701"],"date":["1970"],"discnumber":["1/1"],"file_name":"06. The Stooges - Fun House.mp3","genre":["Punk"],"label":["Elektra"],"musicbrainz album release country":["US"],"musicbrainz album status":["official"],"musicbrainz album type":["album"],"musicbrainz_albumartistid":["794c6bf2-3241-416f-9b8f-24e2d84a1c4b"],"musicbrainz_albumid":["68ee7490-8776-4200-9ef1-d6553eb8ba16"],"musicbrainz_artistid":["794c6bf2-3241-416f-9b8f-24e2d84a1c4b"],"musicbrainz_recordingid":["78e7d38f-b755-4de7-9751-bc09f89e10ca"],"musicip_puid":["2e4929a3-a73d-7bcb-3b0c-0cb03362e5c9"],"title":["Fun House"],"tracknumber":["6/7"]},"version":{"essentia":"2.1-beta1","essentia_build_sha":"ca57ba49d9b1854bd80e60cf9ccf267278fb7d6b","essentia_git_sha":"v2.1_beta1-28-g21ef5f4-dirty","extractor":"music 1.0"}},"rhythm":{"beats_count":1034,"beats_loudness":{"dmean":0.0252855364233,"dmean2":0.0430112965405,"dvar":0.000575306417886,"dvar2":0.00153421261348,"max":0.192169457674,"mean":0.0503547489643,"median":0.0463994294405,"min":0,"var":0.000808392534964},"beats_loudness_band_ratio":{"dmean":[0.183905631304,0.0953515991569,0.0847030505538,0.0759083777666,0.0202003531158,0.0978666841984],"dmean2":[0.304102540016,0.166286394,0.148445829749,0.130597710609,0.0337906293571,0.164096698165],"dvar":[0.0208607073873,0.013215797022,0.0129225365818,0.00688229361549,0.000396091549192,0.00628315610811],"dvar2":[0.0540559962392,0.0356555432081,0.0341187044978,0.0190103519708,0.00101832812652,0.0161237381399],"max":[0.931407988071,0.826169192