{"lowlevel":{"average_loudness":0.897936224937,"barkbands":{"dmean":[0.000161846299306,0.0109966369346,0.00791345350444,0.00396098056808,0.0034693935886,0.000804482318927,0.000403101177653,0.000323435087921,0.000223710696446,0.000139635463711,0.0000806228272268,0.000119300479128,0.000125850638142,0.000102292571682,0.0000851291188155,0.000173389780684,0.000170489714947,0.000164354627486,0.000205415504752,0.000189197526197,0.000219862253289,0.000314957433147,0.000387999200029,0.000435231515439,0.00037006061757,0.00026978328242,0.0000232076181419],"dmean2":[0.000256607163465,0.0183715578169,0.0142379440367,0.00701228063554,0.00600289180875,0.00132839323487,0.000682535406668,0.000538277614396,0.000375444767997,0.000229776982451,0.000133871726575,0.000194228443434,0.000200518596102,0.000165697318153,0.000135632435558,0.000283530825982,0.000264486123342,0.000263069872744,0.000329698377755,0.000320336577715,0.000362040445907,0.000513629696798,0.00061458646087,0.000678867974784,0.000522717775311,0.000357268931111,0.0000357477110811],"dvar":[8.60025579641e-8,0.000451061729109,0.000293801131193,0.0000794420338934,0.0000561492961424,0.00000124212795072,0.0000015291661839,2.06001203651e-7,4.78622268929e-7,4.09323803297e-7,5.99909171228e-8,1.00743534404e-7,1.75041918737e-7,1.25965328834e-7,3.46390791606e-8,9.67357678405e-8,1.5107214324e-7,1.36055689381e-7,1.93856280362e-7,1.59871362371e-7,1.86581004868e-7,6.39931727164e-7,6.428728625e-7,5.85041334489e-7,4.90643913054e-7,4.36289781192e-7,4.19272172536e-9],"dvar2":[1.99700622261e-7,0.0011856429046,0.000845503585879,0.000221478694584,0.000151096755872,0.00000328283067574,0.00000422323455496,5.5533990917e-7,0.00000129303123231,9.71415033746e-7,1.57865386541e-7,2.18275189923e-7,4.1015235297e-7,3.01586936757e-7,7.73328636683e-8,2.12940619804e-7,3.12447212991e-7,3.29083235329e-7,4.41914266958e-7,4.33768832409e-7,5.11873167852e-7,0.00000172418845068,0.00000159660999088,0.00000139274527555,9.66304128269e-7,7.62393710829e-7,9.97177806994e-9],"max":[0.00344115053304,0.189825326204,0.145877823234,0.0838559865952,0.0823408290744,0.0155741553754,0.0484069734812,0.00810032431036,0.0146870026365,0.0188872199506,0.0058650826104,0.0119993072003,0.013981109485,0.00917075853795,0.00441004475579,0.00666389241815,0.00922852568328,0.00815320014954,0.0113480202854,0.00766767933965,0.00516959838569,0.0138048436493,0.012413719669,0.010745334439,0.0104415137321,0.0103480266407,0.00113081815653],"mean":[0.000185860320926,0.0144240781665,0.00827790889889,0.00384417944588,0.00407899543643,0.0012927709613,0.000586539856158,0.00049440813018,0.000335356337018,0.00020328546816,0.000108637585072,0.000177422931301,0.000191374929273,0.000148977691424,0.000132994289743,0.000336922588758,0.00031309411861,0.000289044750389,0.000338634708896,0.000340437283739,0.0004709593195,0.000647034088615,0.000864250119776,0.00109548936598,0.000991970999166,0.000596411759034,0.0000364842635463],"median":[0.0000373170514649,0.00587089871988,0.00270135863684,0.00134777964558,0.00191001826897,0.000874916848261,0.000359144178219,0.00032076088246,0.000131131120725,0.0000594945304329,0.0000476247660117,0.0000899478618521,0.0000786810851423,0.0000607569636486,0.0000657013297314,0.000241007786826,0.000142169403262,0.000143277982716,0.000151081680087,0.000114676047815,0.000180658884346,0.000215733132791,0.000329539063387,0.000412467983551,0.000337566569215,0.000118222626043,0.00000372843214791],"min":[1.07057210777e-24,9.44615495614e-24,9.23306469298e-24,2.73613407304e-23,7.71015230714e-23,1.16885709653e-22,2.94526330783e-23,1.19634441835e-22,8.37145819052e-23,4.78317290183e-23,1.27317631507e-22,8.26993052984e-23,1.54376254754e-22,1.23092063359e-22,1.69974054334e-22,1.17048732492e-22,1.27737040452e-22,2.83992727913e-22,2.81489400893e-22,3.77346098297e-22,4.30126547411e-22,5.00851449039e-22,6.91287368808e-22,9.63387633611e-22,1.2494635854e-21,1.54473768059e-21,2.16560630154e-21],"var":[1.20766216583e-7,0.000519485794939,0.000228192278882,0.0000588274087931,0.0000517460139235,0.00000201209513762,0.00000146197021422,3.34621745424e-7,0.00000101719729173,8.58394059833e-7,8.57949160604e-8,1.90595187632e-7,3.55056840817e-7,1.7563603194e-7,6.3246389459e-8,1.87402420693e-7,3.83700893281e-7,2.43728294436e-7,4.03648215297e-7,3.30283597805e-7,4.50365917004e-7,0.00000119305718727,0.00000172731040493,0.00000224570703722,0.00000213514499592,0.00000136087703595,6.91489887572e-9]},"barkbands_crest":{"dmean":3.1249563694,"dmean2":5.31221294403,"dvar":7.88222551346,"dvar2":22.2830810547,"max":25.9089317322,"mean":10.6263751984,"median":9.88661956787,"min":2.07907366753,"var":21.4370937347},"barkbands_flatness_db":{"dmean":0.0244883876294,"dmean2":0.0397117808461,"dvar":0.000579390034545,"dvar2":0.00149236316793,"max":0.383610069752,"mean":0.133246779442,"median":0.123188152909,"min":0.024520708248,"var":0.00354613200761},"barkbands_kurtosis":{"dmean":6.65192079544,"dmean2":10.9318294525,"dvar":321.52557373,"dvar2":842.154602051,"max":481.829833984,"mean":10.583483696,"median":1.19416928291,"min":-1.90341758728,"var":876.637084961},"barkbands_skewness":{"dmean":0.803952932358,"dmean2":1.25060856342,"dvar":0.859864711761,"dvar2":2.09128522873,"max":19.0704154968,"mean":2.15214371681,"median":1.54407382011,"min":-2.0265109539,"var":5.23700857162},"barkbands_spread":{"dmean":9.75965881348,"dmean2":15.0623874664,"dvar":132.927841187,"dvar2":289.796447754,"max":127.385551453,"mean":39.657081604,"median":30.4931316376,"min":0.606583356857,"var":838.730224609},"dissonance":{"dmean":0.00938998628408,"dmean2":0.0159537531435,"dvar":0.0000778432149673,"dvar2":0.000209204561543,"max":0.5,"mean":0.481659382582,"median":0.483964651823,"min":0.361819475889,"var":0.000133887748234},"dynamic_complexity":4.66533041,"erbbands":{"dmean":[0.200510069728,2.96182489395,8.99191093445,11.4154815674,13.6660356522,10.800866127,7.0004940033,6.10746622086,5.85420799255,4.99204826355,6.84244203568,5.01941633224,4.93881082535,2.94557452202,3.56567668915,4.92489671707,5.19509267807,5.57750749588,3.53329801559,6.50454139709,8.89511108398,9.36276817322,8.96867084503,7.94425630569,11.2837562561,9.31396389008,8.40151023865,9.93482398987,11.2537212372,11.6670227051,10.8185892105,10.6209259033,6.80426073074,4.07403755188,2.90695548058,1.32283592224,0.49716335535,0.0928745865822,0.00216627679765,0.0000752533378545],"dmean2":[0.335568785667,4.99661207199,15.9738521576,20.3563365936,24.1127662659,18.7092132568,11.5871400833,10.3160800934,9.96369457245,8.44658756256,11.2027254105,8.34256839752,8.17990970612,4.97451734543,5.8679857254,7.91478395462,8.21521663666,8.7669506073,5.61416816711,10.3465223312,14.299197197,14.3242750168,14.3083963394,12.837225914,18.4242591858,15.5615882874,13.7422189713,16.2392177582,18.345281601,18.9113311768,17.2066783905,17.0684719086,10.4568758011,6.02829170227,4.034740448,1.815751791,0.680909156799,0.130694434047,0.00307805044577,0.000107213883894],"dvar":[0.149009987712,33.9846305847,375.115234375,647.276733398,1053.90576172,404.791107178,86.4907684326,91.7146224976,279.22366333,113.471603394,90.7109832764,218.157348633,562.727416992,73.3826141357,107.494743347,173.444198608,286.433349609,382.558532715,74.9182357788,165.123855591,203.765655518,506.313537598,493.329315186,204.220184326,663.823974609,363.095214844,276.060241699,403.659698486,753.157104492,884.781982422,500.505310059,372.392700195,143.761962891,56.9620857239,33.5380592346,9.04975986481,1.63638055325,0.0660740733147,0.0000351737835445,2.44093900648e-8],"dvar2":[0.389372587204,91.2246627808,1069.25244141,1835.19396973,2899.17895508,1126.43981934,232.615753174,251.677124023,767.828186035,294.382110596,229.827468872,541.748474121,1295.91442871,195.965881348,264.426818848,362.667602539,628.364501953,881.804077148,169.783035278,348.699707031,445.416473389,1028.79162598,1182.78283691,508.932739258,1517.49768066,966.031433105,764.748535156,1104.40319824,2033.36022949,2374.95092773,1217.90246582,914.078491211,336.345581055,123.003250122,64.2763824463,15.4680204391,3.10753369331,0.135359540582,0.0000743246055208,4.78691362105e-8],"max":[4.0441403389,50.4704971313,155.875671387,208.731933594,319.932983398,262.252746582,119.262672424,148.212158203,574.08984375,409.984924316,169.383377075,423.87121582,678.062438965,293.723632813,258.179779053,577.293518066,691.075012207,486.887786865,163.258773804,317.028900146,326.654968262,589.014282227,492.95513916,279.232849121,578.889953613,339.374023438,209.387908936,228.370758057,518.335693359,453.658660889,337.024414063,277.207824707,157.081542969,130.386825562,92.3951721191,51.0391578674,20.2571525574,4.03195285797,0.0960653871298,0.00232109264471],"mean":[0.251141101122,3.81006836891,10.0872831345,11.9125442505,13.6725826263,13.3865737915,10.8047170639,9.41996860504,8.75734901428,7.95533466339,11.1179075241,7.95517063141,7.91773414612,4.52543973923,5.2482380867,7.77488470078,8.61066436768,8.75437355042,5.95453357697,12.0993347168,18.389503479,17.7737445831,15.9799175262,14.9002914429,18.5869274139,17.2135753632,16.8285255432,21.3281459808,22.6430206299,24.5215950012,23.7412872314,24.0539855957,17.3943901062,10.7100286484,7.10321140289,3.08725333214,1.01618826389,0.173989325762,0.00407145824283,0.000181591502042],"median":[0.0916088372469,1.53335547447,3.57191419601,5.01352310181,5.16072130203,6.99983119965,7.0951590538,6.34885025024,5.25235462189,5.63669729233,7.21877479553,3.53340125084,1.78188610077,1.93141365051,2.36127948761,4.10725021362,3.99025225639,3.60439562798,2.48666810989,7.8914680481,13.1847381592,8.15603923798,7.26997280121,7.98209190369,7.66268539429,5.72270202637,5.8679189682,8.73324966431,7.5847454071,8.24177742004,9.02043628693,9.41913604736,6.42884540558,3.7840461731,2.14453792572,0.743730306625,0.16410253942,0.0206360891461,0.000551074394025,0.0000837274419609],"min":[2.13153952636e-22,2.49040575647e-21,1.13708100177e-20,5.25684136023e-20,2.35653080717e-19,2.03819202864e-19,4.51056780038e-19,1.203507673e-18,4.94159765891e-19,6.66593888082e-19,3.3452364772e-18,2.42603264188e-18,1.33332622552e-18,3.2305079738e-18,4.32607519431e-18,3.4017815099e-18,7.11517932733e-18,6.162637425e-18,8.31045365811e-18,7.71271640387e-18,6.55924075021e-18,8.10057477565e-18,1.72281075167e-17,1.27882867163e-17,1.42548829055e-17,2.02657496453e-17,1.48768598604e-17,1.8959470985e-17,2.01099716836e-17,1.53021034871e-17,1.86227307207e-17,1.99434866961e-17,1.79341227131e-17,1.23828904612e-17,9.64942911362e-18,5.82115038476e-18,2.6335881808e-18,1.31175904201e-18,2.40973144525e-19,3.4172563014e-20],"var":[0.168025434017,36.8989944458,308.07723999,482.60748291,814.905334473,408.299682617,140.356735229,127.36227417,273.965026855,141.442718506,173.833587646,548.551879883,1351.33032227,148.973724365,179.64553833,360.041748047,648.950500488,594.117919922,138.427841187,332.979888916,476.708557129,1276.30456543,898.827636719,464.876068115,1315.51086426,815.070922852,683.572814941,923.369567871,1464.05285645,1643.4720459,1339.12866211,1146.91882324,574.669311523,228.202438354,128.683563232,31.1276187897,4.42490816116,0.146675556898,0.0000760912153055,7.32184730623e-8]},"erbbands_crest":{"dmean":1.7256705761,"dmean2":2.90128707886,"dvar":2.99243283272,"dvar2":7.82544565201,"max":22.144908905,"mean":5.93267297745,"median":5.25901794434,"min":2.09988903999,"var":6.64621067047},"erbbands_flatness_db":{"dmean":0.0113650383428,"dmean2":0.0172618366778,"dvar":0.000133140929393,"dvar2":0.00027077019331,"max":0.247527182102,"mean":0.112535052001,"median":0.0972847566009,"min":0.0335900895298,"var":0.00220542983152},"erbbands_kurtosis":{"dmean":0.601774990559,"dmean2":0.938602030277,"dvar":0.585539638996,"dvar2":1.27909636497,"max":13.4540519714,"mean":-0.396395862103,"median":-0.856769442558,"min":-1.76375579834,"var":1.70813429356},"erbbands_skewness":{"dmean":0.321564286947,"dmean2":0.487087666988,"dvar":0.0819710195065,"dvar2":0.178622752428,"max":3.47639489174,"mean":-0.31584662199,"median":-0.273189365864,"min":-2.82653713226,"var":0.582941412926},"erbbands_spread":{"dmean":12.7916870117,"dmean2":19.9673252106,"dvar":173.491744995,"dvar2":412.023284912,"max":164.476623535,"mean":71.2901611328,"median":67.1064605713,"min":12.2832956314,"var":857.252868652},"gfcc":{"cov":[[23033.6386719,-3073.48095703,1557.87866211,756.390808105,-1078.86035156,823.519165039,-953.809204102,424.307800293,-565.831970215,310.365631104,-540.030822754,95.0954742432,-607.057189941],[-3073.48095703,3119.73632813,-1591.28234863,-155.218734741,477.304077148,-699.348815918,173.288543701,-338.49017334,212.860229492,-370.963043213,237.113708496,-213.461013794,261.459564209],[1557.87866211,-1591.28234863,1547.43579102,360.154144287,-135.501708984,590.196960449,28.2559947968,270.488342285,-40.1879882813,235.498199463,-108.350593567,106.798301697,-135.77406311],[756.390808105,-155.218734741,360.154144287,361.561187744,-25.6611919403,177.838562012,38.3036422729,55.8546066284,46.9789924622,47.5306663513,17.7183856964,-29.626739502,-8.85210418701],[-1078.86035156,477.304077148,-135.501708984,-25.6611919403,273.592407227,-56.659942627,94.3144378662,-26.4061527252,49.3387107849,-32.7347679138,39.4496955872,-21.9470310211,40.0648269653],[823.519165039,-699.348815918,590.196960449,177.838562012,-56.659942627,376.844177246,36.0504989624,147.658935547,-17.2311267853,89.9532546997,-30.8928394318,46.4856948853,-61.3374557495],[-953.809204102,173.288543701,28.2559947968,38.3036422729,94.3144378662,36.0504989624,172.321502686,21.4705066681,30.5975189209,-8.273188591,34.1504058838,-11.2786645889,29.1231689453],[424.307800293,-338.49017334,270.488342285,55.8546066284,-26.4061527252,147.658935547,21.4705066681,134.238418579,10.7077484131,52.8466453552,-20.3798313141,24.525806427,-35.1266479492],[-565.831970215,212.860229492,-40.1879882813,46.9789924622,49.3387107849,-17.2311267853,30.5975189209,10.7077484131,106.958877563,1.09693408012,40.7107276917,-21.9473495483,27.0240745544],[310.365631104,-370.963043213,235.498199463,47.5306663513,-32.7347679138,89.9532546997,-8.273188591,52.8466453552,1.09693408012,99.935005188,-12.7437696457,26.99376297,-29.7872371674],[-540.030822754,237.113708496,-108.350593567,17.7183856964,39.4496955872,-30.8928394318,34.1504058838,-20.3798313141,40.7107276917,-12.7437696457,76.9703521729,-1.9879270792,33.5847053528],[95.0954742432,-213.461013794,106.798301697,-29.626739502,-21.9470310211,46.4856948853,-11.2786645889,24.525806427,-21.9473495483,26.99376297,-1.9879270792,67.8974609375,-3.06258249283],[-607.057189941,261.459564209,-135.77406311,-8.85210418701,40.0648269653,-61.3374557495,29.1231689453,-35.1266479492,27.0240745544,-29.7872371674,33.5847053528,-3.06258249283,67.8177032471]],"icov":[[0.000111255154479,-0.000142610399053,0.0000765052536735,-0.000365677202353,0.000185553421034,-0.000116770526802,0.000503296789248,-0.000332916737534,0.00050483411178,-0.000224024872296,0.00041641088319,-0.000251931080129,0.000530167424586],[-0.000142610399053,0.0023865182884,0.000630638212897,-0.00025491087581,-0.00206154328771,0.00160679360852,-0.00101835944224,0.000588139751926,-0.00184300541878,0.00394195411354,-0.00253397389315,0.00212324317545,-0.00201839371584],[0.0000765052536735,0.000630638212897,0.00284812576137,-0.00195132626686,-0.000544946582522,-0.00155788473785,-0.000270402611932,-0.000557087536436,-0.000225334006245,-0.00112200109288,0.00218286924064,-0.00193272123579,0.000870065006893],[-0.000365677202353,-0.00025491087581,-0.00195132626686,0.00727994041517,0.000733066117391,-0.00216318457387,-0.00122285040561,0.00213549681939,-0.0025011873804,-0.000729383260477,-0.00354034476914,0.00592870917171,-0.00330796372145],[0.000185553421034,-0.00206154328771,-0.000544946582522,0.000733066117391,0.00704631069675,-0.00128512945957,-0.00151368789375,0.000198527632165,0.0000574142650294,-0.00292192725465,0.00203778943978,-0.00141489051748,0.00166200008243],[-0.000116770526802,0.00160679360852,-0.00155788473785,-0.00216318457387,-0.00128512945957,0.0101177487522,-0.00190896063577,-0.00420131720603,0.000515245716088,0.00359456869774,-0.0030366491992,-0.000737640657462,0.000756577472202],[0.000503296789248,-0.00101835944224,-0.000270402611932,-0.00122285040561,-0.00151368789375,-0.00190896063577,0.0114652970806,-0.00385506614111,0.00365949934348,-0.000889379589353,-0.00100231624674,0.00154826790094,-0.00130493589677],[-0.000332916737534,0.000588139751926,-0.000557087536436,0.00213549681939,0.000198527632165,-0.00420131720603,-0.00385506614111,0.0175486803055,-0.00708148442209,-0.000789710553363,0.00171598722227,-0.00173682859167,0.00229047122411],[0.00050483411178,-0.00184300541878,-0.000225334006245,-0.0025011873804,0.0000574142650294,0.000515245716088,0.00365949934348,-0.00708148442209,0.019230209291,-0.0053626857698,-0.00400960166007,0.00374183733948,-0.00182429363485],[-0.000224024872296,0.00394195411354,-0.00112200109288,-0.000729383260477,-0.00292192725465,0.00359456869774,-0.000889379589353,-0.000789710553363,-0.0053626857698,0.0242711156607,-0.00556936440989,-0.000618417514488,0.000933381146751],[0.00041641088319,-0.00253397389315,0.00218286924064,-0.00354034476914,0.00203778943978,-0.0030366491992,-0.00100231624674,0.00171598722227,-0.00400960166007,-0.00556936440989,0.0271782521158,-0.00986187066883,0.0000206638160307],[-0.000251931080129,0.00212324317545,-0.00193272123579,0.00592870917171,-0.00141489051748,-0.000737640657462,0.00154826790094,-0.00173682859167,0.00374183733948,-0.000618417514488,-0.00986187066883,0.0290083773434,-0.0105010904372],[0.000530167424586,-0.00201839371584,0.000870065006893,-0.00330796372145,0.00166200008243,0.000756577472202,-0.00130493589677,0.00229047122411,-0.00182429363485,0.000933381146751,0.0000206638160307,-0.0105010904372,0.0306844301522]],"mean":[0.916224777699,60.2112960815,-82.5736160278,53.4370422363,-53.9827156067,14.3526830673,-46.0598678589,11.8433799744,-23.3907546997,3.60452389717,-18.4441928864,1.9288418293,-14.5506877899]},"hfc":{"dmean":16.1053123474,"dmean2":23.1603546143,"dvar":808.606445313,"dvar2":1840.41796875,"max":328.438323975,"mean":51.4618301392,"median":26.8715820313,"min":1.13937551639e-16,"var":3626.73999023},"melbands":{"dmean":[0.00243690912612,0.00438534142449,0.00202345149592,0.000916885212064,0.000259148800978,0.00013859156752,0.0000870808871696,0.000058238983911,0.0000509596939082,0.0000324085594912,0.0000248948708759,0.0000124701073219,0.0000113681553557,0.0000134223982968,0.0000128334631881,0.0000118814932648,0.0000108996819108,0.00000592241849517,0.00000693683705322,0.000012364678696,0.0000110680275611,0.0000100565193861,0.00000957050815487,0.00000789655950939,0.00000662617048874,0.00000897602967598,0.00000706884702595,0.00000652116477795,0.00000480339804199,0.00000610259576206,0.00000609534754403,0.00000751526067688,0.00000600775138082,0.00000744364206184,0.00000690576007401,0.0000065212343543,0.00000702891929905,0.00000536153811481,0.00000400751514462,0.000003629582352],"dmean2":[0.0040988130495,0.00762296468019,0.00360289867967,0.00159461039584,0.000439417373855,0.000232232472626,0.000148326900671,0.0000970235632849,0.0000833926387713,0.0000542225134268,0.0000412416338804,0.0000211604710785,0.00001888398765,0.000021916206606,0.0000205009546335,0.0000189069032785,0.0000170547991729,0.00000965328581515,0.0000110024238893,0.0000200460890483,0.000018154778445,0.0000156882106239,0.0000154392255354,0.0000126206778077,0.0000108981557787,0.0000142582821354,0.0000119886371976,0.0000109532948045,0.00000798345536168,0.0000100513407233,0.00000995761456579,0.000012335413885,0.00000993119192572,0.0000120623435578,0.0000111105455289,0.0000105777498902,0.0000114679287435,0.00000845297381602,0.00000613695146967,0.000005503641205],"dvar":[0.0000221297559619,0.0000821916401037,0.0000198883408302,0.00000396360292143,1.2998086163e-7,4.32284785745e-8,6.94655497568e-8,1.0667343453e-8,5.55632917454e-9,1.04885486962e-8,1.42589309249e-8,1.59624014007e-9,1.21704535339e-9,1.61356716877e-9,1.63146474108e-9,1.54428159149e-9,1.4816858851e-9,2.84014062268e-10,2.55728743737e-10,6.45984266079e-10,3.3477010053e-10,5.56332813151e-10,6.50281495318e-10,2.34368524588e-10,1.50975884572e-10,4.62708427129e-10,2.84487683411e-10,1.82607207133e-10,8.95606713791e-11,1.37291816804e-10,1.64655261647e-10,2.89234303175e-10,3.00263841568e-10,3.00627051031e-10,2.08135800261e-10,1.58978621934e-10,1.5978382506e-10,8.77345973649e-11,5.69099767311e-11,4.62874565066e-11],"dvar2":[0.0000572427779844,0.000229034441872,0.000056096843764,0.0000107696150735,3.70007768424e-7,1.18287296402e-7,1.91808567251e-7,2.69045425938e-8,1.32364021965e-8,2.72117812727e-8,3.33385195006e-8,4.30995195089e-9,3.11386783025e-9,3.49687456769e-9,4.31040669824e-9,3.30078253619e-9,3.44896511351e-9,6.71016187059e-10,5.432408412e-10,1.48327872207e-9,7.56757267961e-10,1.13125331325e-9,1.57863089267e-9,5.4059845489e-10,3.90328852573e-10,9.91196458244e-10,7.45380368539e-10,4.89749851784e-10,2.42591252642e-10,3.76091019438e-10,4.58340115861e-10,7.81777864667e-10,8.0254497492e-10,8.06189670577e-10,5.21328313852e-10,3.83952120098e-10,4.01968097696e-10,2.10235440168e-10,1.31445909712e-10,1.039566766e-10],"max":[0.0468786470592,0.0742349475622,0.0374463461339,0.0220731142908,0.00409386865795,0.00313083990477,0.00971393100917,0.00361979589798,0.00202172878198,0.00272114900872,0.00343417190015,0.00143598078284,0.000938861572649,0.00152706587687,0.00118739483878,0.00112838018686,0.000853904231917,0.000410168955568,0.000450450985227,0.000585999281611,0.000440514704678,0.00062975747278,0.000465990917291,0.000313772412483,0.000226050164201,0.000660810852423,0.00044342293404,0.000206805096241,0.000117296433018,0.000133476976771,0.000158927534358,0.000292198499665,0.000301359890727,0.000268499919912,0.000214002560824,0.000194574386114,0.000174634667928,0.00012532742403,0.0000995355294435,0.000136754271807],"mean":[0.00325452210382,0.0054237972945,0.00212436495349,0.00102877162863,0.000398806412704,0.000220412373892,0.000130668471684,0.0000928530134843,0.0000834541133372,0.0000493196348543,0.0000388238440792,0.0000181894010893,0.0000159340906976,0.0000197891331482,0.0000198896050279,0.0000188241665455,0.0000159062310559,0.00000894347158464,0.0000112650195661,0.0000217706165131,0.0000212209160964,0.0000184065684152,0.0000156688911375,0.0000136236958497,0.000011459342204,0.000014056650798,0.0000116255259854,0.0000114563799798,0.00000899276437849,0.0000125247015603,0.0000120418126244,0.0000138925697684,0.0000112158122647,0.0000147665805343,0.0000138025643537,0.0000136092412504,0.0000150227324411,0.0000125937740449,0.0000100227707662,0.00000874801480677],"median":[0.00127364241052,0.00235548429191,0.000921017839573,0.000462625932414,0.000267990108114,0.000150929146912,0.0000788450852269,0.0000652174639981,0.0000545289185538,0.0000181055002031,0.00000825068673294,0.00000777145578468,0.00000691480363457,0.00000961947989708,0.0000092652899184,0.00000814146642369,0.00000626526434644,0.00000352876804754,0.00000598969199928,0.0000146556103573,0.0000149296747622,0.00000860736327013,0.00000538816811968,0.00000725110658095,0.00000609482231084,0.00000553309564566,0.00000499413908983,0.0000031057875276,0.00000279804658021,0.00000456383440905,0.00000488168006996,0.00000447951424576,0.00000342410703524,0.00000490544152854,0.00000506515061716,0.00000530628949491,0.00000566576363781,0.00000463173455501,0.00000349973538505,0.00000304641798721],"min":[2.41719800349e-24,4.72521134682e-24,1.39359489096e-23,1.79994787175e-23,1.35224863988e-23,2.49799763391e-23,7.04265907214e-24,1.08886202535e-23,2.73298809575e-23,1.24612010574e-23,6.0695920458e-24,1.2021761357e-23,1.75541367598e-23,7.66529515172e-24,1.24810606307e-23,1.57415300371e-23,1.05468091898e-23,1.22527808508e-23,1.37642990875e-23,7.83736622553e-24,7.80145648826e-24,7.96387506004e-24,1.19508285621e-23,1.48197318698e-23,9.84275398738e-24,1.00538476436e-23,8.64172430323e-24,1.53121735567e-23,8.7795943125e-24,1.05691883849e-23,9.83852648179e-24,1.05867839274e-23,1.09258426553e-23,7.94961876576e-24,8.69542600936e-24,1.66919638552e-23,9.42726173746e-24,1.4076534967e-23,9.73201606009e-24,1.06948452496e-23],"var":[0.0000263001948042,0.0000757959496696,0.0000147508062582,0.00000351025960299,1.79403855327e-7,6.30841725524e-8,6.57714380736e-8,1.50077870131e-8,1.1179951187e-8,2.58835886058e-8,3.36348904284e-8,3.07690872781e-9,1.87984450228e-9,2.96819635537e-9,2.90375901102e-9,3.11548675747e-9,2.21979479242e-9,4.25224994105e-10,4.82002826541e-10,1.06560704705e-9,6.82022216481e-10,1.40325573383e-9,1.20676990623e-9,4.58929505509e-10,3.07255804133e-10,9.49195277933e-10,5.01928110186e-10,4.0866998674e-10,2.2008365963e-10,3.35524857897e-10,3.26959986863e-10,5.80747838708e-10,4.45298881102e-10,5.79046921523e-10,4.8322418289e-10,4.29702384785e-10,4.5141801408e-10,3.15520248817e-10,2.0260042255e-10,1.5890480598e-10]},"melbands_crest":{"dmean":3.4055917263,"dmean2":5.67574977875,"dvar":8.44741249084,"dvar2":21.9814281464,"max":39.4927482605,"mean":15.7881650925,"median":15.4565534592,"min":2.3479719162,"var":38.4273796082},"melbands_flatness_db":{"dmean":0.0320848710835,"dmean2":0.0506960749626,"dvar":0.000908996968064,"dvar2":0.00218689581379,"max":0.442100018263,"mean":0.202704668045,"median":0.19679659605,"min":0.00592076545581,"var":0.00630808947608},"melbands_kurtosis":{"dmean":24.5089359283,"dmean2":40.1426887512,"dvar":2336.70678711,"dvar2":6212.03808594,"max":1167.66503906,"mean":47.0646896362,"median":18.0978622437,"min":-1.65664851665,"var":6284.54638672},"melbands_skewness":{"dmean":1.31821107864,"dmean2":2.0839509964,"dvar":2.36916255951,"dvar2":5.89825296402,"max":30.6995830536,"mean":4.94142961502,"median":4.04355812073,"min":-0.0226946361363,"var":11.4088191986},"melbands_spread":{"dmean":10.8890419006,"dmean2":16.8397789001,"dvar":231.684310913,"dvar2":462.040985107,"max":216.876724243,"mean":30.3613872528,"median":20.3636779785,"min":0.503816843033,"var":1063.15002441},"mfcc":{"cov":[[13566.2255859,-1563.97680664,1905.50805664,80.821182251,224.216400146,112.829345703,-78.981842041,17.2207374573,-89.9278259277,150.618942261,-39.7295379639,-36.6095848083,-55.2547874451],[-1563.97680664,2528.11401367,-1438.24035645,312.035766602,-52.161857605,-212.04850769,-147.071258545,-77.1797485352,-57.8886871338,-234.498153687,-65.3366851807,-9.90172481537,-58.1111869812],[1905.50805664,-1438.24035645,1460.1796875,-19.6019172668,166.920196533,255.823150635,160.216430664,140.805496216,82.2997589111,247.388626099,38.179901123,29.9077129364,62.4181137085],[80.821182251,312.035766602,-19.6019172668,242.693099976,38.1480178833,38.5202407837,9.50597667694,-7.60068750381,15.8677253723,29.1569404602,-4.57291650772,2.87141227722,25.1549968719],[224.216400146,-52.161857605,166.920196533,38.1480178833,158.348617554,69.5071716309,27.7157020569,41.1946411133,24.5411968231,59.9527816772,13.6957178116,14.0092411041,12.4092102051],[112.829345703,-212.04850769,255.823150635,38.5202407837,69.5071716309,146.098251343,85.4407730103,47.111579895,32.6804161072,61.4553375244,15.3509845734,13.5984640121,20.590637207],[-78.981842041,-147.071258545,160.216430664,9.50597667694,27.7157020569,85.4407730103,147.104934692,65.5926055908,38.5787658691,42.2757225037,15.9778442383,11.6252803802,16.4467029572],[17.2207374573,-77.1797485352,140.805496216,-7.60068750381,41.1946411133,47.111579895,65.5926055908,106.354034424,33.841003418,44.4970283508,16.6989974976,12.5357646942,5.26116800308],[-89.9278259277,-57.8886871338,82.2997589111,15.8677253723,24.5411968231,32.6804161072,38.5787658691,33.841003418,69.967666626,40.878993988,14.134885788,11.9425535202,8.76997756958],[150.618942261,-234.498153687,247.388626099,29.1569404602,59.9527816772,61.4553375244,42.2757225037,44.4970283508,40.878993988,121.766944885,28.7517871857,15.0219287872,22.9823093414],[-39.7295379639,-65.3366851807,38.179901123,-4.57291650772,13.6957178116,15.3509845734,15.9778442383,16.6989974976,14.134885788,28.7517871857,50.8779525757,17.0280246735,4.04180240631],[-36.6095848083,-9.90172481537,29.9077129364,2.87141227722,14.0092411041,13.5984640121,11.6252803802,12.5357646942,11.9425535202,15.0219287872,17.0280246735,50.2586174011,19.6078720093],[-55.2547874451,-58.1111869812,62.4181137085,25.1549968719,12.4092102051,20.590637207,16.4467029572,5.26116800308,8.76997756958,22.9823093414,4.04180240631,19.6078720093,54.1804542542]],"icov":[[0.000106788356788,-0.00000259942135017,-0.000223700932111,-0.000122557918075,-0.0000959970639087,0.000185241893632,0.0000767178353271,0.0000415998583776,0.000195826432901,0.000141377939144,0.0000253675825661,-0.0000344262080034,0.000263891037321],[-0.00000259942135017,0.00166304956656,0.00152669579256,-0.00221053278074,-0.000829941709526,0.000500746187754,0.000269417098025,-0.00152432185132,0.0000217205997615,0.000945293577388,0.00101506104693,-0.00107336207293,0.00102279894054],[-0.000223700932111,0.00152669579256,0.00322598381899,-0.00109489471652,-0.000617920653895,-0.00159654440358,0.000208475583349,-0.00185494753532,-0.0000802499707788,-0.00161255931016,0.00163916486781,-0.000716010748874,-0.000099843571661],[-0.000122557918075,-0.00221053278074,-0.00109489471652,0.00814817659557,0.000414744892623,-0.00263085309416,-0.000147299142554,0.00305505236611,-0.000998316216283,-0.00297509669326,-0.000118739597383,0.00214273435995,-0.00370771531016],[-0.0000959970639087,-0.000829941709526,-0.000617920653895,0.000414744892623,0.00982234999537,-0.00408800086007,0.00195016968064,-0.001519473386,-0.000129214007757,-0.00303913699463,-0.000221227499424,-0.000546135415789,-0.0000850321303005],[0.000185241893632,0.000500746187754,-0.00159654440358,-0.00263085309416,-0.00408800086007,0.0163384582847,-0.00659575918689,0.000538326159585,0.000156140114996,0.000475392851513,-0.000250452168984,-0.000873113807756,0.000571422337089],[0.0000767178353271,0.000269417098025,0.000208475583349,-0.000147299142554,0.00195016968064,-0.00659575918689,0.0134835178033,-0.00578533159569,-0.00253320019692,0.00103416177444,-0.000610553252045,0.000639632693492,-0.00149036361836],[0.0000415998583776,-0.00152432185132,-0.00185494753532,0.00305505236611,-0.001519473386,0.000538326159585,-0.00578533159569,0.0170792546123,-0.00275389337912,-0.00259411381558,-0.00149093137588,-0.000523356313352,0.00121396128088],[0.000195826432901,0.0000217205997615,-0.0000802499707788,-0.000998316216283,-0.000129214007757,0.000156140114996,-0.00253320019692,-0.00275389337912,0.020672922954,-0.00469189323485,-0.000586650683545,-0.00230265432037,0.00130665011238],[0.000141377939144,0.000945293577388,-0.00161255931016,-0.00297509669326,-0.00303913699463,0.000475392851513,0.00103416177444,-0.00259411381558,-0.00469189323485,0.0190387908369,-0.00612245127559,0.00096377421869,-0.00235804333352],[0.0000253675825661,0.00101506104693,0.00163916486781,-0.000118739597383,-0.000221227499424,-0.000250452168984,-0.000610553252045,-0.00149093137588,-0.000586650683545,-0.00612245127559,0.0267714112997,-0.00859919469804,0.00356418918818],[-0.0000344262080034,-0.00107336207293,-0.000716010748874,0.00214273435995,-0.000546135415789,-0.000873113807756,0.000639632693492,-0.000523356313352,-0.00230265432037,0.00096377421869,-0.00859919469804,0.0275712758303,-0.0104153733701],[0.000263891037321,0.00102279894054,-0.000099843571661,-0.00370771531016,-0.0000850321303005,0.000571422337089,-0.00149036361836,0.00121396128088,0.00130665011238,-0.00235804333352,0.00356418918818,-0.0104153733701,0.026088418439]],"mean":[-642.952087402,87.095703125,28.1088924408,37.0055961609,18.6519451141,5.4907336235,-2.96651387215,3.50089550018,-0.067812487483,-1.36731660366,-0.656703174114,4.70542621613,0.724865376949]},"pitch_salience":{"dmean":0.0851452201605,"dmean2":0.144377499819,"dvar":0.00602118810639,"dvar2":0.0163788031787,"max":0.869648754597,"mean":0.56468129158,"median":0.590433299541,"min":0.0388957075775,"var":0.0224637836218},"silence_rate_20dB":{"dmean":0,"dmean2":0,"dvar":0,"dvar2":0,"max":1,"mean":1,"median":1,"min":1,"var":0},"silence_rate_30dB":{"dmean":0.0934761464596,"dmean2":0.187012985349,"dvar":0.0847404077649,"dvar2":0.183207720518,"max":1,"mean":0.918559372425,"median":1,"min":0,"var":0.0748097151518},"silence_rate_60dB":{"dmean":0.00389483943582,"dmean2":0.00779220787808,"dvar":0.00387975387275,"dvar2":0.0103291813284,"max":1,"mean":0.0717066824436,"median":0,"min":0,"var":0.0665650069714},"spectral_centroid":{"dmean":352.412567139,"dmean2":544.60723877,"dvar":129566.492188,"dvar2":274806.09375,"max":10764.0927734,"mean":1672.31262207,"median":1472.69287109,"min":210.259170532,"var":793029.1875},"spectral_complexity":{"dmean":4.27263879776,"dmean2":6.69740247726,"dvar":25.6395149231,"dvar2":59.0798187256,"max":57,"mean":17.6576900482,"median":15,"min":0,"var":100.908554077},"spectral_contrast_coeffs":{"dmean":[0.0586318485439,0.0457167029381,0.032967556268,0.0284267235547,0.020239436999,0.0164597965777],"dmean2":[0.0995179712772,0.0766514837742,0.0559837780893,0.0477504879236,0.0330733992159,0.0266944412142],"dvar":[0.00228925910778,0.00129777705297,0.000720119685866,0.000507757766172,0.000288905197522,0.000255850347457],"dvar2":[0.00648946221918,0.00360296946019,0.00193991046399,0.0014063087292,0.00073979399167,0.000611677009147],"max":[-0.341424465179,-0.570084989071,-0.556013286114,-0.605149447918,-0.62420552969,-0.650729298592],"mean":[-0.64994353056,-0.772122859955,-0.82858389616,-0.808370828629,-0.796976327896,-0.778486609459],"median":[-0.646457970142,-0.772206306458,-0.833829641342,-0.809505701065,-0.798934459686,-0.779975056648],"min":[-0.985905349255,-0.965323448181,-0.961433231831,-0.958325862885,-0.958787858486,-0.963324785233],"var":[0.00634483899921,0.00327926198952,0.00235711759888,0.00169424444903,0.00186693866272,0.00138110981788]},"spectral_contrast_valleys":{"dmean":[0.436773151159,0.345846235752,0.337950497866,0.26047039032,0.232731074095,0.260071784258],"dmean2":[0.723939597607,0.585211753845,0.555190563202,0.418250113726,0.36414912343,0.358877182007],"dvar":[0.162766307592,0.110524587333,0.125758096576,0.0865351632237,0.0961912572384,0.171891242266],"dvar2":[0.376695990562,0.247377514839,0.283441096544,0.152992531657,0.167118683457,0.325049191713],"max":[-4.79357528687,-4.94606542587,-5.58823633194,-6.12904071808,-5.65296602249,-7.04039096832],"mean":[-6.9991812706,-6.81545066833,-7.78730726242,-7.88202047348,-7.4920425415,-9.4952287674],"median":[-6.61977291107,-6.57283592224,-7.62010002136,-7.67190551758,-7.22284603119,-8.75065517426],"min":[-27.2617645264,-27.199634552,-27.1409702301,-27.2679595947,-27.1637458801,-27.1845912933],"var":[2.18364500999,1.91118657589,1.67362308502,1.75483453274,1.91677176952,3.98377323151]},"spectral_decrease":{"dmean":5.87179460609e-9,"dmean2":9.93705651098e-9,"dvar":1.23513814973e-16,"dvar2":3.29635894556e-16,"max":-9.83349315652e-29,"mean":-9.57434309612e-9,"median":-6.54742127182e-9,"min":-8.55313544434e-8,"var":1.31983403292e-16},"spectral_energy":{"dmean":0.0229431148618,"dmean2":0.0387600399554,"dvar":0.00184368202463,"dvar2":0.00493632210419,"max":0.331750333309,"mean":0.0408035703003,"median":0.0303754247725,"min":1.07056178647e-20,"var":0.00202977308072},"spectral_energyband_high":{"dmean":0.00157833273988,"dmean2":0.00222000852227,"dvar":0.00000938340417633,"dvar2":0.0000217788619921,"max":0.0415555052459,"mean":0.00488053960726,"median":0.00196379027329,"min":7.57019702296e-21,"var":0.0000426208498538},"spectral_energyband_low":{"dmean":0.0182279869914,"dmean2":0.0308581981808,"dvar":0.0013117690105,"dvar2":0.00349492998794,"max":0.286195367575,"mean":0.0251866318285,"median":0.0128298550844,"min":3.06421469709e-23,"var":0.00140710873529},"spectral_energyband_middle_high":{"dmean":0.0008825311088,"dmean2":0.00134473305661,"dvar":0.00000221223035624,"dvar2":0.0000048803763093,"max":0.0306782294065,"mean":0.00236227875575,"median":0.001402409398,"min":1.63471306023e-21,"var":0.00000804339106253},"spectral_energyband_middle_low":{"dmean":0.00735242804512,"dmean2":0.0128674535081,"dvar":0.000224119707127,"dvar2":0.000625408370979,"max":0.128046020865,"mean":0.0107207894325,"median":0.00680376216769,"min":4.72104448885e-22,"var":0.000188923149835},"spectral_entropy":{"dmean":0.133932426572,"dmean2":0.208406284451,"dvar":0.0189212020487,"dvar2":0.0420280620456,"max":9.80694484711,"mean":8.00173664093,"median":8.09745502472,"min":6.36424160004,"var":0.206730693579},"spectral_flux":{"dmean":0.0345244333148,"dmean2":0.0541797094047,"dvar":0.00280423345976,"dvar2":0.00577569380403,"max":0.470952630043,"mean":0.107814066112,"median":0.0915359854698,"min":1.03467956425e-10,"var":0.00592904072255},"spectral_kurtosis":{"dmean":0.984594523907,"dmean2":1.65961992741,"dvar":2.30239844322,"dvar2":6.9868273735,"max":19.888759613,"mean":2.22404003143,"median":1.24835908413,"min":-1.24305951595,"var":6.65285205841},"spectral_rms":{"dmean":0.00138304941356,"dmean2":0.00225013191812,"dvar":0.00000406335266234,"dvar2":0.0000104653554445,"max":0.0179905220866,"mean":0.00550746172667,"median":0.00544376298785,"min":3.23179590728e-12,"var":0.00000947625903791},"spectral_rolloff":{"dmean":1111.25561523,"dmean2":1809.17565918,"dvar":3401066.5,"dvar2":7263392,"max":19336.8164063,"mean":3207.13696289,"median":1528.85742188,"min":21.533203125,"var":13406449},"spectral_skewness":{"dmean":0.154356792569,"dmean2":0.245828419924,"dvar":0.027935244143,"dvar2":0.0736690014601,"max":2.93109846115,"mean":1.11254322529,"median":1.09083724022,"min":0.0352789834142,"var":0.149573847651},"spectral_spread":{"dmean":650199.875,"dmean2":915786.3125,"dvar":907321606144,"dvar2":1334986407940,"max":41851056,"mean":7014590,"median":7494687,"min":2192716,"var":8864032358400},"spectral_strongpeak":{"dmean":0.30076622963,"dmean2":0.529713690281,"dvar":0.529011189938,"dvar2":1.57082152367,"max":12.7760448456,"mean":0.473679184914,"median":0.368965893984,"min":0,"var":0.388112485409},"zerocrossingrate":{"dmean":0.0184042882174,"dmean2":0.0203560963273,"dvar":0.00055957963923,"dvar2":0.000593377801124,"max":0.49609375,"mean":0.108022481203,"median":0.084228515625,"min":0.00146484375,"var":0.00712395319715}},"metadata":{"audio_properties":{"analysis_sample_rate":44100,"bit_rate":192000,"codec":"mp3","downmix":"mix","equal_loudness":0,"length":71.5232620239,"lossless":false,"md5_encoded":"0adac1a28ddf1179547062b5365b120e","replay_gain":-4.56538581848,"sample_rate":44100},"tags":{"album":["Ozma"],"albumartist":["Melvins"],"albumartistsort":["Melvins"],"artist":["Melvins"],"artistsort":["Melvins"],"contentgroup":["Rock"],"date":["1988"],"discnumber":["1/1"],"file_name":"09 - Raise a Paw.mp3","genre":["Rock","Grunge","Stoner Rock","Sludge Metal","Experimental","Alternative"],"language":["eng"],"musicbrainz album release country":["US"],"musicbrainz album status":["official"],"musicbrainz album type":["album"],"musicbrainz_albumartistid":["9ccfbc94-a4f4-42f7-b6f5-d903ab77cccb"],"musicbrainz_albumid":["2d187c12-c53d-4d66-a40b-8e73df68c12b"],"musicbrainz_artistid":["9ccfbc94-a4f4-42f7-b6f5-d903ab77cccb"],"musicbrainz_recordingid":["78f5f2d8-346c-45cc-8331-e7d0023948d4"],"musicip_puid":["074c62d1-1081-7cfa-66e1-8f0fa889f059"],"script":["Latn"],"title":["Raise a Paw"],"tracknumber":["9/17"]},"version":{"essentia":"2.1-beta2","essentia_build_sha":"2d9f1f26377add8aeb1075a9c2973f962c4f09fd","essentia_git_sha":"v2.1_beta2-1-ge3940c0","extractor":"music 1.0"}},"rhythm":{"beats_count":155,"beats_loudness":{"dmean":0.0283717270941,"dmean2":0.0478926375508,"dvar":0.000792710343376,"dvar2":0.00225289841183,"max":0.160252436996,"mean":0.0523639135063,"median":0.0524013638496,"min":3.36293027203e-7,"var":0.00156189885456},"beats_loudness_band_ratio":{"dmean":[0.236765697598,0.155148938298,0.0384939946234,0.0327612757683,0.040805477649,0.154063150287],"dmean2":[0.394798457623,0.284710496664,0.0673746392131,0.0601879507303,0.0686894208193,0.255587756634],"dvar":[0.0438056215644,0.0159379970282,0.00228881207295,0.00348512781784,0.0043509514071,0.0215851962566],"dvar2":[0.103274449706,0.0473058335483,0.00620993506163,0.0100702214986,0.0108135603368,0.0557307451963],