{"lowlevel":{"average_loudness":0.96744966507,"barkbands":{"dmean":[0.000106410814624,0.00921706762165,0.00394267728552,0.00209147064015,0.00235688313842,0.000570233096369,0.000464706361527,0.000253014732152,0.000299931067275,0.000590719515458,0.000199956877623,0.000789336918388,0.00116986769717,0.000515352352522,0.000461874034954,0.000457980378997,0.000445043842774,0.000253502570558,0.000137267517857,0.0000807218602858,0.0000850251526572,0.000149028986925,0.000116836228699,0.000078930221207,0.00007934684254,0.00000814574195829,4.75316483062e-7],"dmean2":[0.000186024757568,0.0158934015781,0.00671642785892,0.00353664392605,0.00396751798689,0.00097869662568,0.000784882460721,0.000416268070694,0.000477447465528,0.000909577007405,0.000335497315973,0.0012534026755,0.00183090078644,0.000871202151757,0.000738046714105,0.000732528977096,0.000713505258318,0.000406300503528,0.000209013465792,0.000124992977362,0.000123674108181,0.000228245742619,0.000200611277251,0.000124415993923,0.000119362055557,0.0000117049221444,7.99159124654e-7],"dvar":[2.06933332692e-8,0.0000937016739044,0.0000187172481674,0.00000504376885146,0.00000796016502136,4.72740083524e-7,3.67917976973e-7,1.63746193493e-7,1.94804499642e-7,6.3355508928e-7,7.32022442662e-8,0.00000100988870599,0.00000225536223297,6.14744692484e-7,4.63426147235e-7,4.0249290123e-7,3.99395105433e-7,1.30539163479e-7,4.66087364259e-8,1.31963160399e-8,1.65261013763e-8,7.55634772531e-8,7.86630849348e-8,3.18320800829e-8,5.09764426226e-8,1.85476231596e-10,1.46923857629e-12],"dvar2":[5.76163117216e-8,0.000260149914538,0.0000495437816426,0.0000141132304634,0.0000227404052566,0.00000134490437631,0.00000100465501873,4.22061305017e-7,4.7342254561e-7,0.00000152760878791,2.00374117298e-7,0.00000252778158938,0.000005514969871,0.00000169925169757,0.00000113805549518,0.0000010199770486,0.00000102268211322,3.1217967944e-7,1.01952608134e-7,2.90546697812e-8,3.42095063388e-8,1.65016516007e-7,2.09673174822e-7,7.7781955099e-8,1.24637352883e-7,3.45979467298e-10,3.89083600408e-12],"max":[0.00150201714132,0.0902226269245,0.0402329750359,0.0199796557426,0.0317471958697,0.00628148345277,0.00841419957578,0.00610476639122,0.00925977807492,0.0127153536305,0.00351621047594,0.0102462796494,0.0167413540184,0.0119298566133,0.00968453940004,0.00889101345092,0.00730914995074,0.00435764947906,0.0028348932974,0.00143491185736,0.00181553489529,0.00209881947376,0.00262584886514,0.00168720935471,0.00194379442837,0.000101256693597,0.0000183784723049],"mean":[0.000115420683869,0.0124276457354,0.00563818495721,0.00300425826572,0.00430604908615,0.000913569820113,0.000762716343161,0.000418899930082,0.000526022398844,0.00106736610178,0.000336954806698,0.00165641994681,0.00212933961302,0.000852557423059,0.000832473800983,0.000880728359334,0.00085236056475,0.000535407743882,0.000295938312775,0.000171126186615,0.000161887146533,0.00020841305377,0.000123999678181,0.0000930342212087,0.0000849530042615,0.0000120694603538,6.34640173303e-7],"median":[0.0000694125337759,0.00832785107195,0.00386979081668,0.00208596372977,0.00318246823736,0.000650381378364,0.000529104028828,0.000259802705841,0.000317079888191,0.000688550877385,0.000218952394789,0.00128660560586,0.00138654420152,0.000561874825507,0.000504634925164,0.000590570271015,0.000520607922226,0.000354174146196,0.000163633580087,0.0000970263718045,0.0000801307323854,0.000080635669292,0.0000494162086397,0.0000318487291224,0.0000178973386937,0.00000488451041747,2.68805735004e-7],"min":[1.66397842562e-24,1.27159068888e-23,1.65998075465e-23,4.45002076991e-24,2.11717613632e-23,9.92464958225e-24,7.92389164506e-24,5.10780683481e-23,1.8956420638e-23,3.17737837167e-23,2.49827862617e-23,8.68162567668e-23,4.28608577081e-23,7.64058487272e-23,8.64812811829e-23,7.45064862376e-23,1.38045332025e-22,1.71239563931e-22,1.52171723001e-22,3.24241471527e-22,3.13520182871e-22,3.96657085091e-22,4.92478769692e-22,6.50840438092e-22,8.69127212026e-22,1.63256614688e-21,2.27298811793e-21],"var":[2.00908942816e-8,0.000153064480401,0.0000292562817776,0.00000811729933048,0.0000165690162248,7.49193304728e-7,6.25091502116e-7,2.49080983394e-7,4.5462203957e-7,0.00000143302145261,1.21396382724e-7,0.00000266746883426,0.00000508028142576,8.45058593768e-7,9.15486623398e-7,8.80084371602e-7,9.36205594826e-7,3.36773382514e-7,1.32077261128e-7,3.60183278758e-8,4.07724201068e-8,9.50971710267e-8,6.12074941841e-8,3.02859355372e-8,4.9251656975e-8,2.84499590553e-10,1.47714793956e-12]},"barkbands_crest":{"dmean":3.20678782463,"dmean2":5.45161294937,"dvar":7.12058353424,"dvar2":19.8617210388,"max":23.2411251068,"mean":9.69031047821,"median":8.79117393494,"min":2.62151432037,"var":16.5239562988},"barkbands_flatness_db":{"dmean":0.0238545816392,"dmean2":0.0389802493155,"dvar":0.000407253362937,"dvar2":0.00107263680547,"max":0.255078434944,"mean":0.120216697454,"median":0.11734957248,"min":0.0386859662831,"var":0.00102560850792},"barkbands_kurtosis":{"dmean":2.31875061989,"dmean2":3.9042403698,"dvar":13.9444990158,"dvar2":37.7379188538,"max":53.7252349854,"mean":2.28217458725,"median":0.634670317173,"min":-1.63346803188,"var":22.3870353699},"barkbands_skewness":{"dmean":0.578885674477,"dmean2":0.967302978039,"dvar":0.273756802082,"dvar2":0.751987338066,"max":6.38261413574,"mean":1.44600975513,"median":1.30225253105,"min":-1.90097105503,"var":0.929114222527},"barkbands_spread":{"dmean":5.99438095093,"dmean2":9.67468357086,"dvar":34.1437721252,"dvar2":84.606086731,"max":69.9305953979,"mean":24.9447174072,"median":24.8398628235,"min":2.71957588196,"var":87.1859283447},"dissonance":{"dmean":0.00985162891448,"dmean2":0.0168850049376,"dvar":0.0000939224773902,"dvar2":0.000261166598648,"max":0.499999910593,"mean":0.484026730061,"median":0.486247837543,"min":0.376770555973,"var":0.000120561780932},"dynamic_complexity":2.39118719101,"erbbands":{"dmean":[0.179749339819,2.36962151527,4.74475908279,5.86064243317,8.27501773834,6.64936971664,7.4133439064,3.06137776375,7.07298707962,4.96819496155,6.40081691742,7.28468036652,12.5897636414,14.1230554581,14.4313516617,31.8240070343,50.1516036987,31.519241333,26.9941444397,22.1210956573,25.0158233643,21.5108337402,15.5328321457,9.86210727692,4.95817470551,3.50932836533,3.08471298218,4.17014884949,5.54904651642,3.58968520164,3.88934278488,1.62249732018,1.41982865334,0.995043516159,0.458364278078,0.0598289780319,0.0121642844751,0.00165502738673,0.0000509145429533,0.0000159071641974],"dmean2":[0.306583255529,4.10129451752,8.20944213867,9.75377178192,14.0616207123,11.0606966019,12.6197977066,5.27701091766,12.1055498123,8.28636741638,10.621099472,11.5348348618,20.176618576,21.5340003967,23.1950740814,50.5015487671,78.8484573364,51.4595756531,43.5992393494,35.9479179382,40.2884025574,33.8446159363,24.7770366669,15.3771076202,7.61725282669,5.30137634277,4.47626638412,6.05009555817,8.37897872925,5.86325597763,6.66713905334,2.61731314659,2.25132369995,1.50033795834,0.696270167828,0.0872650146484,0.0177895985544,0.00239893700927,0.0000767834062572,0.0000263188576355],"dvar":[0.0417532660067,6.22777557373,26.9739265442,39.7175216675,93.3503417969,69.9314727783,86.6789932251,12.8677062988,95.9607925415,37.3914070129,98.763458252,135.697799683,386.501678467,407.655395508,365.496765137,1706.60571289,4691.39990234,2060.04394531,2110.09130859,1035.15771484,1151.1048584,932.611633301,430.002288818,242.86227417,59.1058349609,23.2311000824,22.4822731018,45.8672866821,122.263542175,49.4314575195,99.3679656982,12.3591527939,10.6570720673,7.68980073929,1.67377591133,0.0116036124527,0.000460758572444,0.0000117133877211,1.4526625236e-8,2.48330106478e-10],"dvar2":[0.107184641063,17.7398414612,74.1181106567,110.573501587,270.178436279,197.45463562,246.373382568,37.0876197815,270.076416016,90.7615585327,255.558807373,321.986724854,894.453430176,933.623474121,920.200317383,4068.5793457,11226.1816406,5439.11132813,5423.40429688,2597.35888672,2875.14599609,2318.65844727,1020.60864258,580.928771973,137.102661133,49.2892379761,45.8298721313,100.077476501,261.581634521,127.904167175,263.587677002,30.6928386688,26.6163368225,18.8569869995,4.04294252396,0.0237669795752,0.000855871068779,0.0000224073683057,3.38015020418e-8,6.33157526408e-10],"max":[1.99113106728,22.2144947052,51.9271774292,66.6097564697,78.3358306885,122.605041504,92.1748046875,50.4305953979,117.569396973,80.4002914429,172.889007568,270.914703369,319.309570313,339.403991699,214.220962524,520.036560059,822.74407959,608.763793945,658.417114258,341.782562256,356.113586426,374.65447998,228.441177368,192.293792725,104.083297729,56.761680603,57.9637947083,82.2236480713,86.6311416626,55.0752296448,93.0159759521,33.4612770081,31.532365799,26.2863407135,10.2277641296,0.875901401043,0.180681601167,0.0433831810951,0.00192204222549,0.000176241708687],"mean":[0.256747871637,3.14396739006,6.81275939941,9.61782646179,12.7974815369,12.4699869156,11.4587173462,5.56975650787,10.6447963715,8.83344173431,11.3845090866,13.2773733139,23.0799064636,26.8223018646,28.6143035889,69.4488220215,96.1827697754,59.8185043335,45.9737281799,43.4077644348,51.1517486572,44.7958526611,33.2531356812,21.4538154602,11.4313411713,7.82312488556,6.29906988144,7.15772771835,7.81232500076,4.4449005127,3.97320389748,1.88913822174,1.60591101646,1.08471775055,0.496408551931,0.082611784339,0.017948936671,0.00288254744373,0.0000976290320978,0.000048681980843],"median":[0.158729478717,2.15180921555,4.82811069489,7.12782382965,9.12115859985,8.48429393768,7.16478252411,4.35847520828,7.11110115051,6.28396606445,7.68996334076,8.00570201874,13.6638832092,17.9495735168,22.1220340729,58.2831802368,65.996383667,42.6937675476,28.7364692688,28.9660453796,34.8624725342,28.7877960205,22.1814098358,12.1903839111,6.69319629669,4.59456014633,3.35960674286,3.26792860031,2.99814271927,1.77995991707,1.44284880161,0.697835743427,0.501294136047,0.244575440884,0.107408896089,0.0299839600921,0.00719724781811,0.00131224165671,0.0000517350526934,0.0000457458736491],"min":[2.36998403145e-22,3.38607656023e-21,1.46228536323e-20,1.88064278246e-20,3.7734002066e-20,7.21653627518e-20,9.92602000909e-20,6.18212365473e-20,5.89564903662e-20,4.41171816621e-19,1.07232840838e-18,5.61522201351e-19,4.8306370666e-19,1.07924436209e-18,2.33426543152e-18,2.8099683164e-18,1.93675655033e-18,2.49796137282e-18,5.47820750665e-18,3.37958597931e-18,5.8382407634e-18,6.56701872951e-18,7.83764714614e-18,8.64351545021e-18,7.05752401146e-18,1.60524638362e-17,1.52104320229e-17,1.17751741e-17,1.36827336563e-17,1.34475248491e-17,1.5865494548e-17,1.24704458747e-17,1.11658993306e-17,9.83725866968e-18,6.44983536085e-18,5.43476563524e-18,2.95982614644e-18,1.15938203342e-18,2.68567502019e-19,3.35250486154e-20],"var":[0.0795847177505,9.59136295319,41.5339050293,70.5120773315,149.492141724,191.641845703,155.704818726,23.7395954132,134.069793701,82.8446960449,156.240036011,328.024047852,927.928955078,1003.20733643,738.527832031,4190.70898438,10579.703125,3774.24365234,3227.61206055,2056.17993164,2739.80151367,2263.77807617,1160.82141113,632.893249512,169.905212402,72.1171646118,59.6593856812,90.1273498535,150.505310059,46.7274513245,77.1680603027,11.5181837082,9.72583866119,7.46468305588,1.62857198715,0.0159492380917,0.000693469366524,0.0000197910285351,1.8805579316e-8,7.81544606809e-10]},"erbbands_crest":{"dmean":2.17345023155,"dmean2":3.53471565247,"dvar":4.15914297104,"dvar2":10.1435871124,"max":22.0342292786,"mean":7.16898298264,"median":6.38831567764,"min":2.5335495472,"var":9.30436706543},"erbbands_flatness_db":{"dmean":0.0134357344359,"dmean2":0.0205269437283,"dvar":0.000164109573234,"dvar2":0.000338498241035,"max":0.25269639492,"mean":0.13885460794,"median":0.135054498911,"min":0.0791654139757,"var":0.000680273631588},"erbbands_kurtosis":{"dmean":0.683377742767,"dmean2":1.11636447906,"dvar":0.4383918643,"dvar2":1.08970308304,"max":7.8258433342,"mean":0.438514441252,"median":0.291289508343,"min":-1.39869296551,"var":1.1470580101},"erbbands_skewness":{"dmean":0.24501799047,"dmean2":0.384665191174,"dvar":0.0416024886072,"dvar2":0.0985972955823,"max":1.08261668682,"mean":-0.367508232594,"median":-0.391586691141,"min":-1.45434761047,"var":0.125467672944},"erbbands_spread":{"dmean":7.29361915588,"dmean2":11.8397674561,"dvar":42.2865219116,"dvar2":102.920181274,"max":71.8179855347,"mean":34.6794013977,"median":33.0836677551,"min":4.77992963791,"var":134.354293823},"gfcc":{"cov":[[7025.95605469,121.114746094,-816.467102051,272.374633789,-397.959838867,384.810974121,-278.180755615,7.54176712036,-130.603500366,-105.632820129,-34.5551872253,11.7618465424,20.6023635864],[121.114746094,408.896209717,-117.899406433,-32.5169830322,124.533279419,-109.25856781,62.4928207397,-33.937046051,20.6391639709,-21.5879974365,18.0189647675,-22.3047580719,0.824235737324],[-816.467102051,-117.899406433,400.766571045,-15.6175413132,20.114610672,28.5520439148,0.672676086426,29.1923942566,5.9416513443,38.9496383667,-11.8995141983,14.3922891617,-22.9104194641],[272.374633789,-32.5169830322,-15.6175413132,152.999832153,-19.1652183533,24.8329906464,16.807220459,-0.711704194546,15.1059236526,3.20168161392,15.2916288376,-10.6638507843,17.6738948822],[-397.959838867,124.533279419,20.114610672,-19.1652183533,143.033843994,-42.1618347168,51.5433197021,-5.36645078659,12.3713626862,7.67630195618,1.93517649174,-4.20143651962,-5.01144170761],[384.810974121,-109.25856781,28.5520439148,24.8329906464,-42.1618347168,135.599731445,-10.5764522552,9.42417144775,-3.18954753876,-7.80875396729,10.6199865341,8.38672828674,6.71817779541],[-278.180755615,62.4928207397,0.672676086426,16.807220459,51.5433197021,-10.5764522552,84.5313949585,15.9972696304,25.4275360107,7.66443109512,15.5533094406,-5.63638496399,5.04532003403],[7.54176712036,-33.937046051,29.1923942566,-0.711704194546,-5.36645078659,9.42417144775,15.9972696304,52.993724823,16.5521125793,16.5191898346,-5.05751657486,4.79900074005,-0.633706152439],[-130.603500366,20.6391639709,5.9416513443,15.1059236526,12.3713626862,-3.18954753876,25.4275360107,16.5521125793,49.0186424255,16.6325073242,13.1601810455,-2.80419802666,7.97903013229],[-105.632820129,-21.5879974365,38.9496383667,3.20168161392,7.67630195618,-7.80875396729,7.66443109512,16.5191898346,16.6325073242,49.1968307495,13.8074760437,5.56853437424,-6.63040971756],[-34.5551872253,18.0189647675,-11.8995141983,15.2916288376,1.93517649174,10.6199865341,15.5533094406,-5.05751657486,13.1601810455,13.8074760437,46.3630828857,9.43333244324,8.4295501709],[11.7618465424,-22.3047580719,14.3922891617,-10.6638507843,-4.20143651962,8.38672828674,-5.63638496399,4.79900074005,-2.80419802666,5.56853437424,9.43333244324,34.6827468872,9.67562389374],[20.6023635864,0.824235737324,-22.9104194641,17.6738948822,-5.01144170761,6.71817779541,5.04532003403,-0.633706152439,7.97903013229,-6.63040971756,8.4295501709,9.67562389374,36.2383537292]],"icov":[[0.00117541453801,-0.00345701701008,0.00223801843822,-0.0028612811584,0.00235037272796,-0.00506979599595,0.00402090186253,-0.00323380553164,0.00289984978735,-0.00268908031285,0.00328803248703,-0.00250516040251,0.00164285034407],[-0.00345701701008,0.0156565066427,-0.00553944380954,0.00941265933216,-0.0102240741253,0.0179835613817,-0.0130268651992,0.010943621397,-0.010460360907,0.0115608815104,-0.0128879686818,0.0092099243775,-0.00426897732541],[0.00223801843822,-0.00553944380954,0.00753868743777,-0.005276767537,0.00318030337803,-0.0101495468989,0.00750043429434,-0.00633767805994,0.00497050769627,-0.00682411715388,0.00743868155405,-0.00602831039578,0.00489578861743],[-0.0028612811584,0.00941265933216,-0.005276767537,0.015301592648,-0.00474964408204,0.0115918274969,-0.0119044873863,0.00938248727471,-0.00805546622723,0.00558951729909,-0.00969662517309,0.0106743527576,-0.00816866196692],[0.00235037272796,-0.0102240741253,0.00318030337803,-0.00474964408204,0.0176704805344,-0.00987817533314,0.00106807833072,-0.00291278958321,0.00613565882668,-0.00891953706741,0.010628791526,-0.00704850396141,0.0037253301125],[-0.00506979599595,0.0179835613817,-0.0101495468989,0.0115918274969,-0.00987817533314,0.0329354070127,-0.017300279811,0.01192691084,-0.0127291772515,0.0174651760608,-0.0197961200029,0.0108723640442,-0.00675138225779],[0.00402090186253,-0.0130268651992,0.00750043429434,-0.0119044873863,0.00106807833072,-0.017300279811,0.0353955738246,-0.0197975467891,0.00582452630624,-0.00598825979978,0.00404235580936,-0.00464934390038,0.00456191785634],[-0.00323380553164,0.010943621397,-0.00633767805994,0.00938248727471,-0.00291278958321,0.01192691084,-0.0197975467891,0.0390702821314,-0.0163545552641,-0.00114776298869,0.0023386166431,0.00101697037462,-0.00359205994755],[0.00289984978735,-0.010460360907,0.00497050769627,-0.00805546622723,0.00613565882668,-0.0127291772515,0.00582452630624,-0.0163545552641,0.0396904088557,-0.0151624344289,0.00299544492736,0.000916050048545,-0.00468280119821],[-0.00268908031285,0.0115608815104,-0.00682411715388,0.00558951729909,-0.00891953706741,0.0174651760608,-0.00598825979978,-0.00114776298869,-0.0151624344289,0.0417712777853,-0.0216559544206,0.00313255679794,0.00575011596084],[0.00328803248703,-0.0128879686818,0.00743868155405,-0.00969662517309,0.010628791526,-0.0197961200029,0.00404235580936,0.0023386166431,0.00299544492736,-0.0216559544206,0.0461068600416,-0.0184585228562,0.00205520913005],[-0.00250516040251,0.0092099243775,-0.00602831039578,0.0106743527576,-0.00704850396141,0.0108723640442,-0.00464934390038,0.00101697037462,0.000916050048545,0.00313255679794,-0.0184585228562,0.0465960018337,-0.0179036445916],[0.00164285034407,-0.00426897732541,0.00489578861743,-0.00816866196692,0.0037253301125,-0.00675138225779,0.00456191785634,-0.00359205994755,-0.00468280119821,0.00575011596084,0.00205520913005,-0.0179036445916,0.0412915162742]],"mean":[29.1795539856,102.800857544,-122.762413025,42.3598060608,-36.2441139221,30.5278873444,-36.6197090149,6.07953023911,-24.1602096558,0.638257324696,-15.7568416595,2.24559760094,-14.134771347]},"hfc":{"dmean":7.25068092346,"dmean2":10.5214586258,"dvar":86.9292602539,"dvar2":194.205368042,"max":92.8736877441,"mean":25.128446579,"median":22.4654350281,"min":1.15438308733e-16,"var":321.437408447},"melbands":{"dmean":[0.00212301546708,0.00269080069847,0.000951238384005,0.000603459309787,0.000234067105339,0.0000793365616119,0.000099803590274,0.0000501773938595,0.0000579290463065,0.0000420603973907,0.0000670473018545,0.0000645064865239,0.0000363973667845,0.0000894713739399,0.0000947725784499,0.000122072844533,0.0000559257350687,0.0000456662673969,0.0000291779742838,0.0000315644392685,0.00003206956535,0.0000254772276094,0.0000202562223421,0.0000132334171212,0.00000861385615281,0.00000452381118521,0.00000342312091561,0.0000023048037292,0.00000226160955208,0.00000193114124158,0.00000268906001111,0.00000299530802295,0.00000338353584084,0.00000157569786552,0.00000262667231254,0.00000122518042645,9.78327420853e-7,0.00000112086490844,7.79160359343e-7,9.51296783569e-7],"dmean2":[0.00362777081318,0.0047066132538,0.00159076030832,0.00100857042708,0.000396633811761,0.000136798946187,0.000170562430867,0.0000833639278426,0.0000953845592448,0.0000670221634209,0.000107443331217,0.0000980103868642,0.000058914640249,0.00014264236961,0.000151127664139,0.00019439321477,0.0000930723253987,0.0000744742792449,0.0000469438200525,0.0000516336913279,0.0000521694018971,0.0000409109634347,0.0000326803929056,0.0000210593316297,0.0000139032235893,0.00000703441537553,0.00000552763003725,0.00000353835980604,0.00000344446380041,0.00000288404748972,0.00000393885648009,0.00000454710288977,0.00000544801378055,0.00000267339214588,0.00000455709550806,0.00000206746017284,0.00000154831752752,0.00000178777270321,0.00000123372001326,0.00000144361274579],"dvar":[0.00000522797654412,0.00000787585759099,9.89889031189e-7,5.41813335531e-7,8.30258670703e-8,8.54420623142e-9,1.82930772752e-8,3.96470767328e-9,7.34877803055e-9,4.22202672823e-9,1.08963886802e-8,8.45609271494e-9,2.16324469449e-9,1.35126034806e-8,1.62120450398e-8,2.91319111057e-8,6.68217303712e-9,6.82131551244e-9,1.68054647975e-9,1.79424963775e-9,2.02371164271e-9,1.33449717943e-9,8.49485315424e-10,3.96616767206e-10,1.96697075294e-10,5.59828780555e-11,2.48196897062e-11,1.03348406222e-11,1.46429830067e-11,8.9335240594e-12,2.07092658994e-11,3.69903309372e-11,4.43133654771e-11,9.51899583462e-12,4.59571963818e-11,7.75179052892e-12,4.88106690483e-12,6.73192578071e-12,3.82849611388e-12,7.52010866772e-12],"dvar2":[0.000013641831174,0.0000226714873861,0.00000277680169347,0.00000154400072461,2.38364094685e-7,2.4700984369e-8,5.1303540971e-8,9.6547481121e-9,1.93052649422e-8,1.00037063078e-8,2.56246863728e-8,1.96952196774e-8,5.71822322826e-9,3.40279910915e-8,3.81788716197e-8,7.48240367443e-8,1.78635151116e-8,1.81374932851e-8,4.11690947999e-9,4.4573136293e-9,5.1991051464e-9,3.40002204169e-9,2.12726880555e-9,9.9527219799e-10,4.91097884581e-10,1.32528474306e-10,6.3146390894e-11,2.25832789968e-11,3.45976580718e-11,1.81886380957e-11,4.59940210917e-11,7.72457375842e-11,1.07931823201e-10,2.55628435086e-11,1.23038093602e-10,2.00536462436e-11,1.17502422722e-11,1.67714522825e-11,9.56452278489e-12,1.84303249745e-11],"max":[0.0231205150485,0.0247890558094,0.00965644791722,0.00891887769103,0.00317220715806,0.00111713097431,0.00174764438998,0.00104638340417,0.00146498298272,0.00149731244892,0.00159670319408,0.00145971344318,0.000631164759398,0.0012845301535,0.00159109383821,0.00213369261473,0.00106185802724,0.00132673501503,0.000441758369561,0.000446770485723,0.000459010538179,0.000431103573646,0.000293005461572,0.000255649822066,0.000177264970262,0.000119369935419,0.0000557463499717,0.0000423331584898,0.0000442823038611,0.0000464219265268,0.0000515594692843,0.0000470866652904,0.0000476661116409,0.0000271357439487,0.0000623633677606,0.0000241945053858,0.0000205807264138,0.0000236409705394,0.0000215160835069,0.0000241513280343],"mean":[0.00301309558563,0.00392332300544,0.00167628261261,0.00102972739842,0.00039224253851,0.00014091268531,0.000157603470143,0.0000898876023712,0.000100427525467,0.0000755504443077,0.000118869975267,0.000116154493298,0.0000680218072375,0.00016955837782,0.000197270957869,0.000207564604352,0.0000954414863372,0.0000721090545994,0.000055240587244,0.0000593436270719,0.000060611662775,0.0000487498327857,0.0000355263509846,0.0000260289343714,0.0000166540903592,0.00000939670826483,0.00000673080103297,0.00000471299699711,0.00000413171846958,0.00000361227625945,0.00000433300374425,0.00000432361093772,0.00000404673892263,0.0000018956537815,0.00000259287253357,0.00000130021112454,0.00000114910892535,0.00000125174983623,8.64158607783e-7,0.00000100080239918],"median":[0.00199056020938,0.00292796455324,0.00128375203349,0.000700020696968,0.000260406872258,0.000112297260785,0.000110267486889,0.0000644796091365,0.0000676487979945,0.0000458067952422,0.0000682386234985,0.0000745726720197,0.0000527008014615,0.000122153549455,0.000149635990965,0.000128887098981,0.0000638113124296,0.0000442374475824,0.000034870194213,0.0000400177013944,0.0000389388260373,0.0000303600463667,0.0000215037798625,0.0000159115006682,0.00000924377673073,0.00000535820981895,0.00000381607105737,0.00000267026280198,0.00000213881412492,0.0000018302589524,0.00000184565078598,0.00000169187114807,0.00000143390832363,7.79718902777e-7,8.8326646619e-7,5.26516373611e-7,3.91035257508e-7,3.66494191439e-7,2.60899156501e-7,1.80861860599e-7],"min":[2.89376761178e-24,6.93263506397e-24,4.35170897959e-24,2.22050579197e-24,3.00031688489e-24,1.36861559067e-24,1.05862352746e-24,5.85714194326e-24,8.67734058424e-24,3.17675647318e-24,2.21175259136e-24,2.84537198133e-24,6.11737532298e-24,1.02171631502e-23,3.35113397906e-24,4.48913407131e-24,4.20496191856e-24,9.36414734302e-24,4.15415375424e-24,5.02761446952e-24,7.03060527751e-24,7.35085203945e-24,6.11856610852e-24,7.53614599976e-24,5.64627547899e-24,4.33803802011e-24,6.62965410065e-24,1.17493424429e-23,8.29914094476e-24,7.65473782622e-24,6.45053573795e-24,8.45830467644e-24,6.67280794761e-24,7.42971288642e-24,9.1075379903e-24,7.45865067101e-24,7.56022755661e-24,7.77372644972e-24,8.3408503874e-24,7.47224116669e-24],"var":[0.00000968378390098,0.0000117262416097,0.00000183086490324,0.00000115822933822,1.64651027035e-7,1.50094834339e-8,2.69959610222e-8,8.1085076431e-9,1.1985500592e-8,1.02552002446e-8,2.52353338226e-8,1.99853378291e-8,3.98531208035e-9,2.92275377234e-8,3.71764876661e-8,5.7668582798e-8,1.11942437542e-8,9.10106301433e-9,3.53049101065e-9,3.72681396854e-9,4.27449675655e-9,2.98066926696e-9,1.60876856281e-9,8.97506902131e-10,4.27467311548e-10,1.36465949652e-10,5.53882495424e-11,2.8794397422e-11,2.80140927816e-11,2.31585375876e-11,3.530310419e-11,4.72828928788e-11,4.36923414115e-11,8.34695073476e-12,3.49095717611e-11,6.3292994977e-12,4.78571652793e-12,6.12964540236e-12,3.42243572891e-12,7.32857351193e-12]},"melbands_crest":{"dmean":3.58488631248,"dmean2":6.1179022789,"dvar":7.96090078354,"dvar2":21.6222476959,"max":26.7803153992,"mean":14.613527298,"median":14.391544342,"min":1.87947893143,"var":17.9029312134},"melbands_flatness_db":{"dmean":0.0326981581748,"dmean2":0.0535931959748,"dvar":0.000722355849575,"dvar2":0.0018490619259,"max":0.373112380505,"mean":0.194701373577,"median":0.191609561443,"min":0.00557889323682,"var":0.00235225073993},"melbands_kurtosis":{"dmean":6.80905914307,"dmean2":11.4939537048,"dvar":81.8543243408,"dvar2":220.997634888,"max":111.49131012,"mean":11.0434770584,"median":7.02178001404,"min":-1.24643874168,"var":156.923202515},"melbands_skewness":{"dmean":0.841333627701,"dmean2":1.41142106056,"dvar":0.542165160179,"dvar2":1.50480306149,"max":8.69954395294,"mean":2.81914043427,"median":2.62391424179,"min":-1.58183681965,"var":1.76298367977},"melbands_spread":{"dmean":8.25953483582,"dmean2":13.8620214462,"dvar":65.6480178833,"dvar2":180.642196655,"max":139.076049805,"mean":24.3291931152,"median":22.5719718933,"min":1.90030479431,"var":192.769668579},"mfcc":{"cov":[[3889.59545898,-282.35848999,-147.433197021,-187.376708984,-16.9792995453,97.9934387207,-41.49584198,84.8390274048,-36.5990066528,-107.588279724,-59.1026229858,2.80921697617,-11.6249332428],[-282.35848999,525.81628418,-159.338851929,80.8291625977,23.5658607483,-16.7896976471,13.8782625198,-3.79236268997,-1.60565805435,15.1806907654,7.45882034302,-1.42752313614,-5.67595529556],[-147.433197021,-159.338851929,319.169281006,-41.3206748962,31.5767402649,18.614364624,4.85817480087,3.85778284073,4.64772129059,7.39531040192,14.2794876099,-0.556552231312,9.43871212006],[-187.376708984,80.8291625977,-41.3206748962,163.386932373,-2.09184813499,0.840990066528,9.12131023407,-10.9612102509,12.3164024353,28.3417568207,4.2717666626,8.50447559357,-9.01953697205],[-16.9792995453,23.5658607483,31.5767402649,-2.09184813499,62.2038955688,21.9537372589,5.87795066833,2.30738186836,4.57875299454,-4.35752344131,6.79497146606,-1.87877500057,0.45873695612],[97.9934387207,-16.7896976471,18.614364624,0.840990066528,21.9537372589,64.3987960815,23.0201721191,12.9444541931,-0.762772262096,-0.962408006191,5.89972448349,8.14654636383,-0.473105013371],[-41.49584198,13.8782625198,4.85817480087,9.12131023407,5.87795066833,23.0201721191,49.0646972656,16.0861186981,3.10743117332,5.80929803848,7.34319496155,7.30548048019,5.83736944199],[84.8390274048,-3.79236268997,3.85778284073,-10.9612102509,2.30738186836,12.9444541931,16.0861186981,45.1124229431,15.4812841415,-1.11251783371,-0.736732959747,2.79492306709,2.10704874992],[-36.5990066528,-1.60565805435,4.64772129059,12.3164024353,4.57875299454,-0.762772262096,3.10743117332,15.4812841415,45.6544265747,17.5592746735,6.25528526306,-1.57241928577,0.717739999294],[-107.588279724,15.1806907654,7.39531040192,28.3417568207,-4.35752344131,-0.962408006191,5.80929803848,-1.11251783371,17.5592746735,45.8116798401,15.8740386963,5.50809288025,-0.140062242746],[-59.1026229858,7.45882034302,14.2794876099,4.2717666626,6.79497146606,5.89972448349,7.34319496155,-0.736732959747,6.25528526306,15.8740386963,36.2251472473,15.4944763184,3.63607311249],[2.80921697617,-1.42752313614,-0.556552231312,8.50447559357,-1.87877500057,8.14654636383,7.30548048019,2.79492306709,-1.57241928577,5.50809288025,15.4944763184,37.0557174683,16.9912414551],[-11.6249332428,-5.67595529556,9.43871212006,-9.01953697205,0.45873695612,-0.473105013371,5.83736944199,2.10704874992,0.717739999294,-0.140062242746,3.63607311249,16.9912414551,33.170627594]],"icov":[[0.000346145621734,0.000178525981028,0.000286847091047,0.000245318689849,0.0000651487061987,-0.000663084967528,0.000624291540589,-0.000687121821102,0.000198200228624,0.000317522120895,0.000236309278989,-0.000190268168808,0.000128977786517],[0.000178525981028,0.00277733453549,0.00156597711612,-0.000845003931317,-0.00218943529762,0.00112543639261,-0.000554361438844,-0.000963290047366,0.00130834523588,-0.000726761179976,-0.000652838789392,0.000681681383867,-0.000241482397541],[0.000286847091047,0.00156597711612,0.00453643407673,0.000668313179631,-0.00262426584959,-0.000447621539934,0.000281694810838,-0.000866720627528,0.000939805060625,-0.00141055928543,-0.00118100771215,0.00123897974845,-0.00123672548216],[0.000245318689849,-0.000845003931317,0.000668313179631,0.00854940339923,-0.0000471063685836,-0.000733947439585,-0.00159005972091,0.00311604631133,-0.00231902510859,-0.0040586059913,0.00357490824535,-0.00467394385487,0.00418331613764],[0.0000651487061987,-0.00218943529762,-0.00262426584959,-0.0000471063685836,0.0225306432694,-0.00862430687994,0.00150812568609,0.00209233048372,-0.00441222451627,0.00606269529089,-0.00507505470887,0.00443732785061,-0.00204637064599],[-0.000663084967528,0.00112543639261,-0.000447621539934,-0.000733947439585,-0.00862430687994,0.0248803384602,-0.0103736910969,-0.00260303379036,0.0026313145645,-0.000904700369574,0.000433295557741,-0.00571753643453,0.00517352391034],[0.000624291540589,-0.000554361438844,0.000281694810838,-0.00159005972091,0.00150812568609,-0.0103736910969,0.0305425561965,-0.0108370231465,0.00361744104885,-0.00193650310393,-0.00396464299411,0.00234929611906,-0.00609915144742],[-0.000687121821102,-0.000963290047366,-0.000866720627528,0.00311604631133,0.00209233048372,-0.00260303379036,-0.0108370231465,0.0341299250722,-0.0147735178471,0.00392082938924,0.00460541155189,-0.00483106495813,0.00266737560742],[0.000198200228624,0.00130834523588,0.000939805060625,-0.00231902510859,-0.00441222451627,0.0026313145645,0.00361744104885,-0.0147735178471,0.0333869494498,-0.0122566316277,-0.00355924898759,0.00676658935845,-0.00405439082533],[0.000317522120895,-0.000726761179976,-0.00141055928543,-0.0040586059913,0.00606269529089,-0.000904700369574,-0.00193650310393,0.00392082938924,-0.0122566316277,0.0354310423136,-0.0125367064029,0.000543576083146,0.000790298741776],[0.000236309278989,-0.000652838789392,-0.00118100771215,0.00357490824535,-0.00507505470887,0.000433295557741,-0.00396464299411,0.00460541155189,-0.00355924898759,-0.0125367064029,0.0443410910666,-0.0211960412562,0.00778168812394],[-0.000190268168808,0.000681681383867,0.00123897974845,-0.00467394385487,0.00443732785061,-0.00571753643453,0.00234929611906,-0.00483106495813,0.00676658935845,0.000543576083146,-0.0211960412562,0.0501977019012,-0.0253567770123],[0.000128977786517,-0.000241482397541,-0.00123672548216,0.00418331613764,-0.00204637064599,0.00517352391034,-0.00609915144742,0.00266737560742,-0.00405439082533,0.000790298741776,0.00778168812394,-0.0253567770123,0.0448731780052]],"mean":[-607.377563477,127.09576416,-12.5544843674,22.7124977112,20.6783332825,22.3299694061,6.51236772537,10.4031171799,0.395421683788,-3.32674241066,4.07718467712,3.1905605793,-1.91741609573]},"pitch_salience":{"dmean":0.0882814377546,"dmean2":0.149743884802,"dvar":0.00493706250563,"dvar2":0.013846357353,"max":0.985564053059,"mean":0.547187805176,"median":0.55944621563,"min":0.238695710897,"var":0.00974011979997},"silence_rate_20dB":{"dmean":0,"dmean2":0,"dvar":0,"dvar2":0,"max":1,"mean":1,"median":1,"min":1,"var":0},"silence_rate_30dB":{"dmean":0.00377595983446,"dmean2":0.00755667500198,"dvar":0.00376172969118,"dvar2":0.0112779773772,"max":1,"mean":0.99811321497,"median":1,"min":0,"var":0.00188324216288},"silence_rate_60dB":{"dmean":0.00503461295739,"dmean2":0.0100755663589,"dvar":0.00500928005204,"dvar2":0.013752377592,"max":1,"mean":0.00691823894158,"median":0,"min":0,"var":0.00687038432807},"spectral_centroid":{"dmean":235.854309082,"dmean2":376.570922852,"dvar":89384.078125,"dvar2":188756.40625,"max":11186.9355469,"mean":1392.34680176,"median":1346.82373047,"min":375.899108887,"var":445423.8125},"spectral_complexity":{"dmean":3.36689734459,"dmean2":5.01700258255,"dvar":8.91951274872,"dvar2":16.5633296967,"max":55,"mean":26.7408809662,"median":27,"min":0,"var":106.965881348},"spectral_contrast_coeffs":{"dmean":[0.0521846935153,0.0431791767478,0.0373549722135,0.0295763872564,0.0221230573952,0.0181034244597],"dmean2":[0.0902293547988,0.0731642916799,0.0617605298758,0.0498221367598,0.036564078182,0.0284873377532],"dvar":[0.00169462512713,0.00106929522008,0.000843519810587,0.00054270104738,0.000293392746244,0.000228959484957],"dvar2":[0.00491870986298,0.00307565857656,0.002278593136,0.00151992484462,0.000785805284977,0.00053730973741],"max":[-0.433234721422,-0.617717802525,-0.604671478271,-0.624365210533,-0.605543255806,-0.65738850832],"mean":[-0.667740046978,-0.785562217236,-0.789379715919,-0.776599347591,-0.772906839848,-0.753417491913],"median":[-0.6695125103,-0.787995398045,-0.790022969246,-0.779195070267,-0.777092814445,-0.754581153393],"min":[-0.959218859673,-0.970394432545,-0.971271216869,-0.966242730618,-0.963308990002,-0.960928499699],"var":[0.00357851851732,0.00225581577979,0.00256243767217,0.00203795451671,0.00170447782148,0.0011381234508]},"spectral_contrast_valleys":{"dmean":[0.399906605482,0.325583159924,0.293940246105,0.238029330969,0.225037500262,0.299351006746],"dmean2":[0.680166244507,0.535386919975,0.478163093328,0.380350083113,0.323971569538,0.412176012993],"dvar":[0.272390067577,0.236420482397,0.223895967007,0.248784437776,0.20835711062,0.237315699458],"dvar2":[0.501561403275,0.38184133172,0.336063116789,0.403413057327,0.289314597845,0.403603821993],"max":[-5.24491930008,-5.40648889542,-5.62661027908,-5.31932926178,-5.92415618896,-7.76025295258],"mean":[-6.48802518845,-6.58301448822,-6.87670660019,-6.92435312271,-7.30779361725,-10.0102596283],"median":[-6.34969043732,-6.44097185135,-6.71652793884,-6.81293964386,-7.26367950439,-9.95947647095],"min":[-27.9489154816,-27.3622875214,-27.432012558,-27.4599971771,-27.3459777832,-27.3331985474],"var":[1.66477847099,1.60588026047,1.61422252655,1.60877919197,1.60095739365,1.47420048714]},"spectral_decrease":{"dmean":3.42884032278e-9,"dmean2":5.79869308126e-9,"dvar":1.09741547287e-17,"dvar2":2.99529875303e-17,"max":6.2654876563e-29,"mean":-9.57259782552e-9,"median":-8.83377104799e-9,"min":-3.73506843232e-8,"var":2.98849899752e-17},"spectral_energy":{"dmean":0.0131987761706,"dmean2":0.0222223270684,"dvar":0.000162769982126,"dvar2":0.000440646661445,"max":0.148230805993,"mean":0.0384084433317,"median":0.0360144637525,"min":1.04505457368e-20,"var":0.000472885527415},"spectral_energyband_high":{"dmean":0.000518753950018,"dmean2":0.000781255192123,"dvar":0.00000102666126622,"dvar2":0.00000246674176196,"max":0.00911322794855,"mean":0.000763207848649,"median":0.000351669965312,"min":7.40488287728e-21,"var":0.00000118122909498},"spectral_energyband_low":{"dmean":0.0118514038622,"dmean2":0.0204131938517,"dvar":0.000140512216603,"dvar2":0.000394012982724,"max":0.107341572642,"mean":0.0202067065984,"median":0.0158110409975,"min":3.53438242304e-23,"var":0.000247969903285},"spectral_energyband_middle_high":{"dmean":0.00247819931246,"dmean2":0.00370051618665,"dvar":0.00000866334448801,"dvar2":0.0000192041734408,"max":0.0372334346175,"mean":0.00941708404571,"median":0.0087216719985,"min":1.53413357249e-21,"var":0.0000460911760456},"spectral_energyband_middle_low":{"dmean":0.00382168032229,"dmean2":0.00632785167545,"dvar":0.0000150660771396,"dvar2":0.0000421147015004,"max":0.0417423211038,"mean":0.0102128991857,"median":0.00915894377977,"min":2.0442535187e-22,"var":0.0000423682758992},"spectral_entropy":{"dmean":0.123682759702,"dmean2":0.185626327991,"dvar":0.0165694933385,"dvar2":0.0350090898573,"max":9.81366443634,"mean":7.75847196579,"median":7.75507450104,"min":7.06114768982,"var":0.0572535470128},"spectral_flux":{"dmean":0.0226165354252,"dmean2":0.0373007953167,"dvar":0.000401331664762,"dvar2":0.00102776277345,"max":0.278136342764,"mean":0.103270687163,"median":0.103097692132,"min":6.59094376299e-11,"var":0.00141181366052},"spectral_kurtosis":{"dmean":1.40289914608,"dmean2":2.32105541229,"dvar":1.88369429111,"dvar2":4.87232971191,"max":20.4056739807,"mean":4.6047410965,"median":4.28156089783,"min":-1.21887624264,"var":5.08060646057},"spectral_rms":{"dmean":0.00103360158391,"dmean2":0.00172404036857,"dvar":7.32334285658e-7,"dvar2":0.00000197129543267,"max":0.0120256152004,"mean":0.00584632158279,"median":0.0059275678359,"min":3.19306343519e-12,"var":0.00000329224940288},"spectral_rolloff":{"dmean":458.363800049,"dmean2":789.488769531,"dvar":521060.125,"dvar2":1265867.625,"max":19853.6132813,"mean":1317.87072754,"median":1313.52539063,"min":86.1328125,"var":1572257.75},"spectral_skewness":{"dmean":0.189344093204,"dmean2":0.306958407164,"dvar":0.0363235808909,"dvar2":0.0866186693311,"max":3.56918931007,"mean":1.56960237026,"median":1.56300663948,"min":-0.0166397094727,"var":0.0945657491684},"spectral_spread":{"dmean":518402.34375,"dmean2":768090.625,"dvar":1345662877700,"dvar2":2550768599040,"max":41597468,"mean":4218209,"median":3892820.5,"min":1934322.75,"var":5407574065150},"spectral_strongpeak":{"dmean":0.320391476154,"dmean2":0.586077749729,"dvar":0.581620931625,"dvar2":1.68987715244,"max":6.98281002045,"mean":0.436126023531,"median":0.301299244165,"min":0,"var":0.384915143251},"zerocrossingrate":{"dmean":0.009187922813,"dmean2":0.012020082213,"dvar":0.000202747018193,"dvar2":0.000391925161239,"max":0.515625,"mean":0.0513192825019,"median":0.048828125,"min":0.01171875,"var":0.000961146492045}},"metadata":{"audio_properties":{"analysis_sample_rate":44100,"bit_rate":128090,"codec":"mp3","downmix":"mix","equal_loudness":0,"length":36.8848991394,"lossless":false,"md5_encoded":"57e69673d009c0d7d5d42e931613b46c","replay_gain":-8.27338027954,"sample_rate":44100},"tags":{"acoustid_id":["6220149e-3e37-4ac3-9273-2c208d573877"],"album":["Electric Tepee"],"albumartist":["Hawkwind"],"albumartistsort":["Hawkwind"],"artist":["Hawkwind"],"artistsort":["Hawkwind"],"asin":["B001NE8194"],"barcode":["5013929630826"],"catalognumber":["ATOMCD 1008"],"contentgroup":["Rock"],"date":["2009-01-26"],"discnumber":["1/1"],"file_name":"09 - Rites of Netherworld.mp3","genre":["Rock","Space Rock","Psychedelic Rock","Progressive Rock"],"label":["Atomhenge"],"media":["CD"],"musicbrainz album release country":["GB"],"musicbrainz album status":["official"],"musicbrainz album type":["album"],"musicbrainz_albumartistid":["5a28f8c2-31fb-4047-ae57-c5c326989262"],"musicbrainz_albumid":["c2849e20-0af4-3624-9907-7a0efb4bd686"],"musicbrainz_artistid":["5a28f8c2-31fb-4047-ae57-c5c326989262"],"musicbrainz_recordingid":["7958e2c8-e8b1-4a20-8bed-774b1d617101"],"musicbrainz_releasegroupid":["5e8871a0-cf60-3d92-b010-ea54c6e657d2"],"originaldate":["1992-05"],"script":["Latn"],"title":["Rites of Netherworld"],"tracknumber":["9/14"]},"version":{"essentia":"2.1-beta2","essentia_build_sha":"2d9f1f26377add8aeb1075a9c2973f962c4f09fd","essentia_git_sha":"v2.1_beta2-1-ge3940c0","extractor":"music 1.0"}},"rhythm":{"beats_count":60,"beats_loudness":{"dmean":0.0186684988439,"dmean2":0.0309134870768,"dvar":0.000306786881993,"dvar2":0.000693665933795,"max":0.0808999240398,"mean":0.0434913523495,"median":0.0437737256289,"min":0.0041294619441,"var":0.000453037326224},"beats_loudness_band_ratio":{"dmean":[0.15924718976,0.0856091827154,0.0322504602373,0.0856010243297,0.0657297298312,0.0203060284257],"dmean2":[0.254286259413,0.148711726069,0.0589154697955,0.144424542785,0.102545961738,0.0358779765666],"dvar":[0.0123869432136,0.0050040