{"lowlevel":{"average_loudness":0.830461859703,"barkbands":{"dmean":[0.0013584952103,0.0104336449876,0.00568090658635,0.00178428343497,0.00232679396868,0.00138228328433,0.00140177831054,0.000655882817227,0.00123826076742,0.000895905075595,0.000673024216667,0.000490898150019,0.000389119813917,0.000225053794566,0.000178925940418,0.000156914276886,0.000136572736665,0.0000942281913012,0.0000811501959106,0.0000505036114191,0.0000441470328951,0.0000215941927308,0.0000104777182059,0.00000498615554534,0.00000299479575006,0.0000098401978903,0.000162580006872],"dmean2":[0.00236387155019,0.0189995840192,0.00981118623167,0.00306394184008,0.00390668446198,0.00223970832303,0.00229576788843,0.00108888698742,0.00198689242825,0.00145692704245,0.00106535723899,0.000798591820057,0.000645078078378,0.000377400690923,0.000297655089526,0.000258361978922,0.000224022674956,0.000150121471961,0.000123395075207,0.0000755673172534,0.0000644508400001,0.0000314562930726,0.0000154547142301,0.00000824634389573,0.00000559012596568,0.0000148309545693,0.000255960127106],"dvar":[0.00000658742146697,0.000227833763347,0.0000876309422893,0.00000880660900293,0.0000209609406738,0.00000545000375496,0.00000932520561037,0.00000172837428636,0.00000411023847846,0.0000041229955059,0.00000155848658778,7.97813015652e-7,6.77714240283e-7,1.32152422339e-7,9.91617241652e-8,7.64156240507e-8,5.3394412447e-8,5.26599137629e-8,6.83691254721e-8,3.35598002721e-8,3.13805408325e-8,4.34104219238e-9,3.83440057483e-10,2.45228892748e-10,3.408708385e-11,5.32567656641e-10,4.28109849793e-8],"dvar2":[0.0000181439027074,0.000756516645197,0.000230865611229,0.0000241664092755,0.0000552810415684,0.000013520817447,0.0000237952426687,0.00000453386792287,0.0000103482834675,0.0000107161313281,0.00000386917417927,0.00000202540945793,0.00000186127715551,3.57593819444e-7,2.57048213825e-7,2.01285260459e-7,1.40241169788e-7,1.26103515186e-7,1.40185093755e-7,6.78449296743e-8,6.79275231619e-8,8.62444160532e-9,8.50523429463e-10,6.57661591852e-10,9.41428324186e-11,1.29379451597e-9,1.07628103763e-7],"max":[0.0378108844161,0.240406394005,0.119275920093,0.0573532246053,0.0912827849388,0.0521927773952,0.0972949564457,0.0380772091448,0.0482490137219,0.0936877205968,0.028502035886,0.024421647191,0.0308127459139,0.0120371785015,0.00561457080767,0.00492499070242,0.00440819375217,0.00910246558487,0.0152642857283,0.00893321819603,0.00552459992468,0.00240687769838,0.00050258974079,0.000503922463395,0.000114070011477,0.000759430753533,0.00579341407865],"mean":[0.00167353986762,0.0137611562386,0.00668928399682,0.00233246060088,0.00328961201012,0.00229054829106,0.00265280157328,0.00108328799251,0.00240271072835,0.00153610343114,0.00123929278925,0.000887935282663,0.000698322837707,0.000423506018706,0.000330971757649,0.000311625481118,0.00028783333255,0.000184108444955,0.00016739378043,0.000105210252514,0.0000877682105056,0.0000463488322566,0.0000223827319132,0.00000778135108703,0.0000028667764127,0.0000201705606742,0.000688270432875],"median":[0.00069496355718,0.00855915620923,0.00333677977324,0.00113213551231,0.0016046933597,0.00123131694272,0.00105867360253,0.000559956824873,0.00128175329883,0.000710610765964,0.000598239479586,0.000470924045658,0.000392254791223,0.000292005337542,0.000188332705875,0.000180331524462,0.000182006580872,0.0000856033002492,0.0000684212209308,0.0000447023630841,0.0000324177235598,0.0000219139074034,0.0000116314695333,0.00000347414038515,0.00000107734126686,0.0000104756727524,0.000583675689995],"min":[1.23723106329e-23,4.47941885483e-23,3.9396846411e-23,6.74768189157e-24,2.43436890216e-23,1.11172690625e-22,6.50948265911e-23,7.23584432362e-23,1.13722882294e-22,9.44764937424e-23,4.52146545662e-23,7.9022153251e-23,1.86572798496e-22,5.18867391284e-23,1.23466614517e-22,1.44426459442e-22,2.06666259577e-22,2.10828996533e-22,3.4503564304e-22,3.00064235312e-22,4.46148425992e-22,4.76847206865e-22,6.80445769398e-22,9.21573613257e-22,1.20889588955e-21,1.68998633505e-21,2.62834761519e-21],"var":[0.00000765727872931,0.000277626910247,0.000102774116385,0.000012923614122,0.0000273663808912,0.0000119443611766,0.0000230488276429,0.00000334348078468,0.0000107238902274,0.00000891120089364,0.00000389965089198,0.00000184248017376,0.00000126607142192,2.36610162574e-7,1.92488755602e-7,1.62334657716e-7,1.12600332614e-7,1.11841870876e-7,1.74496435079e-7,8.530251705e-8,6.4455711879e-8,1.09620250655e-8,9.51491219148e-10,2.2828797186e-10,2.55891245693e-11,8.79688766275e-10,3.24239920246e-7]},"barkbands_crest":{"dmean":3.19008541107,"dmean2":5.52939605713,"dvar":7.46333694458,"dvar2":23.4489803314,"max":24.314447403,"mean":10.0187091827,"median":9.26017856598,"min":2.42723846436,"var":15.3675527573},"barkbands_flatness_db":{"dmean":0.0281405299902,"dmean2":0.0480076149106,"dvar":0.000704227248207,"dvar2":0.00187244196422,"max":0.375517338514,"mean":0.147403568029,"median":0.13898023963,"min":0.0266880895942,"var":0.00266637979075},"barkbands_kurtosis":{"dmean":4.11815071106,"dmean2":7.00218105316,"dvar":79.8880081177,"dvar2":234.567153931,"max":290.189971924,"mean":7.65842103958,"median":5.21859073639,"min":-1.69413018227,"var":128.718231201},"barkbands_skewness":{"dmean":0.581541597843,"dmean2":0.971163630486,"dvar":0.395287841558,"dvar2":1.12163877487,"max":15.1350660324,"mean":2.06820774078,"median":1.97413396835,"min":-1.99587488174,"var":1.54371261597},"barkbands_spread":{"dmean":5.52665233612,"dmean2":9.09530925751,"dvar":33.3478240967,"dvar2":84.7732162476,"max":111.192817688,"mean":23.504442215,"median":20.4882717133,"min":1.16208124161,"var":194.10760498},"dissonance":{"dmean":0.0212737787515,"dmean2":0.0362288765609,"dvar":0.000466713041533,"dvar2":0.00132117886096,"max":0.500000178814,"mean":0.462329953909,"median":0.471281290054,"min":0.219807192683,"var":0.00107507815119},"dynamic_complexity":3.57942032814,"erbbands":{"dmean":[0.367937594652,2.29585385323,6.30443811417,5.77946567535,6.38904762268,8.59928607941,8.33708381653,13.4343557358,22.7983055115,11.9980163574,15.5256948471,28.8388519287,29.2033252716,25.6125221252,23.1839008331,19.4541397095,17.9681491852,10.7050628662,9.78084087372,8.73581409454,7.29887866974,7.28985118866,5.23911809921,4.38880157471,3.51831579208,2.26745605469,2.01912236214,1.47790026665,0.825607120991,0.498340636492,0.276959270239,0.133387982845,0.0707441493869,0.03578338027,0.0204660817981,0.0187979731709,0.0196295678616,0.0185348652303,0.00838516652584,0.00492748012766],"dmean2":[0.663903832436,4.18500423431,10.9960746765,9.85759162903,10.6555242538,14.5690917969,13.7205648422,21.9560432434,37.4655914307,19.7137432098,25.6704692841,46.085773468,47.498210907,40.8894538879,36.7943572998,31.6164608002,29.7820510864,17.7913093567,16.2684822083,14.3403835297,11.8704309464,11.9090547562,8.31796836853,6.77730560303,5.32238721848,3.3512263298,2.96171665192,2.1869199276,1.21136963367,0.742192804813,0.413154572248,0.211082577705,0.121517576277,0.0651474148035,0.0389884263277,0.032558016479,0.0294532738626,0.0255940612406,0.0119850588962,0.00762289715931],"dvar":[0.338379919529,10.1078834534,98.4336166382,89.8724060059,143.4347229,354.003479004,209.329391479,607.589904785,2700.13671875,508.304473877,863.251037598,2330.76928711,4015.72729492,2741.13183594,2165.99829102,1190.00073242,1535.84521484,323.567016602,255.925186157,231.560241699,155.636032104,158.071990967,143.601455688,190.374938965,130.600540161,60.2775917053,61.3957977295,38.0198440552,7.26119661331,1.26896011829,0.25467723608,0.105653136969,0.0661376789212,0.00553520163521,0.00162766862195,0.00343843759038,0.00247034244239,0.00125893112272,0.000284945679596,0.000029280250601],"dvar2":[1.11103260517,33.3604774475,266.269256592,240.096603394,363.08682251,947.088928223,537.718811035,1536.53955078,6886.12744141,1313.37902832,2264.35961914,5815.97167969,10759.2841797,7056.96191406,5312.99609375,3002.45654297,4239.27441406,876.06262207,668.596191406,597.180358887,404.174163818,414.98147583,354.144561768,397.4402771,248.728118896,110.319213867,124.604133606,86.8042068481,14.8494033813,2.61051726341,0.561271607876,0.265667915344,0.182443678379,0.0151082780212,0.00452504307032,0.00939388852566,0.00603759894148,0.00271880556829,0.000607220572419,0.0000701099634171],"max":[9.91572666168,41.2994155884,125.095565796,146.223907471,371.605987549,488.259185791,307.321136475,585.017333984,1758.81408691,625.153991699,887.35144043,1159.79101562,1608.90185547,1889.31384277,1233.10046387,927.488464355,1459.65185547,707.830749512,295.463470459,293.094177246,260.156555176,290.589569092,405.814300537,607.094116211,606.092102051,344.081420898,320.314941406,217.152008057,102.716064453,27.8938484192,14.7442884445,9.60915851593,9.21232414246,1.93626880646,0.670002996922,2.00814509392,1.59266245365,0.852590560913,0.529781222343,0.154435306787],"mean":[0.483092367649,2.74838829041,7.51813364029,8.21979808807,9.09003925323,11.0813417435,13.0061588287,21.8043231964,42.5792388916,23.3736591339,28.1112384796,55.9274978638,54.2636756897,49.202835083,44.665802002,37.7409248352,34.2081031799,22.1425933838,19.7295608521,17.8257637024,16.0753421783,15.9119462967,10.9000711441,9.06747150421,7.50548362732,4.89087152481,4.10930490494,2.88410615921,1.73453199863,1.08830225468,0.582559704781,0.237568259239,0.0984800755978,0.0398249961436,0.0171599257737,0.0258423481137,0.0405938588083,0.0502434186637,0.0317000262439,0.0289348717779],"median":[0.255707204342,1.68566727638,4.01234912872,4.3931388855,4.45362854004,4.62322235107,6.79869413376,11.530749321,17.6860122681,11.4802904129,16.1422615051,28.799331665,28.5682201385,25.1586170197,23.0617256165,20.7187023163,19.8380756378,15.2881174088,13.1588926315,10.4975366592,10.1326379776,10.1657342911,5.71717643738,3.80319666862,3.1412088871,2.10712957382,1.47846782207,1.16364490986,0.803710401058,0.55611538887,0.293570071459,0.11191393435,0.0427199155092,0.0163753926754,0.00565610919148,0.0118028745055,0.0209216065705,0.0302229002118,0.0228786915541,0.027951836586],"min":[1.91669299377e-21,8.0823761107e-21,3.88856668921e-20,3.22314738467e-20,8.72735969202e-20,5.83887148862e-20,2.60217656572e-19,1.22324337524e-18,1.28204319889e-18,6.88905275648e-19,1.83768223323e-18,2.93691903374e-18,2.45244968872e-18,3.32419072767e-18,1.58581245755e-18,3.54311731167e-18,7.81724060043e-18,3.89918506456e-18,5.09402512551e-18,6.98794075115e-18,9.17426430973e-18,1.10053973405e-17,1.26568923847e-17,1.56647874441e-17,1.47841362224e-17,1.39848514489e-17,1.62860943828e-17,1.72823341689e-17,1.75314693889e-17,1.77728621983e-17,1.90315084902e-17,1.87246691507e-17,1.46135864694e-17,1.34968810619e-17,8.855291885e-18,4.95937749258e-18,3.65994706061e-18,1.67247399898e-18,3.7619530609e-19,3.19665434061e-20],"var":[0.455879658461,10.9195842743,113.542327881,137.001220703,216.937744141,413.486572266,368.374816895,1193.01794434,6237.58642578,1244.56872559,1809.98950195,6270.33740234,8215.28417969,6337.28173828,4806.31689453,2980.53173828,2869.66845703,642.217285156,515.532409668,505.28616333,345.89074707,341.329956055,294.109466553,470.679168701,356.994812012,174.62210083,146.007995605,66.9940414429,17.3849334717,3.30981659889,0.638921678066,0.144313782454,0.0510629042983,0.00469161430374,0.00108821992762,0.00280719087459,0.00375235872343,0.00382387591526,0.00116906373296,0.000360239704605]},"erbbands_crest":{"dmean":2.33705234528,"dmean2":3.83292484283,"dvar":4.77740955353,"dvar2":12.0208845139,"max":28.794839859,"mean":8.48610973358,"median":7.61220502853,"min":2.47593259811,"var":15.211060524},"erbbands_flatness_db":{"dmean":0.0232465993613,"dmean2":0.0385351255536,"dvar":0.000636416662019,"dvar2":0.00155168271158,"max":0.416338026524,"mean":0.159651175141,"median":0.147259265184,"min":0.0404872857034,"var":0.00349816889502},"erbbands_kurtosis":{"dmean":0.881565272808,"dmean2":1.41477143764,"dvar":1.24411690235,"dvar2":3.05256724358,"max":31.1133728027,"mean":0.97458589077,"median":0.471919536591,"min":-1.61092710495,"var":4.1306180954},"erbbands_skewness":{"dmean":0.305265933275,"dmean2":0.486583322287,"dvar":0.0704826340079,"dvar2":0.181845352054,"max":4.24659585953,"mean":0.27242064476,"median":0.259955823421,"min":-2.58937811852,"var":0.367151021957},"erbbands_spread":{"dmean":5.24046897888,"dmean2":8.22623729706,"dvar":26.5764446259,"dvar2":61.4458198547,"max":118.9140625,"mean":26.1924171448,"median":24.6750030518,"min":2.76786351204,"var":154.036300659},"gfcc":{"cov":[[22130.0644531,-596.371398926,-204.838027954,1843.21484375,470.505523682,-974.566040039,585.987854004,-416.753082275,181.17036438,127.353141785,29.1418704987,270.10043335,-244.166244507],[-596.371398926,1611.15979004,-237.138092041,-604.249572754,333.61541748,-243.515731812,117.587875366,-112.584640503,158.109832764,-182.135696411,84.1567077637,-105.472396851,87.4045944214],[-204.838027954,-237.138092041,476.019256592,62.31275177,-174.864379883,159.163619995,-110.694526672,72.153793335,-41.823299408,41.5104103088,-19.8067207336,1.13844871521,-24.7828674316],[1843.21484375,-604.249572754,62.31275177,649.208374023,53.3793106079,-79.1974868774,118.886901855,-40.8411941528,-27.2239513397,104.703742981,0.54814440012,54.4894638062,-78.6556854248],[470.505523682,333.61541748,-174.864379883,53.3793106079,295.607452393,-125.835769653,128.32043457,-76.7794418335,62.3976325989,-43.4869041443,28.2227325439,-22.0425071716,12.9078845978],[-974.566040039,-243.515731812,159.163619995,-79.1974868774,-125.835769653,331.469726562,-151.41078186,116.03742218,-75.6471481323,18.17420578,-44.3841247559,20.7715034485,7.69555568695],[585.987854004,117.587875366,-110.694526672,118.886901855,128.32043457,-151.41078186,245.450439453,-58.574596405,74.203414917,-6.20217895508,30.1580696106,0.630450844765,-11.1552448273],[-416.753082275,-112.584640503,72.153793335,-40.8411941528,-76.7794418335,116.03742218,-58.574596405,145.224090576,0.679877638817,26.8351650238,-6.19495344162,-3.13116025925,10.295633316],[181.17036438,158.109832764,-41.823299408,-27.2239513397,62.3976325989,-75.6471481323,74.203414917,0.679877638817,132.385696411,24.8113555908,19.2284450531,3.64945363998,1.23038685322],[127.353141785,-182.135696411,41.5104103088,104.703742981,-43.4869041443,18.17420578,-6.20217895508,26.8351650238,24.8113555908,93.5721054077,26.5742492676,23.0818061829,-11.6110191345],[29.1418704987,84.1567077637,-19.8067207336,0.54814440012,28.2227325439,-44.3841247559,30.1580696106,-6.19495344162,19.2284450531,26.5742492676,74.9373245239,23.8587532043,7.76811361313],[270.10043335,-105.472396851,1.13844871521,54.4894638062,-22.0425071716,20.7715034485,0.630450844765,-3.13116025925,3.64945363998,23.0818061829,23.8587532043,69.7453308105,15.0004224777],[-244.166244507,87.4045944214,-24.7828674316,-78.6556854248,12.9078845978,7.69555568695,-11.1552448273,10.295633316,1.23038685322,-11.6110191345,7.76811361313,15.0004224777,66.8812255859]],"icov":[[0.0000760033653933,-0.000087175911176,-0.0000214197443711,-0.000199189496925,-0.000037129757402,0.000255488877883,0.0000510884055984,-0.000105506413092,0.0000563094981771,-0.000029020873626,0.000338554964401,-0.00052034802502,0.000223042574362],[-0.000087175911176,0.0028249847237,-0.000563777342904,0.00240975758061,-0.00207623303868,0.000359893689165,-0.0000506449978275,0.00101453159004,-0.00177237461321,0.00250840513036,-0.00338493916206,0.00263741938397,-0.000920660851989],[-0.0000214197443711,-0.000563777342904,0.00385887455195,-0.00265860534273,0.00360650499351,-0.00281523517333,0.00117722863797,0.00103540474083,-0.00274892826565,0.00267605134286,-0.00306344707496,0.0038589045871,-0.00136784557253],[-0.000199189496925,0.00240975758061,-0.00265860534273,0.00933196302503,-0.00714633287862,0.00453662266955,-0.00327773182653,-0.00210387888364,0.0072636292316,-0.00930791441351,0.0062455595471,-0.00720912311226,0.00588963646442],[-0.000037129757402,-0.00207623303868,0.00360650499351,-0.00714633287862,0.012627302669,-0.00544559303671,0.00060841703089,0.00437052594498,-0.00799530278891,0.00936986505985,-0.00825891364366,0.00983909424394,-0.00634576100856],[0.000255488877883,0.000359893689165,-0.00281523517333,0.00453662266955,-0.00544559303671,0.0113237416372,0.000130815780722,-0.00697952881455,0.00845292862505,-0.0078141214326,0.0107161430642,-0.0120669258758,0.00554846273735],[0.0000510884055984,-0.0000506449978275,0.00117722863797,-0.00327773182653,0.00060841703089,0.000130815780722,0.00848616380244,0.00122594682034,-0.00574157200754,0.005391119048,-0.00424625724554,0.00260893977247,-0.00112202286255],[-0.000105506413092,0.00101453159004,0.00103540474083,-0.00210387888364,0.00437052594498,-0.00697952881455,0.00122594682034,0.0142125301063,-0.00784273073077,0.00435897428542,-0.0082203373313,0.0108116241172,-0.00639450643212],[0.0000563094981771,-0.00177237461321,-0.00274892826565,0.0072636292316,-0.00799530278891,0.00845292862505,-0.00574157200754,-0.00784273073077,0.0238235928118,-0.0197587963194,0.0159220471978,-0.0159011818469,0.00871425215155],[-0.000029020873626,0.00250840513036,0.00267605134286,-0.00930791441351,0.00936986505985,-0.0078141214326,0.005391119048,0.00435897428542,-0.0197587963194,0.0371872186661,-0.0241562966257,0.0152402892709,-0.00781313329935],[0.000338554964401,-0.00338493916206,-0.00306344707496,0.0062455595471,-0.00825891364366,0.0107161430642,-0.00424625724554,-0.0082203373313,0.0159220471978,-0.0241562966257,0.0382090583444,-0.0253551006317,0.00954991579056],[-0.00052034802502,0.00263741938397,0.0038589045871,-0.00720912311226,0.00983909424394,-0.0120669258758,0.00260893977247,0.0108116241172,-0.0159011818469,0.0152402892709,-0.0253551006317,0.0413048006594,-0.0175151601434],[0.000223042574362,-0.000920660851989,-0.00136784557253,0.00588963646442,-0.00634576100856,0.00554846273735,-0.00112202286255,-0.00639450643212,0.00871425215155,-0.00781313329935,0.00954991579056,-0.0175151601434,0.026074944064]],"mean":[-14.0225152969,114.319137573,-90.0786514282,-13.3949384689,-10.3790979385,-15.6808166504,7.5389213562,-16.0191783905,5.11179304123,-12.5345449448,-5.56737709045,-0.911476612091,-7.84117460251]},"hfc":{"dmean":67.8927459717,"dmean2":109.389984131,"dvar":5440.40917969,"dvar2":13633.0849609,"max":1325.51159668,"mean":290.526550293,"median":284.26348877,"min":1.21656999639e-16,"var":30937.375},"melbands":{"dmean":[0.00298099662177,0.00304106296971,0.000974726455752,0.000529431796167,0.000307192385662,0.000294855824905,0.000325668399455,0.000127952662297,0.000137229872053,0.0001925835968,0.000149157800479,0.000107607411337,0.0000818536573206,0.0000568530667806,0.0000540888104297,0.0000326831432176,0.0000210524285649,0.0000176485209522,0.0000132385057441,0.0000126077929963,0.0000087994221758,0.00000868527695275,0.00000626938071946,0.00000438465076513,0.00000378116283173,0.00000320780259244,0.00000225747567129,0.00000148073047512,0.00000136226697123,0.00000119919775443,8.19864681034e-7,5.20049923125e-7,3.82350663131e-7,2.60601495938e-7,1.80799403893e-7,1.1591783533e-7,7.45330055452e-8,5.43297566935e-8,3.82103735319e-8,2.80413665621e-8],"dmean2":[0.00540254451334,0.00536837242544,0.00164423673414,0.000891885196324,0.000509752659127,0.00047981570242,0.000533605983946,0.000210120851989,0.000226821997785,0.000307667854941,0.000243346774369,0.000172268948518,0.000130213695229,0.0000919710582821,0.0000891368254088,0.0000544452268514,0.0000351541384589,0.0000294985911751,0.0000219691701204,0.0000208318142541,0.0000144178675328,0.0000143246306834,0.0000102629383036,0.00000701426415617,0.00000594871562498,0.00000499213365401,0.00000348096250491,0.00000224248628911,0.00000204799903258,0.000001797046707,0.00000124015980418,7.83661505466e-7,5.81240271913e-7,3.96186578655e-7,2.74846598813e-7,1.80000014893e-7,1.22319207208e-7,9.32630044304e-8,6.76828548762e-8,5.17747800188e-8],"dvar":[0.0000203945364774,0.0000185452754522,0.00000239651672018,0.00000117007346034,3.01330260299e-7,2.78804776599e-7,5.16805130246e-7,6.09981967159e-8,6.30661176615e-8,1.04597191353e-7,1.06128389632e-7,5.19060208148e-8,2.39462725204e-8,1.0478755641e-8,1.17292575652e-8,3.99122646044e-9,1.24145704827e-9,7.74311170737e-10,5.91182325316e-10,5.373224643e-10,2.32552976875e-10,2.14234782692e-10,1.64804919711e-10,1.2250538084e-10,1.46645598442e-10,9.70280869539e-11,7.10963718453e-11,2.59054201701e-11,3.04460692768e-11,2.22797735122e-11,1.12355992565e-11,2.83685726819e-12,1.25113179365e-12,2.83822986814e-13,1.06940796279e-13,4.89420143139e-14,4.53595596142e-14,4.52981937713e-14,1.11448444738e-14,2.89353654562e-15],"dvar2":[0.0000674379843986,0.0000534081736987,0.00000632682122159,0.0000030776134281,7.83459483955e-7,6.986259109e-7,0.00000132032380407,1.58873220357e-7,1.65087953974e-7,2.61825846337e-7,2.8374017802e-7,1.33816485004e-7,5.97580367412e-8,2.56744012717e-8,3.13961407983e-8,1.09793480974e-8,3.35418226527e-9,2.04656958047e-9,1.52199064463e-9,1.42457223795e-9,6.10171857485e-10,5.70396174737e-10,4.35271318988e-10,2.95916208204e-10,3.107459845e-10,2.11682393836e-10,1.51449339181e-10,4.71882845299e-11,6.65433125269e-11,5.04104084864e-11,2.60060549484e-11,6.11379089716e-12,2.49420254415e-12,6.46854098063e-13,2.41041724341e-13,1.15111194773e-13,1.19829940783e-13,1.26068751792e-13,3.05349041679e-14,7.96159724926e-15],"max":[0.0761576890945,0.0478677451611,0.0246327202767,0.0235489085317,0.0111361378804,0.0120113193989,0.0232396684587,0.00648421887308,0.00587457790971,0.00748190190643,0.00914332736284,0.00994480960071,0.00421758228913,0.00243077334017,0.00356199871749,0.00183424819261,0.00124074018095,0.000522438960616,0.000439743715106,0.000491823011544,0.000356777280103,0.000328337657265,0.000295887817629,0.00043240832747,0.000526494404767,0.000519934576005,0.000538047403097,0.000254351034528,0.000248606636887,0.000142478864291,0.000118859148643,0.0000647547567496,0.0000477082685393,0.0000127670618895,0.00000879769231688,0.00000706095943315,0.00000649409867037,0.00000840605207486,0.00000371260966858,0.00000120338745546],"mean":[0.00403738068417,0.00389459333383,0.00147889833897,0.000724959594663,0.000472769403132,0.000486728647957,0.000623515225016,0.000236492938711,0.000238836044446,0.000368423119653,0.000267396564595,0.000196980181499,0.000154445428052,0.000104653714516,0.0000967978630797,0.0000594470911892,0.0000394364833483,0.000032901247323,0.0000241898796958,0.0000241567340709,0.0000175186360138,0.0000174791639438,0.0000120075837913,0.00000829122745927,0.00000722475806469,0.00000620993341727,0.00000435650281361,0.00000295132690553,0.00000258102386397,0.0000022386470846,0.00000148188928506,0.00000101530247321,7.65658796809e-7,5.33843490302e-7,3.60576962066e-7,2.14453137914e-7,1.17207761718e-7,7.34736218533e-8,4.67920138192e-8,2.83512324728e-8],"median":[0.00241757440381,0.00235979538411,0.000870332936756,0.000338917656336,0.000244548253249,0.000259376596659,0.000261886045337,0.000114508875413,0.00013305277389,0.000183465177543,0.000135746202432,0.0000951771507971,0.0000784733565524,0.00005442006659,0.0000517315493198,0.0000346284396073,0.0000262859175564,0.0000216797780013,0.000013458583453,0.0000134271913339,0.0000107603727884,0.0000109204083856,0.00000688039745,0.0000037066065488,0.00000290711955131,0.00000243064482675,0.00000177583160621,0.00000121744687931,9.0084574822e-7,7.98884912001e-7,6.00553107688e-7,4.56101247437e-7,3.65548572745e-7,2.76380376363e-7,1.77565141257e-7,9.83909700381e-8,5.23518721707e-8,3.08361869372e-8,1.94516367458e-8,1.08864028903e-8],"min":[1.47483920227e-23,1.71838580726e-23,7.82187536393e-24,5.63917099768e-24,7.20260850928e-24,2.50406255433e-23,1.83257594765e-23,8.13861169485e-24,1.63514189133e-23,1.77422816634e-23,1.25721614435e-23,1.41917181255e-23,5.07209794153e-24,7.69208486806e-24,1.37888894596e-23,1.66796954904e-23,6.08991744145e-24,7.64568485847e-24,8.47262802389e-24,1.0286219245e-23,1.1256968598e-23,1.05042138564e-23,1.47564825802e-23,8.11857541672e-24,1.34998019146e-23,1.36285787242e-23,1.13451656138e-23,7.94539914878e-24,9.39605203347e-24,9.86259226142e-24,1.04017968339e-23,9.4065541387e-24,9.5762949174e-24,1.05168742851e-23,1.1267511724e-23,1.21804478278e-23,1.06614527675e-23,8.96695035521e-24,1.16270516476e-23,1.1401782161e-23],"var":[0.0000262836510956,0.0000221412337851,0.00000368538348994,0.00000148785579768,4.7899703759e-7,5.74925820729e-7,0.00000127346049794,1.37912437026e-7,1.33789114898e-7,2.84319895627e-7,2.15803112269e-7,1.15205210705e-7,5.63572442047e-8,2.43958293566e-8,2.36350654603e-8,7.72715935682e-9,2.29953611708e-9,1.45176881627e-9,1.10472897497e-9,1.13667530943e-9,4.46205822291e-10,4.35804059506e-10,2.87111029396e-10,2.55023946405e-10,3.38067879246e-10,2.33711106024e-10,1.47773598913e-10,7.28773916214e-11,6.59277701875e-11,4.16323295283e-11,1.86375029992e-11,6.2790944319e-12,2.92956891385e-12,6.5183833808e-13,2.52039600128e-13,9.70169176115e-14,4.64816139951e-14,3.33441905814e-14,9.02888163269e-15,2.32953055209e-15]},"melbands_crest":{"dmean":4.19880247116,"dmean2":7.24714756012,"dvar":11.9710559845,"dvar2":36.0573043823,"max":34.3546562195,"mean":15.0530929565,"median":14.3990316391,"min":2.19170975685,"var":29.0236225128},"melbands_flatness_db":{"dmean":0.0356845185161,"dmean2":0.0608397684991,"dvar":0.00109222368337,"dvar2":0.00289347558282,"max":0.544238805771,"mean":0.263899236917,"median":0.256613194942,"min":0.00412164488807,"var":0.00438726739958},"melbands_kurtosis":{"dmean":6.02256631851,"dmean2":10.1943702698,"dvar":135.042160034,"dvar2":363.776245117,"max":370.225402832,"mean":9.33047580719,"median":4.9188117981,"min":-1.76132082939,"var":263.647583008},"melbands_skewness":{"dmean":0.76072871685,"dmean2":1.27033007145,"dvar":0.562321484089,"dvar2":1.53900694847,"max":15.4671697617,"mean":2.21084356308,"median":1.98614609241,"min":-1.71463882923,"var":2.34351634979},"melbands_spread":{"dmean":4.69314622879,"dmean2":7.77519798279,"dvar":30.507144928,"dvar2":71.6371154785,"max":172.780319214,"mean":16.8145389557,"median":14.7679653168,"min":0.497577875853,"var":162.879043579},"mfcc":{"cov":[[11673.3642578,990.29675293,-665.353210449,1410.68371582,-177.421127319,400.262542725,-47.2746925354,140.685333252,-169.086471558,192.340270996,21.0517807007,22.1165962219,63.7700996399],[990.29675293,1943.33935547,-385.309387207,-97.0680084229,43.4594345093,-44.132648468,-47.3715782166,35.6103668213,65.0087509155,-49.7955131531,31.1132984161,15.2158517838,21.0908794403],[-665.353210449,-385.309387207,615.50402832,-235.208831787,53.0019073486,-36.031452179,-14.3319149017,2.97255992889,-9.80961036682,10.3690137863,-27.0415096283,14.5650339127,-13.3616704941],[1410.68371582,-97.0680084229,-235.208831787,688.188964844,-85.6358947754,104.655639648,54.3574295044,-14.9537935257,-51.2507514954,59.2575721741,62.5076217651,-8.97266197205,23.0727806091],[-177.421127319,43.4594345093,53.0019073486,-85.6358947754,162.864318848,16.7788200378,5.7735452652,-0.738779127598,14.6401290894,-11.2729959488,-8.16963577271,8.94043445587,-7.99128723145],[400.262542725,-44.132648468,-36.031452179,104.655639648,16.7788200378,139.352096558,22.3393707275,18.5615711212,-3.44880270958,2.61063218117,-6.7055978775,4.79230880737,7.24420499802],[-47.2746925354,-47.3715782166,-14.3319149017,54.3574295044,5.7735452652,22.3393707275,104.966644287,20.5574951172,-5.73398685455,-5.52704429626,1.11284840107,-10.042760849,-1.92981433868],[140.685333252,35.6103668213,2.97255992889,-14.9537935257,-0.738779127598,18.5615711212,20.5574951172,78.2045288086,21.7066459656,11.154630661,-2.97776484489,-0.640902519226,0.93646478653],[-169.086471558,65.0087509155,-9.80961036682,-51.2507514954,14.6401290894,-3.44880270958,-5.73398685455,21.7066459656,89.6471557617,20.8244056702,3.02215719223,6.5136423111,-3.48234462738],[192.340270996,-49.7955131531,10.3690137863,59.2575721741,-11.2729959488,2.61063218117,-5.52704429626,11.154630661,20.8244056702,69.0055541992,31.571308136,10.5045404434,6.84343528748],[21.0517807007,31.1132984161,-27.0415096283,62.5076217651,-8.16963577271,-6.7055978775,1.11284840107,-2.97776484489,3.02215719223,31.571308136,67.8524398804,23.0822257996,11.1899938583],[22.1165962219,15.2158517838,14.5650339127,-8.97266197205,8.94043445587,4.79230880737,-10.042760849,-0.640902519226,6.5136423111,10.5045404434,23.0822257996,55.4692649841,24.7727584839],[63.7700996399,21.0908794403,-13.3616704941,23.0727806091,-7.99128723145,7.24420499802,-1.92981433868,0.93646478653,-3.48234462738,6.84343528748,11.1899938583,24.7727584839,56.8499221802]],"icov":[[0.000162965239724,-0.000125137390569,0.0000219336598093,-0.000317980069667,0.000021003648726,-0.000210080717807,0.000258854473941,-0.000340698956279,0.000442908931291,-0.000559830688871,0.000584570108913,-0.000284285604721,0.000145290265209],[-0.000125137390569,0.000785472046118,0.000456244364614,0.000354975898517,-0.000297752994811,0.000415239919676,0.000210237849387,-0.00025229647872,-0.000695609662216,0.00121802987996,-0.00104215566535,0.000270783202723,-0.000373440881958],[0.0000219336598093,0.000456244364614,0.00242313393392,0.000819358916488,-0.000566951523069,0.000299534847727,0.0000448680548288,-0.000332924770191,0.00101921369787,-0.00142165191937,0.00080825627083,-0.000940717232879,0.000416653696448],[-0.000317980069667,0.000354975898517,0.000819358916488,0.00337871792726,0.000873076904099,-0.00149588205386,-0.00153297954239,0.0016983859241,0.000679932767525,-0.0012326646829,-0.00270683178678,0.00170138152316,-0.000738927454222],[0.000021003648726,-0.000297752994811,-0.000566951523069,0.000873076904099,0.0073728444986,-0.00189650186803,-0.0010336994892,0.00123777484987,-0.000893966644071,0.000418698997237,-0.0000302493499476,-0.00138866808265,0.0013277962571],[-0.000210080717807,0.000415239919676,0.000299534847727,-0.00149588205386,-0.00189650186803,0.00993600767106,-0.000859964813571,-0.0021923230961,-0.000592429947574,0.00122298649512,0.00225084321573,-0.00193819741253,-0.000548635143787],[0.000258854473941,0.000210237849387,0.0000448680548288,-0.00153297954239,-0.0010336994892,-0.000859964813571,0.0119889145717,-0.00437564169988,0.000797760731075,0.0022319694981,-0.00104992440902,0.00192537961993,-0.000144469071529],[-0.000340698956279,-0.00025229647872,-0.000332924770191,0.0016983859241,0.00123777484987,-0.0021923230961,-0.00437564169988,0.0169693641365,-0.00371186900884,-0.00260652136058,0.000416383292759,0.00103578553535,-0.000713399960659],[0.000442908931291,-0.000695609662216,0.00101921369787,0.000679932767525,-0.000893966644071,-0.000592429947574,0.000797760731075,-0.00371186900884,0.0161024648696,-0.00806828029454,0.00314402859658,-0.00249550142325,0.00218906765804],[-0.000559830688871,0.00121802987996,-0.00142165191937,-0.0012326646829,0.000418698997237,0.00122298649512,0.0022319694981,-0.00260652136058,-0.00806828029454,0.0267468001693,-0.0122855287045,0.00207916344516,-0.00183776998892],[0.000584570108913,-0.00104215566535,0.00080825627083,-0.00270683178678,-0.0000302493499476,0.00225084321573,-0.00104992440902,0.000416383292759,0.00314402859658,-0.0122855287045,0.0271670073271,-0.0111552551389,0.00187095953152],[-0.000284285604721,0.000270783202723,-0.000940717232879,0.00170138152316,-0.00138866808265,-0.00193819741253,0.00192537961993,0.00103578553535,-0.00249550142325,0.00207916344516,-0.0111552551389,0.0289881341159,-0.0114323077723],[0.000145290265209,-0.000373440881958,0.000416653696448,-0.000738927454222,0.0013277962571,-0.000548635143787,-0.000144469071529,-0.000713399960659,0.00218906765804,-0.00183776998892,0.00187095953152,-0.0114323077723,0.0231957286596]],"mean":[-671.152893066,174.181915283,-16.5918521881,22.7582874298,-3.41272974014,15.824341774,-0.359652727842,13.7288503647,4.34564161301,3.47816896439,1.10104286671,3.51649975777,1.43861365318]},"pitch_salience":{"dmean":0.0807892903686,"dmean2":0.139369532466,"dvar":0.00457290699705,"dvar2":0.0136752836406,"max":0.969881951809,"mean":0.551217973232,"median":0.561024725437,"min":0.108594447374,"var":0.0107173053548},"silence_rate_20dB":{"dmean":0,"dmean2":0,"dvar":0,"dvar2":0,"max":1,"mean":1,"median":1,"min":1,"var":0},"silence_rate_30dB":{"dmean":0.0650335624814,"dmean2":0.130078464746,"dvar":0.0608052276075,"dvar2":0.143326953053,"max":1,"mean":0.919630408287,"median":1,"min":0,"var":0.0739156827331},"silence_rate_60dB":{"dmean":0.00366140692495,"dmean2":0.00732345227152,"dvar":0.00364925665781,"dvar2":0.00814143382013,"max":1,"mean":0.0779288709164,"median":0,"min":0,"var":0.0718563199043},"spectral_centroid":{"dmean":152.96031189,"dmean2":237.632843018,"dvar":35990.390625,"dvar2":68574.359375,"max":11213.8623047,"mean":942.741821289,"median":835.770141602,"min":194.183029175,"var":245598.6875},"spectral_complexity":{"dmean":3.14183592796,"dmean2":4.73862266541,"dvar":9.92503452301,"dvar2":18.3068389893,"max":60,"mean":20.7077236176,"median":21,"min":0,"var":97.4556274414},"spectral_contrast_coeffs":{"dmean":[0.0563896745443,0.0493907257915,0.0404923446476,0.0280112810433,0.02417053096,0.0369612015784],"dmean2":[0.0954222902656,0.0835858434439,0.0677514374256,0.0473108626902,0.0413812696934,0.0653787702322],"dvar":[0.00193913455587,0.00151837070007,0.00103531347122,0.000514518003911,0.000740991730709,0.00182593078353],"dvar2":[0.00561409676448,0.00418709870428,0.00284024095163,0.00146998092532,0.00206932844594,0.00476105697453],"max":[-0.404860377312,-0.4072740376,-0.51554274559,-0.567938625813,-0.617967545986,-0.52015286684],"mean":[-0.683144152164,-0.756498575211,-0.775973916054,-0.811772108078,-0.80484688282,-0.730120182037],"median":[-0.685429692268,-0.762355089188,-0.781188845634,-0.815968155861,-0.807368218899,-0.730621516705],"min":[-0.999043405056,-0.997466385365,-0.997155427933,-0.983596563339,-0.965279817581,-0.960577726364],"var":[0.00548429274932,0.00455703726038,0.00340594002046,0.00159893091768,0.00174327497371,0.00572441099212]},"spectral_contrast_valleys":{"dmean":[0.408790618181,0.361174196005,0.310222029686,0.263885527849,0.30242934823,0.651701688766],"dmean2":[0.700926363468,0.609542965889,0.515506207943,0.433798730373,0.49545493722,1.16900777817],"dvar":[0.113122388721,0.100133664906,0.0787115842104,0.0685628727078,0.193484649062,0.661125302315],"dvar2":[0.308090537786,0.251410871744,0.181608885527,0.151574626565,0.474681824446,1.6240503788],"max":[-4.894282341,-4.41702842712,-4.63462781906,-5.39001464844,-5.38069820404,-8.70475101471],"mean":[-6.86162519455,-6.47660064697,-6.79623746872,-7.41028404236,-8.00851917267,-11.5387477875],"median":[-6.49314498901,-6.16281414032,-6.49505233765,-7.06708431244,-7.55687904358,-11.0567722321],"min":[-27.4527664185,-27.2282981873,-27.2221012115,-27.3339538574,-27.2941207886,-27.2351322174],"var":[2.49058246613,2.07009387016,1.87794518471,2.0927772522,2.93126034737,2.17417407036]},"spectral_decrease":{"dmean":4.5053685227e-9,"dmean2":7.80357467534e-9,"dvar":3.2286659253e-17,"dvar2":9.62057573037e-17,"max":1.00926627056e-8,"mean":-7.65533769709e-9,"median":-5.81861936411e-9,"min":-7.29346183448e-8,"var":5.91074876892e-17},"spectral_energy":{"dmean":0.0175518169999,"dmean2":0.0300833880901,"dvar":0.000480246962979,"dvar2":0.00139130069874,"max":0.294375121593,"mean":0.0552445352077,"median":0.0508704669774,"min":1.10809639923e-20,"var":0.00120567774866},"spectral_energyband_high":{"dmean":0.000181198833161,"dmean2":0.000259082706179,"dvar":1.49258383431e-7,"dvar2":2.86094774538e-7,"max":0.012918157503,"mean":0.000646643748041,"median":0.000485669297632,"min":7.87691785592e-21,"var":5.47637739601e-7},"spectral_energyband_low":{"dmean":0.0146618736908,"dmean2":0.0259572006762,"dvar":0.000378086813726,"dvar2":0.00115789694246,"max":0.274389177561,"mean":0.0231632385403,"median":0.0162515714765,"min":9.48976634242e-23,"var":0.000551526201889},"spectral_energyband_middle_high":{"dmean":0.00181081611663,"dmean2":0.00278404145502,"dvar":0.00000813729002402,"dvar2":0.0000200316262635,"max":0.104426234961,"mean":0.00586261507124,"median":0.00427987100556,"min":1.66673036215e-21,"var":0.0000337582205248},"spectral_energyband_middle_low":{"dmean":0.00533010298386,"dmean2":0.00866049900651,"dvar":0.0000542048292118,"dvar2":0.000139045645483,"max":0.11480461061,"mean":0.0145981889218,"median":0.0118110598996,"min":4.07674026192e-22,"var":0.000150528241647},"spectral_entropy":{"dmean":0.165105268359,"dmean2":0.27003261447,"dvar":0.0331925041974,"dvar2":0.0828215405345,"max":9.81525230408,"mean":7.37277364731,"median":7.45022249222,"min":5.59722137451,"var":0.198962435126},"spectral_flux":{"dmean":0.0264755468816,"dmean2":0.0419432036579,"dvar":0.000769132224377,"dvar2":0.00172787415795,"max":0.388331264257,"mean":0.124584883451,"median":0.124348223209,"min":1.05266156902e-10,"var":0.0032957631629},"spectral_kurtosis":{"dmean":7.45734548569,"dmean2":12.7386646271,"dvar":231.005386353,"dvar2":644.472900391,"max":194.663238525,"mean":27.3662967682,"median":19.9194087982,"min":-1.17322194576,"var":567.660522461},"spectral_rms":{"dmean":0.00106117199175,"dmean2":0.0017930342583,"dvar":0.00000127646990222,"dvar2":0.00000359442583431,"max":0.0169468354434,"mean":0.00684137828648,"median":0.00704483687878,"min":3.2879623503e-12,"var":0.00000709250343789},"spectral_rolloff":{"dmean":3594.49291992,"dmean2":7016.10791016,"dvar":52385732,"dvar2":145594128,"max":22006.9335938,"mean":16536.609375,"median":21447.0703125,"min":86.1328125,"var":75002552},"spectral_skewness":{"dmean":0.450639754534,"dmean2":0.735793590546,"dvar":0.604964196682,"dvar2":1.62370157242,"max":11.4924793243,"mean":3.49925088882,"median":3.1390542984,"min":-0.0283004175872,"var":2.2103395462},"spectral_spread":{"dmean":480763.09375,"dmean2":789316.5,"dvar":393403432960,"dvar2":797233184768,"max":39895272,"mean":3759013.75,"median":3725442.5,"min":748514.125,"var":1634599960580},"spectral_strongpeak":{"dmean":8.05539608002,"dmean2":15.052573204,"dvar":485.411865234,"dvar2":1307.0958252,"max":208.677352905,"mean":7.50994682312,"median":0.362156748772,"min":0,"var":522.878417969},"zerocrossingrate":{"dmean":0.0373120345175,"dmean2":0.0485139153898,"dvar":0.00111656822264,"dvar2":0.00178963609505,"max":0.736328125,"mean":0.321011930704,"median":0.3203125,"min":0.03271484375,"var":0.0137492809445}},"metadata":{"audio_properties":{"analysis_sample_rate":44100,"bit_rate":980804,"codec":"alac","downmix":"mix","equal_loudness":0,"length":266.333343506,"lossless":true,"md5_encoded":"326cdb8607326c0af3ad0cdbd49adee5","replay_gain":-8.24995994568,"sample_rate":44100},"tags":{"album":["Abandon"],"albumartistsort":["Deep Purple"],"artist":["Deep Purple"],"artistsort":["Deep Purple"],"asin":["B000007N8O"],"catalognumber":["0607686250-2"],"composer":["Ian Paice","Roger Glover","Jon Lord","Steve Morse","Ian Gillan"],"composersort":["Paice, Ian","Glover, Roger","Lord, Jon","Morse, Steve","Gillan, Ian"],"date":["1998"],"file_name":"09 - Whatsername.m4a","label":["CMC International Records"],"media":["CD"],"musicbrainz_albumartistid":["79491354-3d83-40e3-9d8e-7592d58d790a"],"musicbrainz_albumid":["42ef7085-28d8-4de1-9f06-00c8e1dc1680"],"musicbrainz_artistid":["79491354-3d83-40e3-9d8e-7592d58d790a"],"musicbrainz_recordingid":["7958e413-429e-4c99-b8f5-2cc9a12664fa"],"musicbrainz_releasegroupid":["ca8b119f-376c-3e8c-840a-4a9e572dfa25"],"musicbrainz_workid":["2e3695ae-60dd-39c8-829b-e2add24ca8df"],"script":["Latn"],"title":["Whatsername"],"tracknumber":["9/12"]},"version":{"essentia":"2.1-beta1","essentia_build_sha":"ca57ba49d9b1854bd80e60cf9ccf267278fb7d6b","essentia_git_sha":"v2.1_beta1-28-g21ef5f4-dirty","extractor":"music 1.0"}},"rhythm":{"beats_count":461,"beats_loudness":{"dmean":0.0286030527204,"dmean2":0.0516270808876,"dvar":0.000797630287707,"dvar2":0.00249605579302,"max":0.21201851964,"mean":0.0659110993147,"median":0.0655637979507,"min":9.60256651972e-10,"var":0.00151530862786},"beats_loudness_band_ratio":{"dmean":[0.186614304781,0.0786724984646,0.0846422091126,0.0662208646536,0.0192714855075,0.103550456464],"dmean2":[0.330800831318,0.138573214412,0.145540803671,0.116515666246,0.0350235030055,0.182971715927],"dvar":[0.0216889232397,0.00563665945083,0.00583799788728,0.00542684271932,0.000277011713479,0.00826087407768],"dvar2":[0.0667694956064,0.0159280020744,0.0160654950887,0.0141614824533