{"lowlevel":{"average_loudness":0.785866439342,"barkbands":{"dmean":[0.0111866118386,0.0206386856735,0.00705772126094,0.00488602044061,0.00246897293255,0.00153316836804,0.000574704434257,0.000329607864842,0.000333077303367,0.000384959595976,0.000259531312622,0.00016654956562,0.000186163859325,0.00016642693663,0.000135964728543,0.000152876920765,0.000121135293739,0.00021741593082,0.000110159402539,0.0000765340519138,0.000130436848849,0.0000455148074252,0.0000101831146821,0.00000605784862273,0.00000442792133981,0.00000975440343609,0.000153166009113],"dmean2":[0.0178114511073,0.0359968729317,0.0118393627927,0.00803316012025,0.00408099452034,0.00253469939344,0.000962729449384,0.000552318466362,0.000549110874999,0.000615996948909,0.000416912080254,0.000265684357146,0.000302443397231,0.000270139484201,0.000225833558943,0.000240768757067,0.000195290253032,0.000345848500729,0.000174509914359,0.000120462114864,0.000204782874789,0.0000723489647498,0.0000165334622579,0.0000100198176369,0.00000729841212888,0.0000156551323016,0.000212405473576],"dvar":[0.000378608267056,0.000874529767316,0.000112217312562,0.0000838636624394,0.0000173150601768,0.00000857751001604,7.48737136291e-7,2.83759078457e-7,5.65558593735e-7,8.04279181921e-7,3.03606441321e-7,1.2079527778e-7,1.76116884631e-7,1.81965404522e-7,1.83119965413e-7,6.80449687707e-8,4.83547779595e-8,2.08542076052e-7,3.5505422602e-8,1.01828359078e-8,6.15067605736e-8,1.47275001083e-8,4.30646102112e-10,1.74682726617e-10,5.73274275273e-11,6.41624253728e-10,8.90390765562e-8],"dvar2":[0.000865054549649,0.00250590522774,0.000295245350571,0.000213559527765,0.0000441721713287,0.0000234098697547,0.0000019676631382,7.31518184693e-7,0.00000138175767006,0.00000193638925339,6.8850607704e-7,2.83871486317e-7,4.36180130237e-7,4.11986547988e-7,4.96916527482e-7,1.63098448525e-7,1.21605211234e-7,4.98229383084e-7,8.71023715376e-8,2.59394123958e-8,1.41300944279e-7,3.65409142944e-8,1.05644981652e-9,4.37898578509e-10,1.40912073676e-10,1.59024848845e-9,1.76260229523e-7],"max":[0.279188215733,0.359355688095,0.131593823433,0.158631801605,0.0930242985487,0.0611611604691,0.0140132382512,0.00782990641892,0.0178761538118,0.0355322882533,0.0162593722343,0.00727684423327,0.0104848919436,0.0142433317378,0.00669373990968,0.00401264568791,0.00325919850729,0.00753530533984,0.00271826307289,0.0012307500001,0.00432074954733,0.00178836425766,0.000486581702717,0.00020355124434,0.000112716712465,0.000476315995911,0.00579670490697],"mean":[0.0134921474382,0.0283856354654,0.00948021747172,0.00681679649279,0.00363537971862,0.00221117143519,0.000904146349058,0.000470491155284,0.00049975013826,0.000601159641519,0.000416157883592,0.000252377911238,0.000276309758192,0.000256115628872,0.000173788081156,0.000265383801889,0.000204951778869,0.00033626233926,0.00021932242089,0.000199697373318,0.000260112807155,0.000059137113567,0.0000105723602246,0.00000606425192018,0.00000453685652246,0.0000104893515527,0.000334741198458],"median":[0.0044900085777,0.0167844183743,0.00505537074059,0.0026523671113,0.00217064958997,0.00127920461819,0.000574480742216,0.000284972775262,0.000284716079477,0.0002989792265,0.000214358049561,0.000129149062559,0.000148455073941,0.000119175601867,0.0000850978249218,0.000120829194202,0.000128745188704,0.000176947927685,0.000142593780765,0.00013435119763,0.000150340347318,0.0000254189144471,0.00000316840078085,0.00000191759409063,0.00000151018230099,0.00000343269766745,0.000200799302547],"min":[1.61527799903e-24,1.70372703615e-23,8.9330553687e-24,3.66549836301e-23,4.2114162996e-23,1.05932360207e-23,1.06527372744e-22,1.22565470305e-22,6.38473093338e-23,9.05693414095e-23,8.3523967867e-23,1.71080971335e-22,1.31644703966e-22,1.42907820158e-22,1.74831973385e-22,1.13039249123e-22,1.81673025642e-22,1.61265446459e-22,3.01277717954e-22,3.73207443687e-22,6.29533115715e-22,5.17753671147e-22,8.71372070349e-22,7.99277706189e-22,7.83776854459e-22,1.83711724949e-21,2.06244116757e-21],"var":[0.000567813927773,0.00126887438819,0.000162072174135,0.000138391609653,0.0000236915730056,0.0000107244040919,0.0000012239646594,3.79423880759e-7,7.69028133618e-7,0.00000139770395435,5.45802492979e-7,1.93217047695e-7,2.27201908842e-7,2.82411775743e-7,1.51807114435e-7,1.48415523427e-7,7.01511524426e-8,2.73939264162e-7,6.4052173343e-8,4.13403817845e-8,1.13749251796e-7,1.5523514918e-8,4.50579851208e-10,1.68911676313e-10,6.57146281835e-11,6.11959538599e-10,1.84229861588e-7]},"barkbands_crest":{"dmean":3.66600894928,"dmean2":6.27301740646,"dvar":8.61240959167,"dvar2":23.8893470764,"max":25.0595626831,"mean":12.3153352737,"median":11.8158111572,"min":3.03977179527,"var":17.2029819489},"barkbands_flatness_db":{"dmean":0.0359508171678,"dmean2":0.0587514638901,"dvar":0.000823037698865,"dvar2":0.00217459909618,"max":0.377949357033,"mean":0.169753104448,"median":0.167211294174,"min":0.0256186109036,"var":0.00255466834642},"barkbands_kurtosis":{"dmean":10.5677995682,"dmean2":17.6429519653,"dvar":160.745361328,"dvar2":436.378173828,"max":232.620147705,"mean":18.7217617035,"median":14.3053302765,"min":-1.86357808113,"var":292.413299561},"barkbands_skewness":{"dmean":1.00105547905,"dmean2":1.66070985794,"dvar":0.750155806541,"dvar2":2.06282138824,"max":12.3324184418,"mean":3.57018327713,"median":3.43027496338,"min":-1.55805385113,"var":2.16119360924},"barkbands_spread":{"dmean":6.70283460617,"dmean2":11.0710010529,"dvar":59.4757843018,"dvar2":156.083847046,"max":127.775161743,"mean":17.0334529877,"median":12.5067234039,"min":0.688530802727,"var":247.876831055},"dissonance":{"dmean":0.0125070763752,"dmean2":0.0213125851005,"dvar":0.000136802947964,"dvar2":0.000376713607693,"max":0.500000119209,"mean":0.478905200958,"median":0.482073962688,"min":0.350913703442,"var":0.000214927014895},"dynamic_complexity":7.23358869553,"erbbands":{"dmean":[0.829595148563,4.25436639786,7.30690908432,14.4880838394,9.8455286026,7.27655315399,15.2657194138,9.97295093536,7.99946880341,8.64956665039,7.15333509445,7.63318157196,7.70685195923,13.3971862793,9.65627861023,6.39296245575,8.5088300705,8.76003456116,7.14651012421,5.25440835953,10.0661001205,6.79328298569,9.18298721313,10.4158964157,3.77671337128,3.84199094772,4.63762903214,5.45169019699,1.89821004868,0.451995104551,0.262461841106,0.172633945942,0.0870722234249,0.0514787100255,0.0308560412377,0.0215871240944,0.0218607541174,0.0247223228216,0.017420899123,0.00391875626519],"dmean2":[1.43847155571,7.44903802872,12.4981479645,23.5054988861,16.433795929,12.208770752,25.4458389282,16.5287723541,13.4695920944,14.280257225,12.0217704773,12.5379695892,12.4488735199,21.2837696075,15.2324705124,10.1055774689,13.7001428604,14.200504303,11.75598526,8.42831993103,15.7777166367,10.8202466965,14.5823993683,16.3946647644,5.95621156693,6.08836555481,7.39078617096,8.34686946869,2.94302272797,0.735572040081,0.423436462879,0.282654851675,0.144718423486,0.0849974676967,0.0507175475359,0.0355752333999,0.0352215543389,0.0369396731257,0.0256900731474,0.00545608997345],"dvar":[1.39858520031,43.8908576965,126.090789795,635.854431152,296.352111816,156.620407104,981.715270996,332.55368042,160.416351318,194.69291687,140.934005737,349.954925537,226.039962769,1141.1932373,428.885986328,184.952926636,356.860076904,602.452636719,501.132873535,137.926483154,315.476165771,141.09425354,358.172363281,467.902893066,29.9418315887,26.3836460114,53.9216690063,174.212753296,24.648639679,1.08197748661,0.289033353329,0.133578464389,0.032553691417,0.0080242222175,0.0027749533765,0.00215484644286,0.00344706373289,0.00365869887173,0.00103423371911,0.000046955246944],"dvar2":[3.93727183342,126.161979675,343.912567139,1578.05358887,771.76953125,409.337585449,2609.27954102,901.801330566,426.335205078,493.671020508,372.683380127,825.504577637,570.262878418,2719.62060547,912.638122559,428.341125488,862.24798584,1407.00512695,1354.11669922,348.662750244,759.05682373,346.736907959,862.79864502,1107.11181641,74.8165588379,67.5722961426,130.160232544,396.252655029,59.0228004456,2.7169342041,0.704541802406,0.330450832844,0.0830837115645,0.0198564548045,0.00682475790381,0.00552085926756,0.00857490487397,0.00838233157992,0.00212649139576,0.0000909750306164],"max":[14.668258667,91.8278274536,167.81060791,367.907958984,327.430664062,235.049697876,647.423400879,493.714477539,177.460342407,239.864212036,173.156112671,462.511413574,297.470367432,1385.89953613,720.744506836,370.186828613,568.320617676,814.751281738,363.640930176,252.940551758,265.92755127,144.85218811,320.105865479,387.712310791,75.1395645142,60.814491272,108.056365967,251.991897583,66.913269043,20.0182228088,10.4370326996,5.58064985275,3.18195939064,1.2684262991,0.797381818295,0.885650575161,1.09897661209,1.00507569313,0.458496779203,0.116664811969],"mean":[1.05061817169,5.55227088928,10.2937870026,21.4220142365,13.8003826141,10.1763210297,21.4849777222,14.6539049149,12.1832847595,13.2105150223,10.8520431519,11.4178762436,12.5782546997,21.4268245697,16.631061554,10.6696329117,13.2908849716,13.3122062683,10.0486879349,8.56834316254,17.4761943817,12.1945352554,14.9760665894,17.6718730927,8.91160869598,9.95891952515,10.652551651,9.03743839264,2.65686631203,0.486765146255,0.278614014387,0.177854701877,0.0854729562998,0.0521440729499,0.0321388915181,0.02218923904,0.0235747694969,0.0371353551745,0.0416549444199,0.0111743975431],"median":[0.604239583015,2.90068149567,5.99324989319,8.90855979919,7.51058959961,5.83318901062,10.620880127,8.68431854248,7.70527458191,7.33237552643,6.79580831528,6.31274414062,7.28848838806,10.3349781036,8.8393573761,6.06785392761,7.50792646408,6.15119123459,5.06533622742,5.06236076355,7.84139537811,7.90116691589,8.63118743896,10.1295108795,6.14352178574,6.9141740799,6.37379074097,4.66991710663,1.191005826,0.16332256794,0.0872513875365,0.0568950735033,0.0258718915284,0.0168894194067,0.0111642964184,0.00775991287082,0.00763077754527,0.0172483734787,0.0269748419523,0.00870658271015],"min":[4.22188814413e-22,4.0619261357e-21,1.00798347287e-20,6.44676522831e-20,1.23911772083e-19,2.12772205148e-19,3.86462077983e-20,1.3263812688e-19,1.24132864536e-18,2.34416678345e-18,1.9432257231e-18,1.51593730588e-18,2.2738258257e-18,2.77957563275e-18,6.55315435527e-18,5.17444693339e-18,5.85464499572e-18,8.58721753772e-18,7.07854597954e-18,9.03024389328e-18,5.38056421202e-18,9.23071855935e-18,8.46070439894e-18,1.43752922785e-17,1.5021187988e-17,1.7568429473e-17,2.69478354018e-17,2.17574458029e-17,1.93641095427e-17,1.85855274455e-17,2.6283036961e-17,1.65907052977e-17,1.45262229618e-17,7.22008816288e-18,7.54874439104e-18,6.02919375345e-18,3.64518767695e-18,1.48306887065e-18,2.71726737423e-19,2.89862730514e-20],"var":[1.81164419651,59.3086395264,173.532302856,1149.93408203,401.916381836,195.942550659,1332.8873291,416.842376709,240.952789307,329.44152832,193.899658203,481.736206055,347.763244629,2070.27783203,857.548278809,312.845489502,493.72354126,844.932861328,440.998291016,172.202362061,670.242248535,224.361557007,479.605895996,648.145751953,86.4195556641,102.134262085,146.52255249,238.95362854,28.7877082825,1.03865838051,0.308697551489,0.134290188551,0.0310604777187,0.00895593781024,0.00320805399679,0.00202951487154,0.00322066945955,0.00468916492537,0.00235734018497,0.000131689957925]},"erbbands_crest":{"dmean":2.04532933235,"dmean2":3.40112566948,"dvar":3.85915637016,"dvar2":9.94747829437,"max":23.5558757782,"mean":6.20273733139,"median":5.49000358582,"min":2.28223156929,"var":7.26291513443},"erbbands_flatness_db":{"dmean":0.0186690725386,"dmean2":0.0296768117696,"dvar":0.000248854368692,"dvar2":0.000623881467618,"max":0.255530565977,"mean":0.115868188441,"median":0.115365557373,"min":0.0294130649418,"var":0.000708939973265},"erbbands_kurtosis":{"dmean":0.491575062275,"dmean2":0.799040734768,"dvar":0.363051533699,"dvar2":0.877790987492,"max":8.98740386963,"mean":-0.630456805229,"median":-0.868173360825,"min":-1.71974885464,"var":0.741884350777},"erbbands_skewness":{"dmean":0.327330380678,"dmean2":0.509966790676,"dvar":0.0840195193887,"dvar2":0.192138925195,"max":3.01020050049,"mean":0.143720939755,"median":0.136837929487,"min":-1.72336053848,"var":0.307263046503},"erbbands_spread":{"dmean":8.59920215607,"dmean2":13.8596029282,"dvar":53.097278595,"dvar2":127.442932129,"max":121.735839844,"mean":53.6194152832,"median":53.8977088928,"min":7.36625909805,"var":244.623077393},"gfcc":{"cov":[[32946.6171875,2978.48486328,-717.831176758,37.6480522156,775.97833252,-888.351196289,690.769226074,-407.785491943,49.2540855408,-142.673538208,37.9359931946,13.7983875275,165.445266724],[2978.48486328,958.64239502,-92.3886413574,-46.0881462097,225.973999023,-216.38230896,199.9034729,-104.112754822,4.04085111618,-2.03470897675,30.287607193,-45.6305809021,87.1844863892],[-717.831176758,-92.3886413574,276.896331787,26.0163993835,-117.06350708,149.947860718,-152.598190308,74.0976791382,-25.3970069885,-3.20515179634,-1.8754581213,2.42191934586,-28.4414672852],[37.6480522156,-46.0881462097,26.0163993835,166.216552734,67.1430435181,-56.290599823,31.4583759308,-8.13770008087,-5.98888683319,-2.35793662071,-15.8052139282,-4.22940635681,-7.4100894928],[775.97833252,225.973999023,-117.06350708,67.1430435181,189.277786255,-111.532150269,138.394195557,-62.2558631897,11.2655677795,3.51315188408,-4.01387357712,-21.2846488953,27.0339870453],[-888.351196289,-216.38230896,149.947860718,-56.290599823,-111.532150269,276.452148438,-137.173080444,90.0856704712,-22.3383331299,13.7163219452,8.15427017212,0.938915491104,-18.9972381592],[690.769226074,199.9034729,-152.598190308,31.4583759308,138.394195557,-137.173080444,219.409622192,-52.6027526855,31.6516437531,2.26338171959,1.55443572998,-0.83673530817,21.398229599],[-407.785491943,-104.112754822,74.0976791382,-8.13770008087,-62.2558631897,90.0856704712,-52.6027526855,104.296760559,-4.31784820557,23.5145072937,13.3106870651,-8.40194892883,11.7128067017],[49.2540855408,4.04085111618,-25.3970069885,-5.98888683319,11.2655677795,-22.3383331299,31.6516437531,-4.31784820557,74.8562011719,10.2511253357,-0.387971997261,22.5822048187,-18.8759250641],[-142.673538208,-2.03470897675,-3.20515179634,-2.35793662071,3.51315188408,13.7163219452,2.26338171959,23.5145072937,10.2511253357,55.7761917114,29.1819324493,-8.35607242584,20.4205055237],[37.9359931946,30.287607193,-1.8754581213,-15.8052139282,-4.01387357712,8.15427017212,1.55443572998,13.3106870651,-0.387971997261,29.1819324493,46.6995544434,11.1061992645,19.7167873383],[13.7983875275,-45.6305809021,2.42191934586,-4.22940635681,-21.2846488953,0.938915491104,-0.83673530817,-8.40194892883,22.5822048187,-8.35607242584,11.1061992645,63.0324668884,-1.2502797842],[165.445266724,87.1844863892,-28.4414672852,-7.4100894928,27.0339870453,-18.9972381592,21.398229599,11.7128067017,-18.8759250641,20.4205055237,19.7167873383,-1.2502797842,74.7817459106]],"icov":[[0.0000495990716445,-0.000247538962867,0.000277832732536,-0.000208262557862,0.000116118848382,-0.0000629430214758,0.000117721152492,-0.000136064714752,0.0000716611903044,0.0000364897277905,0.0000714842026355,-0.000221010195673,0.000179133247002],[-0.000247538962867,0.0045800851658,-0.00530031556264,0.00512642320246,-0.00494903419167,0.00268140435219,-0.00195497716777,0.0021042637527,-0.00134081218857,0.00222319085151,-0.00346753210761,0.00377615028992,-0.00356798339635],[0.000277832732536,-0.00530031556264,0.0145176341757,-0.00983081106097,0.00820988602936,-0.00559782283381,0.00521334633231,-0.00386854168028,0.00117146607954,-0.000348471541656,0.00219386373647,-0.00346744875424,0.00459066638723],[-0.000208262557862,0.00512642320246,-0.00983081106097,0.0172336492687,-0.013073656708,0.00711607048288,-0.00168023223523,-0.00193052832037,0.00359804695472,-0.00252563459799,0.00216024066322,-0.00149866216816,0.000773193663917],[0.000116118848382,-0.00494903419167,0.00820988602936,-0.013073656708,0.0234790947288,-0.00585688930005,-0.00447891093791,0.00605004653335,-0.00336384098046,-0.000261462089838,0.000804457755294,0.00492686126381,-0.00320915738121],[-0.0000629430214758,0.00268140435219,-0.00559782283381,0.00711607048288,-0.00585688930005,0.0101443687454,0.00125006586313,-0.00446430686861,0.0027687989641,-0.00181280344259,0.00017442832177,-0.0012881224975,0.0017514959909],[0.000117721152492,-0.00195497716777,0.00521334633231,-0.00168023223523,-0.00447891093791,0.00125006586313,0.0126040978357,-0.00334911281243,-0.0013249804033,0.000029390977943,0.00055536540458,-0.00314088491723,0.00214834720828],[-0.000136064714752,0.0021042637527,-0.00386854168028,-0.00193052832037,0.00605004653335,-0.00446430686861,-0.00334911281243,0.0217941906303,-0.00636539421976,-0.000170700979652,-0.00497900834307,0.00948542915285,-0.00968003738672],[0.0000716611903044,-0.00134081218857,0.00117146607954,0.00359804695472,-0.00336384098046,0.0027687989641,-0.0013249804033,-0.00636539421976,0.0256810672581,-0.0149170029908,0.0109818158671,-0.0156903080642,0.0129000963643],[0.0000364897277905,0.00222319085151,-0.000348471541656,-0.00252563459799,-0.000261462089838,-0.00181280344259,0.000029390977943,-0.000170700979652,-0.0149170029908,0.0425788164139,-0.028105834499,0.0170825216919,-0.0110993525013],[0.0000714842026355,-0.00346753210761,0.00219386373647,0.00216024066322,0.000804457755294,0.00017442832177,0.00055536540458,-0.00497900834307,0.0109818158671,-0.028105834499,0.0466269813478,-0.0186659134924,0.00314847240224],[-0.000221010195673,0.00377615028992,-0.00346744875424,-0.00149866216816,0.00492686126381,-0.0012881224975,-0.00314088491723,0.00948542915285,-0.0156903080642,0.0170825216919,-0.0186659134924,0.0325369611382,-0.0112357223406],[0.000179133247002,-0.00356798339635,0.00459066638723,0.000773193663917,-0.00320915738121,0.0017514959909,0.00214834720828,-0.00968003738672,0.0129000963643,-0.0110993525013,0.00314847240224,-0.0112357223406,0.0267338007689]],"mean":[-42.9341506958,101.07724762,-79.0872344971,23.9959106445,-6.30648756027,-24.0779857635,9.37393283844,-11.1777133942,-9.59827327728,-3.22843766212,-6.69880342484,-3.2527756691,-0.475593358278]},"hfc":{"dmean":59.2371749878,"dmean2":93.7448959351,"dvar":7619.59521484,"dvar2":19059.2167969,"max":1693.9296875,"mean":169.439102173,"median":142.453216553,"min":1.10355144903e-16,"var":24272.7460938},"melbands":{"dmean":[0.00665191188455,0.00427364651114,0.00220017926767,0.000560649845283,0.000469167978736,0.000234150211327,0.000116392810014,0.0000874480974744,0.0000593629411014,0.0000472851097584,0.0000402614095947,0.0000574497571506,0.0000356821328751,0.0000207213597605,0.0000175640470843,0.0000187842942978,0.0000162235683092,0.0000116595374493,0.0000100573588497,0.00000675001274431,0.0000124908201542,0.00000761069895816,0.00000630868316875,0.0000120405202324,0.00000875763544173,0.0000033844180507,0.00000242636042458,0.00000305059006678,0.00000272600937024,0.00000339193593391,0.00000368397536477,0.00000129547186134,3.69522922483e-7,2.02531467153e-7,1.48452642179e-7,1.59061784188e-7,8.8358802941e-8,6.26530578529e-8,5.14021571973e-8,4.08086116011e-8],"dmean2":[0.0114264534786,0.00736437225714,0.00357946264558,0.000929430359975,0.000779939291533,0.000387154374039,0.000195366810658,0.000143795565236,0.0000995468071778,0.0000780349000706,0.0000654808536638,0.0000917751167435,0.0000568861505599,0.0000329404974764,0.0000280149670289,0.0000305195280816,0.0000264390946541,0.0000192839997908,0.000016764339307,0.0000106913439595,0.0000198135821847,0.0000122537148854,0.0000103956799649,0.0000192880561372,0.0000138770310514,0.00000545011289432,0.00000398418069381,0.0000049029076763,0.00000431089574704,0.0000055264454204,0.00000569048825128,0.00000204008824767,6.08814389125e-7,3.32416732363e-7,2.39950367131e-7,2.60565968802e-7,1.45967803178e-7,1.04518150579e-7,8.51666186463e-8,6.73736266776e-8],"dvar":[0.000084689418145,0.0000430536128988,0.0000138393852467,9.35836681037e-7,8.49051502883e-7,1.79404125333e-7,3.31557856725e-8,1.95717895224e-8,1.07020365903e-8,1.23681145325e-8,6.2821863267e-9,2.09604245072e-8,5.47891909619e-9,1.89615723123e-9,1.4097792933e-9,2.13208317668e-9,1.96363814098e-9,1.12679865438e-9,8.52588166733e-10,1.19852988645e-10,4.88588336456e-10,1.93533397641e-10,1.43400985531e-10,6.82054079881e-10,3.28412658179e-10,2.68457738678e-11,1.13784103667e-11,1.74383042728e-11,1.63974684525e-11,3.41620447208e-11,9.96124918662e-11,1.20893919875e-11,8.64064245501e-13,2.16506147862e-13,1.10320003729e-13,1.13448997646e-13,4.60495865344e-14,1.86324547913e-14,1.0236842095e-14,4.87450732244e-15],"dvar2":[0.000236177394981,0.000121504745039,0.000034621458326,0.00000240195686274,0.00000224551968131,4.86282374368e-7,8.78067254462e-8,4.94571779086e-8,2.83324173012e-8,2.9674000146e-8,1.60570756691e-8,5.02593380247e-8,1.22394032687e-8,4.2971062264e-9,3.33651373197e-9,5.08992759052e-9,4.64091920449e-9,3.02476665937e-9,2.29596808232e-9,2.88030488349e-10,1.20117304991e-9,4.85869511291e-10,3.74710512618e-10,1.63074065362e-9,7.87003406888e-10,6.8172273382e-11,3.00468643022e-11,4.6774903395e-11,3.82737314064e-11,8.72388689066e-11,2.32165356384e-10,2.9793216505e-11,2.24153833515e-12,5.46388997415e-13,2.70204892532e-13,2.85276630877e-13,1.15710202921e-13,4.81177055665e-14,2.58921302367e-14,1.20029430595e-14],"max":[0.115355327725,0.106085799634,0.0560926347971,0.0189380478114,0.0179453678429,0.011037168093,0.00275058439001,0.00243650143966,0.00180314655881,0.00271046208218,0.00154194503557,0.0059489607811,0.00213035801426,0.000915296724997,0.000878351333085,0.00139978318475,0.00139326555654,0.000529958168045,0.000449530023616,0.000218059474719,0.000329233385855,0.000199268120923,0.000276804086752,0.000487090670504,0.000347549881553,0.0000670372974128,0.000054510870541,0.0000467807876703,0.0000518086380907,0.0000788911347627,0.000189905331354,0.0000469156766485,0.0000117099516501,0.000012847486687,0.00000662793854644,0.00000529595990884,0.00000370351835954,0.0000029100399388,0.00000163117624652,0.00000103620232039],"mean":[0.00957840494812,0.0062907715328,0.0034120217897,0.00077889719978,0.00068588659633,0.000351259135641,0.000180862974958,0.000133006615215,0.0000878908394952,0.0000693844121997,0.0000635643664282,0.0000891440868145,0.0000590212257521,0.0000320754697896,0.0000273424029729,0.0000287841630779,0.0000237297535932,0.0000161982861755,0.0000129898144223,0.0000123082609207,0.0000209402678593,0.0000123199060909,0.0000104457367343,0.0000175426048372,0.0000142577355291,0.00000687575311531,0.00000551222865397,0.00000698920075592,0.00000627167628409,0.00000631844886811,0.00000516445879839,0.00000172572038082,3.83732924547e-7,1.9631065129e-7,1.52802641651e-7,1.5955329502e-7,8.7072550059e-8,6.00960561314e-8,5.03697314969e-8,4.14466683196e-8],"median":[0.00599960796535,0.00384641299024,0.00162118719891,0.000449728104286,0.000360381382052,0.000210567348404,0.000116321447422,0.0000747505837353,0.0000521692636539,0.0000381859426852,0.0000360526246368,0.0000416091570514,0.0000307878690364,0.000015888006601,0.0000152925058501,0.0000150275000124,0.0000106718998722,0.00000810962410469,0.00000653549614071,0.00000703457408235,0.00000915459986572,0.00000734089098842,0.00000681514302414,0.0000083706836449,0.00000793818071543,0.00000449441449746,0.00000364334914593,0.00000454363544122,0.00000362228456652,0.00000345168268723,0.00000218151308218,7.36264155421e-7,1.22459709928e-7,5.15080955665e-8,4.43857004484e-8,4.58043558638e-8,2.64008583883e-8,1.69855240983e-8,1.51191024145e-8,1.35877682439e-8],"min":[4.33472559316e-24,5.24541817659e-24,1.38263934848e-23,1.19394926309e-23,2.86084943229e-24,2.71836222014e-24,2.02457617228e-23,2.74881958749e-23,1.30156606221e-23,1.02838005975e-23,1.19647677343e-23,1.13607519275e-23,1.61729328226e-23,2.36176924419e-23,7.9238080258e-24,1.56099243723e-23,1.59766610739e-23,8.97685765932e-24,1.57664249095e-23,7.92674101065e-24,6.63218476644e-24,9.97214926394e-24,9.38126956896e-24,7.44471149882e-24,1.1875297497e-23,1.08916147695e-23,1.12683250396e-23,1.16359342214e-23,1.6787176211e-23,1.3545658399e-23,1.24924060282e-23,1.02803027882e-23,1.08036417902e-23,1.03225549672e-23,1.3346581461e-23,1.52837792973e-23,8.8044497419e-24,1.0965731407e-23,7.29890712656e-24,5.25886786059e-24],"var":[0.000129607811687,0.0000608177033428,0.0000254983460763,0.00000117802335353,0.00000120666402381,2.30670181622e-7,5.04889463571e-8,3.23764268728e-8,1.47152352525e-8,1.64797029356e-8,9.35120958445e-9,3.72002908477e-8,1.03017585573e-8,3.31508931417e-9,2.08003214652e-9,3.00740610193e-9,2.67813593524e-9,1.05438624498e-9,7.35556449083e-10,2.50489406994e-10,9.73522928938e-10,2.73459782596e-10,1.86421433845e-10,8.55183368564e-10,4.40224329212e-10,5.84485168598e-11,3.42150682786e-11,5.46396226875e-11,4.98779073599e-11,6.44898162649e-11,1.19084395123e-10,1.32360086433e-11,7.58556086868e-13,2.00690375776e-13,1.12991498211e-13,1.10038090835e-13,4.26020133613e-14,1.69803102514e-14,1.01783451527e-14,5.55978450534e-15]},"melbands_crest":{"dmean":4.83947372437,"dmean2":8.16318225861,"dvar":15.3228158951,"dvar2":41.8989486694,"max":37.3816452026,"mean":19.2157535553,"median":18.3390159607,"min":2.38226699829,"var":31.6799316406},"melbands_flatness_db":{"dmean":0.0420036911964,"dmean2":0.0692318677902,"dvar":0.0011023778934,"dvar2":0.00292837643065,"max":0.507647097111,"mean":0.287178218365,"median":0.288571238518,"min":0.00751089537516,"var":0.00411123968661},"melbands_kurtosis":{"dmean":20.1687889099,"dmean2":34.1344490051,"dvar":524.473022461,"dvar2":1477.08251953,"max":428.226806641,"mean":40.0256080627,"median":32.037727356,"min":-1.32006835938,"var":1022.73974609},"melbands_skewness":{"dmean":1.2792776823,"dmean2":2.14104151726,"dvar":1.21732962132,"dvar2":3.3923099041,"max":14.833363533,"mean":5.01005554199,"median":4.83431243896,"min":0.100511431694,"var":3.51952219009},"melbands_spread":{"dmean":4.6028213501,"dmean2":7.64273309708,"dvar":46.9019699097,"dvar2":109.801101685,"max":197.336746216,"mean":10.9046278,"median":7.31089925766,"min":0.575857698917,"var":234.992263794},"mfcc":{"cov":[[20301.8007812,4100.8671875,-1330.10131836,1652.95068359,-474.543365479,355.397369385,117.128433228,4.48528528214,170.380447388,-214.478622437,-11.0220632553,171.308029175,-262.277435303],[4100.8671875,1668.42590332,-354.157867432,485.116729736,-121.470863342,79.6884384155,130.491851807,-63.7308654785,97.3623352051,-51.7417068481,-23.8033752441,61.7020339966,-47.8328170776],[-1330.10131836,-354.157867432,499.720062256,-287.819213867,140.317520142,-42.3830909729,-56.5673789978,54.2153816223,-64.4605789185,28.8581867218,9.74959278107,-31.8191776276,47.1930046082],[1652.95068359,485.116729736,-287.819213867,500.894897461,-76.7188186646,29.3063716888,65.3262863159,-42.7895240784,71.8470687866,-47.5364646912,-11.517701149,44.5902671814,-49.752166748],[-474.543365479,-121.470863342,140.317520142,-76.7188186646,121.707695007,5.86863517761,1.8994756937,1.03167772293,-12.2077827454,18.6165790558,-10.0007781982,-11.8268890381,24.4736671448],[355.397369385,79.6884384155,-42.3830909729,29.3063716888,5.86863517761,89.9863586426,7.87033557892,20.7500324249,-1.36836707592,5.13897371292,0.165025219321,0.383920401335,-6.00404882431],[117.128433228,130.491851807,-56.5673789978,65.3262863159,1.8994756937,7.87033557892,127.425292969,-30.6394004822,37.5617866516,13.8483171463,-21.009727478,12.89564991,0.573317050934],[4.48528528214,-63.7308654785,54.2153816223,-42.7895240784,1.03167772293,20.7500324249,-30.6394004822,83.6150054932,-5.66607522964,-6.9312171936,20.5685539246,-8.0081911087,-3.00322532654],[170.380447388,97.3623352051,-64.4605789185,71.8470687866,-12.2077827454,-1.36836707592,37.5617866516,-5.66607522964,67.0731124878,7.15104532242,-3.66573214531,16.6104373932,-4.81315374374],[-214.478622437,-51.7417068481,28.8581867218,-47.5364646912,18.6165790558,5.13897371292,13.8483171463,-6.9312171936,7.15104532242,77.2526397705,-9.44967651367,4.30673217773,21.8876914978],[-11.0220632553,-23.8033752441,9.74959278107,-11.517701149,-10.0007781982,0.165025219321,-21.009727478,20.5685539246,-3.66573214531,-9.44967651367,68.2103118896,7.62329483032,-6.99590587616],[171.308029175,61.7020339966,-31.8191776276,44.5902671814,-11.8268890381,0.383920401335,12.89564991,-8.0081911087,16.6104373932,4.30673217773,7.62329483032,44.4241333008,8.97466278076],[-262.277435303,-47.8328170776,47.1930046082,-49.752166748,24.4736671448,-6.00404882431,0.573317050934,-3.00322532654,-4.81315374374,21.8876914978,-6.99590587616,8.97466278076,48.437297821]],"icov":[[0.000122135563288,-0.000263551657554,0.000116606584925,-0.00013537266932,-0.0000175309414772,-0.0000740524774301,0.000169474558788,-0.000281431974145,0.000269543525064,-0.0000849073549034,0.0000646972184768,-0.000139390045661,0.000228962497204],[-0.000263551657554,0.00150489236694,-0.000383476552088,-0.000338774814736,0.00067997147562,-0.00068137946073,-0.000778325367719,0.00108228123281,-0.00100984750316,0.000601105683018,-0.0000288100382022,0.0000557121202291,-0.000653474999126],[0.000116606584925,-0.000383476552088,0.00521181710064,0.00125538685825,-0.00487830350175,0.00309870694764,0.000250934594078,-0.00352524081245,0.00279796752147,-0.000678461161442,-0.000160579656949,-0.000374728580937,-0.00027751585003],[-0.00013537266932,-0.000338774814736,0.00125538685825,0.00439565442502,-0.00061288184952,-0.000100412937172,-0.000287077185931,0.000811511010397,-0.00193882733583,0.00169143837411,0.000623755913693,-0.00243538524956,0.00215956242755],[-0.0000175309414772,0.00067997147562,-0.00487830350175,-0.00061288184952,0.0151497116312,-0.00474924920127,-0.00102181988768,0.00378625420853,-0.00242397841066,0.000367960281437,0.000782030867413,0.00286683510058,-0.00412180274725],[-0.0000740524774301,-0.00068137946073,0.00309870694764,-0.000100412937172,-0.00474924920127,0.0158738046885,-0.00126949104015,-0.00693210074678,0.00442743394524,-0.00301191047765,0.000303672102746,-0.000487759069074,0.00169158435892],[0.000169474558788,-0.000778325367719,0.000250934594078,-0.000287077185931,-0.00102181988768,-0.00126949104015,0.0113749615848,0.00263045402244,-0.00464434875175,-0.00122750899754,0.00195542280562,-0.000777875131462,0.000516817846801],[-0.000281431974145,0.00108228123281,-0.00352524081245,0.000811511010397,0.00378625420853,-0.00693210074678,0.00263045402244,0.0191111024469,-0.00558293843642,0.00263229873963,-0.00368749490008,0.00256983446889,-0.000558415602427],[0.000269543525064,-0.00100984750316,0.00279796752147,-0.00193882733583,-0.00242397841066,0.00442743394524,-0.00464434875175,-0.00558293843642,0.0241850540042,-0.00416014576331,0.000422412122134,-0.0052547021769,0.00254483078606],[-0.0000849073549034,0.000601105683018,-0.000678461161442,0.00169143837411,0.000367960281437,-0.00301191047765,-0.00122750899754,0.00263229873963,-0.00416014576331,0.0171587578952,0.00113784591667,-0.000890694034752,-0.00568694574758],[0.0000646972184768,-0.0000288100382022,-0.000160579656949,0.000623755913693,0.000782030867413,0.000303672102746,0.00195542280562,-0.00368749490008,0.000422412122134,0.00113784591667,0.0178593676537,-0.00606608809903,0.00374097074382],[-0.000139390045661,0.0000557121202291,-0.000374728580937,-0.00243538524956,0.00286683510058,-0.000487759069074,-0.000777875131462,0.00256983446889,-0.0052547021769,-0.000890694034752,-0.00606608809903,0.0319354124367,-0.0110895046964],[0.000228962497204,-0.000653474999126,-0.00027751585003,0.00215956242755,-0.00412180274725,0.00169158435892,0.000516817846801,-0.000558415602427,0.00254483078606,-0.00568694574758,0.00374097074382,-0.0110895046964,0.0313975252211]],"mean":[-698.789123535,152.84046936,-8.60880756378,57.9843521118,1.36861228943,13.1198635101,15.7652635574,2.49953532219,10.5987987518,-1.20274484158,-0.127349689603,7.38477134705,-3.87526655197]},"pitch_salience":{"dmean":0.0992426276207,"dmean2":0.165803089738,"dvar":0.00646443711594,"dvar2":0.0175443757325,"max":0.800614893436,"mean":0.507682561874,"median":0.523802876472,"min":0.0997626632452,"var":0.0136575382203},"silence_rate_20dB":{"dmean":0.00260722194798,"dmean2":0.00521512376145,"dvar":0.00260100979358,"dvar2":0.00701284362003,"max":1,"mean":0.998305499554,"median":1,"min":0,"var":0.00169159297366},"silence_rate_30dB":{"dmean":0.151740327477,"dmean2":0.303520202637,"dvar":0.128706201911,"dvar2":0.270859122276,"max":1,"mean":0.73162150383,"median":1,"min":0,"var":0.196349814534},"silence_rate_60dB":{"dmean":0.0070394994691,"dmean2":0.014080834575,"dvar":0.00698997778818,"dvar2":0.0157079622149,"max":1,"mean":0.151459857821,"median":0,"min":0,"var":0.128528669477},"spectral_centroid":{"dmean":285.630371094,"dmean2":445.11807251,"dvar":78751.25,"dvar2":163639.6875,"max":11080.3447266,"mean":1176.93334961,"median":1050.28735352,"min":187.782516479,"var":388145.9375},"spectral_complexity":{"dmean":3.83678793907,"dmean2":5.60495424271,"dvar":17.3378772736,"dvar2":31.5839748383,"max":52,"mean":18.3481483459,"median":18,"min":0,"var":142.022888184},"spectral_contrast_coeffs":{"dmean":[0.054641161114,0.0479150079191,0.0329289510846,0.0249514840543,0.0210008956492,0.0508718639612],"dmean2":[0.0925183966756,0.0810126140714,0.0556129217148,0.0422687195241,0.0337502546608,0.0803484618664],"dvar":[0.00194183061831,0.00148250488564,0.000669256201945,0.000416667986428,0.000421097152866,0.00198577716947],"dvar2":[0.00538138346747,0.00416400423273,0.00188078149222,0.00117956579197,0.000933918345254,0.00462054554373],"max":[-0.399274647236,-0.493125915527,-0.618145525455,-0.668492257595,-0.635639309883,-0.429805636406],"mean":[-0.698677003384,-0.783610701561,-0.825347661972,-0.836572885513,-0.826788902283,-0.715016007423],"median":[-0.69884967804,-0.783932447433,-0.824944496155,-0.834658920765,-0.823342382908,-0.71508705616],"min":[-0.974992692471,-0.959088802338,-0.980758488178,-0.96435624361,-0.957599163055,-0.956337809563],"var":[0.00687622837722,0.00401594955474,0.00214331736788,0.00140275922604,0.00154690747149,0.00644159363583]},"spectral_contrast_valleys":{"dmean":[0.391597628593,0.369496971369,0.321322798729,0.297935277224,0.222568169236,0.670016407967],"dmean2":[0.654832184315,0.604008555412,0.498326152563,0.454936444759,0.330126047134,1.0881280899],"dvar":[0.109788224101,0.10315477103,0.0833475515246,0.0839472487569,0.0731516629457,0.346745252609],"dvar2":[0.268273979425,0.233837589622,0.163360282779,0.154425859451,0.121701486409,0.845265865326],"max":[-4.65941381454,-4.61605024338,-5.20101213455,-5.60834312439,-5.92064523697,-8.6679058075],"mean":[-6.75320005417,-6.932097435,-7.53849458694,-8.02458381653,-7.68896007538,-11.3296394348],"median":[-6.1384344101,-6.34067344666,-6.97651481628,-7.4759016037,-7.08603668213,-10.9397182465],"min":[-26.6186485291,-27.6543712616,-26.8932285309,-27.6773014069,-27.2894306183,-27.3199234009],"var":[3.65159893036,3.35455536842,3.20525598526,3.02271056175,2.91778969765,2.51563191414]},"spectral_decrease":{"dmean":8.6530054233e-9,"dmean2":1.43114489148e-8,"dvar":1.24157890885e-16,"dvar2":3.26053606933e-16,"max":7.11693648459e-10,"mean":-1.62205964216e-8,"median":-1.24663106504e-8,"min":-1.50203959493e-7,"var":2.59461676565e-16},"spectral_energy":{"dmean":0.0333572290838,"dmean2":0.0545120127499,"dvar":0.00183819176164,"dvar2":0.00478078238666,"max":0.58280646801,"mean":0.0765888020396,"median":0.0662158131599,"min":1.05882398049e-20,"var":0.00442092353478},"spectral_energyband_high":{"dmean":0.000317978672683,"dmean2":0.000474520697026,"dvar":3.25748516161e-7,"dvar2":6.84103213189e-7,"max":0.00779895251617,"mean":0.000754625361878,"median":0.000515458581503,"min":7.61804748269e-21,"var":7.16815691248e-7},"spectral_energyband_low":{"dmean":0.0288235340267,"dmean2":0.0486038438976,"dvar":0.00143715937156,"dvar2":0.00391234643757,"max":0.53805410862,"mean":0.0513813048601,"median":0.0381548479199,"min":3.95445621932e-23,"var":0.00276874331757},"spectral_energyband_middle_high":{"dmean":0.00119479245041,"dmean2":0.00172550231218,"dvar":0.00000461706167698,"dvar2":0.00000899279439182,"max":0.0564374215901,"mean":0.0030320705846,"median":0.00221986602992,"min":1.70675936067e-21,"var":0.0000125463448057},"spectral_energyband_middle_low":{"dmean":0.00718264793977,"dmean2":0.0115096597001,"dvar":0.000131161330501,"dvar2":0.000330077251419,"max":0.173924818635,"mean":0.0146299526095,"median":0.0104336254299,"min":3.92461556765e-22,"var":0.000261970824795},"spectral_entropy":{"dmean":0.160868450999,"dmean2":0.254940986633,"dvar":0.0238730050623,"dvar2":0.0564500615001,"max":9.77941322327,"mean":7.58646821976,"median":7.61068058014,"min":6.20323944092,"var":0.0907180830836},"spectral_flux":{"dmean":0.0404252968729,"dmean2":0.0657149702311,"dvar":0.00190286582801,"dvar2":0.0047846082598,"max":0.534568846226,"mean":0.140463218093,"median":0.142391204834,"min":1.02899175292e-10,"var":0.00708809820935},"spectral_kurtosis":{"dmean":2.07104492188,"dmean2":3.34136891365,"dvar":7.16487455368,"dvar2":17.5674037933,"max":47.4539871216,"mean":10.3817358017,"median":9.84449386597,"min":-1.19873929024,"var":14.773645401},"spectral_rms":{"dmean":0.0016739788698,"dmean2":0.00270500290208,"dvar":0.00000309201959681,"dvar2":0.00000789723435446,"max":0.02384516038,"mean":0.00755556067452,"median":0.00803746189922,"min":3.21403017048e-12,"var":0.0000176344947249},"spectral_rolloff":{"dmean":5390.24511719,"dmean2":10347.7128906,"dvar":68883792,"dvar2":168187024,"max":22050,"mean":7023.86425781,"median":861.328125,"min":21.533203125,"var":88569808},"spectral_skewness":{"dmean":0.217067226768,"dmean2":0.330892682076,"dvar":0.0666386410594,"dvar2":0.144090533257,"max":4.74854707718,"mean":1.93233382702,"median":1.83813166618,"min":-0.020290626213,"var":0.215283840895},"spectral_spread":{"dmean":454783.25,"dmean2":719879.9375,"dvar":321529413632,"dvar2":545138573312,"max":40688768,"mean":4245571,"median":4031816.25,"min":1408609.625,"var":1277884497920},"spectral_strongpeak":{"dmean":1.84007000923,"dmean2":3.59651350975,"dvar":128.859680176,"dvar2":382.26184082,"max":135.46723938,"mean":1.15156769753,"median":0.215868338943,"min":0,"var":69.5786743164},"zerocrossingrate":{"dmean":0.0416400581598,"dmean2":0.0558224506676,"dvar":0.00116808409803,"dvar2":0.00210276874714,"max":0.720703125,"mean":0.203553199768,"median":0.19921875,"min":0.0087890625,"var":0.00794188398868}},"metadata":{"audio_properties":{"analysis_sample_rate":44100,"bit_rate":128000,"codec":"mp3","downmix":"mix","equal_loudness":0,"length":178.102859497,"lossless":false,"md5_encoded":"34bf7dcf6109be30a15375db8027ec45","replay_gain":-3.6070766449,"sample_rate":44100},"tags":{"album":["Vitalogy"],"album artist credit":["Pearl Jam"],"albumartist":["Pearl Jam"],"albumartistsort":["Pearl Jam"],"artist":["Pearl Jam"],"artist credit":["Pearl Jam"],"artistsort":["Pearl Jam"],"asin":["B000025AP3"],"bpm":["0"],"catalognumber":["EPC 477861 2"],"date":["1994"],"discnumber":["1/1"],"file_name":"12 - Pearl Jam - Aye Davanita.mp3","genre":["Rock - Alternative Metal / Punk"],"label":["Epic"],"language":["eng"],"media":["CD"],"musicbrainz album release country":["XE"],"musicbrainz album status":["Official"],"musicbrainz album type":["album"],"musicbrainz_albumartistid":["83b9cbe7-9857-49e2-ab8e-b57b01038103"],"musicbrainz_albumid":["826fc187-ddcc-3825-a361-d0086616d315"],"musicbrainz_artistid":["83b9cbe7-9857-49e2-ab8e-b57b01038103"],"musicbrainz_recordingid":["798162bd-9ee6-4acb-8df0-9ffbea250d1f"],"musicbrainz_releasegroupid":["6e384e83-6cb1-36bd-813c-ca7d4cf4b9ba"],"originaldate":["1994-11-22"],"replaygain_album_gain":["0.00 dB"],"replaygain_album_peak":["0.000000"],"replaygain_track_gain":["0.00 dB"],"replaygain_track_peak":["0.000000"],"script":["Latn"],"title":["Aye Davanita"],"tracknumber":["12/14"]},"version":{"essentia":"2.1-beta1","essentia_build_sha":"5a811adb4c06fd6d02ca903f7349a26d851abfa8","essentia_git_sha":"v2.1_beta1-34-gf95df8b","extractor":"music 1.0"}},"rhythm":{"beats_count":384,"beats_loudness":{"dmean":0.053026791662,"dmean2":0.0888619273901,"dvar":0.00344277801923,"dvar2":0.00940836314112,"max":0.39914187789,"mean":0.0940693989396,"median":0.0849154293537,"min":7.97243426831e-9,"var":0.00548270298168},"beats_loudness_band_ratio":{"dmean":[0.151811659336,0.067009717226,0.0284864511341,0.0