{"lowlevel":{"average_loudness":0.685224592686,"barkbands":{"dmean":[0.00239582452923,0.00487213721499,0.00222699716687,0.00172351195943,0.00264991051517,0.00153796735685,0.0014809834538,0.00086356245447,0.000538600143045,0.00049172778381,0.000650745001622,0.000590192037635,0.000478646892589,0.000262124405708,0.000245421106229,0.000157328831847,0.00010936637409,0.0000774954241933,0.0000607392939855,0.0000532967715117,0.0000436274713138,0.0000282819491986,0.0000182472977031,0.0000111699037006,0.00000514004659635,0.0000129917443701,0.000182660092833],"dmean2":[0.0039457641542,0.0082604624331,0.00390345742926,0.00294069759548,0.00443492643535,0.00250519369729,0.00240125996061,0.00142547918949,0.000895248434972,0.000813738675788,0.0010682111606,0.000979698146693,0.000794771651272,0.000436330534285,0.000408536667237,0.000268414238235,0.000185411423445,0.000130576576339,0.0000989576583379,0.0000822129150038,0.0000632386509096,0.0000418837626057,0.0000284385296254,0.0000173645130417,0.00000846448074299,0.0000198928064492,0.00027989881346],"dvar":[0.0000142451635838,0.0000920531747397,0.0000254137885349,0.0000130418029585,0.0000202638730116,0.00000949372133618,0.0000155238922162,0.00000530964234713,0.00000147246908,0.00000119040294067,0.0000043063278099,0.00000176725279744,9.46705483784e-7,2.44513245207e-7,2.45351372996e-7,8.51317025763e-8,4.06011864129e-8,3.09707282042e-8,2.64695056984e-8,4.26343973459e-8,3.45233104326e-8,1.32272841569e-8,3.27581539672e-9,9.12222464233e-10,1.73196942899e-10,1.24678312119e-9,1.85274117825e-7],"dvar2":[0.0000363617582479,0.000255202059634,0.0000711933025741,0.0000340210426657,0.0000530392753717,0.0000246088839049,0.0000391872599721,0.0000131907017931,0.00000389342358176,0.00000315342435897,0.0000112424477265,0.00000479273421661,0.00000254023780144,6.04791409842e-7,6.26784299129e-7,2.37804115955e-7,1.15334252371e-7,8.28362445304e-8,6.13641262248e-8,8.89667859383e-8,5.70374361075e-8,2.49543141706e-8,7.05690661462e-9,2.19152207492e-9,4.621763805e-10,2.65524802145e-9,3.51515467401e-7],"max":[0.0621623694897,0.166963636875,0.119833447039,0.0931697636843,0.0729409977794,0.0904054567218,0.0985913276672,0.0676380321383,0.0275487881154,0.0257036890835,0.0607877783477,0.0316516309977,0.0231389161199,0.0251352060586,0.0198253076524,0.00521296961233,0.00423316610977,0.00507063046098,0.0068745627068,0.00927785690874,0.0116767436266,0.00696135964245,0.00293097039685,0.000893259362783,0.000414616544731,0.00156689435244,0.0167260002345],"mean":[0.00367457605898,0.00741009926423,0.00246072607115,0.00216149748303,0.00453567458317,0.00244960724376,0.00219027674757,0.00126313942019,0.000845200498588,0.000734367989935,0.000966841122136,0.00102641340345,0.000844742928166,0.000487883109599,0.000455643254099,0.000309491559165,0.000223089387873,0.000151159852976,0.000122143188491,0.000105272709334,0.0000913444382604,0.0000509540877829,0.0000248022097367,0.0000130349326355,0.00000507662161908,0.0000170599159901,0.000676195137203],"median":[0.00204300531186,0.00420606695116,0.000933352217544,0.000942706363276,0.00235596951097,0.00115955772344,0.000623084721155,0.000441042066086,0.000335523975082,0.000271588534815,0.000193341926206,0.000271819124464,0.000278800464002,0.000232877151575,0.000206765180337,0.000123185542179,0.000114253482025,0.0000658162534819,0.0000442795499112,0.0000331985938828,0.0000337398960255,0.0000182886979019,0.00000774163709139,0.00000342720545632,0.0000015015613144,0.00000551774792257,0.00020371741266],"min":[2.53044537621e-23,5.66145276838e-23,1.71653987274e-23,7.01886718501e-23,5.21033193122e-23,2.30733074198e-23,5.42343639388e-23,7.64918787421e-23,2.69378581084e-23,6.64634434637e-23,1.16786313179e-22,5.82310425181e-23,4.26692717932e-23,8.18768894057e-23,9.02729632119e-23,5.85421945027e-23,1.58695968719e-22,1.66618492479e-22,2.4928908324e-22,3.43088077994e-22,5.24501019351e-22,6.02850230073e-22,7.88237995407e-22,8.89914163885e-22,1.65191381255e-21,2.04796591074e-21,2.11982359139e-21],"var":[0.0000224989453272,0.000109585700557,0.0000228012268053,0.0000184471937246,0.0000435922993347,0.0000151713329615,0.0000269653955911,0.00000965547496889,0.00000258935915554,0.00000210427265301,0.00000762183481129,0.0000037373727082,0.0000020842601316,6.5213146172e-7,5.42162922557e-7,2.01667120336e-7,9.48336094098e-8,5.81544874478e-8,5.69695473018e-8,1.05529082361e-7,1.00096606559e-7,3.0616913449e-8,5.29644683667e-9,1.01166941491e-9,1.42379608103e-10,1.94521931896e-9,0.00000101336831904]},"barkbands_crest":{"dmean":2.70659208298,"dmean2":4.53597450256,"dvar":5.55136871338,"dvar2":14.7123842239,"max":25.7615394592,"mean":9.74572277069,"median":8.89106178284,"min":2.47565674782,"var":16.0332069397},"barkbands_flatness_db":{"dmean":0.0288469325751,"dmean2":0.0456109680235,"dvar":0.000902458268683,"dvar2":0.00231409957632,"max":0.555105030537,"mean":0.154222458601,"median":0.136160641909,"min":0.020153818652,"var":0.00469350302592},"barkbands_kurtosis":{"dmean":7.54480791092,"dmean2":12.3891153336,"dvar":516.124633789,"dvar2":1461.03881836,"max":680.147338867,"mean":13.5928630829,"median":5.63573932648,"min":-1.8422254324,"var":1005.00927734},"barkbands_skewness":{"dmean":0.687660753727,"dmean2":1.10256099701,"dvar":0.865433752537,"dvar2":2.37285089493,"max":23.1611728668,"mean":2.32730698586,"median":1.99690103531,"min":-3.29636764526,"var":2.82766246796},"barkbands_spread":{"dmean":5.12778759003,"dmean2":7.98568677902,"dvar":39.0495300293,"dvar2":83.5184631348,"max":121.857284546,"mean":20.9842128754,"median":19.4246997833,"min":0.17685174942,"var":224.557754517},"dissonance":{"dmean":0.0234046373516,"dmean2":0.0396573245525,"dvar":0.000712746521458,"dvar2":0.00196343427524,"max":0.500000238419,"mean":0.459289669991,"median":0.471099227667,"min":0.0842517837882,"var":0.00155677262228},"dynamic_complexity":4.6947722435,"erbbands":{"dmean":[0.206917151809,0.958968520164,2.46357703209,3.84044647217,7.56044054031,9.04063510895,13.0819549561,13.2668972015,20.9904842377,18.8751869202,15.8091897964,12.5498409271,12.9163341522,16.632938385,28.2416534424,24.4237575531,22.3185596466,13.0195198059,14.4059028625,9.05555820465,7.58737134933,5.56167840958,4.38812828064,3.32656621933,2.91720509529,2.43823480606,1.99533367157,1.60124015808,1.01496219635,0.768378674984,0.475063294172,0.282547354698,0.157309815288,0.0690256506205,0.0323637388647,0.0327434316278,0.0260404534638,0.0223809126765,0.0139108086005,0.00511145964265],"dmean2":[0.343905210495,1.64610743523,4.28258037567,6.62015295029,12.759305954,14.9579315186,21.9457569122,21.5286903381,33.8828773499,30.9419307709,26.0309963226,20.7732028961,21.2319355011,27.3117237091,46.0690345764,40.2362556458,36.8998527527,21.7072467804,24.0269241333,15.1828727722,12.9556436539,9.44528961182,7.41563558578,5.50573158264,4.64163541794,3.79068660736,2.97644138336,2.30806279182,1.50035870075,1.1604578495,0.737955331802,0.437548667192,0.24643547833,0.110553704202,0.0545497648418,0.0513554736972,0.0395661704242,0.0314514227211,0.0184469632804,0.00802187994123],"dvar":[0.169772699475,3.60439896584,29.3027839661,65.227684021,242.790084839,267.983520508,559.557189941,911.102050781,3335.86108398,2540.61987305,1873.93981934,869.710205078,738.571166992,1679.18493652,9057.98242188,3158.42651367,2132.20898438,552.286376953,917.968933105,266.767700195,199.882019043,116.174629211,93.2713546753,67.5894851685,92.5769042969,97.34740448,75.2608261108,48.4942893982,17.0280971527,6.73647594452,2.13536572456,0.605952680111,0.17940223217,0.0300331562757,0.00741497892886,0.00676060374826,0.00506389839575,0.013512743637,0.00631293514743,0.000077711250924],"dvar2":[0.459267288446,10.0480394363,81.0311050415,179.688110352,635.109558105,674.698730469,1478.51538086,2326.64672852,8396.97167969,6396.16357422,4678.10546875,2287.73242188,1893.35620117,4363.35449219,23275.2597656,8526.578125,5744.09033203,1396.39953613,2330.97631836,716.705993652,560.210144043,329.143280029,254.296676636,162.957672119,206.537719727,219.751861572,142.334335327,80.920791626,30.8703613281,12.9201755524,4.5590133667,1.41657233238,0.435386925936,0.0759571418166,0.0203192718327,0.0162281077355,0.0107375271618,0.0213983692229,0.0101166227832,0.000181002134923],"max":[8.80764484406,29.1761856079,114.492416382,193.532958984,413.886260986,346.576507568,556.69140625,945.770446777,1523.84570312,1933.57629395,1699.71813965,699.80267334,719.841003418,1095.69030762,3018.21313477,1468.05761719,1078.54150391,579.705444336,1249.72937012,345.626373291,254.221572876,280.000396729,274.084533691,285.339263916,486.828399658,453.151947021,477.519073486,448.313293457,262.21697998,135.308410645,73.3321304321,26.9407463074,9.63392925262,4.7696852684,2.81093502045,1.61079335213,3.17237687111,8.9681892395,4.43281316757,0.333234429359],"mean":[0.328469216824,1.24092388153,2.87889575958,5.02801990509,11.0575037003,14.9939584732,19.9487266541,20.9750823975,31.8614177704,28.7785587311,24.4436645508,19.9453105927,20.9787750244,25.7335643768,44.9747009277,45.2122497559,41.5090446472,26.7473506927,27.6828765869,19.2002754211,15.8844976425,12.1755895615,9.04151248932,6.86892414093,5.89842319489,4.79547834396,4.1000790596,3.24405360222,1.89163434505,1.20785987377,0.638658106327,0.347847789526,0.174685075879,0.0711043849587,0.0312578529119,0.0366680435836,0.035133574158,0.0428845100105,0.0367172174156,0.0244537387043],"median":[0.169302389026,0.612526237965,1.23152565956,2.47112488747,5.03096103668,6.73252677917,9.31054496765,9.23800086975,9.16415882111,10.38422966,9.27310752869,7.90454149246,9.20282268524,9.07905101776,10.1346578598,12.1786823273,13.7295017242,13.441534996,12.7348194122,8.97532558441,7.08517694473,6.32696580887,4.25438451767,2.71110415459,1.99723255634,1.56750166416,1.47338545322,1.15217745304,0.688785374165,0.421501487494,0.195857524872,0.0922035872936,0.0464342907071,0.0195921678096,0.0101312035695,0.0109340073541,0.0113409440964,0.0159692242742,0.0138107929379,0.00796052720398],"min":[1.97818062449e-21,1.16553254133e-20,2.17845252146e-20,1.56728792868e-19,1.65888784176e-19,2.0457410857e-19,2.15810982375e-19,1.70958897268e-19,5.10117475774e-19,7.75652895559e-19,2.19793841515e-18,7.79231847575e-19,6.47458150285e-19,3.83553144847e-18,4.90965318442e-18,2.1173704031e-18,1.98432977531e-18,4.87951982189e-18,3.40991641763e-18,4.09871095447e-18,3.6176830944e-18,9.753210502e-18,1.02803842869e-17,1.20414418849e-17,9.9153188769e-18,1.76228414137e-17,2.59310864996e-17,1.68805460756e-17,1.93186857465e-17,2.7572474224e-17,1.91025070565e-17,1.69842265479e-17,1.78350612173e-17,1.57640888223e-17,1.1879869523e-17,7.61641190105e-18,4.18195386183e-18,1.23099085225e-18,2.86327690156e-19,3.28246043512e-20],"var":[0.219021841884,3.83416843414,27.7794189453,71.8548202515,429.580108643,672.606933594,1020.12298584,1416.84033203,5585.84277344,4567.52978516,3324.98193359,1535.53051758,1391.25878906,2687.19506836,16300.7929688,7387.77783203,5009.09472656,1591.3371582,2089.50463867,690.200927734,485.841033936,280.188812256,182.18649292,146.846679688,197.856994629,212.721786499,199.257385254,132.420684814,42.3945350647,14.1914014816,3.42125582695,0.756372153759,0.186681076884,0.0285932347178,0.00553561188281,0.00728917634115,0.00827123876661,0.0369086936116,0.0197549890727,0.000879816652741]},"erbbands_crest":{"dmean":2.92815256119,"dmean2":4.79974412918,"dvar":7.45685958862,"dvar2":19.109582901,"max":31.4100399017,"mean":9.64469242096,"median":8.32085132599,"min":2.35521292686,"var":24.2619895935},"erbbands_flatness_db":{"dmean":0.0259776506573,"dmean2":0.0403871200979,"dvar":0.000726529571693,"dvar2":0.00186665041838,"max":0.502972602844,"mean":0.154133036733,"median":0.143022149801,"min":0.037092089653,"var":0.0032255910337},"erbbands_kurtosis":{"dmean":3.11481451988,"dmean2":5.22201871872,"dvar":191.726959229,"dvar2":561.225891113,"max":493.996704102,"mean":3.5456058979,"median":0.417537689209,"min":-1.88336634636,"var":250.399917603},"erbbands_skewness":{"dmean":0.458081036806,"dmean2":0.724374353886,"dvar":0.359829574823,"dvar2":0.973633468151,"max":15.8922615051,"mean":0.57965773344,"median":0.338058590889,"min":-5.38821697235,"var":1.83408868313},"erbbands_spread":{"dmean":6.65227937698,"dmean2":10.2015304565,"dvar":48.8122253418,"dvar2":105.71346283,"max":135.91027832,"mean":27.6922779083,"median":26.3173236847,"min":0.359562158585,"var":217.283187866},"gfcc":{"cov":[[14596.1982422,-908.163085938,-2014.02807617,63.0020141602,1125.21862793,195.772857666,808.786315918,-208.871414185,329.484100342,23.418636322,91.6311340332,-4.69250679016,-177.447906494],[-908.163085938,930.762695312,185.514587402,-221.176315308,6.45597791672,-63.2547340393,-16.4541282654,15.4651279449,21.4586620331,-32.4114112854,-1.03463995457,-57.517742157,68.2158737183],[-2014.02807617,185.514587402,712.484680176,141.080459595,-272.899810791,61.073841095,-140.827331543,142.176223755,-94.7323303223,10.2707042694,-45.7232475281,-15.5515880585,10.5530776978],[63.0020141602,-221.176315308,141.080459595,323.408599854,73.5720367432,41.8479728699,52.3896026611,24.6042003632,-18.9457359314,9.8960313797,-20.9965381622,-2.53893280029,-38.0177001953],[1125.21862793,6.45597791672,-272.899810791,73.5720367432,400.16595459,80.1100234985,147.191177368,-77.9012451172,37.5751266479,-20.3219432831,43.3794250488,-7.18266248703,16.462059021],[195.772857666,-63.2547340393,61.073841095,41.8479728699,80.1100234985,300.144439697,15.2161407471,100.210830688,-53.7498435974,1.64499783516,-18.6118717194,1.78242194653,-2.23841381073],[808.786315918,-16.4541282654,-140.827331543,52.3896026611,147.191177368,15.2161407471,262.588287354,-17.9725513458,57.8525276184,-7.97825336456,20.2070846558,7.47989654541,-12.4704751968],[-208.871414185,15.4651279449,142.176223755,24.6042003632,-77.9012451172,100.210830688,-17.9725513458,205.927139282,19.6717834473,23.9099807739,-28.1777744293,-32.4962806702,-10.6125631332],[329.484100342,21.4586620331,-94.7323303223,-18.9457359314,37.5751266479,-53.7498435974,57.8525276184,19.6717834473,124.365470886,40.3409843445,12.9153995514,-8.24676990509,-18.2104492188],[23.418636322,-32.4114112854,10.2707042694,9.8960313797,-20.3219432831,1.64499783516,-7.97825336456,23.9099807739,40.3409843445,73.4448776245,25.00349617,-2.11305141449,-6.87593460083],[91.6311340332,-1.03463995457,-45.7232475281,-20.9965381622,43.3794250488,-18.6118717194,20.2070846558,-28.1777744293,12.9153995514,25.00349617,78.3710098267,37.1523780823,21.3242340088],[-4.69250679016,-57.517742157,-15.5515880585,-2.53893280029,-7.18266248703,1.78242194653,7.47989654541,-32.4962806702,-8.24676990509,-2.11305141449,37.1523780823,74.8636322021,28.8014392853],[-177.447906494,68.2158737183,10.5530776978,-38.0177001953,16.462059021,-2.23841381073,-12.4704751968,-10.6125631332,-18.2104492188,-6.87593460083,21.3242340088,28.8014392853,72.721282959]],"icov":[[0.00013733736705,0.0000161594271049,0.000359061814379,-0.0000640459329588,-0.000111193250632,-0.0000538486419828,-0.000173222899321,-0.00011049452587,0.0000687242863933,-0.000142929377034,0.0000960817196756,-0.0000742201809771,0.000216971573536],[0.0000161594271049,0.00247444910929,-0.00216317293234,0.00300562102348,-0.00214584870264,0.00115156196989,-0.000547668663785,-0.000209675781662,-0.000439728901256,0.000346619432094,0.000683145306539,0.00119649164844,-0.000751348154154],[0.000359061814379,-0.00216317293234,0.00638613663614,-0.00569224404171,0.00521048624068,-0.00275881588459,0.00061435328098,-0.000140279531479,0.000147381171701,0.00119524030015,-0.00289105414413,0.00221294746734,-0.00205557933077],[-0.0000640459329588,0.00300562102348,-0.00569224404171,0.0110817607492,-0.00864324998111,0.00514942919835,-0.00190493382979,-0.0030340491794,0.00478077866137,-0.00594065943733,0.00765730114654,-0.00627776794136,0.00586583279073],[-0.000111193250632,-0.00214584870264,0.00521048624068,-0.00864324998111,0.013867999427,-0.008306177333,-0.00000551686298422,0.00628093257546,-0.00768479239196,0.00920458044857,-0.0115257212892,0.0117272250354,-0.00833141151816],[-0.0000538486419828,0.00115156196989,-0.00275881588459,0.00514942919835,-0.008306177333,0.0103764478117,-0.00105637707748,-0.00710622314364,0.00907270796597,-0.0076870280318,0.00836298149079,-0.0090370811522,0.00553424563259],[-0.000173222899321,-0.000547668663785,0.00061435328098,-0.00190493382979,-0.00000551686298422,-0.00105637707748,0.00612918194383,0.000383366539609,-0.00342232733965,0.00314967450686,-0.00208271341398,-0.000112974994408,0.000178030473762],[-0.00011049452587,-0.000209675781662,-0.000140279531479,-0.0030340491794,0.00628093257546,-0.00710622314364,0.000383366539609,0.0119174933061,-0.00839794892818,0.00437704380602,-0.00463949376717,0.00920335017145,-0.00544804846868],[0.0000687242863933,-0.000439728901256,0.000147381171701,0.00478077866137,-0.00768479239196,0.00907270796597,-0.00342232733965,-0.00839794892818,0.022757653147,-0.0160489715636,0.00947160366923,-0.0104291718453,0.00879907980561],[-0.000142929377034,0.000346619432094,0.00119524030015,-0.00594065943733,0.00920458044857,-0.0076870280318,0.00314967450686,0.00437704380602,-0.0160489715636,0.0312525816262,-0.0191514920443,0.0139007903636,-0.00604795198888],[0.0000960817196756,0.000683145306539,-0.00289105414413,0.00765730114654,-0.0115257212892,0.00836298149079,-0.00208271341398,-0.00463949376717,0.00947160366923,-0.0191514920443,0.0333615876734,-0.0208539757878,0.00488619320095],[-0.0000742201809771,0.00119649164844,0.00221294746734,-0.00627776794136,0.0117272250354,-0.0090370811522,-0.000112974994408,0.00920335017145,-0.0104291718453,0.0139007903636,-0.0208539757878,0.0355242043734,-0.0157673582435],[0.000216971573536,-0.000751348154154,-0.00205557933077,0.00586583279073,-0.00833141151816,0.00553424563259,0.000178030473762,-0.00544804846868,0.00879907980561,-0.00604795198888,0.00488619320095,-0.0157673582435,0.0260855387896]],"mean":[-22.8424224854,103.871620178,-80.3918533325,-3.36096787453,-20.6641902924,-14.9778003693,-8.99276828766,-18.9913234711,-3.71806764603,-6.22969245911,-3.89591097832,-1.78864383698,-4.78118419647]},"hfc":{"dmean":49.5505714417,"dmean2":78.5043411255,"dvar":6089.16210938,"dvar2":15226.0175781,"max":1777.41638184,"mean":187.552810669,"median":74.3712692261,"min":1.27626490804e-16,"var":45893.6445312},"melbands":{"dmean":[0.00157835241407,0.00123591464944,0.000765316421166,0.000569170108065,0.000443345517851,0.000293177814456,0.000317513535265,0.000202661613002,0.000123129968415,0.0000787656244938,0.0000663302344037,0.0000681122837705,0.0000926757493289,0.0000666174528305,0.0000647660344839,0.0000401946708735,0.0000253012130997,0.000025036290026,0.0000153426899487,0.0000124856105685,0.00000923781135498,0.0000064034834395,0.00000529007957084,0.00000367777442989,0.00000285449141302,0.00000239414202952,0.00000213039652408,0.00000165432754784,0.00000135080858854,0.00000121618404592,9.25812969399e-7,6.17326918473e-7,5.16504371717e-7,4.15805402554e-7,2.94736025808e-7,2.12628350482e-7,1.61774309504e-7,1.18168514973e-7,8.44038368086e-8,4.90188405422e-8],"dmean2":[0.00262999301776,0.00212946673855,0.00130211631767,0.00094654946588,0.000741811178159,0.000475857406855,0.000512671715114,0.000332263793098,0.000203254603548,0.000130530184833,0.000109391869046,0.000112790796265,0.000151815547724,0.000109590109787,0.000107392268546,0.0000670399022056,0.0000422215707658,0.0000418518720835,0.0000255451486737,0.0000212204158743,0.0000158490674949,0.0000108719923446,0.00000905767865333,0.00000623991809334,0.00000475256183563,0.00000392469064536,0.00000335768140758,0.00000261110722022,0.00000208358778764,0.00000182735641374,0.00000137182939852,9.30121188958e-7,7.82326424087e-7,6.46525336379e-7,4.63415659624e-7,3.32629298327e-7,2.52609140716e-7,1.86634835586e-7,1.32980474632e-7,8.02745745432e-8],"dvar":[0.0000096052290246,0.00000654895347907,0.00000247291904998,0.00000119095443551,5.81401366162e-7,4.12392040516e-7,7.44951762499e-7,2.96563172242e-7,1.12271585806e-7,3.39099379687e-8,1.95926386226e-8,2.91375705785e-8,8.98350904777e-8,2.22778382408e-8,2.11498729641e-8,5.89118664962e-9,2.17906714894e-9,2.73190736699e-9,8.17814205245e-10,5.51965362305e-10,2.94723356831e-10,1.50013459987e-10,1.25062890599e-10,7.14882250619e-11,4.89635935963e-11,4.47739692544e-11,5.91705018316e-11,4.94069542223e-11,3.3636527591e-11,3.2272476358e-11,1.65290715143e-11,7.32097455575e-12,3.44007461406e-12,1.98427971103e-12,8.45756624457e-13,3.82820375877e-13,2.04852993835e-13,1.06930116888e-13,4.97128109078e-14,1.55691533613e-14],"dvar2":[0.0000262032554019,0.0000180156366696,0.00000659876877762,0.00000304958780362,0.00000154275755904,0.0000010557657788,0.00000186610930086,7.41666838167e-7,2.84015612806e-7,8.91910829637e-8,5.05933321904e-8,7.6085477474e-8,2.34371370311e-7,5.83926649256e-8,5.53297638817e-8,1.56731534418e-8,5.47432499332e-9,6.93967550092e-9,2.13082351763e-9,1.52579082702e-9,8.25528201354e-10,4.26110424723e-10,3.51947693211e-10,1.90632773456e-10,1.19531801124e-10,1.07020975415e-10,1.28097962793e-10,1.15825481151e-10,6.98797894549e-11,6.19364490251e-11,2.93712346111e-11,1.39533627708e-11,6.77758066683e-12,4.21597045469e-12,1.84491549642e-12,8.71835698253e-13,4.92916850999e-13,2.63747438603e-13,1.20668435639e-13,4.10632390992e-14],"max":[0.0610856004059,0.0468728989363,0.0361807830632,0.0202141031623,0.0161509122699,0.0194297246635,0.0227806586772,0.0196080617607,0.0120655307546,0.00451727164909,0.00368002895266,0.00434604100883,0.00874438788742,0.00386404199526,0.00397815927863,0.0013023102656,0.00154123432003,0.0019701323472,0.000896286976058,0.000451335159596,0.000309736991767,0.000302251923131,0.000298171013128,0.000287983682938,0.000242813621298,0.000287544942694,0.000360190519132,0.000315323122777,0.000277268176433,0.000353822106263,0.00024832735653,0.000173529086169,0.0000865441688802,0.0000655300609651,0.0000455227855127,0.000023683278414,0.0000141249165608,0.00000811205063656,0.00000432122442362,0.00000388093576476],"mean":[0.00269298395142,0.00157064606901,0.00107725209091,0.000951278780121,0.000700939039234,0.000468255748274,0.000482414150611,0.000308873626636,0.000187722645933,0.000121695913549,0.000103860475065,0.0000991041524685,0.00014204843319,0.00011742379138,0.000117096089525,0.0000729886814952,0.000046657751227,0.0000454594883195,0.0000294094788842,0.0000234451072174,0.00001757440441,0.0000129190866573,0.00000996543803922,0.00000685682562107,0.00000539642451258,0.00000450651032224,0.00000390667219108,0.00000300375154438,0.00000260719593825,0.00000229709075938,0.00000174537899511,0.00000109662323666,8.47672936288e-7,5.92994695126e-7,3.84365222317e-7,2.64136247097e-7,1.92071922811e-7,1.29229590584e-7,8.90246312224e-8,4.82277648928e-8],"median":[0.00162923394237,0.000766767014284,0.000554426631425,0.000436590082245,0.000353608542355,0.000210635611438,0.000139452546136,0.000112034504127,0.0000692551620887,0.0000469337210234,0.0000440775766037,0.0000336463454005,0.0000294915407721,0.0000303444485326,0.0000309576280415,0.0000257937990682,0.0000222707112698,0.0000193652449525,0.000013760533875,0.0000091078436526,0.00000753051108404,0.00000648476452625,0.00000459645480078,0.00000293490779768,0.00000198075008484,0.00000155987459038,0.00000116763703772,9.53278743054e-7,8.97242614428e-7,8.02719227977e-7,5.92920173403e-7,3.78155760927e-7,2.9793250178e-7,1.94984295376e-7,1.15191070904e-7,7.16434698234e-8,4.82924811251e-8,3.33946559294e-8,2.26984298024e-8,1.3336666882e-8],"min":[1.94814880343e-23,1.24237388419e-23,2.57438871517e-23,1.39709033363e-23,7.00199092589e-24,4.1955137315e-24,8.76813926329e-24,8.82514156344e-24,1.7170545256e-23,3.72631977546e-24,2.7279541771e-24,1.50041785935e-23,1.71179455886e-23,8.13885466401e-24,3.74197787556e-24,5.07097026487e-24,9.67204685407e-24,4.12330377082e-24,7.60867229366e-24,4.53937346692e-24,3.92067064782e-24,9.54159687048e-24,1.01911007636e-23,8.71442335768e-24,1.01920150534e-23,8.14213711423e-24,5.82529128978e-24,1.36012715151e-23,1.65031231762e-23,1.27381472443e-23,9.79272837307e-24,1.09166263934e-23,1.16008188671e-23,1.73611356284e-23,9.77029238007e-24,1.07740208521e-23,9.93187002612e-24,1.04219167313e-23,1.57721441511e-23,1.20243835306e-23],"var":[0.0000123299614643,0.0000068128147177,0.00000345891976394,0.00000270159989668,0.00000107776770619,6.55078110867e-7,0.00000128610554384,5.3670885336e-7,1.93107652535e-7,5.88811452928e-8,3.61253569281e-8,4.45449472863e-8,1.6168313266e-7,5.07683211026e-8,5.14378584171e-8,1.37624844854e-8,5.56695534115e-9,6.1291896003e-9,1.89396098804e-9,1.21343513015e-9,6.29151841736e-10,3.39934524973e-10,2.23263296739e-10,1.26785859589e-10,9.85409392973e-11,8.84315676242e-11,1.33918376388e-10,9.34565480559e-11,7.94136562066e-11,7.44783748563e-11,4.10968377385e-11,1.61891871436e-11,7.78812084268e-12,3.41655176372e-12,1.29125020138e-12,5.2835058377e-13,2.31762037946e-13,1.07039506111e-13,5.10852854972e-14,1.32833722727e-14]},"melbands_crest":{"dmean":4.09931278229,"dmean2":6.76867198944,"dvar":11.5322256088,"dvar2":29.9299411774,"max":37.527633667,"mean":15.7523183823,"median":14.7451076508,"min":2.47068977356,"var":36.8085212708},"melbands_flatness_db":{"dmean":0.035326115787,"dmean2":0.0557381696999,"dvar":0.00123458076268,"dvar2":0.00316314189695,"max":0.665063917637,"mean":0.264617562294,"median":0.248059228063,"min":0.00886695738882,"var":0.00633731111884},"melbands_kurtosis":{"dmean":8.51194286346,"dmean2":13.8676815033,"dvar":399.695800781,"dvar2":1138.43054199,"max":695.530029297,"mean":14.5844249725,"median":6.87961006165,"min":-1.83143723011,"var":764.672180176},"melbands_skewness":{"dmean":0.793863415718,"dmean2":1.26361012459,"dvar":0.784860253334,"dvar2":2.03196001053,"max":21.4923171997,"mean":2.47220349312,"median":2.18678760529,"min":-2.12050390244,"var":2.65201592445},"melbands_spread":{"dmean":4.28556966782,"dmean2":6.81084918976,"dvar":30.4706306458,"dvar2":66.7712554932,"max":198.52192688,"mean":15.3517494202,"median":13.2623386383,"min":0.174363210797,"var":149.720703125},"mfcc":{"cov":[[11750.0810547,-312.155578613,-2338.2980957,170.811187744,-93.8151168823,707.26739502,182.074996948,306.230255127,46.3738555908,188.587280273,97.4738998413,278.192047119,123.78452301],[-312.155578613,996.270507812,-29.0420017242,-115.383453369,-9.73971176147,-38.2702865601,-19.6772880554,-18.3758277893,62.3979873657,-18.8770751953,25.3659362793,7.63085746765,4.38826751709],[-2338.2980957,-29.0420017242,1009.9161377,-8.13806056976,3.88378834724,-211.620239258,-16.3981132507,-25.7530460358,18.0706272125,1.20854175091,-7.72673749924,-58.3562011719,-43.7939682007],[170.811187744,-115.383453369,-8.13806056976,324.425018311,-10.3788700104,48.1791305542,12.3549776077,6.0515370369,-6.97726106644,27.0931854248,13.7093315125,7.08802366257,-16.4166526794],[-93.8151168823,-9.73971176147,3.88378834724,-10.3788700104,223.263153076,58.8316802979,59.0883102417,16.719827652,5.80736589432,19.6219825745,-13.0897159576,-15.6144580841,12.9201288223],[707.26739502,-38.2702865601,-211.620239258,48.1791305542,58.8316802979,225.836700439,102.730773926,48.2648887634,-0.992056369781,-6.34947872162,-10.6386232376,24.8828620911,21.2791919708],[182.074996948,-19.6772880554,-16.3981132507,12.3549776077,59.0883102417,102.730773926,174.540344238,77.6791763306,27.1334877014,13.204996109,-14.2739458084,9.03528594971,21.1806049347],[306.230255127,-18.3758277893,-25.7530460358,6.0515370369,16.719827652,48.2648887634,77.6791763306,120.623535156,48.1824264526,32.2598114014,1.50662255287,10.3254051208,9.45774745941],[46.3738555908,62.3979873657,18.0706272125,-6.97726106644,5.80736589432,-0.992056369781,27.1334877014,48.1824264526,95.3974761963,53.0797615051,22.8740673065,5.72131204605,-1.67086493969],[188.587280273,-18.8770751953,1.20854175091,27.0931854248,19.6219825745,-6.34947872162,13.204996109,32.2598114014,53.0797615051,119.672080994,45.8982009888,11.5721197128,-2.22885322571],[97.4738998413,25.3659362793,-7.72673749924,13.7093315125,-13.0897159576,-10.6386232376,-14.2739458084,1.50662255287,22.8740673065,45.8982009888,81.4470062256,30.6216888428,0.318680346012],[278.192047119,7.63085746765,-58.3562011719,7.08802366257,-15.6144580841,24.8828620911,9.03528594971,10.3254051208,5.72131204605,11.5721197128,30.6216888428,62.8186035156,26.3793582916],[123.78452301,4.38826751709,-43.7939682007,-16.4166526794,12.9201288223,21.2791919708,21.1806049347,9.45774745941,-1.67086493969,-2.22885322571,0.318680346012,26.3793582916,57.7054252625]],"icov":[[0.000196238455828,0.000049392310757,0.000382236845326,0.00000186690351711,0.000131105596665,-0.000223661991186,0.00009410102939,-0.000335188902682,0.000102690872154,-0.000298407656373,0.0000913193289307,-0.000404789403547,0.000115417329653],[0.000049392310757,0.00117589242291,0.000193956657313,0.000312317308271,-0.0000254850419878,0.000104120452306,-0.0000428438470408,0.000405463157222,-0.00126260623801,0.000685075996444,-0.000452706182841,-0.000116439601697,0.00000288922274194],[0.000382236845326,0.000193956657313,0.00214267149568,-0.000177772948518,-0.0000284292163997,0.00128167960793,-0.000758322479669,-0.000414469512179,-0.00016705969756,-0.000171272200532,0.0000140748106787,-0.000320899736835,0.000756032182835],[0.00000186690351711,0.000312317308271,-0.000177772948518,0.00355724431574,0.000427736376878,-0.00117181940004,0.0000645820109639,0.000154889843543,0.000655295792967,-0.00107984244823,-0.000236151157878,-0.000360033620382,0.00127974129282],[0.000131105596665,-0.0000254850419878,-0.0000284292163997,0.000427736376878,0.00571977440268,-0.00176508794539,-0.00112965446897,0.000511098711286,0.00053537794156,-0.00197719782591,0.00033046345925,0.00238684541546,-0.00163188809529],[-0.000223661991186,0.000104120452306,0.00128167960793,-0.00117181940004,-0.00176508794539,0.00938688311726,-0.00454998062924,-0.000191323197214,0.000300530868117,0.00192859442905,0.000281315034954,-0.00200228253379,0.000743294891436],[0.00009410102939,-0.0000428438470408,-0.000758322479669,0.0000645820109639,-0.00112965446897,-0.00454998062924,0.0115118790418,-0.00532539421692,-0.000611741328612,-0.000435736088548,0.00163536902983,-0.00013699347619,-0.00215851073153],[-0.000335188902682,0.000405463157222,-0.000414469512179,0.000154889843543,0.000511098711286,-0.000191323197214,-0.00532539421692,0.015220310539,-0.0060511790216,-0.000859970285092,0.00137699500192,-0.000373206188669,-0.000211504273466],[0.000102690872154,-0.00126260623801,-0.00016705969756,0.000655295792967,0.00053537794156,0.000300530868117,-0.000611741328612,-0.0060511790216,0.0185298398137,-0.00660003442317,-0.00132203742396,0.000285483663902,0.00107939285226],[-0.000298407656373,0.000685075996444,-0.000171272200532,-0.00107984244823,-0.00197719782591,0.00192859442905,-0.000435736088548,-0.000859970285092,-0.00660003442317,0.0154371773824,-0.0071989451535,0.00142623041756,-0.0000238508673647],[0.0000913193289307,-0.000452706182841,0.0000140748106787,-0.000236151157878,0.00033046345925,0.000281315034954,0.00163536902983,0.00137699500192,-0.00132203742396,-0.0071989451535,0.0213300716132,-0.0112077826634,0.00346773979254],[-0.000404789403547,-0.000116439601697,-0.000320899736835,-0.000360033620382,0.00238684541546,-0.00200228253379,-0.00013699347619,-0.000373206188669,0.000285483663902,0.00142623041756,-0.0112077826634,0.0293330363929,-0.0124374022707],[0.000115417329653,0.00000288922274194,0.000756032182835,0.00127974129282,-0.00163188809529,0.000743294891436,-0.00215851073153,-0.000211504273466,0.00107939285226,-0.0000238508673647,0.00346773979254,-0.0124374022707,0.0246344525367]],"mean":[-687.21887207,164.566757202,-2.55333375931,25.9847278595,1.77521312237,14.6203784943,-2.34695887566,1.66129851341,-1.89839375019,-0.24529927969,0.178757280111,3.33502721786,-0.285538524389]},"pitch_salience":{"dmean":0.0780009478331,"dmean2":0.129255592823,"dvar":0.00440271291882,"dvar2":0.011859622784,"max":0.932038664818,"mean":0.572965741158,"median":0.586176693439,"min":0.0984008908272,"var":0.0126455239952},"silence_rate_20dB":{"dmean":0,"dmean2":0,"dvar":0,"dvar2":0,"max":1,"mean":1,"median":1,"min":1,"var":0},"silence_rate_30dB":{"dmean":0.0343459397554,"dmean2":0.0686961337924,"dvar":0.0331647247076,"dvar2":0.0799737200141,"max":1,"mean":0.957163214684,"median":1,"min":0,"var":0.0409996807575},"silence_rate_60dB":{"dmean":0.00954742729664,"dmean2":0.0190960373729,"dvar":0.00945666898042,"dvar2":0.0218328386545,"max":1,"mean":0.0810861065984,"median":0,"min":0,"var":0.0745132938027},"spectral_centroid":{"dmean":162.514328003,"dmean2":250.219284058,"dvar":44724.4882812,"dvar2":84173.2421875,"max":11108.6083984,"mean":867.63482666,"median":803.054870605,"min":174.03163147,"var":250569.796875},"spectral_complexity":{"dmean":2.84798502922,"dmean2":4.57027721405,"dvar":9.24778938293,"dvar2":21.3163890839,"max":58,"mean":18.2561531067,"median":17,"min":0,"var":122.449295044},"spectral_contrast_coeffs":{"dmean":[0.0557468645275,0.0509610548615,0.0390617400408,0.0288817845285,0.0224383827299,0.0309156756848],"dmean2":[0.0928877294064,0.0850480794907,0.0653313696384,0.0486669428647,0.0375969931483,0.0497717820108],"dvar":[0.00194937700871,0.00160068657715,0.000979282194749,0.000560561951715,0.000465335469926,0.000752563704737],"dvar2":[0.00534631265327,0.0043772123754,0.00268863420933,0.0015317768557,0.00126709183678,0.0018862944562],"max":[-0.365445524454,-0.412219911814,-0.488992154598,-0.508751571178,-0.63998568058,-0.48569303751],"mean":[-0.667618751526,-0.754770815372,-0.801914930344,-0.820298373699,-0.831280887127,-0.759025752544],"median":[-0.67283141613,-0.760892271996,-0.804819524288,-0.816686570644,-0.822306990623,-0.758071601391],"min":[-0.977391242981,-0.980293214321,-0.974008381367,-0.992754757404,-0.981469154358,-0.960384130478],"var":[0.00645096879452,0.00454881880432,0.00343791232444,0.00324340397492,0.00249274168164,0.00499645201489]},"spectral_contrast_valleys":{"dmean":[0.380172520876,0.363651335239,0.347544968128,0.328697323799,0.347584217787,0.59232711792],"dmean2":[0.634500563145,0.602073669434,0.570258140564,0.537662446499,0.547093749046,0.928155779839],"dvar":[0.0998162552714,0.0991220846772,0.112433508039,0.147900626063,0.188391044736,0.256074637175],"dvar2":[0.261098355055,0.248575136065,0.27805608511,0.376117527485,0.482075810432,0.674797654152],"max":[-4.88433551788,-4.37830543518,-5.07989215851,-5.50861024857,-5.27544212341,-8.61846733093],"mean":[-6.92417478561,-6.51803207397,-7.17269229889,-7.59053134918,-7.9898018837,-11.0836801529],"median":[-6.67974710464,-6.32848072052,-6.91708230972,-7.29973506927,-7.67070436478,-10.9322938919],"min":[-26.5538539886,-27.8207359314,-27.4553718567,-27.1595554352,-27.1320858002,-27.2907409668],"var":[1.40522921085,1.12763190269,1.449639678,1.8262822628,1.65467047691,1.13202667236]},"spectral_decrease":{"dmean":2.98584090785e-9,"dmean2":4.96480545564e-9,"dvar":2.0717249639e-17,"dvar2":5.63930051736e-17,"max":1.40011051641e-8,"mean":-6.27355323246e-9,"median":-4.9808006608e-9,"min":-7.08745773181e-8,"var":3.37360583572e-17},"spectral_energy":{"dmean":0.0116586219519,"dmean2":0.0191193968058,"dvar":0.000312686723191,"dvar2":0.000839189800899,"max":0.27582231164,"mean":0.040689561516,"median":0.0326555669308,"min":1.14127829714e-20,"var":0.00109592312947},"spectral_energyband_high":{"dmean":0.000223956041737,"dmean2":0.000317974801874,"dvar":5.51927087145e-7,"dvar2":8.66171092184e-7,"max":0.0331096686423,"mean":0.000652065151371,"median":0.000299873645417,"min":8.68823824958e-21,"var":0.0000020425677576},"spectral_energyband_low":{"dmean":0.00740176765248,"dmean2":0.0124604646116,"dvar":0.000191818515304,"dvar2":0.00052626238903,"max":0.20804528892,"mean":0.0135926231742,"median":0.00951101351529,"min":1.40757461061e-22,"var":0.000248346739681},"spectral_energyband_middle_high":{"dmean":0.00175099715125,"dmean2":0.00282427039929,"dvar":0.0000097192114481,"dvar2":0.0000249550594162,"max":0.0786803215742,"mean":0.00528153218329,"median":0.00273420684971,"min":1.17104520736e-21,"var":0.0000445685327577},"spectral_energyband_middle_low":{"dmean":0.00572706852108,"dmean2":0.00934911519289,"dvar":0.0000747811500332,"dvar2":0.000195578017156,"max":0.148257121444,"mean":0.0136613966897,"median":0.00990760792047,"min":3.07594209264e-22,"var":0.000186687801033},"spectral_entropy":{"dmean":0.232869073749,"dmean2":0.363991111517,"dvar":0.0793953984976,"dvar2":0.203877151012,"max":9.79489326477,"mean":7.29897403717,"median":7.46819162369,"min":3.52372527122,"var":0.35156673193},"spectral_flux":{"dmean":0.0228059478104,"dmean2":0.0366466864944,"dvar":0.000756113266107,"dvar2":0.00160684995353,"max":0.429574251175,"mean":0.104135043919,"median":0.0995641872287,"min":1.06830627677e-10,"var":0.00320484186523},"spectral_kurtosis":{"dmean":6.52496242523,"dmean2":10.6926116943,"dvar":211.340332031,"dvar2":603.649169922,"max":412.319915771,"mean":18.9787845612,"median":16.8339042664,"min":-1.21093857288,"var":216.172714233},"spectral_rms":{"dmean":0.000845737173222,"dmean2":0.00135866913479,"dvar":9.73952637651e-7,"dvar2":0.00000250578773375,"max":0.0164041146636,"mean":0.00570738688111,"median":0.00564438570291,"min":3.33682820958e-12,"var":0.00000712274595571},"spectral_rolloff":{"dmean":3332.5378418,"dmean2":6441.39746094,"dvar":47767156,"dvar2":123295912,"max":22006.9335938,"mean":10564.2421875,"median":2928.515625,"min":43.06640625,"var":103483744},"spectral_skewness":{"dmean":0.475279211998,"dmean2":0.752681612968,"dvar":0.591962873936,"dvar2":1.63496899605,"max":17.5376434326,"mean":3.02335834503,"median":2.89604353905,"min":-0.00535009568557,"var":1.05324161053},"spectral_spread":{"dmean":599807.6875,"dmean2":918665.6875,"dvar":425395093504,"dvar2":908058427392,"max":41527096,"mean":3964457,"median":3868031.25,"min":470347.34375,"var":1223995555840},"spectral_strongpeak":{"dmean":4.13035392761,"dmean2":7.72895336151,"dvar":247.86907959,"dvar2":673.617797852,"max":184.193389893,"mean":3.31642532349,"median":0.219688758254,"min":0,"var":214.364334106},"zerocrossingrate":{"dmean":0.0358161702752,"dmean2":0.0468096099794,"dvar":0.0010401912732,"dvar2":0.00178350543138,"max":0.74560546875,"mean":0.240898638964,"median":0.236328125,"min":0.0087890625,"var":0.0134415542707}},"metadata":{"audio_properties":{"analysis_sample_rate":44100,"bit_rate":160000,"codec":"vorbis","downmix":"mix","equal_loudness":0,"length":374.519012451,"lossless":false,"md5_encoded":"0dcf240fd692052d8ea69591ceb7e53a","replay_gain":-6.26383018494},"tags":{"album":["Chinese Democracy"],"albumartist":["Guns N' Roses"],"albumartistsort":["Guns N' Roses"],"artist":["Guns N' Roses"],"artistsort":["Guns N' Roses"],"asin":["B000NQDFP8"],"barcode":["602517906075"],"catalognumber":["B0012356-02"],"date":["2008-11-23"],"discid":["c510be0e"],"file_name":"10 - Guns N' Roses - Sorry.ogg","format":["CD"],"genre":["Hard Rock"],"label":["Geffen Records"],"language":["eng"],"musicbrainz_albumartistid":["eeb1195b-f213-4ce1-b28c-8565211f8e43"],"musicbrainz_albumid":["e1d4ab97-2177-4eab-8979-80c2504ca4c9"],"musicbrainz_artistid":["eeb1195b-f213-4ce1-b28c-8565211f8e43"],"musicbrainz_discid":["Z4FJedB1oBBM3UvyjD9RZeyqD1c-"],"musicbrainz_recordingid":["79b45788-bbb3-468f-bf7e-133768cd9677"],"releasecountry":["US"],"releasestatus":["official"],"releasetype":["album"],"script":["Latn"],"title":["Sorry"],"totaltracks":["14"],"tracknumber":["10"],"tracktotal":["14"]},"version":{"essentia":"2.1-beta1","essentia_build_sha":"ab033649a6180e58ab3ffa3648ee50b8e9460706","essentia_git_sha":"v2.1_beta1-8-g0ed32f5-dirty","extractor":"music 1.0"}},"rhythm":{"beats_count":911,"beats_loudness":{"dmean":0.0200118478388,"dmean2":0.0342142805457,"dvar":0.000350310205249,"dvar2":0.000938328623306,"max":0.189140155911,"mean":0.0452647730708,"median":0.0401999987662,"min":6.36436126022e-10,"var":0.00102550070733},"beats_loudness_band_ratio":{"dmean":[0.196199968457,0.118165560067,0.0852375552058,0.0574991963804,0.0225231144577,0.084633179009],"dmean2":[0.338809341192,0.204680100083,0.149395510554,0.10208337009,0.0399575233459,0.146288305521],"dvar":[0.0272749848664,0.0128365429118,0.01028016489,0.00537478597835,0.00