{"lowlevel":{"average_loudness":0.889837563038,"barkbands":{"dmean":[0.0000218669483729,0.00112972094212,0.00129058328457,0.00127037079073,0.00179942487739,0.00143084651791,0.000985221471637,0.000778337707743,0.000975338101853,0.000491140701342,0.000323029671563,0.000364584208,0.000192765757674,0.000179340378963,0.000123178077047,0.0000899157676031,0.0000562932036701,0.000098974640423,0.0000385021376132,0.0000281861066469,0.0000333532188961,0.0000285176793113,0.0000583199362154,0.0000630469367024,0.0000210686248465,0.00000193530877368,1.57655435373e-7],"dmean2":[0.0000301878280879,0.00186942040455,0.00219844630919,0.00204048515297,0.00280288583599,0.00219384208322,0.0014480734244,0.00113489024807,0.00132074032445,0.00069915439235,0.000458651920781,0.000533689919394,0.000290711672278,0.000274440302746,0.000187006444321,0.000135891852551,0.0000854942045407,0.000144513935084,0.0000551194461877,0.000042015901272,0.0000492460931127,0.0000424108111474,0.0000867141570779,0.0000951691472437,0.0000340006736224,0.00000280868994196,2.39576053218e-7],"dvar":[3.11062220426e-9,0.00000909153459361,0.0000191901308426,0.0000108970280053,0.000013902675164,0.00000854579684528,0.00000564676702197,0.00000452948006568,0.0000092470609161,0.0000018655216536,0.00000221169739234,0.00000203427225642,6.76832939916e-7,4.53972376135e-7,1.5476554438e-7,1.1051913873e-7,2.95591497945e-8,1.1092375729e-7,1.91152516038e-8,1.72835505907e-8,5.1029719117e-8,5.54159278465e-8,3.2333483091e-7,4.21453961508e-7,8.89217091071e-8,1.55466098328e-10,1.10939675415e-12],"dvar2":[7.15253856143e-9,0.000024088903956,0.0000531050100108,0.0000276176906482,0.0000349179535988,0.000019045524823,0.0000117881081678,0.00000939479741646,0.000014949886463,0.00000370551765627,0.00000386173041989,0.0000041540656639,0.00000125387498429,9.00770999124e-7,2.91811744546e-7,2.46661585379e-7,6.66500525881e-8,1.99668534151e-7,3.76890838538e-8,4.43630625568e-8,1.21807715914e-7,1.32725602953e-7,7.64159267419e-7,0.00000108083361283,2.50181500405e-7,3.71630809459e-10,2.66457212197e-12],"max":[0.000872264034115,0.0591130964458,0.0616690963507,0.057571541518,0.0621439106762,0.0572918914258,0.0471064634621,0.0482030138373,0.0831666514277,0.0298750698566,0.0533361285925,0.0540984347463,0.0317481309175,0.0258461739868,0.0173759739846,0.00994529295713,0.00493803527206,0.0161766242236,0.00668417150155,0.00490228645504,0.0114120384678,0.0087938150391,0.0203933790326,0.0277548804879,0.0161603633314,0.000424481520895,0.0000456433008367],"mean":[0.0000348189132637,0.00239889370278,0.001734708203,0.00199678447098,0.00365662015975,0.00316501152702,0.00193372264039,0.00148739560973,0.00215337402187,0.000906469125766,0.000509765755851,0.000648943823762,0.000293055112706,0.000273869896773,0.000187340454431,0.000130620755954,0.0000976206792984,0.000161817471962,0.0000615130338701,0.0000368152541341,0.0000391220710299,0.0000328827372869,0.0000733494016458,0.0000722434342606,0.0000206990680454,0.00000245269302468,2.75265449545e-7],"median":[0.00000785618613008,0.0000681839737808,0.000219223264139,0.000368318287656,0.00162250676658,0.0011589336209,0.000524795497768,0.000266995222773,0.000245289236773,0.000201571441721,0.0000724329293007,0.000088388871518,0.0000433902168879,0.0000467716381536,0.0000440553194494,0.0000247106818279,0.0000223212082346,0.0000316165969707,0.0000147957453009,0.00000533723687113,0.00000301357158605,0.00000209464292311,0.00000411899645769,0.00000296682719636,0.00000107120195025,3.02474688851e-7,1.29674177174e-7],"min":[8.62137405846e-25,9.39761476692e-24,1.36062906426e-24,1.24036317635e-24,8.66290442968e-24,2.65174843872e-24,6.29744347422e-24,1.37557020814e-23,2.21466230481e-23,1.17320024913e-23,1.25159274939e-23,3.74931262538e-23,3.00877386822e-23,2.57392454941e-23,4.88653860842e-23,7.48950601869e-23,7.66949315391e-23,8.87557564993e-23,1.41105355031e-22,1.81120709412e-22,2.43310350616e-22,2.66905546323e-22,3.57780530312e-22,5.39961834812e-22,9.07473475572e-22,1.14061431103e-21,1.75168156872e-21],"var":[5.89331827783e-9,0.0000239039400185,0.0000198410707526,0.0000179199760169,0.0000284781181108,0.000031654999475,0.0000154457939061,0.0000128167312141,0.0000424421668868,0.00000559498812436,0.0000058746322793,0.00000621223716735,0.00000146817922086,0.00000100752356502,3.13408520469e-7,1.745260505e-7,7.20273121146e-8,2.61671658564e-7,3.31601732739e-8,1.89065207934e-8,5.29088843848e-8,5.12098488059e-8,3.75114751705e-7,3.76392677026e-7,5.5151168965e-8,1.71686415085e-10,1.08968953652e-12]},"barkbands_crest":{"dmean":2.22550797462,"dmean2":3.47771978378,"dvar":4.85928726196,"dvar2":11.2986698151,"max":26.5407180786,"mean":11.5677881241,"median":10.6910352707,"min":2.81979703903,"var":19.0931682587},"barkbands_flatness_db":{"dmean":0.0208105500787,"dmean2":0.0291190221906,"dvar":0.000476152548799,"dvar2":0.000906716857571,"max":0.395182043314,"mean":0.194130420685,"median":0.195258647203,"min":0.037017326802,"var":0.00297221913934},"barkbands_kurtosis":{"dmean":4.02246522903,"dmean2":6.11687040329,"dvar":99.8586730957,"dvar2":224.836959839,"max":573.549865723,"mean":9.17318439484,"median":5.10513544083,"min":-1.92724788189,"var":238.110229492},"barkbands_skewness":{"dmean":0.53552877903,"dmean2":0.792254388332,"dvar":0.427057862282,"dvar2":0.88859140873,"max":23.2831020355,"mean":1.92655992508,"median":1.81374168396,"min":-4.40770673752,"var":1.89330458641},"barkbands_spread":{"dmean":3.19338297844,"dmean2":4.73967838287,"dvar":39.7907028198,"dvar2":78.9146347046,"max":106.927337646,"mean":10.4690647125,"median":7.60116672516,"min":0.453365296125,"var":113.695091248},"dissonance":{"dmean":0.0294327102602,"dmean2":0.0481693744659,"dvar":0.000783675233833,"dvar2":0.0019792332314,"max":0.499691545963,"mean":0.421609997749,"median":0.431617051363,"min":0.119126081467,"var":0.00275447778404},"dynamic_complexity":5.2714715004,"erbbands":{"dmean":[0.0222954340279,0.304740697145,1.29163324833,2.83498501778,5.53092098236,6.18919849396,9.18297195435,11.8766689301,13.6223535538,15.2194595337,18.7434959412,23.3135757446,18.0648536682,10.6129322052,12.3291740417,15.3875999451,8.9218454361,8.25676345825,6.70677471161,6.51949548721,3.70946645737,2.91494989395,5.03308773041,2.92251348495,1.69202899933,1.27328324318,1.35764527321,1.23770546913,1.06378114223,1.2446731329,1.76235234737,1.50180709362,0.953771710396,0.408963024616,0.0567886792123,0.013121496886,0.00271400436759,0.000334695272613,0.0000315850229526,0.00000883305165189],"dmean2":[0.0367652848363,0.503947973251,2.20962452888,4.51229190826,8.8458108902,9.57985973358,13.867430687,17.9526424408,20.3378772736,21.6725254059,26.1886138916,31.0417709351,24.9704170227,15.2031383514,17.653465271,22.7360286713,12.8061790466,12.1999912262,10.109787941,9.62272644043,5.50332975388,4.18088436127,7.2493891716,4.21299171448,2.43397641182,1.8799469471,2.01034212112,1.80866491795,1.58739054203,1.86046969891,2.65088224411,2.20580410957,1.48953080177,0.661526143551,0.0871944651008,0.0195990093052,0.00391390686855,0.000488702673465,0.000047130335588,0.0000125847145682],"dvar":[0.00360841862857,0.714228332043,19.5658664703,46.2400512695,229.264144897,150.15737915,420.999420166,699.24609375,1067.02954102,1974.95349121,2522.69458008,6224.16650391,2237.13037109,1535.54602051,3044.35864258,3943.09985352,1318.61877441,863.087158203,413.576446533,562.809692383,180.723358154,78.0525131226,336.145355225,127.353141785,41.2445526123,35.41223526,57.388835907,99.8511352539,89.703666687,142.17829895,286.768707275,165.194290161,142.561904907,36.7849884033,0.306663125753,0.00810611713678,0.000371705828002,0.00000592766582486,4.08744789127e-8,4.15755041505e-10],"dvar2":[0.00997466873378,1.91280424595,54.6707496643,116.358818054,578.202697754,367.777160645,883.066650391,1533.77160645,2417.84936523,3928.32519531,5183.47460938,9862.30957031,4093.61132812,3008.74511719,5745.06640625,7707.2578125,2379.58227539,1631.16503906,864.412963867,1053.56323242,374.388671875,164.128997803,557.950134277,260.2421875,86.7710113525,88.0057754517,138.507843018,240.81312561,225.096420288,329.927368164,694.189758301,392.274108887,383.981872559,103.622383118,0.835654020309,0.0203352365643,0.000890623137821,0.0000143505485539,9.93295543594e-8,1.00158170646e-9],"max":[0.949636042118,16.7982025146,63.1623954773,108.331512451,261.248016357,186.518783569,638.293212891,645.295959473,688.344482422,1125.2623291,1443.48156738,2504.05371094,1355.3425293,1508.02624512,2019.39318848,2471.87158203,1639.17712402,1144.79956055,524.11138916,1193.23022461,673.899902344,340.902679443,1086.6619873,554.891052246,256.282897949,219.358078003,357.17855835,510.309265137,373.508483887,496.737213135,617.435302734,441.584472656,561.161499023,327.196411133,27.1324291229,3.40651321411,0.783213853836,0.105208575726,0.00853312667459,0.000797481741756],"mean":[0.0406195297837,0.640158057213,1.8904415369,4.92805767059,8.78429794312,13.0628147125,20.3656768799,24.5643634796,26.5722465515,30.0742664337,38.3954925537,53.4985961914,38.4253578186,19.1532077789,21.5622882843,28.0991630554,15.2112884521,14.5072164536,10.4859676361,10.2104415894,6.22708749771,5.67677879333,8.69186592102,4.95123052597,2.7636013031,1.71210277081,1.61253893375,1.43512618542,1.17433226109,1.49940240383,2.171220541,1.83664798737,1.00466024876,0.396060347557,0.0622872672975,0.0161563940346,0.00349994841963,0.000454019493191,0.0000597045727773,0.0000283582485281],"median":[0.000783571274951,0.0231446549296,0.21582916379,0.990801215172,2.45342159271,5.22513771057,7.86185598373,8.92714881897,9.23804283142,7.97665023804,8.83189964294,6.96889877319,7.84880065918,4.86138057709,3.77388739586,4.33833217621,2.90163493156,2.77231144905,2.7202706337,2.24454069138,1.46453166008,1.3486969471,1.78632450104,1.16556978226,0.627081513405,0.274503648281,0.155291497707,0.0998522490263,0.0735028237104,0.0899279117584,0.120403319597,0.080630838871,0.0383692830801,0.0177578888834,0.0046989377588,0.00173587433528,0.000459693663288,0.000104133156128,0.0000294551591651,0.0000195453503693],"min":[1.90095901786e-22,1.54466598891e-21,1.96881446003e-21,7.50986292144e-21,2.39316292065e-20,3.38947369569e-20,4.02188170832e-20,4.60784643761e-20,9.22347677404e-20,1.84421817499e-19,3.75061163922e-19,5.34792273447e-19,5.85360667725e-19,7.36173736271e-19,1.16644026219e-18,1.67733440886e-18,1.85087266207e-18,1.97309500823e-18,2.20809040281e-18,3.43359921895e-18,4.94942526904e-18,4.44833703834e-18,5.40776770082e-18,5.37728195934e-18,7.22477910413e-18,8.40394491966e-18,8.46301719593e-18,9.46313645915e-18,1.0563204783e-17,9.83265871829e-18,1.07955887683e-17,1.18360132341e-17,9.57160878877e-18,8.8419502889e-18,7.42494192312e-18,4.35072848529e-18,2.02740375814e-18,9.81168968976e-19,2.51665229424e-19,2.63822567843e-20],"var":[0.00728756515309,1.70120882988,19.3305091858,90.7675552368,299.564056396,428.758666992,1492.21655273,2287.71606445,2649.62817383,5525.56591797,7581.64404297,28621.2578125,9983.38085938,3708.90234375,8378.48730469,11964.9716797,3013.64575195,2649.67675781,729.326477051,1110.2824707,323.663574219,254.186126709,893.444946289,216.206604004,73.4906845093,40.3844451904,60.1459503174,99.2612609863,74.7596664429,148.198791504,319.106109619,201.997009277,104.170021057,22.8011817932,0.215818047523,0.00785778556019,0.000402469595429,0.00000570140718992,3.92461956267e-8,9.09895603307e-10]},"erbbands_crest":{"dmean":2.57246518135,"dmean2":3.96921730042,"dvar":6.49421358109,"dvar2":14.665804863,"max":31.9482250214,"mean":11.5570230484,"median":10.4962310791,"min":2.22334861755,"var":27.1351203918},"erbbands_flatness_db":{"dmean":0.0184223204851,"dmean2":0.0251805186272,"dvar":0.000392927846406,"dvar2":0.000697131617926,"max":0.405306309462,"mean":0.211345672607,"median":0.210419028997,"min":0.0280228648335,"var":0.00284111523069},"erbbands_kurtosis":{"dmean":1.58402276039,"dmean2":2.42787742615,"dvar":7.48161077499,"dvar2":17.5027656555,"max":94.515625,"mean":2.80370187759,"median":1.11936068535,"min":-1.79610991478,"var":32.3850479126},"erbbands_skewness":{"dmean":0.40206810832,"dmean2":0.595401406288,"dvar":0.190804049373,"dvar2":0.394057065248,"max":7.79028224945,"mean":0.947182357311,"median":0.866576492786,"min":-5.77288198471,"var":1.09198868275},"erbbands_spread":{"dmean":5.91466617584,"dmean2":8.71074199677,"dvar":72.9996795654,"dvar2":153.378036499,"max":144.467605591,"mean":24.8625526428,"median":21.1128406525,"min":1.43535864353,"var":268.363708496},"gfcc":{"cov":[[17568.1894531,1308.15332031,-2636.79711914,889.893737793,-433.925689697,629.602966309,-407.283111572,271.683074951,44.6291923523,-228.336914062,182.863540649,-306.14755249,-234.050384521],[1308.15332031,1444.49023438,48.7997322083,-229.739486694,404.250335693,56.586315155,171.057052612,-7.08857917786,90.8046875,-34.4042549133,62.6103515625,-58.5101661682,-38.8026771545],[-2636.79711914,48.7997322083,1140.54553223,132.249893188,158.335769653,110.269195557,188.225265503,-9.24745464325,19.056968689,89.2745513916,-78.6826248169,79.8525619507,87.6704330444],[889.893737793,-229.739486694,132.249893188,748.141296387,147.795028687,130.436660767,14.6302776337,93.438117981,83.4110946655,23.9102649689,-7.06545495987,5.8339099884,71.0738754272],[-433.925689697,404.250335693,158.335769653,147.795028687,501.821746826,103.725456238,115.349937439,54.2551879883,94.4867019653,67.089050293,25.9173107147,8.67866516113,37.7633552551],[629.602966309,56.586315155,110.269195557,130.436660767,103.725456238,309.495025635,143.717147827,47.2627792358,23.5890083313,59.3172721863,12.9516544342,-9.67077732086,2.12405323982],[-407.283111572,171.057052612,188.225265503,14.6302776337,115.349937439,143.717147827,297.726989746,45.0848655701,1.68097007275,70.5975723267,11.5772571564,-3.20416355133,0.296828061342],[271.683074951,-7.08857917786,-9.24745464325,93.438117981,54.2551879883,47.2627792358,45.0848655701,121.654159546,51.6964035034,-3.50880217552,16.5940475464,-4.72882509232,3.52651500702],[44.6291923523,90.8046875,19.056968689,83.4110946655,94.4867019653,23.5890083313,1.68097007275,51.6964035034,149.333694458,34.8143539429,18.7884082794,2.85601139069,20.6828346252],[-228.336914062,-34.4042549133,89.2745513916,23.9102649689,67.089050293,59.3172721863,70.5975723267,-3.50880217552,34.8143539429,176.883895874,10.9618091583,13.4302577972,33.4155845642],[182.863540649,62.6103515625,-78.6826248169,-7.06545495987,25.9173107147,12.9516544342,11.5772571564,16.5940475464,18.7884082794,10.9618091583,118.023200989,25.5999469757,-19.3504009247],[-306.14755249,-58.5101661682,79.8525619507,5.8339099884,8.67866516113,-9.67077732086,-3.20416355133,-4.72882509232,2.85601139069,13.4302577972,25.5999469757,95.7946166992,44.685344696],[-234.050384521,-38.8026771545,87.6704330444,71.0738754272,37.7633552551,2.12405323982,0.296828061342,3.52651500702,20.6828346252,33.4155845642,-19.3504009247,44.685344696,113.773712158]],"icov":[[0.000674176495522,-0.00183649268001,0.00160677765962,-0.00166751095094,0.00210335943848,-0.00208806386217,0.00175148865674,-0.00178952945862,0.00133823079523,-0.0012767680455,0.00100054673385,-0.00108297367115,0.000683072954416],[-0.00183649268001,0.00636073108763,-0.00440795859322,0.00516510894522,-0.00687166210264,0.0056780250743,-0.00547990808263,0.00583044625819,-0.00455948896706,0.0046095685102,-0.00350422854535,0.00411271583289,-0.00216647330672],[0.00160677765962,-0.00440795859322,0.00508214300498,-0.00415608659387,0.00484922435135,-0.00505552534014,0.00341508165002,-0.00379909086041,0.00302122626454,-0.00319521618076,0.00361071084626,-0.00392698030919,0.00162155751605],[-0.00166751095094,0.00516510894522,-0.00415608659387,0.00618375930935,-0.00597454654053,0.00445662904531,-0.00406411057338,0.00380471837707,-0.00396525487304,0.00380077119917,-0.00284454971552,0.00362705276348,-0.00284045538865],[0.00210335943848,-0.00687166210264,0.00484922435135,-0.00597454654053,0.0101903341711,-0.00672298809513,0.00533440150321,-0.00638909358531,0.0036361895036,-0.00508871860802,0.00320575200021,-0.00401197001338,0.00186075561214],[-0.00208806386217,0.0056780250743,-0.00505552534014,0.00445662904531,-0.00672298809513,0.0111931934953,-0.0072425189428,0.00495911482722,-0.00397914368659,0.00315513904206,-0.00337659707293,0.00382223026827,-0.00163849256933],[0.00175148865674,-0.00547990808263,0.00341508165002,-0.00406411057338,0.00533440150321,-0.0072425189428,0.0106161078438,-0.00735733611509,0.00553819723427,-0.00541861262172,0.00241336016916,-0.00267162779346,0.00225085089915],[-0.00178952945862,0.00583044625819,-0.00379909086041,0.00380471837707,-0.00638909358531,0.00495911482722,-0.00735733611509,0.0173492673784,-0.0080269947648,0.00621781731024,-0.00400522258133,0.00394536647946,-0.00223042210564],[0.00133823079523,-0.00455948896706,0.00302122626454,-0.00396525487304,0.0036361895036,-0.00397914368659,0.00553819723427,-0.0080269947648,0.0129300327972,-0.00515403738245,0.00131187820807,-0.00203684601001,0.000634992495179],[-0.0012767680455,0.0046095685102,-0.00319521618076,0.00380077119917,-0.00508871860802,0.00315513904206,-0.00541861262172,0.00621781731024,-0.00515403738245,0.0108237834647,-0.00344812730327,0.00333397765644,-0.00365297892131],[0.00100054673385,-0.00350422854535,0.00361071084626,-0.00284454971552,0.00320575200021,-0.00337659707293,0.00241336016916,-0.00400522258133,0.00131187820807,-0.00344812730327,0.0137892616913,-0.00825814157724,0.00533760571852],[-0.00108297367115,0.00411271583289,-0.00392698030919,0.00362705276348,-0.00401197001338,0.00382223026827,-0.00267162779346,0.00394536647946,-0.00203684601001,0.00333397765644,-0.00825814157724,0.0191394016147,-0.00845060218126],[0.000683072954416,-0.00216647330672,0.00162155751605,-0.00284045538865,0.00186075561214,-0.00163849256933,0.00225085089915,-0.00223042210564,0.000634992495179,-0.00365297892131,0.00533760571852,-0.00845060218126,0.0146411089227]],"mean":[-93.6390380859,123.835647583,-107.146492004,3.75494718552,-68.3207397461,-2.57548856735,-46.6406402588,-0.942109584808,-22.1363868713,-11.9114179611,-10.2119789124,-6.9429101944,-10.4714841843]},"hfc":{"dmean":4.24944162369,"dmean2":5.64196014404,"dvar":217.501907349,"dvar2":527.243286133,"max":633.422668457,"mean":12.0829601288,"median":6.49116706848,"min":1.08708009927e-16,"var":344.2109375},"melbands":{"dmean":[0.000254164042417,0.000578769599088,0.000566058617551,0.000408645195421,0.000298677419778,0.000268728384981,0.000204719675821,0.000164045370184,0.000165585719515,0.000142733246321,0.0000890324954526,0.0000440750009147,0.0000446853664471,0.000041618666728,0.0000313979508064,0.0000183210941032,0.0000163451986737,0.0000121576476886,0.00000915189593798,0.00000791817274148,0.00000433983041148,0.00000322165260513,0.00000444783381681,0.00000474440821563,0.00000232796719501,0.00000132206298531,0.00000112964846721,8.31942145396e-7,8.52410266816e-7,8.38711287088e-7,6.90339447829e-7,6.29491523796e-7,5.4786517012e-7,7.94201980625e-7,0.00000103453658085,0.000001077757247,8.78224057033e-7,7.17210468792e-7,5.30106092356e-7,2.82793678252e-7],"dmean2":[0.000419798801886,0.000979852746241,0.000898840778973,0.000639924954157,0.000453389075119,0.000408418622101,0.00030566638452,0.000234336315771,0.000227004362387,0.000189149766811,0.000123244666611,0.0000634193056612,0.0000640965590719,0.000061452803493,0.0000447984639322,0.0000265337748715,0.0000244240400207,0.0000184723448911,0.0000137602601171,0.0000116093342513,0.00000651731852486,0.00000477317234981,0.00000643369639874,0.00000706924083715,0.00000345985586137,0.00000192511447494,0.00000170908128894,0.00000125178939925,0.00000128349358874,0.00000125845292587,0.00000102165597582,9.50568278313e-7,8.14122472548e-7,0.00000121895823213,0.00000157898386988,0.0000015885736957,0.00000130347029881,0.00000113212570341,8.56408348682e-7,4.61427987375e-7],"dvar":[4.34232845237e-7,0.00000349487095264,0.00000198591874323,8.72204225288e-7,3.61147414196e-7,3.23657928902e-7,2.30597862583e-7,2.12621131368e-7,2.00678755391e-7,2.19792127609e-7,5.54843140321e-8,2.70759930032e-8,4.4657976872e-8,2.44340814248e-8,1.7145829645e-8,6.89980206303e-9,3.56139961966e-9,1.84692028338e-9,9.90510451437e-10,8.85117812377e-10,3.01554947679e-10,1.27820684592e-10,2.95209690027e-10,2.30877067464e-10,9.3301408266e-11,2.419876452e-11,2.34817582045e-11,1.68471278594e-11,2.04226757033e-11,3.35605224167e-11,3.50652840098e-11,3.24172008681e-11,2.2804098887e-11,6.6246577668e-11,1.17436380065e-10,7.62345117589e-11,6.30008267777e-11,7.9787794427e-11,5.33818093895e-11,1.73639904538e-11],"dvar2":[0.00000114391991701,0.00000976777209871,0.00000498897497891,0.00000219273647417,7.77947320785e-7,7.22412096366e-7,5.117522619e-7,4.24113380859e-7,3.96411167003e-7,3.42091738048e-7,1.0155924457e-7,5.3118405674e-8,8.05784097224e-8,4.76042885111e-8,3.27245182064e-8,1.26754944318e-8,6.52340448326e-9,3.76806941205e-9,1.92706606228e-9,1.84436377282e-9,5.80952619345e-10,2.81332790397e-10,5.39076783213e-10,4.38077712994e-10,1.98635663473e-10,4.75371651765e-11,5.83860876313e-11,4.29553267955e-11,5.0690032033e-11,8.14225492585e-11,8.40782166112e-11,8.33383292931e-11,5.78397468809e-11,1.53850945872e-10,2.89896578964e-10,1.75713332773e-10,1.52760193384e-10,2.16648698981e-10,1.44783782186e-10,4.94855059707e-11],"max":[0.0112117808312,0.0258534140885,0.0247418247163,0.0144894886762,0.0177005380392,0.0129593759775,0.0100806634873,0.0108752772212,0.0121334772557,0.0138333141804,0.00662758853287,0.00573586672544,0.0075224339962,0.00625733844936,0.0053341332823,0.00392111111432,0.0026692727115,0.0013588971924,0.00119476264808,0.000963959202636,0.00097717193421,0.00044344397611,0.000927840475924,0.000633831834421,0.000439060793724,0.000220595611609,0.000150707608555,0.000169051840203,0.000214324361878,0.000272810924798,0.000308751681587,0.000205073287361,0.000214430852793,0.00030869076727,0.000426873273682,0.000308235612465,0.000286281690933,0.00042288005352,0.000368198932847,0.000225851283176],"mean":[0.000537548505235,0.000980979180895,0.000954052491579,0.000788818171714,0.000688983418513,0.000574176781811,0.0004067083064,0.000317731348332,0.000332630705088,0.000320064165862,0.000181746028829,0.0000731763720978,0.0000738655726309,0.0000726060097804,0.0000527799129486,0.0000282323471765,0.0000268390303972,0.0000171967240021,0.0000138860959851,0.0000113818650789,0.00000674750208418,0.00000573749866817,0.00000709015284883,0.00000762529180065,0.0000036367107441,0.00000208800065593,0.00000161788261721,0.00000101306079614,9.83699919743e-7,9.50747846673e-7,7.90879994383e-7,6.58269414089e-7,6.18330659563e-7,9.34561683152e-7,0.0000012190837424,0.00000133436390115,0.00000104267280676,7.47394324208e-7,5.1335354101e-7,2.67838771606e-7],"median":[0.0000131151919049,0.000087427732069,0.000220257483306,0.000290527124889,0.000297366175801,0.000209512814763,0.000132607732667,0.0000748338497942,0.0000675474730087,0.000037399950088,0.0000325645523844,0.0000163431232068,0.0000109294678623,0.0000101520563476,0.00000865832953423,0.00000439676250608,0.0000044471748879,0.00000377433980248,0.00000306701099362,0.00000199246051125,0.00000140225051837,0.00000119982792057,0.00000130488956529,0.00000140274050864,7.43600367059e-7,4.74433988984e-7,2.64153243279e-7,1.36235001946e-7,8.96560692354e-8,6.9525690094e-8,4.94156964237e-8,3.76464086571e-8,3.88803229612e-8,4.9641929678e-8,6.79138523196e-8,5.95790794478e-8,3.85149263593e-8,2.37671518022e-8,1.92254123732e-8,1.17750520445e-8],"min":[2.3339992104e-24,1.71252532015e-24,1.67454482301e-24,1.72337117153e-24,1.69715120997e-24,1.19753798856e-24,1.50875446251e-24,2.0702287756e-24,2.83747114493e-24,3.29382303708e-24,2.68482813749e-24,2.87290086034e-24,2.5766664327e-24,4.70771756738e-24,3.82142129632e-24,4.13320594733e-24,2.74845410823e-24,2.96902237834e-24,3.74981284208e-24,4.31478161176e-24,3.40793235867e-24,4.33348984256e-24,3.25240882563e-24,3.81166111477e-24,3.39401448572e-24,5.8393744291e-24,4.03536786799e-24,4.79429820718e-24,4.04421730963e-24,5.32968272076e-24,5.09573221425e-24,5.45101978318e-24,6.45633820433e-24,4.79663362989e-24,5.30563745151e-24,5.69138293998e-24,6.92964764772e-24,6.90173617117e-24,5.80163768997e-24,7.36423269813e-24],"var":[0.0000011911333786,0.00000407090328736,0.00000319336322718,0.00000163518745921,0.0000013025280623,0.00000112920486117,6.07414335718e-7,5.90834247305e-7,6.12111819009e-7,0.00000103817149011,2.4775329166e-7,6.21515425792e-8,1.26235946141e-7,7.81265114824e-8,4.18187511286e-8,1.50945353994e-8,1.05575805875e-8,2.87882429006e-9,1.9983859012e-9,1.4937416859e-9,5.38432798347e-10,3.60161594992e-10,6.03370686747e-10,5.44744749309e-10,1.41534256537e-10,4.29032989691e-11,3.29073573946e-11,1.70038219616e-11,2.02424483425e-11,3.42292028055e-11,3.45966727489e-11,2.57779353419e-11,1.91491700968e-11,6.90102905376e-11,1.1628462776e-10,1.12798312357e-10,6.86392886973e-11,5.75867062369e-11,3.6666308878e-11,1.04166345688e-11]},"melbands_crest":{"dmean":2.71198105812,"dmean2":4.26487445831,"dvar":7.34373426437,"dvar2":18.0279598236,"max":39.3753547668,"mean":14.1388063431,"median":13.3056526184,"min":1.57132279873,"var":25.5318946838},"melbands_flatness_db":{"dmean":0.025381943211,"dmean2":0.0346727780998,"dvar":0.000778571062256,"dvar2":0.00143244722858,"max":0.504286885262,"mean":0.273285329342,"median":0.274799019098,"min":0.00348856765777,"var":0.00542297866195},"melbands_kurtosis":{"dmean":6.07394981384,"dmean2":9.39106845856,"dvar":160.909317017,"dvar2":364.752197266,"max":674.926757812,"mean":13.5985021591,"median":8.4999370575,"min":-1.90638482571,"var":341.940155029},"melbands_skewness":{"dmean":0.614189863205,"dmean2":0.916083037853,"dvar":0.527938246727,"dvar2":1.15333342552,"max":23.9320964813,"mean":2.34826302528,"median":2.19751405716,"min":-2.32820391655,"var":2.16195368767},"melbands_spread":{"dmean":4.36002779007,"dmean2":6.51176643372,"dvar":131.90284729,"dvar2":255.149917603,"max":223.638549805,"mean":13.4178009033,"median":8.99832439423,"min":0.572794675827,"var":401.754364014},"mfcc":{"cov":[[12377.7783203,-240.763381958,-1345.89453125,27.3405704498,293.367797852,148.993453979,76.6198806763,356.134460449,-123.876998901,220.410003662,216.049209595,235.109069824,-70.8200302124],[-240.763381958,1849.79125977,-88.4993896484,-156.870880127,99.5276489258,83.0370864868,121.868110657,54.5214767456,13.9152803421,26.0188884735,91.199180603,21.330165863,36.6529922485],[-1345.89453125,-88.4993896484,799.418457031,133.852981567,-7.55034208298,142.790084839,63.7720222473,23.8004379272,117.043487549,4.30163860321,-39.3373985291,-24.8200550079,21.3225154877],[27.3405704498,-156.870880127,133.852981567,470.89654541,193.950271606,92.1847305298,31.6270332336,37.5635986328,123.652175903,25.9127407074,-0.214353889227,21.5701255798,44.9375305176],[293.367797852,99.5276489258,-7.55034208298,193.950271606,372.239593506,81.6523132324,-0.421813547611,56.1175880432,79.6154327393,28.2517719269,-1.96464169025,44.7932510376,56.9164581299],[148.993453979,83.0370864868,142.790084839,92.1847305298,81.6523132324,301.081634521,155.038314819,12.3127889633,138.840911865,32.6117019653,65.5187072754,45.4974212646,34.9000434875],[76.6198806763,121.868110657,63.7720222473,31.6270332336,-0.421813547611,155.038314819,253.352096558,56.1124000549,71.3466033936,30.7426948547,73.8640670776,33.124710083,7.68754005432],[356.134460449,54.5214767456,23.8004379272,37.5635986328,56.1175880432,12.3127889633,56.1124000549,180.75289917,6.55630540848,29.6174964905,16.9218387604,17.7664432526,-6.88611555099],[-123.876998901,13.9152803421,117.043487549,123.652175903,79.6154327393,138.840911865,71.3466033936,6.55630540848,222.808807373,38.7340621948,17.9549999237,23.1187839508,33.7005500793],[220.410003662,26.0188884735,4.30163860321,25.9127407074,28.2517719269,32.6117019653,30.7426948547,29.6174964905,38.7340621948,123.874336243,44.365234375,12.7596693039,-8.52252006531],[216.049209595,91.199180603,-39.3373985291,-0.214353889227,-1.96464169025,65.5187072754,73.8640670776,16.9218387604,17.9549999237,44.365234375,132.349685669,48.2860870361,-2.68523955345],[235.109069824,21.330165863,-24.8200550079,21.5701255798,44.7932510376,45.4974212646,33.124710083,17.7664432526,23.1187839508,12.7596693039,48.2860870361,112.775650024,40.5937690735],[-70.8200302124,36.6529922485,21.3225154877,44.9375305176,56.9164581299,34.9000434875,7.68754005432,-6.88611555099,33.7005500793,-8.52252006531,-2.68523955345,40.5937690735,110.283340454]],"icov":[[0.000124162237626,0.0000385313287552,0.00023978081299,-0.000019321214495,-0.0000109655256892,-0.000240566150751,0.0000813803999336,-0.000253272242844,0.000110668719572,-0.000154241002747,0.0000418019735662,-0.000151286672917,0.0000997071620077],[0.0000385313287552,0.000648002955131,0.0000984454163699,0.000386542000342,-0.000358272576705,-0.0000655041221762,-0.000227575917961,-0.000179142851266,0.00000551149787498,0.00000827945223136,-0.00041435402818,0.000281782500679,-0.00027170588146],[0.00023978081299,0.0000984454163699,0.00205266615376,-0.000407034676755,0.00050964881666,-0.00130778632592,0.000218824236072,-0.000858570740093,-0.000157968388521,-0.000335386139341,0.000887626141775,0.000105734608951,-0.0000227354648814],[-0.000019321214495,0.000386542000342,-0.000407034676755,0.00332777039148,-0.00160070019774,0.000199320042157,-0.000211786740692,-0.00016585814592,-0.00110371527262,0.0000791296406533,-0.000379020406399,0.000436118687503,-0.000477083696751],[-0.0000109655256892,-0.000358272576705,0.00050964881666,-0.00160070019774,0.00447858544067,-0.00125648325775,0.00128694740124,-0.00125448335893,-0.000296968442854,-0.000570435659029,0.00109302508645,-0.000925189291593,-0.00100221624598],[-0.000240566150751,-0.0000655041221762,-0.00130778632592,0.000199320042157,-0.00125648325775,0.0077549200505,-0.00343037117273,0.0017243954353,-0.00275312317535,0.000656128162518,-0.00188580318354,-0.000232294492889,-0.000488334044348],[0.0000813803999336,-0.000227575917961,0.000218824236072,-0.000211786740692,0.00128694740124,-0.00343037117273,0.00728159677237,-0.0023197371047,-0.000389217137126,0.0001171128024,-0.00192305340897,-0.0000651425361866,0.0000459861876152],[-0.000253272242844,-0.000179142851266,-0.000858570740093,-0.00016585814592,-0.00125448335893,0.0017243954353,-0.0023197371047,0.00743896653876,0.000375926902052,-0.000898230704479,0.000285269226879,-0.000721654039808,0.000946688640397],[0.000110668719572,0.00000551149787498,-0.000157968388521,-0.00110371527262,-0.000296968442854,-0.00275312317535,-0.000389217137126,0.000375926902052,0.0075671384111,-0.00190448225476,0.000993212452158,-0.000277655286482,-0.000708540785126],[-0.000154241002747,0.00000827945223136,-0.000335386139341,0.0000791296406533,-0.000570435659029,0.000656128162518,0.0001171128024,-0.000898230704479,-0.00190448225476,0.0103597519919,-0.00358552997932,0.000696321076248,0.000992264132947],[0.0000418019735662,-0.00041435402818,0.000887626141775,-0.000379020406399,0.00109302508645,-0.00188580318354,-0.00192305340897,0.000285269226879,0.000993212452158,-0.00358552997932,0.0129130305722,-0.00489312177524,0.00186683028005],[-0.000151286672917,0.000281782500679,0.000105734608951,0.000436118687503,-0.000925189291593,-0.000232294492889,-0.0000651425361866,-0.000721654039808,-0.000277655286482,0.000696321076248,-0.00489312177524,0.0134702557698,-0.00481717428192],[0.0000997071620077,-0.00027170588146,-0.0000227354648814,-0.000477083696751,-0.00100221624598,-0.000488334044348,0.0000459861876152,0.000946688640397,-0.000708540785126,0.000992264132947,0.00186683028005,-0.00481717428192,0.0122601455078]],"mean":[-737.77142334,159.832672119,10.0233697891,5.72484827042,-1.09082233906,-11.5488853455,-11.5852680206,-1.39361298084,-13.4295101166,-2.12573432922,-6.34729957581,-5.10443639755,-7.51647233963]},"pitch_salience":{"dmean":0.0633974671364,"dmean2":0.100478380919,"dvar":0.0039917556569,"dvar2":0.00947723910213,"max":0.854163229465,"mean":0.570889413357,"median":0.580427408218,"min":0.0393376834691,"var":0.0139776570722},"silence_rate_20dB":{"dmean":0,"dmean2":0,"dvar":0,"dvar2":0,"max":1,"mean":1,"median":1,"min":1,"var":0},"silence_rate_30dB":{"dmean":0.00460630469024,"dmean2":0.00921393651515,"dvar":0.00458496576175,"dvar2":0.0125840641558,"max":1,"mean":0.996689677238,"median":1,"min":0,"var":0.00329926656559},"silence_rate_60dB":{"dmean":0.0385778024793,"dmean2":0.0771667137742,"dvar":0.0370934195817,"dvar2":0.0784098282456,"max":1,"mean":0.204807132483,"median":0,"min":0,"var":0.162852823734},"spectral_centroid":{"dmean":152.128890991,"dmean2":221.915634155,"dvar":111320.109375,"dvar2":216573.921875,"max":11793.3974609,"mean":790.56817627,"median":592.961791992,"min":198.066772461,"var":970673.5625},"spectral_complexity":{"dmean":2.30142498016,"dmean2":3.35847973824,"dvar":9.11849021912,"dvar2":16.5111846924,"max":55,"mean":11.084485054,"median":11,"min":0,"var":45.1583900452},"spectral_contrast_coeffs":{"dmean":[0.0467106886208,0.0423692055047,0.0382511653006,0.0317188762128,0.0233939923346,0.0154948737472],"dmean2":[0.0746151506901,0.0666759237647,0.0585152059793,0.0484526976943,0.0349865742028,0.023300183937],"dvar":[0.00165245763492,0.00153479992878,0.00120514049195,0.000813918944914,0.00053177040536,0.000214571249671],"dvar2":[0.0040732473135,0.00348844612017,0.00255637709051,0.00168096378911,0.00103433604818,0.000447815895313],"max":[-0.259832799435,-0.38057461381,-0.358758836985,-0.48474997282,-0.520697772503,-0.611582636833],"mean":[-0.573095440865,-0.689102649689,-0.724648356438,-0.771883666515,-0.796763241291,-0.815333783627],"median":[-0.58514893055,-0.698365330696,-0.734418511391,-0.779999375343,-0.802760004997,-0.81432145834],"min":[-0.982711493969,-0.97144985199,-0.974251866341,-0.982231259346,-0.972792565823,-0.96582442522],"var":[0.0117117837071,0.00821741484106,0.00693158013746,0.00496045779437,0.00416055088863,0.00144054437988]},"spectral_contrast_valleys":{"dmean":[0.453258216381,0.349293023348,0.390929669142,0.369694620371,0.341087818146,0.310893595219],"dmean2":[0.704551279545,0.534154474735,0.570097088814,0.524605453014,0.439555943012,0.389307707548],"dvar":[0.216114759445,0.148629397154,0.175572857261,0.165776968002,0.152880102396,0.166554927826],"dvar2":[0.421416908503,0.269282758236,0.310551613569,0.28679856658,0.234615340829,0.24292267859],"max":[-5.39021015167,-4.57190465927,-5.04634809494,-5.8085474968,-5.75437021255,-6.48542928696],"mean":[-8.3985786438,-7.14870643616,-8.21954536438,-8.86826992035,-9.00345230103,-11.282248497],"median":[-8.28389358521,-6.86554431915,-7.97336769104,-8.56952476501,-8.83430099487,-11.2885150909],"min":[-28.4503726959,-27.92527771,-27.5820159912,-27.61627388,-27.472026825,-27.3935413361],"var":[4.52831792831,3.85188889503,3.87720775604,3.88988208771,3.58578705788,2.86026740074]},"spectral_decrease":{"dmean":1.69864111665e-9,"dmean2":2.43533060384e-9,"dvar":9.17289367145e-18,"dvar2":2.0193372996e-17,"max":1.5772000038e-28,"mean":-5.56780355154e-9,"median":-3.69913033538e-9,"min":-4.13387972742e-8,"var":3.24307905116e-17},"spectral_energy":{"dmean":0.0067049046047,"dmean2":0.00958469323814,"dvar":0.000139497016789,"dvar2":0.000304578599753,"max":0.160751730204,"mean":0.0221101436764,"median":0.014744060114,"min":1.0177762735e-20,"var":0.000506577605847},"spectral_energyband_high":{"dmean":0.000205122050829,"dmean2":0.000296405545669,"dvar":0.0000033316318877,"dvar2":0.00000822874062578,"max":0.0766786709428,"mean":0.000257841544226,"median":0.0000210787256947,"min":7.15940814477e-21,"var":0.00000319026958095},"spectral_energyband_low":{"dmean":0.00255469093099,"dmean2":0.00415839720517,"dvar":0.000048894482461,"dvar2":0.000130506959977,"max":0.104097254574,"mean":0.00522415153682,"median":0.000655260810163,"min":2.30955596082e-23,"var":0.0000933197952691},"spectral_energyband_middle_high":{"dmean":0.0012084224727,"dmean2":0.00160357030109,"dvar":0.00000860605905473,"dvar2":0.0000158193179232,"max":0.0930993109941,"mean":0.00302698090672,"median":0.00120007991791,"min":1.20859215917e-21,"var":0.0000337791643688},"spectral_energyband_middle_low":{"dmean":0.00477337790653,"dmean2":0.00679134903476,"dvar":0.0000632852388662,"dvar2":0.000132561341161,"max":0.13143286109,"mean":0.0149159366265,"median":0.00956224743277,"min":1.72338958354e-22,"var":0.000241902671405},"spectral_entropy":{"dmean":0.217322930694,"dmean2":0.291402369738,"dvar":0.0554142147303,"dvar2":0.0951335355639,"max":9.82264709473,"mean":6.84311437607,"median":6.7860865593,"min":5.14460229874,"var":0.414385318756},"spectral_flux":{"dmean":0.0230195913464,"dmean2":0.0354848206043,"dvar":0.00090333254775,"dvar2":0.0019320237916,"max":0.341432362795,"mean":0.0620650090277,"median":0.0493659451604,"min":6.38185199131e-11,"var":0.00265794596635},"spectral_kurtosis":{"dmean":3.64887022972,"dmean2":5.83306694031,"dvar":16.6598052979,"dvar2":40.9865989685,"max":85.3067779541,"mean":11.2859716415,"median":9.41138458252,"min":-1.24778902531,"var":79.1292190552},"spectral_rms":{"dmean":0.000637242395896,"dmean2":0.000871565775014,"dvar":8.33069123019e-7,"dvar2":0.0000015771430526,"max":0.0125232161954,"mean":0.00398076418787,"median":0.00379268242978,"min":3.15111478577e-12,"var":0.00000572439694224},"spectral_rolloff":{"dmean":265.639984131,"dmean2":443.658172607,"dvar":692151.5,"dvar2":1395292,"max":19638.28125,"mean":1004.89343262,"median":624.462890625,"min":21.533203125,"var":3409549.75},"spectral_skewness":{"dmean":0.375544577837,"dmean2":0.559432327747,"dvar":0.138404905796,"dvar2":0.287423402071,"max":7.60569190979,"mean":2.51625108719,"median":2.45083189011,"min":-0.384845256805,"var":0.955973505974},"spectral_spread":{"dmean":492442.59375,"dmean2":714956.875,"dvar":683256512512,"dvar2":1271597629440,"max":41999396,"mean":3833839.5,"median":3239297.5,"min":1027839.3125,"var":11249713676300},"spectral_strongpeak":{"dmean":0.389566928148,"dmean2":0.60986405611,"dvar":0.454617917538,"dvar2":0.960097014904,"max":13.2307500839,"mean":1.04427039623,"median":0.546653628349,"min":0,"var":1.65886855125},"zerocrossingrate":{"dmean":0.00719074439257,"dmean2":0.00821157451719,"dvar":0.000207729404792,"dvar2":0.000235139523284,"max":0.5224609375,"mean":0.0392863303423,"median":0.029296875,"min":0,"var":0.00242552440614}},"metadata":{"audio_properties":{"analysis_sample_rate":44100,"bit_rate":0,"codec":"flac","downmix":"mix","equal_loudness":0,"length":161.293334961,"lossless":true,"md5_encoded":"72b9416298c54d12c0930ca8fa84f785","replay_gain":-5.13092422485},"tags":{"album":["The Beatles (disc 2)"],"albumartist":["The Beatles"],"albumartistsort":["Beatles, The"],"artist":["The Beatles"],"artistsort":["Beatles, The"],"asin":["B000002UAX"],"catalognumber":["SWBO 101"],"date":["1968-11-25"],"file_name":"09 Honey Pie.flac","format":["Vinyl"],"genre":["Rock & Roll"],"isrc":["GBAYE0601669"],"label":["Apple Records"],"language":["eng"],"musicbrainz_albumartistid":["b10bbbfc-cf9e-42e0-be17-e2c3e1d2600d"],"musicbrainz_albumid":["5e2f85af-4e35-41b3-beeb-88af7ed2e70c"],"musicbrainz_artistid":["b10bbbfc-cf9e-42e0-be17-e2c3e1d2600d"],"musicbrainz_recordingid":["79eaa087-edbe-43af-b7d2-de06ecf8cd90"],"musicip_puid":["9a9889e6-086e-9ca7-2ab7-3dc7da8b9fbf"],"producer":["Chris Thomas","George Martin"],"releasecountry":["US"],"releasestatus":["official"],"releasetype":["album"],"replaygain_album_gain":["-3.14 dB"],"replaygain_album_peak":["0.92208862"],"replaygain_reference_loudness":["89.0 dB"],"replaygain_track_gain":["+0.10 dB"],"replaygain_track_peak":["0.61041260"],"script":["Latn"],"title":["Honey Pie"],"totaltracks":["13"],"tracknumber":["9"],"tracktotal":["13"]},"version":{"essentia":"2.1-beta1","essentia_build_sha":"eef087cf131c10083d474ad51def18efd0e38295","essentia_git_sha":"v2.1_beta1-7-ge0e83e8-dirty","extractor":"music 1.0"}},"rhythm":{"beats_count":369,"beats_loudness":{"dmean":0.023103011772,"dmean2":0.0426878966391,"dvar":0.000321465195157,"dvar2":0.00101908377837,"max":0.126654535532,"mean":0.0368134342134,"median":0.0362102687359,"min":0,"var":0.000620721082669},"beats_loudness_band_ratio":{"dmean":[0.274416983128,0.193495810032,0.205623611808,0.0866255015135,0.0415333993733,0.025258904323