{"lowlevel":{"average_loudness":0.692628800869,"barkbands":{"dmean":[0.0000454633955087,0.00282117794268,0.00212962296791,0.000631291070022,0.00120051973499,0.00117309298366,0.000484516524011,0.000496871012729,0.000515185529366,0.000245187693508,0.000278135528788,0.000211566439248,0.000178256756044,0.000228381089983,0.000213009479921,0.000183676907909,0.000159308401635,0.000245156319579,0.000123944264487,0.000165529170772,0.000110713568574,0.0000556088853045,0.0000367602624465,0.0000470079103252,0.0000625908360234,0.0000211142814805,0.00000207992434298],"dmean2":[0.0000597970720264,0.00483773974702,0.00384944304824,0.00108740199357,0.00191217754036,0.0017337606987,0.000724562560208,0.000738712609746,0.000805327203125,0.000397308001993,0.000439660361735,0.000317259080475,0.000262705958448,0.000368381850421,0.000336063094437,0.000263419322437,0.000239963032072,0.000367531640222,0.000190348262549,0.000249891658314,0.000162536540302,0.000081283673353,0.0000519753957633,0.0000688440122758,0.0000907793000806,0.0000310170871671,0.00000326011377183],"dvar":[1.26848682669e-8,0.0000383422739105,0.0000324270440615,0.00000215114687308,0.00000420413607571,0.00000515734973305,0.00000122721621665,0.00000251526239481,0.00000124014798075,5.33201728103e-7,5.90507909237e-7,4.2363888042e-7,2.71557638598e-7,3.58336507134e-7,3.14591687811e-7,4.51713390248e-7,1.71752731148e-7,4.06422600463e-7,9.53761301048e-8,1.52876836523e-7,1.15469816819e-7,4.06325995073e-8,2.20356355385e-8,5.41921885144e-8,5.85914037288e-8,4.4938981425e-9,5.69386274241e-11],"dvar2":[2.00412380025e-8,0.000104611681309,0.0000939959936659,0.00000607982246947,0.0000104211021608,0.0000114099157145,0.00000263513129539,0.00000566172411709,0.00000264383174908,0.00000129715431285,0.00000143604472669,8.46671923682e-7,5.36782408744e-7,8.59495401073e-7,7.39631673241e-7,8.47824253469e-7,3.56872419616e-7,8.47449882713e-7,2.20489155822e-7,3.25566844595e-7,2.53318006571e-7,8.94603005008e-8,4.39030962696e-8,1.11279895521e-7,1.25855095234e-7,1.00377155476e-8,1.31654229185e-10],"max":[0.00161234731786,0.0645028799772,0.0662479549646,0.0236100386828,0.0300441291183,0.0564378276467,0.018690507859,0.0304582715034,0.0228339619935,0.0177955254912,0.0199955068529,0.0312880575657,0.0173681303859,0.0135051775724,0.0142472032458,0.024930248037,0.00865101348609,0.0157565400004,0.00677174190059,0.00888738594949,0.00955743622035,0.00556906592101,0.00429782550782,0.00453120283782,0.00511315697804,0.00155216502026,0.000217449676711],"mean":[0.0000639128556941,0.00337677262723,0.00216805399396,0.00094000127865,0.00228459225036,0.0024380015675,0.000952419009991,0.000796319625806,0.000877970713191,0.000317362078931,0.000518638349604,0.000369237619452,0.00031380308792,0.000385780760553,0.000342804647516,0.000362508522812,0.000297992082778,0.00048068157048,0.000244820956141,0.00035270411172,0.000230439502047,0.000102206482552,0.0000663873943267,0.0000742727861507,0.000109525601147,0.000040329672629,0.00000327758834828],"median":[0.00000595330902797,0.00110035086982,0.00058181170607,0.000508519297,0.00142873940058,0.0010578581132,0.000219877139898,0.000105097729829,0.000225755764404,0.0000566505586903,0.0000823186710477,0.0000554897924303,0.000048228786909,0.0000748755555833,0.0000893387623364,0.0000606004905421,0.0000727927399566,0.0000881065643625,0.0000584359222557,0.0000709756859578,0.0000250913526543,0.0000124094494822,0.00000704716330802,0.00000419008301833,0.00000563735375181,0.00000255476970779,6.36412778476e-7],"min":[1.09111512766e-18,1.70492946429e-18,1.2210689242e-18,1.32570975323e-18,3.9724447291e-18,5.17544988988e-18,6.61569541343e-18,8.11981995978e-18,1.37334439637e-17,1.60217605462e-17,1.77244125755e-17,2.50885865021e-17,3.26814361634e-17,4.79898593104e-17,8.51714723347e-17,1.45790662372e-16,2.0062119616e-16,1.90440455704e-16,5.45139486069e-17,1.61237949291e-16,5.6980123414e-16,1.15187560511e-16,1.5899523104e-16,2.03648723524e-17,9.94768622266e-16,7.5807193554e-16,5.55173451597e-16],"var":[2.65652833065e-8,0.0000402730474889,0.0000239013043029,0.00000222220000978,0.00000794367497292,0.0000128589035739,0.00000371360988538,0.00000461093350168,0.00000349187303073,7.81649760029e-7,0.00000229361012316,0.00000118354739698,9.03203954294e-7,8.87337876065e-7,6.35961612261e-7,0.00000219895741793,4.83660187456e-7,0.00000141432929013,2.64799979277e-7,5.13568068072e-7,3.39414526707e-7,8.1359296189e-8,4.05340294662e-8,8.85420519126e-8,1.13989628403e-7,1.15105134313e-8,8.3668419415e-11]},"barkbands_crest":{"dmean":2.77140498161,"dmean2":4.56377744675,"dvar":6.83767986298,"dvar2":17.9377269745,"max":26.8778343201,"mean":10.1728429794,"median":9.24744415283,"min":2.5738568306,"var":18.5718784332},"barkbands_flatness_db":{"dmean":0.0237315706909,"dmean2":0.0364013463259,"dvar":0.000626974739134,"dvar2":0.00144025369082,"max":0.469585835934,"mean":0.162340149283,"median":0.152098476887,"min":0.0228344034404,"var":0.00535012502223},"barkbands_kurtosis":{"dmean":3.79793715477,"dmean2":6.17294120789,"dvar":87.8530349731,"dvar2":215.897720337,"max":466.297637939,"mean":5.42666006088,"median":1.88189673424,"min":-1.94786930084,"var":156.369567871},"barkbands_skewness":{"dmean":0.611655831337,"dmean2":0.954144954681,"dvar":0.542477965355,"dvar2":1.23618352413,"max":20.2124557495,"mean":1.57141005993,"median":1.40299725533,"min":-4.99096632004,"var":1.805590868},"barkbands_spread":{"dmean":5.38427591324,"dmean2":8.26582241058,"dvar":57.3035774231,"dvar2":128.203598022,"max":115.531585693,"mean":20.3315391541,"median":17.0852355957,"min":0.423264861107,"var":230.124038696},"dissonance":{"dmean":0.0211744047701,"dmean2":0.0351111926138,"dvar":0.000531274650712,"dvar2":0.0013509351993,"max":0.500000119209,"mean":0.449313014746,"median":0.46032217145,"min":0.0751587152481,"var":0.00167674792465},"dynamic_complexity":5.00443601608,"erbbands":{"dmean":[0.0654881000519,0.725150585175,2.32950115204,2.11831569672,2.8480424881,4.6670050621,6.52392816544,10.6436309814,7.06448459625,9.60811042786,10.8547964096,9.56682491302,9.38232803345,9.3111076355,8.89712905884,7.53328323364,6.81759309769,10.4024915695,9.95295810699,9.32161521912,10.5773916245,9.20874500275,13.7184381485,7.01814651489,6.65948581696,7.58662605286,5.3305683136,3.71962690353,2.01281309128,1.20280897617,1.05390357971,0.956434309483,0.848242461681,0.728283166885,0.449547022581,0.153356105089,0.026478657499,0.0034448497463,0.000333667529048,0.0000306977744913],"dmean2":[0.10734141618,1.27165675163,4.24134588242,3.70306324959,4.76437997818,7.34681463242,9.76779747009,15.9211769104,10.622179985,14.3141880035,16.1404209137,14.7448339462,14.9395885468,15.0884971619,13.3116779327,11.220117569,10.0013132095,16.2568206787,15.9077091217,14.7261734009,14.8394956589,13.5007076263,20.4294071198,10.6583957672,10.1758241653,11.460442543,7.88938426971,5.40294075012,2.91566967964,1.71981012821,1.48845338821,1.37013339996,1.25868070126,1.06742727757,0.65586578846,0.226641133428,0.0383914709091,0.00494688004255,0.000507917546201,0.0000491419559694],"dvar":[0.0184140447527,2.79406285286,38.449672699,29.0398826599,34.696723938,79.6923217773,175.353302002,549.137390137,253.928131104,661.602416992,1146.75268555,443.081359863,584.819641113,606.01159668,540.456481934,620.491210938,323.177856445,829.557373047,724.702453613,576.177062988,1839.10778809,548.73236084,1363.8861084,359.130493164,275.077972412,316.779998779,265.071105957,130.524276733,59.6766662598,21.6902236938,19.2614402771,21.6030426025,18.4267921448,9.72072982788,2.76361322403,0.273745536804,0.006380608771,0.000120905140648,0.00000216415583054,6.11842621012e-9],"dvar2":[0.044401127845,7.86023664474,112.180183411,82.3929748535,88.4606170654,194.026596069,407.665466309,1246.14868164,547.907165527,1402.4753418,2565.72143555,930.449707031,1285.66674805,1472.13293457,1216.11950684,1207.70092773,646.521240234,1967.26525879,1684.53466797,1453.5423584,3331.44189453,1080.59814453,2991.80957031,826.351623535,596.796569824,672.01184082,558.642150879,278.824462891,127.688369751,45.1117362976,38.5488586426,44.6342430115,40.488697052,21.0254039764,6.13437604904,0.632347404957,0.0139007596299,0.000250302517088,0.00000500527812619,1.45054679379e-8],"max":[1.38930535316,17.1313343048,69.2784500122,75.6700820923,110.495574951,149.035140991,387.893066406,683.014221191,289.090423584,648.087219238,844.810852051,641.999511719,730.839233398,669.143066406,528.322509766,1289.80004883,644.730834961,848.504638672,759.465026855,514.223937988,1718.14855957,530.373352051,1064.15332031,477.345458984,355.580291748,488.813446045,466.371246338,251.944732666,290.094665527,178.263595581,110.486206055,98.5618362427,105.43536377,68.7544631958,43.6263809204,14.2316265106,2.11677479744,0.408444523811,0.0422990322113,0.0022748503834],"mean":[0.0835358947515,0.811516821384,2.4003059864,2.86982989311,5.18752765656,8.35667037964,12.153670311,22.0121955872,13.8245267868,19.1433944702,19.1201171875,16.5642433167,14.4011392593,14.6355428696,17.6389942169,14.1335735321,13.8838224411,21.2674217224,16.7100296021,16.6847324371,21.9506130219,19.1677818298,26.9060783386,15.25415802,14.708026886,16.4666156769,11.4284505844,7.62107753754,3.84790754318,2.34201049805,1.86090445518,1.45471644402,1.3157299757,1.18397462368,0.790553748608,0.278795003891,0.0537931583822,0.00668051932007,0.00054763420485,0.0000589021765336],"median":[0.0190864931792,0.277693331242,0.766133308411,1.4176030159,3.0000872612,4.46965026855,6.08282613754,8.85966014862,5.3631105423,3.95101475716,3.67528867722,4.74425506592,3.64379000664,3.69309186935,3.30765271187,2.4610247612,2.68109416962,3.46961665154,4.97166919708,4.57220649719,3.89538550377,4.77170848846,5.37245845795,3.4512655735,3.64556217194,3.45264720917,1.39938855171,0.832046866417,0.473169982433,0.301134198904,0.192452192307,0.0955212563276,0.0697215199471,0.0554961338639,0.0347857140005,0.0171638932079,0.00331194419414,0.000456028792541,0.0000691827299306,0.000027957956263],"min":[6.13210958003e-17,3.50363664278e-16,1.24286404312e-15,3.24496839785e-15,7.20819024179e-15,1.44056350236e-14,2.68947614423e-14,4.75283569825e-14,8.03744888028e-14,1.30546926893e-13,2.03602637679e-13,3.05011522766e-13,4.38155073204e-13,6.04576068028e-13,8.08384934513e-13,1.07227638227e-12,1.47199591925e-12,2.18865680787e-12,3.53177534961e-12,5.81525366056e-12,8.90141953203e-12,1.1467555204e-11,1.09311735011e-11,6.01287856311e-12,1.69215238609e-12,7.67962516496e-12,2.10678974266e-11,1.99991637834e-11,5.01752502394e-12,3.34467891751e-12,4.48907621145e-12,7.27801770673e-13,7.72468514935e-13,6.5447638628e-12,9.53783232949e-12,2.13910573282e-12,2.17913317599e-12,5.24246932757e-13,7.75221019648e-14,5.16465422336e-15],"var":[0.0268566459417,2.47846841812,27.5605773926,25.3354225159,53.6518249512,146.414199829,363.537384033,1245.84020996,630.681762695,2059.24902344,2432.39038086,1256.46813965,1275.47937012,1310.57897949,1993.20141602,1814.91162109,1096.74316406,3205.60351562,1399.7935791,1149.67028809,9483.35644531,2021.19311523,4428.14599609,1068.55334473,914.6875,1115.78149414,843.027587891,360.284606934,119.016082764,44.5528411865,33.6833229065,33.657951355,28.4100646973,17.3656768799,5.73804712296,0.576071798801,0.0207052957267,0.000313713157084,0.00000304981494992,9.84704762175e-9]},"erbbands_crest":{"dmean":2.72323346138,"dmean2":4.42029666901,"dvar":7.10669136047,"dvar2":18.0272846222,"max":32.6824798584,"mean":9.72781181335,"median":8.75695800781,"min":2.42544460297,"var":20.0746440887},"erbbands_flatness_db":{"dmean":0.0173339638859,"dmean2":0.026051890105,"dvar":0.000377268035663,"dvar2":0.000846798589919,"max":0.418590813875,"mean":0.181407675147,"median":0.174152389169,"min":0.0423580147326,"var":0.00322361243889},"erbbands_kurtosis":{"dmean":1.23429787159,"dmean2":1.99290513992,"dvar":6.17767477036,"dvar2":15.3654851913,"max":99.4308166504,"mean":0.656980872154,"median":-0.292719721794,"min":-1.88716673851,"var":11.2126150131},"erbbands_skewness":{"dmean":0.438070476055,"dmean2":0.677095174789,"dvar":0.22861866653,"dvar2":0.530755579472,"max":9.16266727448,"mean":0.417759805918,"median":0.35038498044,"min":-4.05607557297,"var":0.896927118301},"erbbands_spread":{"dmean":7.52477741241,"dmean2":11.7006311417,"dvar":71.285484314,"dvar2":168.876800537,"max":115.593276978,"mean":36.3874282837,"median":34.8960418701,"min":2.35847616196,"var":266.611328125},"gfcc":{"cov":[[17247.2910156,-678.579589844,274.112701416,1691.20532227,345.970947266,1143.72290039,-196.999282837,686.639221191,39.8822135925,631.818054199,32.7232551575,-12.9094800949,-236.059204102],[-678.579589844,3173.47973633,774.118286133,261.346923828,840.397094727,-62.8911056519,389.819732666,-414.663574219,266.649017334,-203.426513672,233.490737915,-230.098846436,4.62019681931],[274.112701416,774.118286133,1308.12097168,477.182800293,460.453216553,270.934844971,26.3342208862,-47.4243049622,94.0350723267,3.82335925102,20.7312812805,-82.3704833984,-40.7036705017],[1691.20532227,261.346923828,477.182800293,948.286621094,366.101348877,266.63079834,52.5612220764,73.4487228394,142.216278076,-23.5704879761,1.21699976921,-81.8482284546,-8.22448730469],[345.970947266,840.397094727,460.453216553,366.101348877,565.865661621,135.213119507,118.066955566,-32.9106712341,106.034477234,-19.5338630676,28.0188922882,-68.4483261108,-29.6093425751],[1143.72290039,-62.8911056519,270.934844971,266.63079834,135.213119507,527.070983887,154.027557373,94.5190887451,-23.4003601074,58.3572769165,9.09363555908,-49.4514732361,-81.2998504639],[-196.999282837,389.819732666,26.3342208862,52.5612220764,118.066955566,154.027557373,370.11706543,-10.5746536255,1.32139384747,-31.0879631042,39.7683105469,-26.5314922333,-22.282119751],[686.639221191,-414.663574219,-47.4243049622,73.4487228394,-32.9106712341,94.5190887451,-10.5746536255,277.446533203,5.33207798004,35.7927932739,-60.3994369507,21.3760051727,-15.4316253662],[39.8822135925,266.649017334,94.0350723267,142.216278076,106.034477234,-23.4003601074,1.32139384747,5.33207798004,184.624252319,-0.539749145508,20.99467659,-36.7505264282,-3.93016147614],[631.818054199,-203.426513672,3.82335925102,-23.5704879761,-19.5338630676,58.3572769165,-31.0879631042,35.7927932739,-0.539749145508,169.142715454,26.6847763062,33.2617225647,-34.8726768494],[32.7232551575,233.490737915,20.7312812805,1.21699976921,28.0188922882,9.09363555908,39.7683105469,-60.3994369507,20.99467659,26.6847763062,143.155685425,28.0058288574,0.523679852486],[-12.9094800949,-230.098846436,-82.3704833984,-81.8482284546,-68.4483261108,-49.4514732361,-26.5314922333,21.3760051727,-36.7505264282,33.2617225647,28.0058288574,147.143783569,43.4703178406],[-236.059204102,4.62019681931,-40.7036705017,-8.22448730469,-29.6093425751,-81.2998504639,-22.282119751,-15.4316253662,-3.93016147614,-34.8726768494,0.523679852486,43.4703178406,129.992477417]],"icov":[[0.000114068672701,-0.000131038948894,0.00011314197036,-0.000263739028014,0.000128374784254,-0.000185313401744,0.00020899316587,-0.00021965020278,0.0001878834737,-0.000435423862655,0.0000831986326375,-0.000104507977085,0.0000771151972003],[-0.000131038948894,0.00144361308776,-0.000461470976006,0.000759029993787,-0.00161956402007,0.000746761099435,-0.0010581620736,0.00105542724486,-0.000924966472667,0.00134029751644,-0.00166015559807,0.0014945511939,-0.000505199830513],[0.00011314197036,-0.000461470976006,0.00143967394251,-0.000580318155698,-0.000297501159366,-0.000852249970194,0.000839468149934,-0.0000447451602668,0.000266478164122,-0.000635692849755,0.00054751773132,-0.00043515386642,0.000154578621732],[-0.000263739028014,0.000759029993787,-0.000580318155698,0.00263484986499,-0.00155840546358,-0.000219353212742,-0.000419962831074,0.0003637719783,-0.00163599255029,0.0017457382055,-0.000806659518275,0.00101058685686,-0.000957715034019],[0.000128374784254,-0.00161956402007,-0.000297501159366,-0.00155840546358,0.00508503708988,-0.000630960857961,0.000267992931185,-0.000806555617601,0.000196618784685,-0.00141545024235,0.00182131817564,-0.00148796336725,0.000929234607611],[-0.000185313401744,0.000746761099435,-0.000852249970194,-0.000219353212742,-0.000630960857961,0.00413136463612,-0.0020418879576,-0.000412945344578,0.000950023531914,-0.000146039819811,-0.00122214970179,0.00158775539603,0.000860810105223],[0.00020899316587,-0.0010581620736,0.000839468149934,-0.000419962831074,0.000267992931185,-0.0020418879576,0.00460349163041,-0.000821661727969,0.000766416836996,-0.0001136177234,0.00010370191012,-0.000943904975429,0.000436891044956],[-0.00021965020278,0.00105542724486,-0.0000447451602668,0.0003637719783,-0.000806555617601,-0.000412945344578,-0.000821661727969,0.00596279138699,-0.00178083975334,0.000655566866044,0.00151788501535,-0.000606607936788,0.0000164161228895],[0.0001878834737,-0.000924966472667,0.000266478164122,-0.00163599255029,0.000196618784685,0.000950023531914,0.000766416836996,-0.00178083975334,0.00819556601346,-0.00186352559831,-0.000699569704011,0.00113417394459,0.000284312409349],[-0.000435423862655,0.00134029751644,-0.000635692849755,0.0017457382055,-0.00141545024235,-0.000146039819811,-0.0001136177234,0.000655566866044,-0.00186352559831,0.0100895110518,-0.0028635810595,-0.000842217472382,0.00166118179914],[0.0000831986326375,-0.00166015559807,0.00054751773132,-0.000806659518275,0.00182131817564,-0.00122214970179,0.00010370191012,0.00151788501535,-0.000699569704011,-0.0028635810595,0.011437584646,-0.00444591743872,0.000830270349979],[-0.000104507977085,0.0014945511939,-0.00043515386642,0.00101058685686,-0.00148796336725,0.00158775539603,-0.000943904975429,-0.000606607936788,0.00113417394459,-0.000842217472382,-0.00444591743872,0.0116977216676,-0.00398046756163],[0.0000771151972003,-0.000505199830513,0.000154578621732,-0.000957715034019,0.000929234607611,0.000860810105223,0.000436891044956,0.0000164161228895,0.000284312409349,0.00166118179914,0.000830270349979,-0.00398046756163,0.0104474015534]],"mean":[-66.3088226318,90.497215271,-119.362968445,23.4945335388,-54.589630127,-9.21689605713,-37.7791213989,5.33236455917,-27.4961681366,4.11565542221,-14.957201004,0.460874766111,-5.31243038177]},"hfc":{"dmean":4.79246759415,"dmean2":6.77068996429,"dvar":81.1465072632,"dvar2":155.158737183,"max":139.340423584,"mean":16.1167793274,"median":7.35480594635,"min":4.61474261582e-11,"var":459.504699707},"melbands":{"dmean":[0.000693449343089,0.00110014213715,0.000381382618798,0.000258312968072,0.000219377936446,0.000230746780289,0.000107276915514,0.000107131920231,0.0000893363903742,0.0000636134354863,0.0000478402507724,0.0000382589969377,0.000035702916648,0.0000220844085561,0.0000204208554351,0.0000190105947695,0.0000195984594029,0.0000172416039277,0.0000175544355443,0.0000104230994111,0.0000133858029585,0.00000927233213588,0.0000121778475659,0.0000133291578095,0.0000055348659771,0.00000492065964863,0.00000603456646786,0.00000537019332114,0.00000399141663365,0.00000270283453574,0.00000212060172089,0.00000134613674163,8.16531951386e-7,6.63956484459e-7,6.36473941995e-7,6.05007983268e-7,6.10703807524e-7,5.67980123378e-7,7.3214295071e-7,6.00346368174e-7],"dmean2":[0.00117059540935,0.00198464561254,0.000656500458717,0.000418796262238,0.000328523077769,0.000343018880812,0.000160634968779,0.000159737144713,0.00013299031707,0.0000990703410935,0.0000763052667025,0.0000621810104349,0.0000552480232727,0.0000326730405504,0.000030682720535,0.0000286052363663,0.0000310131363221,0.0000277551298495,0.0000278617790173,0.0000159369865287,0.0000189537713595,0.0000138157947731,0.000018437853214,0.0000199662536033,0.00000860401087266,0.00000757563384468,0.00000935622938414,0.0000082138367361,0.00000595153096583,0.00000402608429795,0.00000313330451718,0.00000198826614906,0.00000120752861221,9.63625097938e-7,9.08840661396e-7,8.86626708052e-7,8.93379649369e-7,8.51356730891e-7,0.00000111460531116,8.84347571173e-7],"dvar":[0.00000215228874367,0.00000803950297268,8.1617122305e-7,2.14442295032e-7,1.6208066711e-7,2.32664575606e-7,5.20778939972e-8,8.38179303742e-8,6.62112640271e-8,2.00206198286e-8,1.5053345237e-8,1.05827728802e-8,9.52280920785e-9,5.33437827244e-9,5.49172085584e-9,3.00770075512e-9,3.00454927604e-9,2.38132447095e-9,2.33308039554e-9,9.97394611346e-10,3.19384785286e-9,5.65853475187e-10,1.13227349718e-9,1.56341095625e-9,2.61907495691e-10,1.46250192512e-10,2.41204889395e-10,1.76137007757e-10,1.6126018576e-10,7.62579374647e-11,4.95730817507e-11,3.12368152178e-11,8.61650681361e-12,7.02583694348e-12,6.33545906709e-12,8.64589389665e-12,9.48386421479e-12,8.49663742142e-12,1.45287532005e-11,5.82354303669e-12],"dvar2":[0.0000056750686781,0.0000231846152019,0.00000228015778703,5.4887590295e-7,3.78808778123e-7,5.24630877408e-7,1.12370017291e-7,1.79130083211e-7,1.43113609852e-7,4.34761631141e-8,3.32347909193e-8,2.57385330826e-8,2.24031424523e-8,1.13874838448e-8,1.08980229285e-8,6.17019679794e-9,7.19005299743e-9,5.72785330277e-9,5.52143086807e-9,2.18099183158e-9,5.79126702149e-9,1.17796272736e-9,2.49951614961e-9,3.1485754004e-9,6.31074137392e-10,3.3277988698e-10,5.14327469503e-10,3.78654940736e-10,3.3986879977e-10,1.70230302077e-10,1.06711327275e-10,6.79339293153e-11,1.87463638363e-11,1.51163838391e-11,1.28109935854e-11,1.83175870305e-11,2.00760137681e-11,1.89398462191e-11,3.40071998339e-11,1.25487190084e-11],"max":[0.0144717665389,0.0313085243106,0.0129813123494,0.00631657848135,0.0100808413699,0.0135867623612,0.00401821732521,0.00704299006611,0.00661673210561,0.00429893797264,0.00353843765333,0.00264809466898,0.00253965100273,0.00208943127654,0.00368221942335,0.00215287040919,0.00143155478872,0.00139522564132,0.00138185184915,0.000864751986228,0.0022887410596,0.000531690660864,0.000905357359443,0.0012028219644,0.000387195235817,0.000310687930323,0.00051394070033,0.00032370883855,0.000431778753409,0.000241259389441,0.000222192917136,0.000245163450018,0.0000843553061713,0.000103641061287,0.0000752706182539,0.0000705190832377,0.0000767391757108,0.0000684561819071,0.0000852786906762,0.0000497428700328],"mean":[0.000849377713166,0.00122946442571,0.000588619383052,0.000471042469144,0.00042220071191,0.000481049646623,0.00021624105284,0.000201201459276,0.000156450201757,0.000106936357042,0.0000710467647878,0.0000565727568755,0.0000705157217453,0.0000356502641807,0.0000366764543287,0.0000379575940315,0.0000370968773495,0.0000252376339631,0.0000275555048574,0.0000186630495591,0.0000255423947237,0.0000172608088178,0.0000218629647861,0.0000257209940173,0.0000103649608718,0.000010154564734,0.0000118432581075,0.0000106465668068,0.00000789859223005,0.00000516856698596,0.00000406543085774,0.00000237179210671,0.00000145733383761,0.00000121930736441,0.00000110400378617,9.17199884043e-7,8.80099378264e-7,8.6111509745e-7,0.00000104051389371,9.70417545432e-7],"median":[0.000248704222031,0.000471873790957,0.000327290850691,0.000287901726551,0.000242050096858,0.000202396986424,0.0000836600374896,0.0000355676384061,0.0000257642441284,0.0000280715466943,0.0000156089263328,0.0000134640285978,0.000011547665963,0.00000610645838606,0.00000415960948885,0.00000545464899915,0.00000570931888433,0.0000066418078859,0.00000681138499203,0.00000380312667403,0.00000401892339141,0.00000415005160903,0.00000468294729217,0.00000381997097065,0.00000229883789871,0.00000227327609537,0.00000260974275079,0.00000195016446014,8.67327798915e-7,4.81952042719e-7,4.12460366306e-7,2.42947152174e-7,1.89338152268e-7,1.42731437336e-7,1.16922258542e-7,6.10063111139e-8,4.98166059515e-8,4.33802043176e-8,4.33787654686e-8,4.07376674616e-8],"min":[5.61924779815e-19,5.94514817071e-19,6.62063213072e-19,7.60780291543e-19,9.01016925379e-19,1.06797764516e-18,1.27026755909e-18,1.49784748627e-18,1.73333081402e-18,1.97302138915e-18,2.1948428985e-18,2.38931037218e-18,2.56221159292e-18,2.73971131749e-18,2.98059003417e-18,3.39102712796e-18,4.10049518305e-18,5.24596538274e-18,6.87830085609e-18,8.85178960229e-18,1.07480275375e-17,1.1829871418e-17,1.12673133281e-17,8.64455935215e-18,4.63015133698e-18,1.27491559035e-18,1.30373983616e-18,5.83814853276e-18,1.2202736314e-17,1.48052905394e-17,1.05108913995e-17,3.36476662505e-18,5.49513658507e-19,2.43965982209e-18,3.10212292529e-18,1.23878341061e-18,1.18815085814e-19,1.6454549456e-19,1.40826155119e-18,6.92051974096e-18],"var":[0.00000256147745858,0.00000615945327809,8.15223927475e-7,3.73142597709e-7,3.39772924463e-7,5.48408991108e-7,1.33235516842e-7,2.23398345156e-7,1.63053101687e-7,5.47390257566e-8,3.24815516706e-8,2.05943688769e-8,4.01210762391e-8,9.99630334064e-9,1.7839493438e-8,1.17747838146e-8,9.89030812804e-9,3.94577170937e-9,4.48600356862e-9,2.68290589744e-9,1.48731960081e-8,1.61355229178e-9,2.74220468555e-9,5.75996983443e-9,5.50618994843e-10,4.80411044279e-10,7.14045045314e-10,5.60540280858e-10,4.9120058021e-10,1.90437776659e-10,1.15931472755e-10,5.65014111886e-11,1.73229382228e-11,1.32942372388e-11,1.11980928003e-11,1.25862783737e-11,1.41552785118e-11,1.26773522235e-11,1.98260192985e-11,1.12228247529e-11]},"melbands_crest":{"dmean":3.36037635803,"dmean2":5.54827022552,"dvar":9.76863670349,"dvar2":24.9462146759,"max":33.1264038086,"mean":13.3927536011,"median":12.3446178436,"min":3.27549767494,"var":27.3695144653},"melbands_flatness_db":{"dmean":0.0302586536855,"dmean2":0.0451405718923,"dvar":0.00100633502007,"dvar2":0.00218612304889,"max":0.632561683655,"mean":0.229146510363,"median":0.216150552034,"min":0.0290618408471,"var":0.00904240831733},"melbands_kurtosis":{"dmean":7.26269769669,"dmean2":11.8552427292,"dvar":186.619049072,"dvar2":454.656707764,"max":416.069885254,"mean":12.7124414444,"median":7.1372051239,"min":-1.79878973961,"var":364.167236328},"melbands_skewness":{"dmean":0.763464570045,"dmean2":1.21111547947,"dvar":0.817099809647,"dvar2":1.91560602188,"max":14.0437641144,"mean":2.48035764694,"median":2.22508621216,"min":-3.46602272987,"var":2.39326310158},"melbands_spread":{"dmean":7.69241523743,"dmean2":11.794128418,"dvar":162.762786865,"dvar2":338.54864502,"max":252.742614746,"mean":23.4501991272,"median":18.1571998596,"min":0.393061876297,"var":459.797729492},"mfcc":{"cov":[[14306.5566406,-627.378234863,54.3277931213,650.458496094,557.330200195,537.360046387,304.605834961,65.729598999,173.793411255,227.461288452,351.671142578,403.142425537,66.5409698486],[-627.378234863,2783.59863281,379.462036133,416.217956543,401.943603516,389.121917725,163.697662354,18.5014362335,-80.9325790405,64.8907775879,-0.993808746338,2.71922063828,89.6716003418],[54.3277931213,379.462036133,998.047973633,281.909942627,422.835113525,341.229248047,146.601043701,88.0191574097,63.6280403137,75.6465072632,39.0586471558,46.4406280518,40.2947463989],[650.458496094,416.217956543,281.909942627,675.882080078,387.731994629,204.102981567,29.9102134705,87.9954986572,81.2727813721,60.6847915649,-9.64279747009,49.0315666199,29.6709938049],[557.330200195,401.943603516,422.835113525,387.731994629,625.075256348,224.68397522,39.9824447632,67.2715072632,77.2070846558,94.380531311,36.7786064148,29.1059513092,30.2898902893],[537.360046387,389.121917725,341.229248047,204.102981567,224.68397522,490.454071045,228.370025635,83.3201370239,21.9089488983,81.8763427734,54.1565284729,47.3116340637,28.4830093384],[304.605834961,163.697662354,146.601043701,29.9102134705,39.9824447632,228.370025635,332.637542725,117.462860107,39.7446670532,43.8679885864,28.2226734161,20.9124107361,15.4175596237],[65.729598999,18.5014362335,88.0191574097,87.9954986572,67.2715072632,83.3201370239,117.462860107,218.351272583,74.5393676758,47.1944351196,6.84514141083,2.55707192421,28.854473114],[173.793411255,-80.9325790405,63.6280403137,81.2727813721,77.2070846558,21.9089488983,39.7446670532,74.5393676758,185.492782593,40.9659919739,-15.3134622574,18.9359359741,-16.5703353882],[227.461288452,64.8907775879,75.6465072632,60.6847915649,94.380531311,81.8763427734,43.8679885864,47.1944351196,40.9659919739,153.087936401,55.2297935486,4.66664075851,-1.05336034298],[351.671142578,-0.993808746338,39.0586471558,-9.64279747009,36.7786064148,54.1565284729,28.2226734161,6.84514141083,-15.3134622574,55.2297935486,159.429168701,34.6090354919,9.30323123932],[403.142425537,2.71922063828,46.4406280518,49.0315666199,29.1059513092,47.3116340637,20.9124107361,2.55707192421,18.9359359741,4.66664075851,34.6090354919,149.612670898,30.0896492004],[66.5409698486,89.6716003418,40.2947463989,29.6709938049,30.2898902893,28.4830093384,15.4175596237,28.854473114,-16.5703353882,-1.05336034298,9.30323123932,30.0896492004,131.153366089]],"icov":[[0.000089895183919,0.0000451814121334,0.0000705676720827,-0.0000780018453952,-0.0000673165995977,-0.000060693029809,-0.0000790951089584,0.0000812364232843,-0.0000253812577284,-0.0000262872381427,-0.000131020104163,-0.000159492818057,-0.0000179136623046],[0.0000451814121334,0.000485641416162,0.000031983563531,-0.000221407361096,-0.000189637663425,-0.000220467918552,-0.000200621856493,0.00020819765632,0.000324269378325,-0.0000967892920016,0.0000945970314206,0.0000480570888612,-0.000222788570682],[0.0000705676720827,0.000031983563531,0.00167188665364,-0.00000130037835788,-0.000916385557503,-0.000746840552893,-0.000170567043824,0.00000632075671092,-0.000150786348968,0.000141901327879,-0.0000800120906206,-0.000209204838029,-0.000142781922477],[-0.0000780018453952,-0.000221407361096,-0.00000130037835788,0.00270950654522,-0.0012210389832,-0.000549685908481,0.000734647503123,-0.000768938392866,-0.000377961725462,0.0000542953421245,0.000754191656597,-0.000495000858791,0.0000753150889068],[-0.0000673165995977,-0.000189637663425,-0.000916385557503,-0.0012210389832,0.00345027074218,-0.00037583039375,0.000691486173309,0.0000276034224953,-0.000668148742989,-0.000708480598405,-0.00039995930274,0.000469501246698,-0.000250436685747],[-0.000060693029809,-0.000220467918552,-0.000746840552893,-0.000549685908481,-0.00037583039375,0.00451183691621,-0.00252575753257,0.000242963957135,0.000744691176806,-0.000849799311254,-0.000268986157607,-0.000449937040685,0.0000953149938141],[-0.0000790951089584,-0.000200621856493,-0.000170567043824,0.000734647503123,0.000691486173309,-0.00252575753257,0.00572148011997,-0.00239845504984,-0.000553456251509,0.000200523238163,-0.0000820282730274,-0.0000336310695275,0.000252641330007],[0.0000812364232843,0.00020819765632,0.00000632075671092,-0.000768938392866,0.0000276034224953,0.000242963957135,-0.00239845504984,0.00721187470481,-0.00211237557232,-0.0010171799222,-0.00012894703832,0.000855626771227,-0.00183760118671],[-0.0000253812577284,0.000324269378325,-0.000150786348968,-0.000377961725462,-0.000668148742989,0.000744691176806,-0.000553456251509,-0.00211237557232,0.00772857433185,-0.00167811999563,0.00169575249311,-0.00140065874439,0.00160941225477],[-0.0000262872381427,-0.0000967892920016,0.000141901327879,0.0000542953421245,-0.000708480598405,-0.000849799311254,0.000200523238163,-0.0010171799222,-0.00167811999563,0.00920886918902,-0.00309918518178,0.000961617741268,0.000433185632573],[-0.000131020104163,0.0000945970314206,-0.0000800120906206,0.000754191656597,-0.00039995930274,-0.000268986157607,-0.0000820282730274,-0.00012894703832,0.00169575249311,-0.00309918518178,0.00845040567219,-0.00177562620956,0.0000418604613515],[-0.000159492818057,0.0000480570888612,-0.000209204838029,-0.000495000858791,0.000469501246698,-0.000449937040685,-0.0000336310695275,0.000855626771227,-0.00140065874439,0.000961617741268,-0.00177562620956,0.0083260089159,-0.00192415446509],[-0.0000179136623046,-0.000222788570682,-0.000142781922477,0.0000753150889068,-0.000250436685747,0.0000953149938141,0.000252641330007,-0.00183760118671,0.00160941225477,0.000433185632573,0.0000418604613515,-0.00192415446509,0.00886991899461]],"mean":[-711.110168457,125.06237793,-10.5016651154,30.0411434174,-2.72019600868,-7.35465812683,-2.81789588928,-5.85960388184,-3.70676755905,-1.2243206501,-4.55503034592,-5.4059176445,-1.40617525578]},"pitch_salience":{"dmean":0.0781249329448,"dmean2":0.128141343594,"dvar":0.00552783068269,"dvar2":0.014423600398,"max":0.992877304554,"mean":0.550444126129,"median":0.560670018196,"min":0.0346801839769,"var":0.0138558773324},"silence_rate_20dB":{"dmean":0,"dmean2":0,"dvar":0,"dvar2":0,"max":1,"mean":1,"median":1,"min":1,"var":0},"silence_rate_30dB":{"dmean":0.000274386053206,"dmean2":0.000548847427126,"dvar":0.000274313933915,"dvar2":0.000822982401587,"max":1,"mean":0.999862849712,"median":1,"min":0,"var":0.000137154042022},"silence_rate_60dB":{"dmean":0.0321031697094,"dmean2":0.0642151460052,"dvar":0.0310765951872,"dvar2":0.0685956254601,"max":1,"mean":0.171879291534,"median":0,"min":0,"var":0.142336592078},"spectral_centroid":{"dmean":267.254669189,"dmean2":394.866729736,"dvar":122233.429688,"dvar2":219162.875,"max":11479.1767578,"mean":1378.96105957,"median":1231.89355469,"min":125.58846283,"var":699863.25},"spectral_complexity":{"dmean":2.6980381012,"dmean2":4.014544487,"dvar":9.95073604584,"dvar2":19.7347888947,"max":52,"mean":13.9281206131,"median":11,"min":0,"var":108.762374878},"spectral_contrast_coeffs":{"dmean":[0.0487071014941,0.0475305728614,0.0424889028072,0.0332035161555,0.025497758761,0.018946217373],"dmean2":[0.0802550390363,0.0755348280072,0.0677784755826,0.0523412153125,0.0392145961523,0.0282670222223],"dvar":[0.00182736385614,0.00182728585787,0.00134716765024,0.000845299102366,0.000562788569368,0.000350009824615],"dvar2":[0.00457093399018,0.00419824710116,0.00334183033556,0.0019644042477,0.00116393656936,0.000702106102835],"max":[-0.246564224362,-0.337414264679,-0.451153099537,-0.491396218538,-0.537018120289,-0.592290878296],"mean":[-0.638652026653,-0.663588404655,-0.737010419369,-0.743400037289,-0.757807791233,-0.753636538982],"median":[-0.647926449776,-0.666622519493,-0.742497563362,-0.747829437256,-0.760597586632,-0.752585828304],"min":[-0.967071175575,-0.969042181969,-0.995658516884,-0.963510036469,-0.960186302662,-0.962612330914],"var":[0.00961615052074,0.00860977731645,0.00589943304658,0.00498750852421,0.00344280060381,0.00264846114442]},"spectral_contrast_valleys":{"dmean":[0.389507591724,0.396949023008,0.373066157103,0.319040805101,0.308905482292,0.302481681108],"dmean2":[0.644963562489,0.624710023403,0.579847037792,0.480380147696,0.424821615219,0.385865002871],"dvar":[0.119233958423,0.168242484331,0.173864588141,0.13536131382,0.144858703017,0.150151312351],"dvar2":[0.270625442266,0.32905125618,0.347935408354,0.244031667709,0.23313960433,0.207463338971],"max":[-5.32935571671,-5.104429245,-5.85445594788,-6.09943246841,-5.44111442566,-7.48370218277],"mean":[-8.20882129669,-7.62060880661,-8.28363227844,-8.72389984131,-8.30885028839,-11.2613658905],"median":[-7.26281642914,-7.32452106476,-8.19351005554,-8.58152103424,-8.16123104095,-11.1649494171],"min":[-26.6229457855,-27.2471523285,-27.3499565125,-27.1074714661,-27.3167915344,-27.2630825043],"var":[4.41545963287,1.77904641628,1.45219957829,1.74028968811,1.84399271011,2.44049525261]},"spectral_decrease":{"dmean":1.77586623185e-9,"dmean2":2.82340417712e-9,"dvar":9.34307781068e-18,"dvar2":2.39059382562e-17,"max":-1.00464396086e-22,"mean":-4.51723103367e-9,"median":-3.24508198091e-9,"min":-3.69269805844e-8,"var":2.03093685333e-17},"spectral_energy":{"dmean":0.00699618272483,"dmean2":0.0110519956797,"dvar":0.000138262010296,"dvar2":0.000350481539499,"max":0.145318925381,"mean":0.018510883674,"median":0.0131380818784,"min":4.56488332242e-15,"var":0.000333457719535},"spectral_energyband_high":{"dmean":0.000334381329594,"dmean2":0.000473539810628,"dvar":9.44036628425e-7,"dvar2":0.00000183011263744,"max":0.0179748926312,"mean":0.000799841654953,"median":0.000122690369608,"min":3.29320671244e-15,"var":0.00000291199307867},"spectral_energyband_low":{"dmean":0.00457605719566,"dmean2":0.00798598956317,"dvar":0.000115938550152,"dvar2":0.00032164080767,"max":0.123256877065,"mean":0.00602177064866,"median":0.00270091439597,"min":4.12271490867e-18,"var":0.000113283276733},"spectral_energyband_middle_high":{"dmean":0.00122896768153,"dmean2":0.00179837574251,"dvar":0.00000427509939982,"dvar2":0.00000818146509118,"max":0.0459099188447,"mean":0.00377214723267,"median":0.00143631990068,"min":8.41775201992e-16,"var":0.0000318606944347},"spectral_energyband_middle_low":{"dmean":0.00300153135322,"dmean2":0.0045485496521,"dvar":0.0000182837466127,"dvar2":0.0000409595886595,"max":0.0617592148483,"mean":0.00837024021894,"median":0.00657940749079,"min":4.33215894228e-17,"var":0.0000582509201195},"spectral_entropy":{"dmean":0.181649729609,"dmean2":0.262099295855,"dvar":0.0436905696988,"dvar2":0.085616402328,"max":9.80288410187,"mean":7.19170761108,"median":7.28058052063,"min":4.45234298706,"var":0.364954203367},"spectral_flux":{"dmean":0.0216031372547,"dmean2":0.0334626883268,"dvar":0.000728016893845,"dvar2":0.00142465298995,"max":0.31482642889,"mean":0.0675692781806,"median":0.0578359477222,"min":0.0000510731806571,"var":0.00235492410138},"spectral_kurtosis":{"dmean":2.60609984398,"dmean2":4.30788183212,"dvar":27.2336540222,"dvar2":63.6489677429,"max":184.175720215,"mean":7.68254041672,"median":5.06988239288,"min":-1.18547129631,"var":123.827186584},"spectral_rms":{"dmean":0.000717345799785,"dmean2":0.00108808802906,"dvar":8.16768988443e-7,"dvar2":0.00000189587979094,"max":0.0119069125503,"mean":0.00371312722564,"median":0.0035801732447,"min":2.11034234532e-9,"var":0.00000427208533438},"spectral_rolloff":{"dmean":537.505065918,"dmean2":877.743774414,"dvar":1179561.375,"dvar2":2450312.5,"max":16472.9003906,"mean":1661.44775391,"median":1098.19335938,"min":86.1328125,"var":3212123},"spectral_skewness":{"dmean":0.294278562069,"dmean2":0.465317726135,"dvar":0.165064126253,"dvar2":0.364862054586,"max":11.4242744446,"mean":1.8080381155,"median":1.59988355637,"min":-0.250173151493,"var":0.933723270893},"spectral_spread":{"dmean":444447.9375,"dmean2":655793.8125,"dvar":550623641600,"dvar2":948398391296,"max":40601864,"mean":4024787.5,"median":3836852.5,"min":681545.4375,"var":2296639127550},"spectral_strongpeak":{"dmean":0.446726948023,"dmean2":0.757424652576,"dvar":0.743776142597,"dvar2":1.785151124,"max":14.5158376694,"mean":0.80887401104,"median":0.402078866959,"min":2.77241767321e-8,"var":1.52161610126},"zerocrossingrate":{"dmean":0.0106065347791,"dmean2":0.0121804326773,"dvar":0.000303431705106,"dvar2":0.000320320803439,"max":0.48583984375,"mean":0.0590103641152,"median":0.048828125,"min":0.0029296875,"var":0.00209926627576}},"metadata":{"audio_properties":{"analysis_sample_rate":44100,"bit_rate":0,"codec":"flac","downmix":"mix","equal_loudness":0,"length":169.240005493,"lossless":true,"md5_encoded":"08d01c347b6a2e4033465519a375cf89","replay_gain":-8.09171104431,"sample_rate":44100},"tags":{"album":["Love You"],"albumartist":["The Beach Boys"],"albumartistsort":["Beach Boys, The"],"artist":["The Beach Boys"],"artistsort":["Beach Boys, The"],"asin":["B000008DAC"],"date":["1977-04-11"],"discnumber":["1"],"disctotal":["1"],"file_name":"01-05 Good Time.flac","genre":["Pop"],"media":["Vinyl"],"musicbrainz_albumartistid":["ebfc1398-8d96-47e3-82c3-f782abcdb13d"],"musicbrainz_albumid":["9963037c-06ec-4067-8095-0a93332db3e7"],"musicbrainz_artistid":["ebfc1398-8d96-47e3-82c3-f782abcdb13d"],"musicbrainz_recordingid":["7a301f35-4d33-4cc6-8706-658681bc0f65"],"musicbrainz_releasegroupid":["f9ca779a-a7cc-3129-b536-eda3dcfc550e"],"originaldate":["1977-04-11"],"performer":["The Beach Boys"],"releasecountry":["US"],"releasestatus":["official"],"releasetype":["album"],"script":["Latn"],"title":["Good Time"],"totaldiscs":["1"],"totaltracks":["14"],"tracknumber":["5"],"tracktotal":["14"]},"version":{"essentia":"2.1-beta1","essentia_build_sha":"ca57ba49d9b1854bd80e60cf9ccf267278fb7d6b","essentia_git_sha":"v2.1_beta1-28-g21ef5f4-dirty","extractor":"music 1.0"}},"rhythm":{"beats_count":323,"beats_loudness":{"dmean":0.012503166683,"dmean2":0.0208630040288,"dvar":0.000131961147417,"dvar2":0.000343246589182,"max":0.0837876945734,"mean":0.0266142487526,"median":0.0243254546076,"min":7.8929261349e-8,"var":0.000384500890505},"beats_loudness_band_ratio":{"dmean":[0.140886455774,0.160654574633,0.13693253696,0.0958805605769,0.0671718940139,0.0409043692052],"dmean2":[0.239532798529,0.291892290115,0.