{"lowlevel":{"average_loudness":0.858898699284,"barkbands":{"dmean":[0.00336775253527,0.0112676834688,0.00544155715033,0.00269736954942,0.0044323168695,0.00161861430388,0.00104167964309,0.00177201558836,0.00105192360934,0.000882039195858,0.000576913764235,0.00145027705003,0.000291419913992,0.000171953390236,0.000112617126433,0.0000793317667558,0.0000499527923239,0.0000290454736387,0.000020368339392,0.0000237655094679,0.0000113677288027,0.00000766463836044,0.00000379229618375,0.00000292071922559,0.00000278673542198,0.00000342773751072,0.0000752250198275],"dmean2":[0.00581287592649,0.0183876901865,0.00896783359349,0.00462033366784,0.00760896876454,0.0026897485368,0.00171580573078,0.00284979795106,0.0016585154226,0.00146117864642,0.000962606805842,0.00250119133852,0.000486596632982,0.000282977474853,0.000183581985766,0.000129636420752,0.0000812151265563,0.0000464815057057,0.0000331199917127,0.0000364339502994,0.000017696283976,0.0000116603096103,0.00000601700276093,0.00000483813391838,0.00000462037360194,0.00000549325932298,0.000119526950584],"dvar":[0.0000611864379607,0.000309470196953,0.0000526322037331,0.0000158005532285,0.0000560229018447,0.00000934995023272,0.00000387587760997,0.00000685419536239,0.00000314732005791,0.0000018499796397,8.73120995948e-7,0.00000986476334219,1.99979027116e-7,8.02915067766e-8,3.31261453823e-8,1.78649450788e-8,5.85772985673e-9,3.75210840176e-9,2.44992737208e-9,1.8673079083e-8,4.19652002037e-9,1.05740782796e-9,8.44664407862e-11,2.2655797377e-11,2.05508023793e-11,2.68525826574e-11,1.57992694483e-8],"dvar2":[0.000160985451657,0.000773490755819,0.000131960317958,0.0000414072565036,0.000157427610247,0.0000227057589655,0.00000880609059095,0.0000153765395225,0.000006957860478,0.00000467655718239,0.00000212090890273,0.0000290916250378,5.56178633815e-7,2.15341486864e-7,8.49349603982e-8,4.62883527064e-8,1.4240617574e-8,7.81759901258e-9,6.09737860202e-9,3.74332884689e-8,7.47232142828e-9,1.71962011297e-9,1.73866657183e-10,5.61953851508e-11,5.10985073698e-11,6.20164128384e-11,3.87952638903e-8],"max":[0.0847245678306,0.271186083555,0.115437157452,0.11339046061,0.176459446549,0.101248651743,0.0750471949577,0.0688141062856,0.0363761968911,0.04353280738,0.0405949838459,0.0457787588239,0.00809888541698,0.00567924976349,0.00326457084157,0.00280183600262,0.0012983630877,0.00239357096143,0.00214516744018,0.00689267599955,0.0038686899934,0.00228807516396,0.000536422827281,0.0000706075588823,0.0000652352755424,0.000124631027575,0.00288734771311],"mean":[0.00344146578573,0.0146875577047,0.00766741996631,0.00346476468258,0.00695255119354,0.00239388388582,0.00159380398691,0.00273054465652,0.00175301416311,0.00147457560524,0.000921048223972,0.00200967560522,0.000511484860908,0.000295575358905,0.000193340179976,0.000135912981932,0.0000883985921973,0.0000484809497721,0.0000332359595632,0.0000340335936926,0.0000156670612341,0.0000125387623484,0.00000509538676852,0.00000311093981509,0.00000292943013847,0.00000462886919195,0.000189821075764],"median":[0.00093050923897,0.00859928317368,0.00457443017513,0.00196204031818,0.00410796608776,0.00141467072535,0.000912716204766,0.00159353017807,0.00101595220622,0.000936196476687,0.000526071060449,0.000673260306939,0.000306782341795,0.000162018055562,0.00011036934302,0.0000759577815188,0.00005110942584,0.0000255040358752,0.0000156649621204,0.0000104723949335,0.00000519311015523,0.00000443165981778,0.00000219277490032,0.00000129582303998,0.00000121676157505,0.00000252273048318,0.000138722243719],"min":[2.18512893024e-23,3.36295947735e-23,8.29177771707e-24,1.61542021093e-23,2.35876668181e-23,6.70825604348e-23,2.25415031515e-23,3.27680987115e-23,1.40942950658e-22,5.60511295362e-23,1.73192543719e-22,1.47963169004e-22,5.47006312209e-23,3.40950858164e-23,1.91217169744e-22,2.11621618727e-22,1.35292156979e-22,1.92137536918e-22,2.0296975835e-22,2.3341210263e-22,4.5024161697e-22,5.52388880559e-22,6.48744415734e-22,8.55729854744e-22,1.12906377179e-21,1.68075295165e-21,2.39860223902e-21],"var":[0.0000517104890605,0.000357563199941,0.0000883754255483,0.0000251077999565,0.000106405022962,0.0000169458198798,0.00000731447789803,0.0000141773007272,0.00000621795743427,0.00000357792850991,0.00000166553297731,0.0000128512701849,3.68009239082e-7,1.50118580677e-7,6.42055582034e-8,3.2248347992e-8,1.26548815871e-8,8.11445843851e-9,4.81482365089e-9,3.5192005754e-8,7.36030969506e-9,2.5211939203e-9,1.49163292829e-10,2.51354406039e-11,2.21589413485e-11,4.18787053647e-11,3.70944874817e-8]},"barkbands_crest":{"dmean":2.89861273766,"dmean2":4.83334112167,"dvar":5.56479740143,"dvar2":15.1751117706,"max":26.5566596985,"mean":10.1035785675,"median":9.45167732239,"min":2.73390817642,"var":13.8769178391},"barkbands_flatness_db":{"dmean":0.0287655759603,"dmean2":0.0463370941579,"dvar":0.000566378992517,"dvar2":0.00146034662612,"max":0.394224643707,"mean":0.179353997111,"median":0.177306115627,"min":0.0259383711964,"var":0.00171566102654},"barkbands_kurtosis":{"dmean":5.49332284927,"dmean2":9.02332401276,"dvar":124.935707092,"dvar2":299.339782715,"max":749.198364258,"mean":10.6219501495,"median":6.73868274689,"min":-1.71257698536,"var":368.729187012},"barkbands_skewness":{"dmean":0.682325422764,"dmean2":1.10966002941,"dvar":0.427670836449,"dvar2":1.10051476955,"max":22.2844085693,"mean":2.23376083374,"median":2.03599691391,"min":-2.97214102745,"var":1.66858255863},"barkbands_spread":{"dmean":3.30493807793,"dmean2":5.40375852585,"dvar":12.1542015076,"dvar2":30.3675003052,"max":112.755905151,"mean":13.1588354111,"median":11.8171720505,"min":0.285289227962,"var":90.6508026123},"dissonance":{"dmean":0.0285411253572,"dmean2":0.0489875748754,"dvar":0.000628255074844,"dvar2":0.00172011414543,"max":0.500000298023,"mean":0.454674363136,"median":0.461448997259,"min":0.15909089148,"var":0.00103190704249},"dynamic_complexity":4.86777257919,"erbbands":{"dmean":[0.489269226789,2.09952425957,6.11102199554,7.36494731903,10.3884420395,17.5501689911,16.9585990906,12.8507919312,12.908246994,28.6241798401,29.9624576569,25.0279369354,24.1273670197,28.8181629181,22.9620227814,70.2207565308,16.1859130859,9.23051643372,6.61971759796,4.58610105515,3.75946235657,2.4534201622,1.7214692831,1.18691122532,0.997163176537,1.09331464767,0.69837731123,0.347505867481,0.289107054472,0.175949975848,0.101951315999,0.0665544718504,0.0462912395597,0.031211739406,0.0198519248515,0.0116181978956,0.00651789922267,0.00461765937507,0.00318219186738,0.00350514682941],"dmean2":[0.806890547276,3.48110866547,10.0396785736,12.3530740738,17.6815910339,30.3011569977,28.9604682922,21.3636264801,21.2162742615,46.4041633606,48.6800193787,39.0380477905,39.2650108337,48.2333450317,37.9667892456,121.822822571,27.0859909058,15.0418624878,10.7654390335,7.42530584335,6.11235523224,3.96688318253,2.7689063549,1.91847300529,1.6110470295,1.67760121822,1.0809262991,0.536751031876,0.44249895215,0.275119751692,0.16236141324,0.10948150605,0.0769275575876,0.0518280565739,0.0328348502517,0.0190798975527,0.0104069998488,0.00704752933234,0.00477918982506,0.00566062750295],"dvar":[0.943321168423,8.42854404449,64.3422012329,98.1350402832,291.980285645,1113.64807129,944.891296387,733.312072754,970.584106445,1785.81347656,1808.32189941,1825.82275391,1690.2598877,1933.23486328,1614.64526367,25900.1796875,621.677307129,222.35597229,105.542808533,63.7990989685,36.2804527283,14.1229457855,11.3890705109,10.075501442,7.50657081604,37.9284744263,21.6582183838,1.83753728867,1.65762019157,0.355838745832,0.0474843792617,0.012321789749,0.00570408813655,0.00260510388762,0.00103036256041,0.000330024282448,0.0000955509094638,0.000119101372547,0.0000953184789978,0.0000201183011086],"dvar2":[2.3670604229,21.8863124847,157.133178711,259.387542725,759.091064453,3102.31982422,2680.20654297,1797.51989746,2164.52978516,4165.63867188,4475.43212891,3888.96850586,4006.30102539,5230.00830078,4061.12524414,76748.4375,1770.50427246,598.248779297,275.549468994,159.051742554,92.9536590576,33.416305542,24.5537033081,24.9811172485,16.8413085938,72.6639328003,43.9240036011,2.90852308273,2.84032964706,0.619077682495,0.0895507931709,0.0293950550258,0.0142349535599,0.00648846756667,0.00255904486403,0.00081464991672,0.000217726861592,0.000185788318049,0.000191150931641,0.0000510370991833],"max":[9.56181430817,55.091003418,127.370132446,282.159362793,301.900848389,966.452636719,910.252685547,883.095275879,1336.93981934,837.567382812,938.67175293,964.659423828,1432.03625488,725.742736816,1405.94494629,2337.20605469,348.764129639,300.984558105,164.509277344,169.613189697,115.636550903,74.4214477539,128.95135498,130.717407227,125.334960938,311.936889648,236.072463989,78.3042297363,90.4177474976,33.4424552917,9.64894294739,2.13696098328,1.08693671227,0.736211657524,0.460649937391,0.257947564125,0.22825050354,0.715800046921,0.538332879543,0.0846334770322],"mean":[0.565077662468,2.75103449821,8.7212934494,10.9303541183,14.9555902481,24.5789985657,25.4669322968,18.9524021149,20.3118152618,44.0312843323,49.0467185974,42.62449646,41.9466285706,46.6609916687,43.5125808716,92.9257354736,30.3631668091,17.2346115112,12.5194034576,8.36679363251,7.1147236824,4.5470790863,2.96444201469,2.05042600632,1.52906346321,1.59696924686,0.94595593214,0.518874168396,0.471381008625,0.272931307554,0.135126367211,0.0750737711787,0.0480533614755,0.032502900809,0.0211418177933,0.0129759246483,0.00896450970322,0.00917731970549,0.00754060037434,0.0131606804207],"median":[0.235779702663,1.70966410637,5.49694633484,7.03676176071,8.31210422516,13.5284957886,14.5287065506,11.1010150909,11.1410140991,26.9679260254,31.0847320557,24.7047080994,26.6503334045,29.0870780945,24.9705924988,27.764377594,17.392873764,9.9840593338,7.50232791901,5.13781642914,4.135887146,2.77782154083,1.66587710381,1.02957963943,0.706404447556,0.48876786232,0.282375693321,0.189461320639,0.161265894771,0.110927179456,0.0574570074677,0.0317099131644,0.0194210950285,0.0133127253503,0.0089504905045,0.00607031676918,0.00493431929499,0.00493817031384,0.00503362296149,0.0117428861558],"min":[1.74936764405e-21,4.60552233474e-21,6.76542541175e-21,4.18324138138e-20,2.5779644399e-20,1.11939392541e-19,1.86466659672e-19,7.34819848403e-19,4.46539960303e-19,4.61397106381e-19,1.7337029419e-18,2.41809294877e-18,1.70397376049e-18,5.67248245404e-18,5.06832917338e-18,5.55219426295e-18,2.94807501186e-18,1.65209195849e-18,5.16704862999e-18,1.13570979933e-17,1.06119166221e-17,7.06456249129e-18,1.03705304301e-17,8.47292020222e-18,1.46529238706e-17,9.47575758093e-18,1.76863589586e-17,1.60527665843e-17,2.09769578816e-17,1.7377696513e-17,1.91270131093e-17,1.89439580398e-17,1.33958872722e-17,9.59990167445e-18,1.0866634484e-17,6.19408228239e-18,2.99251797861e-18,1.10586665311e-18,3.35296653172e-19,3.91590177728e-20],"var":[0.919440686703,10.5323562622,104.505096436,177.757339478,512.046020508,1849.87683105,1861.61254883,1140.6965332,1858.40063477,3314.06591797,3477.11450195,3839.37036133,3357.92529297,3204.6159668,3805.11352539,31874,1291.51416016,444.846374512,229.385894775,112.717147827,77.2130050659,29.1593647003,24.4484786987,18.9388484955,15.5827350616,77.7795181274,36.4411125183,4.38573408127,3.82010555267,0.759386599064,0.0954149663448,0.0155691774562,0.00612936494872,0.00278422795236,0.00112243252806,0.000376065843739,0.000155169720529,0.00039722758811,0.000259071064647,0.000078999219113]},"erbbands_crest":{"dmean":3.09097409248,"dmean2":5.21782970428,"dvar":8.7110710144,"dvar2":23.9857406616,"max":33.703250885,"mean":9.46581745148,"median":8.24196624756,"min":2.32732748985,"var":20.6130104065},"erbbands_flatness_db":{"dmean":0.0250970125198,"dmean2":0.0395990163088,"dvar":0.000434739282355,"dvar2":0.00109090365004,"max":0.406599849463,"mean":0.177305579185,"median":0.177540242672,"min":0.030441975221,"var":0.00175372534432},"erbbands_kurtosis":{"dmean":1.28685390949,"dmean2":2.11361265182,"dvar":12.4169559479,"dvar2":29.1470851898,"max":224.882263184,"mean":1.41981327534,"median":0.554944634438,"min":-1.64878928661,"var":32.8693313599},"erbbands_skewness":{"dmean":0.401174545288,"dmean2":0.661181807518,"dvar":0.130033358932,"dvar2":0.342709451914,"max":9.39883518219,"mean":0.225310117006,"median":0.199947595596,"min":-3.44507575035,"var":0.720364391804},"erbbands_spread":{"dmean":4.784532547,"dmean2":7.68411922455,"dvar":17.9840736389,"dvar2":43.9803657532,"max":108.719459534,"mean":21.8233528137,"median":19.4706115723,"min":0.479314506054,"var":132.433563232},"gfcc":{"cov":[[22142.234375,2696.68701172,-707.090270996,-416.417358398,1270.6862793,441.632385254,667.300842285,34.0366020203,231.500762939,-77.7003707886,92.472114563,-419.241668701,-53.8265533447],[2696.68701172,987.448120117,-112.121887207,-247.860046387,352.395599365,-14.1742267609,179.142120361,-60.1214179993,92.5144424438,-53.4630432129,53.1363067627,-100.892608643,1.85310554504],[-707.090270996,-112.121887207,265.921264648,79.9740524292,-78.6874237061,65.352645874,-68.8247833252,66.8218994141,-13.5375614166,30.1880760193,-18.1668014526,-9.50935554504,7.1969909668],[-416.417358398,-247.860046387,79.9740524292,249.575256348,-10.6487045288,-19.2987613678,-10.5882587433,31.2336425781,1.08928251266,24.1060886383,-18.484621048,17.083530426,-12.7267551422],[1270.6862793,352.395599365,-78.6874237061,-10.6487045288,307.931762695,29.5566596985,91.9570770264,-24.4656009674,49.3441009521,-18.6752758026,34.6327438354,-41.1806488037,-7.38326454163],[441.632385254,-14.1742267609,65.352645874,-19.2987613678,29.5566596985,215.237564087,-0.289433598518,45.534828186,-3.47486233711,29.2496013641,7.36444187164,-3.70129275322,-6.83554363251],[667.300842285,179.142120361,-68.8247833252,-10.5882587433,91.9570770264,-0.289433598518,166.779846191,-0.373521924019,56.2435379028,-3.17907118797,8.25676441193,-8.38575267792,-20.6912593842],[34.0366020203,-60.1214179993,66.8218994141,31.2336425781,-24.4656009674,45.534828186,-0.373521924019,118.013038635,21.1111927032,29.0523815155,1.43280661106,-20.213886261,1.74729001522],[231.500762939,92.5144424438,-13.5375614166,1.08928251266,49.3441009521,-3.47486233711,56.2435379028,21.1111927032,93.3614273071,28.3627662659,1.52862215042,-0.473249673843,-12.2044582367],[-77.7003707886,-53.4630432129,30.1880760193,24.1060886383,-18.6752758026,29.2496013641,-3.17907118797,29.0523815155,28.3627662659,63.5042724609,22.3489322662,5.06826305389,-6.99821090698],[92.472114563,53.1363067627,-18.1668014526,-18.484621048,34.6327438354,7.36444187164,8.25676441193,1.43280661106,1.52862215042,22.3489322662,58.8710250854,11.8850574493,5.639128685],[-419.241668701,-100.892608643,-9.50935554504,17.083530426,-41.1806488037,-3.70129275322,-8.38575267792,-20.213886261,-0.473249673843,5.06826305389,11.8850574493,73.6978912354,19.5122203827],[-53.8265533447,1.85310554504,7.1969909668,-12.7267551422,-7.38326454163,-6.83554363251,-20.6912593842,1.74729001522,-12.2044582367,-6.99821090698,5.639128685,19.5122203827,52.9401130676]],"icov":[[0.000100142526207,-0.000394373462768,0.000426933722338,-0.000319121172652,0.0000598639635427,-0.000323213607771,0.0000309262577503,-0.00021263686358,0.000261114211753,-0.000273053330602,0.00031848603976,0.000112802314106,-0.0000848112103995],[-0.000394373462768,0.00614082952961,-0.00378580018878,0.00513744773343,-0.00346449320205,0.00222766236402,-0.0026124168653,0.00299541978166,-0.00422689132392,0.00394852180034,-0.00447304360569,0.00404329271987,-0.00164793548174],[0.000426933722338,-0.00378580018878,0.00898794084787,-0.00516333756968,0.00312519283034,-0.00379378953949,0.00308034871705,-0.0031981181819,0.00177455111407,-0.00278343167156,0.00317576969974,0.000632355338894,-0.00117124407552],[-0.000319121172652,0.00513744773343,-0.00516333756968,0.0108611313626,-0.00587293831632,0.00466215051711,-0.00265960628167,-0.00023722005426,0.000654262956232,-0.00224664225243,0.00199632882141,-0.00206393213011,0.00196179375052],[0.0000598639635427,-0.00346449320205,0.00312519283034,-0.00587293831632,0.0102836824954,-0.00428379978985,0.000646344095003,0.00211990950629,-0.004478642717,0.00557796331123,-0.00625887187198,0.00465798052028,-0.00193605676759],[-0.000323213607771,0.00222766236402,-0.00379378953949,0.00466215051711,-0.00428379978985,0.00873379781842,-0.00129972735886,-0.0023481240496,0.00361114484258,-0.00470744958147,0.00268072006293,-0.00390471238643,0.00269351620227],[0.0000309262577503,-0.0026124168653,0.00308034871705,-0.00265960628167,0.000646344095003,-0.00129972735886,0.0109900068492,-0.00198245956562,-0.0036475234665,0.00175512302667,0.000306709611323,-0.00254204100929,0.00364326965064],[-0.00021263686358,0.00299541978166,-0.0031981181819,-0.00023722005426,0.00211990950629,-0.0023481240496,-0.00198245956562,0.0159319676459,-0.00791842583567,0.00267961062491,-0.00680054817349,0.0101228039712,-0.00572933396325],[0.000261114211753,-0.00422689132392,0.00177455111407,0.000654262956232,-0.004478642717,0.00361114484258,-0.0036475234665,-0.00791842583567,0.0275036618114,-0.0202339310199,0.0158337689936,-0.0115007171407,0.00522488262504],[-0.000273053330602,0.00394852180034,-0.00278343167156,-0.00224664225243,0.00557796331123,-0.00470744958147,0.00175512302667,0.00267961062491,-0.0202339310199,0.0405177287757,-0.0243542939425,0.00877629779279,0.000241101311985],[0.00031848603976,-0.00447304360569,0.00317576969974,0.00199632882141,-0.00625887187198,0.00268072006293,0.000306709611323,-0.00680054817349,0.0158337689936,-0.0243542939425,0.0371242314577,-0.0143248392269,0.00210222508758],[0.000112802314106,0.00404329271987,0.000632355338894,-0.00206393213011,0.00465798052028,-0.00390471238643,-0.00254204100929,0.0101228039712,-0.0115007171407,0.00877629779279,-0.0143248392269,0.0302493888885,-0.0129055092111],[-0.0000848112103995,-0.00164793548174,-0.00117124407552,0.00196179375052,-0.00193605676759,0.00269351620227,0.00364326965064,-0.00572933396325,0.00522488262504,0.000241101311985,0.00210222508758,-0.0129055092111,0.0269514322281]],"mean":[-40.8015823364,134.829498291,-75.4589996338,-20.5163326263,-17.5265617371,-8.67302417755,-3.7870194912,-13.0056247711,-5.56522750854,-11.3396902084,-4.84445953369,-5.75553417206,-5.10328865051]},"hfc":{"dmean":67.7114868164,"dmean2":111.51348877,"dvar":6034.57128906,"dvar2":16380.1503906,"max":1471.49719238,"mean":206.467803955,"median":191.493896484,"min":1.21782003173e-16,"var":17206.9160156},"melbands":{"dmean":[0.00367082515731,0.00292057543993,0.00125025585294,0.000990871340036,0.000633517338429,0.000285639340291,0.000195766086108,0.000348487665178,0.000227450000239,0.000160821262398,0.000122265817481,0.000120725118904,0.000072813629231,0.000145871716086,0.000110881963337,0.0000257306819549,0.0000174352153408,0.0000115808143164,0.00000773038573243,0.00000639571317151,0.00000429430792792,0.0000029188533972,0.0000020550651243,0.00000132930279051,9.98476139102e-7,7.48542220208e-7,7.40192376725e-7,7.71644124598e-7,5.58419174013e-7,2.42033081577e-7,1.98226032921e-7,1.76689795239e-7,1.49293185814e-7,8.38697999939e-8,6.16667890085e-8,4.8106088002e-8,3.80840319281e-8,3.29978853131e-8,2.89119803654e-8,2.54617518181e-8],"dmean2":[0.00602745776996,0.00481115933508,0.00209169322625,0.0016931729624,0.00108324852772,0.000473273394164,0.000321063620504,0.000561833148822,0.000370769237634,0.000251183664659,0.00019953539595,0.000202472292585,0.000120726406749,0.000250556418905,0.000191699160496,0.0000426721089752,0.0000285949990939,0.0000189646198123,0.0000125630112962,0.0000105621757029,0.00000706632863512,0.00000476070681543,0.00000338287122759,0.00000213780799641,0.00000162467563314,0.00000122986966744,0.00000119752280625,0.00000119302910662,8.57504403484e-7,3.85203264841e-7,3.10527070724e-7,2.72362996157e-7,2.32724914895e-7,1.3244124375e-7,9.86177894902e-8,7.79410100904e-8,6.31628509495e-8,5.48556968738e-8,4.80720636631e-8,4.22834958158e-8],"dvar":[0.0000446486919827,0.0000138732120831,0.00000273607679446,0.00000324309485222,0.00000120378524571,3.47714006921e-7,1.92162602275e-7,2.72698628123e-7,1.10542593745e-7,7.61784377801e-8,4.40645067101e-8,3.39128334303e-8,1.52968127054e-8,9.52456389314e-8,5.35000701518e-8,1.41806666409e-9,8.69294747297e-10,3.18161941237e-10,1.59525392895e-10,1.27629198876e-10,4.70245613282e-11,1.9862514411e-11,1.3126446978e-11,1.05675147452e-11,7.84636852019e-12,2.44339422827e-12,8.17234301065e-12,2.49522659479e-11,1.73513876878e-11,1.42862284502e-12,5.85488417731e-13,7.09053475656e-13,4.66248838583e-13,7.08709485412e-14,1.88746841914e-14,7.52451046078e-15,3.94195835235e-15,2.89576339524e-15,2.22678376152e-15,1.73799302315e-15],"dvar2":[0.000111834226118,0.0000344864747603,0.00000715851911082,0.00000880209881871,0.00000351846119884,8.45581666908e-7,4.2945063683e-7,6.18157173449e-7,2.7751525522e-7,1.60679931582e-7,1.047864302e-7,9.18515041803e-8,3.54188856022e-8,2.78303332379e-7,1.5895123795e-7,3.84003806531e-9,2.3678332628e-9,8.34215307943e-10,3.97014948694e-10,3.31443622548e-10,1.21717080859e-10,4.81275540254e-11,3.25306101501e-11,2.2648558376e-11,2.0503045442e-11,5.55022651103e-12,1.74697496053e-11,5.06427920433e-11,3.73211288263e-11,3.13212780365e-12,1.00151928851e-12,1.34743193166e-12,9.61286822712e-13,1.40245765847e-13,3.60835933886e-14,1.65314708808e-14,9.6639937128e-15,7.23670814706e-15,5.54999322799e-15,4.32684207677e-15],"max":[0.0804376900196,0.0509594976902,0.041643794626,0.0481795407832,0.0356419570744,0.0189582854509,0.0174158457667,0.0125561095774,0.00711799319834,0.00551355723292,0.00744658242911,0.00313919666223,0.00617152033374,0.00465357769281,0.00305639812723,0.000581644242629,0.000678434851579,0.00025785737671,0.000231666184845,0.000256704166532,0.000124217098346,0.0000809315752122,0.000103528072941,0.000157303351443,0.000115313843708,0.0000527437841811,0.000133906549308,0.000241986810579,0.000184468197403,0.0000747513549868,0.0000393786358472,0.000063605075411,0.0000432899105363,0.0000177299461939,0.00000642352779323,0.00000230890077546,9.23759159832e-7,7.70903398006e-7,6.78108222019e-7,6.00810096785e-7],"mean":[0.00458640092984,0.00429720943794,0.00198001926765,0.00145434925798,0.000975222676061,0.000426353886724,0.000309545866912,0.000535579863936,0.000373911345378,0.000263672904111,0.000205501070013,0.000188474456081,0.000126520128106,0.000214112893445,0.000154761990416,0.0000463880533061,0.0000299098064716,0.0000207898810913,0.0000132887680593,0.000010537448361,0.00000777849254519,0.00000508806260768,0.000003218456186,0.00000219398839363,0.00000161835703238,0.00000114098975246,0.00000104707658011,0.00000108436597657,7.1334943641e-7,3.20910402252e-7,2.88573346552e-7,2.71766765536e-7,2.30935128798e-7,1.19198041659e-7,8.0795494739e-8,5.72936755816e-8,4.06962286092e-8,3.38962991009e-8,2.98637559126e-8,2.6492273264e-8],"median":[0.00232510198839,0.00291784084402,0.00135490018874,0.000806873897091,0.000570265343413,0.000252381025348,0.000174261687789,0.000317033729516,0.000236382707953,0.000147353188368,0.000127278108266,0.000113571120892,0.0000751340048737,0.0000771783379605,0.0000576907841605,0.0000280643289443,0.0000162833130162,0.0000120303611766,0.00000797117718321,0.00000573456372877,0.00000443449334853,0.0000029436762361,0.00000178828463504,0.00000111271560854,7.59142380957e-7,5.39680172551e-7,4.17850628764e-7,2.8905031968e-7,1.87695491149e-7,1.18443729491e-7,9.98927731644e-8,9.02676617898e-8,7.90447529653e-8,5.24954408831e-8,3.36916272659e-8,2.39143176373e-8,1.66102278598e-8,1.34064723767e-8,1.20452412489e-8,1.07384039438e-8],"min":[1.35313705503e-23,4.57633554463e-24,6.6205569567e-24,3.91524525694e-24,6.65620873645e-24,1.48309194952e-23,6.89684286697e-24,4.77417673207e-24,1.93149074324e-23,1.50038898704e-23,7.94593478533e-24,2.15047442845e-23,1.87870679789e-23,1.73396139252e-23,1.05985016672e-23,4.42974349477e-24,2.85144877409e-24,5.60839595605e-24,1.75117307529e-23,1.5394895089e-23,1.11343685693e-23,5.16478515359e-24,1.13855268931e-23,9.7818436703e-24,5.85083736691e-24,9.85453325842e-24,1.06337842601e-23,5.22094731688e-24,8.63329374674e-24,1.2318964703e-23,8.95866731571e-24,1.15150625869e-23,1.13694301864e-23,9.65579947487e-24,1.12266408405e-23,1.13997997535e-23,1.13514804453e-23,9.4774419685e-24,7.43718024375e-24,7.8114237458e-24],"var":[0.0000461873059976,0.0000212836221181,0.00000500447504237,0.00000559458976568,0.00000242236728809,5.70070199046e-7,3.69963004232e-7,5.33479123987e-7,2.05896725447e-7,1.56750914471e-7,8.61874127622e-8,5.51901244705e-8,3.29287672685e-8,1.31787075475e-7,6.96342183915e-8,2.90479462706e-9,1.59194746274e-9,6.80950851262e-10,2.89385737595e-10,2.11672221417e-10,9.76951297638e-11,4.04917210872e-11,2.18056805251e-11,2.15083003491e-11,1.31160507802e-11,5.19696568765e-12,1.58598186667e-11,4.55720391979e-11,2.65614891193e-11,2.1675989996e-12,1.33071169101e-12,1.46107941284e-12,8.38544674236e-13,1.20604820076e-13,3.67569439241e-14,1.19351406132e-14,4.45078036113e-15,3.10029771156e-15,2.37702919515e-15,1.85762308618e-15]},"melbands_crest":{"dmean":4.20326423645,"dmean2":6.94713878632,"dvar":12.8487386703,"dvar2":32.9267158508,"max":39.3285942078,"mean":15.3371524811,"median":14.5576324463,"min":2.10689163208,"var":28.6776790619},"melbands_flatness_db":{"dmean":0.0361592248082,"dmean2":0.0580986812711,"dvar":0.000860645552166,"dvar2":0.00223233201541,"max":0.513900279999,"mean":0.306853175163,"median":0.306638658047,"min":0.00762011436746,"var":0.00288709509186},"melbands_kurtosis":{"dmean":5.85135602951,"dmean2":9.6722536087,"dvar":113.295043945,"dvar2":298.75189209,"max":291.198120117,"mean":9.9254283905,"median":5.54370164871,"min":-1.7507789135,"var":262.729766846},"melbands_skewness":{"dmean":0.739510297775,"dmean2":1.19570934772,"dvar":0.458712995052,"dvar2":1.17971277237,"max":13.6276359558,"mean":2.32701230049,"median":2.1348938942,"min":-5.30124568939,"var":1.64603412151},"melbands_spread":{"dmean":3.54406738281,"dmean2":5.83013820648,"dvar":12.619020462,"dvar2":32.1413040161,"max":125.044334412,"mean":11.5515384674,"median":10.504858017,"min":0.367638319731,"var":43.9227828979},"mfcc":{"cov":[[14329.1923828,4160.25146484,-1013.37689209,119.934646606,-17.5611495972,597.419555664,293.174224854,404.86138916,189.910919189,144.704284668,191.796951294,189.815628052,196.548873901],[4160.25146484,2315.25708008,-434.367156982,-29.9330158234,45.2310676575,212.523727417,120.411941528,136.370529175,73.5741958618,52.1105995178,91.4396743774,59.8843803406,77.2305679321],[-1013.37689209,-434.367156982,379.104064941,-38.1169700623,13.9648694992,-69.7115478516,-17.5191307068,-39.9551506042,13.6986160278,5.60396099091,-11.4043931961,1.87540316582,-37.3063545227],[119.934646606,-29.9330158234,-38.1169700623,251.70161438,2.64907646179,-12.1283302307,-14.4581327438,8.64983654022,8.11949920654,24.0388679504,-1.31298828125,-13.5060453415,-2.01107144356],[-17.5611495972,45.2310676575,13.9648694992,2.64907646179,161.722671509,26.3934020996,26.980594635,-3.58637142181,3.42057847977,9.16283893585,1.52933204174,6.4536485672,4.07509756088],[597.419555664,212.523727417,-69.7115478516,-12.1283302307,26.3934020996,144.934005737,33.2145805359,37.2385864258,10.6745758057,0.271661370993,16.0719852448,20.2775974274,28.9985408783],[293.174224854,120.411941528,-17.5191307068,-14.4581327438,26.980594635,33.2145805359,93.9793319702,28.2091655731,5.93037700653,12.3660097122,12.0013494492,17.8375740051,4.56913137436],[404.86138916,136.370529175,-39.9551506042,8.64983654022,-3.58637142181,37.2385864258,28.2091655731,74.9728393555,35.1234703064,14.0840768814,15.0788183212,9.40982437134,16.682220459],[189.910919189,73.5741958618,13.6986160278,8.11949920654,3.42057847977,10.6745758057,5.93037700653,35.1234703064,70.7625656128,37.2231712341,17.4348239899,13.8332338333,3.00174689293],[144.704284668,52.1105995178,5.60396099091,24.0388679504,9.16283893585,0.271661370993,12.3660097122,14.0840768814,37.2231712341,68.1887283325,34.8530464172,16.7940101624,6.5108962059],[191.796951294,91.4396743774,-11.4043931961,-1.31298828125,1.52933204174,16.0719852448,12.0013494492,15.0788183212,17.4348239899,34.8530464172,56.2574996948,32.7873954773,13.4184980392],[189.815628052,59.8843803406,1.87540316582,-13.5060453415,6.4536485672,20.2775974274,17.8375740051,9.40982437134,13.8332338333,16.7940101624,32.7873954773,56.9337081909,26.6888427734],[196.548873901,77.2305679321,-37.3063545227,-2.01107144356,4.07509756088,28.9985408783,4.56913137436,16.682220459,3.00174689293,6.5108962059,13.4184980392,26.6888427734,53.1284179688]],"icov":[[0.000172495070728,-0.000259394088062,0.0000975925431703,-0.000103291371488,0.000139095514896,-0.000255083781667,-0.00000107511482383,-0.000323136307998,0.000107837324322,-0.00022368808277,0.000320228049532,-0.000436408183305,0.000193329091417],[-0.000259394088062,0.00105898815673,0.000526440446265,0.000309120252496,-0.00032210253994,0.00000987229304883,-0.000418769603129,0.000346704764524,-0.00078038481297,0.000495794112794,-0.00116523681208,0.000805994437542,-0.00037920117029],[0.0000975925431703,0.000526440446265,0.00411345018074,0.000640143232886,-0.0004899930791,0.000652193150017,-0.000128538988065,0.000911742972676,-0.00190517911687,-0.000308660091832,0.00071486888919,-0.0020278217271,0.00217631203122],[-0.000103291371488,0.000309120252496,0.000640143232886,0.00455552944914,-0.000399956479669,0.000445708632469,0.00101968355011,-0.000956294650678,0.000658046570607,-0.00266934162937,0.000949638080783,0.000786257500295,0.000209825331694],[0.000139095514896,-0.00032210253994,-0.0004899930791,-0.000399956479669,0.00707643060014,-0.00162407732569,-0.00213641882874,0.00187755236402,-0.000418749608798,-0.00109866424464,0.0011237206636,-0.0000151550257215,-0.000585608300753],[-0.000255083781667,0.00000987229304883,0.000652193150017,0.000445708632469,-0.00162407732569,0.0103641813621,-0.00157319987193,-0.00206482247449,-0.000777150446083,0.0028768372722,-0.00193157000467,0.000245481089223,-0.00328869977966],[-0.00000107511482383,-0.000418769603129,-0.000128538988065,0.00101968355011,-0.00213641882874,-0.00157319987193,0.0155814494938,-0.00755044445395,0.0059409965761,-0.00505839614198,0.00389429461211,-0.00684479670599,0.00535353785381],[-0.000323136307998,0.000346704764524,0.000911742972676,-0.000956294650678,0.00187755236402,-0.00206482247449,-0.00755044445395,0.0269632134587,-0.0152384387329,0.00672173500061,-0.00669364631176,0.00817308574915,-0.00791646540165],[0.000107837324322,-0.00078038481297,-0.00190517911687,0.000658046570607,-0.000418749608798,-0.000777150446083,0.0059409965761,-0.0152384387329,0.0303930565715,-0.0167474728078,0.00786844920367,-0.00848444271833,0.00676279840991],[-0.00022368808277,0.000495794112794,-0.000308660091832,-0.00266934162937,-0.00109866424464,0.0028768372722,-0.00505839614198,0.00672173500061,-0.0167474728078,0.0336506925523,-0.0205077659339,0.00754817947745,-0.00516238249838],[0.000320228049532,-0.00116523681208,0.00071486888919,0.000949638080783,0.0011237206636,-0.00193157000467,0.00389429461211,-0.00669364631176,0.00786844920367,-0.0205077659339,0.0419001430273,-0.0221939682961,0.00641717389226],[-0.000436408183305,0.000805994437542,-0.0020278217271,0.000786257500295,-0.0000151550257215,0.000245481089223,-0.00684479670599,0.00817308574915,-0.00848444271833,0.00754817947745,-0.0221939682961,0.0402418076992,-0.0181172974408],[0.000193329091417,-0.00037920117029,0.00217631203122,0.000209825331694,-0.000585608300753,-0.00328869977966,0.00535353785381,-0.00791646540165,0.00676279840991,-0.00516238249838,0.00641717389226,-0.0181172974408,0.0317906886339]],"mean":[-704.846740723,196.832748413,-1.20482087135,11.4022073746,2.10551834106,11.330862999,4.91358757019,7.35335922241,1.81946396828,0.53167963028,1.23585116863,0.566592335701,2.58977007866]},"pitch_salience":{"dmean":0.0825218856335,"dmean2":0.137662038207,"dvar":0.00454641086981,"dvar2":0.0119886603206,"max":0.818274497986,"mean":0.566869914532,"median":0.577325820923,"min":0.0321769453585,"var":0.0100474841893},"silence_rate_20dB":{"dmean":0,"dmean2":0,"dvar":0,"dvar2":0,"max":1,"mean":1,"median":1,"min":1,"var":0},"silence_rate_30dB":{"dmean":0.0990580394864,"dmean2":0.198136135936,"dvar":0.0892548188567,"dvar2":0.190899387002,"max":1,"mean":0.890115439892,"median":1,"min":0,"var":0.0978150814772},"silence_rate_60dB":{"dmean":0.00060771801509,"dmean2":0.00121555919759,"dvar":0.000607347174082,"dvar2":0.00121407466941,"max":1,"mean":0.0852744579315,"median":0,"min":0,"var":0.0780023857951},"spectral_centroid":{"dmean":107.040512085,"dmean2":172.79006958,"dvar":22489.1308594,"dvar2":41988.3320312,"max":11431.9238281,"mean":602.35546875,"median":558.207397461,"min":196.144348145,"var":90759.109375},"spectral_complexity":{"dmean":2.52223229408,"dmean2":4.0368719101,"dvar":6.11244916916,"dvar2":13.9773492813,"max":53,"mean":16.3078784943,"median":17,"min":0,"var":45.7745895386},"spectral_contrast_coeffs":{"dmean":[0.0564271584153,0.0501011647284,0.0386306345463,0.0287475809455,0.0246421843767,0.0312829315662],"dmean2":[0.0951720029116,0.0839051380754,0.0648813098669,0.0480408146977,0.0400894656777,0.0503474101424],"dvar":[0.00193999230396,0.00154057482723,0.000908907910343,0.000531160156243,0.000414550420828,0.00102151348256],"dvar2":[0.00544210057706,0.0043342015706,0.00253620999865,0.00148652878124,0.00108885508962,0.00251632439904],"max":[-0.330397516489,-0.509744167328,-0.584809780121,-0.641632974148,-0.692490935326,-0.485667198896],"mean":[-0.661049962044,-0.770772874355,-0.791805446148,-0.809208571911,-0.830598652363,-0.815012991428],"median":[-0.664671242237,-0.774317383766,-0.793478727341,-0.809216618538,-0.828156352043,-0.829569935799],"min":[-0.962787926197,-0.964429855347,-0.96155667305,-0.976815700531,-0.967867612839,-0.958349645138],"var":[0.0058309789747,0.00341750355437,0.00269594346173,0.00247014639899,0.00164884072728,0.00248529831879]},"spectral_contrast_valleys":{"dmean":[0.405610710382,0.348275959492,0.296753436327,0.300099462271,0.401095747948,0.640277445316],"dmean2":[0.668060302734,0.575483500957,0.483992904425,0.468459874392,0.624993383884,1.02963829041],"dvar":[0.119999468327,0.0926298871636,0.0738914757967,0.0862964391708,0.146357700229,0.321288317442],"dvar2":[0.29255887866,0.21928858757,0.164421781898,0.182148382068,0.324532538652,0.781825780869],"max":[-4.78791093826,-4.51871395111,-5.13178920746,-5.86049461365,-5.97119235992,-8.93969726562],"mean":[-6.72944641113,-6.32955217361,-6.84250879288,-7.76648044586,-8.51790523529,-11.3343505859],"median":[-6.25506305695,-5.91954469681,-6.40413379669,-7.38467407227,-8.23003768921,-11.0760984421],"min":[-27.7299385071,-27.4550151825,-27.0760364532,-27.0829944611,-27.6649208069,-27.2914161682],"var":[3.07768750191,2.38172292709,2.57014203072,2.32030248642,1.83620536327,1.76536369324]},"spectral_decrease":{"dmean":5.59448753989e-9,"dmean2":8.81388384499e-9,"dvar":5.21377035525e-17,"dvar2":1.25045422595e-16,"max":5.06063635441e-9,"mean":-1.07451638698e-8,"median":-8.87665585481e-9,"min":-9.70482645357e-8,"var":8.73078482463e-17},"spectral_energy":{"dmean":0.0221930444241,"dmean2":0.0343794338405,"dvar":0.000767557008658,"dvar2":0.00178396666888,"max":0.407929331064,"mean":0.0592818707228,"median":0.053269829601,"min":1.07518842412e-20,"var":0.00164196663536},"spectral_energyband_high":{"dmean":0.0000738171947887,"dmean2":0.000111712171929,"dvar":4.34526157278e-8,"dvar2":7.60328688898e-8,"max":0.00961176399142,"mean":0.000160746101756,"median":0.00010399617895,"min":7.63601685059e-21,"var":1.16261048788e-7},"spectral_energyband_low":{"dmean":0.0172583013773,"dmean2":0.0277980882674,"dvar":0.000628318754025,"dvar2":0.00153147580568,"max":0.332658320665,"mean":0.0272916164249,"median":0.0191502403468,"min":6.79363666806e-23,"var":0.00084229366621},"spectral_energyband_middle_high":{"dmean":0.00227517844178,"dmean2":0.00372711918317,"dvar":0.0000126450131575,"dvar2":0.0000352938332071,"max":0.0523454137146,"mean":0.00551761128008,"median":0.00371122383513,"min":1.53798503125e-21,"var":0.0000333010357281},"spectral_energyband_middle_low":{"dmean":0.0077752280049,"dmean2":0.0127090327442,"dvar":0.000102381010947,"dvar2":0.000264964357484,"max":0.206377327442,"mean":0.0193637069315,"median":0.0160707496107,"min":3.10854716535e-22,"var":0.000271500990493},"spectral_entropy":{"dmean":0.222906529903,"dmean2":0.350894868374,"dvar":0.0355097800493,"dvar2":0.0880733132362,"max":9.78998374939,"mean":7.02748775482,"median":7.01314973831,"min":4.95292377472,"var":0.133055344224},"spectral_flux":{"dmean":0.0321453474462,"dmean2":0.0520222187042,"dvar":0.00126698496751,"dvar2":0.00298694404773,"max":0.466937243938,"mean":0.132325857878,"median":0.130055099726,"min":1.03691291664e-10,"var":0.00390236731619},"spectral_kurtosis":{"dmean":10.2371225357,"dmean2":16.3678531647,"dvar":103.117996216,"dvar2":260.247589111,"max":113.530548096,"mean":30.2471256256,"median":27.7500724792,"min":-1.16289031506,"var":241.1980896},"spectral_rms":{"dmean":0.00129258842207,"dmean2":0.00196278537624,"dvar":0.0000017890969275,"dvar2":0.00000396136374547,"max":0.0199494324625,"mean":0.00701414747164,"median":0.00720906164497,"min":3.2387718809e-12,"var":0.00000863797140482},"spectral_rolloff":{"dmean":6375.72900391,"dmean2":12475.9130859,"dvar":82215872,"dvar2":182614336,"max":22050,"mean":11097.2529297,"median":3789.84375,"min":21.533203125,"var":104260832},"spectral_skewness":{"dmean":0.665904521942,"dmean2":1.05656063557,"dvar":0.375591039658,"dvar2":0.938900232315,"max":8.26426696777,"mean":3.97455430031,"median":3.91323041916,"min":-0.0307843331248,"var":1.16636538506},"spectral_spread":{"dmean":582665.9375,"dmean2":922919.3125,"dvar":330729357312,"dvar2":703791693824,"max":40134840,"mean":3232497.75,"median":2998090,"min":1303470.25,"var":1413006491650},"spectral_strongpeak":{"dmean":3.22164201736,"dmean2":6.12779378891,"dvar":169.89616394,"dvar2":478.504669189,"max":147.475585938,"mean":2.3397192955,"median":0.312270313501,"min":0,"var":120.383049011},"zerocrossingrate":{"dmean":0.0400674492121,"dmean2":0.052526243031,"dvar":0.00113954744302,"dvar2":0.00192896591034,"max":0.6875,"mean":0.25064766407,"median":0.24609375,"min":0,"var":0.00676603754982}},"metadata":{"audio_properties":{"analysis_sample_rate":44100,"bit_rate":192000,"codec":"mp3","downmix":"mix","equal_loudness":0,"length":229.250610352,"lossless":false,"md5_encoded":"9d21b0117c8f8940884d391d936e5ad4","replay_gain":-3.50515365601,"sample_rate":44100},"tags":{"album":["Kiss Me Kiss Me Kiss Me"],"albumartist":["The Cure"],"albumartistsort":["Cure, The"],"artist":["The Cure"],"artistsort":["Cure, The"],"asin":["B000002H4Q"],"barcode":["075596073721"],"catalognumber":["E2 60737 553727T"],"composer":["Boris Williams","Laurence Tolhurst","Porl Thompson","Simon Gallup","Robert Smith"],"date":["1987"],"file_name":"13 Icing Sugar.mp3","genre":["Progressive Rock"],"label":["Columbia House"],"lyricist":["Robert Smith"],"musicbrainz album release country":["CA"],"musicbrainz album status":["official"],"musicbrainz album type":["album"],"musicbrainz_albumartistid":["69ee3720-a7cb-4402-b48d-a02c366f2bcf"],"musicbrainz_albumid":["d304235b-0294-4dc8-aade-532ff3767ad8"],"musicbrainz_artistid":["69ee3720-a7cb-4402-b48d-a02c366f2bcf"],"musicbrainz_recordingid":["7a66ca46-4ac9-4229-b6f5-3b1b8f5318fc"],"performer:bass":["Simon Gallup"],"performer:keyboard":["Laurence Tolhurst"],"performer:keyboard and guitar":["Robert Smith"],"performer:percussion instruments and drums":["Boris Williams"],"performer:saxophone, keyboard and guitar":["Porl Thompson"],"performer:vocal":["Robert Smith"],"title":["Icing Sugar"],"tracknumber":["13/17"]},"version":{"essentia":"2.1-beta1","essentia_build_sha":"9f04d4dd351e2d05498f0c7e4880499648f24ac0","essentia_git_sha":"v2.1_beta1-34-gf95df8b","extractor":"music 1.0"}},"rhythm":{"beats_count":541,"beats_loudness":{"dmean":0.0349057987332,"dmean2":0.0609636753798,"dvar":0.00107059755828,"dvar2":0.00310950004496,"max":0.276289820671,"mean":0.0835706815124,"median":0.0805208012462,"min":4.82597073415e-8,"var":0.00197469256818},"beats_loudness_band_ratio":{"dmean":[0.149286866188,0.078116953373,0.0671917200089,0.0435383841395,0.0060250214301,0.0541681684554],"dmean2":[0.249738901854