{"lowlevel":{"average_loudness":0.932942271233,"barkbands":{"dmean":[0.00469264853746,0.00823481660336,0.00171903695446,0.00107746652793,0.00159412587527,0.00163371360395,0.00114640849642,0.000591862073634,0.000851631746627,0.00103594106622,0.000731821521185,0.000778189860284,0.00051969231572,0.000893811054993,0.000639685837086,0.000364337029168,0.000246416864684,0.000245157309109,0.000127087390865,0.0000915845885174,0.0000920311358641,0.0000787963581388,0.0000265931703325,0.00000858055773278,0.00000375191893909,0.0000192706775124,0.000714824476745],"dmean2":[0.00769088417292,0.013957570307,0.00299361697398,0.0018564790953,0.00273899151944,0.00250946683809,0.00179356755689,0.000989753520116,0.00140443537384,0.00172095699236,0.00123269646429,0.00133276823908,0.000883297354449,0.00151585554704,0.00109665293712,0.000624025298748,0.000431170134107,0.00042185158236,0.000217034670641,0.000153873828822,0.00014723437198,0.000130876564072,0.0000420936121373,0.0000127647845147,0.0000060015318013,0.0000278192037513,0.00121527444571],"dvar":[0.0000852012381074,0.000200012582354,0.0000100702991404,0.00000259117609858,0.0000045919700824,0.0000085548408606,0.00000456602492704,0.00000125121619021,0.00000240375788962,0.0000024474975362,0.00000112896304927,9.82961068985e-7,3.63021683825e-7,0.00000135003608648,5.11138694037e-7,1.9802267559e-7,1.92976798985e-7,1.75646562184e-7,5.79725458749e-8,2.78256067077e-8,6.32664125533e-8,1.29794230475e-7,9.49487866109e-9,3.5177694091e-10,3.33521925355e-11,2.53505949566e-9,4.6386466579e-7],"dvar2":[0.000210950456676,0.000537521380465,0.0000282232194877,0.0000069328148129,0.0000126757022372,0.0000177373312908,0.0000105812414404,0.00000318825595969,0.00000614973805568,0.00000631238572169,0.00000282213090941,0.00000274971648651,9.80252821137e-7,0.00000363440449291,0.00000142717829021,5.52540882381e-7,5.5257294207e-7,4.93329423534e-7,1.57959590297e-7,7.3547056445e-8,1.58165605058e-7,3.45646697042e-7,2.44251090464e-8,7.28135052253e-10,7.92990534348e-11,5.6181650443e-9,0.00000131440526729],"max":[0.168881043792,0.172535836697,0.0424576848745,0.0430978983641,0.0368235632777,0.0681717470288,0.043505307287,0.024819182232,0.0477302223444,0.0317558906972,0.0412034764886,0.0174730941653,0.00881420634687,0.0199663471431,0.011959630996,0.00541074667126,0.011958617717,0.00707856426015,0.00338723487221,0.00287679838948,0.00699365092441,0.0106966076419,0.00345178646967,0.000350305170286,0.000123093064758,0.00114909710828,0.0101000620052],"mean":[0.00592990638688,0.0108332112432,0.00189126643818,0.00139514764305,0.00272581912577,0.0037156320177,0.0020424653776,0.000906152592506,0.0014843136305,0.00176379212644,0.00123602082022,0.00139454356395,0.00097474764334,0.00174867932219,0.00133147882298,0.000760328432079,0.000478438363643,0.000479448586702,0.000234949897276,0.00018726073904,0.00016073572624,0.0000928508816287,0.0000346497581631,0.0000122245055536,0.00000460783530798,0.0000291801570711,0.00275991042145],"median":[0.00273984670639,0.00637520942837,0.000970510183834,0.000828189775348,0.00179563672282,0.00114295550156,0.000870637479238,0.000495704240166,0.000798706430942,0.00114398880396,0.000848820607644,0.00106171052903,0.000794269959442,0.00129839102738,0.00110072526149,0.000651335576549,0.000391470850445,0.00038039663923,0.000163188509759,0.000136780974572,0.0000931073445827,0.0000394909075112,0.0000123653526316,0.00000386999499824,0.00000198427233045,0.000009828489965,0.00273424899206],"min":[1.16519962183e-23,8.44980154474e-24,1.88460589974e-23,3.49661215733e-24,2.67887949518e-23,2.60648509882e-23,5.595655458e-23,3.94684686703e-23,6.35993987503e-23,3.19864164405e-23,4.98896935706e-23,7.6865249764e-23,5.97558412281e-23,9.62715688203e-23,8.4757001638e-23,1.29340005811e-22,1.08009711805e-22,1.87326848547e-22,2.06591828973e-22,2.66809772298e-22,4.46801981475e-22,3.78686732696e-22,4.67248094935e-22,9.23905511337e-22,1.40218695568e-21,1.70671937489e-21,2.1489546469e-21],"var":[0.0000970244582277,0.000218672343181,0.00000871614702191,0.00000351621110894,0.00000882585027284,0.0000532744779775,0.0000120712866192,0.00000223394863497,0.00000462213483843,0.00000441949578089,0.00000211427573049,0.0000016136556269,5.85698330724e-7,0.00000289140598397,0.00000103412867247,3.10786276714e-7,1.94490667127e-7,2.01568951752e-7,7.22424360333e-8,4.71869689989e-8,7.68826566855e-8,9.39030613267e-8,8.1461166701e-9,6.86376677717e-10,4.9439181915e-11,4.03588007458e-9,0.00000165312565059]},"barkbands_crest":{"dmean":2.39166617393,"dmean2":3.97120690346,"dvar":4.64262008667,"dvar2":11.8431921005,"max":21.5622272491,"mean":7.71795654297,"median":6.95797109604,"min":2.1680829525,"var":10.4552698135},"barkbands_flatness_db":{"dmean":0.0204326882958,"dmean2":0.0324230343103,"dvar":0.000363121333066,"dvar2":0.000907130073756,"max":0.251066714525,"mean":0.109423279762,"median":0.105240806937,"min":0.0269804634154,"var":0.0011025716085},"barkbands_kurtosis":{"dmean":1.59502887726,"dmean2":2.64232158661,"dvar":6.70493459702,"dvar2":17.5034751892,"max":42.4397659302,"mean":1.82053315639,"median":1.07461452484,"min":-1.85557448864,"var":8.40533256531},"barkbands_skewness":{"dmean":0.40623241663,"dmean2":0.656829535961,"dvar":0.197130262852,"dvar2":0.498194992542,"max":6.09708070755,"mean":1.37987458706,"median":1.28156149387,"min":-2.04424762726,"var":0.419587314129},"barkbands_spread":{"dmean":9.52234745026,"dmean2":15.5720129013,"dvar":70.7000656128,"dvar2":184.743988037,"max":127.060035706,"mean":49.4938774109,"median":48.7950286865,"min":8.44436168671,"var":246.604431152},"dissonance":{"dmean":0.0129082435742,"dmean2":0.0222687404603,"dvar":0.000154333451064,"dvar2":0.000433675770182,"max":0.5,"mean":0.479876250029,"median":0.483823567629,"min":0.355247974396,"var":0.000239403263549},"dynamic_complexity":2.03375101089,"erbbands":{"dmean":[0.462465167046,1.14570116997,1.88909852505,2.89874243736,4.25098752975,5.51354265213,11.9607057571,11.8170003891,18.4185600281,10.3792448044,15.2616300583,17.9438056946,24.710559845,32.9185142517,30.5257339478,32.0971183777,22.7737159729,38.6588668823,39.4451293945,22.765083313,17.6966133118,13.37358284,14.1384563446,7.56306409836,5.83676338196,4.32568693161,3.7005546093,3.64223456383,2.96906399727,1.77548277378,0.63556843996,0.261303573847,0.104112416506,0.0475410297513,0.0245371609926,0.0262051541358,0.0404028669,0.0500604845583,0.0185158699751,0.0128589365631],"dmean2":[0.790199220181,1.94544410706,3.27010321617,4.96699714661,7.38706111908,9.49345397949,19.2296600342,18.3394947052,28.4046497345,16.8275718689,25.3809375763,29.8543720245,41.1595878601,54.9958152771,51.5410270691,54.7889900208,38.7058868408,64.9610824585,67.8664703369,38.7493629456,30.5381565094,23.3230895996,24.3598861694,13.0401315689,9.93244743347,7.24203968048,6.05082368851,5.79415798187,4.89179086685,2.96784973145,0.990283966064,0.391182482243,0.157125040889,0.0750658735633,0.039558570832,0.0389412865043,0.0580042004585,0.076861679554,0.0288694091141,0.0215844269842],"dvar":[0.780044019222,2.9156935215,11.3601531982,19.9687271118,29.8685817719,71.2947235107,527.204040527,429.008422852,1256.96679688,400.252624512,861.519226074,1122.546875,1689.9486084,2657.16015625,2041.66662598,1794.28674316,700.895385742,3176.64501953,1880.08166504,875.569763184,530.24017334,582.770629883,552.776123047,239.339324951,125.39289093,60.3619117737,72.9129257202,133.786804199,171.832321167,73.2422103882,4.54018259048,0.407603859901,0.0420960262418,0.00613795500249,0.0012835226953,0.00256527983584,0.0107506141067,0.0320680290461,0.00128291733563,0.000140672971611],"dvar2":[2.13007211685,7.67742061615,31.3664417267,53.7646522522,83.0089797974,196.176986694,1214.08300781,937.841064453,2830.38623047,947.056640625,2157.22875977,2961.35009766,4359.06884766,6956.5625,5025.07128906,4918.54003906,1912.95532227,8429.59570312,5221.53564453,2469.13110352,1464.3692627,1668.25402832,1549.67163086,664.374389648,338.622528076,157.995269775,186.441390991,333.378967285,455.793914795,197.437011719,11.5754117966,0.901675701141,0.0866911709309,0.0138949919492,0.00312078627758,0.00519971828908,0.0230696406215,0.0816269293427,0.00315001700073,0.000384988583392],"max":[10.2330608368,21.3172245026,48.4286079407,114.911834717,83.2219085693,186.718917847,568.705566406,415.866668701,729.118408203,589.308410645,719.460449219,719.40447998,820.594970703,1510.46936035,1924.74755859,810.846618652,430.106445312,1055.9453125,782.330749512,597.549377441,342.352386475,750.831542969,433.89263916,250.011291504,153.543502808,137.352554321,269.249908447,289.453552246,384.813446045,282.935455322,76.780921936,16.3719787598,3.32024526596,1.63415050507,0.635081589222,0.904574513435,2.03407025337,5.03820562363,0.801577627659,0.221113950014],"mean":[0.56316357851,1.49540984631,2.22802138329,3.94492435455,6.53546380997,8.72408485413,24.3511123657,25.432056427,33.4085922241,18.6875171661,24.9202041626,31.6468448639,43.8654747009,58.5663414001,56.8652496338,59.3331031799,47.1868209839,79.770072937,87.1164016724,52.6861763,38.6389846802,28.5872001648,29.0683612823,14.5311307907,11.0329475403,8.91486644745,7.09447383881,5.72136449814,3.56790852547,2.00859260559,0.857448935509,0.374021947384,0.146242365241,0.060532040894,0.029647924006,0.0371938534081,0.0614890754223,0.0798302143812,0.0649265274405,0.0683175101876],"median":[0.278519451618,0.938062727451,1.23677051067,2.38662981987,4.18542718887,5.39002418518,7.82637643814,9.32089614868,12.5511865616,10.2446460724,13.845164299,17.8183059692,26.1467418671,38.0228881836,40.8459777832,44.7264060974,39.5562362671,57.4003639221,75.0395431519,42.7786102295,33.4305076599,24.2342720032,23.5159034729,10.5645217896,7.64099311829,6.55774402618,4.56151866913,3.0452234745,1.56418156624,0.736257135868,0.304988265038,0.118577845395,0.0506198145449,0.0242277923971,0.0137237152085,0.0132720731199,0.0198084097356,0.0382668040693,0.056093595922,0.0693113580346],"min":[2.80873104889e-22,2.547347125e-21,1.89052225934e-20,2.05706780554e-20,2.416118152e-20,7.48934302614e-20,1.63970797905e-19,3.05157939813e-19,2.28359622461e-19,1.01635537108e-18,9.04973537044e-19,1.47039139719e-18,9.10264701229e-19,1.31506900523e-18,2.46924145516e-18,2.56059755675e-18,2.96036009152e-18,5.41491867722e-18,7.8450173254e-18,4.14938858829e-18,7.54021946765e-18,6.39124243575e-18,9.60748774784e-18,1.13153783119e-17,1.29705493469e-17,1.13069278348e-17,1.36883146439e-17,1.94126865513e-17,1.34720838415e-17,1.27434510456e-17,1.4957880547e-17,1.89325148232e-17,1.52761482139e-17,1.4043066766e-17,1.02059330687e-17,6.57173076387e-18,2.77718197885e-18,1.08798776456e-18,3.07393266171e-19,3.30516395799e-20],"var":[0.783394634724,3.38832879066,10.2429828644,25.5882873535,51.9695777893,111.493743896,2647.86889648,1949.16662598,3877.50048828,996.03302002,1505.91162109,2013.390625,2931.86425781,4758.56835938,3990.89794922,2956.80126953,1181.25366211,6883.32763672,3781.0847168,1782.86853027,795.453186035,612.053527832,665.531799316,259.418365479,164.441574097,105.136169434,107.853797913,139.000335693,126.965888977,50.8327560425,4.25399684906,0.669915378094,0.0848907157779,0.0100953197107,0.00178830348887,0.00525681348518,0.0185647439212,0.0296988263726,0.00285794725642,0.000763836724218]},"erbbands_crest":{"dmean":2.15951323509,"dmean2":3.62669992447,"dvar":3.97430062294,"dvar2":10.4875068665,"max":26.6385612488,"mean":7.46148395538,"median":6.85146713257,"min":2.44351863861,"var":7.3847489357},"erbbands_flatness_db":{"dmean":0.0185363907367,"dmean2":0.0287317950279,"dvar":0.000259974593064,"dvar2":0.000599692633841,"max":0.313011050224,"mean":0.150607198477,"median":0.147794380784,"min":0.038447406143,"var":0.00124216149561},"erbbands_kurtosis":{"dmean":0.666519761086,"dmean2":1.10310125351,"dvar":0.409664660692,"dvar2":1.11828362942,"max":8.51113128662,"mean":0.579105257988,"median":0.433093547821,"min":-1.44097757339,"var":1.17654514313},"erbbands_skewness":{"dmean":0.277175575495,"dmean2":0.449792295694,"dvar":0.047477979213,"dvar2":0.125722065568,"max":2.10053944588,"mean":-0.252188652754,"median":-0.278318852186,"min":-1.97060394287,"var":0.247789606452},"erbbands_spread":{"dmean":4.48046779633,"dmean2":7.24117040634,"dvar":16.1870002747,"dvar2":40.200176239,"max":86.8650131226,"mean":23.9284210205,"median":23.1638126373,"min":4.23503494263,"var":62.1436233521},"gfcc":{"cov":[[9749.40136719,-180.659591675,-400.787506104,488.263519287,-401.135345459,-425.975250244,429.691375732,-227.053405762,120.662117004,248.431396484,22.3848876953,162.812774658,2.17418909073],[-180.659591675,735.465332031,-85.3424072266,-330.204772949,229.104370117,-89.6485214233,-26.0662612915,-36.214717865,31.2542800903,-104.345123291,51.6998100281,-72.6508865356,69.2422561646],[-400.787506104,-85.3424072266,192.881713867,33.0616188049,-53.7689781189,109.67880249,-93.3311843872,62.6013832092,-20.2629108429,13.2820186615,-13.7162084579,8.6758928299,-15.7873306274],[488.263519287,-330.204772949,33.0616188049,346.366973877,-65.7185516357,-12.0537071228,104.455429077,-28.1356391907,5.61938476562,74.6602249146,-16.6211414337,48.5973434448,-38.506816864],[-401.135345459,229.104370117,-53.7689781189,-65.7185516357,257.980682373,24.6427879333,27.9628448486,-6.20127534866,13.564406395,-67.8164367676,22.611946106,-37.3370475769,19.3837604523],[-425.975250244,-89.6485214233,109.67880249,-12.0537071228,24.6427879333,199.253753662,-44.0720558167,89.7611618042,-22.2852973938,-22.8088607788,-23.7702026367,-7.92336750031,-7.9304728508],[429.691375732,-26.0662612915,-93.3311843872,104.455429077,27.9628448486,-44.0720558167,180.940185547,-27.9630279541,38.970287323,15.5393104553,-10.7560520172,17.0701942444,-4.3778128624],[-227.053405762,-36.214717865,62.6013832092,-28.1356391907,-6.20127534866,89.7611618042,-27.9630279541,117.436004639,10.1753292084,4.89866447449,-3.22020816803,-17.1996364594,-0.0596043244004],[120.662117004,31.2542800903,-20.2629108429,5.61938476562,13.564406395,-22.2852973938,38.970287323,10.1753292084,77.7567825317,28.9930725098,16.3866043091,11.6749343872,-10.832113266],[248.431396484,-104.345123291,13.2820186615,74.6602249146,-67.8164367676,-22.8088607788,15.5393104553,4.89866447449,28.9930725098,85.5816040039,25.7134685516,26.4728221893,-0.708639740944],[22.3848876953,51.6998100281,-13.7162084579,-16.6211414337,22.611946106,-23.7702026367,-10.7560520172,-3.22020816803,16.3866043091,25.7134685516,55.488910675,19.5898628235,16.9838371277],[162.812774658,-72.6508865356,8.6758928299,48.5973434448,-37.3370475769,-7.92336750031,17.0701942444,-17.1996364594,11.6749343872,26.4728221893,19.5898628235,59.2850990295,7.94221067429],[2.17418909073,69.2422561646,-15.7873306274,-38.506816864,19.3837604523,-7.9304728508,-4.3778128624,-0.0596043244004,-10.832113266,-0.708639740944,16.9838371277,7.94221067429,57.8421058655]],"icov":[[0.000159276518389,-0.000360125821317,0.000621192215476,-0.000422955839895,0.000381934543839,-0.000167542108102,0.0000942401675275,-0.000113901420264,0.0000992606655927,-0.000378161726985,0.000342407205608,-0.000448097009212,0.000144088597153],[-0.000360125821317,0.00771529087797,-0.0072419331409,0.00615805247799,-0.00276305573061,0.00418038573116,-0.00434966664761,0.00382001325488,-0.00448680389673,0.00682773068547,-0.0079518025741,0.00884220004082,-0.00556145235896],[0.000621192215476,-0.0072419331409,0.021181166172,-0.00897412095219,0.00339172105305,-0.00853575579822,0.0119712958112,-0.00631860038266,0.00321725942194,-0.00817083474249,0.0112631516531,-0.0121063394472,0.00590296881273],[-0.000422955839895,0.00615805247799,-0.00897412095219,0.0123637681827,-0.00473188608885,0.00468507735059,-0.00792606640607,0.00332753150724,0.00176048208959,-0.00263929693028,-0.0017005186528,0.00209794240072,0.000565827591345],[0.000381934543839,-0.00276305573061,0.00339172105305,-0.00473188608885,0.0121519966051,-0.00605308823287,-0.000909241498448,0.00279917148873,-0.00486816000193,0.00967437215149,-0.0105590857565,0.00734185054898,-0.00260011712089],[-0.000167542108102,0.00418038573116,-0.00853575579822,0.00468507735059,-0.00605308823287,0.0154338581488,-0.00286536524072,-0.00672943936661,0.00280988309532,0.00194830424152,0.00270346668549,-0.00217043794692,-0.00023373530712],[0.0000942401675275,-0.00434966664761,0.0119712958112,-0.00792606640607,-0.000909241498448,-0.00286536524072,0.0169368684292,-0.00388168613426,-0.0026020752266,-0.00484850909561,0.0127495778725,-0.00952548533678,0.00140163931064],[-0.000113901420264,0.00382001325488,-0.00631860038266,0.00332753150724,0.00279917148873,-0.00672943936661,-0.00388168613426,0.0205699522048,-0.00915671698749,0.0044177128002,-0.0102753527462,0.0152976093814,-0.00695533398539],[0.0000992606655927,-0.00448680389673,0.00321725942194,0.00176048208959,-0.00486816000193,0.00280988309532,-0.0026020752266,-0.00915671698749,0.0282339565456,-0.0172751639038,0.00821676943451,-0.0147072859108,0.0139102907851],[-0.000378161726985,0.00682773068547,-0.00817083474249,-0.00263929693028,0.00967437215149,0.00194830424152,-0.00484850909561,0.0044177128002,-0.0172751639038,0.0428729280829,-0.0301966574043,0.0176048260182,-0.0117443921044],[0.000342407205608,-0.0079518025741,0.0112631516531,-0.0017005186528,-0.0105590857565,0.00270346668549,0.0127495778725,-0.0102753527462,0.00821676943451,-0.0301966574043,0.0558357872069,-0.0311834029853,0.00536759290844],[-0.000448097009212,0.00884220004082,-0.0121063394472,0.00209794240072,0.00734185054898,-0.00217043794692,-0.00952548533678,0.0152976093814,-0.0147072859108,0.0176048260182,-0.0311834029853,0.0479707345366,-0.015907978639],[0.000144088597153,-0.00556145235896,0.00590296881273,0.000565827591345,-0.00260011712089,-0.00023373530712,0.00140163931064,-0.00695533398539,0.0139102907851,-0.0117443921044,0.00536759290844,-0.015907978639,0.029935978353]],"mean":[31.7745056152,93.7761077881,-107.519950867,-12.9168329239,1.81625318527,-16.9327945709,1.67324626446,-20.7121505737,3.56474781036,-8.79396533966,-2.22444200516,-1.52342045307,-0.282689750195]},"hfc":{"dmean":44.2932395935,"dmean2":73.4483108521,"dvar":1563.0925293,"dvar2":4245.56494141,"max":763.387207031,"mean":248.899337769,"median":249.118438721,"min":1.18142382008e-16,"var":7969.81494141},"melbands":{"dmean":[0.00315067195334,0.00106089399196,0.000495442305692,0.000338533864124,0.000364149746019,0.000287339789793,0.000261126086116,0.000107820153062,0.000133886816911,0.000117222836707,0.000127500112285,0.000141047217767,0.000101794663351,0.0000911887691473,0.0000642397935735,0.0000526953335793,0.0000841868750285,0.0000724473793525,0.0000415627437178,0.0000287219445454,0.0000207803695957,0.0000149765028254,0.000015060782971,0.0000117027248052,0.00000619270804236,0.00000489203603138,0.0000039032188397,0.00000285998339677,0.00000241325619754,0.00000218234094973,0.00000224211544264,0.00000179284768365,0.00000143014528931,8.12429902908e-7,3.87892328035e-7,2.30656610256e-7,1.36466056233e-7,7.79630298098e-8,5.20663263615e-8,3.66593191359e-8],"dmean2":[0.00528856972232,0.00181619741488,0.000852766912431,0.000579938176088,0.000593884673435,0.000440157484263,0.000403550220653,0.000176714893314,0.000221749331104,0.000194852953427,0.000212432642002,0.000235259634792,0.000171706749825,0.000155430258019,0.00010918645421,0.000089516332082,0.000141674187034,0.000124853424495,0.0000713423869456,0.0000494688392791,0.0000358963552571,0.0000260748929577,0.0000261623172264,0.0000201150542125,0.0000107563855636,0.00000837833158585,0.0000066233119469,0.0000048220717872,0.00000400547378376,0.00000352598681275,0.00000358987358595,0.00000295345762424,0.00000243157137447,0.00000134955769227,6.10041809068e-7,3.51145928335e-7,2.05054433877e-7,1.18693705531e-7,8.11370881593e-8,5.87830086829e-8],"dvar":[0.0000338274985552,0.00000254561973634,4.957300348e-7,2.25932851095e-7,4.16731467112e-7,2.46816796334e-7,2.43306459424e-7,4.02822522005e-8,6.29111411854e-8,4.95478928997e-8,4.46384333941e-8,4.99727050851e-8,2.23402203403e-8,1.31131345782e-8,6.12724848637e-9,3.86355436532e-9,1.60676147942e-8,6.37697361583e-9,2.27629604055e-9,1.26234622755e-9,7.73030583989e-10,7.11307457379e-10,6.13184558684e-10,4.38869940389e-10,1.56053434064e-10,8.54095960623e-11,5.23082757664e-11,2.5122404157e-11,2.81901550714e-11,2.93513824356e-11,5.95434118678e-11,5.88573148552e-11,5.15379093569e-11,1.38086772919e-11,1.66634208602e-12,4.00354554196e-13,1.02686752873e-13,2.60399036047e-14,9.16880639338e-15,3.4852604218e-15],"dvar2":[0.0000892770476639,0.00000682689233145,0.00000133823004944,6.18176045464e-7,0.00000100749480225,5.21478796145e-7,5.54093787741e-7,9.82928938242e-8,1.57678044843e-7,1.30347629579e-7,1.14912005245e-7,1.30245453533e-7,5.49763363722e-8,3.6333368314e-8,1.68989551241e-8,1.05110222748e-8,4.260457942e-8,1.77222627684e-8,6.34245589382e-9,3.54072282605e-9,2.14005035915e-9,2.04016803451e-9,1.76119296924e-9,1.22012366877e-9,4.34913466352e-10,2.33565361496e-10,1.41109554597e-10,6.58681650889e-11,7.36119915024e-11,7.40992961434e-11,1.48135351208e-10,1.54790485984e-10,1.41361949924e-10,3.67814875779e-11,4.27060600425e-12,9.58054273935e-13,2.19635046912e-13,5.49372084825e-14,2.05484484002e-14,8.16733646995e-15],"max":[0.0685943961143,0.0220585614443,0.0172285698354,0.00865724310279,0.0152543419972,0.0104296831414,0.0101061770692,0.00532333180308,0.00647023878992,0.00623255781829,0.00425541540608,0.00620134919882,0.00614599790424,0.00216592638753,0.00108097936027,0.0010223913705,0.00241770665161,0.0015036247205,0.000855559599586,0.000603547552601,0.000470398372272,0.000865226902533,0.000475613574963,0.000455879577203,0.000212435639696,0.000132538698381,0.000133023044327,0.000102548845462,0.000164566983585,0.000152679640451,0.000190639111679,0.000224804825848,0.0002049094619,0.000131349501316,0.0000446990525234,0.0000173180214915,0.00000586391297475,0.00000281845973404,0.00000178420293651,0.00000128704789404],"mean":[0.00427626911551,0.00142218510155,0.00074178253999,0.000544304493815,0.000743600248825,0.000647827633657,0.000475525390357,0.000187028665096,0.000216679734876,0.000201885253773,0.00021999963792,0.000238246371737,0.00017862963432,0.000168023820152,0.000117981951917,0.0000998046307359,0.000158947499585,0.000148826497025,0.0000877419151948,0.0000584301487834,0.0000408899177273,0.0000281825723505,0.0000299463154079,0.0000211639580812,0.0000106569978016,0.00000856900805957,0.00000708436800778,0.00000557788735023,0.0000044235966925,0.00000382988719139,0.00000315504235004,0.00000210961525227,0.0000015206471744,9.33491776323e-7,5.14223984283e-7,3.20108824781e-7,1.90808009393e-7,1.08650780817e-7,6.75041889053e-8,4.46456880354e-8],"median":[0.00242757308297,0.00090755475685,0.000498484238051,0.000356330245268,0.000276072794804,0.00022507259564,0.000185636046808,0.000103357466287,0.000118842181109,0.000110491055239,0.000128992978716,0.000149394007167,0.000124809128465,0.000129453968839,0.0000918431542232,0.0000813035294414,0.000107564083009,0.000125861770357,0.000071910006227,0.00004769579391,0.0000342327002727,0.0000228671615332,0.0000248320466198,0.0000158632428793,0.00000736620177122,0.00000577387845624,0.00000476110426462,0.00000405244099966,0.00000281475695374,0.00000224791892833,0.00000152103575601,9.16281010177e-7,5.55470819563e-7,3.32575098128e-7,1.82006743898e-7,1.01983324896e-7,5.68938105516e-8,3.61626426582e-8,2.48390978896e-8,1.80951591489e-8],"min":[3.98619067359e-24,7.93130535984e-24,4.76049157308e-24,1.73981793532e-24,7.37014284403e-24,6.05470229621e-24,5.49445485905e-24,1.05769673423e-23,7.54264069159e-24,9.35333679317e-24,4.68645027181e-24,5.39139964811e-24,8.13458929309e-24,7.68289306079e-24,5.09145422156e-24,7.65481513459e-24,9.79789856745e-24,1.13522984941e-23,4.81159003822e-24,7.21384977718e-24,7.11628030498e-24,6.08042586704e-24,7.70574951666e-24,9.19183803321e-24,9.41649930813e-24,7.86039465307e-24,9.85589483234e-24,6.48897890201e-24,6.81975459046e-24,1.09670661596e-23,1.1878354333e-23,7.17271935844e-24,6.61869761154e-24,6.8738594045e-24,7.63913573524e-24,1.06945778258e-23,1.15017758027e-23,1.29545736002e-23,6.62660515326e-24,1.3965409709e-23],"var":[0.0000371902860934,0.00000273724958788,6.84587689648e-7,3.59983602038e-7,0.00000204231105272,0.00000132916625262,7.27453084437e-7,9.51205336719e-8,1.09964297224e-7,8.84868356366e-8,7.71098100927e-8,8.78972841178e-8,4.28001243336e-8,2.2244854847e-8,9.91211113188e-9,6.14028516921e-9,3.37635412961e-8,1.19268133147e-8,4.59243798545e-9,2.16335815928e-9,1.05110842252e-9,7.10937198001e-10,6.75178746246e-10,4.84710993565e-10,1.63340480031e-10,1.03462294287e-10,7.32258559344e-11,4.33646972497e-11,4.24119003806e-11,3.85396645153e-11,5.71751986034e-11,4.4249534592e-11,3.41692195371e-11,9.93862631082e-12,1.54288170781e-12,5.20568722677e-13,1.86859493265e-13,5.08434813077e-14,1.53610255077e-14,5.23538994478e-15]},"melbands_crest":{"dmean":4.5932302475,"dmean2":7.60628700256,"dvar":17.4539489746,"dvar2":45.5207366943,"max":36.6249313354,"mean":14.888422966,"median":13.5240888596,"min":1.93386566639,"var":45.2083892822},"melbands_flatness_db":{"dmean":0.0284581854939,"dmean2":0.0452290102839,"dvar":0.000645228661597,"dvar2":0.0016310462961,"max":0.386791676283,"mean":0.209647729993,"median":0.205690413713,"min":0.00409229332581,"var":0.00219537317753},"melbands_kurtosis":{"dmean":3.03847503662,"dmean2":5.11525154114,"dvar":26.6586685181,"dvar2":71.6971893311,"max":81.5215835571,"mean":3.63767147064,"median":2.14625597,"min":-1.59635162354,"var":30.5003890991},"melbands_skewness":{"dmean":0.592572212219,"dmean2":0.970371901989,"dvar":0.397020161152,"dvar2":1.02646696568,"max":8.33231449127,"mean":1.72141969204,"median":1.58991086483,"min":-1.05254209042,"var":0.86730748415},"melbands_spread":{"dmean":6.76585769653,"dmean2":11.0431632996,"dvar":43.6820831299,"dvar2":114.086784363,"max":174.867095947,"mean":28.5124607086,"median":27.3185100555,"min":3.00324273109,"var":159.10925293},"mfcc":{"cov":[[6378.32226562,-253.804916382,-123.333526611,706.110412598,-644.176757812,153.101913452,-113.126289368,-73.8829040527,-54.3950157166,144.983139038,-20.3813152313,20.0882320404,68.6780776978],[-253.804916382,1112.03894043,-293.011993408,-223.697692871,169.392654419,-97.8017578125,-3.65158700943,-11.506146431,18.555929184,-78.3323974609,-1.48624420166,-25.0786399841,-20.9258556366],[-123.333526611,-293.011993408,325.613891602,-61.4462089539,19.3358268738,-12.5773792267,-21.9312782288,0.348274081945,-6.93970632553,15.7421703339,2.28735780716,12.3728284836,-5.17043113708],[706.110412598,-223.697692871,-61.4462089539,348.555419922,-146.914596558,87.5894012451,-3.96409606934,-24.6348152161,-19.7035198212,36.2789611816,4.47788000107,8.36827278137,24.9204730988],[-644.176757812,169.392654419,19.3358268738,-146.914596558,246.54133606,-15.9271602631,41.091217041,34.326259613,11.6408205032,-28.3281669617,11.7729635239,6.05944538116,-14.161438942],[153.101913452,-97.8017578125,-12.5773792267,87.5894012451,-15.9271602631,111.235961914,24.9602985382,30.6742286682,4.78314781189,11.2332229614,-1.8864723444,2.46546936035,4.67060995102],[-113.126289368,-3.65158700943,-21.9312782288,-3.96409606934,41.091217041,24.9602985382,87.7029495239,31.7399730682,29.6236057281,-0.312578678131,-6.35976839066,-2.98573303223,-3.51049900055],[-73.8829040527,-11.506146431,0.348274081945,-24.6348152161,34.326259613,30.6742286682,31.7399730682,87.8790130615,34.1916503906,12.6820878983,5.80445814133,4.36686038971,-5.00969696045],[-54.3950157166,18.555929184,-6.93970632553,-19.7035198212,11.6408205032,4.78314781189,29.6236057281,34.1916503906,63.9766159058,23.7520771027,8.75332641602,3.5503077507,-3.00525212288],[144.983139038,-78.3323974609,15.7421703339,36.2789611816,-28.3281669617,11.2332229614,-0.312578678131,12.6820878983,23.7520771027,57.9423103333,19.4370136261,14.202539444,8.57856655121],[-20.3813152313,-1.48624420166,2.28735780716,4.47788000107,11.7729635239,-1.8864723444,-6.35976839066,5.80445814133,8.75332641602,19.4370136261,46.4676132202,22.0912971497,7.9714550972],[20.0882320404,-25.0786399841,12.3728284836,8.36827278137,6.05944538116,2.46546936035,-2.98573303223,4.36686038971,3.5503077507,14.202539444,22.0912971497,44.0595245361,19.5479431152],[68.6780776978,-20.9258556366,-5.17043113708,24.9204730988,-14.161438942,4.67060995102,-3.51049900055,-5.00969696045,-3.00525212288,8.57856655121,7.9714550972,19.5479431152,43.5768928528]],"icov":[[0.000254178739851,-0.000176273446414,-0.000128511484945,-0.000353703362634,0.000517710112035,-0.0000922183826333,0.0000252677564276,-0.000130524727865,0.000265177659458,-0.000473493739264,0.00025621970417,-0.000163791875821,0.00000504944728164],[-0.000176273446414,0.00202928041108,0.00201827450655,0.00108895800076,-0.00132003007457,0.000671720539685,0.00108041672502,0.000621339655481,-0.00141194253229,0.00166584074032,-0.000404444581363,0.000398614443839,-0.00000364053744306],[-0.000128511484945,0.00201827450655,0.00548303965479,0.00190746458247,-0.00139858957846,0.000329009955749,0.00184365385212,0.000683046353515,-0.000310298521072,-0.000507236749399,0.000689199834596,-0.00100797181949,0.00087327871006],[-0.000353703362634,0.00108895800076,0.00190746458247,0.00664815818891,0.00146624376066,-0.00377884111367,-0.00071022217162,0.00241884985007,0.00135502382182,-0.00141230423469,-0.00134498090483,0.0000862909073476,-0.00081403972581],[0.000517710112035,-0.00132003007457,-0.00139858957846,0.00146624376066,0.00833995267749,-0.000974331516773,-0.00369296362624,-0.0016652418999,0.00234509189613,0.00118604931049,-0.00260791834444,-0.00179444765672,0.00108178216033],[-0.0000922183826333,0.000671720539685,0.000329009955749,-0.00377884111367,-0.000974331516773,0.0145670529455,-0.00222541601397,-0.0056542493403,0.00141930521931,0.000394551316276,0.00114362605382,0.0000805211238912,-0.000264399743173],[0.0000252677564276,0.00108041672502,0.00184365385212,-0.00071022217162,-0.00369296362624,-0.00222541601397,0.0180423203856,-0.00174126052298,-0.00844223797321,0.00256212078966,0.00400660233572,0.000351850350853,-0.000581757631153],[-0.000130524727865,0.000621339655481,0.000683046353515,0.00241884985007,-0.0016652418999,-0.0056542493403,-0.00174126052298,0.0184037964791,-0.00714234448969,-0.00113024085294,-0.000575721205678,-0.00110388104804,0.00157261255663],[0.000265177659458,-0.00141194253229,-0.000310298521072,0.00135502382182,0.00234509189613,0.00141930521931,-0.00844223797321,-0.00714234448969,0.0287873055786,-0.0126034608111,-0.00145204830915,0.000315195386065,0.00179176265374],[-0.000473493739264,0.00166584074032,-0.000507236749399,-0.00141230423469,0.00118604931049,0.000394551316276,0.00256212078966,-0.00113024085294,-0.0126034608111,0.0315362103283,-0.0093463761732,-0.00201121089049,-0.00175223266706],[0.00025621970417,-0.000404444581363,0.000689199834596,-0.00134498090483,-0.00260791834444,0.00114362605382,0.00400660233572,-0.000575721205678,-0.00145204830915,-0.0093463761732,0.0336556881666,-0.0140365902334,0.0014192169765],[-0.000163791875821,0.000398614443839,-0.00100797181949,0.0000862909073476,-0.00179444765672,0.0000805211238912,0.000351850350853,-0.00110388104804,0.000315195386065,-0.00201121089049,-0.0140365902334,0.037652105093,-0.0143145453185],[0.00000504944728164,-0.00000364053744306,0.00087327871006,-0.00081403972581,0.00108178216033,-0.000264399743173,-0.000581757631153,0.00157261255663,0.00179176265374,-0.00175223266706,0.0014192169765,-0.0143145453185,0.0306513849646]],"mean":[-629.444824219,163.822006226,-41.1857261658,23.0132465363,5.26647758484,19.5880203247,-0.0668788850307,6.25069618225,3.40557837486,2.04766750336,1.2829413414,1.55196547508,-0.740744650364]},"pitch_salience":{"dmean":0.072833225131,"dmean2":0.119302384555,"dvar":0.00466629955918,"dvar2":0.0118623226881,"max":0.958341062069,"mean":0.597299158573,"median":0.61517739296,"min":0.141897499561,"var":0.0105309635401},"silence_rate_20dB":{"dmean":0,"dmean2":0,"dvar":0,"dvar2":0,"max":1,"mean":1,"median":1,"min":1,"var":0},"silence_rate_30dB":{"dmean":0.0434710457921,"dmean2":0.0869493037462,"dvar":0.0415829084814,"dvar2":0.0954895317554,"max":1,"mean":0.960514307022,"median":1,"min":0,"var":0.0379245765507},"silence_rate_60dB":{"dmean":0.000331840041326,"dmean2":0.0006637351471,"dvar":0.000331735936925,"dvar2":0.000663330836687,"max":1,"mean":0.0258813761175,"median":0,"min":0,"var":0.025211289525},"spectral_centroid":{"dmean":184.467330933,"dmean2":295.978759766,"dvar":43698.5039062,"dvar2":93167.328125,"max":10952.3574219,"mean":1365.93859863,"median":1303.03234863,"min":511.029632568,"var":193945.765625},"spectral_complexity":{"dmean":3.59598469734,"dmean2":5.88384628296,"dvar":10.1764135361,"dvar2":24.4348926544,"max":60,"mean":30.6141853333,"median":31,"min":0,"var":77.1076431274},"spectral_contrast_coeffs":{"dmean":[0.0522888414562,0.0473524853587,0.0370590798557,0.0268233790994,0.0223231501877,0.0371698141098],"dmean2":[0.0886485800147,0.0796961635351,0.0628114491701,0.0461562387645,0.0373568870127,0.0586856380105],"dvar":[0.00164432160091,0.00138520763721,0.000799574831035,0.00041159891407,0.000408171850722,0.00113155960571],"dvar2":[0.00464857276529,0.00390622601844,0.00231719994918,0.00119879969861,0.00107158790343,0.00279836007394],"max":[-0.408709287643,-0.435560971498,-0.567793130875,-0.690908491611,-0.604639291763,-0.519172489643],"mean":[-0.709566414356,-0.765264987946,-0.801209449768,-0.808205127716,-0.789998173714,-0.729484438896],"median":[-0.713431239128,-0.774632155895,-0.804026603699,-0.809314608574,-0.795766234398,-0.718581318855],"min":[-0.962160110474,-0.966849386692,-0.966363072395,-0.956737458706,-0.957017660141,-0.961933910847],"var":[0.00450986158103,0.0050231940113,0.00200324086472,0.000948286440689,0.00132725690491,0.00569459516555]},"spectral_contrast_valleys":{"dmean":[0.365859538317,0.335966557264,0.265320211649,0.208869084716,0.252811223269,0.529416441917],"dmean2":[0.612642228603,0.565237343311,0.447578817606,0.353975504637,0.40560400486,0.823588311672],"dvar":[0.0988303273916,0.0852996557951,0.0617309324443,0.0463461913168,0.105916373432,0.213184654713],"dvar2":[0.237664952874,0.202531829476,0.137829944491,0.0906238034368,0.219935625792,0.530194461346],"max":[-5.00168561935,-4.65868854523,-5.02946567535,-5.13155984879,-5.53268480301,-8.8697681427],"mean":[-6.6876950264,-6.2800154686,-6.37376689911,-6.52371358871,-7.30018234253,-10.8813171387],"median":[-6.53538894653,-6.15178728104,-6.2378578186,-6.37181663513,-6.97379875183,-10.7830991745],"min":[-27.4832496643,-27.73229599,-27.1811542511,-27.3959598541,-27.4600315094,-27.2752914429],"var":[0.984001636505,1.05070841312,0.9365426898,0.878112792969,1.38379502296,0.937140822411]},"spectral_decrease":{"dmean":3.77440079191e-9,"dmean2":6.10346351237e-9,"dvar":2.92811150409e-17,"dvar2":7.29054095545e-17,"max":1.84213977406e-9,"mean":-7.9318294155e-9,"median":-6.50349241127e-9,"min":-6.40126529561e-8,"var":4.80600009176e-17},"spectral_energy":{"dmean":0.0145557438955,"dmean2":0.0236313864589,"dvar":0.000409168802435,"dvar2":0.00102537753992,"max":0.259740650654,"mean":0.0525125414133,"median":0.0494897663593,"min":1.09172565481e-20,"var":0.000845007714815},"spectral_energyband_high":{"dmean":0.000456249224953,"dmean2":0.000739030831028,"dvar":8.80964421413e-7,"dvar2":0.00000226760153055,"max":0.0267057083547,"mean":0.00154831225518,"median":0.00144590204582,"min":7.786622691e-21,"var":0.00000129229647428},"spectral_energyband_low":{"dmean":0.0114689189941,"dmean2":0.0189562067389,"dvar":0.000365784886526,"dvar2":0.000933304720093,"max":0.225037515163,"mean":0.0180280003697,"median":0.0119654815644,"min":4.40813769898e-23,"var":0.000454757799162},"spectral_energyband_middle_high":{"dmean":0.00265567959286,"dmean2":0.00441071623936,"dvar":0.00000965696381172,"dvar2":0.00002565376235,"max":0.0507039651275,"mean":0.0102645354345,"median":0.00953981745988,"min":1.37502398822e-21,"var":0.0000303819106193},"spectral_energyband_middle_low":{"dmean":0.00415821233764,"dmean2":0.00664516258985,"dvar":0.0000250676348514,"dvar2":0.0000614797172602,"max":0.0955507233739,"mean":0.0127147203311,"median":0.00866997241974,"min":2.63849006927e-22,"var":0.00013257318642},"spectral_entropy":{"dmean":0.110068723559,"dmean2":0.169108197093,"dvar":0.0115857440978,"dvar2":0.0253025535494,"max":9.79611873627,"mean":7.6591091156,"median":7.68913078308,"min":6.56590938568,"var":0.0675727277994},"spectral_flux":{"dmean":0.0224378127605,"dmean2":0.0367252603173,"dvar":0.000753585714847,"dvar2":0.00176984851714,"max":0.388164788485,"mean":0.127166971564,"median":0.124300971627,"min":1.04485677055e-10,"var":0.00214202562347},"spectral_kurtosis":{"dmean":5.59500074387,"dmean2":8.56731319427,"dvar":46.0776367188,"dvar2":109.675140381,"max":139.971694946,"mean":25.599905014,"median":22.5139045715,"min":-1.18186843395,"var":179.88293457},"spectral_rms":{"dmean":0.000898448284715,"dmean2":0.00144129444379,"dvar":0.00000105677679585,"dvar2":0.00000259694547822,"max":0.0159187149256,"mean":0.00684782629833,"median":0.00694857537746,"min":3.26358428129e-12,"var":0.00000433918739873},"spectral_rolloff":{"dmean":3536.25805664,"dmean2":6711.56738281,"dvar":43291884,"dvar2":103567040,"max":22050,"mean":17892.328125,"median":20779.5410156,"min":64.599609375,"var":47658192},"spectral_skewness":{"dmean":0.404890120029,"dmean2":0.618467152119,"dvar":0.206107020378,"dvar2":0.473349750042,"max":9.1406211853,"mean":3.44346904755,"median":3.23583555222,"min":-0.0103734992445,"var":1.07167029381},"spectral_spread":{"dmean":395713.125,"dmean2":606696.1875,"dvar":341068283904,"dvar2":608722026496,"max":41005632,"mean":3727407.25,"median":3615103.25,"min":1381345.375,"var":933428461568},"spectral_strongpeak":{"dmean":2.75853061676,"dmean2":5.20732450485,"dvar":110.360313416,"dvar2":302.421417236,"max":113.874954224,"mean":2.40487098694,"median":0.2068028301,"min":0,"var":99.6111297607},"zerocrossingrate":{"dmean":0.0327598899603,"dmean2":0.0417518354952,"dvar":0.000736671849154,"dvar2":0.00119652424473,"max":0.6376953125,"mean":0.317359656096,"median":0.3134765625,"min":0.06298828125,"var":0.00563785526901}},"metadata":{"audio_properties":{"analysis_sample_rate":44100,"bit_rate":320000,"codec":"mp3","downmix":"mix","equal_loudness":0,"length":279.876983643,"lossless":false,"md5_encoded":"40bc2c8d4f02c37572e672a23488021a","replay_gain":-10.6591186523,"sample_rate":44100},"tags":{"album":["The Hunter"],"albumartist":["Mastodon"],"albumartistsort":["Mastodon","Mastodon"],"albumsort":["Hunter, The"],"artist":["Mastodon"],"artistsort":["Mastodon"],"asin":["B005MW6IRU"],"date":["2011"],"discnumber":["1/1"],"file_name":"04. Mastodon - Stargasm.mp3","genre":["Progressive Metal"],"isrc":["USRE11100598"],"label":["Reprise Records"],"language":["eng"],"media":["CD"],"musicbrainz album release country":["XW"],"musicbrainz album status":["official"],"musicbrainz album type":["album"],"musicbrainz_albumartistid":["bc5e2ad6-0a4a-4d90-b911-e9a7e6861727"],"musicbrainz_albumid":["e349eaf2-865c-4b47-b719-29d4b5f8e789"],"musicbrainz_artistid":["bc5e2ad6-0a4a-4d90-b911-e9a7e6861727"],"musicbrainz_recordingid":["7a82312a-0b4e-4ec3-ac9e-84927ec01a01"],"script":["Latn"],"title":["Stargasm"],"tracknumber":["4/15"]},"version":{"essentia":"2.1-beta1","essentia_build_sha":"ca57ba49d9b1854bd80e60cf9ccf267278fb7d6b","essentia_git_sha":"v2.1_beta1-28-g21ef5f4-dirty","extractor":"music 1.0"}},"rhythm":{"beats_count":561,"beats_loudness":{"dmean":0.0237447302788,"dmean2":0.0424743518233,"dvar":0.00058572011767,"dvar2":0.00174837722443,"max":0.180781215429,"mean":0.0591826289892,"median":0.0575473457575,"min":1.80337456079e-9,"var":0.000878683640622},"beats_loudness_band_ratio":{"dmean":[0.205352216959,0.0727540254593,0.0597624219954,0.0608766414225,0.0395082235336,0.0945616587996],"dmean2":[0.366075068712,0.128561004996,0.101848140359,0.104995779693,0.0687330663204,0.167509034276],"dvar":[0.024418387562,0.00750284129754,0.00420293910429,0.00289810053073,0.000880729639903,0.00567137775943],"dvar2":[0.0752462297678,0.0213351175189,0.0122989360243,0.00790379941463,0.00276264059357,0.0176666975021],"max":[0.872188329697,0.697678685188,0.442385345697