{"lowlevel":{"average_loudness":0.926308512688,"barkbands":{"dmean":[0.00589242763817,0.00914242397994,0.00196882826276,0.00125684204977,0.00206621130928,0.00134837965015,0.000764135213103,0.000435576919699,0.000631285714917,0.000294717523502,0.000352227478288,0.000178471775143,0.000133830923005,0.000143021476106,0.000115206697956,0.000111833549454,0.00011531545897,0.000136727467179,0.000188064848771,0.000167257006979,0.000112868809083,0.0000630620634183,0.0000140798465509,0.00000364269226338,0.00000290702269012,0.0000057820816437,0.000191478786292],"dmean2":[0.00956329330802,0.0152881424874,0.00340434908867,0.00221920129843,0.00326621974818,0.00194302480668,0.00110658712219,0.00071070692502,0.0010325931944,0.000485560129164,0.00053797691362,0.000288878683932,0.000219353125431,0.000235022991546,0.000186820005183,0.000183401964023,0.000184466465726,0.00020981162379,0.000283315981505,0.000245471455855,0.000164101162227,0.0000912377581699,0.0000204843345273,0.00000577496439291,0.0000047308099056,0.00000888687736733,0.000263769674348],"dvar":[0.0000712826367817,0.000141816752148,0.00000970483961282,0.00000445086288892,0.0000166265999724,0.0000133850135171,0.00000196011319531,6.09972858001e-7,0.00000182796361514,5.43526653018e-7,0.00000117088700335,1.14210223501e-7,4.43187246901e-8,1.16782707948e-7,3.87103717969e-8,4.29291056037e-8,6.81825440552e-8,7.58082521202e-8,1.75366992039e-7,1.37032557745e-7,5.11203737119e-8,1.70910858799e-8,7.00799640541e-10,2.83889856068e-11,1.86357821536e-11,8.49833328709e-11,1.16934359085e-7],"dvar2":[0.0001832266571,0.000377495045541,0.0000270281161647,0.0000132722880153,0.0000382100370189,0.0000218769164348,0.00000355512383976,0.00000155984548655,0.00000499311909152,0.00000138136920214,0.00000241645216192,2.70323170071e-7,1.15451662452e-7,3.22941986042e-7,1.02596473539e-7,1.18682066841e-7,1.88157557091e-7,1.77504574594e-7,4.14415950445e-7,3.07223785967e-7,1.082649419e-7,3.58248684051e-8,1.40889189204e-9,6.81394871083e-11,4.55434648328e-11,1.98367974824e-10,2.40004254692e-7],"max":[0.10849878937,0.178831338882,0.0393965691328,0.0358352921903,0.153789460659,0.179273962975,0.0371814705431,0.0127795413136,0.0348835773766,0.0204200781882,0.0375940687954,0.0101180663332,0.00389874586836,0.0140321692452,0.00411785813048,0.00584619259462,0.00840490404516,0.00876549631357,0.0143059194088,0.00959018152207,0.0050594676286,0.00239526317455,0.000523435941432,0.0000869157083798,0.0000520503235748,0.000223187817028,0.00730378599837],"mean":[0.010822291486,0.0189283061773,0.00239514512941,0.001657413668,0.0043046544306,0.00274246325716,0.00153356883675,0.00072642986197,0.0010562192183,0.000525917392224,0.000619594589807,0.000292641314445,0.000230613644817,0.000242906200583,0.000208400073461,0.000200268463232,0.000209317789995,0.000257675594185,0.000391009438317,0.000330112641677,0.000202043171157,0.000108983425889,0.0000243393242272,0.00000493691140946,0.0000031646552543,0.00000924403229874,0.000478737201774],"median":[0.00660837627947,0.0124660450965,0.00130903441459,0.000842007226311,0.0017822154332,0.000825749535579,0.000625991844572,0.000324823369738,0.000398950418457,0.000151517364429,0.000156472873641,0.000152041728143,0.000128335028421,0.000108681873826,0.000112596593681,0.0000892362586455,0.0000745904981159,0.0000829481650726,0.0000806710522738,0.0000661079611746,0.000049272308388,0.0000251416222454,0.00000714982115824,0.00000236464370573,0.00000137063670991,0.00000486877934236,0.000293097662507],"min":[1.46334853957e-12,1.8297184514e-12,7.7844967885e-13,4.17280630622e-13,1.85985707629e-13,3.5196109536e-14,2.33781398374e-14,3.20648482809e-13,6.07348698244e-13,5.73338848186e-13,8.7778785976e-13,3.64564389961e-13,4.37579063695e-13,1.07131100865e-12,2.09035219689e-12,2.15760417345e-12,1.64679186086e-12,4.77055515317e-13,1.01336799195e-12,3.92946916325e-12,5.39940184577e-12,1.57409046735e-12,2.14604722881e-12,6.32134926001e-12,4.01547013956e-14,6.63115916344e-12,2.3254899742e-11],"var":[0.000159606934176,0.000378342170734,0.0000104012751763,0.00000581273434364,0.0000697889117873,0.00005746050374,0.00000817323234514,0.00000132449747525,0.00000364306833944,0.00000140734459819,0.00000332796457769,2.11495986946e-7,8.78144064131e-8,2.16798852648e-7,8.23136332428e-8,1.00687977067e-7,1.50536209276e-7,2.2264241295e-7,7.37189282063e-7,4.62470239881e-7,1.29714933905e-7,3.9552809028e-8,1.80557302443e-9,4.54970713881e-11,2.27752938037e-11,1.48770426533e-10,3.2102775549e-7]},"barkbands_crest":{"dmean":2.79595446587,"dmean2":4.53004360199,"dvar":6.19967269897,"dvar2":16.2797451019,"max":25.4599990845,"mean":12.5775594711,"median":12.3230619431,"min":2.69368386269,"var":21.7960300446},"barkbands_flatness_db":{"dmean":0.0291992910206,"dmean2":0.0449874587357,"dvar":0.000656731252093,"dvar2":0.00154705147725,"max":0.469609111547,"mean":0.174317806959,"median":0.167017832398,"min":0.0397347770631,"var":0.00439366791397},"barkbands_kurtosis":{"dmean":10.0808162689,"dmean2":15.8326435089,"dvar":362.380645752,"dvar2":841.048950195,"max":652.493774414,"mean":23.1472835541,"median":11.1416053772,"min":-1.66483926773,"var":1529.69274902},"barkbands_skewness":{"dmean":0.857111871243,"dmean2":1.33811581135,"dvar":0.76205021143,"dvar2":1.82385897636,"max":18.4014339447,"mean":3.38445520401,"median":2.85279464722,"min":-1.50873434544,"var":5.04516124725},"barkbands_spread":{"dmean":6.66917419434,"dmean2":10.1777029037,"dvar":70.0439300537,"dvar2":154.805450439,"max":103.642364502,"mean":20.2974586487,"median":14.7319908142,"min":0.262769788504,"var":294.468292236},"dissonance":{"dmean":0.0181120112538,"dmean2":0.0302980002016,"dvar":0.000393687572796,"dvar2":0.00106893619522,"max":0.500000178814,"mean":0.467373520136,"median":0.476749569178,"min":0.191778540611,"var":0.000912393268663},"dynamic_complexity":2.51442551613,"erbbands":{"dmean":[0.469763040543,1.49012172222,2.2244951725,3.31479024887,6.26830673218,6.82626867294,6.4767665863,14.0162343979,11.4121160507,10.6652917862,10.3221235275,15.904665947,8.11710643768,10.2126579285,12.2531547546,6.85341119766,6.29873657227,6.62288045883,5.64287662506,6.73959493637,5.65499210358,6.31252813339,6.72337913513,9.88924217224,9.00700569153,7.73821640015,5.50304937363,3.82208585739,2.56299614906,1.05504453182,0.308681458235,0.102247729897,0.0514605566859,0.0324897877872,0.0207631550729,0.0124163739383,0.0109999999404,0.0289680995047,0.0199723709375,0.00470825796947],"dmean2":[0.790916502476,2.48831748962,3.82164692879,5.7628235817,10.365650177,10.8709545135,10.2872724533,19.6573753357,15.7872095108,16.9471111298,17.0021018982,25.9436016083,13.3572406769,16.4112625122,19.0782775879,11.0520000458,10.2945966721,10.8264503479,9.04635429382,10.9239206314,9.12571716309,9.9795255661,10.2388820648,15.138461113,13.4189386368,11.3622150421,8.03930568695,5.55450296402,3.7363088131,1.52178966999,0.446409702301,0.156565591693,0.0826951488853,0.0528567433357,0.0337379015982,0.0199899170548,0.0167193692178,0.0432950668037,0.028822440654,0.00653471471742],"dvar":[0.375873297453,4.44731616974,12.9370231628,27.850769043,130.90838623,272.039428711,227.014312744,1888.13696289,549.682617188,462.962310791,315.715423584,1227.66271973,297.407043457,622.302124023,1242.35375977,127.071044922,101.622871399,277.329589844,90.1204681396,147.028701782,128.726394653,189.012008667,176.988647461,606.904846191,375.885742188,281.577789307,126.058853149,59.6404151917,28.277721405,4.68641901016,0.313027769327,0.0250573828816,0.0056615639478,0.0023650538642,0.000933035218623,0.000304322486045,0.000320274935802,0.0057892780751,0.0020794167649,0.0000523677044839],"dvar2":[1.02794122696,11.6335010529,35.504108429,80.7961959839,325.033752441,610.460632324,512.351806641,2828.13305664,880.890686035,1040.6307373,851.159423828,3316.45141602,802.809936523,1520.16320801,2762.3046875,312.525665283,263.250640869,768.789733887,243.163925171,383.504211426,361.346221924,502.076721191,414.336914062,1511.93811035,860.918762207,607.26965332,271.539703369,126.9740448,59.674697876,9.56371974945,0.646732032299,0.0577196367085,0.0137527482584,0.00578808784485,0.00227762549184,0.000739447772503,0.000747508136556,0.0140872513875,0.00474948249757,0.00010056955216],"max":[8.17420291901,39.7207374573,40.0073318481,95.4367980957,242.600723267,893.902282715,395.616363525,2219.23925781,691.345336914,731.091552734,250.208938599,955.024658203,423.240447998,696.584106445,1162.31347656,241.092910767,187.538391113,692.464782715,236.584564209,258.288482666,375.031494141,372.787231445,386.229217529,1019.42486572,574.635742188,389.297729492,319.961395264,158.296447754,91.2052688599,36.6045913696,11.5368747711,3.06755781174,1.06161224842,0.589438557625,0.36620798707,0.201992109418,0.420891344547,2.09969878197,1.58368861675,0.159739747643],"mean":[1.0120216608,2.50227093697,2.89281702042,4.84644460678,11.6067247391,13.0478305817,11.658323288,29.2207145691,25.1717300415,18.2918224335,18.1342353821,26.5858707428,14.850189209,20.2798976898,22.4805393219,12.3409576416,11.3360910416,11.6790237427,10.9701194763,12.2643070221,10.8020629883,11.9939632416,13.2830591202,19.4872226715,18.6057491302,15.3783407211,10.143040657,6.71867084503,4.37140274048,1.86167395115,0.540523171425,0.157308012247,0.0634275376797,0.0355425477028,0.0229667816311,0.0152754280716,0.018194263801,0.0439423508942,0.038328461349,0.0171924326569],"median":[0.621494948864,1.5101493597,1.71568596363,2.70907926559,4.83232450485,5.04153251648,5.18480682373,7.13412046432,8.28868961334,9.07388305664,8.80137634277,9.74572944641,5.49957132339,5.83599185944,6.76034069061,6.90091609955,6.51731729507,5.5798740387,5.68972253799,6.26589012146,4.71954536438,4.30141735077,4.48688697815,4.25508928299,3.89938759804,3.11991691589,2.44750261307,1.64400148392,1.01631164551,0.425697863102,0.179283171892,0.0711517930031,0.0307820178568,0.0154354851693,0.0102563658729,0.00798981357366,0.00973650347441,0.0147382169962,0.0168740488589,0.0138371502981],"min":[7.28669069527e-11,3.45106249133e-10,8.66892613249e-10,1.27597421518e-9,1.11582176832e-9,4.42653774746e-10,9.78393199791e-11,3.73354125394e-10,2.95120539118e-10,1.95059368657e-9,9.9164152445e-9,1.41747262816e-8,1.20883330013e-8,3.09479588623e-8,2.87418018274e-8,1.50276502353e-8,1.93159426232e-8,3.43524106938e-8,1.08783176245e-7,1.46792146438e-7,6.88476760047e-8,9.35682820113e-8,3.40189849624e-8,2.73175775334e-8,1.02635979715e-7,1.99578522597e-7,2.9642896493e-7,1.10309017032e-7,5.57335795293e-8,4.24894359696e-8,9.38037416631e-8,1.34782467853e-7,9.26880048269e-8,4.67728611397e-9,8.51894055298e-10,1.49910928116e-8,1.64023230553e-8,5.68546987267e-9,4.05326217034e-9,3.70416086692e-10],"var":[1.24172067642,7.56192350388,13.4802236557,41.0419311523,529.288452148,1079.54931641,525.441040039,8621.00097656,3012.93310547,1008.42346191,643.789794922,2471.16821289,693.491333008,1955.26599121,3396.10473633,265.901153564,206.21434021,496.410980225,234.082473755,314.623168945,304.695465088,452.370422363,543.579162598,1975.91479492,1521.41882324,951.036499023,347.336853027,140.379867554,64.0611495972,11.7270507812,0.801021039486,0.0488676019013,0.00798157788813,0.00287381978706,0.00115273753181,0.000407104962505,0.000565795577131,0.00694666802883,0.00355095625855,0.000199385700398]},"erbbands_crest":{"dmean":2.18535709381,"dmean2":3.47685432434,"dvar":4.62764692307,"dvar2":11.254114151,"max":30.6605186462,"mean":7.92172908783,"median":6.54267883301,"min":2.27173948288,"var":19.0440979004},"erbbands_flatness_db":{"dmean":0.0194994062185,"dmean2":0.0299318507314,"dvar":0.000295666337479,"dvar2":0.000709921354428,"max":0.333669632673,"mean":0.131853550673,"median":0.124102853239,"min":0.0281388815492,"var":0.00158978009131},"erbbands_kurtosis":{"dmean":1.08771717548,"dmean2":1.68031847477,"dvar":2.67642307281,"dvar2":6.12985277176,"max":39.2812919617,"mean":0.950767338276,"median":-0.0668740272522,"min":-1.75309824944,"var":8.82959079742},"erbbands_skewness":{"dmean":0.361452698708,"dmean2":0.535610854626,"dvar":0.102959722281,"dvar2":0.219900295138,"max":5.33817577362,"mean":0.322358012199,"median":0.291148841381,"min":-2.75851535797,"var":0.913977921009},"erbbands_spread":{"dmean":7.87007141113,"dmean2":12.1289329529,"dvar":57.5461959839,"dvar2":131.02784729,"max":132.546142578,"mean":38.3903541565,"median":37.3430671692,"min":3.18607759476,"var":332.127929688},"gfcc":{"cov":[[3763.97875977,-649.754211426,-889.834655762,375.073272705,-43.1813697815,-303.417755127,280.867218018,-115.868293762,-54.9567070007,-75.377456665,-98.7982788086,48.9544830322,-92.202796936],[-649.754211426,753.545532227,255.997436523,-445.5105896,-7.26759195328,67.8810119629,-133.693389893,34.8859519958,56.2995414734,14.074924469,65.6981964111,-56.1943359375,87.5077590942],[-889.834655762,255.997436523,583.809631348,-115.211936951,-126.740524292,161.686279297,-201.038330078,92.3443984985,-10.8774824142,81.0262985229,39.6227645874,-4.12999916077,48.2375144958],[375.073272705,-445.5105896,-115.211936951,607.281860352,91.0165252686,-120.838943481,193.362747192,-25.0842514038,-5.80208015442,11.4295406342,-22.4815273285,54.7613601685,-77.893447876],[-43.1813697815,-7.26759195328,-126.740524292,91.0165252686,238.674926758,11.5342769623,51.3102073669,-16.1331501007,15.6345596313,-16.5586261749,19.4132480621,-9.58537101746,-2.61440658569],[-303.417755127,67.8810119629,161.686279297,-120.838943481,11.5342769623,247.84223938,-83.0520782471,110.778114319,-24.1252174377,21.3820075989,11.4869070053,-12.513753891,38.8946380615],[280.867218018,-133.693389893,-201.038330078,193.362747192,51.3102073669,-83.0520782471,297.228179932,-50.0085639954,52.7726211548,-20.6333789825,-30.6226558685,43.6255989075,-45.1808509827],[-115.868293762,34.8859519958,92.3443984985,-25.0842514038,-16.1331501007,110.778114319,-50.0085639954,162.920928955,1.77589893341,39.6693229675,24.598487854,-18.9493732452,36.0270385742],[-54.9567070007,56.2995414734,-10.8774824142,-5.80208015442,15.6345596313,-24.1252174377,52.7726211548,1.77589893341,92.3652496338,34.204574585,17.0985412598,16.5677204132,-5.40634441376],[-75.377456665,14.074924469,81.0262985229,11.4295406342,-16.5586261749,21.3820075989,-20.6333789825,39.6693229675,34.204574585,84.1889343262,43.0251846313,13.6423606873,17.7318305969],[-98.7982788086,65.6981964111,39.6227645874,-22.4815273285,19.4132480621,11.4869070053,-30.6226558685,24.598487854,17.0985412598,43.0251846313,70.9172744751,21.9337253571,23.271074295],[48.9544830322,-56.1943359375,-4.12999916077,54.7613601685,-9.58537101746,-12.513753891,43.6255989075,-18.9493732452,16.5677204132,13.6423606873,21.9337253571,64.8092269897,7.60882377625],[-92.202796936,87.5077590942,48.2375144958,-77.893447876,-2.61440658569,38.8946380615,-45.1808509827,36.0270385742,-5.40634441376,17.7318305969,23.271074295,7.60882377625,64.2873001099]],"icov":[[0.00054301158525,-0.000258970219875,0.00120788312051,-0.00035778657184,0.000600468309131,-0.000053941992519,0.000323929562001,-0.000147309110616,0.000633708201349,-0.000893194344826,0.000762362906244,-0.000701309938449,0.000265436334303],[-0.000258970219875,0.00527415983379,-0.00366040831432,0.00316707161255,-0.00132434768602,0.00161667109933,-0.00227230531164,0.000727309612557,-0.00371778034605,0.00481344107538,-0.00585793377832,0.00613648677245,-0.00424930034205],[0.00120788312051,-0.00366040831432,0.00791710987687,-0.00352327805012,0.00402728421614,-0.00350435357541,0.00380528531969,0.00040001765592,0.00209204968996,-0.00571146560833,0.00406727707013,-0.00407414278015,0.00200072303414],[-0.00035778657184,0.00316707161255,-0.00352327805012,0.00674989027902,-0.00466449698433,0.00466333562508,-0.00303796655498,-0.0033253824804,0.00274370750412,-0.00158480310347,0.00110642600339,-0.00275914533995,0.00330932042561],[0.000600468309131,-0.00132434768602,0.00402728421614,-0.00466449698433,0.00985503848642,-0.00539024081081,0.000770848069806,0.00441583199427,-0.00380627717823,0.00369372055866,-0.00680053373799,0.00674665393308,-0.00395634071901],[-0.000053941992519,0.00161667109933,-0.00350435357541,0.00466333562508,-0.00539024081081,0.0110421171412,-0.00117800035514,-0.00748424837366,0.00446136808023,-0.00203922460787,0.00468625547364,-0.0053539685905,0.00234327232465],[0.000323929562001,-0.00227230531164,0.00380528531969,-0.00303796655498,0.000770848069806,-0.00117800035514,0.00842889305204,-0.000344625965226,-0.00266815954819,-0.00126643083058,0.00577899999917,-0.00661748228595,0.00269864895381],[-0.000147309110616,0.000727309612557,0.00040001765592,-0.0033253824804,0.00441583199427,-0.00748424837366,-0.000344625965226,0.0147630684078,-0.005301698111,0.00168748141732,-0.00802515819669,0.0120799914002,-0.00877455621958],[0.000633708201349,-0.00371778034605,0.00209204968996,0.00274370750412,-0.00380627717823,0.00446136808023,-0.00266815954819,-0.005301698111,0.0244470294565,-0.0161333214492,0.00935526844114,-0.0126044033095,0.0105772996321],[-0.000893194344826,0.00481344107538,-0.00571146560833,-0.00158480310347,0.00369372055866,-0.00203922460787,-0.00126643083058,0.00168748141732,-0.0161333214492,0.0341217778623,-0.0223362594843,0.0130136739463,-0.0101426374167],[0.000762362906244,-0.00585793377832,0.00406727707013,0.00110642600339,-0.00680053373799,0.00468625547364,0.00577899999917,-0.00802515819669,0.00935526844114,-0.0223362594843,0.0416736602783,-0.0253620408475,0.00766703439876],[-0.000701309938449,0.00613648677245,-0.00407414278015,-0.00275914533995,0.00674665393308,-0.0053539685905,-0.00661748228595,0.0120799914002,-0.0126044033095,0.0130136739463,-0.0253620408475,0.0424879901111,-0.0180492587388],[0.000265436334303,-0.00424930034205,0.00200072303414,0.00330932042561,-0.00395634071901,0.00234327232465,0.00269864895381,-0.00877455621958,0.0105772996321,-0.0101426374167,0.00766703439876,-0.0180492587388,0.0325117893517]],"mean":[-1.26600646973,100.227966309,-78.1622467041,12.8056049347,-14.5349063873,-22.1708297729,7.4017739296,-14.3368015289,1.54131817818,-3.36175918579,-2.78553056717,-1.39487314224,-4.27285289764]},"hfc":{"dmean":53.6289787292,"dmean2":84.7568054199,"dvar":3786.63598633,"dvar2":8382.62011719,"max":2254.28100586,"mean":204.430099487,"median":167.961273193,"min":0.00000116395483474,"var":23831.4238281},"melbands":{"dmean":[0.00334334606305,0.0013355325209,0.000601969484705,0.000478695990751,0.000242304988205,0.000297974183923,0.00016589416191,0.000108589716547,0.0000945370848058,0.0000939430901781,0.000040549050027,0.0000422320044891,0.0000498946901644,0.00002309721458,0.0000150409832713,0.0000122204201034,0.0000139747990033,0.0000101271361928,0.00000874155648489,0.00000857808936416,0.00000698542498867,0.00000721929154679,0.00000647808792564,0.00000660881005388,0.00000892848220246,0.00000731109639673,0.00000666675941829,0.00000537181676918,0.00000389855631511,0.00000276333639704,0.00000220040487875,0.00000168559859048,9.42864403441e-7,4.7633133704e-7,1.99624352604e-7,8.83898181314e-8,5.33981285855e-8,3.74607012077e-8,2.99388176472e-8,2.65384709763e-8],"dmean2":[0.00561118545011,0.00224836426787,0.00103716587182,0.000768980942667,0.000381001562346,0.000417019356973,0.000233249171288,0.000173803564394,0.000155892121256,0.000153254397446,0.0000669980145176,0.0000682312384015,0.0000768341124058,0.0000375128147425,0.0000243105714617,0.0000200680315174,0.0000230338191614,0.0000164463363035,0.0000141473910844,0.0000139986104841,0.0000113954210974,0.0000117110967039,0.0000101044834082,0.0000102931608126,0.0000140093025038,0.0000112734915092,0.0000101515970528,0.00000809775519883,0.00000581122367294,0.00000417677529185,0.00000329081717609,0.00000250857760875,0.00000140379688673,7.01506053247e-7,2.95023880881e-7,1.35353275255e-7,8.38485263444e-8,6.03250356335e-8,4.86913656061e-8,4.32243609794e-8],"dvar":[0.0000181653558684,0.00000390441255149,8.53013773394e-7,9.48188642269e-7,3.12967188165e-7,7.42359191008e-7,1.01541239417e-7,4.57784068431e-8,2.89305379653e-8,4.02225843743e-8,7.96875809783e-9,1.13183764583e-8,2.47754101679e-8,2.16438378331e-9,5.0460591261e-10,3.96711247186e-10,1.42240608181e-9,3.05174885362e-10,2.35203773125e-10,2.43795289512e-10,2.3270507743e-10,3.00920954821e-10,1.67431860043e-10,1.72294054024e-10,5.46337142193e-10,2.74637895759e-10,2.39344960518e-10,1.38409450567e-10,6.78251135811e-11,3.21415151439e-11,2.02395565585e-11,1.25466234624e-11,4.00461564951e-12,9.40177514834e-13,1.40585609018e-13,2.19487378576e-14,6.5841975867e-15,3.06646933323e-15,2.01282980355e-15,1.57632990303e-15],"dvar2":[0.0000492181025038,0.0000103971515273,0.00000243027352553,0.00000231331569012,6.55614769585e-7,0.00000113533315016,1.68570338133e-7,1.04255576616e-7,7.84906433182e-8,1.07964375218e-7,2.14096971263e-8,2.8254570239e-8,5.31712949225e-8,5.19479170791e-9,1.27359156554e-9,1.0527341221e-9,3.95818222643e-9,8.27733492859e-10,6.09709838173e-10,6.51300402499e-10,6.69111321905e-10,8.39404046271e-10,4.05779132517e-10,4.07548689241e-10,1.40919209635e-9,6.83011092129e-10,5.71177716235e-10,3.13063908131e-10,1.55700952131e-10,7.317820655e-11,4.45477960076e-11,2.74542749645e-11,8.91344723725e-12,1.92115247322e-12,3.07159300165e-13,5.09276763827e-14,1.56124740143e-14,7.46260759893e-15,4.92539621488e-15,3.85621236007e-15],"max":[0.0518194772303,0.028833379969,0.0151856280863,0.040209133178,0.0170896053314,0.0430773645639,0.00891137775034,0.00660457834601,0.00284445285797,0.00522513221949,0.0021493062377,0.00310327787884,0.00551845598966,0.0014181266306,0.000381177582312,0.00042135923286,0.00156832835637,0.000363225874025,0.000311004434479,0.000333245523507,0.000555790087674,0.000543214380741,0.000359323428711,0.000368065666407,0.000890088791493,0.000509204284754,0.000396410294343,0.000273635843769,0.000209275443922,0.000114693284559,0.0000983720237855,0.0000690690503689,0.0000341038030456,0.0000159467690537,0.00000823111713544,0.00000337462961397,0.00000154106908212,9.33137016546e-7,5.44296710814e-7,4.80679091197e-7],"mean":[0.00756860198453,0.00207021832466,0.00100396201015,0.000951262365561,0.00045593973482,0.000629873189609,0.000361097656423,0.000184034375707,0.000160057781613,0.000156079695444,0.0000697572904755,0.0000811938371044,0.0000880913503352,0.0000376660354959,0.0000266984261543,0.0000209126446862,0.0000226609954552,0.0000182066523848,0.0000155508241733,0.000015204108422,0.0000122640713016,0.0000125934548123,0.0000115430702863,0.0000122020128401,0.0000164152825164,0.000014003349861,0.0000124358239191,0.00000980976346909,0.00000679940785631,0.00000463752530777,0.00000365103255717,0.00000272613806374,0.00000155224643095,8.11018310287e-7,3.32081469878e-7,1.39275257993e-7,7.450656625e-8,4.56195046183e-8,3.27082894103e-8,2.8632442195e-8],"median":[0.00539293047041,0.00139391003177,0.000576485646889,0.000387837731978,0.000191123690456,0.000165152188856,0.000128836574731,0.0000912099712878,0.0000737146401661,0.0000569365365664,0.0000241092930082,0.0000226070915232,0.0000224079412874,0.0000184610726137,0.0000156707519636,0.0000118268108054,0.00000984522466752,0.00000888682916411,0.00000826139239507,0.00000708450306774,0.00000495762014907,0.00000430023965237,0.00000413270618083,0.00000376641060029,0.00000333115872309,0.00000298030818158,0.00000239279461312,0.00000195196275854,0.00000161842524449,0.00000113414955649,8.60974694206e-7,6.23096923391e-7,3.47960877889e-7,1.85118551599e-7,1.07369359625e-7,6.07382588669e-8,3.36552936631e-8,2.13631583534e-8,1.41191849323e-8,1.2160194629e-8],"min":[6.49793370153e-13,4.64038312983e-13,2.22131463072e-13,5.63065558263e-14,4.57137244183e-15,8.00383285311e-15,4.20851453865e-15,2.91274911634e-14,9.0961540058e-14,8.62202833001e-14,5.85754928177e-14,1.21539144851e-13,1.11873130117e-13,4.56797448446e-14,3.58046823798e-14,4.59169750562e-14,6.21606444703e-14,1.80056409236e-13,1.49941609693e-13,2.21980786075e-13,4.58584755727e-14,9.70371176533e-14,6.54381402039e-14,1.81163931919e-14,1.97009190916e-14,4.26183407684e-14,1.02863240657e-13,1.42689801489e-13,1.90486271505e-13,1.08966844879e-13,5.6793189807e-14,2.89396937946e-14,3.08280283896e-14,1.59002619285e-14,5.07351119125e-14,6.28291703061e-14,8.33365969006e-14,8.76401476889e-14,1.13083946775e-14,3.5127970394e-16],"var":[0.0000538274653081,0.00000490002685183,0.00000159652790899,0.00000369974986825,9.81681068879e-7,0.0000033995549984,5.3427390867e-7,9.96469040615e-8,5.58868826772e-8,8.24102457386e-8,1.75290431059e-8,3.37728884858e-8,6.6949375821e-8,3.98406907465e-9,1.04791464395e-9,7.52142292892e-10,2.35846964181e-9,7.22394810637e-10,4.67221705769e-10,5.46295564341e-10,4.68191152514e-10,5.94062687931e-10,3.98113375599e-10,4.92378249284e-10,1.54170209932e-9,9.25070631208e-10,7.41911143631e-10,3.91904286801e-10,1.67531641337e-10,6.9678936232e-11,4.329669262e-11,2.61399547841e-11,8.32602303075e-12,2.32017248296e-12,3.21127239383e-13,4.2339958308e-14,1.12905798805e-14,4.38841840742e-15,2.45569272145e-15,1.91172795096e-15]},"melbands_crest":{"dmean":4.08286762238,"dmean2":6.72578716278,"dvar":14.4915122986,"dvar2":38.0983390808,"max":39.0652351379,"mean":21.0908641815,"median":20.281332016,"min":4.79043483734,"var":68.2088317871},"melbands_flatness_db":{"dmean":0.0353469699621,"dmean2":0.0543731562793,"dvar":0.000879027473275,"dvar2":0.0020773881115,"max":0.613078176975,"mean":0.285914629698,"median":0.281871497631,"min":0.0464062094688,"var":0.00634586485103},"melbands_kurtosis":{"dmean":16.1997337341,"dmean2":25.9580154419,"dvar":945.825866699,"dvar2":2377.72998047,"max":919.923950195,"mean":35.4293136597,"median":15.8511352539,"min":-1.65295338631,"var":3794.65136719},"melbands_skewness":{"dmean":1.06533813477,"dmean2":1.70457971096,"dvar":1.21327805519,"dvar2":3.10802483559,"max":23.4956989288,"mean":4.07003831863,"median":3.37579369545,"min":-0.422062039375,"var":7.97304296494},"melbands_spread":{"dmean":4.89213562012,"dmean2":7.70738887787,"dvar":51.5842704773,"dvar2":121.800788879,"max":144.508300781,"mean":13.3735589981,"median":9.0638256073,"min":0.177749454975,"var":175.613311768},"mfcc":{"cov":[[4207.33691406,-987.263977051,-954.122802734,591.614624023,-489.317626953,76.3488311768,-27.9987163544,133.540466309,-47.888671875,-14.5987491608,-50.1477355957,-109.366004944,-38.6793251038],[-987.263977051,1066.13146973,243.213226318,-552.795288086,154.450286865,-133.269256592,-57.0052375793,-117.076515198,17.5315704346,-15.0867738724,-1.79778325558,24.6530361176,6.32682466507],[-954.122802734,243.213226318,688.937988281,-235.089782715,119.407783508,-82.8232192993,-17.5238685608,-80.8244094849,11.5519666672,-17.5543231964,29.1023979187,46.4632339478,13.1462259293],[591.614624023,-552.795288086,-235.089782715,684.528381348,-159.108230591,125.041519165,18.0236434937,78.8329620361,-28.8647098541,27.6801528931,31.1929664612,-7.11138963699,0.430438965559],[-489.317626953,154.450286865,119.407783508,-159.108230591,315.5887146,-40.0223007202,44.5439529419,-45.3888282776,0.667465686798,4.94275474548,6.33732843399,17.8986434937,11.7955541611],[76.3488311768,-133.269256592,-82.8232192993,125.041519165,-40.0223007202,143.91368103,22.7527732849,51.5971374512,3.84762406349,1.55785036087,1.01533257961,3.64413380623,2.35099124908],[-27.9987163544,-57.0052375793,-17.5238685608,18.0236434937,44.5439529419,22.7527732849,110.904640198,42.7623023987,30.0458908081,13.1682672501,7.37438440323,-0.860828280449,2.82539916039],[133.540466309,-117.076515198,-80.8244094849,78.8329620361,-45.3888282776,51.5971374512,42.7623023987,107.929969788,29.8670101166,20.9802398682,-0.208365604281,-1.99213635921,-3.12800931931],[-47.888671875,17.5315704346,11.5519666672,-28.8647098541,0.667465686798,3.84762406349,30.0458908081,29.8670101166,71.4916305542,30.8408679962,13.2314033508,2.48868608475,-0.79701769352],[-14.5987491608,-15.0867738724,-17.5543231964,27.6801528931,4.94275474548,1.55785036087,13.1682672501,20.9802398682,30.8408679962,66.0803146362,27.2433261871,10.463186264,2.40283632278],[-50.1477355957,-1.79778325558,29.1023979187,31.1929664612,6.33732843399,1.01533257961,7.37438440323,-0.208365604281,13.2314033508,27.2433261871,58.3363876343,27.7969379425,10.6098842621],[-109.366004944,24.6530361176,46.4632339478,-7.11138963699,17.8986434937,3.64413380623,-0.860828280449,-1.99213635921,2.48868608475,10.463186264,27.7969379425,49.1022644043,22.7397823334],[-38.6793251038,6.32682466507,13.1462259293,0.430438965559,11.7955541611,2.35099124908,2.82539916039,-3.12800931931,-0.79701769352,2.40283632278,10.6098842621,22.7397823334,43.0686187744]],"icov":[[0.00048253784189,0.000358801800758,0.000547049217857,0.0000845772738103,0.000439957628259,0.000400944147259,0.0000831753277453,0.0000490585225634,0.0000164948014572,0.000259279127931,-0.000210524944123,0.000286470662104,-0.0000449997678516],[0.000358801800758,0.00202036346309,0.000406877719797,0.00131595379207,0.000174954504473,0.000462278287159,0.000632404233329,0.000763049116358,-0.000343990133842,0.000113870475616,-0.000531702768058,-0.000194608801394,0.0000498925437569],[0.000547049217857,0.000406877719797,0.0025789027568,0.000449601036962,0.000177510781214,0.000927458866499,0.000185326018254,0.000874707940966,-0.000807773205452,0.00133952556644,-0.000977924326435,-0.00136043783277,0.000461503776023],[0.0000845772738103,0.00131595379207,0.000449601036962,0.00325564714149,0.000813191232737,-0.00115583534352,-0.0000322223204421,-0.000143356999615,0.00191973336041,-0.00100356491748,-0.0022495451849,0.000871574738994,-0.000269545125775],[0.000439957628259,0.000174954504473,0.000177510781214,0.000813191232737,0.00496955402195,0.000428005878348,-0.00305947824381,0.00212864507921,0.00137494015507,-0.00129005429335,0.000481427035993,-0.00091570353834,-0.000259697757429],[0.000400944147259,0.000462278287159,0.000927458866499,-0.00115583534352,0.000428005878348,0.0101054841653,-0.000522101880051,-0.00324968108907,-0.000348323810613,0.0021024136804,0.000454762019217,-0.00213907798752,0.0000436487753177],[0.0000831753277453,0.000632404233329,0.000185326018254,-0.0000322223204421,-0.00305947824381,-0.000522101880051,0.0137931099162,-0.00492531619966,-0.00431710435078,0.00187841325533,-0.002321918495,0.00272042420693,-0.00151964672841],[0.0000490585225634,0.000763049116358,0.000874707940966,-0.000143356999615,0.00212864507921,-0.00324968108907,-0.00492531619966,0.0170353855938,-0.00450066803023,-0.00309292995371,0.00386204011738,-0.00308731338009,0.00158910255414],[0.0000164948014572,-0.000343990133842,-0.000807773205452,0.00191973336041,0.00137494015507,-0.000348323810613,-0.00431710435078,-0.00450066803023,0.0229422505945,-0.00899318512529,-0.00252323620953,0.00269176601432,0.0000181792056537],[0.000259279127931,0.000113870475616,0.00133952556644,-0.00100356491748,-0.00129005429335,0.0021024136804,0.00187841325533,-0.00309292995371,-0.00899318512529,0.0248127002269,-0.00951352994889,-0.000461599207483,0.000744585529901],[-0.000210524944123,-0.000531702768058,-0.000977924326435,-0.0022495451849,0.000481427035993,0.000454762019217,-0.002321918495,0.00386204011738,-0.00252323620953,-0.00951352994889,0.0312123689801,-0.0160140693188,0.00173638155684],[0.000286470662104,-0.000194608801394,-0.00136043783277,0.000871574738994,-0.00091570353834,-0.00213907798752,0.00272042420693,-0.00308731338009,0.00269176601432,-0.000461599207483,-0.0160140693188,0.0394332483411,-0.0161424614489],[-0.0000449997678516,0.0000498925437569,0.000461503776023,-0.000269545125775,-0.000259697757429,0.0000436487753177,-0.00151964672841,0.00158910255414,0.0000181792056537,0.000744585529901,0.00173638155684,-0.0161424614489,0.0313707850873]],"mean":[-669.313110352,160.220504761,-5.14358854294,48.9807548523,-4.69808197021,16.5307025909,2.67474150658,6.83439683914,3.81691718102,5.3828420639,5.05222797394,3.06235933304,4.00612974167]},"pitch_salience":{"dmean":0.0773242264986,"dmean2":0.126105561852,"dvar":0.00475401477888,"dvar2":0.01243412029,"max":0.897044479847,"mean":0.472520470619,"median":0.497361630201,"min":0.0650297924876,"var":0.0219123456627},"silence_rate_20dB":{"dmean":0,"dmean2":0,"dvar":0,"dvar2":0,"max":1,"mean":1,"median":1,"min":1,"var":0},"silence_rate_30dB":{"dmean":0.0399037487805,"dmean2":0.0798154994845,"dvar":0.0383082143962,"dvar2":0.0948936492205,"max":1,"mean":0.94867169857,"median":1,"min":0,"var":0.0486892536283},"silence_rate_60dB":{"dmean":0.00300782034174,"dmean2":0.00601624371484,"dvar":0.00299918535165,"dvar2":0.00637956475839,"max":1,"mean":0.00661654118448,"median":0,"min":0,"var":0.00657123327255},"spectral_centroid":{"dmean":247.616104126,"dmean2":363.694854736,"dvar":79737.453125,"dvar2":156325.828125,"max":3696.74975586,"mean":1207.65649414,"median":954.6953125,"min":178.083374023,"var":605559.1875},"spectral_complexity":{"dmean":4.28213357925,"dmean2":6.00661802292,"dvar":23.9653339386,"dvar2":40.2462387085,"max":61,"mean":19.1418552399,"median":16,"min":0,"var":157.796066284},"spectral_contrast_coeffs":{"dmean":[0.0523841306567,0.0453474149108,0.0356591194868,0.0258666574955,0.0221216920763,0.0480876490474],"dmean2":[0.0887979418039,0.0757116675377,0.0598674453795,0.0435046851635,0.0360903441906,0.0721690654755],"dvar":[0.00169514678419,0.00128292629961,0.000790764112025,0.000395441515138,0.000335308897775,0.00189945031889],"dvar2":[0.00478421384469,0.0035654345993,0.00224918825552,0.00111924181692,0.000862049579155,0.00410972954705],"max":[-0.358722388744,-0.419764012098,-0.560959398746,-0.679588317871,-0.689900159836,-0.46986463666],"mean":[-0.710854887962,-0.771627545357,-0.808741748333,-0.830313801765,-0.826411545277,-0.721732974052],"median":[-0.722058773041,-0.779942333698,-0.818219304085,-0.830600261688,-0.825053095818,-0.726900577545],"min":[-0.958811044693,-0.955891191959,-0.951855897903,-0.976547241211,-0.96052134037,-0.919953048229],"var":[0.00663801142946,0.00407096650451,0.00329268956557,0.00115055323113,0.0014058916131,0.00907865352929]},"spectral_contrast_valleys":{"dmean":[0.371836781502,0.341748476028,0.326188236475,0.298943370581,0.335884392262,0.597828507423],"dmean2":[0.622486352921,0.562339961529,0.523392081261,0.458547204733,0.477612167597,0.93256509304],"dvar":[0.0921512395144,0.0824533328414,0.0783854797482,0.0756053030491,0.112535707653,0.229639202356],"dvar2":[0.239387258887,0.202026754618,0.181954398751,0.15231347084,0.23531396687,0.622579097748],"max":[-5.09896373749,-4.60686016083,-5.3405623436,-5.86153888702,-5.2307882309,-9.08636760712],"mean":[-6.47618103027,-6.39286804199,-7.11449956894,-7.58040332794,-7.50883436203,-11.0118198395],"median":[-6.42434263229,-6.34021186829,-7.06036281586,-7.47863435745,-7.4414396286,-10.9683322906],"min":[-15.1490659714,-15.9538354874,-16.7490997314,-16.5102157593,-16.1388244629,-18.1058063507],"var":[0.318143308163,0.422904372215,0.468824803829,0.518571972847,0.958679020405,0.605903923512]},"spectral_decrease":{"dmean":4.02471922456e-9,"dmean2":6.56875975835e-9,"dvar":1.9996452725e-17,"dvar2":5.27927313359e-17,"max":1.60589213039e-8,"mean":-1.01463522029e-8,"median":-9.23887988336e-9,"min":-5.25778922622e-8,"var":5.75327674134e-17},"spectral_energy":{"dmean":0.0153501322493,"dmean2":0.0247998796403,"dvar":0.000282226246782,"dvar2":0.000747345213313,"max":0.225253880024,"mean":0.056837245822,"median":0.0541089847684,"min":8.94235102633e-11,"var":0.000916819728445},"spectral_energyband_high":{"dmean":0.000375698378775,"dmean2":0.000505636679009,"dvar":4.36295550799e-7,"dvar2":8.30307953947e-7,"max":0.0150157231838,"mean":0.000835796934552,"median":0.000345532112988,"min":4.56151366679e-11,"var":0.00000148291474034},"spectral_energyband_low":{"dmean":0.0123931178823,"dmean2":0.0207982640713,"dvar":0.000227112119319,"dvar2":0.000612862582784,"max":0.191307991743,"mean":0.029982952401,"median":0.0241189729422,"min":3.58158207953e-12,"var":0.000607842463069},"spectral_energyband_middle_high":{"dmean":0.00107664533425,"dmean2":0.00153828004841,"dvar":0.00000295708923659,"dvar2":0.00000637938228465,"max":0.0463088415563,"mean":0.00328605319373,"median":0.00175625178963,"min":1.20451235791e-11,"var":0.0000197019890038},"spectral_energyband_middle_low":{"dmean":0.00418207002804,"dmean2":0.00641403906047,"dvar":0.0000403446792916,"dvar2":0.0000839889689814,"max":0.194203212857,"mean":0.0121542951092,"median":0.0072409324348,"min":1.67868746247e-12,"var":0.00021743576508},"spectral_entropy":{"dmean":0.179077252746,"dmean2":0.270779490471,"dvar":0.0356439091265,"dvar2":0.0787796005607,"max":8.75061988831,"mean":7.48886299133,"median":7.62622356415,"min":5.42412233353,"var":0.194337144494},"spectral_flux":{"dmean":0.025440165773,"dmean2":0.0412443913519,"dvar":0.000723267730791,"dvar2":0.00176333717536,"max":0.343732088804,"mean":0.109036974609,"median":0.103920139372,"min":0.000127034130855,"var":0.00195357738994},"spectral_kurtosis":{"dmean":4.60427284241,"dmean2":7.23929834366,"dvar":46.2676315308,"dvar2":117.831748962,"max":142.480209351,"mean":16.1371364594,"median":12.5187034607,"min":1.48684453964,"var":114.826828003},"spectral_rms":{"dmean":0.00100364966784,"dmean2":0.00160299614072,"dvar":0.00000100741158349,"dvar2":0.00000259574289885,"max":0.0148243000731,"mean":0.00714891310781,"median":0.00726562133059,"min":2.95368323577e-7,"var":0.0000043439822548},"spectral_rolloff":{"dmean":4554.25146484,"dmean2":8778.80371094,"dvar":61068992,"dvar2":151259760,"max":22050,"mean":10931.6103516,"median":4780.37109375,"min":21.533203125,"var":104026856},"spectral_skewness":{"dmean":0.405113220215,"dmean2":0.609438598156,"dvar":0.249264597893,"dvar2":0.597623765469,"max":9.47947120667,"mean":2.56151413918,"median":2.25888681412,"min":0.809430480003,"var":1.17684864998},"spectral_spread":{"dmean":489312.65625,"dmean2":767134.125,"dvar":220153495552,"dvar2":528255614976,"max":16507635,"mean":4130139,"median":4111476.25,"min":1192182.75,"var":719690727424},"spectral_strongpeak":{"dmean":4.4126958847,"dmean2":8.26056671143,"dvar":274.607666016,"dvar2":740.646911621,"max":261.311706543,"mean":4.21977853775,"median":0.266182541847,"min":0,"var":309.190124512},"zerocrossingrate":{"dmean":0.0395420193672,"dmean2":0.0505675375462,"dvar":0.00116192363203,"dvar2":0.00183679990005,"max":0.77294921875,"mean":0.255086928606,"median":0.23876953125,"min":0.00244140625,"var":0.0151498056948}},"metadata":{"audio_properties":{"analysis_sample_rate":44100,"bit_rate":235289,"codec":"mp3","downmix":"mix","equal_loudness":0,"length":231.576568604,"lossless":false,"md5_encoded":"a3c5d2314c4f83246243599daa293a7a","replay_gain":-3.61383628845,"sample_rate":44100},"tags":{"album":["Tommy (disc 1)"],"artist":["The Who"],"date":["1969-05-23"],"discnumber":["01/2"],"file_name":"01 - The Who - Overture.mp3","musicbrainz_albumid":["fceaca05-a210-4f92-9e88-1e8b44ec8e37"],"musicbrainz_artistid":["9fdaa16b-a6c4-4831-b87c-bc9ca8ce7eaa"],"musicbrainz_recordingid":["7a8af04d-45bd-4bea-a003-46b1157f423d"],"title":["Overture"],"tracknumber":["01/10"]},"version":{"essentia":"2.1-beta1","essentia_build_sha":"ca57ba49d9b1854bd80e60cf9ccf267278fb7d6b","essentia_git_sha":"v2.1_beta1-28-g21ef5f4-dirty","extractor":"music 1.0"}},"rhythm":{"beats_count":467,"beats_loudness":{"dmean":0.022065218538,"dmean2":0.0373546630144,"dvar":0.000368498062016,"dvar2":0.000970314547885,"max":0.152115494013,"mean":0.0599590390921,"median":0.0557680875063,"min":0.00231956527568,"var":0.000772001047153},"beats_loudness_band_ratio":{"dmean":[0.157788217068,0.0847630575299,0.0435228608549,0.0244500469416,0.0238727536052,0.0953655764461],"dmean2":[0.272680372,0.152115464211,0.0753196328878,0.0422883369029,0.0427185446024,0.16326110065],"dvar":[0.0167744606733,0.00974865630269,0.00314057897776,0.00107340957038,0.000717195856851,0.00648406101391],"dvar2":[0.044783283025,0.0298231039196,0.00862612016499,0.00304596708156,0.00202625570819,0.017167057842],"max":[0.983059048653,0.800985395908,0.488527476788,0.287250041962,0.158918470144,0.69287019968],"mean":[0.54767370224,0.133351683617,0.0779058486223,0.0365563631058,0.0302417743951,0.215273171663],"median":[0.535045325756,0.0818817168474,0.0522384978831,0.0239667538553,0.0197855979204,0.186556875706],"min":[0.0518353059888,0.00403132941574,0.000924525491428,0.000151437983732,0.0000642850718577,0.00398262916133],"v