{"lowlevel":{"average_loudness":0.600900411606,"barkbands":{"dmean":[0.00000332446734319,0.000348115107045,0.0007413791609,0.000694553891663,0.00100971467327,0.000485279364511,0.000467128469609,0.000333121686708,0.000611934519839,0.000310226867441,0.000324883527355,0.00030980585143,0.000650513393339,0.000432818807894,0.000185876298929,0.000134898582473,0.000196303910343,0.000140270960401,0.000155668283696,0.0000867842245498,0.0000625032043899,0.00011464941781,0.000135397232953,0.000108270302007,0.0000228035496548,0.00000889248258318,1.71078696098e-7],"dmean2":[0.00000548356138097,0.000556753657293,0.00119731994346,0.00113167089876,0.00162311084569,0.000768234953284,0.000726939470042,0.000538741063792,0.000987579813227,0.000474547821796,0.000501678325236,0.000469280523248,0.000986339757219,0.000663680199068,0.000280521577224,0.000199130052351,0.000276955892332,0.000212048718822,0.000233591359574,0.000130569038447,0.0000960082688835,0.000164119133842,0.000201144226594,0.000145025624079,0.0000372889226128,0.0000144185387398,2.40923725414e-7],"dvar":[2.61078554609e-11,4.25396279979e-7,0.0000022378999347,0.00000128670126287,0.00000203145259547,0.00000100246131751,0.00000107821665551,0.00000159439514391,0.00000334671085511,0.00000113828093617,0.0000010941751043,0.00000118081948131,0.00000486267254018,0.00000213406860894,3.5075046867e-7,1.69512944126e-7,6.37478251519e-7,1.18356474843e-7,1.8465070184e-7,5.6016773442e-8,1.81003073862e-7,0.0000010851473462,7.77809816555e-7,0.00000183333042969,1.09879012555e-8,2.01446570536e-9,4.69373411666e-12],"dvar2":[6.73386693628e-11,9.74994463832e-7,0.00000480589960716,0.00000329942145072,0.00000527685642737,0.00000238215193349,0.00000230132991419,0.00000412868303101,0.00000805102081358,0.00000241723432737,0.00000248392393587,0.00000265039034275,0.0000101827527033,0.00000457083388028,7.26649147964e-7,2.95876048995e-7,0.00000110818871235,2.52238152143e-7,4.04965192047e-7,1.16409857753e-7,4.20401278234e-7,0.0000020260454221,0.00000159695605362,0.00000276326022686,2.88520816127e-8,5.18377341052e-9,6.63957690911e-12],"max":[0.0000858340354171,0.0112848654389,0.0241014230996,0.0184217896312,0.0264341589063,0.027693964541,0.0233818218112,0.0456551834941,0.0534783639014,0.0423210598528,0.0275997295976,0.0328746065497,0.0743020102382,0.0555777214468,0.0218726601452,0.0218693315983,0.0423515066504,0.0100206285715,0.0141874365509,0.006552323699,0.0278878677636,0.0545796081424,0.062460783869,0.0756789296865,0.00203244481236,0.00120861106552,0.000141226904816],"mean":[0.00000394599101128,0.00127777515445,0.00202302611433,0.00181896833237,0.00228790100664,0.000955066760071,0.000819439184852,0.000544950249605,0.00107510981616,0.000557748426218,0.00055044668261,0.000551662116777,0.00118446256965,0.00081669096835,0.000374365306925,0.000299039820675,0.00040059175808,0.000285243091639,0.000333172647515,0.000175409571966,0.000115523325803,0.000182087169378,0.000184400254511,0.000234501960222,0.0000210163161682,0.00000823957270768,3.16475478712e-7],"median":[0.00000223822462431,0.000464752578409,0.000438453047536,0.000802209542599,0.00147465907503,0.000427053804742,0.000306080648443,0.000104402861325,0.000202775918297,0.0000623791565886,0.0000720708339941,0.0000844003297971,0.00022994838946,0.000214825195144,0.000106309678813,0.000070912661613,0.0000901859966689,0.0000854297250044,0.0000790568592492,0.0000532373342139,0.0000215197323996,0.000012268390492,0.0000130323023768,0.00000157125361966,5.64407343973e-7,1.10280460319e-7,8.37375679907e-8],"min":[3.06614949679e-26,2.7875579433e-24,1.05428696185e-24,2.30101161114e-24,1.15219651199e-23,6.46399173284e-24,3.75994852142e-24,4.58456218058e-24,1.40874670014e-23,1.51591708287e-23,1.21913656628e-23,2.13244217256e-23,2.71328834569e-23,2.52623412116e-23,5.45213326034e-23,5.52700373331e-23,5.16681142171e-23,7.05806284349e-23,1.28527365483e-22,1.91687116273e-22,2.64577813429e-22,3.33453751313e-22,3.61510441377e-22,5.5704550755e-22,7.92258838373e-22,1.34741976353e-21,1.99456308193e-21],"var":[3.16336228046e-11,0.00000329203794536,0.0000138888963193,0.00000641288579573,0.00000612825624557,0.00000312337283503,0.00000260703382082,0.000003751999202,0.00000810661458672,0.00000321486231769,0.00000279838195638,0.00000295695463137,0.000015416293536,0.00000609409926255,0.00000136022572406,7.06969785824e-7,0.00000190739979189,3.51234405116e-7,6.19772663413e-7,1.55499250809e-7,2.0666108469e-7,0.00000186429565474,0.00000101934153918,0.00000772211842559,8.81627393312e-9,1.71365133195e-9,1.32226157107e-11]},"barkbands_crest":{"dmean":2.16065239906,"dmean2":3.4673666954,"dvar":4.21815109253,"dvar2":10.4051380157,"max":24.0224494934,"mean":10.059709549,"median":9.1680355072,"min":2.90374827385,"var":17.2269954681},"barkbands_flatness_db":{"dmean":0.0157391130924,"dmean2":0.0234174951911,"dvar":0.000236034393311,"dvar2":0.000496226770338,"max":0.355733931065,"mean":0.157148018479,"median":0.156487077475,"min":0.0253968238831,"var":0.00256916088983},"barkbands_kurtosis":{"dmean":1.69442117214,"dmean2":2.64159369469,"dvar":9.08296108246,"dvar2":20.7500839233,"max":74.3882064819,"mean":2.4582798481,"median":0.623782396317,"min":-1.93669486046,"var":32.2934875488},"barkbands_skewness":{"dmean":0.418741255999,"dmean2":0.629920721054,"dvar":0.195185095072,"dvar2":0.404775381088,"max":7.49868679047,"mean":1.19329595566,"median":1.06700456142,"min":-3.21131205559,"var":1.4250882864},"barkbands_spread":{"dmean":4.71524381638,"dmean2":7.13126850128,"dvar":39.0824623108,"dvar2":83.0991287231,"max":129.154937744,"mean":23.0462322235,"median":19.8158817291,"min":1.561647892,"var":223.367111206},"dissonance":{"dmean":0.0164946317673,"dmean2":0.0279036257416,"dvar":0.000296761339996,"dvar2":0.000832669844385,"max":0.500000119209,"mean":0.466164380312,"median":0.472367107868,"min":0.318804651499,"var":0.00059914047597},"dynamic_complexity":4.35890340805,"erbbands":{"dmean":[0.00429304922,0.101169653237,0.648059129715,1.71821546555,1.80392920971,5.00471925735,4.55621433258,3.60940432549,5.7783331871,6.18692588806,9.33858585358,13.1679363251,11.879907608,9.192527771,10.2482795715,14.78540802,26.2624073029,18.7962741852,12.0342788696,10.7665462494,7.14883232117,9.1330280304,8.03781032562,6.95897912979,7.42483568192,3.67724013329,2.54909968376,2.74579334259,4.24792671204,2.57232618332,4.96593809128,3.90465474129,0.783933103085,0.147528603673,0.265339523554,0.0780017673969,0.00612081680447,0.00037565495586,0.0000328878741129,0.00000633579657006],"dmean2":[0.00715285399929,0.161630645394,1.03525197506,2.81065297127,2.98947787285,7.93385457993,7.39011240005,5.57679986954,9.06446075439,9.60383796692,15.086192131,21.0836086273,18.0564346313,14.000202179,15.4014167786,21.8833599091,38.9771232605,28.2421951294,18.0409069061,16.3846855164,9.96592712402,12.9566755295,11.6303749084,10.348531723,10.9330883026,5.34902477264,3.8524711132,4.20207691193,6.04732656479,3.69472312927,7.30348730087,5.06376791,1.18286752701,0.234563708305,0.4392580688,0.123591035604,0.00973858498037,0.000529630167875,0.0000484616321046,0.0000090210360213],"dvar":[0.0000492742838105,0.0347838662565,1.5905507803,7.60093545914,7.57372903824,57.6275405884,57.6968231201,70.2547302246,169.121887207,282.126678467,964.122619629,1919.51367188,1878.96154785,796.691650391,845.684997559,2500.0769043,8806.5078125,5276.79541016,1051.72631836,1047.69458008,588.404846191,1330.97180176,429.57635498,280.107818604,590.652709961,115.609954834,586.704162598,97.4402923584,1791.83496094,271.499084473,1317.30041504,2557.75097656,178.972671509,1.07686376572,1.58287703991,0.138598963618,0.000931619666517,0.00000993954017758,7.94058365727e-8,3.44357903304e-10],"dvar2":[0.000119438962429,0.080802872777,3.43244147301,19.9891872406,21.1335754395,144.354324341,152.631698608,157.681274414,370.353485107,636.128540039,2503.99951172,4739.46582031,3790.52929688,1615.24438477,1826.87414551,5289.22363281,17831.9863281,10071.5888672,2527.11083984,1997.37512207,960.986999512,2322.83935547,840.348205566,584.757141113,1272.96679688,227.138519287,1390.99194336,208.802368164,3360.37768555,504.766235352,2681.51611328,3526.50854492,458.520996094,2.83536529541,4.20245695114,0.345158934593,0.00237072492018,0.0000140663978527,1.35814730129e-7,6.08847805506e-10],"max":[0.129162997007,3.19369530678,19.7013988495,35.8006324768,58.7102890015,159.474014282,145.530807495,234.04069519,401.857269287,408.691772461,999.606933594,1422.53515625,1728.38720703,1108.50756836,933.498962402,1672.34472656,3251.73999023,2946.65380859,1215.7833252,1431.87426758,1212.6842041,2033.9206543,707.63269043,511.635467529,911.339599609,313.375305176,1734.46582031,452.020477295,2264.98461914,668.245117188,2630.64404297,2987.7578125,783.273864746,57.9958763123,24.1821498871,9.46803283691,0.863024950027,0.199861884117,0.0139239747077,0.000746413250454],"mean":[0.013848808594,0.384549677372,1.98022019863,4.80018424988,4.50136995316,10.9955711365,9.03756809235,7.28349113464,10.2632303238,10.7552194595,16.3377532959,23.225025177,21.5226211548,17.7118377686,19.5210552216,28.9581279755,50.4498023987,37.6936531067,26.487991333,24.8609905243,16.5773506165,20.6924591064,17.7686920166,15.8870992661,16.2760429382,8.18075084686,5.0496673584,4.82250499725,6.75384569168,4.17047262192,6.77664136887,9.03690910339,1.1299020052,0.176688268781,0.2269551754,0.0747763738036,0.00604074541479,0.000539221800864,0.0000605577115493,0.0000253103153227],"median":[0.00561958691105,0.190645605326,0.803652822971,2.44961571693,2.95131444931,6.12590503693,5.26017999649,3.24670577049,4.21561384201,2.99409365654,3.94063472748,4.49166727066,3.1937725544,2.78883075714,3.32795643806,5.36492729187,9.95788288116,10.8617477417,9.22190284729,6.99676799774,4.51154947281,5.21055555344,5.5585641861,4.56575059891,3.9733672142,2.46959590912,1.24000501633,0.653865158558,0.405762761831,0.527137696743,0.333829671144,0.0718004480004,0.0186007991433,0.00857393536717,0.00302292709239,0.000734438130166,0.000182125993888,0.0000483404510305,0.0000192078041437,0.000018606942831],"min":[9.71094653194e-23,6.57024855153e-22,8.52329043828e-22,7.8763297822e-21,9.41727436713e-21,2.80468285201e-20,2.94583443808e-20,6.24911817576e-20,1.17295012191e-19,1.282554655e-19,2.99927108113e-19,3.63775680331e-19,5.99183217653e-19,8.62671675614e-19,7.74131710412e-19,1.40493349339e-18,1.54037718426e-18,1.7522069722e-18,2.68040432872e-18,3.1224827353e-18,3.76957496156e-18,3.58170487365e-18,4.28729200411e-18,4.76025319886e-18,5.26952059145e-18,9.30284457287e-18,1.0736332858e-17,1.00067008279e-17,9.99451149439e-18,1.17218532106e-17,1.13307084502e-17,1.08727382497e-17,1.01610212973e-17,6.69040802072e-18,6.60696907156e-18,4.20389854989e-18,2.4350472562e-18,9.32163584164e-19,2.55942890564e-19,2.71545074343e-20],"var":[0.000348316476448,0.248005390167,9.23835754395,34.8851165771,24.4619445801,193.204437256,141.28125,204.65397644,374.156738281,716.90826416,2291.88476562,4464.73925781,4707.44384766,2109.55322266,2386.07617188,6898.04833984,28957.5625,15882.2783203,3081.83422852,5169.43457031,2282.74853516,4347.20898438,1429.92749023,1132.30297852,1587.64868164,358.691619873,604.442260742,167.775024414,3032.73828125,464.852661133,1757.99084473,11747.2167969,180.100082397,0.994471728802,1.21114861965,0.12708824873,0.0008581156726,0.0000290944972221,1.92047252767e-7,1.24422316894e-9]},"erbbands_crest":{"dmean":2.46062707901,"dmean2":3.91496014595,"dvar":5.84019804001,"dvar2":14.2077817917,"max":33.0587310791,"mean":9.43883323669,"median":8.29207134247,"min":2.43791222572,"var":20.2185115814},"erbbands_flatness_db":{"dmean":0.0134704392403,"dmean2":0.0196647066623,"dvar":0.000162274678587,"dvar2":0.000336615426932,"max":0.340928047895,"mean":0.190470799804,"median":0.1948171556,"min":0.0292540732771,"var":0.0018347131554},"erbbands_kurtosis":{"dmean":0.804433166981,"dmean2":1.25057816505,"dvar":2.24108171463,"dvar2":4.86008501053,"max":38.1282424927,"mean":0.25162756443,"median":-0.293582201004,"min":-1.8694870472,"var":5.83235883713},"erbbands_skewness":{"dmean":0.329056441784,"dmean2":0.501473248005,"dvar":0.113303087652,"dvar2":0.249747127295,"max":3.05268025398,"mean":-0.0754270553589,"median":-0.0375874340534,"min":-5.7635679245,"var":0.596913099289},"erbbands_spread":{"dmean":6.70005607605,"dmean2":10.1925764084,"dvar":51.3048858643,"dvar2":113.346923828,"max":141.577209473,"mean":37.1783828735,"median":35.2020072937,"min":3.44079446793,"var":294.387512207},"gfcc":{"cov":[[28291.9726562,1660.12036133,-3425.83300781,1420.93566895,-2044.85412598,763.176574707,-635.635253906,32.6810073853,-468.878112793,-221.162704468,-243.563171387,-240.735626221,-431.114685059],[1660.12036133,1733.25012207,-506.896636963,-346.803710938,292.575622559,-394.211395264,225.229949951,-82.6645431519,-17.1518058777,-166.734100342,106.717132568,-172.039718628,7.95254850388],[-3425.83300781,-506.896636963,914.847229004,69.9930801392,249.860397339,102.64414978,-57.975112915,11.6030054092,68.5767440796,79.151260376,-25.7617473602,67.2885131836,33.9197692871],[1420.93566895,-346.803710938,69.9930801392,561.537475586,-88.8558883667,128.48651123,-178.823348999,-10.1587095261,71.7176437378,47.552734375,-55.1599655151,43.4937705994,-2.29922986031],[-2044.85412598,292.575622559,249.860397339,-88.8558883667,581.242858887,-129.818237305,-29.1957950592,-57.1807174683,50.1041107178,36.9767608643,25.5173721313,23.5205345154,76.2571411133],[763.176574707,-394.211395264,102.64414978,128.48651123,-129.818237305,372.793579102,-11.2781543732,51.5196609497,-26.458272934,38.5651550293,-21.1909160614,1.51432788372,-20.4351501465],[-635.635253906,225.229949951,-57.975112915,-178.823348999,-29.1957950592,-11.2781543732,328.268951416,67.0472183228,-19.9890117645,-61.8332595825,62.4280662537,-59.4158744812,-17.1522254944],[32.6810073853,-82.6645431519,11.6030054092,-10.1587095261,-57.1807174683,51.5196609497,67.0472183228,133.029785156,23.3874645233,-15.2942123413,16.8801517487,-8.41411876678,-9.47608661652],[-468.878112793,-17.1518058777,68.5767440796,71.7176437378,50.1041107178,-26.458272934,-19.9890117645,23.3874645233,157.961639404,26.6425743103,-3.77629590034,-9.23444461823,19.3958129883],[-221.162704468,-166.734100342,79.151260376,47.552734375,36.9767608643,38.5651550293,-61.8332595825,-15.2942123413,26.6425743103,133.913665771,-4.72990465164,40.316532135,21.6732616425],[-243.563171387,106.717132568,-25.7617473602,-55.1599655151,25.5173721313,-21.1909160614,62.4280662537,16.8801517487,-3.77629590034,-4.72990465164,122.211029053,-3.10138487816,0.716575443745],[-240.735626221,-172.039718628,67.2885131836,43.4937705994,23.5205345154,1.51432788372,-59.4158744812,-8.41411876678,-9.23444461823,40.316532135,-3.10138487816,148.532928467,24.9178333282],[-431.114685059,7.95254850388,33.9197692871,-2.29922986031,76.2571411133,-20.4351501465,-17.1522254944,-9.47608661652,19.3958129883,21.6732616425,0.716575443745,24.9178333282,99.3993377686]],"icov":[[0.00054559315322,-0.00139005493838,0.00130988808814,-0.00134598475415,0.00126242823899,-0.00157919258345,0.00158531148918,-0.00121510692406,0.00122525228653,-0.000656976480968,0.000787128810771,-0.000418091251049,0.000867277150974],[-0.00139005493838,0.00501610850915,-0.00256578042172,0.00358035136014,-0.00413083797321,0.00475243153051,-0.00459593161941,0.00381289678626,-0.00323626259342,0.00256582326256,-0.00250309798867,0.00207070587203,-0.00218433490954],[0.00130988808814,-0.00256578042172,0.00501946359873,-0.0031698748935,0.00179582077544,-0.004010993056,0.00348527007736,-0.00276588671841,0.00241925660521,-0.00139858562034,0.00199094950221,-0.00101629528217,0.00230902712792],[-0.00134598475415,0.00358035136014,-0.0031698748935,0.00601263670251,-0.00279534608126,0.00308306328952,-0.00275345426053,0.00341952289455,-0.00450255023316,0.00193845224567,-0.00174744846299,0.00063124432927,-0.00196395791136],[0.00126242823899,-0.00413083797321,0.00179582077544,-0.00279534608126,0.00611526286229,-0.00336958188564,0.00418528774753,-0.00234960275702,0.00242333230563,-0.00227909814566,0.0015122856712,-0.00142851227429,0.000613660027739],[-0.00157919258345,0.00475243153051,-0.004010993056,0.00308306328952,-0.00336958188564,0.00882977899164,-0.00504106702283,0.0023204179015,-0.00203039869666,0.000903684645891,-0.00221443083137,0.00240706093609,-0.00242604664527],[0.00158531148918,-0.00459593161941,0.00348527007736,-0.00275345426053,0.00418528774753,-0.00504106702283,0.00964222475886,-0.00558955874294,0.00367820821702,-0.00103676097933,0.000809708959423,-0.000489752797876,0.00249948352575],[-0.00121510692406,0.00381289678626,-0.00276588671841,0.00341952289455,-0.00234960275702,0.0023204179015,-0.00558955874294,0.0131909418851,-0.0054221325554,0.00314494874328,-0.002885020338,0.000598710495979,-0.00173663953319],[0.00122525228653,-0.00323626259342,0.00241925660521,-0.00450255023316,0.00242333230563,-0.00203039869666,0.00367820821702,-0.0054221325554,0.0113385217264,-0.00339652202092,0.00199197698385,0.000795445521362,0.000798942928668],[-0.000656976480968,0.00256582326256,-0.00139858562034,0.00193845224567,-0.00227909814566,0.000903684645891,-0.00103676097933,0.00314494874328,-0.00339652202092,0.011156286113,-0.00192495144438,-0.000852539378684,-0.00201962026767],[0.000787128810771,-0.00250309798867,0.00199094950221,-0.00174744846299,0.0015122856712,-0.00221443083137,0.000809708959423,-0.002885020338,0.00199197698385,-0.00192495144438,0.0107950353995,-0.00144312600605,0.00145857455209],[-0.000418091251049,0.00207070587203,-0.00101629528217,0.00063124432927,-0.00142851227429,0.00240706093609,-0.000489752797876,0.000598710495979,0.000795445521362,-0.000852539378684,-0.00144312600605,0.00941752828658,-0.00237400061451],[0.000867277150974,-0.00218433490954,0.00230902712792,-0.00196395791136,0.000613660027739,-0.00242604664527,0.00249948352575,-0.00173663953319,0.000798942928668,-0.00201962026767,0.00145857455209,-0.00237400061451,0.0133286369964]],"mean":[-75.2512512207,117.814056396,-135.641952515,37.9953346252,-47.2953262329,3.33952188492,-36.8221473694,-10.6812028885,-20.531961441,-7.75519514084,-10.92228508,-7.76928472519,-14.9688615799]},"hfc":{"dmean":5.3166012764,"dmean2":7.10281229019,"dvar":258.921600342,"dvar2":432.846435547,"max":650.233459473,"mean":17.6526279449,"median":8.49584960938,"min":1.05015919042e-16,"var":1091.69299316},"melbands":{"dmean":[0.0000680935918353,0.000268415926257,0.000286491005681,0.000222602815484,0.000172129599378,0.0000859490173752,0.0000865446490934,0.0000670152294333,0.0000859444116941,0.0000831269790069,0.0000608277150604,0.0000384293780371,0.0000427470913564,0.0000334584110533,0.0000602545333095,0.000053946798289,0.0000381753270631,0.0000265362887149,0.0000132730074256,0.0000120932436403,0.00000918926889426,0.00000955443010753,0.00000982411802397,0.00000821551475383,0.00000606519279245,0.0000058030245782,0.00000498775261804,0.00000221389313992,0.00000198111069949,9.53480935095e-7,0.00000210587768379,0.00000226712654694,0.00000260549359155,0.00000110265943931,0.00000370105408365,0.00000194311701307,0.00000238248276219,4.79721052216e-7,1.90518193222e-7,1.00121013702e-7],"dmean2":[0.000110044726171,0.000428945524618,0.000469095655717,0.000358267978299,0.000275685510132,0.00013376971765,0.000135333146318,0.000103981525172,0.000138586139656,0.000133165318402,0.000092488277005,0.0000588112379774,0.0000652576272842,0.0000505584757775,0.0000885370900505,0.0000802479917184,0.0000570639967918,0.0000402448495151,0.0000199160695047,0.000018332108084,0.0000129262161863,0.000013841389773,0.0000140749207276,0.0000125580381791,0.00000913989697438,0.00000870305393619,0.00000726972803022,0.00000336988455274,0.00000302359057969,0.00000144908847233,0.00000329079489347,0.00000334562628268,0.00000369599320038,0.00000169520205873,0.00000553793051949,0.00000276469700111,0.00000312891734211,7.74358056788e-7,3.00072912296e-7,1.63665859532e-7],"dvar":[1.45888687797e-8,2.39740899133e-7,1.89778546655e-7,1.06202612926e-7,6.4384202858e-8,3.45096751175e-8,3.61913627955e-8,3.61482648259e-8,6.49857341273e-8,7.27357800656e-8,4.7360234845e-8,1.34908288985e-8,1.71890128797e-8,1.68762692709e-8,4.93909375621e-8,3.22593400881e-8,2.0686417912e-8,4.99692776046e-9,1.98230964976e-9,1.21066268122e-9,1.20115462021e-9,1.20628129707e-9,1.71536940208e-9,4.67812955041e-10,2.33322194898e-10,2.78282952237e-10,2.61093868748e-10,4.53720602756e-11,4.85108064829e-10,1.54936723173e-11,7.03185773498e-11,2.72814437707e-10,1.04840136572e-9,2.31566762293e-11,1.06313957637e-9,1.58148300011e-10,1.19612086902e-9,8.35077770822e-11,2.03998779674e-11,1.93403168372e-13],"dvar2":[3.29211964356e-8,5.33836214345e-7,4.9976426908e-7,2.78357930483e-7,1.69608370015e-7,7.86506930694e-8,7.83101654633e-8,8.5527489091e-8,1.62809214999e-7,1.76073555735e-7,9.54970005296e-8,2.76540070843e-8,3.82507927554e-8,3.84442735424e-8,1.01397660046e-7,6.62187957801e-8,3.82789409059e-8,1.16936034189e-8,4.03447275588e-9,2.32300312319e-9,2.11412221063e-9,2.2322497184e-9,2.96341440276e-9,1.03526065498e-9,4.96461760591e-10,5.8361987465e-10,5.6108762081e-10,9.46014377945e-11,1.14871823165e-9,3.5140706317e-11,1.51374884849e-10,5.24432663962e-10,1.92879179295e-9,4.52487144975e-11,2.18076001701e-9,2.41283187874e-10,1.6866318342e-9,2.20150689345e-10,5.32689517496e-11,4.96655884821e-13],"max":[0.00225092377514,0.00730016548187,0.00620219716802,0.00601085647941,0.00399775290862,0.0048732208088,0.0052823908627,0.00511007150635,0.00722141005099,0.00854502152652,0.00843767076731,0.00424385489896,0.00333187566139,0.00405643135309,0.00827961042523,0.00394158158451,0.00666468404233,0.00251996214502,0.00189488881733,0.00125273154117,0.00175674573984,0.0015845032176,0.00243981298991,0.00080394919496,0.000477575697005,0.000520996167324,0.00060243398184,0.000197813249542,0.00159779179376,0.000167941630934,0.000423960009357,0.000857083825395,0.00172516272869,0.000248980912147,0.00243258033879,0.000710825901479,0.0020175462123,0.000540072680451,0.000281891989289,0.00000784229087003],"mean":[0.000246197567321,0.000884912617039,0.000828209682368,0.000519232067745,0.00038004029193,0.000176813686267,0.000153146771481,0.000113173256977,0.000147369777551,0.000145018828334,0.000107593521534,0.0000718706069165,0.0000745885263314,0.0000610534771113,0.00011241716129,0.0000939477104112,0.0000723922348698,0.0000534720857104,0.0000269721113,0.0000285861988232,0.0000181925897778,0.0000204786629183,0.0000197246954485,0.0000156195219461,0.000012369313481,0.0000122613118947,0.00000978878961178,0.00000439421228293,0.00000354916642209,0.00000191815729522,0.00000327867519445,0.00000355643396688,0.00000385494786315,0.00000174596277702,0.00000457400847154,0.0000034213071558,0.00000574731257075,5.09513597535e-7,1.97457666218e-7,1.13061062734e-7],"median":[0.0000900518571143,0.000448114296887,0.000474867556477,0.000332749361405,0.000243027679971,0.0000809770499473,0.0000615771714365,0.0000281825341517,0.0000318175952998,0.0000258507225226,0.0000143387160279,0.0000108132062451,0.0000109750744741,0.00000855666166899,0.0000200763279281,0.000018597671442,0.0000197724493773,0.00001652915671,0.00000738565722713,0.00000713916460882,0.00000379234620596,0.00000466746678285,0.00000472452074973,0.00000459522925667,0.00000325271275869,0.00000271032899946,0.0000025232036478,0.00000112060683932,7.86701832567e-7,4.32910923109e-7,3.01666403857e-7,1.98272275043e-7,2.45022079071e-7,2.86019115947e-7,2.07025522059e-7,7.49644897269e-8,2.3978712349e-8,1.16272680373e-8,7.47217754338e-9,6.29020702192e-9],"min":[1.61337585817e-24,6.53091139507e-25,2.01214021398e-24,1.56647304836e-24,9.74483130271e-25,1.64472371143e-24,1.74994434555e-24,1.26469687287e-24,2.15308283648e-24,1.87110154768e-24,2.39236150675e-24,3.80811202955e-24,1.81009380628e-24,3.05680386165e-24,2.64734580601e-24,2.83882995784e-24,2.33122971698e-24,3.67178700437e-24,4.01354679206e-24,3.65552660896e-24,4.00212566388e-24,3.19811586826e-24,3.43612743071e-24,3.50734263779e-24,3.4996555827e-24,3.42915271702e-24,3.82848041813e-24,5.28378915988e-24,5.33025109504e-24,4.45913526881e-24,4.89634722603e-24,4.76915721013e-24,4.78603962236e-24,4.99295389349e-24,5.78371555907e-24,5.69034401017e-24,5.53693580766e-24,6.48821094592e-24,5.50401309221e-24,5.59895486873e-24],"var":[1.21811083886e-7,0.00000135388779654,9.20162790408e-7,3.24696742382e-7,1.84747719345e-7,1.07289665152e-7,8.08897624438e-8,8.71527134905e-8,1.57843018656e-7,1.71166050222e-7,1.18467546883e-7,3.56835023752e-8,4.61181599576e-8,4.35146603195e-8,1.66701298099e-7,8.46771470719e-8,6.55581970932e-8,1.45847840471e-8,7.27129512157e-9,5.86521720081e-9,3.95473787052e-9,3.78435016657e-9,5.06666575362e-9,1.18420295792e-9,8.30164104126e-10,9.20766740631e-10,5.86447723716e-10,1.31474234277e-10,4.83003581575e-10,2.64110903286e-11,1.09419855121e-10,4.53173054638e-10,1.82093251588e-9,3.77521798545e-11,1.32898869687e-9,6.5120064896e-10,5.45252287765e-9,6.68025149086e-11,1.57833728726e-11,1.78728464862e-13]},"melbands_crest":{"dmean":2.62302231789,"dmean2":4.24727725983,"dvar":6.73547697067,"dvar2":17.4687633514,"max":33.0447158813,"mean":13.5980215073,"median":12.5871076584,"min":1.62251365185,"var":32.198600769},"melbands_flatness_db":{"dmean":0.0195114910603,"dmean2":0.0283775534481,"dvar":0.000438311079051,"dvar2":0.000849489122629,"max":0.475541472435,"mean":0.213769719005,"median":0.212723150849,"min":0.00400464283302,"var":0.00564574636519},"melbands_kurtosis":{"dmean":4.26363611221,"dmean2":6.58114480972,"dvar":53.2633476257,"dvar2":121.437957764,"max":167.144073486,"mean":9.65128517151,"median":4.9109621048,"min":-1.94779253006,"var":214.182662964},"melbands_skewness":{"dmean":0.557936310768,"dmean2":0.842438399792,"dvar":0.336137354374,"dvar2":0.7228500247,"max":11.1265268326,"mean":2.35718202591,"median":2.12393760681,"min":-1.65406274796,"var":2.56983160973},"melbands_spread":{"dmean":6.97352743149,"dmean2":10.4007253647,"dvar":132.590560913,"dvar2":260.174194336,"max":274.180419922,"mean":28.7939243317,"median":22.3988037109,"min":1.4567168951,"var":693.38269043},"mfcc":{"cov":[[12282.0283203,-130.120162964,-159.470169067,305.139923096,-775.372253418,413.705108643,-171.516494751,458.366973877,-345.138366699,381.25213623,59.1132125854,-157.880187988,-5.54405355453],[-130.120162964,2125.39550781,-531.569946289,46.2290840149,33.5909042358,-203.392532349,199.100845337,-34.6267127991,-38.315246582,2.01436305046,19.3158226013,-79.7270965576,-21.3055686951],[-159.470169067,-531.569946289,528.355773926,22.1611747742,73.9429931641,124.898574829,-53.0353965759,27.526556015,27.0436458588,9.57244205475,-12.2276334763,47.5125427246,-3.67866492271],[305.139923096,46.2290840149,22.1611747742,363.277038574,148.00819397,36.2999992371,-105.565475464,-35.1741638184,29.7152500153,-58.3222846985,11.7405633926,16.9403686523,21.2472801208],[-775.372253418,33.5909042358,73.9429931641,148.00819397,531.486938477,100.355438232,-76.0610351562,-126.335037231,89.0874481201,-100.500999451,-38.3651123047,117.056236267,-39.7742156982],[413.705108643,-203.392532349,124.898574829,36.2999992371,100.355438232,228.241424561,-10.6982460022,-15.6790084839,19.3602848053,-5.1188993454,-3.71139812469,33.0836486816,-8.88042259216],[-171.516494751,199.100845337,-53.0353965759,-105.565475464,-76.0610351562,-10.6982460022,240.677536011,60.0461616516,-29.2896003723,42.6074981689,0.802085042,-11.4953308105,2.76717305183],[458.366973877,-34.6267127991,27.526556015,-35.1741638184,-126.335037231,-15.6790084839,60.0461616516,186.839828491,-22.1749973297,54.2865715027,17.6089057922,-25.0611305237,26.9153804779],[-345.138366699,-38.315246582,27.0436458588,29.7152500153,89.0874481201,19.3602848053,-29.2896003723,-22.1749973297,149.855377197,0.763925552368,-8.85022544861,29.5727558136,-13.9474744797],[381.25213623,2.01436305046,9.57244205475,-58.3222846985,-100.500999451,-5.1188993454,42.6074981689,54.2865715027,0.763925552368,171.344161987,25.4020576477,-27.8039722443,-1.90443754196],[59.1132125854,19.3158226013,-12.2276334763,11.7405633926,-38.3651123047,-3.71139812469,0.802085042,17.6089057922,-8.85022544861,25.4020576477,94.7470169067,1.00218093395,16.0820274353],[-157.880187988,-79.7270965576,47.5125427246,16.9403686523,117.056236267,33.0836486816,-11.4953308105,-25.0611305237,29.5727558136,-27.8039722443,1.00218093395,127.384292603,-6.72401189804],[-5.54405355453,-21.3055686951,-3.67866492271,21.2472801208,-39.7742156982,-8.88042259216,2.76717305183,26.9153804779,-13.9474744797,-1.90443754196,16.0820274353,-6.72401189804,101.309074402]],"icov":[[0.000157008427777,-0.0000302344124066,0.00016312499065,-0.00023388453701,0.000276095350273,-0.000496579916216,0.000309215596644,-0.000351913360646,0.000342731713317,-0.000309765862767,0.000194959415239,-0.000157920323545,0.000207057179068],[-0.0000302344124066,0.00076838437235,0.000568893738091,-0.000235561354202,-0.000383007194614,0.000548057083506,-0.000749800761696,0.000183063748409,0.0000242595742748,-0.000027966363632,-0.000219589303015,0.000439319177531,0.00016634586791],[0.00016312499065,0.000568893738091,0.00300984550267,-0.000347348977812,-0.0000607152760495,-0.0013561664382,0.000468044221634,-0.00103418168146,0.00035751980613,-0.000668593798764,0.000481272581965,-0.000485237163957,0.000358013698133],[-0.00023388453701,-0.000235561354202,-0.000347348977812,0.00416210154071,-0.0013055546442,0.000285967194941,0.00110769679304,0.000124506768771,-0.000730434607249,0.00115551170893,-0.00107205996756,0.000747181999031,-0.00135775539093],[0.000276095350273,-0.000383007194614,-0.0000607152760495,-0.0013055546442,0.00420513702556,-0.00187367759645,0.00073602196062,0.000673627539072,-0.000515678082593,0.000362680468243,0.00126117572654,-0.00263526057824,0.00105452025309],[-0.000496579916216,0.000548057083506,-0.0013561664382,0.000285967194941,-0.00187367759645,0.0072993952781,-0.00179602135904,0.00141228060238,-0.000975734030362,0.000605347333476,-0.000925239699427,0.000482622126583,-0.000387103587855],[0.000309215596644,-0.000749800761696,0.000468044221634,0.00110769679304,0.00073602196062,-0.00179602135904,0.00661345012486,-0.00229049380869,0.00123667856678,-0.00117044697981,0.000896403566003,-0.00101376185194,0.0001420089975],[-0.000351913360646,0.000183063748409,-0.00103418168146,0.000124506768771,0.000673627539072,0.00141228060238,-0.00229049380869,0.00818624161184,-0.00070898263948,-0.000537467538379,-0.000774490181357,0.0004279515706,-0.001724847476],[0.000342731713317,0.0000242595742748,0.00035751980613,-0.000730434607249,-0.000515678082593,-0.000975734030362,0.00123667856678,-0.00070898263948,0.00851363595575,-0.00180839945097,0.000920997466892,-0.00122422701679,0.000967270287219],[-0.000309765862767,-0.000027966363632,-0.000668593798764,0.00115551170893,0.000362680468243,0.000605347333476,-0.00117044697981,-0.000537467538379,-0.00180839945097,0.00818820111454,-0.00219821184874,0.00123877846636,0.000416886730818],[0.000194959415239,-0.000219589303015,0.000481272581965,-0.00107205996756,0.00126117572654,-0.000925239699427,0.000896403566003,-0.000774490181357,0.000920997466892,-0.00219821184874,0.012174799107,-0.00177361769602,-0.001162777422],[-0.000157920323545,0.000439319177531,-0.000485237163957,0.000747181999031,-0.00263526057824,0.000482622126583,-0.00101376185194,0.0004279515706,-0.00122422701679,0.00123877846636,-0.00177361769602,0.0108521450311,-0.00031232467154],[0.000207057179068,0.00016634586791,0.000358013698133,-0.00135775539093,0.00105452025309,-0.000387103587855,0.0001420089975,-0.001724847476,0.000967270287219,0.000416886730818,-0.001162777422,-0.00031232467154,0.0113541586325]],"mean":[-698.63659668,139.82510376,-21.679473877,32.2004089355,3.71866226196,14.0406532288,-6.93783712387,2.06114888191,-15.6473960876,1.82934141159,-1.77797853947,-5.18984508514,-7.25370550156]},"pitch_salience":{"dmean":0.0591271221638,"dmean2":0.0956843346357,"dvar":0.00301799853332,"dvar2":0.00740959867835,"max":0.820045292377,"mean":0.53056615591,"median":0.53616464138,"min":0.105888664722,"var":0.0136923873797},"silence_rate_20dB":{"dmean":0,"dmean2":0,"dvar":0,"dvar2":0,"max":1,"mean":1,"median":1,"min":1,"var":0},"silence_rate_30dB":{"dmean":0.000608642701991,"dmean2":0.00121747073717,"dvar":0.000608319824096,"dvar2":0.00152054580394,"max":1,"mean":0.999391436577,"median":1,"min":0,"var":0.000608227332123},"silence_rate_60dB":{"dmean":0.0179549604654,"dmean2":0.0359153859317,"dvar":0.0176310483366,"dvar2":0.0395003966987,"max":1,"mean":0.15076829493,"median":0,"min":0,"var":0.128026902676},"spectral_centroid":{"dmean":224.65524292,"dmean2":329.79473877,"dvar":99549.078125,"dvar2":190037.78125,"max":11665.9277344,"mean":1474.94238281,"median":1235.63146973,"min":218.857681274,"var":1815599.875},"spectral_complexity":{"dmean":2.3088862896,"dmean2":3.55927562714,"dvar":6.35534095764,"dvar2":12.8985157013,"max":53,"mean":14.6523656845,"median":14,"min":0,"var":74.5820007324},"spectral_contrast_coeffs":{"dmean":[0.0416883453727,0.0430576018989,0.0353636704385,0.0294904373586,0.0217102505267,0.017163939774],"dmean2":[0.0693501532078,0.0700338557363,0.0573208034039,0.0471745468676,0.0336469262838,0.0264771357179],"dvar":[0.00127972988412,0.00122159544844,0.000901966530364,0.000601955340244,0.00035292483517,0.000302140688291],"dvar2":[0.00342005956918,0.00326150958426,0.00224754749797,0.00147920357995,0.000787450466305,0.000642787024844],"max":[-0.319954037666,-0.452423781157,-0.494732141495,-0.538901925087,-0.564776659012,-0.560450077057],"mean":[-0.599511623383,-0.730124235153,-0.769069194794,-0.738167881966,-0.766670405865,-0.732396006584],"median":[-0.601209521294,-0.730380296707,-0.778724551201,-0.736146330833,-0.766065120697,-0.723938822746],"min":[-0.982417821884,-0.979794800282,-0.984847009182,-0.982390403748,-0.977504372597,-0.964880824089],"var":[0.00934976711869,0.00557750370353,0.00574038363993,0.00404359959066,0.00285309157334,0.003306185361]},"spectral_contrast_valleys":{"dmean":[0.357044398785,0.324635565281,0.286351472139,0.258191198111,0.216695547104,0.229545742273],"dmean2":[0.602318882942,0.536629796028,0.463978022337,0.411987215281,0.324020802975,0.327022373676],"dvar":[0.138491883874,0.113585308194,0.105882160366,0.099443398416,0.0902078524232,0.110315702856],"dvar2":[0.327120482922,0.239891305566,0.212395444512,0.194171324372,0.158209219575,0.202184796333],"max":[-6.18330430984,-5.28825426102,-5.47855567932,-5.53855419159,-5.44840240479,-8.05189037323],"mean":[-8.11608791351,-7.5365395546,-8.21262454987,-8.41740512848,-8.42360973358,-11.6498527527],"median":[-7.59165477753,-7.05424213409,-7.77580308914,-8.0378704071,-8.0203962326,-11.6132745743],"min":[-28.1902751923,-27.9227104187,-27.7754478455,-27.6519641876,-27.5487651825,-27.4772644043],"var":[6.81340646744,7.10397672653,6.87830018997,6.54499387741,6.8102388382,5.26283359528]},"spectral_decrease":{"dmean":8.39806724162e-10,"dmean2":1.2322717291e-9,"dvar":1.21358066491e-18,"dvar2":2.29953583991e-18,"max":2.11404346652e-28,"mean":-4.10148315311e-9,"median":-3.52790885394e-9,"min":-2.66181672259e-8,"var":1.16591314135e-17},"spectral_energy":{"dmean":0.00353285786696,"dmean2":0.00510916300118,"dvar":0.0000234567396546,"dvar2":0.0000425725593232,"max":0.114967547357,"mean":0.0170810706913,"median":0.0143215386197,"min":1.00660561938e-20,"var":0.000216988439206},"spectral_energyband_high":{"dmean":0.000426015787525,"dmean2":0.000592058291659,"dvar":0.0000045447040975,"dvar2":0.00000799886038294,"max":0.0807857438922,"mean":0.000811858510133,"median":0.000087076688942,"min":6.78985228142e-21,"var":0.0000130141288537},"spectral_energyband_low":{"dmean":0.00120434130076,"dmean2":0.00196406221949,"dvar":0.0000037965521642,"dvar2":0.00000915617511055,"max":0.0275499783456,"mean":0.00432239752263,"median":0.00324543192983,"min":1.70985254108e-23,"var":0.0000200530848815},"spectral_energyband_middle_high":{"dmean":0.00165462424047,"dmean2":0.00225141481496,"dvar":0.0000112568604891,"dvar2":0.000019620416424,"max":0.100648194551,"mean":0.00538463983685,"median":0.00222787400708,"min":1.14710008557e-21,"var":0.0000798851033323},"spectral_energyband_middle_low":{"dmean":0.00220229499973,"dmean2":0.00344665208831,"dvar":0.00000851346703712,"dvar2":0.000019418879674,"max":0.0662461668253,"mean":0.00768192159012,"median":0.00633976701647,"min":1.40967676715e-22,"var":0.0000449513790954},"spectral_entropy":{"dmean":0.134370148182,"dmean2":0.197325125337,"dvar":0.0206827577204,"dvar2":0.0448335446417,"max":9.82319927216,"mean":7.33605480194,"median":7.29182004929,"min":5.77405166626,"var":0.320643812418},"spectral_flux":{"dmean":0.0137159312144,"dmean2":0.0216236375272,"dvar":0.000254004931776,"dvar2":0.000601626350544,"max":0.258989036083,"mean":0.0550995655358,"median":0.0489280819893,"min":6.35552790951e-11,"var":0.00135157210752},"spectral_kurtosis":{"dmean":2.47203493118,"dmean2":4.31603622437,"dvar":8.52759742737,"dvar2":25.9986209869,"max":37.5947990417,"mean":5.67418956757,"median":4.12132406235,"min":-1.25704538822,"var":24.1591072083},"spectral_rms":{"dmean":0.00039836805081,"dmean2":0.000578283390496,"dvar":1.83952536759e-7,"dvar2":3.43051141272e-7,"max":0.0105907255784,"mean":0.00367975491099,"median":0.00373794487678,"min":3.13377448991e-12,"var":0.000003123893066},"spectral_rolloff":{"dmean":476.595977783,"dmean2":796.004394531,"dvar":862438.3125,"dvar2":1866827.375,"max":21899.2675781,"mean":1963.55212402,"median":1356.59179688,"min":107.666015625,"var":7415655.5},"spectral_skewness":{"dmean":0.266664683819,"dmean2":0.445327073336,"dvar":0.0778718218207,"dvar2":0.213942781091,"max":4.54979848862,"mean":1.47416126728,"median":1.35639536381,"min":-0.129977613688,"var":0.382359534502},"spectral_spread":{"dmean":359678.3125,"dmean2":544058.8125,"dvar":538396622848,"dvar2":1054488788990,"max":42921764,"mean":4102494,"median":3096876.5,"min":1601632.75,"var":22544151216100},"spectral_strongpeak":{"dmean":0.718370735645,"dmean2":1.15880525112,"dvar":6.95748853683,"dvar2":14.064163208,"max":82.1775054932,"mean":1.3766541481,"median":0.479179352522,"min":0,"var":19.2971324921},"zerocrossingrate":{"dmean":0.0092944316566,"dmean2":0.0106376353651,"dvar":0.000202714349143,"dvar2":0.000274481717497,"max":0.54296875,"mean":0.0668677166104,"median":0.0498046875,"min":0.0048828125,"var":0.00486582750455}},"metadata":{"audio_properties":{"analysis_sample_rate":44100,"bit_rate":0,"codec":"flac","downmix":"mix","equal_loudness":0,"length":152.600006104,"lossless":true,"md5_encoded":"38f37ec221c9169901782c289f937cd8","replay_gain":-9.21021270752},"tags":{"acoustid_id":["8e8a72d8-354a-4477-ab75-2e695a9f3f0a"],"album":["The Essential"],"albumartist":["Jefferson Airplane"],"albumartistsort":["Jefferson Airplane"],"artist":["Jefferson Airplane"],"artists":["Jefferson Airplane"],"artistsort":["Jefferson Airplane"],"asin":["B0007YP17G"],"date":["2005-04-26"],"discnumber":["1"],"disctotal":["2"],"file_name":"03 - Come up the Years.flac","media":["CD"],"musicbrainz_albumartistid":["39c2a93d-9afa-4a22-9bba-c087ab056e1c"],"musicbrainz_albumid":["c2c2eb96-27b5-41b5-b492-4a5163f86433"],"musicbrainz_artistid":["39c2a93d-9afa-4a22-9bba-c087ab056e1c"],"musicbrainz_recordingid":["7a9a5c60-2f77-4ee3-af07-1ed819bd287a"],"musicbrainz_releasegroupid":["efb06b41-ba19-363f-869b-749f115fcc90"],"musicbrainz_releasetrackid":["9575e971-b073-3404-bc85-2fca00ef78e5"],"originaldate":["2005"],"releasecountry":["US"],"releasestatus":["official"],"releasetype":["album","compilation"],"script":["Latn"],"title":["Come up the Years"],"totaldiscs":["2"],"totaltracks":["16"],"tracknumber":["3"],"tracktotal":["16"]},"version":{"essentia":"2.1-beta1","essentia_build_sha":"5b9e781ab008b0f974ccb13a0d9a9891710afc4b","essentia_git_sha":"v2.1_beta1-9-geaa627a","extractor":"music 1.0"}},"rhythm":{"beats_count":398,"beats_loudness":{"dmean":0.0120912138373,"dmean2":0.0210376419127,"dvar":0.000212604994886,"dvar2":0.00059633346973,"max":0.0909857302904,"mean":0.0216953214258,"median":0.017854873091,"min":0,"var":0.000312214862788},"beats_loudness_band_ratio":{"dmean":[0.170108541846,0.146588474512,0.115299701691,0.133406713605,0.0978210046887,0.07