{"lowlevel":{"average_loudness":0.00872897077352,"barkbands":{"dmean":[0.00000706029595676,0.00165704393294,0.00393171887845,0.00123982445803,0.00083509250544,0.000808684155345,0.000432624015957,0.000281002750853,0.000237486456172,0.000262934801867,0.000138431467349,0.0000899804144865,0.000108709253254,0.0000961539553828,0.000140263829962,0.000203113653697,0.000218553424929,0.000262219749857,0.000144428806379,0.000167483085534,0.000105422011984,0.0000890005976544,0.0000838958512759,0.000196041233721,0.000233667582506,0.0000835634637042,0.0000057223096519],"dmean2":[0.0000121941566249,0.00245320727117,0.00634448230267,0.00203382200561,0.00147137057502,0.00139653193764,0.000736330461223,0.00050774414558,0.000413904490415,0.000416755065089,0.000223672672291,0.000147186263348,0.000163946970133,0.000153227927512,0.000222717790166,0.000329819333274,0.000348522677086,0.000406661740271,0.000214700688957,0.000245828035986,0.000153847649926,0.000133318462758,0.00013695146481,0.000327561225276,0.000403555633966,0.000143279059557,0.0000102133235487],"dvar":[2.02279548667e-9,0.0000908705405891,0.0011304714717,0.0000622603038209,0.0000324812863255,0.0000411652108596,0.0000053592234508,0.0000028169140478,6.65823336021e-7,0.00000128163196678,1.97369971033e-7,1.43236547956e-7,1.58394570349e-7,1.21153462374e-7,2.58210206994e-7,3.65085156773e-7,4.62155270498e-7,0.0000012850254052,3.78292213554e-7,4.89110675517e-7,1.69728011201e-7,1.17013264855e-7,1.80537909955e-7,9.30919668463e-7,0.0000017448211338,2.19138129864e-7,1.19974752355e-9],"dvar2":[5.07878139544e-9,0.000187828671187,0.00268553197384,0.000157409565873,0.0000838429259602,0.000115675480629,0.0000140985548569,0.0000077804470493,0.00000192956372302,0.00000283024110104,5.3997410987e-7,3.81985955755e-7,3.79786712301e-7,2.95140353046e-7,5.96413258336e-7,9.04018179426e-7,0.00000115022896807,0.00000310765904032,8.62184094785e-7,0.00000107617961476,3.89542208268e-7,2.77374311963e-7,4.85967575514e-7,0.00000257221972788,0.00000494298819831,6.13074121247e-7,3.42875106085e-9],"max":[0.000788953970186,0.181701168418,0.806327223778,0.160539329052,0.14096313715,0.147697746754,0.0468480326235,0.0340556018054,0.016935415566,0.0404529757798,0.00707176793367,0.0071888579987,0.00611855927855,0.00483254389837,0.00739970104769,0.012196091935,0.00946274679154,0.0139287756756,0.00816050544381,0.00942466687411,0.00550139555708,0.00433440459892,0.00807371828705,0.0122279049829,0.0174789838493,0.0073003298603,0.000546746014152],"mean":[0.00000715273699825,0.00199360237457,0.00539127364755,0.00108349265065,0.00071142334491,0.000679618562572,0.000378130411264,0.000213893101318,0.000290127005428,0.000450134510174,0.000193895582925,0.000103633276012,0.000124342870549,0.000104384271253,0.000145990779856,0.00025705769076,0.00029138076934,0.000245345407166,0.000137038296089,0.00015943350445,0.000102749363577,0.0000863260647748,0.0000735844296287,0.000160264506121,0.000177538458956,0.0000611909490544,0.00000392463607568],"median":[0.0000016986857645,0.0000193487612705,0.0000173143434949,0.0000116636028906,0.0000145503036038,0.000012633681763,0.00000888701470103,0.00000385997918784,0.0000051125562095,0.00000578187928113,0.00000656328847981,0.00000445431851404,0.00000446470585302,0.00000471569092042,0.00000534607534064,0.00000508168795932,0.00000723015909898,0.00000862883734953,0.00000360871854355,0.00000381674408345,0.00000455236522612,0.00000395042070522,0.00000370842371922,0.0000059321464505,0.00000378225036002,0.00000102502951904,1.71766046719e-7],"min":[6.79793515316e-13,9.96027696085e-13,6.29237655904e-13,5.88054778483e-13,1.23579868127e-12,8.5458680063e-13,4.98764332786e-13,2.38315010087e-13,1.15863956342e-13,6.54566461797e-14,8.70715785172e-14,9.9076508716e-14,5.02951054014e-14,3.04024180505e-14,2.74311060927e-14,3.77646183639e-14,6.26533940289e-14,6.52343915106e-14,4.857515418e-14,2.64228048485e-14,1.04921488368e-14,1.11200728259e-13,1.35144486205e-13,1.27609931628e-13,1.32179667602e-13,4.26240836517e-14,1.43104901843e-13],"var":[1.56927759676e-9,0.000114796304842,0.00166498532053,0.0000525267132616,0.0000258431937254,0.0000270385844487,0.00000439451332568,0.00000183600593573,9.38147707075e-7,0.00000438289725935,3.56766975074e-7,1.37139920753e-7,2.01944985179e-7,1.3310879865e-7,2.82429539311e-7,7.89291334513e-7,8.70898702487e-7,0.00000123892823467,4.0006659674e-7,5.36866025413e-7,1.80529156069e-7,1.16159107222e-7,1.28345419625e-7,6.1747351765e-7,0.00000106070831407,1.38303065e-7,7.03886671172e-10]},"barkbands_crest":{"dmean":2.77244758606,"dmean2":4.62265348434,"dvar":8.38752841949,"dvar2":20.3896808624,"max":25.3548736572,"mean":9.22731018066,"median":7.64112615585,"min":2.17856478691,"var":25.9740352631},"barkbands_flatness_db":{"dmean":0.0276337116957,"dmean2":0.0422073416412,"dvar":0.000843744724989,"dvar2":0.00192826101556,"max":0.438706666231,"mean":0.125971287489,"median":0.111018657684,"min":0.0176172442734,"var":0.00514458678663},"barkbands_kurtosis":{"dmean":7.07082796097,"dmean2":11.5275468826,"dvar":283.244049072,"dvar2":729.676086426,"max":205.775177002,"mean":8.38246536255,"median":1.21802282333,"min":-1.9526143074,"var":538.638916016},"barkbands_skewness":{"dmean":1.00008094311,"dmean2":1.54079639912,"dvar":1.61598265171,"dvar2":4.08743667603,"max":11.848449707,"mean":0.885792195797,"median":0.513342022896,"min":-7.08409643173,"var":5.99507045746},"barkbands_spread":{"dmean":13.4419145584,"dmean2":21.3261795044,"dvar":249.800201416,"dvar2":619.143066406,"max":129.60697937,"mean":33.2483253479,"median":27.1531028748,"min":0.447560340166,"var":625.75567627},"dissonance":{"dmean":0.021882083267,"dmean2":0.0390010662377,"dvar":0.00156170036644,"dvar2":0.00420341221616,"max":0.500000238419,"mean":0.478794842958,"median":0.491629183292,"min":0,"var":0.00138441380113},"dynamic_complexity":12.97960186,"erbbands":{"dmean":[0.0274769198149,0.477922350168,3.27660417557,5.54791593552,1.98525249958,2.97695374489,6.18268537521,6.55381155014,5.6076874733,7.22365570068,5.53202390671,5.16167736053,7.59014129639,8.37358856201,4.13163900375,3.49959397316,4.88360309601,5.07789945602,6.21539974213,8.44165611267,12.1412153244,12.0268125534,14.6746740341,9.41746520996,6.536485672,8.07064628601,5.17096281052,3.92903590202,3.39425730705,2.15682816505,3.04270792007,3.61366224289,3.48873353004,2.80947184563,1.51424276829,0.544639527798,0.122071005404,0.0167128741741,0.00108217669185,0.0000522701702721],"dmean2":[0.0445802398026,0.72066116333,5.36943101883,9.09119415283,3.44708299637,5.26475477219,10.8089532852,11.4628200531,9.59785556793,13.2753601074,9.79371833801,8.97628879547,12.583026886,13.3394355774,6.40645885468,5.57574319839,7.46406507492,8.01549625397,9.97853851318,13.8796348572,19.7358226776,18.5535202026,22.7974872589,14.6689653397,9.53664875031,11.9096632004,7.65448474884,5.87590885162,5.11091279984,3.29496860504,5.08204984665,5.95622587204,5.94335412979,4.85085487366,2.63109350204,0.938605666161,0.208252385259,0.0293399635702,0.00193860812578,0.0000884594264789],"dvar":[0.0414255410433,6.06028556824,627.455749512,2052.43701172,79.5646209717,465.408691406,3210.94506836,2271.33056641,786.596008301,2097.68261719,896.030090332,305.764801025,798.840454102,1261.59692383,158.066986084,208.553604126,324.082061768,350.104858398,556.131774902,767.786682129,1459.72424316,1259.31335449,4165.81103516,1677.51477051,691.443786621,1230.33666992,420.359619141,239.703796387,173.930374146,71.8190307617,274.517669678,283.712280273,342.70892334,254.742507935,73.8980560303,9.26982116699,0.436846792698,0.0099832220003,0.0000435249748989,7.39353112067e-8],"dvar2":[0.0857626721263,12.4203519821,1402.7409668,5223.59033203,191.844589233,1229.96984863,8707.46972656,6412.54492188,1881.3918457,5985.42822266,2472.9387207,875.330505371,2028.49584961,3067.6472168,381.78604126,559.987609863,780.718017578,845.412231445,1353.36096191,1916.14990234,3438.65698242,2991.40625,10324.9267578,3951.7409668,1452.17272949,2783.23535156,945.716125488,551.208068848,416.730041504,174.513473511,757.167236328,770.010681152,957.98046875,723.274780273,209.207626343,26.0060424805,1.21375763416,0.0283362418413,0.000124542275444,2.06090774668e-7],"max":[3.9529030323,44.4651794434,605.73614502,1041.4934082,124.721282959,528.580627441,1446.45532227,1011.01300049,510.228424072,836.182800293,635.49597168,366.255432129,671.598266602,1223.24108887,186.426208496,259.836578369,239.958496094,233.440673828,375.180664062,315.929962158,908.802185059,481.898132324,956.877563477,514.706176758,332.203216553,554.076171875,243.968231201,220.812957764,184.261398315,132.931655884,324.632080078,251.903335571,285.926544189,243.313430786,122.354568481,45.1625862122,9.81018447876,1.69327938557,0.101635843515,0.00404726015404],"mean":[0.0282108504325,0.638598799706,5.10170221329,5.64383077621,2.02445554733,2.42754387856,4.89077091217,5.4074716568,5.49584150314,5.29228925705,4.6914730072,6.38547134399,11.6062955856,13.3138256073,6.40296936035,4.11116504669,5.55830192566,5.83126974106,6.67140340805,9.04857635498,16.5123577118,16.1640167236,14.1967287064,8.77203655243,6.52795696259,7.65401792526,5.09809112549,3.75818943977,3.31618976593,2.02848124504,2.57713055611,2.9829390049,2.84893631935,2.17176270485,1.11955177784,0.398639768362,0.0903549268842,0.0116626638919,0.000741168973036,0.0000459955663246],"median":[0.000382569909561,0.00505552673712,0.0192407425493,0.0406456813216,0.0460544712842,0.0490197576582,0.0825946033001,0.109783694148,0.138233944774,0.102887257934,0.0999104604125,0.108568422496,0.145007863641,0.265757530928,0.269194483757,0.188368931413,0.220749408007,0.261487007141,0.289035558701,0.295303612947,0.309180617332,0.438334316015,0.464041054249,0.299296736717,0.160525262356,0.171617433429,0.198313087225,0.164190217853,0.154866531491,0.106093563139,0.117776431143,0.126621648669,0.0800885409117,0.0506642721593,0.0210219565779,0.00647154776379,0.00159608339891,0.000200084963581,0.0000322394371324,0.000004323047051],"min":[3.67126086476e-11,2.00577179865e-10,6.53134046846e-10,1.49727241716e-9,2.77632272727e-9,4.37237979156e-9,5.9857332424e-9,7.16390680111e-9,7.42204475657e-9,6.4954575052e-9,4.63832261488e-9,2.74121503274e-9,1.94735116921e-9,2.69204347703e-9,3.91465881933e-9,3.87170340233e-9,2.48331044617e-9,1.619915313e-9,1.59260282739e-9,1.3993552983e-9,2.61416355229e-9,3.51421491906e-9,3.30523564074e-9,3.62565488743e-9,1.82099157975e-9,1.27329580213e-9,3.88917759109e-10,7.87852394435e-10,3.31220029182e-9,6.87327927906e-9,2.3727306786e-9,1.86779991473e-9,2.74812039791e-9,2.5449291563e-9,3.4975586316e-10,1.02876630825e-10,7.52653217528e-11,9.28216600804e-11,1.79579771192e-11,1.89271818704e-12],"var":[0.0430885516107,9.78064918518,1235.05273438,1902.43212891,82.891494751,356.270446777,2168.77319336,1522.88781738,792.195068359,1269.89074707,614.919372559,450.409729004,2055.63964844,3373.89086914,336.663513184,195.078430176,397.518341064,409.420501709,565.598510742,850.479980469,3581.01342773,2463.88623047,3941.31396484,1649.84240723,824.180114746,1294.84155273,461.002960205,248.920852661,170.633148193,66.3587036133,182.223587036,197.127120972,219.30015564,153.901321411,44.9969711304,5.79748439789,0.281584382057,0.00600852956995,0.0000254216138273,4.96927476945e-8]},"erbbands_crest":{"dmean":2.36403226852,"dmean2":3.86940765381,"dvar":5.16523313522,"dvar2":13.2891225815,"max":26.3504104614,"mean":8.0494222641,"median":7.02067613602,"min":2.21479177475,"var":15.3468704224},"erbbands_flatness_db":{"dmean":0.0271876677871,"dmean2":0.042054425925,"dvar":0.00101389316842,"dvar2":0.00259222905152,"max":0.373868465424,"mean":0.147997915745,"median":0.138732016087,"min":0.0202714391053,"var":0.00406630430371},"erbbands_kurtosis":{"dmean":2.04872870445,"dmean2":3.31968283653,"dvar":10.3196611404,"dvar2":25.8457660675,"max":40.5502243042,"mean":2.08246850967,"median":0.54344367981,"min":-1.7842695713,"var":19.4755744934},"erbbands_skewness":{"dmean":0.624806344509,"dmean2":0.978540480137,"dvar":0.546739041805,"dvar2":1.45419895649,"max":4.32905387878,"mean":-0.156823053956,"median":-0.163591146469,"min":-5.59936475754,"var":1.5579726696},"erbbands_spread":{"dmean":13.6765193939,"dmean2":22.0802650452,"dvar":309.279083252,"dvar2":782.164978027,"max":169.199615479,"mean":40.4066009521,"median":30.0251255035,"min":3.24834060669,"var":950.003845215},"gfcc":{"cov":[[23610.0566406,1681.90917969,-3524.55175781,1526.39794922,-924.85760498,241.451980591,-1206.85314941,313.531219482,-396.639038086,-158.692703247,-530.198974609,-230.964904785,-189.685562134],[1681.90917969,4586.68359375,-421.531280518,-1110.96520996,570.947265625,-876.919677734,155.811630249,-190.839660645,225.072372437,-385.048492432,-55.153427124,-75.0618515015,138.017318726],[-3524.55175781,-421.531280518,2116.84741211,116.428085327,-60.0761756897,211.921386719,-7.25247097015,-102.160270691,21.5146121979,106.835746765,54.7370834351,41.9299125671,-44.9542350769],[1526.39794922,-1110.96520996,116.428085327,1095.75610352,-36.0121498108,269.048522949,-181.096618652,-15.5003986359,-129.662902832,115.599479675,41.535068512,-10.489689827,-50.7719726562],[-924.85760498,570.947265625,-60.0761756897,-36.0121498108,560.626708984,-154.41116333,118.230171204,-59.4328269958,38.9300880432,-53.8065872192,69.5031280518,24.6232776642,23.1529979706],[241.451980591,-876.919677734,211.921386719,269.048522949,-154.41116333,417.656707764,-38.7959823608,72.9243927002,-36.1226997375,80.3029403687,-8.92529964447,14.1931972504,-33.7096214294],[-1206.85314941,155.811630249,-7.25247097015,-181.096618652,118.230171204,-38.7959823608,324.953674316,31.4308834076,28.2375144958,-10.9642114639,54.6597595215,9.59524440765,33.5241317749],[313.531219482,-190.839660645,-102.160270691,-15.5003986359,-59.4328269958,72.9243927002,31.4308834076,158.900390625,30.4055938721,5.98632860184,-0.847616493702,14.3300943375,2.28678655624],[-396.639038086,225.072372437,21.5146121979,-129.662902832,38.9300880432,-36.1226997375,28.2375144958,30.4055938721,120.156333923,-2.14774060249,-2.40313148499,7.08700418472,33.0981216431],[-158.692703247,-385.048492432,106.835746765,115.599479675,-53.8065872192,80.3029403687,-10.9642114639,5.98632860184,-2.14774060249,111.287574768,43.5126953125,11.7786092758,-19.0709037781],[-530.198974609,-55.153427124,54.7370834351,41.535068512,69.5031280518,-8.92529964447,54.6597595215,-0.847616493702,-2.40313148499,43.5126953125,101.7317276,31.1403999329,-3.86275577545],[-230.964904785,-75.0618515015,41.9299125671,-10.489689827,24.6232776642,14.1931972504,9.59524440765,14.3300943375,7.08700418472,11.7786092758,31.1403999329,69.2257156372,21.62733078],[-189.685562134,138.017318726,-44.9542350769,-50.7719726562,23.1529979706,-33.7096214294,33.5241317749,2.28678655624,33.0981216431,-19.0709037781,-3.86275577545,21.62733078,74.4977645874]],"icov":[[0.000250839308137,-0.00046576486784,0.000398054602556,-0.00054740451742,0.000364671519492,-0.000362075312296,0.00042364912224,-0.00069800473284,0.000764340977184,-0.000805659394246,0.00111780816223,-0.000595641031396,0.000607370457146],[-0.00046576486784,0.00144260015804,-0.000748567224946,0.0012969848467,-0.000890073366463,0.00123429484665,-0.000614934018813,0.00165122642647,-0.00203988631256,0.00275060883723,-0.00253700139001,0.00178827508353,-0.00140542874578],[0.000398054602556,-0.000748567224946,0.00121507386211,-0.000878560531419,0.000694709131494,-0.000949087087065,0.000552484649234,-0.000364355015336,0.000683765625581,-0.00139615382068,0.00162544788327,-0.0014361415524,0.00149201683234],[-0.00054740451742,0.0012969848467,-0.000878560531419,0.00289578340016,-0.00138801592402,0.000209942096262,0.000156040026923,0.00149935099762,-0.000400078337407,0.0012928226497,-0.00348085560836,0.00281633459963,-0.00243250047788],[0.000364671519492,-0.000890073366463,0.000694709131494,-0.00138801592402,0.00339671457186,-0.000252186815487,-0.000339848949807,0.000176775589352,-0.000287015922368,0.00057620042935,-0.0000640245561954,-0.00216821557842,0.00192963739391],[-0.000362075312296,0.00123429484665,-0.000949087087065,0.000209942096262,-0.000252186815487,0.00529455719516,-0.000984192593023,-0.00053603615379,-0.00101568491664,0.000308670336381,0.000206582306419,-0.00000192178731595,-0.000163239848916],[0.00042364912224,-0.000614934018813,0.000552484649234,0.000156040026923,-0.000339848949807,-0.000984192593023,0.00545164430514,-0.00246188021265,0.00212487950921,-0.00087744317716,-0.00143637962174,0.00164662674069,-0.00178090063855],[-0.00069800473284,0.00165122642647,-0.000364355015336,0.00149935099762,0.000176775589352,-0.00053603615379,-0.00246188021265,0.011426249519,-0.00631167041138,0.00463644927368,-0.00384053983726,-0.000605391454883,0.000392906134948],[0.000764340977184,-0.00203988631256,0.000683765625581,-0.000400078337407,-0.000287015922368,-0.00101568491664,0.00212487950921,-0.00631167041138,0.0160741731524,-0.007383515127,0.00504380697384,-0.000231938363868,-0.00397033290938],[-0.000805659394246,0.00275060883723,-0.00139615382068,0.0012928226497,0.00057620042935,0.000308670336381,-0.00087744317716,0.00463644927368,-0.007383515127,0.0216400828212,-0.0126247145236,0.00284377951175,0.000444398872787],[0.00111780816223,-0.00253700139001,0.00162544788327,-0.00348085560836,-0.0000640245561954,0.000206582306419,-0.00143637962174,-0.00384053983726,0.00504380697384,-0.0126247145236,0.0247200559825,-0.0109259076416,0.00601341016591],[-0.000595641031396,0.00178827508353,-0.0014361415524,0.00281633459963,-0.00216821557842,-0.00000192178731595,0.00164662674069,-0.000605391454883,-0.000231938363868,0.00284377951175,-0.0109259076416,0.0241174902767,-0.0105632636696],[0.000607370457146,-0.00140542874578,0.00149201683234,-0.00243250047788,0.00192963739391,-0.000163239848916,-0.00178090063855,0.000392906134948,-0.00397033290938,0.000444398872787,0.00601341016591,-0.0105632636696,0.0221878699958]],"mean":[-180.488693237,41.2813987732,-92.3386383057,21.3430595398,-47.2442817688,18.4383659363,-36.805973053,13.2930269241,-21.7736740112,-1.13007473946,-17.3294010162,2.82223010063,-9.18190288544]},"hfc":{"dmean":10.6917095184,"dmean2":16.44298172,"dvar":1717.57568359,"dvar2":4198.70996094,"max":585.040161133,"mean":11.8832807541,"median":1.18476176262,"min":9.86408466019e-9,"var":1675.77404785},"melbands":{"dmean":[0.000364069885109,0.00136602658313,0.000848386087455,0.000151719636051,0.000206314740353,0.000146692502312,0.0000885290573933,0.0000766587472754,0.0000417180926888,0.0000341102022503,0.0000388598164136,0.0000351589369529,0.0000161111820489,0.0000103220791061,0.00000875289242686,0.0000116931641969,0.00000938479388424,0.00000946703767113,0.0000107933647087,0.0000125007363749,0.0000161020980158,0.0000130515090859,0.00001405416333,0.0000112508987513,0.00000746849855204,0.00000492736216984,0.00000479768186779,0.00000569263102079,0.0000035561306504,0.00000256227781392,0.00000219961543735,0.00000192545712707,0.00000167275754848,9.87362113847e-7,0.00000182586131814,0.00000160686272466,0.0000024934324756,0.00000240083500103,0.00000223042798098,0.00000255590430243],"dmean2":[0.000560901418794,0.00217309221625,0.00138500751927,0.000266026007012,0.000364031846402,0.000252602942055,0.00015045053442,0.000141650642036,0.0000731538239052,0.0000593619297433,0.0000643609237159,0.0000560496155231,0.0000253755479207,0.0000166540721693,0.0000140620377351,0.0000177282290679,0.0000150179384946,0.0000154588924488,0.0000171784795384,0.0000207748689718,0.0000262045650743,0.0000205864707823,0.0000216378048208,0.000017379214114,0.0000119501519293,0.00000739189090382,0.00000711667689757,0.00000856733186083,0.00000546561022929,0.00000385203475162,0.00000330985153596,0.00000296209236694,0.00000256070211435,0.00000153252551627,0.0000030746655284,0.00000266283791461,0.00000412378631154,0.00000403228341384,0.00000382534199161,0.00000443441012976],"dvar":[0.00000577049104322,0.0000892964526429,0.0000430818654422,6.08791879131e-7,0.00000356430518877,0.00000114895306069,1.98313259148e-7,2.41595671469e-7,4.14910061863e-8,1.39130795773e-8,2.14695621281e-8,2.38046240497e-8,2.4305684132e-9,2.1002741768e-9,1.08669129251e-9,1.91336568811e-9,1.21115117935e-9,1.2747427558e-9,1.44726264306e-9,1.59623947393e-9,2.94238389209e-9,1.55904311683e-9,3.36302941051e-9,2.29925434247e-9,1.18180021325e-9,4.05183858687e-10,3.98877514352e-10,6.8337907555e-10,2.10938891354e-10,1.05799889683e-10,7.65374708056e-11,5.99175847826e-11,4.46941025856e-11,1.47516027171e-11,1.03899638892e-10,5.94633370321e-11,1.36644834337e-10,1.5811330023e-10,1.51274465177e-10,2.34923802633e-10],"dvar2":[0.0000119905153042,0.000202793613425,0.000108030071715,0.00000158859427302,0.00000956119038165,0.0000032185123473,4.96030509112e-7,6.89689500177e-7,1.13982189021e-7,4.01667961114e-8,5.36912985183e-8,5.66924924783e-8,6.234637695e-9,5.56695400888e-9,2.80843392986e-9,4.60602134211e-9,3.00105207351e-9,3.1488058827e-9,3.3439679914e-9,4.3367816005e-9,6.95046731281e-9,3.96036226036e-9,7.88971643573e-9,5.6713025387e-9,2.86573698105e-9,8.63622118263e-10,8.84435802373e-10,1.61348057137e-9,4.92165197485e-10,2.40511222049e-10,1.7859813628e-10,1.4381044966e-10,1.11498608957e-10,3.5802184134e-11,2.88021939632e-10,1.6051773799e-10,3.72285535732e-10,4.41060910017e-10,4.26088941907e-10,6.73250843963e-10],"max":[0.0467097908258,0.227039694786,0.153028786182,0.0166538301855,0.0483258590102,0.0232740603387,0.00856781471521,0.00908156577498,0.00425497163087,0.00250358460471,0.00358783663251,0.00542228389531,0.000704099948052,0.000967695319559,0.000481374241645,0.000673328351695,0.000452450301964,0.000508143333718,0.000460335577372,0.000602794869337,0.00134634436108,0.000582621025387,0.00091630150564,0.000654917384963,0.000462768832222,0.000230370817007,0.000249668693868,0.000404619553592,0.000168728103745,0.000130797736347,0.000128469677293,0.000118265896162,0.000101117700979,0.0000564676920476,0.000199298156076,0.00012304437405,0.000179984330316,0.000187264697161,0.000194319654838,0.000221873007831],"mean":[0.000404266087571,0.00207496341318,0.000896474346519,0.000136308037327,0.00016414244601,0.000123901379993,0.0000835844839457,0.0000553841928195,0.0000372936483473,0.0000418326271756,0.0000595396086283,0.0000566686649108,0.0000240872395807,0.0000125321530504,0.00000978758907877,0.000013275850506,0.0000102777821667,0.00000996553808363,0.0000112010129669,0.0000134404463097,0.0000215120981011,0.0000175298264367,0.0000143903944263,0.000010490324712,0.00000677313437336,0.00000491595665153,0.00000452676840723,0.00000531746263732,0.00000338955419465,0.00000254127940025,0.00000204189905162,0.00000189088200386,0.00000157939018663,9.12459256597e-7,0.00000151711913077,0.00000137315623761,0.00000202181240638,0.0000019599387997,0.00000178145398877,0.00000191640333469],"median":[0.00000449996605312,0.0000106117631731,0.00000726574535292,0.00000327472571371,0.00000272698434856,0.00000260473575509,0.00000212040413317,9.53665221459e-7,8.0119946233e-7,6.57851728647e-7,6.75423166285e-7,0.00000102988713024,9.04844853267e-7,5.14987561928e-7,4.40990305606e-7,4.70778871886e-7,4.46776283525e-7,4.25880074317e-7,4.00736269057e-7,3.53824731292e-7,3.37430179798e-7,4.13566510815e-7,4.45338770305e-7,3.75904960492e-7,2.24717510378e-7,1.07833074026e-7,1.09677820603e-7,1.11252937529e-7,1.13765857179e-7,1.06524169041e-7,8.61841584765e-8,8.43061371825e-8,7.4723907062e-8,4.95249246057e-8,7.01637077327e-8,6.27794491947e-8,7.93390597664e-8,5.47202851919e-8,4.6770338713e-8,4.2350038143e-8],"min":[3.34670713451e-13,3.20844533667e-13,2.9467037534e-13,2.58414763112e-13,2.11454375602e-13,1.6173580487e-13,1.1128846732e-13,6.70171315903e-14,3.47300008576e-14,1.57841692868e-14,9.39628302059e-15,1.04488010787e-14,1.26298084268e-14,1.17472339771e-14,7.94171230379e-15,4.26309225958e-15,2.84046442576e-15,2.6050335239e-15,1.9789533561e-15,1.96061488103e-15,3.35032087353e-15,3.8183673515e-15,2.89428574626e-15,3.19787251895e-15,3.024673763e-15,1.40195620649e-15,1.2819644604e-15,6.93027957883e-16,2.11901186858e-16,1.52910741917e-16,5.57760819613e-16,1.60054975136e-15,2.74732616519e-15,4.44885166711e-15,1.54233487096e-15,6.67153589504e-16,1.2134783526e-15,2.24314272059e-15,1.30128115264e-15,2.52385346272e-15],"var":[0.00000635808237348,0.000172357264091,0.0000427707491326,5.1748969554e-7,0.00000247863204095,7.80741856943e-7,1.86031982707e-7,1.44671986391e-7,3.0490536318e-8,2.00356655711e-8,5.75473215747e-8,6.70990729645e-8,5.04594988016e-9,2.06561479033e-9,1.12098164085e-9,2.411436828e-9,1.33466060426e-9,1.25349886027e-9,1.60019875128e-9,1.92293447832e-9,7.04253322326e-9,3.1522262578e-9,3.5413274535e-9,2.19569806781e-9,1.0869332101e-9,4.77432926527e-10,4.31186725214e-10,6.68745669952e-10,2.17559331661e-10,1.13099862808e-10,7.66272739705e-11,5.77390461831e-11,4.06362339611e-11,1.34124551743e-11,6.78680306399e-11,4.18891830944e-11,9.3899443776e-11,1.02084403431e-10,9.42113262403e-11,1.37708677794e-10]},"melbands_crest":{"dmean":4.13577461243,"dmean2":6.9120388031,"dvar":14.4949808121,"dvar2":38.9769248962,"max":36.1588935852,"mean":12.4587221146,"median":10.5464286804,"min":2.00625061989,"var":49.7466812134},"melbands_flatness_db":{"dmean":0.0355938225985,"dmean2":0.0535931400955,"dvar":0.00140363478567,"dvar2":0.00312165846117,"max":0.545742571354,"mean":0.172857150435,"median":0.150643825531,"min":0.0083589470014,"var":0.0117911100388},"melbands_kurtosis":{"dmean":14.9623832703,"dmean2":24.2824363708,"dvar":1172.96118164,"dvar2":2929.86523438,"max":415.629516602,"mean":21.6234722137,"median":2.3138718605,"min":-1.92459642887,"var":2565.57739258},"melbands_skewness":{"dmean":1.22005712986,"dmean2":1.91729938984,"dvar":2.25875711441,"dvar2":5.70782089233,"max":15.7393102646,"mean":2.35255122185,"median":1.38452005386,"min":-3.85502123833,"var":8.90255737305},"melbands_spread":{"dmean":22.457775116,"dmean2":36.1361351013,"dvar":1197.4699707,"dvar2":2755.3984375,"max":305.446716309,"mean":58.442401886,"median":34.1718826294,"min":0.311621189117,"var":4300.90380859},"mfcc":{"cov":[[23111.8085938,1301.1027832,-2135.88916016,118.179702759,78.0869750977,-450.796966553,-550.516479492,-125.306396484,44.1585044861,-284.77722168,-330.599700928,-75.7640914917,-231.485794067],[1301.1027832,4342.00341797,-699.563232422,-64.1794281006,-200.752792358,-404.708129883,-338.339782715,43.4598274231,107.321342468,-107.752891541,-237.146728516,-71.0992889404,28.863193512],[-2135.88916016,-699.563232422,1701.59020996,66.0031738281,141.311889648,201.633377075,32.6230926514,-58.1968421936,-60.2501029968,37.7649383545,74.3516540527,-21.7397232056,-7.98739910126],[118.179702759,-64.1794281006,66.0031738281,544.461303711,216.521835327,119.486160278,95.2720718384,-45.6345825195,-81.3065490723,-22.6292572021,-1.68473827839,24.8020248413,9.83975315094],[78.0869750977,-200.752792358,141.311889648,216.521835327,382.130187988,139.305343628,3.97785496712,-6.8625254631,-39.9135551453,-27.7759227753,14.3293361664,22.6044197083,-2.94156193733],[-450.796966553,-404.708129883,201.633377075,119.486160278,139.305343628,240.588241577,105.922149658,-9.57817554474,-19.8368549347,-0.221596717834,32.0840911865,25.9846401215,2.60181665421],[-550.516479492,-338.339782715,32.6230926514,95.2720718384,3.97785496712,105.922149658,221.868835449,53.3475646973,-20.9684486389,33.5603904724,39.318157196,19.453754425,25.4345874786],[-125.306396484,43.4598274231,-58.1968421936,-45.6345825195,-6.8625254631,-9.57817554474,53.3475646973,128.031936646,63.3396720886,14.7461423874,5.90709877014,12.242559433,8.48904037476],[44.1585044861,107.321342468,-60.2501029968,-81.3065490723,-39.9135551453,-19.8368549347,-20.9684486389,63.3396720886,119.925376892,29.1667900085,-11.1451320648,-2.37535381317,-0.219792947173],[-284.77722168,-107.752891541,37.7649383545,-22.6292572021,-27.7759227753,-0.221596717834,33.5603904724,14.7461423874,29.1667900085,91.0289230347,36.3191871643,-6.10942935944,3.78216481209],[-330.599700928,-237.146728516,74.3516540527,-1.68473827839,14.3293361664,32.0840911865,39.318157196,5.90709877014,-11.1451320648,36.3191871643,78.013381958,28.6351108551,10.1502103806],[-75.7640914917,-71.0992889404,-21.7397232056,24.8020248413,22.6044197083,25.9846401215,19.453754425,12.242559433,-2.37535381317,-6.10942935944,28.6351108551,60.6211090088,26.4075698853],[-231.485794067,28.863193512,-7.98739910126,9.83975315094,-2.94156193733,2.60181665421,25.4345874786,8.48904037476,-0.219792947173,3.78216481209,10.1502103806,26.4075698853,59.7979049683]],"icov":[[0.0000560626540391,0.00000786572036304,0.000063761806814,-0.0000302722346532,-0.0000324175452988,0.0000568500690861,0.0000696136703482,0.0000411078399338,-0.0000344007494277,0.0000666998530505,0.000103861166281,-0.0000545365001017,0.000189323356608],[0.00000786572036304,0.000349896872649,0.000073865558079,-0.000187993486179,0.000139872165164,0.000204710682738,0.000530506775249,-0.000373132119421,0.0000184034724953,0.0000363034996553,0.000650406524073,0.000190273931366,-0.000468997983262],[0.000063761806814,0.000073865558079,0.000813868013211,-0.0000652286180411,-0.0000110368573587,-0.000677145493682,0.000612542848103,-0.000124936836073,0.000325100991176,-0.0000969771281234,-0.000532099453267,0.000951955444179,-0.000206011041882],[-0.0000302722346532,-0.000187993486179,-0.0000652286180411,0.00320984306745,-0.00186539697461,0.00029971668846,-0.00236704037525,0.00188086694106,0.000545006536413,-0.000387543870602,0.00147699110676,-0.00160598300863,0.000556679442525],[-0.0000324175452988,0.000139872165164,-0.0000110368573587,-0.00186539697461,0.0050538526848,-0.00327498279512,0.00348006607965,-0.0031207902357,0.00191899901256,0.000137295297463,-0.00079041684512,0.000684295839164,-0.000703269790392],[0.0000568500690861,0.000204710682738,-0.000677145493682,0.00029971668846,-0.00327498279512,0.0097299143672,-0.00600205129012,0.004649233073,-0.0039241570048,0.00222145440057,-0.0000228089811571,-0.00301107601263,0.00246863276698],[0.0000696136703482,0.000530506775249,0.000612542848103,-0.00236704037525,0.00348006607965,-0.00600205129012,0.0128231821582,-0.00888619106263,0.0061673768796,-0.00359489838593,-0.000636467069853,0.00285140331835,-0.00417680479586],[0.0000411078399338,-0.000373132119421,-0.000124936836073,0.00188086694106,-0.0031207902357,0.004649233073,-0.00888619106263,0.0174939930439,-0.0104512600228,0.00313729513437,-0.00101485988125,-0.0033582476899,0.0023719011806],[-0.0000344007494277,0.0000184034724953,0.000325100991176,0.000545006536413,0.00191899901256,-0.0039241570048,0.0061673768796,-0.0104512600228,0.0178993195295,-0.00807193201035,0.00548323523253,-0.00138020515442,-0.000807617150713],[0.0000666998530505,0.0000363034996553,-0.0000969771281234,-0.000387543870602,0.000137295297463,0.00222145440057,-0.00359489838593,0.00313729513437,-0.00807193201035,0.0200042203069,-0.0120167462155,0.00774866342545,-0.00139180663973],[0.000103861166281,0.000650406524073,-0.000532099453267,0.00147699110676,-0.00079041684512,-0.0000228089811571,-0.000636467069853,-0.00101485988125,0.00548323523253,-0.0120167462155,0.027642019093,-0.0143676642329,0.00258405855857],[-0.0000545365001017,0.000190273931366,0.000951955444179,-0.00160598300863,0.000684295839164,-0.00301107601263,0.00285140331835,-0.0033582476899,-0.00138020515442,0.00774866342545,-0.0143676642329,0.0313577242196,-0.012387316674],[0.000189323356608,-0.000468997983262,-0.000206011041882,0.000556679442525,-0.000703269790392,0.00246863276698,-0.00417680479586,0.0023719011806,-0.000807617150713,-0.00139180663973,0.00258405855857,-0.012387316674,0.0239778403193]],"mean":[-826.562988281,81.7628631592,11.5089015961,11.9516916275,13.1352710724,4.08266544342,2.58004260063,8.34902572632,5.61273097992,-1.84445345402,-1.92855775356,2.03124904633,-2.68427872658]},"pitch_salience":{"dmean":0.0968716442585,"dmean2":0.159789219499,"dvar":0.0106354858726,"dvar2":0.0279854051769,"max":0.931911468506,"mean":0.642712891102,"median":0.709860265255,"min":0.0640431344509,"var":0.0322314724326},"silence_rate_20dB":{"dmean":0.00355029595084,"dmean2":0.00710479589179,"dvar":0.00353764300235,"dvar2":0.0070543573238,"max":1,"mean":0.991720855236,"median":1,"min":0,"var":0.00821065157652},"silence_rate_30dB":{"dmean":0.0213017743081,"dmean2":0.0426287762821,"dvar":0.0208481177688,"dvar2":0.0479158684611,"max":1,"mean":0.966883480549,"median":1,"min":0,"var":0.0320190787315},"silence_rate_60dB":{"dmean":0.0899408310652,"dmean2":0.179988160729,"dvar":0.0818508565426,"dvar2":0.176014050841,"max":1,"mean":0.694263756275,"median":1,"min":0,"var":0.212260439992},"spectral_centroid":{"dmean":490.224731445,"dmean2":757.620910645,"dvar":457646.34375,"dvar2":1033085.625,"max":7029.68310547,"mean":2103.15673828,"median":1822.8626709,"min":136.152114868,"var":2047877.375},"spectral_complexity":{"dmean":3.19585800171,"dmean2":4.46417999268,"dvar":43.6541557312,"dvar2":65.7478637695,"max":60,"mean":6.96629190445,"median":1,"min":0,"var":156.894927979},"spectral_contrast_coeffs":{"dmean":[0.0597949102521,0.0480284020305,0.0359595604241,0.026988023892,0.0287989694625,0.0168300643563],"dmean2":[0.100749865174,0.0806047990918,0.0599655099213,0.0449733510613,0.0471805110574,0.0246761646122],"dvar":[0.00302909780294,0.00182043854147,0.000941879639868,0.000740051851608,0.00194072036538,0.000363528029993],"dvar2":[0.00793503783643,0.00535566313192,0.00249655987136,0.0019605779089,0.00494356360286,0.000754978740588],"max":[-0.289666026831,-0.560705780983,-0.538243174553,-0.660797894001,-0.441594481468,-0.635711431503],"mean":[-0.730606496334,-0.83109754324,-0.842245697975,-0.853468894958,-0.832620680332,-0.832264244556],"median":[-0.746098458767,-0.842190623283,-0.857393622398,-0.86264026165,-0.848650038242,-0.839824318886],"min":[-0.987315952778,-0.971689224243,-0.953079223633,-0.940135478973,-0.972008943558,-0.94740241766],"var":[0.0107804518193,0.0043012490496,0.00373968179338,0.00194982194807,0.00440410478041,0.00242135720327]},"spectral_contrast_valleys":{"dmean":[0.595026195049,0.75168389082,0.56697678566,0.525750815868,0.385048776865,0.423510909081],"dmean2":[0.945617139339,1.22866594791,0.874623000622,0.775996446609,0.477312117815,0.464469522238],"dvar":[0.313657104969,0.827670812607,0.460039675236,0.454698890448,0.238811552525,0.242707177997],"dvar2":[0.740631461143,2.09263014793,1.14168214798,1.10569059849,0.398680448532,0.332262068987],"max":[-5.13417291641,-4.11594009399,-5.29380273819,-5.63760232925,-5.21811103821,-6.91100597382],"mean":[-9.21595096588,-8.56190490723,-8.86582946777,-9.20259094238,-9.18548297882,-11.0742864609],"median":[-9.21873378754,-8.5124168396,-8.81287193298,-8.97183799744,-8.85429859161,-10.8617296219],"min":[-15.6055011749,-17.2556934357,-17.8133506775,-18.5885334015,-18.3213768005,-19.090681076],"var":[2.1415116787,2.96283316612,2.85046029091,2.90898180008,3.07379364967,2.90727424622]},"spectral_decrease":{"dmean":2.29544294683e-9,"dmean2":3.39702488361e-9,"dvar":1.1950347131e-16,"dvar2":2.50248869775e-16,"max":-1.65816398118e-18,"mean":-3.3249389908e-9,"median":-1.14530773754e-10,"min":-2.85475351802e-7,"var":2.24707544162e-16},"spectral_energy":{"dmean":0.00953608751297,"dmean2":0.013916041702,"dvar":0.001811209484,"dvar2":0.00376749411225,"max":1.09513187408,"mean":0.0136269144714,"median":0.000658114731777,"min":7.15299390899e-12,"var":0.00340524688363},"spectral_energyband_high":{"dmean":0.00084825058002,"dmean2":0.00132918555755,"dvar":0.0000153426699399,"dvar2":0.0000398913616664,"max":0.0546731427312,"mean":0.000759638380259,"median":0.0000376718926418,"min":7.04380835343e-13,"var":0.000012125477042},"spectral_energyband_low":{"dmean":0.00604504346848,"dmean2":0.00949348323047,"dvar":0.00164683861658,"dvar2":0.00395802594721,"max":0.978182375431,"mean":0.00821016915143,"median":0.0000581211934332,"min":2.26452905906e-12,"var":0.00245315302163},"spectral_energyband_middle_high":{"dmean":0.00143945566379,"dmean2":0.00218363944441,"dvar":0.0000175502718776,"dvar2":0.0000376336029149,"max":0.0505089536309,"mean":0.00207200576551,"median":0.0000960677280091,"min":5.85153345049e-13,"var":0.0000325279943354},"spectral_energyband_middle_low":{"dmean":0.0032368269749,"dmean2":0.00540455104783,"dvar":0.000322463078192,"dvar2":0.000733964319807,"max":0.357120990753,"mean":0.00346946413629,"median":0.000123696489027,"min":3.54914383473e-12,"var":0.000325649103615},"spectral_entropy":{"dmean":0.231104701757,"dmean2":0.347415059805,"dvar":0.0768280923367,"dvar2":0.19149337709,"max":8.95366382599,"mean":7.91546869278,"median":8.02377700806,"min":5.49462509155,"var":0.481022387743},"spectral_flux":{"dmean":0.0202912576497,"dmean2":0.0307807587087,"dvar":0.00231363181956,"dvar2":0.00463852379471,"max":0.848364770412,"mean":0.0439612828195,"median":0.0196562372148,"min":0.000506103504449,"var":0.00507290568203},"spectral_kurtosis":{"dmean":2.58130884171,"dmean2":4.14906787872,"dvar":21.6675624847,"dvar2":60.5733299255,"max":103.598556519,"mean":6.40987491608,"median":3.45369052887,"min":-0.99098610878,"var":112.330757141},"spectral_rms":{"dmean":0.000754591252189,"dmean2":0.00109023367986,"dvar":0.00000268828057415,"dvar2":0.0000051097567848,"max":0.032686714083,"mean":0.00190626189578,"median":0.000801288406365,"min":8.35375999486e-8,"var":0.00000966072821029},"spectral_rolloff":{"dmean":1253.65283203,"dmean2":2080.49707031,"dvar":4552322.5,"dvar2":10095045,"max":15417.7734375,"mean":3828.23828125,"median":2368.65234375,"min":21.533203125,"var":14759299},"spectral_skewness":{"dmean":0.354129552841,"dmean2":0.552227556705,"dvar":0.206926718354,"dvar2":0.571489036083,"max":7.58536100388,"mean":1.65963435173,"median":1.47669637203,"min":-0.0590829402208,"var":1.26650714874},"spectral_spread":{"dmean":1218789.75,"dmean2":1844488.125,"dvar":2559824887810,"dvar2":6060221923330,"max":30894022,"mean":6415178.5,"median":5890149.5,"min":743788.3125,"var":11220787658800},"spectral_strongpeak":{"dmean":0.26445761323,"dmean2":0.442225784063,"dvar":0.307821959257,"dvar2":0.804436147213,"max":6.09581756592,"mean":0.331826299429,"median":0.0806764140725,"min":0,"var":0.407239019871},"zerocrossingrate":{"dmean":0.0267722588032,"dmean2":0.0299586132169,"dvar":0.000891621923074,"dvar2":0.00106802431401,"max":0.42333984375,"mean":0.13913589716,"median":0.1123046875,"min":0.0009765625,"var":0.0110441911966}},"metadata":{"audio_properties":{"analysis_sample_rate":44100,"bit_rate":0,"codec":"flac","downmix":"mix","equal_loudness":0,"length":39.2199783325,"lossless":true,"md5_encoded":"08ae0158582c5f979be29ea1f82a87da","replay_gain":4.99176216125,"sample_rate":192000},"tags":{"album":["Complete Studio Albums Collection"],"albumartist":["Grateful Dead"],"albumartistsort":["Grateful Dead"],"artist":["Grateful Dead"],"artistsort":["Grateful Dead"],"asin":["B000002VCI"],"barcode":["603497909360"],"catalognumber":["ARCD 8181"],"date":["2013"],"discnumber":["11"],"discsubtitle":["Go to Heaven"],"disctotal":["13"],"file_name":"07. Grateful Dead - Antwerp's Placebo (The Plumber).flac","genre":["Folk rock"],"label":["Grateful Dead Records","Rhino"],"media":["Digital Media"],"musicbrainz_albumartistid":["6faa7ca7-0d99-4a5e-bfa6-1fd5037520c6"],"musicbrainz_albumid":["362d6a04-8c98-4299-8a07-a74d2d26f2e2"],"musicbrainz_artistid":["6faa7ca7-0d99-4a5e-bfa6-1fd5037520c6"],"musicbrainz_recordingid":["7aa50110-6b2b-49d2-a0a0-1a310599428d"],"musicbrainz_releasegroupid":["f1beaef3-a5cb-427d-931a-8a5df464e554"],"musicbrainz_releasetrackid":["25c6a4bb-b858-4999-9d1c-fd83499dd303"],"originaldate":["2013"],"originalyear":["2013"],"releasecountry":["US"],"releasestatus":["official"],"releasetype":["album","compilation"],"script":["Latn"],"title":["Antwerp's Placebo (The Plumber)"],"totaldiscs":["13"],"totaltracks":["9"],"tracknumber":["7"],"tracktotal":["9"]},"version":{"essentia":"2.1-beta2","essentia_build_sha":"70f2e5ece6736b2c40cc944ad0e695b16b925413","essentia_git_sha":"v2.1_beta2","extractor":"music 1.0"}},"rhythm":{"beats_count":55,"beats_loudness":{"dmean":0.0575659573078,"dmean2":0.110697686672,"dvar":0.0214932430536,"dvar2":0.0629956275225,"max":0.8219820261,"mean":0.0479439198971,"median":0.0107897352427,"m