{"lowlevel":{"average_loudness":0.915283381939,"barkbands":{"dmean":[0.0110886301845,0.0170063655823,0.00359339336865,0.00225238036364,0.00163883366622,0.00151739269495,0.000992474495433,0.000788172532339,0.000683301535901,0.000773202860728,0.000536469218787,0.000486044998979,0.00041970127495,0.000318332080496,0.00025012603146,0.000232182399486,0.000245642324444,0.000173462452949,0.000131727356347,0.0000755160872359,0.0000687928768457,0.0000681511446601,0.0000514117527928,0.0000280184449366,0.00000611354653302,0.0000634283860563,0.000224516785238],"dmean2":[0.0191890746355,0.0280338507146,0.00617711059749,0.0039639249444,0.0027549918741,0.00250124093145,0.00163677043747,0.0012865193421,0.00111466599628,0.00127082911786,0.00089056615252,0.000794690218754,0.000689150765538,0.000525275536347,0.000414928479586,0.000389360531699,0.000409678759752,0.00028438604204,0.000206838973099,0.000115423208626,0.000101876379631,0.0000995483860606,0.0000733009001124,0.0000402397854486,0.0000098486434581,0.0000872197051649,0.000313781260047],"dvar":[0.000454682012787,0.000871951691806,0.0000346618762705,0.0000245930968958,0.0000149140978465,0.0000193528703676,0.0000150831556311,0.00000864335925144,0.00000442670352641,0.00000649235335004,0.0000028096224014,0.00000119514243124,9.37049833283e-7,3.23162481664e-7,2.00520887006e-7,2.00251221827e-7,1.85309801282e-7,1.53938387371e-7,8.85020412511e-8,4.3202017963e-8,3.51556685985e-8,1.93883877841e-8,1.17891127971e-8,4.12824618934e-9,1.74988884494e-10,1.86435737959e-8,1.16738732459e-7],"dvar2":[0.00123537098989,0.00223948154598,0.0000974162321654,0.0000713311310392,0.0000391931753256,0.0000468928046757,0.0000389820270357,0.0000219114135689,0.0000109872280518,0.0000164037664945,0.00000695149401508,0.00000294197616313,0.00000245481601269,8.16056569874e-7,5.31123987457e-7,5.26434291714e-7,4.94882044677e-7,3.97063104174e-7,2.01760897767e-7,9.11515130042e-8,7.26410576135e-8,4.22446220227e-8,2.39870789898e-8,8.13698974866e-9,4.07752470677e-10,3.44190738133e-8,2.1102768244e-7],"max":[0.315710991621,0.319074958563,0.13004770875,0.120545729995,0.0708913207054,0.125930950046,0.179996117949,0.0651547834277,0.0480390936136,0.0968123078346,0.054319743067,0.0414371490479,0.0478762164712,0.0198765508831,0.00963404495269,0.0170355029404,0.00900943949819,0.0107905333862,0.00667487364262,0.0091041168198,0.00987054407597,0.00369582907297,0.00429053697735,0.00141675467603,0.000419301475631,0.00255740946159,0.0169235505164],"mean":[0.012000775896,0.02394009009,0.00478544970974,0.00238319672644,0.00198482489213,0.00180532818194,0.00124073517509,0.000917983765248,0.000861480366439,0.00101497373544,0.000699243217241,0.000765703676734,0.000687759893481,0.000528950127773,0.000407413841458,0.000347656081431,0.000424161058618,0.000294528261293,0.000233196944464,0.000136588336318,0.000138931325637,0.000132608533022,0.0000974801441771,0.0000425269354309,0.00000635824517303,0.000118158583064,0.000774343614466],"median":[0.00425530644134,0.015628516674,0.00300891068764,0.00105111394078,0.000838128966279,0.000741707743146,0.000379421573598,0.000217980894377,0.000230962003116,0.00033404660644,0.000209019664908,0.000372883019736,0.000357747660019,0.000291020201985,0.000202925410122,0.000156511552632,0.000226272008149,0.000140556134284,0.0000911181778065,0.0000595430246904,0.0000677829157212,0.0000589266783209,0.0000376091484213,0.0000125810493046,0.00000192368133867,0.0000400963690481,0.000485485768877],"min":[9.10168976998e-25,1.48845243686e-24,2.91278729473e-25,7.03144462551e-25,7.55389694785e-24,1.02411800205e-23,4.97830671864e-24,4.27824196906e-24,1.29054386099e-23,1.30131378449e-23,1.29751833802e-23,1.70774076044e-23,2.89079845767e-23,2.53012131215e-23,3.50252664196e-23,5.87236893089e-23,6.40768615464e-23,9.45202345019e-23,1.54030594838e-22,1.38899611587e-22,2.57592670994e-22,3.35454504517e-22,4.36016574205e-22,5.70742000887e-22,7.06583293408e-22,1.29207176781e-21,1.99639434994e-21],"var":[0.000441204523668,0.000933473114856,0.0000363991202903,0.0000197547815333,0.0000143278030009,0.0000195032735064,0.0000148553972394,0.00000992702462099,0.00000563517187402,0.00000787974113337,0.00000362287778444,0.00000205306855605,0.00000135893219522,6.13191673438e-7,3.44279072806e-7,2.8849666478e-7,3.14390234735e-7,2.14472109406e-7,1.62186267971e-7,9.08228230401e-8,7.09246066322e-8,4.05915798751e-8,2.5173976681e-8,7.4805930339e-9,2.01722291648e-10,4.22139478928e-8,9.74948648036e-7]},"barkbands_crest":{"dmean":3.2200422287,"dmean2":5.23910522461,"dvar":7.33615112305,"dvar2":19.0048332214,"max":26.0689945221,"mean":12.4695587158,"median":12.2910547256,"min":2.33845591545,"var":20.6035289764},"barkbands_flatness_db":{"dmean":0.0364904813468,"dmean2":0.0568307563663,"dvar":0.00123845611233,"dvar2":0.00300007197075,"max":0.600277662277,"mean":0.155506208539,"median":0.140384703875,"min":0.0206482186913,"var":0.00561409490183},"barkbands_kurtosis":{"dmean":15.345375061,"dmean2":24.8213405609,"dvar":1390.5612793,"dvar2":3814.54248047,"max":1672.14379883,"mean":23.3361110687,"median":7.47888994217,"min":-1.93317568302,"var":2112.45654297},"barkbands_skewness":{"dmean":1.16931319237,"dmean2":1.83832859993,"dvar":1.8642989397,"dvar2":4.72018480301,"max":29.1451053619,"mean":3.28064656258,"median":2.64248323441,"min":-6.30138349533,"var":6.06541585922},"barkbands_spread":{"dmean":8.66280078888,"dmean2":13.5780172348,"dvar":93.4150924683,"dvar2":219.997756958,"max":138.603271484,"mean":24.0679836273,"median":20.7659759521,"min":0.123343266547,"var":325.051300049},"dissonance":{"dmean":0.0154786230996,"dmean2":0.0259778872132,"dvar":0.000320526072755,"dvar2":0.000826293544378,"max":0.500000178814,"mean":0.477479755878,"median":0.484143465757,"min":0.25328502059,"var":0.000528150005266},"dynamic_complexity":3.0058259964,"erbbands":{"dmean":[0.9162145257,2.61487913132,4.43514442444,5.97873878479,6.06937170029,5.20546197891,7.25180673599,15.1194820404,14.4619379044,15.0126943588,16.4901771545,15.1454229355,19.9919548035,23.7455120087,19.5132827759,19.1964645386,18.8294849396,14.7625703812,13.8818302155,13.7153978348,11.6676578522,12.3999881744,9.4423160553,7.8643860817,5.36968135834,3.59467768669,2.86997818947,2.69835090637,2.49112296104,2.06271147728,1.34970664978,0.827063500881,0.340167284012,0.0917930677533,0.0335483402014,0.0840129703283,0.140938654542,0.105668477714,0.0203540548682,0.00462186802179],"dmean2":[1.52896046638,4.39356231689,7.48466777802,10.4974536896,10.4050111771,8.8561000824,12.0451889038,24.9491271973,23.6894893646,24.3805751801,26.861782074,24.6664161682,32.542263031,38.9555358887,31.8165168762,31.322353363,30.8345680237,24.1067504883,22.6604633331,22.9507751465,19.3449516296,20.5811843872,15.3951263428,12.5135860443,8.31342792511,5.49119091034,4.28761196136,3.98364877701,3.69975566864,2.99208974838,1.9159526825,1.17913329601,0.499410659075,0.143405273557,0.0549926422536,0.122571215034,0.193694442511,0.146080732346,0.0268212314695,0.00673206988722],"dvar":[3.07842826843,18.9397163391,44.5646476746,153.445907593,212.603485107,157.39201355,349.788391113,2238.49145508,3105.04150391,2704.77514648,3979.9831543,2218.7421875,4522.72412109,5527.62304688,3170.35717773,1773.13366699,2075.63549805,702.944274902,688.893371582,572.939025879,574.43157959,470.378662109,412.915344238,338.821411133,179.827102661,92.7591934204,55.3220748901,55.5220527649,28.2585983276,20.2059860229,7.3892288208,3.25518012047,0.708023786545,0.0491115488112,0.00410868553445,0.0465411916375,0.0918795764446,0.0429468713701,0.00123547890689,0.0000529909993929],"dvar2":[7.95756340027,50.4406433105,121.832839966,443.430603027,575.215515137,419.397277832,895.45300293,5491.38085938,7678.49804688,6933.57470703,10015.7666016,5508.90478516,11189.7392578,13573.1503906,7912.77685547,4352.63525391,5449.05371094,1801.08935547,1709.99145508,1540.09008789,1493.46447754,1230.08447266,1060.7298584,833.583312988,378.906585693,194.676956177,113.665458679,116.384765625,63.0940933228,43.6827087402,14.4541120529,6.42516422272,1.43282425404,0.109401643276,0.0096371518448,0.092794328928,0.168664380908,0.0825959220529,0.00216644140892,0.000102698562841],"max":[19.3264369965,65.1730422974,142.68586731,279.710601807,314.18649292,190.515365601,474.984588623,1351.43078613,2221.48217773,1374.53308105,1555.08056641,1403.81933594,2751.89208984,3135.93041992,1617.87109375,1271.04089355,2477.99267578,633.056762695,969.809814453,492.020690918,984.729675293,455.356964111,530.367126465,338.191192627,469.008850098,392.652130127,296.510864258,395.038696289,177.044555664,208.804458618,68.4252090454,48.1650352478,18.0680885315,6.90737438202,1.49963068962,4.23025465012,5.96836328506,4.36205530167,1.74131524563,0.351744055748],"mean":[1.12026405334,3.65157461166,6.36569929123,7.0643992424,7.22153329849,6.04496192932,8.40727329254,17.4006595612,17.8150615692,19.3092956543,20.3792877197,19.6346721649,25.5570697784,33.9821624756,28.5393943787,32.1622848511,32.6420936584,26.4759597778,24.6792049408,22.1097335815,19.4312744141,22.6162567139,17.1493263245,13.3906297684,9.79430580139,6.68690109253,5.72373056412,5.30579471588,4.79943752289,3.89182448387,2.57224726677,1.40938401222,0.437730789185,0.102266050875,0.0361277535558,0.107410572469,0.261779427528,0.22598323226,0.061284661293,0.0177436321974],"median":[0.614635646343,2.37582349777,4.17015457153,3.74226903915,3.17702484131,2.33416223526,3.63880634308,6.545545578,5.64173698425,5.34542703629,5.13029098511,5.44737052917,8.53710842133,10.6938209534,11.6575832367,16.5843467712,17.6682052612,15.3555040359,13.5810165405,10.8014354706,9.7168712616,12.6191005707,8.98830986023,5.10160017014,4.01057052612,2.99284434319,2.71370124817,2.58236694336,2.16577005386,1.56116747856,1.00044536591,0.458343207836,0.102412104607,0.0293612368405,0.0133684482425,0.0258143097162,0.0850774273276,0.0864816084504,0.0302426274866,0.0121609102935],"min":[6.36993821369e-23,2.26804426983e-22,3.66815777089e-22,2.17452151524e-21,9.76504242239e-21,1.72710368204e-20,3.81372073782e-20,9.67432251962e-20,9.15359229074e-20,1.05333554019e-19,1.20225480457e-19,3.83985512153e-19,4.21260571151e-19,5.16567933588e-19,4.98911298124e-19,8.39734629312e-19,1.76729061067e-18,2.14253323734e-18,1.89984816499e-18,1.87915624196e-18,2.94773297268e-18,4.2492388008e-18,5.36201468678e-18,6.66476294018e-18,8.32168180774e-18,7.71703676821e-18,7.10180547119e-18,9.06063202744e-18,1.07478215695e-17,1.09265082983e-17,1.30059675663e-17,1.05332335478e-17,1.03122960878e-17,7.33248463733e-18,5.50975865676e-18,3.95019812011e-18,2.3011533916e-18,9.92681461947e-19,2.51247942654e-19,2.65999345324e-20],"var":[2.9697804451,20.3231391907,56.3700866699,126.070220947,193.825378418,146.632080078,322.706329346,2170.84204102,3066.20068359,3359.83740234,4427.51513672,2844.109375,5192.56396484,8090.33886719,4075.80200195,3324.84033203,2996.35449219,1400.98937988,1341.7364502,924.757019043,860.52746582,850.471862793,626.247619629,526.18548584,350.427337646,199.911346436,121.557868958,101.513298035,55.0615997314,39.282283783,17.057384491,6.63577795029,1.08831107616,0.0610372163355,0.00479041598737,0.0701181516051,0.213510766625,0.116492286325,0.00812063924968,0.000441689393483]},"erbbands_crest":{"dmean":2.34993457794,"dmean2":3.89177942276,"dvar":6.46712350845,"dvar2":16.1020622253,"max":31.8907337189,"mean":7.02557563782,"median":5.87546920776,"min":2.05786371231,"var":14.0285835266},"erbbands_flatness_db":{"dmean":0.0214387010783,"dmean2":0.0323390513659,"dvar":0.000498409674037,"dvar2":0.00108785147313,"max":0.349331855774,"mean":0.112460836768,"median":0.104132458568,"min":0.0232372451574,"var":0.00204535736702},"erbbands_kurtosis":{"dmean":1.36174845695,"dmean2":2.18973112106,"dvar":12.2236757278,"dvar2":30.4116477966,"max":86.5301895142,"mean":0.842814743519,"median":-0.0111349821091,"min":-1.80279433727,"var":15.3518095016},"erbbands_skewness":{"dmean":0.422581255436,"dmean2":0.637778818607,"dvar":0.233771890402,"dvar2":0.511214256287,"max":7.22748231888,"mean":0.139242246747,"median":-0.00107957259752,"min":-4.37288665771,"var":0.821364283562},"erbbands_spread":{"dmean":10.3154420853,"dmean2":15.8155260086,"dvar":112.097488403,"dvar2":252.5912323,"max":199.135314941,"mean":41.9416007996,"median":38.6692848206,"min":1.8293402195,"var":434.725097656},"gfcc":{"cov":[[18471.9082031,221.039550781,-1737.67224121,-242.158569336,-216.954391479,-373.325073242,262.529602051,-471.217102051,169.250869751,-190.041137695,-88.4843521118,233.498336792,-382.113372803],[221.039550781,1285.11657715,-115.252616882,-163.419647217,233.427139282,-96.3187942505,85.9933547974,-17.6427993774,56.848449707,-28.6075630188,50.276714325,-108.327033997,109.03653717],[-1737.67224121,-115.252616882,874.385803223,357.277923584,-114.304893494,244.030670166,-141.315444946,138.602935791,-49.1193962097,88.046585083,-13.5406064987,23.8239059448,-15.4418907166],[-242.158569336,-163.419647217,357.277923584,403.654174805,32.7490196228,46.5249290466,-2.03183507919,35.6278457642,-12.7304487228,34.7271728516,-19.7837104797,21.1313610077,-26.3105506897],[-216.954391479,233.427139282,-114.304893494,32.7490196228,266.03729248,1.29295277596,78.2282791138,-30.4710083008,35.6127281189,-33.726764679,33.046875,-22.4717521667,41.2503013611],[-373.325073242,-96.3187942505,244.030670166,46.5249290466,1.29295277596,258.095092773,-40.2908287048,86.1996231079,-33.0813865662,30.319190979,2.06966471672,25.7865982056,7.60822439194],[262.529602051,85.9933547974,-141.315444946,-2.03183507919,78.2282791138,-40.2908287048,182.500213623,-33.6255455017,60.3162536621,-16.1875286102,14.9948635101,18.6296825409,-13.0975875854],[-471.217102051,-17.6427993774,138.602935791,35.6278457642,-30.4710083008,86.1996231079,-33.6255455017,164.929458618,10.0034646988,46.5080528259,-5.14348363876,-31.0123748779,33.256652832],[169.250869751,56.848449707,-49.1193962097,-12.7304487228,35.6127281189,-33.0813865662,60.3162536621,10.0034646988,120.163734436,27.8809223175,13.0372610092,13.3867015839,-23.436630249],[-190.041137695,-28.6075630188,88.046585083,34.7271728516,-33.726764679,30.319190979,-16.1875286102,46.5080528259,27.8809223175,77.9186477661,26.6931171417,2.34318113327,3.60090994835],[-88.4843521118,50.276714325,-13.5406064987,-19.7837104797,33.046875,2.06966471672,14.9948635101,-5.14348363876,13.0372610092,26.6931171417,64.4118270874,25.0720233917,14.4925603867],[233.498336792,-108.327033997,23.8239059448,21.1313610077,-22.4717521667,25.7865982056,18.6296825409,-31.0123748779,13.3867015839,2.34318113327,25.0720233917,85.14503479,-12.7875566483],[-382.113372803,109.03653717,-15.4418907166,-26.3105506897,41.2503013611,7.60822439194,-13.0975875854,33.256652832,-23.436630249,3.60090994835,14.4925603867,-12.7875566483,83.9378890991]],"icov":[[0.000131370994495,-0.000260791799519,0.000730704690795,-0.000661216035951,0.000633256684523,-0.000516407482792,0.000307600654196,0.000101630917925,-0.000249755597906,0.000280368112726,-0.0000956653384492,-0.000305020192172,0.000495601620059],[-0.000260791799519,0.00197339081205,-0.0023271900136,0.00225355639122,-0.0019744373858,0.00153603742365,-0.0012947578216,0.000484413321828,-0.000420786585892,0.000185260156286,-0.000854773970786,0.00271347234957,-0.00259976228699],[0.000730704690795,-0.0023271900136,0.00860342103988,-0.00853546056896,0.00762385269627,-0.00722868507728,0.00398015184328,0.00118899648078,-0.00382403912954,0.00384744931944,-0.00389997381717,0.00042719906196,0.00182095705532],[-0.000661216035951,0.00225355639122,-0.00853546056896,0.0130889546126,-0.0120664872229,0.00936374347657,-0.00405063712969,-0.00417293142527,0.00897645391524,-0.0110273696482,0.0107905315235,-0.00669960677624,0.00279320520349],[0.000633256684523,-0.0019744373858,0.00762385269627,-0.0120664872229,0.0198152586818,-0.0120788961649,0.00169769395143,0.00765332672745,-0.0140789244324,0.0175062362105,-0.0171031206846,0.0134806381539,-0.00801796279848],[-0.000516407482792,0.00153603742365,-0.00722868507728,0.00936374347657,-0.0120788961649,0.0147249279544,-0.00259782443754,-0.00795210339129,0.0111550567672,-0.0109502766281,0.0105426758528,-0.0107525354251,0.00473173428327],[0.000307600654196,-0.0012947578216,0.00398015184328,-0.00405063712969,0.00169769395143,-0.00259782443754,0.00989791098982,0.000450573832495,-0.00486448500305,0.00360725144856,-0.00230053556152,-0.00173278944567,0.00193208828568],[0.000101630917925,0.000484413321828,0.00118899648078,-0.00417293142527,0.00765332672745,-0.00795210339129,0.000450573832495,0.0158848017454,-0.0100206835195,0.00366168445908,-0.00587716372684,0.0127823967487,-0.0105124898255],[-0.000249755597906,-0.000420786585892,-0.00382403912954,0.00897645391524,-0.0140789244324,0.0111550567672,-0.00486448500305,-0.0100206835195,0.0264445208013,-0.0209744423628,0.0160169135779,-0.0169458724558,0.0135752446949],[0.000280368112726,0.000185260156286,0.00384744931944,-0.0110273696482,0.0175062362105,-0.0109502766281,0.00360725144856,0.00366168445908,-0.0209744423628,0.042214974761,-0.029999088496,0.019107574597,-0.00978850200772],[-0.0000956653384492,-0.000854773970786,-0.00389997381717,0.0107905315235,-0.0171031206846,0.0105426758528,-0.00230053556152,-0.00587716372684,0.0160169135779,-0.029999088496,0.0446380153298,-0.0255539380014,0.00691778864712],[-0.000305020192172,0.00271347234957,0.00042719906196,-0.00669960677624,0.0134806381539,-0.0107525354251,-0.00173278944567,0.0127823967487,-0.0169458724558,0.019107574597,-0.0255539380014,0.0370747409761,-0.0134109007195],[0.000495601620059,-0.00259976228699,0.00182095705532,0.00279320520349,-0.00801796279848,0.00473173428327,0.00193208828568,-0.0105124898255,0.0135752446949,-0.00978850200772,0.00691778864712,-0.0134109007195,0.0277082305402]],"mean":[3.78473329544,78.5738754272,-76.8177337646,12.6593351364,-8.41256904602,-3.62202525139,1.92403423786,-13.2111272812,3.72515821457,-5.04459095001,-5.29128217697,6.90448904037,-13.8598508835]},"hfc":{"dmean":28.4923725128,"dmean2":44.2010650635,"dvar":1675.13220215,"dvar2":4158.71533203,"max":945.032653809,"mean":102.406616211,"median":87.0913391113,"min":1.01699824758e-16,"var":6399.50390625},"melbands":{"dmean":[0.006539454218,0.00259292824194,0.0010083996458,0.000381692952942,0.000249238015385,0.000324132852256,0.000215895197471,0.000164593642694,0.000135720911203,0.0000948569722823,0.000103247642983,0.000100346980616,0.0000705270722392,0.0000562000277569,0.0000488652767672,0.0000388897133234,0.0000289143699774,0.000025333962185,0.0000190427654161,0.0000187197383639,0.0000146156207848,0.0000148858380271,0.0000110103319457,0.00000784332951298,0.00000675649198456,0.00000470872555525,0.00000332570084538,0.00000234684239331,0.00000189209993096,0.0000017727697923,0.00000166942925262,0.00000154272083819,0.00000133036724037,0.00000115526142963,8.4554278601e-7,6.65577715608e-7,4.66576864255e-7,2.74265602229e-7,1.43818795095e-7,5.81180543691e-8],"dmean2":[0.0108720213175,0.00433115521446,0.00175450358074,0.000645768479444,0.000415677408455,0.00053406925872,0.000353140232619,0.00026762849302,0.000221354232053,0.000154566456331,0.000168654674781,0.000165025339811,0.000116064780741,0.000091591355158,0.0000805059316917,0.000063776904426,0.0000477583489555,0.0000416774091718,0.0000319536557072,0.000031594401662,0.0000243796093855,0.0000249150089076,0.0000183645024663,0.0000128332621898,0.0000108514022941,0.00000738551534596,0.00000520447292729,0.00000362148375643,0.00000287766079055,0.00000268276016868,0.00000252705717685,0.00000237160679717,0.00000198582438315,0.00000171777082869,0.00000123195820834,9.70197675088e-7,6.81421511217e-7,4.09459488537e-7,2.22343430778e-7,9.48172740323e-8],"dvar":[0.000146375896293,0.0000139734347613,0.00000431593616668,8.03419538897e-7,3.97354313009e-7,9.74607132775e-7,6.99763916145e-7,3.27383503418e-7,2.54085819051e-7,8.68444161028e-8,1.2232423785e-7,1.02870401975e-7,4.70517598217e-8,1.81104500285e-8,9.25004073338e-9,1.04153787817e-8,2.61005839164e-9,2.49603648861e-9,1.19501375462e-9,1.14832587883e-9,9.18836839947e-10,6.91640689165e-10,4.50162129795e-10,3.41204009491e-10,2.5061602793e-10,1.15012249724e-10,9.01328525704e-11,3.76565549576e-11,2.41396763689e-11,2.32810437595e-11,1.87586196576e-11,1.16428923794e-11,7.28847711351e-12,7.19686419834e-12,2.93816338447e-12,1.81613415712e-12,1.1826850263e-12,4.73206651815e-13,1.48818593082e-13,1.87155436412e-14],"dvar2":[0.000375579256797,0.0000370330672013,0.0000122560832096,0.00000210894540942,0.00000102606497876,0.00000236700157075,0.00000175689376647,8.31288843983e-7,6.33553213447e-7,2.13487595602e-7,3.03629349219e-7,2.53490526347e-7,1.16291566599e-7,4.40220020437e-8,2.44002436034e-8,2.72258198208e-8,6.74092426323e-9,6.16159434585e-9,3.22952686815e-9,3.1120281907e-9,2.40009834229e-9,1.83613957372e-9,1.18186127551e-9,8.75349071006e-10,6.25843321611e-10,2.55583609832e-10,1.94795249375e-10,8.28074275816e-11,5.15920882405e-11,4.99838226364e-11,4.00321407967e-11,2.72550645247e-11,1.64265007846e-11,1.61338269133e-11,6.02552599829e-12,3.71494545195e-12,2.40814594828e-12,9.87273305643e-13,3.27809882104e-13,4.49332309912e-14],"max":[0.139514550567,0.062812268734,0.048417840153,0.0183056816459,0.0127178253606,0.0285900682211,0.0366758182645,0.0135403638706,0.0137492846698,0.00885339360684,0.0140081625432,0.0144352111965,0.00601722253487,0.00577996997163,0.00326397223398,0.00570518430322,0.00121869589202,0.00216306047514,0.00068732269574,0.000791488215327,0.00116397801321,0.000614005315583,0.000427806488005,0.000544761947822,0.000294940633466,0.000305647205096,0.000423030345701,0.0002119338169,0.000212160288356,0.00025289185578,0.000207288103411,0.000115889670269,0.0000765964723541,0.000138594463351,0.0000381530626328,0.0000345454755006,0.0000245051323873,0.000015823285139,0.00000889384591574,0.0000044222319957],"mean":[0.00867864582688,0.00393197266385,0.00125505717006,0.000471081759315,0.000289085990516,0.00038064236287,0.000270213815384,0.000207593577215,0.000165318793734,0.000120204218547,0.000128783765831,0.000139783747727,0.0000965074286796,0.0000866811606102,0.0000806416937849,0.0000630170179647,0.0000479967602587,0.0000418219824496,0.00003014163849,0.0000268319654424,0.0000228880871873,0.0000250396296906,0.000018856879251,0.0000127786079247,0.0000107409014163,0.00000811909376353,0.00000563148842048,0.00000408057803725,0.00000350198183696,0.00000327652401211,0.00000304088803205,0.00000279156643046,0.00000240892472902,0.00000205417836696,0.00000152762981998,0.00000121657762975,7.0149513931e-7,3.3373532915e-7,1.56194360557e-7,5.8122758162e-8],"median":[0.00530557241291,0.00270483479835,0.000701767159626,0.000200452428544,0.000125619175378,0.000147818878759,0.0000849241914693,0.000055548389355,0.0000416789771407,0.0000324708453263,0.0000422189259552,0.0000429125684605,0.0000331295850629,0.0000411247674492,0.0000426417282142,0.0000323117383232,0.0000263792717305,0.0000221756090468,0.0000147900518641,0.00001164551486,0.0000109283591883,0.0000133324756462,0.0000100216439023,0.00000561637170904,0.0000037587224142,0.00000327461111738,0.00000223485312745,0.00000180779568382,0.00000158382817972,0.00000152442135004,0.00000141677696774,0.00000122366554933,9.88397005131e-7,8.01677288109e-7,5.86848614148e-7,4.48627588412e-7,1.9112005134e-7,6.41848032501e-8,3.19910817836e-8,1.58726969346e-8],"min":[5.48147099741e-25,1.61451588544e-25,4.41036059068e-25,9.32738879142e-25,1.31577995522e-24,2.17808499401e-24,1.36408338756e-24,1.65103400702e-24,8.47857741563e-25,1.99954585242e-24,2.02375066879e-24,2.01372365504e-24,1.82359614675e-24,2.12749751352e-24,2.20762487668e-24,3.21987186317e-24,3.02598543267e-24,2.28759387601e-24,1.68273300199e-24,3.27355483384e-24,3.1211202829e-24,3.78518497063e-24,3.15098596512e-24,3.36229241656e-24,4.48601609858e-24,5.6672686454e-24,3.84811240504e-24,4.74306642455e-24,3.60611275629e-24,5.02383977009e-24,4.88064771072e-24,5.30750389641e-24,5.28640975581e-24,5.17146719989e-24,5.0654478441e-24,4.5946055632e-24,5.32497085458e-24,7.00027830887e-24,6.11695131025e-24,5.23164505961e-24],"var":[0.000147478756844,0.0000189905804291,0.00000372165914087,7.95684570676e-7,3.60206939831e-7,9.70408905232e-7,6.86072723965e-7,4.14066789745e-7,2.87450063752e-7,1.1132719635e-7,1.38587381571e-7,1.46108234844e-7,6.08026624604e-8,2.94355704256e-8,1.66909899235e-8,1.37202951223e-8,4.88380180741e-9,4.52076021062e-9,1.87231541382e-9,1.60830992968e-9,1.30490152017e-9,1.14266585083e-9,7.0009897879e-10,4.6105891327e-10,3.66733587942e-10,2.12283510215e-10,1.63414518028e-10,7.67317598349e-11,5.02826079385e-11,4.16719575513e-11,3.30995370001e-11,2.00369616732e-11,1.41485096208e-11,1.22412730993e-11,6.22648503937e-12,3.99812171217e-12,2.10803423328e-12,6.96002825686e-13,1.83467634531e-13,1.99238869625e-14]},"melbands_crest":{"dmean":5.02075529099,"dmean2":8.30564212799,"dvar":19.359588623,"dvar2":49.1905975342,"max":39.0142593384,"mean":20.238899231,"median":19.7509078979,"min":1.60001111031,"var":53.7624855042},"melbands_flatness_db":{"dmean":0.0435139350593,"dmean2":0.06708098948,"dvar":0.00159825384617,"dvar2":0.0037444094196,"max":0.764403522015,"mean":0.265528917313,"median":0.254078447819,"min":0.00293788686395,"var":0.00863825529814},"melbands_kurtosis":{"dmean":29.5483322144,"dmean2":48.2887649536,"dvar":4269.859375,"dvar2":11752.3945312,"max":2548.58227539,"mean":44.9545593262,"median":17.5800132751,"min":-1.85981202126,"var":6206.13818359},"melbands_skewness":{"dmean":1.58327126503,"dmean2":2.49944591522,"dvar":3.42693305016,"dvar2":8.76224517822,"max":39.75756073,"mean":4.50079774857,"median":3.79687857628,"min":-2.73256349564,"var":10.1035223007},"melbands_spread":{"dmean":6.47890949249,"dmean2":10.3194980621,"dvar":80.7509384155,"dvar2":185.528381348,"max":315.128509521,"mean":15.9398326874,"median":11.7098312378,"min":0.0834141820669,"var":358.67098999},"mfcc":{"cov":[[9309.61230469,328.785217285,-1132.01184082,9.90315532684,-561.978149414,162.946960449,-323.621124268,199.056427002,-271.517272949,60.4357376099,-134.178726196,68.9090423584,-92.487663269],[328.785217285,1404.87890625,-303.48046875,-26.6423931122,52.1840629578,-6.99011993408,52.4149665833,-38.8262023926,91.7912139893,-49.7881622314,58.0596542358,19.5953655243,22.9854164124],[-1132.01184082,-303.48046875,995.396118164,81.8440170288,193.806625366,29.9187679291,50.2275276184,9.6009979248,15.3438491821,44.9737167358,32.330909729,-7.91230916977,23.833738327],[9.90315532684,-26.6423931122,81.8440170288,387.122680664,24.5540103912,60.3207054138,-0.877702474594,21.3012161255,-6.92266654968,45.0841407776,-2.78552389145,-15.056807518,10.871506691],[-561.978149414,52.1840629578,193.806625366,24.5540103912,256.330169678,25.6876678467,75.2566833496,-5.80862379074,52.1726341248,-10.522482872,23.9170150757,-2.87098145485,16.1356430054],[162.946960449,-6.99011993408,29.9187679291,60.3207054138,25.6876678467,175.22038269,20.6438789368,69.3186569214,-35.3899841309,13.5728788376,-20.0664596558,22.508638382,11.5107049942],[-323.621124268,52.4149665833,50.2275276184,-0.877702474594,75.2566833496,20.6438789368,137.151504517,7.95421361923,43.6825866699,-19.9163475037,8.54463195801,-11.235877037,16.1924419403],[199.056427002,-38.8262023926,9.6009979248,21.3012161255,-5.80862379074,69.3186569214,7.95421361923,110.896148682,3.334461689,27.000164032,-12.1128139496,18.0927734375,2.64231920242],[-271.517272949,91.7912139893,15.3438491821,-6.92266654968,52.1726341248,-35.3899841309,43.6825866699,3.334461689,112.031440735,23.4944839478,31.7397270203,-5.58330059052,10.9619455338],[60.4357376099,-49.7881622314,44.9737167358,45.0841407776,-10.522482872,13.5728788376,-19.9163475037,27.000164032,23.4944839478,87.9485778809,25.4176902771,13.9234647751,4.2339925766],[-134.178726196,58.0596542358,32.330909729,-2.78552389145,23.9170150757,-20.0664596558,8.54463195801,-12.1128139496,31.7397270203,25.4176902771,72.6223144531,23.2699146271,12.0805625916],[68.9090423584,19.5953655243,-7.91230916977,-15.056807518,-2.87098145485,22.508638382,-11.235877037,18.0927734375,-5.58330059052,13.9234647751,23.2699146271,64.111328125,19.7621593475],[-92.487663269,22.9854164124,23.833738327,10.871506691,16.1356430054,11.5107049942,16.1924419403,2.64231920242,10.9619455338,4.2339925766,12.0805625916,19.7621593475,54.6692428589]],"icov":[[0.00015607784735,-0.0000564377114642,0.00012883792806,-0.00000261037780547,0.000127173319925,-0.0000281558059214,0.00015417044051,-0.000250821904046,0.000283779547317,-0.000176340385224,0.0000942213519011,-0.0000278513307421,0.000112981964776],[-0.0000564377114642,0.000926754961256,0.00026044837432,-0.0000705380080035,-0.000143544733874,-0.000409446947742,0.00003425754403,0.0004090978764,-0.000985859078355,0.00091378740035,-0.000788471486885,-0.000135374066303,-0.000135913491249],[0.00012883792806,0.00026044837432,0.00149138749111,-0.0000934267227422,-0.00100952095818,0.0000594521770836,-0.0000340851074725,-0.000279404426692,0.000767987221479,-0.000836553459521,-0.000467125762952,0.000484616321046,-0.000375269708456],[-0.00000261037780547,-0.0000705380080035,-0.0000934267227422,0.00308532640338,-0.000276715669315,-0.00100100261625,0.000178008151124,0.000158970564371,0.000558609201107,-0.00185224961024,0.0000159063893079,0.00179683067836,-0.00093714799732],[0.000127173319925,-0.000143544733874,-0.00100952095818,-0.000276715669315,0.00627640029415,-0.00173427176196,-0.00142912298907,0.000937923730817,-0.00257790787145,0.00188492669258,-0.000923714658711,-0.000314029573929,0.000349831476342],[-0.0000281558059214,-0.000409446947742,0.0000594521770836,-0.00100100261625,-0.00173427176196,0.0106211807579,-0.0024965882767,-0.00536711001769,0.00518924556673,-0.00218020589091,0.0025756796822,-0.00251559377648,-0.000959385477472],[0.00015417044051,0.00003425754403,-0.0000340851074725,0.000178008151124,-0.00142912298907,-0.0024965882767,0.0114951711148,-0.00118570122868,-0.00422640098259,0.00427638692781,-0.00173250038642,0.00309282355011,-0.00239300704561],[-0.000250821904046,0.0004090978764,-0.000279404426692,0.000158970564371,0.000937923730817,-0.00536711001769,-0.00118570122868,0.0149793410674,-0.00383558101021,-0.00302202533931,0.0039265519008,-0.00393677037209,0.00153283635154],[0.000283779547317,-0.000985859078355,0.000767987221479,0.000558609201107,-0.00257790787145,0.00518924556673,-0.00422640098259,-0.00383558101021,0.0175192784518,-0.00657208729535,-0.00293854158372,0.00325578008778,-0.00197728630155],[-0.000176340385224,0.00091378740035,-0.000836553459521,-0.00185224961024,0.00188492669258,-0.00218020589091,0.00427638692781,-0.00302202533931,-0.00657208729535,0.0196641460061,-0.00685022305697,-0.000648197368719,0.000375574978534],[0.0000942213519011,-0.000788471486885,-0.000467125762952,0.0000159063893079,-0.000923714658711,0.0025756796822,-0.00173250038642,0.0039265519008,-0.00293854158372,-0.00685022305697,0.023381056264,-0.00957538373768,0.00015955985873],[-0.0000278513307421,-0.000135374066303,0.000484616321046,0.00179683067836,-0.000314029573929,-0.00251559377648,0.00309282355011,-0.00393677037209,0.00325578008778,-0.000648197368719,-0.00957538373768,0.0251083504409,-0.00822524726391],[0.000112981964776,-0.000135913491249,-0.000375269708456,-0.00093714799732,0.000349831476342,-0.000959385477472,-0.00239300704561,0.00153283635154,-0.00197728630155,0.000375574978534,0.00015955985873,-0.00822524726391,0.0229289513081]],"mean":[-658.692260742,139.694290161,-5.24247694016,35.6800537109,6.62956571579,27.6911907196,-0.505984961987,18.1781730652,-0.339641600847,6.87137031555,3.0277159214,8.22060108185,2.0037021637]},"pitch_salience":{"dmean":0.101570114493,"dmean2":0.16664364934,"dvar":0.00770118739456,"dvar2":0.0196794513613,"max":0.912852346897,"mean":0.48355832696,"median":0.494730949402,"min":0.0502413362265,"var":0.0217783898115},"silence_rate_20dB":{"dmean":0.000299962499412,"dmean2":0.000599969993345,"dvar":0.000299828418065,"dvar2":0.000899418606423,"max":1,"mean":0.999850034714,"median":1,"min":0,"var":0.000149936415255},"silence_rate_30dB":{"dmean":0.10558680445,"dmean2":0.211189433932,"dvar":0.0944420620799,"dvar2":0.196428850293,"max":1,"mean":0.874550104141,"median":1,"min":0,"var":0.10971993953},"silence_rate_60dB":{"dmean":0.00719910021871,"dmean2":0.0143992798403,"dvar":0.0071486341767,"dvar2":0.0155461961403,"max":1,"mean":0.0281193759292,"median":0,"min":0,"var":0.0273312740028},"spectral_centroid":{"dmean":268.272705078,"dmean2":408.665588379,"dvar":85473.515625,"dvar2":167254.03125,"max":11762.8789062,"mean":1277.71276855,"median":1157.51086426,"min":91.8941040039,"var":1136470.25},"spectral_complexity":{"dmean":4.22137212753,"dmean2":6.17414140701,"dvar":19.4748191833,"dvar2":35.4900856018,"max":60,"mean":20.6765899658,"median":20,"min":0,"var":155.622177124},"spectral_contrast_coeffs":{"dmean":[0.0570417232811,0.0536961480975,0.0382037274539,0.0291905459017,0.0237160623074,0.044223241508],"dmean2":[0.0951678678393,0.0881639271975,0.0632196739316,0.0484442077577,0.0384435392916,0.0690416395664],"dvar":[0.00215240521356,0.00189483677968,0.00102919957135,0.000554219644982,0.000430466287071,0.00150811602362],"dvar2":[0.00588947162032,0.00494510866702,0.00260584359057,0.0014767376706,0.00109026010614,0.00369252613746],"max":[-0.372413277626,-0.443545728922,-0.513827800751,-0.605200111866,-0.630331397057,-0.406373888254],"mean":[-0.717447042465,-0.779181182384,-0.822346150875,-0.823368430138,-0.81319642067,-0.711815595627],"median":[-0.720161437988,-0.785780131817,-0.827651143074,-0.820856332779,-0.809243142605,-0.707830488682],"min":[-0.979510009289,-0.976660549641,-0.978978574276,-0.985310852528,-0.969608962536,-0.964958786964],"var":[0.00511126359925,0.00479874014854,0.00359220686369,0.0020772125572,0.00203549372964,0.00654430361465]},"spectral_contrast_valleys":{"dmean":[0.426279783249,0.431100726128,0.417910605669,0.355447471142,0.323425024748,0.64130616188],"dmean2":[0.6863899827,0.690534472466,0.660540997982,0.540188968182,0.476531475782,1.00472784042],"dvar":[0.143794566393,0.156380653381,0.176229834557,0.14833150804,0.152239635587,0.331771969795],"dvar2":[0.317162781954,0.343963354826,0.390989214182,0.305037915707,0.304469078779,0.805699169636],"max":[-4.85747528076,-4.44299697876,-5.06135845184,-5.4423532486,-5.58237886429,-8.41976356506],"mean":[-6.72133636475,-6.79100847244,-7.16477441788,-7.46053266525,-7.69572687149,-10.9999265671],"median":[-6.42203569412,-6.51681137085,-6.83855247498,-7.10527610779,-7.38588666916,-10.7921285629],"min":[-27.9174365997,-28.0564994812,-27.8783664703,-27.7389526367,-27.4895401001,-27.3774909973],"var":[4.06788396835,4.09698104858,4.13104915619,4.04191207886,3.91584682465,2.91789484024]},"spectral_decrease":{"dmean":7.84177434099e-9,"dmean2":1.28174688641e-8,"dvar":1.41589789235e-16,"dvar2":3.53781177522e-16,"max":2.99938651693e-9,"mean":-1.3426181944e-8,"median":-9.72066338534e-9,"min":-1.38953637929e-7,"var":1.8218529907e-16},"spectral_energy":{"dmean":0.0302321109921,"dmean2":0.0492948405445,"dvar":0.00204019830562,"dvar2":0.00510850409046,"max":0.5335714221,"mean":0.0599620081484,"median":0.0459199845791,"min":9.54426193923e-21,"var":0.00280414195731},"spectral_energyband_high":{"dmean":0.000426492333645,"dmean2":0.000556677463464,"dvar":5.26272458501e-7,"dvar2":9.1037003358e-7,"max":0.0200664084405,"mean":0.0011909166351,"median":0.000688965141308,"min":7.01113036542e-21,"var":0.00000230962018577},"spectral_energyband_low":{"dmean":0.0251220948994,"dmean2":0.041446428746,"dvar":0.00170172320213,"dvar2":0.0042975586839,"max":0.50104367733,"mean":0.0384527370334,"median":0.0265679210424,"min":7.89798071976e-24,"var":0.00194870878477},"spectral_energyband_middle_high":{"dmean":0.00220225821249,"dmean2":0.00342923868448,"dvar":0.0000156215701281,"dvar2":0.0000376918105758,"max":0.101307533681,"mean":0.00535960868001,"median":0.00341742415912,"min":1.08797878513e-21,"var":0.0000431235930591},"spectral_energyband_middle_low":{"dmean":0.00572795281187,"dmean2":0.00932496692985,"dvar":0.000117946190585,"dvar2":0.000299557636026,"max":0.200103372335,"mean":0.00944792851806,"median":0.00532975420356,"min":1.42657000255e-22,"var":0.000166269514011},"spectral_entropy":{"dmean":0.186235398054,"dmean2":0.278917133808,"dvar":0.0540267266333,"dvar2":0.122002512217,"max":9.82642841339,"mean":7.70962810516,"median":7.77281808853,"min":4.53245639801,"var":0.205447912216},"spectral_flux":{"dmean":0.0451083630323,"dmean2":0.0721142590046,"dvar":0.00277689099312,"dvar2":0.00638340692967,"max":0.584255754948,"mean":0.134994998574,"median":0.120439469814,"min":6.39773095612e-11,"var":0.00613811379299},"spectral_kurtosis":{"dmean":3.19223308563,"dmean2":4.84606122971,"dvar":21.2779712677,"dvar2":49.2705154419,"max":115.79120636,"mean":12.2567148209,"median":10.8389987946,"min":-1.28053414822,"var":56.7322845459},"spectral_rms":{"dmean":0.00172080879565,"dmean2":0.00271806982346,"dvar":0.00000374454202756,"dvar2":0.00000902459214558,"max":0.0228157285601,"mean":0.00703233480453,"median":0.00669327937067,"min":3.05147096827e-12,"var":0.00000904554053704},"spectral_rolloff":{"dmean":3240.98413086,"dmean2":6031.60205078,"dvar":39358720,"dvar2":98819744,"max":22028.4667969,"mean":4803,"median":1098.19335938,"min":21.533203125,"var":58547796},"spectral_skewness":{"dmean":0.288508683443,"dmean2":0.428758978844,"dvar":0.123287573457,"dvar2":0.276180058718,"max":8.33536243439,"mean":2.33849573135,"median":2.26370382309,"min":-0.17125415802,"var":0.455858975649},"spectral_spread":{"dmean":630151.4375,"dmean2":927786.4375,"dvar":536085987328,"dvar2":1029874057220,"max":42769312,"mean":5050117.5,"median":4673982,"min":770038.5,"var":11915637030900},"spectral_strongpeak":{"dmean":1.18833971024,"dmean2":2.2290995121,"dvar":58.6046981812,"dvar2":162.249160767,"max":118.441360474,"mean":1.01949715614,"median":0.218871712685,"min":0,"var":44.9564094543},"zerocrossingrate":{"dmean":0.0350795015693,"dmean2":0.0452070273459,"dvar":0.00104762427509,"dvar2":0.00173367303796,"max":0.8349609375,"mean":0.175034254789,"median":0.1650390625,"min":0.0048828125,"var":0.00834957510233}},"metadata":{"audio_properties":{"analysis_sample_rate":44100,"bit_rate":192000,"codec":"mp3","downmix":"mix","equal_loudness":0,"length":309.629394531,"lossless":false,"md5_encoded":"de8fd1fe93ab98ca3ae41e157908c259","replay_gain":-0.041296005249},"tags":{"album":["Rage Against the Machine"],"albumartist":["Rage Against the Machine"],"albumartistsort":["Rage Against the Machine"],"artist":["Rage Against the Machine"],"artistsort":["Rage Against the Machine"],"asin":["B0000028RR"],"barcode":["074645295923"],"catalognumber":["ZK 52959"],"composer":["Rage Against the Machine"],"date":["1992-11-06"],"discnumber":["1/1"],"file_name":"05 Bullet in the Head.mp3","genre":["Alternative Rock / Hip Hop"],"isrc":["USSM19200663"],"label":["Epic Associated"],"language":["eng"],"length":["309666"],"lyricist":["Zack de la Rocha"],"media":["CD"],"mp3gain_album_minmax":["126,190"],"mp3gain_minmax":["134,188"],"musicbrainz album release country":["US"],"musicbrainz album status":["official"],"musicbrainz album type":["album"],"musicbrainz_albumartistid":["3798b104-01cb-484c-a3b0-56adc6399b80"],"musicbrainz_albumid":["e956c901-acb7-48d6-9dc6-389a5f91f372"],"musicbrainz_artistid":["3798b104-01cb-484c-a3b0-56adc6399b80"],"musicbrainz_recordingid":["7ab3b7d4-5a33-4478-aaa0-50cb6bdfc652"],"originaldate":["1992-06-11"],"performer:drumset":["Brad Wilk"],"performer:electric bass guitar":["Tim Commerford"],"performer:electric guitar":["Tom Morello"],"performer:lead vocal":["Zack de la Rocha"],"replaygain_album_gain":["0.67 dB"],"replaygain_album_peak":["0.485521"],"replaygain_track_gain":["0.68 dB"],"replaygain_track_peak":["0.476139"],"script":["Latn"],"title":["Bullet in the Head"],"tracknumber":["5/10"]},"version":{"essentia":"2.1-beta1","essentia_build_sha":"eef087cf131c10083d474ad51def18efd0e38295","essentia_git_sha":"v2.1_beta1-7-ge0e83e8-dirty","extractor":"music 1.0"}},"rhythm":{"beats_count":862,"beats_loudness":{"dmean":0.044310040772,"dmean2":0.0782374367118,"dvar":0.00159871368669,"dvar2":0.00444531626999,"max":0.29058155