{"lowlevel":{"average_loudness":0.865926384926,"barkbands":{"dmean":[0.0000104128248495,0.000232160236919,0.000136583243147,0.000591151823755,0.00138891220558,0.000679734745063,0.000640213780571,0.000567552051507,0.000276795151876,0.000470880710054,0.000275047990726,0.000420708209276,0.000261395180132,0.000302032451145,0.000251071644016,0.0000881670566741,0.000066811175202,0.000124603291624,0.0000500369023939,0.0000471265484521,0.0000190529226529,0.00000501466774949,0.00000627562121736,0.00000410383927374,0.00000320666981679,0.00000145776891713,1.07719714038e-7],"dmean2":[0.0000181827072083,0.000398901873268,0.000202571492991,0.000804048962891,0.00201140763238,0.000976177107077,0.000897356192581,0.000800735957455,0.000402992591262,0.000760177092161,0.000428224215284,0.000655552837998,0.000411391432863,0.000445316603873,0.000387610576581,0.000132590910653,0.000105559447547,0.000192868814338,0.0000785964002716,0.000068851695687,0.0000293891152978,0.00000742550219002,0.00000928045028559,0.00000559532145417,0.00000441423981101,0.00000210462530958,1.47353233615e-7],"dvar":[6.276572595e-10,9.2652342687e-8,6.93543285024e-8,0.00000121917275919,0.00000598486258241,0.00000395989127355,0.0000021015061975,0.0000034018239603,7.39773270197e-7,0.00000219455500883,2.97765183177e-7,0.00000120669642456,6.97446296272e-7,0.00000100297279459,0.00000117365982533,7.88565017729e-8,3.47206992046e-8,1.49460788634e-7,2.68673208126e-8,2.88171193574e-8,5.80371750658e-9,4.94100205195e-10,1.64897895338e-9,6.13045725295e-10,6.31739882628e-10,1.6947440673e-10,6.3389191899e-13],"dvar2":[1.70759462126e-9,2.51665767337e-7,1.51209889054e-7,0.00000222935659622,0.0000117851786854,0.0000087054559117,0.0000046355808081,0.00000817434920464,0.00000145727312884,0.00000582029724683,6.94267612289e-7,0.00000275047045761,0.00000160154058904,0.00000206561003324,0.00000267502059614,1.83727365766e-7,7.95454724312e-8,3.35882816671e-7,6.92034660688e-8,6.0827694881e-8,1.35977202831e-8,1.01213659676e-9,3.56831808546e-9,1.01868180558e-9,1.03585473532e-9,3.0749941482e-10,1.04050351234e-12],"max":[0.00071878923336,0.00803523603827,0.00505205290392,0.0239646006376,0.0474940873682,0.0527734458447,0.0247443988919,0.0509372800589,0.0297881551087,0.0390369854867,0.0100417602807,0.027396209538,0.0204764809459,0.0287504289299,0.0468634516001,0.00808478146791,0.00521387765184,0.00693469168618,0.00471095601097,0.00481526181102,0.00203056330793,0.000784981588367,0.00149027968291,0.0009547554655,0.00116863683797,0.000570206146222,0.0000401073557441],"mean":[0.000015379033357,0.000487158773467,0.000356994889444,0.0016669111792,0.00493799615651,0.0016928082332,0.00160719628911,0.0013821067987,0.000607849622611,0.000779777765274,0.000468676706078,0.000789466896094,0.0004399472964,0.000559884007089,0.000410845881561,0.000160549680004,0.00012803421123,0.000220945978072,0.0000960618199315,0.0000876280828379,0.0000332024465024,0.00000924459254747,0.0000111660892799,0.00000727119959265,0.0000058032655943,0.00000245259707299,2.74067645023e-7],"median":[0.00000722828053767,0.000268893956672,0.000168959333678,0.000710488122422,0.00277333264239,0.000645449152216,0.000645170686767,0.000417412637034,0.000228964636335,0.000243763526669,0.00019806183991,0.000344815984135,0.000115880837257,0.0001055689645,0.000077315577073,0.0000536520929018,0.0000477201392641,0.0000270490854746,0.0000210463113035,0.00000635736068944,0.00000420170590587,9.3817754987e-7,2.99277672866e-7,1.73697870309e-7,9.69690319153e-8,1.08510342045e-7,1.16819848017e-7],"min":[5.41591221884e-25,1.91341052461e-24,1.68430125747e-24,2.58224604588e-24,6.35430180726e-24,4.28068349356e-24,3.8662514727e-24,1.32889677936e-23,1.14955280243e-23,1.91531830582e-23,7.18037446467e-24,2.57945667316e-23,3.66358584863e-23,4.81357055241e-23,4.58996130239e-23,6.44743212249e-23,8.04678513004e-23,9.16515891517e-23,1.08504346525e-22,1.66330148041e-22,2.76841886823e-22,3.01876848345e-22,4.21016049615e-22,6.19467553487e-22,8.62666479078e-22,1.37909233955e-21,1.95471018241e-21],"var":[7.49118544974e-10,4.36337330711e-7,2.55150837347e-7,0.00000692000685376,0.0000352979623131,0.00000815975727164,0.00000620943865215,0.00000881195410329,0.00000221852224058,0.0000039729548007,6.20957280262e-7,0.00000249346453529,0.00000160046090514,0.0000022202737,0.00000209564609577,1.28167116031e-7,6.26218579214e-8,3.56366371079e-7,5.31349719779e-8,6.79707952145e-8,9.77373915134e-9,1.01000197095e-9,2.8941498087e-9,1.90874227535e-9,2.34674613075e-9,4.49291909232e-10,1.90109321514e-12]},"barkbands_crest":{"dmean":1.80403590202,"dmean2":2.89550805092,"dvar":3.25327134132,"dvar2":8.41414165497,"max":26.259016037,"mean":10.1164512634,"median":9.36534404755,"min":3.50980019569,"var":14.8664388657},"barkbands_flatness_db":{"dmean":0.0134607646614,"dmean2":0.0208581443876,"dvar":0.000206036711461,"dvar2":0.000501591945067,"max":0.358277201653,"mean":0.18045951426,"median":0.184806615114,"min":0.0378019884229,"var":0.00160488765687},"barkbands_kurtosis":{"dmean":1.85040807724,"dmean2":3.14545893669,"dvar":44.3686676025,"dvar2":153.726974487,"max":209.109680176,"mean":3.21787261963,"median":1.83746004105,"min":-1.91893589497,"var":85.1916351318},"barkbands_skewness":{"dmean":0.354190826416,"dmean2":0.564808189869,"dvar":0.21352545917,"dvar2":0.612496137619,"max":13.8300924301,"mean":1.34541761875,"median":1.30791413784,"min":-4.68884038925,"var":1.26113951206},"barkbands_spread":{"dmean":2.29178309441,"dmean2":3.56022119522,"dvar":16.2205066681,"dvar2":34.0217285156,"max":139.300552368,"mean":12.6722669601,"median":10.3721389771,"min":0.698965609074,"var":97.9097900391},"dissonance":{"dmean":0.017305444926,"dmean2":0.0289465952665,"dvar":0.000301511579892,"dvar2":0.000828174699564,"max":0.499999970198,"mean":0.458431631327,"median":0.461812525988,"min":0.220453247428,"var":0.000690401764587},"dynamic_complexity":5.0549864769,"erbbands":{"dmean":[0.00495294341817,0.0593534633517,0.138707622886,0.888743281364,4.90324878693,3.80996966362,3.95288181305,6.24710845947,10.0591583252,8.86554145813,11.756983757,6.46805047989,11.514005661,12.2536945343,12.3925762177,17.0760402679,11.3810663223,14.9098873138,16.1118087769,5.73708629608,4.55858898163,3.55898880959,6.65563678741,4.190969944,1.77843260765,2.39033174515,1.19536185265,0.376927793026,0.164687424898,0.233384013176,0.170969679952,0.106530837715,0.0582544058561,0.0356634221971,0.0246073435992,0.00950754154474,0.00200314563699,0.000212434388231,0.0000191702238226,0.00000454721885035],"dmean2":[0.00887139514089,0.100910723209,0.208384394646,1.21333992481,7.07560157776,5.53277778625,5.63265419006,9.2195854187,14.6600980759,11.0788526535,17.252363205,9.35161972046,18.2294750214,19.0247554779,20.047870636,26.7400836945,17.8236713409,22.2492198944,25.0334186554,8.60975074768,6.76129674911,5.41128396988,10.248333931,6.43983221054,2.67510080338,3.44744443893,1.80323934555,0.557373583317,0.241047263145,0.351975381374,0.250323623419,0.149807542562,0.0814136788249,0.0501797534525,0.0336964726448,0.0141656557098,0.00273449718952,0.000288684561383,0.0000267626292043,0.0000062119024733],"dvar":[0.0000359052646672,0.0063387574628,0.055811252445,2.73489069939,85.3288421631,39.9463043213,89.6736679077,446.855377197,635.08392334,413.281555176,2084.1887207,344.359924316,574.139282227,2669.32495117,475.576263428,2273.85449219,1132.02990723,2375.64526367,4200.80810547,801.850891113,206.983352661,97.0898513794,497.264099121,188.002304077,49.3824272156,81.8871536255,18.9267272949,1.85971581936,0.463406383991,1.92200100422,1.15320432186,0.366745352745,0.157590582967,0.0790062621236,0.0368092320859,0.0075439796783,0.000286857888568,0.00000294564256365,1.78330736844e-8,7.47423373193e-11],"dvar2":[0.000107233936433,0.0168778821826,0.123072348535,5.12776088715,168.50553894,83.6135177612,174.897338867,1042.96228027,1415.47814941,622.815185547,5243.70898438,701.012268066,1379.06713867,7181.68115234,1218.38696289,5068.60693359,2624.2668457,4934.13476562,9681.27246094,1971.27880859,469.979095459,205.825027466,1100.59631348,457.952758789,129.268112183,168.432739258,42.4122886658,3.84306311607,0.94219660759,4.29708099365,2.45406389236,0.639472961426,0.268762618303,0.131265178323,0.0649857968092,0.0139341708273,0.000485785509227,0.00000439269888375,2.82511081195e-8,1.21256588104e-10],"max":[0.103767685592,2.16618871689,4.25644779205,39.2544174194,197.226135254,113.736869812,232.128036499,599.351135254,462.411376953,649.028259277,1351.09118652,489.280395508,665.532714844,1512.0222168,342.731262207,1238.35705566,779.626342773,1599.53564453,2927.70776367,1272.18029785,431.27166748,245.79083252,492.004943848,316.449584961,310.84286499,285.08770752,106.943717957,53.9244880676,23.929895401,53.6334915161,44.5958328247,23.8613147736,15.0919284821,11.3306798935,10.2670593262,3.53657245636,0.722925305367,0.0621706880629,0.00625419570133,0.000238203560002],"mean":[0.00766148604453,0.130415454507,0.418265521526,2.79068422318,16.1900730133,12.1300125122,12.2601032257,14.4107532501,23.9280872345,26.6051368713,26.9234752655,15.0182332993,20.5205764771,23.2282562256,24.6649055481,31.691778183,21.78424263,28.0526809692,30.0187530518,10.6767015457,9.15037155151,7.60494613647,11.5377483368,8.12968921661,3.62055253983,4.46845245361,2.22891068459,0.71667098999,0.326683104038,0.395798414946,0.300449490547,0.195882633328,0.0971030443907,0.0629102885723,0.0425387695432,0.0161145366728,0.00333124259487,0.000424543744884,0.000053808780649,0.0000223395854846],"median":[0.00474761240184,0.0703240185976,0.259326010942,1.32582211494,7.46314764023,6.78077316284,5.46145296097,5.23645448685,8.99441814423,9.22674179077,7.54288911819,6.42954874039,9.2333574295,6.31318855286,13.8651838303,12.0376310349,6.48963975906,6.44065093994,5.42077732086,3.10176038742,3.35530567169,2.71922540665,1.75710952282,1.42268693447,0.602272152901,0.329016417265,0.242602095008,0.100904092193,0.0444690398872,0.0172692909837,0.00658088177443,0.00411329092458,0.00240895268507,0.00117696030065,0.000669739150908,0.000401200726628,0.000211298291106,0.0000781279450166,0.0000243942577072,0.0000141003665703],"min":[5.64710875277e-23,6.07988705927e-22,2.38154426421e-21,6.83269199765e-21,7.79138301849e-21,1.95575094364e-20,4.34664638774e-20,4.14498040064e-20,8.42486361942e-20,1.71731096219e-19,3.31842631277e-19,2.95429442779e-19,6.46395274897e-19,6.0066340566e-19,7.53010015362e-19,1.30803641906e-18,1.75944004627e-18,2.37139632845e-18,2.47449984231e-18,2.98271340681e-18,3.63638937036e-18,4.70218470626e-18,5.60240950281e-18,6.29359748676e-18,6.82048134486e-18,8.87472483913e-18,9.69547246806e-18,1.09427160752e-17,1.08015552221e-17,1.01427339884e-17,1.03175974883e-17,1.01294916539e-17,1.07816226509e-17,7.59637427789e-18,6.1176292871e-18,4.23431274024e-18,2.34327425557e-18,1.02939080695e-18,2.47965689984e-19,2.56135830442e-20],"var":[0.0000772385174059,0.0323781967163,0.233278617263,15.9697237015,469.17401123,213.047973633,363.653594971,739.650390625,1532.0645752,2469.95727539,4442.78027344,1031.0645752,1213.24414062,5243.02880859,1059.49414062,4851.7265625,2932.1171875,4985.72167969,9389.61328125,1045.9987793,369.541778564,218.356338501,1056.27600098,460.365142822,84.3314743042,191.467514038,37.8293838501,4.01862668991,0.97038090229,3.11156582832,2.14799571037,1.23940503597,0.393365770578,0.260964155197,0.132261946797,0.0201471671462,0.000767366786022,0.00000907791854843,5.96931286623e-8,5.11719611129e-10]},"erbbands_crest":{"dmean":1.99748706818,"dmean2":3.20477104187,"dvar":4.69542217255,"dvar2":12.132733345,"max":32.8654632568,"mean":8.45396900177,"median":7.47916793823,"min":2.58035826683,"var":13.8543806076},"erbbands_flatness_db":{"dmean":0.0116034420207,"dmean2":0.0177429914474,"dvar":0.000164233380929,"dvar2":0.00034001658787,"max":0.345261573792,"mean":0.21756914258,"median":0.226172283292,"min":0.0319179780781,"var":0.00166012649424},"erbbands_kurtosis":{"dmean":0.518332481384,"dmean2":0.819394230843,"dvar":0.977282822132,"dvar2":2.1222717762,"max":33.5386772156,"mean":-0.0516924522817,"median":-0.387654066086,"min":-1.76281344891,"var":2.34449124336},"erbbands_skewness":{"dmean":0.244627788663,"dmean2":0.385997980833,"dvar":0.0662639811635,"dvar2":0.153483584523,"max":3.83426260948,"mean":0.233325943351,"median":0.240846186876,"min":-4.33926105499,"var":0.262340813875},"erbbands_spread":{"dmean":3.7090139389,"dmean2":5.75014257431,"dvar":23.2323532104,"dvar2":50.218547821,"max":191.386184692,"mean":26.76496315,"median":23.8676338196,"min":1.9914046526,"var":315.338409424},"gfcc":{"cov":[[29657.5800781,3574.78295898,-4736.30273438,571.395385742,-1814.7565918,-705.017883301,-967.159118652,-591.329101562,-648.751464844,-302.661254883,-174.378509521,-460.304748535,-244.720733643],[3574.78295898,2146.12304688,-554.653747559,-488.612609863,243.606628418,-435.889221191,-26.3127193451,-229.285919189,-126.709274292,-177.460617065,-163.52796936,-79.2461013794,-26.3787765503],[-4736.30273438,-554.653747559,1155.86462402,-152.273376465,332.44720459,240.032409668,76.9490585327,150.917373657,72.217628479,55.5794677734,-1.55889701843,110.075241089,11.3682374954],[571.395385742,-488.612609863,-152.273376465,418.149017334,-167.601623535,33.3902397156,-7.40392780304,-25.3505783081,31.3799209595,27.820482254,46.449634552,-20.350566864,9.22576713562],[-1814.7565918,243.606628418,332.44720459,-167.601623535,357.58807373,-21.4056663513,78.9133911133,18.1821308136,8.01613426208,-11.1978578568,-49.8994293213,38.1940689087,16.966381073],[-705.017883301,-435.889221191,240.032409668,33.3902397156,-21.4056663513,264.925170898,13.9064149857,87.6915512085,16.3586082458,27.4977149963,35.2171211243,14.3309030533,-16.0879192352],[-967.159118652,-26.3127193451,76.9490585327,-7.40392780304,78.9133911133,13.9064149857,162.722259521,15.0519065857,23.9024047852,3.00422120094,9.52623081207,17.5920162201,11.547577858],[-591.329101562,-229.285919189,150.917373657,-25.3505783081,18.1821308136,87.6915512085,15.0519065857,136.906341553,18.731836319,31.9245834351,31.7620716095,28.7481861115,6.04613351822],[-648.751464844,-126.709274292,72.217628479,31.3799209595,8.01613426208,16.3586082458,23.9024047852,18.731836319,92.6610107422,29.7545204163,13.7161207199,12.460647583,9.82227420807],[-302.661254883,-177.460617065,55.5794677734,27.820482254,-11.1978578568,27.4977149963,3.00422120094,31.9245834351,29.7545204163,83.674331665,33.5799789429,20.909160614,5.99701166153],[-174.378509521,-163.52796936,-1.55889701843,46.449634552,-49.8994293213,35.2171211243,9.52623081207,31.7620716095,13.7161207199,33.5799789429,93.4953918457,22.5023059845,5.89448070526],[-460.304748535,-79.2461013794,110.075241089,-20.350566864,38.1940689087,14.3309030533,17.5920162201,28.7481861115,12.460647583,20.909160614,22.5023059845,89.0530929565,18.8999595642],[-244.720733643,-26.3787765503,11.3682374954,9.22576713562,16.966381073,-16.0879192352,11.547577858,6.04613351822,9.82227420807,5.99701166153,5.89448070526,18.8999595642,52.4325065613]],"icov":[[0.000856867642142,-0.00233868090436,0.00200670701452,-0.00238852621987,0.00275052944198,-0.00240418268368,0.00239292299375,-0.0020026077982,0.00245378166437,-0.0019316613907,0.00228295219131,-0.00199947110377,0.0011094516376],[-0.00233868090436,0.00815704185516,-0.00455252546817,0.00828242022544,-0.00880181975663,0.00777529412881,-0.0063199531287,0.00668627116829,-0.00653468212113,0.00659337081015,-0.00618021702394,0.0057257222943,-0.00232628337108],[0.00200670701452,-0.00455252546817,0.00713232066482,-0.00456220889464,0.00403310358524,-0.00664427084848,0.00605823285878,-0.00456520682201,0.00493756681681,-0.00421610008925,0.00572644965723,-0.00574011588469,0.00316300708801],[-0.00238852621987,0.00828242022544,-0.00456220889464,0.0117487385869,-0.00761687988415,0.00725185824558,-0.00683993613347,0.00795987155288,-0.00767649291083,0.00607069442049,-0.00705989543349,0.0064172600396,-0.003556746291],[0.00275052944198,-0.00880181975663,0.00403310358524,-0.00761687988415,0.0157820302993,-0.00700654322281,0.00526997447014,-0.00720077566803,0.00820188969374,-0.00698186457157,0.00942399911582,-0.00701732514426,0.00202042795718],[-0.00240418268368,0.00777529412881,-0.00664427084848,0.00725185824558,-0.00700654322281,0.0141690270975,-0.0071821459569,0.00355952419341,-0.00610992731526,0.00653670029715,-0.00715816672891,0.00659928936511,-0.000535926548764],[0.00239292299375,-0.0063199531287,0.00605823285878,-0.00683993613347,0.00526997447014,-0.0071821459569,0.0142336962745,-0.00556650431827,0.00515713589266,-0.00433765072376,0.00493108853698,-0.00592442927882,0.00258835195564],[-0.0020026077982,0.00668627116829,-0.00456520682201,0.00795987155288,-0.00720077566803,0.00355952419341,-0.00556650431827,0.0167364645749,-0.00612883642316,0.00343211670406,-0.0074361814186,0.00394792249426,-0.00350703857839],[0.00245378166437,-0.00653468212113,0.00493756681681,-0.00767649291083,0.00820188969374,-0.00610992731526,0.00515713589266,-0.00612883642316,0.0205649994314,-0.0092725167051,0.00676681706682,-0.0053711947985,0.00187090353575],[-0.0019316613907,0.00659337081015,-0.00421610008925,0.00607069442049,-0.00698186457157,0.00653670029715,-0.00433765072376,0.00343211670406,-0.0092725167051,0.021841455251,-0.0091715445742,0.00305413501337,-0.00185915804468],[0.00228295219131,-0.00618021702394,0.00572644965723,-0.00705989543349,0.00942399911582,-0.00715816672891,0.00493108853698,-0.0074361814186,0.00676681706682,-0.0091715445742,0.0217263642699,-0.00867654103786,0.00253881304525],[-0.00199947110377,0.0057257222943,-0.00574011588469,0.0064172600396,-0.00701732514426,0.00659928936511,-0.00592442927882,0.00394792249426,-0.0053711947985,0.00305413501337,-0.00867654103786,0.020062668249,-0.00679065939039],[0.0011094516376,-0.00232628337108,0.00316300708801,-0.003556746291,0.00202042795718,-0.000535926548764,0.00258835195564,-0.00350703857839,0.00187090353575,-0.00185915804468,0.00253881304525,-0.00679065939039,0.0240606814623]],"mean":[-109.299331665,151.616149902,-128.382003784,-1.95392048359,-38.3488044739,-10.1794052124,-31.9829368591,-6.48564815521,-26.222114563,-5.48928928375,-11.1189804077,-4.83340644836,-10.3319826126]},"hfc":{"dmean":2.58422970772,"dmean2":3.54071998596,"dvar":27.5020008087,"dvar2":49.3240432739,"max":107.140625,"mean":10.6201963425,"median":5.22859954834,"min":1.03905313264e-16,"var":165.03944397},"melbands":{"dmean":[0.0000555497863388,0.0000711927787052,0.000275863305433,0.000331162969815,0.000138728850288,0.000140640870086,0.000147363622091,0.0000978513053269,0.0000896387718967,0.0000396082432417,0.0000592220603721,0.0000518859524163,0.0000411462278862,0.0000461906056444,0.0000394994276576,0.000022016449293,0.0000306761612592,0.0000280699441646,0.0000113304477054,0.00000641865153739,0.00000605538161835,0.00000380346750717,0.00000639914196654,0.0000055913506003,0.00000364861966773,0.00000147934963479,0.00000159840715241,0.00000165300150456,9.03237662442e-7,5.45357522697e-7,1.42251678881e-7,9.14844946465e-8,1.17268982081e-7,1.38663821758e-7,1.13534746049e-7,8.08519260431e-8,6.25590175218e-8,4.68285321631e-8,3.11598675751e-8,3.16574251258e-8],"dmean2":[0.0000971448826022,0.000112511785119,0.00038378991303,0.000475919514429,0.000199878981221,0.000205746822758,0.000213032864849,0.000126090293634,0.000131643741042,0.0000572839380766,0.0000938984157983,0.0000808044642326,0.0000640864745947,0.0000739484312362,0.0000605766945228,0.000034549539123,0.0000461227646156,0.0000437084781879,0.0000173878870555,0.00000970312248683,0.00000916113367566,0.00000589193768974,0.0000100418965303,0.00000870766052685,0.00000564111041967,0.00000226714996643,0.00000241083057517,0.00000245169599111,0.00000137403139888,8.38133530578e-7,2.14192169778e-7,1.39014545653e-7,1.78854051569e-7,2.13741898847e-7,1.72277253796e-7,1.16456952526e-7,8.93878038255e-8,6.78728611092e-8,4.32807709672e-8,4.56302977625e-8],"dvar":[4.92937779484e-9,1.13889999653e-8,2.55209670286e-7,3.31557657773e-7,9.13602136166e-8,2.05917302765e-7,1.29802032234e-7,5.60554589413e-8,1.17128749366e-7,1.52857335678e-8,1.6016713289e-8,5.178731044e-8,6.14599704463e-9,1.08833493329e-8,1.87607884783e-8,3.39018990658e-9,1.18708358698e-8,1.15775726783e-8,2.42829867325e-9,6.67046584635e-10,4.16693679561e-10,9.84313880403e-11,4.74725980748e-10,3.4027092255e-10,1.51185272634e-10,3.34201312457e-11,3.74541855863e-11,4.00565726422e-11,1.1194207887e-11,6.31869036261e-12,2.30517861743e-13,1.33767779839e-13,3.2163442916e-13,8.25489091145e-13,5.50514332471e-13,1.82722218432e-13,1.37297210276e-13,1.03667454395e-13,5.25582588519e-14,7.04618248514e-14],"dvar2":[1.40658062975e-8,2.62534651796e-8,4.79182801882e-7,6.60790078655e-7,1.86694407489e-7,4.65600010102e-7,2.90919530244e-7,9.32742310056e-8,2.87851321445e-7,3.04126857031e-8,3.81707998542e-8,1.39567745805e-7,1.46242982169e-8,2.5526889047e-8,4.24553050493e-8,8.00005661716e-9,2.48200890951e-8,2.65312856129e-8,5.64508173539e-9,1.5545706944e-9,9.5333907435e-10,2.06450620488e-10,1.08313780167e-9,7.7077544347e-10,3.75301650868e-10,7.80546530188e-11,8.85819195773e-11,8.78549732963e-11,2.50349185826e-11,1.411002825e-11,5.33937423355e-13,2.9173866556e-13,6.50844775209e-13,1.95684592662e-12,1.24398093822e-12,3.25831782345e-13,2.63759337722e-13,1.90535521388e-13,9.01512886694e-14,1.27928741277e-13],"max":[0.00166365876794,0.00220910506323,0.00986454915255,0.01146367006,0.00692428182811,0.0123706217855,0.00629752967507,0.00781611166894,0.0100596053526,0.00328678800724,0.0040131052956,0.00650533568114,0.00141701009125,0.00219637178816,0.00478219473734,0.000998199800961,0.00366264721379,0.00449694599956,0.0015566428192,0.00105090800207,0.000642314902507,0.000310702598654,0.00053192867199,0.000330654002028,0.000280254840618,0.000186592209502,0.00019666182925,0.000177111636731,0.000100798941276,0.000102074314782,0.0000125368487716,0.0000124288262668,0.0000189280144696,0.0000333966272592,0.0000308793569275,0.0000161660263984,0.00001537388016,0.0000119020296552,0.0000125355836644,0.0000110493228931],"mean":[0.000104372076748,0.000204639727599,0.000927375571337,0.00108248728793,0.000449288316304,0.000330512440996,0.000359088357072,0.00028785484028,0.000200158043299,0.0000884415421751,0.000102544930996,0.0000951173133217,0.0000769319885876,0.0000882080930751,0.0000668827924528,0.0000410294633184,0.0000530573161086,0.0000517442786077,0.0000188538160728,0.0000109667107608,0.0000112381840154,0.00000747081958252,0.0000103080355984,0.00000933425326366,0.00000651785285299,0.00000256547946265,0.00000285045666715,0.00000290166371997,0.00000152692598476,8.56798692439e-7,2.5660486358e-7,1.67516930105e-7,2.00482347168e-7,2.2372861963e-7,1.81281322398e-7,1.43129298635e-7,1.08199486704e-7,7.33069995817e-8,4.86996505344e-8,5.44330305274e-8],"median":[0.0000610821080045,0.000127237755805,0.000476257235277,0.000575100304559,0.000211660400964,0.000119237258332,0.000139713272802,0.0000984846701613,0.000053909534472,0.0000356874443241,0.0000439129253209,0.0000218603654503,0.0000376263888029,0.0000428017228842,0.0000164260072779,0.0000122142537293,0.0000108102885861,0.00000832093155623,0.00000466422716272,0.00000321748916576,0.00000390070863432,0.00000272500733445,0.00000192630318452,0.00000105105368675,0.00000109490429168,4.98579993291e-7,2.49967172294e-7,1.79051042437e-7,1.5429833411e-7,9.11439315132e-8,3.7320994295e-8,2.33575505604e-8,1.28202142236e-8,7.54881934739e-9,3.59552987383e-9,2.33907448965e-9,2.3106681013e-9,1.68475178253e-9,1.1958778412e-9,8.92179052858e-10],"min":[8.45616982161e-25,1.05509475542e-24,1.93490580098e-24,1.62731118467e-24,1.68009564277e-24,9.13131248304e-25,9.84773031918e-25,1.60193431821e-24,2.09413678306e-24,1.65137193531e-24,2.8091259921e-24,2.23845849123e-24,1.44818414449e-24,2.78938731174e-24,3.4297120194e-24,2.73007759344e-24,3.43295187114e-24,3.21695564161e-24,3.43709733519e-24,3.57645829157e-24,3.93534424951e-24,4.45198187812e-24,2.74634055265e-24,3.60661052752e-24,4.84909406337e-24,4.324027456e-24,3.69392954112e-24,5.12780532651e-24,4.81057161879e-24,5.81031042676e-24,5.2123499163e-24,4.6362069319e-24,4.79907830983e-24,5.22917198068e-24,4.79173362037e-24,5.43199285257e-24,5.98693086142e-24,7.12445053738e-24,6.53161288963e-24,6.11331781692e-24],"var":[1.77032664084e-8,5.73288687633e-8,0.0000015069742858,0.00000181898087703,3.91650246456e-7,3.76571904326e-7,3.18993102155e-7,3.00883129967e-7,2.65053927251e-7,4.74109533855e-8,3.31689413713e-8,9.94315030312e-8,1.33993216522e-8,2.21894040919e-8,4.2160305469e-8,7.18005033207e-9,2.28485337317e-8,2.7692401261e-8,3.55781648587e-9,9.39886390938e-10,6.74206079854e-10,2.19464391105e-10,8.93611462605e-10,7.1205391583e-10,3.4260666526e-10,5.3983675169e-11,7.64065061221e-11,8.14831882523e-11,2.06240111794e-11,1.0766267218e-11,4.27282585399e-13,2.51178824918e-13,6.24929524361e-13,1.16584346344e-12,8.66789550292e-13,5.38122823211e-13,4.18587582131e-13,2.29936051753e-13,1.31149933036e-13,2.19489967109e-13]},"melbands_crest":{"dmean":2.1696562767,"dmean2":3.43977189064,"dvar":4.78559589386,"dvar2":12.2457914352,"max":35.2672271729,"mean":12.3896274567,"median":11.6602706909,"min":1.61987280846,"var":22.5654430389},"melbands_flatness_db":{"dmean":0.015803180635,"dmean2":0.0238438621163,"dvar":0.000328548048856,"dvar2":0.000726123980712,"max":0.481677919626,"mean":0.266401261091,"median":0.276118278503,"min":0.00305924657732,"var":0.00446269800887},"melbands_kurtosis":{"dmean":5.032579422,"dmean2":8.80154418945,"dvar":841.30682373,"dvar2":2957.15429688,"max":1137.56677246,"mean":13.5572309494,"median":4.33569145203,"min":-1.8660005331,"var":5592.00537109},"melbands_skewness":{"dmean":0.42299208045,"dmean2":0.670132696629,"dvar":0.390940397978,"dvar2":1.18402457237,"max":28.7336044312,"mean":2.12131953239,"median":1.85239768028,"min":-2.22555804253,"var":5.8918056488},"melbands_spread":{"dmean":3.33358573914,"dmean2":5.20904874802,"dvar":44.8675231934,"dvar2":96.0010986328,"max":289.646179199,"mean":17.2732467651,"median":13.1289749146,"min":0.49670290947,"var":339.289825439},"mfcc":{"cov":[[12152.671875,1029.51452637,-1356.3104248,767.90838623,-749.533447266,-99.1293716431,-386.628173828,-326.276519775,-566.459228516,9.18661594391,-280.385223389,-127.453010559,-284.483184814],[1029.51452637,2705.44091797,-358.730682373,-18.3770713806,112.662475586,-95.3292160034,12.1103076935,-81.5791091919,95.4408950806,-298.513702393,-55.7653617859,-85.8061904907,-50.80235672],[-1356.3104248,-358.730682373,506.795715332,-178.175827026,144.082519531,43.3299026489,37.0616722107,68.4264755249,32.6781578064,39.3526115417,32.0442466736,36.2209129333,52.1101112366],[767.90838623,-18.3770713806,-178.175827026,283.600097656,-74.5327224731,4.86509752274,-43.7423286438,-54.018737793,-9.6361989975,-35.9582862854,-18.6436481476,6.02236366272,-14.6473178864],[-749.533447266,112.662475586,144.082519531,-74.5327224731,205.985427856,1.69922864437,27.7999649048,24.6716957092,44.9333381653,-7.52263212204,4.2726483345,-3.59717702866,16.1591949463],[-99.1293716431,-95.3292160034,43.3299026489,4.86509752274,1.69922864437,116.107391357,9.00400543213,13.3647327423,10.1000270844,4.60389709473,18.2717456818,-6.13807582855,6.03526210785],[-386.628173828,12.1103076935,37.0616722107,-43.7423286438,27.7999649048,9.00400543213,127.060470581,41.1217956543,14.4024877548,19.3298015594,7.82523012161,8.13544654846,12.438202858],[-326.276519775,-81.5791091919,68.4264755249,-54.018737793,24.6716957092,13.3647327423,41.1217956543,103.543113708,12.0064172745,19.1500854492,12.8618144989,2.80161476135,25.6445541382],[-566.459228516,95.4408950806,32.6781578064,-9.6361989975,44.9333381653,10.1000270844,14.4024877548,12.0064172745,121.038375854,-26.3421916962,15.3402338028,5.08234977722,2.41301488876],[9.18661594391,-298.513702393,39.3526115417,-35.9582862854,-7.52263212204,4.60389709473,19.3298015594,19.1500854492,-26.3421916962,130.871154785,14.4415464401,7.52820730209,1.26252400875],[-280.385223389,-55.7653617859,32.0442466736,-18.6436481476,4.2726483345,18.2717456818,7.82523012161,12.8618144989,15.3402338028,14.4415464401,65.1345367432,14.8009147644,14.982963562],[-127.453010559,-85.8061904907,36.2209129333,6.02236366272,-3.59717702866,-6.13807582855,8.13544654846,2.80161476135,5.08234977722,7.52820730209,14.8009147644,74.562789917,22.0210838318],[-284.483184814,-50.80235672,52.1101112366,-14.6473178864,16.1591949463,6.03526210785,12.438202858,25.6445541382,2.41301488876,1.26252400875,14.982963562,22.0210838318,65.8031539917]],"icov":[[0.000224959119805,-0.000147496088175,0.000191562678083,-0.000323040207149,0.000378118857043,-0.000168246857356,0.000406719540479,-0.000110982116894,0.000773455249146,-0.000409966305597,0.000487997516757,-0.000124368947581,0.000434033630881],[-0.000147496088175,0.000762256386224,0.000499498331919,0.000677326926962,-0.000787386321463,0.000375912175514,-0.000564772111829,0.000392434245441,-0.000698859395925,0.00162785267457,-0.000326222740114,0.000387108972063,-0.000242138805334],[0.000191562678083,0.000499498331919,0.00424059014767,0.0017752549611,-0.00197119615041,-0.00121768552344,0.000608146947343,-0.000447330297902,0.000398051954107,0.000362297665561,0.000492942752317,-0.00149242184125,-0.000728421378881],[-0.000323040207149,0.000677326926962,0.0017752549611,0.00603405060247,-0.000337731064064,-0.000841262342874,0.000106814259198,0.00168249139097,-0.00153170980047,0.00216850708239,0.000355391792255,-0.00113131012768,-0.00113991950639],[0.000378118857043,-0.000787386321463,-0.00197119615041,-0.000337731064064,0.00799946766347,0.000250918004895,0.0000695153139532,-0.000178633679752,-0.000567087961826,-0.00118617131375,0.00143347622361,0.00101687060669,-0.0000414503338106],[-0.000168246857356,0.000375912175514,-0.00121768552344,-0.000841262342874,0.000250918004895,0.0100952638313,-0.00104922137689,-0.000432504486525,-0.00110832671635,0.000859743158799,-0.00308828242123,0.00249482598156,-0.000388328742702],[0.000406719540479,-0.000564772111829,0.000608146947343,0.000106814259198,0.0000695153139532,-0.00104922137689,0.0104390773922,-0.00343902013265,0.000726468570065,-0.00237953546457,0.0013003757922,-0.00158559950069,0.00056424678769],[-0.000110982116894,0.000392434245441,-0.000447330297902,0.00168249139097,-0.000178633679752,-0.000432504486525,-0.00343902013265,0.0135694555938,-0.00137196155265,-0.000240886743995,-0.000572752731387,0.00169047957752,-0.00438310438767],[0.000773455249146,-0.000698859395925,0.000398051954107,-0.00153170980047,-0.000567087961826,-0.00110832671635,0.000726468570065,-0.00137196155265,0.0128061966971,0.000636532960925,-0.000906580127776,-0.00132816715632,0.00295546907],[-0.000409966305597,0.00162785267457,0.000362297665561,0.00216850708239,-0.00118617131375,0.000859743158799,-0.00237953546457,-0.000240886743995,0.000636532960925,0.0125923315063,-0.00291247828864,0.000133771885885,0.000789699493907],[0.000487997516757,-0.000326222740114,0.000492942752317,0.000355391792255,0.00143347622361,-0.00308828242123,0.0013003757922,-0.000572752731387,-0.000906580127776,-0.00291247828864,0.0197706967592,-0.00311835808679,-0.0019137149211],[-0.000124368947581,0.000387108972063,-0.00149242184125,-0.00113131012768,0.00101687060669,0.00249482598156,-0.00158559950069,0.00169047957752,-0.00132816715632,0.000133771885885,-0.00311835808679,0.0170230958611,-0.00508702546358],[0.000434033630881,-0.000242138805334,-0.000728421378881,-0.00113991950639,-0.0000414503338106,-0.000388328742702,0.00056424678769,-0.00438310438767,0.00295546907,0.000789699493907,-0.0019137149211,-0.00508702546358,0.0208713356405]],"mean":[-739.872253418,191.108230591,-28.213514328,13.9954547882,0.949374556541,-1.9065836668,-0.284538954496,-4.11047792435,-9.34585475922,-5.51647281647,-5.64480781555,-0.639374136925,-4.3502702713]},"pitch_salience":{"dmean":0.0504516027868,"dmean2":0.0803944319487,"dvar":0.0021628679242,"dvar2":0.00541318254545,"max":0.837578773499,"mean":0.611395120621,"median":0.629166543484,"min":0.043338868767,"var":0.014267520979},"silence_rate_20dB":{"dmean":0,"dmean2":0,"dvar":0,"dvar2":0,"max":1,"mean":1,"median":1,"min":1,"var":0},"silence_rate_30dB":{"dmean":0.000702493882272,"dmean2":0.00140523444861,"dvar":0.000701993121766,"dvar2":0.00210584816523,"max":1,"mean":0.999648809433,"median":1,"min":0,"var":0.000351060123648},"silence_rate_60dB":{"dmean":0.0263435188681,"dmean2":0.0526962950826,"dvar":0.0256481114775,"dvar2":0.0537838898599,"max":1,"mean":0.179982438684,"median":0,"min":0,"var":0.147585347295},"spectral_centroid":{"dmean":120.769332886,"dmean2":181.904602051,"dvar":97897.7109375,"dvar2":197265.5625,"max":11832.7304688,"mean":956.676452637,"median":649.873840332,"min":256.130432129,"var":1823246.625},"spectral_complexity":{"dmean":2.10853528976,"dmean2":3.27525019646,"dvar":6.43635797501,"dvar2":11.1980800629,"max":45,"mean":14.6000003815,"median":14,"min":0,"var":60.9675102234},"spectral_contrast_coeffs":{"dmean":[0.0398100055754,0.0324123091996,0.0322602875531,0.0247912630439,0.0198703538626,0.015549344942],"dmean2":[0.0644596293569,0.0517391078174,0.0534426085651,0.0398673526943,0.0315903834999,0.0230621192604],"dvar":[0.00119142921176,0.00096385285724,0.000717238639481,0.000493339379318,0.000385895080399,0.000320638238918],"dvar2":[0.00300250877626,0.00228794594295,0.00179274578113,0.00115935585927,0.000831340672448,0.00055098021403],"max":[-0.30199432373,-0.334379017353,-0.42088162899,-0.44770899415,-0.516916394234,-0.623314082623],"mean":[-0.588376998901,-0.742803871632,-0.77750813961,-0.767773509026,-0.757127642632,-0.778877615929],"median":[-0.576819837093,-0.748022437096,-0.783793210983,-0.77292329073,-0.753146767616,-0.776635527611],"min":[-0.981013119221,-0.977674901485,-0.984594285488,-0.983694791794,-0.980605900288,-0.974307119846],"var":[0.0108887311071,0.00673984456807,0.00428948365152,0.00378175359219,0.00295363762416,0.00430003879592]},"spectral_contrast_valleys":{"dmean":[0.341940402985,0.261985450983,0.265213221312,0.225366026163,0.214235827327,0.186880126595],"dmean2":[0.572800457478,0.409926563501,0.429322004318,0.351412922144,0.309666246176,0.26547935605],"dvar":[0.153907373548,0.151347801089,0.129421681166,0.130285307765,0.146953359246,0.117024160922],"dvar2":[0.310912966728,0.25069591403,0.211962193251,0.203401908278,0.216491982341,0.187969952822],"max":[-6.03642988205,-4.91768217087,-5.44925642014,-5.84450149536,-6.11925792694,-8.30809116364],"mean":[-8.19485473633,-7.14831876755,-7.69481182098,-8.52999973297,-9.26992988586,-12.5035877228],"median":[-7.73159265518,-6.62788295746,-7.19384431839,-8.10678863525,-8.88514518738,-12.6235532761],"min":[-28.2316207886,-27.8899288177,-28.0024089813,-27.6165313721,-27.5251541138,-27.4373283386],"var":[6.86403179169,8.14829444885,7.63070201874,7.03797006607,6.81196832657,4.59596014023]},"spectral_decrease":{"dmean":8.81005102205e-10,"dmean2":1.20863863362e-9,"dvar":2.66948761259e-18,"dvar2":4.41806553665e-18,"max":2.55257193706e-28,"mean":-4.23990176301e-9,"median":-2.67046629254e-9,"min":-2.66583661812e-8,"var":1.88018285582e-17},"spectral_energy":{"dmean":0.00352605222724,"dmean2":0.00483010942116,"dvar":0.0000430308355135,"dvar2":0.0000711431712261,"max":0.106818296015,"mean":0.0169656220824,"median":0.0106495916843,"min":9.67227460137e-21,"var":0.00030304575921},"spectral_energyband_high":{"dmean":0.0000506617798237,"dmean2":0.0000725498684915,"dvar":2.66868500631e-8,"dvar2":5.5685092093e-8,"max":0.00407569296658,"mean":0.000109348147816,"median":0.0000113735086416,"min":6.82484266756e-21,"var":7.8216054078e-8},"spectral_energyband_low":{"dmean":0.000400553981308,"dmean2":0.000628425157629,"dvar":3.57786973382e-7,"dvar2":8.18525336399e-7,"max":0.0116738928482,"mean":0.00124765874352,"median":0.000749032886233,"min":1.47177384657e-23,"var":0.00000196005407815},"spectral_energyband_middle_high":{"dmean":0.00131356564816,"dmean2":0.00191918935161,"dvar":0.00000733490878702,"dvar2":0.0000153608652909,"max":0.0547026358545,"mean":0.00398786598817,"median":0.00170687248465,"min":1.20849482004e-21,"var":0.000034035747376},"spectral_energyband_middle_low":{"dmean":0.00281283585355,"dmean2":0.00391317391768,"dvar":0.0000271190237982,"dvar2":0.0000482120012748,"max":0.0882634595037,"mean":0.0121487788856,"median":0.00762505969033,"min":1.47307947447e-22,"var":0.000165193632711},"spectral_entropy":{"dmean":0.106596589088,"dmean2":0.161171779037,"dvar":0.0180647857487,"dvar2":0.0381349176168,"max":9.82128334045,"mean":6.98750543594,"median":6.88864326477,"min":5.49713039398,"var":0.275907188654},"spectral_flux":{"dmean":0.0117720095441,"dmean2":0.0183559283614,"dvar":0.000351475493517,"dvar2":0.000771755876485,"max":0.240487754345,"mean":0.0442519634962,"median":0.0354409366846,"min":6.32192423411e-11,"var":0.00108503759839},"spectral_kurtosis":{"dmean":4.80197668076,"dmean2":8.29605197906,"dvar":22.6195926666,"dvar2":64.4016265869,"max":62.1665420532,"mean":14.7512083054,"median":12.2144165039,"min":-1.26157486439,"var":105.911476135},"spectral_rms":{"dmean":0.000388907879824,"dmean2":0.000535560830031,"dvar":3.59742898581e-7,"dvar2":5.61458250559e-7,"max":0.0102084754035,"mean":0.00354475202039,"median":0.0032233283855,"min":3.0718667627e-12,"var":0.00000398649217459},"spectral_rolloff":{"dmean":225.172897339,"dmean2":380.317657471,"dvar":363883.46875,"dvar2":825044.8125,"max":19638.28125,"mean":1328.91162109,"median":861.328125,"min":64.599609375,"var":6232167},"spectral_skewness":{"dmean":0.379448741674,"dmean2":0.639012873173,"dvar":0.124676153064,"dvar2":0.331681668758,"max":6.4190158844,"mean":2.49569702148,"median":2.3672709465,"min":-0.0737005770206,"var":0.959560513496},"spectral_spread":{"dmean":277413.28125,"dmean2":428063.25,"dvar":811734401024,"dvar2":1308282978300,"max":42374276,"mean":3147021.25,"median":2101997.5,"min":1057236.5,"var":25315455795200},"spectral_strongpeak":{"dmean":0.34568759799,"dmean2":0.573951125145,"dvar":0.521258354187,"dvar2":1.34039783478,"max":13.7785634995,"mean":0.777042269707,"median":0.482145100832,"min":0,"var":0.98518884182},"zerocrossingrate":{"dmean":0.00477253319696,"dmean2":0.00587146822363,"dvar":0.000105556384369,"dvar2":0.000149742947542,"max":0.53369140625,"mean":0.0448743775487,"median":0.03125,"min":0.01025390625,"var":0.00420580198988}},"metadata":{"audio_properties":{"analysis_sample_rate":44100,"bit_rate":0,"codec":"flac","downmix":"mix","equal_loudness":0,"length":132.199996948,"lossless":true,"md5_encoded":"9bf490dd7bfdf5789afd5e309a8e26fc","replay_gain":-15.1711406708},"tags":{"acoustid_id":["dd7d2aa0-3507-47a6-a425-385e1bb77fbd"],"album":["White Blood Cells"],"albumartist":["The White Stripes"],"albumartistsort":["White Stripes, The"],"artist":["The White Stripes"],"artistsort":["White Stripes, The"],"asin":["B00005Q3ZU"],"barcode":["634904015121"],"catalognumber":["XLCD 151"],"composer":["The White Stripes"],"date":["2001-09-24"],"discnumber":["1"],"disctotal":["1"],"engineer":["Stewart Sikes"],"file_name":"16 This Protector.flac","genre":["Rock"],"isrc":["GBBKS0100364"],"label":["XL Recordings"],"media":["CD"],"mixer":["Jack White","Stewart Sikes"],"musicbrainz_albumartistid":["11ae9fbb-f3d7-4a47-936f-4c0a04d3b3b5"],"musicbrainz_albumid":["58c2f29b-c284-344e-8cbb-a44f4ef7badf"],"musicbrainz_artistid":["11ae9fbb-f3d7-4a47-936f-4c0a04d3b3b5"],"musicbrainz_recordingid":["7b6f024c-81f3-4b20-9d30-5fc20895d324"],"musicbrainz_releasegroupid":["c5a0411f-374e-360d-9364-3ddec3007162"],"musicbrainz_releasetrackid":["e2017af8-47e5-3f06-abab-66f960744984"],"musicbrainz_workid":["520ae6ca-4c1b-3eb5-978e-84fd9bc72238"],"originaldate":["2001-07-03"],"producer":["Jack White"],"releasecountry":["GB"],"releasestatus":["official"],"releasetype":["album"],"script":["Latn"],"title":["This Protector"],"totaldiscs":["1"],"totaltracks":["16"],"tracknumber":["16"],"tracktotal":["16"]},"version":{"essentia":"2.1-beta1","essentia_build_sha":"7598a69e7b456135ce4c070efb04a3d0ebb71fdd","essentia_git_sha":"v2.1_beta1-6-g5578087","extractor":"music 1.0"}},"rhythm":{"beats_count":366,"beats_loudness":{"dmean":0.0219489634037,"dmean2":0.0389994680882,"dvar":0.00033546515624,"dvar2":0.00096337380819,"max":0.