{"lowlevel":{"average_loudness":0.56778216362,"barkbands":{"dmean":[0.0000357128628821,0.000288552837446,0.000162160227774,0.000439803872723,0.00189085956663,0.000702081189957,0.000506583601236,0.000291711796308,0.00640456518158,0.00186654832214,0.00021343131084,0.000071475871664,0.000058592424466,0.0000965279250522,0.0000662495804136,0.0000307256195811,0.0000301967920677,0.0000452987369499,0.0000215533473238,0.0000203071194846,0.0000156423811859,0.0000066851698648,0.00000302671173813,0.0000189735364984,0.0000288082774205,0.00000452019776276,4.75117587939e-7],"dmean2":[0.0000585615853197,0.000478985952213,0.000286656460958,0.00069318030728,0.00280444673263,0.00091251876438,0.000775543099735,0.000456899579149,0.0109903151169,0.00328888790682,0.000366764172213,0.00011165356409,0.0000913624317036,0.000150553401909,0.000107729814772,0.0000505688803969,0.0000488633304485,0.0000735242720111,0.0000350797999999,0.0000331357587129,0.0000241497946263,0.00000969601478573,0.00000424733843829,0.0000257297542703,0.0000401376055379,0.00000677690059092,7.60458647164e-7],"dvar":[1.16741176726e-8,3.40807360999e-7,1.64537112823e-7,0.00000129948057292,0.0000202168685064,0.00000439726545665,0.00000217585215978,5.40607970834e-7,0.00023674989643,0.0000129702802951,3.80281278467e-7,1.14045143107e-7,4.84314135463e-8,1.08451786218e-7,6.32199856909e-8,1.2338567501e-8,1.97017335779e-8,2.31616539281e-8,3.58832075165e-8,2.81430256877e-8,5.5936846266e-9,1.88655269184e-9,1.05997477462e-9,2.5897488598e-8,4.06268050313e-8,2.95289948049e-9,1.82691925824e-12],"dvar2":[2.82714172073e-8,9.41661312481e-7,4.87064653498e-7,0.00000315182410304,0.000042568979552,0.00000740135101296,0.00000479554591948,0.00000114482406843,0.00062266481109,0.0000377378164558,0.00000104079481389,2.87751674932e-7,1.07776507718e-7,2.49083996096e-7,1.69678173734e-7,3.25036992876e-8,5.419618887e-8,5.85820956189e-8,9.64299076145e-8,7.39230259228e-8,1.22066623476e-8,3.70483443923e-9,2.11800910144e-9,4.01944078021e-8,6.25561824563e-8,7.08535674576e-9,3.87875538979e-12],"max":[0.00260494812392,0.00563362985849,0.0091857900843,0.0207474119961,0.0703166872263,0.0355636626482,0.0567714609206,0.0252948030829,0.248667657375,0.0387275777757,0.0130010088906,0.0161364879459,0.00541652087122,0.0102697201073,0.00598552031443,0.00355047662742,0.004641153384,0.00473491102457,0.00952592957765,0.0116367917508,0.00353500223719,0.00158609438222,0.0015345554566,0.00916924327612,0.0126125244424,0.00317537318915,0.0000852533703437],"mean":[0.0000418584095314,0.000364628620446,0.000193961037439,0.00067940185545,0.00412794528529,0.000977048650384,0.000949967827182,0.000408182793763,0.00599115947261,0.0017969411565,0.000238511362113,0.000112368201371,0.0000874807155924,0.000154930981807,0.0000945205465541,0.0000453726097476,0.0000459835646325,0.0000809547491372,0.0000278698826151,0.0000283647586912,0.0000258347845374,0.0000110657510959,0.00000506066362504,0.0000317122612614,0.00004961666491,0.00000922990511754,0.00000105179731236],"median":[0.00000773585179559,0.0000311183393933,0.0000130398402689,0.0000715862261131,0.000787131371908,0.0000346265442204,0.000139889743878,0.0000490399252158,0.00057846494019,0.000253272359259,0.0000378952317988,0.00000814363465906,0.00000537775031262,0.00000580815185458,0.00000467659674541,0.00000384736131309,0.00000275175034403,0.00000299138059745,0.00000176167441168,0.00000172424654465,0.00000149659035742,3.88990201827e-7,1.7130184915e-7,0.00000112880240977,0.00000327085854224,0.00000453149914392,5.84174983942e-7],"min":[5.75457109292e-24,6.11066298443e-23,2.64947170726e-23,3.3644649395e-24,2.38430037382e-23,3.22116330735e-23,4.30297433616e-23,7.20448994254e-23,4.06423284072e-23,1.26576947915e-22,2.4152243524e-23,5.09878447487e-23,1.23459205535e-22,6.32072339062e-23,2.74149005994e-22,1.83919613147e-22,2.25959702104e-22,2.53657883286e-22,3.81518781211e-22,3.99173967897e-22,4.50214909295e-22,4.62017227692e-22,7.53250032642e-22,9.26560122946e-22,1.05671313512e-21,1.58116816072e-21,2.32837367605e-21],"var":[1.35594362405e-8,4.7252854074e-7,2.03734657589e-7,0.00000258000022768,0.0000478967631352,0.0000085133506218,0.00000591642447034,0.00000139421808854,0.000234986131545,0.0000140442261909,4.08350928183e-7,1.7833150423e-7,1.0198953504e-7,2.66555190365e-7,9.55991694696e-8,1.97549745451e-8,2.64361190716e-8,4.67246756841e-8,2.86290688933e-8,2.60296015853e-8,1.22584440376e-8,4.74900563319e-9,2.62686317143e-9,7.48464898948e-8,1.07949311712e-7,4.2166896641e-9,3.05454099514e-12]},"barkbands_crest":{"dmean":3.6869597435,"dmean2":6.05877876282,"dvar":10.2092618942,"dvar2":23.7811470032,"max":26.668170929,"mean":13.5057649612,"median":12.8188896179,"min":2.65643167496,"var":27.6805515289},"barkbands_flatness_db":{"dmean":0.0393277518451,"dmean2":0.0592032596469,"dvar":0.00166426110081,"dvar2":0.00312765175477,"max":0.529454410076,"mean":0.209067761898,"median":0.200705751777,"min":0.039692055434,"var":0.00652905367315},"barkbands_kurtosis":{"dmean":20.5614624023,"dmean2":33.4640922546,"dvar":4255.98193359,"dvar2":10588.8789062,"max":2168.55908203,"mean":25.6585350037,"median":6.29474449158,"min":-1.91910457611,"var":5084.85888672},"barkbands_skewness":{"dmean":1.20317947865,"dmean2":1.92367386818,"dvar":2.69685435295,"dvar2":6.70053768158,"max":31.2936458588,"mean":1.91826248169,"median":1.53564918041,"min":-5.82576036453,"var":5.98436689377},"barkbands_spread":{"dmean":5.92480230331,"dmean2":9.36480522156,"dvar":97.407699585,"dvar2":207.630233765,"max":132.843887329,"mean":14.54550457,"median":8.04408073425,"min":0.0555314533412,"var":395.808288574},"dissonance":{"dmean":0.0509521774948,"dmean2":0.0848455950618,"dvar":0.00250178086571,"dvar2":0.00633958820254,"max":0.499999880791,"mean":0.40003734827,"median":0.415973424911,"min":0.104834623635,"var":0.00522764259949},"dynamic_complexity":7.26471376419,"erbbands":{"dmean":[0.00993020180613,0.0632326453924,0.147182762623,0.824726879597,3.51362228394,8.84736824036,5.38746833801,6.2238984108,6.69403362274,7.41469573975,41.0660400391,158.699829102,61.3719062805,29.6234703064,7.0524764061,2.60285019875,2.67214584351,4.50346374512,4.04077720642,2.34115457535,1.47999215126,1.63248050213,2.41676020622,1.66921544075,0.828676462173,0.920279741287,0.826119482517,0.527783036232,0.277875214815,0.10682092607,0.0860246047378,0.262490987778,0.410903394222,0.462229371071,0.122179895639,0.028140867129,0.00759074511006,0.000891257834155,0.0000855839243741,0.0000121079510791],"dmean2":[0.0164736993611,0.105675458908,0.25583550334,1.31801056862,5.10197114944,13.0609807968,7.41969776154,8.08427524567,10.002948761,11.247341156,69.6252975464,272.352325439,107.423858643,51.2549362183,11.9396018982,4.0324215889,4.06651306152,6.99288034439,6.48491716385,3.77788496017,2.42018818855,2.63565444946,3.91479587555,2.64229130745,1.39072549343,1.49556553364,1.29654800892,0.822860360146,0.402518391609,0.157308056951,0.118430301547,0.359319537878,0.581819057465,0.675333976746,0.161455973983,0.040198661387,0.0117747755721,0.00134133768734,0.000134436078952,0.0000194144395209],"dvar":[0.000385556108085,0.0165971107781,0.113305747509,4.45137310028,61.4139595032,452.908111572,338.699768066,471.47064209,370.003631592,409.570037842,12652.6289062,128773.726562,14028.9179688,3610.47094727,272.977630615,128.810409546,101.497802734,259.553619385,220.668533325,79.6204910278,33.5759353638,63.3118934631,64.8047027588,73.9560317993,110.674606323,49.2185096741,14.3714885712,9.11117553711,3.27833628654,1.32331383228,0.752830684185,6.51368093491,12.212931633,9.68669509888,1.0935614109,0.105094075203,0.00828930269927,0.0000307157097268,3.39818662098e-8,4.45034703533e-10],"dvar2":[0.00107354728971,0.046259701252,0.323340445757,11.473698616,123.210388184,1009.60388184,621.830566406,796.627563477,813.518615723,898.386962891,32144.7128906,344938.625,41005.3515625,9922.04296875,736.33001709,307.839630127,223.927566528,596.434997559,564.113708496,216.974700928,89.0399856567,174.337387085,162.77192688,173.170730591,308.633422852,128.606124878,32.1125526428,20.6603183746,6.62218046188,3.18357682228,1.30127179623,11.3061532974,19.7306098938,18.3652667999,1.35680365562,0.210900455713,0.0205118879676,0.0000593635777477,6.9647761336e-8,1.06483311058e-9],"max":[0.18778412044,1.31103479862,6.41842985153,37.7541656494,161.290847778,406.923370361,384.431091309,366.937103271,808.653320312,752.57019043,2040.04943848,5382.44921875,1643.91625977,1063.56750488,361.667510986,487.198425293,272.49697876,570.22088623,503.305236816,305.54977417,184.903106689,251.722686768,228.90411377,390.402923584,599.350463867,456.018493652,110.654296875,170.228424072,68.3927001953,65.6191177368,50.8134765625,149.288146973,216.932418823,145.056747437,84.5357284546,19.9475021362,4.3729968071,0.332749933004,0.00913261715323,0.000490194477607],"mean":[0.011064815335,0.0798039883375,0.206401690841,1.32137870789,7.96315336227,16.8499526978,7.86150693893,8.76407909393,13.1329431534,12.125629425,41.752204895,146.440979004,60.1714477539,31.4437332153,8.96925735474,4.27716255188,4.35763311386,7.44314718246,6.55696773529,3.49538302422,2.41334795952,2.68620753288,4.35260725021,2.7183470726,1.04406952858,1.31090044975,1.34971880913,0.841886460781,0.461923360825,0.176280364394,0.152935251594,0.426071435213,0.687494695187,0.75213521719,0.213862642646,0.053262013942,0.0151755325496,0.00268034124747,0.000181473165867,0.0000244473212661],"median":[0.00112609344069,0.00643642479554,0.0186719559133,0.263954639435,1.46146893501,2.64565968513,0.943577051163,0.546639680862,1.56938910484,2.4805264473,5.94443225861,15.236032486,8.41964244843,6.99480247498,2.21549320221,0.542109668255,0.308260917664,0.298545390368,0.298050254583,0.252639591694,0.233740061522,0.16196167469,0.161220312119,0.152243286371,0.0807663202286,0.0755236297846,0.0659955143929,0.057811640203,0.018904838711,0.0046267779544,0.00643302313983,0.0137638784945,0.0259485449642,0.0305584706366,0.0260567106307,0.0175857432187,0.00845884345472,0.00211962033063,0.0000812559446786,0.0000163382246683],"min":[2.3232312622e-21,1.14674019335e-20,2.91786991726e-20,2.35727749923e-20,3.19806474818e-20,1.02799298804e-19,9.91497068556e-20,3.90667994129e-19,3.66248278278e-19,1.01461901557e-18,1.49485650458e-18,9.52476141478e-19,3.66604834481e-18,2.18297182274e-18,1.33271059635e-18,2.30891482729e-18,4.45791620343e-18,5.05751709559e-18,6.48542894261e-18,1.49067243892e-17,1.19520095986e-17,1.41050540268e-17,1.48683597524e-17,1.59130938291e-17,1.81678227428e-17,2.28689747141e-17,1.56037861827e-17,1.83686009842e-17,1.41656019932e-17,2.16363796485e-17,2.16662921538e-17,1.50535555654e-17,1.90558342176e-17,1.2125519831e-17,7.79445591046e-18,4.53529729537e-18,3.19528352139e-18,1.02857189815e-18,3.59393871982e-19,3.68294897597e-20],"var":[0.000476727931527,0.0228941217065,0.169100180268,8.17478370667,184.065338135,919.780273438,555.501953125,855.169189453,1087.28637695,1059.38427734,12815.0029297,128571.953125,16007.3632812,3920.82666016,386.53503418,212.366958618,234.951797485,653.531799316,434.019378662,107.411682129,55.2234230042,85.0565261841,143.503921509,95.3500289917,76.2451324463,49.8437957764,26.6504707336,16.7048130035,7.73144960403,2.46525502205,2.30786752701,17.6530456543,29.6117610931,21.4341831207,2.96821570396,0.205605402589,0.00981622003019,0.0000578224316996,8.0341159503e-8,8.65183202858e-10]},"erbbands_crest":{"dmean":4.59713363647,"dmean2":7.62890529633,"dvar":15.5221281052,"dvar2":36.4012908936,"max":32.4264831543,"mean":14.5558013916,"median":13.8920497894,"min":1.86109399796,"var":39.6038589478},"erbbands_flatness_db":{"dmean":0.0445400886238,"dmean2":0.0671777278185,"dvar":0.00223259278573,"dvar2":0.00417478661984,"max":0.555909276009,"mean":0.234404489398,"median":0.218145683408,"min":0.0165240447968,"var":0.00842720270157},"erbbands_kurtosis":{"dmean":14.1671648026,"dmean2":23.0713157654,"dvar":713.213439941,"dvar2":1812.2545166,"max":423.688903809,"mean":20.1534461975,"median":5.36149692535,"min":-1.8336776495,"var":1286.58581543},"erbbands_skewness":{"dmean":1.02949285507,"dmean2":1.64970755577,"dvar":1.38052177429,"dvar2":3.35780620575,"max":13.5298814774,"mean":1.72695803642,"median":1.21625316143,"min":-3.13281726837,"var":4.63054132462},"erbbands_spread":{"dmean":8.00886535645,"dmean2":12.5171756744,"dvar":121.068733215,"dvar2":251.877578735,"max":156.042312622,"mean":20.1540412903,"median":13.2403907776,"min":0.321800529957,"var":459.148742676},"gfcc":{"cov":[[28250.21875,6203.96777344,-2706.14916992,1008.21325684,-815.85144043,-1193.93835449,-2392.33544922,-375.750305176,-1637.98852539,153.639663696,-255.940170288,-938.814453125,377.577545166],[6203.96777344,2606.10205078,-21.9833698273,-171.610748291,-55.5834465027,-352.429199219,-432.860992432,-143.053588867,-340.360168457,22.3292789459,-37.6563720703,-181.597702026,20.0407028198],[-2706.14916992,-21.9833698273,1237.88342285,-201.026535034,110.376091003,166.009140015,379.500946045,88.871383667,210.905181885,-74.9680404663,14.4163866043,208.163085938,-49.9140205383],[1008.21325684,-171.610748291,-201.026535034,1092.92041016,248.772125244,-102.933532715,-530.620666504,-289.371856689,-193.481887817,94.2898254395,148.815078735,-3.57281279564,52.33934021],[-815.85144043,-55.5834465027,110.376091003,248.772125244,406.824584961,42.2176322937,-96.0110626221,-153.604721069,-18.337020874,54.724407196,61.1958770752,49.0375556946,-20.0640830994],[-1193.93835449,-352.429199219,166.009140015,-102.933532715,42.2176322937,296.853515625,228.040145874,21.2637042999,117.406455994,38.1375083923,13.8179674149,34.268321991,-25.5311908722],[-2392.33544922,-432.860992432,379.500946045,-530.620666504,-96.0110626221,228.040145874,664.725708008,269.306640625,264.040863037,-67.4735412598,-100.938232422,85.6223983765,-42.0106697083],[-375.750305176,-143.053588867,88.871383667,-289.371856689,-153.604721069,21.2637042999,269.306640625,362.534912109,165.528488159,-115.749923706,-98.1552963257,16.7247047424,19.9220161438],[-1637.98852539,-340.360168457,210.905181885,-193.481887817,-18.337020874,117.406455994,264.040863037,165.528488159,294.617004395,7.35402727127,-26.0128612518,50.4610328674,-32.8368835449],[153.639663696,22.3292789459,-74.9680404663,94.2898254395,54.724407196,38.1375083923,-67.4735412598,-115.749923706,7.35402727127,169.002624512,69.8915557861,-24.3960800171,-18.5980606079],[-255.940170288,-37.6563720703,14.4163866043,148.815078735,61.1958770752,13.8179674149,-100.938232422,-98.1552963257,-26.0128612518,69.8915557861,152.145233154,43.3373794556,-15.3924016953],[-938.814453125,-181.597702026,208.163085938,-3.57281279564,49.0375556946,34.268321991,85.6223983765,16.7247047424,50.4610328674,-24.3960800171,43.3373794556,139.229766846,6.25489759445],[377.577545166,20.0407028198,-49.9140205383,52.33934021,-20.0640830994,-25.5311908722,-42.0106697083,19.9220161438,-32.8368835449,-18.5980606079,-15.3924016953,6.25489759445,73.6809768677]],"icov":[[0.000307589856675,-0.000681998615619,0.000403342419304,-0.000373811548343,0.000580300868023,-0.000600619358011,0.000562459987123,-0.000763888412621,0.000757243367843,-0.00061715755146,0.000909255410079,-0.000405815953854,0.0000312690790452],[-0.000681998615619,0.00223351758905,-0.00131549569778,0.00132314616349,-0.00139717676211,0.00188269524369,-0.000712082954124,0.00148388394155,-0.00094409979647,0.000824988237582,-0.00193844747264,0.00170458445791,-0.000241152069066],[0.000403342419304,-0.00131549569778,0.00209514214657,-0.000776499626227,0.000591474643443,-0.00119236949831,-0.0000267599662038,-0.000531405501533,0.000128832136397,0.000124986530864,0.00113713974133,-0.00239177769981,0.000667671614792],[-0.000373811548343,0.00132314616349,-0.000776499626227,0.00262164673768,-0.00143095478415,0.000833292433526,0.000989244552329,0.00100833643228,-0.00058206403628,0.000411054847063,-0.00163852749392,0.000850298965815,-0.00121225696057],[0.000580300868023,-0.00139717676211,0.000591474643443,-0.00143095478415,0.00471197674051,-0.00178985402454,0.00130596850067,-0.000281715241726,0.00100079376716,-0.00133507139981,0.00245913537219,-0.002231184626,0.0011193160899],[-0.000600619358011,0.00188269524369,-0.00119236949831,0.000833292433526,-0.00178985402454,0.0074182995595,-0.00352469622158,0.00255112396553,-0.00198867334984,0.000227491225814,-0.00322383106686,0.00269261235371,-0.00118114205543],[0.000562459987123,-0.000712082954124,-0.0000267599662038,0.000989244552329,0.00130596850067,-0.00352469622158,0.00712677603588,-0.00344999670051,0.00112780567724,-0.0021505523473,0.00427191937342,-0.00282828579657,0.00181341799907],[-0.000763888412621,0.00148388394155,-0.000531405501533,0.00100833643228,-0.000281715241726,0.00255112396553,-0.00344999670051,0.00977756269276,-0.00605514971539,0.00584288686514,-0.00263981125318,0.00221317564137,-0.0033319031354],[0.000757243367843,-0.00094409979647,0.000128832136397,-0.00058206403628,0.00100079376716,-0.00198867334984,0.00112780567724,-0.00605514971539,0.0104223927483,-0.00564637733623,0.00349472649395,-0.00214573461562,0.00287260022014],[-0.00061715755146,0.000824988237582,0.000124986530864,0.000411054847063,-0.00133507139981,0.000227491225814,-0.0021505523473,0.00584288686514,-0.00564637733623,0.013260230422,-0.00681013381109,0.00432206317782,-0.0013187204022],[0.000909255410079,-0.00193844747264,0.00113713974133,-0.00163852749392,0.00245913537219,-0.00322383106686,0.00427191937342,-0.00263981125318,0.00349472649395,-0.00681013381109,0.0160507969558,-0.00817527342588,0.00438969675452],[-0.000405815953854,0.00170458445791,-0.00239177769981,0.000850298965815,-0.002231184626,0.00269261235371,-0.00282828579657,0.00221317564137,-0.00214573461562,0.00432206317782,-0.00817527342588,0.0161877591163,-0.00544127821922],[0.0000312690790452,-0.000241152069066,0.000667671614792,-0.00121225696057,0.0011193160899,-0.00118114205543,0.00181341799907,-0.0033319031354,0.00287260022014,-0.0013187204022,0.00438969675452,-0.00544127821922,0.0189474783838]],"mean":[-156.096359253,84.0003204346,-78.4246673584,-27.6838283539,-61.2538757324,-1.14541912079,-26.4045009613,28.9859294891,-36.0258255005,-2.63730311394,-32.6005973816,-8.80963134766,-1.27826035023]},"hfc":{"dmean":6.39257574081,"dmean2":10.4829368591,"dvar":138.277862549,"dvar2":345.304229736,"max":232.983886719,"mean":10.2035703659,"median":5.14973163605,"min":1.17431602251e-16,"var":240.239578247},"melbands":{"dmean":[0.0000841503351694,0.000073073344538,0.000188037171029,0.000471709732665,0.00021977556753,0.000132991801365,0.000102885707747,0.0000756629378884,0.000634027994238,0.000867292052135,0.000282082881313,0.00012348376913,0.0000291103624477,0.00000816173087514,0.00000618960712018,0.00000612904568698,0.00000931724298425,0.00000723840639694,0.00000434085814049,0.00000245539877142,0.00000171765088908,0.00000171676686023,0.00000202212072509,0.00000246489616984,0.00000136666528761,6.25615427907e-7,5.96175993905e-7,6.6701875312e-7,6.47716376534e-7,3.56973970383e-7,3.15811092833e-7,1.86907016086e-7,8.46362127049e-8,5.90441047166e-8,4.72830876674e-8,7.78597311069e-8,2.10080798979e-7,2.97457773968e-7,3.91630777585e-7,4.0272433921e-7],"dmean2":[0.000139292402309,0.000125611681142,0.000285679241642,0.000698399206158,0.000310129777063,0.000173038308276,0.000154751716764,0.000115639049909,0.00108618836384,0.00148663343862,0.000496109540109,0.000213553212234,0.000050034486776,0.0000126697732412,0.00000955043287831,0.00000954832194111,0.0000146261991176,0.000011683280718,0.00000709499136065,0.00000397545545638,0.00000284210773316,0.0000028029699024,0.00000327322823068,0.00000400485714636,0.00000216847161028,0.00000104579783056,0.00000103151421627,0.0000010860154589,0.00000102367391719,5.68916618704e-7,4.98599035836e-7,2.77394690329e-7,1.2328075627e-7,9.31966894768e-8,6.56893277551e-8,1.09623286448e-7,3.04792706629e-7,4.23371972147e-7,5.91497951064e-7,5.92953256273e-7],"dvar":[2.81257843682e-8,2.45482727479e-8,1.91134688521e-7,0.00000120909965062,3.90867427313e-7,1.86158104043e-7,8.93873917107e-8,4.14046184005e-8,0.00000287141028821,0.00000377847482014,3.1772009379e-7,7.1162794768e-8,6.25516527464e-9,1.50766188423e-9,5.84442882978e-10,5.58925128402e-10,1.19655829689e-9,7.33081262361e-10,3.2872732314e-10,8.34399424554e-11,5.00720229168e-11,7.75627825855e-11,5.9555492482e-11,7.14664438739e-11,5.91929838478e-11,5.24252377621e-11,8.32331079059e-11,1.69937345446e-11,8.50831557986e-12,3.39006535517e-12,3.70585853671e-12,1.4822690601e-12,4.48183374094e-13,6.83260631233e-13,2.76385332806e-13,4.81442305727e-13,4.94395279924e-12,8.83979001109e-12,7.4379001222e-12,7.41714762525e-12],"dvar2":[7.75199993086e-8,6.85322874006e-8,4.46633691809e-7,0.00000253993789556,7.64019205235e-7,3.14256965339e-7,1.94612837845e-7,9.07050505816e-8,0.00000742114389141,0.0000100981433206,9.27888095248e-7,1.95238101242e-7,1.73332370679e-8,3.80811115974e-9,1.34121147521e-9,1.24880039643e-9,2.80900924743e-9,1.84558968108e-9,9.30006127664e-10,2.21666338063e-10,1.31936198078e-10,2.16146045506e-10,1.54312757017e-10,1.81790624221e-10,1.41420639088e-10,1.4575969598e-10,2.3906057689e-10,4.16748476006e-11,1.98296205844e-11,8.23253444582e-12,8.56130964733e-12,3.09281810232e-12,8.98068457707e-13,1.71887113917e-12,5.26749921893e-13,9.19426644194e-13,9.09063883198e-12,1.58665233729e-11,1.49081285511e-11,1.41401213655e-11],"max":[0.00158280634787,0.00247515784577,0.00907691940665,0.0188907328993,0.0132674872875,0.00707379216328,0.0127671100199,0.00765284756199,0.029906725511,0.0289659760892,0.00776644842699,0.00498005282134,0.00159256334882,0.00176887458656,0.000752654799726,0.000668333086651,0.0012795154471,0.00099085108377,0.000565256981645,0.000311195879476,0.000205680800718,0.000321023602737,0.000284828798613,0.000246867333772,0.000362783321179,0.000423582445364,0.000562553235795,0.000222687362111,0.0000772175990278,0.0000940195313888,0.0000927100409172,0.0000424159188697,0.0000300696210616,0.0000548476964468,0.0000291441410809,0.0000328412388626,0.000137540293508,0.000181829964276,0.000118294148706,0.000129627762362],"mean":[0.00010231808119,0.000105826016807,0.000337390141794,0.00105975859333,0.000337727222359,0.000187683326658,0.00020269639208,0.000116908668133,0.000597954436671,0.000813854858279,0.000270915043075,0.000129410342197,0.000033977896237,0.0000130208536575,0.0000095219220384,0.00000924089363252,0.000014576533431,0.0000111492581709,0.00000606937010161,0.0000035111327179,0.00000264246227744,0.00000256309704127,0.00000341887812283,0.00000413837551605,0.00000204322122954,7.63452760566e-7,6.73884073876e-7,9.38106609283e-7,9.85419546851e-7,5.42494660749e-7,4.70088650673e-7,2.9665525858e-7,1.32146666942e-7,8.54683079865e-8,7.71510002551e-8,1.17999242377e-7,3.24427247733e-7,4.61041253175e-7,6.07804793162e-7,6.43454598048e-7],"median":[0.0000102600988612,0.00000802569411462,0.0000740940449759,0.000176128116436,0.0000497361615999,0.00000838316736917,0.0000252177051152,0.0000187355435628,0.0000636587938061,0.0000855915059219,0.0000327355519403,0.0000277703511529,0.0000065191052272,9.95131813397e-7,7.44722456147e-7,4.79430354972e-7,5.25530765572e-7,4.58401842707e-7,3.32913600687e-7,2.68077798182e-7,2.4146700639e-7,1.58309518383e-7,1.30475768856e-7,1.36152522145e-7,1.04676217916e-7,5.34906305916e-8,4.18532195567e-8,5.05721473587e-8,4.62565026282e-8,3.41867618658e-8,3.02899891835e-8,1.118439652e-8,3.01100389066e-9,1.50009005218e-9,2.6733120162e-9,3.8543443992e-9,8.66676330702e-9,1.69478830969e-8,2.14460875725e-8,2.71176840982e-8],"min":[1.83862209317e-23,1.54759268812e-23,3.76137320421e-24,5.56333543228e-24,3.68396701675e-24,7.62966782665e-24,6.84883989203e-24,1.34167853484e-23,1.01525420314e-23,6.10085815335e-24,1.91397124694e-23,1.00219177096e-23,3.81643372324e-24,5.07519382616e-24,6.72135760316e-24,1.21949029151e-23,8.92649835685e-24,7.31002927647e-24,2.34047899276e-23,1.52233888396e-23,1.32108098217e-23,1.59938377313e-23,1.18041801087e-23,1.15039041494e-23,1.28459719082e-23,1.5639501923e-23,1.14273578204e-23,1.48586795104e-23,1.00996552186e-23,6.91408342206e-24,1.2427095445e-23,7.94939315154e-24,8.61059979622e-24,1.2959344631e-23,1.28054552233e-23,1.09338188279e-23,8.61606423571e-24,1.3058315909e-23,1.19390911007e-23,1.03384079159e-23],"var":[3.7807541986e-8,3.97941022356e-8,4.48197880587e-7,0.00000323302583638,6.63225193875e-7,3.52911683876e-7,2.59546538928e-7,1.06972308345e-7,0.00000276862692772,0.00000383630867873,3.56178901484e-7,7.42692662925e-8,7.02494462601e-9,2.48597675778e-9,1.12356524085e-9,1.12629983118e-9,2.75212252987e-9,1.3878141969e-9,4.14243472857e-10,1.20553664273e-10,8.03488525714e-11,9.13551040371e-11,1.17442541803e-10,1.28104249431e-10,6.98549829092e-11,3.62017187061e-11,5.44320560847e-11,1.94820166943e-11,1.3687403641e-11,5.52588660593e-12,6.27423460409e-12,3.22561140124e-12,1.05115189556e-12,9.66289765217e-13,7.25910596824e-13,1.18814181584e-12,1.21107221474e-11,1.9299666032e-11,1.50993453851e-11,1.59247406928e-11]},"melbands_crest":{"dmean":3.88742184639,"dmean2":6.35138511658,"dvar":10.3230886459,"dvar2":25.5418319702,"max":34.0946731567,"mean":15.2862377167,"median":14.4074687958,"min":1.7593562603,"var":36.7189178467},"melbands_flatness_db":{"dmean":0.0394735075533,"dmean2":0.0581765398383,"dvar":0.00170610228088,"dvar2":0.00313743343577,"max":0.615479528904,"mean":0.295887112617,"median":0.293365091085,"min":0.00639049801975,"var":0.00950366538018},"melbands_kurtosis":{"dmean":9.03049182892,"dmean2":14.8876934052,"dvar":213.649383545,"dvar2":517.485900879,"max":251.033706665,"mean":12.8948507309,"median":6.03855991364,"min":-1.72702622414,"var":372.167755127},"melbands_skewness":{"dmean":1.02311420441,"dmean2":1.57871103287,"dvar":1.10166275501,"dvar2":2.24433636665,"max":13.3111801147,"mean":1.17437314987,"median":0.920421242714,"min":-4.41948509216,"var":4.34092235565},"melbands_spread":{"dmean":5.66865253448,"dmean2":8.83663654327,"dvar":115.135864258,"dvar2":220.495407104,"max":222.887832642,"mean":15.3059549332,"median":10.0107288361,"min":0.285346031189,"var":517.723388672},"mfcc":{"cov":[[18979.8359375,3576.19970703,-1564.28222656,777.002197266,959.202270508,-938.588378906,157.772994995,-2267.25073242,-542.32989502,-1174.24731445,-146.215988159,-38.7211341858,-852.868041992],[3576.19970703,2798.3503418,143.557144165,-182.253921509,-35.3298454285,-315.908203125,58.9733200073,-302.088745117,-21.9181308746,-115.440811157,-42.1298408508,-53.8396835327,-156.146697998],[-1564.28222656,143.557144165,840.958312988,-17.5620231628,-136.184036255,61.8315925598,-24.3341083527,328.843170166,75.7070999146,120.664794922,-28.4787750244,65.4810943604,125.360778809],[777.002197266,-182.253921509,-17.5620231628,599.074829102,386.255218506,62.1381988525,-3.76279234886,-212.415328979,-164.895767212,-230.134536743,-39.9038581848,56.8720703125,-14.2247657776],[959.202270508,-35.3298454285,-136.184036255,386.255218506,574.169372559,131.089035034,-4.54104948044,-283.671722412,-231.946105957,-199.470153809,-48.8408432007,58.2170143127,-16.928937912],[-938.588378906,-315.908203125,61.8315925598,62.1381988525,131.089035034,467.051391602,45.7947540283,-45.1098632812,-126.669242859,47.2423858643,69.2994613647,-9.59402370453,98.5081481934],[157.772994995,58.9733200073,-24.3341083527,-3.76279234886,-4.54104948044,45.7947540283,152.25038147,-24.5851860046,-4.01631164551,-23.3980731964,-6.18051481247,-13.2974634171,-8.44044780731],[-2267.25073242,-302.088745117,328.843170166,-212.415328979,-283.671722412,-45.1098632812,-24.5851860046,594.34777832,260.618530273,252.826705933,-3.82701659203,-4.88734149933,97.8086090088],[-542.32989502,-21.9181308746,75.7070999146,-164.895767212,-231.946105957,-126.669242859,-4.01631164551,260.618530273,322.091400146,164.999557495,4.13410329819,-42.1936187744,-12.9538564682],[-1174.24731445,-115.440811157,120.664794922,-230.134536743,-199.470153809,47.2423858643,-23.3980731964,252.826705933,164.999557495,315.50604248,67.4564971924,-34.7984428406,44.5505981445],[-146.215988159,-42.1298408508,-28.4787750244,-39.9038581848,-48.8408432007,69.2994613647,-6.18051481247,-3.82701659203,4.13410329819,67.4564971924,136.42250061,1.63655591011,20.2331905365],[-38.7211341858,-53.8396835327,65.4810943604,56.8720703125,58.2170143127,-9.59402370453,-13.2974634171,-4.88734149933,-42.1936187744,-34.7984428406,1.63655591011,123.633079529,38.539806366],[-852.868041992,-156.146697998,125.360778809,-14.2247657776,-16.928937912,98.5081481934,-8.44044780731,97.8086090088,-12.9538564682,44.5505981445,20.2331905365,38.539806366,145.23890686]],"icov":[[0.00017824061797,-0.000140776304761,0.0000912999457796,-0.0000780124028097,-0.0000655785770505,0.000223457493121,-0.0000895454286365,0.000504060357343,-0.000187184617971,0.0000962286721915,-0.000067137167207,-0.0000860519867274,0.000290982890874],[-0.000140776304761,0.000655280484352,-0.000525400566403,0.000484097894514,-0.000201220958843,0.000337252451573,-0.000231510741287,0.000152900189278,0.000101240366348,-0.00000432245769844,-0.000160888143,0.000458985130535,-0.0000789072364569],[0.0000912999457796,-0.000525400566403,0.0022525426466,-0.000890190713108,0.000778516579885,-0.000689598266035,0.000369195302483,-0.00104835792445,0.000236523483181,-0.000313775410177,0.000992550747469,-0.00128471537028,-0.000454271561466],[-0.0000780124028097,0.000484097894514,-0.000890190713108,0.00393966306001,-0.002302037552,0.000184851509403,0.0000357950448233,0.000119978722068,-0.000522559625097,0.00200194306672,-0.000876701495145,0.000310895062285,0.00012309543672],[-0.0000655785770505,-0.000201220958843,0.000778516579885,-0.002302037552,0.00463009113446,-0.00144073553383,0.000731187930796,0.000136486836709,0.0012144605862,-0.000477033026982,0.00194762891624,-0.00152639835142,0.000356941804057],[0.000223457493121,0.000337252451573,-0.000689598266035,0.000184851509403,-0.00144073553383,0.00481707742438,-0.00189791340381,0.00141176767647,0.00121461343952,-0.00126439856831,-0.00189448834863,0.00211063981988,-0.00200802646577],[-0.0000895454286365,-0.000231510741287,0.000369195302483,0.0000357950448233,0.000731187930796,-0.00189791340381,0.00755265867338,-0.000458644441096,-0.000604008731898,0.0011992136715,0.000825214199722,-0.0000781413473305,0.000514440413099],[0.000504060357343,0.000152900189278,-0.00104835792445,0.000119978722068,0.000136486836709,0.00141176767647,-0.000458644441096,0.00653130048886,-0.00272418116219,-0.00158267933875,0.000942222948652,-0.0000331473966071,-0.00120569067076],[-0.000187184617971,0.000101240366348,0.000236523483181,-0.000522559625097,0.0012144605862,0.00121461343952,-0.000604008731898,-0.00272418116219,0.00738986534998,-0.0023412804585,0.000222063055844,0.00101468467619,0.000948608736508],[0.0000962286721915,-0.00000432245769844,-0.000313775410177,0.00200194306672,-0.000477033026982,-0.00126439856831,0.0011992136715,-0.00158267933875,-0.0023412804585,0.00825622025877,-0.00297804852016,0.000906697998289,0.000397761643399],[-0.000067137167207,-0.000160888143,0.000992550747469,-0.000876701495145,0.00194762891624,-0.00189448834863,0.000825214199722,0.000942222948652,0.000222063055844,-0.00297804852016,0.0104620587081,-0.00186089461204,-0.000614776683506],[-0.0000860519867274,0.000458985130535,-0.00128471537028,0.000310895062285,-0.00152639835142,0.00211063981988,-0.0000781413473305,-0.0000331473966071,0.00101468467619,0.000906697998289,-0.00186089461204,0.0113598024473,-0.00340695376508],[0.000290982890874,-0.0000789072364569,-0.000454271561466,0.00012309543672,0.000356941804057,-0.00200802646577,0.000514440413099,-0.00120569067076,0.000948608736508,0.000397761643399,-0.000614776683506,-0.00340695376508,0.0121109159663]],"mean":[-815.76763916,149.348419189,15.6292848587,-5.69152450562,-11.1578130722,-29.9128112793,12.1292037964,-2.54243469238,24.2048358917,0.350490599871,-4.54789447784,-9.97385883331,-19.4162712097]},"pitch_salience":{"dmean":0.0893192663789,"dmean2":0.146150827408,"dvar":0.00603147689253,"dvar2":0.0148783056065,"max":0.946354210377,"mean":0.537874817848,"median":0.547471165657,"min":0.0388538315892,"var":0.0175600014627},"silence_rate_20dB":{"dmean":0,"dmean2":0,"dvar":0,"dvar2":0,"max":1,"mean":1,"median":1,"min":1,"var":0},"silence_rate_30dB":{"dmean":0.00723245553672,"dmean2":0.0144665464759,"dvar":0.00718051940203,"dvar2":0.0160655360669,"max":1,"mean":0.992768347263,"median":1,"min":0,"var":0.00717969797552},"silence_rate_60dB":{"dmean":0.082043170929,"dmean2":0.164104878902,"dvar":0.0753117501736,"dvar2":0.147125482559,"max":1,"mean":0.328248590231,"median":0,"min":0,"var":0.220516070724},"spectral_centroid":{"dmean":159.982589722,"dmean2":239.933776855,"dvar":78273.46875,"dvar2":137458.25,"max":10464.0048828,"mean":885.240783691,"median":705.830871582,"min":238.848114014,"var":484176.59375},"spectral_complexity":{"dmean":1.74234378338,"dmean2":2.72852611542,"dvar":4.41111135483,"dvar2":9.99486541748,"max":43,"mean":7.3425989151,"median":7,"min":0,"var":30.3809604645},"spectral_contrast_coeffs":{"dmean":[0.0493314787745,0.0587840899825,0.0595647394657,0.0251588430256,0.0189199708402,0.02039620094],"dmean2":[0.078223913908,0.0919614061713,0.0895104110241,0.0411110930145,0.0307830031961,0.032022215426],"dvar":[0.00190340401605,0.00274874316528,0.00256050471216,0.000490831851494,0.000339707621606,0.000362850318197],"dvar2":[0.00421235896647,0.00581051083282,0.0054540252313,0.0012591034174,0.000825890281703,0.00085052655777],"max":[-0.24725073576,-0.261705338955,-0.343383401632,-0.611032366753,-0.639994502068,-0.530602633953],"mean":[-0.631232023239,-0.696786522865,-0.684698104858,-0.836267054081,-0.837517261505,-0.798683524132],"median":[-0.634621798992,-0.69439136982,-0.687571227551,-0.844929039478,-0.848831295967,-0.799669384956],"min":[-0.975171506405,-0.980625927448,-0.954304039478,-0.96106672287,-0.963318943977,-0.958594202995],"var":[0.0227809473872,0.0105584152043,0.0113282846287,0.0036208119709,0.00314866588451,0.00494491541758]},"spectral_contrast_valleys":{"dmean":[0.456022888422,0.476989299059,0.420405268669,0.317355364561,0.220234796405,0.258648097515],"dmean2":[0.731422781944,0.732479274273,0.638715267181,0.49794626236,0.346714705229,0.391879171133],"dvar":[0.178403824568,0.195604041219,0.170852184296,0.123325638473,0.0755362138152,0.0835598781705],"dvar2":[0.361772894859,0.396490603685,0.340870887041,0.247776910663,0.142751961946,0.153506353498],"max":[-6.13153600693,-4.78511667252,-5.04394865036,-5.78445959091,-5.87552118301,-7.37019920349],"mean":[-9.0502986908,-8.12134742737,-8.53300952911,-9.41182899475,-9.46815299988,-12.0696649551],"median":[-8.8935508728,-7.75063419342,-8.14818954468,-9.11062908173,-9.26535129547,-12.1260986328],"min":[-27.4727401733,-27.2059268951,-27.3379745483,-27.2083778381,-27.1178226471,-27.2162704468],"var":[3.82701277733,3.64076542854,3.08988666534,3.09502720833,2.64037203789,1.32945263386]},"spectral_decrease":{"dmean":2.41973596715e-9,"dmean2":3.8647613998e-9,"dvar":1.96061458986e-17,"dvar2":4.81120702828e-17,"max":2.93234733057e-17,"mean":-4.14800949144e-9,"median":-2.07604688995e-9,"min":-7.19046369113e-8,"var":3.5904475937e-17},"spectral_energy":{"dmean":0.009676290676,"dmean2":0.0154898660257,"dvar":0.000313593249302,"dvar2":0.000772714149207,"max":0.287423849106,"mean":0.0165809933096,"median":0.00840997695923,"min":1.08120204333e-20,"var":0.000568209565245},"spectral_energyband_high":{"dmean":0.0000710193198756,"dmean2":0.000091522517323,"dvar":1.634613227e-7,"dvar2":2.15150450344e-7,"max":0.0238644741476,"mean":0.00015274323232,"median":0.0000152046541189,"min":7.56834313672e-21,"var":6.00101373038e-7},"spectral_energyband_low":{"dmean":0.000484059506562,"dmean2":0.000770912447479,"dvar":0.00000109155030259,"dvar2":0.00000281814163827,"max":0.0144920777529,"mean":0.000825164781418,"median":0.0000874171309988,"min":9.57573387952e-23,"var":0.00000244974785346},"spectral_energyband_middle_high":{"dmean":0.0014137342805,"dmean2":0.00239696609788,"dvar":0.00000592223932472,"dvar2":0.0000161898769875,"max":0.0370777770877,"mean":0.00206540198997,"median":0.000852243043482,"min":1.92710969376e-21,"var":0.00000952824575506},"spectral_energyband_middle_low":{"dmean":0.00895119085908,"dmean2":0.0143935736269,"dvar":0.000299207662465,"dvar2":0.000742804375477,"max":0.277933895588,"mean":0.0141638694331,"median":0.00632748194039,"min":2.5080932549e-22,"var":0.000489062105771},"spectral_entropy":{"dmean":0.356032252312,"dmean2":0.521324872971,"dvar":0.154330402613,"dvar2":0.274838030338,"max":9.78571796417,"mean":6.78663730621,"median":6.83748435974,"min":3.71498227119,"var":0.767524302006},"spectral_flux":{"dmean":0.0269110668451,"dmean2":0.0436669588089,"dvar":0.00121942849364,"dvar2":0.00305159157142,"max":0.374652206898,"mean":0.0623878538609,"median":0.0497528091073,"min":1.03980865584e-10,"var":0.00285345315933},"spectral_kurtosis":{"dmean":4.88643026352,"dmean2":7.27665042877,"dvar":43.2656974792,"dvar2":86.0936737061,"max":75.8703689575,"mean":13.4919080734,"median":9.34609222412,"min":-1.38428735733,"var":141.63067627},"spectral_rms":{"dmean":0.00100454222411,"dmean2":0.00152341532521,"dvar":0.00000159596436333,"dvar2":0.00000354556073034,"max":0.0167455524206,"mean":0.00315090664662,"median":0.00286441156641,"min":3.24781651226e-12,"var":0.00000624851054454},"spectral_rolloff":{"dmean":522.861450195,"dmean2":911.103393555,"dvar":2836735,"dvar2":7045096,"max":19681.3476562,"mean":1772.25183105,"median":796.728515625,"min":86.1328125,"var":12056689},"spectral_skewness":{"dmean":0.51969730854,"dmean2":0.752827644348,"dvar":0.357872128487,"dvar2":0.660771012306,"max":7.68021678925,"mean":2.96815299988,"median":2.62399864197,"min":-0.0324811264873,"var":1.72764384747},"spectral_spread":{"dmean":997337.4375,"dmean2":1457478.375,"dvar":1610363961340,"dvar2":2801357553660,"max":40138648,"mean":5211312,"median":4291848.5,"min":1216581.875,"var":8122439041020},"spectral_strongpeak":{"dmean":0.80199688673,"dmean2":1.35146474838,"dvar":1.29175925255,"dvar2":3.6585624218,"max":22.8909931183,"mean":1.09338200092,"median":0.685867965221,"min":0,"var":1.65975308418},"zerocrossingrate":{"dmean":0.0138391787186,"dmean2":0.0157553479075,"dvar":0.000431228545494,"dvar2":0.000495660235174,"max":0.5322265625,"mean":0.0713734254241,"median":0.0419921875,"min":0.009765625,"var":0.00701604504138}},"metadata":{"audio_properties":{"analysis_sample_rate":44100,"bit_rate":176093,"codec":"mp3","downmix":"mix","equal_loudness":0,"length":205.453063965,"lossless":false,"md5_encoded":"f9a8ff61f8c1c290f8271c2d25733cba","replay_gain":2.88674736023,"sample_rate":44100},"tags":{"acoustid_id":["7075281e-b4b2-4e49-9925-5c177d77d34d"],"album":["Uh Huh Her"],"albumartist":["PJ Harvey"],"albumartistsort":["Harvey, PJ"],"artist":["PJ Harvey"],"artists":["PJ Harvey"],"artistsort":["Harvey, PJ"],"barcode":["602498667132"],"catalognumber":["986 6713"],"date":["2004"],"file_name":"06 - The Slow Drug.mp3","isrc":["GBAAN0400188"],"label":["Island Records"],"media":["CD"],"musicbrainz album release country":["AU"],"musicbrainz album status":["official"],"musicbrainz album type":["album"],"musicbrainz release track id":["5787b056-f69c-3066-b6bc-17ec3b94c314"],"musicbrainz_albumartistid":["e795e03d-b5d5-4a5f-834d-162cfb308a2c"],"musicbrainz_albumid":["28d0653b-06a9-4311-adaf-843e9aca072e"],"musicbrainz_artistid":["e795e03d-b5d5-4a5f-834d-162cfb308a2c"],"musicbrainz_recordingid":["7b7474cc-f3df-49fb-bf2d-04535addaa9f"],"musicbrainz_releasegroupid":["08fdd0c0-ea57-367f-afa6-2743004807ef"],"originaldate":["2004"],"performer:accordion, acoustic guitar, autoharp, bass guitar, electric guitar, melodica and piano":["PJ Harvey"],"performer:drums and percussion":["Rob Ellis"],"performer:lead vocals":["PJ Harvey"],"script":["Latn"],"title":["The Slow Drug"],"tracknumber":["6/14"]},"version":{"essentia":"2.1-beta1","essentia_build_sha":"65e368e5454dd45657e4cc002e00185f437e13e1","essentia_git_sha":"v2.1_beta1-28-g21ef5f4","extractor":"music 1.0"}},"rhythm":{"beats_count":428,"beats_loudness":{"dmean":0.0201603360474,"dmean2":0.0349125638604,"dvar":0.000659265962895,"dvar2":0.00175879441667,"max":0.257527977228,"mean":0.0