{"lowlevel":{"average_loudness":0.873553156853,"barkbands":{"dmean":[0.0088705625385,0.0152871059254,0.00469814240932,0.00389194791205,0.00343995029107,0.000807168660685,0.000297300430248,0.000249186035944,0.000248377938988,0.000216395172174,0.000133321489557,0.0000814372033346,0.0000844123278512,0.0000904117405298,0.0000880236766534,0.000100603399915,0.0000727195365471,0.0000761962073739,0.0000551641496713,0.0000471378516522,0.0000376685202355,0.0000225863241212,0.00000705949514668,0.00000388629450754,0.00000360048807124,0.00000417861474489,0.0000267685900326],"dmean2":[0.0153236594051,0.0256136041135,0.00779351266101,0.00617267843336,0.00523140653968,0.00125661713537,0.000471454521175,0.000400331598939,0.000398337549996,0.000337809760822,0.000216711792746,0.000133394933073,0.000136781294714,0.000150526975631,0.000141470474773,0.00015586259542,0.000111301655124,0.000113555317512,0.0000792321297922,0.0000666644846206,0.0000530790093762,0.0000345958542312,0.0000111000144898,0.00000653325423627,0.00000609945936958,0.00000685017266733,0.0000370918824046],"dvar":[0.000265526789008,0.000429490435636,0.0000485266064061,0.0000733937922632,0.0000707038052497,0.0000059851217884,3.96648630385e-7,5.18598483268e-7,4.3998082333e-7,3.53939469733e-7,8.58784829916e-8,2.21852172189e-8,3.35836674026e-8,4.19220853587e-8,5.88296558135e-8,1.53499925659e-7,5.91368518599e-8,1.36010186225e-7,5.28760608631e-8,4.12503275982e-8,1.89632256564e-8,5.19520160225e-9,2.39515407507e-10,4.63258285899e-11,4.12476094946e-11,4.85411780216e-11,5.71705704999e-9],"dvar2":[0.00069654895924,0.00115333171561,0.000122230107081,0.000163695440278,0.000151027314132,0.0000138851328302,9.03388126972e-7,0.00000119116020869,0.0000010434126807,8.15560952105e-7,2.10580310522e-7,5.618528931e-8,8.24189498871e-8,1.05801873929e-7,1.39601596061e-7,3.64664032304e-7,1.27453901655e-7,2.78892713368e-7,9.39093780516e-8,7.38100567332e-8,3.13223580406e-8,1.04797797107e-8,4.57772347806e-10,1.17071935479e-10,1.04497736853e-10,1.12470852076e-10,8.68698890599e-9],"max":[0.22553011775,0.250815212727,0.113638013601,0.205610945821,0.245771586895,0.0860053375363,0.0175445303321,0.0194332357496,0.0238629002124,0.0302321892232,0.00969529058784,0.00338706700131,0.00548917567357,0.00609323987737,0.00674258125946,0.0167857855558,0.00780967995524,0.0142074655741,0.00897736288607,0.00694679049775,0.00507813924924,0.00258510792628,0.000952724891249,0.000153184839291,0.000125449034385,0.000307765643811,0.00180526182521],"mean":[0.0108380336314,0.0222191978246,0.00633333576843,0.00506244972348,0.00544239254668,0.00114562618546,0.000422683166107,0.000304315122776,0.000322181673255,0.00029063448892,0.000167569742189,0.000105278275441,0.000108997286588,0.000103759535705,0.000110295281047,0.000129474487039,0.0000976985684247,0.000107731866592,0.000079442797869,0.0000682138561388,0.000055607768445,0.0000304173900076,0.00000896355868463,0.00000377984906663,0.0000032883951917,0.00000466043593406,0.0000489356134494],"median":[0.00597513606772,0.0150633510202,0.00349498447031,0.00137051567435,0.00119292817544,0.000349165289663,0.000157721879077,0.0000846650073072,0.0000957852607826,0.0000957398297032,0.0000665936240694,0.0000445312034572,0.0000395737151848,0.0000334252181347,0.0000268947551376,0.0000249506738328,0.000020176077669,0.0000186894212675,0.0000137318074849,0.0000102249159681,0.00000976699811872,0.00000649263165542,0.0000029522159366,0.00000137042957249,0.00000100188594843,0.00000184745226761,0.0000127506991703],"min":[9.12492566794e-25,7.01317460695e-24,5.38566975693e-25,1.81830032628e-24,9.63002975568e-24,1.28303311631e-23,6.86649381023e-24,7.71855588459e-24,1.8464813566e-23,1.13500778506e-23,1.40702824554e-23,3.26120273146e-23,4.08869731065e-23,4.71232561948e-23,4.73418716397e-23,7.6704284274e-23,1.0518299599e-22,1.20551148694e-22,1.35783825582e-22,1.7392397555e-22,2.59472027971e-22,3.96803472431e-22,4.22316849693e-22,6.52917729736e-22,8.95232272833e-22,1.39921265977e-21,2.16557439369e-21],"var":[0.000275830418104,0.000563115056138,0.0000726923390175,0.0001249754132,0.000171724605025,0.0000104551108961,7.88396846474e-7,7.84048268088e-7,7.68320944644e-7,5.22783068391e-7,1.01087849202e-7,2.9733428164e-8,4.60516851319e-8,4.9036984251e-8,8.5593214294e-8,2.1763086977e-7,9.97097586719e-8,2.32221154306e-7,1.17393632593e-7,9.5989797444e-8,4.33039843983e-8,1.02631068088e-8,5.98670779617e-10,5.01070851477e-11,4.03815383909e-11,7.69901156716e-11,1.68398539557e-8]},"barkbands_crest":{"dmean":3.20857214928,"dmean2":5.34919834137,"dvar":6.50234460831,"dvar2":17.5688285828,"max":26.1103057861,"mean":13.399933815,"median":13.208694458,"min":2.90268874168,"var":15.1223459244},"barkbands_flatness_db":{"dmean":0.0484561361372,"dmean2":0.0774416252971,"dvar":0.00158368551638,"dvar2":0.00412594620138,"max":0.543326795101,"mean":0.238663718104,"median":0.234245300293,"min":0.0497463792562,"var":0.00481681339443},"barkbands_kurtosis":{"dmean":22.816860199,"dmean2":37.2699966431,"dvar":1007.47875977,"dvar2":2651.34521484,"max":457.577728271,"mean":41.9719848633,"median":26.0079536438,"min":-1.79391312599,"var":2243.73144531},"barkbands_skewness":{"dmean":1.32482469082,"dmean2":2.10538172722,"dvar":1.51276111603,"dvar2":3.73426651955,"max":15.8761997223,"mean":4.40380620956,"median":4.01960277557,"min":-2.73339653015,"var":5.63743400574},"barkbands_spread":{"dmean":3.41516160965,"dmean2":5.29748678207,"dvar":38.0029144287,"dvar2":72.3168182373,"max":95.5675125122,"mean":6.91620349884,"median":4.20372056961,"min":0.233459427953,"var":100.876548767},"dissonance":{"dmean":0.0175576210022,"dmean2":0.0294885970652,"dvar":0.000313190073939,"dvar2":0.000858670216985,"max":0.500000178814,"mean":0.471966713667,"median":0.478101581335,"min":0.244880571961,"var":0.000541340908967},"dynamic_complexity":4.30733919144,"erbbands":{"dmean":[0.754769325256,2.56973552704,4.87938499451,9.77941513062,12.2984027863,11.1383237839,10.5321512222,5.80556535721,3.89276146889,5.1205534935,5.26086139679,5.52119588852,6.59996414185,5.63130426407,4.87279844284,3.25561141968,3.83177566528,4.12129497528,4.25146245956,5.04759550095,5.20508241653,4.08930826187,4.10428476334,3.10391545296,2.8666369915,2.21195220947,1.62150800228,1.3864325285,0.891765892506,0.417851507664,0.177404031157,0.0935028195381,0.0601149871945,0.0406897217035,0.0253815669566,0.0140869636089,0.00779557833448,0.00725248781964,0.00338834058493,0.000557092716917],"dmean2":[1.29329240322,4.23615455627,8.01029872894,15.4332818985,18.859413147,17.4778957367,16.1383647919,9.05136108398,6.19340085983,8.11727142334,8.42646312714,8.85630512238,10.2222251892,8.76868724823,7.89988327026,5.2534866333,6.19452857971,6.83334493637,6.81617975235,7.92729854584,7.94580841064,6.14505195618,6.06250095367,4.54713344574,4.08232498169,3.12536382675,2.28748846054,1.99315130711,1.36833512783,0.636005520821,0.278683185577,0.15450707078,0.101739957929,0.068917863071,0.0429819896817,0.0238387752324,0.0127198575065,0.010806418024,0.00463002314791,0.000779999711085],"dvar":[1.30995261669,11.8737516403,48.232421875,360.501434326,998.409484863,1060.79785156,900.268859863,280.308013916,68.4911499023,171.327011108,223.944992065,231.709838867,365.251831055,160.102844238,109.743896484,34.680141449,68.9516372681,72.7131729126,101.139274597,352.646087646,332.310028076,188.675613403,364.295318604,215.58380127,160.141906738,93.1513061523,42.6254463196,21.981218338,8.65922737122,1.35229659081,0.135625675321,0.0269809979945,0.0114101422951,0.0052666598931,0.00204830989242,0.000628006469924,0.000171820342075,0.000358318793587,0.000129933614517,0.0000019574677026],"dvar2":[3.62931013107,31.0368690491,123.055114746,806.96697998,2023.31677246,2510.01806641,1929.66992188,686.776672363,157.081390381,363.450256348,520.419311523,561.100646973,813.617736816,349.435028076,275.355163574,85.9968338013,167.691589355,186.076248169,237.982955933,854.132751465,731.608947754,398.958679199,746.794616699,417.545318604,304.539550781,164.809646606,67.8827438354,40.1552124023,17.8673019409,2.60335946083,0.250647753477,0.0633407980204,0.0289417095482,0.0133443120867,0.00518847862259,0.00159120280296,0.000391149194911,0.000655919779092,0.000191009239643,0.0000032456784993],"max":[12.7404518127,46.2015914917,112.55721283,393.856384277,1116.53210449,910.001464844,955.194335938,780.978027344,301.483154297,648.110717773,501.196807861,463.517730713,1061.2154541,403.697937012,310.323669434,163.203918457,270.149230957,184.366867065,419.905761719,965.512207031,693.035400391,474.26071167,743.375610352,898.8046875,620.087890625,404.704528809,274.423950195,162.264755249,100.25655365,51.9431838989,27.7035617828,7.83923053741,2.0807492733,1.41727983952,0.884328782558,0.489512264729,0.643621146679,0.821201205254,0.391010910273,0.0444536469877],"mean":[0.946554243565,3.87918877602,7.1902551651,13.5762395859,18.708990097,15.9111709595,14.9708766937,8.35561943054,5.70503425598,7.0057721138,6.70568561554,7.12317848206,9.05377674103,7.73968172073,6.44278526306,4.42825460434,5.08172988892,5.00050354004,5.49432897568,6.5208697319,6.90311336517,5.64550304413,5.82146978378,4.5539188385,4.10447025299,3.21034550667,2.42160844803,2.0018825531,1.19769537449,0.55476307869,0.221328601241,0.0998366698623,0.0556483455002,0.0372095443308,0.0232530999929,0.013073685579,0.0087977135554,0.0101976813748,0.00545709626749,0.0012461936567],"median":[0.607591927052,2.38232922554,4.32813882828,5.10516500473,4.16953325272,3.39626502991,3.78933238983,2.62309336662,2.15528488159,2.24824547768,1.9314852953,2.16883206367,2.95202088356,2.89075469971,2.73509216309,1.90483856201,1.87610411644,1.81556212902,1.60312795639,1.39511060715,1.3984670639,1.1688914299,1.03970110416,0.829172372818,0.650423169136,0.480857282877,0.40439170599,0.36581709981,0.246022999287,0.149488389492,0.076316639781,0.0386092662811,0.0177900865674,0.0113270981237,0.00711554754525,0.00415008841082,0.00351244420744,0.00287027191371,0.00117467867676,0.00052981992485],"min":[1.91285541896e-22,6.6306356645e-22,9.56465145665e-22,5.51804108698e-21,2.40741288384e-20,2.48257549031e-20,4.99825242228e-20,9.08813903983e-20,8.83240452123e-20,1.91287688002e-19,3.05818133339e-19,4.1739637107e-19,7.25448719244e-19,8.36667546998e-19,8.72503389278e-19,1.69038049469e-18,2.21589940138e-18,3.0166629671e-18,3.48713910449e-18,2.56778761743e-18,5.15534154278e-18,6.44427960227e-18,6.38249458719e-18,6.31152124986e-18,6.30978003467e-18,8.22942469967e-18,8.56905761455e-18,1.18561666625e-17,1.21510491063e-17,1.22000942992e-17,1.12529625716e-17,1.25398107593e-17,1.16356295579e-17,9.68807581902e-18,6.35460453847e-18,4.84586680585e-18,2.40695351426e-18,9.59794208358e-19,2.79142204819e-19,3.07031413427e-20],"var":[1.32801473141,18.9757614136,74.1208877563,608.842163086,2471.09814453,1884.83398438,1731.99108887,492.820892334,140.210891724,329.127716064,349.700073242,349.510253906,581.65057373,270.47354126,130.923660278,50.0782661438,97.5745315552,85.9577178955,157.815597534,483.364257812,529.75402832,332.029052734,610.921508789,429.014984131,353.377716064,217.044952393,97.5778045654,47.9603500366,16.1474571228,3.13227009773,0.34253102541,0.0405955128372,0.0112247997895,0.00515686208382,0.002007458359,0.000617609184701,0.000285747839371,0.000873614626471,0.000355183001375,0.00000581495396546]},"erbbands_crest":{"dmean":2.86242246628,"dmean2":4.62838983536,"dvar":6.96922302246,"dvar2":16.4935913086,"max":27.5388145447,"mean":8.34045410156,"median":7.40623140335,"min":2.06337404251,"var":16.4398040771},"erbbands_flatness_db":{"dmean":0.0317629948258,"dmean2":0.0506319664419,"dvar":0.000745268305764,"dvar2":0.00182788795792,"max":0.339499175549,"mean":0.138360127807,"median":0.131642043591,"min":0.0307812429965,"var":0.00192272162531},"erbbands_kurtosis":{"dmean":1.65691947937,"dmean2":2.63426446915,"dvar":6.78421735764,"dvar2":16.4507217407,"max":50.4552459717,"mean":1.26905691624,"median":0.246429920197,"min":-1.7578984499,"var":10.5785083771},"erbbands_skewness":{"dmean":0.538014829159,"dmean2":0.808813214302,"dvar":0.268949389458,"dvar2":0.568464696407,"max":6.20854187012,"mean":0.701118826866,"median":0.681609094143,"min":-3.56256890297,"var":1.00612485409},"erbbands_spread":{"dmean":10.206328392,"dmean2":16.1314105988,"dvar":94.6623153687,"dvar2":227.654434204,"max":139.569946289,"mean":39.3129577637,"median":38.0514831543,"min":3.70789170265,"var":297.532806396},"gfcc":{"cov":[[13526.1240234,217.277450562,-999.013000488,32.9028015137,-195.222915649,-504.691253662,-194.879669189,-344.163513184,-130.877426147,-77.7284393311,-237.530471802,-44.7207489014,-90.0463104248],[217.277450562,928.903747559,146.063949585,-252.541992188,-66.5954666138,-4.3788599968,14.8137121201,-58.3256797791,-40.6333885193,-61.4472198486,17.4514160156,-27.4403762817,6.70953941345],[-999.013000488,146.063949585,471.782073975,4.61152076721,-132.83001709,190.704727173,-135.871032715,134.585067749,-87.5059814453,51.3641548157,23.6400547028,-35.120349884,4.10812854767],[32.9028015137,-252.541992188,4.61152076721,270.913574219,145.867218018,-58.3576622009,58.3238067627,-29.3472862244,55.8660888672,16.2898769379,-16.6562767029,-4.94086313248,-17.0670681],[-195.222915649,-66.5954666138,-132.83001709,145.867218018,251.088012695,-49.0591087341,126.644042969,-57.3624420166,80.0507888794,-23.1501846313,7.27973079681,-1.61877202988,6.44779491425],[-504.691253662,-4.3788599968,190.704727173,-58.3576622009,-49.0591087341,253.98727417,-57.7025337219,128.241073608,-73.2580718994,30.9004592896,24.5518760681,-5.99756002426,10.4232988358],[-194.879669189,14.8137121201,-135.871032715,58.3238067627,126.644042969,-57.7025337219,206.151565552,-57.1807937622,75.0903396606,-38.5881156921,-1.13051974773,31.5820846558,-0.251800239086],[-344.163513184,-58.3256797791,134.585067749,-29.3472862244,-57.3624420166,128.241073608,-57.1807937622,163.278259277,-17.3794555664,39.0964584351,32.4465675354,1.21942794323,32.9860801697],[-130.877426147,-40.6333885193,-87.5059814453,55.8660888672,80.0507888794,-73.2580718994,75.0903396606,-17.3794555664,119.391685486,25.3621025085,11.0253629684,18.9147663116,-2.83642292023],[-77.7284393311,-61.4472198486,51.3641548157,16.2898769379,-23.1501846313,30.9004592896,-38.5881156921,39.0964584351,25.3621025085,75.9575195312,34.3428115845,0.718438208103,3.70419740677],[-237.530471802,17.4514160156,23.6400547028,-16.6562767029,7.27973079681,24.5518760681,-1.13051974773,32.4465675354,11.0253629684,34.3428115845,60.821105957,24.1183300018,17.3675022125],[-44.7207489014,-27.4403762817,-35.120349884,-4.94086313248,-1.61877202988,-5.99756002426,31.5820846558,1.21942794323,18.9147663116,0.718438208103,24.1183300018,56.970993042,26.7626533508],[-90.0463104248,6.70953941345,4.10812854767,-17.0670681,6.44779491425,10.4232988358,-0.251800239086,32.9860801697,-2.83642292023,3.70419740677,17.3675022125,26.7626533508,69.3621520996]],"icov":[[0.000205862714211,-0.000667794549372,0.00145971297752,-0.00145375938155,0.00089652108727,-0.000335576041834,0.000548125361092,-0.000407711428124,0.000627262343187,-0.000555905571673,0.000530308287125,-0.000127536171931,0.0000224208597501],[-0.000667794549372,0.0051681343466,-0.00792439840734,0.00935112778097,-0.00467701768503,0.00272158905864,-0.00302287936211,0.00340693164617,-0.00269441585988,0.00320072588511,-0.00279736449011,0.00193438306451,-0.000529049779288],[0.00145971297752,-0.00792439840734,0.0204411577433,-0.0222847256809,0.0179054941982,-0.0116929952055,0.00677817640826,-0.0015084737679,-0.00119936885312,0.00414556078613,-0.00685422681272,0.00930776447058,-0.00534329656512],[-0.00145375938155,0.00935112778097,-0.0222847256809,0.0355155877769,-0.0306110288948,0.0192207340151,-0.00835391506553,-0.00474293669686,0.0111556416377,-0.019259121269,0.0213457383215,-0.0201912540942,0.0133798709139],[0.00089652108727,-0.00467701768503,0.0179054941982,-0.0306110288948,0.0404187813401,-0.02352412045,0.00379915279336,0.014697054401,-0.0249949414283,0.0332175008953,-0.0360455811024,0.0365887843072,-0.0220621153712],[-0.000335576041834,0.00272158905864,-0.0116929952055,0.0192207340151,-0.02352412045,0.024600783363,-0.00582395447418,-0.015621194616,0.0226026792079,-0.0253817345947,0.0239347759634,-0.0239038392901,0.0161304883659],[0.000548125361092,-0.00302287936211,0.00677817640826,-0.00835391506553,0.00379915279336,-0.00582395447418,0.0133695490658,0.00160235981457,-0.00724005838856,0.00890307035297,-0.00354930385947,-0.00123499927577,-0.00105077924673],[-0.000407711428124,0.00340693164617,-0.0015084737679,-0.00474293669686,0.014697054401,-0.015621194616,0.00160235981457,0.0257868114859,-0.0212719645351,0.0217876117676,-0.0249454062432,0.0230701006949,-0.0179014634341],[0.000627262343187,-0.00269441585988,-0.00119936885312,0.0111556416377,-0.0249949414283,0.0226026792079,-0.00724005838856,-0.0212719645351,0.0464632324874,-0.0455619171262,0.0368663184345,-0.0350053757429,0.0215164348483],[-0.000555905571673,0.00320072588511,0.00414556078613,-0.019259121269,0.0332175008953,-0.0253817345947,0.00890307035297,0.0217876117676,-0.0455619171262,0.0730431824923,-0.059308193624,0.0454873368144,-0.0240830201656],[0.000530308287125,-0.00279736449011,-0.00685422681272,0.0213457383215,-0.0360455811024,0.0239347759634,-0.00354930385947,-0.0249454062432,0.0368663184345,-0.059308193624,0.077323153615,-0.0552004538476,0.0248339977115],[-0.000127536171931,0.00193438306451,0.00930776447058,-0.0201912540942,0.0365887843072,-0.0239038392901,-0.00123499927577,0.0230701006949,-0.0350053757429,0.0454873368144,-0.0552004538476,0.071631193161,-0.0343342870474],[0.0000224208597501,-0.000529049779288,-0.00534329656512,0.0133798709139,-0.0220621153712,0.0161304883659,-0.00105077924673,-0.0179014634341,0.0215164348483,-0.0240830201656,0.0248339977115,-0.0343342870474,0.0354377478361]],"mean":[-68.4797897339,120.223495483,-64.7778701782,26.8581047058,-13.2707290649,0.0943714603782,-4.05089426041,-6.01362895966,-7.80939292908,-5.52143001556,-10.797164917,0.629035830498,-5.55197000504]},"hfc":{"dmean":8.69996356964,"dmean2":13.1466341019,"dvar":167.616851807,"dvar2":384.048065186,"max":174.534210205,"mean":20.438249588,"median":13.8193626404,"min":1.07768173933e-16,"var":419.609527588},"melbands":{"dmean":[0.00546722393483,0.00262807263061,0.00167827261612,0.000819040171336,0.000395829294575,0.000130825428641,0.0000584379558859,0.0000556153427169,0.0000437454800704,0.0000346734195773,0.0000336917219101,0.0000240271729126,0.0000177363763214,0.00000976040246314,0.00000927846485865,0.00000788901070337,0.00000820397144707,0.0000071718086474,0.00000701921362634,0.0000070526334639,0.00000608346226727,0.0000043743657443,0.00000403096146329,0.0000036530655052,0.00000249904837801,0.00000215999057218,0.00000199955752578,0.00000138812015393,0.00000103697595932,9.8477426036e-7,7.75726675784e-7,5.62694083328e-7,3.50303423602e-7,1.90656095356e-7,1.08732720605e-7,7.14458536777e-8,5.21758529715e-8,4.2637733344e-8,3.75250479578e-8,3.32057688013e-8],"dmean2":[0.00924606155604,0.00427039852366,0.00260999426246,0.00125096237753,0.000607497349847,0.000203048475669,0.0000926756838453,0.0000882842141436,0.0000704783960828,0.000055503060139,0.0000523042981513,0.0000376222960767,0.0000288616101898,0.0000159497431014,0.000015058196368,0.0000128500614665,0.0000137763972816,0.0000116696101031,0.0000113444511953,0.0000110822011266,0.00000940131849347,0.0000067621931521,0.00000612815802015,0.00000557024713999,0.00000371644819097,0.0000031747608773,0.00000292005779556,0.00000198690736397,0.0000014729968143,0.00000142426438288,0.00000114472686619,8.80883987975e-7,5.42565373962e-7,2.94472442874e-7,1.72422346623e-7,1.154450473e-7,8.75358026065e-8,7.22360340433e-8,6.35670573956e-8,5.62421753614e-8],"dvar":[0.0000649435751257,0.0000122004430523,0.0000105360177258,0.00000426810629506,0.00000113057819817,1.37647404586e-7,1.53037280626e-8,2.15058424402e-8,1.58464334987e-8,8.4124227584e-9,9.6080512435e-9,3.05667957612e-9,1.57989432648e-9,3.24898774551e-10,3.67626568076e-10,3.07964348467e-10,3.19021725703e-10,3.1578584192e-10,4.60381677225e-10,8.77243944153e-10,4.65565114238e-10,2.19390783318e-10,2.84492512881e-10,3.39380440417e-10,1.46222589592e-10,9.16359349512e-11,8.0102376121e-11,3.78221759467e-11,1.77016595826e-11,1.51388537123e-11,6.73277883098e-12,3.6434848194e-12,1.30401624828e-12,2.62855844946e-13,5.66443457894e-14,1.6725321147e-14,8.94630015549e-15,5.77628655018e-15,4.48080598504e-15,3.50827240116e-15],"dvar2":[0.000175899345777,0.0000312027514155,0.0000231438916671,0.00000930139776756,0.00000239966084337,3.30537147875e-7,3.41209975829e-8,4.6405787657e-8,3.70213939505e-8,1.9882605784e-8,2.15167457185e-8,6.73756828107e-9,3.93033960933e-9,8.27446444696e-10,9.1035284866e-10,7.5438821856e-10,8.28720703172e-10,7.63756058397e-10,1.11596987207e-9,2.17421791682e-9,1.04869235518e-9,4.93409091362e-10,6.04537975235e-10,7.16475212492e-10,2.99103353196e-10,1.79897680086e-10,1.54877638492e-10,6.78532854903e-11,2.90742326048e-11,2.81635409438e-11,1.33159169455e-11,7.62353982026e-12,2.87179741792e-12,5.11809128065e-13,1.10308673816e-13,3.46478522143e-14,2.24303336863e-14,1.46370122376e-14,1.1353809196e-14,8.88845288739e-15],"max":[0.0902423858643,0.0454851686954,0.0688873529434,0.0600237436593,0.0269654523581,0.0155035052449,0.00420414982364,0.00665204087272,0.00442321319133,0.00329407025129,0.00537793710828,0.00176642509177,0.00132470543031,0.000389713473851,0.000675800663885,0.000671153713483,0.0003884890466,0.0008025347488,0.000688397092745,0.00158356211614,0.000761114060879,0.000513244012836,0.00069138163235,0.000585896836128,0.000779907102697,0.0003925669007,0.000397109426558,0.000280827225652,0.000148566992721,0.000164420780493,0.000105164923298,0.0000625789543847,0.0000409879248764,0.0000247581629083,0.0000169845425262,0.00000881450796442,0.00000418890476794,0.00000148105687003,0.00000130626233386,0.00000115705859116],"mean":[0.00796893984079,0.00430563557893,0.0025505728554,0.00125401071273,0.000570625183173,0.000188236037502,0.0000861878943397,0.0000747957237763,0.0000543432506674,0.0000448148348369,0.0000455098415841,0.0000323227468471,0.0000225892181334,0.0000128559950099,0.0000118633925013,0.0000101840623756,0.00000928321787796,0.00000881649066287,0.00000869512950885,0.000008889423043,0.00000780678146839,0.0000057666320572,0.00000550925960852,0.00000499422458233,0.00000351502080775,0.0000030029334539,0.0000027563560252,0.00000196092423721,0.00000150597020365,0.0000013793086282,0.00000108069366433,7.32980367957e-7,4.48208680837e-7,2.47178775226e-7,1.33367365152e-7,8.14947398453e-8,5.15155669234e-8,3.8884593323e-8,3.42147856713e-8,3.03069960239e-8],"median":[0.00559451617301,0.00286842114292,0.000959193217568,0.000267135736067,0.000138404488098,0.0000602581494604,0.0000323047715938,0.0000231906305999,0.0000147597456817,0.0000133774901769,0.0000143731795106,0.0000115887469292,0.00000914671363716,0.00000562981495023,0.00000435611491412,0.00000374736896447,0.00000314457020067,0.00000253332200373,0.00000197692315851,0.00000166961149262,0.00000156020621489,0.00000116116837034,0.00000102619355857,8.14490590528e-7,6.34833611457e-7,4.89632554945e-7,3.92979359276e-7,2.91093357419e-7,2.45890163342e-7,2.28146063819e-7,1.99735836759e-7,1.43335739722e-7,1.0320269439e-7,7.00672018183e-8,4.48588579616e-8,3.1596051997e-8,1.8658244727e-8,1.17944765066e-8,1.03504884663e-8,9.21728116055e-9],"min":[2.1399987895e-24,5.71451628603e-25,1.7507065824e-24,2.58336504508e-24,2.67148238591e-24,1.87361998612e-24,1.37021392148e-24,2.02458488919e-24,1.92024225726e-24,2.27292540191e-24,2.85991818199e-24,2.83129061695e-24,2.24473624632e-24,4.65915174019e-24,4.86716371127e-24,4.0909474575e-24,4.92262221063e-24,5.02634400903e-24,2.35016040655e-24,4.16730091008e-24,5.41466039519e-24,4.75098895462e-24,4.48716586335e-24,5.87262649397e-24,4.35264180761e-24,4.18167592793e-24,5.65321429952e-24,4.62967082487e-24,5.27240471373e-24,3.54267729546e-24,5.70712347606e-24,6.15881536963e-24,6.05858230858e-24,6.47387576555e-24,5.66978195625e-24,6.51378226659e-24,6.58887196401e-24,7.52570936998e-24,6.70274443011e-24,7.40414432676e-24],"var":[0.000075800853665,0.0000207785578823,0.0000208529909287,0.00000989075306279,0.00000232555703406,2.49811080266e-7,3.34681971026e-8,3.94118231384e-8,2.43924755949e-8,1.41450771096e-8,1.51390366909e-8,5.10582198743e-9,1.8272855451e-9,4.28556745646e-10,5.06000352729e-10,4.10463441014e-10,3.44780010098e-10,4.52689330466e-10,6.29322594037e-10,1.14136577967e-9,6.97051694143e-10,3.49031553659e-10,4.4781173214e-10,5.5545806843e-10,2.69678057663e-10,1.85786067086e-10,1.76678616182e-10,8.31124405409e-11,3.90400420325e-11,3.01643120204e-11,1.33566655999e-11,6.45054799506e-12,2.27352815393e-12,6.16608977419e-13,1.3374568922e-13,3.30766162615e-14,1.07216541079e-14,5.65191797308e-15,4.38449283322e-15,3.43443251574e-15]},"melbands_crest":{"dmean":4.63638401031,"dmean2":7.72850370407,"dvar":15.3107557297,"dvar2":40.2007331848,"max":39.0899276733,"mean":22.0006122589,"median":21.19190979,"min":1.00037145615,"var":48.1823577881},"melbands_flatness_db":{"dmean":0.0555081963539,"dmean2":0.0878894850612,"dvar":0.00204563140869,"dvar2":0.00521862180904,"max":0.689270138741,"mean":0.362574696541,"median":0.361377537251,"min":-2.50230584697e-7,"var":0.00665002595633},"melbands_kurtosis":{"dmean":40.3799324036,"dmean2":66.3763580322,"dvar":5232.04882812,"dvar2":14908.9697266,"max":1432.96240234,"mean":73.2028579712,"median":44.7041931152,"min":-1.86457324028,"var":10010.2714844},"melbands_skewness":{"dmean":1.66940057278,"dmean2":2.67540645599,"dvar":3.01841187477,"dvar2":7.81461238861,"max":30.3581523895,"mean":5.66790485382,"median":5.10291290283,"min":-1.87413370609,"var":10.0814256668},"melbands_spread":{"dmean":3.13342165947,"dmean2":4.84555482864,"dvar":62.034362793,"dvar2":118.410461426,"max":155.263427734,"mean":6.15491008759,"median":3.08686637878,"min":0.136077165604,"var":188.144195557},"mfcc":{"cov":[[8394.39257812,452.126556396,-830.420532227,466.672607422,-331.180084229,69.4666595459,-388.078155518,-170.529022217,-162.415328979,-115.404663086,-72.0499420166,-146.189224243,-184.698822021],[452.126556396,1178.47741699,161.922515869,-160.752502441,-70.0662231445,-33.9605903625,18.8623752594,-16.7297096252,-39.4395103455,-82.7858963013,-11.1151351929,-27.4653587341,-47.9354324341],[-830.420532227,161.922515869,638.491271973,-240.86491394,97.1752243042,-100.473014832,89.4607162476,-43.0293273926,-16.1838989258,-1.40755331516,18.8807373047,34.6173324585,-16.1979656219],[466.672607422,-160.752502441,-240.86491394,416.574737549,-5.31468629837,99.5735931396,-70.8246002197,9.24529743195,22.0006313324,19.5033435822,17.7124423981,-19.4588985443,-5.40238952637],[-331.180084229,-70.0662231445,97.1752243042,-5.31468629837,168.105789185,3.21186089516,50.0339775085,-8.46607875824,18.8963069916,24.7768039703,16.1169452667,21.5850429535,12.4090414047],[69.4666595459,-33.9605903625,-100.473014832,99.5735931396,3.21186089516,128.968460083,16.379365921,28.9152069092,6.82202148438,11.3280162811,7.55066394806,-5.47578525543,0.757201194763],[-388.078155518,18.8623752594,89.4607162476,-70.8246002197,50.0339775085,16.379365921,126.397041321,42.4915161133,17.5941181183,-0.0774738639593,-6.54050064087,9.2728729248,10.9191131592],[-170.529022217,-16.7297096252,-43.0293273926,9.24529743195,-8.46607875824,28.9152069092,42.4915161133,93.4685287476,32.8661727905,9.29870128632,-13.0448722839,-0.529351294041,21.7653045654],[-162.415328979,-39.4395103455,-16.1838989258,22.0006313324,18.8963069916,6.82202148438,17.5941181183,32.8661727905,66.1242675781,22.097278595,0.129433080554,0.769358336926,12.5085506439],[-115.404663086,-82.7858963013,-1.40755331516,19.5033435822,24.7768039703,11.3280162811,-0.0774738639593,9.29870128632,22.097278595,63.5199584961,25.2154979706,15.6182146072,17.8490848541],[-72.0499420166,-11.1151351929,18.8807373047,17.7124423981,16.1169452667,7.55066394806,-6.54050064087,-13.0448722839,0.129433080554,25.2154979706,53.6920967102,24.6832370758,2.25447845459],[-146.189224243,-27.4653587341,34.6173324585,-19.4588985443,21.5850429535,-5.47578525543,9.2728729248,-0.529351294041,0.769358336926,15.6182146072,24.6832370758,47.9063186646,27.4124336243],[-184.698822021,-47.9354324341,-16.1979656219,-5.40238952637,12.4090414047,0.757201194763,10.9191131592,21.7653045654,12.5085506439,17.8490848541,2.25447845459,27.4124336243,60.6963119507]],"icov":[[0.000180784059921,-0.0000910658418434,0.000203567746212,-0.000117014860734,0.0000868237329996,0.0000232278962358,0.000214363375562,0.000187419165741,0.000261206558207,-0.000129433828988,0.000352718343493,-0.000170148836332,0.000446281192126],[-0.0000910658418434,0.00109074858483,-0.000350538524799,0.000385266088415,0.000332132301992,-0.00020125984156,-0.0000782283168519,-0.000232122154557,-0.000174092900124,0.00138640357181,-0.00102289789356,0.000738055561669,-0.000110183646029],[0.000203567746212,-0.000350538524799,0.00295985676348,0.000677652307786,-0.000920712249354,0.00148798990995,-0.00137030193582,0.0010737356497,0.00060808256967,-0.000710097723641,0.0000465050397906,-0.00152471044566,0.0019943616353],[-0.000117014860734,0.000385266088415,0.000677652307786,0.00429683364928,-0.000969242013525,-0.00261011091061,0.00236159749329,-0.000419518124545,-0.00146180787124,0.000849519041367,-0.00206064688973,0.00170367804822,-0.000173668537172],[0.0000868237329996,0.000332132301992,-0.000920712249354,-0.000969242013525,0.00883146561682,-0.000272846664302,-0.00387397385202,0.00356279453263,-0.00197293120436,-0.00196120538749,0.00036890807678,-0.00177437905222,-0.000417299335822],[0.0000232278962358,-0.00020125984156,0.00148798990995,-0.00261011091061,-0.000272846664302,0.0120323030278,-0.00368346925825,-0.00237541063689,0.00251560541801,-0.00172242999543,-0.00195223058108,0.00086437369464,0.00116687163245],[0.000214363375562,-0.0000782283168519,-0.00137030193582,0.00236159749329,-0.00387397385202,-0.00368346925825,0.0153036471456,-0.00659989984706,-0.000943433551583,0.0026132168714,0.00110288860742,-0.00096066610422,0.000705448794179],[0.000187419165741,-0.000232122154557,0.0010737356497,-0.000419518124545,0.00356279453263,-0.00237541063689,-0.00659989984706,0.0196955967695,-0.00667504733428,-0.00187057151925,0.00427168374881,0.000018366779841,-0.0041792220436],[0.000261206558207,-0.000174092900124,0.00060808256967,-0.00146180787124,-0.00197293120436,0.00251560541801,-0.000943433551583,-0.00667504733428,0.0224225632846,-0.00680874008685,0.00121808750555,0.00220024725422,-0.0000327734305756],[-0.000129433828988,0.00138640357181,-0.000710097723641,0.000849519041367,-0.00196120538749,-0.00172242999543,0.0026132168714,-0.00187057151925,-0.00680874008685,0.0268910042942,-0.0129257142544,0.00293355574831,-0.00613922253251],[0.000352718343493,-0.00102289789356,0.0000465050397906,-0.00206064688973,0.00036890807678,-0.00195223058108,0.00110288860742,0.00427168374881,0.00121808750555,-0.0129257142544,0.0362807512283,-0.0212120823562,0.0100957388058],[-0.000170148836332,0.000738055561669,-0.00152471044566,0.00170367804822,-0.00177437905222,0.00086437369464,-0.00096066610422,0.000018366779841,0.00220024725422,0.00293355574831,-0.0212120823562,0.0454552173615,-0.0207292009145],[0.000446281192126,-0.000110183646029,0.0019943616353,-0.000173668537172,-0.000417299335822,0.00116687163245,0.000705448794179,-0.0041792220436,-0.0000327734305756,-0.00613922253251,0.0100957388058,-0.0207292009145,0.0305048655719]],"mean":[-731.077941895,166.8543396,13.8958816528,45.0458488464,12.9735898972,22.6947174072,9.46278572083,13.2654533386,8.08598709106,2.54197597504,2.24067497253,-0.0140305766836,0.643694341183]},"pitch_salience":{"dmean":0.106413275003,"dmean2":0.176131755114,"dvar":0.00751419505104,"dvar2":0.0200938005,"max":0.996088504791,"mean":0.461978822947,"median":0.477989971638,"min":0.0472946017981,"var":0.0222445242107},"silence_rate_20dB":{"dmean":0,"dmean2":0,"dvar":0,"dvar2":0,"max":1,"mean":1,"median":1,"min":1,"var":0},"silence_rate_30dB":{"dmean":0.0965569391847,"dmean2":0.193128496408,"dvar":0.0872348323464,"dvar2":0.190970793366,"max":1,"mean":0.880145251751,"median":1,"min":0,"var":0.105494447052},"silence_rate_60dB":{"dmean":0.0160423759371,"dmean2":0.0320871807635,"dvar":0.0157856270671,"dvar2":0.0374160930514,"max":1,"mean":0.0513771176338,"median":0,"min":0,"var":0.0487333014607},"spectral_centroid":{"dmean":199.850601196,"dmean2":297.234985352,"dvar":103870.203125,"dvar2":162346.921875,"max":11410.0634766,"mean":639.604431152,"median":443.448547363,"min":109.128120422,"var":537794.8125},"spectral_complexity":{"dmean":3.54294371605,"dmean2":5.25518369675,"dvar":17.40574646,"dvar2":33.3519363403,"max":56,"mean":10.0752878189,"median":8,"min":0,"var":61.6693077087},"spectral_contrast_coeffs":{"dmean":[0.0570776723325,0.0474689565599,0.0368831343949,0.0315058678389,0.0267541967332,0.0484116710722],"dmean2":[0.0929736867547,0.0780744478106,0.060275234282,0.0508030466735,0.0429572872818,0.0784750282764],"dvar":[0.00204141600989,0.00140813947655,0.000886973633897,0.000726216181647,0.000536722247489,0.00241913693026],"dvar2":[0.00523080164567,0.00373732368462,0.00226612738334,0.00172887195367,0.0013229039032,0.00570586603135],"max":[-0.315652787685,-0.503368139267,-0.580780029297,-0.555316329002,-0.604511380196,-0.380796551704],"mean":[-0.700656890869,-0.804889082909,-0.837776839733,-0.851960718632,-0.856545746326,-0.780777871609],"median":[-0.708019793034,-0.809877753258,-0.842730760574,-0.85567843914,-0.854508042336,-0.805418550968],"min":[-0.973580181599,-0.982774615288,-0.994076669216,-0.984416782856,-0.978510856628,-0.96422201395],"var":[0.00793097075075,0.00424237316474,0.00269263633527,0.0023967360612,0.00164908485021,0.00641183415428]},"spectral_contrast_valleys":{"dmean":[0.430585533381,0.539717435837,0.485705524683,0.498981177807,0.500018537045,0.858212828636],"dmean2":[0.697516143322,0.859896540642,0.758881986141,0.779121041298,0.770220637321,1.4111276865],"dvar":[0.152335956693,0.234496727586,0.207072526217,0.236768886447,0.253030508757,0.53548014164],"dvar2":[0.337460696697,0.546176254749,0.458903998137,0.523518741131,0.568166613579,1.38017129898],"max":[-4.68578672409,-4.7770075798,-5.60703992844,-5.85206747055,-5.28663825989,-8.61187744141],"mean":[-6.52535390854,-7.07586622238,-7.64224338531,-8.16909408569,-8.29822444916,-11.2896881104],"median":[-6.32462453842,-6.90420913696,-7.47155952454,-8.00673484802,-8.15355873108,-11.111073494],"min":[-27.9272136688,-27.7850723267,-27.5454654694,-27.691368103,-27.5344753265,-27.4221401215],"var":[1.87309420109,1.99251174927,1.85632002354,1.87341928482,1.98490047455,1.84254825115]},"spectral_decrease":{"dmean":6.87735557392e-9,"dmean2":1.10539275511e-8,"dvar":8.2518909251e-17,"dvar2":2.02829344879e-16,"max":1.6478215682e-23,"mean":-1.38499745006e-8,"median":-1.06514423948e-8,"min":-1.08037426116e-7,"var":1.52179593665e-16},"spectral_energy":{"dmean":0.0263337977231,"dmean2":0.0422669388354,"dvar":0.00120954588056,"dvar2":0.00296817254275,"max":0.413301944733,"mean":0.0541266873479,"median":0.0417347028852,"min":1.0024564685e-20,"var":0.00227500544861},"spectral_energyband_high":{"dmean":0.000114660710096,"dmean2":0.000161546922754,"dvar":1.12000478225e-7,"dvar2":1.66467472695e-7,"max":0.0113362008706,"mean":0.00017930381,"median":0.0000447201091447,"min":7.21666939956e-21,"var":3.07393207777e-7},"spectral_energyband_low":{"dmean":0.0219934824854,"dmean2":0.036080814898,"dvar":0.000888862006832,"dvar2":0.00229006959125,"max":0.371004164219,"mean":0.038994256407,"median":0.0299705527723,"min":2.65424368465e-23,"var":0.00129365618341},"spectral_energyband_middle_high":{"dmean":0.000767016084865,"dmean2":0.00112880964298,"dvar":0.0000022100514343,"dvar2":0.00000436218670075,"max":0.0405871383846,"mean":0.00128970795777,"median":0.000554865691811,"min":1.34389122026e-21,"var":0.00000517439275427},"spectral_energyband_middle_low":{"dmean":0.00692642107606,"dmean2":0.010567962192,"dvar":0.000179965078132,"dvar2":0.00038829841651,"max":0.330726087093,"mean":0.0127878636122,"median":0.00443044677377,"min":2.13166422949e-22,"var":0.000491954560857},"spectral_entropy":{"dmean":0.338913530111,"dmean2":0.536722362041,"dvar":0.100846521556,"dvar2":0.248254284263,"max":9.82120132446,"mean":7.20740652084,"median":7.2768497467,"min":4.88942146301,"var":0.278551071882},"spectral_flux":{"dmean":0.0414558984339,"dmean2":0.0677969530225,"dvar":0.0021279421635,"dvar2":0.00505365943536,"max":0.531937360764,"mean":0.118466719985,"median":0.106972277164,"min":6.2737433304e-11,"var":0.00484795030206},"spectral_kurtosis":{"dmean":4.1792140007,"dmean2":6.93269824982,"dvar":29.6567611694,"dvar2":79.2410888672,"max":87.7403640747,"mean":11.132771492,"median":9.35936737061,"min":-1.27029693127,"var":39.6155662537},"spectral_rms":{"dmean":0.00165857048705,"dmean2":0.00260990788229,"dvar":0.00000296686562251,"dvar2":0.00000684562473907,"max":0.0200803745538,"mean":0.0065685310401,"median":0.00638097058982,"min":3.12730917551e-12,"var":0.00000966117931966},"spectral_rolloff":{"dmean":269.717376709,"dmean2":486.542938232,"dvar":2516002,"dvar2":6919063.5,"max":22006.9335938,"mean":440.020874023,"median":150.732421875,"min":43.06640625,"var":2895416.5},"spectral_skewness":{"dmean":0.403805315495,"dmean2":0.644798636436,"dvar":0.193832933903,"dvar2":0.496750175953,"max":7.28705644608,"mean":2.36016011238,"median":2.23264360428,"min":-0.0536671578884,"var":0.435566395521},"spectral_spread":{"dmean":797097.625,"dmean2":1302189,"dvar":860541222912,"dvar2":1863602536450,"max":45679460,"mean":3998859.75,"median":3877913.25,"min":936478.3125,"var":3671119364100},"spectral_strongpeak":{"dmean":0.260559231043,"dmean2":0.444238603115,"dvar":0.135921210051,"dvar2":0.330441683531,"max":7.36472702026,"mean":0.351945996284,"median":0.21531149745,"min":0,"var":0.237103417516},"zerocrossingrate":{"dmean":0.0201330017298,"dmean2":0.026947664097,"dvar":0.000424775789725,"dvar2":0.000688382482622,"max":0.5234375,"mean":0.0633912533522,"median":0.052734375,"min":0.0029296875,"var":0.00216750265099}},"metadata":{"audio_properties":{"analysis_sample_rate":44100,"bit_rate":320000,"codec":"mp3","downmix":"mix","equal_loudness":0,"length":306.834289551,"lossless":false,"md5_encoded":"6b0d31e8831789746a806c9664e3df36","replay_gain":-0.512811660767,"sample_rate":44100},"tags":{"album":["Shangri-La"],"artist":["Mark Knopfler"],"date":["2004-09-27"],"file_name":"08 - Mark Knopfler - Song for Sonny Liston.mp3","musicbrainz_albumid":["1f1dd167-40a5-49d4-b768-cf69887d72a1"],"musicbrainz_artistid":["e49f69da-17d5-4c5c-bac0-dadcb0e588f5"],"musicbrainz_recordingid":["7c06a132-e2e0-4e4c-9cda-e3de714384a9"],"title":["Song for Sonny Liston"],"tracknumber":["08/14"]},"version":{"essentia":"2.1-beta1","essentia_build_sha":"ca57ba49d9b1854bd80e60cf9ccf267278fb7d6b","essentia_git_sha":"v2.1_beta1-28-g21ef5f4-dirty","extractor":"music 1.0"}},"rhythm":{"beats_count":459,"beats_loudness":{"dmean":0.0433565750718,"dmean2":0.0736466571689,"dvar":0.00142442400102,"dvar2":0.00443452131003,"max":0.258877009153,"mean":0.0950465798378,"median":0.0892447307706,"min":7.99845866623e-12,"var":0.00220927176997},"beats_loudness_band_ratio":{"dmean":[0.107788868248,0.0908592790365,0.020994104445,0.00963644031435,0.00912893563509,0.0200879257172],"dmean2":[0.190015211701,0.162371650338,0.0380633249879,0.0177842788398,0.017713541165,0.0394312813878],"dvar":[0.0128004383296,0.0136935347691,0.00079271895811,0.0000810058772913,0.000100734592706,0.000296269223327],"dvar2":[0.0336215347052,0.0356259420514,0.00222588260658,0.000247114716331,0.000300944870105,0.000966587336734],"max":[0.991602480412,0.656306445599,0.313622921705,0.0571768470109,0.118648536503,0.0986684560776],"mean":[0.865131676197,0.091222345829,0.0209937486798,0.0108005302027,0.00829387735575,0.0204132758081],"median":[0.900173485279,0.0452089048922,0.0138125680387,0.00827851239592,0.00596819072962,0.0158645808697],"min":[0,0,0,0,0,0],"var":[0.0149128669873,0.0137448953465,0.00070213759318,0.0000814714003354,0.0000793207873357,0.00026004228