{"lowlevel":{"average_loudness":0.870570063591,"barkbands":{"dmean":[0.0000932895491133,0.00179038336501,0.00211217417382,0.00106247351505,0.00219514220953,0.000694741378538,0.00161954213399,0.000635149015579,0.000962996156886,0.000400451914174,0.000337761477567,0.000192275372683,0.000375431962311,0.000357874436304,0.000205000455026,0.000158463779371,0.000176090354216,0.000107727224531,0.0000943194754655,0.000115976057714,0.0000767988531152,0.0000777846071287,0.0000902222673176,0.000102293444797,0.000112670437375,0.0000766761222621,0.00000460726096208],"dmean2":[0.000161063260748,0.00263626524247,0.00306388037279,0.00166606029961,0.00341311050579,0.00104917562567,0.00237884465605,0.000960344390478,0.00146860827226,0.000615144672338,0.000537042331416,0.000307255191728,0.000585445784964,0.000560406013392,0.000329481350491,0.000251534511335,0.000276894454146,0.00017373287119,0.000150093634147,0.000179365757504,0.000120246986626,0.000116046503535,0.000132935500005,0.000152443695697,0.000178244576091,0.000103394202597,0.00000800851194072],"dvar":[4.73790002786e-8,0.0000104864466266,0.0000130285734485,0.00000500734267916,0.000012702847016,0.00000281464099317,0.0000153365726874,0.0000029163227282,0.00000522236086908,0.0000017693701011,7.94094432877e-7,2.83492880726e-7,0.00000109281438654,0.00000112038412681,2.25527315934e-7,1.68766362663e-7,1.85358089766e-7,6.89872123871e-8,5.39019495704e-8,1.01573760958e-7,7.26840738707e-8,4.31211688579e-8,4.86180091741e-8,5.07634823066e-8,7.0399259755e-8,2.9774053445e-8,2.83552958891e-10],"dvar2":[1.3065739779e-7,0.0000234675590036,0.0000288553510472,0.0000119624082799,0.0000324577595165,0.00000638519804852,0.0000308103553834,0.0000060896290961,0.0000119960241136,0.0000033866067497,0.0000019921974399,6.5040097752e-7,0.00000241430029746,0.00000224605605581,5.06023582147e-7,4.07600794006e-7,4.09147105529e-7,1.71423778283e-7,1.20198734521e-7,2.19231850451e-7,1.709776285e-7,8.73992007655e-8,1.07710178554e-7,1.24375475252e-7,1.83776805329e-7,6.69268018783e-8,8.09092959297e-10],"max":[0.00542017258704,0.0660425201058,0.0615982934833,0.0374091602862,0.0454318784177,0.0397080145776,0.0958038792014,0.0436043441296,0.0425565615296,0.0614004842937,0.0207389518619,0.0158731732517,0.0338725745678,0.0577257610857,0.0211863536388,0.00768632208928,0.0160705186427,0.00703832693398,0.00661541940644,0.010940133594,0.0126246847212,0.00562384305522,0.00448869448155,0.00462746573612,0.00228168186732,0.00151079811621,0.000270675693173],"mean":[0.000195069282199,0.00609150948003,0.00685005495325,0.00229533808306,0.00506823416799,0.00154745543841,0.00348025863059,0.00109721824992,0.00217482959852,0.000773281673901,0.000579942250624,0.000309242983349,0.000611747265793,0.000557584455237,0.000316867430229,0.000218072091229,0.000314487610012,0.000175662193215,0.000189168262295,0.000208007651963,0.000115521790576,0.00013369624503,0.000148522303789,0.000146984602907,0.000136344053317,0.00010006793309,0.00000401085344492],"median":[0.0000380424644391,0.00248251506127,0.00273566925898,0.00067226291867,0.00302852876484,0.000490227364935,0.000931719550863,0.0002289157419,0.000474474451039,0.000196707085706,0.000119124779303,0.0000959099124884,0.000154339548317,0.000172394371475,0.000110126959044,0.0000678820579196,0.0000944278945099,0.0000687780920998,0.0000655503972666,0.0000555795195396,0.0000323165368172,0.0000303873111989,0.000027980444429,0.0000190947757801,0.000013563043467,0.00000637643961454,1.89199184319e-7],"min":[3.25907470028e-24,6.64762040777e-24,3.46927536595e-24,5.79949711591e-24,4.19745709034e-24,1.63269689584e-23,1.15966142385e-23,2.72127824448e-23,2.39236079678e-23,2.34529230646e-23,1.4731404692e-23,2.97085837322e-23,4.27633860547e-23,4.46345104793e-23,4.26913946085e-23,8.25234398037e-23,9.99046203877e-23,1.1884409156e-22,1.15355963208e-22,2.33637174113e-22,3.05726363345e-22,3.62923070377e-22,5.30566943193e-22,5.33304151695e-22,1.03392336008e-21,1.5267272162e-21,2.13539098511e-21],"var":[2.07420171705e-7,0.0000704012345523,0.0000777626555646,0.0000151109452418,0.0000328556452587,0.00000830812678032,0.0000520833491464,0.00000694514073984,0.0000185784519999,0.00000544536896996,0.00000174391664132,4.79788354824e-7,0.00000249501727012,0.00000240178474087,4.08087004189e-7,2.54173954772e-7,6.05818115673e-7,1.08322645076e-7,1.63623724347e-7,3.00636457951e-7,1.29739902377e-7,1.24225778109e-7,1.25117836092e-7,8.71533671898e-8,7.52054134523e-8,4.35402256471e-8,1.82250173286e-10]},"barkbands_crest":{"dmean":1.95785558224,"dmean2":3.04776740074,"dvar":3.96930336952,"dvar2":9.41994476318,"max":26.4907035828,"mean":10.738111496,"median":10.1884822845,"min":2.3218626976,"var":16.2563076019},"barkbands_flatness_db":{"dmean":0.0233820155263,"dmean2":0.0308609176427,"dvar":0.000708668783773,"dvar2":0.0011995730456,"max":0.520244002342,"mean":0.175216495991,"median":0.162112757564,"min":0.0141082787886,"var":0.00638302695006},"barkbands_kurtosis":{"dmean":4.75228643417,"dmean2":7.00084590912,"dvar":117.203720093,"dvar2":252.06086731,"max":268.808502197,"mean":10.1830101013,"median":4.00834274292,"min":-1.94541740417,"var":393.704071045},"barkbands_skewness":{"dmean":0.553802788258,"dmean2":0.818041265011,"dvar":0.493774265051,"dvar2":1.08503901958,"max":13.4757509232,"mean":2.13072967529,"median":1.80810201168,"min":-3.91791653633,"var":2.61600518227},"barkbands_spread":{"dmean":5.47982597351,"dmean2":7.70427322388,"dvar":68.3407592773,"dvar2":130.859024048,"max":123.455413818,"mean":18.639881134,"median":14.0176696777,"min":0.277948915958,"var":288.026519775},"dissonance":{"dmean":0.0232627131045,"dmean2":0.0377300307155,"dvar":0.000498014560435,"dvar2":0.00127095333301,"max":0.499936103821,"mean":0.440215170383,"median":0.449491202831,"min":0.151510342956,"var":0.00176677701529},"dynamic_complexity":3.6904861927,"erbbands":{"dmean":[0.0284605342895,0.500602245331,2.34074687958,2.7017416954,5.84844207764,8.30907058716,5.41576433182,5.77879571915,15.041437149,29.0055999756,12.4095697403,24.6704807281,12.2890901566,12.6667346954,10.7243480682,8.52232074738,17.3239040375,17.5599155426,12.613161087,9.18187046051,8.3923406601,8.58018398285,6.22957420349,4.03035020828,5.238240242,5.61579418182,3.54944491386,2.85115146637,2.580742836,3.10076117516,2.39246034622,2.24061346054,1.63124299049,1.22453904152,0.849661290646,0.508189976215,0.0954642668366,0.014018278569,0.000517150619999,0.0000194615040527],"dmean2":[0.0426498688757,0.73243689537,3.33942937851,4.20439004898,9.17059707642,13.0336484909,8.18986701965,8.75212574005,22.1770458221,42.4579658508,18.6996936798,37.4550323486,19.0578613281,19.2475605011,16.6704273224,13.7515687943,27.007604599,27.2144145966,20.3609657288,14.6432571411,13.1006479263,13.3124427795,9.99242305756,6.46047973633,8.08491516113,8.72421550751,5.58954000473,4.47384881973,3.87491607666,4.65489864349,3.43361735344,3.26321458817,2.49543237686,2.02386140823,1.28586423397,0.675838470459,0.134365364909,0.0224385280162,0.000858180050272,0.0000292199511023],"dvar":[0.00395879242569,0.830798566341,16.286195755,25.4222297668,136.151855469,195.145401001,157.219955444,244.242797852,1789.11877441,6148.90722656,1155.47973633,3687.47924805,1649.72888184,1544.26818848,1006.753479,422.634552002,2677.6015625,2832.85791016,911.960510254,446.785064697,526.7109375,433.374938965,195.845733643,93.8753128052,148.316253662,260.157958984,162.509750366,91.0301132202,54.0808677673,60.6713523865,30.8600902557,24.6795215607,15.4548244476,11.8099498749,3.2485537529,1.2646818161,0.0513634495437,0.00169465446379,0.00000311538337883,1.7402900232e-9],"dvar2":[0.0091757690534,1.83177089691,33.9268493652,62.9928665161,330.126312256,512.892272949,344.284301758,576.761108398,3577.44287109,12305.8632812,2316.38256836,8460.30273438,3746.90527344,2743.62304688,2453.19775391,1050.85449219,6179.35546875,5716.15380859,2056.24389648,1037.09802246,1259.50183105,926.077148438,477.013366699,228.410614014,323.995483398,579.915405273,378.855438232,217.060623169,116.431503296,134.615463257,63.2285385132,56.4627380371,40.485458374,32.7727737427,7.77732658386,2.75366973877,0.125761985779,0.00469025783241,0.0000087765401986,4.54376669623e-9],"max":[1.80483567715,18.3032512665,83.9373474121,91.0147628784,195.012954712,216.059768677,350.714233398,452.869598389,1014.83111572,2864.8762207,1213.94995117,1240.57312012,2360.35058594,2376.46191406,1312.90734863,426.908233643,1765.06469727,3176.30078125,1141.47521973,704.907836914,520.886413574,1076.21118164,377.510101318,336.74609375,338.501342773,538.000549316,713.942504883,280.506439209,215.436798096,174.153167725,138.11907959,163.829589844,47.7953224182,31.0150775909,16.0319061279,9.41121864319,2.69306659698,0.581595420837,0.0356784015894,0.000649192079436],"mean":[0.111699320376,1.63697969913,7.91863489151,7.26410341263,12.1379699707,19.4170341492,12.7144784927,12.7145223618,31.3222541809,60.2264671326,26.9617424011,55.8987159729,27.8214931488,23.7189731598,20.1974010468,15.0831031799,28.8108310699,30.6054019928,20.2394886017,13.9540548325,13.0943574905,16.2011070251,11.496222496,8.19369411469,10.6890134811,10.1044578552,5.51325130463,4.34119081497,4.32108068466,5.03025579453,4.12118387222,3.51840853691,2.13942742348,1.37092828751,1.07896792889,0.652378380299,0.121736802161,0.015881717205,0.000526938238181,0.0000557413914066],"median":[0.0472403243184,0.722096204758,3.13998246193,4.80391740799,6.02253913879,10.7183609009,5.91495609283,4.56543302536,9.11831474304,15.0444736481,9.39708900452,12.5667638779,9.15055942535,7.09483957291,5.69586372375,6.1864361763,8.11415481567,10.4524488449,6.50030899048,6.15812969208,4.05710792542,5.27515363693,4.82401704788,3.26501011848,3.81517457962,2.84389972687,1.53800785542,1.14268672466,0.994294703007,1.02031159401,0.782784283161,0.499462157488,0.264953285456,0.147019863129,0.0989689826965,0.0409410409629,0.00836999341846,0.00113969552331,0.000048773814342,0.0000451263003924],"min":[1.87487031487e-22,1.54729273165e-21,8.13282605013e-21,1.26137433999e-20,3.87483646039e-20,1.41029593082e-20,6.05163203569e-20,1.49952283721e-19,1.81868220475e-19,2.79704325744e-19,8.10828751108e-19,5.82756599759e-19,6.91926035848e-19,6.72810098687e-19,7.92441456669e-19,1.75986066761e-18,1.90818345722e-18,2.20921392088e-18,4.30798847663e-18,3.62943154064e-18,5.19779658772e-18,5.80816034042e-18,5.95850910215e-18,6.26693456048e-18,7.60451290794e-18,1.04277167345e-17,1.32365085933e-17,1.34896126259e-17,1.19979991863e-17,1.29805119102e-17,1.44500115032e-17,1.33177757798e-17,1.12559933614e-17,9.89788025523e-18,7.94197033782e-18,5.16360838582e-18,2.43375995637e-18,1.17338795895e-18,2.88058384642e-19,2.91799464058e-20],"var":[0.0366495922208,5.32003641129,120.558311462,78.7623443604,281.775482178,578.929504395,432.516540527,579.102722168,4567.54101562,23439.4492188,3560.68579102,13092.0087891,5416.78125,5091.96337891,1946.17199707,723.349609375,5364.12646484,6667.2734375,1793.29797363,711.185119629,964.910583496,1570.65527344,407.594482422,218.069320679,505.758666992,724.637207031,271.713470459,165.211395264,138.494949341,153.336227417,94.6744003296,58.997215271,18.6393642426,9.82332038879,4.4004406929,1.88606071472,0.0655036345124,0.00143830408342,0.00000224201630772,2.55032905905e-9]},"erbbands_crest":{"dmean":2.72170948982,"dmean2":4.21168279648,"dvar":7.58606100082,"dvar2":16.996881485,"max":33.3316116333,"mean":11.0099744797,"median":9.60704135895,"min":2.43540263176,"var":31.7019672394},"erbbands_flatness_db":{"dmean":0.0186120476574,"dmean2":0.0243528112769,"dvar":0.000388299231417,"dvar2":0.00065430405084,"max":0.523409068584,"mean":0.170127287507,"median":0.160961464047,"min":0.0371096469462,"var":0.00511802453548},"erbbands_kurtosis":{"dmean":1.47255647182,"dmean2":2.16536808014,"dvar":8.53998947144,"dvar2":17.2691936493,"max":68.2244033813,"mean":1.76739048958,"median":0.225744009018,"min":-1.91087257862,"var":27.7623004913},"erbbands_skewness":{"dmean":0.41210180521,"dmean2":0.594794332981,"dvar":0.218448400497,"dvar2":0.416282385588,"max":7.28317642212,"mean":0.76990634203,"median":0.642598927021,"min":-4.26502323151,"var":1.10441637039},"erbbands_spread":{"dmean":9.81709480286,"dmean2":13.8149929047,"dvar":177.427001953,"dvar2":315.143707275,"max":181.800216675,"mean":41.0270576477,"median":33.724407196,"min":0.64709854126,"var":775.833557129},"gfcc":{"cov":[[22745.2441406,-1332.31652832,665.841918945,1363.97814941,-795.613037109,1655.47412109,-279.669952393,741.612792969,-232.789962769,634.355285645,-224.979949951,422.444702148,-308.913757324],[-1332.31652832,2279.77880859,-1028.53491211,-560.40637207,224.920715332,-673.530517578,287.468200684,-206.183425903,159.473724365,-303.82333374,248.271331787,-256.948303223,99.1528320312],[665.841918945,-1028.53491211,1938.54174805,664.124816895,149.759857178,675.220458984,-198.270629883,77.0207901001,-103.826690674,181.679504395,-227.689605713,146.563827515,-121.930900574],[1363.97814941,-560.40637207,664.124816895,793.041748047,42.0836906433,328.705413818,-54.3878326416,24.7540187836,-11.2601194382,72.0043258667,-63.2623786926,77.259147644,16.305475235],[-795.613037109,224.920715332,149.759857178,42.0836906433,329.498138428,14.0718097687,40.8372077942,-1.71117448807,32.1802597046,-10.9729385376,1.65305948257,-30.3871517181,-4.34187746048],[1655.47412109,-673.530517578,675.220458984,328.705413818,14.0718097687,588.784362793,-8.52098274231,152.171508789,-40.3685836792,170.971221924,-67.3959732056,97.1293411255,-81.8383789062],[-279.669952393,287.468200684,-198.270629883,-54.3878326416,40.8372077942,-8.52098274231,240.398834229,46.6930503845,23.4538955688,-22.1709728241,77.4338760376,-38.9341545105,10.014752388],[741.612792969,-206.183425903,77.0207901001,24.7540187836,-1.71117448807,152.171508789,46.6930503845,199.345809937,22.3841400146,69.9907455444,-6.27672529221,43.3533363342,-41.6808357239],[-232.789962769,159.473724365,-103.826690674,-11.2601194382,32.1802597046,-40.3685836792,23.4538955688,22.3841400146,138.690948486,17.8614711761,16.657043457,-17.4276618958,21.0739841461],[634.355285645,-303.82333374,181.679504395,72.0043258667,-10.9729385376,170.971221924,-22.1709728241,69.9907455444,17.8614711761,169.10874939,-6.55675077438,41.3271217346,-34.8806533813],[-224.979949951,248.271331787,-227.689605713,-63.2623786926,1.65305948257,-67.3959732056,77.4338760376,-6.27672529221,16.657043457,-6.55675077438,135.234725952,-5.83393335342,11.2451343536],[422.444702148,-256.948303223,146.563827515,77.259147644,-30.3871517181,97.1293411255,-38.9341545105,43.3533363342,-17.4276618958,41.3271217346,-5.83393335342,124.498634338,16.4607372284],[-308.913757324,99.1528320312,-121.930900574,16.305475235,-4.34187746048,-81.8383789062,10.014752388,-41.6808357239,21.0739841461,-34.8806533813,11.2451343536,16.4607372284,121.289718628]],"icov":[[0.000133419496706,-0.000355067546479,0.000238509528572,-0.000365175190382,0.000379904347938,-0.000428078754339,0.000365763698937,-0.000416640803451,0.000486646662466,-0.000456543493783,0.000540133391041,-0.000341701117577,0.000250763405347],[-0.000355067546479,0.00238969735801,-0.00072093331255,0.00147154380102,-0.00167406070977,0.00157065561507,-0.0016791265225,0.00169970735442,-0.00248209759593,0.00260749575682,-0.00306506012566,0.00208042585291,-0.000874894263688],[0.000238509528572,-0.00072093331255,0.00184041436296,-0.00123787287157,0.0000401680299547,-0.00176252541132,0.00108452199493,-0.00021972336981,0.00131259486079,-0.00105264771264,0.00234711403027,-0.00142454705201,0.00130545673892],[-0.000365175190382,0.00147154380102,-0.00123787287157,0.0032377387397,-0.00121668411884,0.000400237884605,-0.00111000577454,0.00165051408112,-0.00216933875345,0.00206486159004,-0.00236702035181,0.00134695926681,-0.00191998120863],[0.000379904347938,-0.00167406070977,0.0000401680299547,-0.00121668411884,0.00500399200246,-0.00119090185035,0.000661491823848,-0.00147591566201,0.000911879644264,-0.0014840537915,0.00183807092253,-0.0005476117949,0.000672506110277],[-0.000428078754339,0.00157065561507,-0.00176252541132,0.000400237884605,-0.00119090185035,0.00650942046195,-0.00272226473317,-0.000185448385309,-0.000868328264914,-0.000783118302934,-0.00150825851597,0.000389850436477,0.000323216896504],[0.000365763698937,-0.0016791265225,0.00108452199493,-0.00111000577454,0.000661491823848,-0.00272226473317,0.00823982618749,-0.0038215497043,0.00205223215744,-0.000387664564187,-0.0014104063157,0.00135184859391,-0.000783794734161],[-0.000416640803451,0.00169970735442,-0.00021972336981,0.00165051408112,-0.00147591566201,-0.000185448385309,-0.0038215497043,0.0102115375921,-0.00397619931027,0.000790436402895,-0.000543061702047,-0.00191692519002,0.0019820148591],[0.000486646662466,-0.00248209759593,0.00131259486079,-0.00216933875345,0.000911879644264,-0.000868328264914,0.00205223215744,-0.00397619931027,0.0119148064405,-0.0051704053767,0.00310652563348,-0.000384329614462,-0.00100236793514],[-0.000456543493783,0.00260749575682,-0.00105264771264,0.00206486159004,-0.0014840537915,-0.000783118302934,-0.000387664564187,0.000790436402895,-0.0051704053767,0.0128464875743,-0.00513743143529,0.00151780922897,-0.0000449710787507],[0.000540133391041,-0.00306506012566,0.00234711403027,-0.00236702035181,0.00183807092253,-0.00150825851597,-0.0014104063157,-0.000543061702047,0.00310652563348,-0.00513743143529,0.0156656038016,-0.00557863898575,0.00282451696694],[-0.000341701117577,0.00208042585291,-0.00142454705201,0.00134695926681,-0.0005476117949,0.000389850436477,0.00135184859391,-0.00191692519002,-0.000384329614462,0.00151780922897,-0.00557863898575,0.0149155566469,-0.00571485189721],[0.000250763405347,-0.000874894263688,0.00130545673892,-0.00191998120863,0.000672506110277,0.000323216896504,-0.000783794734161,0.0019820148591,-0.00100236793514,-0.0000449710787507,0.00282451696694,-0.00571485189721,0.0128320120275]],"mean":[-34.5957603455,101.620277405,-99.6435928345,26.5425891876,-55.5888671875,10.642952919,-41.295501709,7.67620134354,-24.2254638672,1.5457239151,-18.0243244171,-5.64436006546,-16.663848877]},"hfc":{"dmean":6.76551198959,"dmean2":9.67204761505,"dvar":143.625549316,"dvar2":342.186584473,"max":141.035202026,"mean":20.5593776703,"median":16.1457271576,"min":1.1187529111e-16,"var":353.612640381},"melbands":{"dmean":[0.00036365527194,0.00100620009471,0.000524735252839,0.000527092255652,0.000220405549044,0.000131252891151,0.00025670210016,0.000274785095826,0.000116471514048,0.000142873017467,0.0000610107381362,0.000051867464208,0.0000463230280729,0.0000199819187401,0.0000326809094986,0.0000360357116733,0.0000345335029124,0.0000226342417591,0.0000129110403577,0.0000113576079457,0.000010526717233,0.00000941242160479,0.0000093290800578,0.00000465338553113,0.00000326119857164,0.00000429357260145,0.00000401669012717,0.0000038120276713,0.00000251247683991,0.00000190478124296,0.0000016865329826,0.00000139027918067,0.00000182427697837,0.00000182590042641,0.0000013465162283,0.00000157525857958,0.00000133770231514,0.00000115028763048,0.00000106503421193,0.00000108822121092],"dmean2":[0.000539172731806,0.00144214706961,0.000813254679088,0.000821401306894,0.000336442346452,0.000198164168978,0.000376510171918,0.000402717094403,0.000177585170604,0.000217187014641,0.0000950979301706,0.0000786343225627,0.0000727016740711,0.0000313798918796,0.0000520540124853,0.0000552547171537,0.0000537980959052,0.000036668847315,0.0000203622676054,0.0000183145439223,0.0000166207337315,0.0000146404190673,0.0000148498620547,0.00000763771822676,0.00000529818680661,0.00000680379207552,0.00000615989847574,0.00000603149283052,0.00000405182936447,0.00000301579188999,0.00000272518150268,0.00000212938539335,0.00000275402112493,0.00000281810730485,0.00000195041980078,0.00000235999414144,0.00000200055819732,0.00000176515470685,0.00000172535749243,0.00000182578855856],"dvar":[4.46918136277e-7,0.00000302455259771,8.43508416892e-7,7.912719866e-7,1.87222795489e-7,1.14336849322e-7,4.39045834355e-7,5.39032953384e-7,9.2176961175e-8,1.19603768667e-7,4.12311109699e-8,2.78572631629e-8,1.58541464401e-8,3.50680617878e-9,7.61940555094e-9,1.0847593046e-8,9.98003102382e-9,3.39059580412e-9,1.08901354601e-9,7.67296559623e-10,9.25997334367e-10,6.24946927541e-10,5.24490006981e-10,1.3270780308e-10,6.96946597656e-11,1.42633169165e-10,1.32355709725e-10,1.33829655691e-10,9.9140168297e-11,3.94021482109e-11,3.29582784675e-11,1.81316697767e-11,2.41768098597e-11,2.29764783588e-11,9.94339593302e-12,1.51448992236e-11,8.64709692738e-12,6.90661937364e-12,8.19983577566e-12,9.74256352676e-12],"dvar2":[0.00000104283037672,0.00000623099822405,0.00000202845717467,0.00000205080141313,4.27968018357e-7,2.61263380708e-7,8.6960437784e-7,0.00000108586550596,1.92841511648e-7,2.74683344514e-7,9.39948492373e-8,4.77369113128e-8,3.87164647009e-8,7.64635554873e-9,1.80634014413e-8,2.26524061731e-8,2.04381169766e-8,7.31640525942e-9,2.2077348838e-9,1.89103288584e-9,2.23331086957e-9,1.3035361679e-9,1.19940035681e-9,3.48250261961e-10,1.70425951129e-10,3.24589077838e-10,2.76123679477e-10,3.12114112333e-10,2.51450221755e-10,9.21389145536e-11,8.12131820127e-11,4.12542604245e-11,5.13829152837e-11,5.54966073096e-11,2.10266734579e-11,3.4647711783e-11,2.00732295369e-11,1.76044387401e-11,2.24440657032e-11,2.72534512319e-11],"max":[0.0146298538893,0.0371912382543,0.0139687070623,0.0119397286326,0.0108420532197,0.00930532906204,0.0157295279205,0.0269763283432,0.00958621595055,0.0068475631997,0.011849662289,0.0103424917907,0.00319654494524,0.00262430729344,0.00284185539931,0.0033622039482,0.00551339751109,0.00274750543758,0.00209269626066,0.000774512474891,0.000731034437194,0.00144904409535,0.000677011499647,0.000341221893905,0.000285521062324,0.000468311598524,0.000480428338051,0.00043604747043,0.000583340588491,0.000218150642468,0.000158048525918,0.000134435875225,0.000130438638735,0.0000975016737357,0.0000753404892748,0.0000889849980013,0.000100561766885,0.0000440060030087,0.0000304019013129,0.0000277957897197],"mean":[0.00129224709235,0.00351635273546,0.00142252480146,0.00121186871547,0.00054287299281,0.000286935945041,0.000546052586287,0.000561812659726,0.000248128431849,0.000322777807014,0.000127587540192,0.0000930643363972,0.0000827149706311,0.0000334067117365,0.000053474046581,0.0000604224696872,0.0000565986738366,0.0000334622636728,0.000020283201593,0.0000157880185725,0.0000154887420649,0.0000164949251484,0.0000161186853802,0.00000760701141189,0.00000601451574767,0.00000823405753181,0.00000751292782297,0.00000635730066278,0.00000358680995305,0.00000274257899946,0.00000242810619966,0.00000218683999265,0.00000298805844068,0.00000270002215075,0.00000226284055316,0.00000243640920417,0.00000204141315407,0.0000015309040009,0.00000123828681353,0.00000113630721899],"median":[0.000547085190192,0.00162059871946,0.000982546829619,0.000717541377526,0.000290763826342,0.0000934192794375,0.000157465765369,0.000142311735544,0.0000645550971967,0.0000710151216481,0.0000342955499946,0.0000242679634539,0.0000185798562597,0.0000113068899736,0.0000181594659807,0.0000159893206728,0.0000180139595614,0.0000097588999779,0.0000075303214544,0.00000594550010646,0.00000393017489841,0.00000481102506455,0.00000467703148388,0.0000027699391012,0.00000211927499549,0.00000248840228778,0.00000221537038669,0.00000151318727148,8.94694949238e-7,6.66364485369e-7,5.68266329992e-7,4.83887561131e-7,6.19813647518e-7,5.10717484303e-7,4.48453732815e-7,3.60219814866e-7,2.59008146486e-7,1.85552565313e-7,1.36703718567e-7,1.15417307711e-7],"min":[2.07812231503e-24,4.06049427111e-24,3.99571025256e-24,1.36265288691e-24,1.71975878023e-24,3.30117088198e-24,2.7661944067e-24,3.04754263462e-24,6.1061186723e-24,3.04013779452e-24,3.10325179453e-24,2.78859904248e-24,2.25060477981e-24,3.63773030137e-24,2.98205002176e-24,4.46160874217e-24,4.00666516395e-24,6.70677945364e-24,3.61544576966e-24,6.16119812399e-24,6.23583895955e-24,5.67005371883e-24,3.97054598412e-24,5.3889048755e-24,4.26764914482e-24,4.13156984981e-24,6.08611828733e-24,5.77899777642e-24,7.08539166737e-24,6.61642845315e-24,6.88164467277e-24,6.31040130345e-24,7.05928904888e-24,6.5089706095e-24,7.37125987107e-24,7.95233086955e-24,6.66758095526e-24,7.25061069536e-24,7.26535135024e-24,6.90237909281e-24],"var":[0.00000316999967254,0.000022860676836,0.00000262229104919,0.0000020070001483,5.69702535813e-7,3.05300034142e-7,0.00000122572896544,0.00000199817009161,2.97669117799e-7,4.21018626184e-7,1.35251596589e-7,9.37906818876e-8,3.50435129803e-8,6.49690257148e-9,1.54423904775e-8,2.49053453416e-8,2.24802914062e-8,6.72595046325e-9,2.02512628888e-9,1.00137964587e-9,1.6711516615e-9,2.13772399782e-9,1.32461208668e-9,2.06163836003e-10,1.51594306552e-10,4.7468845521e-10,4.4589718029e-10,3.04371389204e-10,1.34310493283e-10,7.21601459142e-11,5.53168726103e-11,3.92536593508e-11,6.43870304295e-11,4.50193701762e-11,2.87105755836e-11,3.6400157194e-11,1.8940097754e-11,9.12463420794e-12,7.60714321396e-12,7.54538445613e-12]},"melbands_crest":{"dmean":2.59317231178,"dmean2":4.05107975006,"dvar":6.86951398849,"dvar2":16.8393592834,"max":30.879196167,"mean":15.7397766113,"median":15.0397663116,"min":1.87565541267,"var":33.0783615112},"melbands_flatness_db":{"dmean":0.0265596210957,"dmean2":0.0355930626392,"dvar":0.000975796836428,"dvar2":0.00171068625059,"max":0.659073889256,"mean":0.251713454723,"median":0.239908397198,"min":0.00522741442546,"var":0.00840489007533},"melbands_kurtosis":{"dmean":12.1570281982,"dmean2":18.3402557373,"dvar":916.297424316,"dvar2":2270.86572266,"max":780.957397461,"mean":28.8890533447,"median":10.5338191986,"min":-1.85905647278,"var":3127.90795898},"melbands_skewness":{"dmean":0.775514364243,"dmean2":1.14623224735,"dvar":1.05361437798,"dvar2":2.37726688385,"max":20.9228668213,"mean":3.27079796791,"median":2.60178375244,"min":-2.46150326729,"var":6.36686038971},"melbands_spread":{"dmean":4.85380315781,"dmean2":7.32028007507,"dvar":74.8278045654,"dvar2":152.61958313,"max":235.468200684,"mean":16.8639564514,"median":12.4504508972,"min":0.293700873852,"var":344.825469971},"mfcc":{"cov":[[13634.9570312,-132.693511963,99.8660354614,393.855163574,-13.3856544495,537.827514648,355.702423096,399.797821045,145.561813354,349.353515625,236.686477661,360.598327637,170.482498169],[-132.693511963,1792.23913574,-581.488586426,-72.0773925781,-108.415328979,-223.702377319,4.9876999855,16.452173233,-91.5892410278,27.3187351227,54.5784378052,-54.9741706848,-18.9671592712],[99.8660354614,-581.488586426,1251.47375488,254.008132935,374.382720947,406.118164062,104.232841492,60.1369018555,107.004981995,-8.83545017242,-37.7854423523,51.6634864807,64.5607299805],[393.855163574,-72.0773925781,254.008132935,504.324584961,175.779159546,177.606323242,55.7178344727,55.2014274597,71.6145553589,-2.73319554329,-35.1078033447,32.5304756165,54.7250022888],[-13.3856544495,-108.415328979,374.382720947,175.779159546,387.716796875,195.979736328,31.7870159149,33.5229949951,72.2606735229,15.9534912109,-4.71376132965,13.5596876144,36.9695091248],[537.827514648,-223.702377319,406.118164062,177.606323242,195.979736328,346.438262939,120.256271362,52.1735115051,76.7339859009,51.9843444824,24.2070846558,54.5990943909,45.6993942261],[355.702423096,4.9876999855,104.232841492,55.7178344727,31.7870159149,120.256271362,240.362258911,91.4874649048,13.3885135651,51.4156494141,53.7925109863,36.122013092,13.136297226],[399.797821045,16.452173233,60.1369018555,55.2014274597,33.5229949951,52.1735115051,91.4874649048,162.954345703,43.8839378357,25.6773719788,38.2614173889,28.7457180023,24.3359203339],[145.561813354,-91.5892410278,107.004981995,71.6145553589,72.2606735229,76.7339859009,13.3885135651,43.8839378357,139.890731812,43.483581543,12.6006031036,19.4022197723,10.3633623123],[349.353515625,27.3187351227,-8.83545017242,-2.73319554329,15.9534912109,51.9843444824,51.4156494141,25.6773719788,43.483581543,143.237075806,76.7930526733,25.3127174377,4.63609313965],[236.686477661,54.5784378052,-37.7854423523,-35.1078033447,-4.71376132965,24.2070846558,53.7925109863,38.2614173889,12.6006031036,76.7930526733,148.393676758,46.263507843,3.52384901047],[360.598327637,-54.9741706848,51.6634864807,32.5304756165,13.5596876144,54.5990943909,36.122013092,28.7457180023,19.4022197723,25.3127174377,46.263507843,107.031784058,45.4793319702],[170.482498169,-18.9671592712,64.5607299805,54.7250022888,36.9695091248,45.6993942261,13.136297226,24.3359203339,10.3633623123,4.63609313965,3.52384901047,45.4793319702,109.317245483]],"icov":[[0.0000934433192015,0.00000192218317352,0.0000380803576263,-0.0000425294056186,0.0000809616176412,-0.000164742115885,0.0000526806143171,-0.000195640852326,0.0000809562552604,-0.000181470808457,0.0000658303542878,-0.000220130328671,0.0000215999752982],[0.00000192218317352,0.0007131829625,0.000301331281662,-0.000114814189146,-0.000218024739297,0.000293686636724,-0.000157278758707,-0.000163725911989,0.000343387247995,-0.000163047865499,-0.000227276002988,0.000368888082448,-0.000165214514709],[0.0000380803576263,0.000301331281662,0.00165498896968,0.0000152521570271,-0.000807459233329,-0.00135683419649,-0.000064975960413,-0.000212521495996,-0.0000293268785754,0.000447267870186,0.000337074307026,-0.000117973293527,-0.0000747127051],[-0.0000425294056186,-0.000114814189146,0.0000152521570271,0.00282854447141,-0.000669666565955,-0.000852128025144,-0.000159331786563,-0.00032160221599,-0.000704222533386,0.000437974085798,0.000974553637207,-0.000276624399703,-0.000573297904339],[0.0000809616176412,-0.000218024739297,-0.000807459233329,-0.000669666565955,0.00454266089946,-0.00162956805434,0.00074504915392,-0.000262168992776,-0.000727725913748,-0.0000742188494769,-0.000337875535479,0.000783164578024,-0.000480970105855],[-0.000164742115885,0.000293686636724,-0.00135683419649,-0.000852128025144,-0.00162956805434,0.00760124763474,-0.00256593292579,0.00124348246027,-0.0011522640707,-0.0010256342357,-0.000205830641789,-0.000724608777091,-0.000598434766289],[0.0000526806143171,-0.000157278758707,-0.000064975960413,-0.000159331786563,0.00074504915392,-0.00256593292579,0.0070167244412,-0.00350458035246,0.00190228607971,-0.00133640086278,-0.000602219835855,-0.000535216357093,0.000884818902705],[-0.000195640852326,-0.000163725911989,-0.000212521495996,-0.00032160221599,-0.000262168992776,0.00124348246027,-0.00350458035246,0.00959466863424,-0.00303079653531,0.00144049955998,-0.0017369693378,0.000355061114533,-0.00144826236647],[0.0000809562552604,0.000343387247995,-0.0000293268785754,-0.000704222533386,-0.000727725913748,-0.0011522640707,0.00190228607971,-0.00303079653531,0.0105108814314,-0.0035271756351,0.00103494210634,-0.00095767097082,0.000995310139842],[-0.000181470808457,-0.000163047865499,0.000447267870186,0.000437974085798,-0.0000742188494769,-0.0010256342357,-0.00133640086278,0.00144049955998,-0.0035271756351,0.011829411611,-0.00530139310285,0.00106829172,-0.000375765026547],[0.0000658303542878,-0.000227276002988,0.000337074307026,0.000974553637207,-0.000337875535479,-0.000205830641789,-0.000602219835855,-0.0017369693378,0.00103494210634,-0.00530139310285,0.0117935026065,-0.00465434649959,0.00151322432794],[-0.000220130328671,0.000368888082448,-0.000117973293527,-0.000276624399703,0.000783164578024,-0.000724608777091,-0.000535216357093,0.000355061114533,-0.00095767097082,0.00106829172,-0.00465434649959,0.0150008993223,-0.00540652871132],[0.0000215999752982,-0.000165214514709,-0.0000747127051,-0.000573297904339,-0.000480970105855,-0.000598434766289,0.000884818902705,-0.00144826236647,0.000995310139842,-0.000375765026547,0.00151322432794,-0.00540652871132,0.0121674519032]],"mean":[-676.700073242,129.828872681,14.8991518021,18.9727458954,8.13141822815,3.21888971329,-3.65038466454,0.78062069416,-4.78976726532,5.12191009521,-0.0646040663123,-2.13842892647,-3.31684160233]},"pitch_salience":{"dmean":0.0582701377571,"dmean2":0.090691819787,"dvar":0.00337736099027,"dvar2":0.00794760510325,"max":0.891855895519,"mean":0.508971393108,"median":0.511931836605,"min":0.0827117115259,"var":0.0142329307273},"silence_rate_20dB":{"dmean":0,"dmean2":0,"dvar":0,"dvar2":0,"max":1,"mean":1,"median":1,"min":1,"var":0},"silence_rate_30dB":{"dmean":0.00386803178117,"dmean2":0.00773694412783,"dvar":0.00385321234353,"dvar2":0.00904250796884,"max":1,"mean":0.99533611536,"median":1,"min":0,"var":0.00464227981865},"silence_rate_60dB":{"dmean":0.0116040958092,"dmean2":0.0232108309865,"dvar":0.0114713935181,"dvar2":0.0235790479928,"max":1,"mean":0.106700032949,"median":0,"min":0,"var":0.0953135788441},"spectral_centroid":{"dmean":200.586608887,"dmean2":297.227752686,"dvar":94232.8515625,"dvar2":191527.828125,"max":11436.5302734,"mean":980.904785156,"median":818.6484375,"min":110.996437073,"var":513785.21875},"spectral_complexity":{"dmean":2.86325359344,"dmean2":4.33177852631,"dvar":13.6133108139,"dvar2":28.0973091125,"max":50,"mean":14.3054256439,"median":14,"min":0,"var":75.3077316284},"spectral_contrast_coeffs":{"dmean":[0.0425882041454,0.0463012680411,0.0373654663563,0.0308916419744,0.0234008934349,0.0186923388392],"dmean2":[0.0693921372294,0.0737504884601,0.0600877404213,0.0495084859431,0.0368131957948,0.0287637338042],"dvar":[0.00144283601549,0.00161972362548,0.000986742321402,0.000628346228041,0.000421873352025,0.000322995387251],"dvar2":[0.003559847828,0.00367468455806,0.00235013151541,0.00156578305177,0.000970404129475,0.000709275365807],"max":[-0.275761693716,-0.34448710084,-0.410303890705,-0.501466751099,-0.542793512344,-0.535773813725],"mean":[-0.58840072155,-0.688513576984,-0.737709105015,-0.774342179298,-0.779805123806,-0.791630029678],"median":[-0.595413684845,-0.691763341427,-0.739033281803,-0.778155148029,-0.782819092274,-0.800777554512],"min":[-0.9768846035,-0.979389071465,-0.984309494495,-0.981406927109,-0.970104336739,-0.963462591171],"var":[0.0104147484526,0.00784648768604,0.00684529170394,0.00358520471491,0.00336042349227,0.00267764204182]},"spectral_contrast_valleys":{"dmean":[0.359410226345,0.371256440878,0.338681846857,0.352940618992,0.304278969765,0.375425845385],"dmean2":[0.581286728382,0.597616791725,0.531708955765,0.529004514217,0.427860319614,0.442911118269],"dvar":[0.123762980103,0.127089783549,0.112996779382,0.149043470621,0.121260285378,0.19443385303],"dvar2":[0.27767047286,0.279417544603,0.23060451448,0.278480798006,0.217421278358,0.299820274115],"max":[-5.40443658829,-4.87616729736,-5.26802158356,-5.63787269592,-5.72573947906,-7.73587036133],"mean":[-7.61778211594,-7.19598484039,-7.92986154556,-8.17036819458,-8.28522872925,-10.5551376343],"median":[-7.08618497849,-6.88762617111,-7.6152882576,-7.87823152542,-7.9347114563,-10.3145151138],"min":[-27.7695198059,-27.818572998,-27.4555454254,-27.5638828278,-27.3875160217,-27.3023662567],"var":[3.65968203545,2.38128399849,2.26343202591,2.22199869156,2.40299105644,3.67661976814]},"spectral_decrease":{"dmean":1.72773284568e-9,"dmean2":2.53122967031e-9,"dvar":4.98406717951e-18,"dvar2":1.03900692633e-17,"max":1.4196148787e-28,"mean":-8.47176107044e-9,"median":-7.68845076493e-9,"min":-3.96874391129e-8,"var":3.66913596189e-17},"spectral_energy":{"dmean":0.00685382075608,"dmean2":0.0100483670831,"dvar":0.0000789245750639,"dvar2":0.000165066623595,"max":0.157188713551,"mean":0.0338390916586,"median":0.0310489851981,"min":1.02748449815e-20,"var":0.000563403766137},"spectral_energyband_high":{"dmean":0.000521789072081,"dmean2":0.000752669351641,"dvar":0.00000134455501666,"dvar2":0.00000322989558299,"max":0.0242294482887,"mean":0.000876905571204,"median":0.000203272691579,"min":7.70840484771e-21,"var":0.0000026068353236},"spectral_energyband_low":{"dmean":0.0037259706296,"dmean2":0.00539004337043,"dvar":0.0000358975048584,"dvar2":0.0000777651148383,"max":0.116978794336,"mean":0.0142439128831,"median":0.00896865222603,"min":2.48273475312e-23,"var":0.000264407543},"spectral_energyband_middle_high":{"dmean":0.00143839919474,"dmean2":0.00218786299229,"dvar":0.00000744771978134,"dvar2":0.0000161639400176,"max":0.0810361430049,"mean":0.00399667071179,"median":0.00242267246358,"min":1.14532869526e-21,"var":0.000029149108741},"spectral_energyband_middle_low":{"dmean":0.00467286072671,"dmean2":0.00701005524024,"dvar":0.0000421746080974,"dvar2":0.0000920564270928,"max":0.134402438998,"mean":0.0159990806133,"median":0.013209794648,"min":2.54030124659e-22,"var":0.000188974037883},"spectral_entropy":{"dmean":0.223183199763,"dmean2":0.286242395639,"dvar":0.0662028491497,"dvar2":0.104684613645,"max":9.81140899658,"mean":7.24896001816,"median":7.27624797821,"min":4.26662254333,"var":0.484569340944},"spectral_flux":{"dmean":0.0210316628218,"dmean2":0.0310963634402,"dvar":0.000566509494092,"dvar2":0.00119338696823,"max":0.263876736164,"mean":0.0674975067377,"median":0.0608075633645,"min":6.45397901788e-11,"var":0.00185466837138},"spectral_kurtosis":{"dmean":2.76113986969,"dmean2":4.47048330307,"dvar":28.2403507233,"dvar2":81.5055389404,"max":131.002883911,"mean":6.92609500885,"median":4.67239904404,"min":-1.23603546619,"var":101.422393799},"spectral_rms":{"dmean":0.000573084224015,"dmean2":0.000826728704851,"dvar":4.7532310532e-7,"dvar2":9.23786899421e-7,"max":0.012383652851,"mean":0.00525840651244,"median":0.00550378905609,"min":3.16610800077e-12,"var":0.00000536286734132},"spectral_rolloff":{"dmean":403.532562256,"dmean2":684.316589355,"dvar":999137.75,"dvar2":2259118.75,"max":19315.2832031,"mean":1161.31640625,"median":667.529296875,"min":64.599609375,"var":2883424.75},"spectral_skewness":{"dmean":0.317874342203,"dmean2":0.483278602362,"dvar":0.15952770412,"dvar2":0.419187307358,"max":8.99860572815,"mean":1.8598357439,"median":1.74317240715,"min":-0.0489800274372,"var":0.717257261276},"spectral_spread":{"dmean":788051.125,"dmean2":1015313.5625,"dvar":1184492027900,"dvar2":1920561709060,"max":44578816,"mean":5261945.5,"median":4386591,"min":537361.625,"var":8328233091070},"spectral_strongpeak":{"dmean":0.409550487995,"dmean2":0.680576980114,"dvar":0.603165686131,"dvar2":1.48993754387,"max":13.9831027985,"mean":0.996685743332,"median":0.641699671745,"min":0,"var":1.47263586521},"zerocrossingrate":{"dmean":0.0119643900543,"dmean2":0.0124777555466,"dvar":0.000222012182348,"dvar2":0.000220150846872,"max":0.529296875,"mean":0.0541737787426,"median":0.041015625,"min":0.00439453125,"var":0.00201628194191}},"metadata":{"audio_properties":{"analysis_sample_rate":44100,"bit_rate":255473,"codec":"mp3","downmix":"mix","equal_loudness":0,"length":204.094696045,"lossless":false,"md5_encoded":"829712c2bdc4ef202e3e5026c73c04c6","replay_gain":-11.8135166168,"sample_rate":44100},"tags":{"album":["Songs of Experience"],"artist":["U2"],"date":["2017"],"discnumber":["1/1"],"encodedby":["LAME 3.98 (Max 0.9.1)"],"encodingtime":["2017-12-13T23:05:55"],"file_name":"06 - Summer of Love.mp3","genre":["Rock"],"isrc":["GBUM71704337"],"musicbrainz_albumartistid":["a3cb23fc-acd3-4ce0-8f36-1e5aa6a18432"],"musicbrainz_albumid":["0f36266f-e306-4005-81c8-d1689dbeff9b"],"musicbrainz_artistid":["a3cb23fc-acd3-4ce0-8f36-1e5aa6a18432"],"musicbrainz_recordingid":["7c155c31-380d-4816-b788-d34f59094883"],"taggingdate":["2017-12-13T23:05:55"],"title":["Summer of Love"],"tracknumber":["6/17"]},"version":{"essentia":"2.1-beta2","essentia_build_sha":"c0e182ba78c2de26e491b7b7a4a2c98c1ed34208","essentia_git_sha":"v2.1_beta2-2-gbb40004","extractor":"music 1.0"}},"rhythm":{"beats_count":406,"beats_loudness":{"dmean":0.0195007566363,"dmean2":0.0345395430923,"dvar":0.000283874484012,"dvar2":0.000904203800019,"max":0.109618514776,"mean":0.0385909490287,"median":0.0371843650937,"min":5.81548198486e-10,"var":0.000533534213901},"beats_loudness_band_ratio":{"dmean":[0.23631323874,0.145927920938,0.174690812826,0.0840182825923,0.0536951906979,0.0648174732924],"dmean2":[0.426337152719,0.256144613028,0.296571284533,0.153673008084,0.0964859202504,0.116447426379],"dvar":[0.0415052473545,0.0151140298694,0.0235019102693,0.0110542932525,0.00365246273577,0.00831137318164],"dvar2":[0.130892723799,0.0400202646852,0.0621973462403,0.0340984910727,0.00947626307607,0.0259285233915],"max":[0.92966157198,0.770141303539,0.935699343681,0.843931257725,0.44716373086,0.784408271313],"mea