{"lowlevel":{"average_loudness":0.168226599693,"barkbands":{"dmean":[0.000497783883475,0.00219452800229,0.00302325910889,0.00184639473446,0.00236383080482,0.000768253055867,0.00071099185152,0.000231465353863,0.000361168087693,0.000463319651317,0.000128923420561,0.000122613622807,0.0000959652461461,0.0000346479901054,0.0000142033122756,0.000014622789422,0.0000101350333352,0.00000434985167885,0.00000336987750416,0.0000028555409699,0.00000246872536991,0.00000208532378565,0.00000175690581727,0.00000169704458131,0.00000169995655597,0.00000196502742256,0.0000123536747196],"dmean2":[0.000773639709223,0.00369170075282,0.00526117486879,0.00295731588267,0.00337474932894,0.00124661892187,0.00115419039503,0.000376698648324,0.000590774288867,0.000638100318611,0.000198984649614,0.000178015980055,0.000140523145092,0.0000512132282893,0.0000218733803194,0.0000226167794608,0.0000160415074788,0.00000689778289598,0.00000552115716346,0.00000477600406157,0.00000414889245803,0.00000350702043761,0.00000296370603792,0.00000286098907054,0.00000286754880108,0.00000331398632625,0.0000194576114154],"dvar":[0.00000671812858855,0.000070804861025,0.0000921364116948,0.0000309462375299,0.000035488516005,0.00000367477082364,0.0000141201571751,0.00000186171837413,0.00000108468043436,0.00000303410024571,1.36462546152e-7,1.78626805791e-7,1.17191930826e-7,1.149659834e-8,1.83166704026e-9,4.16536050096e-9,3.26208549062e-9,1.615916706e-10,9.21174317381e-11,6.8251404528e-11,5.1562035891e-11,3.70802902272e-11,2.62618399249e-11,2.41260865452e-11,2.34077947997e-11,2.95454667676e-11,1.04065434048e-9],"dvar2":[0.0000123457948575,0.000188546429854,0.000291127624223,0.0000819811248221,0.0000734020504751,0.00000927304154175,0.0000296326488751,0.00000528335067429,0.00000286577846964,0.00000568891391595,3.03609738239e-7,3.52046896523e-7,2.06275245773e-7,2.43435795966e-8,3.93873467175e-9,7.14807502078e-9,7.32508897983e-9,3.46142170482e-10,2.10240158616e-10,1.68479979967e-10,1.26395893751e-10,9.07917144244e-11,6.42941672124e-11,5.90057377958e-11,5.74168282363e-11,7.47746586871e-11,2.67215516381e-9],"max":[0.13152487576,0.226521015167,0.148597076535,0.10892817378,0.172221139073,0.0472778491676,0.183393925428,0.0555101074278,0.0189720075577,0.0470808371902,0.00935160275549,0.0107888411731,0.00700786476955,0.00284883310087,0.00121733662672,0.00198462512344,0.00151278602425,0.000321405153954,0.000209191755857,0.000166230005561,0.000135364578455,0.000116207906103,0.0000977825984592,0.0000933830451686,0.0000902123720152,0.0000893548931344,0.000750187900849],"mean":[0.00128942006268,0.00453490251675,0.00445118173957,0.0034962433856,0.00563172064722,0.00147763825953,0.00135387154296,0.000376322859665,0.000741022464354,0.00108127307612,0.000236289110035,0.000246202020207,0.000189838945516,0.0000748444872443,0.0000249549721048,0.000024574022973,0.0000136191229103,0.00000531727164343,0.00000369549570678,0.00000282382598016,0.00000234870617533,0.00000197807321456,0.00000169368831848,0.00000167665962181,0.00000174852709733,0.00000214125884668,0.000027010224585],"median":[0.0000209312311199,0.000220332527533,0.000370438006939,0.000504430499859,0.00101708015427,0.000408563762903,0.000221493377467,0.0000539104657946,0.0000900467275642,0.000043685802666,0.0000248044179898,0.0000118105490401,0.0000116961973617,0.00000306420770357,0.00000159823946433,0.0000011813411902,9.04015109882e-7,5.3724238569e-7,3.99580983412e-7,3.23702749938e-7,2.95176221243e-7,2.55936868143e-7,2.30342578789e-7,2.50760194831e-7,2.95974814435e-7,4.35400892229e-7,0.00000394034441342],"min":[4.70500901347e-25,4.59262236688e-24,1.21689190201e-24,4.42923704607e-24,9.1648518905e-24,9.22980669744e-24,1.24794166446e-23,6.67591684844e-24,1.01519125204e-23,1.0141423037e-23,2.48524317303e-23,3.56667239315e-23,3.57917110534e-23,5.39189457944e-23,5.73701743895e-23,2.77389495131e-23,7.9036201286e-23,1.21641013677e-22,1.81125253251e-22,1.90510262021e-22,2.71893444406e-22,3.84558609377e-22,4.02302880548e-22,6.05615559888e-22,9.74258111642e-22,1.37770051123e-21,2.04499545185e-21],"var":[0.0000510340360051,0.000222566508455,0.000134474452352,0.0000646825283184,0.00017043222033,0.00000969551365415,0.0000410198335885,0.00000251100436799,0.00000247181901614,0.0000133558651214,3.27716833226e-7,5.83371786433e-7,3.5494483086e-7,5.04121366873e-8,5.22162402206e-9,9.6642924774e-9,4.93190199791e-9,2.81026674154e-10,1.38269881655e-10,7.2026475062e-11,5.09947223337e-11,3.64090355087e-11,2.59305788647e-11,2.41416123203e-11,2.39903600457e-11,3.10983044871e-11,3.42152017829e-9]},"barkbands_crest":{"dmean":2.26467680931,"dmean2":3.72119212151,"dvar":4.09612226486,"dvar2":12.0564851761,"max":25.8246936798,"mean":12.0707397461,"median":11.2814855576,"min":3.61650419235,"var":19.5888252258},"barkbands_flatness_db":{"dmean":0.0434118770063,"dmean2":0.0702027380466,"dvar":0.00127512123436,"dvar2":0.0037162641529,"max":0.489317476749,"mean":0.245176762342,"median":0.2404230088,"min":0.0547794885933,"var":0.00406317319721},"barkbands_kurtosis":{"dmean":13.0797767639,"dmean2":22.1170845032,"dvar":731.432006836,"dvar2":1964.29467773,"max":722.729187012,"mean":26.8817367554,"median":14.3198661804,"min":-1.77840471268,"var":1979.82714844},"barkbands_skewness":{"dmean":0.959692895412,"dmean2":1.63558340073,"dvar":1.47498071194,"dvar2":4.49937295914,"max":19.8678092957,"mean":2.85941076279,"median":2.54440760612,"min":-2.4593193531,"var":4.30664396286},"barkbands_spread":{"dmean":1.91907835007,"dmean2":3.22376561165,"dvar":17.6002731323,"dvar2":46.4477920532,"max":95.5403900146,"mean":6.30803155899,"median":5.09979486465,"min":0.247007995844,"var":44.4333877563},"dissonance":{"dmean":0.0473218075931,"dmean2":0.0807007625699,"dvar":0.00169169635046,"dvar2":0.00470557855442,"max":0.499999970198,"mean":0.405055433512,"median":0.41489982605,"min":0.149289742112,"var":0.00326910032891},"dynamic_complexity":7.9466958046,"erbbands":{"dmean":[0.0713567584753,0.513051211834,2.84843850136,4.81493473053,8.65048408508,6.37705183029,5.92190170288,6.51047801971,9.28729629517,10.9009141922,4.84471940994,8.70250034332,8.51335048676,14.5388650894,5.31026029587,4.4270529747,4.95938301086,1.71573340893,1.05067360401,0.948071599007,0.678094089031,0.448378950357,0.245510607958,0.192297652364,0.155410841107,0.132514595985,0.108644410968,0.091502726078,0.0758293792605,0.0616364665329,0.0487522557378,0.0373131707311,0.0273204352707,0.0189120341092,0.0121687911451,0.00713569438085,0.0037274195347,0.00167147943284,0.000703783705831,0.00146204116754],"dmean2":[0.109259940684,0.898345470428,5.01152896881,7.6956205368,13.2514724731,8.90860652924,9.18635749817,10.5714359283,15.4451503754,16.9216270447,7.62091159821,14.209692955,13.0036382675,19.0347881317,8.00881958008,6.37777090073,7.26606988907,2.55869054794,1.49939632416,1.44984686375,1.02829194069,0.716620743275,0.390021055937,0.312082976103,0.258782088757,0.221761539578,0.182490706444,0.153857469559,0.127680122852,0.103851094842,0.082210034132,0.0629223510623,0.0460816286504,0.0318894684315,0.0205280743539,0.012045936659,0.0062829866074,0.00281103746966,0.00113857467659,0.00193853746168],"dvar":[0.123444572091,3.42613744736,84.2858428955,240.917495728,506.623931885,257.678314209,228.619125366,315.340606689,1137.05114746,9485.484375,274.3855896,707.146240234,771.766174316,3757.13842773,257.142303467,206.952163696,310.089630127,29.2493972778,9.06492424011,11.145483017,12.1496973038,3.96654057503,0.517439305782,0.313823997974,0.195025071502,0.146890893579,0.0994619876146,0.071127846837,0.0490559600294,0.0323915779591,0.0201990250498,0.0117407748476,0.00622593378648,0.00293172686361,0.00118739984464,0.000397299183533,0.000106286701339,0.0000228035460168,0.00000436280060967,0.0000147776845552],"dvar2":[0.246932312846,10.4654073715,278.938201904,587.454040527,1208.48608398,497.661621094,487.97277832,764.776611328,3118.52563477,20691.4042969,598.589782715,1824.76940918,1723.48999023,6345.14648438,533.079406738,402.439788818,551.445922852,63.7485237122,15.6915969849,22.2381248474,20.3186817169,8.97951221466,1.11450350285,0.672398746014,0.469218313694,0.362504780293,0.244026660919,0.174247398973,0.120111517608,0.0793296098709,0.0494283027947,0.0287192650139,0.0152295883745,0.00717905722558,0.00291820173152,0.000986060127616,0.000270460848697,0.0000607927504461,0.0000116671026262,0.0000235373026953],"max":[14.920750618,38.4320297241,155.303146362,389.581848145,610.906005859,442.806030273,317.732543945,562.030273438,589.747558594,5120.62890625,516.172241211,555.347106934,631.628173828,1855.94812012,461.487731934,312.613525391,376.723205566,166.851470947,72.0636444092,72.2414474487,131.431243896,50.1976280212,17.5603866577,15.122590065,8.42547130585,7.59036302567,5.94229125977,5.08911705017,4.22942113876,3.43589377403,2.71180343628,2.0635778904,1.49755775928,1.01841306686,0.636570334435,0.353449314833,0.171306475997,0.102505199611,0.0629951059818,0.15008328855],"mean":[0.174840182066,0.884550571442,4.48229312897,9.04102420807,19.4438266754,15.5698518753,11.649641037,12.3044481277,16.2053585052,19.7462692261,9.36735534668,17.1922512054,18.9175033569,36.2868347168,11.8520965576,9.67117786407,10.0455198288,4.0617184639,2.13465118408,1.66785752773,1.09630012512,0.616862654686,0.304148972034,0.225118756294,0.162989616394,0.130413249135,0.104086920619,0.0868799164891,0.0719000399113,0.0589442513883,0.0471075884998,0.0365297459066,0.0272060222924,0.0192121919245,0.0126690072939,0.00764919351786,0.00410265428945,0.00194217066746,0.00139632378705,0.00566907273605],"median":[0.00475918781012,0.0604344569147,0.394820362329,1.41138398647,3.0734436512,2.23474979401,2.86706519127,2.96450710297,2.46336007118,2.80598902702,1.490701437,2.10286617279,1.55170178413,1.55155670643,1.08549547195,0.592729985714,0.633215904236,0.197435036302,0.133684381843,0.0811697021127,0.0645396485925,0.0493472665548,0.0303139258176,0.023927198723,0.0188733413815,0.0154533842579,0.0127775194123,0.011021210812,0.00928334798664,0.00768066570163,0.00640550209209,0.00530880829319,0.00424202065915,0.00313928630203,0.0022640270181,0.00147022109013,0.000852711789776,0.000458315276774,0.00042609279626,0.00172728230245],"min":[1.79333983638e-22,9.79726470193e-22,2.51800765875e-21,1.00488033388e-20,2.51158125703e-20,3.09470012959e-20,4.48198412195e-20,8.10335402496e-20,2.07835190587e-19,2.2254728279e-19,2.37077459882e-19,2.6655277439e-19,5.91145658737e-19,6.66681931119e-19,1.2550609809e-18,1.9251869819e-18,1.70125264647e-18,2.0858618528e-18,3.10316600004e-18,3.45485465877e-18,2.02877253526e-18,5.55578546758e-18,7.20792943506e-18,7.47019449289e-18,8.68091642161e-18,9.13672023609e-18,1.15543731248e-17,1.17326644612e-17,1.27432963628e-17,1.31177295932e-17,1.12566749582e-17,1.22950860664e-17,1.11134676603e-17,9.16768574232e-18,7.3816241288e-18,4.52177578749e-18,2.42677979277e-18,9.61612247946e-19,2.48891072445e-19,3.00722610293e-20],"var":[0.625574946404,6.12595415115,125.584327698,513.724609375,2098.25292969,1549.00756836,610.411071777,971.659973145,2234.36108398,23802.2851562,689.700317383,1507.8449707,2154.45581055,19061.2773438,857.917724609,753.145202637,953.317687988,148.044586182,32.53723526,29.5215415955,25.548500061,6.04132032394,0.908214271069,0.547186851501,0.227345600724,0.150473386049,0.098948083818,0.0701070949435,0.0481664836407,0.031885754317,0.0199718233198,0.011687525548,0.00625482201576,0.0029818539042,0.00122581061441,0.000416542374296,0.000112190566142,0.0000238217617152,0.00000822743186291,0.000113142188638]},"erbbands_crest":{"dmean":2.51493597031,"dmean2":4.09565830231,"dvar":6.08121061325,"dvar2":15.6099452972,"max":30.5838928223,"mean":12.3301525116,"median":11.0401687622,"min":2.82722520828,"var":28.4224205017},"erbbands_flatness_db":{"dmean":0.0408682189882,"dmean2":0.0656464472413,"dvar":0.00111967895646,"dvar2":0.00317808869295,"max":0.416822224855,"mean":0.216342508793,"median":0.214273661375,"min":0.0615331530571,"var":0.00304611888714},"erbbands_kurtosis":{"dmean":3.69904470444,"dmean2":6.1439743042,"dvar":62.0587844849,"dvar2":163.625350952,"max":187.679244995,"mean":6.61662149429,"median":2.09564495087,"min":-1.57375788689,"var":176.348587036},"erbbands_skewness":{"dmean":0.523363828659,"dmean2":0.837225675583,"dvar":0.309748440981,"dvar2":0.81375670433,"max":8.88476371765,"mean":1.07939898968,"median":0.748824417591,"min":-3.15855264664,"var":2.17382645607},"erbbands_spread":{"dmean":3.83484268188,"dmean2":6.40640211105,"dvar":21.721031189,"dvar2":58.3757019043,"max":106.410102844,"mean":15.1831169128,"median":14.4908485413,"min":0.87809830904,"var":77.5911483765},"gfcc":{"cov":[[28887.9804688,2866.27783203,-2169.28295898,-585.287536621,528.149780273,770.793762207,176.851608276,-320.679626465,-402.242645264,-562.560791016,-276.069610596,-320.863250732,15.0047636032],[2866.27783203,1329.8338623,13.3021879196,-368.242492676,236.166702271,158.633773804,180.695480347,-91.2794494629,35.408203125,-130.163421631,7.27303791046,-111.666107178,2.04597806931],[-2169.28295898,13.3021879196,693.762756348,113.658691406,-104.81526947,-88.0196151733,40.5102119446,28.6451034546,16.1279430389,19.6988677979,-2.39485025406,-8.25382804871,-43.36353302],[-585.287536621,-368.242492676,113.658691406,449.080322266,-63.1674537659,0.0782649368048,-38.4453430176,71.4782943726,-41.1114311218,45.5959777832,-29.9219398499,17.4674606323,-43.2680168152],[528.149780273,236.166702271,-104.81526947,-63.1674537659,308.820281982,204.340637207,108.254943848,-20.6158351898,14.7153091431,-37.8653869629,4.89346933365,-18.4122581482,14.9465093613],[770.793762207,158.633773804,-88.0196151733,0.0782649368048,204.340637207,298.361480713,178.24446106,53.2267532349,1.95278775692,-6.33663463593,-9.23297595978,-12.186126709,-9.66457653046],[176.851608276,180.695480347,40.5102119446,-38.4453430176,108.254943848,178.24446106,212.231552124,90.7865371704,41.1289520264,-8.96385669708,9.477394104,-20.2641830444,-2.5455186367],[-320.679626465,-91.2794494629,28.6451034546,71.4782943726,-20.6158351898,53.2267532349,90.7865371704,144.888885498,72.3580627441,58.7537231445,3.52805829048,15.2677116394,-8.54295158386],[-402.242645264,35.408203125,16.1279430389,-41.1114311218,14.7153091431,1.95278775692,41.1289520264,72.3580627441,112.191375732,70.8334121704,41.1279602051,11.22560215,8.90707206726],[-562.560791016,-130.163421631,19.6988677979,45.5959777832,-37.8653869629,-6.33663463593,-8.96385669708,58.7537231445,70.8334121704,107.143447876,52.4180603027,36.1294517517,-6.35823822021],[-276.069610596,7.27303791046,-2.39485025406,-29.9219398499,4.89346933365,-9.23297595978,9.477394104,3.52805829048,41.1279602051,52.4180603027,70.0128555298,36.1096229553,14.1231107712],[-320.863250732,-111.666107178,-8.25382804871,17.4674606323,-18.4122581482,-12.186126709,-20.2641830444,15.2677116394,11.22560215,36.1294517517,36.1096229553,59.9848365784,31.5386123657],[15.0047636032,2.04597806931,-43.36353302,-43.2680168152,14.9465093613,-9.66457653046,-2.5455186367,-8.54295158386,8.90707206726,-6.35823822021,14.1231107712,31.5386123657,56.3514289856]],"icov":[[0.0000814404702396,-0.000233963437495,0.000248988217209,-0.0000660257064737,0.00017336543533,-0.000225309457164,0.000228247765335,-0.00022809272923,0.000324364635162,0.0000479950904264,-0.0000374018927687,0.000196069551748,-0.000127395411255],[-0.000233963437495,0.00246403855272,-0.00143987068441,0.000925313215703,0.000157400296303,-0.0024314711336,0.00249705743045,-0.00103560590651,-0.00289284205064,0.00551797123626,-0.00630407826975,0.00514564476907,-0.00114773923997],[0.000248988217209,-0.00143987068441,0.00427599763498,-0.00187488459051,0.000104127997474,0.0065274881199,-0.0118587585166,0.0105349291116,-0.00254241470248,-0.00742459110916,0.0148987621069,-0.0134190805256,0.00733063928783],[-0.0000660257064737,0.000925313215703,-0.00187488459051,0.00514335371554,-0.00158617878333,-0.0022850392852,0.00724729523063,-0.0104877492413,0.00814954470843,-0.000239765344304,-0.00711976271123,0.00818734336644,-0.00285641406663],[0.00017336543533,0.000157400296303,0.000104127997474,-0.00158617878333,0.0121103050187,-0.0134231084958,0.00732220010832,0.00262714643031,-0.0123086171225,0.0159560926259,-0.0103889917955,0.00459326338023,-0.00219596456736],[-0.000225309457164,-0.0024314711336,0.0065274881199,-0.0022850392852,-0.0134231084958,0.0402101427317,-0.0503074489534,0.0327228307724,0.00599552039057,-0.0451081804931,0.0601348914206,-0.0470506735146,0.0217862259597],[0.000228247765335,0.00249705743045,-0.0118587585166,0.00724729523063,0.00732220010832,-0.0503074489534,0.0908861830831,-0.079285800457,0.0156885869801,0.063019707799,-0.106623962522,0.089999653399,-0.0412139743567],[-0.00022809272923,-0.00103560590651,0.0105349291116,-0.0104877492413,0.00262714643031,0.0327228307724,-0.079285800457,0.0968927592039,-0.0449011474848,-0.0432457998395,0.103233359754,-0.0940831527114,0.0451762787998],[0.000324364635162,-0.00289284205064,-0.00254241470248,0.00814954470843,-0.0123086171225,0.00599552039057,0.0156885869801,-0.0449011474848,0.0662095397711,-0.0310805942863,-0.0265025533736,0.0462083332241,-0.0306774582714],[0.0000479950904264,0.00551797123626,-0.00742459110916,-0.000239765344304,0.0159560926259,-0.0451081804931,0.063019707799,-0.0432457998395,-0.0310805942863,0.101062454283,-0.0912464484572,0.0401497110724,-0.00507484935224],[-0.0000374018927687,-0.00630407826975,0.0148987621069,-0.00711976271123,-0.0103889917955,0.0601348914206,-0.106623962522,0.103233359754,-0.0265025533736,-0.0912464484572,0.171881720424,-0.134069830179,0.0559913218021],[0.000196069551748,0.00514564476907,-0.0134190805256,0.00818734336644,0.00459326338023,-0.0470506735146,0.089999653399,-0.0940831527114,0.0462083332241,0.0401497110724,-0.134069830179,0.160730838776,-0.0828939601779],[-0.000127395411255,-0.00114773923997,0.00733063928783,-0.00285641406663,-0.00219596456736,0.0217862259597,-0.0412139743567,0.0451762787998,-0.0306774582714,-0.00507484935224,0.0559913218021,-0.0828939601779,0.0672125518322]],"mean":[-171.301742554,133.287185669,-37.5731086731,-27.9237270355,-37.4263801575,-9.78898239136,-16.7808551788,-15.6565103531,-13.9753274918,-14.9426593781,-7.7481842041,-10.1994600296,-3.76764321327]},"hfc":{"dmean":26.4640197754,"dmean2":37.9244194031,"dvar":3308.6262207,"dvar2":6421.62744141,"max":1975.82751465,"mean":101.303329468,"median":36.4645652771,"min":1.06951687111e-16,"var":26726.3242188},"melbands":{"dmean":[0.000588477938436,0.00119606044609,0.000895374221727,0.000570073607378,0.000208111625398,0.000153085915372,0.00013750565995,0.000102619218524,0.0000424063655373,0.0000541553854418,0.0000433509267168,0.0000640565631329,0.0000190955142898,0.000014923191884,0.00001261986381,0.00000744978251532,0.00000296094822261,0.00000194998278857,0.0000011694787645,0.00000112090867788,8.68021231781e-7,5.75589581331e-7,2.53842785014e-7,1.8189338391e-7,1.57036396331e-7,1.1795232524e-7,1.05956701191e-7,8.38435028072e-8,6.93465267432e-8,5.94936224729e-8,5.08745365835e-8,4.37421121546e-8,3.77727928935e-8,3.2788623372e-8,2.85259655897e-8,2.49559004573e-8,2.19458229367e-8,1.9396516393e-8,1.7264227381e-8,1.54917838557e-8],"dmean2":[0.000943666615058,0.00209001498297,0.00143031287007,0.000822113244794,0.000320567254676,0.000249652657658,0.000225693249376,0.000160590207088,0.0000681208039168,0.0000883895772859,0.0000668481370667,0.0000848147683428,0.0000295998070214,0.0000226270676649,0.0000177296515176,0.0000114283238872,0.00000452266567663,0.00000280119957097,0.00000179899984687,0.00000172674208443,0.00000132269690312,9.15403404633e-7,3.94435147655e-7,2.99823113892e-7,2.53386730265e-7,1.96888706228e-7,1.77278508318e-7,1.40482498523e-7,1.16459247579e-7,9.98888864956e-8,8.55874660033e-8,7.36292520287e-8,6.36380548258e-8,5.52561267853e-8,4.80986628304e-8,4.20990993177e-8,3.70063624189e-8,3.27131175482e-8,2.91069852665e-8,2.61256527523e-8],"dvar":[0.00000661921239953,0.0000151179747263,0.00000646300895824,0.00000230856630878,2.79211405996e-7,1.78682000751e-7,2.60534108065e-7,8.33995045468e-7,1.57708317516e-8,2.56966075085e-8,2.16301572209e-8,7.19576149777e-8,3.06754621704e-9,3.02404346009e-9,2.33281594042e-9,6.40015873632e-10,9.5318995752e-11,3.64404478814e-11,1.26827558872e-11,1.80870630972e-11,2.51338706792e-11,9.48974579473e-12,5.8009798137e-13,2.677013884e-13,2.28057563069e-13,1.08209400912e-13,9.66832882743e-14,5.98445717894e-14,4.0416197407e-14,2.99342155067e-14,2.20240712739e-14,1.63247169146e-14,1.21769608963e-14,9.16159814299e-15,6.9201211127e-15,5.276773857e-15,4.05300691283e-15,3.14411684351e-15,2.46573683814e-15,1.9612361797e-15],"dvar2":[0.0000150036685227,0.0000496943430335,0.0000162858523254,0.00000482254608869,5.97208043018e-7,4.50725565315e-7,6.67801089094e-7,0.0000018756851432,3.45671367086e-8,6.7166368467e-8,4.90807003928e-8,1.23665060414e-7,6.57706067386e-9,6.79786404945e-9,3.796757575e-9,1.24481491781e-9,2.0905874254e-10,6.23947143952e-11,2.68663737091e-11,3.35299114862e-11,4.31630078901e-11,2.16534689484e-11,1.22441000481e-12,6.22836417857e-13,4.67445689361e-13,2.63919718328e-13,2.37436291331e-13,1.47484089286e-13,9.92482463401e-14,7.32474925982e-14,5.3960084827e-14,3.99770413171e-14,2.9814007979e-14,2.24388734725e-14,1.69345704723e-14,1.29080926313e-14,9.91427416102e-15,7.691211627e-15,6.03401580614e-15,4.80409347354e-15],"max":[0.0986770316958,0.0720184594393,0.0582642778754,0.0438881032169,0.0105894012377,0.0121695920825,0.0142624303699,0.0475569777191,0.00400873972103,0.00331259705126,0.00307391234674,0.00808402244002,0.00127267302014,0.00153783685528,0.00164225255139,0.000548019015696,0.000321276515024,0.000158379494678,0.0000914199699764,0.0000898952712305,0.000190036051208,0.0000810800556792,0.0000195185166376,0.00000923403331399,0.0000152284419528,0.00000584475174037,0.0000062060230448,0.00000477832963952,0.00000379837342734,0.00000328293594976,0.00000283008830593,0.00000243951240009,0.00000210769985642,0.00000182696567208,0.0000015877523083,0.00000138512723424,0.00000121133723496,0.00000106488869278,9.39393714816e-7,8.3095193304e-7],"mean":[0.00142761692405,0.00195687985979,0.00191022723448,0.00135896669235,0.000439120136434,0.000291151372949,0.000248784199357,0.000182147574378,0.0000775431617512,0.000108234751679,0.0000929358793655,0.000155897520017,0.000037962989154,0.000030221632187,0.0000246742438321,0.0000152341763169,0.00000675972341924,0.00000366927929463,0.00000208453525374,0.00000189743946066,0.00000130799469389,7.70125893723e-7,3.14022685188e-7,2.11249442827e-7,1.83481418503e-7,1.22798553548e-7,1.07794214443e-7,8.12881779666e-8,6.64935839723e-8,5.6701640716e-8,4.81226294369e-8,4.13853733505e-8,3.5961843281e-8,3.14158192793e-8,2.75091593949e-8,2.42707116627e-8,2.15353530564e-8,1.9250565586e-8,1.73458687414e-8,1.57796620215e-8],"median":[0.0000548939315195,0.000159816525411,0.000318767037243,0.000231196841924,0.000100386663689,0.0000692155954312,0.0000405474747822,0.0000255966751865,0.0000101424438981,0.0000127204275486,0.00000705065576767,0.00000588976854488,0.00000392558558815,0.00000151211690991,0.00000142056592267,9.31185070385e-7,2.8529109386e-7,2.16069295789e-7,1.20495755596e-7,8.63791527195e-8,7.17527228744e-8,5.36211395286e-8,3.10028873685e-8,2.30102141785e-8,1.85863093805e-8,1.42198626207e-8,1.18402727622e-8,9.66436086713e-9,8.08046252132e-9,6.95842805598e-9,5.9705791422e-9,5.2954289842e-9,4.6178874058e-9,4.11849043758e-9,3.71871067273e-9,3.43012618309e-9,3.15455461752e-9,2.9424740422e-9,2.73790079497e-9,2.59506749423e-9],"min":[1.49163677251e-24,1.87289028978e-24,2.42581571724e-24,2.2431804154e-24,2.10017906316e-24,1.74062513724e-24,3.30636572826e-24,3.21683514311e-24,1.50675894024e-24,1.67419456877e-24,2.69658295384e-24,2.65220045602e-24,3.48492044985e-24,4.34585129294e-24,4.58148720077e-24,3.49866753441e-24,3.39849758224e-24,3.51863478722e-24,3.89864841235e-24,4.52159293655e-24,1.76891861969e-24,5.20892192124e-24,4.49871557586e-24,5.17552076165e-24,5.01361652718e-24,5.66316854085e-24,4.79897181361e-24,4.71159915747e-24,4.28092370171e-24,4.82918597514e-24,5.12925840829e-24,7.25174271076e-24,6.91431219172e-24,6.5404394543e-24,5.26969576538e-24,7.25386238002e-24,6.82844783763e-24,7.58023070258e-24,7.37964467363e-24,7.91382735763e-24],"var":[0.0000318006968882,0.0000235721508943,0.0000163268468896,0.0000104482742245,9.21639980334e-7,5.02680165937e-7,5.89168507759e-7,0.00000198286625164,4.06952551657e-8,5.70907019437e-8,5.62664723702e-8,3.58313371862e-7,8.25185786368e-9,8.88751827688e-9,7.51701900725e-9,1.98470595514e-9,4.93489082931e-10,1.19386681097e-10,3.67232702581e-11,4.62453443595e-11,4.91454307805e-11,1.38867190316e-11,1.0407612272e-12,3.76040995217e-13,4.35469450213e-13,1.21240189654e-13,1.08184437157e-13,5.98225082752e-14,4.02234194845e-14,2.98040502597e-14,2.16198231057e-14,1.60114112859e-14,1.19701722018e-14,9.02436101785e-15,6.83614414872e-15,5.23371536065e-15,4.03993465336e-15,3.15286817616e-15,2.49085051799e-15,1.99829641224e-15]},"melbands_crest":{"dmean":2.87828278542,"dmean2":4.75120162964,"dvar":7.06528186798,"dvar2":21.3911361694,"max":32.5871734619,"mean":16.9471244812,"median":16.6519145966,"min":1.61913740635,"var":28.4001064301},"melbands_flatness_db":{"dmean":0.0543885231018,"dmean2":0.088120162487,"dvar":0.00196311390027,"dvar2":0.00567842554301,"max":0.642962574959,"mean":0.375004738569,"median":0.374871104956,"min":0.00255785835907,"var":0.00697528058663},"melbands_kurtosis":{"dmean":7.6997756958,"dmean2":13.1021337509,"dvar":173.295196533,"dvar2":529.53692627,"max":235.690719604,"mean":14.5915985107,"median":8.15744018555,"min":-1.56629431248,"var":422.905609131},"melbands_skewness":{"dmean":0.687888920307,"dmean2":1.14433646202,"dvar":0.531064152718,"dvar2":1.62181782722,"max":10.2208108902,"mean":2.29079914093,"median":2.19538116455,"min":-1.80875813961,"var":1.94253981113},"melbands_spread":{"dmean":1.73738980293,"dmean2":2.81794524193,"dvar":12.0091257095,"dvar2":22.7095546722,"max":150.063323975,"mean":7.53270673752,"median":4.99391889572,"min":0.348856389523,"var":223.457702637},"mfcc":{"cov":[[14471.3339844,2800.60424805,-1729.93981934,-557.511474609,272.912902832,670.699279785,469.482391357,381.176971436,182.055877686,30.5092029572,-164.040161133,-168.365219116,-122.616165161],[2800.60424805,2139.7121582,-68.1008911133,-348.99029541,81.6830749512,228.801773071,188.344863892,139.158615112,82.4821090698,6.67488956451,-38.5829658508,-29.46925354,-26.3860664368],[-1729.93981934,-68.1008911133,710.983276367,247.224884033,-77.7641220093,-97.7012786865,-22.8360347748,-16.8957614899,-12.8460836411,0.227058202028,33.8790168762,22.490694046,-0.862142384052],[-557.511474609,-348.99029541,247.224884033,293.239562988,14.7600107193,-72.4610595703,-52.5522270203,-34.4649620056,-26.7616157532,-7.31212377548,6.09517049789,5.59756469727,-2.58386349678],[272.912902832,81.6830749512,-77.7641220093,14.7600107193,123.762390137,91.6070327759,27.717250824,9.43275642395,6.70089244843,-8.77321243286,-12.1039886475,2.61796736717,4.4812297821],[670.699279785,228.801773071,-97.7012786865,-72.4610595703,91.6070327759,186.344955444,141.230133057,81.1453857422,39.2434196472,12.4909963608,0.545947313309,1.63870871067,-2.56898880005],[469.482391357,188.344863892,-22.8360347748,-52.5522270203,27.717250824,141.230133057,175.982833862,125.539543152,62.6092720032,33.1313858032,14.5086917877,-4.3540430069,-9.94917106628],[381.176971436,139.158615112,-16.8957614899,-34.4649620056,9.43275642395,81.1453857422,125.539543152,126.156150818,86.6737136841,46.4349746704,17.5368595123,-1.25534856319,-5.49133825302],[182.055877686,82.4821090698,-12.8460836411,-26.7616157532,6.70089244843,39.2434196472,62.6092720032,86.6737136841,91.9696884155,66.4792098999,31.1786727905,9.38657665253,4.7552113533],[30.5092029572,6.67488956451,0.227058202028,-7.31212377548,-8.77321243286,12.4909963608,33.1313858032,46.4349746704,66.4792098999,80.1420211792,59.3914413452,24.7436943054,9.97269821167],[-164.040161133,-38.5829658508,33.8790168762,6.09517049789,-12.1039886475,0.545947313309,14.5086917877,17.5368595123,31.1786727905,59.3914413452,72.8071594238,51.5694694519,22.0752639771],[-168.365219116,-29.46925354,22.490694046,5.59756469727,2.61796736717,1.63870871067,-4.3540430069,-1.25534856319,9.38657665253,24.7436943054,51.5694694519,65.7595977783,46.2440757751],[-122.616165161,-26.3860664368,-0.862142384052,-2.58386349678,4.4812297821,-2.56898880005,-9.94917106628,-5.49133825302,4.7552113533,9.97269821167,22.0752639771,46.2440757751,60.4699745178]],"icov":[[0.00024416850647,-0.000396003306378,0.000828079879284,-0.0010075471364,0.00128034350928,-0.00170053564943,0.00169435411226,-0.00182294391561,0.00133961508982,-0.000797318061814,0.000327337707859,0.000151400949107,0.00002803435018],[-0.000396003306378,0.00152026140131,-0.00240333355032,0.00376992230304,-0.00362320384011,0.00236605107784,-0.000055846725445,-0.00353732169606,0.006942555774,-0.0094707403332,0.0095810610801,-0.00655846903101,0.0025596532505],[0.000828079879284,-0.00240333355032,0.00792523659766,-0.0101509857923,0.00993099249899,-0.00367413810454,-0.00807589758188,0.0218126606196,-0.034764867276,0.040722373873,-0.0354475453496,0.0213401485234,-0.00729161035269],[-0.0010075471364,0.00376992230304,-0.0101509857923,0.0189356971532,-0.0184208638966,0.0113879982382,0.00834563467652,-0.0337138846517,0.0556851811707,-0.0644005164504,0.0564859621227,-0.0365060046315,0.0139656923711],[0.00128034350928,-0.00362320384011,0.00993099249899,-0.0184208638966,0.0384084060788,-0.0346230976284,0.0148463975638,0.0175488237292,-0.0442462600768,0.0553961284459,-0.0484970584512,0.033418379724,-0.0134198665619],[-0.00170053564943,0.00236605107784,-0.00367413810454,0.0113879982382,-0.0346230976284,0.0694591104984,-0.0834192037582,0.0720829069614,-0.0502018630505,0.0205208472908,0.00848507136106,-0.0224383622408,0.0109815141186],[0.00169435411226,-0.000055846725445,-0.00807589758188,0.00834563467652,0.0148463975638,-0.0834192037582,0.179894283414,-0.241280719638,0.240898892283,-0.189619168639,0.110026247799,-0.0417466312647,0.0107832094654],[-0.00182294391561,-0.00353732169606,0.0218126606196,-0.0337138846517,0.0175488237292,0.0720829069614,-0.241280719638,0.422634691,-0.492873251438,0.444415599108,-0.322406560183,0.173956930637,-0.0557948313653],[0.00133961508982,0.006942555774,-0.034764867276,0.0556851811707,-0.0442462600768,-0.0502018630505,0.240898892283,-0.492873251438,0.683757841587,-0.702625691891,0.561785340309,-0.330057352781,0.113083802164],[-0.000797318061814,-0.0094707403332,0.040722373873,-0.0644005164504,0.0553961284459,0.0205208472908,-0.189619168639,0.444415599108,-0.702625691891,0.848734796047,-0.754091620445,0.472021341324,-0.172400534153],[0.000327337707859,0.0095810610801,-0.0354475453496,0.0564859621227,-0.0484970584512,0.00848507136106,0.110026247799,-0.322406560183,0.561785340309,-0.754091620445,0.75670593977,-0.511376142502,0.194546759129],[0.000151400949107,-0.00655846903101,0.0213401485234,-0.0365060046315,0.033418379724,-0.0224383622408,-0.0417466312647,0.173956930637,-0.330057352781,0.472021341324,-0.511376142502,0.395496487617,-0.165972352028],[0.00002803435018,0.0025596532505,-0.00729161035269,0.0139656923711,-0.0134198665619,0.0109815141186,0.0107832094654,-0.0557948313653,0.113083802164,-0.172400534153,0.194546759129,-0.165972352028,0.091816611588]],"mean":[-836.220397949,194.417449951,43.0717353821,4.23124313354,-0.697549283504,3.03812456131,1.20314741135,-0.0656695440412,-2.81882190704,-4.79682064056,-5.38884735107,-3.4579641819,-3.00757455826]},"pitch_salience":{"dmean":0.063108548522,"dmean2":0.102577917278,"dvar":0.00309577188455,"dvar2":0.0089523345232,"max":0.902935445309,"mean":0.528845846653,"median":0.542594373226,"min":0.132139742374,"var":0.0123393191025},"silence_rate_20dB":{"dmean":0.00164338538889,"dmean2":0.00328812166117,"dvar":0.00164063845295,"dvar2":0.00327740143985,"max":1,"mean":0.99671459198,"median":1,"min":0,"var":0.00327473483048},"silence_rate_30dB":{"dmean":0.0205423180014,"dmean2":0.0411015190184,"dvar":0.0201210621744,"dvar2":0.0476307235658,"max":1,"mean":0.935523629189,"median":1,"min":0,"var":0.0603164955974},"silence_rate_60dB":{"dmean":0.0328677073121,"dmean2":0.0657624304295,"dvar":0.0317875258625,"dvar2":0.0647254511714,"max":1,"mean":0.342915803194,"median":0,"min":0,"var":0.2253215909},"spectral_centroid":{"dmean":61.2416877747,"dmean2":101.285308838,"dvar":61649.6054688,"dvar2":114301.859375,"max":11308.5009766,"mean":493.796600342,"median":355.912963867,"min":152.561538696,"var":1191466.125},"spectral_complexity":{"dmean":1.26212000847,"dmean2":2.0838470459,"dvar":2.06684780121,"dvar2":4.49114131927,"max":27,"mean":6.97741270065,"median":6,"min":0,"var":27.8060932159},"spectral_contrast_coeffs":{"dmean":[0.0465444400907,0.0476969704032,0.0361165739596,0.0397817865014,0.030014289543,0.0154399638996],"dmean2":[0.0778964087367,0.0787196606398,0.059628367424,0.0648130178452,0.0505218058825,0.025324055925],"dvar":[0.00156678003259,0.0014607446501,0.000895229168236,0.00103038316593,0.000840170308948,0.000213797888136],"dvar2":[0.00432314584032,0.00418404769152,0.00245599774644,0.00268544466235,0.00207125605084,0.000589639297687],"max":[-0.271118491888,-0.430746734142,-0.552228212357,-0.604704797268,-0.675367414951,-0.782885611057],"mean":[-0.61552131176,-0.749619185925,-0.789452910423,-0.852674007416,-0.922480404377,-0.876298606396],"median":[-0.618843317032,-0.75556832552,-0.792023360729,-0.852568209171,-0.937429428101,-0.873485028744],"min":[-0.972770690918,-0.976880371571,-0.975997328758,-0.989107787609,-0.983129322529,-0.96541595459],"var":[0.0122447917238,0.00490674423054,0.00450087059289,0.00557909207419,0.0024210230913,0.000486756587634]},"spectral_contrast_valleys":{"dmean":[0.409471184015,0.397844135761,0.39940994978,0.608366668224,0.808067381382,0.662702262402],"dmean2":[0.680954217911,0.637755572796,0.640260517597,0.984592139721,1.32663476467,1.08877027035],"dvar":[0.217037856579,0.234283775091,0.248273387551,0.38459020853,0.521772325039,0.369161993265],"dvar2":[0.432764589787,0.428404539824,0.485465496778,0.896325647831,1.28652477264,0.853212296963],"max":[-4.52983379364,-4.69169378281,-5.15002250671,-6.30481624603,-6.36604547501,-8.77681064606],"mean":[-8.15510654449,-7.55497646332,-8.44772624969,-9.52635192871,-9.85252285004,-12.03520298],"median":[-7.83398723602,-7.21455574036,-8.12582397461,-9.19076824188,-9.56114673615,-11.7634277344],"min":[-28.0656223297,-27.8705921173,-27.6592197418,-27.5421009064,-27.5540714264,-27.3535728455],"var":[6.1896071434,5.75183582306,6.06828737259,5.43069839478,5.12712001801,3.98612475395]},"spectral_decrease":{"dmean":2.18335216573e-9,"dmean2":3.43700179428e-9,"dvar":2.94165873729e-17,"dvar2":7.74149931133e-17,"max":5.19274756527e-9,"mean":-5.41984501723e-9,"median":-1.20476040255e-9,"min":-1.20327726449e-7,"var":1.11241326654e-16},"spectral_energy":{"dmean":0.00844306405634,"dmean2":0.0126583250239,"dvar":0.000412083405536,"dvar2":0.0010085956892,"max":0.49037656188,"mean":0.0296443030238,"median":0.0089647360146,"min":1.01002428253e-20,"var":0.00250493595377},"spectral_energyband_high":{"dmean":0.0000178839709406,"dmean2":0.0000298465074593,"dvar":2.29645702454e-9,"dvar2":5.68419844527e-9,"max":0.000833352445625,"mean":0.0000242215792241,"median":0.00000483155463371,"min":7.19888743977e-21,"var":3.13805803565e-9},"spectral_energyband_low":{"dmean":0.00540481042117,"dmean2":0.00897043757141,"dvar":0.000299913081108,"dvar2":0.000858532672282,"max":0.370701998472,"mean":0.0117250755429,"median":0.00109040888492,"min":2.3415863957e-23,"var":0.000954356743023},"spectral_energyband_middle_high":{"dmean":0.000643633131403,"dmean2":0.000859529653098,"dvar":0.00000418842819272,"dvar2":0.00000748741922507,"max":0.0519511736929,"mean":0.0018291772576,"median":0.000137216527946,"min":1.30885620352e-21,"var":0.000021451684006},"spectral_energyband_middle_low":{"dmean":0.00453305710107,"dmean2":0.00676309457049,"dvar":0.000109975517262,"dvar2":0.000252405006904,"max":0.251202315092,"mean":0.0132005801424,"median":0.00434479862452,"min":2.00625074413e-22,"var":0.000510325247888},"spectral_entropy":{"dmean":0.458644300699,"dmean2":0.749352097511,"dvar":0.151108697057,"dvar2":0.417876243591,"max":9.81475257874,"mean":6.37519741058,"median":6.35143327713,"min":4.01252794266,"var":0.489415019751},"spectral_flux":{"dmean":0.0137810138986,"dmean2":0.0217329468578,"dvar":0.000448821054306,"dvar2":0.00103540695272,"max":0.438795417547,"mean":0.0543777421117,"median":0.0369701012969,"min":6.52450871108e-11,"var":0.00285440706648},"spectral_kurtosis":{"dmean":22.0366287231,"dmean2":36.5954399109,"dvar":538.087341309,"dvar2":1467.16003418,"max":192.752166748,"mean":37.9188995361,"median":29.8089866638,"min":-1.25584733486,"var":765.156677246},"spectral_rms":{"dmean":0.000587571586948,"dmean2":0.000859344319906,"dvar":7.66221603499e-7,"dvar2":0.00000183305451174,"max":0.0218727272004,"mean":0.00405312422663,"median":0.00295737781562,"min":3.13909141736e-12,"var":0.0000124934467749},"spectral_rolloff":{"dmean":3937.71655273,"dmean2":7785.20605469,"dvar":62848424,"dvar2":171009920,"max":21985.4003906,"mean":14311.6767578,"median":21447.0703125,"min":129.19921875,"var":98267928},"spectral_skewness":{"dmean":1.46194708347,"dmean2":2.38671469688,"dvar":1.69600462914,"dvar2":4.7139787674,"max":11.900800705,"mean":4.76630544662,"median":4.46246385574,"min":-0.06478189677,"var":3.11661052704},"spectral_spread":{"dmean":1007600.3125,"dmean2":1669607.75,"dvar":1501859938300,"dvar2":3288908431360,"max":42930072,"mean":3851324.5,"median":3259355.25,"min":992948.9375,"var":16720871817200},"spectral_strongpeak":{"dmean":2.39128279686,"dmean2":4.29251861572,"dvar":137.263290405,"dvar2":333.154937744,"max":260.690185547,"mean":2.68338632584,"median":0.347227096558,"min":0,"var":143.429870605},"zerocrossingrate":{"dmean":0.0376498140395,"dmean2":0.0463831052184,"dvar":0.00129422033206,"dvar2":0.00184206815902,"max":0.966796875,"mean":0.30030298233,"median":0.27587890625,"min":0.02392578125,"var":0.0200180914253}},"metadata":{"audio_properties":{"analysis_sample_rate":44100,"bit_rate":128000,"codec":"mp3","downmix":"mix","equal_loudness":0,"length":56.5028572083,"lossless":false,"md5_encoded":"afa024a8a6db203d71a175169f0da5ab","replay_gain":0.235692977905},"tags":{"album":["J-Tull Dot Com"],"albumartist":["Jethro Tull"],"albumartistsort":["Jethro Tull"],"artist":["Jethro Tull"],"artistsort":["Jethro Tull"],"asin":["B00029MLVU"],"barcode":["0030206104325"],"catalognumber":["FLD-1043"],"date":["1999-08-23"],"discnumber":["1/1"],"encodedby":["RioPort MP3 2.0"],"file_name":"04 Nothing @ All.mp3","genre":["Progressive Rock"],"label":["Fuel 2000 Records"],"language":["eng"],"mp3gain_album_minmax":["000,210"],"mp3gain_minmax":["019,210"],"musicbrainz album release country":["GB"],"musicbrainz album status":["official"],"musicbrainz album type":["album"],"musicbrainz_albumartistid":["ece57992-dc2e-4f67-a269-fa43626c1a3d"],"musicbrainz_albumid":["2d5fb47f-caf2-47fc-ae9c-4fa57f1d9a2c"],"musicbrainz_artistid":["ece57992-dc2e-4f67-a269-fa43626c1a3d"],"musicbrainz_recordingid":["7c313d60-76a5-41e9-91fc-06e25961c352"],"originaldate":["1999-08-23"],"replaygain_album_gain":["-4.23 dB"],"replaygain_album_peak":["1.110942"],"replaygain_track_gain":["0.54 dB"],"replaygain_track_peak":["0.781066"],"script":["Latn"],"title":["Nothing @ All"],"tracknumber":["4/14"]},"version":{"essentia":"2.1-beta1","essentia_build_sha":"eef087cf131c10083d474ad51def18efd0e38295","essentia_git_sha":"v2.1_beta1-7-ge0e83e8-dirty","extractor":"music 1.0"}},"rhythm":{"beats_count":92,"beats_loudness":{"dmean":0.0394330061972,"dmean2":0.0698600411415,"dvar":0.00315924268216,"dvar2":0.00760604254901,"max":0.367615163326,"mean":0.0387879088521,"median":0.0131637975574,"min":2.79661122704e-7,"var":0.0040750419721},"beats_loudness_band_ratio":{"dmean":[0.233365148306,0.186659827828,0.100291222334,0.0583259090781,0.00691341236234,0.156341031194],"dmean2":[0.431305736303,0.3147957623,0.167739763856,0.108021087945,0.013397407718,0.280088245869],"dvar":[0.03807200