{"lowlevel":{"average_loudness":0.876539170742,"barkbands":{"dmean":[0.00036495065433,0.0025499635376,0.00294816121459,0.00166245561559,0.00204196758568,0.00224301591516,0.00130044308025,0.00102658639662,0.00160001253244,0.0017392009031,0.00133103213739,0.000345873268088,0.000265350332484,0.0001707552874,0.000136102127726,0.0000669618093525,0.000145370300743,0.000101086807263,0.0000535675717401,0.0000446288177045,0.0000311255353154,0.0000189683378267,0.0000115708007797,0.00000489334024678,0.00000212929603549,0.00000560277567274,0.000184103293577],"dmean2":[0.000624064879958,0.00432431558147,0.00465208943933,0.0027022480499,0.00328364619054,0.00343269458972,0.00206731259823,0.00165740866214,0.00251927226782,0.00297095743008,0.00224595377222,0.000562353583518,0.000429771433119,0.000272719946224,0.000219646972255,0.000105567713035,0.000230681209359,0.000163829972735,0.0000817446780275,0.0000645423860988,0.0000485517375637,0.0000287231032416,0.0000170466064446,0.00000794500647316,0.0000035565883536,0.00000872204054758,0.000268292234978],"dvar":[0.0000011035656371,0.0000197714944079,0.0000385345229006,0.0000171077281266,0.0000164030734595,0.0000364101688319,0.00000935796560952,0.00000609904645898,0.0000113024534585,0.0000144639734572,0.00000828692463983,6.18806438979e-7,3.75330870384e-7,1.76732186219e-7,9.17683351531e-8,2.35497967793e-8,1.37151602075e-7,6.96020805435e-8,2.19051443651e-8,2.39217321507e-8,1.60260391624e-8,8.01665134276e-9,2.15208406651e-9,6.83606116159e-10,1.31327978006e-11,3.68501285042e-10,9.75125544755e-8],"dvar2":[0.00000285727310256,0.0000559932705073,0.0000927987348405,0.0000409453095926,0.0000381862228096,0.000075905220001,0.0000208948586078,0.0000141283071571,0.0000279803207377,0.0000410669381381,0.000022423118935,0.00000150812400079,9.24701168969e-7,4.30819113717e-7,2.42734643052e-7,5.5845255531e-8,3.16579331638e-7,1.81042295821e-7,5.02013932646e-8,4.89182809815e-8,3.60775942454e-8,1.57069290907e-8,4.94697038889e-9,1.6358833177e-9,3.42230688233e-11,8.3509466009e-10,1.86478757769e-7],"max":[0.0240067336708,0.0638508424163,0.106992609799,0.0939061418176,0.123774938285,0.158363729715,0.0905283987522,0.0677302107215,0.0572011247277,0.0665947794914,0.0380183160305,0.0143850650638,0.0144523000345,0.0175819247961,0.0110308816656,0.00486363004893,0.00677953008562,0.00336407287978,0.00521363597363,0.00595503859222,0.00517161749303,0.00426388578489,0.001557496842,0.000887493661139,0.000045924429287,0.000690588436555,0.00708145974204],"mean":[0.000444279547082,0.00373689970002,0.0048665762879,0.00211518164724,0.00307786627673,0.00367148313671,0.00214173644781,0.00153842021246,0.00245828717016,0.00223397416994,0.00184011808597,0.000478371308418,0.000389974273276,0.000261375418631,0.000215581269003,0.000107755993668,0.000236616484472,0.000122194032883,0.0000748298480175,0.0000692561952746,0.0000370648995158,0.0000234742201428,0.0000157648300956,0.00000543476608073,0.00000223572806135,0.00000742882366467,0.00040593201993],"median":[0.000130295476993,0.00153397349641,0.00113642786164,0.000689022766892,0.00136344484054,0.000902540283278,0.000872137024999,0.000615604512859,0.000804434937891,0.000770994811319,0.000679872406181,0.000194203516003,0.000159713454195,0.000116962168249,0.0000839765416458,0.0000411853870901,0.0000565594964428,0.0000276066439255,0.0000179607104656,0.0000135560203489,0.0000066809711825,0.00000325006112689,0.00000243134650191,0.00000142819737903,9.33029241423e-7,0.00000255019062934,0.000225804717047],"min":[8.16323441028e-24,1.69992346441e-23,1.62467291825e-23,1.32811407157e-23,9.0584747863e-24,1.47260672591e-23,2.63601547571e-23,2.61004301927e-23,5.11669382623e-23,6.13797271788e-23,1.83344022366e-23,6.06120014349e-23,7.28199962856e-23,1.16658088572e-22,1.01560578267e-22,1.18431801297e-22,7.93094816363e-23,1.74017199976e-22,1.82478042418e-22,2.39424358688e-22,3.60243341436e-22,4.69463973663e-22,5.2767771804e-22,7.1627979495e-22,1.06732047439e-21,1.55601942652e-21,2.25519040616e-21],"var":[0.00000159070293648,0.0000324533502862,0.000107690393634,0.0000268921685347,0.0000283636836684,0.00010312730592,0.0000236486903304,0.0000110362643682,0.0000212790673686,0.0000168439364643,0.0000107995001599,8.13603833194e-7,5.30130137122e-7,2.31275166129e-7,1.29410722138e-7,4.26212274363e-8,2.36008830257e-7,7.21474648913e-8,3.7057755975e-8,4.35085389938e-8,2.3018744244e-8,1.46106051702e-8,3.24025450915e-9,7.6653022818e-10,1.37559937399e-11,5.64733371178e-10,3.05679719759e-7]},"barkbands_crest":{"dmean":2.9931910038,"dmean2":4.8492436409,"dvar":6.71220779419,"dvar2":16.582862854,"max":25.4687404633,"mean":10.4837150574,"median":9.64223384857,"min":2.74028873444,"var":18.4757061005},"barkbands_flatness_db":{"dmean":0.030207881704,"dmean2":0.0474092923105,"dvar":0.00066868349677,"dvar2":0.00161276431754,"max":0.404796242714,"mean":0.170125171542,"median":0.167789041996,"min":0.0370140150189,"var":0.00261196494102},"barkbands_kurtosis":{"dmean":5.39052248001,"dmean2":8.65449619293,"dvar":97.8034210205,"dvar2":240.641876221,"max":244.701690674,"mean":9.84710216522,"median":6.42985916138,"min":-1.79813063145,"var":170.81137085},"barkbands_skewness":{"dmean":0.692217171192,"dmean2":1.08237349987,"dvar":0.528945863247,"dvar2":1.26840496063,"max":13.6708774567,"mean":2.02625417709,"median":1.85212099552,"min":-3.92281770706,"var":1.9310631752},"barkbands_spread":{"dmean":5.3938627243,"dmean2":8.33042526245,"dvar":44.259967804,"dvar2":96.8352737427,"max":118.678253174,"mean":17.0666332245,"median":14.1485691071,"min":0.912367522717,"var":154.194580078},"dissonance":{"dmean":0.0355027988553,"dmean2":0.0610833577812,"dvar":0.00123324245214,"dvar2":0.0035486118868,"max":0.5,"mean":0.446251273155,"median":0.45742186904,"min":0.167994007468,"var":0.00197697430849},"dynamic_complexity":3.13549113274,"erbbands":{"dmean":[0.049353916198,0.692610919476,3.24910664558,4.14104890823,6.10784673691,7.21106863022,13.7436943054,18.5955677032,15.5489530563,24.2967643738,20.4929599762,42.5714225769,29.9356632233,62.736366272,50.1708717346,13.5230760574,12.1530160904,8.15165233612,9.14408016205,4.32839822769,4.41312885284,7.69856071472,5.81667757034,3.42448043823,2.16014838219,2.45171880722,1.13143277168,1.23797893524,0.767918050289,0.524029374123,0.298799961805,0.14721865952,0.0611606575549,0.024171276018,0.0154808433726,0.0114474836737,0.0124557288364,0.0102749476209,0.00811002030969,0.00685645546764],"dmean2":[0.0806451365352,1.1807268858,5.20292854309,6.60905075073,9.92621803284,11.4511175156,21.3995628357,28.3778438568,24.7984905243,38.9402084351,32.6094207764,66.6482086182,49.2121543884,108.631858826,84.2909240723,21.7502784729,19.6363239288,13.0165777206,14.6199760437,6.71189069748,6.84888219833,12.184885025,9.50584602356,5.2286233902,3.21814036369,3.51664972305,1.73325312138,1.92964220047,1.15100121498,0.781382799149,0.45963075757,0.233664482832,0.101098917425,0.0403367653489,0.0258156768978,0.0188154857606,0.0194118432701,0.0150992572308,0.0112675270066,0.00960697978735],"dvar":[0.00892868172377,1.63511395454,46.8881759644,93.692855835,201.605239868,225.986373901,1382.45202637,2589.67529297,1578.66296387,2849.42407227,2352.49291992,9062.01757812,2786.74755859,23858.0625,13547.0527344,862.770080566,749.913513184,422.890411377,500.927612305,70.0671081543,108.638214111,441.873718262,246.969619751,91.5321121216,43.2452507019,74.2077026367,21.8235359192,28.0923366547,16.1498641968,3.57761693001,1.76073431969,0.727103114128,0.0716975703835,0.00173123518471,0.000672094465699,0.000632644922007,0.00251274160109,0.000873047218192,0.000774687621742,0.0000905990600586],"dvar2":[0.0216261353344,4.67991876602,114.974868774,231.991546631,488.504669189,540.114562988,2971.01489258,5355.3359375,3524.87451172,6694.10888672,5259.72460938,22313.0839844,7232.26464844,68378.6015625,36695.8554688,2082.71582031,1849.48547363,1009.51959229,1345.70629883,167.87449646,251.928924561,1027.34460449,653.129760742,221.898712158,89.9973373413,153.932067871,47.7596626282,65.670791626,32.7441978455,7.29474067688,4.19134616852,1.70142781734,0.181304633617,0.00450511090457,0.00174647965468,0.00155507877935,0.00560972653329,0.00170267629437,0.00139374285936,0.000172274783836],"max":[2.00830078125,18.4960422516,124.709373474,205.374221802,406.534637451,348.321136475,1468.56018066,1184.67785645,1094.40405273,1270.62536621,1764.00598145,1726.11193848,790.440734863,2269.86767578,1653.3692627,535.206298828,556.705505371,715.317810059,1006.6774292,163.731140137,337.514526367,442.43182373,225.012069702,301.365081787,192.688827515,347.322784424,215.684829712,226.40071106,209.955093384,84.5224914551,41.5310325623,36.6314048767,9.97659111023,0.514626681805,0.326328009367,0.776100158691,2.25545787811,0.995187461376,0.895218193531,0.221944838762],"mean":[0.0814505517483,0.98252671957,5.44994831085,6.04061937332,8.32412338257,10.4759101868,22.2315158844,29.4588546753,25.6736450195,38.8264045715,33.9317169189,65.9983901978,45.6733436584,79.959815979,71.9777526855,21.182926178,18.6841049194,12.9759101868,14.6570634842,7.71929168701,8.30130767822,12.1877145767,7.31827545166,4.72501182556,3.27033472061,3.79422426224,1.57527816296,1.4039734602,0.936462759972,0.705642044544,0.369615226984,0.17880409956,0.0659238174558,0.02564570494,0.0165438577533,0.0131298657507,0.0165384188294,0.0160083193332,0.0166825409979,0.0205704420805],"median":[0.0355044528842,0.349604249001,1.31027495861,2.40336871147,3.23132443428,4.40069389343,6.55967855453,7.62459850311,10.5952539444,14.9940376282,16.3295211792,20.6951618195,23.284040451,30.7378387451,26.1147270203,9.74883079529,7.97981119156,6.35909318924,6.19419145584,3.36321854591,3.11172127724,3.21857309341,1.98864638805,1.23352444172,0.801636457443,0.666575670242,0.37220209837,0.214652374387,0.122093863785,0.10082244128,0.0608086846769,0.0396321490407,0.0201691668481,0.0107939653099,0.00707365432754,0.00575052760541,0.00546908378601,0.00454460177571,0.00733550358564,0.0164759904146],"min":[3.22286459634e-22,3.56022978507e-21,2.17103536093e-20,3.4746364634e-20,2.84642186873e-20,2.81117331176e-20,8.24887254305e-20,1.2336063715e-19,3.06988568056e-19,6.5559088667e-19,5.49213753836e-19,1.13179307845e-18,1.56502664953e-18,2.38660569837e-18,1.27399100922e-18,2.27678878666e-18,3.20990621347e-18,5.39870138772e-18,4.7867126387e-18,5.22453933692e-18,5.30252013481e-18,5.2547860232e-18,9.03999883424e-18,1.18472686807e-17,7.10736826081e-18,1.30710997678e-17,1.6573582659e-17,1.50037394402e-17,1.25664633458e-17,1.4658623145e-17,1.63812118814e-17,1.30617501453e-17,1.27040400253e-17,1.19863822617e-17,7.65524968517e-18,4.87430692967e-18,2.82578835241e-18,1.02213384804e-18,3.1239116898e-19,3.1277857385e-20],"var":[0.0196906831115,2.73497366905,134.862960815,152.27532959,304.094177246,367.946136475,4224.80029297,5992.93505859,3839.72338867,5465.65087891,4322.12304688,16931.8300781,3987.81396484,22750.2695312,18411.2011719,1265.67504883,1115.2310791,569.690185547,617.011779785,139.795379639,231.020141602,667.566955566,242.231933594,130.671859741,81.2674026489,134.320236206,33.0778923035,38.0161628723,25.914888382,6.59066677094,2.34425401688,0.88513469696,0.0732819214463,0.00183032022323,0.000717603310477,0.000762561161537,0.0037824511528,0.00212711910717,0.00209637638181,0.0003263472463]},"erbbands_crest":{"dmean":3.61992383003,"dmean2":6.03120517731,"dvar":10.5396509171,"dvar2":27.7453632355,"max":31.9085693359,"mean":12.1623296738,"median":10.8098602295,"min":2.75924491882,"var":31.8388442993},"erbbands_flatness_db":{"dmean":0.0284655317664,"dmean2":0.0451546050608,"dvar":0.000602367159445,"dvar2":0.00151519558858,"max":0.446960270405,"mean":0.194492846727,"median":0.189631134272,"min":0.0417502708733,"var":0.00255142501555},"erbbands_kurtosis":{"dmean":2.47614789009,"dmean2":4.09582471848,"dvar":35.6874694824,"dvar2":101.344848633,"max":160.825164795,"mean":3.20195150375,"median":1.40678191185,"min":-1.74020671844,"var":65.2309265137},"erbbands_skewness":{"dmean":0.486784517765,"dmean2":0.76356357336,"dvar":0.249358892441,"dvar2":0.610976278782,"max":6.24768781662,"mean":0.554457902908,"median":0.508287072182,"min":-3.62947010994,"var":0.742556154728},"erbbands_spread":{"dmean":5.06615400314,"dmean2":8.02590560913,"dvar":24.9040107727,"dvar2":58.6097984314,"max":85.2806091309,"mean":18.6623058319,"median":17.1962471008,"min":0.433546930552,"var":103.707794189},"gfcc":{"cov":[[8785.47949219,-435.433319092,-857.686889648,158.445129395,-270.26651001,-241.070480347,-7.24654197693,-327.724334717,-92.6723861694,-96.6735992432,-164.640991211,-51.8490638733,-212.822967529],[-435.433319092,844.815185547,269.781951904,-250.083557129,118.078857422,-61.9960975647,-63.0005683899,10.5240058899,22.1775436401,-20.7574386597,77.2700119019,-67.5375595093,77.4118118286],[-857.686889648,269.781951904,632.250183105,82.0534896851,-18.6810836792,121.233566284,-86.4322052002,61.287612915,-41.8905792236,106.616600037,12.5869617462,-65.1903686523,61.7911834717],[158.445129395,-250.083557129,82.0534896851,406.953094482,2.61619639397,21.0370197296,40.1118583679,-58.6939888,-4.79623889923,60.450843811,-41.3313026428,-13.1798849106,-82.3475952148],[-270.26651001,118.078857422,-18.6810836792,2.61619639397,269.656555176,-8.0477809906,31.0995922089,-14.7436227798,16.4141387939,-17.2520866394,32.845993042,-22.2024993896,18.5902900696],[-241.070480347,-61.9960975647,121.233566284,21.0370197296,-8.0477809906,261.669403076,74.7099456787,67.7955169678,-43.9063720703,20.413848877,-35.5632400513,-17.9921302795,8.74002075195],[-7.24654197693,-63.0005683899,-86.4322052002,40.1118583679,31.0995922089,74.7099456787,279.806884766,4.85502004623,37.8304862976,-16.851568222,-51.3878707886,-36.1889305115,-24.6086521149],[-327.724334717,10.5240058899,61.287612915,-58.6939888,-14.7436227798,67.7955169678,4.85502004623,192.166412354,50.3078918457,-8.04074001312,18.8785171509,33.4012718201,7.88754320145],[-92.6723861694,22.1775436401,-41.8905792236,-4.79623889923,16.4141387939,-43.9063720703,37.8304862976,50.3078918457,133.749740601,40.5869216919,21.7660999298,13.9078912735,-15.9149093628],[-96.6735992432,-20.7574386597,106.616600037,60.450843811,-17.2520866394,20.413848877,-16.851568222,-8.04074001312,40.5869216919,143.275146484,31.500295639,-33.2772941589,3.61955237389],[-164.640991211,77.2700119019,12.5869617462,-41.3313026428,32.845993042,-35.5632400513,-51.3878707886,18.8785171509,21.7660999298,31.500295639,112.691741943,58.5737686157,21.7298164368],[-51.8490638733,-67.5375595093,-65.1903686523,-13.1798849106,-22.2024993896,-17.9921302795,-36.1889305115,33.4012718201,13.9078912735,-33.2772941589,58.5737686157,141.584960938,30.050994873],[-212.822967529,77.4118118286,61.7911834717,-82.3475952148,18.5902900696,8.74002075195,-24.6086521149,7.88754320145,-15.9149093628,3.61955237389,21.7298164368,30.050994873,116.767303467]],"icov":[[0.000154239547555,-0.0000957227457548,0.000301909196423,-0.000134947418701,0.000181125709787,0.0000109014745249,0.0000824821108836,0.0000669513465255,0.000154366207425,-0.000105640712718,0.000141665441333,0.0000621102299192,0.0000548215029994],[-0.0000957227457548,0.00311918300577,-0.00227490067482,0.00184745341539,-0.000630024529528,0.00033822277328,-0.0000679373406456,0.00140249927063,-0.0022926137317,0.0031095307786,-0.00294970627874,0.00240228069015,-0.000247890566243],[0.000301909196423,-0.00227490067482,0.00492503214628,-0.00280954549089,0.00121820543427,-0.00122664880473,0.00128053955268,-0.00218884646893,0.00223938492127,-0.00271648773924,0.000760531693231,0.00122119078878,-0.00227997475304],[-0.000134947418701,0.00184745341539,-0.00280954549089,0.00598146161065,-0.00202327407897,0.00114923424553,-0.00117568438873,0.00181357143447,0.000393127789721,-0.00230935239233,0.00263003678992,-0.00345567497425,0.00462521146983],[0.000181125709787,-0.000630024529528,0.00121820543427,-0.00202327407897,0.00569653883576,-0.00130127626471,0.000184459873708,0.000728623650502,-0.00201807147823,0.00354488403536,-0.00456621544436,0.0042504966259,-0.00277268420905],[0.0000109014745249,0.00033822277328,-0.00122664880473,0.00114923424553,-0.00130127626471,0.00766901951283,-0.00289002573118,-0.00358881289139,0.00566425221041,-0.00445896293968,0.00380350719206,-0.00290430081077,0.00147159781773],[0.0000824821108836,-0.0000679373406456,0.00128053955268,-0.00117568438873,0.000184459873708,-0.00289002573118,0.0057270694524,0.000926845124923,-0.0036562976893,0.00240411050618,0.000022509622795,0.00255765905604,-0.00121535500512],[0.0000669513465255,0.00140249927063,-0.00218884646893,0.00181357143447,0.000728623650502,-0.00358881289139,0.000926845124923,0.0100841121748,-0.00717528117821,0.00512764696032,-0.00291693303734,0.000357942364644,0.000610086193774],[0.000154366207425,-0.0022926137317,0.00223938492127,0.000393127789721,-0.00201807147823,0.00566425221041,-0.0036562976893,-0.00717528117821,0.0184155777097,-0.012269705534,0.00632299249992,-0.0069679627195,0.00401179445907],[-0.000105640712718,0.0031095307786,-0.00271648773924,-0.00230935239233,0.00354488403536,-0.00445896293968,0.00240411050618,0.00512764696032,-0.012269705534,0.0217127408832,-0.0143103590235,0.0127653870732,-0.00548300892115],[0.000141665441333,-0.00294970627874,0.000760531693231,0.00263003678992,-0.00456621544436,0.00380350719206,0.000022509622795,-0.00291693303734,0.00632299249992,-0.0143103590235,0.0249762590975,-0.0156779512763,0.0050023952499],[0.0000621102299192,0.00240228069015,0.00122119078878,-0.00345567497425,0.0042504966259,-0.00290430081077,0.00255765905604,0.000357942364644,-0.0069679627195,0.0127653870732,-0.0156779512763,0.0212958455086,-0.0084156319499],[0.0000548215029994,-0.000247890566243,-0.00227997475304,0.00462521146983,-0.00277268420905,0.00147159781773,-0.00121535500512,0.000610086193774,0.00401179445907,-0.00548300892115,0.0050023952499,-0.0084156319499,0.0152822537348]],"mean":[-34.1846199036,118.218986511,-85.3353424072,-25.9581069946,-22.1134052277,-18.1047897339,-1.14023351669,-10.7152404785,-3.86540746689,-16.628868103,-4.68296098709,-6.78717088699,-3.80258703232]},"hfc":{"dmean":75.6092071533,"dmean2":110.306282043,"dvar":8732.63183594,"dvar2":19477.640625,"max":1471.72424316,"mean":221.903625488,"median":181.229690552,"min":1.1538045903e-16,"var":32162.2460938},"melbands":{"dmean":[0.000542999710888,0.00141166360117,0.000750497099943,0.000444539444288,0.000445615674835,0.000415550312027,0.000243868067628,0.000259157008259,0.000173770808033,0.000266165880021,0.000157236761879,0.000269923359156,0.00017492765619,0.0000608319714956,0.0000307261543639,0.0000244904931606,0.0000153000637511,0.0000165138953889,0.00000859075407789,0.00000464237200504,0.0000058731561694,0.00000852832545206,0.00000773946521804,0.00000414029409512,0.00000282992277789,0.00000178918708116,0.00000151373160406,0.0000016170889694,7.2611254609e-7,6.44046110665e-7,8.18663693281e-7,4.58806766801e-7,3.59268767625e-7,2.56146165611e-7,1.74131955077e-7,1.43149677001e-7,7.51594626536e-8,4.9827903581e-8,2.38089494786e-8,1.91941733618e-8],"dmean2":[0.000909480440896,0.00230761850253,0.00118813372683,0.000718006398529,0.00069091032492,0.000632905168459,0.000388315005694,0.000414175796323,0.00027488602791,0.000419960939325,0.000260527129285,0.000468859390821,0.000294212630251,0.000100420242234,0.0000500125388498,0.0000398434676754,0.0000248140204349,0.0000266239203484,0.000013784220755,0.00000730516103431,0.00000922630442801,0.0000133113144329,0.0000132630611915,0.00000645831687507,0.00000440495114162,0.00000277518347502,0.00000222356470658,0.00000235996913034,0.00000115506327347,0.00000101229909433,0.00000132664297325,6.86180840148e-7,5.70289046209e-7,3.74760418254e-7,2.74282257351e-7,2.25810964594e-7,1.20987749597e-7,8.32926261296e-8,3.96947079651e-8,3.20973541079e-8],"dvar":[8.52574146393e-7,0.0000081186180978,0.00000251981441579,9.162009178e-7,0.00000110794803732,0.00000121846460388,3.77459173251e-7,3.20722421066e-7,1.35992110017e-7,3.75655105245e-7,7.77955904141e-8,4.41190337597e-7,1.45587691236e-7,1.92746512084e-8,5.13576381422e-9,3.64320440482e-9,1.58522261984e-9,1.79521519872e-9,3.4277711225e-10,1.00775679468e-10,2.22401708161e-10,6.67998267811e-10,5.90635373943e-10,1.1375798914e-10,7.12280096016e-11,2.47302595069e-11,2.78751639826e-11,3.49102725894e-11,7.12798049751e-12,1.33546949541e-11,1.1184098786e-11,7.26146660163e-12,2.67361068181e-12,8.44088308364e-13,6.32231246522e-13,6.3844844125e-13,1.97672255084e-13,6.19249795756e-14,2.22220406613e-15,1.0935469576e-15],"dvar2":[0.00000222155881602,0.0000209289264603,0.00000621695471636,0.00000214331930692,0.00000240554004449,0.00000252277118307,8.35527089293e-7,7.54041764139e-7,3.08297273932e-7,9.35561899951e-7,2.04843402685e-7,0.00000126585962335,3.91623586893e-7,5.02855463935e-8,1.26443140402e-8,9.15642139887e-9,3.80307740855e-9,4.84303130932e-9,8.65779725689e-10,2.36386243913e-10,5.23047882783e-10,1.52578571999e-9,1.62725510844e-9,2.67123878572e-10,1.80697345975e-10,5.46338842222e-11,5.79238948473e-11,7.51496503915e-11,1.63901722056e-11,3.04491327985e-11,2.76880185446e-11,1.54312500278e-11,6.33123805119e-12,1.68751178396e-12,1.55087791567e-12,1.56292643758e-12,4.60195033122e-13,1.60944269522e-13,5.63902147294e-15,2.85569069002e-15],"max":[0.0141497086734,0.0499565042555,0.0321289673448,0.0313723236322,0.0377746224403,0.0244689621031,0.0160829648376,0.0128461141139,0.0126055721194,0.0110642751679,0.00385404005647,0.0103214168921,0.00568984029815,0.00222148979083,0.00205036788248,0.0013395966962,0.00153013993986,0.00195459835231,0.000473473948659,0.000275458180113,0.000519747089129,0.00060397881316,0.000290373049211,0.000210567712202,0.000274256453849,0.000173344102222,0.000159822622663,0.000237940752413,0.000105521939986,0.000168120328453,0.000120584118122,0.000130744607304,0.0000723316770745,0.0000421812255809,0.0000258931340795,0.0000399440468755,0.0000167811449501,0.0000101717096186,0.00000110856967694,4.20720539296e-7],"mean":[0.000872505595908,0.00232135620899,0.00116887595505,0.000654401315842,0.000729592924472,0.000672565482091,0.00040396724944,0.000410293228924,0.000280666659819,0.000403856276534,0.000227058233577,0.000333628704539,0.000247723888606,0.0000854999525473,0.0000445706573373,0.0000351370144926,0.000022649703169,0.0000253203343163,0.0000138632385642,0.00000743269765735,0.0000106388788481,0.0000142430035339,0.00000843971338327,0.00000537448022442,0.00000366932226825,0.00000255127247328,0.00000230813225244,0.0000024438697892,9.35325033424e-7,8.27086807931e-7,8.29444275041e-7,5.47767058379e-7,4.27947355774e-7,3.53061238911e-7,2.05768728279e-7,1.72629199824e-7,8.59288817878e-8,5.17557303681e-8,2.49669618313e-8,1.99680112445e-8],"median":[0.000388461310649,0.000672473513987,0.000494080770295,0.000285304849967,0.000240648849285,0.000174956396222,0.000166516445461,0.000154366003699,0.000129648600705,0.000117959425552,0.000108460284537,0.000112667374196,0.0000896016135812,0.0000314475728374,0.000019501450879,0.0000139153944474,0.0000102082685771,0.00000980645836535,0.0000055363766478,0.0000028752790513,0.0000031880001643,0.00000311979260914,0.00000195726761376,0.00000116787168736,8.95831760772e-7,5.84277358939e-7,4.70203758596e-7,4.0220709252e-7,2.15270759441e-7,1.59418888757e-7,1.03148039443e-7,6.51352110026e-8,6.11235790871e-8,4.97385848064e-8,3.16921706656e-8,3.05661878031e-8,2.03188541548e-8,1.43479281789e-8,9.71917391013e-9,8.14597989063e-9],"min":[4.22563283529e-24,8.81707151638e-24,6.52447488173e-24,1.61454001965e-24,2.7578583163e-24,3.14618791588e-24,4.88659572195e-24,6.99569029384e-24,4.97578275817e-24,7.85342191153e-24,7.71086370191e-24,9.24347923465e-24,3.06703933189e-24,6.69919692261e-24,6.51974447731e-24,7.68917397132e-24,1.0108506238e-23,7.58679796962e-24,6.57053213125e-24,7.94872261977e-24,4.82952636862e-24,4.46384871271e-24,5.3449073418e-24,9.76978356479e-24,9.59050703546e-24,4.48646535487e-24,6.30442213222e-24,9.61114205902e-24,7.35479713284e-24,8.26840219072e-24,8.62542170377e-24,6.03277511849e-24,8.15284747874e-24,7.94408885081e-24,8.8329291983e-24,8.84100318967e-24,7.25472697157e-24,7.73316558856e-24,1.07249828916e-23,9.29757221578e-24],"var":[0.00000169202382949,0.0000210663911275,0.00000454694963992,0.00000147322327848,0.0000032970610846,0.00000302913781525,9.43123495745e-7,6.0889976794e-7,2.49404081387e-7,6.90190177011e-7,1.07729547949e-7,4.32939486927e-7,2.00488855739e-7,2.49714773304e-8,6.99882951594e-9,4.78325512532e-9,2.02725569665e-9,2.05931560693e-9,5.54591650381e-10,1.80894577095e-10,4.78975026308e-10,1.0753353763e-9,4.66129967958e-10,1.5242233864e-10,9.07983271903e-11,4.54927033544e-11,4.99878818894e-11,5.87543416697e-11,1.01778620254e-11,1.81204704019e-11,1.28220455087e-11,1.04496515607e-11,4.00366068423e-12,1.53082960804e-12,7.70613499228e-13,7.64332607622e-13,2.31839260246e-13,5.81479241385e-14,2.44617249464e-15,1.1295547517e-15]},"melbands_crest":{"dmean":3.88119602203,"dmean2":6.36542749405,"dvar":11.6679191589,"dvar2":29.0151996613,"max":34.7268104553,"mean":14.4065437317,"median":13.1126251221,"min":1.82690954208,"var":36.1640090942},"melbands_flatness_db":{"dmean":0.0379597060382,"dmean2":0.0587377436459,"dvar":0.00103687844239,"dvar2":0.00242967484519,"max":0.554395914078,"mean":0.283471316099,"median":0.283633112907,"min":0.00510454317555,"var":0.00455515785143},"melbands_kurtosis":{"dmean":4.95633649826,"dmean2":7.96363687515,"dvar":139.81427002,"dvar2":311.970428467,"max":502.83581543,"mean":6.88496208191,"median":2.74183177948,"min":-1.86830663681,"var":271.908843994},"melbands_skewness":{"dmean":0.728257238865,"dmean2":1.14348757267,"dvar":0.546701133251,"dvar2":1.28325271606,"max":17.1617069244,"mean":1.58217740059,"median":1.32151949406,"min":-3.25126099586,"var":2.28035831451},"melbands_spread":{"dmean":4.62225580215,"dmean2":7.08768320084,"dvar":39.2760467529,"dvar2":75.5978546143,"max":156.042694092,"mean":15.0254278183,"median":13.2899093628,"min":0.53209233284,"var":129.590164185},"mfcc":{"cov":[[7240.79882812,-227.348342896,-923.533813477,304.231567383,-478.423400879,172.289428711,-243.300140381,9.00130748749,-274.216827393,47.7530632019,-139.010025024,-67.9889984131,-183.755950928],[-227.348342896,1199.74328613,77.7024612427,-196.33442688,134.685256958,-160.932617188,20.4185409546,-86.9311523438,15.8812665939,-61.6228561401,6.66604995728,-6.29360151291,27.7730941772],[-923.533813477,77.7024612427,668.098999023,-11.6294689178,94.8818359375,16.8770103455,64.2535247803,-78.0892486572,50.056186676,43.996837616,39.2238349915,-33.5690917969,21.4081172943],[304.231567383,-196.33442688,-11.6294689178,347.100494385,7.80936765671,85.1598892212,-38.411113739,-38.5476531982,-48.7150497437,63.8551445007,9.27676486969,-21.5642375946,-11.992228508],[-478.423400879,134.685256958,94.8818359375,7.80936765671,265.883728027,-36.4215049744,18.6495609283,-37.1093902588,-7.03735256195,-57.1888237,28.6548233032,22.7503871918,33.9473686218],[172.289428711,-160.932617188,16.8770103455,85.1598892212,-36.4215049744,235.4246521,92.2198028564,-26.0522003174,22.0654335022,79.9035186768,-22.0177021027,-35.6499023438,-15.7987041473],[-243.300140381,20.4185409546,64.2535247803,-38.411113739,18.6495609283,92.2198028564,182.207519531,28.7967777252,56.8477325439,31.2291946411,-17.5532779694,-29.0136528015,14.6382408142],[9.00130748749,-86.9311523438,-78.0892486572,-38.5476531982,-37.1093902588,-26.0522003174,28.7967777252,214.014328003,44.7515487671,-28.9348506927,-4.59802293777,39.5494346619,11.6800174713],[-274.216827393,15.8812665939,50.056186676,-48.7150497437,-7.03735256195,22.0654335022,56.8477325439,44.7515487671,148.536758423,49.7030410767,-0.0833943113685,3.14247131348,15.9812774658],[47.7530632019,-61.6228561401,43.996837616,63.8551445007,-57.1888237,79.9035186768,31.2291946411,-28.9348506927,49.7030410767,176.94317627,39.9595985413,-35.5891914368,-1.11936795712],[-139.010025024,6.66604995728,39.2238349915,9.27676486969,28.6548233032,-22.0177021027,-17.5532779694,-4.59802293777,-0.0833943113685,39.9595985413,103.034820557,42.5414848328,4.05730772018],[-67.9889984131,-6.29360151291,-33.5690917969,-21.5642375946,22.7503871918,-35.6499023438,-29.0136528015,39.5494346619,3.14247131348,-35.5891914368,42.5414848328,111.745750427,41.4632987976],[-183.755950928,27.7730941772,21.4081172943,-11.992228508,33.9473686218,-15.7987041473,14.6382408142,11.6800174713,15.9812774658,-1.11936795712,4.05730772018,41.4632987976,104.741149902]],"icov":[[0.000214936517295,-0.0000660882215016,0.000211324790143,-0.0000974314825726,0.000238666325458,-0.000197641813429,0.000207680030144,-0.0000613346855971,0.000303456850816,-0.000122285055113,0.000211362683331,-0.0000583514593018,0.000178210408194],[-0.0000660882215016,0.00113596906886,-0.000016106530893,0.000485820142785,-0.000463394011604,0.000899364007637,-0.000511731777806,0.000663588289171,-0.000222721108003,-0.0000230303794524,0.0000099141152532,0.00016033295833,-0.000104994549474],[0.000211324790143,-0.000016106530893,0.00205496232957,-0.0000655900075799,-0.000180611852556,-0.0000849852440297,-0.00029296669527,0.000645898631774,-0.000417701841798,0.0000895115808817,-0.000885566754732,0.000928407884203,-0.000306404021103],[-0.0000974314825726,0.000485820142785,-0.0000655900075799,0.00433006789535,-0.00127976061776,-0.00146501744166,0.00164891511668,-0.000277126673609,0.00144769158214,-0.00183183629997,0.000322688021697,0.000439177150838,-0.000223137729336],[0.000238666325458,-0.000463394011604,-0.000180611852556,-0.00127976061776,0.00595206348225,0.000105028739199,-0.00115956366062,0.0011850267183,-0.000527319323737,0.00345455133356,-0.00279023894109,0.000646223605145,-0.00148173538037],[-0.000197641813429,0.000899364007637,-0.0000849852440297,-0.00146501744166,0.000105028739199,0.00882745441049,-0.00515435356647,0.00184890872333,0.0000354991861968,-0.00294859008864,0.00292720203288,-0.00231343926862,0.00184154196177],[0.000207680030144,-0.000511731777806,-0.00029296669527,0.00164891511668,-0.00115956366062,-0.00515435356647,0.010488585569,-0.00250107166357,-0.00133251107763,-8.75166108472e-7,-0.000129928055685,0.0033393627964,-0.00195346912369],[-0.0000613346855971,0.000663588289171,0.000645898631774,-0.000277126673609,0.0011850267183,0.00184890872333,-0.00250107166357,0.0069777155295,-0.00237605511211,0.00161184964236,-0.000179444788955,-0.00206389441155,0.000222667993512],[0.000303456850816,-0.000222721108003,-0.000417701841798,0.00144769158214,-0.000527319323737,0.0000354991861968,-0.00133251107763,-0.00237605511211,0.0108642512932,-0.00522706471384,0.0033303827513,-0.00253222836182,0.000629908870906],[-0.000122285055113,-0.0000230303794524,0.0000895115808817,-0.00183183629997,0.00345455133356,-0.00294859008864,-8.75166108472e-7,0.00161184964236,-0.00522706471384,0.0141304712743,-0.00983959250152,0.00714079802856,-0.00367756048217],[0.000211362683331,0.0000099141152532,-0.000885566754732,0.000322688021697,-0.00279023894109,0.00292720203288,-0.000129928055685,-0.000179444788955,0.0033303827513,-0.00983959250152,0.0199228096753,-0.0112200770527,0.00502674980089],[-0.0000583514593018,0.00016033295833,0.000928407884203,0.000439177150838,0.000646223605145,-0.00231343926862,0.0033393627964,-0.00206389441155,-0.00253222836182,0.00714079802856,-0.0112200770527,0.01957343705,-0.00793042313308],[0.000178210408194,-0.000104994549474,-0.000306404021103,-0.000223137729336,-0.00148173538037,0.00184154196177,-0.00195346912369,0.000222667993512,0.000629908870906,-0.00367756048217,0.00502674980089,-0.00793042313308,0.0137403458357]],"mean":[-704.065124512,187.969665527,-8.50747013092,11.0844326019,-6.28571414948,1.92468619347,1.58929383755,10.3290510178,1.03672707081,1.94820952415,-3.2781431675,-0.224449023604,-0.520523786545]},"pitch_salience":{"dmean":0.0784867182374,"dmean2":0.126433938742,"dvar":0.00453575514257,"dvar2":0.0113410763443,"max":0.976547837257,"mean":0.557507932186,"median":0.572421729565,"min":0.0906000733376,"var":0.0144078796729},"silence_rate_20dB":{"dmean":0,"dmean2":0,"dvar":0,"dvar2":0,"max":1,"mean":1,"median":1,"min":1,"var":0},"silence_rate_30dB":{"dmean":0.024442082271,"dmean2":0.0488906614482,"dvar":0.023844666779,"dvar2":0.0560659281909,"max":1,"mean":0.96812325716,"median":1,"min":0,"var":0.0308606158942},"silence_rate_60dB":{"dmean":0.0100956428796,"dmean2":0.0201939679682,"dvar":0.00999372079968,"dvar2":0.0213804319501,"max":1,"mean":0.0462212786078,"median":0,"min":0,"var":0.0440848730505},"spectral_centroid":{"dmean":159.109558105,"dmean2":233.143173218,"dvar":50787.6054688,"dvar2":90276.984375,"max":11076.6240234,"mean":782.086120605,"median":683.153320312,"min":185.030258179,"var":234881.078125},"spectral_complexity":{"dmean":3.03347492218,"dmean2":4.49900341034,"dvar":11.1593465805,"dvar2":20.6049880981,"max":57,"mean":15.5907821655,"median":15,"min":0,"var":55.5848312378},"spectral_contrast_coeffs":{"dmean":[0.055124796927,0.0513556972146,0.0437527000904,0.0317426882684,0.030139811337,0.0340268798172],"dmean2":[0.0896721929312,0.0848986506462,0.0721921250224,0.0519450232387,0.0477170534432,0.0527405887842],"dvar":[0.00197725510225,0.00166740326677,0.00125618756283,0.000652374583296,0.000734666711651,0.00113115890417],"dvar2":[0.00510958442464,0.00443369150162,0.00342933624052,0.00168623612262,0.0017468277365,0.00254387734458],"max":[-0.313403487206,-0.392413526773,-0.508599758148,-0.616435885429,-0.561493694782,-0.490008383989],"mean":[-0.649782001972,-0.749825537205,-0.75604480505,-0.808803856373,-0.808247387409,-0.801199793816],"median":[-0.653791427612,-0.75938719511,-0.759502410889,-0.809468388557,-0.810906231403,-0.821663856506],"min":[-0.963537335396,-0.987884104252,-0.969714701176,-0.981884837151,-0.969960987568,-0.962237298489],"var":[0.00840183719993,0.00571654178202,0.00440183095634,0.00215281452984,0.00333301001228,0.00512843299657]},"spectral_contrast_valleys":{"dmean":[0.417183816433,0.374768048525,0.354435861111,0.339898616076,0.427106797695,0.63378238678],"dmean2":[0.678055047989,0.596334040165,0.537103354931,0.512453794479,0.644397079945,0.990668237209],"dvar":[0.125539824367,0.105139635503,0.111203864217,0.117028132081,0.176477119327,0.262802898884],"dvar2":[0.303693443537,0.227108478546,0.224860414863,0.237259581685,0.392737030983,0.682642817497],"max":[-5.40749597549,-4.50476312637,-4.87792921066,-5.72200965881,-5.69660282135,-9.14820289612],"mean":[-7.23847961426,-6.39203119278,-6.86394834518,-7.84495067596,-8.34470462799,-11.2711734772],"median":[-7.10214042664,-6.22810745239,-6.71020555496,-7.71327352524,-8.23494052887,-11.1428136826],"min":[-27.7272129059,-27.4566917419,-27.4601230621,-27.4151153564,-27.3094329834,-27.3394527435],"var":[0.961789190769,1.09795856476,1.1247959137,1.10509335995,1.24566614628,1.04703366756]},"spectral_decrease":{"dmean":2.85779422349e-9,"dmean2":4.53250503796e-9,"dvar":1.24099045256e-17,"dvar2":3.09125600543e-17,"max":1.34862414569e-8,"mean":-5.21535303832e-9,"median":-3.45761952403e-9,"min":-5.01400876374e-8,"var":3.44077422494e-17},"spectral_energy":{"dmean":0.0130385151133,"dmean2":0.01934421435,"dvar":0.000213932347833,"dvar2":0.000489425030537,"max":0.229517027736,"mean":0.0398112647235,"median":0.0334950760007,"min":1.07008454203e-20,"var":0.00085580785526},"spectral_energyband_high":{"dmean":0.000174795597559,"dmean2":0.000243946429691,"dvar":1.95966919136e-7,"dvar2":3.78724649863e-7,"max":0.0124936141074,"mean":0.000319429876981,"median":0.0001378293382,"min":7.68744179685e-21,"var":4.47531590453e-7},"spectral_energyband_low":{"dmean":0.00553796486929,"dmean2":0.00892300065607,"dvar":0.0000951330875978,"dvar2":0.000244690832915,"max":0.155079632998,"mean":0.0099615259096,"median":0.00432716775686,"min":4.67361526822e-23,"var":0.000244436960202},"spectral_energyband_middle_high":{"dmean":0.00325098959729,"dmean2":0.00528812082484,"dvar":0.0000350590380549,"dvar2":0.000093886977993,"max":0.0671267732978,"mean":0.00585962319747,"median":0.00341938459314,"min":1.27098774987e-21,"var":0.0000475853121316},"spectral_energyband_middle_low":{"dmean":0.00665274029598,"dmean2":0.0100430501625,"dvar":0.0000861436492414,"dvar2":0.000188570091268,"max":0.17954865098,"mean":0.0153168272227,"median":0.0106484135613,"min":1.99636107895e-22,"var":0.000259591586655},"spectral_entropy":{"dmean":0.251294463873,"dmean2":0.391046971083,"dvar":0.0518189296126,"dvar2":0.123859658837,"max":9.80283641815,"mean":7.01431941986,"median":7.02096366882,"min":4.97774124146,"var":0.209490701556},"spectral_flux":{"dmean":0.0259038805962,"dmean2":0.0411209613085,"dvar":0.000693126872648,"dvar2":0.00157211278565,"max":0.321918845177,"mean":0.104758940637,"median":0.101866640151,"min":6.46632886125e-11,"var":0.00222232728265},"spectral_kurtosis":{"dmean":10.0908002853,"dmean2":16.0081310272,"dvar":137.570922852,"dvar2":346.698577881,"max":264.487854004,"mean":29.891450882,"median":25.6512870789,"min":-1.27422261238,"var":295.53213501},"spectral_rms":{"dmean":0.000993666588329,"dmean2":0.00143775774632,"dvar":9.09008406325e-7,"dvar2":0.00000194218523575,"max":0.0149639248848,"mean":0.00577084068209,"median":0.00571647845209,"min":3.23107556335e-12,"var":0.00000553765903533},"spectral_rolloff":{"dmean":2778.46386719,"dmean2":5380.30273438,"dvar":42352380,"dvar2":106287112,"max":22006.9335938,"mean":16640.34375,"median":21360.9375,"min":21.533203125,"var":74752936},"spectral_skewness":{"dmean":0.6814006567,"dmean2":1.0663985014,"dvar":0.474586009979,"dvar2":1.19552564621,"max":14.174905777,"mean":3.94042181969,"median":3.79191231728,"min":0.00152019667439,"var":1.47213387489},"spectral_spread":{"dmean":570951.375,"dmean2":910585.25,"dvar":371193643008,"dvar2":871880458240,"max":42422124,"mean":3416386,"median":3338284,"min":976256.5,"var":1420383092740},"spectral_strongpeak":{"dmean":8.79084873199,"dmean2":16.0633983612,"dvar":463.147827148,"dvar2":1228.71166992,"max":206.453094482,"mean":7.58930158615,"median":0.872205793858,"min":0,"var":447.515899658},"zerocrossingrate":{"dmean":0.0438009314239,"dmean2":0.0543263666332,"dvar":0.00147494929843,"dvar2":0.00221523083746,"max":0.84326171875,"mean":0.315859079361,"median":0.3203125,"min":0.02099609375,"var":0.0133576206863}},"metadata":{"audio_properties":{"analysis_sample_rate":44100,"bit_rate":214334,"codec":"mp3","downmix":"mix","equal_loudness":0,"length":174.786376953,"lossless":false,"md5_encoded":"4e725d607381b8a28976b6bf088f192f","replay_gain":2.91977500916,"sample_rate":44100},"tags":{"acoustid_id":["109ade2c-96ad-4739-afa5-50f584d057dd"],"album":["The Black and White Album"],"albumartist":["The Hives"],"artist":["The Hives"],"date":["2007"],"discnumber":["1/1"],"file_name":"13 - The Hives - Puppet on a String.mp3","musicbrainz_albumartistid":["487bfd74-71bf-46dd-b89c-80b7a0f06f2f"],"musicbrainz_albumid":["3f42eb42-4c79-400d-afa5-10de47311071"],"musicbrainz_artistid":["487bfd74-71bf-46dd-b89c-80b7a0f06f2f"],"musicbrainz_recordingid":["7c33c21f-10bb-41c6-99ce-0fc21681fa30"],"musicbrainz_releasegroupid":["fd41db70-4e44-3f67-8b2b-b2a9bfa7bc2e"],"replaygain_album_gain":["+0.50 dB"],"replaygain_album_peak":["0.317742"],"replaygain_track_gain":["+3.34 dB"],"replaygain_track_peak":["0.266161"],"title":["Puppet on a String"],"tracknumber":["13/14"]},"version":{"essentia":"2.1-beta1","essentia_build_sha":"e76a03f03bb3900de42a1fa0d9be1e72f12def64","essentia_git_sha":"v2.1_beta1-28-g21ef5f4-dirty","extractor":"music 1.0"}},"rhythm":{"beats_count":340,"beats_loudness":{"dmean":0.027139198035,"dmean2":0.0475647225976,"dvar":0.000541088695172,"dvar2":0.0015912335366,"max":0.163138374686,"mean":0.0644047185779,"median":0.0626035556197,"min":0.00000204505067813,"var":0.00119169289246},"beats_loudness_band_ratio":{"dmean":[0.217476859689,0.127174079418,0.121477119625,0.0904755592346,0.0221787467599,0.10633097589],"dmean2":[0.372538089752,0.221851423383,0.210158467293,0.156490534544,0.0403919778764,0.177983283997],"dvar":[0.0329349040985,0.015402671881,0.0112404953688,0.009442480281,0.000902819971088,0.006811468862],"dvar2":[0.0842308998108,0.0413293205202,0.0321581847966,0.0254976935685,0.00265765516087,0.0201293397695],"max":[0.925766706467,0.81224131