{"lowlevel":{"average_loudness":0.952686667442,"barkbands":{"dmean":[0.0000830476492411,0.00236559356563,0.00149879220407,0.000797696178779,0.00168804498389,0.000422665441874,0.000387441716157,0.000438074435806,0.000167459191289,0.000165047385963,0.00019759288989,0.000314776581945,0.000292392418487,0.000437655718997,0.000472412793897,0.000492987164762,0.000745558470953,0.000506931042764,0.000356110191206,0.000138334347866,0.000113541369501,0.0000687532301527,0.0000671469679219,0.0000479097325297,0.0000383998594771,0.0000210968355532,0.00000309883125738],"dmean2":[0.000117662319099,0.0041700815782,0.0026062563993,0.00137213827111,0.00288602081127,0.000696736911777,0.000616264238488,0.000659378303681,0.000256021477981,0.000261076871539,0.000303684500977,0.000500883790664,0.000460976414615,0.000704863574356,0.000764186726883,0.000799320114311,0.00120858161245,0.00081137282541,0.000582205830142,0.000231122772675,0.00018701973022,0.000106866958959,0.0000995928639895,0.0000684153928887,0.0000524878269061,0.0000328468013322,0.00000500848364027],"dvar":[2.54992027493e-8,0.0000290612679237,0.0000112021207315,0.00000144694433857,0.0000131643573695,5.43335431757e-7,6.12452765836e-7,0.0000013509073824,3.73000517584e-7,2.3187804743e-7,3.83904961154e-7,9.47608327806e-7,4.96784764437e-7,4.70005517172e-7,5.38613846857e-7,6.264835406e-7,9.65134518083e-7,5.96335212322e-7,2.21321187155e-7,6.31126013673e-8,2.34528485521e-8,1.02781978484e-8,4.20333918782e-8,2.25729639425e-8,1.44201059982e-8,2.50584131223e-9,4.85394224814e-11],"dvar2":[4.4857177528e-8,0.0000806480747997,0.0000309922543238,0.00000419823072662,0.0000356518212357,0.00000137547908707,0.00000140413453664,0.00000262189405476,7.56475685648e-7,5.46937826584e-7,7.85130509939e-7,0.00000197885765374,0.00000103474815205,0.00000106600691652,0.0000012865152712,0.00000148252297549,0.00000238066809288,0.00000133563560212,5.30442548552e-7,1.66455350836e-7,6.07776868833e-8,2.3516268044e-8,9.33814021664e-8,4.45907879509e-8,2.59692729543e-8,5.88669601953e-9,1.28768329333e-10],"max":[0.00170403847005,0.0405352264643,0.0386621765792,0.0214360505342,0.0417460873723,0.0100175691769,0.0134335448965,0.0232813712209,0.0271252393723,0.0189690217376,0.0205007772893,0.025811702013,0.0210206937045,0.0145804025233,0.0167695730925,0.0213924944401,0.013127123937,0.0227936450392,0.0115814516321,0.00497193681076,0.00201268889941,0.00199756026268,0.00816229451448,0.00416235765442,0.00248980824836,0.000903580919839,0.0000988674291875],"mean":[0.000102923433587,0.00238661910407,0.00179734162521,0.00120810244698,0.00206989469007,0.00063955684891,0.000622933439445,0.000763793825172,0.000273281388218,0.000307401001919,0.000319889921229,0.000569869182073,0.000504134863149,0.00081250211224,0.000919121142942,0.00104621693026,0.00184797751717,0.00122639816254,0.00088076107204,0.000276557984762,0.00032187346369,0.000156678375788,0.000138843024615,0.0000937549993978,0.0000765970689827,0.0000324640968756,0.00000508257744514],"median":[0.0000266194165306,0.000894497381523,0.000959874887485,0.00081243069144,0.00112636154518,0.00031609571306,0.000252369936788,0.000195543223526,0.000130886590341,0.000139087424031,0.000153642467922,0.000254284706898,0.000284586305497,0.000571805110667,0.000625697488431,0.000754784676246,0.00123647949658,0.000888031790964,0.000680420373101,0.000202775889193,0.000248092866968,0.000115777962492,0.0000832779478515,0.0000450797560916,0.000035248536733,0.0000139510693771,0.00000253666553363],"min":[8.3518171317e-24,1.4843351943e-23,4.21895236671e-24,1.16201080939e-23,1.27090161888e-23,2.12362570531e-23,2.20426858907e-23,1.78335228934e-23,4.53251550464e-23,2.40696829193e-23,4.66648491227e-23,5.50928844174e-23,7.82305344881e-23,1.07354250434e-22,8.74215907601e-23,1.18313636244e-22,1.32949896422e-22,1.54547039985e-22,1.70052637502e-22,2.81414200361e-22,2.8421206911e-22,3.1144640008e-22,4.69550760985e-22,5.89922251341e-22,1.09843375434e-21,1.5425932916e-21,2.28754758723e-21],"var":[3.84652949492e-8,0.0000219214434765,0.00000880708921613,0.00000172303452928,0.0000104969822132,7.91969341662e-7,0.00000132570994538,0.000003648036909,7.082539355e-7,6.23698724667e-7,7.7715134239e-7,0.00000267759605777,9.25836332044e-7,8.85419581209e-7,0.00000101826071841,0.00000127122177673,0.00000306294600705,0.00000159939418154,5.87726447066e-7,8.61839097865e-8,6.49705711453e-8,2.68068465203e-8,7.46812389707e-8,4.92587872714e-8,3.31675131804e-8,3.73956909883e-9,5.72422699519e-11]},"barkbands_crest":{"dmean":2.0307803154,"dmean2":3.38862776756,"dvar":4.5263171196,"dvar2":11.9004096985,"max":20.6036624908,"mean":6.69488763809,"median":5.90580463409,"min":2.34732294083,"var":8.5281124115},"barkbands_flatness_db":{"dmean":0.0133145237342,"dmean2":0.021155051887,"dvar":0.00018624299264,"dvar2":0.000474924308946,"max":0.252198308706,"mean":0.0863865762949,"median":0.0799987241626,"min":0.019911127165,"var":0.00107334123459},"barkbands_kurtosis":{"dmean":0.563547551632,"dmean2":0.96689581871,"dvar":0.951801240444,"dvar2":2.62361884117,"max":16.3582267761,"mean":-0.919203460217,"median":-1.2221570015,"min":-1.98845362663,"var":0.943324029446},"barkbands_skewness":{"dmean":0.408483475447,"dmean2":0.646302103996,"dvar":0.186855331063,"dvar2":0.480473846197,"max":3.33070707321,"mean":0.173560038209,"median":0.112768083811,"min":-4.00543546677,"var":0.423323780298},"barkbands_spread":{"dmean":5.1557674408,"dmean2":8.05801486969,"dvar":32.0249481201,"dvar2":69.4355697632,"max":165.696090698,"mean":39.5715255737,"median":38.3893089294,"min":10.1086969376,"var":224.688247681},"dissonance":{"dmean":0.00615493394434,"dmean2":0.0103711010888,"dvar":0.0000492968283652,"dvar2":0.000137775525218,"max":0.5,"mean":0.488488912582,"median":0.490660905838,"min":0.402508586645,"var":0.0000795514060883},"dynamic_complexity":2.95896291733,"erbbands":{"dmean":[0.059946347028,0.577989041805,1.65974891186,2.11477327347,5.27684211731,5.39376306534,2.80194711685,3.54544353485,4.94027137756,7.36844205856,8.65826320648,4.29236507416,4.20484972,5.73382949829,8.98247909546,13.9313726425,12.9617528915,22.2809333801,21.2149028778,23.1265468597,27.0763320923,37.8928833008,26.5209980011,25.1019077301,11.719461441,6.05657434464,5.59865188599,3.84733557701,2.42350363731,2.312510252,1.9285210371,1.27167797089,0.67214012146,0.459345251322,0.269575804472,0.124224290252,0.0316847115755,0.00532040838152,0.000512057216838,0.0000254213882727],"dmean2":[0.106503285468,1.01152169704,2.90633749962,3.60737609863,9.06018543243,9.20570468903,4.60731554031,5.8421421051,7.91564750671,11.539855957,12.8034219742,6.3232216835,6.7002120018,8.88429164886,13.8312110901,21.804693222,20.196937561,35.6934661865,34.5553894043,36.8191757202,43.8603744507,61.3420219421,41.6308059692,41.3822937012,18.7168903351,10.1130867004,9.32631111145,6.25427865982,3.78015351295,3.56307196617,2.8768222332,1.86201262474,0.959344446659,0.635274231434,0.38219127059,0.189166396856,0.049931768328,0.00856614951044,0.000819935346954,0.0000396108844143],"dvar":[0.014816056937,1.86171674728,14.9765319824,10.424952507,115.352149963,139.727523804,21.5913925171,46.029499054,115.488494873,283.149841309,698.378173828,270.632049561,198.500869751,253.045761108,1031.2076416,1916.82653809,1173.40002441,1304.03430176,1257.76989746,1483.15368652,1449.2121582,2380.79174805,1563.74572754,983.775756836,447.283233643,107.547645569,61.4251480103,26.3620929718,12.5068092346,21.4226932526,41.841091156,17.2357292175,4.2168507576,2.19175887108,0.701919555664,0.101825840771,0.00505425268784,0.000137259805342,0.00000133080015985,2.07771844174e-9],"dvar2":[0.0408991612494,5.16215276718,41.6053352356,29.0958385468,312.018707275,385.096832275,55.6219291687,115.352058411,268.103027344,604.385192871,1298.7722168,543.083312988,461.473266602,597.218261719,2298.39697266,3844.97387695,2330.45947266,2964.86254883,3048.63671875,3419.42431641,3542.59570312,5658.49121094,3413.19970703,2501.08105469,990.422119141,279.62890625,161.913467407,66.8486633301,28.4326190948,45.9943809509,94.5488128662,36.4247970581,7.85544013977,3.9297940731,1.37077379227,0.224781394005,0.0122446650639,0.000360398029443,0.0000035356679291,5.2997215505e-9],"max":[0.900097668171,10.2911262512,38.7744102478,42.8601913452,120.929901123,143.054229736,63.9245185852,96.2253723145,200.631713867,403.758605957,609.18762207,652.286193848,720.451904297,466.329986572,940.749328613,1308.85339355,1075.05627441,815.985107422,1086.35241699,905.641784668,1320.22216797,686.534973145,771.344543457,862.279174805,674.702514648,224.633224487,98.5613479614,76.2336807251,55.7783470154,133.19871521,294.293884277,141.319335938,49.3192138672,30.3097858429,22.2152900696,6.92744112015,1.38719701767,0.1559420228,0.0167060922831,0.000529550132342],"mean":[0.0622946284711,0.565309822559,1.91335237026,3.49481844902,6.12709617615,6.90609455109,4.51454973221,5.10740327835,8.12622737885,11.3088083267,16.6027736664,7.56735992432,7.63139772415,11.0457820892,15.6872768402,26.9633197784,24.0901203156,42.8418273926,43.8425140381,50.5481376648,68.0852050781,96.3195343018,70.6171569824,63.5728645325,28.0077590942,13.2808704376,14.3812713623,10.3028745651,5.59571313858,5.08573579788,3.90237212181,2.4055891037,1.35055291653,0.923631131649,0.503991603851,0.194089889526,0.0489754602313,0.00846538320184,0.000858321669511,0.0000609028902545],"median":[0.0223105251789,0.214612573385,0.983220696449,2.52478456497,3.24379372597,3.43628191948,2.61484122276,2.366492033,3.04612874985,4.36172771454,4.5109577179,3.51708483696,4.2284245491,4.93034553528,8.39546489716,11.9612369537,14.2504281998,29.7164173126,31.6413574219,34.3792495728,51.7118988037,69.3778686523,48.5735282898,51.6896820068,19.9963779449,10.2499065399,11.4862070084,7.77709627151,4.01339435577,3.60994577408,2.2695941925,1.13115930557,0.678610861301,0.435684025288,0.2155392766,0.0784323737025,0.0222371723503,0.00415915437043,0.000428623432526,0.0000475309097965],"min":[8.98780405101e-22,1.528645423e-21,7.65779981191e-21,1.74792601526e-20,4.04202743365e-20,2.37127720798e-20,1.23761638802e-19,1.53520805507e-19,1.25363293112e-19,3.30962666202e-19,5.75672624994e-19,1.14610826613e-18,2.13061873459e-18,1.29948357832e-18,2.01020357128e-18,2.54435938094e-18,3.73121528783e-18,5.11659971161e-18,5.79312385125e-18,4.83676616475e-18,7.7288340181e-18,8.77177311291e-18,7.99851805885e-18,8.06790362299e-18,1.43779806155e-17,1.34676096216e-17,1.0107916302e-17,1.38464773673e-17,1.00741549253e-17,1.08707679055e-17,1.433585727e-17,1.28216948869e-17,1.00683539077e-17,1.10720887773e-17,7.7324479702e-18,5.49049899697e-18,2.64046887593e-18,1.23493495281e-18,2.81650293985e-19,3.5220339125e-20],"var":[0.0129143260419,1.33297133446,10.917222023,11.9814472198,93.9297637939,117.066688538,33.2966461182,64.1162338257,252.131271362,535.770507812,2132.15820312,500.328094482,356.627838135,787.038818359,1555.1451416,6383.11572266,2144.24804688,2755.11621094,2201.36279297,3033.48486328,3747.6171875,6951.40039062,5016.98388672,2462.02758789,1035.96911621,160.856964111,123.638366699,76.3296813965,32.4272575378,49.1447563171,67.2170715332,32.449836731,10.1141691208,5.14631795883,1.41926538944,0.166324734688,0.00727014616132,0.000166288038599,0.00000158081502377,3.06805070238e-9]},"erbbands_crest":{"dmean":1.73449420929,"dmean2":2.85979914665,"dvar":2.73040676117,"dvar2":6.85896062851,"max":27.3343257904,"mean":7.5901722908,"median":6.99331235886,"min":2.19700527191,"var":7.76578235626},"erbbands_flatness_db":{"dmean":0.0137568023056,"dmean2":0.0203403010964,"dvar":0.000181307521416,"dvar2":0.000365429441445,"max":0.273196339607,"mean":0.154827266932,"median":0.151703357697,"min":0.0203268453479,"var":0.00116958213039},"erbbands_kurtosis":{"dmean":0.988209009171,"dmean2":1.54433131218,"dvar":1.02672040462,"dvar2":2.42909789085,"max":16.0995922089,"mean":1.79480242729,"median":1.46059942245,"min":-1.65799748898,"var":3.71586441994},"erbbands_skewness":{"dmean":0.249115034938,"dmean2":0.377374410629,"dvar":0.051850605756,"dvar2":0.112656235695,"max":1.28833425045,"mean":-0.951695382595,"median":-0.970657229424,"min":-3.60215163231,"var":0.296267986298},"erbbands_spread":{"dmean":5.86407423019,"dmean2":9.36242389679,"dvar":38.457359314,"dvar2":94.5949630737,"max":162.109237671,"mean":27.2725868225,"median":25.4116783142,"min":7.49405574799,"var":128.951065063},"gfcc":{"cov":[[22055.9804688,828.50189209,-1584.16235352,733.690368652,-1380.60656738,-31.0803756714,-713.267089844,661.249267578,-211.768997192,223.060165405,-81.9426574707,20.2820720673,-432.442352295],[828.50189209,1052.28540039,-525.321533203,95.665473938,74.9282073975,-104.384643555,146.808410645,-77.1086807251,32.0458374023,-30.9457073212,37.3527793884,-40.6209564209,34.8803901672],[-1584.16235352,-525.321533203,552.312316895,-41.2129058838,86.0803451538,82.8908843994,-23.7238674164,2.05985236168,-2.37145781517,17.1825065613,-20.5647315979,36.8772621155,8.40631580353],[733.690368652,95.665473938,-41.2129058838,198.703552246,-20.5335578918,9.25939655304,-45.8224220276,6.96155452728,15.6941070557,-1.97870540619,12.4214820862,-1.77084517479,16.1800060272],[-1380.60656738,74.9282073975,86.0803451538,-20.5335578918,279.130340576,25.5437278748,85.3466339111,-54.4592323303,14.3244609833,-4.79368925095,-11.8890151978,16.833946228,38.7343292236],[-31.0803756714,-104.384643555,82.8908843994,9.25939655304,25.5437278748,139.828933716,34.5682487488,19.1938323975,-12.1962394714,-6.29844284058,-1.59889435768,7.58782625198,-2.90287947655],[-713.267089844,146.808410645,-23.7238674164,-45.8224220276,85.3466339111,34.5682487488,178.054580688,4.28017759323,15.8033161163,-12.1606378555,14.8311815262,-6.03395462036,9.71714305878],[661.249267578,-77.1086807251,2.05985236168,6.96155452728,-54.4592323303,19.1938323975,4.28017759323,120.647216797,30.8456401825,27.6557884216,11.5563983917,1.54229974747,-20.6794185638],[-211.768997192,32.0458374023,-2.37145781517,15.6941070557,14.3244609833,-12.1962394714,15.8033161163,30.8456401825,71.7755355835,26.3291873932,17.1279945374,-1.79380297661,6.35270786285],[223.060165405,-30.9457073212,17.1825065613,-1.97870540619,-4.79368925095,-6.29844284058,-12.1606378555,27.6557884216,26.3291873932,55.348991394,15.5696687698,11.0430450439,-9.50170326233],[-81.9426574707,37.3527793884,-20.5647315979,12.4214820862,-11.8890151978,-1.59889435768,14.8311815262,11.5563983917,17.1279945374,15.5696687698,53.0976982117,9.71556854248,3.88842177391],[20.2820720673,-40.6209564209,36.8772621155,-1.77084517479,16.833946228,7.58782625198,-6.03395462036,1.54229974747,-1.79380297661,11.0430450439,9.71556854248,49.5264625549,18.1304473877],[-432.442352295,34.8803901672,8.40631580353,16.1800060272,38.7343292236,-2.90287947655,9.71714305878,-20.6794185638,6.35270786285,-9.50170326233,3.88842177391,18.1304473877,56.0675811768]],"icov":[[0.000343688938301,-0.00048795202747,0.000635658623651,-0.000967630068772,0.000877582991961,-0.000503998657223,0.000776941538788,-0.00162435905077,0.00167888496071,-0.00154123664834,0.00175837869756,-0.00170598679688,0.00175048364326],[-0.00048795202747,0.00380212231539,0.00170749111567,-0.000251310470048,-0.00201399507932,0.00200800294988,-0.00355784595013,0.00405908282846,-0.00294819660485,0.00197435216978,-0.00294335512444,0.00289856735617,-0.00276782782748],[0.000635658623651,0.00170749111567,0.00574898440391,-0.00243830564432,0.000220083253225,-0.00141587795224,0.000454874389106,-0.00158874015324,0.00219318037853,-0.00349800055847,0.00361994793639,-0.00391737185419,0.00296643399633],[-0.000967630068772,-0.000251310470048,-0.00243830564432,0.00993332639337,-0.00229848455638,-0.000925024331082,0.00185080221854,0.00327339069918,-0.00630288617685,0.00581490620971,-0.00656422181055,0.00576608814299,-0.00709100672975],[0.000877582991961,-0.00201399507932,0.000220083253225,-0.00229848455638,0.00837821792811,-0.00205481308512,-0.000508142868057,-0.00146616681013,0.00258787279017,-0.00539225246757,0.0073045254685,-0.00585254328325,0.00248363940045],[-0.000503998657223,0.00200800294988,-0.00141587795224,-0.000925024331082,-0.00205481308512,0.0108926221728,-0.00469841994345,0.000800386129413,0.000370736583136,0.00322341523133,-0.00278219534084,0.00166129588615,-0.00140422489494],[0.000776941538788,-0.00355784595013,0.000454874389106,0.00185080221854,-0.000508142868057,-0.00469841994345,0.0130461230874,-0.00663624843583,0.00223652250133,0.000272261589998,0.000325227418216,-0.0021309547592,0.00346189364791],[-0.00162435905077,0.00405908282846,-0.00158874015324,0.00327339069918,-0.00146616681013,0.000800386129413,-0.00663624843583,0.0215202309191,-0.0137782758102,0.00373042444699,-0.00728121399879,0.0060773845762,-0.00488526467234],[0.00167888496071,-0.00294819660485,0.00219318037853,-0.00630288617685,0.00258787279017,0.000370736583136,0.00223652250133,-0.0137782758102,0.0313406288624,-0.0170173216611,0.00504523469135,-0.00236250110902,0.00301422853954],[-0.00154123664834,0.00197435216978,-0.00349800055847,0.00581490620971,-0.00539225246757,0.00322341523133,0.000272261589998,0.00373042444699,-0.0170173216611,0.036696780473,-0.0137931061909,0.000233439903241,-0.0000202107476071],[0.00175837869756,-0.00294335512444,0.00361994793639,-0.00656422181055,0.0073045254685,-0.00278219534084,0.000325227418216,-0.00728121399879,0.00504523469135,-0.0137931061909,0.0340291783214,-0.0142565304413,0.00815348606557],[-0.00170598679688,0.00289856735617,-0.00391737185419,0.00576608814299,-0.00585254328325,0.00166129588615,-0.0021309547592,0.0060773845762,-0.00236250110902,0.000233439903241,-0.0142565304413,0.0377309918404,-0.0202028751373],[0.00175048364326,-0.00276782782748,0.00296643399633,-0.00709100672975,0.00248363940045,-0.00140422489494,0.00346189364791,-0.00488526467234,0.00301422853954,-0.0000202107476071,0.00815348606557,-0.0202028751373,0.0360925458372]],"mean":[2.51640868187,65.0776138306,-135.74395752,46.8910064697,-31.5446720123,8.18833827972,-41.1954078674,6.08590459824,-22.8603610992,-0.322108536959,-19.0847797394,0.573354482651,-16.1198215485]},"hfc":{"dmean":6.31867790222,"dmean2":9.46462154388,"dvar":63.7386245728,"dvar2":133.197052002,"max":125.557029724,"mean":27.0719127655,"median":23.7764930725,"min":1.11174066944e-16,"var":257.796600342},"melbands":{"dmean":[0.000594106444623,0.000837059982587,0.000419164513005,0.000437427050201,0.000106509214675,0.00008019174129,0.0000765425502323,0.0000825444221846,0.0000658321368974,0.0000251579513133,0.0000210952075577,0.0000232112943195,0.0000280145650322,0.0000347607347067,0.0000336675584549,0.0000305787507386,0.0000460216360807,0.0000337737219525,0.0000344736326952,0.0000351126291207,0.0000370890265913,0.0000426641090598,0.000038319885789,0.0000230448131333,0.0000230272562476,0.000011432219253,0.00000595725714447,0.00000409679523727,0.00000406882008974,0.00000312487441079,0.00000226865722652,0.00000153295945893,0.00000138532357141,0.0000013381915096,0.00000123941470065,9.70920950749e-7,7.65022662108e-7,5.13422492077e-7,4.15093694528e-7,4.08301019661e-7],"dmean2":[0.0010493514128,0.00145673612133,0.000712977489457,0.000752022897359,0.000176005851245,0.000131778971991,0.000122577635921,0.000128969200887,0.000097448741144,0.0000378118966182,0.0000337538585882,0.0000361826059816,0.0000430043655797,0.0000553918653168,0.0000524854112882,0.0000488910700369,0.0000739294628147,0.0000553277459403,0.0000554186262889,0.0000569421172258,0.0000607192741882,0.0000697674695402,0.0000613508091192,0.0000370165726054,0.0000382325706596,0.0000186048473552,0.00000970854398474,0.0000069265829552,0.00000681786468704,0.00000518519163961,0.00000368080031876,0.00000243614090323,0.0000021932294203,0.00000209120912587,0.00000189883076018,0.00000145246360717,0.00000113991563921,7.52531832404e-7,5.96155416588e-7,5.71405905703e-7],"dvar":[0.00000168057624705,0.00000391940557165,3.9962733922e-7,9.18924172311e-7,3.28763825053e-8,2.20465192768e-8,2.58185846036e-8,3.80507998443e-8,4.38351861476e-8,9.44469835673e-9,5.00316588159e-9,4.30665325624e-9,9.33544619386e-9,9.64896607059e-9,9.834056236e-9,5.23567500466e-9,5.27571364373e-9,3.31047278479e-9,2.80141443376e-9,4.06624112159e-9,2.58073118431e-9,2.87166201929e-9,3.32441185691e-9,1.09605668985e-9,8.23608736766e-10,2.90631241295e-10,1.78183204302e-10,4.10743938861e-11,3.4071977878e-11,1.72043056884e-11,9.30738645877e-12,4.87485529374e-12,5.26831096109e-12,9.34851761974e-12,1.75303608435e-11,9.50130599198e-12,6.46717488589e-12,2.43830736851e-12,1.6864652036e-12,1.71531842549e-12],"dvar2":[0.00000463012838736,0.0000108652866402,0.000001102069632,0.00000250238281296,8.78340884469e-8,5.50434151592e-8,5.95221116839e-8,8.08023656873e-8,8.28069133263e-8,1.94898621686e-8,1.17509992847e-8,1.00927728397e-8,1.97094802701e-8,2.0509638432e-8,2.18161098076e-8,1.15483533847e-8,1.21909620177e-8,8.01574273623e-9,6.6141372379e-9,9.46473743824e-9,6.53135989737e-9,7.00380775598e-9,7.49299022829e-9,2.51811105301e-9,2.13500994661e-9,6.61692756143e-10,4.29091095988e-10,1.09197338671e-10,9.06835509462e-11,4.51017868885e-11,2.4117662728e-11,1.17539320291e-11,1.22299713759e-11,2.08269772956e-11,4.13284233225e-11,2.0237495707e-11,1.4214685852e-11,4.80832387795e-12,3.2394234864e-12,3.12395573819e-12],"max":[0.00968695897609,0.0183897577226,0.00870673172176,0.0109595805407,0.00207690661773,0.00192596937995,0.00266013829969,0.00518298847601,0.00484885042533,0.00363356503658,0.00360144977458,0.0019168604631,0.00320235639811,0.00258143059909,0.00281614554115,0.00212278938852,0.00153583381325,0.00176870182622,0.00099272467196,0.00136591691989,0.00136918772478,0.000872790231369,0.00103672384284,0.00090783595806,0.000706081453245,0.000421399221523,0.000316074962029,0.000108535619802,0.0000810333294794,0.0000553271711397,0.0000464835029561,0.0000305957728415,0.0000447280799563,0.000101813231595,0.0001816789445,0.000121525401482,0.0000880250590853,0.0000397898911615,0.0000290148236672,0.0000277735634882],"mean":[0.000614000833593,0.000934410723858,0.000664088816848,0.000515840481967,0.000174321146915,0.000118483883853,0.000126644823467,0.000127116203657,0.000126347629703,0.0000413593188568,0.0000370679190382,0.0000432067863585,0.0000467191239295,0.0000641127553536,0.0000593258555455,0.0000541032532055,0.0000829683631309,0.0000656656484352,0.0000675007831887,0.0000705149577698,0.0000839848362375,0.000100981924334,0.0000853179371916,0.000054314146837,0.0000528793461854,0.0000259434382315,0.0000110014352686,0.0000082060960267,0.00000926710617932,0.00000778490357334,0.00000530809438715,0.00000319553396366,0.00000283151007352,0.00000273196701528,0.00000234989011005,0.00000179320250027,0.00000135437142035,9.72210045802e-7,7.89640864696e-7,7.82478650763e-7],"median":[0.000220982474275,0.000458571477793,0.000480982940644,0.000263626978267,0.000109245745989,0.0000544800132047,0.0000492432227475,0.0000460025585198,0.000033337262721,0.0000204532734642,0.0000199754649657,0.0000180966726475,0.000023762400815,0.0000304079585476,0.0000284071411443,0.0000313981836371,0.0000565490336157,0.0000461997769889,0.0000460682931589,0.0000464669174107,0.0000606079811405,0.0000741026960895,0.0000518283013662,0.0000395503739128,0.0000423446945206,0.00001950299702,0.00000627440977041,0.00000618674494035,0.00000713519511919,0.00000598333508606,0.00000385699559047,0.00000221050618165,0.00000194241897589,0.00000183104998541,0.00000132417096665,9.08513925424e-7,5.8534777736e-7,4.80300457184e-7,3.75628161464e-7,3.54871190211e-7],"min":[7.46896976051e-24,4.12422082162e-24,5.26726449607e-24,3.34258667115e-24,3.96057004911e-24,3.33487121707e-24,2.54367074762e-24,3.65049367639e-24,5.47976311355e-24,6.54313065328e-24,9.55235456664e-24,4.66209655794e-24,6.6151895471e-24,6.22234825478e-24,6.83543793411e-24,8.14738856128e-24,9.33264260504e-24,9.74886376244e-24,6.15217947169e-24,5.10785700637e-24,9.8824944332e-24,8.92058821095e-24,5.27141193228e-24,4.88706824963e-24,6.47359966423e-24,7.2727737425e-24,9.48103207448e-24,8.27328602859e-24,5.4415869789e-24,6.87991154537e-24,8.35242218802e-24,5.86845894181e-24,4.79981431706e-24,6.13005902305e-24,8.24425910272e-24,7.4320439704e-24,7.59461715891e-24,6.73113868953e-24,8.87493919695e-24,8.79063205429e-24],"var":[0.00000135648497235,0.00000280529957308,4.25951640182e-7,7.20062473647e-7,4.175567625e-8,3.23883817543e-8,5.85064334757e-8,7.37534477935e-8,1.30212058025e-7,1.6131730618e-8,8.86875195505e-9,1.41230440676e-8,1.76723897738e-8,2.6905414785e-8,1.95976941342e-8,9.42524813752e-9,1.02499919663e-8,5.4492774737e-9,5.59451818205e-9,7.58136309287e-9,6.5382521619e-9,7.95339438753e-9,8.59153992394e-9,3.07178771308e-9,1.88097826204e-9,6.8421857069e-10,3.07161102109e-10,5.78662673334e-11,5.99710003879e-11,4.12470266276e-11,2.39092495802e-11,1.11563900479e-11,1.20712849438e-11,1.85115204415e-11,2.58957178617e-11,1.7042268638e-11,1.14950939392e-11,5.4517709791e-12,3.76957536366e-12,3.91096443425e-12]},"melbands_crest":{"dmean":3.11775946617,"dmean2":5.2095785141,"dvar":8.73916244507,"dvar2":23.3061733246,"max":35.8525390625,"mean":11.4224157333,"median":10.8452367783,"min":2.10453367233,"var":19.8554019928},"melbands_flatness_db":{"dmean":0.0202968753874,"dmean2":0.0320250093937,"dvar":0.000483575800899,"dvar2":0.00121497258078,"max":0.29686242342,"mean":0.130115658045,"median":0.122999556363,"min":0.00645823031664,"var":0.00184080493636},"melbands_kurtosis":{"dmean":2.41794490814,"dmean2":4.1122303009,"dvar":20.3602199554,"dvar2":56.2302055359,"max":128.975631714,"mean":2.03070569038,"median":0.368757247925,"min":-1.7915545702,"var":40.188041687},"melbands_skewness":{"dmean":0.569840252399,"dmean2":0.912145733833,"dvar":0.439423501492,"dvar2":1.15226054192,"max":10.1869544983,"mean":1.41836833954,"median":1.24107432365,"min":-0.735660135746,"var":1.0087556839},"melbands_spread":{"dmean":11.4655628204,"dmean2":17.7858963013,"dvar":134.943435669,"dvar2":325.115600586,"max":181.180847168,"mean":55.8313522339,"median":55.6507987976,"min":6.11628103256,"var":425.208618164},"mfcc":{"cov":[[10673.2304688,675.667297363,-224.24041748,500.50692749,-65.5180969238,-247.880462646,-201.925323486,82.7459945679,-92.4028015137,15.7383699417,79.3220291138,111.976776123,37.3018875122],[675.667297363,869.635681152,-390.541351318,188.024108887,-49.3365745544,70.9462890625,49.6102561951,22.6545944214,24.1800880432,-14.0749578476,30.6733055115,17.9921970367,-16.5111732483],[-224.24041748,-390.541351318,340.623077393,-77.3995132446,47.7816047668,-2.68151402473,-19.4549503326,-5.43604278564,-10.825378418,2.56334400177,-21.1528930664,-2.57485127449,9.84358406067],[500.50692749,188.024108887,-77.3995132446,188.738113403,36.4366989136,10.8295307159,-20.9076461792,-4.96797895432,7.01381874084,-4.47793102264,-2.07709717751,0.621545135975,2.38673830032],[-65.5180969238,-49.3365745544,47.7816047668,36.4366989136,166.578475952,47.22889328,-6.96270084381,-4.96136474609,10.280459404,-0.0464733317494,-13.8286600113,-12.6509494781,-11.3161182404],[-247.880462646,70.9462890625,-2.68151402473,10.8295307159,47.22889328,128.162277222,53.418056488,18.7160377502,8.39517688751,-7.89640760422,-5.9412894249,-13.8013238907,-11.8326282501],[-201.925323486,49.6102561951,-19.4549503326,-20.9076461792,-6.96270084381,53.418056488,100.532348633,45.2370452881,12.437869072,9.13015937805,3.9485681057,-1.95261824131,-4.60820245743],[82.7459945679,22.6545944214,-5.43604278564,-4.96797895432,-4.96136474609,18.7160377502,45.2370452881,72.0395736694,24.8751564026,13.9938516617,7.9356970787,8.54061317444,6.67931032181],[-92.4028015137,24.1800880432,-10.825378418,7.01381874084,10.280459404,8.39517688751,12.437869072,24.8751564026,58.4166717529,19.5449771881,6.27810239792,5.6102347374,-1.01914846897],[15.7383699417,-14.0749578476,2.56334400177,-4.47793102264,-0.0464733317494,-7.89640760422,9.13015937805,13.9938516617,19.5449771881,56.1402130127,27.1613826752,9.52524471283,2.89789152145],[79.3220291138,30.6733055115,-21.1528930664,-2.07709717751,-13.8286600113,-5.9412894249,3.9485681057,7.9356970787,6.27810239792,27.1613826752,50.1975822449,26.3586807251,7.33296442032],[111.976776123,17.9921970367,-2.57485127449,0.621545135975,-12.6509494781,-13.8013238907,-1.95261824131,8.54061317444,5.6102347374,9.52524471283,26.3586807251,54.231754303,20.5319099426],[37.3018875122,-16.5111732483,9.84358406067,2.38673830032,-11.3161182404,-11.8326282501,-4.60820245743,6.67931032181,-1.01914846897,2.89789152145,7.33296442032,20.5319099426,43.4296417236]],"icov":[[0.000134210349643,-0.000109088214231,-0.000089284410933,-0.000299720821204,0.00000280741437564,0.000254402926657,0.000309877854306,-0.000540122680832,0.000451922416687,-0.0000724279816495,-0.0000705294514773,-0.000140297313919,0.00015962915495],[-0.000109088214231,0.00338205765001,0.00306381448172,-0.00193542649504,0.00100588565692,-0.00192988757044,-0.000727855134755,0.000391408801079,-0.000842437788378,0.00108181126416,-0.000602821819484,-0.00126043683849,0.000996004440822],[-0.000089284410933,0.00306381448172,0.00665288371965,0.000198560737772,-0.00051144749159,-0.00197955244221,0.000650130270515,-0.000238463195274,0.000282546301605,-0.000540990091395,0.0019728417974,-0.00188077939674,-0.000245495612035],[-0.000299720821204,-0.00193542649504,0.000198560737772,0.00888516940176,-0.0024026632309,-0.000311551411869,0.00197179289535,0.000674319046084,-0.00100848940201,-0.000642570783384,0.00151649175677,0.000822887930553,-0.00224297353998],[0.00000280741437564,0.00100588565692,-0.00051144749159,-0.0024026632309,0.00852063577622,-0.0040890192613,0.00177172699478,0.000433385837823,-0.00139442295767,-0.00113002024591,0.00148742843885,-0.000484042830067,0.00187576236203],[0.000254402926657,-0.00192988757044,-0.00197955244221,-0.000311551411869,-0.0040890192613,0.0141734154895,-0.00678315712139,-0.000334670272423,0.0000278310217254,0.00326490472071,-0.00225640437566,0.00282947719097,0.00046760198893],[0.000309877854306,-0.000727855134755,0.000650130270515,0.00197179289535,0.00177172699478,-0.00678315712139,0.0203227940947,-0.0114870481193,0.00292534544133,-0.00335353077389,0.00157643062994,-0.000377610034775,0.00194276869297],[-0.000540122680832,0.000391408801079,-0.000238463195274,0.000674319046084,0.000433385837823,-0.000334670272423,-0.0114870481193,0.0256001129746,-0.00942210201174,-0.000624368956778,0.0000197827193915,-0.000747305341065,-0.00433409120888],[0.000451922416687,-0.000842437788378,0.000282546301605,-0.00100848940201,-0.00139442295767,0.0000278310217254,0.00292534544133,-0.00942210201174,0.0248039513826,-0.00849672034383,0.0035219443962,-0.00318257627077,0.00274562882259],[-0.0000724279816495,0.00108181126416,-0.000540990091395,-0.000642570783384,-0.00113002024591,0.00326490472071,-0.00335353077389,-0.000624368956778,-0.00849672034383,0.0301538705826,-0.0181129425764,0.00489260442555,-0.000499447749462],[-0.0000705294514773,-0.000602821819484,0.0019728417974,0.00151649175677,0.00148742843885,-0.00225640437566,0.00157643062994,0.0000197827193915,0.0035219443962,-0.0181129425764,0.0391463190317,-0.0166369862854,0.00178478658199],[-0.000140297313919,-0.00126043683849,-0.00188077939674,0.000822887930553,-0.000484042830067,0.00282947719097,-0.000377610034775,-0.000747305341065,-0.00318257627077,0.00489260442555,-0.0166369862854,0.0318183153868,-0.0118925319985],[0.00015962915495,0.000996004440822,-0.000245495612035,-0.00224297353998,0.00187576236203,0.00046760198893,0.00194276869297,-0.00433409120888,0.00274562882259,-0.000499447749462,0.00178478658199,-0.0118925319985,0.0303538218141]],"mean":[-625.750976562,92.8319778442,-31.5658912659,37.2174339294,20.5993537903,9.20713043213,-2.89334559441,5.16095781326,-1.22840487957,-3.24056816101,1.32395935059,1.74590539932,-4.89082431793]},"pitch_salience":{"dmean":0.0595413781703,"dmean2":0.0985550284386,"dvar":0.00321685266681,"dvar2":0.00869343709201,"max":0.827656567097,"mean":0.622372448444,"median":0.638370990753,"min":0.276684492826,"var":0.00744326971471},"silence_rate_20dB":{"dmean":0,"dmean2":0,"dvar":0,"dvar2":0,"max":1,"mean":1,"median":1,"min":1,"var":0},"silence_rate_30dB":{"dmean":0,"dmean2":0,"dvar":0,"dvar2":0,"max":1,"mean":1,"median":1,"min":1,"var":0},"silence_rate_60dB":{"dmean":0.000316255522193,"dmean2":0.000632611103356,"dvar":0.000316174671752,"dvar2":0.000632174545899,"max":1,"mean":0.0535968393087,"median":0,"min":0,"var":0.0507241003215},"spectral_centroid":{"dmean":183.815765381,"dmean2":287.970123291,"dvar":62775.0859375,"dvar2":137757.9375,"max":10657.2558594,"mean":2260.05859375,"median":2302.78735352,"min":641.251342773,"var":181883.34375},"spectral_complexity":{"dmean":3.65844392776,"dmean2":5.78586101532,"dvar":11.2625761032,"dvar2":26.0766773224,"max":57,"mean":31.1686954498,"median":32,"min":0,"var":87.7936935425},"spectral_contrast_coeffs":{"dmean":[0.0495032817125,0.0418636798859,0.0323437228799,0.0288022402674,0.0223363190889,0.0161473453045],"dmean2":[0.0808455273509,0.0680005177855,0.0524562261999,0.0473626665771,0.0368006378412,0.0253223124892],"dvar":[0.00186816125643,0.00126086687669,0.00070624059299,0.000521000416484,0.000332466792315,0.000209837904549],"dvar2":[0.00487577961758,0.00315118092112,0.00174616579898,0.00134263269138,0.000860423489939,0.000461024726974],"max":[-0.341504216194,-0.494818925858,-0.507090508938,-0.600018978119,-0.613626718521,-0.602421402931],"mean":[-0.656583487988,-0.760199487209,-0.803292691708,-0.778604090214,-0.761780440807,-0.736672580242],"median":[-0.659851908684,-0.766471147537,-0.81020450592,-0.781236350536,-0.76116001606,-0.732911348343],"min":[-0.962400019169,-0.968294918537,-0.965201675892,-0.965117156506,-0.967259764671,-0.963540494442],"var":[0.00522804027423,0.00431908853352,0.00285813491791,0.00191535719205,0.00171816465445,0.00177388358861]},"spectral_contrast_valleys":{"dmean":[0.393391430378,0.357667088509,0.26508924365,0.224333941936,0.185605168343,0.232126876712],"dmean2":[0.63752245903,0.578070342541,0.43659055233,0.361879497766,0.297519266605,0.31434571743],"dvar":[0.176532313228,0.172050148249,0.111636638641,0.10422322154,0.106366403401,0.127627044916],"dvar2":[0.398463129997,0.40246745944,0.242257624865,0.22196470201,0.217349991202,0.230197846889],"max":[-5.44655895233,-5.05773019791,-5.98383378983,-5.95023870468,-5.6304936409,-7.67456388474],"mean":[-7.47872829437,-7.25166893005,-7.52056312561,-7.17362594604,-6.95405578613,-10.0929412842],"median":[-7.26182937622,-6.96523284912,-7.22445392609,-6.90419864655,-6.64832639694,-9.68243122101],"min":[-27.1124153137,-27.4958381653,-27.1233024597,-27.2705478668,-27.5053672791,-27.2632102966],"var":[2.15586328506,2.76257586479,2.31435871124,2.15347409248,2.33616781235,2.33967709541]},"spectral_decrease":{"dmean":1.79074655104e-9,"dmean2":2.89975909951e-9,"dvar":7.40043338875e-18,"dvar2":1.91984930948e-17,"max":5.53564254433e-17,"mean":-4.48969572631e-9,"median":-3.64699959121e-9,"min":-2.49323903745e-8,"var":9.55610328819e-18},"spectral_energy":{"dmean":0.00719134090468,"dmean2":0.011590173468,"dvar":0.000113738293294,"dvar2":0.000291958509479,"max":0.100428275764,"mean":0.0194006394595,"median":0.0162575729191,"min":1.02323130346e-20,"var":0.000159801566042},"spectral_energyband_high":{"dmean":0.000324881199049,"dmean2":0.000479730748339,"dvar":3.18202239669e-7,"dvar2":6.39417407911e-7,"max":0.0152454609051,"mean":0.000974038848653,"median":0.00073394732317,"min":7.26745538111e-21,"var":9.61218574957e-7},"spectral_energyband_low":{"dmean":0.00387646770105,"dmean2":0.00669892737642,"dvar":0.000071053931606,"dvar2":0.000196685141418,"max":0.0825471058488,"mean":0.00498862145469,"median":0.00277142971754,"min":5.45290886839e-23,"var":0.0000557207531529},"spectral_energyband_middle_high":{"dmean":0.0019975581672,"dmean2":0.00299890292808,"dvar":0.00000755943756303,"dvar2":0.0000141111686389,"max":0.0547126345336,"mean":0.00852040946484,"median":0.00729208532721,"min":1.45244171199e-21,"var":0.0000303015458485},"spectral_energyband_middle_low":{"dmean":0.00292094680481,"dmean2":0.00475638732314,"dvar":0.0000253251782851,"dvar2":0.0000654526156723,"max":0.0537948049605,"mean":0.00567120593041,"median":0.00401291064918,"min":1.93336491898e-22,"var":0.0000300555839203},"spectral_entropy":{"dmean":0.0870862007141,"dmean2":0.125991016626,"dvar":0.00786858145148,"dvar2":0.015154373832,"max":9.80741119385,"mean":7.83407354355,"median":7.82665205002,"min":6.98186302185,"var":0.0606004185975},"spectral_flux":{"dmean":0.0206751506776,"dmean2":0.0316065624356,"dvar":0.000669123779517,"dvar2":0.00132931291591,"max":0.274436295033,"mean":0.0782895758748,"median":0.0702160224319,"min":1.05936516503e-10,"var":0.00153964513447},"spectral_kurtosis":{"dmean":1.35803711414,"dmean2":2.29106760025,"dvar":2.29317069054,"dvar2":6.858314991,"max":28.0991096497,"mean":5.19208049774,"median":4.94085216522,"min":-1.21316027641,"var":4.67402744293},"spectral_rms":{"dmean":0.00070476019755,"dmean2":0.0011004076805,"dvar":8.16258591385e-7,"dvar2":0.00000200509998649,"max":0.00989842414856,"mean":0.00409669056535,"median":0.00398259283975,"min":3.15954814395e-12,"var":0.00000214456053982},"spectral_rolloff":{"dmean":429.043365479,"dmean2":698.607727051,"dvar":616132.3125,"dvar2":1382531.125,"max":21382.4707031,"mean":3117.45458984,"median":2734.71679688,"min":129.19921875,"var":5809604},"spectral_skewness":{"dmean":0.16829995811,"dmean2":0.279382735491,"dvar":0.027371218428,"dvar2":0.0774082168937,"max":4.06089496613,"mean":1.41595804691,"median":1.41691839695,"min":0.0174085516483,"var":0.0845469608903},"spectral_spread":{"dmean":391107.96875,"dmean2":550274.75,"dvar":912975659008,"dvar2":1885192454140,"max":43943836,"mean":3790191.25,"median":3527953.75,"min":1788090.125,"var":3156910538750},"spectral_strongpeak":{"dmean":0.782574653625,"dmean2":1.36254358292,"dvar":1.89212942123,"dvar2":4.76807928085,"max":12.6666898727,"mean":1.03808009624,"median":0.294145524502,"min":0,"var":2.84549427032},"zerocrossingrate":{"dmean":0.00991664920002,"dmean2":0.0117593696341,"dvar":0.000161486343131,"dvar2":0.000226436532103,"max":0.69580078125,"mean":0.0994687974453,"median":0.0908203125,"min":0.00537109375,"var":0.00328215281479}},"metadata":{"audio_properties":{"analysis_sample_rate":44100,"bit_rate":0,"codec":"flac","downmix":"mix","equal_loudness":0,"length":146.826660156,"lossless":true,"md5_encoded":"0a185ba3ef8aff819b755c75a69cb0fd","replay_gain":-13.5256347656,"sample_rate":44100},"tags":{"album":["Acid Eaters"],"albumartist":["Ramones"],"albumartistsort":["Ramones"],"artist":["Ramones"],"artistsort":["Ramones"],"asin":["B000024BKD"],"barcode":["724382767626"],"catalognumber":["CDCHR 6052"],"date":["1993"],"discnumber":["1"],"disctotal":["1"],"file_name":"01-12 Surf City.flac","genre":["Alternative"],"label":["Chrysalis"],"labelno":["7243 8 27676 2 6"],"media":["CD"],"musicbrainz_albumartistid":["d6ed7887-a401-47a8-893c-34b967444d26"],"musicbrainz_albumid":["11b86eb5-6a94-425b-820c-1942e4aa67d9"],"musicbrainz_artistid":["d6ed7887-a401-47a8-893c-34b967444d26"],"musicbrainz_recordingid":["7c6aa535-eb06-4c31-b9d2-f3f2bec2cdc1"],"musicbrainz_releasegroupid":["3ac42917-32a6-305a-9dd6-835a4424ce14"],"originaldate":["1993-12-01"],"publisher":["Chrysalis Records"],"release date":["1993-12-01"],"releasecountry":["XE"],"releasestatus":["official"],"releasetype":["album"],"script":["Latn"],"title":["Surf City"],"totaldiscs":["1"],"totaltracks":["12"],"tracknumber":["12"],"tracktotal":["12"]},"version":{"essentia":"2.1-beta1","essentia_build_sha":"ca57ba49d9b1854bd80e60cf9ccf267278fb7d6b","essentia_git_sha":"v2.1_beta1-28-g21ef5f4-dirty","extractor":"music 1.0"}},"rhythm":{"beats_count":383,"beats_loudness":{"dmean":0.00904885306954,"dmean2":0.0157021004707,"dvar":0.0000791543570813,"dvar2":0.00022997247288,"max":0.0867688655853,"mean":0.0255684163421,"median":0.0250885523856,"min":1.12254239237e-9,"var":0.000123132456793},"beats_loudness_band_ratio":{"dmean":[0.184335038066,0.102834574878,0.0732206851244,0.068513892591,0.0990556553006,0.0557776503265],"dmean2":[0.340380638838,0.190946638584,0.12998829782,0.11356857419,0.168755322695,0.100823476911],"dvar":[0.0145494574681,0.0071483515203,0.00718586379662,0.0067829