{"lowlevel":{"average_loudness":0.868968129158,"barkbands":{"dmean":[0.0115681355819,0.0202667992562,0.00385119905695,0.00155268085655,0.00203674449585,0.00194399303291,0.0011583706364,0.000985666527413,0.000932502036449,0.000942213926464,0.000731328269467,0.000539100437891,0.00030211606645,0.000234081002418,0.000190805425518,0.000134043686558,0.000117635616334,0.0000965542785707,0.0000679398654029,0.0000560972948733,0.0000799136323621,0.0000872080345289,0.0000595525489189,0.0000203416730074,0.00000361473939847,0.0000059921430875,0.0000767903547967],"dmean2":[0.0195235814899,0.0346431136131,0.00659101922065,0.00272017112002,0.00342046748847,0.0031868990045,0.00190011656377,0.00163152569439,0.00150673650205,0.00153701147065,0.00120539823547,0.000890777504537,0.000498106819578,0.000391159323044,0.000317738420563,0.000221112277359,0.000188684629393,0.000152172768139,0.000105651284684,0.0000862016313476,0.000122328710859,0.000127529827296,0.0000845256217872,0.0000291486358037,0.00000579732704864,0.00000879644358065,0.000105411338154],"dvar":[0.000782448099926,0.00215372396633,0.0000684091719449,0.0000141528771564,0.0000235101688304,0.0000216924581764,0.00000986360191746,0.00000989541604213,0.00000402901059715,0.00000460601086161,0.00000399156442654,8.80936170233e-7,3.32931421099e-7,1.59782047149e-7,1.03476033075e-7,5.36576294508e-8,3.99978787868e-8,3.52440245877e-8,1.42041489681e-8,1.08528617204e-8,2.85877312933e-8,3.39111316805e-8,1.20156888883e-8,1.15344345186e-9,4.84873981244e-11,9.88163370574e-11,1.97832701332e-8],"dvar2":[0.001989005832,0.00594118051231,0.000183485230082,0.0000398602496716,0.0000604986307735,0.0000548687385162,0.0000256324910879,0.0000274813210126,0.00000953432390816,0.0000117782938105,0.0000104914743133,0.00000229212537306,8.55626581142e-7,4.12377914927e-7,2.65765947915e-7,1.3162855339e-7,9.48897493913e-8,8.31885387242e-8,3.30449267949e-8,2.45078801697e-8,6.62478640834e-8,8.03932707072e-8,2.50643772404e-8,2.37888930776e-9,1.14339981927e-10,2.056982501e-10,4.18876169306e-8],"max":[0.302762627602,0.591029644012,0.0922624021769,0.0614222437143,0.0955601036549,0.0811956450343,0.0891613215208,0.113014541566,0.053625818342,0.0472390018404,0.042767830193,0.0178837757558,0.0145509615541,0.0090804528445,0.00493173068389,0.00325678475201,0.00240397988819,0.00389910954982,0.00173654931132,0.00216201436706,0.00402683299035,0.00456091435626,0.00154744018801,0.000419259769842,0.000107273619506,0.000131391629111,0.00236956542358],"mean":[0.0109653780237,0.0246381945908,0.00422200234607,0.00152722885832,0.00244029099122,0.00243042083457,0.00148864171933,0.00131781387608,0.00142780761234,0.00134043698199,0.00100544211455,0.000882225460373,0.000422611163231,0.000331366551109,0.000299561652355,0.000220314715989,0.000205802658456,0.000164805736858,0.000123278456158,0.000108985186671,0.000145815007272,0.000139826355735,0.000081402460637,0.0000289321760647,0.00000398835163651,0.0000083494142018,0.000146382852108],"median":[0.00160349602811,0.0101571539417,0.00177361210808,0.000572478806134,0.00101114599966,0.00071616913192,0.000519883993547,0.00050697370898,0.000668468885124,0.000519937137142,0.00034535425948,0.000479688082123,0.000211448525079,0.000192548963241,0.000182832227438,0.000141851167427,0.000133498164359,0.0000964217761066,0.0000739058159525,0.000057753182773,0.0000824699600344,0.0000665128609398,0.0000260560063907,0.0000105992421595,0.0000013307694644,0.00000321956258631,0.0000784399890108],"min":[1.13228558385e-24,5.72879782386e-24,3.31181478496e-24,1.16551871607e-24,1.41201163765e-23,1.07919516604e-23,1.13870146848e-23,2.03223348732e-23,1.62295525252e-23,1.15954112256e-23,1.37557462576e-23,1.40628403416e-23,4.02806167494e-23,4.70257971631e-23,3.9056976734e-23,5.73306619244e-23,6.85747318578e-23,8.08039439113e-23,1.04141005397e-22,1.39280713446e-22,3.06612841054e-22,3.31004294026e-22,3.4374870167e-22,7.00303859628e-22,8.75255033051e-22,1.33895408695e-21,2.02259533624e-21],"var":[0.000703724275809,0.00178341544233,0.0000593531767663,0.0000107932673927,0.0000230724399444,0.0000275338006759,0.0000119100368465,0.00001309766958,0.00000770434689912,0.00000659912348056,0.00000568359064346,0.00000170066527971,4.35430251855e-7,1.91048755482e-7,1.43524047758e-7,7.71338193317e-8,6.4558264512e-8,5.30645323238e-8,2.50449527783e-8,2.41286439717e-8,4.8087898108e-8,4.77596948656e-8,1.93948821448e-8,2.06601913355e-9,5.57962946679e-11,1.67938413176e-10,3.89856289473e-8]},"barkbands_crest":{"dmean":3.17175006866,"dmean2":5.17381095886,"dvar":7.06528902054,"dvar2":18.6568889618,"max":24.651386261,"mean":11.795715332,"median":11.4823188782,"min":2.56395554543,"var":19.5785541534},"barkbands_flatness_db":{"dmean":0.0315449126065,"dmean2":0.0494961477816,"dvar":0.000866452406626,"dvar2":0.00219273963012,"max":0.490404427052,"mean":0.14940726757,"median":0.140831813216,"min":0.02762006782,"var":0.00345774041489},"barkbands_kurtosis":{"dmean":6.85571098328,"dmean2":11.1706790924,"dvar":200.693603516,"dvar2":517.404174805,"max":360.75970459,"mean":9.62286090851,"median":4.46263599396,"min":-1.80110311508,"var":311.750091553},"barkbands_skewness":{"dmean":0.840716421604,"dmean2":1.32931292057,"dvar":0.895317614079,"dvar2":2.26949310303,"max":15.2422494888,"mean":2.19642090797,"median":1.99639678001,"min":-2.79713892937,"var":2.91174483299},"barkbands_spread":{"dmean":5.80944299698,"dmean2":8.95042800903,"dvar":40.8775062561,"dvar2":90.6448135376,"max":119.389907837,"mean":17.8768405914,"median":15.7900218964,"min":0.281113475561,"var":146.597686768},"dissonance":{"dmean":0.0186854507774,"dmean2":0.032041888684,"dvar":0.000379773089662,"dvar2":0.0010801863391,"max":0.500000119209,"mean":0.472855478525,"median":0.479098409414,"min":0.161584839225,"var":0.00053451990243},"dynamic_complexity":4.85405063629,"erbbands":{"dmean":[1.06484651566,3.09899950027,4.55035638809,4.68209028244,6.08946704865,7.07626914978,9.18133735657,18.7832622528,17.5204849243,17.1326351166,22.1054286957,20.4982948303,27.735212326,30.379404068,23.2218341827,19.811876297,13.7647809982,11.2904224396,10.1768722534,8.56461334229,7.28132295609,6.27844381332,5.48548793793,3.63169908524,3.32306790352,2.64787435532,3.07321548462,3.13777494431,3.18223237991,2.68989229202,1.56333088875,0.658105671406,0.225431621075,0.0529162772,0.0213488098234,0.0117978081107,0.011168490164,0.0184731222689,0.0133019257337,0.0012602894567],"dmean2":[1.85869681835,5.22030258179,7.70068407059,8.11769866943,10.5716238022,11.8441238403,15.0152721405,31.0564956665,28.6996383667,27.7056713104,36.3046722412,33.0800476074,45.0011367798,49.1935539246,37.8992500305,32.5647659302,22.5383548737,18.7348556519,16.7205181122,14.050617218,11.9424657822,10.0337266922,8.65443992615,5.68261814117,5.10473394394,4.07852745056,4.78195905685,4.77172708511,4.71239471436,3.86211204529,2.2396466732,0.937189996243,0.321170538664,0.0807786285877,0.0351067185402,0.0193832721561,0.0163323190063,0.0251960717142,0.0184005722404,0.00179430679418],"dvar":[6.82722854614,41.6497039795,73.1227722168,131.597503662,225.980041504,303.838745117,468.600616455,2413.16992188,2474.84179688,2654.57885742,3895.17578125,1908.02050781,3846.17504883,6890.62158203,2541.41601562,1207.57666016,698.026794434,385.517059326,296.758758545,230.981384277,149.614364624,124.274497986,117.712013245,46.2623138428,32.8894348145,26.0309505463,36.7927093506,50.2581787109,45.0821800232,26.3118801117,8.55821990967,1.28114438057,0.143539220095,0.00838826503605,0.00210823281668,0.000636710843537,0.000339284248184,0.00102668383624,0.000616702542175,0.00000594642369833],"dvar2":[19.1485671997,113.636863708,193.741134644,364.622161865,608.498046875,775.472045898,1180.4901123,6145.96923828,6242.74267578,6862.74609375,10840.6699219,4514.30078125,9639.60253906,17260.1992188,6557.58642578,3082.37402344,1784.37268066,983.183410645,743.874694824,581.34375,358.112945557,292.231414795,280.729278564,105.23223114,75.9405288696,60.4808731079,86.2155838013,116.40222168,107.334632874,57.5618972778,18.2264213562,2.6606323719,0.294303774834,0.0186231229454,0.00509654823691,0.00154057622422,0.000708458421286,0.00197063828819,0.00129411171656,0.0000131741726364],"max":[28.5257701874,90.6050949097,101.446769714,191.622909546,216.650695801,459.539520264,625.730957031,852.383911133,1605.59790039,1715.69055176,1635.17016602,1255.32617188,1254.08691406,2188.68579102,1393.1114502,858.638671875,770.352600098,331.9140625,314.314331055,308.854370117,152.050231934,152.143676758,215.195480347,101.728683472,100.220664978,110.362281799,152.54397583,151.235031128,168.111907959,89.3005142212,41.4939918518,16.1407375336,4.43409538269,1.21519696712,0.753357589245,0.41435483098,0.267189621925,0.443623095751,0.396946549416,0.0423195622861],"mean":[1.10544919968,3.97520685196,5.69346284866,5.09052324295,6.42453956604,8.40446376801,11.430729866,22.7088527679,22.4815750122,23.5558929443,31.1916179657,31.6064796448,40.8939247131,44.4845962524,38.2841835022,33.5236320496,21.0767002106,16.3895645142,16.466293335,14.1060943604,12.6802549362,11.4365720749,9.5751657486,6.69226741791,6.24286985397,5.06547927856,5.75403022766,5.44093990326,5.14487886429,3.87206101418,2.10962438583,0.925046026707,0.323716461658,0.0675635933876,0.0210499577224,0.0117326565087,0.0155761344358,0.0275091361254,0.0215106401592,0.00266281678341],"median":[0.288099229336,1.9169344902,2.97924637794,2.19388341904,2.53570961952,3.2401638031,4.16869068146,6.3254108429,6.83376407623,8.64500999451,13.6087179184,15.0348377228,17.1299190521,15.1828536987,17.4944152832,18.6948814392,11.3055934906,9.31215286255,10.4797916412,8.61606407166,8.38297748566,7.48696184158,5.85879659653,3.91025829315,3.72493839264,2.69423151016,3.34695339203,2.87686300278,2.46013784409,1.47712874413,0.688147306442,0.330869615078,0.114149473608,0.024676002562,0.00579876918346,0.00334969861433,0.00602068612352,0.00978414714336,0.00951261911541,0.00157579244114],"min":[1.51889866155e-22,8.13704545885e-22,4.83594868089e-21,8.30282620629e-21,1.98378978146e-20,3.49590760672e-20,4.6764345738e-20,1.0949383306e-19,1.63938163045e-19,2.45878945943e-19,4.4460689091e-19,3.94585754155e-19,4.7669710428e-19,9.55319471436e-19,7.55465035722e-19,9.1045154065e-19,1.5709201046e-18,1.99192101858e-18,2.82633325764e-18,3.0318220858e-18,2.62701126775e-18,5.00931025026e-18,5.07395276077e-18,6.24247896567e-18,7.01530802171e-18,8.07988864289e-18,1.18591585748e-17,1.09913857281e-17,1.22005806814e-17,1.1342303868e-17,1.19438949568e-17,1.36014052585e-17,1.09169915853e-17,8.68263364856e-18,6.85118587561e-18,4.50655980012e-18,2.51011224243e-18,1.06279101592e-18,2.58915700138e-19,2.57141210316e-20],"var":[5.081615448,38.6815567017,72.3293838501,100.990463257,185.117797852,309.172851562,588.267700195,2914.62670898,3106.54882812,3501.85839844,5322.29345703,3626.45385742,6031.08251953,10188.7382812,4827.07763672,2301.62744141,985.345947266,470.051300049,406.89755249,331.554718018,235.421569824,201.781295776,171.684341431,80.3433837891,62.7508964539,53.5461730957,68.4575805664,75.2233886719,63.8864707947,40.8844909668,13.2857933044,2.24098086357,0.258903235197,0.0119622861966,0.00215940410271,0.000655102077872,0.000581202853937,0.00200082967058,0.00108140252996,0.0000116031997095]},"erbbands_crest":{"dmean":2.42989635468,"dmean2":4.0236158371,"dvar":5.62826490402,"dvar2":14.8453149796,"max":26.9766941071,"mean":7.46849679947,"median":6.44764757156,"min":2.11612701416,"var":13.9897661209},"erbbands_flatness_db":{"dmean":0.0212040692568,"dmean2":0.0322050265968,"dvar":0.000431850843597,"dvar2":0.00102778000291,"max":0.467024445534,"mean":0.142588809133,"median":0.127401724458,"min":0.0309967435896,"var":0.00368121312931},"erbbands_kurtosis":{"dmean":1.00176084042,"dmean2":1.61464416981,"dvar":2.08437895775,"dvar2":5.13344192505,"max":29.5201969147,"mean":0.894341349602,"median":0.149366766214,"min":-1.58581638336,"var":5.24626684189},"erbbands_skewness":{"dmean":0.349354863167,"dmean2":0.54559469223,"dvar":0.106289088726,"dvar2":0.247622817755,"max":4.8835477829,"mean":0.267938405275,"median":0.224391460419,"min":-3.04320168495,"var":0.501049101353},"erbbands_spread":{"dmean":7.62242269516,"dmean2":11.9024562836,"dvar":57.871723175,"dvar2":130.296966553,"max":113.564170837,"mean":33.8908996582,"median":33.2036056519,"min":1.59865546227,"var":275.495605469},"gfcc":{"cov":[[24924.4882812,-223.936157227,-476.485717773,1161.49499512,-421.801696777,-592.830932617,275.845306396,-634.056518555,566.923400879,-507.239654541,145.962646484,12.8069934845,-57.8086585999],[-223.936157227,1188.87646484,-206.249282837,-487.190093994,82.9970092773,157.506591797,-56.2427787781,88.5192718506,-142.250030518,70.630065918,-39.722076416,-35.9711380005,7.05783176422],[-476.485717773,-206.249282837,417.607666016,175.398971558,-0.973976194859,40.9715080261,-47.6351585388,39.4719047546,25.7809276581,25.1600856781,-5.1747136116,30.1279582977,-15.7386608124],[1161.49499512,-487.190093994,175.398971558,561.480712891,90.3878631592,-174.401062012,78.789604187,-92.746925354,158.282836914,-76.5970306396,26.5875415802,-4.11875867844,-3.65925049782],[-421.801696777,82.9970092773,-0.973976194859,90.3878631592,194.585220337,56.5774879456,20.0892868042,27.9637832642,1.29966843128,24.1204681396,-15.6598777771,-19.7987575531,9.91042804718],[-592.830932617,157.506591797,40.9715080261,-174.401062012,56.5774879456,245.553894043,-3.4567937851,80.3144989014,-68.3983078003,59.7312355042,-19.0237293243,11.8103227615,-4.07573413849],[275.845306396,-56.2427787781,-47.6351585388,78.789604187,20.0892868042,-3.4567937851,140.832504272,-18.7935676575,78.1947402954,-28.4433765411,24.4875679016,-5.43179130554,9.92542171478],[-634.056518555,88.5192718506,39.4719047546,-92.746925354,27.9637832642,80.3144989014,-18.7935676575,161.025695801,-19.0642433167,88.803276062,-22.7030220032,6.10354471207,-0.37492325902],[566.923400879,-142.250030518,25.7809276581,158.282836914,1.29966843128,-68.3983078003,78.1947402954,-19.0642433167,173.101135254,-16.1240100861,33.4464111328,-1.12069058418,-10.9353761673],[-507.239654541,70.630065918,25.1600856781,-76.5970306396,24.1204681396,59.7312355042,-28.4433765411,88.803276062,-16.1240100861,104.234657288,3.42729854584,12.2211847305,9.19902038574],[145.962646484,-39.722076416,-5.1747136116,26.5875415802,-15.6598777771,-19.0237293243,24.4875679016,-22.7030220032,33.4464111328,3.42729854584,62.7251167297,39.7829055786,12.6943416595],[12.8069934845,-35.9711380005,30.1279582977,-4.11875867844,-19.7987575531,11.8103227615,-5.43179130554,6.10354471207,-1.12069058418,12.2211847305,39.7829055786,72.578956604,34.8330955505],[-57.8086585999,7.05783176422,-15.7386608124,-3.65925049782,9.91042804718,-4.07573413849,9.92542171478,-0.37492325902,-10.9353761673,9.19902038574,12.6943416595,34.8330955505,59.0575294495]],"icov":[[0.0000789081532275,-0.000195677697775,0.000340302707627,-0.000644613523036,0.000637571967673,-0.00040279031964,0.000225250871154,0.0000581842505198,-0.000160072915605,0.0000409666026826,0.000113752110337,-0.0000976151350187,-0.0000237990388996],[-0.000195677697775,0.00223154528067,-0.00117358064745,0.00400178926066,-0.00373306381516,0.00189919793047,-0.000702185032424,-0.000111217748781,0.000257034320384,0.000405752187362,-0.000721530115698,0.000808378215879,0.0000144803570947],[0.000340302707627,-0.00117358064745,0.00640695076436,-0.00681131985039,0.0056732725352,-0.00521337985992,0.00388116273098,-0.000921402999666,-0.00112179783173,-0.000620933424216,0.00165522948373,-0.00197865744121,0.000489061232656],[-0.000644613523036,0.00400178926066,-0.00681131985039,0.0153562696651,-0.0132616991177,0.00981617346406,-0.00504743913189,0.00168490351643,-0.000903274049051,0.00152679916937,-0.0000700973614585,-0.0011751082493,0.00209202594124],[0.000637571967673,-0.00373306381516,0.0056732725352,-0.0132616991177,0.0179703384638,-0.0100638289005,0.00401668250561,-0.00134370243177,-0.000422134995461,-0.00178650638554,0.0000536380321137,0.00463268067688,-0.00517714768648],[-0.00040279031964,0.00189919793047,-0.00521337985992,0.00981617346406,-0.0100638289005,0.0138858119026,-0.00747272884473,0.000913643743843,0.00308522605337,-0.00266687991098,0.00393568305299,-0.00674889935181,0.00662774825469],[0.000225250871154,-0.000702185032424,0.00388116273098,-0.00504743913189,0.00401668250561,-0.00747272884473,0.0168182775378,-0.00402355194092,-0.00638445932418,0.00727879442275,-0.00904612056911,0.00960126612335,-0.00905033759773],[0.0000581842505198,-0.000111217748781,-0.000921402999666,0.00168490351643,-0.00134370243177,0.000913643743843,-0.00402355194092,0.0163777489215,-0.0010213132482,-0.0134494779631,0.0122473491356,-0.00889251939952,0.00551604758948],[-0.000160072915605,0.000257034320384,-0.00112179783173,-0.000903274049051,-0.000422134995461,0.00308522605337,-0.00638445932418,-0.0010213132482,0.0122255329043,-0.00225444487296,-0.00348991760984,0.0000550811564608,0.00414050649852],[0.0000409666026826,0.000405752187362,-0.000620933424216,0.00152679916937,-0.00178650638554,-0.00266687991098,0.00727879442275,-0.0134494779631,-0.00225444487296,0.025914458558,-0.0140089290217,0.00940684787929,-0.0082632927224],[0.000113752110337,-0.000721530115698,0.00165522948373,-0.0000700973614585,0.0000536380321137,0.00393568305299,-0.00904612056911,0.0122473491356,-0.00348991760984,-0.0140089290217,0.0448179319501,-0.032044775784,0.0132978800684],[-0.0000976151350187,0.000808378215879,-0.00197865744121,-0.0011751082493,0.00463268067688,-0.00674889935181,0.00960126612335,-0.00889251939952,0.0000550811564608,0.00940684787929,-0.032044775784,0.0473291948438,-0.0261881183833],[-0.0000237990388996,0.0000144803570947,0.000489061232656,0.00209202594124,-0.00517714768648,0.00662774825469,-0.00905033759773,0.00551604758948,0.00414050649852,-0.0082632927224,0.0132978800684,-0.0261881183833,0.0346914157271]],"mean":[-26.6717414856,105.760375977,-97.2468109131,11.7924337387,-29.9673480988,3.33325910568,2.91910767555,-10.1721439362,5.25643634796,-7.9994764328,-3.87355685234,0.877024531364,-6.63100481033]},"hfc":{"dmean":7.24690008163,"dmean2":10.2341976166,"dvar":112.841346741,"dvar2":233.029541016,"max":148.399963379,"mean":18.430316925,"median":13.3781318665,"min":1.0314552471e-16,"var":296.756439209},"melbands":{"dmean":[0.00775354867801,0.00279647205025,0.000831415585708,0.000470725703053,0.00031170231523,0.000407629006077,0.000257802719716,0.000189087062608,0.000177744863322,0.000134489120683,0.000142242803122,0.000126475541038,0.0000892739772098,0.0000658712597215,0.0000438057359133,0.0000253703146882,0.0000221702994168,0.0000176708490471,0.0000145350077219,0.0000095957539088,0.00000914803513297,0.00000710176936991,0.00000605796776654,0.00000457969190393,0.00000301728687191,0.00000265800008492,0.00000227706641454,0.00000178352206603,0.00000185023350241,0.00000229579745792,0.00000174052684088,0.00000178172433607,0.00000195660959434,0.00000138329005495,0.0000010110659332,5.84162080486e-7,3.4036960983e-7,1.73695369199e-7,9.28942753831e-8,3.0610596724e-8],"dmean2":[0.0133354756981,0.00466646486893,0.00143210822716,0.000796759850346,0.000509272038471,0.000669468543492,0.000420392054366,0.000306693662424,0.000291963544441,0.000217954453547,0.000231451820582,0.000205833843211,0.000146317383042,0.000109142980364,0.0000726358193788,0.0000416800721723,0.0000371482019546,0.0000291942033073,0.000024304334147,0.0000157754402608,0.0000151386911966,0.0000115202419693,0.00000975600960373,0.0000073237356446,0.00000482256973555,0.00000416940747527,0.00000356998043571,0.00000280021367871,0.00000291473588732,0.00000361798174708,0.0000026859290756,0.00000273940031548,0.00000290520438284,0.00000200538397621,0.00000148703304603,8.37716584101e-7,5.00416604154e-7,2.50811496016e-7,1.37324974503e-7,4.97784427012e-8],"dvar":[0.000344255444361,0.000024008571927,0.00000395327288061,0.00000141493217143,4.94307357712e-7,0.00000106710069758,4.76460627397e-7,3.4647416669e-7,2.2169652425e-7,8.75088659313e-8,1.01146184761e-7,1.14821844477e-7,4.87239226743e-8,1.31468969045e-8,6.98608904059e-9,2.32209074191e-9,1.49433088126e-9,8.96103857784e-10,6.1825361497e-10,3.06997843813e-10,2.22480339707e-10,1.4883475008e-10,1.42394263047e-10,7.56682980163e-11,3.25741031371e-11,2.03137593552e-11,1.63358805649e-11,1.25190188077e-11,1.24080285976e-11,2.7416494422e-11,1.67260406914e-11,1.76828968135e-11,1.43247731385e-11,7.11056821062e-12,3.85294704128e-12,1.16310466033e-12,3.582333269e-13,9.00416283959e-14,2.49108612021e-14,3.88208582847e-15],"dvar2":[0.000950570218265,0.0000638711062493,0.0000108707808977,0.00000361560910278,0.00000125968904285,0.00000269799033958,0.0000012046231177,9.06804586975e-7,6.08776872468e-7,2.05865703151e-7,2.54429352253e-7,2.88567520101e-7,1.26922017785e-7,3.42689681077e-8,1.84001791581e-8,5.84315396068e-9,3.88245702254e-9,2.26995466868e-9,1.59488633411e-9,7.64541263631e-10,5.44084000076e-10,3.59391766347e-10,3.45052431072e-10,1.82118389813e-10,7.67579055871e-11,4.77935920007e-11,3.85039222728e-11,3.0127716294e-11,2.93404571472e-11,6.72532030066e-11,3.95568057476e-11,4.40403546964e-11,3.28698943064e-11,1.55897152826e-11,8.54335265726e-12,2.45120785648e-12,7.79460588955e-13,1.88943953257e-13,5.39500119112e-14,9.28032082198e-15],"max":[0.206783980131,0.0652098283172,0.032054848969,0.0267445426434,0.0186936501414,0.0185222998261,0.0207978133112,0.0180352125317,0.0109272552654,0.00911793671548,0.00674999272451,0.00828634016216,0.00528393825516,0.00234305253252,0.00147972069681,0.00121148116887,0.000739915762097,0.000538505439181,0.000516582920682,0.00032317705336,0.000189721380593,0.00016734332894,0.000207791323191,0.000172552085132,0.000091626883659,0.0000705651182216,0.0000819502238301,0.0000776076340117,0.000106817002234,0.000110831875645,0.0000808724944363,0.000119134281704,0.0000630908762105,0.0000409325875808,0.0000336055527441,0.0000168070946529,0.00000819745582703,0.00000387047248296,0.00000192698576029,9.89484874481e-7],"mean":[0.00880556553602,0.00383872631937,0.000941025849897,0.000538518303074,0.000400450109737,0.000505088653881,0.000336951459758,0.000259605061729,0.00025144132087,0.00020145563758,0.000203732357477,0.000179840819328,0.000133654291858,0.000105271428765,0.0000675526680425,0.0000352138304152,0.0000303097222059,0.0000268787971436,0.0000224033556151,0.0000152600277943,0.0000150909627337,0.0000122097453641,0.0000097310739875,0.00000761533965488,0.00000511366215505,0.00000464917138743,0.00000409871881857,0.00000312126394419,0.00000339923644788,0.00000373849093194,0.0000028697675134,0.00000278551419797,0.00000288931096293,0.00000187381340311,0.00000130838554924,7.98558062343e-7,4.6917514851e-7,2.45070907567e-7,1.24431267068e-7,3.19998463283e-8],"median":[0.00293148867786,0.00219695456326,0.000423008372309,0.000223689668928,0.000155578309204,0.000144446355989,0.000106589854113,0.0000938286466408,0.00011239387095,0.0000920976744965,0.0000832415680634,0.0000598625774728,0.0000530185898242,0.0000560363696422,0.0000357363824151,0.0000178343452717,0.0000168731057784,0.0000165652563737,0.000013480909729,0.00000919644844544,0.00000971566623775,0.00000785922384239,0.00000573742863708,0.00000439205086877,0.00000286018621409,0.0000027172729915,0.00000220683068619,0.00000154724534696,0.00000193740106624,0.00000193513733393,0.00000146203728946,0.00000131174761009,0.00000122453184304,6.23605330929e-7,4.01073720013e-7,2.70575071681e-7,1.66891538811e-7,8.3934928341e-8,4.28187583168e-8,9.77668612734e-9],"min":[2.01227787021e-24,2.31672690367e-24,2.64822006111e-24,3.55029729737e-24,1.75293511445e-24,2.55642150086e-24,2.41345919723e-24,2.4731958865e-24,3.28522958081e-24,2.22701764153e-24,2.05152172809e-24,2.97922353314e-24,2.20085802783e-24,1.32463846875e-24,2.99376993102e-24,3.85089905619e-24,2.87093304681e-24,3.83846187516e-24,2.64724088751e-24,3.28222855671e-24,2.57665913574e-24,4.51994106181e-24,4.36187345236e-24,3.77991104105e-24,4.25899257968e-24,3.62014343635e-24,4.13191103215e-24,5.15510543585e-24,5.30080765062e-24,4.53595730477e-24,4.82550633345e-24,5.8644901826e-24,5.43160907174e-24,5.90187627305e-24,5.89718294509e-24,6.8251937864e-24,7.55079751335e-24,7.82502765211e-24,6.25805683251e-24,7.09365892966e-24],"var":[0.000273425452178,0.0000262120520347,0.00000316495902553,0.00000128641647734,6.24512495051e-7,0.00000134486799652,6.24904259894e-7,4.75385576237e-7,3.1488795571e-7,1.58416952445e-7,1.5491367833e-7,1.6658709967e-7,7.83802747151e-8,2.48108573686e-8,1.10137126086e-8,2.98047142522e-9,1.71452740894e-9,1.16430576291e-9,8.41712810562e-10,4.12634204583e-10,3.40156486311e-10,2.31966792996e-10,1.92919957787e-10,1.12173881295e-10,5.17501770603e-11,3.56971570359e-11,3.21766051303e-11,2.30948940527e-11,2.37539155012e-11,3.78196050865e-11,2.27233769995e-11,2.13076761096e-11,2.15875737425e-11,1.05590822544e-11,5.45779350533e-12,1.88700812788e-12,5.81721736753e-13,1.55141876993e-13,4.02457811543e-14,4.19799693055e-15]},"melbands_crest":{"dmean":4.85715198517,"dmean2":8.00378799438,"dvar":19.7037677765,"dvar2":51.5599403381,"max":37.298664093,"mean":18.4119224548,"median":17.7936992645,"min":1.63331437111,"var":51.8029060364},"melbands_flatness_db":{"dmean":0.0375482924283,"dmean2":0.0585199706256,"dvar":0.00117237854283,"dvar2":0.00296494015492,"max":0.645531535149,"mean":0.250834077597,"median":0.244178846478,"min":0.00190151366405,"var":0.0051523828879},"melbands_kurtosis":{"dmean":12.9662761688,"dmean2":21.4735355377,"dvar":570.530822754,"dvar2":1541.26196289,"max":344.846862793,"mean":19.6111488342,"median":10.8248758316,"min":-1.79665243626,"var":772.496398926},"melbands_skewness":{"dmean":1.11236536503,"dmean2":1.78172886372,"dvar":1.56158030033,"dvar2":4.05576896667,"max":14.5376653671,"mean":3.1520485878,"median":2.93777537346,"min":-2.73443603516,"var":4.49984264374},"melbands_spread":{"dmean":5.47814226151,"dmean2":8.67979335785,"dvar":38.2570037842,"dvar2":93.6384353638,"max":165.670944214,"mean":15.7966556549,"median":13.7463579178,"min":0.322284936905,"var":175.428085327},"mfcc":{"cov":[[14851.7910156,436.704040527,-267.601348877,1359.75915527,-455.431915283,353.947967529,-552.615234375,327.541137695,-197.699462891,78.1820831299,-191.505844116,87.7376937866,-128.052764893],[436.704040527,1644.30444336,-200.17791748,-450.099121094,3.04446482658,-7.52786970139,140.552749634,-41.9023704529,48.9551811218,-30.4829387665,22.0165596008,-11.6398439407,27.3881816864],[-267.601348877,-200.17791748,358.541290283,37.98021698,46.8763389587,12.55148983,-31.5616893768,25.0500469208,-12.5215759277,13.3183526993,23.3784255981,-0.478655189276,0.888453543186],[1359.75915527,-450.099121094,37.98021698,639.29296875,30.8417015076,46.5469551086,-134.746505737,48.6978340149,-9.55384254456,34.1376724243,-22.4572067261,24.665145874,-25.3094463348],[-455.431915283,3.04446482658,46.8763389587,30.8417015076,186.202880859,35.2860145569,42.9745368958,-8.8316526413,34.8271942139,11.9572725296,25.5900402069,-3.72131872177,16.0003414154],[353.947967529,-7.52786970139,12.55148983,46.5469551086,35.2860145569,135.951766968,27.6267204285,43.6206245422,2.01623892784,15.7242946625,-5.73963499069,4.01175737381,-6.10235023499],[-552.615234375,140.552749634,-31.5616893768,-134.746505737,42.9745368958,27.6267204285,138.955062866,-1.95497262478,32.3894348145,-10.1971950531,8.05509185791,-8.3087387085,16.7700939178],[327.541137695,-41.9023704529,25.0500469208,48.6978340149,-8.8316526413,43.6206245422,-1.95497262478,84.7268753052,13.593334198,22.0696315765,5.45782423019,12.2167987823,0.936711788177],[-197.699462891,48.9551811218,-12.5215759277,-9.55384254456,34.8271942139,2.01623892784,32.3894348145,13.593334198,92.3876647949,37.2760162354,29.099149704,17.2626132965,14.8499965668],[78.1820831299,-30.4829387665,13.3183526993,34.1376724243,11.9572725296,15.7242946625,-10.1971950531,22.0696315765,37.2760162354,71.7433853149,37.3829307556,19.8785476685,1.77114450932],[-191.505844116,22.0165596008,23.3784255981,-22.4572067261,25.5900402069,-5.73963499069,8.05509185791,5.45782423019,29.099149704,37.3829307556,68.6139373779,25.427898407,16.5402698517],[87.7376937866,-11.6398439407,-0.478655189276,24.665145874,-3.72131872177,4.01175737381,-8.3087387085,12.2167987823,17.2626132965,19.8785476685,25.427898407,53.123298645,20.9041500092],[-128.052764893,27.3881816864,0.888453543186,-25.3094463348,16.0003414154,-6.10235023499,16.7700939178,0.936711788177,14.8499965668,1.77114450932,16.5402698517,20.9041500092,54.7084465027]],"icov":[[0.000142598699313,-0.000160474082804,0.0000710286767571,-0.000296638230793,0.000298380095046,-0.000332601222908,0.000369693356333,-0.000274655059911,0.000176319648745,-0.000103570819192,0.000178070156835,-0.0000555479637114,-0.0000343824322044],[-0.000160474082804,0.0010092133889,0.000328206049744,0.000860591710079,-0.000397408002755,0.000147687431308,-0.000445780926384,0.000371996255126,-0.000570955686271,0.000516081112437,-0.000507979653776,0.00012307993893,0.0000197582885448],[0.0000710286767571,0.000328206049744,0.00346830231138,0.000232533202507,-0.00101955665741,-0.000219801164349,0.00125610060059,-0.00144735758658,0.00086920929607,0.000244333699811,-0.00141715013888,0.000703028519638,-0.000117414696433],[-0.000296638230793,0.000860591710079,0.000232533202507,0.00340042030439,-0.0018927117344,0.0000221544069063,0.00180960563011,-0.000358582532499,-0.000763541320339,-0.000170970495674,0.00112736830488,-0.00120269577019,0.000783140247222],[0.000298380095046,-0.000397408002755,-0.00101955665741,-0.0018927117344,0.00873974803835,-0.00324588292278,-0.0012938301079,0.00250834226608,-0.00222837622277,0.000812458572909,-0.00300045614131,0.00309963943437,-0.00222484767437],[-0.000332601222908,0.000147687431308,-0.000219801164349,0.0000221544069063,-0.00324588292278,0.0121780885383,-0.00447743851691,-0.00477713625878,0.00285944272764,-0.00343863549642,0.00320130866021,-0.00219149701297,0.00212802854367],[0.000369693356333,-0.000445780926384,0.00125610060059,0.00180960563011,-0.0012938301079,-0.00447743851691,0.0141515629366,-0.00116305961274,-0.00423125363886,0.00389800593257,-0.000796490814537,0.0023407517001,-0.00216508307494],[-0.000274655059911,0.000371996255126,-0.00144735758658,-0.000358582532499,0.00250834226608,-0.00477713625878,-0.00116305961274,0.0175450891256,-0.0027534859255,-0.00228459108621,-0.000163457676535,-0.000762602605391,-0.00101965293288],[0.000176319648745,-0.000570955686271,0.00086920929607,-0.000763541320339,-0.00222837622277,0.00285944272764,-0.00423125363886,-0.0027534859255,0.018527481705,-0.00930021237582,0.000419992400566,-0.00273862318136,-0.00116250384599],[-0.000103570819192,0.000516081112437,0.000244333699811,-0.000170970495674,0.000812458572909,-0.00343863549642,0.00389800593257,-0.00228459108621,-0.00930021237582,0.0281157419086,-0.0134557085112,-0.000644582847599,0.00356785859913],[0.000178070156835,-0.000507979653776,-0.00141715013888,0.00112736830488,-0.00300045614131,0.00320130866021,-0.000796490814537,-0.000163457676535,0.000419992400566,-0.0134557085112,0.0287605449557,-0.00955072045326,-0.00202712812461],[-0.0000555479637114,0.00012307993893,0.000703028519638,-0.00120269577019,0.00309963943437,-0.00219149701297,0.0023407517001,-0.000762602605391,-0.00273862318136,-0.000644582847599,-0.00955072045326,0.0302790347487,-0.0105327945203],[-0.0000343824322044,0.0000197582885448,-0.000117414696433,0.000783140247222,-0.00222484767437,0.00212802854367,-0.00216508307494,-0.00101965293288,-0.00116250384599,0.00356785859913,-0.00202712812461,-0.0105327945203,0.0249592475593]],"mean":[-672.96484375,148.433425903,-2.90825915337,22.4417953491,-5.46779727936,22.3210353851,-0.0194612145424,16.7433643341,4.67268276215,7.62774801254,1.45388102531,7.13909339905,1.32233071327]},"pitch_salience":{"dmean":0.104258939624,"dmean2":0.170258536935,"dvar":0.00830893218517,"dvar2":0.021789316088,"max":0.991415739059,"mean":0.50530654192,"median":0.518960058689,"min":0.0791551098228,"var":0.0233988501132},"silence_rate_20dB":{"dmean":0.0026441575028,"dmean2":0.00528885284439,"dvar":0.0026371658314,"dvar2":0.00749847246334,"max":1,"mean":0.998474657536,"median":1,"min":0,"var":0.00152299366891},"silence_rate_30dB":{"dmean":0.121834635735,"dmean2":0.243694067001,"dvar":0.10699095577,"dvar2":0.204242169857,"max":1,"mean":0.856924951077,"median":1,"min":0,"var":0.122604578733},"silence_rate_60dB":{"dmean":0.0256279874593,"dmean2":0.0512611865997,"dvar":0.0249711945653,"dvar2":0.0602282695472,"max":1,"mean":0.105348788202,"median":0,"min":0,"var":0.0942504256964},"spectral_centroid":{"dmean":216.556686401,"dmean2":329.126464844,"dvar":66275.9921875,"dvar2":130731.773438,"max":11438.6416016,"mean":1158.08544922,"median":1009.02905273,"min":106.172035217,"var":661962.3125},"spectral_complexity":{"dmean":3.9646089077,"dmean2":5.76037406921,"dvar":18.6614131927,"dvar2":32.8353767395,"max":55,"mean":19.2850322723,"median":19,"min":0,"var":110.569252014},"spectral_contrast_coeffs":{"dmean":[0.052986651659,0.0494717173278,0.0375858172774,0.0256514921784,0.0198867991567,0.0280698910356],"dmean2":[0.087523534894,0.0825145244598,0.063001178205,0.0433366000652,0.0331315621734,0.0445155650377],"dvar":[0.00199714698829,0.0015992145054,0.000918612582609,0.000422493641963,0.000302917847876,0.000667365966365],"dvar2":[0.00522140413523,0.00443313969299,0.00255198846571,0.00117509881966,0.000827579991892,0.00163376750425],"max":[-0.373602569103,-0.508579075336,-0.567468345165,-0.633539736271,-0.71720635891,-0.540023565292],"mean":[-0.728902041912,-0.780094087124,-0.809483349323,-0.825926482677,-0.830252528191,-0.72697019577],"median":[-0.731781125069,-0.787755727768,-0.813843607903,-0.828344464302,-0.824504971504,-0.708548545837],"min":[-0.979188382626,-0.975572347641,-0.972463488579,-0.972137510777,-0.983508467674,-0.963311851025],"var":[0.00564859854057,0.00439220899716,0.00256538880058,0.001499621314,0.00121939717792,0.00476207910106]},"spectral_contrast_valleys":{"dmean":[0.418871462345,0.385683894157,0.332493633032,0.308215945959,0.303711235523,0.493988662958],"dmean2":[0.659063398838,0.602230191231,0.508128523827,0.467900186777,0.447153240442,0.72867333889],"dvar":[0.139033734798,0.12111916393,0.103147983551,0.1049612239,0.138195082545,0.213047251105],"dvar2":[0.29573816061,0.245467826724,0.190047845244,0.187268778682,0.277894586325,0.498719543219],"max":[-4.48068761826,-4.38694047928,-4.72761726379,-5.4732837677,-5.81628465652,-8.69828128815],"mean":[-6.92106389999,-6.65361070633,-6.92210054398,-7.61302804947,-7.93645191193,-11.0828990936],"median":[-6.49499511719,-6.28532838821,-6.57133579254,-7.20288515091,-7.42111206055,-10.7241744995],"min":[-28.401720047,-27.8440952301,-27.5763530731,-27.5163402557,-27.4526596069,-27.3678531647],"var":[3.64148211479,3.5780506134,3.41552066803,3.29864954948,3.59934568405,2.92710995674]},"spectral_decrease":{"dmean":9.39966859903e-9,"dmean2":1.5316130586e-8,"dvar":3.45445870395e-16,"dvar2":8.96199080557e-16,"max":1.59706741562e-28,"mean":-1.44258311963e-8,"median":-8.66616289841e-9,"min":-2.00171427878e-7,"var":3.5892407041e-16},"spectral_energy":{"dmean":0.0359673760831,"dmean2":0.0584444999695,"dvar":0.0049900864251,"dvar2":0.0129191735759,"max":0.759172677994,"mean":0.056118119508,"median":0.034190852195,"min":9.9830796386e-21,"var":0.00525561580434},"spectral_energyband_high":{"dmean":0.000323424319504,"dmean2":0.000446614896646,"dvar":3.36957100444e-7,"dvar2":7.15154328645e-7,"max":0.0105769503862,"mean":0.000605860841461,"median":0.000333183328621,"min":7.22853346368e-21,"var":6.69372866469e-7},"spectral_energyband_low":{"dmean":0.0295799281448,"dmean2":0.0501395910978,"dvar":0.00412201415747,"dvar2":0.0111649641767,"max":0.693012714386,"mean":0.0374646186829,"median":0.0177207645029,"min":2.08158194342e-23,"var":0.00359027087688},"spectral_energyband_middle_high":{"dmean":0.00215472979471,"dmean2":0.00330656883307,"dvar":0.000013910490452,"dvar2":0.0000324214161083,"max":0.0723446533084,"mean":0.00483567407355,"median":0.0029931506142,"min":1.1141195908e-21,"var":0.0000343661195075},"spectral_energyband_middle_low":{"dmean":0.00619242340326,"dmean2":0.00982730556279,"dvar":0.000121982055134,"dvar2":0.000297046324704,"max":0.135675609112,"mean":0.011052750051,"median":0.00618563359603,"min":2.13289182328e-22,"var":0.000200702430448},"spectral_entropy":{"dmean":0.16085498035,"dmean2":0.239553540945,"dvar":0.0267903897911,"dvar2":0.0584140494466,"max":9.81519126892,"mean":7.61750078201,"median":7.70447254181,"min":5.29454278946,"var":0.20198006928},"spectral_flux":{"dmean":0.0509186498821,"dmean2":0.0800228565931,"dvar":0.00549841020256,"dvar2":0.0111054368317,"max":0.714807331562,"mean":0.126547142863,"median":0.0974676534534,"min":6.34543528832e-11,"var":0.010830687359},"spectral_kurtosis":{"dmean":3.67441511154,"dmean2":6.07100534439,"dvar":128.755279541,"dvar2":356.740325928,"max":211.049209595,"mean":10.1969137192,"median":6.51911735535,"min":-1.24518811703,"var":222.782592773},"spectral_rms":{"dmean":0.00185489957221,"dmean2":0.00282674469054,"dvar":0.00000708126935933,"dvar2":0.0000167693888216,"max":0.027215000242,"mean":0.00624753348529,"median":0.00577554572374,"min":3.12083150121e-12,"var":0.0000157177128131},"spectral_rolloff":{"dmean":314.906402588,"dmean2":520.811340332,"dvar":285259.96875,"dvar2":661610.4375,"max":19379.8828125,"mean":846.801879883,"median":645.99609375,"min":43.06640625,"var":2500088.5},"spectral_skewness":{"dmean":0.298584014177,"dmean2":0.470047861338,"dvar":0.243028759956,"dvar2":0.65167683363,"max":11.465549469,"mean":2.02714705467,"median":1.74396491051,"min":-0.0688066706061,"var":1.11715900898},"spectral_spread":{"dmean":513058.21875,"dmean2":761496.875,"dvar":405326725120,"dvar2":808345731072,"max":42601724,"mean":4040060.5,"median":3901246.5,"min":348220.59375,"var":7181450608640},"spectral_strongpeak":{"dmean":0.29095390439,"dmean2":0.501167178154,"dvar":0.227757588029,"dvar2":0.600948154926,"max":6.4438328743,"mean":0.376075595617,"median":0.223660707474,"min":0,"var":0.284112542868},"zerocrossingrate":{"dmean":0.0101395947859,"dmean2":0.0123978843912,"dvar":0.000129441847093,"dvar2":0.00017591805954,"max":0.7392578125,"mean":0.0497022047639,"median":0.0400390625,"min":0.001953125,"var":0.00256944517605}},"metadata":{"audio_properties":{"analysis_sample_rate":44100,"bit_rate":233493,"codec":"mp3","downmix":"mix","equal_loudness":0,"length":228.312973022,"lossless":false,"md5_encoded":"0cf9ef58d15b58f6e8eb262c983b5697","replay_gain":0.631685256958,"sample_rate":48000},"tags":{"acoustid_id":["2fb2bbb3-74e5-4757-bca1-ee1cd256eb66"],"album":["Album of the Year"],"albumartist":["Faith No More"],"artist":["Faith No More"],"date":["1997"],"discnumber":["1/1"],"file_name":"06 - Faith No More - Mouth to Mouth.mp3","musicbrainz_albumartistid":["b15ebd71-a252-417d-9e1c-3e6863da68f8"],"musicbrainz_albumid":["079c55b9-d0b7-4716-a69d-69cd95904d4d"],"musicbrainz_artistid":["b15ebd71-a252-417d-9e1c-3e6863da68f8"],"musicbrainz_recordingid":["7cf83e07-b3e2-4c40-86dc-5a9530ec3242"],"musicbrainz_releasegroupid":["1fe2c990-8b5f-38fc-ad00-d288da963969"],"replaygain_album_gain":["+0.42 dB"],"replaygain_album_peak":["0.416054"],"replaygain_track_gain":["+0.67 dB"],"replaygain_track_peak":["0.391905"],"title":["Mouth to Mouth"],"tracknumber":["6/12"]},"version":{"essentia":"2.1-beta1","essentia_build_sha":"e76a03f03bb3900de42a1fa0d9be1e72f12def64","essentia_git_sha":"v2.1_beta1-28-g21ef5f4-dirty","extractor":"music 1.0"}},"rhythm":{"beats_count":492,"beats_loudness":{"dmean":0.051501147449,"dmean2":0.0947909355164,"dvar":0.00275145191699,"dvar2":0.00817079562694,"max":0.316628456116,"mean":0.0784668326378,"median":0.0672878101468,"min":0,"var":0.00365799851716},"beats_loudness_band_ratio":{"dmean":[0.274770587683,0.0988858044147,0.111691482365,0.0760262235999,0.0395876467228,0.0254366286099],"dmean2":[0.518855452538,0.188416659832,0.206359863281,0.13918979466,0.0775214210153,0.0456711128354],"dvar":[0.0358363762498,0.00981455948204,0.0172590017319,0.00574386725202,0.000845994858537,0.0018167841481],"dvar2":[0.112366490066,0.0310637336224,0.0481767877936,0