{"lowlevel":{"average_loudness":0.952552556992,"barkbands":{"dmean":[0.000250795390457,0.00913275405765,0.00771737238392,0.0039615156129,0.00246364367194,0.00119655579329,0.000895700417459,0.000824115239084,0.000580990454182,0.000462001073174,0.000282105029328,0.000267286435701,0.000242007983616,0.000338832120178,0.000289771414828,0.000278647406958,0.000240934794419,0.000217336943024,0.000188941805391,0.000179347989615,0.000106100400444,0.0000676403724356,0.0000415235736,0.0000279068954114,0.0000127144003272,0.0000061940922933,8.47995863751e-7],"dmean2":[0.000347850465914,0.0154910041019,0.0132904266939,0.00691829062998,0.00414065690711,0.0019457784947,0.00142892985605,0.00130904873367,0.000939916877542,0.000731164589524,0.000453269574791,0.000438794289948,0.000387672684155,0.000544792274013,0.000472378509585,0.000454639230156,0.000395760813262,0.000357265409548,0.00031231858884,0.000294051307719,0.000178316244273,0.000112284636998,0.0000685709455865,0.0000423842284363,0.0000183487263712,0.00000884690689418,0.00000136271285101],"dvar":[3.03873378016e-7,0.000174817527295,0.0000849301213748,0.0000754059874453,0.0000158322600328,0.00000317568719765,0.00000205382207241,0.00000202614182854,6.2968729253e-7,9.03453667433e-7,1.8158993953e-7,1.15115128096e-7,1.7464624591e-7,2.88667848736e-7,2.00668722528e-7,1.71336481003e-7,1.39899086093e-7,7.63249303759e-8,4.99441767943e-8,5.40173985542e-8,2.52332537087e-8,1.13481366526e-8,5.76494540994e-9,3.55323881429e-9,7.40538741439e-10,3.72437164442e-10,8.68448542246e-12],"dvar2":[5.45244972727e-7,0.000470224564197,0.000241681118496,0.000206351658562,0.0000410140273743,0.00000780962636782,0.00000485091641167,0.00000459951615994,0.00000151691597239,0.00000197076360564,3.8749885789e-7,2.95168490538e-7,3.65670445035e-7,6.80472908243e-7,5.02631053223e-7,4.31585164051e-7,3.51410818666e-7,1.89989819432e-7,1.30362536765e-7,1.40917336466e-7,6.78628850892e-8,2.97500335478e-8,1.52160080091e-8,7.73949526689e-9,1.50461876292e-9,7.36210925556e-10,2.11549354423e-11],"max":[0.00563584873453,0.140082925558,0.0930871292949,0.105699896812,0.0560970082879,0.0327211432159,0.0351019874215,0.0308120511472,0.022543091327,0.0365285910666,0.0192980282009,0.00838299002498,0.0151407364756,0.0133781097829,0.0075077097863,0.00865648593754,0.00706566032022,0.00623061181977,0.00452521396801,0.00697622541338,0.00200923206285,0.00131520896684,0.00121740740724,0.000963072990999,0.000564572925214,0.000457383284811,0.000073849245382],"mean":[0.000296263984637,0.0122158583254,0.0144859896973,0.00398347759619,0.00347044155933,0.00220096483827,0.00156893883832,0.00153175182641,0.00105310662184,0.000913830299396,0.000519022112712,0.000504706345964,0.000464950018795,0.000639725942165,0.000539157132152,0.000592419411987,0.000518460175954,0.000526858842932,0.000503685907461,0.000490673002787,0.000249191740295,0.000156441310537,0.0000831151482998,0.0000584133740631,0.0000275172224065,0.0000118804091471,0.00000106119080101],"median":[0.0000327429697791,0.00766924582422,0.0116532454267,0.00151264073793,0.00210499973036,0.00141722650733,0.000907414942048,0.000707103405148,0.000716800685041,0.000412235764088,0.000359694415238,0.000358609628165,0.000292442622595,0.000344475411111,0.000327282119542,0.000383405771572,0.000364290724974,0.000419829157181,0.000443648488726,0.000410592561821,0.000195292494027,0.0000999292242341,0.0000338498248311,0.0000143812785609,0.00000647999104331,0.00000148698677549,8.87375719572e-8],"min":[1.60832892331e-24,5.4445015044e-23,4.24743063982e-24,2.15083052026e-23,2.39752452249e-23,3.07758462726e-23,6.42137762451e-23,2.08143568861e-23,3.03293573111e-23,7.49492202212e-23,2.86449941281e-23,1.6947519132e-22,1.73062072436e-22,1.19723071935e-22,4.79458519477e-23,5.22748839373e-23,1.15925457672e-22,1.81013563169e-22,3.87943845024e-22,3.37588770851e-22,4.81228881121e-22,7.62750442295e-22,4.88242195356e-22,8.1224329781e-22,1.49084997369e-21,1.53157559319e-21,2.36372332838e-21],"var":[4.72973027854e-7,0.000208989804378,0.000148237930262,0.0000592348987993,0.0000185242388397,0.00000672172973282,0.00000474264152217,0.0000068779340836,0.00000164112839229,0.00000425357848144,5.713376936e-7,2.62837886567e-7,4.76851255371e-7,7.4207440548e-7,4.22241441811e-7,4.46778074092e-7,3.45723037753e-7,2.19911271415e-7,1.55323206741e-7,2.00654653781e-7,5.46242517885e-8,2.91609776326e-8,1.34830893117e-8,1.15261400424e-8,2.30281593794e-9,9.34860411306e-10,1.02816383879e-11]},"barkbands_crest":{"dmean":2.74464893341,"dmean2":4.59955406189,"dvar":6.07939386368,"dvar2":17.1406974792,"max":24.4918804169,"mean":10.8478775024,"median":10.5941963196,"min":2.68488502502,"var":12.832652092},"barkbands_flatness_db":{"dmean":0.0236729364842,"dmean2":0.038802139461,"dvar":0.000496616878081,"dvar2":0.00127443659585,"max":0.40949255228,"mean":0.147624924779,"median":0.142955705523,"min":0.0289768669754,"var":0.0021767502185},"barkbands_kurtosis":{"dmean":3.55697631836,"dmean2":5.91068172455,"dvar":54.3650245667,"dvar2":150.84463501,"max":255.667816162,"mean":5.7177438736,"median":3.27497529984,"min":-1.82303500175,"var":93.7317047119},"barkbands_skewness":{"dmean":0.573571443558,"dmean2":0.939738154411,"dvar":0.323741853237,"dvar2":0.859405219555,"max":12.3396577835,"mean":2.09333324432,"median":1.957883358,"min":-6.44363689423,"var":1.17264544964},"barkbands_spread":{"dmean":4.84366178513,"dmean2":7.92770862579,"dvar":21.4341068268,"dvar2":54.2585220337,"max":119.487495422,"mean":20.5173683167,"median":19.8229141235,"min":0.435554772615,"var":99.0029296875},"dissonance":{"dmean":0.0112530449405,"dmean2":0.0191002953798,"dvar":0.000107866464532,"dvar2":0.000279954489088,"max":0.500000059605,"mean":0.478052228689,"median":0.481218934059,"min":0.189244151115,"var":0.00023167738982},"dynamic_complexity":2.03794503212,"erbbands":{"dmean":[0.215685352683,2.27789998055,8.19052696228,10.392244339,11.5285654068,6.43999433517,10.2472782135,8.56981658936,13.3465366364,13.937210083,16.0259723663,10.5569944382,13.0778083801,11.4664878845,10.9707431793,9.05498886108,9.78108215332,13.1448640823,14.6090612411,14.1512804031,13.9869346619,14.553481102,11.3321409225,10.8655004501,8.06920528412,8.88901901245,5.42063713074,3.60659241676,2.54615736008,1.73251390457,1.10677313805,0.705336213112,0.414116352797,0.194929912686,0.069496370852,0.0312545970082,0.0105464542285,0.0018985067727,0.000139228082844,0.0000208995825233],"dmean2":[0.382802933455,3.81133008003,13.9613742828,18.0227642059,20.1865367889,10.6568603516,16.6118526459,14.0876655579,21.5067672729,22.3862113953,25.491481781,17.1188850403,20.9327278137,18.1866760254,18.0165042877,14.8399543762,15.6080417633,21.0726680756,23.64021492,23.0081329346,22.7752361298,23.9196891785,18.6695213318,17.7943916321,13.3426189423,14.6175327301,9.18149280548,5.95852899551,4.20723962784,2.89511537552,1.81653380394,1.1014277935,0.625048995018,0.2864998281,0.10103136301,0.0457937978208,0.01531417761,0.00275853695348,0.000221043388592,0.0000344138279615],"dvar":[0.172282665968,9.48492908478,89.1869812012,317.899169922,610.492858887,92.9580230713,251.757217407,172.178192139,426.358123779,569.258850098,738.926025391,212.977157593,638.401672363,554.678100586,171.700561523,130.200942993,244.11895752,452.660797119,514.783508301,463.364654541,452.765991211,541.732788086,211.060562134,175.375488281,85.9570465088,157.243270874,64.9407043457,29.9589481354,15.1781492233,8.67690944672,4.41004943848,2.30621409416,0.873004078865,0.171422854066,0.0250215176493,0.00723732635379,0.00144580437336,0.0000464758813905,2.50831988069e-7,8.74064098877e-10],"dvar2":[0.492049247026,25.2660770416,246.805038452,882.034606934,1613.79638672,234.12461853,592.416687012,444.116577148,1038.0760498,1289.57580566,1724.1541748,521.69152832,1476.80859375,1175.81945801,442.168518066,329.065917969,528.545654297,1035.47265625,1282.52514648,1146.25683594,1100.10131836,1393.16564941,530.726928711,455.068695068,229.251983643,412.197235107,177.922958374,78.2657241821,39.4838752747,22.7968635559,11.6463022232,5.56039857864,1.85253953934,0.360860049725,0.0502027049661,0.0146127650514,0.00298419548199,0.0000952032496571,6.2105334564e-7,2.28385710344e-9],"max":[3.82194256783,37.2147598267,98.1429443359,222.160720825,291.666900635,176.612945557,262.751525879,221.910903931,341.712371826,756.975036621,683.345825195,447.730926514,790.797485352,851.800048828,252.808731079,316.671661377,626.434265137,740.72644043,442.585998535,450.571350098,551.133422852,489.261383057,296.298095703,275.025756836,176.979141235,426.797607422,104.635009766,90.183380127,52.7007522583,36.0282058716,40.5384597778,31.4039077759,20.4121875763,8.55343532562,4.02608633041,2.09550523758,0.877551615238,0.181701883674,0.0125706316903,0.000594816752709],"mean":[0.229807779193,3.33747005463,16.3245811462,14.5232744217,12.3530349731,9.77177429199,17.8369426727,15.826002121,23.2378540039,26.8305644989,31.6398448944,20.3416194916,27.3791599274,23.3084373474,20.9845104218,18.6886253357,20.9793739319,27.9539031982,30.8542251587,30.6195850372,32.1539459229,32.8351821899,28.5687942505,28.5547466278,23.275226593,23.6218605042,12.9136199951,8.70886516571,6.17065811157,3.6184117794,2.17801570892,1.43531632423,0.816371023655,0.408417105675,0.15111784637,0.0637771636248,0.0184181127697,0.00302676553838,0.000197860295884,0.0000612277362961],"median":[0.0835137963295,2.33092784882,13.2661886215,9.02757072449,5.96707010269,6.17086076736,10.0293016434,11.1329717636,13.93546772,13.9859075546,17.26288414,14.4432821274,14.4813547134,13.2461996078,16.0845680237,13.9671802521,14.3843011856,17.620010376,18.8006706238,20.7909603119,22.0966377258,23.1481208801,22.9892959595,24.6522026062,20.8271636963,19.3255786896,10.8260393143,6.47734451294,4.07925367355,1.74888563156,0.860142350197,0.405901879072,0.187194555998,0.0964725762606,0.0324074812233,0.00944684352726,0.00208375835791,0.000340497354046,0.0000406535291404,0.0000537258310942],"min":[1.86460707041e-21,1.10574935503e-20,6.23436778445e-21,3.52540144232e-20,9.27178089064e-20,6.5219003698e-20,1.22364685843e-19,3.02266452433e-19,7.79545142232e-19,7.39447872232e-19,6.18868668665e-19,4.87929286421e-19,1.95871178494e-18,1.74811346214e-18,3.08932912955e-18,7.07941617355e-18,8.09693435377e-18,5.70652134984e-18,4.5474473378e-18,1.97166522654e-18,3.64446306673e-18,7.38523063627e-18,8.83006701222e-18,1.69655372292e-17,1.65046040677e-17,1.41335437814e-17,1.55515695793e-17,2.76425529655e-17,2.54028340712e-17,2.02564653701e-17,1.18607078841e-17,1.86234933812e-17,1.36249881777e-17,1.65677841229e-17,1.02610414955e-17,5.9801684129e-18,3.04874640793e-18,1.61946712795e-18,3.06384028276e-19,2.82406440462e-20],"var":[0.166510730982,12.0699539185,180.309997559,304.089874268,488.757720947,135.470779419,563.432556152,276.897918701,835.308410645,2201.65405273,2222.65185547,537.285827637,3061.43164062,2082.06225586,353.912841797,328.387908936,712.659667969,1285.07885742,1364.57751465,1091.40563965,1226.27880859,1319.80773926,649.71472168,506.502685547,315.94152832,538.717773438,125.869438171,76.7628936768,44.139503479,21.0931987762,9.90692424774,6.49784564972,2.53981924057,0.507190525532,0.0778722316027,0.0210662763566,0.00299793388695,0.0000867549460963,2.88557771455e-7,1.45030565335e-9]},"erbbands_crest":{"dmean":1.78116691113,"dmean2":2.89800548553,"dvar":3.25610542297,"dvar2":8.0305519104,"max":26.6933326721,"mean":6.30547571182,"median":5.3288936615,"min":2.20425343513,"var":10.0868177414},"erbbands_flatness_db":{"dmean":0.0122280418873,"dmean2":0.0184150543064,"dvar":0.000156476191478,"dvar2":0.0003239310754,"max":0.279239058495,"mean":0.146162822843,"median":0.149890005589,"min":0.0388005897403,"var":0.00103806960396},"erbbands_kurtosis":{"dmean":0.42855578661,"dmean2":0.688699245453,"dvar":0.455525845289,"dvar2":1.1054418087,"max":22.9930057526,"mean":-0.545287132263,"median":-0.745962381363,"min":-1.72264945507,"var":0.925119102001},"erbbands_skewness":{"dmean":0.252726376057,"dmean2":0.400687664747,"dvar":0.055782686919,"dvar2":0.138833403587,"max":4.64003896713,"mean":-0.0278656575829,"median":-0.0745746716857,"min":-1.70438838005,"var":0.30592289567},"erbbands_spread":{"dmean":7.1929564476,"dmean2":11.3126935959,"dvar":43.0809020996,"dvar2":102.237792969,"max":115.0260849,"mean":48.1307144165,"median":46.936000824,"min":10.0197649002,"var":188.314163208},"gfcc":{"cov":[[9840.72753906,-502.785644531,-502.375762939,179.946472168,-440.936309814,432.566040039,-436.678649902,180.214370728,-226.213485718,158.279006958,-55.3973655701,33.4950065613,-93.1467285156],[-502.785644531,1036.73144531,-325.261932373,25.2169551849,153.187774658,-210.443786621,220.685302734,-133.028579712,113.552635193,-99.0141220093,118.224960327,-96.1256103516,87.0180664062],[-502.375762939,-325.261932373,521.360412598,-34.2888031006,-18.6645812988,84.3052444458,-78.4089736938,62.7868347168,-42.6064109802,18.9881515503,-23.6613750458,60.7485618591,-27.4327716827],[179.946472168,25.2169551849,-34.2888031006,130.456222534,28.2048149109,9.29748630524,0.972756445408,-14.6803407669,11.9390029907,-8.08118915558,4.36278438568,-7.31141996384,16.5122909546],[-440.936309814,153.187774658,-18.6645812988,28.2048149109,149.371017456,-14.1391563416,83.0492324829,-21.5830745697,28.5472888947,-9.92263317108,14.1800947189,-17.4140205383,18.2710647583],[432.566040039,-210.443786621,84.3052444458,9.29748630524,-14.1391563416,157.296340942,-22.6016235352,42.7763557434,-30.6920127869,22.6348018646,-14.7243404388,9.02442073822,-17.426984787],[-436.678649902,220.685302734,-78.4089736938,0.972756445408,83.0492324829,-22.6016235352,141.976928711,-14.1321210861,41.0091285706,-17.3184642792,24.8536224365,-21.7185077667,14.9856014252],[180.214370728,-133.028579712,62.7868347168,-14.6803407669,-21.5830745697,42.7763557434,-14.1321210861,86.9511413574,10.5292901993,28.3849258423,-6.14105319977,20.0240535736,-7.63262224197],[-226.213485718,113.552635193,-42.6064109802,11.9390029907,28.5472888947,-30.6920127869,41.0091285706,10.5292901993,77.6316146851,13.9215173721,18.1984920502,-11.9253606796,11.0782356262],[158.279006958,-99.0141220093,18.9881515503,-8.08118915558,-9.92263317108,22.6348018646,-17.3184642792,28.3849258423,13.9215173721,66.2008209229,6.74320983887,15.1000709534,-12.2362594604],[-55.3973655701,118.224960327,-23.6613750458,4.36278438568,14.1800947189,-14.7243404388,24.8536224365,-6.14105319977,18.1984920502,6.74320983887,63.5227508545,5.46389722824,17.5206165314],[33.4950065613,-96.1256103516,60.7485618591,-7.31141996384,-17.4140205383,9.02442073822,-21.7185077667,20.0240535736,-11.9253606796,15.1000709534,5.46389722824,60.5352668762,10.5729942322],[-93.1467285156,87.0180664062,-27.4327716827,16.5122909546,18.2710647583,-17.426984787,14.9856014252,-7.63262224197,11.0782356262,-12.2362594604,17.5206165314,10.5729942322,51.8006515503]],"icov":[[0.0002638946753,-0.00059357547434,0.000476924062241,-0.000501369358972,0.000395383016439,-0.000911943672691,0.000948426546529,-0.000840180669911,0.000933403149247,-0.000747212616261,0.000485222321004,-0.000539848813787,0.000609561451711],[-0.00059357547434,0.00558448955417,-0.000576408056077,0.0017903719563,-0.00139199686237,0.00448620738462,-0.00473145814613,0.00407810788602,-0.00433372845873,0.00505335722119,-0.00623581185937,0.00504954578355,-0.00415557110682],[0.000476924062241,-0.000576408056077,0.00372024066746,-0.000138695308124,-0.000726648489945,-0.00232611130923,0.00308592850342,-0.00243673822843,0.00142272165976,0.000275565573247,0.000238864784478,-0.00310331815854,0.00237568072043],[-0.000501369358972,0.0017903719563,-0.000138695308124,0.0102997086942,-0.00303996074945,-0.0000419682037318,0.000397663447075,0.00358312786557,-0.00475828163326,0.00343569624238,-0.00179128302261,0.00160403945483,-0.00368706765585],[0.000395383016439,-0.00139199686237,-0.000726648489945,-0.00303996074945,0.0122539140284,-0.0015205090167,-0.00523783173412,0.000864896865096,0.00122035935055,-0.00351916113868,0.00231711636297,0.000703867524862,-0.00157712888904],[-0.000911943672691,0.00448620738462,-0.00232611130923,-0.0000419682037318,-0.0015205090167,0.0141664464027,-0.00612341286615,-0.000464224664029,0.00112292834092,0.00125699490309,-0.00414094235748,0.00620499113575,-0.00319836614653],[0.000948426546529,-0.00473145814613,0.00308592850342,0.000397663447075,-0.00523783173412,-0.00612341286615,0.0193059016019,-0.00496838707477,-0.000487755576614,0.00017992980429,0.00154549104627,-0.0042872922495,0.00513056991622],[-0.000840180669911,0.00407810788602,-0.00243673822843,0.00358312786557,0.000864896865096,-0.000464224664029,-0.00496838707477,0.0222427304834,-0.010443335399,0.000516402185895,-0.00174143607728,-0.000419117190177,-0.00351065793075],[0.000933403149247,-0.00433372845873,0.00142272165976,-0.00475828163326,0.00122035935055,0.00112292834092,-0.000487755576614,-0.010443335399,0.0270920284092,-0.0119904521853,0.0022430352401,0.00219779904,-0.0000552134260943],[-0.000747212616261,0.00505335722119,0.000275565573247,0.00343569624238,-0.00351916113868,0.00125699490309,0.00017992980429,0.000516402185895,-0.0119904521853,0.0283026471734,-0.0095818946138,-0.00194974860642,0.0037951474078],[0.000485222321004,-0.00623581185937,0.000238864784478,-0.00179128302261,0.00231711636297,-0.00414094235748,0.00154549104627,-0.00174143607728,0.0022430352401,-0.0095818946138,0.02710015513,-0.00761237321422,-0.00122425868176],[-0.000539848813787,0.00504954578355,-0.00310331815854,0.00160403945483,0.000703867524862,0.00620499113575,-0.0042872922495,-0.000419117190177,0.00219779904,-0.00194974860642,-0.00761237321422,0.0299080368131,-0.0130506595597],[0.000609561451711,-0.00415557110682,0.00237568072043,-0.00368706765585,-0.00157712888904,-0.00319836614653,0.00513056991622,-0.00351065793075,-0.0000552134260943,0.0037951474078,-0.00122425868176,-0.0130506595597,0.0312799923122]],"mean":[16.4307861328,119.767303467,-126.414710999,54.312461853,-47.404624939,6.81899738312,-24.3143501282,6.92560529709,-17.1851673126,-0.157859548926,-13.4453830719,-6.5503692627,-10.5785045624]},"hfc":{"dmean":4.46689510345,"dmean2":7.00338363647,"dvar":29.4010791779,"dvar2":71.6799240112,"max":87.1710281372,"mean":22.892074585,"median":21.8176860809,"min":1.12206136885e-16,"var":149.658493042},"melbands":{"dmean":[0.00219121552072,0.00359645090066,0.0018200710183,0.000617179146502,0.000323067593854,0.000202920389711,0.000189088634215,0.00016612104082,0.000135227601277,0.0000649767171126,0.0000688829022693,0.0000514843522978,0.0000348169487552,0.0000283628778561,0.0000303192409774,0.0000260069773503,0.0000264313493972,0.0000276299015241,0.0000263763449766,0.0000199798378162,0.0000169990125869,0.0000177624351636,0.0000118889684018,0.00000988591546047,0.00000997787174128,0.00000726632151782,0.0000066342977334,0.00000664704521114,0.00000401058605348,0.00000268211283583,0.00000221274444812,0.00000160669014804,0.0000013179214875,9.52556035827e-7,7.07483877704e-7,5.39663346899e-7,4.21649616555e-7,3.12434536909e-7,2.5107408419e-7,1.573238535e-7],"dmean2":[0.00377923483029,0.00606224685907,0.00315934419632,0.00105216028169,0.000520937610418,0.000331652874593,0.000304636952933,0.000264894857537,0.000215522930375,0.000105907471152,0.000110022017907,0.0000813979204395,0.0000568294490222,0.0000473309773952,0.0000494464948133,0.0000415325521317,0.0000425180187449,0.0000447954625997,0.0000433622117271,0.0000326377958118,0.0000277800245385,0.0000292093154712,0.0000197067856789,0.0000162732030731,0.0000164055290952,0.0000121353232316,0.0000110610762931,0.0000110083619802,0.00000681351639287,0.00000453960865343,0.00000364611082659,0.00000267279710897,0.00000220357765102,0.00000159854414505,0.00000117939214306,8.72208545388e-7,6.60772229821e-7,4.79958316646e-7,3.82794127063e-7,2.35030668705e-7],"dvar":[0.0000132291115733,0.0000160421186592,0.0000111880790428,0.00000121088646665,2.40433706722e-7,8.99072674088e-8,8.72487433412e-8,7.62435803381e-8,4.65654608206e-8,8.12454281629e-9,1.79531784994e-8,1.15178782067e-8,1.98663863138e-9,1.27437249642e-9,2.16071760484e-9,2.32034569336e-9,1.92081284212e-9,2.12017781109e-9,1.8033372573e-9,9.29046117815e-10,6.77780276348e-10,8.89481432953e-10,2.68479016796e-10,1.53051099572e-10,1.49871393074e-10,7.43547584614e-11,6.68896535383e-11,9.81034975478e-11,3.24399257456e-11,1.63815853244e-11,1.27301363895e-11,6.54170034114e-12,5.01171239925e-12,2.70302421938e-12,1.91992775844e-12,1.15129867445e-12,9.86600341354e-13,5.180451337e-13,3.46002523507e-13,1.08922622983e-13],"dvar2":[0.0000359868936357,0.0000431024236605,0.0000305670000671,0.00000314647490995,5.63991761737e-7,2.2906985464e-7,2.11332036315e-7,1.73437527451e-7,1.10657921937e-7,2.01679846157e-8,4.1307146148e-8,2.44433788765e-8,4.78651651648e-9,3.4461604681e-9,5.08472242089e-9,4.80226169941e-9,4.3329291266e-9,5.2329363065e-9,4.5774055657e-9,2.32457386673e-9,1.68588831784e-9,2.30626806541e-9,6.72716216066e-10,3.92057997178e-10,3.91848886672e-10,1.9939293272e-10,1.80379905457e-10,2.58548710219e-10,8.86575951542e-11,4.47751627441e-11,3.33444556688e-11,1.72615515631e-11,1.33289030854e-11,7.21364114276e-12,5.18103919142e-12,2.95188005983e-12,2.40643312568e-12,1.14020045575e-12,7.67996614654e-13,2.40635853258e-13],"max":[0.0340196043253,0.0417147167027,0.0398303568363,0.0145084243268,0.0072844484821,0.00488975457847,0.00523645337671,0.00849181506783,0.00627921102569,0.00279240356758,0.00411750469357,0.00401094555855,0.0012639942579,0.000618619204033,0.00177513202652,0.00199930393137,0.00168967212085,0.000943156948779,0.000837197818328,0.000678524666,0.000673464441206,0.000605419510975,0.000491548795253,0.00022284060833,0.000254490907537,0.000173422566149,0.000131111592054,0.00036442396231,0.0000682267127559,0.0000522158734384,0.0000669291621307,0.000040624938265,0.0000431658700109,0.000025071491109,0.0000254780879914,0.0000246528416028,0.0000185707667697,0.0000163544427778,0.000013364348888,0.00000532046942681],"mean":[0.00269575347193,0.00717418128625,0.00255858059973,0.000780728121754,0.000574495061301,0.000386389583582,0.000333054194925,0.000311599374982,0.000259766035015,0.000121320896142,0.000141058975714,0.0000998650502879,0.0000663903920213,0.0000536967891094,0.0000523787821294,0.00004907388211,0.0000526740914211,0.0000509842939209,0.0000462167772639,0.0000398660376959,0.000034976972529,0.0000350391565007,0.0000268476269412,0.0000234962571994,0.0000234025847021,0.0000180843089765,0.0000161136795214,0.0000157803497132,0.00000861542230268,0.00000571093232793,0.00000483332723888,0.00000362637206308,0.00000264660320681,0.00000178296670583,0.00000128214446704,0.00000102670287561,8.06372554507e-7,5.70627150864e-7,4.72906634741e-7,3.10623420319e-7],"median":[0.00139527115971,0.00598107511178,0.00166742154397,0.000437771202996,0.000338774145348,0.000272605830105,0.000201492191991,0.00014702756016,0.000146386926644,0.0000855000835145,0.0000715615169611,0.0000529095414095,0.0000493006555189,0.0000396474788431,0.0000319870669045,0.000028786380426,0.0000311749390676,0.0000259712087427,0.0000267680516117,0.0000253246598731,0.0000231949343288,0.0000228822555073,0.0000202416285902,0.0000187155001186,0.0000196295986825,0.0000153646651597,0.0000133918238134,0.0000122292667584,0.0000069959423854,0.00000440900066678,0.00000337928850058,0.0000024676837711,0.0000013399103409,7.90781200521e-7,5.08203811478e-7,3.34974146199e-7,1.96736991143e-7,1.28471839389e-7,1.07279369388e-7,7.05864664496e-8],"min":[1.63395370903e-23,7.17932133536e-24,8.66039900744e-24,5.85322288229e-24,4.19976529735e-24,7.08897309588e-24,1.21243819056e-23,7.07909576849e-24,5.08527625738e-24,3.42906081472e-24,1.02569667049e-23,7.64229591202e-24,6.60241710018e-24,2.03689739076e-23,1.6316076367e-23,1.60280963827e-23,1.04257403401e-23,8.61877476178e-24,3.11578580824e-24,3.0022689212e-24,4.28508020982e-24,7.99268347144e-24,6.89761042864e-24,9.1257890762e-24,1.44492196799e-23,1.40275956141e-23,9.50368737082e-24,9.52826591004e-24,1.07878022521e-23,9.52691695789e-24,1.84530690048e-23,1.30347778773e-23,1.61366625759e-23,9.45906466485e-24,5.57807727045e-24,1.0353669219e-23,1.13304651908e-23,9.04978469456e-24,9.73929172422e-24,1.57178673654e-23],"var":[0.0000145158974192,0.0000316789519275,0.00000984822327155,0.00000121792936625,5.32579917945e-7,1.60790079917e-7,1.73986819618e-7,3.02587920942e-7,1.4286933947e-7,1.97229486076e-8,8.71596128604e-8,4.32293099095e-8,4.88125984077e-9,2.50169884808e-9,4.83718665123e-9,6.65549748646e-9,5.07215425216e-9,5.24963628123e-9,3.47609407925e-9,2.17241247213e-9,1.60653446102e-9,1.83701243106e-9,7.32485461175e-10,4.35963598555e-10,3.78673120638e-10,2.19189805195e-10,1.97035415761e-10,2.9399641055e-10,5.97802363167e-11,3.10039459384e-11,2.93254205641e-11,1.54156427207e-11,1.21088208904e-11,5.70002899047e-12,3.58189498027e-12,2.6518689588e-12,2.60770029702e-12,1.32206582921e-12,8.94053982323e-13,2.86674303003e-13]},"melbands_crest":{"dmean":3.6868083477,"dmean2":6.14531850815,"dvar":10.0297365189,"dvar2":27.2607917786,"max":30.8084754944,"mean":18.8390369415,"median":18.9916820526,"min":2.06585144997,"var":29.3007049561},"melbands_flatness_db":{"dmean":0.0292628183961,"dmean2":0.0481342971325,"dvar":0.000744471035432,"dvar2":0.00189694843721,"max":0.537260890007,"mean":0.221955016255,"median":0.217927604914,"min":0.00682259257883,"var":0.0034074052237},"melbands_kurtosis":{"dmean":9.60900497437,"dmean2":15.799077034,"dvar":170.958236694,"dvar2":446.713043213,"max":341.426696777,"mean":20.6441078186,"median":15.1208610535,"min":-1.35128176212,"var":401.804595947},"melbands_skewness":{"dmean":0.861711740494,"dmean2":1.40534436703,"dvar":0.612997829914,"dvar2":1.55943048,"max":14.2149744034,"mean":3.70019459724,"median":3.52460861206,"min":-0.5625654459,"var":2.21805071831},"melbands_spread":{"dmean":5.25261306763,"dmean2":8.72976016998,"dvar":28.5224075317,"dvar2":72.6274185181,"max":181.230941772,"mean":16.8634567261,"median":14.5301656723,"min":0.449524372816,"var":124.771018982},"mfcc":{"cov":[[6630.22216797,-306.66204834,-326.432006836,-5.8901424408,-62.0854644775,50.8373069763,-80.9884338379,-45.7611351013,-53.3456192017,77.0286026001,3.37023687363,-28.5623836517,-23.473323822],[-306.66204834,911.072998047,-286.923278809,201.938140869,-93.0844268799,15.3329324722,30.2191009521,19.3978939056,4.28162717819,6.01663398743,22.7334575653,8.95929431915,21.9871463776],[-326.432006836,-286.923278809,458.765655518,-109.689826965,102.696464539,-38.614780426,6.26211214066,8.76756095886,-7.7788848877,-27.5674686432,-23.1456108093,9.75325202942,-0.00657142838463],[-5.8901424408,201.938140869,-109.689826965,166.880645752,-5.18077516556,20.574098587,-5.29737758636,2.14474177361,10.0223875046,-3.8766579628,-1.98882853985,8.07901096344,18.113779068],[-62.0854644775,-93.0844268799,102.696464539,-5.18077516556,101.411766052,13.6633062363,13.9500083923,2.1493973732,10.0301427841,-1.24309051037,-9.33958148956,3.17788147926,3.27340459824],[50.8373069763,15.3329324722,-38.614780426,20.574098587,13.6633062363,92.8944778442,34.1106872559,9.25761508942,6.53836965561,13.2586250305,8.78685855865,-8.2040719986,-4.90170288086],[-80.9884338379,30.2191009521,6.26211214066,-5.29737758636,13.9500083923,34.1106872559,80.4132156372,25.271320343,6.61878156662,2.23945403099,8.1669178009,-1.74786102772,-6.67541694641],[-45.7611351013,19.3978939056,8.76756095886,2.14474177361,2.1493973732,9.25761508942,25.271320343,55.5818748474,20.7525482178,3.80349159241,1.23809587955,4.60974979401,3.12515544891],[-53.3456192017,4.28162717819,-7.7788848877,10.0223875046,10.0301427841,6.53836965561,6.61878156662,20.7525482178,56.7712745667,17.6545886993,7.41016149521,3.26552057266,4.98027896881],[77.0286026001,6.01663398743,-27.5674686432,-3.8766579628,-1.24309051037,13.2586250305,2.23945403099,3.80349159241,17.6545886993,57.3935432434,26.0589752197,1.74844753742,1.00765168667],[3.37023687363,22.7334575653,-23.1456108093,-1.98882853985,-9.33958148956,8.78685855865,8.1669178009,1.23809587955,7.41016149521,26.0589752197,55.1246147156,14.9458150864,2.54794430733],[-28.5623836517,8.95929431915,9.75325202942,8.07901096344,3.17788147926,-8.2040719986,-1.74786102772,4.60974979401,3.26552057266,1.74844753742,14.9458150864,46.1744880676,18.8628025055],[-23.473323822,21.9871463776,-0.00657142838463,18.113779068,3.27340459824,-4.90170288086,-6.67541694641,3.12515544891,4.98027896881,1.00765168667,2.54794430733,18.8628025055,46.0716819763]],"icov":[[0.000171781139215,0.000114077687613,0.000172227388248,-0.0000297396418318,0.00000358099737241,-0.0000680313823977,0.000140912103234,-0.0000611263749306,0.000264211121248,-0.000274092250038,0.0000987492167042,-0.00000245222349804,0.0000348443536495],[0.000114077687613,0.00194730260409,0.000606020388659,-0.00204892992042,0.00113663019147,0.000656347023323,-0.00117740442511,-0.000398711650632,0.000561107008252,-0.000280759151792,-0.000331339979311,0.000167767007952,-0.000324905500747],[0.000172227388248,0.000606020388659,0.00419719982892,0.00177220825572,-0.00370416580699,0.00152309751138,-0.0000429053106927,-0.00128348381259,0.00102061103098,0.00108468194958,0.000267582916422,-0.000642122584395,-0.000277513230685],[-0.0000297396418318,-0.00204892992042,0.00177220825572,0.0103649049997,-0.00280233263038,-0.00224600778893,0.00246128509752,0.0000186637153092,-0.00156745873392,0.00222298968583,0.00111444143113,-0.00136815768201,-0.00217734836042],[0.00000358099737241,0.00113663019147,-0.00370416580699,-0.00280233263038,0.015811752528,-0.00263126543723,-0.00289724254981,0.00275326659903,-0.00301569653675,-0.00151878327597,0.00283092656173,-0.00122741714586,-0.000744110846426],[-0.0000680313823977,0.000656347023323,0.00152309751138,-0.00224600778893,-0.00263126543723,0.0152374366298,-0.00622117845342,-0.000418621610152,0.000816204876173,-0.00239198748022,-0.00145180465188,0.00297866761684,0.000295320700388],[0.000140912103234,-0.00117740442511,-0.0000429053106927,0.00246128509752,-0.00289724254981,-0.00622117845342,0.0191228762269,-0.0077617126517,0.00109918636736,0.00219127419405,-0.00299175642431,0.0003251855087,0.00237277662382],[-0.0000611263749306,-0.000398711650632,-0.00128348381259,0.0000186637153092,0.00275326659903,-0.000418621610152,-0.0077617126517,0.0253979824483,-0.00912368483841,-0.0000610477582086,0.00275258277543,-0.00260720332153,-0.0010331486119],[0.000264211121248,0.000561107008252,0.00102061103098,-0.00156745873392,-0.00301569653675,0.000816204876173,0.00109918636736,-0.00912368483841,0.0241638850421,-0.00688942102715,-0.000581091095228,0.000615320284851,-0.00111868930981],[-0.000274092250038,-0.000280759151792,0.00108468194958,0.00222298968583,-0.00151878327597,-0.00239198748022,0.00219127419405,-0.0000610477582086,-0.00688942102715,0.0263142809272,-0.0117402430624,0.00273763970472,-0.00100681383628],[0.0000987492167042,-0.000331339979311,0.000267582916422,0.00111444143113,0.00283092656173,-0.00145180465188,-0.00299175642431,0.00275258277543,-0.000581091095228,-0.0117402430624,0.0278304480016,-0.0102058257908,0.00175347970799],[-0.00000245222349804,0.000167767007952,-0.000642122584395,-0.00136815768201,-0.00122741714586,0.00297866761684,0.0003251855087,-0.00260720332153,0.000615320284851,0.00273763970472,-0.0102058257908,0.0305236838758,-0.0109744714573],[0.0000348443536495,-0.000324905500747,-0.000277513230685,-0.00217734836042,-0.000744110846426,0.000295320700388,0.00237277662382,-0.0010331486119,-0.00111868930981,-0.00100681383628,0.00175347970799,-0.0109744714573,0.0277714766562]],"mean":[-614.894042969,134.883880615,-10.5278930664,46.3054199219,2.21652698517,10.303155899,3.57474780083,6.45691633224,3.12088871002,5.27036809921,1.59659636021,1.07961189747,0.794995963573]},"pitch_salience":{"dmean":0.0906440094113,"dmean2":0.152353018522,"dvar":0.00604169256985,"dvar2":0.0167148355395,"max":0.921458959579,"mean":0.489260166883,"median":0.491588890553,"min":0.144097864628,"var":0.0130767263472},"silence_rate_20dB":{"dmean":0,"dmean2":0,"dvar":0,"dvar2":0,"max":1,"mean":1,"median":1,"min":1,"var":0},"silence_rate_30dB":{"dmean":0.0314304046333,"dmean2":0.0628675296903,"dvar":0.0304411444813,"dvar2":0.0813778787851,"max":1,"mean":0.979369342327,"median":1,"min":0,"var":0.020206419751},"silence_rate_60dB":{"dmean":0.00213812268339,"dmean2":0.00427670264617,"dvar":0.00213280902244,"dvar2":0.00596987269819,"max":1,"mean":0.0268305726349,"median":0,"min":0,"var":0.0261102151126},"spectral_centroid":{"dmean":232.95980835,"dmean2":380.715576172,"dvar":53372.2695312,"dvar2":132631.421875,"max":11054.1386719,"mean":1364.49365234,"median":1383.67321777,"min":150.101852417,"var":252800.890625},"spectral_complexity":{"dmean":3.92088937759,"dmean2":6.28996038437,"dvar":13.0192985535,"dvar2":30.9099578857,"max":57,"mean":28.666595459,"median":30,"min":0,"var":134.697509766},"spectral_contrast_coeffs":{"dmean":[0.0568241663277,0.0453590229154,0.0342352278531,0.0271769594401,0.0184465181082,0.0180843565613],"dmean2":[0.0955619141459,0.0757102370262,0.0575008206069,0.0452488102019,0.0303911771625,0.0282652880996],"dvar":[0.00227116979659,0.00122871936765,0.000703126599547,0.000447676022304,0.000207710603718,0.000272117176792],"dvar2":[0.00627494463697,0.00341336848214,0.00195456831716,0.00121090735774,0.000540713430382,0.000607945723459],"max":[-0.354729682207,-0.505089044571,-0.51008605957,-0.612293958664,-0.640393793583,-0.607413232327],"mean":[-0.624091625214,-0.753591179848,-0.800606310368,-0.798631250858,-0.802299320698,-0.712646782398],"median":[-0.623871564865,-0.757047235966,-0.805909991264,-0.800164043903,-0.803834438324,-0.710881412029],"min":[-0.964692950249,-0.97832274437,-0.980385184288,-0.968584120274,-0.968041241169,-0.962196946144],"var":[0.00460872612894,0.00341583765112,0.0021804603748,0.00163386936765,0.000910802511498,0.00180302211083]},"spectral_contrast_valleys":{"dmean":[0.401360958815,0.319964677095,0.280684709549,0.23831525445,0.189537286758,0.300088852644],"dmean2":[0.670149743557,0.534525573254,0.463045924902,0.387271374464,0.301559299231,0.436902701855],"dvar":[0.115170001984,0.0811889767647,0.0699979737401,0.0603172965348,0.058512814343,0.153350308537],"dvar2":[0.282079547644,0.188621371984,0.152375459671,0.120574682951,0.107802987099,0.29753947258],"max":[-5.22918748856,-4.82425260544,-5.68583440781,-5.56140708923,-5.6015753746,-8.2381029129],"mean":[-6.696641922,-6.25708198547,-6.96415710449,-7.21135234833,-6.92443275452,-10.4600419998],"median":[-6.58535528183,-6.11093187332,-6.79480695724,-7.03228235245,-6.66814041138,-10.3869361877],"min":[-27.3959445953,-27.2854347229,-27.4666099548,-27.0951557159,-26.9953346252,-27.1738929749],"var":[1.00592935085,0.981007099152,1.07706904411,1.08309209347,1.07405436039,1.55139875412]},"spectral_decrease":{"dmean":4.20357348929e-9,"dmean2":6.95140478513e-9,"dvar":2.10629598499e-17,"dvar2":5.48978861426e-17,"max":7.22449687011e-17,"mean":-1.20637952961e-8,"median":-1.07204218835e-8,"min":-4.55120989784e-8,"var":4.45849556073e-17},"spectral_energy":{"dmean":0.0160907302052,"dmean2":0.0265758708119,"dvar":0.000307399837766,"dvar2":0.000800599169452,"max":0.17398032546,"mean":0.0476077534258,"median":0.0426675453782,"min":1.04348939287e-20,"var":0.000665045226924},"spectral_energyband_high":{"dmean":0.000285348040052,"dmean2":0.000462300726213,"dvar":1.74313569801e-7,"dvar2":4.47338095455e-7,"max":0.00682631274685,"mean":0.000845783390105,"median":0.000653853756376,"min":7.97932911654e-21,"var":6.1574570509e-7},"spectral_energyband_low":{"dmean":0.0143557554111,"dmean2":0.0239549838006,"dvar":0.000255124323303,"dvar2":0.000663654005621,"max":0.162000641227,"mean":0.0294274538755,"median":0.0244790539145,"min":6.59325842507e-23,"var":0.000486046163132},"spectral_energyband_middle_high":{"dmean":0.00132177316118,"dmean2":0.00206781318411,"dvar":0.00000230090063269,"dvar2":0.00000564689571547,"max":0.043917696923,"mean":0.00585103593767,"median":0.00518215680495,"min":1.48203028158e-21,"var":0.0000173519929376},"spectral_energyband_middle_low":{"dmean":0.00682415021583,"dmean2":0.0114327808842,"dvar":0.000142134682392,"dvar2":0.000368851673556,"max":0.144698575139,"mean":0.0140520939603,"median":0.0111690247431,"min":2.09147851902e-22,"var":0.000147032566019},"spectral_entropy":{"dmean":0.113599292934,"dmean2":0.182662725449,"dvar":0.0175331179053,"dvar2":0.0451492108405,"max":9.81109619141,"mean":7.67061662674,"median":7.70983886719,"min":5.69515800476,"var":0.0816948413849},"spectral_flux":{"dmean":0.0313486382365,"dmean2":0.04956484586,"dvar":0.00111159787048,"dvar2":0.00245811603963,"max":0.398921281099,"mean":0.109084837139,"median":0.0998985394835,"min":1.02151329062e-10,"var":0.00267154187895},"spectral_kurtosis":{"dmean":1.42566537857,"dmean2":2.51107692719,"dvar":2.33208203316,"dvar2":6.88439798355,"max":22.0685939789,"mean":3.29921722412,"median":2.85143089294,"min":-1.20398044586,"var":3.51848745346},"spectral_rms":{"dmean":0.00109406991396,"dmean2":0.00178842945024,"dvar":0.00000105803576389,"dvar2":0.00000269186216428,"max":0.0130283115432,"mean":0.00652793189511,"median":0.00645188940689,"min":3.19067146835e-12,"var":0.00000383289079764},"spectral_rolloff":{"dmean":371.953796387,"dmean2":636.114624023,"dvar":212753.0625,"dvar2":514442.84375,"max":19724.4140625,"mean":939.538024902,"median":624.462890625,"min":86.1328125,"var":1384711.25},"spectral_skewness":{"dmean":0.179917395115,"dmean2":0.306520462036,"dvar":0.0327075943351,"dvar2":0.0910215452313,"max":4.12318944931,"mean":1.15244138241,"median":1.1150406599,"min":0.0311843305826,"var":0.0956640988588},"spectral_spread":{"dmean":328929.3125,"dmean2":478282.875,"dvar":252461170688,"dvar2":368162865152,"max":40219084,"mean":3804175.25,"median":3483950.5,"min":1875912.75,"var":1293293846530},"spectral_strongpeak":{"dmean":0.303337901831,"dmean2":0.522912085056,"dvar":0.221348211169,"dvar2":0.596905171871,"max":7.12530231476,"mean":0.633643209934,"median":0.543099403381,"min":0,"var":0.30158418417},"zerocrossingrate":{"dmean":0.00675152987242,"dmean2":0.00873899739236,"dvar":0.0000489859412482,"dvar2":0.00007812907279,"max":0.6630859375,"mean":0.0438801199198,"median":0.041015625,"min":0.00341796875,"var":0.00101687398273}},"metadata":{"audio_properties":{"analysis_sample_rate":44100,"bit_rate":320000,"codec":"mp3","downmix":"mix","equal_loudness":0,"length":217.182037354,"lossless":false,"md5_encoded":"3186593ded219a07f1149c2ed0f7284e","replay_gain":-13.1007194519,"sample_rate":44100},"tags":{"album":["Let The Day Begin"],"artist":["Black Rebel Motorcycle Club"],"bpm":["123"],"composer":[" "],"contentgroup":["6"],"encodedby":["Promo Only OnLine"],"file_name":"copy2061543911196503392.mp3","genre":["AlternRock"],"initialkey":["04B"],"label":["Vagrant"],"media":["009202"],"musicbrainz_recordingid":["7d1447d3-a1aa-44aa-842b-5226def6d661"],"title":["Let The Day Begin"],"tracknumber":["1"]},"version":{"essentia":"2.1-beta2","essentia_build_sha":"cead25079874084f62182a551b7393616cd33d87","essentia_git_sha":"v2.1_beta2-1-ge3940c0","extractor":"music 1.0"}},"rhythm":{"beats_count":443,"beats_loudness":{"dmean":0.0253349281847,"dmean2":0.0440666526556,"dvar":0.000459936505649,"dvar2":0.00136525114067,"max":0.191986352205,"mean":0.0738738775253,"median":0.0735620334744,"min":4.52988890842e-9,"var":0.00081350147957},"beats_loudness_band_ratio":{"dmean":[0.10597717762,0.059993468225,0.0479175597429,0.0264513846487,0.0239749141037,0.0141973681748],"dmean2":[0.178190350533,0.105183273554,0.0851502865553,0.0453904047608,0.04228650406,0.0245230514556],"dvar":[0.00851652491838,0.00299156270921,0.00368213187903,0.00182987097651,0.00066658644937,0.000177897833055],"dvar2":[0.0234824195504,0.00828116387129,0.00998144131154,0.00509334914386,0.00190814852249,0.000469168968266],"max":[0.990309476852,0.492318570614,0.538271009922,0.463379144669,0.191174343228,0.135764360428],"mean":[0.762428283691,0.087085261941,0.0662922337651,0.0396477766335,0.0431574173272,0.0252004936337],"median":[0.799327611923,0.0739208832383,0.043472699821,0.0292704384774,0.0345958173275,0.0227909721434],"min":[0.0723715797067,0.00664673093706,0.00123943376821,0.00064710655715