{"lowlevel":{"average_loudness":0.887479305267,"barkbands":{"dmean":[0.000223005321459,0.0094948047772,0.0100509561598,0.00398598844185,0.0020092970226,0.00106868590228,0.00039716809988,0.000155818532221,0.000207155855605,0.000107749394374,0.0000791892016423,0.0000746606747271,0.0000987867897493,0.000093799077149,0.000183895157534,0.000298494356684,0.000295011239359,0.000259208900388,0.00019289876218,0.000147021040902,0.0000958210221143,0.0000616461693426,0.0000385930907214,0.0000201177881536,0.0000254223450611,0.0000268449275609,0.00000879068647919],"dmean2":[0.000307676469674,0.015504470095,0.0171995684505,0.00687155220658,0.00335420574993,0.00173041841481,0.000654814415611,0.000257982406765,0.000329592003254,0.000168538768776,0.000129934138386,0.000124713100377,0.00016083366063,0.00015093437105,0.00029896691558,0.000487252691528,0.000476430926938,0.000427095568739,0.000315732409945,0.000241360612563,0.000157559159561,0.0000986855884548,0.0000618099293206,0.0000309998613375,0.0000346430715581,0.0000359178156941,0.0000125279029817],"dvar":[2.4722473313e-7,0.000311534036882,0.000278423627606,0.000038849109842,0.00000824666858534,0.0000030696369322,6.90720810326e-7,1.16083135993e-7,2.30307705351e-7,9.99149989411e-8,3.7456391766e-8,3.48822446483e-8,4.87245408465e-8,4.60261446733e-8,1.2108939984e-7,1.95987709617e-7,1.82768360446e-7,1.63665418995e-7,9.38652107152e-8,6.49229789929e-8,3.62706664703e-8,1.61620032912e-8,4.86526818833e-9,1.76552605868e-9,3.47362849595e-9,5.65624391768e-9,6.36778740848e-10],"dvar2":[4.61217325665e-7,0.000754213775508,0.00076895969687,0.000111059183837,0.0000225284147746,0.00000796141921455,0.00000181885252459,3.00859198887e-7,5.51611094579e-7,2.23932531185e-7,9.20518914427e-8,9.23287544197e-8,1.15595653938e-7,1.04143694557e-7,2.94732870998e-7,4.82753591768e-7,4.5029685225e-7,4.19695396658e-7,2.43254476118e-7,1.65367666227e-7,9.58868326961e-8,4.00888673369e-8,1.17308234238e-8,4.06840294787e-9,6.30234442411e-9,9.87426140853e-9,1.2446097486e-9],"max":[0.00574092194438,0.323290228844,0.266561210155,0.101491987705,0.0502169057727,0.0380025058985,0.0214717276394,0.0127956336364,0.0130657693371,0.0107992533594,0.00701870117337,0.00787632353604,0.0077836997807,0.00618265755475,0.00878674909472,0.00917263142765,0.00912631116807,0.00842135678977,0.00587246380746,0.00605749152601,0.00433333497494,0.00362719362602,0.00164907285944,0.00221582944505,0.00121582939755,0.00187649787404,0.000465665187221],"mean":[0.000275059981504,0.0161569230258,0.0172910001129,0.00609309598804,0.00374037330039,0.00232469453476,0.00067061901791,0.000253625097685,0.00038764916826,0.000235808183788,0.000129248801386,0.000119156757137,0.000164602781297,0.000154488428961,0.000318481674185,0.000590945070144,0.000621732731815,0.000540564244147,0.000423645862611,0.000327587622451,0.000191467057448,0.000132299013785,0.0000899263905012,0.0000496571556141,0.0000544543727301,0.0000430045038229,0.0000122055016618],"median":[0.0000425137986895,0.010097890161,0.0116691160947,0.00276656565256,0.00244661490433,0.00115803536028,0.000317112484481,0.000129630236188,0.00016618866357,0.0000551058838028,0.0000554078396817,0.0000644165775157,0.0000721062388038,0.0000712284090696,0.000159052549861,0.00037536554737,0.000401224941015,0.000324125809129,0.000279971543932,0.000203676769161,0.0000851624645293,0.0000535056024091,0.0000337554774887,0.0000175823479367,0.0000140926858876,0.00000424269273935,5.28408918399e-7],"min":[8.92018903187e-10,4.51972148596e-9,8.77649175557e-10,1.0531612249e-9,4.06146560827e-10,3.41651817948e-10,1.5266599096e-10,1.05770142644e-10,9.19690365531e-11,1.33933350521e-10,6.23158052937e-11,6.07916217366e-11,1.0280037932e-10,7.13985745526e-11,8.38370345368e-11,1.29221119916e-10,3.59597733535e-11,7.26786478222e-11,7.91427409719e-11,1.10872609704e-10,2.00489722046e-10,7.48214060153e-11,1.14990274247e-10,1.18493673207e-10,2.59521182322e-10,4.18181878015e-10,7.47823525327e-10],"var":[3.84459724501e-7,0.000425602309406,0.000373106653569,0.0000737603841117,0.0000167795788002,0.0000116331684694,0.00000149721802245,2.43915366127e-7,5.99879854235e-7,6.44918145554e-7,9.23967178323e-8,4.95135452638e-8,1.09176660601e-7,9.61087849305e-8,2.3921595016e-7,4.54915408454e-7,4.57561043277e-7,4.26632567496e-7,2.26812019832e-7,1.52741591819e-7,7.53356204086e-8,3.58552654234e-8,1.56329882373e-8,6.41656461298e-9,1.19033387591e-8,1.29333450616e-8,1.23131582708e-9]},"barkbands_crest":{"dmean":2.58502864838,"dmean2":4.30973720551,"dvar":5.3370847702,"dvar2":14.2298183441,"max":24.0767116547,"mean":12.3129892349,"median":12.1594829559,"min":3.01894521713,"var":13.2706480026},"barkbands_flatness_db":{"dmean":0.0251046307385,"dmean2":0.0393495522439,"dvar":0.000530910794623,"dvar2":0.00126939907204,"max":0.34973949194,"mean":0.169869184494,"median":0.16743901372,"min":0.0356436632574,"var":0.00237329932861},"barkbands_kurtosis":{"dmean":5.65322828293,"dmean2":9.15323448181,"dvar":55.0448722839,"dvar2":139.085281372,"max":137.236618042,"mean":10.999833107,"median":7.30090808868,"min":-1.91134560108,"var":156.057495117},"barkbands_skewness":{"dmean":0.718162119389,"dmean2":1.15047347546,"dvar":0.476712822914,"dvar2":1.19066751003,"max":9.94414424896,"mean":2.86204171181,"median":2.75321149826,"min":-3.97316622734,"var":2.18377041817},"barkbands_spread":{"dmean":5.83240127563,"dmean2":9.26333999634,"dvar":41.4903793335,"dvar2":95.5177230835,"max":107.651763916,"mean":19.0040874481,"median":16.477230072,"min":1.36120343208,"var":154.107849121},"dissonance":{"dmean":0.00875453837216,"dmean2":0.0145201776177,"dvar":0.0000642399318167,"dvar2":0.000171195424628,"max":0.500000119209,"mean":0.480839550495,"median":0.483324348927,"min":0.37785589695,"var":0.000155350848217},"dynamic_complexity":3.67275547981,"erbbands":{"dmean":[0.200137749314,2.52200484276,10.6495523453,12.4621324539,8.95332813263,6.60756778717,7.5226817131,9.44714927673,5.92962551117,4.76386594772,3.22479104996,4.85185432434,3.46573472023,2.78177833557,3.19909524918,2.87710475922,4.15235757828,4.50451183319,6.85478830338,11.107378006,14.8474473953,15.3397083282,15.4289226532,8.71432304382,10.0397090912,7.11700534821,5.22014141083,2.74433922768,2.20186853409,1.88980138302,0.899732708931,0.475685477257,0.304718732834,0.234743222594,0.229935377836,0.141245916486,0.0419965870678,0.0110134482384,0.0013786831405,0.0000872331656865],"dmean2":[0.311961978674,4.20204162598,18.0985927582,21.5819606781,15.0310840607,11.0277051926,12.3472576141,15.1011457443,9.71801376343,7.90891838074,5.25441503525,7.71515655518,5.34660291672,4.520611763,5.20471668243,4.78553533554,6.79321861267,7.17139148712,11.2244615555,17.9032173157,24.0873832703,24.6920928955,25.1626739502,14.2519845963,16.552652359,11.6753320694,8.69569015503,4.42075443268,3.54699063301,3.0149474144,1.44351613522,0.74849408865,0.463603705168,0.335398048162,0.31376644969,0.189971938729,0.0568688884377,0.0155446352437,0.001947130193,0.000127694627736],"dvar":[0.195299401879,21.359500885,313.060516357,384.046081543,164.238830566,118.006019592,183.979644775,238.987915039,152.8046875,158.840606689,48.9753990173,146.986968994,91.8605880737,43.8979797363,57.5089149475,54.0206947327,85.2189788818,106.809181213,207.683486938,301.503082275,424.03237915,521.114685059,573.424926758,207.075302124,277.246063232,166.905914307,99.8058166504,34.6237754822,20.3240642548,14.0739583969,2.7651143074,0.855453491211,0.502729952335,0.301032155752,0.302336007357,0.162312626839,0.0131860952824,0.000959590601269,0.0000150622481669,4.37752483151e-8],"dvar2":[0.418262779713,54.8657836914,850.598632812,1110.59643555,445.70526123,319.72064209,481.030548096,587.911804199,404.980072021,448.459259033,123.578262329,342.429107666,201.568649292,104.491020203,143.190444946,141.19291687,206.688705444,233.979858398,539.355651855,720.974243164,1056.14172363,1298.46228027,1459.11865234,520.668212891,716.181945801,428.108795166,269.565216064,87.5101394653,50.1406936646,34.2121086121,6.79594182968,2.08107447624,1.11209177971,0.618115007877,0.541714847088,0.286727517843,0.0235609021038,0.00185680564027,0.0000289360232273,8.70984067092e-8],"max":[6.93691921234,80.7078018188,286.702392578,260.675292969,162.208999634,236.352005005,280.867279053,381.303405762,397.721313477,554.792297363,255.805633545,332.466125488,282.011657715,188.649398804,254.970031738,350.287872314,369.73324585,346.138458252,414.448852539,373.667419434,422.412445068,570.345825195,479.92489624,289.867523193,366.057373047,384.488555908,204.088775635,129.301040649,103.053474426,106.204803467,39.4122314453,34.9373779297,42.6943244934,14.6206455231,13.3695087433,10.0279750824,2.71126461029,0.635948359966,0.0788312554359,0.00376607337967],"mean":[0.256730437279,4.41419029236,19.3878955841,20.4232082367,16.2915153503,11.7181253433,15.3728141785,19.1826267242,10.916934967,7.84603500366,5.77220249176,9.19159221649,7.82299613953,5.34780073166,5.66886377335,4.84762620926,7.29659414291,8.13593769073,12.4742269516,22.0993976593,32.6591796875,34.5353622437,33.3701095581,20.7751789093,22.6863689423,16.0036754608,10.1728019714,5.7939157486,4.55997085571,4.08314609528,2.20463824272,1.21286284924,0.737010419369,0.524384558201,0.449525564909,0.231622129679,0.0667844936252,0.0162080395967,0.00195348612033,0.0001543500548],"median":[0.106694206595,2.95184421539,14.2232837677,13.0648584366,8.89507484436,6.8232088089,8.02942466736,9.73804473877,5.85184001923,3.92953872681,3.24803829193,3.8001499176,2.22505092621,1.96813464165,2.54682826996,2.72741627693,3.47019433975,4.13964557648,6.59810447693,13.3325424194,22.2332611084,22.4476203918,21.4696159363,12.7912864685,15.0383472443,9.71308612823,5.28568077087,2.43704080582,1.8635379076,1.58333933353,0.830882310867,0.435895800591,0.254682093859,0.156362950802,0.0955556929111,0.0259574837983,0.00660134945065,0.00107207032852,0.000120906624943,0.0000701750104781],"min":[1.97254578893e-7,5.73567376705e-7,8.51658739975e-7,0.00000275965157925,0.00000249982622336,9.95677851279e-7,0.00000139125711485,0.00000321533275383,0.00000142719477481,0.00000377899004889,0.00000233792979998,0.00000171402109572,0.00000436375512436,0.00000253119901572,0.00000216507010009,0.00000319700234286,0.00000480357130073,0.00000363225444744,0.00000328649593939,0.00000741113126423,0.00000483940493723,0.00000223282609113,0.00000274002127298,0.00000323859580931,0.0000056421968111,0.00000449346089226,0.0000117130475701,0.00000437393327957,0.00000247076650339,0.0000032572568216,0.00000303728620565,0.0000021178661882,0.00000211508836401,0.00000244554689743,0.00000225066264647,0.00000156053806677,7.41624262446e-7,3.82517043818e-7,9.03901948845e-8,1.10685913768e-8],"var":[0.234268456697,27.9647140503,427.306030273,558.972412109,414.63482666,231.873794556,556.223999023,852.821350098,374.967224121,267.224151611,102.471847534,377.619171143,449.024536133,164.128814697,160.625915527,65.906036377,186.267150879,232.135299683,369.216674805,738.622009277,1137.71801758,1409.49841309,1462.78076172,562.899536133,726.024902344,380.393798828,192.524185181,73.2672042847,43.5939559937,34.0495529175,9.40351963043,3.30525755882,1.63917684555,1.02523636818,0.91208165884,0.370730876923,0.0300208386034,0.00196333578788,0.0000300402662106,8.09600280149e-8]},"erbbands_crest":{"dmean":1.97314059734,"dmean2":3.23867440224,"dvar":3.54300117493,"dvar2":8.85541152954,"max":24.5773277283,"mean":7.51461029053,"median":6.70755195618,"min":2.41742253304,"var":9.69343662262},"erbbands_flatness_db":{"dmean":0.0134346913546,"dmean2":0.0191932357848,"dvar":0.000200014459551,"dvar2":0.000350285117747,"max":0.356988161802,"mean":0.137893721461,"median":0.132387250662,"min":0.0296978913248,"var":0.00176913954783},"erbbands_kurtosis":{"dmean":0.545667171478,"dmean2":0.886625826359,"dvar":0.535116314888,"dvar2":1.29627096653,"max":23.4650669098,"mean":-0.691773533821,"median":-1.07878756523,"min":-1.84399604797,"var":1.48042368889},"erbbands_skewness":{"dmean":0.331893831491,"dmean2":0.520560562611,"dvar":0.085818707943,"dvar2":0.205957770348,"max":3.1316781044,"mean":-0.20951063931,"median":-0.26797068119,"min":-4.04005527496,"var":0.501006484032},"erbbands_spread":{"dmean":9.00238990784,"dmean2":14.4307327271,"dvar":71.4028625488,"dvar2":175.877487183,"max":175.854919434,"mean":63.0238952637,"median":61.825920105,"min":3.34634995461,"var":399.00100708},"gfcc":{"cov":[[10792.7958984,-205.467651367,-209.142379761,551.722290039,-300.823669434,434.621673584,27.8968486786,215.080734253,-130.775497437,39.8991737366,-156.510559082,-27.204334259,-144.584655762],[-205.467651367,1676.98022461,-765.483337402,45.8049697876,192.424209595,-232.442642212,189.93913269,-88.574798584,217.982772827,-131.813858032,185.55430603,-111.598403931,112.976112366],[-209.142379761,-765.483337402,904.882263184,-21.2342796326,0.507650017738,160.843536377,-49.8613433838,45.753162384,-99.6325683594,83.2233810425,-103.756355286,81.6278991699,-60.4192428589],[551.722290039,45.8049697876,-21.2342796326,353.353057861,-85.3974151611,107.600837708,21.4636192322,-2.08038783073,38.3935165405,-21.4319934845,61.9863128662,-24.372385025,21.3827838898],[-300.823669434,192.424209595,0.507650017738,-85.3974151611,237.547912598,-67.5663299561,46.4230079651,-10.0782852173,10.9233903885,-5.95589828491,-15.6563005447,-9.31607818604,-2.88165926933],[434.621673584,-232.442642212,160.843536377,107.600837708,-67.5663299561,185.225509644,11.1448297501,43.6356811523,-12.3520917892,22.1390838623,-1.35938405991,10.6921243668,-14.5083713531],[27.8968486786,189.93913269,-49.8613433838,21.4636192322,46.4230079651,11.1448297501,109.246955872,8.74539279938,37.3592758179,-18.6560688019,17.9753017426,-17.4135322571,7.85744142532],[215.080734253,-88.574798584,45.753162384,-2.08038783073,-10.0782852173,43.6356811523,8.74539279938,102.475326538,17.7466506958,33.4482688904,-7.59836006165,6.6344037056,-8.96780776978],[-130.775497437,217.982772827,-99.6325683594,38.3935165405,10.9233903885,-12.3520917892,37.3592758179,17.7466506958,101.007774353,13.9595327377,49.106338501,-15.7151908875,22.0222835541],[39.8991737366,-131.813858032,83.2233810425,-21.4319934845,-5.95589828491,22.1390838623,-18.6560688019,33.4482688904,13.9595327377,89.2728805542,15.8502988815,29.8756160736,-8.07513046265],[-156.510559082,185.55430603,-103.756355286,61.9863128662,-15.6563005447,-1.35938405991,17.9753017426,-7.59836006165,49.106338501,15.8502988815,96.978767395,13.6377305984,30.5456619263],[-27.204334259,-111.598403931,81.6278991699,-24.372385025,-9.31607818604,10.6921243668,-17.4135322571,6.6344037056,-15.7151908875,29.8756160736,13.6377305984,67.813873291,14.765745163],[-144.584655762,112.976112366,-60.4192428589,21.3827838898,-2.88165926933,-14.5083713531,7.85744142532,-8.96780776978,22.0222835541,-8.07513046265,30.5456619263,14.765745163,60.040687561]],"icov":[[0.000158402879606,-0.000223868570174,0.00018360541435,-0.000375770701794,0.000162075724802,-0.000315330980811,-0.0000180053757504,-0.000235447776504,0.000449079845566,-0.000504757277668,0.00091401784448,-0.000526293588337,0.000451876461739],[-0.000223868570174,0.00270057003945,0.000413125904743,0.000824766873848,-0.00138655840419,0.00161192461383,-0.00155486830045,0.000805589312222,-0.002731324872,0.00294214836322,-0.00433042878285,0.00258336099796,-0.00188658130355],[0.00018360541435,0.000413125904743,0.00248402892612,-0.000682586512994,-0.000671421643347,-0.00154173083138,-0.000327539077261,0.000325188157149,0.000262490008026,-0.00136365136132,0.00266263121739,-0.00255791447125,0.00108900037594],[-0.000375770701794,0.000824766873848,-0.000682586512994,0.00588889839128,0.000285312213236,-0.00213623582385,0.000347994238837,0.00120233499911,-0.00225220574066,0.0033960826695,-0.00589265953749,0.00417208112776,-0.00235475949012],[0.000162075724802,-0.00138655840419,-0.000671421643347,0.000285312213236,0.00656412681565,0.00135755061638,-0.00241908011958,-0.000104347222077,0.00126335117966,-0.00214744126424,0.00302036479115,-0.000833546859212,0.00108232733328],[-0.000315330980811,0.00161192461383,-0.00154173083138,-0.00213623582385,0.00135755061638,0.0118809305131,-0.00375214009546,-0.00263493065722,0.000535547442269,0.000707401894033,-0.0035530119203,0.00181160052307,-0.00028875542921],[-0.0000180053757504,-0.00155486830045,-0.000327539077261,0.000347994238837,-0.00241908011958,-0.00375214009546,0.0146924164146,-0.00144810474012,-0.0030949935317,0.00311757624149,-0.00011799443746,-0.000139318100992,0.000915785843972],[-0.000235447776504,0.000805589312222,0.000325188157149,0.00120233499911,-0.000104347222077,-0.00263493065722,-0.00144810474012,0.0141425607726,-0.00504555739462,-0.0031935472507,0.00213209423237,-0.000245895091211,-0.000126717975945],[0.000449079845566,-0.002731324872,0.000262490008026,-0.00225220574066,0.00126335117966,0.000535547442269,-0.0030949935317,-0.00504555739462,0.0228280685842,-0.00877687241882,-0.00188212154899,0.00444058002904,-0.00255950447172],[-0.000504757277668,0.00294214836322,-0.00136365136132,0.0033960826695,-0.00214744126424,0.000707401894033,0.00311757624149,-0.0031935472507,-0.00877687241882,0.023865012452,-0.0111390501261,-0.0026663208846,0.00260120863095],[0.00091401784448,-0.00433042878285,0.00266263121739,-0.00589265953749,0.00302036479115,-0.0035530119203,-0.00011799443746,0.00213209423237,-0.00188212154899,-0.0111390501261,0.0316151194274,-0.0134885450825,0.0011730248807],[-0.000526293588337,0.00258336099796,-0.00255791447125,0.00417208112776,-0.000833546859212,0.00181160052307,-0.000139318100992,-0.000245895091211,0.00444058002904,-0.0026663208846,-0.0134885450825,0.0305812619627,-0.0124548915774],[0.000451876461739,-0.00188658130355,0.00108900037594,-0.00235475949012,0.00108232733328,-0.00028875542921,0.000915785843972,-0.000126717975945,-0.00255950447172,0.00260120863095,0.0011730248807,-0.0124548915774,0.0268262177706]],"mean":[-8.90097904205,96.5838775635,-99.7674331665,64.1183547974,-30.4581546783,-1.92407739162,-37.0215988159,7.2566113472,-18.9330730438,-1.92818892002,-17.1411914825,-1.4903665781,-11.2107601166]},"hfc":{"dmean":4.96525192261,"dmean2":7.51535844803,"dvar":48.3372077942,"dvar2":110.408203125,"max":96.0380020142,"mean":19.2952384949,"median":16.7981014252,"min":0.0000289678573608,"var":177.062408447},"melbands":{"dmean":[0.00212944671512,0.00466704927385,0.00197603111155,0.000515603634994,0.000255890045082,0.000203141826205,0.0000866823684191,0.0000476889690617,0.0000287427155854,0.0000308937269438,0.0000178007067007,0.0000121467937788,0.0000104985265352,0.00000836522303871,0.00000908316178538,0.0000102937819975,0.00000882257791091,0.0000102561425592,0.0000158556176757,0.0000213636503759,0.0000178664213308,0.0000172273485077,0.0000160967138072,0.0000137803535836,0.00000718921091902,0.00000878029186424,0.00000644784995529,0.00000487730221721,0.00000342055272995,0.0000022794290544,0.00000164323728313,0.00000135681739266,0.00000120043137031,0.00000107203084099,6.32343073903e-7,3.8563553062e-7,3.07824620904e-7,2.34301381852e-7,2.06639057865e-7,2.15410523197e-7],"dmean2":[0.00341293215752,0.00785805191845,0.0033877491951,0.000863337249029,0.000418802577769,0.000326142646372,0.00014231071691,0.0000788618708611,0.0000467260506412,0.0000488935402245,0.0000275267957477,0.0000196465243789,0.0000171339834196,0.0000140111342262,0.0000149798979692,0.0000167611578945,0.0000140696893141,0.0000169572085724,0.0000255430222751,0.0000349947076757,0.0000291507585644,0.0000279622909147,0.0000258786767517,0.0000228398293984,0.0000118911111713,0.0000145059329952,0.0000106896768557,0.00000807067044661,0.00000569898929825,0.00000379429889108,0.00000265506196229,0.0000022183269266,0.00000193582059183,0.0000017208421923,0.00000103101478999,6.12783878751e-7,4.93014340464e-7,3.66253232187e-7,3.125138619e-7,3.13466472335e-7],"dvar":[0.0000179482140084,0.0000617396071902,0.00000870834173838,5.59230272756e-7,1.7370918215e-7,1.06052979731e-7,3.05242302545e-8,1.5317260349e-8,4.12362100022e-9,6.05800121178e-9,2.48243181566e-9,9.47944167606e-10,6.62803922857e-10,4.63413835083e-10,3.82338549709e-10,6.19369833199e-10,4.52486825786e-10,5.79789660726e-10,9.66960178594e-10,1.24834231841e-9,6.19902740251e-10,6.3615490653e-10,6.47857378855e-10,4.4823411649e-10,1.51427440032e-10,1.9259704942e-10,1.2668573135e-10,7.88189444267e-11,3.91969998126e-11,2.50094962101e-11,1.13038493496e-11,7.40853732528e-12,6.25997344239e-12,4.1613856458e-12,1.34268312614e-12,4.96368354405e-13,3.89934287116e-13,2.99016020278e-13,2.36475091895e-13,2.71023682013e-13],"dvar2":[0.0000411128821725,0.000165075398399,0.0000249443437497,0.00000152616439664,4.62137649038e-7,2.66545868044e-7,7.98168642291e-8,4.29960849146e-8,1.03459463219e-8,1.4086542599e-8,5.4476436695e-9,2.23513185738e-9,1.63164248779e-9,1.23773280514e-9,9.25824084064e-10,1.44580447614e-9,9.77643077604e-10,1.49761736346e-9,2.20337481593e-9,3.06397995864e-9,1.57121926581e-9,1.62378477331e-9,1.59461555072e-9,1.16123843874e-9,3.89513588051e-10,5.07262676308e-10,3.22840115752e-10,2.05417627352e-10,1.04969408166e-10,6.79035855322e-11,2.86088409907e-11,1.86137338182e-11,1.55999085177e-11,1.01641585773e-11,3.41392257346e-12,1.19008015248e-12,9.97281684317e-13,6.97552530061e-13,5.29679761423e-13,5.80175501825e-13],"max":[0.0774419307709,0.121651574969,0.0396120399237,0.0140988565981,0.00916213076562,0.00789658725262,0.00518992450088,0.00545866135508,0.00242831115611,0.0021471939981,0.00151367881335,0.000988552696072,0.00100075372029,0.000902729807422,0.000729192630388,0.00100010714959,0.000725931080524,0.000711945409421,0.000986374914646,0.000767947058193,0.000577711907681,0.000683421210852,0.000452292821137,0.000411587679991,0.00023617943225,0.000246805138886,0.000262644869508,0.000245327304583,0.0001118565051,0.000142228207551,0.0000853107703733,0.0000597513280809,0.0000739859460737,0.0000520691501151,0.0000289035378955,0.0000166728677868,0.0000230589666899,0.0000335246040777,0.0000217273536691,0.0000151081503645],"mean":[0.00331026338972,0.00896219536662,0.00359879853204,0.000965159328189,0.000528523523826,0.000427551422035,0.000156770605827,0.0000768036406953,0.0000488111218147,0.0000580036030442,0.0000395163078792,0.0000233412520174,0.0000178563823283,0.0000137629413075,0.0000139333969855,0.000017157264665,0.0000146236307046,0.0000170213279489,0.0000270070595434,0.0000385531129723,0.0000370952366211,0.0000358255165338,0.0000323070635204,0.0000271942699328,0.0000149416309796,0.0000178474601853,0.0000138326722663,0.00000972672569333,0.00000641809356239,0.00000416948432758,0.00000321218226418,0.00000259570583694,0.00000239729502027,0.00000221565369429,0.00000138344387324,8.99460076198e-7,6.90386798397e-7,5.32159731392e-7,4.5006441951e-7,4.38748401166e-7],"median":[0.00183510477655,0.00705314287916,0.00245643081143,0.000609735958278,0.00031537405448,0.000222685281187,0.0000836836989038,0.0000379054472432,0.0000257341089309,0.0000223388451559,0.0000101601544884,0.00000744758517612,0.00000777698915044,0.00000710238282409,0.00000719292984286,0.00000680847369949,0.00000686417843099,0.00000820905916044,0.0000128354113258,0.0000219666217163,0.0000248861033469,0.0000231326193898,0.0000189686797967,0.0000159872506629,0.0000082373717305,0.0000116008886835,0.00000855101643538,0.0000055451228036,0.00000354950930159,0.00000173667422132,0.0000012676496226,0.00000100206602838,0.00000102918966149,8.07811090908e-7,5.12907149641e-7,3.24778852701e-7,2.25773121088e-7,1.77137025048e-7,1.47019690644e-7,1.19857247682e-7],"min":[2.15490514321e-9,5.3731474825e-10,4.75256389798e-10,1.20333798481e-10,4.40515610101e-11,6.76982567227e-11,2.59132142827e-11,4.0173163407e-11,1.56870350043e-11,1.27058970983e-11,1.4578328128e-11,1.03170909316e-11,7.92931866e-12,5.69879646944e-12,1.25187334457e-11,7.97914598977e-12,6.81923051013e-12,4.81424448917e-12,7.97353415932e-12,1.10685263038e-11,4.29229958868e-12,2.48926118433e-12,1.19632884328e-12,4.16567518327e-12,2.32911042883e-12,3.09161875788e-12,3.83124478323e-12,2.71615520873e-12,8.89825713113e-12,3.26228258817e-12,2.36082919707e-12,1.2521820603e-12,1.62786982245e-12,1.9876184032e-12,1.77975386165e-12,1.63823230155e-12,1.11536246818e-12,1.2756205597e-12,1.70797675048e-12,2.31092445527e-12],"var":[0.0000229274028243,0.0000832314253785,0.0000146615639096,0.00000121160587696,4.70905234806e-7,3.8060420593e-7,7.21544211046e-8,2.69520921137e-8,8.60743121223e-9,1.66169797922e-8,1.31159056949e-8,4.31111457644e-9,1.71858871578e-9,7.13489267667e-10,6.12799810895e-10,1.44731049367e-9,9.42535050008e-10,9.7894237161e-10,2.03327221726e-9,2.54617860129e-9,1.55403978574e-9,1.59896351715e-9,1.49020151774e-9,1.09298170514e-9,3.41412703664e-10,4.3246820014e-10,3.20229398554e-10,1.53720480789e-10,7.19654474901e-11,4.19797079043e-11,2.34359927298e-11,1.44808869756e-11,1.32544409476e-11,1.01650467557e-11,3.95809079956e-12,1.73759726226e-12,1.24980017654e-12,8.82535581073e-13,7.21427529261e-13,8.04542901484e-13]},"melbands_crest":{"dmean":3.25166606903,"dmean2":5.4515080452,"dvar":8.5119972229,"dvar2":22.8989620209,"max":31.759437561,"mean":19.3980102539,"median":19.4259643555,"min":3.50182938576,"var":25.384853363},"melbands_flatness_db":{"dmean":0.0301441047341,"dmean2":0.047792006284,"dvar":0.00078903028043,"dvar2":0.00190570345148,"max":0.470966339111,"mean":0.257954448462,"median":0.256145298481,"min":0.0378636643291,"var":0.00388434785418},"melbands_kurtosis":{"dmean":18.015411377,"dmean2":29.4069652557,"dvar":516.954711914,"dvar2":1319.67724609,"max":397.048126221,"mean":44.0010566711,"median":31.9095439911,"min":-1.79657042027,"var":1548.97998047},"melbands_skewness":{"dmean":1.11018550396,"dmean2":1.79651653767,"dvar":1.1680533886,"dvar2":2.95053577423,"max":16.6149711609,"mean":5.37919235229,"median":5.09652423859,"min":-2.16438674927,"var":5.16668701172},"melbands_spread":{"dmean":5.04244470596,"dmean2":8.15818500519,"dvar":58.3457298279,"dvar2":139.884597778,"max":211.291046143,"mean":13.7063646317,"median":9.46585655212,"min":0.905244112015,"var":240.738143921},"mfcc":{"cov":[[9699.1953125,113.277328491,-170.877914429,336.120941162,-126.163414001,107.976890564,27.1778316498,206.486953735,45.3510093689,143.582107544,24.4191207886,-0.616621851921,1.28620374203],[113.277328491,1350.22558594,-632.027587891,160.215774536,-17.4064559937,-75.886428833,-42.0606842041,20.5104579926,13.5981760025,23.9234714508,14.9966545105,2.34739351273,43.5439682007],[-170.877914429,-632.027587891,724.703125,-54.3079566956,46.023891449,111.274917603,53.2356185913,22.9243221283,18.3092956543,-7.3919301033,8.77435970306,12.1939458847,11.232503891],[336.120941162,160.215774536,-54.3079566956,195.577514648,21.7044391632,32.7046546936,0.940662205219,22.8769187927,-1.52786052227,15.5301895142,-2.42962741852,9.80895423889,21.5199661255],[-126.163414001,-17.4064559937,46.023891449,21.7044391632,105.147537231,17.2071056366,16.0369644165,0.219144999981,13.9630079269,-2.9267308712,4.59899139404,1.43027877808,11.2992591858],[107.976890564,-75.886428833,111.274917603,32.7046546936,17.2071056366,114.229789734,36.4639129639,23.5578575134,-0.105822525918,6.36649894714,2.55671310425,4.60820388794,6.89350032806],[27.1778316498,-42.0606842041,53.2356185913,0.940662205219,16.0369644165,36.4639129639,75.756401062,30.6599998474,12.9771051407,7.28187131882,5.05020856857,0.647869050503,-4.85435771942],[206.486953735,20.5104579926,22.9243221283,22.8769187927,0.219144999981,23.5578575134,30.6599998474,75.7498321533,20.2245330811,21.8446140289,1.63449835777,1.80542242527,-2.12771582603],[45.3510093689,13.5981760025,18.3092956543,-1.52786052227,13.9630079269,-0.105822525918,12.9771051407,20.2245330811,65.0141677856,25.5304660797,12.7483253479,-0.577855825424,0.668744206429],[143.582107544,23.9234714508,-7.3919301033,15.5301895142,-2.9267308712,6.36649894714,7.28187131882,21.8446140289,25.5304660797,66.9942932129,24.4420642853,14.0949935913,-3.1254556179],[24.4191207886,14.9966545105,8.77435970306,-2.42962741852,4.59899139404,2.55671310425,5.05020856857,1.63449835777,12.7483253479,24.4420642853,57.1310806274,28.7531108856,8.8867893219],[-0.616621851921,2.34739351273,12.1939458847,9.80895423889,1.43027877808,4.60820388794,0.647869050503,1.80542242527,-0.577855825424,14.0949935913,28.7531108856,60.3280639648,21.8133068085],[1.28620374203,43.5439682007,11.232503891,21.5199661255,11.2992591858,6.89350032806,-4.85435771942,-2.12771582603,0.668744206429,-3.1254556179,8.8867893219,21.8133068085,56.8204154968]],"icov":[[0.000121297191072,0.0000512180376973,0.0000596931022301,-0.000204173164093,0.000177874258952,-0.0000657551354379,0.0000658870339976,-0.000271240336588,-0.0000199228070414,-0.000114829796075,-0.0000894228505786,0.000113828587928,-0.000044186021114],[0.0000512180376973,0.00150915596168,0.00129141181242,-0.00081977294758,0.0000988881074591,0.0000634928801446,0.000202544513741,-0.000749575556256,-0.000469571183203,0.000169028659002,-0.000722864351701,0.000573452736717,-0.00123290496413],[0.0000596931022301,0.00129141181242,0.00291673024185,0.000170921601239,-0.000437714537838,-0.00179434835445,-0.00000801177156973,-0.000843440240715,-0.000878891441971,0.000584746128879,-0.000566354079638,0.0000870692456374,-0.00126221415121],[-0.000204173164093,-0.00081977294758,0.000170921601239,0.00726203806698,-0.00186236121226,-0.00225084018894,0.00107007450424,-0.00112832908053,0.00123109994456,-0.00157834065612,0.00186731037684,-0.000913717609365,-0.00150133005809],[0.000177874258952,0.0000988881074591,-0.000437714537838,-0.00186236121226,0.0113532580435,-0.000466481520562,-0.00214286101982,0.00146259728353,-0.00288806250319,0.00147749052849,-0.00101492577232,0.00084946048446,-0.00166945322417],[-0.0000657551354379,0.0000634928801446,-0.00179434835445,-0.00225084018894,-0.000466481520562,0.0131964748725,-0.0048083467409,-0.00116416951641,0.0023298941087,-0.000930532929488,-0.000105886232632,0.000485215656227,-0.001050928724],[0.0000658870339976,0.000202544513741,-0.00000801177156973,0.00107007450424,-0.00214286101982,-0.0048083467409,0.0191421154886,-0.00666139507666,-0.00157624320127,0.00132334756199,-0.00165462994482,-0.000108526663098,0.00222680042498],[-0.000271240336588,-0.000749575556256,-0.000843440240715,-0.00112832908053,0.00146259728353,-0.00116416951641,-0.00666139507666,0.0199489165097,-0.00368638057262,-0.0041320361197,0.00334001262672,-0.00108252663631,0.000912241288461],[-0.0000199228070414,-0.000469571183203,-0.000878891441971,0.00123109994456,-0.00288806250319,0.0023298941087,-0.00157624320127,-0.00368638057262,0.0212146565318,-0.00712954532355,-0.00260505545884,0.00368936243467,-0.00156402774155],[-0.000114829796075,0.000169028659002,0.000584746128879,-0.00157834065612,0.00147749052849,-0.000930532929488,0.00132334756199,-0.0041320361197,-0.00712954532355,0.0232167132199,-0.00768776377663,-0.00293450732715,0.00382255157456],[-0.0000894228505786,-0.000722864351701,-0.000566354079638,0.00186731037684,-0.00101492577232,-0.000105886232632,-0.00165462994482,0.00334001262672,-0.00260505545884,-0.00768776377663,0.027781881392,-0.0116426711902,-0.000108612905024],[0.000113828587928,0.000573452736717,0.0000870692456374,-0.000913717609365,0.00084946048446,0.000485215656227,-0.000108526663098,-0.00108252663631,0.00368936243467,-0.00293450732715,-0.0116426711902,0.0261140409857,-0.00879985466599],[-0.000044186021114,-0.00123290496413,-0.00126221415121,-0.00150133005809,-0.00166945322417,-0.001050928724,0.00222680042498,0.000912241288461,-0.00156402774155,0.00382255157456,-0.000108612905024,-0.00879985466599,0.0236710682511]],"mean":[-654.198913574,119.702095032,0.830782711506,63.3637504578,24.0740852356,7.93998861313,-1.82400977612,7.01829004288,1.41821050644,1.04950678349,-2.92461061478,-0.863323152065,3.53172969818]},"pitch_salience":{"dmean":0.0824775621295,"dmean2":0.135765045881,"dvar":0.00551465572789,"dvar2":0.0144607881084,"max":0.803240537643,"mean":0.464337617159,"median":0.469605565071,"min":0.114655949175,"var":0.0153222437948},"silence_rate_20dB":{"dmean":0.000263556692516,"dmean2":0.000527148135006,"dvar":0.000263487221673,"dvar2":0.000790561258327,"max":1,"mean":0.99986821413,"median":1,"min":0,"var":0.000131735767354},"silence_rate_30dB":{"dmean":0.0674705132842,"dmean2":0.134949922562,"dvar":0.0629297420382,"dvar2":0.139541238546,"max":1,"mean":0.93220448494,"median":1,"min":0,"var":0.0631925612688},"silence_rate_60dB":{"dmean":0.00408512866125,"dmean2":0.00817079562694,"dvar":0.0040682926774,"dvar2":0.00889459904283,"max":1,"mean":0.0894057154655,"median":0,"min":0,"var":0.0814145207405},"spectral_centroid":{"dmean":260.780059814,"dmean2":417.764923096,"dvar":60169.234375,"dvar2":148653.296875,"max":4571.60986328,"mean":1280.79638672,"median":1234.66625977,"min":204.410217285,"var":330841.65625},"spectral_complexity":{"dmean":4.04757213593,"dmean2":6.28531885147,"dvar":21.2495002747,"dvar2":45.8257446289,"max":61,"mean":20.0996837616,"median":19,"min":0,"var":134.554092407},"spectral_contrast_coeffs":{"dmean":[0.0524213761091,0.0465404652059,0.0330133959651,0.0301553942263,0.0203864015639,0.0160071086138],"dmean2":[0.0877976492047,0.0768574550748,0.0544632039964,0.0499943569303,0.0335042513907,0.0256636217237],"dvar":[0.00184040225577,0.00139640178531,0.000697536510415,0.000569519703276,0.000262994202785,0.00024374962959],"dvar2":[0.00515615846962,0.0037265799474,0.00185381609481,0.0015396438539,0.000700340082403,0.000578164996114],"max":[-0.32414034009,-0.466689229012,-0.584226429462,-0.607602477074,-0.635747909546,-0.562083899975],"mean":[-0.609821259975,-0.736827969551,-0.81440782547,-0.785981714725,-0.786974608898,-0.747841417789],"median":[-0.609334826469,-0.742604911327,-0.822740316391,-0.788018703461,-0.787489056587,-0.741624832153],"min":[-0.899984776974,-0.932003438473,-0.949844896793,-0.93406522274,-0.923044919968,-0.912463247776],"var":[0.00634778477252,0.00502611789852,0.00293072825298,0.00233548576944,0.00154508161359,0.0015616863966]},"spectral_contrast_valleys":{"dmean":[0.403793394566,0.334105104208,0.317237049341,0.286303788424,0.220742240548,0.262529551983],"dmean2":[0.666983127594,0.54784989357,0.514272153378,0.453364998102,0.33367857337,0.353095412254],"dvar":[0.103517852724,0.0704651325941,0.074308745563,0.0704823285341,0.0524446889758,0.125073060393],"dvar2":[0.276684343815,0.182883247733,0.184438198805,0.169622391462,0.113025143743,0.230671644211],"max":[-4.91507911682,-5.00245571136,-5.82969427109,-5.96224021912,-5.33646345139,-8.00721073151],"mean":[-6.83506059647,-6.96522665024,-7.8550620079,-7.80665493011,-7.2355132103,-10.4917392731],"median":[-6.56995868683,-6.73522424698,-7.67194366455,-7.66128730774,-7.04724836349,-10.2174377441],"min":[-13.7660627365,-14.3961381912,-15.1496286392,-14.7259960175,-14.2304325104,-15.857049942],"var":[1.24216520786,1.06900787354,1.06802725792,1.02878880501,1.13482248783,1.47689425945]},"spectral_decrease":{"dmean":5.06751129947e-9,"dmean2":8.32300450782e-9,"dvar":6.35066922671e-17,"dvar2":1.60457249612e-16,"max":1.09372632479e-11,"mean":-1.31529542813e-8,"median":-1.17637357633e-8,"min":-1.34214019454e-7,"var":1.05268407652e-16},"spectral_energy":{"dmean":0.0194108076394,"dmean2":0.0318495817482,"dvar":0.000926999899093,"dvar2":0.0023404317908,"max":0.512866795063,"mean":0.0513922981918,"median":0.0462377555668,"min":1.79293824232e-8,"var":0.00155656528659},"spectral_energyband_high":{"dmean":0.000272066274192,"dmean2":0.000407985789934,"dvar":2.36157873701e-7,"dvar2":5.32888520866e-7,"max":0.0106755783781,"mean":0.000727501814254,"median":0.000386782659916,"min":1.91217863765e-9,"var":7.95319294866e-7},"spectral_energyband_low":{"dmean":0.0180788598955,"dmean2":0.0298462621868,"dvar":0.000889159564395,"dvar2":0.00224743480794,"max":0.489956945181,"mean":0.0371329598129,"median":0.0306226052344,"min":9.60162793717e-9,"var":0.00128925789613},"spectral_energyband_middle_high":{"dmean":0.00101381924469,"dmean2":0.0015721663367,"dvar":0.00000219130993173,"dvar2":0.0000051054234973,"max":0.0250527858734,"mean":0.00346128083766,"median":0.00250420882367,"min":8.30305435517e-10,"var":0.0000101425848698},"spectral_energyband_middle_low":{"dmean":0.00545717170462,"dmean2":0.00921326875687,"dvar":0.0000524185525137,"dvar2":0.000147970582475,"max":0.113814540207,"mean":0.0135282753035,"median":0.0111541515216,"min":2.24804352911e-9,"var":0.00012406494352},"spectral_entropy":{"dmean":0.143751621246,"dmean2":0.216937571764,"dvar":0.0222886800766,"dvar2":0.047348510474,"max":8.84009838104,"mean":7.54923057556,"median":7.5852804184,"min":5.83354616165,"var":0.121365986764},"spectral_flux":{"dmean":0.0324490480125,"dmean2":0.0518138036132,"dvar":0.00163633958437,"dvar2":0.00367710390128,"max":0.576845049858,"mean":0.0967644527555,"median":0.0862235203385,"min":0.000180766364792,"var":0.00392153160647},"spectral_kurtosis":{"dmean":1.40319418907,"dmean2":2.38189554214,"dvar":3.05537509918,"dvar2":8.88109016418,"max":30.9554252625,"mean":4.03181409836,"median":3.46508717537,"min":-0.187555074692,"var":5.99911642075},"spectral_rms":{"dmean":0.00118129770271,"dmean2":0.00191354029812,"dvar":0.00000210729467653,"dvar2":0.00000515775627719,"max":0.0223686788231,"mean":0.00648156786337,"median":0.00671639852226,"min":0.00000418235367761,"var":0.00000812837515696},"spectral_rolloff":{"dmean":380.378295898,"dmean2":659.653076172,"dvar":636154.0625,"dvar2":1499516.875,"max":14965.5761719,"mean":811.233032227,"median":322.998046875,"min":64.599609375,"var":2260216.25},"spectral_skewness":{"dmean":0.182905465364,"dmean2":0.298148810863,"dvar":0.0371691994369,"dvar2":0.0987167879939,"max":3.73087358475,"mean":1.26914072037,"median":1.20315170288,"min":0.299593955278,"var":0.131867066026},"spectral_spread":{"dmean":423918.03125,"dmean2":591483.0625,"dvar":273851842560,"dvar2":478658363392,"max":14764202,"mean":4384913,"median":4110995.5,"min":1321644.625,"var":2590854610940},"spectral_strongpeak":{"dmean":0.259641051292,"dmean2":0.440146625042,"dvar":0.106950268149,"dvar2":0.279418706894,"max":8.23653697968,"mean":0.616214632988,"median":0.549448251724,"min":0,"var":0.18254211545},"zerocrossingrate":{"dmean":0.00888825021684,"dmean2":0.0111835580319,"dvar":0.00013329788635,"dvar2":0.000190364356968,"max":0.49951171875,"mean":0.0459600128233,"median":0.03857421875,"min":0.00390625,"var":0.00153301598039}},"metadata":{"audio_properties":{"analysis_sample_rate":44100,"bit_rate":0,"codec":"flac","downmix":"mix","equal_loudness":0,"length":352.399993896,"lossless":true,"md5_encoded":"fa4327a202abbe90620b16fc450ac6fa","replay_gain":-7.48056411743},"tags":{"acoustid_id":["0cb16d8e-4ad7-486f-9678-3c6466c54106"],"album":["Blues for the Red Sun"],"albumartist":["Kyuss"],"albumartistsort":["Kyuss"],"artist":["Kyuss"],"artistsort":["Kyuss"],"asin":["B0000248Y6"],"barcode":["737056134020"],"catalognumber":["3705-61340-2"],"composer":["Brant Bjork"],"date":["1992"],"discnumber":["1"],"disctotal":["1"],"engineer":["Joe Barresi"],"file_name":"04 50 Million Year Trip (Downside Up).flac","genre":["Stoner Rock","Stoner Metal","Hard Rock","Alternative Rock"],"label":["Dali Records"],"media":["CD"],"mixer":["Joe Barresi"],"musicbrainz_albumartistid":["ea0f2a37-7007-4217-a812-396227f5013a"],"musicbrainz_albumid":["42869337-4390-39af-899e-c585daef89a4"],"musicbrainz_artistid":["ea0f2a37-7007-4217-a812-396227f5013a"],"musicbrainz_recordingid":["7d3c00a8-8010-4846-96ab-4a609ca820c4"],"musicbrainz_releasegroupid":["816f2753-e709-3b10-ad93-e4c1af7aea6c"],"musicbrainz_releasetrackid":["b8b4a75b-f036-3675-822d-ecdba0b0f3fe"],"musicbrainz_workid":["8a3cd672-4375-3c57-9a5d-71794db9f654"],"originaldate":["1992-06-30"],"producer":["Chris Goss","Kyuss"],"releasecountry":["DE"],"releasestatus":["official"],"releasetype":["album"],"script":["Latn"],"title":["50 Million Year Trip (Downside Up)"],"totaldiscs":["1"],"totaltracks":["14"],"tracknumber":["4"],"tracktotal":["14"]},"version":{"essentia":"2.1-beta1","essentia_build_sha":"7598a69e7b456135ce4c070efb04a3d0ebb71fdd","essentia_git_sha":"v2.1_beta1-6-g5578087","extractor":"music 1.0"}},"rhythm":{"beats_count":809,"beats_loudness":{"dmean":0.0380582846701,"dmean2"