{"lowlevel":{"average_loudness":0.828198730946,"barkbands":{"dmean":[0.0000125988035506,0.00172041426413,0.00157195690554,0.0011681560427,0.000792822043877,0.000601965701208,0.000429215957411,0.000798148685135,0.000573940924369,0.000159555362188,0.000147718412336,0.000125931954244,0.000396022747736,0.000221161200898,0.000269797194051,0.0002169207728,0.000169254577486,0.000258243177086,0.000205976815778,0.000209669698961,0.0000624180320301,0.0000678410942783,0.000027705102184,0.0000282492892438,0.0000148969611473,0.00000131228284772,1.20094483691e-7],"dmean2":[0.0000193889645743,0.00269268359989,0.00231750519015,0.00183370430022,0.0012361058034,0.000891664938536,0.000656020129099,0.00120516843162,0.000891422852874,0.000254065234913,0.000236034888076,0.000199757399969,0.000615107652266,0.000354828312993,0.00044100813102,0.000354035350028,0.00027728304849,0.000416821596446,0.000328169437125,0.000329988339217,0.0000958706004894,0.000100792109151,0.0000400945100409,0.0000395827373723,0.000021552456019,0.00000180250196991,1.63181155699e-7],"dvar":[4.13165585078e-10,0.00000664610797685,0.00000576747379455,0.00000390009063267,0.00000168342558027,0.00000151386336711,0.00000108958272449,0.00000514386056238,0.0000025760018616,1.83059754022e-7,1.92603721416e-7,1.33502226163e-7,0.00000196248561224,6.84184101374e-7,5.35740412033e-7,2.62407866103e-7,1.51440559648e-7,6.49119044738e-7,1.69864208033e-7,2.72293590342e-7,1.26176100679e-8,1.91018045825e-8,2.22022542573e-8,7.20265589393e-8,8.43930170191e-9,1.19462504125e-11,5.54444897383e-14],"dvar2":[9.49917033921e-10,0.0000155186789925,0.0000128049050545,0.0000105381968751,0.00000416208922616,0.00000341598683917,0.00000252426548286,0.000012341515685,0.00000627969711786,4.69979170248e-7,4.97186533721e-7,3.17769121239e-7,0.00000431590115113,0.00000151846336394,0.00000151907295276,6.59292766159e-7,3.94540876414e-7,0.0000015705207943,3.93795517084e-7,6.50041499739e-7,2.91126589502e-8,4.01273076989e-8,4.19233039395e-8,1.45575086208e-7,1.94208400472e-8,2.45864439918e-11,1.04611740277e-13],"max":[0.000417380302679,0.0460850857198,0.0377554222941,0.0286302529275,0.0367305651307,0.0309367030859,0.0269169025123,0.0504850149155,0.0387744605541,0.00816511921585,0.00887213647366,0.0085874479264,0.0592945925891,0.0218971204013,0.0150445485488,0.012010158971,0.00704909302294,0.0297500770539,0.0104974899441,0.0137671604753,0.00271596503444,0.00411011744291,0.00776151800528,0.0138990376145,0.00405575148761,0.000118165022286,0.00000548144907953],"mean":[0.0000322167252307,0.00476521532983,0.00405885605142,0.00214096880518,0.00165749283042,0.0013299616985,0.000785982760135,0.00132358644623,0.00100449938327,0.000258635816863,0.00022918083414,0.000207148434129,0.00097314955201,0.000453373970231,0.000646076863632,0.000422939250711,0.00031572044827,0.00044648713083,0.000494142936077,0.000477617926663,0.000150786945596,0.000189867860172,0.000069695073762,0.0000511278849444,0.0000364918232663,0.00000390826608054,3.22368435945e-7],"median":[0.000017208760255,0.00311489682645,0.00245431391522,0.00124124926515,0.00102640851401,0.000552208395675,0.000230384262977,0.000201469942112,0.000229078723351,0.0000526266958332,0.0000295055342576,0.000032270232623,0.0000806183525128,0.000034579054045,0.0000881351006683,0.0000956472940743,0.000099889060948,0.000159237708431,0.000230036152061,0.000170067680301,0.0000764404394431,0.0000740843388485,0.0000301186191791,0.0000161616608239,0.0000107082178147,0.00000123487814108,2.40981648858e-7],"min":[7.92186979456e-24,1.65357394192e-23,1.42453448898e-23,1.42068465055e-24,3.08314199457e-23,5.14683935686e-23,5.84651827457e-23,3.09743962516e-23,2.55270040453e-23,5.43608151865e-23,8.25305521736e-23,1.52248084737e-22,1.77324635006e-22,1.6230998665e-22,2.14744170003e-22,3.64929377162e-22,2.81475087801e-22,1.65455951318e-22,3.54606103542e-22,4.49623049046e-22,4.18037083645e-22,3.4655247741e-22,4.90393652548e-22,8.83732220691e-22,1.39213063259e-21,1.80120416114e-21,2.36702659823e-21],"var":[1.72156811029e-9,0.0000297240949294,0.0000218924687942,0.00000768322843214,0.0000043871455091,0.00000560478520129,0.00000295940299111,0.0000102088470157,0.00000470223631055,3.67186345329e-7,3.98439738092e-7,3.4037142882e-7,0.0000136892822411,0.0000023390757633,0.00000239782639255,9.32590353386e-7,3.59319841436e-7,9.3831306458e-7,6.59362513034e-7,7.17514240023e-7,4.15461194336e-8,9.45268041619e-8,3.76611275499e-8,1.05291640295e-7,1.24521069012e-8,5.44728151475e-11,1.34778310474e-13]},"barkbands_crest":{"dmean":1.87247109413,"dmean2":2.96817994118,"dvar":3.39322304726,"dvar2":8.47398281097,"max":24.7724571228,"mean":9.75100708008,"median":9.01920509338,"min":2.14257740974,"var":15.9963827133},"barkbands_flatness_db":{"dmean":0.0166787263006,"dmean2":0.0236395820975,"dvar":0.000351957656676,"dvar2":0.000701988930814,"max":0.530467152596,"mean":0.160873174667,"median":0.133188143373,"min":0.0453869961202,"var":0.00739494664595},"barkbands_kurtosis":{"dmean":3.63135552406,"dmean2":5.46873664856,"dvar":108.502197266,"dvar2":228.456161499,"max":341.195129395,"mean":9.99683475494,"median":1.23040485382,"min":-1.95292568207,"var":739.208190918},"barkbands_skewness":{"dmean":0.472795009613,"dmean2":0.701724290848,"dvar":0.351960450411,"dvar2":0.757203042507,"max":16.8183517456,"mean":1.74444174767,"median":1.36917686462,"min":-3.87398171425,"var":3.54779338837},"barkbands_spread":{"dmean":4.71417379379,"dmean2":7.05545854568,"dvar":31.4015483856,"dvar2":66.2351989746,"max":142.014907837,"mean":28.2583999634,"median":25.3324241638,"min":0.327052533627,"var":586.276733398},"dissonance":{"dmean":0.0136687681079,"dmean2":0.0228608492762,"dvar":0.000225994124776,"dvar2":0.000637946650386,"max":0.500000059605,"mean":0.468737363815,"median":0.473998576403,"min":0.249513030052,"var":0.000514701008797},"dynamic_complexity":4.55492019653,"erbbands":{"dmean":[0.0281289052218,0.464657783508,1.56960177422,3.08452510834,3.08225727081,2.81997990608,2.55863189697,6.59197759628,5.51375293732,7.40235376358,19.0971488953,16.1761474609,5.84438753128,4.56957483292,6.60060787201,5.82960700989,16.7036495209,14.0411186218,14.1225233078,8.78132629395,10.3889026642,8.49104309082,12.2589159012,11.4199962616,12.7032308578,9.26673030853,2.67940449715,2.65924906731,2.81808209419,1.42256617546,0.766715764999,0.664194762707,0.431211769581,0.268801033497,0.0548263005912,0.00989771727473,0.00165551097598,0.000214671483263,0.0000235010174947,0.00000584481904298],"dmean2":[0.0464444607496,0.718926489353,2.29977202415,4.74868631363,4.81172466278,4.37182331085,3.89959669113,9.72566604614,8.38059711456,11.2231845856,28.7554512024,25.1309242249,9.23300933838,6.97978782654,10.5707387924,9.05160713196,25.8939094543,22.0554122925,22.9985980988,14.158000946,16.9064979553,13.5531845093,19.8101730347,18.4591846466,19.9367237091,14.5808172226,4.04325151443,4.06158685684,4.32167577744,2.07834720612,1.09338271618,0.961397886276,0.618715286255,0.394043922424,0.0783209875226,0.0137106403708,0.00229472247884,0.000291573815048,0.0000313503915095,0.00000817455747892],"dvar":[0.00186630734242,0.491431087255,5.60349798203,27.0039558411,22.7677326202,25.8423843384,24.5268325806,194.79045105,187.297210693,453.723114014,3283.08325195,2039.81835938,284.108947754,146.298126221,487.465301514,270.46774292,3456.55493164,2198.63452148,1723.01953125,340.119934082,663.298522949,380.177154541,798.82043457,910.570983887,689.435241699,671.036560059,33.3270187378,22.8203296661,34.7663192749,12.3009977341,21.2042827606,47.8227577209,14.1706342697,3.1291475296,0.0634740963578,0.000953961105552,0.0000165728506545,2.11679989093e-7,2.12594430948e-9,5.89509274729e-11],"dvar2":[0.0050148726441,1.11502015591,12.4180145264,67.5748291016,58.4955635071,64.6565704346,52.3091888428,432.972686768,415.324768066,1098.30786133,7679.20703125,4978.94433594,744.010498047,335.226318359,1301.45629883,615.442504883,7731.72216797,4988.11865234,4883.04833984,860.509643555,1710.77124023,926.996582031,1911.19714355,2192.55834961,1594.1340332,1639.83605957,76.7214736938,53.1105155945,82.226234436,24.5430965424,38.4003791809,106.185134888,27.2461147308,7.21128034592,0.141982957721,0.00200781901367,0.0000322895248246,4.08297239574e-7,3.97045551992e-9,1.14331676071e-10],"max":[0.660818338394,12.944899559,39.5074081421,79.209312439,85.1626739502,139.783493042,136.282165527,357.455841064,470.934692383,625.773193359,1319.51953125,987.012390137,392.881225586,306.604034424,452.347351074,464.478851318,2242.92114258,1469.66662598,877.007080078,580.14831543,521.692199707,339.81451416,921.956726074,877.301147461,765.65222168,771.182556152,226.39855957,76.4573287964,133.629180908,114.326057434,275.882965088,393.815124512,169.864105225,79.2015686035,9.21344280243,0.994148135185,0.138082355261,0.0167711079121,0.00112223380711,0.00022609680309],"mean":[0.0725375190377,1.29313445091,4.47161245346,6.6648774147,5.94821310043,5.56689548492,5.88857936859,14.3485183716,10.7737627029,13.871263504,33.009853363,28.5925960541,10.668715477,7.94653749466,10.8477420807,11.0576944351,41.5401992798,33.5569114685,30.6215267181,25.0836734772,20.4283504486,16.911283493,23.5709056854,22.0861148834,32.2824478149,22.0077762604,6.72652626038,6.64362287521,7.4607334137,3.96931934357,1.87257218361,1.20237314701,0.799708127975,0.606432616711,0.151082724333,0.0299601648003,0.0049666678533,0.000577274302486,0.000072779119364,0.00003040719821],"median":[0.0548719987273,0.800661683083,2.7780752182,4.26144218445,3.93412923813,2.98881244659,2.67769527435,5.18330955505,4.28106689453,4.57399654388,5.34082746506,7.89291191101,2.84717512131,1.93304276466,1.49339187145,2.10655021667,4.35606002808,3.93287682533,5.68828964233,6.84362411499,6.20486450195,5.94801473618,9.60974693298,10.7426452637,14.0539073944,8.57506942749,3.46454286575,3.28853940964,2.80172395706,1.68626499176,0.737544357777,0.376024991274,0.255213618279,0.174252957106,0.0433833301067,0.00871914438903,0.00179766339716,0.00031996332109,0.0000557467938052,0.0000278263250948],"min":[6.6612995083e-22,2.84014947285e-21,1.43701354149e-20,1.35787513664e-20,4.99784626368e-20,1.35658589811e-19,9.56392169594e-20,5.47287508683e-19,1.20507972976e-18,4.14242796683e-19,4.93741522693e-19,5.10932972461e-19,2.17715488188e-18,9.06214307962e-19,4.8095130451e-18,7.7599930846e-18,8.2880461625e-18,4.83413076731e-18,1.43323020477e-17,1.21231003278e-17,2.03420570568e-17,1.63368468764e-17,9.13100772678e-18,1.09384072914e-17,2.32108534244e-17,2.08032565704e-17,2.25740351949e-17,1.24814432409e-17,1.32886739115e-17,1.38980074107e-17,1.40035688918e-17,1.52993671737e-17,1.56096029168e-17,1.46127096579e-17,1.04360199735e-17,5.69753361889e-18,3.85081443747e-18,1.09370503016e-18,3.09517621081e-19,4.16008452475e-20],"var":[0.00506115891039,2.34103727341,24.0299530029,65.0329284668,49.9106292725,65.4312362671,89.0236206055,755.838134766,478.506713867,1017.00366211,6760.06201172,3610.46484375,555.249938965,352.116210938,1046.71508789,784.971984863,22492.1054688,8707.3359375,4798.53857422,2809.01904297,1828.33288574,893.333007812,1553.56298828,1523.41296387,2944.53881836,1653.78051758,103.14490509,81.7848587036,152.25604248,45.431602478,36.4791755676,61.7242622375,21.3430309296,4.38002109528,0.125558793545,0.00351802934892,0.0000832047080621,6.56686154343e-7,5.83749759642e-9,4.98415586581e-10]},"erbbands_crest":{"dmean":2.43373537064,"dmean2":3.90799403191,"dvar":6.247174263,"dvar2":15.5895786285,"max":33.4579811096,"mean":10.1874084473,"median":8.46528053284,"min":2.02503108978,"var":33.390335083},"erbbands_flatness_db":{"dmean":0.0127772605047,"dmean2":0.0186910405755,"dvar":0.00019436320872,"dvar2":0.000383570877602,"max":0.422179609537,"mean":0.162047937512,"median":0.150447070599,"min":0.0162543728948,"var":0.00313873938285},"erbbands_kurtosis":{"dmean":1.38279783726,"dmean2":2.06781220436,"dvar":13.3451156616,"dvar2":26.216802597,"max":162.095550537,"mean":2.84318780899,"median":-0.369472384453,"min":-1.8490729332,"var":177.939498901},"erbbands_skewness":{"dmean":0.365323662758,"dmean2":0.550615251064,"dvar":0.162635803223,"dvar2":0.35347789526,"max":10.7779865265,"mean":0.188806176186,"median":-0.00072227610508,"min":-6.35973405838,"var":2.36015105247},"erbbands_spread":{"dmean":7.23377990723,"dmean2":11.2135696411,"dvar":56.7741661072,"dvar2":132.05581665,"max":158.436950684,"mean":43.7375984192,"median":42.4181213379,"min":1.43227756023,"var":422.098358154},"gfcc":{"cov":[[39413.0039062,2462.12255859,-4902.46826172,1475.93200684,-2642.22265625,461.528045654,-1002.65393066,757.501708984,-272.384033203,388.115203857,-339.143890381,-225.555999756,-404.053009033],[2462.12255859,1230.65600586,-64.7049942017,120.699462891,148.700302124,-129.101669312,67.9438095093,34.6259231567,-24.665063858,-86.3490219116,32.9271469116,-51.6813049316,15.8832015991],[-4902.46826172,-64.7049942017,1318.25146484,-12.9078941345,343.804046631,-45.8847465515,96.7969589233,-35.1344261169,15.7326221466,-124.869926453,16.1515712738,76.2769088745,102.298126221],[1475.93200684,120.699462891,-12.9078941345,375.431365967,28.5446529388,-68.0118637085,-88.0382537842,-13.8976984024,11.9452705383,1.74100005627,-16.0382614136,-16.434841156,20.220785141],[-2642.22265625,148.700302124,343.804046631,28.5446529388,622.21862793,-43.2811737061,123.606719971,-142.703140259,12.0139198303,12.5519390106,27.6565151215,-62.0418319702,17.0016536713],[461.528045654,-129.101669312,-45.8847465515,-68.0118637085,-43.2811737061,246.557067871,48.9963951111,-4.73306798935,-44.4776763916,45.9018669128,-9.65570545197,-26.765871048,-52.6640853882],[-1002.65393066,67.9438095093,96.7969589233,-88.0382537842,123.606719971,48.9963951111,221.902786255,-10.1409988403,-59.3983421326,-31.9373626709,48.140953064,1.12861514091,-28.2650089264],[757.501708984,34.6259231567,-35.1344261169,-13.8976984024,-142.703140259,-4.73306798935,-10.1409988403,180.424942017,37.0549240112,-29.8878479004,-28.5634746552,33.9523124695,6.07345581055],[-272.384033203,-24.665063858,15.7326221466,11.9452705383,12.0139198303,-44.4776763916,-59.3983421326,37.0549240112,133.741897583,15.9614963531,-42.1959342957,-14.3106613159,30.5737457275],[388.115203857,-86.3490219116,-124.869926453,1.74100005627,12.5519390106,45.9018669128,-31.9373626709,-29.8878479004,15.9614963531,118.739143372,10.2048044205,-38.0642356873,-34.5058097839],[-339.143890381,32.9271469116,16.1515712738,-16.0382614136,27.6565151215,-9.65570545197,48.140953064,-28.5634746552,-42.1959342957,10.2048044205,116.102432251,22.8475589752,-17.607717514],[-225.555999756,-51.6813049316,76.2769088745,-16.434841156,-62.0418319702,-26.765871048,1.12861514091,33.9523124695,-14.3106613159,-38.0642356873,22.8475589752,105.361412048,36.044670105],[-404.053009033,15.8832015991,102.298126221,20.220785141,17.0016536713,-52.6640853882,-28.2650089264,6.07345581055,30.5737457275,-34.5058097839,-17.607717514,36.044670105,94.5619812012]],"icov":[[0.000296557496767,-0.000707149913069,0.000705537444446,-0.00101030059159,0.000703682424501,-0.000767022895161,0.000600723607931,-0.000596597325057,0.000790910911746,-0.000694809947163,0.000655876472592,-0.000345527543686,0.000247478339588],[-0.000707149913069,0.00278987875208,-0.00148100371007,0.00212713307701,-0.00201184418984,0.00224554934539,-0.00159518630244,0.000744486635085,-0.00148021627683,0.0025790608488,-0.00214359187521,0.00195190042723,-0.000978646683507],[0.000705537444446,-0.00148100371007,0.00284201558679,-0.00242478237487,0.000885616405867,-0.00213354034349,0.00145362154581,-0.00151878257748,0.00162924698088,-0.000398953532567,0.00128685496747,-0.00139759038575,-0.00000798857490736],[-0.00101030059159,0.00212713307701,-0.00242478237487,0.00669794762507,-0.002733041998,0.00313902227208,-0.000460816751001,0.00195400347002,-0.00196136720479,0.00230617029592,-0.00210064719431,0.00162249198183,-0.00104087835643],[0.000703682424501,-0.00201184418984,0.000885616405867,-0.002733041998,0.0049956436269,-0.00107505708002,-0.000808441487607,0.00079643673962,0.000822599744424,-0.00304146972485,0.00183797604404,0.000501986418385,-0.0000435868460045],[-0.000767022895161,0.00224554934539,-0.00213354034349,0.00313902227208,-0.00107505708002,0.00816869083792,-0.00322566204704,0.00125934497919,0.00013744791795,-0.000987480394542,0.000271801458439,0.00197099451907,0.000574412173592],[0.000600723607931,-0.00159518630244,0.00145362154581,-0.000460816751001,-0.000808441487607,-0.00322566204704,0.0097271092236,-0.00281462934799,0.00376360327937,0.00173529994208,-0.00123026256915,-0.000445747398771,0.00215510511771],[-0.000596597325057,0.000744486635085,-0.00151878257748,0.00195400347002,0.00079643673962,0.00125934497919,-0.00281462934799,0.0103100482374,-0.00548850977793,0.00240662856959,0.000626320659649,-0.00247369823046,0.00131789117586],[0.000790910911746,-0.00148021627683,0.00162924698088,-0.00196136720479,0.000822599744424,0.00013744791795,0.00376360327937,-0.00548850977793,0.014719741419,-0.00494216149673,0.00407955981791,0.00204802048393,-0.00289251445793],[-0.000694809947163,0.0025790608488,-0.000398953532567,0.00230617029592,-0.00304146972485,-0.000987480394542,0.00173529994208,0.00240662856959,-0.00494216149673,0.0167778357863,-0.0054547470063,0.00337052089162,0.00231711613014],[0.000655876472592,-0.00214359187521,0.00128685496747,-0.00210064719431,0.00183797604404,0.000271801458439,-0.00123026256915,0.000626320659649,0.00407955981791,-0.0054547470063,0.0144497537985,-0.00556664541364,0.00313556543551],[-0.000345527543686,0.00195190042723,-0.00139759038575,0.00162249198183,0.000501986418385,0.00197099451907,-0.000445747398771,-0.00247369823046,0.00204802048393,0.00337052089162,-0.00556664541364,0.0175950154662,-0.00678175035864],[0.000247478339588,-0.000978646683507,-0.00000798857490736,-0.00104087835643,-0.0000435868460045,0.000574412173592,0.00215510511771,0.00131789117586,-0.00289251445793,0.00231711613014,0.00313556543551,-0.00678175035864,0.0178650021553]],"mean":[-70.8572998047,97.4191589355,-108.679954529,59.3156929016,-46.3060913086,6.72664117813,-30.8142662048,8.50744438171,-17.4862976074,2.41574382782,-12.4528360367,-11.5646944046,-14.1205682755]},"hfc":{"dmean":3.90328145027,"dmean2":5.43191957474,"dvar":46.8754615784,"dvar2":87.878692627,"max":240.05078125,"mean":17.532869339,"median":13.6526174545,"min":1.21861637505e-16,"var":306.735809326},"melbands":{"dmean":[0.000368870940292,0.000728803512175,0.000504730036482,0.000205511474633,0.0000911380993784,0.000134061745484,0.0000864672765601,0.0000912141331355,0.000150371313794,0.0000987595703918,0.0000270977852779,0.0000188678150153,0.0000196683704417,0.0000157285139721,0.0000226293759624,0.0000431203407061,0.0000263325418928,0.0000220427809836,0.0000166425379575,0.0000157317062985,0.0000111686140372,0.00000788665875007,0.0000133736602947,0.0000126761979118,0.0000096341027529,0.00000848786476126,0.0000106224351839,0.0000056549929468,0.00000191994035958,0.00000171704391505,0.00000170671773958,0.00000176859225576,0.00000130332659865,6.87009617195e-7,4.64307134962e-7,4.42904507736e-7,4.19964123921e-7,3.1491421737e-7,3.08513506297e-7,2.14721097791e-7],"dmean2":[0.000591993972193,0.00106987683102,0.000772068451624,0.000319794169627,0.000139253024827,0.00019867750234,0.00013144229888,0.000138664167025,0.000227198397624,0.000153827670147,0.0000432275519415,0.0000289963718387,0.0000315375073114,0.0000249702188739,0.00003564214785,0.0000652447924949,0.000042069099436,0.000035880591895,0.0000270828095381,0.0000255706981989,0.0000183290794666,0.0000125709593704,0.0000219358807954,0.0000205053875106,0.0000157848971867,0.0000134638539748,0.0000166848913068,0.00000901239855011,0.00000295450126941,0.00000273115961136,0.00000265419976131,0.00000276654213849,0.00000192362381313,0.0000010375428019,6.88022225859e-7,6.42443581e-7,6.32513035725e-7,4.46227005568e-7,4.66616000949e-7,3.16176908655e-7],"dvar":[3.0258422612e-7,0.00000116944511319,6.52912603982e-7,1.14453428068e-7,2.83286603064e-8,7.89257725842e-8,4.29115551981e-8,6.63927011146e-8,1.94434804257e-7,8.34758822066e-8,6.61068400021e-9,2.68663957748e-9,3.69572905612e-9,1.74678960185e-9,6.28418694859e-9,2.76817413436e-8,9.11073261278e-9,4.2444212589e-9,1.83739023996e-9,1.32942923337e-9,9.21969833811e-10,3.97311405997e-10,9.22760923228e-10,2.19500928544e-9,6.12156381141e-10,3.44530737273e-10,5.66624303033e-10,2.86451445897e-10,2.3964380827e-11,1.00507241418e-11,1.05799102118e-11,1.3225270705e-11,9.88365986276e-12,3.11931166661e-12,5.26456222366e-12,1.49122745402e-11,2.12331853489e-11,7.09005163607e-12,7.87721277096e-12,1.36895724791e-12],"dvar2":[7.58035525905e-7,0.00000253655252891,0.00000165812969044,2.81044407302e-7,6.22345694978e-8,1.76838170773e-7,9.52801784138e-8,1.61567768941e-7,4.5552087613e-7,2.03390754905e-7,1.74399659159e-8,6.20812334873e-9,9.80958692054e-9,4.39100844574e-9,1.47985508292e-8,5.60244437509e-8,2.04798009662e-8,1.17736096428e-8,4.93640239796e-9,3.23594706586e-9,2.41435071935e-9,9.34233579386e-10,2.39594566409e-9,5.38049738097e-9,1.50191037385e-9,7.72200525745e-10,1.3597779569e-9,7.15514036909e-10,5.76256160845e-11,2.43906318753e-11,2.54239979763e-11,3.30549511374e-11,1.92397365401e-11,6.45813220609e-12,9.47201171664e-12,3.01985034201e-11,4.91404035519e-11,1.32159899344e-11,1.84996289121e-11,3.21047116843e-12],"max":[0.0085401404649,0.0171593148261,0.0114329596981,0.0105679323897,0.0045988294296,0.00728083588183,0.00655270693824,0.0069065564312,0.00959832500666,0.00705832988024,0.00189441407565,0.00117773807142,0.00125177390873,0.000893457094207,0.00293588940986,0.00814073998481,0.00282442639582,0.00148130953312,0.00169745122548,0.00110394391231,0.000733945285901,0.00041480967775,0.000676433090121,0.00189915380906,0.000601134903263,0.000483327137772,0.0005973863299,0.000544095993973,0.000185236611287,0.0000598464466748,0.0000588381772104,0.000076216267189,0.000142081160448,0.0000553901554667,0.000142214528751,0.00021392267081,0.000252152240137,0.000126581842778,0.000151164480485,0.000044669250201],"mean":[0.0009941480821,0.00223668804392,0.00114889652468,0.000412683672039,0.000218658766244,0.000291785865556,0.000165711113368,0.000165615376318,0.000257521198364,0.000170416795299,0.0000470177437819,0.0000306740184897,0.0000313643613481,0.0000263716683548,0.0000409857420891,0.000111617628136,0.0000560130793019,0.0000427802842751,0.0000468415382784,0.0000329956492351,0.0000198117795662,0.0000144984542203,0.0000245048468059,0.0000211105416383,0.0000167687649082,0.000020413144739,0.0000237966905843,0.0000122890496641,0.00000412265762861,0.00000368348037227,0.0000038300399865,0.00000433412742495,0.00000339407642969,0.00000172249781372,0.00000107889798073,8.73136229984e-7,6.75724550092e-7,5.41564190826e-7,5.63822993627e-7,4.94512050864e-7],"median":[0.00072057347279,0.00147598399781,0.000801585672889,0.000262446177658,0.00010577258945,0.000112884459668,0.0000612365547568,0.0000504065028508,0.0000395264360122,0.0000393321715819,0.0000118463904073,0.00000627266763331,0.0000042418605517,0.00000414037731389,0.00000524389088241,0.00000800381985755,0.00000471854582429,0.00000698923940945,0.00000604635533819,0.00000885483677848,0.00000535538811164,0.00000485542841488,0.00000778749381425,0.00000751965944801,0.00000718955971024,0.00000841175278765,0.0000089141085482,0.00000402606065109,0.0000017073843992,0.00000173503576661,0.0000016903878759,0.00000162751757671,0.0000011681839851,7.67794233525e-7,4.23730114107e-7,2.95950371765e-7,1.90621676666e-7,1.64326024787e-7,1.72536502419e-7,1.30643897478e-7],"min":[5.15006540353e-24,6.69556816245e-24,2.43541497116e-24,8.36346860727e-24,3.42533226365e-24,1.34035182857e-23,1.57953319285e-23,5.06040228975e-24,3.42274361659e-24,3.87164846458e-24,1.06696135335e-23,2.82811426852e-24,1.29238916442e-23,1.41048582289e-23,3.18462106141e-23,9.93584825167e-24,8.71782098159e-24,2.29735985569e-23,1.53794302598e-23,2.47477987975e-23,2.15418223248e-23,1.99008733128e-23,8.50394027981e-24,7.00000694072e-24,8.60577512292e-24,1.40324960181e-23,1.70912426469e-23,1.37849419997e-23,1.49537845812e-23,8.73440993757e-24,6.72149170952e-24,6.95410470236e-24,7.27555368833e-24,8.36306628821e-24,7.39663831525e-24,8.94552173758e-24,9.63406635693e-24,1.10934006559e-23,1.21983991466e-23,1.16944022251e-23],"var":[0.0000010862676163,0.0000057754223235,0.00000162754213306,2.72535856993e-7,1.08762755247e-7,2.99058143582e-7,1.15389497068e-7,1.40045486319e-7,3.96905221578e-7,1.46457509231e-7,1.22276180292e-8,6.28199403607e-9,7.74968622608e-9,4.29333946173e-9,1.83999908643e-8,2.26595261665e-7,3.19200346155e-8,1.03036539301e-8,1.81834760582e-8,5.83648196439e-9,1.86932114232e-9,8.09033839921e-10,2.06942907255e-9,2.86224177692e-9,9.91765336522e-10,1.49522993986e-9,1.54337964631e-9,6.69605482173e-10,6.84351603164e-11,3.11075054604e-11,3.20385246111e-11,5.19371282093e-11,4.40451772277e-11,8.42457874295e-12,9.35313285155e-12,2.18108014288e-11,2.5577063037e-11,1.10381200707e-11,8.90646584262e-12,2.14169979494e-12]},"melbands_crest":{"dmean":2.48526072502,"dmean2":3.89477610588,"dvar":5.99090528488,"dvar2":15.1302452087,"max":33.6248283386,"mean":15.2475385666,"median":14.7595272064,"min":2.85503125191,"var":26.5711135864},"melbands_flatness_db":{"dmean":0.0211297329515,"dmean2":0.0295045357198,"dvar":0.000547517032828,"dvar2":0.00105758814607,"max":0.665273666382,"mean":0.228623449802,"median":0.198338389397,"min":0.0116950562224,"var":0.0115398364142},"melbands_kurtosis":{"dmean":8.0674161911,"dmean2":12.2599802017,"dvar":311.365753174,"dvar2":689.499816895,"max":525.92578125,"mean":23.9737472534,"median":9.60685348511,"min":-1.87741470337,"var":1610.99475098},"melbands_skewness":{"dmean":0.649151742458,"dmean2":0.978012561798,"dvar":0.534434080124,"dvar2":1.18418955803,"max":15.0610313416,"mean":3.20148873329,"median":2.72997760773,"min":-2.11491107941,"var":4.5483417511},"melbands_spread":{"dmean":5.99607658386,"dmean2":8.93845844269,"dvar":71.4457092285,"dvar2":154.203887939,"max":190.040939331,"mean":25.1935138702,"median":21.7828559875,"min":0.31307631731,"var":367.39743042},"mfcc":{"cov":[[21940.5449219,804.664001465,-1282.72119141,363.460479736,-921.283447266,-360.728057861,-524.817687988,-92.2567443848,-72.9177017212,171.485473633,448.813842773,-323.557830811,41.2291793823],[804.664001465,1295.18066406,69.3387145996,321.646087646,147.350601196,20.2261199951,155.889633179,83.0968551636,20.8103523254,-19.7806015015,13.3526134491,25.0330448151,0.73761510849],[-1282.72119141,69.3387145996,716.458496094,95.1567993164,136.4818573,-7.11789274216,7.51332235336,103.895591736,36.1669807434,-79.0182495117,-63.5102424622,15.6334924698,29.0812702179],[363.460479736,321.646087646,95.1567993164,508.447692871,215.941482544,29.7040119171,-12.2936382294,-22.1350650787,15.3812007904,1.28114008904,-70.8224563599,28.7402057648,1.39900517464],[-921.283447266,147.350601196,136.4818573,215.941482544,324.436737061,86.7671356201,-10.6732692719,-30.6439323425,47.0764389038,41.6827926636,-49.8940505981,10.0940055847,-21.4300861359],[-360.728057861,20.2261199951,-7.11789274216,29.7040119171,86.7671356201,240.043869019,112.556236267,-45.7518920898,-22.2850990295,41.08959198,24.1515407562,-5.66546726227,-31.8152160645],[-524.817687988,155.889633179,7.51332235336,-12.2936382294,-10.6732692719,112.556236267,245.667114258,51.7515029907,-59.0424423218,-16.9568061829,28.0162162781,34.9946212769,14.8698892593],[-92.2567443848,83.0968551636,103.895591736,-22.1350650787,-30.6439323425,-45.7518920898,51.7515029907,150.61517334,35.0972442627,-51.1534614563,-8.84569549561,6.44530105591,30.4291667938],[-72.9177017212,20.8103523254,36.1669807434,15.3812007904,47.0764389038,-22.2850990295,-59.0424423218,35.0972442627,134.917648315,25.9938869476,-19.5709400177,-29.7878932953,-12.8104753494],[171.485473633,-19.7806015015,-79.0182495117,1.28114008904,41.6827926636,41.08959198,-16.9568061829,-51.1534614563,25.9938869476,134.238632202,36.3559341431,-18.0162239075,-32.1707077026],[448.813842773,13.3526134491,-63.5102424622,-70.8224563599,-49.8940505981,24.1515407562,28.0162162781,-8.84569549561,-19.5709400177,36.3559341431,113.149932861,9.81943416595,-2.75494408607],[-323.557830811,25.0330448151,15.6334924698,28.7402057648,10.0940055847,-5.66546726227,34.9946212769,6.44530105591,-29.7878932953,-18.0162239075,9.81943416595,88.8918838501,20.5842819214],[41.2291793823,0.73761510849,29.0812702179,1.39900517464,-21.4300861359,-31.8152160645,14.8698892593,30.4291667938,-12.8104753494,-32.1707077026,-2.75494408607,20.5842819214,87.5328826904]],"icov":[[0.0000958066229941,-0.0000793041326688,0.000110354201752,-0.000266582588665,0.000369503773982,-0.0000878585487953,0.0003573402646,-0.000160140509252,0.000148184131831,-0.0000778667017585,-0.000379193865228,0.000366731546819,-0.00012847186008],[-0.0000793041326688,0.00121957669035,-0.0000136036824188,-0.000571133801714,-0.000681126664858,0.000712758803274,-0.00136411236599,-0.000132821500301,-0.00045668479288,0.000401962577598,-0.000526021583937,0.000106651743408,0.000450197432656],[0.000110354201752,-0.0000136036824188,0.00202383263968,-0.00029313142295,-0.000607014284469,-0.000272956734989,0.000724703073502,-0.00159781484399,0.000323951302562,0.000788002449553,-0.000235580620938,0.000389509019442,-0.000297032907838],[-0.000266582588665,-0.000571133801714,-0.00029313142295,0.00422570295632,-0.00267871213146,0.0000276697264781,-0.000284682784695,0.000827290932648,0.0000593698459852,0.000106365208921,0.00269945850596,-0.00199441076256,-0.000123009798699],[0.000369503773982,-0.000681126664858,-0.000607014284469,-0.00267871213146,0.00782870221883,-0.00273798685521,0.00222234451212,0.000244839669904,-0.00107150571421,-0.00220597651787,0.000638467085082,-0.00024081376614,-0.000355823111022],[-0.0000878585487953,0.000712758803274,-0.000272956734989,0.0000276697264781,-0.00273798685521,0.00875208247453,-0.00592464255169,0.00358085473999,-0.000849429750815,0.000111226887384,-0.00150746980216,0.00194537313655,0.00180967210326],[0.0003573402646,-0.00136411236599,0.000724703073502,-0.000284682784695,0.00222234451212,-0.00592464255169,0.011080798693,-0.00589761091396,0.00458062300459,-0.00110932008829,-0.000765525037423,-0.00121716281865,-0.0013097418705],[-0.000160140509252,-0.000132821500301,-0.00159781484399,0.000827290932648,0.000244839669904,0.00358085473999,-0.00589761091396,0.0139611726627,-0.00628209253773,0.00350627931766,-0.0000779345718911,-0.0000570088450331,-0.00151561573148],[0.000148184131831,-0.00045668479288,0.000323951302562,0.0000593698459852,-0.00107150571421,-0.000849429750815,0.00458062300459,-0.00628209253773,0.0127886123955,-0.00349564081989,0.000890745257493,0.00263861846179,0.000654525007121],[-0.0000778667017585,0.000401962577598,0.000788002449553,0.000106365208921,-0.00220597651787,0.000111226887384,-0.00110932008829,0.00350627931766,-0.00349564081989,0.0123765198514,-0.00432292046025,0.00125778687652,0.00184497807641],[-0.000379193865228,-0.000526021583937,-0.000235580620938,0.00269945850596,0.000638467085082,-0.00150746980216,-0.000765525037423,-0.0000779345718911,0.000890745257493,-0.00432292046025,0.014646702446,-0.00410964805633,-0.0000473259678984],[0.000366731546819,0.000106651743408,0.000389509019442,-0.00199441076256,-0.00024081376614,0.00194537313655,-0.00121716281865,-0.0000570088450331,0.00263861846179,0.00125778687652,-0.00410964805633,0.0159191135317,-0.00242091692053],[-0.00012847186008,0.000450197432656,-0.000297032907838,-0.000123009798699,-0.000355823111022,0.00180967210326,-0.0013097418705,-0.00151561573148,0.000654525007121,0.00184497807641,-0.0000473259678984,-0.00242091692053,0.0142433419824]],"mean":[-695.286437988,111.083999634,5.6240940094,48.7178459167,10.9194431305,6.68832778931,2.09058356285,2.10696601868,0.968213558197,7.49047231674,8.87033081055,-2.76931738853,-0.340564340353]},"pitch_salience":{"dmean":0.0574557371438,"dmean2":0.0905056744814,"dvar":0.00304117822088,"dvar2":0.00767282489687,"max":0.870911717415,"mean":0.499184012413,"median":0.49986833334,"min":0.0766105726361,"var":0.013031209819},"silence_rate_20dB":{"dmean":0,"dmean2":0,"dvar":0,"dvar2":0,"max":1,"mean":1,"median":1,"min":1,"var":0},"silence_rate_30dB":{"dmean":0,"dmean2":0,"dvar":0,"dvar2":0,"max":1,"mean":1,"median":1,"min":1,"var":0},"silence_rate_60dB":{"dmean":0.0134228188545,"dmean2":0.0268500335515,"dvar":0.0132425399497,"dvar2":0.0297275427729,"max":1,"mean":0.143207862973,"median":0,"min":0,"var":0.122698046267},"spectral_centroid":{"dmean":226.408828735,"dmean2":339.146087646,"dvar":73637.046875,"dvar2":147813.265625,"max":10812.3046875,"mean":1572.69885254,"median":1649.21655273,"min":114.700714111,"var":561236.875},"spectral_complexity":{"dmean":2.70126032829,"dmean2":4.05173540115,"dvar":11.026927948,"dvar2":21.614812851,"max":53,"mean":15.2052373886,"median":14,"min":0,"var":112.884315491},"spectral_contrast_coeffs":{"dmean":[0.0422019846737,0.0418571420014,0.035616800189,0.0285912249237,0.0211721751839,0.0151212764904],"dmean2":[0.0688072070479,0.0677466169,0.0574162900448,0.0462250076234,0.0340300165117,0.0236058887094],"dvar":[0.00136561866384,0.00117624027189,0.000887160946149,0.000601268955506,0.000327371788444,0.000212309954804],"dvar2":[0.00370167382061,0.00298406649381,0.0022380258888,0.00147300667595,0.000769635604229,0.000438181567006],"max":[-0.383443802595,-0.473944604397,-0.50879073143,-0.456018567085,-0.583376526833,-0.585663497448],"mean":[-0.663328945637,-0.732481241226,-0.760531842709,-0.746594011784,-0.771694779396,-0.749171435833],"median":[-0.659496307373,-0.731888949871,-0.76008784771,-0.744934678078,-0.765306651592,-0.737553358078],"min":[-0.937701165676,-0.968884527683,-0.961129724979,-0.956450045109,-0.96205842495,-0.961627006531],"var":[0.0049836342223,0.00726499361917,0.00654342118651,0.00685733184218,0.003708811244,0.00309849763289]},"spectral_contrast_valleys":{"dmean":[0.332234293222,0.354095071554,0.343357682228,0.285764396191,0.239460095763,0.196398183703],"dmean2":[0.536911189556,0.55999392271,0.525769293308,0.427810132504,0.339713722467,0.256329298019],"dvar":[0.102197408676,0.122489973903,0.129991978407,0.100109927356,0.0917504578829,0.0786301344633],"dvar2":[0.222262814641,0.248340502381,0.241819292307,0.175046384335,0.142741441727,0.112948283553],"max":[-5.45241689682,-5.11399507523,-5.52136087418,-6.09287977219,-5.61997890472,-7.13761043549],"mean":[-7.4836564064,-7.56264400482,-8.6119966507,-8.69054508209,-8.11190700531,-10.9040250778],"median":[-6.93498802185,-6.99952507019,-8.13764381409,-8.1913394928,-7.51754188538,-10.2820138931],"min":[-27.6253566742,-26.9422492981,-27.6872291565,-27.19647789,-27.2196884155,-27.2470054626],"var":[3.62631797791,3.93461275101,3.64814734459,3.63965296745,3.77606678009,3.24027180672]},"spectral_decrease":{"dmean":1.17623366602e-9,"dmean2":1.69318636889e-9,"dvar":2.21703015728e-18,"dvar2":4.57012697583e-18,"max":2.95725539317e-16,"mean":-5.54686607757e-9,"median":-4.94596363865e-9,"min":-2.36540707022e-8,"var":1.7309048794e-17},"spectral_energy":{"dmean":0.0046675177291,"dmean2":0.00668887980282,"dvar":0.0000346422784787,"dvar2":0.0000702340403222,"max":0.0918419882655,"mean":0.0225253663957,"median":0.0201059933752,"min":1.12226542152e-20,"var":0.000284301640932},"spectral_energyband_high":{"dmean":0.00021460193966,"dmean2":0.000303250795696,"dvar":3.80056150107e-7,"dvar2":7.44396857044e-7,"max":0.0285505838692,"mean":0.000657003663946,"median":0.000330503535224,"min":7.78647890375e-21,"var":0.00000110146345378},"spectral_energyband_low":{"dmean":0.00313922762871,"dmean2":0.00465086242184,"dvar":0.0000201056318474,"dvar2":0.0000440183212049,"max":0.0650365874171,"mean":0.0101483631879,"median":0.00736339762807,"min":3.75499905032e-23,"var":0.0000961965051829},"spectral_energyband_middle_high":{"dmean":0.00132517935708,"dmean2":0.00194868422113,"dvar":0.0000050876556088,"dvar2":0.0000108570538941,"max":0.059511885047,"mean":0.00473037362099,"median":0.00276445737109,"min":2.18026432165e-21,"var":0.000036966506741},"spectral_energyband_middle_low":{"dmean":0.0025947005488,"dmean2":0.00388922775164,"dvar":0.0000137970901051,"dvar2":0.0000322685555147,"max":0.060663510114,"mean":0.00834777392447,"median":0.00659902207553,"min":2.38951016901e-22,"var":0.0000629881615168},"spectral_entropy":{"dmean":0.122396156192,"dmean2":0.171263232827,"dvar":0.020234676078,"dvar2":0.037566345185,"max":9.8062620163,"mean":7.39883756638,"median":7.55422544479,"min":4.05205488205,"var":0.429165840149},"spectral_flux":{"dmean":0.0144241554663,"dmean2":0.0219644792378,"dvar":0.000262472109171,"dvar2":0.000586178852245,"max":0.228742778301,"mean":0.0573708750308,"median":0.0554170459509,"min":1.05937029982e-10,"var":0.00128507439513},"spectral_kurtosis":{"dmean":1.34473860264,"dmean2":2.28516602516,"dvar":3.4600019455,"dvar2":9.75311565399,"max":50.7846946716,"mean":4.20685195923,"median":2.99741911888,"min":-1.21978366375,"var":18.9993000031},"spectral_rms":{"dmean":0.000464682496386,"dmean2":0.000658940291032,"dvar":2.68009131332e-7,"dvar2":5.35309766292e-7,"max":0.00946583040059,"mean":0.0042273872532,"median":0.00442895060405,"min":3.30891694253e-12,"var":0.00000410537541029},"spectral_rolloff":{"dmean":379.254089355,"dmean2":630.930358887,"dvar":507732.34375,"dvar2":1117365.375,"max":21296.3378906,"mean":2094.33032227,"median":1313.52539062,"min":86.1328125,"var":14043425},"spectral_skewness":{"dmean":0.175867751241,"dmean2":0.28548720479,"dvar":0.0357946828008,"dvar2":0.0921055749059,"max":6.09628295898,"mean":1.31959283352,"median":1.18251252174,"min":-0.120699740946,"var":0.393831640482},"spectral_spread":{"dmean":304832.4375,"dmean2":461602.03125,"dvar":244781383680,"dvar2":348955738112,"max":41195408,"mean":4411374,"median":4122653,"min":1597316,"var":3647409487870},"spectral_strongpeak":{"dmean":0.473379850388,"dmean2":0.828996896744,"dvar":1.30075180531,"dvar2":3.31464886665,"max":18.0863380432,"mean":0.92931997776,"median":0.317175388336,"min":0,"var":3.15968465805},"zerocrossingrate":{"dmean":0.00780858332291,"dmean2":0.00938678346574,"dvar":0.0000880220104591,"dvar2":0.00012763592531,"max":0.60546875,"mean":0.0738385915756,"median":0.05810546875,"min":0.00244140625,"var":0.00907811895013}},"metadata":{"audio_properties":{"analysis_sample_rate":44100,"bit_rate":213909,"codec":"mp3","downmix":"mix","equal_loudness":0,"length":141.844894409,"lossless":false,"md5_encoded":"ab22b4df519fc206707fd0d60baec046","replay_gain":-10.2357330322,"sample_rate":44100},"tags":{"acoustid_fingerprint":["AQADtIoURlKUJMaPSzh47EEOEzrcIvzRhj_Chzj0HDlpfFGKHz2sK8Y3w0d_5Efyx_hRP3ge_OvxoMHzIScLKI8uZDH84eXxr3iOv0YPnMcHFA2aB_0zvPiPcF1Sww9-qC144HiE2h5oooeewEee47ngf-AD51MwekjL48mHkk_Q73jQfNBj4zn6rLgo4seP3bhz4dORaQfD9DJ-TFcO3ziaHjkSR9vxDA7xP3iSd3iIDxcp_BnCa8ch5kAH9cIlDm-GHH9ENJuIWpLwo9qNKfsI8lWC0Y0Nn8ePq0dCl3gyhD-aSkrxRF4wJqIy4kfTXWCOO0Z-6GWR53g61Mqx_UZzDT92xGIiI5Eq4jy-bHAkMSbyXEJzJiOS_Tjx8oIr4mCP_micnCHubBHix0fiE5WOhzlxpQ5KPKPxLBeaB6Hx7biMM6qInBfsBz_yywaVTbugM7mQ_YLfHT_eH-3RrMBlJGeP_IGtk3ijg9lJOJKSDv6DicyFB_WLPMEPP0X4Y9eR5yGui4KsI8_Bv-iiHTYTVPRTXMlx9D-aTQfNGV_QPDnanMg_xGSOfuCP6hHKH7bwIxffQftS5MeTh_iJ-8GVHddRg4nCCfuIZn5ChJ-F5F2GNsnh6Xgt5ah3HKf4YM9yVMeXHMyiWDmOsMty-FTxYxf-FTr64KWwR0b-JXgSHtcu9IFz4zncfUj2Ig_OoRf8HqVOXLikRdsQz4mDxJeGSrdxXcSVhMcPr2eGD9sRHnoiG9E6DcfdofkQaqMsQe-RyhdeNNExeTueHOGhhStyZmhydHOwZzmqW4GfHcxZ5DkU63iuwP2R40dzHd2DM0ROFrPkwrM2JBc-KUeTH_2OV4WPe8SHPkfz4juShwpyH-eXoXlC4kZl6Qme5sGp4SEn_McR5lIeaM-FC2cqod2FZspxihHeTEea4w_88Bo-XNHxHc2pYofD5EckRXEOPSFKH2mVXcIT5ghz4WGPPx-aG8wTL9Bx6dCVKLiY4xd4OUg1ZcarbcS_Bc2PkleEC-kPPTGyqyijozlYZsXz4R-aPUh2JZSFWOnARDWFO7TApLbwHs8T5GiOXkqMN8dx5iJ8QY0eI5aUoXlb9CZ6jgkavDiz4obfIj_0FPlFlH2ChkuKszi46tHRKHke3JyC5rlyHH0Q5tCPSw9yXDm6PGkCVyauDA_-BId39Onxo6cQpjsO9cuQ78WVB7lu6Ap-NMqMarmH_Aivwz-h-wgf9DD6RNHxagaPKRIR8kiWS-ilYSceLkaNZsUTXcH548qJvIeUK0e-KD8up0ROZ_CZCuIuB-GmYo9YhMlfaMg_HP8xStHk4XM2cCIPk1EQ8key_DilDI-PE82D410cEVWkXLhu5DkSvfhLNFRjlFJmY8qZWCizjMXpDf1x-FIQesIX7OzQIJQ5dFpoNKfw88H248lwTuiRLHHmIz-ewk4WXHgqTM-O5seTF1fy4F8KJh9CHNqPJsWDC9dyhJE0VEczhj6YX3giPfBxhSzOoxeaIymVI58S4cR1oluvDJ82XBIDk8PRH3-N_sPxIE8O7ciF8yF6C00dXOtx7UKW3LgILcvyYQ9SfcglC3ob5IrxaTHsH9G