{"lowlevel":{"average_loudness":0.608289659023,"barkbands":{"dmean":[0.00210379133932,0.00867887306958,0.0107637150213,0.00540267443284,0.00297666667029,0.00173150585033,0.000603428983595,0.00033798822551,0.000312503805617,0.000108652471681,0.0000317141275445,0.000038185637095,0.000183818759979,0.0000776077577029,0.0000575016638322,0.0000335546901624,0.0000388855914935,0.0000193969026441,0.000013523483176,0.0000100733950603,0.000006742126061,0.00000448282071375,0.00000369102417608,0.00000361644879376,0.00000298093846141,0.00000733715614842,0.0000926152206375],"dmean2":[0.00328601035289,0.0139279179275,0.0184898134321,0.00940192025155,0.00516173848882,0.0029272264801,0.00101977505255,0.000576098216698,0.000517260981724,0.000178550792043,0.0000537425621587,0.0000655030598864,0.000301767897326,0.000133396868478,0.0000960424367804,0.0000562569730391,0.000066954176873,0.0000316409095831,0.0000209176832868,0.0000165762721736,0.0000109648699436,0.00000696847246218,0.00000585160933042,0.0000057253828345,0.00000477940102428,0.0000111356139314,0.000142975506606],"dvar":[0.0000449111794296,0.000331202172674,0.00064811471384,0.00028903700877,0.00002212596155,0.0000123373602037,0.00000170889313722,5.0759797432e-7,5.31617615707e-7,7.17032335729e-8,5.41115108277e-9,1.04766391118e-8,5.51723530862e-7,7.91230050368e-8,4.94814784702e-8,1.31637314382e-8,2.12763460183e-8,6.59892895882e-9,3.73151332056e-9,1.86809567815e-9,7.71046559933e-10,1.30371269336e-10,8.54152165664e-11,8.06105668327e-11,2.83071396184e-11,5.2566118125e-10,9.3090100961e-8],"dvar2":[0.000100346922409,0.000862337474246,0.00192140217405,0.000829288677778,0.0000638067067484,0.0000337161982316,0.00000455090093965,0.00000149365700963,0.00000144390071455,1.73923112357e-7,1.46754270958e-8,3.09832124401e-8,0.00000142333260555,2.34124755139e-7,1.30675829269e-7,3.33454899248e-8,5.70587772586e-8,1.4481051025e-8,7.2455215161e-9,4.55922588571e-9,1.84790938107e-9,2.56439314228e-10,2.05157973943e-10,1.93802321413e-10,6.62825766495e-11,1.14846521182e-9,1.92780120756e-7],"max":[0.162719398737,0.292528182268,0.516881227493,0.426971018314,0.0569518767297,0.0709554031491,0.0292309820652,0.0111042456701,0.0120545076206,0.00611528195441,0.00108091766015,0.00148156262003,0.0133622447029,0.00576038612053,0.0049436185509,0.00336754135787,0.00270987604745,0.00271948543377,0.00259016198106,0.00117049878463,0.000650142610539,0.000293809978757,0.000131141569,0.000135763926664,0.000117491479614,0.000409025407862,0.0104053458199],"mean":[0.00328883551992,0.0169246308506,0.0149991409853,0.00634635845199,0.00449823634699,0.00275203585625,0.0010565421544,0.000508753000759,0.000507298274897,0.000185220182175,0.0000467959980597,0.000058919617004,0.000317621888826,0.000135272901389,0.0000995246737148,0.0000654657924315,0.0000781574708526,0.0000373625589418,0.0000282435048575,0.0000174171982508,0.0000100730831036,0.00000590646368437,0.00000428528801422,0.00000421365530201,0.00000367460825146,0.0000094035631264,0.000291811855277],"median":[0.000691779830959,0.00714612938464,0.0064485562034,0.00178102427162,0.00231439457275,0.00107947085053,0.000288800511044,0.000192880979739,0.000114977679914,0.0000489811282023,0.0000130276857817,0.00000687745341565,0.00000563335788684,0.00000406047638535,0.0000033862422697,0.00000280942936115,0.00000239920700551,0.00000210658367905,0.0000018780768869,0.00000171574311025,0.00000161520267739,0.00000144491366427,0.00000127636440084,0.00000139105736707,0.00000155900079335,0.00000277876984001,0.0000144601508509],"min":[3.18866452576e-25,8.33833234339e-24,8.17928930743e-24,3.8697654536e-24,1.50284802426e-23,8.75245986394e-24,2.61253503087e-23,9.20634755184e-24,3.9671455203e-23,2.40478093842e-23,2.7506014665e-23,5.29138612705e-23,6.87627394996e-23,5.85908766869e-23,6.82567514932e-23,1.0251586358e-22,7.92057054065e-23,1.37444346233e-22,1.88110370442e-22,2.30246536346e-22,2.82075152203e-22,3.86376473069e-22,5.14548295786e-22,6.57738136873e-22,1.08034644858e-21,1.25280482154e-21,2.29632426433e-21],"var":[0.0000888666472747,0.000835112645291,0.00085229933029,0.000272060337011,0.0000351888411387,0.0000238566972257,0.00000554018197363,8.60641875988e-7,0.00000101315504253,1.76118390982e-7,9.31947052862e-9,2.37561810223e-8,0.00000120014146887,1.86685326753e-7,1.10512701212e-7,4.27636379641e-8,5.91410866946e-8,2.42683668716e-8,1.44883953723e-8,4.10660261352e-9,1.2885961187e-9,2.52792259348e-10,1.06474835893e-10,9.66937224733e-11,3.7184616497e-11,7.42832573231e-10,7.88528893736e-7]},"barkbands_crest":{"dmean":3.04391765594,"dmean2":5.15085172653,"dvar":6.35840129852,"dvar2":16.9762496948,"max":25.1803741455,"mean":13.1108283997,"median":12.630730629,"min":4.06092786789,"var":17.1969604492},"barkbands_flatness_db":{"dmean":0.0534361340106,"dmean2":0.0863641947508,"dvar":0.00211314903572,"dvar2":0.00591231090948,"max":0.532412588596,"mean":0.274426102638,"median":0.271673768759,"min":0.0514493398368,"var":0.0068683847785},"barkbands_kurtosis":{"dmean":26.7341327667,"dmean2":44.9344520569,"dvar":1750.07043457,"dvar2":4827.32226562,"max":502.79876709,"mean":47.3460121155,"median":30.1232948303,"min":-1.53839361668,"var":3098.3112793},"barkbands_skewness":{"dmean":1.47443068027,"dmean2":2.41452503204,"dvar":2.13715910912,"dvar2":5.9717874527,"max":17.8520679474,"mean":4.16420507431,"median":3.77161359787,"min":-2.0615503788,"var":6.9224896431},"barkbands_spread":{"dmean":2.31110072136,"dmean2":3.83340907097,"dvar":18.4513950348,"dvar2":48.8314247131,"max":122.311225891,"mean":6.35078668594,"median":3.4720556736,"min":0.277246743441,"var":89.7564697266},"dissonance":{"dmean":0.0430721342564,"dmean2":0.0734592601657,"dvar":0.00179796479642,"dvar2":0.00507679954171,"max":0.49981212616,"mean":0.426958203316,"median":0.441347718239,"min":0.128088161349,"var":0.00318789226003},"dynamic_complexity":4.39095497131,"erbbands":{"dmean":[0.329815775156,1.93009579182,10.3058795929,16.6394252777,12.3867511749,9.02278709412,13.538107872,15.8374347687,10.0609149933,6.57804441452,7.59169721603,7.58628606796,3.72666025162,2.46218276024,1.22352576256,1.78444540501,8.61687850952,3.58519411087,4.59664106369,1.97653889656,1.39248991013,2.11524868011,1.14597725868,0.69575715065,0.663561165333,0.445264190435,0.311194419861,0.244339346886,0.166958078742,0.126449212432,0.104988381267,0.0811672881246,0.0565477274358,0.0326988250017,0.0219224989414,0.0182372257113,0.0158123653382,0.00953411869705,0.00536878034472,0.00682030292228],"dmean2":[0.519397258759,3.19090533257,17.5638237,28.9768848419,21.9781703949,15.3827085495,22.8679199219,26.7537536621,17.2935161591,10.8860206604,12.9549627304,12.5804958344,6.17586183548,4.09852027893,2.05990123749,2.93609213829,14.203212738,5.97893428802,7.83333969116,3.39438986778,2.36531090736,3.65992379189,1.91305184364,1.02299714088,1.0653591156,0.730173885822,0.518310785294,0.397990435362,0.260496497154,0.198233127594,0.166654974222,0.129475742579,0.0902664363384,0.052389100194,0.0350577831268,0.0283880792558,0.0240731053054,0.0140466140583,0.00796845182776,0.0108471633866],"dvar":[0.799943506718,12.4845895767,501.419036865,1890.79309082,755.378540039,197.500518799,734.010559082,1383.76452637,477.83996582,222.731613159,213.203491211,335.065643311,82.4352493286,31.451467514,10.1248512268,24.8608703613,1217.68615723,153.600036621,367.123809814,42.8130226135,18.3979167938,68.5802688599,17.0479507446,9.99763202667,9.10482501984,3.57070541382,1.48073399067,1.2161860466,0.205534920096,0.0880658477545,0.0766520649195,0.0450014062226,0.0189595706761,0.00341159058735,0.00149058026727,0.00172851374373,0.0030188600067,0.00128367298748,0.000409011932788,0.000152406806592],"dvar2":[1.89804303646,35.2672195435,1492.45593262,5611.05957031,2197.98632812,546.348083496,1980.94836426,3839.57519531,1360.55615234,610.272399902,629.493591309,911.06427002,220.775009155,80.2296829224,27.987455368,66.6656494141,3175.60693359,427.940490723,1028.78198242,116.288726807,47.6251564026,187.940689087,42.7093353271,15.2586307526,19.8526744843,7.93238162994,3.86565756798,3.02028489113,0.407643675804,0.198198333383,0.185371741652,0.107661224902,0.0466735959053,0.00805896427482,0.00349356955849,0.00411032093689,0.00657028751448,0.00245868298225,0.000753444561269,0.00040132101276],"max":[16.930185318,57.5667190552,450.564178467,924.151611328,581.778930664,172.263259888,437.245269775,832.063171387,502.4296875,328.467254639,241.254592896,306.82333374,148.849411011,131.83656311,54.5752334595,97.4120559692,605.652709961,200.323516846,445.547332764,190.32182312,111.797340393,151.646469116,106.612243652,128.943984985,121.692375183,53.0701370239,35.6113700867,29.4126625061,11.6958189011,4.31975412369,4.37322473526,3.19052934647,2.33481526375,1.29107785225,0.846688270569,0.748923540115,0.928246438503,0.904790222645,0.568449139595,0.291693627834],"mean":[0.634139358997,3.29546761513,14.9156827927,21.9983901978,16.5093612671,13.1986703873,19.9833660126,24.2387695312,17.0737781525,11.8397064209,12.0380039215,12.4523124695,6.84924983978,4.33208608627,1.95365905762,3.33733201027,14.3116397858,7.50848579407,8.00864505768,4.08661031723,3.25586390495,4.25096464157,2.41275715828,1.43120360374,1.46955180168,0.811614871025,0.512918710709,0.332069605589,0.222001373768,0.1533421278,0.1210052073,0.0937352254987,0.0664218515158,0.0403934158385,0.027528738603,0.0229692477733,0.0201245434582,0.0143805202097,0.0134883001447,0.0207702387124],"median":[0.175697162747,1.51371204853,7.19042062759,7.71170186996,6.08501386642,7.06063985825,9.19502258301,8.34383296967,5.47903394699,3.91359090805,4.64362812042,3.05562019348,1.93393325806,1.29444789886,0.472022980452,0.286874562502,0.266905069351,0.21685770154,0.194222778082,0.169486373663,0.148321554065,0.137951850891,0.119023747742,0.102585338056,0.093741774559,0.0797661915421,0.0711343884468,0.0608512349427,0.0523198209703,0.0426150858402,0.0359646230936,0.0299198944122,0.0231377370656,0.016640227288,0.0118168629706,0.00847021397203,0.00557811046019,0.00322418613359,0.00292093073949,0.0116698322818],"min":[1.45694354554e-22,8.43587000872e-22,9.96753284361e-21,2.17809289177e-20,3.29865378808e-20,3.22003414826e-20,7.90884573509e-20,4.84374380803e-20,3.00966486402e-19,2.55086164094e-19,2.41315933341e-19,9.38111116166e-19,1.21639473336e-18,1.17397153487e-18,1.38748587613e-18,2.82297821308e-18,3.15579515972e-18,2.69001306551e-18,4.3401298201e-18,4.00718590124e-18,5.95915513021e-18,5.3119371725e-18,8.45853553137e-18,9.48114500826e-18,8.53314639544e-18,1.07518151975e-17,1.20622686383e-17,1.01180252763e-17,1.24986204735e-17,1.31228366063e-17,1.47071621034e-17,1.32322767373e-17,1.159154414e-17,1.10236035857e-17,8.00009962818e-18,4.49681933481e-18,2.56429732884e-18,1.01695631779e-18,2.96364389516e-19,3.24126167073e-20],"var":[2.04870295525,24.5048751831,690.872192383,2048.32470703,901.408935547,304.495727539,1100.85559082,2450.4699707,1100.2902832,629.783569336,395.401641846,619.034057617,195.192993164,78.0160446167,18.3979072571,81.1318435669,2465.41894531,521.69744873,774.715942383,148.232116699,86.9184875488,174.704833984,68.6409072876,49.3445930481,34.4982643127,9.30263805389,3.25379943848,1.55140018463,0.392194211483,0.130703911185,0.0921598523855,0.0530398152769,0.0220430009067,0.00459540216252,0.00199989858083,0.00228404998779,0.00411995872855,0.00257493671961,0.00171685754322,0.000812988262624]},"erbbands_crest":{"dmean":3.26020312309,"dmean2":5.52233123779,"dvar":7.44759178162,"dvar2":20.0702667236,"max":28.1859722137,"mean":11.3635339737,"median":10.9206113815,"min":2.93748831749,"var":18.2220249176},"erbbands_flatness_db":{"dmean":0.0438656769693,"dmean2":0.0708649456501,"dvar":0.00150934606791,"dvar2":0.00422339886427,"max":0.41502276063,"mean":0.182372301817,"median":0.170237645507,"min":0.0504798702896,"var":0.00427900347859},"erbbands_kurtosis":{"dmean":6.31964921951,"dmean2":10.7634382248,"dvar":102.557273865,"dvar2":288.583648682,"max":149.061523438,"mean":9.4958562851,"median":6.7615737915,"min":-1.68675839901,"var":133.663223267},"erbbands_skewness":{"dmean":0.741527318954,"dmean2":1.22266125679,"dvar":0.48740953207,"dvar2":1.35363471508,"max":8.62426757812,"mean":1.76540613174,"median":1.78740227222,"min":-1.64597332478,"var":1.93684327602},"erbbands_spread":{"dmean":6.95712137222,"dmean2":11.5498228073,"dvar":48.4384727478,"dvar2":123.508987427,"max":104.395126343,"mean":19.3525600433,"median":15.8437280655,"min":1.2031211853,"var":187.330673218},"gfcc":{"cov":[[17120.6640625,741.746337891,-2018.47387695,87.1905670166,1046.80224609,88.017074585,-318.822143555,-233.313400269,-46.5425720215,331.865631104,230.137680054,-95.1157150269,-40.7314147949],[741.746337891,832.661682129,300.391906738,-212.768936157,-95.05884552,-138.088684082,87.504486084,7.27202892303,84.1612243652,-60.6386375427,48.9186897278,-42.1446037292,84.5898208618],[-2018.47387695,300.391906738,1162.9197998,-0.638885080814,-356.071868896,-52.133026123,56.1972732544,74.0840682983,-15.4414901733,-127.238456726,-67.1319580078,-11.1543664932,45.3060760498],[87.1905670166,-212.768936157,-0.638885080814,306.796661377,181.1431427,129.15423584,-45.024433136,-29.2826309204,-53.8354377747,23.7092018127,-10.6635417938,-3.68135929108,-48.2888755798],[1046.80224609,-95.05884552,-356.071868896,181.1431427,487.647735596,122.586402893,12.0384054184,-66.0631408691,9.84943008423,77.9783325195,69.0688705444,-5.75947570801,-16.0192089081],[88.017074585,-138.088684082,-52.133026123,129.15423584,122.586402893,150.633605957,9.62992477417,24.2324123383,-19.3944263458,25.4753417969,1.93246889114,8.78254699707,-12.2930221558],[-318.822143555,87.504486084,56.1972732544,-45.024433136,12.0384054184,9.62992477417,116.465675354,49.2262001038,45.7384223938,-12.2753562927,8.18280220032,-0.201356187463,15.9063434601],[-233.313400269,7.27202892303,74.0840682983,-29.2826309204,-66.0631408691,24.2324123383,49.2262001038,83.3054428101,39.0990524292,20.4908123016,3.59250307083,11.7544078827,13.255777359],[-46.5425720215,84.1612243652,-15.4414901733,-53.8354377747,9.84943008423,-19.3944263458,45.7384223938,39.0990524292,80.7642364502,44.5118217468,45.0478057861,15.1567220688,20.2922706604],[331.865631104,-60.6386375427,-127.238456726,23.7092018127,77.9783325195,25.4753417969,-12.2753562927,20.4908123016,44.5118217468,92.7929840088,62.743888855,40.7916374207,10.459195137],[230.137680054,48.9186897278,-67.1319580078,-10.6635417938,69.0688705444,1.93246889114,8.18280220032,3.59250307083,45.0478057861,62.743888855,79.5627212524,43.9578933716,38.4141845703],[-95.1157150269,-42.1446037292,-11.1543664932,-3.68135929108,-5.75947570801,8.78254699707,-0.201356187463,11.7544078827,15.1567220688,40.7916374207,43.9578933716,62.811088562,35.2312164307],[-40.7314147949,84.5898208618,45.3060760498,-48.2888755798,-16.0192089081,-12.2930221558,15.9063434601,13.255777359,20.2922706604,10.459195137,38.4141845703,35.2312164307,64.3540878296]],"icov":[[0.000124939324451,-0.000370919820853,0.000203547388082,0.000026741747206,-0.000201182789169,0.0000762305353419,0.000263302616077,-0.000364895327948,0.000836761842947,-0.000779640045948,0.000251909514191,0.000105346400233,0.0000727805454517],[-0.000370919820853,0.00409335177392,-0.00118980021216,0.000611566996668,0.000835557759274,0.000288469309453,-0.00112721009646,0.00171825464349,-0.00406815763563,0.00515324203297,-0.00648683076724,0.00547055713832,-0.00280848494731],[0.000203547388082,-0.00118980021216,0.00210503581911,-0.00182866724208,0.00079213315621,0.000619703962002,0.000420737429522,-0.00220457883552,0.000881626678165,0.00141517980956,0.000107120329631,-0.000622674939223,-0.000726764032152],[0.000026741747206,0.000611566996668,-0.00182866724208,0.00939462613314,-0.00316891167313,-0.00478071533144,0.00269138510339,0.000810890691355,0.00236879219301,-0.00126207899302,-0.000228707678616,-0.00182754069101,0.00561075238511],[-0.000201182789169,0.000835557759274,0.00079213315621,-0.00316891167313,0.0103061217815,-0.00584938004613,-0.00988125056028,0.0159699041396,-0.000929798872676,-0.0112899132073,-0.00199628993869,0.0116058262065,-0.00659423088655],[0.0000762305353419,0.000288469309453,0.000619703962002,-0.00478071533144,-0.00584938004613,0.0197255108505,0.00117850792594,-0.018435286358,0.00994485989213,0.00437883101404,-0.00292510981672,-0.0036662959028,0.00136921589728],[0.000263302616077,-0.00112721009646,0.000420737429522,0.00269138510339,-0.00988125056028,0.00117850792594,0.0314274020493,-0.0264753047377,-0.0142913786694,0.0347512103617,-0.0093366811052,-0.015227926895,0.0115909446031],[-0.000364895327948,0.00171825464349,-0.00220457883552,0.000810890691355,0.0159699041396,-0.018435286358,-0.0264753047377,0.0635572597384,-0.0131992753595,-0.0439613647759,0.0278647542,0.0160822551697,-0.0205535180867],[0.000836761842947,-0.00406815763563,0.000881626678165,0.00236879219301,-0.000929798872676,0.00994485989213,-0.0142913786694,-0.0131992753595,0.0568838343024,-0.031184066087,-0.0124726044014,0.0139848301187,0.00187367782928],[-0.000779640045948,0.00515324203297,0.00141517980956,-0.00126207899302,-0.0112899132073,0.00437883101404,0.0347512103617,-0.0439613647759,-0.031184066087,0.102186270058,-0.0530011542141,-0.0296339094639,0.0303674098104],[0.000251909514191,-0.00648683076724,0.000107120329631,-0.000228707678616,-0.00199628993869,-0.00292510981672,-0.0093366811052,0.0278647542,-0.0124726044014,-0.0530011542141,0.0898334681988,-0.0196256842464,-0.0263807103038],[0.000105346400233,0.00547055713832,-0.000622674939223,-0.00182754069101,0.0116058262065,-0.0036662959028,-0.015227926895,0.0160822551697,0.0139848301187,-0.0296339094639,-0.0196256842464,0.063349634409,-0.0279770027846],[0.0000727805454517,-0.00280848494731,-0.000726764032152,0.00561075238511,-0.00659423088655,0.00136921589728,0.0115909446031,-0.0205535180867,0.00187367782928,0.0303674098104,-0.0263807103038,-0.0279770027846,0.0495243705809]],"mean":[-96.9772796631,119.800712585,-12.4849948883,2.31841945648,-25.5656509399,-15.80281353,-11.7846565247,-7.22294282913,-3.79555702209,-10.7581768036,-7.55943059921,-11.0941553116,-3.81030607224]},"hfc":{"dmean":225.379562378,"dmean2":360.168579102,"dvar":187053.25,"dvar2":519134.21875,"max":8504.16308594,"mean":530.0390625,"median":392.749206543,"min":1.10230908992e-16,"var":320760.8125},"melbands":{"dmean":[0.00252734776586,0.00428021373227,0.00264857150614,0.000676237861626,0.000471859122626,0.000338831101544,0.000145773257827,0.0000711407192284,0.0000601394931437,0.0000479904301756,0.0000190122882486,0.0000112716261356,0.00000415844260715,0.00000402235536967,0.0000100795141407,0.0000206193599297,0.00000610645520283,0.00000887648548087,0.00000301175282402,0.0000030098519801,0.00000178008076546,0.0000024233440854,0.00000163034314937,8.5391519633e-7,5.60963371754e-7,5.94370362705e-7,4.39294268517e-7,2.7501596378e-7,2.36141161736e-7,1.5894624994e-7,1.33907647637e-7,9.99731568641e-8,7.83715208286e-8,6.6128180265e-8,5.99141145585e-8,5.71896840995e-8,4.63510261284e-8,4.1039950105e-8,3.24928350892e-8,2.65023523127e-8],"dmean2":[0.00399650353938,0.00722782127559,0.00456117885187,0.00118358852342,0.000797161192168,0.000574022124056,0.000248911877861,0.00011838824139,0.000101905170595,0.0000794826773927,0.0000315110664815,0.0000188084050023,0.00000704106878402,0.00000699001066096,0.000016412779587,0.0000339620164596,0.0000101887117125,0.0000152937427629,0.00000516144746143,0.00000512732231073,0.00000306938500216,0.00000420977312388,0.00000278064817394,0.00000131830017835,8.33712874737e-7,9.54502638706e-7,6.9073018949e-7,4.66808955935e-7,3.96488246679e-7,2.57872500242e-7,2.21048040316e-7,1.57836879566e-7,1.20906207712e-7,1.06069379058e-7,9.60145172257e-8,9.16121436489e-8,7.37403595963e-8,6.55265068872e-8,5.23105150307e-8,4.25716883967e-8],"dvar":[0.0000376705611416,0.0000737915033824,0.0000456488633063,0.00000123067445656,8.94776292171e-7,5.78278502417e-7,9.5671850886e-8,2.46430893469e-8,1.21820953325e-8,1.42763152411e-8,2.21861062855e-9,7.29813154354e-10,1.04777957144e-10,1.12608720959e-10,1.34484201553e-9,7.59801643824e-9,4.22292339985e-10,1.45673395568e-9,8.43227224157e-11,1.32960087385e-10,3.12271770941e-11,8.58566620576e-11,3.70599002875e-11,1.44929814677e-11,6.46518862751e-12,7.63330197662e-12,3.59985218717e-12,1.38201733044e-12,1.17386927002e-12,4.22773307248e-13,3.64151227618e-13,8.39192471481e-14,3.39496937778e-14,2.43163050595e-14,2.39223873051e-14,2.79238692038e-14,1.33159042671e-14,1.10806707166e-14,4.20971478434e-15,2.31084394648e-15],"dvar2":[0.0000931904505705,0.000220135421841,0.000133601628477,0.00000364863512914,0.00000240061262957,0.00000159882324624,2.65398853116e-7,6.87576005021e-8,3.56875595742e-8,3.87503362731e-8,5.89396664807e-9,1.83152215616e-9,2.84502171821e-10,3.39292371976e-10,3.47369377707e-9,1.9406138918e-8,1.20259169289e-9,4.19134993379e-9,2.42571462916e-10,3.41399547521e-10,8.54551915341e-11,2.38059433277e-10,9.97498958433e-11,3.35546139485e-11,9.4344115853e-12,1.73828573063e-11,7.84680306842e-12,3.24509494797e-12,3.53779158746e-12,1.0427368604e-12,8.89472794464e-13,1.69664290755e-13,7.27961934439e-14,5.67285645813e-14,5.83316896305e-14,6.82387428356e-14,3.1539502184e-14,2.74712995001e-14,1.02133157549e-14,5.39865978053e-15],"max":[0.112816177309,0.167492568493,0.150696113706,0.0157672651112,0.0157496109605,0.0164867341518,0.00647584116086,0.00308902119286,0.00170665537007,0.00209259567782,0.000768368539866,0.0006170545239,0.000154886685777,0.00017031270545,0.000667083193548,0.0017714346759,0.000312189280521,0.000856323400512,0.000138378891279,0.000345692882547,0.00011291904957,0.000157146016136,0.000125265156385,0.000135641443194,0.000102514335595,0.000104656450276,0.0000555369661015,0.0000267846189672,0.0000300508581859,0.0000149839306687,0.0000159081773745,0.00000808191180113,0.00000346920478478,0.00000239205564867,0.00000259838452621,0.00000248448372986,0.00000172574686985,0.00000184037730833,0.00000112308589451,0.0000010653695881],"mean":[0.00507462397218,0.006769340951,0.0037526730448,0.000981513061561,0.000710768974386,0.000529844081029,0.000253583682934,0.000123708072351,0.000095697461802,0.000075515898061,0.0000335674085363,0.000019142857127,0.00000625541088084,0.00000599971508564,0.0000169730956259,0.0000337710152962,0.0000111228973765,0.0000145300582517,0.00000575690592086,0.00000527165593667,0.00000353704581357,0.00000467845575258,0.00000313606960844,0.00000156952762609,0.00000107296978058,0.00000117729609883,8.4066442696e-7,4.59159650745e-7,3.59111453463e-7,2.23364423846e-7,1.77472045948e-7,1.3160743606e-7,9.77155778514e-8,7.8783912727e-8,6.90446171348e-8,6.47987050684e-8,5.40343521038e-8,4.7749526999e-8,3.91460801552e-8,3.23002531388e-8],"median":[0.00188574148342,0.00357290357351,0.0014892523177,0.000497298722621,0.000340074999258,0.000189272745047,0.0000782973220339,0.0000413606830989,0.0000364741099474,0.0000159539104061,0.00000900122904568,0.00000539004940947,0.00000162737887877,8.05128195225e-7,6.43499731723e-7,5.29928058768e-7,3.82335628046e-7,3.18721163239e-7,2.48256810664e-7,2.06695631277e-7,1.65873956348e-7,1.456100307e-7,1.19692046496e-7,9.59949559842e-8,8.08412536912e-8,7.02675180264e-8,6.30581098449e-8,5.09722397624e-8,4.5088924594e-8,3.85911178569e-8,3.40105295038e-8,3.02182812106e-8,2.56670933396e-8,2.31183996391e-8,2.10539852219e-8,1.90486328933e-8,1.77285457426e-8,1.6319527063e-8,1.47490446523e-8,1.34264581675e-8],"min":[2.75242641732e-24,4.29699910923e-24,4.06091986157e-24,2.9135135891e-24,2.31596269467e-24,1.04243915852e-24,5.60669674966e-24,2.30311471432e-24,1.56612003311e-24,6.08562485484e-24,5.59024071674e-24,4.44400452221e-24,4.29118283778e-24,5.38238533455e-24,7.73256526541e-24,5.57377048433e-24,4.19430046343e-24,6.69216264992e-24,3.52752091088e-24,5.63233039034e-24,5.94687408237e-24,4.82878838924e-24,4.2737273181e-24,7.3921638962e-24,7.58177213679e-24,6.34291302237e-24,6.12721360176e-24,6.6381824759e-24,6.28140238214e-24,6.25345935116e-24,5.12930850096e-24,7.3894336486e-24,6.47541443874e-24,7.63858274374e-24,6.91024561375e-24,7.87489786082e-24,7.09174909741e-24,6.82861034298e-24,7.45922101745e-24,9.02737788941e-24],"var":[0.0000994058791548,0.000107736443169,0.000051956561947,0.00000181470875305,0.00000134375466132,0.0000010665339687,2.61636216692e-7,6.30283452097e-8,2.40415172215e-8,2.49589913182e-8,5.07744735145e-9,1.73602410225e-9,1.80569267871e-10,2.38016356624e-10,2.87445067748e-9,1.53075330189e-8,1.15802756273e-9,2.74535749689e-9,2.75437478381e-10,3.28223587198e-10,1.04257727451e-10,2.12801248844e-10,1.01610539427e-10,4.99450238112e-11,3.07887049189e-11,2.45082027589e-11,1.00947644341e-11,3.13156987321e-12,1.86547565589e-12,6.1681893317e-13,4.57170542742e-13,1.52976264468e-13,5.69790661051e-14,3.28928575458e-14,2.84924875035e-14,3.0952803119e-14,1.60984303687e-14,1.24144630055e-14,5.47850068262e-15,2.98994604744e-15]},"melbands_crest":{"dmean":4.15575456619,"dmean2":7.03357648849,"dvar":11.9517011642,"dvar2":32.7393875122,"max":36.6362228394,"mean":19.278886795,"median":18.902513504,"min":1.76000213623,"var":33.8154754639},"melbands_flatness_db":{"dmean":0.061976313591,"dmean2":0.0997448712587,"dvar":0.0028118849732,"dvar2":0.00790151301771,"max":0.704804182053,"mean":0.414175570011,"median":0.411947101355,"min":0.00364443124272,"var":0.0094859758392},"melbands_kurtosis":{"dmean":18.4670982361,"dmean2":31.2805252075,"dvar":603.690063477,"dvar2":1650.52111816,"max":393.742340088,"mean":31.8350963593,"median":20.8240566254,"min":-1.59225821495,"var":1382.62890625},"melbands_skewness":{"dmean":1.0941567421,"dmean2":1.81760036945,"dvar":0.976451635361,"dvar2":2.65829133987,"max":13.0946769714,"mean":3.21195483208,"median":3.04612135887,"min":-0.7417730093,"var":3.31782126427},"melbands_spread":{"dmean":1.46837043762,"dmean2":2.38830852509,"dvar":11.4122304916,"dvar2":18.8707866669,"max":144.770874023,"mean":4.54023265839,"median":2.62545585632,"min":0.232287615538,"var":105.378601074},"mfcc":{"cov":[[11945.703125,392.610443115,-2504.88793945,137.344192505,604.541259766,546.116333008,77.4028701782,-241.136825562,-256.330444336,66.344367981,185.176620483,280.305511475,51.595539093],[392.610443115,1142.1015625,369.814910889,15.9303941727,-117.055091858,-134.937164307,-50.818775177,17.0301246643,52.2769088745,37.2518005371,-3.30764079094,-10.4712905884,1.33006501198],[-2504.88793945,369.814910889,1321.23779297,44.5468711853,-220.925247192,-220.939697266,-54.4946556091,87.5329666138,86.1248779297,-45.0106048584,-78.8938446045,-115.970397949,-10.0369005203],[137.344192505,15.9303941727,44.5468711853,160.792205811,120.253181458,92.5959243774,45.2392539978,5.69975614548,-11.7559490204,-6.76601839066,4.76005983353,12.6495552063,7.0548248291],[604.541259766,-117.055091858,-220.925247192,120.253181458,240.0990448,185.968399048,76.5555419922,-11.3036584854,-32.07006073,-1.72415041924,20.8428573608,40.0620002747,18.8984088898],[546.116333008,-134.937164307,-220.939697266,92.5959243774,185.968399048,182.08631897,85.9896011353,12.5103330612,-21.2955245972,0.281658291817,16.0610923767,34.9177055359,14.4200525284],[77.4028701782,-50.818775177,-54.4946556091,45.2392539978,76.5555419922,85.9896011353,77.842880249,40.3875160217,16.100276947,6.59111690521,5.37319135666,8.60596847534,6.62656068802],[-241.136825562,17.0301246643,87.5329666138,5.69975614548,-11.3036584854,12.5103330612,40.3875160217,59.0053367615,41.4146995544,17.2045192719,0.14012594521,-6.10566663742,-1.9615778923],[-256.330444336,52.2769088745,86.1248779297,-11.7559490204,-32.07006073,-21.2955245972,16.100276947,41.4146995544,51.5763015747,30.0015087128,10.6088705063,-3.07820677757,0.304090201855],[66.344367981,37.2518005371,-45.0106048584,-6.76601839066,-1.72415041924,0.281658291817,6.59111690521,17.2045192719,30.0015087128,44.5135726929,31.736371994,23.1858654022,7.5265007019],[185.176620483,-3.30764079094,-78.8938446045,4.76005983353,20.8428573608,16.0610923767,5.37319135666,0.14012594521,10.6088705063,31.736371994,42.5861053467,38.2932891846,20.4185695648],[280.305511475,-10.4712905884,-115.970397949,12.6495552063,40.0620002747,34.9177055359,8.60596847534,-6.10566663742,-3.07820677757,23.1858654022,38.2932891846,52.6950759888,32.9535865784],[51.595539093,1.33006501198,-10.0369005203,7.0548248291,18.8984088898,14.4200525284,6.62656068802,-1.9615778923,0.304090201855,7.5265007019,20.4185695648,32.9535865784,41.7186431885]],"icov":[[0.000191389684915,-0.000241448477027,0.00038679537829,-0.000111338486022,0.0000443046119472,-0.00043304846622,0.000478171365103,-0.000316670630127,0.000429681240348,0.000418192968937,-0.000810175784864,0.00045534747187,-0.000120076168969],[-0.000241448477027,0.00145114387851,-0.000761661562137,-0.000465095450636,-0.000115184069728,0.0016945078969,-0.00115708471276,0.00134823552798,-0.000720261479728,-0.00310855149291,0.0038061037194,-0.00241990247741,0.000476115063066],[0.00038679537829,-0.000761661562137,0.00329950964078,-0.00282451091334,-0.00119916105177,0.00218850583769,0.0055715655908,-0.00797424744815,-0.000734119501431,0.00597894238308,-0.00447269761935,0.00720771402121,-0.00523340050131],[-0.000111338486022,-0.000465095450636,-0.00282451091334,0.0140388682485,-0.00573332142085,-0.00200016447343,-0.00421340344474,0.00253839883953,0.00276516261511,-0.00023031848832,-0.00112002342939,-0.00481164595112,0.00554638681933],[0.0000443046119472,-0.000115184069728,-0.00119916105177,-0.00573332142085,0.033171094954,-0.0332392416894,-0.00622408557683,0.0297044124454,-0.0118496278301,-0.00397466449067,0.00103133334778,0.000376777781639,-0.000520973815583],[-0.00043304846622,0.0016945078969,0.00218850583769,-0.00200016447343,-0.0332392416894,0.0628216564655,-0.0219954196364,-0.0297445617616,0.0283190719783,-0.00413976470008,0.00682105915621,-0.0118476944044,0.00334491278045],[0.000478171365103,-0.00115708471276,0.0055715655908,-0.00421340344474,-0.00622408557683,-0.0219954196364,0.0749564096332,-0.0504880286753,-0.0118818255141,0.0253161340952,-0.0187279265374,0.0237868092954,-0.0164630804211],[-0.000316670630127,0.00134823552798,-0.00797424744815,0.00253839883953,0.0297044124454,-0.0297445617616,-0.0504880286753,0.120339140296,-0.0653941109776,-0.0134271671996,0.0357607342303,-0.0335469096899,0.0203990973532],[0.000429681240348,-0.000720261479728,-0.000734119501431,0.00276516261511,-0.0118496278301,0.0283190719783,-0.0118818255141,-0.0653941109776,0.131690785289,-0.0704066976905,-0.0161761678755,0.0439886786044,-0.0218480601907],[0.000418192968937,-0.00310855149291,0.00597894238308,-0.00023031848832,-0.00397466449067,-0.00413976470008,0.0253161340952,-0.0134271671996,-0.0704066976905,0.131910309196,-0.0662861019373,-0.0178614668548,0.0229048561305],[-0.000810175784864,0.0038061037194,-0.00447269761935,-0.00112002342939,0.00103133334778,0.00682105915621,-0.0187279265374,0.0357607342303,-0.0161761678755,-0.0662861019373,0.143280491233,-0.0856677219272,0.011444398202],[0.00045534747187,-0.00241990247741,0.00720771402121,-0.00481164595112,0.000376777781639,-0.0118476944044,0.0237868092954,-0.0335469096899,0.0439886786044,-0.0178614668548,-0.0856677219272,0.15243819356,-0.0749498829246],[-0.000120076168969,0.000476115063066,-0.00523340050131,0.00554638681933,-0.000520973815583,0.00334491278045,-0.0164630804211,0.0203990973532,-0.0218480601907,0.0229048561305,0.011444398202,-0.0749498829246,0.074189029634]],"mean":[-780.869689941,184.312774658,58.0550193787,35.4369812012,12.2105360031,3.68323683739,0.876890480518,3.72965049744,4.73525619507,5.07937240601,0.774211406708,-1.14439868927,-3.58088159561]},"pitch_salience":{"dmean":0.0863625481725,"dmean2":0.143064603209,"dvar":0.0047621158883,"dvar2":0.0127213904634,"max":0.832833826542,"mean":0.471622020006,"median":0.481738328934,"min":0.0891971886158,"var":0.0175201240927},"silence_rate_20dB":{"dmean":0.00718685844913,"dmean2":0.0143810994923,"dvar":0.00713517330587,"dvar2":0.0152015956119,"max":1,"mean":0.990251421928,"median":1,"min":0,"var":0.00965344719589},"silence_rate_30dB":{"dmean":0.0698151960969,"dmean2":0.139702111483,"dvar":0.0649414658546,"dvar2":0.151003077626,"max":1,"mean":0.732683420181,"median":1,"min":0,"var":0.195858627558},"silence_rate_60dB":{"dmean":0.00821355264634,"dmean2":0.0159219317138,"dvar":0.00814608484507,"dvar2":0.0177223160863,"max":1,"mean":0.0584915354848,"median":0,"min":0,"var":0.0550675652921},"spectral_centroid":{"dmean":70.488822937,"dmean2":117.864906311,"dvar":35464.421875,"dvar2":73436.03125,"max":11736.4707031,"mean":402.891693115,"median":281.758300781,"min":122.0258255,"var":622651.625},"spectral_complexity":{"dmean":1.5462012291,"dmean2":2.64047241211,"dvar":3.15033769608,"dvar2":7.8142209053,"max":51,"mean":8.67213916779,"median":7,"min":0,"var":59.1993331909},"spectral_contrast_coeffs":{"dmean":[0.0569570288062,0.052161552012,0.0484420917928,0.0294128097594,0.0230006556958,0.018996341154],"dmean2":[0.0957673117518,0.0878436714411,0.080064766109,0.0504538938403,0.0385445058346,0.0305849034339],"dvar":[0.00193677900825,0.00164361868519,0.00155056617223,0.00074394675903,0.000500531808939,0.00032393654692],"dvar2":[0.00557115161791,0.00471296021715,0.00414241617545,0.0019740818534,0.00127828936093,0.000768032157794],"max":[-0.206134915352,-0.506422996521,-0.483557134867,-0.67854642868,-0.718405485153,-0.646517157555],"mean":[-0.643944144249,-0.756533801556,-0.809505462646,-0.921050906181,-0.919268727303,-0.858982920647],"median":[-0.649382650852,-0.762205481529,-0.814849793911,-0.946745574474,-0.947511851788,-0.86339610815],"min":[-0.974323809147,-0.974431157112,-0.97020637989,-0.989964127541,-0.97929251194,-0.963966846466],"var":[0.0100140981376,0.00511218747124,0.00621027918532,0.00453472090885,0.00384829938412,0.00140406878199]},"spectral_contrast_valleys":{"dmean":[0.379176020622,0.382885992527,0.575852870941,0.735634565353,0.698260903358,0.599230527878],"dmean2":[0.634525835514,0.63003218174,0.932256281376,1.216406703,1.14067196846,0.942257523537],"dvar":[0.14419208467,0.161448672414,0.307921618223,0.510498285294,0.451091229916,0.287068605423],"dvar2":[0.301123946905,0.357178121805,0.775138437748,1.32292985916,1.16168105602,0.729588866234],"max":[-4.81165027618,-5.03173398972,-5.86979722977,-5.81033039093,-5.90420103073,-8.67707824707],"mean":[-6.81660270691,-6.922539711,-8.2924413681,-8.74354553223,-8.90564441681,-11.1906671524],"median":[-6.5218462944,-6.64179182053,-8.08937072754,-8.53479862213,-8.66015148163,-10.95063591],"min":[-27.8017997742,-27.6562004089,-27.594783783,-27.6261787415,-27.5216884613,-27.3301353455],"var":[3.26854014397,3.02757048607,3.02138662338,3.5856654644,3.07612061501,2.28735470772]},"spectral_decrease":{"dmean":6.63153576497e-9,"dmean2":1.06921778098e-8,"dvar":1.29981308572e-16,"dvar2":3.64287165395e-16,"max":9.45547498077e-8,"mean":-7.35388638873e-9,"median":-3.46748296742e-9,"min":-1.22551455206e-7,"var":1.8492538448e-16},"spectral_energy":{"dmean":0.0255818422884,"dmean2":0.041986297816,"dvar":0.00196035043336,"dvar2":0.00571407005191,"max":0.779864192009,"mean":0.0758314207196,"median":0.056217674166,"min":1.01679504665e-20,"var":0.00560898985714},"spectral_energyband_high":{"dmean":0.0000746470468584,"dmean2":0.000114953800221,"dvar":4.46109353902e-8,"dvar2":8.60451478957e-8,"max":0.00754913780838,"mean":0.000192604507902,"median":0.0000267461637122,"min":7.53747330556e-21,"var":2.89299663336e-7},"spectral_energyband_low":{"dmean":0.0199245307595,"dmean2":0.0332581736147,"dvar":0.00136882066727,"dvar2":0.00394306425005,"max":0.596378266811,"mean":0.0385274291039,"median":0.0217065233737,"min":3.70042659953e-23,"var":0.00255572702736},"spectral_energyband_middle_high":{"dmean":0.000384621525882,"dmean2":0.000616875302512,"dvar":0.00000116901935598,"dvar2":0.00000288093406198,"max":0.028807695955,"mean":0.00104263762478,"median":0.000109774147859,"min":1.3116016919e-21,"var":0.00000694562550052},"spectral_energyband_middle_low":{"dmean":0.00808407086879,"dmean2":0.0138969291002,"dvar":0.000333321891958,"dvar2":0.000955656345468,"max":0.448726981878,"mean":0.0157132148743,"median":0.00994495302439,"min":1.71238137671e-22,"var":0.000439585302956},"spectral_entropy":{"dmean":0.503795683384,"dmean2":0.820457160473,"dvar":0.199991032481,"dvar2":0.54847151041,"max":9.82155895233,"mean":6.46627235413,"median":6.47774934769,"min":4.11924743652,"var":0.620929598808},"spectral_flux":{"dmean":0.0300171524286,"dmean2":0.0499316677451,"dvar":0.00134957686532,"dvar2":0.00345391221344,"max":0.663110494614,"mean":0.124958522618,"median":0.115005046129,"min":6.30716867622e-11,"var":0.00611739698797},"spectral_kurtosis":{"dmean":15.3766641617,"dmean2":25.6724643707,"dvar":603.29498291,"dvar2":1748.10437012,"max":263.090454102,"mean":27.72615242,"median":20.10414505,"min":-1.24825632572,"var":667.856018066},"spectral_rms":{"dmean":0.00126540719066,"dmean2":0.00203983904794,"dvar":0.00000225745407079,"dvar2":0.00000637137964077,"max":0.0275833848864,"mean":0.00762691022828,"median":0.00740584312007,"min":3.14959560169e-12,"var":0.000015811965568},"spectral_rolloff":{"dmean":2673.16772461,"dmean2":5299.04785156,"dvar":47719224,"dvar2":126340744,"max":22028.4667969,"mean":19548.4140625,"median":21920.8007812,"min":86.1328125,"var":43803512},"spectral_skewness":{"dmean":1.11943614483,"dmean2":1.82300055027,"dvar":1.76559090614,"dvar2":5.06516933441,"max":14.3768701553,"mean":4.05405521393,"median":3.63171505928,"min":-0.0724218264222,"var":2.81919288635},"spectral_spread":{"dmean":1028216.5,"dmean2":1627556.875,"dvar":1270739763200,"dvar2":2983624704000,"max":42296272,"mean":4408814,"median":4115225.75,"min":889100.5,"var":8336947281920},"spectral_strongpeak":{"dmean":24.8115024567,"dmean2":45.0085830688,"dvar":2237.37084961,"dvar2":5800.29345703,"max":458.905273438,"mean":23.9947872162,"median":0.555331647396,"min":0,"var":2686.32739258},"zerocrossingrate":{"dmean":0.0664095059037,"dmean2":0.0833709537983,"dvar":0.00301008531824,"dvar2":0.00499488180503,"max":0.8515625,"mean":0.386002480984,"median":0.3779296875,"min":0.02001953125,"var":0.0186400674284}},"metadata":{"audio_properties":{"analysis_sample_rate":44100,"bit_rate":320000,"codec":"mp3","downmix":"mix","equal_loudness":0,"length":45.2190246582,"lossless":false,"md5_encoded":"e9c9eaff7c1dda65687b914ae2bcb1f4","replay_gain":0.33065032959,"sample_rate":44100},"tags":{"album":["Born Again"],"albumartist":["Black Sabbath"],"albumartistsort":["Black Sabbath","Black Sabbath"],"artist":["Black Sabbath"],"artistsort":["Black Sabbath"],"composer":["Black Sabbath"],"date":["1983"],"discnumber":["1/1"],"file_name":"04. Black Sabbath - The Dark.mp3","genre":["Ambient"],"label":["Earmark"],"language":["eng"],"musicbrainz album release country":["GB"],"musicbrainz album status":["official"],"musicbrainz album type":["album"],"musicbrainz_albumartistid":["5182c1d9-c7d2-4dad-afa0-ccfeada921a8"],"musicbrainz_albumid":["ab9e6b45-9967-4f1a-8acb-14250f7932f0"],"musicbrainz_artistid":["5182c1d9-c7d2-4dad-afa0-ccfeada921a8"],"musicbrainz_recordingid":["7d762ce3-794c-4f77-9fc6-d065f2cfeed3"],"script":["Latn"],"title":["The Dark"],"tracknumber":["4/9"]},"version":{"essentia":"2.1-beta1","essentia_build_sha":"ca57ba49d9b1854bd80e60cf9ccf267278fb7d6b","essentia_git_sha":"v2.1_beta1-28-g21ef5f4-dirty","extractor":"music 1.0"}},"rhythm":{"beats_count":107,"beats_loudness":{"dmean":0.0465178191662,"dmean2":0.0763905420899,"dvar":0.00209019915201,"dvar2":0.00557203497738,"max":0.283351421356,"mean":0.0770555734634,"median":0.0623135194182,"min":8.61906471528e-7,"var":0.00367165124044},"beats_loudness_band_ratio":{"dmean":[0.182712867856,0.0711837485433,0.035022277385,0.00574719673023,0.00228091701865,0.153448596597],"dmean2":[0.306717067957,0.119246244431,0.0580197907984,0.00998060032725,0.00373023794964,0.259881615639],"dvar":[0.0195643026382,0.00532521912828,0.00318700703792,0.000125202495838,0.0000323312815453,0.0137604139745],"dvar2":[0.0531006492674,0.0128318341449,0.00909080542624,0.000356249016477,0.0000640196012682,0.0430017597973],"max":[0.935466647148,0.461251705885,0.336928784847,0.0929810553789,0.0666698440909,0.867565751076],"mean":[0.517186701298,0.101655229926