{"lowlevel":{"average_loudness":0.894461631775,"barkbands":{"dmean":[0.0000240454210143,0.000924914027564,0.0013075118186,0.00214371387847,0.00257587200031,0.00116408267058,0.000675133545883,0.000789629179053,0.000537448911928,0.000535011698958,0.000201870163437,0.000166825353517,0.0002485413861,0.000245631788857,0.000193581072381,0.000145218989928,0.000140426127473,0.000217570122913,0.000156301204697,0.000180087867193,0.000150938896695,0.000117826100904,0.0000575810299779,0.0000375288000214,0.0000192980969587,0.00000333396769747,1.03239059968e-7],"dmean2":[0.0000394141025026,0.00150012061931,0.00212601362728,0.00367870531045,0.00408962648362,0.00180508743506,0.00110415753443,0.00121666525956,0.000838656618726,0.000874350313097,0.000322920881445,0.000272205215879,0.000390664674342,0.000395216600737,0.0003047476348,0.00021766955615,0.000214085361222,0.000332357245497,0.000233947401284,0.000267380819423,0.000218476037844,0.000161807547556,0.0000775231455918,0.0000533754428034,0.0000268522762781,0.00000445028717877,1.53254688939e-7],"dvar":[7.63122454117e-9,0.00000258520435636,0.00000532594185643,0.0000123336285469,0.0000207781358768,0.00000340515407515,0.00000220754736802,0.00000271150452136,0.00000161134039445,0.00000340463225257,1.67957026065e-7,1.26020680113e-7,5.61610534078e-7,6.68129700898e-7,1.99591781325e-7,1.37446534154e-7,8.88028210966e-8,2.17952788262e-7,1.54337527647e-7,1.6555809168e-7,2.56352336692e-7,1.79921499921e-7,4.3487169421e-8,2.04553423089e-8,1.13684608394e-8,6.04820138417e-10,3.3791876632e-13],"dvar2":[1.76891461479e-8,0.00000610754204899,0.0000135088075695,0.0000363902290701,0.0000521694419149,0.00000850167543831,0.00000573715988139,0.00000616698889644,0.00000392399351767,0.00000876664034877,3.94731870301e-7,3.27507336806e-7,0.00000158109310178,0.00000173786270352,4.90837521738e-7,3.33481239068e-7,2.0808747081e-7,5.13576196681e-7,3.52195968389e-7,3.64729345392e-7,6.25723316716e-7,3.67078371255e-7,8.10959122077e-8,4.74808850015e-8,2.0709441273e-8,1.02320063533e-9,7.51263038324e-13],"max":[0.00124140514527,0.0231403410435,0.034841965884,0.051934055984,0.0707642883062,0.0313893556595,0.0433088392019,0.0334190241992,0.0313239358366,0.0513311289251,0.010947804898,0.00639788620174,0.0251784063876,0.0171169228852,0.013520614244,0.0148991215974,0.00593489781022,0.00728062959388,0.0120868897066,0.00622696755454,0.012083042413,0.0108846947551,0.00749901961535,0.00593703845516,0.00510093197227,0.00122664927039,0.0000227146210818],"mean":[0.0000222347716772,0.00139571412001,0.00259705935605,0.0033772427123,0.00442812032998,0.00252396008,0.0011799215572,0.00146050588228,0.000875010562595,0.000696255418006,0.000355819327524,0.000285076297587,0.000476106913993,0.000382513419027,0.000334594078595,0.000258890271652,0.000242150461418,0.000384257524274,0.00027162610786,0.000300221407088,0.000222748130909,0.000166332989465,0.0000888709910214,0.0000593669465161,0.0000293160810543,0.00000482737823404,2.30285166936e-7],"median":[0.00000291159039989,0.000551567936782,0.00135356059764,0.00180404016282,0.00235679885373,0.00126347364858,0.000641456339508,0.000728211831301,0.000260842498392,0.00012922444148,0.000141722965054,0.000128112820676,0.000205566524528,0.000117190385936,0.000126003054902,0.0000874463294167,0.0000872159871506,0.000138921139296,0.000090388028184,0.0000943717095652,0.000057463075791,0.0000291635842586,0.0000155047146109,0.0000154729896167,0.0000056707267504,7.70488838953e-7,1.36008836193e-7],"min":[3.27269497546e-25,5.09127160026e-24,1.03718534489e-24,1.08040101882e-24,8.49104792603e-24,7.38786933743e-24,6.61352899489e-24,3.73559165211e-24,1.76853069734e-23,1.04804139229e-23,1.17420391686e-23,3.04124243645e-23,3.50804993048e-23,4.55587399159e-23,3.41199948883e-23,4.44912628053e-23,8.18053744315e-23,8.68017417261e-23,1.30542242452e-22,1.67669179474e-22,2.61875769191e-22,2.89668967091e-22,3.30619733801e-22,5.40955017003e-22,8.61543242123e-22,1.32501641675e-21,1.81499925578e-21],"var":[7.35977501165e-9,0.00000519432614965,0.0000128851852423,0.000019518798581,0.0000357460667146,0.0000105402150439,0.00000348727508026,0.00000555138376512,0.00000338103996,0.00000459378497908,3.82971137469e-7,1.93789759351e-7,0.00000122732330965,9.83026552603e-7,4.1140282292e-7,3.24583254496e-7,1.9095361381e-7,4.33078952256e-7,2.84135921902e-7,2.88522471692e-7,2.92609996677e-7,3.27363807173e-7,1.17266054644e-7,3.40933787868e-8,2.31679013751e-8,1.20054166608e-9,5.21671031026e-13]},"barkbands_crest":{"dmean":2.19503378868,"dmean2":3.53757214546,"dvar":3.81262087822,"dvar2":10.0899991989,"max":25.8272666931,"mean":9.47297382355,"median":8.9100933075,"min":2.34266114235,"var":11.5682907104},"barkbands_flatness_db":{"dmean":0.0195281840861,"dmean2":0.0295258276165,"dvar":0.000362259073881,"dvar2":0.000765452103224,"max":0.339523345232,"mean":0.148747727275,"median":0.1421867311,"min":0.0149626489729,"var":0.0019367558416},"barkbands_kurtosis":{"dmean":2.77080464363,"dmean2":4.33989238739,"dvar":23.3439865112,"dvar2":58.4401168823,"max":165.432312012,"mean":5.21222829819,"median":3.09619927406,"min":-1.9062666893,"var":60.3990402222},"barkbands_skewness":{"dmean":0.476868778467,"dmean2":0.740902483463,"dvar":0.258516430855,"dvar2":0.611838102341,"max":12.676279068,"mean":1.79434132576,"median":1.69939351082,"min":-2.22614121437,"var":1.24713587761},"barkbands_spread":{"dmean":4.91517305374,"dmean2":7.23002481461,"dvar":39.7028236389,"dvar2":76.3386230469,"max":115.347953796,"mean":18.1183223724,"median":15.3321590424,"min":1.84863126278,"var":152.671127319},"dissonance":{"dmean":0.017882887274,"dmean2":0.0297017898411,"dvar":0.000319969520206,"dvar2":0.000855919497553,"max":0.500000119209,"mean":0.4593090415,"median":0.465360999107,"min":0.168772652745,"var":0.000786242890172},"dynamic_complexity":2.90152168274,"erbbands":{"dmean":[0.0169910583645,0.25637575984,1.3690353632,4.01992607117,9.69982814789,7.18926954269,8.80207538605,8.8468580246,8.82274341583,13.3626508713,14.7690649033,11.3933429718,14.5150852203,12.4328861237,8.24481773376,5.94539260864,8.99304676056,12.4660263062,9.36545944214,8.52010250092,8.68480300903,8.1631937027,12.4537286758,6.32347774506,9.55488586426,8.87449741364,5.97014570236,6.19696044922,4.74384880066,2.55297589302,1.46737146378,0.893857598305,0.577332556248,0.287325292826,0.0995873734355,0.0264121219516,0.00379551085643,0.00036341152736,0.0000222691087401,0.00000872163036547],"dmean2":[0.0265986490995,0.42256373167,2.24398589134,6.79740047455,15.8103914261,11.6911315918,13.6090364456,13.9227132797,15.0563468933,20.6889076233,22.3303413391,17.5839309692,23.735502243,19.8260211945,13.3202838898,9.55669975281,14.1174793243,19.8863868713,14.41796875,13.3793773651,12.9037427902,12.2703905106,19.0569190979,9.24518585205,14.3560266495,13.2333202362,8.71149253845,8.91202640533,6.65094804764,3.41647529602,1.98435711861,1.22882401943,0.842770159245,0.406502246857,0.135895907879,0.0351276807487,0.0053268824704,0.000527019030415,0.0000315694560413,0.0000128626525111],"dvar":[0.00257407873869,0.186522454023,6.23877000809,38.0911102295,326.406921387,197.382400513,256.533813477,242.251953125,401.347625732,692.640563965,867.871154785,726.702392578,2720.15185547,1699.09729004,216.232192993,188.162506104,758.808532715,1298.12585449,730.641235352,522.445922852,438.413574219,280.288848877,730.603515625,162.980453491,615.395935059,431.667144775,412.278106689,416.203186035,306.060333252,85.1633300781,26.3899345398,10.3631982803,5.47234201431,2.33782601357,0.371740549803,0.038167912513,0.000826216826681,0.00000865292167873,1.27712800335e-8,2.04055147779e-10],"dvar2":[0.00562638835981,0.457236915827,15.4602556229,108.476570129,808.022277832,526.556640625,667.033691406,624.77734375,1126.64440918,1632.03271484,1986.4083252,1714.16906738,7192.80126953,4268.39599609,552.579040527,469.748718262,2241.46875,3413.20800781,1691.7767334,1328.71508789,1033.41235352,626.967773438,1734.32507324,344.866729736,1447.08728027,978.262329102,1042.64453125,952.394348145,659.382446289,159.256591797,46.7600135803,21.2935504913,13.1339483261,4.85904836655,0.568623960018,0.0624198764563,0.00144970230758,0.000016882957425,2.57432031248e-8,4.34548425021e-10],"max":[0.852140367031,6.46326255798,42.5328330994,94.9424972534,278.812561035,243.114273071,324.467071533,274.329742432,601.831665039,485.869018555,722.801696777,775.569580078,2021.80078125,856.566101074,218.491134644,301.549560547,959.044677734,797.336608887,950.485656738,812.389648438,801.243835449,247.627090454,403.709014893,303.574523926,539.073181152,290.874511719,550.517822266,634.20513916,432.41998291,289.448394775,206.988388062,120.635940552,93.4001922607,88.5153121948,25.9685668945,10.2640972137,1.17470777035,0.142562761903,0.00504126166925,0.000274249381619],"mean":[0.022084614262,0.405686616898,2.64005804062,7.8875079155,15.1450786591,12.3438558578,18.2671661377,18.4812679291,15.8397188187,23.219751358,30.7225532532,19.9751148224,21.6234970093,18.0422019958,15.3163890839,11.1728658676,17.5457782745,22.9403877258,17.4782390594,15.0201292038,16.2162532806,15.0221624374,22.1913471222,13.0565357208,16.5266990662,14.5630111694,9.14239025116,8.89088344574,6.6114563942,3.7484023571,2.34888219833,1.47302472591,0.85373800993,0.42426264286,0.153449162841,0.0386179313064,0.00581359490752,0.00059643923305,0.0000555468941457,0.0000294606270472],"median":[0.00716653140262,0.175174668431,1.35193765163,5.05727720261,6.59736919403,6.70673704147,9.8810377121,9.00605583191,10.0099039078,10.0057010651,17.7959480286,7.10898303986,5.26325511932,5.11425304413,7.35862255096,5.69010639191,7.96478033066,9.5648727417,7.12793922424,5.68307971954,5.78388023376,5.95867824554,8.46747493744,5.36915969849,5.30965423584,4.47822093964,2.70973825455,2.07294368744,1.19249534607,0.596508920193,0.428278118372,0.350390404463,0.209124565125,0.0899587422609,0.0254705548286,0.00597912119702,0.00101431587245,0.000154798603035,0.0000338867321261,0.0000244647671934],"min":[2.1951812901e-22,1.10163928116e-21,1.31002760516e-21,5.00053662015e-21,9.26671537874e-21,2.49639958474e-20,6.16413441511e-20,3.32211437508e-20,1.11139935404e-19,1.02564553993e-19,1.78136834582e-19,4.30679986979e-19,3.31960323569e-19,2.91217620046e-19,1.11385742463e-18,1.2407806382e-18,2.09831443654e-18,2.350244493e-18,2.2674774213e-18,2.04174376124e-18,3.20097307644e-18,5.18425729545e-18,4.29941681753e-18,6.63712600874e-18,6.33847410294e-18,7.11037258079e-18,8.94316410865e-18,1.04731438394e-17,1.00525944626e-17,9.39126687163e-18,1.05486844545e-17,1.05233313687e-17,1.02847633811e-17,7.46443814301e-18,6.74306757928e-18,4.1885766834e-18,2.21845559627e-18,9.338260104e-19,2.64503925561e-19,2.67600699135e-20],"var":[0.0032969918102,0.390366047621,14.8142871857,77.1548919678,594.3671875,282.014923096,533.660217285,587.937438965,502.314849854,1394.49279785,1800.10144043,1618.50805664,4087.82275391,2571.13647461,445.819366455,303.017700195,1558.52819824,2127.38818359,1632.65783691,965.831359863,1105.94726562,608.635803223,1427.15979004,427.880950928,1035.77282715,697.104675293,453.896820068,547.632080078,502.138214111,191.457809448,80.4831695557,22.7255153656,7.91027164459,4.15224123001,0.835612714291,0.0750636011362,0.00174699327908,0.0000176838839252,2.33689547713e-8,5.21352405691e-10]},"erbbands_crest":{"dmean":2.1332719326,"dmean2":3.38517069817,"dvar":4.54266119003,"dvar2":11.0438098907,"max":27.2709026337,"mean":8.13567829132,"median":7.27757406235,"min":2.25532197952,"var":13.3513202667},"erbbands_flatness_db":{"dmean":0.0136381201446,"dmean2":0.0200939383358,"dvar":0.000171097635757,"dvar2":0.000369570567273,"max":0.286653965712,"mean":0.165408596396,"median":0.163381427526,"min":0.0370180010796,"var":0.00117986334953},"erbbands_kurtosis":{"dmean":0.669678032398,"dmean2":1.0425606966,"dvar":0.813473463058,"dvar2":1.79810595512,"max":25.582901001,"mean":-0.0226556621492,"median":-0.462017536163,"min":-1.75662112236,"var":2.3410859108},"erbbands_skewness":{"dmean":0.328903347254,"dmean2":0.487210720778,"dvar":0.104750834405,"dvar2":0.213805377483,"max":3.76893544197,"mean":0.388548105955,"median":0.390433073044,"min":-3.10784864426,"var":0.500819027424},"erbbands_spread":{"dmean":7.42921257019,"dmean2":11.3396568298,"dvar":65.9970474243,"dvar2":151.025772095,"max":149.823623657,"mean":41.5238227844,"median":39.495349884,"min":6.04616689682,"var":289.384216309},"gfcc":{"cov":[[26709.6777344,1796.76953125,-3474.35717773,1147.91931152,-1727.2265625,89.4964370728,-954.173034668,136.590164185,-593.904602051,-148.741851807,-258.438568115,-398.032531738,-179.352661133],[1796.76953125,1115.02124023,-281.146820068,-258.747741699,157.889480591,-151.103683472,17.3700733185,-77.2361297607,25.942899704,-36.2972450256,42.6069068909,-43.9257049561,6.44178628922],[-3474.35717773,-281.146820068,902.680358887,-68.5890579224,166.690475464,102.0364151,95.6485519409,-17.3119087219,66.0242004395,43.6569709778,13.9692697525,57.6353645325,-43.2633628845],[1147.91931152,-258.747741699,-68.5890579224,438.83480835,-82.6724700928,37.7528114319,-52.5459632874,4.3736577034,-12.1666479111,-8.65760993958,-31.8662891388,-1.04587256908,10.3966579437],[-1727.2265625,157.889480591,166.690475464,-82.6724700928,330.565216064,-54.0566596985,88.9995727539,-24.0420722961,64.3214035034,1.42003762722,27.8288707733,29.6856822968,40.1211662292],[89.4964370728,-151.103683472,102.0364151,37.7528114319,-54.0566596985,172.847381592,30.8609085083,24.3318500519,-12.5756874084,13.8410778046,-12.255563736,-5.2404294014,-17.21276474],[-954.173034668,17.3700733185,95.6485519409,-52.5459632874,88.9995727539,30.8609085083,156.310028076,18.0651931763,25.775560379,9.0374917984,8.98752880096,12.8944540024,23.144115448],[136.590164185,-77.2361297607,-17.3119087219,4.3736577034,-24.0420722961,24.3318500519,18.0651931763,129.228134155,1.99214076996,7.45833158493,13.0543241501,-24.331867218,-9.42540740967],[-593.904602051,25.942899704,66.0242004395,-12.1666479111,64.3214035034,-12.5756874084,25.775560379,1.99214076996,99.0857696533,29.6383361816,10.2126188278,9.67808628082,4.20811605453],[-148.741851807,-36.2972450256,43.6569709778,-8.65760993958,1.42003762722,13.8410778046,9.0374917984,7.45833158493,29.6383361816,67.2637176514,13.7906742096,-3.17928433418,-14.0077867508],[-258.438568115,42.6069068909,13.9692697525,-31.8662891388,27.8288707733,-12.255563736,8.98752880096,13.0543241501,10.2126188278,13.7906742096,72.5169906616,12.3191576004,1.21735203266],[-398.032531738,-43.9257049561,57.6353645325,-1.04587256908,29.6856822968,-5.2404294014,12.8944540024,-24.331867218,9.67808628082,-3.17928433418,12.3191576004,81.1790924072,41.680683136],[-179.352661133,6.44178628922,-43.2633628845,10.3966579437,40.1211662292,-17.21276474,23.144115448,-9.42540740967,4.20811605453,-14.0077867508,1.21735203266,41.680683136,87.8248901367]],"icov":[[0.000866661022883,-0.00256200507283,0.00192923482973,-0.00236507691443,0.00239908811636,-0.0021445073653,0.00246041780338,-0.00202089804225,0.00238214829005,-0.0020990264602,0.00232428545132,-0.00189785170369,0.00122612214182],[-0.00256200507283,0.00914527475834,-0.00509644579142,0.00776234827936,-0.00771797169,0.00675807800144,-0.00746181374416,0.00707631511614,-0.00758257228881,0.00711348326877,-0.00773099949583,0.0067472467199,-0.00335324928164],[0.00192923482973,-0.00509644579142,0.00624192971736,-0.00486979400739,0.004152612295,-0.00572468945757,0.00506477430463,-0.00398462591693,0.0047063450329,-0.00470667053014,0.00517443055287,-0.00569436931983,0.00483814394102],[-0.00236507691443,0.00776234827936,-0.00486979400739,0.00943079590797,-0.00653052981943,0.00534099433571,-0.00589588610455,0.00588812725618,-0.00713474769145,0.00631319079548,-0.00591489067301,0.005637163762,-0.00394332967699],[0.00239908811636,-0.00771797169,0.004152612295,-0.00653052981943,0.0121172592044,-0.00424487050623,0.00470249401405,-0.00509117962793,0.00462890323251,-0.00496023567393,0.00543863559142,-0.00463215541095,0.00124105811119],[-0.0021445073653,0.00675807800144,-0.00572468945757,0.00534099433571,-0.00424487050623,0.0134928198531,-0.00852397456765,0.0043309382163,-0.00465431204066,0.00406262092292,-0.00491913314909,0.0051023052074,-0.00251502078027],[0.00246041780338,-0.00746181374416,0.00506477430463,-0.00589588610455,0.00470249401405,-0.00852397456765,0.0162848178297,-0.0073018358089,0.00608155783266,-0.0065025924705,0.00688199046999,-0.00517949135974,0.000905022316147],[-0.00202089804225,0.00707631511614,-0.00398462591693,0.00588812725618,-0.00509117962793,0.0043309382163,-0.0073018358089,0.0146372541785,-0.00662660505623,0.00565385026857,-0.00858738552779,0.00855129305273,-0.00335623580031],[0.00238214829005,-0.00758257228881,0.0047063450329,-0.00713474769145,0.00462890323251,-0.00465431204066,0.00608155783266,-0.00662660505623,0.0207174252719,-0.0122559191659,0.00724891433492,-0.00654715904966,0.00330253085122],[-0.0020990264602,0.00711348326877,-0.00470667053014,0.00631319079548,-0.00496023567393,0.00406262092292,-0.0065025924705,0.00565385026857,-0.0122559191659,0.0249730478972,-0.00963514298201,0.00601499853656,-0.000642351631541],[0.00232428545132,-0.00773099949583,0.00517443055287,-0.00591489067301,0.00543863559142,-0.00491913314909,0.00688199046999,-0.00858738552779,0.00724891433492,-0.00963514298201,0.0231778454036,-0.00972891505808,0.00479082902893],[-0.00189785170369,0.0067472467199,-0.00569436931983,0.005637163762,-0.00463215541095,0.0051023052074,-0.00517949135974,0.00855129305273,-0.00654715904966,0.00601499853656,-0.00972891505808,0.0254031568766,-0.0130923846737],[0.00122612214182,-0.00335324928164,0.00483814394102,-0.00394332967699,0.00124105811119,-0.00251502078027,0.000905022316147,-0.00335623580031,0.00330253085122,-0.000642351631541,0.00479082902893,-0.0130923846737,0.021214146167]],"mean":[-41.6638412476,114.096557617,-120.249038696,38.3432807922,-61.9965744019,1.45885694027,-39.2808074951,-2.06818366051,-24.3895988464,-4.24976730347,-13.280049324,-12.1249542236,-11.7016887665]},"hfc":{"dmean":5.66630220413,"dmean2":7.55210781097,"dvar":159.442886353,"dvar2":334.918884277,"max":261.200042725,"mean":15.8349237442,"median":10.3129501343,"min":1.07770721649e-16,"var":343.124755859},"melbands":{"dmean":[0.000190483071492,0.000574318051804,0.000854900456034,0.000630942289717,0.000284428446321,0.000203625662834,0.000134938833071,0.000159074523253,0.000112946647278,0.0000743009368307,0.0000760841940064,0.0000550573276996,0.0000279048308585,0.0000206300264836,0.0000141026275742,0.000027033571314,0.0000246012623393,0.0000170453822648,0.0000147989430843,0.00000889056082087,0.0000104404871308,0.00000746222804082,0.0000115725842988,0.0000112715433715,0.00000476689547213,0.00000697604946254,0.00000715116084393,0.0000057748029576,0.0000038504490476,0.00000359031218977,0.00000378977892979,0.00000303469050777,0.00000181952509593,0.0000013511872794,9.42941710491e-7,6.20160790277e-7,5.40348651157e-7,4.41106294602e-7,3.37009055329e-7,2.19242437538e-7],"dmean2":[0.000304302811855,0.000938467972446,0.00143810047302,0.00101854128297,0.000441289739683,0.00031874384149,0.000227084747166,0.000246555835474,0.000171647669049,0.000115495407954,0.00012459338177,0.0000881617379491,0.00004455200542,0.0000334734104399,0.0000225050662266,0.000042566585762,0.0000396589202865,0.0000264170575974,0.0000233855971601,0.0000136290163937,0.0000157212962222,0.0000114098538688,0.0000177946240001,0.0000173894495674,0.0000071245590334,0.00001066893401,0.0000108333315438,0.00000864447429194,0.00000574934756514,0.00000527699603481,0.00000554803727937,0.00000444672787125,0.00000248751325671,0.00000189630441128,0.0000013002028254,8.68627978434e-7,7.65547952142e-7,6.5956862727e-7,4.96991447108e-7,3.0573610843e-7],"dvar":[1.55415847303e-7,0.00000104436173842,0.00000183404677045,0.00000136908136028,2.68302414952e-7,1.21509756923e-7,9.09181636644e-8,9.92970825564e-8,4.93688716574e-8,3.53019764532e-8,7.22190520719e-8,3.52948426041e-8,2.46299003415e-9,1.72636682727e-9,1.04580855087e-9,8.60727933372e-9,5.25785592842e-9,3.25989391037e-9,1.25094823389e-9,6.00221761182e-10,5.84064907549e-10,2.44322756471e-10,7.66829766352e-10,5.68097568987e-10,9.916273358e-11,4.32539615236e-10,2.74661487998e-10,1.95278793136e-10,1.42487244226e-10,1.65810712383e-10,1.78751652369e-10,1.30429139711e-10,4.57703250301e-11,2.71439554861e-11,1.11644981454e-11,5.65323352367e-12,3.35866512553e-12,3.38169878385e-12,2.36891626107e-12,1.40114417464e-12],"dvar2":[3.50299615093e-7,0.00000259695730165,0.00000510782865604,0.00000346955607711,7.03604257524e-7,3.1067381201e-7,2.49197029234e-7,2.3114864689e-7,1.14561302667e-7,8.40697467197e-8,1.910089793e-7,8.92857912049e-8,6.00689631369e-9,4.4530579224e-9,2.60839594368e-9,2.48410518822e-8,1.38395916949e-8,7.71711761161e-9,3.15094283998e-9,1.53956825066e-9,1.36014177698e-9,5.57886348229e-10,1.83101755979e-9,1.31949406956e-9,2.2160437374e-10,1.03389863337e-9,6.35994534814e-10,4.43941550188e-10,3.50687728856e-10,4.25411483818e-10,4.07245154266e-10,2.86789536563e-10,9.31075286315e-11,5.51922743619e-11,2.08949246794e-11,1.0835960601e-11,7.23759767396e-12,8.52738712975e-12,5.59462285527e-12,2.60324596081e-12],"max":[0.00664398632944,0.0171921309084,0.0187453497201,0.0184653047472,0.0105674834922,0.0060761841014,0.00942261517048,0.00672446144745,0.00531554035842,0.00561960693449,0.0100052729249,0.00356234284118,0.000801168847829,0.000660758349113,0.000745330180507,0.00325875962153,0.00172971619759,0.00175095745362,0.00130739156157,0.000897380232345,0.000755165470764,0.000282969005639,0.000410698761698,0.000533685553819,0.000294688914437,0.000715866859537,0.000278993102256,0.000217086853809,0.000305019610096,0.000332979339873,0.000523492402863,0.000314712582622,0.000157752350788,0.000179409878911,0.000147519356688,0.0000748806633055,0.0000669644068694,0.000077853212133,0.0000864588437253,0.0000637003176962],"mean":[0.000282592489384,0.00108889059629,0.00158767716493,0.0010442500934,0.000603574968409,0.000434758199845,0.000241674395511,0.000278000399703,0.000229891433264,0.000123086938402,0.000109848449938,0.0000754380307626,0.0000508568882651,0.0000364463667211,0.0000252888821706,0.0000495313106512,0.0000424596219091,0.0000290479401883,0.0000247929547186,0.0000158175516844,0.0000186828729056,0.0000132181903609,0.0000191959916265,0.0000197043009393,0.0000089500017566,0.000011222973626,0.0000122430010379,0.00000888481281436,0.00000569755911783,0.00000503903675053,0.00000526025360159,0.00000404567208534,0.00000253709185927,0.00000192074503502,0.0000014319401771,0.00000102107492239,8.44772785058e-7,6.26450912478e-7,4.68495045425e-7,3.18120100928e-7],"median":[0.000111488821858,0.000566818460356,0.000985913560726,0.000521247158758,0.000354347837856,0.000214069179492,0.000146237318404,0.000133013352752,0.000129405467305,0.0000350821392203,0.0000252722948062,0.000019400526071,0.0000234709168581,0.0000164842494996,0.00001259059718,0.0000179612488864,0.0000169376671693,0.0000107752512122,0.00000865582478582,0.00000557535440748,0.00000619561569692,0.00000490627462568,0.00000694396794643,0.00000692669482305,0.00000328232272295,0.00000333119578499,0.00000379779157811,0.0000025697622732,0.00000160706281349,0.00000112749455639,0.00000110938049147,6.81956009885e-7,3.69500128272e-7,2.89749436888e-7,2.26405006742e-7,2.09045211363e-7,1.94251668972e-7,1.43914888895e-7,1.04608567142e-7,5.87768482774e-8],"min":[2.25281023768e-24,1.45972261573e-24,1.48006211227e-24,1.53101039802e-24,2.36284174004e-24,1.00380459708e-24,1.77385846667e-24,9.40498706651e-25,1.44608892992e-24,2.13234230277e-24,1.37479000498e-24,8.47471495542e-25,2.92631502666e-24,2.65840760805e-24,2.29317822236e-24,3.40287773242e-24,3.75061550805e-24,3.28826886466e-24,2.23627768526e-24,3.5541082844e-24,2.50157062161e-24,4.95451112386e-24,3.77352639532e-24,4.00799636673e-24,3.81189422316e-24,4.4895963438e-24,4.01007067648e-24,4.37330759675e-24,4.36806285502e-24,5.14766450537e-24,5.01371710695e-24,5.24074812003e-24,5.36957502231e-24,4.5727990812e-24,4.85840025547e-24,5.16464158091e-24,5.51499798031e-24,6.02086331882e-24,5.68108830517e-24,5.36599872139e-24],"var":[2.6093138672e-7,0.00000241077873397,0.00000340724318448,0.00000227944269682,5.3091122254e-7,3.19590270692e-7,1.2301872232e-7,2.02761583523e-7,1.02957478987e-7,7.91045096094e-8,1.06414702827e-7,5.02331296559e-8,5.69819480489e-9,2.96642244102e-9,1.92392657361e-9,1.75168111127e-8,7.77705810862e-9,6.50983533745e-9,2.27718444101e-9,1.33949284997e-9,1.38475908518e-9,5.21632070871e-10,1.27334665034e-9,1.21545529197e-9,2.36008629306e-10,6.73638700377e-10,4.93997454054e-10,2.96804053557e-10,1.72810293853e-10,1.69966526964e-10,2.36069747084e-10,2.0201142148e-10,8.59993257163e-11,5.64646801537e-11,3.28123951621e-11,1.39153749287e-11,6.81843123629e-12,4.26842025267e-12,3.55256731151e-12,2.77161605299e-12]},"melbands_crest":{"dmean":3.10854363441,"dmean2":5.15229797363,"dvar":7.89074039459,"dvar2":21.0041847229,"max":39.6418495178,"mean":13.8167047501,"median":13.2267341614,"min":1.48522281647,"var":22.6652584076},"melbands_flatness_db":{"dmean":0.0255654659122,"dmean2":0.0373066812754,"dvar":0.000659122422803,"dvar2":0.0012774443021,"max":0.42591047287,"mean":0.211538344622,"median":0.20624139905,"min":0.00353001407348,"var":0.00443666242063},"melbands_kurtosis":{"dmean":6.38297271729,"dmean2":10.2109861374,"dvar":139.522033691,"dvar2":345.306030273,"max":367.868621826,"mean":14.6092433929,"median":9.54445075989,"min":-1.60233342648,"var":373.968414307},"melbands_skewness":{"dmean":0.638662159443,"dmean2":1.01503026485,"dvar":0.495039701462,"dvar2":1.22881090641,"max":17.3736953735,"mean":2.85280942917,"median":2.66415262222,"min":-0.866984844208,"var":2.18988156319},"melbands_spread":{"dmean":5.82174921036,"dmean2":8.69974327087,"dvar":67.8426513672,"dvar2":134.718826294,"max":162.959503174,"mean":20.0305652618,"median":15.0602588654,"min":0.958955526352,"var":398.419464111},"mfcc":{"cov":[[10974.7558594,-39.8976860046,-558.795898438,429.155609131,-259.006622314,-205.8021698,-74.1260986328,-83.2639312744,-108.659759521,-33.3280143738,-62.7452964783,-89.7985687256,-226.717956543],[-39.8976860046,1580.80407715,-209.432144165,-34.3128433228,71.8308563232,-26.3040237427,14.1925373077,-49.9553337097,-22.9133224487,5.94341230392,-6.22744846344,41.7510681152,2.85390400887],[-558.795898438,-209.432144165,527.650939941,-22.9085025787,16.2100315094,95.8330459595,10.6929712296,34.8329467773,-22.8583507538,8.29890441895,55.4926338196,-0.914967954159,5.16068696976],[429.155609131,-34.3128433228,-22.9085025787,289.371856689,64.0051116943,27.2408256531,-28.869228363,-0.928336143494,12.3345651627,-5.7815322876,-40.6901168823,-5.54031467438,43.2296104431],[-259.006622314,71.8308563232,16.2100315094,64.0051116943,151.993652344,19.1950473785,-8.91356658936,6.49667072296,-0.0353859066963,11.3996534348,-8.40580463409,3.98069167137,24.1436653137],[-205.8021698,-26.3040237427,95.8330459595,27.2408256531,19.1950473785,172.069198608,-1.75294566154,9.32263946533,23.3490791321,-14.404004097,2.13141965866,-14.1744356155,17.525100708],[-74.1260986328,14.1925373077,10.6929712296,-28.869228363,-8.91356658936,-1.75294566154,132.713516235,32.9002761841,11.392156601,12.9754076004,16.6408367157,1.8425154686,-20.3549861908],[-83.2639312744,-49.9553337097,34.8329467773,-0.928336143494,6.49667072296,9.32263946533,32.9002761841,76.6891860962,24.4967041016,1.33283567429,-1.96897208691,-2.63519096375,2.55128955841],[-108.659759521,-22.9133224487,-22.8583507538,12.3345651627,-0.0353859066963,23.3490791321,11.392156601,24.4967041016,103.927131653,17.049451828,-18.4114818573,0.628963112831,16.5954017639],[-33.3280143738,5.94341230392,8.29890441895,-5.7815322876,11.3996534348,-14.404004097,12.9754076004,1.33283567429,17.049451828,95.0610427856,34.5892868042,10.1806659698,-7.77698802948],[-62.7452964783,-6.22744846344,55.4926338196,-40.6901168823,-8.40580463409,2.13141965866,16.6408367157,-1.96897208691,-18.4114818573,34.5892868042,106.04069519,23.5014152527,-32.5885314941],[-89.7985687256,41.7510681152,-0.914967954159,-5.54031467438,3.98069167137,-14.1744356155,1.8425154686,-2.63519096375,0.628963112831,10.1806659698,23.5014152527,80.9753875732,9.38537025452],[-226.717956543,2.85390400887,5.16068696976,43.2296104431,24.1436653137,17.525100708,-20.3549861908,2.55128955841,16.5954017639,-7.77698802948,-32.5885314941,9.38537025452,90.3099517822]],"icov":[[0.000124386730022,-0.00000284866428046,0.0000959020690061,-0.000287279632175,0.000267036200967,0.0000601525389357,0.0000636307377135,-0.000019014109057,0.000124880330986,-0.0000318300626532,0.0000525582145201,0.0000618710037088,0.000363053375622],[-0.00000284866428046,0.000724033685401,0.000306826666929,0.000208285448025,-0.000462058873381,-0.000122814220958,-0.000215532956645,0.000412672030507,0.00017750695406,-0.0000236569903791,0.0000755717046559,-0.000356003030902,-0.0000305323883367],[0.0000959020690061,0.000306826666929,0.00262104719877,0.0000850473370519,-0.000068704764999,-0.00137834018096,0.00010918861517,-0.0011527640745,0.00119433144573,-0.0002570192446,-0.00108452420682,0.0000732742701075,-0.000256981642451],[-0.000287279632175,0.000208285448025,0.0000850473370519,0.00491847656667,-0.00219647982158,-0.000704851001501,0.000314456585329,0.000142023607623,-0.000234464052483,-0.000147907383507,0.000925867876504,-0.000132428511279,-0.00191795267165],[0.000267036200967,-0.000462058873381,-0.000068704764999,-0.00219647982158,0.00855505093932,-0.000510239449795,0.000515505380463,-0.00121946865693,0.00119739526417,-0.00159172446001,0.000512685743161,-0.0000825611205073,-0.000460673414636],[0.0000601525389357,-0.000122814220958,-0.00137834018096,-0.000704851001501,-0.000510239449795,0.00751431845129,-0.0000249011245614,0.000541866815183,-0.00245309062302,0.00200506672263,-0.00141077663284,0.00169791502412,-0.00083373952657],[0.0000636307377135,-0.000215532956645,0.00010918861517,0.000314456585329,0.000515505380463,-0.0000249011245614,0.00915288645774,-0.00405304599553,-0.000306437636027,-0.00078073493205,-0.000590713694692,-0.000106855535705,0.00184129946865],[-0.000019014109057,0.000412672030507,-0.0011527640745,0.000142023607623,-0.00121946865693,0.000541866815183,-0.00405304599553,0.0168615914881,-0.00394457066432,0.00116674497258,0.000244105875026,0.000413579109591,-0.000361449667253],[0.000124880330986,0.00017750695406,0.00119433144573,-0.000234464052483,0.00119739526417,-0.00245309062302,-0.000306437636027,-0.00394457066432,0.0129062281922,-0.00385056319647,0.00286871474236,-0.000895177538041,-0.00102486438118],[-0.0000318300626532,-0.0000236569903791,-0.0002570192446,-0.000147907383507,-0.00159172446001,0.00200506672263,-0.00078073493205,0.00116674497258,-0.00385056319647,0.013646973297,-0.0052106231451,0.000297802529531,-0.000194591964828],[0.0000525582145201,0.0000755717046559,-0.00108452420682,0.000925867876504,0.000512685743161,-0.00141077663284,-0.000590713694692,0.000244105875026,0.00286871474236,-0.0052106231451,0.0152033418417,-0.00450748205185,0.00472373049706],[0.0000618710037088,-0.000356003030902,0.0000732742701075,-0.000132428511279,-0.0000825611205073,0.00169791502412,-0.000106855535705,0.000413579109591,-0.000895177538041,0.000297802529531,-0.00450748205185,0.0145435156301,-0.00306521821767],[0.000363053375622,-0.0000305323883367,-0.000256981642451,-0.00191795267165,-0.000460673414636,-0.00083373952657,0.00184129946865,-0.000361449667253,-0.00102486438118,-0.000194591964828,0.00472373049706,-0.00306521821767,0.0158229991794]],"mean":[-667.825073242,134.155014038,-0.584963679314,30.7297210693,-0.731387972832,1.89080286026,-3.26067399979,-5.40322303772,-6.5582113266,-0.546657204628,-2.24750781059,-0.688743948936,-7.81971740723]},"pitch_salience":{"dmean":0.0646729022264,"dmean2":0.105582527816,"dvar":0.00346102332696,"dvar2":0.00880340859294,"max":0.946595966816,"mean":0.559881925583,"median":0.558889746666,"min":0.0254459343851,"var":0.0105118919164},"silence_rate_20dB":{"dmean":0,"dmean2":0,"dvar":0,"dvar2":0,"max":1,"mean":1,"median":1,"min":1,"var":0},"silence_rate_30dB":{"dmean":0,"dmean2":0,"dvar":0,"dvar2":0,"max":1,"mean":1,"median":1,"min":1,"var":0},"silence_rate_60dB":{"dmean":0.00800934433937,"dmean2":0.0160213615745,"dvar":0.00794541463256,"dvar2":0.0187697801739,"max":1,"mean":0.0473807156086,"median":0,"min":0,"var":0.0451350808144},"spectral_centroid":{"dmean":255.476196289,"dmean2":373.006439209,"dvar":108050.195312,"dvar2":208174.234375,"max":11586.9902344,"mean":1255.38708496,"median":988.965820312,"min":204.508956909,"var":1741651},"spectral_complexity":{"dmean":3.37827467918,"dmean2":4.82443237305,"dvar":20.405960083,"dvar2":29.8751049042,"max":61,"mean":17.3651981354,"median":16,"min":0,"var":96.8003234863},"spectral_contrast_coeffs":{"dmean":[0.0515410415828,0.0424553900957,0.0337426513433,0.0284391473979,0.0237700063735,0.0194568354636],"dmean2":[0.0858090296388,0.0697961747646,0.0555472671986,0.0460328832269,0.0373037271202,0.0292353350669],"dvar":[0.00184453697875,0.00126280228142,0.000818462925963,0.000600029830821,0.000504973635543,0.000381946127163],"dvar2":[0.00496382964775,0.0033381592948,0.0021488443017,0.00142833194695,0.00108345330227,0.000778119370807],"max":[-0.322441697121,-0.46906286478,-0.504009306431,-0.5554921031,-0.532265245914,-0.581088066101],"mean":[-0.592594742775,-0.708264827728,-0.773794412613,-0.757052540779,-0.775046885014,-0.755353808403],"median":[-0.589077472687,-0.709059298038,-0.77917265892,-0.758856654167,-0.777401328087,-0.75267291069],"min":[-0.982045590878,-0.992666900158,-0.981275618076,-0.974218249321,-0.967230737209,-0.963505446911],"var":[0.00787649303675,0.00603059493005,0.00437546614558,0.0041744671762,0.0033925389871,0.00256445957348]},"spectral_contrast_valleys":{"dmean":[0.413257986307,0.33130183816,0.293727815151,0.301721841097,0.313820213079,0.323318958282],"dmean2":[0.690587282181,0.54238063097,0.465702682734,0.459149539471,0.420181870461,0.404752939939],"dvar":[0.141492769122,0.127609536052,0.10669118166,0.127840101719,0.149657800794,0.162686735392],"dvar2":[0.340048074722,0.283946454525,0.208330288529,0.237948492169,0.257365316153,0.274181455374],"max":[-5.60564136505,-4.37167406082,-4.94647502899,-5.77967643738,-5.39232444763,-7.26764726639],"mean":[-7.69246912003,-7.01581096649,-7.87876462936,-8.39551067352,-8.20873165131,-10.8427658081],"median":[-7.35145282745,-6.59332466125,-7.49130916595,-8.00436878204,-7.79801559448,-10.484082222],"min":[-28.4208087921,-27.9550113678,-27.7530765533,-27.6727581024,-27.5091571808,-27.4571857452],"var":[6.34102010727,7.09717798233,6.55232715607,6.33475923538,6.56740808487,5.09029817581]},"spectral_decrease":{"dmean":1.69521907623e-9,"dmean2":2.61910093613e-9,"dvar":6.00499913412e-18,"dvar2":1.42324894719e-17,"max":1.57790609786e-28,"mean":-5.55945334213e-9,"median":-4.72037609001e-9,"min":-3.61906415947e-8,"var":1.5915140274e-17},"spectral_energy":{"dmean":0.00677017308772,"dmean2":0.0103507889435,"dvar":0.0000995369191514,"dvar2":0.000232565871556,"max":0.160121977329,"mean":0.0224189311266,"median":0.0190357416868,"min":1.00696234102e-20,"var":0.000262405985268},"spectral_energyband_high":{"dmean":0.000430142390542,"dmean2":0.000567616603803,"dvar":0.00000156752253133,"dvar2":0.00000310108976009,"max":0.0262379087508,"mean":0.000709975021891,"median":0.000206811077078,"min":7.06563623635e-21,"var":0.00000306855008603},"spectral_energyband_low":{"dmean":0.00245659635402,"dmean2":0.00398030597717,"dvar":0.000013369413864,"dvar2":0.0000334488795488,"max":0.0555023178458,"mean":0.00574336899444,"median":0.00383120821789,"min":1.91838429261e-23,"var":0.0000375804120267},"spectral_energyband_middle_high":{"dmean":0.00151783809997,"dmean2":0.00221541593783,"dvar":0.0000112709258246,"dvar2":0.0000274111534964,"max":0.0682594627142,"mean":0.00375532219186,"median":0.00216100877151,"min":1.21845299621e-21,"var":0.0000230253572227},"spectral_energyband_middle_low":{"dmean":0.00519573688507,"dmean2":0.00830135867,"dvar":0.0000583564542467,"dvar2":0.000149063431309,"max":0.107580572367,"mean":0.0140953678638,"median":0.011386201717,"min":1.80769546402e-22,"var":0.000127986291773},"spectral_entropy":{"dmean":0.173490941525,"dmean2":0.248434782028,"dvar":0.0360153578222,"dvar2":0.0747121870518,"max":9.82120704651,"mean":7.35445690155,"median":7.3762550354,"min":5.71124076843,"var":0.302076488733},"spectral_flux":{"dmean":0.0191358644515,"dmean2":0.0299347266555,"dvar":0.000582427193876,"dvar2":0.00130291609094,"max":0.344197720289,"mean":0.0664204731584,"median":0.0600842013955,"min":6.14666581522e-11,"var":0.00163864973001},"spectral_kurtosis":{"dmean":1.77140390873,"dmean2":2.8959133625,"dvar":4.6854929924,"dvar2":11.2497158051,"max":33.1960296631,"mean":4.60993242264,"median":3.56440711021,"min":-1.25025510788,"var":15.6140832901},"spectral_rms":{"dmean":0.000649211404379,"dmean2":0.000966769643128,"dvar":6.05925208674e-7,"dvar2":0.00000130475848437,"max":0.0124986618757,"mean":0.004349142313,"median":0.00430946098641,"min":3.13432960142e-12,"var":0.00000295710788123},"spectral_rolloff":{"dmean":419.497528076,"dmean2":678.582458496,"dvar":624346.3125,"dvar2":1320863.25,"max":19638.28125,"mean":1423.94372559,"median":753.662109375,"min":21.533203125,"var":5901168},"spectral_skewness":{"dmean":0.249843627214,"dmean2":0.375692009926,"dvar":0.0779382362962,"dvar2":0.15621483326,"max":4.40371799469,"mean":1.50446021557,"median":1.41329324245,"min":-0.0658085122705,"var":0.392829716206},"spectral_spread":{"dmean":400881.3125,"dmean2":595462.375,"dvar":581062950912,"dvar2":1166280622080,"max":42550368,"mean":4545009.5,"median":3916470,"min":1604448.125,"var":20202915889200},"spectral_strongpeak":{"dmean":0.369850814342,"dmean2":0.631726741791,"dvar":0.455076009035,"dvar2":1.13397097588,"max":13.1450119019,"mean":0.732616841793,"median":0.53171724081,"min":0,"var":0.663239181042},"zerocrossingrate":{"dmean":0.00905328709632,"dmean2":0.0102634401992,"dvar":0.000195743021322,"dvar2":0.000307781738229,"max":0.52783203125,"mean":0.0541155561805,"median":0.0419921875,"min":0.0048828125,"var":0.00386205408722}},"metadata":{"audio_properties":{"analysis_sample_rate":44100,"bit_rate":320000,"codec":"vorbis","downmix":"mix","equal_loudness":0,"length":139.135421753,"lossless":false,"md5_encoded":"74a7db3f80cd9d2590e0e2682981a936","replay_gain":-8.16955566406,"sample_rate":44100},"tags":{"album":["Picture Book"],"albumartist":["The Kinks"],"albumartistsort":["Kinks, The"],"artist":["The Kinks"],"artistsort":["Kinks, The"],"asin":["B001GJ5WHU"],"barcode":["600753130490"],"catalognumber":["5313049","531 3049"],"compilation":["1"],"composer":["Ray Davies"],"date":["2008-12-08"],"discnumber":["1"],"discsubtitle":["Volume One"],"disctotal":["6"],"file_name":"1-27 The Kinks - Ring the Bells.ogg","isrc":["GBAJE6500022"],"label":["Sanctuary Records","Universal UMC"],"language":["eng"],"lyricist":["Ray Davies"],"media":["CD"],"musicbrainz_albumartistid":["17b53d9f-5c63-4a09-a593-dde4608e0db9"],"musicbrainz_albumid":["3fd31369-76de-448a-a3c7-bdc3bf9e72ff"],"musicbrainz_artistid":["17b53d9f-5c63-4a09-a593-dde4608e0db9"],"musicbrainz_recordingid":["7da96fd9-ec7d-425d-a833-852bc89d99cd"],"musicbrainz_releasegroupid":["fd13f3ca-36c3-3e06-9193-96041156faba"],"musicbrainz_workid":["dd96945f-8cc9-4b6e-995f-0744f40c7e7b"],"originaldate":["2008-12-08"],"performer":["Ray Davies (lead vocals vocal)"],"releasecountry":["GB"],"releasestatus":["official"],"releasetype":["album","compilation"],"script":["Latn"],"title":["Ring the Bells"],"totaldiscs":["6"],"totaltracks":["33"],"tracknumber":["27"],"tracktotal":["33"]},"version":{"essentia":"2.1-beta2","essentia_build_sha":"cead25079874084f62182a551b7393616cd33d87","essentia_git_sha":"v2.1_beta2-1-ge3940c0","extractor":"music 1.0"}},"rhythm":{"beats_count":239,"beats_loudness":{"dmean":0.0139495898038,"dmean2":0.0247467160225,"dvar":0.000127700230223,"dvar2":0.000364271429135,"max":0.0934159830213,"mean":0.0359923429787,"median":0.0355360805988,"min":0,"var":0.000329136761138},"beats_loudness_band_ratio":{"dmean":[0.268792450428,0.168