{"lowlevel":{"average_loudness":0.873283267021,"barkbands":{"dmean":[0.00687941256911,0.0120516670868,0.00322528742254,0.00185721868183,0.00219590892084,0.00173452077433,0.00119177973829,0.000872236676514,0.000792865059339,0.000674329057802,0.000440478004748,0.000422172248363,0.000292582029942,0.000230599951465,0.000283280096482,0.000221760230488,0.000190343576833,0.000151945205289,0.000158656825079,0.0000949846726144,0.000092093629064,0.0000518412816746,0.0000238130596699,0.00000729583098291,0.00000314299086313,0.0000118000407383,0.000155599453137],"dmean2":[0.0105623435229,0.0198883786798,0.00547828851268,0.0030678526964,0.00360302464105,0.00271526048891,0.0019053692231,0.00144138152245,0.00130001152866,0.00111302162986,0.000730449100956,0.000706896185875,0.000484918622533,0.000382335711038,0.000469293736387,0.000370353227481,0.00032280330197,0.000247972930083,0.000251836812822,0.000146936668898,0.000137399998493,0.0000776842643972,0.0000356617929356,0.0000112959087346,0.0000051899924074,0.0000175032855623,0.000243165806751],"dvar":[0.000376123614842,0.000465069519123,0.0000378463228117,0.0000109047959995,0.0000112156158139,0.0000125888045659,0.00000534328592039,0.00000410797611039,0.00000224984182751,0.00000169227666902,7.71690736201e-7,6.5432647034e-7,3.09756643446e-7,2.08412942015e-7,2.32620379848e-7,1.38682054285e-7,1.34206317171e-7,9.30639743046e-8,1.24055290485e-7,6.09750330227e-8,8.37513098872e-8,1.76800565299e-8,3.22270699016e-9,2.10920253485e-10,2.82487470915e-11,6.08838535143e-10,8.1782687289e-8],"dvar2":[0.000840028922539,0.0012175408192,0.000102271107608,0.000026730758691,0.0000295008176181,0.0000291912019748,0.000012538836927,0.00001035513651,0.00000526268649992,0.00000434692901763,0.00000202746832656,0.00000173459727648,7.59684439799e-7,5.35687604497e-7,6.19580021066e-7,3.66090802117e-7,3.55814052e-7,2.12382957443e-7,2.66905459512e-7,1.24921911038e-7,1.6271846448e-7,3.60009231315e-8,6.80537448616e-9,4.55547294331e-10,7.0881092662e-11,1.29545563166e-9,1.99229376108e-7],"max":[0.250048696995,0.248283907771,0.0831717997789,0.082903072238,0.0614601075649,0.0864454358816,0.072318777442,0.0453055687249,0.0425845868886,0.0328911468387,0.0283125694841,0.0216424074024,0.0140072833747,0.0176959522069,0.010345891118,0.00896075181663,0.00747289694846,0.0140298064798,0.0133324339986,0.00886313896626,0.00751058245078,0.0026424380485,0.00132686155848,0.000373240240151,0.0000760072580306,0.000427340739407,0.00493945647031],"mean":[0.00706784194335,0.0160792768002,0.00390108930878,0.00259579834528,0.00383120635524,0.0027949467767,0.00198286864907,0.00126445456408,0.00127416709438,0.0010770164663,0.000689596345183,0.000682345300447,0.000479610578623,0.00037972064456,0.000475412845844,0.000378193799406,0.000298929633573,0.000251432065852,0.000272101169685,0.000173235923285,0.000176929446752,0.0000966304651229,0.0000409874664911,0.0000104048140201,0.00000325924020217,0.0000204717089218,0.000492061139084],"median":[0.00161522219423,0.00907418038696,0.0017995609669,0.00105984264519,0.00226703588851,0.000922313076444,0.000796201755293,0.000441592943389,0.000620165839791,0.000513417646289,0.000344316125847,0.000322187843267,0.000228976772632,0.000174651460839,0.000261965760728,0.000222047747229,0.000173298351001,0.000130757704028,0.000128144587507,0.0000638321726001,0.0000627361077932,0.0000356183845724,0.0000156588994287,0.00000428684643339,0.00000128244380448,0.00000873227691045,0.000303904700559],"min":[2.29112381844e-10,1.27532384653e-9,2.52215470731e-10,3.43142625425e-10,3.72308212038e-10,4.96886629064e-11,7.54757645272e-11,4.70868699934e-12,1.82627472173e-11,2.35393805142e-11,1.02095033816e-11,1.69797891025e-11,1.06841306635e-11,1.30445073146e-11,5.53278430016e-12,4.56274115712e-11,5.47474739154e-11,3.48787006221e-11,7.65274388997e-12,3.64233122829e-11,4.80302880801e-11,3.63651990465e-11,4.10857008137e-11,3.46053019573e-10,8.58536245568e-12,1.80075995782e-10,3.75085490445e-10],"var":[0.000411576242186,0.000510394398589,0.0000407923180319,0.0000226618540182,0.0000240942590608,0.0000280749845842,0.0000142035296449,0.0000068254407779,0.00000455641429653,0.00000316028877023,0.00000125608221424,0.00000125258759454,6.34847708625e-7,4.71939046065e-7,4.06148956245e-7,2.48475231501e-7,1.70929325805e-7,1.65790893902e-7,2.62807361651e-7,1.3760242723e-7,2.36725682612e-7,4.55922872789e-8,6.5800636051e-9,3.5971789436e-10,3.02066115176e-11,1.11770981359e-9,3.18057885806e-7]},"barkbands_crest":{"dmean":3.15380883217,"dmean2":5.11373186111,"dvar":6.79495668411,"dvar2":17.8166389465,"max":25.7262592316,"mean":11.1231508255,"median":10.4696846008,"min":2.4699485302,"var":19.0694694519},"barkbands_flatness_db":{"dmean":0.0288070049137,"dmean2":0.0442420057952,"dvar":0.000725079677068,"dvar2":0.00173981441185,"max":0.499545872211,"mean":0.146081835032,"median":0.135374560952,"min":0.0201757140458,"var":0.00326598109677},"barkbands_kurtosis":{"dmean":7.98641395569,"dmean2":12.610537529,"dvar":558.051879883,"dvar2":1199.35021973,"max":976.402893066,"mean":13.9408407211,"median":6.36438655853,"min":-1.78567028046,"var":1329.86376953},"barkbands_skewness":{"dmean":0.77057158947,"dmean2":1.20013034344,"dvar":0.809094309807,"dvar2":1.85439562798,"max":26.0339298248,"mean":2.5715675354,"median":2.19494867325,"min":-1.69670009613,"var":3.24654221535},"barkbands_spread":{"dmean":5.97233438492,"dmean2":9.26345348358,"dvar":51.8489952087,"dvar2":109.134773254,"max":109.530593872,"mean":20.3671302795,"median":17.1383037567,"min":0.252211630344,"var":214.988754272},"dissonance":{"dmean":0.0179836265743,"dmean2":0.0301891658455,"dvar":0.000331627234118,"dvar2":0.000906266854145,"max":0.500000059605,"mean":0.468928366899,"median":0.476425349712,"min":0.276286929846,"var":0.000697129464243},"dynamic_complexity":3.76194000244,"erbbands":{"dmean":[0.605712354183,1.94100630283,3.55263352394,5.19625711441,5.49184417725,8.18635749817,12.1185245514,15.2344818115,14.3312520981,21.4707756042,17.0800418854,18.7411556244,15.810968399,22.1419620514,16.2264003754,17.5824718475,13.4309940338,10.689166069,12.4983921051,13.8574724197,11.5741424561,10.4688882828,8.3786315918,8.94494533539,6.22807216644,4.47256708145,4.23398685455,3.12113618851,2.04029297829,1.2725738287,0.585895597935,0.230470210314,0.0878716111183,0.0379850938916,0.0217267908156,0.0178150851279,0.0246926508844,0.0258013512939,0.0131928687915,0.00391567824408],"dmean2":[0.989091098309,3.29339742661,6.11105918884,8.52252864838,9.14398193359,13.5955867767,19.4517002106,23.9564876556,23.0211086273,34.3829574585,27.9272022247,30.7095184326,26.2739334106,36.1371421814,26.8779430389,29.4908237457,22.1824474335,17.5986270905,20.6814136505,23.0654125214,19.3208465576,17.6891231537,13.7840452194,14.4997224808,9.75775337219,6.87682294846,6.30196475983,4.61351156235,3.09513044357,1.89134895802,0.877561986446,0.349675327539,0.137173503637,0.0620635040104,0.0359318330884,0.028144294396,0.0365710146725,0.0377386473119,0.0194645095617,0.00610682601109],"dvar":[1.9149620533,7.91210126877,44.3947677612,81.5016937256,83.1012954712,168.859771729,525.11114502,1305.29626465,715.33770752,2572.98730469,1523.34277344,1429.77697754,942.28137207,2294.69824219,1030.95898438,1068.68127441,672.81463623,454.063964844,473.322601318,621.230712891,423.503631592,420.92590332,274.651062012,464.007873535,201.969970703,133.311935425,169.129089355,84.2558822632,28.6801166534,11.5923070908,1.72789657116,0.239047273993,0.0261380821466,0.00390998227522,0.00138874317054,0.000985423102975,0.00293238135055,0.0032121988479,0.000672252324875,0.000053094492614],"dvar2":[4.95615386963,21.8963756561,123.264701843,194.860992432,214.863800049,442.43182373,1287.73022461,2923.57348633,1697.91479492,5769.5234375,4039.96069336,3292.80541992,2521.6796875,5933.34912109,2701.06884766,2809.20751953,1649.80456543,1165.25024414,1236.7409668,1692.5255127,1119.00463867,1111.41027832,645.860656738,1105.87866211,429.655426025,269.823638916,346.009399414,161.982147217,59.8110466003,24.2353210449,3.67056536674,0.515940487385,0.0575872547925,0.00963288918138,0.00350174354389,0.0022882737685,0.00630189338699,0.00642456999049,0.00137941318098,0.000132884713821],"max":[16.2873802185,35.7701072693,97.2113723755,190.757507324,234.213775635,259.754730225,490.581390381,1081.21496582,586.43927002,1859.53283691,903.696716309,1180.15539551,598.203125,2025.21936035,692.819763184,644.294067383,618.775695801,906.126220703,485.159698486,685.722473145,601.192321777,445.263885498,613.857910156,1042.72253418,339.60760498,403.952056885,466.901702881,212.628738403,124.181419373,93.7082901001,33.5741348267,11.078707695,4.00021076202,0.860007345676,0.532367408276,0.521415233612,0.994730174541,1.21943390369,0.479092746973,0.129814326763],"mean":[0.728114485741,2.61372613907,4.47627067566,7.87136507034,8.775349617,13.1724214554,19.0737304688,24.6449279785,24.0081043243,34.8093185425,27.075334549,30.2292480469,25.7493858337,38.4671401978,27.570306778,29.7748298645,23.5633201599,19.3192882538,22.0027160645,24.5494594574,20.2044696808,17.1552810669,14.4922447205,14.6716957092,11.4007310867,8.25756454468,7.84620428085,5.9020318985,3.76316332817,2.23569083214,1.01064252853,0.357931733131,0.115880057216,0.0417288169265,0.0223725438118,0.0229406729341,0.0426833443344,0.0561536215246,0.0369744114578,0.015039193444],"median":[0.288970082998,1.62457454205,2.48869872093,3.34350275993,4.95105314255,6.95793676376,8.37293243408,7.7453455925,10.4301710129,11.8618116379,11.3412456512,14.6386365891,13.5894651413,19.3471603394,14.2503509521,14.7463760376,11.9002628326,9.58094596863,12.0865211487,14.2334957123,12.1646633148,10.1281518936,7.8299612999,7.07507753372,5.34271001816,3.04084038734,2.76919221878,2.11268925667,1.36105632782,0.778416931629,0.407343149185,0.145701140165,0.0476359389722,0.017031474039,0.00881891511381,0.010173660703,0.0175467524678,0.0234100203961,0.0169607028365,0.0120159117505],"min":[5.64336772868e-8,1.56738110491e-7,2.99578090335e-7,0.00000103222021153,6.44546389594e-7,0.00000156438795784,5.62778950552e-7,4.96177904097e-7,0.00000129556065076,4.00409618351e-7,1.32058261215e-7,3.35389813699e-7,7.99890358394e-7,4.57248233943e-7,5.22789150637e-7,7.81130268024e-7,5.74446232804e-7,6.6295143597e-7,3.12934105295e-7,0.00000120394270198,0.00000232779916587,0.00000321210154652,0.00000233383866544,8.76140916262e-7,6.58908845708e-7,0.00000143271313391,0.00000228937824431,0.00000160170338859,0.00000135120342293,0.00000117790546028,0.00000305825301439,0.000010050277524,0.00000154502902205,2.47273277409e-7,6.37895993805e-8,2.38533914398e-7,5.00738735809e-7,1.49651938841e-7,4.19984722555e-8,7.00444102719e-9],"var":[1.84801077843,9.59308052063,42.6843948364,185.111190796,150.402877808,335.045501709,968.580627441,3036.22973633,1598.57067871,6756.86083984,2445.45141602,2902.90039062,1466.10717773,4161.04492188,1870.15759277,2114.22070312,1457.06396484,1152.29455566,842.166625977,1129.70141602,697.315673828,547.264648438,469.435089111,772.212890625,464.095184326,308.354888916,462.012420654,236.498641968,73.1883850098,25.2163009644,3.45797276497,0.421035706997,0.0419917963445,0.00452350918204,0.00145840074401,0.00136024400126,0.00516738044098,0.00851852726191,0.0026136606466,0.000218755551032]},"erbbands_crest":{"dmean":2.46391701698,"dmean2":4.01724100113,"dvar":5.61393117905,"dvar2":13.5130338669,"max":31.5461483002,"mean":8.09004592896,"median":6.98110294342,"min":2.16159391403,"var":16.4684410095},"erbbands_flatness_db":{"dmean":0.0192428883165,"dmean2":0.0296631231904,"dvar":0.000308183429297,"dvar2":0.000757141504437,"max":0.340299993753,"mean":0.133391276002,"median":0.129780605435,"min":0.0332478694618,"var":0.00130266905762},"erbbands_kurtosis":{"dmean":0.935445964336,"dmean2":1.49264478683,"dvar":2.53687644005,"dvar2":5.98126888275,"max":36.1468467712,"mean":0.607610583305,"median":-0.00778770446777,"min":-1.5494543314,"var":5.16490364075},"erbbands_skewness":{"dmean":0.34935888648,"dmean2":0.546797692776,"dvar":0.119999170303,"dvar2":0.266649395227,"max":5.15804052353,"mean":0.317943572998,"median":0.255057126284,"min":-3.44900226593,"var":0.607649624348},"erbbands_spread":{"dmean":6.59010648727,"dmean2":10.4480400085,"dvar":41.1578178406,"dvar2":100.481781006,"max":120.044555664,"mean":33.8253364563,"median":32.321937561,"min":3.34915661812,"var":198.369995117},"gfcc":{"cov":[[11484.0839844,-307.892059326,-1393.07556152,-83.2446670532,13.2483816147,-786.797546387,390.466461182,-285.629058838,199.589706421,-58.3497085571,19.8148899078,226.665878296,-33.5960655212],[-307.892059326,813.190917969,101.516288757,-285.719360352,45.3710403442,7.16557884216,-54.2418060303,-34.3451309204,-14.6231985092,-14.3253936768,36.7994537354,-66.7975006104,67.4601898193],[-1393.07556152,101.516288757,458.785919189,71.9671630859,-48.9314498901,183.343582153,-115.608795166,97.2779693604,-51.5038986206,33.1409950256,0.901157438755,-35.6924705505,21.6274700165],[-83.2446670532,-285.719360352,71.9671630859,298.977050781,41.3115234375,8.02110958099,52.1288146973,25.4475593567,4.19359397888,3.06734681129,-28.4171543121,23.5483360291,-41.2723999023],[13.2483816147,45.3710403442,-48.9314498901,41.3115234375,240.769897461,16.3391723633,72.0243225098,-12.0999097824,20.7036380768,-9.81148719788,21.5890884399,-20.309928894,43.1871795654],[-786.797546387,7.16557884216,183.343582153,8.02110958099,16.3391723633,248.729278564,-42.7538871765,84.0152511597,-61.594379425,15.5816802979,-3.80905103683,-16.9563426971,19.3141174316],[390.466461182,-54.2418060303,-115.608795166,52.1288146973,72.0243225098,-42.7538871765,172.513916016,-26.9414978027,51.5112838745,-15.5475683212,-3.21155166626,17.9737854004,-13.8022451401],[-285.629058838,-34.3451309204,97.2779693604,25.4475593567,-12.0999097824,84.0152511597,-26.9414978027,141.111221313,11.9804182053,34.2708129883,4.45063066483,-19.3005714417,13.7650337219],[199.589706421,-14.6231985092,-51.5038986206,4.19359397888,20.7036380768,-61.594379425,51.5112838745,11.9804182053,112.015739441,33.2511901855,15.3891839981,12.1060085297,-13.985991478],[-58.3497085571,-14.3253936768,33.1409950256,3.06734681129,-9.81148719788,15.5816802979,-15.5475683212,34.2708129883,33.2511901855,76.6743774414,32.9812736511,-5.23836803436,10.0555467606],[19.8148899078,36.7994537354,0.901157438755,-28.4171543121,21.5890884399,-3.80905103683,-3.21155166626,4.45063066483,15.3891839981,32.9812736511,68.4928359985,28.1995182037,21.596162796],[226.665878296,-66.7975006104,-35.6924705505,23.5483360291,-20.309928894,-16.9563426971,17.9737854004,-19.3005714417,12.1060085297,-5.23836803436,28.1995182037,81.9979019165,7.48919868469],[-33.5960655212,67.4601898193,21.6274700165,-41.2723999023,43.1871795654,19.3141174316,-13.8022451401,13.7650337219,-13.985991478,10.0555467606,21.596162796,7.48919868469,80.8312988281]],"icov":[[0.000154508743435,-0.0000687360661686,0.00041909868014,-0.0000693842157489,0.000039062644646,0.000263005611487,-0.0000866389818839,-0.000151013693539,0.000181396026164,-0.000256033061305,0.000208318102523,-0.000342589017237,-0.0000594484190515],[-0.0000687360661686,0.00270651117899,-0.00198887940496,0.00306771625765,-0.00112827424891,0.000885054352693,-0.000539169122931,0.000572790799197,0.0000540545588592,0.000827698328067,-0.000641991035081,0.00107109209057,-0.00000843599445943],[0.00041909868014,-0.00198887940496,0.00763225182891,-0.00587622541934,0.00419216090813,-0.00430160807446,0.00281136436388,0.000357464479748,-0.00291686202399,0.00253539369442,-0.00403743144125,0.00420629791915,-0.00413235882297],[-0.0000693842157489,0.00306771625765,-0.00587622541934,0.0122827421874,-0.00753977708519,0.00571119925007,-0.00335901486687,-0.00342696765438,0.00683141825721,-0.00768112624064,0.00987864285707,-0.00980914570391,0.00833557825536],[0.000039062644646,-0.00112827424891,0.00419216090813,-0.00753977708519,0.0124910911545,-0.00613981671631,-0.000566040514968,0.00430267350748,-0.0079256342724,0.0100822616369,-0.0122176595032,0.0129087837413,-0.0106071028858],[0.000263005611487,0.000885054352693,-0.00430160807446,0.00571119925007,-0.00613981671631,0.0119966343045,-0.00257246382535,-0.00639178138226,0.0100377677009,-0.00817308947444,0.00825630966574,-0.00887892302126,0.00587119720876],[-0.0000866389818839,-0.000539169122931,0.00281136436388,-0.00335901486687,-0.000566040514968,-0.00257246382535,0.0105430297554,0.00167798087932,-0.0060699833557,0.00405112281442,-0.00147256162018,0.00114298705012,-0.000888447451871],[-0.000151013693539,0.000572790799197,0.000357464479748,-0.00342696765438,0.00430267350748,-0.00639178138226,0.00167798087932,0.0135989207774,-0.00779124721885,0.00322992843576,-0.00551075628027,0.00842306762934,-0.0062451120466],[0.000181396026164,0.0000540545588592,-0.00291686202399,0.00683141825721,-0.0079256342724,0.0100377677009,-0.0060699833557,-0.00779124721885,0.0240595340729,-0.0172287691385,0.0110567454249,-0.0135425031185,0.0110321613029],[-0.000256033061305,0.000827698328067,0.00253539369442,-0.00768112624064,0.0100822616369,-0.00817308947444,0.00405112281442,0.00322992843576,-0.0172287691385,0.0356866419315,-0.0252073649317,0.0198878981173,-0.011218143627],[0.000208318102523,-0.000641991035081,-0.00403743144125,0.00987864285707,-0.0122176595032,0.00825630966574,-0.00147256162018,-0.00551075628027,0.0110567454249,-0.0252073649317,0.041450265795,-0.0262509118766,0.00839527789503],[-0.000342589017237,0.00107109209057,0.00420629791915,-0.00980914570391,0.0129087837413,-0.00887892302126,0.00114298705012,0.00842306762934,-0.0135425031185,0.0198878981173,-0.0262509118766,0.0353568717837,-0.0142645537853],[-0.0000594484190515,-0.00000843599445943,-0.00413235882297,0.00833557825536,-0.0106071028858,0.00587119720876,-0.000888447451871,-0.0062451120466,0.0110321613029,-0.011218143627,0.00839527789503,-0.0142645537853,0.0252747852355]],"mean":[0.550366818905,101.755203247,-85.834312439,6.98706102371,-16.9129333496,-14.340171814,1.7337076664,-14.235168457,0.933560609818,-7.97840642929,-7.04549741745,0.679010152817,-7.34358739853]},"hfc":{"dmean":32.1237487793,"dmean2":49.5024528503,"dvar":2821.78173828,"dvar2":6776.0546875,"max":1671.68310547,"mean":115.015708923,"median":109.142303467,"min":0.0000425641410402,"var":8418.99414062},"melbands":{"dmean":[0.00448352331296,0.00195274723228,0.000844738213345,0.000443465309218,0.000420217518695,0.000333680800395,0.000222457310883,0.00022298078693,0.000141213997267,0.000115764727525,0.0000816065221443,0.0000944247294683,0.0000574275545659,0.0000469993465231,0.0000416463262809,0.0000245146711677,0.000021505238692,0.0000206772401725,0.0000223927745537,0.0000168167007359,0.0000139367684824,0.0000119572323456,0.00000863424793351,0.00000738010248824,0.00000793781691755,0.00000539441089131,0.00000383582028007,0.00000305529488287,0.00000281816073766,0.00000259860826191,0.00000169276165707,0.00000124882171804,9.87922362583e-7,6.49050321044e-7,3.82075626248e-7,2.14929954723e-7,1.1741344963e-7,6.63438299853e-8,4.2406792744e-8,2.88210735278e-8],"dmean2":[0.007219706662,0.00334454630502,0.00139001011848,0.000734853732865,0.000677400792483,0.000523231457919,0.000356491073035,0.000359562400263,0.000231376718148,0.000189899918041,0.000136169313919,0.000154169945745,0.0000951115289354,0.0000788751567598,0.0000695243506925,0.0000408791493101,0.0000355511328962,0.0000344152358593,0.0000372869180865,0.000027933401725,0.00002343316919,0.0000204261541512,0.000014261016986,0.0000121137381939,0.0000130087410071,0.00000862174510985,0.0000060405595832,0.00000479350910609,0.00000427328222941,0.00000399893042413,0.00000258164391198,0.00000192166953639,0.00000151446181462,9.81361381491e-7,5.82918573855e-7,3.29095911411e-7,1.82362711598e-7,1.03804509877e-7,6.82768046545e-8,4.76679424821e-8],"dvar":[0.0000868964270921,0.00000979172364168,0.00000194490849026,4.40532772927e-7,5.33219235876e-7,5.50809033939e-7,1.65444319578e-7,2.70095426913e-7,9.41028019952e-8,5.56384307515e-8,2.57068073495e-8,4.04623428096e-8,1.21193020064e-8,8.70090310912e-9,5.93584204012e-9,1.92147453504e-9,2.09963579856e-9,1.40446221319e-9,1.67049341027e-9,8.05995215014e-10,6.70630606603e-10,5.73081970767e-10,2.62288940567e-10,2.26384841429e-10,3.85415477311e-10,1.4784531932e-10,8.8584944935e-11,6.29143681596e-11,7.58089840902e-11,7.61938012683e-11,2.27056914937e-11,1.08764525164e-11,6.9385495613e-12,3.03414303231e-12,7.42534451894e-13,2.24264075192e-13,6.36266077802e-14,1.58914443155e-14,5.20323233894e-15,2.40724624851e-15],"dvar2":[0.000216438405914,0.0000274442827504,0.000004747692401,0.00000115349553198,0.00000133487571929,0.00000124751545627,3.94386887592e-7,6.14080818195e-7,2.48841558914e-7,1.27239374592e-7,6.88435832785e-8,1.03477823643e-7,3.13351513626e-8,2.31837944398e-8,1.50536614285e-8,4.96815477646e-9,5.38755484669e-9,3.70171426844e-9,4.51405490765e-9,2.16664708397e-9,1.79553705237e-9,1.54039137001e-9,6.41874831064e-10,5.30851196334e-10,9.52282031008e-10,3.20413889865e-10,1.90102919517e-10,1.34670954943e-10,1.68510483345e-10,1.65698149646e-10,4.73454331296e-11,2.4245230823e-11,1.47742304502e-11,6.58366720516e-12,1.64459971249e-12,4.93559078156e-13,1.39377048856e-13,3.52230621243e-14,1.23953344605e-14,6.04565276828e-15],"max":[0.106979779899,0.0429098829627,0.029198108241,0.0129303773865,0.0162320546806,0.0210738070309,0.00793646648526,0.016899080947,0.00683171348646,0.00808899756521,0.00304299360141,0.00784910935909,0.00231194798835,0.00286454730667,0.00180676754098,0.000810978235677,0.00207482464612,0.000933474570047,0.00109022087418,0.000593732984271,0.00079461192945,0.000562879955396,0.000593633449171,0.000566952221561,0.00093967927387,0.00030076384428,0.000335582764819,0.000247715623118,0.000325217231875,0.00022892357083,0.000123857505969,0.0000855871330714,0.0000560462140129,0.000047555880883,0.0000238113061641,0.0000101718824226,0.000006725345429,0.00000315151646646,0.00000133678554448,7.02055160673e-7],"mean":[0.00579628208652,0.00274550938047,0.00135565525852,0.000762441370171,0.000688714790158,0.000547080475371,0.000377071963158,0.00035738342558,0.000219587949687,0.000183230542461,0.000126990606077,0.000158866809215,0.0000924429914448,0.0000776306114858,0.0000694366535754,0.000041286511987,0.0000358222714567,0.0000339401267411,0.0000367152497347,0.0000284825600829,0.0000224218547373,0.0000180696915777,0.0000142173166751,0.0000118441466839,0.0000121274661069,0.00000930565875024,0.00000657744840282,0.00000521667834619,0.00000480615517517,0.00000454630298918,0.00000299334215015,0.00000216922148866,0.00000167592929756,0.0000010715729104,6.29195824331e-7,3.36096206865e-7,1.68662026567e-7,8.57946886867e-8,4.83126427753e-8,2.95812103701e-8],"median":[0.0027949155774,0.00179118709639,0.00068655522773,0.000453268323326,0.000327983987518,0.00017708336236,0.000160564683028,0.000120682627312,0.0000955083232839,0.0000870472867973,0.0000630997819826,0.0000763111384003,0.0000468371072202,0.0000370402813132,0.0000334826218022,0.000020246798158,0.0000163118129421,0.0000174630240508,0.000020008877982,0.0000160488143592,0.0000129161053337,0.0000101374189398,0.00000791744787421,0.00000598627821091,0.00000557907424081,0.00000428811972597,0.00000274145918411,0.00000175039519945,0.00000163959555266,0.00000144994669427,0.0000010951943068,7.73627562012e-7,5.68091195419e-7,3.60736407856e-7,2.49364120464e-7,1.32665135766e-7,6.67510775543e-8,3.38591057414e-8,1.87435400534e-8,1.14387601613e-8],"min":[5.63444901847e-10,1.83216594674e-10,1.65765484672e-10,7.17132048189e-11,3.024988246e-11,1.15140275786e-11,1.85707595135e-11,3.16199301985e-12,1.14859944472e-12,2.43081227889e-12,4.08905027893e-12,1.90709210576e-12,1.5755462256e-12,1.31992680674e-12,2.83717125314e-12,5.67774885267e-13,1.3713269886e-12,4.60836826598e-13,5.94732488084e-13,2.96803684061e-12,2.34019748024e-12,3.14948371202e-12,2.95180936985e-12,1.56710278434e-12,6.19119230709e-13,2.69117356438e-13,9.00488505377e-13,9.29718324896e-13,1.37751528934e-12,1.12659610373e-12,9.93732873766e-13,8.33237884072e-13,5.71295831822e-13,6.17044121961e-13,7.87014713382e-13,6.53604297421e-12,4.96075446346e-12,1.02888314188e-12,5.08172171877e-13,9.27482103705e-14],"var":[0.0000939627643675,0.0000105630379039,0.00000421040886067,9.31384988689e-7,0.00000102850719941,0.00000128331237192,3.87069576391e-7,6.58804367504e-7,1.51173281893e-7,1.1239410469e-7,3.8380537859e-8,7.51855822045e-8,2.1197173794e-8,1.70950347211e-8,1.20161232076e-8,3.81787845782e-9,5.19439957714e-9,2.31515939753e-9,2.72048805705e-9,1.52245438478e-9,9.80237335746e-10,6.80923539775e-10,4.0546199731e-10,3.86009307851e-10,5.82788817205e-10,3.19082538169e-10,1.80440384856e-10,1.32545918685e-10,1.80240336545e-10,1.81920617459e-10,5.66253779977e-11,2.48158438243e-11,1.50972498392e-11,5.98493780576e-12,1.36950563737e-12,3.89219282889e-13,1.05304010141e-13,2.52151154367e-14,6.66958655459e-15,2.55297424368e-15]},"melbands_crest":{"dmean":4.52173376083,"dmean2":7.3123960495,"dvar":15.7178192139,"dvar2":37.5063247681,"max":38.2617912292,"mean":17.216583252,"median":16.1981430054,"min":3.73890542984,"var":44.2896690369},"melbands_flatness_db":{"dmean":0.0359589569271,"dmean2":0.0555884577334,"dvar":0.00106171984226,"dvar2":0.00253414758481,"max":0.667602300644,"mean":0.257903844118,"median":0.248255640268,"min":0.0513916797936,"var":0.00500787934288},"melbands_kurtosis":{"dmean":10.9187088013,"dmean2":17.531129837,"dvar":442.777984619,"dvar2":999.196777344,"max":527.766052246,"mean":20.3356342316,"median":9.76105690002,"min":-1.79644346237,"var":1463.43383789},"melbands_skewness":{"dmean":0.932406425476,"dmean2":1.48684608936,"dvar":0.975374162197,"dvar2":2.40079283714,"max":17.0677814484,"mean":3.13706994057,"median":2.69288825989,"min":-1.57034778595,"var":3.80551362038},"melbands_spread":{"dmean":5.37145900726,"dmean2":8.46503734589,"dvar":62.7743911743,"dvar2":131.653121948,"max":166.664718628,"mean":15.2194232941,"median":12.4864501953,"min":0.261464089155,"var":185.031845093},"mfcc":{"cov":[[10091.8388672,122.481758118,-1453.68286133,494.128387451,-645.419189453,-13.8946666718,-433.643829346,110.175384521,-211.106109619,6.32819032669,-112.965385437,34.2574119568,17.3277378082],[122.481758118,1109.36938477,-27.4350185394,-219.307769775,32.9400405884,-41.3759117126,-16.7939090729,-90.4813995361,-16.1356201172,-44.0044937134,-7.43150758743,-30.5997848511,3.30044341087],[-1453.68286133,-27.4350185394,578.900634766,-105.948051453,120.366958618,-22.0555686951,54.3229064941,-15.1347494125,17.1660919189,2.63483262062,29.6750259399,-6.59707069397,-7.23865175247],[494.128387451,-219.307769775,-105.948051453,310.77456665,-42.4957389832,36.6351165771,-27.8290691376,40.5190086365,2.44541025162,24.1987190247,-0.774257004261,15.7737073898,-1.46409273148],[-645.419189453,32.9400405884,120.366958618,-42.4957389832,216.526733398,10.4450569153,87.8024520874,-15.7544517517,44.7471542358,-2.50412368774,18.4009418488,0.897963285446,4.76276493073],[-13.8946666718,-41.3759117126,-22.0555686951,36.6351165771,10.4450569153,121.293022156,45.3918190002,29.7693519592,2.96663284302,-3.71226143837,-9.3031873703,-1.91319286823,0.827337801456],[-433.643829346,-16.7939090729,54.3229064941,-27.8290691376,87.8024520874,45.3918190002,143.866134644,19.3046607971,40.6514587402,-5.7228808403,6.1016535759,-9.82701778412,2.4753100872],[110.175384521,-90.4813995361,-15.1347494125,40.5190086365,-15.7544517517,29.7693519592,19.3046607971,105.009284973,13.4565067291,10.6450052261,-4.8797545433,0.887952446938,-2.70656180382],[-211.106109619,-16.1356201172,17.1660919189,2.44541025162,44.7471542358,2.96663284302,40.6514587402,13.4565067291,92.1729202271,30.0128612518,18.5527648926,5.52980041504,-1.07094466686],[6.32819032669,-44.0044937134,2.63483262062,24.1987190247,-2.50412368774,-3.71226143837,-5.7228808403,10.6450052261,30.0128612518,79.5888824463,32.3682975769,15.9570474625,-1.8288949728],[-112.965385437,-7.43150758743,29.6750259399,-0.774257004261,18.4009418488,-9.3031873703,6.1016535759,-4.8797545433,18.5527648926,32.3682975769,69.1555099487,21.1953964233,7.2470240593],[34.2574119568,-30.5997848511,-6.59707069397,15.7737073898,0.897963285446,-1.91319286823,-9.82701778412,0.887952446938,5.52980041504,15.9570474625,21.1953964233,56.1550331116,22.6169548035],[17.3277378082,3.30044341087,-7.23865175247,-1.46409273148,4.76276493073,0.827337801456,2.4753100872,-2.70656180382,-1.07094466686,-1.8288949728,7.2470240593,22.6169548035,51.3951759338]],"icov":[[0.000189521131688,-0.0000547766285308,0.000375777803129,-0.000145144804264,0.000180723320227,0.0000568307259528,0.000228384014918,-0.000185727039934,0.000204752359423,-0.0000585259258514,0.0000514934836247,-0.0000235454899666,-0.000044746153435],[-0.0000547766285308,0.00115831661969,0.000123667239677,0.000803005765192,-0.000254604150541,-0.0000655155090499,0.0002767588594,0.000661211437546,-0.000168002326973,0.000344078143826,-0.000196240915102,0.000558203668334,-0.00017871169257],[0.000375777803129,0.000123667239677,0.00289635453373,0.000398840900743,-0.000715896370821,0.0004783270997,0.000286925700493,-0.000426029146183,0.000775279826485,-0.000173744236236,-0.000645604974125,0.000247248128289,0.000299248815281],[-0.000145144804264,0.000803005765192,0.000398840900743,0.00451509887353,-0.00022697878012,-0.00128502526786,0.00105170579627,-0.000584548921324,-0.000383955513826,-0.000586786540225,-0.000034900749597,-0.000452328822576,0.000317539379466],[0.000180723320227,-0.000254604150541,-0.000715896370821,-0.00022697878012,0.00756221218035,0.000225545110879,-0.00358808157034,0.0014354995219,-0.00190698541701,0.000861144741066,-0.00062450976111,-0.000779510999564,-0.00018588808598],[0.0000568307259528,-0.0000655155090499,0.0004783270997,-0.00128502526786,0.000225545110879,0.0107243042439,-0.00405801925808,-0.00191899645142,0.00150686514098,-0.000188267673366,0.00132948637474,-0.000569817901123,0.00000464703134639],[0.000228384014918,0.0002767588594,0.000286925700493,0.00105170579627,-0.00358808157034,-0.00405801925808,0.0128613887355,-0.00197269162163,-0.00359475729056,0.00195880956016,-0.00123045779765,0.00277813384309,-0.00140413467307],[-0.000185727039934,0.000661211437546,-0.000426029146183,-0.000584548921324,0.0014354995219,-0.00191899645142,-0.00197269162163,0.0119616677985,-0.00161724269856,-0.00107174296863,0.00128192722332,-0.000220403293497,0.000410691631259],[0.000204752359423,-0.000168002326973,0.000775279826485,-0.000383955513826,-0.00190698541701,0.00150686514098,-0.00359475729056,-0.00161724269856,0.0158602446318,-0.00564702460542,-0.000625573040452,-0.000560165208299,0.000744693097658],[-0.0000585259258514,0.000344078143826,-0.000173744236236,-0.000586786540225,0.000861144741066,-0.000188267673366,0.00195880956016,-0.00107174296863,-0.00564702460542,0.018875759095,-0.0073655997403,-0.00225174403749,0.00231241667643],[0.0000514934836247,-0.000196240915102,-0.000645604974125,-0.000034900749597,-0.00062450976111,0.00132948637474,-0.00123045779765,0.00128192722332,-0.000625573040452,-0.0073655997403,0.020813986659,-0.00585849676281,-0.000565386086237],[-0.0000235454899666,0.000558203668334,0.000247248128289,-0.000452328822576,-0.000779510999564,-0.000569817901123,0.00277813384309,-0.000220403293497,-0.000560165208299,-0.00225174403749,-0.00585849676281,0.0260147042572,-0.0107837142423],[-0.000044746153435,-0.00017871169257,0.000299248815281,0.000317539379466,-0.00018588808598,0.00000464703134639,-0.00140413467307,0.000410691631259,0.000744693097658,0.00231241667643,-0.000565386086237,-0.0107837142423,0.0245642475784]],"mean":[-662.719421387,159.506607056,-8.90660762787,36.3029251099,-2.22612833977,17.7959899902,-1.24538612366,11.5413398743,2.50988745689,5.10639381409,0.231760680676,1.93607831001,1.70433735847]},"pitch_salience":{"dmean":0.090507350862,"dmean2":0.145380929112,"dvar":0.00617671664804,"dvar2":0.0154016148299,"max":0.824718177319,"mean":0.536306321621,"median":0.553304374218,"min":0.0860783532262,"var":0.0166565440595},"silence_rate_20dB":{"dmean":0,"dmean2":0,"dvar":0,"dvar2":0,"max":1,"mean":1,"median":1,"min":1,"var":0},"silence_rate_30dB":{"dmean":0.0783617421985,"dmean2":0.156742036343,"dvar":0.072222918272,"dvar2":0.148511096835,"max":1,"mean":0.908864974976,"median":1,"min":0,"var":0.0828271880746},"silence_rate_60dB":{"dmean":0.00757575780153,"dmean2":0.0151533093303,"dvar":0.00751819554716,"dvar2":0.0180010069162,"max":1,"mean":0.0434370934963,"median":0,"min":0,"var":0.0415484830737},"spectral_centroid":{"dmean":220.353515625,"dmean2":330.695526123,"dvar":84093.8515625,"dvar2":142778.1875,"max":11125.9648438,"mean":1038.03637695,"median":903.079162598,"min":116.372322083,"var":389831.09375},"spectral_complexity":{"dmean":4.05776500702,"dmean2":6.14608716965,"dvar":20.90832901,"dvar2":38.9311904907,"max":61,"mean":21.504201889,"median":22,"min":0,"var":144.532318115},"spectral_contrast_coeffs":{"dmean":[0.0533039644361,0.0477188043296,0.0367469228804,0.0261555723846,0.0228686947376,0.0388718210161],"dmean2":[0.0887879803777,0.0792070776224,0.0615994930267,0.0439246818423,0.0379448086023,0.0609374418855],"dvar":[0.00174322654493,0.00140663899947,0.00084611173952,0.000422840152169,0.000382984755561,0.001178661827],"dvar2":[0.00480902800336,0.00378901953809,0.0023514337372,0.00113228347618,0.00102988816798,0.00275959516875],"max":[-0.390583276749,-0.480510741472,-0.543263912201,-0.61683511734,-0.683057844639,-0.460241913795],"mean":[-0.691380381584,-0.772087931633,-0.802103042603,-0.822476744652,-0.821160793304,-0.725486934185],"median":[-0.694266736507,-0.777985394001,-0.804346203804,-0.822326481342,-0.815450549126,-0.716623544693],"min":[-0.952802538872,-0.965508401394,-0.975846946239,-0.980045437813,-0.97033560276,-0.963662743568],"var":[0.00560819497332,0.00480787456036,0.00282722013071,0.0016273955116,0.00164199643768,0.0060053197667]},"spectral_contrast_valleys":{"dmean":[0.38920173049,0.358194410801,0.321925580502,0.299769073725,0.323159992695,0.5765619874],"dmean2":[0.647137582302,0.585298001766,0.515476763248,0.466169089079,0.477991700172,0.899938762188],"dvar":[0.118743740022,0.106862820685,0.0958837270737,0.10542653501,0.146574169397,0.244536921382],"dvar2":[0.280520439148,0.238301590085,0.19543223083,0.199289351702,0.28624433279,0.626250505447],"max":[-4.99310731888,-4.51276493073,-5.01218271255,-5.40453004837,-5.15237617493,-8.93165397644],"mean":[-6.60689353943,-6.40428781509,-6.9278845787,-7.39682674408,-7.61082744598,-11.0184412003],"median":[-6.41776609421,-6.23134469986,-6.70101547241,-7.13799715042,-7.3069486618,-10.9020528793],"min":[-27.7952194214,-27.0133171082,-27.3393173218,-27.3336372375,-27.1486644745,-27.2124290466],"var":[0.929133892059,1.17483592033,1.21203279495,1.27237796783,1.42647278309,0.943399727345]},"spectral_decrease":{"dmean":5.42472822218e-9,"dmean2":8.36660607462e-9,"dvar":8.26876739483e-17,"dvar2":1.90525304583e-16,"max":7.32618676835e-9,"mean":-1.07201447719e-8,"median":-7.87726506246e-9,"min":-1.01978528733e-7,"var":1.27542766891e-16},"spectral_energy":{"dmean":0.0219760853797,"dmean2":0.0335732959211,"dvar":0.00134905509185,"dvar2":0.00305582210422,"max":0.41456091404,"mean":0.0508925281465,"median":0.0399836450815,"min":1.40390286063e-8,"var":0.0023083020933},"spectral_energyband_high":{"dmean":0.000302717555314,"dmean2":0.000435846974142,"dvar":4.02677102329e-7,"dvar2":7.38147491575e-7,"max":0.01265583653,"mean":0.000791496771853,"median":0.000397958792746,"min":9.68795044187e-10,"var":0.00000145989008615},"spectral_energyband_low":{"dmean":0.017828123644,"dmean2":0.0282911416143,"dvar":0.00104264495894,"dvar2":0.00252072233707,"max":0.349909991026,"mean":0.0267059933394,"median":0.016200998798,"min":2.71745692615e-9,"var":0.00129287037998},"spectral_energyband_middle_high":{"dmean":0.00183385424316,"dmean2":0.00288896611892,"dvar":0.00000863938657858,"dvar2":0.000021555539206,"max":0.0551308356225,"mean":0.00496993213892,"median":0.0036616588477,"min":2.35166858209e-10,"var":0.000025160230507},"spectral_energyband_middle_low":{"dmean":0.00530827371404,"dmean2":0.00838590785861,"dvar":0.0000510362006025,"dvar2":0.000126735831145,"max":0.114908002317,"mean":0.0139607908204,"median":0.0100388312712,"min":9.36101196558e-10,"var":0.000170829560375},"spectral_entropy":{"dmean":0.173996895552,"dmean2":0.26296582818,"dvar":0.034893181175,"dvar2":0.0787777900696,"max":9.81209373474,"mean":7.51389980316,"median":7.58995866776,"min":5.2022767067,"var":0.149292036891},"spectral_flux":{"dmean":0.0327836088836,"dmean2":0.0521582812071,"dvar":0.00182733417023,"dvar2":0.00415750965476,"max":0.516793787479,"mean":0.118031948805,"median":0.108910836279,"min":0.000127288411022,"var":0.00468759890646},"spectral_kurtosis":{"dmean":3.64340376854,"dmean2":5.82616043091,"dvar":41.1698646545,"dvar2":110.931312561,"max":152.358810425,"mean":14.4689674377,"median":12.7519979477,"min":-1.18978989124,"var":84.5326004028},"spectral_rms":{"dmean":0.00130335835274,"dmean2":0.00194757024292,"dvar":0.00000245336082116,"dvar2":0.00000522889695276,"max":0.0201109349728,"mean":0.00638901442289,"median":0.00624567316845,"min":0.00000370089355783,"var":0.00000883186658029},"spectral_rolloff":{"dmean":3532.15551758,"dmean2":6675.29003906,"dvar":44487280,"dvar2":111360176,"max":22028.4667969,"mean":5437.27685547,"median":1205.859375,"min":43.06640625,"var":64985148},"spectral_skewness":{"dmean":0.30997338891,"dmean2":0.478962749243,"dvar":0.185930848122,"dvar2":0.46292078495,"max":9.2016658783,"mean":2.50734138489,"median":2.38929033279,"min":-0.00425770413131,"var":0.62489336729},"spectral_spread":{"dmean":456982,"dmean2":724038.0625,"dvar":319281561600,"dvar2":636166537216,"max":40366380,"mean":3973159.5,"median":3883860,"min":770098.6875,"var":904507686912},"spectral_strongpeak":{"dmean":0.909508109093,"dmean2":1.68033766747,"dvar":25.9960899353,"dvar2":71.9534454346,"max":131.233825684,"mean":1.01016283035,"median":0.282459139824,"min":0,"var":23.5513744354},"zerocrossingrate":{"dmean":0.0293023083359,"dmean2":0.0386694222689,"dvar":0.000682550191414,"dvar2":0.00117715343367,"max":0.615234375,"mean":0.190629824996,"median":0.1865234375,"min":0.01416015625,"var":0.00652259308845}},"metadata":{"audio_properties":{"analysis_sample_rate":44100,"bit_rate":320000,"codec":"mp3","downmix":"mix","equal_loudness":0,"length":196.154541016,"lossless":false,"md5_encoded":"87c956c5613b4009b083d3c617dee899","replay_gain":-9.32634162903,"sample_rate":44100},"tags":{"acoustid_id":["13d30afa-a1fb-43c0-9ddb-d6ecd37e49b0"],"album":["King Animal Plus"],"albumartist":["Soundgarden"],"albumartistsort":["Soundgarden"],"artist":["Soundgarden"],"artistsort":["Soundgarden"],"barcode":["602537428373"],"catalognumber":["3742837"],"composer":["Chris Cornell"],"date":["2013"],"discnumber":["1/1"],"file_name":"10. Soundgarden - Halfway There.mp3","genre":["Grunge"],"isrc":["USUM71211008"],"label":["Vertigo"],"language":["eng"],"lyricist":["Chris Cornell"],"media":["CD"],"musicbrainz album release country":["NZ"],"musicbrainz album status":["official"],"musicbrainz album type":["album"],"musicbrainz_albumartistid":["153c9281-268f-4cf3-8938-f5a4593e5df4"],"musicbrainz_albumid":["ad900663-0ca4-4dfc-8325-07dc29325b50"],"musicbrainz_artistid":["153c9281-268f-4cf3-8938-f5a4593e5df4"],"musicbrainz_recordingid":["7dcce2bc-bf10-4022-ade6-015b0dbabcc0"],"musicbrainz_workid":["5b4075a1-b3a0-46a2-b9b5-9f18cb658ffe"],"originaldate":["2012"],"script":["Latn"],"title":["Halfway There"],"tracknumber":["10/19"]},"version":{"essentia":"2.1-beta1","essentia_build_sha":"ca57ba49d9b1854bd80e60cf9ccf267278fb7d6b","essentia_git_sha":"v2.1_beta1-28-g21ef5f4-dirty","extractor":"music 1.0"}},"rhythm":{"beats_count":341,"beats_loudness":{"dmean":0.0500594861805,"dmean2":0.0949556455016,"dvar":0.00235263281502,"dvar2":0.00762536609545,"max":0.277624607086,"mean":0.0764981582761,"median":0.0658243745565,"min":4.76041577713e-7,"var":0.00318918679841},"beats_loudness_band_ratio":{"dmean":[0.223178520799,0.109909765422,0.0884997621179,0.0543815493584,0.0313901081681,0.0558963119984],"dmean2":[0.413763791323,0.202726334333,0.164362564683,0.0975467413664,0.05784