{"lowlevel":{"average_loudness":0.81227427721,"barkbands":{"dmean":[0.00766736268997,0.0145738031715,0.00179238547571,0.000732542481273,0.00118413136806,0.00153342622798,0.000717959890608,0.000723752658814,0.000970468798187,0.00113976572175,0.000298993167235,0.000469267426524,0.00026826132671,0.00026282001636,0.000304173532641,0.000169235965586,0.000118116215162,0.000115452814498,0.0000885929184733,0.0000410939828726,0.0000385373823519,0.0000277317576547,0.0000401917350246,0.0000382366015401,0.00000442827149527,0.0000203690906346,0.000054476371588],"dmean2":[0.0124914934859,0.0248844586313,0.00305195664987,0.00127538060769,0.0017506047152,0.00224488019012,0.00109633721877,0.00108837557491,0.0015251392033,0.00176100444514,0.000481274008052,0.000750352628529,0.000438530900283,0.000426682003308,0.000500452821143,0.000275496859103,0.000182833347935,0.000175724140718,0.000137455164804,0.0000624508829787,0.0000573525612708,0.0000416275834141,0.0000625976681476,0.0000608590780757,0.00000704953890818,0.0000322951964336,0.0000825386523502],"dvar":[0.000504826311953,0.00202128384262,0.0000302171138173,0.00000282141650132,0.00000692854837325,0.0000319484970532,0.00000585564794164,0.00000856977658259,0.0000129785994432,0.0000194150507014,7.18027990843e-7,0.00000123174015698,3.33294849497e-7,4.28145938258e-7,5.70071733819e-7,3.39432773444e-7,1.73535553927e-7,1.49849853415e-7,1.10378543638e-7,1.94976141898e-8,1.59793138721e-8,6.06508976375e-9,1.81849149072e-8,9.51660172888e-9,9.06170069537e-11,2.37658359659e-9,3.55630298543e-8],"dvar2":[0.0012188978726,0.00521248299628,0.0000810413112049,0.00000889944567461,0.0000147043683683,0.0000685077975504,0.0000135477530421,0.0000191411909327,0.0000310822470055,0.000045591059461,0.00000186199667951,0.00000284704219666,8.45219062739e-7,0.00000109939014692,0.00000146857348682,8.70905523698e-7,4.0599775275e-7,3.26293644548e-7,2.60527002638e-7,4.40075105246e-8,3.71443711344e-8,1.34302826638e-8,4.3137806216e-8,2.29513332783e-8,2.08048828165e-10,5.60933965943e-9,8.35057747395e-8],"max":[0.26813018322,0.474058240652,0.0727885812521,0.0397162027657,0.0850959122181,0.228156119585,0.109008133411,0.148511514068,0.158983364701,0.151121363044,0.0330396965146,0.0446306951344,0.0106358611956,0.0193802397698,0.0122501095757,0.00995588582009,0.0066426070407,0.00552315125242,0.005897261668,0.0051194424741,0.00592384021729,0.00225314311683,0.0063985241577,0.00151349965017,0.000172304949956,0.00101487326901,0.00879549514502],"mean":[0.00624500634149,0.0113517539576,0.0017292710254,0.000890069175512,0.00208799354732,0.00255986023694,0.000962790800259,0.000982101075351,0.00134648696985,0.0016213656636,0.000365187501302,0.00059779122239,0.000313356547849,0.000324774329783,0.000329178670654,0.000158508424647,0.000122328856378,0.000129024803755,0.0000941454200074,0.0000465396224172,0.0000439291216026,0.0000286022459477,0.0000353844661731,0.0000324614265992,0.0000041130210775,0.0000174114502443,0.0000536792067578],"median":[0.000395131355617,0.00104793789797,0.000438551302068,0.000295168778393,0.00045839077211,0.000282043096377,0.000200022041099,0.000180995819392,0.000167965088622,0.000197348999791,0.0000753057247493,0.000122534518596,0.0000656993579469,0.0000388740554627,0.0000291614778689,0.00000750969729779,0.00000572644466956,0.00000496755137647,0.00000399662030759,0.00000336281277669,0.00000377264314011,0.00000254201040661,0.00000215850900531,0.00000208429514714,6.50357662835e-7,0.00000143489739912,0.00000460020100945],"min":[9.49461744256e-25,1.4217810686e-24,3.08101853878e-24,4.6336967765e-24,7.3541542112e-24,2.28673531924e-23,2.06751071591e-23,1.45530637517e-23,2.57187887531e-23,1.90649111006e-23,2.23711817711e-23,1.59447721607e-23,5.55128739633e-23,5.92558927409e-23,5.04536060556e-23,8.788272098e-23,8.47127055205e-23,1.59818991103e-22,1.6217911147e-22,2.24532860986e-22,2.58096708936e-22,3.55819788133e-22,4.6352628705e-22,7.48334053429e-22,1.08710677197e-21,1.40901180158e-21,2.02053364511e-21],"var":[0.000430701038567,0.00150358863175,0.000022731421268,0.00000435166657553,0.0000206839376915,0.0000656244446873,0.0000098159598565,0.0000144016394188,0.0000262027078861,0.0000404420352424,0.0000010449190313,0.00000218841978494,4.1344139845e-7,6.65828508772e-7,5.93798176851e-7,3.00271523201e-7,1.87461552059e-7,1.79845287107e-7,1.18825909112e-7,2.24965095441e-8,1.73716792062e-8,6.74216282803e-9,1.65527751506e-8,8.47698089501e-9,9.26291057746e-11,2.198641047e-9,3.42992194646e-8]},"barkbands_crest":{"dmean":3.28536725044,"dmean2":5.30954360962,"dvar":8.62764072418,"dvar2":22.3795280457,"max":25.7324905396,"mean":11.4039802551,"median":10.8343238831,"min":2.30922937393,"var":19.5410118103},"barkbands_flatness_db":{"dmean":0.0411147736013,"dmean2":0.0622926168144,"dvar":0.00137705937959,"dvar2":0.00329999811947,"max":0.441728174686,"mean":0.182099372149,"median":0.17668864131,"min":0.0184599179775,"var":0.0045546265319},"barkbands_kurtosis":{"dmean":8.7194890976,"dmean2":14.302107811,"dvar":254.827301025,"dvar2":657.690795898,"max":280.215911865,"mean":10.6879873276,"median":4.12273263931,"min":-1.83231425285,"var":344.040679932},"barkbands_skewness":{"dmean":1.0364536047,"dmean2":1.60874319077,"dvar":1.43878924847,"dvar2":3.56054496765,"max":12.6019353867,"mean":1.93506038189,"median":1.53908455372,"min":-3.64931249619,"var":3.13836431503},"barkbands_spread":{"dmean":6.62664842606,"dmean2":10.5598707199,"dvar":94.0221328735,"dvar2":228.574539185,"max":125.594528198,"mean":13.649723053,"median":10.3711919785,"min":0.284128546715,"var":175.342803955},"dissonance":{"dmean":0.035139106214,"dmean2":0.0581045001745,"dvar":0.00114392500836,"dvar2":0.00297304918058,"max":0.500000119209,"mean":0.441000193357,"median":0.4524718225,"min":0.0908545553684,"var":0.00229581561871},"dynamic_complexity":5.54373645782,"erbbands":{"dmean":[0.644092619419,2.48699378967,2.8836452961,1.91246342659,2.44749522209,4.60641860962,9.89978790283,12.1157608032,10.945602417,10.202542305,18.7562389374,20.1943721771,39.5286445618,20.2829265594,11.8587093353,20.2402915955,12.8264398575,12.7560024261,14.6376724243,13.7848892212,8.11733913422,6.73519468307,6.3726272583,5.50502061844,3.44753623009,1.96312952042,1.50745785236,1.50144183636,1.01600837708,1.02545964718,1.18766868114,0.963549733162,0.497094720602,0.0991978347301,0.0147046362981,0.00849055126309,0.040933161974,0.0442200675607,0.00843057595193,0.000584739318583],"dmean2":[1.12405574322,4.20801591873,4.78494977951,3.24913907051,4.10978889465,6.69289445877,14.0452270508,18.2386837006,16.5899124146,15.0624370575,28.0890464783,31.5599155426,61.333656311,31.0346794128,18.7102470398,32.2178878784,20.7160758972,20.5111160278,23.903837204,22.528377533,12.9508895874,10.3242425919,9.67491817474,8.46127510071,5.34433555603,2.9735648632,2.24801158905,2.23587059975,1.52148163319,1.55853044987,1.85760748386,1.53411006927,0.790750443935,0.157030180097,0.0235319621861,0.0135266203433,0.0648609697819,0.0700623840094,0.0129220141098,0.000859406834934],"dvar":[3.86162209511,73.5077438354,92.1632461548,15.0855560303,34.3942451477,127.937866211,950.20111084,3153.88549805,1896.38464355,1278.12121582,4915.72705078,6461.28076172,29258.859375,3316.35424805,633.698547363,2415.13989258,723.954956055,1018.63232422,1350.32373047,1379.22741699,806.143310547,559.762817383,436.328552246,403.608581543,171.048736572,45.8650436401,18.4635658264,30.8233737946,10.7871932983,11.0421257019,17.3925933838,6.54278469086,1.50789940357,0.0510500855744,0.00121595582459,0.000378101045499,0.00927222333848,0.0133376577869,0.000933800067287,0.00000751354536987],"dvar2":[10.3791418076,188.471755981,234.139190674,42.1724967957,110.571838379,270.397064209,1690.8404541,7001.21777344,4250.40576172,2534.88378906,10781.9042969,15161.4863281,71131.1640625,7786.3359375,1541.5880127,5516.00537109,1823.53466797,2599.40625,3552.89013672,3476.94384766,2038.96887207,1268.6619873,948.618347168,910.728210449,406.449798584,103.412216187,41.1202507019,73.557182312,24.2379894257,24.7082481384,42.0787696838,15.8854484558,3.57904911041,0.118266016245,0.00282692257315,0.000873454555403,0.0218656025827,0.031709715724,0.0021981485188,0.0000182923795364],"max":[16.6807975769,98.4395675659,111.26171875,63.2722244263,138.001602173,450.149841309,1281.36120605,2539.94189453,1333.11706543,2501.92407227,3361.09790039,4170.65673828,5503.77001953,2356.31689453,678.298034668,2258.74145508,581.492675781,1027.49865723,667.09564209,555.753601074,456.362548828,362.33380127,288.056152344,342.986938477,337.25088501,267.361114502,88.3701171875,302.044647217,162.314498901,175.33430481,248.575408936,45.7969512939,21.0410633087,3.20218205452,0.526778995991,0.292687892914,1.24927067757,2.99327087402,1.42456448078,0.177619129419],"mean":[0.468024849892,1.99446165562,2.68539452553,2.38500356674,3.42136287689,8.14281749725,19.7561511993,17.5855808258,14.4145793915,14.7524719238,26.169500351,29.0991725922,57.9081687927,29.0124778748,16.2489738464,26.1614055634,16.0627441406,16.121049881,17.5592136383,13.9822044373,7.87881851196,7.16928863525,7.2128071785,5.9494600296,3.72581028938,2.22249889374,1.73993813992,1.66403484344,1.06514787674,0.962861478329,1.03262710571,0.81518560648,0.425237476826,0.0885434746742,0.0141633460298,0.00830919109285,0.0348794646561,0.0374482385814,0.00779723422602,0.000673811067827],"median":[0.0418677181005,0.166074126959,0.527265608311,0.997332930565,1.21931827068,1.45320343971,1.87820804119,2.32721328735,2.40007376671,3.69612002373,4.92710828781,4.15757417679,5.76479768753,5.9069070816,4.58417034149,5.85918092728,3.876547575,2.34493422508,1.92937588692,1.08053565025,0.435006439686,0.330695927143,0.291365861893,0.23488727212,0.181666776538,0.158475801349,0.155940264463,0.135770514607,0.0956774801016,0.0735484361649,0.062140841037,0.0505011826754,0.0286843944341,0.0103336228058,0.0030286477413,0.00186437834054,0.00320857670158,0.002065845998,0.000574540637899,0.0000815264211269],"min":[8.96734163022e-23,3.12542752655e-22,2.09839626118e-21,1.49383939554e-20,1.53278473899e-20,1.90898211949e-20,1.88908677786e-19,1.71485630372e-19,2.11918335036e-19,3.49102039102e-19,2.90969905302e-19,8.05364809571e-19,5.72600217705e-19,8.54104100721e-19,5.96452177463e-19,1.02162906107e-18,2.7041361405e-18,3.02150735036e-18,2.15348035236e-18,3.40988229643e-18,5.96127519412e-18,5.5052554855e-18,9.19450955522e-18,9.15814504113e-18,9.49361641036e-18,1.13050774318e-17,1.1634590619e-17,1.12577279591e-17,1.0549506672e-17,1.38856509867e-17,1.30224847088e-17,1.37213803617e-17,1.1368340205e-17,1.01258983813e-17,7.71976894577e-18,3.84607469256e-18,2.56761680464e-18,1.00659484664e-18,2.78485423413e-19,2.46458722004e-20],"var":[2.62420415878,55.2767028809,73.3372802734,19.5005455017,52.1730918884,439.047973633,3950.91992188,4695.61376953,2801.85180664,2644.04785156,8868.3828125,13338.6855469,59238.015625,6603.57910156,1072.60253906,4314.45605469,998.786743164,1599.99926758,1598.61022949,1320.5135498,735.054138184,627.205810547,531.934936523,461.923065186,179.926483154,52.9641647339,22.3038749695,31.1704959869,11.4523773193,11.2955408096,15.2170534134,5.77463769913,1.37927758694,0.04961014539,0.00127352890559,0.000402527308324,0.00860400684178,0.0121287871152,0.000877861399204,0.00000701193175701]},"erbbands_crest":{"dmean":3.61656975746,"dmean2":5.73849534988,"dvar":11.0024423599,"dvar2":25.1113243103,"max":33.2967453003,"mean":11.0850191116,"median":9.64836788177,"min":2.16979002953,"var":31.3977622986},"erbbands_flatness_db":{"dmean":0.0354448705912,"dmean2":0.0512032657862,"dvar":0.000905416265596,"dvar2":0.00182742124889,"max":0.441646367311,"mean":0.177852883935,"median":0.173934608698,"min":0.0381825231016,"var":0.00386921549216},"erbbands_kurtosis":{"dmean":2.4909787178,"dmean2":4.02841091156,"dvar":15.9315919876,"dvar2":39.8365249634,"max":100.182220459,"mean":2.72025465965,"median":1.30054330826,"min":-1.80023133755,"var":29.034948349},"erbbands_skewness":{"dmean":0.634698748589,"dmean2":0.956811547279,"dvar":0.355013698339,"dvar2":0.797724068165,"max":8.33689022064,"mean":0.49600237608,"median":0.445778250694,"min":-5.72126102448,"var":1.23481178284},"erbbands_spread":{"dmean":9.33886528015,"dmean2":14.5513734818,"dvar":126.911376953,"dvar2":303.651855469,"max":140.516433716,"mean":24.0353527069,"median":19.6786289215,"min":0.784235358238,"var":265.326507568},"gfcc":{"cov":[[14774.7548828,-757.798522949,-1721.4230957,282.681640625,90.3409729004,-379.736297607,40.7192192078,-135.996948242,448.591522217,-25.8236618042,80.2099761963,-18.687625885,109.281547546],[-757.798522949,1445.72424316,158.804626465,-428.463745117,-13.8571519852,-12.034529686,-147.490188599,4.39357805252,-156.579116821,50.2728042603,-42.0558891296,-16.7068481445,22.8384742737],[-1721.4230957,158.804626465,874.391601562,153.134887695,-111.298194885,154.23248291,14.243730545,15.3184165955,-126.223365784,-20.1630420685,-25.1797847748,42.6463127136,-27.1305370331],[282.681640625,-428.463745117,153.134887695,597.859436035,255.446655273,-23.6395988464,103.785560608,56.6619720459,61.5259933472,-35.8270263672,0.604172945023,0.892545819283,-18.4959182739],[90.3409729004,-13.8571519852,-111.298194885,255.446655273,379.07220459,91.121635437,58.1695785522,83.397064209,66.408241272,10.2728843689,-17.8371047974,-17.8637485504,-18.0334014893],[-379.736297607,-12.034529686,154.23248291,-23.6395988464,91.121635437,297.302093506,98.3091659546,46.1347160339,7.76445817947,10.2584762573,-10.3740444183,9.83520793915,-27.6591835022],[40.7192192078,-147.490188599,14.243730545,103.785560608,58.1695785522,98.3091659546,201.873138428,26.400718689,56.550453186,-25.2920322418,28.9248905182,2.52491545677,-2.94169688225],[-135.996948242,4.39357805252,15.3184165955,56.6619720459,83.397064209,46.1347160339,26.400718689,148.528594971,36.2201881409,43.4550933838,-18.1208877563,3.11285018921,-11.6688423157],[448.591522217,-156.579116821,-126.223365784,61.5259933472,66.408241272,7.76445817947,56.550453186,36.2201881409,166.969146729,37.9061012268,32.9783439636,-19.827960968,-14.6215629578],[-25.8236618042,50.2728042603,-20.1630420685,-35.8270263672,10.2728843689,10.2584762573,-25.2920322418,43.4550933838,37.9061012268,106.752624512,39.7169494629,13.2159805298,-0.618570029736],[80.2099761963,-42.0558891296,-25.1797847748,0.604172945023,-17.8371047974,-10.3740444183,28.9248905182,-18.1208877563,32.9783439636,39.7169494629,100.083457947,53.7782592773,19.7161827087],[-18.687625885,-16.7068481445,42.6463127136,0.892545819283,-17.8637485504,9.83520793915,2.52491545677,3.11285018921,-19.827960968,13.2159805298,53.7782592773,87.8050994873,52.2516860962],[109.281547546,22.8384742737,-27.1305370331,-18.4959182739,-18.0334014893,-27.6591835022,-2.94169688225,-11.6688423157,-14.6215629578,-0.618570029736,19.7161827087,52.2516860962,85.1463165283]],"icov":[[0.000122264522361,-0.000175977533218,0.000494517327752,-0.000583031447604,0.000583410670515,-0.000370021589333,0.000147020356962,0.00017992980429,-0.000310354138492,-0.00000657184864394,0.000316070538247,-0.000397555617383,0.0000717398434062],[-0.000175977533218,0.00209920876659,-0.00229555601254,0.00386925693601,-0.00382279418409,0.00259602721781,-0.000686667044647,-0.000551447505131,0.00151934241876,-0.000350677146344,-0.00122437404934,0.00221558380872,-0.00111154909246],[0.000494517327752,-0.00229555601254,0.00583231914788,-0.00695355376229,0.00724870339036,-0.00554462755099,0.00177316821646,0.000637281977106,-0.000571188167669,-0.000252024794463,0.00239635678008,-0.00372765772045,0.00184435676783],[-0.000583031447604,0.00386925693601,-0.00695355376229,0.0125297829509,-0.0118140969425,0.00887726806104,-0.0039799218066,-0.000950359448325,0.00163965590764,0.000462319731014,-0.00177728687413,0.0021902511362,-0.000317189696943],[0.000583410670515,-0.00382279418409,0.00724870339036,-0.0118140969425,0.0147881638259,-0.00946104153991,0.00359412026592,-0.000748601800296,-0.00253514316864,0.000396990886657,0.00208093365654,-0.00225971010514,0.000572620658204],[-0.000370021589333,0.00259602721781,-0.00554462755099,0.00887726806104,-0.00946104153991,0.0121424384415,-0.00653685955331,0.000832140445709,0.000948063912801,-0.00274514616467,0.00366657576524,-0.00371671142057,0.00334371789359],[0.000147020356962,-0.000686667044647,0.00177316821646,-0.0039799218066,0.00359412026592,-0.00653685955331,0.0115150157362,-0.00374570605345,-0.00178867415525,0.00702324928716,-0.00908106192946,0.00694261817262,-0.00419562868774],[0.00017992980429,-0.000551447505131,0.000637281977106,-0.000950359448325,-0.000748601800296,0.000832140445709,-0.00374570605345,0.0133915375918,-0.00297300796956,-0.008450075984,0.0125283366069,-0.0110510000959,0.00503991451114],[-0.000310354138492,0.00151934241876,-0.000571188167669,0.00163965590764,-0.00253514316864,0.000948063912801,-0.00178867415525,-0.00297300796956,0.0121504506096,-0.00220362120308,-0.0070032114163,0.00866958685219,-0.00216133263893],[-0.00000657184864394,-0.000350677146344,-0.000252024794463,0.000462319731014,0.000396990886657,-0.00274514616467,0.00702324928716,-0.008450075984,-0.00220362120308,0.0203198157251,-0.0150732295588,0.00822927057743,-0.00339097506367],[0.000316070538247,-0.00122437404934,0.00239635678008,-0.00177728687413,0.00208093365654,0.00366657576524,-0.00908106192946,0.0125283366069,-0.0070032114163,-0.0150732295588,0.0383877269924,-0.0318523161113,0.0126809766516],[-0.000397555617383,0.00221558380872,-0.00372765772045,0.0021902511362,-0.00225971010514,-0.00371671142057,0.00694261817262,-0.0110510000959,0.00866958685219,0.00822927057743,-0.0318523161113,0.0485424734652,-0.024621443823],[0.0000717398434062,-0.00111154909246,0.00184435676783,-0.000317189696943,0.000572620658204,0.00334371789359,-0.00419562868774,0.00503991451114,-0.00216133263893,-0.00339097506367,0.0126809766516,-0.024621443823,0.0259998124093]],"mean":[-87.2130737305,112.31879425,-79.8525466919,-6.06851148605,-38.432510376,10.4332532883,-12.4014482498,-7.78211212158,-8.42263031006,-4.94394731522,-6.8690571785,-1.9538693428,-10.5704088211]},"hfc":{"dmean":7.1149096489,"dmean2":10.0747737885,"dvar":183.885879517,"dvar2":376.691894531,"max":327.469970703,"mean":12.0515270233,"median":4.4856762886,"min":1.15021899395e-16,"var":361.067199707},"melbands":{"dmean":[0.00519962562248,0.00215143710375,0.000354856165359,0.000222743430641,0.000310369970975,0.000274889694992,0.000163132877788,0.000110150656838,0.000157134025358,0.000137271199492,0.000199435133254,0.0000880606821738,0.0000416669572587,0.0000509701021656,0.0000414572132286,0.000023772365239,0.0000249088607234,0.0000235769894061,0.0000222167309403,0.0000145968006109,0.00000866597474669,0.00000699406109561,0.00000642483519186,0.00000556574605071,0.00000453279108115,0.00000303076490127,0.00000182864141607,0.00000121101163586,9.36567857934e-7,9.7769157037e-7,8.42529971123e-7,5.9175260958e-7,5.15573447046e-7,5.98760493631e-7,6.88331112997e-7,6.88088277911e-7,5.59411432732e-7,3.791309382e-7,2.24447788355e-7,3.59530041294e-8],"dmean2":[0.00877390056849,0.00354000390507,0.000604083237704,0.000343991909176,0.000439584837295,0.000408944208175,0.000245735252975,0.00016391799727,0.00023664564651,0.000216166605242,0.000309673079755,0.000134948437335,0.0000666404521326,0.0000817403415567,0.0000664236358716,0.0000387587788282,0.0000404517413699,0.0000387708969356,0.000036564655602,0.0000238747597905,0.000013936063624,0.0000108688918772,0.00000988925148704,0.00000856195401866,0.0000070708720159,0.00000471149633086,0.00000283911163024,0.00000185333226455,0.00000142647377288,0.00000147598348121,0.00000127011890072,8.9851090479e-7,7.81529536198e-7,9.24228118038e-7,0.00000107791890969,0.00000110315511392,8.97739539596e-7,6.05076820648e-7,3.59585271781e-7,5.68089788544e-8],"dvar":[0.000233829588979,0.0000529719072802,5.63256833175e-7,2.17700574012e-7,7.79948038598e-7,0.00000141854150115,3.8047502926e-7,1.60272392691e-7,2.9822794545e-7,3.04755332081e-7,7.32211958621e-7,6.50109726053e-8,1.0311862475e-8,1.4733078757e-8,9.71397629002e-9,2.86887558154e-9,4.15674561438e-9,3.56867846385e-9,3.23652105116e-9,2.05521000218e-9,1.04844144477e-9,6.35765662338e-10,4.37316516333e-10,3.84132448072e-10,2.81796003199e-10,1.34985189693e-10,4.58765976596e-11,1.92854725245e-11,7.63710969465e-12,9.03417791964e-12,1.39910426994e-11,4.36819851124e-12,2.25602566142e-12,4.59253295115e-12,6.18050879572e-12,4.87293972534e-12,2.24276239941e-12,9.02424023095e-13,3.05666895874e-13,5.87595607005e-15],"dvar2":[0.000605529232416,0.000132076223963,0.00000167901873738,5.21257163655e-7,0.00000139284759371,0.00000310014615934,8.49394552915e-7,3.28346345668e-7,6.37719438146e-7,7.2921170613e-7,0.00000177440665539,1.52115475771e-7,2.59165524596e-8,3.46180328847e-8,2.22696758811e-8,7.24299198396e-9,1.05827639985e-8,9.39854682969e-9,8.23904056091e-9,5.26793719757e-9,2.68964184258e-9,1.47434642273e-9,9.78351843983e-10,8.68957239497e-10,6.48682274562e-10,3.23298054994e-10,1.09834273621e-10,4.34310469533e-11,1.76981485023e-11,2.07740508823e-11,3.50932824467e-11,1.01948597134e-11,5.08176790578e-12,1.06219217449e-11,1.48813617679e-11,1.19992496841e-11,5.51486547401e-12,2.15994323122e-12,7.27823779977e-13,1.33292518123e-14],"max":[0.144400790334,0.0823152437806,0.0154639407992,0.0156043376774,0.0363770052791,0.0527913197875,0.0187448598444,0.0224351361394,0.0266375653446,0.0294149667025,0.0280133448541,0.0107056545094,0.00286891567521,0.00499442452565,0.00359457335435,0.000950307701714,0.00234761205502,0.00107893231325,0.000794456223957,0.000885129382368,0.000592791708186,0.000398578966269,0.000375782430638,0.000337465840857,0.000302219879813,0.000242140842602,0.000212920596823,0.000242667418206,0.0000703101904946,0.000104798651591,0.000258489802945,0.000104209560959,0.0000618820558884,0.000118779316836,0.000153145869263,0.0000896632918739,0.0000278186180367,0.0000176565208676,0.00000839551466925,0.00000146221384512],"mean":[0.00402974756435,0.00189848989248,0.000457162474049,0.000364985433407,0.000623408588581,0.00041605939623,0.000218178989599,0.000158266047947,0.000215053500142,0.000191694387468,0.000290336291073,0.000120595024782,0.0000526977710251,0.0000651107766316,0.0000525021569047,0.0000281180819002,0.0000306057809212,0.0000282259661617,0.0000232799611695,0.0000138685481943,0.00000818736225483,0.00000718153296475,0.00000711063466952,0.00000602387717663,0.00000476533705296,0.00000316345426654,0.00000196817609321,0.00000134272852392,0.00000105511037418,0.00000108136362087,9.10909307095e-7,6.1110659999e-7,5.1104746035e-7,5.41392239484e-7,5.99920781497e-7,5.7390496977e-7,4.71949306302e-7,3.23520481516e-7,1.89643202475e-7,3.39533094973e-8],"median":[0.00042043250869,0.0002714463335,0.000190847466001,0.0000979344476946,0.0000690459200996,0.0000530083998456,0.0000381945392292,0.000040112357965,0.0000385912062484,0.0000237219082919,0.0000279432206298,0.000021647887479,0.0000121939101518,0.0000139685462273,0.0000128563397084,0.00000575378680878,0.00000378970094062,0.0000030259830055,0.00000194843369172,7.62476247473e-7,3.89732036865e-7,3.23788043488e-7,2.89057027203e-7,2.25350092364e-7,1.78022091291e-7,1.36516305815e-7,1.1109325726e-7,9.75234328848e-8,9.24253242829e-8,8.99572043522e-8,7.10749503696e-8,5.36551461039e-8,4.46903811735e-8,3.71100910002e-8,3.50299380614e-8,3.24790434547e-8,2.91044717216e-8,2.09597939005e-8,1.35658249079e-8,6.03961325396e-9],"min":[1.40395695366e-24,9.22726262102e-25,2.39748713049e-24,8.31655130215e-25,4.73390498842e-24,3.96057359898e-24,3.17536590861e-24,4.7059536744e-24,2.03466692599e-24,4.1717709904e-24,2.65417596094e-24,3.39644102186e-24,2.21809917456e-24,1.69667138533e-24,3.58082305896e-24,7.70067871876e-24,3.15122104567e-24,2.94329782144e-24,3.81428368285e-24,4.90239581702e-24,7.16909454258e-24,4.62253045038e-24,5.70119163648e-24,7.77477879017e-24,6.94286501219e-24,5.52002026327e-24,6.3657884109e-24,5.60046159306e-24,5.74508898484e-24,6.11891399618e-24,6.18118549274e-24,5.78240841655e-24,6.70163529167e-24,6.8715551418e-24,7.99997491278e-24,6.14173061457e-24,8.09373418681e-24,7.28020796767e-24,6.31073893592e-24,7.72326380648e-24],"var":[0.000174281653017,0.0000426692131441,7.55891164772e-7,6.50781487366e-7,0.00000316272189593,0.00000225192502512,5.91917341808e-7,3.12926886181e-7,5.53995903374e-7,6.15681415184e-7,0.00000150188247972,1.25847520849e-7,1.58018149676e-8,2.52110634591e-8,1.67546296836e-8,3.49597817362e-9,6.82353595849e-9,4.39082681325e-9,3.21137161308e-9,1.84571036232e-9,9.20339637833e-10,6.85250411969e-10,5.15091469477e-10,4.30838253962e-10,3.12241343892e-10,1.39521311171e-10,4.74397708616e-11,2.21735997619e-11,8.68998970005e-12,9.9687766722e-12,1.25913749913e-11,4.31008093799e-12,2.41138337596e-12,4.38267607969e-12,5.46096588089e-12,4.09820398103e-12,1.92630763771e-12,8.13091889824e-13,2.77005794604e-13,6.19506980369e-15]},"melbands_crest":{"dmean":4.74679756165,"dmean2":7.55867195129,"dvar":20.4345550537,"dvar2":47.3926010132,"max":38.6399116516,"mean":17.1726131439,"median":16.0541400909,"min":1.85498332977,"var":50.4661521912},"melbands_flatness_db":{"dmean":0.0492155402899,"dmean2":0.0741049125791,"dvar":0.00201668031514,"dvar2":0.00484296213835,"max":0.608022987843,"mean":0.287003189325,"median":0.282177895308,"min":0.00421443022788,"var":0.00703098671511},"melbands_kurtosis":{"dmean":15.0179815292,"dmean2":25.3775157928,"dvar":1325.79650879,"dvar2":3679.38891602,"max":986.857177734,"mean":17.5343818665,"median":6.15217113495,"min":-1.91091406345,"var":1231.22644043},"melbands_skewness":{"dmean":1.26006102562,"dmean2":1.96341609955,"dvar":2.74669480324,"dvar2":7.03365039825,"max":26.7868824005,"mean":2.56920027733,"median":1.98316037655,"min":-2.6906375885,"var":5.12660121918},"melbands_spread":{"dmean":6.90645027161,"dmean2":11.2335004807,"dvar":154.804656982,"dvar2":411.32208252,"max":232.026000977,"mean":14.0816850662,"median":11.0293827057,"min":0.351577818394,"var":215.208068848},"mfcc":{"cov":[[12733.0146484,-1048.04846191,-1610.71655273,274.575592041,-178.001220703,47.1807250977,-480.936828613,56.2439155579,-110.88886261,395.235290527,-31.1648330688,60.9230613708,-254.512756348],[-1048.04846191,1724.42041016,138.419799805,-343.774841309,-24.366104126,-100.38067627,11.4501171112,-148.950317383,-44.1842002869,-115.166564941,16.1758098602,-65.886138916,-16.2984371185],[-1610.71655273,138.419799805,898.211303711,-25.4799938202,-45.5653076172,50.2715873718,103.707733154,24.8280487061,-22.0407218933,-70.9335403442,-75.523399353,-6.88483715057,56.9664840698],[274.575592041,-343.774841309,-25.4799938202,553.160095215,164.457382202,14.1746120453,24.7974414825,71.0459747314,42.9275398254,-2.54377746582,37.6374435425,19.4127101898,6.36505842209],[-178.001220703,-24.366104126,-45.5653076172,164.457382202,284.91784668,83.518661499,45.6093101501,58.5797653198,75.055480957,21.8579921722,43.657409668,21.8684253693,42.5941429138],[47.1807250977,-100.38067627,50.2715873718,14.1746120453,83.518661499,181.613189697,95.7175064087,73.8118972778,41.3122673035,33.3418960571,0.104615695775,25.2685413361,30.9657230377],[-480.936828613,11.4501171112,103.707733154,24.7974414825,45.6093101501,95.7175064087,157.382980347,86.4039001465,40.474105835,-12.2735319138,4.71523809433,11.2536878586,37.3232460022],[56.2439155579,-148.950317383,24.8280487061,71.0459747314,58.5797653198,73.8118972778,86.4039001465,140.307693481,71.3528518677,27.4559020996,2.40211439133,20.4888057709,23.1862182617],[-110.88886261,-44.1842002869,-22.0407218933,42.9275398254,75.055480957,41.3122673035,40.474105835,71.3528518677,115.346488953,53.2180213928,28.9342765808,11.7149591446,17.1080760956],[395.235290527,-115.166564941,-70.9335403442,-2.54377746582,21.8579921722,33.3418960571,-12.2735319138,27.4559020996,53.2180213928,116.285560608,49.998966217,25.6022701263,-6.98216247559],[-31.1648330688,16.1758098602,-75.523399353,37.6374435425,43.657409668,0.104615695775,4.71523809433,2.40211439133,28.9342765808,49.998966217,102.201515198,49.6238670349,18.2156600952],[60.9230613708,-65.886138916,-6.88483715057,19.4127101898,21.8684253693,25.2685413361,11.2536878586,20.4888057709,11.7149591446,25.6022701263,49.6238670349,86.6668395996,50.7610855103],[-254.512756348,-16.2984371185,56.9664840698,6.36505842209,42.5941429138,30.9657230377,37.3232460022,23.1862182617,17.1080760956,-6.98216247559,18.2156600952,50.7610855103,95.4836196899]],"icov":[[0.00016916669847,-0.0000619035054115,0.000281385291601,-0.000195336673642,0.000195244690985,-0.000313028460369,0.000554387283046,-0.000473556749057,0.000532553181984,-0.000651892041788,0.000513994542416,-0.000241739326157,0.0000855739053804],[-0.0000619035054115,0.000946859363467,-0.000263468478806,0.00076573115075,-0.000523778086063,0.000533566111699,-0.000766465847846,0.001070615137,-0.000707447354216,0.00135815504473,-0.00122101418674,0.000580456340685,0.000353422365151],[0.000281385291601,-0.000263468478806,0.00188323354814,-0.000547319184989,0.000704433652572,-0.000582881271839,-0.000055290885939,-0.000501868140418,0.00101173343137,-0.00124603230506,0.00217613414861,-0.000590773532167,-0.000737205322366],[-0.000195336673642,0.00076573115075,-0.000547319184989,0.00320602604188,-0.00207268260419,0.00129479460884,-0.000636259326711,-0.000417430623202,-0.000602454005275,0.00244505959563,-0.0021759076044,0.000203690840863,0.00117116735782],[0.000195244690985,-0.000523778086063,0.000704433652572,-0.00207268260419,0.00689330790192,-0.00400050356984,0.00262615061365,-0.0009598757606,-0.00216875923797,0.000744322838727,-0.00186112918891,0.00201544212177,-0.00269555719569],[-0.000313028460369,0.000533566111699,-0.000582881271839,0.00129479460884,-0.00400050356984,0.0128587707877,-0.00871606636792,0.00115515338257,0.000770264130551,-0.00430649379268,0.00437562167645,-0.00337844807655,0.000767434481531],[0.000554387283046,-0.000766465847846,-0.000055290885939,-0.000636259326711,0.00262615061365,-0.00871606636792,0.0191937554628,-0.0103781558573,0.000790358579252,0.00457171397284,-0.00530690746382,0.00435172161087,-0.00301336217672],[-0.000473556749057,0.001070615137,-0.000501868140418,-0.000417430623202,-0.0009598757606,0.00115515338257,-0.0103781558573,0.0200516358018,-0.00938908196986,-0.000170219034771,0.00454289885238,-0.0045801573433,0.00172691443004],[0.000532553181984,-0.000707447354216,0.00101173343137,-0.000602454005275,-0.00216875923797,0.000770264130551,0.000790358579252,-0.00938908196986,0.0205550212413,-0.009830259718,0.000188143152627,0.00341880950145,-0.00283115287311],[-0.000651892041788,0.00135815504473,-0.00124603230506,0.00244505959563,0.000744322838727,-0.00430649379268,0.00457171397284,-0.000170219034771,-0.009830259718,0.0228816531599,-0.0121705280617,0.000676487165038,0.00379018671811],[0.000513994542416,-0.00122101418674,0.00217613414861,-0.0021759076044,-0.00186112918891,0.00437562167645,-0.00530690746382,0.00454289885238,0.000188143152627,-0.0121705280617,0.0259747561067,-0.0143890837207,0.0021614250727],[-0.000241739326157,0.000580456340685,-0.000590773532167,0.000203690840863,0.00201544212177,-0.00337844807655,0.00435172161087,-0.0045801573433,0.00341880950145,0.000676487165038,-0.0143890837207,0.0286089126021,-0.0136257922277],[0.0000855739053804,0.000353422365151,-0.000737205322366,0.00117116735782,-0.00269555719569,0.000767434481531,-0.00301336217672,0.00172691443004,-0.00283115287311,0.00379018671811,0.0021614250727,-0.0136257922277,0.0204511247575]],"mean":[-747.625610352,165.025344849,15.1733446121,3.35829329491,-0.164201915264,15.1373500824,4.86207056046,6.7763838768,-0.470182806253,6.6108212471,-0.379397720098,3.56647276878,-3.85110163689]},"pitch_salience":{"dmean":0.101576812565,"dmean2":0.163083270192,"dvar":0.00935166608542,"dvar2":0.023324161768,"max":0.978045701981,"mean":0.515668272972,"median":0.533058345318,"min":0.0445941388607,"var":0.0196328721941},"silence_rate_20dB":{"dmean":0.000472217856441,"dmean2":0.000944510044064,"dvar":0.000471959123388,"dvar2":0.00125850108452,"max":1,"mean":0.999685227871,"median":1,"min":0,"var":0.000314679549774},"silence_rate_30dB":{"dmean":0.0876751169562,"dmean2":0.175364032388,"dvar":0.0799911469221,"dvar2":0.158474296331,"max":1,"mean":0.907846093178,"median":1,"min":0,"var":0.0836605653167},"silence_rate_60dB":{"dmean":0.0901936069131,"dmean2":0.180401414633,"dvar":0.0820562168956,"dvar2":0.166446119547,"max":1,"mean":0.21082867682,"median":0,"min":0,"var":0.166371241212},"spectral_centroid":{"dmean":241.083557129,"dmean2":365.918487549,"dvar":139684.390625,"dvar2":300759.53125,"max":11329.9882812,"mean":816.300842285,"median":668.50378418,"min":132.679199219,"var":394266.71875},"spectral_complexity":{"dmean":4.26916408539,"dmean2":5.9774889946,"dvar":36.7045059204,"dvar2":53.022693634,"max":61,"mean":11.5669317245,"median":9,"min":0,"var":103.579574585},"spectral_contrast_coeffs":{"dmean":[0.0546224601567,0.0508549660444,0.0438148416579,0.0363905727863,0.0298335030675,0.0226792078465],"dmean2":[0.087192542851,0.0815431028605,0.0697639063001,0.0589501187205,0.047187961638,0.0331372395158],"dvar":[0.002094355179,0.00172155478504,0.00129383476451,0.000918052566703,0.000664955703542,0.000611253664829],"dvar2":[0.00498271360993,0.00425673788413,0.00314704864286,0.00230745994486,0.00158454279881,0.00114517705515],"max":[-0.328119456768,-0.392399311066,-0.46357563138,-0.567848265171,-0.665351271629,-0.579621613026],"mean":[-0.692212760448,-0.769221305847,-0.788955032825,-0.818259298801,-0.856799840927,-0.80664908886],"median":[-0.698801040649,-0.780872046947,-0.79971653223,-0.822404325008,-0.856426119804,-0.81620579958],"min":[-0.973192036152,-0.974376142025,-0.983475625515,-0.974638462067,-0.969266295433,-0.963186740875],"var":[0.00865251850337,0.00682558212429,0.00502696726471,0.00328479846939,0.00257948739454,0.00264183850959]},"spectral_contrast_valleys":{"dmean":[0.49281167984,0.474989235401,0.48544678092,0.600342392921,0.623331964016,0.649943590164],"dmean2":[0.735802829266,0.710976243019,0.687510311604,0.847018718719,0.898678839207,0.904778063297],"dvar":[0.21065621078,0.179778218269,0.208751171827,0.38047555089,0.380909472704,0.327953368425],"dvar2":[0.394152015448,0.352233827114,0.374735325575,0.699959874153,0.727210342884,0.602687239647],"max":[-4.77478933334,-4.27877902985,-5.15748262405,-5.09588050842,-5.45160150528,-8.47891998291],"mean":[-7.49597597122,-7.05621957779,-7.54754686356,-8.30090904236,-8.83889961243,-11.2741136551],"median":[-7.43399810791,-6.91873645782,-7.41329336166,-8.25259876251,-8.78099632263,-11.2633314133],"min":[-27.3714504242,-27.8391876221,-27.5236606598,-27.5647907257,-27.3824653625,-27.3672943115],"var":[1.55072247982,1.6300688982,1.67897641659,2.10046362877,2.02247619629,1.52983295918]},"spectral_decrease":{"dmean":6.96247193233e-9,"dmean2":1.08272262267e-8,"dvar":2.63058363748e-16,"dvar2":6.19401418888e-16,"max":1.62786231321e-28,"mean":-8.31442559246e-9,"median":-2.6656279406e-9,"min":-1.45027527765e-7,"var":2.65911991277e-16},"spectral_energy":{"dmean":0.026836797595,"dmean2":0.0415675938129,"dvar":0.00383012229577,"dvar2":0.00896533112973,"max":0.552900195122,"mean":0.0324736684561,"median":0.010566232726,"min":1.05499576599e-20,"var":0.00394285051152},"spectral_energyband_high":{"dmean":0.000232849779422,"dmean2":0.000348937086528,"dvar":3.96976105321e-7,"dvar2":8.84853875505e-7,"max":0.0252805929631,"mean":0.000235723287915,"median":0.0000217830911424,"min":7.24689622704e-21,"var":4.29080756703e-7},"spectral_energyband_low":{"dmean":0.0207136552781,"dmean2":0.034021448344,"dvar":0.00332890078425,"dvar2":0.00821044202894,"max":0.54156678915,"mean":0.0177514422685,"median":0.00269502168521,"min":1.41014882151e-23,"var":0.00276110344566},"spectral_energyband_middle_high":{"dmean":0.00230064662173,"dmean2":0.00343742291443,"dvar":0.0000232024849538,"dvar2":0.000053645020671,"max":0.123974949121,"mean":0.00368133117445,"median":0.00100170611404,"min":1.25229156971e-21,"var":0.000053156130889},"spectral_energyband_middle_low":{"dmean":0.00452564656734,"dmean2":0.00655943760648,"dvar":0.0000865827532834,"dvar2":0.000183840238606,"max":0.405145525932,"mean":0.00965546257794,"median":0.00354071962647,"min":1.9615628467e-22,"var":0.000293513759971},"spectral_entropy":{"dmean":0.351892888546,"dmean2":0.501921832561,"dvar":0.112150751054,"dvar2":0.221645712852,"max":9.81327724457,"mean":7.12465524673,"median":7.1595044136,"min":4.41168260574,"var":0.439477831125},"spectral_flux":{"dmean":0.0470071099699,"dmean2":0.0712355524302,"dvar":0.00534568959847,"dvar2":0.0110787600279,"max":0.662449538708,"mean":0.0951369479299,"median":0.0582728497684,"min":6.47680936661e-11,"var":0.0106217805296},"spectral_kurtosis":{"dmean":6.16719484329,"dmean2":9.63924407959,"dvar":67.4115371704,"dvar2":170.723312378,"max":122.276046753,"mean":14.0230607986,"median":10.9847726822,"min":-1.23539531231,"var":126.651000977},"spectral_rms":{"dmean":0.0016668047756,"dmean2":0.00229037040845,"dvar":0.00000715341639079,"dvar2":0.0000139499934448,"max":0.023225305602,"mean":0.00426701176912,"median":0.00321068824269,"min":3.20821472687e-12,"var":0.0000134742604132},"spectral_rolloff":{"dmean":472.088745117,"dmean2":829.558349609,"dvar":1925847.375,"dvar2":5154195,"max":19552.1484375,"mean":871.478942871,"median":602.9296875,"min":21.533203125,"var":2645392.25},"spectral_skewness":{"dmean":0.605226397514,"dmean2":0.893863618374,"dvar":0.401281654835,"dvar2":0.927926540375,"max":9.34278678894,"mean":2.77140974998,"median":2.62427043915,"min":-0.0659000501037,"var":1.18276822567},"spectral_spread":{"dmean":937422.125,"dmean2":1404065.875,"dvar":1020994191360,"dvar2":2107431321600,"max":46197860,"mean":3843704.25,"median":3458150.5,"min":662018.6875,"var":3726429126660},"spectral_strongpeak":{"dmean":0.403803110123,"dmean2":0.653808772564,"dvar":0.463622629642,"dvar2":1.06965970993,"max":11.1194725037,"mean":0.65213572979,"median":0.202101498842,"min":0,"var":1.19336950779},"zerocrossingrate":{"dmean":0.0107977557927,"dmean2":0.0132626099512,"dvar":0.000289724062895,"dvar2":0.000393586378777,"max":0.71533203125,"mean":0.0377504378557,"median":0.029296875,"min":0.0009765625,"var":0.0015769097954}},"metadata":{"audio_properties":{"analysis_sample_rate":44100,"bit_rate":320000,"codec":"mp3","downmix":"mix","equal_loudness":0,"length":295.031982422,"lossless":false,"md5_encoded":"ceca85481c33513ce04157f5fca5745d","replay_gain":-3.69289970398,"sample_rate":48000},"tags":{"album":["Speaking in Tongues"],"albumartist":["Talking Heads"],"albumartistsort":["Talking Heads","Talking Heads"],"artist":["Talking Heads"],"artistsort":["Talking Heads"],"asin":["B000002KZ6"],"barcode":["075992388320"],"catalognumber":["7599-23883-2"],"composer":["Tina Weymouth/Jerry Harrison/Chris Frantz/David Byrne"],"date":["1983"],"discnumber":["1/1"],"encodedby":["iTunes 8.2"],"file_name":"09. Talking Heads - This Must Be the Place (Naive Melody).mp3","genre":["New Wave"],"label":["Sire Records"],"language":["eng"],"lyricist":["Tina Weymouth/Jerry Harrison/Chris Frantz/David Byrne"],"musicbrainz album release country":["GB"],"musicbrainz album status":["official"],"musicbrainz album type":["album"],"musicbrainz_albumartistid":["a94a7155-c79d-4409-9fcf-220cb0e4dc3a"],"musicbrainz_albumid":["a04486fc-31b7-48e1-8239-07cd30e67ef7"],"musicbrainz_artistid":["a94a7155-c79d-4409-9fcf-220cb0e4dc3a"],"musicbrainz_recordingid":["7dcec16f-7691-4042-9f09-616bac2666e8"],"script":["Latn"],"title":["This Must Be the Place (Naive Melody)"],"tracknumber":["9/9"]},"version":{"essentia":"2.1-beta1","essentia_build_sha":"ca57ba49d9b1854bd80e60cf9ccf267278fb7d6b","essentia_git_sha":"v2.1_beta1-28-g21ef5f4-dirty","extractor":"music 1.0"}},"rhythm":{"beats_count":561,"beats_loudness":{"dmean":0.0836301594973,"dmean2":0.157457068563,"dvar":0.00716746691614,"dvar2":0.0227154288441,"max":0.429445981979,"mean":0.0953856483102,"median":0.0721702575684,"min":2.94074053997e-9,"var":0.00613462459296},"beats_loudness_band_ratio":{"dmean":[0.154672086239,0.0702940896153,0.0744816288352,0.0457429029047,0.0408247411251,0.0180331170559],"dmean2":[0.269257068634,0.126356303692,0.136219501495,0.08