{"lowlevel":{"average_loudness":0.877589643002,"barkbands":{"dmean":[0.0000128574201881,0.000469571212307,0.00089733110508,0.00273763085715,0.00337353278883,0.00096122501418,0.000951123714913,0.000804926094133,0.00075124297291,0.000492124177981,0.000305474502966,0.000418931245804,0.000421439821366,0.000408870779211,0.000360762263881,0.000194485430256,0.000190874532564,0.000162154785357,0.000110576358566,0.000101192032162,0.0000760295297368,0.0000574549703742,0.0000291838387056,0.0000137887018354,0.0000124978823806,0.00000757809038987,0.0000024685716653],"dmean2":[0.000018006292521,0.000813705613837,0.00150196847972,0.00457123387605,0.00557204242796,0.0015866154572,0.00152324989904,0.00125172256958,0.00117367412895,0.000775584136136,0.000485249940539,0.000655089796055,0.000659827084746,0.00063217850402,0.000569446128793,0.000310402130708,0.000303662382066,0.000257820065599,0.000173366381205,0.000158229071531,0.000116414943477,0.0000836568651721,0.0000432797860412,0.0000195908523892,0.0000171761221281,0.0000106550642158,0.00000331519231622],"dvar":[8.78378592084e-10,9.37750712637e-7,0.0000019595311187,0.0000417591763835,0.0000395484166802,0.00000373792454411,0.00000483624808112,0.00000390876675738,0.00000353613495463,0.00000134150718623,2.69096204875e-7,6.73990768973e-7,7.55397365992e-7,5.2858467825e-7,4.43752668389e-7,1.45934393458e-7,1.08553244615e-7,6.72701787607e-8,2.43932198885e-8,2.32014745194e-8,3.31166596368e-8,3.18876978156e-8,6.04889960343e-9,1.17462972682e-9,4.14088929812e-10,1.92331761628e-10,2.61143190405e-11],"dvar2":[1.86592696849e-9,0.00000263717333837,0.00000539950588063,0.000106776467874,0.000102640980913,0.00000939952133194,0.0000114735803436,0.00000878661194292,0.00000827229087008,0.00000299837779494,6.46620947009e-7,0.00000147530886352,0.00000173043656559,0.00000126718305182,0.00000102505896393,3.56837432491e-7,2.5357402933e-7,1.64345010489e-7,5.793867075e-8,5.61582318426e-8,6.89576893365e-8,6.89825796485e-8,1.33565283278e-8,2.3567536811e-9,7.92648280346e-10,3.83834047879e-10,4.98131674798e-11],"max":[0.000388397224015,0.0131060723215,0.0223569087684,0.0715712085366,0.0676610395312,0.0349348932505,0.0393785126507,0.0462806075811,0.0389406830072,0.0336061678827,0.0106243370101,0.0240781456232,0.0231363456696,0.0148840658367,0.0202983878553,0.016971103847,0.00892691779882,0.00521707301959,0.00265958486125,0.00337471324019,0.00645356206223,0.00466298451647,0.00203138240613,0.00148139509838,0.000369543675333,0.000187569166883,0.0000748491293052],"mean":[0.0000199429850909,0.000688483822159,0.00157029542606,0.00311337620951,0.00590046541765,0.0015129748499,0.00138990965206,0.00141274882481,0.00126165652182,0.000906408880837,0.000536408042535,0.000734784640372,0.000788176315837,0.000748904945794,0.000712151173502,0.00036533176899,0.00038654616219,0.000339421327226,0.00026076938957,0.000238294771407,0.000174988264916,0.000115344795631,0.0000540303699381,0.0000289454146696,0.0000322960222547,0.0000175756613316,0.00000550407230548],"median":[0.00000126796885525,0.00032786859083,0.00101489177905,0.00111546739936,0.0035636536777,0.000683364691213,0.000330378941726,0.000369910674635,0.00033610657556,0.000324106687913,0.000269552518148,0.000324418128002,0.00031256157672,0.000339442514814,0.000339311198331,0.000219947454752,0.000239471090026,0.00020599149866,0.000177794077899,0.000163600663655,0.000102568403236,0.0000557644198125,0.0000263715228357,0.0000151671674757,0.0000182558796951,0.00000790320427768,0.00000135982190841],"min":[4.67725412581e-23,3.36484359273e-23,3.41288877173e-24,2.31340386655e-23,3.97121320267e-23,3.86496783823e-23,7.97443270108e-23,1.85644498537e-23,8.90330190193e-23,1.04782677479e-22,1.03286069502e-22,1.7976625417e-22,1.36792949073e-22,6.91015394812e-23,1.15256453138e-22,1.23345836756e-22,1.65105204827e-22,1.56820410896e-22,2.14317604513e-22,2.72929692092e-22,4.44709543701e-22,5.02549431117e-22,7.15917196613e-22,7.10644728001e-22,1.22833877389e-21,1.65183242734e-21,2.71136981072e-21],"var":[1.61334789972e-9,0.0000010083572306,0.00000354917392542,0.0000391046633013,0.0000557038110856,0.00000711092343408,0.0000106080669866,0.0000113486757982,0.0000088844790298,0.00000481889219373,5.87549493503e-7,0.00000177268452717,0.00000215227578337,0.00000145082640302,0.00000138980567499,3.32203939024e-7,2.44035305741e-7,1.85349406934e-7,8.03476538636e-8,7.06006488826e-8,8.87422615392e-8,6.43869313421e-8,1.07345039524e-8,2.7769864186e-9,1.54658319484e-9,5.79399694889e-10,8.05093144929e-11]},"barkbands_crest":{"dmean":2.43975329399,"dmean2":3.99423313141,"dvar":4.70466947556,"dvar2":12.2152500153,"max":24.6004695892,"mean":9.34218978882,"median":8.66918945313,"min":2.67406368256,"var":14.1880493164},"barkbands_flatness_db":{"dmean":0.0172473043203,"dmean2":0.0267374478281,"dvar":0.000248659518547,"dvar2":0.00059124850668,"max":0.317739993334,"mean":0.120131194592,"median":0.116157226264,"min":0.0242211036384,"var":0.00130207941402},"barkbands_kurtosis":{"dmean":2.01046037674,"dmean2":3.2250418663,"dvar":10.4145870209,"dvar2":24.5410118103,"max":78.8092803955,"mean":2.72262382507,"median":0.932644963264,"min":-1.80390620232,"var":32.4944000244},"barkbands_skewness":{"dmean":0.461373239756,"dmean2":0.726773500443,"dvar":0.212091252208,"dvar2":0.498713225126,"max":6.63790225983,"mean":1.28196942806,"median":1.14833676815,"min":-6.02133655548,"var":1.06942415237},"barkbands_spread":{"dmean":4.31526517868,"dmean2":6.66360473633,"dvar":21.8420677185,"dvar2":46.5171775818,"max":77.9827041626,"mean":20.1004924774,"median":19.3702602386,"min":1.32144987583,"var":87.2133331299},"dissonance":{"dmean":0.0159247033298,"dmean2":0.0265496168286,"dvar":0.000245728035225,"dvar2":0.000640114361886,"max":0.500000059605,"mean":0.467727661133,"median":0.473014056683,"min":0.0340689793229,"var":0.000572954479139},"dynamic_complexity":3.31877779961,"erbbands":{"dmean":[0.00854703783989,0.131496980786,0.811722040176,4.57279396057,13.5807609558,10.3098392487,10.0677881241,7.68610668182,12.124581337,14.9309625626,16.7290611267,17.8552951813,18.843132019,10.7371988297,12.7814817429,18.2158164978,17.7569198608,21.5094509125,18.1205883026,14.2952404022,8.28744125366,9.47261619568,9.58348274231,5.5456662178,5.32503032684,4.94796514511,3.34096670151,2.81908559799,2.22239136696,1.44386982918,0.702793240547,0.348882645369,0.219574064016,0.152851775289,0.0853868201375,0.0438292361796,0.0116054462269,0.00283603393473,0.000392855785321,0.0000277504532278],"dmean2":[0.0141707481816,0.229009747505,1.36371719837,7.63966751099,23.0000648499,16.5774745941,16.4749832153,12.7398319244,19.8733692169,23.4633636475,25.5920276642,27.8939933777,29.1424293518,16.8333759308,20.1969528198,28.5482826233,27.5837364197,33.3599128723,28.6045665741,22.4296207428,12.968132019,14.896440506,15.1794614792,8.68284034729,8.26009941101,7.71016073227,5.1371307373,4.31589889526,3.26914811134,2.13780331612,1.04662442207,0.505165278912,0.314970582724,0.215136900544,0.120869718492,0.063058719039,0.0162091758102,0.00400175852701,0.000528691511136,0.000035405770177],"dvar":[0.000420976575697,0.0626722276211,1.44595873356,90.6781387329,1120.60522461,285.108123779,364.892669678,261.821960449,814.570678711,1036.32873535,1942.50622559,2331.84326172,2678.87646484,404.997497559,468.867889404,1356.06298828,1336.8416748,1471.61254883,1312.1484375,609.744384766,279.025848389,267.850708008,256.333251953,66.0063400269,58.0356178284,57.8723297119,43.389289856,61.9650878906,42.9427108765,20.4015960693,3.13805222511,0.78897446394,0.271133899689,0.0709157511592,0.0194497499615,0.0058124945499,0.000531100609805,0.0000397992553189,6.4608775574e-7,2.2009025713e-9],"dvar2":[0.00109774316661,0.179692819715,4.00901508331,234.654266357,2951.98120117,722.320556641,942.473083496,656.591125488,2044.44897461,2343.18139648,4249.29003906,5316.1640625,6120.06201172,969.854492188,1092.09460449,2942.85839844,3167.41625977,3493.57470703,3079.43579102,1446.86914063,709.971801758,618.44354248,611.061889648,159.073684692,135.159301758,142.674667358,96.3932571411,130.414581299,91.8432769775,45.7623672485,6.89684486389,1.66079390049,0.538857936859,0.144119694829,0.0380035303533,0.0121554015204,0.00107085390482,0.0000849336793181,0.00000124130360746,3.72820219141e-9],"max":[0.22897669673,3.32157158852,20.9305019379,99.1636428833,364.968902588,244.99671936,412.065582275,403.286254883,458.922027588,527.549438477,1272.1574707,1185.81262207,1496.52197266,401.459228516,504.393035889,1105.42297363,882.546142578,874.888977051,1283.16992188,518.270996094,737.912536621,444.977172852,378.668762207,218.838684082,136.476531982,158.892044067,203.560745239,249.228744507,164.350341797,118.247871399,51.5488929749,30.7548847198,24.3381252289,8.2090473175,2.00504469872,0.972503483295,0.364530980587,0.116906739771,0.0132561270148,0.000696009141393],"mean":[0.0107375001535,0.203017964959,1.49531650543,6.20968437195,17.3577213287,18.1249599457,16.9585838318,12.0887527466,17.0092601776,24.6446971893,31.1426067352,30.9001808167,36.2170410156,20.5903663635,24.7860927582,33.3105621338,35.455657959,43.9765815735,37.1269607544,31.2930164337,18.4181785583,20.4374904633,20.6951541901,13.6385965347,12.8982219696,11.7733240128,7.79683351517,6.2440328598,4.47378730774,2.74692440033,1.34666574001,0.686326742172,0.475160628557,0.367094665766,0.216560572386,0.102604523301,0.026233188808,0.00613795733079,0.000891246192623,0.0000775872249505],"median":[0.00376228382811,0.116994783282,1.05742657185,3.08548974991,5.84006786346,10.3853759766,8.55716896057,5.38921070099,5.07568264008,8.29618644714,8.38504505157,9.68276977539,12.1506948471,9.88564491272,13.999546051,15.9406366348,16.4682846069,21.885723114,18.6928443909,18.0687618256,12.3670854568,12.981306076,12.5585708618,8.94187164307,8.98935317993,7.95857524872,4.91377830505,3.50155448914,2.1937417984,1.32255136967,0.669644117355,0.348099708557,0.247573941946,0.210303366184,0.117919653654,0.0497744530439,0.0114321354777,0.00203223247081,0.000229920027778,0.0000415147442254],"min":[7.8138023192e-22,8.30266868655e-21,7.15132859352e-21,3.19885606276e-20,1.4705702233e-19,1.31135023384e-19,3.38277993045e-19,1.65970041747e-19,4.87517712367e-19,1.52450844799e-18,7.11131256816e-19,1.79336417076e-18,2.57221427448e-18,3.63333955544e-18,5.33787135265e-18,7.22623907792e-18,5.91576247605e-18,4.89850651208e-18,5.85530798098e-18,7.40484557014e-18,4.66025905692e-18,8.50715307187e-18,9.57928171614e-18,9.32418252395e-18,1.2676028381e-17,1.35892291598e-17,1.89293847718e-17,1.50234296475e-17,1.64176111371e-17,2.05119616089e-17,2.11408786092e-17,1.3246848351e-17,1.25827157905e-17,1.18941507963e-17,9.96623846105e-18,6.58092653074e-18,3.07729799434e-18,1.04579638344e-18,4.0867718948e-19,4.18920257478e-20],"var":[0.000428166124038,0.0701791197062,2.67264151573,95.504737854,1039.77087402,579.242248535,660.306396484,531.658752441,1349.04016113,2392.89941406,6388.96435547,5572.42138672,10530.5664063,1021.77679443,1157.70471191,3546.03735352,3805.96679688,4552.89257813,4068.18530273,1932.87841797,668.446166992,670.058288574,673.657470703,249.761932373,191.801834106,173.769256592,121.777267456,152.130645752,91.2707824707,34.3363609314,5.75600671768,1.56859862804,0.684077680111,0.2165184021,0.0717458948493,0.0185136348009,0.00138884747867,0.0000935630669119,0.00000203402123589,8.82120154699e-9]},"erbbands_crest":{"dmean":2.3953807354,"dmean2":3.88315272331,"dvar":5.18297433853,"dvar2":12.6184167862,"max":27.5157852173,"mean":8.46498584747,"median":7.43958377838,"min":2.20201230049,"var":15.3873281479},"erbbands_flatness_db":{"dmean":0.0143190780655,"dmean2":0.0210865866393,"dvar":0.000174934451934,"dvar2":0.0003619613708,"max":0.350859433413,"mean":0.160315170884,"median":0.156012013555,"min":0.0455756299198,"var":0.00175593607128},"erbbands_kurtosis":{"dmean":0.662738740444,"dmean2":1.06364035606,"dvar":0.854229092598,"dvar2":2.07230615616,"max":19.2776908875,"mean":0.133595749736,"median":-0.205977350473,"min":-1.79584169388,"var":2.04278063774},"erbbands_skewness":{"dmean":0.307735770941,"dmean2":0.474630862474,"dvar":0.0818740502,"dvar2":0.186304986477,"max":4.02943897247,"mean":0.189400449395,"median":0.159483298659,"min":-2.34658169746,"var":0.426104217768},"erbbands_spread":{"dmean":6.46346902847,"dmean2":9.87682628632,"dvar":42.5440063477,"dvar2":93.9722518921,"max":108.848312378,"mean":34.9233665466,"median":33.3701782227,"min":3.751257658,"var":219.96446228},"gfcc":{"cov":[[7761.24658203,425.081329346,921.561462402,493.130950928,-80.0280838013,-191.248291016,-241.212631226,-148.187942505,-371.362426758,170.175048828,-293.653808594,-63.9809532166,-218.945098877],[425.081329346,898.318054199,85.0000076294,201.571716309,126.026115417,-98.5152435303,3.54907488823,-89.8010635376,-20.6074886322,-32.8380241394,7.76857709885,-53.7313499451,12.0894670486],[921.561462402,85.0000076294,1115.49389648,182.726974487,22.4855365753,13.9297704697,-14.430308342,-57.0277099609,-91.0096740723,75.2449417114,-76.9005889893,31.5015945435,-67.95362854],[493.130950928,201.571716309,182.726974487,370.305999756,43.0050621033,-43.1951560974,-35.3970718384,-65.6094665527,-42.7863731384,-3.90311002731,-20.2556247711,-11.4427137375,7.27241373062],[-80.0280838013,126.026115417,22.4855365753,43.0050621033,178.650909424,6.8393330574,17.1389541626,5.29836797714,1.00209105015,-6.87726831436,-1.87163817883,4.78189468384,17.5034732819],[-191.248291016,-98.5152435303,13.9297704697,-43.1951560974,6.8393330574,135.257156372,61.3227233887,39.8877449036,15.1118650436,1.16965377331,9.7498998642,9.27247714996,-3.86382675171],[-241.212631226,3.54907488823,-14.430308342,-35.3970718384,17.1389541626,61.3227233887,113.076461792,54.637588501,15.8861598969,-5.43855285645,13.1590423584,-2.26791214943,2.86109495163],[-148.187942505,-89.8010635376,-57.0277099609,-65.6094665527,5.29836797714,39.8877449036,54.637588501,107.547866821,46.3641853333,9.47051811218,6.56040477753,7.98839378357,-1.09231889248],[-371.362426758,-20.6074886322,-91.0096740723,-42.7863731384,1.00209105015,15.1118650436,15.8861598969,46.3641853333,107.856124878,27.3458404541,22.7116661072,-3.89929533005,10.9980869293],[170.175048828,-32.8380241394,75.2449417114,-3.90311002731,-6.87726831436,1.16965377331,-5.43855285645,9.47051811218,27.3458404541,83.4691162109,18.6250190735,3.63844394684,-15.722322464],[-293.653808594,7.76857709885,-76.9005889893,-20.2556247711,-1.87163817883,9.7498998642,13.1590423584,6.56040477753,22.7116661072,18.6250190735,63.7059707642,22.5274429321,10.6324806213],[-63.9809532166,-53.7313499451,31.5015945435,-11.4427137375,4.78189468384,9.27247714996,-2.26791214943,7.98839378357,-3.89929533005,3.63844394684,22.5274429321,59.1951522827,22.3136711121],[-218.945098877,12.0894670486,-67.95362854,7.27241373062,17.5034732819,-3.86382675171,2.86109495163,-1.09231889248,10.9980869293,-15.722322464,10.6324806213,22.3136711121,58.1805725098]],"icov":[[0.000303062814055,-0.000289119867375,0.000142982084071,-0.00023867044365,0.000270496238954,-0.000081959842646,0.00037638109643,-0.000438355200458,0.00103806005791,-0.00132230261806,0.00167996215168,-0.000750216189772,0.000710990978405],[-0.000289119867375,0.00215678219683,-0.000452938635135,-0.000295591569738,-0.00141005869955,0.00152244570199,-0.00143622863106,0.00161846482661,-0.00144403381273,0.00234222016297,-0.00339695927687,0.00284971296787,-0.000968143343925],[0.000142982084071,-0.000452938635135,0.00175652455073,-0.000679208606016,0.000175441018655,-0.000513765204232,-0.000654796720482,0.000740424904507,0.000926640932448,-0.00279696588404,0.00412860698998,-0.00363852758892,0.00243783253245],[-0.00023867044365,-0.000295591569738,-0.000679208606016,0.00385417579673,-0.000643281440716,0.000220700370846,0.000377593125449,0.0010952554876,-0.000147591883433,0.000907040317543,-0.00137225026265,0.001683822833,-0.00202362076379],[0.000270496238954,-0.00141005869955,0.000175441018655,-0.000643281440716,0.00703910645097,-0.00103453570046,0.0000694758200552,-0.0014793794835,0.00111166783608,-0.00164934666827,0.00287427171133,-0.00192806485575,-0.00106300564948],[-0.000081959842646,0.00152244570199,-0.000513765204232,0.000220700370846,-0.00103453570046,0.0115301655605,-0.00614742795005,0.00057774677407,-0.0015137657756,0.00168538303114,-0.0017043374246,-0.000502882990986,0.00138361752033],[0.00037638109643,-0.00143622863106,-0.000654796720482,0.000377593125449,0.0000694758200552,-0.00614742795005,0.0175817739218,-0.00937212537974,0.00395496143028,0.000336640543537,-0.00329273776151,0.00484856078401,-0.00248131621629],[-0.000438355200458,0.00161846482661,0.000740424904507,0.0010952554876,-0.0014793794835,0.00057774677407,-0.00937212537974,0.0196126569062,-0.00865431502461,0.0010182375554,0.0028536922764,-0.00517500238493,0.00342886219732],[0.00103806005791,-0.00144403381273,0.000926640932448,-0.000147591883433,0.00111166783608,-0.0015137657756,0.00395496143028,-0.00865431502461,0.0191294681281,-0.00958201661706,0.00177924509626,0.00314223021269,-0.00322048459202],[-0.00132230261806,0.00234222016297,-0.00279696588404,0.000907040317543,-0.00164934666827,0.00168538303114,0.000336640543537,0.0010182375554,-0.00958201661706,0.0245152488351,-0.0158540271223,0.00564832193777,0.000934942858294],[0.00167996215168,-0.00339695927687,0.00412860698998,-0.00137225026265,0.00287427171133,-0.0017043374246,-0.00329273776151,0.0028536922764,0.00177924509626,-0.0158540271223,0.0392700657248,-0.0208745021373,0.00746780913323],[-0.000750216189772,0.00284971296787,-0.00363852758892,0.001683822833,-0.00192806485575,-0.000502882990986,0.00484856078401,-0.00517500238493,0.00314223021269,0.00564832193777,-0.0208745021373,0.0361842140555,-0.0167948361486],[0.000710990978405,-0.000968143343925,0.00243783253245,-0.00202362076379,-0.00106300564948,0.00138361752033,-0.00248131621629,0.00342886219732,-0.00322048459202,0.000934942858294,0.00746780913323,-0.0167948361486,0.0297009330243]],"mean":[-3.99630475044,85.7244873047,-132.345306396,20.0948848724,-54.3117523193,2.93621587753,-39.1532287598,-4.49533510208,-32.2543563843,-2.56579780579,-23.5107536316,-6.85681915283,-14.3447561264]},"hfc":{"dmean":4.39076852798,"dmean2":6.20344686508,"dvar":35.4098167419,"dvar2":71.5208740234,"max":79.9084854126,"mean":17.9943618774,"median":15.4500226974,"min":1.23412488657e-16,"var":187.200393677},"melbands":{"dmean":[0.000100212004327,0.000329200498527,0.0011501184199,0.000785105046816,0.000378226919565,0.000175239387318,0.000191056882613,0.000166644895216,0.000128805404529,0.000118544987345,0.0000926746361074,0.0000440028306912,0.0000398644879169,0.0000502752445755,0.0000343614374287,0.0000476146233268,0.0000437904454884,0.0000306010151689,0.0000239995260927,0.0000188640115084,0.00000999995427264,0.0000113654787128,0.00000891631862032,0.00000855420239532,0.00000478231322631,0.00000445986870545,0.00000375592003365,0.00000358433294423,0.0000021653602289,0.00000222505696001,0.00000171443798536,0.000001387603902,0.00000102256717582,7.71766679009e-7,4.52865776879e-7,2.92206010499e-7,1.97548217784e-7,1.60720361464e-7,1.5674342535e-7,1.30151548206e-7],"dmean2":[0.000170779967448,0.000554955739062,0.00192767730914,0.00129748717882,0.000613982207142,0.000290585740004,0.000309084221954,0.000261686276644,0.000196109249373,0.000185052806046,0.000143945522723,0.0000694373084116,0.0000633750169072,0.0000787049721112,0.0000540621767868,0.0000742218035157,0.0000681481178617,0.0000485581294924,0.0000374479968741,0.0000303186025121,0.0000158772108989,0.0000180036804522,0.0000140741158248,0.0000136932048918,0.00000761778710512,0.00000703486011844,0.00000593608456256,0.00000566117796552,0.00000335457502842,0.00000352530719283,0.00000266078632194,0.00000206601748687,0.00000153600512931,0.00000117009869882,6.91412992637e-7,4.34572854147e-7,2.90209811737e-7,2.36500795836e-7,2.31307623721e-7,1.88194889006e-7],"dvar":[4.98395031912e-8,2.28647465406e-7,0.00000693820220476,0.00000246009631155,4.400182263e-7,1.33393754709e-7,1.94807242337e-7,1.24304236238e-7,1.10955468813e-7,9.79543983703e-8,6.36489332351e-8,7.21438242479e-9,4.53454784832e-9,9.44122913182e-9,4.32516067406e-9,1.06551905077e-8,6.71356970017e-9,4.06169986533e-9,2.05973393896e-9,1.16909570913e-9,3.91128796018e-10,4.48813292087e-10,2.02256614235e-10,2.1089073543e-10,5.39318208148e-11,4.50346114567e-11,3.21139712045e-11,3.09286415923e-11,1.59123322158e-11,3.22935185537e-11,2.41310096905e-11,1.5910417081e-11,1.09505937304e-11,5.59303124648e-12,1.39241667241e-12,4.83414306848e-13,2.58885090015e-13,1.47904502231e-13,1.05267425094e-13,4.85673784176e-14],"dvar2":[1.37037943659e-7,6.37449318219e-7,0.0000179265643965,0.0000063525085352,0.00000112827058274,3.34513231337e-7,4.74225970493e-7,2.83289324443e-7,2.39199721364e-7,2.24521116365e-7,1.45512814242e-7,1.70857195059e-8,1.05882316248e-8,2.0557646252e-8,9.7409262878e-9,2.48337688191e-8,1.60948001593e-8,9.59165191716e-9,4.50260406737e-9,2.76174749736e-9,9.83367387519e-10,1.04740449647e-9,4.75462946792e-10,5.24071841479e-10,1.32654748297e-10,1.08817857503e-10,7.74937961023e-11,7.71756894502e-11,3.53861003e-11,7.96645180379e-11,5.37546084034e-11,3.39677036498e-11,2.45567212398e-11,1.28918412404e-11,3.2446339452e-12,1.082640054e-12,5.33688165275e-13,3.02202625988e-13,2.23456168391e-13,1.03486480724e-13],"max":[0.00287915230729,0.00786598213017,0.025307148695,0.0172936376184,0.0111501617357,0.00773508567363,0.00697538163513,0.00587660819292,0.00959578808397,0.00776630919427,0.00723475078121,0.00182694906835,0.00161084660795,0.0029719916638,0.00158915482461,0.00264430441894,0.00192326796241,0.0020685500931,0.00111343129538,0.00126977544278,0.000617326877546,0.000648348242976,0.000358445802703,0.000279760541162,0.000177265013917,0.000136538801598,0.000099616816442,0.000113911788503,0.000120851196698,0.000200330032385,0.00014976329112,0.0000978674797807,0.0000968329841271,0.0000593135519011,0.0000376704738301,0.0000158194943651,0.0000216522657865,0.0000182996082003,0.0000125732231027,0.00000526197982254],"mean":[0.000139100055094,0.000606003333814,0.00148680736311,0.00126238609664,0.000677486183122,0.000270635093329,0.000278185063507,0.00027861376293,0.000232667473028,0.000200629307074,0.000174285829416,0.0000786673772382,0.0000728494196665,0.0000916274511837,0.0000644833562546,0.000087572450866,0.0000816506144474,0.0000577387108933,0.0000481964380015,0.0000355621341441,0.0000194178192032,0.000022201325919,0.0000187425157492,0.0000170377516042,0.0000101780387922,0.00000964556511462,0.00000839769381855,0.00000780047503213,0.00000463951255369,0.00000452733502243,0.00000342515636476,0.00000269707970801,0.00000186121644674,0.00000137314725634,8.16095848677e-7,5.21314291291e-7,3.72901780565e-7,3.21777378076e-7,3.35588993039e-7,2.99601367715e-7],"median":[0.0000637030898361,0.000442421733169,0.000758697045967,0.000692371977493,0.00035706179915,0.000116379116662,0.0000775410007918,0.000093223337899,0.0000555250189791,0.0000542749003216,0.0000564253423363,0.0000335751137754,0.0000390965506085,0.0000441227311967,0.0000311550029437,0.0000331848568749,0.0000359740733984,0.0000268857256742,0.0000231604099099,0.0000204003481485,0.0000121235916595,0.0000134401871037,0.0000110870278149,0.00000963826278166,0.00000586262740399,0.00000613418069406,0.00000581826270718,0.00000497102701047,0.00000288404135063,0.00000254876113104,0.0000018137097868,0.00000128022145418,8.9154161742e-7,6.44794226901e-7,3.87577813399e-7,2.54867472904e-7,1.84622479082e-7,1.63022093602e-7,1.82493110401e-7,1.69866382294e-7],"min":[9.87339650038e-24,6.57722956034e-24,1.02263936117e-23,1.00474602368e-23,9.61877744373e-24,4.51094962521e-24,9.88630699796e-24,1.36144644249e-23,6.46408639614e-24,1.23395287291e-23,1.34211272388e-23,1.45951226597e-23,1.69919881678e-23,1.88823576431e-23,1.6685159141e-23,1.19948288568e-23,8.36735216951e-24,8.69940817921e-24,9.34339004602e-24,1.03832104822e-23,4.14030175117e-24,7.6146463373e-24,1.12409058122e-23,8.37388157122e-24,7.07148168303e-24,8.87658554966e-24,8.62660420626e-24,9.01578163411e-24,1.1085879656e-23,1.11329328424e-23,7.88380015613e-24,8.57188881388e-24,1.02833012485e-23,1.17286727094e-23,1.32980980697e-23,9.3354825043e-24,7.62733674268e-24,8.28827280807e-24,8.861951391e-24,1.06858301472e-23],"var":[4.98822991801e-8,4.05112501767e-7,0.00000645543786959,0.00000304765194414,9.5016736168e-7,2.65310859504e-7,3.82916852004e-7,2.86220625867e-7,3.65465496088e-7,2.41358094399e-7,2.50151998671e-7,1.84270927406e-8,1.05069952738e-8,2.54536463018e-8,1.15098268694e-8,2.90319110974e-8,1.94037284018e-8,1.14428777565e-8,6.52969722736e-9,2.72980460458e-9,8.20079726349e-10,9.27384724569e-10,6.25508977947e-10,5.16617471025e-10,1.7256678031e-10,1.29318875053e-10,9.04773131416e-11,8.36830812978e-11,4.1856181715e-11,6.52691234393e-11,5.17464508742e-11,3.49132632527e-11,1.80426507068e-11,8.77073153688e-12,2.31731127343e-12,8.24177748618e-13,5.27153787202e-13,3.52906397681e-13,2.59280932228e-13,1.39957286754e-13]},"melbands_crest":{"dmean":3.09962034225,"dmean2":5.15307760239,"dvar":8.09172153473,"dvar2":21.7630081177,"max":32.6072349548,"mean":12.4887828827,"median":11.9247741699,"min":1.8591119051,"var":19.4240894318},"melbands_flatness_db":{"dmean":0.0216693393886,"dmean2":0.0340751595795,"dvar":0.000408168125432,"dvar2":0.000981486169621,"max":0.419858396053,"mean":0.176148220897,"median":0.169926285744,"min":0.00331004802138,"var":0.00220120488666},"melbands_kurtosis":{"dmean":4.60731077194,"dmean2":7.40736103058,"dvar":53.5156364441,"dvar2":137.709884644,"max":125.630744934,"mean":8.55263805389,"median":4.462433815,"min":-1.65568125248,"var":144.312225342},"melbands_skewness":{"dmean":0.603027939796,"dmean2":0.950218200684,"dvar":0.393961697817,"dvar2":0.977369427681,"max":9.19237232208,"mean":2.16023135185,"median":1.95520961285,"min":-1.79268205166,"var":1.79625034332},"melbands_spread":{"dmean":6.13251161575,"dmean2":9.51737499237,"dvar":44.7388687134,"dvar2":99.3664474487,"max":127.812492371,"mean":24.2501468658,"median":22.0835876465,"min":1.20449900627,"var":195.45640564},"mfcc":{"cov":[[5760.25244141,196.020065308,573.77166748,625.564941406,79.0327377319,92.4200820923,2.48037385941,-246.091751099,-76.7953872681,-88.0744476318,3.78849315643,-85.9334182739,-80.3176879883],[196.020065308,697.694519043,91.3358840942,175.92010498,87.3546676636,43.5797653198,39.1292381287,-22.2093296051,-6.26473808289,-9.68909168243,-3.87030339241,-7.19806051254,3.46923017502],[573.77166748,91.3358840942,850.316711426,225.759155273,60.1577072144,115.194206238,36.0041694641,-41.119556427,-24.5223083496,-7.45484256744,3.54399037361,-17.7924060822,13.9966125488],[625.564941406,175.92010498,225.759155273,402.153930664,107.809196472,64.8725738525,6.72229719162,-55.8178863525,-21.0739307404,-29.9603328705,-24.8723182678,-52.8986625671,2.06198120117],[79.0327377319,87.3546676636,60.1577072144,107.809196472,134.569747925,44.2110099792,1.03816115856,-3.37930703163,5.30546569824,-0.302757740021,-11.6343545914,-17.5414981842,5.41799783707],[92.4200820923,43.5797653198,115.194206238,64.8725738525,44.2110099792,101.500411987,35.7678833008,-2.55496907234,-1.91796982288,-1.26557278633,3.14597654343,-7.08368206024,3.25449705124],[2.48037385941,39.1292381287,36.0041694641,6.72229719162,1.03816115856,35.7678833008,107.10559082,44.4506988525,10.7045555115,-0.332096636295,4.26271057129,4.03721809387,1.53867650032],[-246.091751099,-22.2093296051,-41.119556427,-55.8178863525,-3.37930703163,-2.55496907234,44.4506988525,103.970222473,37.768951416,15.282491684,3.40101671219,4.90614366531,0.287596613169],[-76.7953872681,-6.26473808289,-24.5223083496,-21.0739307404,5.30546569824,-1.91796982288,10.7045555115,37.768951416,74.7724380493,35.5163154602,13.6886739731,8.95937919617,2.50854301453],[-88.0744476318,-9.68909168243,-7.45484256744,-29.9603328705,-0.302757740021,-1.26557278633,-0.332096636295,15.282491684,35.5163154602,76.4190597534,37.0431938171,12.3306760788,1.99471306801],[3.78849315643,-3.87030339241,3.54399037361,-24.8723182678,-11.6343545914,3.14597654343,4.26271057129,3.40101671219,13.6886739731,37.0431938171,68.7804260254,34.4144134521,3.81842398643],[-85.9334182739,-7.19806051254,-17.7924060822,-52.8986625671,-17.5414981842,-7.08368206024,4.03721809387,4.90614366531,8.95937919617,12.3306760788,34.4144134521,73.1471481323,29.3996047974],[-80.3176879883,3.46923017502,13.9966125488,2.06198120117,5.41799783707,3.25449705124,1.53867650032,0.287596613169,2.50854301453,1.99471306801,3.81842398643,29.3996047974,63.9883270264]],"icov":[[0.000238905253354,0.0000310545729008,-0.0000747047015466,-0.000316779449349,0.0000834593665786,0.0000948884917307,-0.000185634838999,0.000490850012284,-0.000170937841176,0.000236896434217,-0.000239598695771,0.00000564127594771,0.000326124456478],[0.0000310545729008,0.00171905418392,0.0000340039332514,-0.000633954885416,-0.000764015829191,0.000199547168449,-0.000843418063596,0.00047718200949,0.00000764689320931,-0.0000187926270883,-0.00000447819047622,-0.00049356353702,0.000258769054199],[-0.0000747047015466,0.0000340039332514,0.00158312125131,-0.000644362648018,0.000283108180156,-0.00141719600651,-0.0000776206798037,0.000031747858884,0.000399172917241,-0.000363914092304,-0.0000203058953048,-0.0000736357687856,-0.000340563739883],[-0.000316779449349,-0.000633954885416,-0.000644362648018,0.00500787934288,-0.00254153087735,-0.0003489535884,-0.000347805646015,0.00148203258868,-0.000488310237415,0.00123423081823,-0.00067128369119,0.00309810438193,-0.00155173765961],[0.0000834593665786,-0.000764015829191,0.000283108180156,-0.00254153087735,0.0114065185189,-0.00429931329563,0.00231363368221,-0.00153010559734,-0.000864198780619,-0.00115595851094,0.00173431134317,0.000366829015547,-0.000831865880173],[0.0000948884917307,0.000199547168449,-0.00141719600651,-0.0003489535884,-0.00429931329563,0.0155563205481,-0.00554602826014,0.00206490117125,0.0000282358014374,0.000478491652757,-0.00209338287823,0.00120602163952,-0.000318786827847],[-0.000185634838999,-0.000843418063596,-0.0000776206798037,-0.000347805646015,0.00231363368221,-0.00554602826014,0.0146107142791,-0.00748515315354,0.000708617735654,0.000936469645239,-0.000179776136065,-0.00103343930095,0.0000379637931474],[0.000490850012284,0.00047718200949,0.000031747858884,0.00148203258868,-0.00153010559734,0.00206490117125,-0.00748515315354,0.0172810126096,-0.00707951374352,0.000772979576141,0.0000775196022005,0.00137895613443,0.000277644110611],[-0.000170937841176,0.00000764689320931,0.000399172917241,-0.000488310237415,-0.000864198780619,0.0000282358014374,0.000708617735654,-0.00707951374352,0.021045813337,-0.00926454272121,0.00185119069647,-0.00217276648618,0.000151521759108],[0.000236896434217,-0.0000187926270883,-0.000363914092304,0.00123423081823,-0.00115595851094,0.000478491652757,0.000936469645239,0.000772979576141,-0.00926454272121,0.0235002860427,-0.0128429858014,0.00447315908968,-0.00127244612668],[-0.000239598695771,-0.00000447819047622,-0.0000203058953048,-0.00067128369119,0.00173431134317,-0.00209338287823,-0.000179776136065,0.0000775196022005,0.00185119069647,-0.0128429858014,0.0277638174593,-0.0135152619332,0.00456980615854],[0.00000564127594771,-0.00049356353702,-0.0000736357687856,0.00309810438193,0.000366829015547,0.00120602163952,-0.00103343930095,0.00137895613443,-0.00217276648618,0.00447315908968,-0.0135152619332,0.0265401732177,-0.0115653434768],[0.000326124456478,0.000258769054199,-0.000340563739883,-0.00155173765961,-0.000831865880173,-0.000318786827847,0.0000379637931474,0.000277644110611,0.000151521759108,-0.00127244612668,0.00456980615854,-0.0115653434768,0.0213069114834]],"mean":[-643.889221191,121.780235291,-20.9267978668,19.0865268707,-2.53885817528,5.88604307175,-2.55919456482,-5.69556856155,-4.19737005234,-5.48711633682,-4.22786569595,-8.22566413879,-7.31426239014]},"pitch_salience":{"dmean":0.0676114708185,"dmean2":0.111742034554,"dvar":0.00379502144642,"dvar2":0.0107348207384,"max":0.974049270153,"mean":0.588904261589,"median":0.589149236679,"min":0.187701925635,"var":0.0092950835824},"silence_rate_20dB":{"dmean":0,"dmean2":0,"dvar":0,"dvar2":0,"max":1,"mean":1,"median":1,"min":1,"var":0},"silence_rate_30dB":{"dmean":0.000919258454815,"dmean2":0.00183879863471,"dvar":0.000918512174394,"dvar2":0.00275521120057,"max":1,"mean":0.999540448189,"median":1,"min":0,"var":0.00045937296818},"silence_rate_60dB":{"dmean":0.014708135277,"dmean2":0.0294207781553,"dvar":0.0144911129028,"dvar2":0.0328468903899,"max":1,"mean":0.0988051444292,"median":0,"min":0,"var":0.0890438035131},"spectral_centroid":{"dmean":231.45425415,"dmean2":357.195068359,"dvar":61109.2539063,"dvar2":125686.984375,"max":10398.921875,"mean":1326.62060547,"median":1296.31933594,"min":220.606109619,"var":301765.3125},"spectral_complexity":{"dmean":3.41719007492,"dmean2":5.09439182281,"dvar":13.0727481842,"dvar2":24.9110240936,"max":49,"mean":20.4724273682,"median":21,"min":0,"var":99.9506378174},"spectral_contrast_coeffs":{"dmean":[0.0537913404405,0.0474541075528,0.0385710969567,0.0305018760264,0.0212203171104,0.0162942707539],"dmean2":[0.0883652716875,0.0780824199319,0.062763184309,0.049354519695,0.0340782366693,0.0256666354835],"dvar":[0.0022393099498,0.00153202353977,0.000949883135036,0.000607423891779,0.000300703075482,0.000212161918171],"dvar2":[0.00572332413867,0.00398927601054,0.00239041703753,0.00155380100477,0.000743031909224,0.000476900429931],"max":[-0.258161276579,-0.449237763882,-0.494232147932,-0.540793120861,-0.620966494083,-0.587201654911],"mean":[-0.557695865631,-0.735101819038,-0.763739466667,-0.767675638199,-0.78784263134,-0.7457254529],"median":[-0.553464889526,-0.745149433613,-0.77412712574,-0.772363841534,-0.789763569832,-0.747309863567],"min":[-0.992379665375,-0.969964027405,-0.960161030293,-0.943160355091,-0.960983455181,-0.958958089352],"var":[0.00982894934714,0.00661666411906,0.00462655071169,0.00373559934087,0.00160645216238,0.00155058095697]},"spectral_contrast_valleys":{"dmean":[0.473084896803,0.382521778345,0.324765414,0.282594650984,0.240984290838,0.2395863235],"dmean2":[0.772279441357,0.610311806202,0.509115815163,0.433057695627,0.352608412504,0.325389236212],"dvar":[0.193151757121,0.14551910758,0.128277957439,0.106474272907,0.0915256664157,0.0833766311407],"dvar2":[0.45505875349,0.282572954893,0.22173345089,0.170180439949,0.133206352592,0.118823714554],"max":[-5.7672252655,-4.68193387985,-5.3357667923,-5.63422822952,-5.86199188232,-8.15131092072],"mean":[-7.94877481461,-6.86725139618,-7.16899251938,-7.45296001434,-7.48233032227,-10.3582715988],"median":[-7.61992454529,-6.73554039001,-7.05484104156,-7.33498096466,-7.33979558945,-10.1993141174],"min":[-27.1064929962,-27.1206474304,-27.1827068329,-27.5998001099,-27.0441741943,-27.3206787109],"var":[1.70559871197,0.907699525356,0.673475444317,0.639060795307,0.69229722023,0.818577289581]},"spectral_decrease":{"dmean":2.10981432325e-9,"dmean2":3.30939031734e-9,"dvar":1.32490081195e-17,"dvar2":3.22289253549e-17,"max":1.10551054359e-16,"mean":-5.74520120367e-9,"median":-4.78023531869e-9,"min":-3.48435875708e-8,"var":2.24824944252e-17},"spectral_energy":{"dmean":0.0082738455385,"dmean2":0.0129095530137,"dvar":0.000200011141715,"dvar2":0.000484026357299,"max":0.138672441244,"mean":0.0233158599585,"median":0.0196860227734,"min":1.08160464765e-20,"var":0.000355808297172},"spectral_energyband_high":{"dmean":0.000203792777029,"dmean2":0.000287922826828,"dvar":1.92522222164e-7,"dvar2":3.74307347784e-7,"max":0.0102413082495,"mean":0.000551800243556,"median":0.000357151904609,"min":7.78905334185e-21,"var":6.00626322012e-7},"spectral_energyband_low":{"dmean":0.00188699632417,"dmean2":0.00316697731614,"dvar":0.00000802031445346,"dvar2":0.0000215743402805,"max":0.0357227176428,"mean":0.00342172384262,"median":0.002441059798,"min":4.82111143157e-23,"var":0.0000122753945107},"spectral_energyband_middle_high":{"dmean":0.00154308555648,"dmean2":0.00225191330537,"dvar":0.00000391838648284,"dvar2":0.00000803255443316,"max":0.0379504077137,"mean":0.0055710952729,"median":0.00436110515147,"min":1.47965092563e-21,"var":0.0000243163740379},"spectral_energyband_middle_low":{"dmean":0.00725558400154,"dmean2":0.0115095516667,"dvar":0.000174857472302,"dvar2":0.000431570369983,"max":0.11782502383,"mean":0.0151043441147,"median":0.0107223857194,"min":3.13621409502e-22,"var":0.000249517470365},"spectral_entropy":{"dmean":0.122887298465,"dmean2":0.187339141965,"dvar":0.0143767884001,"dvar2":0.0306734386832,"max":9.79649353027,"mean":7.59092617035,"median":7.62023925781,"min":6.05411434174,"var":0.0801124945283},"spectral_flux":{"dmean":0.0227218009531,"dmean2":0.0356659851968,"dvar":0.000907435256522,"dvar2":0.00207305559888,"max":0.314536690712,"mean":0.075738273561,"median":0.0686544552445,"min":1.04000225098e-10,"var":0.00215293536894},"spectral_kurtosis":{"dmean":1.3418353796,"dmean2":2.23663854599,"dvar":2.26156425476,"dvar2":6.07832574844,"max":29.324930191,"mean":4.84406089783,"median":4.48776578903,"min":-1.22142899036,"var":4.75368356705},"spectral_rms":{"dmean":0.000750037666876,"dmean2":0.00113224855158,"dvar":0.00000103885315639,"dvar2":0.00000233029459196,"max":0.011631431058,"mean":0.00436759740114,"median":0.00438245106488,"min":3.24842128023e-12,"var":0.00000367128609469},"spectral_rolloff":{"dmean":370.94039917,"dmean2":607.59942627,"dvar":343986.375,"dvar2":690541.75,"max":20714.9414063,"mean":1522.60998535,"median":1464.2578125,"min":129.19921875,"var":1367113.875},"spectral_skewness":{"dmean":0.187814354897,"dmean2":0.297007471323,"dvar":0.0329496450722,"dvar2":0.0768840014935,"max":4.10471916199,"mean":1.55920064449,"median":1.54497790337,"min":0.0447488203645,"var":0.136229455471},"spectral_spread":{"dmean":388827.90625,"dmean2":570136.6875,"dvar":301632454656,"dvar2":463190654976,"max":41201576,"mean":4119577,"median":3977937.25,"min":1559142.5,"var":1491888766980},"spectral_strongpeak":{"dmean":0.503246366978,"dmean2":0.84934335947,"dvar":0.547398030758,"dvar2":1.37061095238,"max":8.52284526825,"mean":1.01223742962,"median":0.628509104252,"min":2.20017470909e-9,"var":1.14274430275},"zerocrossingrate":{"dmean":0.00778871076182,"dmean2":0.00963184516877,"dvar":0.000121472898172,"dvar2":0.000138786374009,"max":0.78564453125,"mean":0.0592650622129,"median":0.056640625,"min":0.00927734375,"var":0.00125948898494}},"metadata":{"audio_properties":{"analysis_sample_rate":44100,"bit_rate":320062,"codec":"mp3","downmix":"mix","equal_loudness":0,"length":151.536331177,"lossless":false,"md5_encoded":"692bce25bca7392ad0fd221fecd1aa58","replay_gain":-12.9932975769,"sample_rate":44100},"tags":{"album":["Everybody's in Show-Biz"],"albumartist":["The Kinks"],"albumartistsort":["Kinks, The"],"artist":["The Kinks"],"artistsort":["Kinks, The"],"asin":["B000009DI2"],"barcode":["634677972027"],"catalognumber":["63467-79720-2"],"composer":["Ray Davies"],"contentgroup":["Rock"],"date":["1972"],"discnumber":["1/1"],"file_name":"12. The Kinks ~ Brainwashed (live).mp3","genre":["Rock"],"initialkey":["G m"],"label":["Velvel"],"language":["eng"],"lyricist":["Ray Davies"],"media":["CD"],"mood":["Unknown"],"musicbrainz album release country":["US"],"musicbrainz album status":["official"],"musicbrainz album type":["album"],"musicbrainz_albumartistid":["17b53d9f-5c63-4a09-a593-dde4608e0db9"],"musicbrainz_albumid":["6cc45240-7c47-4e33-99df-4c3a74a5910b"],"musicbrainz_artistid":["17b53d9f-5c63-4a09-a593-dde4608e0db9"],"musicbrainz_recordingid":["7deb2646-f1a0-4596-9047-bba738a8183f"],"musicbrainz_releasegroupid":["c638a406-599f-3570-b3ca-f211e6d5c00b"],"musicbrainz_workid":["e30d8e04-52a1-42e8-847a-96ee2e7ecbd4"],"originaldate":["1972-08-25"],"originalyear":["1972"],"script":["Latn"],"title":["Brainwashed (live)"],"tracknumber":["12/23"],"work":["Brainwashed"]},"version":{"essentia":"2.1-beta2","essentia_build_sha":"2d9f1f26377add8aeb1075a9c2973f962c4f09fd","essentia_git_sha":"v2.1_beta2-1-ge3940c0","extractor":"music 1.0"}},"rhythm":{"beats_count":414,"beats_loudness":{"dmean":0.0217541400343,"dmean2":0.0412754043937,"dvar":0.000303510110825,"dvar2":0.000933318107855,"max":0.102846458554,"me