{"lowlevel":{"average_loudness":0.263005584478,"barkbands":{"dmean":[0.000965597282629,0.00234877178445,0.00136628001928,0.000909232185222,0.00251442240551,0.00166898034513,0.000999070587568,0.00057144893799,0.000403259677114,0.000255203602137,0.000216513697524,0.000166262383573,0.00013795812265,0.0000756822046242,0.0000672915703035,0.0000353569193976,0.0000194637959794,0.0000103405336631,0.00000936771539273,0.000016846213839,0.0000169635677594,0.00000897036898095,0.00000435705032942,0.00000212480222217,0.00000163317406532,0.00000453969369119,0.0000457820060547],"dmean2":[0.00170883419923,0.0037519861944,0.00227333256043,0.00151778850704,0.00386350019835,0.00240755430423,0.00150999275502,0.000908752670512,0.000621980987489,0.000404262042139,0.000342881394317,0.000264890113613,0.000227987242397,0.000122279321658,0.000107043604658,0.0000564834590477,0.0000316294863296,0.000016566244085,0.0000143008619489,0.0000249146742135,0.0000233398095588,0.0000127120838442,0.00000651850905342,0.00000339629218615,0.0000027027467695,0.00000675080491419,0.0000695132039255],"dvar":[0.00000169243344317,0.0000109324037112,0.00000400303360948,0.000004230866125,0.0000479785921925,0.0000287440470856,0.00000928978079173,0.00000550175718672,0.00000300183546642,9.39149629176e-7,4.12478016187e-7,2.13613006395e-7,1.04533825152e-7,5.78540237939e-8,3.42587043178e-8,4.71676520064e-9,1.93583238328e-9,3.8949402037e-10,1.96589722279e-9,2.11888995238e-8,2.84196186584e-8,5.85977155687e-10,1.20300089335e-10,1.36055082131e-11,9.23990311347e-12,8.648868427e-11,8.68064553572e-9],"dvar2":[0.00000479787104268,0.0000270836553682,0.0000108578324216,0.00000943568375078,0.000104603859654,0.0000591232237639,0.0000202088085643,0.0000120519289339,0.00000642582017463,0.00000224315340347,9.791691582e-7,5.11648920565e-7,2.75944131545e-7,1.39147800837e-7,7.35509715355e-8,1.11479803167e-8,4.91707785599e-9,1.00272989911e-9,4.0838599169e-9,4.43389254201e-8,5.20357872347e-8,1.03961839137e-9,2.66630162393e-10,3.22545011533e-11,2.29207017949e-11,1.80089138047e-10,1.93697964335e-8],"max":[0.0196590069681,0.0542793050408,0.0433224849403,0.144914358854,0.232278630137,0.15528216958,0.080536596477,0.123193733394,0.0636023208499,0.0346647724509,0.02845540829,0.0134549876675,0.00689706578851,0.00833749771118,0.0076469052583,0.00273837265559,0.00140471023042,0.000725662801415,0.00399747816846,0.0109917940572,0.0115710673854,0.000904322951101,0.00057986570755,0.0000613335650996,0.0000604741508141,0.000189419937669,0.00409229332581],"mean":[0.00141637085471,0.00558402668685,0.00223672064021,0.00146568112541,0.00479201879352,0.00321363471448,0.00175890582614,0.000880866835359,0.000685324834194,0.000397369818529,0.00037135076127,0.0002843887778,0.00022868954693,0.000134063346195,0.000125447564642,0.0000704031044734,0.0000392406727769,0.0000213937455555,0.0000195517386601,0.0000297824371955,0.0000268109833996,0.0000143378156281,0.00000603477838013,0.00000252283030022,0.00000172903094153,0.00000629364103588,0.000147483369801],"median":[0.000911538605578,0.00302122393623,0.00119932368398,0.000626172986813,0.00154556031339,0.000635997392237,0.000367998000002,0.0001664464653,0.0000965886138147,0.0000870030198712,0.000086987769464,0.0000732142361812,0.0000854581739986,0.0000305138710246,0.0000453546308563,0.0000316714140354,0.0000146883357957,0.000012530672393,0.00000850800824992,0.00000685470286044,0.000004732328307,0.00000401359193347,0.0000018230191472,8.76583499121e-7,6.27426516076e-7,0.00000221856066673,0.0000850386422826],"min":[8.26566435035e-25,3.77573954459e-24,1.17436441061e-24,3.10775520423e-24,7.9875953186e-24,1.41255453173e-23,1.37230022191e-23,1.26151433188e-23,3.07612555013e-23,2.35018734615e-23,2.15219793176e-23,1.89484342102e-23,4.39999633889e-23,3.0071854179e-23,6.02509618867e-23,3.52408684159e-23,6.92221973343e-23,1.08385499897e-22,1.33314173456e-22,1.42828302978e-22,2.45449135546e-22,2.99081100054e-22,4.18018706341e-22,5.71789810118e-22,9.08483217531e-22,1.44843707538e-21,2.13957232656e-21],"var":[0.00000266127494797,0.000044417422032,0.00000969517168414,0.0000173698208528,0.000153678687639,0.0000822731817607,0.0000230112091231,0.0000108878084575,0.00000857124177855,0.00000168758197105,0.0000011187422615,4.80439496187e-7,2.17233463218e-7,1.39374037644e-7,8.31594775264e-8,1.19199166093e-8,4.78683315208e-9,9.70884816986e-10,5.15364373399e-9,4.24979837987e-8,5.23913499251e-8,1.37281030987e-9,1.93350710442e-10,1.93469597981e-11,1.0886100181e-11,1.4380624469e-10,3.61317020747e-8]},"barkbands_crest":{"dmean":2.58717513084,"dmean2":4.16030168533,"dvar":5.10076999664,"dvar2":12.8845891953,"max":25.6051959991,"mean":11.8946943283,"median":11.1790809631,"min":3.46215200424,"var":19.6814937592},"barkbands_flatness_db":{"dmean":0.0284541156143,"dmean2":0.0441850349307,"dvar":0.000600032508373,"dvar2":0.00145656964742,"max":0.425598204136,"mean":0.193084284663,"median":0.185344666243,"min":0.0546666756272,"var":0.00339754181914},"barkbands_kurtosis":{"dmean":9.00738143921,"dmean2":14.2633399963,"dvar":161.879623413,"dvar2":394.955749512,"max":243.113891602,"mean":23.2549438477,"median":15.8455076218,"min":-1.78290879726,"var":604.797668457},"barkbands_skewness":{"dmean":0.753638327122,"dmean2":1.19447052479,"dvar":0.519452810287,"dvar2":1.29431319237,"max":11.6446123123,"mean":3.28884482384,"median":3.03585314751,"min":-2.05908799171,"var":3.0132856369},"barkbands_spread":{"dmean":3.45899105072,"dmean2":5.3516793251,"dvar":23.1027107239,"dvar2":48.9103126526,"max":121.67855835,"mean":11.7449674606,"median":9.11717987061,"min":0.612503409386,"var":115.922515869},"dissonance":{"dmean":0.0285190865397,"dmean2":0.0479159019887,"dvar":0.000710992258973,"dvar2":0.00196503754705,"max":0.499999433756,"mean":0.439945727587,"median":0.44848382473,"min":0,"var":0.00159486022312},"dynamic_complexity":4.16122865677,"erbbands":{"dmean":[0.0879685878754,0.512335121632,1.48379385471,2.20998048782,5.91798353195,9.61697101593,9.03466892242,15.6818447113,10.1159105301,22.748090744,8.365193367,9.76011753082,5.69269418716,8.53027248383,8.4961681366,6.26236248016,6.59362792969,3.44018554688,4.26258277893,2.44464111328,1.6749907732,0.947425484657,0.593840539455,0.448563665152,0.497820407152,0.787203192711,0.858529210091,0.512260138988,0.352672845125,0.210316106677,0.111573114991,0.0574450418353,0.0297273546457,0.0180294755846,0.0117998961359,0.0076986765489,0.00913428887725,0.0112370681018,0.00421101972461,0.00170915061608],"dmean2":[0.137571543455,0.826148569584,2.46407103539,3.63688445091,9.51742172241,14.4583177567,13.7164678574,22.4982738495,14.7761411667,35.1160926819,12.6912479401,15.0942640305,9.09927272797,13.3813505173,13.3975391388,10.1486091614,10.9415473938,5.58419132233,6.79018735886,3.93917369843,2.69525933266,1.52511060238,0.945444524288,0.689422249794,0.735149383545,1.15175580978,1.22221684456,0.72999984026,0.506027340889,0.302732348442,0.166344925761,0.0893571153283,0.0482461452484,0.0298281405121,0.0195152983069,0.0125950332731,0.0135240592062,0.0154035827145,0.00574189331383,0.00268544792198],"dvar":[0.0150888329372,0.568439781666,4.78016805649,16.563539505,237.566558838,999.824462891,747.949279785,3053.53564453,868.149353027,7873.81787109,841.31451416,1934.63232422,589.026123047,660.668640137,509.882324219,242.35534668,241.176055908,79.1826858521,195.363296509,24.4332180023,9.63422966003,4.19491958618,1.43010032177,1.21270978451,8.58537006378,37.8422622681,105.244689941,11.3621883392,1.03663885593,0.275191485882,0.0646754577756,0.0112436218187,0.00271262088791,0.00115347804967,0.000470028753625,0.000166810350493,0.00034745837911,0.000716599810403,0.000494532694574,0.00000551410039407],"dvar2":[0.0368149578571,1.43691539764,13.4481916428,40.5293083191,528.352050781,2100.71191406,1736.34094238,6004.32763672,1620.30749512,17041.359375,1773.27490234,4283.28955078,1502.63085938,1550.11303711,1212.59008789,618.944335938,645.914916992,186.977890015,425.757324219,61.580657959,23.8018455505,10.3678541183,3.72119426727,2.30964660645,15.1908378601,72.1237030029,218.088928223,20.9640388489,1.86485421658,0.506747603416,0.136104717851,0.0250959284604,0.00664577260613,0.00286684930325,0.00116497138515,0.000410118838772,0.000708874023985,0.00133467838168,0.000973239948507,0.000013569137991],"max":[1.72909247875,11.9534931183,44.8898353577,211.481964111,907.256103516,1186.35559082,1038.33581543,1696.76489258,901.643859863,2707.32446289,1357.9786377,1540.22814941,660.624084473,731.632751465,915.231323242,531.286804199,369.713928223,229.09916687,578.673400879,124.092086792,79.5381164551,49.3670463562,52.6984672546,63.0520629883,263.857299805,432.509552002,620.978942871,168.257171631,37.8352737427,23.4987392426,10.9085025787,2.10255694389,0.994987845421,0.681609690189,0.427176833153,0.237151995301,0.297604680061,0.603801071644,1.28275382519,0.0600270964205],"mean":[0.198815003037,1.08915817738,2.68169569969,3.92205047607,10.7585697174,17.2806510925,17.0124416351,28.9586696625,19.4306907654,37.0869102478,15.2846784592,16.6854496002,9.68056106567,14.4305009842,15.4708919525,11.5670862198,11.4307146072,6.74676942825,7.93727445602,5.13757181168,3.60935854912,2.09697532654,1.29856777191,1.00414013863,1.02000260353,1.39157032967,1.3940128088,0.813464105129,0.558189451694,0.319059312344,0.153155937791,0.0724617019296,0.033675853163,0.0190988406539,0.0126920901239,0.00911666359752,0.0127139184624,0.0182001926005,0.00976335816085,0.00828778836876],"median":[0.0903867706656,0.577892303467,1.47703015804,1.99336004257,3.94289398193,4.41328048706,5.23062801361,5.15581321716,4.18123197556,7.02971172333,3.09576559067,2.41785383224,2.49178218842,3.38548374176,3.87528920174,3.83432579041,4.67003154755,2.12992691994,2.07171297073,2.30219745636,1.63689088821,0.881453990936,0.758275151253,0.531002759933,0.385972976685,0.319223374128,0.234192013741,0.166419446468,0.149541437626,0.0918851941824,0.0474615246058,0.0239076856524,0.0121968900785,0.00701988721266,0.00474998028949,0.00381053797901,0.00438198447227,0.0055098105222,0.00425738329068,0.00578810553998],"min":[1.08272901046e-22,7.3595905988e-22,2.56625979384e-21,9.42143611958e-21,2.83349103243e-20,3.75640422995e-20,3.28130561343e-20,1.37017001323e-19,2.08998141905e-19,1.95708115346e-19,2.38932489954e-19,6.30762543597e-19,1.09870616414e-18,9.73512998817e-19,1.19334369123e-18,1.27427948846e-18,2.42781045981e-18,1.67996442962e-18,2.72206093758e-18,3.29096453682e-18,3.65651798339e-18,4.36125932167e-18,5.12108220335e-18,6.60856594373e-18,7.79158311219e-18,7.59933227576e-18,8.93726879243e-18,8.86258430928e-18,9.73466097676e-18,1.08822690247e-17,1.13678281802e-17,1.14147855692e-17,9.92296781603e-18,8.67411037953e-18,6.87574197286e-18,4.16845344705e-18,2.52841216591e-18,1.0116398212e-18,2.81955627028e-19,2.68045518741e-20],"var":[0.0607814602554,1.96154201031,12.5537433624,52.7707138062,982.28704834,2673.03369141,1599.7734375,8116.93798828,2544.68481445,17050.0761719,2710.29125977,4838.66064453,1115.6262207,1348.61523438,1406.38061523,563.355163574,506.126434326,195.361846924,533.28527832,67.2096099854,28.0432949066,11.7140522003,3.83091592789,3.89248132706,26.7801589966,84.195930481,178.662536621,24.4031162262,2.41698360443,0.619793176651,0.108362816274,0.0176085047424,0.00352474092506,0.00134767300915,0.000560953747481,0.000221913927817,0.000580086605623,0.00146593933459,0.0011103565339,0.0000536860934517]},"erbbands_crest":{"dmean":2.95720267296,"dmean2":4.76071739197,"dvar":7.40423345566,"dvar2":17.7577228546,"max":30.9673652649,"mean":10.5432701111,"median":9.3805398941,"min":2.73868203163,"var":22.5305767059},"erbbands_flatness_db":{"dmean":0.0254611931741,"dmean2":0.0389868468046,"dvar":0.000439887226094,"dvar2":0.00105836964212,"max":0.343860358,"mean":0.15684466064,"median":0.154439613223,"min":0.0304768644273,"var":0.00193416303955},"erbbands_kurtosis":{"dmean":1.60623824596,"dmean2":2.52705311775,"dvar":4.98499345779,"dvar2":11.5328979492,"max":52.1391410828,"mean":2.28968787193,"median":1.01130962372,"min":-1.74485588074,"var":14.0648555756},"erbbands_skewness":{"dmean":0.408884763718,"dmean2":0.630921125412,"dvar":0.142329379916,"dvar2":0.31896597147,"max":5.22954511642,"mean":0.921268165112,"median":0.903027117252,"min":-4.09853935242,"var":0.813870251179},"erbbands_spread":{"dmean":6.27156734467,"dmean2":9.69729328156,"dvar":45.328540802,"dvar2":100.797836304,"max":142.332702637,"mean":26.7164344788,"median":24.866481781,"min":2.46947956085,"var":198.865020752},"gfcc":{"cov":[[13722.4873047,752.432983398,-1742.69372559,-518.528808594,-162.158294678,-352.700164795,-129.379516602,-479.292694092,-119.233352661,-75.2928543091,-108.726501465,148.145370483,58.0782089233],[752.432983398,738.225646973,-17.8896389008,-171.260162354,124.78969574,-74.2420883179,-5.7331328392,-50.4570655823,27.4964618683,-25.7837867737,49.3866729736,-52.9908485413,50.3726348877],[-1742.69372559,-17.8896389008,652.517211914,202.88381958,-27.925786972,120.937347412,-16.3341732025,147.145599365,4.74015569687,30.966342926,24.7139892578,-48.8439407349,-14.3905944824],[-518.528808594,-171.260162354,202.88381958,334.678222656,79.1312561035,62.3541221619,81.1947250366,23.6604881287,-35.5690841675,-9.2300567627,-19.1877765656,3.58856320381,-17.8627471924],[-162.158294678,124.78969574,-27.925786972,79.1312561035,244.369796753,75.0218658447,66.3346710205,-41.2033958435,-29.4797935486,-31.401134491,13.7304086685,-2.00851941109,21.6705665588],[-352.700164795,-74.2420883179,120.937347412,62.3541221619,75.0218658447,201.102798462,3.54822993279,76.5666809082,-35.0607948303,2.09663581848,8.32750606537,-1.12195074558,16.3858184814],[-129.379516602,-5.7331328392,-16.3341732025,81.1947250366,66.3346710205,3.54822993279,188.404785156,-5.63695049286,29.3278427124,-20.0227394104,-8.53147697449,25.0833435059,-10.4726200104],[-479.292694092,-50.4570655823,147.145599365,23.6604881287,-41.2033958435,76.5666809082,-5.63695049286,172.50944519,32.588306427,43.5494918823,13.2845802307,-38.1379089355,7.39754247665],[-119.233352661,27.4964618683,4.74015569687,-35.5690841675,-29.4797935486,-35.0607948303,29.3278427124,32.588306427,138.069702148,62.014415741,11.7542705536,-1.59084641933,-37.7725219727],[-75.2928543091,-25.7837867737,30.966342926,-9.2300567627,-31.401134491,2.09663581848,-20.0227394104,43.5494918823,62.014415741,88.3359527588,37.8076934814,-7.97238540649,-14.0241193771],[-108.726501465,49.3866729736,24.7139892578,-19.1877765656,13.7304086685,8.32750606537,-8.53147697449,13.2845802307,11.7542705536,37.8076934814,65.3429946899,15.4347038269,11.8343801498],[148.145370483,-52.9908485413,-48.8439407349,3.58856320381,-2.00851941109,-1.12195074558,25.0833435059,-38.1379089355,-1.59084641933,-7.97238540649,15.4347038269,77.7866744995,20.312002182],[58.0782089233,50.3726348877,-14.3905944824,-17.8627471924,21.6705665588,16.3858184814,-10.4726200104,7.39754247665,-37.7725219727,-14.0241193771,11.8343801498,20.312002182,78.0330429077]],"icov":[[0.000177178837475,-0.000522360729519,0.000630203285255,-0.000389607914258,0.000565386086237,-0.000337373348884,0.000121102777484,0.0000343352003256,0.000439949915744,-0.000619873404503,0.000623513478786,-0.000551193836145,0.000309663068037],[-0.000522360729519,0.00464416109025,-0.00268157781102,0.00286523974501,-0.00344458036125,0.00225563859567,-0.000598372949753,0.00117737124674,-0.00345930107869,0.00469148578122,-0.0051231184043,0.00542945228517,-0.00362444738857],[0.000630203285255,-0.00268157781102,0.00550129031762,-0.00434569641948,0.00428624777123,-0.00324251037091,0.00127106916625,-0.000705795246176,0.000190356135136,-0.000095736264484,-0.000598770391662,-0.000277054292383,0.00124764302745],[-0.000389607914258,0.00286523974501,-0.00434569641948,0.00843794085085,-0.00564679922536,0.00327029475011,-0.00269866548479,-0.00104733614717,0.00308382185176,-0.00268055428751,0.00303833256476,-0.00125920725986,0.00106705771759],[0.000565386086237,-0.00344458036125,0.00428624777123,-0.00564679922536,0.0128879016265,-0.00792842824012,-0.00151791435201,0.00544968713075,-0.00197523506358,0.00246461643837,-0.00447295093909,0.00462791044265,-0.00237345532514],[-0.000337373348884,0.00225563859567,-0.00324251037091,0.00327029475011,-0.00792842824012,0.01219063811,0.000464460492367,-0.00685528991744,0.00427114637569,-0.00205674418248,0.00268610334024,-0.00467589078471,0.00180742703378],[0.000121102777484,-0.000598372949753,0.00127106916625,-0.00269866548479,-0.00151791435201,0.000464460492367,0.00864090211689,-0.00205459422432,-0.00345867010765,0.00391516974196,0.000122263503727,-0.00364024401642,0.00154969247524],[0.0000343352003256,0.00117737124674,-0.000705795246176,-0.00104733614717,0.00544968713075,-0.00685528991744,-0.00205459422432,0.0155937252566,-0.00634792400524,0.000964668637607,-0.00532017415389,0.0118470052257,-0.00815976038575],[0.000439949915744,-0.00345930107869,0.000190356135136,0.00308382185176,-0.00197523506358,0.00427114637569,-0.00345867010765,-0.00634792400524,0.0225822571665,-0.0196419991553,0.0130832064897,-0.0122329713777,0.011037055403],[-0.000619873404503,0.00469148578122,-0.000095736264484,-0.00268055428751,0.00246461643837,-0.00205674418248,0.00391516974196,0.000964668637607,-0.0196419991553,0.0388475321233,-0.026561556384,0.0138733126223,-0.00512608606368],[0.000623513478786,-0.0051231184043,-0.000598770391662,0.00303833256476,-0.00447295093909,0.00268610334024,0.000122263503727,-0.00532017415389,0.0130832064897,-0.026561556384,0.0397248379886,-0.0196320023388,0.00527202850208],[-0.000551193836145,0.00542945228517,-0.000277054292383,-0.00125920725986,0.00462791044265,-0.00467589078471,-0.00364024401642,0.0118470052257,-0.0122329713777,0.0138733126223,-0.0196320023388,0.0333725847304,-0.0144866425544],[0.000309663068037,-0.00362444738857,0.00124764302745,0.00106705771759,-0.00237345532514,0.00180742703378,0.00154969247524,-0.00815976038575,0.011037055403,-0.00512608606368,0.00527202850208,-0.0144866425544,0.0240524094552]],"mean":[-73.4934997559,115.43561554,-58.8862037659,-4.92622613907,-17.41056633,-14.449713707,-7.38156318665,-20.5096168518,-2.89670062065,-5.90662336349,-3.77303624153,-2.09733629227,-6.14832448959]},"hfc":{"dmean":39.8416748047,"dmean2":63.6194953918,"dvar":3128.92456055,"dvar2":7770.56201172,"max":1520.42431641,"mean":149.621170044,"median":111.907814026,"min":1.08862527266e-16,"var":18027.75},"melbands":{"dmean":[0.000695438997354,0.000711879576556,0.000430962536484,0.000588024384342,0.000332728144713,0.000339164806064,0.000163343225722,0.000226193587878,0.0000684961560182,0.0000572326352994,0.0000290051357297,0.0000360856429324,0.0000323853819282,0.0000189387974388,0.0000161213283718,0.0000119262040243,0.00000645719273962,0.00000769912639953,0.00000428659905083,0.00000278328707282,0.000002072281859,0.00000116441265163,7.4186425536e-7,4.91865364438e-7,3.87369055943e-7,3.69108789755e-7,4.21868918465e-7,6.0091542764e-7,6.09845415056e-7,4.54330404409e-7,2.65972346369e-7,2.05643914342e-7,1.77512376354e-7,1.03067549162e-7,6.96960142932e-8,4.57362858697e-8,3.18806279154e-8,2.21304929937e-8,1.65121374351e-8,1.47711247678e-8],"dmean2":[0.0011041064281,0.0011720956536,0.000711623346433,0.000897565681953,0.000505630567204,0.000484083575429,0.000239620436332,0.000349715701304,0.0001043192824,0.0000888491485966,0.0000465400880785,0.0000565826449019,0.000051184269978,0.00003012858906,0.0000264437585429,0.0000195542925212,0.0000104878290585,0.0000122795609059,0.00000687990177539,0.00000448618084192,0.00000336139578394,0.00000188422382053,0.00000119722994896,7.95235109763e-7,6.08673360603e-7,5.68064933759e-7,6.32682827018e-7,8.76014610185e-7,9.30444343794e-7,6.44883243694e-7,4.00443752824e-7,3.00545423215e-7,2.57773450585e-7,1.52810841314e-7,1.04450812444e-7,7.08661005433e-8,5.0488761616e-8,3.58171199366e-8,2.73157549913e-8,2.44481377365e-8],"dvar":[9.2095757509e-7,0.00000100143449799,7.20936441212e-7,0.00000313569921673,8.61605087721e-7,0.0000012981540749,1.96915124206e-7,7.85743623055e-7,6.00726792754e-8,6.38404884512e-8,1.6584721152e-8,1.33800410751e-8,8.84038175997e-9,3.48402995343e-9,1.13689913039e-9,8.05069733101e-10,3.29582861003e-10,7.30559723827e-10,8.71040947703e-11,3.7020719823e-11,1.56711796317e-11,7.04226043799e-12,3.55532400395e-12,7.73438930089e-13,9.71151327758e-13,2.37938098044e-12,7.70909378001e-12,2.83699626291e-11,5.23211682313e-11,2.83122379707e-11,2.32064974875e-12,3.68709321972e-13,2.31817169627e-13,7.8882640166e-14,2.71486375454e-14,8.97549738119e-15,3.36206943226e-15,1.49251069894e-15,9.72105091092e-16,7.7213082958e-16],"dvar2":[0.00000225638859774,0.00000277944559457,0.00000157740942086,0.00000666400137561,0.00000202097885449,0.00000257986175711,3.81577223152e-7,0.00000169381382875,1.23285474274e-7,1.42176531881e-7,4.23224975066e-8,3.10129841807e-8,2.05972909839e-8,8.34567881469e-9,2.92709212424e-9,2.07013339804e-9,7.85605691611e-10,1.60752267053e-9,2.09077852253e-10,8.66297797386e-11,3.93703611379e-11,1.77859428574e-11,9.55282901394e-12,1.93214238012e-12,1.95644086869e-12,4.19771335747e-12,1.48039532022e-11,5.46829664883e-11,1.2265173599e-10,5.37232480724e-11,5.02523456875e-12,6.94294936213e-13,4.65087658056e-13,1.61709540073e-13,5.78827824972e-14,1.95647111115e-14,7.79206106377e-15,3.62708613618e-15,2.41833708617e-15,1.91718411369e-15],"max":[0.0156876854599,0.0170683078468,0.0559685342014,0.0581053048372,0.0276174731553,0.0342209264636,0.0117078227922,0.0263616573066,0.0129034686834,0.00826242286712,0.00351711688563,0.00380450533703,0.00428660772741,0.00181366095785,0.0006451663794,0.000757156754844,0.000438131799456,0.00109957286622,0.000249366537901,0.000287051341729,0.0000958294112934,0.0000696603528922,0.000104160229967,0.000020514929929,0.0000516133550263,0.000134225716465,0.000218170811422,0.00041295873234,0.000493160099722,0.000396640622057,0.0000583671790082,0.0000234414274018,0.0000190589635167,0.0000155516663654,0.00000698004396327,0.00000217775846068,9.15148177683e-7,7.07493768459e-7,6.26924077096e-7,5.56861948553e-7],"mean":[0.00169406144414,0.00145628955215,0.00083040172467,0.00112520810217,0.000625728513114,0.000641529681161,0.000311647105264,0.000365135987522,0.000119553253171,0.0000956028598011,0.0000462493662781,0.0000578560830036,0.0000564576257602,0.0000326655499521,0.0000283756489807,0.0000203477502509,0.0000113450232675,0.0000134152778628,0.00000829013697512,0.00000531919476998,0.00000404590355174,0.00000229957754527,0.00000141364876072,9.87135081232e-7,7.86596217495e-7,7.24182484646e-7,7.64187120694e-7,9.78398816187e-7,9.37772995258e-7,6.74925161093e-7,3.97814915232e-7,3.1415106605e-7,2.64619387735e-7,1.45474260194e-7,9.33037895834e-8,5.95090057232e-8,3.78319562344e-8,2.4822627509e-8,1.73274337101e-8,1.54887942472e-8],"median":[0.000934684532695,0.000859291001689,0.000435702095274,0.000331579125486,0.000189836515347,0.000116048227937,0.0000668256107019,0.0000681600649841,0.0000205259839277,0.0000136795533763,0.000010964795365,0.0000123400150187,0.0000129068021124,0.0000080558074842,0.0000111001190817,0.00000777541208663,0.00000301410682368,0.00000276674836641,0.0000034026661524,0.00000234367212215,0.00000161809475685,8.36152139527e-7,6.61181616124e-7,5.57136786483e-7,3.89195264461e-7,2.88934359105e-7,2.35566943729e-7,1.98464348955e-7,1.50746359395e-7,1.10908743522e-7,8.59071462855e-8,8.44559622237e-8,6.77598563925e-8,4.1387849592e-8,2.79082872368e-8,1.96638971772e-8,1.18361169754e-8,8.53743653551e-9,6.28632479405e-9,5.53183454599e-9],"min":[1.71185952155e-24,1.95353869556e-24,2.57205554071e-24,2.57987039127e-24,1.36619605567e-24,3.06083908239e-24,3.19113070216e-24,2.23873538141e-24,1.59349350652e-24,3.36466531017e-24,4.92548380356e-24,3.46976090983e-24,4.03356532082e-24,2.77456205154e-24,4.53479767924e-24,3.54282994004e-24,2.30306383279e-24,4.07651288065e-24,4.87289636347e-24,3.13315908917e-24,3.64790226831e-24,3.56982357693e-24,4.37392566927e-24,3.9976173238e-24,4.75588935856e-24,5.34685306723e-24,4.48410823848e-24,4.86887632829e-24,4.83920293091e-24,5.12181392793e-24,5.29309495755e-24,3.96563414169e-24,4.88796084574e-24,5.96684843492e-24,5.22915659789e-24,4.82022727627e-24,5.72688759718e-24,5.82261705132e-24,6.76921621656e-24,6.9691751011e-24],"var":[0.00000380912251785,0.00000300276838061,0.00000347438458448,0.000010632466001,0.00000188393323697,0.0000036178123537,5.80550363338e-7,0.00000167459165823,2.15197573539e-7,1.5485382221e-7,2.98726305914e-8,2.57685446314e-8,2.42876989631e-8,7.53562190425e-9,2.80713807754e-9,1.72923364516e-9,7.05648539601e-10,2.01809835509e-9,2.36860864256e-10,7.90817411556e-11,4.07140189618e-11,1.69181335608e-11,8.22622525654e-12,1.93113385526e-12,2.64007565809e-12,8.10775665355e-12,2.01367759273e-11,5.60468407795e-11,8.45556055729e-11,4.38665596902e-11,4.15941239784e-12,7.79813117292e-13,4.53708847836e-13,1.48597605575e-13,4.34277349596e-14,1.39067749693e-14,4.8496689283e-15,1.96395303788e-15,1.12774114828e-15,9.01267196318e-16]},"melbands_crest":{"dmean":3.41001224518,"dmean2":5.60169124603,"dvar":8.46698093414,"dvar2":22.8375530243,"max":34.9742012024,"mean":16.5860099792,"median":16.203086853,"min":1.79672110081,"var":32.1799354553},"melbands_flatness_db":{"dmean":0.034671548754,"dmean2":0.0538027361035,"dvar":0.000866978894919,"dvar2":0.00212085573003,"max":0.599990010262,"mean":0.320236682892,"median":0.313306003809,"min":0.00327541702427,"var":0.0054501760751},"melbands_kurtosis":{"dmean":8.77546977997,"dmean2":13.9902667999,"dvar":165.800598145,"dvar2":401.397521973,"max":317.875701904,"mean":20.9026088715,"median":13.0309104919,"min":-1.6584995985,"var":684.353759766},"melbands_skewness":{"dmean":0.721673667431,"dmean2":1.14498543739,"dvar":0.469855129719,"dvar2":1.13863027096,"max":15.0155601501,"mean":2.96939730644,"median":2.75030088425,"min":-1.20661473274,"var":3.09360551834},"melbands_spread":{"dmean":2.61040854454,"dmean2":4.12398529053,"dvar":23.1263465881,"dvar2":57.4300804138,"max":192.722747803,"mean":8.88492393494,"median":6.34880256653,"min":0.491948217154,"var":138.606384277},"mfcc":{"cov":[[8602.61132812,622.448913574,-1429.6730957,-159.455001831,-481.77835083,149.686920166,-361.949005127,-97.7533111572,-206.319458008,-175.230880737,-248.199523926,-58.726398468,52.0695915222],[622.448913574,961.450744629,-93.7864837646,-75.2803726196,59.2527389526,-28.0297813416,-26.9230651855,-62.7486152649,-19.643081665,-24.9192085266,19.3520698547,-19.4723148346,29.8661670685],[-1429.6730957,-93.7864837646,654.077636719,72.9436340332,107.576278687,-68.6870727539,55.1481781006,21.704082489,43.306476593,65.9518356323,71.7831420898,26.7851657867,-27.227148056],[-159.455001831,-75.2803726196,72.9436340332,281.327606201,-0.570196151733,72.5012359619,52.6498451233,36.2663421631,8.69549179077,16.1477012634,-10.8420953751,-7.45494508743,-11.3715572357],[-481.77835083,59.2527389526,107.576278687,-0.570196151733,219.265411377,39.1121635437,89.4631729126,-0.359389662743,10.7903862,2.46159553528,14.5157823563,-11.9941854477,-0.84067183733],[149.686920166,-28.0297813416,-68.6870727539,72.5012359619,39.1121635437,166.901977539,57.7948455811,49.6834449768,-8.69297981262,-17.9756793976,-30.3148460388,-9.95365619659,3.08514475822],[-361.949005127,-26.9230651855,55.1481781006,52.6498451233,89.4631729126,57.7948455811,183.743026733,57.7556915283,31.9182014465,-12.5760135651,-20.6874008179,-14.3620567322,-0.57618200779],[-97.7533111572,-62.7486152649,21.704082489,36.2663421631,-0.359389662743,49.6834449768,57.7556915283,101.858886719,37.5406837463,7.35963058472,-13.3430976868,-4.67962408066,-3.08804106712],[-206.319458008,-19.643081665,43.306476593,8.69549179077,10.7903862,-8.69297981262,31.9182014465,37.5406837463,81.9700775146,38.3234825134,18.3043632507,4.89611434937,2.75378537178],[-175.230880737,-24.9192085266,65.9518356323,16.1477012634,2.46159553528,-17.9756793976,-12.5760135651,7.35963058472,38.3234825134,89.4084014893,56.4908103943,21.2686500549,1.65002477169],[-248.199523926,19.3520698547,71.7831420898,-10.8420953751,14.5157823563,-30.3148460388,-20.6874008179,-13.3430976868,18.3043632507,56.4908103943,95.3208084106,43.6485061646,6.59121131897],[-58.726398468,-19.4723148346,26.7851657867,-7.45494508743,-11.9941854477,-9.95365619659,-14.3620567322,-4.67962408066,4.89611434937,21.2686500549,43.6485061646,74.8899536133,29.6372051239],[52.0695915222,29.8661670685,-27.227148056,-11.3715572357,-0.84067183733,3.08514475822,-0.57618200779,-3.08804106712,2.75378537178,1.65002477169,6.59121131897,29.6372051239,54.9854164124]],"icov":[[0.000225373616558,-0.000141151846037,0.000364306295523,0.0000179507478606,0.0002359640348,-0.000154537614435,0.000234332037508,-0.000016317502741,0.000212762824958,-0.000223313400056,0.0004833539424,-0.000202401482966,0.000108369917143],[-0.000141151846037,0.00129574013408,-0.0000521049514646,0.0000697365831002,-0.000529506709427,0.00022096344037,0.00000343690476257,0.000431681080954,-0.000244753638981,0.000762854528148,-0.00123716425151,0.00116762320977,-0.00106941000558],[0.000364306295523,-0.0000521049514646,0.00291846483015,-0.000802561698947,-0.00106036441866,0.00156238046475,0.000166326528415,-0.00102226703893,0.000580376363359,-0.000916096905712,0.000142386401421,-0.00129258260131,0.0014809895074],[0.0000179507478606,0.0000697365831002,-0.000802561698947,0.00471634091809,0.00130941299722,-0.00246621016413,-0.00115454162005,0.00054366979748,0.000314279372105,-0.00163535145111,0.000755242363084,0.000295641337289,0.000483387120767],[0.0002359640348,-0.000529506709427,-0.00106036441866,0.00130941299722,0.0080190571025,-0.00307468161918,-0.00358503335156,0.00315514625981,-0.000232958787819,-0.0000370987327187,-0.00181479775347,0.00233606714755,-0.000784172967542],[-0.000154537614435,0.00022096344037,0.00156238046475,-0.00246621016413,-0.00307468161918,0.0107854939997,-0.00078464881517,-0.00545528298244,0.00339743029326,-0.000212706712773,0.00102645577863,-0.00101300515234,-0.000417632953031],[0.000234332037508,0.00000343690476257,0.000166326528415,-0.00115454162005,-0.00358503335156,-0.00078464881517,0.0101638380438,-0.00382540840656,-0.00265550310723,0.00249715847895,0.00144035823178,-0.000114670474431,-0.000552097626496],[-0.000016317502741,0.000431681080954,-0.00102226703893,0.00054366979748,0.00315514625981,-0.00545528298244,-0.00382540840656,0.0179660674185,-0.00742608495057,-0.000426387035986,0.00186136749107,-0.000171494830283,0.000964472128544],[0.000212762824958,-0.000244753638981,0.000580376363359,0.000314279372105,-0.000232958787819,0.00339743029326,-0.00265550310723,-0.00742608495057,0.0211594216526,-0.00883203465492,0.000632482871879,0.000774425629061,-0.00164313334972],[-0.000223313400056,0.000762854528148,-0.000916096905712,-0.00163535145111,-0.0000370987327187,-0.000212706712773,0.00249715847895,-0.000426387035986,-0.00883203465492,0.0239461958408,-0.0134431533515,0.00264128763229,-0.00106958800461],[0.0004833539424,-0.00123716425151,0.000142386401421,0.000755242363084,-0.00181479775347,0.00102645577863,0.00144035823178,0.00186136749107,0.000632482871879,-0.0134431533515,0.0268359482288,-0.0134825771675,0.00489722890779],[-0.000202401482966,0.00116762320977,-0.00129258260131,0.000295641337289,0.00233606714755,-0.00101300515234,-0.000114670474431,-0.000171494830283,0.000774425629061,0.00264128763229,-0.0134825771675,0.026735579595,-0.0138521017507],[0.000108369917143,-0.00106941000558,0.0014809895074,0.000483387120767,-0.000784172967542,-0.000417632953031,-0.000552097626496,0.000964472128544,-0.00164313334972,-0.00106958800461,0.00489722890779,-0.0138521017507,0.0265516657382]],"mean":[-745.639831543,180.095794678,13.8746709824,28.057641983,4.96326780319,17.0816726685,-1.08881914616,1.50211787224,-1.95430421829,-0.431854128838,-0.223114788532,1.95074629784,4.87595748901]},"pitch_salience":{"dmean":0.0666486099362,"dmean2":0.108051307499,"dvar":0.00313239032403,"dvar2":0.00834203138947,"max":0.929515063763,"mean":0.540061116219,"median":0.550033688545,"min":0.156636506319,"var":0.0116360029206},"silence_rate_20dB":{"dmean":0,"dmean2":0,"dvar":0,"dvar2":0,"max":1,"mean":1,"median":1,"min":1,"var":0},"silence_rate_30dB":{"dmean":0.0139860138297,"dmean2":0.0279752351344,"dvar":0.0137911159545,"dvar2":0.031092075631,"max":1,"mean":0.975584566593,"median":1,"min":0,"var":0.0238190647215},"silence_rate_60dB":{"dmean":0.0123810619116,"dmean2":0.0247649624944,"dvar":0.0122270733118,"dvar2":0.0296521093696,"max":1,"mean":0.0599495656788,"median":0,"min":0,"var":0.0563620887697},"spectral_centroid":{"dmean":105.874954224,"dmean2":160.80770874,"dvar":41468.109375,"dvar2":71487.3984375,"max":11670.0527344,"mean":593.472961426,"median":468.4453125,"min":144.917526245,"var":633998},"spectral_complexity":{"dmean":1.69941532612,"dmean2":2.79752349854,"dvar":2.72746324539,"dvar2":6.52034854889,"max":38,"mean":9.99587345123,"median":9,"min":0,"var":31.9374961853},"spectral_contrast_coeffs":{"dmean":[0.0501756817102,0.0470634959638,0.0368994697928,0.029281405732,0.0231589190662,0.0349420011044],"dmean2":[0.0836271345615,0.0759231895208,0.0601588152349,0.0476767905056,0.0376871153712,0.053210824728],"dvar":[0.00155473453924,0.00142697046977,0.000877905520611,0.00052449980285,0.000366743275663,0.0010568756843],"dvar2":[0.00435141520575,0.0036635173019,0.00230148807168,0.00136380735785,0.000930042937398,0.00235973042436],"max":[-0.324156105518,-0.394478827715,-0.545932531357,-0.634736657143,-0.65226495266,-0.417281448841],"mean":[-0.67268037796,-0.742537736893,-0.806627929211,-0.821286857128,-0.847788214684,-0.798257172108],"median":[-0.678769230843,-0.752075076103,-0.813682317734,-0.819479346275,-0.841526627541,-0.812242150307],"min":[-0.986279368401,-0.97242975235,-0.978267133236,-0.980386912823,-0.971699237823,-0.964361250401],"var":[0.00707047851756,0.00593820493668,0.00353255239315,0.00252242549323,0.00193272682372,0.00419051665813]},"spectral_contrast_valleys":{"dmean":[0.35865047574,0.340694457293,0.330509096384,0.314345389605,0.36707508564,0.623625099659],"dmean2":[0.602078914642,0.556447505951,0.534475684166,0.501313745975,0.57274389267,0.989042699337],"dvar":[0.0979665592313,0.0937790870667,0.0912390723825,0.102974817157,0.1444119066,0.261694788933],"dvar2":[0.247941285372,0.212836250663,0.209265828133,0.24015904963,0.345074057579,0.690020978451],"max":[-5.11689090729,-4.52043056488,-5.64809370041,-6.18708610535,-6.37719106674,-8.99240016937],"mean":[-7.08921957016,-6.97546720505,-7.82844638824,-8.39059352875,-8.7844877243,-11.5139398575],"median":[-6.86693429947,-6.79361915588,-7.55522632599,-8.07293796539,-8.5160446167,-11.3623561859],"min":[-28.3425483704,-28.0495090485,-27.7603092194,-27.5686302185,-27.4246902466,-27.3488578796],"var":[2.53448534012,2.76787495613,2.72992539406,2.68551468849,2.39792895317,1.90803074837]},"spectral_decrease":{"dmean":1.83965176426e-9,"dmean2":2.83954371127e-9,"dvar":7.12336676104e-18,"dvar2":1.62127912912e-17,"max":9.94389370845e-9,"mean":-4.44742864758e-9,"median":-3.13203996072e-9,"min":-6.92273047775e-8,"var":2.98941452103e-17},"spectral_energy":{"dmean":0.0072396369651,"dmean2":0.0110860541463,"dvar":0.000106550665805,"dvar2":0.000232204576605,"max":0.289478600025,"mean":0.0303567200899,"median":0.0244638063014,"min":1.00051590602e-20,"var":0.000724757905118},"spectral_energyband_high":{"dmean":0.0000683546822984,"dmean2":0.0000947265507421,"dvar":1.02585978823e-7,"dvar2":1.85696819699e-7,"max":0.01828529872,"mean":0.000158796130563,"median":0.0000729568855604,"min":7.09595838347e-21,"var":2.67670600351e-7},"spectral_energyband_low":{"dmean":0.00350467511453,"dmean2":0.00573615869507,"dvar":0.000019291001081,"dvar2":0.000051180839364,"max":0.0800325646996,"mean":0.00951353181154,"median":0.00675138644874,"min":1.71917813916e-23,"var":0.0000854983372847},"spectral_energyband_middle_high":{"dmean":0.000589305534959,"dmean2":0.000912040064577,"dvar":0.0000017572139086,"dvar2":0.00000419975094701,"max":0.0379508323967,"mean":0.00166050449479,"median":0.000714834197424,"min":1.21641493304e-21,"var":0.00000662876755086},"spectral_energyband_middle_low":{"dmean":0.00491178175434,"dmean2":0.00731199374422,"dvar":0.0000925314525375,"dvar2":0.000196070148377,"max":0.259877502918,"mean":0.012884741649,"median":0.00620426982641,"min":2.20024767037e-22,"var":0.000392166693928},"spectral_entropy":{"dmean":0.273092925549,"dmean2":0.422020286322,"dvar":0.0595315434039,"dvar2":0.146822631359,"max":9.82201194763,"mean":6.99210786819,"median":7.01412773132,"min":5.06172704697,"var":0.245387494564},"spectral_flux":{"dmean":0.0152482707053,"dmean2":0.0251074377447,"dvar":0.000278565217741,"dvar2":0.000772636209149,"max":0.335929363966,"mean":0.0744119882584,"median":0.0720183104277,"min":6.53742546208e-11,"var":0.00151259184349},"spectral_kurtosis":{"dmean":6.88306808472,"dmean2":10.8340158463,"dvar":52.6818351746,"dvar2":135.309249878,"max":96.9423065186,"mean":21.257938385,"median":19.3394260406,"min":-1.25864243507,"var":107.616859436},"spectral_rms":{"dmean":0.000599769409746,"dmean2":0.000925554719288,"dvar":3.84809084153e-7,"dvar2":8.86753980467e-7,"max":0.0168053023517,"mean":0.00496582267806,"median":0.00488539971411,"min":3.124280782e-12,"var":0.00000495689482705},"spectral_rolloff":{"dmean":3734.32885742,"dmean2":7312.91503906,"dvar":58098240,"dvar2":146967744,"max":22050,"mean":15683.4990234,"median":21705.46875,"min":64.599609375,"var":89332640},"spectral_skewness":{"dmean":0.535408973694,"dmean2":0.825647175312,"dvar":0.272913902998,"dvar2":0.685150206089,"max":8.14918899536,"mean":3.39060020447,"median":3.32663559914,"min":-0.088744096458,"var":0.794807255268},"spectral_spread":{"dmean":700295,"dmean2":1096066.875,"dvar":586888904704,"dvar2":1344811171840,"max":42644392,"mean":4231288.5,"median":3959512.75,"min":1505704.125,"var":6926752022530},"spectral_strongpeak":{"dmean":5.26456260681,"dmean2":9.54062080383,"dvar":235.112670898,"dvar2":611.197265625,"max":212.912277222,"mean":6.28446722031,"median":0.36978828907,"min":0,"var":315.939758301},"zerocrossingrate":{"dmean":0.0398030653596,"dmean2":0.0508272126317,"dvar":0.00105123349931,"dvar2":0.00171053095255,"max":0.83740234375,"mean":0.320883512497,"median":0.3037109375,"min":0.02880859375,"var":0.0163004510105}},"metadata":{"audio_properties":{"analysis_sample_rate":44100,"bit_rate":189237,"codec":"mp3","downmix":"mix","equal_loudness":0,"length":202.528411865,"lossless":false,"md5_encoded":"be423f8645b9e37c8b6bafcb318e2f6b","replay_gain":-4.08361244202,"sample_rate":44100},"tags":{"album":["Killing Machine"],"albumartist":["Judas Priest"],"albumartistsort":["Judas Priest"],"artist":["Judas Priest"],"artists":["Judas Priest"],"artistsort":["Judas Priest"],"asin":["B000026GDR"],"barcode":["5099703221824"],"catalognumber":["CD 32218"],"date":["1989"],"file_name":"09 - Before the Dawn.mp3","isrc":["GBBBN0102368","GBBBN7800011"],"label":["Columbia"],"language":["eng"],"media":["CD"],"musicbrainz album release country":["XE"],"musicbrainz album status":["official"],"musicbrainz album type":["album"],"musicbrainz disc id":["M__2vUp.O711nVy_tv3V56vDekY-"],"musicbrainz release track id":["ac6e7bcd-302a-3ae4-9bc6-c00b0ac21cac"],"musicbrainz_albumartistid":["6b335658-22c8-485d-93de-0bc29a1d0349"],"musicbrainz_albumid":["219db969-a684-42db-9207-28a447ea3b6c"],"musicbrainz_artistid":["6b335658-22c8-485d-93de-0bc29a1d0349"],"musicbrainz_recordingid":["7e1cb8ab-9bf5-406b-9d08-6edc082e797d"],"musicbrainz_releasegroupid":["6742f103-624f-3759-8182-f88e5b9b36cf"],"musicbrainz_workid":["b2a25c4f-0815-3642-b1e4-cfc601659e65"],"originaldate":["1979"],"performer:drumset":["Les Binks"],"performer:electric bass guitar":["Ian Hill"],"performer:electric guitar":["Glenn Tipton","Kenneth Downing"],"performer:lead vocals":["Rob Halford"],"script":["Latn"],"title":["Before the Dawn"],"tracknumber":["9/10"],"work":["Before the Dawn"],"writer":["Glenn Tipton","Rob Halford"]},"version":{"essentia":"2.1-beta1","essentia_build_sha":"ca57ba49d9b1854bd80e60cf9ccf267278fb7d6b","essentia_git_sha":"v2.1_beta1-28-g21ef5f4-dirty","extractor":"music 1.0"}},"rhythm":{"beats_count":355,"beats_loudness":{"dmean":0.01649481