{"lowlevel":{"average_loudness":0.921068489552,"barkbands":{"dmean":[0.0000378756740247,0.00315245357342,0.00186922424473,0.00117086351383,0.00205987063237,0.000673497153912,0.000588734576013,0.000694160000421,0.000698173535056,0.000694546266459,0.000329230329953,0.000431465625297,0.000359465484507,0.000378288736101,0.00034366681939,0.000279515137663,0.000390611647163,0.000203682633583,0.000249114556937,0.0000957280863076,0.000059111356677,0.0000638922065264,0.0000556341510674,0.0000548503667233,0.0000402222831326,0.0000162476026162,0.00000225075041271],"dmean2":[0.0000526441472175,0.00551034556702,0.00317487749271,0.0020170470234,0.00344542460516,0.00106735934969,0.000883757602423,0.001061568968,0.00108756567352,0.00108845415525,0.0005316666211,0.000683096935973,0.000560952757951,0.000602256681304,0.000552386336494,0.000448318372946,0.000637333199847,0.000338924844982,0.000414510112023,0.000159520932357,0.0000922490362427,0.0000929348243517,0.0000769997932366,0.0000803779621492,0.0000575168560317,0.0000226009360631,0.00000306576680487],"dvar":[9.30917565256e-9,0.0000679481236148,0.0000132815584948,0.00000330522061631,0.0000108962758532,9.15369355425e-7,9.75851776275e-7,0.00000188567173609,0.00000243211798079,0.00000231508897741,4.54019442486e-7,0.00000109115774194,7.88831698628e-7,8.89013108463e-7,5.53946222226e-7,3.29127431087e-7,3.53200192649e-7,1.13665414858e-7,1.36705523346e-7,2.61397605783e-8,1.31310358142e-8,3.79121232186e-8,4.42001599765e-8,5.53330075093e-8,2.75210751965e-8,3.78528941525e-9,6.3891385238e-11],"dvar2":[1.60004560712e-8,0.00019956289907,0.0000368720357073,0.00000948579418036,0.0000299775092572,0.00000225996245717,0.00000231450098909,0.00000432357001046,0.00000587301337873,0.00000478137508253,0.00000113828878057,0.00000277572598861,0.00000174890283233,0.00000213256726056,0.00000135104403398,7.68524898831e-7,8.8709037982e-7,2.93360159276e-7,3.73812611087e-7,6.84153960151e-8,2.98156237477e-8,7.47692752157e-8,7.95613601667e-8,1.04993524985e-7,5.94154982991e-8,8.04546207434e-9,1.43707018507e-10],"max":[0.00133286160417,0.121152549982,0.0560748465359,0.0278731063008,0.0614341758192,0.0179680641741,0.0209647379816,0.039197191596,0.0324544459581,0.0430680066347,0.018188977614,0.0381410904229,0.0241840146482,0.0245935823768,0.0225106887519,0.0220412891358,0.011353995651,0.00940403621644,0.00567579083145,0.00279914517887,0.002208389109,0.00643074745312,0.00670445431024,0.0069832270965,0.00445876037702,0.00216526654549,0.00041250695358],"mean":[0.0000551233388251,0.00590549875051,0.00469196820632,0.00187660416123,0.00453223194927,0.00148876011372,0.00120381743181,0.0013515369501,0.00136047124397,0.00134100415744,0.000581153552048,0.000831192010082,0.000673149595968,0.000706895953044,0.000683360733092,0.000627790053841,0.000863562221639,0.000453312590253,0.000656817457639,0.000236903651967,0.000152249776875,0.000140965887113,0.000114152426249,0.000113923626486,0.0000783531286288,0.0000309610768454,0.00000384415216104],"median":[0.00000642416580376,0.0036594918929,0.0019232109189,0.00125209847465,0.00297231599689,0.00108473422006,0.000681596633513,0.000691030465532,0.000611615367234,0.000611088820733,0.00026386755053,0.000444569566753,0.000263916503172,0.000276243081316,0.000336415920174,0.000353571085725,0.000585023779422,0.000283276895061,0.000440061412519,0.000146747697727,0.0000842592999106,0.0000438108108938,0.000017269869204,0.0000112912221084,0.00000844290298119,0.00000328761234414,1.99910473953e-7],"min":[7.50392513386e-23,1.64622380932e-23,7.98641833813e-24,2.37650847912e-23,7.02873425721e-23,1.08445945575e-22,1.18489520672e-22,1.77817562631e-23,5.40833570289e-23,3.54311479771e-23,3.05046800696e-23,6.43342700152e-23,1.23343766785e-22,1.66789075761e-22,5.69503047504e-23,1.87440709575e-22,9.27069588251e-23,2.38786227014e-22,2.76977192246e-22,2.87448014409e-22,4.29451585399e-22,4.7190361121e-22,5.03239539259e-22,9.05154199267e-22,1.18497126553e-21,1.69870303348e-21,2.26163821441e-21],"var":[1.93785822944e-8,0.0000680116863805,0.0000352553543053,0.00000452304038845,0.0000216838179767,0.00000215203704101,0.00000242221130975,0.00000479636173623,0.00000607423635302,0.00000719577019481,0.00000101006241948,0.00000204544608096,0.00000193495429812,0.00000240039435084,0.0000013925142639,0.00000131015235638,9.70071255324e-7,2.74648215282e-7,4.84558768221e-7,7.44501775785e-8,4.11013623136e-8,1.16354314628e-7,1.47394374039e-7,1.89090229696e-7,7.72355619461e-8,9.34332167191e-9,1.23142912534e-10]},"barkbands_crest":{"dmean":1.99949800968,"dmean2":3.26241660118,"dvar":4.2845582962,"dvar2":11.7359762192,"max":24.2275829315,"mean":9.49554347992,"median":8.86369037628,"min":2.22390341759,"var":13.5095844269},"barkbands_flatness_db":{"dmean":0.0153769487515,"dmean2":0.0231592468917,"dvar":0.000279113883153,"dvar2":0.000603114429396,"max":0.410392582417,"mean":0.141236066818,"median":0.131459772587,"min":0.0248677507043,"var":0.00343895843253},"barkbands_kurtosis":{"dmean":1.50396966934,"dmean2":2.42957258224,"dvar":6.69574785233,"dvar2":17.443189621,"max":141.443649292,"mean":2.94215893745,"median":0.992311120033,"min":-1.87729763985,"var":57.267326355},"barkbands_skewness":{"dmean":0.348056048155,"dmean2":0.555489838123,"dvar":0.151041716337,"dvar2":0.382589161396,"max":9.47178459167,"mean":1.42429089546,"median":1.29502081871,"min":-2.21021914482,"var":0.972151100636},"barkbands_spread":{"dmean":3.92072296143,"dmean2":6.03087091446,"dvar":25.876077652,"dvar2":50.8024902344,"max":95.8722763062,"mean":23.1233348846,"median":21.8637428284,"min":1.5254971981,"var":176.793258667},"dissonance":{"dmean":0.0136037366465,"dmean2":0.0230278074741,"dvar":0.000182782910997,"dvar2":0.000502802315168,"max":0.500000059605,"mean":0.469860672951,"median":0.477193653584,"min":0.209351807833,"var":0.000802456808742},"dynamic_complexity":3.0638229847,"erbbands":{"dmean":[0.0632369145751,0.815492987633,2.10338997841,2.92019796371,5.34227132797,7.70404958725,7.48672866821,5.00057458878,8.44428920746,8.46663665771,16.6208133698,13.8275499344,21.6401081085,18.0874919891,12.8858041763,17.9991073608,14.9422874451,18.5212230682,19.0533390045,13.3672780991,16.0724945068,17.7242984772,12.167391777,11.5481319427,10.7292518616,4.35082387924,2.39176034927,2.54206109047,2.12503266335,2.31856584549,1.52724266052,1.19820475578,0.917649030685,0.604111969471,0.197601959109,0.0902324914932,0.0268755238503,0.00467878812924,0.000386722647818,0.0000207148077607],"dmean2":[0.106188803911,1.43683493137,3.59739875793,5.02330064774,9.16201210022,12.816493988,11.9405117035,8.11456298828,12.8840341568,12.9875850677,25.3518753052,21.2629261017,33.3593711853,28.6191253662,20.5579719543,28.4777450562,23.0649013519,29.3193912506,30.2526416779,21.2720794678,25.8911399841,28.8054275513,20.1175003052,19.2830619812,17.9314746857,7.23767709732,3.85570716858,3.98194026947,3.15211343765,3.27464962006,2.10400819778,1.76621830463,1.32125520706,0.874119639397,0.279383510351,0.128578662872,0.0381152369082,0.00633895071223,0.000528278877027,0.0000291588021355],"dvar":[0.0291677694768,4.47733831406,19.3495025635,19.7355613708,109.830039978,158.003356934,142.181106567,54.5496253967,214.865371704,235.220458984,1241.66040039,923.153015137,3781.57592773,769.850036621,701.488342285,2008.47839355,1276.71252441,2212.97143555,1662.68920898,889.720214844,900.265808105,766.373840332,392.430297852,285.594146729,306.819915771,54.5010147095,21.8386421204,23.8103275299,31.5128936768,80.9301147461,33.8314361572,28.1844749451,15.9970846176,7.26060724258,0.544797241688,0.108984299004,0.0126363672316,0.000329801579937,0.00000159524324772,2.39937669733e-9],"dvar2":[0.0760007277131,13.4072628021,54.3911705017,57.5907440186,293.822387695,427.362213135,376.335449219,138.855255127,509.863739014,559.270629883,2752.36132812,2272.24194336,8021.59912109,1857.95825195,1679.72192383,5210.86083984,2914.53540039,5295.27929688,4113.41357422,2077.54882812,2162.00488281,1921.07019043,1005.02722168,780.102478027,837.773193359,145.560028076,53.2245445251,55.2969970703,63.3829116821,155.569152832,63.1545181274,55.4092407227,30.8502082825,15.5177173615,1.1700129509,0.234359040856,0.0277518257499,0.000684721686412,0.00000341615577781,5.08548181344e-9],"max":[2.25595378876,30.7431945801,68.8621368408,69.6291046143,210.619155884,193.877532959,228.710906982,154.12437439,328.337280273,322.612731934,1103.6673584,678.595031738,1828.15124512,562.838745117,700.94708252,1731.63916016,935.293579102,1020.56311035,1334.11730957,1000.08276367,1493.93676758,543.416870117,564.579956055,258.094421387,328.530975342,132.81187439,99.0369720459,95.7904815674,158.813018799,341.925628662,194.201522827,164.760284424,110.137290955,81.1473922729,22.5571498871,8.42074203491,4.80538797379,0.774234831333,0.0518485791981,0.00190435384866],"mean":[0.106265284121,1.57635545731,5.40981197357,5.98192167282,9.1259393692,17.0796852112,16.801109314,10.3062057495,17.226568222,17.356590271,33.7613830566,29.4275493622,44.9773406982,34.7224464417,26.8289527893,36.483745575,30.9803943634,37.3680076599,39.1164703369,30.2570762634,39.768913269,42.7771377563,30.1604919434,29.9019603729,27.5324020386,11.3937807083,6.08161497116,6.27542209625,4.9191942215,4.65309333801,3.06719088554,2.41660499573,1.85559010506,1.15718221664,0.385075926781,0.171222522855,0.0479048602283,0.00832307338715,0.000698621675838,0.0000649978319416],"median":[0.0544140860438,1.07979273796,2.73387765884,4.66896820068,6.11900091171,9.25400924683,10.6548566818,7.1259355545,9.62201023102,10.5563735962,17.271736145,15.690823555,15.9404401779,21.0035171509,14.6161174774,19.9167861938,13.5647163391,15.6266365051,19.0781135559,16.8727378845,24.6848049164,28.9615898132,20.1438827515,21.0588245392,17.427646637,7.334004879,3.53160095215,3.28133678436,1.76282811165,0.878945112228,0.446041256189,0.256598830223,0.178305655718,0.113400354981,0.0468176677823,0.0193880833685,0.00485051423311,0.000641566002741,0.0000557601742912,0.0000432708111475],"min":[6.2889803851e-22,3.9406767252e-21,1.3266714444e-20,3.32153793359e-20,2.18255766375e-19,1.40785235528e-19,4.95012589102e-19,1.11390643508e-18,2.19367036999e-18,4.78847411981e-19,6.3898197885e-19,1.3423467335e-18,6.47557670453e-19,1.52476301283e-18,1.21572058116e-18,3.54410496532e-18,5.00690067314e-18,6.29922934596e-18,6.1667799455e-18,4.74770073306e-18,1.11085947393e-17,7.47767965025e-18,1.27514184492e-17,1.21478255834e-17,1.46650619189e-17,1.53146716694e-17,1.54148151174e-17,1.65213660557e-17,1.41640121521e-17,1.633739447e-17,1.65892808927e-17,2.20864866701e-17,1.21153794239e-17,1.25947669848e-17,9.00409671411e-18,7.89215503979e-18,2.66837422748e-18,1.2975987439e-18,2.91652794596e-19,3.12787976568e-20],"var":[0.0353576205671,4.21459197998,42.1987113953,32.0942497253,130.479537964,403.341064453,351.374847412,114.091026306,530.149536133,520.817687988,3262.90014648,2050.97949219,13315.1650391,1906.3729248,1731.6418457,3699.53271484,3331.31494141,5962.89599609,4692.95751953,2313.07250977,4379.75927734,2284.9519043,1084.05993652,920.862548828,985.526855469,157.999053955,59.3958854675,74.3828582764,102.339302063,242.554519653,107.164527893,90.5160827637,53.4469718933,21.7408866882,1.34572148323,0.280276715755,0.0258594285697,0.000746246834751,0.00000336987932315,6.19304296734e-9]},"erbbands_crest":{"dmean":1.87115859985,"dmean2":3.00036740303,"dvar":3.44063925743,"dvar2":8.54375457764,"max":28.2327404022,"mean":7.73976135254,"median":6.64482736588,"min":2.37814044952,"var":14.785774231},"erbbands_flatness_db":{"dmean":0.0129871144891,"dmean2":0.0181179940701,"dvar":0.000209709513001,"dvar2":0.000367961882148,"max":0.392887890339,"mean":0.167867749929,"median":0.161812186241,"min":0.0558087266982,"var":0.00296627380885},"erbbands_kurtosis":{"dmean":0.471154808998,"dmean2":0.735682070255,"dvar":0.437271118164,"dvar2":0.8050172925,"max":57.5186576843,"mean":-0.0203457474709,"median":-0.467502117157,"min":-1.79238474369,"var":5.75820684433},"erbbands_skewness":{"dmean":0.236851647496,"dmean2":0.36533665657,"dvar":0.0446098633111,"dvar2":0.0999467298388,"max":6.2137799263,"mean":0.0869233757257,"median":0.000392963702325,"min":-3.29678201675,"var":0.461601734161},"erbbands_spread":{"dmean":5.19908905029,"dmean2":8.00353908539,"dvar":31.6787986755,"dvar2":66.7397613525,"max":122.951416016,"mean":36.5328369141,"median":35.7242469788,"min":2.67392134666,"var":201.934158325},"gfcc":{"cov":[[13197.4199219,-2381.91748047,1103.2800293,1353.02856445,507.554351807,1788.05322266,-0.701263308525,1159.79467773,-133.379180908,270.100616455,-659.772766113,286.115142822,-546.188964844],[-2381.91748047,1568.97412109,-598.611816406,-90.7405776978,121.63734436,-501.654388428,194.487503052,-283.134979248,86.2989883423,-115.823104858,202.649291992,-119.281150818,212.282836914],[1103.2800293,-598.611816406,942.004333496,81.5527801514,74.1829223633,334.233154297,-145.936843872,176.400283813,-68.1077651978,72.3244094849,-97.507232666,90.4575653076,-116.717140198],[1353.02856445,-90.7405776978,81.5527801514,404.855651855,100.154747009,195.664627075,53.3410644531,125.20199585,35.6921195984,15.7364025116,-40.4448204041,14.3333311081,-7.27185678482],[507.554351807,121.63734436,74.1829223633,100.154747009,251.5209198,78.0252838135,47.794216156,59.9101448059,0.521592915058,19.4651088715,-34.4941291809,13.3512353897,-16.0996170044],[1788.05322266,-501.654388428,334.233154297,195.664627075,78.0252838135,404.622314453,-7.03975009918,204.930343628,-21.3329277039,61.5309906006,-91.0676040649,48.2959403992,-98.3988418579],[-0.701263308525,194.487503052,-145.936843872,53.3410644531,47.794216156,-7.03975009918,167.113449097,22.8235588074,34.6580734253,-2.93028855324,23.1358966827,-24.2233657837,17.2984981537],[1159.79467773,-283.134979248,176.400283813,125.20199585,59.9101448059,204.930343628,22.8235588074,195.704925537,13.0293140411,44.2838401794,-64.0798492432,30.8617763519,-62.5133171082],[-133.379180908,86.2989883423,-68.1077651978,35.6921195984,0.521592915058,-21.3329277039,34.6580734253,13.0293140411,82.7940063477,16.8265323639,18.8845767975,-16.3883094788,12.3363752365],[270.100616455,-115.823104858,72.3244094849,15.7364025116,19.4651088715,61.5309906006,-2.93028855324,44.2838401794,16.8265323639,79.5448684692,2.25392723083,16.0156612396,-26.7334861755],[-659.772766113,202.649291992,-97.507232666,-40.4448204041,-34.4941291809,-91.0676040649,23.1358966827,-64.0798492432,18.8845767975,2.25392723083,101.308334351,-1.21039021015,48.5246620178],[286.115142822,-119.281150818,90.4575653076,14.3333311081,13.3512353897,48.2959403992,-24.2233657837,30.8617763519,-16.3883094788,16.0156612396,-1.21039021015,66.0223770142,-1.9566835165],[-546.188964844,212.282836914,-116.717140198,-7.27185678482,-16.0996170044,-98.3988418579,17.2984981537,-62.5133171082,12.3363752365,-26.7334861755,48.5246620178,-1.9566835165,92.2590103149]],"icov":[[0.000410451582866,-0.000173980995896,0.000382352853194,-0.00076088582864,0.000181999130291,-0.000879069266375,0.000226211108384,-0.000812651123852,0.000768989382777,-0.000452966691228,0.00124016881455,-0.00103403779212,0.000846849521622],[-0.000173980995896,0.00270625459962,-0.000173507782165,0.000233157727052,-0.00257087638602,0.00207532034256,-0.00130145682488,0.00106331764255,-0.00115481880493,0.00207196152769,-0.00345218949951,0.00294296420179,-0.00209581875242],[0.000382352853194,-0.000173507782165,0.00236321124248,-0.000547720119357,-0.000232229809626,-0.00189118715934,0.00178742257413,-0.00133740447927,0.00132269354071,-0.000737512193155,0.000944871571846,-0.00181245303247,0.00138446863275],[-0.00076088582864,0.000233157727052,-0.000547720119357,0.00562014291063,-0.00118733663112,-0.0007624005666,-0.000662545498926,0.000665782077704,-0.00336271268316,0.00188774918206,-0.00182303076144,0.00205563753843,-0.00373689248227],[0.000181999130291,-0.00257087638602,-0.000232229809626,-0.00118733663112,0.00752799445763,-0.00161640578881,-0.000798186112661,-0.000880118692294,0.00177463388536,-0.00323743093759,0.00522706052288,-0.00370548036881,0.00174531468656],[-0.000879069266375,0.00207532034256,-0.00189118715934,-0.0007624005666,-0.00161640578881,0.0110945953056,-0.00173702521715,-0.00232208007947,0.000545606948435,0.000260931818048,-0.00365465926006,0.00297579099424,-0.000140944714076],[0.000226211108384,-0.00130145682488,0.00178742257413,-0.000662545498926,-0.000798186112661,-0.00173702521715,0.0103563554585,-0.00405071536079,-0.000150216350448,0.0000540272812941,-0.00153847888578,0.00143183465116,0.000739703828003],[-0.000812651123852,0.00106331764255,-0.00133740447927,0.000665782077704,-0.000880118692294,-0.00232208007947,-0.00405071536079,0.0168773084879,-0.00606597959995,-0.0004098895879,0.00168127240613,-0.00173060805537,0.000439323979663],[0.000768989382777,-0.00115481880493,0.00132269354071,-0.00336271268316,0.00177463388536,0.000545606948435,-0.000150216350448,-0.00606597959995,0.0197491534054,-0.00679639074951,0.000832570658531,0.00210003205575,0.000424091907917],[-0.000452966691228,0.00207196152769,-0.000737512193155,0.00188774918206,-0.00323743093759,0.000260931818048,0.0000540272812941,-0.0004098895879,-0.00679639074951,0.0207984838635,-0.00867397803813,0.000170718049048,0.00269339978695],[0.00124016881455,-0.00345218949951,0.000944871571846,-0.00182303076144,0.00522706052288,-0.00365465926006,-0.00153847888578,0.00168127240613,0.000832570658531,-0.00867397803813,0.0255897659808,-0.00950890127569,-0.00150673103053],[-0.00103403779212,0.00294296420179,-0.00181245303247,0.00205563753843,-0.00370548036881,0.00297579099424,0.00143183465116,-0.00173060805537,0.00210003205575,0.000170718049048,-0.00950890127569,0.026939028874,-0.00859676953405],[0.000846849521622,-0.00209581875242,0.00138446863275,-0.00373689248227,0.00174531468656,-0.000140944714076,0.000739703828003,0.000439323979663,0.000424091907917,0.00269339978695,-0.00150673103053,-0.00859676953405,0.0237789880484]],"mean":[-1.45413076878,116.512565613,-132.469161987,32.0156822205,-46.0605621338,1.07486605644,-31.5956745148,7.46383619308,-23.9729633331,-3.57120203972,-14.247256279,-2.79838466644,-8.95547199249]},"hfc":{"dmean":4.20953989029,"dmean2":6.32921886444,"dvar":44.6096420288,"dvar2":89.0869750977,"max":121.071914673,"mean":23.6473693848,"median":19.4444465637,"min":1.12369706888e-16,"var":363.630279541},"melbands":{"dmean":[0.000732716813218,0.00106662581675,0.000532981473953,0.00047251698561,0.000270639371593,0.000115245231427,0.000125928636407,0.0000982988713076,0.000133963185363,0.0000933433620958,0.000108365587948,0.0000770028273109,0.0000444811485067,0.0000490440725116,0.0000423059791501,0.0000341651320923,0.0000375023300876,0.0000322403429891,0.0000224179257202,0.0000205955184356,0.0000220362308028,0.0000209661884583,0.0000188194971997,0.00000979203923634,0.0000106962497739,0.0000108383419501,0.00000516606405654,0.00000283869621853,0.00000174770468675,0.00000153095220412,0.00000155490067755,0.00000120808431348,0.00000150513062636,0.00000129745069444,9.64323817243e-7,8.29733210139e-7,7.7558894418e-7,6.757715596e-7,6.56828603951e-7,5.06913920617e-7],"dmean2":[0.00126876065042,0.00184708705638,0.000912266143132,0.000795254425611,0.00043400330469,0.000185002863873,0.00019091363356,0.000151042695506,0.000203989868169,0.000144797333633,0.000166989018908,0.000121789511468,0.0000712752589607,0.0000779466427048,0.0000663857063046,0.0000530050347152,0.0000593440054217,0.0000510222744197,0.0000358029283234,0.0000329863250954,0.0000358178076567,0.0000343411884387,0.0000312199736072,0.0000164818538906,0.0000179120324901,0.0000181419454748,0.00000868039660418,0.0000047465246098,0.00000288847377306,0.00000242013106799,0.00000247959701483,0.0000018683089138,0.0000022059323328,0.00000187421699138,0.00000136302401188,0.00000122922767787,0.00000117063257221,9.93356707113e-7,9.28655481403e-7,7.58639714604e-7],"dvar":[0.00000382840562452,0.00000567038387089,6.71989312195e-7,6.34753575923e-7,1.77858936468e-7,2.7916263079e-8,4.54399682326e-8,3.1326571559e-8,8.27745552101e-8,4.14833856155e-8,9.0529098884e-8,1.43272194109e-8,7.86397880148e-9,1.19070806548e-8,1.38764804092e-8,7.25156423798e-9,9.76962244437e-9,5.27792121119e-9,2.84103207626e-9,2.25740182103e-9,1.58100099679e-9,1.14321463407e-9,8.94390728146e-10,2.44194192645e-10,2.48643883261e-10,3.06091818558e-10,7.31970595247e-11,2.4229290449e-11,1.05099332015e-11,9.99390240702e-12,9.12194712127e-12,8.51903877302e-12,3.09204571669e-11,2.83070719642e-11,1.40112929939e-11,1.5941551898e-11,1.27163141128e-11,9.04190698009e-12,8.44738688721e-12,5.43452305726e-12],"dvar2":[0.0000110070359369,0.0000164572975336,0.00000188509102372,0.0000017575084712,4.7439351647e-7,7.01508326983e-8,1.06939687328e-7,7.43860439911e-8,1.8368254473e-7,1.01385303708e-7,1.91316459563e-7,3.46453568056e-8,1.96756033688e-8,2.95371780368e-8,3.5355494532e-8,1.61614508443e-8,2.33122641191e-8,1.2854669329e-8,6.52714593485e-9,5.2036037701e-9,3.87214793562e-9,2.83970891246e-9,2.33513075543e-9,6.56607546112e-10,6.7916522406e-10,8.33901558916e-10,1.96209451464e-10,6.5213744127e-11,2.69687102511e-11,2.32425814706e-11,2.17433779315e-11,1.84378831647e-11,6.55737408817e-11,5.72427244494e-11,2.66968010199e-11,3.36672564827e-11,2.5638748069e-11,1.82921074121e-11,1.63496629429e-11,1.26238021772e-11],"max":[0.0283117201179,0.0353710763156,0.012225177139,0.0136456210166,0.00738641386852,0.00341577525251,0.00459896586835,0.00342879537493,0.00908908061683,0.00477536860853,0.00894841738045,0.00255838641897,0.00188097474165,0.00286129093729,0.00397210847586,0.0019579231739,0.00227578310296,0.00277123390697,0.00204873969778,0.00184175325558,0.00203574728221,0.000782037503086,0.000596887490246,0.000336863042321,0.000244330149144,0.000312792835757,0.00017354809097,0.0000889815564733,0.0000690632514306,0.0000835513274069,0.0000692896937835,0.0000810328128864,0.000209587597055,0.000222741640755,0.000147132610437,0.000185557029909,0.000117509654956,0.000092724148999,0.000114899885375,0.0000687238789396],"mean":[0.00132479437161,0.00264626857825,0.00111650640611,0.000971886969637,0.000640142417978,0.000240107139689,0.000261374516413,0.00019755998801,0.000270687189186,0.000189851270989,0.000222309303354,0.000139652693179,0.0000838561463752,0.0000959877215791,0.0000817245454527,0.0000644647734589,0.0000696617207723,0.0000618367776042,0.0000448812934337,0.0000414456808357,0.0000485575510538,0.000045478966058,0.0000383457118005,0.0000205687338166,0.0000243159356614,0.0000254056467384,0.0000123931904454,0.00000631439434073,0.00000384790655517,0.0000034438808143,0.0000035742439195,0.00000264067148237,0.00000286734939436,0.00000244035277319,0.00000179329765615,0.0000015313747781,0.00000145244496252,0.0000012767931139,0.00000126619579532,8.81692074017e-7],"median":[0.00078680482693,0.00185959006194,0.000911990995519,0.000620143371634,0.000400771794375,0.000166880869074,0.000148834165884,0.000120102275105,0.000138333998621,0.0000905425258679,0.0000765431614127,0.0000802480062703,0.0000421814256697,0.0000523304079252,0.0000384951163142,0.0000262494395429,0.0000268022595264,0.0000289179406536,0.0000221187692659,0.0000228337594308,0.0000295212412311,0.0000293121702271,0.0000238352877204,0.0000133171070047,0.0000165510609804,0.0000161293828569,0.00000730158944862,0.00000404104275731,0.00000222430116992,0.00000176760681825,0.0000018425187136,0.00000100938905234,6.20254979822e-7,4.1053226596e-7,2.57607155163e-7,1.79166562475e-7,1.42182159379e-7,1.24155377534e-7,1.09832654971e-7,8.64615046225e-8],"min":[1.02704238831e-23,6.52317996655e-24,1.25930930787e-23,1.27096378112e-23,1.47100376055e-23,2.47849352135e-23,3.03788883097e-23,4.01516553464e-24,6.15588277921e-24,7.93450024651e-24,3.23136379162e-24,6.18086205977e-24,4.21078805078e-24,4.90065756201e-24,1.5434446997e-23,8.77981913786e-24,1.28002014097e-23,1.24276160932e-23,4.05673061573e-24,9.69445523695e-24,1.32297125067e-23,5.5601338403e-24,1.32501305935e-23,9.07908219972e-24,9.77655672452e-24,1.06800312307e-23,9.03392227948e-24,1.05687726552e-23,6.80435760331e-24,1.23840488832e-23,8.42092686903e-24,6.37055549735e-24,1.21680540342e-23,7.03627403197e-24,8.67358639519e-24,1.10689420235e-23,1.41527767957e-23,8.2957803973e-24,8.22004265065e-24,1.17775016217e-23],"var":[0.00000396307450501,0.00000825778442959,0.00000107349001155,0.00000116895478186,4.80787434753e-7,6.1550395003e-8,1.16952783458e-7,6.74427198533e-8,2.15024954286e-7,1.03523682071e-7,3.25803966916e-7,3.37483747614e-8,1.84434156836e-8,2.54544616496e-8,2.61151242853e-8,1.76407883856e-8,2.52020520009e-8,1.44585259321e-8,6.66216060097e-9,5.71688252293e-9,6.95244395388e-9,2.89859314329e-9,2.15576800855e-9,5.38565914088e-10,6.76009803691e-10,8.60271465175e-10,2.25317445257e-10,5.28064432459e-11,2.41184485578e-11,2.53972936431e-11,2.60449179584e-11,2.52996963657e-11,7.90243981363e-11,7.7660856912e-11,3.91458879201e-11,4.12943568229e-11,3.65387615997e-11,2.52912170373e-11,3.15562992403e-11,1.27559889734e-11]},"melbands_crest":{"dmean":2.45431375504,"dmean2":4.00290346146,"dvar":5.54837942123,"dvar2":14.5959701538,"max":31.9237251282,"mean":14.1314487457,"median":13.1951599121,"min":2.9758143425,"var":25.6317520142},"melbands_flatness_db":{"dmean":0.0181453321129,"dmean2":0.0278321392834,"dvar":0.000406364124501,"dvar2":0.000929904635996,"max":0.512140095234,"mean":0.205628275871,"median":0.196926161647,"min":0.00782047305256,"var":0.00424921698868},"melbands_kurtosis":{"dmean":3.78662204742,"dmean2":6.20401525497,"dvar":43.8477287292,"dvar2":119.898048401,"max":157.055541992,"mean":9.34712505341,"median":6.69721412659,"min":-1.74177515507,"var":105.693359375},"melbands_skewness":{"dmean":0.485678076744,"dmean2":0.780244410038,"dvar":0.317459702492,"dvar2":0.846975386143,"max":10.5856981277,"mean":2.45841741562,"median":2.36557674408,"min":-0.148392125964,"var":1.29753017426},"melbands_spread":{"dmean":4.8732919693,"dmean2":7.72750711441,"dvar":35.6504478455,"dvar2":81.8971786499,"max":178.637390137,"mean":23.5253486633,"median":21.2965507507,"min":1.06958341599,"var":201.216400146},"mfcc":{"cov":[[8921.79199219,-1041.42224121,307.453735352,352.083557129,540.855773926,620.831176758,371.183135986,734.321289062,461.761077881,315.130615234,256.866577148,72.825302124,54.8440284729],[-1041.42224121,1238.375,-412.48449707,233.602233887,-84.3069534302,-57.9769935608,28.2425804138,-95.1711044312,-40.9141616821,-64.293586731,-36.3396568298,1.73792731762,-23.4071044922],[307.453735352,-412.48449707,641.966674805,-104.152542114,154.73425293,65.2816696167,1.34873211384,70.11353302,-10.0381612778,32.7933273315,-13.0062561035,13.1112327576,24.6967182159],[352.083557129,233.602233887,-104.152542114,303.899719238,47.4159965515,67.5880813599,43.5805931091,51.5822868347,64.9224319458,12.0537557602,8.65666294098,11.8777446747,22.6388549805],[540.855773926,-84.3069534302,154.73425293,47.4159965515,211.15574646,88.7602462769,27.4001579285,70.983039856,36.1460418701,20.9277439117,5.42881250381,9.9444694519,6.83188199997],[620.831176758,-57.9769935608,65.2816696167,67.5880813599,88.7602462769,154.933197021,62.5108795166,74.1887207031,45.4325523376,38.297618866,26.674905777,14.4489021301,11.0955133438],[371.183135986,28.2425804138,1.34873211384,43.5805931091,27.4001579285,62.5108795166,117.354690552,64.3511352539,36.0258407593,22.0428848267,20.0873947144,18.2507572174,1.68298649788],[734.321289062,-95.1711044312,70.11353302,51.5822868347,70.983039856,74.1887207031,64.3511352539,146.960784912,69.4517745972,39.325466156,26.6205806732,17.9922008514,14.4383859634],[461.761077881,-40.9141616821,-10.0381612778,64.9224319458,36.1460418701,45.4325523376,36.0258407593,69.4517745972,105.211204529,46.0101928711,25.8835296631,8.70256137848,13.5719032288],[315.130615234,-64.293586731,32.7933273315,12.0537557602,20.9277439117,38.297618866,22.0428848267,39.325466156,46.0101928711,82.9471817017,37.7354927063,14.269162178,7.17405700684],[256.866577148,-36.3396568298,-13.0062561035,8.65666294098,5.42881250381,26.674905777,20.0873947144,26.6205806732,25.8835296631,37.7354927063,72.723991394,22.6237487793,9.23652362823],[72.825302124,1.73792731762,13.1112327576,11.8777446747,9.9444694519,14.4489021301,18.2507572174,17.9922008514,8.70256137848,14.269162178,22.6237487793,58.9763298035,18.9120883942],[54.8440284729,-23.4071044922,24.6967182159,22.6388549805,6.83188199997,11.0955133438,1.68298649788,14.4383859634,13.5719032288,7.17405700684,9.23652362823,18.9120883942,55.4636192322]],"icov":[[0.000249463890214,0.000170649698703,0.000128556159325,-0.00010650898912,-0.000205522039323,-0.000354667427018,-0.0000641482329229,-0.000746911158785,-0.000127597581013,-0.0000990567714325,-0.000294422003208,0.000158907409059,0.000143105600728],[0.000170649698703,0.00147634453606,0.000701674551237,-0.00119135691784,-0.000273790617939,0.000250631797826,-0.000840666180011,0.000184326578164,0.0006755576469,-0.0000170806470123,0.000311621755827,-0.000355594354915,0.000495522341225],[0.000128556159325,0.000701674551237,0.00282057374716,0.000614693388343,-0.00182618899271,-0.000373818853404,0.0000310536961479,-0.00118697423022,0.00155626772903,-0.0013095792383,0.00137451419141,-0.000272844190476,-0.00107734918129],[-0.00010650898912,-0.00119135691784,0.000614693388343,0.00570291653275,-0.000710981665179,-0.00172141613439,0.000346050626831,-0.000389141117921,-0.00257021863945,0.000746618432458,0.000728102284484,0.0000181917584996,-0.00207131169736],[-0.000205522039323,-0.000273790617939,-0.00182618899271,-0.000710981665179,0.00812574941665,-0.00304638594389,0.00133956142236,-0.00100131926592,-0.000969070242718,0.00110864406452,0.00068694766378,-0.000708366569597,0.00124045379926],[-0.000354667427018,0.000250631797826,-0.000373818853404,-0.00172141613439,-0.00304638594389,0.0127727948129,-0.00408431328833,-0.000160483032232,0.00093717261916,-0.00208854931407,-0.00109380669892,0.000554210098926,-0.000654670642689],[-0.0000641482329229,-0.000840666180011,0.0000310536961479,0.000346050626831,0.00133956142236,-0.00408431328833,0.0137375984341,-0.00450350856408,-0.000847150397021,0.000469550868729,-0.000378100899979,-0.00257577211596,0.00204896344803],[-0.000746911158785,0.000184326578164,-0.00118697423022,-0.000389141117921,-0.00100131926592,-0.000160483032232,-0.00450350856408,0.0166122317314,-0.00555831566453,0.000487618963234,0.0000867777416715,-0.00127830565907,-0.000810225843452],[-0.000127597581013,0.0006755576469,0.00155626772903,-0.00257021863945,-0.000969070242718,0.00093717261916,-0.000847150397021,-0.00555831566453,0.0193187054247,-0.0074275508523,0.0000588889306528,0.00184052251279,-0.00223198672757],[-0.0000990567714325,-0.0000170806470123,-0.0013095792383,0.000746618432458,0.00110864406452,-0.00208854931407,0.000469550868729,0.000487618963234,-0.0074275508523,0.020804580301,-0.00756246270612,-0.00115571578499,0.00128916813992],[-0.000294422003208,0.000311621755827,0.00137451419141,0.000728102284484,0.00068694766378,-0.00109380669892,-0.000378100899979,0.0000867777416715,0.0000588889306528,-0.00756246270612,0.021398730576,-0.00594233628362,-0.000937099277508],[0.000158907409059,-0.000355594354915,-0.000272844190476,0.0000181917584996,-0.000708366569597,0.000554210098926,-0.00257577211596,-0.00127830565907,0.00184052251279,-0.00115571578499,-0.00594233628362,0.0224580224603,-0.00677489070222],[0.000143105600728,0.000495522341225,-0.00107734918129,-0.00207131169736,0.00124045379926,-0.000654670642689,0.00204896344803,-0.000810225843452,-0.00223198672757,0.00128916813992,-0.000937099277508,-0.00677489070222,0.0223951339722]],"mean":[-635.508850098,140.971740723,-20.4162387848,31.2241077423,4.5728096962,-0.564641654491,2.55773353577,4.58849000931,-0.253889471292,-1.25160527229,0.189665198326,-3.35825157166,-1.9404412508]},"pitch_salience":{"dmean":0.0579191856086,"dmean2":0.0951845049858,"dvar":0.0029400147032,"dvar2":0.00815960858017,"max":0.838043153286,"mean":0.555113554001,"median":0.560293197632,"min":0.151191309094,"var":0.00849825888872},"silence_rate_20dB":{"dmean":0,"dmean2":0,"dvar":0,"dvar2":0,"max":1,"mean":1,"median":1,"min":1,"var":0},"silence_rate_30dB":{"dmean":0.000679751916323,"dmean2":0.00135961931664,"dvar":0.000679299875628,"dvar2":0.00203762040474,"max":1,"mean":0.999660134315,"median":1,"min":0,"var":0.000339694699505},"silence_rate_60dB":{"dmean":0.00696745701134,"dmean2":0.0139360977337,"dvar":0.00691629620269,"dvar2":0.0152753312141,"max":1,"mean":0.07553101331,"median":0,"min":0,"var":0.0698269829154},"spectral_centroid":{"dmean":170.938659668,"dmean2":270.25177002,"dvar":34256.375,"dvar2":70000.9296875,"max":10983.609375,"mean":1361.45214844,"median":1356.09960938,"min":216.578735352,"var":311251.375},"spectral_complexity":{"dmean":2.93652820587,"dmean2":4.75390911102,"dvar":8.28198242188,"dvar2":19.6037807465,"max":57,"mean":25.4093456268,"median":27,"min":0,"var":140.216369629},"spectral_contrast_coeffs":{"dmean":[0.0456436648965,0.0401537120342,0.0350538007915,0.0276676807553,0.0195776131004,0.0168606434017],"dmean2":[0.0759368538857,0.0657697468996,0.0570854172111,0.045342117548,0.0323811173439,0.0265746414661],"dvar":[0.00143837823998,0.00104732613545,0.000764466123655,0.000480604445329,0.000238113876549,0.000276981358184],"dvar2":[0.00390044040978,0.00284897629172,0.00200319220312,0.00127372436691,0.000634955300484,0.000618277292233],"max":[-0.342999964952,-0.503125965595,-0.546117067337,-0.54316675663,-0.641964375973,-0.573689103127],"mean":[-0.615739226341,-0.732292532921,-0.758638978004,-0.775380849838,-0.771060705185,-0.741029620171],"median":[-0.619754374027,-0.735487639904,-0.762577295303,-0.780804276466,-0.771320819855,-0.740216135979],"min":[-0.95769405365,-0.966633558273,-0.971312463284,-0.968509793282,-0.958204388618,-0.960176169872],"var":[0.0051580904983,0.00333170592785,0.00262163393199,0.00204210798256,0.00123585760593,0.00197716150433]},"spectral_contrast_valleys":{"dmean":[0.362058252096,0.29413318634,0.255416482687,0.222289413214,0.166306436062,0.256173104048],"dmean2":[0.6037530303,0.487020432949,0.4195997715,0.358793526888,0.265042692423,0.341351091862],"dvar":[0.0992502272129,0.0677928179502,0.0492893159389,0.0414039082825,0.0346921645105,0.131258055568],"dvar2":[0.249449431896,0.161091789603,0.112973637879,0.0849975645542,0.0634576454759,0.218633070588],"max":[-5.08763933182,-4.75505065918,-5.25804519653,-5.61848688126,-5.62454271317,-7.61339044571],"mean":[-7.16888809204,-6.5895781517,-7.09131717682,-7.50057601929,-7.3558549881,-10.6916980743],"median":[-6.77938270569,-6.41983604431,-6.86674499512,-7.21408033371,-7.02672672272,-10.4107933044],"min":[-27.2213802338,-27.3360309601,-27.1369380951,-27.0195541382,-27.3258857727,-27.2425632477],"var":[2.10137915611,0.935141980648,1.14995896816,1.31657469273,1.44089412689,2.5515358448]},"spectral_decrease":{"dmean":1.70122604892e-9,"dmean2":2.89643264928e-9,"dvar":8.0718583735e-18,"dvar2":2.29082459409e-17,"max":2.94005091886e-21,"mean":-7.58054419236e-9,"median":-7.53077067372e-9,"min":-4.08894180737e-8,"var":1.83407167258e-17},"spectral_energy":{"dmean":0.00661882571876,"dmean2":0.0112389056012,"dvar":0.000118493204354,"dvar2":0.000335686927428,"max":0.156576558948,"mean":0.0307555925101,"median":0.0305962879211,"min":1.0260767563e-20,"var":0.000296624668408},"spectral_energyband_high":{"dmean":0.000245300470851,"dmean2":0.000332805037033,"dvar":4.3433149699e-7,"dvar2":6.800694905e-7,"max":0.0124981533736,"mean":0.000724394223653,"median":0.000258307234617,"min":7.40349104896e-21,"var":0.00000210483813134},"spectral_energyband_low":{"dmean":0.00457834079862,"dmean2":0.00789641030133,"dvar":0.000106382110971,"dvar2":0.000306743255351,"max":0.145672053099,"mean":0.0116927009076,"median":0.00959420390427,"min":6.52248687336e-23,"var":0.000138583200169},"spectral_energyband_middle_high":{"dmean":0.00156594032887,"dmean2":0.00244021997787,"dvar":0.00000505763864567,"dvar2":0.0000120682352645,"max":0.0503640063107,"mean":0.00722421193495,"median":0.00535340141505,"min":1.39269063548e-21,"var":0.0000420444484917},"spectral_energyband_middle_low":{"dmean":0.00361011200584,"dmean2":0.00587621051818,"dvar":0.0000229490469792,"dvar2":0.0000601506435487,"max":0.0837981402874,"mean":0.0124071314931,"median":0.0114716459066,"min":3.95852926595e-22,"var":0.0000610746792518},"spectral_entropy":{"dmean":0.100998811424,"dmean2":0.145358085632,"dvar":0.0138627858832,"dvar2":0.0247282274067,"max":9.80502796173,"mean":7.50361824036,"median":7.57530736923,"min":4.78488636017,"var":0.205000296235},"spectral_flux":{"dmean":0.0176309943199,"dmean2":0.0276889055967,"dvar":0.000506420852616,"dvar2":0.0010594248306,"max":0.318415760994,"mean":0.0771530494094,"median":0.0741664469242,"min":1.01295444255e-10,"var":0.00188981264364},"spectral_kurtosis":{"dmean":2.13323569298,"dmean2":3.71669769287,"dvar":10.1041679382,"dvar2":30.5259895325,"max":114.065345764,"mean":5.79716777802,"median":4.80458641052,"min":-1.12688493729,"var":33.5792121887},"spectral_rms":{"dmean":0.000529746292159,"dmean2":0.00088569422951,"dvar":5.09284689088e-7,"dvar2":0.00000142588203289,"max":0.0123595157638,"mean":0.00518345227465,"median":0.00546351866797,"min":3.16393829539e-12,"var":0.00000313734608426},"spectral_rolloff":{"dmean":357.717315674,"dmean2":589.717651367,"dvar":438660.71875,"dvar2":853305.625,"max":18669.2871094,"mean":1437.98864746,"median":1162.79296875,"min":107.666015625,"var":1612388.875},"spectral_skewness":{"dmean":0.230530813336,"dmean2":0.386287391186,"dvar":0.0650380328298,"dvar2":0.187994733453,"max":8.33227062225,"mean":1.52788460255,"median":1.45953536034,"min":-0.00752601632848,"var":0.337269186974},"spectral_spread":{"dmean":375432.25,"dmean2":518012.09375,"dvar":380860792832,"dvar2":568335007744,"max":38972544,"mean":3634292.75,"median":3220815,"min":718246.5,"var":2039637475330},"spectral_strongpeak":{"dmean":0.367089658976,"dmean2":0.637976169586,"dvar":0.655937612057,"dvar2":1.69797432423,"max":13.3794031143,"mean":0.763555645943,"median":0.45916685462,"min":0,"var":1.1873717308},"zerocrossingrate":{"dmean":0.0071680136025,"dmean2":0.00830990914255,"dvar":0.000118750722322,"dvar2":0.000141047828947,"max":0.53369140625,"mean":0.0532740987837,"median":0.04833984375,"min":0.0048828125,"var":0.000870631483849}},"metadata":{"audio_properties":{"analysis_sample_rate":44100,"bit_rate":320031,"codec":"mp3","downmix":"mix","equal_loudness":0,"length":273.266937256,"lossless":false,"md5_encoded":"d0cd4b45b2296f8968f4a774645b3016","replay_gain":-14.3041057587,"sample_rate":44100},"tags":{"album":["Choice of Weapon"],"albumartist":["The Cult"],"albumartistsort":["Cult, The"],"artist":["The Cult"],"artistsort":["Cult, The"],"asin":["B0072IVGZG"],"barcode":["711297494891"],"catalognumber":["COOKCD548X"],"contentgroup":["Rock"],"date":["2012-05-21"],"discnumber":["1/2"],"file_name":"1-07 Wilderness Now.mp3","genre":["Rock; Hard Rock; Gothic Rock; Alternative"],"label":["Cooking Vinyl"],"language":["eng"],"media":["CD"],"mood":["Retro"],"musicbrainz album release country":["GB"],"musicbrainz album status":["official"],"musicbrainz album type":["album"],"musicbrainz_albumartistid":["8846e4ff-0c19-4af2-872b-7a8dc7497f68"],"musicbrainz_albumid":["4ab926a7-c5b6-4165-8034-1e42849ec73b"],"musicbrainz_artistid":["8846e4ff-0c19-4af2-872b-7a8dc7497f68"],"musicbrainz_recordingid":["7e2d9bfb-1385-4f96-b763-236d8c6c4cb4"],"originaldate":["2012-05-21"],"script":["Latn"],"title":["Wilderness Now"],"tracknumber":["7/10"]},"version":{"essentia":"2.1-beta2","essentia_build_sha":"70f2e5ece6736b2c40cc944ad0e695b16b925413","essentia_git_sha":"v2.1_beta2","extractor":"music 1.0"}},"rhythm":{"beats_count":596,"beats_loudness":{"dmean":0.0109832659364,"dmean2":0.0199114456773,"dvar":0.000117851166578,"dvar2":0.000353446259396,"max":0.116350710392,"mean":0.0340979248285,"median":0.035160921514,"min":1.47506867165e-7,"var":0.000302175641991},"beats_loudness_band_ratio":{"dmean":[0.172186970711,0.125988483429,0.0973764508963,0.0810104683042,0.0558246821165,0.0390696451068],"dmean2":[0.288011401892,0.215319424868,0.162735506892,0.142902955413,0.0960916057229,0.0680327266455],"dvar":[