{"lowlevel":{"average_loudness":0.934358716011,"barkbands":{"dmean":[0.00277679180726,0.011069576256,0.00314679462463,0.00139063084498,0.00315407174639,0.00195540278219,0.00105224479921,0.000331768562319,0.000333937030518,0.000382435071515,0.000334541779011,0.000250721961493,0.000173925756826,0.00029951162287,0.000190819904674,0.000172286410816,0.000183806303539,0.000153934583068,0.000165441495483,0.000196960987523,0.000176689049113,0.000105194507341,0.000116728588182,0.0000579128536629,0.00000771143731981,0.0000881615560502,0.000451275991509],"dmean2":[0.0047570001334,0.0186112076044,0.00544572295621,0.00244840350933,0.00519767263904,0.00308033800684,0.00164853886236,0.000540986191481,0.000536408741027,0.000607627618592,0.000532440433744,0.000399300188292,0.000278386112768,0.000479486800032,0.00031296882662,0.000282249617158,0.000301868305542,0.000247652467806,0.000258683256106,0.000291879638098,0.000255862425547,0.000149381812662,0.00016607408179,0.0000805341987871,0.0000115784232548,0.000119432028441,0.000600563478656],"dvar":[0.0000349559195456,0.000425089034252,0.0000390332425013,0.0000042564524847,0.0000331914670824,0.0000082074857346,0.00000282047494693,3.67960410586e-7,7.29170608338e-7,9.32986893076e-7,7.78261096457e-7,3.72860768039e-7,1.61859333048e-7,3.65195717222e-7,9.69647615534e-8,8.33175874959e-8,1.05359205804e-7,1.21955523014e-7,1.22475810826e-7,2.22403073735e-7,1.57762301001e-7,4.1758244862e-8,4.08257143647e-8,8.98466367971e-9,1.49492085377e-10,1.88925888267e-8,3.42849375556e-7],"dvar2":[0.0000913753610803,0.00115652440581,0.000106035651697,0.0000121451930681,0.0000868643983267,0.000019341125153,0.00000643975636194,8.76412798334e-7,0.0000017217965933,0.0000022037997951,0.0000018599790792,8.98879704891e-7,4.0862920514e-7,9.07804007966e-7,2.46548296445e-7,2.16765371874e-7,2.82424593934e-7,3.14855668648e-7,3.11903562533e-7,4.74013972962e-7,3.2385773352e-7,8.89568241291e-8,8.53952784041e-8,1.83609074611e-8,3.30002608573e-10,3.68937769224e-8,6.59096201616e-7],"max":[0.0645955502987,0.22416383028,0.086954087019,0.0358789078891,0.0835172384977,0.0549853667617,0.0366011112928,0.0139011340216,0.0329601429403,0.0268500428647,0.0222878102213,0.0154134798795,0.0101171983406,0.0120018497109,0.0059978379868,0.00586536992341,0.00555879296735,0.00551407085732,0.00646981131285,0.013354498893,0.0105207413435,0.00778521643952,0.00288426200859,0.00124515139032,0.000166561483638,0.00188820261974,0.00899641402066],"mean":[0.00327953440137,0.0161717589945,0.00354325002991,0.00180272886064,0.00461150333285,0.00363606447354,0.00196089339443,0.000500450492837,0.000551392091438,0.00060052407207,0.000465735589387,0.000436786620412,0.000291092583211,0.000533740152605,0.000354440911906,0.000300763989799,0.000321455096127,0.000256459199591,0.000286101305392,0.000345159700373,0.000330535316607,0.000193278348888,0.000164404526004,0.0000755759174353,0.0000090389567049,0.000122746176203,0.00126196059864],"median":[0.00150884292088,0.00736945169047,0.00183291279245,0.00100616144482,0.00205825152807,0.00232434319332,0.00101934745908,0.000257074076217,0.000258298561675,0.000173806009116,0.000107949068479,0.000194822787307,0.000131466455059,0.000208107448998,0.000192819308722,0.000162043346791,0.00018099231238,0.00010978672799,0.000120187323773,0.000143740093336,0.000163730379427,0.000104142774944,0.0000461207673652,0.0000165705059771,0.00000285004011857,0.0000320325743814,0.000864984001964],"min":[5.22054539225e-25,3.05329205011e-24,2.25972322301e-24,3.381493291e-24,8.49792284882e-24,7.2256858462e-24,7.03352090741e-24,8.94852729763e-24,1.29533051119e-23,2.05077929165e-23,1.22975700064e-23,2.29534194949e-23,3.82141261885e-23,4.07137960497e-23,5.28612095383e-23,5.78613128782e-23,5.18165904613e-23,1.13296102234e-22,1.55980217234e-22,1.53834351488e-22,2.50279968268e-22,3.51560923743e-22,3.60813088337e-22,6.24611986818e-22,9.21941462253e-22,1.3187474338e-21,1.86187390088e-21],"var":[0.0000332182098646,0.000480851274915,0.000034086730011,0.00000575115382162,0.0000471799576189,0.0000186661145563,0.00000802959220891,6.36185973235e-7,0.00000137767051456,0.00000240777717408,0.0000013251569726,7.67902292864e-7,3.18107311159e-7,8.8459808012e-7,2.18739472757e-7,1.58418387741e-7,1.75282309556e-7,1.72127741394e-7,2.03408603738e-7,4.82149459913e-7,3.52503150225e-7,8.24911552399e-8,6.84303813614e-8,1.46314880212e-8,2.02110203573e-10,3.41514514446e-8,0.00000164068171671]},"barkbands_crest":{"dmean":3.00332975388,"dmean2":4.89196014404,"dvar":7.45077371597,"dvar2":19.6019382477,"max":24.2788181305,"mean":10.8069581985,"median":9.84547901154,"min":2.70547032356,"var":19.5752105713},"barkbands_flatness_db":{"dmean":0.0270738862455,"dmean2":0.0400317274034,"dvar":0.00057856895728,"dvar2":0.00132288364694,"max":0.371264845133,"mean":0.123852044344,"median":0.11771363765,"min":0.0234542898834,"var":0.00229239743203},"barkbands_kurtosis":{"dmean":5.26598978043,"dmean2":8.09254360199,"dvar":72.5154724121,"dvar2":157.744491577,"max":320.984680176,"mean":8.71670532227,"median":5.02297592163,"min":-1.80884802341,"var":158.986785889},"barkbands_skewness":{"dmean":0.721387267113,"dmean2":1.10833477974,"dvar":0.558259546757,"dvar2":1.34552896023,"max":14.643913269,"mean":2.39543151855,"median":2.20215010643,"min":-2.15844106674,"var":1.76094400883},"barkbands_spread":{"dmean":10.9887876511,"dmean2":16.4187812805,"dvar":131.556274414,"dvar2":290.354217529,"max":117.752189636,"mean":34.0344543457,"median":29.3824291229,"min":0.911078751087,"var":468.936553955},"dissonance":{"dmean":0.0146586643532,"dmean2":0.0240481179208,"dvar":0.000211065722397,"dvar2":0.00054190622177,"max":0.500000059605,"mean":0.47191286087,"median":0.47870644927,"min":0.281695365906,"var":0.000534171995241},"dynamic_complexity":2.95872759819,"erbbands":{"dmean":[0.454976439476,2.12381887436,3.73452353477,3.5995464325,7.37453365326,13.1777238846,14.9440727234,15.5854644775,16.2059326172,10.0015907288,6.30022287369,7.74495649338,9.5131444931,12.534450531,10.9452524185,8.87045478821,7.2882938385,13.3751468658,11.4608030319,9.7348575592,9.08085250854,10.0677881241,8.14896297455,8.36606216431,8.12635993958,9.38331604004,8.37919044495,5.88988876343,3.61660289764,4.11519432068,3.18115949631,1.69474458694,0.701951146126,0.162828624249,0.0320813506842,0.162938684225,0.193577617407,0.128425881267,0.0626412928104,0.00840045325458],"dmean2":[0.762732863426,3.63066577911,6.42992639542,6.22693252563,12.6011304855,21.6821136475,23.7566146851,24.6498641968,25.3980178833,15.9907302856,10.2575302124,12.3514814377,15.154633522,19.8362751007,17.2835083008,14.0196886063,11.5274085999,21.3870105743,18.3909664154,15.9899206161,14.7094163895,16.4722557068,13.1600971222,13.1879549026,12.55082798,13.9927530289,12.2888479233,8.47523593903,5.19257068634,5.83456802368,4.55704784393,2.37798762321,0.983854353428,0.23557318747,0.0481192208827,0.227064430714,0.26277923584,0.170393168926,0.082273222506,0.0114715155214],"dvar":[0.935363709927,12.6821660995,45.8402633667,33.9637374878,190.78767395,612.225402832,525.725891113,606.69921875,764.323425293,228.074966431,130.241287231,542.160095215,597.286560059,876.923095703,867.34161377,351.601043701,265.682189941,760.235168457,471.616424561,268.751495361,246.975418091,329.893737793,328.271850586,343.006896973,282.998077393,542.504516602,424.500091553,152.730392456,49.1223678589,50.2592277527,31.3193264008,8.03444385529,1.34692645073,0.0721903815866,0.00190380588174,0.0697593763471,0.0924008116126,0.0389812886715,0.0080419452861,0.000122958881548],"dvar2":[2.5288271904,35.3872718811,124.937561035,93.3590011597,507.505584717,1586.03942871,1297.38415527,1415.57995605,1711.63903809,577.446289062,312.982971191,1252.33068848,1487.36303711,2162.12768555,2141.88452148,834.48425293,659.690307617,1858.86047363,1177.78564453,708.973022461,616.729614258,884.931030273,847.000610352,864.239501953,698.219055176,1185.32751465,875.054199219,313.37020874,102.488861084,103.762496948,66.5253829956,16.5450668335,2.75398278236,0.152212694287,0.00415423046798,0.139559850097,0.179937601089,0.0747736096382,0.0159414540976,0.000243856979068],"max":[10.013677597,51.0671386719,88.2383651733,76.8575286865,236.506439209,467.798095703,414.436065674,641.159240723,641.296142578,406.638244629,303.255187988,1040.51843262,756.864318848,624.84588623,817.44720459,437.975708008,564.940673828,673.736816406,555.472717285,288.512634277,368.633422852,297.797668457,309.618408203,303.797607422,312.118896484,649.488830566,589.217834473,267.52142334,244.392288208,136.436965942,76.790435791,41.4860343933,19.7307167053,3.9846739769,0.505169332027,3.41242575645,5.49720668793,4.04751062393,1.65690612793,0.199420943856],"mean":[0.556594491005,3.22212791443,4.84298563004,5.08263731003,9.39487743378,18.3071594238,25.0595207214,29.0990142822,30.0500583649,18.4303073883,10.5283050537,12.7353239059,16.2014598846,20.0315647125,17.3111114502,16.8121585846,14.1495246887,24.4289360046,22.3253326416,18.3992500305,17.018781662,18.1444091797,14.2013845444,14.4263830185,14.6235055923,16.3608531952,15.1961660385,11.097741127,6.91582155228,6.39837837219,4.35502433777,2.27097415924,0.875861287117,0.192029491067,0.0410358831286,0.198550000787,0.271393567324,0.220707267523,0.132227897644,0.0293719433248],"median":[0.226936116815,1.48167872429,2.79941177368,3.10712432861,4.44115352631,7.40016126633,14.9196968079,18.182466507,13.8932733536,11.8592090607,6.08701038361,5.68930673599,5.73169803619,5.79211330414,4.96105194092,8.28351402283,7.09993696213,10.1039552689,10.9777612686,10.4579715729,9.08586406708,10.4038410187,6.79764938354,5.91877269745,6.35602426529,6.94787502289,6.87811660767,5.76219272614,3.8798968792,2.46287727356,1.15753805637,0.535992860794,0.176395624876,0.0468758828938,0.0178289748728,0.0380511581898,0.071325302124,0.083844140172,0.0657036304474,0.0227120202035],"min":[1.96157016733e-22,4.49432510739e-22,3.76594491821e-21,6.81202136807e-21,1.21831748884e-20,1.67264514782e-20,6.67363372847e-20,8.00902958573e-20,6.92078366327e-20,2.37621796424e-19,2.66883646635e-19,2.72644029023e-19,5.5946319371e-19,9.75552412617e-19,8.70596634569e-19,1.4009395552e-18,2.02498590921e-18,2.65547434583e-18,2.32151072007e-18,3.19022055566e-18,5.22129058507e-18,3.61033359465e-18,5.91317174637e-18,7.42317589251e-18,8.50836406429e-18,6.87688555006e-18,1.1024328196e-17,1.0081463066e-17,1.11711213218e-17,1.30982370821e-17,9.09555311136e-18,1.12136657023e-17,1.01705793693e-17,8.95990872579e-18,6.61777949498e-18,3.93393740363e-18,2.23780355759e-18,1.05416517649e-18,2.62919642043e-19,2.6733055681e-20],"var":[0.831426084042,16.7882633209,44.7446098328,40.3244094849,223.16645813,939.687255859,967.461975098,1337.48046875,2218.27856445,502.791992188,232.836044312,974.868286133,1372.91113281,1761.98657227,1558.96191406,844.159423828,610.502807617,1805.58166504,1214.9901123,565.874328613,522.25378418,541.094848633,470.830871582,536.268798828,532.139221191,1117.7388916,919.074462891,347.649383545,103.768829346,95.7209777832,49.7033424377,13.4208850861,2.03560566902,0.100930519402,0.00300373788923,0.106279537082,0.170960605145,0.0988924354315,0.0268646515906,0.00066874967888]},"erbbands_crest":{"dmean":2.10659909248,"dmean2":3.37878513336,"dvar":3.93266105652,"dvar2":9.7212972641,"max":24.2660636902,"mean":7.19403028488,"median":6.46561765671,"min":2.20963978767,"var":10.7376594543},"erbbands_flatness_db":{"dmean":0.0195625927299,"dmean2":0.0257044155151,"dvar":0.000307133537717,"dvar2":0.000508825469296,"max":0.290700942278,"mean":0.107538037002,"median":0.0996114313602,"min":0.0317751131952,"var":0.00170738925226},"erbbands_kurtosis":{"dmean":0.821127414703,"dmean2":1.25283777714,"dvar":1.63774192333,"dvar2":3.24751996994,"max":31.8413619995,"mean":0.0839708372951,"median":-0.528403520584,"min":-1.79068350792,"var":4.33053874969},"erbbands_skewness":{"dmean":0.365278989077,"dmean2":0.533205091953,"dvar":0.122753359377,"dvar2":0.243476316333,"max":4.71773529053,"mean":0.265735536814,"median":0.207095548511,"min":-4.06699132919,"var":0.664938807487},"erbbands_spread":{"dmean":10.2972068787,"dmean2":14.7617292404,"dvar":99.7713317871,"dvar2":197.291717529,"max":135.266555786,"mean":48.336605072,"median":48.0339736938,"min":4.6432762146,"var":390.612823486},"gfcc":{"cov":[[18228.2402344,-479.735351562,-555.629760742,531.797851562,-136.711578369,163.804244995,0.357833713293,28.737121582,57.4210243225,-105.284744263,-50.9739952087,192.338134766,-109.218444824],[-479.735351562,1144.41906738,-161.536636353,-358.629486084,135.841064453,-146.951553345,30.2977027893,-135.050262451,31.5235309601,9.41416454315,52.4099235535,-68.5338134766,117.331665039],[-555.629760742,-161.536636353,375.224151611,153.433853149,-59.1934165955,92.4101867676,-35.1685447693,87.0942764282,-19.6890220642,29.3928050995,12.2642307281,8.33769989014,-26.8157176971],[531.797851562,-358.629486084,153.433853149,366.342041016,64.1390151978,30.2081203461,49.8891448975,29.4312858582,10.9534187317,-2.21953463554,-6.27867174149,35.9154014587,-58.0389976501],[-136.711578369,135.841064453,-59.1934165955,64.1390151978,213.613357544,4.87287569046,46.5180587769,-42.6379890442,11.164557457,1.97392857075,29.0829715729,-8.67970180511,14.6082172394],[163.804244995,-146.951553345,92.4101867676,30.2081203461,4.87287569046,218.606018066,-13.5296630859,78.5162200928,-9.85377597809,26.2424221039,11.4015216827,41.6875648499,8.55579853058],[0.357833713293,30.2977027893,-35.1685447693,49.8891448975,46.5180587769,-13.5296630859,151.386688232,16.5365180969,47.0192222595,1.58056795597,4.51031064987,16.6884803772,2.56579852104],[28.737121582,-135.050262451,87.0942764282,29.4312858582,-42.6379890442,78.5162200928,16.5365180969,175.123031616,35.9098358154,16.0409450531,-3.40573525429,12.762345314,16.8337879181],[57.4210243225,31.5235309601,-19.6890220642,10.9534187317,11.164557457,-9.85377597809,47.0192222595,35.9098358154,105.25806427,35.7534217834,-5.52974033356,8.01655960083,10.1485977173],[-105.284744263,9.41416454315,29.3928050995,-2.21953463554,1.97392857075,26.2424221039,1.58056795597,16.0409450531,35.7534217834,74.9207763672,38.5875587463,3.36952209473,6.98355293274],[-50.9739952087,52.4099235535,12.2642307281,-6.27867174149,29.0829715729,11.4015216827,4.51031064987,-3.40573525429,-5.52974033356,38.5875587463,82.2538223267,21.5451507568,-4.14032745361],[192.338134766,-68.5338134766,8.33769989014,35.9154014587,-8.67970180511,41.6875648499,16.6884803772,12.762345314,8.01655960083,3.36952209473,21.5451507568,72.9867095947,17.5153942108],[-109.218444824,117.331665039,-26.8157176971,-58.0389976501,14.6082172394,8.55579853058,2.56579852104,16.8337879181,10.1485977173,6.98355293274,-4.14032745361,17.5153942108,85.4771575928]],"icov":[[0.0000849802818266,-0.000159328672453,0.000427409511758,-0.000519815715961,0.000403373094741,-0.000274465972325,0.000175717068487,-0.0000708928928361,-0.0000535584767931,0.000147672690218,-0.000146887396113,0.0000396678733523,0.0000546927367395],[-0.000159328672453,0.00295336241834,-0.00221346085891,0.00373378652148,-0.00239822734147,0.00130092899781,-0.00120713969227,0.00205816281959,-0.0020054068882,0.00186344678514,-0.00222510029562,0.00199219002388,-0.00293632806279],[0.000427409511758,-0.00221346085891,0.00786750204861,-0.0070539386943,0.00530059123412,-0.00344316381961,0.00224180705845,-0.0023497089278,0.00158291333355,-0.000951410853304,-0.00162614497822,0.00209816358984,0.000478320784168],[-0.000519815715961,0.00373378652148,-0.0070539386943,0.012823741883,-0.00899044517428,0.00499719614163,-0.00305652944371,0.000545456248801,0.000296554790111,-0.00231486395933,0.00488584768027,-0.00612559635192,0.00337134697475],[0.000403373094741,-0.00239822734147,0.00530059123412,-0.00899044517428,0.0134428981692,-0.00616188626736,-0.00000300765645989,0.00276267225854,-0.00329196313396,0.00616724602878,-0.0092829875648,0.0092315338552,-0.00531320879236],[-0.000274465972325,0.00130092899781,-0.00344316381961,0.00499719614163,-0.00616188626736,0.010342348367,-0.000158989714691,-0.0040526362136,0.00490649137646,-0.00736591778696,0.00677986769006,-0.00898042600602,0.00318510294892],[0.000175717068487,-0.00120713969227,0.00224180705845,-0.00305652944371,-0.00000300765645989,-0.000158989714691,0.00978221837431,-0.00187195069157,-0.00326810497791,0.00154202489648,-0.000640292128082,-0.00198815274052,0.00123930396512],[-0.0000708928928361,0.00205816281959,-0.0023497089278,0.000545456248801,0.00276267225854,-0.0040526362136,-0.00187195069157,0.0119966594502,-0.00754099618644,0.00681382464245,-0.00675845425576,0.00731601566076,-0.00714332982898],[-0.0000535584767931,-0.0020054068882,0.00158291333355,0.000296554790111,-0.00329196313396,0.00490649137646,-0.00326810497791,-0.00754099618644,0.0226980559528,-0.0191373359412,0.0150893824175,-0.010909714736,0.00687204068527],[0.000147672690218,0.00186344678514,-0.000951410853304,-0.00231486395933,0.00616724602878,-0.00736591778696,0.00154202489648,0.00681382464245,-0.0191373359412,0.0373028665781,-0.0258402805775,0.0167492982,-0.0114036928862],[-0.000146887396113,-0.00222510029562,-0.00162614497822,0.00488584768027,-0.0092829875648,0.00677986769006,-0.000640292128082,-0.00675845425576,0.0150893824175,-0.0258402805775,0.0358539633453,-0.0221010129899,0.0145171573386],[0.0000396678733523,0.00199219002388,0.00209816358984,-0.00612559635192,0.0092315338552,-0.00898042600602,-0.00198815274052,0.00731601566076,-0.010909714736,0.0167492982,-0.0221010129899,0.0345452427864,-0.0164673365653],[0.0000546927367395,-0.00293632806279,0.000478320784168,0.00337134697475,-0.00531320879236,0.00318510294892,0.00123930396512,-0.00714332982898,0.00687204068527,-0.0114036928862,0.0145171573386,-0.0164673365653,0.0243908800185]],"mean":[15.3087511063,71.1463851929,-71.2028808594,15.7553358078,-20.5861473083,-21.2420501709,-6.19482707977,-23.2685375214,1.26169967651,-2.45182943344,-3.0910692215,2.81799054146,-7.82712173462]},"hfc":{"dmean":70.4421463013,"dmean2":112.311653137,"dvar":8002.96289062,"dvar2":19846.4511719,"max":1163.92236328,"mean":238.502029419,"median":211.937164307,"min":1.04498044421e-16,"var":24550.9257812},"melbands":{"dmean":[0.00351442745887,0.00214560516179,0.000698520161677,0.000740620133001,0.000501200614963,0.000350384070771,0.000230428209761,0.0000999977055471,0.0000501477697981,0.0000506811156811,0.000050416085287,0.000053143416153,0.0000412651315855,0.0000285203386738,0.0000230018486036,0.0000171465599124,0.0000281018546957,0.0000216990847548,0.0000138432669701,0.0000125118976939,0.0000113451769721,0.0000112538555186,0.00000901135081222,0.00000753481208449,0.00000708526658855,0.00000674402690493,0.00000607373976891,0.00000675718774801,0.00000576908723815,0.0000048001934374,0.00000312217798637,0.00000204887578548,0.00000225979374591,0.00000241825819103,0.00000203469767257,0.00000135848642913,9.45828276144e-7,5.45622810932e-7,3.1045667015e-7,7.18976309599e-8],"dmean2":[0.00587364425883,0.00367269688286,0.00120574620087,0.00124193332158,0.000793097482529,0.000552389537916,0.000361903104931,0.000159594681463,0.0000820155328256,0.0000808832483017,0.0000802338399808,0.0000841922737891,0.0000651963273413,0.0000454436230939,0.0000368654873455,0.0000274409376289,0.0000450047082268,0.0000350756454282,0.000022850543246,0.000020633220629,0.0000184605796676,0.0000185709304787,0.0000147861610458,0.0000122211486087,0.0000113274854812,0.0000107424484668,0.00000945736701397,0.0000102250287455,0.00000863359309733,0.00000715044052413,0.00000458402746517,0.00000303651245304,0.0000032803884551,0.00000348552066498,0.0000029720558814,0.00000194180984181,0.00000134695187626,7.78503192578e-7,4.45806847438e-7,1.09150512628e-7],"dvar":[0.0000499682500958,0.0000111856788862,0.00000128423425849,0.00000208352139452,5.54941038899e-7,2.79636083178e-7,1.4454694508e-7,2.31182664123e-8,7.6747550537e-9,2.30562466896e-8,1.67479612401e-8,1.59177755421e-8,1.27285195717e-8,6.44570175012e-9,2.23757523621e-9,1.62321989183e-9,3.57265150797e-9,1.98670035978e-9,5.12712150513e-10,4.31911645338e-10,4.02955668832e-10,3.99158928133e-10,3.31599608883e-10,3.03704450477e-10,2.44523290505e-10,1.98219399228e-10,1.68660349575e-10,3.28682137063e-10,2.28227395316e-10,1.33210137365e-10,3.94595502107e-11,1.55739171559e-11,2.24821238015e-11,1.77745439894e-11,1.35393658091e-11,5.66721626225e-12,2.48949385412e-12,8.54155667637e-13,2.75853125065e-13,1.43709100609e-14],"dvar2":[0.000135127003887,0.0000308344169753,0.00000350687423634,0.00000553370091438,0.00000136798973926,6.52230994547e-7,3.27478346662e-7,5.75051508633e-8,1.85240356387e-8,5.41434772572e-8,4.10204705759e-8,3.85932104052e-8,3.05673992784e-8,1.53869965658e-8,5.26870813644e-9,4.15115453123e-9,8.7651867986e-9,4.98643570879e-9,1.34428357335e-9,1.16428311436e-9,9.9937369491e-10,1.07791719994e-9,8.71068661645e-10,7.95932653119e-10,6.22833506991e-10,5.11467257436e-10,4.07565814431e-10,7.36137206747e-10,4.89318530139e-10,2.93307517163e-10,8.27254029168e-11,3.44042468126e-11,4.78850119279e-11,3.78042631921e-11,2.97753384448e-11,1.19280297445e-11,5.25009332883e-12,1.79109483321e-12,5.81880789212e-13,3.2230836923e-14],"max":[0.0738603398204,0.044625736773,0.0175351556391,0.0199252441525,0.0119389314204,0.0123661216348,0.00847496464849,0.00365168042481,0.00215905322693,0.0064465100877,0.00367388734594,0.00308693782426,0.0035631780047,0.00227953889407,0.00168867514003,0.00113749771845,0.00128367089201,0.00120562862139,0.000382789730793,0.000302434782498,0.000426789018093,0.000360511301551,0.000404177873861,0.000300226238323,0.000258458254393,0.000311128358589,0.000350533635356,0.000545676972251,0.000427253980888,0.000313120661303,0.00014619542344,0.00013788776414,0.000156616049935,0.0000831513243611,0.0000549790383957,0.0000411998807976,0.0000209510108107,0.0000191644649021,0.00000808375443739,0.00000192675861399],"mean":[0.00492343399674,0.00323909381405,0.00100810092408,0.00100142764859,0.000873518351,0.000677898759022,0.000432348577306,0.000175267807208,0.0000805176896392,0.0000810201163404,0.0000835097162053,0.0000842845474835,0.0000610551505815,0.0000460098199255,0.0000415265094489,0.0000293565553875,0.0000481512470287,0.0000385700441257,0.0000252671943599,0.0000215749278141,0.0000198202196771,0.0000192079751287,0.0000148152312249,0.0000119772166727,0.000011499687389,0.000011196624655,0.0000102332005554,0.0000110170503831,0.00000977080253506,0.00000830078806757,0.00000566770904697,0.00000381811651096,0.00000367964980796,0.00000351058361048,0.00000268919438895,0.00000179925689281,0.00000122747530895,6.68238271828e-7,3.57004921625e-7,8.19382748318e-8],"median":[0.00232171872631,0.00192818976939,0.000611357565504,0.000423538149334,0.000524554518051,0.000434006156866,0.000213564635487,0.000109612359665,0.0000461015988549,0.0000340853766829,0.0000277397102764,0.000023206568585,0.0000149321776917,0.0000177652145794,0.0000203610361496,0.0000125371661852,0.0000184341315617,0.0000171115789271,0.0000137852875923,0.0000120056129163,0.00000981218181551,0.0000106859761217,0.00000774028649175,0.00000466311212222,0.00000449155868409,0.00000476636296298,0.000004247216566,0.00000445597743237,0.00000419411253461,0.00000373515217689,0.00000298465033666,0.00000214430906453,0.00000165706546795,0.00000115110344723,6.90058698183e-7,4.33705110936e-7,2.74646396292e-7,1.30518657215e-7,6.15089490452e-8,2.4883583194e-8],"min":[1.74254325254e-24,1.66401589651e-24,1.42047353165e-24,6.18725843982e-25,2.83809355618e-24,1.58922488155e-24,9.42400946116e-25,2.01192091065e-24,2.37926069649e-24,1.74467041597e-24,2.89424428099e-24,3.67328268465e-24,2.69758894871e-24,2.80942142051e-24,3.86171828351e-24,3.72627323266e-24,3.80936079637e-24,3.15784156082e-24,3.24460699128e-24,3.99989870954e-24,4.30884898332e-24,2.90659409567e-24,4.08108669618e-24,5.4872371762e-24,5.15243080295e-24,4.64813924195e-24,3.75217745264e-24,4.92263917114e-24,6.3009377336e-24,5.77161285506e-24,5.19501943108e-24,6.78364132708e-24,6.43166224079e-24,6.66353094337e-24,4.38509278424e-24,6.15063685419e-24,5.75613422081e-24,6.63560053416e-24,7.22114674055e-24,6.8943240341e-24],"var":[0.0000502223811054,0.0000143787856359,0.00000157461477102,0.00000264891332336,0.00000107058701815,6.51193204249e-7,4.11973331893e-7,4.89903371204e-8,1.3761924933e-8,4.1323115596e-8,4.0272034596e-8,3.47389814692e-8,2.25479048765e-8,1.21289067678e-8,5.0335597912e-9,3.28792770787e-9,7.77335529278e-9,4.54011583884e-9,1.0854064314e-9,7.87261145163e-10,8.3387713401e-10,6.52659815081e-10,4.5259382353e-10,4.14181938746e-10,3.61481178324e-10,3.15050319166e-10,3.17915860304e-10,6.14735040649e-10,4.46208459071e-10,2.61940580337e-10,8.58366433487e-11,3.11233365469e-11,3.86128420904e-11,3.13584089251e-11,2.00880596879e-11,8.95470850248e-12,4.00972267542e-12,1.23006097495e-12,3.81496700549e-13,1.83131826625e-14]},"melbands_crest":{"dmean":4.00871610641,"dmean2":6.61449956894,"dvar":13.6408472061,"dvar2":35.6487426758,"max":35.8167953491,"mean":15.2854251862,"median":14.3979291916,"min":1.61332476139,"var":31.0786705017},"melbands_flatness_db":{"dmean":0.0359094515443,"dmean2":0.052508123219,"dvar":0.000963155122008,"dvar2":0.00217187404633,"max":0.526550650597,"mean":0.228388741612,"median":0.224257543683,"min":0.00386429741047,"var":0.00418881932274},"melbands_kurtosis":{"dmean":11.7096529007,"dmean2":19.1709938049,"dvar":356.692352295,"dvar2":937.153808594,"max":409.977264404,"mean":21.8156394958,"median":14.6213130951,"min":-1.65101587772,"var":590.005371094},"melbands_skewness":{"dmean":0.97778481245,"dmean2":1.54540598392,"dvar":1.13600313663,"dvar2":2.88041949272,"max":15.3227624893,"mean":3.54173588753,"median":3.23782372475,"min":-0.371515899897,"var":3.16347098351},"melbands_spread":{"dmean":6.39391994476,"dmean2":9.97059631348,"dvar":71.4055404663,"dvar2":156.79133606,"max":158.748016357,"mean":17.0250339508,"median":13.3996696472,"min":0.50608164072,"var":231.522567749},"mfcc":{"cov":[[9864.84960938,-241.084793091,-212.723892212,439.869689941,-18.5278911591,284.196899414,-83.3718643188,384.322692871,-12.987663269,191.096557617,-129.404205322,23.3232727051,-70.2889328003],[-241.084793091,1480.47143555,-274.671081543,-106.563720703,-57.982749939,0.347366064787,-39.4380569458,-170.439956665,30.9743537903,-96.8953781128,2.24392533302,-13.3789157867,61.3779907227],[-212.723892212,-274.671081543,450.79196167,5.81202745438,44.3715744019,-33.1189155579,23.9902019501,37.0927047729,-7.24764633179,30.5399646759,27.3770427704,21.1920642853,-9.64631462097],[439.869689941,-106.563720703,5.81202745438,357.697753906,12.5262136459,59.2968254089,4.10021066666,39.2561302185,-22.8893642426,28.3446865082,13.4193906784,23.2886638641,-12.2786092758],[-18.5278911591,-57.982749939,44.3715744019,12.5262136459,174.124526978,38.994682312,43.5885009766,-0.444074630737,-2.4742166996,-5.98412656784,15.0771512985,10.1914196014,12.5329446793],[284.196899414,0.347366064787,-33.1189155579,59.2968254089,38.994682312,156.886245728,23.5605201721,13.7266359329,-15.6822071075,-5.85490846634,-1.58456921577,23.7534618378,9.91509056091],[-83.3718643188,-39.4380569458,23.9902019501,4.10021066666,43.5885009766,23.5605201721,112.636077881,30.5482749939,-5.72159814835,-6.33151483536,10.1739368439,9.42227840424,22.6464481354],[384.322692871,-170.439956665,37.0927047729,39.2561302185,-0.444074630737,13.7266359329,30.5482749939,131.667724609,34.9944229126,36.6776580811,-4.66592168808,2.02330970764,-3.01584148407],[-12.987663269,30.9743537903,-7.24764633179,-22.8893642426,-2.4742166996,-15.6822071075,-5.72159814835,34.9944229126,118.056602478,34.1036529541,6.68955850601,-20.0857181549,-1.38866627216],[191.096557617,-96.8953781128,30.5399646759,28.3446865082,-5.98412656784,-5.85490846634,-6.33151483536,36.6776580811,34.1036529541,97.7887496948,28.1143875122,3.4305024147,-4.85786771774],[-129.404205322,2.24392533302,27.3770427704,13.4193906784,15.0771512985,-1.58456921577,10.1739368439,-4.66592168808,6.68955850601,28.1143875122,78.0776748657,21.8640041351,6.8119931221],[23.3232727051,-13.3789157867,21.1920642853,23.2886638641,10.1914196014,23.7534618378,9.42227840424,2.02330970764,-20.0857181549,3.4305024147,21.8640041351,69.4752807617,25.6723155975],[-70.2889328003,61.3779907227,-9.64631462097,-12.2786092758,12.5329446793,9.91509056091,22.6464481354,-3.01584148407,-1.38866627216,-4.85786771774,6.8119931221,25.6723155975,66.6965942383]],"icov":[[0.000139838681207,-0.0000478549845866,0.0000689841326675,-0.0000759163667681,-0.0000637507546344,-0.000173119042302,0.000212533617741,-0.000458622671431,0.000200192065677,-0.000288199895294,0.000267035444267,-0.0000503344635945,0.000107501473394],[-0.0000478549845866,0.00101817969698,0.000375795934815,0.0000694780683261,0.000374270253815,-0.000094971350336,-0.0000214545343624,0.00128218124155,-0.00081926380517,0.000868928793352,-0.00047254821402,0.000219295281568,-0.000901141320355],[0.0000689841326675,0.000375795934815,0.00276711955667,0.0000816371539258,-0.000670297653414,0.000782626739237,-0.000174414381036,-0.000527355528902,0.00031942044734,-0.000387207779568,-0.000425015721703,-0.000914516451303,0.000560959335417],[-0.0000759163667681,0.0000694780683261,0.0000816371539258,0.00333495251834,-0.0000634580355836,-0.000960554170888,0.00018274251488,-0.000679229444358,0.000823405396659,-0.000640611513518,-0.000534627237357,-0.000633615243714,0.000812749611214],[-0.0000637507546344,0.000374270253815,-0.000670297653414,-0.0000634580355836,0.0071587767452,-0.00165021966677,-0.0023911530152,0.0015489255311,-0.000941876787692,0.000948910601437,-0.00120332452934,0.000444246223196,-0.000736770860385],[-0.000173119042302,-0.000094971350336,0.000782626739237,-0.000960554170888,-0.00165021966677,0.00825449079275,-0.00115220993757,-0.000312439573463,0.000359372439561,0.00048713941942,0.000703238765709,-0.00252320454456,0.00024374302302],[0.000212533617741,-0.0000214545343624,-0.000174414381036,0.00018274251488,-0.0023911530152,-0.00115220993757,0.0124068362638,-0.00446085585281,0.00164028408471,0.00154468475375,-0.00184467842337,0.00148268777411,-0.003777269274],[-0.000458622671431,0.00128218124155,-0.000527355528902,-0.000679229444358,0.0015489255311,-0.000312439573463,-0.00446085585281,0.013825728558,-0.00463882880285,-0.00176977261435,0.00191727571655,-0.000980885000899,-0.0000131162787511],[0.000200192065677,-0.00081926380517,0.00031942044734,0.000823405396659,-0.000941876787692,0.000359372439561,0.00164028408471,-0.00463882880285,0.0121405981481,-0.00391221093014,-0.000760835653637,0.00357117364183,-0.000809501565527],[-0.000288199895294,0.000868928793352,-0.000387207779568,-0.000640611513518,0.000948910601437,0.00048713941942,0.00154468475375,-0.00176977261435,-0.00391221093014,0.0159094594419,-0.00618558516726,0.000372725247871,-0.000566928880289],[0.000267035444267,-0.00047254821402,-0.000425015721703,-0.000534627237357,-0.00120332452934,0.000703238765709,-0.00184467842337,0.00191727571655,-0.000760835653637,-0.00618558516726,0.0179015807807,-0.00577734550461,0.00132004660554],[-0.0000503344635945,0.000219295281568,-0.000914516451303,-0.000633615243714,0.000444246223196,-0.00252320454456,0.00148268777411,-0.000980885000899,0.00357117364183,0.000372725247871,-0.00577734550461,0.0214819386601,-0.00833702646196],[0.000107501473394,-0.000901141320355,0.000560959335417,0.000812749611214,-0.000736770860385,0.00024374302302,-0.003777269274,-0.0000131162787511,-0.000809501565527,-0.000566928880289,0.00132004660554,-0.00833702646196,0.0205668192357]],"mean":[-648.319641113,130.135192871,5.23322629929,44.329574585,0.37604662776,19.4373207092,-7.54473686218,1.42301225662,-5.31379318237,4.46707582474,-3.75053715706,6.12735557556,1.04635441303]},"pitch_salience":{"dmean":0.080323792994,"dmean2":0.132119849324,"dvar":0.00526036089286,"dvar2":0.0142055172473,"max":0.946209967136,"mean":0.562652289867,"median":0.580259621143,"min":0.138601079583,"var":0.0143447341397},"silence_rate_20dB":{"dmean":0,"dmean2":0,"dvar":0,"dvar2":0,"max":1,"mean":1,"median":1,"min":1,"var":0},"silence_rate_30dB":{"dmean":0.0791492313147,"dmean2":0.158312261105,"dvar":0.072890855372,"dvar2":0.16985617578,"max":1,"mean":0.934629142284,"median":1,"min":0,"var":0.0610970407724},"silence_rate_60dB":{"dmean":0.0034867504146,"dmean2":0.00697410851717,"dvar":0.00347391306423,"dvar2":0.00814671255648,"max":1,"mean":0.0441035479307,"median":0,"min":0,"var":0.04215856269},"spectral_centroid":{"dmean":298.309173584,"dmean2":428.581329346,"dvar":113764.617188,"dvar2":215996.625,"max":11632.0615234,"mean":1305.1348877,"median":1130.66601562,"min":199.808609009,"var":815856.5625},"spectral_complexity":{"dmean":4.50610160828,"dmean2":6.45593214035,"dvar":26.2985553741,"dvar2":45.3443260193,"max":61,"mean":21.0822792053,"median":19,"min":0,"var":160.963973999},"spectral_contrast_coeffs":{"dmean":[0.0541884675622,0.0496944002807,0.0378753133118,0.0272149946541,0.0195902250707,0.0338127575815],"dmean2":[0.0904674232006,0.0818857848644,0.0622341036797,0.0443496629596,0.031824529171,0.0512574277818],"dvar":[0.0018977529835,0.00155388878193,0.000925639353227,0.000449606770417,0.000274237187114,0.00092000112636],"dvar2":[0.00515910098329,0.00417545996606,0.00244333711453,0.00119651283603,0.00067343423143,0.00206429744139],"max":[-0.380592525005,-0.501042962074,-0.556964933872,-0.638391911983,-0.62461233139,-0.383382946253],"mean":[-0.686056494713,-0.730604827404,-0.806054592133,-0.808536052704,-0.82090562582,-0.708397507668],"median":[-0.689735174179,-0.73123973608,-0.813151538372,-0.810867726803,-0.820984363556,-0.709032416344],"min":[-0.97542065382,-0.98032617569,-0.985748946667,-0.985086381435,-0.985649108887,-0.96719712019],"var":[0.00569536909461,0.0046042506583,0.00331870722584,0.00163266668096,0.00107074214611,0.00389168551192]},"spectral_contrast_valleys":{"dmean":[0.404097735882,0.338298171759,0.339493960142,0.292725533247,0.30993527174,0.564213335514],"dmean2":[0.660033345222,0.556551396847,0.537506222725,0.445766180754,0.408035486937,0.754094541073],"dvar":[0.118624456227,0.0832485407591,0.0903507918119,0.0819869562984,0.111221306026,0.226795271039],"dvar2":[0.287345707417,0.196683287621,0.196014419198,0.15678268671,0.18492923677,0.441666871309],"max":[-4.69372415543,-4.65032100677,-5.6239528656,-5.74338769913,-5.35296630859,-8.53092288971],"mean":[-6.78188896179,-6.56626749039,-7.45983505249,-7.62117290497,-7.45768880844,-10.6745071411],"median":[-6.47363185883,-6.30148077011,-7.175365448,-7.32457733154,-7.14726161957,-10.4431295395],"min":[-28.0642852783,-28.1891708374,-27.7218360901,-27.6181716919,-27.4845561981,-27.4282627106],"var":[2.96504640579,2.80007362366,2.76798033714,2.77881360054,2.92635607719,2.65762925148]},"spectral_decrease":{"dmean":4.47506121048e-9,"dmean2":7.42679207022e-9,"dvar":4.85300876597e-17,"dvar2":1.29190920953e-16,"max":7.10114544944e-9,"mean":-7.87527731916e-9,"median":-5.95129856507e-9,"min":-7.0340284708e-8,"var":6.48879250714e-17},"spectral_energy":{"dmean":0.0182186923921,"dmean2":0.0294494684786,"dvar":0.00073938415153,"dvar2":0.00190131377894,"max":0.297813504934,"mean":0.0513559654355,"median":0.0472041405737,"min":9.90565504859e-21,"var":0.00131586438511},"spectral_energyband_high":{"dmean":0.000923173502088,"dmean2":0.00119449896738,"dvar":0.0000017608070948,"dvar2":0.00000317020158036,"max":0.0238974541426,"mean":0.00202053436078,"median":0.00111076724716,"min":7.12645178283e-21,"var":0.00000586958321946},"spectral_energyband_low":{"dmean":0.0143741685897,"dmean2":0.0241846889257,"dvar":0.000620645703748,"dvar2":0.00166618672665,"max":0.259184330702,"mean":0.0230320841074,"median":0.0139882918447,"min":2.30665626591e-23,"var":0.000720847630873},"spectral_energyband_middle_high":{"dmean":0.0013941481011,"dmean2":0.00209397589788,"dvar":0.00000410972961618,"dvar2":0.00000964771879808,"max":0.0315139144659,"mean":0.00395396724343,"median":0.0025617829524,"min":1.21762904678e-21,"var":0.0000167736707226},"spectral_energyband_middle_low":{"dmean":0.00526338955387,"dmean2":0.00849177315831,"dvar":0.0000532085759914,"dvar2":0.000137049442856,"max":0.0961734130979,"mean":0.0131767550483,"median":0.0101924715564,"min":1.43698612194e-22,"var":0.000123298261315},"spectral_entropy":{"dmean":0.191842675209,"dmean2":0.250942200422,"dvar":0.0355132557452,"dvar2":0.0596080385149,"max":9.81711196899,"mean":7.68531227112,"median":7.77478075027,"min":5.70126867294,"var":0.198216229677},"spectral_flux":{"dmean":0.0308729745448,"dmean2":0.0487541668117,"dvar":0.00157197366934,"dvar2":0.00325738126412,"max":0.451763242483,"mean":0.116755925119,"median":0.11226798594,"min":6.50366635546e-11,"var":0.00413974327967},"spectral_kurtosis":{"dmean":2.76425147057,"dmean2":3.65619778633,"dvar":11.270567894,"dvar2":21.8970890045,"max":59.6458702087,"mean":11.1766872406,"median":9.87870979309,"min":-1.26363170147,"var":35.5526847839},"spectral_rms":{"dmean":0.00112239352893,"dmean2":0.00176489690784,"dvar":0.00000187328078027,"dvar2":0.00000457399346487,"max":0.017045520246,"mean":0.00656645279378,"median":0.00678622303531,"min":3.10870600095e-12,"var":0.00000698497660778},"spectral_rolloff":{"dmean":4431.50097656,"dmean2":8389.59667969,"dvar":55529068,"dvar2":135273680,"max":22006.9335938,"mean":16213.0410156,"median":21683.9355469,"min":64.599609375,"var":75301680},"spectral_skewness":{"dmean":0.28463858366,"dmean2":0.371260344982,"dvar":0.101610131562,"dvar2":0.179717898369,"max":6.10059404373,"mean":2.19244670868,"median":2.04989790916,"min":-0.0677538439631,"var":0.426388353109},"spectral_spread":{"dmean":640410.125,"dmean2":836538.1875,"dvar":487170441216,"dvar2":841049964544,"max":42494304,"mean":5233270.5,"median":4968155,"min":1577106.375,"var":6455395614720},"spectral_strongpeak":{"dmean":6.36602306366,"dmean2":11.9482049942,"dvar":306.644805908,"dvar2":834.049926758,"max":161.615219116,"mean":5.95344018936,"median":0.367944985628,"min":0,"var":295.025085449},"zerocrossingrate":{"dmean":0.0413135662675,"dmean2":0.0540423169732,"dvar":0.00124341901392,"dvar2":0.00203278032131,"max":0.69677734375,"mean":0.319918692112,"median":0.31005859375,"min":0.0703125,"var":0.0101134469733}},"metadata":{"audio_properties":{"analysis_sample_rate":44100,"bit_rate":320000,"codec":"mp3","downmix":"mix","equal_loudness":0,"length":266.370605469,"lossless":false,"md5_encoded":"95a29fa9c82469c36af572efc6f6db09","replay_gain":-11.6055145264,"sample_rate":44100},"tags":{"album":["Say You Will"],"album artist credit":["Fleetwood Mac"],"albumartist":["Fleetwood Mac"],"albumartistsort":["Fleetwood Mac"],"artist":["Fleetwood Mac"],"artist credit":["Fleetwood Mac"],"artistsort":["Fleetwood Mac"],"bpm":["0"],"catalognumber":["48467-2"],"date":["2003-04-15"],"discnumber":["1/2"],"file_name":"16 - Fleetwood Mac - Destiny Rules.mp3","genre":["Alternative Pop / Rock"],"label":["Reprise Records"],"language":["eng"],"length":["266370"],"media":["CD"],"musicbrainz album release country":["US"],"musicbrainz album status":["Official"],"musicbrainz album type":["album"],"musicbrainz_albumartistid":["bd13909f-1c29-4c27-a874-d4aaf27c5b1a"],"musicbrainz_albumid":["216b5ba1-0018-3b91-842f-6bdb2cf0a81f"],"musicbrainz_artistid":["bd13909f-1c29-4c27-a874-d4aaf27c5b1a"],"musicbrainz_recordingid":["7e4bcfa4-a526-4edb-af14-a333ec57b4ce"],"musicbrainz_releasegroupid":["450b9699-fcc4-3c6f-9a91-9c4cf86d6522"],"originaldate":["2003-04-15"],"replaygain_album_gain":["0.00 dB"],"replaygain_album_peak":["0.000000"],"replaygain_track_gain":["0.00 dB"],"replaygain_track_peak":["0.000000"],"script":["Latn"],"title":["Destiny Rules"],"tracknumber":["16/22"]},"version":{"essentia":"2.1-beta1","essentia_build_sha":"ca57ba49d9b1854bd80e60cf9ccf267278fb7d6b","essentia_git_sha":"v2.1_beta1-28-g21ef5f4-dirty","extractor":"music 1.0"}},"rhythm":{"beats_count":667,"beats_loudness":{"dmean":0.0237659700215,"dmean2":0.041246175766,"dvar":0.000526540970895,"dvar2":0.00160688278265,"max":0.193776577711,"mean":0.0623591765761,"median":0.0650170817971,"min":0,"var":0.00115243520122},"beats_loudness_band_ratio":{"dmean":[0.188370555639,0.101538799703,0.0481593608856,0.0327932238579,0.0272709392011,0.125972181