{"lowlevel":{"average_loudness":0.220811590552,"barkbands":{"dmean":[0.00000199724399863,0.000263247144176,0.000504920317326,0.000623468251433,0.00177736545447,0.000909306108952,0.0010068283882,0.000642037659418,0.000403706246288,0.000572549295612,0.000201581002329,0.000273737940006,0.000300342711853,0.000142770732054,0.000132960340125,0.000086849766376,0.000129817126435,0.0000799976696726,0.0000603634252911,0.0000284210473183,0.0000180475635716,0.0000108698650365,0.0000166020017787,0.00000614649616182,0.00000182714734365,2.99942854554e-7,3.7910194095e-8],"dmean2":[0.00000324971074406,0.00037743098801,0.00074756500544,0.000947326654568,0.00279004964978,0.001331520034,0.00146927579772,0.00101062096655,0.000611271650996,0.000879413331859,0.000320217455737,0.000432033266407,0.000468519399874,0.00021822299459,0.000214741899981,0.000135406968184,0.000210611891816,0.000131699605845,0.0000925597341848,0.0000437629387307,0.0000270974833256,0.0000154247791215,0.0000211490314541,0.00000838536197989,0.00000223699930757,3.86956514831e-7,6.38971826561e-8],"dvar":[7.62880817545e-12,2.21429601766e-7,9.44068915487e-7,0.00000130977480239,0.0000083647273641,0.00000430544059782,0.00000972400448518,0.00000403288413509,0.0000016234243958,0.00000291555443255,3.43745057307e-7,0.00000106916513687,0.00000120848858387,2.85626356344e-7,1.21760223237e-7,7.12808940762e-8,1.28851397108e-7,4.96696728192e-8,5.17995637495e-8,1.80014421147e-8,1.07983169073e-8,4.45866632504e-9,1.8522140266e-8,2.36308395074e-9,2.39066683116e-10,1.04660854636e-11,1.09257149328e-15],"dvar2":[1.85732436375e-11,5.56764291559e-7,0.00000204260936698,0.00000329579461322,0.0000215556829062,0.00000917111447052,0.0000212074428418,0.0000112041943794,0.00000405627542932,0.00000747177273297,8.02778288289e-7,0.00000261080617747,0.00000288355090561,6.56323436488e-7,3.27327825289e-7,1.72294818412e-7,3.23258575463e-7,1.35980258165e-7,1.13121814138e-7,3.92580794539e-8,2.36222650329e-8,9.04261554524e-9,3.25825055825e-8,4.4411310185e-9,3.89022980496e-10,2.14167936857e-11,2.82309220353e-15],"max":[0.0000870316871442,0.0175424180925,0.039085239172,0.0262603498995,0.0690409392118,0.0555282607675,0.0973693951964,0.0487476401031,0.0372522994876,0.0360820144415,0.0149001115933,0.0415821038187,0.0320910774171,0.0161743052304,0.0105501590297,0.0100611606613,0.0102749774233,0.00542771769688,0.00720439618453,0.00512077193707,0.00420015258715,0.00271356431767,0.00610355241224,0.00202282145619,0.000868643808644,0.000245430826908,6.32391845556e-7],"mean":[0.00000261160039372,0.00177137821447,0.00192918931134,0.0016205382999,0.00427654059604,0.00214766012505,0.00212155445479,0.00114257517271,0.000787404424045,0.00108840444591,0.000370267836843,0.000476918299682,0.000533909129445,0.000286142749246,0.00025152717717,0.00018523572362,0.000263980327873,0.000170388797414,0.000135755224619,0.0000611711802776,0.0000298095819744,0.0000186829111044,0.0000282030505332,0.0000101899158835,0.0000033615706343,6.36275615307e-7,9.03463899249e-8],"median":[0.00000150496396145,0.000753306085244,0.00108571955934,0.000650580739602,0.00232976442203,0.00052735011559,0.00043871026719,0.000209648758755,0.00010834702698,0.0000939638339332,0.0000642740051262,0.0000259718690359,0.0000520604917256,0.0000325188557326,0.0000489748999826,0.00002807022247,0.000038048485294,0.0000199819169211,0.0000119035803436,0.00000503249520989,0.00000184912244094,9.7232589269e-7,5.46921114619e-7,2.82751727809e-7,2.15425387751e-7,1.90870096617e-7,8.34102777958e-8],"min":[2.40910507947e-24,4.83553496436e-23,2.4792293708e-23,5.67614703823e-23,1.61410360207e-23,7.49819074616e-24,2.69088217162e-23,5.9639714592e-23,4.72309451747e-23,7.8312367763e-23,7.68960784482e-23,6.57435794887e-23,1.42055181426e-22,1.05565416824e-22,1.93500347774e-22,1.52536618501e-22,2.50951194235e-22,2.53888887003e-22,3.27496778628e-22,2.37187830737e-22,3.07262029403e-22,6.4005715128e-22,8.3340703488e-22,9.49683819645e-22,1.43665429549e-21,1.50697110991e-21,2.62868143588e-21],"var":[1.25330249651e-11,0.00000595287247052,0.00000759675003792,0.00000799481858849,0.0000333309362759,0.0000168535534613,0.0000382454527426,0.00000854152222018,0.00000493846437166,0.00000889135935722,0.00000106207369299,0.00000265026142188,0.00000301652085,0.00000107733512777,2.69838466238e-7,2.67389992814e-7,3.5810566601e-7,1.47997994304e-7,1.81440185543e-7,3.85064389263e-8,2.00640446479e-8,1.00278150228e-8,4.89364140321e-8,5.76711789435e-9,6.89627965844e-10,1.9549237229e-11,2.57333162178e-15]},"barkbands_crest":{"dmean":1.91387236118,"dmean2":3.03888583183,"dvar":3.71751403809,"dvar2":9.41396713257,"max":26.1821804047,"mean":10.4649219513,"median":9.68478012085,"min":2.85042309761,"var":15.504076004},"barkbands_flatness_db":{"dmean":0.0150760896504,"dmean2":0.0223029702902,"dvar":0.000255222665146,"dvar2":0.00051284849178,"max":0.391408622265,"mean":0.214696079493,"median":0.21236076951,"min":0.0692961215973,"var":0.00234109605663},"barkbands_kurtosis":{"dmean":3.40422821045,"dmean2":5.09839391708,"dvar":53.8842735291,"dvar2":112.319297791,"max":228.86428833,"mean":9.42476844788,"median":5.61693000793,"min":-1.90746152401,"var":216.372329712},"barkbands_skewness":{"dmean":0.409874528646,"dmean2":0.615609169006,"dvar":0.241487950087,"dvar2":0.491940587759,"max":12.6845531464,"mean":1.97461998463,"median":1.88274371624,"min":-2.64621114731,"var":1.56621813774},"barkbands_spread":{"dmean":2.31271576881,"dmean2":3.43814110756,"dvar":19.543088913,"dvar2":33.6765975952,"max":127.293762207,"mean":11.1762247086,"median":7.67249441147,"min":0.330648988485,"var":131.66545105},"dissonance":{"dmean":0.0240796860307,"dmean2":0.0395805314183,"dvar":0.00052548176609,"dvar2":0.00139161909465,"max":0.499999940395,"mean":0.42760014534,"median":0.43769133091,"min":0.198960751295,"var":0.00231268513016},"dynamic_complexity":5.59832954407,"erbbands":{"dmean":[0.00174687732942,0.0819401443005,0.515165150166,1.23409891129,4.90030002594,5.3677611351,7.34520816803,7.32117128372,16.4707984924,9.72104549408,15.6229667664,7.84786653519,13.1350708008,15.6382074356,7.23498058319,11.7201251984,11.0142965317,9.61626052856,4.45201539993,7.04742336273,5.36142253876,6.01969194412,5.12920999527,2.4749982357,3.16186785698,1.29776251316,0.861978292465,0.570093691349,0.412633597851,0.405470311642,0.487191170454,0.213390141726,0.065156199038,0.0237179286778,0.0121524799615,0.00259628891945,0.000322136853356,0.00003688977813,0.00000737170239518,0.00000439649875261],"dmean2":[0.00254244217649,0.118313677609,0.767765760422,1.8208770752,7.76486778259,8.23640727997,11.3454608917,10.7980909348,23.9160804749,14.4605073929,24.5968647003,11.949971199,19.7113132477,23.9185314178,11.3905620575,18.104467392,17.130695343,14.7776441574,7.05693483353,11.423541069,8.51786327362,9.72880077362,8.43461799622,3.93838047981,4.77017688751,1.98055922985,1.30026936531,0.826784670353,0.591775000095,0.53558743,0.613017559052,0.286512345076,0.0850675776601,0.0312497131526,0.0148360859603,0.00329192867503,0.000407801446272,0.0000530817560502,0.0000120753738884,0.00000665376819597],"dvar":[0.0000112990774142,0.0193964391947,0.685263156891,6.3338341713,56.8044815063,123.831039429,361.663726807,330.524291992,2720.82568359,578.624084473,2525.2590332,516.284545898,1553.36645508,2741.46728516,460.790496826,1489.2947998,1774.33410645,1070.94458008,210.193664551,328.5390625,286.147247314,305.300933838,195.519088745,81.2293548584,148.105239868,43.263759613,18.5155467987,16.9853115082,6.76548290253,9.11998939514,15.9905061722,2.8417942524,0.270767271519,0.0415864996612,0.010510917753,0.000686865532771,0.00000834890761325,2.26310810092e-8,6.08236169763e-11,3.73036566914e-11],"dvar2":[0.0000252810132224,0.0491828583181,1.63783121109,12.4900808334,152.282043457,273.006378174,903.150817871,727.804199219,5876.63134766,1323.5501709,6975.04101562,1308.25671387,3426.58691406,6803.54394531,1133.72436523,3506.17773438,4226.15917969,2517.49731445,610.528259277,866.984008789,707.271240234,746.55090332,532.855163574,200.20098877,307.987457275,99.7036972046,39.7431106567,37.3822021484,14.1176233292,15.9263792038,29.0596065521,5.51551914215,0.4484410882,0.0710403248668,0.0181056354195,0.00129422056489,0.0000149153647726,3.27725260263e-8,1.31360769484e-10,8.89419024541e-11],"max":[0.170413136482,4.81175661087,23.4035434723,105.587265015,165.615509033,370.297027588,564.254577637,492.730377197,1602.9420166,554.995910645,1176.50036621,675.169189453,1520.45593262,1560.32348633,775.11932373,1283.62841797,1165.74047852,941.990722656,733.298034668,382.277252197,521.627746582,557.753112793,319.985534668,433.774658203,409.390441895,287.350982666,135.422531128,173.190673828,112.166259766,153.844665527,186.530212402,66.5786209106,22.5441932678,10.3058080673,5.82745504379,1.95186340809,0.213108673692,0.0101741692051,0.000363638420822,0.000143629891681],"mean":[0.0120330667123,0.532557487488,2.2952735424,3.83526682854,10.9784832001,13.0180845261,16.126909256,17.3590755463,35.7931213379,20.1131076813,27.974527359,16.1475887299,26.9257411957,31.1588344574,14.8006296158,21.8627853394,21.1533241272,20.7548484802,9.33549499512,14.1452331543,12.3838338852,13.3014116287,11.3303155899,6.38109588623,7.17492008209,2.8922662735,1.69661664963,0.924614071846,0.700960934162,0.698482453823,0.807416260242,0.350145995617,0.113583669066,0.0442883856595,0.0210659112781,0.00496024545282,0.000806391821243,0.000138050949317,0.0000244055063376,0.0000236019513977],"median":[0.00430004671216,0.243647992611,1.5615080595,1.84279716015,6.45032167435,4.85745716095,4.32544326782,4.36990118027,6.70578861237,6.74940061569,4.87164115906,2.88138651848,3.76353907585,3.37557125092,2.81226158142,1.43292951584,2.0870783329,2.62197685242,2.04312992096,2.49835515022,1.81151533127,1.94307911396,1.46347653866,0.694426000118,0.572106063366,0.26371306181,0.120172418654,0.0518775172532,0.0381277948618,0.0238814987242,0.0142074944451,0.00711250025779,0.00416002143174,0.00255776080303,0.00147466454655,0.000773189996835,0.000359099271009,0.000108516622277,0.0000219447483687,0.0000155641591846],"min":[8.16335832455e-22,1.2268258977e-20,3.21813324844e-20,1.16039093527e-19,9.86390973108e-20,8.16616740649e-20,4.70766807362e-20,6.15496434254e-20,2.04532995109e-19,8.6600490329e-19,1.43632096513e-18,1.02760937011e-18,1.27550237159e-18,3.09880779219e-18,3.57635963254e-18,3.24661628226e-18,7.39400123231e-18,5.23689245219e-18,1.05237639842e-17,7.2148438378e-18,9.56415423709e-18,1.33290717582e-17,1.19005333219e-17,2.18464156952e-17,1.17637044137e-17,9.98437274162e-18,1.33446541866e-17,1.29236250451e-17,2.03268931818e-17,2.09875904612e-17,2.68207424094e-17,1.91583864156e-17,1.90133766912e-17,1.21704109229e-17,1.12590258055e-17,5.55533341338e-18,2.57884764261e-18,1.34572659348e-18,3.32436521108e-19,3.85618321446e-20],"var":[0.000422935961979,0.478151589632,6.96673965454,47.6595306396,188.965911865,539.263977051,1338.10144043,1206.42919922,10953.3300781,1506.35314941,5167.78320312,1622.63208008,6354.7265625,7499.18701172,1245.67724609,3931.96142578,4478.71972656,4407.63476562,456.207855225,791.969482422,1097.6015625,937.429931641,580.364257812,275.731689453,569.838256836,69.4730987549,42.1144065857,28.7867450714,14.6671047211,23.3867893219,41.1683731079,6.92457866669,0.757745623589,0.120396308601,0.0268192905933,0.00149693724234,0.0000190099362953,7.12764602895e-8,2.30569383031e-10,4.98003693838e-10]},"erbbands_crest":{"dmean":2.40354156494,"dmean2":3.7572824955,"dvar":5.91566562653,"dvar2":14.3776454926,"max":29.7645397186,"mean":10.5874614716,"median":9.47895908356,"min":2.51232719421,"var":23.4844245911},"erbbands_flatness_db":{"dmean":0.0125705366954,"dmean2":0.0184331946075,"dvar":0.000181332259672,"dvar2":0.000358010816853,"max":0.352835267782,"mean":0.211211815476,"median":0.212168246508,"min":0.0259170010686,"var":0.00156538607553},"erbbands_kurtosis":{"dmean":1.12675309181,"dmean2":1.72630524635,"dvar":4.43813562393,"dvar2":10.3905220032,"max":55.9942321777,"mean":1.47187447548,"median":0.205820560455,"min":-1.79446148872,"var":14.704996109},"erbbands_skewness":{"dmean":0.325521320105,"dmean2":0.487551689148,"dvar":0.126067399979,"dvar2":0.254961550236,"max":6.22337245941,"mean":0.72577893734,"median":0.651904523373,"min":-3.98272585869,"var":0.9225654006},"erbbands_spread":{"dmean":4.86033725739,"dmean2":7.37230157852,"dvar":41.6051330566,"dvar2":92.40675354,"max":155.71937561,"mean":27.4847049713,"median":25.4599647522,"min":2.6037671566,"var":228.030090332},"gfcc":{"cov":[[14386.0869141,1912.37658691,-3805.359375,478.027160645,-537.602722168,-362.710998535,212.390869141,-48.0467147827,-90.3430633545,-356.276153564,241.660064697,-179.964111328,182.656005859],[1912.37658691,1039.55041504,-292.451293945,-223.956054688,223.854629517,-175.832168579,26.5402984619,9.59700489044,15.8374481201,-52.3536338806,48.4040527344,-19.7244434357,-2.65272068977],[-3805.359375,-292.451293945,1704.88305664,-169.920059204,79.9386291504,163.303070068,-187.303878784,-32.6772651672,12.1120862961,106.509178162,-105.470375061,47.816444397,-81.6194381714],[478.027160645,-223.956054688,-169.920059204,379.156555176,-10.4138631821,-12.5771570206,21.4295463562,11.666759491,20.6367988586,3.30619001389,8.67998981476,-2.99040150642,30.0964164734],[-537.602722168,223.854629517,79.9386291504,-10.4138631821,341.504699707,-32.7556724548,25.0182323456,71.7915039062,53.0046424866,25.7326774597,-1.2715177536,14.9282999039,-6.59524726868],[-362.710998535,-175.832168579,163.303070068,-12.5771570206,-32.7556724548,202.516906738,27.6389598846,9.42296504974,3.34011316299,16.5221920013,-5.73762893677,10.6123828888,-9.92257499695],[212.390869141,26.5402984619,-187.303878784,21.4295463562,25.0182323456,27.6389598846,137.406921387,45.4615058899,-3.20218133926,-1.12674045563,29.2281112671,5.51982307434,0.131029218435],[-48.0467147827,9.59700489044,-32.6772651672,11.666759491,71.7915039062,9.42296504974,45.4615058899,109.184745789,30.9043674469,10.2460889816,8.85369205475,5.6474404335,-4.36579465866],[-90.3430633545,15.8374481201,12.1120862961,20.6367988586,53.0046424866,3.34011316299,-3.20218133926,30.9043674469,98.5617370605,38.0010871887,-3.79534053802,3.64020037651,-1.68191826344],[-356.276153564,-52.3536338806,106.509178162,3.30619001389,25.7326774597,16.5221920013,-1.12674045563,10.2460889816,38.0010871887,81.2145080566,8.04960632324,-4.50669670105,-9.12759494781],[241.660064697,48.4040527344,-105.470375061,8.67998981476,-1.2715177536,-5.73762893677,29.2281112671,8.85369205475,-3.79534053802,8.04960632324,91.5741424561,27.0094833374,1.3170144558],[-179.964111328,-19.7244434357,47.816444397,-2.99040150642,14.9282999039,10.6123828888,5.51982307434,5.6474404335,3.64020037651,-4.50669670105,27.0094833374,68.9142150879,17.431432724],[182.656005859,-2.65272068977,-81.6194381714,30.0964164734,-6.59524726868,-9.92257499695,0.131029218435,-4.36579465866,-1.68191826344,-9.12759494781,1.3170144558,17.431432724,72.9913253784]],"icov":[[0.00127221737057,-0.00368728488684,0.00244236458093,-0.00292045529932,0.00356826093048,-0.00264244433492,0.00275785871781,-0.00165367638692,0.00128842401318,-0.000926705601159,0.00119010626804,-0.000739006791264,0.00054576236289],[-0.00368728488684,0.0127058960497,-0.00694533018395,0.00983550492674,-0.0117409210652,0.0089096724987,-0.00843406096101,0.00565902376547,-0.00476291030645,0.00450815586373,-0.00501727685332,0.00364372762851,-0.00195452547632],[0.00244236458093,-0.00694533018395,0.00590031500906,-0.0052944784984,0.00639613484964,-0.00589220365509,0.0069151413627,-0.0032320979517,0.00336934858933,-0.00346508389339,0.00368381594308,-0.00313445739448,0.00231418875046],[-0.00292045529932,0.00983550492674,-0.0052944784984,0.010509217158,-0.00897845346481,0.006938776467,-0.00678740302101,0.00424224231392,-0.00425649574026,0.00309517187998,-0.00380154349841,0.00294941384345,-0.00253674690612],[0.00356826093048,-0.0117409210652,0.00639613484964,-0.00897845346481,0.0148558458313,-0.00705828564242,0.00715223047882,-0.00722408480942,0.00290153268725,-0.00402823835611,0.00472879130393,-0.00370698119514,0.00179920322262],[-0.00264244433492,0.0089096724987,-0.00589220365509,0.006938776467,-0.00705828564242,0.0125832660124,-0.00871444307268,0.00367519981228,-0.00393365975469,0.00278418557718,-0.00302600371651,0.00194632972125,-0.00135781033896],[0.00275785871781,-0.00843406096101,0.0069151413627,-0.00678740302101,0.00715223047882,-0.00871444307268,0.0179925616831,-0.00781599804759,0.00578691484407,-0.00416994513944,0.00189747789409,-0.00330557185225,0.00265220063739],[-0.00165367638692,0.00565902376547,-0.0032320979517,0.00424224231392,-0.00722408480942,0.00367519981228,-0.00781599804759,0.0156216872856,-0.00556994834915,0.00283894198947,-0.00260283378884,0.0016605486162,-0.000347134424374],[0.00128842401318,-0.00476291030645,0.00336934858933,-0.00425649574026,0.00290153268725,-0.00393365975469,0.00578691484407,-0.00556994834915,0.0171198546886,-0.00952883157879,0.00468931160867,-0.00433704908937,0.00166333897505],[-0.000926705601159,0.00450815586373,-0.00346508389339,0.00309517187998,-0.00402823835611,0.00278418557718,-0.00416994513944,0.00283894198947,-0.00952883157879,0.0212741252035,-0.00739915715531,0.0071560703218,-0.00161095533986],[0.00119010626804,-0.00501727685332,0.00368381594308,-0.00380154349841,0.00472879130393,-0.00302600371651,0.00189747789409,-0.00260283378884,0.00468931160867,-0.00739915715531,0.0184280481189,-0.0104430746287,0.00372732430696],[-0.000739006791264,0.00364372762851,-0.00313445739448,0.00294941384345,-0.00370698119514,0.00194632972125,-0.00330557185225,0.0016605486162,-0.00433704908937,0.0071560703218,-0.0104430746287,0.0231845099479,-0.0072579192929],[0.00054576236289,-0.00195452547632,0.00231418875046,-0.00253674690612,0.00179920322262,-0.00135781033896,0.00265220063739,-0.000347134424374,0.00166333897505,-0.00161095533986,0.00372732430696,-0.0072579192929,0.0173525940627]],"mean":[-105.203552246,150.579162598,-107.787185669,14.6479482651,-39.1431465149,-10.758398056,-36.8921394348,-0.773790299892,-21.6987419128,-8.15404319763,-15.5502815247,-7.3785943985,-13.8381929398]},"hfc":{"dmean":2.25554323196,"dmean2":3.32983851433,"dvar":15.9333600998,"dvar2":34.4432868958,"max":92.2827529907,"mean":10.8054647446,"median":4.39635467529,"min":1.24117603881e-16,"var":177.168182373},"melbands":{"dmean":[0.0000417980372731,0.000215119551285,0.000307434500428,0.000370676338207,0.000256632600212,0.000173117688973,0.000240853754804,0.000106629908259,0.000120372438687,0.0000499908310303,0.0000698306466802,0.0000697765208315,0.0000272260222118,0.000031432020478,0.0000330349612341,0.0000224854484259,0.0000187023088074,0.00000720336083759,0.00000918429486774,0.00000708975039743,0.00000702300849298,0.00000617845716988,0.00000613598012933,0.00000486902308694,0.00000187371188076,0.00000303102137877,0.0000014510605979,8.37108586893e-7,6.21200683781e-7,4.25886895528e-7,3.33506449124e-7,2.67872678705e-7,1.76362689785e-7,2.74787765875e-7,3.17606861699e-7,2.23310763658e-7,1.04081792074e-7,5.29899715218e-8,2.67395972031e-8,1.87003603713e-8],"dmean2":[0.0000595396086283,0.000318540056469,0.000470359256724,0.000580407097004,0.00039964276948,0.000253522157436,0.000349613750586,0.000160283423611,0.000188865989912,0.0000753617714508,0.000105334023829,0.000107474057586,0.0000429651627201,0.0000499749767187,0.0000500289788761,0.0000353040304617,0.0000285929909296,0.0000114607828436,0.0000146915081132,0.0000113371170301,0.0000114227159429,0.000010010789083,0.00000995665959636,0.0000080402724052,0.00000298580630442,0.00000464236654807,0.0000021413613922,0.00000130741977955,9.48851038629e-7,6.36191600734e-7,4.85514078719e-7,3.95228511252e-7,2.46280109195e-7,3.71177122815e-7,4.11145322232e-7,3.01941923908e-7,1.47737111433e-7,6.98747513184e-8,3.7624708682e-8,2.4597953896e-8],"dvar":[5.88936188706e-9,1.15355348385e-7,2.35478310628e-7,3.63968041484e-7,3.95392731889e-7,1.75958291493e-7,5.47096647097e-7,6.93587054457e-8,1.36473843781e-7,2.13174633501e-8,4.0918386901e-8,5.63783437713e-8,5.68599700657e-9,1.68704161752e-8,1.94795202191e-8,5.07205299982e-9,4.54013182605e-9,6.53423315455e-10,6.66491251078e-10,3.04373665161e-10,4.57184123892e-10,2.69476524428e-10,3.49006962219e-10,2.20555615438e-10,6.48352829757e-11,1.489243312e-10,4.31964741754e-11,2.09520404498e-11,9.18834799912e-12,6.77530080651e-12,6.0435545457e-12,3.0231589801e-12,1.07577531952e-12,5.12898924721e-12,6.91238299239e-12,3.52212898604e-12,6.57498632362e-13,1.86154246857e-13,5.0045925249e-14,2.57172873898e-14],"dvar2":[1.41084042227e-8,2.79317987406e-7,5.69095902847e-7,8.98377550129e-7,0.00000101565433397,3.82148272138e-7,0.00000118591219689,1.69450359522e-7,3.71453296566e-7,5.36280140295e-8,9.21679372823e-8,1.42745591347e-7,1.35320625816e-8,4.21201562517e-8,4.1943746254e-8,1.26534356326e-8,1.06401678579e-8,1.92812255051e-9,1.65962465992e-9,7.60143059608e-10,1.1643733755e-9,6.56276588629e-10,8.71536565139e-10,6.09548134189e-10,1.60809018879e-10,3.1912619769e-10,8.3733103784e-11,5.17938920919e-11,2.07283010201e-11,1.52456415548e-11,1.30168462814e-11,6.64475939549e-12,1.96548788529e-12,9.92288282792e-12,1.2902671119e-11,7.30710110475e-12,1.31267815628e-12,3.25119054942e-13,9.79452453929e-14,4.56744966284e-14],"max":[0.0033682952635,0.0092521449551,0.014468293637,0.0140647534281,0.0184394158423,0.0120281772688,0.0232451371849,0.00508238282055,0.00815924070776,0.00390719156712,0.00738351605833,0.00664765900001,0.00188310013618,0.00593214388937,0.00414692424238,0.00151076843031,0.00211633183062,0.00131174607668,0.000779304129537,0.000632237526588,0.000620232138317,0.000537316838745,0.000558344065212,0.000400654738769,0.000422538170824,0.000448356091511,0.00031452573603,0.000215154344914,0.0000997654642561,0.000119571981486,0.0000938662269618,0.0000754508873797,0.0000393258887925,0.000121736709843,0.000124624886666,0.0000703040932422,0.0000320719336742,0.0000189532202057,0.0000103831871456,0.00000864191770233],"mean":[0.000290882104309,0.00107218651101,0.000886145338882,0.000886597495992,0.000572774268221,0.000408376014093,0.000523558061104,0.000212099170312,0.000214785599383,0.000100065743027,0.000139904906973,0.000135301714181,0.000050396007282,0.0000566239759792,0.0000577614955546,0.0000412896370108,0.0000383216174669,0.0000130278476718,0.0000173840962816,0.0000150483056132,0.0000148254721353,0.0000130980952235,0.0000122974724945,0.00000956225449045,0.00000410599886891,0.00000635089872958,0.00000311110261464,0.00000163019217325,0.0000011766830994,6.57592750031e-7,5.09957544637e-7,4.19315199451e-7,3.11928829433e-7,4.26461866709e-7,5.05473565227e-7,3.43228549582e-7,1.64948914971e-7,8.62617213215e-8,4.57262387954e-8,3.37764838321e-8],"median":[0.000113548412628,0.000719476200175,0.000521865556948,0.0004861553316,0.000151576954522,0.000100158664281,0.00010588754958,0.0000646632033749,0.0000322841879097,0.0000163100758073,0.0000176476296474,0.0000124953712657,0.00000952321715886,0.00000356927330358,0.0000033354695006,0.00000519611558047,0.00000439931181972,0.00000262270032181,0.00000338739505423,0.00000254980795944,0.00000185196654456,0.000001985077688,0.00000162832827755,9.71940607997e-7,4.58269312276e-7,4.52826810715e-7,2.81576973293e-7,1.51264202941e-7,8.06664104402e-8,3.90505761061e-8,2.26126122271e-8,2.09276578289e-8,1.50590526715e-8,1.14470344315e-8,7.92648613412e-9,5.09235142943e-9,3.44926487372e-9,2.74168598935e-9,2.39038344674e-9,1.97744998154e-9],"min":[1.03374139512e-23,1.76002093921e-23,2.07928493824e-23,5.29060570696e-24,2.2449368142e-24,1.52736753696e-24,3.66136457409e-24,1.13651940033e-23,1.08464248725e-23,6.32171869643e-24,6.60840139901e-24,1.27488986296e-23,1.14576950442e-23,8.64554317888e-24,1.34578455585e-23,1.27956015617e-23,8.89891504644e-24,1.56153470021e-23,1.29578457952e-23,7.958595214e-24,1.28476151055e-23,1.52726090269e-23,9.9421007632e-24,1.26827155662e-23,1.91928517177e-23,8.13314173333e-24,7.43982687209e-24,6.47967823194e-24,7.924447792e-24,1.02963024651e-23,6.35689400419e-24,1.23582657533e-23,1.16875817337e-23,1.05650642201e-23,1.60723830339e-23,1.36114998856e-23,1.11300676996e-23,1.29457572907e-23,1.32858943915e-23,8.71501736994e-24],"var":[1.88483952002e-7,0.00000135198433782,0.00000144664033996,0.0000014453323729,0.00000145904448345,6.6579571012e-7,0.00000219100707,1.67141109841e-7,2.941230548e-7,6.63808350509e-8,1.62102210766e-7,1.55905738097e-7,1.64301159344e-8,4.45913777014e-8,4.86449032167e-8,1.3414657829e-8,1.81901338436e-8,1.18910803426e-9,1.44630152299e-9,9.66487778697e-10,1.61514313035e-9,8.1177986555e-10,9.13657427493e-10,5.75348546583e-10,1.89883234136e-10,5.57496326881e-10,1.37520370092e-10,2.65427454321e-11,2.13225305468e-11,1.06293914642e-11,1.07450931833e-11,5.730652064e-12,2.8270777646e-12,1.11810066414e-11,1.67889226826e-11,7.85967384925e-12,1.50332437471e-12,4.8352999122e-13,1.18469931131e-13,7.40949998839e-14]},"melbands_crest":{"dmean":2.31517767906,"dmean2":3.65234994888,"dvar":5.11467266083,"dvar2":12.5887069702,"max":35.4691009521,"mean":15.3524599075,"median":14.6467552185,"min":1.94292795658,"var":28.1949310303},"melbands_flatness_db":{"dmean":0.0172330532223,"dmean2":0.0248341187835,"dvar":0.000376362499082,"dvar2":0.000677819887642,"max":0.514386236668,"mean":0.305149316788,"median":0.308969944715,"min":0.00767543632537,"var":0.00525980489329},"melbands_kurtosis":{"dmean":5.34850549698,"dmean2":8.15100002289,"dvar":117.916000366,"dvar2":269.850219727,"max":489.808959961,"mean":15.6575899124,"median":9.99203586578,"min":-1.84032905102,"var":553.746948242},"melbands_skewness":{"dmean":0.518785238266,"dmean2":0.783603906631,"dvar":0.353434324265,"dvar2":0.789986431599,"max":17.7760505676,"mean":2.68357944489,"median":2.4828979969,"min":-0.799497961998,"var":2.43103885651},"melbands_spread":{"dmean":2.87112140656,"dmean2":4.24871397018,"dvar":41.0386161804,"dvar2":68.286781311,"max":216.966003418,"mean":12.4801292419,"median":7.94391059875,"min":0.571991026402,"var":223.949768066},"mfcc":{"cov":[[12203.9228516,200.990325928,-2790.75976562,403.033691406,-880.037475586,-144.236862183,21.6332855225,251.964920044,-235.565460205,46.6168861389,-20.2567882538,-108.751159668,-123.163566589],[200.990325928,1389.83581543,-136.652053833,-13.0078392029,190.437805176,-91.7342758179,40.1405639648,14.3661279678,12.5896673203,-24.3217430115,61.3672714233,-18.4459323883,44.5066566467],[-2790.75976562,-136.652053833,1210.2869873,-136.521560669,180.619522095,109.199897766,-39.0184135437,-87.0281982422,12.1786708832,-39.7276916504,-43.8273391724,38.9270324707,34.0665359497],[403.033691406,-13.0078392029,-136.521560669,308.497955322,57.2325172424,-19.4037494659,-8.85101127625,5.39545202255,13.9087095261,37.6976165771,-26.3815040588,5.03708696365,19.9942417145],[-880.037475586,190.437805176,180.619522095,57.2325172424,269.952606201,23.0880069733,-7.84011411667,3.07372260094,51.5265541077,30.1720161438,3.21955394745,22.8077735901,33.0724411011],[-144.236862183,-91.7342758179,109.199897766,-19.4037494659,23.0880069733,123.644836426,12.6635169983,0.0473084822297,16.1851177216,6.74292707443,7.56830739975,12.0442371368,1.43315398693],[21.6332855225,40.1405639648,-39.0184135437,-8.85101127625,-7.84011411667,12.6635169983,123.02155304,43.1412582397,-4.99531412125,2.17404007912,31.2638587952,4.08275032043,-1.67618107796],[251.964920044,14.3661279678,-87.0281982422,5.39545202255,3.07372260094,0.0473084822297,43.1412582397,114.178260803,18.6628684998,-4.09354972839,20.647397995,10.184718132,14.6068239212],[-235.565460205,12.5896673203,12.1786708832,13.9087095261,51.5265541077,16.1851177216,-4.99531412125,18.6628684998,108.260948181,32.8204460144,0.321087062359,3.5600528717,6.19359302521],[46.6168861389,-24.3217430115,-39.7276916504,37.6976165771,30.1720161438,6.74292707443,2.17404007912,-4.09354972839,32.8204460144,103.872932434,30.3150997162,-3.79750323296,-10.3225259781],[-20.2567882538,61.3672714233,-43.8273391724,-26.3815040588,3.21955394745,7.56830739975,31.2638587952,20.647397995,0.321087062359,30.3150997162,113.389900208,29.8921203613,-11.3917789459],[-108.751159668,-18.4459323883,38.9270324707,5.03708696365,22.8077735901,12.0442371368,4.08275032043,10.184718132,3.5600528717,-3.79750323296,29.8921203613,91.2634429932,26.6355571747],[-123.163566589,44.5066566467,34.0665359497,19.9942417145,33.0724411011,1.43315398693,-1.67618107796,14.6068239212,6.19359302521,-10.3225259781,-11.3917789459,26.6355571747,85.3045043945]],"icov":[[0.000280297535937,-0.000177868641913,0.000508486002218,-0.000243268397753,0.000736913876608,-0.000527922937181,0.000364912993973,-0.000557808496524,0.000560894142836,-0.000401492026867,0.000493938103318,-0.00024125771597,0.000229289464187],[-0.000177868641913,0.00114468950778,-0.0000833327285363,0.000396124552935,-0.00153374718502,0.00112454162445,-0.000602976768278,0.000778762099799,-0.000457393878605,0.00103398784995,-0.00118047581054,0.000876196892932,-0.000755960587412],[0.000508486002218,-0.0000833327285363,0.00220181327313,0.00027420456172,0.000187624551472,-0.00160752679221,0.000604260887485,-0.0000361375459761,0.00109076185618,-0.000191412895219,0.00123531895224,-0.000703994010109,0.0000888187641976],[-0.000243268397753,0.000396124552935,0.00027420456172,0.00442378688604,-0.0020189662464,0.000928471854422,-0.00040039527812,0.000590783252846,-0.0000531346886419,-0.00118213915266,0.00121317326557,-0.000421109289164,-0.000891857140232],[0.000736913876608,-0.00153374718502,0.000187624551472,-0.0020189662464,0.00822333712131,-0.00220893858932,0.0014791599242,-0.00216602324508,-0.000250564713497,-0.00270089949481,0.0015978764277,-0.00158886425197,-0.0000877844213392],[-0.000527922937181,0.00112454162445,-0.00160752679221,0.000928471854422,-0.00220893858932,0.0108655048534,-0.00214956887066,0.00140022090636,-0.0023356298916,0.000777460110839,-0.00172497401945,0.000137354567414,-0.00054231856484],[0.000364912993973,-0.000602976768278,0.000604260887485,-0.00040039527812,0.0014791599242,-0.00214956887066,0.0107621559873,-0.00457828072831,0.0019532085862,-0.0008019352681,-0.00124978832901,0.000113104055345,0.000710987136699],[-0.000557808496524,0.000778762099799,-0.0000361375459761,0.000590783252846,-0.00216602324508,0.00140022090636,-0.00457828072831,0.0131774013862,-0.00384293729439,0.00314358156174,-0.00282700592652,0.00057993363589,-0.00276501476765],[0.000560894142836,-0.000457393878605,0.00109076185618,-0.0000531346886419,-0.000250564713497,-0.0023356298916,0.0019532085862,-0.00384293729439,0.013045290485,-0.00475010089576,0.00260828365572,-0.000899924139958,0.000565463211387],[-0.000401492026867,0.00103398784995,-0.000191412895219,-0.00118213915266,-0.00270089949481,0.000777460110839,-0.0008019352681,0.00314358156174,-0.00475010089576,0.014631784521,-0.00593530572951,0.00282804877497,0.000154203196871],[0.000493938103318,-0.00118047581054,0.00123531895224,0.00121317326557,0.0015978764277,-0.00172497401945,-0.00124978832901,-0.00282700592652,0.00260828365572,-0.00593530572951,0.0148070408031,-0.00624689785764,0.0034406860359],[-0.00024125771597,0.000876196892932,-0.000703994010109,-0.000421109289164,-0.00158886425197,0.000137354567414,0.000113104055345,0.00057993363589,-0.000899924139958,0.00282804877497,-0.00624689785764,0.0151577312499,-0.00506855454296],[0.000229289464187,-0.000755960587412,0.0000888187641976,-0.000891857140232,-0.0000877844213392,-0.00054231856484,0.000710987136699,-0.00276501476765,0.000565463211387,0.000154203196871,0.0034406860359,-0.00506855454296,0.0151720093563]],"mean":[-753.102661133,188.850585938,-8.54777145386,30.9291534424,9.41634750366,-3.52117609978,-5.08339452744,0.724533200264,-4.99341058731,-1.14324772358,-4.09292984009,-3.98474502563,-1.34025084972]},"pitch_salience":{"dmean":0.0541140958667,"dmean2":0.0846431106329,"dvar":0.00267634331249,"dvar2":0.00647549098358,"max":0.905392706394,"mean":0.518198847771,"median":0.527773618698,"min":0.134428784251,"var":0.0112804630771},"silence_rate_20dB":{"dmean":0,"dmean2":0,"dvar":0,"dvar2":0,"max":1,"mean":1,"median":1,"min":1,"var":0},"silence_rate_30dB":{"dmean":0.00133618386462,"dmean2":0.00267272489145,"dvar":0.00133441691287,"dvar2":0.0034674690105,"max":1,"mean":0.99893116951,"median":1,"min":0,"var":0.00106763397343},"silence_rate_60dB":{"dmean":0.021378941834,"dmean2":0.0427635982633,"dvar":0.0209225583822,"dvar2":0.0446786768734,"max":1,"mean":0.189979955554,"median":0,"min":0,"var":0.153872102499},"spectral_centroid":{"dmean":111.956604004,"dmean2":164.709381104,"dvar":47860.1601562,"dvar2":73543.03125,"max":11891.8320312,"mean":738.154296875,"median":544.761962891,"min":196.890518188,"var":341550.875},"spectral_complexity":{"dmean":1.52031004429,"dmean2":2.4893758297,"dvar":2.69480037689,"dvar2":6.26344776154,"max":38,"mean":11.9122247696,"median":9,"min":0,"var":59.6383361816},"spectral_contrast_coeffs":{"dmean":[0.0397108308971,0.0372322127223,0.032261826098,0.0263963844627,0.0200288817286,0.013739480637],"dmean2":[0.0646810233593,0.058790512383,0.0513869598508,0.0418048128486,0.0316735804081,0.0211971066892],"dvar":[0.00115019141231,0.00105441769119,0.000753093452659,0.000497561646625,0.000303492852254,0.000182722316822],"dvar2":[0.00316468416713,0.00261757825501,0.00185118522495,0.00118311028928,0.000697879993822,0.000376733485609],"max":[-0.271960228682,-0.398103743792,-0.445919543505,-0.543658018112,-0.566248714924,-0.570604264736],"mean":[-0.586257994175,-0.690198600292,-0.73948776722,-0.757665514946,-0.770806789398,-0.793980002403],"median":[-0.590356647968,-0.698573827744,-0.747629523277,-0.761789619923,-0.771844625473,-0.7960293293],"min":[-0.954472482204,-0.960419118404,-0.981057286263,-0.962659299374,-0.957122862339,-0.961197495461],"var":[0.00760465953499,0.00672583887354,0.00537360087037,0.00384902069345,0.0037570449058,0.00338430888951]},"spectral_contrast_valleys":{"dmean":[0.32752802968,0.266719251871,0.264715105295,0.237083300948,0.197058573365,0.142899364233],"dmean2":[0.536986708641,0.429296791553,0.424713551998,0.376842945814,0.306253641844,0.206976011395],"dvar":[0.104004345834,0.0751162394881,0.0728951096535,0.070825278759,0.0640159100294,0.0581549368799],"dvar2":[0.251023292542,0.159688040614,0.144769355655,0.138499796391,0.107928931713,0.0719163790345],"max":[-5.79148483276,-4.85337018967,-5.37991046906,-6.54580831528,-5.80613279343,-7.96526575089],"mean":[-7.78331041336,-7.32372760773,-8.32783412933,-8.84634876251,-9.04318714142,-12.0837039948],"median":[-7.62104511261,-7.10862922668,-8.05987167358,-8.56910800934,-8.95888614655,-12.2174692154],"min":[-27.6458568573,-27.4142036438,-27.4305171967,-27.2293262482,-27.4279251099,-27.255531311],"var":[1.47472465038,1.78277719021,2.05376124382,2.01820158958,1.82780253887,0.789451777935]},"spectral_decrease":{"dmean":9.58883084046e-10,"dmean2":1.44896994403e-9,"dvar":1.85885619576e-18,"dvar2":4.4666553666e-18,"max":1.09017535336e-29,"mean":-4.96366370228e-9,"median":-3.3269167421e-9,"min":-3.16039390214e-8,"var":2.38238256911e-17},"spectral_energy":{"dmean":0.00377430696972,"dmean2":0.00570608023554,"dvar":0.0000289058953058,"dvar2":0.0000694342015777,"max":0.125865995884,"mean":0.0197140574455,"median":0.0130967544392,"min":1.12166789661e-20,"var":0.000378686410841},"spectral_energyband_high":{"dmean":0.0000564502443012,"dmean2":0.0000761480187066,"dvar":9.70487690211e-8,"dvar2":1.64527634183e-7,"max":0.00870181713253,"mean":0.000116979223094,"median":0.00000742709289625,"min":7.94805861977e-21,"var":2.84363807168e-7},"spectral_energyband_low":{"dmean":0.000874540768564,"dmean2":0.00126622873358,"dvar":0.00000232331308325,"dvar2":0.0000047530302254,"max":0.0634535476565,"mean":0.00439312495291,"median":0.0027857797686,"min":1.03874597603e-22,"var":0.0000259453445324},"spectral_energyband_middle_high":{"dmean":0.00101715885103,"dmean2":0.00155185256153,"dvar":0.00000524439201399,"dvar2":0.0000130089947561,"max":0.0543186925352,"mean":0.00360184814781,"median":0.000616340141278,"min":1.74281724602e-21,"var":0.0000372461145162},"spectral_energyband_middle_low":{"dmean":0.00336574483663,"dmean2":0.00514726527035,"dvar":0.0000257422143477,"dvar2":0.0000621580547886,"max":0.104552127421,"mean":0.0123710166663,"median":0.00760216685012,"min":2.21975411797e-22,"var":0.00018683905364},"spectral_entropy":{"dmean":0.142646059394,"dmean2":0.209072083235,"dvar":0.028534790501,"dvar2":0.0539704114199,"max":9.80587100983,"mean":6.69182682037,"median":6.7405333519,"min":4.72008466721,"var":0.325212538242},"spectral_flux":{"dmean":0.0123609816656,"dmean2":0.0204569939524,"dvar":0.000202848066692,"dvar2":0.000530428718776,"max":0.200442999601,"mean":0.0463467128575,"median":0.0386963412166,"min":1.05908823378e-10,"var":0.00122402014676},"spectral_kurtosis":{"dmean":3.90637493134,"dmean2":6.7364449501,"dvar":13.0078859329,"dvar2":37.5648918152,"max":63.9487075806,"mean":12.7727117538,"median":11.9501724243,"min":-1.17424941063,"var":50.6928100586},"spectral_rms":{"dmean":0.000388944201404,"dmean2":0.000576202641241,"dvar":1.84361525157e-7,"dvar2":4.13700377067e-7,"max":0.0110813397914,"mean":0.00382915697992,"median":0.0035745378118,"min":3.30803591984e-12,"var":0.00000457086434835},"spectral_rolloff":{"dmean":179.244338989,"dmean2":295.984222412,"dvar":294129.375,"dvar2":506190.03125,"max":18884.6191406,"mean":799.605651855,"median":473.73046875,"min":21.533203125,"var":1037398.9375},"spectral_skewness":{"dmean":0.349463075399,"dmean2":0.582328736782,"dvar":0.105209231377,"dvar2":0.263117045164,"max":6.50088644028,"mean":2.47837257385,"median":2.4661359787,"min":-0.0979987755418,"var":0.905591964722},"spectral_spread":{"dmean":248189.28125,"dmean2":378325.09375,"dvar":244598554624,"dvar2":316667920384,"max":39507436,"mean":2803864.25,"median":2459032.5,"min":1217945.625,"var":1877550170110},"spectral_strongpeak":{"dmean":0.330368220806,"dmean2":0.550056874752,"dvar":0.4306460917,"dvar2":1.11341381073,"max":9.79747390747,"mean":0.795343101025,"median":0.406579911709,"min":0,"var":1.07529652119},"zerocrossingrate":{"dmean":0.0045055099763,"dmean2":0.00530766882002,"dvar":0.0000735800495022,"dvar2":0.0000654264731565,"max":0.49169921875,"mean":0.0306668672711,"median":0.0234375,"min":0,"var":0.000723926874343}},"metadata":{"audio_properties":{"analysis_sample_rate":44100,"bit_rate":272002,"codec":"mp3","downmix":"mix","equal_loudness":0,"length":173.766525269,"lossless":false,"md5_encoded":"9f257f2318c03d53801158794e586c44","replay_gain":-6.24514961243,"sample_rate":44100},"tags":{"album":["20 Greatest Hits"],"albumartist":["The Turtles"],"albumartistsort":["Turtles, The"],"artist":["The Turtles"],"artistsort":["Turtles, The"],"asin":["B00000329G"],"barcode":["081227516024"],"catalognumber":["RNCD 5160"],"contentgroup":["Pop"],"date":["1984"],"discnumber":["1/1"],"file_name":"20 Lady-O.mp3","genre":["Pop; Folk Rock; Psychedelic"],"label":["Rhino"],"media":["CD"],"mood":["Groovy; Happy"],"musicbrainz album release country":["US"],"musicbrainz album status":["official"],"musicbrainz album type":["album"],"musicbrainz_albumartistid":["335b6182-0da8-4dc6-a5ec-fe13f0f87e4b"],"musicbrainz_albumid":["b6a655fa-6f78-4f62-b80e-7d18824b9fc1"],"musicbrainz_artistid":["335b6182-0da8-4dc6-a5ec-fe13f0f87e4b"],"musicbrainz_recordingid":["7e537559-2c1d-44f8-900a-c0ab82aae142"],"musicbrainz_releasegroupid":["1567f12d-856a-3250-b7d7-cb30aba31b0e"],"originaldate":["1984"],"originalyear":["1984"],"script":["Latn"],"title":["Lady-O"],"tracknumber":["20/20"]},"version":{"essentia":"2.1-beta2","essentia_build_sha":"26c37b627ab5a2028d412893e0969599b764ad4d","essentia_git_sha":"v2.1_beta2","extractor":"music 1.0"}},"rhythm":{"beats_count":351,"beats_loudness":{"dmean":0.0104851666838,"dmean2":0.0176024064422,"dvar":0.000130507600261,"dvar2":0.000363671890227,"max":0.122030124068,"mean":0.0223637036979,"median":0.0155389476568,"min":2.21026041913e-9,"var":0.000439857656602},"beats_loudness_band_ratio":{"dmean":[0.185879930854,0.17522546649,0.141960024834,0.0618793107569,0.0248651616275,0.0313941799104],"dmean2":[0.310884416103,0.305034965277,0.249516442418,0.105670437217,0.0436583794653,0