{"lowlevel":{"average_loudness":0.912891447544,"barkbands":{"dmean":[0.0000927159853745,0.00540230469778,0.00620209006593,0.00307063688524,0.00202584057115,0.000907662673853,0.000753477914259,0.00067177391611,0.000441790645709,0.000356523436494,0.000288718933007,0.000394154369133,0.000396724848542,0.000390430155676,0.000300104002235,0.000211914579268,0.00020584835147,0.000155786896357,0.000132370667416,0.000108913132863,0.0000679515651427,0.0000573857687414,0.0000387351574318,0.0000295733170788,0.0000351676426362,0.0000226252541324,0.00000697997393218],"dmean2":[0.000159696966875,0.00876721832901,0.00995399989188,0.00517974235117,0.00340986554511,0.00148853578139,0.00118508702144,0.00105875497684,0.000693942711223,0.00055489060469,0.000453956017736,0.000606180576142,0.000620996870566,0.00064820155967,0.000479418580653,0.000337096920703,0.000335184216965,0.000258426822256,0.000208257697523,0.000167143283761,0.000105617466033,0.0000875901168911,0.000056152803154,0.0000422393532062,0.0000513802042406,0.0000335858057952,0.0000104977452793],"dvar":[2.0423508218e-8,0.0000821367357275,0.000109105261799,0.0000247330262937,0.0000148004182847,0.00000226117822422,0.0000017938042447,0.00000194221206584,9.48298975345e-7,6.28313955531e-7,4.16260462544e-7,5.61123215448e-7,4.93612390073e-7,6.09242476912e-7,4.39733526036e-7,1.60226846901e-7,1.0341974388e-7,5.88512989452e-8,5.28551460377e-8,4.61226896675e-8,1.69550311568e-8,1.31074857634e-8,1.01619059834e-8,8.26188273351e-9,1.01153734278e-8,4.75233408181e-9,4.40612879515e-10],"dvar2":[6.01283218771e-8,0.000217833410716,0.000310355942929,0.0000699841548339,0.0000456573034171,0.00000586566193306,0.00000409146514357,0.00000458201066067,0.00000211790893445,0.00000126739439565,8.82594065388e-7,0.00000127319162857,0.00000112943314434,0.00000158091017965,9.8761256595e-7,3.52861604824e-7,2.48533922331e-7,1.51630018763e-7,1.16936405448e-7,1.04678427704e-7,4.09279543589e-8,3.02179365974e-8,2.12219930518e-8,1.46833194492e-8,2.13518642767e-8,1.1423287205e-8,1.0925205185e-9],"max":[0.00209296168759,0.107424303889,0.118578404188,0.0606376193464,0.0578669905663,0.0255197715014,0.0330914519727,0.0285644344985,0.0212830305099,0.0198532789946,0.0198467373848,0.0157289765775,0.0143403997645,0.0106514580548,0.0162274576724,0.0138920536265,0.00553780514747,0.0047970758751,0.00652370741591,0.00543287629262,0.00347220990807,0.00298769166693,0.00289919506758,0.00228683953173,0.00245136837475,0.000758775509894,0.000258908607066],"mean":[0.000153212124133,0.00841937586665,0.010871454142,0.00569503288716,0.00442202948034,0.00172378658317,0.00129379995633,0.0011654435657,0.000809259829111,0.000608866743278,0.000452624633908,0.000684464874212,0.000714127498213,0.000560673594009,0.000533772283234,0.000399846205255,0.000421910459409,0.000327515066601,0.000314186152536,0.000242381574935,0.000154468201799,0.000108808097139,0.0000627654080745,0.0000509183482791,0.0000588815855735,0.0000416351758759,0.0000221255359065],"median":[0.0000809546618257,0.00412943260744,0.00831913016737,0.00450444035232,0.00179181084968,0.000957673066296,0.000590348965488,0.00036712657311,0.00027388514718,0.000198018096853,0.000145836762385,0.000276222301181,0.000330038776156,0.000274878286291,0.000260941335,0.000234807870584,0.00028000966995,0.000213621940929,0.000189874364878,0.000142752105603,0.000103783881059,0.0000608361006016,0.000022532291041,0.0000140297588587,0.0000166485169757,0.00000682723702994,0.00000205521837415],"min":[5.15997398686e-20,7.84893911793e-20,5.33612532947e-20,5.50519716927e-20,1.47245115446e-19,1.66939639596e-19,1.99192445655e-19,2.35850130648e-19,4.18849081171e-19,5.54690826865e-19,7.21434618526e-19,1.22372003807e-18,1.78735036091e-18,2.44988935793e-18,3.29186616369e-18,3.64000663118e-18,2.87345360124e-18,1.52469673498e-18,3.14218369594e-18,1.13392523988e-17,7.54450839912e-18,1.7790241263e-17,2.85131208555e-17,2.11303270933e-17,2.05148170364e-17,1.01821969556e-16,1.26130392391e-16],"var":[4.10930844907e-8,0.000120743505249,0.000113435919047,0.0000305884386762,0.0000369676308765,0.00000493984953209,0.00000463089691038,0.00000464985760118,0.00000294669848699,0.00000205129958886,0.00000112028669719,0.00000145207843616,0.00000114957924779,7.63645800816e-7,9.0692969934e-7,4.0556130898e-7,2.46180121621e-7,1.4627525502e-7,2.04165019113e-7,1.24832624238e-7,3.99291444353e-8,2.94478841312e-8,2.47033149492e-8,2.44736035881e-8,2.00551166785e-8,6.74663969136e-9,1.10520459451e-9]},"barkbands_crest":{"dmean":2.49025559425,"dmean2":3.97282385826,"dvar":4.68438434601,"dvar2":12.3249406815,"max":25.725774765,"mean":10.7787532806,"median":10.3943872452,"min":2.96396446228,"var":13.3949146271},"barkbands_flatness_db":{"dmean":0.0227589365095,"dmean2":0.0335985533893,"dvar":0.000607354741078,"dvar2":0.0012455569813,"max":0.419635683298,"mean":0.153280302882,"median":0.132914572954,"min":0.0296656843275,"var":0.00487502804026},"barkbands_kurtosis":{"dmean":4.69999408722,"dmean2":7.25069665909,"dvar":114.271209717,"dvar2":285.035827637,"max":281.583312988,"mean":8.92029762268,"median":4.19489192963,"min":-1.87930738926,"var":219.121643066},"barkbands_skewness":{"dmean":0.589992344379,"dmean2":0.887834191322,"dvar":0.455446481705,"dvar2":1.0258923769,"max":14.562461853,"mean":2.39801263809,"median":2.10200381279,"min":-3.54055762291,"var":1.98421132565},"barkbands_spread":{"dmean":4.47267961502,"dmean2":6.79885482788,"dvar":32.5734024048,"dvar2":65.7726821899,"max":114.439620972,"mean":17.7758083344,"median":16.6957130432,"min":0.618761777878,"var":138.50769043},"dissonance":{"dmean":0.0134053910151,"dmean2":0.0225192122161,"dvar":0.000151216954691,"dvar2":0.000417619739892,"max":0.500000059605,"mean":0.474919229746,"median":0.478366851807,"min":0.324227899313,"var":0.000286328577204},"dynamic_complexity":3.09548830986,"erbbands":{"dmean":[0.104749321938,1.4208394289,5.63326931,9.78843784332,5.44459962845,8.33039283752,10.1125164032,7.50442361832,11.154718399,11.4510669708,12.7876939774,9.19370174408,9.98943519592,12.0510969162,11.5611038208,16.77277565,17.3707237244,19.6641750336,16.1701698303,12.2337341309,10.7082805634,10.7139644623,8.81856441498,5.60749816895,7.01514959335,4.9964389801,3.36260724068,2.38170194626,2.21838068962,1.47318899632,1.09034502506,0.709897279739,0.467282027006,0.372583627701,0.276353925467,0.123310931027,0.0374227948487,0.00665028067306,0.00105931365397,0.000100047291198],"dmean2":[0.167709097266,2.32258439064,9.13200569153,16.399597168,8.97153377533,13.9719104767,17.1310424805,12.1398925781,17.7487468719,17.9343013763,20.143661499,14.1442985535,15.4329872131,18.7272834778,17.5149784088,25.8269481659,27.1726093292,32.1117668152,25.734703064,19.4965763092,16.6198291779,17.5644168854,14.5715045929,8.8968296051,10.8517112732,7.72818756104,5.2096529007,3.72686982155,3.4195125103,2.21606421471,1.60601246357,1.02713096142,0.665293037891,0.551237285137,0.409463793039,0.184073790908,0.0559037663043,0.0101049281657,0.00158017990179,0.00015335259377],"dvar":[0.0290217362344,5.73810482025,93.481590271,274.717681885,61.3479042053,326.737426758,430.301696777,161.928451538,413.568206787,534.479553223,774.542785645,456.408569336,522.685791016,768.162719727,554.140686035,1094.40600586,899.74017334,1621.86975098,1062.01586914,625.813415527,350.594360352,297.905914307,183.838867188,82.4707565308,190.33644104,87.5045852661,45.2897262573,18.8961334229,19.3362483978,11.8184509277,8.81775856018,4.63528442383,2.25784087181,1.36611509323,0.61051517725,0.131268680096,0.0134799899533,0.000404519581934,0.0000100755114545,6.8241881479e-8],"dvar2":[0.0722654387355,15.2898054123,259.950256348,786.441955566,172.39604187,998.391601562,1285.01013184,413.552215576,965.308959961,1255.09777832,1891.99291992,992.29876709,1119.72595215,1652.9708252,1114.29492188,2531.38037109,2087.94873047,4159.01757812,2437.30957031,1434.78918457,730.781616211,722.023071289,469.664459229,192.542648315,422.506622314,203.947280884,108.272232056,43.9306335449,45.4761505127,26.9539089203,18.9502506256,8.80029010773,4.14914131165,2.70188069344,1.40472447872,0.312906205654,0.032390281558,0.000979159376584,0.0000242390160565,1.68372039866e-7],"max":[1.8777179718,27.844373703,113.205436707,196.082244873,149.172088623,299.291717529,327.931365967,286.899536133,494.918334961,457.657714844,618.413146973,516.498046875,543.856567383,730.93927002,691.840515137,805.742248535,677.232543945,568.933044434,932.937988281,844.965820312,661.723937988,338.05368042,323.375701904,382.469909668,421.328796387,220.221954346,232.46762085,93.2784729004,107.565956116,77.2035903931,89.4109344482,60.9804077148,45.7163734436,34.001865387,14.0149421692,5.73728275299,1.28989124298,0.278025090694,0.040058914572,0.00324117043056],"mean":[0.165205985308,2.28083229065,10.6820030212,19.5281085968,10.5490484238,17.8917980194,17.6470127106,13.9929513931,19.583442688,21.4617576599,22.1202087402,17.6401386261,18.3858852386,20.6511058807,22.5198802948,30.2096939087,32.3315658569,31.3824825287,29.7852096558,23.3293170929,22.9517021179,22.9621200562,19.2326965332,14.4445781708,16.3510246277,11.3158903122,7.68871212006,5.22550344467,4.17063379288,2.61352944374,1.69156134129,1.19070518017,0.777761459351,0.614831387997,0.44499322772,0.206880733371,0.0663941279054,0.0199048966169,0.00301519292407,0.000333832518663],"median":[0.0896759256721,1.25212788582,8.52660942078,16.6363334656,7.75254964828,4.96555519104,6.47362327576,8.45988082886,9.6767988205,9.18781089783,8.49914932251,6.79765701294,6.59941959381,6.54929637909,8.63131999969,12.8590288162,16.4300270081,14.6107559204,15.8524513245,13.3093662262,14.8924427032,15.9811582565,13.2270202637,9.60495567322,9.56036186218,6.87531375885,4.98472547531,3.49510526657,2.3866443634,1.2632471323,0.538101673126,0.323447227478,0.230766564608,0.186608508229,0.101443514228,0.0356181748211,0.01133590471,0.00258676894009,0.000345182197634,0.0000807443866506],"min":[2.83315584334e-18,1.61018729885e-17,5.46420656489e-17,1.37941565392e-16,2.84540654537e-16,5.32019911863e-16,9.18022143289e-16,1.52493427313e-15,2.42989019205e-15,3.82595888429e-15,5.95955906897e-15,9.27271531315e-15,1.44608073617e-14,2.24888450283e-14,3.48706727014e-14,5.3421846211e-14,7.99314770188e-14,1.14878768932e-13,1.54861705599e-13,1.88791622851e-13,1.96728985641e-13,1.60309292967e-13,9.52804661883e-14,9.03341325896e-14,2.62824538608e-13,5.35135033074e-13,5.07657772156e-13,1.45493697385e-13,4.41771863232e-13,1.24775125128e-12,6.63788360215e-13,2.55334815791e-13,4.46740328107e-13,1.35367384619e-13,2.10319703819e-13,1.25393253181e-13,2.44537598721e-13,7.80301862078e-14,2.07079972202e-14,1.95991819643e-15],"var":[0.0450352244079,8.15696334839,101.08795166,300.032196045,95.3109893799,853.814575195,848.46307373,309.827606201,975.647033691,1312.78918457,1733.57336426,1404.36303711,1597.24719238,2430.84741211,2290.6796875,2522.21484375,2044.81555176,2308.86962891,2201.52124023,1245.99523926,1087.11462402,709.120605469,479.225402832,360.143035889,624.075256348,241.054824829,107.739524841,46.1937522888,41.1946716309,26.1730709076,20.2672138214,13.4019260406,5.99932909012,2.93690848351,1.00819253922,0.182268664241,0.0186965111643,0.000903421372641,0.0000223877650569,2.08736210539e-7]},"erbbands_crest":{"dmean":2.10431647301,"dmean2":3.39605402946,"dvar":4.01981401443,"dvar2":10.3700370789,"max":27.3364295959,"mean":7.71156406403,"median":6.99758434296,"min":2.10575580597,"var":11.5212087631},"erbbands_flatness_db":{"dmean":0.0142846293747,"dmean2":0.0202453155071,"dvar":0.000276154838502,"dvar2":0.000506004842464,"max":0.338708549738,"mean":0.142654359341,"median":0.134154647589,"min":0.028411783278,"var":0.0022438375745},"erbbands_kurtosis":{"dmean":0.487005025148,"dmean2":0.788340508938,"dvar":0.791855931282,"dvar2":2.29390740395,"max":21.8090744019,"mean":-0.434338837862,"median":-0.674170732498,"min":-1.79386651516,"var":1.32967412472},"erbbands_skewness":{"dmean":0.282304763794,"dmean2":0.441570222378,"dvar":0.0805177539587,"dvar2":0.193920880556,"max":4.29627799988,"mean":0.0939166992903,"median":0.0744426846504,"min":-2.52041649818,"var":0.313236236572},"erbbands_spread":{"dmean":7.3096704483,"dmean2":10.9396495819,"dvar":64.4384994507,"dvar2":132.230575562,"max":155.900543213,"mean":44.872379303,"median":42.5311813354,"min":10.0695371628,"var":255.048675537},"gfcc":{"cov":[[15998.9824219,-1917.08813477,-90.8121032715,34.5918502808,-306.618438721,-503.052581787,-214.5519104,372.445373535,-426.943511963,529.57232666,-464.052520752,396.483825684,-61.7404136658],[-1917.08813477,1925.90246582,-494.571899414,-71.1578292847,276.71673584,62.9740409851,123.649429321,-290.025848389,179.247436523,-291.695404053,201.907821655,-256.589416504,2.76922178268],[-90.8121032715,-494.571899414,622.067016602,31.4384727478,50.5751190186,9.02143478394,-41.4317207336,76.5004348755,-34.0702819824,71.3752059937,-62.8346328735,89.3657531738,-8.27689361572],[34.5918502808,-71.1578292847,31.4384727478,220.717834473,-52.5271835327,87.4177856445,-19.9749927521,3.56652450562,17.2636470795,-13.0034341812,17.8985462189,-31.3163127899,9.58151435852],[-306.618438721,276.71673584,50.5751190186,-52.5271835327,244.704483032,-58.698223114,57.2403717041,-50.4647636414,16.0182971954,-20.2192707062,12.2440099716,-10.4523248672,1.20812880993],[-503.052581787,62.9740409851,9.02143478394,87.4177856445,-58.698223114,269.094726562,-39.6733016968,-14.7511844635,16.9970607758,-68.412689209,44.0876121521,-73.2842941284,-30.3607673645],[-214.5519104,123.649429321,-41.4317207336,-19.9749927521,57.2403717041,-39.6733016968,124.430374146,7.95185232162,19.3080043793,-0.548875153065,6.90421772003,1.07052493095,12.1483535767],[372.445373535,-290.025848389,76.5004348755,3.56652450562,-50.4647636414,-14.7511844635,7.95185232162,110.865440369,-4.73647069931,59.7959060669,-33.4172134399,40.6824607849,3.93506455421],[-426.943511963,179.247436523,-34.0702819824,17.2636470795,16.0182971954,16.9970607758,19.3080043793,-4.73647069931,87.2062301636,-17.701499939,33.0367240906,-31.5792427063,3.76735234261],[529.57232666,-291.695404053,71.3752059937,-13.0034341812,-20.2192707062,-68.412689209,-0.548875153065,59.7959060669,-17.701499939,115.801887512,-22.6872310638,64.210723877,6.57360935211],[-464.052520752,201.907821655,-62.8346328735,17.8985462189,12.2440099716,44.0876121521,6.90421772003,-33.4172134399,33.0367240906,-22.6872310638,99.0542526245,-8.72948741913,6.4388256073],[396.483825684,-256.589416504,89.3657531738,-31.3163127899,-10.4523248672,-73.2842941284,1.07052493095,40.6824607849,-31.5792427063,64.210723877,-8.72948741913,113.733581543,27.5684261322],[-61.7404136658,2.76922178268,-8.27689361572,9.58151435852,1.20812880993,-30.3607673645,12.1483535767,3.93506455421,3.76735234261,6.57360935211,6.4388256073,27.5684261322,54.8920402527]],"icov":[[0.000111753652163,-0.000125113627291,0.000179744500201,-0.000257990730461,-0.0000297650894936,0.0000321095249092,0.000254384096479,-0.00029521403485,0.000377704651328,-0.000384777405998,0.000527794356458,-0.000496035907418,0.000394793169107],[-0.000125113627291,0.00281338742934,0.000376695621526,0.00140739546623,-0.00127011188306,0.000709393061697,-0.00129573803861,0.0028837104328,-0.0026010198053,0.00320791103877,-0.00338319363073,0.00381391565315,-0.00169542524964],[0.000179744500201,0.000376695621526,0.00303399027325,-0.000979076023214,-0.00200060429052,-0.000855935795698,0.00131423829589,-0.00102349789813,-0.000281497690594,-0.000273122132057,0.00204609730281,-0.0029298835434,0.00144816853572],[-0.000257990730461,0.00140739546623,-0.000979076023214,0.00708728423342,0.00078806525562,-0.00114228017628,-0.000984349637292,0.00193999707699,-0.0020773478318,0.00105920736678,-0.00316579220816,0.00512020895258,-0.00450071971864],[-0.0000297650894936,-0.00127011188306,-0.00200060429052,0.00078806525562,0.00732868444175,0.00120143475942,-0.00259551638737,0.00232790643349,0.000460513343569,-0.00105310569052,0.000167389487615,0.000298414204735,0.000427135295467],[0.0000321095249092,0.000709393061697,-0.000855935795698,-0.00114228017628,0.00120143475942,0.00744862528518,0.000723435950931,-0.00135373021476,0.000763241376262,0.00403688801453,-0.00467636715621,0.00433881906793,0.00193461193703],[0.000254384096479,-0.00129573803861,0.00131423829589,-0.000984349637292,-0.00259551638737,0.000723435950931,0.0116500044242,-0.00509864557534,0.00036086543696,-0.000950542453211,0.00175622303504,-0.00241542514414,0.0000620980936219],[-0.00029521403485,0.0028837104328,-0.00102349789813,0.00193999707699,0.00232790643349,-0.00135373021476,-0.00509864557534,0.0207426398993,-0.00653203949332,-0.00308193312958,0.00113979144953,0.00137484434526,-0.00213585142046],[0.000377704651328,-0.0026010198053,-0.000281497690594,-0.0020773478318,0.000460513343569,0.000763241376262,0.00036086543696,-0.00653203949332,0.0194157566875,-0.00326501973905,-0.00235213362612,0.00243706861511,-0.000212985934922],[-0.000384777405998,0.00320791103877,-0.000273122132057,0.00105920736678,-0.00105310569052,0.00403688801453,-0.000950542453211,-0.00308193312958,-0.00326501973905,0.0214289296418,-0.00546496734023,-0.000869566167239,0.000602216576226],[0.000527794356458,-0.00338319363073,0.00204609730281,-0.00316579220816,0.000167389487615,-0.00467636715621,0.00175622303504,0.00113979144953,-0.00235213362612,-0.00546496734023,0.0219560284168,-0.0119351986796,0.00279953610152],[-0.000496035907418,0.00381391565315,-0.0029298835434,0.00512020895258,0.000298414204735,0.00433881906793,-0.00241542514414,0.00137484434526,0.00243706861511,-0.000869566167239,-0.0119351986796,0.0283964015543,-0.0121812671423],[0.000394793169107,-0.00169542524964,0.00144816853572,-0.00450071971864,0.000427135295467,0.00193461193703,0.0000620980936219,-0.00213585142046,-0.000212985934922,0.000602216576226,0.00279953610152,-0.0121812671423,0.0266830418259]],"mean":[-4.99464178085,110.558029175,-104.315368652,33.2417488098,-31.0970993042,8.95056915283,-28.4999008179,-0.985279262066,-20.4702072144,0.78379124403,-14.0716609955,-5.35282087326,-14.8852987289]},"hfc":{"dmean":4.95787525177,"dmean2":7.3046631813,"dvar":56.9718666077,"dvar2":130.454864502,"max":104.437034607,"mean":19.5674571991,"median":16.9369926453,"min":5.85804668662e-12,"var":227.770004272},"melbands":{"dmean":[0.00123875355348,0.0024509835057,0.00147567817476,0.000411544024246,0.000374064344214,0.000164572062204,0.000165099045262,0.000129863445181,0.000100777702755,0.0000609603848716,0.0000514015300723,0.000050616232329,0.0000383747137676,0.0000428947751061,0.0000437521011918,0.0000388057378586,0.0000398918273277,0.0000272588276857,0.0000226370902965,0.0000161671596288,0.0000133389967232,0.0000121580669656,0.0000114507147373,0.00000693403717378,0.00000486301769342,0.00000591794059801,0.00000475501883557,0.00000344625527759,0.00000245021806222,0.00000187535556506,0.00000137795325372,0.0000013754226984,0.00000106421987311,7.8851149965e-7,6.86134910666e-7,5.2010170748e-7,4.3199881361e-7,3.3923186038e-7,3.26847782617e-7,3.22978564782e-7],"dmean2":[0.00199318723753,0.00394541490823,0.00247559510171,0.000681912933942,0.000632274488453,0.000266821909463,0.000261071254499,0.000202382158022,0.000159571020049,0.0000947251319303,0.0000788558536442,0.0000783747891546,0.0000599803679506,0.0000649516732665,0.0000686443163431,0.0000610481802141,0.000066060682002,0.000043862964958,0.0000365177584172,0.0000260124634224,0.0000209713180084,0.0000198056768568,0.0000191678245756,0.0000115937418741,0.00000773142164689,0.00000946257205214,0.00000723232187738,0.00000549778951608,0.00000386442570743,0.0000029667396575,0.00000218755894821,0.00000216379817175,0.00000166251709288,0.00000119034280033,0.00000103743866475,7.68957363562e-7,6.41069959784e-7,4.85241343995e-7,4.84955251068e-7,4.83699011511e-7],"dvar":[0.00000424244626629,0.0000151437234308,0.00000613947986494,4.77654737097e-7,6.0499189658e-7,7.43504955381e-8,8.96945167028e-8,7.13436989486e-8,4.85815370155e-8,2.068098226e-8,1.36626452374e-8,1.36894158231e-8,6.7055676567e-9,6.35832586582e-9,6.02372551839e-9,5.15671860768e-9,6.78752565264e-9,2.73237921178e-9,2.72795230849e-9,1.12938458585e-9,4.84255413546e-10,3.93971633095e-10,3.36325994832e-10,1.13403064717e-10,6.7188164754e-11,1.17833465207e-10,1.07507919234e-10,4.48698647681e-11,2.86854377057e-11,1.1504643592e-11,6.30069260654e-12,6.84490181549e-12,5.79674199266e-12,3.65393392626e-12,3.6809726274e-12,2.50317887078e-12,1.75143439248e-12,1.22134854313e-12,1.15490245405e-12,1.06525367954e-12],"dvar2":[0.0000110678956844,0.0000405247883464,0.0000175731347554,0.00000143514125739,0.00000185525766483,1.89182756571e-7,2.05703500455e-7,1.65990513779e-7,1.17725015514e-7,4.5097845458e-8,2.86518719861e-8,2.90427948357e-8,1.44857494888e-8,1.39111042685e-8,1.41296299105e-8,1.18479954736e-8,1.75505388e-8,6.44576569897e-9,6.34648111841e-9,2.59200216846e-9,1.03694519638e-9,9.39044952908e-10,8.65724381072e-10,2.96143970457e-10,1.58827631602e-10,2.70846317596e-10,2.42205533407e-10,1.08942820043e-10,6.99237057145e-11,2.75522087784e-11,1.4826412667e-11,1.64868240587e-11,1.37142424153e-11,8.36103235258e-12,8.42528304068e-12,5.19000944652e-12,3.3809777894e-12,2.26191504762e-12,2.27472424577e-12,2.18570972953e-12],"max":[0.0239816922694,0.0459079630673,0.0286725442857,0.0100956521928,0.0121005969122,0.00560582382604,0.00760041968897,0.00605428032577,0.00493392068893,0.00337067339569,0.00274141691625,0.00325406901538,0.00207497435622,0.00183470442425,0.00148106494453,0.00173685036134,0.00103583710734,0.00137579441071,0.0016303723678,0.000949782552198,0.000599009741563,0.00046977106831,0.000317296391586,0.000293632270768,0.000373806542484,0.000313677242957,0.000261519599007,0.000166426034411,0.000218636443606,0.000110379463877,0.0000641944352537,0.00005826593042,0.0000637816337985,0.0000531894074811,0.0000535518847755,0.0000508160192112,0.0000388742191717,0.0000394075068471,0.0000314298849844,0.0000316553087032],"mean":[0.00196000607684,0.00481581548229,0.00304339639843,0.000920233724173,0.000704004720319,0.000310476782033,0.000294295721687,0.000239358269027,0.000169382154127,0.000114036702143,0.0000923995248741,0.000083383085439,0.0000666681371513,0.0000791168567957,0.0000720510724932,0.0000695226699463,0.0000573910074309,0.0000466875681013,0.0000386976571463,0.0000280938402284,0.0000266948281933,0.0000243969152507,0.0000207970915653,0.0000143592424138,0.0000110689225039,0.0000124273865367,0.0000101799168988,0.00000692914682077,0.00000503105275129,0.00000378899176212,0.00000274402145806,0.0000024897944968,0.00000181878601779,0.00000130934120079,9.91646516013e-7,8.07494984656e-7,7.03720218098e-7,5.41225688266e-7,5.07923061832e-7,5.20165656326e-7],"median":[0.000987002393231,0.00382418534718,0.00265540159307,0.000450175139122,0.000238693377469,0.000187232959433,0.000143439450767,0.0000947400039877,0.0000633573508821,0.0000371183668904,0.0000316305013257,0.0000245924329647,0.0000228237149713,0.0000317921039823,0.0000384339800803,0.0000313165583066,0.000025501833079,0.0000253074904322,0.0000191593499039,0.0000151355397975,0.000017047397705,0.0000154782974278,0.0000131713468363,0.00000922438084672,0.00000674718739901,0.00000700913005858,0.00000543030955669,0.00000409923723055,0.00000305942285195,0.00000243682143264,0.00000170545558831,0.00000139145436151,8.83397888174e-7,5.90154513702e-7,2.95985898902e-7,2.15832130834e-7,1.75725347162e-7,1.48162911273e-7,1.55373498956e-7,1.49383893699e-7],"min":[2.62142696497e-20,2.64722837618e-20,2.7507141638e-20,2.91148705561e-20,3.10665838244e-20,3.42806748738e-20,3.81641779898e-20,4.37490171424e-20,5.08217635778e-20,6.02692195359e-20,7.25325210838e-20,8.77444824086e-20,1.07014236389e-19,1.30101151016e-19,1.56737504114e-19,1.86241214181e-19,2.15465156256e-19,2.40558701189e-19,2.55175732245e-19,2.51951227121e-19,2.25262529e-19,1.75414647809e-19,1.13314373514e-19,6.51520537671e-20,6.55707234794e-20,1.39641141343e-19,2.7042214435e-19,3.79446255144e-19,3.61204544493e-19,1.92370312327e-19,3.5131656316e-20,1.47880726199e-19,5.38599062023e-19,7.70053037908e-19,4.78163592109e-19,8.54002913267e-20,1.90795127797e-19,3.75923499711e-19,1.64330595622e-19,9.62076645237e-20],"var":[0.00000642463237455,0.0000192986899492,0.00000659481474941,0.00000134152742248,0.00000123952713693,1.46841273363e-7,2.2521867038e-7,1.78153953811e-7,1.06727455318e-7,6.76704630109e-8,4.21446806342e-8,4.34247304781e-8,2.12565769431e-8,1.98898284509e-8,1.04912940557e-8,1.27706050179e-8,8.71524097334e-9,5.22800114311e-9,4.9218886744e-9,2.2864390381e-9,1.37827527169e-9,9.04459451778e-10,6.34837626912e-10,3.05160202663e-10,2.5663227099e-10,3.62515240049e-10,2.84517215343e-10,9.98047616774e-11,5.8846670592e-11,2.53568034625e-11,1.40929715814e-11,1.39754484027e-11,1.11526699334e-11,7.75827839472e-12,7.19192500692e-12,6.30631874846e-12,4.82204814273e-12,3.19751863875e-12,2.45517191647e-12,2.1434076302e-12]},"melbands_crest":{"dmean":2.76731061935,"dmean2":4.49520921707,"dvar":6.18169164658,"dvar2":16.7771091461,"max":32.9878578186,"mean":16.2748661041,"median":16.2414264679,"min":1.87010967731,"var":22.7801074982},"melbands_flatness_db":{"dmean":0.0285617504269,"dmean2":0.0416855625808,"dvar":0.000947579159401,"dvar2":0.00190064893104,"max":0.566571414471,"mean":0.247317507863,"median":0.2267357409,"min":0.0047611691989,"var":0.00667075859383},"melbands_kurtosis":{"dmean":10.5397338867,"dmean2":16.0627861023,"dvar":305.282440186,"dvar2":677.733947754,"max":429.213806152,"mean":24.5832901001,"median":15.2077817917,"min":-1.55501711369,"var":804.518371582},"melbands_skewness":{"dmean":0.808254122734,"dmean2":1.21955096722,"dvar":0.705319344997,"dvar2":1.53698551655,"max":17.0711841583,"mean":3.85901689529,"median":3.47153711319,"min":-0.583748042583,"var":3.32556629181},"melbands_spread":{"dmean":4.56518363953,"dmean2":6.9397444725,"dvar":39.0309906006,"dvar2":75.2603607178,"max":181.703598022,"mean":14.9918050766,"median":12.9334363937,"min":0.545772016048,"var":155.693710327},"mfcc":{"cov":[[10502.6806641,-941.67388916,-372.620422363,572.627807617,-416.350494385,-251.275405884,-124.955177307,-190.131057739,146.02116394,-92.1262893677,11.0264997482,-117.588562012,196.324874878],[-941.67388916,1499.45141602,-339.77331543,-30.8754119873,139.937911987,127.012046814,53.4651107788,28.1017436981,-59.0560646057,-29.7626686096,34.1991844177,28.5865058899,-83.5775299072],[-372.620422363,-339.77331543,470.594543457,-25.3524284363,98.3878250122,30.2344436646,0.621518790722,35.9567642212,5.94228124619,16.8546524048,-1.87976717949,5.65277433395,3.00380253792],[572.627807617,-30.8754119873,-25.3524284363,239.006011963,-29.2350940704,-32.9474868774,-7.57473659515,-31.6176624298,46.6730194092,-12.1206254959,2.28879141808,-23.474603653,43.8007545471],[-416.350494385,139.937911987,98.3878250122,-29.2350940704,183.426574707,68.1753463745,19.8631801605,16.9643707275,-24.3909854889,2.57477784157,0.371454745531,11.248755455,-22.4277210236],[-251.275405884,127.012046814,30.2344436646,-32.9474868774,68.1753463745,128.17678833,34.9871368408,26.9696502686,-27.6740150452,14.8177251816,-7.01784229279,15.8998737335,-28.5283718109],[-124.955177307,53.4651107788,0.621518790722,-7.57473659515,19.8631801605,34.9871368408,79.7325439453,21.4453125,-4.31376028061,2.5086619854,3.18156719208,5.9477391243,-4.22821521759],[-190.131057739,28.1017436981,35.9567642212,-31.6176624298,16.9643707275,26.9696502686,21.4453125,70.3509140015,0.970706641674,14.7834796906,1.11634480953,4.44788408279,-14.4796457291],[146.02116394,-59.0560646057,5.94228124619,46.6730194092,-24.3909854889,-27.6740150452,-4.31376028061,0.970706641674,78.9065322876,15.8574609756,6.63594722748,-12.5682821274,10.1766719818],[-92.1262893677,-29.7626686096,16.8546524048,-12.1206254959,2.57477784157,14.8177251816,2.5086619854,14.7834796906,15.8574609756,74.1971969604,4.80787754059,5.25111961365,-9.51988697052],[11.0264997482,34.1991844177,-1.87976717949,2.28879141808,0.371454745531,-7.01784229279,3.18156719208,1.11634480953,6.63594722748,4.80787754059,56.0147972107,15.7788991928,8.85203647614],[-117.588562012,28.5865058899,5.65277433395,-23.474603653,11.248755455,15.8998737335,5.9477391243,4.44788408279,-12.5682821274,5.25111961365,15.7788991928,63.8080749512,12.1992301941],[196.324874878,-83.5775299072,3.00380253792,43.8007545471,-22.4277210236,-28.5283718109,-4.22821521759,-14.4796457291,10.1766719818,-9.51988697052,8.85203647614,12.1992301941,63.7022209167]],"icov":[[0.000130347281811,0.0000973870046437,0.000133096182253,-0.000234377424931,0.000107432446384,-0.0000885345507413,0.0000952817281359,0.0000707927392796,-0.0000177097081178,0.00012122154294,-0.000118468182336,0.000119760836242,-0.0000840058055473],[0.0000973870046437,0.00126445828937,0.00122190278489,-0.000428687722888,-0.00102104339749,-0.000650456582662,0.0000226110623771,-0.000462556781713,0.00013453279098,0.000735826208256,-0.000974471506197,-0.000288087176159,0.00112061225809],[0.000133096182253,0.00122190278489,0.00376129196957,-0.000217016073293,-0.00244100997224,-0.000619891099632,0.000637862074655,-0.00159684533719,-0.000420388474595,0.000396010000259,-0.00067204766674,-0.0000143012694025,-0.000070376052463],[-0.000234377424931,-0.000428687722888,-0.000217016073293,0.00639228662476,-0.0000769896141719,-0.000448834442068,-0.000308985501761,0.00181285035796,-0.00310464086942,0.000349127454683,0.000311283976771,0.00220230058767,-0.00397852994502],[0.000107432446384,-0.00102104339749,-0.00244100997224,-0.0000769896141719,0.00894147902727,-0.00282584293745,-0.000315034674713,0.000975535949692,0.000921877974179,0.000203903939109,-0.000101796089439,0.00003232772724,0.00047182769049],[-0.0000885345507413,-0.000650456582662,-0.000619891099632,-0.000448834442068,-0.00282584293745,0.0134653300047,-0.00392020912841,-0.00180469162297,0.0030657146126,-0.00257860985585,0.00248063635081,-0.00280279573053,0.00343921547756],[0.0000952817281359,0.0000226110623771,0.000637862074655,-0.000308985501761,-0.000315034674713,-0.00392020912841,0.0153590245172,-0.00380975427106,-0.000471098901471,0.000934003270231,-0.00114853482228,0.000256863422692,-0.00146941153798],[0.0000707927392796,-0.000462556781713,-0.00159684533719,0.00181285035796,0.000975535949692,-0.00180469162297,-0.00380975427106,0.0186198335141,-0.00197683717124,-0.00206768489443,-0.0000739207025617,-0.0000140305164678,0.00153821834829],[-0.0000177097081178,0.00013453279098,-0.000420388474595,-0.00310464086942,0.000921877974179,0.0030657146126,-0.000471098901471,-0.00197683717124,0.0174449812621,-0.00438940804452,-0.0018610964762,0.00231999345124,-0.0000260171382251],[0.00012122154294,0.000735826208256,0.000396010000259,0.000349127454683,0.000203903939109,-0.00257860985585,0.000934003270231,-0.00206768489443,-0.00438940804452,0.0162595137954,-0.00162344810087,-0.00163051660638,0.00251102237962],[-0.000118468182336,-0.000974471506197,-0.00067204766674,0.000311283976771,-0.000101796089439,0.00248063635081,-0.00114853482228,-0.0000739207025617,-0.0018610964762,-0.00162344810087,0.0209309197962,-0.00512486929074,-0.00198611081578],[0.000119760836242,-0.000288087176159,-0.0000143012694025,0.00220230058767,0.00003232772724,-0.00280279573053,0.000256863422692,-0.0000140305164678,0.00231999345124,-0.00163051660638,-0.00512486929074,0.0207705777138,-0.00737041886896],[-0.0000840058055473,0.00112061225809,-0.000070376052463,-0.00397852994502,0.00047182769049,0.00343921547756,-0.00146941153798,0.00153821834829,-0.0000260171382251,0.00251102237962,-0.00198611081578,-0.00737041886896,0.0241913944483]],"mean":[-650.448425293,143.898849487,-5.5596985817,33.043182373,14.7871208191,15.9520483017,5.27509593964,1.77353048325,-0.28868919611,-0.052745655179,2.95734333992,1.83222687244,-1.01623213291]},"pitch_salience":{"dmean":0.0751776918769,"dmean2":0.119844794273,"dvar":0.00464064348489,"dvar2":0.0123901637271,"max":0.996701359749,"mean":0.497964411974,"median":0.505596935749,"min":0.122205689549,"var":0.01747135818},"silence_rate_20dB":{"dmean":0,"dmean2":0,"dvar":0,"dvar2":0,"max":1,"mean":1,"median":1,"min":1,"var":0},"silence_rate_30dB":{"dmean":0.0167838037014,"dmean2":0.0335711278021,"dvar":0.0165021084249,"dvar2":0.0441940017045,"max":1,"mean":0.98898679018,"median":1,"min":0,"var":0.0108919246122},"silence_rate_60dB":{"dmean":0.0079723065719,"dmean2":0.0159462857991,"dvar":0.00790874939412,"dvar2":0.0169509202242,"max":1,"mean":0.0565345063806,"median":0,"min":0,"var":0.0533383563161},"spectral_centroid":{"dmean":198.894012451,"dmean2":299.799865723,"dvar":61140.6601562,"dvar2":112970.976562,"max":11275.6386719,"mean":1022.52185059,"median":1015.85125732,"min":140.388275146,"var":313663},"spectral_complexity":{"dmean":3.82649731636,"dmean2":5.59609746933,"dvar":16.4280948639,"dvar2":30.4312820435,"max":61,"mean":22.3590316772,"median":23,"min":0,"var":150.170761108},"spectral_contrast_coeffs":{"dmean":[0.0501982681453,0.0443187430501,0.0338419862092,0.0272391941398,0.0199603661895,0.0169406533241],"dmean2":[0.0834532901645,0.0736542865634,0.0556312203407,0.0448756404221,0.0324697680771,0.0259144827724],"dvar":[0.0017750672996,0.00128784996923,0.000732324202545,0.000476431654533,0.000285753019853,0.000254511280218],"dvar2":[0.00495833717287,0.00346395163797,0.00193198444322,0.00125353445765,0.000681534118485,0.000537368294317],"max":[-0.359308034182,-0.534473896027,-0.496233701706,-0.619848549366,-0.603980600834,-0.607551753521],"mean":[-0.604487001896,-0.75281137228,-0.80447191,-0.807140648365,-0.804238915443,-0.752964794636],"median":[-0.602529942989,-0.756009757519,-0.814801454544,-0.809763908386,-0.806172966957,-0.747510194778],"min":[-0.992537021637,-0.978860318661,-0.963149249554,-0.985288143158,-0.981788158417,-0.961084544659],"var":[0.00759158935398,0.00387527863495,0.00361972348765,0.00168141105678,0.00140173744876,0.0016693250509]},"spectral_contrast_valleys":{"dmean":[0.372566223145,0.349017560482,0.314791083336,0.275653064251,0.262975901365,0.364515542984],"dmean2":[0.622398495674,0.565528333187,0.502874970436,0.430248975754,0.370530992746,0.45442160964],"dvar":[0.124087169766,0.130982041359,0.121816270053,0.131341740489,0.152265951037,0.247202664614],"dvar2":[0.288635551929,0.26378968358,0.228998914361,0.2438364923,0.243476569653,0.409229159355],"max":[-4.99460697174,-4.71561765671,-5.3097743988,-5.47864723206,-5.80383396149,-7.96946334839],"mean":[-6.89507627487,-6.67350578308,-7.21943759918,-7.30541086197,-7.55119276047,-10.6296129227],"median":[-6.66792297363,-6.44716453552,-7.08729314804,-7.11284017563,-7.1064324379,-10.1985969543],"min":[-27.5325183868,-26.9275608063,-27.4373569489,-27.1754894257,-27.3140602112,-27.2901058197],"var":[1.48908245564,1.3933775425,1.24780023098,1.34096693993,1.81027519703,2.04767942429]},"spectral_decrease":{"dmean":3.11476067161e-9,"dmean2":5.02777641742e-9,"dvar":1.98122842704e-17,"dvar2":5.26354512143e-17,"max":4.55212918006e-18,"mean":-1.02114210421e-8,"median":-9.05992436628e-9,"min":-5.50790950626e-8,"var":4.06408856547e-17},"spectral_energy":{"dmean":0.0120382532477,"dmean2":0.0194166712463,"dvar":0.000294817989925,"dvar2":0.00078043906251,"max":0.21149200201,"mean":0.0403150990605,"median":0.0359681248665,"min":4.17434565308e-16,"var":0.000625064072665},"spectral_energyband_high":{"dmean":0.000252853496931,"dmean2":0.000359454046702,"dvar":2.41044347149e-7,"dvar2":5.1253385891e-7,"max":0.00804747734219,"mean":0.000611573108472,"median":0.00038007152034,"min":3.09982030262e-16,"var":7.16540398571e-7},"spectral_energyband_low":{"dmean":0.0102124372497,"dmean2":0.0163627751172,"dvar":0.000230189936701,"dvar2":0.000614603806753,"max":0.179716557264,"mean":0.0236968956888,"median":0.0199367143214,"min":1.86512464799e-19,"var":0.000334876240231},"spectral_energyband_middle_high":{"dmean":0.00158657773864,"dmean2":0.00235045957379,"dvar":0.00000677399475535,"dvar2":0.0000151525227921,"max":0.035211648792,"mean":0.0050840578042,"median":0.00351145048626,"min":2.5728534783e-17,"var":0.0000253125235758},"spectral_energyband_middle_low":{"dmean":0.00512293772772,"dmean2":0.00850972440094,"dvar":0.0000515609863214,"dvar2":0.000146872320329,"max":0.0944140926003,"mean":0.0152668897063,"median":0.0126639390364,"min":1.36722760254e-18,"var":0.000120212374895},"spectral_entropy":{"dmean":0.15403239429,"dmean2":0.224280580878,"dvar":0.0369611531496,"dvar2":0.0732529237866,"max":9.81775665283,"mean":7.50361442566,"median":7.61501932144,"min":5.55021810532,"var":0.223730877042},"spectral_flux":{"dmean":0.0257545411587,"dmean2":0.0402909442782,"dvar":0.00100310717244,"dvar2":0.00203962274827,"max":0.370916873217,"mean":0.0908392369747,"median":0.0825621336699,"min":0.00000455330382465,"var":0.00269215577282},"spectral_kurtosis":{"dmean":2.41254258156,"dmean2":3.86826872826,"dvar":18.4785442352,"dvar2":44.8923110962,"max":98.9454345703,"mean":6.67934465408,"median":5.37854766846,"min":-1.15831947327,"var":33.9419250488},"spectral_rms":{"dmean":0.00086881237803,"dmean2":0.00136510923039,"dvar":0.00000112076781988,"dvar2":0.00000287679245048,"max":0.0143643189222,"mean":0.00590287102386,"median":0.00592375360429,"min":6.38163966116e-10,"var":0.00000448791524832},"spectral_rolloff":{"dmean":328.046478271,"dmean2":547.818054199,"dvar":434132.34375,"dvar2":969770.8125,"max":20435.0097656,"mean":870.730529785,"median":538.330078125,"min":64.599609375,"var":1706173.625},"spectral_skewness":{"dmean":0.249103605747,"dmean2":0.389547884464,"dvar":0.110754042864,"dvar2":0.256639957428,"max":7.59585094452,"mean":1.75815594196,"median":1.6610199213,"min":-0.0684256330132,"var":0.314724326134},"spectral_spread":{"dmean":482440.75,"dmean2":660444.875,"dvar":560310386688,"dvar2":909563723776,"max":39776652,"mean":4055505.5,"median":3943529.5,"min":843357.0625,"var":2460296937470},"spectral_strongpeak":{"dmean":0.281215041876,"dmean2":0.494473040104,"dvar":0.201286792755,"dvar2":0.553968012333,"max":9.27042961121,"mean":0.531823396683,"median":0.431656897068,"min":0,"var":0.230733841658},"zerocrossingrate":{"dmean":0.00761781260371,"dmean2":0.00893940962851,"dvar":0.000100008437585,"dvar2":0.000109763772343,"max":0.57568359375,"mean":0.0423914566636,"median":0.0380859375,"min":0.001953125,"var":0.00122749060392}},"metadata":{"audio_properties":{"analysis_sample_rate":44100,"bit_rate":0,"codec":"flac","downmix":"mix","equal_loudness":0,"length":221.333328247,"lossless":true,"md5_encoded":"304b5b6edc0ca6ac4dfa9cac36d31a22","replay_gain":-14.3695678711},"tags":{"acoustid_id":["0d053bd0-1437-4208-9b60-635a3f4b725c"],"album":["With Teeth"],"albumartist":["Nine Inch Nails"],"artist":["Nine Inch Nails"],"barcode":["0602498814390"],"date":["2005-04-29"],"discnumber":["1"],"disctotal":["1"],"encoder":["Max 0.8b"],"encoding":["FLAC settings: exhaustiveModelSearch:0 midSideStereo:1 looseMidSideStereo:0 QLPCoeffPrecision:0, ,enableQLPCoeffPrecisionSearch:0, minResidualPartitionOrder:0, maxResidualPartitionOrder:5, maxLPCOrder:8, apodization:tukey(0.5)"],"file_name":"05. Love Is Not Enough.flac","grouping":["English"],"isrc":["USIR10500487"],"musicbrainz_albumartistid":["b7ffd2af-418f-4be2-bdd1-22f8b48613da"],"musicbrainz_albumid":["59740bac-77f4-3732-8816-b1b7d89c9bd8"],"musicbrainz_artistid":["b7ffd2af-418f-4be2-bdd1-22f8b48613da"],"musicbrainz_recordingid":["7e847735-ec7b-4c11-adac-1f86197899b4"],"musicbrainz_releasegroupid":["10224fb3-a861-3247-9eab-81b7b0fbb0d4"],"musicbrainz_workid":["609f2718-d224-3267-9064-34cb10d8340a"],"musicip_puid":["4f2bb081-c2f1-274d-809e-beed7fc56afd"],"title":["Love Is Not Enough"],"totaldiscs":["1"],"totaltracks":["14"],"tracknumber":["5"],"tracktotal":["14"]},"version":{"essentia":"2.1-beta1","essentia_build_sha":"dbf9221a02c8614ba002a04270c5f9c8cf066e4e","essentia_git_sha":"v2.1_beta1-6-g5578087","extractor":"music 1.0"}},"rhythm":{"beats_count":453,"beats_loudness":{"dmean":0.0204603057355,"dmean2":0.0349472612143,"dvar":0.000330560171278,"dvar2":0.000926092499867,"max":0.138885185122,"mean":0.0466358065605,"median":0.0437206551433,"min":2.44629622115e-10,"var":0.000518882356118},"beats_loudness_band_ratio":{"dmean":[0.182152315974,0.0818855166435,0.08296