{"lowlevel":{"average_loudness":0.934050798416,"barkbands":{"dmean":[0.0000285868027277,0.00169957359321,0.00306496233679,0.00328428344801,0.00261621479876,0.000879994768184,0.000681887788232,0.000694941962138,0.000667810381856,0.000617790792603,0.000395303504774,0.000441730982857,0.000477318099001,0.000518618442584,0.000557411636692,0.00045371952001,0.000373428425519,0.00021185791411,0.000204180803848,0.000180132337846,0.000124807833345,0.00009495211998,0.0000567832794331,0.0000622054285486,0.00004425262523,0.0000495778840559,0.000049464910262],"dmean2":[0.0000457609166915,0.00294401100837,0.00531821977347,0.00554075837135,0.00444211810827,0.00143164244946,0.00113454868551,0.00113962695468,0.00109225395136,0.00101640971843,0.000637650548015,0.000707874307409,0.00078123138519,0.0008485596627,0.000909877358936,0.000738141359761,0.000613461248577,0.000336805882398,0.000319993705489,0.000291848409688,0.000200616472284,0.000147943675984,0.0000870162475621,0.000090401932539,0.0000648739805911,0.0000741421245039,0.0000752595515223],"dvar":[2.10091144481e-9,0.0000105754843389,0.0000290320786007,0.0000232038910326,0.0000281107004412,0.00000216014973375,0.00000156528335538,0.0000020582151592,0.00000168911083165,0.0000018100026864,6.08037566963e-7,5.17702801517e-7,9.38601885991e-7,9.89266141005e-7,0.000001175057605,5.92190644966e-7,3.53107736828e-7,8.93378029332e-8,8.65302709485e-8,7.37575334142e-8,6.13535036109e-8,4.22131698485e-8,1.13511395838e-8,1.8029220783e-8,5.42608669107e-9,8.46322301129e-9,7.81683251461e-9],"dvar2":[5.18026155305e-9,0.0000294285837299,0.0000809122793726,0.0000677099524182,0.0000764117430663,0.00000551874200028,0.00000416061766373,0.00000534871969649,0.00000461818945041,0.00000501334307046,0.00000143098714034,0.00000128922772547,0.00000251561095865,0.00000262191747424,0.00000310922905555,0.00000153372036493,9.43502641348e-7,2.2289313506e-7,1.96571320998e-7,1.8542449709e-7,1.47658255401e-7,9.22620628785e-8,2.55962913087e-8,3.8486813736e-8,1.24564794035e-8,1.96384455364e-8,1.81054300441e-8],"max":[0.0006612384459,0.0352954231203,0.0650054439902,0.0648276805878,0.0670994818211,0.0301381498575,0.0338316299021,0.0396410115063,0.0372027941048,0.0323709435761,0.0292589813471,0.0124997235835,0.0193024240434,0.0169874299318,0.0207771416754,0.0154345016927,0.014299383387,0.00573834776878,0.00482410565019,0.00614798348397,0.0066623869352,0.00570798898116,0.00405645277351,0.00396885117516,0.00137364282273,0.00143824459519,0.0012456565164],"mean":[0.000041061630327,0.00231672124937,0.00404991628602,0.00566107127815,0.00373376952484,0.00148804113269,0.000995346694253,0.0010565223638,0.00110823335126,0.00100024056155,0.000635302625597,0.000780162750743,0.000808379205409,0.000880213221535,0.00101202074438,0.00089218467474,0.00075416371692,0.000458660826553,0.000465430493932,0.000377246673452,0.000256793689914,0.000218172994209,0.000129679247038,0.000144595818711,0.0000924863707041,0.0000678608193994,0.0000558779393032],"median":[0.0000144445311889,0.000986563856713,0.00220809038728,0.0035866741091,0.0023459685035,0.000877339916769,0.000554320518859,0.000506209849846,0.000605191977229,0.000434399058577,0.000347491819412,0.000461768708192,0.000419169082306,0.000418023439124,0.00048815656919,0.000534353661351,0.000499774003401,0.000337948382366,0.000327806075802,0.000232890699408,0.000122311845189,0.0000932636539801,0.000066085223807,0.0000586476962781,0.000042858235247,0.0000246349372901,0.0000171135889104],"min":[1.07416280731e-11,6.19688024853e-12,8.0775485042e-13,4.43548897697e-13,3.24509386376e-12,4.12377727452e-12,1.56508378306e-13,1.21823964761e-13,1.74510444073e-13,6.10521222878e-14,1.71533658588e-13,1.24763291061e-13,2.50768806762e-13,2.56077277438e-13,4.59171546272e-13,5.78156229489e-13,6.58433756736e-13,3.57017339954e-13,4.68563935482e-13,8.32636856598e-13,6.87135515588e-13,1.89252064541e-12,1.31966518876e-12,1.90874768248e-12,2.86607001153e-12,4.34094253599e-12,6.62706998653e-12],"var":[4.02787536657e-9,0.0000119530650409,0.0000294716282951,0.0000414176938648,0.0000248726846621,0.00000335493064085,0.00000197467625185,0.00000349388255927,0.00000294136521006,0.0000034799563764,0.00000134579124733,0.00000105456740584,0.00000168397900779,0.00000184156567684,0.00000256018643086,0.00000145869694279,8.24286473744e-7,2.29864312473e-7,2.59006952774e-7,1.90112203313e-7,1.86583918094e-7,1.58481341828e-7,4.11202876194e-8,7.5784789999e-8,1.76066272672e-8,1.18002496663e-8,9.29168209041e-9]},"barkbands_crest":{"dmean":2.26369595528,"dmean2":3.76920580864,"dvar":4.55245018005,"dvar2":12.7562103271,"max":24.5703582764,"mean":8.42120933533,"median":7.69177103043,"min":2.21889853477,"var":13.1007375717},"barkbands_flatness_db":{"dmean":0.0198194812983,"dmean2":0.0305001419038,"dvar":0.000399391254177,"dvar2":0.000925242027733,"max":0.496348500252,"mean":0.111441865563,"median":0.0934703052044,"min":0.0165678951889,"var":0.0047765658237},"barkbands_kurtosis":{"dmean":2.86948490143,"dmean2":4.59174585342,"dvar":45.167552948,"dvar2":112.864898682,"max":186.271591187,"mean":4.28975105286,"median":0.56393122673,"min":-1.86447095871,"var":140.026489258},"barkbands_skewness":{"dmean":0.505988240242,"dmean2":0.801248192787,"dvar":0.296555876732,"dvar2":0.735435068607,"max":11.5086631775,"mean":1.44912660122,"median":1.15685009956,"min":-1.29275941849,"var":1.72983276844},"barkbands_spread":{"dmean":5.47457742691,"dmean2":8.48366165161,"dvar":35.6799087524,"dvar2":80.4320297241,"max":115.269844055,"mean":25.9033260345,"median":25.8725318909,"min":0.504258990288,"var":189.565155029},"dissonance":{"dmean":0.0127266384661,"dmean2":0.0214560572058,"dvar":0.00015923268802,"dvar2":0.000432975502918,"max":0.500000119209,"mean":0.472744166851,"median":0.481451779604,"min":0.230011940002,"var":0.000996469520032},"dynamic_complexity":2.87221598625,"erbbands":{"dmean":[0.0376669801772,0.45460242033,2.72853755951,7.89246940613,10.3812637329,7.9496216774,7.94350528717,7.13469457626,8.81958389282,10.5916557312,15.3610124588,15.5743179321,18.5608730316,14.5091991425,17.3557224274,16.3285694122,20.2425479889,23.9037494659,30.1777210236,21.7633800507,23.4556179047,19.3101997375,11.3427429199,10.6540613174,9.76140022278,8.25588512421,6.04417037964,4.33476305008,3.33072471619,2.49786162376,1.57755863667,1.26786708832,1.08613574505,0.547897517681,0.297449618578,0.172136217356,0.0961417630315,0.0388242937624,0.00845570676029,0.000542821129784],"dmean2":[0.0616278722882,0.79534047842,4.75575017929,13.3501033783,17.695476532,13.7560424805,13.2402162552,11.6520576477,14.6656866074,17.5034713745,25.0247840881,25.6977443695,30.5838375092,23.4700927734,27.694229126,26.1137504578,32.9715805054,39.1067771912,49.2265853882,35.0033950806,38.0544395447,31.5588321686,17.9294548035,16.6579151154,15.3303089142,13.3121442795,9.87639331818,6.81878948212,5.23829078674,3.91156673431,2.40604352951,1.88579070568,1.60408961773,0.812057852745,0.439730346203,0.254857212305,0.145340189338,0.0592995323241,0.012942305766,0.000828654447105],"dvar":[0.00387400621548,0.868792355061,27.3768901825,130.045837402,342.479431152,285.640075684,174.090789795,168.864959717,252.935897827,471.180999756,1091.26074219,1066.61547852,1735.01135254,984.871337891,1044.4161377,701.18951416,1650.38720703,1919.89904785,3404.59960938,1496.9107666,1492.1204834,1055.01831055,283.505340576,218.404022217,211.040924072,155.512191772,124.362556458,92.0947418213,61.3421287537,24.2163848877,9.53773880005,7.17099380493,5.75707578659,0.962903439999,0.265350371599,0.100021846592,0.0329978950322,0.00535282958299,0.000230216159252,9.24376763578e-7],"dvar2":[0.0104892328382,2.40735840797,77.1072769165,367.639465332,929.942810059,804.354553223,459.414154053,434.558074951,690.712097168,1103.1973877,2834.32983398,3012.39233398,4920.72021484,2514.97729492,2362.171875,1765.57421875,4438.69238281,5013.97314453,9169.32910156,3697.2746582,3818.76928711,2831.94677734,702.889831543,525.907775879,489.828033447,386.475158691,323.547637939,203.976989746,140.340637207,53.7896957397,21.9258747101,15.3071842194,12.8204507828,2.18723011017,0.618860065937,0.229980096221,0.0767856165767,0.0126718208194,0.000537899381015,0.00000212421764445],"max":[0.826695382595,9.84001255035,64.8106002808,128.409011841,222.655929565,229.044387817,213.980895996,289.581939697,252.886734009,1403.45568848,761.275512695,1107.49414062,1264.88903809,1084.01184082,1496.61547852,548.228942871,948.580322266,953.524169922,1106.53393555,713.445129395,905.561767578,895.029968262,320.36529541,300.120422363,312.126068115,313.241149902,256.061279297,369.583099365,261.602081299,156.368942261,119.856643677,68.897102356,72.6204376221,26.0748462677,8.1540222168,5.05325031281,3.282787323,0.881933271885,0.212352454662,0.0177603922784],"mean":[0.0566660314798,0.606318175793,3.74445772171,13.591676712,15.9913005829,10.7238874435,12.2907752991,11.8841533661,13.5175380707,16.6113891602,24.4218139648,26.1176128387,30.9979476929,26.104221344,31.5342750549,31.2033538818,37.0815811157,44.1130027771,56.559047699,45.5535125732,50.1374168396,41.3644828796,26.0550804138,24.8611679077,22.4568443298,17.8441448212,11.937743187,9.26962661743,7.62041664124,5.7298617363,3.58686041832,2.918841362,2.38871049881,1.20876073837,0.556167662144,0.273200422525,0.124633483589,0.0445329807699,0.00953539833426,0.000640222278889],"median":[0.020162994042,0.269189536572,2.08882212639,8.654920578,10.2274093628,6.36082172394,7.03380203247,6.52959728241,7.66676425934,9.91970443726,11.8025627136,15.1424999237,15.2882404327,13.1171112061,18.9176521301,20.1430931091,21.5855026245,22.453622818,28.9948387146,25.5647678375,31.9280014038,27.6685256958,19.1799278259,18.4190807343,15.5794839859,11.0722608566,5.83306980133,4.32492876053,3.40740466118,2.56190681458,1.8132737875,1.27257585526,0.919988036156,0.554712176323,0.247969925404,0.110594026744,0.041495192796,0.0132452696562,0.00285301217809,0.000225852883887],"min":[3.55520640705e-10,8.07575062378e-10,1.01378039297e-9,1.19486420758e-9,6.81965062199e-9,8.37970759449e-9,2.63100812248e-8,2.73582987376e-8,4.1456118538e-9,2.01587635473e-9,4.7069632636e-9,4.30640012539e-9,2.94278335033e-9,2.7351092502e-9,6.72704469906e-9,4.34144409311e-9,1.14416867092e-8,1.15700986569e-8,1.90705353731e-8,2.5261943648e-8,3.41207702093e-8,3.47717161731e-8,2.13426805118e-8,2.25307594803e-8,3.94535000225e-8,3.11664010155e-8,3.59876501932e-8,4.07661815416e-8,5.58765478331e-8,4.18120826851e-8,4.14069347698e-8,3.81726330545e-8,2.90193202801e-8,3.19379189762e-8,2.00661016692e-8,1.15435803139e-8,8.37821279021e-9,4.22983381654e-9,8.3674905893e-10,1.01881836301e-10],"var":[0.00637996057048,0.887848854065,26.217004776,218.458847046,364.418823242,233.753219604,242.330032349,264.628204346,331.765777588,693.502197266,1967.57739258,1732.27746582,2774.1628418,2478.02832031,2562.73266602,1441.46472168,3033.49951172,3910.93701172,6827.61669922,4023.05444336,4012.90625,2470.46704102,756.328552246,654.729614258,618.385498047,425.240234375,292.850311279,333.407073975,208.728942871,89.7977981567,33.4570503235,28.9998207092,21.6420230865,3.56147241592,0.616491436958,0.171471938491,0.0432343780994,0.00615427922457,0.00027018864057,0.00000110482301352]},"erbbands_crest":{"dmean":2.04822993279,"dmean2":3.37878346443,"dvar":4.03844213486,"dvar2":10.5857505798,"max":25.211271286,"mean":7.35047483444,"median":6.3429980278,"min":2.33563065529,"var":13.460855484},"erbbands_flatness_db":{"dmean":0.0175633709878,"dmean2":0.0247652437538,"dvar":0.000299227569485,"dvar2":0.000591159099713,"max":0.379454880953,"mean":0.13531178236,"median":0.126135960221,"min":0.0342984423041,"var":0.00238963868469},"erbbands_kurtosis":{"dmean":0.699809014797,"dmean2":1.11463856697,"dvar":0.922742605209,"dvar2":2.34882926941,"max":51.9990692139,"mean":0.504533708096,"median":-0.15651679039,"min":-1.74410617352,"var":11.1379623413},"erbbands_skewness":{"dmean":0.287279576063,"dmean2":0.447595238686,"dvar":0.0725835636258,"dvar2":0.173375472426,"max":5.8803486824,"mean":0.0470845364034,"median":-0.046957321465,"min":-3.11920666695,"var":0.630829274654},"erbbands_spread":{"dmean":7.60036611557,"dmean2":11.9065198898,"dvar":63.3286514282,"dvar2":146.10546875,"max":147.831069946,"mean":38.6436576843,"median":36.6029052734,"min":2.86536550522,"var":268.895233154},"gfcc":{"cov":[[16291.4482422,-2373.49389648,-2150.63354492,-176.961181641,-407.941009521,309.675811768,-232.133712769,294.963989258,-152.182006836,16.2740116119,-229.309387207,-11.7819509506,-251.507766724],[-2373.49389648,2063.32226562,-79.5878753662,186.966278076,196.284713745,-126.7605896,184.437072754,-46.3341255188,122.796783447,-26.0652580261,153.306838989,-49.2181854248,156.529067993],[-2150.63354492,-79.5878753662,1087.98937988,-84.0271759033,79.7152252197,-20.1492557526,6.27273845673,-78.263343811,-14.6911716461,21.7760162354,-11.5946884155,32.5198783875,-33.6891593933],[-176.961181641,186.966278076,-84.0271759033,342.124694824,19.8856620789,62.8040962219,53.8443145752,49.4943084717,59.427696228,10.7882299423,33.516242981,0.231594890356,54.9395713806],[-407.941009521,196.284713745,79.7152252197,19.8856620789,241.754455566,-10.8629722595,46.1993675232,17.914888382,19.0269985199,0.236521810293,14.415397644,2.01645994186,-1.50792717934],[309.675811768,-126.7605896,-20.1492557526,62.8040962219,-10.8629722595,140.851089478,34.9983291626,34.8638153076,9.76758384705,12.4166355133,-2.91071891785,-1.60024273396,1.60150313377],[-232.133712769,184.437072754,6.27273845673,53.8443145752,46.1993675232,34.9983291626,128.318283081,41.8281784058,28.8624076843,9.36581325531,19.2150344849,3.82696270943,17.6428318024],[294.963989258,-46.3341255188,-78.263343811,49.4943084717,17.914888382,34.8638153076,41.8281784058,110.47077179,47.8314933777,12.4191160202,2.74061465263,8.6302022934,5.22849369049],[-152.182006836,122.796783447,-14.6911716461,59.427696228,19.0269985199,9.76758384705,28.8624076843,47.8314933777,91.3276062012,25.1715602875,14.5771493912,-0.33934238553,23.0249233246],[16.2740116119,-26.0652580261,21.7760162354,10.7882299423,0.236521810293,12.4166355133,9.36581325531,12.4191160202,25.1715602875,59.3487014771,22.8558654785,10.1279296875,0.242970511317],[-229.309387207,153.306838989,-11.5946884155,33.516242981,14.415397644,-2.91071891785,19.2150344849,2.74061465263,14.5771493912,22.8558654785,70.354637146,24.3080978394,23.5539588928],[-11.7819509506,-49.2181854248,32.5198783875,0.231594890356,2.01645994186,-1.60024273396,3.82696270943,8.6302022934,-0.33934238553,10.1279296875,24.3080978394,60.0207595825,20.9650154114],[-251.507766724,156.529067993,-33.6891593933,54.9395713806,-1.50792717934,1.60150313377,17.6428318024,5.22849369049,23.0249233246,0.242970511317,23.5539588928,20.9650154114,71.2664642334]],"icov":[[0.000123451798572,0.0000627002882538,0.000258669897448,0.0000356297641702,0.0000334352444042,-0.000170979779796,0.000100801487861,-0.000164332683198,0.000125484119053,-0.000165708712302,0.000257790758042,-0.000244532420766,0.000331182673108],[0.0000627002882538,0.00132533174474,0.000178709698957,-0.0000415272479586,-0.00055198156042,0.00109809450805,-0.00154484261293,0.00123466283549,-0.00131233257707,0.00139120628592,-0.00250702956691,0.00236065243371,-0.00176428782288],[0.000258669897448,0.000178709698957,0.00166338146664,0.000174798944499,-0.000339991878718,-0.000389564433135,-0.00022633439221,0.00101043633185,-0.000327660643961,-0.000752966443542,0.00114460545592,-0.00165180431213,0.0013714376837],[0.0000356297641702,-0.0000415272479586,0.000174798944499,0.00414380151778,-0.000145033161971,-0.0016831579851,-0.00017539174587,-0.00066585408058,-0.00130900845397,0.000520945526659,-0.00123143231031,0.00112580426503,-0.00227091251872],[0.0000334352444042,-0.00055198156042,-0.000339991878718,-0.000145033161971,0.0050332294777,0.000278132094536,-0.00087695766706,-0.00113512750249,0.0000463840115117,0.000260218715994,0.000204017138458,-0.00099033175502,0.00189010973554],[-0.000170979779796,0.00109809450805,-0.000389564433135,-0.0016831579851,0.000278132094536,0.0103234285489,-0.00354110775515,-0.000818615604658,0.000511746329721,-0.000736412534025,-0.00109720358159,0.00291076884605,-0.00184773700312],[0.000100801487861,-0.00154484261293,-0.00022633439221,-0.00017539174587,-0.00087695766706,-0.00354110775515,0.0127559592947,-0.00499490182847,0.00156129011884,-0.00158761476632,0.0010175468633,-0.0016639502719,0.000700806209352],[-0.000164332683198,0.00123466283549,0.00101043633185,-0.00066585408058,-0.00113512750249,-0.000818615604658,-0.00499490182847,0.0173584204167,-0.00950873363763,0.00223063561134,-0.000232908860198,-0.00260847178288,0.00156545615755],[0.000125484119053,-0.00131233257707,-0.000327660643961,-0.00130900845397,0.0000463840115117,0.000511746329721,0.00156129011884,-0.00950873363763,0.0211967490613,-0.00909471325576,0.00289725605398,0.00227676471695,-0.00396456755698],[-0.000165708712302,0.00139120628592,-0.000752966443542,0.000520945526659,0.000260218715994,-0.000736412534025,-0.00158761476632,0.00223063561134,-0.00909471325576,0.0256296247244,-0.0110635897145,0.000608748057857,0.00218191114254],[0.000257790758042,-0.00250702956691,0.00114460545592,-0.00123143231031,0.000204017138458,-0.00109720358159,0.0010175468633,-0.000232908860198,0.00289725605398,-0.0110635897145,0.0278254020959,-0.0125247584656,0.00129046849906],[-0.000244532420766,0.00236065243371,-0.00165180431213,0.00112580426503,-0.00099033175502,0.00291076884605,-0.0016639502719,-0.00260847178288,0.00227676471695,0.000608748057857,-0.0125247584656,0.0293493364006,-0.0124117750674],[0.000331182673108,-0.00176428782288,0.0013714376837,-0.00227091251872,0.00189010973554,-0.00184773700312,0.000700806209352,0.00156545615755,-0.00396456755698,0.00218191114254,0.00129046849906,-0.0124117750674,0.0257660336792]],"mean":[18.8122844696,79.8096389771,-108.125572205,22.0908641815,-40.4618263245,3.81087970734,-35.0199050903,-1.71504616737,-24.6158409119,-6.23601198196,-20.3923988342,-8.03406429291,-14.3144378662]},"hfc":{"dmean":6.78471899033,"dmean2":9.95914936066,"dvar":65.8265686035,"dvar2":150.205245972,"max":111.492279053,"mean":27.2173957825,"median":24.7258434296,"min":2.80626011318e-7,"var":365.926696777},"melbands":{"dmean":[0.000394719158066,0.00112421461381,0.00136034679599,0.000652125803754,0.000273962243227,0.000157048591063,0.000137601600727,0.000121929813758,0.000122917175759,0.0000984721555142,0.0000951081747189,0.0000632584706182,0.0000567380520806,0.0000542330199096,0.0000412847366533,0.0000487296347274,0.000048336758482,0.0000514219173056,0.000038420464989,0.000031656709325,0.0000294217898045,0.0000241070865741,0.0000142789958772,0.00000995529808279,0.00000940770678426,0.00000826649647934,0.00000742351585359,0.00000559627824259,0.0000043891200221,0.00000304880927615,0.0000026107834401,0.00000203638319363,0.00000202452110898,0.00000131298600081,0.0000010028475117,8.46633383844e-7,8.22390063604e-7,9.21449668567e-7,6.01690601343e-7,4.38931209601e-7],"dmean2":[0.000666351232212,0.00195419415832,0.00228455127217,0.00111163582187,0.000460844225017,0.00025561923394,0.000228447985137,0.000201257062145,0.000199969203095,0.000162536438438,0.000156686306582,0.000102350459201,0.0000908329748199,0.0000862518209033,0.0000667764907121,0.0000797729589976,0.0000792612700025,0.0000839965359773,0.0000624100066489,0.0000515268111485,0.0000479821355839,0.0000399169002776,0.0000229834513448,0.0000159539831657,0.0000149560173668,0.0000130168937176,0.0000119843616631,0.00000915161217563,0.00000725654308553,0.00000502383727508,0.00000415458771386,0.00000323874382957,0.00000321219181387,0.00000208175106309,0.00000155632733367,0.0000013315632259,0.00000123756001358,0.00000139000155741,9.07948162876e-7,6.58020780975e-7],"dvar":[4.81236895666e-7,0.00000481314236822,0.00000360486774298,0.00000174449360202,2.20732303546e-7,7.57891029934e-8,6.17000566194e-8,6.01172089887e-8,6.80757281657e-8,4.05419200433e-8,4.53589521499e-8,1.93508711277e-8,1.19863727832e-8,8.30646307293e-9,5.91606363898e-9,1.09396349757e-8,8.26024315614e-9,1.03814947749e-8,6.87961243528e-9,3.6005545212e-9,2.48978837547e-9,1.72353120664e-9,5.13942721714e-10,1.93762991763e-10,1.77537928803e-10,1.5439598211e-10,1.42871617315e-10,7.79069309065e-11,6.4740691974e-11,4.66961781742e-11,3.71206156091e-11,2.47565093425e-11,1.90861371846e-11,6.19151084569e-12,4.11730372019e-12,2.97624750366e-12,3.62441630528e-12,5.22961838764e-12,1.42235810803e-12,6.06920438385e-13],"dvar2":[0.00000131163164951,0.0000134320098368,0.0000101053956314,0.00000476729655929,5.96134213993e-7,1.94446627688e-7,1.67219241121e-7,1.44613153452e-7,1.76090111381e-7,1.13590594708e-7,1.28495230456e-7,4.99093069095e-8,2.81763075094e-8,2.03886454386e-8,1.51760080058e-8,2.95254860561e-8,2.13781667924e-8,2.78593788039e-8,1.75348215947e-8,9.4960057595e-9,6.38944808173e-9,4.71105465749e-9,1.30590183112e-9,4.89074503118e-10,4.38479502707e-10,3.5447866864e-10,3.55546508901e-10,1.96002700181e-10,1.69735642208e-10,1.18373116864e-10,8.561543835e-11,5.91278900841e-11,4.52006036766e-11,1.44352654829e-11,1.00714783735e-11,6.90730198732e-12,8.05682430494e-12,1.22817398612e-11,3.35371964574e-12,1.41724923897e-12],"max":[0.00850632879883,0.0255755595863,0.0243684872985,0.0170250665396,0.00584586383775,0.00611241348088,0.00383420055732,0.0147700440139,0.00508514838293,0.00728537095711,0.00629563210532,0.00489576580003,0.00419640587643,0.00180732179433,0.00206324225292,0.00236436887644,0.00171519629657,0.00191258999985,0.00225978018716,0.00153689470608,0.00140879361425,0.00105287041515,0.000482646137243,0.00030535843689,0.000265058450168,0.000209709483897,0.000302882166579,0.000278130872175,0.000185524913832,0.000231117097428,0.000246214069193,0.000158341514179,0.000125963779283,0.0000801688656793,0.0000926162829273,0.0000637811463093,0.0000504255367559,0.0000736741421861,0.0000288579994958,0.000019725986931],"mean":[0.000574549427256,0.00155487225857,0.00246225274168,0.000953813258093,0.000423642428359,0.000264019356109,0.000209044694202,0.000192715131561,0.000195731568965,0.000162456155522,0.000155166781042,0.000107621992356,0.0000962444901234,0.0000961308542173,0.0000734853892936,0.0000820481727715,0.00008199281001,0.0000899926453712,0.0000701156968717,0.0000599705017521,0.0000577762184548,0.0000463031174149,0.0000280427648249,0.0000207172997762,0.0000200629747269,0.0000173284242919,0.0000149554125528,0.0000109424536276,0.00000802344402473,0.00000553499330636,0.00000532442390977,0.00000429670262747,0.00000412908548242,0.00000277159620055,0.00000207588004741,0.00000180388985882,0.00000178747757218,0.00000187519515293,0.00000126724773963,8.98427799711e-7],"median":[0.000223754963372,0.00088699196931,0.0017546818126,0.000602875370532,0.000261179899098,0.000149923784193,0.000118108277093,0.000112472625915,0.000094039743999,0.0000898977159522,0.0000727314909454,0.0000491834616696,0.0000559205800528,0.0000563500761928,0.0000442811833636,0.0000410763677792,0.0000388272892451,0.0000438288552687,0.0000329372742272,0.000034606360714,0.0000359614787158,0.0000294542114716,0.0000180343486136,0.0000152005741256,0.0000141605360113,0.0000116855471788,0.00000910383641894,0.00000621707204118,0.00000350406526195,0.00000265019889412,0.00000232441288972,0.00000187814862329,0.00000164570553807,0.00000127740690914,0.0000010430551356,8.49635057421e-7,6.98063843174e-7,6.63687501401e-7,5.48035473003e-7,4.14503290358e-7],"min":[2.96174608276e-12,6.96627759818e-13,3.53033195125e-13,5.78761702192e-13,7.58839985206e-13,7.31749892884e-13,6.81092010048e-14,1.580024089e-14,3.19616735693e-14,2.6084206816e-14,7.59579421252e-15,8.9660368702e-15,2.55105097067e-14,1.371526082e-14,1.5360415644e-14,1.99857491667e-14,1.99176578822e-14,2.61000243092e-14,4.20017414403e-14,2.42287845331e-14,3.87837717942e-14,3.91769136663e-14,2.45427118841e-14,1.67896058655e-14,1.79500833549e-14,2.01688217858e-14,3.75634615914e-14,1.59148156486e-14,2.22536476958e-14,1.40259508109e-14,3.26094911436e-14,3.55969661842e-14,2.92674345588e-14,1.99423759976e-14,2.4858721242e-14,2.76062996112e-14,1.96585013757e-14,1.38774549239e-14,3.27422720284e-14,2.49212932598e-14],"var":[6.72452415529e-7,0.00000464912909592,0.00000604463684795,0.00000154340932568,2.65787406306e-7,1.1948711176e-7,7.96957166926e-8,9.08456456727e-8,1.22658718738e-7,7.00515982999e-8,7.30428908469e-8,4.81673616548e-8,2.68009294757e-8,1.74847478718e-8,1.03490078729e-8,1.95867624342e-8,1.5892346994e-8,1.92946405519e-8,1.57597899175e-8,7.77757591663e-9,5.82085224465e-9,3.53363294181e-9,1.14117759686e-9,4.64906807496e-10,4.70544603282e-10,4.05049743746e-10,3.39583666742e-10,1.83520601493e-10,1.41471237503e-10,1.0694127528e-10,1.23039509137e-10,7.29765969876e-11,5.66764725429e-11,2.01655515203e-11,1.19137815932e-11,9.2236600302e-12,1.3284063953e-11,1.58948496726e-11,4.88188005646e-12,1.8450269524e-12]},"melbands_crest":{"dmean":3.30252051353,"dmean2":5.48402452469,"dvar":8.94794845581,"dvar2":24.032787323,"max":32.9093208313,"mean":14.2277784348,"median":13.5131664276,"min":3.21177911758,"var":29.1458702087},"melbands_flatness_db":{"dmean":0.0247749164701,"dmean2":0.0382864512503,"dvar":0.000600603816565,"dvar2":0.00140362547245,"max":0.638088285923,"mean":0.185335502028,"median":0.166124612093,"min":0.0256954636425,"var":0.00804062839597},"melbands_kurtosis":{"dmean":6.50179767609,"dmean2":10.7066049576,"dvar":165.283493042,"dvar2":437.946960449,"max":399.277160645,"mean":12.6981706619,"median":5.44646310806,"min":-1.82340395451,"var":549.647155762},"melbands_skewness":{"dmean":0.691616654396,"dmean2":1.11597788334,"dvar":0.544445097446,"dvar2":1.39287829399,"max":15.512802124,"mean":2.5600707531,"median":2.19954633713,"min":-0.398502498865,"var":2.62985086441},"melbands_spread":{"dmean":6.84240913391,"dmean2":10.8474836349,"dvar":54.2559089661,"dvar2":126.817680359,"max":150.754180908,"mean":27.5127258301,"median":25.4927425385,"min":0.551833093166,"var":318.870147705},"mfcc":{"cov":[[11448.8291016,-957.016967773,-1586.37438965,-381.389770508,-336.467590332,-113.215339661,-115.120918274,50.5888023376,9.3245639801,66.1880950928,-25.8672885895,-59.4848251343,-47.2003135681],[-957.016967773,1378.33850098,-62.0839729309,170.894699097,52.3718681335,4.72928571701,49.3427581787,6.13656282425,4.18658161163,17.8458862305,14.1534481049,25.170583725,32.2411499023],[-1586.37438965,-62.0839729309,796.124694824,29.658416748,56.2882804871,60.5362243652,8.96610736847,-26.7190265656,-7.55936765671,-32.8241539001,-3.55237722397,17.2715110779,1.29474139214],[-381.389770508,170.894699097,29.658416748,258.718688965,66.5049514771,34.0330734253,32.3800506592,38.4628677368,39.8308067322,21.3105983734,10.6516771317,27.6780166626,28.7505664825],[-336.467590332,52.3718681335,56.2882804871,66.5049514771,155.847457886,25.4773731232,15.7796916962,14.4796924591,8.51355552673,12.9514427185,6.10959482193,2.36987686157,6.64660835266],[-113.215339661,4.72928571701,60.5362243652,34.0330734253,25.4773731232,103.50479126,41.0338973999,9.50689792633,15.212389946,9.33188152313,7.41253042221,9.75882339478,-1.70249044895],[-115.120918274,49.3427581787,8.96610736847,32.3800506592,15.7796916962,41.0338973999,100.054374695,35.5885772705,12.6249313354,5.76104784012,11.8691291809,16.8266620636,8.17139530182],[50.5888023376,6.13656282425,-26.7190265656,38.4628677368,14.4796924591,9.50689792633,35.5885772705,87.5581130981,48.2060089111,20.8799972534,11.2293996811,14.5224246979,12.7109632492],[9.3245639801,4.18658161163,-7.55936765671,39.8308067322,8.51355552673,15.212389946,12.6249313354,48.2060089111,85.9736099243,42.3883857727,12.223736763,14.2800779343,6.86535787582],[66.1880950928,17.8458862305,-32.8241539001,21.3105983734,12.9514427185,9.33188152313,5.76104784012,20.8799972534,42.3883857727,78.8724822998,27.3357429504,5.40428256989,5.51090717316],[-25.8672885895,14.1534481049,-3.55237722397,10.6516771317,6.10959482193,7.41253042221,11.8691291809,11.2293996811,12.223736763,27.3357429504,60.5498504639,26.8169689178,3.49489378929],[-59.4848251343,25.170583725,17.2715110779,27.6780166626,2.36987686157,9.75882339478,16.8266620636,14.5224246979,14.2800779343,5.40428256989,26.8169689178,56.7402915955,23.5851821899],[-47.2003135681,32.2411499023,1.29474139214,28.7505664825,6.64660835266,-1.70249044895,8.17139530182,12.7109632492,6.86535787582,5.51090717316,3.49489378929,23.5851821899,54.9584732056]],"icov":[[0.000142415476148,0.0000908194197109,0.000278238556348,0.0000963780839811,0.000154574474436,-0.00011992353393,0.000129620879306,-0.000126966973767,0.000067010820203,-0.000106694620627,0.000106511506601,-0.0000846551774885,0.0000316271143674],[0.0000908194197109,0.000878207560163,0.000264145899564,-0.000481949915411,0.00000532438934897,0.000173499473021,-0.000354457442882,0.000289737799903,0.000175879598828,-0.00019772122323,0.0000440249277744,-0.000121064425912,-0.000153865563334],[0.000278238556348,0.000264145899564,0.00196391670033,0.000129775275127,-0.000201031944016,-0.00099280430004,0.00033000408439,0.000438908144133,-0.000258580577793,0.000611081602983,0.000192726278328,-0.000616973557044,0.0000363658909919],[0.0000963780839811,-0.000481949915411,0.000129775275127,0.00548790069297,-0.00163396075368,-0.000997168826871,-0.0000239607743424,-0.00086285371799,-0.00144116615411,-0.0000241813613684,0.000581227184739,-0.00123560463544,-0.00146285793744],[0.000154574474436,0.00000532438934897,-0.000201031944016,-0.00163396075368,0.00785582140088,-0.00124925957061,0.000190744394786,-0.00121020711958,0.00130208523478,-0.00125616264995,-0.00033571626409,0.00122944940813,-0.000291046424536],[-0.00011992353393,0.000173499473021,-0.00099280430004,-0.000997168826871,-0.00124925957061,0.0132039850578,-0.0056087509729,0.00237643625587,-0.00202412670478,-0.000712340173777,0.000203178089578,-0.000874371093232,0.0018712671008],[0.000129620879306,-0.000354457442882,0.00033000408439,-0.0000239607743424,0.000190744394786,-0.0056087509729,0.014978020452,-0.00665868027136,0.00285179563798,0.00026128985337,-0.000689424574375,-0.00197155564092,-0.0000522473055753],[-0.000126966973767,0.000289737799903,0.000438908144133,-0.00086285371799,-0.00121020711958,0.00237643625587,-0.00665868027136,0.0207692403346,-0.0112416762859,0.00203431630507,-0.00146064476576,0.00065848097438,-0.00242092250846],[0.000067010820203,0.000175879598828,-0.000258580577793,-0.00144116615411,0.00130208523478,-0.00202412670478,0.00285179563798,-0.0112416762859,0.0238723903894,-0.0111112371087,0.00406906940043,-0.00486796209589,0.0026325637009],[-0.000106694620627,-0.00019772122323,0.000611081602983,-0.0000241813613684,-0.00125616264995,-0.000712340173777,0.00026128985337,0.00203431630507,-0.0111112371087,0.0222564488649,-0.0106481593102,0.00645707035437,-0.0032945163548],[0.000106511506601,0.0000440249277744,0.000192726278328,0.000581227184739,-0.00033571626409,0.000203178089578,-0.000689424574375,-0.00146064476576,0.00406906940043,-0.0106481593102,0.0270813107491,-0.0147515684366,0.00541212968528],[-0.0000846551774885,-0.000121064425912,-0.000616973557044,-0.00123560463544,0.00122944940813,-0.000874371093232,-0.00197155564092,0.00065848097438,-0.00486796209589,0.00645707035437,-0.0147515684366,0.03145487234,-0.0119757140055],[0.0000316271143674,-0.000153865563334,0.0000363658909919,-0.00146285793744,-0.000291046424536,0.0018712671008,-0.0000522473055753,-0.00242092250846,0.0026325637009,-0.0032945163548,0.00541212968528,-0.0119757140055,0.0245349034667]],"mean":[-625.714233398,118.40827179,-7.31114673615,22.2267932892,9.82839775085,5.8960723877,-0.111278280616,0.6533613801,-1.50402212143,-0.717775583267,-4.70309495926,-5.15964078903,-4.29733896255]},"pitch_salience":{"dmean":0.0695246383548,"dmean2":0.114525847137,"dvar":0.00382450362667,"dvar2":0.0103062093258,"max":0.878804624081,"mean":0.583717644215,"median":0.593263924122,"min":0.101290926337,"var":0.011319603771},"silence_rate_20dB":{"dmean":0,"dmean2":0,"dvar":0,"dvar2":0,"max":1,"mean":1,"median":1,"min":1,"var":0},"silence_rate_30dB":{"dmean":0,"dmean2":0,"dvar":0,"dvar2":0,"max":1,"mean":1,"median":1,"min":1,"var":0},"silence_rate_60dB":{"dmean":0.00495474040508,"dmean2":0.00991042517126,"dvar":0.00492874020711,"dvar2":0.0109566226602,"max":1,"mean":0.0448742359877,"median":0,"min":0,"var":0.0428608581424},"spectral_centroid":{"dmean":226.847213745,"dmean2":354.877685547,"dvar":50601.9804688,"dvar2":116152.34375,"max":3980.09082031,"mean":1388.76831055,"median":1436.8067627,"min":164.020019531,"var":416526.25},"spectral_complexity":{"dmean":4.283182621,"dmean2":6.40689897537,"dvar":20.1779174805,"dvar2":41.208278656,"max":61,"mean":26.8509902954,"median":28,"min":0,"var":170.188659668},"spectral_contrast_coeffs":{"dmean":[0.0536885634065,0.0452289842069,0.0369739234447,0.0302423089743,0.0201774314046,0.0190850291401],"dmean2":[0.087985612452,0.0754464641213,0.0608834177256,0.0489884540439,0.032789632678,0.0305768977851],"dvar":[0.00215106038377,0.00133533228654,0.000874887453392,0.000601213658229,0.000294213445159,0.000358186895028],"dvar2":[0.00562151055783,0.00371626578271,0.00228009838611,0.00152702908963,0.00072291464312,0.000844551774208],"max":[-0.262482494116,-0.474801570177,-0.488005548716,-0.512019217014,-0.613656878471,-0.591362833977],"mean":[-0.582269906998,-0.756382286549,-0.784402310848,-0.777186691761,-0.79562163353,-0.76808577776],"median":[-0.587501764297,-0.761500239372,-0.789175331593,-0.781852841377,-0.795316934586,-0.764682769775],"min":[-0.907485485077,-0.939492881298,-0.960348367691,-0.956101894379,-0.952499270439,-0.91734033823],"var":[0.00822283327579,0.00394357740879,0.00327040534467,0.00358384312131,0.00199174066074,0.00183376693167]},"spectral_contrast_valleys":{"dmean":[0.42079564929,0.351222366095,0.314592212439,0.278618037701,0.243775978684,0.317482203245],"dmean2":[0.678055584431,0.572887599468,0.496070146561,0.424766629934,0.355598986149,0.404712468386],"dvar":[0.150581523776,0.0976253375411,0.0803246870637,0.0696049928665,0.0821884498,0.123818226159],"dvar2":[0.34404745698,0.231952622533,0.175141707063,0.141344442964,0.164914473891,0.236117184162],"max":[-5.37259626389,-4.72275924683,-5.18689537048,-5.48270654678,-5.55491018295,-7.80697011948],"mean":[-7.32828712463,-6.6274971962,-7.06382703781,-7.36103582382,-7.28176355362,-10.028260231],"median":[-7.12381124496,-6.42943572998,-6.75280094147,-7.01245498657,-6.90632677078,-9.61400699615],"min":[-16.5546302795,-17.0718421936,-17.4369678497,-17.4435424805,-16.3798999786,-18.1422138214],"var":[1.22045660019,1.36444425583,1.64203774929,1.83538413048,1.93101370335,2.0292930603]},"spectral_decrease":{"dmean":2.40687780817e-9,"dmean2":3.96021926363e-9,"dvar":1.09243840984e-17,"dvar2":2.835359742e-17,"max":-7.16060808657e-18,"mean":-7.15767889403e-9,"median":-6.75390099403e-9,"min":-3.00584837021e-8,"var":1.82029332511e-17},"spectral_energy":{"dmean":0.0094678895548,"dmean2":0.0154958385974,"dvar":0.000165824065334,"dvar2":0.000428528932389,"max":0.119521796703,"mean":0.029483448714,"median":0.0281405486166,"min":5.24794201151e-11,"var":0.000292531010928},"spectral_energyband_high":{"dmean":0.000428445258876,"dmean2":0.000625857326668,"dvar":4.21858658228e-7,"dvar2":8.9690030336e-7,"max":0.0141136134043,"mean":0.00113554892596,"median":0.000694561051205,"min":1.92436257901e-11,"var":0.00000213622979572},"spectral_energyband_low":{"dmean":0.00547847198322,"dmean2":0.00935584120452,"dvar":0.0000765360891819,"dvar2":0.000209848294617,"max":0.0929114148021,"mean":0.00953877344728,"median":0.00670500658453,"min":1.22407604886e-11,"var":0.0000986518061836},"spectral_energyband_middle_high":{"dmean":0.0020698835142,"dmean2":0.00317660789005,"dvar":0.00000676334821037,"dvar2":0.0000167372891156,"max":0.0453447960317,"mean":0.00775500480086,"median":0.00634704530239,"min":4.61354175349e-12,"var":0.0000416385009885},"spectral_energyband_middle_low":{"dmean":0.00599997490644,"dmean2":0.00989704951644,"dvar":0.0000728346058168,"dvar2":0.000192868857994,"max":0.100633740425,"mean":0.0143649857491,"median":0.012218140997,"min":9.57982911748e-12,"var":0.000110186723759},"spectral_entropy":{"dmean":0.142609089613,"dmean2":0.210353523493,"dvar":0.0271373521537,"dvar2":0.0572792328894,"max":8.70831298828,"mean":7.64586734772,"median":7.78891944885,"min":4.4583158493,"var":0.32073110342},"spectral_flux":{"dmean":0.0230355411768,"dmean2":0.0357489399612,"dvar":0.000781908922363,"dvar2":0.00167774502188,"max":0.289441734552,"mean":0.0904488489032,"median":0.0869804769754,"min":0.0000073011196946,"var":0.00211285706609},"spectral_kurtosis":{"dmean":1.79995751381,"dmean2":3.0184032917,"dvar":15.4971179962,"dvar2":45.0828399658,"max":130.742980957,"mean":6.89435768127,"median":4.70884037018,"min":-0.303411722183,"var":148.914093018},"spectral_rms":{"dmean":0.000799399917014,"dmean2":0.00127799354959,"dvar":9.1710506922e-7,"dvar2":0.00000226767497225,"max":0.010798455216,"mean":0.00508103892207,"median":0.0052396748215,"min":2.26272916848e-7,"var":0.00000294719757221},"spectral_rolloff":{"dmean":466.114044189,"dmean2":769.203491211,"dvar":618343.5625,"dvar2":1511571.25,"max":18755.4199219,"mean":1683.85131836,"median":1571.92382812,"min":86.1328125,"var":1837017.5},"spectral_skewness":{"dmean":0.225803717971,"dmean2":0.365614801645,"dvar":0.0863992348313,"dvar2":0.237412467599,"max":9.66488647461,"mean":1.75648164749,"median":1.59413194656,"min":-0.048496581614,"var":0.897391557693},"spectral_spread":{"dmean":622592.9375,"dmean2":849969.1875,"dvar":576139624448,"dvar2":1085113696260,"max":12449088,"mean":4569081,"median":4424764,"min":674963.75,"var":2588656533500},"spectral_strongpeak":{"dmean":0.480093091726,"dmean2":0.83948546648,"dvar":0.861749649048,"dvar2":2.29158115387,"max":10.4480981827,"mean":0.735264778137,"median":0.464376688004,"min":0,"var":1.0083552599},"zerocrossingrate":{"dmean":0.0116480318829,"dmean2":0.0138514321297,"dvar":0.00016606641293,"dvar2":0.000219055189518,"max":0.4208984375,"mean":0.0705519914627,"median":0.06689453125,"min":0.00390625,"var":0.00143763027154}},"metadata":{"audio_properties":{"analysis_sample_rate":44100,"bit_rate":0,"codec":"flac","downmix":"mix","equal_loudness":0,"length":243.693328857,"lossless":true,"md5_encoded":"e21202468cba387120ea948ad4866a9d","replay_gain":-16.3960533142},"tags":{"album":["You Could Have It So Much Better"],"albumartist":["Franz Ferdinand"],"albumartistsort":["Franz Ferdinand"],"artist":["Franz Ferdinand"],"artistsort":["Franz Ferdinand"],"asin":["B000A82IKW"],"barcode":["5034202016120"],"catalognumber":["WIGCD161"],"date":["2005-10-03"],"engineer":["Claudius Mittendorfer"],"file_name":"10 I'm Your Villain.flac","format":["CD"],"genre":["Alternative"],"isrc":["GBCEL0500835"],"label":["Domino"],"language":["eng"],"mixer":["Rich Costey"],"musicbrainz_albumartistid":["aa7a2827-f74b-473c-bd79-03d065835cf7"],"musicbrainz_albumid":["fcb4b179-a508-4266-aaf4-4dcc6fa9bbe9"],"musicbrainz_artistid":["aa7a2827-f74b-473c-bd79-03d065835cf7"],"musicbrainz_recordingid":["7e946fb0-01c0-4e53-a9fa-a1f6c58e3fc1"],"producer":["Rich Costey","Franz Ferdinand"],"releasecountry":["GB"],"releasestatus":["official"],"releasetype":["album"],"replaygain_album_gain":["-10.86 dB"],"replaygain_album_peak":["1.00000000"],"replaygain_reference_loudness":["89.0 dB"],"replaygain_track_gain":["-11.07 dB"],"replaygain_track_peak":["1.00000000"],"script":["Latn"],"title":["I'm Your Villain"],"totaltracks":["13"],"tracknumber":["10"],"tracktotal":["13"]},"version":{"essentia":"2.1-beta1","essentia_build_sha":"eef087cf131c10083d474ad51def18efd0e38295","essentia_git_sha":"v2.1_beta1-7-ge0e83e8-dirty","extractor":"music 1.0"}},"rhythm":{"beats_count":510,"beats_loudness":{"dmean":0.0154311256483,"dmean2":0.0272035747766,"dvar":0.000150503503392,"dvar2":0.000475123059005,"max":0.101186051965,"mean":0.0447443164885,"median":0.0447928160429,"min":1.00669128589e-9,"var":0.000295974197797},"beats_loudness_band_ratio":{"dmean":[0.182498052716,0.138451725245,0.0640920475125,0.0517994500697,0.0521296039224,0.0305668395013],"dmean2":[0.333503246307,0.265719950199,0.114726126194,0.0898239687085,0.0