{"lowlevel":{"average_loudness":0.911097764969,"barkbands":{"dmean":[0.0000873967437656,0.00134330661967,0.000354782328941,0.000455551809864,0.000556763901841,0.00047581558465,0.000551421020646,0.000235458399402,0.00047877751058,0.00046026534983,0.000558285741135,0.000730342289899,0.000521103851497,0.00048417414655,0.000491229409818,0.000324556400301,0.000442981225206,0.000405720405979,0.000209874313441,0.000161160540301,0.000101230711152,0.0000599250852247,0.0000283139470412,0.0000237971289607,0.0000171485498868,0.00000834674938233,0.00000893867854757],"dmean2":[0.000127294304548,0.00200239266269,0.000599615450483,0.000785425363574,0.00091296993196,0.000811864447314,0.000949829176534,0.000380557205062,0.000757165718824,0.000719236850273,0.000873629993293,0.00109927775338,0.00079060223652,0.000729042105377,0.000736193207558,0.000508951139636,0.000698894204106,0.000625127577223,0.000316834630212,0.000236465843045,0.000146021615365,0.0000850328069646,0.0000399642813136,0.0000335827098752,0.0000249004970101,0.0000117830031741,0.000012642767615],"dvar":[3.54997098384e-8,0.00000965779508988,5.21325659975e-7,0.00000106541176592,0.00000137490303587,0.00000147108437432,0.00000304133800455,1.86517581824e-7,0.00000151600852405,0.00000129311240471,0.00000170478608652,0.0000026860395792,0.00000144770353927,0.0000012737640418,0.00000113619819331,3.74734071329e-7,8.58652754232e-7,9.22597678255e-7,2.83872168438e-7,9.87674368957e-8,3.24790576656e-8,1.26172601256e-8,2.1585624399e-9,1.74933079133e-9,8.74520122984e-10,3.41596056996e-10,4.16540857362e-10],"dvar2":[7.36146361646e-8,0.0000198637535505,0.00000143321153701,0.00000295128279504,0.00000340933820553,0.00000405846958529,0.00000848684794619,4.65081456014e-7,0.00000370311340703,0.00000310423934025,0.00000428866087532,0.00000640870803181,0.00000324259485751,0.00000282084124592,0.00000255900295087,8.85616145752e-7,0.00000201218017537,0.00000201881107387,5.48618402263e-7,2.09328646861e-7,6.65230075469e-8,2.55895962198e-8,4.29621893616e-9,3.33824168308e-9,1.98283145458e-9,7.96306187656e-10,9.23785992146e-10],"max":[0.00199714675546,0.0268533658236,0.0123004093766,0.0208472479135,0.0199463311583,0.0152074191719,0.02477180399,0.00998732633889,0.0351416729391,0.0297140460461,0.0274076797068,0.0391163751483,0.0268959663808,0.0267290491611,0.0294261313975,0.0123120155185,0.0353608243167,0.0266654472798,0.0199850909412,0.00905636325479,0.00294636958279,0.00237003085203,0.00114191847388,0.00198342953809,0.000730002240743,0.000670599169098,0.000430333893746],"mean":[0.0000923682237044,0.00144404836465,0.000576722377446,0.000597464095335,0.00093316717539,0.000662543985527,0.000607047288213,0.000375114323106,0.000697407580446,0.000782753864769,0.000986616010778,0.00142963661347,0.000940171536058,0.000949545879848,0.000923914369196,0.000646810105536,0.000943012768403,0.000897194433492,0.000445709418273,0.000350087502738,0.000212091239518,0.000124660102301,0.0000584581721341,0.0000484110096295,0.0000337137462338,0.0000153758974193,0.0000111092167572],"median":[0.0000135553746077,0.000380284502171,0.000364678766346,0.000339163583703,0.000516058818903,0.000345077220118,0.000191500410438,0.000198502180865,0.00023405943648,0.000297078833682,0.000332369294483,0.000547434319742,0.000373089278582,0.000261186971329,0.000328087859089,0.000322187814163,0.000447508966317,0.00037898356095,0.000191306404304,0.000142421849887,0.000112525005534,0.0000625211832812,0.0000332316558342,0.0000301988948195,0.0000206068398256,0.00000687081865181,0.00000214287774725],"min":[2.20113050039e-23,2.53334554444e-23,2.29087983667e-23,3.94505078852e-24,3.78359588923e-23,7.24109371963e-23,4.68082103928e-23,6.99762663182e-23,7.20694550877e-23,1.07759497748e-22,4.14840619257e-23,1.66141237942e-22,1.35567766046e-22,2.10077836868e-22,9.61341744942e-23,1.65296046057e-22,2.63265350831e-22,2.31953959511e-22,3.83484723561e-22,4.3142229878e-22,5.83371499897e-22,5.36671792588e-22,6.15958952616e-22,8.45875227612e-22,1.03266400991e-21,1.8014539713e-21,2.57530869737e-21],"var":[4.60520546142e-8,0.0000110456212497,5.95969879669e-7,9.24053040308e-7,0.00000187647970051,0.00000125674466744,0.0000022075664674,3.24961916931e-7,0.00000226781025958,0.00000282770770355,0.00000406900244343,0.0000079269766502,0.00000335005483976,0.00000396925997848,0.00000310304335471,0.00000107925711745,0.0000030158203117,0.00000349317997461,0.0000010862762565,3.02022812093e-7,7.8437651041e-8,2.97982154507e-8,5.62121682535e-9,4.46375780783e-9,1.85097270844e-9,6.30178853545e-10,6.14672479582e-10]},"barkbands_crest":{"dmean":2.42877316475,"dmean2":3.8942155838,"dvar":6.62457275391,"dvar2":15.6613092422,"max":23.714258194,"mean":7.62494325638,"median":6.655834198,"min":2.15139913559,"var":13.3605165482},"barkbands_flatness_db":{"dmean":0.0159094780684,"dmean2":0.0235775150359,"dvar":0.000235458370298,"dvar2":0.00051756715402,"max":0.252796262503,"mean":0.0889834612608,"median":0.0848463028669,"min":0.0134230470285,"var":0.0010111524025},"barkbands_kurtosis":{"dmean":0.988816022873,"dmean2":1.54813957214,"dvar":3.75338578224,"dvar2":8.54757213593,"max":49.470664978,"mean":0.325465083122,"median":-0.335638642311,"min":-1.87822246552,"var":7.36643505096},"barkbands_skewness":{"dmean":0.395962893963,"dmean2":0.58431404829,"dvar":0.185497924685,"dvar2":0.375545531511,"max":6.89066410065,"mean":0.250683307648,"median":0.173988416791,"min":-3.23378872871,"var":0.806315362453},"barkbands_spread":{"dmean":5.59942293167,"dmean2":8.28048038483,"dvar":39.7589683533,"dvar2":79.9415817261,"max":138.410018921,"mean":28.1079998016,"median":26.2273826599,"min":4.44638538361,"var":204.933517456},"dissonance":{"dmean":0.0126725640148,"dmean2":0.0215617250651,"dvar":0.000193173575099,"dvar2":0.000520150468219,"max":0.500000119209,"mean":0.479786038399,"median":0.484582602978,"min":0.282250702381,"var":0.000326968409354},"dynamic_complexity":3.8517062664,"erbbands":{"dmean":[0.0528060570359,0.26535114646,0.355311393738,0.993571519852,1.92689311504,1.77763497829,2.47224473953,4.61590576172,7.99863958359,5.76461458206,6.03184366226,10.6615152359,14.2824993134,13.1248588562,22.6500015259,33.0296020508,21.6225185394,26.3301296234,19.5364990234,24.6357383728,19.0525131226,19.1931743622,22.6954154968,12.665564537,8.65689659119,7.97060346603,4.85809421539,3.61565709114,2.27758979797,1.30034828186,0.715423643589,0.546748578548,0.371997773647,0.245721027255,0.0957169011235,0.0388582088053,0.014362626709,0.00544545799494,0.00140110135544,0.000121616903925],"dmean2":[0.0811839103699,0.404213190079,0.578413188457,1.68933331966,3.31077432632,2.83929634094,4.02376556396,7.90584373474,13.8213567734,9.63400554657,9.74406909943,16.806596756,22.4518280029,20.3127593994,35.1624183655,49.6000938416,32.6669425964,38.7141036987,29.3321170807,37.2780227661,30.0326099396,30.006893158,35.3850059509,18.9828777313,13.2062149048,11.6693277359,7.08984661102,5.16854524612,3.22358584404,1.84860897064,1.00638246536,0.783202290535,0.52691668272,0.356531590223,0.141471043229,0.0556236729026,0.0206988845021,0.00776601303369,0.00197968189605,0.000174879038241],"dvar":[0.0158801153302,0.391877859831,0.530374586582,3.87599205971,21.9293708801,11.8967828751,27.731508255,176.439544678,759.777099609,164.371398926,133.929107666,1013.97113037,1574.40039062,873.603820801,2654.02099609,5891.19189453,2436.3059082,3577.63256836,2068.96044922,3278.58276367,998.803344727,1695.49206543,2864.44921875,1080.11340332,290.804199219,229.655227661,70.2474746704,44.1357536316,19.7133903503,5.27982997894,1.36147809029,0.928120732307,0.454445213079,0.180020600557,0.0282507538795,0.00526043167338,0.00118258025032,0.000213048391743,0.0000108050262497,7.68200294488e-8],"dvar2":[0.034233186394,0.852760732174,1.39098513126,10.6121931076,60.2915267944,28.1176891327,68.5787734985,491.640716553,2132.08178711,446.318450928,338.030303955,2528.63671875,3872.08740234,2167.08447266,6451.7421875,14127.3984375,5655.11523438,7511.93896484,4916.47167969,7463.55615234,2423.75976562,3978.62280273,6564.62060547,2168.07470703,662.660888672,482.231872559,145.644592285,91.8431625366,39.6869621277,10.7853307724,2.68866944313,1.93153178692,0.841289699078,0.386365622282,0.067952722311,0.0119085796177,0.00284974346869,0.000516889558639,0.0000235183215409,1.73278792204e-7],"max":[1.08868479729,6.25218677521,9.46951198578,44.7268600464,47.9103546143,63.3790283203,126.228187561,178.587341309,399.770050049,193.505325317,249.287811279,1053.04638672,1123.59973145,640.272094727,1192.30041504,1829.20361328,1238.96899414,1935.98034668,1215.98083496,2118.57055664,660.303039551,1650.89660645,1448.06201172,1191.96923828,472.485107422,406.865875244,139.689971924,108.847702026,134.022781372,40.8538818359,31.4657497406,31.4724025726,35.816368103,14.277888298,3.32397842407,1.46256196499,1.41671442986,0.522433400154,0.074217684567,0.0055954628624],"mean":[0.0506409183145,0.288751453161,0.612128138542,1.52837014198,2.39679384232,3.12316465378,4.10680389404,5.81896543503,8.81994628906,7.83818864822,9.58962059021,15.9290504456,25.4596786499,24.7984771729,45.1318626404,67.1715164185,44.4777565002,55.0804443359,41.7050590515,49.0201148987,42.7738456726,45.1583366394,52.1513710022,31.2740573883,19.1183853149,17.2064533234,10.4638519287,7.68949317932,4.78831768036,2.59072303772,1.49886763096,1.07833588123,0.744678020477,0.467807501554,0.190799683332,0.0744229629636,0.0252573229373,0.0081226285547,0.00180653447751,0.000154767752974],"median":[0.00835356675088,0.0926819220185,0.395999193192,0.984094381332,1.21567738056,1.61966109276,2.1936249733,2.59784555435,3.18671631813,2.98397278786,5.12773799896,5.89226913452,9.40295028687,11.1419124603,18.7420959473,28.6899147034,22.5178947449,18.613658905,14.9166183472,21.1366729736,25.7734336853,23.8042507172,23.5119552612,12.5313892365,9.22043609619,7.37538433075,5.50260019302,3.93967819214,2.40934801102,1.38777303696,0.873364090919,0.655243575573,0.460669636726,0.279887497425,0.117500700057,0.0391524657607,0.0107600204647,0.00265220738947,0.000377307005692,0.000045182157919],"min":[9.86031803854e-22,4.66006536418e-21,1.89998103734e-20,2.9781526431e-20,3.20874701031e-20,1.789403113e-19,2.45774772885e-19,8.16954954122e-19,4.84215452265e-19,1.00575256999e-18,1.45787791228e-18,1.7355461071e-18,2.38201898187e-18,3.63193582994e-18,1.75081379325e-18,7.48862821284e-18,6.39655128093e-18,1.0580736876e-17,6.40557499423e-18,5.89356342995e-18,1.29786507538e-17,1.33065451486e-17,1.0846249445e-17,2.05303365991e-17,1.92517536001e-17,1.98664695636e-17,1.85370066851e-17,2.57301924529e-17,1.59087031545e-17,2.24603259848e-17,1.60061814266e-17,1.76456699442e-17,1.38991555374e-17,8.88390075367e-18,8.90099361384e-18,6.99620180393e-18,3.37512147875e-18,1.55747852304e-18,3.37691496142e-19,3.38759315227e-20],"var":[0.0167623311281,0.414396643639,0.638484835625,4.00376176834,17.7373046875,21.7318840027,38.7131462097,135.704421997,526.691223145,184.851394653,213.904434204,1393.18713379,3805.96069336,1937.05847168,6883.21337891,16054.9980469,5960.86572266,12052.4257812,6453.94677734,8635.26171875,3095.37573242,6370.87304688,10503.71875,5237.39892578,887.492675781,717.950622559,185.558349609,107.689216614,45.5195121765,11.8751039505,3.67944216728,2.12057065964,1.15535187721,0.395143806934,0.0566875077784,0.0113978348672,0.00195719790645,0.000281030021142,0.000016382386093,1.06496472085e-7]},"erbbands_crest":{"dmean":2.49028301239,"dmean2":3.8864338398,"dvar":5.97377586365,"dvar2":13.8630161285,"max":29.9921569824,"mean":9.40104389191,"median":8.38768291473,"min":2.26471376419,"var":20.3212108612},"erbbands_flatness_db":{"dmean":0.0188422724605,"dmean2":0.025010926649,"dvar":0.000341041537467,"dvar2":0.000599497521762,"max":0.356022894382,"mean":0.163344219327,"median":0.161754533648,"min":0.041688144207,"var":0.00230309739709},"erbbands_kurtosis":{"dmean":0.905488550663,"dmean2":1.40128576756,"dvar":1.54885685444,"dvar2":3.52077150345,"max":34.106754303,"mean":1.1122610569,"median":0.596233844757,"min":-1.71888065338,"var":5.03133058548},"erbbands_skewness":{"dmean":0.304686576128,"dmean2":0.465339899063,"dvar":0.0808814540505,"dvar2":0.180075228214,"max":3.63021922112,"mean":-0.213858380914,"median":-0.181054979563,"min":-4.68685436249,"var":0.55097925663},"erbbands_spread":{"dmean":5.63887643814,"dmean2":8.28417015076,"dvar":49.8268203735,"dvar2":101.038650513,"max":133.817901611,"mean":26.3365116119,"median":22.0041484833,"min":3.55205535889,"var":231.524932861},"gfcc":{"cov":[[14896.0351562,629.891296387,-1135.3572998,78.4763259888,-389.812164307,108.097145081,-126.253341675,-46.8178634644,-119.743927002,105.877098083,-24.2502155304,-71.8070144653,43.0952186584],[629.891296387,899.987365723,-335.964416504,9.8808221817,34.9863052368,-17.4046573639,-30.4559516907,-36.8992118835,-5.84796476364,-68.6752471924,22.4762401581,-17.2028541565,4.24847507477],[-1135.3572998,-335.964416504,1009.2043457,121.629432678,46.2267494202,80.3409423828,92.0176620483,69.0327301025,43.3291473389,34.5776939392,-19.4166069031,34.8589820862,-31.8404998779],[78.4763259888,9.8808221817,121.629432678,437.853424072,-36.1445808411,7.5229845047,33.6536178589,37.4921684265,11.7064428329,8.47785282135,-14.7185783386,-11.4880218506,9.42224311829],[-389.812164307,34.9863052368,46.2267494202,-36.1445808411,301.366943359,25.3204040527,38.7926177979,49.828453064,38.5660514832,-25.6379032135,20.197385788,14.6271018982,-15.2862768173],[108.097145081,-17.4046573639,80.3409423828,7.5229845047,25.3204040527,174.981002808,68.1969833374,8.55297660828,3.95069098473,34.0765914917,2.27361488342,-7.01759052277,2.51147723198],[-126.253341675,-30.4559516907,92.0176620483,33.6536178589,38.7926177979,68.1969833374,129.626327515,36.4619483948,15.1073284149,13.6735210419,10.5102729797,2.16540837288,-0.415632158518],[-46.8178634644,-36.8992118835,69.0327301025,37.4921684265,49.828453064,8.55297660828,36.4619483948,98.4418106079,30.0786514282,5.99659824371,-2.13029646873,6.39781856537,-5.17930936813],[-119.743927002,-5.84796476364,43.3291473389,11.7064428329,38.5660514832,3.95069098473,15.1073284149,30.0786514282,75.9282684326,22.5876655579,7.23994207382,1.09210729599,8.0875082016],[105.877098083,-68.6752471924,34.5776939392,8.47785282135,-25.6379032135,34.0765914917,13.6735210419,5.99659824371,22.5876655579,80.8176879883,14.3486185074,-7.71193218231,4.54527854919],[-24.2502155304,22.4762401581,-19.4166069031,-14.7185783386,20.197385788,2.27361488342,10.5102729797,-2.13029646873,7.23994207382,14.3486185074,62.7634048462,28.5315074921,0.162891417742],[-71.8070144653,-17.2028541565,34.8589820862,-11.4880218506,14.6271018982,-7.01759052277,2.16540837288,6.39781856537,1.09210729599,-7.71193218231,28.5315074921,64.4698486328,11.7698745728],[43.0952186584,4.24847507477,-31.8404998779,9.42224311829,-15.2862768173,2.51147723198,-0.415632158518,-5.17930936813,8.0875082016,4.54527854919,0.162891417742,11.7698745728,58.9357566833]],"icov":[[0.0000809999546618,-0.0000455340086774,0.0000898321086424,-0.0000252096597251,0.000080216115748,-0.00010157305951,0.0000693222100381,-0.000105802268081,0.000110153545393,-0.000169153237948,0.0000853718011058,-0.0000600957137067,0.0000226364700211],[-0.0000455340086774,0.00146910490002,0.000378377008019,-0.000211322520045,-0.000109486332803,-0.000317794620059,0.000151214568177,0.000402044184739,-0.000660876568872,0.00165665871464,-0.00107450387441,0.000727810373064,0.00000768640165916],[0.0000898321086424,0.000378377008019,0.00150355976075,-0.000388879998354,0.0000189574438991,-0.000528094940819,-0.000441414915258,-0.000138903167681,-0.000583233253565,-0.000337964069331,0.0011697630398,-0.00148029683623,0.00119211093988],[-0.0000252096597251,-0.000211322520045,-0.000388879998354,0.00259653059766,0.000487258570502,0.000271402765065,-0.000515122315846,-0.000982912490144,0.0000444195429736,0.000023071821488,0.000111474320875,0.000705680460669,-0.000715851725545],[0.000080216115748,-0.000109486332803,0.0000189574438991,0.000487258570502,0.00458069005981,-0.00100215477869,-0.000315917859552,-0.00178523140494,-0.00222044088878,0.00266423705034,-0.00164197816048,0.0000686167477397,0.00104333541822],[-0.00010157305951,-0.000317794620059,-0.000528094940819,0.000271402765065,-0.00100215477869,0.00841854885221,-0.00421534990892,0.00112513324711,0.00162076367997,-0.00375702814199,0.00120808475185,0.00044525944395,-0.000805962947197],[0.0000693222100381,0.000151214568177,-0.000441414915258,-0.000515122315846,-0.000315917859552,-0.00421534990892,0.0116592338309,-0.003413352184,-0.0000881907326402,0.000947039516177,-0.00291734794155,0.00135083519854,-0.000660409335978],[-0.000105802268081,0.000402044184739,-0.000138903167681,-0.000982912490144,-0.00178523140494,0.00112513324711,-0.003413352184,0.0145240696147,-0.0044294372201,-0.000540762615856,0.00293724169023,-0.00256925914437,0.0020263264887],[0.000110153545393,-0.000660876568872,-0.000583233253565,0.0000444195429736,-0.00222044088878,0.00162076367997,-0.0000881907326402,-0.0044294372201,0.0187501646578,-0.00629052426666,-0.000678755750414,0.00130478746723,-0.00373653904535],[-0.000169153237948,0.00165665871464,-0.000337964069331,0.000023071821488,0.00266423705034,-0.00375702814199,0.000947039516177,-0.000540762615856,-0.00629052426666,0.0202992707491,-0.00822564866394,0.00584653997794,-0.00121889391448],[0.0000853718011058,-0.00107450387441,0.0011697630398,0.000111474320875,-0.00164197816048,0.00120808475185,-0.00291734794155,0.00293724169023,-0.000678755750414,-0.00822564866394,0.0259632077068,-0.0136446245015,0.00377006363124],[-0.0000600957137067,0.000727810373064,-0.00148029683623,0.000705680460669,0.0000686167477397,0.00044525944395,0.00135083519854,-0.00256925914437,0.00130478746723,0.00584653997794,-0.0136446245015,0.0247408170253,-0.00667167128995],[0.0000226364700211,0.00000768640165916,0.00119211093988,-0.000715851725545,0.00104333541822,-0.000805962947197,-0.000660409335978,0.0020263264887,-0.00373653904535,-0.00121889391448,0.00377006363124,-0.00667167128995,0.0201161019504]],"mean":[-13.057053566,65.9798583984,-139.572463989,23.4022464752,-43.9246253967,10.2739896774,-32.0058708191,4.69908046722,-26.2632789612,-2.45189642906,-13.5876331329,1.37856769562,-9.63701725006]},"hfc":{"dmean":5.26894712448,"dmean2":7.32394599915,"dvar":45.8973731995,"dvar2":91.3518981934,"max":109.042861938,"mean":22.0110015869,"median":17.1501808167,"min":1.15923592437e-16,"var":320.928527832},"melbands":{"dmean":[0.000415914575569,0.000217246226384,0.000199042449822,0.000125552818645,0.0000854494355735,0.000104775310319,0.000119109041407,0.0000565525333514,0.0000541880144738,0.0000698225121596,0.0000712469409336,0.0000525909963471,0.0000803474249551,0.0000874241522979,0.0000554743528483,0.0000542266607226,0.0000514599632879,0.0000329945614794,0.0000321259976772,0.0000295553072647,0.0000256796938629,0.0000233171449509,0.00002417867654,0.0000220646179514,0.0000105501658254,0.0000076216947491,0.00000607129231867,0.00000546047021999,0.00000358368743036,0.00000250121456702,0.00000215659429159,0.00000151978929352,9.00133159121e-7,7.15233682058e-7,4.37536044728e-7,3.48140702044e-7,3.60389407206e-7,2.64582212139e-7,2.83374276933e-7,1.89465765743e-7],"dmean2":[0.000625573797151,0.000329342699843,0.000341585895512,0.000209576013731,0.000136247836053,0.00017954451323,0.000205177624593,0.0000936373107834,0.000087899978098,0.000109707943921,0.000111985100375,0.0000813237056718,0.000125548889628,0.000130735876155,0.0000832666701172,0.0000815233725007,0.0000761066039559,0.0000497330620419,0.0000478220244986,0.0000453281136288,0.0000409587046306,0.0000367329339497,0.0000383440019505,0.0000340055121342,0.000015995125068,0.000011785931747,0.00000928284953261,0.00000806951811683,0.00000540322935194,0.00000370269162886,0.00000317299873132,0.0000022259864636,0.0000013003557342,0.0000010555619383,6.33280649254e-7,5.06579681314e-7,5.31680370841e-7,3.84410412835e-7,4.18471131525e-7,2.80223986238e-7],"dvar":[9.48500940012e-7,1.89998189626e-7,1.80067431188e-7,6.90287080829e-8,3.3725040538e-8,8.96385259352e-8,1.5881191473e-7,1.38280027429e-8,1.25346222291e-8,3.93905423834e-8,3.92162213814e-8,1.49775960523e-8,3.59473801836e-8,3.8005786962e-8,1.25804833218e-8,1.77077161823e-8,1.46020546765e-8,6.66929711457e-9,5.91773208214e-9,3.76475517427e-9,2.04661287917e-9,2.86858203857e-9,3.90216836621e-9,3.61359941969e-9,9.57463774931e-10,2.90841989381e-10,1.44635539656e-10,1.15596379691e-10,3.91374155306e-11,2.46253573088e-11,1.61797363701e-11,9.32765930467e-12,2.7585358043e-12,1.57602359982e-12,5.24371344957e-13,3.52424469816e-13,4.4607037248e-13,2.38693532171e-13,2.77191111861e-13,1.02971965807e-13],"dvar2":[0.0000019746153157,4.06769288475e-7,4.94935477491e-7,1.83492915085e-7,7.98385357825e-8,2.49683637321e-7,4.44507350039e-7,3.71272044219e-8,3.19103818924e-8,9.64572777207e-8,9.58009636065e-8,3.63197045772e-8,9.0305888989e-8,9.1561815907e-8,2.89802883913e-8,3.8483239706e-8,3.0857382427e-8,1.63330682312e-8,1.32705126887e-8,8.4859781424e-9,4.82578998984e-9,6.71512223605e-9,8.82040929184e-9,7.10597181097e-9,1.88240867338e-9,6.08731787199e-10,3.38099576114e-10,2.4216104122e-10,8.55094745011e-11,5.1664943157e-11,3.5786224678e-11,1.94847072504e-11,5.72455884779e-12,3.45287990908e-12,1.09272616997e-12,7.18859379575e-13,9.88463325947e-13,4.56154591096e-13,5.92366325262e-13,2.28674094634e-13],"max":[0.00807960424572,0.00536873284727,0.00723751215264,0.00326489470899,0.00464758789167,0.00391222070903,0.00566247850657,0.00207008607686,0.00246178382076,0.00686702597886,0.00564878294244,0.00270967837423,0.00454372586682,0.0044020563364,0.00307668768801,0.00358861498535,0.00323757831939,0.00246930751018,0.00203098217025,0.00179491518065,0.00117339834105,0.00252648605965,0.00174635031726,0.00214832415804,0.00114905496594,0.000436307425844,0.000368324341252,0.000323861575453,0.000141303709825,0.000123207413708,0.0000732758853701,0.000102812598925,0.0000267320065177,0.0000255649883911,0.0000165595738508,0.0000211848237086,0.000019912760763,0.000026734873245,0.000019492879801,0.0000108121585072],"mean":[0.00042680624756,0.000345436652424,0.000290736177703,0.000194109947188,0.000149156199768,0.000133351713885,0.000133541281684,0.0000805575036793,0.0000817446634755,0.000104308775917,0.000124947575387,0.0000929988600546,0.000144436271512,0.000174480301212,0.00011294032447,0.000100818491774,0.000101758931123,0.0000647745182505,0.0000614498712821,0.0000580655250815,0.0000518962333445,0.0000479610826005,0.000048357363994,0.0000462286516267,0.0000224607247219,0.0000153754463099,0.0000121385219245,0.0000110299461085,0.00000709436153556,0.00000485459258925,0.00000433807235822,0.00000299907219414,0.00000172147895228,0.00000132017441956,8.67550056682e-7,6.92801620517e-7,6.54885013773e-7,5.12237647854e-7,5.10100790052e-7,3.49881929651e-7],"median":[0.0000905987108126,0.000197397093871,0.000187612691661,0.000105337174318,0.0000818298285594,0.0000619765633019,0.0000480075759697,0.0000332631825586,0.0000393205045839,0.0000354999938281,0.0000435434703832,0.0000372689464712,0.0000529007738805,0.0000697000214132,0.0000589605115238,0.0000410761203966,0.0000290011230391,0.0000187453406397,0.0000220017682295,0.0000266451206699,0.0000286090798909,0.0000239721994149,0.000020710809622,0.0000173614498635,0.00000808353252069,0.0000069264197009,0.00000493578681926,0.000004496467227,0.00000353484801963,0.00000226527845371,0.00000215676936932,0.00000142649082591,8.71797169566e-7,6.82528025209e-7,4.95542508361e-7,3.98105100885e-7,3.89644469578e-7,3.16114039833e-7,2.94196809136e-7,2.05950883014e-7],"min":[8.3498315688e-24,9.60043484996e-24,4.66229061773e-24,7.50028832731e-24,9.89670891785e-24,1.68045595499e-23,7.95955131342e-24,1.23257370739e-23,1.09346723754e-23,1.18259834353e-23,1.2323450955e-23,1.53580142639e-23,5.53053893458e-24,1.27883219533e-23,1.83629258692e-23,1.54563757525e-23,2.09074266957e-23,1.12655474603e-23,7.91363881987e-24,7.6606968815e-24,1.78866053437e-23,1.58517212838e-23,7.43394433632e-24,1.27450308445e-23,1.72466166908e-23,1.37574139095e-23,1.5055139008e-23,1.23414701158e-23,9.84143658967e-24,1.56226644759e-23,1.40098714873e-23,8.18623759428e-24,1.12311602246e-23,1.28747921526e-23,8.65667637283e-24,1.00532567868e-23,1.14975356753e-23,9.35900949194e-24,8.80178733635e-24,6.88627844173e-24],"var":[0.00000106229015273,2.51788463856e-7,1.61285200306e-7,7.97684762688e-8,5.19841947266e-8,6.91814534548e-8,1.12201810509e-7,1.76168644117e-8,1.8722829509e-8,5.69254119398e-8,9.50255554244e-8,3.19072128718e-8,8.55638901953e-8,1.15425194736e-7,3.40127677134e-8,4.08599305501e-8,4.81087347737e-8,1.96238154615e-8,1.54623815973e-8,1.07656337178e-8,5.73062264309e-9,8.46021297463e-9,1.1713008341e-8,1.37780915566e-8,4.06486977411e-9,9.49092804348e-10,3.76375403066e-10,3.23999133078e-10,9.7212578265e-11,5.1417429342e-11,3.60333776706e-11,1.98267721685e-11,5.98630259946e-12,3.22175792988e-12,1.29437606466e-12,8.73411694531e-13,8.59052846219e-13,5.75213271112e-13,5.71706744446e-13,2.16988482304e-13]},"melbands_crest":{"dmean":3.16760087013,"dmean2":4.97369813919,"dvar":11.2507009506,"dvar2":25.3431224823,"max":33.3117675781,"mean":10.169839859,"median":8.77969360352,"min":1.79168558121,"var":25.0916900635},"melbands_flatness_db":{"dmean":0.0184540394694,"dmean2":0.0274047348648,"dvar":0.000368798762793,"dvar2":0.000777839391958,"max":0.335526108742,"mean":0.131714299321,"median":0.126425489783,"min":0.00392176676542,"var":0.00151441222988},"melbands_kurtosis":{"dmean":2.72334074974,"dmean2":4.21416378021,"dvar":71.0844268799,"dvar2":162.264099121,"max":278.762634277,"mean":3.00041604042,"median":0.456496953964,"min":-1.88413619995,"var":116.819480896},"melbands_skewness":{"dmean":0.535008072853,"dmean2":0.776612699032,"dvar":0.467183589935,"dvar2":0.911558151245,"max":14.5283908844,"mean":1.08730530739,"median":0.789812982082,"min":-1.5968798399,"var":1.75071489811},"melbands_spread":{"dmean":8.64133262634,"dmean2":13.166176796,"dvar":84.9517364502,"dvar2":189.335464478,"max":153.611358643,"mean":42.9624481201,"median":40.4081420898,"min":2.17579340935,"var":360.91494751},"mfcc":{"cov":[[8581.140625,418.289581299,-605.043273926,62.6010398865,-156.475631714,75.7286071777,-9.31145191193,-94.7986755371,5.18364095688,56.9310035706,-18.0343666077,-22.1712112427,-48.9621086121],[418.289581299,817.07043457,-251.779678345,-79.2578964233,78.9923858643,-14.0355577469,5.35144329071,37.2323455811,-27.785200119,-54.8567657471,3.2611811161,12.6582050323,10.3546733856],[-605.043273926,-251.779678345,779.334472656,131.23348999,-8.89653396606,70.9917984009,41.1866188049,27.613702774,53.8180351257,36.4658470154,19.1333827972,24.6272182465,12.6151647568],[62.6010398865,-79.2578964233,131.23348999,329.802764893,41.4045028687,0.474816203117,6.01550292969,41.4778022766,25.4855937958,21.6971759796,2.1564643383,-2.55321288109,8.4845533371],[-156.475631714,78.9923858643,-8.89653396606,41.4045028687,188.201675415,11.6968069077,16.8171749115,47.5108718872,22.0946311951,8.88638401031,13.0380058289,17.107925415,13.7229566574],[75.7286071777,-14.0355577469,70.9917984009,0.474816203117,11.6968069077,132.327377319,53.6836128235,9.85701274872,19.4623241425,22.8216838837,18.5294761658,8.21957492828,-7.2500629425],[-9.31145191193,5.35144329071,41.1866188049,6.01550292969,16.8171749115,53.6836128235,110.709129333,47.0307922363,19.2846984863,17.1727924347,20.6076602936,13.1904287338,3.39026784897],[-94.7986755371,37.2323455811,27.613702774,41.4778022766,47.5108718872,9.85701274872,47.0307922363,106.203613281,26.5761051178,-3.93986845016,11.3555469513,19.6243515015,16.4378890991],[5.18364095688,-27.785200119,53.8180351257,25.4855937958,22.0946311951,19.4623241425,19.2846984863,26.5761051178,84.1959991455,39.5669212341,5.23126983643,1.60045933723,-0.527011930943],[56.9310035706,-54.8567657471,36.4658470154,21.6971759796,8.88638401031,22.8216838837,17.1727924347,-3.93986845016,39.5669212341,89.7489013672,28.4467716217,-10.0137319565,-8.58996677399],[-18.0343666077,3.2611811161,19.1333827972,2.1564643383,13.0380058289,18.5294761658,20.6076602936,11.3555469513,5.23126983643,28.4467716217,65.4013366699,19.2697410583,-3.35727477074],[-22.1712112427,12.6582050323,24.6272182465,-2.55321288109,17.107925415,8.21957492828,13.1904287338,19.6243515015,1.60045933723,-10.0137319565,19.2697410583,65.0506973267,27.3826141357],[-48.9621086121,10.3546733856,12.6151647568,8.4845533371,13.7229566574,-7.2500629425,3.39026784897,16.4378890991,-0.527011930943,-8.58996677399,-3.35727477074,27.3826141357,65.1368484497]],"icov":[[0.000136936519993,-0.0000791747152107,0.000123441786855,-0.0001189454415,0.000173325664946,-0.000144812613144,-0.00000119180549518,0.000112303539936,-0.0000585390007473,-0.000148791121319,0.000108681910206,-0.000132228320581,0.0000672848982504],[-0.0000791747152107,0.00156193575822,0.000352661940269,0.00033567022183,-0.000688417698257,-0.000011325538253,-0.0000146086804307,-0.000486855569761,0.000113394322398,0.000946401560213,-0.000479868263938,0.000228128788876,-0.000147349317558],[0.000123441786855,0.000352661940269,0.00175453699194,-0.000634365540463,0.000378646538593,-0.000833260477521,-0.0000878203572938,0.0000511886100867,-0.000725722988136,0.0000383275692002,-0.0000892385724001,-0.000590760959312,-0.000158381692017],[-0.0001189454415,0.00033567022183,-0.000634365540463,0.00372482929379,-0.000804412760772,0.000375887466362,0.000592293799855,-0.00163389625959,0.00017102198035,-0.00063566386234,0.000175115172169,0.000798768131062,-0.000321495637763],[0.000173325664946,-0.000688417698257,0.000378646538593,-0.000804412760772,0.00676015717909,-0.000725413381588,0.000669275352266,-0.00218245014548,-0.000852336699609,-0.000900800339878,-0.000240702880546,-0.00101028033532,-0.000431256426964],[-0.000144812613144,-0.000011325538253,-0.000833260477521,0.000375887466362,-0.000725413381588,0.0105052078143,-0.00500751938671,0.00172183616087,-0.000874170684256,-0.000567603798117,-0.00074608187424,-0.000774442625698,0.00135877321009],[-0.00000119180549518,-0.0000146086804307,-0.0000878203572938,0.000592293799855,0.000669275352266,-0.00500751938671,0.0146036306396,-0.00648735510185,0.000511808262672,-0.00184373697266,-0.00130949507002,-0.00038691618829,-0.0000238743159571],[0.000112303539936,-0.000486855569761,0.0000511886100867,-0.00163389625959,-0.00218245014548,0.00172183616087,-0.00648735510185,0.0160942580551,-0.00500496523455,0.00427590962499,-0.0019765929319,-0.000977694406174,-0.00187518401071],[-0.0000585390007473,0.000113394322398,-0.000725722988136,0.00017102198035,-0.000852336699609,-0.000874170684256,0.000511808262672,-0.00500496523455,0.0183047801256,-0.009192828089,0.00441801687703,-0.00172614911571,0.00126407900825],[-0.000148791121319,0.000946401560213,0.0000383275692002,-0.00063566386234,-0.000900800339878,-0.000567603798117,-0.00184373697266,0.00427590962499,-0.009192828089,0.0204593576491,-0.00992295332253,0.00605479953811,-0.00147649936844],[0.000108681910206,-0.000479868263938,-0.0000892385724001,0.000175115172169,-0.000240702880546,-0.00074608187424,-0.00130949507002,-0.0019765929319,0.00441801687703,-0.00992295332253,0.0232959240675,-0.00924068130553,0.00449960445985],[-0.000132228320581,0.000228128788876,-0.000590760959312,0.000798768131062,-0.00101028033532,-0.000774442625698,-0.00038691618829,-0.000977694406174,-0.00172614911571,0.00605479953811,-0.00924068130553,0.0239894762635,-0.0095083815977],[0.0000672848982504,-0.000147349317558,-0.000158381692017,-0.000321495637763,-0.000431256426964,0.00135877321009,-0.0000238743159571,-0.00187518401071,0.00126407900825,-0.00147649936844,0.00449960445985,-0.0095083815977,0.0202600229532]],"mean":[-647.037658691,102.198738098,-30.2551002502,16.6271533966,3.84717035294,4.92491006851,4.55386543274,4.3835568428,-1.03901469707,-6.4864783287,-2.87786769867,2.39344382286,-1.05506277084]},"pitch_salience":{"dmean":0.0654825419188,"dmean2":0.102834738791,"dvar":0.00381840835325,"dvar2":0.00870657712221,"max":0.857673227787,"mean":0.601455926895,"median":0.609779477119,"min":0.160700470209,"var":0.00901445746422},"silence_rate_20dB":{"dmean":0,"dmean2":0,"dvar":0,"dvar2":0,"max":1,"mean":1,"median":1,"min":1,"var":0},"silence_rate_30dB":{"dmean":0,"dmean2":0,"dvar":0,"dvar2":0,"max":1,"mean":1,"median":1,"min":1,"var":0},"silence_rate_60dB":{"dmean":0.0346663631499,"dmean2":0.0693405866623,"dvar":0.0334645286202,"dvar2":0.0738325342536,"max":1,"mean":0.108858175576,"median":0,"min":0,"var":0.0970024093986},"spectral_centroid":{"dmean":212.856567383,"dmean2":319.342834473,"dvar":57746.3945312,"dvar2":123001.140625,"max":11086.7958984,"mean":2024.39709473,"median":1994.36523438,"min":374.099700928,"var":289779.40625},"spectral_complexity":{"dmean":4.00430488586,"dmean2":5.63652849197,"dvar":20.7540187836,"dvar2":34.820224762,"max":61,"mean":22.0927734375,"median":22,"min":0,"var":124.531646729},"spectral_contrast_coeffs":{"dmean":[0.0467412509024,0.042427841574,0.0377098917961,0.031828712672,0.0225905608386,0.017856894061],"dmean2":[0.0757283195853,0.070230551064,0.0593540556729,0.0497194826603,0.0354624539614,0.0276215225458],"dvar":[0.00172971340362,0.00119833985809,0.00103213766124,0.000722731521819,0.000402530306019,0.000289261661237],"dvar2":[0.00443771295249,0.00324515602551,0.0023961472325,0.00164154509548,0.000886703259312,0.000596047320869],"max":[-0.359635829926,-0.496252268553,-0.460656672716,-0.486529916525,-0.580941975117,-0.627430438995],"mean":[-0.677726507187,-0.770624816418,-0.750897943974,-0.748188614845,-0.768788158894,-0.757924556732],"median":[-0.680812478065,-0.773702025414,-0.757042527199,-0.752181768417,-0.773970603943,-0.756923913956],"min":[-0.972794473171,-0.970490813255,-0.966568648815,-0.95635676384,-0.960595190525,-0.958378136158],"var":[0.00512505276129,0.00364855001681,0.00548659311607,0.00444272533059,0.00286812731065,0.00187039212324]},"spectral_contrast_valleys":{"dmean":[0.404788434505,0.384568750858,0.332440346479,0.302307516336,0.243078023195,0.282866507769],"dmean2":[0.633842229843,0.618509173393,0.51434636116,0.457857251167,0.34412369132,0.360055416822],"dvar":[0.147359147668,0.142835602164,0.108600087464,0.104195259511,0.0797627493739,0.10486253351],"dvar2":[0.300784468651,0.327469795942,0.216176003218,0.189731121063,0.130512863398,0.181838288903],"max":[-5.76651239395,-4.76556825638,-5.43208456039,-5.72827148438,-5.56734609604,-7.90824222565],"mean":[-7.88722753525,-7.14296579361,-7.35492610931,-7.69120979309,-7.41203737259,-10.2210435867],"median":[-7.6295580864,-6.9551820755,-7.13016319275,-7.43846225739,-7.2113275528,-9.98666381836],"min":[-26.8738002777,-27.1643409729,-26.9340267181,-27.2939910889,-27.1621990204,-27.2996482849],"var":[1.79421877861,1.57784938812,1.6139960289,1.6338146925,1.50039565563,1.34609568119]},"spectral_decrease":{"dmean":1.01026453869e-9,"dmean2":1.45491019232e-9,"dvar":2.12597742417e-18,"dvar2":4.7664888999e-18,"max":-1.54865098127e-28,"mean":-3.65339203334e-9,"median":-3.14870884921e-9,"min":-1.44459741946e-8,"var":7.0683848929e-18},"spectral_energy":{"dmean":0.00418062880635,"dmean2":0.0059750280343,"dvar":0.000035139015381,"dvar2":0.0000777071472839,"max":0.0583541952074,"mean":0.0157852079719,"median":0.0136041967198,"min":1.10991029969e-20,"var":0.000130343818455},"spectral_energyband_high":{"dmean":0.000272308854619,"dmean2":0.000357156794053,"dvar":1.88963468872e-7,"dvar2":3.43728999042e-7,"max":0.00756658054888,"mean":0.000669136352371,"median":0.000413707923144,"min":7.91824619039e-21,"var":5.82496909374e-7},"spectral_energyband_low":{"dmean":0.00162373203784,"dmean2":0.00228101294488,"dvar":0.00000961266414379,"dvar2":0.0000177603596967,"max":0.0284928455949,"mean":0.00243287812918,"median":0.00119030033238,"min":6.08165183578e-23,"var":0.0000144852401718},"spectral_energyband_middle_high":{"dmean":0.00232116063125,"dmean2":0.0033417888917,"dvar":0.00000935566004046,"dvar2":0.0000200278918783,"max":0.0546628721058,"mean":0.0089318677783,"median":0.00645279884338,"min":2.03031077454e-21,"var":0.000066751606937},"spectral_energyband_middle_low":{"dmean":0.00220670877025,"dmean2":0.00361182866618,"dvar":0.0000218868972297,"dvar2":0.0000582458924328,"max":0.0474227145314,"mean":0.004247948993,"median":0.00302124163136,"min":3.2628077163e-22,"var":0.000023536840672},"spectral_entropy":{"dmean":0.11993432045,"dmean2":0.16301445663,"dvar":0.0148392478004,"dvar2":0.0267159622163,"max":9.81267261505,"mean":7.7314786911,"median":7.74770879745,"min":6.09992170334,"var":0.0967044457793},"spectral_flux":{"dmean":0.017857696861,"dmean2":0.0270938612521,"dvar":0.000424907368142,"dvar2":0.000843565154355,"max":0.221548587084,"mean":0.0672290250659,"median":0.0620618164539,"min":1.05352282453e-10,"var":0.00146026397124},"spectral_kurtosis":{"dmean":1.38729095459,"dmean2":2.29735660553,"dvar":2.93723607063,"dvar2":8.23715114594,"max":27.301410675,"mean":5.28769016266,"median":4.92617893219,"min":-1.23419129848,"var":7.72272014618},"spectral_rms":{"dmean":0.000504068855662,"dmean2":0.000691803463269,"dvar":4.03329948995e-7,"dvar2":7.93400658949e-7,"max":0.0075452583842,"mean":0.00360449776053,"median":0.00364312855527,"min":3.29065247273e-12,"var":0.00000240774261329},"spectral_rolloff":{"dmean":430.230621338,"dmean2":688.76965332,"dvar":434447.28125,"dvar2":957550.5625,"max":17937.1582031,"mean":2456.10009766,"median":2347.11914062,"min":86.1328125,"var":2087625.375},"spectral_skewness":{"dmean":0.186005055904,"dmean2":0.288925856352,"dvar":0.0358925946057,"dvar2":0.0876987054944,"max":3.94607305527,"mean":1.52737987041,"median":1.53921747208,"min":-0.0137208309025,"var":0.158810660243},"spectral_spread":{"dmean":458867.75,"dmean2":642019.3125,"dvar":408797675520,"dvar2":708036788224,"max":41694536,"mean":4032967.25,"median":3835973,"min":1441504.25,"var":1903268724740},"spectral_strongpeak":{"dmean":0.994608521461,"dmean2":1.63423645496,"dvar":2.14729595184,"dvar2":4.7673201561,"max":19.3874759674,"mean":2.00704813004,"median":1.04249072075,"min":0,"var":6.33249855042},"zerocrossingrate":{"dmean":0.00930019002408,"dmean2":0.0110461320728,"dvar":0.000112982139399,"dvar2":0.000156170601258,"max":0.494140625,"mean":0.0875988602638,"median":0.08251953125,"min":0.01708984375,"var":0.00129189621657}},"metadata":{"audio_properties":{"analysis_sample_rate":44100,"bit_rate":0,"codec":"flac","downmix":"mix","equal_loudness":0,"length":204.960006714,"lossless":true,"md5_encoded":"0d97674d4aeb095a3bbaf555b3187d9e","replay_gain":-18.2051773071,"sample_rate":44100},"tags":{"album":["Some Girls"],"albumartist":["The Rolling Stones"],"albumartistsort":["Rolling Stones, The"],"artist":["The Rolling Stones"],"artistsort":["Rolling Stones, The"],"barcode":["602527015668"],"catalognumber":["2701566"],"date":["2009-06-09"],"discnumber":["1"],"disctotal":["1"],"file_name":"01-08 Before They Make Me Run.flac","genre":["Rock"],"isrc":["GBCJN7800008"],"label":["Polydor"],"labelno":["2701566"],"media":["CD"],"musicbrainz_albumartistid":["b071f9fa-14b0-4217-8e97-eb41da73f598"],"musicbrainz_albumid":["7ffa7a1c-ecab-3ae0-bed8-9cda89cb90ec"],"musicbrainz_artistid":["b071f9fa-14b0-4217-8e97-eb41da73f598"],"musicbrainz_recordingid":["7e9b15b0-2592-41cc-ba60-de811ebce683"],"musicbrainz_releasegroupid":["b44bc358-a28f-3a1f-b07e-604910f12d37"],"originaldate":["1978-06-09"],"publisher":["Polydor"],"release date":["2009-06-09"],"releasecountry":["AR"],"releasestatus":["official"],"releasetype":["album"],"script":["Latn"],"title":["Before They Make Me Run"],"totaldiscs":["1"],"totaltracks":["10"],"tracknumber":["8"],"tracktotal":["10"]},"version":{"essentia":"2.1-beta1","essentia_build_sha":"ca57ba49d9b1854bd80e60cf9ccf267278fb7d6b","essentia_git_sha":"v2.1_beta1-28-g21ef5f4-dirty","extractor":"music 1.0"}},"rhythm":{"beats_count":453,"beats_loudness":{"dmean":0.00884422007948,"dmean2":0.0161019768566,"dvar":0.0000444479082944,"dvar2":0.000136306640343,"max":0.0553987435997,"mean":0.0243178866804,"median":0.0262553412467,"min":1.21504001305e-10,"var":0.000100071985798},"beats_loudness_band_ratio":{"dmean":[0.241720750928,0.0890020355582,0.086