{"lowlevel":{"average_loudness":0.932505428791,"barkbands":{"dmean":[0.0000428242856287,0.00209362874739,0.00623215874657,0.00505226431414,0.00329928728752,0.00227372092195,0.000819070031866,0.000534396443982,0.00035180375562,0.000222745395149,0.000153398141265,0.00021512771491,0.000158797032782,0.000189959508134,0.000273419718724,0.000363714993,0.00050138606457,0.000105769868242,0.000103605932964,0.0000715906498954,0.000167973688804,0.0000716483482393,0.0000570849006181,0.0000594079210714,0.0000412467707065,0.0000136691851367,3.91144709511e-7],"dmean2":[0.0000648612403893,0.00350834685378,0.0101638063788,0.00829098839313,0.00544191710651,0.00362912472337,0.00134954124223,0.000887876027264,0.00055621721549,0.000365070503904,0.000240379013121,0.000340181199135,0.000248925207416,0.000310030241963,0.000442334014224,0.000585251138546,0.000816526531707,0.000171884748852,0.000163637771038,0.000114442060294,0.00027382481494,0.000114178525109,0.0000875111072673,0.0000908003639779,0.0000614324890194,0.0000211070710066,6.48665718472e-7],"dvar":[6.99102686852e-9,0.00000892901243787,0.000106423489342,0.0000593185141042,0.0000195939664991,0.0000120760096252,0.00000172223906247,0.00000169558995822,2.85308317416e-7,1.17640368558e-7,5.53151870974e-8,1.68876468365e-7,1.26168671954e-7,7.89171750171e-8,2.59722668261e-7,4.00695398639e-7,7.21277842786e-7,2.07966959209e-8,4.50983321798e-8,1.03768558191e-8,5.34340856007e-8,9.30171939473e-9,6.81429934701e-9,9.78755654302e-9,8.19097589755e-9,1.33185495965e-9,1.75573921721e-12],"dvar2":[1.30262636233e-8,0.0000248448050115,0.000260259315837,0.00015314866323,0.0000520110115758,0.0000275776710623,0.00000439163068222,0.00000425328562415,7.11257030162e-7,3.05296140368e-7,1.33108684963e-7,4.1529889927e-7,2.64060219024e-7,2.01838460612e-7,6.69556641242e-7,9.31371118895e-7,0.00000183446434221,5.32818020815e-8,8.93344349606e-8,2.43422011437e-8,1.40122381254e-7,2.25183232061e-8,1.49969086038e-8,2.19012843417e-8,1.74982499601e-8,2.91172397304e-9,4.309287302e-12],"max":[0.00140431593172,0.0295782126486,0.157803654671,0.0945214256644,0.0496915765107,0.0565951429307,0.0182444602251,0.013535710983,0.00787686835974,0.00737332599238,0.00325187388808,0.013609290123,0.0117197241634,0.00466195121408,0.00940297730267,0.0128502221778,0.0189097356051,0.00253037665971,0.0115638459101,0.00174281571526,0.00401205196977,0.00161443813704,0.00225934782065,0.00192642374896,0.00230293860659,0.000677680654917,0.000032710886444],"mean":[0.0000496469183418,0.00339403096586,0.00937631353736,0.00826902873814,0.00577260227874,0.00440236600116,0.00124753313139,0.000613291165791,0.000673320842907,0.000385932042263,0.000262246438069,0.000393775582779,0.000306154921418,0.000341949868016,0.000551078817807,0.000801451387815,0.00108196120709,0.000228865144891,0.000231169295148,0.000168899350683,0.000454604072729,0.00019751668151,0.000165220088093,0.000154562658281,0.00009007799963,0.0000270379132417,4.88504099394e-7],"median":[0.0000138829145726,0.00159691623412,0.00320505793206,0.00346372718923,0.00378316408023,0.00253744679503,0.000579263898544,0.000230612859013,0.000386836996768,0.000239991699345,0.000155702902703,0.000228438468184,0.000142453209264,0.000214205880184,0.00025473383721,0.000455302069895,0.00059012172278,0.000162882264704,0.000155844551045,0.000136111077154,0.000368255132344,0.000142138451338,0.000119236785395,0.000103183774627,0.0000482581817778,0.00000950881076278,1.06220294782e-8],"min":[6.67552981356e-25,2.31415383661e-24,3.17391677113e-24,6.70408943795e-24,4.89325015811e-24,1.20238747154e-23,1.61837481056e-23,6.22019742552e-24,2.25410471899e-23,1.55373113036e-23,5.74375557325e-23,4.78137650778e-23,5.09047177419e-23,3.11139173467e-23,5.57278038501e-23,8.20911818929e-23,9.44857770575e-23,1.12415481028e-22,1.98869991427e-22,2.61009940705e-22,4.74161949588e-22,4.01440535672e-22,4.74583668317e-22,6.22313561685e-22,9.76687348846e-22,1.57808562047e-21,1.92794697179e-21],"var":[1.18613598943e-8,0.0000193831638171,0.000205820280826,0.000129691659822,0.0000372949325538,0.0000339487378369,0.00000330513194058,0.00000159040200742,6.93064464485e-7,2.1763518987e-7,1.09485348787e-7,3.06257447846e-7,5.34961429821e-7,1.83735707537e-7,6.70883650855e-7,0.00000109085794975,0.00000229904594562,5.36261204331e-8,1.8394574397e-7,2.13928981196e-8,1.39281866041e-7,3.54263178792e-8,2.84898487024e-8,3.05677794188e-8,1.98380316618e-8,3.29287530576e-9,2.63055462829e-12]},"barkbands_crest":{"dmean":2.65998911858,"dmean2":4.33441543579,"dvar":5.2822766304,"dvar2":12.9278345108,"max":23.5251426697,"mean":10.2518701553,"median":9.70192718506,"min":2.67286777496,"var":16.2912502289},"barkbands_flatness_db":{"dmean":0.0230346228927,"dmean2":0.0357694514096,"dvar":0.000487108773086,"dvar2":0.00112337002065,"max":0.343384295702,"mean":0.136593341827,"median":0.132964670658,"min":0.0275961942971,"var":0.00207184790634},"barkbands_kurtosis":{"dmean":4.14274454117,"dmean2":6.6412320137,"dvar":56.7279586792,"dvar2":140.071884155,"max":132.671234131,"mean":5.92159175873,"median":2.95853233337,"min":-1.88568592072,"var":98.0992507935},"barkbands_skewness":{"dmean":0.66606682539,"dmean2":1.03244924545,"dvar":0.527675151825,"dvar2":1.21721410751,"max":10.7054834366,"mean":1.92857253551,"median":1.89336109161,"min":-2.91050767899,"var":2.24203085899},"barkbands_spread":{"dmean":6.37092781067,"dmean2":9.95331287384,"dvar":48.9027748108,"dvar2":112.521644592,"max":86.9425048828,"mean":24.5488166809,"median":22.2384490967,"min":1.43000459671,"var":199.122207642},"dissonance":{"dmean":0.0109011065215,"dmean2":0.0181866232306,"dvar":0.000185734723345,"dvar2":0.000506613985635,"max":0.500000119209,"mean":0.476958096027,"median":0.480303287506,"min":0.116130962968,"var":0.000280763371848},"dynamic_complexity":2.87067103386,"erbbands":{"dmean":[0.0306169334799,0.634657025337,5.40401935577,13.015666008,13.0564308167,12.7202615738,14.9851713181,16.886423111,13.2427062988,9.31415939331,11.3729543686,8.29490280151,7.01070785522,6.74583339691,5.74067878723,9.63721370697,7.21827316284,6.93319034576,13.4696540833,13.6144838333,24.483291626,23.157119751,7.05989027023,6.2654633522,3.25246334076,3.61422395706,6.1699590683,5.98268795013,3.03705239296,2.12485146523,1.44537365437,1.34294188023,0.940403699875,0.539781808853,0.244200929999,0.0840823128819,0.0206170808524,0.0022759498097,0.0000521007823409,0.0000141843102028],"dmean2":[0.0501813516021,1.06884336472,8.78681468964,21.5301303864,21.708065033,21.1615810394,24.0414848328,26.9643554688,21.7163028717,15.3260183334,18.8510017395,13.07026577,11.2927494049,10.8452510834,8.9864320755,15.2555894852,11.2036275864,11.2935657501,21.6159648895,21.6507587433,39.1055984497,37.4505615234,11.2481107712,9.96996688843,5.16082429886,5.72974157333,10.0887804031,9.78346443176,4.87954854965,3.2844452858,2.21263337135,2.07803106308,1.43409979343,0.805319964886,0.36924508214,0.128955826163,0.0316632352769,0.00355840823613,0.0000809545526863,0.0000221604877879],"dvar":[0.00214773253538,0.80138874054,73.7037506104,365.810089111,349.033813477,312.307922363,632.475646973,636.178100586,473.489074707,261.038543701,787.155395508,166.497558594,133.879348755,121.56073761,76.2529296875,399.705291748,297.784881592,124.243171692,559.407836914,982.43170166,1563.2310791,1569.22509766,120.908210754,183.870910645,20.8100090027,30.7738437653,80.2251739502,52.4405899048,16.1230697632,10.2967061996,4.78386449814,5.00464725494,2.78893113136,1.22650933266,0.360190689564,0.0452116392553,0.00380849372596,0.0000464817749162,2.27153762467e-8,3.07365050078e-10],"dvar2":[0.00548128271475,2.24437594414,181.884262085,950.885070801,934.489257812,824.337463379,1486.109375,1451.59484863,1213.43151855,672.953491211,2007.07263184,410.817565918,338.564239502,304.674591064,183.52911377,1005.11254883,609.560974121,324.243011475,1462.4083252,2479.79003906,3920.76098633,4154.83251953,301.475616455,356.582305908,47.9928474426,69.7718658447,214.223358154,134.875106812,40.6526489258,23.4873008728,10.7763147354,11.7801914215,6.21053266525,2.58915638924,0.80584448576,0.0988402962685,0.00842395238578,0.000101355268271,4.91840488337e-8,7.31084859318e-10],"max":[0.567570447922,8.51285934448,124.316749573,225.633743286,211.455947876,267.022125244,398.173278809,358.938842773,274.175384521,215.793045044,311.569396973,231.371627808,189.603103638,289.277374268,119.004821777,702.403869629,606.917297363,234.283340454,391.420349121,725.799133301,879.761901855,833.600341797,187.4427948,771.893859863,108.314331055,94.5087966919,157.4634552,106.162017822,63.6876449585,67.5267105103,45.9755744934,49.2298469543,25.0164108276,27.7147464752,16.1555271149,4.41491365433,1.21189928055,0.144345447421,0.00313243013807,0.000218091518036],"mean":[0.0472303703427,1.07184159756,8.62031555176,21.6623287201,21.7329063416,22.2551116943,27.5202503204,32.4652175903,21.4158763885,13.2443084717,14.8462123871,15.9873828888,12.9116973877,12.4213209152,11.0134992599,18.1209506989,15.436258316,13.879483223,27.8317203522,33.0511856079,55.6071434021,53.5514717102,16.7359542847,14.6556272507,7.76863288879,8.68998336792,15.3918685913,16.1715068817,8.19772529602,5.77336597443,4.20669555664,3.58978414536,2.24445962906,1.20646774769,0.515778005123,0.17013438046,0.0382563658059,0.00390926236287,0.000110991997644,0.0000513991071784],"median":[0.0254387296736,0.592824101448,4.02761983871,12.2474622726,12.7112159729,13.4893026352,15.8557863235,18.9094657898,9.16607284546,6.49232387543,6.92281961441,9.35539054871,7.74469089508,7.88558244705,7.50032043457,10.4227409363,7.74787712097,9.45920944214,16.3566188812,17.3174476624,34.7200775146,30.8594245911,11.2144794464,10.2143964767,5.8678612709,6.96441173553,12.1672000885,13.2734489441,6.06773281097,4.0538020134,2.98274755478,2.46762943268,1.44056797028,0.699192166328,0.246024429798,0.0655068606138,0.0109186926857,0.00071468076203,0.0000457911737612,0.0000495450331073],"min":[1.36165949804e-22,4.08630075122e-22,4.79197684197e-21,1.87934288105e-20,1.47798434652e-20,1.52513412612e-20,6.89469839341e-20,8.93217090416e-20,3.23001621493e-19,1.65972781782e-19,1.77057480204e-19,4.79029598511e-19,4.63650811659e-19,1.60284731169e-18,2.33239248782e-18,2.1960762248e-18,2.445909792e-18,3.10531894438e-18,2.91276391228e-18,2.93226717677e-18,5.40491310053e-18,5.80095725165e-18,5.63053860672e-18,9.88963657324e-18,1.0439319597e-17,1.188747214e-17,1.54803013521e-17,1.6226795459e-17,1.5741293379e-17,1.57766967092e-17,1.31215768103e-17,1.23459444391e-17,9.66568900292e-18,9.67364648042e-18,6.68661332966e-18,5.3021921577e-18,2.91904324711e-18,1.18366019799e-18,2.74562286713e-19,2.92183327561e-20],"var":[0.00338440644555,1.66434907913,145.774520874,656.509033203,638.054931641,641.17791748,1477.7512207,1717.3104248,955.467163086,347.049194336,742.979248047,422.882080078,254.016601562,237.41607666,147.937225342,697.235900879,1429.67797852,258.982391357,1307.34619141,3630.23095703,4485.65234375,5700.70117188,344.103515625,766.182922363,55.4198951721,61.8165512085,174.659606934,166.517807007,58.5281066895,36.7068977356,18.9954185486,15.7328052521,7.30967378616,2.97391891479,0.866723179817,0.116425648332,0.00850822869688,0.000104132741399,5.11579223428e-8,9.7778318775e-10]},"erbbands_crest":{"dmean":2.23627018929,"dmean2":3.68737459183,"dvar":4.4798617363,"dvar2":11.2946653366,"max":28.5217247009,"mean":7.8035159111,"median":6.97113132477,"min":2.40929913521,"var":12.1321964264},"erbbands_flatness_db":{"dmean":0.0124758575112,"dmean2":0.0187393315136,"dvar":0.00014206074411,"dvar2":0.000308922142722,"max":0.240653023124,"mean":0.137568771839,"median":0.135793745518,"min":0.0554459914565,"var":0.000628742738627},"erbbands_kurtosis":{"dmean":0.702934145927,"dmean2":1.13588166237,"dvar":1.14668893814,"dvar2":2.72686719894,"max":16.4609870911,"mean":-0.199527591467,"median":-0.718990087509,"min":-1.87430953979,"var":2.91604304314},"erbbands_skewness":{"dmean":0.36161929369,"dmean2":0.559022605419,"dvar":0.133813202381,"dvar2":0.309128642082,"max":3.30071306229,"mean":-0.0414349772036,"median":0.0116273248568,"min":-2.9478931427,"var":0.597636759281},"erbbands_spread":{"dmean":9.1115064621,"dmean2":14.3267478943,"dvar":95.2396240234,"dvar2":224.613555908,"max":138.647003174,"mean":53.9439239502,"median":52.143447876,"min":6.9494562149,"var":380.415588379},"gfcc":{"cov":[[43344.34375,3539.91845703,-2382.43041992,973.846984863,-1697.94885254,29.8975543976,-1710.734375,-99.7674407959,-833.576049805,20.847196579,-834.411315918,71.2001953125,-211.432037354],[3539.91845703,1247.29919434,-211.567108154,90.4353027344,39.0926818848,-55.1417579651,-95.0444107056,-96.2125091553,-0.586180448532,-109.296279907,-45.3926467896,-67.2771072388,51.3381576538],[-2382.43041992,-211.567108154,678.401672363,49.3461074829,134.226531982,66.0695953369,164.73651123,30.0355701447,12.5658588409,23.6786441803,65.7155685425,-14.7467041016,-38.8307228088],[973.846984863,90.4353027344,49.3461074829,414.043304443,-10.1426744461,53.2254562378,8.42266368866,-33.2790107727,-8.95525169373,-40.2980308533,11.0978794098,-39.6719856262,-22.4547519684],[-1697.94885254,39.0926818848,134.226531982,-10.1426744461,315.050750732,10.9791717529,77.0368499756,-0.941168367863,71.3989944458,-15.110376358,1.35437715054,-15.4896717072,11.7244253159],[29.8975543976,-55.1417579651,66.0695953369,53.2254562378,10.9791717529,122.733428955,54.0595397949,6.54154872894,-12.2432088852,14.6243200302,10.8555088043,-19.4415073395,-20.1808853149],[-1710.734375,-95.0444107056,164.73651123,8.42266368866,77.0368499756,54.0595397949,183.975662231,25.3041610718,39.1207618713,-10.4863758087,50.9364852905,-16.4081001282,-4.14035987854],[-99.7674407959,-96.2125091553,30.0355701447,-33.2790107727,-0.941168367863,6.54154872894,25.3041610718,83.6554336548,19.0697002411,21.3013038635,-12.8396177292,14.3868722916,-14.390411377],[-833.576049805,-0.586180448532,12.5658588409,-8.95525169373,71.3989944458,-12.2432088852,39.1207618713,19.0697002411,82.1221694946,9.27637767792,13.1928005219,-10.3014574051,10.9550714493],[20.847196579,-109.296279907,23.6786441803,-40.2980308533,-15.110376358,14.6243200302,-10.4863758087,21.3013038635,9.27637767792,77.7412185669,17.9162044525,10.2543153763,-18.78099823],[-834.411315918,-45.3926467896,65.7155685425,11.0978794098,1.35437715054,10.8555088043,50.9364852905,-12.8396177292,13.1928005219,17.9162044525,100.440628052,13.4384374619,5.36084413528],[71.2001953125,-67.2771072388,-14.7467041016,-39.6719856262,-15.4896717072,-19.4415073395,-16.4081001282,14.3868722916,-10.3014574051,10.2543153763,13.4384374619,68.2351760864,25.9243106842],[-211.432037354,51.3381576538,-38.8307228088,-22.4547519684,11.7244253159,-20.1808853149,-4.14035987854,-14.390411377,10.9550714493,-18.78099823,5.36084413528,25.9243106842,68.5155334473]],"icov":[[0.000145379453897,-0.000460549868876,0.000189572718227,-0.000351192575181,0.000406195962569,-0.000409660628065,0.000529133947566,-0.000331380142597,0.000602799467742,-0.000628179870546,0.0007487515104,-0.000754752138164,0.000516675121617],[-0.000460549868876,0.00257742754184,-0.000417506089434,0.0010392498225,-0.00152557576075,0.00141522171907,-0.000987523118965,0.00132878508884,-0.0019161774544,0.00311504164711,-0.0026421409566,0.0037511754781,-0.00240351981483],[0.000189572718227,-0.000417506089434,0.00251421332359,-0.000821091118269,-0.000496643304359,-0.000159578878083,-0.00100716087036,-0.000950254383497,0.00248754187487,-0.00177016295493,0.000251526478678,-0.000588928349316,0.00115138059482],[-0.000351192575181,0.0010392498225,-0.000821091118269,0.00396725349128,-0.00054165587062,-0.000842284993269,-0.000164592900546,0.00152677076403,-0.00268394243903,0.00411292538047,-0.0026604544837,0.0022860406898,0.0000274595240626],[0.000406195962569,-0.00152557576075,-0.000496643304359,-0.00054165587062,0.00613752985373,-0.00202776771039,0.000618799822405,0.00124193995725,-0.0033858299721,-0.000614467717241,0.00398177793249,-0.00361770531163,0.00201853155158],[-0.000409660628065,0.00141522171907,-0.000159578878083,-0.000842284993269,-0.00202776771039,0.0138282207772,-0.00646260939538,0.000135620532092,0.0042807389982,-0.00370608875528,-0.00125557347201,0.0055304816924,-0.00232777441852],[0.000529133947566,-0.000987523118965,-0.00100716087036,-0.000164592900546,0.000618799822405,-0.00646260939538,0.0149059304968,-0.00541674392298,-0.00192125455942,0.00485060084611,-0.00367014412768,0.000407111772802,0.00127163692378],[-0.000331380142597,0.00132878508884,-0.000950254383497,0.00152677076403,0.00124193995725,0.000135620532092,-0.00541674392298,0.0210847370327,-0.0088312542066,-0.00129481265321,0.00580780860037,-0.00737175159156,0.00526407780126],[0.000602799467742,-0.0019161774544,0.00248754187487,-0.00268394243903,-0.0033858299721,0.0042807389982,-0.00192125455942,-0.0088312542066,0.0266967881471,-0.00955339893699,-0.000056295782997,0.00583725562319,-0.00539610115811],[-0.000628179870546,0.00311504164711,-0.00177016295493,0.00411292538047,-0.000614467717241,-0.00370608875528,0.00485060084611,-0.00129481265321,-0.00955339893699,0.025743290782,-0.00899764616042,0.000900181941688,0.00405431957915],[0.0007487515104,-0.0026421409566,0.000251526478678,-0.0026604544837,0.00398177793249,-0.00125557347201,-0.00367014412768,0.00580780860037,-0.000056295782997,-0.00899764616042,0.0206264611334,-0.0104458145797,0.0033889466431],[-0.000754752138164,0.0037511754781,-0.000588928349316,0.0022860406898,-0.00361770531163,0.0055304816924,0.000407111772802,-0.00737175159156,0.00583725562319,0.000900181941688,-0.0104458145797,0.0315598323941,-0.0158106405288],[0.000516675121617,-0.00240351981483,0.00115138059482,0.0000274595240626,0.00201853155158,-0.00232777441852,0.00127163692378,0.00526407780126,-0.00539610115811,0.00405431957915,0.0033889466431,-0.0158106405288,0.0264947991818]],"mean":[-13.2228899002,81.9217529297,-109.844215393,54.3958892822,-61.8435897827,14.8952531815,-50.8721313477,1.22494637966,-25.5703430176,-3.07340025902,-24.3564777374,-2.04782414436,-5.88322877884]},"hfc":{"dmean":4.01111984253,"dmean2":5.83864545822,"dvar":24.8603668213,"dvar2":49.7491493225,"max":92.4693069458,"mean":23.4669399261,"median":23.161857605,"min":1.13863780363e-16,"var":146.602478027},"melbands":{"dmean":[0.000408773456002,0.00212608766742,0.00217248499393,0.000867008464411,0.000469575898023,0.000390827044612,0.000189143014723,0.000106300016341,0.0000854782265378,0.000050011658459,0.0000354307812813,0.000028442891562,0.0000219315170398,0.0000246840008913,0.0000202869960049,0.0000133119938255,0.0000146573347592,0.0000227743894357,0.000017771988496,0.0000202130868274,0.0000355213669536,0.0000304456170852,0.0000133715566335,0.00000409251424571,0.00000583154087508,0.00000329036697622,0.0000023030193006,0.00000273647879112,0.00000348100047631,0.00000584534291193,0.00000288575097329,0.00000209766449188,0.00000125176609345,0.0000013751679262,9.38996436162e-7,8.19435740596e-7,9.30226178752e-7,7.50196306853e-7,6.3935254957e-7,4.34654253922e-7],"dmean2":[0.000677825941239,0.00348675902933,0.00354024861008,0.00143354793545,0.00075185042806,0.000623702362645,0.000310485484079,0.000175500957994,0.000139330717502,0.0000792763894424,0.0000572149583604,0.0000459660841443,0.0000341433369613,0.0000392800284317,0.0000319020909956,0.0000209367590287,0.0000240011140704,0.0000365657324437,0.0000287205912173,0.0000320070030284,0.0000569776093471,0.000049351790949,0.0000217300457734,0.00000659918532619,0.00000937018376135,0.00000529568933416,0.0000038313960431,0.00000435464789916,0.00000576306638322,0.00000968344465946,0.00000472064493806,0.0000034569577565,0.00000200184808818,0.00000217381148104,0.00000147903142533,0.00000128503222641,0.00000147198909417,0.00000117977970149,9.76431692834e-7,6.55635858493e-7],"dvar":[3.29330418936e-7,0.000010644568647,0.00000963823367783,0.00000136004632623,4.852866482e-7,3.26481853108e-7,9.72068221472e-8,4.13237017938e-8,3.66254795381e-8,6.24852436459e-9,3.41517170099e-9,2.22013052387e-9,1.1583733972e-9,2.01438621339e-9,1.39067179994e-9,6.83734846518e-10,6.10240802335e-10,1.40037337282e-9,1.10412701204e-9,1.75338066288e-9,3.35828542752e-9,2.82147105679e-9,7.44009354126e-10,2.98960994849e-11,1.78925693706e-10,2.48594166086e-11,9.83828123136e-12,2.22599820521e-11,2.24884607464e-11,8.56917453662e-11,1.18654175027e-11,7.67318760614e-12,4.63528391018e-12,4.12374127901e-12,1.97488141292e-12,1.65058537584e-12,2.39500758635e-12,1.57000421778e-12,1.66849704625e-12,7.92945353476e-13],"dvar2":[8.92976458999e-7,0.0000268038256763,0.0000250333323493,0.00000368036967302,0.0000011713253798,7.47217939079e-7,2.47071966442e-7,1.03974848287e-7,9.31379631197e-8,1.56436534837e-8,8.63421067976e-9,5.65130386931e-9,2.79869127873e-9,4.95207075346e-9,3.1978648618e-9,1.46348311247e-9,1.60144741912e-9,3.66073771296e-9,2.81757484011e-9,3.82493237083e-9,8.43297609521e-9,7.50250350734e-9,1.8476641328e-9,7.76415737258e-11,3.45721146155e-10,5.69404454143e-11,2.5922220967e-11,4.97662258625e-11,6.18062823143e-11,2.29397681406e-10,3.06170748476e-11,2.00340005002e-11,1.15031560666e-11,9.52238895374e-12,4.56061664128e-12,3.84044835863e-12,5.71924148665e-12,3.736148977e-12,3.71029032151e-12,1.70994110798e-12],"max":[0.00576500687748,0.0462686270475,0.0335881225765,0.0126185221598,0.0104772597551,0.00823284965008,0.00420063314959,0.00224130041897,0.00212182570249,0.00139382202178,0.000957843731157,0.00123494083527,0.000502134731505,0.00133089337032,0.0010236290982,0.000819278880954,0.000535653554834,0.000553663878236,0.000757411704399,0.00123395875562,0.0013337393757,0.00120798952412,0.000578933337238,0.0000923501866055,0.000771506747697,0.000158545590239,0.000052495059208,0.0000804668015917,0.0000871682786965,0.000175849738298,0.0000541664376215,0.0000475166016258,0.0000472196370538,0.0000558990577701,0.0000357854696631,0.0000258981344814,0.0000364829320461,0.0000208530364034,0.0000202273768082,0.0000236546438828],"mean":[0.000679855525959,0.00349489157088,0.00386282079853,0.00154457776807,0.000958159682341,0.000768199039157,0.000302932254272,0.000138297051308,0.000120396311104,0.0000949876193772,0.0000623477390036,0.0000500891947013,0.000038091391616,0.00004395324504,0.0000412574117945,0.0000261298609985,0.0000264470672846,0.0000445550431323,0.0000373077891709,0.0000472447172797,0.0000727046572138,0.0000644571191515,0.000025748176995,0.00000892470779945,0.0000125795522763,0.000006762639714,0.00000479723394164,0.00000568944233237,0.00000776013621362,0.0000134418032758,0.00000738425796953,0.00000499750331073,0.00000299299108519,0.00000339778398484,0.00000247192224379,0.00000215541172111,0.00000223967163038,0.00000168798487721,0.00000127015596263,9.29601128519e-7],"median":[0.000336565717589,0.0019308864139,0.00236327736638,0.00105589278974,0.000617539801169,0.000448195438366,0.000128145169583,0.0000626359178568,0.0000620650171186,0.0000541006775165,0.0000352348324668,0.0000305725807266,0.0000229962388403,0.0000250253578997,0.0000238750526478,0.0000135934806167,0.0000163981931109,0.0000257486426563,0.0000186242068594,0.0000221053196583,0.000042107894842,0.0000352207352989,0.0000135465061248,0.00000628267116554,0.00000840226402943,0.00000464627282781,0.0000038010375647,0.00000425753205491,0.00000600494968239,0.0000103986876638,0.00000599920440436,0.00000366335029867,0.00000182373582902,0.00000238623943005,0.00000172184445546,0.00000149064044308,0.00000151653432567,0.00000106678021439,6.91985803769e-7,5.32070941972e-7],"min":[8.20847242775e-25,1.81972027591e-24,3.69523826136e-24,5.30871193828e-25,2.36373867488e-24,2.33617488878e-24,5.41066047597e-24,2.21991611844e-24,1.82562332206e-24,2.87335701915e-24,1.93655373141e-24,6.15913722487e-24,7.53507867095e-24,5.79073247682e-24,4.83023279356e-24,4.91603482764e-24,5.65874815877e-24,4.04877968667e-24,4.31746886643e-24,4.30340032105e-24,5.45255569536e-24,5.70488232223e-24,5.55475814766e-24,5.83878515e-24,7.1789695034e-24,6.1507315175e-24,8.05395035364e-24,7.63305046222e-24,7.96136727122e-24,1.02014656071e-23,9.45069958382e-24,9.55337771924e-24,6.45549136215e-24,8.10165277258e-24,6.78666266434e-24,6.97641605535e-24,7.87335563775e-24,5.32695010659e-24,6.47625851991e-24,7.87775669274e-24],"var":[7.23207449482e-7,0.0000207649954973,0.0000191275921679,0.00000254479755313,0.0000012655076489,9.31727868192e-7,1.98130862827e-7,4.68684859811e-8,3.74489417254e-8,1.50100856189e-8,6.42138608953e-9,4.09377554078e-9,2.20667151218e-9,3.79585030075e-9,4.97786301068e-9,2.87213963723e-9,1.19490151107e-9,3.28850324749e-9,3.14346126906e-9,6.03790972775e-9,9.08748010175e-9,8.90321594227e-9,1.60810065264e-9,8.54193868416e-11,7.26424642661e-10,7.26207635693e-11,1.75827512272e-11,3.73340351689e-11,4.98039491592e-11,1.50173484759e-10,3.69464597805e-11,2.28386528439e-11,1.31338395021e-11,1.34545213512e-11,7.27590080199e-12,5.28707589861e-12,6.54201606082e-12,4.05556274327e-12,3.33683232955e-12,1.9003926037e-12]},"melbands_crest":{"dmean":3.63969039917,"dmean2":5.95966625214,"dvar":9.18187522888,"dvar2":23.829624176,"max":33.1221656799,"mean":15.1660261154,"median":14.8388652802,"min":1.56442582607,"var":27.1202659607},"melbands_flatness_db":{"dmean":0.0285780560225,"dmean2":0.0437895059586,"dvar":0.000791865866631,"dvar2":0.00180902774446,"max":0.42137786746,"mean":0.186740636826,"median":0.189834997058,"min":0.00431740470231,"var":0.00442045973614},"melbands_kurtosis":{"dmean":12.3180274963,"dmean2":19.5578346252,"dvar":510.646087646,"dvar2":1147.93896484,"max":484.285614014,"mean":23.9636821747,"median":14.7119493484,"min":-1.83900380135,"var":1139.59265137},"melbands_skewness":{"dmean":0.952266216278,"dmean2":1.47789001465,"dvar":1.15030622482,"dvar2":2.60062789917,"max":18.536190033,"mean":3.70631790161,"median":3.4328546524,"min":-1.04242432117,"var":4.50550460815},"melbands_spread":{"dmean":8.68016624451,"dmean2":13.6568899155,"dvar":178.8671875,"dvar2":409.594848633,"max":205.40057373,"mean":26.4516048431,"median":17.0832748413,"min":0.953038752079,"var":803.612792969},"mfcc":{"cov":[[15323.640625,2299.27832031,-45.9536247253,432.987487793,174.236938477,116.745735168,-286.175842285,-91.9620132446,91.2645645142,-212.175216675,-278.956726074,52.340713501,-104.98563385],[2299.27832031,1234.95825195,-70.8759384155,92.7977676392,141.633666992,35.5515441895,-54.5583610535,-11.9639415741,74.2392883301,-68.2961959839,-91.0981140137,9.32883930206,-11.2189226151],[-45.9536247253,-70.8759384155,469.88848877,126.346099854,-10.2144756317,66.6985549927,104.381187439,31.9267921448,-45.8343276978,40.6251411438,36.0699386597,-8.19370746613,-0.00688036950305],[432.987487793,92.7977676392,126.346099854,288.123840332,91.9863433838,81.3288116455,20.6599845886,47.4119949341,5.73487043381,-3.07965350151,0.803550481796,13.1164264679,-25.6714897156],[174.236938477,141.633666992,-10.2144756317,91.9863433838,172.348114014,57.2892112732,-3.75300908089,1.41356384754,33.9258651733,-4.40533447266,-9.48783111572,9.66859531403,-0.923071444035],[116.745735168,35.5515441895,66.6985549927,81.3288116455,57.2892112732,128.268096924,54.940032959,20.354511261,2.93586182594,14.9120588303,11.0059089661,8.19613170624,-14.7795305252],[-286.175842285,-54.5583610535,104.381187439,20.6599845886,-3.75300908089,54.940032959,107.325973511,37.9264564514,-12.7478837967,20.5011062622,28.7538795471,7.06557750702,1.19880867004],[-91.9620132446,-11.9639415741,31.9267921448,47.4119949341,1.41356384754,20.354511261,37.9264564514,77.2972183228,24.957201004,3.6945502758,5.70918226242,4.00818824768,-0.407242298126],[91.2645645142,74.2392883301,-45.8343276978,5.73487043381,33.9258651733,2.93586182594,-12.7478837967,24.957201004,83.9688110352,14.6928882599,-9.31496715546,-1.94822645187,-0.50642323494],[-212.175216675,-68.2961959839,40.6251411438,-3.07965350151,-4.40533447266,14.9120588303,20.5011062622,3.6945502758,14.6928882599,66.9630203247,38.409778595,-0.12054155767,0.739339530468],[-278.956726074,-91.0981140137,36.0699386597,0.803550481796,-9.48783111572,11.0059089661,28.7538795471,5.70918226242,-9.31496715546,38.409778595,76.7144393921,21.7385559082,2.28386592865],[52.340713501,9.32883930206,-8.19370746613,13.1164264679,9.66859531403,8.19613170624,7.06557750702,4.00818824768,-1.94822645187,-0.12054155767,21.7385559082,54.6509017944,17.7392520905],[-104.98563385,-11.2189226151,-0.00688036950305,-25.6714897156,-0.923071444035,-14.7795305252,1.19880867004,-0.407242298126,-0.50642323494,0.739339530468,2.28386592865,17.7392520905,52.9136581421]],"icov":[[0.000104097664007,-0.000172416024725,-0.0000521053116245,-0.000102107900602,0.000171161387698,-0.000149456420331,0.000265462615062,0.0000937857112149,-0.0000282222499663,0.0000492120889248,0.000163960226928,-0.000214255152969,0.000140180360177],[-0.000172416024725,0.00133618537802,0.00000648693185212,0.0000272569668596,-0.000738026632462,0.000103274069261,-0.000402195350034,0.000409016705817,-0.000956857518759,0.000749302387703,0.000528539647348,-0.00017363562074,-0.00000156045973654],[-0.0000521053116245,0.00000648693185212,0.00363166863099,-0.00192572560627,0.000667332555167,0.000236938562011,-0.00314772711135,0.000565996801015,0.00159021641593,-0.00183323747478,-0.0000404217607866,0.00180503597949,-0.00144488015212],[-0.000102107900602,0.0000272569668596,-0.00192572560627,0.00702906679362,-0.00319373048842,-0.00212397798896,0.00330505520105,-0.00515433168039,0.00191885221284,0.000158565773745,0.00019709780463,-0.00208212551661,0.00315529876389],[0.000171161387698,-0.000738026632462,0.000667332555167,-0.00319373048842,0.010088599287,-0.00385995861143,0.000359189900337,0.00375871406868,-0.00431458745152,0.0016877851449,-0.000473261548905,0.0000928109584493,-0.00232317647897],[-0.000149456420331,0.000103274069261,0.000236938562011,-0.00212397798896,-0.00385995861143,0.0148142464459,-0.00805309973657,0.00111809896771,0.000511197082233,-0.00289823766798,0.00171813427005,-0.00171772355679,0.00350356916897],[0.000265462615062,-0.000402195350034,-0.00314772711135,0.00330505520105,0.000359189900337,-0.00805309973657,0.0214372109622,-0.00996264908463,0.00431456090882,-0.00102102640085,-0.00283914757892,-0.00098445022013,-0.000252802215982],[0.0000937857112149,0.000409016705817,0.000565996801015,-0.00515433168039,0.00375871406868,0.00111809896771,-0.00996264908463,0.0238991435617,-0.0109211700037,0.00481003103778,-0.000924706866499,0.000408715277445,-0.00170911231544],[-0.0000282222499663,-0.000956857518759,0.00159021641593,0.00191885221284,-0.00431458745152,0.000511197082233,0.00431456090882,-0.0109211700037,0.0214438103139,-0.0103214122355,0.0044425604865,-0.000403608224588,0.000851004209835],[0.0000492120889248,0.000749302387703,-0.00183323747478,0.000158565773745,0.0016877851449,-0.00289823766798,-0.00102102640085,0.00481003103778,-0.0103214122355,0.0283032748848,-0.0143453506753,0.0055128778331,-0.00210998556577],[0.000163960226928,0.000528539647348,-0.0000404217607866,0.00019709780463,-0.000473261548905,0.00171813427005,-0.00283914757892,-0.000924706866499,0.0044425604865,-0.0143453506753,0.0259826611727,-0.0115662440658,0.00406090822071],[-0.000214255152969,-0.00017363562074,0.00180503597949,-0.00208212551661,0.0000928109584493,-0.00171772355679,-0.00098445022013,0.000408715277445,-0.000403608224588,0.0055128778331,-0.0115662440658,0.027748612687,-0.0108089223504],[0.000140180360177,-0.00000156045973654,-0.00144488015212,0.00315529876389,-0.00232317647897,0.00350356916897,-0.000252802215982,-0.00170911231544,0.000851004209835,-0.00210998556577,0.00406090822071,-0.0108089223504,0.0251238159835]],"mean":[-631.893127441,97.6047210693,12.4715223312,32.2489814758,11.7810840607,9.835896492,-9.42894172668,-1.74258995056,2.79329967499,-8.39130878448,-10.932185173,1.1906003952,-7.57434225082]},"pitch_salience":{"dmean":0.0775466859341,"dmean2":0.126323238015,"dvar":0.00453945575282,"dvar2":0.0118064461276,"max":0.989447951317,"mean":0.577747762203,"median":0.588450074196,"min":0.170867472887,"var":0.0122148627415},"silence_rate_20dB":{"dmean":0,"dmean2":0,"dvar":0,"dvar2":0,"max":1,"mean":1,"median":1,"min":1,"var":0},"silence_rate_30dB":{"dmean":0.0120611675084,"dmean2":0.0241275317967,"dvar":0.0119156008586,"dvar2":0.0304383188486,"max":1,"mean":0.990310072899,"median":1,"min":0,"var":0.00959627516568},"silence_rate_60dB":{"dmean":0.00646133953705,"dmean2":0.0129254627973,"dvar":0.00641980068758,"dvar2":0.0149133987725,"max":1,"mean":0.0854866504669,"median":0,"min":0,"var":0.0781795457006},"spectral_centroid":{"dmean":287.216094971,"dmean2":449.124664307,"dvar":150831.4375,"dvar2":303401.09375,"max":11629.3613281,"mean":1376.18603516,"median":1166.96655273,"min":207.61769104,"var":758683.875},"spectral_complexity":{"dmean":3.55761361122,"dmean2":5.37699270248,"dvar":12.823132515,"dvar2":24.8780555725,"max":51,"mean":21.6124038696,"median":23,"min":0,"var":104.478889465},"spectral_contrast_coeffs":{"dmean":[0.0527016669512,0.0523664839566,0.0349659062922,0.0280076935887,0.0201789010316,0.0170716457069],"dmean2":[0.0871437713504,0.0875204876065,0.0577895119786,0.0464379303157,0.0334859006107,0.0276316348463],"dvar":[0.00168553448748,0.00190122274216,0.000771461171098,0.000528653676156,0.000272734003374,0.000225931406021],"dvar2":[0.0046771671623,0.00518268533051,0.00210040900856,0.00139607000165,0.000699889613315,0.000538973486982],"max":[-0.307023644447,-0.416412770748,-0.595164358616,-0.575008749962,-0.646099507809,-0.606796145439],"mean":[-0.580278337002,-0.71983319521,-0.794616520405,-0.786446869373,-0.792488992214,-0.742268979549],"median":[-0.568612396717,-0.719776749611,-0.792794704437,-0.785542786121,-0.790177941322,-0.738490641117],"min":[-0.980987727642,-0.991967558861,-0.992613196373,-0.988738358021,-0.993294417858,-0.963914990425],"var":[0.00823906995356,0.00728187104687,0.00316169415601,0.00291399960406,0.0017841544468,0.00219780602492]},"spectral_contrast_valleys":{"dmean":[0.474814593792,0.422304183245,0.355114936829,0.29868593812,0.229907616973,0.217182099819],"dmean2":[0.771711885929,0.686489105225,0.562147378922,0.470160514116,0.355059087276,0.318410336971],"dvar":[0.208445742726,0.259341597557,0.233379796147,0.214882224798,0.21535128355,0.186940789223],"dvar2":[0.473827421665,0.567282021046,0.507670044899,0.465346336365,0.471864491701,0.399660676718],"max":[-5.21986293793,-4.79754686356,-5.5208325386,-5.85949850082,-6.0159869194,-7.9997549057],"mean":[-7.51691865921,-7.03861999512,-7.68710613251,-7.90980148315,-7.57136487961,-9.8850069046],"median":[-6.8955450058,-6.5274810791,-7.15658569336,-7.36448574066,-7.09020423889,-9.45120239258],"min":[-27.7397403717,-27.982175827,-27.282497406,-27.3870067596,-27.4608459473,-27.3448181152],"var":[6.40666007996,5.29178380966,4.65380334854,4.49766969681,4.29920864105,3.81084799767]},"spectral_decrease":{"dmean":3.15353942959e-9,"dmean2":5.02816899228e-9,"dvar":1.59815628772e-17,"dvar2":4.01403057265e-17,"max":1.25561616614e-28,"mean":-9.93913840119e-9,"median":-9.30920407427e-9,"min":-5.1816407165e-8,"var":4.65080082564e-17},"spectral_energy":{"dmean":0.0120661668479,"dmean2":0.0192064531147,"dvar":0.000231890080613,"dvar2":0.000581830914598,"max":0.198531553149,"mean":0.0396411754191,"median":0.0375187397003,"min":1.03415905405e-20,"var":0.000687369087245},"spectral_energyband_high":{"dmean":0.00033323885873,"dmean2":0.00049010803923,"dvar":2.06690955906e-7,"dvar2":4.36641784063e-7,"max":0.00735227577388,"mean":0.00118506606668,"median":0.000962806923781,"min":7.76644077653e-21,"var":9.0996451263e-7},"spectral_energyband_low":{"dmean":0.00924519076943,"dmean2":0.015093059279,"dvar":0.000179443595698,"dvar2":0.000455775269074,"max":0.18456608057,"mean":0.0172274168581,"median":0.0113409757614,"min":3.05920763916e-23,"var":0.000361727958079},"spectral_energyband_middle_high":{"dmean":0.00111645529978,"dmean2":0.00170613080263,"dvar":0.00000170793873622,"dvar2":0.00000396550376536,"max":0.021011441946,"mean":0.00460903998464,"median":0.00433351937681,"min":1.19422757006e-21,"var":0.0000113375790534},"spectral_energyband_middle_low":{"dmean":0.00781475845724,"dmean2":0.0125595703721,"dvar":0.0000893194519449,"dvar2":0.000228348581004,"max":0.109911471605,"mean":0.0210955645889,"median":0.0182635560632,"min":1.68659660605e-22,"var":0.000257248088019},"spectral_entropy":{"dmean":0.133526980877,"dmean2":0.203759983182,"dvar":0.0189097188413,"dvar2":0.0422240383923,"max":9.81006717682,"mean":7.735414505,"median":7.72808074951,"min":6.23381233215,"var":0.113603062928},"spectral_flux":{"dmean":0.0272156912833,"dmean2":0.0434880144894,"dvar":0.000935978838243,"dvar2":0.00210384652019,"max":0.282368212938,"mean":0.0937063470483,"median":0.0890485346317,"min":6.43593650596e-11,"var":0.00246933079325},"spectral_kurtosis":{"dmean":0.804277062416,"dmean2":1.38391256332,"dvar":0.698105871677,"dvar2":2.01352477074,"max":16.3162879944,"mean":2.61997127533,"median":2.45923423767,"min":-1.30132734776,"var":1.9750701189},"spectral_rms":{"dmean":0.000883447064552,"dmean2":0.00137288321275,"dvar":9.95293930828e-7,"dvar2":0.00000240135318563,"max":0.013917231001,"mean":0.00572974653915,"median":0.00605009496212,"min":3.17637474483e-12,"var":0.00000584417330174},"spectral_rolloff":{"dmean":523.308349609,"dmean2":870.65246582,"dvar":750218.0625,"dvar2":1590238.5,"max":19336.8164062,"mean":1903.8782959,"median":882.861328125,"min":107.666015625,"var":9201856},"spectral_skewness":{"dmean":0.142112880945,"dmean2":0.232838600874,"dvar":0.0202160421759,"dvar2":0.0502956286073,"max":3.34840083122,"mean":1.25375080109,"median":1.2750878334,"min":-0.0729118362069,"var":0.108468346298},"spectral_spread":{"dmean":449559.9375,"dmean2":706114.125,"dvar":2410728128510,"dvar2":6029721993220,"max":51187364,"mean":5296425.5,"median":5054074,"min":2780180.75,"var":4023645372420},"spectral_strongpeak":{"dmean":0.466551482677,"dmean2":0.811638772488,"dvar":0.825169920921,"dvar2":2.31403017044,"max":11.4507217407,"mean":0.871996283531,"median":0.690952301025,"min":0,"var":0.954847574234},"zerocrossingrate":{"dmean":0.0107169477269,"dmean2":0.0128855966032,"dvar":0.000160612005857,"dvar2":0.000216848988202,"max":0.5205078125,"mean":0.0775186419487,"median":0.056640625,"min":0.00927734375,"var":0.00641810940579}},"metadata":{"audio_properties":{"analysis_sample_rate":44100,"bit_rate":192000,"codec":"mp3","downmix":"mix","equal_loudness":0,"length":107.807350159,"lossless":false,"md5_encoded":"33ce11770e655f97848eee847510c0f0","replay_gain":-12.7827625275,"sample_rate":44100},"tags":{"album":["The Decca Anthology 1965-1967"],"artist":["Small Faces"],"discnumber":["1"],"file_name":"copy8931923666161621904.mp3","genre":["General Rock"],"length":["107807"],"musicbrainz_recordingid":["7e9e5800-cd0b-4d86-8623-78caf9d5e7e4"],"title":["Own Up Time"],"tracknumber":["14"]},"version":{"essentia":"2.1-beta2","essentia_build_sha":"cead25079874084f62182a551b7393616cd33d87","essentia_git_sha":"v2.1_beta2-1-ge3940c0","extractor":"music 1.0"}},"rhythm":{"beats_count":234,"beats_loudness":{"dmean":0.0163719765842,"dmean2":0.0288370214403,"dvar":0.000239748333115,"dvar2":0.000711905828211,"max":0.117316633463,"mean":0.044557955116,"median":0.0443346425891,"min":1.76206141692e-12,"var":0.000451088882983},"beats_loudness_band_ratio":{"dmean":[0.288248538971,0.155694708228,0.0847492739558,0.0479227043688,0.0624866448343,0.0626105293632],"dmean2":[0.525191128254,0.267589598894,0.157858833671,0.0905840396881,0.114458747208,0.112483032048],"dvar":[0.0390221253037,0.0148748923093,0.00596276018769,0.00202086591162,0.00312065891922,0.00655891280621],"dvar2":[0.113859012723,0.0436296910048,0.0170437730849,0.00620594481006,0.00977512914687,0.0168040860444],"max":[0.926296591759,0.739248216152,0.373342484236,0.289327859879,0.323105216026,0.739415764809],"mean":[0.4944460392,0.248524785042,0.0945192351937,0.0468761436641,0.0782277733088,0.0629852116108],"median":[0.512145519257,0.22921513021,0.0712070390582,0.0337675139308,0.0662777423859,0.0445025861263],"min":[0,0,0,0,0,0],"var":[0.0536392666399,0.0216929446906,0.00637659616768,0.00182854162995,0.00375614059158,0.0066882991232]},"beats_position":[0.487619042397,0.986848056316,1.4860