{"lowlevel":{"average_loudness":0.882818102837,"barkbands":{"dmean":[0.0000104968776213,0.00099142442923,0.000927815563045,0.00168998655863,0.00159224262461,0.00057361688232,0.000256525090663,0.000250969227636,0.000213709063246,0.000124117534142,0.000156976137077,0.000124269077787,0.0000813305887277,0.000129394393298,0.0000707661602064,0.000179137976374,0.000129632317112,0.000348066270817,0.000404189777328,0.000347861816408,0.000472766434541,0.000356751610525,0.000101750702015,0.0000435565343651,0.00000853271103551,4.68489105288e-7,5.15508435939e-9],"dmean2":[0.000017124306396,0.00164057849906,0.00148208823521,0.00283266603947,0.00268168421462,0.000939055869821,0.00040275597712,0.000396483839722,0.000330649665557,0.000191696977708,0.000232419115491,0.000193869651412,0.000127367267851,0.000183719472261,0.000114659036626,0.000285164365778,0.000204839161597,0.000553979421966,0.000614836986642,0.000523855851498,0.000693344569299,0.000536789128091,0.000152235486894,0.0000651128211757,0.0000127481443997,7.32892317501e-7,9.16515396909e-9],"dvar":[4.31778501842e-10,0.00000197448207473,0.00000265824769485,0.0000107857758849,0.00000769655434851,0.00000151803283188,2.08529954193e-7,3.62355962125e-7,2.44526944471e-7,5.44786331602e-8,1.3508801544e-7,7.35162046794e-8,3.59732759136e-8,7.02659548324e-8,2.17647020406e-8,2.10029625691e-7,5.27996988353e-8,9.90044895843e-7,6.04526121606e-7,3.86847204936e-7,6.99830536632e-7,5.57620751351e-7,4.55493029961e-8,8.64119975574e-9,4.4687575862e-10,1.53120127255e-12,4.42599040668e-16],"dvar2":[1.04638286924e-9,0.0000053373364608,0.00000684076485413,0.0000301423697238,0.0000215954241867,0.00000406645722251,5.18434717378e-7,8.57908560192e-7,5.63436969969e-7,1.35418744662e-7,2.4084368988e-7,1.66615109265e-7,6.97579807252e-8,1.3196257953e-7,5.59849446802e-8,5.03819535425e-7,1.35288658498e-7,0.0000022544913918,0.00000137586357596,8.77881802808e-7,0.00000154657095663,0.00000131260640046,1.10356133121e-7,2.04660430825e-8,1.05683983787e-9,3.71209833705e-12,1.25603805243e-15],"max":[0.000533366459422,0.0214771702886,0.0289707630873,0.0527618080378,0.0311191752553,0.0220027379692,0.00882972497493,0.0128901051357,0.0129046654329,0.00353479664773,0.0115219494328,0.00451305834576,0.00674242386594,0.00789526291192,0.00358300190419,0.0120969824493,0.00495734577999,0.0240143164992,0.0108489124104,0.0113686807454,0.0113313589245,0.00844869762659,0.00328202010132,0.00118399469648,0.000573166413233,0.0000164155317179,5.8807916048e-7],"mean":[0.0000160520576173,0.00237563974224,0.00198222021572,0.00280566234142,0.00258222059347,0.0010028667748,0.000476416404126,0.000420810567448,0.000373370421585,0.000210790385609,0.000272061966825,0.000217082793824,0.000145682264701,0.000235446190345,0.000119381678815,0.000296548270853,0.000229860073887,0.000563763431273,0.000671759538818,0.000571335607674,0.000791295373347,0.000501450151205,0.000134015572257,0.0000515045612701,0.00000953803009907,4.71128004165e-7,5.30492272333e-9],"median":[0.00000424142035627,0.00165135553107,0.00102198799141,0.00103817088529,0.00147050363012,0.000469512306154,0.000203760457225,0.000117511473945,0.000120142503874,0.000105913975858,0.0000996385206236,0.000093227965408,0.0000586465466768,0.000083754726802,0.0000576204220124,0.000109209009679,0.00012810959015,0.000245549425017,0.000273792422377,0.000275781087112,0.000353139213985,0.000179160502739,0.000042306688556,0.000010765324987,0.0000017129891603,7.31950109412e-8,3.07788372567e-9],"min":[6.42845197133e-24,4.45916753322e-23,9.56299630026e-24,5.02499537243e-23,9.55948271378e-23,4.13699011309e-23,2.07043596992e-23,4.14101488143e-23,8.34230883344e-23,1.39358312115e-22,5.64339227127e-23,5.35570668982e-23,6.01475516884e-23,1.35220339082e-22,4.11677066146e-23,8.92640606013e-23,2.85958518802e-22,3.21581483042e-22,2.00492457428e-22,2.54780009525e-22,6.77887992042e-22,6.2410449051e-22,6.95185629101e-22,9.12894477226e-22,1.17929358747e-21,1.68603087287e-21,2.3155463181e-21],"var":[1.13315901107e-9,0.00000587833847021,0.00000672924988976,0.0000211875449168,0.0000105600520328,0.00000250309062721,4.87410545702e-7,7.99731310508e-7,5.60450246212e-7,9.41318916148e-8,3.17374230008e-7,1.54785908535e-7,8.52882919844e-8,1.81472955774e-7,3.30360947487e-8,3.88951207242e-7,8.79856116853e-8,0.00000157181216309,0.00000105749199975,6.38018548216e-7,0.00000122819233184,7.31905231532e-7,5.53891403854e-8,1.02451682693e-8,4.86042039949e-10,1.47662925724e-12,2.71783861895e-16]},"barkbands_crest":{"dmean":2.0749642849,"dmean2":3.39741611481,"dvar":3.73926472664,"dvar2":10.0773563385,"max":23.5976028442,"mean":9.10253810883,"median":8.51695251465,"min":2.46177101135,"var":12.2427511215},"barkbands_flatness_db":{"dmean":0.0169270988554,"dmean2":0.0258062966168,"dvar":0.000262782821665,"dvar2":0.000562979548704,"max":0.41630640626,"mean":0.145488590002,"median":0.141737699509,"min":0.0249159038067,"var":0.00160828523804},"barkbands_kurtosis":{"dmean":2.07784891129,"dmean2":3.2746925354,"dvar":27.8997402191,"dvar2":65.5949783325,"max":175.513763428,"mean":2.59686636925,"median":0.160710781813,"min":-1.86680209637,"var":98.6292419434},"barkbands_skewness":{"dmean":0.527713596821,"dmean2":0.808549642563,"dvar":0.316819220781,"dvar2":0.68740683794,"max":9.67848396301,"mean":1.32837629318,"median":1.22227191925,"min":-2.28235936165,"var":1.56540739536},"barkbands_spread":{"dmean":7.69665193558,"dmean2":11.9894962311,"dvar":64.1425933838,"dvar2":140.704345703,"max":101.182853699,"mean":35.2311859131,"median":35.2786254883,"min":0.619120538235,"var":219.073455811},"dissonance":{"dmean":0.00999685004354,"dmean2":0.0168464370072,"dvar":0.0000869786599651,"dvar2":0.000233464117628,"max":0.500000119209,"mean":0.479412376881,"median":0.482540786266,"min":0.387035399675,"var":0.000201581104193},"dynamic_complexity":3.94028520584,"erbbands":{"dmean":[0.0187892150134,0.258304595947,0.88711720705,3.60632324219,6.16715717316,4.96438217163,4.41291904449,4.68699598312,4.17924547195,3.85872364044,4.34669542313,5.02643823624,5.10850906372,4.78913021088,5.67805051804,3.66870260239,3.81307506561,5.17343854904,4.4643163681,5.39607477188,8.77429962158,7.58448696136,13.862742424,26.8863048553,17.7376060486,15.6425819397,17.1398963928,18.5877170563,14.5100421906,6.45444488525,2.60136365891,1.31874489784,0.520279109478,0.143520474434,0.0402373634279,0.00543789565563,0.000473672756925,0.0000399660057155,0.00000597113603362,0.00000707698518454],"dmean2":[0.0307330917567,0.427618056536,1.42061769962,5.91629362106,10.4011116028,8.57186412811,7.38876962662,7.65269565582,6.60234689713,5.98300027847,6.77386808395,7.65621471405,8.08275127411,7.076379776,8.67469596863,5.71880578995,5.90750980377,7.35414505005,6.6400346756,8.74054718018,13.6846094131,11.9443035126,22.2686920166,41.4755363464,26.8626842499,23.3607273102,25.5137691498,27.0780887604,21.8798389435,9.48731231689,3.90097045898,1.99573016167,0.771604597569,0.210911601782,0.0611037388444,0.00825451873243,0.00073829543544,0.0000628071211395,0.00000812752568891,0.0000100600282167],"dvar":[0.00104853580706,0.130558118224,1.92129719257,50.1838645935,106.083106995,109.944984436,51.4034347534,121.887519836,63.0176544189,53.2110023499,107.197235107,147.013381958,124.476615906,173.373214722,126.306777954,53.2122001648,75.0572357178,110.757774353,77.8664093018,101.989463806,705.250549316,162.459152222,748.553344727,5866.69580078,1093.55187988,831.395202637,1011.4105835,1321.71386719,921.149353027,165.547271729,31.5439395905,8.29629135132,1.28376555443,0.105711065233,0.0113595714793,0.00018991723482,0.00000163651804996,1.31097817047e-8,1.02504456312e-10,9.87672860164e-11],"dvar2":[0.00275399512611,0.354066252708,4.82993173599,134.460144043,295.075378418,314.561767578,140.805374146,324.236358643,157.244689941,126.225372314,250.893325806,320.45123291,329.27545166,314.849029541,257.562683105,122.681365967,145.277420044,201.60395813,161.273773193,266.474060059,1577.55419922,406.560791016,1934.77783203,12945.6826172,2554.0456543,1874.01574707,2258.87255859,2959.15356445,2180.86132813,384.193389893,77.4800262451,20.0632286072,2.96497774124,0.242322608829,0.0275317300111,0.000448877020972,0.00000390815694118,3.16148458523e-8,2.14041631641e-10,2.0055500316e-10],"max":[0.529273748398,5.89929485321,22.0139446259,128.399490356,122.560470581,148.958267212,94.925201416,185.875747681,170.533294678,168.498931885,172.631668091,318.868255615,183.232650757,448.779571533,260.67578125,114.972000122,324.506378174,184.257781982,288.671417236,178.418380737,822.480957031,213.086654663,528.932922363,1796.59802246,515.117248535,571.373779297,556.698486328,589.347839355,372.992736816,145.731307983,85.2113647461,41.4709815979,15.4596424103,7.85791063309,2.60554432869,0.183561012149,0.0239096209407,0.00239856936969,0.00014467863366,0.000117211297038],"mean":[0.0437268018723,0.627272248268,2.14448738098,6.74085998535,9.67227649689,7.34580612183,7.30114364624,8.13135814667,8.06548118591,7.56633996964,7.60066556931,9.07408046722,8.53437137604,8.60133552551,10.4748888016,6.93170452118,7.14289331436,10.1465492249,8.74077606201,9.89354228973,15.6404705048,14.3488368988,23.2825508118,45.5064620972,28.7927856445,25.9062404633,28.2536201477,29.8441562653,20.9579639435,8.99952697754,3.38342428207,1.62265312672,0.593505382538,0.165834128857,0.0427343398333,0.00563255371526,0.000526787131093,0.0000561053238926,0.0000148980534505,0.0000228110820899],"median":[0.0221497863531,0.447508871555,1.24803805351,2.89258098602,4.76242446899,3.9298017025,4.32866096497,3.33995008469,3.2978887558,3.047996521,2.67801475525,2.79453802109,4.19098854065,3.2378578186,4.62001657486,3.81652879715,3.55433034897,4.63820362091,4.25137901306,5.43347930908,6.33929443359,8.90054321289,11.9380159378,18.0687561035,13.4144086838,12.6317653656,12.4707164764,12.0873317719,7.85359287262,3.13711023331,1.07183301449,0.426223367453,0.116957560182,0.0335263498127,0.00623008329421,0.000725194695406,0.000143958517583,0.00002709432556,0.0000107374844447,0.0000186247016245],"min":[1.14941017323e-21,9.855526611e-21,1.3681749893e-20,1.04613040931e-19,1.874851775e-19,3.8142014073e-19,2.38905580735e-19,4.01855508517e-19,3.72714504223e-19,4.31036889564e-19,1.53951650283e-18,1.80254628915e-18,2.08827556583e-18,4.74782481015e-18,2.09693014978e-18,2.51408332975e-18,2.40948117142e-18,6.32869186501e-18,3.50334481346e-18,2.88940950166e-18,6.47244551572e-18,1.8075956064e-17,2.03260577294e-17,1.20689001453e-17,8.95621701872e-18,1.26878984228e-17,2.27098450166e-17,2.89849976165e-17,2.17196750818e-17,1.86699263377e-17,2.03967684368e-17,1.76002494568e-17,1.75087235764e-17,1.23945396458e-17,9.49781435197e-18,6.53102065643e-18,2.80543267831e-18,1.28690598692e-18,2.9768599149e-19,3.44280487322e-20],"var":[0.00348585960455,0.38917145133,6.20592212677,111.406272888,166.22505188,117.263084412,78.2137374878,195.124557495,167.77444458,145.502182007,219.256622314,386.631744385,170.344985962,399.23260498,279.540863037,103.675315857,175.189300537,296.550079346,191.459487915,165.639450073,1379.95178223,282.921875,1111.27038574,9623.42773438,1691.0369873,1339.49938965,1702.7277832,2132.42407227,1213.78149414,220.371826172,36.5186080933,9.59437561035,1.50616705418,0.125508457422,0.0113907568157,0.000196228196728,0.00000159252465437,1.25385675176e-8,2.15273299187e-10,3.27267990485e-10]},"erbbands_crest":{"dmean":2.2335293293,"dmean2":3.63692879677,"dvar":5.47280693054,"dvar2":13.3247413635,"max":27.8429107666,"mean":7.83537149429,"median":6.57453918457,"min":2.34176182747,"var":16.1815547943},"erbbands_flatness_db":{"dmean":0.0113918120041,"dmean2":0.0176441594958,"dvar":0.000133434703457,"dvar2":0.000286962807877,"max":0.316728740931,"mean":0.168340742588,"median":0.163840129972,"min":0.0478743389249,"var":0.000785582640674},"erbbands_kurtosis":{"dmean":0.820824444294,"dmean2":1.32182276249,"dvar":1.69258391857,"dvar2":3.93183755875,"max":38.5882644653,"mean":-0.192728668451,"median":-0.719901800156,"min":-1.79956758022,"var":3.47370839119},"erbbands_skewness":{"dmean":0.363100379705,"dmean2":0.555443227291,"dvar":0.138527393341,"dvar2":0.301178127527,"max":5.79115772247,"mean":-0.568698883057,"median":-0.576650083065,"min":-3.10687112808,"var":0.498578250408},"erbbands_spread":{"dmean":9.50528335571,"dmean2":15.4282283783,"dvar":88.4872741699,"dvar2":222.183639526,"max":123.153144836,"mean":53.7170333862,"median":53.4036865234,"min":7.6911482811,"var":281.023712158},"gfcc":{"cov":[[9470.92285156,299.70199585,-905.238342285,700.536682129,-753.094482422,119.225914001,-142.110046387,-146.866256714,56.2417526245,-241.223205566,132.656021118,-238.434432983,274.694000244],[299.70199585,666.390319824,61.4444389343,-10.6248369217,173.080383301,-88.3566970825,109.369697571,-82.3383865356,90.7563018799,-25.6822071075,49.8599815369,-14.1284837723,10.4097490311],[-905.238342285,61.4444389343,452.360656738,48.1647872925,132.89263916,61.6623954773,-5.31833696365,30.0375938416,-32.6594581604,23.2513523102,-28.7953338623,1.07369673252,-42.8158721924],[700.536682129,-10.6248369217,48.1647872925,235.273712158,13.8046751022,56.6469116211,21.7686271667,-18.7444705963,-0.786057710648,-42.2245368958,14.5841789246,-32.3123283386,19.2906970978],[-753.094482422,173.080383301,132.89263916,13.8046751022,238.261581421,9.7376127243,87.7925643921,-2.48692893982,22.8100566864,6.83265209198,2.01117086411,1.23693013191,-35.613910675],[119.225914001,-88.3566970825,61.6623954773,56.6469116211,9.7376127243,140.865615845,17.8243694305,31.4861335754,-4.72555971146,-2.78832769394,-1.09041237831,-15.1959018707,5.2062625885],[-142.110046387,109.369697571,-5.31833696365,21.7686271667,87.7925643921,17.8243694305,127.717224121,15.9290885925,42.1098518372,-5.8916554451,15.3610239029,-0.254671394825,-3.84036970139],[-146.866256714,-82.3383865356,30.0375938416,-18.7444705963,-2.48692893982,31.4861335754,15.9290885925,103.462890625,14.4370975494,17.3870296478,-4.49158620834,-3.99427771568,-13.1624193192],[56.2417526245,90.7563018799,-32.6594581604,-0.786057710648,22.8100566864,-4.72555971146,42.1098518372,14.4370975494,100.542221069,20.3940162659,15.4183998108,1.06752288342,7.09473133087],[-241.223205566,-25.6822071075,23.2513523102,-42.2245368958,6.83265209198,-2.78832769394,-5.8916554451,17.3870296478,20.3940162659,82.2378158569,17.3531513214,22.495552063,0.220624580979],[132.656021118,49.8599815369,-28.7953338623,14.5841789246,2.01117086411,-1.09041237831,15.3610239029,-4.49158620834,15.4183998108,17.3531513214,79.0330734253,23.4888858795,19.5891895294],[-238.434432983,-14.1284837723,1.07369673252,-32.3123283386,1.23693013191,-15.1959018707,-0.254671394825,-3.99427771568,1.06752288342,22.495552063,23.4888858795,85.4796142578,24.7535743713],[274.694000244,10.4097490311,-42.8158721924,19.2906970978,-35.613910675,5.2062625885,-3.84036970139,-13.1624193192,7.09473133087,0.220624580979,19.5891895294,24.7535743713,75.2332077026]],"icov":[[0.000652049435303,-0.00167214567773,0.00155087804887,-0.00242228689604,0.00211458117701,-0.00132566608954,0.00114117085468,-0.000986848608591,0.000791718019173,-0.000607275112998,0.000504658208229,0.000301085121464,0.0000292954500765],[-0.00167214567773,0.00821943953633,-0.00556575134397,0.0078121596016,-0.00690648891032,0.00585536612198,-0.00487595796585,0.00564282108098,-0.00521742505953,0.00415859790519,-0.00423636334017,0.00187102041673,-0.00217152992263],[0.00155087804887,-0.00556575134397,0.00797053892165,-0.00753661664203,0.00311943283305,-0.00523080164567,0.00529880775139,-0.00464574340731,0.00427578669041,-0.00386423850432,0.00368267134763,-0.0013356548734,0.00196110620163],[-0.00242228689604,0.0078121596016,-0.00753661664203,0.0159440115094,-0.00815891567618,0.00398767134175,-0.00574269006029,0.00642934767529,-0.0047963745892,0.00633134227246,-0.00526584777981,0.00245368480682,-0.00292297196575],[0.00211458117701,-0.00690648891032,0.00311943283305,-0.00815891567618,0.0156317148358,-0.00473728403449,-0.00142197369132,-0.0021797476802,0.00318745709956,-0.00333548011258,0.00248910672963,-0.000422489218181,0.00357585633174],[-0.00132566608954,0.00585536612198,-0.00523080164567,0.00398767134175,-0.00473728403449,0.0136288451031,-0.00503434380516,0.00106952269562,-0.00238126353361,0.00224133837037,-0.00275411992334,0.00246399780735,-0.00310040358454],[0.00114117085468,-0.00487595796585,0.00529880775139,-0.00574269006029,-0.00142197369132,-0.00503434380516,0.0171663723886,-0.00578876119107,-0.00106403185055,0.00027925503673,0.000818501634058,-0.0015043115709,0.000916193472221],[-0.000986848608591,0.00564282108098,-0.00464574340731,0.00642934767529,-0.0021797476802,0.00106952269562,-0.00578876119107,0.0163541436195,-0.00527055934072,0.00114165246487,-0.00259148795158,0.00196679774672,0.00051115261158],[0.000791718019173,-0.00521742505953,0.00427578669041,-0.0047963745892,0.00318745709956,-0.00238126353361,-0.00106403185055,-0.00527055934072,0.0169521123171,-0.00692453188822,0.00249349372461,-0.000335822784109,0.0000745531215216],[-0.000607275112998,0.00415859790519,-0.00386423850432,0.00633134227246,-0.00333548011258,0.00224133837037,0.00027925503673,0.00114165246487,-0.00692453188822,0.0195070486516,-0.00640758080408,-0.00103261845652,-0.00109681277536],[0.000504658208229,-0.00423636334017,0.00368267134763,-0.00526584777981,0.00248910672963,-0.00275411992334,0.000818501634058,-0.00259148795158,0.00249349372461,-0.00640758080408,0.0189839750528,-0.00547383772209,-0.00021148234373],[0.000301085121464,0.00187102041673,-0.0013356548734,0.00245368480682,-0.000422489218181,0.00246399780735,-0.0015043115709,0.00196679774672,-0.000335822784109,-0.00103261845652,-0.00547383772209,0.0182448625565,-0.00739374011755],[0.0000292954500765,-0.00217152992263,0.00196110620163,-0.00292297196575,0.00357585633174,-0.00310040358454,0.000916193472221,0.00051115261158,0.0000745531215216,-0.00109681277536,-0.00021148234373,-0.00739374011755,0.0198785364628]],"mean":[-40.8267402649,105.314842224,-141.990585327,81.4933700562,-67.9345626831,5.56392908096,-23.3917751312,-7.18797922134,-17.6314525604,-10.4991941452,-10.3265619278,-7.73364162445,-5.92123365402]},"hfc":{"dmean":8.62050437927,"dmean2":11.5164365768,"dvar":200.080383301,"dvar2":412.967681885,"max":174.231460571,"mean":19.5745353699,"median":12.8012275696,"min":1.19906778107e-16,"var":434.651855469},"melbands":{"dmean":[0.000222551709157,0.000408185471315,0.000668830703944,0.000401796511142,0.000153914443217,0.000105556253402,0.0000605653331149,0.0000487465549668,0.0000315719735227,0.0000342273742717,0.0000254953902186,0.0000187406749319,0.0000181034774869,0.0000153730015882,0.00000832717432786,0.00000896259825822,0.0000112998022814,0.00000851340519148,0.00000624793756288,0.0000127699140648,0.0000093413882496,0.00000847304818308,0.0000108239046313,0.0000138054610943,0.0000238371121668,0.0000155830475705,0.0000118330453915,0.0000111180643216,0.0000114712111099,0.0000108771891973,0.0000114495896923,0.00000985359838523,0.00000553324753128,0.00000285642840936,0.00000158802731676,0.00000111985718831,7.5211909234e-7,4.20456814254e-7,1.96243220785e-7,9.87027561905e-8],"dmean2":[0.000367323053069,0.00066010170849,0.00110210292041,0.000680948316585,0.000255595106864,0.000172002444742,0.0000950045432546,0.0000759320973884,0.0000487066608912,0.0000526683143107,0.000040470087697,0.0000278647712548,0.0000275546080957,0.0000238787379203,0.0000130020607685,0.0000140010815812,0.0000160451727425,0.0000125168962768,0.0000101738187368,0.000020661364033,0.0000145469011841,0.0000135467716973,0.0000175434597622,0.0000219709927478,0.0000370035959349,0.0000238303455262,0.0000182221465366,0.0000170097464434,0.0000175074328581,0.0000164263583429,0.0000168196602317,0.0000152380953296,0.00000841920791572,0.00000426258566222,0.0000024108433081,0.0000017576803657,0.00000115443174309,6.38148662802e-7,2.91237938654e-7,1.50423730361e-7],"dvar":[1.12449733081e-7,3.44963837051e-7,0.00000147377090798,5.11189398367e-7,6.44935624905e-8,5.79950132362e-8,1.25959846997e-8,1.01699981769e-8,5.00333774411e-9,6.91240753525e-9,3.11190739843e-9,2.45347120398e-9,1.27343691148e-9,1.25525112527e-9,3.93355042982e-10,3.52887968846e-10,5.70929248322e-10,3.74579867124e-10,2.00353386659e-10,8.59228799222e-10,9.09959718687e-10,2.23979237934e-10,4.31543967228e-10,1.47712175824e-9,4.78091521927e-9,1.05552722118e-9,4.70892991267e-10,4.52011317265e-10,4.64502575293e-10,4.4795758769e-10,5.83689985234e-10,4.85066542488e-10,1.50195439419e-10,3.15762103964e-11,1.25110356103e-11,6.28465465433e-12,2.83835086511e-12,8.89285444328e-13,1.91340798999e-13,7.05849698894e-14],"dvar2":[3.00412608567e-7,8.89958016614e-7,0.0000040753166104,0.00000144896102938,1.73279261162e-7,1.53232363687e-7,3.0815009211e-8,2.41100348575e-8,1.1629327723e-8,1.52111940821e-8,8.2585165373e-9,4.54562743002e-9,2.51084575353e-9,2.82793544137e-9,7.52939433024e-10,7.68235586257e-10,1.03236308391e-9,7.43953787463e-10,5.17489218144e-10,2.28530172564e-9,2.0151638136e-9,5.62102919766e-10,1.14838583087e-9,3.53340401382e-9,1.05664383909e-8,2.48823472937e-9,1.13287634829e-9,1.0455737387e-9,1.07095032842e-9,1.01653208073e-9,1.31275823545e-9,1.16998777333e-9,3.56286278258e-10,7.34131644364e-11,3.13311633582e-11,1.58042242487e-11,6.92004960279e-12,2.11752078545e-12,4.31223714506e-13,1.70038394714e-13],"max":[0.00468525057659,0.00822730362415,0.0190186407417,0.00854888372123,0.00305461604148,0.00433723814785,0.00242360192351,0.00242775632069,0.00118514278438,0.00213699345477,0.000941948092077,0.00165846338496,0.000786712160334,0.000625833577942,0.000673339469358,0.000394677568693,0.00042336320621,0.000687688705511,0.000391854933696,0.000637614633888,0.000943025108427,0.000271379103651,0.000329562695697,0.000896151177585,0.00161100074183,0.000584054447245,0.000268717180006,0.000430259184213,0.000341781502357,0.000395426992327,0.000409851258155,0.000330562121235,0.000187201600056,0.0000709015221219,0.0000621810031589,0.0000320111248584,0.0000310880604957,0.0000117446443255,0.0000053209678299,0.00000911186725716],"mean":[0.000538449152373,0.00104308396112,0.00125072267838,0.000625445740297,0.000262757035671,0.000187646059203,0.000118572490464,0.0000909254304133,0.000054691456171,0.0000600544517511,0.0000409930835303,0.0000328514870489,0.0000333424795826,0.0000274924914265,0.0000143748811752,0.0000154165354616,0.0000208909932553,0.0000154230601765,0.0000101522518889,0.0000205879332498,0.0000159081791935,0.0000145711865116,0.0000175295208464,0.0000222960061365,0.0000393285772589,0.0000246514555329,0.0000172328509507,0.0000173376611201,0.000017524447685,0.0000169733048097,0.000017654045223,0.0000135287327794,0.00000725067275198,0.00000387149839298,0.00000198117845684,0.00000135370657972,8.66921936904e-7,4.5730720899e-7,2.23504670771e-7,1.07272434491e-7],"median":[0.000347454566509,0.00072304578498,0.000617939222138,0.000331453280523,0.000153714776388,0.0000804581868579,0.0000478559668409,0.0000310944014927,0.000019867782612,0.000016819260054,0.0000196272994799,0.0000120837021313,0.000015027387235,0.0000105646158772,0.00000770135375205,0.00000553206700715,0.00000792234550318,0.00000603449461778,0.00000473624004371,0.00000833941976452,0.00000582427855988,0.00000853186065797,0.00000847260253067,0.0000104161244963,0.0000143267352541,0.00000953252765612,0.00000631221882941,0.00000773246574681,0.00000738178641768,0.00000641104088572,0.00000587229715165,0.0000047668231673,0.00000215618206312,0.00000125943779494,5.82669883897e-7,3.79399580197e-7,1.74233449002e-7,8.23437034114e-8,3.78927396127e-8,1.93150881955e-8],"min":[1.18064133739e-23,9.83478806996e-24,1.85436775684e-23,2.30712958245e-23,1.01706708439e-23,8.87642698862e-24,5.57505948305e-24,5.1752261221e-24,1.56639897433e-23,9.93266835336e-24,1.13325959041e-23,2.11267757813e-23,6.89338528963e-24,6.00592150442e-24,7.35285416843e-24,4.07334560412e-24,1.36864148503e-23,6.789046602e-24,3.1913967455e-24,5.41629452056e-24,6.80662400069e-24,2.0731124172e-23,1.17388482263e-23,2.04676619846e-23,8.52731028412e-24,6.73622684237e-24,6.71740383231e-24,8.34978344829e-24,1.46840888149e-23,1.04324141034e-23,1.99632059461e-23,1.18649634192e-23,1.22035346311e-23,9.54096972606e-24,1.11072980184e-23,1.29183909171e-23,9.68372199547e-24,1.39479743052e-23,8.5109059216e-24,1.12392649816e-23],"var":[3.50351626821e-7,0.0000011282061223,0.00000303426713799,6.73752424518e-7,1.01821314047e-7,9.92437207969e-8,3.50160291873e-8,2.59296708549e-8,1.02501065413e-8,1.78220407321e-8,4.13686951362e-9,5.60902480018e-9,2.91504642647e-9,2.66411470662e-9,8.48447256896e-10,7.975663463e-10,1.52303958334e-9,9.18874809575e-10,2.80549694587e-10,1.31349831012e-9,1.74086911553e-9,3.4689937034e-10,6.69745980897e-10,2.10319583971e-9,7.83250708736e-9,1.56492463432e-9,7.31378568819e-10,6.79776401835e-10,7.01905700229e-10,7.06072700307e-10,9.74099800821e-10,5.93175453201e-10,1.85097603911e-10,4.2244607118e-11,1.38238058153e-11,6.63931106273e-12,3.19883334231e-12,9.65278638271e-13,2.3314371809e-13,7.15526813147e-14]},"melbands_crest":{"dmean":2.9275405407,"dmean2":4.83410692215,"dvar":7.61444330215,"dvar2":20.4622745514,"max":32.4983406067,"mean":14.7378778458,"median":13.9137163162,"min":1.00019717216,"var":28.5099697113},"melbands_flatness_db":{"dmean":0.0256534069777,"dmean2":0.0376890972257,"dvar":0.000653431692626,"dvar2":0.00129611382727,"max":0.540320634842,"mean":0.179730653763,"median":0.176304936409,"min":5.00463784192e-7,"var":0.00372123834677},"melbands_kurtosis":{"dmean":6.95154333115,"dmean2":10.9811267853,"dvar":161.923843384,"dvar2":388.873657227,"max":388.024505615,"mean":15.4963359833,"median":9.33966827393,"min":-1.74193882942,"var":552.504333496},"melbands_skewness":{"dmean":0.733957111835,"dmean2":1.15132474899,"dvar":0.605253338814,"dvar2":1.41346395016,"max":16.0890159607,"mean":3.17791771889,"median":3.00243997574,"min":-1.11898720264,"var":2.81941699982},"melbands_spread":{"dmean":12.4433574677,"dmean2":19.4654064178,"dvar":241.039199829,"dvar2":535.605285645,"max":184.861862183,"mean":35.7292327881,"median":29.4416351318,"min":0.485615044832,"var":605.518371582},"mfcc":{"cov":[[8740.34277344,-395.221496582,-165.994369507,231.525543213,-383.277435303,45.8927345276,-165.784332275,-34.3606529236,-95.6785202026,-26.1190834045,-224.32182312,-19.2900657654,26.9135932922],[-395.221496582,774.036499023,-57.9417800903,125.281105042,40.4507675171,50.4704360962,4.36773490906,11.7291107178,11.059592247,5.5494685173,36.880115509,28.4929847717,20.5545940399],[-165.994369507,-57.9417800903,277.552947998,31.1737232208,89.5922317505,34.970905304,44.4687194824,8.15493869781,13.3003587723,3.80072760582,6.34603404999,7.09345769882,10.4673099518],[231.525543213,125.281105042,31.1737232208,201.190353394,38.9679946899,56.7949409485,28.7600078583,25.3616828918,-0.787555575371,-5.79505872726,-4.83648204803,20.105764389,7.78420591354],[-383.277435303,40.4507675171,89.5922317505,38.9679946899,127.846405029,41.0322570801,43.7188606262,15.1472330093,11.9882068634,8.30960178375,21.9573307037,5.34086370468,0.989299416542],[45.8927345276,50.4704360962,34.970905304,56.7949409485,41.0322570801,116.319786072,37.6532783508,23.8007793427,16.1704559326,0.275264382362,-2.0960419178,16.876783371,10.2344789505],[-165.784332275,4.36773490906,44.4687194824,28.7600078583,43.7188606262,37.6532783508,106.955993652,37.0310554504,9.50721549988,13.9219608307,11.002869606,-0.73208963871,-9.54497146606],[-34.3606529236,11.7291107178,8.15493869781,25.3616828918,15.1472330093,23.8007793427,37.0310554504,94.1813201904,28.1297740936,13.5272798538,7.01680231094,13.1132287979,4.80640077591],[-95.6785202026,11.059592247,13.3003587723,-0.787555575371,11.9882068634,16.1704559326,9.50721549988,28.1297740936,84.6395645142,21.5940704346,17.2860183716,11.0651216507,2.53873729706],[-26.1190834045,5.5494685173,3.80072760582,-5.79505872726,8.30960178375,0.275264382362,13.9219608307,13.5272798538,21.5940704346,96.0623550415,25.4205551147,-7.96964454651,-29.2777252197],[-224.32182312,36.880115509,6.34603404999,-4.83648204803,21.9573307037,-2.0960419178,11.002869606,7.01680231094,17.2860183716,25.4205551147,96.0028839111,7.90424823761,-36.8529396057],[-19.2900657654,28.4929847717,7.09345769882,20.105764389,5.34086370468,16.876783371,-0.73208963871,13.1132287979,11.0651216507,-7.96964454651,7.90424823761,99.1153030396,49.4470062256],[26.9135932922,20.5545940399,10.4673099518,7.78420591354,0.989299416542,10.2344789505,-9.54497146606,4.80640077591,2.53873729706,-29.2777252197,-36.8529396057,49.4470062256,139.724822998]],"icov":[[0.000160771087394,0.000104989834654,-0.0000315946635965,-0.000319058424793,0.000536158971954,-0.000209357778658,0.000188756137504,-0.00000615453518549,0.00010231397755,-0.000119484000606,0.000185833603609,0.0000376259049517,0.00000717792272553],[0.000104989834654,0.00165552576073,0.0006176114548,-0.00117303954903,-0.000165311997989,-0.000450163526693,0.000369948887965,0.000181739611435,-0.0000181559189514,-0.00017652772658,-0.000629449496046,0.0000451773412351,-0.000410182517953],[-0.0000315946635965,0.0006176114548,0.00503048114479,-0.000368603272364,-0.0034110120032,-0.000114409944217,-0.000870731077157,0.000679537944961,-0.000533793936484,0.0000175156455953,0.000106944076833,-0.000103354286694,-0.000413260859204],[-0.000319058424793,-0.00117303954903,-0.000368603272364,0.00733129866421,-0.00182815885637,-0.00173588725738,-0.000666836160235,-0.00118156510871,0.000800794456154,0.000617827114183,0.000673387548886,-0.00106107385363,0.000656402669847],[0.000536158971954,-0.000165311997989,-0.0034110120032,-0.00182815885637,0.0142923286185,-0.00279093743302,-0.00201987638138,0.000267177791102,0.000212929240661,-0.000470094732009,-0.00190950580873,0.000847291259561,-0.000671372341458],[-0.000209357778658,-0.000450163526693,-0.000114409944217,-0.00173588725738,-0.00279093743302,0.0122163789347,-0.002805885626,-0.00051834405167,-0.00184796645772,0.000574561243411,0.00119751505554,-0.0013269596966,0.000102337675344],[0.000188756137504,0.000369948887965,-0.000870731077157,-0.000666836160235,-0.00201987638138,-0.002805885626,0.0136287678033,-0.00439792638645,0.00124479341321,-0.00107776408549,-0.000256706960499,0.000843134184834,0.000699193100445],[-0.00000615453518549,0.000181739611435,0.000679537944961,-0.00118156510871,0.000267177791102,-0.00051834405167,-0.00439792638645,0.014136955142,-0.00392898032442,-0.00084907974815,0.0000523995695403,-0.00109193276148,-0.000467570556793],[0.00010231397755,-0.0000181559189514,-0.000533793936484,0.000800794456154,0.000212929240661,-0.00184796645772,0.00124479341321,-0.00392898032442,0.0146545534953,-0.00263760006055,-0.00180216296576,-0.00059678289108,-0.000750699720811],[-0.000119484000606,-0.00017652772658,0.0000175156455953,0.000617827114183,-0.000470094732009,0.000574561243411,-0.00107776408549,-0.00084907974815,-0.00263760006055,0.0124816084281,-0.0020096397493,0.000439329305664,0.00190785503946],[0.000185833603609,-0.000629449496046,0.000106944076833,0.000673387548886,-0.00190950580873,0.00119751505554,-0.000256706960499,0.0000523995695403,-0.00180216296576,-0.0020096397493,0.0145009309053,-0.00343321310356,0.00456903828308],[0.0000376259049517,0.0000451773412351,-0.000103354286694,-0.00106107385363,0.000847291259561,-0.0013269596966,0.000843134184834,-0.00109193276148,-0.00059678289108,0.000439329305664,-0.00343321310356,0.0137154301628,-0.00541703775525],[0.00000717792272553,-0.000410182517953,-0.000413260859204,0.000656402669847,-0.000671372341458,0.000102337675344,0.000699193100445,-0.000467570556793,-0.000750699720811,0.00190785503946,0.00456903828308,-0.00541703775525,0.0108069153503]],"mean":[-661.927734375,101.096160889,-4.3553276062,60.4715270996,-11.5835952759,17.4979553223,-2.91436505318,8.21370792389,-3.26036572456,-2.32626771927,-2.50933432579,-1.83160054684,-6.20463848114]},"pitch_salience":{"dmean":0.0636787563562,"dmean2":0.102930054069,"dvar":0.00321682053618,"dvar2":0.00818168465048,"max":0.996097683907,"mean":0.529836952686,"median":0.533964157104,"min":0.158038720489,"var":0.0129241477698},"silence_rate_20dB":{"dmean":0,"dmean2":0,"dvar":0,"dvar2":0,"max":1,"mean":1,"median":1,"min":1,"var":0},"silence_rate_30dB":{"dmean":0,"dmean2":0,"dvar":0,"dvar2":0,"max":1,"mean":1,"median":1,"min":1,"var":0},"silence_rate_60dB":{"dmean":0.0235231928527,"dmean2":0.047052603215,"dvar":0.0229712463915,"dvar2":0.0506559945643,"max":1,"mean":0.105311840773,"median":0,"min":0,"var":0.0942149162292},"spectral_centroid":{"dmean":369.996734619,"dmean2":573.604003906,"dvar":147633.96875,"dvar2":301059.84375,"max":10986.5654297,"mean":2129.88183594,"median":2159.41479492,"min":152.720733643,"var":550209.875},"spectral_complexity":{"dmean":4.12871694565,"dmean2":5.70684623718,"dvar":26.4856643677,"dvar2":41.7948760986,"max":61,"mean":18.572807312,"median":16,"min":0,"var":149.546829224},"spectral_contrast_coeffs":{"dmean":[0.0503882952034,0.0420527793467,0.0350260622799,0.0291457381099,0.024436429143,0.0252286791801],"dmean2":[0.0849483162165,0.0698591321707,0.0563289001584,0.0465796031058,0.0389245562255,0.038582354784],"dvar":[0.00186669349205,0.00115356745664,0.000837684550788,0.000564310292248,0.000437354901806,0.000514690007549],"dvar2":[0.00493778195232,0.00319626973942,0.00213758018799,0.00136618269607,0.00101016787812,0.00112801440991],"max":[-0.36236140132,-0.485988169909,-0.566770255566,-0.555450737476,-0.564288914204,-0.388660669327],"mean":[-0.636318027973,-0.750381112099,-0.772555887699,-0.77055734396,-0.754109978676,-0.631728053093],"median":[-0.635499238968,-0.753517389297,-0.774859189987,-0.777354717255,-0.756747424603,-0.629399776459],"min":[-0.972938835621,-0.997071743011,-0.998691141605,-0.987112939358,-0.987847805023,-0.958893179893],"var":[0.00576964020729,0.00376776652411,0.00310253514908,0.00311253638938,0.00249760970473,0.0034881895408]},"spectral_contrast_valleys":{"dmean":[0.380041718483,0.353571116924,0.321128636599,0.307486712933,0.325518727303,0.482229202986],"dmean2":[0.631667375565,0.560304641724,0.488727629185,0.451081007719,0.412193357944,0.589212536812],"dvar":[0.105728968978,0.101152248681,0.085621766746,0.0887355655432,0.125108271837,0.219189420342],"dvar2":[0.257084012032,0.21059525013,0.164859265089,0.154388323426,0.188982218504,0.33945313096],"max":[-5.68736124039,-5.20755815506,-5.99149990082,-6.19098758698,-5.45252943039,-8.41046714783],"mean":[-7.40641069412,-7.22465991974,-7.94977712631,-8.29486083984,-7.65351676941,-11.179066658],"median":[-7.15019083023,-7.07975482941,-7.7553730011,-8.07629585266,-7.42259120941,-11.2071075439],"min":[-27.2185287476,-26.7453079224,-27.0513534546,-27.5194187164,-27.3354511261,-27.256193161],"var":[1.19608724117,1.14782047272,1.22001349926,1.28485620022,1.48897349834,1.51111531258]},"spectral_decrease":{"dmean":1.17367537911e-9,"dmean2":1.78524373062e-9,"dvar":2.51805421028e-18,"dvar2":6.01122987208e-18,"max":7.47035638693e-27,"mean":-4.04897271267e-9,"median":-3.44156103615e-9,"min":-2.28904859512e-8,"var":9.11147302943e-18},"spectral_energy":{"dmean":0.00494652613997,"dmean2":0.00736270099878,"dvar":0.000044568128942,"dvar2":0.000099769764347,"max":0.0903192982078,"mean":0.01705718413,"median":0.0144733916968,"min":1.0989872343e-20,"var":0.000163496719324},"spectral_energyband_high":{"dmean":0.00104445056058,"dmean2":0.00145822833292,"dvar":0.00000348856224264,"dvar2":0.00000759664499128,"max":0.0233224704862,"mean":0.00180442887358,"median":0.000896277022548,"min":8.0195790466e-21,"var":0.00000595697201788},"spectral_energyband_low":{"dmean":0.00219076289795,"dmean2":0.00353117962368,"dvar":0.0000109741376946,"dvar2":0.0000289739491564,"max":0.0530786775053,"mean":0.00598304485902,"median":0.00478126015514,"min":8.71844528611e-23,"var":0.0000318693491863},"spectral_energyband_middle_high":{"dmean":0.00122927431948,"dmean2":0.0017321127234,"dvar":0.00000394625294575,"dvar2":0.00000801184887678,"max":0.0320715606213,"mean":0.00318560749292,"median":0.00223841122352,"min":1.49181720551e-21,"var":0.0000103613738247},"spectral_energyband_middle_low":{"dmean":0.00320134917274,"dmean2":0.00520205218345,"dvar":0.0000244452512561,"dvar2":0.0000654090836179,"max":0.0568123273551,"mean":0.00774060329422,"median":0.00534465210512,"min":3.36522028959e-22,"var":0.000060156769905},"spectral_entropy":{"dmean":0.152292147279,"dmean2":0.214434504509,"dvar":0.0260451417416,"dvar2":0.0490110516548,"max":9.80063533783,"mean":7.52690553665,"median":7.58729839325,"min":5.30128669739,"var":0.155809953809},"spectral_flux":{"dmean":0.0162614230067,"dmean2":0.0238335505128,"dvar":0.000366843451047,"dvar2":0.00072396080941,"max":0.243955790997,"mean":0.0591414682567,"median":0.0509408339858,"min":1.04832593995e-10,"var":0.00140252150595},"spectral_kurtosis":{"dmean":1.16915643215,"dmean2":2.06618142128,"dvar":1.21721768379,"dvar2":3.60928106308,"max":13.1790990829,"mean":1.63072824478,"median":1.27627873421,"min":-1.17694413662,"var":2.09573626518},"spectral_rms":{"dmean":0.000549670599867,"dmean2":0.000800970941782,"dvar":4.08490336667e-7,"dvar2":8.29013401926e-7,"max":0.00938703306019,"mean":0.00374990655109,"median":0.00375770963728,"min":3.27442001465e-12,"var":0.00000257942792814},"spectral_rolloff":{"dmean":817.942993164,"dmean2":1334.55712891,"dvar":1029301.875,"dvar2":2065748.125,"max":18863.0859375,"mean":2448.84179688,"median":2476.31835938,"min":86.1328125,"var":2884960.25},"spectral_skewness":{"dmean":0.186700820923,"dmean2":0.310822457075,"dvar":0.0299288164824,"dvar2":0.0772624388337,"max":2.90150594711,"mean":0.657123267651,"median":0.59286403656,"min":-0.0844767093658,"var":0.101025603712},"spectral_spread":{"dmean":296559.96875,"dmean2":470728.15625,"dvar":231053279232,"dvar2":370390499328,"max":40103320,"mean":3954426.75,"median":3893410.5,"min":2337615,"var":566564945920},"spectral_strongpeak":{"dmean":0.51445966959,"dmean2":0.912522673607,"dvar":2.23502445221,"dvar2":5.74751377106,"max":18.1238460541,"mean":0.76176905632,"median":0.331810832024,"min":0,"var":2.72761106491},"zerocrossingrate":{"dmean":0.0127505483106,"dmean2":0.0146843194962,"dvar":0.000167768390384,"dvar2":0.000211322272662,"max":0.50537109375,"mean":0.07968339324,"median":0.07666015625,"min":0.00244140625,"var":0.00123360962607}},"metadata":{"audio_properties":{"analysis_sample_rate":44100,"bit_rate":128000,"codec":"mp3","downmix":"mix","equal_loudness":0,"length":175.699584961,"lossless":false,"md5_encoded":"be7890b0af6b1abcc7d5b4c18f9e4052","replay_gain":-2.91204833984,"sample_rate":44100},"tags":{"acoustid_fingerprint":["AQADtIzGWcrQMw5yJpSQrE6IZuRx_MMfnNrhR8HvID90KUd4OYGvoFOM__ge4Vd1WFmOXE-QPAo7NPHR8hcuXJYevD-aSGMVhOWRxLwEPxKOncQf3MefoDmsE9qZoznqKMH5oMzh_UGj5_jxC8mTGTl84UmAMzeePRy6Gz_qLQ_yo-mh5zjj4YuHkDLmKAyu7GDyCzuDLhYeItfR77B-IcRP9EGT68N5ol9gvh6OPxVudM8n7A1-g4ePJH4RJ4mrBM2PqjquoPClHD5RMVl8PEL1Dd6P6fnBU8Wx9_h3JB6VItY-Bc8V1BVcJcePH45eXGNejDqoET-mMM_xHc1DoZR45EdyDj-qJvpgVceVR_BxQuSyoBu-Gnco4frQWEuMWiyO80Iq6JMu5DHa1EMeInHE4cePc4cnHX9Rixb-BfmhJT7Cp8N_XEcbd3iCf8Vhjha6H49G4xGR6h50IvqSC8z2CM2fY5yK5kGf44FfHR-OnI_wk2hyFneLnLD6wTmO40cr9MkIhwp8KeiUoT-mOMxx5UayH-mLSwefe_h6lMlx4ZOSENxPXEtxiQ6e4Qp87PGD63iWw5J1HPmDNxArBjmHw4yY4-FxaTp6-Cib47h09DQaN8dTJTEqSi0a5Ty--bh-uKdwIfmHSM8N6oSfiMb0TMX54KyMP0GY9EhmZ3h2In9xPin08cjVHJc85PmR7BKaZQyuJDd-XPB_7MQTgmeQ3CuiFl-O5uhTlEqIb8dx6MlRanzw0cYfvFfQNOJRH8ePGlMaReAX7MN54RmdoIsC5CsSNFpzzEmSg30V7Ifn4YmOJ8_wXUd1-Dmu7AkO_wh5qONx5UHeo0fzxcCPHT9BZjpq59iK5hE-_EayhV-MlKELr9FxfEM69tBzhMvE4ySOPkEzZsKeIB-k-4ha9IGPVwq-jAs86cRLwSe057i0PfiO8ym-B9biuAGOG_3RdBF2BeyDOaOFe0_QF8aJnDx09Hh0GXoe5NRwXDnqeEKDI3nyHPlx4QkzPPnx3ni7wk5wHt9RMjzCHPIv5PnwxIXznXjwC-fxJ0f9iUgd4koU-EnwTkJzxD-e4MaciEcYNxUK_Qht-ESvHJ_ASyKuHY3mYepyIsxYJFuDP6hM0nB_TA8b4a3x4weTp-gRHopyD38iXMGlmNCSJwifGHeO435w5WiyoI9x4yLxZDxOB2HWJ2gPOUfeLEWtH8_hWanQyTHyHmeWQk94ouKRH81y5At0Z3jxHOmDHs2JfNAfIUyuEj1-PDnajEgPjR8ifUXTCxyT4Mf0Hs1zXA_qJkejy2HwI2huaKdK5MfXo2SGKU-OVz96Es0Lnsapww-iB4kfYzo8Hr0kdHIiZLoITbqPPIuToFx45Dv040LOFdRzVMeDUTmDPrPwCM8Ply9KLsOX4z9OGnWS5XCvQ0X5xLiW4eTxpMEPV0uOH_-RP1OCI0eno1lZEd82IT8S9tgH1itabNM42NOJ-viHP0F3NDeRB7pEI-eD95HQHz4_lPvxE30WWThFTHrwKjl4Hc0xPUF1WEfCHLl4w2uGVkdpHf5xNHHL4qGO6Spc5-B34qSwfUcaJFvD42Ir