{"lowlevel":{"average_loudness":0.947622179985,"barkbands":{"dmean":[0.00051632989198,0.00267950235866,0.00246057892218,0.00187785143498,0.0016952236183,0.000657901284285,0.000449752551503,0.000497097149491,0.00111069728155,0.000558396161068,0.000424500234658,0.000405314203817,0.000545647984836,0.000449348677648,0.000320950086461,0.000249058473855,0.000229500219575,0.000316512945574,0.000457491812995,0.000279440748272,0.000162521188031,0.00010570109589,0.0000855023608892,0.0000574853074795,0.0000438276947534,0.0000159441260621,0.00000310237214762],"dmean2":[0.000846531940624,0.00432917149737,0.00419682729989,0.00321328081191,0.00288035883568,0.00110404647421,0.000752392283175,0.000825473573059,0.00177562073804,0.000898529251572,0.00067976070568,0.000667864456773,0.000891830248293,0.00072926923167,0.000515936815646,0.000411171553424,0.000376385170966,0.000515346997418,0.000713849265594,0.000448720325949,0.000259259482846,0.000169621562236,0.000141802811413,0.0000935160496738,0.0000698793301126,0.0000259099087998,0.00000492388289786],"dvar":[6.65777122322e-7,0.0000144318782986,0.0000167984781001,0.00000766634730098,0.0000061841956267,0.00000179844141712,0.00000182015332939,0.00000236370919993,0.00000942406859394,0.00000356025066139,0.00000132881950776,0.00000113095313736,0.0000023202671855,0.00000107579444375,5.08589323545e-7,1.35965294135e-7,1.29728363163e-7,2.81871990637e-7,5.9691478782e-7,2.47818434218e-7,5.05437220966e-8,3.53637510386e-8,2.24586962361e-8,9.37546662527e-9,6.24509910452e-9,8.4783702281e-10,3.59528448679e-11],"dvar2":[0.00000163048093782,0.0000362464961654,0.0000448632745247,0.0000211920760194,0.0000169395480043,0.00000453095299235,0.00000455954705103,0.00000573254010305,0.0000226574120461,0.0000081634034359,0.00000314771682497,0.00000283256690636,0.00000581725862503,0.00000263246261056,0.0000011902722008,3.55395002316e-7,3.22597429658e-7,6.42989107291e-7,0.00000127794726268,5.47592094335e-7,1.22085040744e-7,8.56409840821e-8,6.34498249497e-8,2.42004407625e-8,1.52727803737e-8,2.13752260336e-9,8.60947077519e-11],"max":[0.0105595272034,0.0498936139047,0.0475940443575,0.0370790362358,0.028072938323,0.027085646987,0.0367453731596,0.0337380468845,0.0572891533375,0.0510811544955,0.0289182625711,0.0290954541415,0.0372356846929,0.0345913395286,0.0185373555869,0.00957636721432,0.0130656259134,0.0177776180208,0.0153571628034,0.0224335808307,0.00425285007805,0.00464483303949,0.00435810070485,0.00231564836577,0.00208472250961,0.000597946054768,0.0000979813048616],"mean":[0.000564953894354,0.00377558474429,0.00282273301855,0.00255342805758,0.00262946938165,0.00078724080231,0.000519605586305,0.000552684941795,0.00146863178816,0.000749286555219,0.000576750666369,0.000540719891433,0.000726947619114,0.000654410803691,0.000485684227897,0.000502456154209,0.000466714263894,0.000687596504577,0.00105636403896,0.00064615777228,0.000422713696025,0.000262162211584,0.000204447453143,0.000135559588671,0.000088600187155,0.0000275018355751,0.00000498919098391],"median":[0.000196412584046,0.00233423477039,0.00147894420661,0.00155936391093,0.00179001304787,0.000362312945072,0.000200184964342,0.000104505859781,0.000391365407268,0.000228036864428,0.000174533866812,0.000226876873057,0.000209504039958,0.000328278401867,0.000221976602916,0.000373441784177,0.00035466614645,0.000508624711074,0.000638199446257,0.000446822465165,0.000295021309284,0.000174257409526,0.000158251496032,0.000105005521618,0.0000591809221078,0.0000144692758113,0.00000187670889318],"min":[2.48631286841e-23,5.99196718609e-23,1.48639349018e-23,7.02393466969e-24,2.08326237492e-23,8.94017199847e-23,1.24400688937e-22,5.53073851638e-23,6.49590857174e-23,1.90547092359e-22,3.1496950337e-23,1.62859071705e-22,4.87426140838e-23,9.80966143018e-23,1.1318525781e-22,1.47280394114e-22,1.56382952814e-22,2.30324538913e-22,2.68788841293e-22,3.71758211541e-22,3.82850201714e-22,4.38174645206e-22,5.57747985031e-22,9.50310162582e-22,1.10579467224e-21,1.73262713212e-21,2.17007057268e-21],"var":[8.05224999567e-7,0.0000191490198631,0.0000158344428201,0.00000939074379858,0.00000738094740882,0.00000215552881855,0.00000184391467428,0.00000313016357723,0.0000145922558659,0.00000552648407393,0.00000229468446378,0.00000144788248235,0.00000349125184584,0.0000014710136611,8.10691801689e-7,2.63811102741e-7,2.53908353898e-7,6.28212831089e-7,0.00000163663901276,5.8988479168e-7,1.67553523056e-7,9.99801628154e-8,4.2877495332e-8,1.62698352568e-8,1.03325268341e-8,1.28576937986e-9,6.24460899656e-11]},"barkbands_crest":{"dmean":2.59390878677,"dmean2":4.30685949326,"dvar":5.11650514603,"dvar2":13.3680467606,"max":26.1390857697,"mean":8.19760608673,"median":7.58975696564,"min":2.16717815399,"var":10.4690523148},"barkbands_flatness_db":{"dmean":0.0179799031466,"dmean2":0.0285957399756,"dvar":0.000279731524643,"dvar2":0.000676133669913,"max":0.377865850925,"mean":0.0888135284185,"median":0.0824107080698,"min":0.0186536256224,"var":0.00134865858126},"barkbands_kurtosis":{"dmean":1.64526712894,"dmean2":2.65999507904,"dvar":13.0932998657,"dvar2":28.8107032776,"max":101.977226257,"mean":0.772683441639,"median":-0.32802259922,"min":-1.85564255714,"var":20.3377361298},"barkbands_skewness":{"dmean":0.519538700581,"dmean2":0.811521708965,"dvar":0.277230739594,"dvar2":0.612822830677,"max":8.83816242218,"mean":0.998674094677,"median":0.890853643417,"min":-2.10267186165,"var":0.792577326298},"barkbands_spread":{"dmean":7.66893339157,"dmean2":12.1706171036,"dvar":50.6867675781,"dvar2":120.992630005,"max":110.639083862,"mean":37.3012275696,"median":37.3811073303,"min":1.10713720322,"var":174.492706299},"dissonance":{"dmean":0.0106323175132,"dmean2":0.017958028242,"dvar":0.000175686960574,"dvar2":0.000444923032774,"max":0.500000119209,"mean":0.482037454844,"median":0.487826704979,"min":0.207705706358,"var":0.000435033522081},"dynamic_complexity":2.33326792717,"erbbands":{"dmean":[0.0971638634801,0.594746887684,2.43836784363,4.4773812294,6.1769785881,5.94891548157,5.71971845627,5.18069314957,6.41283321381,7.01286411285,12.900103569,25.2445335388,21.1652927399,15.1933727264,15.5251836777,16.1251182556,23.2839889526,20.7309570313,18.946439743,12.7413005829,13.4327869415,11.8328819275,13.3029384613,20.7258224487,22.7944984436,11.6775426865,7.08883666992,6.38306760788,3.83107352257,3.00647830963,2.44088029861,1.339001894,0.974974274635,0.6365852952,0.242659300566,0.0870155766606,0.0276957545429,0.00490882573649,0.00059980090009,0.0000226803240366],"dmean2":[0.161421328783,0.984220564365,4.1720790863,7.55130052567,10.9763689041,10.0534229279,9.57611942291,8.54561424255,10.613702774,11.6840457916,20.9503192902,40.4555435181,34.1712188721,23.6851882935,25.0329341888,26.2066841125,37.6745300293,33.3748397827,30.5212020874,20.6455001831,21.8994503021,19.4482440948,21.579908371,32.8086547852,34.8203353882,18.3659973145,11.4352035522,10.1903810501,6.12909173965,4.8465385437,4.09224939346,2.21129059792,1.58898389339,1.02246940136,0.389722168446,0.141748636961,0.0449147596955,0.00796830747277,0.000944317609537,0.0000353428986273],"dvar":[0.026203898713,0.660665869713,15.4671506882,34.8412361145,135.521362305,55.6035881042,107.988899231,140.519729614,354.974243164,465.353973389,1343.21057129,5336.47460938,5722.53515625,2001.76391602,1718.21264648,1903.98388672,4590.30566406,2942.67993164,1616.71557617,579.892883301,373.624389648,368.880462646,604.07244873,954.768737793,1783.82543945,341.071838379,87.447052002,93.7466125488,40.1238670349,36.7759246826,18.0177898407,4.52573728561,2.96988463402,1.37657546997,0.183774352074,0.0231172591448,0.00275375903584,0.0000967129526543,0.00000135384516398,1.28061017346e-9],"dvar2":[0.0684464797378,1.68600940704,41.6012420654,94.8932037354,390.917358398,151.010162354,280.630645752,343.423614502,856.149902344,1175.96020508,3281.98828125,13097.9316406,13879.2304688,4401.05566406,4341.91552734,4742.24804688,11532.2646484,6992.94091797,3887.30664063,1381.09460449,933.311523438,913.632446289,1443.39880371,2003.61901855,3648.82592773,675.777770996,212.566253662,234.821334839,96.4164810181,93.2302627563,52.5341720581,12.453122139,7.52658033371,3.39115762711,0.451862305403,0.0584213808179,0.00694556999952,0.000243026792305,0.00000316094656228,3.04600877854e-9],"max":[2.28901767731,8.84677314758,44.0971336365,82.3976593018,125.104721069,91.1125259399,142.022659302,326.171325684,475.32510376,511.062225342,737.665039063,1587.48962402,2468.7734375,1242.52075195,943.170166016,1143.68994141,1911.81665039,1830.61425781,852.100769043,680.667785645,633.556640625,747.222717285,904.715881348,1076.51843262,1006.84838867,639.403564453,194.36076355,209.96963501,144.186004639,183.756088257,138.438491821,35.3296585083,43.1774673462,31.288444519,8.33074951172,2.51445126534,1.39768052101,0.273158043623,0.0208512227982,0.00072973856004],"mean":[0.116228468716,0.836103916168,2.97714924812,6.51342725754,7.91058826447,9.44517707825,7.78738307953,6.35413074493,7.61971282959,8.15315628052,15.9788312912,33.2631034851,27.8378219604,23.3803195953,22.9611091614,24.127204895,33.1276893616,32.1421813965,31.9162101746,23.8441448212,29.4532871246,26.1041278839,31.0221710205,50.3505554199,53.796081543,29.3174438477,18.5830001831,15.665927887,9.83665084839,7.1219420433,5.69981861115,3.22225308418,2.14803290367,1.27873516083,0.467682570219,0.153534889221,0.0464600101113,0.00817865133286,0.000983588048257,0.0000584602239542],"median":[0.0545961521566,0.534955322742,1.68890047073,4.48118066788,5.04695940018,6.53222751617,4.16878128052,2.89148163795,2.8244342804,2.99272871017,3.52632331848,9.22480964661,9.36419677734,7.23889541626,8.30083656311,10.6411447525,10.700176239,15.4273042679,15.8543624878,14.6107025146,22.6184577942,20.3945426941,22.9461021423,38.3094787598,28.7769622803,20.1870803833,13.8717784882,10.3317565918,6.60481262207,4.88014793396,4.48093605042,2.51098799706,1.64637899399,0.868163585663,0.293998152018,0.0863748937845,0.0230180881917,0.00389132346027,0.000372193637304,0.0000451138039352],"min":[2.3166834895e-21,1.06516855272e-20,1.94517692585e-20,2.79402256187e-20,2.78206786331e-20,6.8660572647e-20,2.88352395651e-19,8.00303291403e-19,1.5211674655e-18,1.54625295835e-18,1.50457959909e-18,1.6533672642e-18,4.48559697544e-18,3.74887724827e-18,2.25974845245e-18,6.94326886217e-18,3.02342868412e-18,4.73878579401e-18,5.60423674478e-18,7.86892532664e-18,6.52146754754e-18,9.61615908221e-18,1.08283947514e-17,9.79196556806e-18,1.8643487991e-17,1.76495858173e-17,1.63125426557e-17,1.3929087895e-17,1.61489643808e-17,1.80640215021e-17,1.36795498381e-17,1.40075509392e-17,1.85612215704e-17,1.29192269258e-17,8.20748952418e-18,5.61115073393e-18,3.4921944188e-18,1.23811339432e-18,2.79243534444e-19,3.27179497509e-20],"var":[0.0280497558415,0.874543070793,14.8567438126,43.5934448242,108.684494019,85.5680465698,125.904640198,177.360671997,384.091308594,539.367370605,1871.05090332,7713.91162109,7174.21679688,4316.27246094,2721.20507813,2653.89086914,6756.89746094,4204.44238281,2815.26367188,1081.40698242,868.280395508,731.297241211,1268.47644043,2564.81738281,5381.63916016,1058.57055664,261.932800293,270.18447876,121.365760803,84.9249343872,31.1931114197,8.45680236816,4.70335149765,2.18545842171,0.30243691802,0.0362018719316,0.00406995788217,0.00014065488358,0.00000245372575591,2.54754750628e-9]},"erbbands_crest":{"dmean":2.37885570526,"dmean2":3.90883660316,"dvar":6.50758123398,"dvar2":16.2217788696,"max":28.3778553009,"mean":7.37965631485,"median":6.08905982971,"min":2.19242691994,"var":15.122095108},"erbbands_flatness_db":{"dmean":0.0154698854312,"dmean2":0.0229162592441,"dvar":0.000227421434829,"dvar2":0.000454011780676,"max":0.355282604694,"mean":0.131776511669,"median":0.124726377428,"min":0.053698476404,"var":0.00143528927583},"erbbands_kurtosis":{"dmean":0.774889051914,"dmean2":1.24375867844,"dvar":0.875101685524,"dvar2":2.04836344719,"max":23.3759250641,"mean":0.180609345436,"median":-0.146909147501,"min":-1.79640197754,"var":2.2103729248},"erbbands_skewness":{"dmean":0.327217489481,"dmean2":0.508126080036,"dvar":0.0996013432741,"dvar2":0.222388878465,"max":4.43280744553,"mean":-0.415987700224,"median":-0.525632858276,"min":-3.62300777435,"var":0.446866840124},"erbbands_spread":{"dmean":9.05386257172,"dmean2":14.2775087357,"dvar":75.17578125,"dvar2":172.399765015,"max":150.21925354,"mean":43.1205177307,"median":41.9504547119,"min":5.30905246735,"var":238.755584717},"gfcc":{"cov":[[5347.51074219,-423.625061035,-24.9769515991,261.710266113,153.919677734,270.962524414,-27.9285831451,115.708335876,60.3627510071,-41.1828918457,-72.4363250732,40.6126823425,-7.55818080902],[-423.625061035,531.61126709,-111.524757385,52.7407951355,12.9885778427,-65.17628479,33.1258125305,-39.323184967,-8.76622104645,-28.3032188416,27.476480484,-35.1712608337,24.1742248535],[-24.9769515991,-111.524757385,465.118041992,61.5961799622,52.9863624573,4.40323877335,-83.0178451538,26.7063961029,28.7317466736,17.8775291443,-30.9795398712,41.9958000183,-26.1650238037],[261.710266113,52.7407951355,61.5961799622,329.778045654,131.164993286,55.9842300415,-35.1549377441,13.5853834152,50.7510719299,-27.0330429077,-7.92015075684,16.1983089447,37.0162658691],[153.919677734,12.9885778427,52.9863624573,131.164993286,241.526489258,81.5855102539,-17.6281223297,28.7064819336,18.2185497284,-12.8135795593,-3.80770516396,23.5490055084,28.1682415009],[270.962524414,-65.17628479,4.40323877335,55.9842300415,81.5855102539,172.289535522,46.8562088013,25.3427257538,8.20186805725,-13.4472064972,-2.20916581154,16.8239040375,8.82267379761],[-27.9285831451,33.1258125305,-83.0178451538,-35.1549377441,-17.6281223297,46.8562088013,157.198776245,32.4489135742,-9.61349582672,1.20252478123,5.21196508408,-16.346113205,-5.30679893494],[115.708335876,-39.323184967,26.7063961029,13.5853834152,28.7064819336,25.3427257538,32.4489135742,102.125518799,50.0088386536,10.1176557541,-4.75516748428,-1.39073073864,-0.255193173885],[60.3627510071,-8.76622104645,28.7317466736,50.7510719299,18.2185497284,8.20186805725,-9.61349582672,50.0088386536,118.390991211,39.0589256287,-7.5174407959,-1.93265485764,1.30721104145],[-41.1828918457,-28.3032188416,17.8775291443,-27.0330429077,-12.8135795593,-13.4472064972,1.20252478123,10.1176557541,39.0589256287,71.0768508911,22.1237106323,0.442556381226,-9.71852588654],[-72.4363250732,27.476480484,-30.9795398712,-7.92015075684,-3.80770516396,-2.20916581154,5.21196508408,-4.75516748428,-7.5174407959,22.1237106323,66.1016235352,23.8059005737,4.1179933548],[40.6126823425,-35.1712608337,41.9958000183,16.1983089447,23.5490055084,16.8239040375,-16.346113205,-1.39073073864,-1.93265485764,0.442556381226,23.8059005737,63.9803390503,21.3824596405],[-7.55818080902,24.1742248535,-26.1650238037,37.0162658691,28.1682415009,8.82267379761,-5.30679893494,-0.255193173885,1.30721104145,-9.71852588654,4.1179933548,21.3824596405,55.6440048218]],"icov":[[0.000233232000028,0.000125742270029,0.000175755412783,-0.000216076296056,0.0000478819856653,-0.000284080306301,0.000186369157746,-0.000275364087429,0.000124310376123,-0.0000802680806373,0.000335005373927,-0.000261285546003,0.000299425068079],[0.000125742270029,0.00290661142208,-0.00000531948990101,-0.000360190839274,-0.000757216475904,0.00154591910541,-0.00135071459226,0.00163836916909,-0.00141507200897,0.00246647861786,-0.00271135289222,0.00256286701187,-0.00131182593759],[0.000175755412783,-0.00000531948990101,0.00353610957973,-0.000931811111514,-0.000144965466461,-0.000181691750186,0.00174362759572,-0.0017295551952,0.00124836259056,-0.00231450865977,0.00366194290109,-0.00415645167232,0.00346199912019],[-0.000216076296056,-0.000360190839274,-0.000931811111514,0.00519572338089,-0.00192406587303,-0.00045313659939,0.000225082578254,0.00148991099559,-0.00338187930174,0.00338090583682,-0.00185646046884,0.0015467038611,-0.00248026754707],[0.0000478819856653,-0.000757216475904,-0.000144965466461,-0.00192406587303,0.0067271720618,-0.00304413819686,0.00172149890568,-0.00235632644035,0.00164190796204,-0.00145704147872,0.00121177150868,-0.00115445221309,-0.00116125296336],[-0.000284080306301,0.00154591910541,-0.000181691750186,-0.00045313659939,-0.00304413819686,0.00975730922073,-0.00423782784492,0.00124116928782,-0.00161589181516,0.00284077925608,-0.00136346602812,-0.000814487808384,0.0000492744511575],[0.000186369157746,-0.00135071459226,0.00174362759572,0.000225082578254,0.00172149890568,-0.00423782784492,0.01042328123,-0.0052779535763,0.00344336614944,-0.00292052561417,0.00163855799474,0.0000382005964639,0.00132570194546],[-0.000275364087429,0.00163836916909,-0.0017295551952,0.00148991099559,-0.00235632644035,0.00124116928782,-0.0052779535763,0.0167927462608,-0.00895263813436,0.00480560073629,-0.00370686803944,0.00308305048384,-0.00184467062354],[0.000124310376123,-0.00141507200897,0.00124836259056,-0.00338187930174,0.00164190796204,-0.00161589181516,0.00344336614944,-0.00895263813436,0.0180130321532,-0.0129074389115,0.00732330977917,-0.00274539762177,0.00101626652759],[-0.0000802680806373,0.00246647861786,-0.00231450865977,0.00338090583682,-0.00145704147872,0.00284077925608,-0.00292052561417,0.00480560073629,-0.0129074389115,0.0279117356986,-0.0141720781103,0.00607369514182,-0.00049617519835],[0.000335005373927,-0.00271135289222,0.00366194290109,-0.00185646046884,0.00121177150868,-0.00136346602812,0.00163855799474,-0.00370686803944,0.00732330977917,-0.0141720781103,0.0285448785871,-0.0153837827966,0.00507416948676],[-0.000261285546003,0.00256286701187,-0.00415645167232,0.0015467038611,-0.00115445221309,-0.000814487808384,0.0000382005964639,0.00308305048384,-0.00274539762177,0.00607369514182,-0.0153837827966,0.030102007091,-0.0127045335248],[0.000299425068079,-0.00131182593759,0.00346199912019,-0.00248026754707,-0.00116125296336,0.0000492744511575,0.00132570194546,-0.00184467062354,0.00101626652759,-0.00049617519835,0.00507416948676,-0.0127045335248,0.0269538015127]],"mean":[30.6912918091,64.8687896729,-121.207519531,52.9371643066,-50.2125854492,16.9705200195,-33.2757949829,9.9889793396,-30.5706768036,-2.27824997902,-17.5971088409,-4.71761417389,-12.5393342972]},"hfc":{"dmean":5.85667181015,"dmean2":8.67125701904,"dvar":43.7205200195,"dvar2":86.5078887939,"max":109.020591736,"mean":26.1490859985,"median":23.2369346619,"min":1.11760782844e-16,"var":228.062164307},"melbands":{"dmean":[0.000780304311775,0.00104142841883,0.0008172961534,0.00040899409214,0.000209027362871,0.000118945492432,0.000095384188171,0.0000823546797619,0.000119975862617,0.000165008168551,0.00010740270227,0.0000636606200715,0.0000566779744986,0.0000435746551375,0.0000525126015418,0.0000534918035555,0.0000414045789512,0.000035421569919,0.0000223398328671,0.0000173200314748,0.0000172339787241,0.0000140770589496,0.0000122230485431,0.0000164615776157,0.0000186034394574,0.0000199838905246,0.0000150054365804,0.0000073225514825,0.00000520427238371,0.00000444521310783,0.00000377811625185,0.00000245596629611,0.0000021428254513,0.0000017470218836,0.00000154357633164,0.00000121915252294,7.84345957072e-7,7.58903865972e-7,6.49313221857e-7,5.17283638146e-7],"dmean2":[0.00126012472901,0.00175677938387,0.00139863428194,0.000711417582352,0.000346056040144,0.000196160719497,0.000157696660608,0.000136948743602,0.000195320186322,0.000263715919573,0.000173322478076,0.0000995746886474,0.0000904517291929,0.000070484871685,0.0000855888210936,0.0000851715813042,0.0000672867245157,0.0000579162915528,0.0000360005324183,0.0000287083475996,0.0000283723493339,0.0000233598511841,0.0000200239392143,0.000026913909096,0.0000298718714475,0.0000310463765345,0.0000236924224737,0.0000118275293062,0.00000856693168316,0.00000722546838006,0.00000608174559602,0.00000399139617002,0.00000348820708496,0.00000287007537736,0.00000261368290921,0.00000204323646358,0.00000130199089199,0.00000125048666177,0.00000105537083073,8.34615207168e-7],"dvar":[0.00000142327905905,0.00000244408784056,0.0000012801029925,3.94365429202e-7,1.0942362394e-7,6.71509781114e-8,7.73703732193e-8,6.40100665805e-8,1.09069432597e-7,2.36187347014e-7,1.44992725382e-7,3.73213531191e-8,2.26314504914e-8,1.41961269406e-8,2.20026397102e-8,2.25815330879e-8,1.19375647145e-8,5.57396573342e-9,2.86178525322e-9,7.59988183496e-10,6.65586696869e-10,6.05492767036e-10,5.43046163592e-10,8.82995010443e-10,8.0729883889e-10,1.53257551094e-9,8.56780257852e-10,1.34764810422e-10,4.61445881506e-11,4.29681394631e-11,3.61657787051e-11,1.45777192401e-11,2.12251848042e-11,1.11603018493e-11,7.8769941958e-12,3.68320478283e-12,1.66246411169e-12,1.66633872499e-12,1.55837268003e-12,9.19223031026e-13],"dvar2":[0.00000357631756742,0.0000064218256739,0.00000356634927812,0.00000112319708023,2.78330162473e-7,1.63808124398e-7,1.88918349409e-7,1.60038666763e-7,2.66925951564e-7,5.7462557379e-7,3.50211735167e-7,8.16551946059e-8,5.56963115628e-8,3.47506592391e-8,5.40541940097e-8,5.47021841157e-8,2.89210504434e-8,1.35858169159e-8,6.66651844838e-9,2.0031374337e-9,1.67575264776e-9,1.54100698868e-9,1.35875688478e-9,2.16574358447e-9,1.77347270203e-9,3.44823858356e-9,1.92431026669e-9,2.93759377934e-10,1.18187348797e-10,1.05491324009e-10,9.52099371565e-11,3.63006395776e-11,5.4623496698e-11,2.904458965e-11,2.32315555682e-11,1.05352549601e-11,4.505562156e-12,4.36921679392e-12,3.85556864213e-12,2.29672791202e-12],"max":[0.0169098991901,0.016678724438,0.0137186842039,0.00698425760493,0.00445611821488,0.00634866161272,0.00778552517295,0.00551388924941,0.00563098397106,0.0108539992943,0.0119292214513,0.00539495237172,0.00279455957934,0.00409586727619,0.00384348141961,0.00478398613632,0.00352700077929,0.00167496630456,0.00184374605305,0.00064765237039,0.000948986911681,0.000997352646664,0.000911035574973,0.00120974786114,0.000950877496507,0.000887875445187,0.00122998887673,0.000393149937736,0.000186094563105,0.000125642778585,0.000129381136503,0.000068714209192,0.000113044356112,0.0000978111856966,0.0000793986982899,0.0000567322167626,0.0000276187056443,0.0000300389019685,0.0000350144764525,0.0000249335389526],"mean":[0.00107031664811,0.00141717749648,0.00118555850349,0.000618871184997,0.000316502089845,0.000144821751746,0.00011334271403,0.000092333109933,0.000146530757775,0.000214902102016,0.000135616981424,0.0000932942712097,0.0000799909685156,0.0000579706174904,0.0000712972687325,0.0000714918642188,0.0000582964021305,0.0000548057032574,0.0000337645178661,0.0000320555955113,0.0000345876724168,0.0000275913444057,0.0000230095538427,0.0000346324595739,0.000040849456127,0.0000415878639615,0.0000319854734698,0.0000163979457284,0.0000120261256598,0.000010247258615,0.00000838360301714,0.00000565874870517,0.00000460047476736,0.00000373212196791,0.00000336767607223,0.00000266828965323,0.00000170951545897,0.00000157349211349,0.00000130031423851,9.78026491794e-7],"median":[0.000616091885604,0.00086574832676,0.000824053306133,0.000447938742582,0.000182008225238,0.000066066684667,0.0000431578009739,0.0000290506650344,0.0000312666888931,0.0000568594878132,0.0000425704711233,0.0000261541899818,0.0000263151887339,0.0000231861813518,0.0000261892564595,0.0000211616061279,0.0000280167914752,0.0000261581299128,0.0000161672160175,0.0000224716350203,0.0000259716125584,0.000020932242478,0.0000156545156642,0.000025541659852,0.0000304272580252,0.0000211689002754,0.0000186334546015,0.000011453161278,0.00000925613494474,0.00000671523957863,0.00000532990497959,0.00000374335695597,0.000002871273864,0.00000256493785855,0.00000261466539087,0.0000020352372303,0.00000129059071696,0.00000119432252177,9.20612876598e-7,6.43905025299e-7],"min":[1.92564575725e-23,1.23241120204e-23,4.42038760443e-24,2.77462259661e-24,8.40170390649e-24,1.84680747169e-23,2.58799767019e-23,1.67415074755e-23,1.14147857441e-23,9.45759107268e-24,2.43108802966e-23,1.76076104851e-23,4.90892758531e-24,1.77308826233e-23,1.06430486426e-23,6.05804627759e-24,9.51384711042e-24,9.08511698565e-24,8.06870363029e-24,1.12105299342e-23,7.2461062996e-24,9.02097943861e-24,9.88465906753e-24,1.16801230539e-23,6.67354079939e-24,1.20282978585e-23,1.34194232992e-23,1.13320705228e-23,1.01810309542e-23,1.03953265968e-23,6.7715985765e-24,8.20561201811e-24,1.06182784101e-23,1.04816058917e-23,7.03767268236e-24,8.7777862433e-24,8.65261452803e-24,1.16540606673e-23,1.55083490644e-23,9.19959569135e-24],"var":[0.00000177364631782,0.00000266959409601,0.00000147329637912,3.93919265207e-7,1.55990207418e-7,8.64093863129e-8,8.26304500379e-8,7.75162618538e-8,1.49064206312e-7,3.45724174622e-7,1.83848285928e-7,7.957263648e-8,3.81759868162e-8,1.76030141574e-8,3.07548972955e-8,3.57162264208e-8,1.52651224994e-8,9.383330557e-9,4.43267156314e-9,1.29537891524e-9,1.41464118197e-9,1.0479925816e-9,8.82265205338e-10,1.73262737491e-9,1.89696325315e-9,3.62914343022e-9,2.11842077213e-9,3.34088257059e-10,1.08216366423e-10,1.24475749153e-10,8.6744340877e-11,3.98130278745e-11,4.58058209418e-11,2.21687303931e-11,1.19973362842e-11,6.3900230593e-12,2.69028289229e-12,2.53573616098e-12,2.29475097778e-12,1.39924779662e-12]},"melbands_crest":{"dmean":3.68493032455,"dmean2":6.14667272568,"dvar":9.4753780365,"dvar2":24.4013023376,"max":38.2816047668,"mean":13.3350887299,"median":12.7026805878,"min":2.31564569473,"var":20.0315761566},"melbands_flatness_db":{"dmean":0.0250898282975,"dmean2":0.0396284386516,"dvar":0.000528021308128,"dvar2":0.00122945790645,"max":0.458545744419,"mean":0.145736858249,"median":0.139209344983,"min":0.00668379710987,"var":0.00202753627673},"melbands_kurtosis":{"dmean":5.90347385406,"dmean2":9.43950271606,"dvar":97.0379562378,"dvar2":225.399078369,"max":180.145385742,"mean":8.774933815,"median":5.20226287842,"min":-1.83026921749,"var":148.66027832},"melbands_skewness":{"dmean":0.788190960884,"dmean2":1.22112977505,"dvar":0.662833750248,"dvar2":1.45856404305,"max":11.9272785187,"mean":2.48811292648,"median":2.31207418442,"min":-0.861294567585,"var":1.87585198879},"melbands_spread":{"dmean":11.6352758408,"dmean2":18.4181861877,"dvar":140.621292114,"dvar2":319.760894775,"max":223.546325684,"mean":38.4910621643,"median":35.6791152954,"min":0.841380894184,"var":397.214752197},"mfcc":{"cov":[[4664.01953125,-234.924026489,-134.396881104,108.363189697,130.191070557,188.677261353,59.0324783325,174.80368042,68.7220993042,99.1931381226,15.5232210159,-65.8954849243,-14.1692714691],[-234.924026489,404.773773193,-61.7822303772,23.699054718,-39.9261360168,-39.7737197876,15.3550100327,-36.5365333557,-19.8619823456,-27.8578853607,-3.76446223259,7.43525886536,-3.445530653],[-134.396881104,-61.7822303772,329.298309326,39.8532447815,56.1048927307,-4.69625520706,-60.7185592651,2.63307976723,0.0972357839346,-4.43696260452,-0.525942265987,9.32633590698,28.206495285],[108.363189697,23.699054718,39.8532447815,227.938415527,118.501808167,28.0511226654,-20.4031105042,20.9241580963,19.2971878052,14.7948455811,-19.4922237396,-13.6292619705,24.2378063202],[130.191070557,-39.9261360168,56.1048927307,118.501808167,300.249420166,66.9213562012,-22.1588096619,45.7280158997,31.6868247986,3.84078574181,-24.9782905579,4.87650871277,22.6374511719],[188.677261353,-39.7737197876,-4.69625520706,28.0511226654,66.9213562012,133.186538696,39.8201980591,37.484336853,16.5883407593,-2.19786334038,-0.688754856586,-0.852126181126,-3.9912238121],[59.0324783325,15.3550100327,-60.7185592651,-20.4031105042,-22.1588096619,39.8201980591,139.469238281,44.1027336121,-3.88673758507,-5.3537197113,-5.22932863235,-4.94444084167,-14.8797235489],[174.80368042,-36.5365333557,2.63307976723,20.9241580963,45.7280158997,37.484336853,44.1027336121,103.809249878,42.1783065796,11.0094776154,0.760422646999,4.6318936348,-0.830812633038],[68.7220993042,-19.8619823456,0.0972357839346,19.2971878052,31.6868247986,16.5883407593,-3.88673758507,42.1783065796,89.0393600464,46.0249862671,11.4460277557,2.03079199791,-0.465570181608],[99.1931381226,-27.8578853607,-4.43696260452,14.7948455811,3.84078574181,-2.19786334038,-5.3537197113,11.0094776154,46.0249862671,89.4128875732,32.4760627747,-0.145112127066,4.69358253479],[15.5232210159,-3.76446223259,-0.525942265987,-19.4922237396,-24.9782905579,-0.688754856586,-5.22932863235,0.760422646999,11.4460277557,32.4760627747,68.6199264526,27.5599880219,0.970330059528],[-65.8954849243,7.43525886536,9.32633590698,-13.6292619705,4.87650871277,-0.852126181126,-4.94444084167,4.6318936348,2.03079199791,-0.145112127066,27.5599880219,61.3965682983,21.5967922211],[-14.1692714691,-3.445530653,28.206495285,24.2378063202,22.6374511719,-3.9912238121,-14.8797235489,-0.830812633038,-0.465570181608,4.69358253479,0.970330059528,21.5967922211,64.7668304443]],"icov":[[0.000257369567407,0.0000874092802405,0.00014796105097,-0.0000558394349355,0.00000588331249674,-0.000281170854578,0.000159910108778,-0.000450895284303,0.000250127923209,-0.000275100406725,-0.000093400311016,0.000326231325744,-0.0000566644921491],[0.0000874092802405,0.0029755004216,0.000537929707207,-0.000971508387011,0.000207700752071,0.000908223213628,-0.000851650955155,0.00117671769112,-0.000632992130704,0.00128860655241,-0.000386007654015,-0.000604966422543,0.000219097302761],[0.00014796105097,0.000537929707207,0.00367736909539,-0.000374680646928,-0.000301298481645,8.68057838943e-7,0.00156286498532,-0.000870835850947,0.000504688767251,0.000402075937018,-0.000401139812311,0.000194521664525,-0.00103143427987],[-0.0000558394349355,-0.000971508387011,-0.000374680646928,0.00635921210051,-0.00201565981843,-0.000683043908793,0.00088740355568,-0.000853096717037,0.000321961590089,-0.00147860578727,0.000933624221943,0.00209270929918,-0.00202752836049],[0.00000588331249674,0.000207700752071,-0.000301298481645,-0.00201565981843,0.00530386622995,-0.00218762038276,0.00145893602166,-0.00146074348595,-0.000365763582522,-0.000271104945568,0.00229426776059,-0.00156834593508,-0.000268692703685],[-0.000281170854578,0.000908223213628,8.68057838943e-7,-0.000683043908793,-0.00218762038276,0.0107372151688,-0.00343552348204,-0.0000385768435081,-0.00182152423076,0.0024999724701,-0.00201132451184,0.000230201228987,0.000637665623799],[0.000159910108778,-0.000851650955155,0.00156286498532,0.00088740355568,0.00145893602166,-0.00343552348204,0.0114704621956,-0.00647671427578,0.00392341753468,-0.00186817650683,0.00173263950273,0.00027049385244,0.000854907208122],[-0.000450895284303,0.00117671769112,-0.000870835850947,-0.000853096717037,-0.00146074348595,-0.0000385768435081,-0.00647671427578,0.0177945494652,-0.00894262921065,0.00323398504406,-0.000553406483959,-0.00197889539413,0.000280454056337],[0.000250127923209,-0.000632992130704,0.000504688767251,0.000321961590089,-0.000365763582522,-0.00182152423076,0.00392341753468,-0.00894262921065,0.0211300272495,-0.0110157839954,0.0023391332943,-0.00105636555236,0.00175041658804],[-0.000275100406725,0.00128860655241,0.000402075937018,-0.00147860578727,-0.000271104945568,0.0024999724701,-0.00186817650683,0.00323398504406,-0.0110157839954,0.0215185154229,-0.0109200859442,0.00517725013196,-0.00295368069783],[-0.000093400311016,-0.000386007654015,-0.000401139812311,0.000933624221943,0.00229426776059,-0.00201132451184,0.00173263950273,-0.000553406483959,0.0023391332943,-0.0109200859442,0.0256617236882,-0.0128259733319,0.00395005615428],[0.000326231325744,-0.000604966422543,0.000194521664525,0.00209270929918,-0.00156834593508,0.000230201228987,0.00027049385244,-0.00197889539413,-0.00105636555236,0.00517725013196,-0.0128259733319,0.0265062339604,-0.00925881974399],[-0.0000566644921491,0.000219097302761,-0.00103143427987,-0.00202752836049,-0.000268692703685,0.000637665623799,0.000854907208122,0.000280454056337,0.00175041658804,-0.00295368069783,0.00395005615428,-0.00925881974399,0.0202352907509]],"mean":[-606.421203613,86.9278793335,-5.33678102493,35.707988739,8.6797504425,8.79715919495,10.0729837418,6.79586267471,-1.57911407948,4.03884506226,-2.0175409317,-5.11690711975,-6.29019021988]},"pitch_salience":{"dmean":0.0733041092753,"dmean2":0.120415881276,"dvar":0.0040121069178,"dvar2":0.0103891333565,"max":0.915043711662,"mean":0.609930515289,"median":0.619864344597,"min":0.0896522849798,"var":0.00926028192043},"silence_rate_20dB":{"dmean":0,"dmean2":0,"dvar":0,"dvar2":0,"max":1,"mean":1,"median":1,"min":1,"var":0},"silence_rate_30dB":{"dmean":0,"dmean2":0,"dvar":0,"dvar2":0,"max":1,"mean":1,"median":1,"min":1,"var":0},"silence_rate_60dB":{"dmean":0.0102243684232,"dmean2":0.0204506721348,"dvar":0.0101208332926,"dvar2":0.0223016105592,"max":1,"mean":0.0332260504365,"median":0,"min":0,"var":0.0321175269783},"spectral_centroid":{"dmean":315.260559082,"dmean2":496.371795654,"dvar":91436.484375,"dvar2":209127.90625,"max":10832.4179688,"mean":2135.80810547,"median":2169.96362305,"min":226.031036377,"var":322077.8125},"spectral_complexity":{"dmean":4.63845491409,"dmean2":7.29558801651,"dvar":15.9761419296,"dvar2":36.5855293274,"max":55,"mean":29.2285118103,"median":31,"min":0,"var":102.311851501},"spectral_contrast_coeffs":{"dmean":[0.0537291504443,0.0527342259884,0.0426013842225,0.0324192158878,0.0226736180484,0.0189544595778],"dmean2":[0.08914206177,0.086320489645,0.06845459342,0.0534713678062,0.0365401804447,0.0300280954689],"dvar":[0.00197669747286,0.00189434818458,0.00136329582892,0.00074974540621,0.000368051958503,0.000266429036856],"dvar2":[0.00537555711344,0.00479197967798,0.00318460701965,0.00182115565985,0.0008494714275,0.000615319993813],"max":[-0.366530448198,-0.392585992813,-0.487572312355,-0.554893016815,-0.58078366518,-0.604581534863],"mean":[-0.651530146599,-0.758828639984,-0.779549717903,-0.79104077816,-0.786819040775,-0.746098995209],"median":[-0.656081855297,-0.774130105972,-0.795525968075,-0.801766037941,-0.795777797699,-0.748969376087],"min":[-0.968381404877,-0.964713990688,-0.965121746063,-0.96473222971,-0.957717776299,-0.962061464787],"var":[0.00504666985944,0.00596833461896,0.0048834644258,0.00251764594577,0.00164855620824,0.00137329648715]},"spectral_contrast_valleys":{"dmean":[0.385962933302,0.435145765543,0.329675108194,0.271872311831,0.187357962132,0.225359842181],"dmean2":[0.630814671516,0.707806348801,0.529903709888,0.431397140026,0.293946385384,0.341861307621],"dvar":[0.121293179691,0.16502790153,0.104463860393,0.0847653448582,0.0626917034388,0.0833254829049],"dvar2":[0.277680575848,0.376355171204,0.214613690972,0.157389491796,0.0988209545612,0.158678144217],"max":[-5.42127275467,-4.9114408493,-5.23994112015,-5.34866809845,-5.62451505661,-7.79786586761],"mean":[-7.00209665298,-7.01552438736,-7.18135356903,-7.24537420273,-6.7298822403,-9.50248813629],"median":[-6.81327152252,-6.93181610107,-7.05610322952,-7.10015583038,-6.55112504959,-9.33118247986],"min":[-26.9367961884,-27.1578636169,-27.2336807251,-27.2224674225,-27.2836608887,-27.1818637848],"var":[0.961846649647,0.655866980553,0.589060604572,0.667631924152,0.653859853745,0.730717778206]},"spectral_decrease":{"dmean":1.97845206884e-9,"dmean2":3.15947668028e-9,"dvar":4.8573158127e-18,"dvar2":1.17550248075e-17,"max":-5.22802169533e-29,"mean":-5.70753444507e-9,"median":-5.16694154129e-9,"min":-2.48228797517e-8,"var":9.87717013423e-18},"spectral_energy":{"dmean":0.00775886839256,"dmean2":0.0123398629948,"dvar":0.0000736214424251,"dvar2":0.000176817717147,"max":0.100992910564,"mean":0.0239133890718,"median":0.0218493081629,"min":1.0334349479e-20,"var":0.000161074742209},"spectral_energyband_high":{"dmean":0.000400266319048,"dmean2":0.000618129735813,"dvar":2.79941133385e-7,"dvar2":6.38479605186e-7,"max":0.00928712915629,"mean":0.00139967654832,"median":0.00115056079812,"min":7.25770935173e-21,"var":0.00000111154781735},"spectral_energyband_low":{"dmean":0.00484554143623,"dmean2":0.00786278024316,"dvar":0.0000419527932536,"dvar2":0.000100939963886,"max":0.0681431591511,"mean":0.0084510743618,"median":0.00601531844586,"min":9.76698847283e-23,"var":0.0000607992078585},"spectral_energyband_middle_high":{"dmean":0.00198574969545,"dmean2":0.00295043201186,"dvar":0.00000764539436204,"dvar2":0.0000153001255967,"max":0.0549326315522,"mean":0.00671686930582,"median":0.00477604148909,"min":1.62733043287e-21,"var":0.0000328116839228},"spectral_energyband_middle_low":{"dmean":0.00445487396792,"dmean2":0.007421026472,"dvar":0.0000361153142876,"dvar2":0.0000957045849646,"max":0.0834774971008,"mean":0.00876548886299,"median":0.0064987372607,"min":4.03411955872e-22,"var":0.0000553885874979},"spectral_entropy":{"dmean":0.104282125831,"dmean2":0.160842046142,"dvar":0.0119880670682,"dvar2":0.0251553952694,"max":9.80949783325,"mean":7.9091668129,"median":7.94500303268,"min":5.81090927124,"var":0.0710752904415},"spectral_flux":{"dmean":0.024215573445,"dmean2":0.037857607007,"dvar":0.000507021090016,"dvar2":0.00109713489655,"max":0.254507780075,"mean":0.0963875129819,"median":0.0925654470921,"min":1.01658001461e-10,"var":0.00151218264364},"spectral_kurtosis":{"dmean":0.834104537964,"dmean2":1.41777133942,"dvar":0.733310163021,"dvar2":2.09164237976,"max":15.1506309509,"mean":3.10467076302,"median":2.89711999893,"min":-1.18636131287,"var":1.62543356419},"spectral_rms":{"dmean":0.000757460366003,"dmean2":0.00118296523578,"dvar":5.72418002776e-7,"dvar2":0.00000132046454837,"max":0.0099262110889,"mean":0.00462990952656,"median":0.00461696833372,"min":3.17526257024e-12,"var":0.00000189405079709},"spectral_rolloff":{"dmean":747.128295898,"dmean2":1221.79174805,"dvar":716007.75,"dvar2":1594298,"max":18820.0195313,"mean":2429.671875,"median":2476.31835938,"min":43.06640625,"var":1669798.5},"spectral_skewness":{"dmean":0.136672094464,"dmean2":0.221381187439,"dvar":0.016462597996,"dvar2":0.0410302951932,"max":3.00332903862,"mean":1.15222382545,"median":1.14273583889,"min":0.0269353836775,"var":0.0671099424362},"spectral_spread":{"dmean":453699.375,"dmean2":678106.25,"dvar":355227402240,"dvar2":580129521664,"max":41035720,"mean":4502327,"median":4395649,"min":1806463,"var":1016853430270},"spectral_strongpeak":{"dmean":0.538008034229,"dmean2":0.919217884541,"dvar":0.930320441723,"dvar2":2.37536478043,"max":14.817612648,"mean":0.728067040443,"median":0.31851452589,"min":0,"var":1.27209675312},"zerocrossingrate":{"dmean":0.0116564380005,"dmean2":0.0142840063199,"dvar":0.000146103018778,"dvar2":0.000192075152881,"max":0.49072265625,"mean":0.083942130208,"median":0.08154296875,"min":0.001953125,"var":0.000787576893345}},"metadata":{"audio_properties":{"analysis_sample_rate":44100,"bit_rate":237337,"codec":"mp3","downmix":"mix","equal_loudness":0,"length":245.263671875,"lossless":false,"md5_encoded":"093a631aea032adc534856cf1a99b92a","replay_gain":-13.9624977112,"sample_rate":44100},"tags":{"album":["Sieg Howdy!"],"albumartist":["Jello Biafra With The Melvins"],"albumartistsort":["Biafra, Jello With Melvins"],"artist":["Jello Biafra With The Melvins"],"artistsort":["Biafra, Jello With Melvins"],"asin":["B000AC7P2O"],"catalognumber":["virus350"],"contentgroup":["Punk"],"date":["2005-09-25"],"discnumber":["1/1"],"file_name":"03 - Lesson in What Not to Become.mp3","genre":["Punk","Hardcore","Punk Rock","Alternative"],"label":["Alternative Tentacles"],"language":["eng"],"media":["CD"],"musicbrainz album release country":["US"],"musicbrainz album status":["official"],"musicbrainz album type":["album"],"musicbrainz_albumartistid":["2280ca0e-6968-4349-8c36-cb0cbd6ee95f","9ccfbc94-a4f4-42f7-b6f5-d903ab77cccb"],"musicbrainz_albumid":["d8235729-5d64-40a7-8661-27dd7554c5bf"],"musicbrainz_artistid":["2280ca0e-6968-4349-8c36-cb0cbd6ee95f","9ccfbc94-a4f4-42f7-b6f5-d903ab77cccb"],"musicbrainz_recordingid":["7ecf04bf-3b01-4ccf-bc75-ef591679e983"],"musicip_puid":["93776ea9-4ec9-f927-8d49-0a5a34029726"],"script":["Latn"],"title":["Lesson in What Not to Become"],"tracknumber":["3/10"]},"version":{"essentia":"2.1-beta2","essentia_build_sha":"2d9f1f26377add8aeb1075a9c2973f962c4f09fd","essentia_git_sha":"v2.1_beta2-1-ge3940c0","extractor":"music 1.0"}},"rhythm":{"beats_count":389,"beats_loudness":{"dmean":0.00924225989729,"dmean2":0.016177566722,"dvar":0.0000662125239614,"dvar2":0.000183161857422,"max":0.066457927227,"mean":0.026706058532,"median":0.0258314665407,"min":5.61484284844e-7,"var":0.000109738539322},"beats_loudness_band_ratio":{"dmean":[0.196076780558,0.117088012397,0.0990846604109,0.0945554748178,0.06787046790