{"lowlevel":{"average_loudness":0.573092103004,"barkbands":{"dmean":[0.000103433063487,0.00263165310025,0.00308098527603,0.00155498273671,0.00240264320746,0.00122691772413,0.00063871772727,0.000997424940579,0.00098178407643,0.000783486233559,0.000466597964987,0.000404092686949,0.000409640342696,0.000469074671855,0.000366834719898,0.0002109456982,0.000112084300781,0.0000882522799657,0.0000642089071334,0.0000745431170799,0.0000811200297903,0.0000644247993478,0.0000601293249929,0.0000461627751065,0.0000456530542579,0.0000319391292578,0.00000608724440099],"dmean2":[0.000176917616045,0.0045808092691,0.00550945941359,0.00281397462822,0.00415191613138,0.00196010293439,0.00102875521407,0.00148300186265,0.00154547311831,0.00121222645976,0.000736262940336,0.000643182836939,0.000656457152218,0.000758070556913,0.000598652928602,0.000339333259035,0.000181665178388,0.000143287295941,0.000106400613731,0.000119881551655,0.000130259431899,0.0000988758474705,0.0000926256543607,0.0000672946043778,0.000068162837124,0.0000508932498633,0.0000102299454738],"dvar":[6.17657747171e-8,0.0000465853554488,0.0000733445922378,0.0000155386023835,0.0000180000333785,0.00000811297104519,0.00000298615077554,0.00000549918013348,0.00000708893230694,0.00000437885637439,0.00000338723998539,0.00000134264507778,0.00000151192875819,0.00000154831889176,9.19414787859e-7,3.43498413713e-7,5.64309594608e-8,5.99534573098e-8,2.2363948915e-8,2.78313443403e-8,5.20953591376e-8,2.86048109643e-8,2.77054379438e-8,2.50070097962e-8,1.41015998878e-8,9.19625797735e-9,7.77150344078e-10],"dvar2":[1.72852111291e-7,0.000127287014038,0.000207282122574,0.0000444650177087,0.0000515759784321,0.0000216112348426,0.00000743277178117,0.0000115382399599,0.0000165332221513,0.0000104879509308,0.00000822367837827,0.0000032199461657,0.00000359946511708,0.00000395789038521,0.00000241254520006,8.67483834099e-7,1.3968720225e-7,1.29480525857e-7,5.71604239497e-8,6.90586432484e-8,1.28488409246e-7,6.59003092096e-8,6.25158023126e-8,4.58507898315e-8,3.22719628798e-8,2.24821583572e-8,1.99987937322e-9],"max":[0.00326400087215,0.0683060437441,0.0795021206141,0.0457166619599,0.0558990389109,0.057686008513,0.0547211430967,0.0666928067803,0.0804024413228,0.0561843067408,0.103201508522,0.0423494540155,0.0427937805653,0.0257555730641,0.0314757041633,0.0281885620207,0.00576674938202,0.0152432797477,0.00337557401508,0.00336198718287,0.00371172977611,0.00403821328655,0.00587331270799,0.0145853115246,0.00231553264894,0.00224169995636,0.000783304334618],"mean":[0.000140485644806,0.00256528076716,0.00290487450548,0.0016256920062,0.00382248801179,0.00218872958794,0.00102332083043,0.00177584961057,0.00153355835937,0.00124679948203,0.000680887256749,0.000609706563409,0.000614130054601,0.000711198023055,0.00056639208924,0.000359890604159,0.000192867883015,0.000143398807268,0.0000994243018795,0.000128736835904,0.000118776413728,0.000100420009403,0.0000853146921145,0.0000682294848957,0.0000568470240978,0.0000306626934616,0.00000476919376524],"median":[0.0000849852149258,0.000986977247521,0.000825719558634,0.000496712105814,0.00215744832531,0.000948006752878,0.000427950639278,0.000515260733664,0.000346314103808,0.000298847211525,0.000122530836961,0.000140791409649,0.000112290559628,0.000145570229506,0.000139462077641,0.000086134961748,0.0000638611163595,0.0000393228583562,0.0000330610528181,0.0000466324308945,0.0000355751617462,0.00002936934834,0.0000199097830773,0.0000155241214088,0.00000991612523649,0.00000263916103904,2.22016737439e-7],"min":[3.63414833052e-25,4.49528403093e-24,2.46231295866e-24,9.56456573903e-25,8.04718429366e-24,5.96977195344e-24,6.99466635239e-24,1.12225608519e-23,2.47827342916e-23,1.15265058032e-23,7.94819092752e-24,2.83187969883e-23,2.75604302903e-23,4.6728888851e-23,5.11708731005e-23,4.62722046512e-23,8.00734334695e-23,1.01810659796e-22,1.07718691551e-22,1.14609852253e-22,2.41513489557e-22,3.24382658696e-22,4.07334980086e-22,5.14472969036e-22,8.50790701954e-22,1.19637579608e-21,1.98250050254e-21],"var":[4.50934258822e-8,0.000033130425436,0.0000502714319737,0.0000113540136226,0.0000239264645643,0.0000137233755595,0.00000452193808087,0.0000161008356372,0.000014808952983,0.00000862703018356,0.00000603272928856,0.00000248290052696,0.00000308440939989,0.00000303154070025,0.00000182754922662,8.41436246901e-7,1.29497550461e-7,1.99733293016e-7,3.18836121949e-8,4.80360498045e-8,6.60642598405e-8,4.49907489042e-8,4.34166622654e-8,6.08997510199e-8,1.93841813712e-8,8.75557493174e-9,6.08039951722e-10]},"barkbands_crest":{"dmean":2.3132083416,"dmean2":3.83199548721,"dvar":4.17572879791,"dvar2":11.2797756195,"max":25.1825790405,"mean":9.15414905548,"median":8.46001434326,"min":2.53213024139,"var":12.6461772919},"barkbands_flatness_db":{"dmean":0.0206934325397,"dmean2":0.0315877832472,"dvar":0.000412689405493,"dvar2":0.00091967638582,"max":0.333338081837,"mean":0.136738941073,"median":0.131385281682,"min":0.0178934745491,"var":0.00248895329423},"barkbands_kurtosis":{"dmean":3.1114718914,"dmean2":5.07859134674,"dvar":23.0276985168,"dvar2":62.47914505,"max":115.495635986,"mean":5.6556854248,"median":2.71331858635,"min":-1.90135967731,"var":69.0861206055},"barkbands_skewness":{"dmean":0.529624700546,"dmean2":0.82748067379,"dvar":0.299284905195,"dvar2":0.743078231812,"max":8.10049438477,"mean":1.56899249554,"median":1.41496920586,"min":-2.52717065811,"var":1.47077453136},"barkbands_spread":{"dmean":4.55239009857,"dmean2":7.04846286774,"dvar":32.6411590576,"dvar2":74.5023422241,"max":128.09753418,"mean":17.1334190369,"median":14.8515892029,"min":0.998659014702,"var":142.528900146},"dissonance":{"dmean":0.0233435984701,"dmean2":0.0388047322631,"dvar":0.000511788646691,"dvar2":0.00134667207021,"max":0.500000178814,"mean":0.447879850864,"median":0.456577509642,"min":0.0515917502344,"var":0.00134433817584},"dynamic_complexity":4.63008022308,"erbbands":{"dmean":[0.059445079416,0.691950500011,3.02998757362,4.88778352737,7.18519592285,7.73673582077,9.07167243958,10.9246206284,8.89603614807,14.4574489594,20.6566734314,24.4472103119,26.8879470825,13.9460391998,21.1054782867,17.256072998,18.9408779144,22.2318305969,21.0527915955,15.073381424,8.41665077209,5.19188451767,4.97723484039,3.64316821098,3.0622754097,3.49341034889,3.0933945179,3.2502245903,2.23963141441,2.34194922447,1.61068177223,1.01963090897,0.786795318127,0.516710519791,0.297132462263,0.153357550502,0.0566790662706,0.0136535586789,0.000920220336411,0.0000363263243344],"dmean2":[0.10167632997,1.23006427288,5.43552827835,8.85839557648,12.9561243057,13.1031370163,14.6981773376,17.4864253998,13.93217659,22.50390625,31.1306610107,38.3030509949,41.5288925171,21.7297649384,32.8677787781,27.4334793091,30.3238563538,36.0082015991,33.610912323,24.0834598541,13.6414031982,8.2679567337,8.14064979553,5.93139696121,5.109582901,5.58952713013,4.87111902237,5.30234909058,3.45800590515,3.65236902237,2.48522663116,1.50738179684,1.14741492271,0.773726522923,0.447123974562,0.239194482565,0.0914225354791,0.0223302114755,0.00156234449241,0.0000600624262006],"dvar":[0.0213064812124,3.45800542831,69.2211685181,186.142913818,200.844284058,206.132385254,301.22644043,760.420776367,503.021209717,1247.68322754,2919.41601563,4362.19628906,5777.29199219,1857.77990723,7775.84033203,2419.80200195,3338.73901367,3440.06958008,3111.43334961,2027.04931641,399.956970215,116.706787109,142.637207031,84.1184234619,58.37682724,60.742023468,63.193523407,101.354293823,37.0719490051,40.1471748352,20.0670490265,13.244931221,5.60996961594,1.7324501276,0.645278215408,0.184884160757,0.0330062098801,0.00282776914537,0.0000171008869074,2.96352666851e-8],"dvar2":[0.0555896945298,9.69712734222,196.849990845,527.806030273,607.688293457,562.829284668,788.959533691,1993.64855957,1170.28417969,2793.36206055,6495.89208984,10025.3447266,13839.5117188,4596.00976563,18560.796875,5882.62158203,8066.64404297,9150.92578125,7693.45019531,5381.80029297,1033.59130859,289.162017822,342.929168701,192.649230957,154.401184082,149.527511597,148.495101929,265.249969482,86.0030212402,94.009552002,44.4944381714,23.9523258209,10.7748708725,3.91581630707,1.50764346123,0.442737936974,0.0823872163892,0.00711964303628,0.0000440067087766,8.18263217184e-8],"max":[1.45544219017,17.036863327,72.4022445679,144.333068848,183.626327515,206.328308105,303.801300049,516.733947754,981.905090332,1049.13879395,1649.77575684,2398.12939453,2075.29296875,1565.99328613,5144.81591797,1652.22595215,2250.88256836,1332.30175781,2016.61853027,2004.19152832,544.483825684,283.098449707,634.152099609,456.335479736,122.677337646,154.421875,161.170440674,177.49508667,120.650154114,145.846176147,173.694274902,347.60925293,179.854431152,32.3482551575,18.2904338837,11.0911102295,4.322909832,1.2151517868,0.120494388044,0.0117720514536],"mean":[0.0606260821223,0.643696606159,2.92408514023,4.7242770195,9.41002655029,12.3464918137,15.4215927124,18.5902481079,16.3497581482,24.5451335907,36.550075531,40.3350906372,43.0450286865,23.6457118988,32.8714408875,27.886882782,30.6617698669,35.1566085815,34.2073173523,26.5087585449,15.7021255493,9.68057346344,8.44596481323,6.04151391983,4.92364883423,6.07963180542,5.13798761368,4.53301811218,3.47812175751,3.34078335762,2.32048797607,1.48102974892,1.14572942257,0.685501098633,0.344565838575,0.15575389564,0.0520432516932,0.011539939791,0.000720239710063,0.0000470032573503],"median":[0.0216450616717,0.238088384271,0.970147490501,1.48502469063,4.46409702301,5.99207401276,7.56704950333,7.19191026688,6.82139015198,8.51481056213,11.4327363968,10.3560400009,9.78876399994,6.78909444809,6.68752765656,7.14964914322,7.02665328979,8.6005191803,9.29157543182,7.02840614319,4.70906066895,3.40848851204,2.65008497238,1.86997711658,1.6442540884,2.29142951965,1.73092639446,1.30618584156,1.00868630409,0.834785819054,0.54508548975,0.326483249664,0.255369871855,0.135832920671,0.0516845658422,0.0161024741828,0.00402377406135,0.000703295692801,0.0000371151545551,0.0000228092976613],"min":[5.54639645872e-23,7.8722577958e-22,2.74057942415e-21,6.17167613741e-21,1.93611348203e-20,2.3283930631e-20,3.69131739421e-20,1.01470549472e-19,1.0555418506e-19,1.55945026313e-19,3.46125016077e-19,4.29125895554e-19,4.44123610637e-19,7.5167168883e-19,8.34323162046e-19,9.31130021988e-19,1.49537638759e-18,2.85361884412e-18,2.56964960099e-18,2.20786396212e-18,3.720524392e-18,5.33276392596e-18,5.55905076305e-18,8.02053181649e-18,7.78623538953e-18,6.08497219651e-18,9.39845341679e-18,9.1184287912e-18,1.1077752483e-17,1.06076070111e-17,1.20951730559e-17,1.18978383674e-17,9.24496922695e-18,8.81619602053e-18,5.94585323878e-18,4.34971849776e-18,2.27570621403e-18,9.6790274971e-19,2.47242630731e-19,2.75403387224e-20],"var":[0.0169739462435,2.29243040085,46.5413780212,122.791816711,195.211868286,310.725219727,534.745849609,1286.40527344,1150.4519043,3186.48461914,6743.88623047,9499.66601563,11161.7724609,3553.15234375,14558.4414063,4691.85400391,7002.22753906,5971.76269531,6446.17333984,4192.80566406,1137.3449707,304.404418945,436.712554932,207.87411499,79.7689361572,105.553382874,102.455993652,107.194061279,56.4691429138,56.3217582703,33.0514144897,31.5272369385,13.0708560944,2.71769618988,0.798174202442,0.191059693694,0.0294798258692,0.0023528765887,0.0000133623934744,2.05384278473e-8]},"erbbands_crest":{"dmean":2.71517658234,"dmean2":4.38730573654,"dvar":6.54498720169,"dvar2":16.4385910034,"max":30.8516044617,"mean":9.56369686127,"median":8.68385791779,"min":2.40011572838,"var":18.9719009399},"erbbands_flatness_db":{"dmean":0.021446948871,"dmean2":0.0295492876321,"dvar":0.000497506058309,"dvar2":0.000873886980116,"max":0.324246197939,"mean":0.161861434579,"median":0.161569625139,"min":0.0470063872635,"var":0.00241527450271},"erbbands_kurtosis":{"dmean":1.20307338238,"dmean2":1.87814807892,"dvar":3.7538998127,"dvar2":8.75918674469,"max":84.6716156006,"mean":1.46686923504,"median":0.397904604673,"min":-1.83813464642,"var":14.1730871201},"erbbands_skewness":{"dmean":0.380437284708,"dmean2":0.590057134628,"dvar":0.129733100533,"dvar2":0.310666382313,"max":6.95266675949,"mean":0.659842193127,"median":0.555283367634,"min":-3.36809468269,"var":0.778405666351},"erbbands_spread":{"dmean":8.41408157349,"dmean2":12.6130619049,"dvar":108.424552917,"dvar2":226.868453979,"max":162.719802856,"mean":34.8023071289,"median":29.703660965,"min":2.47725248337,"var":428.316497803},"gfcc":{"cov":[[21951.4238281,153.178787231,-1967.8828125,-216.420593262,-500.256652832,620.903381348,-279.825805664,273.520050049,-384.728240967,207.224075317,-322.130645752,7.94073390961,-295.779449463],[153.178787231,1199.44128418,-215.39402771,-129.837692261,3.64392852783,-152.706573486,92.1424331665,-104.311668396,51.7362861633,-130.113677979,121.942024231,-77.4218673706,57.9730453491],[-1967.8828125,-215.39402771,1039.51953125,248.521606445,-1.14402902126,-91.3344345093,2.9524667263,4.79349279404,-15.2335453033,15.7789230347,-51.67710495,59.0868034363,-26.4694576263],[-216.420593262,-129.837692261,248.521606445,479.576690674,-16.6702518463,-46.6804656982,-70.34034729,8.83429050446,17.4669589996,-20.3976726532,-21.7278022766,-16.1565685272,15.2057666779],[-500.256652832,3.64392852783,-1.14402902126,-16.6702518463,241.035339355,11.6890773773,5.79231595993,2.17684984207,24.000875473,-5.44503164291,-1.98931837082,-2.04488039017,-2.90602087975],[620.903381348,-152.706573486,-91.3344345093,-46.6804656982,11.6890773773,227.353713989,57.1012420654,22.8830528259,-30.7037849426,34.3666496277,-15.6258039474,-0.820304632187,-41.049861908],[-279.825805664,92.1424331665,2.9524667263,-70.34034729,5.79231595993,57.1012420654,183.694580078,12.2754268646,-11.7204141617,-19.5677165985,35.2176170349,-12.6619148254,-27.1688518524],[273.520050049,-104.311668396,4.79349279404,8.83429050446,2.17684984207,22.8830528259,12.2754268646,102.144134521,23.57213974,12.7249937057,-21.9547080994,8.83704280853,-13.9186935425],[-384.728240967,51.7362861633,-15.2335453033,17.4669589996,24.000875473,-30.7037849426,-11.7204141617,23.57213974,123.085670471,17.6484451294,5.86132955551,-14.0370569229,24.7957649231],[207.224075317,-130.113677979,15.7789230347,-20.3976726532,-5.44503164291,34.3666496277,-19.5677165985,12.7249937057,17.6484451294,101.886161804,-11.7997770309,8.63415431976,-4.68107366562],[-322.130645752,121.942024231,-51.67710495,-21.7278022766,-1.98931837082,-15.6258039474,35.2176170349,-21.9547080994,5.86132955551,-11.7997770309,110.851615906,16.5670127869,2.77698993683],[7.94073390961,-77.4218673706,59.0868034363,-16.1565685272,-2.04488039017,-0.820304632187,-12.6619148254,8.83704280853,-14.0370569229,8.63415431976,16.5670127869,81.7793197632,14.4646854401],[-295.779449463,57.9730453491,-26.4694576263,15.2057666779,-2.90602087975,-41.049861908,-27.1688518524,-13.9186935425,24.7957649231,-4.68107366562,2.77698993683,14.4646854401,88.7651519775]],"icov":[[0.000105794038973,-0.000197791523533,0.000248021999141,-0.000143241501064,0.000182547781151,-0.000168734914041,0.000207260454772,-0.000318797858199,0.000356006639777,-0.000341257371474,0.000458056514617,-0.000412096531363,0.000456970185041],[-0.000197791523533,0.00189155875705,-0.000370963534806,0.000701070413925,-0.000275888975011,0.00102468056139,-0.000963529455476,0.00154370942619,-0.0012818936957,0.00202378025278,-0.00193704618141,0.00213420507498,-0.00153556175064],[0.000248021999141,-0.000370963534806,0.00204330217093,-0.00119047623593,0.000345009873854,0.00060308619868,-0.000517295149621,-0.000130294371047,0.000775684718974,-0.00135319656692,0.00224174954928,-0.00268280948512,0.0020723992493],[-0.000143241501064,0.000701070413925,-0.00119047623593,0.0031589444261,-0.00000712939345249,-0.00000278430138678,0.00106411159504,-0.0000716805225238,-0.000804996641818,0.00188162026461,-0.00158175616525,0.00259502977133,-0.00156766246073],[0.000182547781151,-0.000275888975011,0.000345009873854,-0.00000712939345249,0.00464418763295,-0.000714990717825,0.000392075802665,-0.000205884498428,-0.000667270156555,0.000162927157362,0.000964128994383,-0.000860491243657,0.0011067247251],[-0.000168734914041,0.00102468056139,0.00060308619868,-0.00000278430138678,-0.000714990717825,0.00707821175456,-0.00305559625849,0.000570180942304,0.000603203778155,-0.00152571860235,0.000504348718096,0.0000397028816224,0.00108173897024],[0.000207260454772,-0.000963529455476,-0.000517295149621,0.00106411159504,0.000392075802665,-0.00305559625849,0.00875609181821,-0.00288496771827,0.00124881847296,0.00116707908455,-0.00236650183797,0.00163334119134,0.00133135891519],[-0.000318797858199,0.00154370942619,-0.000130294371047,-0.0000716805225238,-0.000205884498428,0.000570180942304,-0.00288496771827,0.0142478030175,-0.0052750306204,0.00145191373304,0.00182634836528,-0.00207955180667,0.00134280254133],[0.000356006639777,-0.0012818936957,0.000775684718974,-0.000804996641818,-0.000667270156555,0.000603203778155,0.00124881847296,-0.0052750306204,0.0125994607806,-0.00440600141883,-0.0000709814266884,0.00175100238994,-0.00183012860361],[-0.000341257371474,0.00202378025278,-0.00135319656692,0.00188162026461,0.000162927157362,-0.00152571860235,0.00116707908455,0.00145191373304,-0.00440600141883,0.0145353740081,-0.00221680151299,0.00173752976116,-0.00151655310765],[0.000458056514617,-0.00193704618141,0.00224174954928,-0.00158175616525,0.000964128994383,0.000504348718096,-0.00236650183797,0.00182634836528,-0.0000709814266884,-0.00221680151299,0.015272305347,-0.00797456596047,0.00428233295679],[-0.000412096531363,0.00213420507498,-0.00268280948512,0.00259502977133,-0.000860491243657,0.0000397028816224,0.00163334119134,-0.00207955180667,0.00175100238994,0.00173752976116,-0.00797456596047,0.0202181320637,-0.00729019194841],[0.000456970185041,-0.00153556175064,0.0020723992493,-0.00156766246073,0.0011067247251,0.00108173897024,0.00133135891519,0.00134280254133,-0.00183012860361,-0.00151655310765,0.00428233295679,-0.00729019194841,0.0173175837845]],"mean":[-41.7450027466,104.127418518,-104.747619629,24.6092071533,-62.1224441528,13.422961235,-39.1924324036,2.20320296288,-20.6244125366,3.60910272598,-19.0368785858,-3.83084988594,-8.73063468933]},"hfc":{"dmean":6.41660118103,"dmean2":9.7008190155,"dvar":132.425750732,"dvar2":305.52166748,"max":206.536178589,"mean":16.264749527,"median":10.0105857849,"min":1.08513073235e-16,"var":335.753570557},"melbands":{"dmean":[0.000625257845968,0.00137401861139,0.000882001302671,0.00054859276861,0.00031855457928,0.000239163331571,0.000134890360641,0.00017228985962,0.000174989283551,0.000150752894115,0.000133144349093,0.0000564661313547,0.000067944994953,0.0000500325804751,0.0000413031193602,0.0000404396196245,0.0000460480732727,0.0000365276209777,0.0000240061490331,0.0000191895887838,0.00000914280371944,0.00000603546459388,0.0000058452706071,0.00000395385313823,0.00000312608722197,0.00000224102791435,0.00000238454458668,0.00000242214400714,0.00000210051871363,0.00000198166367227,0.00000198357452064,0.00000128866633986,0.00000126385327803,0.00000136964570174,0.00000104783168808,6.87630006269e-7,6.09494350101e-7,5.48901482489e-7,5.79412699153e-7,4.0704736648e-7],"dmean2":[0.00107577734161,0.00246100407094,0.00159305881243,0.00097078474937,0.000514270737767,0.000380703742849,0.000213058272493,0.000263596739387,0.000266375398496,0.000236706531723,0.000205483243917,0.0000881953237695,0.000106228115328,0.0000784953226685,0.0000654346076772,0.0000650092260912,0.0000749669634388,0.0000581574931857,0.0000386815008824,0.0000310052164423,0.0000149601810335,0.00000964740229392,0.00000969586290012,0.00000636386539554,0.00000512725273438,0.0000037885099573,0.00000398160364057,0.00000387515774491,0.0000033473129406,0.00000321303537021,0.00000330250372826,0.00000201184684556,0.00000197477243091,0.00000216862804336,0.00000165594576629,0.00000103690649667,9.16896169656e-7,8.0952446524e-7,8.80021218563e-7,6.18524722995e-7],"dvar":[0.00000250107495958,0.0000144371224451,0.00000490809816256,0.00000113557905479,3.27232555719e-7,3.37152215479e-7,1.21186047863e-7,1.68438489823e-7,2.13629576251e-7,1.61330177662e-7,1.43284253795e-7,3.33335208325e-8,6.76287896795e-8,2.21084093255e-8,1.54097250515e-8,1.65180402689e-8,1.57014383717e-8,1.03001145391e-8,3.88592980016e-9,2.98409963406e-9,4.82544226799e-10,1.8575141425e-10,1.76183262424e-10,1.69068162248e-10,5.96659666119e-11,3.16854667504e-11,3.88819566821e-11,2.76157100659e-11,2.87854132891e-11,2.91428790822e-11,4.2546303286e-11,1.21751306953e-11,1.22450686743e-11,1.39922864961e-11,8.48403205328e-12,4.40485321829e-12,6.14428820322e-12,3.30094415343e-12,2.61665840905e-12,1.19895478094e-12],"dvar2":[0.00000666031655783,0.0000408983542002,0.0000139304584081,0.00000335016261488,8.41432267862e-7,8.84544363089e-7,2.92331037599e-7,3.61594089782e-7,4.90886009175e-7,3.78263337097e-7,3.4231257473e-7,8.2746005603e-8,1.64027184724e-7,5.17708009795e-8,3.6591842445e-8,4.03091142687e-8,4.17884749027e-8,2.51330440904e-8,1.0053363475e-8,7.67061791862e-9,1.24554544456e-9,4.60656818246e-10,4.68785954499e-10,3.3509656161e-10,1.41796061004e-10,8.41454197986e-11,1.03838534993e-10,6.72483804753e-11,6.80571293765e-11,7.08231667756e-11,1.15596240913e-10,2.87442968733e-11,2.88231886275e-11,3.34866682994e-11,1.98453215666e-11,8.55784887399e-12,1.10251833704e-11,6.37017999114e-12,5.91695919691e-12,2.82686786306e-12],"max":[0.0162738822401,0.0314173549414,0.0215238519013,0.0151606211439,0.0108723770827,0.0112686939538,0.0125676346943,0.0136930104345,0.0135077731684,0.0131826475263,0.0104988198727,0.00589500647038,0.0140133481473,0.00632643420249,0.00554959475994,0.00478024268523,0.00285623944364,0.00333955977112,0.00156277045608,0.00256175175309,0.000801526824944,0.000384903571103,0.000563927984331,0.000973862886894,0.000317310506944,0.000113305228297,0.000132127068355,0.0000948784145294,0.000111255278171,0.00012391837663,0.000117892530398,0.0000633130039205,0.00011097996321,0.0000749940300011,0.0000812907383079,0.000142294898978,0.000254647806287,0.000159936957061,0.0000671301822877,0.0000239404525928],"mean":[0.000622659921646,0.00133132527117,0.000966469640844,0.000812169222627,0.000557820487302,0.000422216719016,0.000235683866777,0.000295053701848,0.000305116380332,0.000238420834648,0.000207922596019,0.0000906265195226,0.000101762925624,0.0000772281273385,0.0000674965049257,0.0000601431602263,0.0000683697653585,0.0000567265087739,0.0000380892815883,0.0000323526728607,0.0000156660098583,0.0000102886342574,0.00000917089892027,0.00000645460113446,0.00000481743199998,0.00000328449277731,0.00000372040585717,0.00000411122482546,0.00000342626299243,0.00000279420896732,0.00000255596341958,0.00000193321011466,0.00000188331921436,0.00000183124063824,0.00000144337718666,9.82173446573e-7,8.59289571054e-7,7.89188788985e-7,7.76057163421e-7,5.15641261245e-7],"median":[0.000234017701587,0.000465320132207,0.000369936082279,0.000415468675783,0.000292587239528,0.000170877974597,0.0000948691449594,0.0000935965945246,0.0000910827511689,0.0000556536760996,0.0000423855854024,0.0000239303935814,0.0000198935449589,0.0000173312237166,0.0000166040717886,0.0000121106922961,0.0000142388425957,0.0000138808291013,0.00001029033956,0.0000073283972597,0.00000453501343145,0.00000329663680532,0.00000278065863313,0.00000161966784162,0.00000130812634325,9.59746671469e-7,0.00000116529918159,0.00000150315565861,0.00000105015465124,8.33785463783e-7,6.6113881303e-7,5.38265112482e-7,5.11745668064e-7,4.2250212573e-7,3.29797813947e-7,2.100236145e-7,1.80163027608e-7,1.73258158043e-7,1.56729299761e-7,9.16402385087e-8],"min":[9.12159075846e-25,1.55364676169e-24,1.6546978715e-24,1.83212570529e-24,1.23648020576e-24,2.35381204368e-24,1.48653974499e-24,1.38408820986e-24,3.11107591421e-24,3.06718152407e-24,1.58166503028e-24,2.7238237014e-24,1.72666308808e-24,3.73035716557e-24,3.14552487829e-24,2.9553934257e-24,4.37956444702e-24,3.24654246151e-24,3.49971553613e-24,2.08452214634e-24,4.00861720026e-24,5.16358726831e-24,3.75647043368e-24,4.73127255958e-24,5.1274645386e-24,4.71223300721e-24,4.0816866249e-24,3.93645102136e-24,4.89639140224e-24,5.32214081608e-24,5.2417929663e-24,5.94130196337e-24,6.12469910763e-24,5.24242326616e-24,6.73296490252e-24,6.30733342339e-24,5.96929824246e-24,5.40730150624e-24,6.35385925629e-24,6.98945119294e-24],"var":[0.00000188596607131,0.00000958728560363,0.00000351250037056,0.00000129998284137,6.17394334768e-7,5.94713071678e-7,2.38577655409e-7,5.03331705204e-7,4.86186650051e-7,3.26573086795e-7,2.75828909935e-7,6.15892901124e-8,1.23833061139e-7,4.38321592355e-8,3.24633262494e-8,2.94847968263e-8,2.62994497291e-8,2.11051585097e-8,7.88385801087e-9,7.11587233582e-9,1.09224962408e-9,4.29260876844e-10,3.88415910546e-10,6.01915073339e-10,1.29330046672e-10,4.07723022011e-11,5.25673879426e-11,5.02295809113e-11,4.9998467172e-11,3.68150371299e-11,3.96316278406e-11,1.84274071696e-11,1.73391041108e-11,1.82906623875e-11,1.22021637586e-11,9.77751733744e-12,1.41689776231e-11,7.63319615849e-12,4.21791681443e-12,1.65379493954e-12]},"melbands_crest":{"dmean":3.04043483734,"dmean2":5.05991506577,"dvar":6.96092271805,"dvar2":18.8980522156,"max":30.0988922119,"mean":12.5004844666,"median":11.7245721817,"min":1.00044059753,"var":20.8162345886},"melbands_flatness_db":{"dmean":0.0236767772585,"dmean2":0.0368252843618,"dvar":0.000588033231907,"dvar2":0.00135526841041,"max":0.456598877907,"mean":0.213546261191,"median":0.206361845136,"min":-2.58859635949e-8,"var":0.00434839725494},"melbands_kurtosis":{"dmean":7.26894569397,"dmean2":11.7805719376,"dvar":156.558609009,"dvar2":400.091247559,"max":269.733917236,"mean":14.2651319504,"median":6.99871587753,"min":-1.81585991383,"var":430.714355469},"melbands_skewness":{"dmean":0.720741987228,"dmean2":1.12162613869,"dvar":0.68082690239,"dvar2":1.61719655991,"max":14.4856204987,"mean":2.41045069695,"median":2.10666847229,"min":-1.39692056179,"var":2.91669368744},"melbands_spread":{"dmean":4.93341684341,"dmean2":7.81344604492,"dvar":36.3951683044,"dvar2":88.3321533203,"max":173.978408813,"mean":18.8672275543,"median":15.9309854507,"min":0.836496829987,"var":265.092559814},"mfcc":{"cov":[[12768.4833984,143.185806274,-1080.94116211,-538.744140625,-170.448104858,163.814285278,72.9072341919,56.3498878479,108.6822052,97.8020172119,46.4325180054,76.8783416748,-21.272813797],[143.185806274,1265.16894531,-160.889373779,-71.5884170532,-90.1324615479,-35.4675178528,13.3514099121,-3.28549790382,-45.8842048645,-17.817943573,-3.24555110931,-2.07519006729,-5.51054859161],[-1080.94116211,-160.889373779,801.74810791,293.353790283,25.9705505371,-2.18036794662,-9.67231464386,2.77546429634,4.03587865829,-36.8624305725,-3.73537826538,4.25903367996,-9.2377166748],[-538.744140625,-71.5884170532,293.353790283,417.211669922,109.706336975,-44.3679733276,-51.6868362427,-10.5651330948,4.55896854401,-14.3211336136,-34.33543396,-14.2204027176,-5.90270280838],[-170.448104858,-90.1324615479,25.9705505371,109.706336975,215.929931641,11.9719696045,-52.076713562,-12.2292718887,24.2745418549,6.94575405121,-19.645149231,-11.6845874786,10.9784898758],[163.814285278,-35.4675178528,-2.18036794662,-44.3679733276,11.9719696045,142.986038208,55.6530685425,1.53510093689,4.2426981926,17.5096473694,14.7660484314,-2.70096826553,-3.62091255188],[72.9072341919,13.3514099121,-9.67231464386,-51.6868362427,-52.076713562,55.6530685425,155.156463623,54.8390808105,-33.9240150452,-3.82794046402,27.653673172,-1.55542051792,-6.66870212555],[56.3498878479,-3.28549790382,2.77546429634,-10.5651330948,-12.2292718887,1.53510093689,54.8390808105,111.852584839,3.85002684593,-5.76111841202,20.9498386383,-1.69686603546,1.61099720001],[108.6822052,-45.8842048645,4.03587865829,4.55896854401,24.2745418549,4.2426981926,-33.9240150452,3.85002684593,114.336791992,36.2337722778,-16.3245773315,2.91676354408,1.75741410255],[97.8020172119,-17.817943573,-36.8624305725,-14.3211336136,6.94575405121,17.5096473694,-3.82794046402,-5.76111841202,36.2337722778,90.2488250732,28.2452964783,-5.37743902206,-3.1186144352],[46.4325180054,-3.24555110931,-3.73537826538,-34.33543396,-19.645149231,14.7660484314,27.653673172,20.9498386383,-16.3245773315,28.2452964783,87.609336853,12.6460819244,-7.9485783577],[76.8783416748,-2.07519006729,4.25903367996,-14.2204027176,-11.6845874786,-2.70096826553,-1.55542051792,-1.69686603546,2.91676354408,-5.37743902206,12.6460819244,72.1473999023,25.7144165039],[-21.272813797,-5.51054859161,-9.2377166748,-5.90270280838,10.9784898758,-3.62091255188,-6.66870212555,1.61099720001,1.75741410255,-3.1186144352,-7.9485783577,25.7144165039,73.4184036255]],"icov":[[0.0000931391623453,0.00000361447973773,0.00012502183381,0.00000283988060801,0.0000695878479746,-0.000119170064863,0.0000335041731887,-0.0000587772956351,-0.000084819534095,-0.00000652399921819,0.00000796216227172,-0.000126082799397,0.0000780420887168],[0.00000361447973773,0.000848628813401,0.000180526956683,-0.0000373630027752,0.000330154056428,0.000138317322126,0.0000238100346905,0.0000130415692183,0.000260405679001,0.0000493901643495,0.0000956581279752,0.000023503200282,0.0000417714363721],[0.00012502183381,0.000180526956683,0.00202592904679,-0.00149959686678,0.000683635531459,-0.000637411489151,0.0000288876071863,0.0000143907564052,-0.000581937958486,0.00100035860669,-0.000690555083565,-0.000283969187876,0.000133882305818],[0.00000283988060801,-0.0000373630027752,-0.00149959686678,0.00421250751242,-0.0019748553168,0.00132173730526,0.000173417269252,-0.000200568785658,0.000702301680576,-0.000729746941943,0.00131255306769,0.000123982768855,0.000579527870286],[0.0000695878479746,0.000330154056428,0.000683635531459,-0.0019748553168,0.00655598985031,-0.00205372157507,0.00229303631932,-0.000565390917473,-0.000528213800862,0.000116461524158,0.0000724425335648,0.000973301939666,-0.00120421405882],[-0.000119170064863,0.000138317322126,-0.000637411489151,0.00132173730526,-0.00205372157507,0.00975649151951,-0.00467178504914,0.00220536626875,-0.000971656234469,-0.00112118583638,-0.000469498365419,0.00041656565736,0.0000963623315329],[0.0000335041731887,0.0000238100346905,0.0000288876071863,0.000173417269252,0.00229303631932,-0.00467178504914,0.0116725284606,-0.00551556469873,0.00339564913884,-0.00040143210208,-0.000202536291908,-3.63570507034e-8,0.000516791129485],[-0.0000587772956351,0.0000130415692183,0.0000143907564052,-0.000200568785658,-0.000565390917473,0.00220536626875,-0.00551556469873,0.0125659350306,-0.00339238229208,0.00280098756775,-0.00371538195759,0.0016890258994,-0.00140740617644],[-0.000084819534095,0.000260405679001,-0.000581937958486,0.000702301680576,-0.000528213800862,-0.000971656234469,0.00339564913884,-0.00339238229208,0.013120489195,-0.00679587759078,0.00514327501878,-0.00219356361777,0.00111452722922],[-0.00000652399921819,0.0000493901643495,0.00100035860669,-0.000729746941943,0.000116461524158,-0.00112118583638,-0.00040143210208,0.00280098756775,-0.00679587759078,0.0171178486198,-0.00792165007442,0.00320335570723,-0.0011914166389],[0.00000796216227172,0.0000956581279752,-0.000690555083565,0.00131255306769,0.0000724425335648,-0.000469498365419,-0.000202536291908,-0.00371538195759,0.00514327501878,-0.00792165007442,0.0174362193793,-0.00478522339836,0.00316137913615],[-0.000126082799397,0.000023503200282,-0.000283969187876,0.000123982768855,0.000973301939666,0.00041656565736,-3.63570507034e-8,0.0016890258994,-0.00219356361777,0.00320335570723,-0.00478522339836,0.0178396254778,-0.00680031906813],[0.0000780420887168,0.0000417714363721,0.000133882305818,0.000579527870286,-0.00120421405882,0.0000963623315329,0.000516791129485,-0.00140740617644,0.00111452722922,-0.0011914166389,0.00316137913615,-0.00680031906813,0.0166191495955]],"mean":[-681.070678711,133.636657715,11.8671369553,15.2322006226,1.15613746643,8.25598907471,-6.02799320221,-3.8548989296,1.13708901405,2.53429055214,-2.81492400169,-2.68648934364,-3.23362112045]},"pitch_salience":{"dmean":0.0655252486467,"dmean2":0.108401320875,"dvar":0.00311162834987,"dvar2":0.00849975738674,"max":0.996089875698,"mean":0.592264175415,"median":0.594255626202,"min":0.20740903914,"var":0.00845699105412},"silence_rate_20dB":{"dmean":0,"dmean2":0,"dvar":0,"dvar2":0,"max":1,"mean":1,"median":1,"min":1,"var":0},"silence_rate_30dB":{"dmean":0.00689115095884,"dmean2":0.0137833813205,"dvar":0.00684239994735,"dvar2":0.0198537316173,"max":1,"mean":0.996084868908,"median":1,"min":0,"var":0.00389972794801},"silence_rate_60dB":{"dmean":0.0225528590381,"dmean2":0.0451092496514,"dvar":0.022042337805,"dvar2":0.0496557913721,"max":1,"mean":0.105395033956,"median":0,"min":0,"var":0.0942856222391},"spectral_centroid":{"dmean":181.504867554,"dmean2":287.169952393,"dvar":53397.4414063,"dvar2":123203.585938,"max":11596.1015625,"mean":1017.85638428,"median":898.98626709,"min":184.171539307,"var":797579},"spectral_complexity":{"dmean":2.98684406281,"dmean2":4.54867267609,"dvar":17.2120056152,"dvar2":35.3822937012,"max":60,"mean":14.9370450974,"median":14,"min":0,"var":78.9997558594},"spectral_contrast_coeffs":{"dmean":[0.0496402606368,0.0442082285881,0.0401009768248,0.0327331647277,0.0209001265466,0.0163673236966],"dmean2":[0.0836008861661,0.0706862211227,0.0636826306581,0.0520597808063,0.0334025993943,0.0265098866075],"dvar":[0.0015866807662,0.00145834253635,0.00114149565343,0.000736272020731,0.000345912878402,0.000251384626608],"dvar2":[0.00448782090098,0.00360638648272,0.00274624140002,0.00176671787631,0.000775124819484,0.000626859196927],"max":[-0.339851498604,-0.3522323668,-0.429943621159,-0.51672410965,-0.580448627472,-0.641692399979],"mean":[-0.639460086823,-0.718744635582,-0.73903131485,-0.764959335327,-0.804774284363,-0.779925048351],"median":[-0.640192270279,-0.722943425179,-0.742777645588,-0.768338978291,-0.80932611227,-0.778165876865],"min":[-0.978272557259,-0.997205734253,-0.998734951019,-0.988394856453,-0.989047050476,-0.964723467827],"var":[0.00607898645103,0.00624032597989,0.00594617193565,0.00507564190775,0.00251434464008,0.00137422280386]},"spectral_contrast_valleys":{"dmean":[0.456922858953,0.379173368216,0.366416811943,0.318028658628,0.289201438427,0.362625420094],"dmean2":[0.736686706543,0.596692800522,0.563748776913,0.482719480991,0.420382499695,0.470001965761],"dvar":[0.197011098266,0.146708875895,0.145905658603,0.127013161778,0.167183980346,0.244137972593],"dvar2":[0.448415786028,0.327546745539,0.29908657074,0.237466230989,0.309110790491,0.43625035882],"max":[-4.9525513649,-4.19721078873,-5.19335365295,-5.58320331573,-5.747174263,-7.46661806107],"mean":[-7.46920919418,-7.01217794418,-7.90210008621,-8.22373580933,-8.33487224579,-10.5776958466],"median":[-7.21128988266,-6.71240997314,-7.58848428726,-7.89174985886,-8.05115222931,-10.3380117416],"min":[-28.1010875702,-28.3044204712,-27.6271877289,-27.6632175446,-27.5205783844,-27.3966617584],"var":[3.61121082306,3.84407997131,3.97716236115,3.72158908844,3.51518917084,3.10956525803]},"spectral_decrease":{"dmean":2.92726243245e-9,"dmean2":4.90870277758e-9,"dvar":3.68141330741e-17,"dvar2":9.99034002256e-17,"max":3.59846882614e-19,"mean":-5.80872772105e-9,"median":-4.05814892801e-9,"min":-5.39167039904e-8,"var":4.02381049447e-17},"spectral_energy":{"dmean":0.0115552265197,"dmean2":0.019271524623,"dvar":0.000561168359127,"dvar2":0.00151592271868,"max":0.214344859123,"mean":0.0233987532556,"median":0.016301156953,"min":1.02176806619e-20,"var":0.000638905388769},"spectral_energyband_high":{"dmean":0.000337445555488,"dmean2":0.00049257761566,"dvar":6.71762052207e-7,"dvar2":0.00000145315391364,"max":0.0229647755623,"mean":0.000538280699402,"median":0.00017565919552,"min":7.10913430434e-21,"var":0.00000115467969408},"spectral_energyband_low":{"dmean":0.00623352313414,"dmean2":0.0109149264172,"dvar":0.000295475008897,"dvar2":0.000819602457341,"max":0.141890883446,"mean":0.00631400942802,"median":0.00237660529092,"min":1.67024714824e-23,"var":0.000204669384402},"spectral_energyband_middle_high":{"dmean":0.0018721264787,"dmean2":0.00283924047835,"dvar":0.0000125124452097,"dvar2":0.0000291120868496,"max":0.122876830399,"mean":0.00494506210089,"median":0.00216297549196,"min":1.15914115746e-21,"var":0.0000509062883793},"spectral_energyband_middle_low":{"dmean":0.00596470013261,"dmean2":0.00991933885962,"dvar":0.000108942716906,"dvar2":0.000292522512609,"max":0.146969988942,"mean":0.0127021092921,"median":0.00913442950696,"min":1.61781487709e-22,"var":0.000168363578268},"spectral_entropy":{"dmean":0.190951406956,"dmean2":0.275977253914,"dvar":0.0469145514071,"dvar2":0.0887893214822,"max":9.82338809967,"mean":7.37221050262,"median":7.38858890533,"min":5.58768892288,"var":0.286628961563},"spectral_flux":{"dmean":0.0274028629065,"dmean2":0.0420421846211,"dvar":0.00202383217402,"dvar2":0.00392210111022,"max":0.40324395895,"mean":0.0763044133782,"median":0.0612536557019,"min":6.40508063254e-11,"var":0.00378916086629},"spectral_kurtosis":{"dmean":1.93943297863,"dmean2":3.19753837585,"dvar":7.52137374878,"dvar2":18.4283733368,"max":44.4940757751,"mean":5.50391626358,"median":4.42402839661,"min":-1.25577044487,"var":19.0661640167},"spectral_rms":{"dmean":0.000950534536969,"dmean2":0.00150320655666,"dvar":0.00000231494595937,"dvar2":0.0000059048525145,"max":0.0144608756527,"mean":0.00420611258596,"median":0.00398792792112,"min":3.15728823294e-12,"var":0.00000513660870638},"spectral_rolloff":{"dmean":313.895080566,"dmean2":533.142211914,"dvar":399559.0625,"dvar2":933085.75,"max":19789.0136719,"mean":1211.58032227,"median":818.26171875,"min":107.666015625,"var":3351390.5},"spectral_skewness":{"dmean":0.245929643512,"dmean2":0.390490889549,"dvar":0.088130839169,"dvar2":0.196414396167,"max":5.30373048782,"mean":1.81754863262,"median":1.74891829491,"min":-0.0921307653189,"var":0.367826342583},"spectral_spread":{"dmean":634612.4375,"dmean2":904401.25,"dvar":729965527040,"dvar2":1401997492220,"max":42739968,"mean":4889895.5,"median":4497633.5,"min":1381090.125,"var":9667220602880},"spectral_strongpeak":{"dmean":0.530282497406,"dmean2":0.883449137211,"dvar":0.804726779461,"dvar2":2.03291797638,"max":13.8001451492,"mean":1.01574385166,"median":0.508827328682,"min":0,"var":1.86102974415},"zerocrossingrate":{"dmean":0.00831932574511,"dmean2":0.0100770480931,"dvar":0.000109535823867,"dvar2":0.000148140126839,"max":0.5234375,"mean":0.0535381212831,"median":0.04638671875,"min":0.00537109375,"var":0.00228501507081}},"metadata":{"audio_properties":{"analysis_sample_rate":44100,"bit_rate":256023,"codec":"mp3","downmix":"mix","equal_loudness":0,"length":296.515930176,"lossless":false,"md5_encoded":"98c896b2f4307e4b621adc653d80e137","replay_gain":-5.88596343994,"sample_rate":44100},"tags":{"album":["American Dream"],"albumartist":["Crosby, Stills, Nash & Young"],"albumartistsort":["Crosby, Stills, Nash & Young"],"artist":["Crosby, Stills, Nash & Young"],"artistsort":["Crosby, Stills, Nash & Young"],"asin":["B000002IMV"],"barcode":["075678188824"],"catalognumber":["7 81888-2"],"date":["1988"],"discnumber":["01/01"],"file_name":"Crosby,_Stills,_Nash_&_Young-American_Dream-02-Got_It_Made.mp3","genre":["Rock"],"label":["Atlantic"],"language":["eng"],"media":["(CD)"],"musicbrainz album release country":["United States"],"musicbrainz album status":["Official"],"musicbrainz album type":["Album"],"musicbrainz_albumartistid":["46a782ea-4308-476b-abd1-a91b197f3037"],"musicbrainz_albumid":["21b59084-8dd2-4f42-9bef-a11827c0dc0a"],"musicbrainz_artistid":["46a782ea-4308-476b-abd1-a91b197f3037"],"musicbrainz_recordingid":["7ed5be81-54bb-4d41-a380-4db03d80b63e"],"musicbrainz_releasegroupid":["c6156273-c3ff-3d0c-98df-b2f85787b668"],"script":["Latin"],"title":["Got It Made"],"tracknumber":["02/14"]},"version":{"essentia":"2.1-beta2","essentia_build_sha":"2d9f1f26377add8aeb1075a9c2973f962c4f09fd","essentia_git_sha":"v2.1_beta2-1-ge3940c0","extractor":"music 1.0"}},"rhythm":{"beats_count":593,"beats_loudness":{"dmean":0.0136461108923,"dmean2":0.0231248103082,"dvar":0.000168005615706,"dvar2":0.00050266092876,"max":0.134613215923,"mean":0.0376577116549,"median":0.0365302525461,"min":0,"var":0.00042980661965},"beats_loudness_band_ratio":{"dmean":[0.193459570408,0.125240296125,0.110818989575,0.0600050799549,0.0451389960945,0.0504