{"lowlevel":{"average_loudness":0.763289511204,"barkbands":{"dmean":[0.0000679743825458,0.00637460546568,0.0020465196576,0.000347476074239,0.000247333140578,0.000248975935392,0.000311255687848,0.000257920037257,0.000270714255748,0.000695102964528,0.000440250820247,0.000653256545775,0.000343551451806,0.000324580498273,0.000326378940372,0.000410125270719,0.000410422420828,0.000283784465864,0.000325649685692,0.000254798535025,0.000227460535825,0.000230743578868,0.000177992202225,0.000100276287412,0.0000711778338882,0.0000359330624633,0.00000357442627319],"dmean2":[0.0000980007389444,0.0107287084684,0.00371378450654,0.000598039303441,0.000386117375456,0.000377851858502,0.000476377055747,0.000381297228159,0.00043357591494,0.00104037544224,0.000658920966089,0.00101251329761,0.00053800950991,0.00051336362958,0.000530997407623,0.000668427557684,0.000664161983877,0.000459143688204,0.00053179328097,0.000429085484939,0.000373956107069,0.000374568509869,0.000281243817881,0.000151494532474,0.00010356221901,0.0000551308839931,0.00000554861799174],"dvar":[2.33750334644e-8,0.000334635988111,0.0000402271507483,0.00000129675231619,4.96472466693e-7,6.31182047073e-7,0.00000123756092307,0.00000114972294796,0.0000010235252148,0.00000613589509157,0.00000306229480884,0.00000519365039509,0.00000123940003505,8.04364276519e-7,9.64863147601e-7,0.00000107350524559,0.00000107225423562,3.73876133608e-7,5.63246317142e-7,3.95171127821e-7,3.53742080961e-7,3.53524711727e-7,2.19257202616e-7,6.40036503796e-8,3.11411092468e-8,1.1872614003e-8,2.34041425129e-10],"dvar2":[4.55890862838e-8,0.000876265170518,0.00011246737995,0.00000349720653503,0.00000119724984415,0.00000140575320984,0.00000264433720076,0.00000221633376896,0.0000025665681278,0.000011598655874,0.00000677079151501,0.0000124310599858,0.00000289485728899,0.00000191561321117,0.00000244251873482,0.00000269478618975,0.00000273483033197,9.79311948868e-7,0.00000144264561186,0.00000107115761239,9.20660568227e-7,9.00063014342e-7,5.42665361536e-7,1.42881489751e-7,6.73711255672e-8,2.99737088483e-8,4.71120031875e-10],"max":[0.00246637640521,0.196318343282,0.0449148342013,0.016236146912,0.0169349070638,0.0360621921718,0.0429525859654,0.0497519411147,0.0389102771878,0.130464270711,0.070090636611,0.0969935804605,0.0367837883532,0.0310095772147,0.0452485345304,0.0257016438991,0.0261471215636,0.0178475473076,0.012023688294,0.00846004299819,0.00796994846314,0.00959161575884,0.00755466194823,0.00918998196721,0.0065812189132,0.0030045285821,0.00162324181292],"mean":[0.000086065279902,0.00604992872104,0.00135250552557,0.000299450679449,0.000294926867355,0.000379250792321,0.000441898184363,0.000393671245547,0.00036859154352,0.00111329276115,0.000648493529297,0.000953266164288,0.000487363897264,0.000459791684989,0.000459871022031,0.000540406326763,0.000526016112417,0.000418335432187,0.000413302623201,0.000289290299406,0.000238984430325,0.000245487026405,0.00018656346947,0.000125306789414,0.00010384486086,0.000043512249249,0.00000474770786241],"median":[0.00000800724228611,0.00099833169952,0.0000942931947066,0.0000525190662302,0.0000689701701049,0.0000681586388964,0.0000445904879598,0.0000547169111087,0.0000795274972916,0.000133366746013,0.000111297995318,0.000165590099641,0.000121385630337,0.000114935537567,0.000162752665346,0.000161510470207,0.000161865726113,0.000160583498655,0.000148164428538,0.0000820550267235,0.0000529074241058,0.0000518762462889,0.0000339110702043,0.0000256890853052,0.0000229757024499,0.00000931420981942,8.46590808123e-7],"min":[1.26033900801e-24,2.22299090104e-24,1.37043736633e-24,1.08833952333e-24,1.6562418695e-23,1.37331927243e-23,1.74800343218e-23,1.34074767897e-23,1.19474411934e-23,2.62414169914e-23,2.74189969963e-23,3.1095404359e-23,6.24452005827e-23,5.28272348768e-23,3.72411104381e-23,6.24016112845e-23,9.46675242992e-23,1.32637898779e-22,1.78654174864e-22,1.66069293828e-22,2.56078285248e-22,2.87757626537e-22,3.96998807013e-22,5.71936677086e-22,1.0211787e-21,1.26822479294e-21,2.00316366004e-21],"var":[3.24711884048e-8,0.000272363162367,0.0000248804844887,9.43861664382e-7,5.42914733614e-7,0.00000128076044348,0.00000256541829913,0.00000266539768745,0.00000134424840326,0.0000190961309272,0.00000566925609746,0.00000862537763169,0.00000212572331293,0.00000126295276459,0.00000121375205708,0.00000145527121731,0.00000128145370581,5.09317601427e-7,6.24991685072e-7,3.6641023371e-7,3.30465837806e-7,3.44453070511e-7,2.31106213278e-7,1.06563739166e-7,6.24692617635e-8,1.37776474674e-8,6.911813899e-10]},"barkbands_crest":{"dmean":3.34070825577,"dmean2":5.3269610405,"dvar":11.3679018021,"dvar2":27.4905052185,"max":26.5644283295,"mean":10.3554458618,"median":9.25354003906,"min":2.12576556206,"var":26.7727108002},"barkbands_flatness_db":{"dmean":0.0268344711512,"dmean2":0.0406501628458,"dvar":0.000796806009021,"dvar2":0.00186256296001,"max":0.415006607771,"mean":0.110323168337,"median":0.101947456598,"min":0.0164404734969,"var":0.0024572564289},"barkbands_kurtosis":{"dmean":2.93030309677,"dmean2":4.74953651428,"dvar":182.287414551,"dvar2":377.03326416,"max":528.514465332,"mean":2.52478718758,"median":-0.0488846153021,"min":-1.94569301605,"var":272.974945068},"barkbands_skewness":{"dmean":0.656588792801,"dmean2":1.0075353384,"dvar":0.906418383121,"dvar2":2.03107619286,"max":21.6061344147,"mean":0.706142246723,"median":0.451012820005,"min":-4.69125747681,"var":2.14819741249},"barkbands_spread":{"dmean":8.81806945801,"dmean2":13.8110809326,"dvar":98.2761154175,"dvar2":241.246063232,"max":121.546112061,"mean":29.911901474,"median":28.7269058228,"min":0.64809012413,"var":257.652801514},"dissonance":{"dmean":0.015353041701,"dmean2":0.0256099496037,"dvar":0.000356379314326,"dvar2":0.000933907052968,"max":0.500000178814,"mean":0.475561290979,"median":0.484225511551,"min":0.22696916759,"var":0.000724651152268},"dynamic_complexity":5.4072675705,"erbbands":{"dmean":[0.123008057475,1.62454235554,2.93066382408,1.44021999836,1.23148870468,0.563037037849,1.30380856991,2.32985019684,4.19479227066,3.94615006447,5.66593170166,5.88593482971,15.1393632889,21.5927276611,23.0327205658,23.7632637024,16.0856933594,15.5417194366,17.3666687012,16.0122184753,21.9914836884,20.3647842407,15.6632194519,12.5679702759,18.9332752228,11.4402189255,9.47237968445,8.7254114151,8.59257698059,5.88265609741,4.87092161179,2.55340623856,1.6261357069,0.887304961681,0.470912128687,0.201811626554,0.0597473978996,0.00866188574582,0.000617112906184,0.0000361648890248],"dmean2":[0.191461578012,2.79021215439,5.03282117844,2.61582756042,1.94117105007,0.913304686546,2.01458477974,3.51314091682,6.44370317459,5.94418334961,8.38794612885,9.31527805328,23.1383914948,32.117767334,33.7630767822,37.0189933777,24.8635883331,24.1553421021,27.5105514526,25.8456249237,35.7069778442,33.0132904053,25.1212215424,19.8925857544,31.8929538727,19.045545578,15.5478019714,14.164144516,14.0838422775,9.2378282547,7.8173251152,3.97693634033,2.43610334396,1.29446196556,0.688983619213,0.305358529091,0.0933674126863,0.013200304471,0.000974885711912,0.0000545750772289],"dvar":[0.0981535539031,22.9552822113,73.6916809082,19.7386436462,17.187078476,3.21204066277,29.0035247803,59.8387870789,237.439804077,211.489120483,626.793151855,396.201080322,3272.37451172,5987.50976563,9090.44628906,8308.26269531,2752.75463867,1472.23303223,2988.3815918,2122.18725586,2858.24951172,2687.43554688,1132.68041992,740.542785645,2237.93212891,751.854309082,599.471740723,507.690887451,531.070617676,238.042541504,164.844482422,42.424861908,16.8699645996,4.52566337585,1.54553365707,0.293685972691,0.0438441298902,0.000771811348386,0.00000616362876826,3.55592995049e-8],"dvar2":[0.24617485702,60.7380027771,195.821060181,55.5432548523,41.9046974182,8.25968837738,67.4236679077,121.051841736,500.033691406,457.99609375,1151.57641602,961.731262207,6644.34765625,12030.8759766,18354.3945313,20655.4277344,6486.17236328,3433.3359375,7207.58398438,5009.79443359,7191.16308594,6889.49609375,2930.06591797,1850.39501953,5983.22167969,2015.0213623,1559.00476074,1309.1907959,1377.54260254,583.458129883,414.944000244,101.324058533,36.9817276001,9.46816158295,3.52017760277,0.706317484379,0.115806788206,0.00192571908701,0.0000137674251164,8.61054658685e-8],"max":[4.04722595215,48.2383651733,66.9883270264,41.6737747192,69.2953262329,94.5034866333,405.895690918,362.272674561,779.15411377,644.930053711,1412.25866699,893.873779297,2462.37768555,5137.23144531,3594.39331055,4872.81591797,1890.56005859,1278.83996582,2976.48364258,3026.45922852,1308.87524414,1160.02648926,875.692871094,611.555725098,769.801513672,450.563171387,394.921569824,352.632110596,370.692626953,234.830825806,268.849700928,139.525253296,178.710449219,84.0099182129,56.2404975891,10.6923408508,6.43642377853,1.10981500149,0.231125116348,0.0212555639446],"mean":[0.133145883679,1.45464086533,2.18192195892,1.06810390949,1.20471465588,0.697162985802,2.05957460403,3.47591900826,6.03378248215,5.9961643219,8.71974277496,8.74164676666,21.9989757538,35.7884407043,37.6394233704,34.857219696,24.4687423706,23.9841308594,26.5636024475,23.1214752197,30.3654842377,27.9053878784,23.7996025085,18.7542667389,21.1726875305,13.6397781372,10.6547803879,9.39900684357,8.83860588074,6.57588291168,4.97967195511,2.85611128807,2.10677552223,1.28295278549,0.665255248547,0.251078426838,0.0692185759544,0.0110871177167,0.000794138235506,0.0000545452530787],"median":[0.0208434388041,0.212037682533,0.20993886888,0.177789241076,0.174040734768,0.208109721541,0.351662635803,0.648670911789,0.795557618141,0.913016915321,1.65640044212,2.31478023529,3.70763301849,5.85909509659,6.12371635437,7.17827033997,7.14353513718,7.37928628922,9.36993408203,9.21527671814,9.68643569946,9.38414382935,9.2424249649,7.90708446503,6.41634511948,4.08735561371,2.59611940384,2.16596245766,1.7687073946,1.36163640022,0.861799836159,0.545726299286,0.432309091091,0.285046935081,0.137140095234,0.0521947182715,0.0144317410886,0.00235495553352,0.0001484125969,0.0000184097953024],"min":[5.63569046448e-23,3.35975076984e-22,3.40709958976e-21,5.08104900107e-21,2.05215302792e-20,4.67484968282e-20,5.22082184508e-20,8.31667421141e-20,1.7291716982e-19,2.72178558983e-19,3.90941325623e-19,2.81168435428e-19,5.72248562547e-19,7.27796051027e-19,1.19099191335e-18,1.66856339924e-18,2.72296607996e-18,3.35258887207e-18,3.13193575534e-18,2.79361268095e-18,4.16989315491e-18,6.08244846846e-18,6.61649612426e-18,8.08643991334e-18,9.78715303125e-18,9.22352953265e-18,9.15509605339e-18,9.34697962163e-18,9.83369186688e-18,1.02926761908e-17,1.14557434173e-17,1.10574832493e-17,1.06799381654e-17,1.04899356058e-17,7.34075727064e-18,4.29991850257e-18,2.45909939366e-18,1.00057183441e-18,2.68255810024e-19,2.85119528248e-20],"var":[0.100000731647,17.5623149872,52.2940139771,12.2662324905,15.9307346344,3.42087578773,65.8854370117,122.958061218,494.891479492,384.597869873,1590.2800293,604.114807129,5903.73535156,21370.4121094,21117.7382813,12365.3955078,4650.14160156,2582.4362793,4408.86669922,2861.09472656,4049.71069336,3271.48242188,1620.76843262,991.928833008,2085.421875,752.531555176,588.036560059,490.435913086,481.442901611,260.071105957,166.962890625,55.3308525085,29.6501846313,9.66203022003,2.82439494133,0.368418365717,0.0430518873036,0.00118862604722,0.0000158980783453,8.41420160214e-8]},"erbbands_crest":{"dmean":3.07166862488,"dmean2":4.91330623627,"dvar":9.27052021027,"dvar2":21.4517383575,"max":34.3057174683,"mean":9.70633888245,"median":8.01259803772,"min":2.5963408947,"var":29.8324947357},"erbbands_flatness_db":{"dmean":0.0236933585256,"dmean2":0.0325389169157,"dvar":0.000496481312439,"dvar2":0.000919530401006,"max":0.410998374224,"mean":0.165606379509,"median":0.157267317176,"min":0.0390362627804,"var":0.00265271565877},"erbbands_kurtosis":{"dmean":1.42775213718,"dmean2":2.24059176445,"dvar":9.25082015991,"dvar2":21.1589946747,"max":107.816970825,"mean":1.39872705936,"median":0.43004399538,"min":-1.82590615749,"var":16.4778194427},"erbbands_skewness":{"dmean":0.446344405413,"dmean2":0.671437323093,"dvar":0.210878312588,"dvar2":0.447609901428,"max":8.38645458221,"mean":0.12561750412,"median":0.0253658145666,"min":-4.1921339035,"var":0.8606325984},"erbbands_spread":{"dmean":8.12836933136,"dmean2":12.5629167557,"dvar":98.9990386963,"dvar2":233.020065308,"max":175.841918945,"mean":29.1195373535,"median":25.9992370605,"min":1.01737725735,"var":259.358581543},"gfcc":{"cov":[[15364.9013672,-281.011627197,-91.3164291382,1185.28039551,195.057296753,839.181884766,280.286773682,480.727203369,35.2000732422,70.9012756348,-190.787750244,36.8166389465,-203.101425171],[-281.011627197,1884.97827148,257.776397705,71.1409683228,310.10647583,-56.2568244934,148.437637329,23.4532260895,18.433555603,-37.2036170959,48.9113426208,-24.4779605865,47.1142578125],[-91.3164291382,257.776397705,1169.0949707,380.587982178,235.074554443,189.917984009,-15.3404932022,71.5809707642,4.70081758499,29.2168884277,-2.03897309303,24.4123249054,-34.1749191284],[1185.28039551,71.1409683228,380.587982178,795.856872559,321.057495117,211.833572388,117.265296936,52.7558059692,79.9280853271,-1.88679945469,-38.3845710754,-38.469543457,-20.8295059204],[195.057296753,310.10647583,235.074554443,321.057495117,416.478179932,192.60168457,185.816299438,63.6392936707,41.8273086548,10.0964689255,-6.28732204437,-25.276802063,-7.98876333237],[839.181884766,-56.2568244934,189.917984009,211.833572388,192.60168457,380.777526855,187.782653809,98.8629684448,18.5257053375,19.5087509155,-16.5690135956,-8.88166618347,-38.9743499756],[280.286773682,148.437637329,-15.3404932022,117.265296936,185.816299438,187.782653809,301.427154541,77.5656814575,38.3571510315,-0.873266398907,-6.90634346008,-17.0294208527,-6.74288892746],[480.727203369,23.4532260895,71.5809707642,52.7558059692,63.6392936707,98.8629684448,77.5656814575,158.157546997,65.1731338501,27.9146270752,1.02625489235,6.31969881058,-16.9378528595],[35.2000732422,18.433555603,4.70081758499,79.9280853271,41.8273086548,18.5257053375,38.3571510315,65.1731338501,143.945495605,47.6158905029,25.1560783386,-6.84849691391,-13.4888830185],[70.9012756348,-37.2036170959,29.2168884277,-1.88679945469,10.0964689255,19.5087509155,-0.873266398907,27.9146270752,47.6158905029,108.731071472,50.9384460449,13.8238611221,-15.1352729797],[-190.787750244,48.9113426208,-2.03897309303,-38.3845710754,-6.28732204437,-16.5690135956,-6.90634346008,1.02625489235,25.1560783386,50.9384460449,106.925956726,47.3238067627,4.28934001923],[36.8166389465,-24.4779605865,24.4123249054,-38.469543457,-25.276802063,-8.88166618347,-17.0294208527,6.31969881058,-6.84849691391,13.8238611221,47.3238067627,97.4853897095,39.6884918213],[-203.101425171,47.1142578125,-34.1749191284,-20.8295059204,-7.98876333237,-38.9743499756,-6.74288892746,-16.9378528595,-13.4888830185,-15.1352729797,4.28934001923,39.6884918213,99.1448669434]],"icov":[[0.000109820044599,-0.0000566326089029,0.000140506526805,-0.000255757506238,0.000180142815225,-0.000203155665076,0.0000935524367378,-0.000317780213663,0.000231137761148,-0.000192754974705,0.000293951510685,-0.000329391041305,0.000254470389336],[-0.0000566326089029,0.000791642756667,-0.000300135143334,0.000331909686793,-0.000769044621848,0.000698839023244,-0.000418849289417,-0.00000533101092515,-0.0000734139684937,0.00062870484544,-0.000923516869079,0.000788445293438,-0.000532256031875],[0.000140506526805,-0.000300135143334,0.0014824802056,-0.000795461586677,-0.000156571433763,-0.00081317970762,0.00108363793697,-0.000802253489383,0.000717991730198,-0.000599864812102,0.000704643200152,-0.00123983086087,0.000850644893944],[-0.000255757506238,0.000331909686793,-0.000795461586677,0.00289138918743,-0.00189734052401,-0.0000501462563989,0.0000453403990832,0.00139781169128,-0.00199634325691,0.00109526806045,-0.000211004982702,0.0010754649993,-0.000804892508313],[0.000180142815225,-0.000769044621848,-0.000156571433763,-0.00189734052401,0.00592558644712,-0.00133407558315,-0.00181270251051,-0.000471972074592,0.000541620305739,-0.000985698425211,0.000238909313339,0.000290157215204,-0.000172258471139],[-0.000203155665076,0.000698839023244,-0.00081317970762,-0.0000501462563989,-0.00133407558315,0.00614365329966,-0.00299295689911,-0.00127910880838,0.0012516163988,-0.00042668718379,-0.00018125056522,0.0000666411433485,0.000932744529564],[0.0000935524367378,-0.000418849289417,0.00108363793697,0.0000453403990832,-0.00181270251051,-0.00299295689911,0.00691230408847,-0.00146526331082,-0.000596417987254,0.000853091303725,-0.0000379292287107,0.000160899347975,-0.000342767743859],[-0.000317780213663,-0.00000533101092515,-0.000802253489383,0.00139781169128,-0.000471972074592,-0.00127910880838,-0.00146526331082,0.0112299993634,-0.00526309804991,-0.000350800575688,0.00160631909966,-0.00164051284082,0.000464311015094],[0.000231137761148,-0.0000734139684937,0.000717991730198,-0.00199634325691,0.000541620305739,0.0012516163988,-0.000596417987254,-0.00526309804991,0.0118875624612,-0.00390493567102,-0.00158881780226,0.0013883333886,0.000466591620352],[-0.000192754974705,0.00062870484544,-0.000599864812102,0.00109526806045,-0.000985698425211,-0.00042668718379,0.000853091303725,-0.000350800575688,-0.00390493567102,0.014957071282,-0.0072564650327,0.0016139249783,0.000500552880112],[0.000293951510685,-0.000923516869079,0.000704643200152,-0.000211004982702,0.000238909313339,-0.00018125056522,-0.0000379292287107,0.00160631909966,-0.00158881780226,-0.0072564650327,0.0183337628841,-0.0100150518119,0.00335143599659],[-0.000329391041305,0.000788445293438,-0.00123983086087,0.0010754649993,0.000290157215204,0.0000666411433485,0.000160899347975,-0.00164051284082,0.0013883333886,0.0016139249783,-0.0100150518119,0.0197204239666,-0.00849630217999],[0.000254470389336,-0.000532256031875,0.000850644893944,-0.000804892508313,-0.000172258471139,0.000932744529564,-0.000342767743859,0.000464311015094,0.000466591620352,0.000500552880112,0.00335143599659,-0.00849630217999,0.0147894220427]],"mean":[-51.67420578,43.7582168579,-137.306365967,26.2010364532,-46.9428329468,24.3045120239,-29.6169033051,18.439239502,-21.4025535583,7.77001667023,-13.2900400162,7.35729026794,-9.51673030853]},"hfc":{"dmean":11.2487182617,"dmean2":16.6180076599,"dvar":576.065246582,"dvar2":1375.38757324,"max":307.357513428,"mean":19.3735275269,"median":9.82597732544,"min":1.08794274939e-16,"var":853.36151123},"melbands":{"dmean":[0.00148360861931,0.00180700304918,0.000265643029707,0.0000593363074586,0.0000397385738324,0.0000520156827406,0.0000640748839942,0.0000446908306913,0.0000453212705906,0.0000394885864807,0.0000790935519035,0.0000919840385905,0.0000653340975987,0.000073850627814,0.0000449679755548,0.0000362636674254,0.00003033046778,0.0000286333688564,0.000023535463697,0.0000282573782897,0.000026536956284,0.0000243613139901,0.000019443086785,0.0000124429816424,0.0000103330303318,0.0000130759462991,0.0000127181447169,0.00000682476184011,0.00000600939347351,0.00000593127651882,0.00000524077449882,0.00000522254231328,0.00000403792591896,0.00000316742011819,0.00000287842658508,0.00000232415595747,0.00000135099026011,0.00000124206337659,9.51391712078e-7,7.16627937436e-7],"dmean2":[0.00245387386531,0.00301670003682,0.000470598984975,0.0000931998365559,0.0000618219419266,0.0000786239907029,0.0000983597856248,0.0000672464739182,0.0000675517512718,0.0000630441718386,0.000120476521261,0.000137045019073,0.0000964632927207,0.000113210320706,0.0000701783937984,0.0000565801492485,0.0000477997309645,0.0000452396925539,0.0000380226047128,0.0000458966642327,0.0000432578090113,0.0000397254771087,0.0000317440753861,0.0000202967694349,0.0000164749253599,0.0000217459892156,0.0000219009853026,0.000011311376511,0.00000986525446933,0.00000994141191768,0.00000854322479427,0.0000086361214926,0.00000657053851683,0.00000501121394336,0.00000462886828245,0.0000037926904497,0.00000210073289963,0.00000189009119822,0.00000142098667766,0.00000105620358681],"dvar":[0.0000168769820448,0.0000266999613814,6.57385555769e-7,3.50439712804e-8,2.2089505336e-8,2.72954174818e-8,5.08119271103e-8,2.72080100672e-8,3.88271175211e-8,2.00449594701e-8,9.39411037848e-8,1.1158049773e-7,7.14316001904e-8,7.08561174179e-8,2.90765367339e-8,1.38053133369e-8,6.38518748985e-9,8.92723850399e-9,3.48582629428e-9,6.47910924911e-9,4.07801703517e-9,4.37960290256e-9,1.93586724428e-9,8.17876322223e-10,5.22371035316e-10,1.06568576186e-9,1.09921038938e-9,2.55261062287e-10,2.43236986108e-10,2.41618031138e-10,1.95924221291e-10,2.09870260059e-10,1.12087880644e-10,7.5700820612e-11,5.80257716876e-11,3.84250270491e-11,1.23543397734e-11,1.05643349971e-11,5.60332509558e-12,3.12555537008e-12],"dvar2":[0.0000442985437985,0.0000691830646247,0.00000180918698334,8.59305728795e-8,5.15218658848e-8,5.64208129106e-8,1.0939520223e-7,5.87703681276e-8,7.06458891386e-8,4.95894738606e-8,1.86762534327e-7,2.20201030743e-7,1.47265623696e-7,1.65917313666e-7,6.65902533115e-8,3.08998018284e-8,1.51918158053e-8,2.08590034134e-8,8.43943581685e-9,1.59020689949e-8,1.03686543795e-8,1.10741806836e-8,5.02018160375e-9,2.16523643459e-9,1.31132804615e-9,2.79797318647e-9,3.01949887316e-9,6.74316436022e-10,6.29080454395e-10,6.34304331282e-10,5.0812298813e-10,5.52179635349e-10,2.79482381682e-10,1.86040682859e-10,1.45486733771e-10,9.81745032491e-11,2.87741896282e-11,2.35980870261e-11,1.25068158954e-11,6.75929928348e-12],"max":[0.0484211593866,0.0471696294844,0.00823816284537,0.00361835979857,0.0106807854027,0.00695263734087,0.00997898448259,0.00767588755116,0.0119089465588,0.00491418177262,0.0136968223378,0.0223844274879,0.0113955978304,0.0110653461888,0.00934477802366,0.00374067435041,0.00298804277554,0.005047977902,0.00250996975228,0.0029223409947,0.00140851829201,0.00155240413733,0.001805763226,0.000707417610101,0.000618427875452,0.000452256703284,0.000485257391119,0.000368723587599,0.000368260079995,0.000222682981985,0.000230299498071,0.000262555200607,0.000230425794143,0.00015599487233,0.000176136454684,0.0000963975326158,0.0000902209358173,0.000141514261486,0.0000921319733607,0.0000676080962876],"mean":[0.00147047801875,0.00150365172885,0.000205435571843,0.0000636835902696,0.0000622920342721,0.0000776889937697,0.0000923115949263,0.0000679888107697,0.0000689839653205,0.0000551332523173,0.000112810397695,0.000150236985064,0.000103100639535,0.000112463530968,0.000064499952714,0.0000518039450981,0.0000440542717115,0.0000424097161158,0.0000335050499416,0.0000357916323992,0.0000355467163899,0.0000298820832541,0.0000275829770544,0.0000170310249814,0.0000148386670844,0.0000150033865793,0.0000129401860249,0.0000083365748651,0.00000678742389937,0.00000600254224992,0.00000554750886295,0.00000529528097104,0.00000415761405748,0.00000352000733983,0.00000295621748592,0.00000224400241677,0.00000157248803134,0.00000151493304656,0.00000131546994453,0.00000100185116025],"median":[0.000253241334576,0.000186750869034,0.0000322800588037,0.0000133063513204,0.0000117297240649,0.0000138441746458,0.0000110160081022,0.00000971380268311,0.0000123553400044,0.0000123141990116,0.0000166164645634,0.0000191147555597,0.0000168533970282,0.0000188200101547,0.0000135619757202,0.0000134120118673,0.0000116726450869,0.000013496691281,0.0000127466482809,0.0000110233704618,0.0000104692499008,0.0000081558164311,0.00000890696264833,0.00000624823815087,0.00000575857120566,0.00000457646774521,0.00000350080608769,0.00000226011479754,0.00000155777036071,0.00000114438273613,0.00000117243951081,0.00000100752163235,7.68460267864e-7,6.81326184804e-7,4.93996026307e-7,3.65996129403e-7,2.85949823819e-7,2.79354708255e-7,2.8079830372e-7,2.1180181875e-7],"min":[7.18573645085e-25,1.22667890483e-24,1.42107631999e-24,1.78039812358e-24,2.49513391106e-24,2.17192241261e-24,2.77692745096e-24,2.44711969484e-24,2.60335241383e-24,1.66725101508e-24,2.83130442202e-24,2.88402971556e-24,3.40534844477e-24,3.03966309747e-24,4.85358504851e-24,4.31887146112e-24,5.37766005773e-24,2.59955069591e-24,2.24969167331e-24,3.51792284025e-24,3.33511221407e-24,5.43823786993e-24,5.77970617352e-24,6.05399389912e-24,5.91008910393e-24,6.90100331939e-24,5.06075057184e-24,6.4393094584e-24,5.27583034221e-24,5.50131597677e-24,3.97139992605e-24,4.66144890314e-24,6.24801660534e-24,4.76250435168e-24,5.76195956416e-24,5.87518792533e-24,6.49931929075e-24,6.54348287967e-24,6.98559445198e-24,8.46088504046e-24],"var":[0.0000144476871355,0.000020661200324,4.404634808e-7,3.35172707366e-8,4.90454610258e-8,5.54403918329e-8,1.06047174597e-7,4.94597252043e-8,1.01827886567e-7,2.88675021665e-8,1.7301188393e-7,4.05898390454e-7,1.50154676248e-7,1.29584634578e-7,4.75989345716e-8,2.44106566072e-8,1.03250270556e-8,1.35119861966e-8,4.7828483396e-9,8.12010814144e-9,5.611114684e-9,5.14649700634e-9,2.87868373583e-9,9.85762915739e-10,6.9861721963e-10,1.04105757348e-9,8.86570650227e-10,2.90371171552e-10,2.49122111828e-10,2.3682250605e-10,1.85737078495e-10,1.8376791755e-10,1.11066052189e-10,8.30474786162e-11,6.02292243856e-11,3.58343008044e-11,1.8334823243e-11,1.70901678226e-11,1.10399371936e-11,6.25698928433e-12]},"melbands_crest":{"dmean":3.77464842796,"dmean2":6.16538333893,"dvar":14.9250297546,"dvar2":35.1928024292,"max":35.6956520081,"mean":13.9737024307,"median":13.2118320465,"min":1.26305103302,"var":36.6578903198},"melbands_flatness_db":{"dmean":0.0348355956376,"dmean2":0.0528174825013,"dvar":0.00161585328169,"dvar2":0.0038677060511,"max":0.539143800735,"mean":0.154164418578,"median":0.146704524755,"min":0.000284272042336,"var":0.00486997654662},"melbands_kurtosis":{"dmean":7.95711088181,"dmean2":12.9822587967,"dvar":989.147033691,"dvar2":2078.60327148,"max":961.226745605,"mean":9.53148460388,"median":1.74725854397,"min":-1.93618834019,"var":1561.87756348},"melbands_skewness":{"dmean":0.911308050156,"dmean2":1.38164162636,"dvar":1.74153828621,"dvar2":4.0093626976,"max":24.2484073639,"mean":1.764097929,"median":1.2519402504,"min":-4.13052797318,"var":4.22527217865},"melbands_spread":{"dmean":14.1115646362,"dmean2":22.5184879303,"dvar":310.001342773,"dvar2":770.323791504,"max":296.02243042,"mean":40.2938919067,"median":36.2802810669,"min":0.40507504344,"var":686.300231934},"mfcc":{"cov":[[11496.5507813,-639.057128906,-74.7607116699,595.705566406,237.601364136,533.787231445,371.83392334,465.133117676,365.11038208,242.517410278,148.376022339,117.031036377,129.364822388],[-639.057128906,1623.55200195,100.53440094,96.4669265747,98.0903778076,-33.8019828796,115.166694641,31.0919589996,22.3191223145,-39.6952819824,18.2398872375,-8.22643947601,43.3888511658],[-74.7607116699,100.53440094,827.794372559,204.929336548,263.504516602,105.135299683,55.989402771,56.1741485596,-5.38322353363,40.6572341919,7.45260763168,-28.9202537537,33.424697876],[595.705566406,96.4669265747,204.929336548,557.656677246,252.695861816,190.801528931,88.7715682983,87.4713134766,86.5296630859,67.3229827881,-1.57897257805,22.948764801,13.3260154724],[237.601364136,98.0903778076,263.504516602,252.695861816,322.953186035,153.608108521,90.709236145,77.4343414307,54.3351783752,64.9273986816,27.1925296783,8.16394996643,25.9797840118],[533.787231445,-33.8019828796,105.135299683,190.801528931,153.608108521,309.862213135,188.1355896,119.391654968,98.3694763184,69.695640564,46.2113800049,19.3424110413,1.65982091427],[371.83392334,115.166694641,55.989402771,88.7715682983,90.709236145,188.1355896,247.397796631,125.422576904,90.2508850098,44.1915245056,47.0724868774,10.4577274323,6.6782875061],[465.133117676,31.0919589996,56.1741485596,87.4713134766,77.4343414307,119.391654968,125.422576904,186.356018066,102.065109253,54.3560256958,35.9466133118,12.1876573563,20.2438564301],[365.11038208,22.3191223145,-5.38322353363,86.5296630859,54.3351783752,98.3694763184,90.2508850098,102.065109253,152.474349976,71.6631011963,32.1678962708,8.27555751801,1.11121809483],[242.517410278,-39.6952819824,40.6572341919,67.3229827881,64.9273986816,69.695640564,44.1915245056,54.3560256958,71.6631011963,133.522338867,61.7198905945,19.5826950073,5.69258260727],[148.376022339,18.2398872375,7.45260763168,-1.57897257805,27.1925296783,46.2113800049,47.0724868774,35.9466133118,32.1678962708,61.7198905945,121.479042053,54.5425758362,23.4490432739],[117.031036377,-8.22643947601,-28.9202537537,22.948764801,8.16394996643,19.3424110413,10.4577274323,12.1876573563,8.27555751801,19.5826950073,54.5425758362,120.11428833,50.137008667],[129.364822388,43.3888511658,33.424697876,13.3260154724,25.9797840118,1.65982091427,6.6782875061,20.2438564301,1.11121809483,5.69258260727,23.4490432739,50.137008667,107.536323547]],"icov":[[0.000107745356217,0.0000510638637934,0.0000398619595217,-0.000101325167634,0.000047755525884,-0.0000561771848879,-0.0000201873954211,-0.000156665424583,-0.0000554701400688,-0.0000131872220663,-0.0000460667106381,0.0000339578473358,-0.000134493107907],[0.0000510638637934,0.00075997778913,-1.76094928861e-7,-0.000236940162722,-0.000225849580602,0.000686932413373,-0.000773702457082,0.000109958971734,-0.000242610825808,0.000486397620989,-0.00035143297282,0.000241823712713,-0.000326694629621],[0.0000398619595217,-1.76094928861e-7,0.00176648050547,-0.000154159308295,-0.00130919774529,-0.0000534094069735,0.0000366031999874,-0.000401080324082,0.000900652259588,-0.000242730457103,-0.000113856003736,0.000802915426902,-0.000533471582457],[-0.000101325167634,-0.000236940162722,-0.000154159308295,0.00339066213928,-0.00195188471116,-0.00127384986263,0.000795667467173,0.0000766584053054,-0.000735394423828,-0.000450872292276,0.00166065490339,-0.00117629079614,0.00049038574798],[0.000047755525884,-0.000225849580602,-0.00130919774529,-0.00195188471116,0.00681459065527,-0.00155065988656,0.0000335279510182,-0.000348788016709,0.000397235591663,-0.00123449193779,-0.000354242889443,0.000567989074625,-0.00100267142989],[-0.0000561771848879,0.000686932413373,-0.0000534094069735,-0.00127384986263,-0.00155065988656,0.00864554289728,-0.00525662256405,-0.000182212417712,-0.000769122096244,-0.000307790673105,-0.000471719249617,-0.000559531792533,0.000954782124609],[-0.0000201873954211,-0.000773702457082,0.0000366031999874,0.000795667467173,0.0000335279510182,-0.00525662256405,0.010204533115,-0.00328726018779,-0.00105049519334,0.00124565290753,-0.00149322790094,0.000531926809344,0.000307142589008],[-0.000156665424583,0.000109958971734,-0.000401080324082,0.0000766584053054,-0.000348788016709,-0.000182212417712,-0.00328726018779,0.0112267034128,-0.00497339200228,-0.0000306813199131,-0.000223098337301,0.000382412370527,-0.00163958163466],[-0.0000554701400688,-0.000242610825808,0.000900652259588,-0.000735394423828,0.000397235591663,-0.000769122096244,-0.00105049519334,-0.00497339200228,0.0136790433899,-0.00508468132466,0.000805835763458,0.000317248079227,0.000697379349731],[-0.0000131872220663,0.000486397620989,-0.000242730457103,-0.000450872292276,-0.00123449193779,-0.000307790673105,0.00124565290753,-0.0000306813199131,-0.00508468132466,0.0138013092801,-0.00626685936004,0.000849841919262,0.000474599306472],[-0.0000460667106381,-0.00035143297282,-0.000113856003736,0.00166065490339,-0.000354242889443,-0.000471719249617,-0.00149322790094,-0.000223098337301,0.000805835763458,-0.00626685936004,0.0148735996336,-0.00589323509485,0.0000821556823212],[0.0000339578473358,0.000241823712713,0.000802915426902,-0.00117629079614,0.000567989074625,-0.000559531792533,0.000531926809344,0.000382412370527,0.000317248079227,0.000849841919262,-0.00589323509485,0.0135230645537,-0.00554393418133],[-0.000134493107907,-0.000326694629621,-0.000533471582457,0.00049038574798,-0.00100267142989,0.000954782124609,0.000307142589008,-0.00163958163466,0.000697379349731,0.000474599306472,0.0000821556823212,-0.00554393418133,0.0127494381741]],"mean":[-688.326416016,80.5183181763,-25.0810031891,10.4113893509,5.74993991852,7.9865694046,6.79347324371,10.3893737793,4.65205335617,3.74921417236,3.34731578827,1.28593444824,4.37143278122]},"pitch_salience":{"dmean":0.0882080867887,"dmean2":0.139778912067,"dvar":0.00880817044526,"dvar2":0.0214475225657,"max":0.990025758743,"mean":0.524559319019,"median":0.533115148544,"min":0.0286635998636,"var":0.0200012587011},"silence_rate_20dB":{"dmean":0,"dmean2":0,"dvar":0,"dvar2":0,"max":1,"mean":1,"median":1,"min":1,"var":0},"silence_rate_30dB":{"dmean":0.0221183598042,"dmean2":0.0442396327853,"dvar":0.0216283686459,"dvar2":0.0586070232093,"max":1,"mean":0.98578196764,"median":1,"min":0,"var":0.0140146650374},"silence_rate_60dB":{"dmean":0.074122838676,"dmean2":0.148255437613,"dvar":0.0686273723841,"dvar2":0.140490308404,"max":1,"mean":0.285610854626,"median":0,"min":0,"var":0.204014852643},"spectral_centroid":{"dmean":318.44039917,"dmean2":501.879974365,"dvar":148539.015625,"dvar2":347385.375,"max":11434.1875,"mean":2106.77270508,"median":2155.14941406,"min":149.682128906,"var":673638.3125},"spectral_complexity":{"dmean":5.26969909668,"dmean2":7.51586580276,"dvar":60.5255470276,"dvar2":114.967025757,"max":72,"mean":15.8589391708,"median":13,"min":0,"var":184.074081421},"spectral_contrast_coeffs":{"dmean":[0.0504763945937,0.0472108349204,0.0400750339031,0.0325660780072,0.024439284578,0.0253800507635],"dmean2":[0.0774699300528,0.0738364607096,0.062924452126,0.0517559163272,0.0387123301625,0.0395640395582],"dvar":[0.00217107404023,0.00162463320885,0.00116887176409,0.00073038006667,0.000440793897724,0.000672416470479],"dvar2":[0.00489950785413,0.00371829490177,0.00269749388099,0.00176622334402,0.00104865350295,0.00156618631445],"max":[-0.344340622425,-0.335584163666,-0.385635733604,-0.49081197381,-0.54923671484,-0.589726388454],"mean":[-0.720311164856,-0.749305486679,-0.764968574047,-0.775740802288,-0.781644105911,-0.771284520626],"median":[-0.735244274139,-0.765781879425,-0.781158924103,-0.782368719578,-0.78681075573,-0.77104306221],"min":[-0.974192798138,-0.988345742226,-0.988018929958,-0.982959091663,-0.982780814171,-0.96400564909],"var":[0.00721683632582,0.00800422113389,0.00677084643394,0.00320972595364,0.00224381848238,0.00226381723769]},"spectral_contrast_valleys":{"dmean":[0.522102415562,0.42573338747,0.375755012035,0.353923499584,0.383827894926,0.478635549545],"dmean2":[0.742037713528,0.655570566654,0.552743732929,0.516274750233,0.525171279907,0.59399163723],"dvar":[0.331433773041,0.200106561184,0.162753745914,0.178197801113,0.236279636621,0.284510761499],"dvar2":[0.537572622299,0.392817914486,0.284330904484,0.322723150253,0.444495290518,0.50330477953],"max":[-5.5140004158,-5.26182842255,-5.38991165161,-5.29570865631,-5.00724077225,-7.30250883102],"mean":[-8.56435489655,-7.9376449585,-7.81452274323,-7.92143583298,-7.81083965302,-10.2855329514],"median":[-7.9854631424,-7.75234937668,-7.61811542511,-7.70218896866,-7.59811019897,-10.109588623],"min":[-27.8447647095,-27.9069328308,-27.6356678009,-27.5331077576,-27.4887886047,-27.3539981842],"var":[3.07383513451,1.87998247147,1.98525989056,2.06709313393,2.28062963486,2.25326943398]},"spectral_decrease":{"dmean":2.79231060496e-9,"dmean2":4.2449563864e-9,"dvar":3.76810779131e-17,"dvar2":8.7660326449e-17,"max":2.19171967131e-18,"mean":-4.01856725674e-9,"median":-1.7190253665e-9,"min":-5.76589620493e-8,"var":4.49863698149e-17},"spectral_energy":{"dmean":0.011285321787,"dmean2":0.0169371385127,"dvar":0.000579701503739,"dvar2":0.00130902265664,"max":0.223445504904,"mean":0.0169242545962,"median":0.00756541173905,"min":9.94643246785e-21,"var":0.000741753086913},"spectral_energyband_high":{"dmean":0.000892796146218,"dmean2":0.0013751888182,"dvar":0.00000460579440187,"dvar2":0.0000112806410471,"max":0.0281967949122,"mean":0.00109872419853,"median":0.000303690321743,"min":6.97667877758e-21,"var":0.00000550239019503},"spectral_energyband_low":{"dmean":0.00798428338021,"dmean2":0.0131365116686,"dvar":0.000489847734571,"dvar2":0.00124675221741,"max":0.208131551743,"mean":0.00762452417985,"median":0.00129648461007,"min":2.1238980201e-23,"var":0.000419986434281},"spectral_energyband_middle_high":{"dmean":0.00292381434701,"dmean2":0.00438191927969,"dvar":0.0000339314210578,"dvar2":0.0000771639897721,"max":0.138568520546,"mean":0.0061006359756,"median":0.0028114230372,"min":1.33782539739e-21,"var":0.0000842265799292},"spectral_energyband_middle_low":{"dmean":0.00144186650869,"dmean2":0.00222080852836,"dvar":0.00000880622610566,"dvar2":0.0000208534311241,"max":0.056639265269,"mean":0.00236814212985,"median":0.00105996755883,"min":1.79783722706e-22,"var":0.0000142455946843},"spectral_entropy":{"dmean":0.180545374751,"dmean2":0.258813410997,"dvar":0.0376402549446,"dvar2":0.0746480822563,"max":9.81391906738,"mean":7.78970575333,"median":7.83669185638,"min":5.71397304535,"var":0.167124763131},"spectral_flux":{"dmean":0.0296143125743,"dmean2":0.042980492115,"dvar":0.00209902180359,"dvar2":0.00414812751114,"max":0.402385622263,"mean":0.0699486806989,"median":0.0494598075747,"min":6.30253835232e-11,"var":0.00460698129609},"spectral_kurtosis":{"dmean":1.3204126358,"dmean2":2.13903093338,"dvar":2.19507169724,"dvar2":5.87025260925,"max":31.8940219879,"mean":4.45965337753,"median":3.86239480972,"min":-1.22982823849,"var":8.30998516083},"spectral_rms":{"dmean":0.00100079714321,"dmean2":0.00137021497358,"dvar":0.00000252306836046,"dvar2":0.00000488389969178,"max":0.0147646749392,"mean":0.003233875148,"median":0.0027167792432,"min":3.11509824012e-12,"var":0.00000605354534855},"spectral_rolloff":{"dmean":894.014160156,"dmean2":1499.53173828,"dvar":1740305.375,"dvar2":4129421,"max":20047.4121094,"mean":2598.45166016,"median":2304.05273438,"min":64.599609375,"var":4099526.5},"spectral_skewness":{"dmean":0.214845657349,"dmean2":0.339511334896,"dvar":0.0474200844765,"dvar2":0.11336991936,"max":4.08777475357,"mean":1.52412104607,"median":1.48644602299,"min":-0.171305194497,"var":0.195322409272},"spectral_spread":{"dmean":689774.0625,"dmean2":1030683.4375,"dvar":797990387712,"dvar2":1698168045570,"max":41673836,"mean":4747265.5,"median":4569713.5,"min":1641382.375,"var":4688524083200},"spectral_strongpeak":{"dmean":0.621720671654,"dmean2":1.03102493286,"dvar":1.14462089539,"dvar2":2.78079605103,"max":15.8504953384,"mean":1.01661777496,"median":0.353084504604,"min":0,"var":2.35506057739},"zerocrossingrate":{"dmean":0.01534712594,"dmean2":0.0186935849488,"dvar":0.000317401194479,"dvar2":0.000421103904955,"max":0.525390625,"mean":0.09043533355,"median":0.08251953125,"min":0.00341796875,"var":0.00246865698136}},"metadata":{"audio_properties":{"analysis_sample_rate":44100,"bit_rate":320024,"codec":"mp3","downmix":"mix","equal_loudness":0,"length":352.731414795,"lossless":false,"md5_encoded":"d4e3670cfdf0508a551a8cd30ff8231d","replay_gain":-8.10527420044,"sample_rate":44100},"tags":{"acoustid_fingerprint":["AQADtMmYJEmSrMi140e6EvrREjl5RegffNPh4zyO9A-0Z0PO4j9OUviMzjycI_C6wDtOIz_hHcd7-OgRO0mYQ80RnMaT4id6ND9ylBJzIV1yBf2X4jiS3Ug_9NlxDq9x4nlwyzqqKNrhqC-mH9eRL4Ge3GByJVkI9SWepiZ648kFPXSEMD96BnwSSsUx-fCeohZ1XMcRH7q-BNYt4iEuHyKdHDn-YwrjbOgfopFLtHGKK6GDMGpSSLmiIRaDFlOm_Pg-vEcTPSP645GSF1U55NLxLQ22D8wxET_eG7YOPUX1Id9xGz8L18F39PyExh5xHyVzWGUOP6gs4qMS5MwPZUX2D-u0B08FR0_wRNlxFg-D5zn-4_xwxnicHP8Rng-0TNSRR_xxZQ6aM-hxXM5DhFUyBwnr9DiHEg9x4tewhUlCkHNETOvhE103nDTO4OeANgrSQUduwT9--MpROcvw3MhzEbqO9MfxIMwD7caF_PCljMXDFT_RQzuu4zh64cF7vIrSo5vxHsmKND_q5MQfTD8uGX6K6cyJLzv6_HgZIzeeHUL6oFeOU0ePNGKOdrXw_9A2H9HSBpeS4xPMEMwTD7P0o49H_PgHZ4l45KKR2Ilu-IebHKWEHx9TNBe644VD5UIuXHJQllGRK0S_4xt-dD7S6EWvHR-Pmju0jPxxNN8x3XgtXDo6Hb_g4zju5EEfHg979Dp-6GiGfPrB9jj6GNZx4uTxcUKoaoF-hCThoxL54si1KIF-Iz_R4x2uF_7RF2eQlxegqcDhH5WJs8KzHPI_9Eif4YeV5cGH5gvy4fegwWmOPILf4riPMByN14WOcEwW-MIPow96HTb6C0d3bD2qG3uOxwgTEz10DeF7nMcP42hZHCXhBz_yq2h4HT_08ejKEOlnvMeNhkuLD-UPO5FwdMcv5Dw0NVNRHUezXCgZHT_0DI0T5EGz40M_-Dk6HjF5aN-RB2fwKEHjI3aOf9CTIYyno09xIszR0cVzoXF29PgRHv7xI8cHfQphcgh_9BUOu-hD4iKu7CifB3YmPMelIodIIqSOm8LZCD-aSTwuXjjcHc0X5Dn0e2gjwivyHP3w7qBxTDrSx9C0RDdy6XhQUjIu6uiPKxGe6fjyIMwbaM-x4yHovMKPzoOoh-jxvOhh9MnRZ4cd6jjgS_jxLuj1ozr8oQ-uQZNhPsjVo_iyHA-LULrgHnpwPRCzH-UuPOgDKzfavdCZD3nQKNbR9njQhyEcikYvXAhlztDCHP-DJ0Z4w77BvEfe6PhyHCKj4bhE2Mly5B6Fd-gPJkft4nfQ4ce5GT1SN0WfE9UTpC769Si1FT-cgwzzIT2hdSQi8YRLGd2SCRdD4yIq-KUQRkrC40qgHn7xnZiZjlB99Me7HVvMGCWHNuHhyTG04znuHlZkDseP5tCe4xVGtBtLuIsapCd64sezo9qYIlJ0Dbof5EqCNyla3mjO4zz6IEzTQ48QZh365Zjf4GM6BBLDCz9yOAKv6OjrwfxR_2iOUMR7XI