{"lowlevel":{"average_loudness":0.626959264278,"barkbands":{"dmean":[0.000149203056935,0.0007883576327,0.000486944831209,0.000520216359291,0.0017089775065,0.00237719272263,0.00266870460473,0.00205125822686,0.00274979951791,0.000662143167574,0.000299884122796,0.000363894621842,0.000227298703976,0.000102648300526,0.0000703386758687,0.0000179424605449,0.00000934482341108,0.00000878521223058,0.00000798036580818,0.00000565035998079,0.00000526529811395,0.0000037090146634,0.00000193650953406,0.00000177782840183,0.00000191042931874,0.0000028968852348,0.0000744577992009],"dmean2":[0.000253540027188,0.00124839914497,0.000811748614069,0.000856447557453,0.00283816317096,0.00399592844769,0.0044272551313,0.00351095409133,0.00461418135092,0.00109537946992,0.000486714940052,0.000604952510912,0.000384935352486,0.000173968903255,0.000115737471788,0.000029424274544,0.000015155269466,0.0000140292077049,0.0000127697521748,0.00000890023693501,0.00000814108534541,0.0000056984231378,0.00000315239185511,0.00000291951050713,0.00000312259226121,0.00000470838813271,0.000120199765661],"dvar":[7.47546309299e-8,0.00000204723869501,7.79759261604e-7,0.0000012888931451,0.00000563440698897,0.0000165532255778,0.0000251669644058,0.0000140786287375,0.0000402602163376,0.00000278351944871,2.94107053378e-7,3.1984711768e-7,1.13992967954e-7,2.41996733763e-8,1.54888848414e-8,1.16365150848e-9,4.78316553032e-10,1.0936132e-9,1.03125452622e-9,2.0249628363e-10,1.00362586297e-10,4.03880574817e-11,1.14113865926e-11,9.94997140236e-12,1.11150030152e-11,2.52682423596e-11,1.28109327591e-8],"dvar2":[2.13322920217e-7,0.00000491418222737,0.0000020580812361,0.00000328263217853,0.0000152536131282,0.0000446740741609,0.0000675090996083,0.0000400075950893,0.000111757333798,0.00000718292085367,7.80481968832e-7,8.39727249513e-7,3.24651580286e-7,6.7532099024e-8,4.07957720938e-8,2.96103941366e-9,1.10409004161e-9,2.40654629557e-9,2.44864040155e-9,5.12226816518e-10,2.52785042898e-10,9.35508615019e-11,2.9025299525e-11,2.52870675788e-11,2.84238344667e-11,6.47927683728e-11,3.40997345916e-8],"max":[0.00441474374384,0.0484692305326,0.0278672538698,0.0337562896311,0.0521087124944,0.0705722644925,0.120211042464,0.0677087381482,0.105048380792,0.0425655394793,0.01305940561,0.0140085685998,0.00658222194761,0.0030311672017,0.00360825704411,0.00142011232674,0.00109085533768,0.00215731374919,0.00157417659648,0.000680099765304,0.000455464469269,0.000164572455105,0.0000525369759998,0.0000471698731417,0.0000544149806956,0.0000913295298233,0.00237380340695],"mean":[0.000268043688266,0.00195965729654,0.000710143009201,0.000710390100721,0.0027904396411,0.00360480113886,0.00411501154304,0.00291696400382,0.003953831736,0.00109922443517,0.000494311971124,0.000666805251967,0.000410995504353,0.000196690903977,0.000134469824843,0.0000370849920728,0.0000186580327863,0.0000161523785209,0.0000160870949912,0.0000118370917335,0.0000108456952148,0.00000663078526486,0.00000263646120402,0.00000208918072531,0.00000215701629713,0.00000370941074834,0.000190670034499],"median":[0.000075173091318,0.000642871542368,0.000315193436109,0.000341322564054,0.00188936991617,0.001997431973,0.00178394641262,0.00141393183731,0.0013165086275,0.000334095559083,0.000269698153716,0.000424763071351,0.000269348587608,0.000126365557662,0.0000792202990851,0.0000211209298868,0.00000779987567512,0.00000404442562285,0.00000375177592105,0.00000426120914199,0.00000443981389253,0.00000259153352999,0.00000126646887111,9.0717742296e-7,8.72713826539e-7,0.00000175684976966,0.000125159771414],"min":[3.82301495312e-23,5.66540085944e-23,3.82491074364e-23,1.44284032183e-23,3.76841000126e-23,7.73943293068e-23,7.41511012444e-23,7.31833014423e-23,6.00179134426e-23,1.023546141e-22,3.83472543548e-23,9.9774250079e-23,9.30562538122e-23,2.46274397649e-22,2.27387603452e-22,1.24832126433e-22,1.61967898696e-22,2.59591152279e-22,2.29609767824e-22,3.0006983938e-22,3.21570855508e-22,6.36135818383e-22,4.67501893576e-22,8.24281845338e-22,1.05968722908e-21,1.81444551329e-21,2.47804550515e-21],"var":[2.02647598257e-7,0.0000115016400741,0.00000146330933148,0.00000173532237113,0.0000100405932244,0.0000246814524871,0.0000443897333753,0.0000208644214581,0.0000588431976212,0.00000672229589327,5.20553896877e-7,6.83147391101e-7,2.21166558845e-7,5.33187893836e-8,3.35392194017e-8,3.75704312106e-9,2.10663686495e-9,3.22024118482e-9,3.6157639105e-9,9.65444835188e-10,4.07778755207e-10,1.35995811834e-10,1.59987752213e-11,1.17720113171e-11,1.33889696205e-11,3.19976649343e-11,4.31231583775e-8]},"barkbands_crest":{"dmean":2.71973013878,"dmean2":4.57141160965,"dvar":5.54895448685,"dvar2":15.1914386749,"max":24.3709449768,"mean":9.45415687561,"median":8.72294044495,"min":2.83447623253,"var":12.0912399292},"barkbands_flatness_db":{"dmean":0.0250000469387,"dmean2":0.0401270799339,"dvar":0.000405953382142,"dvar2":0.00107671797741,"max":0.327401131392,"mean":0.179550781846,"median":0.179358929396,"min":0.0340447612107,"var":0.00143433304038},"barkbands_kurtosis":{"dmean":4.45417833328,"dmean2":7.35682249069,"dvar":26.2974758148,"dvar2":69.0401077271,"max":85.8150787354,"mean":11.7315769196,"median":9.98354911804,"min":-1.88693118095,"var":61.4294776917},"barkbands_skewness":{"dmean":0.556692540646,"dmean2":0.914723515511,"dvar":0.22702357173,"dvar2":0.602582037449,"max":7.85449790955,"mean":2.15414834023,"median":2.09387898445,"min":-2.85614514351,"var":0.771217286587},"barkbands_spread":{"dmean":2.90427017212,"dmean2":4.73712158203,"dvar":8.37875938416,"dvar2":22.1272087097,"max":131.769622803,"mean":11.5990552902,"median":10.2696037292,"min":1.65548980236,"var":76.9901428223},"dissonance":{"dmean":0.040501203388,"dmean2":0.0695483237505,"dvar":0.00116848456673,"dvar2":0.00333648454398,"max":0.500000119209,"mean":0.435441076756,"median":0.444255769253,"min":0.205289170146,"var":0.00188591715414},"dynamic_complexity":4.07624769211,"erbbands":{"dmean":[0.0259830951691,0.180971875787,0.536733806133,1.02529191971,3.43535065651,6.41006946564,11.9609832764,22.3781452179,33.5045318604,46.8392486572,46.04504776,66.7615737915,14.2685508728,21.4315605164,11.8925523758,14.6982727051,10.3946628571,5.24662733078,4.27813577652,1.99716901779,0.730010688305,0.464756906033,0.405937343836,0.471275150776,0.296439945698,0.298014461994,0.230814039707,0.200311243534,0.13438539207,0.0820703431964,0.0525534376502,0.0394424386322,0.0285787191242,0.0205182656646,0.0141181759536,0.00920285657048,0.00569427758455,0.00342495599762,0.0019662627019,0.00646552769467],"dmean2":[0.0413152091205,0.287910223007,0.883956193924,1.68700325489,5.76747846603,10.7473373413,19.7951831818,37.8227577209,55.5556182861,79.0596237183,78.3984375,112.082115173,23.9183101654,35.0610618591,19.3031158447,24.3826026917,17.5485839844,8.85925292969,7.05899095535,3.29500246048,1.17246091366,0.749462068081,0.646373927593,0.761332929134,0.465384095907,0.473275899887,0.355369120836,0.311699956656,0.204309001565,0.128969192505,0.0857510566711,0.064632602036,0.0470183454454,0.0336456745863,0.0230286438018,0.0150028131902,0.00923836790025,0.00549471145496,0.00310206552967,0.0104525759816],"dvar":[0.0022469565738,0.11819114536,0.94632768631,4.67645311356,31.4671058655,87.1201934814,421.390991211,1570.20544434,4812.98632812,7580.12841797,6248.33740234,24219.8320312,662.127502441,3186.30102539,353.036376953,570.608276367,243.098068237,59.973690033,54.8519515991,13.1987810135,1.79973828793,1.08812880516,1.42094612122,3.4163377285,0.750887036324,0.769468188286,0.224248200655,0.141176313162,0.0516793355346,0.0195319410414,0.00862856861204,0.00489655788988,0.00258135213517,0.00130258186255,0.000602238462307,0.000253548787441,0.0000971121917246,0.0000344261825376,0.0000094557135526,0.0000776995657361],"dvar2":[0.00553287053481,0.278864651918,2.45069551468,11.6717529297,88.672958374,231.818237305,1113.91369629,4299.79443359,13212.8378906,20314.2871094,17604.1074219,66559.2890625,1842.23852539,8160.37548828,895.979675293,1466.09851074,689.538146973,163.114517212,143.841766357,35.733417511,4.33940410614,2.55794882774,3.00896835327,8.08519077301,1.77852642536,1.98523879051,0.554284870625,0.368352204561,0.112078659236,0.0468200668693,0.0221273135394,0.0124214449897,0.006581380032,0.00332858483307,0.00154084828682,0.000649247784168,0.000248385273153,0.0000866300033522,0.0000234051294683,0.000206371842069],"max":[1.02053678036,11.6675548553,28.3568115234,57.7346305847,150.561599731,162.022155762,397.951660156,792.080627441,1987.1986084,1574.23144531,1428.22424316,2608.54638672,467.845275879,1305.13122559,617.91998291,588.975585938,288.052886963,178.693969727,184.960968018,112.351081848,63.6320648193,57.1436309814,77.53956604,96.4195404053,47.5674934387,41.0083847046,21.0032482147,14.6784973145,6.15174102783,3.95962643623,1.54239237309,1.05014538765,0.748330295086,0.565155208111,0.413360089064,0.285766661167,0.177424326539,0.102602653205,0.0945035815239,0.175879225135],"mean":[0.0669874921441,0.37949064374,0.895798027515,1.60211014748,5.06909704208,9.54531383514,18.0218982697,32.9108390808,52.3400611877,70.7139358521,72.0959701538,96.4562149048,26.419921875,37.6902084351,23.2627182007,28.2191734314,20.1671485901,11.4903459549,8.70065021515,4.3794875145,1.69845795631,1.00567269325,0.859718799591,0.995591163635,0.602377533913,0.623637735844,0.482163459063,0.393732666969,0.242140218616,0.134819865227,0.0701701790094,0.0475922450423,0.0330161452293,0.0231965221465,0.015984274447,0.011005516164,0.00746383238584,0.00585134793073,0.00591092044488,0.0221937987953],"median":[0.017716774717,0.128110215068,0.374349445105,0.846539914608,2.9370470047,5.97162342072,10.4788246155,17.9094581604,24.8807621002,30.8790664673,37.6404838562,31.7637176514,14.0629930496,12.4202489853,14.8074092865,18.6487598419,13.4559679031,7.67892456055,5.53570175171,2.70322036743,1.02441692352,0.435191452503,0.233619987965,0.207289636135,0.194322571158,0.20546194911,0.187890574336,0.161312580109,0.0988566800952,0.0590713061392,0.0334489196539,0.0212200079113,0.013971674256,0.00951808132231,0.00645313225687,0.00488438410684,0.00359966396354,0.00318767386489,0.00401388201863,0.0162775684148],"min":[1.46721211639e-21,1.40100759727e-20,5.00066514011e-20,3.79617449219e-20,5.88078628122e-20,1.30823615733e-19,2.14732558576e-19,8.00863861365e-19,1.42470155907e-18,1.03252199576e-18,1.2681381894e-18,1.53025445812e-18,2.34175741312e-18,3.24112421658e-18,1.71451111091e-18,4.12407520719e-18,4.57708025606e-18,1.07067479162e-17,1.22591765016e-17,1.0036026035e-17,6.36127161421e-18,1.05291332135e-17,1.33299460881e-17,1.27754670712e-17,1.16778017071e-17,1.47511515683e-17,1.22952796266e-17,1.68164726654e-17,2.08856503768e-17,1.8951520125e-17,1.2289606822e-17,1.35781457668e-17,1.55732284765e-17,8.65937084819e-18,9.41132351994e-18,6.49620379727e-18,3.19045837008e-18,1.37380234424e-18,3.02331411961e-19,4.18432059358e-20],"var":[0.0133455675095,0.549083292484,2.43608522415,7.28146457672,48.6585121155,143.509765625,661.806396484,2180.56494141,8004.83740234,12101.4541016,9850.32421875,35743.6367188,1274.31652832,7926.34716797,764.6640625,1268.33166504,504.158630371,160.750961304,116.659797668,33.4719657898,7.05592060089,5.62067365646,6.88642930984,14.0455579758,3.19044709206,3.43300795555,1.04244613647,0.469907253981,0.156868577003,0.0536633878946,0.0115393996239,0.00589872989804,0.00302468403243,0.00154967349954,0.000731817854103,0.000313895056024,0.000125351638417,0.0000597026410105,0.0000405361133744,0.000387680600397]},"erbbands_crest":{"dmean":3.42281365395,"dmean2":5.76345443726,"dvar":9.58957386017,"dvar2":25.8607292175,"max":30.9216346741,"mean":10.8809766769,"median":9.7527589798,"min":2.47938513756,"var":22.0265083313},"erbbands_flatness_db":{"dmean":0.0271153766662,"dmean2":0.0436991304159,"dvar":0.000482707226183,"dvar2":0.00126799324062,"max":0.374560505152,"mean":0.21244469285,"median":0.213263839483,"min":0.0408340245485,"var":0.00184749916662},"erbbands_kurtosis":{"dmean":2.02479600906,"dmean2":3.36437511444,"dvar":7.53299808502,"dvar2":19.2882194519,"max":50.8240737915,"mean":2.82380461693,"median":1.63191843033,"min":-1.58557772636,"var":15.1403093338},"erbbands_skewness":{"dmean":0.423702150583,"dmean2":0.691859960556,"dvar":0.130251154304,"dvar2":0.340916275978,"max":4.39070177078,"mean":0.780771315098,"median":0.735270798206,"min":-1.53036034107,"var":0.503525257111},"erbbands_spread":{"dmean":3.2581319809,"dmean2":5.32472991943,"dvar":9.04543781281,"dvar2":23.5750656128,"max":96.2071380615,"mean":13.5259552002,"median":12.3380413055,"min":1.40179407597,"var":60.4740791321},"gfcc":{"cov":[[10066.0195312,1041.00817871,-561.995788574,-340.83114624,12.9885120392,-526.506591797,46.9765663147,-274.414978027,24.1354560852,-149.394760132,-5.12371063232,-221.669067383,-45.7623672485],[1041.00817871,746.434204102,28.9071960449,-166.343597412,158.549911499,-12.1470804214,110.155326843,-161.680953979,71.3768615723,-18.4514598846,27.4640045166,-41.2843322754,64.5572357178],[-561.995788574,28.9071960449,338.915710449,118.164077759,-2.35718822479,117.385696411,6.54416465759,57.1362953186,-2.1392147541,69.3181381226,33.0565910339,4.08480596542,-45.0661849976],[-340.83114624,-166.343597412,118.164077759,419.377746582,47.4634742737,37.9162788391,85.3661727905,63.1774215698,-7.31996870041,43.1413917542,21.8688335419,39.0437393188,-76.0040817261],[12.9885120392,158.549911499,-2.35718822479,47.4634742737,161.37677002,62.4485054016,46.1557502747,-33.4241943359,13.4958600998,-10.3193712234,2.61401081085,11.7626886368,20.4519557953],[-526.506591797,-12.1470804214,117.385696411,37.9162788391,62.4485054016,200.139587402,11.8251905441,52.6380386353,-3.47777342796,23.7076702118,4.70412540436,40.157535553,35.1731834412],[46.9765663147,110.155326843,6.54416465759,85.3661727905,46.1557502747,11.8251905441,159.983383179,6.49501371384,54.1029090881,29.3827648163,13.1772909164,18.4368000031,10.7480640411],[-274.414978027,-161.680953979,57.1362953186,63.1774215698,-33.4241943359,52.6380386353,6.49501371384,132.353744507,20.5768127441,29.861831665,6.74715566635,23.0594730377,-1.06537282467],[24.1354560852,71.3768615723,-2.1392147541,-7.31996870041,13.4958600998,-3.47777342796,54.1029090881,20.5768127441,75.6761016846,36.6280860901,13.8777656555,3.74523282051,14.4727106094],[-149.394760132,-18.4514598846,69.3181381226,43.1413917542,-10.3193712234,23.7076702118,29.3827648163,29.861831665,36.6280860901,80.3793716431,38.8953819275,15.1387090683,-7.19783973694],[-5.12371063232,27.4640045166,33.0565910339,21.8688335419,2.61401081085,4.70412540436,13.1772909164,6.74715566635,13.8777656555,38.8953819275,59.3309440613,23.3163280487,-1.26355957985],[-221.669067383,-41.2843322754,4.08480596542,39.0437393188,11.7626886368,40.157535553,18.4368000031,23.0594730377,3.74523282051,15.1387090683,23.3163280487,71.4015808105,42.5063514709],[-45.7623672485,64.5572357178,-45.0661849976,-76.0040817261,20.4519557953,35.1731834412,10.7480640411,-1.06537282467,14.4727106094,-7.19783973694,-1.26355957985,42.5063514709,97.5050735474]],"icov":[[0.000173200736754,-0.000587546208408,0.000528106058482,-0.00014273301349,0.00026107893791,0.000174862900167,0.00017912221665,-0.000545153394341,0.000575895421207,-0.00038693996612,0.000152525448357,0.0000397338844778,0.000330194976414],[-0.000587546208408,0.0079806568101,-0.00561501830816,0.00234952918254,-0.00468706944957,0.000721874297597,-0.00399179104716,0.00740199815482,-0.00683830864727,0.00690726097673,-0.00647135125473,0.00541115552187,-0.00599774392322],[0.000528106058482,-0.00561501830816,0.00958890095353,-0.00254589016549,0.00440076645464,-0.00411007599905,0.00296167819761,-0.00509452493861,0.00566696468741,-0.00774017255753,0.00265499157831,-0.00124571390916,0.00575530575588],[-0.00014273301349,0.00234952918254,-0.00254589016549,0.00640767998993,-0.0042376415804,0.00185195996892,-0.00412712525576,-0.000398618372856,0.00156749773305,-0.00011259601888,0.000571262207814,-0.00459751999006,0.00463747419417],[0.00026107893791,-0.00468706944957,0.00440076645464,-0.0042376415804,0.0144722545519,-0.00667226454243,0.00163900549524,0.00117852422409,-0.00138392997906,0.00139732903335,0.000408407096984,-0.000680599478073,0.00177068391349],[0.000174862900167,0.000721874297597,-0.00411007599905,0.00185195996892,-0.00667226454243,0.0122874053195,-0.000891780015081,-0.00417320802808,0.00453136302531,-0.00296288728714,0.00308431847952,-0.00253789243288,-0.00357714854181],[0.00017912221665,-0.00399179104716,0.00296167819761,-0.00412712525576,0.00163900549524,-0.000891780015081,0.0129277007654,-0.00177999574225,-0.00484439590946,-0.00336987897754,0.00370702147484,-0.0032369743567,0.00134170125239],[-0.000545153394341,0.00740199815482,-0.00509452493861,-0.000398618372856,0.00117852422409,-0.00417320802808,-0.00177999574225,0.019995989278,-0.013438699767,0.00750069320202,-0.00515216263011,0.0030141286552,-0.00498145772144],[0.000575895421207,-0.00683830864727,0.00566696468741,0.00156749773305,-0.00138392997906,0.00453136302531,-0.00484439590946,-0.013438699767,0.0357684344053,-0.0204980839044,0.00715488195419,-0.000689198321197,0.0012526671635],[-0.00038693996612,0.00690726097673,-0.00774017255753,-0.00011259601888,0.00139732903335,-0.00296288728714,-0.00336987897754,0.00750069320202,-0.0204980839044,0.0376027077436,-0.0209239162505,0.00552976829931,-0.00405435124412],[0.000152525448357,-0.00647135125473,0.00265499157831,0.000571262207814,0.000408407096984,0.00308431847952,0.00370702147484,-0.00515216263011,0.00715488195419,-0.0209239162505,0.0375732406974,-0.0194106902927,0.0107076158747],[0.0000397338844778,0.00541115552187,-0.00124571390916,-0.00459751999006,-0.000680599478073,-0.00253789243288,-0.0032369743567,0.0030141286552,-0.000689198321197,0.00552976829931,-0.0194106902927,0.040552906692,-0.0236951634288],[0.000330194976414,-0.00599774392322,0.00575530575588,0.00463747419417,0.00177068391349,-0.00357714854181,0.00134170125239,-0.00498145772144,0.0012526671635,-0.00405435124412,0.0107076158747,-0.0236951634288,0.0313566811383]],"mean":[-55.6257820129,125.61781311,-76.2791671753,-47.2569351196,-40.2476730347,-16.2645149231,-7.95433330536,-24.3488540649,-2.6335606575,0.314496070147,-1.64596199989,-11.1354970932,-1.94575631618]},"hfc":{"dmean":100.966171265,"dmean2":166.244186401,"dvar":18770.4414062,"dvar2":50266.8125,"max":2830.92138672,"mean":307.166534424,"median":230.514144897,"min":1.16422468374e-16,"var":72760.0703125},"melbands":{"dmean":[0.000214786559809,0.000263130641542,0.00023394956952,0.000326154258801,0.000395169423427,0.000498945359141,0.000510537589435,0.000504633469973,0.000441639858764,0.000372742419131,0.0000686783751007,0.0000948545784922,0.0000418385316152,0.0000435925685451,0.0000329722570314,0.0000169767190528,0.000010561216186,0.00000764609467296,0.00000455710687675,0.00000167555197095,7.8065568232e-7,5.07540335093e-7,4.50092755955e-7,4.68642070928e-7,4.10284883401e-7,3.0035380405e-7,1.71887023726e-7,2.21375316301e-7,1.52309496571e-7,1.36716792554e-7,1.24110471234e-7,8.399626239e-8,6.29125196383e-8,4.1069728951e-8,3.10782297674e-8,2.68413913318e-8,2.30729195749e-8,2.02800976012e-8,1.83035293588e-8,1.69551270801e-8],"dmean2":[0.000343437568517,0.000423736317316,0.000387848849641,0.000547623669263,0.000652544084005,0.000840403838083,0.000843557994813,0.000854472455103,0.00075005547842,0.000625070591923,0.000115444941912,0.000155465677381,0.0000680488155922,0.0000726901635062,0.0000557487001061,0.0000287675738946,0.0000179653070518,0.000012697103557,0.00000756219969844,0.00000277047024611,0.00000127210000755,8.3526134631e-7,7.1723769679e-7,7.58410351409e-7,6.70811516557e-7,4.81432437027e-7,2.73746906032e-7,3.55183772172e-7,2.38175260847e-7,2.12113320686e-7,1.97012013814e-7,1.29768167767e-7,9.88777202338e-8,6.60352910131e-8,5.08475359595e-8,4.39361649285e-8,3.79050000276e-8,3.33667919961e-8,3.01147267123e-8,2.77801781579e-8],"dvar":[1.4577264551e-7,2.24569021157e-7,1.98699567022e-7,2.10970341641e-7,4.01473556622e-7,7.43469286135e-7,0.00000103025320186,8.23733330435e-7,6.2861920469e-7,7.17134298611e-7,1.8011967029e-8,6.47498552553e-8,5.21173282308e-9,4.10369604964e-9,2.83437673332e-9,6.73358147019e-10,2.52666582101e-10,1.63852209578e-10,6.79439907114e-11,9.46541976743e-12,2.04142844122e-12,1.14500076087e-12,1.68447113896e-12,3.99198859732e-12,2.90349168319e-12,1.58186983477e-12,1.1462429313e-13,5.47747719577e-13,9.35612264746e-14,7.85760548966e-14,6.29284357912e-14,2.14235418549e-14,1.45504607169e-14,5.10449370828e-15,3.0618153107e-15,2.29643993945e-15,1.67132200108e-15,1.29562000793e-15,1.05377494908e-15,8.85966075521e-16],"dvar2":[3.62165906154e-7,5.56673569463e-7,5.21424453837e-7,5.76865716084e-7,0.00000106099366803,0.00000202488308787,0.00000280495191873,0.0000022497831651,0.00000175542618308,0.00000196605265046,4.98651502312e-8,1.65947895425e-7,1.36001752082e-8,1.08701403434e-8,7.42958716771e-9,1.96174343436e-9,6.85973278181e-10,4.36565783524e-10,1.8520990297e-10,2.51261129958e-11,4.92584488823e-12,2.78916126306e-12,3.82685810124e-12,8.7795742898e-12,7.05188078071e-12,3.91719686202e-12,2.72490634657e-13,1.44099088131e-12,2.34538300239e-13,2.02111547984e-13,1.65958691017e-13,4.76120506139e-14,3.62555749582e-14,1.2436662892e-14,7.90627244527e-15,5.8239512117e-15,4.24607790876e-15,3.29973416009e-15,2.6929769314e-15,2.26422939405e-15],"max":[0.0111895631999,0.0118816206232,0.0140690403059,0.0085420627147,0.013112815097,0.0160354487598,0.0285091456026,0.0167958624661,0.0125773455948,0.0142251867801,0.00258289114572,0.00607765745372,0.00165055517573,0.00146816356573,0.00150014238898,0.000481409748318,0.0003807086905,0.000281377346255,0.000251350953477,0.000102679092379,0.0000700052187312,0.0000593040422245,0.0000525318282598,0.000127500417875,0.0000764430515119,0.0000726653815946,0.0000155332872964,0.0000322147498082,0.0000114876420412,0.0000113937330752,0.00000798959445092,0.00000395390770791,0.00000368365931536,0.00000168997280525,9.96261178443e-7,7.02799127339e-7,6.13345719103e-7,5.36995344191e-7,4.79349751004e-7,4.7672455139e-7],"mean":[0.000554809055757,0.000501694681589,0.000377835007384,0.000512614613399,0.000612048548646,0.000751888088416,0.00081344746286,0.000757465837523,0.000660541001707,0.000540654640645,0.000118295844004,0.000160705661983,0.0000730876054149,0.0000785843003541,0.0000616650722804,0.0000328327187162,0.0000204022617254,0.0000144573677971,0.00000880664993019,0.00000352902679879,0.00000159259127486,0.00000102051194517,8.46176646974e-7,8.35325238313e-7,8.30947499253e-7,5.38165579655e-7,3.37715761134e-7,4.32989423871e-7,2.93592023581e-7,2.62697994913e-7,2.22056698362e-7,1.44386177681e-7,1.03109947247e-7,6.20758697778e-8,4.08571310118e-8,3.29122684661e-8,2.72847522353e-8,2.33773871372e-8,2.08188009054e-8,1.90377420495e-8],"median":[0.000177553796675,0.000203081464861,0.000216391432332,0.000334668846335,0.000369180197595,0.000419520423748,0.000386423518648,0.000343352585332,0.000302920030663,0.00017991947243,0.0000555294282094,0.0000473883919767,0.0000426333353971,0.0000500807109347,0.0000412557419622,0.0000218200857489,0.0000130249127324,0.00000905780689209,0.00000528308146386,0.00000205359060601,9.36538810947e-7,4.62463162876e-7,2.28472643471e-7,1.91969860452e-7,1.60060835697e-7,1.38499288482e-7,1.33856005391e-7,1.30487393335e-7,1.16348275014e-7,1.04258276679e-7,8.75087806662e-8,5.82299506391e-8,3.99895121461e-8,2.82271237495e-8,1.93311660013e-8,1.47965284469e-8,1.18874412536e-8,9.94640814156e-9,8.66156213419e-9,7.70224595215e-9],"min":[1.67033723616e-23,2.33987220096e-23,7.1577459896e-24,6.82969502672e-24,6.97603503553e-24,1.91442436864e-23,1.94452540752e-23,1.25275695031e-23,9.45646221273e-24,1.04452977797e-23,1.15211415491e-23,1.32644657739e-23,5.55531508346e-24,5.32364675155e-24,1.8602043809e-23,7.70419230523e-24,2.19379267402e-23,1.98549805407e-23,1.63482208712e-23,1.06164237981e-23,5.90469881737e-24,9.46253959714e-24,1.3048470136e-23,1.18997316747e-23,1.00523290863e-23,8.78307792226e-24,8.89285422811e-24,9.70933867564e-24,7.67232469124e-24,7.31959658153e-24,1.04628680786e-23,1.22354898086e-23,1.13471590653e-23,9.98670216992e-24,6.72710682144e-24,8.21223923858e-24,7.80886704761e-24,9.57513923617e-24,1.17614459357e-23,5.70771314958e-24],"var":[8.43270470341e-7,8.07292906302e-7,3.18370553032e-7,3.54357950982e-7,6.65261040922e-7,0.00000107520088477,0.0000017965163579,0.00000130686999,9.69313646237e-7,0.00000107863354515,3.37278791562e-8,1.59752417517e-7,9.74881064764e-9,8.56377013747e-9,5.67296254417e-9,1.3995294923e-9,5.73438074802e-10,3.27966404035e-10,1.3811050914e-10,2.87992962811e-11,6.5824988689e-12,5.08991980508e-12,6.75876802442e-12,1.03086983394e-11,1.05606131479e-11,4.1732732721e-12,5.85537098408e-13,1.95409270362e-12,3.56475482813e-13,2.70090075522e-13,1.61968230711e-13,5.68091750128e-14,3.77032559091e-14,1.07554490284e-14,3.99790996071e-15,2.81491960614e-15,1.98585476879e-15,1.51601480444e-15,1.23905324189e-15,1.05626141429e-15]},"melbands_crest":{"dmean":3.0488512516,"dmean2":5.11496162415,"dvar":6.63913297653,"dvar2":18.3361740112,"max":31.5713596344,"mean":11.2955751419,"median":10.5347652435,"min":2.04054999352,"var":15.0866117477},"melbands_flatness_db":{"dmean":0.0291763786227,"dmean2":0.0466230921447,"dvar":0.000555088219699,"dvar2":0.0014695803402,"max":0.479974687099,"mean":0.292362838984,"median":0.293410032988,"min":0.00433148862794,"var":0.00238805054687},"melbands_kurtosis":{"dmean":2.01481604576,"dmean2":3.32838249207,"dvar":6.36133670807,"dvar2":15.9022045135,"max":70.8232650757,"mean":3.08390831947,"median":2.09887170792,"min":-1.59983062744,"var":14.5804958344},"melbands_skewness":{"dmean":0.47356018424,"dmean2":0.770180523396,"dvar":0.155884698033,"dvar2":0.40975472331,"max":6.51883602142,"mean":0.979297101498,"median":0.90845489502,"min":-1.72633838654,"var":0.637911319733},"melbands_spread":{"dmean":2.5846786499,"dmean2":4.18978118896,"dvar":7.25453901291,"dvar2":17.1279563904,"max":207.887161255,"mean":11.599984169,"median":10.278793335,"min":1.24297010899,"var":109.925750732},"mfcc":{"cov":[[6180.02148438,828.24395752,-479.850158691,142.16204834,-262.118530273,-122.931610107,-166.922241211,-110.829269409,-73.831237793,-15.6166191101,46.6738624573,-45.6656036377,-59.1708564758],[828.24395752,1097.40539551,-66.2807159424,-178.509002686,-20.8425483704,134.409866333,-9.54790115356,-85.7065200806,36.2185516357,1.17664706707,-48.7588768005,-6.6778011322,9.45367050171],[-479.850158691,-66.2807159424,350.161529541,41.59141922,46.053527832,22.3331165314,59.5135688782,13.7886352539,-17.2203102112,45.9156913757,62.7099113464,49.8204116821,12.4134235382],[142.16204834,-178.509002686,41.59141922,346.139434814,-19.7494754791,43.571182251,40.1425056458,43.4972190857,-21.5950756073,15.0663518906,86.157699585,36.0480957031,3.99324798584],[-262.118530273,-20.8425483704,46.053527832,-19.7494754791,146.600479126,44.1788978577,34.3065261841,26.1663131714,-1.35289597511,-7.34449529648,-17.9936637878,5.84354400635,7.67012119293],[-122.931610107,134.409866333,22.3331165314,43.571182251,44.1788978577,162.667327881,65.4931793213,23.4246730804,30.4241142273,-2.05319952965,-3.45114517212,13.0992412567,26.6366252899],[-166.922241211,-9.54790115356,59.5135688782,40.1425056458,34.3065261841,65.4931793213,81.2158050537,43.2956886292,15.052230835,5.94388914108,10.6558923721,14.8790721893,16.6347312927],[-110.829269409,-85.7065200806,13.7886352539,43.4972190857,26.1663131714,23.4246730804,43.2956886292,85.1320877075,41.843547821,3.17886924744,-2.17852258682,2.01556277275,13.9140787125],[-73.831237793,36.2185516357,-17.2203102112,-21.5950756073,-1.35289597511,30.4241142273,15.052230835,41.843547821,91.1052932739,22.788520813,-15.8428535461,-6.17802238464,19.9034080505],[-15.6166191101,1.17664706707,45.9156913757,15.0663518906,-7.34449529648,-2.05319952965,5.94388914108,3.17886924744,22.788520813,56.896812439,41.8148155212,18.7036724091,4.50765037537],[46.6738624573,-48.7588768005,62.7099113464,86.157699585,-17.9936637878,-3.45114517212,10.6558923721,-2.17852258682,-15.8428535461,41.8148155212,87.4962615967,44.2581329346,2.17391419411],[-45.6656036377,-6.6778011322,49.8204116821,36.0480957031,5.84354400635,13.0992412567,14.8790721893,2.01556277275,-6.17802238464,18.7036724091,44.2581329346,52.2580223083,23.7097454071],[-59.1708564758,9.45367050171,12.4134235382,3.99324798584,7.67012119293,26.6366252899,16.6347312927,13.9140787125,19.9034080505,4.50765037537,2.17391419411,23.7097454071,51.398979187]],"icov":[[0.000246616109507,-0.000277990999166,0.000298271217616,-0.000220533591346,0.000145630954648,0.00029950751923,0.000148805920617,-0.000238918466493,0.000300569430692,-0.0000369705885532,-0.000361625076039,0.000339382764651,-0.000134701796924],[-0.000277990999166,0.00170671462547,-0.000163503791555,0.000911404262297,0.000336883822456,-0.00204779556952,0.0000170998500835,0.0016952988226,-0.00076390884351,-0.0004526040575,0.00102753960527,-0.00122603937052,0.000738843809813],[0.000298271217616,-0.000163503791555,0.00462078675628,7.1280692282e-7,-0.000674938608427,0.00080638070358,-0.00303960382007,0.000218372122617,0.00180910225026,-0.00312555325218,-0.000629906309769,-0.00167811487336,0.00023916491773],[-0.000220533591346,0.000911404262297,7.1280692282e-7,0.0057255034335,0.00109851604793,-0.0031113200821,0.000711981731001,-0.00322104804218,0.00162767292932,0.00227577704936,-0.00669450638816,0.00163482606877,-0.0000773661595304],[0.000145630954648,0.000336883822456,-0.000674938608427,0.00109851604793,0.00975468289107,-0.00303093786351,-0.000158382128575,-0.00395329669118,0.00408752867952,-0.00267479405738,0.00520139653236,-0.00376207451336,0.0015870196512],[0.00029950751923,-0.00204779556952,0.00080638070358,-0.0031113200821,-0.00303093786351,0.0146228708327,-0.0106264874339,0.00503721833229,-0.00540366536006,0.00377759849653,-0.000384624494473,0.000446961988928,-0.00271052238531],[0.000148805920617,0.0000170998500835,-0.00303960382007,0.000711981731001,-0.000158382128575,-0.0106264874339,0.0304782688618,-0.0145547948778,0.00534460367635,-0.00142213713843,-0.00157746020705,0.000286975235213,-0.00155685492791],[-0.000238918466493,0.0016952988226,0.000218372122617,-0.00322104804218,-0.00395329669118,0.00503721833229,-0.0145547948778,0.0297541469336,-0.0163269173354,0.00681979348883,-0.000266148679657,0.0000761600822443,-0.0000536561128683],[0.000300569430692,-0.00076390884351,0.00180910225026,0.00162767292932,0.00408752867952,-0.00540366536006,0.00534460367635,-0.0163269173354,0.0291266236454,-0.0204903483391,0.0101276710629,0.00232656206936,-0.00617975788191],[-0.0000369705885532,-0.0004526040575,-0.00312555325218,0.00227577704936,-0.00267479405738,0.00377759849653,-0.00142213713843,0.00681979348883,-0.0204903483391,0.0471146441996,-0.0302986074239,0.00750904204324,-0.000705421669409],[-0.000361625076039,0.00102753960527,-0.000629906309769,-0.00669450638816,0.00520139653236,-0.000384624494473,-0.00157746020705,-0.000266148679657,0.0101276710629,-0.0302986074239,0.0536384135485,-0.0339032635093,0.012178584002],[0.000339382764651,-0.00122603937052,-0.00167811487336,0.00163482606877,-0.00376207451336,0.000446961988928,0.000286975235213,0.0000761600822443,0.00232656206936,0.00750904204324,-0.0339032635093,0.0579548217356,-0.0257486514747],[-0.000134701796924,0.000738843809813,0.00023916491773,-0.0000773661595304,0.0015870196512,-0.00271052238531,-0.00155685492791,-0.0000536561128683,-0.00617975788191,-0.000705421669409,0.012178584002,-0.0257486514747,0.0346164964139]],"mean":[-726.36517334,202.069366455,4.62155532837,-9.35995292664,-18.9557437897,7.78120040894,-5.59209775925,-13.701634407,-2.93896913528,1.52614831924,3.12464761734,2.59560370445,0.482379585505]},"pitch_salience":{"dmean":0.0652272552252,"dmean2":0.108729287982,"dvar":0.00294019584544,"dvar2":0.00808929558843,"max":0.891988217831,"mean":0.631381988525,"median":0.643188714981,"min":0.148137539625,"var":0.00797621998936},"silence_rate_20dB":{"dmean":0,"dmean2":0,"dvar":0,"dvar2":0,"max":1,"mean":1,"median":1,"min":1,"var":0},"silence_rate_30dB":{"dmean":0.0246529933065,"dmean2":0.049311093986,"dvar":0.0240461453795,"dvar2":0.0593145750463,"max":1,"mean":0.9727602005,"median":1,"min":0,"var":0.0265000909567},"silence_rate_60dB":{"dmean":0.00476486422122,"dmean2":0.00953071564436,"dvar":0.00474234344438,"dvar2":0.0104765156284,"max":1,"mean":0.0460901074111,"median":0,"min":0,"var":0.0439626574516},"spectral_centroid":{"dmean":67.802406311,"dmean2":108.188644409,"dvar":9497.18164062,"dvar2":15183.9482422,"max":10992.7207031,"mean":605.940856934,"median":566.549987793,"min":226.331878662,"var":93666.1171875},"spectral_complexity":{"dmean":2.09654021263,"dmean2":3.48409819603,"dvar":2.96109938622,"dvar2":7.71368503571,"max":40,"mean":14.7985496521,"median":15,"min":0,"var":25.1864929199},"spectral_contrast_coeffs":{"dmean":[0.0538005493581,0.0523255728185,0.0386395677924,0.0285521112382,0.0209930576384,0.029174214229],"dmean2":[0.0894142687321,0.0887879952788,0.0652357190847,0.0481611415744,0.0344941094518,0.0457357726991],"dvar":[0.00173158885445,0.00168686395045,0.000966482853983,0.000502376118675,0.000306815869408,0.000704831792973],"dvar2":[0.00486753694713,0.00479077454656,0.0027197082527,0.00143473944627,0.000810148776509,0.00169897533488],"max":[-0.327275454998,-0.487443625927,-0.557578027248,-0.624355196953,-0.731405735016,-0.57855963707],"mean":[-0.643695950508,-0.748227536678,-0.789389550686,-0.800885438919,-0.868717551231,-0.810860335827],"median":[-0.645074009895,-0.751389741898,-0.796688437462,-0.802091121674,-0.86842828989,-0.823160290718],"min":[-0.982407569885,-0.976913869381,-0.967482209206,-0.964132368565,-0.961955547333,-0.959511697292],"var":[0.0081301536411,0.00405547767878,0.00314416876063,0.00148325203918,0.00101010245271,0.00250800093636]},"spectral_contrast_valleys":{"dmean":[0.366669088602,0.3183144629,0.283561080694,0.242470130324,0.381464153528,0.567529916763],"dmean2":[0.609706878662,0.532488405704,0.460491865873,0.385482013226,0.605254352093,0.900860726833],"dvar":[0.0963285043836,0.0725284218788,0.0622065775096,0.0537709183991,0.137796193361,0.222732111812],"dvar2":[0.248483762145,0.172930911183,0.135101541877,0.111587479711,0.34026068449,0.572320818901],"max":[-5.51058673859,-4.27272176743,-5.25515127182,-6.27369737625,-6.42370128632,-9.11245155334],"mean":[-7.53550624847,-5.98859643936,-6.86392831802,-7.85617733002,-8.82620811462,-11.3714122772],"median":[-7.38131999969,-5.80026483536,-6.66763019562,-7.64783430099,-8.72039604187,-11.3064823151],"min":[-27.6690139771,-27.1808757782,-27.1011505127,-26.9522476196,-27.4822177887,-27.3116760254],"var":[1.35567390919,1.32070994377,1.20240056515,1.14147031307,1.05233967304,0.904608905315]},"spectral_decrease":{"dmean":2.14244111341e-9,"dmean2":3.50751383493e-9,"dvar":7.43502277325e-18,"dvar2":2.01742998655e-17,"max":2.09867856427e-8,"mean":-2.65431432389e-9,"median":-1.92522575659e-9,"min":-3.0133591622e-8,"var":1.1069321031e-17},"spectral_energy":{"dmean":0.00954915769398,"dmean2":0.0154257174581,"dvar":0.000143543031299,"dvar2":0.000390941655496,"max":0.203518554568,"mean":0.0378790199757,"median":0.03108673729,"min":1.06181645176e-20,"var":0.000819247972686},"spectral_energyband_high":{"dmean":0.0000315570832754,"dmean2":0.0000489142548759,"dvar":2.41844322346e-9,"dvar2":5.84372861212e-9,"max":0.0018317301292,"mean":0.0000755681758164,"median":0.0000424108111474,"min":7.58006422138e-21,"var":1.21735048708e-8},"spectral_energyband_low":{"dmean":0.00125396973453,"dmean2":0.00201177457348,"dvar":0.00000426028645961,"dvar2":0.0000105752724266,"max":0.0579513683915,"mean":0.00316870375536,"median":0.00152005231939,"min":1.19846020641e-22,"var":0.0000207852917811},"spectral_energyband_middle_high":{"dmean":0.00103611790109,"dmean2":0.00167291937396,"dvar":0.00000329938507093,"dvar2":0.00000851501681609,"max":0.0483185313642,"mean":0.00300537375733,"median":0.00201712152921,"min":1.70875279325e-21,"var":0.0000119463484225},"spectral_energyband_middle_low":{"dmean":0.00707960221916,"dmean2":0.0116292471066,"dvar":0.0000893740871106,"dvar2":0.000242726935539,"max":0.135126426816,"mean":0.0182411670685,"median":0.0133246695623,"min":3.71152189661e-22,"var":0.000274271558737},"spectral_entropy":{"dmean":0.231744781137,"dmean2":0.371059924364,"dvar":0.0371431820095,"dvar2":0.098819039762,"max":9.79119873047,"mean":6.82536268234,"median":6.79191064835,"min":5.58277845383,"var":0.148163273931},"spectral_flux":{"dmean":0.0165857765824,"dmean2":0.0271934438497,"dvar":0.000270557909971,"dvar2":0.000720802985597,"max":0.348733723164,"mean":0.102135531604,"median":0.0984911546111,"min":1.0304447573e-10,"var":0.00219994760118},"spectral_kurtosis":{"dmean":12.4351987839,"dmean2":19.6255760193,"dvar":137.034225464,"dvar2":355.071014404,"max":115.158561707,"mean":38.8489990234,"median":35.8202934265,"min":-1.20534205437,"var":346.298034668},"spectral_rms":{"dmean":0.000701073731761,"dmean2":0.00111739791464,"dvar":4.78093056699e-7,"dvar2":0.00000129086697598,"max":0.0140909431502,"mean":0.00560141541064,"median":0.00550713390112,"min":3.21856885761e-12,"var":0.0000055793343563},"spectral_rolloff":{"dmean":656.144592285,"dmean2":1263.89501953,"dvar":10072741,"dvar2":28092108,"max":21963.8671875,"mean":21137.0351562,"median":21576.2695312,"min":215.33203125,"var":8112638},"spectral_skewness":{"dmean":0.786244690418,"dmean2":1.22806096077,"dvar":0.485936254263,"dvar2":1.25829148293,"max":8.88760471344,"mean":4.77412700653,"median":4.74869966507,"min":-0.0492803379893,"var":1.62796401978},"spectral_spread":{"dmean":591406.875,"dmean2":943531,"dvar":338289786880,"dvar2":735114952704,"max":40314080,"mean":3292818.25,"median":3129298.5,"min":1436255.25,"var":1464081186820},"spectral_strongpeak":{"dmean":17.4163131714,"dmean2":31.9804134369,"dvar":872.09777832,"dvar2":2271.27758789,"max":213.431289673,"mean":14.5885601044,"median":1.13126170635,"min":0,"var":870.454162598},"zerocrossingrate":{"dmean":0.0423281788826,"dmean2":0.0553484745324,"dvar":0.00111647602171,"dvar2":0.00203119427897,"max":0.7197265625,"mean":0.395469069481,"median":0.3935546875,"min":0.08251953125,"var":0.00601263158023}},"metadata":{"audio_properties":{"analysis_sample_rate":44100,"bit_rate":320000,"codec":"mp3","downmix":"mix","equal_loudness":0,"length":224.157806396,"lossless":false,"md5_encoded":"2580600472796ce9ac97dd4ff6e2ffe8","replay_gain":-0.27823638916,"sample_rate":44100},"tags":{"album":["Sabotage"],"artist":["Black Sabbath"],"date":["1975-07-28"],"file_name":"06 - Black Sabbath - Supertzar.mp3","musicbrainz_albumid":["49841934-b0e5-4dd2-b876-a0db0544a983"],"musicbrainz_artistid":["5182c1d9-c7d2-4dad-afa0-ccfeada921a8"],"musicbrainz_recordingid":["7ee3d39f-7230-4e64-87d4-c7ca4500c996"],"title":["Supertzar"],"tracknumber":["06/8"]},"version":{"essentia":"2.1-beta1","essentia_build_sha":"ca57ba49d9b1854bd80e60cf9ccf267278fb7d6b","essentia_git_sha":"v2.1_beta1-28-g21ef5f4-dirty","extractor":"music 1.0"}},"rhythm":{"beats_count":512,"beats_loudness":{"dmean":0.0160626508296,"dmean2":0.026549262926,"dvar":0.000255189050222,"dvar2":0.00063118932303,"max":0.196215346456,"mean":0.0421131849289,"median":0.0360698215663,"min":1.02572599303e-8,"var":0.000840983586386},"beats_loudness_band_ratio":{"dmean":[0.0861171483994,0.100323915482,0.116577364504,0.0507958121598,0.00717073539272,0.116995878518],"dmean2":[0.146317705512,0.173685580492,0.20074403286,0.0873990133405,0.0126651944593,0.202174022794],"dvar":[0.00742923188955,0.0075998287648,0.00832474790514,0.00356534379534,0.0000728844897822,0.00792263448238],"dvar2":[0.0197860226035,0.0221788641065,0.024019472301,0.0106828799471,0.000211523481994,0.0235382225364],"max":[0.692207872868,0.617118477821,0.650413036346,0.587259531021,0.0859547257423,0.733142495155],"mean":[0.144017145038,0.188101097941,0.267367094755,0.0815754905343,0.00979403313249,0.354253351688],"median":[0.0969400778413,0.163037359715,0.248650640249,0.0648109018803,0.00755880679935,0.335792839527],"min":[0.00197105389088,0.0101200090721,0.0238880608231,0.00427290517837,0.000656797143165,0.0749819129705],"var":[