{"lowlevel":{"average_loudness":0.967269957066,"barkbands":{"dmean":[0.000821047986392,0.007837748155,0.00448045181111,0.00180232652929,0.00247775623575,0.000838204869069,0.000647831358947,0.000503886316437,0.000683988851961,0.00165818131063,0.000950770336203,0.000468464888399,0.000584852823522,0.000698234129231,0.000590571842622,0.000560666201636,0.000435785506852,0.000305098685203,0.000284255540464,0.00018064014148,0.000184815842658,0.000159710878506,0.000102051904832,0.0000854613317642,0.0000767212841311,0.0000196888686332,0.00000279242067336],"dmean2":[0.00120156363118,0.0123760560527,0.00779355550185,0.00318472227082,0.00434899842367,0.00142555357888,0.00114195537753,0.000842629815452,0.00109464314301,0.00254659145139,0.00141983735375,0.000726141734049,0.000943792576436,0.00112911325414,0.000954748888034,0.000941215024795,0.000725646677893,0.000507008691784,0.000485572323669,0.00030215489096,0.000310738076223,0.000268868490821,0.00016890335246,0.00013662200945,0.000114015201689,0.000028839944207,0.00000392502488467],"dvar":[0.00000225467397286,0.000176202782313,0.0000584509507462,0.00000819504384708,0.0000298256527458,0.00000286353838419,0.00000263610127149,0.00000101754869775,0.00000260862839241,0.0000156528640218,0.00000716933300282,0.0000017300858417,0.00000138819621043,0.00000184830321359,0.00000127999101096,7.24390019968e-7,3.55909349992e-7,1.66062932294e-7,1.48364449615e-7,6.17645241618e-8,7.86727056834e-8,8.8371074014e-8,6.78963587575e-8,6.48729638897e-8,1.10578206147e-7,2.93183766154e-9,3.99426360043e-11],"dvar2":[0.000004675765922,0.000376302516088,0.000167506106663,0.0000225610183406,0.0000836106555653,0.00000760860484661,0.00000728829218133,0.00000251738561019,0.00000628316911389,0.0000371267051378,0.0000151467138494,0.00000407079915021,0.00000332739114128,0.00000451613504993,0.00000301653426504,0.00000187875355095,8.9720157348e-7,4.14464210508e-7,4.08059975143e-7,1.60079707712e-7,2.05529119057e-7,2.20041556531e-7,1.49184856468e-7,1.33303231564e-7,2.01728894922e-7,5.36614530589e-9,8.65077315337e-11],"max":[0.0144736906514,0.111694663763,0.0838758200407,0.0417647212744,0.0466781705618,0.0312702134252,0.0312360562384,0.0166099369526,0.0379686504602,0.0532213002443,0.0521915405989,0.0322113186121,0.0294728912413,0.0256634019315,0.0267995428294,0.0140607748181,0.0113046318293,0.00811275560409,0.00632636202499,0.00662173517048,0.00568158086389,0.00895487703383,0.00687606399879,0.00896475836635,0.00863257236779,0.00172829593066,0.000158991882927],"mean":[0.000997636700049,0.0110718077049,0.00776988454163,0.0023416003678,0.00283059361391,0.00117786158808,0.00073637109017,0.000707299623173,0.00115051947068,0.00310986442491,0.00182689959183,0.000862647139002,0.000930248817895,0.00118308607489,0.00100730999839,0.000999732525088,0.000895147968549,0.000634890573565,0.000594467215706,0.00039642903721,0.000379892328056,0.000303556793369,0.000186528835911,0.000159721632372,0.000137754133902,0.0000333214920829,0.00000430544469054],"median":[0.000163850563695,0.0051313880831,0.00664812419564,0.00168864720035,0.00124710716773,0.000603306456469,0.000345522828866,0.00034952769056,0.000440955773229,0.000285896123387,0.000227852680837,0.000266573100816,0.000356051401468,0.000518133223522,0.000631346716546,0.000699447002262,0.000701683457009,0.000505471136421,0.000468378479127,0.00035053899046,0.000319349812344,0.000225944211707,0.000121763026982,0.000086579399067,0.0000480667295051,0.0000109676557258,0.00000100558054328],"min":[7.30190657294e-25,2.52550584477e-24,1.82969325269e-24,8.03511432738e-25,7.53905058561e-24,8.04114793001e-24,8.32420305572e-24,7.24479757935e-24,1.82665381106e-23,2.17799021237e-23,1.89088712581e-23,1.48428707379e-23,2.59256833027e-23,3.00130398654e-23,5.56751647396e-23,5.95485664476e-23,7.01435363845e-23,9.47733452565e-23,1.32374457102e-22,1.34289659918e-22,2.19265592546e-22,2.28781148329e-22,3.74320911389e-22,5.66701266004e-22,8.17329872927e-22,1.30606416603e-21,1.98015911289e-21],"var":[0.00000329711178892,0.000252881785855,0.0000564004803891,0.00000757960606279,0.0000240631397901,0.00000348777712134,0.00000205196033676,0.00000138818199957,0.00000471938619739,0.0000483344156237,0.0000260686974798,0.00000518785509485,0.00000286147565021,0.0000037513721054,0.0000021830762762,0.00000132656066398,8.65085496571e-7,4.18261322466e-7,3.16960722557e-7,1.12612681846e-7,1.32674074393e-7,1.37866166483e-7,1.11943499803e-7,1.63618651072e-7,2.89917153395e-7,7.64527552377e-9,7.73826627776e-11]},"barkbands_crest":{"dmean":2.86314916611,"dmean2":4.57471656799,"dvar":7.05007457733,"dvar2":16.3807945251,"max":25.0406894684,"mean":10.1334533691,"median":9.33275508881,"min":2.30789113045,"var":16.2026195526},"barkbands_flatness_db":{"dmean":0.0222934093326,"dmean2":0.0345473848283,"dvar":0.000606092740782,"dvar2":0.00131028017495,"max":0.362026423216,"mean":0.116800114512,"median":0.105568498373,"min":0.0156423132867,"var":0.00227992096916},"barkbands_kurtosis":{"dmean":2.97429299355,"dmean2":4.73282146454,"dvar":62.0913963318,"dvar2":136.653610229,"max":201.183151245,"mean":3.74883246422,"median":0.244103431702,"min":-1.89470553398,"var":147.91960144},"barkbands_skewness":{"dmean":0.573056876659,"dmean2":0.889098346233,"dvar":0.495142877102,"dvar2":1.02452266216,"max":12.7408866882,"mean":1.340102911,"median":1.04462766647,"min":-5.33926677704,"var":2.09271216393},"barkbands_spread":{"dmean":6.50540113449,"dmean2":10.2272977829,"dvar":54.4334945679,"dvar2":120.523986816,"max":113.381752014,"mean":28.9653873444,"median":28.2026405334,"min":0.826207280159,"var":188.415420532},"dissonance":{"dmean":0.0149253634736,"dmean2":0.0251699797809,"dvar":0.000342416140484,"dvar2":0.000933229690418,"max":0.500000178814,"mean":0.473510622978,"median":0.483094334602,"min":0.247273683548,"var":0.000801311456598},"dynamic_complexity":2.67699313164,"erbbands":{"dmean":[0.295306950808,1.84368860722,5.05531358719,5.29936122894,7.82524728775,8.16073036194,7.94271707535,6.51358175278,6.98733377457,11.711274147,11.3228588104,12.8089904785,34.0606575012,51.7167205811,28.5804443359,18.142786026,22.2839775085,31.8549289703,30.1208209991,30.4080696106,28.7793178558,21.1374092102,15.0770721436,15.6247596741,11.8174238205,8.66594696045,7.53809309006,7.50611543655,5.89870595932,4.168841362,2.76653885841,1.91345453262,1.40690016747,1.12912237644,0.407712310553,0.128996282816,0.0288185849786,0.00467503676191,0.000483541138237,0.0000295449099212],"dmean2":[0.442243099213,3.13226652145,8.89202308655,9.34810638428,13.9504756927,14.3250341415,13.5262069702,11.2303915024,12.3915243149,20.3632621765,18.609621048,20.7377471924,51.5722198486,77.1506881714,42.5949935913,27.5645370483,36.0292663574,51.1095848083,48.2719917297,49.9413299561,48.1624641418,34.919303894,24.9088096619,26.3039913177,20.2812080383,14.4615087509,12.9228439331,12.6176776886,9.99216938019,6.82856655121,4.62890338898,3.11568069458,2.2354850769,1.69206547737,0.618961513042,0.192738249898,0.0414400398731,0.00664622522891,0.000677563657518,0.0000443110111519],"dvar":[0.276936590672,11.483423233,80.255569458,75.8915786743,299.021820068,321.68560791,264.871795654,215.234130859,314.322174072,726.404174805,547.169189453,1028.82458496,6659.04296875,16667.6640625,6152.20410156,2296.69238281,2174.12255859,4460.81054688,3502.50219727,3045.08349609,1913.8659668,847.004943848,434.995391846,482.660736084,250.59147644,146.473648071,127.553886414,138.475601196,115.463630676,101.542434692,49.9762229919,29.6202831268,21.2424106598,28.0719184875,2.37569022179,0.137957111001,0.0064229182899,0.000114566013508,0.00000116094702207,2.08097383769e-9],"dvar2":[0.494753628969,30.1726646423,228.793716431,214.452713013,839.889892578,901.498718262,696.524780273,578.524841309,867.429443359,1995.69189453,1285.04638672,2495.96630859,14888.5146484,38961.03125,12946.8886719,5122.60058594,5212.96435547,10840.4384766,8219.79199219,7382.8046875,4994.48242188,2100.33837891,1082.46655273,1314.04370117,689.815734863,386.483642578,343.673858643,355.197052002,298.413452148,228.993835449,111.774421692,63.4866333008,42.4914054871,52.2865943909,4.43086528778,0.254853725433,0.0122971376404,0.000245361792622,0.00000245959154199,4.52551374153e-9],"max":[5.0264339447,28.2712001801,102.604316711,100.563232422,178.78276062,187.639694214,248.188873291,355.065124512,315.875061035,435.12713623,453.809265137,1079.29333496,1636.83813477,2691.52954102,1901.6619873,1322.46142578,1240.47412109,1432.30517578,1029.19421387,1436.0098877,1039.13916016,598.771606445,411.984680176,374.856689453,261.039428711,313.694732666,247.416976929,254.696716309,301.310333252,336.569946289,194.621032715,263.055664062,116.836639404,141.408920288,54.9789428711,11.3340196609,2.28589868546,0.228672787547,0.0276670493186,0.00093990919413],"mean":[0.35601657629,2.35965871811,8.39988327026,9.02038097382,8.05656814575,9.29184532166,10.8646192551,8.8197221756,8.329413414,14.6273498535,17.211139679,22.6919002533,64.8496551514,101.393806458,65.3295822144,36.146572113,40.4036064148,59.602897644,56.7482795715,55.5023994446,58.3689308167,47.7201156616,33.8428878784,35.1768989563,25.3907604218,19.2139587402,15.413318634,15.1439247131,11.2071237564,7.92337226868,4.91303443909,3.48369956017,2.61601686478,1.99408650398,0.707177400589,0.215092167258,0.0489519499242,0.00757892010733,0.000782933610026,0.0000819066553959],"median":[0.085408911109,1.33543086052,7.01302909851,7.39458370209,3.66911578178,3.89303874969,4.29116439819,4.68210220337,4.30510425568,7.3464050293,9.21313667297,11.2448635101,12.8777608871,13.0895147324,13.1401023865,13.5302200317,17.9933986664,27.3381538391,31.6831741333,37.3650970459,43.7880363464,38.973361969,27.9406471252,27.5429973602,21.7458267212,17.0048446655,13.2627334595,12.5514335632,8.57515335083,5.33560466766,3.10504293442,2.0011613369,1.31873929501,0.66535794735,0.264042526484,0.0764572024345,0.0155374202877,0.00209754984826,0.000207514269277,0.000063547064201],"min":[1.22017748402e-22,4.3498153821e-22,2.22444073429e-21,3.77735782962e-21,9.26889480578e-21,2.54480015189e-20,4.51831964594e-20,6.72769256644e-20,1.32528098933e-19,2.15591572718e-19,2.27955932472e-19,4.7853985589e-19,6.46833525525e-19,6.79970691057e-19,8.57955660448e-19,8.35910469943e-19,1.90217212892e-18,1.94036243741e-18,2.43089873863e-18,3.03526915421e-18,2.4779816523e-18,4.70955323116e-18,4.68214129284e-18,6.97829913393e-18,8.26381142491e-18,6.81680576781e-18,9.9715439975e-18,8.97616365201e-18,7.95171287107e-18,1.27781049502e-17,1.1939540678e-17,1.05625389026e-17,1.05853467536e-17,7.26873134598e-18,6.6336803879e-18,4.47842159722e-18,2.311171376e-18,9.03963652913e-19,2.29270606809e-19,2.7422740135e-20],"var":[0.416044294834,11.1995687485,71.5793914795,74.6046905518,229.620956421,265.820220947,378.427703857,220.594787598,241.390884399,642.603088379,824.459411621,1578.19946289,18151.6660156,49571.171875,28948.3378906,6637.82519531,4420.98339844,10013.0380859,7047.07617188,5303.18994141,3942.32373047,2201.43261719,1154.36035156,1171.66870117,462.25869751,264.336547852,208.252868652,216.86907959,163.994674683,181.939086914,77.3367233276,63.1231613159,54.8052787781,70.9622268677,6.00713586807,0.351234197617,0.0161629561335,0.000233814091189,0.00000234001095123,4.61644855676e-9]},"erbbands_crest":{"dmean":2.63172388077,"dmean2":4.23344039917,"dvar":6.88290834427,"dvar2":16.5160961151,"max":31.8427524567,"mean":9.39017868042,"median":7.9350528717,"min":2.22175383568,"var":26.3500041962},"erbbands_flatness_db":{"dmean":0.0158715434372,"dmean2":0.0237472578883,"dvar":0.000272814620985,"dvar2":0.000546564988326,"max":0.383903384209,"mean":0.143067270517,"median":0.137620002031,"min":0.0354394391179,"var":0.0015993018169},"erbbands_kurtosis":{"dmean":0.98712426424,"dmean2":1.54468858242,"dvar":1.8927885294,"dvar2":4.02968406677,"max":33.534412384,"mean":0.919868767262,"median":0.346016049385,"min":-1.85739457607,"var":5.89204549789},"erbbands_skewness":{"dmean":0.345649689436,"dmean2":0.533823788166,"dvar":0.123603716493,"dvar2":0.267082720995,"max":5.02748966217,"mean":-0.0955606997013,"median":-0.232784181833,"min":-4.51569461823,"var":0.741975843906},"erbbands_spread":{"dmean":8.35377216339,"dmean2":13.2483663559,"dvar":91.6223144531,"dvar2":214.389068604,"max":174.249008179,"mean":38.2423858643,"median":35.6743545532,"min":3.34675884247,"var":407.34854126},"gfcc":{"cov":[[21573.5097656,1059.85681152,-2575.38647461,666.42401123,-795.666442871,393.890686035,-465.404541016,203.7890625,-215.083892822,44.465511322,-282.271820068,-22.2971477509,-17.8820571899],[1059.85681152,805.672668457,-318.449279785,72.7609710693,60.354385376,-42.3743629456,55.6979751587,-16.3900051117,37.9507369995,-51.8441390991,34.6713752747,-52.8733100891,36.5280380249],[-2575.38647461,-318.449279785,936.200805664,34.4513244629,189.500228882,-55.4143028259,-36.8220939636,-7.65870332718,32.4436950684,44.4254074097,2.21069645882,27.5018806458,-65.0165100098],[666.42401123,72.7609710693,34.4513244629,319.844055176,58.2645149231,-63.8805961609,-80.2643966675,42.737487793,53.7386207581,16.6606349945,-13.0389947891,-25.959810257,-16.8968830109],[-795.666442871,60.354385376,189.500228882,58.2645149231,272.626251221,24.589225769,79.4710540771,25.3896083832,52.0942687988,14.057015419,8.79266643524,-8.30006790161,-5.94579076767],[393.890686035,-42.3743629456,-55.4143028259,-63.8805961609,24.589225769,277.813446045,140.35836792,20.3979206085,-34.0704612732,-21.2118301392,5.45907068253,4.4819316864,30.7909145355],[-465.404541016,55.6979751587,-36.8220939636,-80.2643966675,79.4710540771,140.35836792,208.482345581,27.0418071747,0.851339161396,-20.3577728271,29.6257095337,12.4491996765,31.1549777985],[203.7890625,-16.3900051117,-7.65870332718,42.737487793,25.3896083832,20.3979206085,27.0418071747,101.413291931,55.0495605469,13.9503231049,-7.66195869446,-5.63855552673,4.10409450531],[-215.083892822,37.9507369995,32.4436950684,53.7386207581,52.0942687988,-34.0704612732,0.851339161396,55.0495605469,111.605667114,34.7133102417,-8.58565330505,-21.2918872833,1.77132070065],[44.465511322,-51.8441390991,44.4254074097,16.6606349945,14.057015419,-21.2118301392,-20.3577728271,13.9503231049,34.7133102417,70.4451522827,15.3579959869,-0.615611493587,-17.0478096008],[-282.271820068,34.6713752747,2.21069645882,-13.0389947891,8.79266643524,5.45907068253,29.6257095337,-7.66195869446,-8.58565330505,15.3579959869,77.8129348755,31.5222396851,10.4342050552],[-22.2971477509,-52.8733100891,27.5018806458,-25.959810257,-8.30006790161,4.4819316864,12.4491996765,-5.63855552673,-21.2918872833,-0.615611493587,31.5222396851,79.2541351318,30.5236244202],[-17.8820571899,36.5280380249,-65.0165100098,-16.8968830109,-5.94579076767,30.7909145355,31.1549777985,4.10409450531,1.77132070065,-17.0478096008,10.4342050552,30.5236244202,78.3276748657]],"icov":[[0.000198559006094,-0.000419763964601,0.000448087404948,-0.000382030091714,0.000223394657951,-0.000713021727279,0.000657596974634,-0.000622717139777,0.00076345418347,-0.00107103015762,0.00120598054491,-0.00111061602365,0.000620705483016],[-0.000419763964601,0.00303242704831,-0.000167279300513,0.000361926300684,-0.00120032439008,0.00220379745588,-0.00187250552699,0.00241051753983,-0.00278051570058,0.00431148102507,-0.00443236809224,0.00408125901595,-0.00190844899043],[0.000448087404948,-0.000167279300513,0.00279051507823,-0.000810356403235,-0.00100184674375,-0.00144706643187,0.00196313927881,-0.000735652574804,0.000968266744167,-0.00188116205391,0.00234263157472,-0.00329577806406,0.00261323107406],[-0.000382030091714,0.000361926300684,-0.000810356403235,0.0052849361673,-0.00186496181414,0.00110352865886,0.00169805297628,-0.000965348503087,-0.00200712820515,0.00255023362115,-0.00287566334009,0.00256437435746,-0.00100456667133],[0.000223394657951,-0.00120032439008,-0.00100184674375,-0.00186496181414,0.00670696562156,-0.000736004672945,-0.00272310269065,0.00000602938007432,-0.000733215769287,-0.00216497643851,0.00211993558332,-0.0012785049621,0.00101932021789],[-0.000713021727279,0.00220379745588,-0.00144706643187,0.00110352865886,-0.000736004672945,0.00914299208671,-0.00693744188175,0.000983933219686,0.00046597677283,0.0029732263647,-0.00351111381315,0.00589543394744,-0.00428890483454],[0.000657596974634,-0.00187250552699,0.00196313927881,0.00169805297628,-0.00272310269065,-0.00693744188175,0.0140630118549,-0.00477648107335,0.00119091628585,-0.0001754497207,-0.0000441124793724,-0.00393873546273,0.00167195207905],[-0.000622717139777,0.00241051753983,-0.000735652574804,-0.000965348503087,0.00000602938007432,0.000983933219686,-0.00477648107335,0.0183771066368,-0.0111908465624,0.00404207315296,-0.0025340821594,0.00168522063177,-0.000720885582268],[0.00076345418347,-0.00278051570058,0.000968266744167,-0.00200712820515,-0.000733215769287,0.00046597677283,0.00119091628585,-0.0111908465624,0.0229673981667,-0.0134816626087,0.00753396283835,0.000476435321616,-0.00292735523544],[-0.00107103015762,0.00431148102507,-0.00188116205391,0.00255023362115,-0.00216497643851,0.0029732263647,-0.0001754497207,0.00404207315296,-0.0134816626087,0.0294012371451,-0.0146835427731,0.00578993093222,0.00166208075825],[0.00120598054491,-0.00443236809224,0.00234263157472,-0.00287566334009,0.00211993558332,-0.00351111381315,-0.0000441124793724,-0.0025340821594,0.00753396283835,-0.0146835427731,0.0275877155364,-0.0147540858015,0.00406632293016],[-0.00111061602365,0.00408125901595,-0.00329577806406,0.00256437435746,-0.0012785049621,0.00589543394744,-0.00393873546273,0.00168522063177,0.000476435321616,0.00578993093222,-0.0147540858015,0.0283766258508,-0.0131188845262],[0.000620705483016,-0.00190844899043,0.00261323107406,-0.00100456667133,0.00101932021789,-0.00428890483454,0.00167195207905,-0.000720885582268,-0.00292735523544,0.00166208075825,0.00406632293016,-0.0131188845262,0.0218857079744]],"mean":[23.0402755737,77.4865264893,-119.096916199,47.1167030334,-43.14270401,23.9928226471,-30.4354381561,11.5591506958,-20.1011714935,0.294222742319,-20.1258506775,-2.94610190392,-9.67035675049]},"hfc":{"dmean":8.58111000061,"dmean2":13.8599052429,"dvar":136.325500488,"dvar2":323.142608643,"max":188.360122681,"mean":33.1000022888,"median":32.1091346741,"min":1.08546385453e-16,"var":424.254882812},"melbands":{"dmean":[0.00221419101581,0.00246570957825,0.000943497871049,0.000578948005568,0.000290433818009,0.000146930236951,0.000114795897389,0.000121962220874,0.0000923896950553,0.0000895067350939,0.000187859506696,0.00022654645727,0.000116905612231,0.0000600186285737,0.0000430114341725,0.0000648041677778,0.0000618120175204,0.0000539185020898,0.000042318533815,0.0000390171444451,0.0000386492538382,0.0000266707520495,0.000016683832655,0.0000155415527843,0.0000138291024996,0.0000109026059363,0.00000734033983463,0.00000585863563174,0.00000522561731486,0.00000475749948237,0.0000046691056923,0.00000377002061214,0.0000028036618005,0.0000022910721782,0.00000180210849976,0.00000124835378301,0.00000122792221191,0.00000109096902179,9.10564438072e-7,0.00000102854608031],"dmean2":[0.00336643424816,0.00429001171142,0.00166578649078,0.00102474703453,0.000497208093293,0.000252161466051,0.000203237286769,0.000210513899219,0.00015084289771,0.000144068020745,0.000284150417428,0.000340262369718,0.00017412447778,0.0000923116094782,0.0000669560104143,0.000104724909761,0.0000987632593024,0.0000868711431394,0.0000693223046255,0.0000643866660539,0.0000645094478386,0.0000444227116532,0.0000277004037343,0.0000259140160779,0.0000233683567785,0.0000187730274774,0.0000124287444123,0.00000977649688139,0.00000898948201211,0.00000803012972028,0.0000079021028796,0.00000644716101306,0.00000467174049845,0.00000375486865778,0.00000304632453663,0.00000207901393878,0.00000200931276595,0.00000177042602445,0.00000139483302064,0.00000155868860929],"dvar":[0.0000143240131365,0.0000193554533325,0.00000223081997319,0.00000178853019861,3.28851371023e-7,1.01081035098e-7,8.34053679455e-8,7.2296415965e-8,3.93501160545e-8,4.67379841496e-8,1.94375630258e-7,3.13461697488e-7,1.05797326455e-7,3.00947462506e-8,1.22670149594e-8,1.52595305281e-8,1.7388234852e-8,1.16688534391e-8,7.01761448951e-9,4.19783496852e-9,3.66971142363e-9,1.43297795852e-9,5.94802651577e-10,5.11532483038e-10,4.12644945991e-10,2.3046280162e-10,1.09807211934e-10,6.55187293308e-11,5.96382040974e-11,5.36896395398e-11,5.4585988507e-11,4.54649304316e-11,3.39468002319e-11,3.36953555335e-11,2.19766704834e-11,1.02522929382e-11,1.28054277251e-11,1.23897498164e-11,1.24257236445e-11,2.59168797534e-11],"dvar2":[0.0000258645868598,0.0000541552726645,0.0000062393683038,0.00000503413048136,8.84944029167e-7,2.71401603413e-7,2.30321205663e-7,1.9764291892e-7,9.24313070527e-8,1.12608546488e-7,4.35029704704e-7,7.40322548154e-7,2.26616890586e-7,7.27825621993e-8,2.72535238821e-8,3.73373438833e-8,4.18485193165e-8,2.79977463435e-8,1.67620299862e-8,1.02313109096e-8,9.46687883641e-9,3.59600993427e-9,1.49099055324e-9,1.3031399293e-9,1.12530629259e-9,6.38904540384e-10,2.85293538793e-10,1.73001224457e-10,1.6265166991e-10,1.38055664123e-10,1.40116820924e-10,1.19937046406e-10,8.22292581248e-11,7.54535600667e-11,5.0765600057e-11,2.20371498827e-11,2.79833985845e-11,2.71103521576e-11,2.32672804634e-11,4.96226081059e-11],"max":[0.0319157205522,0.0503623448312,0.0158330854028,0.0122814103961,0.00810138136148,0.00739684095606,0.00520545477048,0.00407765759155,0.00339211639948,0.00597632210702,0.00820209365338,0.0106434775516,0.00781889166683,0.00480918819085,0.00308224163018,0.00353023502976,0.00279128551483,0.00183747732081,0.00267274235375,0.00145514693577,0.00160689337645,0.000835414568428,0.000443081225967,0.000642679107841,0.000364310137229,0.000274477322819,0.00029859872302,0.000161180592841,0.000155510715558,0.000169222053955,0.000165796416695,0.000188483740203,0.000167675723787,0.000181747498573,0.0001354811684,0.00012629997218,0.000162700060173,0.0000921523023862,0.000101746118162,0.000147732193],"mean":[0.00307984696701,0.00403340579942,0.001569810207,0.000610540620983,0.00039462649147,0.00020054068591,0.000137274415465,0.000157220667461,0.000137953626108,0.000154751207447,0.00034690508619,0.000436595786596,0.000247599673457,0.000110729692096,0.0000723901684978,0.000108651023766,0.00010698720871,0.0000933521441766,0.000072118229582,0.0000673282847856,0.0000714027555659,0.0000538879248779,0.0000320803301292,0.0000309800125251,0.0000284704547084,0.0000208947985811,0.0000149951192725,0.0000119415799418,0.00000967674168351,0.00000891347735887,0.00000876339436218,0.00000666014466333,0.00000504273566548,0.0000041038551899,0.00000297217457046,0.00000216808803088,0.00000211307110476,0.00000191486969925,0.0000016020781004,0.0000017313278704],"median":[0.00111186783761,0.00326704932377,0.00127825292293,0.0002585737966,0.000171804276761,0.000107519910671,0.0000720880343579,0.0000822010697448,0.0000713702684152,0.0000611841096543,0.0000566267408431,0.0000449538420071,0.0000355125084752,0.0000308264861815,0.0000304335608234,0.0000412996450905,0.0000471090315841,0.0000442319978902,0.0000469119986519,0.000044671651267,0.0000511273537995,0.0000421029653808,0.0000232242346101,0.0000239630971919,0.0000208336077776,0.0000164228622452,0.000012551283362,0.000010236867638,0.00000802859449323,0.00000704120702721,0.0000070999340096,0.00000507006279804,0.00000339075768352,0.00000262757566816,0.00000180984579856,0.0000012993780274,0.00000114684803521,9.67001597019e-7,6.61170133753e-7,5.09423784933e-7],"min":[1.78805145487e-24,1.15649966934e-24,9.7587044078e-25,1.56025426063e-24,1.14523483422e-24,1.67786257476e-24,1.87724204096e-24,2.20959091527e-24,1.78529852752e-24,2.56695969648e-24,3.0621758072e-24,1.70785092486e-24,2.2594938617e-24,1.92796185286e-24,2.64954002262e-24,3.39166762452e-24,2.64543991806e-24,3.02749748181e-24,3.80426514935e-24,3.51662792507e-24,1.97420547077e-24,3.91434477222e-24,4.44889033223e-24,4.33631199245e-24,4.75400871416e-24,4.72566296969e-24,3.68897746679e-24,4.1349994226e-24,5.59105837107e-24,5.17131100543e-24,4.52124149901e-24,4.26121243427e-24,5.00955349909e-24,6.31433140848e-24,6.62300400322e-24,5.64389154134e-24,5.76908100598e-24,6.17702149046e-24,4.62613199484e-24,5.56223615461e-24],"var":[0.0000232117417909,0.0000175277455128,0.00000220281026486,0.00000135167363169,4.18732525986e-7,1.06508998954e-7,6.43296971248e-8,6.63598385131e-8,5.62672504145e-8,8.33459594674e-8,5.54133919195e-7,9.58872192314e-7,4.79788695884e-7,9.3338499596e-8,2.37454553798e-8,3.56854634731e-8,3.65301033867e-8,2.37291271077e-8,1.07101243429e-8,7.46575157251e-9,6.91985624357e-9,3.12113446199e-9,1.44521672407e-9,1.11070552755e-9,9.32998345249e-10,4.0273856472e-10,1.85412796228e-10,1.12278068787e-10,8.91648838097e-11,9.19233439367e-11,7.94483784317e-11,5.91389437421e-11,5.52955979616e-11,5.91667756455e-11,3.03786336364e-11,1.87172083388e-11,2.72600535894e-11,2.79846909534e-11,3.23015988957e-11,6.23830431756e-11]},"melbands_crest":{"dmean":3.67672252655,"dmean2":5.85858440399,"dvar":11.1739292145,"dvar2":24.7128639221,"max":35.5923461914,"mean":16.2488594055,"median":15.780632019,"min":1.56720924377,"var":31.3189735413},"melbands_flatness_db":{"dmean":0.0285577811301,"dmean2":0.0440727733076,"dvar":0.00102876068559,"dvar2":0.0021534699481,"max":0.506949007511,"mean":0.183375060558,"median":0.16934210062,"min":0.00213690777309,"var":0.00435859849676},"melbands_kurtosis":{"dmean":8.98729228973,"dmean2":14.4718790054,"dvar":521.49987793,"dvar2":1152.85388184,"max":709.237915039,"mean":16.0022716522,"median":5.9197511673,"min":-1.798183918,"var":1220.68347168},"melbands_skewness":{"dmean":0.86165946722,"dmean2":1.34454023838,"dvar":1.12274217606,"dvar2":2.35212302208,"max":22.5877761841,"mean":2.79947018623,"median":2.42797589302,"min":-2.96908259392,"var":4.90668201447},"melbands_spread":{"dmean":8.55502128601,"dmean2":13.6330680847,"dvar":151.444671631,"dvar2":325.763031006,"max":273.766174316,"mean":30.0729694366,"median":28.9542732239,"min":0.587974011898,"var":449.754455566},"mfcc":{"cov":[[10266.6503906,343.799285889,-719.576782227,148.897399902,-112.616844177,62.3613815308,-102.224159241,48.7897605896,133.18711853,73.7309417725,-45.2046318054,-18.7559585571,-91.3938827515],[343.799285889,714.207214355,-121.869064331,92.4331436157,28.3717460632,39.4467773438,38.499584198,31.7912788391,5.44290971756,26.1876220703,11.2272386551,-11.2900409698,-3.34821343422],[-719.576782227,-121.869064331,451.916442871,49.1066055298,104.539031982,6.20694303513,-19.0097408295,-16.6920185089,-29.2202110291,-9.03518867493,18.3591747284,-0.804580450058,11.8789663315],[148.897399902,92.4331436157,49.1066055298,355.387634277,144.214935303,-59.981262207,-92.7054443359,-27.6885490417,10.9869499207,31.2842845917,10.5428791046,39.9977340698,26.3420276642],[-112.616844177,28.3717460632,104.539031982,144.214935303,194.936279297,20.6182289124,-17.4232006073,2.42457604408,32.1102867126,36.155254364,20.0118579865,17.4121570587,14.8025979996],[62.3613815308,39.4467773438,6.20694303513,-59.981262207,20.6182289124,152.438796997,103.146652222,44.6718673706,24.1474266052,5.48950338364,6.49416828156,-9.3952255249,-0.642260491848],[-102.224159241,38.499584198,-19.0097408295,-92.7054443359,-17.4232006073,103.146652222,176.667526245,76.9882659912,11.7618103027,-1.49248790741,2.94153213501,-2.15254878998,7.74859666824],[48.7897605896,31.7912788391,-16.6920185089,-27.6885490417,2.42457604408,44.6718673706,76.9882659912,106.025917053,48.4425468445,7.97528505325,1.49890506268,0.47278007865,5.05092668533],[133.18711853,5.44290971756,-29.2202110291,10.9869499207,32.1102867126,24.1474266052,11.7618103027,48.4425468445,108.331962585,48.2353744507,11.1942033768,0.755102157593,-7.35771846771],[73.7309417725,26.1876220703,-9.03518867493,31.2842845917,36.155254364,5.48950338364,-1.49248790741,7.97528505325,48.2353744507,97.5394897461,38.8328590393,4.00031518936,-11.0296592712],[-45.2046318054,11.2272386551,18.3591747284,10.5428791046,20.0118579865,6.49416828156,2.94153213501,1.49890506268,11.1942033768,38.8328590393,68.3209457397,21.4937515259,-4.70473718643],[-18.7559585571,-11.2900409698,-0.804580450058,39.9977340698,17.4121570587,-9.3952255249,-2.15254878998,0.47278007865,0.755102157593,4.00031518936,21.4937515259,65.2024002075,31.2923851013],[-91.3938827515,-3.34821343422,11.8789663315,26.3420276642,14.8025979996,-0.642260491848,7.74859666824,5.05092668533,-7.35771846771,-11.0296592712,-4.70473718643,31.2923851013,76.4976730347]],"icov":[[0.000118541160191,-0.0000120447930385,0.000173416614416,-0.0000986420782283,0.000092471796961,-0.000219655135879,0.000217734574107,-0.000114018410386,-0.0000118367233881,-0.0000644534957246,0.0000965097788139,-0.0000421568729507,0.000126620114315],[-0.0000120447930385,0.00169102696236,0.000574058212806,-0.000749620143324,-0.0000679857330397,-0.000439539784566,-0.000251952005783,-0.000529166311026,0.000695062219165,-0.00025071494747,-0.000505711708684,0.000917736790143,-0.0000772719649831],[0.000173416614416,0.000574058212806,0.00324253947474,-0.0000426311635238,-0.0018613403663,-0.000471303123049,0.000606979825534,-0.000586648937315,0.00135385629255,0.000518391956575,-0.00115359562915,0.00112040631939,-0.000247359857894],[-0.0000986420782283,-0.000749620143324,-0.0000426311635238,0.00572899682447,-0.0039705936797,0.00160564936232,0.00186208030209,-0.000365470652469,0.000589514442254,-0.000874297926202,0.00126171100419,-0.00245206966065,-0.000488210178446],[0.000092471796961,-0.0000679857330397,-0.0018613403663,-0.0039705936797,0.0102104134858,-0.00293815438636,0.000475401087897,0.000465006567538,-0.00221283105202,-0.0014245477505,-0.000392405723687,-0.000129470136017,-0.000704864563886],[-0.000219655135879,-0.000439539784566,-0.000471303123049,0.00160564936232,-0.00293815438636,0.0129748964682,-0.00766342785209,0.00182476139162,-0.00256509007886,0.00149158807471,-0.00126623513643,0.00173158687539,-0.000246006267844],[0.000217734574107,-0.000251952005783,0.000606979825534,0.00186208030209,0.000475401087897,-0.00766342785209,0.0149959204718,-0.00894466415048,0.00438641989604,-0.0018765575951,0.000675401359331,-0.00159756990615,-0.000724691606592],[-0.000114018410386,-0.000529166311026,-0.000586648937315,-0.000365470652469,0.000465006567538,0.00182476139162,-0.00894466415048,0.0193786658347,-0.00960030406713,0.00311226700433,-0.000516947417054,0.000393978029024,-0.00105818873271],[-0.0000118367233881,0.000695062219165,0.00135385629255,0.000589514442254,-0.00221283105202,-0.00256509007886,0.00438641989604,-0.00960030406713,0.0180106721818,-0.00808630418032,0.0023502628319,-0.000891272909939,0.00127480633091],[-0.0000644534957246,-0.00025071494747,0.000518391956575,-0.000874297926202,-0.0014245477505,0.00149158807471,-0.0018765575951,0.00311226700433,-0.00808630418032,0.0187541749328,-0.00995378848165,0.00297464593314,0.000502632872667],[0.0000965097788139,-0.000505711708684,-0.00115359562915,0.00126171100419,-0.000392405723687,-0.00126623513643,0.000675401359331,-0.000516947417054,0.0023502628319,-0.00995378848165,0.0239233318716,-0.0102843493223,0.00433801673353],[-0.0000421568729507,0.000917736790143,0.00112040631939,-0.00245206966065,-0.000129470136017,0.00173158687539,-0.00159756990615,0.000393978029024,-0.000891272909939,0.00297464593314,-0.0102843493223,0.0251169893891,-0.00972818303853],[0.000126620114315,-0.0000772719649831,-0.000247359857894,-0.000488210178446,-0.000704864563886,-0.000246006267844,-0.000724691606592,-0.00105818873271,0.00127480633091,0.000502632872667,0.00433801673353,-0.00972818303853,0.0181456394494]],"mean":[-608.970031738,101.303878784,-7.15768384933,29.8976325989,13.0929584503,15.4444971085,4.82134532928,9.7311964035,7.96187114716,4.75592851639,1.04827511311,-2.00405216217,-2.61645460129]},"pitch_salience":{"dmean":0.0788855552673,"dmean2":0.128555327654,"dvar":0.00596135342494,"dvar2":0.0138468584046,"max":0.88059014082,"mean":0.51628357172,"median":0.512631773949,"min":0.0799712315202,"var":0.0132790990174},"silence_rate_20dB":{"dmean":0,"dmean2":0,"dvar":0,"dvar2":0,"max":1,"mean":1,"median":1,"min":1,"var":0},"silence_rate_30dB":{"dmean":0.00467438669875,"dmean2":0.00934976618737,"dvar":0.00465315906331,"dvar2":0.0137234451249,"max":1,"mean":0.997556805611,"median":1,"min":0,"var":0.00243703043088},"silence_rate_60dB":{"dmean":0.0101986611262,"dmean2":0.0203994903713,"dvar":0.0100963748991,"dvar2":0.0225311405957,"max":1,"mean":0.0486509464681,"median":0,"min":0,"var":0.0462822206318},"spectral_centroid":{"dmean":266.498931885,"dmean2":426.433288574,"dvar":111268.164062,"dvar2":244292.265625,"max":11720.2939453,"mean":1769.25964355,"median":1722.16870117,"min":155.074981689,"var":1069331.25},"spectral_complexity":{"dmean":4.54520320892,"dmean2":7.30896711349,"dvar":21.8554611206,"dvar2":50.6328849792,"max":57,"mean":28.9121513367,"median":33,"min":0,"var":168.992324829},"spectral_contrast_coeffs":{"dmean":[0.0566424019635,0.0465004891157,0.0400944128633,0.0320263318717,0.0219541490078,0.0185833536088],"dmean2":[0.0936050489545,0.0762342438102,0.0638420954347,0.0517475418746,0.0359609723091,0.0297711323947],"dvar":[0.00228378199972,0.00143957405817,0.00118511111941,0.000746250909287,0.000358761666575,0.000305307388771],"dvar2":[0.00592120131478,0.003677258268,0.00269916374236,0.00177196983714,0.000875270459801,0.000736159970984],"max":[-0.320433109999,-0.394121974707,-0.391540467739,-0.480903625488,-0.571848988533,-0.616590559483],"mean":[-0.6524772048,-0.765071392059,-0.744779825211,-0.775228202343,-0.792438089848,-0.746426403522],"median":[-0.650266766548,-0.772276163101,-0.771526217461,-0.78194797039,-0.79335641861,-0.738322377205],"min":[-0.980333983898,-0.975241482258,-0.974253118038,-0.981385111809,-0.96856802702,-0.964467048645],"var":[0.00608400721103,0.00519494106993,0.0101135289297,0.00394362490624,0.00176458596252,0.00209099682979]},"spectral_contrast_valleys":{"dmean":[0.39606115222,0.393822431564,0.318842947483,0.287714779377,0.259098738432,0.308480918407],"dmean2":[0.655338585377,0.649302244186,0.513340294361,0.451962769032,0.395283818245,0.439148843288],"dvar":[0.128242313862,0.156882271171,0.110823310912,0.106225565076,0.123669534922,0.17793110013],"dvar2":[0.282207518816,0.350431263447,0.219397157431,0.190961882472,0.217025220394,0.332278072834],"max":[-5.2105588913,-4.56015539169,-5.18854999542,-5.53713035583,-5.50752496719,-7.25551223755],"mean":[-7.03869581223,-6.99217987061,-7.4149851799,-7.3323392868,-7.13017082214,-9.79446601868],"median":[-6.676030159,-6.60569477081,-6.99004220963,-6.86779737473,-6.58495521545,-9.43956375122],"min":[-28.2979106903,-27.8997802734,-27.8423652649,-27.6875553131,-27.5306720734,-27.3787746429],"var":[4.56034469604,4.72683954239,4.52548313141,4.650431633,4.76001262665,3.62246751785]},"spectral_decrease":{"dmean":3.44539308195e-9,"dmean2":5.60103563529e-9,"dvar":1.96821009312e-17,"dvar2":4.72469386238e-17,"max":1.57222641009e-28,"mean":-1.04463966366e-8,"median":-9.6230614588e-9,"min":-4.90712714907e-8,"var":3.86342579852e-17},"spectral_energy":{"dmean":0.0134030245245,"dmean2":0.0217636860907,"dvar":0.000290004711132,"dvar2":0.000700072967447,"max":0.188137441874,"mean":0.0424293577671,"median":0.0395577289164,"min":1.00423595695e-20,"var":0.000591849617194},"spectral_energyband_high":{"dmean":0.000590431154706,"dmean2":0.000958629127126,"dvar":0.00000129843851937,"dvar2":0.00000277603658105,"max":0.0240976549685,"mean":0.0013945188839,"median":0.00109209911898,"min":7.08203848472e-21,"var":0.00000298901750284},"spectral_energyband_low":{"dmean":0.0105018801987,"dmean2":0.0169411152601,"dvar":0.000269219570328,"dvar2":0.000625175132882,"max":0.181545212865,"mean":0.0212535317987,"median":0.0158005729318,"min":1.60044510659e-23,"var":0.000430311105447},"spectral_energyband_middle_high":{"dmean":0.00337520171888,"dmean2":0.0052987691015,"dvar":0.000020167493858,"dvar2":0.000049285867135,"max":0.0710324123502,"mean":0.012012350373,"median":0.00839416868985,"min":1.11474906393e-21,"var":0.000115126393212},"spectral_energyband_middle_low":{"dmean":0.00508945761248,"dmean2":0.00875521171838,"dvar":0.0000774018189986,"dvar2":0.000213759078179,"max":0.0751525089145,"mean":0.00933845713735,"median":0.00696419039741,"min":1.46398851518e-22,"var":0.0000803071670816},"spectral_entropy":{"dmean":0.133226662874,"dmean2":0.199470236897,"dvar":0.028709480539,"dvar2":0.0561381466687,"max":9.82385635376,"mean":7.82473802567,"median":7.86739063263,"min":5.76075983047,"var":0.152289688587},"spectral_flux":{"dmean":0.0379286594689,"dmean2":0.0601808913052,"dvar":0.00164470821619,"dvar2":0.00349258515052,"max":0.353548437357,"mean":0.114764854312,"median":0.103228621185,"min":6.30185209571e-11,"var":0.00352970208041},"spectral_kurtosis":{"dmean":1.02942836285,"dmean2":1.71054112911,"dvar":1.82058930397,"dvar2":4.73669338226,"max":29.7487068176,"mean":3.43339633942,"median":3.16914343834,"min":-1.25208187103,"var":3.60085964203},"spectral_rms":{"dmean":0.000959392287768,"dmean2":0.00152829452418,"dvar":0.00000120289894312,"dvar2":0.00000271901922133,"max":0.0135480156168,"mean":0.00608001230285,"median":0.00621231878176,"min":3.13008364887e-12,"var":0.00000442785903942},"spectral_rolloff":{"dmean":528.748474121,"dmean2":879.075927734,"dvar":844213.25,"dvar2":1747564.75,"max":19379.8828125,"mean":1788.81787109,"median":1550.390625,"min":64.599609375,"var":4292066.5},"spectral_skewness":{"dmean":0.160833820701,"dmean2":0.258451789618,"dvar":0.0342633426189,"dvar2":0.0818130970001,"max":3.99540877342,"mean":1.30721986294,"median":1.27402949333,"min":-0.235576748848,"var":0.114349983633},"spectral_spread":{"dmean":458537.96875,"dmean2":661351,"dvar":547633659904,"dvar2":899713531904,"max":42506648,"mean":4913222.5,"median":4255389,"min":1953352.625,"var":12978415992800},"spectral_strongpeak":{"dmean":0.705581128597,"dmean2":1.209674716,"dvar":1.58682405949,"dvar2":3.83755207062,"max":9.7616186142,"mean":1.18819284439,"median":0.494579672813,"min":0,"var":2.83677005768},"zerocrossingrate":{"dmean":0.0109622329473,"dmean2":0.0128218960017,"dvar":0.000208507321076,"dvar2":0.000241225818172,"max":0.53076171875,"mean":0.067357711494,"median":0.060546875,"min":0.00244140625,"var":0.00271097524092}},"metadata":{"audio_properties":{"analysis_sample_rate":44100,"bit_rate":0,"codec":"flac","downmix":"mix","equal_loudness":0,"length":218.546661377,"lossless":true,"md5_encoded":"bd62398a1e64201597c2f3d0cb173c7d","replay_gain":-14.4651355743,"sample_rate":44100},"tags":{"acoustid_id":["8c3ae1fd-1735-4881-8f12-aa9597a2d787"],"album":["Loud Like Love"],"albumartist":["Placebo"],"albumartistsort":["Placebo"],"artist":["Placebo"],"artistsort":["Placebo"],"asin":["B00D2PIUAM"],"barcode":["0602537417957"],"catalognumber":["374179-5"],"composer":["Placebo"],"date":["2013-09-16"],"discnumber":["1"],"disctotal":["1"],"file_name":"05. Rob the Bank.flac","genre":["Alt. Rock"],"isrc":["DEUM71301912"],"label":["Vertigo Berlin"],"language":["eng"],"lyricist":["Placebo"],"media":["CD"],"musicbrainz_albumartistid":["847e8284-8582-4b0e-9c26-b042a4f49e57"],"musicbrainz_albumid":["c14be4aa-9f71-4ab1-9a4b-d392f8eacc25"],"musicbrainz_artistid":["847e8284-8582-4b0e-9c26-b042a4f49e57"],"musicbrainz_recordingid":["7ef854fc-07c9-41c3-87a0-9e4419b74fb5"],"musicbrainz_releasegroupid":["4c64974a-e687-4177-9c10-deeb3e48e336"],"musicbrainz_workid":["ec4234b7-5289-4799-83ec-297f2541f5b6"],"originaldate":["2013-09-13"],"releasecountry":["FR"],"releasestatus":["official"],"releasetype":["album"],"script":["Latn"],"title":["Rob the Bank"],"totaldiscs":["1"],"totaltracks":["10"],"tracknumber":["5"],"tracktotal":["10"]},"version":{"essentia":"2.1-beta2","essentia_build_sha":"70f2e5ece6736b2c40cc944ad0e695b16b925413","essentia_git_sha":"v2.1_beta2","extractor":"music 1.0"}},"rhythm":{"beats_count":504,"beats_loudness":{"dmean":0.0275808069855,"dmean2":0.0513338707387,"dvar":0.000427967024734,"dvar2":0.00139086833224,"max":0.126471593976,"mean":0.0516753271222,"median":0.0543792247772,"min":0,"var":0.000639029720332},"beats_loudness_band_ratio":{"dmean":[0.267178505659,0.143289923668,0.0692123174667,0.110723972321,0.0729046165943,0.05