{"lowlevel":{"average_loudness":0.891574203968,"barkbands":{"dmean":[0.0000662054662826,0.000936995027587,0.00167868938297,0.00151434587315,0.00288849440403,0.00123404478654,0.00110145960934,0.00106811022852,0.00144647003617,0.000468664715299,0.000466048280941,0.000370059278794,0.000315710058203,0.00023005118419,0.000204499330721,0.000166864003404,0.000147241968079,0.0000958597156568,0.000105881488707,0.000101272693428,0.0000929726229515,0.000154170338647,0.0000993159846985,0.000119471733342,0.0000741096228012,0.0000753541826271,0.00000369117583432],"dmean2":[0.0000832765435916,0.00145048007835,0.00252149347216,0.0023108497262,0.00465539470315,0.0019452071283,0.00171336217318,0.00161627167836,0.002243794268,0.000707265688106,0.000710077176336,0.000565654772799,0.00049315544311,0.000360491103493,0.000315196986776,0.000254987622611,0.000228916294873,0.000148587132571,0.000158748182002,0.000153935354319,0.000134230096592,0.000232733640587,0.000142532167956,0.000162835640367,0.0000967217274592,0.000115796836326,0.00000606545472692],"dvar":[1.71365037716e-8,0.00000300439864986,0.0000080356712715,0.00000822108268039,0.0000193496489374,0.00000526001667822,0.00000553642939849,0.0000062009926296,0.00000954386268859,0.00000108918732167,0.00000115428031222,7.59908800774e-7,6.37360983546e-7,3.85196472052e-7,2.70211160114e-7,2.10792180155e-7,8.71101732969e-8,3.45492061626e-8,4.53888517882e-8,6.28857819152e-8,3.93152284062e-8,1.17732128047e-7,3.57260709904e-8,1.26067661199e-7,3.04349931923e-8,3.85553455828e-8,1.42606107478e-10],"dvar2":[2.74576059667e-8,0.00000724359279047,0.0000192865081772,0.0000179170419869,0.0000515623505635,0.0000123405361592,0.0000118905327327,0.0000131024080474,0.0000227601176448,0.00000223456800086,0.00000286084468826,0.0000016728230321,0.00000143373029005,9.41142445754e-7,6.11719599419e-7,4.52372262316e-7,2.10316144944e-7,8.9940940029e-8,9.98454936507e-8,1.59680439538e-7,8.75765167052e-8,2.81236196997e-7,7.7847396085e-8,2.63690282054e-7,5.61018254075e-8,9.69374198689e-8,3.83178350161e-10],"max":[0.0024302189704,0.0232366696,0.0434181913733,0.0430371873081,0.0702508687973,0.0634201094508,0.06430567801,0.0457187108696,0.0539958961308,0.0279874019325,0.0280843041837,0.029279127717,0.0196245331317,0.0182855408639,0.0125950342044,0.0170168429613,0.00680703064427,0.00404831254855,0.00791792105883,0.00806789658964,0.00614997418597,0.00651153083891,0.00270383059978,0.0167076978832,0.00759238470346,0.0041500851512,0.000307195965433],"mean":[0.0000902417959878,0.00153986306395,0.00308986660093,0.00261481152847,0.00522167980671,0.00223737140186,0.00219977856614,0.00202218745835,0.00281013781205,0.000889566435944,0.000828237971291,0.000646575004794,0.000517116568517,0.000358214543667,0.000318294856697,0.000305543042487,0.000258887128439,0.000159306175192,0.000191909479327,0.000185219425475,0.000159053190146,0.000222673595999,0.00015469531354,0.000180489427294,0.000113319088996,0.0000772232742747,0.00000308566563945],"median":[0.0000169916093,0.000398590258555,0.00169298867695,0.000437246315414,0.00328300287947,0.000843676563818,0.000637683493551,0.000421635981183,0.000544635520782,0.000238723499933,0.000243796792347,0.00019567439449,0.000135603564559,0.0000893028700375,0.0000956588773988,0.0000835037499201,0.000107713844045,0.0000620141654508,0.0000715885980753,0.0000538454769412,0.0000580201958655,0.0000968744570855,0.000055504955526,0.0000392436486436,0.0000235784300457,0.0000232698948821,3.963140216e-7],"min":[3.94260083307e-25,1.0858717692e-24,8.45812126628e-25,4.59607274587e-25,6.33510211611e-24,6.05953959129e-24,9.53381239107e-24,8.24421334879e-24,1.14857800701e-23,1.96838119238e-23,8.34514967933e-24,2.29151218757e-23,1.936928677e-23,4.66349828489e-23,4.33875580464e-23,4.21069401856e-23,5.86152430225e-23,6.99785887247e-23,1.2158093403e-22,2.04929705357e-22,2.51418755249e-22,3.35504335282e-22,3.49289155798e-22,5.56217519144e-22,8.33853239851e-22,1.30669353819e-21,1.97167647264e-21],"var":[3.52130555825e-8,0.00000502279044667,0.0000149334327944,0.0000186224660865,0.0000356502278009,0.0000160360323207,0.0000297502047033,0.0000211480110011,0.0000320474464388,0.00000444868055638,0.00000267032874035,0.0000020602440145,0.00000163671302289,8.29805287594e-7,5.26974133663e-7,8.39418419218e-7,2.10192169448e-7,7.09775562768e-8,1.1783926368e-7,1.75318518814e-7,7.97615840042e-8,1.72207350602e-7,7.23409456782e-8,3.1160988101e-7,9.1258002044e-8,3.62124126241e-8,1.05953877616e-10]},"barkbands_crest":{"dmean":2.49223566055,"dmean2":3.99111318588,"dvar":5.70125484467,"dvar2":13.8145751953,"max":25.0890312195,"mean":9.96214294434,"median":9.07276535034,"min":2.14249658585,"var":17.4946098328},"barkbands_flatness_db":{"dmean":0.0237447544932,"dmean2":0.0332743376493,"dvar":0.000477294175653,"dvar2":0.000938377226703,"max":0.335030972958,"mean":0.130205914378,"median":0.124548956752,"min":0.0140800569206,"var":0.00263500469737},"barkbands_kurtosis":{"dmean":4.2092871666,"dmean2":6.36801671982,"dvar":57.8330345154,"dvar2":124.48740387,"max":168.729995728,"mean":6.96307039261,"median":3.3300037384,"min":-1.92690062523,"var":139.024261475},"barkbands_skewness":{"dmean":0.628992259502,"dmean2":0.919774234295,"dvar":0.468809634447,"dvar2":0.98917645216,"max":10.4991025925,"mean":1.77751731873,"median":1.5832901001,"min":-4.4494638443,"var":2.04725623131},"barkbands_spread":{"dmean":6.56824111938,"dmean2":9.57023715973,"dvar":73.0641403198,"dvar2":154.220001221,"max":131.952545166,"mean":21.1760158539,"median":16.1143302917,"min":0.657925963402,"var":290.042755127},"dissonance":{"dmean":0.0254922732711,"dmean2":0.0420889854431,"dvar":0.000638158700895,"dvar2":0.00166400964372,"max":0.500000119209,"mean":0.445556223392,"median":0.45592212677,"min":0.212769016623,"var":0.00180145166814},"dynamic_complexity":3.58004832268,"erbbands":{"dmean":[0.0104644680396,0.283618748188,1.73987042904,3.2483522892,6.13839530945,13.0285711288,11.4439125061,10.1900644302,12.4604253769,17.6972389221,27.4414749146,36.0603866577,13.6688680649,18.1156730652,14.5259370804,13.1697340012,14.7887849808,9.89925193787,10.8152580261,9.72642326355,7.98979568481,7.51604032516,5.62551307678,4.50377988815,6.05344581604,4.16192531586,3.69304394722,3.78858017921,4.33188343048,5.59092760086,2.55683398247,2.00082278252,2.1935095787,0.902248978615,0.517088592052,0.410430341959,0.105612300336,0.0111348368227,0.00086193298921,0.0000490222992084],"dmean2":[0.0153618436307,0.438553750515,2.61987423897,4.87649583817,9.41196250916,21.5440444946,18.2234611511,16.1342945099,19.4975070953,26.5451774597,40.5545120239,56.5130805969,20.3203010559,27.3545074463,22.010969162,19.8968906403,22.8387508392,15.3668031693,17.0544185638,14.3756113052,12.1555461884,11.4892854691,8.70879554749,6.78080940247,9.23315048218,6.18485689163,5.46279811859,5.43314838409,6.36177158356,8.5345954895,3.64011645317,2.69923615456,3.04549884796,1.19515562057,0.687954723835,0.624430477619,0.161528483033,0.017003826797,0.00141501845792,0.0000754522698116],"dvar":[0.000276248756563,0.27612388134,9.01783657074,32.1067466736,91.9260482788,511.973815918,434.084960938,453.61907959,782.887817383,1247.68481445,3485.82324219,6753.47509766,925.046630859,1570.31445313,946.289428711,989.363098145,1443.72680664,591.900878906,773.555236816,775.073669434,420.123565674,191.864608765,114.360671997,77.6762161255,206.307510376,89.5064620972,111.684440613,63.1969947815,82.4097900391,166.170669556,23.4296607971,20.7655315399,55.2958374023,5.55004072189,1.5372351408,1.16300392151,0.0722178593278,0.000747144280467,0.00000870967687661,1.72441634305e-8],"dvar2":[0.00060362793738,0.670034587383,21.6728916168,70.9945678711,209.897796631,1427.07055664,1057.16931152,1073.3848877,1679.97790527,2623.91796875,7491.30566406,17226.4511719,1907.62768555,3863.20336914,2091.85986328,2128.11328125,3287.52368164,1404.8215332,1956.93395996,1694.23742676,979.17376709,431.819549561,295.520690918,182.048538208,516.093994141,204.586685181,286.527374268,132.930862427,179.35244751,412.171234131,49.9067802429,39.2080001831,121.083862305,10.5657129288,3.06623864174,2.92332196236,0.180970698595,0.00185640947893,0.0000235265579249,4.36688729621e-8],"max":[0.2364282161,7.39972782135,50.4342803955,75.5402374268,128.828430176,329.596679688,384.759857178,715.973571777,1018.26904297,819.03918457,1003.53375244,1384.32556152,885.863525391,956.057861328,805.264831543,1117.57849121,987.675842285,649.904541016,973.579650879,949.486877441,728.428649902,311.356689453,242.607208252,233.535446167,637.415893555,354.260345459,545.131286621,174.240875244,229.123809814,194.113708496,79.7534255981,245.650497437,360.506469727,107.371109009,51.8910064697,27.4917106628,4.31447839737,0.546824336052,0.0800751522183,0.00319361896254],"mean":[0.0176494326442,0.480064511299,3.27798318863,5.91561985016,11.3369693756,20.8995380402,20.8464317322,18.6296749115,24.5099906921,34.1853637695,57.6030273438,68.3751373291,27.4811191559,34.7931861877,29.7919998169,23.8338432312,25.492061615,16.8004570007,19.2939548492,18.8025760651,15.1293039322,14.3623523712,9.81304836273,7.98039197922,11.1579265594,7.78842020035,6.17153072357,6.68216466904,6.91119003296,7.43910264969,3.99403500557,3.2403523922,3.18551540375,1.39142286777,0.75752645731,0.446097761393,0.105679124594,0.0113311139867,0.000736853282433,0.0000710600579623],"median":[0.00755089428276,0.153199449182,1.914270401,2.30990982056,5.71627998352,10.8835258484,9.01014137268,6.96443462372,7.63940429688,12.0882930756,15.4831295013,15.6178245544,8.44555187225,12.4480810165,10.7760105133,9.41056156158,7.72693300247,6.06496143341,6.60248184204,5.42232513428,5.33722496033,6.1836271286,4.01181459427,3.42817544937,3.48687195778,2.47299766541,2.1135263443,2.50460743904,3.02043628693,3.07420277596,1.38949298859,0.717065453529,0.666118085384,0.285466194153,0.15505117178,0.136027127504,0.0302493087947,0.00324954930693,0.000116958013678,0.0000435897891293],"min":[4.75146858205e-23,2.62037958993e-22,2.34388937099e-21,5.61937959775e-21,1.5710998419e-20,2.30947405308e-20,5.38693651419e-20,5.71944599521e-20,1.31844628028e-19,2.038208443e-19,1.61707295707e-19,2.23554478583e-19,5.43760669045e-19,4.79287265272e-19,1.08420475742e-18,1.37195266499e-18,1.00228595944e-18,3.06389580726e-18,2.20094294193e-18,3.7403258551e-18,2.46430008497e-18,3.87554796496e-18,4.61762740892e-18,5.104329728e-18,7.59945469849e-18,9.36458533379e-18,6.80320733213e-18,1.0557407074e-17,1.09535777838e-17,9.89091539447e-18,1.09189668926e-17,9.3597206846e-18,9.37206387371e-18,8.06214727311e-18,6.10084951478e-18,3.97133175758e-18,2.46637961703e-18,8.69894461626e-19,2.38426513913e-19,2.85273138272e-20],"var":[0.000554870639462,0.444895267487,16.4214515686,71.2671203613,194.052505493,777.831420898,1073.13037109,1380.59338379,3440.48657227,4594.56738281,12934.1582031,19525.1796875,3934.81713867,3808.13647461,2934.55639648,2417.01000977,3705.0390625,1133.52990723,1921.75976563,2928.38891602,1148.56896973,551.222595215,251.270629883,155.634399414,607.167358398,248.153335571,140.52192688,156.013259888,159.79927063,200.668777466,49.3813362122,67.0932693481,120.144493103,17.1771888733,3.60763669014,1.13203167915,0.0684386640787,0.0007344034384,0.00000642236318527,1.6051554752e-8]},"erbbands_crest":{"dmean":2.87682318687,"dmean2":4.55855321884,"dvar":7.66775894165,"dvar2":18.4048099518,"max":31.7150230408,"mean":10.2745275497,"median":9.08650016785,"min":2.24121785164,"var":27.3956241608},"erbbands_flatness_db":{"dmean":0.0221572890878,"dmean2":0.0300068799406,"dvar":0.000414105306845,"dvar2":0.00078017252963,"max":0.335539966822,"mean":0.147507756948,"median":0.143028557301,"min":0.0355497822165,"var":0.00209167040884},"erbbands_kurtosis":{"dmean":1.65262985229,"dmean2":2.53357028961,"dvar":8.70085525513,"dvar2":19.0797615051,"max":87.3635406494,"mean":2.04711580276,"median":0.596678376198,"min":-1.93174004555,"var":26.3254833221},"erbbands_skewness":{"dmean":0.458064645529,"dmean2":0.679183423519,"dvar":0.230702802539,"dvar2":0.496241658926,"max":6.9577703476,"mean":0.816893219948,"median":0.771545290947,"min":-5.38418579102,"var":1.07863426208},"erbbands_spread":{"dmean":10.7252254486,"dmean2":15.6483335495,"dvar":148.056854248,"dvar2":322.046722412,"max":145.658538818,"mean":40.5998764038,"median":36.4771957397,"min":1.93148159981,"var":522.47265625},"gfcc":{"cov":[[27617.4765625,1636.12609863,-2494.47436523,609.604553223,-1270.36230469,329.552764893,-798.019042969,296.638793945,-631.473327637,84.1713409424,-523.942932129,-138.387832642,-261.571258545],[1636.12609863,1213.90283203,-234.023513794,-123.959968567,-0.806171178818,-39.4542770386,29.5986022949,-39.4202384949,-10.9170866013,-64.1634902954,-26.7217311859,-33.0623512268,-15.2441473007],[-2494.47436523,-234.023513794,1020.5447998,87.2505645752,135.003921509,50.1790237427,64.2355194092,-48.51512146,53.8477706909,-50.1033363342,10.3483428955,66.6089630127,-48.7621955872],[609.604553223,-123.959968567,87.2505645752,471.971923828,71.5329208374,30.3958263397,-54.8622703552,19.7495193481,-49.1750411987,3.05656480789,-11.2653923035,-43.5377998352,19.4396209717],[-1270.36230469,-0.806171178818,135.003921509,71.5329208374,292.918395996,34.0981559753,66.1329040527,-13.049826622,22.8924751282,-4.69057655334,10.8066492081,-23.9557247162,14.6535806656],[329.552764893,-39.4542770386,50.1790237427,30.3958263397,34.0981559753,219.38369751,71.8376541138,25.7526130676,-38.4041290283,-12.2277622223,-9.20215415955,-31.8828983307,-25.5396270752],[-798.019042969,29.5986022949,64.2355194092,-54.8622703552,66.1329040527,71.8376541138,189.142654419,29.3600654602,7.26367664337,-17.9201908112,2.74218463898,-18.6894760132,-15.8157186508],[296.638793945,-39.4202384949,-48.51512146,19.7495193481,-13.049826622,25.7526130676,29.3600654602,110.414878845,20.1470508575,10.9442548752,-5.00819444656,-38.4476394653,-2.72315192223],[-631.473327637,-10.9170866013,53.8477706909,-49.1750411987,22.8924751282,-38.4041290283,7.26367664337,20.1470508575,115.457946777,31.6693572998,3.24395465851,-1.73248243332,-7.71114301682],[84.1713409424,-64.1634902954,-50.1033363342,3.05656480789,-4.69057655334,-12.2277622223,-17.9201908112,10.9442548752,31.6693572998,82.90574646,24.8913421631,-7.13155174255,-2.560308218],[-523.942932129,-26.7217311859,10.3483428955,-11.2653923035,10.8066492081,-9.20215415955,2.74218463898,-5.00819444656,3.24395465851,24.8913421631,87.797958374,23.5400733948,12.8035116196],[-138.387832642,-33.0623512268,66.6089630127,-43.5377998352,-23.9557247162,-31.8828983307,-18.6894760132,-38.4476394653,-1.73248243332,-7.13155174255,23.5400733948,109.904403687,11.3340530396],[-261.571258545,-15.2441473007,-48.7621955872,19.4396209717,14.6535806656,-25.5396270752,-15.8157186508,-2.72315192223,-7.71114301682,-2.560308218,12.8035116196,11.3340530396,80.1752166748]],"icov":[[0.000155744477524,-0.000241762623773,0.000244477676461,-0.000229781711823,0.000347996538039,-0.000361666840035,0.000554017780814,-0.000568687741179,0.000651717244182,-0.000562181696296,0.000859700608999,-0.000517532404047,0.000558314262889],[-0.000241762623773,0.00136838958133,-0.000073858682299,0.000508672557771,-0.000623866566457,0.000771867576987,-0.00102875160519,0.00142181408592,-0.00124134728685,0.00190375430975,-0.00143165874761,0.00122551457025,-0.000494784733746],[0.000244477676461,-0.000073858682299,0.00185825279914,-0.000829029770102,0.000134409812745,-0.000861880311277,0.000522595248185,-0.000157683200086,-0.000289907911792,0.000584346533287,0.00100077246316,-0.00174232991412,0.00199063890614],[-0.000229781711823,0.000508672557771,-0.000829029770102,0.00326975202188,-0.00141255790368,0.000455573550425,0.000588988885283,-0.000181020339369,0.000901925959624,0.000181666546268,-0.000883279601112,0.00188932055607,-0.00147010630462],[0.000347996538039,-0.000623866566457,0.000134409812745,-0.00141255790368,0.00547039695084,-0.00124025274999,-0.000523749098647,0.000482785049826,-0.000129313004436,-0.00106143963058,0.00122238160111,0.000221503461944,-0.000313713535434],[-0.000361666840035,0.000771867576987,-0.000861880311277,0.000455573550425,-0.00124025274999,0.00718263862655,-0.00324499513954,0.000196452892851,0.00135780300479,0.0008769549313,-0.00168591493275,0.00221543409862,0.000328054331476],[0.000554017780814,-0.00102875160519,0.000522595248185,0.000588988885283,-0.000523749098647,-0.00324499513954,0.00979170482606,-0.00431826384738,0.00232706638053,-0.000465515244287,0.00219238875434,-0.00133599410765,0.00268153543584],[-0.000568687741179,0.00142181408592,-0.000157683200086,-0.000181020339369,0.000482785049826,0.000196452892851,-0.00431826384738,0.0147202070802,-0.00599618908018,0.0025185206905,-0.00358318700455,0.00542837288231,-0.00270599429496],[0.000651717244182,-0.00124134728685,-0.000289907911792,0.000901925959624,-0.000129313004436,0.00135780300479,0.00232706638053,-0.00599618908018,0.0162805020809,-0.00822692736983,0.00525726145133,-0.00206473562866,0.0029621894937],[-0.000562181696296,0.00190375430975,0.000584346533287,0.000181666546268,-0.00106143963058,0.0008769549313,-0.000465515244287,0.0025185206905,-0.00822692736983,0.0201718602329,-0.00879439339042,0.00346281146631,0.0000740688119549],[0.000859700608999,-0.00143165874761,0.00100077246316,-0.000883279601112,0.00122238160111,-0.00168591493275,0.00219238875434,-0.00358318700455,0.00525726145133,-0.00879439339042,0.0190418660641,-0.0060719945468,0.000948004191741],[-0.000517532404047,0.00122551457025,-0.00174232991412,0.00188932055607,0.000221503461944,0.00221543409862,-0.00133599410765,0.00542837288231,-0.00206473562866,0.00346281146631,-0.0060719945468,0.0148474061862,-0.00360439461656],[0.000558314262889,-0.000494784733746,0.00199063890614,-0.00147010630462,-0.000313713535434,0.000328054331476,0.00268153543584,-0.00270599429496,0.0029621894937,0.0000740688119549,0.000948004191741,-0.00360439461656,0.0170115623623]],"mean":[-17.4527206421,77.8868103027,-96.7373199463,20.1456012726,-70.7058639526,12.4719772339,-42.4900627136,4.42010164261,-28.1644229889,-1.35671472549,-25.7221317291,2.00113677979,-18.2077274323]},"hfc":{"dmean":7.08459043503,"dmean2":9.40481472015,"dvar":105.662765503,"dvar2":204.340332031,"max":221.799926758,"mean":21.1974029541,"median":17.2251281738,"min":1.0248833964e-16,"var":369.587982178},"melbands":{"dmean":[0.000167261387105,0.000718863797374,0.000641209888272,0.000650697911624,0.00043896085117,0.000224766350584,0.00020470553136,0.000201636605198,0.00024484313326,0.000213592851651,0.0000677357093082,0.0000753511121729,0.000052978452004,0.0000417546470999,0.0000321902771248,0.0000345467597072,0.0000191059643839,0.0000199892256205,0.0000156673813763,0.0000131159276862,0.00000984997132036,0.00000925204858504,0.00000634900152363,0.0000039338588067,0.00000388165790355,0.00000438859296992,0.00000464487811769,0.00000268772782874,0.00000244890634349,0.00000232207844419,0.00000228895441978,0.00000220271476792,0.00000396988889406,0.00000276975811175,0.00000173564762918,0.00000103379193206,0.00000141891484873,0.0000019615988549,9.15276586966e-7,7.53896529204e-7],"dmean2":[0.000251339690294,0.00108505203389,0.000950644433033,0.00104256055783,0.000709061918315,0.000354650022928,0.000318932754453,0.000303484586766,0.000361093407264,0.00033510819776,0.000100112440123,0.000113706817501,0.0000799752524472,0.0000636856857454,0.0000481564384245,0.0000538181957381,0.0000300488682115,0.0000319630344165,0.0000237409785768,0.0000196312503249,0.0000153002893057,0.0000143167872011,0.00000995598566078,0.00000603816351941,0.00000598787983108,0.00000664655681248,0.0000072738698691,0.00000406947310694,0.00000372551699002,0.00000344923114426,0.0000033382627862,0.00000329019667333,0.00000628940233582,0.0000041919929572,0.00000257536635218,0.00000143334114,0.0000019704366423,0.00000281935308521,0.00000126143731904,0.00000101677846942],"dvar":[8.40648155531e-8,0.00000153877385856,0.00000118116020076,9.56048211265e-7,5.58199701572e-7,1.99782789423e-7,1.94846379031e-7,1.623250796e-7,2.45827578738e-7,2.41001401946e-7,2.47455940183e-8,2.59891681509e-8,1.40834632845e-8,7.81741604783e-9,9.95881332955e-9,7.73103803198e-9,2.75885070344e-9,3.19159521034e-9,1.70610481298e-9,1.38488143175e-9,6.61959542736e-10,3.16145720713e-10,1.60734633936e-10,6.28248356116e-11,6.27983567925e-11,8.36403168947e-11,1.97726710005e-10,3.65717837958e-11,7.55594059543e-11,2.15199524867e-11,2.75573088654e-11,2.55756492373e-11,9.25768281479e-11,3.6178865459e-11,1.15000283601e-11,5.08202681326e-12,1.22843532221e-11,3.52380902235e-11,2.26613901255e-11,3.10377179687e-12],"dvar2":[1.94434790046e-7,0.0000037174265799,0.00000254926248999,0.00000250632388088,0.00000142908629641,4.69273118142e-7,4.24838617619e-7,3.34043676276e-7,5.18149306572e-7,6.12032465597e-7,4.99524723807e-8,6.25285068168e-8,3.2954098117e-8,1.69200014e-8,1.95304181716e-8,1.80038775e-8,6.57971099827e-9,8.18686363147e-9,3.82923381892e-9,2.98419555733e-9,1.58554425145e-9,7.39659389293e-10,4.1392703154e-10,1.57709637016e-10,1.50619919315e-10,1.91350962853e-10,5.33633914834e-10,8.16067768916e-11,2.04584904573e-10,4.95585725235e-11,5.96799276664e-11,5.57767131093e-11,2.36083153027e-10,8.74736325041e-11,2.60496676313e-11,1.04450979116e-11,2.43509518105e-11,7.64103433304e-11,5.49074674616e-11,5.73775315454e-12],"max":[0.00384150259197,0.0207694489509,0.0157831013203,0.0142822321504,0.0152042498812,0.0143397403881,0.0149970771745,0.00726100709289,0.0093266973272,0.00889603793621,0.00453517679125,0.00358568853699,0.00272619794123,0.00217093084939,0.00476956972852,0.00259306537919,0.00124447513372,0.00211402610876,0.00117981538642,0.00156323786359,0.000784392352216,0.000392808404285,0.000371218367945,0.000204607873457,0.000219588036998,0.000345463107806,0.00060647923965,0.000237204920268,0.0004958974896,0.000110372478957,0.000141828888445,0.000147920276504,0.000156434776727,0.000094878312666,0.0000491253340442,0.0000735578214517,0.000200129376026,0.000236363863223,0.000294757192023,0.0000899465740076],"mean":[0.000289681222057,0.00134684727527,0.00122881797142,0.00116046436597,0.00079876196105,0.000407827756135,0.00041054317262,0.000395325070713,0.000509024597704,0.000397338648327,0.000125183752971,0.000141021824675,0.000102297257399,0.0000772859784774,0.0000519850400451,0.0000545273651369,0.0000286841514026,0.0000329474933096,0.0000254893348028,0.0000243385366048,0.0000163709792105,0.0000162566993822,0.0000108092972368,0.00000625303027846,0.0000063451452661,0.00000775974785938,0.00000808014556242,0.00000454852033727,0.00000380195933758,0.00000374152477889,0.0000039085653043,0.00000359780415238,0.00000492093840876,0.00000376164371119,0.00000248180958806,0.00000171905583102,0.00000213574162444,0.00000269238444162,0.00000137639256081,0.00000110792757368],"median":[0.0000928636145545,0.000800720066763,0.000451475207228,0.000760926574003,0.000401010765927,0.000150614505401,0.000121645221952,0.000119862525025,0.000116711613373,0.0000785166048445,0.0000296692705888,0.0000471567582281,0.0000348683242919,0.0000256150124187,0.0000144587829709,0.0000142037160913,0.00000842862755235,0.00000920558886719,0.00000682374729877,0.00000601964984526,0.00000567733786738,0.00000664156596031,0.00000419303705712,0.00000242935743699,0.00000252184054261,0.00000264682057605,0.0000020240631784,0.0000014308570826,0.00000123396625895,0.00000128293959278,0.0000014145696241,0.00000143985721479,0.00000203289323508,0.00000152232314576,9.42172505347e-7,3.42134967468e-7,4.6776440854e-7,6.05537934462e-7,1.94232441686e-7,2.54049155046e-7],"min":[4.70037692084e-25,7.14902878078e-25,1.59118263711e-24,1.16048233223e-24,1.99409068204e-24,1.34301537797e-24,2.06609376395e-24,1.93598851257e-24,1.21628398608e-24,1.32242600974e-24,2.28915720111e-24,1.83797747548e-24,1.7695171679e-24,2.51233403702e-24,1.49209135361e-24,3.05880441291e-24,5.36967086891e-24,3.27994302945e-24,3.66536409888e-24,4.49415319882e-24,2.26676124279e-24,3.53740849347e-24,3.30589260893e-24,3.17794725871e-24,3.34665206583e-24,4.94931844695e-24,5.18817566829e-24,5.36508640376e-24,2.74811765906e-24,5.59202906442e-24,5.48557504627e-24,4.53895300406e-24,5.4157600673e-24,4.90844204143e-24,5.80191103028e-24,5.75584391999e-24,5.18998058204e-24,6.33452821981e-24,6.29778150112e-24,5.82100343633e-24],"var":[1.58466647804e-7,0.00000263956621893,0.00000277174535768,0.0000016669659999,0.00000127944895212,6.14492762452e-7,9.99492954179e-7,5.90815943724e-7,0.00000101492412341,7.05560808001e-7,1.05076090051e-7,6.58115837382e-8,3.85423248872e-8,2.67099657947e-8,2.25815401933e-8,1.84738144782e-8,4.7094736999e-9,7.63605356724e-9,3.77763020865e-9,6.60090648807e-9,1.47413359297e-9,8.19434853305e-10,3.7538080977e-10,1.04003902712e-10,1.12028816779e-10,2.15353929134e-10,5.56387991235e-10,7.78742972884e-11,7.28638607783e-11,4.22155400914e-11,6.31107180404e-11,5.06098635222e-11,9.91631499137e-11,4.8123064561e-11,1.86169604038e-11,1.63120749547e-11,3.43689243731e-11,7.70368699388e-11,3.65280271308e-11,9.16790688504e-12]},"melbands_crest":{"dmean":3.1229557991,"dmean2":5.02146959305,"dvar":8.39328861237,"dvar2":21.185590744,"max":33.685295105,"mean":13.6005353928,"median":12.9570713043,"min":1.53817760944,"var":23.9490127563},"melbands_flatness_db":{"dmean":0.0275541357696,"dmean2":0.0383020602167,"dvar":0.000708606850822,"dvar2":0.00137857440859,"max":0.449833422899,"mean":0.197317183018,"median":0.19598095119,"min":0.00347150606103,"var":0.00484995823354},"melbands_kurtosis":{"dmean":9.27582645416,"dmean2":13.8088588715,"dvar":278.359283447,"dvar2":564.871154785,"max":327.43661499,"mean":17.9391288757,"median":8.8717956543,"min":-1.89772701263,"var":800.532348633},"melbands_skewness":{"dmean":0.806318938732,"dmean2":1.18212819099,"dvar":0.805686891079,"dvar2":1.68965041637,"max":14.0796051025,"mean":2.72324419022,"median":2.36453533173,"min":-1.59707999229,"var":3.69623637199},"melbands_spread":{"dmean":7.13401079178,"dmean2":10.6174039841,"dvar":161.700500488,"dvar2":342.961914063,"max":290.78793335,"mean":22.6303062439,"median":15.9313411713,"min":0.930239200592,"var":635.756103516},"mfcc":{"cov":[[11452.2763672,861.177429199,-490.520019531,181.672546387,-2.55837345123,-57.4550094604,102.07321167,-96.2434234619,91.1392822266,162.861099243,-98.9470901489,-40.3235931396,-125.323577881],[861.177429199,1350.64038086,-35.9759750366,-73.9260025024,-76.7605438232,27.4523639679,-49.8602828979,57.7449188232,-13.8756732941,-64.2029266357,40.2231521606,-29.4699954987,-3.59307217598],[-490.520019531,-35.9759750366,681.076477051,84.0340881348,86.5690994263,70.6793441772,7.48968553543,80.4548416138,-17.0264015198,-41.0807304382,16.8613586426,-7.56110906601,26.7710437775],[181.672546387,-73.9260025024,84.0340881348,350.187683105,119.43473053,26.9317378998,2.37144184113,-16.1394023895,9.51049613953,6.25622558594,-46.2142982483,-3.31181812286,17.7150402069],[-2.55837345123,-76.7605438232,86.5690994263,119.43473053,216.451599121,54.0373840332,21.8453903198,-4.98140287399,11.3125724792,20.5308895111,-21.2100429535,-0.121988609433,4.35320043564],[-57.4550094604,27.4523639679,70.6793441772,26.9317378998,54.0373840332,158.899169922,68.3489990234,36.3055152893,9.44898414612,-4.19652175903,10.059252739,-6.53267431259,-8.78416633606],[102.07321167,-49.8602828979,7.48968553543,2.37144184113,21.8453903198,68.3489990234,190.67880249,51.7749214172,26.9243507385,20.0796508789,-3.47338819504,13.5394878387,-24.3829078674],[-96.2434234619,57.7449188232,80.4548416138,-16.1394023895,-4.98140287399,36.3055152893,51.7749214172,117.832588196,25.8778972626,-7.67999887466,10.767159462,-7.41623353958,-1.00292026997],[91.1392822266,-13.8756732941,-17.0264015198,9.51049613953,11.3125724792,9.44898414612,26.9243507385,25.8778972626,95.6292190552,49.3290367126,5.95925951004,-2.97477769852,-13.6396198273],[162.861099243,-64.2029266357,-41.0807304382,6.25622558594,20.5308895111,-4.19652175903,20.0796508789,-7.67999887466,49.3290367126,108.261756897,25.9154567719,2.44551110268,-11.8956680298],[-98.9470901489,40.2231521606,16.8613586426,-46.2142982483,-21.2100429535,10.059252739,-3.47338819504,10.767159462,5.95925951004,25.9154567719,88.0425872803,24.2852344513,-3.64859747887],[-40.3235931396,-29.4699954987,-7.56110906601,-3.31181812286,-0.121988609433,-6.53267431259,13.5394878387,-7.41623353958,-2.97477769852,2.44551110268,24.2852344513,78.9404525757,21.9209365845],[-125.323577881,-3.59307217598,26.7710437775,17.7150402069,4.35320043564,-8.78416633606,-24.3829078674,-1.00292026997,-13.6396198273,-11.8956680298,-3.64859747887,21.9209365845,80.6709213257]],"icov":[[0.000104243190435,-0.0000904694097699,0.0000405067003157,-0.0000702594988979,0.0000248045780609,0.0000416530128859,-0.0000767291421653,0.0000819218257675,0.00000565778691453,-0.000204035095521,0.000178083661012,-0.0000397858420911,0.000130659653223],[-0.0000904694097699,0.00091782870004,0.000113741894893,0.0000717959264875,0.000120018055895,-0.00026011330192,0.000377136166207,-0.000517773674801,-0.0000751370680518,0.000759807240684,-0.000701873912476,0.000398886128096,-0.000121223012684],[0.0000405067003157,0.000113741894893,0.00192329334095,-0.000391006993596,-0.000654265400954,-0.000333669770043,0.000281934830127,-0.00138489215169,0.000422957353294,0.000684118946083,-0.000874705438036,0.00039668160025,-0.000392386718886],[-0.0000702594988979,0.0000717959264875,-0.000391006993596,0.00389333372004,-0.00167847063858,-0.000307554320898,0.000228740958846,0.000546668306924,-0.000478397269035,-0.000179875496542,0.00170774571598,-0.000253857200732,-0.000659327895846],[0.0000248045780609,0.000120018055895,-0.000654265400954,-0.00167847063858,0.00672989757732,-0.00214033853263,0.000147486716742,0.000714772206265,0.0000772354833316,-0.00188076985069,0.00174754497129,-0.000702606106643,0.0000925119893509],[0.0000416530128859,-0.00026011330192,-0.000333669770043,-0.000307554320898,-0.00214033853263,0.00911683961749,-0.00326000642963,-0.000577663537115,-0.000362395163393,0.00172101706266,-0.00255040219054,0.00187677249778,-0.0000857358973008],[-0.0000767291421653,0.000377136166207,0.000281934830127,0.000228740958846,0.000147486716742,-0.00326000642963,0.00829590298235,-0.00361981499009,0.000164018827491,-0.00183632073458,0.00254721124656,-0.00334651791491,0.00263482914306],[0.0000819218257675,-0.000517773674801,-0.00138489215169,0.000546668306924,0.000714772206265,-0.000577663537115,-0.00361981499009,0.0130700841546,-0.00442829029635,0.00267138355412,-0.00181410158984,0.00230850139633,-0.00165348115843],[0.00000565778691453,-0.0000751370680518,0.000422957353294,-0.000478397269035,0.0000772354833316,-0.000362395163393,0.000164018827491,-0.00442829029635,0.01580799371,-0.00765666086227,0.00175522104837,-0.000664773746394,0.00172478309833],[-0.000204035095521,0.000759807240684,0.000684118946083,-0.000179875496542,-0.00188076985069,0.00172101706266,-0.00183632073458,0.00267138355412,-0.00765666086227,0.0162157621235,-0.00679054530337,0.00239811465144,-0.000565762049519],[0.000178083661012,-0.000701873912476,-0.000874705438036,0.00170774571598,0.00174754497129,-0.00255040219054,0.00254721124656,-0.00181410158984,0.00175522104837,-0.00679054530337,0.0178707949817,-0.0069199190475,0.00252005993389],[-0.0000397858420911,0.000398886128096,0.00039668160025,-0.000253857200732,-0.000702606106643,0.00187677249778,-0.00334651791491,0.00230850139633,-0.000664773746394,0.00239811465144,-0.0069199190475,0.0173676740378,-0.00565156852826],[0.000130659653223,-0.000121223012684,-0.000392386718886,-0.000659327895846,0.0000925119893509,-0.0000857358973008,0.00263482914306,-0.00165348115843,0.00172478309833,-0.000565762049519,0.00252005993389,-0.00565156852826,0.0154880108312]],"mean":[-657.270935059,114.322624207,18.8224754333,12.1914072037,-5.05273008347,3.83393478394,-8.60860061646,3.54586553574,-3.51146221161,-4.86029863358,-2.47832298279,-5.80177211761,-1.94967651367]},"pitch_salience":{"dmean":0.0671646669507,"dmean2":0.108169645071,"dvar":0.00364887644537,"dvar2":0.0091688092798,"max":0.894254088402,"mean":0.569940745831,"median":0.574596762657,"min":0.166037067771,"var":0.0117192855105},"silence_rate_20dB":{"dmean":0,"dmean2":0,"dvar":0,"dvar2":0,"max":1,"mean":1,"median":1,"min":1,"var":0},"silence_rate_30dB":{"dmean":0,"dmean2":0,"dvar":0,"dvar2":0,"max":1,"mean":1,"median":1,"min":1,"var":0},"silence_rate_60dB":{"dmean":0.0238851476461,"dmean2":0.0477763675153,"dvar":0.0233137924224,"dvar2":0.0526143573225,"max":1,"mean":0.0904471576214,"median":0,"min":0,"var":0.0822651162744},"spectral_centroid":{"dmean":246.32800293,"dmean2":357.730285645,"dvar":130334.328125,"dvar2":263050.21875,"max":11844.3710938,"mean":1213.20690918,"median":899.817871094,"min":180.647583008,"var":1840387.875},"spectral_complexity":{"dmean":3.771058321,"dmean2":5.22947883606,"dvar":20.6274776459,"dvar2":35.1799087524,"max":55,"mean":15.789888382,"median":14,"min":0,"var":91.6011886597},"spectral_contrast_coeffs":{"dmean":[0.051111407578,0.0488143973053,0.0398671552539,0.0300563741475,0.0216934774071,0.0238342098892],"dmean2":[0.0824403762817,0.0779617875814,0.0638237223029,0.0472107045352,0.0344341881573,0.0364670678973],"dvar":[0.00180938118137,0.00166069052648,0.00109527539462,0.000654485891573,0.000347617460648,0.000723047356587],"dvar2":[0.00459304731339,0.00407411204651,0.00264921993949,0.00151571154129,0.000818957050797,0.00154360872693],"max":[-0.28850543499,-0.403128504753,-0.450687140226,-0.552498459816,-0.59939455986,-0.324008256197],"mean":[-0.572275698185,-0.7126044631,-0.757124781609,-0.787363350391,-0.808248877525,-0.767815351486],"median":[-0.567260026932,-0.717069625854,-0.763082623482,-0.790922522545,-0.810140967369,-0.771218776703],"min":[-0.984783351421,-0.978773653507,-0.982183277607,-0.969886600971,-0.970777571201,-0.963822424412],"var":[0.00906973239034,0.0083438931033,0.00637874333188,0.00379481422715,0.00209415121935,0.00279677053913]},"spectral_contrast_valleys":{"dmean":[0.524748384953,0.404597491026,0.366703033447,0.335156410933,0.328175455332,0.438962727785],"dmean2":[0.802098572254,0.633667171001,0.549352943897,0.478545546532,0.43893802166,0.538045167923],"dvar":[0.246580392122,0.148421525955,0.127850532532,0.127575099468,0.140285149217,0.238018706441],"dvar2":[0.470407932997,0.292115420103,0.239509835839,0.22816991806,0.23763717711,0.414567649364],"max":[-5.59516048431,-4.73750925064,-5.37580680847,-5.93294286728,-5.86887264252,-7.31008291245],"mean":[-7.99071216583,-7.01427555084,-7.66772174835,-8.24025058746,-8.12635326385,-10.2100410461],"median":[-7.55981063843,-6.58660268784,-7.28289699554,-7.82692909241,-7.73241043091,-9.96688175201],"min":[-28.2169914246,-27.9677238464,-28.1019744873,-27.7361717224,-27.5178966522,-27.4356098175],"var":[6.68630218506,6.92425537109,6.56512069702,6.29818534851,6.39645528793,5.39950609207]},"spectral_decrease":{"dmean":1.94497196127e-9,"dmean2":2.76892087037e-9,"dvar":5.14408940491e-18,"dvar2":1.02738338436e-17,"max":4.37997586953e-22,"mean":-6.74909372833e-9,"median":-6.31461904987e-9,"min":-2.80711809353e-8,"var":2.23577820586e-17},"spectral_energy":{"dmean":0.00778020126745,"dmean2":0.0109856883064,"dvar":0.0000801300993771,"dvar2":0.00015757928486,"max":0.109049417078,"mean":0.0273953024298,"median":0.0257684737444,"min":9.85800411387e-21,"var":0.000358050776413},"spectral_energyband_high":{"dmean":0.000577291648369,"dmean2":0.000783337862231,"dvar":0.0000011644051483,"dvar2":0.00000234385242948,"max":0.0247293263674,"mean":0.000990271219052,"median":0.000387908658013,"min":6.7691852869e-21,"var":0.00000285103396891},"spectral_energyband_low":{"dmean":0.0028602774255,"dmean2":0.00416335277259,"dvar":0.0000210524631257,"dvar2":0.0000484856063849,"max":0.0716042667627,"mean":0.00573132419959,"median":0.00328702619299,"min":8.83694528917e-24,"var":0.0000428417115472},"spectral_energyband_middle_high":{"dmean":0.00149979558773,"dmean2":0.00212382897735,"dvar":0.00000437554717791,"dvar2":0.00000890389765118,"max":0.0399394705892,"mean":0.00451434543356,"median":0.00291724875569,"min":1.16649440132e-21,"var":0.00002475974361},"spectral_energyband_middle_low":{"dmean":0.00579693820328,"dmean2":0.00877003744245,"dvar":0.0000463654541818,"dvar2":0.000103464801214,"max":0.0796220377088,"mean":0.0172743350267,"median":0.0148432981223,"min":1.09709372579e-22,"var":0.000187869067304},"spectral_entropy":{"dmean":0.215527504683,"dmean2":0.2940556705,"dvar":0.0475790724158,"dvar2":0.0898702070117,"max":9.82859992981,"mean":7.5574798584,"median":7.56171321869,"min":5.53695964813,"var":0.334134399891},"spectral_flux":{"dmean":0.0237169470638,"dmean2":0.0357931777835,"dvar":0.000580696098041,"dvar2":0.00126573664602,"max":0.262311786413,"mean":0.0798542872071,"median":0.0772744417191,"min":6.33994176602e-11,"var":0.00183996465057},"spectral_kurtosis":{"dmean":1.35746896267,"dmean2":2.07826709747,"dvar":2.82778096199,"dvar2":6.6203994751,"max":29.5733089447,"mean":3.86719965935,"median":3.36818981171,"min":-1.27594184875,"var":7.81061887741},"spectral_rms":{"dmean":0.000743140815757,"dmean2":0.00102061533835,"dvar":6.35109870473e-7,"dvar2":0.00000113765042897,"max":0.0103145372123,"mean":0.00474255904555,"median":0.00501397717744,"min":3.10122001863e-12,"var":0.00000423538813266},"spectral_rolloff":{"dmean":582.089660645,"dmean2":956.106811523,"dvar":1412196.875,"dvar2":3052081.5,"max":19530.6152344,"mean":1798.80944824,"median":915.161132813,"min":129.19921875,"var":8485337},"spectral_skewness":{"dmean":0.231609240174,"dmean2":0.335138827562,"dvar":0.0585839636624,"dvar2":0.124076776206,"max":4.33047485352,"mean":1.60354375839,"median":1.58857393265,"min":-0.436994671822,"var":0.301486760378},"spectral_spread":{"dmean":864375.125,"dmean2":1218821.75,"dvar":1171200278530,"dvar2":2566423314430,"max":53222044,"mean":6172136.5,"median":5447612,"min":1992788.625,"var":20145483284500},"spectral_strongpeak":{"dmean":0.538317680359,"dmean2":0.904735922813,"dvar":0.680840134621,"dvar2":1.6943552494,"max":14.0508060455,"mean":1.15601766109,"median":0.693362057209,"min":0,"var":1.54314959049},"zerocrossingrate":{"dmean":0.0144463879988,"dmean2":0.0165959782898,"dvar":0.000312203046633,"dvar2":0.000392247748096,"max":0.5234375,"mean":0.0744140148163,"median":0.0546875,"min":0.0087890625,"var":0.00509891659021}},"metadata":{"audio_properties":{"analysis_sample_rate":44100,"bit_rate":206475,"codec":"mp3","downmix":"mix","equal_loudness":0,"length":182.752655029,"lossless":false,"md5_encoded":"82d2e12bc232fa551df9b7c101db9793","replay_gain":-7.42888259888,"sample_rate":44100},"tags":{"album":["With a Lot o' Soul"],"albumartist":["The Temptations"],"albumartistsort":["Temptations, The"],"artist":["The Temptations"],"artistsort":["Temptations, The"],"barcode":["731453093225"],"catalognumber":["530 932-2"],"composer":["Cornelius Grant","Norman Whitfield","Sylvia Moy"],"contentgroup":["R&B"],"date":["1967"],"discnumber":["1/1"],"file_name":"02. The Temptations ~ Ain't No Sun Since You've Been Gone.mp3","genre":["Soul"],"label":["Motown Records"],"language":["eng"],"media":["CD"],"mood":["Funky"],"musicbrainz album release country":["US"],"musicbrainz album status":["official"],"musicbrainz album type":["album"],"musicbrainz_albumartistid":["d8df96ae-8fcf-4997-b3e6-e5d1aaf0f69e"],"musicbrainz_albumid":["0c53c1da-b9a5-4ab3-96d4-277cff99ff08"],"musicbrainz_artistid":["d8df96ae-8fcf-4997-b3e6-e5d1aaf0f69e"],"musicbrainz_recordingid":["7f2afb3a-5f58-45f9-ab95-51926ed6ccf4"],"musicbrainz_releasegroupid":["762baf89-9d41-30ac-82a1-55e0ac2e7aae"],"musicbrainz_workid":["ffe0bde8-9637-3db2-bea8-989c11dddff8"],"originaldate":["1967-07-17"],"originalyear":["1967"],"script":["Latn"],"title":["Ain't No Sun Since You've Been Gone"],"tracknumber":["2/12"],"work":["Ain't No Sun Since You've Been Gone"]},"version":{"essentia":"2.1-beta2","essentia_build_sha":"2d9f1f26377add8aeb1075a9c2973f962c4f09fd","essentia_git_sha":"v2.1_beta2-1-ge3940c0","extractor":"music 1.0"}},"rhythm":{"beats_count":357,"beats_loudness":{"dmean":0.0139100942761,"dmean2":0.0221933182329,"dvar":0.000132985296659,"dvar2":0.000319901766488,"max":0.0937778130174,"mean":0.0378112010658,"median":