{"lowlevel":{"average_loudness":0.636714756489,"barkbands":{"dmean":[0.000310528266709,0.00124993396457,0.00103922386188,0.00075761397602,0.00204845401458,0.000652167189401,0.000640713842586,0.000568437506445,0.000614317774307,0.000238318185438,0.000237218497205,0.000172546715476,0.000201341157663,0.000122689220007,0.000223663155339,0.000111879206088,0.000141105454531,0.000213815423194,0.000190106293303,0.000090349909442,0.0000386761566915,0.0000419816351496,0.0000445877740276,0.0000261285131273,0.0000117808285722,0.0000041646144382,6.14739235516e-7],"dmean2":[0.000457250804175,0.00203878059983,0.00172181392554,0.00123732641805,0.00334093300626,0.00106055592187,0.000926700886339,0.000843795831315,0.000892242474947,0.000353945157258,0.00036482771975,0.000254204671364,0.000313275057124,0.000189704558579,0.00034528769902,0.000174493325176,0.000215701307752,0.000319033395499,0.000280550826574,0.000138538045576,0.0000592733231315,0.0000641968726995,0.0000668593420414,0.0000389619308407,0.0000166251938936,0.00000557751081942,8.76617434642e-7],"dvar":[9.48385263655e-7,0.0000206395197893,0.0000098316841104,0.00000491789387524,0.0000144618361446,0.00000225234543905,0.00000234259368881,0.00000167447228705,0.00000151572442064,3.4839035834e-7,3.16803834721e-7,2.25348330218e-7,3.63426607919e-7,1.08237436791e-7,2.98100530927e-7,6.68069759513e-8,8.36316047526e-8,2.10655500155e-7,1.70446071479e-7,4.49817889603e-8,1.48867993488e-8,2.03652490427e-8,1.84570865258e-8,8.75081784812e-9,1.87448545574e-9,3.15500459092e-10,9.80091962449e-12],"dvar2":[0.00000197930080503,0.0000464709737571,0.0000267750965577,0.0000123849376905,0.0000392030888179,0.00000604856904829,0.00000534199807589,0.00000412199051425,0.00000344271916219,7.90888122992e-7,7.97863435764e-7,4.70832759447e-7,8.66763457452e-7,2.44793483262e-7,7.0288643883e-7,1.53987798512e-7,1.93878406662e-7,4.44468753358e-7,3.46749743585e-7,9.98349918291e-8,3.31277654197e-8,4.83579682964e-8,4.0162557724e-8,2.07007619935e-8,3.70382746695e-9,5.25402554796e-10,1.98521511729e-11],"max":[0.0242345239967,0.0539350658655,0.0522486753762,0.0442115664482,0.064720928669,0.0256358198822,0.0382778048515,0.034559622407,0.0265768896788,0.0164211634547,0.011747837998,0.0139574138448,0.0138436164707,0.00730536039919,0.0123167224228,0.00635066814721,0.0084807286039,0.0159383118153,0.0104041593149,0.00682375626639,0.00507312314585,0.00491922628134,0.00581275904551,0.00385105563328,0.0027176765725,0.000947409134824,0.000146074089571],"mean":[0.000466818746645,0.00163917453028,0.00219462951645,0.00131664192304,0.00501231709495,0.0012705558911,0.00129837007262,0.00116450572386,0.00135137094185,0.000447887257906,0.00046895959531,0.000340333383065,0.000358363147825,0.000227575626923,0.000424375117291,0.000229615965509,0.000333952222718,0.000565315247513,0.000486842909595,0.000178091708221,0.0000690936794854,0.0000742167030694,0.0000912526884349,0.0000529475073563,0.0000214247265831,0.00000702531724528,8.4815911805e-7],"median":[0.000109157976112,0.000133561436087,0.000323271204252,0.000174644388608,0.00248862523586,0.000579358718824,0.000520522706211,0.000353457755409,0.000453456537798,0.000107226951513,0.000120495882584,0.0000736701767892,0.0000579264451517,0.0000574296318518,0.0000705524362274,0.0000799720073701,0.0000971518893493,0.000150249397848,0.000110530658276,0.000050453672884,0.0000117429699458,0.00000928619374463,0.0000174991346285,0.00000912659197638,0.00000163145546139,3.31802766596e-7,3.17147836881e-8],"min":[3.50265729705e-25,3.68088257061e-24,6.14568251188e-25,8.46586590821e-25,5.47953592161e-24,5.08470078335e-24,3.89568190092e-24,3.98284274791e-24,1.46343637566e-23,7.82795038176e-24,1.3068660242e-23,1.6430235584e-23,3.7648146888e-23,3.45123806135e-23,3.79658495735e-23,3.79103642529e-23,5.54787699287e-23,9.51970329823e-23,1.18837174828e-22,1.6652396801e-22,2.491661724e-22,3.07856464494e-22,4.07734964119e-22,5.75032444957e-22,8.64496636378e-22,1.29631349183e-21,1.9857015865e-21],"var":[0.00000128525209675,0.00002613029028,0.0000163038566825,0.00000925818949327,0.0000448889368272,0.00000386701276511,0.00000493950756209,0.00000428485009252,0.00000591226717006,0.00000102049818906,0.00000102139381397,8.04647697805e-7,9.12233076633e-7,2.89029173928e-7,8.05090053291e-7,1.94028629608e-7,3.49051163084e-7,0.00000110336748094,8.14617465039e-7,1.28675793576e-7,3.42173507306e-8,4.93199578955e-8,6.85283652047e-8,2.6801483699e-8,6.20432372145e-9,9.48135570056e-10,1.86323005635e-11]},"barkbands_crest":{"dmean":2.0003247261,"dmean2":3.16965389252,"dvar":3.72084760666,"dvar2":9.30118751526,"max":26.9177627563,"mean":10.1971406937,"median":9.36734771729,"min":2.70000576973,"var":17.1886386871},"barkbands_flatness_db":{"dmean":0.0171352624893,"dmean2":0.0246279984713,"dvar":0.0004254920932,"dvar2":0.000785111973528,"max":1,"mean":0.166183963418,"median":0.155643388629,"min":0.0325481407344,"var":0.00460456125438},"barkbands_kurtosis":{"dmean":6.17319488525,"dmean2":11.2833805084,"dvar":43857.1210938,"dvar2":131335.34375,"max":13349.5703125,"mean":7.07650899887,"median":2.02722668648,"min":-1.9085072279,"var":22967.7363281},"barkbands_skewness":{"dmean":0.416728109121,"dmean2":0.625919818878,"dvar":2.31918168068,"dvar2":6.64387989044,"max":110.510261536,"mean":1.39321601391,"median":1.24978423119,"min":-4.46335744858,"var":3.47460460663},"barkbands_spread":{"dmean":3.72366380692,"dmean2":5.53726291656,"dvar":26.440076828,"dvar2":51.9218826294,"max":120.423484802,"mean":18.3694534302,"median":16.1890144348,"min":0.00306498166174,"var":151.62940979},"dissonance":{"dmean":0.0198135990649,"dmean2":0.0326577350497,"dvar":0.00045239290921,"dvar2":0.00123293465003,"max":0.499999880791,"mean":0.445278435946,"median":0.456592679024,"min":0,"var":0.00181724259164},"dynamic_complexity":4.34307146072,"erbbands":{"dmean":[0.0423332899809,0.306548297405,1.05724906921,1.97368073463,4.25831079483,8.70818710327,6.20887756348,5.45166397095,6.89529132843,10.9119567871,12.5163354874,15.9365348816,8.64239692688,7.73089170456,8.26952171326,7.48053503036,9.27941417694,5.63175392151,10.5202703476,7.54629278183,5.51323509216,6.58456659317,11.918381691,8.12088108063,9.34243869781,3.72631645203,1.79484021664,1.49744951725,1.52490770817,1.41445732117,1.24683427811,0.738967895508,0.343586623669,0.158493950963,0.0736171156168,0.025080576539,0.00679018488154,0.00103570020292,0.000106913372292,0.000010346133422],"dmean2":[0.0629812777042,0.519473493099,1.78262162209,3.19907832146,7.10266208649,14.0045509338,10.0703029633,8.87244033813,10.4742670059,15.674030304,18.2595424652,23.2551689148,12.7623357773,11.6398868561,12.6378307343,10.9997816086,14.2854862213,8.56073379517,16.3495502472,11.4040765762,8.46637153625,10.0254821777,18.0057182312,11.8836612701,13.7455663681,5.66432332993,2.77145671844,2.28915691376,2.35083222389,2.14269542694,1.86357247829,1.11585915089,0.51125150919,0.227530315518,0.106770738959,0.0341501310468,0.00916924141347,0.00142409198452,0.000149061248521,0.0000150698515426],"dvar":[0.0262592006475,1.27472746372,11.1543779373,32.0514030457,98.4628372192,261.877227783,199.835739136,169.386108398,307.204162598,624.224609375,919.430664062,1129.08935547,452.732513428,284.702606201,562.84954834,371.290618896,817.820129395,153.36315918,692.756164551,361.089355469,119.450759888,184.286392212,671.786987305,302.270996094,461.926177979,83.6067886353,32.848197937,22.5320491791,28.6303291321,20.1637229919,15.2127962112,6.98716306686,1.50219917297,0.332249969244,0.080460101366,0.00979438796639,0.000939355173614,0.0000240468125412,3.11812954124e-7,1.00391572833e-9],"dvar2":[0.0537756457925,3.3105764389,30.89427948,79.21509552,272.253997803,706.97668457,511.832397461,452.360900879,779.37890625,1399.60546875,2208.28710938,2640.11108398,1043.89904785,665.259521484,1415.30187988,783.992431641,1966.57763672,321.008575439,1689.8338623,817.652954102,278.723907471,433.287475586,1459.04943848,591.124816895,969.000488281,183.16078186,74.7575759888,51.6812820435,68.8038253784,45.1577453613,32.7298049927,16.6091346741,3.41358423233,0.695140779018,0.157752647996,0.0164342410862,0.0016638294328,0.0000442664495495,5.79507513976e-7,2.14587347891e-9],"max":[2.15552544594,14.8765306473,52.5059661865,113.544334412,188.885055542,334.034362793,367.506134033,278.702087402,297.147277832,599.932861328,931.958740234,767.759887695,720.656066895,560.346252441,678.313537598,664.754211426,648.190429688,360.181518555,636.952697754,589.235290527,303.990905762,427.152801514,752.065429688,482.998321533,514.081604004,429.22946167,293.753845215,101.994232178,225.846115112,156.590026855,193.140075684,109.883293152,60.6683921814,32.941696167,17.0223903656,5.27012300491,1.38104104996,0.217482298613,0.0295338518918,0.00128093664534],"mean":[0.0479441918433,0.389102965593,2.14279723167,3.82545828819,9.605260849,20.0378837585,12.8833732605,10.7352828979,13.9775829315,23.6766624451,27.0364608765,35.1258239746,17.664598465,17.1237239838,16.5946559906,16.0238780975,17.0507106781,11.6002254486,21.082201004,16.2138156891,13.959526062,17.3259963989,31.0087623596,24.5562458038,23.6413841248,8.18495750427,3.35064482689,2.60408878326,2.6755232811,2.74033093452,2.56339383125,1.51711881161,0.669621646404,0.280712932348,0.132195517421,0.0437398217618,0.011187825352,0.00160321441945,0.000159324670676,0.0000302551397908],"median":[0.00271228142083,0.0440778024495,0.353579521179,0.667836546898,2.90166521072,10.2333374023,6.03713798523,4.6658039093,5.87469863892,10.3259048462,9.36418056488,11.8836069107,6.24533748627,5.55257034302,4.08885192871,3.69571018219,3.25587248802,4.02687072754,4.17181301117,4.06534147263,6.09609031677,5.94486427307,9.0049571991,5.89184045792,5.64162540436,2.64317536354,0.756494402885,0.419250488281,0.316458821297,0.385316431522,0.51277410984,0.312859177589,0.0915094166994,0.0226617008448,0.0103587452322,0.00287957885303,0.000403169979108,0.0000474827174912,0.0000165827550518,0.0000183241791092],"min":[6.03963268634e-23,5.2415831293e-22,1.98580579187e-21,6.25974138818e-21,8.19413515848e-21,1.56103683432e-20,1.49351805526e-20,5.61270996939e-20,8.58887414784e-20,1.75593603165e-19,2.22458024832e-19,3.9250730777e-19,6.13729860809e-19,6.50220881833e-19,9.65666673719e-19,9.0871208322e-19,1.70078880494e-18,1.99898265947e-18,2.33120672441e-18,2.24385417698e-18,3.64820523182e-18,3.52421127159e-18,5.38480682138e-18,5.67054436986e-18,6.49938513391e-18,8.46465005046e-18,8.46411734614e-18,1.08530654132e-17,1.04867236635e-17,9.34163686205e-18,1.079193263e-17,1.03099162891e-17,8.78141721167e-18,7.70897506596e-18,6.1046243535e-18,4.00467416731e-18,2.35373147288e-18,9.95779666931e-19,2.55653739241e-19,2.78190242719e-20],"var":[0.0337752252817,1.25237417221,15.4512138367,59.1138877869,268.922088623,786.33996582,394.907989502,314.050415039,502.188171387,1459.32458496,2568.4543457,3957.65454102,1232.1270752,1001.51367188,1661.13452148,1614.71386719,1982.37121582,475.952514648,1852.53625488,1043.81896973,486.360229492,785.862670898,3045.86328125,1921.50024414,2081.81591797,224.551483154,73.9605484009,45.1976394653,67.191986084,65.505531311,53.3702392578,18.9645442963,5.62220144272,1.03371584415,0.252577871084,0.0309472028166,0.00278818351217,0.0000601829342486,6.29724922874e-7,2.12617567996e-9]},"erbbands_crest":{"dmean":2.157736063,"dmean2":3.36872649193,"dvar":4.42395019531,"dvar2":10.4976701736,"max":35.771396637,"mean":9.73318195343,"median":8.80486679077,"min":2.16904973984,"var":18.8016490936},"erbbands_flatness_db":{"dmean":0.0152864279225,"dmean2":0.0210975203663,"dvar":0.000331979303155,"dvar2":0.00059934228193,"max":0.429964512587,"mean":0.203712314367,"median":0.20452490449,"min":0.0303020514548,"var":0.00343296607025},"erbbands_kurtosis":{"dmean":0.874019563198,"dmean2":1.31447708607,"dvar":19.8604660034,"dvar2":37.3455924988,"max":319.891967773,"mean":1.14154064655,"median":-0.238021492958,"min":-1.85257792473,"var":173.078155518},"erbbands_skewness":{"dmean":0.311373203993,"dmean2":0.45587593317,"dvar":0.131662040949,"dvar2":0.251521885395,"max":16.6364326477,"mean":0.432966351509,"median":0.390843242407,"min":-3.42343640327,"var":1.20725297928},"erbbands_spread":{"dmean":5.85210561752,"dmean2":8.70137882233,"dvar":55.5250511169,"dvar2":120.197677612,"max":178.008529663,"mean":34.952495575,"median":32.7329025269,"min":1.21442222595,"var":370.40423584},"gfcc":{"cov":[[30941.9199219,698.100280762,-2772.62329102,2677.33740234,-1625.23852539,358.405609131,-1081.16308594,258.573852539,-750.68939209,-573.613037109,-427.960113525,-421.996337891,-548.665466309],[698.100280762,1766.52331543,-176.187652588,-245.394104004,355.012359619,-220.07043457,150.324539185,-86.8154373169,112.27116394,-137.254135132,62.2883148193,-94.7483901978,14.8032407761],[-2772.62329102,-176.187652588,1227.98193359,131.864639282,211.824234009,140.437194824,162.210968018,-11.9071683884,40.5912475586,133.806488037,-129.841323853,69.9046554565,23.5487518311],[2677.33740234,-245.394104004,131.864639282,1052.17578125,-53.6317596436,59.6695632935,-101.796585083,-10.6182670593,-56.34034729,-130.640411377,-127.637641907,-97.79662323,-61.6416702271],[-1625.23852539,355.012359619,211.824234009,-53.6317596436,465.531188965,-31.6083202362,144.968963623,-2.7712225914,69.7250289917,-9.77717113495,8.77438831329,12.3264017105,5.70826768875],[358.405609131,-220.07043457,140.437194824,59.6695632935,-31.6083202362,314.095001221,83.3739395142,15.5033969879,-62.6814041138,0.731850981712,1.92862188816,9.12194538116,-30.8410129547],[-1081.16308594,150.324539185,162.210968018,-101.796585083,144.968963623,83.3739395142,256.260772705,5.4149518013,8.44213008881,25.3858547211,25.7094097137,19.8963718414,1.61991715431],[258.573852539,-86.8154373169,-11.9071683884,-10.6182670593,-2.7712225914,15.5033969879,5.4149518013,142.94593811,34.8230628967,11.2171964645,10.4809331894,3.68332123756,-21.4245929718],[-750.68939209,112.27116394,40.5912475586,-56.34034729,69.7250289917,-62.6814041138,8.44213008881,34.8230628967,184.426467896,50.5798416138,-4.49254274368,-0.790827929974,21.6809177399],[-573.613037109,-137.254135132,133.806488037,-130.640411377,-9.77717113495,0.731850981712,25.3858547211,11.2171964645,50.5798416138,192.901306152,-20.6858234406,41.872592926,23.1878967285],[-427.960113525,62.2883148193,-129.841323853,-127.637641907,8.77438831329,1.92862188816,25.7094097137,10.4809331894,-4.49254274368,-20.6858234406,160.805221558,13.5722370148,-6.80394935608],[-421.996337891,-94.7483901978,69.9046554565,-97.79662323,12.3264017105,9.12194538116,19.8963718414,3.68332123756,-0.790827929974,41.872592926,13.5722370148,114.313453674,21.6800498962],[-548.665466309,14.8032407761,23.5487518311,-61.6416702271,5.70826768875,-30.8410129547,1.61991715431,-21.4245929718,21.6809177399,23.1878967285,-6.80394935608,21.6800498962,86.5757141113]],"icov":[[0.000243035217864,-0.000588821596466,0.000554341182578,-0.000660713587422,0.000570528733078,-0.000643155944999,0.00066275295103,-0.000829612836242,0.000821918307338,-0.000630431575701,0.000743127427995,-0.000578592997044,0.000701565062627],[-0.000588821596466,0.00241836160421,-0.00123942340724,0.00185925886035,-0.00186141091399,0.00212477240711,-0.00219771754928,0.00264757801779,-0.00248062633909,0.00230064359494,-0.00179684662726,0.00216190842912,-0.0015858116094],[0.000554341182578,-0.00123942340724,0.00252742413431,-0.00173776457086,0.000751127779949,-0.00188675813843,0.0010325043695,-0.00167177140247,0.00172929826658,-0.00210787192918,0.00253753177822,-0.00186017388478,0.00144232634921],[-0.000660713587422,0.00185925886035,-0.00173776457086,0.00323347328231,-0.00160530535504,0.00166412815452,-0.00145113747567,0.00243125460111,-0.00230890489183,0.00281555973925,-0.00114000029862,0.00247792596929,-0.00128874962684],[0.000570528733078,-0.00186141091399,0.000751127779949,-0.00160530535504,0.00474929437041,-0.000974949682131,0.0000785413940321,-0.00199053669348,0.00106603268068,-0.000816334562842,0.00161209679209,-0.00191567989532,0.00199025031179],[-0.000643155944999,0.00212477240711,-0.00188675813843,0.00166412815452,-0.000974949682131,0.00638037361205,-0.00374995428137,0.0019854742568,-0.00119575404096,0.00211748899892,-0.00223153713159,0.00176820566412,-0.000728363520466],[0.00066275295103,-0.00219771754928,0.0010325043695,-0.00145113747567,0.0000785413940321,-0.00374995428137,0.0081672668457,-0.00271434569731,0.00273947254755,-0.00259627890773,0.00117030681577,-0.00177137530409,0.00164119561668],[-0.000829612836242,0.00264757801779,-0.00167177140247,0.00243125460111,-0.00199053669348,0.0019854742568,-0.00271434569731,0.0112490467727,-0.0052062580362,0.00247954856604,-0.00283865281381,0.00176996632945,0.000121925935673],[0.000821918307338,-0.00248062633909,0.00172929826658,-0.00230890489183,0.00106603268068,-0.00119575404096,0.00273947254755,-0.0052062580362,0.0104151424021,-0.00439758645371,0.00242034369148,-0.00112513697241,0.000724344630726],[-0.000630431575701,0.00230064359494,-0.00210787192918,0.00281555973925,-0.000816334562842,0.00211748899892,-0.00259627890773,0.00247954856604,-0.00439758645371,0.00967437401414,-0.00076610367978,0.000465887947939,-0.0020070602186],[0.000743127427995,-0.00179684662726,0.00253753177822,-0.00114000029862,0.00161209679209,-0.00223153713159,0.00117030681577,-0.00283865281381,0.00242034369148,-0.00076610367978,0.0103132212535,-0.0028809318319,0.00302025559358],[-0.000578592997044,0.00216190842912,-0.00186017388478,0.00247792596929,-0.00191567989532,0.00176820566412,-0.00177137530409,0.00176996632945,-0.00112513697241,0.000465887947939,-0.0028809318319,0.0128681389615,-0.00383066781797],[0.000701565062627,-0.0015858116094,0.00144232634921,-0.00128874962684,0.00199025031179,-0.000728363520466,0.00164119561668,0.000121925935673,0.000724344630726,-0.0020070602186,0.00302025559358,-0.00383066781797,0.0161194987595]],"mean":[-81.0292663574,115.194831848,-132.334365845,21.0276927948,-62.9140205383,-7.57893180847,-43.2242240906,5.22347307205,-20.4865570068,-13.1061668396,-9.08692455292,-7.64748907089,-12.1477146149]},"hfc":{"dmean":3.44466924667,"dmean2":4.90036773682,"dvar":40.360408783,"dvar2":83.8285446167,"max":180.688140869,"mean":14.7256116867,"median":10.8475446701,"min":1.07330013054e-16,"var":239.039749146},"melbands":{"dmean":[0.000345396605553,0.000494929146953,0.000372040522052,0.000467921199743,0.000251601857599,0.000121658289572,0.000116667164548,0.000118885283882,0.0000998150426312,0.000103255428257,0.000041417137254,0.0000310231953335,0.0000270559976343,0.0000226070587814,0.0000155443613039,0.0000225543135457,0.000010190859939,0.0000170218754647,0.0000170103776327,0.00000887083388079,0.00000711214079274,0.00000727867382011,0.000009631166904,0.0000111350673251,0.00000685892155161,0.00000840060693008,0.00000512698034072,0.0000022880974484,0.00000117855893222,0.0000010566709534,8.7226078449e-7,9.03023078536e-7,8.5185450871e-7,8.53437313708e-7,8.07410344805e-7,5.94810160237e-7,4.38394380353e-7,2.69944109732e-7,1.76378335937e-7,1.27216281953e-7],"dmean2":[0.000530761142727,0.000832328980323,0.000605848385021,0.000762438168749,0.000408424559282,0.000198386143893,0.000171878098627,0.000171492822119,0.000144578443724,0.000150411127834,0.0000612414296484,0.0000466635792691,0.0000416630573454,0.0000333193893312,0.0000236469786614,0.000034801014408,0.0000155737980094,0.0000265859689534,0.0000260368742602,0.0000137637771331,0.0000110967675937,0.000011176287444,0.0000150489877342,0.0000166826357599,0.0000102888279798,0.000012512478861,0.00000773884130467,0.00000357027170139,0.00000183396821285,0.0000016497207298,0.00000135748780394,0.00000142003511883,0.00000130679075028,0.00000131492151922,0.00000122240828659,8.97134441402e-7,6.72723956541e-7,4.12750864598e-7,2.64963432528e-7,1.89824490349e-7],"dvar":[0.00000158867430855,0.00000261442278315,9.39773599384e-7,8.34335139643e-7,2.65864997573e-7,8.31243625043e-8,7.86731391145e-8,7.01131313008e-8,6.06883716614e-8,4.78370232315e-8,1.11045510565e-8,4.62749083496e-9,4.87879558975e-9,3.81729359233e-9,1.90867921468e-9,5.0663206963e-9,6.59215182441e-10,2.07646633221e-9,2.12692397028e-9,5.11485631627e-10,2.02912964209e-10,2.52144916058e-10,3.3889260842e-10,7.10382919156e-10,2.24263232984e-10,3.93433646773e-10,1.37340291917e-10,4.1721161248e-11,1.45327283194e-11,1.16028740435e-11,7.92839231767e-12,1.0365116751e-11,8.97428659163e-12,7.58641066634e-12,6.47526476882e-12,3.85970682498e-12,2.75059575811e-12,9.45686996594e-13,4.04028454573e-13,2.39555201847e-13],"dvar2":[0.00000325683549818,0.00000712510791345,0.00000235284483097,0.00000227670216191,6.86377688908e-7,2.23131110033e-7,1.90273496514e-7,1.59854195658e-7,1.36821867613e-7,1.10567249578e-7,2.55422332174e-8,1.07701572105e-8,1.24056107609e-8,8.14862666232e-9,4.22564694347e-9,1.22803527347e-8,1.33607125363e-9,5.08131670074e-9,4.95107199683e-9,1.18845566721e-9,4.74280892337e-10,5.87842163835e-10,7.95507104634e-10,1.50511048069e-9,4.59699694977e-10,8.23447698917e-10,2.97592311904e-10,9.27976584464e-11,3.37135562523e-11,2.58649438672e-11,1.89984729337e-11,2.56437562157e-11,2.09451882921e-11,1.80273729972e-11,1.44837163096e-11,8.45924632425e-12,6.94048984951e-12,2.22616629991e-12,8.95198411927e-13,5.29740043064e-13],"max":[0.0160258412361,0.0244577750564,0.0182603951544,0.017236854881,0.0129799330607,0.00539664365351,0.00547307124361,0.00628349604085,0.00681924447417,0.00514406431466,0.00350780785084,0.00213142693974,0.00162829947658,0.00158119550906,0.00162970216479,0.00185231445357,0.000823956565,0.00107693497557,0.00114018120803,0.000604177068453,0.000491925457027,0.000469486374641,0.000467282981845,0.000944259169046,0.000435450405348,0.000544771028217,0.000387605337892,0.000331187038682,0.000174424203578,0.000117799376312,0.0000600777639193,0.000127958817757,0.000133751222165,0.000100145443866,0.000124674144899,0.0000742518968764,0.0000792394421296,0.0000499360357935,0.0000283166846202,0.0000285594087472],"mean":[0.000449005863629,0.000925419735722,0.000791828962974,0.00113073689863,0.000559011532459,0.000237075451878,0.000240098059294,0.000257618987234,0.00021347324946,0.000221550144488,0.0000799691479187,0.000065526124672,0.000053227871831,0.0000478611655126,0.0000294141227641,0.0000390393142879,0.0000188450994756,0.0000322251689795,0.0000319762621075,0.0000174175420398,0.0000166218233062,0.0000171139345184,0.0000236332234635,0.0000279915875581,0.0000184443051694,0.0000204100797419,0.0000112532516141,0.00000410631810155,0.00000197842632588,0.0000018118795424,0.00000138942800731,0.00000149895231516,0.00000144588295825,0.00000158035254572,0.00000157879082963,0.00000113142607461,8.49829007166e-7,5.06485889673e-7,2.97807758898e-7,2.14179550539e-7],"median":[0.0000414737078245,0.000148804436321,0.00015729747247,0.000530991179403,0.000284879060928,0.000103213948023,0.000101421232102,0.000110921362648,0.0000682525278535,0.0000682751415297,0.0000243046633841,0.0000194919703063,0.0000134791589517,0.0000107562673293,0.0000066170023274,0.0000067126520662,0.00000566626749787,0.00000581938093092,0.00000536411744179,0.00000481625465909,0.00000672260102874,0.0000052656414482,0.00000689195530867,0.00000698350822859,0.00000393808568333,0.00000400826911573,0.0000025750707664,0.00000110329915515,3.96043219553e-7,2.83802279455e-7,1.99713866778e-7,1.52705922574e-7,1.61082297723e-7,2.10047119253e-7,2.69051497526e-7,2.21078749973e-7,1.44755006204e-7,6.5261545501e-8,2.11551274276e-8,1.37372584419e-8],"min":[1.03087938803e-24,1.92024048232e-24,1.39826137792e-24,1.21335888984e-24,5.1196012717e-25,1.22845305301e-24,1.15035710529e-24,1.49990945822e-24,1.542996252e-24,2.54205713264e-24,2.67048861839e-24,1.86394105724e-24,2.58970176751e-24,2.56809052858e-24,2.70513085339e-24,3.1896300915e-24,2.79009846985e-24,2.6209645224e-24,2.81466024578e-24,2.73862450692e-24,3.73017217769e-24,2.81403428465e-24,3.6782051767e-24,4.84251023026e-24,3.4926264376e-24,3.40145581063e-24,3.64851521324e-24,5.05398924502e-24,5.22983462384e-24,3.5493897129e-24,4.71490014593e-24,5.19893849205e-24,5.04271208395e-24,4.17992781216e-24,5.07078843243e-24,4.79198763358e-24,4.70219317447e-24,5.52380324574e-24,6.51164366468e-24,5.93197131658e-24],"var":[0.00000222630910685,0.00000324322172673,0.0000020412160211,0.00000250452899309,6.43378825771e-7,1.45826490439e-7,1.509142038e-7,1.72617248495e-7,1.88024131376e-7,1.66111973954e-7,2.97470350574e-8,1.61241473506e-8,1.51330930009e-8,1.44797187573e-8,6.00451066646e-9,1.13024247739e-8,1.94416394095e-9,5.26407673007e-9,5.66999514007e-9,1.42561606964e-9,7.82693021506e-10,8.89029128093e-10,1.56326540601e-9,2.97900792923e-9,1.24242427457e-9,1.69935543415e-9,5.43762923577e-10,8.35477867445e-11,2.77632725837e-11,2.77644469915e-11,1.32156117646e-11,2.20578329907e-11,2.09037492177e-11,2.365113487e-11,2.03965629109e-11,1.17320710438e-11,6.14277595803e-12,3.26262996654e-12,1.3322920241e-12,6.12445803707e-13]},"melbands_crest":{"dmean":2.42877316475,"dmean2":3.82699513435,"dvar":5.70426511765,"dvar2":13.9914579391,"max":40,"mean":13.3429632187,"median":12.6180648804,"min":1.44296133518,"var":25.83086586},"melbands_flatness_db":{"dmean":0.0203364100307,"dmean2":0.0291305556893,"dvar":0.000640369951725,"dvar2":0.00115984457079,"max":1,"mean":0.22741368413,"median":0.213609009981,"min":0.00294797448441,"var":0.00725245568901},"melbands_kurtosis":{"dmean":7251264,"dmean2":14356297,"dvar":148819276777000000,"dvar2":310966008871000000,"max":28385437696,"mean":43988204,"median":6.48207998276,"min":-1.80759215355,"var":1193754067930000000},"melbands_skewness":{"dmean":30.3435134888,"dmean2":59.9672050476,"dvar":2812935.75,"dvar2":5862363.5,"max":121795.640625,"mean":190.633255005,"median":2.12125587463,"min":-3.52971363068,"var":21866130},"melbands_spread":{"dmean":4.99214982986,"dmean2":7.3879070282,"dvar":53.8943481445,"dvar2":107.806739807,"max":184.051345825,"mean":22.3664131165,"median":17.1004676819,"min":1.38514346659e-8,"var":430.873321533},"mfcc":{"cov":[[14583.7792969,-635.762512207,-298.374847412,1504.68212891,147.875717163,123.129875183,-39.2176551819,485.331695557,-443.310577393,302.668792725,-189.673690796,-403.542053223,-351.478088379],[-635.762512207,1973.90600586,-234.226074219,-8.13283252716,129.328933716,-62.7013435364,63.6914253235,28.7747554779,45.9068336487,-38.5908546448,17.9134788513,82.4250259399,-24.8725719452],[-298.374847412,-234.226074219,788.954467773,99.9235534668,-5.08238887787,174.415176392,35.3147659302,-48.9213562012,153.159515381,-47.2911186218,11.2692012787,28.5196800232,41.5115509033],[1504.68212891,-8.13283252716,99.9235534668,758.314819336,197.249328613,80.428604126,-61.4900245667,81.6062850952,32.7563896179,23.2904167175,-36.1108856201,-109.872039795,-10.2955083847],[147.875717163,129.328933716,-5.08238887787,197.249328613,256.664886475,28.5488834381,-15.555516243,58.5862541199,6.092710495,19.1095657349,-6.30673789978,-27.3639469147,-23.3229103088],[123.129875183,-62.7013435364,174.415176392,80.428604126,28.5488834381,259.051086426,96.0165405273,21.3123531342,67.0049972534,-31.4136428833,25.569152832,-5.39056110382,-18.1943569183],[-39.2176551819,63.6914253235,35.3147659302,-61.4900245667,-15.555516243,96.0165405273,265.460418701,62.22498703,-20.1064395905,-35.0435333252,17.8465309143,37.7778778076,-48.0403862],[485.331695557,28.7747554779,-48.9213562012,81.6062850952,58.5862541199,21.3123531342,62.22498703,208.283187866,-39.4135932922,22.267616272,-0.84741216898,-6.59968805313,-29.2188510895],[-443.310577393,45.9068336487,153.159515381,32.7563896179,6.092710495,67.0049972534,-20.1064395905,-39.4135932922,222.003967285,-7.53705787659,35.6937866211,9.17963027954,30.0823383331],[302.668792725,-38.5908546448,-47.2911186218,23.2904167175,19.1095657349,-31.4136428833,-35.0435333252,22.267616272,-7.53705787659,167.794769287,-1.3124601841,-26.0572319031,15.1471853256],[-189.673690796,17.9134788513,11.2692012787,-36.1108856201,-6.30673789978,25.569152832,17.8465309143,-0.84741216898,35.6937866211,-1.3124601841,123.484870911,30.9056415558,3.22295498848],[-403.542053223,82.4250259399,28.5196800232,-109.872039795,-27.3639469147,-5.39056110382,37.7778778076,-6.59968805313,9.17963027954,-26.0572319031,30.9056415558,134.552124023,25.5103225708],[-351.478088379,-24.8725719452,41.5115509033,-10.2955083847,-23.3229103088,-18.1943569183,-48.0403862,-29.2188510895,30.0823383331,15.1471853256,3.22295498848,25.5103225708,149.759262085]],"icov":[[0.000115928443847,0.0000169621162058,0.0000243399590545,-0.000247776100878,0.000194450665731,-0.0000789651021478,0.0000495851782034,-0.00014062502305,0.000200059876079,-0.000176380315679,0.000042287290853,0.0000443469580205,0.000229463315918],[0.0000169621162058,0.000602199870627,0.000233086771914,-0.0000546209157619,-0.000342480401741,0.000204915602808,-0.000223778144573,0.0000235098468693,-0.00031391371158,0.000125299091451,0.0000627319095656,-0.000395713635953,0.000092261863756],[0.0000243399590545,0.000233086771914,0.00182217126712,-0.000298974395264,0.0000783063296694,-0.000881027779542,-0.000142233315273,0.000320998951793,-0.000899067032151,0.000210901518585,0.000378035241738,-0.000600287690759,-0.00025425691274],[-0.000247776100878,-0.0000546209157619,-0.000298974395264,0.0025465216022,-0.00161838333588,-0.00028309164918,0.000407778105,-0.000329731527017,-0.000512397615239,0.000482111732708,0.000190340579138,0.00117999571376,-0.000703545752913],[0.000194450665731,-0.000342480401741,0.0000783063296694,-0.00161838333588,0.00573326228186,-0.000625336309895,0.00070059846621,-0.00121714023408,0.00034387546475,-0.000733658089302,0.0000562775603612,-0.0000442623604613,0.00108215329237],[-0.0000789651021478,0.000204915602808,-0.000881027779542,-0.00028309164918,-0.000625336309895,0.00614069914445,-0.00230986787938,-0.0000314601820719,-0.0014757408062,0.000766897166613,-0.000890280411113,0.000798128312454,0.0000770702536101],[0.0000495851782034,-0.000223778144573,-0.000142233315273,0.000407778105,0.00070059846621,-0.00230986787938,0.0057864440605,-0.00165683554951,0.000969405984506,0.000391376030166,-0.000092662514362,-0.00125863193534,0.001490170951],[-0.00014062502305,0.0000235098468693,0.000320998951793,-0.000329731527017,-0.00121714023408,-0.0000314601820719,-0.00165683554951,0.0063562374562,0.000572000339162,-0.000708580482751,-0.000193961794139,-0.000397090858314,0.000106079860416],[0.000200059876079,-0.00031391371158,-0.000899067032151,-0.000512397615239,0.00034387546475,-0.0014757408062,0.000969405984506,0.000572000339162,0.00654839538038,-0.000460024719359,-0.00146610150114,0.000197028566618,-0.000342650571838],[-0.000176380315679,0.000125299091451,0.000210901518585,0.000482111732708,-0.000733658089302,0.000766897166613,0.000391376030166,-0.000708580482751,-0.000460024719359,0.00698018120602,-0.000489012396429,0.001214910415,-0.00126227003057],[0.000042287290853,0.0000627319095656,0.000378035241738,0.000190340579138,0.0000562775603612,-0.000890280411113,-0.000092662514362,-0.000193961794139,-0.00146610150114,-0.000489012396429,0.00929427612573,-0.00203840108588,0.000342162064044],[0.0000443469580205,-0.000395713635953,-0.000600287690759,0.00117999571376,-0.0000442623604613,0.000798128312454,-0.00125863193534,-0.000397090858314,0.000197028566618,0.001214910415,-0.00203840108588,0.0103209614754,-0.00198196363635],[0.000229463315918,0.000092261863756,-0.00025425691274,-0.000703545752913,0.00108215329237,0.0000770702536101,0.001490170951,0.000106079860416,-0.000342650571838,-0.00126227003057,0.000342162064044,-0.00198196363635,0.0084567181766]],"mean":[-705.296569824,139.568145752,-11.954829216,20.9119739532,-0.806788265705,-13.7288608551,-11.3980951309,5.86189842224,-14.0722618103,3.3693754673,-5.65377807617,-3.33499383926,-5.59478187561]},"pitch_salience":{"dmean":0.0545051433146,"dmean2":0.0858246833086,"dvar":0.00264328555204,"dvar2":0.0066251643002,"max":0.833410739899,"mean":0.575653791428,"median":0.582759261131,"min":0.000016396299543,"var":0.0120294149965},"silence_rate_20dB":{"dmean":0,"dmean2":0,"dvar":0,"dvar2":0,"max":1,"mean":1,"median":1,"min":1,"var":0},"silence_rate_30dB":{"dmean":0.00141772150528,"dmean2":0.00283573009074,"dvar":0.00141567713581,"dvar2":0.00384038337506,"max":1,"mean":0.999088704586,"median":1,"min":0,"var":0.000910491391551},"silence_rate_60dB":{"dmean":0.0228860750794,"dmean2":0.0457767881453,"dvar":0.0223594810814,"dvar2":0.0499668158591,"max":1,"mean":0.165552854538,"median":0,"min":0,"var":0.138153016567},"spectral_centroid":{"dmean":198.332443237,"dmean2":295.74331665,"dvar":85647.25,"dvar2":174326.203125,"max":12177.0351562,"mean":1374.77087402,"median":1169.34521484,"min":204.63494873,"var":1717583.5},"spectral_complexity":{"dmean":2.4123544693,"dmean2":3.70022273064,"dvar":12.4664716721,"dvar2":24.2565670013,"max":57,"mean":14.7168893814,"median":14,"min":0,"var":82.8069534302},"spectral_contrast_coeffs":{"dmean":[0.0437060296535,0.0383522622287,0.0345959365368,0.029588162899,0.0234789699316,0.0161262787879],"dmean2":[0.0718028619885,0.0614475682378,0.0534377805889,0.0458366014063,0.0355378836393,0.0249689798802],"dvar":[0.00142541097011,0.00111835205462,0.000919663172681,0.000668157823384,0.000537443789653,0.000252933154115],"dvar2":[0.00364253018051,0.00286287465133,0.0021092009265,0.00149749685079,0.00103595072869,0.000573812227231],"max":[-0.283328473568,-0.384460091591,-0.391855150461,-0.51580786705,-0.524110674858,-0.609171330929],"mean":[-0.566730380058,-0.700137376785,-0.715955615044,-0.742301702499,-0.73946917057,-0.773366034031],"median":[-0.554154634476,-0.700818181038,-0.723514199257,-0.743655323982,-0.743399262428,-0.76661157608],"min":[-0.998468875885,-0.994656920433,-0.984010577202,-0.993384420872,-0.985210120678,-0.980754733086],"var":[0.0121909389272,0.00586025742814,0.00711077824235,0.00518425647169,0.00576241128147,0.00280535896309]},"spectral_contrast_valleys":{"dmean":[0.414951384068,0.325531870127,0.315482497215,0.288908362389,0.257701486349,0.305434077978],"dmean2":[0.683537602425,0.514082491398,0.490734726191,0.441165804863,0.374841451645,0.402947753668],"dvar":[0.188156440854,0.127463310957,0.124601811171,0.121120341122,0.122965842485,0.21657794714],"dvar2":[0.391602158546,0.253066629171,0.244320973754,0.231953650713,0.221026331186,0.38192731142],"max":[-5.14760160446,-4.59216165543,-5.40692090988,-5.75156116486,-5.68660163879,-7.59815979004],"mean":[-8.60500621796,-7.46106815338,-8.36197376251,-8.88610267639,-8.73292446136,-11.514374733],"median":[-8.17477989197,-7.01391792297,-7.89595508575,-8.4152545929,-8.19641780853,-11.1489429474],"min":[-28.3970909119,-28.0816516876,-27.8168010712,-27.7288551331,-27.5803642273,-27.4275856018],"var":[7.31422615051,7.30096006393,6.80793380737,6.5809378624,7.2480225563,5.85341739655]},"spectral_decrease":{"dmean":1.36576661092e-9,"dmean2":2.07038786115e-9,"dvar":7.34974458799e-18,"dvar2":1.64335873034e-17,"max":2.41872438001e-28,"mean":-4.96971175323e-9,"median":-3.3840610314e-9,"min":-4.31525783995e-8,"var":2.4912994256e-17},"spectral_energy":{"dmean":0.00538983056322,"dmean2":0.00813458207995,"dvar":0.000111648594611,"dvar2":0.000249136122875,"max":0.168358117342,"mean":0.0200924593955,"median":0.0139426672831,"min":9.97850268025e-21,"var":0.00039344583638},"spectral_energyband_high":{"dmean":0.00016498126206,"dmean2":0.000236091305851,"dvar":2.4471597726e-7,"dvar2":4.95184906413e-7,"max":0.0170589834452,"mean":0.000377663440304,"median":0.0000956465737545,"min":7.08868097123e-21,"var":8.88355259576e-7},"spectral_energyband_low":{"dmean":0.00234919250943,"dmean2":0.00370300048962,"dvar":0.0000485806667712,"dvar2":0.000110088520159,"max":0.104454986751,"mean":0.00469108438119,"median":0.000810463970993,"min":1.37106817895e-23,"var":0.0000873024910106},"spectral_energyband_middle_high":{"dmean":0.0010337337153,"dmean2":0.00148097157944,"dvar":0.00000272439569926,"dvar2":0.00000566332846574,"max":0.0335936136544,"mean":0.00390328117646,"median":0.00233059655875,"min":1.18227515352e-21,"var":0.0000192629231606},"spectral_energyband_middle_low":{"dmean":0.00359008391388,"dmean2":0.00558193586767,"dvar":0.0000396004943468,"dvar2":0.0000977046511252,"max":0.108318246901,"mean":0.0116013325751,"median":0.00796208903193,"min":1.17919799015e-22,"var":0.000136214774102},"spectral_entropy":{"dmean":0.154226914048,"dmean2":0.218227297068,"dvar":0.0379994511604,"dvar2":0.0704815164208,"max":9.82514190674,"mean":7.076359272,"median":7.09257411957,"min":5.00308179855,"var":0.460403233767},"spectral_flux":{"dmean":0.0175471957773,"dmean2":0.0274528451264,"dvar":0.000659515266307,"dvar2":0.00141758203972,"max":0.292089760303,"mean":0.056209936738,"median":0.0470398068428,"min":6.26980967144e-11,"var":0.00201391009614},"spectral_kurtosis":{"dmean":3.16023015976,"dmean2":5.38924360275,"dvar":18.3225536346,"dvar2":52.8924255371,"max":85.0347366333,"mean":8.6885509491,"median":5.49527454376,"min":-1.33893823624,"var":100.373733521},"spectral_rms":{"dmean":0.000509990961291,"dmean2":0.000741807569284,"dvar":6.31764294212e-7,"dvar2":0.00000129964826101,"max":0.0128160761669,"mean":0.00387419387698,"median":0.00368817057461,"min":3.12011614462e-12,"var":0.00000459296006738},"spectral_rolloff":{"dmean":337.513153076,"dmean2":561.113098145,"dvar":520336.1875,"dvar2":1052090,"max":19745.9472656,"mean":1647.86523438,"median":990.52734375,"min":21.533203125,"var":5512960.5},"spectral_skewness":{"dmean":0.307451635599,"dmean2":0.506165087223,"dvar":0.115432098508,"dvar2":0.306279808283,"max":7.76091527939,"mean":1.87346220016,"median":1.61592805386,"min":-0.109450183809,"var":1.09966504574},"spectral_spread":{"dmean":415436.3125,"dmean2":595358.9375,"dvar":744151711744,"dvar2":1375987826690,"max":50205640,"mean":4054266.5,"median":3187179.5,"min":908120.8125,"var":23571896205300},"spectral_strongpeak":{"dmean":0.40894010663,"dmean2":0.686308801174,"dvar":0.536387622356,"dvar2":1.342623353,"max":9.99823379517,"mean":0.91042226553,"median":0.590571582317,"min":0,"var":0.98966473341},"zerocrossingrate":{"dmean":0.00721429986879,"dmean2":0.00836620479822,"dvar":0.000128305749968,"dvar2":0.000162870404893,"max":0.53466796875,"mean":0.0574669837952,"median":0.04736328125,"min":0,"var":0.0035870494321}},"metadata":{"audio_properties":{"analysis_sample_rate":44100,"bit_rate":0,"codec":"flac","downmix":"mix","equal_loudness":0,"length":229.279998779,"lossless":true,"md5_encoded":"532eab80246659c9c1a3886afe7b336f","replay_gain":-7.89283370972},"tags":{"album":["Indelibly Stamped"],"albumartist":["Supertramp"],"albumartistsort":["Supertramp"],"albumsort":["Indelibly Stamped (1971, Supertramp, 1d4ef304-e006-4597-9ce4-db642465da61)"],"artist":["Supertramp"],"artists":["Supertramp"],"artistsort":["Supertramp"],"asin":["B000005RXH"],"date":["1971"],"discnumber":["1"],"disctotal":["1"],"file_name":"08 - Supertramp - Times Have Changed.flac","genre":["Prog-Rock, Pop/Rock, Contemporary Pop/Rock, Art Rock"],"musicbrainz_albumartistid":["d2ff6b6b-fc30-48dc-8952-06f9d8fc64f8"],"musicbrainz_albumid":["1d4ef304-e006-4597-9ce4-db642465da61"],"musicbrainz_artistid":["d2ff6b6b-fc30-48dc-8952-06f9d8fc64f8"],"musicbrainz_recordingid":["7f948ab9-5b6b-4180-ae28-1d56cf801b6c"],"musicbrainz_releasegroupid":["f81825b3-69cc-37ff-b409-fd138d47b013"],"musicbrainz_releasetrackid":["a9174afb-f718-3180-8611-bd68f4ad1561"],"musicip_puid":["e122e0e8-9d48-fd7e-687f-c6f8eaf03c4b"],"originaldate":["1971"],"releasecountry":["US"],"releasestatus":["official"],"releasetype":["album"],"replaygain_album_gain":["-2.62 dB"],"replaygain_album_peak":["0.949677"],"replaygain_track_gain":["-1.72 dB"],"replaygain_track_peak":["0.768402"],"script":["Latn"],"title":["Times Have Changed"],"tracknumber":["8"],"tracktotal":["10"]},"version":{"essentia":"2.1-beta1","essentia_build_sha":"5a55991247aa8bc5301991e5ebe36927b56abb96","essentia_git_sha":"v2.1_beta1-6-g5578087","extractor":"music 1.0"}},"rhythm":{"beats_count":468,"beats_loudness":{"dmean":0.0233179498464,"dmean2":0.0436217524111,"dvar":0.000405690632761,"dvar2":0.0013842714252,"max":0.105264477432,"mean":0.0315123647451,"median":0.0224786400795,"min":0,"var":0.000687947496772},"beats_loudness_band_r