{"lowlevel":{"average_loudness":0.480145961046,"barkbands":{"dmean":[0.0000167594334926,0.00226404657587,0.00357972853817,0.000431368476711,0.00311142019928,0.00234066997655,0.000544536975212,0.000741361291148,0.000445981975645,0.000389876076952,0.000173564432771,0.000039886970626,0.0000212259164982,0.0000238991633523,0.0000144643299791,0.00000481856113765,0.00000305599314743,0.00000517909938935,0.00000405668697567,0.00000249437539424,0.00000130112005081,0.00000488576824864,0.00000597329017182,0.00000678611741023,0.00000637868242848,0.00000365307823813,5.34376169981e-7],"dmean2":[0.000029167977118,0.00344848074019,0.00615143403411,0.000720059499145,0.00509362947196,0.00399163551629,0.000866703572683,0.00113307125866,0.000658702570945,0.000487553013954,0.000240178254899,0.0000560156186111,0.0000323392523569,0.0000360812155122,0.0000209308909689,0.00000689692978995,0.00000450746847491,0.00000726444932297,0.00000585479983783,0.00000357433259524,0.00000180957283646,0.00000700896362105,0.00000852692119224,0.00000912576615519,0.00000846876264404,0.00000491542732561,7.76775436861e-7],"dvar":[2.15265560932e-9,0.00002124963612,0.0000361253551091,6.77613627431e-7,0.0000177027104655,0.0000236811629293,0.0000011391764474,0.0000024389569262,0.00000198188854483,0.00000182774408586,6.80132359321e-7,2.90897457234e-8,1.77649912558e-8,1.44256402379e-8,7.40344541228e-9,3.99057398237e-10,2.30061483752e-10,6.20639761806e-10,1.47377110515e-9,2.06167957706e-10,3.00324126679e-10,6.8370433759e-9,1.02334327678e-8,5.49952705597e-9,7.31296667666e-9,2.2362978136e-9,8.72151795228e-11],"dvar2":[5.5471898186e-9,0.000049137735914,0.000106893618067,0.00000191115577763,0.0000500121823279,0.000066364344093,0.00000254693054558,0.00000524862116436,0.00000450055449619,0.00000297519454762,0.00000126706572701,5.77714907024e-8,3.82457692183e-8,3.52617526289e-8,1.39742510896e-8,8.51434700522e-10,5.56896584403e-10,1.21607623971e-9,3.14834247561e-9,4.30609714552e-10,6.24654883374e-10,1.5693220945e-8,1.93758609157e-8,8.00745425522e-9,1.19955050337e-8,3.93449850478e-9,1.60103805213e-10],"max":[0.00233040703461,0.0519487597048,0.0654694586992,0.0219476930797,0.0751827657223,0.0864132717252,0.0414227694273,0.0499057583511,0.0429917089641,0.0556882172823,0.0408532582223,0.0102531407028,0.00963973347098,0.00762296421453,0.00748378457502,0.00123361917213,0.000639707373921,0.000960849341936,0.00322540756315,0.000863970955834,0.00125393120106,0.00579390581697,0.00629890803248,0.00499342614785,0.00541196437553,0.00341095263138,0.000786042830441],"mean":[0.0000336306511599,0.00496444618329,0.00568471383303,0.000995783484541,0.00751923536882,0.00486600538716,0.00177381746471,0.0021877172403,0.00151495984755,0.00150104449131,0.000568263523746,0.000126578321215,0.0000585093366681,0.0000849681164254,0.0000447201273346,0.0000150062696775,0.00000832576097309,0.0000143381403177,0.0000096599032986,0.00000612913891018,0.00000232238267017,0.00000743936516301,0.00000927933433559,0.0000149278594108,0.0000111744675451,0.00000596152312937,0.00000110898452022],"median":[0.00000525048744748,0.000349106063368,0.00194291223306,0.000410677836044,0.00540356757119,0.00207663630135,0.00091052649077,0.0007625008584,0.000353299983544,0.000181324809091,0.0000853294186527,0.0000128542242237,0.00000793549315858,0.00000755642759032,0.00000533998672836,3.88688249586e-7,2.38789283458e-7,7.80125546385e-8,6.01322227567e-8,2.81257221957e-8,2.06782235779e-8,1.91391382742e-8,1.60893538492e-8,2.27784955342e-8,3.31011555943e-8,3.7764587546e-7,2.25841972679e-7],"min":[1.08304512548e-14,5.77090069118e-15,1.05220539702e-15,2.51903416288e-16,8.61313393349e-16,2.48294875938e-15,6.85963279587e-15,3.8682321811e-15,1.26233034256e-15,4.4162836738e-16,1.18298283716e-15,3.18513166112e-15,4.23771981116e-15,5.4360600968e-15,1.30898413379e-14,1.43012077197e-14,8.20185899178e-15,3.4269720613e-15,1.12492201088e-14,1.53284808078e-14,1.1589506278e-14,1.54646430481e-14,1.89058583919e-14,2.64534471124e-14,5.94622549983e-14,9.07741424887e-14,9.74460990415e-14],"var":[1.65973137456e-8,0.0000789655605331,0.0000672101377859,0.00000219273738367,0.0000574649093323,0.0000625017564744,0.00000626459041086,0.000014308997379,0.0000158817165357,0.0000242449332291,0.00000561594742976,3.1280532653e-7,7.03956786197e-8,2.05723651447e-7,3.81480660394e-8,3.82831721879e-9,7.8254808189e-10,3.31970229084e-9,3.49016793244e-9,5.49516376847e-10,4.13320516701e-10,7.70205943468e-9,1.98491250103e-8,1.34479440916e-8,1.33186013329e-8,3.94195609488e-9,1.20691873162e-10]},"barkbands_crest":{"dmean":2.5812125206,"dmean2":4.35208511353,"dvar":4.88771009445,"dvar2":13.8710212708,"max":25.8569736481,"mean":12.5494842529,"median":11.8241891861,"min":4.10728406906,"var":16.5685558319},"barkbands_flatness_db":{"dmean":0.0214658789337,"dmean2":0.0342339091003,"dvar":0.000375992123736,"dvar2":0.000891718140338,"max":0.544579267502,"mean":0.347556322813,"median":0.368186980486,"min":0.0695093944669,"var":0.00689939083531},"barkbands_kurtosis":{"dmean":3.98958516121,"dmean2":6.57725667953,"dvar":193.428726196,"dvar2":540.153381348,"max":677.361633301,"mean":7.71262407303,"median":3.29208850861,"min":-1.82492220402,"var":428.398864746},"barkbands_skewness":{"dmean":0.463045835495,"dmean2":0.756298720837,"dvar":0.281532794237,"dvar2":0.7378937006,"max":17.5705928802,"mean":1.30373215675,"median":1.11212933064,"min":-6.27868509293,"var":1.34441912174},"barkbands_spread":{"dmean":0.996926665306,"dmean2":1.58145737648,"dvar":5.72209787369,"dvar2":11.0225448608,"max":109.008720398,"mean":4.5575428009,"median":3.56651258469,"min":0.184004411101,"var":26.36602211},"dissonance":{"dmean":0.0546852909029,"dmean2":0.0940969958901,"dvar":0.00215499778278,"dvar2":0.00616727722809,"max":0.499713182449,"mean":0.337665975094,"median":0.344854027033,"min":0.0716523975134,"var":0.00639190291986},"dynamic_complexity":4.37015771866,"erbbands":{"dmean":[0.0273359846324,0.634828388691,3.46817374229,2.65140151978,2.89878296852,14.1129846573,16.3701457977,21.070854187,6.8659620285,18.5743865967,11.1514129639,10.7016277313,13.3152732849,7.22915649414,5.72415971756,1.82794094086,0.966843008995,1.30027353764,0.774194896221,0.467537939548,0.22934640944,0.144455626607,0.237192317843,0.239537402987,0.123800449073,0.121215112507,0.0578546263278,0.0642175674438,0.161641001701,0.208983570337,0.162755578756,0.126971170306,0.126151666045,0.0775144025683,0.0446370281279,0.0204869657755,0.0057343239896,0.001156955841,0.0000907556022867,0.000010693738659],"dmean2":[0.0434608273208,0.976306140423,5.95112466812,4.38146543503,4.74993753433,23.4024620056,26.9039173126,36.6774139404,10.5448198318,29.4745788574,16.4196395874,15.8237752914,17.0290164948,9.65240859985,7.78577136993,2.53619265556,1.42636168003,1.99197030067,1.17333030701,0.644922554493,0.325358062983,0.20771099627,0.333423703909,0.332936942577,0.183136343956,0.17600338161,0.0816990882158,0.091591745615,0.240143090487,0.295028716326,0.230956852436,0.169402465224,0.172723665833,0.100777208805,0.0624083355069,0.0287075191736,0.00774635141715,0.00154198321979,0.000133644309244,0.000017106969608],"dvar":[0.0043180482462,1.58323693275,33.9498062134,21.2653694153,24.6352863312,464.343688965,547.527709961,2235.89257812,323.82208252,1287.78613281,1040.86730957,1444.70471191,2079.08227539,1128.15820312,640.152954102,55.6891899109,30.4617919922,41.8209190369,25.8709812164,4.30817461014,1.26159381866,0.566990315914,1.02062368393,2.59697937965,3.19752645493,0.634310662746,0.153483793139,1.54631412029,11.9646511078,10.2050018311,8.4402256012,2.62080192566,1.7677359581,1.30394101143,0.276260465384,0.0654858872294,0.00715323537588,0.000171161183971,0.00000388302260035,2.61369526022e-9],"dvar2":[0.0102351345122,3.69456601143,100.984962463,59.3468818665,59.9080657959,1329.67272949,1378.40527344,6647.16455078,514.362915039,3078.82177734,2165.9309082,3491.16870117,3448.43530273,2058.0390625,1209.80114746,108.738731384,63.6799888611,109.525169373,50.3852996826,7.47535943985,2.67639756203,1.40605854988,1.98045575619,4.28395462036,8.0507478714,1.44968235493,0.268260300159,3.6979868412,28.7911472321,20.9395141602,16.2086334229,3.83945631981,2.79880928993,2.32273387909,0.428359359503,0.118020713329,0.0129571342841,0.000318558653817,0.00000703865771357,4.90831375544e-9],"max":[1.756752491,13.903886795,57.4547996521,78.1689910889,71.8110122681,347.526000977,464.017272949,1009.95788574,750.503173828,725.567382812,1363.44641113,1340.51171875,2379.0769043,1650.14050293,1409.32641602,459.061950684,346.339263916,443.841796875,480.679718018,176.716888428,75.5187759399,46.5549888611,50.7177314758,101.177452087,160.64491272,53.1085014343,21.1485481262,79.5597763062,272.016571045,160.469497681,178.48979187,115.087638855,88.931968689,76.408241272,34.4273529053,13.3131160736,7.19744682312,1.17981851101,0.178562909365,0.00432459590957],"mean":[0.108990423381,1.2950322628,5.39380407333,6.16523456573,5.65206003189,33.3513526917,38.3504104614,41.7098693848,22.1505641937,51.9463348389,38.669708252,37.6618843079,50.5178794861,28.6152553558,20.9554157257,6.80914545059,3.10484623909,5.02988100052,2.5662355423,1.65760600567,0.817565858364,0.50085657835,0.771724164486,0.740963816643,0.297689288855,0.292405486107,0.140505254269,0.0945824459195,0.237049430609,0.334181249142,0.253247797489,0.254467785358,0.265305876732,0.126488029957,0.0816933810711,0.0335798487067,0.00897924508899,0.00253563467413,0.000168475045939,0.0000401341276302],"median":[0.00297260098159,0.135522067547,1.81667149067,2.22051215172,3.49300384521,20.8493671417,26.7444477081,14.9660663605,11.5931777954,31.1329402924,10.8711357117,8.85670948029,12.7904806137,3.13331913948,3.26882505417,0.924565196037,0.459765762091,0.510450065136,0.308875799179,0.129358261824,0.0253644175828,0.0107764247805,0.00491161923856,0.00393364997581,0.00227602059022,0.00136539561208,0.00099563668482,0.000758540292736,0.000707026221789,0.000548090552911,0.000471482257126,0.000454044435173,0.0004199645482,0.000364365376299,0.00026486479328,0.000163392178365,0.000395489711082,0.00101423577871,0.0000451228588645,0.0000308245835186],"min":[3.18449720803e-13,8.07833129817e-13,1.30476185412e-12,1.05846754972e-12,1.27154309217e-12,2.99159134964e-12,7.59740013956e-12,2.58354344862e-11,8.1360446158e-11,1.16143934747e-10,5.48350323482e-11,3.26168085596e-11,2.32186769811e-11,1.71479930949e-11,7.05588990013e-11,1.427597901e-10,2.21360346719e-10,1.95603450104e-10,5.79359837882e-10,5.64818525284e-10,9.28816523693e-10,4.26555207822e-10,2.16710233092e-10,2.6138016751e-10,8.02855615323e-10,8.65238825032e-10,5.11659214997e-10,4.37796243702e-10,6.16621309568e-10,4.5436296392e-10,5.01258867747e-10,4.39890457393e-10,5.66997226947e-10,4.64749960738e-10,5.47073719659e-10,3.36805972001e-10,1.77908743293e-10,5.47562307995e-11,1.34685379169e-11,1.47091746335e-12],"var":[0.0435681454837,4.9910697937,59.815032959,78.1184616089,47.1206130981,1505.25537109,1561.07263184,5757.63476562,1938.90576172,4256.73876953,8077.78613281,11085.3847656,20632.0566406,16434.78125,6987.54785156,647.713684082,161.423675537,666.824829102,157.214523315,51.1408348083,12.9929008484,2.78188586235,8.41976928711,12.9675045013,4.11212491989,1.3416466713,0.442105859518,1.67016863823,12.0808954239,14.7917423248,16.1640853882,6.51847028732,3.99848246574,2.12315654755,0.565300643444,0.116074159741,0.0119921397418,0.00026354129659,0.00000522851632923,4.44421877077e-9]},"erbbands_crest":{"dmean":2.50381374359,"dmean2":4.14692783356,"dvar":5.56468296051,"dvar2":15.1439704895,"max":32.5996780396,"mean":13.3500862122,"median":12.339179039,"min":2.52187776566,"var":22.5998668671},"erbbands_flatness_db":{"dmean":0.0180911645293,"dmean2":0.0285319741815,"dvar":0.000324591324897,"dvar2":0.000725477759261,"max":0.509915530682,"mean":0.330159842968,"median":0.342896729708,"min":0.0303659085184,"var":0.00570174818859},"erbbands_kurtosis":{"dmean":2.14725589752,"dmean2":3.5598757267,"dvar":29.7660884857,"dvar2":85.4364318848,"max":207.703598022,"mean":4.64926862717,"median":1.61123991013,"min":-1.77639591694,"var":137.685806274},"erbbands_skewness":{"dmean":0.372698038816,"dmean2":0.599830031395,"dvar":0.152020767331,"dvar2":0.401986539364,"max":10.7171039581,"mean":0.792712569237,"median":0.657026648521,"min":-3.06970047951,"var":1.39482474327},"erbbands_spread":{"dmean":1.95707333088,"dmean2":3.11613798141,"dvar":16.442237854,"dvar2":32.7921409607,"max":149.770370483,"mean":9.73720359802,"median":8.16890144348,"min":0.918704271317,"var":73.8532867432},"gfcc":{"cov":[[18933.6933594,-1602.44787598,-3119.41381836,620.686706543,-601.764404297,1011.7175293,-182.380218506,1200.41333008,-137.825500488,-135.183776855,172.284957886,374.520751953,71.2369842529],[-1602.44787598,2936.1953125,858.194274902,-1324.64868164,811.641906738,-132.710021973,562.356811523,-555.509033203,307.948913574,49.8363800049,10.7783336639,-105.37046814,35.2408027649],[-3119.41381836,858.194274902,1177.57946777,-102.978775024,293.567932129,-140.677627563,212.909515381,-162.182693481,124.979316711,131.764984131,14.1041936874,-33.2930679321,-17.7495441437],[620.686706543,-1324.64868164,-102.978775024,1103.91259766,-277.965576172,65.5239028931,-175.189880371,397.727203369,-68.2899932861,53.3025588989,47.472076416,69.6773376465,-0.858789205551],[-601.764404297,811.641906738,293.567932129,-277.965576172,538.298706055,-6.74125289917,211.614471436,-99.5707550049,157.177963257,79.9736251831,12.9700069427,26.859582901,7.01298379898],[1011.7175293,-132.710021973,-140.677627563,65.5239028931,-6.74125289917,284.870025635,22.7730464935,88.3670120239,19.1031703949,7.8883023262,56.660533905,-12.0741825104,3.16442084312],[-182.380218506,562.356811523,212.909515381,-175.189880371,211.614471436,22.7730464935,293.175598145,-37.2694702148,83.4371795654,18.5974884033,19.0936698914,21.7445430756,3.68376755714],[1200.41333008,-555.509033203,-162.182693481,397.727203369,-99.5707550049,88.3670120239,-37.2694702148,326.501464844,-7.71466588974,15.6606903076,29.0661373138,51.6599502563,2.07188534737],[-137.825500488,307.948913574,124.979316711,-68.2899932861,157.177963257,19.1031703949,83.4371795654,-7.71466588974,154.771728516,50.0680656433,-6.19946908951,-5.28328418732,4.77763080597],[-135.183776855,49.8363800049,131.764984131,53.3025588989,79.9736251831,7.8883023262,18.5974884033,15.6606903076,50.0680656433,123.960189819,17.4726047516,-6.5923948288,-7.58477210999],[172.284957886,10.7783336639,14.1041936874,47.472076416,12.9700069427,56.660533905,19.0936698914,29.0661373138,-6.19946908951,17.4726047516,116.791664124,15.4869346619,-7.01585674286],[374.520751953,-105.37046814,-33.2930679321,69.6773376465,26.859582901,-12.0741825104,21.7445430756,51.6599502563,-5.28328418732,-6.5923948288,15.4869346619,113.549354553,26.0379867554],[71.2369842529,35.2408027649,-17.7495441437,-0.858789205551,7.01298379898,3.16442084312,3.68376755714,2.07188534737,4.77763080597,-7.58477210999,-7.01585674286,26.0379867554,71.3015441895]],"icov":[[0.000237680593273,-0.000572649238165,0.000699590775184,-0.000198368841666,0.000418579031248,-0.00062184111448,0.000261014443822,-0.000770984101109,0.000307773123495,-0.000539727217983,0.000372047972633,-0.0010476076277,0.000553815159947],[-0.000572649238165,0.00385355716571,-0.00237169465981,0.00232914858498,-0.00227490859106,0.00234536919743,-0.00250019342639,0.00239172042347,-0.00224635447375,0.00203867862001,-0.00247704586945,0.00462206592783,-0.00327974231914],[0.000699590775184,-0.00237169465981,0.0036439136602,-0.00148591340985,0.00133634009399,-0.00132068269886,0.000383544916986,-0.00165442668367,0.00102762959432,-0.00275838887319,0.00120080960914,-0.00308618508279,0.00220078183338],[-0.000198368841666,0.00232914858498,-0.00148591340985,0.00364112970419,-0.000670935958624,0.00115427817218,-0.000792564998847,-0.00123896193691,-0.00109965971205,0.000157201953698,-0.00170196720865,0.00177089625504,-0.00191108288709],[0.000418579031248,-0.00227490859106,0.00133634009399,-0.000670935958624,0.00527752470225,-0.00155587377958,0.000102533478639,-0.00119643856306,-0.00102079415228,-0.00279897893779,0.00123488740064,-0.00444291811436,0.00212483108044],[-0.00062184111448,0.00234536919743,-0.00132068269886,0.00115427817218,-0.00155587377958,0.00683593936265,-0.00212121242657,0.00104175659362,-0.00209258357063,0.00154003500938,-0.00389520032331,0.00536139542237,-0.00296093686484],[0.000261014443822,-0.00250019342639,0.000383544916986,-0.000792564998847,0.000102533478639,-0.00212121242657,0.00753586320207,-0.00206505693495,0.000356631469913,0.0000538644089829,0.00110625848174,-0.00401043659076,0.00237082270905],[-0.000770984101109,0.00239172042347,-0.00165442668367,-0.00123896193691,-0.00119643856306,0.00104175659362,-0.00206505693495,0.00945997145027,-0.00241695460863,0.00151154480409,-0.00148549000733,0.00204618787393,-0.00150600087363],[0.000307773123495,-0.00224635447375,0.00102762959432,-0.00109965971205,-0.00102079415228,-0.00209258357063,0.000356631469913,-0.00241695460863,0.0121217658743,-0.00369902164675,0.0031792933587,-0.00136299245059,0.000895269622561],[-0.000539727217983,0.00203867862001,-0.00275838887319,0.000157201953698,-0.00279897893779,0.00154003500938,0.0000538644089829,0.00151154480409,-0.00369902164675,0.0130572896451,-0.00270582200028,0.00410694582388,-0.00112208933569],[0.000372047972633,-0.00247704586945,0.00120080960914,-0.00170196720865,0.00123488740064,-0.00389520032331,0.00110625848174,-0.00148549000733,0.0031792933587,-0.00270582200028,0.0121694626287,-0.0048765852116,0.00364582869224],[-0.0010476076277,0.00462206592783,-0.00308618508279,0.00177089625504,-0.00444291811436,0.00536139542237,-0.00401043659076,0.00204618787393,-0.00136299245059,0.00410694582388,-0.0048765852116,0.018796429038,-0.00845368020236],[0.000553815159947,-0.00327974231914,0.00220078183338,-0.00191108288709,0.00212483108044,-0.00296093686484,0.00237082270905,-0.00150600087363,0.000895269622561,-0.00112208933569,0.00364582869224,-0.00845368020236,0.0187276806682]],"mean":[-169.134246826,196.078460693,-34.6303100586,-46.2998466492,-53.3542823792,-8.34976768494,-32.3107147217,-7.95204162598,-19.9245128632,-4.25932073593,-15.8841371536,-6.30380916595,-10.9579677582]},"hfc":{"dmean":2.19394493103,"dmean2":3.39895701408,"dvar":16.8425197601,"dvar2":32.5626144409,"max":213.031341553,"mean":10.6385440826,"median":7.34168863297,"min":4.94882135271e-9,"var":115.617843628},"melbands":{"dmean":[0.00044569093734,0.00136794382706,0.000441552547272,0.000534245627932,0.000656936957967,0.000456274632597,0.000101285688288,0.000200772265089,0.0000872755044838,0.0000660938894725,0.0000658729768475,0.0000286776248686,0.0000227770487982,0.00000676173522152,0.00000278291167888,0.00000209022687159,0.00000269055271929,0.00000133497565002,7.74112720592e-7,4.66723776071e-7,3.05724228156e-7,1.55327782636e-7,2.28771625643e-7,2.13254608639e-7,2.1731796096e-7,1.07376813219e-7,8.8615514926e-8,8.64187086336e-8,4.32904769809e-8,2.71139501962e-8,4.14916350167e-8,8.75634569297e-8,1.14267102447e-7,1.23858100665e-7,1.07872523358e-7,6.83871945739e-8,8.81719088852e-8,9.790983313e-8,8.09426694559e-8,6.31755838754e-8],"dmean2":[0.000682977668475,0.00230837590061,0.000729699677322,0.000886387249921,0.00107931229286,0.000785896205343,0.000154406006914,0.000317406782415,0.000126963481307,0.0000975146322162,0.0000840800057631,0.0000384447048418,0.0000311838120979,0.00000940538666327,0.00000398651445721,0.00000319914533975,0.00000412873896494,0.00000199965438696,0.00000110745781967,6.57116174807e-7,4.36672763726e-7,2.27071993208e-7,3.22312445178e-7,3.01891816434e-7,3.03567162518e-7,1.61242056151e-7,1.26287659441e-7,1.273233039e-7,6.29340988212e-8,3.7990773194e-8,6.18734716795e-8,1.29173088226e-7,1.61712634394e-7,1.76234166815e-7,1.60666232318e-7,9.85881030147e-8,1.23362781324e-7,1.39216922435e-7,1.0320525945e-7,8.61264837226e-8],"dvar":[8.85162592112e-7,0.00000523374865224,5.01639362938e-7,5.37546554824e-7,7.52834921514e-7,9.98969994725e-7,6.49266098662e-8,1.46782141996e-7,7.18043295933e-8,5.50581837899e-8,5.07317672316e-8,2.0800355216e-8,1.149184925e-8,7.05775882182e-10,2.5246715829e-10,1.37823530366e-10,2.01791847121e-10,7.98443949845e-11,1.12741959865e-11,3.71419214829e-12,2.92301274331e-12,8.75860256717e-13,1.21903041047e-12,9.737573161e-13,2.35198015577e-12,2.32816760662e-12,7.63514685503e-13,3.43612291398e-13,6.63701000625e-14,1.27269708986e-13,8.14508128912e-13,4.42627141536e-12,2.52686695353e-12,3.8934810237e-12,3.86442787492e-12,1.59327889424e-12,1.02042452179e-12,9.92938912515e-13,8.95334262459e-13,1.01869858035e-12],"dvar2":[0.00000206116874324,0.0000149013621922,0.00000140044653563,0.00000152538325437,0.00000200536555894,0.00000289250192509,1.05521628768e-7,3.41582676811e-7,1.45330034229e-7,1.30746784066e-7,8.40370901756e-8,3.78755373731e-8,2.09603427948e-8,1.42128131486e-9,3.98417299152e-10,3.2273611561e-10,5.36975075516e-10,1.49928541804e-10,2.28101201122e-11,7.35686945391e-12,6.26534457995e-12,2.26889600857e-12,2.55554410099e-12,1.97528495297e-12,3.88078154681e-12,5.89846964674e-12,1.79917409096e-12,8.16621509997e-13,1.25336237699e-13,2.40680197126e-13,2.05167415175e-12,1.1061417407e-11,5.35366065715e-12,8.07677189019e-12,8.07712056961e-12,2.85235919086e-12,1.70730562934e-12,1.72106469701e-12,1.45774549116e-12,1.88527166968e-12],"max":[0.0145694687963,0.0229281503707,0.0115070743486,0.0108389221132,0.0147202229127,0.0202325750142,0.0105034625158,0.00774186477065,0.0105737429112,0.00865555368364,0.0116136306897,0.00745706818998,0.00534990010783,0.00143309135456,0.00131722190417,0.000659808807541,0.000966353865806,0.000804630923085,0.000199704765691,0.000127879204229,0.000121142009448,0.0000591299613006,0.000062413411797,0.0000438012139057,0.0000984995785984,0.000134649671963,0.0000726030484657,0.0000429033170803,0.00000969673692452,0.0000309943934553,0.0000618637859588,0.000170066821738,0.0000772416460677,0.000108407424705,0.000128644329379,0.0000878671489772,0.0000775597509346,0.0000641540318611,0.0000654577670502,0.0000630551294307],"mean":[0.00120867637452,0.0025367543567,0.00101458199788,0.00123836076818,0.00159845605958,0.000926502863877,0.000342611921951,0.000559146341402,0.000295333127724,0.000233273342019,0.00024639070034,0.000112968678877,0.0000741080220905,0.0000262005960394,0.00000774203635956,0.00000643980092718,0.00000995306800178,0.00000398501742893,0.00000245380147135,0.00000144626562815,9.82443339126e-7,4.72996362078e-7,6.9485338372e-7,6.20051309852e-7,6.25359803053e-7,2.34876978311e-7,1.92511123487e-7,1.98214465286e-7,1.00784866675e-7,5.14897031678e-8,5.28388461873e-8,1.14555334108e-7,1.82481144861e-7,1.88919784705e-7,1.56274452934e-7,1.1153767332e-7,1.79707981829e-7,2.04690067562e-7,1.41354718153e-7,9.28952346158e-8],"median":[0.0000556317354494,0.00074244098505,0.000453214335721,0.000834156991914,0.00117144035175,0.0003494884877,0.000183018797543,0.000336925761076,0.0000651114532957,0.0000543372334505,0.0000584776862524,0.00000837482366478,0.0000116524888654,0.00000257656938629,0.00000165460880908,7.36980098281e-7,9.08830941171e-7,4.33900623875e-7,2.89289175726e-7,4.95827521263e-8,2.06906261013e-8,1.25367094483e-8,4.59649118767e-9,3.70836961139e-9,3.02810865271e-9,1.80889792034e-9,1.13867670848e-9,8.17323042579e-10,6.36349584138e-10,4.89881135657e-10,3.95454918811e-10,3.86621873405e-10,3.41208256094e-10,2.73974148923e-10,2.51893450542e-10,2.56010934674e-10,2.65320515558e-10,2.71222322379e-10,2.79426481953e-10,2.86910467606e-10],"min":[2.74503112942e-15,8.09833589551e-16,1.88793095736e-16,1.42180012381e-16,2.37778347799e-16,5.95333401209e-16,1.29968915421e-15,1.24439526693e-15,3.39914268794e-16,2.06571404091e-16,1.09171270775e-16,5.40931121984e-17,2.00738430814e-16,2.8130596806e-16,5.04512781598e-16,4.07321097797e-16,3.39828374359e-16,8.57754160905e-16,1.02455421822e-15,5.81248778543e-16,1.25712564273e-15,4.19802790019e-16,3.59558048101e-16,9.70153686e-17,1.88118063416e-16,5.17285932564e-16,6.10468927064e-16,5.268463405e-16,3.34886492977e-16,2.34967680722e-16,2.37716832032e-16,3.26340962861e-16,3.14223944792e-16,2.55504762152e-16,2.40485173931e-16,3.83430824687e-16,2.14349112076e-16,3.77749007086e-16,3.69128832191e-16,3.97965274787e-16],"var":[0.00000490641377837,0.000012480555597,0.00000176325988832,0.00000171333329035,0.00000239833502746,0.00000270186569651,4.00494002406e-7,4.97740643368e-7,5.57432144888e-7,4.26447314794e-7,5.12179042289e-7,3.26932024564e-7,8.894328829e-8,1.08233724205e-8,8.36253399861e-10,9.14694653353e-10,3.11332604142e-9,5.14822851017e-10,8.81642467365e-11,3.06289889285e-11,2.98027609535e-11,2.9700805617e-12,8.9061761438e-12,5.42956435021e-12,1.09437363685e-11,3.16278036747e-12,1.0740210804e-12,6.98945838273e-13,2.2109392225e-13,1.96340258505e-13,7.91295414609e-13,3.97769707797e-12,3.46026874688e-12,5.73459248837e-12,6.74869275047e-12,3.45052805772e-12,2.30275629294e-12,2.17913209179e-12,1.80044011384e-12,1.52449428949e-12]},"melbands_crest":{"dmean":2.82692623138,"dmean2":4.73590326309,"dvar":5.79026842117,"dvar2":16.5794773102,"max":28.8413410187,"mean":14.1864624023,"median":13.811712265,"min":3.0053665638,"var":14.4602842331},"melbands_flatness_db":{"dmean":0.024497712031,"dmean2":0.0387351959944,"dvar":0.000524933508132,"dvar2":0.00118817551993,"max":0.707435369492,"mean":0.48276245594,"median":0.519252717495,"min":0.0100730676204,"var":0.0120990360156},"melbands_kurtosis":{"dmean":2.67849588394,"dmean2":4.40336704254,"dvar":25.0603351593,"dvar2":67.2220993042,"max":138.578262329,"mean":5.22489356995,"median":2.80413866043,"min":-1.7340708971,"var":85.9398193359},"melbands_skewness":{"dmean":0.426799118519,"dmean2":0.697410881519,"dvar":0.168100431561,"dvar2":0.433784157038,"max":9.38768863678,"mean":1.33863377571,"median":1.21177792549,"min":-1.26669383049,"var":0.804836094379},"melbands_spread":{"dmean":1.26532006264,"dmean2":2.03869390488,"dvar":6.00450468063,"dvar2":15.1678380966,"max":184.77835083,"mean":6.04298830032,"median":4.66989898682,"min":0.430979818106,"var":53.2723426819},"mfcc":{"cov":[[10455.3271484,-314.863525391,-1483.93371582,-350.692169189,121.11681366,-627.528747559,18.3368339539,644.203674316,-66.2668533325,260.302001953,-56.0457420349,-87.3329238892,231.741958618],[-314.863525391,3363.11743164,539.863098145,-609.331726074,-130.726867676,426.95211792,157.410110474,-84.8932800293,231.871841431,102.546203613,110.046234131,52.1476516724,16.9207649231],[-1483.93371582,539.863098145,670.976135254,72.4810638428,-73.836265564,147.243423462,50.4241714478,-98.7183456421,26.7579574585,5.37536621094,54.4725265503,40.9968528748,-18.9135971069],[-350.692169189,-609.331726074,72.4810638428,562.496948242,152.959182739,-105.345169067,-4.59777355194,55.4142417908,48.750453949,-7.23014450073,38.3175354004,63.0477790833,85.0411453247],[121.11681366,-130.726867676,-73.836265564,152.959182739,256.624023438,30.9249820709,13.6507072449,60.386631012,43.0405960083,35.4252204895,47.1890220642,60.4389076233,57.8644294739],[-627.528747559,426.95211792,147.243423462,-105.345169067,30.9249820709,264.661987305,58.5668678284,-51.1778907776,53.0439949036,26.5094623566,36.6186904907,33.8539505005,-10.241106987],[18.3368339539,157.410110474,50.4241714478,-4.59777355194,13.6507072449,58.5668678284,159.223800659,49.0372200012,3.56224751472,14.8531532288,28.1959018707,41.548160553,24.2287025452],[644.203674316,-84.8932800293,-98.7183456421,55.4142417908,60.386631012,-51.1778907776,49.0372200012,191.947433472,49.1917228699,18.6083812714,0.844667851925,31.5100345612,51.1067428589],[-66.2668533325,231.871841431,26.7579574585,48.750453949,43.0405960083,53.0439949036,3.56224751472,49.1917228699,176.707305908,30.9297046661,18.6314983368,25.8843078613,35.3036422729],[260.302001953,102.546203613,5.37536621094,-7.23014450073,35.4252204895,26.5094623566,14.8531532288,18.6083812714,30.9297046661,136.040847778,51.6485099792,16.0095443726,4.74108505249],[-56.0457420349,110.046234131,54.4725265503,38.3175354004,47.1890220642,36.6186904907,28.1959018707,0.844667851925,18.6314983368,51.6485099792,103.468444824,39.6125335693,13.7857198715],[-87.3329238892,52.1476516724,40.9968528748,63.0477790833,60.4389076233,33.8539505005,41.548160553,31.5100345612,25.8843078613,16.0095443726,39.6125335693,107.926681519,40.140953064],[231.741958618,16.9207649231,-18.9135971069,85.0411453247,57.8644294739,-10.241106987,24.2287025452,51.1067428589,35.3036422729,4.74108505249,13.7857198715,40.140953064,118.677078247]],"icov":[[0.0002227214718,-0.000076142277976,0.000364353269106,0.000128802945255,0.0000159150731633,0.000367292028386,1.68784978882e-7,-0.000494943931699,0.000236820720602,-0.000441460637376,-0.0000102451713246,0.000157420217874,-0.000326110079186],[-0.000076142277976,0.000682163459715,-0.000636868819129,0.000899786828086,-0.0000583338805882,-0.000183071650099,-0.000327388872392,0.000389109278331,-0.000997143681161,0.000137329043355,-0.000401182536734,-0.0000466813944513,-0.000429391337093],[0.000364353269106,-0.000636868819129,0.0033087588381,-0.00147307955194,0.00153204891831,-0.000740863324609,-0.00011505218572,-0.00019843156042,0.000963580620009,-0.000648622808512,-0.000465852499474,-0.000344257627148,0.000170056751813],[0.000128802945255,0.000899786828086,-0.00147307955194,0.00459447037429,-0.0021353198681,0.00243626791053,-0.000560671498533,0.000397873402108,-0.00201890431345,0.000412363559008,-0.000973643618636,-0.000450459105195,-0.00186279485933],[0.0000159150731633,-0.0000583338805882,0.00153204891831,-0.0021353198681,0.00703829806298,-0.00260806945153,0.00119777140208,-0.00145336962305,0.000604612578172,-0.000745980418287,-0.00155842746608,-0.0015565387439,-0.000966470572166],[0.000367292028386,-0.000183071650099,-0.000740863324609,0.00243626791053,-0.00260806945153,0.0082880826667,-0.00269802706316,0.00209589465521,-0.00233449600637,-0.000677979260217,-0.00008749828703,-0.000807682343293,0.0000850392389111],[1.68784978882e-7,-0.000327388872392,-0.00011505218572,-0.000560671498533,0.00119777140208,-0.00269802706316,0.00936159491539,-0.00368902343325,0.00247427728027,0.0000412379849877,-0.00121203612071,-0.00170496792998,-0.000729867315385],[-0.000494943931699,0.000389109278331,-0.00019843156042,0.000397873402108,-0.00145336962305,0.00209589465521,-0.00368902343325,0.0101211899891,-0.00360595760867,0.000180309027201,0.00135444523767,-0.00152325013187,-0.000698283372913],[0.000236820720602,-0.000997143681161,0.000963580620009,-0.00201890431345,0.000604612578172,-0.00233449600637,0.00247427728027,-0.00360595760867,0.00938569288701,-0.00164970033802,0.000545406190213,0.000149400832015,-0.00100854353514],[-0.000441460637376,0.000137329043355,-0.000648622808512,0.000412363559008,-0.000745980418287,-0.000677979260217,0.0000412379849877,0.000180309027201,-0.00164970033802,0.0105933733284,-0.0049027716741,0.000324990018271,0.00118989346083],[-0.0000102451713246,-0.000401182536734,-0.000465852499474,-0.000973643618636,-0.00155842746608,-0.00008749828703,-0.00121203612071,0.00135444523767,0.000545406190213,-0.0049027716741,0.0152993500233,-0.00329820788465,0.000489124679007],[0.000157420217874,-0.0000466813944513,-0.000344257627148,-0.000450459105195,-0.0015565387439,-0.000807682343293,-0.00170496792998,-0.00152325013187,0.000149400832015,0.000324990018271,-0.00329820788465,0.0142110353336,-0.00282052718103],[-0.000326110079186,-0.000429391337093,0.000170056751813,-0.00186279485933,-0.000966470572166,0.0000850392389111,-0.000729867315385,-0.000698283372913,-0.00100854353514,0.00118989346083,0.000489124679007,-0.00282052718103,0.012564137578]],"mean":[-824.977233887,236.049179077,62.111038208,-10.0980081558,-6.40944051743,-4.28214454651,-6.4808473587,-7.92890501022,-7.49967670441,1.29252910614,-4.29079723358,-10.7896308899,-5.58916330338]},"pitch_salience":{"dmean":0.0624150857329,"dmean2":0.104041323066,"dvar":0.00303712813184,"dvar2":0.00834920909256,"max":0.842289149761,"mean":0.527803659439,"median":0.525309681892,"min":0.156462281942,"var":0.0101873455569},"silence_rate_20dB":{"dmean":0,"dmean2":0,"dvar":0,"dvar2":0,"max":1,"mean":1,"median":1,"min":1,"var":0},"silence_rate_30dB":{"dmean":0.00884520914406,"dmean2":0.017691867426,"dvar":0.00876664742827,"dvar2":0.0211464613676,"max":1,"mean":0.988371133804,"median":1,"min":0,"var":0.0114943590015},"silence_rate_60dB":{"dmean":0.00491400482133,"dmean2":0.00982881523669,"dvar":0.00488885119557,"dvar2":0.0135017251596,"max":1,"mean":0.0768159851432,"median":0,"min":0,"var":0.0709140300751},"spectral_centroid":{"dmean":36.060798645,"dmean2":57.2542037964,"dvar":3845.02368164,"dvar2":7778.80517578,"max":4733.40185547,"mean":393.215454102,"median":344.348968506,"min":177.105422974,"var":45015.5585938},"spectral_complexity":{"dmean":1.00458645821,"dmean2":1.72987139225,"dvar":1.02336502075,"dvar2":2.57355952263,"max":21,"mean":8.43559074402,"median":9,"min":0,"var":9.8005771637},"spectral_contrast_coeffs":{"dmean":[0.0474198460579,0.0378287360072,0.0285369995981,0.0237733814865,0.0166025366634,0.015848569572],"dmean2":[0.0801857933402,0.0640706270933,0.0454825796187,0.0381181314588,0.0266685970128,0.0257387217134],"dvar":[0.00137369544245,0.0010771790985,0.000701361859683,0.000418006413383,0.000228972363402,0.000305989698973],"dvar2":[0.00391032220796,0.00302247819491,0.00163943029474,0.00102031079587,0.000535731494892,0.000757208559662],"max":[-0.244232624769,-0.360426932573,-0.391651600599,-0.494759649038,-0.564097583294,-0.672343850136],"mean":[-0.548027873039,-0.667000710964,-0.676875829697,-0.752833724022,-0.828927755356,-0.852386295795],"median":[-0.549301683903,-0.668841958046,-0.684203147888,-0.751371920109,-0.854920506477,-0.871128797531],"min":[-0.965757369995,-0.95091176033,-0.969000816345,-0.955511331558,-0.962150096893,-0.949980378151],"var":[0.0103426389396,0.00631095143035,0.00906452443451,0.00497964862734,0.00521237589419,0.00241988454945]},"spectral_contrast_valleys":{"dmean":[0.399272978306,0.2643417418,0.274244874716,0.278140217066,0.300003290176,0.207292243838],"dmean2":[0.684802532196,0.446072101593,0.445877283812,0.445907175541,0.474428057671,0.328598499298],"dvar":[0.110550172627,0.057221442461,0.0678336247802,0.0692456960678,0.0996842831373,0.0672003105283],"dvar2":[0.307704329491,0.150614306331,0.168099015951,0.170039609075,0.229257330298,0.138556063175],"max":[-5.23678541183,-4.64577770233,-5.79808187485,-7.09567642212,-6.61286258698,-7.30974626541],"mean":[-7.66545677185,-6.87709903717,-8.66887760162,-10.3201932907,-11.1731767654,-13.0860395432],"median":[-7.68096494675,-6.608314991,-8.27233982086,-10.0755815506,-11.2187585831,-13.3605575562],"min":[-20.0632724762,-19.2298316956,-19.6621074677,-18.862323761,-18.7419090271,-20.1525249481],"var":[1.98700881004,1.62051057816,2.21864533424,1.72059822083,1.6420917511,1.64617609978]},"spectral_decrease":{"dmean":2.05801287123e-9,"dmean2":3.3947782363e-9,"dvar":6.35743432335e-18,"dvar2":1.72274854768e-17,"max":6.83840270914e-17,"mean":-8.23084000956e-9,"median":-6.66227428781e-9,"min":-4.14030232321e-8,"var":4.26182741439e-17},"spectral_energy":{"dmean":0.00793450232595,"dmean2":0.013078449294,"dvar":0.0000941440011957,"dvar2":0.000254688464338,"max":0.16101360321,"mean":0.032030005008,"median":0.0259778350592,"min":4.61045698147e-13,"var":0.000643265550025},"spectral_energyband_high":{"dmean":0.0000260286160483,"dmean2":0.0000341377090081,"dvar":1.31120401647e-7,"dvar2":2.17828031168e-7,"max":0.0215594097972,"mean":0.0000553452919121,"median":0.00000130120099584,"min":3.18572398279e-13,"var":2.58521708929e-7},"spectral_energyband_low":{"dmean":0.00474276999012,"dmean2":0.00791768170893,"dvar":0.0000623489613645,"dvar2":0.000171810606844,"max":0.0860072001815,"mean":0.0114961434156,"median":0.00292457826436,"min":1.19598180711e-14,"var":0.00023907283321},"spectral_energyband_middle_high":{"dmean":0.000399309908971,"dmean2":0.000529494311195,"dvar":0.00000158391810601,"dvar2":0.00000285771420749,"max":0.0528734363616,"mean":0.0018818002427,"median":0.00032360147452,"min":7.49600915736e-14,"var":0.0000251351630141},"spectral_energyband_middle_low":{"dmean":0.00513639301062,"dmean2":0.00835953652859,"dvar":0.0000430815816799,"dvar2":0.000115183574962,"max":0.113591372967,"mean":0.0197784937918,"median":0.0158968921751,"min":1.58161261458e-14,"var":0.000234505438129},"spectral_entropy":{"dmean":0.152492299676,"dmean2":0.245274215937,"dvar":0.026742298156,"dvar2":0.0578546188772,"max":9.14279842377,"mean":5.44844818115,"median":5.35642337799,"min":3.92063879967,"var":0.316282361746},"spectral_flux":{"dmean":0.0188709106296,"dmean2":0.0313796699047,"dvar":0.0003759447427,"dvar2":0.00103536865208,"max":0.251664996147,"mean":0.0596693269908,"median":0.053335763514,"min":0.0000131457954922,"var":0.00137279066257},"spectral_kurtosis":{"dmean":31.2962856293,"dmean2":51.6901550293,"dvar":1428.1628418,"dvar2":3875.63891602,"max":482.335754395,"mean":125.749229431,"median":125.633071899,"min":-0.920218706131,"var":9388.19335938},"spectral_rms":{"dmean":0.000643836217932,"dmean2":0.00105640222318,"dvar":4.12232509461e-7,"dvar2":0.0000010976567637,"max":0.0125334132463,"mean":0.00507176993415,"median":0.00503430515528,"min":2.12085051743e-8,"var":0.00000552597703063},"spectral_rolloff":{"dmean":66.294921875,"dmean2":116.883499146,"dvar":86643.046875,"dvar2":179844.09375,"max":19315.2832031,"mean":558.848693848,"median":473.73046875,"min":107.666015625,"var":1236971.25},"spectral_skewness":{"dmean":1.16697525978,"dmean2":1.92194652557,"dvar":1.5822122097,"dvar2":4.15780305862,"max":18.2769889832,"mean":8.38607692719,"median":8.95346641541,"min":0.209744483232,"var":14.9057645798},"spectral_spread":{"dmean":314164.90625,"dmean2":512551.875,"dvar":229858066432,"dvar2":418854731776,"max":16318855,"mean":1680697.375,"median":890784.375,"min":189254.46875,"var":3037000892420},"spectral_strongpeak":{"dmean":0.420451790094,"dmean2":0.730577111244,"dvar":0.433904916048,"dvar2":1.13841879368,"max":8.22380447388,"mean":1.01986348629,"median":0.642247319221,"min":0,"var":1.3292042017},"zerocrossingrate":{"dmean":0.00247063906863,"dmean2":0.00322655960917,"dvar":0.0000265347771347,"dvar2":0.0000282066012005,"max":0.65380859375,"mean":0.0210164468735,"median":0.01611328125,"min":0.0029296875,"var":0.00123986252584}},"metadata":{"audio_properties":{"analysis_sample_rate":44100,"bit_rate":320029,"codec":"mp3","downmix":"mix","equal_loudness":0,"length":283.50692749,"lossless":false,"md5_encoded":"89c1bb616988b5b96020a37cd00eadc6","replay_gain":-11.7879734039,"sample_rate":44100},"tags":{"acoustid_fingerprint":["AQADtEkUhZKXoFdwn3ieBQ--ofCLHufxB8-SQPXhQ3kW4sdxjGeGZ8qLf6gV-ED14X1w6niEw_mCn8QfIbiOnkhfDNWVQ-5x5sGHw8_w4S_k48eeR7hQJ4QPOA5hHdXz4EmOo0dzEj-DHyeeBD38Gj3uQ1eEH3eORkfl8Nh1VOvRPMOYJ0dzXYL2LCN48cinIK2U4HFxPxEeY0qhD5p14fFRHT0T_Jjx5DT4B82P7jmeKzgt9IGdvJhufDkuSYmIj88wputQSxeaJnmH5jz6Bc_xB-XR9MEjjjjx4zlDONaJ65ic5DjhF32EH2qU40zwoDn6KMNFHPrxqxjjD8-DK-gJH5M-vMePJ8d3NMmDfsET_DiuoCeaLzieZ7jk4jl-uD7O4MOL48PxLLhwD1eoG88DX3jy4FKO5_DTFD8urFvyDM_x4A9-WMePJ0Je3WjIxegz49iP59g5o4nUo9fR60QThTr-F8lDhDn647qIxFOeIPzRnLjx3Xh2nMGHMIPGlMhxRsUZCw6PE_yHY8qPGu81XMcH_DiP_NAcQ9T8IP2VokcPV0vw5An6fDjaI5mPPMOFJygfY3t2vEd7rEByhM9h5gp89DtyI8Fj1KLhJ_Av-ELPIDnCCc_R6-iDhsiR-HgiHecVTA8M5sWDY0j-IL_w5Tg3FOmhIzwePB8-NGeKPkMOhU-GZ8eToN_hQydCizgeJcczXWhyIXwy7NHxQowzY8wT6J_gj0uQiwE_HW4T3AmeHrmDph8-1PpR_cJTZsePgseP43gSRSIqHTd19DgeXDzwD0-mZ2jhackl6Ibj_qjiHcdR7yvERiP64Nnxk8FzHFdy9Imc4sUj9A_OB2qUBM_RXEWfZdh3CM9RPcWY7Rz68EG9wUdP_Hjx48mDD00edB7-CMeFoye2G_2gGl-Oczlx-DwO_Tjx4xcxUg-eJMeVHC_-40FzXYPmHFcEnTzhpcqU4FlwJya-YmSG48qN32hyo8fzIJeOXg4aLsvxCMd5XMd1XEebB98RTkVydNrRXE6O6EFy4Ulg3vjTHCdqnQj1Izl5oEdz48-IbjSLKbF3PPKKWcpxBc0ZMD9eBSP9FF-W4xkdlEiQ41EYK0Oy5gny5Cgt-AtKHd-ToJtyHD5SJBGFpzhXdLkD6jv-gEePJD_CB82U6PiDpwizH1qJXBJ-9A3-BNeFSkVlBn6QINyOJ1fwHf6M5MhxB9_x6ULlYzv6DDyD4Yip6MNzdMd_-Ed_4KiPxsXxHdXx4IKr4zhO4idwHE_ho1ZxZ8eP7sB3uME_FBf048_w5Mh1NA8qMcMl5AquQ0dwBfuA5yjzIJ3loe-RZzgeHH4W5MKHHzrKG5safIRP-D8uoicO6GiHLvjx4zmO32ieoeXwoD3wAz7xo7_woycsPfjxK0dQn-ix48d_vAl2_IVPhDIPvfgH7QqaWoT-FHmNMcoOR6_x4_iF4y-anWiXZeGwI150OOqMQ8uP4jOuoPkBR12OMjd-9Izh4zizHA_qCz0NUc9RFTpzzIuU4zamHA98HS