{"lowlevel":{"average_loudness":0.696068644524,"barkbands":{"dmean":[0.0000405691826018,0.00330830342136,0.00339926313609,0.00142977642827,0.00144901510794,0.000597638252657,0.000703226949554,0.000495579617564,0.000511550228111,0.00022839018493,0.000250546610914,0.000217091583181,0.000143708326505,0.000150471736561,0.0000577279242862,0.0000452841122751,0.0000504293457197,0.000043290128815,0.0000902550236788,0.0000464129370812,0.0000420280121034,0.0000301430791296,0.0000131929355121,0.00000573569968765,0.00000129341231059,0.00000127432645058,4.90698653266e-7],"dmean2":[0.0000690485394443,0.00416699750349,0.00480018742383,0.00231004250236,0.00222805701196,0.000897550606169,0.00112858554348,0.000777803827077,0.000771973805968,0.000337117206072,0.000348380650394,0.000312003627187,0.000206446100492,0.000221106034587,0.0000847792980494,0.000064212414145,0.0000747963422327,0.0000643233870505,0.000132691056933,0.0000687710053171,0.0000650640649837,0.0000423918936576,0.0000190768932953,0.0000085356496129,0.00000196233213501,0.00000192005904864,7.54858092478e-7],"dvar":[3.10031147421e-8,0.0000956040166784,0.0000988726314972,0.0000231885896937,0.0000207269986277,0.00000278401898868,0.0000125032247524,0.00000978052594292,0.00000557960765946,0.0000016942020693,0.00000249727963819,0.00000190282446511,7.5179320902e-7,4.46165273615e-7,4.18591170614e-8,2.05720933621e-8,2.88136412507e-8,2.64525876759e-8,1.50233034901e-7,5.22651433243e-8,2.26625296307e-8,1.43167753208e-8,2.91807311648e-9,9.72280367328e-10,9.14895589843e-11,1.16341963841e-10,2.25799899611e-11],"dvar2":[6.46792841508e-8,0.000130604195874,0.000167665901245,0.0000623994274065,0.0000462557036371,0.00000618553167442,0.0000293280227197,0.0000210257785511,0.0000107963960545,0.00000356926057066,0.0000040857530621,0.00000335339223057,0.00000154134113473,9.70793394117e-7,1.00939480774e-7,3.76739635044e-8,6.18061477553e-8,5.98422928988e-8,3.33612206305e-7,1.24623880993e-7,5.55735155672e-8,2.69627324911e-8,5.81686343537e-9,1.97046379213e-9,2.0185145222e-10,2.33110697412e-10,5.07201919353e-11],"max":[0.0090107768774,0.282067477703,0.278944969177,0.144940108061,0.0955423787236,0.0454395972192,0.126623809338,0.123407334089,0.0951288342476,0.0514037832618,0.103467859328,0.0721594691277,0.0386425592005,0.0260245706886,0.00656081875786,0.00412660418078,0.00555695686489,0.00648487173021,0.0122212460265,0.0157831981778,0.0038941365201,0.00467829313129,0.00245815399103,0.00137588148937,0.000513927487191,0.000536870618816,0.000251181190833],"mean":[0.0000490486854687,0.00772035308182,0.00664814794436,0.0025933093857,0.00224532349966,0.000979369273409,0.000951984664425,0.000596471887548,0.000919415324461,0.000407460553106,0.000414251902839,0.000340059486916,0.000195861386601,0.000217358305235,0.0000893843898666,0.0000761435949244,0.0000799744011601,0.0000709537198418,0.000153639382916,0.0000678612123011,0.0000634394891676,0.0000526726835233,0.0000205772084882,0.00000817547334009,0.00000137590870963,0.00000120020308714,4.14796460291e-7],"median":[0.00000602140880801,0.00112365046516,0.00127484113909,0.000497102329973,0.000674032373354,0.000280006381217,0.000114067734103,0.0000651433801977,0.0000690122324158,0.0000444274701294,0.0000249289296335,0.0000138566265377,0.0000106590487121,0.0000155191937665,0.0000089365439635,0.00000743880445953,0.00000757797170081,0.00000353543396159,0.00000487720171805,0.00000548427851754,0.00000395644792661,0.0000010874794043,4.48220134786e-7,1.6973613981e-7,4.39341079073e-8,2.28897967247e-8,3.45393047496e-9],"min":[2.10481105718e-25,1.03639322994e-24,1.53347272872e-24,1.92609106923e-24,1.11100046002e-23,8.69502211257e-24,7.99991338163e-24,8.70454050825e-24,8.14335984864e-24,2.29614737647e-23,2.95834798589e-23,2.3242194651e-23,2.57979414786e-23,3.63436833396e-23,4.53139879314e-23,6.22365437178e-23,5.63381549988e-23,6.24086226802e-23,1.58039472362e-22,1.6583486961e-22,2.5158548889e-22,3.13155968946e-22,3.87994559314e-22,5.59711983627e-22,8.34207154408e-22,1.26379596374e-21,1.9411113816e-21],"var":[4.4208405825e-8,0.00038773441338,0.000401070778025,0.0000541783228982,0.0000279307168967,0.00000531641808266,0.0000160724521265,0.0000127060584418,0.0000176729754457,0.00000469745373266,0.00000730210513211,0.00000537113783139,0.00000121866401059,7.00605653492e-7,6.86637946501e-8,5.27545296336e-8,6.75735307709e-8,6.40458353018e-8,3.26094038883e-7,7.6382825398e-8,4.12353067247e-8,4.32188294042e-8,8.03706257102e-9,2.44872966348e-9,9.82492698309e-11,1.41817932398e-10,2.3796952256e-11]},"barkbands_crest":{"dmean":2.29197788239,"dmean2":3.68282461166,"dvar":4.82448911667,"dvar2":12.2554283142,"max":26.1066074371,"mean":12.7384433746,"median":12.3296356201,"min":3.36773228645,"var":19.8999423981},"barkbands_flatness_db":{"dmean":0.0290587451309,"dmean2":0.0398657917976,"dvar":0.000940789293963,"dvar2":0.00162263843231,"max":0.592014729977,"mean":0.255564182997,"median":0.243366017938,"min":0.0513940453529,"var":0.00886738114059},"barkbands_kurtosis":{"dmean":8.39193916321,"dmean2":12.8029403687,"dvar":277.508758545,"dvar2":629.671325684,"max":362.312255859,"mean":18.8804893494,"median":8.90139579773,"min":-1.95480239391,"var":827.606750488},"barkbands_skewness":{"dmean":0.736507296562,"dmean2":1.10291993618,"dvar":0.785783171654,"dvar2":1.70824170113,"max":17.232635498,"mean":2.80215549469,"median":2.48633718491,"min":-2.20247340202,"var":4.1568403244},"barkbands_spread":{"dmean":3.02416753769,"dmean2":4.55856561661,"dvar":24.6040267944,"dvar2":51.7589988708,"max":99.1667327881,"mean":9.57081508636,"median":6.64011669159,"min":0.215900927782,"var":89.0022583008},"dissonance":{"dmean":0.0283248387277,"dmean2":0.046393699944,"dvar":0.000787228986155,"dvar2":0.00201371125877,"max":0.5,"mean":0.430070787668,"median":0.442222118378,"min":0.143883362412,"var":0.00254214880988},"dynamic_complexity":6.4901099205,"erbbands":{"dmean":[0.0450347028673,0.931590676308,3.94050979614,3.72595572472,5.89721012115,3.72416114807,5.53487348557,4.81294488907,7.10693311691,13.4303684235,9.00684261322,11.9769277573,6.8020825386,9.27022457123,8.86450958252,8.6790933609,5.42156839371,8.53861427307,3.6520485878,2.16266584396,2.38891124725,2.62874364853,2.26645612717,2.96464300156,4.6442232132,1.97636818886,1.63058924675,1.70242595673,1.13484978676,0.603614270687,0.341129541397,0.193153217435,0.0546205416322,0.020063823089,0.00656647887081,0.00341436290182,0.00280062132515,0.000887239701115,0.0000889127113624,0.0000115414950415],"dmean2":[0.0638986304402,1.16431355476,5.24990129471,5.85142755508,9.21141815186,5.7292675972,8.57248878479,7.15494728088,11.2093696594,21.3110332489,13.9430522919,17.7368946075,9.97035312653,12.4926795959,12.2278757095,12.4340801239,7.42734336853,12.3237533569,5.13118171692,3.09308958054,3.36391329765,3.84364056587,3.31978678703,4.33035373688,6.74897527695,2.78855133057,2.59284186363,2.51922774315,1.58147668839,0.842566668987,0.488427400589,0.278018265963,0.0820926204324,0.0307023376226,0.0100239664316,0.00500991474837,0.00422701565549,0.00136659434065,0.000135050911922,0.0000153222463268],"dvar":[0.0179903917015,8.02709007263,153.556655884,90.4116897583,476.292053223,94.4560317993,392.733093262,170.183822632,1261.44055176,5796.33837891,3299.04467773,2705.21875,1824.43151855,2563.54614258,3422.99267578,3243.34863281,845.094604492,1482.1887207,124.930404663,61.7093849182,46.1265335083,75.1714859009,72.3298034668,87.1005249023,488.714111328,45.0930671692,40.6977882385,34.6900863647,17.3969078064,7.80911016464,2.21243929863,0.789507210255,0.117463164032,0.0213240236044,0.00211897515692,0.000782988732681,0.000584995315876,0.000060599319113,7.20244429431e-7,8.01914035176e-10],"dvar2":[0.0347311906517,10.4563951492,217.876312256,233.69821167,1065.46887207,220.752822876,898.364501953,371.555358887,2866.89135742,13262.0429688,7631.390625,5438.48193359,3509.57006836,4289.67822266,5933.20458984,5726.32763672,1521.22192383,3134.86865234,277.451202393,145.658035278,82.5978927612,161.138336182,158.732452393,179.229782104,953.823486328,85.3071594238,107.79826355,74.5008010864,30.4262886047,15.2523736954,4.65560722351,1.4065066576,0.259032428265,0.0472300164402,0.0044851009734,0.00163502944633,0.0011657300638,0.000130778746097,0.0000015535475768,1.34499467119e-9],"max":[3.34235048294,83.0137939453,349.246826172,259.471008301,463.362701416,249.254608154,610.551452637,463.301605225,1361.35314941,2630.51049805,2937.96386719,1831.0255127,2219.00024414,2119.15380859,3147.95483398,3429.31787109,1511.38989258,1549.46520996,338.294433594,321.406463623,235.658096313,264.333953857,338.834533691,209.462890625,832.645996094,386.19833374,168.129653931,185.93182373,139.307266235,166.210388184,49.9593582153,37.4649047852,13.8869361877,8.14863777161,1.77015197277,1.40616393089,1.15161657333,0.409535139799,0.0440078154206,0.000967382569797],"mean":[0.114244177938,2.12364912033,8.00377941132,7.66295719147,9.0413646698,6.23175191879,7.75328540802,8.55661487579,10.5939846039,16.891916275,12.9514093399,21.4715480804,12.6825494766,17.8413677216,14.8108205795,14.5581235886,8.64894676208,12.9661684036,6.29989814758,3.76460671425,4.15372943878,4.51962757111,3.96110844612,5.201816082,8.21430301666,3.11551809311,2.21194958687,2.78617048264,2.08682870865,0.987782239914,0.530762970448,0.29292267561,0.073682948947,0.022510740906,0.00688061630353,0.00340522197075,0.00259650149383,0.000780543778092,0.0000848943527672,0.000029312173865],"median":[0.017102740705,0.325336575508,1.41221880913,2.11477518082,1.93637371063,1.79198729992,1.7898195982,2.66107368469,2.02957105637,1.88925600052,1.4624992609,1.77595639229,1.42471837997,1.56280457973,1.12718069553,0.589169323444,0.582509875298,1.00671505928,0.612266659737,0.425492107868,0.445825874805,0.437300592661,0.225062906742,0.225905716419,0.322474718094,0.251860260963,0.129452496767,0.149554342031,0.0435308031738,0.0301875919104,0.00940052978694,0.00538046192378,0.00194766907953,0.000699778436683,0.000269733602181,0.00011747975077,0.0000489918529638,0.0000118169382404,0.00000759462272981,0.0000123212657854],"min":[8.25104456868e-23,4.15798712914e-22,3.5103129894e-21,6.42904320681e-21,7.85340621636e-21,3.31086665746e-20,4.24663540492e-20,8.78501676566e-20,1.11405111414e-19,1.64734750899e-19,3.78573114309e-19,2.70967333922e-19,6.57167751412e-19,7.04893953106e-19,1.19390596725e-18,1.14689729304e-18,1.1982642785e-18,1.94658490357e-18,2.01230088772e-18,4.19566438048e-18,4.08628380654e-18,3.68153027075e-18,4.80614724719e-18,5.38108492221e-18,7.77415028078e-18,8.50851543834e-18,8.64148554899e-18,9.64956063534e-18,8.88946354328e-18,9.39522244932e-18,1.15154187082e-17,1.06669183425e-17,9.06860522136e-18,7.55309949697e-18,5.91710871249e-18,4.46194167788e-18,1.9577621816e-18,8.52137944103e-19,2.54989564908e-19,2.53072031001e-20],"var":[0.0645323321223,33.7542991638,694.116882324,291.807739258,634.801147461,169.780715942,575.225402832,418.373718262,1936.93347168,7089.29785156,4595.38818359,8849.22460938,4976.8984375,7816.20996094,8915.91601563,10652.2275391,1820.6829834,2464.68359375,278.903533936,102.966659546,126.794158936,206.544387817,199.390731812,237.03213501,1179.29553223,99.8361740112,48.9089851379,89.3143310547,62.1869468689,24.4753417969,4.68880796432,2.30208921432,0.226277008653,0.0234517604113,0.00243460619822,0.000956966599915,0.000706461607479,0.0000667530548526,7.94304128249e-7,2.65726596282e-9]},"erbbands_crest":{"dmean":2.60526013374,"dmean2":4.05787181854,"dvar":6.45411300659,"dvar2":15.2139081955,"max":29.4896430969,"mean":10.6586265564,"median":9.68277931213,"min":2.63389396667,"var":23.4409580231},"erbbands_flatness_db":{"dmean":0.0219894256443,"dmean2":0.0289752371609,"dvar":0.000560975982808,"dvar2":0.000985432765447,"max":0.398728907108,"mean":0.215149357915,"median":0.213770613074,"min":0.0590367950499,"var":0.00343295536004},"erbbands_kurtosis":{"dmean":1.67323338985,"dmean2":2.51791381836,"dvar":9.63770389557,"dvar2":22.3703975677,"max":118.063957214,"mean":2.40644955635,"median":0.480755150318,"min":-1.84397757053,"var":36.8490524292},"erbbands_skewness":{"dmean":0.418102771044,"dmean2":0.607403755188,"dvar":0.183509409428,"dvar2":0.385721236467,"max":8.16493415833,"mean":0.941403985023,"median":0.84458220005,"min":-3.34014892578,"var":1.27047181129},"erbbands_spread":{"dmean":8.53400611877,"dmean2":12.7170848846,"dvar":135.229553223,"dvar2":311.335174561,"max":141.621078491,"mean":33.1360969543,"median":29.6262054443,"min":1.56856930256,"var":408.49887085},"gfcc":{"cov":[[27500.9492188,952.202514648,-4208.84423828,1520.76574707,-1307.93371582,117.962203979,33.0294075012,-417.99798584,-42.6427726746,-344.61227417,-54.0227584839,-220.794952393,-378.445678711],[952.202514648,2122.26855469,-27.8039283752,-480.725494385,588.323608398,-243.486068726,132.285247803,-153.053314209,29.2082576752,-15.4047803879,42.6029930115,-171.405563354,147.090637207],[-4208.84423828,-27.8039283752,2135.58569336,93.6636276245,246.887374878,128.732177734,83.9848098755,47.7090148926,8.33683204651,151.680618286,-69.2158126831,64.2042541504,66.3723983765],[1520.76574707,-480.725494385,93.6636276245,854.498657227,-191.903030396,2.54185557365,88.643409729,-7.35602283478,67.0535507202,5.45365953445,-5.47715902328,20.6235847473,-13.4753198624],[-1307.93371582,588.323608398,246.887374878,-191.903030396,732.631347656,-63.2775039673,54.0212173462,0.8866071105,25.9745082855,71.4438095093,9.67494869232,-48.6772270203,82.5130386353],[117.962203979,-243.486068726,128.732177734,2.54185557365,-63.2775039673,309.617919922,51.3802680969,40.3817443848,29.3363018036,13.5282039642,7.79026460648,19.6448230743,-17.4350852966],[33.0294075012,132.285247803,83.9848098755,88.643409729,54.0212173462,51.3802680969,283.230316162,29.2756290436,45.2676429749,-6.94354915619,20.2380828857,-2.87332391739,33.536113739],[-417.99798584,-153.053314209,47.7090148926,-7.35602283478,0.8866071105,40.3817443848,29.2756290436,202.41317749,29.9885597229,4.61523342133,17.1651210785,37.0002326965,2.61427140236],[-42.6427726746,29.2082576752,8.33683204651,67.0535507202,25.9745082855,29.3363018036,45.2676429749,29.9885597229,123.951164246,27.2788887024,37.1859741211,-8.5279712677,10.0329084396],[-344.61227417,-15.4047803879,151.680618286,5.45365953445,71.4438095093,13.5282039642,-6.94354915619,4.61523342133,27.2788887024,144.210617065,8.04129505157,5.95999288559,14.656291008],[-54.0227584839,42.6029930115,-69.2158126831,-5.47715902328,9.67494869232,7.79026460648,20.2380828857,17.1651210785,37.1859741211,8.04129505157,106.245918274,8.10842895508,3.76278471947],[-220.794952393,-171.405563354,64.2042541504,20.6235847473,-48.6772270203,19.6448230743,-2.87332391739,37.0002326965,-8.5279712677,5.95999288559,8.10842895508,111.581855774,7.04525470734],[-378.445678711,147.090637207,66.3723983765,-13.4753198624,82.5130386353,-17.4350852966,33.536113739,2.61427140236,10.0329084396,14.656291008,3.76278471947,7.04525470734,110.236335754]],"icov":[[0.00011202548194,-0.000250199256698,0.000239101005718,-0.000344281055732,0.000152189575601,-0.000308871967718,0.0000740292380215,-0.00000417039746026,0.000205063144676,-0.000121356169984,0.000225669005886,-0.000128593019326,0.000345185806509],[-0.000250199256698,0.00156780518591,-0.00056688406039,0.00129211659078,-0.000776568253059,0.00133325322531,-0.000696662871633,0.000662669772282,-0.000849855423439,0.000633090676274,-0.000851879594848,0.00124862522352,-0.00152081879787],[0.000239101005718,-0.00056688406039,0.00109274976421,-0.000847754592542,0.000139236159157,-0.000926278182305,0.0000709054002073,-0.0000899756778381,0.000578807259444,-0.000780278118327,0.000956950883847,-0.000636083947029,0.000604574859608],[-0.000344281055732,0.00129211659078,-0.000847754592542,0.00274955807254,-0.00022850302048,0.00156290840823,-0.000985434860922,0.000589793839026,-0.00175361742731,0.00046803362784,-0.000530805788003,0.000647879496682,-0.00128137855791],[0.000152189575601,-0.000776568253059,0.000139236159157,-0.00022850302048,0.00226054340601,-0.000219381545321,-0.0000327988018398,-0.000353449344402,0.00017327387468,-0.000991732347757,0.00034172902815,0.000263847236056,-0.000173921871465],[-0.000308871967718,0.00133325322531,-0.000926278182305,0.00156290840823,-0.000219381545321,0.00501460721716,-0.00126539263874,0.000024479430067,-0.00161379226483,0.000286840717308,-0.000806475698482,0.000622862949967,-0.000652440532576],[0.0000740292380215,-0.000696662871633,0.0000709054002073,-0.000985434860922,-0.0000327988018398,-0.00126539263874,0.00462286872789,-0.000707953644451,-0.000550226424821,0.000625909189694,-0.000174241809873,-0.000247796444455,-0.000555955222808],[-0.00000417039746026,0.000662669772282,-0.0000899756778381,0.000589793839026,-0.000353449344402,0.000024479430067,-0.000707953644451,0.00609894935042,-0.00166416005231,0.000497937900946,-0.000459538307041,-0.00135153578594,-0.000245772302151],[0.000205063144676,-0.000849855423439,0.000578807259444,-0.00175361742731,0.00017327387468,-0.00161379226483,-0.000550226424821,-0.00166416005231,0.0115585457534,-0.00216672709212,-0.00277513940819,0.00116720830556,0.00035325952922],[-0.000121356169984,0.000633090676274,-0.000780278118327,0.00046803362784,-0.000991732347757,0.000286840717308,0.000625909189694,0.000497937900946,-0.00216672709212,0.00855610147119,-0.000779055058956,-0.0000363397375622,-0.00106033694465],[0.000225669005886,-0.000851879594848,0.000956950883847,-0.000530805788003,0.00034172902815,-0.000806475698482,-0.000174241809873,-0.000459538307041,-0.00277513940819,-0.000779055058956,0.0117436246946,-0.00196464080364,0.00103177584242],[-0.000128593019326,0.00124862522352,-0.000636083947029,0.000647879496682,0.000263847236056,0.000622862949967,-0.000247796444455,-0.00135153578594,0.00116720830556,-0.0000363397375622,-0.00196464080364,0.0117057962343,-0.00241935811937],[0.000345185806509,-0.00152081879787,0.000604574859608,-0.00128137855791,-0.000173921871465,-0.000652440532576,-0.000555955222808,-0.000245772302151,0.00035325952922,-0.00106033694465,0.00103177584242,-0.00241935811937,0.0121952509508]],"mean":[-157.375915527,157.352523804,-97.9169540405,35.6606750488,-43.1421699524,-4.40403747559,-14.4986515045,-6.42390489578,-13.3947124481,-4.28172254562,-12.0751619339,-8.55447769165,-7.84750366211]},"hfc":{"dmean":2.89917945862,"dmean2":3.7381169796,"dvar":43.6139221191,"dvar2":71.7223434448,"max":150.023590088,"mean":8.1453037262,"median":2.66371679306,"min":1.0913940116e-16,"var":220.818450928},"melbands":{"dmean":[0.000641098420601,0.0017753810389,0.000731646898203,0.000336750643328,0.000182028918061,0.000107365100121,0.000120915632579,0.000141263502883,0.0000733989218134,0.0000758955866331,0.000034346805478,0.0000380678175134,0.0000317437807098,0.0000251117617154,0.0000199304995476,0.000012862407857,0.0000170869643625,0.00000635586820863,0.00000369126269106,0.00000355869087798,0.00000276053697235,0.00000289787817565,0.00000281085885945,0.0000017151666043,0.00000252513723353,0.0000041956413952,0.00000253031635111,0.00000115809518775,0.00000103685135855,0.0000010947184137,0.00000100075976661,7.50026458718e-7,4.56055545328e-7,3.12218162435e-7,2.00772205972e-7,1.82426447282e-7,9.99156242187e-8,4.24967332435e-8,2.39122162071e-8,1.5448271995e-8],"dmean2":[0.000838007370476,0.00228704023175,0.00113580795005,0.000522176618688,0.000281703862129,0.00015970482491,0.000191015715245,0.000222937669605,0.000112957888632,0.000112927817099,0.0000504783165525,0.000051942832215,0.0000431625267083,0.0000355573938577,0.0000286322720058,0.0000184347827599,0.0000249752010859,0.00000909629761736,0.00000537550977242,0.00000504652871314,0.00000397895928472,0.00000424539575761,0.00000427336453868,0.00000255387021753,0.00000376666434931,0.00000615721273789,0.00000364134530173,0.00000176362584625,0.00000169085694779,0.00000173559669747,0.00000146920024235,0.00000105985236587,6.38392862129e-7,4.52337530987e-7,2.94200475537e-7,2.64829481011e-7,1.45949869079e-7,6.51976606036e-8,3.67852557304e-8,2.37075425957e-8],"dvar":[0.00000319473133459,0.0000305612229567,0.00000404496222473,0.00000115970249226,3.55601997626e-7,9.06040469317e-8,3.37160059871e-7,6.48650313906e-7,2.2157747992e-7,1.12478531378e-7,4.72688554964e-8,4.29618616238e-8,4.40661231949e-8,2.71779985184e-8,2.25382361663e-8,4.02888655771e-9,5.70296965208e-9,3.66076752245e-10,1.82478213095e-10,1.76966455379e-10,5.92275464784e-11,9.90605930618e-11,1.30795124731e-10,4.18152006076e-11,6.48108997026e-11,3.62167407175e-10,1.97600699692e-10,1.56610609897e-11,1.84246732454e-11,1.83144679977e-11,1.18917783606e-11,7.82725100013e-12,4.85128907532e-12,2.21745538598e-12,8.86502514192e-13,6.29677462515e-13,2.98239758627e-13,8.53321997481e-14,3.68369411038e-14,1.19802129304e-14],"dvar2":[0.00000504439958604,0.0000405480132031,0.00000990223725239,0.0000026506102131,8.2172726934e-7,2.05751376825e-7,7.81137714512e-7,0.00000145855665323,5.09285030148e-7,2.16227221017e-7,9.02386432244e-8,7.27662197164e-8,7.28612192802e-8,4.38277680814e-8,4.14628900103e-8,8.60476667697e-9,1.16908527303e-8,7.94337484677e-10,4.18603957053e-10,3.52839646389e-10,1.14022791209e-10,2.11442113818e-10,2.92678770109e-10,9.54712697787e-11,1.40411515748e-10,7.86058995672e-10,4.09873468499e-10,3.95478372273e-11,5.00626970434e-11,4.61306132182e-11,2.37601674447e-11,1.39996269785e-11,9.18023122798e-12,4.23061412291e-12,2.02189805697e-12,1.20247182437e-12,5.183293573e-13,1.99281536368e-13,8.36812851001e-14,2.66011002017e-14],"max":[0.043801613152,0.148811206222,0.0472526997328,0.0218041315675,0.0168282464147,0.00892377831042,0.018361710012,0.0293638091534,0.0230768881738,0.013719051145,0.0111431255937,0.00893662963063,0.0150348832831,0.00947884377092,0.00885270442814,0.00238597276621,0.00311811571009,0.000455716508441,0.000408801803133,0.000418001407525,0.000230206773267,0.000298479368212,0.000404110498494,0.000216312444536,0.000194170876057,0.000635948439594,0.00100723479409,0.000124005091493,0.000112834488391,0.000108968044515,0.000113279289508,0.000105208535388,0.000115198643471,0.0000925200001802,0.0000373657567252,0.0000273494388239,0.0000285160567728,0.0000129212767206,0.0000115935381473,0.00000530327997694],"mean":[0.00157095235772,0.00383472396061,0.00146371417213,0.00053625612054,0.000267957308097,0.000185310054803,0.000175226159627,0.000175684486749,0.000108015818114,0.000137425537105,0.0000603889566264,0.0000715796559234,0.0000516533254995,0.0000398343327106,0.0000286273807433,0.0000192035367945,0.0000249992936006,0.0000104729788291,0.00000567524330108,0.00000573959096073,0.00000442439431936,0.00000468056714453,0.00000437726521341,0.00000289681338472,0.00000403537478633,0.0000069861494012,0.00000401533088734,0.0000015913523157,0.00000127603686906,0.00000151228380219,0.00000165395852036,0.00000131091280764,7.51247569042e-7,4.62608198859e-7,2.94084770758e-7,2.6871438763e-7,1.44117223044e-7,5.48242340415e-8,2.59668624381e-8,1.61959352596e-8],"median":[0.000245255650952,0.000769458361901,0.000412731693359,0.000138246366987,0.0000740174509701,0.0000571467571717,0.000029782864658,0.0000195476077351,0.0000100284541986,0.0000103278616734,0.00000647095203021,0.000006099860002,0.00000348348203261,0.00000196261089513,0.00000109318580144,0.00000115668933631,0.0000017477932488,9.48958813751e-7,5.90919285059e-7,5.2364464409e-7,4.59843136014e-7,4.54671692296e-7,2.71396544349e-7,1.4362350953e-7,1.58837409003e-7,1.8944743374e-7,2.38653967699e-7,1.27981564901e-7,5.93729438947e-8,8.62240412403e-8,7.26371212068e-8,2.04348147292e-8,1.47027794384e-8,1.42404683601e-8,4.08081257675e-9,4.43714176512e-9,2.22834417585e-9,1.22946142156e-9,7.6951450767e-10,4.32136437745e-10],"min":[7.57768100553e-25,2.36011385902e-24,1.4664469647e-24,1.79766628879e-24,1.33168625069e-24,2.11602944811e-24,1.75683642606e-24,2.06151541247e-24,2.5852537753e-24,1.27112037001e-24,3.31146729173e-24,2.38736229798e-24,3.76368141122e-24,3.243080151e-24,2.51135013025e-24,2.6348183004e-24,2.73750984646e-24,2.62074147198e-24,4.04011483849e-24,3.49415564447e-24,3.25630658736e-24,2.55962289563e-24,4.38979676182e-24,3.55597472931e-24,3.79016899383e-24,5.51495538182e-24,3.82734209184e-24,4.64871195497e-24,4.46244690689e-24,6.17124466205e-24,4.09456596247e-24,5.04158559058e-24,4.68686600151e-24,4.67822048042e-24,5.45144576807e-24,5.53218489285e-24,6.18306771486e-24,6.07349532956e-24,5.50404740766e-24,6.04727280421e-24],"var":[0.0000122504143292,0.000138580915518,0.00000967190408119,0.00000158350462698,5.20770583989e-7,1.9045931765e-7,4.84047461669e-7,8.10607446056e-7,3.43091812738e-7,4.08207029068e-7,1.27088853219e-7,1.2985267972e-7,1.20684148897e-7,7.99541552965e-8,4.8277989606e-8,7.73747643734e-9,9.49980805132e-9,8.506047533e-10,2.96038693559e-10,3.7021033461e-10,1.40892075784e-10,2.39266523261e-10,2.61706406546e-10,1.17124684951e-10,1.54639231975e-10,7.91370580178e-10,3.97191085577e-10,2.10214259194e-11,1.82161594836e-11,2.75196393451e-11,3.47186619731e-11,2.63957761898e-11,1.21376129633e-11,6.97296517402e-12,1.52878870587e-12,1.3854701891e-12,8.83839063135e-13,1.65535242306e-13,3.92376662574e-14,1.29648709439e-14]},"melbands_crest":{"dmean":2.86052727699,"dmean2":4.59583806992,"dvar":7.84170341492,"dvar2":20.2933807373,"max":34.2277984619,"mean":17.6737060547,"median":17.2807235718,"min":1.5457971096,"var":35.9795875549},"melbands_flatness_db":{"dmean":0.0334287025034,"dmean2":0.0454842038453,"dvar":0.00129309936892,"dvar2":0.00222328887321,"max":0.752714455128,"mean":0.348686635494,"median":0.338947445154,"min":0.00274408748373,"var":0.0152099030092},"melbands_kurtosis":{"dmean":16.1251010895,"dmean2":24.981004715,"dvar":1102.96118164,"dvar2":2601.84960938,"max":683.457580566,"mean":35.751499176,"median":18.5605106354,"min":-1.6921646595,"var":2569.88110352},"melbands_skewness":{"dmean":0.930873155594,"dmean2":1.40961754322,"dvar":1.33266615868,"dvar2":2.96982860565,"max":20.788143158,"mean":3.69164776802,"median":3.25523710251,"min":-1.14889860153,"var":5.76699590683},"melbands_spread":{"dmean":3.18952178955,"dmean2":4.86097764969,"dvar":32.8299980164,"dvar2":71.1595993042,"max":168.441757202,"mean":11.0298643112,"median":5.82493686676,"min":0.251543968916,"var":305.653198242},"mfcc":{"cov":[[13868.1845703,151.861083984,-2452.76489258,717.851074219,-1194.18493652,396.523345947,-369.495788574,298.50100708,-411.309295654,39.2235107422,-11.070482254,-10.3561115265,-153.45753479],[151.861083984,2253.9284668,-96.2794113159,-144.519058228,382.736053467,7.61692476273,207.089416504,-146.659332275,127.996452332,56.265789032,-29.8603572845,-66.2507247925,29.9435825348],[-2452.76489258,-96.2794113159,1585.38647461,131.808822632,149.646652222,141.980712891,90.4981765747,6.4202413559,130.632232666,12.1961345673,1.38182377815,70.080116272,63.3584289551],[717.851074219,-144.519058228,131.808822632,750.458068848,-8.97085475922,78.8297271729,18.6150875092,1.96966040134,69.6208496094,-6.33702659607,5.89416313171,38.3680076599,29.7633247375],[-1194.18493652,382.736053467,149.646652222,-8.97085475922,512.612487793,0.323813617229,77.4989242554,-79.1688690186,61.5785369873,52.6115074158,14.5621423721,-41.3301582336,14.1347265244],[396.523345947,7.61692476273,141.980712891,78.8297271729,0.323813617229,278.643463135,43.2636070251,0.229768380523,33.0964393616,29.7902870178,13.4697618484,11.6353540421,11.2687511444],[-369.495788574,207.089416504,90.4981765747,18.6150875092,77.4989242554,43.2636070251,188.645019531,32.26978302,76.676109314,24.0377597809,7.31453466415,13.4495487213,13.3680105209],[298.50100708,-146.659332275,6.4202413559,1.96966040134,-79.1688690186,0.229768380523,32.26978302,232.835479736,9.05568504333,2.355666399,40.5200195313,16.6025390625,-2.55005574226],[-411.309295654,127.996452332,130.632232666,69.6208496094,61.5785369873,33.0964393616,76.676109314,9.05568504333,163.034469604,32.960735321,-9.27579212189,18.5292434692,18.6955051422],[39.2235107422,56.265789032,12.1961345673,-6.33702659607,52.6115074158,29.7902870178,24.0377597809,2.355666399,32.960735321,132.907363892,39.2959289551,-7.04119348526,2.43722510338],[-11.070482254,-29.8603572845,1.38182377815,5.89416313171,14.5621423721,13.4697618484,7.31453466415,40.5200195313,-9.27579212189,39.2959289551,116.354782104,17.3561668396,4.00089645386],[-10.3561115265,-66.2507247925,70.080116272,38.3680076599,-41.3301582336,11.6353540421,13.4495487213,16.6025390625,18.5292434692,-7.04119348526,17.3561668396,117.079544067,21.1897964478],[-153.45753479,29.9435825348,63.3584289551,29.7633247375,14.1347265244,11.2687511444,13.3680105209,-2.55005574226,18.6955051422,2.43722510338,4.00089645386,21.1897964478,86.3058319092]],"icov":[[0.000230216421187,-0.000166598256328,0.000320042890962,-0.000309740978992,0.000408394815167,-0.00048690274707,0.000359581637895,-0.000367008935427,0.000463537871838,-0.000358754245099,0.000272464210866,-0.0001319572184,0.000198645764613],[-0.000166598256328,0.000723858596757,-0.000129235413624,0.000351014634361,-0.000584271911066,0.000360949838068,-0.000826739647891,0.000606032845099,-0.000594866694883,0.000275269732811,-0.000150379230035,0.000316581485095,-0.000328688591253],[0.000320042890962,-0.000129235413624,0.00120265921578,-0.000442430347903,0.000299061357509,-0.000990403583273,0.000406205275794,-0.000522763642948,0.000218099230551,-0.000344347121427,0.0004492875305,-0.00050106132403,-0.0000497741530125],[-0.000309740978992,0.000351014634361,-0.000442430347903,0.00190155021846,-0.000555303820875,0.000306217989419,-0.000411979533965,0.00061349774478,-0.00132908299565,0.000786354765296,-0.000534055463504,-0.0000119627738968,-0.000577200495172],[0.000408394815167,-0.000584271911066,0.000299061357509,-0.000555303820875,0.00342790968716,-0.000509647419676,-0.0000678908036207,0.000263112975517,0.000419272400904,-0.00115340750199,-0.000247647723882,0.000808286597021,0.000179027498234],[-0.00048690274707,0.000360949838068,-0.000990403583273,0.000306217989419,-0.000509647419676,0.00510900141671,-0.00158333685249,0.00107707362622,-0.00103607436176,-0.000036436427763,-0.000869874376804,0.000376892014174,-0.000502788810991],[0.000359581637895,-0.000826739647891,0.000406205275794,-0.000411979533965,-0.0000678908036207,-0.00158333685249,0.00836704205722,-0.00209893658757,-0.00183504377492,-0.000634356110822,0.000433104549302,-0.000932218739763,0.000254142825725],[-0.000367008935427,0.000606032845099,-0.000522763642948,0.00061349774478,0.000263112975517,0.00107707362622,-0.00209893658757,0.00597612466663,-0.00127655093092,0.000936643511523,-0.00249240500852,0.000450994586572,-0.000117781775771],[0.000463537871838,-0.000594866694883,0.000218099230551,-0.00132908299565,0.000419272400904,-0.00103607436176,-0.00183504377492,-0.00127655093092,0.0100695202127,-0.00288224010728,0.0025847684592,-0.00145817711018,-0.000219719964662],[-0.000358754245099,0.000275269732811,-0.000344347121427,0.000786354765296,-0.00115340750199,-0.000036436427763,-0.000634356110822,0.000936643511523,-0.00288224010728,0.0101059814915,-0.00396616524085,0.0013023057254,-0.000229116325499],[0.000272464210866,-0.000150379230035,0.0004492875305,-0.000534055463504,-0.000247647723882,-0.000869874376804,0.000433104549302,-0.00249240500852,0.0025847684592,-0.00396616524085,0.0114494198933,-0.00219048350118,-0.0000364766638086],[-0.0001319572184,0.000316581485095,-0.00050106132403,-0.0000119627738968,0.000808286597021,0.000376892014174,-0.000932218739763,0.000450994586572,-0.00145817711018,0.0013023057254,-0.00219048350118,0.0103266667575,-0.00215113698505],[0.000198645764613,-0.000328688591253,-0.0000497741530125,-0.000577200495172,0.000179027498234,-0.000502788810991,0.000254142825725,-0.000117781775771,-0.000219719964662,-0.000229116325499,-0.0000364766638086,-0.00215113698505,0.0128669245169]],"mean":[-787.50402832,172.034179688,13.6113214493,40.5583305359,-0.308417409658,11.3578262329,2.50982284546,2.59962916374,1.74938941002,4.78724813461,-1.72805321217,-2.12043428421,-2.64926791191]},"pitch_salience":{"dmean":0.07281755656,"dmean2":0.115659929812,"dvar":0.00480646733195,"dvar2":0.0118896299973,"max":0.912752509117,"mean":0.470109164715,"median":0.478351414204,"min":0.0574527978897,"var":0.0229283943772},"silence_rate_20dB":{"dmean":0.00399095378816,"dmean2":0.00798296928406,"dvar":0.00397476414219,"dvar2":0.00818578526378,"max":1,"mean":0.995211482048,"median":1,"min":0,"var":0.00476554362103},"silence_rate_30dB":{"dmean":0.0226154047996,"dmean2":0.0452368296683,"dvar":0.0221057813615,"dvar2":0.0485110320151,"max":1,"mean":0.960494816303,"median":1,"min":0,"var":0.0379426516593},"silence_rate_60dB":{"dmean":0.0454968735576,"dmean2":0.0910058543086,"dvar":0.0434299185872,"dvar2":0.0925723537803,"max":1,"mean":0.250465542078,"median":0,"min":0,"var":0.187739670277},"spectral_centroid":{"dmean":170.581954956,"dmean2":255.45664978,"dvar":75957.859375,"dvar2":150943.1875,"max":11709.8867188,"mean":820.57611084,"median":540.455200195,"min":91.9996490479,"var":1523145.875},"spectral_complexity":{"dmean":2.00771594048,"dmean2":2.77913784981,"dvar":8.71328639984,"dvar2":13.9741611481,"max":49,"mean":8.31404590607,"median":6,"min":0,"var":47.2467384338},"spectral_contrast_coeffs":{"dmean":[0.0469019524753,0.0445213876665,0.0357801131904,0.0296533051878,0.0248628929257,0.0248275846243],"dmean2":[0.0758349746466,0.0720054805279,0.0566456876695,0.0447305999696,0.0373513996601,0.0360635891557],"dvar":[0.00176729075611,0.00148475193419,0.000974549155217,0.000770316750277,0.000605069217272,0.000780739006586],"dvar2":[0.00447325129062,0.00365296704695,0.00226441468112,0.00157990539446,0.00123896857258,0.00160317169502],"max":[-0.288396507502,-0.279322981834,-0.347729027271,-0.464201450348,-0.507393717766,-0.47440379858],"mean":[-0.625922858715,-0.730714976788,-0.766541004181,-0.7903008461,-0.799692451954,-0.729574024677],"median":[-0.626420497894,-0.74116230011,-0.780571103096,-0.80448371172,-0.813402295113,-0.736658215523],"min":[-0.97882682085,-0.980075120926,-0.97768008709,-0.971986949444,-0.967639148235,-0.963994204998],"var":[0.00975645519793,0.00786462239921,0.00711191864684,0.00604835152626,0.00511484686285,0.00653289724141]},"spectral_contrast_valleys":{"dmean":[0.409192115068,0.379901558161,0.365914493799,0.375082492828,0.3609983325,0.375838160515],"dmean2":[0.653307616711,0.59260815382,0.543518960476,0.516890645027,0.452806562185,0.432907313108],"dvar":[0.142994508147,0.138499841094,0.14082801342,0.170832678676,0.17916020751,0.20769494772],"dvar2":[0.313570588827,0.266928553581,0.239842042327,0.267875730991,0.253061026335,0.326262235641],"max":[-5.07698965073,-5.03766536713,-5.66753673553,-6.16778278351,-5.97523212433,-8.26289558411],"mean":[-7.98196983337,-7.847615242,-8.80313396454,-9.51445388794,-9.55325698853,-12.913146019],"median":[-7.65627098083,-7.53259944916,-8.49877738953,-9.26648902893,-9.30723953247,-12.8596134186],"min":[-28.1707668304,-28.0369968414,-27.6448860168,-27.6017665863,-27.5163536072,-27.3809432983],"var":[5.89088487625,5.83534669876,5.71233510971,5.67498397827,5.86274385452,3.99639821053]},"spectral_decrease":{"dmean":2.43580222659e-9,"dmean2":3.22457904822e-9,"dvar":2.9356193262e-17,"dvar2":4.47994865535e-17,"max":1.51431983556e-28,"mean":-6.41863495687e-9,"median":-2.64778288184e-9,"min":-1.28307235059e-7,"var":1.27119184243e-16},"spectral_energy":{"dmean":0.00941984448582,"dmean2":0.0124572627246,"dvar":0.000432371947682,"dvar2":0.000661259633489,"max":0.488671213388,"mean":0.0249641928822,"median":0.0104139884934,"min":1.01163049926e-20,"var":0.00187684420962},"spectral_energyband_high":{"dmean":0.0000977492964012,"dmean2":0.000140033851494,"dvar":1.01234135741e-7,"dvar2":2.14130295717e-7,"max":0.0103895328939,"mean":0.000171451232745,"median":0.00000997002825898,"min":7.04299378267e-21,"var":2.83816063984e-7},"spectral_energyband_low":{"dmean":0.00655772862956,"dmean2":0.0085074538365,"dvar":0.000326225999743,"dvar2":0.000447765691206,"max":0.485008180141,"mean":0.0156854875386,"median":0.0039992434904,"min":1.89870726174e-23,"var":0.00147820380516},"spectral_energyband_middle_high":{"dmean":0.000842190172989,"dmean2":0.0011165603064,"dvar":0.00000748319371269,"dvar2":0.0000123608888316,"max":0.10917674005,"mean":0.00205681077205,"median":0.000258969521383,"min":1.22848215724e-21,"var":0.0000375894414901},"spectral_energyband_middle_low":{"dmean":0.00395784527063,"dmean2":0.00593918841332,"dvar":0.000111729386845,"dvar2":0.000246584124397,"max":0.20376560092,"mean":0.00835878308862,"median":0.00313039612956,"min":1.7290063994e-22,"var":0.000231668469496},"spectral_entropy":{"dmean":0.240808531642,"dmean2":0.335225522518,"dvar":0.0687894374132,"dvar2":0.128729209304,"max":9.81857681274,"mean":6.69662189484,"median":6.77586650848,"min":4.07085180283,"var":0.623844206333},"spectral_flux":{"dmean":0.0213379282504,"dmean2":0.0335698649287,"dvar":0.00105903286021,"dvar2":0.00246528745629,"max":0.3622610569,"mean":0.0537398569286,"median":0.0345274806023,"min":6.35335117849e-11,"var":0.00289185647853},"spectral_kurtosis":{"dmean":6.43123865128,"dmean2":10.388466835,"dvar":88.9070205688,"dvar2":202.740234375,"max":136.367080688,"mean":13.3890008926,"median":6.42732429504,"min":-1.25608026981,"var":308.420135498},"spectral_rms":{"dmean":0.000747906102333,"dmean2":0.000994271133095,"dvar":0.00000131794342906,"dvar2":0.0000020590046006,"max":0.0218346603215,"mean":0.00389061262831,"median":0.00318747386336,"min":3.14158660024e-12,"var":0.00000921842183743},"spectral_rolloff":{"dmean":189.592483521,"dmean2":320.218963623,"dvar":270066.71875,"dvar2":584411,"max":19401.4160156,"mean":825.284423828,"median":344.53125,"min":64.599609375,"var":5002967},"spectral_skewness":{"dmean":0.559323072433,"dmean2":0.869067132473,"dvar":0.424592137337,"dvar2":0.909026026726,"max":9.68394470215,"mean":2.28589344025,"median":1.85790908337,"min":-0.183988809586,"var":2.31902384758},"spectral_spread":{"dmean":523188.625,"dmean2":770337,"dvar":727773282304,"dvar2":1389359398910,"max":42913248,"mean":3514586,"median":3041917.75,"min":718846.375,"var":17836911099900},"spectral_strongpeak":{"dmean":0.26980677247,"dmean2":0.422455400229,"dvar":0.32501360774,"dvar2":0.706770300865,"max":12.7918205261,"mean":0.628651499748,"median":0.323246121407,"min":0,"var":0.951571762562},"zerocrossingrate":{"dmean":0.00530834542587,"dmean2":0.00639066332951,"dvar":0.0000643641178613,"dvar2":0.0000795359301264,"max":0.52197265625,"mean":0.0317415297031,"median":0.0205078125,"min":0.00244140625,"var":0.0035469152499}},"metadata":{"audio_properties":{"analysis_sample_rate":44100,"bit_rate":234812,"codec":"mp3","downmix":"mix","equal_loudness":0,"length":174.524078369,"lossless":false,"md5_encoded":"0ba5fe1d778fe5a70a43f07ca1cb1241","replay_gain":-6.92547607422,"sample_rate":44100},"tags":{"album":["Travelin'"],"albumartist":["John Lee Hooker"],"artist":["John Lee Hooker"],"bpm":["66"],"composer":["John Lee Hooker"],"contentgroup":["Slow"],"date":["2014"],"discnumber":["1/1"],"file_name":"C:\\Users\\KMC\\Music\\iTunes\\iTunes Media\\Music\\John Lee Hooker\\Travelin'\\03 Canal Street Blues.mp3","genre":["Electric Blues"],"initialkey":["F"],"language":["eng"],"musicbrainz_recordingid":["7fc36cf3-690d-4109-a747-22a2135a6e47"],"musicip_puid":["e16abe36-254a-e613-0b7a-5a6c58c76cc5"],"title":["Canal Street Blues"],"tracknumber":["3/12"]},"version":{"essentia":"2.1-beta2","essentia_build_sha":"2d9f1f26377add8aeb1075a9c2973f962c4f09fd","essentia_git_sha":"v2.1_beta2-1-ge3940c0","extractor":"music 1.0"}},"rhythm":{"beats_count":208,"beats_loudness":{"dmean":0.0656201541424,"dmean2":0.122158408165,"dvar":0.00688555743545,"dvar2":0.0182589981705,"max":0.407299667597,"mean":0.0763057768345,"median":0.059012696147,"min":0,"var":0.00657220650464},"beats_loudness_band_ratio":{"dmean":[0.273511260748,0.194849058986,0.0943826809525,0.0586690679193,0.030488697812,0.0242534950376],"dmean2":[0.50354975462,0.371593594551,0.17049844563,0.108754493296,0.0565898902714,0.0475361123681],"dvar":[0.0324899964035,0.0154082579538,0.0124501371756,0.00536750350147,0.00187854014803,0.00302119366825],"dvar2":[0.0975853577256,0.0460858717561,0.0288090258837,0.0156989134848,0.0