{"lowlevel":{"average_loudness":0.927876591682,"barkbands":{"dmean":[0.00381381507032,0.0127142751589,0.00289963348769,0.00153546663933,0.0023646268528,0.00156092632096,0.000733323162422,0.000490559381433,0.000914654403459,0.00115598225966,0.000814096885733,0.000697066425346,0.000599300081376,0.000340011261869,0.000472984305816,0.000338534737239,0.000229460682021,0.00021060310246,0.000139622818097,0.0000983510108199,0.0000820659770397,0.000037153964513,0.0000285011265078,0.00000707067920303,0.00000295428822028,0.0000145947533383,0.000320146267768],"dmean2":[0.00623416434973,0.0206603296101,0.00489379651845,0.00254857423715,0.00387789378874,0.0024714351166,0.00120090658311,0.000809970253613,0.00148847082164,0.00189135188702,0.00131764169782,0.00114503351506,0.00100421626121,0.000560250831768,0.000790607300587,0.00056145270355,0.000380952929845,0.000342690909747,0.000218922097702,0.000148678765981,0.000121077609947,0.0000549218748347,0.0000441848969785,0.0000108939739221,0.00000492601520818,0.000022014039132,0.000496053660754],"dvar":[0.0000359709738404,0.000325844215695,0.0000194657677639,0.00000551427865503,0.0000143028291859,0.0000100415718407,0.00000229321426559,9.91528054328e-7,0.0000033787796383,0.00000454545579487,0.00000302542775898,0.00000137858762628,0.00000117107390452,3.06285556917e-7,7.86167561273e-7,2.86754925582e-7,1.57009736768e-7,1.43908124528e-7,9.96984326207e-8,6.28407264003e-8,4.3241563219e-8,8.33184277127e-9,7.86972087496e-9,1.76512790495e-10,2.20309413074e-11,1.61102764462e-9,2.06535631264e-7],"dvar2":[0.0000930928508751,0.000858317653183,0.0000531775294803,0.0000140671972986,0.0000362722603313,0.0000251333822234,0.00000566233302379,0.00000250903917731,0.0000083727090896,0.0000113644582598,0.00000737995878808,0.00000337921937898,0.00000316251566801,7.28681470719e-7,0.00000213355201595,7.69725488681e-7,4.1723737354e-7,3.64627794625e-7,2.25738759241e-7,1.32963052124e-7,9.62224433465e-8,1.80089347879e-8,1.91429609941e-8,4.07009342895e-10,5.53805577785e-11,3.82288378731e-9,4.98453005093e-7],"max":[0.124245673418,0.23930773139,0.0774510204792,0.0396984517574,0.0736032426357,0.0611936710775,0.0387202687562,0.0250702593476,0.0430735461414,0.0384243577719,0.034457039088,0.0285421069711,0.0186795461923,0.0183297786862,0.0368410162628,0.0126690659672,0.00987221021205,0.00884651578963,0.0085061667487,0.00724203279242,0.00713418098167,0.00406082859263,0.00216712313704,0.000312501651933,0.0000604136657785,0.00103075720835,0.0122004244477],"mean":[0.00623895600438,0.0213871542364,0.00380971073173,0.00231254007667,0.0039801504463,0.00238364958204,0.00113250594586,0.00069273536792,0.00144324044231,0.00181139132474,0.00130016217008,0.00126429565717,0.000984841841273,0.00061594392173,0.000892987824045,0.000675464107189,0.000454630382592,0.000429196021287,0.000281638116576,0.000201735165319,0.000161968244356,0.0000663307291688,0.0000381921963708,0.0000105873550638,0.0000030815072023,0.0000213309158426,0.00116739328951],"median":[0.00362637452781,0.0148956347257,0.00218427274376,0.00118785887025,0.00222373474389,0.00107100536115,0.000501698465087,0.000317710801028,0.000641387421638,0.000783348223194,0.00049434765242,0.000677022209857,0.00056166970171,0.000382398924557,0.000577691942453,0.000432344444562,0.000284127076156,0.000258561340161,0.000149027619045,0.0000957555093919,0.0000672591922921,0.000026770409022,0.000012413866898,0.00000481506094729,0.00000122166420624,0.00000863732202561,0.000887083937414],"min":[1.59895447502e-23,3.58694580287e-24,9.13698537903e-24,1.58260091514e-23,6.56583383347e-23,4.95525344197e-23,4.71975164049e-23,9.12476860573e-23,6.00620644098e-23,5.68218403297e-23,5.77927703318e-23,2.26764693637e-22,1.02463173982e-22,1.10066846476e-22,1.17859454311e-22,1.73384558774e-22,3.06625462829e-22,2.42464565508e-22,2.66926094571e-22,2.61410959724e-22,4.77062281903e-22,6.68166045003e-22,5.13476555671e-22,8.82498416992e-22,1.06456276813e-21,1.58408469939e-21,2.4973642922e-21],"var":[0.0000613773590885,0.00051894626813,0.0000244522252615,0.0000103143120214,0.0000269218671747,0.0000176244338945,0.000004412567705,0.00000152066741066,0.00000657918781144,0.00000858151088323,0.00000607665242569,0.00000316949626722,0.00000193606138055,6.87098463459e-7,0.00000131497404254,6.29504256722e-7,3.21785279311e-7,3.20351091432e-7,2.59471619302e-7,1.70147089307e-7,1.07288613549e-7,2.08025490167e-8,8.80048922625e-9,2.94597124473e-10,2.46202034454e-11,2.01686423118e-9,0.0000013895758002]},"barkbands_crest":{"dmean":2.99621319771,"dmean2":4.87046909332,"dvar":6.8339138031,"dvar2":17.9914112091,"max":25.7127285004,"mean":10.6961936951,"median":9.96895027161,"min":2.60279870033,"var":19.8587741852},"barkbands_flatness_db":{"dmean":0.0235443599522,"dmean2":0.0369150675833,"dvar":0.000468942540465,"dvar2":0.00111113046296,"max":0.393782198429,"mean":0.13441953063,"median":0.125165939331,"min":0.0187331866473,"var":0.0023880302906},"barkbands_kurtosis":{"dmean":4.70955562592,"dmean2":7.40174055099,"dvar":97.9533233643,"dvar2":216.219070435,"max":251.439575195,"mean":8.45920085907,"median":3.77370429039,"min":-1.70841383934,"var":263.730621338},"barkbands_skewness":{"dmean":0.625016510487,"dmean2":0.977618634701,"dvar":0.473404496908,"dvar2":1.09411585331,"max":12.5860052109,"mean":2.22635984421,"median":1.88021993637,"min":-2.72078418732,"var":2.11519217491},"barkbands_spread":{"dmean":6.63837957382,"dmean2":10.4238729477,"dvar":43.9886207581,"dvar2":97.9437713623,"max":122.768043518,"mean":28.711894989,"median":27.7744293213,"min":0.773592710495,"var":220.192642212},"dissonance":{"dmean":0.0151310926303,"dmean2":0.025833260268,"dvar":0.000248136522714,"dvar2":0.000685269129463,"max":0.500000059605,"mean":0.475763380527,"median":0.481516093016,"min":0.269279450178,"var":0.000411365152104},"dynamic_complexity":3.90494203568,"erbbands":{"dmean":[0.592200219631,2.22475552559,3.3122279644,4.21094894409,7.31539487839,7.47391414642,11.5784635544,13.1279773712,9.23760795593,11.9808292389,11.7499990463,19.1734600067,24.3235301971,40.5399627686,30.7632827759,27.6431884766,27.6540527344,15.9075937271,21.2875232697,22.113779068,16.4522266388,12.0927915573,10.629825592,9.42369174957,6.2986741066,4.54769992828,3.54952716827,2.66966533661,1.27868449688,0.99866861105,0.839175403118,0.34186309576,0.0892117395997,0.0348092094064,0.0210430193692,0.0173275247216,0.0348686687648,0.0243415124714,0.0187591295689,0.00734303239733],"dmean2":[0.956434488297,3.66459870338,5.58330011368,6.95699548721,12.1043720245,12.2732505798,18.4517250061,20.7714138031,15.1538515091,19.5736808777,19.3035736084,31.3700199127,39.7662239075,66.200088501,49.3625221252,45.4757423401,46.2224349976,26.0306529999,35.3855857849,36.3537712097,27.3740921021,19.9006309509,17.3173236847,14.8940935135,9.91145801544,6.82966470718,5.21400260925,3.94717431068,1.89376330376,1.49980390072,1.31191754341,0.532234430313,0.1394418329,0.0577277839184,0.0349999256432,0.027393637225,0.0526920258999,0.0341322943568,0.0267282873392,0.0112396348268],"dvar":[0.773837387562,9.97316837311,23.8392391205,37.926776886,141.519424438,190.020172119,537.334960938,971.658996582,362.140838623,712.899291992,606.226135254,1549.8223877,2276.27441406,5875.86767578,4278.61669922,2182.67260742,2558.35620117,604.543579102,1597.16186523,1296.74658203,692.26763916,453.488494873,377.121826172,339.650848389,243.07194519,130.167480469,67.0873031616,55.6474838257,11.7001142502,5.06453895569,7.59301424026,1.00543129444,0.0222097169608,0.00287713482976,0.00109959521797,0.000674273411278,0.0109014725313,0.00255608512089,0.00160005793441,0.0000966675434029],"dvar2":[2.04803967476,26.3008480072,64.3210372925,97.2489700317,359.404174805,484.400695801,1282.65209961,2426.31713867,853.3515625,1762.35498047,1519.25537109,3788.66137695,5951.54394531,14853.7011719,10099.1816406,5408.2890625,6918.30712891,1530.52246094,4076.34814453,3435.62817383,1858.80627441,1190.94042969,945.897094727,784.014465332,542.998474121,272.872558594,137.160797119,127.449714661,25.4489135742,11.3839406967,18.828956604,2.45685243607,0.0510457381606,0.00718924310058,0.0027597269509,0.00156285532285,0.0262894183397,0.00500289583579,0.00313636870123,0.000231071899179],"max":[12.6908483505,40.8517074585,89.4264450073,94.906791687,204.192749023,304.054199219,498.507751465,759.750793457,646.366455078,913.12310791,610.734069824,951.211303711,1044.63427734,1369.42248535,1729.24353027,944.363952637,825.968811035,418.298706055,1308.69006348,1225.27429199,514.243225098,583.480529785,433.971740723,483.064819336,506.374694824,340.589080811,213.245605469,289.782775879,139.799346924,73.1457824707,74.2564468384,22.9750499725,2.50892996788,0.708884060383,0.427654713392,0.497737169266,2.71954846382,1.69297933578,2.05687904358,0.225423887372],"mean":[0.930053591728,3.55524516106,4.88173818588,6.68433904648,11.3981323242,11.4903049469,17.4445400238,19.8019065857,14.5089197159,18.2686233521,17.6615695953,30.6051940918,40.6466560364,66.4719161987,56.4818153381,53.3957977295,47.5122451782,31.9331359863,41.6360435486,44.8502502441,35.0487174988,25.7216281891,22.063167572,19.742723465,13.1737804413,9.52530860901,7.35325717926,5.07779169083,2.41155028343,1.5395308733,1.08468747139,0.452516913414,0.130654215813,0.0401369333267,0.0227035656571,0.0250069517642,0.0495542101562,0.0481759496033,0.0565545000136,0.0339696481824],"median":[0.558732628822,2.39692306519,3.19292116165,3.97088575363,6.03473472595,6.03532791138,7.84642839432,8.12887573242,7.19236278534,7.44589519501,8.67464923859,14.1228094101,19.8450927734,29.9182891846,27.017162323,30.4391059875,27.6297721863,21.1233215332,26.8111152649,30.6091690063,23.1529579163,16.5788478851,13.134188652,11.4211597443,6.82391262054,4.48707103729,3.30690717697,2.02415847778,0.97477543354,0.594825685024,0.336453616619,0.154437661171,0.0632609724998,0.0188704542816,0.00961696822196,0.013363853097,0.0189147721976,0.0228345692158,0.0333088412881,0.0289550311863],"min":[1.32841664706e-22,9.87164330435e-22,6.03542559647e-21,2.95862342583e-20,5.78747578448e-20,2.75370648967e-19,3.82792510915e-19,4.48103745251e-19,4.85163142753e-19,1.93580901494e-18,1.54337137128e-18,1.58281589238e-18,1.71378122742e-18,1.16939732948e-18,5.26078473701e-18,8.50822923385e-18,4.83976593524e-18,4.9833082413e-18,8.36707913412e-18,5.699457641e-18,1.34902172949e-17,1.43812132373e-17,1.27236566135e-17,1.60423192932e-17,1.2296183735e-17,1.25364490973e-17,1.96836146717e-17,1.56279812156e-17,2.21569078643e-17,2.11640247771e-17,1.41210136495e-17,1.76503054644e-17,1.48356480679e-17,1.24615222502e-17,8.33508792393e-18,5.05551407774e-18,2.96657449267e-18,1.66826458024e-18,3.04146970008e-19,3.67592989611e-20],"var":[1.21481502056,14.8214702606,31.5202445984,68.3955612183,260.918121338,291.738098145,1008.41168213,1688.99255371,650.778808594,1434.53491211,992.420532227,2813.22924805,4087.4296875,11133.046875,9080.34570312,5269.99414062,4310.95214844,1395.08618164,3091.02563477,2635.37011719,1630.55432129,983.102600098,844.501647949,884.591186523,635.474853516,372.99798584,192.682754517,128.645507812,30.4052772522,9.29291915894,7.87277412415,1.10944020748,0.036802969873,0.00341707793996,0.00124988751486,0.00107444578316,0.0125530939549,0.00754333194345,0.00726701086387,0.000863616762217]},"erbbands_crest":{"dmean":2.4299890995,"dmean2":4.00200271606,"dvar":5.32763767242,"dvar2":13.3728847504,"max":27.286113739,"mean":7.85883617401,"median":6.90580654144,"min":2.55131340027,"var":12.3939266205},"erbbands_flatness_db":{"dmean":0.0177705958486,"dmean2":0.0269354302436,"dvar":0.000223455121159,"dvar2":0.000504251453094,"max":0.322099030018,"mean":0.137696504593,"median":0.136829555035,"min":0.0503464154899,"var":0.00094484933652},"erbbands_kurtosis":{"dmean":0.780848443508,"dmean2":1.24510955811,"dvar":0.889690339565,"dvar2":2.14742803574,"max":22.2378749847,"mean":0.476060539484,"median":0.123121261597,"min":-1.69594120979,"var":2.28592586517},"erbbands_skewness":{"dmean":0.304144650698,"dmean2":0.472773522139,"dvar":0.0670619159937,"dvar2":0.156618013978,"max":3.2499806881,"mean":-0.140415146947,"median":-0.146151512861,"min":-2.24857187271,"var":0.34261277318},"erbbands_spread":{"dmean":6.15197038651,"dmean2":9.56747531891,"dvar":32.5934295654,"dvar2":73.9890289307,"max":90.3296279907,"mean":30.4836673737,"median":28.3350486755,"min":3.41819906235,"var":153.646881104},"gfcc":{"cov":[[12935.8955078,51.9388427734,-230.581161499,63.5627937317,-16.0482177734,-251.428497314,241.158081055,-18.7566623688,178.92048645,43.4487190247,55.8278312683,47.5101928711,-22.4493541718],[51.9388427734,584.859802246,45.6915016174,-179.21434021,100.268577576,5.50249624252,5.68992853165,-14.8970499039,5.89686155319,-16.9716854095,41.489151001,-28.7699756622,52.7209014893],[-230.581161499,45.6915016174,309.583374023,98.3450927734,-68.0824890137,110.60887146,-40.7172966003,53.641708374,-20.6820297241,38.4488868713,-25.6295280457,-17.9055919647,-8.32275676727],[63.5627937317,-179.21434021,98.3450927734,282.567901611,51.9367408752,29.8406486511,31.8878383636,-0.455567479134,3.58009243011,-0.937805712223,-20.7708206177,10.1887083054,-42.8877983093],[-16.0482177734,100.268577576,-68.0824890137,51.9367408752,239.009292603,28.9419746399,24.2151679993,-22.2553367615,-3.75612854958,-37.4113197327,42.075668335,13.2349739075,22.7711601257],[-251.428497314,5.50249624252,110.60887146,29.8406486511,28.9419746399,182.274429321,-9.27608585358,32.4506874084,-33.8716163635,14.6232223511,-0.682314693928,7.61611652374,4.1014342308],[241.158081055,5.68992853165,-40.7172966003,31.8878383636,24.2151679993,-9.27608585358,131.546157837,-2.56839179993,35.4856376648,-4.18431472778,1.78718996048,8.20528697968,-8.24450874329],[-18.7566623688,-14.8970499039,53.641708374,-0.455567479134,-22.2553367615,32.4506874084,-2.56839179993,113.793045044,29.3688755035,30.67918396,1.50487053394,-12.109670639,5.82698249817],[178.92048645,5.89686155319,-20.6820297241,3.58009243011,-3.75612854958,-33.8716163635,35.4856376648,29.3688755035,99.8842926025,34.1569252014,9.95448875427,4.00333738327,-17.2980308533],[43.4487190247,-16.9716854095,38.4488868713,-0.937805712223,-37.4113197327,14.6232223511,-4.18431472778,30.67918396,34.1569252014,75.2864685059,24.866765976,2.02499198914,1.6495423317],[55.8278312683,41.489151001,-25.6295280457,-20.7708206177,42.075668335,-0.682314693928,1.78718996048,1.50487053394,9.95448875427,24.866765976,69.6933441162,38.9084320068,22.4741382599],[47.5101928711,-28.7699756622,-17.9055919647,10.1887083054,13.2349739075,7.61611652374,8.20528697968,-12.109670639,4.00333738327,2.02499198914,38.9084320068,65.8093414307,27.5323238373],[-22.4493541718,52.7209014893,-8.32275676727,-42.8877983093,22.7711601257,4.1014342308,-8.24450874329,5.82698249817,-17.2980308533,1.6495423317,22.4741382599,27.5323238373,78.1384506226]],"icov":[[0.0000836207327666,-0.0000548974567209,0.0000765526710893,-0.0000849039133755,0.0000614172313362,0.0000753181884647,-0.000102694175439,-0.0000233265000134,-0.0000300339816022,-0.0000633794188616,-0.00000827054191177,-0.0000581434069318,0.00000922443177842],[-0.0000548974567209,0.00475663738325,-0.00432098750025,0.00444659637287,-0.00283812079579,0.000793137471192,-0.00150229327846,0.00224709161557,-0.00236305827275,0.00313981692307,-0.00408129440621,0.00454965233803,-0.00180402863771],[0.0000765526710893,-0.00432098750025,0.0108121009544,-0.00761725008488,0.00611203955486,-0.00499050272629,0.00317801395431,-0.00257619121112,0.00124057044741,-0.0023784795776,0.00130345288198,0.000417854782427,-0.00128091557417],[-0.0000849039133755,0.00444659637287,-0.00761725008488,0.0118441320956,-0.00821802858263,0.00402345042676,-0.00331225269474,0.000816358951852,0.00137185514905,-0.00265204790048,0.00536122685298,-0.00549445021898,0.00519201532006],[0.0000614172313362,-0.00283812079579,0.00611203955486,-0.00821802858263,0.013628134504,-0.00657924031839,0.00169125397224,0.00142409873661,-0.004805770237,0.0102098667994,-0.0136362593621,0.0104972943664,-0.00653710821643],[0.0000753181884647,0.000793137471192,-0.00499050272629,0.00402345042676,-0.00657924031839,0.0116625344381,-0.00205882289447,-0.00337441987358,0.00700339581817,-0.00727079622447,0.00814376398921,-0.00923814065754,0.00511953420937],[-0.000102694175439,-0.00150229327846,0.00317801395431,-0.00331225269474,0.00169125397224,-0.00205882289447,0.0102584427223,0.0000102366238934,-0.00390292331576,0.00159335450735,0.000183789888979,-0.00022406737844,-0.000670126988553],[-0.0000233265000134,0.00224709161557,-0.00257619121112,0.000816358951852,0.00142409873661,-0.00337441987358,0.0000102366238934,0.0141217084602,-0.00766988005489,0.00301833334379,-0.00670597096905,0.00967164151371,-0.00587978167459],[-0.0000300339816022,-0.00236305827275,0.00124057044741,0.00137185514905,-0.004805770237,0.00700339581817,-0.00390292331576,-0.00766988005489,0.023018900305,-0.0165029410273,0.0128627596423,-0.014561612159,0.0105393975973],[-0.0000633794188616,0.00313981692307,-0.0023784795776,-0.00265204790048,0.0102098667994,-0.00727079622447,0.00159335450735,0.00301833334379,-0.0165029410273,0.0375607050955,-0.029954040423,0.0221188180149,-0.0101209012792],[-0.00000827054191177,-0.00408129440621,0.00130345288198,0.00536122685298,-0.0136362593621,0.00814376398921,0.000183789888979,-0.00670597096905,0.0128627596423,-0.029954040423,0.053787920624,-0.0381159596145,0.0113383522257],[-0.0000581434069318,0.00454965233803,0.000417854782427,-0.00549445021898,0.0104972943664,-0.00923814065754,-0.00022406737844,0.00967164151371,-0.014561612159,0.0221188180149,-0.0381159596145,0.0499388463795,-0.0197004973888],[0.00000922443177842,-0.00180402863771,-0.00128091557417,0.00519201532006,-0.00653710821643,0.00511953420937,-0.000670126988553,-0.00587978167459,0.0105393975973,-0.0101209012792,0.0113383522257,-0.0197004973888,0.0249622762203]],"mean":[14.1325330734,97.5002441406,-96.6403656006,3.99137115479,-1.28443801403,-11.1713523865,5.1116938591,-16.8219547272,-0.408768504858,-12.2028198242,-3.35245728493,-0.121693409979,-2.400867939]},"hfc":{"dmean":48.7110595703,"dmean2":76.6244277954,"dvar":3020.94897461,"dvar2":7622.06738281,"max":990.988098145,"mean":211.481994629,"median":208.845458984,"min":1.1708942741e-16,"var":19364.7304688},"melbands":{"dmean":[0.00431089196354,0.00197095493786,0.000746253936086,0.00054480927065,0.000371436763089,0.00028465341893,0.000140650081448,0.000121661287267,0.000103748738184,0.000129271225887,0.000126971339341,0.000173588181497,0.00011326315871,0.0000837025145302,0.0000693492838764,0.0000523676753801,0.0000300603569485,0.0000351775233867,0.0000365597989003,0.0000264516183961,0.0000207134362427,0.0000142831167977,0.0000117255303849,0.00000986528721114,0.00000818725766294,0.00000506251308252,0.00000448679793408,0.00000294953883895,0.00000221998652705,0.00000257720625996,0.00000133499622734,8.09459720585e-7,6.33660590665e-7,4.84427516767e-7,4.11180337778e-7,5.56748545932e-7,1.098368827e-7,6.59352821231e-8,4.03810958005e-8,2.68951332316e-8],"dmean2":[0.00697099044919,0.0032697506249,0.00122844695579,0.000894737488125,0.0005917106173,0.000449560058769,0.00023095952929,0.000198782930966,0.000170651444932,0.000210948172025,0.000208104713238,0.000283425993985,0.00018236975302,0.00013658417447,0.000116210583656,0.0000875010664458,0.0000495247477375,0.0000584756417084,0.0000611679715803,0.0000437697199231,0.0000348781468347,0.0000238040920522,0.0000194575350179,0.0000159672017617,0.0000131161505124,0.00000803794137028,0.00000705236607246,0.00000457030955658,0.000003330121217,0.00000396651421397,0.00000201129137167,0.00000122787173495,9.57243855737e-7,7.4007391504e-7,6.42353711555e-7,8.92074126568e-7,1.69456797039e-7,1.03533487561e-7,6.59385008817e-8,4.49223023224e-8],"dvar":[0.000038998798118,0.00000697765926816,0.00000105021524632,8.37453171698e-7,4.81402878449e-7,4.01819477247e-7,8.10479718893e-8,6.69829205435e-8,4.52392008299e-8,7.39198071642e-8,6.03648828701e-8,1.09613480959e-7,6.16782145357e-8,2.13773070357e-8,1.49376493397e-8,8.85938078454e-9,2.15512341306e-9,4.09931777412e-9,4.94271512608e-9,1.83335135961e-9,1.13553755288e-9,5.987249585e-10,4.99855157265e-10,3.12390835422e-10,2.70410027703e-10,1.43788453366e-10,1.43392159258e-10,5.31958990746e-11,2.62133075662e-11,4.89860721431e-11,1.51749689203e-11,5.25969762535e-12,2.35488776916e-12,1.19496665167e-12,1.50145705331e-12,4.7006925262e-12,5.02308562583e-14,1.27704531655e-14,3.7869077008e-15,1.86234698893e-15],"dvar2":[0.000102502497612,0.0000183493430086,0.0000026927991712,0.00000211911719816,0.00000116132957828,0.00000100272598047,1.9498169479e-7,1.66542008628e-7,1.13268626478e-7,1.81084061524e-7,1.57630822173e-7,2.75846275599e-7,1.47594718669e-7,5.22321492724e-8,3.94318142583e-8,2.37259634162e-8,5.40160760565e-9,1.0185057242e-8,1.36783917526e-8,4.86043472137e-9,3.0930649153e-9,1.59022772728e-9,1.31345812004e-9,7.88246246053e-10,6.41210973207e-10,3.4285232986e-10,3.19738541199e-10,1.15641170251e-10,5.42126309122e-11,1.20725707209e-10,3.45547167269e-11,1.2125827252e-11,5.21658324176e-12,2.71935794195e-12,3.73079518667e-12,1.18182044012e-11,1.17043283702e-13,2.99439496094e-14,9.19689993514e-15,4.6905266841e-15],"max":[0.0906145051122,0.0424177013338,0.0164818912745,0.0202271174639,0.0146524179727,0.0150075685233,0.0091663422063,0.00817631836981,0.00551821896806,0.00639465870336,0.00504095014185,0.00615214789286,0.00543920556083,0.00382343214005,0.00324733974412,0.00217790412717,0.000961684098002,0.00196478771977,0.0033608963713,0.000998477218673,0.000614828953985,0.000593477918301,0.000450911960797,0.000452147738542,0.000437765585957,0.000359078025213,0.000319187121931,0.000207074175705,0.000155032626935,0.000264209142188,0.000114938506158,0.0000862297019921,0.0000714663328836,0.0000360102203558,0.0000331559385813,0.0000491973332828,0.00000557183602723,0.00000236287223743,9.416183957e-7,5.52064761905e-7],"mean":[0.0073500550352,0.00333224562928,0.00128561374731,0.0008706660592,0.000579587707762,0.00044018542394,0.000223000111873,0.000184317323146,0.00015091712703,0.000202637253096,0.000205404692679,0.000273794372333,0.000190936916624,0.000152848704602,0.000121497243526,0.0000882324457052,0.0000547469571757,0.0000636156401015,0.000067700544605,0.0000503666706209,0.0000397594703827,0.0000274423910014,0.0000215365689655,0.0000191877206817,0.0000158702623594,0.00000960108900472,0.00000857717168401,0.00000572541603105,0.00000437069002146,0.00000447706679552,0.00000239471933128,0.0000014219416471,0.00000104672699308,7.08882510025e-7,5.50511799702e-7,6.2732999595e-7,1.60851712394e-7,9.53162526685e-8,5.15941849244e-8,2.76179115133e-8],"median":[0.00505259819329,0.0024479473941,0.000811828300357,0.00045975719695,0.00027756288182,0.000190508260857,0.000110051107185,0.0000773610154283,0.0000703817277099,0.0000906428758753,0.0000953932467382,0.000117144700198,0.0000800966299721,0.0000795418600319,0.0000692620888003,0.0000500996320625,0.0000343948959198,0.0000378755576094,0.0000438858332927,0.0000326766094076,0.0000243547365244,0.0000170635685208,0.0000119963769976,0.0000111242798084,0.00000883709435584,0.00000488758860229,0.00000390544391848,0.00000253166581388,0.00000198110274141,0.00000175138234226,8.82957579051e-7,5.33438537786e-7,4.3378315695e-7,2.70609859854e-7,1.86216340126e-7,1.43774187222e-7,6.95735309364e-8,4.63219045344e-8,2.55343692857e-8,1.05920285876e-8],"min":[2.1473154744e-24,2.78425399662e-24,6.38591146373e-24,1.07574563508e-23,1.54557162648e-23,9.46123008804e-24,7.68315417375e-24,2.12277136895e-23,1.26106752106e-23,8.74331696605e-24,8.31234016542e-24,4.42213769235e-24,1.09915090148e-23,2.7974023752e-23,1.17239387551e-23,1.23307384521e-23,8.29653612605e-24,1.37841862709e-23,8.42668713136e-24,9.92482707596e-24,1.72649734841e-23,1.70417716018e-23,1.08952790284e-23,1.12893663265e-23,1.33860276617e-23,1.01615666002e-23,7.98561212228e-24,8.06614298779e-24,1.25994244764e-23,1.0357451807e-23,8.35205300111e-24,1.10592737443e-23,1.53874703301e-23,1.05095008022e-23,7.20337449322e-24,1.08794055693e-23,1.01320016712e-23,9.71858175887e-24,9.94185384974e-24,1.13497946496e-23],"var":[0.0000631763905403,0.0000108663271021,0.00000212400163946,0.00000144335638197,9.47897433434e-7,7.1751003361e-7,1.48064870586e-7,1.31698442374e-7,7.61482681355e-8,1.35965663617e-7,1.08176607228e-7,2.04349476007e-7,1.26151718405e-7,4.98501009361e-8,2.76864380311e-8,1.53445132156e-8,4.54849891085e-9,8.37707681001e-9,7.62541407795e-9,3.59085605695e-9,2.42275777218e-9,1.18929732729e-9,8.96250629268e-10,6.90093482358e-10,6.28286700444e-10,3.24634319426e-10,3.42724210123e-10,1.39528305576e-10,7.08588049347e-11,8.84022230419e-11,3.51477666416e-11,1.2020366473e-11,5.02789216511e-12,1.98874575662e-12,1.68319774351e-12,4.31342808693e-12,8.1029760267e-14,2.01591537517e-14,5.25978152905e-15,2.05351491359e-15]},"melbands_crest":{"dmean":4.45176362991,"dmean2":7.26116418839,"dvar":13.9479007721,"dvar2":37.2528419495,"max":35.628452301,"mean":17.5399570465,"median":17.0473995209,"min":2.56040692329,"var":39.4465751648},"melbands_flatness_db":{"dmean":0.0306816566736,"dmean2":0.0479642786086,"dvar":0.000735718931537,"dvar2":0.00174194353167,"max":0.559376776218,"mean":0.245056077838,"median":0.237656280398,"min":0.0065810745582,"var":0.00405406579375},"melbands_kurtosis":{"dmean":8.09473991394,"dmean2":12.9282159805,"dvar":211.435455322,"dvar2":499.325042725,"max":409.126678467,"mean":14.6832494736,"median":6.47178077698,"min":-1.69611680508,"var":633.901550293},"melbands_skewness":{"dmean":0.838573634624,"dmean2":1.32336485386,"dvar":0.722516655922,"dvar2":1.73775756359,"max":17.0349903107,"mean":2.89564037323,"median":2.44844007492,"min":-1.96255636215,"var":3.44588828087},"melbands_spread":{"dmean":5.90103960037,"dmean2":9.40057086945,"dvar":48.5062294006,"dvar2":110.408195496,"max":216.214019775,"mean":19.8014774323,"median":17.8571662903,"min":0.496024936438,"var":172.380447388},"mfcc":{"cov":[[9196.38085938,816.929138184,-675.406860352,477.638824463,-354.118103027,115.877487183,-151.753952026,150.265670776,-61.5932769775,163.436737061,-80.716468811,103.380310059,6.09645366669],[816.929138184,931.890991211,-128.47644043,-86.4951858521,51.2717475891,0.845587909222,30.7399158478,-10.8901576996,15.2169246674,-29.1904640198,19.3318519592,-12.366771698,26.8911628723],[-675.406860352,-128.47644043,439.992645264,-39.4158668518,-3.60765647888,3.55813741684,7.28963947296,-26.4565448761,35.6988792419,21.0528945923,28.8901004791,4.06318330765,-13.251294136],[477.638824463,-86.4951858521,-39.4158668518,267.392669678,6.88953781128,53.7648773193,-8.42492008209,44.3470420837,-8.42471122742,35.7595596313,-12.0656661987,21.364648819,-11.4530124664],[-354.118103027,51.2717475891,-3.60765647888,6.88953781128,206.981491089,35.470085144,53.30909729,12.706193924,-1.6968100071,-31.3298187256,8.94545269012,-8.91705131531,18.9861221313],[115.877487183,0.845587909222,3.55813741684,53.7648773193,35.470085144,148.104522705,43.6459655762,35.5293121338,-12.7708320618,-3.81729197502,-17.6892662048,13.7056865692,1.48539066315],[-151.753952026,30.7399158478,7.28963947296,-8.42492008209,53.30909729,43.6459655762,108.974403381,22.1075191498,12.0176906586,-28.5661888123,-3.36087608337,-7.99611663818,16.348274231],[150.265670776,-10.8901576996,-26.4565448761,44.3470420837,12.706193924,35.5293121338,22.1075191498,85.4263153076,10.9285840988,16.4669036865,-8.62356472015,5.93099308014,-1.6464278698],[-61.5932769775,15.2169246674,35.6988792419,-8.42471122742,-1.6968100071,-12.7708320618,12.0176906586,10.9285840988,68.7892456055,26.9489841461,18.144947052,-2.81670665741,0.555161595345],[163.436737061,-29.1904640198,21.0528945923,35.7595596313,-31.3298187256,-3.81729197502,-28.5661888123,16.4669036865,26.9489841461,83.7469177246,27.6930141449,17.9510478973,-10.4086952209],[-80.716468811,19.3318519592,28.8901004791,-12.0656661987,8.94545269012,-17.6892662048,-3.36087608337,-8.62356472015,18.144947052,27.6930141449,68.926864624,21.2886505127,8.80609035492],[103.380310059,-12.366771698,4.06318330765,21.364648819,-8.91705131531,13.7056865692,-7.99611663818,5.93099308014,-2.81670665741,17.9510478973,21.2886505127,56.954498291,20.545835495],[6.09645366669,26.8911628723,-13.251294136,-11.4530124664,18.9861221313,1.48539066315,16.348274231,-1.6464278698,0.555161595345,-10.4086952209,8.80609035492,20.545835495,60.8271446228]],"icov":[[0.000178242902621,-0.000192022271222,0.000175648063305,-0.000270150165306,0.000317013968015,-0.0000823991940706,0.000104700302472,-0.000122322671814,0.000116087256174,-0.000255959283095,0.000194352760445,-0.000128383690026,-0.000103594189568],[-0.000192022271222,0.00142933242023,0.000264225935098,0.000673148955684,-0.000510794692673,-0.000187539975741,-0.000129179243231,0.000305623892928,-0.000615227851085,0.00054396194173,-0.000738955743145,0.000435828813352,-0.000162869429914],[0.000175648063305,0.000264225935098,0.00290830549784,0.000219315959839,0.000233490674873,-0.000698490184732,-0.000208541896427,0.00108228612226,-0.00132642011158,-0.000514276849572,-0.000529408105649,-0.000455560541013,0.000724601384718],[-0.000270150165306,0.000673148955684,0.000219315959839,0.00535131199285,-0.00107484753244,-0.00108964939136,0.000298782601021,-0.00112924922723,0.000429198989877,-0.00174796080682,0.000925306987483,-0.00127865315881,0.00103099353146],[0.000317013968015,-0.000510794692673,0.000233490674873,-0.00107484753244,0.00678456015885,-0.00118776725139,-0.00143109913915,-0.000950891932007,0.000507331278641,0.00179005786777,-0.00237024924718,0.00190087372903,-0.00168448872864],[-0.0000823991940706,-0.000187539975741,-0.000698490184732,-0.00108964939136,-0.00118776725139,0.0100845210254,-0.00412326399237,-0.00200007273816,0.00255883019418,-0.00114211661275,0.00305946334265,-0.00360232661478,0.00146742304787],[0.000104700302472,-0.000129179243231,-0.000208541896427,0.000298782601021,-0.00143109913915,-0.00412326399237,0.0150279775262,-0.00339410896413,-0.00423526577652,0.00576056726277,-0.00190946331713,0.00274160807021,-0.00315126520582],[-0.000122322671814,0.000305623892928,0.00108228612226,-0.00112924922723,-0.000950891932007,-0.00200007273816,-0.00339410896413,0.0163143072277,-0.00264812866226,-0.00400856602937,0.00330077577382,-0.00168023363221,0.00102765648626],[0.000116087256174,-0.000615227851085,-0.00132642011158,0.000429198989877,0.000507331278641,0.00255883019418,-0.00423526577652,-0.00264812866226,0.0210332870483,-0.00789615791291,-0.00231241364963,0.0036888893228,-0.00155641103629],[-0.000255959283095,0.00054396194173,-0.000514276849572,-0.00174796080682,0.00179005786777,-0.00114211661275,0.00576056726277,-0.00400856602937,-0.00789615791291,0.0230824332684,-0.00804259162396,-0.00278791738674,0.00328437332064],[0.000194352760445,-0.000738955743145,-0.000529408105649,0.000925306987483,-0.00237024924718,0.00305946334265,-0.00190946331713,0.00330077577382,-0.00231241364963,-0.00804259162396,0.0233101285994,-0.00878807157278,-0.000127656341647],[-0.000128383690026,0.000435828813352,-0.000455560541013,-0.00127865315881,0.00190087372903,-0.00360232661478,0.00274160807021,-0.00168023363221,0.0036888893228,-0.00278791738674,-0.00878807157278,0.0282927956432,-0.0106025338173],[-0.000103594189568,-0.000162869429914,0.000724601384718,0.00103099353146,-0.00168448872864,0.00146742304787,-0.00315126520582,0.00102765648626,-0.00155641103629,0.00328437332064,-0.000127656341647,-0.0106025338173,0.0224150791764]],"mean":[-647.03137207,157.954498291,-25.6926059723,33.5356330872,6.14324569702,21.9556770325,5.73858165741,14.0053863525,2.39485812187,5.0498085022,-4.02885913849,2.69982481003,-0.122700415552]},"pitch_salience":{"dmean":0.0794717818499,"dmean2":0.13010443747,"dvar":0.00472420547158,"dvar2":0.0125422496349,"max":0.931723356247,"mean":0.530587732792,"median":0.545066833496,"min":0.107601135969,"var":0.0134790576994},"silence_rate_20dB":{"dmean":0,"dmean2":0,"dvar":0,"dvar2":0,"max":1,"mean":1,"median":1,"min":1,"var":0},"silence_rate_30dB":{"dmean":0.0926545038819,"dmean2":0.185326710343,"dvar":0.0840761438012,"dvar2":0.188989460468,"max":1,"mean":0.893409729004,"median":1,"min":0,"var":0.0952223613858},"silence_rate_60dB":{"dmean":0.00171936186962,"dmean2":0.00343905226327,"dvar":0.0017163552111,"dvar2":0.00400006538257,"max":1,"mean":0.0547277927399,"median":0,"min":0,"var":0.0517325587571},"spectral_centroid":{"dmean":213.8487854,"dmean2":318.057525635,"dvar":53136.4882812,"dvar2":97450.5234375,"max":11465.3652344,"mean":1227.58496094,"median":1158.11254883,"min":182.423553467,"var":287083.28125},"spectral_complexity":{"dmean":3.71917080879,"dmean2":5.60871219635,"dvar":14.3759174347,"dvar2":27.6942863464,"max":63,"mean":25.0398273468,"median":27,"min":0,"var":157.604171753},"spectral_contrast_coeffs":{"dmean":[0.0521447136998,0.0503330491483,0.0391726605594,0.0279350113124,0.0201160572469,0.0352251194417],"dmean2":[0.0866190865636,0.0842404961586,0.0653907805681,0.0470237508416,0.033518217504,0.0547423772514],"dvar":[0.00170390657149,0.00156303565018,0.000962518563028,0.000471722683869,0.000270896678558,0.000831390731037],"dvar2":[0.00471206195652,0.00430469075218,0.00262135732919,0.0012685903348,0.000739363138564,0.00203123874962],"max":[-0.400193721056,-0.485355466604,-0.513422727585,-0.616454005241,-0.632352113724,-0.501151680946],"mean":[-0.703827619553,-0.769316196442,-0.787679851055,-0.807227790356,-0.805291831493,-0.724932193756],"median":[-0.70859849453,-0.775082588196,-0.792076349258,-0.808483064175,-0.803116440773,-0.723098516464],"min":[-0.966595053673,-0.96455848217,-0.971548855305,-0.964910984039,-0.963419497013,-0.961900174618],"var":[0.00474803522229,0.00424000201747,0.00302124000154,0.00144914863631,0.00116948434152,0.00355559727177]},"spectral_contrast_valleys":{"dmean":[0.362999051809,0.369842618704,0.288811534643,0.248321145773,0.247228443623,0.487864524126],"dmean2":[0.595037519932,0.609298348427,0.47363653779,0.395313829184,0.359297275543,0.762297332287],"dvar":[0.094111174345,0.101168431342,0.0678306370974,0.060609139502,0.0758641287684,0.175923630595],"dvar2":[0.235410243273,0.240218892694,0.151270031929,0.121295511723,0.132826179266,0.452107518911],"max":[-4.86618757248,-4.77094888687,-4.98921346664,-5.33934116364,-5.42107629776,-9.00357818604],"mean":[-6.54609918594,-6.61610937119,-6.73348236084,-7.03212738037,-7.39523363113,-11.0297737122],"median":[-6.27347517014,-6.34830951691,-6.45645189285,-6.77513217926,-7.13994932175,-10.8606987],"min":[-27.1017780304,-27.2696228027,-27.5846252441,-27.0139636993,-27.069732666,-27.2780303955],"var":[1.41631293297,1.37487459183,1.27932822704,1.21491551399,1.310952425,1.19171571732]},"spectral_decrease":{"dmean":4.52371784476e-9,"dmean2":7.23202120412e-9,"dvar":3.16378651026e-17,"dvar2":8.01209258901e-17,"max":2.23557417023e-9,"mean":-1.12072156e-8,"median":-9.99418325875e-9,"min":-8.26506010299e-8,"var":7.14087883635e-17},"spectral_energy":{"dmean":0.0177308805287,"dmean2":0.0281213354319,"dvar":0.000472602376249,"dvar2":0.00117394840345,"max":0.329161822796,"mean":0.0614807493985,"median":0.061622902751,"min":1.07715774406e-20,"var":0.00148940098006},"spectral_energyband_high":{"dmean":0.000323457526974,"dmean2":0.00045495890663,"dvar":2.90879285103e-7,"dvar2":5.49362994207e-7,"max":0.012021349743,"mean":0.00102992076427,"median":0.000705256126821,"min":7.65280764767e-21,"var":0.00000141216446536},"spectral_energyband_low":{"dmean":0.0155957434326,"dmean2":0.0251827742904,"dvar":0.000443153170636,"dvar2":0.00113895325921,"max":0.30300489068,"mean":0.0314789637923,"median":0.0242749489844,"min":2.25057598638e-23,"var":0.000836637918837},"spectral_energyband_middle_high":{"dmean":0.002576893894,"dmean2":0.00402641296387,"dvar":0.0000117074287118,"dvar2":0.0000289029630949,"max":0.0617202781141,"mean":0.00866105407476,"median":0.00688597653061,"min":1.78322328218e-21,"var":0.0000589859118918},"spectral_energyband_middle_low":{"dmean":0.00471582589671,"dmean2":0.0074768695049,"dvar":0.0000349516085407,"dvar2":0.0000882255335455,"max":0.0818604007363,"mean":0.0122529957443,"median":0.00994293112308,"min":3.56153053467e-22,"var":0.00010611442849},"spectral_entropy":{"dmean":0.12886159122,"dmean2":0.19260878861,"dvar":0.015518637374,"dvar2":0.0335457958281,"max":9.81216430664,"mean":7.6004357338,"median":7.62749385834,"min":5.99898099899,"var":0.0677539557219},"spectral_flux":{"dmean":0.0273878574371,"dmean2":0.0444512441754,"dvar":0.00087594910292,"dvar2":0.00212935800664,"max":0.447626084089,"mean":0.123599804938,"median":0.127303063869,"min":1.03786208794e-10,"var":0.00322070741095},"spectral_kurtosis":{"dmean":3.48789477348,"dmean2":5.29594278336,"dvar":13.7415390015,"dvar2":33.9599838257,"max":79.0275192261,"mean":18.3290519714,"median":17.8132019043,"min":-1.22102594376,"var":46.5658378601},"spectral_rms":{"dmean":0.00105432071723,"dmean2":0.00164012890309,"dvar":0.00000120822994631,"dvar2":0.00000284383668259,"max":0.017920197919,"mean":0.00721443351358,"median":0.0077537028119,"min":3.24173652332e-12,"var":0.00000793313574832},"spectral_rolloff":{"dmean":5347.07763672,"dmean2":10212.2226562,"dvar":61916692,"dvar2":140586624,"max":22050,"mean":11282.8203125,"median":9000.87890625,"min":43.06640625,"var":94497664},"spectral_skewness":{"dmean":0.273902148008,"dmean2":0.404279559851,"dvar":0.072137773037,"dvar2":0.162099957466,"max":6.42288303375,"mean":2.79740571976,"median":2.79128909111,"min":-0.0431107766926,"var":0.357123047113},"spectral_spread":{"dmean":386267.40625,"dmean2":597920.75,"dvar":227168698368,"dvar2":397634699264,"max":41138304,"mean":3742754.25,"median":3648957.75,"min":1825695.25,"var":627864502272},"spectral_strongpeak":{"dmean":1.72053480148,"dmean2":3.21760249138,"dvar":71.8015594482,"dvar2":199.217208862,"max":130.445602417,"mean":1.50250828266,"median":0.248976811767,"min":0,"var":61.958656311},"zerocrossingrate":{"dmean":0.0340031981468,"dmean2":0.0439426526427,"dvar":0.00088167010108,"dvar2":0.00137020391412,"max":0.77734375,"mean":0.246510446072,"median":0.24658203125,"min":0.025390625,"var":0.00620781537145}},"metadata":{"audio_properties":{"analysis_sample_rate":44100,"bit_rate":289167,"codec":"mp3","downmix":"mix","equal_loudness":0,"length":243.070449829,"lossless":false,"md5_encoded":"3d4bca4bc6ca1546d2b265100d7f5e7d","replay_gain":-10.1965389252,"sample_rate":44100},"tags":{"album":["Libertad"],"albumartist":["Velvet Revolver"],"albumartistsort":["Velvet Revolver"],"artist":["Velvet Revolver"],"artistsort":["Velvet Revolver"],"asin":["B000P29B62"],"barcode":["886971096828"],"catalognumber":["88697109682"],"composer":["Dave Kushner/Duff McKagan/Matt Sorum/Scott Weiland/Slash"],"date":["2007"],"discnumber":["1/1"],"file_name":"05. Velvet Revolver - The Last Fight.mp3","genre":["Hard Rock"],"label":["RCA Records"],"length":["243053"],"musicbrainz album release country":["US"],"musicbrainz album status":["official"],"musicbrainz album type":["album"],"musicbrainz_albumartistid":["3a528006-1429-47f4-ae9b-2ea95343e16a"],"musicbrainz_albumid":["c45b6a24-cc35-41f2-8ce0-0dbfa7684be2"],"musicbrainz_artistid":["3a528006-1429-47f4-ae9b-2ea95343e16a"],"musicbrainz_recordingid":["8000e13a-ad98-4df7-8867-35f588247513"],"musicip_puid":["11607ba8-d04a-7a17-a9d9-8c5475853bc3"],"title":["The Last Fight"],"tracknumber":["5/13"]},"version":{"essentia":"2.1-beta1","essentia_build_sha":"ca57ba49d9b1854bd80e60cf9ccf267278fb7d6b","essentia_git_sha":"v2.1_beta1-28-g21ef5f4-dirty","extractor":"music 1.0"}},"rhythm":{"beats_count":371,"beats_loudness":{"dmean":0.0240613501519,"dmean2":0.0414718985558,"dvar":0.000512256228831,"dvar2":0.00145455810707,"max":0.246525838971,"mean":0.0776358023286,"median":0.0775065720081,"min":2.2134218014e-8,"var":0.00148918956984},"beats_loudness_band_ratio":{"dmean":[0.179739192128,0.0708836838603,0.0395228154957,0.064004637301,0.0574730746448,0.0675865337253],"dmean2":[0.316544622183,0.125746890903,0.0694216042757,0.113143876195,0.109482526779,0.115870662034],"dvar":[0.0256550833583,0.00589871220291,0.00239028013311,0.00435117073357,0.00359548046254,0.00294564035721],"dvar2":[0.072836779058,