{"lowlevel":{"average_loudness":0.354491114616,"barkbands":{"dmean":[0.00172383047175,0.00467812037095,0.00318192178383,0.00064381439006,0.00059704692103,0.000454810331576,0.000331777293468,0.000401806697482,0.00048468838213,0.000473756139399,0.000418815296143,0.000819312233943,0.000609926995821,0.000354488176527,0.000357121229172,0.000425514008384,0.000322040112223,0.000272363744443,0.00019542100199,0.000163091579452,0.0000974055874394,0.0000387858672184,0.0000207493249036,0.0000110508944999,0.00000204137472792,0.0000146659258462,0.000452513573691],"dmean2":[0.00293625565246,0.00808833353221,0.00553858000785,0.00109788693953,0.0010011724662,0.000752210791688,0.000560386572033,0.000687114312313,0.000823248876259,0.000799531466328,0.000711534055881,0.00138384394813,0.0010393463308,0.000599443912506,0.000597878475673,0.000712411594577,0.000543449423276,0.000454785564216,0.000325194065226,0.000266927585471,0.000154281922732,0.0000606846624578,0.0000318749225698,0.0000168720471265,0.00000322349978887,0.0000211612896237,0.000721913413145],"dvar":[0.0000118921652756,0.0000703329860698,0.0000841276341816,0.00000168419796864,0.00000265716221293,0.00000213405155591,0.00000106078209683,0.00000122170092709,0.00000185579176559,0.00000231618105317,0.00000135216794206,0.00000229757938541,0.00000115243608434,3.58234586884e-7,3.81982431463e-7,4.80587743823e-7,3.98994984607e-7,3.53401759412e-7,1.90239106246e-7,1.41331767622e-7,6.50518714451e-8,8.4855997784e-9,2.50725928908e-9,1.74066316916e-9,5.42080234867e-11,2.24321428099e-9,4.5239943347e-7],"dvar2":[0.0000322885534842,0.000197195084183,0.000226990523515,0.00000456403768112,0.00000661586591377,0.00000546339742868,0.00000297437213703,0.00000344231693816,0.00000526790381628,0.00000652536164125,0.00000375055992663,0.00000604358774581,0.00000322136429531,9.77710215011e-7,0.00000102404533209,0.00000130287423872,0.00000106092318219,9.03277452835e-7,4.92471997404e-7,3.40676393762e-7,1.36871321388e-7,1.85227566618e-8,5.25732124501e-9,3.23183968476e-9,1.14648242289e-10,4.0087280162e-9,0.00000114773638415],"max":[0.0495232567191,0.105143964291,0.132705003023,0.0236366186291,0.0573987625539,0.0518708303571,0.0212788134813,0.0203914176673,0.0323186442256,0.046273753047,0.0302242245525,0.0561161935329,0.0367066562176,0.00896290503442,0.0149329658598,0.00958401709795,0.0091319475323,0.00739078316838,0.00613486906514,0.0147874252871,0.0162076167762,0.00415836879984,0.00221123709343,0.00185007287655,0.000451382802567,0.00204843631946,0.01213656459],"mean":[0.00188556115609,0.00586356827989,0.00300431903452,0.000737320457119,0.00073156983126,0.000624167674687,0.000465187302325,0.000550654425751,0.000765095697716,0.000747801852413,0.000660545076244,0.0014736916637,0.00111213873606,0.000642960309051,0.000667928310577,0.000857963634189,0.000481973518617,0.000367770873709,0.000270479358733,0.000231350495596,0.000161462681717,0.0000632036753814,0.0000358167490049,0.0000192955412786,0.00000236262008002,0.0000314248427458,0.00181432941463],"median":[0.000279217987554,0.00182221783325,0.000569084892049,0.000195628483198,0.000208430399653,0.0000733788037905,0.0000398905431211,0.000057915913203,0.0000869531213539,0.000102703575976,0.000133944573463,0.000759675051086,0.000642079743557,0.000371230591554,0.000395943439798,0.00053372757975,0.000229355864576,0.000116661802167,0.0000883081302163,0.0000563230678381,0.0000528258788108,0.0000199110072572,0.00000979331525741,0.00000248020478466,3.45168302829e-7,0.00000834498678159,0.00144695618656],"min":[1.19328527887e-23,1.54126570811e-23,7.44468546641e-24,1.66193034549e-23,3.89989639031e-23,2.56083466486e-23,6.01073387148e-23,6.90687733546e-23,1.19858301627e-22,1.37308977701e-22,1.51091715624e-22,8.49518061054e-23,1.39969142892e-22,1.64670536158e-22,8.30625473463e-23,1.37157352325e-22,2.87378619893e-22,1.64826061663e-22,2.98466141957e-22,4.68163526995e-22,4.17908896903e-22,5.75434019334e-22,5.44283580882e-22,9.64711405319e-22,1.28232493063e-21,1.55712226669e-21,2.18594694745e-21],"var":[0.0000133849271151,0.0000883522152435,0.0000668063294142,0.0000019498918391,0.00000313867553814,0.00000381547033612,0.0000018917246507,0.00000200679187401,0.00000373690386368,0.00000436405798609,0.0000025717272365,0.00000455914278064,0.00000212008649214,7.11134646281e-7,7.46698560761e-7,0.00000112036082101,5.39940515409e-7,4.50878843594e-7,2.37339747855e-7,2.77119170278e-7,1.74099696437e-7,1.81063359861e-8,6.43576081316e-9,5.9445639522e-9,8.15691819644e-11,7.70867192301e-9,0.00000378842059945]},"barkbands_crest":{"dmean":2.38241076469,"dmean2":4.10439538956,"dvar":6.22734355927,"dvar2":17.5396251678,"max":26.6435623169,"mean":8.31873035431,"median":8.1482925415,"min":2.19469118118,"var":10.7668981552},"barkbands_flatness_db":{"dmean":0.0184560213238,"dmean2":0.0309111624956,"dvar":0.000288699171506,"dvar2":0.000756296270993,"max":0.41856905818,"mean":0.112901873887,"median":0.108728922904,"min":0.0220096502453,"var":0.00131720281206},"barkbands_kurtosis":{"dmean":2.00615382195,"dmean2":3.38749694824,"dvar":89.4706497192,"dvar2":235.470565796,"max":946.854919434,"mean":4.90097761154,"median":0.680837392807,"min":-1.96731424332,"var":151.218109131},"barkbands_skewness":{"dmean":0.439385473728,"dmean2":0.731711983681,"dvar":0.24616779387,"dvar2":0.613325893879,"max":26.0234413147,"mean":-0.149567201734,"median":0.641732513905,"min":-4.31400775909,"var":4.55311584473},"barkbands_spread":{"dmean":8.60004806519,"dmean2":14.2104883194,"dvar":88.1558380127,"dvar2":237.323303223,"max":132.913391113,"mean":46.1306533813,"median":49.7488021851,"min":0.323562830687,"var":709.97442627},"dissonance":{"dmean":0.00656760949641,"dmean2":0.011499225162,"dvar":0.000068885696237,"dvar2":0.000188972568139,"max":0.500000238419,"mean":0.491828650236,"median":0.494534343481,"min":0.250758200884,"var":0.0000834994789329},"dynamic_complexity":23.5781898499,"erbbands":{"dmean":[0.196542263031,0.944652497768,3.32970905304,2.77986431122,2.15942835808,1.72604870796,2.83774638176,4.18751478195,4.31667470932,6.08272695541,9.24519252777,10.7157859802,14.0333824158,15.0313453674,19.0130729675,32.6563186646,26.3439655304,18.1052455902,18.2429275513,17.7504405975,23.0255126953,17.3393478394,14.5635471344,12.2831716537,9.46072292328,7.46822309494,5.06735134125,2.89189958572,1.43607783318,0.922826170921,0.575892269611,0.304330706596,0.142746910453,0.0321942195296,0.0119824111462,0.0226012095809,0.0325973182917,0.0231020469218,0.0184985119849,0.0112739978358],"dmean2":[0.348264575005,1.61703336239,5.78469705582,4.7434425354,3.67430138588,2.88773131371,4.77482414246,6.89638757706,7.32489156723,10.3420391083,15.8498249054,18.2429428101,23.874294281,25.4021720886,32.3142127991,54.935798645,44.5424118042,30.452047348,30.7636432648,29.499212265,38.6688156128,29.0853061676,24.3539962769,20.4246063232,15.7689781189,12.208439827,8.17464637756,4.57506942749,2.26537585258,1.4224395752,0.891886591911,0.473349362612,0.217940822244,0.0494777336717,0.0192085877061,0.0331964157522,0.0474430210888,0.034307949245,0.0280093327165,0.0177627205849],"dvar":[0.142727181315,2.94796800613,84.5692749023,44.0350151062,33.0182113647,26.1242198944,76.1213607788,221.303863525,191.83770752,394.820953369,610.676208496,927.692810059,1916.31237793,2305.45776367,2019.43859863,3620.33520508,2194.45483398,937.346801758,1059.3170166,918.41192627,1465.23583984,1250.03112793,1090.30090332,634.151611328,479.396362305,307.740112305,172.352645874,60.8043022156,11.5785970688,5.27493858337,1.81625342369,0.969946444035,0.377857685089,0.0197785254568,0.000681522127707,0.00677433051169,0.0126272281632,0.00330762774684,0.00143224059138,0.000283543340629],"dvar2":[0.416659444571,8.00496482849,227.273651123,119.102867126,85.7323989868,65.0771789551,195.560317993,573.851379395,536.22479248,1105.42614746,1735.23486328,2654.57519531,5433.07617188,6586.06347656,5640.15625,9652.55078125,6091.38476562,2530.7277832,2832.88549805,2375.21655273,3948.19482422,3313.96240234,2792.67138672,1609.1739502,1259.39465332,717.979919434,391.944793701,123.288612366,25.5885562897,10.545750618,3.98575520515,1.85206198692,0.706349790096,0.0383371040225,0.00159724149853,0.0116650359705,0.0232023987919,0.00692786509171,0.00317012378946,0.000690653396305],"max":[4.18208265305,24.9182167053,133.499069214,101.905601501,197.305221558,247.396133423,306.412658691,523.880249023,316.473358154,598.961120605,584.006469727,708.96697998,1179.13964844,1367.43933105,1344.58752441,2603.56176758,1590.52990723,483.011260986,947.495727539,406.599365234,577.861083984,525.777099609,385.196014404,435.202758789,274.65246582,900.155822754,792.432983398,566.818603516,125.011413574,100.541717529,42.8438339233,37.961479187,30.6694450378,7.6246714592,0.630583226681,4.68515777588,4.44368124008,1.57482886314,1.32804298401,0.411329954863],"mean":[0.217898443341,1.15831542015,3.28967237473,3.09303379059,2.50853514671,2.10660386086,3.41161942482,5.64434766769,6.08040857315,9.05930137634,13.2935686111,16.9842586517,22.7920970917,25.1452922821,33.9212303162,61.0861129761,51.7319412231,36.1096115112,35.2542228699,37.0775222778,46.852519989,27.0938816071,18.857793808,18.8406658173,12.5787982941,10.6404561996,7.91962957382,4.88449048996,2.30793690681,1.56362140179,0.993494749069,0.524237334728,0.241860330105,0.0458505824208,0.0148018477485,0.0400624722242,0.067749813199,0.062790542841,0.0652605965734,0.0503861457109],"median":[0.05157077685,0.349145293236,0.770392775536,0.885168671608,0.761375844479,0.610872983932,0.529886484146,0.595361888409,0.576571762562,0.830406010151,1.54000091553,1.95601046085,2.85573959351,4.41768264771,11.7846899033,33.4401741028,32.0694885254,22.4016933441,21.8287658691,23.3235397339,29.2986888885,13.7504243851,6.02085161209,6.87265443802,3.72300052643,2.60194158554,2.19816994667,1.80804014206,0.731058418751,0.457401514053,0.256325632334,0.0869773924351,0.0273866206408,0.00607005180791,0.00305818137713,0.00654335971922,0.0164246559143,0.0306901745498,0.0422480851412,0.0407575517893],"min":[4.55584515083e-22,3.27446049192e-21,8.40863827784e-21,3.42756439355e-20,9.79855793904e-20,1.38458919302e-19,2.21955486761e-19,1.5154991845e-19,4.0367163525e-19,1.39801361058e-18,1.52082956222e-18,1.95626684585e-18,4.47974136389e-18,5.80483796949e-18,5.31674061031e-18,4.23229483314e-18,5.72202809119e-18,8.50344316682e-18,5.82760487508e-18,3.52143856218e-18,1.2799872208e-17,1.4169699846e-17,9.72570178355e-18,1.19636389308e-17,2.02678804625e-17,2.20911685123e-17,1.41184163024e-17,1.71104046786e-17,1.91906315703e-17,2.26009268366e-17,1.55384918539e-17,1.68667156158e-17,1.82313452508e-17,1.19653776645e-17,9.79492770183e-18,5.90089886762e-18,3.45066726371e-18,8.85846432944e-19,2.80977020665e-19,3.56722576204e-20],"var":[0.148326396942,3.7021241188,69.3137969971,42.0511665344,34.7968940735,30.549654007,103.05216217,361.412475586,310.740997314,770.842102051,1020.84649658,1832.61425781,3940.3894043,4227.48193359,4184.62060547,7262.63623047,4419.85742188,2089.16503906,2075.57446289,2133.93432617,3373.13085938,1688.64855957,1275.45080566,982.348327637,565.371398926,643.271057129,402.325653076,177.398529053,25.1964683533,13.2624921799,4.80663394928,3.09860444069,1.1817599535,0.0451012589037,0.00103150866926,0.0240871105343,0.0403479263186,0.0109182447195,0.00738362409174,0.00283440458588]},"erbbands_crest":{"dmean":1.64324891567,"dmean2":2.76574230194,"dvar":2.377784729,"dvar2":6.52489852905,"max":29.3073215485,"mean":7.81658315659,"median":7.59412574768,"min":2.00691103935,"var":7.95647382736},"erbbands_flatness_db":{"dmean":0.0145561406389,"dmean2":0.0234873108566,"dvar":0.000154396344442,"dvar2":0.000374687078875,"max":0.368540495634,"mean":0.149249866605,"median":0.151354685426,"min":0.0216321926564,"var":0.000787915487308},"erbbands_kurtosis":{"dmean":1.013032794,"dmean2":1.67712807655,"dvar":1.58443403244,"dvar2":4.23615503311,"max":64.0619888306,"mean":2.45643281937,"median":2.42573165894,"min":-1.69391512871,"var":5.6642408371},"erbbands_skewness":{"dmean":0.303316831589,"dmean2":0.502616167068,"dvar":0.0757553502917,"dvar2":0.198254525661,"max":4.37678146362,"mean":-0.777842700481,"median":-0.757354259491,"min":-5.46207141876,"var":0.71800994873},"erbbands_spread":{"dmean":4.54877567291,"dmean2":7.35279941559,"dvar":20.2338733673,"dvar2":48.432056427,"max":148.30368042,"mean":22.4821186066,"median":21.9973049164,"min":1.2123259306,"var":73.9782943726},"gfcc":{"cov":[[177935.1875,28065.5234375,-9026.69042969,-2315.15527344,9425.45605469,-6783.8125,7064.82617188,-8147.76464844,2123.33740234,-3692.42382812,-359.446380615,-1422.18762207,-449.08404541],[28065.5234375,5090.15966797,-1509.41308594,-476.258209229,1642.36022949,-1144.7401123,1170.35778809,-1422.55554199,374.366088867,-656.67791748,-55.4166030884,-263.143707275,-61.3187675476],[-9026.69042969,-1509.41308594,675.779785156,185.870117188,-545.142211914,400.829742432,-428.132202148,468.927307129,-130.928237915,215.073135376,18.9358673096,85.2361907959,16.3404979706],[-2315.15527344,-476.258209229,185.870117188,262.359710693,-34.5035324097,96.3472290039,-74.1784515381,91.9984741211,-41.9498138428,44.717590332,8.29696750641,20.0637779236,-28.6996879578],[9425.45605469,1642.36022949,-545.142211914,-34.5035324097,812.108032227,-330.25189209,454.146606445,-542.061218262,124.321960449,-243.416717529,-9.71051216125,-102.911109924,-28.3655567169],[-6783.8125,-1144.7401123,400.829742432,96.3472290039,-330.25189209,382.434234619,-290.424133301,340.222625732,-102.510032654,144.214019775,3.75259160995,56.2992324829,19.3733444214],[7064.82617188,1170.35778809,-428.132202148,-74.1784515381,454.146606445,-290.424133301,410.196990967,-336.743835449,118.699012756,-165.619140625,-15.0091466904,-66.8571624756,-27.8045654297],[-8147.76464844,-1422.55554199,468.927307129,91.9984741211,-542.061218262,340.222625732,-336.743835449,509.310974121,-96.2231063843,215.464996338,14.8578071594,69.3448562622,31.3416461945],[2123.33740234,374.366088867,-130.928237915,-41.9498138428,124.321960449,-102.510032654,118.699012756,-96.2231063843,83.2008743286,-32.8868904114,4.26633453369,-16.7756195068,-16.711971283],[-3692.42382812,-656.67791748,215.073135376,44.717590332,-243.416717529,144.214019775,-165.619140625,215.464996338,-32.8868904114,139.273544312,25.5019893646,39.6154708862,20.9235191345],[-359.446380615,-55.4166030884,18.9358673096,8.29696750641,-9.71051216125,3.75259160995,-15.0091466904,14.8578071594,4.26633453369,25.5019893646,41.6200675964,23.0909957886,10.2031955719],[-1422.18762207,-263.143707275,85.2361907959,20.0637779236,-102.911109924,56.2992324829,-66.8571624756,69.3448562622,-16.7756195068,39.6154708862,23.0909957886,55.6618461609,21.1863327026],[-449.08404541,-61.3187675476,16.3404979706,-28.6996879578,-28.3655567169,19.3733444214,-27.8045654297,31.3416461945,-16.711971283,20.9235191345,10.2031955719,21.1863327026,53.0136070251]],"icov":[[0.0000562431559956,-0.00022765257745,0.0000862199085532,-0.0000106903371488,-0.0000613474621787,0.000170406739926,-0.00018367751909,0.0000343984283973,0.000204975105589,-0.00021402486891,0.000257509353105,-0.000277672515949,0.00017948783352],[-0.00022765257745,0.00314657925628,-0.00161148770712,0.00226051593199,-0.00135118048638,0.00187017582357,-0.000302518106764,0.00168876408134,-0.00174442294519,0.00259631709196,-0.00113368278835,0.00252089370042,-0.00149582151789],[0.0000862199085532,-0.00161148770712,0.00929910503328,-0.00477921403944,0.00277079991065,-0.00456915190443,0.00361461308785,-0.00197007064708,-0.000374671042664,-0.00106119411066,-0.000674080685712,-0.000579926534556,0.000287875911454],[-0.0000106903371488,0.00226051593199,-0.00477921403944,0.0107004484162,-0.00666726054624,0.00556916929781,-0.0015833270736,-0.00131246249657,0.00521812727675,-0.00180470384657,0.00249048834667,-0.00567934568971,0.00828055292368],[-0.0000613474621787,-0.00135118048638,0.00277079991065,-0.00666726054624,0.0125243589282,-0.00860888045281,-0.00349445757456,0.00777031527832,-0.00456962548196,0.00297195115127,-0.00813002604991,0.0113925915211,-0.00872694235295],[0.000170406739926,0.00187017582357,-0.00456915190443,0.00556916929781,-0.00860888045281,0.0162023995072,0.00158396537881,-0.00588911632076,0.00549396732822,-0.000876738515217,0.00696411263198,-0.00762057350948,0.00559819443151],[-0.00018367751909,-0.000302518106764,0.00361461308785,-0.0015833270736,-0.00349445757456,0.00158396537881,0.0142040876672,-0.005099916365,-0.00665847631171,0.00416178768501,0.00151283969171,-0.00161905062851,0.000753344560508],[0.0000343984283973,0.00168876408134,-0.00197007064708,-0.00131246249657,0.00777031527832,-0.00588911632076,-0.005099916365,0.0189156159759,-0.00354885845445,-0.00527942646295,-0.00237211352214,0.00963909551501,-0.00783721636981],[0.000204975105589,-0.00174442294519,-0.000374671042664,0.00521812727675,-0.00456962548196,0.00549396732822,-0.00665847631171,-0.00354885845445,0.0317218825221,-0.0122539130971,0.00210805679671,-0.0103442436084,0.0153767783195],[-0.00021402486891,0.00259631709196,-0.00106119411066,-0.00180470384657,0.00297195115127,-0.000876738515217,0.00416178768501,-0.00527942646295,-0.0122539130971,0.033992741257,-0.0157718453556,0.0096302004531,-0.0103376749903],[0.000257509353105,-0.00113368278835,-0.000674080685712,0.00249048834667,-0.00813002604991,0.00696411263198,0.00151283969171,-0.00237211352214,0.00210805679671,-0.0157718453556,0.0453768633306,-0.0251745656133,0.00594370625913],[-0.000277672515949,0.00252089370042,-0.000579926534556,-0.00567934568971,0.0113925915211,-0.00762057350948,-0.00161905062851,0.00963909551501,-0.0103442436084,0.0096302004531,-0.0251745656133,0.0493663623929,-0.0219447407871],[0.00017948783352,-0.00149582151789,0.000287875911454,0.00828055292368,-0.00872694235295,0.00559819443151,0.000753344560508,-0.00783721636981,0.0153767783195,-0.0103376749903,0.00594370625913,-0.0219447407871,0.037914160639]],"mean":[-260.867279053,21.8093261719,-98.1590423584,6.78349494934,-3.82506585121,4.13764572144,0.431093901396,-9.39493370056,0.700213611126,-5.38669776917,-3.04570579529,-1.06157553196,-9.98564434052]},"hfc":{"dmean":54.0542678833,"dmean2":88.832572937,"dvar":7928.68847656,"dvar2":20298.1875,"max":2214.01391602,"mean":180.895278931,"median":162.09715271,"min":1.15658709353e-16,"var":38942.4023438},"melbands":{"dmean":[0.00149557017721,0.00149758590851,0.000461860036012,0.000132756191306,0.0000936970536713,0.000090514884505,0.0000658888384351,0.0000690278611728,0.0000771460545366,0.0000702924662619,0.0000719061426935,0.000062430241087,0.0000594513585384,0.0000875490004546,0.000091463130957,0.0000513622471772,0.0000345967855537,0.0000314238059218,0.0000262005087279,0.0000287331513391,0.000027897182008,0.000019560169676,0.0000152249140228,0.0000130362413984,0.0000100943670986,0.00000718011278877,0.00000699486236044,0.00000467632025902,0.0000033476653698,0.00000273965792985,0.00000144403395552,9.04373848698e-7,6.46906300972e-7,4.72072883895e-7,3.5319789049e-7,2.58691926547e-7,1.7164602184e-7,1.14769719062e-7,6.0327572271e-8,1.79743882001e-8],"dmean2":[0.00260903150775,0.00258251721971,0.000785024836659,0.000223128256039,0.000157252259669,0.000148967723362,0.000111519519123,0.00011790314602,0.000133013309096,0.000119887568871,0.000122350174934,0.000106208099169,0.000101062163594,0.000148245017044,0.000156720154337,0.0000872676973813,0.0000585348170716,0.0000532339508936,0.0000439997347712,0.0000481286879221,0.0000469768638141,0.0000329968352162,0.0000258561340161,0.0000218210061576,0.0000168779261003,0.000012095013517,0.0000116239234558,0.00000768695008446,0.00000548250181964,0.00000444626584795,0.00000227853001888,0.00000144865998664,0.00000101819080101,7.31654097308e-7,5.55841609184e-7,4.08004808605e-7,2.68945910875e-7,1.7902996774e-7,9.43325844105e-8,2.8783082584e-8],"dvar":[0.00000765347249398,0.0000132603636303,0.00000121612310977,1.40728644737e-7,7.45009813841e-8,9.53678096494e-8,4.28763264892e-8,4.78340211885e-8,4.20949248792e-8,4.12565945851e-8,5.09258732961e-8,4.15291090405e-8,2.40487025849e-8,3.17185744336e-8,3.33223368898e-8,7.66939667329e-9,3.40690564649e-9,3.20050985714e-9,2.0261070599e-9,2.24263607684e-9,2.19490581266e-9,1.49026258001e-9,1.30285870981e-9,8.44093073216e-10,4.30382868233e-10,2.92753737918e-10,2.48581516482e-10,1.36123071148e-10,8.19563028553e-11,5.09715707142e-11,1.9710750393e-11,4.83463486259e-12,2.50399115505e-12,1.59651252721e-12,7.20229865331e-13,4.99609197329e-13,3.81394053709e-13,2.50174420026e-13,9.55376118386e-14,3.99568988736e-15],"dvar2":[0.0000219232970267,0.0000355363517883,0.00000324530242324,3.53228301719e-7,1.9263421791e-7,2.46568532702e-7,1.20200269293e-7,1.33629256993e-7,1.19186118752e-7,1.1808341327e-7,1.43751961446e-7,1.19120883824e-7,6.73422775321e-8,8.40272633695e-8,9.51534602223e-8,2.1058022881e-8,9.31841537266e-9,8.6482723205e-9,5.39262723365e-9,6.05391115016e-9,5.97249671941e-9,4.00083211005e-9,3.46172845944e-9,2.16247575402e-9,1.1037912806e-9,7.72291453011e-10,6.27336738113e-10,3.20659165887e-10,1.95360408406e-10,1.13506759547e-10,3.94832742889e-11,1.12300091101e-11,5.44504198674e-12,3.2290749935e-12,1.654684419e-12,1.08415197392e-12,7.28649616772e-13,4.91296781903e-13,1.89046261284e-13,9.09234472923e-15],"max":[0.0298097785562,0.0526277087629,0.0163292381912,0.0146041307598,0.00792805664241,0.0109513830394,0.00416072132066,0.00627093575895,0.00485659809783,0.00493180053309,0.00607828143984,0.00561263924465,0.00422898400575,0.00841834861785,0.00997425243258,0.00117386679631,0.000911467708647,0.00158027443103,0.000702856457792,0.00061605242081,0.000695546739735,0.000625131244306,0.000503168674186,0.000411017157603,0.000387466570828,0.000218731001951,0.000407084444305,0.000581878935918,0.000430610467447,0.000482231349451,0.00043469958473,0.00010330688383,0.0000606320645602,0.0000687257270329,0.0000325601249642,0.0000221942700591,0.0000255452159763,0.0000255541126535,0.0000137822298711,0.00000334175160788],"mean":[0.00188586034346,0.00167741498444,0.00054166757036,0.000162080599694,0.000114652961202,0.000125102043967,0.0000944748899201,0.00010271838255,0.000110928682261,0.000109277141746,0.000113691203296,0.0000999469266389,0.0000994346119114,0.000152742140926,0.000158646202181,0.0000933912524488,0.0000629488131381,0.0000562095810892,0.0000485304626636,0.0000555674996576,0.0000536750994797,0.0000298385293718,0.0000175415279955,0.0000173716343852,0.0000152838529175,0.00000895047651284,0.0000091800438895,0.00000644385272608,0.00000487456873088,0.00000428786688644,0.00000235727793552,0.00000135710433824,0.00000101028160771,7.86543466802e-7,5.95962148964e-7,4.16738203057e-7,2.86059304244e-7,1.90351300944e-7,9.10298822987e-8,1.98700078613e-8],"median":[0.000572665943764,0.000514857878443,0.000171637249878,0.000051342878578,0.0000206271197385,0.0000136125709105,0.00000873704448168,0.00000984148300631,0.0000126712156998,0.0000122725077745,0.0000136293438118,0.0000160846684594,0.0000264447371592,0.0000725508434698,0.0000887660644366,0.0000541737426829,0.0000365651321772,0.0000330862021656,0.0000287694329018,0.0000334452670359,0.0000323572094203,0.0000144615387399,0.00000492406934427,0.00000524181132278,0.0000055089194575,0.00000243482281803,0.00000205096785066,0.00000153360554123,0.00000121619518723,0.00000135661446166,8.40448876716e-7,4.25983728292e-7,2.61233708443e-7,2.29539566021e-7,1.5440491552e-7,8.14864478116e-8,3.79354929692e-8,2.1054194832e-8,7.33189775559e-9,2.88162715911e-9],"min":[4.53432515156e-24,4.70193403366e-24,8.22971566307e-24,7.83536567427e-24,7.72239921492e-24,3.93087495805e-24,8.0677530529e-24,1.5906880016e-23,1.13648137723e-23,1.46768786262e-23,2.24856344444e-23,2.33208488164e-23,1.76335482316e-23,1.23538528654e-23,1.07634919256e-23,1.56273282215e-23,1.52334357721e-23,1.04803642247e-23,5.42756497631e-24,4.16707608473e-24,1.89063374369e-23,1.68634369724e-23,8.88542789154e-24,8.07583414401e-24,9.38834407356e-24,1.42267135729e-23,1.66695602055e-23,1.41476886429e-23,8.0549056642e-24,8.85164097897e-24,9.72891110356e-24,7.78868325248e-24,1.56233681398e-23,1.12493695009e-23,7.99177075937e-24,9.83528268575e-24,1.00441209886e-23,1.31511309165e-23,1.12595694724e-23,9.50429400485e-24],"var":[0.00000928401095734,0.0000121803950606,0.00000121786490581,1.59281597689e-7,1.01855682999e-7,1.65271529795e-7,7.31596045966e-8,9.24415388681e-8,7.11092553729e-8,8.01420867447e-8,1.01752348769e-7,7.16753447705e-8,4.74340637879e-8,5.66537359248e-8,4.97181993353e-8,1.48576244641e-8,6.78843514734e-9,5.66128743884e-9,3.97011401532e-9,4.8793364904e-9,4.62530724832e-9,2.02436090113e-9,1.27454136134e-9,1.05562358854e-9,6.55148602036e-10,3.15348552826e-10,3.65026536775e-10,2.82338319391e-10,1.72011627164e-10,1.19727339154e-10,5.47870256107e-11,8.92354246051e-12,5.56527090037e-12,3.72145543548e-12,1.68650933063e-12,1.29300530786e-12,1.21443610376e-12,7.37809173566e-13,2.51777548463e-13,5.34564991759e-15]},"melbands_crest":{"dmean":4.18291091919,"dmean2":7.1972823143,"dvar":16.6652736664,"dvar2":48.5585823059,"max":39.7306365967,"mean":13.2505989075,"median":12.1804895401,"min":2.0514895916,"var":45.9044570923},"melbands_flatness_db":{"dmean":0.0259496029466,"dmean2":0.0431948490441,"dvar":0.00067606655648,"dvar2":0.00178471172694,"max":0.540453970432,"mean":0.150090843439,"median":0.167288511992,"min":0.00647411402315,"var":0.00604593101889},"melbands_kurtosis":{"dmean":3.6432890892,"dmean2":6.12898302078,"dvar":932.550537109,"dvar2":2398.41381836,"max":3107.29931641,"mean":3.6199491024,"median":0.53936457634,"min":-1.69945573807,"var":857.414489746},"melbands_skewness":{"dmean":0.67542308569,"dmean2":1.11772084236,"dvar":0.584657609463,"dvar2":1.4403167963,"max":44.2469139099,"mean":1.0564905405,"median":1.12236011028,"min":-3.16998958588,"var":3.13746500015},"melbands_spread":{"dmean":13.3856925964,"dmean2":22.8423748016,"dvar":170.354507446,"dvar2":483.226074219,"max":281.440795898,"mean":59.5794143677,"median":44.1739425659,"min":0.196073308587,"var":1600.57531738},"mfcc":{"cov":[[57270.953125,13682.6503906,-5057.43066406,3247.49560547,182.797943115,3149.59082031,452.766265869,1595.74157715,121.314407349,916.874206543,-216.776657104,1034.9654541,163.64225769],[13682.6503906,4031.61645508,-1373.92004395,731.725585938,148.495330811,850.759094238,155.400085449,369.460113525,90.3172073364,182.996276855,-29.332069397,239.673522949,78.3983535767],[-5057.43066406,-1373.92004395,697.387756348,-330.646392822,-43.9488868713,-361.856536865,-74.0839004517,-154.572937012,-28.929485321,-73.5115203857,14.1898870468,-89.9242095947,-22.0430717468],[3247.49560547,731.725585938,-330.646392822,404.169921875,58.2524871826,242.174514771,57.0908622742,109.88684082,-9.85212421417,70.8353271484,-0.510703444481,64.9966278076,0.178348362446],[182.797943115,148.495330811,-43.9488868713,58.2524871826,207.351135254,131.402359009,71.0987472534,13.6879205704,6.04185152054,-11.8782329559,5.38600349426,14.7240800858,8.53403377533],[3149.59082031,850.759094238,-361.856536865,242.174514771,131.402359009,337.475494385,82.0463943481,116.734779358,12.5670099258,48.5464935303,-18.5503063202,69.3925094604,13.9319438934],[452.766265869,155.400085449,-74.0839004517,57.0908622742,71.0987472534,82.0463943481,85.943862915,38.6956138611,22.3763122559,8.26488494873,0.436889648438,9.03612422943,7.78581905365],[1595.74157715,369.460113525,-154.572937012,109.88684082,13.6879205704,116.734779358,38.6956138611,101.342102051,15.8840484619,42.5368690491,-5.92130279541,34.1679496765,-3.38637089729],[121.314407349,90.3172073364,-28.929485321,-9.85212421417,6.04185152054,12.5670099258,22.3763122559,15.8840484619,45.8425865173,11.2338905334,11.3583154678,-0.378237456083,6.14662075043],[916.874206543,182.996276855,-73.5115203857,70.8353271484,-11.8782329559,48.5464935303,8.26488494873,42.5368690491,11.2338905334,61.7669334412,9.239818573,32.7164955139,-0.982035279274],[-216.776657104,-29.332069397,14.1898870468,-0.510703444481,5.38600349426,-18.5503063202,0.436889648438,-5.92130279541,11.3583154678,9.239818573,41.1473426819,7.24809169769,6.19422769547],[1034.9654541,239.673522949,-89.9242095947,64.9966278076,14.7240800858,69.3925094604,9.03612422943,34.1679496765,-0.378237456083,32.7164955139,7.24809169769,54.2396659851,13.4475631714],[163.64225769,78.3983535767,-22.0430717468,0.178348362446,8.53403377533,13.9319438934,7.78581905365,-3.38637089729,6.14662075043,-0.982035279274,6.19422769547,13.4475631714,30.3844089508]],"icov":[[0.000174429369508,-0.000434815738117,0.0000799043482402,-0.00030465866439,0.000252723984886,-0.0000267476880254,0.000138285016874,-0.000450184947113,0.000363814615412,-0.000317328318488,0.000516738567967,-0.000601775711402,0.000175056658918],[-0.000434815738117,0.002042430453,0.000993525143713,0.00052787194727,-0.000665289175231,-0.000686507439241,0.000584526860621,0.000557980674785,-0.00217454973608,0.00104256987106,-0.000860501313582,0.000732205517124,-0.00147142983042],[0.0000799043482402,0.000993525143713,0.00602271407843,0.000879753555637,-0.00263220514171,0.0037933581043,0.00112252123654,-0.00046558745089,0.000870513031259,-0.00156538060401,0.00123218970839,-0.000134543835884,-0.000387610663893],[-0.00030465866439,0.00052787194727,0.000879753555637,0.00659789470956,-0.000138289600727,-0.00215773284435,-0.00207427330315,-0.0000763469943195,0.00495295785367,-0.00318628293462,-0.00362104107626,0.00241896440275,0.000992180779576],[0.000252723984886,-0.000665289175231,-0.00263220514171,-0.000138289600727,0.0124374544248,-0.00833509396762,-0.0071553485468,0.00408438686281,0.0011856345227,0.00441693887115,-0.00421833572909,-0.00305467750877,0.00317877437919],[-0.0000267476880254,-0.000686507439241,0.0037933581043,-0.00215773284435,-0.00833509396762,0.0171256102622,-0.000524131581187,-0.00534482207149,0.000511049467605,-0.00105223571882,0.00702290656045,-0.00377988140099,-0.00118894758634],[0.000138285016874,0.000584526860621,0.00112252123654,-0.00207427330315,-0.0071553485468,-0.000524131581187,0.0250059328973,-0.00847836304456,-0.00931248161942,0.000611258496065,0.00274282880127,0.00381715083495,-0.00687386654317],[-0.000450184947113,0.000557980674785,-0.00046558745089,-0.0000763469943195,0.00408438686281,-0.00534482207149,-0.00847836304456,0.0281937122345,-0.00531912269071,-0.00536504946649,0.00138073624112,-0.00462278816849,0.00993294268847],[0.000363814615412,-0.00217454973608,0.000870513031259,0.00495295785367,0.0011856345227,0.000511049467605,-0.00931248161942,-0.00531912269071,0.0387879312038,-0.0106508089229,-0.00994236860424,0.0115631679073,-0.00580164603889],[-0.000317328318488,0.00104256987106,-0.00156538060401,-0.00318628293462,0.00441693887115,-0.00105223571882,0.000611258496065,-0.00536504946649,-0.0106508089229,0.0373406745493,-0.00588512700051,-0.0179166793823,0.00888018123806],[0.000516738567967,-0.000860501313582,0.00123218970839,-0.00362104107626,-0.00421833572909,0.00702290656045,0.00274282880127,0.00138073624112,-0.00994236860424,-0.00588512700051,0.036080840975,-0.00927548203617,-0.00366115011275],[-0.000601775711402,0.000732205517124,-0.000134543835884,0.00241896440275,-0.00305467750877,-0.00377988140099,0.00381715083495,-0.00462278816849,0.0115631679073,-0.0179166793823,-0.00927548203617,0.0486432649195,-0.0202181786299],[0.000175056658918,-0.00147142983042,-0.000387610663893,0.000992180779576,0.00317877437919,-0.00118894758634,-0.00687386654317,0.00993294268847,-0.00580164603889,0.00888018123806,-0.00366115011275,-0.0202181786299,0.0491543598473]],"mean":[-799.476745605,92.4267730713,-32.3340377808,20.7188968658,6.90048933029,23.4058074951,5.87964010239,10.5358972549,1.83081364632,5.78245306015,-0.671263217926,6.82762098312,1.6113011837]},"pitch_salience":{"dmean":0.0645853728056,"dmean2":0.109610944986,"dvar":0.00416592042893,"dvar2":0.0117765804753,"max":0.926527559757,"mean":0.636941552162,"median":0.645258665085,"min":0.0135586382821,"var":0.0181054100394},"silence_rate_20dB":{"dmean":0,"dmean2":0,"dvar":0,"dvar2":0,"max":1,"mean":1,"median":1,"min":1,"var":0},"silence_rate_30dB":{"dmean":0.0254306811839,"dmean2":0.0508648380637,"dvar":0.0247802045196,"dvar2":0.0598876141012,"max":1,"mean":0.978945910931,"median":1,"min":0,"var":0.0206175222993},"silence_rate_60dB":{"dmean":0.00560568785295,"dmean2":0.0112121421844,"dvar":0.00557353487238,"dvar2":0.0128624485806,"max":1,"mean":0.385535567999,"median":0,"min":0,"var":0.236929506063},"spectral_centroid":{"dmean":258.816802979,"dmean2":421.351806641,"dvar":64595.4179688,"dvar2":152130,"max":11470.0722656,"mean":2664.81738281,"median":2048.85791016,"min":232.401687622,"var":1982813.375},"spectral_complexity":{"dmean":3.56699490547,"dmean2":5.29814720154,"dvar":24.448469162,"dvar2":51.1954689026,"max":68,"mean":19.4370079041,"median":23,"min":0,"var":307.968383789},"spectral_contrast_coeffs":{"dmean":[0.0486233383417,0.0372697524726,0.0306894201785,0.0216518379748,0.0161853991449,0.0261237286031],"dmean2":[0.0821421742439,0.0639120489359,0.0525947250426,0.0373957827687,0.0275577437133,0.041372988373],"dvar":[0.00174198497552,0.00113470619544,0.000764221709687,0.000351371389115,0.000221064081416,0.000785493233707],"dvar2":[0.00482170376927,0.00326421181671,0.00221318425611,0.00104142003693,0.000626352848485,0.00194165948778],"max":[-0.413900077343,-0.53654384613,-0.458023041487,-0.672190070152,-0.686486721039,-0.426010549068],"mean":[-0.756280124187,-0.845619261265,-0.848875105381,-0.849916875362,-0.83522695303,-0.760008096695],"median":[-0.762840867043,-0.850077629089,-0.839000463486,-0.832066297531,-0.809876441956,-0.724667906761],"min":[-0.959932386875,-0.97426956892,-0.979477226734,-0.982439815998,-0.961062252522,-0.955849468708],"var":[0.00613222224638,0.00571555271745,0.00442286720499,0.00329906400293,0.00408117705956,0.0115688638762]},"spectral_contrast_valleys":{"dmean":[0.424587130547,0.392146080732,0.305479496717,0.240843638778,0.272889584303,0.352778762579],"dmean2":[0.710839092731,0.650780558586,0.502330482006,0.391257554293,0.422462880611,0.547686100006],"dvar":[0.124387331307,0.118911512196,0.0782326832414,0.0568860843778,0.112642876804,0.146813645959],"dvar2":[0.307422190905,0.269257903099,0.1570302248,0.102419711649,0.218783318996,0.323796361685],"max":[-5.24793052673,-4.61274909973,-4.7394900322,-5.10035562515,-5.36579990387,-8.50937271118],"mean":[-10.4962978363,-9.71990776062,-9.60251808167,-9.43671512604,-9.66804504395,-12.6709575653],"median":[-7.26818132401,-7.33289146423,-7.06125688553,-6.65777206421,-7.40068483353,-11.3831920624],"min":[-27.4920825958,-27.6661224365,-27.2623405457,-27.1034984589,-27.252784729,-27.3758296967],"var":[28.4244251251,18.0878601074,18.8910751343,18.9569587708,14.7279701233,6.70109415054]},"spectral_decrease":{"dmean":2.63095101261e-9,"dmean2":4.33580060744e-9,"dvar":2.20252207108e-17,"dvar2":5.62271322997e-17,"max":1.74105547757e-8,"mean":-3.65838381811e-9,"median":-1.11706732753e-9,"min":-6.07813319675e-8,"var":3.39835044743e-17},"spectral_energy":{"dmean":0.0106076076627,"dmean2":0.0174876842648,"dvar":0.000345895357896,"dvar2":0.000887569680344,"max":0.259623408318,"mean":0.0302154701203,"median":0.0244750790298,"min":1.08413748438e-20,"var":0.00110645755194},"spectral_energyband_high":{"dmean":0.000470768893138,"dmean2":0.00073919253191,"dvar":5.76941090458e-7,"dvar2":0.00000134782249006,"max":0.0274457205087,"mean":0.00153637374751,"median":0.00115996832028,"min":7.4208529561e-21,"var":0.00000319834725815},"spectral_energyband_low":{"dmean":0.00776787940413,"dmean2":0.0133165493608,"dvar":0.000212395621929,"dvar2":0.000577776168939,"max":0.198150277138,"mean":0.0106194792315,"median":0.00439190911129,"min":3.42395294036e-23,"var":0.000266767339781},"spectral_energyband_middle_high":{"dmean":0.00249597197399,"dmean2":0.00397392082959,"dvar":0.0000184883047041,"dvar2":0.0000454759247077,"max":0.095741070807,"mean":0.00730094686151,"median":0.00492548663169,"min":1.9346262129e-21,"var":0.0000756522349548},"spectral_energyband_middle_low":{"dmean":0.00196114555001,"dmean2":0.00320392497815,"dvar":0.0000165992678376,"dvar2":0.0000428537932748,"max":0.0779161602259,"mean":0.00411307392642,"median":0.00123726122547,"min":3.51566149158e-22,"var":0.000048228619562},"spectral_entropy":{"dmean":0.0760263949633,"dmean2":0.12126082927,"dvar":0.0065828030929,"dvar2":0.0147025361657,"max":9.7962808609,"mean":8.10723209381,"median":7.89406204224,"min":6.20076322556,"var":0.271012812853},"spectral_flux":{"dmean":0.0164827015251,"dmean2":0.0264755114913,"dvar":0.000680663099047,"dvar2":0.00159886362962,"max":0.425836861134,"mean":0.0859045535326,"median":0.0975888371468,"min":1.04121926359e-10,"var":0.00582995591685},"spectral_kurtosis":{"dmean":2.44167733192,"dmean2":3.73466873169,"dvar":9.55906772614,"dvar2":21.7934799194,"max":67.8507537842,"mean":14.6819105148,"median":17.029050827,"min":-1.19526791573,"var":113.574882507},"spectral_rms":{"dmean":0.000706134014763,"dmean2":0.00114237586968,"dvar":0.00000106769687136,"dvar2":0.00000267011546384,"max":0.0159151218832,"mean":0.00410683918744,"median":0.00488652521744,"min":3.25222249305e-12,"var":0.000012609814803},"spectral_rolloff":{"dmean":2438.37182617,"dmean2":4603.83837891,"dvar":29301306,"dvar2":75560936,"max":22050,"mean":16977.8652344,"median":20456.5429688,"min":21.533203125,"var":37497620},"spectral_skewness":{"dmean":0.257843017578,"dmean2":0.392708152533,"dvar":0.085413262248,"dvar2":0.184212863445,"max":6.30776119232,"mean":2.36305141449,"median":2.6896173954,"min":-0.0463769622147,"var":1.38514745235},"spectral_spread":{"dmean":348079.3125,"dmean2":568808.875,"dvar":167815970816,"dvar2":310120808448,"max":40724484,"mean":5852152,"median":4065752.25,"min":1684087.75,"var":10415456124900},"spectral_strongpeak":{"dmean":7.70660591125,"dmean2":14.2736301422,"dvar":437.353271484,"dvar2":1179.36376953,"max":363.544158936,"mean":6.15800285339,"median":0.0998273938894,"min":0,"var":434.631164551},"zerocrossingrate":{"dmean":0.0356812141836,"dmean2":0.0470116659999,"dvar":0.00135420379229,"dvar2":0.00214611948468,"max":0.82080078125,"mean":0.381253868341,"median":0.39453125,"min":0,"var":0.0102674439549}},"metadata":{"audio_properties":{"analysis_sample_rate":44100,"bit_rate":320000,"codec":"mp3","downmix":"mix","equal_loudness":0,"length":339.645141602,"lossless":false,"md5_encoded":"e10db9f1045e4812cf00575445712681","replay_gain":-9.16229248047,"sample_rate":44100},"tags":{"album":["The Great Southern Trendkill"],"albumartist":["Pantera"],"albumartistsort":["Pantera"],"artist":["Pantera"],"artistsort":["Pantera"],"asin":["B000002HLY"],"catalognumber":["61908"],"composer":["Pantera"],"date":["1996"],"discnumber":["1/1"],"file_name":"11. Pantera - (Reprise) Sandblasted Skin.mp3","genre":["Thrash Metal"],"label":["EastWest Records America"],"musicbrainz album release country":["US"],"musicbrainz album status":["official"],"musicbrainz album type":["album"],"musicbrainz_albumartistid":["541f16f5-ad7a-428e-af89-9fa1b16d3c9c"],"musicbrainz_albumid":["ef958d7e-3b5c-4288-bc4f-90d48bf8d4b9"],"musicbrainz_artistid":["541f16f5-ad7a-428e-af89-9fa1b16d3c9c"],"musicbrainz_recordingid":["802f15dc-61c6-480a-ae52-f49ce7dc05f7"],"musicip_puid":["930e2f22-7677-3c64-97f1-8c8dc64cef32"],"title":["(Reprise) Sandblasted Skin"],"tracknumber":["11/11"]},"version":{"essentia":"2.1-beta1","essentia_build_sha":"ca57ba49d9b1854bd80e60cf9ccf267278fb7d6b","essentia_git_sha":"v2.1_beta1-28-g21ef5f4-dirty","extractor":"music 1.0"}},"rhythm":{"beats_count":752,"beats_loudness":{"dmean":0.0150000909343,"dmean2":0.0268342737108,"dvar":0.000369867804693,"dvar2":0.0011887375731,"max":0.158242642879,"mean":0.0393063910306,"median":0.0400898680091,"min":4.09737410667e-10,"var":0.00112870149314},"beats_loudness_band_ratio":{"dmean":[0.131660863757,0.0300110559911,0.0322813615203,0.0601664222777,0.0423815958202,0.0804739370942],"dmean2":[0.230743706226,0.0530944317579,0.0554034523666,0.102625332773,0.0730736032128,0.14170396328],"dvar":[0.0183673780411,0.00206258893013,0.00278484239243,0.00474333250895,0.00171519315336,0.00886313524097],"dvar2":[0.0522255189717,0.00564629258588,0.00779041880742,0