{"lowlevel":{"average_loudness":0.0165040157735,"barkbands":{"dmean":[0.0244299061596,0.0309633407742,0.00146434805356,0.00077624025289,0.00163828022778,0.00156152097043,0.000570120988414,0.000252266967436,0.000507457298227,0.000258969463175,0.000117427793157,0.000103960941487,0.000093805610959,0.00012611882994,0.0000987369348877,0.0000539036918781,0.0000318963830068,0.0000175810237124,0.000015407878891,0.0000133851744977,0.0000107139767351,0.00000854126028571,0.00000737437267162,0.00000645100135443,0.00000498011240779,0.00000853866822581,0.000064601401391],"dmean2":[0.0424616225064,0.0490361601114,0.00259990408085,0.00134881318081,0.00278814486228,0.00202846131288,0.00101157301106,0.000432860193541,0.000856876024045,0.000442757067503,0.000206208773307,0.000178995484021,0.00016578361101,0.000219912355533,0.000174114509718,0.0000900165687199,0.0000521433976246,0.0000300737465295,0.0000255181366811,0.0000235197239817,0.0000178237169166,0.0000145073145177,0.000012938195141,0.0000107673304228,0.00000856788119563,0.0000140123520396,0.000109440661618],"dvar":[0.00452949199826,0.0061440798454,0.0000152643297042,0.00000449821345683,0.0000271109056484,0.0000123320260172,0.0000083783734226,0.00000104336629647,0.00000838987216412,0.00000192248467101,2.98307782032e-7,2.4871280857e-7,1.47663868688e-7,2.83108761323e-7,1.70765275698e-7,1.56201679147e-7,4.30777298277e-8,5.64299185157e-9,4.28771063099e-9,6.22425577745e-9,2.3573176744e-9,1.22134224956e-9,1.15080323049e-9,7.36992911143e-10,2.31893351743e-10,8.73993544204e-10,9.39574320569e-8],"dvar2":[0.0144966803491,0.0153046799824,0.0000455448243883,0.0000125316983031,0.0000757597954362,0.0000314414210152,0.0000248185606324,0.00000270580017059,0.0000231475332839,0.00000555887891096,9.29693612761e-7,6.67406538923e-7,4.32399758665e-7,7.99030431153e-7,5.03610976921e-7,3.75388850671e-7,1.06204055328e-7,1.401025429e-8,1.02981472239e-8,1.58180331056e-8,6.01302785341e-9,2.95047897225e-9,3.13659365148e-9,1.79332382277e-9,6.48469722364e-10,2.12571271696e-9,2.55105561564e-7],"max":[1.35676765442,1.27273416519,0.0566280931234,0.0307333823293,0.133774459362,0.0788998156786,0.0772200599313,0.0208409596235,0.0896237194538,0.0341032780707,0.0142705673352,0.0121559668332,0.00913824606687,0.0107714682817,0.00827124807984,0.011424889788,0.00699457665905,0.00191277218983,0.002115591662,0.00271072844043,0.00152159365825,0.00102783378679,0.000977807096206,0.00079196767183,0.000219104011194,0.000788796518464,0.010250586085],"mean":[0.0529640354216,0.0562147423625,0.00165753776673,0.000898629019503,0.00224004103802,0.00598636176437,0.000712665030733,0.000332560157403,0.000718141091056,0.000374012102839,0.00018304605328,0.000152820910444,0.000148467384861,0.000220109359361,0.000196515233256,0.0000764687501942,0.0000416278417106,0.0000308844282699,0.0000268257062999,0.0000213516395888,0.0000176478588401,0.0000128916099129,0.0000105731842268,0.00000914379234018,0.00000477125058751,0.0000140618685691,0.00013463968935],"median":[0.00767062976956,0.00836885813624,0.000122900630231,0.000059005109506,0.00022406601056,0.000345826410921,0.0000656093543512,0.0000214336996578,0.0000752128980821,0.0000211525803024,0.0000390512068407,0.0000130537964651,0.00000860593172547,0.00000348687285623,0.0000033071883081,0.0000022565418476,0.00000194602898773,0.00000187077375813,0.00000171576982666,0.00000150305334046,0.00000143506508721,0.00000115442503557,0.00000104847197235,9.24113635392e-7,5.58042984267e-7,0.00000181659561349,0.000012428971786],"min":[1.18938048971e-13,1.757992623e-13,1.13318879833e-13,1.08624358965e-13,2.43548318448e-13,1.93638399586e-13,1.38838512085e-13,8.76466732308e-14,5.66345168191e-14,1.28552098233e-14,6.82681556312e-16,7.90619960044e-15,1.67779083405e-14,1.02727961025e-14,5.24038023939e-15,2.3471220288e-14,2.24569999776e-14,4.7790598383e-15,2.39554012613e-14,2.46643271806e-14,2.76338366523e-14,7.98163974286e-15,5.45658243456e-15,1.54327946093e-14,4.05949891215e-14,6.62892456855e-14,1.87652695574e-13],"var":[0.0149790039286,0.0160943195224,0.000017863638277,0.00000586801752434,0.0000310103132506,0.000131828463054,0.00000850785181683,0.00000163971378697,0.0000114272861538,0.00000315635134029,3.83670595738e-7,3.68334070799e-7,2.53355835866e-7,5.71037730879e-7,4.02807984301e-7,2.01967921498e-7,5.55458257168e-8,1.27496067037e-8,9.86326487151e-9,9.09154262985e-9,4.50278525577e-9,2.52014498159e-9,1.63049407309e-9,1.15120335487e-9,2.20620646751e-10,1.69533853622e-9,1.73688448513e-7]},"barkbands_crest":{"dmean":2.84313893318,"dmean2":4.79587697983,"dvar":7.50628709793,"dvar2":21.1271514893,"max":26.7498474121,"mean":15.3887701035,"median":14.689286232,"min":3.77682995796,"var":20.0113945007},"barkbands_flatness_db":{"dmean":0.0491178818047,"dmean2":0.0823490023613,"dvar":0.00194838864263,"dvar2":0.00575546873733,"max":0.551473855972,"mean":0.276282995939,"median":0.282789111137,"min":0.0370881557465,"var":0.00745087303221},"barkbands_kurtosis":{"dmean":50.5648078918,"dmean2":86.8890838623,"dvar":14377.2148438,"dvar2":43980.5820312,"max":2423.18579102,"mean":86.2607727051,"median":48.9374198914,"min":-1.87413716316,"var":14472.2519531},"barkbands_skewness":{"dmean":1.97604680061,"dmean2":3.23767113686,"dvar":7.25417709351,"dvar2":21.5489597321,"max":46.0885696411,"mean":5.9150633812,"median":5.5250916481,"min":-1.34292781353,"var":16.8310127258},"barkbands_spread":{"dmean":3.40183544159,"dmean2":5.60172700882,"dvar":55.5957832336,"dvar2":151.130966187,"max":135.072280884,"mean":7.5710773468,"median":3.45407891273,"min":0.195275500417,"var":209.172622681},"dissonance":{"dmean":0.0296490527689,"dmean2":0.0490786507726,"dvar":0.000822640955448,"dvar2":0.00208715163171,"max":0.500000119209,"mean":0.434714108706,"median":0.459248930216,"min":0,"var":0.00432552397251},"dynamic_complexity":10.4642248154,"erbbands":{"dmean":[1.88917791843,3.34102869034,1.90039217472,2.06396412849,3.86454939842,6.73963594437,7.47617530823,15.4075994492,6.5834569931,9.54288482666,4.74598169327,13.1772432327,7.94800949097,5.74655580521,4.71617269516,4.15389299393,4.08615589142,6.332072258,5.70259523392,3.82308006287,2.64370560646,1.7401881218,1.02778911591,0.7518491745,0.780333936214,0.641180634499,0.511955142021,0.381495267153,0.323709189892,0.25165989995,0.202759668231,0.160506531596,0.0937906578183,0.0558245703578,0.0361706539989,0.0253113880754,0.0172872804105,0.0093363262713,0.00424173939973,0.00766189815477],"dmean2":[2.97711420059,5.19193029404,3.24969553947,3.68063426018,6.30664825439,11.5414896011,11.0928897858,19.3816928864,11.0682888031,17.001115799,7.97930240631,22.3510227203,14.0439271927,9.86449146271,8.23944854736,7.27174186707,7.1680598259,11.0197210312,10.1656370163,6.77418327332,4.31539106369,2.820291996,1.6624430418,1.23568093777,1.33092045784,1.11937844753,0.861348152161,0.639520704746,0.555588364601,0.423142969608,0.353281855583,0.270732998848,0.16061656177,0.0971985310316,0.0617347694933,0.0425266809762,0.0278923232108,0.0155544960871,0.00697751995176,0.0116280782968],"dvar":[22.0943965912,75.8764038086,24.8981990814,31.3421039581,113.664489746,492.917419434,329.27734375,1229.27111816,736.204284668,2230.08691406,467.151763916,6051.72949219,2162.37084961,756.906860352,613.794372559,451.458984375,306.833648682,718.359802246,567.433837891,322.360290527,357.842803955,129.717315674,19.5407180786,8.35208034515,13.5345859528,14.4746341705,6.88475322723,2.42085790634,1.61710596085,1.37353110313,0.785480082035,0.554838955402,0.124208286405,0.0318613126874,0.0119212064892,0.0070886798203,0.00376117508858,0.0013565805275,0.00027797970688,0.000419506861363],"dvar2":[55.9610290527,175.38911438,71.5501937866,91.1936798096,300.014221191,1405.04907227,930.09362793,3013.32348633,2042.74707031,6654.30566406,1220.1661377,16598.0683594,6494.94433594,2087.01293945,1911.99487305,1288.36450195,904.692016602,1954.70629883,1733.89648438,896.418884277,850.969299316,306.283721924,41.8960189819,19.3870315552,34.7303886414,37.3970375061,17.2436637878,6.2140455246,4.01227283478,3.32735419273,2.1142334938,1.38471603394,0.32810690999,0.090205065906,0.0326501242816,0.0182053577155,0.00888498779386,0.00343490787782,0.000687326944899,0.000999968498945],"max":[77.6302185059,131.104705811,86.2333908081,75.1944656372,173.733703613,587.938537598,368.510284424,810.3984375,623.891296387,1149.15820312,516.275817871,2417.86889648,1274.03845215,652.588867188,749.248474121,461.55682373,434.534393311,504.290008545,457.559173584,445.593597412,584.640991211,412.251831055,150.693756104,92.1201705933,109.101844788,132.880249023,86.2621841431,41.9853401184,34.2473068237,38.5551528931,24.5258369446,23.4259166718,10.6426792145,3.23180603981,1.58135354519,2.27796316147,1.61504507065,0.985634088516,0.51017421484,0.46750664711],"mean":[3.69873332977,5.10086345673,2.82418227196,2.56450033188,5.06773090363,8.50871181488,20.5964851379,61.3875846863,11.4597797394,11.6841135025,7.57974100113,18.3240642548,11.9132108688,9.76610088348,7.65548038483,6.17932844162,6.85413599014,10.9574565887,11.5226821899,6.88301134109,3.81041121483,2.42869782448,1.78731966019,1.46292448044,1.26945221424,1.02390384674,0.789500415325,0.624352455139,0.488152861595,0.368856847286,0.295614987612,0.22288928926,0.127985417843,0.0566634610295,0.0356667488813,0.0337556228042,0.0297269728035,0.0169509034604,0.00996318738908,0.0220864210278],"median":[0.566361486912,0.497871428728,0.209234595299,0.205352857709,0.279102385044,1.31709706783,2.84087181091,3.14656281471,2.66843366623,0.916963756084,0.681971013546,1.81087243557,0.848287582397,1.15816748142,1.52938842773,0.578444421291,0.421176612377,0.255271583796,0.199380174279,0.155441120267,0.127987191081,0.116852499545,0.111250035465,0.0899595245719,0.084213078022,0.0723630711436,0.0660744905472,0.0516667477787,0.0438294559717,0.0345334410667,0.0294564645737,0.0210713464767,0.014568137005,0.00695215491578,0.00418846774846,0.00463137915358,0.00374201801606,0.00239368993789,0.00273481803015,0.00866267737001],"min":[6.45046689673e-12,3.55303703126e-11,1.17268736388e-10,2.74620604035e-10,5.25619325842e-10,8.66675287092e-10,1.26623278529e-9,1.65990865497e-9,1.95212468412e-9,2.0344044227e-9,1.82519910297e-9,1.32849120593e-9,6.8714256507e-10,1.7647047712e-10,7.08774358649e-11,3.90745269474e-10,7.43594630315e-10,6.43340991591e-10,2.85798551491e-10,5.94269689014e-10,1.47459300326e-9,1.19511334162e-9,2.73386063787e-10,1.00151287263e-9,9.57574020077e-10,1.13610232333e-9,1.9087833536e-9,3.76413983316e-10,1.62750965482e-10,3.95662558272e-10,1.73824260541e-10,4.54434434527e-10,1.60786134407e-10,5.17470510886e-10,2.15184689512e-10,2.61322102846e-10,9.46108122402e-11,8.14387376979e-11,1.78093980535e-11,6.50654833831e-12],"var":[69.1191711426,165.329223633,45.233089447,40.3538513184,165.779800415,482.006530762,1339.73376465,14199.1074219,970.021362305,2353.17041016,899.971740723,8103.6640625,2663.95727539,1487.20837402,760.334777832,585.056945801,528.466247559,1446.79748535,1390.63061523,609.287353516,491.504974365,185.706207275,47.8681030273,25.8071365356,25.1078662872,20.7049541473,10.6968126297,5.23976898193,3.40717959404,2.32346820831,1.20157670975,0.865195810795,0.17190271616,0.030304748565,0.0120857097208,0.00977226346731,0.00808545853943,0.00251220329665,0.000626731605735,0.00154404179193]},"erbbands_crest":{"dmean":2.51396536827,"dmean2":3.98422789574,"dvar":6.91667032242,"dvar2":16.0827960968,"max":30.0320072174,"mean":12.2334527969,"median":8.55635166168,"min":2.07472705841,"var":73.4241790771},"erbbands_flatness_db":{"dmean":0.024696810171,"dmean2":0.0389541164041,"dvar":0.000572096090764,"dvar2":0.00143710686825,"max":0.442143976688,"mean":0.134699076414,"median":0.107072018087,"min":0.0227710641921,"var":0.00639939215034},"erbbands_kurtosis":{"dmean":3.57876563072,"dmean2":5.49460935593,"dvar":47.820098877,"dvar2":113.875190735,"max":101.61504364,"mean":11.2991046906,"median":1.35970008373,"min":-1.2769690752,"var":467.238189697},"erbbands_skewness":{"dmean":0.40742212534,"dmean2":0.626368463039,"dvar":0.18941397965,"dvar2":0.38911691308,"max":7.6991019249,"mean":1.70957243443,"median":0.987163543701,"min":-0.755933344364,"var":3.40306568146},"erbbands_spread":{"dmean":7.24834918976,"dmean2":11.4263086319,"dvar":58.0216178894,"dvar2":139.878982544,"max":110.804679871,"mean":31.5830116272,"median":33.1048812866,"min":1.31442809105,"var":346.996154785},"gfcc":{"cov":[[32375.6171875,3512.02294922,-85.9724655151,223.826034546,583.575439453,-304.26965332,29.7661457062,-405.312408447,847.723266602,592.729431152,457.076934814,-185.516067505,129.179870605],[3512.02294922,852.440979004,182.263015747,-101.431900024,7.46313762665,-189.055160522,46.8658447266,-149.526535034,122.628761292,36.0738716125,157.812179565,34.02602005,93.3340454102],[-85.9724655151,182.263015747,429.284118652,9.44402217865,-41.0532188416,-62.7018890381,38.6898002625,-17.9745864868,-12.935333252,-19.276260376,84.0640945435,49.3973007202,77.2585601807],[223.826034546,-101.431900024,9.44402217865,295.494018555,144.214431763,165.578460693,66.1854476929,78.9708023071,11.0080766678,-2.0975856781,-103.557449341,-65.0754928589,-98.7332305908],[583.575439453,7.46313762665,-41.0532188416,144.214431763,204.323974609,139.779205322,107.85144043,55.7843437195,60.6781921387,1.15521085262,-42.8671531677,-48.4274253845,-37.515750885],[-304.26965332,-189.055160522,-62.7018890381,165.578460693,139.779205322,220.197509766,81.3160095215,120.122169495,-4.85336017609,-4.08044576645,-94.3258895874,-53.8170585632,-73.1239776611],[29.7661457062,46.8658447266,38.6898002625,66.1854476929,107.85144043,81.3160095215,149.491165161,49.9724578857,52.6191749573,-17.2090930939,-2.50260925293,-5.74536275864,0.471567720175],[-405.312408447,-149.526535034,-17.9745864868,78.9708023071,55.7843437195,120.122169495,49.9724578857,108.005714417,2.93064570427,2.84931874275,-47.1841888428,-22.4556274414,-27.2180538177],[847.723266602,122.628761292,-12.935333252,11.0080766678,60.6781921387,-4.85336017609,52.6191749573,2.93064570427,85.7684020996,31.8231430054,31.8536605835,1.09282064438,15.7509737015],[592.729431152,36.0738716125,-19.276260376,-2.0975856781,1.15521085262,-4.08044576645,-17.2090930939,2.84931874275,31.8231430054,55.3733863831,33.0950431824,11.7124595642,11.4742498398],[457.076934814,157.812179565,84.0640945435,-103.557449341,-42.8671531677,-94.3258895874,-2.50260925293,-47.1841888428,31.8536605835,33.0950431824,129.845687866,81.6289291382,98.2948532104],[-185.516067505,34.02602005,49.3973007202,-65.0754928589,-48.4274253845,-53.8170585632,-5.74536275864,-22.4556274414,1.09282064438,11.7124595642,81.6289291382,86.3097991943,78.2928771973],[129.179870605,93.3340454102,77.2585601807,-98.7332305908,-37.515750885,-73.1239776611,0.471567720175,-27.2180538177,15.7509737015,11.4742498398,98.2948532104,78.2928771973,115.488739014]],"icov":[[0.0000993981739157,-0.000429648614954,0.000143414261402,-0.000230303980061,8.98828545814e-7,-0.000235662810155,0.000349272188032,0.0000564951333217,-0.00026921441895,-0.000466599798528,-0.000114768903586,0.000534838414751,-0.000375642761355],[-0.000429648614954,0.00472770631313,-0.00141437258571,0.000733186607249,0.000938391836826,0.000127660401631,-0.00232236646116,0.00404893839732,-0.00239383848384,0.00245987903327,-0.00235126982443,0.00127104052808,0.000803814269602],[0.000143414261402,-0.00141437258571,0.0050097364001,-0.00401522638276,0.00211108173244,0.00147794152144,-0.0016777664423,-0.00236268388107,0.00387847563252,0.00186459161341,-0.00643389113247,0.00546628050506,-0.00367377884686],[-0.000230303980061,0.000733186607249,-0.00401522638276,0.0119843864813,-0.00749853998423,0.000146785096149,-0.0000447307502327,-0.000699594384059,0.000727071485016,-0.0052948910743,0.0113222729415,-0.0118106435984,0.00888621434569],[8.98828545814e-7,0.000938391836826,0.00211108173244,-0.00749853998423,0.0294330362231,-0.0243288949132,-0.00103367073461,0.0152124939486,-0.0210296623409,0.014288270846,-0.0124145187438,0.018187681213,-0.0111511088908],[-0.000235662810155,0.000127660401631,0.00147794152144,0.000146785096149,-0.0243288949132,0.0462293326855,-0.0128889754415,-0.0280934944749,0.0325115136802,-0.0218964722008,0.0141989812255,-0.0128027526662,0.00843247305602],[0.000349272188032,-0.00232236646116,-0.0016777664423,-0.0000447307502327,-0.00103367073461,-0.0128889754415,0.027135739103,-0.00353028951213,-0.0226520951837,0.023248475045,-0.00933980196714,-0.00222783675417,0.00337001029402],[0.0000564951333217,0.00404893839732,-0.00236268388107,-0.000699594384059,0.0152124939486,-0.0280934944749,-0.00353028951213,0.0408757440746,-0.0167473126203,-0.0012389710173,0.00281974463724,0.00911737512797,-0.011724983342],[-0.00026921441895,-0.00239383848384,0.00387847563252,0.000727071485016,-0.0210296623409,0.0325115136802,-0.0226520951837,-0.0167473126203,0.0599339194596,-0.0360590070486,0.00736115593463,-0.00232850876637,0.000884061679244],[-0.000466599798528,0.00245987903327,0.00186459161341,-0.0052948910743,0.014288270846,-0.0218964722008,0.023248475045,-0.0012389710173,-0.0360590070486,0.06668163836,-0.0365960933268,0.00819330662489,0.00703629339114],[-0.000114768903586,-0.00235126982443,-0.00643389113247,0.0113222729415,-0.0124145187438,0.0141989812255,-0.00933980196714,0.00281974463724,0.00736115593463,-0.0365960933268,0.0692502036691,-0.0371489003301,-0.00945149548352],[0.000534838414751,0.00127104052808,0.00546628050506,-0.0118106435984,0.018187681213,-0.0128027526662,-0.00222783675417,0.00911737512797,-0.00232850876637,0.00819330662489,-0.0371489003301,0.0635130479932,-0.0273551065475],[-0.000375642761355,0.000803814269602,-0.00367377884686,0.00888621434569,-0.0111511088908,0.00843247305602,0.00337001029402,-0.011724983342,0.000884061679244,0.00703629339114,-0.00945149548352,-0.0273551065475,0.0431932471693]],"mean":[-148.055587769,92.3877182007,-37.2723503113,-0.38113746047,-22.3110752106,-4.64348363876,-2.52714037895,-6.5875287056,-0.532230138779,-1.61264038086,6.66183710098,7.37233924866,7.40396595001]},"hfc":{"dmean":327.561187744,"dmean2":508.424926758,"dvar":716130.5625,"dvar2":1713228.5,"max":17894.3710938,"mean":819.514770508,"median":337.577087402,"min":8.93739553476e-8,"var":2169911.5},"melbands":{"dmean":[0.01222757902,0.00181763910223,0.000370936788386,0.000380343029974,0.000265690265223,0.000321103376336,0.000104157814349,0.0000946843720158,0.0000433454224549,0.0000823993104859,0.0000405682731071,0.0000262225676124,0.0000167484595295,0.0000117973677334,0.00000999243820843,0.00000894810455065,0.0000130322459881,0.00000990448188531,0.00000777721015766,0.00000406649360229,0.00000304345121549,0.00000198279781216,0.00000120747745314,7.88838349308e-7,6.26675614512e-7,6.32627575214e-7,5.1025637049e-7,4.34604402244e-7,3.57562015552e-7,2.67717581437e-7,2.08672332747e-7,1.9055640621e-7,1.6026056926e-7,1.42500027778e-7,1.26654285282e-7,1.06402822553e-7,9.41140640975e-8,6.79656793068e-8,5.46981269167e-8,4.52037980381e-8],"dmean2":[0.0193952675909,0.00288507388905,0.000635992037132,0.000639190082438,0.000402169418521,0.000408349616919,0.000179525755811,0.000168449274497,0.000072811912105,0.00013954640599,0.0000708814550308,0.0000448975042673,0.0000295591544273,0.0000199560399778,0.0000178699574462,0.0000159307255672,0.0000226739321079,0.0000177572874236,0.0000137205306601,0.0000069255283961,0.00000502739931107,0.00000328190412802,0.00000188850412997,0.00000134778701977,0.00000103947513708,0.00000107115295123,8.54314123444e-7,7.61399917337e-7,5.97641303557e-7,4.6395911113e-7,3.55681493147e-7,3.26587837662e-7,2.77042687458e-7,2.42395316263e-7,2.20680078655e-7,1.83527873787e-7,1.56692337328e-7,1.17714961334e-7,9.47101597149e-8,7.84902383089e-8],"dvar":[0.000914020114578,0.0000216437947529,9.1463220997e-7,0.00000143237491557,4.39435325461e-7,5.29602459665e-7,2.25177160473e-7,2.06549287896e-7,3.89348180363e-8,2.42353763724e-7,5.34436779276e-8,1.689481266e-8,7.04303060317e-9,3.10284309357e-9,3.31513594354e-9,1.13452924833e-9,3.08731706866e-9,1.66087976705e-9,1.10185405244e-9,7.92029053454e-10,4.34706326491e-10,1.80110079628e-10,3.8071733266e-11,1.16670995781e-11,5.7237764875e-12,9.11492756273e-12,7.19824373718e-12,6.57626947689e-12,3.68242068782e-12,1.33268212004e-12,7.46867574297e-13,5.10581702785e-13,5.85733881103e-13,4.4890512748e-13,3.07667790984e-13,2.49723500342e-13,1.66473646391e-13,6.80931615889e-14,3.46970072302e-14,2.05692193421e-14],"dvar2":[0.00231420854107,0.0000505350217281,0.00000258087106886,0.00000398920838052,0.00000122577841921,0.00000130678745336,6.36149763977e-7,6.07397680596e-7,1.03357606918e-7,6.63540447476e-7,1.60231195423e-7,4.62427500736e-8,2.21962306313e-8,7.9322326485e-9,9.62874224797e-9,3.32702065897e-9,8.41405345398e-9,5.22831600236e-9,3.23022186777e-9,1.95522953383e-9,1.05465103317e-9,4.45879166922e-10,7.65437366268e-11,3.18720085046e-11,1.35526902201e-11,2.398939207e-11,1.84880496329e-11,1.71938227544e-11,9.16152223529e-12,3.59830177807e-12,1.90528886071e-12,1.2651980158e-12,1.45406657635e-12,1.13842951992e-12,8.34477127155e-13,6.76398336213e-13,3.91680394715e-13,1.81874318123e-13,9.61491289689e-14,5.85977867249e-14],"max":[0.557605206966,0.0714953690767,0.013989014551,0.0295325182378,0.0158775486052,0.0168179944158,0.0119488351047,0.0106767835096,0.00459288340062,0.0157339386642,0.00583885330707,0.00308228982612,0.00232189148664,0.00167459552176,0.00138181005605,0.000707626226358,0.00101761519909,0.000803963921499,0.000638225814328,0.000849443022162,0.000652879243717,0.000455938541563,0.000241258807364,0.0000934754425543,0.0000757979942136,0.000100253921119,0.0000876463964232,0.0000871943848324,0.0000609445851296,0.0000351344824594,0.0000214939536818,0.0000182741041499,0.0000231532176258,0.0000208748424484,0.0000143357019624,0.0000141969267133,0.0000128192150441,0.00000809747325548,0.00000419539128416,0.00000235164088735],"mean":[0.0274546630681,0.00294252391905,0.000502913550008,0.000507129821926,0.000712992623448,0.00127321761101,0.000149921164848,0.000115917566291,0.0000659150755382,0.000113552356197,0.0000583367291256,0.0000421100157837,0.000026366145903,0.0000181115537998,0.0000144426276165,0.0000155825309776,0.000020978770408,0.0000184718501259,0.0000137339166031,0.00000605029254075,0.00000401147690354,0.00000256693829215,0.00000183943870979,0.0000014098476413,0.00000116196372346,9.80256913863e-7,8.14186876141e-7,6.43125474653e-7,5.11915175139e-7,4.12924720194e-7,3.34690440695e-7,2.81069617358e-7,2.32710135606e-7,1.95523284674e-7,1.77753150865e-7,1.46740376294e-7,1.30376349716e-7,9.35439459226e-8,6.48842473083e-8,4.21781045645e-8],"median":[0.00434254854918,0.000234456427279,0.0000346529195667,0.0000425910220656,0.000125022677821,0.0000683686957927,0.000033491080103,0.0000063324587245,0.00000585969064559,0.000011339100638,0.00000323297854266,0.00000414470605392,0.00000563066350878,0.00000192348898054,8.52911568927e-7,8.53546509916e-7,4.00047269977e-7,3.15753652558e-7,2.4862285386e-7,1.63596482139e-7,1.32267899744e-7,1.19173513724e-7,1.06709606484e-7,8.63824425323e-8,6.98541242627e-8,6.2064650308e-8,5.49711423048e-8,4.57252866681e-8,4.42266312461e-8,3.31912133333e-8,2.82348118219e-8,2.48959839411e-8,2.08555626102e-8,1.87350277514e-8,1.74977987655e-8,1.40788527503e-8,1.23329302326e-8,1.04735056183e-8,8.42651814992e-9,4.68168037671e-9],"min":[5.88936180639e-14,5.73562668172e-14,5.43787732129e-14,5.00947448399e-14,4.42053721915e-14,3.74322223066e-14,2.96986387034e-14,2.16810991632e-14,1.42289253161e-14,7.82016731102e-15,3.23278361715e-15,7.45292749465e-16,1.19704826923e-16,6.83892442849e-16,1.46011666503e-15,1.66281048463e-15,1.13385122045e-15,4.57575668436e-16,4.49089615915e-16,1.21572118996e-15,1.85655434236e-15,1.43888821942e-15,4.12830597132e-16,2.04889329007e-16,8.79766959017e-16,9.24597024784e-16,3.86577155039e-16,8.5987089624e-16,1.40443875418e-15,6.5221965749e-16,7.50486279042e-17,3.35764224251e-17,2.55606406106e-16,1.77717239978e-16,8.43799465153e-17,1.04178071108e-16,3.69572545107e-16,9.52933837055e-17,1.65631218021e-16,5.41236265604e-16],"var":[0.00362802390009,0.0000533800157427,0.00000145763181081,0.00000164404900715,0.0000015121627257,0.00000604914930591,2.61926601297e-7,2.28158839377e-7,7.71578640979e-8,3.07859210125e-7,6.78021478961e-8,3.20654116592e-8,8.50052916945e-9,5.19679188571e-9,3.56074014718e-9,2.51091480941e-9,5.63146373977e-9,3.68563224384e-9,2.06000305703e-9,1.01737662739e-9,5.61860336035e-10,2.29268215524e-10,7.33980307088e-11,2.41912705146e-11,1.65145726955e-11,1.53359425853e-11,1.15709559989e-11,8.88704214386e-12,5.01024612423e-12,2.37401526389e-12,1.54556836079e-12,1.080276168e-12,9.8112327724e-13,6.58553777916e-13,4.3046480009e-13,3.74823273547e-13,2.75812142222e-13,9.298373974e-14,3.87189229517e-14,1.82006848286e-14]},"melbands_crest":{"dmean":3.67249250412,"dmean2":5.93033266068,"dvar":16.9920635223,"dvar2":44.2751045227,"max":39.6143188477,"mean":29.1338539124,"median":30.970785141,"min":4.7347278595,"var":59.1740455627},"melbands_flatness_db":{"dmean":0.0504722744226,"dmean2":0.0838881656528,"dvar":0.00180133059621,"dvar2":0.00512534705922,"max":0.673449754715,"mean":0.388517260551,"median":0.399900555611,"min":0.0324107035995,"var":0.00962547492236},"melbands_kurtosis":{"dmean":61.946598053,"dmean2":103.881973267,"dvar":17117.4570312,"dvar2":49293.875,"max":2014.58044434,"mean":97.5154800415,"median":43.6792221069,"min":-1.30660223961,"var":24507.6738281},"melbands_skewness":{"dmean":2.15932965279,"dmean2":3.43639063835,"dvar":7.6622467041,"dvar2":21.4375228882,"max":38.5254211426,"mean":6.01144552231,"median":5.03383636475,"min":-1.62191879749,"var":25.7010707855},"melbands_spread":{"dmean":2.35792708397,"dmean2":3.89090895653,"dvar":36.8812713623,"dvar2":92.0820083618,"max":180.395782471,"mean":5.45759677887,"median":2.58200144768,"min":0.16094724834,"var":161.812271118},"mfcc":{"cov":[[23746.6035156,4643.99707031,-584.98651123,468.121185303,160.414077759,509.204223633,-349.456878662,-202.085098267,-169.939437866,530.154174805,246.419235229,257.25289917,-89.4910430908],[4643.99707031,2011.57958984,226.474578857,121.334236145,-100.695808411,14.643157959,-94.6393737793,-85.9290618896,-147.005126953,-15.4428720474,-15.5099096298,68.0638275146,38.825428009],[-584.98651123,226.474578857,380.497650146,79.7956924438,-25.6428890228,-44.0810432434,25.6445579529,-1.4806535244,-37.1994743347,-76.3602142334,-33.1467475891,8.86899852753,26.1992702484],[468.121185303,121.334236145,79.7956924438,121.671653748,53.438999176,60.8355369568,32.5647315979,38.0340156555,22.614528656,33.997215271,8.33395195007,16.5503768921,-6.19274330139],[160.414077759,-100.695808411,-25.6428890228,53.438999176,101.330978394,74.8022003174,47.3277931213,46.8003234863,57.9841270447,52.953918457,28.721698761,0.958350241184,-12.338470459],[509.204223633,14.643157959,-44.0810432434,60.8355369568,74.8022003174,115.347305298,64.8673019409,70.3112258911,57.5830116272,72.0713272095,29.6403770447,16.2276802063,-16.2049255371],[-349.456878662,-94.6393737793,25.6445579529,32.5647315979,47.3277931213,64.8673019409,103.038360596,89.9287261963,68.4886474609,37.9273490906,19.5920066833,5.51460552216,-2.19848656654],[-202.085098267,-85.9290618896,-1.4806535244,38.0340156555,46.8003234863,70.3112258911,89.9287261963,115.648643494,86.341468811,55.5297317505,22.0522441864,9.79750347137,-3.20110583305],[-169.939437866,-147.005126953,-37.1994743347,22.614528656,57.9841270447,57.5830116272,68.4886474609,86.341468811,102.704612732,71.1679229736,33.0810775757,1.25312173367,-11.3132829666],[530.154174805,-15.4428720474,-76.3602142334,33.997215271,52.953918457,72.0713272095,37.9273490906,55.5297317505,71.1679229736,102.451705933,48.1103134155,13.4941587448,-22.8453769684],[246.419235229,-15.5099096298,-33.1467475891,8.33395195007,28.721698761,29.6403770447,19.5920066833,22.0522441864,33.0810775757,48.1103134155,43.1607208252,16.0797615051,-5.27063322067],[257.25289917,68.0638275146,8.86899852753,16.5503768921,0.958350241184,16.2276802063,5.51460552216,9.79750347137,1.25312173367,13.4941587448,16.0797615051,33.659488678,14.1356010437],[-89.4910430908,38.825428009,26.1992702484,-6.19274330139,-12.338470459,-16.2049255371,-2.19848656654,-3.20110583305,-11.3132829666,-22.8453769684,-5.27063322067,14.1356010437,38.8257598877]],"icov":[[0.000154696346726,-0.000349766807631,0.000324105232721,-0.0002327246184,-0.000251956837019,-0.000318783102557,0.000478422996821,0.000144021716551,0.000158007533173,-0.000382400030503,-0.000215267558815,-0.000216991902562,0.000147162674693],[-0.000349766807631,0.00161565397866,-0.00134264363442,-0.000032634827221,0.00213641417213,-0.000945963023696,-0.0000118567313621,-0.000358068791684,0.000890902883839,-0.000295255274978,0.0000670592708047,0.000971288653091,-0.00152577087283],[0.000324105232721,-0.00134264363442,0.00718868756667,-0.00717317732051,-0.000150570791448,0.00562595017254,-0.00531343836337,0.00148931425065,-0.000811270903796,0.00508366059512,-0.00149856496137,-0.00237850728445,0.00163429323584],[-0.0002327246184,-0.000032634827221,-0.00717317732051,0.0237360727042,-0.0117840850726,-0.00376120698638,0.00397976720706,-0.0053697405383,0.00549772568047,-0.00993389636278,0.0131123848259,-0.00875466968864,0.00331463501789],[-0.000251956837019,0.00213641417213,-0.000150570791448,-0.0117840850726,0.0369888804853,-0.0226746313274,0.00161934166681,0.0110934022814,-0.0166006814688,0.0122406398878,-0.0199132040143,0.0185247436166,-0.00828030239791],[-0.000318783102557,-0.000945963023696,0.00562595017254,-0.00376120698638,-0.0226746313274,0.0489814803004,-0.0204935893416,-0.00951688922942,0.0158463791013,-0.017652945593,0.017899081111,-0.01861753501,0.0105460556224],[0.000478422996821,-0.0000118567313621,-0.00531343836337,0.00397976720706,0.00161934166681,-0.0204935893416,0.0461864210665,-0.0241039469838,-0.00458439951763,0.00997344125062,-0.0147982658818,0.00961828790605,-0.00305419019423],[0.000144021716551,-0.000358068791684,0.00148931425065,-0.0053697405383,0.0110934022814,-0.00951688922942,-0.0241039469838,0.052054669708,-0.0316295437515,0.00151557766367,0.00997594557703,-0.00811869464815,-0.00270578055643],[0.000158007533173,0.000890902883839,-0.000811270903796,0.00549772568047,-0.0166006814688,0.0158463791013,-0.00458439951763,-0.0316295437515,0.0612762756646,-0.03223804757,0.000872625038028,0.00968176592141,-0.00515192560852],[-0.000382400030503,-0.000295255274978,0.00508366059512,-0.00993389636278,0.0122406398878,-0.017652945593,0.00997344125062,0.00151557766367,-0.03223804757,0.0638972222805,-0.0387106053531,0.00131472526118,0.0140809593722],[-0.000215267558815,0.0000670592708047,-0.00149856496137,0.0131123848259,-0.0199132040143,0.017899081111,-0.0147982658818,0.00997594557703,0.000872625038028,-0.0387106053531,0.0811133831739,-0.039018150419,0.00635989150032],[-0.000216991902562,0.000971288653091,-0.00237850728445,-0.00875466968864,0.0185247436166,-0.01861753501,0.00961828790605,-0.00811869464815,0.00968176592141,0.00131472526118,-0.039018150419,0.0748568326235,-0.0322268083692],[0.000147162674693,-0.00152577087283,0.00163429323584,0.00331463501789,-0.00828030239791,0.0105460556224,-0.00305419019423,-0.00270578055643,-0.00515192560852,0.0140809593722,0.00635989150032,-0.0322268083692,0.0478017479181]],"mean":[-817.27142334,151.085037231,37.5426979065,25.9635829926,8.2964925766,13.532989502,8.17241477966,8.52535152435,2.67561531067,4.53123044968,0.349248915911,4.87353515625,5.70660018921]},"pitch_salience":{"dmean":0.0808424502611,"dmean2":0.131391346455,"dvar":0.00802712887526,"dvar2":0.0213096141815,"max":0.953387081623,"mean":0.281862854958,"median":0.249065816402,"min":0.0222896244377,"var":0.0243519209325},"silence_rate_20dB":{"dmean":0.0256637167186,"dmean2":0.0513501539826,"dvar":0.0250050909817,"dvar2":0.0637642219663,"max":1,"mean":0.865103960037,"median":1,"min":0,"var":0.116699114442},"silence_rate_30dB":{"dmean":0.0371681414545,"dmean2":0.0743691921234,"dvar":0.0357866697013,"dvar2":0.0883160606027,"max":1,"mean":0.674922585487,"median":1,"min":0,"var":0.219402089715},"silence_rate_60dB":{"dmean":0.0265486724675,"dmean2":0.0531208515167,"dvar":0.0258438400924,"dvar2":0.0538404136896,"max":1,"mean":0.213622286916,"median":0,"min":0,"var":0.167987808585},"spectral_centroid":{"dmean":129.719497681,"dmean2":214.340194702,"dvar":60554.9335938,"dvar2":115938.1875,"max":11670.3681641,"mean":612.829772949,"median":474.227294922,"min":197.692733765,"var":240872.234375},"spectral_complexity":{"dmean":1.5504424572,"dmean2":2.58167338371,"dvar":4.20055294037,"dvar2":10.5585136414,"max":62,"mean":6.80539608002,"median":4,"min":0,"var":73.2518234253},"spectral_contrast_coeffs":{"dmean":[0.0465465709567,0.0481877438724,0.0358288139105,0.0285362824798,0.0215397141874,0.019905641675],"dmean2":[0.0802123919129,0.0796513557434,0.0599846690893,0.0483455099165,0.0367383398116,0.032586555928],"dvar":[0.00139102491084,0.00163979630452,0.000818640051875,0.000602429965511,0.000375704810722,0.000345039356034],"dvar2":[0.00385412550531,0.00423566577956,0.00230918102898,0.00165287544951,0.00107343902346,0.000901806808542],"max":[-0.554262518883,-0.383430600166,-0.623506367207,-0.715166687965,-0.690435647964,-0.664857923985],"mean":[-0.800630807877,-0.753350794315,-0.831336855888,-0.876475095749,-0.886546075344,-0.832197725773],"median":[-0.809927582741,-0.794478476048,-0.836001515388,-0.881744682789,-0.89008641243,-0.833806037903],"min":[-0.995852291584,-0.976903855801,-0.967660725117,-0.989516437054,-0.969926893711,-0.958784282207],"var":[0.00458876881748,0.0180235374719,0.00297527341172,0.0022070996929,0.00139282736927,0.00160483375657]},"spectral_contrast_valleys":{"dmean":[0.499499946833,0.584359824657,0.476069629192,0.557722747326,0.518643975258,0.541562855244],"dmean2":[0.826648235321,0.947533428669,0.767452836037,0.904322504997,0.849874377251,0.877141654491],"dvar":[0.326524287462,0.438448786736,0.345111638308,0.40289491415,0.358467817307,0.314137905836],"dvar2":[0.672016680241,0.99302315712,0.691788256168,0.894278764725,0.796677231789,0.706786990166],"max":[-4.24770402908,-3.99687671661,-4.8410949707,-5.32123851776,-5.51642417908,-8.3470582962],"mean":[-7.50483417511,-7.81991672516,-8.45948314667,-9.21078491211,-9.35396003723,-11.6989555359],"median":[-7.07500648499,-7.39406776428,-8.06770896912,-8.95941352844,-9.08043003082,-11.4430866241],"min":[-27.0999011993,-27.3736820221,-27.6526603699,-27.5425834656,-27.2387123108,-27.2686347961],"var":[4.26731443405,3.54604434967,3.11639285088,3.38588142395,2.86918759346,2.35898947716]},"spectral_decrease":{"dmean":1.2026320384e-8,"dmean2":1.97097378418e-8,"dvar":9.32977357006e-16,"dvar2":2.52102733729e-15,"max":7.80043478699e-8,"mean":-2.27400800412e-8,"median":-7.9368811523e-10,"min":-5.50605136596e-7,"var":3.35838314488e-15},"spectral_energy":{"dmean":0.0499939396977,"dmean2":0.0817805305123,"dvar":0.0133042987436,"dvar2":0.0357177071273,"max":2.13721227646,"mean":0.160158738494,"median":0.0531033687294,"min":5.58265933481e-12,"var":0.086813904345},"spectral_energyband_high":{"dmean":0.0000854937461554,"dmean2":0.000143170080264,"dvar":1.79180076998e-7,"dvar2":4.61109976868e-7,"max":0.0146048152819,"mean":0.000151803091285,"median":0.0000179597227543,"min":3.30771407443e-13,"var":2.80409352627e-7},"spectral_energyband_low":{"dmean":0.0396677479148,"dmean2":0.063490986824,"dvar":0.00941453687847,"dvar2":0.0238531753421,"max":1.95768737793,"mean":0.101543851197,"median":0.0162149779499,"min":4.03517578509e-13,"var":0.0477652586997},"spectral_energyband_middle_high":{"dmean":0.000603835564107,"dmean2":0.00100503268186,"dvar":0.00000696909137332,"dvar2":0.0000181771556527,"max":0.0644124001265,"mean":0.00142194889486,"median":0.000120839860756,"min":1.29540624646e-13,"var":0.0000217276083276},"spectral_energyband_middle_low":{"dmean":0.00369240390137,"dmean2":0.0054226689972,"dvar":0.000105611659819,"dvar2":0.000283898843918,"max":0.260830432177,"mean":0.0109713571146,"median":0.00241679395549,"min":8.35474864205e-13,"var":0.000357740442269},"spectral_entropy":{"dmean":0.314809769392,"dmean2":0.507275938988,"dvar":0.0834398791194,"dvar2":0.219454750419,"max":9.7961435318,"mean":7.14448261261,"median":7.38029241562,"min":4.06986379623,"var":0.734684109688},"spectral_flux":{"dmean":0.0356522798538,"dmean2":0.059734147042,"dvar":0.00283468328416,"dvar2":0.00805833376944,"max":0.86491805315,"mean":0.11719558388,"median":0.0699707567692,"min":0.0000609522539889,"var":0.016873601824},"spectral_kurtosis":{"dmean":5.3847079277,"dmean2":9.05525493622,"dvar":71.7881469727,"dvar2":201.699478149,"max":107.563369751,"mean":14.9995679855,"median":11.5800971985,"min":-1.1884547472,"var":133.275588989},"spectral_rms":{"dmean":0.00145013257861,"dmean2":0.00231392681599,"dvar":0.00000427456325269,"dvar2":0.0000110813443825,"max":0.0456627309322,"mean":0.0089607425034,"median":0.00719778891653,"min":7.38003862466e-8,"var":0.0000759575195843},"spectral_rolloff":{"dmean":2426.34423828,"dmean2":4799.71191406,"dvar":44539880,"dvar2":110738640,"max":22050,"mean":17867.75,"median":21985.4003906,"min":21.533203125,"var":71255648},"spectral_skewness":{"dmean":0.49963581562,"dmean2":0.83243650198,"dvar":0.359910309315,"dvar2":1.00466668606,"max":9.31916236877,"mean":2.95493149757,"median":2.68876123428,"min":-0.0518099181354,"var":1.06500279903},"spectral_spread":{"dmean":799512.125,"dmean2":1307205.625,"dvar":925725425664,"dvar2":1801765650430,"max":39707748,"mean":5420049,"median":5225048.5,"min":1968743,"var":3159568678910},"spectral_strongpeak":{"dmean":21.1672992706,"dmean2":39.4666748047,"dvar":2969.02832031,"dvar2":7612.33056641,"max":1063.64135742,"mean":20.8978729248,"median":0.338099092245,"min":0,"var":3132.09863281},"zerocrossingrate":{"dmean":0.0644459947944,"dmean2":0.0798001587391,"dvar":0.00352117116563,"dvar2":0.00563943898305,"max":0.916015625,"mean":0.377498626709,"median":0.38916015625,"min":0.0068359375,"var":0.0307602752}},"metadata":{"audio_properties":{"analysis_sample_rate":44100,"bit_rate":238534,"codec":"mp3","downmix":"mix","equal_loudness":0,"length":52.4549446106,"lossless":false,"md5_encoded":"f7b2f51a4b81affc2d940e06238c4698","replay_gain":11.6335506439,"sample_rate":44100},"tags":{"acoustid_id":["41d0422c-e9aa-4353-bc46-6fa861685a9c"],"album":["Hesitation Marks"],"albumartist":["Nine Inch Nails"],"artist":["Nine Inch Nails"],"date":["2013"],"discnumber":["1/2"],"file_name":"1-01 - Nine Inch Nails - The Eater of Dreams.mp3","musicbrainz_albumartistid":["b7ffd2af-418f-4be2-bdd1-22f8b48613da"],"musicbrainz_albumid":["653cf1ed-8dc4-46b0-bf44-d70210967475"],"musicbrainz_artistid":["b7ffd2af-418f-4be2-bdd1-22f8b48613da"],"musicbrainz_recordingid":["8095cb37-481c-4073-ac5d-b9234c60284e"],"musicbrainz_releasegroupid":["5abc64d9-2699-4f26-82cb-87ed127f42eb"],"replaygain_album_gain":["-0.30 dB"],"replaygain_album_peak":["0.420616"],"replaygain_track_gain":["+8.99 dB"],"replaygain_track_peak":["0.349135"],"title":["The Eater of Dreams"],"tracknumber":["1/14"]},"version":{"essentia":"2.1-beta1","essentia_build_sha":"e76a03f03bb3900de42a1fa0d9be1e72f12def64","essentia_git_sha":"v2.1_beta1-28-g21ef5f4-dirty","extractor":"music 1.0"}},"rhythm":{"beats_count":138,"beats_loudness":{"dmean":0.0910245254636,"dmean2":0.134098142385,"dvar":0.0263448301703,"dvar2":0.0563928820193,"max":1.76234531403,"mean":0.159966692328,"median":0.0551656410098,"min":3.26542931361e-7,"var":0.090505450964},"beats_loudness_band_ratio":{"dmean":[0.255539566278,0.12850895524,0.00953350774944,0.0096516283229,0.00319734704681,0.149213448167],"dmean2":[0.412152558565,0.242072492838,0.0169007182121,0.0181762035936,0.00588707160205,0.275750100613],"dvar":[0.0312387086451,0.0206353273243,0.000154392691911,0.000319152110023,0.0000419742027589,0.017727188766],"dvar2":[0.091536283493,0.0535773597658,0.000421178468969,0.000909973925445,0.000117496601888,0.0474340356886],"max":[0.962118029594,0.495602011681,0.0628137364984,0.0808807611465,0.0377574004233,0.502337992191],"mean":[0.537101626396,0.0878095179796,0.00967746321112,0.00721169495955,0.00227425503545,0.140320643783],"median":[0.5243