{"lowlevel":{"average_loudness":0.728077173233,"barkbands":{"dmean":[0.00662294961512,0.00789268501103,0.00301370839588,0.00147090794053,0.00287632131949,0.00160044257063,0.00140500557609,0.00102520221844,0.0010757787386,0.000495330546983,0.000245873030508,0.000156705238624,0.000082416976511,0.0000592064316152,0.00007344000187,0.000050906866818,0.0000391978610423,0.0000209087447729,0.0000158576967806,0.0000135205900733,0.0000136321514219,0.0000113319683805,0.00000603790749665,0.00000363123331226,0.00000279966548078,0.0000050540797929,0.0000653813403915],"dmean2":[0.0109207239002,0.0134614082053,0.0051775961183,0.00254504499026,0.00453454256058,0.00266676698811,0.00230802083388,0.00167952990159,0.00177713972516,0.000814670114778,0.000408629246522,0.000262158137048,0.000140885516885,0.0000991351480479,0.000123283840367,0.0000841576693347,0.0000655993062537,0.0000343215324392,0.0000256868534052,0.000021336669306,0.0000205674568861,0.0000169664963323,0.00000913731946639,0.00000577663467993,0.0000046672944336,0.00000772756811784,0.000104011662188],"dvar":[0.00019329827046,0.000192751263967,0.0000306200745399,0.00000655924350212,0.0000317691046803,0.0000189985275938,0.000016212627088,0.00000844219448481,0.00000632884439256,0.00000147011144236,6.05805269061e-7,1.00843593032e-7,2.16415489973e-8,1.21885301851e-8,2.05400034758e-8,8.41876701685e-9,6.61052590445e-9,1.35039901483e-9,9.77795844292e-10,2.14787365671e-9,3.91990795379e-9,2.59369903333e-9,4.60022020476e-10,4.9270185154e-11,2.4367384846e-11,1.54568496891e-10,1.68980793802e-8],"dvar2":[0.000500642345287,0.0005308969412,0.0000851706718095,0.0000197062563529,0.0000716462018318,0.000050527323765,0.0000391905196011,0.0000221157915803,0.0000167330799741,0.00000377269725504,0.000001555767426,2.70083916121e-7,6.03174541425e-8,3.31979563839e-8,5.67688758224e-8,2.23689085033e-8,1.83521198238e-8,3.59881036083e-9,2.52569165582e-9,4.64498173258e-9,6.8986714119e-9,5.58910073778e-9,8.46626657669e-10,1.14857352795e-10,6.32823932145e-11,3.24804988461e-10,4.16890024724e-8],"max":[0.211809754372,0.22501654923,0.0955543667078,0.0471798889339,0.222487807274,0.182042866945,0.194320246577,0.127985954285,0.0618474595249,0.0350835211575,0.0356840491295,0.00876119919121,0.00281979865395,0.00243048416451,0.00416034506634,0.00274102692492,0.00194271525834,0.000831372337416,0.000892208016012,0.00292826443911,0.00345459650271,0.00338947586715,0.000977300689556,0.000190983017092,0.0000931855829549,0.000372322887415,0.00287338090129],"mean":[0.00823925156146,0.0116414669901,0.00406975951046,0.00195369357243,0.00506282830611,0.00242045288906,0.00216756551526,0.00156586687081,0.00179539783858,0.000810753263067,0.000393897527829,0.000277048704447,0.000150592110003,0.000107913117972,0.000147437356645,0.000105782266473,0.0000721923424862,0.0000430770160165,0.0000315054312523,0.0000271010085271,0.0000279530559055,0.0000224679915846,0.0000102860885818,0.00000470193344881,0.00000290263301395,0.00000830593126011,0.000227269294555],"median":[0.00246304180473,0.00630413740873,0.00171741947997,0.00103136454709,0.00209567928687,0.000880504143424,0.000584624707699,0.000508380704559,0.000407722196542,0.000184983597137,0.000099020122434,0.0000975442962954,0.0000471867970191,0.0000350523114321,0.0000485578930238,0.0000385641760658,0.0000269527517958,0.0000194632993953,0.0000150893465616,0.0000119284832181,0.00000967026062426,0.00000749836726754,0.00000334271044267,0.00000159393289323,0.00000106279151169,0.00000264506547865,0.0000241421494138],"min":[1.17578613518e-23,2.31147383946e-23,1.29190007065e-23,1.03490504384e-23,1.30822912852e-22,3.15969021691e-23,7.66534690099e-23,3.49012069982e-23,5.7279253437e-23,8.87149187479e-23,5.39106028015e-23,1.43416427182e-22,5.12169583545e-23,8.40451714225e-23,1.31489481384e-22,1.22247073422e-22,1.69084572643e-22,1.6468150448e-22,1.9866892656e-22,1.42109707492e-22,4.24942128299e-22,6.63028275969e-22,7.29580368465e-22,7.36725100617e-22,1.14786920602e-21,1.73451131061e-21,2.85932750187e-21],"var":[0.00024112072424,0.00024929427309,0.0000436091067968,0.00000816277406557,0.0000945169958868,0.0000287217917503,0.0000328069072566,0.0000140872207339,0.0000129979498524,0.00000293540074381,0.00000116281364626,2.28026024729e-7,4.73350532104e-8,2.68104454193e-8,5.52790240249e-8,2.62132004991e-8,1.52681760568e-8,3.68560182373e-9,2.19133733381e-9,3.92145693695e-9,1.09161444328e-8,6.41304165327e-9,1.10443476586e-9,8.04706579149e-11,2.6329540978e-11,3.14130971235e-10,1.21454263535e-7]},"barkbands_crest":{"dmean":2.84612560272,"dmean2":4.70268964767,"dvar":5.67198991776,"dvar2":14.9642524719,"max":26.094247818,"mean":11.4226856232,"median":10.6653909683,"min":3.44274139404,"var":18.7147502899},"barkbands_flatness_db":{"dmean":0.0360681042075,"dmean2":0.056874345988,"dvar":0.00110876513645,"dvar2":0.00282430881634,"max":0.544693827629,"mean":0.203198492527,"median":0.190500438213,"min":0.0382151566446,"var":0.0051105148159},"barkbands_kurtosis":{"dmean":11.8493413925,"dmean2":19.0797309875,"dvar":463.503417969,"dvar2":1127.35644531,"max":546.687744141,"mean":22.7852859497,"median":12.3735570908,"min":-1.84921109676,"var":945.864868164},"barkbands_skewness":{"dmean":0.899383723736,"dmean2":1.42493748665,"dvar":0.930610954762,"dvar2":2.22196555138,"max":17.8131275177,"mean":3.09485507011,"median":2.64733076096,"min":-2.09788703918,"var":3.64369535446},"barkbands_spread":{"dmean":3.11480855942,"dmean2":4.95676660538,"dvar":18.8525924683,"dvar2":52.1815414429,"max":132.440155029,"mean":10.6452264786,"median":8.16893863678,"min":0.298314899206,"var":138.058853149},"dissonance":{"dmean":0.0322021022439,"dmean2":0.0542849414051,"dvar":0.000959371507633,"dvar2":0.00263613671996,"max":0.500000059605,"mean":0.442571789026,"median":0.454793274403,"min":0.177704542875,"var":0.00205259840004},"dynamic_complexity":5.5141043663,"erbbands":{"dmean":[0.435371786356,1.19706273079,3.19114923477,4.15476942062,6.13603591919,10.601143837,14.282834053,13.7619838715,19.8680019379,18.5437030792,23.0118694305,23.9816932678,18.3056697845,13.2667446136,7.68443107605,5.47231769562,3.77655816078,2.73847293854,3.25324869156,3.10170197487,2.80356001854,1.76452338696,1.09071433544,1.00152850151,0.668438136578,0.621836662292,0.582635462284,0.515736579895,0.423952072859,0.278436332941,0.162233188748,0.0931861549616,0.0530936196446,0.032024089247,0.0197732485831,0.0132642341778,0.0104657718912,0.00711942091584,0.00227420497686,0.00243263458833],"dmean2":[0.738169431686,2.06394314766,5.50351428986,7.10660886765,10.1596698761,16.9564971924,22.654460907,23.2136077881,32.9618721008,30.3588447571,37.8197822571,39.6847801208,30.1503314972,21.8667507172,12.6503839493,9.09399223328,6.3773188591,4.56505680084,5.42528295517,5.17670106888,4.67761039734,2.89826989174,1.78958857059,1.62598454952,1.06365573406,0.985657453537,0.893675625324,0.771139621735,0.634883701801,0.415647119284,0.244419053197,0.145174890757,0.0860449150205,0.0531837046146,0.0329702124,0.0215602573007,0.0158782042563,0.0103123709559,0.00330653809942,0.00381314661354],"dvar":[0.69463455677,3.7271592617,30.4706077576,60.2090339661,101.410621643,502.981842041,1468.39538574,1524.53894043,4466.11474609,2613.3527832,4566.10009766,3418.22485352,1744.75537109,1208.22961426,427.541656494,105.131523132,43.5813369751,25.4781951904,34.4065589905,33.8705291748,30.0300216675,11.6425304413,3.9150121212,3.33582997322,2.30178976059,5.65117645264,5.02949953079,7.98523950577,3.78452754021,1.08731436729,0.320172667503,0.0491231791675,0.0090777175501,0.00315735745244,0.00122175854631,0.000553610618226,0.000775576161686,0.000567918817978,0.0000309532770189,0.0000175491750269],"dvar2":[1.89861428738,10.263710022,84.8205947876,175.029541016,252.360137939,1192.97106934,3350.3828125,4069.00830078,11039.0488281,6660.56542969,12524.1171875,9027.58203125,4539.46826172,3203.28613281,1081.34814453,279.4402771,119.997764587,68.7395172119,94.728302002,91.4946746826,78.655632019,30.5421581268,10.2570886612,8.79187393188,5.57786083221,12.1953620911,9.49965572357,15.1750488281,8.61143875122,1.93654406071,0.620597660542,0.108575686812,0.0219152309,0.00813642982394,0.00317676062696,0.0013117674971,0.00165937421843,0.00107283925172,0.0000530428114871,0.0000428288622061],"max":[13.7497749329,32.1908531189,96.9147033691,159.874557495,262.442108154,682.039367676,1421.32092285,1822.86132812,3355.20019531,1994.29064941,3196.2253418,1205.51318359,1254.17907715,929.94921875,774.053466797,196.365646362,128.290313721,115.219902039,173.786331177,211.898681641,179.03616333,108.382141113,49.1759910583,40.6008262634,79.6759490967,161.618255615,97.7357559204,179.674682617,121.687393188,63.0530776978,25.2289428711,7.84068870544,2.19876980782,1.05138635635,0.654839336872,0.779506087303,0.946873903275,0.939419388771,0.26993522048,0.12288787961],"mean":[0.590255320072,1.69220113754,4.46685314178,6.05549240112,9.73313236237,17.0524501801,22.9050216675,20.1670608521,30.5920181274,30.2599964142,37.3896369934,39.8016319275,31.8630886078,23.1710700989,14.3828783035,10.4726848602,7.4341468811,5.44513559341,6.91568136215,6.79203605652,6.15723562241,3.72952079773,2.31275606155,2.06682825089,1.40484416485,1.25863778591,1.22391676903,1.00114810467,0.826928675175,0.535217940807,0.269840180874,0.133355304599,0.0627203658223,0.0336689539254,0.0206924248487,0.0161974281073,0.0176834575832,0.0168560035527,0.00851571094245,0.0119983432814],"median":[0.240951269865,0.92855745554,2.07931542397,3.13555693626,5.17401409149,5.87716007233,6.40811681747,7.33662796021,8.65745544434,9.72390651703,12.0680732727,9.93671703339,7.75142860413,5.68779993057,4.52439165115,3.80602693558,2.39962673187,1.8245036602,2.3440155983,2.41347789764,2.15025544167,1.51268458366,1.05925345421,0.991512060165,0.633168935776,0.561090350151,0.48511838913,0.33018001914,0.272976696491,0.179439932108,0.0856541097164,0.0438299849629,0.0214018411934,0.0123562552035,0.00769744534045,0.00596425868571,0.00525902584195,0.00456946156919,0.00217549456283,0.00257256627083],"min":[2.14115959044e-22,6.53972586966e-21,1.8702713593e-20,3.43393982349e-20,2.50959670211e-19,5.16834389143e-19,1.95057201752e-19,3.20756162172e-19,1.05832630856e-18,1.10390106518e-18,5.60138069692e-19,1.36459520364e-18,3.29137357763e-18,1.50243120424e-18,3.01718946756e-18,6.39757450334e-18,2.5783486459e-18,4.7864268478e-18,5.82914177666e-18,6.44238246354e-18,7.63090079666e-18,8.17791368138e-18,9.40982797739e-18,9.10288110441e-18,9.13769051894e-18,6.5504010846e-18,1.18784790324e-17,1.72417196008e-17,2.24911119928e-17,2.18159489789e-17,2.26706151489e-17,1.40551816533e-17,1.34439150329e-17,1.02445003648e-17,9.94738039745e-18,5.55274764678e-18,3.29823545441e-18,1.5458155866e-18,3.86731131401e-19,4.22592163916e-20],"var":[0.838568687439,5.26992464066,44.0382804871,85.1741638184,222.173843384,1223.67773438,3842.23901367,2150.74072266,8442.78320312,4867.77685547,7394.984375,6717.40869141,3696.93188477,2494.46069336,1000.12420654,269.415435791,109.25176239,63.5954856873,99.5929107666,109.452323914,99.4077758789,34.4143943787,10.9644041061,8.44209384918,5.21212244034,9.5448923111,11.8183040619,21.9994678497,8.84856891632,3.26982021332,0.707223832607,0.0858244597912,0.0133151877671,0.00351877021603,0.00132291333284,0.000859928841237,0.00150795478839,0.00161983992439,0.000191911763977,0.000239708766458]},"erbbands_crest":{"dmean":2.89851117134,"dmean2":4.71481132507,"dvar":7.02117061615,"dvar2":17.3587608337,"max":33.4820251465,"mean":9.90344142914,"median":8.69903755188,"min":2.2175757885,"var":24.8253993988},"erbbands_flatness_db":{"dmean":0.0276628863066,"dmean2":0.0430591888726,"dvar":0.000643425039016,"dvar2":0.00159459351562,"max":0.453473240137,"mean":0.159523427486,"median":0.153905719519,"min":0.0542264990509,"var":0.00251721846871},"erbbands_kurtosis":{"dmean":1.97210502625,"dmean2":3.12373924255,"dvar":13.585059166,"dvar2":30.8450870514,"max":190.430084229,"mean":3.01830339432,"median":1.4975566864,"min":-1.72032499313,"var":36.1671867371},"erbbands_skewness":{"dmean":0.419915258884,"dmean2":0.666644155979,"dvar":0.168008267879,"dvar2":0.407956808805,"max":7.46932935715,"mean":0.941289126873,"median":0.837056159973,"min":-2.28598022461,"var":0.698835551739},"erbbands_spread":{"dmean":6.35742282867,"dmean2":9.8409576416,"dvar":44.7337722778,"dvar2":97.4301223755,"max":139.738998413,"mean":25.148065567,"median":22.2286281586,"min":0.630423128605,"var":215.186416626},"gfcc":{"cov":[[18721.1171875,947.252075195,-1744.93969727,147.502532959,303.897521973,-438.484466553,767.138793945,-107.827156067,649.089599609,-73.5689544678,40.0521125793,501.099731445,123.147575378],[947.252075195,935.993896484,95.9674224854,-185.519622803,92.1059646606,-133.936782837,138.332443237,-93.5435180664,96.7701873779,-59.3094062805,45.2070274353,-48.18309021,26.4617176056],[-1744.93969727,95.9674224854,633.345947266,60.7039794922,-70.9573059082,140.760864258,-82.2260284424,72.0920257568,-77.0958404541,28.0882949829,-5.50622463226,-96.1760940552,1.25819885731],[147.502532959,-185.519622803,60.7039794922,443.763214111,93.7563095093,109.738639832,18.4276657104,94.2545089722,-0.222553178668,56.2295722961,13.6043424606,95.4358215332,-8.36958312988],[303.897521973,92.1059646606,-70.9573059082,93.7563095093,216.59211731,53.3737983704,70.0602340698,3.63238811493,46.1752281189,3.24717020988,24.2847309113,24.5395088196,11.3100938797],[-438.484466553,-133.936782837,140.760864258,109.738639832,53.3737983704,214.89704895,-6.40119075775,101.537078857,-41.0872306824,40.129699707,8.7714881897,7.36144828796,14.956029892],[767.138793945,138.332443237,-82.2260284424,18.4276657104,70.0602340698,-6.40119075775,196.592300415,-11.3608455658,87.6535263062,-13.5092020035,-6.24970579147,32.9309768677,11.9420957565],[-107.827156067,-93.5435180664,72.0920257568,94.2545089722,3.63238811493,101.537078857,-11.3608455658,158.192932129,13.3782634735,57.5627250671,21.4476966858,8.27477645874,12.0498743057],[649.089599609,96.7701873779,-77.0958404541,-0.222553178668,46.1752281189,-41.0872306824,87.6535263062,13.3782634735,133.806640625,38.9594993591,18.5323123932,19.4315090179,-6.25228643417],[-73.5689544678,-59.3094062805,28.0882949829,56.2295722961,3.24717020988,40.129699707,-13.5092020035,57.5627250671,38.9594993591,97.5434951782,47.1568489075,21.0505027771,5.37642526627],[40.0521125793,45.2070274353,-5.50622463226,13.6043424606,24.2847309113,8.7714881897,-6.24970579147,21.4476966858,18.5323123932,47.1568489075,69.1229324341,35.1519088745,15.0213079453],[501.099731445,-48.18309021,-96.1760940552,95.4358215332,24.5395088196,7.36144828796,32.9309768677,8.27477645874,19.4315090179,21.0505027771,35.1519088745,109.852928162,34.7810821533],[123.147575378,26.4617176056,1.25819885731,-8.36958312988,11.3100938797,14.956029892,11.9420957565,12.0498743057,-6.25228643417,5.37642526627,15.0213079453,34.7810821533,72.4149627686]],"icov":[[0.000103632701212,-0.000180774673936,0.000318601203617,-0.000145396537846,0.000221955706365,-0.000168262209627,-0.00000934345553105,-0.0000146398251673,-0.000353679031832,0.000126948740217,0.000176052533789,-0.000158484472195,-0.000128816027427],[-0.000180774673936,0.00271309632808,-0.00172208459117,0.000727092265151,-0.00141721067484,0.00187493325211,-0.00135427247733,0.000259285967331,-0.00055466988124,0.00239133299328,-0.00403953483328,0.00161235732958,-0.000717649178114],[0.000318601203617,-0.00172208459117,0.00472853565589,-0.00264210649766,0.00369217526168,-0.00396348768845,0.000933608913328,0.00116274296306,-0.00162196205929,0.000567709677853,-0.00096373539418,0.00461029727012,-0.00260218558833],[-0.000145396537846,0.000727092265151,-0.00264210649766,0.00659331120551,-0.00491490727291,0.00272634020075,-0.000836022896692,-0.00353189371526,0.00420491257682,-0.00458106957376,0.00594577146694,-0.00916619040072,0.00559200905263],[0.000221955706365,-0.00141721067484,0.00369217526168,-0.00491490727291,0.0114823812619,-0.00732439989224,0.000382712169085,0.00430388748646,-0.00687152286991,0.00626425584778,-0.00744891678914,0.00718345120549,-0.00451515801251],[-0.000168262209627,0.00187493325211,-0.00396348768845,0.00272634020075,-0.00732439989224,0.0147091811523,-0.00389556353912,-0.00737010221928,0.00957964919508,-0.00645566405728,0.00422677723691,-0.00449155503884,0.00254676025361],[-0.00000934345553105,-0.00135427247733,0.000933608913328,-0.000836022896692,0.000382712169085,-0.00389556353912,0.0109293609858,0.00162771344185,-0.00845786929131,0.00405158195645,0.00279143732041,-0.00188721099403,-0.00163419602904],[-0.0000146398251673,0.000259285967331,0.00116274296306,-0.00353189371526,0.00430388748646,-0.00737010221928,0.00162771344185,0.0137979220599,-0.00629537692294,0.000661879661493,-0.00505575956777,0.00640707137063,-0.0048339869827],[-0.000353679031832,-0.00055466988124,-0.00162196205929,0.00420491257682,-0.00687152286991,0.00957964919508,-0.00845786929131,-0.00629537692294,0.0251355525106,-0.0168378651142,0.0081750927493,-0.00599811319262,0.00746083445847],[0.000126948740217,0.00239133299328,0.000567709677853,-0.00458106957376,0.00626425584778,-0.00645566405728,0.00405158195645,0.000661879661493,-0.0168378651142,0.0333593524992,-0.0232997518033,0.00839833635837,-0.00518354168162],[0.000176052533789,-0.00403953483328,-0.00096373539418,0.00594577146694,-0.00744891678914,0.00422677723691,0.00279143732041,-0.00505575956777,0.0081750927493,-0.0232997518033,0.0422765277326,-0.0200149789453,0.00583143066615],[-0.000158484472195,0.00161235732958,0.00461029727012,-0.00916619040072,0.00718345120549,-0.00449155503884,-0.00188721099403,0.00640707137063,-0.00599811319262,0.00839833635837,-0.0200149789453,0.0318161547184,-0.0146793909371],[-0.000128816027427,-0.000717649178114,-0.00260218558833,0.00559200905263,-0.00451515801251,0.00254676025361,-0.00163419602904,-0.0048339869827,0.00746083445847,-0.00518354168162,0.00583143066615,-0.0146793909371,0.0231051445007]],"mean":[-62.4237632751,119.384231567,-60.5718002319,-3.63001942635,-27.9020729065,-13.9600725174,-6.47553157806,-9.88116168976,-1.5851085186,-7.8325958252,-10.2003040314,-5.12887334824,-4.65701246262]},"hfc":{"dmean":49.749042511,"dmean2":81.1278686523,"dvar":7344.21826172,"dvar2":19677.5039062,"max":2026.36120605,"mean":180.07383728,"median":62.0774497986,"min":1.24806546069e-16,"var":47908.65625},"melbands":{"dmean":[0.00308427587152,0.00155209144577,0.000720890413504,0.000574115372729,0.000506541517098,0.000312562799081,0.00029197963886,0.000203688294278,0.00018787184672,0.000155906367581,0.0000934397248784,0.0000585868074268,0.0000312865668093,0.0000186602792382,0.0000121519333334,0.00000698307258062,0.00000546283263247,0.00000543905480299,0.00000597781536271,0.00000368646419702,0.00000374375008505,0.00000228477938435,0.00000111735084829,0.00000101437012745,8.71494194143e-7,5.83881842431e-7,4.86574549541e-7,4.32120600635e-7,3.92380286485e-7,3.50547452399e-7,3.0237640658e-7,2.59960188487e-7,2.18420836973e-7,1.40561368767e-7,9.96384557084e-8,7.41939985005e-8,5.23303320676e-8,3.92264105642e-8,3.01353679788e-8,2.6084114424e-8],"dmean2":[0.00517798261717,0.00267287250608,0.00122734089382,0.000926981447265,0.000800544337835,0.000525590963662,0.000482659670524,0.000332464784151,0.000310025381623,0.00025750164059,0.000153845438035,0.0000967655942077,0.0000516821310157,0.0000312597330776,0.0000203545369004,0.0000119139822345,0.00000914185784495,0.00000910938251764,0.0000100846409623,0.00000614402961219,0.0000062769604483,0.00000379667585548,0.0000018362462697,0.000001681423214,0.00000142203339237,9.55829932536e-7,7.79172978582e-7,6.94344009844e-7,6.07649155882e-7,5.48057244032e-7,4.56428125517e-7,3.97085756276e-7,3.34153412496e-7,2.11081712109e-7,1.51853612351e-7,1.16183507259e-7,8.23554699991e-8,6.33687093909e-8,4.99029937373e-8,4.3443158404e-8],"dvar":[0.0000321362458635,0.00000593020376982,0.00000149358197632,0.00000115213561003,0.00000169827001173,7.81190408361e-7,8.30896681236e-7,2.92213997e-7,2.71793567208e-7,1.47337090084e-7,4.57203483961e-8,2.36114026109e-8,9.13753250842e-9,1.57812196644e-9,5.24574661487e-10,1.56695365017e-10,1.0629028907e-10,9.51937556559e-11,1.54556853427e-10,4.20734558304e-11,6.12379799647e-11,2.04586538682e-11,5.01349135817e-12,3.07739619378e-12,2.5861810523e-12,1.43517381139e-12,1.59761364294e-12,3.24638276331e-12,2.10209475694e-12,2.64533794175e-12,3.14821324392e-12,1.68339192412e-12,6.65778088042e-13,2.73666018232e-13,1.24595036437e-13,5.94660361534e-14,1.14625021578e-14,5.08446773182e-15,2.88562335207e-15,2.10187774202e-15],"dvar2":[0.000085449348262,0.0000165406854649,0.00000428199837188,0.00000273650584859,0.00000378477943741,0.00000210405710277,0.00000205212563742,7.37207699331e-7,7.49130435906e-7,3.88823934827e-7,1.18614075006e-7,6.24532390248e-8,2.32604850936e-8,4.24001322941e-9,1.41397771269e-9,4.34728641974e-10,2.89108292861e-10,2.62777355431e-10,4.30794871997e-10,1.16245027493e-10,1.60635352242e-10,5.51407565441e-11,1.27181563891e-11,8.29384304291e-12,6.90507807183e-12,3.68364236683e-12,3.80288465648e-12,7.23789344431e-12,4.20585701683e-12,4.87018064765e-12,6.5741769667e-12,4.08143397551e-12,1.40657234124e-12,4.85983920207e-13,2.45132364927e-13,1.31660687127e-13,2.63420826086e-14,1.21321850407e-14,7.31958523875e-15,5.44731038841e-15],"max":[0.094510152936,0.0380919016898,0.0249221716076,0.0290022138506,0.056071780622,0.041678044945,0.0466508157551,0.0183164924383,0.0217206906527,0.00879830867052,0.00645909132436,0.00394372316077,0.00378037616611,0.00116080534644,0.000452363630757,0.000262615270913,0.000223956245463,0.0002479198738,0.0003779627732,0.000132062152261,0.000277582497802,0.000109836284537,0.0000775351945776,0.0000332619201799,0.0000347365421476,0.0000412274021073,0.0000781046910561,0.000113396410597,0.0000650290530757,0.0000880806983332,0.000108677166281,0.0000824953604024,0.0000438426104665,0.000031671821489,0.0000161295902217,0.00001020262971,0.0000030349044664,0.0000015043390249,0.00000102612295905,8.51158631576e-7],"mean":[0.00460707955062,0.00231635710225,0.00115158583503,0.000958430522587,0.000838536769152,0.000464026205009,0.000460559967905,0.000326782028424,0.000301228603348,0.000253925507423,0.000157828471856,0.0000966209045146,0.0000531907098775,0.0000320472281601,0.0000224614250328,0.0000127311122924,0.00000982739493338,0.0000105764929685,0.0000114258828035,0.00000726930920791,0.00000742821248423,0.00000437862718172,0.00000211976998798,0.00000200244335247,0.00000166230995546,0.0000011048672377,9.17818567814e-7,8.05752620181e-7,7.7347556271e-7,6.79417098581e-7,5.44588260709e-7,4.72730675938e-7,4.13796129806e-7,2.48854746587e-7,1.60860693654e-7,1.10769740047e-7,6.9789052759e-8,4.59851783319e-8,3.2246784798e-8,2.67852442448e-8],"median":[0.00229887617752,0.00123893935233,0.000669917208143,0.000428204482887,0.000244444818236,0.000166030353284,0.000137020615512,0.000110799112008,0.0000937854347285,0.000056831711845,0.0000368331893696,0.0000219019384531,0.0000146396068885,0.0000115364455269,0.0000068141630436,0.00000410392794947,0.00000316173964166,0.00000352022925654,0.00000365502864952,0.0000027042747206,0.00000235699644691,0.00000166511858879,9.13494375254e-7,9.1755896392e-7,7.73704528001e-7,4.94148821417e-7,3.7323189872e-7,3.53120299224e-7,3.17413650919e-7,2.20754401425e-7,1.72814196731e-7,1.52804219056e-7,1.29166991769e-7,8.25742461075e-8,5.00747283638e-8,3.50061455379e-8,2.20890470359e-8,1.48671031042e-8,1.13912399513e-8,9.63019175515e-9],"min":[4.44412561236e-24,1.00100753297e-23,9.09909244544e-24,3.19194484606e-23,9.92406030316e-24,7.76629853544e-24,1.52535422588e-23,1.13744299868e-23,4.96549403981e-24,8.71977577892e-24,1.64635128925e-23,5.89203681098e-24,7.94469311827e-24,1.87583849964e-23,9.1109742684e-24,6.00085267867e-24,8.50671707019e-24,7.91546661059e-24,9.44831249072e-24,8.28189565651e-24,1.04401204856e-23,1.03521561838e-23,6.15326809974e-24,8.4457184007e-24,7.03831875944e-24,9.02052189928e-24,5.19325159379e-24,3.75115430004e-24,6.13258180022e-24,8.80300454872e-24,1.08776519315e-23,1.01396717658e-23,1.7740820693e-23,9.7412473104e-24,1.22960167393e-23,1.28194433049e-23,7.73574910802e-24,1.01745638725e-23,8.11212805654e-24,8.47017545534e-24],"var":[0.0000430619002145,0.00000916338376555,0.00000232532852351,0.00000272985835181,0.0000049225877774,0.00000111400527203,0.00000163238917139,5.35759795639e-7,4.53964531744e-7,2.88638460688e-7,9.57927852596e-8,4.6347370386e-8,1.87455881928e-8,3.33296146238e-9,1.24353538578e-9,3.32706195927e-10,2.32397615041e-10,2.36931502196e-10,3.80890291529e-10,1.13383399891e-10,1.74520259355e-10,5.34346629444e-11,1.16441691358e-11,7.97740085795e-12,5.79096492981e-12,3.03805830319e-12,3.08837222289e-12,4.91694272103e-12,4.24974291868e-12,6.6798463462e-12,7.92835849056e-12,3.27452344753e-12,1.78709618718e-12,7.64971853223e-13,2.74183535034e-13,9.3371762145e-14,1.96066392424e-14,7.63630441026e-15,3.42129101132e-15,2.27037821797e-15]},"melbands_crest":{"dmean":4.45736455917,"dmean2":7.35067462921,"dvar":15.1715965271,"dvar2":39.0892753601,"max":39.3329963684,"mean":18.0418205261,"median":16.5790901184,"min":3.23041272163,"var":55.1725158691},"melbands_flatness_db":{"dmean":0.042073700577,"dmean2":0.0666473507881,"dvar":0.00142540037632,"dvar2":0.00366745679639,"max":0.700345933437,"mean":0.323328524828,"median":0.312977433205,"min":0.00630643218756,"var":0.00691219698638},"melbands_kurtosis":{"dmean":15.0883140564,"dmean2":24.6541194916,"dvar":1352.82775879,"dvar2":3509.03735352,"max":806.788024902,"mean":24.9236183167,"median":9.73965454102,"min":-1.71923434734,"var":2245.76074219},"melbands_skewness":{"dmean":0.984017848969,"dmean2":1.55904579163,"dvar":1.43744182587,"dvar2":3.52678060532,"max":24.1842765808,"mean":3.02918219566,"median":2.41908979416,"min":-2.89435625076,"var":5.7138967514},"melbands_spread":{"dmean":2.59640359879,"dmean2":4.16241550446,"dvar":17.4647541046,"dvar2":43.738079071,"max":268.083618164,"mean":9.90063476562,"median":6.94481086731,"min":0.13033747673,"var":494.482849121},"mfcc":{"cov":[[12532.1611328,1082.74108887,-1678.62695312,264.228027344,-389.646942139,219.672439575,-282.08392334,326.18347168,170.455108643,111.814674377,-100.459892273,50.6436538696,191.096130371],[1082.74108887,1231.90881348,-9.25031471252,-38.9495429993,-78.0743560791,-10.9940633774,-16.7939720154,-10.1403398514,37.9495124817,-0.692763149738,27.6269054413,-8.97757339478,15.7137413025],[-1678.62695312,-9.25031471252,702.089233398,-19.4022789001,96.2551422119,-37.8304367065,88.0489196777,-51.0155067444,10.635887146,8.54451274872,28.2771205902,12.6689605713,-36.4067459106],[264.228027344,-38.9495429993,-19.4022789001,267.532958984,56.4470176697,71.080329895,5.20850038528,57.8891448975,16.8016929626,16.5432949066,7.84658288956,27.2206020355,36.2468528748],[-389.646942139,-78.0743560791,96.2551422119,56.4470176697,213.021438599,34.302520752,77.8692550659,11.9482841492,8.13976192474,14.5107736588,27.2270202637,27.651971817,12.0653486252],[219.672439575,-10.9940633774,-37.8304367065,71.080329895,34.302520752,136.830368042,42.842376709,52.8507919312,24.8207988739,12.8614845276,-1.65426754951,6.65875864029,15.0698547363],[-282.08392334,-16.7939720154,88.0489196777,5.20850038528,77.8692550659,42.842376709,120.490463257,38.3699760437,30.5938339233,2.2060713768,7.71166467667,5.88327169418,1.57953429222],[326.18347168,-10.1403398514,-51.0155067444,57.8891448975,11.9482841492,52.8507919312,38.3699760437,106.136138916,44.3064308167,21.8932285309,-5.61092662811,0.314116328955,17.558889389],[170.455108643,37.9495124817,10.635887146,16.8016929626,8.13976192474,24.8207988739,30.5938339233,44.3064308167,86.2082672119,41.5259475708,14.1803855896,11.5399274826,6.02895021439],[111.814674377,-0.692763149738,8.54451274872,16.5432949066,14.5107736588,12.8614845276,2.2060713768,21.8932285309,41.5259475708,77.7638015747,40.4161720276,24.4195976257,6.27593326569],[-100.459892273,27.6269054413,28.2771205902,7.84658288956,27.2270202637,-1.65426754951,7.71166467667,-5.61092662811,14.1803855896,40.4161720276,76.0367355347,42.7104225159,15.6572294235],[50.6436538696,-8.97757339478,12.6689605713,27.2206020355,27.651971817,6.65875864029,5.88327169418,0.314116328955,11.5399274826,24.4195976257,42.7104225159,70.8017730713,31.3704433441],[191.096130371,15.7137413025,-36.4067459106,36.2468528748,12.0653486252,15.0698547363,1.57953429222,17.558889389,6.02895021439,6.27593326569,15.6572294235,31.3704433441,57.6768188477]],"icov":[[0.000158629220095,-0.00014107816969,0.000307516020257,-0.0000498531990161,0.0000755344080972,-0.0000713611661922,0.000202594455914,-0.000228031320148,-0.000122246899991,-0.000252790632658,0.000444631121354,-0.000322669366142,-0.0000998972027446],[-0.00014107816969,0.00101575104054,-0.000303727952996,0.000111963083327,0.000268376490567,-0.000011189153156,-0.0000967349260463,0.00044295223779,-0.000630281865597,0.000772411702201,-0.00122261850629,0.000911652401555,-0.000438928342192],[0.000307516020257,-0.000303727952996,0.00250509940088,-0.00046743961866,-0.000140302901855,0.000653148686979,-0.00145680143032,0.000973201938905,-0.00050920189824,-0.000859718420543,0.000806010211818,-0.000963756057899,0.000993380672298],[-0.0000498531990161,0.000111963083327,-0.00046743961866,0.00546460738406,-0.00161328865215,-0.00214243633673,0.00267045013607,-0.00269756000489,0.000190799837583,0.000585108762607,0.0000581558342674,-0.000930268666707,-0.00154266902246],[0.0000755344080972,0.000268376490567,-0.000140302901855,-0.00161328865215,0.00752808479592,-0.000173548527528,-0.0051187183708,0.00143127911724,0.00146413920447,-0.00145023339428,-0.000708663719706,-0.000969489978161,-0.000498633191455],[-0.0000713611661922,-0.000011189153156,0.000653148686979,-0.00214243633673,-0.000173548527528,0.0108457598835,-0.00373399443924,-0.0020610364154,0.000196621855139,-0.00123541243374,0.0011071980698,-0.0000483304575027,-0.000230004356126],[0.000202594455914,-0.0000967349260463,-0.00145680143032,0.00267045013607,-0.0051187183708,-0.00373399443924,0.0175091288984,-0.0061783445999,-0.00458298716694,0.00566551974043,-0.00204956484959,-0.000326203909935,0.00080151023576],[-0.000228031320148,0.00044295223779,0.000973201938905,-0.00269756000489,0.00143127911724,-0.0020610364154,-0.0061783445999,0.0189861040562,-0.00531867984682,-0.00364161888137,0.0027838612441,0.00339681189507,-0.00407836539671],[-0.000122246899991,-0.000630281865597,-0.00050920189824,0.000190799837583,0.00146413920447,0.000196621855139,-0.00458298716694,-0.00531867984682,0.0211618896574,-0.0104684745893,0.00217685336247,-0.00164647656493,0.000754099863116],[-0.000252790632658,0.000772411702201,-0.000859718420543,0.000585108762607,-0.00145023339428,-0.00123541243374,0.00566551974043,-0.00364161888137,-0.0104684745893,0.0270584970713,-0.0135380355641,-0.000536232546438,0.00341311236843],[0.000444631121354,-0.00122261850629,0.000806010211818,0.0000581558342674,-0.000708663719706,0.0011071980698,-0.00204956484959,0.0027838612441,0.00217685336247,-0.0135380355641,0.0288248360157,-0.0128570599481,-0.00118668191135],[-0.000322669366142,0.000911652401555,-0.000963756057899,-0.000930268666707,-0.000969489978161,-0.0000483304575027,-0.000326203909935,0.00339681189507,-0.00164647656493,-0.000536232546438,-0.0128570599481,0.0289349444211,-0.0120297921821],[-0.0000998972027446,-0.000438928342192,0.000993380672298,-0.00154266902246,-0.000498633191455,-0.000230004356126,0.00080151023576,-0.00407836539671,0.000754099863116,0.00341311236843,-0.00118668191135,-0.0120297921821,0.0271840728819]],"mean":[-728.513366699,178.357299805,18.3775482178,27.4307785034,-1.49036037922,9.05246543884,-3.13616418839,6.44987392426,5.76729679108,4.32095909119,0.649836242199,-0.126234799623,1.11327636242]},"pitch_salience":{"dmean":0.0866169780493,"dmean2":0.141881540418,"dvar":0.00559022929519,"dvar2":0.0142835201696,"max":0.840033352375,"mean":0.522088587284,"median":0.5480864048,"min":0.0335812270641,"var":0.0211350396276},"silence_rate_20dB":{"dmean":0,"dmean2":0,"dvar":0,"dvar2":0,"max":1,"mean":1,"median":1,"min":1,"var":0},"silence_rate_30dB":{"dmean":0.0666290223598,"dmean2":0.133268803358,"dvar":0.0621878132224,"dvar2":0.145008012652,"max":1,"mean":0.910308122635,"median":1,"min":0,"var":0.0816556587815},"silence_rate_60dB":{"dmean":0.00548519799486,"dmean2":0.0109712807462,"dvar":0.00545551814139,"dvar2":0.0123044215143,"max":1,"mean":0.0773511826992,"median":0,"min":0,"var":0.0713660418987},"spectral_centroid":{"dmean":111.989883423,"dmean2":171.883834839,"dvar":24434.3183594,"dvar2":46194.8515625,"max":10740.9384766,"mean":586.383483887,"median":509.882904053,"min":128.016174316,"var":228310.8125},"spectral_complexity":{"dmean":2.05404543877,"dmean2":3.38657641411,"dvar":4.13654184341,"dvar2":10.024684906,"max":49,"mean":12.0548477173,"median":10,"min":0,"var":56.8498039246},"spectral_contrast_coeffs":{"dmean":[0.0539013408124,0.0477696917951,0.039019856602,0.0280162338167,0.0239274203777,0.0333648696542],"dmean2":[0.089219994843,0.0799759104848,0.0649199858308,0.0469272769988,0.0396398566663,0.0531217046082],"dvar":[0.00177753274329,0.00143033068161,0.000978870084509,0.000512757513206,0.000480627903016,0.00109492090996],"dvar2":[0.00481064291671,0.00400729570538,0.00269933510572,0.00138263078406,0.00123331556097,0.00266384030692],"max":[-0.278302252293,-0.439405918121,-0.543316602707,-0.708144307137,-0.624675929546,-0.483850449324],"mean":[-0.670263946056,-0.772744953632,-0.803374767303,-0.850794732571,-0.859754323959,-0.794225752354],"median":[-0.672009766102,-0.777167081833,-0.809194564819,-0.846657335758,-0.8473726511,-0.80188703537],"min":[-0.949540257454,-0.964500308037,-0.963337421417,-0.98316526413,-0.975856542587,-0.960302770138],"var":[0.00772556383163,0.00408885348588,0.00402082363144,0.00186412141193,0.0023193100933,0.00461622327566]},"spectral_contrast_valleys":{"dmean":[0.393746197224,0.367254078388,0.354329943657,0.377480357885,0.427194088697,0.65678614378],"dmean2":[0.652630209923,0.608387708664,0.58139538765,0.607322156429,0.673767864704,1.06810438633],"dvar":[0.118855424225,0.106600441039,0.112701140344,0.160814493895,0.228202104568,0.339301109314],"dvar2":[0.292041182518,0.261287689209,0.272829145193,0.383611530066,0.566790401936,0.874801874161],"max":[-5.01428985596,-4.33807468414,-5.15632486343,-6.23279237747,-6.04670238495,-8.76395130157],"mean":[-6.93590497971,-6.56691265106,-7.45458984375,-8.19237136841,-8.50686073303,-11.3121824265],"median":[-6.56597995758,-6.32587528229,-7.17876005173,-7.83422660828,-8.12159347534,-11.1064491272],"min":[-27.2026844025,-27.2459125519,-27.4420280457,-27.2881565094,-27.2124176025,-27.2193717957],"var":[2.15897774696,1.9731849432,2.07758665085,2.04927015305,1.878734231,1.40990138054]},"spectral_decrease":{"dmean":4.39856373546e-9,"dmean2":7.18947301692e-9,"dvar":4.05402839486e-17,"dvar2":1.04441617469e-16,"max":1.21812027132e-8,"mean":-8.65969251862e-9,"median":-6.40590958056e-9,"min":-9.39996311899e-8,"var":7.82211898081e-17},"spectral_energy":{"dmean":0.0168732441962,"dmean2":0.027703249827,"dvar":0.000565684982575,"dvar2":0.00147753627971,"max":0.362525016069,"mean":0.0490168221295,"median":0.039826579392,"min":1.0796717592e-20,"var":0.00171969155781},"spectral_energyband_high":{"dmean":0.0000622865918558,"dmean2":0.0000919460944715,"dvar":3.12250421075e-8,"dvar2":5.44872484909e-8,"max":0.00864929985255,"mean":0.000184742282727,"median":0.000062195758801,"min":8.07433291015e-21,"var":1.29633903612e-7},"spectral_energyband_low":{"dmean":0.0127714369446,"dmean2":0.0213642735034,"dvar":0.000410811859183,"dvar2":0.00107958295848,"max":0.318016141653,"mean":0.0223920531571,"median":0.0145972473547,"min":4.6610543938e-23,"var":0.000659700657707},"spectral_energyband_middle_high":{"dmean":0.000701304175891,"dmean2":0.00112499541137,"dvar":0.00000205818628274,"dvar2":0.00000533147203896,"max":0.0439339801669,"mean":0.0020062001422,"median":0.000763507792726,"min":1.26514477705e-21,"var":0.00000840968004923},"spectral_energyband_middle_low":{"dmean":0.00555869285017,"dmean2":0.00891342852265,"dvar":0.0000838753112475,"dvar2":0.000207349687116,"max":0.256926685572,"mean":0.0152087286115,"median":0.00854460056871,"min":3.91275968244e-22,"var":0.000353802141035},"spectral_entropy":{"dmean":0.292312681675,"dmean2":0.457080245018,"dvar":0.0844699963927,"dvar2":0.212913453579,"max":9.78322696686,"mean":7.04554080963,"median":7.13551425934,"min":4.36731672287,"var":0.330578565598},"spectral_flux":{"dmean":0.0283366870135,"dmean2":0.0473564825952,"dvar":0.00116066529881,"dvar2":0.00292491889559,"max":0.520627260208,"mean":0.109290666878,"median":0.10542820394,"min":1.03907257798e-10,"var":0.00414655823261},"spectral_kurtosis":{"dmean":7.49222326279,"dmean2":12.0812082291,"dvar":131.295913696,"dvar2":351.414367676,"max":197.087982178,"mean":20.2626438141,"median":17.1557197571,"min":-1.20351040363,"var":207.658035278},"spectral_rms":{"dmean":0.00110000395216,"dmean2":0.00177584297489,"dvar":0.00000158454065513,"dvar2":0.00000400104499931,"max":0.0188064593822,"mean":0.00618408527225,"median":0.0062333936803,"min":3.24551735313e-12,"var":0.00000957818974712},"spectral_rolloff":{"dmean":3284.88110352,"dmean2":6429.80078125,"dvar":52691328,"dvar2":133110976,"max":21985.4003906,"mean":11316.5400391,"median":19842.8476562,"min":21.533203125,"var":110201144},"spectral_skewness":{"dmean":0.583422780037,"dmean2":0.914317429066,"dvar":0.543061375618,"dvar2":1.41742646694,"max":11.9180393219,"mean":3.26362252235,"median":3.10241889954,"min":0.0188018791378,"var":1.35522770882},"spectral_spread":{"dmean":672932.125,"dmean2":1069243.625,"dvar":444274376704,"dvar2":1063353319420,"max":40847004,"mean":3963231.25,"median":3794227,"min":1101622.5,"var":1937911840770},"spectral_strongpeak":{"dmean":4.08360767365,"dmean2":7.59931707382,"dvar":284.804840088,"dvar2":777.340698242,"max":225.032440186,"mean":3.60812354088,"median":0.258376300335,"min":0,"var":294.602600098},"zerocrossingrate":{"dmean":0.0385728403926,"dmean2":0.0499255359173,"dvar":0.00109945121221,"dvar2":0.00178406271152,"max":0.70556640625,"mean":0.243511706591,"median":0.2451171875,"min":0.001953125,"var":0.0170392766595}},"metadata":{"audio_properties":{"analysis_sample_rate":44100,"bit_rate":192000,"codec":"mp3","downmix":"mix","equal_loudness":0,"length":287.843261719,"lossless":false,"md5_encoded":"57a3417a526e5076fc0fb010c6a46a35","replay_gain":-9.25624275208,"sample_rate":44100},"tags":{"acoustid_id":["d6452634-3fa5-4e34-b024-135b7f975b9f"],"album":["Binaural"],"albumartist":["Pearl Jam"],"albumartistsort":["Pearl Jam"],"artist":["Pearl Jam"],"artistsort":["Pearl Jam"],"asin":["B00004T8RK"],"barcode":["074646366523"],"catalognumber":["EK 63665"],"date":["2000"],"discnumber":["1/1"],"file_name":"pearl jam - sleight of hand.mp3","genre":["Pop"],"isrc":["USSM10008163"],"label":["Epic"],"media":["CD"],"musicbrainz album release country":["US"],"musicbrainz album status":["official"],"musicbrainz album type":["album"],"musicbrainz_albumartistid":["83b9cbe7-9857-49e2-ab8e-b57b01038103"],"musicbrainz_albumid":["bb5ff209-9cef-45d7-97f9-00d68bae1cc7"],"musicbrainz_artistid":["83b9cbe7-9857-49e2-ab8e-b57b01038103"],"musicbrainz_recordingid":["80cb38c9-8da3-44ee-87b5-42eecceb996b"],"musicbrainz_releasegroupid":["5e53fed6-a262-42f5-ae26-58a7b6cae852"],"originaldate":["2000"],"script":["Latn"],"title":["Sleight of Hand"],"tracknumber":["11/13"]},"version":{"essentia":"2.1-beta1","essentia_build_sha":"ca57ba49d9b1854bd80e60cf9ccf267278fb7d6b","essentia_git_sha":"v2.1_beta1-28-g21ef5f4-dirty","extractor":"music 1.0"}},"rhythm":{"beats_count":614,"beats_loudness":{"dmean":0.0339691527188,"dmean2":0.0573086962104,"dvar":0.00118820008356,"dvar2":0.0030821019318,"max":0.284917831421,"mean":0.0600078850985,"median":0.0543712489307,"min":2.90158674865e-9,"var":0.00214978354052},"beats_loudness_band_ratio":{"dmean":[0.241075083613,0.141884371638,0.0895974263549,0.0270654521883,0.0101679218933,0.0986391603947],"dmean2":[0.415919035673,0.251799196005,0.157087698579,0.0488131828606,0.0184433534741,0.169044807553],"dvar":[0.03572890535,0.020549587905