{"lowlevel":{"average_loudness":0.824639558792,"barkbands":{"dmean":[0.0000114610320452,0.00131005886942,0.00162081350572,0.00127957307268,0.00330845406279,0.00174105155747,0.001478498918,0.00104627676774,0.00092487107031,0.000434957124526,0.000323355663568,0.000196834269445,0.00013365916675,0.000130018917844,0.0000991909982986,0.000100005468994,0.000103598526039,0.0001012430439,0.0000750242470531,0.0000623781525064,0.0000483433286718,0.000133092806209,0.0000254051665252,0.0000170907169377,0.00000794167590357,0.00000483674784846,3.79040244525e-7],"dmean2":[0.0000201433231268,0.00220223632641,0.0026878931094,0.00209481245838,0.00532380444929,0.00271552917548,0.0021667086985,0.00161021156237,0.00147217873018,0.00069851684384,0.000511130841915,0.000313958560582,0.000213518971577,0.000205812437343,0.000153798537212,0.000162681972142,0.000164590601344,0.000160976298503,0.000118130446936,0.0000941799371503,0.0000703504410922,0.000213433842873,0.000036240042391,0.0000239113978751,0.0000106967163447,0.00000732011221771,5.45621958281e-7],"dvar":[6.52870091322e-10,0.00000508394077769,0.00000814034137875,0.00000522217987964,0.000028519110856,0.00000949164405029,0.00000972066482063,0.0000090285702754,0.00000439451196144,0.00000201198713512,8.04396677268e-7,3.52003183934e-7,1.31953640903e-7,1.53446492845e-7,6.77243150449e-8,6.44706616981e-8,5.1080704111e-8,4.36309441909e-8,4.38832437055e-8,4.92832157306e-8,1.94701765821e-8,1.42942809589e-7,4.80695261373e-9,4.25827550998e-9,1.14468945434e-9,1.43235479033e-10,8.28528868776e-13],"dvar2":[1.79805836886e-9,0.0000133856756293,0.0000211511560337,0.0000131929291456,0.0000731436739443,0.0000221482132474,0.0000200777994905,0.0000213676121348,0.0000108761760202,0.00000516258705829,0.00000199188229999,9.72935481514e-7,3.53351794047e-7,3.95731404979e-7,1.5774183737e-7,1.76351576897e-7,1.30187714831e-7,1.1378341469e-7,1.17487758189e-7,1.0167821074e-7,4.12378788894e-8,3.61079571576e-7,1.02946007274e-8,7.06655356453e-9,1.51670553894e-9,3.389880876e-10,1.7774444026e-12],"max":[0.000479540816741,0.0226746015251,0.0521253757179,0.0475130081177,0.0853520706296,0.0601591058075,0.093732200563,0.0754199028015,0.0449625775218,0.0340682715178,0.0250611416996,0.0209874194115,0.00876227859408,0.0137930829078,0.00967497285455,0.0062453886494,0.00586372567341,0.00533488159999,0.00708663556725,0.00997163169086,0.00560698192567,0.00826808251441,0.00231739412993,0.00371034420095,0.00226472783834,0.000381869263947,0.0000177235269803],"mean":[0.000012999734281,0.00196856213734,0.00232913112268,0.00182290864177,0.00494195334613,0.00286395219155,0.00275289523415,0.00158152659424,0.00140889699105,0.000663122104015,0.000477261666674,0.000326901179506,0.000221873822738,0.000217196982703,0.0001781200408,0.00017864612164,0.000180766670383,0.000201027898584,0.00014232970716,0.000108539803477,0.0000793890940258,0.000130867018015,0.0000365032974514,0.0000273848199868,0.0000120200120364,0.00000548557409275,4.75622272234e-7],"median":[0.00000423661003879,0.00141532812268,0.00120501127094,0.00071683828719,0.00227810791694,0.00118524371646,0.000798729073722,0.000283129338641,0.000356983684469,0.0000899650767678,0.000108036954771,0.0000856643018778,0.0000617476907792,0.0000453875618405,0.000043856602133,0.0000475410706713,0.0000643614330329,0.0000630186696071,0.0000373501243303,0.0000309130045935,0.0000241102479777,0.0000294711644528,0.0000121485118143,0.00000940487188927,0.00000237110134549,0.00000135837603921,9.12081645765e-8],"min":[2.96963295669e-24,5.99014783619e-24,8.28647104976e-24,2.49563858482e-24,3.93534275068e-23,2.92236740892e-23,1.53902581646e-23,5.09027424342e-23,4.85993190781e-23,5.27611977527e-23,7.67812707875e-23,4.11875448886e-23,9.2209572558e-23,8.66017686421e-23,1.12897026968e-22,1.27943898714e-22,7.58311477805e-23,2.95062150353e-22,3.07249054219e-22,2.18623926775e-22,5.28220757265e-22,4.32080398101e-22,6.73644349513e-22,7.38756348028e-22,1.23594253473e-21,1.23467924657e-21,1.99886155345e-21],"var":[6.79224565481e-10,0.00000540654582437,0.0000102356507341,0.00000942146471061,0.0000488123296236,0.0000216285352508,0.0000302487987938,0.0000163841450558,0.00000876085596246,0.00000380284723178,0.00000161575201219,7.78639844157e-7,2.88523068548e-7,3.71658046561e-7,1.52698305556e-7,1.3934486276e-7,1.10932170116e-7,1.20468655496e-7,1.08959902434e-7,1.02255306444e-7,3.77882614089e-8,1.44766019616e-7,9.56995993562e-9,9.21856901925e-9,4.24561852341e-9,2.0666239553e-10,1.15361149453e-12]},"barkbands_crest":{"dmean":2.55132675171,"dmean2":4.1487364769,"dvar":5.01181459427,"dvar2":12.6077852249,"max":26.0102558136,"mean":10.0953388214,"median":9.44331359863,"min":3.29926013947,"var":13.3439788818},"barkbands_flatness_db":{"dmean":0.0239727441221,"dmean2":0.0351086780429,"dvar":0.000450391380582,"dvar2":0.00097897904925,"max":0.364750951529,"mean":0.165524080396,"median":0.160844624043,"min":0.0450833104551,"var":0.00198984751478},"barkbands_kurtosis":{"dmean":4.1402053833,"dmean2":6.51119470596,"dvar":38.3000450134,"dvar2":90.5932846069,"max":157.864318848,"mean":8.1178445816,"median":5.35524988174,"min":-1.94191884995,"var":94.5245666504},"barkbands_skewness":{"dmean":0.586875021458,"dmean2":0.897492349148,"dvar":0.375455021858,"dvar2":0.880171775818,"max":10.5920734406,"mean":2.09539270401,"median":1.99201774597,"min":-5.59710454941,"var":1.43945157528},"barkbands_spread":{"dmean":4.74168968201,"dmean2":7.41219377518,"dvar":45.2825775146,"dvar2":107.134819031,"max":111.195091248,"mean":14.0511608124,"median":11.5529747009,"min":0.679029107094,"var":118.894859314},"dissonance":{"dmean":0.0227801818401,"dmean2":0.0377197228372,"dvar":0.000391561479773,"dvar2":0.00104510970414,"max":0.5,"mean":0.447745352983,"median":0.453081965446,"min":0.257352888584,"var":0.000986136146821},"dynamic_complexity":3.88642024994,"erbbands":{"dmean":[0.0187123045325,0.371533572674,1.68167376518,2.93131756783,8.34659671783,12.544005394,8.95864009857,18.2405509949,24.597984314,17.8537826538,20.643693924,21.2679595947,15.7996473312,10.9906044006,9.2952671051,8.26643753052,6.29446697235,6.12399291992,5.0280714035,5.41824054718,4.65823888779,5.64945459366,5.72117233276,4.54997253418,2.8822991848,2.9960539341,2.38638114929,2.06952881813,6.07499933243,1.67763853073,0.632023334503,0.530445754528,0.188597485423,0.107287332416,0.0473642274737,0.019559610635,0.0112817892805,0.000766940764152,0.00008474040078,0.0000111775798359],"dmean2":[0.0314894765615,0.625041723251,2.82543301582,4.74560594559,13.8349599838,20.4804992676,14.3669424057,28.3437652588,36.3145599365,27.4450931549,31.8016052246,34.0284233093,25.1069355011,16.925611496,14.5486192703,12.991060257,10.049656868,9.59117221832,7.77577400208,8.6087770462,7.35016489029,8.94868469238,9.10632514954,7.15327739716,4.47280406952,4.49838256836,3.52319836617,3.05408763885,9.79711055756,2.5880317688,0.891956865788,0.746711850166,0.259426176548,0.144671231508,0.0663978084922,0.0278542395681,0.0176412332803,0.00107626360841,0.000123356279801,0.0000164210432558],"dvar":[0.00101300375536,0.414405733347,9.09243679047,21.5076828003,294.611236572,477.7840271,248.606277466,1140.53686523,2427.56347656,2137.53710938,3273.92895508,2609.21459961,2412.19946289,948.309020996,906.94934082,680.937316895,301.321685791,316.415893555,204.264862061,198.572967529,88.5639648438,149.711807251,132.956253052,137.989242554,79.5641021729,127.704772949,58.6180305481,29.4643249512,328.636993408,20.1414031982,2.71996998787,3.35121440887,0.63940179348,0.196313366294,0.0469565168023,0.00346063543111,0.000770579848904,0.00000256165731116,3.87868865914e-8,2.08628322951e-10],"dvar2":[0.00267921830527,1.09012854099,23.858133316,52.9801177979,776.841796875,1248.87963867,555.077941895,2720.39941406,5023.3984375,5094.18554688,7412.41455078,6594.85009766,6075.82519531,2220.8996582,2405.11499023,1850.72839355,813.348510742,799.190429688,470.381896973,498.987854004,218.598968506,393.522399902,342.600311279,377.894042969,189.004608154,267.484100342,124.749435425,66.024772644,843.433105469,49.1096687317,5.18411588669,5.77355623245,1.05174577236,0.30666154623,0.0652296543121,0.00581038370728,0.00195828988217,0.00000528523469256,8.71321503837e-8,4.57198556791e-10],"max":[0.407195299864,6.82672595978,56.3283309937,105.350128174,211.502929688,496.2394104,459.21472168,734.425354004,1069.69482422,1060.18640137,1487.36474609,1184.94970703,1387.70654297,1125.71740723,873.612304688,1071.60583496,494.781158447,725.991271973,478.124908447,504.850585938,244.206008911,357.912200928,329.121887207,348.558929443,372.02835083,536.11920166,305.219543457,190.526641846,330.653778076,151.078796387,50.8165016174,88.305770874,46.495223999,28.819694519,13.8107910156,3.55207681656,0.484063744545,0.0360668972135,0.00377494166605,0.000161023941473],"mean":[0.0331036783755,0.545073747635,2.40478777885,4.68437814713,11.1741847992,18.373632431,14.8665504456,29.8179607391,46.0485496521,30.1075954437,33.3706474304,32.5814857483,25.9046192169,17.3542938232,14.8082370758,14.5400190353,11.3995485306,10.7204866409,9.37089252472,10.3763904572,9.08361816406,10.6277780533,11.3247556686,9.67997264862,5.48187732697,5.20711135864,3.9874958992,3.06918549538,5.74588918686,1.92984163761,0.953943192959,0.776509940624,0.329054802656,0.164729401469,0.0694806203246,0.0254243034869,0.0117045408115,0.00100309716072,0.000112361747597,0.0000288482642645],"median":[0.021805042401,0.373277127743,1.37057304382,2.59498786926,4.2400135994,7.84398508072,7.07542514801,11.6386585236,14.3710641861,8.80388069153,9.25876998901,7.72883462906,4.63477516174,4.36989164352,3.62845182419,3.70809626579,3.18624210358,2.76979446411,2.25031661987,3.15566277504,3.06666374207,4.2101855278,4.13354158401,2.23160099983,1.76801967621,1.44969797134,1.15604257584,0.936683237553,1.18642282486,0.55382502079,0.324808835983,0.266755700111,0.108126983047,0.0370711311698,0.0126125374809,0.00582756986842,0.00282045220956,0.000246367300861,0.0000338237186952,0.0000225596595556],"min":[2.90152027644e-22,9.62121417195e-22,6.59446680852e-21,1.23036249872e-20,8.11019377465e-20,1.11887784226e-19,1.55482348007e-19,3.29511481215e-19,1.79226528716e-19,8.15544766274e-19,1.47993685466e-18,1.34043604968e-18,9.70824455031e-19,3.55432188666e-18,2.73985131781e-18,2.69777843031e-18,3.88041840441e-18,4.24911844602e-18,5.49590917176e-18,6.33111839934e-18,7.09676297817e-18,5.31509824321e-18,1.24718909592e-17,1.58157694126e-17,1.77155915214e-17,9.56085626799e-18,1.71874201567e-17,2.41948658267e-17,1.46842458917e-17,1.74226670142e-17,1.76410939811e-17,1.50802916971e-17,1.26573365807e-17,1.17688974536e-17,9.54419354173e-18,4.87027276982e-18,2.22606483073e-18,1.23252837422e-18,2.51630306893e-19,3.1432362445e-20],"var":[0.00133014295716,0.432772010565,10.3668813705,44.2929420471,357.116363525,883.204223633,583.051940918,2487.45068359,7661.3046875,4232.92773438,6803.25488281,5037.38671875,4865.54296875,2169.1875,1832.6640625,1650.54260254,775.752929688,816.00567627,557.493835449,442.486541748,239.811828613,326.397003174,326.482086182,465.883911133,156.106231689,250.517730713,106.9220047,56.4765739441,300.382293701,28.5068969727,6.02682352066,6.64754104614,1.60791683197,0.655592978001,0.165647566319,0.0101121608168,0.000758992042392,0.00000402794421461,5.0128267759e-8,5.79320036387e-10]},"erbbands_crest":{"dmean":2.88883876801,"dmean2":4.59606456757,"dvar":7.36515569687,"dvar2":17.0888233185,"max":30.705411911,"mean":10.0760984421,"median":8.85499382019,"min":2.25315880775,"var":22.0301189423},"erbbands_flatness_db":{"dmean":0.0207288973033,"dmean2":0.0285836271942,"dvar":0.000352336617652,"dvar2":0.000655116455164,"max":0.329740136862,"mean":0.169656917453,"median":0.166788935661,"min":0.036156475544,"var":0.00170860555954},"erbbands_kurtosis":{"dmean":1.37682628632,"dmean2":2.15451264381,"dvar":4.41148042679,"dvar2":9.82807826996,"max":42.0646934509,"mean":1.06888961792,"median":0.181495308876,"min":-1.84953999519,"var":9.74400424957},"erbbands_skewness":{"dmean":0.448813915253,"dmean2":0.691314041615,"dvar":0.19449351728,"dvar2":0.437839984894,"max":5.43183755875,"mean":0.87136811018,"median":0.830081224442,"min":-4.82213401794,"var":0.767554759979},"erbbands_spread":{"dmean":10.3069572449,"dmean2":15.7368373871,"dvar":140.044372559,"dvar2":331.797058105,"max":134.88583374,"mean":38.628364563,"median":34.9110031128,"min":2.74811720848,"var":377.140808105},"gfcc":{"cov":[[9526.19433594,480.793395996,-869.113464355,76.5841674805,-480.258422852,37.3599700928,-135.716278076,20.1710968018,4.13796806335,9.0481338501,70.8663253784,-102.539550781,56.7672653198],[480.793395996,904.809387207,-161.389709473,-164.206085205,176.099639893,-86.3542327881,61.6517677307,-32.0098876953,103.709129333,-73.6086273193,103.672088623,-70.0002593994,33.3509788513],[-869.113464355,-161.389709473,784.650024414,215.291412354,108.213180542,142.670440674,-45.4297676086,-69.5350189209,-21.4597816467,20.6285190582,-124.53868866,82.977684021,-65.5747528076],[76.5841674805,-164.206085205,215.291412354,409.986968994,55.4518280029,10.8815097809,2.08188462257,14.2844610214,-31.428352356,-6.06372404099,-24.930109024,9.369764328,-11.0061540604],[-480.258422852,176.099639893,108.213180542,55.4518280029,246.205749512,37.8651504517,41.2894935608,15.8505086899,22.5606193542,-22.0167121887,-13.6807518005,-1.87052500248,0.312816351652],[37.3599700928,-86.3542327881,142.670440674,10.8815097809,37.8651504517,210.658248901,53.4448471069,-8.96024513245,-6.10790681839,25.5986099243,-52.1984977722,24.5078849792,-20.2042655945],[-135.716278076,61.6517677307,-45.4297676086,2.08188462257,41.2894935608,53.4448471069,146.226074219,51.4926948547,-6.89549875259,-7.17556667328,17.9506015778,-9.80312538147,-14.1530284882],[20.1710968018,-32.0098876953,-69.5350189209,14.2844610214,15.8505086899,-8.96024513245,51.4926948547,118.014823914,28.2868556976,2.80087757111,18.7870731354,-14.8359251022,6.13501358032],[4.13796806335,103.709129333,-21.4597816467,-31.428352356,22.5606193542,-6.10790681839,-6.89549875259,28.2868556976,113.293785095,30.2586269379,3.78210473061,-1.98993206024,10.6311941147],[9.0481338501,-73.6086273193,20.6285190582,-6.06372404099,-22.0167121887,25.5986099243,-7.17556667328,2.80087757111,30.2586269379,87.0102462769,17.3997440338,15.637169838,-7.9553103447],[70.8663253784,103.672088623,-124.53868866,-24.930109024,-13.6807518005,-52.1984977722,17.9506015778,18.7870731354,3.78210473061,17.3997440338,155.457733154,-9.8515996933,21.6466255188],[-102.539550781,-70.0002593994,82.977684021,9.369764328,-1.87052500248,24.5078849792,-9.80312538147,-14.8359251022,-1.98993206024,15.637169838,-9.8515996933,97.0721588135,5.61004781723],[56.7672653198,33.3509788513,-65.5747528076,-11.0061540604,0.312816351652,-20.2042655945,-14.1530284882,6.13501358032,10.6311941147,-7.9553103447,21.6466255188,5.61004781723,84.2437896729]],"icov":[[0.000215197986108,-0.000545248971321,0.000372145848814,-0.000452218519058,0.000695236434694,-0.000672635389492,0.000782779417932,-0.000591809570324,0.00052092113765,-0.00034116700408,0.000300898856949,-0.000180943447049,0.000148924911628],[-0.000545248971321,0.00433539878577,-0.00102716893889,0.00210503884591,-0.00359221198596,0.00275505287573,-0.00395056558773,0.00460726814345,-0.00491525605321,0.00378909427673,-0.00271960231476,0.00181559682824,-0.000642575207166],[0.000372145848814,-0.00102716893889,0.00307849957608,-0.00184160319623,0.000363631959772,-0.00233108038083,0.00253387424164,-0.000411848770455,0.00106628646608,-0.000937742413953,0.0014156321995,-0.00179682474118,0.00173961929977],[-0.000452218519058,0.00210503884591,-0.00184160319623,0.00438682874665,-0.00244061672129,0.00233867508359,-0.002357092686,0.00117872958072,-0.00109824247193,0.00137173000257,-0.00121019617654,0.00117563642561,-0.000800080888439],[0.000695236434694,-0.00359221198596,0.000363631959772,-0.00244061672129,0.00859617814422,-0.00325097306632,0.00217337789945,-0.00380231672898,0.00198982539587,-0.000821623252705,0.00183391559403,-0.000947879918385,0.0000114437152661],[-0.000672635389492,0.00275505287573,-0.00233108038083,0.00233867508359,-0.00325097306632,0.010057776235,-0.00705421902239,0.00404753442854,-0.00216884724796,-0.00100398261566,0.000773384410422,0.0006160850171,-0.00126288866159],[0.000782779417932,-0.00395056558773,0.00253387424164,-0.002357092686,0.00217337789945,-0.00705421902239,0.0154743753374,-0.00882352981716,0.00578359793872,-0.00149615225382,0.000482086004922,-0.00170914735645,0.00336208939552],[-0.000591809570324,0.00460726814345,-0.000411848770455,0.00117872958072,-0.00380231672898,0.00404753442854,-0.00882352981716,0.0168773643672,-0.00842084549367,0.00361345964484,-0.00278592575341,0.00257043540478,-0.00136977783404],[0.00052092113765,-0.00491525605321,0.00106628646608,-0.00109824247193,0.00198982539587,-0.00216884724796,0.00578359793872,-0.00842084549367,0.0175471995026,-0.00936137139797,0.00413524685428,-0.00158787309192,-0.0007164918934],[-0.00034116700408,0.00378909427673,-0.000937742413953,0.00137173000257,-0.000821623252705,-0.00100398261566,-0.00149615225382,0.00361345964484,-0.00936137139797,0.019570402801,-0.0058380458504,-0.000371461937902,0.00198115524836],[0.000300898856949,-0.00271960231476,0.0014156321995,-0.00121019617654,0.00183391559403,0.000773384410422,0.000482086004922,-0.00278592575341,0.00413524685428,-0.0058380458504,0.0104284798726,-0.00110919389408,-0.00139865325764],[-0.000180943447049,0.00181559682824,-0.00179682474118,0.00117563642561,-0.000947879918385,0.0006160850171,-0.00170914735645,0.00257043540478,-0.00158787309192,-0.000371461937902,-0.00110919389408,0.0129522886127,-0.00257715536281],[0.000148924911628,-0.000642575207166,0.00173961929977,-0.000800080888439,0.0000114437152661,-0.00126288866159,0.00336208939552,-0.00136977783404,-0.0007164918934,0.00198115524836,-0.00139865325764,-0.00257715536281,0.0144440997392]],"mean":[-43.139705658,116.403381348,-108.115936279,34.5903778076,-63.3829154968,-1.35923993587,-36.7955093384,1.49355578423,-18.059469223,-3.48444700241,-15.7552804947,1.89081859589,-13.2433052063]},"hfc":{"dmean":4.31193828583,"dmean2":6.14832353592,"dvar":36.2901077271,"dvar2":74.645980835,"max":83.1871414185,"mean":12.4117078781,"median":8.02274131775,"min":1.14275517785e-16,"var":148.457992554},"melbands":{"dmean":[0.000264143163804,0.000732896500267,0.000639708363451,0.00075556722004,0.000373728835257,0.000400780787459,0.000342527608154,0.000208769415622,0.000177217589226,0.000129257576191,0.0000788763427408,0.0000456768066215,0.000036180128518,0.0000190536065929,0.0000234819926845,0.0000124215721371,0.000012328806406,0.00000886768793862,0.00000795704636403,0.00000826782979857,0.00000533641059519,0.00000620367245574,0.00000568709174331,0.00000487163788421,0.00000395092547478,0.00000252462132266,0.0000020642698928,0.00000213507451008,0.0000017166815951,0.00000115201851258,0.00000117001616218,0.00000404512456953,0.0000019615522433,6.07591061907e-7,3.34842695793e-7,4.81758377191e-7,2.55913164438e-7,1.39717144521e-7,1.12324144652e-7,8.54337969258e-8],"dmean2":[0.000443749770056,0.00122070952784,0.00103888916783,0.00122352864128,0.000600665225647,0.00061909930082,0.000505191914272,0.000322610954754,0.0002749832056,0.000205841075513,0.000126010578242,0.0000709244413883,0.0000571897362533,0.0000299542753055,0.0000374689698219,0.0000199522619369,0.0000195412048924,0.0000139397798193,0.0000123684958453,0.0000134581741804,0.00000837575680634,0.00000990408716461,0.00000918689875107,0.00000777875447966,0.00000627971621725,0.00000402571231461,0.00000321976040141,0.0000032529130749,0.0000026168356726,0.00000169333952726,0.00000175214597675,0.00000659203033138,0.00000318894490192,9.15238501875e-7,4.85965472308e-7,7.11104974016e-7,3.65984078599e-7,1.98417836828e-7,1.56572809829e-7,1.18925292725e-7],"dvar":[2.02067766963e-7,0.00000164284347193,0.00000114468411994,0.00000161943557941,3.85803559766e-7,5.02014074755e-7,4.5438744678e-7,3.25269382984e-7,2.39413253666e-7,9.68604609852e-8,6.21386959665e-8,1.60506257174e-8,1.17655005738e-8,3.08848302488e-9,4.67980765251e-9,1.1311535042e-9,1.44293366144e-9,8.29547264214e-10,4.82807016589e-10,5.62878577082e-10,1.20656859504e-10,1.82083542688e-10,1.62722432751e-10,1.05948486095e-10,1.16704812481e-10,6.73768402182e-11,5.30002187971e-11,6.18259193841e-11,3.57826754338e-11,1.13073769098e-11,1.07411041866e-11,1.6073448128e-10,2.815515876e-11,3.31518428161e-12,8.37066201943e-13,2.1091492268e-12,1.44098491819e-12,4.43094942248e-13,1.67666973513e-13,1.65711872393e-13],"dvar2":[5.33691832061e-7,0.00000423742130806,0.00000289993431579,0.00000419466368839,9.10689664124e-7,0.00000119045944302,9.44743703712e-7,7.86494467775e-7,5.41898145912e-7,2.428724315e-7,1.57422434199e-7,3.85546599091e-8,3.03388354439e-8,8.15580047941e-9,1.2838147434e-8,2.9646227695e-9,3.68570085563e-9,1.9615713498e-9,1.17641896225e-9,1.55731116891e-9,2.86192791688e-10,4.79784878493e-10,4.29847490935e-10,2.74148398427e-10,3.24271776098e-10,1.77011572067e-10,1.15101185527e-10,1.30672958565e-10,7.97921034801e-11,2.50822886766e-11,2.56657906733e-11,4.15650819319e-10,7.32652827296e-11,8.05546688382e-12,1.64333108753e-12,4.42387923169e-12,2.68140739647e-12,7.70945427723e-13,2.82908706227e-13,2.80125206885e-13],"max":[0.00481520965695,0.0213859155774,0.0164246931672,0.0220325235277,0.0139292422682,0.0142994159833,0.0159979090095,0.0105686476454,0.0136437574401,0.00800333078951,0.00680264038965,0.00423835637048,0.00338970473967,0.00230992911384,0.00188047299162,0.000812354148366,0.00143317191396,0.000915467855521,0.00100558134727,0.000582013803069,0.000303012289805,0.000369297456928,0.000404101447202,0.000307135545881,0.000335792807164,0.000413976376876,0.00030492406222,0.000349334179191,0.000241238551098,0.000131519249408,0.000122424447909,0.000199887479539,0.000149736544699,0.0000892749958439,0.0000281287284452,0.0000697931827744,0.000061966748035,0.0000410303546232,0.0000192357110791,0.000026896233976],"mean":[0.000426537037129,0.00110312644392,0.000997562194243,0.00110073026735,0.000605645473115,0.000674715382047,0.000644591404125,0.000328969326802,0.000275851838524,0.000198202877073,0.000124279380543,0.000068562454544,0.0000549274554942,0.0000329357790179,0.0000395715615014,0.0000199407822947,0.0000201576949621,0.0000149994284584,0.000014577292859,0.0000140521706271,0.00000963269667409,0.000010847811609,0.0000104226328403,0.00000932223338168,0.00000792489299783,0.00000441823749497,0.00000351104677065,0.00000344845261679,0.00000272785428024,0.00000176242576799,0.00000164718619544,0.00000371227497453,0.00000190923469745,7.77193690737e-7,5.06895901253e-7,6.32075625617e-7,3.92932065552e-7,2.39476463548e-7,1.76849681566e-7,1.24541500668e-7],"median":[0.000331605493557,0.000696352683008,0.000522514688782,0.000499416608363,0.000279598170891,0.000272153760307,0.000211331847822,0.0000721341275494,0.0000735397625249,0.0000446936865046,0.0000207280845643,0.0000167141643033,0.0000128878346004,0.00000892169009603,0.0000085038409452,0.00000532052581548,0.00000447002639703,0.00000258485397353,0.00000356645068678,0.00000356297346116,0.00000325268865708,0.00000386997680835,0.00000424183417636,0.00000282390101347,0.00000160860918186,0.00000134942729346,0.00000108442031888,8.54516429172e-7,7.42591964809e-7,5.16531599715e-7,4.65884710366e-7,6.77722709952e-7,5.02631394284e-7,2.17231644228e-7,1.63060775549e-7,2.09171361121e-7,1.29314543074e-7,7.80035094294e-8,4.67510403723e-8,2.34277681699e-8],"min":[2.18956666727e-24,2.90659113744e-24,3.85650588508e-24,8.30697827785e-24,6.12791411025e-24,6.37114201543e-24,2.46145408635e-24,8.63370710985e-24,9.93963399515e-24,8.57616522884e-24,4.0720242621e-24,1.38532652427e-23,1.06163386012e-23,6.90244535712e-24,8.08216948594e-24,1.12057360265e-23,8.14399488167e-24,8.6110865234e-24,8.76685736432e-24,8.82120830297e-24,7.1669149199e-24,4.5362815266e-24,7.48444563375e-24,1.5228428083e-23,1.19272258438e-23,1.210164299e-23,1.07196517696e-23,5.08430832505e-24,1.01291791269e-23,9.24640669747e-24,1.53761422875e-23,7.6734535512e-24,6.34651851114e-24,1.0259206281e-23,8.54323659694e-24,9.90217966823e-24,8.84565115812e-24,9.78332988425e-24,5.63727852037e-24,1.02147168925e-23],"var":[2.25544297905e-7,0.00000187615751202,0.00000184736666142,0.00000266706911134,8.52131847751e-7,0.00000114782710625,0.00000143606075653,5.98931592322e-7,5.13984161898e-7,1.90598910876e-7,1.2135075167e-7,3.48711211018e-8,2.37120012514e-8,7.58942952928e-9,1.14808162976e-8,2.22485918577e-9,3.36588867889e-9,2.04920524993e-9,1.03490527259e-9,1.11391840196e-9,3.03938513246e-10,3.95062649261e-10,3.0265628892e-10,2.70852729134e-10,3.74919123525e-10,1.06159608881e-10,1.09069649146e-10,1.15751429275e-10,5.76817135722e-11,2.08020805442e-11,1.92914902802e-11,1.4072566723e-10,2.86223059143e-11,5.47530423778e-12,1.84194586667e-12,3.36099962965e-12,2.54775020525e-12,9.85702079855e-13,4.98218599623e-13,4.97299467231e-13]},"melbands_crest":{"dmean":3.17554950714,"dmean2":5.2018494606,"dvar":7.47482252121,"dvar2":19.7282218933,"max":32.1508712769,"mean":13.205945015,"median":12.6298561096,"min":2.09867024422,"var":18.9997138977},"melbands_flatness_db":{"dmean":0.02831806615,"dmean2":0.0412038266659,"dvar":0.000672007270623,"dvar2":0.00145210977644,"max":0.476121366024,"mean":0.237285673618,"median":0.233491078019,"min":0.00411602295935,"var":0.00343869137578},"melbands_kurtosis":{"dmean":9.04480934143,"dmean2":14.3476743698,"dvar":191.40411377,"dvar2":471.168334961,"max":215.720855713,"mean":18.6373348236,"median":12.5918855667,"min":-1.84970605373,"var":408.149719238},"melbands_skewness":{"dmean":0.812359511852,"dmean2":1.24981105328,"dvar":0.737577199936,"dvar2":1.77840995789,"max":12.055062294,"mean":2.93628239632,"median":2.70175170898,"min":-1.65639591217,"var":2.48653960228},"melbands_spread":{"dmean":4.89927721024,"dmean2":7.60600614548,"dvar":83.6956253052,"dvar2":189.210922241,"max":224.228134155,"mean":14.4121112823,"median":11.0914115906,"min":0.833998441696,"var":241.555465698},"mfcc":{"cov":[[7240.90185547,190.010772705,-445.890075684,-130.17515564,-312.789611816,-195.19859314,-94.506729126,-105.585380554,-96.0797805786,78.652015686,-17.9718475342,54.9186286926,-83.1195526123],[190.010772705,1037.66699219,-194.090896606,-85.2802200317,53.3539352417,-14.5168123245,-22.2345409393,36.0068359375,-10.0055799484,23.5240879059,-1.0728212595,35.1646842957,32.2677688599],[-445.890075684,-194.090896606,582.626037598,120.520492554,119.208946228,182.150817871,-23.9353122711,24.4149131775,25.6351242065,-63.4179649353,13.3367834091,-20.5721302032,26.6263179779],[-130.17515564,-85.2802200317,120.520492554,359.774200439,103.648033142,4.63469362259,28.8950328827,31.5918006897,6.68321561813,-15.0263214111,-8.31357383728,12.6777992249,4.55646944046],[-312.789611816,53.3539352417,119.208946228,103.648033142,203.511734009,67.1178970337,-3.00174117088,20.9607257843,38.0620880127,-5.58996391296,-14.1236429214,-2.38165545464,16.6697311401],[-195.19859314,-14.5168123245,182.150817871,4.63469362259,67.1178970337,226.99887085,18.6252193451,38.6459846497,36.7773361206,-21.4716892242,31.9183883667,-43.7010993958,10.0041389465],[-94.506729126,-22.2345409393,-23.9353122711,28.8950328827,-3.00174117088,18.6252193451,173.334487915,43.006893158,-9.01026535034,25.3590564728,9.62028884888,14.0508747101,-24.4198074341],[-105.585380554,36.0068359375,24.4149131775,31.5918006897,20.9607257843,38.6459846497,43.006893158,114.136924744,41.3036460876,4.39839696884,13.3184394836,-6.3567199707,-0.964406192303],[-96.0797805786,-10.0055799484,25.6351242065,6.68321561813,38.0620880127,36.7773361206,-9.01026535034,41.3036460876,114.973495483,28.1308097839,8.31771183014,-29.6505794525,4.82095527649],[78.652015686,23.5240879059,-63.4179649353,-15.0263214111,-5.58996391296,-21.4716892242,25.3590564728,4.39839696884,28.1308097839,107.234886169,24.3716659546,7.07298469543,-15.5941982269],[-17.9718475342,-1.0728212595,13.3367834091,-8.31357383728,-14.1236429214,31.9183883667,9.62028884888,13.3184394836,8.31771183014,24.3716659546,88.1329345703,16.3142318726,-2.8125166893],[54.9186286926,35.1646842957,-20.5721302032,12.6777992249,-2.38165545464,-43.7010993958,14.0508747101,-6.3567199707,-29.6505794525,7.07298469543,16.3142318726,105.032043457,35.5874290466],[-83.1195526123,32.2677688599,26.6263179779,4.55646944046,16.6697311401,10.0041389465,-24.4198074341,-0.964406192303,4.82095527649,-15.5941982269,-2.8125166893,35.5874290466,94.3415756226]],"icov":[[0.000158944894793,-0.0000301029449474,0.0000757512243581,-0.0000625736865913,0.000252314581303,-0.0000966347870417,0.000155021247338,0.0000586531896261,0.0000221611862798,-0.000116569535749,0.000132279848913,-0.000172050917172,0.000186811070307],[-0.0000301029449474,0.00119919644203,0.000533137354068,0.000356344680768,-0.00079250021372,-0.000195597691345,0.000380760466214,-0.000766662764363,0.000569227326196,-0.00019885051006,0.0000147736300278,-0.000239438784774,-0.000324067019392],[0.0000757512243581,0.000533137354068,0.00302448379807,-0.000616575533058,-0.000747763726395,-0.00219640391879,0.000816053594463,-0.000123607402202,0.000163885561051,0.000866933376528,-0.0000319316823152,-0.000605178473052,-0.00000217726983465],[-0.0000625736865913,0.000356344680768,-0.000616575533058,0.00380361033604,-0.00217722798698,0.0012734940974,-0.000664532766677,-0.00101553637069,0.000450849998742,0.00041269234498,-0.00030345947016,0.0000187052737601,-0.0000903533946257],[0.000252314581303,-0.00079250021372,-0.000747763726395,-0.00217722798698,0.00824929121882,-0.00221257656813,0.000538106367458,0.000725042191334,-0.00225332402624,-0.000769029487856,0.00264901830815,-0.00165104295593,0.000423078163294],[-0.0000966347870417,-0.000195597691345,-0.00219640391879,0.0012734940974,-0.00221257656813,0.0087479352951,-0.00202538631856,-0.000901044695638,-0.000459537812276,0.00159243075177,-0.0040133362636,0.00441134162247,-0.00202699634247],[0.000155021247338,0.000380760466214,0.000816053594463,-0.000664532766677,0.000538106367458,-0.00202538631856,0.00809153355658,-0.00335172330961,0.00208555208519,-0.00228139362298,0.00124127510935,-0.0023583995644,0.00243096938357],[0.0000586531896261,-0.000766662764363,-0.000123607402202,-0.00101553637069,0.000725042191334,-0.000901044695638,-0.00335172330961,0.0127059388906,-0.00512845395133,0.00169056421146,-0.00110830133781,-0.000289238523692,0.000245157483732],[0.0000221611862798,0.000569227326196,0.000163885561051,0.000450849998742,-0.00225332402624,-0.000459537812276,0.00208555208519,-0.00512845395133,0.013905107975,-0.00461695389822,-0.000475724693388,0.0040404512547,-0.00232094945386],[-0.000116569535749,-0.00019885051006,0.000866933376528,0.00041269234498,-0.000769029487856,0.00159243075177,-0.00228139362298,0.00169056421146,-0.00461695389822,0.0131599716842,-0.00380996963941,-0.000882041000295,0.00172482489143],[0.000132279848913,0.0000147736300278,-0.0000319316823152,-0.00030345947016,0.00264901830815,-0.0040133362636,0.00124127510935,-0.00110830133781,-0.000475724693388,-0.00380996963941,0.01532266289,-0.0048503712751,0.00208363239653],[-0.000172050917172,-0.000239438784774,-0.000605178473052,0.0000187052737601,-0.00165104295593,0.00441134162247,-0.0023583995644,-0.000289238523692,0.0040404512547,-0.000882041000295,-0.0048503712751,0.016076259315,-0.00725039932877],[0.000186811070307,-0.000324067019392,-0.00000217726983465,-0.0000903533946257,0.000423078163294,-0.00202699634247,0.00243096938357,0.000245157483732,-0.00232094945386,0.00172482489143,0.00208363239653,-0.00725039932877,0.0148529428989]],"mean":[-685.221984863,141.722244263,9.51364898682,33.3648300171,-3.62868833542,0.991790115833,-11.0307893753,4.72639894485,-5.01614522934,-4.25972080231,-2.06524181366,1.04618990421,-3.88056993484]},"pitch_salience":{"dmean":0.0738433226943,"dmean2":0.122096724808,"dvar":0.00429270835593,"dvar2":0.0114657366648,"max":0.850708007812,"mean":0.575432121754,"median":0.581139564514,"min":0.0867291018367,"var":0.00974795408547},"silence_rate_20dB":{"dmean":0,"dmean2":0,"dvar":0,"dvar2":0,"max":1,"mean":1,"median":1,"min":1,"var":0},"silence_rate_30dB":{"dmean":0.0012286270503,"dmean2":0.00245750555769,"dvar":0.00122724589892,"dvar2":0.003270520363,"max":1,"mean":0.999180972576,"median":1,"min":0,"var":0.000818267348222},"silence_rate_60dB":{"dmean":0.036039724946,"dmean2":0.0720868334174,"dvar":0.0347429104149,"dvar2":0.0797869637609,"max":1,"mean":0.0746314525604,"median":0,"min":0,"var":0.0690666809678},"spectral_centroid":{"dmean":215.523834229,"dmean2":331.318023682,"dvar":103978.734375,"dvar2":218288.4375,"max":11577.4931641,"mean":902.586425781,"median":762.590026855,"min":184.047637939,"var":322585.34375},"spectral_complexity":{"dmean":2.82092761993,"dmean2":4.10813045502,"dvar":10.9459514618,"dvar2":20.352514267,"max":45,"mean":13.2303438187,"median":12,"min":0,"var":59.3775215149},"spectral_contrast_coeffs":{"dmean":[0.054757591337,0.0503384843469,0.0403771437705,0.0314967297018,0.0215355213732,0.0220648609102],"dmean2":[0.0882723256946,0.0799538940191,0.0642302185297,0.0493506640196,0.0338955670595,0.0333530269563],"dvar":[0.00218757521361,0.0016441027401,0.00110184249934,0.000651762878988,0.000318773090839,0.000433166831499],"dvar2":[0.00539065152407,0.00421106209978,0.00268792081624,0.00152974599041,0.00075813184958,0.000958704215009],"max":[-0.285383462906,-0.386600494385,-0.448436409235,-0.544186532497,-0.606381833553,-0.568047463894],"mean":[-0.616183876991,-0.694013595581,-0.750634670258,-0.771916568279,-0.796168148518,-0.749752998352],"median":[-0.624028742313,-0.699910283089,-0.758900642395,-0.776676237583,-0.797724604607,-0.751546084881],"min":[-0.975409090519,-0.968729913235,-0.967569768429,-0.967399179935,-0.961989104748,-0.960473179817],"var":[0.00787321384996,0.0073333978653,0.00523362867534,0.00344389490783,0.00169602758251,0.00145153724588]},"spectral_contrast_valleys":{"dmean":[0.48358336091,0.417927473783,0.383027851582,0.363826602697,0.312969446182,0.385757625103],"dmean2":[0.765714228153,0.650060117245,0.55859798193,0.515629827976,0.415296435356,0.475257664919],"dvar":[0.23552171886,0.166906639934,0.138582572341,0.137129426003,0.119908213615,0.195748582482],"dvar2":[0.478090584278,0.33183375001,0.2432372123,0.226183265448,0.172335714102,0.327666819096],"max":[-5.40215110779,-4.38942050934,-5.34295940399,-5.98724412918,-5.70594882965,-7.80881738663],"mean":[-7.39466571808,-6.84734201431,-7.90412473679,-8.41937923431,-8.0873003006,-10.8657531738],"median":[-7.14336204529,-6.7297077179,-7.81598758698,-8.36162185669,-8.00852966309,-10.7705049515],"min":[-27.6328620911,-27.7901306152,-27.3211841583,-27.4474754333,-27.3252391815,-27.2562618256],"var":[1.30090761185,1.21294164658,1.18033874035,1.13709974289,1.11517941952,1.03954327106]},"spectral_decrease":{"dmean":2.21835527725e-9,"dmean2":3.36520722399e-9,"dvar":7.75022904465e-18,"dvar2":1.78634235861e-17,"max":1.22135864421e-16,"mean":-5.76144465469e-9,"median":-4.49369164102e-9,"min":-3.14708223925e-8,"var":2.29339150096e-17},"spectral_energy":{"dmean":0.00870126020163,"dmean2":0.0131559278816,"dvar":0.000118938893138,"dvar2":0.00027259028866,"max":0.126246824861,"mean":0.0228707548231,"median":0.017850169912,"min":1.04094977067e-20,"var":0.0003597138857},"spectral_energyband_high":{"dmean":0.000240140550886,"dmean2":0.000348426226992,"dvar":3.08471044264e-7,"dvar2":6.63876221552e-7,"max":0.0115241436288,"mean":0.000350974296452,"median":0.000120976343169,"min":7.37630233308e-21,"var":5.60434159524e-7},"spectral_energyband_low":{"dmean":0.00295556453057,"dmean2":0.00479380507022,"dvar":0.000022394788175,"dvar2":0.0000553460849915,"max":0.0689225867391,"mean":0.00512884790078,"median":0.00345949502662,"min":1.75242941517e-23,"var":0.0000319923929055},"spectral_energyband_middle_high":{"dmean":0.0010122138774,"dmean2":0.00147786864545,"dvar":0.00000367355687558,"dvar2":0.00000846514285513,"max":0.0467042885721,"mean":0.00267996452749,"median":0.00109728821553,"min":1.61702207819e-21,"var":0.0000179623420991},"spectral_energyband_middle_low":{"dmean":0.00672632502392,"dmean2":0.0102909235284,"dvar":0.0000841425207909,"dvar2":0.000200579408556,"max":0.11550450325,"mean":0.015674425289,"median":0.0108241792768,"min":2.61296354011e-22,"var":0.000238821070525},"spectral_entropy":{"dmean":0.213549211621,"dmean2":0.3012817204,"dvar":0.0417329370975,"dvar2":0.0819646641612,"max":9.80374622345,"mean":7.24737262726,"median":7.28147792816,"min":5.33356380463,"var":0.189330592752},"spectral_flux":{"dmean":0.0253933835775,"dmean2":0.0396087057889,"dvar":0.000748375081457,"dvar2":0.00159793731291,"max":0.295781582594,"mean":0.0730998665094,"median":0.0662500634789,"min":1.02026949389e-10,"var":0.00186486321036},"spectral_kurtosis":{"dmean":2.19495534897,"dmean2":3.54751229286,"dvar":6.10201501846,"dvar2":14.8627510071,"max":36.0861167908,"mean":5.09355354309,"median":4.34850883484,"min":-1.18525087833,"var":12.2423610687},"spectral_rms":{"dmean":0.000871221942361,"dmean2":0.00127894931938,"dvar":8.6824218215e-7,"dvar2":0.00000186298962035,"max":0.0110980914906,"mean":0.00429864879698,"median":0.00417310418561,"min":3.18678633829e-12,"var":0.00000383447422792},"spectral_rolloff":{"dmean":312.675720215,"dmean2":534.708679199,"dvar":556031.4375,"dvar2":1285475.5,"max":19013.8183594,"mean":902.757873535,"median":559.86328125,"min":129.19921875,"var":1891965.375},"spectral_skewness":{"dmean":0.291348814964,"dmean2":0.44664528966,"dvar":0.0821267068386,"dvar2":0.187076985836,"max":4.57027864456,"mean":1.64706599712,"median":1.60905790329,"min":-0.255233108997,"var":0.296391457319},"spectral_spread":{"dmean":601113.375,"dmean2":866767.5625,"dvar":619061968896,"dvar2":1097575366660,"max":40816792,"mean":4156925,"median":3890393,"min":1652000.5,"var":2030884356100},"spectral_strongpeak":{"dmean":0.43277490139,"dmean2":0.710625350475,"dvar":0.343929886818,"dvar2":0.856289625168,"max":8.95451259613,"mean":0.852801322937,"median":0.535179913044,"min":0,"var":0.787468612194},"zerocrossingrate":{"dmean":0.00829288270324,"dmean2":0.0100797628984,"dvar":0.000121096803923,"dvar2":0.000143098746776,"max":0.6015625,"mean":0.0432571806014,"median":0.03662109375,"min":0.0048828125,"var":0.00145155063365}},"metadata":{"audio_properties":{"analysis_sample_rate":44100,"bit_rate":256029,"codec":"mp3","downmix":"mix","equal_loudness":0,"length":226.768981934,"lossless":false,"md5_encoded":"559a6acbbf9599109979c1a621f78c55","replay_gain":-9.37500953674,"sample_rate":44100},"tags":{"acoustid_id":["fe928572-36d9-49fe-8a69-65d86312aed5"],"album":["People Like Us"],"albumartist":["The Mamas & the Papas"],"albumartistsort":["Mamas & the Papas, The"],"artist":["The Mamas & the Papas"],"artistsort":["Mamas & the Papas, The"],"asin":["B000002QX2"],"catalognumber":["MCAD-31344"],"composer":["John Phillips"],"copyright":["(C) 2012 Geffen Records"],"date":["2001"],"discnumber":["1/1"],"file_name":"06 Lady Genevieve (1).mp3","genre":["Sunshine Pop/Psychedelic/Garage/Pop/Rock/Folk-Rock/Am Pop"],"label":["MCA Records"],"media":["CD"],"musicbrainz album release country":["US"],"musicbrainz album status":["official"],"musicbrainz album type":["album"],"musicbrainz_albumartistid":["ff294730-0315-440d-a543-54005779c15b"],"musicbrainz_albumid":["26ed170b-e16b-3363-aea5-243ec11c1899"],"musicbrainz_artistid":["ff294730-0315-440d-a543-54005779c15b"],"musicbrainz_recordingid":["810a3453-18a4-4933-ab57-a895730b3db3"],"musicbrainz_releasegroupid":["3e7be980-0e67-3db1-95d4-676dd55e3fdc"],"originaldate":["1971"],"originalyear":["1971"],"script":["Latn"],"title":["Lady Genevieve"],"tracknumber":["6/12"]},"version":{"essentia":"2.1-beta2","essentia_build_sha":"cead25079874084f62182a551b7393616cd33d87","essentia_git_sha":"v2.1_beta2-1-ge3940c0","extractor":"music 1.0"}},"rhythm":{"beats_count":366,"beats_loudness":{"dmean":0.0191829837859,"dmean2":0.0320972464979,"dvar":0.000270030664979,"dvar2":0.000665204715915,"max":0.112483754754,"mean":0.0358828604221,"median":0.0324107855558,"min":8.20782108946e-9,"var":0.000423318328103},"beats_loudness_band_ratio":{"dmean":[0.2299