{"lowlevel":{"average_loudness":0.975409448147,"barkbands":{"dmean":[0.0000172895870492,0.00383016932756,0.00351810385473,0.000524178962223,0.000857906008605,0.00181860721204,0.000844640948344,0.00119946489576,0.00112604128662,0.000598928076215,0.000726181373466,0.00126034999266,0.000714225054253,0.000782124872785,0.000521264737472,0.000358223682269,0.000396495714085,0.00048674424761,0.000356957665645,0.000241687899688,0.0000666128908051,0.0000257453684753,0.0000352495990228,0.0000180846272997,0.0000056234243857,0.00000541648205399,4.19332849333e-7],"dmean2":[0.0000289538202196,0.00594752049074,0.00559518765658,0.000896848156117,0.00149034918286,0.00318060535938,0.00143388530705,0.00193715689238,0.0017918968806,0.000932595983613,0.00119138043374,0.00205763033591,0.00115012086462,0.0012119555613,0.000826220610179,0.000575820042286,0.000660113582853,0.00076130888192,0.000562786997762,0.000375630857889,0.000105767612695,0.0000410045104218,0.0000520088979101,0.0000266671577265,0.00000797797838459,0.00000775088119553,6.58976432533e-7],"dvar":[1.30413368993e-9,0.0000511752696184,0.0000262383728113,4.97404585076e-7,0.00000101595514934,0.00000778971298132,0.0000026591801543,0.00000405902983402,0.00000326178565047,9.27808116558e-7,0.00000100528598068,0.00000257275587501,0.00000158116347393,0.00000374566116079,6.8900919814e-7,2.5583173624e-7,1.9902689985e-7,5.196325219e-7,2.20794831307e-7,1.46688634572e-7,1.51799159909e-8,1.93713400876e-9,6.9650454293e-9,2.90477331077e-9,2.4945465138e-10,1.90202770201e-10,1.73616654907e-12],"dvar2":[3.35644290139e-9,0.000116392104246,0.000069459543738,0.00000141079920013,0.00000281437178273,0.0000226928641496,0.00000692646653988,0.0000096405738077,0.0000074236772889,0.00000193495725398,0.00000253876737588,0.00000651799155094,0.00000357145290764,0.00000894638651516,0.00000151369545165,5.75807803216e-7,5.17457294791e-7,0.00000118558864415,5.39224515705e-7,3.40072972449e-7,3.7336914005e-8,4.9072492736e-9,1.38989149079e-8,5.40591837961e-9,5.21156839906e-10,3.70707353703e-10,3.7718526219e-12],"max":[0.00056969653815,0.0631998330355,0.0643733814359,0.0079494882375,0.0103499721736,0.0333239361644,0.0301742497832,0.035256549716,0.0304038058966,0.0256513338536,0.0108735738322,0.0222958195955,0.0199187472463,0.04520765692,0.020426934585,0.00979984272271,0.0068811615929,0.0112261883914,0.00897487066686,0.00635351147503,0.00231005600654,0.000664526247419,0.00180545821786,0.00144745956641,0.00038080723607,0.00026230677031,0.0000372540998796],"mean":[0.0000182444873644,0.00517341867089,0.00568186771125,0.000752331921831,0.0012423453154,0.00252988003194,0.00103774049785,0.00168637884781,0.00186768779531,0.000976787297986,0.000999433686957,0.00216589821503,0.00109565455932,0.00123443943448,0.000964136270341,0.000628778594546,0.000829325348604,0.00101323681884,0.000786840275396,0.000458084483398,0.000126330487547,0.0000538513013453,0.0000653361857985,0.0000365273590432,0.000011965316844,0.00000883209213498,5.11352425292e-7],"median":[0.00000443466433353,0.00179490784649,0.0045492281206,0.000454631401226,0.000925057101995,0.00141501403414,0.000614587217569,0.000934767711442,0.00100757577457,0.000620929058641,0.000585795147344,0.00141967763193,0.000630332448054,0.000508944503963,0.000632290611975,0.000483233859995,0.00066148780752,0.000632042763755,0.000587456801441,0.000256694213022,0.0000765295699239,0.0000359400437446,0.0000226221782214,0.0000133699959406,0.00000479581649415,0.00000248782725976,9.50810346012e-8],"min":[1.98041274114e-23,2.11954792552e-23,9.10588217126e-24,1.13088874785e-23,1.24727294707e-23,2.74570232474e-23,5.48643529909e-24,2.31590944656e-23,3.67791156267e-23,2.76753578578e-23,6.69059060791e-23,9.38466167086e-23,6.79530589774e-23,9.506564031e-23,1.58785797888e-22,1.02014305816e-22,9.5986316717e-23,1.97180150394e-22,2.63226778688e-22,2.63619896476e-22,2.32879135581e-22,4.75715791001e-22,5.67354720513e-22,6.5779473291e-22,1.35250442014e-21,1.5144396663e-21,2.49768276482e-21],"var":[1.50985124403e-9,0.0000852865923662,0.0000346354681824,7.30319243303e-7,0.0000012856955891,0.0000093319977168,0.00000292718527817,0.00000634944717604,0.00000713790450391,0.0000016713529476,0.0000014570393887,0.00000568343830309,0.00000276038053926,0.00000582510347158,0.00000139376766128,4.26335873271e-7,3.98061388296e-7,0.0000012429201206,4.85702969399e-7,3.17554480489e-7,2.71129572127e-8,3.55926754736e-9,1.93666522819e-8,8.35616020822e-9,6.51961595821e-10,4.47802600556e-10,2.83056434194e-12]},"barkbands_crest":{"dmean":2.50968122482,"dmean2":4.03793287277,"dvar":4.7706952095,"dvar2":11.8831863403,"max":20.8466796875,"mean":8.08194446564,"median":7.42189788818,"min":2.79599070549,"var":10.1487140656},"barkbands_flatness_db":{"dmean":0.0175095517188,"dmean2":0.0272597558796,"dvar":0.000269124575425,"dvar2":0.000647360517178,"max":0.246589124203,"mean":0.124876782298,"median":0.121946804225,"min":0.0366039946675,"var":0.000952555506956},"barkbands_kurtosis":{"dmean":0.906010210514,"dmean2":1.45924389362,"dvar":1.7293651104,"dvar2":4.26556158066,"max":18.996049881,"mean":0.0394536033273,"median":-0.474713206291,"min":-1.6889154911,"var":3.14035558701},"barkbands_skewness":{"dmean":0.389417618513,"dmean2":0.602542102337,"dvar":0.121571093798,"dvar2":0.280132800341,"max":4.0589632988,"mean":0.592773735523,"median":0.608436405659,"min":-3.2022600174,"var":0.589842319489},"barkbands_spread":{"dmean":4.70763444901,"dmean2":7.39631795883,"dvar":16.2127742767,"dvar2":39.3232765198,"max":123.416244507,"mean":26.4820270538,"median":25.9609413147,"min":7.92428970337,"var":82.4964904785},"dissonance":{"dmean":0.0122332777828,"dmean2":0.0207456424832,"dvar":0.000115676411951,"dvar2":0.000325798580889,"max":0.499993741512,"mean":0.480820804834,"median":0.483267605305,"min":0.397583335638,"var":0.000175623761606},"dynamic_complexity":2.02809691429,"erbbands":{"dmean":[0.0701583921909,1.02666604519,3.8865377903,2.34822487831,2.53100466728,3.03619790077,6.48515033722,19.1560306549,10.6246271133,17.4690494537,26.5167179108,22.1728210449,22.2789802551,19.052986145,33.716506958,43.5382804871,30.6674842834,39.5786705017,25.8700447083,21.8597602844,18.4364471436,20.1177177429,25.6544685364,18.7155380249,16.9336166382,12.1825141907,4.11853218079,1.97855949402,0.913042366505,0.802912056446,1.10555696487,0.631124377251,0.175094395876,0.0735876336694,0.0376791357994,0.0234081819654,0.0105599816889,0.00185443041846,0.000044652762881,0.00000988733245322],"dmean2":[0.106770172715,1.62109029293,6.22532320023,3.90495753288,4.38224601746,5.40594959259,11.1773347855,33.6276664734,18.1511440277,29.2090320587,42.5385475159,35.0827636719,34.9955253601,30.8810596466,54.6521377563,70.9033584595,49.5785675049,60.5713348389,41.1479263306,34.3168640137,29.8379039764,32.7933082581,40.7864761353,29.5615024567,26.2927474976,18.3926391602,6.48441076279,3.16640543938,1.45464742184,1.22453927994,1.63026618958,0.933517694473,0.257053613663,0.106923729181,0.0535778962076,0.032988447696,0.0155605180189,0.00279587926343,0.000067090819357,0.000015821056877],"dvar":[0.023039791733,3.4190659523,32.0159454346,11.823718071,11.3630743027,13.3874797821,87.3475875854,904.177124023,454.303985596,1168.98925781,2180.96313477,1438.55834961,1571.91967773,559.937316895,2018.13330078,3048.96142578,3025.96875,8204.2734375,1920.34179688,1764.32727051,509.15057373,528.527709961,1589.77600098,707.106567383,479.984130859,352.141998291,58.7400169373,15.7842340469,2.7630739212,2.07690811157,7.69032716751,3.54851984978,0.207911610603,0.0413713492453,0.011484422721,0.00383566645905,0.000739170296583,0.0000256364328379,1.62248401381e-8,1.33931435387e-10],"dvar2":[0.0514515377581,7.92397785187,84.5496520996,33.34608078,31.4956989288,38.6496696472,239.593139648,2641.76928711,1133.98999023,2929.93969727,4907.28955078,3235.41992188,3432.63745117,1336.65966797,4811.23779297,7642.85546875,6981.00976562,18981.7949219,4516.39892578,3865.91430664,1250.55725098,1338.19934082,3578.24291992,1652.20153809,1133.32287598,791.771850586,143.794952393,39.7678413391,7.08959960938,4.50728082657,15.9852142334,6.60464286804,0.400919884443,0.0857247784734,0.0236104112118,0.00701610324904,0.00161553069483,0.0000542177804164,3.3143681577e-8,3.24946791697e-10],"max":[1.39618647099,15.4976835251,67.6902313232,41.9188537598,39.435836792,38.6952400208,143.739807129,368.480163574,394.352783203,617.57421875,776.335510254,768.161437988,948.86730957,438.735595703,641.619445801,954.765197754,854.841369629,1928.7076416,948.890808105,1013.16607666,382.965423584,409.898895264,705.785705566,597.575134277,331.130065918,291.507568359,144.355712891,94.5756988525,27.3009586334,30.2358875275,62.8750305176,47.1909790039,11.2060890198,3.85331463814,2.60092878342,1.40035009384,0.475207895041,0.0947805345058,0.00355046824552,0.000130220330902],"mean":[0.0849969163537,1.46398246288,6.28701543808,4.12747955322,3.68340468407,4.01327419281,8.85038852692,26.1439495087,14.0317735672,24.4653968811,39.7990455627,38.1812934875,38.7096405029,34.1290626526,59.0256538391,78.2203292847,52.7554779053,68.8305511475,49.4260253906,44.8348312378,36.8711090088,46.6948738098,56.6057662964,42.6820335388,37.1182518005,23.3614616394,8.21006011963,3.82118153572,1.9448851347,1.59946382046,1.98057973385,1.20336043835,0.373052507639,0.154593095183,0.0781644433737,0.0430720746517,0.0149913653731,0.00251120282337,0.0000765193108236,0.0000397774310841],"median":[0.0147706829011,0.645180404186,5.01113986969,3.29503107071,2.34350275993,2.98480987549,5.41232395172,13.797088623,8.92079925537,13.5231781006,21.6618461609,21.2012462616,22.2182159424,25.7110824585,38.8827362061,53.9557723999,32.8479385376,30.9258365631,31.6036071777,30.2310256958,30.5922088623,37.2925109863,36.2458877563,31.3153152466,26.6981582642,13.2249956131,5.19374656677,2.39856815338,1.28957891464,0.853353857994,0.637067675591,0.378099918365,0.162953227758,0.0658209174871,0.0292697325349,0.0132748056203,0.00383962225169,0.000544564274605,0.0000329193535435,0.0000376195748686],"min":[6.33532703614e-22,4.11781131414e-21,9.39670551953e-21,2.43729914556e-20,2.96743354559e-20,6.63765524923e-20,1.75632067063e-19,1.86656859514e-19,1.72752147288e-19,1.72357931102e-19,6.07320606929e-19,9.63084215846e-19,1.03554575449e-18,1.46990573877e-18,3.03278513083e-18,3.74503830305e-18,2.69725875409e-18,3.86215715162e-18,7.46889830087e-18,7.4659874523e-18,5.3644457706e-18,6.05190896025e-18,1.06997814011e-17,1.07551305374e-17,1.21531468363e-17,1.1222054968e-17,9.25060729e-18,1.32427571157e-17,1.81799161234e-17,1.63184024031e-17,1.60883667835e-17,1.31558874349e-17,1.09898910127e-17,1.34166064922e-17,9.43050004808e-18,4.76958793207e-18,3.12396566334e-18,1.28119296062e-18,3.05920367693e-19,3.406366921e-20],"var":[0.0354444943368,5.59456014633,41.2697601318,15.4553871155,15.1233587265,13.82508564,108.577293396,1087.74133301,448.143829346,1554.68115234,4053.04174805,3176.53344727,3220.11669922,1019.92504883,3833.78808594,6797.04785156,4963.55810547,15296.1201172,3540.77709961,3416.09423828,810.421936035,1221.38549805,3759.15917969,1563.90930176,1125.94189453,825.810180664,102.340927124,25.9751796722,4.8874578476,5.0384478569,20.2092342377,10.1862487793,0.636673748493,0.105335131288,0.0297729074955,0.0106571614742,0.00135525839869,0.0000466070669063,3.03508684851e-8,3.71426056578e-10]},"erbbands_crest":{"dmean":2.33750748634,"dmean2":3.8228764534,"dvar":4.75423955917,"dvar2":11.8814468384,"max":26.8514842987,"mean":7.41756868362,"median":6.65385532379,"min":2.7951529026,"var":10.0522756577},"erbbands_flatness_db":{"dmean":0.0138905830681,"dmean2":0.020059755072,"dvar":0.000156062596943,"dvar2":0.000295458856272,"max":0.334301441908,"mean":0.183146134019,"median":0.183211237192,"min":0.0692012235522,"var":0.00134970108047},"erbbands_kurtosis":{"dmean":0.604345858097,"dmean2":0.976733028889,"dvar":0.488825142384,"dvar2":1.25590443611,"max":17.1908512115,"mean":0.011530533433,"median":-0.314072370529,"min":-1.52954351902,"var":1.87669634819},"erbbands_skewness":{"dmean":0.27502900362,"dmean2":0.43767568469,"dvar":0.0499370023608,"dvar2":0.12277918309,"max":1.50868117809,"mean":-0.199145808816,"median":-0.1755900383,"min":-2.75886750221,"var":0.206122651696},"erbbands_spread":{"dmean":5.19811820984,"dmean2":8.12460613251,"dvar":20.5168170929,"dvar2":47.0384521484,"max":73.8709564209,"mean":29.0680618286,"median":28.857629776,"min":5.23338890076,"var":91.0181121826},"gfcc":{"cov":[[15214.5527344,1940.92675781,-265.781677246,-34.1357269287,-12.4346208572,306.38381958,-246.83631897,176.268356323,-188.222244263,-6.74054813385,-155.230743408,118.339385986,-233.992080688],[1940.92675781,1245.13183594,-401.269683838,-44.1948471069,171.754501343,-182.143463135,145.480621338,-103.31893158,92.0845413208,-114.693717957,100.16632843,-47.2133216858,127.932411194],[-265.781677246,-401.269683838,561.385070801,65.8068466187,3.05956172943,156.225723267,-56.0813827515,104.612548828,-33.0368080139,88.4724807739,-52.7868270874,63.2839851379,-59.1645278931],[-34.1357269287,-44.1948471069,65.8068466187,145.901351929,-4.64009571075,26.2788791656,5.72404003143,14.0105228424,14.035200119,20.7143058777,12.5889854431,-9.61056232452,3.39554262161],[-12.4346208572,171.754501343,3.05956172943,-4.64009571075,180.826507568,37.7602920532,49.2345542908,4.20712518692,26.3260974884,-0.417042553425,21.6594562531,4.04110097885,11.0569801331],[306.38381958,-182.143463135,156.225723267,26.2788791656,37.7602920532,190.838867188,-12.5083303452,54.611289978,-21.0896835327,23.290014267,-18.6884155273,19.9139060974,-46.8322486877],[-246.83631897,145.480621338,-56.0813827515,5.72404003143,49.2345542908,-12.5083303452,118.161132812,-2.57503414154,30.1055088043,-21.8872394562,30.2665157318,-7.0758395195,27.2598934174],[176.268356323,-103.31893158,104.612548828,14.0105228424,4.20712518692,54.611289978,-2.57503414154,92.1734313965,-0.751075148582,17.4854660034,-28.438337326,-0.393513649702,-28.4421043396],[-188.222244263,92.0845413208,-33.0368080139,14.035200119,26.3260974884,-21.0896835327,30.1055088043,-0.751075148582,95.9055938721,7.23519945145,27.3819007874,-8.74188041687,21.0506248474],[-6.74054813385,-114.693717957,88.4724807739,20.7143058777,-0.417042553425,23.290014267,-21.8872394562,17.4854660034,7.23519945145,86.0608520508,11.8813638687,12.1163263321,-23.4705696106],[-155.230743408,100.16632843,-52.7868270874,12.5889854431,21.6594562531,-18.6884155273,30.2665157318,-28.438337326,27.3819007874,11.8813638687,76.0401382446,8.83780097961,20.7883663177],[118.339385986,-47.2133216858,63.2839851379,-9.61056232452,4.04110097885,19.9139060974,-7.0758395195,-0.393513649702,-8.74188041687,12.1163263321,8.83780097961,70.2596206665,9.73408412933],[-233.992080688,127.932411194,-59.1645278931,3.39554262161,11.0569801331,-46.8322486877,27.2598934174,-28.4421043396,21.0506248474,-23.4705696106,20.7883663177,9.73408412933,91.7663192749]],"icov":[[0.000388395827031,-0.00151527696289,0.000601443869527,-0.000467955629574,0.00113578594755,-0.00142364343628,0.00110830634367,-0.00110203982331,0.000688666070346,-0.00123177177738,0.00155516096856,-0.00191936187912,0.0013519882923],[-0.00151527696289,0.00755087425932,-0.00193511042744,0.00190514989663,-0.00589607190341,0.00651071919128,-0.00467190658674,0.00438993284479,-0.0030327248387,0.0061069233343,-0.00708973919973,0.007957466878,-0.00590745219961],[0.000601443869527,-0.00193511042744,0.00469542015344,-0.00200612726621,0.00125743274111,-0.00327359652147,0.00200522970408,-0.00369001948275,0.00133202888537,-0.00405580317602,0.00428382353857,-0.00574028724805,0.00206692167558],[-0.000467955629574,0.00190514989663,-0.00200612726621,0.00893684756011,-0.000432341155829,0.000567221781239,-0.0017546658637,0.00114297238179,-0.00154655822553,0.000593738339376,-0.00419865129516,0.00549335824326,-0.00338118034415],[0.00113578594755,-0.00589607190341,0.00125743274111,-0.000432341155829,0.0116544170305,-0.00713635608554,0.0010291117942,-0.00294006871991,0.00101674918551,-0.00498523237184,0.00449780188501,-0.00572773441672,0.00375977205113],[-0.00142364343628,0.00651071919128,-0.00327359652147,0.000567221781239,-0.00713635608554,0.0143874334171,-0.00397629896179,0.00144578050822,-0.00145045667887,0.00621974188834,-0.00666725449264,0.00562552409247,-0.00216950243339],[0.00110830634367,-0.00467190658674,0.00200522970408,-0.0017546658637,0.0010291117942,-0.00397629896179,0.0154873961583,-0.00575415743515,0.000546602765098,-0.000363686122,0.000267268682364,-0.00468936795369,0.00237805163488],[-0.00110203982331,0.00438993284479,-0.00369001948275,0.00114297238179,-0.00294006871991,0.00144578050822,-0.00575415743515,0.020476212725,-0.00423719035462,0.00201211031526,0.00125054817181,0.00678749894723,-0.0017203137977],[0.000688666070346,-0.0030327248387,0.00133202888537,-0.00154655822553,0.00101674918551,-0.00145045667887,0.000546602765098,-0.00423719035462,0.0148163279518,-0.00447887880728,-0.00039186005597,-0.0015982768964,0.000275594531558],[-0.00123177177738,0.0061069233343,-0.00405580317602,0.000593738339376,-0.00498523237184,0.00621974188834,-0.000363686122,0.00201211031526,-0.00447887880728,0.0224678721279,-0.0119293890893,0.00560510298237,-0.000903122592717],[0.00155516096856,-0.00708973919973,0.00428382353857,-0.00419865129516,0.00449780188501,-0.00666725449264,0.000267268682364,0.00125054817181,-0.00039186005597,-0.0119293890893,0.028875598684,-0.0124609014019,0.00494948495179],[-0.00191936187912,0.007957466878,-0.00574028724805,0.00549335824326,-0.00572773441672,0.00562552409247,-0.00468936795369,0.00678749894723,-0.0015982768964,0.00560510298237,-0.0124609014019,0.0290013048798,-0.011287339963],[0.0013519882923,-0.00590745219961,0.00206692167558,-0.00338118034415,0.00375977205113,-0.00216950243339,0.00237805163488,-0.0017203137977,0.000275594531558,-0.000903122592717,0.00494948495179,-0.011287339963,0.0210200361907]],"mean":[6.45253705978,113.380836487,-155.827438354,33.0792121887,-44.5835151672,5.20743227005,-26.6502761841,10.6628732681,-23.0715274811,-1.71681010723,-8.2735786438,-3.4840927124,-15.4565114975]},"hfc":{"dmean":5.28877305984,"dmean2":7.92682647705,"dvar":30.8366298676,"dvar2":69.5321960449,"max":92.1616821289,"mean":27.3577308655,"median":25.3473682404,"min":1.20087685815e-16,"var":173.972473145},"melbands":{"dmean":[0.000862942484673,0.00174071616493,0.000407923449529,0.00020476206555,0.000200512891752,0.00039387634024,0.000162146156072,0.000199631715077,0.000215533364099,0.000146884282003,0.00011363770318,0.0000790619524196,0.00011178724526,0.000147942773765,0.0000830211138236,0.0000739838505979,0.0000793851286289,0.0000458455069747,0.0000398120791942,0.0000260504548351,0.0000242340720433,0.0000226145930355,0.0000254022979789,0.0000243430404225,0.0000160063773365,0.000015509333025,0.0000101157120298,0.00000858109797264,0.00000305489811581,0.00000177282743152,0.00000108609310701,5.89413559737e-7,4.50236285587e-7,4.83658141093e-7,6.82040479205e-7,6.01059866767e-7,3.33374970296e-7,1.41218720273e-7,7.38751921858e-8,6.23834992552e-8],"dmean2":[0.00130710215308,0.00280842953362,0.000676433322951,0.000357964599971,0.000348454283085,0.000689481094014,0.000276140868664,0.000331406597979,0.000342796760378,0.00023444998078,0.000178970163688,0.000127752718981,0.000181321665877,0.000240676192334,0.000133127410663,0.00011920077668,0.00012201955542,0.000073607552622,0.000063102626882,0.0000417875453422,0.0000395391543861,0.0000375434319722,0.0000405590399168,0.0000387070613215,0.0000257296760537,0.0000245901410381,0.0000160065355885,0.0000132186514747,0.00000491185346618,0.00000285578448711,0.00000175854211193,9.5486450391e-7,7.19440663488e-7,7.43618102206e-7,0.00000101740124592,8.92217428827e-7,4.99826342093e-7,2.12662470744e-7,1.09625794664e-7,9.38713284881e-8],"dvar":[0.00000295579343401,0.00000665378729536,2.89107646267e-7,6.17467676989e-8,7.79434898845e-8,3.77983781163e-7,9.71878293399e-8,1.40343047406e-7,1.49181246911e-7,5.98576619382e-8,3.95764132577e-8,9.80480230339e-9,2.17666933366e-8,4.21273256279e-8,1.57337254336e-8,1.92114768538e-8,3.84841314371e-8,8.71207639364e-9,4.80610307108e-9,2.10659356625e-9,8.98204788324e-10,7.25439153193e-10,1.17273046829e-9,1.52051971014e-9,5.43832923139e-10,4.00031230363e-10,2.7722105167e-10,1.91140908656e-10,3.95080669569e-11,1.15409643647e-11,4.99945571053e-12,1.29819180579e-12,5.45803528242e-13,9.23240650597e-13,2.92263869356e-12,2.64469891299e-12,1.12123429031e-12,1.36041853238e-13,2.91229476786e-14,3.19385461817e-14],"dvar2":[0.00000644651572657,0.0000172312393261,8.11477775642e-7,1.73307014961e-7,2.16774395767e-7,0.0000011027174196,2.45036574142e-7,3.48523570892e-7,3.17621072554e-7,1.38392778126e-7,8.60399609337e-8,2.30855352612e-8,5.38387645577e-8,1.05889505164e-7,3.62558942868e-8,4.50777086769e-8,8.93952645242e-8,2.14762003736e-8,1.06004165445e-8,4.45955894435e-9,2.28150454085e-9,1.89080862079e-9,2.6450741597e-9,3.54386631152e-9,1.31398003589e-9,9.42523059599e-10,6.61942833879e-10,4.43499625913e-10,9.63660609643e-11,2.87661301029e-11,1.29793242126e-11,3.42497146096e-12,1.33397047748e-12,1.95456368104e-12,6.3153263001e-12,5.15450529481e-12,2.23928557988e-12,2.82552328973e-13,5.78995605258e-14,6.98291386736e-14],"max":[0.0162077099085,0.029247418046,0.00648932065815,0.00259638600983,0.00424069678411,0.00744514120743,0.00576082617044,0.00635247537866,0.00697423657402,0.00463070813566,0.00479572685435,0.00198293337598,0.0016407034127,0.00290936673991,0.00220179650933,0.00269254576415,0.00454657850787,0.00213354546577,0.00217141676694,0.00100872595794,0.00056862225756,0.000534188584425,0.000512239465024,0.000721092859749,0.000558283471037,0.000243436123128,0.000304515706375,0.000236642721575,0.000135128313559,0.0000580193845963,0.0000478011461382,0.0000219097655645,0.0000101506775536,0.0000235754941968,0.0000380226774723,0.0000308287344524,0.0000294959154417,0.00000918184923648,0.00000295858285426,0.00000329897602569],"mean":[0.00113964616321,0.00286739924923,0.000753873144276,0.000282698340015,0.00028391048545,0.000543110596482,0.000212099126657,0.000281850807369,0.000324776716297,0.000247300835326,0.000191836399608,0.000133823792567,0.000173582360731,0.000251096556894,0.000138144285302,0.000118117233797,0.000127889739815,0.0000771893028286,0.0000712469554855,0.0000477499816043,0.0000429125539085,0.0000470389350085,0.000052369923651,0.0000481790812046,0.0000322805135511,0.0000313965902023,0.0000193286869035,0.0000148271237776,0.00000531780733581,0.00000317042486131,0.00000190863124772,0.00000114173894872,8.68577785695e-7,8.84909866272e-7,0.00000116458420507,0.00000105133676698,6.14738723925e-7,2.76122221976e-7,1.57009381496e-7,1.18414334338e-7],"median":[0.000303195469314,0.00218087201938,0.000662134843878,0.000205948323128,0.000185913013411,0.000289850810077,0.000134000467369,0.000159002753207,0.000172081025084,0.000133265537443,0.000108674750663,0.000097190233646,0.000107471969386,0.000146241800394,0.0000908629735932,0.0000621763028903,0.0000523553571838,0.0000458083522972,0.0000450026636827,0.0000345111475326,0.00003479071529,0.0000378223048756,0.0000327896414092,0.0000308789094561,0.0000232731836149,0.0000219543653657,0.0000116117607831,0.00000801118494564,0.00000323032645611,0.00000182883525213,0.00000115829186598,7.45013323922e-7,5.30014972355e-7,4.11626217556e-7,3.7154114807e-7,2.91283072329e-7,1.94628583472e-7,1.1739683714e-7,7.29127833665e-8,4.53893704844e-8],"min":[6.815106622e-24,5.14272584167e-24,4.88502312773e-24,2.99439234227e-24,5.02562417345e-24,4.35836775449e-24,2.53716816718e-24,2.3114285194e-24,5.55136407361e-24,5.26624094904e-24,5.13253573093e-24,5.29234672298e-24,9.0014006998e-24,1.08461976806e-23,6.10812159013e-24,7.16942428644e-24,6.60704929142e-24,1.23478953879e-23,1.12022279621e-23,9.0863791631e-24,5.68943327026e-24,6.14716941608e-24,3.83847449693e-24,7.64080102061e-24,8.79020922484e-24,9.25243201706e-24,6.87954235846e-24,5.67164800672e-24,5.7708180777e-24,5.01048435496e-24,8.37730128325e-24,1.03829596244e-23,8.95577298504e-24,9.12922456544e-24,8.51867541265e-24,1.04950717474e-23,6.80630372316e-24,7.38941866025e-24,8.54530735681e-24,1.1199188481e-23],"var":[0.00000504870376972,0.00000924591768126,3.85972811046e-7,7.17701027497e-8,9.69487530256e-8,4.53956090496e-7,9.99937128654e-8,1.90781420883e-7,3.08805113036e-7,1.30384691488e-7,8.12877232192e-8,1.82282491323e-8,3.51110465147e-8,9.28545276224e-8,2.77692961959e-8,3.6409467441e-8,6.53621370361e-8,1.26848460624e-8,8.9725844532e-9,3.86514020789e-9,1.25098997827e-9,1.3132418486e-9,3.15630099834e-9,3.0452922406e-9,1.04984410054e-9,8.75352845764e-10,5.51445222818e-10,3.81441572772e-10,5.74681691123e-11,1.85359592259e-11,7.47084685782e-12,1.96440346628e-12,1.04445065877e-12,2.07618536079e-12,6.86037207945e-12,7.55989021384e-12,2.87114169245e-12,3.73497646656e-13,8.60738617967e-14,7.0978921525e-14]},"melbands_crest":{"dmean":3.77580595016,"dmean2":6.16213130951,"dvar":9.30879116058,"dvar2":24.5282096863,"max":27.3961105347,"mean":13.1622247696,"median":12.834072113,"min":2.05934000015,"var":22.9419364929},"melbands_flatness_db":{"dmean":0.0232172161341,"dmean2":0.0357421077788,"dvar":0.000496961758472,"dvar2":0.00114559254143,"max":0.331106156111,"mean":0.170882478356,"median":0.168916195631,"min":0.00554175814614,"var":0.0018962364411},"melbands_kurtosis":{"dmean":2.44829177856,"dmean2":3.87049007416,"dvar":14.0450773239,"dvar2":34.0034255981,"max":59.8991889954,"mean":3.20063376427,"median":1.85733437538,"min":-1.71342909336,"var":24.8422355652},"melbands_skewness":{"dmean":0.513973176479,"dmean2":0.797613978386,"dvar":0.242406383157,"dvar2":0.559030950069,"max":6.82719898224,"mean":1.52446746826,"median":1.46714735031,"min":-1.59425854683,"var":0.943024814129},"melbands_spread":{"dmean":7.60761451721,"dmean2":11.7957868576,"dvar":43.3653640747,"dvar2":99.9116973877,"max":174.300079346,"mean":34.9606018066,"median":32.5060844421,"min":5.07216453552,"var":293.102844238},"mfcc":{"cov":[[7469.06152344,1390.6854248,-128.86869812,121.037902832,131.927886963,149.208251953,41.6163520813,204.011856079,-74.2423553467,136.576248169,-14.488202095,89.0501022339,25.8121147156],[1390.6854248,1110.7265625,-408.056640625,162.771469116,-26.3344841003,10.0527238846,17.8405265808,37.6229095459,25.7898197174,-48.1018333435,8.07262611389,15.54945755,42.0245933533],[-128.86869812,-408.056640625,464.240112305,-30.3749046326,71.5332946777,19.9488525391,13.9446144104,8.00119876862,10.3490352631,47.2675437927,-23.0161552429,24.9519023895,9.62312030792],[121.037902832,162.771469116,-30.3749046326,153.801422119,-11.3015756607,-0.599307775497,0.298197478056,-9.07876491547,8.83287525177,10.1260023117,-3.46453690529,3.78038787842,30.8615722656],[131.927886963,-26.3344841003,71.5332946777,-11.3015756607,139.641571045,44.5911598206,24.3456287384,19.0327339172,14.1179790497,22.9102210999,18.0629673004,12.5439176559,-3.65720820427],[149.208251953,10.0527238846,19.9488525391,-0.599307775497,44.5911598206,99.9239654541,29.4558486938,22.9518527985,-5.46839380264,9.76095485687,18.0208301544,19.1033191681,6.6468205452],[41.6163520813,17.8405265808,13.9446144104,0.298197478056,24.3456287384,29.4558486938,98.8268814087,26.2443561554,10.3302965164,-5.45238828659,16.4167022705,9.56454849243,-4.66580724716],[204.011856079,37.6229095459,8.00119876862,-9.07876491547,19.0327339172,22.9518527985,26.2443561554,99.4159545898,15.041308403,15.339594841,4.01214170456,-0.217599332333,-1.71324360371],[-74.2423553467,25.7898197174,10.3490352631,8.83287525177,14.1179790497,-5.46839380264,10.3302965164,15.041308403,76.4799728394,7.70544099808,-9.25616550446,-2.98256063461,-0.252799093723],[136.576248169,-48.1018333435,47.2675437927,10.1260023117,22.9102210999,9.76095485687,-5.45238828659,15.339594841,7.70544099808,85.1131820679,23.9948749542,9.99770641327,-0.605490088463],[-14.488202095,8.07262611389,-23.0161552429,-3.46453690529,18.0629673004,18.0208301544,16.4167022705,4.01214170456,-9.25616550446,23.9948749542,79.3130874634,20.3938865662,-5.67850112915],[89.0501022339,15.54945755,24.9519023895,3.78038787842,12.5439176559,19.1033191681,9.56454849243,-0.217599332333,-2.98256063461,9.99770641327,20.3938865662,54.4192199707,15.5820474625],[25.8121147156,42.0245933533,9.62312030792,30.8615722656,-3.65720820427,6.6468205452,-4.66580724716,-1.71324360371,-0.252799093723,-0.605490088463,-5.67850112915,15.5820474625,57.6122932434]],"icov":[[0.00024077402486,-0.00045144330943,-0.000218067449168,0.000195603817701,-0.000096367803053,-0.000138421848533,0.0000117811896416,-0.000244324211963,0.000550510769244,-0.000598224869464,0.000411646993598,-0.000195532789803,0.00024619710166],[-0.00045144330943,0.00266817887314,0.00203967629932,-0.00195505539887,-0.00033752201125,0.000308522838168,-0.000110538079753,-0.000462342781248,-0.00145694660023,0.00178857217543,-0.000351505121216,-0.000852476223372,-0.000908823043574],[-0.000218067449168,0.00203967629932,0.0044232327491,-0.000832258898299,-0.00161330949049,0.000365285202861,-0.000696905248333,-0.000235557381529,-0.000702870660461,-0.000733432301786,0.00206475169398,-0.00219207606278,-0.00110552262049],[0.000195603817701,-0.00195505539887,-0.000832258898299,0.00936679076403,0.000801211223006,-0.000239354834775,-0.000807995384093,0.00176545057911,-0.000106697989395,-0.00298410886899,0.000599306426011,0.00143377576023,-0.00383510976098],[-0.000096367803053,-0.00033752201125,-0.00161330949049,0.000801211223006,0.00987272709608,-0.00360584934242,-0.000645106309094,0.000169796505361,-0.00197427487001,-0.000936912023462,-0.00174878665712,0.000535580737051,0.000789463636465],[-0.000138421848533,0.000308522838168,0.000365285202861,-0.000239354834775,-0.00360584934242,0.0138146867976,-0.0025904676877,-0.00201331125572,0.00190091307741,0.000193262516405,-0.00087912986055,-0.00275003863499,-0.00152070401236],[0.0000117811896416,-0.000110538079753,-0.000696905248333,-0.000807995384093,-0.000645106309094,-0.0025904676877,0.0129251815379,-0.00279181846417,-0.0017333276337,0.00328950001858,-0.00282622571103,-0.0010119790677,0.00186834449414],[-0.000244324211963,-0.000462342781248,-0.000235557381529,0.00176545057911,0.000169796505361,-0.00201331125572,-0.00279181846417,0.0127688320354,-0.00221687974408,-0.00236103613861,0.000219066860154,0.00214461865835,-0.000655970245134],[0.000550510769244,-0.00145694660023,-0.000702870660461,-0.000106697989395,-0.00197427487001,0.00190091307741,-0.0017333276337,-0.00221687974408,0.0161064621061,-0.00310825067572,0.00345089123584,-0.000157091431902,0.000860354746692],[-0.000598224869464,0.00178857217543,-0.000733432301786,-0.00298410886899,-0.000936912023462,0.000193262516405,0.00328950001858,-0.00236103613861,-0.00310825067572,0.0175335370004,-0.00653093494475,-0.000504406751134,0.000462159950985],[0.000411646993598,-0.000351505121216,0.00206475169398,0.000599306426011,-0.00174878665712,-0.00087912986055,-0.00282622571103,0.000219066860154,0.00345089123584,-0.00653093494475,0.0188563577831,-0.00683980528265,0.00282908207737],[-0.000195532789803,-0.000852476223372,-0.00219207606278,0.00143377576023,0.000535580737051,-0.00275003863499,-0.0010119790677,0.00214461865835,-0.000157091431902,-0.000504406751134,-0.00683980528265,0.0255072358996,-0.0069383024238],[0.00024619710166,-0.000908823043574,-0.00110552262049,-0.00383510976098,0.000789463636465,-0.00152070401236,0.00186834449414,-0.000655970245134,0.000860354746692,0.000462159950985,0.00282908207737,-0.0069383024238,0.0226704739034]],"mean":[-617.504760742,138.121810913,-41.5705032349,29.5517292023,-0.217625871301,1.37448310852,6.05262804031,9.39509105682,-6.32272529602,5.72117233276,-0.920192718506,3.43059396744,0.649920940399]},"pitch_salience":{"dmean":0.0755842924118,"dmean2":0.124167069793,"dvar":0.00440844800323,"dvar2":0.0114018088207,"max":0.914234220982,"mean":0.570846259594,"median":0.57712906599,"min":0.203516304493,"var":0.0098679503426},"silence_rate_20dB":{"dmean":0,"dmean2":0,"dvar":0,"dvar2":0,"max":1,"mean":1,"median":1,"min":1,"var":0},"silence_rate_30dB":{"dmean":0.000623635773081,"dmean2":0.00124766060617,"dvar":0.000623229891062,"dvar2":0.00186986592598,"max":1,"mean":0.999688267708,"median":1,"min":0,"var":0.000311635492835},"silence_rate_60dB":{"dmean":0.000623635773081,"dmean2":0.00093574548373,"dvar":0.000623271160293,"dvar2":0.000934871146455,"max":1,"mean":0.029925186187,"median":0,"min":0,"var":0.0290296673775},"spectral_centroid":{"dmean":237.156936646,"dmean2":360.064758301,"dvar":80027.53125,"dvar2":130535.265625,"max":11025.4443359,"mean":1813.14941406,"median":1743.04345703,"min":767.731811523,"var":270597.0625},"spectral_complexity":{"dmean":4.07733106613,"dmean2":6.46787261963,"dvar":11.9510250092,"dvar2":28.3032684326,"max":56,"mean":32.9239387512,"median":34,"min":0,"var":68.7560348511},"spectral_contrast_coeffs":{"dmean":[0.0508383847773,0.055944044143,0.040819298476,0.0305464882404,0.0245532803237,0.0185535810888],"dmean2":[0.0843611434102,0.0940410718322,0.0667595416307,0.0500421449542,0.0395504198968,0.0292924549431],"dvar":[0.0016017582966,0.00188048381824,0.000975308532361,0.000543208501767,0.000365069659892,0.00026336958399],"dvar2":[0.00432291487232,0.00542843854055,0.00264662061818,0.00142762891483,0.000919024867471,0.000603070599027],"max":[-0.420003294945,-0.464213073254,-0.56090337038,-0.61161673069,-0.628479003906,-0.585430562496],"mean":[-0.639680922031,-0.750784099102,-0.76865619421,-0.789567470551,-0.765906155109,-0.728669583797],"median":[-0.632823824883,-0.75455892086,-0.772336125374,-0.792053461075,-0.767179131508,-0.729649364948],"min":[-0.969363033772,-0.971681177616,-0.962122857571,-0.961776554585,-0.960662603378,-0.962377429008],"var":[0.00448108557612,0.00433575129136,0.00325877964497,0.00183917873073,0.00141778029501,0.00138218782376]},"spectral_contrast_valleys":{"dmean":[0.439840078354,0.379182428122,0.296426206827,0.250257819891,0.211080789566,0.241892620921],"dmean2":[0.723728716373,0.630542576313,0.482940047979,0.401684820652,0.329944819212,0.32859992981],"dvar":[0.18962161243,0.221632957458,0.195884048939,0.176495090127,0.167666688561,0.124494105577],"dvar2":[0.349128752947,0.346875041723,0.26694226265,0.214945942163,0.192035719752,0.153374433517],"max":[-5.49408626556,-4.41892242432,-5.4231967926,-5.68987417221,-5.71872138977,-8.4765996933],"mean":[-7.46425199509,-6.39531803131,-6.6912612915,-6.92580318451,-6.92067146301,-10.7314128876],"median":[-7.25855064392,-6.19433832169,-6.47336101532,-6.72265434265,-6.75648212433,-10.516875267],"min":[-27.0858802795,-27.0742778778,-27.4316825867,-27.4534797668,-27.4106636047,-27.2904644012],"var":[2.22658634186,1.93373191357,1.91577601433,1.69341397285,1.36503767967,1.39336550236]},"spectral_decrease":{"dmean":2.16030926481e-9,"dmean2":3.49041062719e-9,"dvar":7.1765553016e-18,"dvar2":1.75168481444e-17,"max":1.09466559884e-28,"mean":-7.6742612265e-9,"median":-7.05409419766e-9,"min":-3.04103267013e-8,"var":1.65215298374e-17},"spectral_energy":{"dmean":0.00842113234103,"dmean2":0.013586750254,"dvar":0.000105536288174,"dvar2":0.000257728708675,"max":0.117033585906,"mean":0.0314458347857,"median":0.0291677955538,"min":1.04791521304e-20,"var":0.000256560218986},"spectral_energyband_high":{"dmean":0.000229702418437,"dmean2":0.000348160916474,"dvar":1.28758600226e-7,"dvar2":2.98346463978e-7,"max":0.0058513940312,"mean":0.000519846973475,"median":0.00033578730654,"min":7.59909987678e-21,"var":3.08595929255e-7},"spectral_energyband_low":{"dmean":0.00650902604684,"dmean2":0.0103634111583,"dvar":0.0000950984613155,"dvar2":0.000230388875934,"max":0.105631716549,"mean":0.0112735889852,"median":0.00785297900438,"min":4.20206451134e-23,"var":0.000158781491336},"spectral_energyband_middle_high":{"dmean":0.00263089034706,"dmean2":0.00400615110993,"dvar":0.00000779549736762,"dvar2":0.0000178794834937,"max":0.0546092167497,"mean":0.0107794534415,"median":0.00909711886197,"min":1.56652558966e-21,"var":0.0000390885325032},"spectral_energyband_middle_low":{"dmean":0.00381267932244,"dmean2":0.00635922932997,"dvar":0.0000215637246583,"dvar2":0.0000583839319006,"max":0.0647813975811,"mean":0.00941205304116,"median":0.00799438357353,"min":1.59184103225e-22,"var":0.0000371175410692},"spectral_entropy":{"dmean":0.0897091254592,"dmean2":0.135511666536,"dvar":0.00750558776781,"dvar2":0.0150132169947,"max":9.80372238159,"mean":7.66278409958,"median":7.63411712646,"min":7.18768882751,"var":0.0366299897432},"spectral_flux":{"dmean":0.0198302399367,"dmean2":0.0315610431135,"dvar":0.000396828138037,"dvar2":0.000998454983346,"max":0.268424987793,"mean":0.101456865668,"median":0.0990480855107,"min":1.02367732346e-10,"var":0.00124715827405},"spectral_kurtosis":{"dmean":2.10788655281,"dmean2":3.72241139412,"dvar":3.95094561577,"dvar2":11.9615402222,"max":22.1320114136,"mean":5.29436779022,"median":4.92904949188,"min":-1.20164275169,"var":5.62448835373},"spectral_rms":{"dmean":0.000692454108503,"dmean2":0.00110552250408,"dvar":5.28495945673e-7,"dvar2":0.00000127104954117,"max":0.0106854625046,"mean":0.00532169174403,"median":0.00533445272595,"min":3.19743081838e-12,"var":0.00000235841889662},"spectral_rolloff":{"dmean":448.236694336,"dmean2":710.220275879,"dvar":274390.40625,"dvar2":488026,"max":18970.7519531,"mean":1978.06933594,"median":1765.72265625,"min":129.19921875,"var":2295921.5},"spectral_skewness":{"dmean":0.229913517833,"dmean2":0.390305101871,"dvar":0.0390896312892,"dvar2":0.11376748234,"max":2.4935002327,"mean":1.31150734425,"median":1.31067085266,"min":-0.00759540917352,"var":0.0826115682721},"spectral_spread":{"dmean":281573.25,"dmean2":397290.75,"dvar":826218381312,"dvar2":900484890624,"max":39997700,"mean":3003486.5,"median":2806059,"min":1620747.5,"var":1709240352770},"spectral_strongpeak":{"dmean":0.631127536297,"dmean2":1.08328604698,"dvar":1.016669631,"dvar2":2.51560211182,"max":10.8390264511,"mean":0.920529127121,"median":0.447058022022,"min":0,"var":1.3100117445},"zerocrossingrate":{"dmean":0.00757559156045,"dmean2":0.00885211583227,"dvar":0.000078892109741,"dvar2":0.0000835868704598,"max":0.68310546875,"mean":0.0672628730536,"median":0.060546875,"min":0.013671875,"var":0.00281007029116}},"metadata":{"audio_properties":{"analysis_sample_rate":44100,"bit_rate":320000,"codec":"mp3","downmix":"mix","equal_loudness":0,"length":74.4479827881,"lossless":false,"md5_encoded":"c6529b53bbdb82367a8d30bc8be5733c","replay_gain":-11.4210453033,"sample_rate":48000},"tags":{"album":["What The..."],"albumartist":["Black Flag"],"artist":["Black Flag"],"date":["2013"],"discnumber":["1"],"file_name":"1996653.mp3","genre":["Punk"],"language":["eng"],"musicbrainz_recordingid":["81161a0d-fa88-4a14-895e-bf8d96a00979"],"title":["You Gotta Be Joking"],"totaldiscs":["1"],"tracknumber":["21"]},"version":{"essentia":"2.1-beta2","essentia_build_sha":"70f2e5ece6736b2c40cc944ad0e695b16b925413","essentia_git_sha":"v2.1_beta2","extractor":"music 1.0"}},"rhythm":{"beats_count":140,"beats_loudness":{"dmean":0.024619653821,"dmean2":0.0465130247176,"dvar":0.000393280904973,"dvar2":0.00128767429851,"max":0.110942937434,"mean":0.0430632159114,"median":0.0394014939666,"min":1.67748548385e-9,"var":0.000486090022605},"beats_loudness_band_ratio":{"dmean":[0.366166800261,0.148683413863,0.149932250381,0.107998467982,0.0970197170973,0.0595605820417],"dmean2":[0.725917756557,0.289933383465,0.293681532145,0.198590159416,0.183429956436,0.1147236377],"dvar":[0.0409605465829,0.0134614771232,0.0149882184342,0.00769458292052,0.00765500310808,0.00478588463739],"dvar2":[0.135396033525,0.0465663038194,0.0498375631869,0.0230521019548,0.0227546356618,0.0106024295092],"max":[0.887167453766,0.452209502459,0.531285524368,0.406771034002,0.529902637005,0.77013450861],"mean":[0.396124064922,0.133989930153,0.157763510942,0.142543658614,0.12240498513,0.0720339491963],"median":[0.393356144428,0.105202779174,0.135406076908,0.118309266865,0.104359358549,0.0441023930907],"min":[0.00861332844943,0.00612875120714,0.0106303114444,0.0186403635889,0.0158553905785,0.00549178617075],"var":[0.0628988668323,0.0119203710929,0.0148351751268,0.00911251176149,0.00733482651412,0.0127943120897