{"lowlevel":{"average_loudness":0.955020725727,"barkbands":{"dmean":[0.00276436819695,0.00822714623064,0.0022759269923,0.000925878353883,0.00148220267147,0.00178384233732,0.00191931636073,0.00130896014161,0.0016192975454,0.00117048667744,0.000851679884363,0.00096428708639,0.0010457993485,0.000723099801689,0.000732635962777,0.00056020350894,0.000322127743857,0.0002270789264,0.000194518172066,0.00016736361431,0.0000900377926882,0.0000521312213095,0.0000332651834469,0.0000104471873783,0.00000274496665043,0.0000234210638155,0.000580660765991],"dmean2":[0.00454671587795,0.0135896522552,0.00391561770812,0.00158406468108,0.00246286788024,0.00296699907631,0.00314584141597,0.00219307956286,0.00268441368826,0.00193522137124,0.00139849970583,0.00161832128651,0.00176478456706,0.00122396671213,0.00123346759938,0.000951208348852,0.000542665307876,0.000377195363399,0.000322625506669,0.000274143909337,0.000137139082653,0.0000785385709605,0.0000452050953754,0.0000150504811245,0.00000455701319879,0.0000302609296341,0.000935982505325],"dvar":[0.0000199031292141,0.000122954967082,0.00000869549057825,0.00000182870951448,0.0000067568630584,0.0000107707674033,0.0000134689025799,0.00000621933122602,0.0000157595277415,0.0000069461179919,0.00000271340627478,0.0000016670524019,0.00000188799674561,0.00000112933628316,0.00000162254025327,5.90820434354e-7,1.28629906726e-7,6.1623318004e-8,7.48353699009e-8,5.40997433518e-8,2.92594179996e-8,4.11123179944e-9,1.67199243339e-9,1.8726353801e-10,1.61873049687e-11,8.20138290614e-10,4.25368483548e-7],"dvar2":[0.0000487987272209,0.000314174772939,0.0000242424393946,0.00000516861791766,0.0000173714161065,0.0000271116077784,0.00003524080239,0.0000163166569109,0.00004219854236,0.0000180213155545,0.00000678357355355,0.00000438610140918,0.00000514918110639,0.00000291156743515,0.00000436411801275,0.00000155530062784,3.42504847595e-7,1.57191223593e-7,1.89580006804e-7,1.27603172473e-7,6.0831020221e-8,9.47818978858e-9,3.17235504532e-9,3.83433673701e-10,4.06492235705e-11,1.40716560626e-9,0.0000010786806115],"max":[0.0726578012109,0.106012694538,0.0605258047581,0.0259244721383,0.0543392747641,0.085974290967,0.0816344320774,0.0664773881435,0.154657423496,0.0721975415945,0.0417271852493,0.0237997956574,0.041850309819,0.0315739959478,0.0359299220145,0.0170053690672,0.00632457248867,0.0044067427516,0.00432833982632,0.00507996464148,0.00643015699461,0.00177452061325,0.000986173516139,0.000242970898398,0.0000555313672521,0.000666086969431,0.0235496107489],"mean":[0.00288864271715,0.0102880867198,0.0029145446606,0.00121793639846,0.00225579435937,0.00265062856488,0.00291208736598,0.00194000138436,0.00247234874405,0.00182027835399,0.00133573962376,0.00170407351106,0.00189815810882,0.00134404504206,0.001395866042,0.00106813758612,0.00067237316398,0.000492105376907,0.000415786373196,0.000343543681083,0.00023047135619,0.000137156806886,0.0000747640588088,0.0000182018047781,0.00000298911959362,0.000051644146879,0.00244439882226],"median":[0.00112632382661,0.0064778663218,0.00188599305693,0.000679573859088,0.00124017964117,0.00130849366542,0.00127310329117,0.000964029051829,0.00111975194886,0.000774710730184,0.00075246632332,0.00125970831141,0.00146342429798,0.00099486426916,0.000939675432164,0.000772613973822,0.000547829258721,0.000406226114137,0.000307020556647,0.000243446076638,0.000149180021253,0.000108277861727,0.0000531179757672,0.000011059114513,0.0000014917717408,0.000035515640775,0.00227951142006],"min":[1.07564103212e-24,1.35612575318e-24,9.73526241993e-25,2.84157341885e-24,1.57930205661e-23,1.04172324753e-23,4.21681534252e-24,8.46165023554e-24,1.17558710557e-23,1.88615001608e-23,1.5513041209e-23,2.14987031877e-23,2.21246722046e-23,4.35774936643e-23,4.7918469008e-23,3.45335631065e-23,6.56495725123e-23,8.24816491083e-23,1.27967829598e-22,2.00112579881e-22,2.89047748594e-22,3.37523440547e-22,3.59443398613e-22,5.23073597631e-22,8.12813297146e-22,1.29196604783e-21,1.85481075588e-21],"var":[0.0000206104123208,0.000138060568133,0.0000116338260341,0.00000275459115073,0.0000121413813758,0.0000192609841179,0.0000249748045462,0.0000103879738163,0.0000277344861388,0.0000133523853947,0.0000043483241825,0.00000280761378235,0.00000309733673021,0.00000201294415092,0.00000293401399176,0.00000111793428914,2.80446244005e-7,1.54887217718e-7,1.4893416278e-7,1.39011220313e-7,9.45314013734e-8,1.40902951529e-8,5.07809350125e-9,4.11991246674e-10,1.78780532045e-11,2.60175214706e-9,0.00000163478000559]},"barkbands_crest":{"dmean":2.89658975601,"dmean2":4.81490325928,"dvar":6.55308628082,"dvar2":17.008348465,"max":25.9921398163,"mean":7.89793157578,"median":7.02221298218,"min":2.22532510757,"var":13.8635168076},"barkbands_flatness_db":{"dmean":0.0193868521601,"dmean2":0.0303240045905,"dvar":0.00030484655872,"dvar2":0.000715662376024,"max":0.378010362387,"mean":0.094908118248,"median":0.0879492089152,"min":0.0311976782978,"var":0.00124898145441},"barkbands_kurtosis":{"dmean":1.73267769814,"dmean2":2.82919788361,"dvar":10.3619909286,"dvar2":25.2190532684,"max":180.38319397,"mean":2.18878817558,"median":1.12060403824,"min":-1.64874231815,"var":23.6720085144},"barkbands_skewness":{"dmean":0.428389281034,"dmean2":0.688293397427,"dvar":0.185486733913,"dvar2":0.459238678217,"max":11.6325035095,"mean":1.32004952431,"median":1.19961166382,"min":-2.09022831917,"var":0.613990485668},"barkbands_spread":{"dmean":8.33773708344,"dmean2":13.3805799484,"dvar":49.5886917114,"dvar2":124.114028931,"max":104.648590088,"mean":43.418598175,"median":43.0319595337,"min":1.0656671524,"var":210.361434937},"dissonance":{"dmean":0.0137599864975,"dmean2":0.0238650515676,"dvar":0.000219311783439,"dvar2":0.000642489292659,"max":0.500000119209,"mean":0.480600178242,"median":0.485083788633,"min":0.310976594687,"var":0.000288250419544},"dynamic_complexity":1.49907910824,"erbbands":{"dmean":[0.373405635357,1.4988553524,2.85590267181,2.56305193901,3.38322353363,5.46761369705,11.1804132462,15.6130342484,23.7482280731,30.1925563812,30.160577774,39.1338920593,28.7904624939,38.3428840637,32.5395507812,38.9573364258,46.1435699463,38.1757850647,34.4034194946,34.0233535767,24.5197715759,18.5560112,11.2024412155,10.3388614655,10.4379463196,7.48325014114,4.06780958176,3.36013484001,2.12405705452,1.41853487492,0.868678927422,0.41918566823,0.0577911548316,0.0304033439606,0.0198150426149,0.0137273762375,0.0523439832032,0.0557209402323,0.0316897146404,0.0145155712962],"dmean2":[0.604447901249,2.56266641617,4.86479854584,4.35857963562,5.7209982872,9.13129425049,18.605890274,25.8582382202,39.0156326294,49.8204841614,50.2541542053,65.2183380127,47.5528640747,63.0286216736,54.083984375,65.5847473145,77.6913528442,64.6764144897,57.955696106,56.9076957703,41.6932983398,31.2277526855,18.4388198853,16.9001331329,17.7546672821,12.2187490463,6.29272890091,5.16449022293,3.28809762001,2.00352048874,1.17122769356,0.566025555134,0.0913076549768,0.0506010837853,0.032803427428,0.0218774545938,0.0664438605309,0.0726064965129,0.0461866185069,0.0232699885964],"dvar":[0.367450773716,3.36554551125,12.3063755035,12.5520982742,24.5219802856,118.86365509,579.718994141,802.561950684,2432.0847168,4132.35205078,3683.73681641,11809.6523438,2839.25292969,9212.46777344,2960.6730957,2741.93408203,3869.5246582,3202.22192383,2695.10083008,3281.70654297,1160.79223633,415.942901611,157.100753784,156.972320557,180.209335327,111.592002869,57.3945732117,39.5355148315,7.65411806107,2.90643644333,1.17278420925,0.309071987867,0.00525705562904,0.00203535007313,0.000821195833851,0.000299618783174,0.00429289601743,0.00403907289729,0.00187019037548,0.000195324071683],"dvar2":[0.90189409256,9.09633255005,34.3440093994,35.3454055786,64.9567642212,308.72555542,1474.55761719,1932.22875977,6071.09277344,10637.2451172,10312.8603516,31658.3457031,7195.12255859,24717.7695312,7599.86621094,7305.05517578,10434.0478516,8244.078125,7109.03125,8744.68652344,3045.87817383,1108.8046875,394.22869873,376.715515137,462.786651611,258.34072876,117.501686096,86.9217605591,18.5556507111,6.00136041641,2.19411897659,0.578307747841,0.0125418845564,0.00511111458763,0.00206090928987,0.000740170187782,0.00712688593194,0.00719464896247,0.00380675960332,0.0004999183584],"max":[5.61963415146,20.4250850677,56.8815155029,83.7820587158,122.923446655,245.248672485,531.083740234,969.422485352,1170.21044922,2429.47875977,1695.69689941,4684.01660156,1073.81921387,2758.13574219,1825.78027344,1101.03186035,1882.89831543,1776.10583496,1239.32263184,1396.83618164,810.940734863,355.342102051,222.667266846,205.172653198,261.521911621,265.421203613,242.08380127,330.045776367,83.4953308105,36.372013092,24.9864501953,9.45283699036,0.979568362236,0.618661701679,0.398016542196,0.23726028204,1.22248089314,1.16851568222,1.12879645824,0.425842136145],"mean":[0.396373003721,1.87924826145,3.79738068581,3.79359221458,4.89869689941,7.72679662704,15.176902771,23.2028770447,36.1077919006,45.9950675964,47.1139602661,59.4832878113,48.3461799622,61.9452362061,58.4444923401,73.4833526611,88.1762008667,76.7865829468,69.1667404175,70.5691299438,51.3872184753,39.8004264832,26.5505924225,23.2087059021,21.3007946014,16.2417297363,10.2201728821,8.27068138123,5.4397354126,3.43253874779,1.89372825623,0.797706305981,0.0885213389993,0.0340793430805,0.0222484469414,0.0210230108351,0.113225832582,0.162151247263,0.122483000159,0.0728611797094],"median":[0.168182626367,1.24540793896,2.56753087044,2.40347838402,3.08026003838,3.74035358429,6.47665977478,11.3789949417,16.0770683289,21.7149887085,24.2889442444,26.4666175842,24.9098625183,28.48021698,39.0593185425,55.8820304871,68.8034286499,59.4633102417,49.8804168701,49.7245445251,37.9448356628,32.630405426,22.0988426208,18.4352111816,16.8006191254,11.6500825882,6.56419181824,5.5865111351,4.21505403519,2.60542297363,1.32077467442,0.481420814991,0.060994848609,0.0176240354776,0.0115216048434,0.0151636684313,0.0751546695828,0.127385988832,0.095680013299,0.0708487927914],"min":[7.76812790388e-23,2.67250474176e-22,1.83151843227e-21,6.97857790026e-21,1.18675327833e-20,4.55579835939e-20,5.33892546509e-20,9.92132511288e-20,9.40406581139e-20,2.07327094896e-19,3.51923836514e-19,3.53154577868e-19,5.34341201519e-19,6.12081806836e-19,6.05109863344e-19,1.332170861e-18,1.14862227481e-18,2.0292872484e-18,2.39662616431e-18,2.94742981098e-18,3.25081898015e-18,3.90937468893e-18,4.79080346042e-18,5.07830993465e-18,7.1488356521e-18,9.41498793005e-18,9.44771284945e-18,1.10166503055e-17,1.23337551056e-17,1.03536890328e-17,9.73324070765e-18,8.78532564007e-18,9.81881419638e-18,7.2741063656e-18,5.58200088915e-18,4.1877747318e-18,2.28547397629e-18,9.66536971121e-19,2.64073067859e-19,2.54739688509e-20],"var":[0.367797344923,3.93743824959,16.6194400787,20.7444515228,40.6282119751,196.265151978,878.442626953,1534.29614258,4699.55712891,7152.69482422,6101.15820312,20085.5566406,5785.84619141,15642.7363281,4845.90722656,4645.86621094,6347.27099609,5830.13427734,5165.52685547,6282.89501953,2322.95043945,916.730102539,420.000488281,403.054138184,354.308197021,318.490478516,186.798614502,113.579788208,24.0831260681,9.32373523712,3.45442080498,0.785102427006,0.00805936381221,0.00222336431034,0.000920977676287,0.000423846999183,0.0133348442614,0.0182153992355,0.0105736404657,0.000928391586058]},"erbbands_crest":{"dmean":2.42275667191,"dmean2":4.10728693008,"dvar":5.89331150055,"dvar2":15.8539438248,"max":31.5254306793,"mean":7.73168992996,"median":6.53598737717,"min":2.00455856323,"var":15.8794908524},"erbbands_flatness_db":{"dmean":0.0164371691644,"dmean2":0.0255560204387,"dvar":0.000198643800104,"dvar2":0.000487908837385,"max":0.454289257526,"mean":0.143437221646,"median":0.136529490352,"min":0.028262982145,"var":0.00154523225501},"erbbands_kurtosis":{"dmean":0.774759471416,"dmean2":1.27626252174,"dvar":1.5180798769,"dvar2":3.84671187401,"max":54.8007240295,"mean":0.567748963833,"median":0.208131313324,"min":-1.60521686077,"var":3.71077251434},"erbbands_skewness":{"dmean":0.306871205568,"dmean2":0.496893256903,"dvar":0.0766711160541,"dvar2":0.198398932815,"max":5.65517377853,"mean":0.0281414650381,"median":-0.045686904341,"min":-2.33212041855,"var":0.358364790678},"erbbands_spread":{"dmean":4.66972208023,"dmean2":7.50588798523,"dvar":15.6300182343,"dvar2":39.1082878113,"max":95.4038619995,"mean":26.139339447,"median":25.7910766602,"min":1.17092764378,"var":80.0457763672},"gfcc":{"cov":[[13900.9970703,454.869598389,-818.78704834,618.330993652,167.691711426,-217.957550049,288.195373535,-278.713439941,188.102279663,3.4128279686,-56.74741745,91.0215301514,-272.705780029],[454.869598389,473.31048584,-24.6271286011,-113.431159973,74.619972229,-41.8617553711,-20.9418945312,-25.348657608,44.9050941467,11.7117967606,32.0611877441,-20.1538047791,67.1666030884],[-818.78704834,-24.6271286011,304.721160889,129.875061035,-6.63622283936,74.25365448,-60.7305755615,15.5672893524,-23.2051887512,23.8932266235,5.44050884247,19.980091095,-11.2561855316],[618.330993652,-113.431159973,129.875061035,388.114807129,116.911506653,-16.8737297058,95.0985488892,-58.3340187073,-5.30376195908,7.59435367584,-0.858850896358,38.838596344,-81.7319793701],[167.691711426,74.619972229,-6.63622283936,116.911506653,175.44972229,18.2257175446,61.0362930298,-9.25067996979,5.11045789719,2.57358121872,10.7382898331,-14.1585607529,6.27314949036],[-217.957550049,-41.8617553711,74.25365448,-16.8737297058,18.2257175446,144.121185303,-11.4339761734,53.6658172607,-15.991938591,1.2473949194,-4.21132850647,-6.50160551071,5.54749536514],[288.195373535,-20.9418945312,-60.7305755615,95.0985488892,61.0362930298,-11.4339761734,189.880401611,7.43725824356,35.4085960388,-5.89566850662,-4.97974061966,2.3704726696,-39.9547157288],[-278.713439941,-25.348657608,15.5672893524,-58.3340187073,-9.25067996979,53.6658172607,7.43725824356,137.59286499,12.8115053177,31.9804763794,6.28517389297,-38.7176017761,26.5090827942],[188.102279663,44.9050941467,-23.2051887512,-5.30376195908,5.11045789719,-15.991938591,35.4085960388,12.8115053177,108.55393219,35.5691871643,3.16797471046,3.16880536079,-28.9478225708],[3.4128279686,11.7117967606,23.8932266235,7.59435367584,2.57358121872,1.2473949194,-5.89566850662,31.9804763794,35.5691871643,71.7226867676,28.959405899,-6.59587001801,9.65656757355],[-56.74741745,32.0611877441,5.44050884247,-0.858850896358,10.7382898331,-4.21132850647,-4.97974061966,6.28517389297,3.16797471046,28.959405899,55.029800415,23.6984863281,12.4167575836],[91.0215301514,-20.1538047791,19.980091095,38.838596344,-14.1585607529,-6.50160551071,2.3704726696,-38.7176017761,3.16880536079,-6.59587001801,23.6984863281,72.2783355713,4.01356267929],[-272.705780029,67.1666030884,-11.2561855316,-81.7319793701,6.27314949036,5.54749536514,-39.9547157288,26.5090827942,-28.9478225708,9.65656757355,12.4167575836,4.01356267929,104.719100952]],"icov":[[0.000269308395218,-0.00108063442167,0.00199359143153,-0.00176176812965,0.00113632809371,-0.00104217592161,0.000655609823298,-0.000439869007096,0.000446214602562,-0.000978075433522,0.00122138648294,-0.000920551770832,0.000686322688125],[-0.00108063442167,0.00864822417498,-0.0100031560287,0.00922331493348,-0.00703220395371,0.00572840031236,-0.00311687053181,0.004442632664,-0.00540763977915,0.00671159941703,-0.00908678211272,0.00734944688156,-0.00575169362128],[0.00199359143153,-0.0100031560287,0.0224094521254,-0.0185859892517,0.0124389342964,-0.0124590257183,0.00810511875898,-0.00479653803632,0.00413514813408,-0.00870631169528,0.00975344888866,-0.00746733276173,0.00480745872483],[-0.00176176812965,0.00922331493348,-0.0185859892517,0.0239446051419,-0.018164595589,0.0132115697488,-0.00738354586065,0.00243229791522,0.00318740517832,-0.00170430203434,0.000256819301285,-0.00438240682706,0.00431810924783],[0.00113632809371,-0.00703220395371,0.0124389342964,-0.018164595589,0.0226120837033,-0.0123978471383,0.00158683035988,0.00227056886069,-0.00438075931743,0.0041627548635,-0.00655854772776,0.0105342473835,-0.00725863361731],[-0.00104217592161,0.00572840031236,-0.0124590257183,0.0132115697488,-0.0123978471383,0.0178283359855,-0.00294082192704,-0.00395031133667,0.00266488315538,0.000731977575924,0.00167551811319,-0.00435023987666,0.00289748515934],[0.000655609823298,-0.00311687053181,0.00810511875898,-0.00738354586065,0.00158683035988,-0.00294082192704,0.0107516031712,-0.00444995239377,-0.000779742840677,-0.000621440762188,0.00385686848313,-0.00414739688858,0.00364771531895],[-0.000439869007096,0.004442632664,-0.00479653803632,0.00243229791522,0.00227056886069,-0.00395031133667,-0.00444995239377,0.0177896805108,-0.00751766422763,0.00396307883784,-0.0122880497947,0.0168727319688,-0.0103733828291],[0.000446214602562,-0.00540763977915,0.00413514813408,0.00318740517832,-0.00438075931743,0.00266488315538,-0.000779742840677,-0.00751766422763,0.0251990836114,-0.0222736150026,0.0203393753618,-0.0202776379883,0.0166747849435],[-0.000978075433522,0.00671159941703,-0.00870631169528,-0.00170430203434,0.0041627548635,0.000731977575924,-0.000621440762188,0.00396307883784,-0.0222736150026,0.0439106151462,-0.0347089134157,0.0268006194383,-0.0177643951029],[0.00122138648294,-0.00908678211272,0.00975344888866,0.000256819301285,-0.00655854772776,0.00167551811319,0.00385686848313,-0.0122880497947,0.0203393753618,-0.0347089134157,0.0562825426459,-0.0383036881685,0.0187617577612],[-0.000920551770832,0.00734944688156,-0.00746733276173,-0.00438240682706,0.0105342473835,-0.00435023987666,-0.00414739688858,0.0168727319688,-0.0202776379883,0.0268006194383,-0.0383036881685,0.0494815520942,-0.0230200365186],[0.000686322688125,-0.00575169362128,0.00480745872483,0.00431810924783,-0.00725863361731,0.00289748515934,0.00364771531895,-0.0103733828291,0.0166747849435,-0.0177643951029,0.0187617577612,-0.0230200365186,0.0281170681119]],"mean":[50.2041549683,79.6512680054,-109.977310181,-8.01851844788,-7.66318082809,-20.3127326965,10.3636951447,-24.1440067291,10.9265327454,-6.77287578583,-2.29053711891,0.656147956848,-13.2340898514]},"hfc":{"dmean":66.7468185425,"dmean2":108.133590698,"dvar":4779.22558594,"dvar2":12490.7314453,"max":1471.29516602,"mean":308.712371826,"median":298.607513428,"min":1.08675849145e-16,"var":15199.1943359},"melbands":{"dmean":[0.00273398286663,0.00158636877313,0.000433813576819,0.000300751853501,0.000353241455741,0.000350777670974,0.000362463004421,0.000311646232149,0.000260828586761,0.000240278779529,0.000147195431055,0.000163382181199,0.000115999078844,0.000103607926576,0.000117262497952,0.0000969737084233,0.0000737436130294,0.0000577061400691,0.0000539343709534,0.0000464960430691,0.0000277883718809,0.0000214481297007,0.0000129430145535,0.0000111992476377,0.00000867100152391,0.00000917798206501,0.00000776803972258,0.00000464390859634,0.00000282029077425,0.00000252493327935,0.00000195154552785,0.00000138520510973,9.94717879621e-7,8.05852721442e-7,5.80471123612e-7,3.5700617218e-7,2.29141818409e-7,3.34497727295e-8,2.76884914996e-8,2.48590055207e-8],"dmean2":[0.00442942837253,0.00268955621868,0.000736403220799,0.000501769245602,0.000585138215683,0.000578696955927,0.000595136836637,0.000513015256729,0.000435076013673,0.00039996142732,0.000243179165409,0.000268717354629,0.000191329600057,0.000173632739461,0.000197399465833,0.000163840682944,0.000125144564663,0.0000975671719061,0.0000903206819203,0.0000785610391176,0.0000472177671327,0.0000362056598533,0.0000216062253457,0.0000186442266568,0.0000141619821079,0.0000157217182277,0.0000132142204166,0.0000075144848779,0.00000442620103058,0.00000400932958655,0.00000304205605062,0.00000222472499445,0.00000149422999129,0.00000117232957564,8.19774129468e-7,4.84613167373e-7,3.27570830905e-7,5.56690942233e-8,4.62400002732e-8,4.13570475644e-8],"dvar":[0.0000165826149896,0.00000325669702761,3.22897108163e-7,2.34323650261e-7,5.26541043655e-7,3.79947948659e-7,5.1290379588e-7,4.04174954838e-7,2.90920525003e-7,4.32152660323e-7,7.73805624021e-8,1.70704723246e-7,4.48534116515e-8,2.18116689155e-8,2.39740423069e-8,1.61872932836e-8,1.35878925889e-8,7.51964801537e-9,1.27883481582e-8,4.5026808948e-9,1.6178185458e-9,5.91698079422e-10,2.05540834353e-10,1.59668181454e-10,1.11447615025e-10,1.81978751512e-10,1.07759474954e-10,5.25417383213e-11,2.67054781067e-11,2.93020052666e-11,1.14740699581e-11,3.5426418743e-12,1.3997673463e-12,1.04678971654e-12,5.55320925962e-13,2.05463494525e-13,1.04641664257e-13,2.32062421241e-15,1.72760659927e-15,1.35699199188e-15],"dvar2":[0.0000407041625294,0.00000897792415344,9.02699753169e-7,6.0432734017e-7,0.00000133417415782,9.20879813293e-7,0.00000130780347263,0.0000010284761629,8.19072567992e-7,0.00000112926716156,1.95096461653e-7,4.55689900036e-7,1.11874555841e-7,5.67599691692e-8,6.39069952513e-8,4.3796728022e-8,3.46999655676e-8,1.96087093229e-8,3.41378019186e-8,1.18944489813e-8,4.25710311447e-9,1.57074198093e-9,5.60154866935e-10,4.09559330894e-10,2.72549538494e-10,4.91789720058e-10,2.79297251993e-10,1.21051862978e-10,5.73269348658e-11,6.60286617049e-11,2.64171202274e-11,8.95140038482e-12,3.22682982765e-12,2.29986299102e-12,1.13544579555e-12,3.89919921438e-13,2.14069593215e-13,5.80361268009e-15,4.33839560617e-15,3.40931078907e-15],"max":[0.0386869311333,0.0256885085255,0.0117747280747,0.0136098526418,0.014650342986,0.0194198712707,0.0160302203149,0.0228790789843,0.0149005809799,0.0287404246628,0.00616624718532,0.0108557874337,0.00583332311362,0.00351766264066,0.0055819763802,0.00396558223292,0.00400976557285,0.00226865289733,0.00397809548303,0.00156596640591,0.000924224092159,0.000471697741887,0.000336625322234,0.000246248091571,0.000181410243385,0.000158662238391,0.000259763735812,0.000191239349078,0.000153815650265,0.000165588484379,0.000189816651982,0.0000624370222795,0.0000217000178964,0.0000230951354752,0.0000184815144166,0.00000866889786266,0.00000469466567665,6.89670628162e-7,5.74320779378e-7,5.05985781274e-7],"mean":[0.00327267660759,0.00222526444122,0.000692728732247,0.000444042059826,0.000502062030137,0.000532734615263,0.000560666027013,0.000477459194371,0.000394490460167,0.000361235579476,0.000236891195527,0.000254099431913,0.000192512539797,0.000182605945156,0.00020853136084,0.00017922623374,0.000135835201945,0.000106019091618,0.000102528254502,0.000086141320935,0.0000533183156222,0.0000426619590144,0.0000269781066891,0.0000231117119256,0.0000178644113475,0.0000168244951055,0.0000137890874612,0.00000983855352388,0.00000638767960481,0.00000561043361813,0.00000441690053776,0.00000317939520755,0.00000234387493947,0.00000173792204805,0.00000118591003684,7.07235415121e-7,3.8208196429e-7,3.86907146321e-8,2.93680511021e-8,2.67594995051e-8],"median":[0.00179478270002,0.00160911481362,0.000469358696137,0.00025608879514,0.000219095250941,0.000262847868726,0.000255994615145,0.000227733922657,0.000195683853235,0.000157296904945,0.000117295145174,0.000108390464447,0.000116766255815,0.000132230314193,0.000155344474479,0.000140628661029,0.0000999001276796,0.00007513291348,0.0000675934061292,0.000061555976572,0.0000374067785742,0.0000342485400324,0.0000218286058953,0.0000185666394827,0.0000138614377647,0.000011956902199,0.0000104298933365,0.00000660591604174,0.00000403990679843,0.00000345154535353,0.00000303034335047,0.00000240476902036,0.0000017989624439,0.00000125564349673,8.10296057807e-7,4.51066682672e-7,2.12674791555e-7,2.14407478438e-8,1.40811673432e-8,1.31611042065e-8],"min":[6.9635991364e-25,1.02653799065e-24,1.32288512678e-24,1.87319912882e-24,2.28403394396e-24,2.45292630275e-24,1.72850192285e-24,2.09843646942e-24,2.77393234332e-24,2.01349804082e-24,2.58695672878e-24,2.24154017636e-24,1.94425399992e-24,2.56258763212e-24,2.78890413444e-24,2.34864855463e-24,3.36362598592e-24,2.95293789892e-24,3.07550223169e-24,2.00822194187e-24,3.77112786373e-24,3.75134678211e-24,3.02297849211e-24,3.91905427182e-24,3.55065859566e-24,4.17137655995e-24,5.5047810483e-24,5.75932358545e-24,4.64911664061e-24,5.78617009977e-24,5.38990041796e-24,6.00793980504e-24,5.55058270689e-24,5.03500451848e-24,5.11450473721e-24,6.07192076319e-24,4.52212581209e-24,5.55564364402e-24,5.75692110956e-24,5.03655147471e-24],"var":[0.000017892316464,0.00000459792090624,5.70996974147e-7,4.05463850939e-7,8.73134979429e-7,7.45225634091e-7,9.80961090136e-7,7.09669450316e-7,4.63238819748e-7,7.61638659696e-7,1.55542963398e-7,2.92496025622e-7,7.44384962559e-8,3.62351713079e-8,4.09714395744e-8,2.52396148426e-8,2.41655566668e-8,1.37412294876e-8,2.19879900953e-8,8.35432079072e-9,3.01397706792e-9,1.19670762189e-9,4.65715022102e-10,3.77896797188e-10,2.64529925742e-10,2.74524514232e-10,1.77671446999e-10,1.45727693801e-10,7.80192091487e-11,7.2585201738e-11,2.9928989842e-11,9.20950642136e-12,4.25154356165e-12,2.73360587638e-12,1.43732790427e-12,5.56195551855e-13,2.1521113613e-13,2.59517151929e-15,1.85947427669e-15,1.4813553809e-15]},"melbands_crest":{"dmean":4.71324253082,"dmean2":7.66515731812,"dvar":16.5948028564,"dvar2":39.7816314697,"max":35.687625885,"mean":13.4910993576,"median":12.4055805206,"min":1.00060033798,"var":34.1117668152},"melbands_flatness_db":{"dmean":0.0281515326351,"dmean2":0.044106181711,"dvar":0.000574021367356,"dvar2":0.00137874134816,"max":0.43534347415,"mean":0.190398663282,"median":0.185910001397,"min":9.49152791918e-8,"var":0.00217213924043},"melbands_kurtosis":{"dmean":3.13909339905,"dmean2":5.20208835602,"dvar":24.0385494232,"dvar2":61.55884552,"max":103.000831604,"mean":3.89070820808,"median":2.11055135727,"min":-1.71476519108,"var":37.7533493042},"melbands_skewness":{"dmean":0.621562421322,"dmean2":1.00351476669,"dvar":0.362096756697,"dvar2":0.916705906391,"max":9.08465385437,"mean":1.62792301178,"median":1.47276258469,"min":-2.50893878937,"var":1.00443840027},"melbands_spread":{"dmean":7.57539272308,"dmean2":12.2344312668,"dvar":46.1341705322,"dvar2":117.0442276,"max":172.220458984,"mean":29.8805770874,"median":28.4790458679,"min":0.849218726158,"var":209.794067383},"mfcc":{"cov":[[4966.82958984,541.069152832,-177.822814941,644.307006836,-73.9645080566,355.617431641,-92.7593383789,169.920578003,-89.9178161621,135.042922974,-2.57009315491,92.9826049805,47.304649353],[541.069152832,680.76953125,-116.323539734,-69.4369277954,42.1844596863,-2.12583255768,-30.5003070831,-37.4456138611,41.5881156921,8.6833152771,12.2838001251,5.24985551834,34.4979972839],[-177.822814941,-116.323539734,284.351135254,-15.5637569427,60.4271697998,-0.03110630624,-11.2199497223,-15.574016571,-22.9865036011,-7.31545972824,-7.33211755753,3.58924841881,3.89886617661],[644.307006836,-69.4369277954,-15.5637569427,422.303741455,-21.8971805573,151.051025391,7.75100946426,58.7456321716,-55.6470031738,29.5587387085,-9.62475585938,39.1746711731,13.2945566177],[-73.9645080566,42.1844596863,60.4271697998,-21.8971805573,172.650588989,1.74837756157,41.6440849304,-38.3337478638,19.6377239227,-20.0686721802,5.06197357178,-7.1039853096,19.8548431396],[355.617431641,-2.12583255768,-0.03110630624,151.051025391,1.74837756157,174.408096313,-6.94427776337,67.053894043,-45.5197677612,27.2588291168,-24.6769008636,20.9425525665,0.128146499395],[-92.7593383789,-30.5003070831,-11.2199497223,7.75100946426,41.6440849304,-6.94427776337,151.167648315,8.64332962036,46.9518356323,-22.9942588806,25.3346786499,-10.5846652985,1.69285655022],[169.920578003,-37.4456138611,-15.574016571,58.7456321716,-38.3337478638,67.053894043,8.64332962036,116.4845047,-14.2012214661,37.73828125,-7.95270586014,11.8065233231,-14.2495937347],[-89.9178161621,41.5881156921,-22.9865036011,-55.6470031738,19.6377239227,-45.5197677612,46.9518356323,-14.2012214661,108.248832703,15.5812501907,34.5018310547,-6.02314329147,6.2529592514],[135.042922974,8.6833152771,-7.31545972824,29.5587387085,-20.0686721802,27.2588291168,-22.9942588806,37.73828125,15.5812501907,85.0426940918,32.5883865356,25.5528697968,-2.28151893616],[-2.57009315491,12.2838001251,-7.33211755753,-9.62475585938,5.06197357178,-24.6769008636,25.3346786499,-7.95270586014,34.5018310547,32.5883865356,76.3148956299,28.5518989563,9.50525856018],[92.9826049805,5.24985551834,3.58924841881,39.1746711731,-7.1039853096,20.9425525665,-10.5846652985,11.8065233231,-6.02314329147,25.5528697968,28.5518989563,59.9797363281,20.6416320801],[47.304649353,34.4979972839,3.89886617661,13.2945566177,19.8548431396,0.128146499395,1.69285655022,-14.2495937347,6.2529592514,-2.28151893616,9.50525856018,20.6416320801,53.5052986145]],"icov":[[0.000317661761073,-0.000295072357403,0.0000328992537106,-0.000426854967372,0.0000660180012346,-0.000199976479053,0.000143106459291,-0.000202940733288,0.0000480202616018,-0.000104740429379,-0.000131995489937,0.0000976076844381,-0.0000938130469876],[-0.000295072357403,0.00212617404759,0.000891924311873,0.000798012013547,-0.000685620296281,-0.000447413156508,0.00063063314883,0.000614455377217,-0.000671107554808,0.0000355470001523,-0.00000726944745111,-0.0000111886411105,-0.000888532842509],[0.0000328992537106,0.000891924311873,0.00445513566956,0.00031190487789,-0.00197549746372,0.0000187408877537,0.000629987916909,0.000261330831563,0.000845906557515,-0.000375222240109,0.000313381984597,-0.000632941897493,-0.000149959974806],[-0.000426854967372,0.000798012013547,0.00031190487789,0.00438599288464,0.000423721125117,-0.00276801316068,-0.00111238344107,0.000859780993778,0.000985836959444,-0.000580008665565,0.000314454926411,-0.00113640003838,-0.000893492659088],[0.0000660180012346,-0.000685620296281,-0.00197549746372,0.000423721125117,0.00838741101325,-0.00212883716449,-0.00251590553671,0.0028818086721,-0.000622929132078,0.0000573624565732,-0.0000595133351453,0.00123253441416,-0.00222754548304],[-0.000199976479053,-0.000447413156508,0.0000187408877537,-0.00276801316068,-0.00212883716449,0.0122947646305,-0.000967544154264,-0.00420040683821,0.00279722828418,-0.00302023044787,0.00463249301538,-0.00255314144306,0.000530478835572],[0.000143106459291,0.00063063314883,0.000629987916909,-0.00111238344107,-0.00251590553671,-0.000967544154264,0.0119091095403,-0.0043637258932,-0.00503791403025,0.00771486200392,-0.00681907031685,0.00281881750561,0.000136021932121],[-0.000202940733288,0.000614455377217,0.000261330831563,0.000859780993778,0.0028818086721,-0.00420040683821,-0.0043637258932,0.0157631952316,0.0010447667446,-0.00747703015804,0.00481835240498,-0.00220401771367,0.0023807536345],[0.0000480202616018,-0.000671107554808,0.000845906557515,0.000985836959444,-0.000622929132078,0.00279722828418,-0.00503791403025,0.0010447667446,0.0157975424081,-0.00615194952115,-0.00241828057915,0.00325657310896,-0.00218950584531],[-0.000104740429379,0.0000355470001523,-0.000375222240109,-0.000580008665565,0.0000573624565732,-0.00302023044787,0.00771486200392,-0.00747703015804,-0.00615194952115,0.0248126797378,-0.0118301035836,-0.00201296340674,0.00264689954929],[-0.000131995489937,-0.00000726944745111,0.000313381984597,0.000314454926411,-0.0000595133351453,0.00463249301538,-0.00681907031685,0.00481835240498,-0.00241828057915,-0.0118301035836,0.0282434523106,-0.0128758298233,0.00125840422697],[0.0000976076844381,-0.0000111886411105,-0.000632941897493,-0.00113640003838,0.00123253441416,-0.00255314144306,0.00281881750561,-0.00220401771367,0.00325657310896,-0.00201296340674,-0.0128758298233,0.0302802715451,-0.0107387565076],[-0.0000938130469876,-0.000888532842509,-0.000149959974806,-0.000893492659088,-0.00222754548304,0.000530478835572,0.000136021932121,0.0023807536345,-0.00218950584531,0.00264689954929,0.00125840422697,-0.0107387565076,0.0253216344863]],"mean":[-607.599853516,149.244186401,-41.7388038635,30.1314678192,-10.6330738068,25.1124343872,-8.24818229675,12.4059972763,-4.10174226761,10.3687810898,2.65516424179,6.76801300049,4.64124679565]},"pitch_salience":{"dmean":0.0753632485867,"dmean2":0.121096797287,"dvar":0.00438321940601,"dvar2":0.0110359806567,"max":0.996095001698,"mean":0.614299714565,"median":0.629379987717,"min":0.134738877416,"var":0.00996932201087},"silence_rate_20dB":{"dmean":0,"dmean2":0,"dvar":0,"dvar2":0,"max":1,"mean":1,"median":1,"min":1,"var":0},"silence_rate_30dB":{"dmean":0.0124760074541,"dmean2":0.0249540116638,"dvar":0.0123192276806,"dvar2":0.0331282913685,"max":1,"mean":0.990563750267,"median":1,"min":0,"var":0.00934802740812},"silence_rate_60dB":{"dmean":0.000639795267489,"dmean2":0.00127969286405,"dvar":0.000639453006443,"dvar2":0.00175820791628,"max":1,"mean":0.0153538584709,"median":0,"min":0,"var":0.0151188783348},"spectral_centroid":{"dmean":222.328292847,"dmean2":350.519927979,"dvar":47830.4492188,"dvar2":106309.398438,"max":11913.96875,"mean":1556.42810059,"median":1447.55773926,"min":407.890258789,"var":761341.75},"spectral_complexity":{"dmean":4.04846429825,"dmean2":6.35671424866,"dvar":12.1270332336,"dvar2":26.6681137085,"max":61,"mean":33.6269493103,"median":34,"min":0,"var":87.2552261353},"spectral_contrast_coeffs":{"dmean":[0.0534165650606,0.0518679171801,0.0390847474337,0.028072649613,0.019672261551,0.0470806472003],"dmean2":[0.0886653140187,0.0873513221741,0.0661426410079,0.0479799285531,0.0335311964154,0.0732524171472],"dvar":[0.00172504002694,0.00166442990303,0.000958395539783,0.000491908576805,0.000247404968832,0.00149855553173],"dvar2":[0.00472361641005,0.00465103425086,0.00270016840659,0.0013968416024,0.000697553856298,0.0037132948637],"max":[-0.383835107088,-0.445603013039,-0.492828905582,-0.618300318718,-0.588058114052,-0.431718468666],"mean":[-0.705046653748,-0.762393891811,-0.796229183674,-0.800093948841,-0.799297809601,-0.665170550346],"median":[-0.708438277245,-0.771089613438,-0.804290056229,-0.803264915943,-0.799049317837,-0.660722672939],"min":[-0.985478341579,-0.99823319912,-0.998312532902,-0.98653948307,-0.987354695797,-0.964245200157],"var":[0.00440807966515,0.00458098575473,0.00285841873847,0.00133172108326,0.000766535289586,0.006390563678]},"spectral_contrast_valleys":{"dmean":[0.40955722332,0.33974519372,0.280262202024,0.224831670523,0.210950404406,0.582535505295],"dmean2":[0.679837286472,0.569414615631,0.464116156101,0.377247750759,0.334802389145,0.934593737125],"dvar":[0.107012026012,0.0787966772914,0.0566861927509,0.0417490229011,0.0547734573483,0.249881461263],"dvar2":[0.282768011093,0.200124204159,0.137391999364,0.09619769454,0.107555173337,0.635729312897],"max":[-5.28333616257,-4.53391599655,-5.08087110519,-5.36142253876,-5.61114120483,-9.07670307159],"mean":[-6.87130355835,-6.13632297516,-6.42005825043,-6.55052185059,-7.0206246376,-11.0750741959],"median":[-6.61400699615,-5.94567012787,-6.24162864685,-6.33816432953,-6.75085783005,-10.9107513428],"min":[-28.0063400269,-27.9752540588,-27.773525238,-27.6133460999,-27.562833786,-27.3854980469],"var":[3.44195389748,3.2597155571,3.12891769409,3.1481692791,3.2091345787,2.28107452393]},"spectral_decrease":{"dmean":3.76945674674e-9,"dmean2":6.05773253781e-9,"dvar":1.50026277094e-17,"dvar2":3.8041109929e-17,"max":9.15165276894e-9,"mean":-7.35623117976e-9,"median":-6.39261132918e-9,"min":-3.92405965499e-8,"var":2.39299992858e-17},"spectral_energy":{"dmean":0.0146049866453,"dmean2":0.0234505981207,"dvar":0.000214877465623,"dvar2":0.000543980626389,"max":0.194737955928,"mean":0.0557652339339,"median":0.0541271977127,"min":1.02266221289e-20,"var":0.000497463799547},"spectral_energyband_high":{"dmean":0.000476139248349,"dmean2":0.000691043271217,"dvar":2.45623482442e-7,"dvar2":4.8508945838e-7,"max":0.0100374594331,"mean":0.00209670048207,"median":0.0018448800547,"min":7.0509133908e-21,"var":0.00000174537353814},"spectral_energyband_low":{"dmean":0.0108768967912,"dmean2":0.0175973251462,"dvar":0.000181922849151,"dvar2":0.000453935470432,"max":0.140603005886,"mean":0.0161067806184,"median":0.0114024803042,"min":6.37571859197e-24,"var":0.000239058368606},"spectral_energyband_middle_high":{"dmean":0.00346418889239,"dmean2":0.00561049254611,"dvar":0.0000161194784596,"dvar2":0.0000417783048761,"max":0.0843375623226,"mean":0.0121427206323,"median":0.0110096568242,"min":1.19705292904e-21,"var":0.0000476230561617},"spectral_energyband_middle_low":{"dmean":0.00560165662318,"dmean2":0.00906968861818,"dvar":0.0000473689688079,"dvar2":0.000123533245642,"max":0.156485274434,"mean":0.013868692331,"median":0.011064752005,"min":2.03314471632e-22,"var":0.000115659429866},"spectral_entropy":{"dmean":0.101012513041,"dmean2":0.15457713604,"dvar":0.0094684837386,"dvar2":0.0216794703156,"max":9.81772232056,"mean":7.75061702728,"median":7.79115581512,"min":5.66656398773,"var":0.090115904808},"spectral_flux":{"dmean":0.02398885414,"dmean2":0.0392979122698,"dvar":0.000524924776983,"dvar2":0.00131928233895,"max":0.305804371834,"mean":0.144124105573,"median":0.143767029047,"min":6.33349900303e-11,"var":0.0014755462762},"spectral_kurtosis":{"dmean":3.13262057304,"dmean2":4.67247867584,"dvar":17.0000991821,"dvar2":43.1161422729,"max":104.942955017,"mean":19.6829624176,"median":17.8266277313,"min":-1.25664567947,"var":71.9493179321},"spectral_rms":{"dmean":0.000935489602853,"dmean2":0.00148655590601,"dvar":7.23094956356e-7,"dvar2":0.00000180092490609,"max":0.0137836225331,"mean":0.00718543259427,"median":0.00726684415713,"min":3.15866950651e-12,"var":0.00000277476124211},"spectral_rolloff":{"dmean":3229.74365234,"dmean2":6131.93945312,"dvar":39597564,"dvar2":99257848,"max":21985.4003906,"mean":18951.4355469,"median":20951.8066406,"min":64.599609375,"var":32674960},"spectral_skewness":{"dmean":0.257743865252,"dmean2":0.389768332243,"dvar":0.0835561603308,"dvar2":0.195259526372,"max":8.56277656555,"mean":2.93851780891,"median":2.80733084679,"min":-0.0800775885582,"var":0.538314759731},"spectral_spread":{"dmean":337907.09375,"dmean2":514382.28125,"dvar":235512741888,"dvar2":497403330560,"max":41941832,"mean":4179932.75,"median":3957908.25,"min":1427315,"var":8426439573500},"spectral_strongpeak":{"dmean":4.90809202194,"dmean2":9.30669307709,"dvar":251.802017212,"dvar2":690.546691895,"max":214.015594482,"mean":3.49049782753,"median":0.322661310434,"min":0,"var":177.951095581},"zerocrossingrate":{"dmean":0.0379124395549,"dmean2":0.0488953366876,"dvar":0.000935465970542,"dvar2":0.00159124890342,"max":0.7607421875,"mean":0.329147726297,"median":0.328125,"min":0.025390625,"var":0.00412986986339}},"metadata":{"audio_properties":{"analysis_sample_rate":44100,"bit_rate":242042,"codec":"mp3","downmix":"mix","equal_loudness":0,"length":290.324890137,"lossless":false,"md5_encoded":"9ef69dab09b42c547e0df2ec0104ed06","replay_gain":-9.05193901062,"sample_rate":44100},"tags":{"album":["Metalogy"],"albumartist":["Judas Priest"],"albumartistsort":["Judas Priest"],"artist":["Judas Priest"],"artists":["Judas Priest"],"artistsort":["Judas Priest"],"barcode":["696998712621"],"catalognumber":["512893 3","512893 3001"],"date":["2004-05-11"],"discnumber":["4/4"],"file_name":"01 - Ram It Down.mp3","label":["Columbia","Legacy"],"language":["eng"],"media":["CD"],"musicbrainz album release country":["US"],"musicbrainz album status":["official"],"musicbrainz album type":["album","compilation"],"musicbrainz release track id":["96fda50f-39a5-3e8a-91e7-7e6b19fd6092"],"musicbrainz_albumartistid":["6b335658-22c8-485d-93de-0bc29a1d0349"],"musicbrainz_albumid":["b6f0cfee-9579-44fa-b3e0-335e39c53430"],"musicbrainz_artistid":["6b335658-22c8-485d-93de-0bc29a1d0349"],"musicbrainz_recordingid":["815fd0de-c4af-4c81-9810-9c3fd11c2ee0"],"musicbrainz_releasegroupid":["f702b409-3596-306a-a7fb-6baf6f218203"],"musicbrainz_workid":["e9070073-29cd-4bde-8620-239368adcb3e"],"originaldate":["2004"],"performer:drumset":["David Holland"],"performer:electric bass guitar":["Ian Hill"],"performer:electric guitar":["Glenn Tipton","Kenneth Downing"],"performer:lead vocals":["Rob Halford"],"script":["Latn"],"title":["Ram It Down"],"tracknumber":["1/14"],"work":["Ram It Down"],"writer":["Glenn Tipton","Rob Halford","Kenneth Downing"]},"version":{"essentia":"2.1-beta1","essentia_build_sha":"ca57ba49d9b1854bd80e60cf9ccf267278fb7d6b","essentia_git_sha":"v2.1_beta1-28-g21ef5f4-dirty","extractor":"music 1.0"}},"rhythm":{"beats_count":682,"beats_loudness":{"dmean":0.0143538545817,"dmean2":0.0239016450942,"dvar":0.000162923388416,"dvar2":0.000444669218268,"max":0.136275440454,"mean":0.0536016374826,"median":0.0530017092824,"min":0,"var":0.000326316745486},"beats_loudness_band_ratio":{"