{"lowlevel":{"average_loudness":0.33322006464,"barkbands":{"dmean":[0.0000651295849821,0.00104864500463,0.000679363554809,0.000572985445615,0.000584983848967,0.000258782645687,0.000190618273336,0.000339713675203,0.000373826449504,0.000496010645293,0.000801529036835,0.000594144512434,0.000653061841149,0.000840813154355,0.000945519888774,0.000393097841879,0.00025896448642,0.000195260668988,0.000154317516717,0.0000891629169928,0.0000469567567052,0.0000275696766039,0.0000484090160171,0.0000227323325817,0.00000749473292672,0.0000380356359528,0.00000423863411925],"dmean2":[0.0000987676903605,0.00167089572642,0.00118878867943,0.00100806774572,0.000991791370325,0.000388315791497,0.000277055252809,0.000487143435748,0.000575996818952,0.000772877712734,0.00129022833426,0.000943239487242,0.00104401982389,0.0013329598587,0.00150284683332,0.000645237916615,0.000421468430432,0.000307469425024,0.000252189376624,0.000145664133015,0.0000724930141587,0.0000421773947892,0.0000850125652505,0.0000387172840419,0.0000123466270452,0.0000605686327617,0.00000657925920677],"dvar":[7.07793788024e-8,0.0000077046925071,0.00000464997901872,0.0000039123337956,0.00000213226053347,2.297784647e-7,2.43432481284e-7,9.84672738014e-7,0.00000112573354727,0.00000114038789434,0.00000698888197803,0.00000436202435594,0.0000036413041471,0.00000486989574711,0.00000655240546621,0.00000112656300644,3.56708170557e-7,1.70174146774e-7,1.15248710131e-7,3.34704253646e-7,1.64239750688e-8,1.81948163203e-8,0.00000249643017014,5.02302270888e-7,2.03052064052e-8,0.00000361008551408,4.1207993462e-8],"dvar2":[1.6568709782e-7,0.0000184885066119,0.000012440305909,0.0000110178834802,0.00000606298272032,5.21953438692e-7,4.63001896378e-7,0.00000222692938223,0.00000279394339486,0.00000276852438219,0.0000187341665878,0.0000116933733807,0.00000929257203097,0.0000126745189846,0.0000170168896148,0.00000298949453281,9.41525229337e-7,4.13814774447e-7,3.07665203536e-7,9.54378606366e-7,3.81960703066e-8,4.55410074096e-8,0.00000743048758522,0.00000142196984143,5.20820009342e-8,0.00000805774379842,9.73635323476e-8],"max":[0.0101334452629,0.0612443760037,0.0395906195045,0.0325504802167,0.0256065092981,0.0129970517009,0.0219820328057,0.0271107275039,0.0306245107204,0.0362682566047,0.0726135745645,0.0528499186039,0.0506638176739,0.061027918011,0.0511069595814,0.0354519784451,0.0178360771388,0.0106698097661,0.00822595972568,0.0366477519274,0.00320294266567,0.00650878995657,0.0993281528354,0.0471655279398,0.00993265770376,0.136121764779,0.0146441347897],"mean":[0.000102633181086,0.0027485541068,0.000850187730975,0.000689965381753,0.00119578326121,0.00064220285276,0.000420356343966,0.000680333178025,0.000661033496726,0.000908687186893,0.00145498279016,0.00101088895462,0.00111051462591,0.00160770642105,0.0018005509628,0.000730108120479,0.000557907274924,0.000433858891483,0.000327627378283,0.000193443396711,0.0000924429987208,0.0000503180817759,0.0000525019968336,0.0000237218118855,0.00000762420813771,0.0000304540862999,0.00000323584777107],"median":[0.00000611418136032,0.000982076628134,0.000232792081079,0.000224344286835,0.000747652142309,0.000364557723515,0.000189927755855,0.00021148333326,0.000217232533032,0.000256946717855,0.000217339664232,0.00016523944214,0.000185559794772,0.000193618077901,0.000196695560589,0.000187561614439,0.000165419885889,0.000155149988132,0.000111661960545,0.0000694714617566,0.0000278854022326,0.0000176704979822,0.000010821466276,0.00000450572633781,0.00000125937026496,3.54370001787e-7,1.69139454442e-7],"min":[9.37848627048e-25,4.60319507516e-24,1.05419279158e-24,1.40134681014e-24,9.08979650854e-24,5.78178127213e-24,3.73963693083e-24,1.23407135982e-23,1.37324575059e-23,2.06864273131e-23,8.09786545137e-24,3.71087364227e-23,3.2964518766e-23,2.41260549196e-23,4.57486818446e-23,5.83470871127e-23,6.83725373414e-23,8.87515976246e-23,1.07416980653e-22,1.87673543449e-22,2.22026807662e-22,2.86515189544e-22,4.09323111516e-22,6.06887632808e-22,8.90212138737e-22,1.27604443662e-21,1.82977400207e-21],"var":[1.3091910489e-7,0.0000181770119525,0.00000527291558683,0.00000301599925479,0.0000025981323688,7.99120641659e-7,7.83493760537e-7,0.00000238773418459,0.00000227855275625,0.00000323109156852,0.0000171290157596,0.00000895754237717,0.00000760620559959,0.0000158379189088,0.0000184387790796,0.00000309618076244,0.00000147997741351,5.54447467493e-7,2.81036761862e-7,2.64545121809e-7,3.22760413951e-8,2.3510324354e-8,0.00000128578642489,2.94945238011e-7,1.47270418083e-8,0.00000319110586133,3.38014878309e-8]},"barkbands_crest":{"dmean":2.09387397766,"dmean2":3.33788013458,"dvar":4.16154813766,"dvar2":10.7739620209,"max":24.5220775604,"mean":9.44801139832,"median":8.57495594025,"min":2.56447076797,"var":16.598110199},"barkbands_flatness_db":{"dmean":0.0145132476464,"dmean2":0.0223215743899,"dvar":0.000217424676521,"dvar2":0.00050742487656,"max":0.30702984333,"mean":0.140961691737,"median":0.136556774378,"min":0.0195550061762,"var":0.0018155957805},"barkbands_kurtosis":{"dmean":1.23110890388,"dmean2":1.93320941925,"dvar":5.8774023056,"dvar2":13.6729516983,"max":59.9969024658,"mean":1.3640614748,"median":-0.0249874591827,"min":-1.92981433868,"var":19.7649993896},"barkbands_skewness":{"dmean":0.364863455296,"dmean2":0.559248209,"dvar":0.162588581443,"dvar2":0.364051878452,"max":6.7317905426,"mean":0.517981767654,"median":0.4446400702,"min":-4.8511800766,"var":1.41726958752},"barkbands_spread":{"dmean":3.9717540741,"dmean2":6.25437355042,"dvar":27.0020656586,"dvar2":65.869758606,"max":151.528305054,"mean":22.5673713684,"median":20.5609397888,"min":1.8388491869,"var":198.002914429},"dissonance":{"dmean":0.0179458893836,"dmean2":0.0303632300347,"dvar":0.000341890612617,"dvar2":0.000938620592933,"max":0.499993920326,"mean":0.461934059858,"median":0.470277607441,"min":0.25367167592,"var":0.000954651739448},"dynamic_complexity":5.47004079819,"erbbands":{"dmean":[0.031486671418,0.246788516641,0.68344694376,1.37392282486,2.29274177551,1.79182124138,1.77762961388,2.19988203049,3.06627345085,5.22267866135,5.89287519455,9.86466693878,10.5403957367,17.5678768158,35.5861206055,27.835100174,30.3110198975,33.7704277039,53.2987213135,31.4071292877,13.5079536438,11.1415271759,11.1070308685,9.42434406281,5.5310344696,4.65767478943,2.07865905762,1.68521511555,1.03664052486,0.976477205753,1.45752382278,0.653752863407,0.346843242645,0.101385675371,0.0516964755952,0.122697137296,0.0841300934553,0.00491114612669,0.000504106516019,0.0000619723068667],"dmean2":[0.0500056892633,0.397761672735,1.17990994453,2.40941166878,3.97313761711,3.00878477097,2.84518694878,3.3163394928,4.18687295914,7.57449817657,8.73607349396,15.0509252548,16.3278636932,27.5928916931,56.5889320374,44.5729942322,48.1468811035,54.0458526611,84.5004501343,50.3035392761,22.0116615295,18.0949707031,17.5112514496,15.6169176102,8.73993492126,7.60477304459,3.25942492485,2.56416010857,1.58807694912,1.55592942238,2.59811377525,1.1058549881,0.608755648136,0.169424921274,0.0861991941929,0.192691326141,0.136424273252,0.00849295593798,0.000845350616146,0.000112279922178],"dvar":[0.00886957254261,0.418507218361,4.14161396027,19.7468452454,39.3014984131,22.5663070679,14.6257009506,18.0548782349,47.4778442383,247.544830322,373.45098877,851.703674316,573.795837402,2432.11547852,11709.6513672,9852.68261719,8005.33691406,7388.83935547,21246.9472656,8304.94824219,1060.25146484,663.452636719,571.211975098,451.413238525,361.513580322,886.707824707,45.4689826965,23.5487289429,30.6064605713,132.099227905,2862.2644043,342.086120605,193.553268433,5.36982822418,1.13292968273,31.4931049347,19.161699295,0.052044801414,0.00052299600793,0.0000101132482087],"dvar2":[0.0212226938456,1.05246376991,11.1766719818,55.2049598694,112.167366028,64.1427154541,34.2610664368,42.4655456543,83.9140472412,576.421081543,864.119567871,2061.22412109,1409.10766602,6083.79248047,32080.796875,26839.8671875,20162.4804688,19482.5664062,56132.8125,21845.6074219,2774.88964844,1758.90075684,1415.6583252,1280.73291016,930.006713867,2527.02416992,116.15536499,55.9671058655,78.6933059692,384.013427734,8530.06347656,991.048217773,549.731384277,14.3961744308,2.93554639816,71.8205337524,42.0136108398,0.138064205647,0.00133418210316,0.0000204630196095],"max":[2.52365994453,11.3609085083,38.0421485901,95.7032928467,109.836585999,82.5796051025,148.548187256,152.135665894,320.382080078,367.407470703,652.334289551,928.282775879,455.350646973,1878.60644531,3162.32519531,2640.60595703,2596.19433594,2516.30737305,2796.98901367,3045.77856445,1062.75,830.508422852,568.671875,491.551391602,1001.77301025,1878.93395996,303.118865967,153.892272949,278.078125,706.43939209,3360.64697266,1199.71252441,924.974609375,159.45664978,73.8855514526,403.316253662,312.163391113,15.9099035263,1.62444746494,0.213192000985],"mean":[0.0758561491966,0.625774502754,1.00994050503,1.75712561607,3.63078022003,3.45677375793,3.72782111168,5.40845251083,7.8546128273,10.2718019485,12.2958402634,18.4110336304,18.8311042786,34.4314308167,68.6081848145,50.1821861267,55.796749115,67.2050247192,111.819374084,66.7073745728,31.714887619,26.8173141479,26.3068141937,20.5989055634,12.6984920502,9.95822811127,4.49628686905,3.29060983658,1.88927328587,1.50145757198,1.47697281837,0.729530751705,0.311899423599,0.103427119553,0.0482931211591,0.0973345935345,0.0686024129391,0.00337071134709,0.000372901238734,0.0000764631622587],"median":[0.0198020972311,0.227076679468,0.358479976654,0.677270650864,1.79017102718,1.99280631542,1.86045026779,2.89684677124,3.38185024261,3.59990239143,4.48874568939,6.479347229,6.62060785294,8.62016677856,13.826004982,11.0602216721,11.6771621704,12.4625282288,12.2439498901,13.848736763,9.61597156525,8.73212242126,9.72710132599,7.24854755402,4.96641254425,3.55090546608,1.66578662395,1.00448560715,0.648789405823,0.420324683189,0.297551244497,0.145807594061,0.0524511598051,0.0201558880508,0.00542231509462,0.00202653068118,0.000571383512579,0.000163388205692,0.000037704987335,0.0000184076016012],"min":[9.79702135412e-23,3.3541277693e-22,2.3222330313e-21,4.84312754232e-21,1.26769298205e-20,3.24309633148e-20,6.62677459301e-20,5.71731665137e-20,8.72563101379e-20,2.14445630301e-19,3.41649322728e-19,3.73800127078e-19,5.27506001322e-19,9.09521893039e-19,9.43032634015e-19,1.7585384194e-18,1.78622312053e-18,2.09311746754e-18,2.15341128278e-18,2.7647171942e-18,4.46957159185e-18,4.59728207457e-18,4.60721610014e-18,7.12350572738e-18,7.21250622539e-18,8.72832379688e-18,9.32845325745e-18,8.98262310541e-18,1.10637797481e-17,9.85907224961e-18,1.15484926978e-17,1.21704357383e-17,1.0598845514e-17,8.28600137202e-18,6.26754543336e-18,4.33284649481e-18,2.26211977247e-18,8.59743973233e-19,2.48058592706e-19,2.76947823901e-20],"var":[0.0174297597259,0.939976751804,4.92070007324,16.5340614319,37.5567474365,25.9380340576,38.6699714661,58.1815986633,204.606781006,539.640441895,899.649597168,1813.35998535,1225.81408691,6877.66503906,29157.2304688,19560.9121094,17221.2285156,20679.6835938,64887.8515625,21865.1875,4024.10253906,2952.72192383,2065.64648438,1189.76330566,574.685302734,713.924682617,71.248260498,41.0423622131,34.8928146362,81.1056060791,1465.51464844,190.172515869,112.438537598,3.56411027908,0.805263221264,27.087064743,17.321554184,0.0350874885917,0.000379755918402,0.0000100136339825]},"erbbands_crest":{"dmean":2.73004388809,"dmean2":4.30970573425,"dvar":6.92939567566,"dvar2":17.7600421906,"max":31.4038543701,"mean":10.9663124084,"median":9.7586479187,"min":2.28572845459,"var":27.926317215},"erbbands_flatness_db":{"dmean":0.0147645259276,"dmean2":0.0219715312123,"dvar":0.000206995595363,"dvar2":0.000440366275143,"max":0.360351085663,"mean":0.201419904828,"median":0.200956106186,"min":0.0257681794465,"var":0.00222232821397},"erbbands_kurtosis":{"dmean":0.994809687138,"dmean2":1.56346833706,"dvar":2.01866793633,"dvar2":5.13735437393,"max":38.0289344788,"mean":1.28110301495,"median":0.512597084045,"min":-1.63845360279,"var":6.60602760315},"erbbands_skewness":{"dmean":0.305854409933,"dmean2":0.474297046661,"dvar":0.0836712643504,"dvar2":0.202937975526,"max":4.04873132706,"mean":-0.137980818748,"median":-0.165916576982,"min":-3.57982158661,"var":0.505908489227},"erbbands_spread":{"dmean":4.60026359558,"dmean2":7.01279640198,"dvar":26.6432571411,"dvar2":61.462387085,"max":97.6053466797,"mean":23.5314273834,"median":21.2622509003,"min":2.41000342369,"var":168.406814575},"gfcc":{"cov":[[27997.5175781,2773.33325195,-3967.00439453,1810.1496582,-662.528747559,832.310058594,-398.877227783,-28.1934146881,-263.922332764,62.6295623779,23.7350254059,-144.37399292,31.8408374786],[2773.33325195,1389.49353027,-232.290359497,-107.262535095,245.156509399,-98.0427780151,62.704914093,1.92303407192,5.02705383301,-7.07107448578,20.9979743958,-29.6254348755,8.5509147644],[-3967.00439453,-232.290359497,1109.85852051,-102.956878662,148.445114136,-92.7585525513,80.3950805664,104.574501038,72.5166244507,44.8838729858,12.9147825241,88.447883606,-36.5988273621],[1810.1496582,-107.262535095,-102.956878662,705.793762207,21.6397724152,180.222167969,47.5518112183,60.570224762,73.514541626,86.1524810791,69.9492111206,47.5575752258,34.7246513367],[-662.528747559,245.156509399,148.445114136,21.6397724152,447.140319824,64.0203018188,132.204208374,36.6163253784,41.6344871521,98.3572463989,40.5074768066,37.1757507324,50.8818435669],[832.310058594,-98.0427780151,-92.7585525513,180.222167969,64.0203018188,275.104827881,76.2172393799,-3.72716498375,4.20097589493,59.3001289368,43.8649253845,4.66389322281,39.032749176],[-398.877227783,62.704914093,80.3950805664,47.5518112183,132.204208374,76.2172393799,186.700363159,33.6588096619,15.3410406113,59.0186042786,28.1572055817,27.4358444214,20.7504673004],[-28.1934146881,1.92303407192,104.574501038,60.570224762,36.6163253784,-3.72716498375,33.6588096619,138.143051147,64.6656570435,37.5812454224,27.4433803558,28.8074626923,1.63606846333],[-263.922332764,5.02705383301,72.5166244507,73.514541626,41.6344871521,4.20097589493,15.3410406113,64.6656570435,144.90713501,58.6116294861,47.9453811646,22.9841918945,26.479839325],[62.6295623779,-7.07107448578,44.8838729858,86.1524810791,98.3572463989,59.3001289368,59.0186042786,37.5812454224,58.6116294861,137.372741699,53.8800544739,42.2671051025,28.3171005249],[23.7350254059,20.9979743958,12.9147825241,69.9492111206,40.5074768066,43.8649253845,28.1572055817,27.4433803558,47.9453811646,53.8800544739,111.021858215,33.6506118774,22.2167758942],[-144.37399292,-29.6254348755,88.447883606,47.5575752258,37.1757507324,4.66389322281,27.4358444214,28.8074626923,22.9841918945,42.2671051025,33.6506118774,100.271980286,33.4293861389],[31.8408374786,8.5509147644,-36.5988273621,34.7246513367,50.8818435669,39.032749176,20.7504673004,1.63606846333,26.479839325,28.3171005249,22.2167758942,33.4293861389,94.4089660645]],"icov":[[0.000489711703267,-0.00125462189317,0.00120582059026,-0.00093126000138,0.000991555280052,-0.00160336180124,0.00155730033293,-0.00129591149744,0.00114207528532,-0.00115266477223,0.000998449511826,-0.000980271375738,0.000704671139829],[-0.00125462189317,0.00420903321356,-0.00270605110563,0.00245491950773,-0.00327761028893,0.00477235205472,-0.00434953905642,0.00325526529923,-0.00301477988251,0.00334840174764,-0.00297360867262,0.00273343268782,-0.00164395978209],[0.00120582059026,-0.00270605110563,0.00432559289038,-0.00203464436345,0.00182504474651,-0.00346319517121,0.0033576246351,-0.00365302385762,0.00223035505041,-0.0025281466078,0.00255979411304,-0.00354420859367,0.00282250950113],[-0.00093126000138,0.00245491950773,-0.00203464436345,0.00372872618027,-0.00175971991848,0.00186592934188,-0.00286119710654,0.00189624261111,-0.00283926981501,0.00193289387971,-0.00205611879937,0.00106453406624,-0.000972012756392],[0.000991555280052,-0.00327761028893,0.00182504474651,-0.00175971991848,0.00582560570911,-0.00375170260668,0.00176382239442,-0.0025874376297,0.00249229720794,-0.00417784182355,0.00229934509844,-0.00161225441843,-0.0000303895340039],[-0.00160336180124,0.00477235205472,-0.00346319517121,0.00186592934188,-0.00375170260668,0.0114038959146,-0.00709821144119,0.00485988054425,-0.00253692641854,0.00263362191617,-0.00480999052525,0.00505473138765,-0.0038736066781],[0.00155730033293,-0.00434953905642,0.0033576246351,-0.00286119710654,0.00176382239442,-0.00709821144119,0.0131194451824,-0.00545824924484,0.00470919953659,-0.00517143448815,0.00324665429071,-0.00371527811512,0.00219966471195],[-0.00129591149744,0.00325526529923,-0.00365302385762,0.00189624261111,-0.0025874376297,0.00485988054425,-0.00545824924484,0.0138155538589,-0.00695388205349,0.00285918358713,-0.00277569773607,0.00108459813055,-0.000263901980361],[0.00114207528532,-0.00301477988251,0.00223035505041,-0.00283926981501,0.00249229720794,-0.00253692641854,0.00470919953659,-0.00695388205349,0.0142279183492,-0.0060106748715,-0.000443442666437,-0.0000499181987834,-0.00147785234731],[-0.00115266477223,0.00334840174764,-0.0025281466078,0.00193289387971,-0.00417784182355,0.00263362191617,-0.00517143448815,0.00285918358713,-0.0060106748715,0.0157696139067,-0.0048842150718,-0.000624346837867,-0.00102925300598],[0.000998449511826,-0.00297360867262,0.00255979411304,-0.00205611879937,0.00229934509844,-0.00480999052525,0.00324665429071,-0.00277569773607,-0.000443442666437,-0.0048842150718,0.014995903708,-0.00482711195946,0.00153479946312],[-0.000980271375738,0.00273343268782,-0.00354420859367,0.00106453406624,-0.00161225441843,0.00505473138765,-0.00371527811512,0.00108459813055,-0.0000499181987834,-0.000624346837867,-0.00482711195946,0.0172444563359,-0.00687449192628],[0.000704671139829,-0.00164395978209,0.00282250950113,-0.000972012756392,-0.0000303895340039,-0.0038736066781,0.00219966471195,-0.000263901980361,-0.00147785234731,-0.00102925300598,0.00153479946312,-0.00687449192628,0.0158903915435]],"mean":[-72.3853912354,110.045227051,-146.26600647,20.8633403778,-40.1442985535,6.42067337036,-28.1257419586,-0.0170066133142,-17.8425502777,-4.96100711823,-10.1687726974,-3.03112530708,-9.87248802185]},"hfc":{"dmean":5.56514024734,"dmean2":8.4612531662,"dvar":2781.27929688,"dvar2":7012.84765625,"max":3730.80908203,"mean":20.5892715454,"median":10.5489006042,"min":1.07930010165e-16,"var":2506.14453125},"melbands":{"dmean":[0.000282338907709,0.000327846064465,0.000265444949036,0.000139224008308,0.0000668583597871,0.000051408111176,0.0000439722207375,0.0000630302965874,0.0000512396800332,0.0000602695181442,0.0000533237689524,0.0000704641497578,0.000113419882837,0.0000806066818768,0.0000705359052517,0.0000565232257941,0.0000732303960831,0.0000938441080507,0.0000565615009691,0.0000398760457756,0.0000145386420627,0.0000119885453387,0.0000172207437572,0.00000794771403889,0.00000867056041898,0.00000428939392805,0.00000368009796148,0.00000314350995723,0.00000137179745252,0.00000140552140238,9.35371645028e-7,6.69169082812e-7,4.53820518942e-7,6.13445706676e-7,9.20540855986e-7,6.73973886478e-7,3.14684712066e-7,2.69027538025e-7,1.41853206514e-7,6.88278660732e-8],"dmean2":[0.000445962068625,0.000550054770429,0.000464533950435,0.000240160909016,0.000106746963866,0.000075940064562,0.0000602647669439,0.0000906299974304,0.0000764481155784,0.0000923862244235,0.0000822657239041,0.000110654757009,0.000181309034815,0.000127943741973,0.000113022812002,0.0000886855923454,0.000117738884001,0.000149027313455,0.0000866646078066,0.0000654671894154,0.0000233671853493,0.0000194754047698,0.0000278746192635,0.0000123362042359,0.0000145091826198,0.00000674087141306,0.00000589275578022,0.0000051704901125,0.00000218282116293,0.00000218930426854,0.00000145168269228,0.0000010575804481,6.82042582412e-7,0.00000100342811038,0.00000165423602994,0.00000118392665627,5.22501863998e-7,4.77579988001e-7,2.37747215692e-7,1.16781173176e-7],"dvar":[6.13969120877e-7,7.66505706906e-7,6.60450950818e-7,1.4059517639e-7,2.03360261963e-8,9.18345932632e-9,1.02009565239e-8,3.59158072172e-8,2.53681040618e-8,3.37688810248e-8,1.44903840038e-8,3.93229271367e-8,1.42848961104e-7,6.86377603643e-8,3.97879240666e-8,2.78452798597e-8,3.81271298977e-8,6.56565930512e-8,2.52708662885e-8,1.22739489683e-8,1.18870546739e-9,9.22283360794e-10,1.51106116508e-9,3.02605773772e-10,4.3014619644e-10,1.29589866615e-10,4.24589058357e-10,3.58151230895e-10,1.55775288502e-11,1.65579390476e-11,6.80710088991e-12,1.38480598516e-11,3.89314492102e-12,5.5263720683e-11,1.14543929897e-9,5.34986333012e-10,6.14557640888e-11,1.29845148522e-10,1.73935033043e-11,1.66927127503e-12],"dvar2":[0.0000014427100723,0.0000020390100417,0.00000184777172763,4.00081574981e-7,4.95641749865e-8,2.06485211152e-8,1.75067498276e-8,8.2316113037e-8,5.94692259881e-8,8.36104661062e-8,3.49672184541e-8,9.79631664677e-8,3.80660793553e-7,1.86014688097e-7,1.0515670823e-7,6.68016397753e-8,1.00644527379e-7,1.71214097122e-7,5.87505901706e-8,3.3762749041e-8,2.89716761692e-9,2.41706210602e-9,3.95343269233e-9,7.26524673755e-10,1.24153509695e-9,2.97106006464e-10,1.20087306765e-9,1.01560260202e-9,4.04112333874e-11,3.89031411252e-11,1.67449092786e-11,3.6904406614e-11,8.45852294457e-12,1.60535237881e-10,3.41184502872e-9,1.59518964704e-9,1.70912173303e-10,3.70540181871e-10,4.64671807976e-11,4.5969070564e-12],"max":[0.020140780136,0.0143376262859,0.0148735539988,0.00660715950653,0.00540590891615,0.0029703557957,0.00501037249342,0.0052350750193,0.00472746416926,0.00571098690853,0.00249150581658,0.00703566661105,0.0103300604969,0.00632963236421,0.00352895306423,0.00630411412567,0.00490041449666,0.00497087836266,0.00447498913854,0.00356326904148,0.000841689587105,0.000859196821693,0.000850026670378,0.000388280372135,0.000490370963234,0.000438457645942,0.00126662105322,0.00119254074525,0.00016814628907,0.0000955803043325,0.0000867108683451,0.000189302270883,0.0000988252213574,0.000458833295852,0.00212758197449,0.00145037309267,0.000527506228536,0.000754450971726,0.000289061252261,0.0000864695684868],"mean":[0.000751933257561,0.000652518647257,0.000372252397938,0.000257641397184,0.000142674907693,0.000130656699184,0.000110467291961,0.000123236255604,0.00010436293087,0.000107733554614,0.0000905516571947,0.000130901156808,0.000211114311242,0.000148660008563,0.00012402520224,0.0000962808408076,0.000133413661388,0.000187283119885,0.000109962544229,0.0000735840003472,0.0000308113303618,0.0000266173337877,0.0000331986630044,0.0000179228172783,0.0000170042330865,0.00000908589299797,0.00000781564176577,0.00000623630694463,0.00000279396908809,0.0000024222877073,0.00000174875708581,0.00000113142857572,7.87538226632e-7,8.54179802445e-7,8.97041161352e-7,6.84525787165e-7,3.56299750592e-7,2.31160768749e-7,1.37943416689e-7,6.88208174893e-8],"median":[0.000240192195633,0.000304676766973,0.000165170611581,0.000157105998369,0.0000738294183975,0.0000686696148477,0.0000475798478874,0.0000401114230044,0.0000392234069295,0.0000350102454831,0.0000282720684481,0.0000256752755377,0.0000342528110195,0.0000278162442555,0.000024775372367,0.0000183604461199,0.0000185904009413,0.0000187766199815,0.0000148729732246,0.0000162368723977,0.00000914169140742,0.00000760077728046,0.0000100679935713,0.0000060970260165,0.00000492240496897,0.00000317246190207,0.00000272597731055,0.00000193990354092,9.39183166793e-7,4.93705726967e-7,5.1120923672e-7,3.58421800684e-7,2.32306632597e-7,1.94248116259e-7,1.66029977322e-7,1.21931904573e-7,6.93696833309e-8,3.47777060483e-8,2.48599487662e-8,1.2244402825e-8],"min":[1.75840330103e-24,9.49735577598e-25,1.24241746875e-24,1.50444097108e-24,2.169007966e-24,1.20463310215e-24,1.70062318403e-24,2.44493691672e-24,2.5826321933e-24,1.9673191095e-24,2.10525715802e-24,3.50646542446e-24,2.59606156413e-24,4.67288423082e-24,2.85384198086e-24,3.07454672391e-24,2.6809011879e-24,2.92284916627e-24,2.45559975236e-24,2.97516997138e-24,4.00053177042e-24,4.01387574706e-24,4.08272239927e-24,3.92538014742e-24,5.31813379711e-24,4.44837323391e-24,5.38502407428e-24,5.97200206322e-24,5.30732403613e-24,4.78624669835e-24,5.53821100131e-24,5.54966131735e-24,5.30683888667e-24,4.6838182374e-24,6.19649294418e-24,5.73630975183e-24,6.43165001344e-24,6.60608451453e-24,4.72056732267e-24,6.53738419601e-24],"var":[0.00000145179285482,0.00000116063642963,5.67171412058e-7,1.40604868193e-7,5.09753519395e-8,3.4058533771e-8,4.40364331666e-8,8.1624769166e-8,5.84889185973e-8,6.6488674122e-8,3.13068362345e-8,1.11566443195e-7,3.56680317282e-7,1.48016908952e-7,8.30098088045e-8,5.35390718426e-8,1.01960054621e-7,1.96682591991e-7,7.14458110451e-8,3.16986650262e-8,4.3339500877e-9,3.9437826338e-9,3.91993904003e-9,1.08822606482e-9,1.01164021604e-9,2.93980922939e-10,3.75212777515e-10,2.91335650049e-10,2.48749285059e-11,3.01773224465e-11,1.10457441804e-11,1.3615226134e-11,7.22500531625e-12,3.28918177417e-11,5.86999449048e-10,2.73868039358e-10,3.78098212461e-11,7.45279879477e-11,1.1587579854e-11,1.05153537787e-12]},"melbands_crest":{"dmean":2.56727313995,"dmean2":4.1094045639,"dvar":7.02313232422,"dvar2":17.8215332031,"max":33.5250740051,"mean":12.2155742645,"median":11.1431188583,"min":1.61076724529,"var":27.8466205597},"melbands_flatness_db":{"dmean":0.0175142493099,"dmean2":0.0266591664404,"dvar":0.000374893221306,"dvar2":0.000818521308247,"max":0.442782342434,"mean":0.195289775729,"median":0.184017211199,"min":0.00251871603541,"var":0.00464088609442},"melbands_kurtosis":{"dmean":2.39612698555,"dmean2":3.78939604759,"dvar":28.5334777832,"dvar2":69.2962646484,"max":144.716079712,"mean":4.06796979904,"median":1.0649766922,"min":-1.79756319523,"var":81.3972091675},"melbands_skewness":{"dmean":0.449757575989,"dmean2":0.691240549088,"dvar":0.274335086346,"dvar2":0.644851088524,"max":11.1315011978,"mean":1.33009195328,"median":1.10727274418,"min":-2.10395240784,"var":1.91254115105},"melbands_spread":{"dmean":6.080991745,"dmean2":9.55113124847,"dvar":64.5099258423,"dvar2":144.668746948,"max":194.449386597,"mean":34.4757499695,"median":30.2992553711,"min":1.56298148632,"var":608.311157227},"mfcc":{"cov":[[14110.3613281,101.886871338,-1330.81481934,800.194519043,42.0667991638,836.95501709,200.09197998,157.455245972,-34.2108612061,230.51739502,-15.1356458664,96.9546966553,10.3366336823],[101.886871338,1681.98779297,-190.096313477,-6.65748500824,131.442764282,-88.5076446533,80.5386123657,-10.8296613693,63.3081588745,-18.9794178009,11.766503334,-1.09819829464,27.2174072266],[-1330.81481934,-190.096313477,602.692199707,56.1131362915,1.74424064159,-70.6269760132,-48.7240943909,59.1313095093,-20.5884037018,25.5744819641,11.6302585602,42.9100341797,32.6355934143],[800.194519043,-6.65748500824,56.1131362915,436.017364502,100.577774048,101.012825012,39.6302986145,68.3122940063,60.3998298645,29.0908527374,42.0333557129,109.392707825,76.9173355103],[42.0667991638,131.442764282,1.74424064159,100.577774048,230.237075806,61.387928009,46.9648742676,20.3978481293,47.4047203064,37.7373123169,22.901845932,52.5793457031,40.8488616943],[836.95501709,-88.5076446533,-70.6269760132,101.012825012,61.387928009,289.894348145,120.073226929,15.8047561646,45.4907989502,26.0267181396,33.174495697,17.9340248108,19.3701076508],[200.09197998,80.5386123657,-48.7240943909,39.6302986145,46.9648742676,120.073226929,192.101516724,24.379535675,47.8806381226,3.99270415306,29.1318283081,30.4662475586,18.9806079865],[157.455245972,-10.8296613693,59.1313095093,68.3122940063,20.3978481293,15.8047561646,24.379535675,104.509941101,17.003364563,22.3448314667,10.355222702,17.6240081787,21.6248760223],[-34.2108612061,63.3081588745,-20.5884037018,60.3998298645,47.4047203064,45.4907989502,47.8806381226,17.003364563,136.025375366,8.83574485779,27.950428009,40.0648994446,29.5550632477],[230.51739502,-18.9794178009,25.5744819641,29.0908527374,37.7373123169,26.0267181396,3.99270415306,22.3448314667,8.83574485779,124.284988403,26.8734455109,14.5442056656,2.20182514191],[-15.1356458664,11.766503334,11.6302585602,42.0333557129,22.901845932,33.174495697,29.1318283081,10.355222702,27.950428009,26.8734455109,98.8223495483,49.9039154053,23.6861476898],[96.9546966553,-1.09819829464,42.9100341797,109.392707825,52.5793457031,17.9340248108,30.4662475586,17.6240081787,40.0648994446,14.5442056656,49.9039154053,149.325042725,60.5630989075],[10.3366336823,27.2174072266,32.6355934143,76.9173355103,40.8488616943,19.3701076508,18.9806079865,21.6248760223,29.5550632477,2.20182514191,23.6861476898,60.5630989075,102.39654541]],"icov":[[0.000150731386384,-0.0000309318347718,0.000366196152754,-0.000255170918535,0.000192323394003,-0.000398178759497,0.00016289037012,-0.000278457126115,0.000273291225312,-0.00028003679472,0.000240835724981,-0.00019688399334,0.0000830611097626],[-0.0000309318347718,0.000734115950763,0.000164550059708,0.0000201686834771,-0.000514602928888,0.000701502081938,-0.000514006766025,0.000143375931657,-0.000252644094871,0.000153956614668,-0.000197582077817,0.000355022726581,-0.000216681684833],[0.000366196152754,0.000164550059708,0.002893258119,-0.000717314425856,0.000364593463019,-0.000363943021512,0.000634482537862,-0.00170573766809,0.00100322917569,-0.000899471808225,0.000445338664576,-0.00080702098785,-0.00019391218666],[-0.000255170918535,0.0000201686834771,-0.000717314425856,0.00396316405386,-0.000955584982876,-0.000498910900205,0.000508879660629,-0.00117823574692,-0.000823880254757,0.000585103000049,-0.000235725266975,-0.00147280376405,-0.000947062857449],[0.000192323394003,-0.000514602928888,0.000364593463019,-0.000955584982876,0.00610050372779,-0.00128152174875,-0.0000948957676883,-0.000165650097188,-0.000428491504863,-0.00185469747521,0.000927207816858,-0.00119249278214,-0.000765305885579],[-0.000398178759497,0.000701502081938,-0.000363943021512,-0.000498910900205,-0.00128152174875,0.00693636015058,-0.0038230009377,0.00140162650496,-0.00112233811524,0.0000265013641183,-0.00150418002158,0.00199078652076,-0.000549909600522],[0.00016289037012,-0.000514006766025,0.000634482537862,0.000508879660629,-0.0000948957676883,-0.0038230009377,0.00845452584326,-0.00215204735287,-0.000842435809318,0.000637796125375,-0.000443366880063,-0.00149280019104,0.000398998148739],[-0.000278457126115,0.000143375931657,-0.00170573766809,-0.00117823574692,-0.000165650097188,0.00140162650496,-0.00215204735287,0.0126013113186,-0.00107832986396,-0.00130129093304,-0.000197446890525,0.00148109754082,-0.00153379142284],[0.000273291225312,-0.000252644094871,0.00100322917569,-0.000823880254757,-0.000428491504863,-0.00112233811524,-0.000842435809318,-0.00107832986396,0.00972545240074,-0.000352631584974,-0.000662092177663,-0.00132636679336,-0.000756037421525],[-0.00028003679472,0.000153956614668,-0.000899471808225,0.000585103000049,-0.00185469747521,0.0000265013641183,0.000637796125375,-0.00130129093304,-0.000352631584974,0.00999823212624,-0.00288054998964,0.000329970265739,0.00108393118717],[0.000240835724981,-0.000197582077817,0.000445338664576,-0.000235725266975,0.000927207816858,-0.00150418002158,-0.000443366880063,-0.000197446890525,-0.000662092177663,-0.00288054998964,0.0138287814334,-0.00415075477213,-0.000388936517993],[-0.00019688399334,0.000355022726581,-0.00080702098785,-0.00147280376405,-0.00119249278214,0.00199078652076,-0.00149280019104,0.00148109754082,-0.00132636679336,0.000329970265739,-0.00415075477213,0.0119315423071,-0.00436900928617],[0.0000830611097626,-0.000216681684833,-0.00019391218666,-0.000947062857449,-0.000765305885579,-0.000549909600522,0.000398998148739,-0.00153379142284,-0.000756037421525,0.00108393118717,-0.000388936517993,-0.00436900928617,0.0141166159883]],"mean":[-697.219848633,140.638412476,-36.4834709167,19.143289566,3.48411369324,7.47536611557,-0.972619116306,5.98921203613,-4.94322395325,4.04759645462,-3.73582410812,-1.43316841125,-2.03356099129]},"pitch_salience":{"dmean":0.0547839254141,"dmean2":0.0883587151766,"dvar":0.00263014063239,"dvar2":0.00672789709643,"max":0.899433910847,"mean":0.536283731461,"median":0.540222108364,"min":0.178936123848,"var":0.0116710076109},"silence_rate_20dB":{"dmean":0,"dmean2":0,"dvar":0,"dvar2":0,"max":1,"mean":1,"median":1,"min":1,"var":0},"silence_rate_30dB":{"dmean":0.00103066221345,"dmean2":0.00206159008667,"dvar":0.00102954974864,"dvar2":0.00283023621887,"max":1,"mean":0.999355912209,"median":1,"min":0,"var":0.000643694249447},"silence_rate_60dB":{"dmean":0.0244782269001,"dmean2":0.0489627607167,"dvar":0.0238774958998,"dvar2":0.0537886880338,"max":1,"mean":0.193868353963,"median":0,"min":0,"var":0.156294718385},"spectral_centroid":{"dmean":179.607437134,"dmean2":280.697540283,"dvar":65234.84375,"dvar2":131689.25,"max":11655.8476562,"mean":1637.12182617,"median":1576.92944336,"min":218.717391968,"var":1303514.375},"spectral_complexity":{"dmean":2.331615448,"dmean2":3.64798355103,"dvar":7.0869641304,"dvar2":14.8671655655,"max":54,"mean":16.930311203,"median":17,"min":0,"var":107.045181274},"spectral_contrast_coeffs":{"dmean":[0.0430700443685,0.0365137606859,0.034329585731,0.0289958398789,0.0208170711994,0.0171734150499],"dmean2":[0.0718210637569,0.0589159168303,0.0553447417915,0.0466656833887,0.0334077551961,0.0261857435107],"dvar":[0.00145942403469,0.000939090678003,0.000861897424329,0.000577815924771,0.000311708456138,0.000286194815999],"dvar2":[0.00398197071627,0.00236975541338,0.00219338200986,0.00144554849248,0.000765404780395,0.000594704644755],"max":[-0.277632683516,-0.460910409689,-0.439300686121,-0.469619214535,-0.56746172905,-0.608350276947],"mean":[-0.66562718153,-0.731210410595,-0.721410930157,-0.727073132992,-0.762332141399,-0.750113606453],"median":[-0.674039006233,-0.732346177101,-0.72332662344,-0.732964456081,-0.759524703026,-0.737610936165],"min":[-0.974909186363,-0.988667786121,-0.97612708807,-0.971302568913,-0.969071626663,-0.963321328163],"var":[0.0100318752229,0.00522517506033,0.005847660359,0.00569907622412,0.00283202901483,0.00359774450772]},"spectral_contrast_valleys":{"dmean":[0.353800654411,0.301985114813,0.271259754896,0.233284533024,0.208571195602,0.222274467349],"dmean2":[0.594070792198,0.493879675865,0.436299741268,0.369138866663,0.308342188597,0.305547535419],"dvar":[0.119291163981,0.103392452002,0.0914898812771,0.0744465664029,0.0891019999981,0.102786801755],"dvar2":[0.276974916458,0.212179943919,0.174783468246,0.126801759005,0.134902611375,0.152546018362],"max":[-5.71799230576,-5.27571344376,-5.18640470505,-5.43197107315,-5.44566202164,-6.52477359772],"mean":[-8.19096374512,-7.64880657196,-8.00275802612,-8.23062324524,-8.33393955231,-11.5471258163],"median":[-7.44553899765,-7.248234272,-7.54265594482,-7.72296190262,-7.8241019249,-11.189748764],"min":[-28.2047023773,-28.0485153198,-27.6677455902,-27.6874961853,-27.4865283966,-27.4003295898],"var":[6.46173667908,5.60301446915,5.57537937164,5.65342235565,5.61050367355,3.93812680244]},"spectral_decrease":{"dmean":1.05143271867e-9,"dmean2":1.64287106141e-9,"dvar":2.72780529334e-18,"dvar2":7.02882415292e-18,"max":1.72358793904e-9,"mean":-4.37730207636e-9,"median":-3.38592642812e-9,"min":-2.98375724128e-8,"var":1.58155857785e-17},"spectral_energy":{"dmean":0.00439981976524,"dmean2":0.00684457598254,"dvar":0.0000786256277934,"dvar2":0.000207000382943,"max":0.432344406843,"mean":0.0183884724975,"median":0.0137648908421,"min":1.00989907453e-20,"var":0.000306216563331},"spectral_energyband_high":{"dmean":0.00020901625976,"dmean2":0.000328400259605,"dvar":0.0000218919449253,"dvar2":0.0000571603632125,"max":0.328169614077,"mean":0.000347303110175,"median":0.000116978619189,"min":6.86369673034e-21,"var":0.0000153851669893},"spectral_energyband_low":{"dmean":0.00160624308046,"dmean2":0.0026322149206,"dvar":0.0000150432015289,"dvar2":0.0000370294219465,"max":0.0742692574859,"mean":0.00399779574946,"median":0.0021575530991,"min":1.95716501026e-23,"var":0.0000320593608194},"spectral_energyband_middle_high":{"dmean":0.00264723226428,"dmean2":0.00404522707686,"dvar":0.0000227826658374,"dvar2":0.0000592193682678,"max":0.103856183589,"mean":0.00992681924254,"median":0.00404860591516,"min":1.12422821852e-21,"var":0.000159562114277},"spectral_energyband_middle_low":{"dmean":0.00168810586911,"dmean2":0.00271054031327,"dvar":0.0000125495398606,"dvar2":0.0000336794073519,"max":0.0576102435589,"mean":0.00455923657864,"median":0.00333651178516,"min":1.75338220137e-22,"var":0.0000218272489292},"spectral_entropy":{"dmean":0.111873224378,"dmean2":0.164614379406,"dvar":0.0148177696392,"dvar2":0.0297935586423,"max":9.82063579559,"mean":7.37281131744,"median":7.37154579163,"min":6.03716421127,"var":0.218576639891},"spectral_flux":{"dmean":0.0152044305578,"dmean2":0.0241649933159,"dvar":0.000425304868259,"dvar2":0.000952683622018,"max":0.6233522892,"mean":0.0595836006105,"median":0.0513824671507,"min":6.38231897887e-11,"var":0.00200469954871},"spectral_kurtosis":{"dmean":2.36721467972,"dmean2":4.08170843124,"dvar":6.12756061554,"dvar2":17.199886322,"max":39.2021751404,"mean":7.222468853,"median":5.6891040802,"min":-1.28069460392,"var":27.4101772308},"spectral_rms":{"dmean":0.000446962512797,"dmean2":0.000671586312819,"dvar":3.66083497738e-7,"dvar2":8.67380947511e-7,"max":0.0205377563834,"mean":0.00370463053696,"median":0.00366458203644,"min":3.13889691149e-12,"var":0.00000421567210651},"spectral_rolloff":{"dmean":280.329101562,"dmean2":476.184875488,"dvar":292440.8125,"dvar2":613005.0625,"max":19681.3476562,"mean":2036.30371094,"median":1679.58984375,"min":86.1328125,"var":7643390},"spectral_skewness":{"dmean":0.247169673443,"dmean2":0.407820552588,"dvar":0.0559841692448,"dvar2":0.142127275467,"max":4.84916877747,"mean":1.67458844185,"median":1.53755903244,"min":-0.104295283556,"var":0.438289701939},"spectral_spread":{"dmean":301801.375,"dmean2":456327.46875,"dvar":534302064640,"dvar2":1008690069500,"max":43136496,"mean":3506533.5,"median":2845209.75,"min":1612089.75,"var":16135343833100},"spectral_strongpeak":{"dmean":0.873827457428,"dmean2":1.46785008907,"dvar":2.40975165367,"dvar2":6.0791311264,"max":34.088722229,"mean":1.66713273525,"median":0.392828762531,"min":0,"var":5.96213626862},"zerocrossingrate":{"dmean":0.0062366258353,"dmean2":0.00761664658785,"dvar":0.0000859392239363,"dvar2":0.00011025142885,"max":0.58349609375,"mean":0.0687671452761,"median":0.05908203125,"min":0.0029296875,"var":0.00537192821503}},"metadata":{"audio_properties":{"analysis_sample_rate":44100,"bit_rate":320046,"codec":"mp3","downmix":"mix","equal_loudness":0,"length":180.218780518,"lossless":false,"md5_encoded":"d53fcb8e1de133c19d22fa5475f083d7","replay_gain":-8.07283782959,"sample_rate":44100},"tags":{"acoustid_fingerprint":["AQADtFOSKImiKJrAAwd2_EAOzc6IfMclDU02KRNw9MEZxcV1HM2jEj3Qm0i4Kwi_HO-CyoUfPDduJgnOJKUi5EiW4wzxo012fBf6PHjwJ0P6azhDBz8-Bc7W49ODT7iyo5_RVJXwzkLOC92DdEyLH8-KmySaB7rwG-fxi8PN4MiT4zJeoz4L-6hVHf_xC1eGHlMmIoe-IHeGm0YPMzraJDmeY6c4vEKuhIcmLgmcLOiRnJmFHw1KJbxwJeLx-GiSmOiZ49DD4zqe8nhQmWieFtd6PMmO_mhyDvuRL5AVI8sV8HlgPvjhLzjR04g-lDqeHGl5XMs13Dk-PsNx1A6eHodX3FKOBJGoo1Wo4z0-VLEEe8KZckgZXwipIz90PchCyZzh7KgS_nhG5EmhZzfyH_zhG4_xRB_GRMyRKxH0HTn6fGim5BGeRI9CPCPxB8eNK8kTfB9h3ThxD_lMXDcUPXB5aHvAMsJX_IP0I7Qf-Bgu5hpeuDoeHYeP8PgDXZnxoRbSHT-aHPmSDjnx6WhjeDyOI3FzpP2OJ3BHHr0SnDYeYazQKDmSkQyR40m24YmObj8my7iiBKXgTxq0M_hxfcVznIk6odeKhr1xqsVzhPCeoj-ePvj2Q-iHMA8enD6uaHEyPEAvNL2KJ7zxG38q-CSOWodzLYeTMijjHT9mHv1iXLuEwz-Y48L1Iz-0JHkRalV4_IuSgBd-lIoOV8eHR90z3DzKYVfRSymav_hxEiGZpQqSB9eCSwn8rOg3vMdz_BlCC09y6MSTJEdzYs7BXhGUG7k6oz-a4irxtQnKw89QkqiU50hvBdoaOUVMinhzTA-88AK7Y8ePH8mOuBqeSMpwHacNV35wMce_oPmOljn-IzqSpcfD45GyRMIfUcGtBM9y_IIb5IL2LMjx1LiO68cjIuPRQ-9haz5q5AcvHPuCvPgW3MEv4YGuHL0WNKuQR8PZYKReNEcfnALDI2WU48vhBxpJ4ctxbUoFcs2D6sOPfYsgHmWPL8V11C-ay8WnoUp7Io0XnEdjDWeEHz3CJK2hUFKGkObhn8FZG5fhG3_wY3qCeDsSr9Fx5fhwNDqq41yO4xNCi4GOH9aPPgv0Bzs_fNJQJhQ-oVaKJ0eIJh_64x2O_sQxeVE0pNWgJUcc9sFzCX_QU4cvIrSYQT_iJHwi3J0EHw_xoe-D49mCiatxLhv6ID-Sr4fP8GjHE-3R7AFv9GiqH3zwbEiqvMhXCk-PL9GFLtLRnPhxI1mXI43uDdeRwx-0Lzp-5GJwPfguPOGOUu_xHleRHmXF4LjGQ9p1vByyHxN-PIdx6ug2HtdxiUP4Q1-J9B-u48RhO3imGN-J4yv8GcksRgxeNOLRFy_6Hc0FuVkqXDyaM4erRNB-fEZ_o9lxaJuImBHh4_CPHyfxKHCUHeGhX8iZo3mUo5KJVcmDU0cvNKQS5BeSX-gv4kdEPhCfH12PWA_uB-HzIXmU4zl8_IGVovJxLWg4yfhF5Bb8HNqFo2FG9Pg3aNO7wXkgHhp5IXeIa2j6oXbxMDnh8HiqHLG4Hdr-48yLi0OZhUX-D72JptGIy8c3NLMydEf0QMpb-DfydD_orIRT7Zio46TxR0F4iEe3C0_o4E4g7sKPXMcX7EyDNjueSL3h-AiPMzF03DkupURzqPnxNviI5zguJrgO5UHtCI9wH