{"lowlevel":{"average_loudness":0.913450241089,"barkbands":{"dmean":[0.000194754538825,0.00322711560875,0.00130294042174,0.000530407007318,0.00133577361703,0.000661667669192,0.000682891404722,0.000742398726288,0.000730540545192,0.000497036904562,0.000352305301931,0.000582693552133,0.000942322716583,0.000638718367554,0.000527924799826,0.000278748455457,0.000275418511592,0.000176051762537,0.000269741372904,0.000219463079702,0.000118627947813,0.00010354234837,0.000113074194815,0.0000940609825193,0.0000509878191224,0.0000497047585668,0.0000142487679113],"dmean2":[0.0002971541835,0.00513788638636,0.00228782719932,0.000905013817828,0.00221267598681,0.00106910034083,0.00106375233736,0.00117142370436,0.00112566293683,0.000741310592275,0.000535989413038,0.000897130579688,0.00149602023885,0.000991888344288,0.000809582939837,0.000441763899289,0.000441877637058,0.000286647613393,0.000424534460763,0.000351618917193,0.000195131186047,0.000165676508914,0.00016880928888,0.000141405776958,0.0000725214267732,0.00008203159814,0.000024193108402],"dvar":[3.210641637e-7,0.0000955523064476,0.0000130976313812,9.57106635724e-7,0.00000509783467351,0.00000249006507147,0.00000392852689401,0.00000572148746869,0.0000043564778025,0.00000188172748494,9.40306506436e-7,0.00000177295294179,0.00000526445091964,0.00000161590116932,0.00000121693176425,2.40776984128e-7,2.37294528915e-7,1.33319389306e-7,3.85342900699e-7,1.69263145722e-7,6.0528336121e-8,1.21297404121e-7,2.72362314035e-7,1.65401687013e-7,2.20549463137e-8,1.8759253706e-8,1.83135839826e-9],"dvar2":[6.99117208569e-7,0.000228367454838,0.0000375700074073,0.00000263630545305,0.0000127991488625,0.00000601056262894,0.00000959993212746,0.0000138047325891,0.00000977885247266,0.00000413683619627,0.00000208913866118,0.00000420458354711,0.0000134156025524,0.00000384703844247,0.00000268892040367,5.63401215459e-7,5.55350368359e-7,3.31562773681e-7,8.17729642222e-7,4.10243785609e-7,1.59689264478e-7,2.85972646452e-7,5.71743669298e-7,3.42569876466e-7,4.16992236296e-8,4.86875570971e-8,4.834776135e-9],"max":[0.00767351081595,0.103145807981,0.0526567436755,0.0196754187346,0.0371305420995,0.0668054148555,0.0528522655368,0.0463032200933,0.0425236411393,0.0441557168961,0.0266845282167,0.0369240753353,0.0607379078865,0.0317080952227,0.0256775412709,0.0142742972821,0.0149429747835,0.0108931548893,0.0127686243504,0.00987014360726,0.00475707510486,0.0109953172505,0.0191862098873,0.0162825044245,0.00982938148081,0.00292576709762,0.000611978932284],"mean":[0.000203912612051,0.00318323052488,0.00208676722832,0.000792296370491,0.00244677369483,0.0010990339797,0.00133730692323,0.0011848990107,0.00136682309676,0.00103542918805,0.000621497281827,0.00121753162239,0.00213540531695,0.00130388932303,0.00107553729322,0.000614235410467,0.000570900272578,0.000338613375789,0.000488320423756,0.000468743906822,0.000228518008953,0.000157291200594,0.000173984051798,0.0001586208964,0.000100162149465,0.0000493845436722,0.0000122011206258],"median":[0.0000574857731408,0.000656597549096,0.000954242539592,0.000519768509548,0.00149656634312,0.000483749929117,0.000433152948972,0.000193710700842,0.000344957283232,0.000380952493288,0.000308407965349,0.000754029781092,0.000739346607588,0.000763748481404,0.000507269753143,0.000418034702307,0.000373786955606,0.000220509755309,0.000230618345086,0.000307095178869,0.000149882907863,0.0000484047995997,0.0000479777918372,0.0000566698508919,0.0000417514493165,0.00000784146868682,0.00000110576047518],"min":[3.16062170387e-24,1.1449517712e-23,8.20254887122e-24,1.39388250965e-23,8.67476495339e-24,1.30165362577e-23,1.09752458584e-23,4.03400116647e-23,3.35910952058e-23,3.08453827837e-23,1.06333148879e-23,4.11285160048e-23,6.77360464978e-23,5.59874905492e-23,6.89637980562e-23,6.95589399667e-23,1.08696222741e-22,1.81696880795e-22,1.9443759026e-22,1.95221175263e-22,3.64553172551e-22,4.02876489711e-22,5.17060887189e-22,8.0621003912e-22,1.08424061942e-21,1.55504371287e-21,2.27281222088e-21],"var":[3.29564983303e-7,0.0000866637055879,0.0000108688236651,0.00000104534422007,0.00000949481454882,0.00000488485602546,0.00000825511051517,0.00000987424755294,0.0000120447530207,0.00000691781679052,0.00000154356882831,0.00000329621707351,0.0000266704500973,0.00000340643873642,0.00000351904077434,5.53921779556e-7,4.57970230627e-7,1.93753791677e-7,7.7420213529e-7,3.06919474724e-7,7.90116985172e-8,1.79222524821e-7,4.23703625074e-7,2.86156307538e-7,5.21705310064e-8,1.75690111348e-8,1.43436784672e-9]},"barkbands_crest":{"dmean":2.24672436714,"dmean2":3.60003900528,"dvar":5.82774925232,"dvar2":14.2814321518,"max":23.7862491608,"mean":8.38512992859,"median":7.48573160172,"min":2.1841199398,"var":15.5564308167},"barkbands_flatness_db":{"dmean":0.0146464537829,"dmean2":0.0223604552448,"dvar":0.000246528710704,"dvar2":0.000551463686861,"max":0.456297725439,"mean":0.0929343923926,"median":0.0862138196826,"min":0.0133431600407,"var":0.00147045578342},"barkbands_kurtosis":{"dmean":1.10755980015,"dmean2":1.7641980648,"dvar":6.72994089127,"dvar2":16.2165164948,"max":118.366088867,"mean":0.662922084332,"median":-0.333479404449,"min":-1.84586346149,"var":13.3624238968},"barkbands_skewness":{"dmean":0.37573453784,"dmean2":0.560730099678,"dvar":0.20667976141,"dvar2":0.443335056305,"max":9.24504566193,"mean":0.689444959164,"median":0.572954833508,"min":-4.11549329758,"var":0.766111314297},"barkbands_spread":{"dmean":4.59665822983,"dmean2":7.07593917847,"dvar":28.6584720612,"dvar2":65.9241027832,"max":93.5868225098,"mean":27.1676311493,"median":26.429523468,"min":0.526963949203,"var":117.316795349},"dissonance":{"dmean":0.011251270771,"dmean2":0.0189941134304,"dvar":0.000157765462063,"dvar2":0.000434683752246,"max":0.500000059605,"mean":0.477857530117,"median":0.483244299889,"min":0.314291238785,"var":0.000359643541742},"dynamic_complexity":2.80067777634,"erbbands":{"dmean":[0.110480107367,0.688497245312,1.42735207081,1.6651031971,3.66657471657,4.29136419296,5.89672660828,4.18984556198,8.03192329407,10.5869779587,18.6682834625,17.4178371429,12.2553691864,15.6711568832,13.7523031235,24.0524311066,46.2928924561,31.0730648041,31.1699829102,16.5121173859,14.7920894623,14.4753704071,9.76735305786,11.176484108,13.0658979416,10.2818260193,7.03141260147,3.20257687569,3.65555739403,3.50106430054,3.33399438858,2.07292866707,1.57571220398,0.64076769352,0.377433657646,0.219800591469,0.0852178782225,0.0224933587015,0.00238855555654,0.000114938076877],"dmean2":[0.175018787384,1.15291428566,2.48047113419,2.85244250298,6.05843305588,7.18398857117,9.61923122406,6.55629634857,12.3508834839,16.7192058563,29.2471733093,26.77135849,18.3899917603,24.2159328461,20.8791542053,37.0773277283,72.8105621338,47.3577880859,48.2617378235,25.7534427643,23.2493724823,23.2660617828,15.827290535,17.6782817841,20.4314098358,16.4398975372,11.4932136536,5.26139307022,5.90495443344,5.45812606812,4.97161579132,3.07084774971,2.38151955605,0.931355655193,0.544270277023,0.335999310017,0.147713676095,0.0392939262092,0.00403292756528,0.000190407852642],"dvar":[0.123619817197,4.48778247833,15.9301633835,14.2341833115,52.7868041992,51.3089485168,146.046539307,161.877746582,556.501403809,1160.06005859,3432.65380859,2655.32739258,1098.25842285,2238.94042969,1050.61816406,3052.49658203,14143.2001953,3599.21313477,4373.56005859,1248.16333008,633.553894043,689.331298828,375.194732666,621.918945312,988.424560547,368.825042725,163.218902588,70.5796585083,149.171401978,150.030593872,303.46875,72.1834716797,57.4712371826,4.17195463181,1.2110517025,0.331864058971,0.0643617212772,0.00460023293272,0.0000504758609168,1.08159646572e-7],"dvar2":[0.285372763872,11.6056270599,45.0528564453,39.5568962097,124.249656677,137.266571045,358.43939209,372.445922852,1306.02453613,2898.03881836,8255.81640625,5876.97949219,2291.82983398,5754.0703125,2555.8840332,7114.9140625,35578.09375,8442.71875,10105.9404297,2786.65478516,1498.31677246,1595.49401855,940.341918945,1382.73742676,2086.11694336,894.745849609,422.406951904,187.866317749,360.652862549,335.824829102,643.942199707,142.005157471,124.139266968,7.66439723969,2.53015637398,0.789965748787,0.174479484558,0.0125137576833,0.000132609173306,2.82025581555e-7],"max":[3.26844120026,23.6819057465,52.6008758545,54.7252922058,135.799179077,203.200881958,342.801483154,657.363464355,775.646240234,768.608032227,1001.59674072,1190.87060547,1068.37646484,1742.32080078,968.769958496,1320.14428711,3372.40991211,1534.15991211,1529.45922852,1075.70263672,859.221008301,857.944641113,611.716003418,931.263305664,706.219482422,459.245849609,263.551391602,200.338119507,410.966400146,336.468505859,698.095153809,308.20425415,342.694396973,145.358108521,50.8488273621,18.0886440277,4.49574279785,0.826790750027,0.119622506201,0.00607696920633],"mean":[0.0948802754283,0.7136464715,2.31941151619,2.65543866158,5.73393678665,8.15251064301,9.34070777893,8.09201622009,16.6588668823,19.6540985107,30.9334011078,32.6685752869,25.4903430939,35.5194358826,32.668636322,53.8143959045,110.994590759,70.2950744629,66.4376602173,39.6021385193,34.5261459351,31.2345485687,20.5551490784,22.0425662994,24.1123695374,22.1717567444,14.8265857697,5.91830921173,5.54190540314,5.50704860687,4.99035978317,3.36133790016,2.59234499931,1.3054817915,0.656373083591,0.265944302082,0.0745360925794,0.0187813825905,0.00210035359487,0.000123963676742],"median":[0.00906388368458,0.221648514271,1.09592008591,1.85042333603,3.13921570778,5.10443258286,4.31194067001,3.38572788239,6.15360069275,5.15419960022,5.91047286987,8.70571899414,11.1011190414,13.265370369,21.5484104156,32.8404884338,38.4779891968,43.2569389343,33.9497108459,22.8732681274,23.8321037292,20.9845657349,14.0367660522,12.6630744934,11.0401535034,14.3579511642,10.4174060822,3.44752407074,1.85778272152,1.59389686584,1.33339166641,1.0863713026,0.919779717922,0.575062930584,0.230615586042,0.0545513182878,0.0102160926908,0.00229273992591,0.000215905558434,0.0000398259944632],"min":[1.38605461133e-22,3.85933999094e-21,1.20159551577e-20,4.20720797027e-20,4.40776824954e-20,4.92304231756e-20,1.13819121709e-19,9.97271241596e-20,2.69468766995e-19,5.72848630382e-19,8.23888588811e-19,9.22531686316e-19,5.70236135514e-19,1.20352980009e-18,9.14246024915e-19,2.18939570738e-18,2.95164326223e-18,2.49992654716e-18,3.39917113468e-18,5.00422226231e-18,4.28057901985e-18,7.31732986133e-18,9.82052728743e-18,1.01280978546e-17,1.2666232081e-17,9.79077111925e-18,1.38913717678e-17,1.07009485529e-17,1.38855848123e-17,1.35958639755e-17,1.23774517487e-17,1.26734500591e-17,1.46554186473e-17,9.92073360119e-18,7.21168814376e-18,5.25387777889e-18,3.06041544483e-18,1.18048413463e-18,2.85819310121e-19,2.88810563237e-20],"var":[0.112344019115,3.61728382111,13.5373697281,12.5750608444,82.0907287598,105.033149719,242.011871338,424.345825195,1321.421875,2258.91210938,6030.77636719,7530.04882812,2787.05297852,10764.9003906,1928.54638672,5979.47851562,75823.859375,8400.74902344,12223.8164062,3809.42358398,1360.89892578,1309.74523926,571.863708496,1292.30029297,1898.28283691,698.473999023,251.444519043,83.6405334473,207.791152954,252.403579712,440.540222168,127.464012146,92.7395019531,9.77955627441,2.37022638321,0.445715397596,0.0493281260133,0.00329927168787,0.0000404347483709,8.90525129194e-8]},"erbbands_crest":{"dmean":2.09778285027,"dmean2":3.31349754333,"dvar":4.25375461578,"dvar2":10.3399600983,"max":32.9773445129,"mean":8.86578273773,"median":7.34287261963,"min":2.38267326355,"var":26.5819149017},"erbbands_flatness_db":{"dmean":0.0157745908946,"dmean2":0.0219100508839,"dvar":0.000275358004728,"dvar2":0.000513967301231,"max":0.337996035814,"mean":0.155246511102,"median":0.151967301965,"min":0.0312543585896,"var":0.00193575629964},"erbbands_kurtosis":{"dmean":0.680813014507,"dmean2":1.06510138512,"dvar":1.15817177296,"dvar2":2.81721520424,"max":37.8150978088,"mean":0.773264706135,"median":0.287577629089,"min":-1.7311193943,"var":4.89926767349},"erbbands_skewness":{"dmean":0.235660642385,"dmean2":0.364254832268,"dvar":0.0554054416716,"dvar2":0.124795116484,"max":3.78346681595,"mean":-0.0413102060556,"median":-0.1118728742,"min":-5.12785816193,"var":0.321795970201},"erbbands_spread":{"dmean":5.55326318741,"dmean2":8.37215614319,"dvar":38.0691108704,"dvar2":83.8091812134,"max":123.904449463,"mean":30.6063652039,"median":28.2726135254,"min":2.5819542408,"var":179.609344482},"gfcc":{"cov":[[4420.30859375,-940.223083496,-30.2840137482,-132.916442871,-355.400482178,148.953796387,-146.395736694,200.328964233,-8.95589923859,47.3216247559,-108.229942322,41.0049362183,-125.17729187],[-940.223083496,1110.77282715,-320.637268066,95.0483322144,256.738189697,-105.80153656,150.433792114,-81.8961105347,55.8494644165,-23.3735141754,91.5667037964,-72.4733352661,79.1484603882],[-30.2840137482,-320.637268066,619.538085938,122.341766357,80.5277023315,82.9653778076,29.0303668976,60.5261497498,-3.64236736298,24.0874843597,-29.3377819061,74.3027954102,-31.4072608948],[-132.916442871,95.0483322144,122.341766357,233.256027222,78.6836547852,53.946144104,24.4449863434,0.821007072926,17.2120609283,1.76313745975,18.4927310944,-1.02670919895,10.9734516144],[-355.400482178,256.738189697,80.5277023315,78.6836547852,289.620849609,26.2325744629,117.807914734,-1.91680145264,10.2271680832,23.990146637,16.7916889191,-6.36682081223,19.2089443207],[148.953796387,-105.80153656,82.9653778076,53.946144104,26.2325744629,168.546707153,32.0249214172,47.5809745789,-23.8626041412,1.50607216358,-4.93697738647,0.0776174962521,0.240656584501],[-146.395736694,150.433792114,29.0303668976,24.4449863434,117.807914734,32.0249214172,166.903396606,33.1657752991,25.7062206268,-2.42452096939,9.91750144958,1.15389144421,-6.05817842484],[200.328964233,-81.8961105347,60.5261497498,0.821007072926,-1.91680145264,47.5809745789,33.1657752991,122.19065094,29.000793457,8.64351558685,-14.4610548019,2.10221600533,-10.2917709351],[-8.95589923859,55.8494644165,-3.64236736298,17.2120609283,10.2271680832,-23.8626041412,25.7062206268,29.000793457,104.998924255,27.863653183,8.82025241852,-2.44269800186,-15.2224283218],[47.3216247559,-23.3735141754,24.0874843597,1.76313745975,23.990146637,1.50607216358,-2.42452096939,8.64351558685,27.863653183,77.7542266846,25.9240455627,-0.364568412304,-3.7491543293],[-108.229942322,91.5667037964,-29.3377819061,18.4927310944,16.7916889191,-4.93697738647,9.91750144958,-14.4610548019,8.82025241852,25.9240455627,70.4564666748,16.4322834015,5.55798721313],[41.0049362183,-72.4733352661,74.3027954102,-1.02670919895,-6.36682081223,0.0776174962521,1.15389144421,2.10221600533,-2.44269800186,-0.364568412304,16.4322834015,66.4453277588,12.3137493134],[-125.17729187,79.1484603882,-31.4072608948,10.9734516144,19.2089443207,0.240656584501,-6.05817842484,-10.2917709351,-15.2224283218,-3.7491543293,5.55798721313,12.3137493134,69.2408981323]],"icov":[[0.000340154307196,0.000120448588859,0.00031139201019,-0.000130650776555,0.000172048414242,-0.000210908037843,0.000115557762911,-0.000444988865638,0.00018316929345,-0.000512510421686,0.000639474892523,-0.000668398570269,0.000616243749391],[0.000120448588859,0.00292142829858,0.00090291723609,-0.000728690531105,-0.00178291718476,0.00161261390895,-0.00139450491406,0.00048477773089,-0.00131461606361,0.00249607348815,-0.0035158963874,0.00324521865696,-0.00260636094026],[0.00031139201019,0.00090291723609,0.00364295486361,-0.00207439134829,-0.00117671152111,-0.000112942841952,0.00000837464995129,-0.00115993013605,0.000859084946569,-0.00163990969304,0.00275596627034,-0.00448243087158,0.00234317779541],[-0.000130650776555,-0.000728690531105,-0.00207439134829,0.00676007987931,-0.000835918239318,-0.0023702501785,0.00121932011098,0.00120224419516,-0.00242899311706,0.00229333620518,-0.00277854502201,0.00246466137469,-0.00151511235163],[0.000172048414242,-0.00178291718476,-0.00117671152111,-0.000835918239318,0.00753794889897,-0.000728353857994,-0.00373192247935,0.000713183835614,0.00173078104854,-0.00428533973172,0.00264603085816,-0.000535605358891,-0.000330052949721],[-0.000210908037843,0.00161261390895,-0.000112942841952,-0.0023702501785,-0.000728353857994,0.00968732777983,-0.00244607659988,-0.00288703199476,0.00298847444355,0.000633675546851,-0.00241435877979,0.00312083750032,-0.00204487098381],[0.000115557762911,-0.00139450491406,0.00000837464995129,0.00121932011098,-0.00373192247935,-0.00244607659988,0.0112482951954,-0.00267215701751,-0.00178218772635,0.00209030555561,0.0000857722043293,-0.0027630389668,0.00345017504878],[-0.000444988865638,0.00048477773089,-0.00115993013605,0.00120224419516,0.000713183835614,-0.00288703199476,-0.00267215701751,0.0125695932657,-0.00448128627613,0.000427137856605,0.000588725553825,0.00189756590407,-0.00197538733482],[0.00018316929345,-0.00131461606361,0.000859084946569,-0.00242899311706,0.00173078104854,0.00298847444355,-0.00178218772635,-0.00448128627613,0.0150557020679,-0.00715312827379,0.00328285084106,-0.0033510713838,0.00455100880936],[-0.000512510421686,0.00249607348815,-0.00163990969304,0.00229333620518,-0.00428533973172,0.000633675546851,0.00209030555561,0.000427137856605,-0.00715312827379,0.0226126983762,-0.0135154873133,0.00843193382025,-0.00421689264476],[0.000639474892523,-0.0035158963874,0.00275596627034,-0.00277854502201,0.00264603085816,-0.00241435877979,0.0000857722043293,0.000588725553825,0.00328285084106,-0.0135154873133,0.028550894931,-0.0153676532209,0.00666592363268],[-0.000668398570269,0.00324521865696,-0.00448243087158,0.00246466137469,-0.000535605358891,0.00312083750032,-0.0027630389668,0.00189756590407,-0.0033510713838,0.00843193382025,-0.0153676532209,0.0298436898738,-0.0115176830441],[0.000616243749391,-0.00260636094026,0.00234317779541,-0.00151511235163,-0.000330052949721,-0.00204487098381,0.00345017504878,-0.00197538733482,0.00455100880936,-0.00421689264476,0.00666592363268,-0.0115176830441,0.022231021896]],"mean":[24.0459327698,76.3260116577,-135.508209229,25.863861084,-47.617225647,16.1743030548,-38.9010009766,2.17115187645,-31.6365833282,2.71281647682,-13.7319955826,-8.02386283875,-11.022731781]},"hfc":{"dmean":7.87882995605,"dmean2":11.5954723358,"dvar":174.822143555,"dvar2":372.009460449,"max":270.573486328,"mean":27.2778949738,"median":20.5033473969,"min":1.16498688104e-16,"var":484.199188232},"melbands":{"dmean":[0.000931287941057,0.000768916099332,0.000311109615723,0.000325664936099,0.000179889393621,0.000100306300737,0.000130105137941,0.00012128653907,0.000157782953465,0.000105415296275,0.0000629200440017,0.0000675147457514,0.0000484209849674,0.0000641976730549,0.000090236615506,0.0000868802162586,0.0000613782540313,0.0000537359555892,0.0000331650735461,0.000019196239009,0.0000193895102711,0.000017206706616,0.0000122868250401,0.00000803896546131,0.0000097924939837,0.0000110691362352,0.00000879313120095,0.00000714778434485,0.00000557388102607,0.00000278899483419,0.00000167586222233,0.00000208294386539,0.00000224905193136,0.00000191337994693,0.00000197004851543,0.00000174529259311,0.0000011672641449,0.00000123522920603,8.16660815417e-7,5.01412557696e-7],"dmean2":[0.00147366954479,0.00129352824297,0.000522807706147,0.000547372270375,0.000292020908091,0.000158719194587,0.000200660826522,0.000191746366909,0.000245860574069,0.000160985000548,0.0000941932521528,0.000104178543552,0.0000733909619157,0.0000975938455667,0.000142333607073,0.000134134970722,0.0000942790647969,0.0000844267342472,0.0000513667619089,0.0000306500442093,0.0000307928494294,0.000027748354114,0.00002008647607,0.0000130324360725,0.0000156863934535,0.000017359303456,0.0000139789453897,0.0000115503817142,0.00000914802421903,0.00000465898483526,0.00000278664174402,0.00000341781719726,0.00000357670546691,0.00000301206819131,0.00000298179202218,0.0000026074244488,0.00000178452137334,0.00000190715775261,0.00000124196810702,7.38574101433e-7],"dvar":[0.00000831309716887,0.00000466958999823,3.85676855785e-7,3.15858812883e-7,1.21589025071e-7,7.86262219776e-8,1.39548888001e-7,1.46529387735e-7,2.34751965422e-7,9.41629139106e-8,2.92438571137e-8,4.08910167948e-8,1.39064253446e-8,2.39498536558e-8,4.38632383748e-8,4.39698979449e-8,1.52736703285e-8,1.40743408039e-8,5.3217115159e-9,1.37080935492e-9,1.14380882543e-9,9.85381221064e-10,5.40044731157e-10,2.74720302063e-10,5.00145203031e-10,7.53404783005e-10,4.06158939814e-10,1.60314775344e-10,9.28732021843e-11,4.59878524151e-11,2.17429199645e-11,4.74673321482e-11,6.78205824833e-11,4.54467886934e-11,9.61378823772e-11,8.7562387896e-11,2.1521531085e-11,3.4450491071e-11,1.19113078775e-11,2.4460446689e-12],"dvar2":[0.0000194516396732,0.0000124559355754,0.00000103712955024,8.30326825962e-7,2.9661302392e-7,1.81514053565e-7,3.3200319649e-7,3.62521262787e-7,5.61636227303e-7,2.05384537821e-7,6.04157008866e-8,1.04114420196e-7,3.36493286568e-8,5.79221541841e-8,1.08905432228e-7,1.00150600701e-7,3.64189247648e-8,3.33965424204e-8,1.22731833585e-8,3.2936884331e-9,2.78934275677e-9,2.344497263e-9,1.33507238598e-9,6.66769639501e-10,1.13572651284e-9,1.58478496992e-9,9.27957877206e-10,3.97032656752e-10,2.37823066795e-10,1.25484553304e-10,5.79771890219e-11,1.18429516194e-10,1.58631330294e-10,1.03954365949e-10,2.04941341675e-10,1.79947196033e-10,4.64965357883e-11,7.43824446481e-11,2.61524031597e-11,4.2561670334e-12],"max":[0.0272449050099,0.0269211884588,0.00864619668573,0.00878321938217,0.00932174175978,0.0153578417376,0.0109474342316,0.00764246331528,0.00825600884855,0.00729756103829,0.0055862609297,0.0074559035711,0.0038339914754,0.00474913837388,0.00486992532387,0.00559581443667,0.00353694823571,0.00301074655727,0.0021624059882,0.000935464631766,0.00111309578642,0.000893143878784,0.000846262497362,0.000492008868605,0.000872024800628,0.000700126751326,0.000601802545134,0.000283753703116,0.000238217180595,0.000132965185912,0.000132044326165,0.000228115051868,0.000319857615978,0.000158237497089,0.000383378064726,0.000386243831599,0.000202558236197,0.000248942465987,0.000167616090039,0.000130525382701],"mean":[0.000865267880727,0.00113100651652,0.000524396076798,0.000563208537642,0.000315545097692,0.000182458665222,0.000267364084721,0.000217593857087,0.000261260080151,0.000194080770598,0.000124297861475,0.000146750520798,0.000101390185591,0.000134364308906,0.000201318413019,0.000194182022824,0.000126075887238,0.000104829290649,0.0000681618330418,0.0000422403390985,0.000040528972022,0.0000339491089107,0.000023320042601,0.0000151037256728,0.0000179646322067,0.0000189263373613,0.0000158109487529,0.0000144644182001,0.0000110944047265,0.00000496036273034,0.00000272936540568,0.00000294323217531,0.00000334500646204,0.00000293618290925,0.0000028970969197,0.00000250747484642,0.00000187555826869,0.00000192851962311,0.00000140864460718,0.00000101748673842],"median":[0.000128006475279,0.000568782328628,0.00036607295624,0.000338820216712,0.00016297561524,0.0000763368007028,0.0000938372904784,0.0000510228928761,0.0000477236098959,0.0000509246601723,0.0000527297888766,0.0000513275044796,0.0000608648952038,0.0000811706413515,0.0000845769536681,0.0000710268941475,0.0000747353769839,0.0000512120241183,0.0000342562343576,0.0000270397904387,0.000026300225727,0.0000219823814405,0.0000152344809976,0.00000952010668698,0.00000999875101115,0.00000800591533334,0.00000825585448183,0.00000928487133933,0.00000759893555369,0.00000307232971863,0.00000136462472256,9.6354881407e-7,9.20121635772e-7,8.27859651054e-7,7.98098369614e-7,6.02759882895e-7,6.51442803701e-7,6.4955668222e-7,5.37573953352e-7,4.65913444714e-7],"min":[2.84814167196e-24,7.53631008283e-24,6.67648956146e-24,2.7572185501e-24,3.42256257301e-24,2.73675963974e-24,4.34869434764e-24,9.12021735163e-24,5.54264203301e-24,4.95297402839e-24,2.84112731801e-24,4.89708559984e-24,2.0431830739e-24,4.32529042231e-24,5.54977373003e-24,7.40515170214e-24,4.17544905437e-24,5.60111516432e-24,5.98432801486e-24,5.25480286035e-24,4.15276299246e-24,6.19381318369e-24,7.63480488887e-24,9.05688602043e-24,7.89379581266e-24,6.34144219121e-24,7.71066254238e-24,5.89824277972e-24,8.2276165042e-24,6.67474775658e-24,4.08543923623e-24,6.95751179261e-24,9.05841246628e-24,7.19112506108e-24,8.15866927223e-24,3.86652796845e-24,9.00180538545e-24,8.7914288038e-24,6.93444076658e-24,8.61574948021e-24],"var":[0.00000761439332564,0.00000403492094847,3.9468429236e-7,5.18197737165e-7,2.32869268757e-7,1.94884677285e-7,3.30022913886e-7,2.69811266662e-7,4.30519150996e-7,2.68802608616e-7,7.40125400966e-8,1.91953660078e-7,2.37141417614e-8,4.24996784432e-8,1.67240003179e-7,1.97697900717e-7,3.10417540561e-8,3.33506058325e-8,1.26437171843e-8,3.97176780353e-9,2.2096484642e-9,1.7564656396e-9,8.56298032481e-10,4.25833479589e-10,9.93824578188e-10,1.42980483009e-9,7.13111680817e-10,2.96626029295e-10,1.52713716672e-10,4.79893069727e-11,2.47561346423e-11,5.96096366712e-11,1.01440147948e-10,7.37469113554e-11,1.39561848189e-10,1.29324745357e-10,3.46133816054e-11,5.65970534327e-11,1.85753287751e-11,6.02246247663e-12]},"melbands_crest":{"dmean":3.00187921524,"dmean2":4.76232147217,"dvar":8.71809387207,"dvar2":21.0082454681,"max":31.2264900208,"mean":12.6413011551,"median":11.856713295,"min":1.77714574337,"var":25.5850296021},"melbands_flatness_db":{"dmean":0.0188746023923,"dmean2":0.0285872984678,"dvar":0.000478881178424,"dvar2":0.00101165100932,"max":0.606193423271,"mean":0.147644802928,"median":0.14018112421,"min":0.00496376538649,"var":0.00260967668146},"melbands_kurtosis":{"dmean":3.19296789169,"dmean2":4.98230981827,"dvar":60.0198364258,"dvar2":142.017150879,"max":274.448425293,"mean":4.60048818588,"median":1.74996948242,"min":-1.88282859325,"var":100.122932434},"melbands_skewness":{"dmean":0.517017066479,"dmean2":0.770438551903,"dvar":0.480722248554,"dvar2":1.01594996452,"max":11.9757423401,"mean":1.59961986542,"median":1.36047840118,"min":-1.52462732792,"var":1.5645570755},"melbands_spread":{"dmean":7.24078416824,"dmean2":11.0400981903,"dvar":95.145362854,"dvar2":188.344726562,"max":247.018417358,"mean":35.7685966492,"median":34.2262840271,"min":0.520553767681,"var":355.706695557},"mfcc":{"cov":[[3559.61206055,-673.794250488,28.8352622986,-292.738830566,-138.726104736,-146.861999512,-136.297698975,49.037979126,-32.7915153503,72.3551101685,70.6810379028,-69.8722991943,0.838882029057],[-673.794250488,849.149353027,-321.847595215,167.783859253,43.0965423584,39.6928367615,93.1581802368,-27.27318573,33.6439552307,10.5989017487,-24.2733058929,60.6422462463,13.5323238373],[28.8352622986,-321.847595215,455.246917725,37.3107833862,53.7067604065,33.9666824341,-2.95141673088,63.2007255554,7.86592435837,-7.75004434586,22.9613285065,-10.6328878403,-1.01134502888],[-292.738830566,167.783859253,37.3107833862,222.718414307,76.0720596313,59.0350494385,32.4235267639,13.4155464172,17.3131980896,18.2222061157,3.64508628845,18.8279953003,12.5198364258],[-138.726104736,43.0965423584,53.7067604065,76.0720596313,142.023101807,56.3059234619,51.0556755066,2.55361795425,31.3661689758,5.24038982391,3.39821839333,14.7615709305,0.029318889603],[-146.861999512,39.6928367615,33.9666824341,59.0350494385,56.3059234619,126.474273682,65.765953064,14.1978445053,15.7156162262,2.66414546967,-3.51653528214,22.4843769073,5.66105556488],[-136.297698975,93.1581802368,-2.95141673088,32.4235267639,51.0556755066,65.765953064,164.634338379,39.8635063171,41.5603637695,-7.12862110138,-6.36419487,29.1159000397,6.22903728485],[49.037979126,-27.27318573,63.2007255554,13.4155464172,2.55361795425,14.1978445053,39.8635063171,123.548728943,33.4787826538,20.2057132721,15.896027565,-5.84273481369,3.91284513474],[-32.7915153503,33.6439552307,7.86592435837,17.3131980896,31.3661689758,15.7156162262,41.5603637695,33.4787826538,93.0290908813,27.1135482788,9.30793857574,6.09975576401,-8.82965087891],[72.3551101685,10.5989017487,-7.75004434586,18.2222061157,5.24038982391,2.66414546967,-7.12862110138,20.2057132721,27.1135482788,89.7516784668,36.383228302,8.83015441895,4.8170042038],[70.6810379028,-24.2733058929,22.9613285065,3.64508628845,3.39821839333,-3.51653528214,-6.36419487,15.896027565,9.30793857574,36.383228302,78.5551300049,23.452413559,6.67870473862],[-69.8722991943,60.6422462463,-10.6328878403,18.8279953003,14.7615709305,22.4843769073,29.1159000397,-5.84273481369,6.09975576401,8.83015441895,23.452413559,71.4983978271,24.5443630219],[0.838882029057,13.5323238373,-1.01134502888,12.5198364258,0.029318889603,5.66105556488,6.22903728485,3.91284513474,-8.82965087891,4.8170042038,6.67870473862,24.5443630219,58.4181480408]],"icov":[[0.000376833486371,0.000299019477097,0.000184685995919,0.00021530900267,0.00000475354363516,0.000175714129,0.0000145435187733,-0.000164987199241,0.0000716113354429,-0.000292731245281,-0.000172347732587,0.000140859308885,-0.000129671010654],[0.000299019477097,0.00270218797959,0.00198372686282,-0.00187395792454,-0.0000294070177915,0.00052143225912,-0.000702322577126,-0.000218581320951,-0.00030190803227,-0.000028120335628,0.000508967263158,-0.00134443235584,0.000308088085148],[0.000184685995919,0.00198372686282,0.0041627921164,-0.00146947673056,-0.00118042831309,-0.000293624354526,0.000417630944867,-0.00179925432894,-0.0000266748902504,0.00109639752191,-0.000648299697787,-0.000468360318337,0.000206312368391],[0.00021530900267,-0.00187395792454,-0.00146947673056,0.00777109479532,-0.00262535200454,-0.00183807290159,0.00106210960075,-0.000518522399943,0.000587838178035,-0.00142944953404,-0.00000303392857859,0.000741122814361,-0.00126329355408],[0.00000475354363516,-0.0000294070177915,-0.00118042831309,-0.00262535200454,0.0110775697976,-0.00238637742586,-0.00193067197688,0.00232847779989,-0.00268565677106,0.000205755306524,-0.000651122827549,0.000279405619949,0.000358711986337],[0.000175714129,0.00052143225912,-0.000293624354526,-0.00183807290159,-0.00238637742586,0.0122517449781,-0.00377077842131,-0.000196917972062,0.00110180734191,-0.00111490592826,0.00159795454238,-0.00234163296409,0.00055433990201],[0.0000145435187733,-0.000702322577126,0.000417630944867,0.00106210960075,-0.00193067197688,-0.00377077842131,0.0106052309275,-0.00335294567049,-0.00284324074164,0.00239201937802,0.00119190569967,-0.00302951992489,-0.0000881709638634],[-0.000164987199241,-0.000218581320951,-0.00179925432894,-0.000518522399943,0.00232847779989,-0.000196917972062,-0.00335294567049,0.0116649596021,-0.00296340859495,-0.00146550184581,-0.00197097216733,0.00350781553425,-0.0018484442262],[0.0000716113354429,-0.00030190803227,-0.0000266748902504,0.000587838178035,-0.00268565677106,0.00110180734191,-0.00284324074164,-0.00296340859495,0.0154812494293,-0.00460272468626,0.000612274452578,-0.000803939881735,0.0033259280026],[-0.000292731245281,-0.000028120335628,0.00109639752191,-0.00142944953404,0.000205755306524,-0.00111490592826,0.00239201937802,-0.00146550184581,-0.00460272468626,0.0164165440947,-0.00665896013379,0.000449399609352,-0.0011897807708],[-0.000172347732587,0.000508967263158,-0.000648299697787,-0.00000303392857859,-0.000651122827549,0.00159795454238,0.00119190569967,-0.00197097216733,0.000612274452578,-0.00665896013379,0.0190049912781,-0.00765832373872,0.00141090434045],[0.000140859308885,-0.00134443235584,-0.000468360318337,0.000741122814361,0.000279405619949,-0.00234163296409,-0.00302951992489,0.00350781553425,-0.000803939881735,0.000449399609352,-0.00765832373872,0.0225767828524,-0.00831132475287],[-0.000129671010654,0.000308088085148,0.000206312368391,-0.00126329355408,0.000358711986337,0.00055433990201,-0.0000881709638634,-0.0018484442262,0.0033259280026,-0.0011897807708,0.00141090434045,-0.00831132475287,0.0213335901499]],"mean":[-613.382141113,109.613937378,-22.9454479218,13.7672700882,7.8996925354,8.27394199371,8.81070518494,-5.18187952042,-4.61606168747,2.06813359261,-5.75278139114,1.08302938938,-1.827516675]},"pitch_salience":{"dmean":0.0605664029717,"dmean2":0.0958482250571,"dvar":0.00356508465484,"dvar2":0.00831755623221,"max":0.845487833023,"mean":0.603490233421,"median":0.623670697212,"min":0.187489047647,"var":0.01221280545},"silence_rate_20dB":{"dmean":0,"dmean2":0,"dvar":0,"dvar2":0,"max":1,"mean":1,"median":1,"min":1,"var":0},"silence_rate_30dB":{"dmean":0.000393184804125,"dmean2":0.000786421122029,"dvar":0.000392958783777,"dvar2":0.00104819051921,"max":1,"mean":0.999737918377,"median":1,"min":0,"var":0.000262008456048},"silence_rate_60dB":{"dmean":0.00576671026647,"dmean2":0.0115341767669,"dvar":0.00573337823153,"dvar2":0.0123173100874,"max":1,"mean":0.0209029559046,"median":0,"min":0,"var":0.0204654503614},"spectral_centroid":{"dmean":210.523666382,"dmean2":329.25112915,"dvar":56275.9257812,"dvar2":126163.296875,"max":11071.4677734,"mean":1744.39465332,"median":1717.34460449,"min":140.339111328,"var":278890.375},"spectral_complexity":{"dmean":3.88623857498,"dmean2":6.10000658035,"dvar":16.2124652863,"dvar2":33.8351020813,"max":62,"mean":27.8661956787,"median":28,"min":0,"var":89.8024139404},"spectral_contrast_coeffs":{"dmean":[0.0496437996626,0.0444556362927,0.0329272225499,0.0276311468333,0.0199605692178,0.0161136407405],"dmean2":[0.0822974443436,0.0725319311023,0.0530567578971,0.0447462499142,0.0325737707317,0.0263889115304],"dvar":[0.00162128615193,0.00150371715426,0.000745856494177,0.000516783271451,0.000322499603499,0.000221387148486],"dvar2":[0.00431238859892,0.00387030583806,0.00181812304072,0.00129065220244,0.000752322375774,0.000568383722566],"max":[-0.317782670259,-0.36682626605,-0.416152626276,-0.452233761549,-0.566660881042,-0.594190478325],"mean":[-0.625739634037,-0.721890449524,-0.769784629345,-0.769735097885,-0.797521710396,-0.764620661736],"median":[-0.629007875919,-0.733255028725,-0.779496788979,-0.780924916267,-0.805081188679,-0.76713258028],"min":[-0.971603453159,-0.965503931046,-0.971122860909,-0.966372847557,-0.965768575668,-0.960530400276],"var":[0.00512816058472,0.00619401596487,0.003697716631,0.00350940716453,0.00145269546192,0.000819834589493]},"spectral_contrast_valleys":{"dmean":[0.434651851654,0.312112122774,0.260388553143,0.217487365007,0.196115553379,0.238968893886],"dmean2":[0.697255253792,0.512899041176,0.419446706772,0.350564152002,0.309933006763,0.317807734013],"dvar":[0.167102500796,0.0842474028468,0.0607476457953,0.047922026366,0.0606702528894,0.108706645668],"dvar2":[0.359467118979,0.200256198645,0.135431230068,0.10471586138,0.125931814313,0.195619404316],"max":[-5.16301584244,-4.63984537125,-5.00348949432,-5.48925590515,-5.41414308548,-7.19967412949],"mean":[-7.50194883347,-6.91260957718,-6.96216392517,-6.98728084564,-6.95497179031,-9.93374443054],"median":[-7.44134235382,-6.83483219147,-6.83242368698,-6.83489894867,-6.83974027634,-9.82620620728],"min":[-28.2630615234,-27.6626472473,-27.5934047699,-27.335603714,-27.3880023956,-27.3710823059],"var":[0.789957284927,0.645116150379,0.69482088089,0.664028286934,0.631821215153,1.06011748314]},"spectral_decrease":{"dmean":1.94210025839e-9,"dmean2":2.8669737695e-9,"dvar":1.11702072872e-17,"dvar2":2.42064380835e-17,"max":7.3564589604e-29,"mean":-5.82293591123e-9,"median":-4.39164260513e-9,"min":-4.77749111383e-8,"var":1.97690127982e-17},"spectral_energy":{"dmean":0.00789091363549,"dmean2":0.0115971323103,"dvar":0.000171141145984,"dvar2":0.00036938348785,"max":0.188905343413,"mean":0.0244513191283,"median":0.018717687577,"min":1.04834762494e-20,"var":0.000323284824844},"spectral_energyband_high":{"dmean":0.000548641895875,"dmean2":0.000822837930173,"dvar":0.00000186746774489,"dvar2":0.00000399790178562,"max":0.0308935344219,"mean":0.00113713613246,"median":0.000636430107988,"min":7.46763632053e-21,"var":0.00000364520133189},"spectral_energyband_low":{"dmean":0.00423473864794,"dmean2":0.00648400746286,"dvar":0.00013455899898,"dvar2":0.000302743370412,"max":0.117353722453,"mean":0.00587033247575,"median":0.00273936055601,"min":4.13959587843e-23,"var":0.00014463806292},"spectral_energyband_middle_high":{"dmean":0.00245103845373,"dmean2":0.00368524203077,"dvar":0.0000137192719194,"dvar2":0.0000302050902974,"max":0.067950181663,"mean":0.00952251441777,"median":0.00654822401702,"min":1.32725844779e-21,"var":0.0000669410219416},"spectral_energyband_middle_low":{"dmean":0.00303859030828,"dmean2":0.00468271784484,"dvar":0.000022442511181,"dvar2":0.0000504305280629,"max":0.0947967246175,"mean":0.00842437241226,"median":0.00545562291518,"min":2.7222436209e-22,"var":0.0000588398870605},"spectral_entropy":{"dmean":0.096734918654,"dmean2":0.143931001425,"dvar":0.0127233695239,"dvar2":0.024478700012,"max":9.81018447876,"mean":7.79082250595,"median":7.81549453735,"min":4.99516677856,"var":0.0965533033013},"spectral_flux":{"dmean":0.0239418577403,"dmean2":0.036573767662,"dvar":0.00100391649175,"dvar2":0.00213898252696,"max":0.394183695316,"mean":0.0805395469069,"median":0.0640682801604,"min":6.58047158431e-11,"var":0.00255593680777},"spectral_kurtosis":{"dmean":1.16803717613,"dmean2":1.99464654922,"dvar":2.11113858223,"dvar2":6.2599067688,"max":38.7080688477,"mean":4.40037536621,"median":4.19607210159,"min":-1.23018622398,"var":3.60570263863},"spectral_rms":{"dmean":0.000691107765306,"dmean2":0.000990623724647,"dvar":9.31050067265e-7,"dvar2":0.00000182198539278,"max":0.0135756358504,"mean":0.00459358422086,"median":0.00427330750972,"min":3.19809044698e-12,"var":0.00000275386128124},"spectral_rolloff":{"dmean":439.913818359,"dmean2":709.369445801,"dvar":569599.75,"dvar2":1165849.375,"max":19207.6171875,"mean":2028.07739258,"median":1787.25585938,"min":43.06640625,"var":1743592.625},"spectral_skewness":{"dmean":0.164320975542,"dmean2":0.272375911474,"dvar":0.0290314573795,"dvar2":0.0778118744493,"max":4.89059209824,"mean":1.4780960083,"median":1.48718178272,"min":-0.259742856026,"var":0.0768075510859},"spectral_spread":{"dmean":427698.125,"dmean2":617862.3125,"dvar":369092001792,"dvar2":707423371264,"max":41790248,"mean":4233730.5,"median":4004919,"min":1393491,"var":1959298727940},"spectral_strongpeak":{"dmean":0.658068716526,"dmean2":1.11173772812,"dvar":1.24566495419,"dvar2":2.98565816879,"max":15.2336778641,"mean":1.40061485767,"median":0.491977065802,"min":0,"var":3.66461420059},"zerocrossingrate":{"dmean":0.00960608571768,"dmean2":0.0113536668941,"dvar":0.000165013814694,"dvar2":0.00019465481455,"max":0.52197265625,"mean":0.0756146758795,"median":0.0693359375,"min":0.0087890625,"var":0.00121883256361}},"metadata":{"audio_properties":{"analysis_sample_rate":44100,"bit_rate":0,"codec":"flac","downmix":"mix","equal_loudness":0,"length":354.333343506,"lossless":true,"md5_encoded":"36ee0c80092d1ec121a38229a3d74913","replay_gain":-8.12900543213,"sample_rate":44100},"tags":{"album":["New York"],"albumartist":["Lou Reed"],"albumartistsort":["Reed, Lou"],"artist":["Lou Reed"],"artistsort":["Reed, Lou"],"asin":["B000002LGA"],"barcode":["075992582926"],"catalognumber":["7599-25829-2"],"date":["1989-01-10"],"discnumber":["01"],"disctotal":["01"],"file_name":"13_strawman.flac","genre":["Rock"],"label":["Sire Records"],"language":["English"],"media":["CD"],"musicbrainz_albumartistid":["9d1ebcfe-4c15-4d18-95d3-d919898638a1"],"musicbrainz_albumid":["877f9d7a-a1ea-464a-a8a1-a851ab1046c1"],"musicbrainz_artistid":["9d1ebcfe-4c15-4d18-95d3-d919898638a1"],"musicbrainz_discid":["2jZSOYAgxtH_EQPz8khK.Cx.Ts8-","Mu5fz7_4aoDXHe0I6uWQ9rHBxvY-","YB2ILoB1yfsUzVLpX1S2t65Bu08-","ZEsW7d1b0aM.PsR7A5j5B_FlwYk-","aHQm9rjqCKqedO8io7MXeEID5U8-","fm_j0a5GFYdjYy.rGKwGOZEBJ0w-","x67lAjrYgjignNC_pSZ3ElzcpF4-"],"musicbrainz_recordingid":["816c5185-9386-4050-b09e-fd99a94129e4"],"musicbrainz_releasegroupid":["bf543d9f-f0de-3f46-87b4-f9cddf58806b"],"musicip_puid":["f1172b66-5066-aa69-55e0-84dff52c6009"],"producer":["Fred Maher"],"releasecountry":["Europe"],"script":["Latin"],"title":["Strawman"],"tracknumber":["13"],"tracktotal":["14"]},"version":{"essentia":"2.1-beta2","essentia_build_sha":"70f2e5ece6736b2c40cc944ad0e695b16b925413","essentia_git_sha":"v2.1_beta2","extractor":"music 1.0"}},"rhythm":{"beats_count":785,"beats_loudness":{"dmean":0.0209662783891,"dmean2":0.0377476029098,"dvar":0.000289038463961,"dvar2":0.000884079257958,"max":0.119747512043,"mean":0.0415103435516,"median":0.0397485308349,"min":0.00000726628650227,"var":0.000409524829593},"beats_loudness_band_ratio":{"dmean":[0.297627151012,0.189870908856,0.0987383946776,0.12525