{"lowlevel":{"average_loudness":0.907332003117,"barkbands":{"dmean":[0.00000970020482782,0.00161020434462,0.0027997365687,0.00248216628097,0.00370664102957,0.000787881959695,0.00140826916322,0.00133134704083,0.00076723395614,0.000501895789057,0.000176382920472,0.000216102867853,0.000188360907487,0.000172817672137,0.000246204464929,0.000116721537779,0.000109630687803,0.0000659533834551,0.0000293131852231,0.0000283880890493,0.0000231385620282,0.000015757887013,0.0000125481301438,0.0000103291513369,0.00000581007225264,0.00000107421033135,5.17916696197e-8],"dmean2":[0.0000148991221067,0.0026722131297,0.00428066402674,0.00406371988356,0.00566091854125,0.00117177481297,0.0021065666806,0.00201318715699,0.0011634422699,0.000746767502278,0.000279203231912,0.000327705318341,0.000297799793771,0.000270774558885,0.000383387028705,0.000176972098416,0.000164470053278,0.0000974515205598,0.0000427505037806,0.0000412512999901,0.0000331144801748,0.0000224634222832,0.0000168732422026,0.0000141171249197,0.0000078346920418,0.00000142916223922,8.09567524129e-8],"dvar":[2.43285475099e-10,0.00000794956486061,0.0000218160894292,0.0000143074594234,0.0000234258368437,0.00000329495901497,0.000010088637282,0.0000127753846755,0.00000536040715815,0.00000154109989126,1.52045600998e-7,1.43500159311e-7,1.43814347098e-7,1.39991982451e-7,2.34560118884e-7,7.69134800294e-8,6.51186837786e-8,2.06958237214e-8,3.28434990315e-9,2.83324741446e-9,2.71998956691e-9,9.21116571906e-10,5.13187603524e-10,3.96321142571e-10,1.25144575258e-10,4.57652405556e-12,2.10139590733e-14],"dvar2":[4.97329011306e-10,0.0000221589743887,0.0000445487639809,0.0000393314476241,0.0000562665154575,0.00000705549200575,0.0000216316147998,0.0000286753984255,0.0000123040817925,0.00000357076442015,3.8870877006e-7,3.28427603336e-7,3.48824130469e-7,3.2445811371e-7,5.17521584698e-7,1.75049422069e-7,1.49264494098e-7,4.49812276315e-8,7.45895434306e-9,6.07820949128e-9,6.10202866014e-9,2.03238670338e-9,1.0001726114e-9,7.44795614072e-10,2.42090347768e-10,8.65130796862e-12,4.39319059104e-14],"max":[0.000425242906203,0.0565106682479,0.0880715176463,0.0532976016402,0.0694470256567,0.0643142089248,0.0637356564403,0.0634232088923,0.0618372373283,0.0402570106089,0.00841229408979,0.0129358591512,0.00957738142461,0.0126632498577,0.0116599695757,0.00712295202538,0.0055558946915,0.00381820392795,0.00115670659579,0.0010265794117,0.00107639853377,0.000480454764329,0.000331646646373,0.000562794855796,0.000345133681549,0.0000485951604787,0.00000649510957373],"mean":[0.0000134284173328,0.00299462559633,0.005989135243,0.00419857772067,0.0081612309441,0.00157624133863,0.00237138639204,0.00222032750025,0.00126026186626,0.000995883252472,0.000318041420542,0.000430977030192,0.00035402161302,0.000333775999025,0.000487932324177,0.000219368579565,0.00021475169342,0.000120282536955,0.0000552939236513,0.0000554047219339,0.0000410463399021,0.00002597184357,0.0000187752684724,0.0000158167858899,0.00000884259225131,0.00000164428797689,6.76945290934e-8],"median":[0.00000585310726819,0.00100899371319,0.00339241791517,0.00256173592061,0.00528712244704,0.000746876525227,0.000719610485248,0.000605985871516,0.000325471657561,0.000507656426635,0.000149191502715,0.000224063624046,0.000151942105731,0.000130734784761,0.000210296042496,0.0000689823646098,0.0000843836605782,0.0000450788647868,0.0000202039191208,0.0000239535274886,0.00000897340851225,0.00000735639878258,0.00000510210293214,0.00000430238151239,0.00000242013106799,4.362812831e-7,1.61267799115e-8],"min":[2.32269901459e-23,2.21881549971e-23,2.94877981309e-24,7.44238830345e-24,5.14626601275e-23,3.18188276744e-23,9.39030439291e-24,2.60469627783e-23,4.90431164461e-23,8.72817225662e-23,5.83610531062e-23,1.17588262865e-22,7.2596433105e-23,7.6070109526e-23,8.58694154213e-23,1.11845292366e-22,1.22271307229e-22,2.51439025819e-22,1.54464367362e-22,2.35323544158e-22,3.09380316571e-22,3.90176737905e-22,4.74561302532e-22,8.53168341344e-22,1.11299766651e-21,1.7742559658e-21,2.64934216999e-21],"var":[5.39295830215e-10,0.0000276294467767,0.0000630922368146,0.0000234385861404,0.0000726974903955,0.0000079550591181,0.0000246497565968,0.0000282498785964,0.0000121577004393,0.00000317573926623,3.1923642041e-7,4.10396040706e-7,3.27913824094e-7,3.50760700485e-7,6.8974890155e-7,2.14791484154e-7,1.67901390569e-7,5.01524404228e-8,9.2624734549e-9,7.90484033786e-9,6.7582193175e-9,2.05668371223e-9,1.11428533067e-9,9.3487217967e-10,2.68911060086e-10,1.00475504652e-11,3.89547741937e-14]},"barkbands_crest":{"dmean":2.24035549164,"dmean2":3.63680171967,"dvar":4.17073154449,"dvar2":10.5418758392,"max":24.8908462524,"mean":9.86965274811,"median":9.31628990173,"min":2.8582906723,"var":11.4191713333},"barkbands_flatness_db":{"dmean":0.0230245925486,"dmean2":0.0332358442247,"dvar":0.000449136801763,"dvar2":0.000921588565689,"max":0.468741089106,"mean":0.197521030903,"median":0.19165199995,"min":0.0504700727761,"var":0.00300104287453},"barkbands_kurtosis":{"dmean":3.19118070602,"dmean2":4.95405912399,"dvar":20.234588623,"dvar2":48.7757263184,"max":93.8132476807,"mean":6.46718215942,"median":4.09453344345,"min":-1.88018381596,"var":73.3959655762},"barkbands_skewness":{"dmean":0.505776822567,"dmean2":0.758842647076,"dvar":0.233278349042,"dvar2":0.515100836754,"max":8.24659633636,"mean":1.89818048477,"median":1.7917509079,"min":-2.03573489189,"var":1.29334187508},"barkbands_spread":{"dmean":2.90567660332,"dmean2":4.45267057419,"dvar":15.256280899,"dvar2":32.194103241,"max":133.984268188,"mean":12.2483234406,"median":9.38196182251,"min":0.604056417942,"var":128.671173096},"dissonance":{"dmean":0.0241779759526,"dmean2":0.0403183847666,"dvar":0.000498715380672,"dvar2":0.00131216016598,"max":0.5,"mean":0.44050565362,"median":0.446699947119,"min":0.276977717876,"var":0.00133529584855},"dynamic_complexity":2.68641471863,"erbbands":{"dmean":[0.0149721605703,0.477616339922,2.71292114258,6.05366849899,12.4681100845,12.2556695938,7.71867895126,6.07612943649,15.8463850021,24.6029186249,28.6496944427,15.3024015427,18.2774372101,11.4757089615,5.76077461243,9.70975208282,6.18918085098,10.3772306442,13.3123397827,8.21990966797,6.2396941185,4.58279418945,3.82419109344,1.99625360966,1.50939178467,1.21591579914,1.18890762329,0.744594633579,0.597303807735,0.449739307165,0.337705641985,0.246836528182,0.157970741391,0.0912264212966,0.0283058639616,0.00752845080569,0.00147023890167,0.000197129527805,0.00000987399198493,0.00000982865458354],"dmean2":[0.0256360750645,0.785332143307,4.17462825775,9.58818054199,19.808057785,18.349521637,11.0568237305,9.37370681763,23.3346118927,36.9672279358,43.0404090881,22.7836074829,27.8690185547,17.1555862427,8.93967247009,14.6158361435,9.66358661652,16.1558475494,20.493850708,12.4597883224,9.26981830597,6.75674438477,5.69386959076,2.89364671707,2.17605376244,1.74017238617,1.71181762218,1.06053888798,0.856890380383,0.616804540157,0.453061163425,0.346280813217,0.213734135032,0.126975446939,0.0372631475329,0.0098993498832,0.00197827583179,0.000267978786724,0.0000146888041854,0.0000146717547977],"dvar":[0.000483226700453,0.717046678066,23.1387290955,78.1683807373,332.678527832,338.350952148,217.698150635,270.42010498,1503.01391602,3826.55737305,6923.04589844,2535.78735352,2404.77978516,1130.26953125,133.271087646,246.964889526,175.889816284,454.48727417,677.805236816,322.81237793,201.816207886,105.108711243,63.3236579895,22.2416782379,8.39815330505,4.87101411819,7.83027458191,2.61308717728,1.3199814558,0.736943781376,0.363220483065,0.23613217473,0.0893125087023,0.0323696136475,0.00270881177858,0.000201886985451,0.00000985455244518,2.13711899733e-7,4.8250814455e-10,1.21895507577e-10],"dvar2":[0.00146399415098,1.91395485401,47.7170372009,204.283859253,801.907653809,797.88092041,458.088653564,591.491760254,3087.85888672,8390.9296875,15857.2158203,5796.53271484,5673.54248047,2685.43359375,309.648468018,585.277709961,440.409606934,1043.32800293,1531.34484863,723.863891602,436.29397583,241.405899048,141.136672974,50.0783615112,18.7378025055,9.61544132233,18.083940506,5.52112054825,2.92777919769,1.50562667847,0.697705388069,0.458672523499,0.161658868194,0.0640382319689,0.00518697546795,0.000385850056773,0.0000186104389286,4.04124932629e-7,1.01173391887e-9,2.55187176945e-10],"max":[0.37834995985,16.5895843506,94.2335128784,105.14855957,232.834686279,318.611358643,354.949737549,609.212402344,968.141845703,1330.58789063,1618.79333496,1650.74743652,1967.09753418,1579.60522461,289.758789063,295.488922119,399.305633545,827.664978027,595.909240723,406.664794922,336.951782227,195.823150635,164.342971802,119.114883423,59.9840049744,56.0804290771,58.467300415,37.9112815857,20.8295536041,16.1906833649,7.860227108,12.8853244781,7.76636600494,6.19309997559,1.12102544308,0.346709996462,0.0832886993885,0.0178316887468,0.000981642282568,0.000168169048266],"mean":[0.0262441821396,0.934920549393,6.06759929657,12.3158721924,22.8108692169,25.8916339874,16.7905006409,11.6952037811,28.2355232239,42.9439163208,49.5784378052,27.8835506439,36.0177459717,22.4064006805,12.5705366135,20.4233646393,13.2168045044,21.8989105225,26.6863460541,17.0131778717,13.2022361755,9.69850444794,7.34626865387,3.80728840828,2.94271850586,2.46855998039,2.20739984512,1.27473008633,0.987522602081,0.694346666336,0.504998803139,0.368575572968,0.2424261868,0.13494797051,0.043315012008,0.0115473130718,0.00225902837701,0.000301468098769,0.0000256468647422,0.0000369525478163],"median":[0.0168635826558,0.315229207277,2.9992108345,7.70099401474,13.7020111084,14.3171749115,8.53697013855,5.1775021553,10.4018449783,11.2231197357,12.0412597656,7.70681858063,16.4273605347,11.0441074371,7.72401189804,11.1627855301,6.70169639587,10.3679685593,12.3134469986,6.55311965942,5.07127571106,4.033452034,2.95057630539,1.43905770779,1.26121342182,1.09069681168,0.551919102669,0.290838629007,0.279672265053,0.207635775208,0.134777709842,0.0966851636767,0.067290790379,0.0364526957273,0.0119867054746,0.00310483807698,0.000582357810345,0.0000775818771217,0.0000189683032659,0.0000314425524266],"min":[4.22948115122e-22,5.85453395964e-21,5.37027504485e-21,1.25278507099e-20,1.28485382936e-19,1.36828287821e-19,1.76843938359e-19,2.26879072562e-19,1.73430642185e-19,1.20218410648e-19,8.68716349639e-19,1.13637204013e-18,2.13332671712e-18,2.39265983327e-18,3.40409968356e-18,4.59905679057e-18,3.69735589023e-18,3.7565940162e-18,3.84513129307e-18,5.98878101744e-18,4.94844547361e-18,7.91728395962e-18,1.25521655289e-17,9.5099813516e-18,9.92179818264e-18,1.04978848115e-17,1.46538387323e-17,1.12924075063e-17,1.24483618067e-17,1.19932470337e-17,1.29430257392e-17,2.04374640686e-17,1.17956021525e-17,1.09177575546e-17,8.77875286292e-18,5.38653149295e-18,2.77428994863e-18,1.4482645226e-18,3.64066641111e-19,4.06980616194e-20],"var":[0.000947955239099,2.63103961945,79.4343643188,181.093734741,693.38269043,1085.60229492,676.474914551,617.430664063,3735.95068359,9067.37109375,16103.40625,5953.94775391,5007.55224609,1866.42687988,342.701843262,763.058837891,415.749084473,1162.28857422,1850.82568359,1089.70788574,597.407897949,300.924621582,163.263977051,54.263343811,23.6059741974,15.1632547379,20.1281452179,6.17809915543,2.93897628784,1.55006670952,0.796782374382,0.520212352276,0.216978892684,0.065273553133,0.00617189705372,0.000446484598797,0.0000215750023926,4.54892756352e-7,1.04728248296e-9,6.10641093246e-10]},"erbbands_crest":{"dmean":2.60059428215,"dmean2":4.16284418106,"dvar":6.06292247772,"dvar2":14.9273042679,"max":27.8423728943,"mean":9.75798130035,"median":8.83204269409,"min":2.3332836628,"var":16.3743686676},"erbbands_flatness_db":{"dmean":0.0197634194046,"dmean2":0.0259869825095,"dvar":0.000354292918928,"dvar2":0.000600877276156,"max":0.339562952518,"mean":0.20117919147,"median":0.203446939588,"min":0.0323985442519,"var":0.00220407405868},"erbbands_kurtosis":{"dmean":0.951627135277,"dmean2":1.50860881805,"dvar":1.41219294071,"dvar2":3.44942688942,"max":25.0606784821,"mean":0.655100107193,"median":0.195404931903,"min":-1.63962650299,"var":3.3875849247},"erbbands_skewness":{"dmean":0.329069852829,"dmean2":0.499942481518,"dvar":0.0861280336976,"dvar2":0.198672428727,"max":3.08234548569,"mean":0.399590224028,"median":0.42612478137,"min":-2.68983459473,"var":0.62156522274},"erbbands_spread":{"dmean":5.92914199829,"dmean2":8.32195663452,"dvar":36.5270957947,"dvar2":63.5057067871,"max":110.025688171,"mean":29.4984893799,"median":26.2100296021,"min":3.26372146606,"var":206.380508423},"gfcc":{"cov":[[10942.9648438,231.063339233,-828.120849609,605.879882813,-734.608154297,79.8642044067,-568.835021973,114.31879425,-113.091964722,-27.0005226135,-186.639984131,-174.104797363,-89.4764938354],[231.063339233,1535.84643555,-133.955749512,-414.704803467,325.431671143,-264.519256592,159.943908691,-146.669387817,122.752609253,-129.981185913,123.844017029,-124.074829102,68.4630737305],[-828.120849609,-133.955749512,755.86328125,-3.58792161942,-102.231246948,132.040206909,10.8174991608,82.2958908081,-60.2884216309,13.9674940109,45.4226646423,59.2403182983,-32.3177528381],[605.879882813,-414.704803467,-3.58792161942,475.828674316,27.9920368195,62.4341812134,-23.3264904022,-2.58169770241,-58.1455154419,0.575311601162,-45.7277412415,17.7401351929,4.30998563766],[-734.608154297,325.431671143,-102.231246948,27.9920368195,394.892913818,-43.6970672607,97.7024002075,-83.6157226563,44.5904006958,-43.482093811,17.5359344482,-16.7644290924,39.3760299683],[79.8642044067,-264.519256592,132.040206909,62.4341812134,-43.6970672607,229.234817505,12.4996900558,29.0882225037,-36.0153198242,29.1275672913,-25.4663448334,32.3585700989,-23.1201705933],[-568.835021973,159.943908691,10.8174991608,-23.3264904022,97.7024002075,12.4996900558,201.149978638,-9.43799877167,3.94202280045,-16.3349437714,14.3568239212,-20.0740909576,2.77936220169],[114.31879425,-146.669387817,82.2958908081,-2.58169770241,-83.6157226563,29.0882225037,-9.43799877167,134.903182983,13.9413881302,12.7995319366,-4.08811283112,12.3928775787,-20.1935691833],[-113.091964722,122.752609253,-60.2884216309,-58.1455154419,44.5904006958,-36.0153198242,3.94202280045,13.9413881302,104.258628845,18.9696865082,10.4176340103,-20.7930011749,4.76542663574],[-27.0005226135,-129.981185913,13.9674940109,0.575311601162,-43.482093811,29.1275672913,-16.3349437714,12.7995319366,18.9696865082,105.385124207,18.4012069702,6.32911729813,-23.1858711243],[-186.639984131,123.844017029,45.4226646423,-45.7277412415,17.5359344482,-25.4663448334,14.3568239212,-4.08811283112,10.4176340103,18.4012069702,90.3855133057,9.17953681946,-9.53501605988],[-174.104797363,-124.074829102,59.2403182983,17.7401351929,-16.7644290924,32.3585700989,-20.0740909576,12.3928775787,-20.7930011749,6.32911729813,9.17953681946,78.7890090942,15.0363302231],[-89.4764938354,68.4630737305,-32.3177528381,4.30998563766,39.3760299683,-23.1201705933,2.77936220169,-20.1935691833,4.76542663574,-23.1858711243,-9.53501605988,15.0363302231,72.0673980713]],"icov":[[0.00046156195458,-0.00131607195362,0.000779863621574,-0.00141091714613,0.00126748590264,-0.00103228946682,0.0013913292205,-0.00110252411105,0.000872544071171,-0.000593016739003,0.000951849564444,-0.0000786871241871,0.000764992029872],[-0.00131607195362,0.00598920462653,-0.0024432586506,0.00543701648712,-0.00440438883379,0.00377292046323,-0.00453161355108,0.00442355126143,-0.00355499563739,0.00383910699748,-0.00513671152294,0.00282124383375,-0.00351138575934],[0.000779863621574,-0.0024432586506,0.00311163067818,-0.00241676624864,0.00237232120708,-0.00267477403395,0.0022942435462,-0.00286023784429,0.00236575328745,-0.000915636715945,0.000647208129521,-0.000968990614638,0.00162179255858],[-0.00141091714613,0.00543701648712,-0.00241676624864,0.00773338740692,-0.00506422156468,0.00327647547238,-0.00414297543466,0.00375645468011,-0.00168158498127,0.00258050952107,-0.00336938397959,0.00182522356045,-0.00331784319133],[0.00126748590264,-0.00440438883379,0.00237232120708,-0.00506422156468,0.00787407159805,-0.0031726367306,0.00226064771414,-0.00114055210724,0.000201377275516,-0.000770327926148,0.00254868739285,-0.00157043989748,0.00180139043368],[-0.00103228946682,0.00377292046323,-0.00267477403395,0.00327647547238,-0.0031726367306,0.00889955740422,-0.00434010801837,0.00263695372269,-0.00127401645295,0.000209211357287,-0.000185977900401,-0.00117289484479,-0.000394818518544],[0.0013913292205,-0.00453161355108,0.0022942435462,-0.00414297543466,0.00226064771414,-0.00434010801837,0.0105692604557,-0.00444295676425,0.00385483494028,-0.00189731630962,0.00233687995933,0.00127768784296,0.00220620841719],[-0.00110252411105,0.00442355126143,-0.00286023784429,0.00375645468011,-0.00114055210724,0.00263695372269,-0.00444295676425,0.0136601924896,-0.00670056138188,0.00362775032409,-0.00265683420002,-0.000473715364933,-0.000252808065852],[0.000872544071171,-0.00355499563739,0.00236575328745,-0.00168158498127,0.000201377275516,-0.00127401645295,0.00385483494028,-0.00670056138188,0.0167119819671,-0.00621765991673,0.00241929572076,0.00219143228605,-0.000165543038747],[-0.000593016739003,0.00383910699748,-0.000915636715945,0.00258050952107,-0.000770327926148,0.000209211357287,-0.00189731630962,0.00362775032409,-0.00621765991673,0.0154450340196,-0.00650574732572,0.00124561367556,0.000888933427632],[0.000951849564444,-0.00513671152294,0.000647208129521,-0.00336938397959,0.00254868739285,-0.000185977900401,0.00233687995933,-0.00265683420002,0.00241929572076,-0.00650574732572,0.0193042941391,-0.00629205163568,0.00588038749993],[-0.0000786871241871,0.00282124383375,-0.000968990614638,0.00182522356045,-0.00157043989748,-0.00117289484479,0.00127768784296,-0.000473715364933,0.00219143228605,0.00124561367556,-0.00629205163568,0.0205423012376,-0.0078844120726],[0.000764992029872,-0.00351138575934,0.00162179255858,-0.00331784319133,0.00180139043368,-0.000394818518544,0.00220620841719,-0.000252808065852,-0.000165543038747,0.000888933427632,0.00588038749993,-0.0078844120726,0.0205403082073]],"mean":[-45.5593566895,147.144470215,-117.069488525,22.1487560272,-49.7269096375,9.9840631485,-39.0324554443,-2.55455064774,-21.8672924042,-10.0284118652,-18.1853694916,-14.8441953659,-9.02328395844]},"hfc":{"dmean":3.02285122871,"dmean2":4.19063234329,"dvar":12.6719522476,"dvar2":24.3587055206,"max":85.939163208,"mean":13.2124090195,"median":11.0084228516,"min":1.24142035487e-16,"var":88.1666488647},"melbands":{"dmean":[0.000280783104245,0.00114126852714,0.00113059522118,0.000922856619582,0.000311691925162,0.000142782417242,0.000258016400039,0.000271268218057,0.000206497570616,0.00010371159442,0.0000923182524275,0.0000495387721458,0.0000228105382121,0.0000260293381871,0.0000165268247656,0.0000181373434316,0.0000200001795747,0.0000223249007831,0.0000128520214275,0.00000936978449317,0.00000863935474626,0.00000525456380274,0.00000444136821898,0.00000329965155288,0.00000160214756306,0.0000012367781892,0.00000104264904621,8.26265988962e-7,9.08778929443e-7,6.02600835009e-7,4.16355078414e-7,3.77906673066e-7,2.91842781053e-7,2.55896338786e-7,2.03805612387e-7,1.8349483355e-7,1.46682026525e-7,1.18022917661e-7,9.75683036586e-8,7.31727212155e-8],"dmean2":[0.000472728570458,0.00176796107553,0.00179597537499,0.00141819857527,0.000450376537628,0.000219157765969,0.000381162535632,0.000407912652008,0.000309189432301,0.000155123969307,0.000141181939398,0.0000741627882235,0.0000362612772733,0.0000395299575757,0.0000254738697549,0.0000283186400338,0.0000313697892125,0.0000345445732819,0.0000198630896193,0.0000142247245094,0.0000129915106299,0.0000077919139585,0.00000670302915751,0.00000491419450555,0.00000239426958615,0.00000182277995009,0.00000155585360062,0.00000121466507608,0.00000133586831907,8.92929165275e-7,5.98997530687e-7,5.58975500553e-7,4.24881307026e-7,3.62540191645e-7,2.84774330339e-7,2.53981482956e-7,2.13708588603e-7,1.62474108834e-7,1.36320792876e-7,1.0498479952e-7],"dvar":[2.21537035827e-7,0.0000038960774873,0.0000024478749765,0.00000152182030888,2.71765514981e-7,1.41540411391e-7,3.4813430716e-7,4.2307740955e-7,3.62599109849e-7,1.04098816678e-7,5.87981965339e-8,2.16023146038e-8,2.36335395698e-9,2.15851758689e-9,9.85902803841e-10,1.63598234959e-9,1.80552972573e-9,1.88481386054e-9,7.65689067705e-10,4.78059036801e-10,4.51650106204e-10,1.36183175847e-10,1.08797623688e-10,5.77797323875e-11,1.59349564793e-11,7.07651428775e-12,4.08691960482e-12,2.42159612675e-12,5.27029982156e-12,2.27855364784e-12,8.27500123545e-13,5.75123390752e-13,3.32900753405e-13,2.58315748349e-13,1.42317472911e-13,1.24341726152e-13,9.27200075615e-14,5.17999271948e-14,3.9711906452e-14,2.15104575997e-14],"dvar2":[6.47726892566e-7,0.00000837575771584,0.00000623286541668,0.00000371008081856,5.9082901771e-7,3.09219302608e-7,7.18700505331e-7,9.22378148971e-7,8.33736123695e-7,2.41444439553e-7,1.39107683594e-7,5.01419599175e-8,5.89113202665e-9,4.86828977131e-9,2.34673525057e-9,3.91118870624e-9,4.12080503054e-9,4.26708846035e-9,1.65996327794e-9,1.10687858879e-9,1.00189745389e-9,3.02026209598e-10,2.8110724859e-10,1.25871132961e-10,3.75850565948e-11,1.59975799968e-11,9.53021429134e-12,4.94314051497e-12,1.21392488076e-11,5.26113180799e-12,1.7914181423e-12,1.34583219135e-12,7.44466879636e-13,5.55274034218e-13,2.89789839261e-13,2.50694999699e-13,1.9068992533e-13,9.92365166278e-14,7.8944907252e-14,4.62564692496e-14],"max":[0.00925842300057,0.0380261577666,0.0207483023405,0.0193247403949,0.0104422187433,0.01403712295,0.0147614618763,0.0137337306514,0.01182874199,0.00905639585108,0.00951152201742,0.00652743177488,0.00117879977915,0.00174479780253,0.000833967700601,0.00110936560668,0.00146961945575,0.000876710284501,0.00068526173709,0.000677421863656,0.000490331440233,0.000236852778471,0.000202049748623,0.000184733056813,0.000097872914921,0.0000677002535667,0.0000429609717685,0.0000425457146775,0.0000590644085605,0.0000345118096448,0.0000202136488952,0.0000117036770462,0.00000875054774951,0.00000945187002799,0.00000501323802382,0.00000666723281029,0.00000878583523445,0.00000641964879833,0.00000499238649354,0.000005009173492],"mean":[0.000508775934577,0.00256920536049,0.0023535550572,0.00189810560551,0.000674525799695,0.000274457823252,0.000457499962067,0.00047616349184,0.000358356162906,0.000175779990968,0.00017856019258,0.0000913586191018,0.0000420994729211,0.0000529228163941,0.0000338693607773,0.0000345027692674,0.0000397306903324,0.0000421778677264,0.000026617110052,0.0000174597680598,0.0000165184083016,0.0000106389215944,0.00000806362641015,0.00000565528034713,0.00000270046484729,0.00000220153992814,0.00000190833998204,0.00000154955444032,0.00000155465420448,0.00000100059457964,6.36616334759e-7,5.86052294693e-7,4.4573837954e-7,3.66207444813e-7,2.90655719937e-7,2.62967972731e-7,2.08583173844e-7,1.75807414848e-7,1.41970915024e-7,1.03508106974e-7],"median":[0.000221231079195,0.00125016248785,0.00168335542548,0.00119019777048,0.000349362118868,0.000120401440654,0.000163783173775,0.000127373685245,0.0000742841948522,0.0000511167054356,0.0000843326706672,0.0000395043207391,0.0000210355519812,0.000028243081033,0.0000195153152163,0.0000130176094899,0.0000174635570147,0.0000178149421117,0.0000110559858513,0.000005828335361,0.00000570665815758,0.00000423945175498,0.00000295014865515,0.00000192732181858,8.85440272214e-7,7.65199558828e-7,8.82270853708e-7,6.2281725377e-7,3.51158035983e-7,1.97376621713e-7,1.43411611475e-7,1.53642332634e-7,1.29079523958e-7,1.00854798291e-7,7.56730642593e-8,6.72881412811e-8,5.24555403558e-8,4.93076903751e-8,3.62872611959e-8,2.76094045404e-8],"min":[6.66641896314e-24,4.97059126455e-24,5.35526863536e-24,1.20548761601e-23,6.27637418273e-24,5.32145411266e-24,2.40343455007e-24,1.64083462716e-24,7.11130732583e-24,6.95894357516e-24,1.18435221798e-23,9.37713357124e-24,8.85779646062e-24,1.32929136759e-23,1.15160100089e-23,5.38257308344e-24,7.12557229758e-24,6.057593077e-24,8.16924631924e-24,8.33137932337e-24,4.92543410533e-24,7.3627480619e-24,1.15531314365e-23,1.04863808668e-23,7.37965413996e-24,6.48602856222e-24,7.28660405189e-24,6.84566630461e-24,1.05023316343e-23,6.88496577719e-24,6.77274321367e-24,5.92962761083e-24,5.43047035103e-24,7.4807561313e-24,6.72688515153e-24,9.60398472403e-24,1.3687522411e-23,7.37150599567e-24,7.53987178981e-24,9.8235499575e-24],"var":[6.37201196696e-7,0.0000142398894241,0.00000530322813574,0.00000426901260653,8.72091504789e-7,3.27334078065e-7,8.73788849276e-7,0.00000101515877304,8.87394946858e-7,2.2320470805e-7,1.20587344554e-7,3.65506025446e-8,5.13653386491e-9,6.37732622266e-9,2.15422568672e-9,3.74502695522e-9,4.35899893958e-9,4.87202855837e-9,2.50083553865e-9,1.38954769913e-9,1.14835752019e-9,3.86095017069e-10,2.32453917226e-10,1.27857724408e-10,3.37633532244e-11,1.76255069567e-11,9.17866043587e-12,7.00050998073e-12,1.25104492738e-11,5.07249884457e-12,1.6608424705e-12,1.15515767524e-12,6.52605031647e-13,4.70286190633e-13,2.75659622082e-13,2.47683899215e-13,1.89868479554e-13,1.17185802078e-13,8.18537810232e-14,3.78731063438e-14]},"melbands_crest":{"dmean":3.01868367195,"dmean2":4.85490465164,"dvar":6.98378610611,"dvar2":18.6050205231,"max":32.8329391479,"mean":14.9270658493,"median":14.360502243,"min":2.53982210159,"var":24.1203289032},"melbands_flatness_db":{"dmean":0.0272762142122,"dmean2":0.0389408655465,"dvar":0.000637244665995,"dvar2":0.00127349141985,"max":0.620605349541,"mean":0.275066643953,"median":0.268373429775,"min":0.00639813253656,"var":0.00517344241962},"melbands_kurtosis":{"dmean":6.52960300446,"dmean2":9.82577514648,"dvar":102.849945068,"dvar2":235.430587769,"max":269.226501465,"mean":14.6045436859,"median":8.64890670776,"min":-1.72145748138,"var":381.679534912},"melbands_skewness":{"dmean":0.672830820084,"dmean2":0.992443919182,"dvar":0.422283828259,"dvar2":0.889394402504,"max":11.9934253693,"mean":2.72590255737,"median":2.50314927101,"min":-0.896081864834,"var":2.46856212616},"melbands_spread":{"dmean":3.65075588226,"dmean2":5.57063961029,"dvar":24.4800682068,"dvar2":53.8010215759,"max":150.272476196,"mean":13.5866918564,"median":10.1439561844,"min":0.471977829933,"var":157.722763062},"mfcc":{"cov":[[5803.55273438,-338.542388916,-154.820327759,179.896911621,-71.9345855713,-70.0709991455,-242.928634644,-69.331161499,-61.2752838135,75.67603302,13.2287845612,-17.1072292328,-118.34778595],[-338.542388916,1785.82629395,-284.755889893,-124.021705627,56.9816436768,-92.1468505859,9.84983253479,-15.7514152527,-10.4849977493,27.5896625519,7.06553697586,6.06418609619,30.8350563049],[-154.820327759,-284.755889893,788.453369141,-87.4256591797,-38.5765075684,-24.6457710266,72.13621521,68.6403808594,-46.6950378418,8.97930908203,-5.79591226578,-9.59522533417,64.5570068359],[179.896911621,-124.021705627,-87.4256591797,351.083984375,77.4158859253,51.9358406067,34.5501861572,7.75653171539,13.1758375168,-15.4501066208,-19.6521186829,-6.02054929733,-23.1518821716],[-71.9345855713,56.9816436768,-38.5765075684,77.4158859253,211.014343262,55.0757637024,-1.69804000854,12.1619024277,13.5264825821,-21.1464824677,-12.6488456726,4.85567474365,8.39257907867],[-70.0709991455,-92.1468505859,-24.6457710266,51.9358406067,55.0757637024,209.759872437,74.5337753296,3.3529047966,28.1117553711,-17.891708374,12.2060394287,-0.733301818371,-25.9395008087],[-242.928634644,9.84983253479,72.13621521,34.5501861572,-1.69804000854,74.5337753296,157.499191284,52.5765228271,-0.530870258808,0.0316601581872,7.15771055222,-2.32719326019,-1.00394177437],[-69.331161499,-15.7514152527,68.6403808594,7.75653171539,12.1619024277,3.3529047966,52.5765228271,115.871551514,24.0064201355,-6.35597419739,-7.26970815659,-7.75027370453,0.970716118813],[-61.2752838135,-10.4849977493,-46.6950378418,13.1758375168,13.5264825821,28.1117553711,-0.530870258808,24.0064201355,103.04927063,16.3558006287,-7.60136890411,-10.7265920639,-16.5312690735],[75.67603302,27.5896625519,8.97930908203,-15.4501066208,-21.1464824677,-17.891708374,0.0316601581872,-6.35597419739,16.3558006287,93.9047698975,35.2566223145,0.21436958015,0.462558209896],[13.2287845612,7.06553697586,-5.79591226578,-19.6521186829,-12.6488456726,12.2060394287,7.15771055222,-7.26970815659,-7.60136890411,35.2566223145,86.4072341919,27.7094497681,-3.12683534622],[-17.1072292328,6.06418609619,-9.59522533417,-6.02054929733,4.85567474365,-0.733301818371,-2.32719326019,-7.75027370453,-10.7265920639,0.21436958015,27.7094497681,75.3284835815,27.6358146667],[-118.34778595,30.8350563049,64.5570068359,-23.1518821716,8.39257907867,-25.9395008087,-1.00394177437,0.970716118813,-16.5312690735,0.462558209896,-3.12683534622,27.6358146667,87.7998886108]],"icov":[[0.000207234261325,0.0000174606175278,0.00000194807648768,-0.000150569132529,0.000110595909064,-0.000106982246507,0.000452053529443,-0.000155114452355,0.000287772563752,-0.000287711096462,0.000088306296675,-0.0000686892308295,0.000277238199487],[0.0000174606175278,0.000696953618899,0.000359329394996,0.00036983093014,-0.000415761140175,0.000507222197484,-0.000548887997866,0.000128418992972,0.0000896865385585,-0.000196834633243,0.00000418693434767,0.000149146319018,-0.00023489150044],[0.00000194807648768,0.000359329394996,0.00177157984581,0.000523150491063,-0.0000343702376995,0.000227352691581,-0.00078366114758,-0.000814893166535,0.00084471644368,-0.000408446765505,0.000149756451719,0.000664056744426,-0.0012602013303],[-0.000150569132529,0.00036983093014,0.000523150491063,0.0037049476523,-0.00146329053678,0.00022532811272,-0.00157657917589,0.00033005719888,-0.000119559350424,0.0000195195443666,0.000819508684799,-0.000116858958791,0.000487576500745],[0.000110595909064,-0.000415761140175,-0.0000343702376995,-0.00146329053678,0.00624451134354,-0.0023049202282,0.00212220288813,-0.00139391887933,0.0000808066106401,0.000472695595818,0.000498785520904,-0.000307255133521,-0.00117647764273],[-0.000106982246507,0.000507222197484,0.000227352691581,0.00022532811272,-0.0023049202282,0.00816790573299,-0.00506293727085,0.00274387956597,-0.00281433947384,0.0024208559189,-0.00202696048655,0.000139486583066,0.00145638268441],[0.000452053529443,-0.000548887997866,-0.00078366114758,-0.00157657917589,0.00212220288813,-0.00506293727085,0.0120209911838,-0.00543787190691,0.00277895410545,-0.00178705889266,0.00015121512115,-0.000121900287922,0.0000379117918783],[-0.000155114452355,0.000128418992972,-0.000814893166535,0.00033005719888,-0.00139391887933,0.00274387956597,-0.00543787190691,0.0125762932003,-0.00432163942605,0.00223779235967,-0.000547925475985,0.000653854222037,0.000123884179629],[0.000287772563752,0.0000896865385585,0.00084471644368,-0.000119559350424,0.0000808066106401,-0.00281433947384,0.00277895410545,-0.00432163942605,0.0132488328964,-0.00456024054438,0.00286248512566,0.00004226342935,0.00155134091619],[-0.000287711096462,-0.000196834633243,-0.000408446765505,0.0000195195443666,0.000472695595818,0.0024208559189,-0.00178705889266,0.00223779235967,-0.00456024054438,0.015286735259,-0.0074328253977,0.00263047101907,-0.00142018683255],[0.000088306296675,0.00000418693434767,0.000149756451719,0.000819508684799,0.000498785520904,-0.00202696048655,0.00015121512115,-0.000547925475985,0.00286248512566,-0.0074328253977,0.01777260378,-0.00723567930982,0.00307336216792],[-0.0000686892308295,0.000149146319018,0.000664056744426,-0.000116858958791,-0.000307255133521,0.000139486583066,-0.000121900287922,0.000653854222037,0.00004226342935,0.00263047101907,-0.00723567930982,0.0185243766755,-0.00669639185071],[0.000277238199487,-0.00023489150044,-0.0012602013303,0.000487576500745,-0.00117647764273,0.00145638268441,0.0000379117918783,0.000123884179629,0.00155134091619,-0.00142018683255,0.00307336216792,-0.00669639185071,0.015959456563]],"mean":[-683.383178711,172.127502441,-1.81406116486,17.1955280304,9.39846801758,6.53603601456,-2.71156382561,-0.116160310805,-0.239644050598,0.827693104744,-5.39745950699,-4.70084238052,-6.55391645432]},"pitch_salience":{"dmean":0.063473187387,"dmean2":0.102303519845,"dvar":0.0029935168568,"dvar2":0.00791808217764,"max":0.811251819134,"mean":0.531739354134,"median":0.539221942425,"min":0.107407420874,"var":0.00943740829825},"silence_rate_20dB":{"dmean":0,"dmean2":0,"dvar":0,"dvar2":0,"max":1,"mean":1,"median":1,"min":1,"var":0},"silence_rate_30dB":{"dmean":0.00626713689417,"dmean2":0.0125367287546,"dvar":0.00622808141634,"dvar2":0.016298417002,"max":1,"mean":0.993929922581,"median":1,"min":0,"var":0.00603299634531},"silence_rate_60dB":{"dmean":0.00313356844708,"dmean2":0.00626836437732,"dvar":0.00312361703254,"dvar2":0.00857923831791,"max":1,"mean":0.0231055412441,"median":0,"min":0,"var":0.0225718617439},"spectral_centroid":{"dmean":129.50390625,"dmean2":191.802658081,"dvar":35765.3398438,"dvar2":71645.71875,"max":11403.8632813,"mean":721.508361816,"median":588.35736084,"min":133.446670532,"var":252460.3125},"spectral_complexity":{"dmean":2.02193498611,"dmean2":3.20274233818,"dvar":3.40642857552,"dvar2":7.74795007706,"max":50,"mean":15.0838069916,"median":15,"min":0,"var":30.3292808533},"spectral_contrast_coeffs":{"dmean":[0.0514087416232,0.0438451059163,0.0353775210679,0.029396219179,0.0228056721389,0.019398868084],"dmean2":[0.0853457227349,0.0697688236833,0.055748257786,0.0474367961287,0.0352628976107,0.0302523449063],"dvar":[0.00174502038863,0.0012473462848,0.000834174337797,0.000556969142053,0.000361126789358,0.000339079037076],"dvar2":[0.00485418131575,0.00314963818528,0.00203457288444,0.00142061442602,0.000808207667433,0.000761919829529],"max":[-0.321527510881,-0.427099466324,-0.465928047895,-0.581034421921,-0.620472729206,-0.605560600758],"mean":[-0.563818633556,-0.705496013165,-0.729125440121,-0.755106151104,-0.779191315174,-0.788930118084],"median":[-0.560330033302,-0.710825800896,-0.730696976185,-0.758053779602,-0.781574845314,-0.794615268707],"min":[-0.967093110085,-0.978024184704,-0.966823935509,-0.963789582253,-0.959770083427,-0.960877537727],"var":[0.00643110321835,0.0055756024085,0.00369181321003,0.00248552020639,0.00215502339415,0.00211957236752]},"spectral_contrast_valleys":{"dmean":[0.411247849464,0.313663005829,0.277750790119,0.260102450848,0.29000839591,0.415900111198],"dmean2":[0.676060259342,0.496640950441,0.43859282136,0.395011693239,0.373524308205,0.49743270874],"dvar":[0.13638035953,0.0896419137716,0.0715624094009,0.0684270709753,0.0922626852989,0.206333041191],"dvar2":[0.329831153154,0.195347368717,0.149752259254,0.131878241897,0.144419923425,0.361806660891],"max":[-5.59950351715,-4.92995929718,-5.36672401428,-5.59119224548,-6.22506809235,-8.53423213959],"mean":[-7.19128704071,-6.86739301682,-7.5460190773,-8.06207370758,-8.46600818634,-11.1395816803],"median":[-7.0547580719,-6.72764492035,-7.39907550812,-7.95057821274,-8.35825443268,-10.9964666367],"min":[-27.4257011414,-27.7308139801,-27.4389629364,-27.3748950958,-27.3594493866,-27.3425388336],"var":[1.28000104427,1.40784072876,1.20541298389,1.29913580418,1.36931717396,1.63708436489]},"spectral_decrease":{"dmean":2.28895413734e-9,"dmean2":3.45097594945e-9,"dvar":6.74741399981e-18,"dvar2":1.42690293483e-17,"max":1.48973016388e-28,"mean":-8.28900237337e-9,"median":-6.99022129069e-9,"min":-3.90418186669e-8,"var":3.25757290985e-17},"spectral_energy":{"dmean":0.00885727908462,"dmean2":0.0133222918957,"dvar":0.000100268262031,"dvar2":0.000211599472095,"max":0.150588512421,"mean":0.0324830673635,"median":0.0273162834346,"min":1.10741874121e-20,"var":0.0004913766752},"spectral_energyband_high":{"dmean":0.0000703463301761,"dmean2":0.0000892464158824,"dvar":1.27676083039e-8,"dvar2":2.29265335605e-8,"max":0.00182421586942,"mean":0.000141389406053,"median":0.0000520995163242,"min":8.16644076383e-21,"var":4.41548841934e-8},"spectral_energyband_low":{"dmean":0.00486978655681,"dmean2":0.00755512202159,"dvar":0.0000516842301295,"dvar2":0.000114577895147,"max":0.133065506816,"mean":0.011579291895,"median":0.00713008549064,"min":3.35108396528e-23,"var":0.000183395735803},"spectral_energyband_middle_high":{"dmean":0.000876402133144,"dmean2":0.00127263041213,"dvar":0.00000188332626294,"dvar2":0.00000379184666599,"max":0.0577216334641,"mean":0.00320063345134,"median":0.00232391385362,"min":1.38195526092e-21,"var":0.0000103914489955},"spectral_energyband_middle_low":{"dmean":0.00664333254099,"dmean2":0.0100656757131,"dvar":0.0000628508860245,"dvar2":0.0001428288233,"max":0.104327954352,"mean":0.0202774181962,"median":0.015834743157,"min":2.08160033966e-22,"var":0.000266159127932},"spectral_entropy":{"dmean":0.196516126394,"dmean2":0.273678481579,"dvar":0.0375526733696,"dvar2":0.0690800920129,"max":9.80248641968,"mean":6.93132972717,"median":6.92762804031,"min":4.84830617905,"var":0.253976076841},"spectral_flux":{"dmean":0.0219245217741,"dmean2":0.0353414863348,"dvar":0.000485879456392,"dvar2":0.00118858704809,"max":0.267273455858,"mean":0.0750205293298,"median":0.0700801759958,"min":6.99604610355e-11,"var":0.00139105541166},"spectral_kurtosis":{"dmean":4.70162391663,"dmean2":7.56314373016,"dvar":40.4056396484,"dvar2":105.001594543,"max":125.463050842,"mean":11.2860422134,"median":8.37841320038,"min":-1.22186636925,"var":118.664001465},"spectral_rms":{"dmean":0.00074910488911,"dmean2":0.00110969005618,"dvar":5.51931634618e-7,"dvar2":0.00000113280839287,"max":0.0121208755299,"mean":0.00527723738924,"median":0.0051623666659,"min":3.28695686121e-12,"var":0.00000384165241485},"spectral_rolloff":{"dmean":201.050216675,"dmean2":336.331848145,"dvar":188603.71875,"dvar2":422641.75,"max":18992.2851563,"mean":826.92175293,"median":581.396484375,"min":107.666015625,"var":1412745},"spectral_skewness":{"dmean":0.406928241253,"dmean2":0.628293573856,"dvar":0.180719643831,"dvar2":0.452147811651,"max":9.18057823181,"mean":2.35465550423,"median":2.23597145081,"min":0.00952184107155,"var":0.885533571243},"spectral_spread":{"dmean":551793.0625,"dmean2":738491.125,"dvar":591153266688,"dvar2":1126779715580,"max":40571708,"mean":3272675.5,"median":2919332.75,"min":725600.25,"var":2610012094460},"spectral_strongpeak":{"dmean":0.444099873304,"dmean2":0.740981698036,"dvar":0.424408584833,"dvar2":1.03843164444,"max":7.37280750275,"mean":0.86660951376,"median":0.587591588497,"min":0,"var":0.778828501701},"zerocrossingrate":{"dmean":0.00536937220022,"dmean2":0.00640093209222,"dvar":0.0000557905477763,"dvar2":0.0000858560597408,"max":0.50927734375,"mean":0.0338040366769,"median":0.02880859375,"min":0.00390625,"var":0.00080967717804}},"metadata":{"audio_properties":{"analysis_sample_rate":44100,"bit_rate":192000,"codec":"mp3","downmix":"mix","equal_loudness":0,"length":118.543670654,"lossless":false,"md5_encoded":"d688e0e6f134d2894b572e165ace1b52","replay_gain":-5.37286186218,"sample_rate":44100},"tags":{"acoustid_fingerprint":["AQADpFoSJVKSScnwU8ONf8KPL-gYGrHeIfnRPMuH54KZN0N5xJkILfkSIryOK0-EaygPO0EcqMivoFwe_Hh5VMcjDleuwE63GKGH_tCDHGeORy2-o34iVGmCNN6Q7BLOHA-uIPwNLXUQZmtQmzmeWEGlp2gkCqck6cNxeUTzKfjgiyiNX3EQTp1GJMyPH7VuHEezI7SSI1kyleiiJjxuUQtqH83K49tR2UIjP_ipoOnRS3LwcnieI_kRNjyaM8c7J_hxCl3WwDmRkDkRfmHR1GKEXqmGo_qioFElDdcVfJfhKkscnNtx7cEJLRd65ng-nM8Be0N-JD-D_sMlDj3KHE2349KIa8d4PGFZXKKR_SV4NLvxHW_GIY8WdOOH8kQYHieOptDYPFDuET2cHO14aCwnHHlwGo4nIyxz6ApCLTvhpPgV7K1gJ0L6G_qO9J2CPtYw5ttR0YOf48d5_EPjRMf34MdzhNKKP0HnHeeDE21siPaIPmPxCxearUevGNqhMxd8IdeOn4J3Gc8oeBT6o0viI-GRNznuHedh5whLDsm34zv6oAkd4zlOoTAj2ahzvMczSUX-MFAfI841lMrhiuiDHz9yJC-uPLhOHMlyDqGW8XiOn3ieoHlQG0WYOoMuhvhyGaHMw4oeHimPkNJxw06m4sQ_JXhCoZk4IekWhMcTUniCJ4eTHXdO1G6RLFci5Pxx6ShL1Tj5CCUp_CnuEc3RL8cfEt-RtEd4HU0kJzgf_NNwNA_SB8mc4j9OocmssOji4_ck5DK0uDlqs0HPNEEz0sd3PO_QVEtShFYiA9fwCH12wyeaKWGG_DmSJ-gTB1-Kiz8sRUelJRd-BQ-O46KFR8_RDmI65eiuB79xHLaIawhPJMuDpzgTqTme7UGe7zgJIw9uJrgYvEmOLpLyHF9O6PCPPntwHj-aM4ffEeF1JGeMH8d3PBOTFM3DDVVenEt2PEfCMUTk7HiA7JKgK1GMmCaeZMcv9DmaH_iR7-jBF5eN99hF_IF-HP0cVFsNhzs6fRo0VSP8XYj0I3xCND2J_9C-EVOiF3FmHT0eGn58HM8mCs1z4jjiJpDLI--KPpmDHMmH__DyCuXCFz-uo_kRPngYqJR0hOfhUsd5HV534cS3C1Z4HHGFZJbwOLguXBnx6EVI-UgYB59ooWrT4PjRJ_B4PNl0eFKxPYqOHvEjyHdIRD_KRQq-wDt6HP_xpUYuHseXRwh3k3A0H9_Rh2LQwz1yCclyhbiUKAt-4XqSonEYJPuOfhBvpD96Ez_uKsK5JFOE5kdyIh_a4yrKw_JyhB6SxXNQq8Mf3EfRaTn24xPCVMzxQ0uVJQdvCWTGo8UzTfimQTt6NA_iEeXhwyfK52izGZ5n9DhCO3g2mOlxnCKcKdCsQLsKvzx6xcMVvHuEo3mMySJy5egvnBT8I9y2FA_040hfZrge5K5RNyHSnGhO8fix_0KNJq-AHr9g8uiLT0fuBfqJXDIuvK3QMCvKFzl-NJ8T