{"lowlevel":{"average_loudness":0.715392172337,"barkbands":{"dmean":[0.00197709095664,0.00382660608739,0.00140077073593,0.000838122097775,0.00148738466669,0.00163290579803,0.000659162178636,0.000663406332023,0.00141575664748,0.00140590651426,0.000504222058225,0.000571905344259,0.000265726353973,0.000181903873454,0.000240761204623,0.000134862406412,0.0000683042526362,0.0000690397428116,0.000046170414862,0.0000299822913803,0.0000264465070359,0.00001034449906,0.00000323348399434,0.00000171176827735,0.00000161896912232,0.00000218032050725,0.0000720476600691],"dmean2":[0.00341862882487,0.00619552563876,0.00241541187279,0.00140691141132,0.00239699403755,0.00254167080857,0.0010422602063,0.00108109426219,0.00229692296125,0.00224733096547,0.000818947330117,0.000927943969145,0.000430243730079,0.000292894634185,0.000388403452234,0.000212258804822,0.000107264939288,0.000108490632556,0.0000714735942893,0.0000444178258476,0.0000394682065235,0.0000153159198817,0.00000502424427395,0.00000285452324533,0.0000026939453619,0.00000345653165823,0.000100740020571],"dvar":[0.0000073671753853,0.0000589186383877,0.0000085558194769,0.000003962604751,0.00000638010214971,0.0000172908967215,0.00000266227516477,0.00000210915231946,0.0000107532632683,0.0000109857110147,0.00000150198400206,0.00000239805012825,2.71929451401e-7,1.39957819556e-7,3.34206760044e-7,9.62919628478e-8,2.25815277588e-8,3.30413101324e-8,1.90558786528e-8,1.54184842671e-8,1.0617772439e-8,6.22255413862e-10,4.28624219451e-11,1.16266475614e-11,1.06059189209e-11,1.56564396864e-11,2.26003589177e-8],"dvar2":[0.0000198606521735,0.000152716282173,0.0000257424599113,0.00000994993479253,0.0000159654809977,0.0000400781573262,0.00000545552666154,0.00000548244497622,0.0000284486959572,0.000027248142942,0.00000342050384461,0.00000621557182967,6.895385809e-7,3.4732278209e-7,8.62424883508e-7,2.12549238654e-7,5.39365601071e-8,8.23887660317e-8,4.111061358e-8,2.41221673747e-8,1.94252383068e-8,1.15506115783e-9,9.94247392749e-11,2.96515485776e-11,2.69670466513e-11,3.79618593505e-11,3.98836057514e-8],"max":[0.0538622140884,0.101360805333,0.0378946512938,0.051548641175,0.0523071587086,0.081396497786,0.0881400033832,0.0371456220746,0.0647979155183,0.073234602809,0.0662742555141,0.0570517033339,0.0137133924291,0.00915701780468,0.0161049421877,0.0108403135091,0.00297288154252,0.00543803628534,0.0070038549602,0.0103571824729,0.00643704785034,0.00150119618047,0.000186937992112,0.0000600512903475,0.0000588461916777,0.0000949734967435,0.00827799830586],"mean":[0.00286551285535,0.00570152001455,0.00172575446777,0.00109390181024,0.00257474672981,0.00269168359227,0.00107717013452,0.00103732792195,0.00240855710581,0.00217185402289,0.000774010492023,0.000944816914853,0.000449619896244,0.000307175767375,0.000422867015004,0.000253612262895,0.000118177602417,0.000118524694699,0.0000793049184722,0.0000600404600846,0.0000601070933044,0.0000241052257479,0.00000572145927435,0.00000181068116945,0.00000163510799212,0.00000357789349437,0.000205095406272],"median":[0.00171679141931,0.00300204125233,0.000648470129818,0.000378519995138,0.00132091692649,0.000682234182023,0.000319997168845,0.0002578542626,0.000400196789997,0.000510043348186,0.000293510500342,0.000329250993673,0.000169955179445,0.0000829251803225,0.00013426085934,0.0000634348980384,0.0000416901748395,0.0000472952269774,0.0000247698917519,0.0000174809301825,0.0000131399428938,0.00000785059000918,0.00000238518828155,6.2777041876e-7,5.00821784044e-7,0.00000163416962096,0.000106202074676],"min":[3.60897079935e-23,5.27119665214e-23,3.78077650035e-23,3.29330021952e-23,6.56044496686e-23,5.79349104452e-23,1.48608368872e-22,1.31349837226e-23,1.28258471199e-22,6.39180796234e-23,5.46081577901e-23,1.04456391987e-22,4.47918061884e-23,1.03349575961e-22,8.95216079096e-23,1.43808876016e-22,2.09616182844e-22,1.80933945015e-22,1.9480162748e-22,2.57607690906e-22,5.31258969844e-22,7.51213484085e-22,6.28355655617e-22,9.79390226121e-22,9.50349643493e-22,1.50032488736e-21,2.35368245435e-21],"var":[0.0000117081590361,0.0000700030068401,0.00000921477931115,0.00000497169912705,0.0000124097641674,0.0000364745174011,0.00000768466179579,0.00000387537784263,0.000026347091989,0.0000197990175366,0.0000030004148357,0.00000498996860188,5.41793326647e-7,2.87799707621e-7,6.83217081132e-7,2.40804013174e-7,3.97810495656e-8,4.70885623827e-8,3.51541089572e-8,5.7740450643e-8,2.98848270575e-8,2.05300465517e-9,8.68193225645e-11,1.21998505048e-11,1.10260299155e-11,2.78621292704e-11,9.99512437261e-8]},"barkbands_crest":{"dmean":2.84774017334,"dmean2":4.71935319901,"dvar":6.24605607986,"dvar2":16.9384231567,"max":24.3747711182,"mean":10.3024635315,"median":9.40585517883,"min":2.47172427177,"var":18.6931495667},"barkbands_flatness_db":{"dmean":0.0244714487344,"dmean2":0.0385834313929,"dvar":0.000450090446975,"dvar2":0.00114021229092,"max":0.394774973392,"mean":0.15957044065,"median":0.149878308177,"min":0.0449471101165,"var":0.00262659252621},"barkbands_kurtosis":{"dmean":3.98177695274,"dmean2":6.35254526138,"dvar":42.8337249756,"dvar2":102.323249817,"max":170.930679321,"mean":8.0255613327,"median":4.50694084167,"min":-1.71337401867,"var":127.646942139},"barkbands_skewness":{"dmean":0.568549156189,"dmean2":0.892656087875,"dvar":0.308762222528,"dvar2":0.746449589729,"max":10.1765670776,"mean":1.93389678001,"median":1.6793974638,"min":-3.78942918777,"var":1.67634916306},"barkbands_spread":{"dmean":4.11084842682,"dmean2":6.42427396774,"dvar":19.9470291138,"dvar2":43.2691116333,"max":117.549125671,"mean":17.3922786713,"median":16.0724430084,"min":0.946101844311,"var":105.608551025},"dissonance":{"dmean":0.0261088944972,"dmean2":0.0445127859712,"dvar":0.000608893926255,"dvar2":0.00166094780434,"max":0.500000119209,"mean":0.457846492529,"median":0.466089516878,"min":0.17133872211,"var":0.00104552030098},"dynamic_complexity":5.57746648788,"erbbands":{"dmean":[0.165202781558,0.709904074669,1.48063564301,2.41871118546,2.51290488243,5.4619383812,12.6042222977,13.927778244,10.069560051,11.1957397461,14.0519962311,34.8275184631,37.1252365112,38.6911430359,19.4596672058,23.9655208588,12.6534032822,9.5072555542,10.7961292267,10.0934391022,5.98450231552,3.71228098869,3.73741340637,2.90372610092,1.90178704262,1.40701806545,1.24083459377,0.860102295876,0.419523686171,0.177294328809,0.0822279304266,0.0412765704095,0.0265757739544,0.0181533414871,0.0115045784041,0.00659056333825,0.00406233919784,0.00560863083228,0.00523270852864,0.00321995699778],"dmean2":[0.27050819993,1.15838325024,2.52660870552,4.0692486763,4.16388273239,8.8564119339,19.6495227814,21.9788990021,15.7034826279,17.9986419678,22.8723373413,56.7381439209,60.6987228394,60.8917732239,31.1335582733,39.1196403503,20.2215194702,15.1019077301,17.3799877167,15.88377285,9.4011182785,5.74737596512,5.80361270905,4.49115610123,2.85237717628,2.05464744568,1.84513175488,1.29590070248,0.622492313385,0.264642953873,0.128841206431,0.0678984001279,0.0443721748888,0.0302565861493,0.0191080551594,0.0108925523236,0.00641960185021,0.00782386306673,0.0069828145206,0.00449596531689],"dvar":[0.0989033654332,2.4469974041,9.63712120056,28.7696743011,21.31341362,85.0254898071,993.107849121,1485.47387695,861.814941406,496.619293213,1043.89306641,7263.484375,8742.7265625,9197.88183594,2407.73168945,5015.82519531,639.757141113,368.077148438,559.732971191,686.316162109,197.188537598,67.8988952637,95.4255981445,59.5890617371,52.7165260315,36.5537567139,25.3880710602,9.11493206024,1.00215268135,0.149160698056,0.0275319814682,0.00632430939004,0.00291764899157,0.00134699535556,0.00053012749413,0.000168443657458,0.0000540187902516,0.00020115650841,0.000375309464289,0.0000296442249237],"dvar2":[0.260302633047,6.47226190567,28.2215633392,74.9202423096,55.2693519592,219.121612549,2213.26831055,3479.99926758,1772.90686035,1250.64025879,2745.90527344,19162.3808594,23441.8359375,21075.8613281,5449.64599609,13516.7333984,1604.68640137,879.051818848,1406.5769043,1618.56152344,462.158050537,157.969284058,236.458496094,145.134384155,101.486625671,59.3225708008,46.7748451233,17.231584549,1.86355030537,0.305347949266,0.0639122650027,0.0160377975553,0.00743851112202,0.00342838582583,0.00134629604872,0.00042582990136,0.000128622341435,0.000339478690876,0.000445320358267,0.000056747248891],"max":[4.12115478516,20.6684036255,46.2378616333,119.371910095,78.6764297485,208.014648438,802.864990234,844.187194824,1443.22058105,371.129302979,922.885437012,1967.67822266,1952.87731934,2686.83520508,3161.93701172,2732.72631836,726.150085449,539.40222168,536.172668457,931.34185791,469.583984375,168.400619507,290.640197754,221.24822998,565.531311035,524.56237793,374.116668701,190.605133057,56.1307258606,17.7714710236,4.28188848495,1.36454296112,0.936404407024,0.652765870094,0.421970039606,0.249676451087,0.167730897665,0.849887192249,1.63795995712,0.131775736809],"mean":[0.255638837814,0.946508407593,1.91129493713,3.40012979507,3.70629000664,8.9234495163,21.1176490784,22.0220718384,16.585313797,18.5806045532,23.606098175,58.8217315674,60.2463684082,61.952205658,34.643863678,40.0515823364,23.1988353729,17.5564746857,19.4105949402,19.3813915253,11.9514770508,6.94604444504,6.5757226944,5.00393629074,3.50662493706,2.85456848145,2.6550848484,1.96924781799,0.984350919724,0.387958735228,0.14492417872,0.0513909980655,0.0265697222203,0.0181728303432,0.0117782680318,0.00708327442408,0.00689113466069,0.0155136249959,0.014957475476,0.0101590231061],"median":[0.133527427912,0.401614695787,0.791834712029,1.31592810154,1.79461586475,4.65267038345,6.1688709259,5.40414476395,4.60465526581,5.56501626968,6.31364011765,9.68835639954,13.3750705719,18.6002883911,13.8349103928,14.921380043,8.89175224304,5.68314933777,6.74346113205,5.28549718857,3.29243898392,2.60996103287,2.72368359566,1.87938034534,1.02575433254,0.837809622288,0.619117617607,0.455190867186,0.299982756376,0.149960160255,0.0606091506779,0.021084992215,0.00795817282051,0.00545065570623,0.00370756909251,0.00242190738209,0.00319960713387,0.00485298736021,0.00448419572785,0.00617192219943],"min":[2.57403662446e-21,8.3128339608e-21,2.4813201791e-20,1.25289325071e-19,1.7916875532e-19,2.10986503151e-19,1.03558980186e-19,7.38736496905e-19,1.76000314947e-18,1.36369978062e-18,6.61465316586e-19,3.42385813326e-18,2.45931239267e-18,1.98741598617e-18,2.81366374579e-18,3.60918215924e-18,1.79481690671e-18,3.98933493003e-18,5.62707271995e-18,6.26669550528e-18,1.03741509996e-17,1.04746426907e-17,8.18175014506e-18,1.16262865529e-17,1.00351624584e-17,1.38047452782e-17,1.55284035591e-17,2.44144243767e-17,2.1289054781e-17,2.61474074647e-17,1.9475580402e-17,2.01733403359e-17,1.48988181969e-17,9.7128912374e-18,7.32677957265e-18,5.62952696483e-18,2.61968306791e-18,1.09146698961e-18,2.89679968835e-19,3.83619096991e-20],"var":[0.12600004673,2.57759523392,10.3298997879,38.3776550293,31.8646278381,148.122055054,2178.18066406,2965.12841797,2250.84936523,1040.79980469,1957.12451172,17157.6210938,15614.2763672,16339.8359375,6099.50146484,9666.39160156,1404.04418945,840.834350586,1101.50109863,1531.99938965,496.679718018,130.427230835,140.344787598,91.0578765869,125.726196289,128.64163208,70.9204864502,25.8404827118,3.47281050682,0.457899838686,0.0536081790924,0.00756164267659,0.00297968066297,0.00138737238012,0.000557256920729,0.000184112825082,0.000100692021078,0.000867945025675,0.00164860894438,0.000136443224619]},"erbbands_crest":{"dmean":3.10506772995,"dmean2":5.04616832733,"dvar":8.04419898987,"dvar2":19.6509437561,"max":32.1009635925,"mean":10.1718492508,"median":9.01809120178,"min":2.95753717422,"var":21.4111251831},"erbbands_flatness_db":{"dmean":0.0227219760418,"dmean2":0.0357783250511,"dvar":0.000344045954989,"dvar2":0.000842981331516,"max":0.351392537355,"mean":0.170017138124,"median":0.168006882071,"min":0.0489492602646,"var":0.00128215283621},"erbbands_kurtosis":{"dmean":1.13383555412,"dmean2":1.81919336319,"dvar":2.43236970901,"dvar2":5.79609107971,"max":40.4274787903,"mean":1.16011536121,"median":0.545350074768,"min":-1.66905498505,"var":5.47964334488},"erbbands_skewness":{"dmean":0.352029055357,"dmean2":0.550068497658,"dvar":0.0900741294026,"dvar2":0.209733262658,"max":5.51787900925,"mean":0.289257526398,"median":0.250613749027,"min":-3.92704534531,"var":0.496020406485},"erbbands_spread":{"dmean":5.03211832047,"dmean2":7.87465667725,"dvar":20.1345100403,"dvar2":46.7211608887,"max":113.27481842,"mean":22.7337055206,"median":21.5017261505,"min":2.33795046806,"var":96.0411148071},"gfcc":{"cov":[[16390.8984375,846.611206055,-1065.95202637,-39.1145133972,75.5756835938,-795.802246094,471.413085938,-322.27835083,240.327667236,-70.8900756836,-276.965515137,-59.4894180298,57.7375984192],[846.611206055,693.713439941,65.8335952759,-78.1282196045,162.900085449,-16.3762874603,83.933631897,-96.0221252441,42.4220466614,-45.1716003418,41.8824424744,0.485626667738,16.2325935364],[-1065.95202637,65.8335952759,536.458251953,99.7702026367,-27.9455471039,234.873764038,-103.291969299,89.6494216919,-106.978790283,20.885887146,100.795410156,26.7909088135,16.0042819977],[-39.1145133972,-78.1282196045,99.7702026367,241.955276489,73.6331100464,-4.4692568779,44.7177467346,0.263080775738,-12.7904500961,2.9725496769,20.4396362305,25.5688323975,-29.8939838409],[75.5756835938,162.900085449,-27.9455471039,73.6331100464,221.858688354,44.3182220459,59.3461074829,-39.2341384888,13.2506170273,-26.5457801819,25.7167110443,2.29391241074,-10.1325006485],[-795.802246094,-16.3762874603,234.873764038,-4.4692568779,44.3182220459,323.237884521,-96.5822143555,112.827941895,-76.8300704956,19.0330619812,54.9984512329,-7.29942655563,25.6258068085],[471.413085938,83.933631897,-103.291969299,44.7177467346,59.3461074829,-96.5822143555,212.859054565,-55.4422874451,61.2841339111,-22.2415523529,-22.0172252655,20.9024772644,-20.7760562897],[-322.27835083,-96.0221252441,89.6494216919,0.263080775738,-39.2341384888,112.827941895,-55.4422874451,169.621231079,10.9062147141,29.3824234009,5.12854766846,-16.0378952026,19.1455764771],[240.327667236,42.4220466614,-106.978790283,-12.7904500961,13.2506170273,-76.8300704956,61.2841339111,10.9062147141,135.880523682,32.9065856934,-36.0976295471,-6.63575458527,-17.0603904724],[-70.8900756836,-45.1716003418,20.885887146,2.9725496769,-26.5457801819,19.0330619812,-22.2415523529,29.3824234009,32.9065856934,73.3243484497,19.8622837067,-4.17166900635,1.77690982819],[-276.965515137,41.8824424744,100.795410156,20.4396362305,25.7167110443,54.9984512329,-22.0172252655,5.12854766846,-36.0976295471,19.8622837067,94.3659133911,35.4811401367,10.641784668],[-59.4894180298,0.485626667738,26.7909088135,25.5688323975,2.29391241074,-7.29942655563,20.9024772644,-16.0378952026,-6.63575458527,-4.17166900635,35.4811401367,63.3338928223,24.5053920746],[57.7375984192,16.2325935364,16.0042819977,-29.8939838409,-10.1325006485,25.6258068085,-20.7760562897,19.1455764771,-17.0603904724,1.77690982819,10.641784668,24.5053920746,80.7212982178]],"icov":[[0.0000920589154703,-0.000254909071373,0.000277492625173,-0.000246389216045,0.000195408138097,0.0000392711881432,-0.0000599740378675,-0.0000857196500874,0.000242848618655,-0.00022157044441,0.000204746014788,0.00000744392127672,-0.000116942886962],[-0.000254909071373,0.00426088273525,-0.00321511761285,0.00342703750357,-0.00347334798425,0.00118745036889,-0.000768532860093,0.0019770085346,-0.00341687398031,0.00303724920377,-0.00276997545734,0.00269106123596,-0.00148837000597],[0.000277492625173,-0.00321511761285,0.0069574881345,-0.00545378634706,0.00552846491337,-0.00407546758652,0.000908823276404,-0.000767951831222,0.00175897206645,-0.0000792147184256,-0.0020879402291,-0.000352217932232,0.000208396711969],[-0.000246389216045,0.00342703750357,-0.00545378634706,0.0113984327763,-0.00861535221338,0.00491823488846,-0.00167683081236,-0.00205559423193,0.00283219548874,-0.00378285604529,0.00370286544785,-0.00520632229745,0.00397703610361],[0.000195408138097,-0.00347334798425,0.00552846491337,-0.00861535221338,0.0146227283403,-0.00730847986415,-0.000389105349313,0.00383735098876,-0.00515275541693,0.00711259292439,-0.00745542440563,0.00624372065067,-0.00274080596864],[0.0000392711881432,0.00118745036889,-0.00407546758652,0.00491823488846,-0.00730847986415,0.0102252494544,0.000164499899256,-0.0054879183881,0.00572954583913,-0.00489331502467,0.00314965983853,-0.00214591738768,0.00109789031558],[-0.0000599740378675,-0.000768532860093,0.000908823276404,-0.00167683081236,-0.000389105349313,0.000164499899256,0.00786346383393,0.000663244223688,-0.00273855472915,0.00192527193576,0.00105208158493,-0.00346407247707,0.00145354354754],[-0.0000857196500874,0.0019770085346,-0.000767951831222,-0.00205559423193,0.00383735098876,-0.0054879183881,0.000663244223688,0.0131946103647,-0.00900318007916,0.00516091007739,-0.00511109689251,0.00774980662391,-0.00537548027933],[0.000242848618655,-0.00341687398031,0.00175897206645,0.00283219548874,-0.00515275541693,0.00572954583913,-0.00273855472915,-0.00900318007916,0.023991972208,-0.0185521282256,0.0143177490681,-0.011727838777,0.0073302173987],[-0.00022157044441,0.00303724920377,-0.0000792147184256,-0.00378285604529,0.00711259292439,-0.00489331502467,0.00192527193576,0.00516091007739,-0.0185521282256,0.0321419015527,-0.0184960309416,0.0142863085493,-0.0066469758749],[0.000204746014788,-0.00276997545734,-0.0020879402291,0.00370286544785,-0.00745542440563,0.00314965983853,0.00105208158493,-0.00511109689251,0.0143177490681,-0.0184960309416,0.0311854220927,-0.0215375013649,0.00760342832655],[0.00000744392127672,0.00269106123596,-0.000352217932232,-0.00520632229745,0.00624372065067,-0.00214591738768,-0.00346407247707,0.00774980662391,-0.011727838777,0.0142863085493,-0.0215375013649,0.038342602551,-0.0152632864192],[-0.000116942886962,-0.00148837000597,0.000208396711969,0.00397703610361,-0.00274080596864,0.00109789031558,0.00145354354754,-0.00537548027933,0.0073302173987,-0.0066469758749,0.00760342832655,-0.0152632864192,0.0204860754311]],"mean":[-51.8725242615,117.096549988,-94.6906661987,-12.4484643936,-16.8854026794,-15.6309309006,5.81042337418,-18.845708847,-3.45482993126,-9.21189594269,-5.16209888458,1.44786036015,-0.241589233279]},"hfc":{"dmean":26.3659324646,"dmean2":38.5320587158,"dvar":1751.19006348,"dvar2":3632.48657227,"max":1231.9041748,"mean":92.123626709,"median":60.0262260437,"min":1.15198002839e-16,"var":8769.80566406},"melbands":{"dmean":[0.00125242373906,0.000787122757174,0.000390571862226,0.000249946926488,0.00040466664359,0.000302645377815,0.000145507903653,0.000126378741697,0.00011816775077,0.000232951992075,0.000189784070244,0.000169102975633,0.0000672284586472,0.0000675449118717,0.0000424246645707,0.000026433604944,0.0000180657898454,0.0000170295079442,0.0000178211575985,0.0000115482207548,0.0000067808696258,0.00000420878768637,0.00000372214230993,0.00000346080810232,0.00000243308068093,0.0000016840186845,0.00000120128038361,9.56251597017e-7,8.31522129374e-7,7.96650169832e-7,4.51185854899e-7,2.771893719e-7,1.66137922974e-7,8.43722887112e-8,5.16362845815e-8,3.46374164906e-8,2.22455351917e-8,1.88681852364e-8,1.66671387802e-8,1.48376866349e-8],"dmean2":[0.00203170254827,0.00131462339777,0.000657222000882,0.000406768755056,0.000638612662442,0.000476680404972,0.000227881158935,0.000203982563107,0.000191979022929,0.000379389442969,0.000311220530421,0.000266361195827,0.000108413689304,0.000109242086182,0.0000688140862621,0.0000430261243309,0.0000290244533971,0.0000274659432762,0.0000285387450276,0.0000181116083695,0.0000108518806883,0.0000066435413828,0.00000582780239711,0.00000547483477931,0.00000382086818718,0.00000264786967819,0.00000178614868673,0.00000144427758642,0.00000126931900013,0.00000123571066979,6.93819515618e-7,4.19090326886e-7,2.56374306673e-7,1.29555118633e-7,8.16373173507e-8,5.61822162126e-8,3.70941251049e-8,3.15304546916e-8,2.78166432111e-8,2.47206148885e-8],"dvar":[0.00000582891652812,0.00000260428714682,6.84894303049e-7,1.63615297311e-7,8.2605163243e-7,6.49246885587e-7,1.64539656566e-7,6.43182360704e-8,6.73592523981e-8,3.2488625834e-7,2.25805308673e-7,1.80234422942e-7,2.56038070745e-8,3.21929718439e-8,1.15921450217e-8,2.73553735219e-9,1.44181100392e-9,1.31922073265e-9,2.21699392178e-9,7.99760757619e-10,2.61516169831e-10,8.25481280553e-11,7.92374846292e-11,1.01482364179e-10,4.28541022113e-11,3.13534025131e-11,3.24243791539e-11,1.70110123904e-11,1.13150148973e-11,1.01339873992e-11,2.07021921307e-12,4.503075972e-13,1.38293998649e-13,3.42309798671e-14,1.09404206953e-14,4.63268068655e-15,1.96431133281e-15,1.4750675377e-15,1.14339452891e-15,8.97747350905e-16],"dvar2":[0.0000151135836859,0.00000716887689123,0.00000177594836259,4.13039089153e-7,0.00000189156139641,0.00000153120436153,3.38484653639e-7,1.61805758125e-7,1.7405419328e-7,8.59542808485e-7,6.04310457675e-7,4.16514808421e-7,5.97604881136e-8,8.38540827885e-8,2.91579809186e-8,6.87219614548e-9,3.51166073997e-9,3.28925486848e-9,5.75263925384e-9,1.7598098534e-9,6.38738562042e-10,1.99682992363e-10,1.87696094778e-10,2.65321375981e-10,1.06976094649e-10,6.70146854675e-11,5.90782076038e-11,3.04893991998e-11,2.14584894992e-11,2.20023027575e-11,4.13418171225e-12,8.84607220374e-13,3.12303649738e-13,7.8023044026e-14,2.56592503863e-14,1.15032893353e-14,5.01296290448e-15,3.76118500426e-15,2.91272205363e-15,2.28434790886e-15],"max":[0.0313437208533,0.0256693214178,0.0178275089711,0.00704460218549,0.0211268011481,0.0166745744646,0.0210813712329,0.00438462896273,0.00645403005183,0.0122283510864,0.00958348065615,0.0119757307693,0.00910561159253,0.00691733183339,0.00290821446106,0.00161006406415,0.00102504179813,0.000718240742572,0.00145901413634,0.00111864868086,0.000501570524648,0.000145431360579,0.000207635690458,0.000362908991519,0.00019414939743,0.000274864723906,0.000438571645645,0.000325378961861,0.000257629610132,0.000193608691916,0.0000805097806733,0.0000381217469112,0.0000191956714843,0.00000809149969427,0.00000246937747761,0.00000129795125758,7.92645892034e-7,6.63134244405e-7,5.93996560383e-7,5.35062781637e-7],"mean":[0.00207434408367,0.00109742756467,0.000574076490011,0.000405880360631,0.000696007162333,0.000490209262352,0.000241094574449,0.000206426528166,0.000195196727873,0.000388396525523,0.000297192920698,0.000260116910795,0.000109678308945,0.000112753186841,0.0000703397599864,0.0000447609709227,0.0000303720717056,0.0000287663988274,0.000030910683563,0.0000213571402128,0.0000122056426335,0.00000712590963303,0.00000610305278315,0.00000564382344237,0.00000389915794585,0.00000279929940916,0.00000214321266867,0.000001829146413,0.00000160833303653,0.00000162370088219,9.62453668762e-7,5.91492891999e-7,3.56236967036e-7,1.57496174324e-7,8.77586430192e-8,4.93745915264e-8,2.35631691936e-8,1.84750543752e-8,1.64812341552e-8,1.48522261156e-8],"median":[0.00123756774701,0.000507876218762,0.000255318707787,0.000222794275032,0.00024532750831,0.000126799699501,0.000069390036515,0.0000580799205636,0.0000495289059472,0.0000595198544033,0.000063084604335,0.0000710207532393,0.0000434043722635,0.0000388107291656,0.000026729892852,0.0000161404695973,0.00000841848122946,0.00000951185302256,0.00000895842458704,0.00000505355001224,0.00000328999476551,0.00000247609273174,0.00000233828177443,0.00000219163075599,0.00000137275571888,8.20038053462e-7,5.73986312702e-7,5.24905374277e-7,3.8617389464e-7,3.08734854571e-7,2.37573829054e-7,1.76677431796e-7,1.19753480021e-7,6.37515711333e-8,3.55691369691e-8,2.02793195569e-8,8.14934164595e-9,5.26083487884e-9,4.78489914357e-9,4.47269199455e-9],"min":[2.03247740311e-23,1.30047348986e-23,1.96779191329e-23,1.7976223098e-23,3.83076062057e-24,1.49268355149e-23,2.90284909685e-23,1.19912868714e-23,5.59257337844e-24,2.21794317732e-23,1.17710037745e-23,8.06285738212e-24,8.92232212722e-24,1.24243746638e-23,4.71751166995e-24,4.42711422137e-24,8.12351841915e-24,9.83897455478e-24,7.36085558459e-24,9.67120040632e-24,1.27672585783e-23,1.28463694941e-23,4.46755714783e-24,1.01570456384e-23,9.48241652537e-24,6.38433571407e-24,7.75126126886e-24,9.40158983702e-24,8.01971379035e-24,1.28969709769e-23,1.46990708612e-23,1.14627760973e-23,1.49610578787e-23,1.3109920034e-23,1.15504445763e-23,9.10807599343e-24,1.45622776471e-23,1.03082221534e-23,9.58241568916e-24,7.55031946364e-24],"var":[0.00000741956364436,0.00000293288258035,9.33612909648e-7,2.84805139472e-7,0.00000184787290891,0.0000013063059896,4.37504724005e-7,1.32436170475e-7,1.34816531272e-7,7.65803122249e-7,3.97071403313e-7,3.13907293048e-7,5.6166701512e-8,7.13902537086e-8,2.06654586776e-8,5.73883651711e-9,2.98165914181e-9,2.44241515901e-9,4.28416324638e-9,1.82989368103e-9,5.62287494343e-10,1.47260953431e-10,1.20091353528e-10,1.23694637866e-10,6.00470090317e-11,5.67231851767e-11,8.8034524115e-11,5.29980399844e-11,2.99425380323e-11,2.24227303391e-11,5.44534729807e-12,1.34333798425e-12,4.01446156048e-13,7.82972726368e-14,2.02689055047e-14,6.61291200361e-15,2.05920125752e-15,1.49565986156e-15,1.16798103663e-15,9.2612030766e-16]},"melbands_crest":{"dmean":3.83875083923,"dmean2":6.3090057373,"dvar":11.3690700531,"dvar2":30.1884880066,"max":37.5712432861,"mean":15.8687906265,"median":14.1601829529,"min":2.48460578918,"var":50.1135139465},"melbands_flatness_db":{"dmean":0.0296006537974,"dmean2":0.0464581921697,"dvar":0.000632144336123,"dvar2":0.00155822432134,"max":0.552451908588,"mean":0.266784310341,"median":0.256236463785,"min":0.00694538746029,"var":0.00420674914494},"melbands_kurtosis":{"dmean":4.60392427444,"dmean2":7.32495641708,"dvar":63.1444511414,"dvar2":153.28503418,"max":164.562530518,"mean":8.1530418396,"median":3.88103914261,"min":-1.77467000484,"var":173.705505371},"melbands_skewness":{"dmean":0.653310000896,"dmean2":1.02412331104,"dvar":0.412332057953,"dvar2":0.997323453426,"max":11.3638753891,"mean":2.02960085869,"median":1.72284841537,"min":-1.68815124035,"var":2.10982584953},"melbands_spread":{"dmean":4.33411359787,"dmean2":6.77940273285,"dvar":27.7034244537,"dvar2":63.173286438,"max":250.094848633,"mean":17.0170173645,"median":15.5423812866,"min":0.686600327492,"var":143.514770508},"mfcc":{"cov":[[10758.6679688,1345.35900879,-1459.20422363,578.956176758,-730.099243164,32.3365783691,-459.000488281,-37.1721954346,224.542373657,14.4376249313,-36.359500885,-131.243988037,-74.3629150391],[1345.35900879,1114.34509277,-86.3657836914,7.02693414688,16.9044818878,98.9196014404,12.8909168243,29.8972663879,-10.4242515564,-30.4581604004,4.44266700745,-11.8652544022,-0.953194379807],[-1459.20422363,-86.3657836914,612.156860352,-126.165306091,180.128936768,-14.7175359726,144.552749634,8.38038349152,-58.8942337036,-16.3128147125,11.2759656906,50.1390991211,3.93043828011],[578.956176758,7.02693414688,-126.165306091,351.203582764,-93.4971237183,45.013999939,-31.8717060089,26.3377094269,-13.1129827499,-11.5157108307,17.3464317322,-10.8146629333,3.65218806267],[-730.099243164,16.9044818878,180.128936768,-93.4971237183,284.79385376,39.2960968018,107.196037292,21.5396900177,-30.6568317413,0.69240128994,-0.481097370386,25.7837867737,29.9332065582],[32.3365783691,98.9196014404,-14.7175359726,45.013999939,39.2960968018,137.683624268,57.6337356567,23.6913642883,-16.0633983612,-12.2409610748,-4.33171892166,7.32825946808,27.7068080902],[-459.000488281,12.8909168243,144.552749634,-31.8717060089,107.196037292,57.6337356567,168.290893555,46.8087387085,-36.4352340698,-24.9595127106,-11.9841499329,21.0034809113,20.5029964447],[-37.1721954346,29.8972663879,8.38038349152,26.3377094269,21.5396900177,23.6913642883,46.8087387085,89.7665481567,20.7153663635,4.10124635696,1.89611566067,2.04919242859,7.68578195572],[224.542373657,-10.4242515564,-58.8942337036,-13.1129827499,-30.6568317413,-16.0633983612,-36.4352340698,20.7153663635,105.294494629,47.6453399658,3.54984354973,-6.4714884758,-5.69472837448],[14.4376249313,-30.4581604004,-16.3128147125,-11.5157108307,0.69240128994,-12.2409610748,-24.9595127106,4.10124635696,47.6453399658,77.1365585327,28.0151176453,3.6443631649,0.489126831293],[-36.359500885,4.44266700745,11.2759656906,17.3464317322,-0.481097370386,-4.33171892166,-11.9841499329,1.89611566067,3.54984354973,28.0151176453,68.5185012817,29.8362941742,-3.83299708366],[-131.243988037,-11.8652544022,50.1390991211,-10.8146629333,25.7837867737,7.32825946808,21.0034809113,2.04919242859,-6.4714884758,3.6443631649,29.8362941742,62.9462242126,24.1959171295],[-74.3629150391,-0.953194379807,3.93043828011,3.65218806267,29.9332065582,27.7068080902,20.5029964447,7.68578195572,-5.69472837448,0.489126831293,-3.83299708366,24.1959171295,62.098941803]],"icov":[[0.000193550265976,-0.000229081255384,0.000316934165312,-0.000201779272174,0.00019353692187,0.0000950368994381,0.00000696175629855,0.000157692091307,-0.000253731559496,-0.00000239386827161,0.000236403750023,-0.000215543070226,0.00013788335491],[-0.000229081255384,0.00128073047381,-0.000246226321906,0.00045142066665,-0.000318077480188,-0.000946133921389,0.000273585930699,-0.000540368608199,0.000280665262835,0.000618403835688,-0.000782543094829,0.000551197736058,0.0000441812298959],[0.000316934165312,-0.000246226321906,0.00315088056959,0.000023450333174,-0.000595169665758,0.00116488547064,-0.00186706869863,0.000583615677897,0.000327439542161,-0.000149143786984,0.000243928225245,-0.00171393365599,0.00120036350563],[-0.000201779272174,0.00045142066665,0.000023450333174,0.00410692673177,0.000944983505178,-0.00167095731013,0.0009248618735,-0.00201702304184,0.00152485072613,0.000704175210558,-0.00202235113829,0.00127064017579,-0.00072903605178],[0.00019353692187,-0.000318077480188,-0.000595169665758,0.000944983505178,0.00584430294111,-0.000695726543199,-0.00204153219238,-0.000195011962205,0.000878174090758,-0.00152690336108,0.0000841970249894,0.0000831287470646,-0.00153416546527],[0.0000950368994381,-0.000946133921389,0.00116488547064,-0.00167095731013,-0.000695726543199,0.0110966879874,-0.0041171181947,0.000414038193412,-0.0000659003126202,0.000111906199891,-0.000154217079398,0.000527160707861,-0.00340560055338],[0.00000696175629855,0.000273585930699,-0.00186706869863,0.0009248618735,-0.00204153219238,-0.0041171181947,0.0135219991207,-0.00649066409096,0.00310894055292,0.0010667082388,0.00294949789532,-0.00270020775497,0.000746993231587],[0.000157692091307,-0.000540368608199,0.000583615677897,-0.00201702304184,-0.000195011962205,0.000414038193412,-0.00649066409096,0.0167394708842,-0.00627375626937,0.00119536358397,-0.00203626183793,0.00176278525032,-0.00115456653293],[-0.000253731559496,0.000280665262835,0.000327439542161,0.00152485072613,0.000878174090758,-0.0000659003126202,0.00310894055292,-0.00627375626937,0.0176513232291,-0.010705659166,0.00458705052733,-0.00206793472171,0.00173807120882],[-0.00000239386827161,0.000618403835688,-0.000149143786984,0.000704175210558,-0.00152690336108,0.000111906199891,0.0010667082388,0.00119536358397,-0.010705659166,0.024299364537,-0.0118666095659,0.00512442784384,-0.0037416710984],[0.000236403750023,-0.000782543094829,0.000243928225245,-0.00202235113829,0.0000841970249894,-0.000154217079398,0.00294949789532,-0.00203626183793,0.00458705052733,-0.0118666095659,0.0280654169619,-0.0164849143475,0.008350526914],[-0.000215543070226,0.000551197736058,-0.00171393365599,0.00127064017579,0.0000831287470646,0.000527160707861,-0.00270020775497,0.00176278525032,-0.00206793472171,0.00512442784384,-0.0164849143475,0.0300940107554,-0.0127910235897],[0.00013788335491,0.0000441812298959,0.00120036350563,-0.00072903605178,-0.00153416546527,-0.00340560055338,0.000746993231587,-0.00115456653293,0.00173807120882,-0.0037416710984,0.008350526914,-0.0127910235897,0.0240793991834]],"mean":[-711.989685059,179.292221069,-17.7164726257,22.6991100311,-8.71482849121,16.528470993,3.68874382973,7.77657938004,3.76143622398,-2.07746124268,0.880022525787,-1.72988462448,1.07255995274]},"pitch_salience":{"dmean":0.071785107255,"dmean2":0.117870487273,"dvar":0.00372161599807,"dvar2":0.00995669979602,"max":0.984045147896,"mean":0.534693837166,"median":0.553134918213,"min":0.102286763489,"var":0.0164609868079},"silence_rate_20dB":{"dmean":0,"dmean2":0,"dvar":0,"dvar2":0,"max":1,"mean":1,"median":1,"min":1,"var":0},"silence_rate_30dB":{"dmean":0.0172806680202,"dmean2":0.0345646180212,"dvar":0.0169834215194,"dvar2":0.040965616703,"max":1,"mean":0.982910871506,"median":1,"min":0,"var":0.0167964827269},"silence_rate_60dB":{"dmean":0.018420053646,"dmean2":0.0368436053395,"dvar":0.0180775355548,"dvar2":0.0415540598333,"max":1,"mean":0.0935156196356,"median":0,"min":0,"var":0.0847784429789},"spectral_centroid":{"dmean":143.853973389,"dmean2":219.34173584,"dvar":30648.4960938,"dvar2":55339.3242188,"max":11347.2978516,"mean":877.310058594,"median":812.64239502,"min":229.232391357,"var":194182.6875},"spectral_complexity":{"dmean":2.70394992828,"dmean2":4.05355596542,"dvar":8.53019046783,"dvar2":16.12150383,"max":52,"mean":15.6093235016,"median":14,"min":0,"var":92.581413269},"spectral_contrast_coeffs":{"dmean":[0.0513579621911,0.0459441170096,0.0403307676315,0.0282189026475,0.021506395191,0.0444805957377],"dmean2":[0.0852736383677,0.0755282193422,0.0664019733667,0.0466225445271,0.0350155904889,0.0712729170918],"dvar":[0.00165538757574,0.00131192686968,0.00105904007796,0.000498492445331,0.000345748849213,0.00154995615594],"dvar2":[0.00448000291362,0.00353346881457,0.002793117892,0.00131126632914,0.000889164977707,0.00394250964746],"max":[-0.380467712879,-0.412831962109,-0.464650213718,-0.60208773613,-0.616234183311,-0.43245652318],"mean":[-0.692760169506,-0.772146165371,-0.775076031685,-0.810292720795,-0.828756928444,-0.749045431614],"median":[-0.697792351246,-0.777921259403,-0.781528115273,-0.812840819359,-0.826547384262,-0.756642103195],"min":[-0.980770528316,-0.975833237171,-0.974910676479,-0.97459936142,-0.958543658257,-0.961344718933],"var":[0.00658166129142,0.00442848633975,0.003882488003,0.00164930894971,0.00140954821836,0.00633455533534]},"spectral_contrast_valleys":{"dmean":[0.387878358364,0.346942573786,0.29566270113,0.281966090202,0.299139171839,0.701031029224],"dmean2":[0.621258854866,0.554721415043,0.467849373817,0.429074734449,0.439628243446,1.12335348129],"dvar":[0.113519594073,0.0881098881364,0.0667026340961,0.0748330205679,0.106573969126,0.337082147598],"dvar2":[0.268691152334,0.201013565063,0.142345234752,0.148385062814,0.214614287019,0.908250808716],"max":[-4.94470739365,-4.60871124268,-4.88901424408,-5.57874822617,-5.50981855392,-9.02384090424],"mean":[-7.20258045197,-6.75478124619,-7.05623245239,-7.81180143356,-8.27323913574,-11.6459884644],"median":[-6.93029546738,-6.57244443893,-6.83908653259,-7.60967636108,-8.01594924927,-11.5007677078],"min":[-27.2575874329,-27.3931846619,-27.4131946564,-27.3391609192,-27.3782749176,-27.1563415527],"var":[1.9073690176,1.76586198807,1.78118681908,1.83345460892,1.7590085268,1.45650959015]},"spectral_decrease":{"dmean":2.30132157775e-9,"dmean2":3.61439611574e-9,"dvar":1.11502771976e-17,"dvar2":2.62912227403e-17,"max":2.16589368662e-9,"mean":-5.91641802217e-9,"median":-4.60778171174e-9,"min":-4.59322144764e-8,"var":2.98963686718e-17},"spectral_energy":{"dmean":0.00947515200824,"dmean2":0.0143580408767,"dvar":0.000189323458471,"dvar2":0.000418391573476,"max":0.198573604226,"mean":0.0306859072298,"median":0.0244888942689,"min":1.05273693284e-20,"var":0.000720558513422},"spectral_energyband_high":{"dmean":0.0000844827591209,"dmean2":0.000114820577437,"dvar":6.18724342871e-8,"dvar2":8.66832294832e-8,"max":0.0177667699754,"mean":0.000250682729529,"median":0.000096901494544,"min":7.45837012052e-21,"var":2.85988562609e-7},"spectral_energyband_low":{"dmean":0.00542846415192,"dmean2":0.00877473317087,"dvar":0.0000931176255108,"dvar2":0.000235929750488,"max":0.131493315101,"mean":0.0101471226662,"median":0.00717024598271,"min":1.39112301109e-22,"var":0.000133268360514},"spectral_energyband_middle_high":{"dmean":0.00207715691067,"dmean2":0.00315196649171,"dvar":0.0000151635504153,"dvar2":0.0000353119357897,"max":0.0774979069829,"mean":0.00535141956061,"median":0.00244362372905,"min":1.3070339222e-21,"var":0.0000513889935974},"spectral_energyband_middle_low":{"dmean":0.00438059214503,"dmean2":0.00673696631566,"dvar":0.0000534395585419,"dvar2":0.000125183665659,"max":0.132862970233,"mean":0.0115012424067,"median":0.00656433403492,"min":4.68703335046e-22,"var":0.0001966359996},"spectral_entropy":{"dmean":0.17404524982,"dmean2":0.270851939917,"dvar":0.0256022810936,"dvar2":0.0623633489013,"max":9.80295181274,"mean":7.3126039505,"median":7.34374475479,"min":5.88753461838,"var":0.115569710732},"spectral_flux":{"dmean":0.0204546060413,"dmean2":0.0324169695377,"dvar":0.000516944855917,"dvar2":0.00111833354458,"max":0.317045897245,"mean":0.0871304422617,"median":0.0806021764874,"min":1.02602967789e-10,"var":0.00267922645435},"spectral_kurtosis":{"dmean":5.03598690033,"dmean2":8.02056694031,"dvar":32.2754554749,"dvar2":84.4945373535,"max":70.8215560913,"mean":20.6247501373,"median":18.8547325134,"min":-1.2057890892,"var":74.6776199341},"spectral_rms":{"dmean":0.000766120560002,"dmean2":0.0011458088411,"dvar":7.3202090789e-7,"dvar2":0.00000156172529842,"max":0.0139187052846,"mean":0.00491816783324,"median":0.00488790357485,"min":3.2047784565e-12,"var":0.00000574893829253},"spectral_rolloff":{"dmean":4640.35644531,"dmean2":8966.90722656,"dvar":60117856,"dvar2":146603888,"max":21963.8671875,"mean":7226.31933594,"median":1571.92382812,"min":21.533203125,"var":82265704},"spectral_skewness":{"dmean":0.376929759979,"dmean2":0.583073377609,"dvar":0.159606546164,"dvar2":0.399125665426,"max":6.52903938293,"mean":3.09591293335,"median":2.99343156815,"min":-0.0166247095913,"var":0.559841215611},"spectral_spread":{"dmean":452611.5,"dmean2":723614.5625,"dvar":252961423360,"dvar2":519098925056,"max":39807800,"mean":3503971,"median":3399331.75,"min":1389609,"var":1079800758270},"spectral_strongpeak":{"dmean":1.21214854717,"dmean2":2.20208668709,"dvar":39.9724693298,"dvar2":107.928108215,"max":141.295150757,"mean":1.15821826458,"median":0.176662191749,"min":0,"var":30.981306076},"zerocrossingrate":{"dmean":0.0320957303047,"dmean2":0.0412072576582,"dvar":0.000723850331269,"dvar2":0.00120075873565,"max":0.619140625,"mean":0.216643810272,"median":0.2138671875,"min":0.0087890625,"var":0.00562635343522}},"metadata":{"audio_properties":{"analysis_sample_rate":44100,"bit_rate":196839,"codec":"mp3","downmix":"mix","equal_loudness":0,"length":244.533309937,"lossless":false,"md5_encoded":"f5a3b29be1b63fa8855946f5121b5f2e","replay_gain":-4.69725036621},"tags":{"album":["Spectres"],"albumartist":["Blue Öyster Cult"],"albumartistsort":["Blue Öyster Cult"],"artist":["Blue Öyster Cult"],"artistsort":["Blue Öyster Cult"],"asin":["B0000025BW"],"barcode":["5099746101121"],"catalognumber":["4610112"],"composer":["Albert Bouchard/Richard Meltzer"],"date":["1988"],"discnumber":["1/1"],"file_name":"03 Death Valley Nights.mp3","genre":["Classic Rock"],"label":["CBS Records"],"language":["eng"],"length":["244506"],"media":["CD"],"mp3gain_album_minmax":["136,189"],"mp3gain_minmax":["137,188"],"musicbrainz album release country":["GB"],"musicbrainz album status":["official"],"musicbrainz album type":["album"],"musicbrainz_albumartistid":["c7423e0c-ab3e-4ab4-be10-cdff5a9d3062"],"musicbrainz_albumid":["f8c79e39-2da1-451a-9b53-0a56c48d08e0"],"musicbrainz_artistid":["c7423e0c-ab3e-4ab4-be10-cdff5a9d3062"],"musicbrainz_recordingid":["81f39d84-b0c6-45ac-9607-e0e33ae6245a"],"originaldate":["1977"],"replaygain_album_gain":["-5.10 dB"],"replaygain_album_peak":["1.089649"],"replaygain_track_gain":["-3.86 dB"],"replaygain_track_peak":["0.959815"],"script":["Latn"],"title":["Death Valley Nights"],"tracknumber":["3/10"]},"version":{"essentia":"2.1-beta1","essentia_build_sha":"bda5e90839f2e183d44a111976edb2fa785c9dca","essentia_git_sha":"v2.1_beta1-13-g0c62dac-dirty","extractor":"music 1.0"}},"rhythm":{"beats_count":372,"beats_loudness":{"dmean":0.0200200453401,"dmean2":0.0338473841548,"dvar":0.000388054468203,"dvar2":0.0010057319887,"max":0.168294280767,"mean":0.0446842461824,"median":0.0406139716506,"min":5.95876503695e-9,"var":0.00113033468369},"beats_loudness_band_ratio":{"dmean":[0.170123681426,0