{"lowlevel":{"average_loudness":0.958371639252,"barkbands":{"dmean":[0.000128174084239,0.00492091523483,0.00149152835365,0.00095966050867,0.00203659036197,0.000669008644763,0.000337835255777,0.000532812962774,0.00101839122362,0.000506525160745,0.000393554219045,0.000599413120653,0.000563145964406,0.000677054456901,0.000641626713332,0.000564863614272,0.000601328618359,0.00033877856913,0.000287428061711,0.000305446097627,0.000228207267355,0.000180616712896,0.00016668716853,0.000132003624458,0.0000849680363899,0.0000414330570493,0.0000156264559337],"dmean2":[0.000204854266485,0.00802621152252,0.00262051145546,0.00158409040887,0.00360607891344,0.00113811763003,0.000548628449906,0.000869141309522,0.00162603380159,0.000835124053992,0.000645120802801,0.000980171258561,0.000905220222194,0.00111566775013,0.0010571674211,0.000912944960874,0.000983287813142,0.000554410391487,0.000459617294837,0.00050162099069,0.000364676438039,0.000288561248453,0.000262626737822,0.000198828754947,0.000125461097923,0.0000573610523134,0.0000208356505027],"dvar":[3.59052094723e-8,0.0000537293562957,0.00000569593339605,0.00000209395443562,0.0000108154308691,0.00000117606839467,6.08743675912e-7,0.00000161067930549,0.00000510690506417,0.00000185639089523,0.00000111400527203,0.00000288597811959,0.00000202277715289,0.00000248880019171,0.00000184730345154,0.00000101078887838,0.00000103674301499,4.61046255396e-7,1.9024300002e-7,1.57170177317e-7,9.09116764092e-8,5.08959239198e-8,1.04428124814e-7,1.1488208429e-7,4.19805914476e-8,7.88614862302e-9,1.51525003655e-9],"dvar2":[8.54315871379e-8,0.000122688274132,0.0000158010116138,0.00000528828377355,0.0000309253155137,0.00000309360484607,0.0000014033722664,0.0000038022640183,0.000011448355508,0.00000470977374789,0.00000279248774859,0.00000691768582328,0.00000483669418827,0.00000647189199299,0.00000471727253171,0.00000244130728788,0.00000264863183475,0.00000117121919629,4.10593855804e-7,4.09413104308e-7,2.11904492176e-7,1.21720219681e-7,2.59629132415e-7,2.55905945323e-7,9.44859266383e-8,1.41038478674e-8,2.51030152221e-9],"max":[0.00178189272992,0.054047383368,0.0457847602665,0.0319152548909,0.0244693681598,0.0149503890425,0.0165376309305,0.0237699020654,0.052723441273,0.0226385537535,0.0236387830228,0.0352213308215,0.0272001232952,0.0322367995977,0.0274248756468,0.0281044859439,0.0248750243336,0.0171415470541,0.0125239379704,0.00692092580721,0.00720230164006,0.00431865360588,0.006599587854,0.00855065137148,0.00415757996961,0.00383943552151,0.000984257552773],"mean":[0.000132599292556,0.00544543145224,0.00182211538777,0.00149050855543,0.00255103595555,0.000992897548713,0.000489569618367,0.000717610004358,0.0013667831663,0.000663261394948,0.000518389744684,0.000808233104181,0.000820053799544,0.000951920694206,0.00101239420474,0.00100687926169,0.00117632281035,0.000648451270536,0.000652267539408,0.00078694295371,0.000625422573648,0.000472131912829,0.000386513536796,0.000302747997921,0.000176087894943,0.0000907660360099,0.0000315586548822],"median":[0.0000535687868251,0.00270884088241,0.00103146128822,0.00077389011858,0.00151054514572,0.00062109407736,0.000215718420804,0.000263253430603,0.000412854627939,0.000206393611734,0.000201744755032,0.000285110494588,0.000288797396934,0.000475229899166,0.000495211977977,0.000625432701781,0.000747548649088,0.000419917952968,0.000482887553517,0.000628428475466,0.00049557571765,0.000388201646274,0.000285083166091,0.000203931806027,0.000100049604953,0.0000385365237889,0.00000769110192778],"min":[4.6911142147e-25,4.11979925625e-24,2.44309946246e-24,2.04768135599e-24,1.71087253823e-23,1.55862427679e-23,9.42882368205e-24,7.68618103304e-24,2.93603584405e-23,3.52732622001e-23,1.33755184567e-23,2.62371539871e-23,4.58591255268e-23,5.23404887656e-23,5.35086876366e-23,6.8257603463e-23,8.74516179616e-23,1.14775462556e-22,1.6463100476e-22,2.46737591529e-22,2.22953700293e-22,3.13158442814e-22,4.08170188147e-22,5.15687436177e-22,8.32905496049e-22,1.43058120248e-21,2.10317335039e-21],"var":[4.08404687846e-8,0.0000582409957133,0.00000613461725152,0.00000486966746394,0.0000106109573608,0.00000164369578215,9.48503668496e-7,0.00000254364567809,0.00000836081107991,0.00000255021200246,0.00000139923110964,0.00000392194533561,0.00000351941480403,0.00000296281541523,0.00000274597164207,0.00000187248747352,0.00000228572616834,8.18809098746e-7,5.47489037217e-7,4.39984773948e-7,3.14989904382e-7,1.35547338687e-7,1.84489906019e-7,2.08500324561e-7,7.91993599591e-8,3.00879321458e-8,4.64361171737e-9]},"barkbands_crest":{"dmean":3.49181580544,"dmean2":5.78542709351,"dvar":11.3957748413,"dvar2":27.2312736511,"max":26.7319450378,"mean":8.78974533081,"median":7.25448656082,"min":1.80232167244,"var":24.1341400146},"barkbands_flatness_db":{"dmean":0.021010460332,"dmean2":0.0330939106643,"dvar":0.000544302456547,"dvar2":0.00128800584935,"max":0.509208738804,"mean":0.0810658112168,"median":0.0720507800579,"min":0.0106145245954,"var":0.0017963697901},"barkbands_kurtosis":{"dmean":3.03026032448,"dmean2":5.32194852829,"dvar":860.25177002,"dvar2":2519.92138672,"max":1282.96435547,"mean":2.41802382469,"median":-0.677100896835,"min":-1.8834028244,"var":642.028625488},"barkbands_skewness":{"dmean":0.617227494717,"dmean2":0.973022818565,"dvar":1.03771352768,"dvar2":2.70642828941,"max":35.1789588928,"mean":0.82648152113,"median":0.561986863613,"min":-2.65664696693,"var":2.70374345779},"barkbands_spread":{"dmean":9.05754566193,"dmean2":14.5303544998,"dvar":87.4049377441,"dvar2":209.66519165,"max":127.846794128,"mean":40.7980308533,"median":40.1360549927,"min":0.462336927652,"var":238.775787354},"dissonance":{"dmean":0.00977581180632,"dmean2":0.0166876278818,"dvar":0.00012640847126,"dvar2":0.000342098064721,"max":0.500000059605,"mean":0.485428512096,"median":0.489374190569,"min":0.345499545336,"var":0.000191300860024},"dynamic_complexity":2.54903364182,"erbbands":{"dmean":[0.151208654046,1.11624860764,1.64102423191,2.70239400864,2.524538517,8.9168138504,9.37648487091,5.3236079216,5.19904899597,5.8474407196,14.7150163651,23.3484172821,17.9866752625,14.1603221893,16.6418552399,24.2599010468,25.3083572388,30.2382926941,37.0839347839,25.7766990662,30.7527256012,31.3234329224,19.0378742218,13.3941917419,14.3606481552,15.6158628464,11.1595487595,7.50341558456,6.37579917908,5.64774084091,4.74367189407,3.43222975731,1.9588098526,1.12914812565,0.535415232182,0.205391183496,0.0729980096221,0.0215101633221,0.00272127822973,0.0000975919974735],"dmean2":[0.250111967325,1.82486116886,2.84195303917,4.50997877121,4.34102916718,15.8387794495,16.3799438477,9.05379199982,8.39588260651,9.47429466248,23.9761276245,37.1174316406,29.6282997131,22.4911403656,27.1132736206,39.1968688965,40.1371917725,49.8027038574,59.8336486816,41.6931114197,49.4709358215,51.0161781311,30.9234027863,21.4281406403,23.1364402771,25.6431541443,17.8670330048,11.9673252106,10.1981048584,8.91176319122,7.50245761871,5.27501821518,2.93524336815,1.67044043541,0.81259894371,0.302427053452,0.101718015969,0.0288017764688,0.00361905712634,0.000130470987642],"dvar":[0.0553663559258,2.75350666046,6.60111761093,15.7769937515,14.0750484467,237.494766235,200.852355957,94.0866699219,129.377075195,235.616119385,1140.19873047,3262.51000977,2922.62402344,1675.60522461,1935.24133301,4650.94189453,4281.76953125,5724.77880859,6028.87597656,2650.98168945,2682.3046875,2889.18676758,1475.04333496,476.244995117,456.053863525,497.641265869,250.445541382,85.1874771118,62.5169029236,74.0588378906,102.924171448,67.4997177124,26.7064590454,7.82749414444,1.89834558964,0.189800709486,0.0295093134046,0.00289891846478,0.0000448641840194,5.30464916437e-8],"dvar2":[0.128604069352,6.59843826294,17.7144012451,40.1479759216,38.9502029419,679.258117676,571.970825195,243.388076782,285.204650879,545.153686523,2721.70068359,7345.37402344,7475.64355469,4093.89990234,4910.19140625,11199.4082031,10187.0722656,15258.6513672,14647.5722656,6593.69140625,6492.34716797,7313.30712891,3615.3840332,1049.984375,1084.78222656,1330.11999512,571.370727539,205.756729126,150.738174438,178.059249878,257.377075195,152.756347656,58.3635673523,16.8494586945,4.68448972702,0.439592450857,0.0492517016828,0.00497283507138,0.0000752082487452,8.99194390058e-8],"max":[1.64925312996,12.3137607574,47.8188209534,88.6462173462,110.3670578,127.232315063,199.131546021,180.64491272,310.528167725,461.513977051,623.97253418,1367.49414062,1507.22814941,1067.3840332,876.423522949,1614.97802734,1261.12414551,1647.62011719,1831.22485352,1159.41601562,1831.76049805,1630.56311035,1057.57861328,721.777954102,530.376647949,412.94140625,431.850006104,207.425949097,138.863525391,162.156417847,228.447113037,205.416030884,132.672607422,64.8329391479,33.418674469,10.0435886383,8.72845745087,1.77949273586,0.166435152292,0.00578137114644],"mean":[0.152948498726,1.22332775593,2.1277256012,4.28075647354,4.20762634277,10.0351009369,11.7362155914,7.51360034943,7.74118423462,8.31779193878,20.1728515625,31.6421108246,24.3591098785,21.0376377106,23.3711242676,34.602180481,38.8419494629,44.8266029358,59.6296157837,48.4391746521,60.138923645,63.8222808838,39.4134025574,30.7473754883,34.4457473755,39.1736297607,30.8682899475,20.5859279633,16.9876098633,13.6727714539,10.5667076111,7.59339237213,4.43771839142,2.41387033463,1.00594091415,0.416043013334,0.161717787385,0.0440648160875,0.00548915518448,0.000227061391342],"median":[0.0656858310103,0.618318259716,1.29883992672,2.54431080818,3.11077642441,5.10014867783,6.39682149887,4.58370780945,3.68317818642,3.74129033089,7.72611761093,10.0124769211,8.65901947021,8.08616065979,9.94565677643,12.8643093109,14.4882555008,22.3591995239,31.2047767639,28.6419029236,40.0429725647,42.6105995178,26.5335674286,22.7044010162,26.1291122437,30.3186416626,23.8913650513,17.4732456207,14.0167016983,10.6044435501,7.53339910507,5.22885990143,2.871717453,1.39662766457,0.551791846752,0.209170550108,0.0623462088406,0.0119269248098,0.00142928678542,0.000100636541902],"min":[6.47841794775e-23,9.45978672502e-22,3.87474703764e-21,5.1728369685e-21,3.51370911511e-20,3.04734759381e-20,9.7517808754e-20,9.68876716107e-20,1.98722348574e-19,1.58806877362e-19,3.38480083609e-19,7.01753096621e-19,7.66934153409e-19,7.96537706761e-19,1.1237484368e-18,1.21359296923e-18,2.38965964919e-18,2.49886196571e-18,2.67009972624e-18,2.98664582344e-18,4.03290790956e-18,4.57484893636e-18,6.97940011132e-18,7.18067548823e-18,8.16258850617e-18,1.02841372053e-17,7.32848191035e-18,9.24149672274e-18,1.0599170596e-17,1.24825483542e-17,1.18389968746e-17,1.17808229164e-17,8.44732227099e-18,7.8479827679e-18,6.32752967625e-18,4.48532979611e-18,2.32298413553e-18,9.53048447065e-19,2.65178362103e-19,2.93010217368e-20],"var":[0.0562174357474,2.88576889038,7.36057281494,35.0769691467,26.3924274445,208.68699646,226.882858276,118.720199585,227.958770752,334.575134277,1833.15881348,5131.32324219,3422.53637695,2673.29663086,2398.62939453,6595.33105469,7611.85351562,6332.07666016,9417.44042969,4852.27246094,5622.70019531,6159.37841797,2822.45849609,1269.05334473,1189.60510254,1258.20654297,902.09753418,243.847335815,169.415084839,164.043197632,163.505310059,114.751602173,51.7156906128,16.2659873962,2.71520805359,0.392920196056,0.133372411132,0.00993067957461,0.000136297734571,1.54359341309e-7]},"erbbands_crest":{"dmean":2.60183858871,"dmean2":4.26441860199,"dvar":7.60422849655,"dvar2":19.0656604767,"max":30.4869728088,"mean":7.62481594086,"median":6.46146392822,"min":2.1611597538,"var":16.4817562103},"erbbands_flatness_db":{"dmean":0.0151809323579,"dmean2":0.0230142977089,"dvar":0.000208286292036,"dvar2":0.000446874735644,"max":0.272232174873,"mean":0.123552381992,"median":0.122633606195,"min":0.0221252553165,"var":0.0011779795168},"erbbands_kurtosis":{"dmean":0.880700647831,"dmean2":1.43754935265,"dvar":1.30918693542,"dvar2":3.37024259567,"max":26.321264267,"mean":0.553205311298,"median":0.080201625824,"min":-1.63015031815,"var":3.12217187881},"erbbands_skewness":{"dmean":0.326734602451,"dmean2":0.506965339184,"dvar":0.0980318933725,"dvar2":0.221863612533,"max":3.07616114616,"mean":-0.351517379284,"median":-0.421813368797,"min":-3.48100447655,"var":0.434709578753},"erbbands_spread":{"dmean":9.07962799072,"dmean2":14.3766136169,"dvar":84.1065063477,"dvar2":208.726318359,"max":153.614715576,"mean":40.8695487976,"median":38.6074447632,"min":4.91136598587,"var":337.573303223},"gfcc":{"cov":[[25223.78125,802.419616699,-2466.17138672,357.217895508,-1076.17407227,142.808547974,-820.896850586,-41.6133079529,-440.591766357,-84.027015686,-443.594665527,-94.8738174438,-145.970779419],[802.419616699,893.155029297,-329.596435547,185.067932129,-87.5689163208,0.0500314049423,-1.02193892002,-31.1737651825,-27.0529499054,-55.2048950195,-46.5845298767,-109.670806885,44.0456428528],[-2466.17138672,-329.596435547,784.887573242,-26.9443454742,204.396118164,-13.6233386993,61.8707962036,32.5858802795,40.9673118591,53.1406707764,25.4445858002,53.8818397522,-7.96724033356],[357.217895508,185.067932129,-26.9443454742,388.040252686,74.9307785034,1.59047210217,-35.8078079224,-4.98828983307,16.2070522308,8.55366516113,-20.0710754395,-55.6357955933,30.569196701],[-1076.17407227,-87.5689163208,204.396118164,74.9307785034,251.607131958,52.5290679932,61.6936988831,6.68264627457,45.3353614807,37.851650238,12.4923820496,8.46717453003,-3.53144717216],[142.808547974,0.0500314049423,-13.6233386993,1.59047210217,52.5290679932,158.198455811,68.4912414551,37.655292511,3.77289533615,12.1302118301,10.9638710022,-10.2193107605,-15.5608663559],[-820.896850586,-1.02193892002,61.8707962036,-35.8078079224,61.6936988831,68.4912414551,174.872116089,64.8900909424,38.3604888916,19.4714107513,24.6959400177,9.00351238251,-2.0740172863],[-41.6133079529,-31.1737651825,32.5858802795,-4.98828983307,6.68264627457,37.655292511,64.8900909424,104.389465332,44.030960083,19.1658782959,-1.18982231617,-4.17846155167,-2.00731801987],[-440.591766357,-27.0529499054,40.9673118591,16.2070522308,45.3353614807,3.77289533615,38.3604888916,44.030960083,101.398094177,40.3406333923,18.072971344,-3.42755699158,0.317601621151],[-84.027015686,-55.2048950195,53.1406707764,8.55366516113,37.851650238,12.1302118301,19.4714107513,19.1658782959,40.3406333923,84.0586929321,27.995967865,8.36770248413,1.00523865223],[-443.594665527,-46.5845298767,25.4445858002,-20.0710754395,12.4923820496,10.9638710022,24.6959400177,-1.18982231617,18.072971344,27.995967865,79.6235275269,40.8646430969,0.853320598602],[-94.8738174438,-109.670806885,53.8818397522,-55.6357955933,8.46717453003,-10.2193107605,9.00351238251,-4.17846155167,-3.42755699158,8.36770248413,40.8646430969,93.5713119507,17.2924041748],[-145.970779419,44.0456428528,-7.96724033356,30.569196701,-3.53144717216,-15.5608663559,-2.0740172863,-2.00731801987,0.317601621151,1.00523865223,0.853320598602,17.2924041748,66.8515853882]],"icov":[[0.000122706478578,-0.0000382792131859,0.000303531298414,-0.000198211942916,0.00030792405596,-0.000342887913575,0.000482521398226,-0.00029170900234,0.000295343925245,-0.000573961879127,0.000879250699654,-0.00076242047362,0.000555843755137],[-0.0000382792131859,0.00184237747453,0.000395166804083,-0.000607273250353,0.000364965904737,0.000174708038685,-0.00110340479296,0.000901669089217,-0.0000581105196034,0.000838768028188,-0.000463259028038,0.00205922289751,-0.00145895557944],[0.000303531298414,0.000395166804083,0.00274644955061,-0.000349114008714,-0.000896911427844,0.000183268915862,0.000901576888282,-0.00146099331323,0.00131600582972,-0.00179301539902,0.00214096554555,-0.00205290410668,0.00139314390253],[-0.000198211942916,-0.000607273250353,-0.000349114008714,0.00415995949879,-0.00245990068652,0.000690989545546,0.000944845087361,-0.000551151111722,-0.000370335445041,0.000711601343937,-0.00214921380393,0.00331808021292,-0.00277265161276],[0.00030792405596,0.000364965904737,-0.000896911427844,-0.00245990068652,0.00851993169636,-0.00346053089015,-0.00120602094103,0.00322683271952,-0.00232637813315,-0.00239316211082,0.00410832604393,-0.00312180351466,0.00195599207655],[-0.000342887913575,0.000174708038685,0.000183268915862,0.000690989545546,-0.00346053089015,0.0103852506727,-0.00371096399613,-0.00246215588413,0.00253719626926,0.00090236752294,-0.00428201816976,0.00374902365729,-0.0000531673067599],[0.000482521398226,-0.00110340479296,0.000901576888282,0.000944845087361,-0.00120602094103,-0.00371096399613,0.0123238703236,-0.00667287502438,0.000518888817169,-0.00134375598282,0.000622693274636,-0.00294814351946,0.0014828335261],[-0.00029170900234,0.000901669089217,-0.00146099331323,-0.000551151111722,0.00322683271952,-0.00246215588413,-0.00667287502438,0.0181819424033,-0.00759993167594,0.000311147188768,0.00249985349365,0.00104467500933,-0.00148755148984],[0.000295343925245,-0.0000581105196034,0.00131600582972,-0.000370335445041,-0.00232637813315,0.00253719626926,0.000518888817169,-0.00759993167594,0.0174879450351,-0.00626442302018,-0.00144925480708,0.000993623631075,0.00103753199801],[-0.000573961879127,0.000838768028188,-0.00179301539902,0.000711601343937,-0.00239316211082,0.00090236752294,-0.00134375598282,0.000311147188768,-0.00626442302018,0.0197975654155,-0.00940816663206,0.00511983688921,-0.00376586592756],[0.000879250699654,-0.000463259028038,0.00214096554555,-0.00214921380393,0.00410832604393,-0.00428201816976,0.000622693274636,0.00249985349365,-0.00144925480708,-0.00940816663206,0.0271235834807,-0.015211019665,0.00651443656534],[-0.00076242047362,0.00205922289751,-0.00205290410668,0.00331808021292,-0.00312180351466,0.00374902365729,-0.00294814351946,0.00104467500933,0.000993623631075,0.00511983688921,-0.015211019665,0.0246481113136,-0.0103989951313],[0.000555843755137,-0.00145895557944,0.00139314390253,-0.00277265161276,0.00195599207655,-0.0000531673067599,0.0014828335261,-0.00148755148984,0.00103753199801,-0.00376586592756,0.00651443656534,-0.0103989951313,0.0213180463761]],"mean":[32.4146461487,44.4361801147,-115.193229675,46.8253631592,-47.0978660583,17.7419605255,-33.6357040405,7.15893983841,-19.209733963,3.49296498299,-17.1902122498,0.674005746841,-8.24349689484]},"hfc":{"dmean":7.8288898468,"dmean2":11.6443500519,"dvar":72.7926712036,"dvar2":157.58039856,"max":151.600341797,"mean":36.7795219421,"median":35.6777534485,"min":1.06597316319e-16,"var":380.757110596},"melbands":{"dmean":[0.00137333327439,0.000993069843389,0.000430289917858,0.000355007883627,0.0003836749529,0.000118674099213,0.000074291958299,0.000071064925578,0.000135952563141,0.00014824954269,0.0000903321415535,0.0000582298125664,0.0000538454514754,0.0000642800659989,0.0000629804926575,0.0000576237798668,0.0000611865907558,0.0000655954791,0.0000410807697335,0.0000402531877626,0.0000396940667997,0.0000390913701267,0.0000242678106588,0.0000157992981258,0.0000118879033835,0.0000124518064695,0.0000106421330202,0.0000122833234855,0.0000076942396845,0.00000673408976581,0.00000451713231087,0.00000398802922064,0.00000394818016503,0.00000329246950059,0.00000302271951114,0.00000268009353022,0.00000207338212022,0.00000151839697082,0.00000119815399557,9.54879396886e-7],"dmean2":[0.00225446023978,0.00160965090618,0.000721627671737,0.000626335677225,0.00067406182643,0.000200486319955,0.000120563796372,0.000115476046631,0.000221484733629,0.000235533108935,0.000149315135786,0.0000929301822907,0.0000878341015778,0.00010601082613,0.000100117744296,0.0000930506794248,0.000101593606814,0.000106661289465,0.0000677365169395,0.0000650177680654,0.0000644668762106,0.0000639263525954,0.0000399043638026,0.0000257308583969,0.0000191777216969,0.0000200718477572,0.0000174266588147,0.0000204054394999,0.00001236828939,0.0000108961467049,0.00000731524505682,0.00000646846820018,0.00000633222543911,0.00000524380948264,0.00000486958242618,0.00000424337258664,0.00000321300353789,0.00000234676849686,0.00000178313837296,0.00000144768580412],"dvar":[0.00000436429445472,0.00000193479627342,3.66629222981e-7,3.04298595211e-7,3.70434463548e-7,4.31567954706e-8,2.61238231047e-8,3.25084776875e-8,9.31401942239e-8,1.30082412397e-7,7.22569382106e-8,2.81663723456e-8,1.89950437601e-8,4.12203178257e-8,2.63179984472e-8,2.545552924e-8,2.57752983401e-8,1.92295015466e-8,6.75987577026e-9,6.36289643197e-9,5.07501773939e-9,5.1202775353e-9,1.92109150809e-9,1.23301235888e-9,4.15042167301e-10,4.65653710036e-10,2.06392528068e-10,3.24013316177e-10,1.07106400138e-10,9.6507281333e-11,3.29344121419e-11,2.40513910871e-11,3.09057605896e-11,2.75051700166e-11,4.36740747733e-11,2.92122263879e-11,2.9940827595e-11,1.5682720747e-11,1.04232004972e-11,5.42001903428e-12],"dvar2":[0.00000994124638964,0.00000486862381877,9.50525020471e-7,8.72828934462e-7,0.0000010609637684,1.10456824132e-7,5.83324570869e-8,7.48447703813e-8,2.22226262281e-7,2.93588982458e-7,1.84650417623e-7,6.87583678882e-8,4.88070099891e-8,1.00231616784e-7,6.24735392307e-8,6.16545818843e-8,6.87917349751e-8,4.58131523828e-8,1.67385163508e-8,1.5937413167e-8,1.21843557466e-8,1.30616912841e-8,4.99296071155e-9,3.05468006445e-9,9.30860333259e-10,1.11642861622e-9,5.06021224922e-10,8.73749073094e-10,2.48517484369e-10,2.37713043694e-10,8.13172446046e-11,6.00631627767e-11,7.51139636601e-11,6.86841486464e-11,1.1245458037e-10,6.80199715997e-11,6.80873343817e-11,3.56901348753e-11,2.2539678457e-11,1.23227747451e-11],"max":[0.014766395092,0.0191403217614,0.0124856950715,0.00638559367508,0.00596317835152,0.00361826294102,0.00393051514402,0.0056757973507,0.00511595187709,0.00825818162411,0.00734706921503,0.00438918732107,0.00301218871027,0.00424277596176,0.0029349590186,0.00361841544509,0.00378866470419,0.00317630544305,0.00138400762808,0.00225099548697,0.00280334986746,0.00206004432403,0.00134285609238,0.00105309637729,0.000701948767528,0.000626501743682,0.000373685761588,0.000340464903275,0.000219209876377,0.000197038607439,0.000107627754915,0.0000792650098447,0.00011615530093,0.000102742284071,0.000144260266097,0.000120124321256,0.000143789089634,0.000113931833766,0.0000627968620392,0.0000676970812492],"mean":[0.00147653277963,0.00132802757435,0.000710653199349,0.000477059045807,0.000457202375401,0.000173421329237,0.000111269051558,0.0000973910136963,0.000181175491889,0.000198763169465,0.000117954819871,0.0000837389961816,0.0000728933591745,0.000086625230324,0.0000890094961505,0.0000824654780445,0.0000830729622976,0.0000987448875094,0.0000670510926284,0.0000680958110024,0.0000712836044841,0.0000719174786354,0.0000442692107754,0.0000291428550554,0.0000239358832914,0.000025477627787,0.0000239628916461,0.0000269481697615,0.000019305243768,0.0000157949380082,0.0000107453170131,0.0000097044658105,0.00000873433418747,0.00000717088687452,0.0000061857149376,0.00000548369735043,0.00000426695896749,0.0000032356574593,0.00000245789624387,0.00000189838942788],"median":[0.000702138000634,0.000825026188977,0.000470020546345,0.00031185336411,0.000245171104325,0.000107283522084,0.0000533723905392,0.0000405341379519,0.0000638647397864,0.0000578791441512,0.0000389322231058,0.0000291930609819,0.0000297532878903,0.0000318326492561,0.0000318410384352,0.0000287625898636,0.0000391437861254,0.0000494530540891,0.0000343626052199,0.0000387820764445,0.0000443412463937,0.0000448614191555,0.0000278539519059,0.0000187750956684,0.0000167630769283,0.0000180857041414,0.0000185064218385,0.0000197910103452,0.0000150184869199,0.0000117284371299,0.0000088627293735,0.00000774744603405,0.00000674146622259,0.00000535129447599,0.00000429083320341,0.00000363204685527,0.00000282104201688,0.00000211236101677,0.00000140269412441,0.00000105459525912],"min":[8.81114145174e-25,2.38210177904e-24,1.45444119197e-24,2.73210240217e-24,3.01878017437e-24,2.40881832853e-24,2.65726099873e-24,1.64554659196e-24,2.80717099756e-24,4.08331443938e-24,4.05884318524e-24,2.94065000981e-24,2.84559858162e-24,2.83115374959e-24,2.55767756464e-24,4.63082847824e-24,4.53944485883e-24,3.02078407829e-24,3.12363004387e-24,3.90651296115e-24,4.09602101641e-24,4.06169333969e-24,5.38557312147e-24,5.38296317516e-24,5.37891079669e-24,5.01297715542e-24,6.5550676965e-24,5.96426018229e-24,4.16912041776e-24,5.34920387272e-24,4.56930955498e-24,5.15486443885e-24,5.38417092121e-24,5.79456673525e-24,6.43621081277e-24,6.21879759184e-24,7.00350080566e-24,5.78729619872e-24,5.98588483186e-24,5.61098815298e-24],"var":[0.00000460425189885,0.00000239740347752,7.87135036262e-7,3.44769688354e-7,3.6557992189e-7,5.90233497633e-8,4.50210002612e-8,4.69714365181e-8,1.4731475062e-7,2.07089144055e-7,8.56991846376e-8,4.5640565105e-8,2.3284570716e-8,5.00102430578e-8,4.13777776487e-8,3.96542780834e-8,2.67383484243e-8,2.86441448338e-8,1.09224993494e-8,1.07995843379e-8,9.8950714289e-9,9.69611591017e-9,3.55414297992e-9,2.02057837129e-9,9.60608370626e-10,9.71446478815e-10,5.05407049545e-10,6.98744007099e-10,3.51114248787e-10,2.51100806814e-10,7.70791416804e-11,5.99197427786e-11,6.55503845648e-11,5.30928252751e-11,6.17388293267e-11,5.2850224197e-11,4.61363551529e-11,2.72413671482e-11,2.13253529419e-11,1.00357170491e-11]},"melbands_crest":{"dmean":4.14334535599,"dmean2":6.73672914505,"dvar":13.0346050262,"dvar2":32.3881950378,"max":39.8893089294,"mean":13.042014122,"median":11.5249643326,"min":1.00285112858,"var":37.169002533},"melbands_flatness_db":{"dmean":0.0302351880819,"dmean2":0.0470643229783,"dvar":0.000988845713437,"dvar2":0.00220344378613,"max":0.516047716141,"mean":0.129392281175,"median":0.116673372686,"min":2.41602776896e-7,"var":0.00351996533573},"melbands_kurtosis":{"dmean":12.1831979752,"dmean2":20.1213226318,"dvar":8248.04589844,"dvar2":22535.6054688,"max":3731.79418945,"mean":17.1539897919,"median":3.05195760727,"min":-1.75370836258,"var":10253.0107422},"melbands_skewness":{"dmean":0.979855835438,"dmean2":1.52208399773,"dvar":2.71062421799,"dvar2":6.57696962357,"max":55.7047271729,"mean":2.42697572708,"median":1.81706595421,"min":-1.20882880688,"var":8.35515880585},"melbands_spread":{"dmean":14.9852619171,"dmean2":24.154914856,"dvar":246.756378174,"dvar2":587.04876709,"max":228.836181641,"mean":47.7968025208,"median":44.8539123535,"min":0.205642417073,"var":660.086791992},"mfcc":{"cov":[[10120.8603516,1117.41784668,-406.483734131,105.947242737,-100.016914368,5.40137386322,-229.963150024,-115.739723206,-88.344039917,-77.1743927002,-235.384887695,-105.889923096,-164.345169067],[1117.41784668,600.348510742,-95.3255844116,51.5241127014,-65.6165466309,18.8039951324,-5.39530420303,-14.0395870209,22.5959854126,-11.2104139328,-46.2241783142,6.92660045624,-41.5837173462],[-406.483734131,-95.3255844116,318.997741699,52.6919250488,64.0749282837,-12.8962392807,18.8723335266,-1.01999688148,12.8540668488,2.91295075417,15.8533372879,-8.09844589233,22.0133132935],[105.947242737,51.5241127014,52.6919250488,316.678619385,107.286933899,40.0541610718,-14.7067146301,-35.0374755859,48.1960906982,13.7475652695,-37.1093482971,14.9643297195,16.0011730194],[-100.016914368,-65.6165466309,64.0749282837,107.286933899,187.752151489,64.2576217651,3.9531545639,-11.11723423,19.8512172699,18.4122104645,3.02576422691,5.45311164856,9.97295951843],[5.40137386322,18.8039951324,-12.8962392807,40.0541610718,64.2576217651,122.400543213,54.6145782471,12.5856313705,16.8831291199,17.9947128296,18.9918766022,14.4203615189,2.84979081154],[-229.963150024,-5.39530420303,18.8723335266,-14.7067146301,3.9531545639,54.6145782471,121.647636414,47.1013412476,29.0983352661,10.7562627792,31.4352645874,18.1707763672,5.16601657867],[-115.739723206,-14.0395870209,-1.01999688148,-35.0374755859,-11.11723423,12.5856313705,47.1013412476,103.6772995,24.242275238,14.4631967545,25.2904777527,9.15372943878,5.80270528793],[-88.344039917,22.5959854126,12.8540668488,48.1960906982,19.8512172699,16.8831291199,29.0983352661,24.242275238,108.024497986,50.0693588257,13.2858171463,7.89687776566,4.98448467255],[-77.1743927002,-11.2104139328,2.91295075417,13.7475652695,18.4122104645,17.9947128296,10.7562627792,14.4631967545,50.0693588257,97.6724319458,44.6960754395,2.92378640175,-1.19415736198],[-235.384887695,-46.2241783142,15.8533372879,-37.1093482971,3.02576422691,18.9918766022,31.4352645874,25.2904777527,13.2858171463,44.6960754395,95.8191375732,31.7928771973,8.63272666931],[-105.889923096,6.92660045624,-8.09844589233,14.9643297195,5.45311164856,14.4203615189,18.1707763672,9.15372943878,7.89687776566,2.92378640175,31.7928771973,73.3292007446,30.9291038513],[-164.345169067,-41.5837173462,22.0133132935,16.0011730194,9.97295951843,2.84979081154,5.16601657867,5.80270528793,4.98448467255,-1.19415736198,8.63272666931,30.9291038513,68.7126464844]],"icov":[[0.00013831515389,-0.000233547514654,0.0000836237886688,-0.00000555818132852,-0.0000313066084345,-0.00007778404688,0.000211630220292,-0.0000344699437846,0.000112348709081,-0.0000348959802068,0.00012735153723,0.000097769749118,0.0000899889782886],[-0.000233547514654,0.00254724104889,0.0000971466070041,-0.000456415407825,0.00131037773099,-0.000823964190204,-0.0000638239653199,0.00018141802866,-0.00079033448128,0.0000842334411573,0.000946476939134,-0.00135227176361,0.00144015217666],[0.0000836237886688,0.0000971466070041,0.00408169347793,-0.000692526169587,-0.00158257829025,0.00200772867538,-0.00141813117079,0.00033392268233,-0.0000885418339749,0.000757855479605,-0.00152625015471,0.00193508842494,-0.00132240843959],[-0.00000555818132852,-0.000456415407825,-0.000692526169587,0.00513864075765,-0.0022204965353,-0.000816843181383,0.000762940500863,0.00123656843789,-0.0019301698776,-0.000690680579282,0.00278406077996,-0.00189417321235,-0.00043906448991],[-0.0000313066084345,0.00131037773099,-0.00158257829025,-0.0022204965353,0.00948981847614,-0.00549464626238,0.00216341624036,0.000165340898093,-0.000450423802249,-0.000466229685117,0.000354662159225,-0.00040276357322,0.000577459461056],[-0.00007778404688,-0.000823964190204,0.00200772867538,-0.000816843181383,-0.00549464626238,0.0150354448706,-0.00728683313355,0.000641759077553,0.0014556706883,-0.00119348359294,-0.00152206409257,0.00031227740692,-0.00054579670541],[0.000211630220292,-0.0000638239653199,-0.00141813117079,0.000762940500863,0.00216341624036,-0.00728683313355,0.0149574028328,-0.00432273838669,-0.00320788146928,0.00252285832539,-0.00175410311203,-0.00134318810888,0.00107445265166],[-0.0000344699437846,0.00018141802866,0.00033392268233,0.00123656843789,0.000165340898093,0.000641759077553,-0.00432273838669,0.0128642404452,-0.00233922386542,0.0000484119373141,-0.00139672996011,0.000310527568217,-0.000973346468527],[0.000112348709081,-0.00079033448128,-0.0000885418339749,-0.0019301698776,-0.000450423802249,0.0014556706883,-0.00320788146928,-0.00233922386542,0.0151644796133,-0.00813077017665,0.00253829057328,-0.000736241636332,-0.000516864238307],[-0.0000348959802068,0.0000842334411573,0.000757855479605,-0.000690680579282,-0.000466229685117,-0.00119348359294,0.00252285832539,0.0000484119373141,-0.00813077017665,0.0190334096551,-0.0102186528966,0.00432317471132,0.0000674237162457],[0.00012735153723,0.000946476939134,-0.00152625015471,0.00278406077996,0.000354662159225,-0.00152206409257,-0.00175410311203,-0.00139672996011,0.00253829057328,-0.0102186528966,0.0212350636721,-0.00983553752303,0.00237710820511],[0.000097769749118,-0.00135227176361,0.00193508842494,-0.00189417321235,-0.00040276357322,0.00031227740692,-0.00134318810888,0.000310527568217,-0.000736241636332,0.00432317471132,-0.00983553752303,0.0230032838881,-0.00963316857815],[0.0000899889782886,0.00144015217666,-0.00132240843959,-0.00043906448991,0.000577459461056,-0.00054579670541,0.00107445265166,-0.000973346468527,-0.000516864238307,0.0000674237162457,0.00237710820511,-0.00963316857815,0.020182415843]],"mean":[-598.923278809,72.6114730835,-4.56264448166,29.6461009979,10.0076971054,13.6677083969,0.640486299992,4.79149961472,3.46896600723,4.69182252884,-2.72197413445,1.28735256195,-1.86707997322]},"pitch_salience":{"dmean":0.0888055339456,"dmean2":0.143454879522,"dvar":0.00706838583574,"dvar2":0.0171811059117,"max":0.99597966671,"mean":0.576355040073,"median":0.603094100952,"min":0.0133769325912,"var":0.0178762450814},"silence_rate_20dB":{"dmean":0,"dmean2":0,"dvar":0,"dvar2":0,"max":1,"mean":1,"median":1,"min":1,"var":0},"silence_rate_30dB":{"dmean":0,"dmean2":0,"dvar":0,"dvar2":0,"max":1,"mean":1,"median":1,"min":1,"var":0},"silence_rate_60dB":{"dmean":0.00262565631419,"dmean2":0.00525229796767,"dvar":0.00261855125427,"dvar2":0.00709978537634,"max":1,"mean":0.0382523909211,"median":0,"min":0,"var":0.0367888100445},"spectral_centroid":{"dmean":310.865814209,"dmean2":503.049743652,"dvar":110389.757812,"dvar2":273277.1875,"max":11455.2294922,"mean":2329.97290039,"median":2284.59155273,"min":253.643173218,"var":689777.1875},"spectral_complexity":{"dmean":4.77681922913,"dmean2":7.43950462341,"dvar":18.9586029053,"dvar2":40.2096633911,"max":60,"mean":31.7841739655,"median":34,"min":0,"var":162.84046936},"spectral_contrast_coeffs":{"dmean":[0.0626039877534,0.050325576216,0.0411434471607,0.0329323038459,0.0200459863991,0.0166707653552],"dmean2":[0.10525701195,0.084318511188,0.0666103884578,0.0540574453771,0.0328398793936,0.0266534183174],"dvar":[0.00271083111875,0.00167140655685,0.00123725645244,0.000753924250603,0.000267364404863,0.000201756105525],"dvar2":[0.00756935263053,0.00448887236416,0.00305383047089,0.00193067709915,0.000701287062839,0.000455274624983],"max":[-0.332666933537,-0.389126479626,-0.498982816935,-0.571425199509,-0.574224174023,-0.623734176159],"mean":[-0.675252020359,-0.766639232635,-0.790375292301,-0.780230760574,-0.792952179909,-0.743198394775],"median":[-0.676253318787,-0.772446274757,-0.801749229431,-0.784821867943,-0.795458257198,-0.739173769951],"min":[-0.985770821571,-0.986062943935,-0.992610573769,-0.987106263638,-0.988218545914,-0.965733110905],"var":[0.00684816855937,0.00504501210526,0.00467395363376,0.00321839912795,0.00157991773449,0.00185534544289]},"spectral_contrast_valleys":{"dmean":[0.4297311306,0.396782636642,0.330194234848,0.26012724638,0.192925512791,0.200509116054],"dmean2":[0.710495531559,0.667826414108,0.539602160454,0.422927677631,0.305976450443,0.288066715002],"dvar":[0.148365497589,0.131344467402,0.102717466652,0.0728113800287,0.0586978271604,0.0609574131668],"dvar2":[0.347874253988,0.314481467009,0.217990741134,0.140633031726,0.103743128479,0.105958029628],"max":[-5.55141782761,-5.05968904495,-5.40578651428,-5.43103551865,-5.6385884285,-7.48049592972],"mean":[-7.24737644196,-7.02336502075,-7.35604524612,-7.28169441223,-6.86398601532,-9.34362316132],"median":[-6.87068986893,-6.66894006729,-7.00574827194,-6.9300122261,-6.50626945496,-9.02930164337],"min":[-28.0155639648,-27.8878231049,-27.6712341309,-27.5947475433,-27.4415550232,-27.3224391937],"var":[3.69971251488,3.9750020504,3.95751571655,3.97787475586,3.96602678299,3.25996160507]},"spectral_decrease":{"dmean":1.92215954264e-9,"dmean2":2.94457058736e-9,"dvar":3.5237199263e-18,"dvar2":7.81843339487e-18,"max":1.83348747373e-28,"mean":-6.04173866492e-9,"median":-5.8888622867e-9,"min":-1.92441582669e-8,"var":8.41906247254e-18},"spectral_energy":{"dmean":0.00745682511479,"dmean2":0.0113553898409,"dvar":0.0000512654733029,"dvar2":0.000112834903121,"max":0.0745063051581,"mean":0.0261389259249,"median":0.025905828923,"min":1.00764734996e-20,"var":0.00013760101865},"spectral_energyband_high":{"dmean":0.000706494203769,"dmean2":0.00105860305484,"dvar":8.30658336781e-7,"dvar2":0.00000188156593595,"max":0.0181478019804,"mean":0.00253437273204,"median":0.00221781642176,"min":6.93057395975e-21,"var":0.00000300907163364},"spectral_energyband_low":{"dmean":0.00563056953251,"dmean2":0.00881137792021,"dvar":0.0000539116517757,"dvar2":0.000119242700748,"max":0.0670302435756,"mean":0.0083812084049,"median":0.00550170149654,"min":1.81637195579e-23,"var":0.0000790366029833},"spectral_energyband_middle_high":{"dmean":0.00262925727293,"dmean2":0.00403012055904,"dvar":0.0000097664187706,"dvar2":0.0000230243331316,"max":0.0484152548015,"mean":0.00850673113018,"median":0.0072793927975,"min":1.24381842104e-21,"var":0.0000410674983868},"spectral_energyband_middle_low":{"dmean":0.00376892695203,"dmean2":0.00629904819652,"dvar":0.0000194609765458,"dvar2":0.0000517252083228,"max":0.0582852736115,"mean":0.00783731788397,"median":0.00637804716825,"min":1.72887387077e-22,"var":0.0000376918724214},"spectral_entropy":{"dmean":0.0964232385159,"dmean2":0.147068679333,"dvar":0.00956375990063,"dvar2":0.0224898885936,"max":9.82290363312,"mean":8.06953811646,"median":8.0616941452,"min":6.28859472275,"var":0.0606644116342},"spectral_flux":{"dmean":0.0235593542457,"dmean2":0.0378429032862,"dvar":0.000476650864584,"dvar2":0.00115682603791,"max":0.235430896282,"mean":0.10199329257,"median":0.102197483182,"min":6.38365332817e-11,"var":0.00128217774909},"spectral_kurtosis":{"dmean":0.595920562744,"dmean2":0.974320411682,"dvar":0.305242747068,"dvar2":0.826622903347,"max":9.12660121918,"mean":2.65454363823,"median":2.55497837067,"min":-1.24108505249,"var":1.00950622559},"spectral_rms":{"dmean":0.000721435761079,"dmean2":0.00108447822277,"dvar":4.61773026927e-7,"dvar2":9.70990186033e-7,"max":0.00852578878403,"mean":0.00485046627,"median":0.0050273234956,"min":3.13539558899e-12,"var":0.00000197438612304},"spectral_rolloff":{"dmean":955.358215332,"dmean2":1522.36938477,"dvar":1484407.125,"dvar2":3147987.75,"max":19422.9492188,"mean":3093.84521484,"median":2713.18359375,"min":21.533203125,"var":4605143},"spectral_skewness":{"dmean":0.117375090718,"dmean2":0.1841558218,"dvar":0.0109963063151,"dvar2":0.0265231523663,"max":2.38823318481,"mean":1.15053844452,"median":1.13879466057,"min":-0.0608618631959,"var":0.0556522011757},"spectral_spread":{"dmean":459230,"dmean2":667300.625,"dvar":531626590208,"dvar2":1006035992580,"max":42236100,"mean":5315004,"median":4806724,"min":2312946.5,"var":8262668255230},"spectral_strongpeak":{"dmean":0.825427532196,"dmean2":1.43471622467,"dvar":2.02194309235,"dvar2":5.27843666077,"max":15.20317173,"mean":1.00161457062,"median":0.357143461704,"min":0,"var":2.53316640854},"zerocrossingrate":{"dmean":0.0165296755731,"dmean2":0.0201310906559,"dvar":0.000375695497496,"dvar2":0.00059359241277,"max":0.51953125,"mean":0.10719306767,"median":0.1005859375,"min":0.0009765625,"var":0.00260424613953}},"metadata":{"audio_properties":{"analysis_sample_rate":44100,"bit_rate":0,"codec":"flac","downmix":"mix","equal_loudness":0,"length":123.800003052,"lossless":true,"md5_encoded":"a4d043693c02ac383ad209cddd99cd2a","replay_gain":-17.4455566406,"sample_rate":44100},"tags":{"album":["Mother’s Milk"],"album artist":["Red Hot Chili Peppers"],"albumartist":["Red Hot Chili Peppers"],"albumartistsort":["Red Hot Chili Peppers"],"artist":["Red Hot Chili Peppers"],"artistsort":["Red Hot Chili Peppers"],"asin":["B000078DOI"],"barcode":["724354037825"],"catalognumber":["72435-40378-2-5"],"date":["2003-03-11"],"discnumber":["1"],"disctotal":["1"],"ensemble":["Red Hot Chili Peppers"],"file_name":"01-09 Fire.flac","genre":["Funk Rock"],"isrc":["USEM30200317"],"label":["Capitol Records"],"media":["CD"],"musicbrainz_albumartistid":["8bfac288-ccc5-448d-9573-c33ea2aa5c30"],"musicbrainz_albumid":["16c1d55c-1f11-4dff-ba20-e275b217d09e"],"musicbrainz_artistid":["8bfac288-ccc5-448d-9573-c33ea2aa5c30"],"musicbrainz_recordingid":["81f64442-e500-4ced-a232-ae9b7406b5f0"],"musicbrainz_releasegroupid":["a73f5707-e5a3-3dbd-94b3-bd84ccc828d8"],"originaldate":["1989-08-22"],"releasecountry":["US"],"releasestatus":["official"],"releasetype":["album"],"replaygain_track_peak":["-1"],"script":["Latn"],"title":["Fire"],"totaldiscs":["1"],"totaltracks":["19"],"tracknumber":["9"],"tracktotal":["19"]},"version":{"essentia":"2.1-beta1","essentia_build_sha":"ca57ba49d9b1854bd80e60cf9ccf267278fb7d6b","essentia_git_sha":"v2.1_beta1-28-g21ef5f4-dirty","extractor":"music 1.0"}},"rhythm":{"beats_count":215,"beats_loudness":{"dmean":0.00749894743785,"dmean2":0.0128466561437,"dvar":0.0000421360200562,"dvar2":0.000123887701193,"max":0.0489279143512,"mean":0.0277124587446,"median":0.0279531832784,"min":2.2880175532e-10,"var":0.0000934318086365},"beats_loudness_band_ratio":{"dmean":[0.154819592834,0.124015294015,0.10522338748,0.103326149285,0.0957284718752,0.099921002984],"dmean2":[0.271739929