{"lowlevel":{"average_loudness":0.978012979031,"barkbands":{"dmean":[0.0000240692206717,0.0026038531214,0.00296746240929,0.00198566797189,0.00216528587043,0.00191730621736,0.00171873532236,0.000824712857138,0.00117932434659,0.00071728148032,0.000225917770877,0.00027567660436,0.000287530507194,0.000504380906932,0.000415155285737,0.000399494863814,0.000289682939183,0.000273636891507,0.000349003501469,0.000313723779982,0.000263290916337,0.000263713154709,0.000226563162869,0.000117100011266,0.000120215132483,0.0000775752414484,0.000034883232729],"dmean2":[0.0000388741063944,0.00465484010056,0.00541576184332,0.00341038801707,0.00360558438115,0.0031509718392,0.00293002068065,0.00135026976932,0.00191015133169,0.00115607737098,0.000372390175471,0.000452349457191,0.000462922995212,0.000823297072202,0.000666247913614,0.000662946782541,0.000488454184961,0.000466245663119,0.000586813839618,0.000533147307578,0.000457046495285,0.000443758122856,0.000370539288269,0.000188839039765,0.000193587533431,0.000123954800074,0.0000579157567699],"dvar":[1.20721577179e-9,0.0000153538348968,0.0000176281755557,0.00000831040688354,0.00000510971813128,0.00000619419233772,0.00000712035443939,0.00000141696102673,0.00000346592219103,0.00000178085008429,9.35746697905e-8,3.22681074749e-7,4.00382276666e-7,0.00000114827366815,6.48366381029e-7,2.9490050224e-7,1.17706626668e-7,9.44799154468e-8,1.79234618258e-7,1.57770699616e-7,1.03693629683e-7,1.33006807346e-7,1.81165319191e-7,2.63039705573e-8,4.21207140278e-8,1.33079653963e-8,3.22164805944e-9],"dvar2":[2.99719649099e-9,0.0000416752482124,0.0000494636551593,0.0000224572013394,0.0000137481438287,0.0000159502633323,0.000019099086785,0.00000352358756572,0.00000860132058733,0.00000444014267487,2.36015665678e-7,8.06956279575e-7,9.20298589335e-7,0.00000282450719169,0.00000149186996623,7.06500088654e-7,3.13230742677e-7,2.54720902149e-7,4.49791826895e-7,4.13022490875e-7,2.82323526335e-7,3.06375113723e-7,3.79784978577e-7,5.91267337313e-8,1.07075884159e-7,3.31311795776e-8,8.48790637775e-9],"max":[0.000415866292315,0.031483348459,0.042220339179,0.0352369807661,0.0263608656824,0.0371725261211,0.0398735441267,0.0241472646594,0.0355959683657,0.0423067212105,0.00808132905513,0.0192321240902,0.0175339020789,0.0209023430943,0.0161932464689,0.0158013757318,0.0105705540627,0.00621992303059,0.00958407204598,0.00661821616814,0.00472184456885,0.00883358158171,0.014418201521,0.00373922102153,0.00570960715413,0.0015956471907,0.000968187581748],"mean":[0.0000257810206676,0.00227508367971,0.00271339551546,0.0022778774146,0.00421053357422,0.00336065655574,0.00240970845334,0.00138521380723,0.00213764910586,0.00119556975551,0.00039664862561,0.000494852603879,0.000481033610413,0.000863031542394,0.000759236514568,0.000813825754449,0.000630916736554,0.00059731019428,0.000804255134426,0.000671821937431,0.000543674745131,0.000556965824217,0.000499316956848,0.000275392318144,0.00028708219179,0.000208672820008,0.0000852022421896],"median":[0.0000108636186269,0.000717658665963,0.00133106997237,0.00132473814301,0.00347672519274,0.00242498144507,0.0014881985262,0.00087757781148,0.0013797886204,0.000581482367124,0.000291773321806,0.000293191056699,0.000255545863183,0.000394982198486,0.000444814970251,0.000649603549391,0.000548679032363,0.000522437912878,0.000685655279085,0.000539413071238,0.000449039856903,0.000449641491286,0.000384432729334,0.000220156696741,0.000224246221478,0.000151942062075,0.0000565062691749],"min":[4.25066704029e-25,2.18191688585e-24,3.83170498568e-25,7.24735536223e-25,4.58643454194e-24,9.95393998767e-24,9.17788466152e-24,6.01665750691e-24,1.93711500595e-23,1.30520791747e-23,1.67400165284e-23,1.67148739536e-23,3.47992135941e-23,3.71342355626e-23,4.56294818064e-23,4.74094991074e-23,7.61807772446e-23,9.27899722359e-23,1.09018746944e-22,1.91039682351e-22,2.67562282492e-22,3.54847684306e-22,3.97852316647e-22,4.98936271466e-22,8.08847535603e-22,1.33138112323e-21,1.76040210417e-21],"var":[1.48036827241e-9,0.0000127802695715,0.0000139533922265,0.000008386373338,0.00000994683432509,0.0000110740038508,0.00000851450840855,0.00000270148416348,0.00000719642639524,0.00000392071569877,1.78548816621e-7,6.35093101664e-7,7.27540395928e-7,0.00000232543106904,0.0000012887661569,6.38848007384e-7,2.01641810804e-7,1.48483366047e-7,3.74818029059e-7,2.73099317383e-7,1.51597234321e-7,2.57920873992e-7,3.66654916206e-7,5.53544836635e-8,7.22489090776e-8,4.97931189614e-8,1.00623909205e-8]},"barkbands_crest":{"dmean":2.11010909081,"dmean2":3.56565237045,"dvar":3.28540468216,"dvar2":9.08085441589,"max":23.852142334,"mean":6.82035923004,"median":6.31062841415,"min":1.96876752377,"var":6.97576189041},"barkbands_flatness_db":{"dmean":0.0149663211778,"dmean2":0.0254447795451,"dvar":0.00017370301066,"dvar2":0.000493621395435,"max":0.238555908203,"mean":0.0666744932532,"median":0.0643759667873,"min":0.00801828410476,"var":0.000565108668525},"barkbands_kurtosis":{"dmean":1.03695333004,"dmean2":1.75664830208,"dvar":1.95658504963,"dvar2":5.70101881027,"max":49.5944671631,"mean":0.369681656361,"median":-0.055079460144,"min":-1.88099515438,"var":3.07101392746},"barkbands_skewness":{"dmean":0.383526176214,"dmean2":0.636237680912,"dvar":0.116588458419,"dvar2":0.321620166302,"max":6.90596246719,"mean":1.03243839741,"median":1.01073515415,"min":-2.20805621147,"var":0.388088107109},"barkbands_spread":{"dmean":6.83867406845,"dmean2":11.0331907272,"dvar":41.4786148071,"dvar2":105.739425659,"max":139.11807251,"mean":38.3746147156,"median":36.5341720581,"min":4.73640584946,"var":168.204849243},"dissonance":{"dmean":0.00991410482675,"dmean2":0.0168527569622,"dvar":0.0000728695595171,"dvar2":0.000205484771868,"max":0.500000059605,"mean":0.482123285532,"median":0.483846843243,"min":0.426126986742,"var":0.000126216531498},"dynamic_complexity":1.71062028408,"erbbands":{"dmean":[0.0358420200646,0.740734159946,3.1840057373,4.63793134689,7.50322294235,7.43423032761,11.0822429657,17.216791153,26.2118015289,18.9590072632,18.7200145721,26.2293815613,25.6656665802,13.8191604614,8.02588558197,11.8371944427,11.9658374786,20.8041381836,23.7693691254,18.9343547821,21.2888412476,14.3964281082,14.4597978592,14.7031393051,18.6034393311,14.8735256195,11.3833503723,10.0597581863,9.90047264099,8.79814434052,5.75287342072,2.79874897003,1.9299390316,1.69266688824,0.705635488033,0.383015155792,0.131909534335,0.053869985044,0.00588407646865,0.000144224410178],"dmean2":[0.0623478628695,1.33476829529,5.87391519547,7.96182155609,12.6688499451,12.4742069244,18.11977005,28.5124359131,43.8633842468,32.3152046204,30.2632198334,42.9277191162,41.2964172363,22.721446991,13.226644516,19.389339447,19.2115135193,33.6995391846,38.02967453,30.5884246826,35.4383544922,24.3212089539,24.674539566,24.8291168213,31.3337783813,25.3761959076,19.6828937531,17.5147323608,16.6603488922,14.4769277573,9.48894786835,4.52899551392,3.11150860786,2.75519895554,1.13024890423,0.610444366932,0.213066831231,0.0896444246173,0.00973032228649,0.000238402964897],"dvar":[0.00246057217009,1.27667403221,22.0812511444,31.9387969971,101.960418701,69.2783966064,206.251831055,641.557006836,1468.83227539,783.891906738,865.186096191,2043.54309082,2064.08544922,680.146057129,159.971054077,571.268310547,739.812866211,1911.64416504,2383.02392578,1381.87792969,662.002258301,256.736724854,254.62739563,291.582702637,635.124450684,343.722747803,190.80519104,165.959075928,173.418334961,215.253555298,131.585739136,28.5683898926,6.03692579269,7.21256351471,1.61194908619,0.342725723982,0.0390180870891,0.00764238741249,0.0000865216134116,4.68195757719e-8],"dvar2":[0.00657112430781,3.48306155205,62.3924217224,85.9889602661,279.486114502,187.273681641,547.629821777,1646.69091797,3865.62817383,2148.23022461,2139.19677734,5153.74316406,4962.91162109,1820.86975098,383.200195312,1432.06542969,1740.12365723,4660.61572266,5796.36865234,3014.00292969,1659.640625,681.318847656,692.703979492,754.376281738,1583.87756348,902.096313477,519.674316406,442.850524902,408.561340332,458.102325439,280.3046875,58.4870643616,14.2513551712,18.1304950714,4.17486906052,0.857315957546,0.0986640825868,0.020294284448,0.000224677656661,1.22576167882e-7],"max":[0.325546652079,9.6693353653,49.7287445068,61.7886009216,139.520202637,105.017295837,302.345703125,458.134979248,614.891601562,439.783660889,634.557434082,1037.1159668,1083.81994629,1275.29748535,534.257629395,920.556640625,899.570495605,1099.64990234,1204.58154297,1775.77600098,635.885253906,454.253692627,292.904174805,405.431915283,627.568908691,341.989990234,331.703582764,166.845504761,287.468444824,409.334991455,406.08480835,159.950912476,40.4711647034,65.2001419067,37.1814155579,10.0894594193,3.06544351578,1.58663392067,0.136419400573,0.00335794617422],"mean":[0.0335089750588,0.641970932484,2.8568983078,5.81922578812,11.2137670517,13.8322916031,19.2524852753,28.5288677216,38.7580223083,29.7157688141,33.919002533,46.6988258362,46.4133224487,25.0776062012,15.4305400848,22.1253166199,22.5739498138,37.1049537659,45.9554023743,38.5227394104,45.9960861206,34.957611084,33.5931053162,34.7988624573,41.574546814,32.1420707703,25.3367385864,19.4251766205,20.5230865479,18.7970714569,12.5219364166,6.11879587173,4.5540971756,3.71598911285,1.70145106316,0.971480429173,0.337131053209,0.132145136595,0.0146274007857,0.000363126862794],"median":[0.0123971113935,0.200032114983,1.30190289021,3.91623592377,7.70485925674,10.7142658234,13.5655498505,18.9693164825,23.6958770752,20.2099876404,22.2946376801,28.9417514801,24.7217483521,15.9396724701,11.3151741028,13.1735019684,13.1338386536,17.7462348938,23.9681949615,27.0011405945,38.6192932129,31.3646850586,29.8307952881,30.4804019928,34.1547431946,26.0665607452,21.7046527863,15.3093013763,16.7082672119,14.5164394379,9.62595558167,4.75691175461,3.63538980484,2.86491751671,1.28326773643,0.682346463203,0.249306589365,0.0908765569329,0.00945691391826,0.000246438314207],"min":[7.22013210766e-23,2.74557976731e-22,2.18465003488e-21,5.06781613076e-21,1.38429192499e-20,1.1490385276e-20,3.03927353555e-20,5.54397772283e-20,1.08183482035e-19,7.28779788495e-20,1.72782106736e-19,4.52905787201e-19,4.86501934575e-19,7.58112427272e-19,9.28285037669e-19,8.37375923795e-19,1.75818314533e-18,1.9996259992e-18,2.13938912383e-18,1.76154584131e-18,4.09563260182e-18,4.99830047631e-18,5.41312204093e-18,6.77893454423e-18,6.90222209222e-18,8.35812986708e-18,8.10910052622e-18,9.72086360414e-18,1.26119003769e-17,1.2275107173e-17,1.06588955178e-17,1.08984139359e-17,8.72882341397e-18,7.11860468225e-18,6.1610670226e-18,4.25592572888e-18,2.45544718447e-18,9.76953449779e-19,2.31174518085e-19,2.73951846808e-20],"var":[0.00226346356794,1.03736877441,16.7911510468,35.3834342957,127.388069153,136.202270508,368.96295166,1068.58728027,2066.42773438,1099.85229492,1623.10864258,3865.30322266,4970.64599609,1348.8996582,294.530670166,1180.36181641,1305.82727051,3768.15991211,5351.67626953,2692.84277344,1367.94873047,476.200256348,423.220550537,541.639221191,1248.97302246,594.265808105,277.138549805,246.173904419,329.089874268,415.536529541,259.482269287,54.4468193054,13.1669445038,11.8966188431,2.85302567482,1.10022377968,0.130405172706,0.0230087116361,0.00029284786433,1.43015967069e-7]},"erbbands_crest":{"dmean":1.67280733585,"dmean2":2.77743029594,"dvar":3.1498298645,"dvar2":8.18489551544,"max":23.5457496643,"mean":5.53280544281,"median":4.64569854736,"min":1.97311365604,"var":7.28460407257},"erbbands_flatness_db":{"dmean":0.011765900068,"dmean2":0.0186650790274,"dvar":0.000127152874484,"dvar2":0.000297877850244,"max":0.281331598759,"mean":0.104547642171,"median":0.100227631629,"min":0.0242800917476,"var":0.000990665634163},"erbbands_kurtosis":{"dmean":0.338842868805,"dmean2":0.55631095171,"dvar":0.167303562164,"dvar2":0.447163134813,"max":10.1725683212,"mean":-0.724003076553,"median":-0.892317771912,"min":-1.61028277874,"var":0.39854440093},"erbbands_skewness":{"dmean":0.259444802999,"dmean2":0.419019669294,"dvar":0.04615836218,"dvar2":0.119186133146,"max":1.79902863503,"mean":-0.0391656830907,"median":-0.0412525981665,"min":-2.86185741425,"var":0.17280369997},"erbbands_spread":{"dmean":7.26607942581,"dmean2":11.2923622131,"dvar":39.35313797,"dvar2":94.3873138428,"max":112.202316284,"mean":53.7809906006,"median":53.5123710632,"min":12.3039522171,"var":206.204360962},"gfcc":{"cov":[[25333.5917969,964.49395752,-1884.51000977,283.71282959,-1406.13708496,-83.0330963135,-898.583496094,121.602836609,-491.326782227,139.173934937,-505.814880371,7.5032787323,-267.515808105],[964.49395752,731.332214355,-554.690063477,219.962310791,-187.626220703,50.7299461365,-39.3108940125,-10.34395504,45.1617088318,-38.9287185669,57.4697418213,-68.0102157593,40.2574958801],[-1884.51000977,-554.690063477,873.077270508,-139.797088623,389.693023682,-43.1152877808,143.733200073,24.4461994171,-6.22880172729,50.4568519592,-8.51270484924,93.8899459839,-22.0879707336],[283.71282959,219.962310791,-139.797088623,257.760467529,-41.1641159058,61.4967498779,-9.01292228699,10.0444250107,36.3904495239,-22.9619350433,32.3962097168,-20.0008163452,14.1273469925],[-1406.13708496,-187.626220703,389.693023682,-41.1641159058,339.972717285,-1.33068275452,151.542434692,31.891708374,30.8894004822,32.285949707,14.303109169,31.9015808105,5.87157440186],[-83.0330963135,50.7299461365,-43.1152877808,61.4967498779,-1.33068275452,96.8074874878,30.528503418,23.667974472,20.4700508118,-6.30597066879,10.5013999939,-12.659031868,1.80559122562],[-898.583496094,-39.3108940125,143.733200073,-9.01292228699,151.542434692,30.528503418,144.496582031,37.3357925415,37.7818832397,10.4631996155,21.4753437042,7.6253900528,6.41928291321],[121.602836609,-10.34395504,24.4461994171,10.0444250107,31.891708374,23.667974472,37.3357925415,73.4546890259,23.3768749237,14.5641403198,-5.54152727127,0.552929222584,-0.891916632652],[-491.326782227,45.1617088318,-6.22880172729,36.3904495239,30.8894004822,20.4700508118,37.7818832397,23.3768749237,77.5375442505,18.1799468994,22.7839946747,-8.23828029633,11.8991641998],[139.173934937,-38.9287185669,50.4568519592,-22.9619350433,32.285949707,-6.30597066879,10.4631996155,14.5641403198,18.1799468994,59.0389099121,10.5826654434,11.1968660355,-5.41345882416],[-505.814880371,57.4697418213,-8.51270484924,32.3962097168,14.303109169,10.5013999939,21.4753437042,-5.54152727127,22.7839946747,10.5826654434,64.0659637451,14.6650781631,14.8225278854],[7.5032787323,-68.0102157593,93.8899459839,-20.0008163452,31.9015808105,-12.659031868,7.6253900528,0.552929222584,-8.23828029633,11.1968660355,14.6650781631,53.7354850769,11.2751026154],[-267.515808105,40.2574958801,-22.0879707336,14.1273469925,5.87157440186,1.80559122562,6.41928291321,-0.891916632652,11.8991641998,-5.41345882416,14.8225278854,11.2751026154,43.302734375]],"icov":[[0.000144604375237,-0.000228971417528,0.000248416385148,-0.000292494398309,0.000176004308742,0.0000414264977735,0.000185604643775,-0.000412366294768,0.000752654159442,-0.00102610059548,0.00137802981772,-0.00117745180614,0.000766528537497],[-0.000228971417528,0.0041854926385,0.00184530613478,-0.00143370567821,-0.000630651367828,0.00083334435476,-0.00121091376059,0.000788344652392,-0.00111466471571,0.00182877469342,-0.00421314174309,0.00344293774106,-0.0025695678778],[0.000248416385148,0.00184530613478,0.00510493805632,-0.00103131565265,-0.00356522994116,0.000744858814869,0.00014834079775,-0.000280404754449,0.00115445011761,-0.00149224814959,0.00246172677726,-0.00560449669138,0.00329699018039],[-0.000292494398309,-0.00143370567821,-0.00103131565265,0.00737622519955,-0.00116185366642,-0.00349574745633,0.00253606657498,-0.00018752804317,-0.00377461127937,0.00488078407943,-0.00469463411719,0.0021320360247,-0.000783894269262],[0.000176004308742,-0.000630651367828,-0.00356522994116,-0.00116185366642,0.0107627250254,0.00148661143612,-0.00763161480427,0.000198313719011,0.00128430034965,-0.00382701959461,0.00246774940751,0.000761741830502,-0.00202622078359],[0.0000414264977735,0.00083334435476,0.000744858814869,-0.00349574745633,0.00148661143612,0.0149959605187,-0.00448615988716,-0.00320330192335,0.000288915500278,0.00061168562388,-0.000870796036907,0.00179431296419,0.000601746956818],[0.000185604643775,-0.00121091376059,0.00014834079775,0.00253606657498,-0.00763161480427,-0.00448615988716,0.0191120300442,-0.00570028321818,-0.00295993383043,0.00313924672082,-0.00296483724378,-0.000819162291009,0.00222588004544],[-0.000412366294768,0.000788344652392,-0.000280404754449,-0.00018752804317,0.000198313719011,-0.00320330192335,-0.00570028321818,0.0208273977041,-0.00593030452728,-0.00182799412869,0.00304190535098,0.000189917482203,-0.00167121726554],[0.000752654159442,-0.00111466471571,0.00115445011761,-0.00377461127937,0.00128430034965,0.000288915500278,-0.00295993383043,-0.00593030452728,0.0254313722253,-0.0122848190367,0.00234294612892,0.00108155654743,-0.00197087996639],[-0.00102610059548,0.00182877469342,-0.00149224814959,0.00488078407943,-0.00382701959461,0.00061168562388,0.00313924672082,-0.00182799412869,-0.0122848190367,0.0315070487559,-0.0148900151253,0.00429982459173,0.000889520102646],[0.00137802981772,-0.00421314174309,0.00246172677726,-0.00469463411719,0.00246774940751,-0.000870796036907,-0.00296483724378,0.00304190535098,0.00234294612892,-0.0148900151253,0.0391164124012,-0.0211223438382,0.00502618215978],[-0.00117745180614,0.00344293774106,-0.00560449669138,0.0021320360247,0.000761741830502,0.00179431296419,-0.000819162291009,0.000189917482203,0.00108155654743,0.00429982459173,-0.0211223438382,0.042548764497,-0.0176902320236],[0.000766528537497,-0.0025695678778,0.00329699018039,-0.000783894269262,-0.00202622078359,0.000601746956818,0.00222588004544,-0.00167121726554,-0.00197087996639,0.000889520102646,0.00502618215978,-0.0176902320236,0.0355787724257]],"mean":[56.4446563721,47.2191925049,-106.954956055,29.7705726624,-63.1630935669,0.426366984844,-41.8946075439,5.65168714523,-23.2815723419,1.07453870773,-22.727930069,-1.88090145588,-14.7894859314]},"hfc":{"dmean":9.77099514008,"dmean2":16.5697097778,"dvar":122.115516663,"dvar2":300.165252686,"max":167.299133301,"mean":41.1197738647,"median":39.829158783,"min":1.06459163922e-16,"var":303.18637085},"melbands":{"dmean":[0.000524710689206,0.00144857366104,0.000858440471347,0.000511763908435,0.000354413699824,0.000389946362702,0.000385368824936,0.000196901455638,0.000164888886502,0.000170903687831,0.000131039210828,0.0000630492577329,0.0000287304665108,0.0000276212394965,0.0000327236630255,0.0000296458110824,0.0000436800328316,0.000043813524826,0.000030707607948,0.0000264090231212,0.000027253638109,0.0000166873451235,0.0000152592983795,0.0000138254845297,0.0000128520323415,0.0000150809792103,0.000013502530237,0.00000998067389446,0.00000759555314289,0.00000676001400279,0.00000631166312814,0.00000596185691393,0.00000538426411367,0.0000054580214055,0.00000391251114706,0.00000249698859989,0.00000152523307406,0.00000134931201501,0.0000016886828007,0.00000147226683112],"dmean2":[0.000924717460293,0.00265471776947,0.00145895802416,0.000852716038935,0.000583434128202,0.000644414452836,0.000649185560178,0.000332959578373,0.000265991344349,0.000279628351564,0.000211046994082,0.000103631180536,0.0000473703839816,0.0000456861052953,0.000052911000239,0.0000476560526295,0.0000710017993697,0.0000707698782207,0.0000494726591569,0.000043691816245,0.0000456932430097,0.000028153644962,0.0000259670050582,0.0000236940613831,0.0000218053683056,0.0000253520629485,0.0000228972130571,0.0000171294777829,0.0000130947219077,0.0000117648751257,0.0000110314358608,0.0000100552288131,0.00000903836462385,0.00000892539628694,0.00000648696732242,0.00000406806566389,0.00000250773814514,0.00000222728408517,0.00000271255657935,0.00000242464761868],"dvar":[5.9384603901e-7,0.00000471252542411,0.00000121047537505,3.2124057725e-7,1.7921519202e-7,2.92867241569e-7,3.25140064206e-7,7.5038130376e-8,6.60440164779e-8,8.19296843702e-8,5.29863761756e-8,1.51432288931e-8,1.74685221843e-9,4.23499901814e-9,4.18324752616e-9,4.77849892988e-9,8.67099725355e-9,9.36392030582e-9,4.24382751163e-9,2.00119654181e-9,1.07857422993e-9,4.00599636796e-10,2.69068212155e-10,2.49253867546e-10,2.28240010225e-10,4.0114539468e-10,3.24733712143e-10,1.57409779655e-10,8.83512221717e-11,6.74608216511e-11,7.27508331355e-11,5.97108612554e-11,7.18459042259e-11,8.20883014341e-11,6.07636163608e-11,3.40774006236e-11,6.82095916207e-12,2.87237985133e-12,5.49190814353e-12,6.05227630165e-12],"dvar2":[0.00000159526052812,0.0000131905180751,0.00000329017780132,8.6287832346e-7,4.80361222799e-7,7.5489521123e-7,8.69562029493e-7,2.03809847221e-7,1.64202248243e-7,2.05347191695e-7,1.27758724489e-7,4.03385627123e-8,4.32099733771e-9,1.08495488149e-8,9.92545512446e-9,1.09597264597e-8,2.13448956288e-8,2.29011973829e-8,9.49236067527e-9,4.51031034743e-9,2.75845835063e-9,1.06310871217e-9,7.46838813015e-10,6.68659017045e-10,5.9650784312e-10,1.007428585e-9,8.16344880583e-10,4.20296547565e-10,2.40157810305e-10,1.85298373867e-10,1.93410953919e-10,1.46561304759e-10,1.64774527356e-10,1.77455217187e-10,1.39716488379e-10,7.18014189771e-11,1.49900421936e-11,7.07504931377e-12,1.3192721221e-11,1.57057613442e-11],"max":[0.00562879536301,0.021920517087,0.0135268028826,0.0069733010605,0.0079199699685,0.00900893099606,0.00829688087106,0.00507046189159,0.00455802446231,0.00609821546823,0.0052086468786,0.00599371362478,0.00156751740724,0.00234245043248,0.00155637855642,0.0018251563888,0.00231350283138,0.00247777625918,0.00171889283229,0.00193499517627,0.00084661715664,0.00062122696545,0.000271161930868,0.000313795433613,0.000367517583072,0.000521054840647,0.00032932087197,0.000248672120506,0.000258129526628,0.00011106000602,0.000123866106151,0.000176483939867,0.000247723131906,0.000247431278694,0.000323657586705,0.000223828741582,0.0000913053299882,0.0000254643891822,0.0000403145895689,0.0000620057471679],"mean":[0.000472174171591,0.00130937888753,0.00117265374865,0.000927238026634,0.000650004076306,0.000665103434585,0.000569301657379,0.000313634460326,0.000287200586172,0.000300616986351,0.000230092657148,0.000106437728391,0.0000514868588652,0.0000499353773193,0.0000586964306422,0.0000484563934151,0.0000727154547349,0.0000779333277023,0.0000548848584003,0.0000512323858857,0.0000544385366084,0.0000358374636562,0.0000328723035636,0.0000280256372207,0.000027485029932,0.0000321822044498,0.0000268285657512,0.0000198656707653,0.0000160242852871,0.000013096035218,0.0000109017419163,0.0000118021825983,0.0000102391977634,0.000010981280866,0.00000793720209913,0.00000494887399327,0.00000313032523991,0.00000293895959658,0.00000361676507055,0.00000297290716844],"median":[0.000157157730428,0.000549799995497,0.000850162061397,0.000725493591744,0.000494178035296,0.000461964402348,0.000355973403202,0.000214818806853,0.000186211807886,0.000184929303941,0.000119171621918,0.0000635772448732,0.0000375929957954,0.0000307273112412,0.0000342062521668,0.0000248258311331,0.0000333733260049,0.0000372939757654,0.0000335781696776,0.0000378510412702,0.000045584358304,0.0000311029107252,0.000028321872378,0.0000240301360463,0.0000235832867475,0.0000266588685918,0.0000206737931876,0.0000160120325745,0.0000135476357173,0.0000107562145786,0.00000806101161288,0.00000951609490585,0.00000773538704379,0.00000836939216242,0.0000060483789639,0.0000036637904941,0.00000246291619987,0.00000235771676671,0.00000275070624411,0.00000222725361709],"min":[8.75698417845e-25,7.70344269016e-25,1.22327408256e-24,1.27696287108e-24,1.20318485214e-24,1.43000021037e-24,1.9796768128e-24,1.19888457413e-24,9.13745179304e-25,2.1558795456e-24,1.6205971895e-24,2.72332119701e-24,2.56765349964e-24,1.87499063194e-24,2.75898599296e-24,2.51169880677e-24,2.82950148042e-24,2.21104005275e-24,2.39335409099e-24,2.70187404115e-24,4.07524951991e-24,4.71070735022e-24,4.26162974169e-24,4.73960214188e-24,4.36703536369e-24,2.94108151673e-24,4.96027651379e-24,4.91394158523e-24,4.33582487084e-24,6.02580001037e-24,5.37759339898e-24,6.64274445852e-24,5.85049026811e-24,5.14234561071e-24,4.63051372274e-24,4.9881745797e-24,5.84604424805e-24,4.99763065537e-24,5.95018611488e-24,5.87025438923e-24],"var":[5.15024566994e-7,0.00000363845060747,0.00000130419539346,5.77554544634e-7,3.36450142413e-7,4.99234374729e-7,4.2668150968e-7,1.16952364237e-7,1.23692458942e-7,1.6197360253e-7,1.26966767766e-7,2.90362134336e-8,3.16518322663e-9,7.5079746864e-9,8.76643735381e-9,8.36110025659e-9,1.68746847606e-8,1.95895797361e-8,7.33676452924e-9,4.38913438927e-9,1.92155580336e-9,6.56041776459e-10,4.87267060034e-10,3.66839225663e-10,3.92398807891e-10,7.5370060193e-10,6.19289952652e-10,2.36263453246e-10,1.23867555102e-10,9.52061415815e-11,1.01901292959e-10,1.0652466409e-10,1.24675075819e-10,1.50564158363e-10,1.07171355124e-10,5.94704771539e-11,1.18970120214e-11,5.53270276815e-12,1.08337375529e-11,8.73350697317e-12]},"melbands_crest":{"dmean":3.74469518661,"dmean2":6.48972177505,"dvar":10.6511869431,"dvar2":30.7042179108,"max":34.5872497559,"mean":10.9841814041,"median":10.1497964859,"min":1.60904669762,"var":18.1026229858},"melbands_flatness_db":{"dmean":0.0224136095494,"dmean2":0.0378065891564,"dvar":0.00039698384353,"dvar2":0.00108961190563,"max":0.357287824154,"mean":0.118338897824,"median":0.115655139089,"min":0.00281225820072,"var":0.00116321339738},"melbands_kurtosis":{"dmean":4.23433065414,"dmean2":7.25107812881,"dvar":41.3709640503,"dvar2":125.213508606,"max":214.706726074,"mean":8.09077644348,"median":6.20799160004,"min":-1.46042537689,"var":71.7716751099},"melbands_skewness":{"dmean":0.591568470001,"dmean2":0.991078197956,"dvar":0.34252178669,"dvar2":0.965186476707,"max":13.6564178467,"mean":2.45645356178,"median":2.36625409126,"min":-0.291555017233,"var":1.05022609234},"melbands_spread":{"dmean":9.18925189972,"dmean2":15.2609987259,"dvar":75.3891372681,"dvar2":194.040023804,"max":157.726974487,"mean":35.7400093079,"median":33.1607246399,"min":2.42186331749,"var":280.206817627},"mfcc":{"cov":[[9260.62304688,1000.66967773,-54.991065979,49.3124427795,-264.205383301,-178.59262085,-282.849090576,-163.449523926,-66.7152481079,14.7917938232,-76.8202209473,-129.435714722,-31.2483997345],[1000.66967773,422.273742676,-110.763137817,65.2993927002,-27.8384513855,-2.84939265251,-8.74058914185,-3.79090714455,-1.79040062428,20.1488628387,-3.86830735207,8.18333148956,-2.65439128876],[-54.991065979,-110.763137817,242.667648315,43.040309906,74.2228164673,20.6225280762,28.806388855,15.3256368637,9.43412208557,-31.1434135437,8.00151824951,9.44511032104,27.9874763489],[49.3124427795,65.2993927002,43.040309906,160.436218262,64.6999435425,35.6782073975,29.2036151886,26.8746509552,20.3339252472,9.63115119934,5.84833717346,21.452507019,25.0980148315],[-264.205383301,-27.8384513855,74.2228164673,64.6999435425,113.582626343,34.0737724304,43.7662734985,21.1532726288,30.8607692719,3.78282403946,12.4757356644,10.799243927,20.6437702179],[-178.59262085,-2.84939265251,20.6225280762,35.6782073975,34.0737724304,77.5769958496,33.9261054993,25.1807880402,11.8666133881,14.0243186951,13.8866586685,13.5396633148,3.13528943062],[-282.849090576,-8.74058914185,28.806388855,29.2036151886,43.7662734985,33.9261054993,100.293029785,40.3534240723,29.5552425385,6.83703422546,14.7418785095,18.0273265839,12.956486702],[-163.449523926,-3.79090714455,15.3256368637,26.8746509552,21.1532726288,25.1807880402,40.3534240723,74.2948608398,31.2703227997,15.476275444,10.3106184006,10.9786510468,5.05602359772],[-66.7152481079,-1.79040062428,9.43412208557,20.3339252472,30.8607692719,11.8666133881,29.5552425385,31.2703227997,70.3299789429,33.5263252258,14.4231519699,3.16216802597,5.93887996674],[14.7917938232,20.1488628387,-31.1434135437,9.63115119934,3.78282403946,14.0243186951,6.83703422546,15.476275444,33.5263252258,70.6782836914,26.8876056671,2.11336970329,-7.57696914673],[-76.8202209473,-3.86830735207,8.00151824951,5.84833717346,12.4757356644,13.8866586685,14.7418785095,10.3106184006,14.4231519699,26.8876056671,49.7998733521,18.1126022339,1.72480976582],[-129.435714722,8.18333148956,9.44511032104,21.452507019,10.799243927,13.5396633148,18.0273265839,10.9786510468,3.16216802597,2.11336970329,18.1126022339,49.1630172729,24.94672966],[-31.2483997345,-2.65439128876,27.9874763489,25.0980148315,20.6437702179,3.13528943062,12.956486702,5.05602359772,5.93887996674,-7.57696914673,1.72480976582,24.94672966,51.7338447571]],"icov":[[0.000197491943254,-0.000530699035153,-0.000396479299525,-0.0000515214815096,0.000455439469079,0.000135208741995,0.000296557904221,0.000188987789443,-0.000115858558274,-0.000156851252541,-0.0000219778412429,0.000557048944756,-0.000228682882152],[-0.000530699035153,0.00459182076156,0.0025513865985,-0.00200036889873,-0.000298751314403,-0.0000717213624739,-0.00095515162684,-0.0000959563694778,0.000290135008981,0.000281540356809,0.000146959035192,-0.00178206432611,0.00073973898543],[-0.000396479299525,0.0025513865985,0.00740987015888,-0.00104092224501,-0.00372197455727,-0.000529229000676,-0.000325136847096,-0.000899971695617,-0.000110476226837,0.00408070441335,-0.00232133967802,0.000212713246583,-0.00134041509591],[-0.0000515214815096,-0.00200036889873,-0.00104092224501,0.0105435280129,-0.00511505687609,-0.00199756794609,0.000824845919851,-0.00191463623196,0.000628739711829,-0.00158716202714,0.00225283275358,-0.00228212936781,-0.00182225287426],[0.000455439469079,-0.000298751314403,-0.00372197455727,-0.00511505687609,0.0184079986066,-0.00296006910503,-0.0028981603682,0.00281761772931,-0.00525369402021,0.00115044717677,-0.00208426686004,0.00400570034981,-0.00305132521316],[0.000135208741995,-0.0000717213624739,-0.000529229000676,-0.00199756794609,-0.00296006910503,0.0184808764607,-0.00321996724233,-0.00293087866157,0.00325556658208,-0.00347051257268,-0.000563371228054,-0.00256827054545,0.00286263041198],[0.000296557904221,-0.00095515162684,-0.000325136847096,0.000824845919851,-0.0028981603682,-0.00321996724233,0.0165103897452,-0.00522729801014,-0.00347352959216,0.00250775110908,-0.0015659397468,-0.00164550251793,-0.000754874199629],[0.000188987789443,-0.0000959563694778,-0.000899971695617,-0.00191463623196,0.00281761772931,-0.00293087866157,-0.00522729801014,0.0208170358092,-0.00684050982818,-0.00066949124448,0.000843431567773,-0.00148752797395,0.00122932496015],[-0.000115858558274,0.000290135008981,-0.000110476226837,0.000628739711829,-0.00525369402021,0.00325556658208,-0.00347352959216,-0.00684050982818,0.025679666549,-0.0115027884021,0.000623268890195,0.00242910743691,-0.00268754502758],[-0.000156851252541,0.000281540356809,0.00408070441335,-0.00158716202714,0.00115044717677,-0.00347051257268,0.00250775110908,-0.00066949124448,-0.0115027884021,0.0272009614855,-0.0130128664896,0.002670138143,0.00212133512832],[-0.0000219778412429,0.000146959035192,-0.00232133967802,0.00225283275358,-0.00208426686004,-0.000563371228054,-0.0015659397468,0.000843431567773,0.000623268890195,-0.0130128664896,0.0327684320509,-0.0136265335605,0.00483371736482],[0.000557048944756,-0.00178206432611,0.000212713246583,-0.00228212936781,0.00400570034981,-0.00256827054545,-0.00164550251793,-0.00148752797395,0.00242910743691,0.002670138143,-0.0136265335605,0.0372096970677,-0.0170246586204],[-0.000228682882152,0.00073973898543,-0.00134041509591,-0.00182225287426,-0.00305132521316,0.00286263041198,-0.000754874199629,0.00122932496015,-0.00268754502758,0.00212133512832,0.00483371736482,-0.0170246586204,0.0306193102151]],"mean":[-579.230957031,84.3252792358,4.22890424728,24.3472938538,-1.45183312893,-3.14330148697,-9.77744293213,-2.04339051247,-1.51548755169,0.956184029579,-2.20188498497,-7.09875011444,-1.981726408]},"pitch_salience":{"dmean":0.0746088549495,"dmean2":0.128186509013,"dvar":0.00441831629723,"dvar2":0.0125825218856,"max":0.992327868938,"mean":0.670226812363,"median":0.685054600239,"min":0.128489300609,"var":0.00779960677028},"silence_rate_20dB":{"dmean":0,"dmean2":0,"dvar":0,"dvar2":0,"max":1,"mean":1,"median":1,"min":1,"var":0},"silence_rate_30dB":{"dmean":0,"dmean2":0,"dvar":0,"dvar2":0,"max":1,"mean":1,"median":1,"min":1,"var":0},"silence_rate_60dB":{"dmean":0.000626828230452,"dmean2":0.00125378742814,"dvar":0.000626505352557,"dvar2":0.00125232653227,"max":1,"mean":0.0332184284925,"median":0,"min":0,"var":0.0321151576936},"spectral_centroid":{"dmean":290.865844727,"dmean2":479.015045166,"dvar":68817.84375,"dvar2":173772.25,"max":11616.0048828,"mean":1976.91784668,"median":1851.53527832,"min":372.827514648,"var":1104856.625},"spectral_complexity":{"dmean":5.00397014618,"dmean2":8.05600261688,"dvar":17.9119625092,"dvar2":45.1426696777,"max":60,"mean":37.2276191711,"median":39,"min":0,"var":101.870445251},"spectral_contrast_coeffs":{"dmean":[0.0602305606008,0.0494823530316,0.0386529304087,0.0277700293809,0.0181589573622,0.0179128311574],"dmean2":[0.0992453545332,0.0830261856318,0.0648773759604,0.0461568944156,0.030795622617,0.0294826813042],"dvar":[0.00229407823645,0.00152172299568,0.000909420021344,0.000478635571199,0.00020291331748,0.000262547255261],"dvar2":[0.00604301737621,0.00416755396873,0.00248384452425,0.00128912425134,0.000565952679608,0.000665671832394],"max":[-0.312503755093,-0.513275146484,-0.563501298428,-0.632185637951,-0.683595001698,-0.573275566101],"mean":[-0.603786885738,-0.752069294453,-0.782594740391,-0.803047299385,-0.808507502079,-0.749514222145],"median":[-0.602967143059,-0.75240457058,-0.78436934948,-0.80651819706,-0.807835698128,-0.75054371357],"min":[-0.986158430576,-0.991304218769,-0.983114123344,-0.982904016972,-0.982857823372,-0.965385615826],"var":[0.00747807370499,0.00406901352108,0.00305577227846,0.00188221456483,0.000825032067951,0.00165093655232]},"spectral_contrast_valleys":{"dmean":[0.536525845528,0.337786883116,0.279243171215,0.232772931457,0.198973089457,0.234286114573],"dmean2":[0.885142564774,0.557276308537,0.460647106171,0.377895087004,0.328323721886,0.38146057725],"dvar":[0.198224440217,0.0904698073864,0.0664731040597,0.0513125881553,0.0492508783937,0.0819971188903],"dvar2":[0.48123690486,0.213401317596,0.144431963563,0.103675343096,0.0956821516156,0.174292504787],"max":[-5.62292146683,-4.57207727432,-5.37872886658,-5.76536178589,-5.49702501297,-7.60341310501],"mean":[-7.46609020233,-6.30708932877,-7.05600309372,-7.18365478516,-6.75811958313,-9.2291059494],"median":[-7.15038537979,-5.91130065918,-6.69486427307,-6.8358540535,-6.40276622772,-8.88117980957],"min":[-28.0443916321,-28.0677185059,-27.7362270355,-27.6651992798,-27.6247749329,-27.3665809631],"var":[5.51462984085,6.14398145676,5.59546613693,5.49767684937,5.64214849472,4.54686403275]},"spectral_decrease":{"dmean":2.47925568964e-9,"dmean2":4.2456438365e-9,"dvar":6.267731549e-18,"dvar2":1.69576426174e-17,"max":5.89675577691e-24,"mean":-7.21499615608e-9,"median":-6.83071066376e-9,"min":-2.10078336949e-8,"var":1.02699047357e-17},"spectral_energy":{"dmean":0.00991013552994,"dmean2":0.016969550401,"dvar":0.0000999409676297,"dvar2":0.000270077260211,"max":0.0826677903533,"mean":0.0309606455266,"median":0.0295455697924,"min":9.81298820177e-21,"var":0.000169362669112},"spectral_energyband_high":{"dmean":0.00093370245304,"dmean2":0.00156734487973,"dvar":0.00000140841871143,"dvar2":0.00000325007454194,"max":0.0226830840111,"mean":0.00277916435152,"median":0.00245223892853,"min":6.84938343613e-21,"var":0.00000325414885083},"spectral_energyband_low":{"dmean":0.00580988125876,"dmean2":0.0103551130742,"dvar":0.0000622485385975,"dvar2":0.000169654304045,"max":0.0740448758006,"mean":0.00613545719534,"median":0.00340702477843,"min":1.54542316286e-23,"var":0.0000540336004633},"spectral_energyband_middle_high":{"dmean":0.00195874576457,"dmean2":0.00310402060859,"dvar":0.00000503332739754,"dvar2":0.0000119084252219,"max":0.0480567477643,"mean":0.00716412160546,"median":0.00593454390764,"min":1.14490440169e-21,"var":0.0000209033896681},"spectral_energyband_middle_low":{"dmean":0.00561145506799,"dmean2":0.00939594209194,"dvar":0.0000390488821722,"dvar2":0.000105744868051,"max":0.0602570995688,"mean":0.0162336751819,"median":0.0151329990476,"min":1.74899916397e-22,"var":0.0000692999892635},"spectral_entropy":{"dmean":0.088838942349,"dmean2":0.141001209617,"dvar":0.00626852735877,"dvar2":0.0147801563144,"max":9.82227420807,"mean":8.10785198212,"median":8.09414768219,"min":6.84246587753,"var":0.0593667142093},"spectral_flux":{"dmean":0.0243523977697,"dmean2":0.038634326309,"dvar":0.000526766700204,"dvar2":0.00106181111187,"max":0.229772418737,"mean":0.106642730534,"median":0.103790208697,"min":6.31893287695e-11,"var":0.00126320996787},"spectral_kurtosis":{"dmean":0.605174362659,"dmean2":0.983242750168,"dvar":0.367068678141,"dvar2":0.988152980804,"max":18.4378967285,"mean":2.6348798275,"median":2.5335855484,"min":-1.27200508118,"var":1.15543222427},"spectral_rms":{"dmean":0.000841724569909,"dmean2":0.00142358976882,"dvar":6.34181105852e-7,"dvar2":0.00000171634337676,"max":0.00898061785847,"mean":0.0053177960217,"median":0.00536888698116,"min":3.09413107115e-12,"var":0.00000192655193132},"spectral_rolloff":{"dmean":936.029174805,"dmean2":1535.02282715,"dvar":1253410.875,"dvar2":3054810,"max":19595.2148438,"mean":3061.85009766,"median":2583.984375,"min":21.533203125,"var":6029515.5},"spectral_skewness":{"dmean":0.123588830233,"dmean2":0.202757880092,"dvar":0.0128904283047,"dvar2":0.0325568467379,"max":2.90136623383,"mean":1.23449420929,"median":1.23670458794,"min":-0.0691766291857,"var":0.0689791738987},"spectral_spread":{"dmean":482713.5,"dmean2":722364.875,"dvar":395698536448,"dvar2":794734821376,"max":42679060,"mean":6052286,"median":5593515.5,"min":1854830.375,"var":15132712239100},"spectral_strongpeak":{"dmean":0.526520848274,"dmean2":0.90358376503,"dvar":0.563059806824,"dvar2":1.49267494678,"max":9.35192584991,"mean":0.799316048622,"median":0.515873730183,"min":0,"var":0.795382618904},"zerocrossingrate":{"dmean":0.0136606013402,"dmean2":0.0167585406452,"dvar":0.000167233709362,"dvar2":0.000249211181654,"max":0.52783203125,"mean":0.113483436406,"median":0.103515625,"min":0.01708984375,"var":0.00301944720559}},"metadata":{"audio_properties":{"analysis_sample_rate":44100,"bit_rate":184785,"codec":"mp3","downmix":"mix","equal_loudness":0,"length":222.249801636,"lossless":false,"md5_encoded":"36b2d1ae43aa6458f5d43367d5c2a669","replay_gain":-15.3799533844,"sample_rate":44100},"tags":{"acoustid_id":["b89dd13b-2670-4109-987e-3dd15a8fdd86"],"album":["Snake Bite Love"],"albumartist":["Motörhead"],"albumartistsort":["Motörhead"],"artist":["Motörhead"],"artistsort":["Motörhead"],"asin":["B000025IRG"],"barcode":["4001617188927"],"catalognumber":["SPV 085-18892 CD"],"date":["1998-03-03"],"file_name":"11 - Better Off Dead.mp3","isrc":["DEA459800820"],"label":["Steamhammer"],"media":["CD"],"musicbrainz album release country":["DE"],"musicbrainz album status":["official"],"musicbrainz album type":["album"],"musicbrainz_albumartistid":["57961a97-3796-4bf7-9f02-a985a8979ae9"],"musicbrainz_albumid":["da2b642f-e1e9-3fb1-8d31-e067204b2351"],"musicbrainz_artistid":["57961a97-3796-4bf7-9f02-a985a8979ae9"],"musicbrainz_recordingid":["81f6d0f2-3ae0-4b28-b89b-fc0fe6ee3bbf"],"musicbrainz_releasegroupid":["3ab6191b-9b94-397e-b076-710cb07ae04e"],"originaldate":["1998"],"script":["Latn"],"title":["Better Off Dead"],"tracknumber":["11/11"]},"version":{"essentia":"2.1-beta2","essentia_build_sha":"70f2e5ece6736b2c40cc944ad0e695b16b925413","essentia_git_sha":"v2.1_beta2","extractor":"music 1.0"}},"rhythm":{"beats_count":462,"beats_loudness":{"dmean":0.00752201909199,"dmean2":0.0130119426176,"dvar":0.0000466843885079,"dvar2":0.000147543803905,"max":0.0657318159938,"mean":0.0317566245794,"median":0.0312794484198,"min":0,"var":0.0000978545358521},"beats_loudness_band_ratio":{"dmean":[0.128631919622,0.10771432519,0.0827870368958,0.0505029000342,0.0461964271963,0.045432806015],"dmean2":[0.214852139354,0.185608372092,0.143962144852,0.0870674401522,0.0807744786143,0.0761926546693],"dvar":[0.0104104010388,0.00713264895603,0.00567479105666,0.00417645508423,0.00317987962626,0.00196523172781],"dvar2":[0.0299613848329,0.0216406472027,0.0162463802844,0.0109881488606,0.00918790977448,0.00534907