{"lowlevel":{"average_loudness":0.939394712448,"barkbands":{"dmean":[0.000199188201805,0.00460458127782,0.00088650098769,0.000497503089719,0.000924909370951,0.000630633789115,0.000356292410288,0.000636082724668,0.000752528721932,0.000336552009685,0.0002852792677,0.000292507029371,0.000398309115553,0.000470364990178,0.000363438506611,0.000437745300587,0.000642238243017,0.000400158198318,0.000404113670811,0.000239902117755,0.00026789252297,0.000272085424513,0.000250823184615,0.000201204267796,0.000190400896827,0.0000929292436922,0.0000556502782274],"dmean2":[0.000329788774252,0.00787782948464,0.00158765981905,0.000825529859867,0.00160019553732,0.00105005630758,0.000593696197029,0.00106477062218,0.00121390086133,0.000547729548998,0.00046773586655,0.000477388472063,0.000646811153274,0.000770948361605,0.000594537646975,0.000701366690919,0.0010508018313,0.00064845365705,0.000648684974294,0.000372266949853,0.000407885905588,0.000409156578826,0.000367183674825,0.000296200159937,0.000283372297417,0.000133478286443,0.000074726260209],"dvar":[7.4748065515e-8,0.0000843131856527,0.00000322518144458,4.7812415005e-7,0.00000340750420946,0.00000271431599685,7.58622604735e-7,0.00000274175818049,0.00000577125774726,0.00000113389489798,0.00000144912621636,8.64711694248e-7,0.00000146261595546,9.28569249936e-7,5.59494708341e-7,4.68695702693e-7,7.47566957671e-7,3.13835016641e-7,3.03195037077e-7,1.35180030725e-7,1.88950991742e-7,2.03957540634e-7,2.80331448721e-7,4.05027805073e-7,6.41497820197e-7,1.112252761e-7,1.51757859612e-8],"dvar2":[1.89092247638e-7,0.000221265756409,0.0000091259880719,0.00000128959698031,0.00000937260574574,0.00000680314724377,0.00000195957682081,0.00000693822084941,0.0000141660475492,0.00000302259240925,0.00000363750132237,0.00000220647098104,0.00000372633667212,0.00000235944844462,0.00000139708572533,0.00000114780175409,0.00000195204052034,7.80599918926e-7,7.2782739835e-7,3.048417625e-7,4.03511819513e-7,4.29250206935e-7,6.3531416572e-7,0.00000100543456938,0.00000145989542943,2.7003486025e-7,2.99648128532e-8],"max":[0.00265883794054,0.0879651606083,0.0222925581038,0.0125695001334,0.0219467282295,0.0531640313566,0.022156028077,0.0363345704973,0.0488715283573,0.0470606423914,0.0357305333018,0.0278840921819,0.0335014350712,0.018639754504,0.0195905230939,0.0162241924554,0.0161565132439,0.0152207231149,0.0113025018945,0.00764620862901,0.00812142994255,0.00830088928342,0.00957763940096,0.0153426108882,0.0174851883203,0.0086750658229,0.00238926452585],"mean":[0.00023418336059,0.00480525940657,0.000916776247323,0.000776049506385,0.0011870797025,0.000824980612379,0.000478136353195,0.000764503318351,0.000884355569724,0.000453052343801,0.000343064399203,0.000384734739782,0.000511060410645,0.000716480601113,0.000595756224357,0.000803008500952,0.00133073795587,0.00083375396207,0.0009128380334,0.000527952855919,0.000549989170395,0.000522194895893,0.000451004947536,0.000350000627805,0.000285186775727,0.000136750939419,0.0000744279896026],"median":[0.0000980577242444,0.00196069316007,0.000456127570942,0.00048564770259,0.000643821025733,0.000379979843274,0.000167894279002,0.000199003145099,0.000257603998762,0.000190918173757,0.000111425571959,0.000152100576088,0.000209491889109,0.000405801169109,0.000360917620128,0.000562935718335,0.00109410146251,0.000658120727167,0.000676138617564,0.000359833386028,0.000297371443594,0.000218779954594,0.000166442623595,0.000128191604745,0.0000768434692873,0.0000404987731599,0.0000142553353726],"min":[7.53767256887e-26,1.67808621683e-24,1.00697897336e-24,8.51529987684e-25,6.41004587426e-24,7.85985191677e-24,5.25340539325e-24,6.78631004352e-24,1.70501666596e-23,1.0300000645e-23,1.21745116495e-23,3.37444150559e-23,2.63509803048e-23,3.2313891535e-23,3.33066319634e-23,4.72545447375e-23,7.00186313043e-23,9.30777613159e-23,1.25055519219e-22,1.57850764212e-22,2.15497588966e-22,3.2673492832e-22,3.89524798009e-22,5.13705161251e-22,8.0906069213e-22,1.29387930689e-21,1.93650796801e-21],"var":[1.02085337517e-7,0.0000730601386749,0.00000235518768932,7.62905926877e-7,0.00000303638557853,0.00000312770407618,0.00000100951933746,0.00000342298790201,0.00000610751885688,0.00000131448757656,0.00000160399144988,9.40576967423e-7,0.0000013681492419,0.00000112933355467,7.37084292268e-7,8.111352372e-7,0.00000138011785111,6.03274088462e-7,7.52271489546e-7,3.12487713927e-7,4.69061887998e-7,5.73618422095e-7,5.67953236441e-7,5.01074623571e-7,9.03177635792e-7,1.43679088183e-7,2.58542929288e-8]},"barkbands_crest":{"dmean":2.95462059975,"dmean2":4.93266963959,"dvar":9.715467453,"dvar2":25.2465305328,"max":23.6526279449,"mean":7.80923032761,"median":6.60355043411,"min":1.91276729107,"var":17.8892402649},"barkbands_flatness_db":{"dmean":0.0186201706529,"dmean2":0.0294886026531,"dvar":0.000369571818737,"dvar2":0.000912157120183,"max":0.472186714411,"mean":0.0828911587596,"median":0.0664134696126,"min":0.0105228610337,"var":0.00377293117344},"barkbands_kurtosis":{"dmean":1.16208195686,"dmean2":1.94251775742,"dvar":9.50099277496,"dvar2":17.4391059875,"max":200.969619751,"mean":0.261174350977,"median":-0.984087228775,"min":-1.8956040144,"var":27.8184452057},"barkbands_skewness":{"dmean":0.502712309361,"dmean2":0.802930653095,"dvar":0.274579077959,"dvar2":0.672921538353,"max":11.8587694168,"mean":0.38484492898,"median":0.267827361822,"min":-3.24943470955,"var":0.987948954105},"barkbands_spread":{"dmean":8.04381465912,"dmean2":12.9713640213,"dvar":65.127204895,"dvar2":163.773162842,"max":117.100616455,"mean":42.6908035278,"median":43.3083534241,"min":0.633751571178,"var":254.155685425},"dissonance":{"dmean":0.0091894371435,"dmean2":0.0152633097023,"dvar":0.000229051831411,"dvar2":0.00051457749214,"max":0.500000298023,"mean":0.482830524445,"median":0.490913242102,"min":0.1312251091,"var":0.00127502903342},"dynamic_complexity":3.06272983551,"erbbands":{"dmean":[0.145239040256,1.0112054348,1.17965877056,1.43267190456,1.59098696709,4.33059072495,3.76745033264,5.87895202637,5.0112323761,7.41727161407,15.8286132812,17.7424507141,10.2231903076,10.9634084702,10.9748840332,12.6001548767,17.4687862396,20.6103992462,21.728805542,16.5726222992,26.3263111115,32.0428276062,23.7357654572,20.1270427704,17.1448974609,11.0750102997,10.9420537949,10.5402345657,9.80144405365,8.60689067841,6.92717456818,4.85749292374,3.25491857529,2.28111314774,1.32920086384,0.490325659513,0.15483148396,0.0502545312047,0.00914821028709,0.000558620900847],"dmean2":[0.243092358112,1.77127957344,2.08370923996,2.42179322243,2.69904899597,7.61761045456,6.25946855545,9.92275238037,8.33135414124,12.7189130783,25.9205417633,28.4937953949,16.7714252472,17.415266037,17.8722686768,20.5006370544,28.2167434692,33.5703010559,35.0486297607,26.3789081573,42.5282478333,52.2781906128,38.4455757141,32.7973480225,27.3016433716,17.0068531036,16.7893028259,15.9819936752,14.9764223099,12.582649231,10.2475214005,7.16153717041,4.88758516312,3.4028377533,2.01436805725,0.725100398064,0.223998174071,0.0703411400318,0.0123959314078,0.000755032175221],"dvar":[0.0740111768246,4.45561408997,6.14118146896,4.52109575272,5.99343299866,92.0189437866,79.6767959595,281.010864258,183.251251221,264.870452881,1942.66748047,3569.57519531,899.564453125,1331.37255859,2415.33056641,1361.85009766,2472.52661133,2268.91748047,2245.26098633,1058.35058594,1521.02050781,1857.26098633,1008.66479492,696.804870605,690.053527832,302.1512146,301.162872314,296.366699219,276.101074219,263.139801025,264.426696777,170.822814941,137.19380188,81.2700958252,39.7022399902,4.27838897705,0.266796588898,0.01547737699,0.000419963675085,0.0000015145432144],"dvar2":[0.188031822443,11.984038353,17.051027298,12.4560546875,16.5975952148,257.150878906,206.791030884,723.2421875,480.835601807,705.768920898,4816.83398438,8811.66796875,2189.23095703,3458.77929688,6119.51074219,3444.49389648,6118.47265625,5988.41845703,5723.80224609,2593.453125,3792.29663086,4811.18994141,2513.32714844,1742.8215332,1657.4909668,661.154724121,659.863098145,643.814331055,596.161621094,556.282287598,625.251342773,416.054534912,338.427154541,186.556838989,93.6383666992,10.092209816,0.658275485039,0.0348924286664,0.000840348773636,0.00000303571300719],"max":[2.39359712601,21.4844169617,28.960226059,32.4065513611,30.5012264252,113.145729065,299.210723877,629.786254883,360.697814941,404.66229248,1003.72247314,1311.44091797,767.885437012,933.298583984,1739.30249023,1241.74865723,1416.0925293,1646.4765625,1355.39257812,933.123596191,1102.60217285,771.052246094,898.064880371,632.728820801,728.346984863,405.38293457,324.144439697,386.445129395,303.782073975,336.727416992,339.471923828,330.815063477,354.089263916,206.202468872,171.578231812,48.8173828125,18.3525314331,3.86190986633,0.380072146654,0.0262380875647],"mean":[0.154662102461,0.98721164465,1.2563328743,2.16627573967,2.4474542141,4.94873285294,5.26258707047,7.06142282486,6.84620666504,9.63883399963,19.2942428589,20.9259529114,14.1403636932,14.6443853378,14.1780357361,17.6907691956,23.7503356934,32.5404090881,36.4508056641,31.7829151154,53.929649353,70.5188674927,52.9721946716,44.8355979919,39.0234985352,24.8797225952,22.2910518646,21.2574768066,18.9966869354,16.1252479553,12.081946373,8.61213111877,5.33743810654,3.42020273209,1.88012897968,0.698851883411,0.229168176651,0.070473715663,0.0122380312532,0.000746117904782],"median":[0.0564166083932,0.372321456671,0.639200985432,1.3495349884,1.71612989902,2.35145497322,2.72525954247,2.91677904129,2.57265019417,3.72093892097,4.99582719803,6.11553096771,6.47491788864,5.62377738953,5.64597463608,7.55246591568,10.4573802948,19.1771812439,23.5651988983,20.3113975525,41.7760696411,59.6225318909,43.8769683838,35.2693710327,27.0134067535,16.9138469696,12.8211307526,11.1684131622,7.81670093536,6.49926567078,4.48587560654,3.21957755089,1.78647828102,0.96082675457,0.470377355814,0.199606344104,0.0684001594782,0.0175666604191,0.00234198593535,0.000149421772221],"min":[6.38096838241e-23,5.763736852e-22,2.25390863972e-21,3.96300535108e-21,6.24483073062e-21,1.38110695651e-20,3.12102967623e-20,9.2279687525e-20,9.59086128828e-20,1.74519741784e-19,2.17284992378e-19,4.98175469271e-19,4.67201639535e-19,6.15411622391e-19,6.57127219562e-19,1.25521235495e-18,1.24978470596e-18,2.08535789301e-18,1.84147464954e-18,3.10520830897e-18,2.73812271712e-18,4.1441190342e-18,4.67411557295e-18,6.50564316883e-18,5.82678224396e-18,7.34377482551e-18,9.27681898925e-18,1.02702074838e-17,1.09365519253e-17,1.14057568928e-17,1.02027145089e-17,1.05599390739e-17,9.21069417109e-18,7.18087401158e-18,6.16317881471e-18,4.12996762828e-18,2.22491629044e-18,9.66930295502e-19,2.21878610662e-19,2.74731270665e-20],"var":[0.0728756785393,3.48744153976,4.51553583145,5.87127304077,6.80357503891,72.6912689209,100.062973022,275.522735596,219.427368164,301.204711914,2419.26171875,3627.09204102,1008.96258545,1755.12072754,2360.94384766,1536.52954102,2538.66357422,2450.86376953,2561.1184082,1704.21630859,2799.30102539,3447.87402344,2055.74853516,1602.92834473,1631.13098145,697.942260742,690.952270508,760.846374512,791.021179199,654.732727051,442.565246582,244.464645386,159.306716919,108.403739929,51.9498596191,5.47668218613,0.355456471443,0.0235202312469,0.000704163743649,0.0000024766407023]},"erbbands_crest":{"dmean":2.06341409683,"dmean2":3.44143557549,"dvar":4.49022722244,"dvar2":11.9527387619,"max":31.2167396545,"mean":7.31075525284,"median":6.58881855011,"min":2.26830244064,"var":9.808177948},"erbbands_flatness_db":{"dmean":0.0169544983655,"dmean2":0.024838803336,"dvar":0.00029322996852,"dvar2":0.000569198979065,"max":0.387930303812,"mean":0.137401044369,"median":0.123462148011,"min":0.0291318520904,"var":0.00244777556509},"erbbands_kurtosis":{"dmean":1.02835559845,"dmean2":1.65998387337,"dvar":1.50120925903,"dvar2":3.78562903404,"max":24.6280612946,"mean":1.24528086185,"median":0.703765392303,"min":-1.86596477032,"var":4.59519147873},"erbbands_skewness":{"dmean":0.326981335878,"dmean2":0.501290500164,"dvar":0.109575986862,"dvar2":0.241272047162,"max":3.51859641075,"mean":-0.627977252007,"median":-0.687916517258,"min":-4.26642608643,"var":0.595315873623},"erbbands_spread":{"dmean":7.30313777924,"dmean2":11.8410263062,"dvar":54.3125343323,"dvar2":135.14289856,"max":104.779838562,"mean":32.5290260315,"median":31.5414333344,"min":3.41882920265,"var":153.961730957},"gfcc":{"cov":[[37263.2617188,-1858.28918457,-3076.78125,1305.45849609,-1566.89526367,781.676513672,-891.268676758,820.731750488,-382.97869873,177.235534668,-324.265930176,178.622848511,-293.089813232],[-1858.28918457,2036.87231445,-332.829345703,55.6624107361,178.322036743,-229.459609985,45.2456359863,-277.103057861,6.08146810532,-70.1930160522,30.7432670593,-82.2242889404,14.6995782852],[-3076.78125,-332.829345703,1135.65808105,-284.582824707,126.030700684,157.283874512,-30.0855426788,-19.866235733,52.6418609619,26.4450550079,27.1880149841,22.2629966736,-17.0496864319],[1305.45849609,55.6624107361,-284.582824707,489.317626953,34.1902198792,18.421131134,3.16103816032,74.9768295288,-6.71151161194,17.6636829376,-2.46354198456,2.42780399323,37.994102478],[-1566.89526367,178.322036743,126.030700684,34.1902198792,368.003723145,-33.1365852356,101.51335907,-9.57145309448,3.60215640068,-4.89623880386,22.9357719421,11.3737096786,44.503528595],[781.676513672,-229.459609985,157.283874512,18.421131134,-33.1365852356,261.658630371,-10.249622345,86.664024353,-2.44920253754,26.4000759125,19.474357605,33.0776405334,-24.9018325806],[-891.268676758,45.2456359863,-30.0855426788,3.16103816032,101.51335907,-10.249622345,196.775787354,31.2409515381,25.3840103149,-16.8422145844,14.4829158783,3.71224761009,9.75966453552],[820.731750488,-277.103057861,-19.866235733,74.9768295288,-9.57145309448,86.664024353,31.2409515381,175.911270142,16.8268413544,28.0458164215,-5.39558935165,17.6592216492,-0.553827941418],[-382.97869873,6.08146810532,52.6418609619,-6.71151161194,3.60215640068,-2.44920253754,25.3840103149,16.8268413544,94.259552002,33.2484893799,10.5800094604,-14.537853241,-2.28600716591],[177.235534668,-70.1930160522,26.4450550079,17.6636829376,-4.89623880386,26.4000759125,-16.8422145844,28.0458164215,33.2484893799,79.1965255737,28.6108951569,3.61020374298,-2.10381674767],[-324.265930176,30.7432670593,27.1880149841,-2.46354198456,22.9357719421,19.474357605,14.4829158783,-5.39558935165,10.5800094604,28.6108951569,73.8010025024,26.8883476257,8.54202651978],[178.622848511,-82.2242889404,22.2629966736,2.42780399323,11.3737096786,33.0776405334,3.71224761009,17.6592216492,-14.537853241,3.61020374298,26.8883476257,67.8625564575,22.4887714386],[-293.089813232,14.6995782852,-17.0496864319,37.994102478,44.503528595,-24.9018325806,9.75966453552,-0.553827941418,-2.28600716591,-2.10381674767,8.54202651978,22.4887714386,67.5148849487]],"icov":[[0.0000742818665458,0.0000226516749535,0.000214435014641,-0.0000683342223056,0.0000918453151826,-0.000191146828001,0.000271972472547,-0.000145205442095,0.0000940573881962,-0.000158780807396,0.000329640926793,-0.000339435238857,0.000308186281472],[0.0000226516749535,0.000804160546977,0.000348650763044,-0.000135430425871,-0.000405421480536,-0.0000589803676121,0.000126858532894,0.00110693334136,-0.000407941290177,0.000566177302971,-0.000595154706389,0.000665112107527,0.000181321025593],[0.000214435014641,0.000348650763044,0.00212219241075,0.000619640981313,-0.000703342317138,-0.00163362512831,0.00145757035352,0.000261530221906,-0.00090156897204,-0.000159601957421,0.000836157705635,-0.000891791132744,0.000850481330417],[-0.0000683342223056,-0.000135430425871,0.000619640981313,0.00296944379807,-0.000663496670313,-0.000505342148244,0.000316463032505,-0.000995783484541,-0.000064372063207,-0.000287722301437,-0.000197500936338,0.0010183211416,-0.00191004143562],[0.0000918453151826,-0.000405421480536,-0.000703342317138,-0.000663496670313,0.00433550821617,0.000457651331089,-0.00192908092868,-0.000443533004727,0.00142513343599,-0.00101805664599,0.00020874600159,-0.000397447700379,-0.00160854612477],[-0.000191146828001,-0.0000589803676121,-0.00163362512831,-0.000505342148244,0.000457651331089,0.00669434154406,-0.000657849479467,-0.00232903519645,0.000924625026528,-0.0000190344690054,-0.00203821249306,-0.00138392671943,0.00204788520932],[0.000271972472547,0.000126858532894,0.00145757035352,0.000316463032505,-0.00192908092868,-0.000657849479467,0.00853579677641,-0.00255848607048,-0.00266478699632,0.00342329149134,-0.00123865425121,-0.00101012678351,0.00162672484294],[-0.000145205442095,0.00110693334136,0.000261530221906,-0.000995783484541,-0.000443533004727,-0.00232903519645,-0.00255848607048,0.010811233893,-0.00175997184124,-0.00224711699411,0.00228439690545,-0.000783980125561,-0.000510571408086],[0.0000940573881962,-0.000407941290177,-0.00090156897204,-0.000064372063207,0.00142513343599,0.000924625026528,-0.00266478699632,-0.00175997184124,0.0155408754945,-0.00711719319224,-0.0000116216051538,0.00343481567688,-0.000760128954425],[-0.000158780807396,0.000566177302971,-0.000159601957421,-0.000287722301437,-0.00101805664599,-0.0000190344690054,0.00342329149134,-0.00224711699411,-0.00711719319224,0.0214588530362,-0.00977151654661,0.00289668049663,0.000158938535606],[0.000329640926793,-0.000595154706389,0.000836157705635,-0.000197500936338,0.00020874600159,-0.00203821249306,-0.00123865425121,0.00228439690545,-0.0000116216051538,-0.00977151654661,0.0233067907393,-0.0106315398589,0.00147894595284],[-0.000339435238857,0.000665112107527,-0.000891791132744,0.0010183211416,-0.000397447700379,-0.00138392671943,-0.00101012678351,-0.000783980125561,0.00343481567688,0.00289668049663,-0.0106315398589,0.0256384070963,-0.00951378792524],[0.000308186281472,0.000181321025593,0.000850481330417,-0.00191004143562,-0.00160854612477,0.00204788520932,0.00162672484294,-0.000510571408086,-0.000760128954425,0.000158938535606,0.00147894595284,-0.00951378792524,0.0219369642437]],"mean":[0.665736079216,47.4240913391,-115.545425415,41.3167533875,-37.3293571472,6.27792406082,-31.9100437164,8.98096847534,-14.7591466904,0.955080866814,-15.2612895966,1.78794503212,-11.0438747406]},"hfc":{"dmean":12.7383489609,"dmean2":17.1772422791,"dvar":457.906341553,"dvar2":974.667663574,"max":390.635284424,"mean":37.1636428833,"median":27.2589950562,"min":1.07513058197e-16,"var":1173.27648926},"melbands":{"dmean":[0.00130234996323,0.000853090372402,0.000227277516387,0.000221375754336,0.000138191797305,0.00012659044296,0.0000753287094994,0.0000920352249523,0.000137692564749,0.0001068076308,0.000050789105444,0.0000458122849523,0.0000382076868846,0.0000311735602736,0.0000396381947212,0.000038365717046,0.0000426420483564,0.000040031325625,0.0000249198765232,0.0000279219548247,0.0000354182593583,0.0000383826882171,0.0000340582664649,0.0000159432402143,0.0000184521977644,0.0000160975141625,0.0000102004569271,0.00000772625935497,0.00000721841752238,0.00000705548791302,0.00000649924504614,0.00000581175072512,0.00000596195104663,0.00000481720098833,0.00000423051869802,0.00000405600303566,0.00000283155122816,0.00000245029991675,0.0000021751748136,0.00000191780122805],"dmean2":[0.00221105688252,0.00148288498167,0.000383546401281,0.00038750609383,0.000231550584431,0.000212680635741,0.000124907513964,0.000157742892043,0.000223838796956,0.000172772139194,0.0000840658467496,0.0000730135798221,0.0000626232722425,0.0000510932004545,0.0000643130479148,0.000063133869844,0.000070338974183,0.0000651616137475,0.0000407652514696,0.0000446795966127,0.0000578095314268,0.0000628361449344,0.0000565553018532,0.0000255673094216,0.0000305723951897,0.0000260101714957,0.0000163367531059,0.0000120896202134,0.0000112942398118,0.0000110261089503,0.0000100451452454,0.00000903880027181,0.00000921173068491,0.00000710379481461,0.00000639540485281,0.00000618734293312,0.00000426770202466,0.00000375025047106,0.00000327534917233,0.00000290644288725],"dvar":[0.00000637278344584,0.00000312340625896,1.07256155957e-7,2.02673504646e-7,8.12558056396e-8,1.2164288421e-7,3.87666716506e-8,4.42134044931e-8,1.54538284391e-7,1.33407525027e-7,2.39588953121e-8,2.35878001575e-8,2.76693690182e-8,1.22891483656e-8,1.35677744595e-8,1.55818700165e-8,9.03782204631e-9,8.18765322208e-9,2.73545808227e-9,2.40213982039e-9,2.91225799032e-9,2.87571855218e-9,2.07138639574e-9,5.81988957027e-10,5.95390403646e-10,6.05063388281e-10,2.54867182914e-10,1.57200114037e-10,1.3564202539e-10,1.29088087442e-10,1.35830416359e-10,1.0117577609e-10,1.18664841842e-10,9.05885713665e-11,1.0583497273e-10,9.99224938902e-11,6.85672560397e-11,7.15316625377e-11,7.90283186114e-11,5.80776780834e-11],"dvar2":[0.0000165884921444,0.0000084043622337,2.95441054732e-7,5.65165919397e-7,2.10253332966e-7,3.10186123897e-7,1.0049981114e-7,1.16878091205e-7,3.83326323572e-7,3.31677114218e-7,5.8804324965e-8,6.18496827087e-8,6.96459707683e-8,3.08421519435e-8,3.33431273702e-8,4.15829326528e-8,2.35380355207e-8,2.09810142593e-8,6.82387479856e-9,5.95049742813e-9,7.45372386035e-9,7.55045892475e-9,5.54406076603e-9,1.42892764288e-9,1.52637591455e-9,1.46694079106e-9,6.30614227504e-10,3.49547418788e-10,3.09831910128e-10,2.90429819083e-10,3.13018833076e-10,2.30234165066e-10,2.66040856012e-10,1.9837188836e-10,2.581376779e-10,2.33667557525e-10,1.747360312e-10,1.83488155225e-10,1.8476763175e-10,1.35112809829e-10],"max":[0.0232870895416,0.0182315297425,0.0050233467482,0.00540758948773,0.00793895125389,0.0126427551731,0.00511219073087,0.00595295522362,0.0106566511095,0.00840223673731,0.00467741396278,0.00490293418989,0.00540652638301,0.00322929047979,0.00264341640286,0.00436234334484,0.00268697785214,0.00233713141643,0.00171312747989,0.00112930696923,0.00148590526078,0.00107505894266,0.000920848804526,0.000863971945364,0.000574461068027,0.000561999797355,0.000396078539779,0.000319616869092,0.000265345966909,0.000193502695765,0.000324750784785,0.000201551243663,0.000206868789974,0.000187264420674,0.000237074622419,0.000201616494451,0.000251848978223,0.000229910103371,0.00024769132142,0.000199924194021],"mean":[0.00136692542583,0.000912625982892,0.000359239696991,0.000278522871668,0.000190071441466,0.000156054797117,0.00010339335131,0.00011777648615,0.0001657447865,0.000124580139527,0.0000682234967826,0.0000592075375607,0.0000469870501547,0.0000415049362346,0.000052705003327,0.0000485082746309,0.00006396779645,0.0000620837236056,0.0000411819128203,0.0000492291364935,0.0000670043591526,0.0000754582943046,0.0000657488999423,0.0000335699405696,0.0000367885513697,0.0000327400157403,0.0000209375320992,0.0000155214929691,0.0000138528257594,0.0000128734509417,0.000012252668057,0.000010670048141,0.0000101784880826,0.00000846288639877,0.00000687932333676,0.00000654172663417,0.00000476445848108,0.0000038792027226,0.0000031824818052,0.00000274734247796],"median":[0.000547611503862,0.000432356493548,0.000243367510848,0.000153021261212,0.000101752688352,0.0000669186847517,0.0000375604067813,0.0000404964775953,0.0000409203057643,0.0000368604996765,0.0000299001658277,0.0000216893731704,0.0000163851946127,0.0000170371313288,0.0000214786905417,0.0000211553506233,0.0000353746581823,0.0000372989743482,0.0000249079494097,0.0000310528994305,0.0000503674382344,0.000059801597672,0.0000524117422174,0.000025482619094,0.0000281847605947,0.0000223236747843,0.0000137976694532,0.000010375054444,0.00000811576592241,0.00000668367738399,0.00000619356069365,0.00000426835595135,0.00000394613743993,0.00000320585741065,0.00000250363859777,0.00000217882870857,0.00000173401974735,0.00000128848932945,8.74607792412e-7,7.32228045308e-7],"min":[8.70537788411e-25,1.11450860335e-24,1.1067119952e-24,1.31781334281e-24,1.20037295744e-24,2.47877293588e-24,1.45951100379e-24,1.89783880477e-24,1.72280299446e-24,2.57748152323e-24,1.74919236389e-24,2.17515713676e-24,2.3308167483e-24,3.44441875325e-24,2.07730998552e-24,2.19738703985e-24,2.75916624768e-24,2.21318161289e-24,3.16121177182e-24,3.38492483593e-24,2.91210093644e-24,4.00023279213e-24,4.23090873702e-24,4.13793635175e-24,4.32543202284e-24,3.19844245668e-24,3.56370517175e-24,4.20353920792e-24,4.80762443445e-24,4.62838537602e-24,5.06583596367e-24,5.08527744068e-24,5.72050689574e-24,5.26951314408e-24,4.97357552536e-24,5.3854039108e-24,5.85925766821e-24,5.78275472648e-24,5.84553858821e-24,5.15110393891e-24],"var":[0.00000576769298277,0.0000024532594125,1.38381622605e-7,1.73306446527e-7,9.97164519845e-8,1.25049922417e-7,4.95208674067e-8,5.26669623468e-8,1.8926071732e-7,1.31471054488e-7,2.63603734396e-8,3.03138847357e-8,2.89789383601e-8,1.31467361442e-8,1.46316470051e-8,1.2875378097e-8,1.02959818449e-8,8.71599148411e-9,3.71607855598e-9,3.88929199957e-9,4.92158624965e-9,4.94245666616e-9,3.483903388e-9,1.15375442533e-9,1.1893934726e-9,1.26493293617e-9,5.27005494799e-10,3.17939202743e-10,2.77754430567e-10,2.66237309976e-10,3.07316866399e-10,2.61330346252e-10,2.65853533632e-10,1.98746172297e-10,1.58027424479e-10,1.55621113218e-10,8.39470090663e-11,7.77046829659e-11,9.55712106676e-11,7.51000511778e-11]},"melbands_crest":{"dmean":3.85750055313,"dmean2":6.22593212128,"dvar":12.2472343445,"dvar2":29.8849487305,"max":37.2791519165,"mean":12.3766031265,"median":11.339881897,"min":1.54252791405,"var":35.4359054565},"melbands_flatness_db":{"dmean":0.0276876557618,"dmean2":0.0435505583882,"dvar":0.000786041084211,"dvar2":0.00189718266483,"max":0.6476739645,"mean":0.13115477562,"median":0.116105228662,"min":0.00292623299174,"var":0.00743920495734},"melbands_kurtosis":{"dmean":4.21140480042,"dmean2":7.01182603836,"dvar":82.447769165,"dvar2":189.998748779,"max":344.298950195,"mean":4.56361722946,"median":1.44178724289,"min":-1.84988749027,"var":136.518463135},"melbands_skewness":{"dmean":0.730227708817,"dmean2":1.17269837856,"dvar":0.703923583031,"dvar2":1.75179183483,"max":13.3871707916,"mean":1.73185431957,"median":1.48378956318,"min":-1.25168061256,"var":1.65809106827},"melbands_spread":{"dmean":15.2356595993,"dmean2":24.3089008331,"dvar":262.14654541,"dvar2":627.648376465,"max":264.197906494,"mean":58.0909881592,"median":55.7600212097,"min":0.584495544434,"var":914.566833496},"mfcc":{"cov":[[15187.9951172,-1103.60876465,-691.677978516,199.759002686,-136.399627686,-53.9602737427,-122.130516052,393.19708252,97.6062316895,228.744918823,158.23550415,89.13256073,56.5297698975],[-1103.60876465,1360.11853027,-124.942481995,185.543914795,38.7557487488,61.9562530518,30.9502239227,-95.2805099487,-45.5951080322,-76.0646286011,-30.8116645813,17.6980667114,-57.9593238831],[-691.677978516,-124.942481995,775.051025391,-262.515075684,91.4670181274,55.9308204651,-42.2941703796,-21.5397720337,-52.4852104187,3.98428487778,39.3455047607,-8.22257614136,48.4088516235],[199.759002686,185.543914795,-262.515075684,434.427490234,66.3468322754,14.2644224167,36.2390632629,1.92850005627,60.1068992615,5.17512130737,-27.4339027405,10.0040416718,-22.0761375427],[-136.399627686,38.7557487488,91.4670181274,66.3468322754,221.914123535,55.2898292542,42.3176574707,9.2986164093,25.0554389954,0.475810885429,-4.23718738556,6.81361722946,24.3035392761],[-53.9602737427,61.9562530518,55.9308204651,14.2644224167,55.2898292542,124.406677246,43.0975112915,22.1203212738,-3.24531650543,0.190481618047,12.9198799133,14.2853555679,18.0468654633],[-122.130516052,30.9502239227,-42.2941703796,36.2390632629,42.3176574707,43.0975112915,131.115722656,62.6611480713,26.2420711517,-9.18331241608,4.78298854828,17.9180202484,7.43454551697],[393.19708252,-95.2805099487,-21.5397720337,1.92850005627,9.2986164093,22.1203212738,62.6611480713,140.917221069,41.6871833801,23.9887752533,16.4009017944,10.0843772888,13.7486429214],[97.6062316895,-45.5951080322,-52.4852104187,60.1068992615,25.0554389954,-3.24531650543,26.2420711517,41.6871833801,96.8391418457,34.9936103821,6.61622524261,5.84399414062,2.65517163277],[228.744918823,-76.0646286011,3.98428487778,5.17512130737,0.475810885429,0.190481618047,-9.18331241608,23.9887752533,34.9936103821,83.5410919189,40.1709289551,10.7146339417,1.62399768829],[158.23550415,-30.8116645813,39.3455047607,-27.4339027405,-4.23718738556,12.9198799133,4.78298854828,16.4009017944,6.61622524261,40.1709289551,81.9195785522,29.5777931213,9.33640480042],[89.13256073,17.6980667114,-8.22257614136,10.0040416718,6.81361722946,14.2853555679,17.9180202484,10.0843772888,5.84399414062,10.7146339417,29.5777931213,61.8761520386,25.188375473],[56.5297698975,-57.9593238831,48.4088516235,-22.0761375427,24.3035392761,18.0468654633,7.43454551697,13.7486429214,2.65517163277,1.62399768829,9.33640480042,25.188375473,65.5554351807]],"icov":[[0.0000863562527229,0.0000587763825024,0.0000964501668932,-0.0000432380002167,-0.0000245363098657,-0.000030058208722,0.000259442720562,-0.000300186336972,0.000117082396173,-0.0000564156762266,-0.00010762376769,-0.0000821815920062,-0.0000138196492117],[0.0000587763825024,0.000989823136479,0.000108462751086,-0.000344543746905,-0.0000819619817776,-0.00055488711223,0.00000674059629091,0.000381902616937,0.000308073067572,0.000637887918856,-0.0000914212141652,-0.000725209596567,0.000993994995952],[0.0000964501668932,0.000108462751086,0.0021821775008,0.00116073933896,-0.00122370454483,-0.000768355559558,0.00104889541399,-0.00016233867791,0.000537720508873,0.00000310659015668,-0.000986276427284,0.00070474750828,-0.000779695285019],[-0.0000432380002167,-0.000344543746905,0.00116073933896,0.00374563899823,-0.00133169686887,-0.000506300712004,0.0000281773900497,0.000569919240661,-0.00166080903728,-0.000352569244569,0.00102633715142,-0.000753487227485,0.00086659489898],[-0.0000245363098657,-0.0000819619817776,-0.00122370454483,-0.00133169686887,0.00648433342576,-0.00163796008565,-0.00178482709453,0.00097907485906,-0.00149077677634,-0.000214690822759,0.000860819243826,0.000657136784866,-0.00186147855129],[-0.000030058208722,-0.00055488711223,-0.000768355559558,-0.000506300712004,-0.00163796008565,0.0110695119947,-0.00303574209101,-0.000853010511491,0.0020640771836,-0.000812980870251,-0.000992302200757,0.0000249170116149,-0.00191641773563],[0.000259442720562,0.00000674059629091,0.00104889541399,0.0000281773900497,-0.00178482709453,-0.00303574209101,0.0136393029243,-0.00601896457374,-0.00173142924905,0.0041392147541,-0.00121377233882,-0.00288765854202,0.00148008111864],[-0.000300186336972,0.000381902616937,-0.00016233867791,0.000569919240661,0.00097907485906,-0.000853010511491,-0.00601896457374,0.012228704989,-0.0032726614736,-0.00175400276203,-0.0000967681917245,0.00127898913343,-0.00140355015174],[0.000117082396173,0.000308073067572,0.000537720508873,-0.00166080903728,-0.00149077677634,0.0020640771836,-0.00173142924905,-0.0032726614736,0.0163745321333,-0.00678046280518,0.00151648011524,-0.0000422857629019,-0.000612743140664],[-0.0000564156762266,0.000637887918856,0.00000310659015668,-0.000352569244569,-0.000214690822759,-0.000812980870251,0.0041392147541,-0.00175400276203,-0.00678046280518,0.021085511893,-0.00957392528653,0.0000995288792183,0.00177098950371],[-0.00010762376769,-0.0000914212141652,-0.000986276427284,0.00102633715142,0.000860819243826,-0.000992302200757,-0.00121377233882,-0.0000967681917245,0.00151648011524,-0.00957392528653,0.0210713557899,-0.00890201702714,0.00179308885708],[-0.0000821815920062,-0.000725209596567,0.00070474750828,-0.000753487227485,0.000657136784866,0.0000249170116149,-0.00288765854202,0.00127898913343,-0.0000422857629019,0.0000995288792183,-0.00890201702714,0.0256092380732,-0.0101084681228],[-0.0000138196492117,0.000993994995952,-0.000779695285019,0.00086659489898,-0.00186147855129,-0.00191641773563,0.00148008111864,-0.00140355015174,-0.000612743140664,0.00177098950371,0.00179308885708,-0.0101084681228,0.0219663325697]],"mean":[-628.61138916,79.9029693604,-12.933221817,34.5556259155,13.3689479828,6.14867353439,-2.19259548187,6.98413944244,3.02337694168,3.12457823753,1.87139332294,2.48683214188,-3.78720760345]},"pitch_salience":{"dmean":0.076634593308,"dmean2":0.125571072102,"dvar":0.00575080420822,"dvar2":0.0147395776585,"max":0.838736653328,"mean":0.608925223351,"median":0.627096891403,"min":0.101475045085,"var":0.0137210190296},"silence_rate_20dB":{"dmean":0,"dmean2":0,"dvar":0,"dvar2":0,"max":1,"mean":1,"median":1,"min":1,"var":0},"silence_rate_30dB":{"dmean":0,"dmean2":0,"dvar":0,"dvar2":0,"max":1,"mean":1,"median":1,"min":1,"var":0},"silence_rate_60dB":{"dmean":0.00441934680566,"dmean2":0.00883977860212,"dvar":0.00439967773855,"dvar2":0.01048041787,"max":1,"mean":0.0870258957148,"median":0,"min":0,"var":0.0794473960996},"spectral_centroid":{"dmean":232.314590454,"dmean2":366.648803711,"dvar":60439.6953125,"dvar2":142506.328125,"max":11720.9101562,"mean":2573.44946289,"median":2498.03662109,"min":173.575714111,"var":1780986.625},"spectral_complexity":{"dmean":5.0363368988,"dmean2":7.25156545639,"dvar":25.7438297272,"dvar2":44.8416595459,"max":65,"mean":30.345035553,"median":31,"min":0,"var":203.161270142},"spectral_contrast_coeffs":{"dmean":[0.0504485554993,0.0492538586259,0.0388818867505,0.0311512444168,0.0212377700955,0.0208219401538],"dmean2":[0.0837297290564,0.0808566734195,0.0632638260722,0.0509492903948,0.0349817760289,0.0336110815406],"dvar":[0.00180211092811,0.00184489716776,0.00110730831511,0.0006606693496,0.000306474626996,0.000391176727135],"dvar2":[0.00483039487153,0.00455665262416,0.00265489076264,0.00166841398459,0.000800153473392,0.000963735685218],"max":[-0.41570135951,-0.406231313944,-0.46733212471,-0.594941437244,-0.578900754452,-0.56182295084],"mean":[-0.699131846428,-0.766597092152,-0.803130209446,-0.788514733315,-0.787866652012,-0.744259178638],"median":[-0.702015399933,-0.776304483414,-0.811671495438,-0.790553867817,-0.786268532276,-0.741576433182],"min":[-0.982115626335,-0.972695469856,-0.978395581245,-0.971847832203,-0.96826004982,-0.966215670109],"var":[0.00634172419086,0.00585999339819,0.00402263365686,0.00243207765743,0.001628140104,0.00336411758326]},"spectral_contrast_valleys":{"dmean":[0.417939305305,0.404937267303,0.338788747787,0.274564027786,0.224475413561,0.315851360559],"dmean2":[0.678491294384,0.659477353096,0.532353937626,0.423343062401,0.330370932817,0.396692544222],"dvar":[0.131376951933,0.145883113146,0.102861255407,0.0715982988477,0.0630500912666,0.133349403739],"dvar2":[0.311393171549,0.345755308867,0.215885013342,0.137318953872,0.117966070771,0.243784368038],"max":[-5.30020904541,-4.70208406448,-5.18190383911,-5.61637067795,-5.3886756897,-7.10240268707],"mean":[-7.69966220856,-7.39106702805,-7.78848791122,-7.69808864594,-7.21626710892,-9.97741222382],"median":[-7.12589120865,-6.81931877136,-7.2072892189,-7.06406641006,-6.51999950409,-9.23622703552],"min":[-28.0623874664,-27.9918289185,-27.8862934113,-27.8086147308,-27.550157547,-27.4102954865],"var":[8.51991462708,8.91638183594,8.60943508148,8.7995929718,9.58019161224,8.12490558624]},"spectral_decrease":{"dmean":2.07672146146e-9,"dmean2":3.23988569306e-9,"dvar":8.36939606702e-18,"dvar2":2.01157040452e-17,"max":2.26774211909e-18,"mean":-4.58008209137e-9,"median":-3.77454245637e-9,"min":-2.72132716361e-8,"var":1.22054047987e-17},"spectral_energy":{"dmean":0.00855727959424,"dmean2":0.0130394827574,"dvar":0.00012991578842,"dvar2":0.000305558438413,"max":0.104687914252,"mean":0.0206571780145,"median":0.0174833443016,"min":9.82663910525e-21,"var":0.000219639216084},"spectral_energyband_high":{"dmean":0.00115026906133,"dmean2":0.00158050807659,"dvar":0.0000047418561735,"dvar2":0.0000101799951153,"max":0.0371180661023,"mean":0.00263706315309,"median":0.001381150214,"min":6.88438432359e-21,"var":0.0000115927095976},"spectral_energyband_low":{"dmean":0.00525345699862,"dmean2":0.00882050767541,"dvar":0.000100223303889,"dvar2":0.000257253355812,"max":0.0985804572701,"mean":0.00645047239959,"median":0.00335285207257,"min":1.83470098115e-23,"var":0.0000945925785345},"spectral_energyband_middle_high":{"dmean":0.00223284377716,"dmean2":0.0032824263908,"dvar":0.0000103278998722,"dvar2":0.0000225600178965,"max":0.053814958781,"mean":0.00708699086681,"median":0.00613352842629,"min":1.03663855621e-21,"var":0.0000278335319308},"spectral_energyband_middle_low":{"dmean":0.00270094466396,"dmean2":0.00442429259419,"dvar":0.000020176770704,"dvar2":0.0000498448971484,"max":0.0710081756115,"mean":0.0050514023751,"median":0.00360901607201,"min":1.59641693037e-22,"var":0.0000274625090242},"spectral_entropy":{"dmean":0.117813788354,"dmean2":0.168020680547,"dvar":0.0232839807868,"dvar2":0.0408247187734,"max":9.82629489899,"mean":7.9546122551,"median":8.05941295624,"min":4.11947870255,"var":0.39378926158},"spectral_flux":{"dmean":0.0236826967448,"dmean2":0.0349181890488,"dvar":0.000754727283493,"dvar2":0.00147596525494,"max":0.261385053396,"mean":0.0888623222709,"median":0.0843065530062,"min":6.30965904524e-11,"var":0.00207420438528},"spectral_kurtosis":{"dmean":1.90006101131,"dmean2":2.97311639786,"dvar":30.0904045105,"dvar2":63.1729927063,"max":189.505950928,"mean":5.61854219437,"median":3.54730653763,"min":-1.25773835182,"var":137.724212646},"spectral_rms":{"dmean":0.000835113809444,"dmean2":0.00122964207549,"dvar":9.04803755475e-7,"dvar2":0.00000200662839234,"max":0.0101061640307,"mean":0.00415706401691,"median":0.00413000257686,"min":3.09628256194e-12,"var":0.0000028722222396},"spectral_rolloff":{"dmean":859.576904297,"dmean2":1373.03771973,"dvar":1449286.75,"dvar2":3174968,"max":20650.3417969,"mean":3747.94213867,"median":3079.24804688,"min":43.06640625,"var":8472913},"spectral_skewness":{"dmean":0.215472921729,"dmean2":0.3386952281,"dvar":0.114275708795,"dvar2":0.244725480676,"max":11.4683246613,"mean":1.38630080223,"median":1.25642859936,"min":-0.130674734712,"var":0.931736469269},"spectral_spread":{"dmean":585151.1875,"dmean2":837804.625,"dvar":654274658304,"dvar2":1304525144060,"max":42453584,"mean":5214986.5,"median":4582176,"min":652145,"var":27232902840300},"spectral_strongpeak":{"dmean":0.592324972153,"dmean2":1.04173398018,"dvar":1.10714137554,"dvar2":2.93726706505,"max":14.4797182083,"mean":0.682427048683,"median":0.24459657073,"min":0,"var":1.19080173969},"zerocrossingrate":{"dmean":0.0164598021656,"dmean2":0.0189427938312,"dvar":0.000324612250552,"dvar2":0.000398534699343,"max":0.5634765625,"mean":0.120920844376,"median":0.1083984375,"min":0.00439453125,"var":0.00547469779849}},"metadata":{"audio_properties":{"analysis_sample_rate":44100,"bit_rate":0,"codec":"flac","downmix":"mix","equal_loudness":0,"length":189.133331299,"lossless":true,"md5_encoded":"b64923c2500b280d18d5e3c700a8a93a","replay_gain":-17.1570453644,"sample_rate":44100},"tags":{"album":["The Uplift Mofo Party Plan"],"album artist":["Red Hot Chili Peppers"],"albumartist":["Red Hot Chili Peppers"],"albumartistsort":["Red Hot Chili Peppers"],"artist":["Red Hot Chili Peppers"],"artistsort":["Red Hot Chili Peppers"],"asin":["B000078DOJ"],"barcode":["724354037924"],"catalognumber":["7243 5 40379 2 4"],"date":["2003-03-11"],"discnumber":["1"],"disctotal":["1"],"ensemble":["Red Hot Chili Peppers"],"file_name":"01-03 Me and My Friends.flac","genre":["Funk Rock"],"label":["Capitol Records"],"media":["CD"],"musicbrainz_albumartistid":["8bfac288-ccc5-448d-9573-c33ea2aa5c30"],"musicbrainz_albumid":["0ae5fdcc-586f-4a1f-b3dd-342f5a84cb4a"],"musicbrainz_artistid":["8bfac288-ccc5-448d-9573-c33ea2aa5c30"],"musicbrainz_recordingid":["8213400e-2e8a-48cf-b96f-b2d0b3ec483c"],"musicbrainz_releasegroupid":["5d5601d8-9dda-381b-88ed-81bc299a9b2f"],"originaldate":["1987-09-29"],"releasecountry":["US"],"releasestatus":["official"],"releasetype":["album"],"replaygain_track_peak":["-1"],"script":["Latn"],"title":["Me and My Friends"],"totaldiscs":["1"],"totaltracks":["14"],"tracknumber":["3"],"tracktotal":["14"]},"version":{"essentia":"2.1-beta1","essentia_build_sha":"ca57ba49d9b1854bd80e60cf9ccf267278fb7d6b","essentia_git_sha":"v2.1_beta1-28-g21ef5f4-dirty","extractor":"music 1.0"}},"rhythm":{"beats_count":321,"beats_loudness":{"dmean":0.0125792520121,"dmean2":0.0209319405258,"dvar":0.000116877767141,"dvar2":0.000331308925524,"max":0.077099762857,"mean":0.0279535725713,"median":0.0271878708154,"min":0,"var":0.000252608064329},"beats_loudness_band_ratio":{"dmean":[0.239882305264,0.0789513513446,0.0818653255701,0.067347869277,0.104479804635,0.13451859355],"dmean2":[0.439826190