{"lowlevel":{"average_loudness":0.734834372997,"barkbands":{"dmean":[0.000373037095414,0.00155495060608,0.000949675275479,0.00146079005208,0.00270149484277,0.00183258671314,0.000395400886191,0.000500274589285,0.000350263959263,0.000176541012479,0.000119578959129,0.000143713143189,0.000113543697807,0.000164647615748,0.000140080446727,0.0000209956779145,0.0000193202104128,0.0000171232004504,0.000016311152649,0.0000144409787026,0.000027871086786,0.00000656781185171,0.00000208119104173,0.00000120544689253,9.91610932033e-7,0.00000124413941194,0.0000104742757685],"dmean2":[0.000595389748923,0.00246421783231,0.00154187483713,0.00230998056941,0.00400128681213,0.00257716258056,0.000588069146033,0.000756614084821,0.0005251627299,0.000273464887869,0.000186933219084,0.000224187635467,0.000182705756743,0.000254619051702,0.000220931120566,0.0000326932422468,0.0000294771980407,0.0000259206499322,0.0000241263660428,0.0000218155710172,0.0000434702451457,0.00000978359548753,0.0000031264212339,0.00000194814606402,0.0000016516866026,0.00000194543576981,0.0000151242438733],"dvar":[7.71998884375e-7,0.00000654556879454,0.00000201722968995,0.00000711369693818,0.0000399140008085,0.0000287085040327,0.00000153944210979,0.00000232438424064,0.00000183169754564,7.81773053404e-7,4.05383644875e-7,2.26266109848e-7,9.07602952793e-8,2.88702267426e-7,1.79628628416e-7,3.78111941757e-9,3.44192518931e-9,2.19085038999e-9,4.85489204394e-9,2.6239050932e-9,5.4722719689e-9,5.4142301753e-10,8.11590933347e-11,8.96343763102e-12,5.73210662963e-12,1.40946169666e-11,5.56279189379e-10],"dvar2":[0.00000192664674614,0.0000164408047567,0.00000521952233612,0.0000176537942025,0.0000790576305008,0.0000509045858053,0.0000029371740311,0.00000510047448188,0.00000391948333345,0.00000212528061638,8.50198716762e-7,5.59706052172e-7,2.33025090779e-7,7.19416220818e-7,4.57283817923e-7,9.49415834839e-9,7.78127429157e-9,4.61767202253e-9,9.32489818695e-9,5.04444352956e-9,1.2578926345e-8,1.06323871929e-9,1.46739925766e-10,2.03168003254e-11,1.39581592812e-11,2.59655907886e-11,1.02157049486e-9],"max":[0.0250900704414,0.0457804054022,0.0252501945943,0.045038536191,0.202719390392,0.168184906244,0.0355013757944,0.0292499810457,0.0423423983157,0.0273403618485,0.0313725546002,0.0149663360789,0.00622598594055,0.0186991505325,0.00990718230605,0.00152420136146,0.00240699131973,0.00161134381779,0.00291300774552,0.00240233144723,0.00100308167748,0.000855790451169,0.000664365303237,0.000101253026514,0.0000588711045566,0.000235928877373,0.000626824505161],"mean":[0.000540260283742,0.00268860207871,0.00147238117643,0.00235558161512,0.00489592086524,0.00355990719981,0.00071247125743,0.000787914555985,0.000525033159647,0.000235861298279,0.000159782081028,0.000266846036538,0.000205888776691,0.000271842029179,0.000240233857767,0.0000370679226762,0.0000348504399881,0.0000283634381049,0.0000246437230089,0.0000191919370991,0.000027422194762,0.00000969587290456,0.00000283844883597,0.00000130460477976,9.05202739432e-7,0.00000148214382989,0.0000187881905731],"median":[0.00011562887812,0.0011916430667,0.000718595809303,0.000764119380619,0.00134680746123,0.000426955521107,0.000164631710504,0.0000872310483828,0.0000398190350097,0.0000187513342098,0.00000974244903773,0.0000171156661963,0.0000220732108573,0.0000251547789958,0.0000154613117047,0.00000596402878728,0.00000459116654383,0.00000483962503495,0.00000359918385584,0.00000292595086648,0.00000310987775265,0.00000208739902519,7.66912876315e-7,3.2138922279e-7,1.78080966862e-7,4.15999693359e-7,0.00000357007775165],"min":[4.13370687401e-24,2.24766572073e-23,1.5984997756e-23,9.73269211388e-24,4.65532789472e-23,4.79243570658e-23,8.80181904855e-23,5.89989134124e-23,3.65929255204e-23,4.13091525303e-23,8.03163900066e-23,8.66149583964e-23,1.93108593138e-22,1.32108226013e-22,7.40280263214e-23,1.84623605241e-22,2.51181314427e-22,2.97130177615e-22,3.56659893443e-22,2.24366405024e-22,3.62764591377e-22,6.29880466949e-22,5.83974315846e-22,1.021706997e-21,1.39127578505e-21,1.75761582221e-21,2.190303984e-21],"var":[0.00000201300099434,0.0000148155058923,0.00000430720456279,0.0000159986666404,0.0000951557885855,0.000111653855129,0.00000432223578173,0.00000550973527425,0.00000401607530875,0.00000104708863091,6.74491047903e-7,8.695714655e-7,2.41844190896e-7,5.05879256707e-7,5.01254419305e-7,8.64436167092e-9,8.1699917942e-9,4.84522511002e-9,1.05823305674e-8,5.74679548393e-9,6.19293816229e-9,1.2722587428e-9,1.37891600915e-10,1.22812463324e-11,5.92169152255e-12,2.38279240089e-11,1.61909308183e-9]},"barkbands_crest":{"dmean":2.91414284706,"dmean2":4.77373981476,"dvar":5.9282169342,"dvar2":15.5384054184,"max":26.524887085,"mean":11.7184400558,"median":11.1191768646,"min":3.50426363945,"var":16.4103279114},"barkbands_flatness_db":{"dmean":0.0350114814937,"dmean2":0.0539350472391,"dvar":0.000925711879972,"dvar2":0.00214718724601,"max":0.425354152918,"mean":0.213176801801,"median":0.212126642466,"min":0.0300422925502,"var":0.0040091634728},"barkbands_kurtosis":{"dmean":8.10743236542,"dmean2":13.081448555,"dvar":541.980834961,"dvar2":1449.09313965,"max":1276.31091309,"mean":15.506772995,"median":10.1284446716,"min":-1.88062155247,"var":585.633422852},"barkbands_skewness":{"dmean":0.804701685905,"dmean2":1.27903223038,"dvar":0.801320493221,"dvar2":1.96554231644,"max":33.475227356,"mean":2.39269590378,"median":2.27556276321,"min":-2.77373361588,"var":2.81905412674},"barkbands_spread":{"dmean":3.8941423893,"dmean2":6.03792476654,"dvar":51.5305976868,"dvar2":111.679710388,"max":131.938751221,"mean":9.6917848587,"median":5.67698097229,"min":0.355811715126,"var":136.281005859},"dissonance":{"dmean":0.0246138554066,"dmean2":0.0409208610654,"dvar":0.000608127797022,"dvar2":0.00164866889827,"max":0.500000119209,"mean":0.453835308552,"median":0.461837947369,"min":0.262511312962,"var":0.00120778090786},"dynamic_complexity":6.10002088547,"erbbands":{"dmean":[0.0470132604241,0.365062355995,0.91704416275,3.24092459679,6.55923557281,10.5843257904,15.9154233932,11.8052997589,5.17470026016,7.93537473679,10.8504390717,7.55215072632,6.93402528763,3.85322475433,4.60139703751,5.85853099823,5.1050696373,5.65280675888,9.96091270447,3.30909752846,1.17472052574,1.05563831329,0.916086137295,0.78309738636,0.81713861227,0.681506693363,1.23575532436,0.771163761616,0.275937020779,0.109789952636,0.0574558451772,0.0303115397692,0.0176514815539,0.0112207541242,0.0069875898771,0.0039391880855,0.00241219531745,0.00218662130646,0.00168217206374,0.000142780205351],"dmean2":[0.0745283216238,0.584862411022,1.48703587055,5.11018848419,10.0054397583,15.7652616501,23.0229988098,16.5502147675,7.63015604019,11.457903862,16.4574260712,11.0816345215,10.5841255188,5.77675199509,7.17234611511,9.16355895996,8.14274501801,8.64497184753,15.7607545853,5.25887680054,1.77796041965,1.61551213264,1.37434208393,1.15861868858,1.20891559124,1.01340615749,1.94058609009,1.1871984005,0.414304286242,0.162847682834,0.086646027863,0.047136913985,0.0288724973798,0.0186744052917,0.0116363260895,0.00651682214811,0.0037315886002,0.00321493670344,0.00254457187839,0.000200350288651],"dvar":[0.00668817898259,0.376558125019,1.59904229641,32.4644088745,221.486709595,825.962219238,2092.85546875,1439.43908691,194.348876953,664.25793457,1346.14550781,883.77154541,1501.52880859,184.678878784,591.664489746,342.160827637,186.936462402,222.05632019,994.98614502,146.282196045,10.1197252274,9.98983097076,5.51342773438,6.71461009979,14.3994293213,5.33369684219,10.8809165955,4.23075437546,0.952236771584,0.104830220342,0.115149073303,0.008350555785,0.00169604108669,0.000731982639991,0.000284726411337,0.0000876750564203,0.0000543660935364,0.0000357442368113,0.0000192532643268,1.06852368731e-7],"dvar2":[0.0163017902523,0.9588124156,4.141269207,78.2319259644,491.574829102,1652.77185059,3621.45996094,2473.37231445,397.67300415,1177.93664551,2963.02734375,1782.15600586,4137.23828125,430.770599365,1274.01098633,853.797973633,477.849609375,535.203674316,2447.52368164,398.80480957,24.9782600403,22.1564846039,10.9586830139,13.0748271942,26.6497211456,9.51237487793,25.0841503143,9.48146247864,1.94315481186,0.197779014707,0.231161162257,0.0151024181396,0.00400169473141,0.00178205291741,0.000693174893968,0.00021261908114,0.0000902546162251,0.0000635908727418,0.0000394409253204,1.83782418617e-7],"max":[1.37349283695,10.7748098373,19.3852481842,109.206787109,412.50579834,812.806945801,1176.72387695,2035.98950195,356.950805664,981.498962402,856.294250488,1020.81750488,1414.21984863,334.173583984,1092.06384277,617.666503906,303.267089844,451.443817139,968.643981934,358.346954346,90.0424346924,123.561447144,76.7409439087,94.334022522,161.848907471,93.1410827637,48.7736816406,43.62134552,33.0889816284,14.790140152,25.3687896729,4.98171901703,0.964087128639,0.664526343346,0.415235430002,0.228256031871,0.448282897472,0.23014895618,0.0943181440234,0.00900554284453],"mean":[0.0763616859913,0.607675254345,1.60189521313,5.5448756218,11.1823711395,17.682056427,30.313533783,22.8236980438,9.99588298798,14.289973259,16.6379890442,11.8289108276,9.79419612885,5.86989164352,7.0966386795,11.6946878433,10.4216566086,10.7370672226,16.9064598083,6.05828428268,2.24586725235,1.98533797264,1.62874889374,1.252202034,1.22217833996,0.921261370182,1.21161413193,0.823913395405,0.393566757441,0.163556486368,0.0759725570679,0.0366060063243,0.017684943974,0.0103539125994,0.00640376657248,0.00377484341152,0.00300787645392,0.00321885431185,0.00203345855698,0.00033480572165],"median":[0.0314238891006,0.268569529057,0.912635803223,2.29358577728,3.91733551025,4.39189338684,4.10091018677,3.17963862419,2.61368703842,2.10747265816,1.84137272835,1.05770277977,0.687396168709,0.542149722576,0.456064194441,0.788556814194,1.0365293026,1.25324082375,1.22401189804,0.587221384048,0.334242463112,0.281490564346,0.271425366402,0.218519866467,0.169399827719,0.141104727983,0.128685504198,0.118469528854,0.0798226892948,0.0407657250762,0.0205781497061,0.00969018787146,0.00411394517869,0.00212345691398,0.00127764628269,0.000866318237968,0.00086037022993,0.000814263592474,0.000336816941854,0.0000776442320785],"min":[4.51141297055e-22,5.91842194896e-21,1.9600508288e-20,1.9867440441e-20,1.11717255773e-19,1.46884464699e-19,1.40562827341e-19,4.86567178446e-19,1.69054158811e-18,4.68399190267e-19,1.63623004646e-18,9.59622775176e-19,1.34538682904e-18,1.62851431251e-18,3.97134251093e-18,3.61718844039e-18,8.91512930333e-18,8.15943942958e-18,4.97374396546e-18,5.57683390545e-18,1.04567805525e-17,1.50338107642e-17,1.69772782308e-17,1.4727724159e-17,1.72120866826e-17,1.0793366134e-17,1.34955385478e-17,1.35880098956e-17,2.18731319747e-17,1.60150173699e-17,2.24510516358e-17,1.99272971171e-17,1.67407078843e-17,1.28535065989e-17,1.01336705704e-17,6.1600131945e-18,3.69836960007e-18,1.17649836485e-18,2.7546311225e-19,3.50769654604e-20],"var":[0.0155147509649,0.803618848324,3.98367404938,76.2071228027,504.299865723,1663.69262695,8247.78417969,5956.19042969,589.625549316,1894.41259766,2862.35913086,1989.12890625,2076.24511719,385.537567139,1127.71496582,1460.73632812,623.972412109,571.623474121,1846.75463867,424.036315918,29.3681373596,25.2912101746,14.5851316452,14.8433084488,33.1305732727,12.7125635147,12.2419376373,5.68199586868,2.12616443634,0.251872569323,0.164277940989,0.0151574313641,0.00199799286202,0.000758209207561,0.000294425844913,0.0000932323964662,0.000104030303191,0.0000896058918443,0.000032823147194,4.3353276169e-7]},"erbbands_crest":{"dmean":3.02024435997,"dmean2":4.96513462067,"dvar":7.07393074036,"dvar2":18.1890029907,"max":31.7665672302,"mean":10.7779273987,"median":10.0287952423,"min":2.04412889481,"var":18.4748249054},"erbbands_flatness_db":{"dmean":0.0301251634955,"dmean2":0.0474039912224,"dvar":0.000648323912174,"dvar2":0.00159380980767,"max":0.365595459938,"mean":0.186638101935,"median":0.188262552023,"min":0.0239444058388,"var":0.00235095527023},"erbbands_kurtosis":{"dmean":2.20674800873,"dmean2":3.52596735954,"dvar":9.41651153564,"dvar2":22.7648849487,"max":61.3081283569,"mean":2.85978078842,"median":1.32528281212,"min":-1.82053089142,"var":23.4883995056},"erbbands_skewness":{"dmean":0.527027606964,"dmean2":0.807604968548,"dvar":0.2673150599,"dvar2":0.566695034504,"max":7.02612066269,"mean":1.0508582592,"median":1.11965429783,"min":-3.90576934814,"var":1.39005100727},"erbbands_spread":{"dmean":9.06003856659,"dmean2":14.0201950073,"dvar":127.633171082,"dvar2":254.442825317,"max":120.303901672,"mean":28.3508052826,"median":23.9938812256,"min":2.56447982788,"var":301.201263428},"gfcc":{"cov":[[24797.7636719,4648.70703125,-1223.09936523,-724.277709961,372.159301758,-785.939331055,-84.7939224243,-1142.67565918,-98.6160125732,-311.910949707,-152.288833618,-402.575317383,-140.645339966],[4648.70703125,2301.39892578,143.344512939,-203.448623657,85.679473877,-170.961029053,-38.2834243774,-294.622924805,32.7286643982,-88.5498580933,19.8867607117,-118.24382782,-87.6422576904],[-1223.09936523,143.344512939,630.474304199,238.101364136,-143.977523804,146.114639282,-93.3074417114,211.532897949,-77.4571380615,73.9444732666,-7.46434164047,-22.1076221466,-4.73112392426],[-724.277709961,-203.448623657,238.101364136,425.055511475,102.603439331,-53.4917030334,134.797271729,15.8537502289,4.6828956604,32.838848114,-27.9386329651,-11.1901292801,-8.29882621765],[372.159301758,85.679473877,-143.977523804,102.603439331,286.575164795,38.95129776,99.3911590576,-115.529647827,20.3646736145,-53.6837387085,4.96626234055,-5.24948263168,-13.8857383728],[-785.939331055,-170.961029053,146.114639282,-53.4917030334,38.95129776,373.521179199,-74.3980407715,142.853393555,-104.618209839,-28.1502590179,-5.78257799149,32.3359794617,16.2315502167],[-84.7939224243,-38.2834243774,-93.3074417114,134.797271729,99.3911590576,-74.3980407715,289.863128662,-80.5520782471,37.5492591858,-43.156791687,-38.0745239258,7.38557720184,-0.283384531736],[-1142.67565918,-294.622924805,211.532897949,15.8537502289,-115.529647827,142.853393555,-80.5520782471,278.673156738,-21.8438644409,53.1135826111,15.9834852219,18.8823928833,38.2030792236],[-98.6160125732,32.7286643982,-77.4571380615,4.6828956604,20.3646736145,-104.618209839,37.5492591858,-21.8438644409,147.719558716,48.5950241089,22.6770477295,9.71224117279,-21.0601825714],[-311.910949707,-88.5498580933,73.9444732666,32.838848114,-53.6837387085,-28.1502590179,-43.156791687,53.1135826111,48.5950241089,122.917373657,57.0144920349,-3.11615371704,12.1427297592],[-152.288833618,19.8867607117,-7.46434164047,-27.9386329651,4.96626234055,-5.78257799149,-38.0745239258,15.9834852219,22.6770477295,57.0144920349,92.3507995605,44.2282333374,15.7855329514],[-402.575317383,-118.24382782,-22.1076221466,-11.1901292801,-5.24948263168,32.3359794617,7.38557720184,18.8823928833,9.71224117279,-3.11615371704,44.2282333374,99.9219589233,44.0129013062],[-140.645339966,-87.6422576904,-4.73112392426,-8.29882621765,-13.8857383728,16.2315502167,-0.283384531736,38.2030792236,-21.0601825714,12.1427297592,15.7855329514,44.0129013062,82.9546432495]],"icov":[[0.000176721063326,-0.000746650970541,0.00168967002537,-0.0012421940919,0.000758358917665,-0.000439180526882,0.000457853428088,-0.000406417500926,0.000873153330758,-0.00103441206738,0.000960739154834,-0.000374812749214,0.000273611862212],[-0.000746650970541,0.00479966867715,-0.0111838141456,0.00933206360787,-0.00623237993568,0.00415767310187,-0.00267226737924,0.00335361645557,-0.00436769379303,0.00596587592736,-0.0050661880523,0.00278021185659,-0.0018027635524],[0.00168967002537,-0.0111838141456,0.0337468087673,-0.0318714901805,0.0256719514728,-0.0176940225065,0.00841038208455,-0.00559451058507,0.00438278727233,-0.00443024933338,-0.000319747603498,0.00481448415667,-0.000582657987252],[-0.0012421940919,0.00933206360787,-0.0318714901805,0.0393312163651,-0.0353273041546,0.024928662926,-0.00968671496958,-0.00133344274946,0.00857692025602,-0.0144176380709,0.0196418259293,-0.0204013232142,0.0110346442088],[0.000758358917665,-0.00623237993568,0.0256719514728,-0.0353273041546,0.0413715317845,-0.027919748798,0.00601655151695,0.00794155243784,-0.017594223842,0.0266323443502,-0.0331402309239,0.0315469130874,-0.0174139942974],[-0.000439180526882,0.00415767310187,-0.0176940225065,0.024928662926,-0.027919748798,0.0238196570426,-0.00418836157769,-0.00735533144325,0.0153735149652,-0.0182427167892,0.0237038210034,-0.0242031123489,0.0140755884349],[0.000457853428088,-0.00267226737924,0.00841038208455,-0.00968671496958,0.00601655151695,-0.00418836157769,0.00770196178928,-0.00015769834863,-0.0011422932148,0.00153144274373,0.000755175191443,0.00127070199233,-0.00194289663341],[-0.000406417500926,0.00335361645557,-0.00559451058507,-0.00133344274946,0.00794155243784,-0.00735533144325,-0.00015769834863,0.0143785327673,-0.013305448927,0.0157307572663,-0.0177356004715,0.0160842351615,-0.0122915385291],[0.000873153330758,-0.00436769379303,0.00438278727233,0.00857692025602,-0.017594223842,0.0153735149652,-0.0011422932148,-0.013305448927,0.0347416512668,-0.0387496054173,0.0368788167834,-0.034457642585,0.0239008385688],[-0.00103441206738,0.00596587592736,-0.00443024933338,-0.0144176380709,0.0266323443502,-0.0182427167892,0.00153144274373,0.0157307572663,-0.0387496054173,0.0670326799154,-0.0640644803643,0.0527324713767,-0.0317944176495],[0.000960739154834,-0.0050661880523,-0.000319747603498,0.0196418259293,-0.0331402309239,0.0237038210034,0.000755175191443,-0.0177356004715,0.0368788167834,-0.0640644803643,0.0805252194405,-0.061557777226,0.0322855934501],[-0.000374812749214,0.00278021185659,0.00481448415667,-0.0204013232142,0.0315469130874,-0.0242031123489,0.00127070199233,0.0160842351615,-0.034457642585,0.0527324713767,-0.061557777226,0.0650815814734,-0.0361340716481],[0.000273611862212,-0.0018027635524,-0.000582657987252,0.0110346442088,-0.0174139942974,0.0140755884349,-0.00194289663341,-0.0122915385291,0.0239008385688,-0.0317944176495,0.0322855934501,-0.0361340716481,0.0354193337262]],"mean":[-132.315536499,128.713867188,-74.0309448242,16.9133014679,-27.0128536224,-13.3025484085,-19.0172290802,-22.5871963501,-10.0664596558,1.21170687675,-11.0687866211,-4.67196369171,-12.4782533646]},"hfc":{"dmean":2.33600759506,"dmean2":3.20503902435,"dvar":16.2894477844,"dvar2":29.2553482056,"max":87.6220703125,"mean":7.26868581772,"median":2.70709753036,"min":1.18153406671e-16,"var":109.507781982},"melbands":{"dmean":[0.000424967438448,0.000463088217657,0.000593249336816,0.000632168143056,0.000493024941534,0.000277285056654,0.0000784399744589,0.0000903106847545,0.0000888342183316,0.0000462501993752,0.0000348021058016,0.0000161835032486,0.0000168941278389,0.0000138490895552,0.000019438455638,0.00000802428257884,0.000012189941117,0.0000183406591532,0.00000883211305336,0.00000191280105355,0.00000140237159485,0.00000115210696094,0.0000010780016737,7.40358302664e-7,6.4705824343e-7,6.7308440066e-7,5.135376e-7,4.41257896e-7,7.22217123439e-7,8.11300253645e-7,3.28691271534e-7,1.70538910993e-7,9.90461472838e-8,4.85999116506e-8,3.52847600027e-8,2.40677771046e-8,1.70644671726e-8,1.28441177694e-8,1.03984758582e-8,9.14766484783e-9],"dmean2":[0.00066706869984,0.000746007834096,0.000932392489631,0.000945921754465,0.000707249564584,0.000385282357456,0.00011611982336,0.000130620202981,0.00013448302343,0.000068308741902,0.0000533808888576,0.0000243554586632,0.0000261132754531,0.0000218005334318,0.0000316774712701,0.0000126550303321,0.0000189199399756,0.000029053999242,0.0000138986033562,0.00000306854781229,0.00000218113700612,0.00000178915706783,0.00000166617439845,0.00000112129771423,9.76742853709e-7,0.0000010209323591,7.61594719734e-7,6.61873912122e-7,0.00000114027216114,0.00000128270187361,5.06431888425e-7,2.59665540625e-7,1.51350064925e-7,7.41137426985e-8,5.37150945945e-8,3.66417118869e-8,2.73002225271e-8,2.09510737648e-8,1.73038170459e-8,1.5233002415e-8],"dvar":[4.9654522627e-7,4.13195095916e-7,0.00000104767400444,0.00000276711739389,0.00000156437727128,6.93742151725e-7,4.99025958334e-8,8.05924642577e-8,1.02966112081e-7,3.32613225851e-8,3.70841739539e-8,3.35312466682e-9,9.16360409775e-9,3.06413139306e-9,3.35622374337e-9,4.43570014053e-10,1.14950493568e-9,3.76896958088e-9,8.91890228338e-10,5.45931078122e-11,1.44996020399e-11,1.27893641858e-11,9.13437554761e-12,3.92803931742e-12,4.82633507812e-12,1.140175801e-11,4.87199690313e-12,2.21644209063e-12,3.68071675569e-12,5.00221565558e-12,8.10513223377e-13,4.15719542124e-13,1.42654185448e-13,1.60535698098e-14,4.8070414023e-14,1.07065345698e-14,2.25189002983e-15,8.98240218201e-16,6.24059517763e-16,4.8759298084e-16],"dvar2":[0.00000120752827115,0.00000106678930933,0.00000257401779891,0.00000546754517927,0.00000279564414996,0.00000122143683257,1.00295245886e-7,1.47295907027e-7,2.23023192802e-7,6.92232333677e-8,1.01898649518e-7,7.94499310786e-9,1.92086329065e-8,7.46566275467e-9,8.92913831763e-9,1.13385578704e-9,2.82851475575e-9,9.39156663549e-9,2.34236585683e-9,1.51612958299e-10,3.5694270456e-11,2.99275292048e-11,1.94625374844e-11,8.01312748794e-12,1.01755574453e-11,2.46428693423e-11,8.35947717298e-12,4.27418170301e-12,8.5374216377e-12,1.17411046163e-11,1.80888507298e-12,9.01688879812e-13,3.06654685369e-13,3.1302288913e-14,9.40631172128e-14,1.80564588346e-14,4.96092924702e-15,2.10267162365e-15,1.52015467797e-15,1.18709857025e-15],"max":[0.0118058342487,0.00923776160926,0.0171158388257,0.0574505776167,0.0306214317679,0.0397400818765,0.00616917992011,0.00924683175981,0.00750184105709,0.00608083931729,0.00687800487503,0.00146620976739,0.00493106432259,0.00197299313731,0.0015584534267,0.000616584206,0.00100834399927,0.00210845144466,0.00076886563329,0.000197562447283,0.000103428610601,0.000141440454172,0.0000992706991383,0.0000670907174936,0.000075437958003,0.000154179782839,0.000101527788502,0.0000585939887969,0.0000325838627759,0.0000302665812342,0.0000224859013542,0.0000190612099686,0.0000156911446538,0.00000496452321386,0.0000166233221535,0.00000731487125449,0.00000214399256038,6.74369687204e-7,6.12454073234e-7,5.42762279565e-7],"mean":[0.000762790208682,0.000846115639433,0.00107507721987,0.00107901415322,0.00097113911761,0.000539870816283,0.000149314990267,0.000159841729328,0.000132553454023,0.0000708993829903,0.0000477159046568,0.000023280550522,0.0000233007522183,0.0000251802775892,0.0000346908236679,0.0000158606762852,0.0000210339458135,0.0000294075580314,0.000015189437363,0.00000315144779961,0.00000245604360316,0.00000202126489057,0.00000185476335446,0.00000120693289318,9.7452607406e-7,9.66943048297e-7,7.24503081528e-7,5.72168914914e-7,7.0820954079e-7,7.59301826747e-7,3.77909969984e-7,2.37588025698e-7,1.42301360029e-7,6.89001353749e-8,4.52133690487e-8,3.05475680307e-8,1.90379108034e-8,1.28125279275e-8,9.62777235713e-9,8.35302227387e-9],"median":[0.000326553068589,0.00048791867448,0.000480475981021,0.000319465994835,0.000164886267157,0.000075134637882,0.0000368170803995,0.0000223232600547,0.000013204104107,0.00000538714448339,0.00000320544131682,0.0000021849850782,0.00000140100110002,0.00000157610884344,0.00000241055113293,0.00000208882329389,0.00000219070693674,0.00000203178069569,0.00000102873059404,4.64465500727e-7,3.33889801141e-7,2.71569717825e-7,2.72022305126e-7,2.08195956475e-7,1.64936380997e-7,1.3049495351e-7,1.02894574638e-7,8.72863807899e-8,7.71462751459e-8,7.20819457456e-8,6.21341200713e-8,4.50780959227e-8,3.10069410148e-8,1.79572339221e-8,1.16872946876e-8,8.36977243068e-9,4.43671543948e-9,2.87131252108e-9,1.98727567735e-9,1.64199531749e-9],"min":[5.31437093059e-24,9.46897039124e-24,5.65888423727e-24,1.14836817001e-23,4.46661998107e-24,1.20574462689e-23,2.32700098865e-23,5.87300948594e-24,1.29533705873e-23,4.9512192073e-24,6.60440226865e-24,5.93264973696e-24,1.12098349478e-23,1.28145768219e-23,1.01197388284e-23,2.25662796948e-23,1.35171095229e-23,7.7196737005e-24,5.50141497882e-24,1.13365962178e-23,1.26367289197e-23,1.56774887311e-23,1.4454612333e-23,1.41118570029e-23,1.11039808583e-23,1.70630755794e-23,7.77705780932e-24,6.85473741616e-24,7.65160289298e-24,1.01582620619e-23,6.72416121482e-24,1.30068135471e-23,1.19777145195e-23,7.02706881407e-24,1.28446679212e-23,1.16278736407e-23,1.32952423933e-23,1.08142606468e-23,1.3080785823e-23,1.00892958972e-23],"var":[0.00000127672160488,0.00000103592662981,0.00000254789779319,0.00000576030151933,0.00000641101269139,0.00000280862514046,1.5046644819e-7,2.26936293757e-7,2.10749803387e-7,7.52514779379e-8,5.17108666998e-8,6.55178133968e-9,1.53394879021e-8,9.87578285816e-9,9.37206845464e-9,1.33384236989e-9,2.58335330905e-9,6.05664052244e-9,2.64386978976e-9,1.03375231986e-10,3.64716937207e-11,2.85582564541e-11,2.18599149199e-11,9.0137359382e-12,9.38201859951e-12,2.19188226597e-11,1.21834521638e-11,4.79744672807e-12,4.18022604379e-12,5.1771044049e-12,1.27598214113e-12,8.45147411256e-13,2.9095730816e-13,3.57939487783e-14,6.9335359123e-14,1.93545707076e-14,3.32418757776e-15,1.08553529647e-15,6.47898677728e-16,5.0397570977e-16]},"melbands_crest":{"dmean":3.61236810684,"dmean2":5.94051599503,"dvar":9.51437854767,"dvar2":24.9142169952,"max":39.2270393372,"mean":15.784283638,"median":15.044172287,"min":1.86974704266,"var":33.784488678},"melbands_flatness_db":{"dmean":0.0409981869161,"dmean2":0.062500089407,"dvar":0.00126826099586,"dvar2":0.00286692590453,"max":0.562360405922,"mean":0.326490670443,"median":0.333053320646,"min":0.00487438915297,"var":0.00811631605029},"melbands_kurtosis":{"dmean":12.2626399994,"dmean2":19.5026035309,"dvar":600.872558594,"dvar2":1463.98181152,"max":1169.1685791,"mean":24.1886901855,"median":15.0191955566,"min":-1.71526038647,"var":1081.93847656},"melbands_skewness":{"dmean":0.929467499256,"dmean2":1.45668566227,"dvar":0.951953947544,"dvar2":2.21187186241,"max":28.9926261902,"mean":3.07123756409,"median":2.79590034485,"min":-0.72142803669,"var":3.54498124123},"melbands_spread":{"dmean":3.80736422539,"dmean2":5.91121387482,"dvar":56.9368400574,"dvar2":130.209671021,"max":203.787826538,"mean":11.9611434937,"median":5.44984102249,"min":0.414451658726,"var":514.094848633},"mfcc":{"cov":[[11339.9003906,2485.30200195,-1450.87280273,37.6306114197,-334.944366455,374.345581055,-389.891113281,-142.145980835,-325.737884521,-88.9149703979,56.8233985901,-155.489944458,-263.113494873],[2485.30200195,1994.53283691,125.444755554,-73.150970459,84.2264709473,71.1675949097,-78.7520904541,-86.2064056396,-134.077148438,-27.7392024994,98.4653625488,-30.3130493164,-73.3898391724],[-1450.87280273,125.444755554,816.444091797,46.4695587158,113.548339844,-126.635902405,92.2195892334,-12.1191053391,56.932964325,46.9945297241,16.583770752,46.95262146,21.6740036011],[37.6306114197,-73.150970459,46.4695587158,540.094116211,-47.0094299316,56.413433075,26.0918540955,-60.4599456787,75.0148620605,34.3601417542,3.1562025547,41.0671730042,9.10859966278],[-334.944366455,84.2264709473,113.548339844,-47.0094299316,260.522949219,45.4853553772,46.4694290161,28.1098747253,-18.9013996124,1.97595465183,10.0141048431,8.16980838776,39.2088623047],[374.345581055,71.1675949097,-126.635902405,56.413433075,45.4853553772,221.745651245,73.7427825928,42.9723625183,1.61383080482,-23.5085029602,-16.3348445892,-25.2087554932,-8.48663806915],[-389.891113281,-78.7520904541,92.2195892334,26.0918540955,46.4694290161,73.7427825928,195.044265747,73.6434860229,50.8018836975,-25.4837818146,-38.6786422729,-0.0476169958711,11.2680950165],[-142.145980835,-86.2064056396,-12.1191053391,-60.4599456787,28.1098747253,42.9723625183,73.6434860229,153.115142822,45.6992340088,-19.0168552399,-34.4351806641,-18.7401123047,10.4675073624],[-325.737884521,-134.077148438,56.932964325,75.0148620605,-18.9013996124,1.61383080482,50.8018836975,45.6992340088,114.308685303,21.7659912109,-18.3962879181,11.6949634552,6.89830350876],[-88.9149703979,-27.7392024994,46.9945297241,34.3601417542,1.97595465183,-23.5085029602,-25.4837818146,-19.0168552399,21.7659912109,93.1361160278,38.3522071838,3.45656466484,-1.05669641495],[56.8233985901,98.4653625488,16.583770752,3.1562025547,10.0141048431,-16.3348445892,-38.6786422729,-34.4351806641,-18.3962879181,38.3522071838,86.059425354,25.976978302,-1.64776134491],[-155.489944458,-30.3130493164,46.95262146,41.0671730042,8.16980838776,-25.2087554932,-0.0476169958711,-18.7401123047,11.6949634552,3.45656466484,25.976978302,90.6977615356,42.8568763733],[-263.113494873,-73.3898391724,21.6740036011,9.10859966278,39.2088623047,-8.48663806915,11.2680950165,10.4675073624,6.89830350876,-1.05669641495,-1.64776134491,42.8568763733,84.3395309448]],"icov":[[0.000227210301091,-0.000306145782815,0.000385690538678,-0.0000987555613392,0.00017400982324,-0.00011862435349,0.000159264949616,-0.00013496055908,0.00028289394686,-0.000249949720455,0.000356827891665,-0.000244092283538,0.000361351354513],[-0.000306145782815,0.00105912971776,-0.000771022925619,0.000171322462847,-0.000336114491802,-0.000269793672487,0.000089508772362,0.000301768537611,0.00000982828714768,0.000872138945851,-0.00126333360095,0.000520956877153,-0.0000534017963219],[0.000385690538678,-0.000771022925619,0.00261876545846,-0.000360704172635,-0.000684453872964,0.00157497671898,-0.0012445198372,0.000166943384102,-0.000127408071421,-0.00120863725897,0.000822545785923,-0.000894878292456,0.000986596685834],[-0.0000987555613392,0.000171322462847,-0.000360704172635,0.00268628518097,0.00041635154048,-0.00131863739807,-0.000087917142082,0.00193116546143,-0.00209642201662,-0.000403861631639,0.000228912031162,-0.000759306596592,-0.000353886076482],[0.00017400982324,-0.000336114491802,-0.000684453872964,0.00041635154048,0.00553446728736,-0.00172089610714,-0.000420696655056,-0.000780140049756,0.00180498568807,-0.000831905868836,-0.000487966113724,0.000363945699064,-0.00256428774446],[-0.00011862435349,-0.000269793672487,0.00157497671898,-0.00131863739807,-0.00172089610714,0.00787899084389,-0.00331723573618,-0.00106057641096,0.00056257401593,0.000468951679068,-0.000605699431617,0.00145460502245,0.000509381585289],[0.000159264949616,0.000089508772362,-0.0012445198372,-0.000087917142082,-0.000420696655056,-0.00331723573618,0.00943055190146,-0.00236868439242,-0.00204791384749,0.00190682185348,0.00174640340265,-0.000924261345062,0.000495043292176],[-0.00013496055908,0.000301768537611,0.000166943384102,0.00193116546143,-0.000780140049756,-0.00106057641096,-0.00236868439242,0.0112262703478,-0.00529831973836,0.00153570773546,0.000350530463038,0.00248882430606,-0.00203603249975],[0.00028289394686,0.00000982828714768,-0.000127408071421,-0.00209642201662,0.00180498568807,0.00056257401593,-0.00204791384749,-0.00529831973836,0.0162523258477,-0.00564540969208,0.00379626615904,-0.00336054037325,0.00168069789652],[-0.000249949720455,0.000872138945851,-0.00120863725897,-0.000403861631639,-0.000831905868836,0.000468951679068,0.00190682185348,0.00153570773546,-0.00564540969208,0.0174712501466,-0.00936093088239,0.00467303255573,-0.00155488611199],[0.000356827891665,-0.00126333360095,0.000822545785923,0.000228912031162,-0.000487966113724,-0.000605699431617,0.00174640340265,0.000350530463038,0.00379626615904,-0.00936093088239,0.0211358033121,-0.0084392465651,0.00394036993384],[-0.000244092283538,0.000520956877153,-0.000894878292456,-0.000759306596592,0.000363945699064,0.00145460502245,-0.000924261345062,0.00248882430606,-0.00336054037325,0.00467303255573,-0.0084392465651,0.0199541412294,-0.0101755317301],[0.000361351354513,-0.0000534017963219,0.000986596685834,-0.000353886076482,-0.00256428774446,0.000509381585289,0.000495043292176,-0.00203603249975,0.00168069789652,-0.00155488611199,0.00394036993384,-0.0101755317301,0.0192429833114]],"mean":[-783.59753418,174.711074829,12.9000711441,38.3163757324,6.51380062103,18.6703491211,-3.54870009422,-8.92016029358,-5.19050502777,0.18382486701,3.24159550667,-1.05906999111,-6.14984941483]},"pitch_salience":{"dmean":0.0855566486716,"dmean2":0.142354801297,"dvar":0.00524144433439,"dvar2":0.013807380572,"max":0.86224001646,"mean":0.585931062698,"median":0.60222864151,"min":0.0328186675906,"var":0.0157059542835},"silence_rate_20dB":{"dmean":0,"dmean2":0,"dvar":0,"dvar2":0,"max":1,"mean":1,"median":1,"min":1,"var":0},"silence_rate_30dB":{"dmean":0.0100317671895,"dmean2":0.0200668890029,"dvar":0.0099305473268,"dvar2":0.0230089779943,"max":1,"mean":0.987295210361,"median":1,"min":0,"var":0.012542789802},"silence_rate_60dB":{"dmean":0.0501588359475,"dmean2":0.100334450603,"dvar":0.0476422719657,"dvar2":0.108999110758,"max":1,"mean":0.187562689185,"median":0,"min":0,"var":0.152377679944},"spectral_centroid":{"dmean":177.206176758,"dmean2":265.241088867,"dvar":111282.664062,"dvar2":200314.390625,"max":11015.1396484,"mean":673.119262695,"median":408.623840332,"min":142.43069458,"var":593893.75},"spectral_complexity":{"dmean":1.79635512829,"dmean2":2.73913049698,"dvar":4.18352270126,"dvar2":7.91194915771,"max":49,"mean":8.40722179413,"median":6,"min":0,"var":41.2804985046},"spectral_contrast_coeffs":{"dmean":[0.0522770546377,0.0463914424181,0.037080001086,0.0308780968189,0.0243983529508,0.0542118512094],"dmean2":[0.0853569954634,0.0763662531972,0.0613903738558,0.0500305518508,0.0391170755029,0.0844643935561],"dvar":[0.00177567254286,0.00138707424048,0.000917178113014,0.000648090441246,0.000427282036981,0.0026443740353],"dvar2":[0.00464144395664,0.00365655007772,0.00244109821506,0.0016468972899,0.00102126970887,0.00588147994131],"max":[-0.324650347233,-0.471747636795,-0.564479231834,-0.587034285069,-0.668792963028,-0.421374082565],"mean":[-0.64931511879,-0.755467355251,-0.832382261753,-0.820181667805,-0.855066478252,-0.769447267056],"median":[-0.65069848299,-0.758723080158,-0.841921985149,-0.82483279705,-0.859482467175,-0.790704369545],"min":[-0.953493177891,-0.97696352005,-0.966842770576,-0.976618826389,-0.962111949921,-0.956654191017],"var":[0.00966279115528,0.00587029382586,0.00411998573691,0.00394896045327,0.00197231979109,0.00682392902672]},"spectral_contrast_valleys":{"dmean":[0.387709677219,0.372258365154,0.422233402729,0.352945268154,0.44508600235,0.822167515755],"dmean2":[0.639384508133,0.59111315012,0.666794717312,0.539458155632,0.65577018261,1.33348715305],"dvar":[0.112670063972,0.113494388759,0.15286834538,0.123425401747,0.182099431753,0.5110476017],"dvar2":[0.2640376091,0.242076411843,0.341971367598,0.258676886559,0.34370881319,1.38523316383],"max":[-5.47325229645,-4.30405807495,-5.58153247833,-6.06109809875,-5.92317771912,-8.99873256683],"mean":[-7.5368142128,-7.35920763016,-8.43645954132,-8.71076583862,-9.01829528809,-12.1158733368],"median":[-7.16633796692,-7.08636188507,-8.22280788422,-8.52085876465,-8.86001396179,-11.9420785904],"min":[-27.5536270142,-27.2036457062,-27.5620613098,-27.3243923187,-27.157333374,-27.3187732697],"var":[3.7645380497,3.27699232101,2.79604721069,2.61051702499,2.02101635933,1.71309959888]},"spectral_decrease":{"dmean":1.5993689706e-9,"dmean2":2.29768026827e-9,"dvar":6.16789126266e-18,"dvar2":1.17554077921e-17,"max":9.77568582642e-18,"mean":-4.89605955778e-9,"median":-2.68030975192e-9,"min":-6.51204743463e-8,"var":3.50491943447e-17},"spectral_energy":{"dmean":0.00620573898777,"dmean2":0.00889992155135,"dvar":0.0000931304093683,"dvar2":0.000176822693902,"max":0.250809252262,"mean":0.0191381666809,"median":0.0104729030281,"min":1.09366112819e-20,"var":0.000536828534678},"spectral_energyband_high":{"dmean":0.0000523345261172,"dmean2":0.0000787945173215,"dvar":1.60374611369e-8,"dvar2":3.23721600637e-8,"max":0.00285487691872,"mean":0.0000655621333863,"median":0.0000134682140924,"min":7.74406085575e-21,"var":2.92853137296e-8},"spectral_energyband_low":{"dmean":0.00268289400265,"dmean2":0.00420014001429,"dvar":0.0000136719172588,"dvar2":0.0000329275753757,"max":0.0558999478817,"mean":0.00585671700537,"median":0.00362115958706,"min":4.03695907932e-23,"var":0.0000434984140156},"spectral_energyband_middle_high":{"dmean":0.000588522409089,"dmean2":0.000859080406372,"dvar":0.00000196990322365,"dvar2":0.00000419614161729,"max":0.0355346873403,"mean":0.00145746732596,"median":0.000201798451599,"min":1.80309056107e-21,"var":0.00000933287810767},"spectral_energyband_middle_low":{"dmean":0.00487842038274,"dmean2":0.00701075978577,"dvar":0.0000823421505629,"dvar2":0.000155452435138,"max":0.229018390179,"mean":0.0129361869767,"median":0.00469564972445,"min":3.09195962933e-22,"var":0.000408920866903},"spectral_entropy":{"dmean":0.315075755119,"dmean2":0.482581466436,"dvar":0.0857364982367,"dvar2":0.188663706183,"max":9.79212284088,"mean":6.88174629211,"median":6.83571195602,"min":5.13396215439,"var":0.405401289463},"spectral_flux":{"dmean":0.0166140161455,"dmean2":0.0270174797624,"dvar":0.000335911434377,"dvar2":0.000862571934704,"max":0.31514313817,"mean":0.0598060972989,"median":0.0517637990415,"min":1.04578255777e-10,"var":0.00151183537673},"spectral_kurtosis":{"dmean":4.92302513123,"dmean2":7.78338289261,"dvar":27.5532970428,"dvar2":68.8133850098,"max":73.6331329346,"mean":13.5058193207,"median":12.111287117,"min":-1.23501694202,"var":65.7164916992},"spectral_rms":{"dmean":0.000642615021206,"dmean2":0.000914771400858,"dvar":4.85575640141e-7,"dvar2":8.81261485119e-7,"max":0.0156426336616,"mean":0.00366139761172,"median":0.00319647695869,"min":3.26647584849e-12,"var":0.00000526542362422},"spectral_rolloff":{"dmean":230.059753418,"dmean2":395.701934814,"dvar":482882.8125,"dvar2":1144645.375,"max":19336.8164062,"mean":974.860473633,"median":322.998046875,"min":21.533203125,"var":7643901},"spectral_skewness":{"dmean":0.497631728649,"dmean2":0.740706145763,"dvar":0.222640514374,"dvar2":0.446436285973,"max":6.55283546448,"mean":2.59235239029,"median":2.64737939835,"min":-0.00346507341601,"var":0.802706360817},"spectral_spread":{"dmean":660407.6875,"dmean2":1050718.5,"dvar":474673053696,"dvar2":924869525504,"max":41055876,"mean":3463665.5,"median":3189765,"min":1199564.625,"var":2495455952900},"spectral_strongpeak":{"dmean":0.274998247623,"dmean2":0.445421755314,"dvar":0.177850931883,"dvar2":0.423776656389,"max":7.11619377136,"mean":0.530583798885,"median":0.279710650444,"min":0,"var":0.483234792948},"zerocrossingrate":{"dmean":0.00565911503509,"dmean2":0.00699638435617,"dvar":0.000115300616017,"dvar2":0.000163878386957,"max":0.53125,"mean":0.0338655114174,"median":0.01708984375,"min":0,"var":0.00581533461809}},"metadata":{"audio_properties":{"analysis_sample_rate":44100,"bit_rate":141266,"codec":"mp3","downmix":"mix","equal_loudness":0,"length":138.868011475,"lossless":false,"md5_encoded":"ab566fcf18030185ce3ac7f4e9289a35","replay_gain":-2.02172088623,"sample_rate":44100},"tags":{"album":["The Complete Columbia Album Collection"],"albumartist":["Johnny Cash"],"albumartistsort":["Cash, Johnny"],"artist":["Johnny Cash"],"artists":["Johnny Cash"],"artistsort":["Cash, Johnny"],"asin":["B008DDC874"],"barcode":["886979104723"],"catalognumber":["88697910472"],"date":["2012-12-04"],"discnumber":["2/63"],"file_name":"10 - These Things Shall Pass.mp3","label":["Columbia","Legacy"],"media":["CD"],"musicbrainz album release country":["US"],"musicbrainz album status":["official"],"musicbrainz album type":["album","compilation"],"musicbrainz release track id":["ea5b5c0d-d326-310c-aa41-a3a773f01bac"],"musicbrainz_albumartistid":["d43d12a1-2dc9-4257-a2fd-0a3bb1081b86"],"musicbrainz_albumid":["de36c451-000c-4488-9375-b6d40b6636e5"],"musicbrainz_artistid":["d43d12a1-2dc9-4257-a2fd-0a3bb1081b86"],"musicbrainz_recordingid":["822beed5-a027-4212-b51f-154b6c5d4bf9"],"musicbrainz_releasegroupid":["30578604-ce5e-4d3d-a09c-6c06fc4c526b"],"originaldate":["2012"],"script":["Latn"],"title":["These Things Shall Pass"],"tracknumber":["10/12"]},"version":{"essentia":"2.1-beta1","essentia_build_sha":"ca57ba49d9b1854bd80e60cf9ccf267278fb7d6b","essentia_git_sha":"v2.1_beta1-28-g21ef5f4-dirty","extractor":"music 1.0"}},"rhythm":{"beats_count":270,"beats_loudness":{"dmean":0.0262007955462,"dmean2":0.045460909605,"dvar":0.000762588751968,"dvar2":0.00225544325076,"max":0.143187373877,"mean":0.0286485888064,"median":0.0186808146536,"min":6.60549503984e-10,"var":0.000902535917703},"beats_loudness_band_ratio":{"dmean":[0.318671166897,0.247536584735,0.106393583119,0.048505730927,0.0294226314873,0.028304906562],"dmean2":