{"lowlevel":{"average_loudness":0.751553595066,"barkbands":{"dmean":[0.0000303590441035,0.00111630221363,0.00120277469978,0.00151368533261,0.00138892454561,0.000672074966133,0.000521368172485,0.000369308050722,0.000319820159348,0.000273235753411,0.000197878907784,0.000147667073179,0.000118667478091,0.00011859654478,0.000419603195041,0.000487993005663,0.000295919744531,0.000227163502132,0.000117056690215,0.0000569004005229,0.0000273552668659,0.0000175673249032,0.00000896993878996,0.0000100288407339,0.0000165640503837,0.0000312303600367,0.0000190420123545],"dmean2":[0.0000509744641022,0.00195731082931,0.00216397969052,0.00237525813282,0.00215712934732,0.00112505129073,0.000886656285729,0.000561884022318,0.000499962887261,0.000410678068874,0.000290380703518,0.000231066209381,0.000180467206519,0.000184971722774,0.000594629731495,0.000725291552953,0.000449161423603,0.000339447520673,0.000172257205122,0.0000862766974024,0.0000409592212236,0.000026015966796,0.0000137888000609,0.0000154884273798,0.0000259947737504,0.0000529217977601,0.0000332243398589],"dvar":[7.62343344007e-9,0.0000179593680514,0.0000259559892584,0.000013737455447,0.00000864955472935,0.00000301945897263,0.00000298138843391,5.18618946899e-7,5.24399467849e-7,3.27877899053e-7,3.2116707871e-7,2.0111534127e-7,7.95873873471e-8,6.55681020589e-8,0.00000116204182632,0.00000168244969245,3.0897044212e-7,3.80324820526e-7,7.86695153465e-8,1.20556471472e-8,6.90206913845e-9,1.67929581352e-9,2.40082398406e-10,3.32374655576e-10,1.13513032307e-9,6.80250789031e-9,2.58993915203e-9],"dvar2":[2.13214708111e-8,0.0000495828753628,0.0000740305404179,0.0000326220542775,0.0000177008932951,0.00000845024896989,0.00000840549182612,0.00000133743458264,0.00000132197430958,7.85032170825e-7,6.88122554493e-7,4.95153017255e-7,1.88957855585e-7,1.66864069229e-7,0.00000236565188061,0.00000379055563826,7.41515293612e-7,8.81531946106e-7,1.50111503672e-7,2.6136737219e-8,1.56495882919e-8,3.3972085145e-9,5.49534584504e-10,7.75227215755e-10,2.85205081774e-9,1.86242523625e-8,7.07452896265e-9],"max":[0.00121781812049,0.0490440949798,0.0986891835928,0.0540734343231,0.073684759438,0.027655383572,0.0290686935186,0.0120596252382,0.0116702578962,0.0133416531608,0.0197592005134,0.0103166140616,0.0100575974211,0.00538976071402,0.0374138504267,0.0409852080047,0.0151191661134,0.0175996236503,0.0127631332725,0.00283111701719,0.00283101480454,0.000890185008757,0.000220541842282,0.000256531435298,0.000391995010432,0.00134149962105,0.000552208919544],"mean":[0.0000296745674859,0.00103664619382,0.00182562065311,0.00321944756433,0.00471242889762,0.00123923039064,0.000885457149707,0.000954782299232,0.000634932541288,0.000640037877019,0.000441237934865,0.000245350238401,0.000228725737543,0.000193479834707,0.000968276173808,0.000994682428427,0.000585769477766,0.000476483430248,0.000255628227023,0.000129728476168,0.0000475572342111,0.0000299746443488,0.0000187539935723,0.0000228573499044,0.000033067764889,0.0000416662551288,0.0000229026554734],"median":[3.51667324594e-7,0.0000239433538809,0.000250477838563,0.000626040098723,0.00218301592395,0.000747348356526,0.000406223494792,0.000472263171105,0.000257655599853,0.000268331059488,0.000135024572955,0.0000563569956284,0.0000734176210244,0.0000766206576372,0.000220665649977,0.000436655565863,0.000319585873513,0.000164612254594,0.000164424171089,0.000059895512095,0.0000154645404109,0.000010037651009,0.0000125498854686,0.0000156059923029,0.0000225779313041,0.000024031218345,0.0000128421916088],"min":[2.29601935421e-25,1.96862487151e-24,5.32972029026e-25,1.52552460998e-25,5.01840964604e-24,1.02068661488e-23,1.30347068798e-23,6.24986411758e-24,1.42290833111e-23,2.57926781986e-23,1.67687468425e-23,1.91473754642e-23,3.84314983886e-23,2.22300592884e-23,4.13798565555e-23,6.17616494529e-23,5.93091944945e-23,1.1786378358e-22,1.48060811052e-22,1.75745070416e-22,2.55138341702e-22,3.13166722698e-22,4.06738550755e-22,6.30097712931e-22,8.62205531874e-22,1.23542049814e-21,1.9801954636e-21],"var":[8.53579251725e-9,0.000013080082681,0.0000257977553701,0.0000307539703499,0.0000545046132174,0.00000310705536322,0.00000295354971058,0.00000162390949754,0.00000106734000838,0.00000121330310776,0.00000100231295619,4.31633566222e-7,2.54702712255e-7,1.07332134291e-7,0.00000588850889471,0.00000427792156188,7.91078718976e-7,0.0000010589124031,2.07240773875e-7,4.15851459934e-8,1.23089893833e-8,3.99242727767e-9,3.8113526224e-10,5.18695364438e-10,1.29648258795e-9,5.03321473388e-9,1.88645055132e-9]},"barkbands_crest":{"dmean":1.60803830624,"dmean2":2.51862668991,"dvar":3.40777420998,"dvar2":8.09614276886,"max":25.3066215515,"mean":10.0544948578,"median":8.9593372345,"min":2.58368182182,"var":23.1581497192},"barkbands_flatness_db":{"dmean":0.0144701516256,"dmean2":0.0215152315795,"dvar":0.000242646317929,"dvar2":0.000506322947331,"max":0.525831818581,"mean":0.142357572913,"median":0.125660672784,"min":0.041516058147,"var":0.00460349954665},"barkbands_kurtosis":{"dmean":1.67675507069,"dmean2":2.53587436676,"dvar":5.61390638351,"dvar2":12.369556427,"max":44.2906570435,"mean":3.57237434387,"median":1.19089365005,"min":-1.85711407661,"var":48.6121292114},"barkbands_skewness":{"dmean":0.403592377901,"dmean2":0.584165990353,"dvar":0.208068877459,"dvar2":0.417977422476,"max":5.72458124161,"mean":0.801024973392,"median":1.03076314926,"min":-6.55336761475,"var":3.21282744408},"barkbands_spread":{"dmean":3.95542502403,"dmean2":6.00405836105,"dvar":24.0180130005,"dvar2":55.8288993835,"max":90.6920776367,"mean":21.4562950134,"median":20.6422138214,"min":1.0737169981,"var":89.1386795044},"dissonance":{"dmean":0.0143676949665,"dmean2":0.023681005463,"dvar":0.000312892283546,"dvar2":0.000835199491121,"max":0.5,"mean":0.464311003685,"median":0.472781151533,"min":0.123457483947,"var":0.00117086188402},"dynamic_complexity":4.07659816742,"erbbands":{"dmean":[0.0247782859951,0.289305388927,1.21125149727,3.06147360802,5.66739273071,4.41853427887,4.66637086868,6.06730079651,6.66531801224,8.97047138214,6.68523263931,7.75853204727,6.51173400879,8.01331615448,8.22057342529,6.2029042244,5.90366840363,4.90109205246,16.914484024,22.8235664368,20.0876808167,12.9292879105,12.7091703415,7.9456038475,4.58435106277,2.6347091198,1.65193736553,0.677811384201,0.66414386034,0.407453924417,0.240177541971,0.199836432934,0.182777881622,0.158871114254,0.143078148365,0.0980469509959,0.0616654157639,0.0282088890672,0.00266877934337,0.000123278514366],"dmean2":[0.0411750823259,0.522002220154,2.20873522758,4.97171163559,8.99711322784,6.66870260239,7.67551136017,10.149641037,11.0994825363,14.5955457687,10.5771665573,11.9184808731,10.0872688293,11.6675138474,12.3331384659,9.46114253998,8.87635326385,7.68756341934,24.589214325,32.4081993103,29.8290290833,19.2000637054,18.6742362976,11.7558774948,6.93115901947,3.94281792641,2.44557523727,1.0154415369,0.984980642796,0.612167418003,0.372152209282,0.312623620033,0.285861253738,0.250083625317,0.229253828526,0.160819351673,0.106139227748,0.0493512675166,0.00464273896068,0.000211252088775],"dvar":[0.007386256475,1.28292191029,24.4730300903,71.9362945557,158.00088501,144.181472778,152.982940674,227.117935181,494.381164551,613.283630371,199.626068115,272.27456665,265.935058594,303.249298096,633.421813965,322.234100342,206.528366089,110.482284546,1338.28393555,4610.29541016,1711.02661133,524.714538574,973.209350586,795.822509766,58.2080917358,27.0391941071,28.0150165558,2.51421308517,2.52339076996,0.654599487782,0.181770503521,0.125889226794,0.113174274564,0.082124941051,0.0947802364826,0.068751744926,0.0283452700824,0.00561794638634,0.0000495314816362,1.05141339191e-7],"dvar2":[0.0187996476889,3.61316776276,70.7241821289,185.242477417,362.279602051,243.362457275,410.746337891,634.746276855,1385.59094238,1732.75,525.985656738,677.882141113,594.65612793,731.858398438,1430.49755859,781.65612793,484.074188232,286.177032471,2799.82519531,9510.82519531,3783.63305664,1207.75305176,2179.6652832,1826.26257324,133.117904663,56.2416191101,62.4517250061,5.38179063797,5.17235040665,1.41453576088,0.423628807068,0.290774941444,0.271701753139,0.194816857576,0.244420513511,0.186363458633,0.0783627033234,0.0153490817174,0.000135138601763,2.85235074671e-7],"max":[1.09816157818,11.9553995132,78.6911468506,159.613632202,183.875900269,433.985412598,206.124816895,284.67590332,433.42666626,502.61706543,206.936065674,258.289489746,507.720367432,596.796936035,821.192138672,412.013885498,549.473327637,167.560821533,1442.50061035,2399.21850586,1334.56298828,474.013671875,817.662658691,1173.51281738,307.95501709,126.310806274,179.461257935,31.1253509521,29.5776176453,10.3362798691,6.31332111359,5.16415452957,5.53551006317,2.88690805435,3.85483527184,6.28370285034,2.89742159843,0.90358620882,0.0845996513963,0.00453957496211],"mean":[0.0256717000157,0.267575144768,1.60296416283,6.35769128799,15.6991291046,15.6269578934,10.0931310654,11.4970445633,12.914812088,18.4577102661,16.1562461853,17.3209552765,15.4429235458,20.1085624695,17.9303321838,11.7910633087,12.1551914215,9.50907421112,39.2274398804,52.6777267456,47.1905441284,29.0239086151,28.4886703491,16.7624416351,10.3356342316,6.3832449913,3.12376523018,1.21789741516,1.12350130081,0.772371351719,0.491818457842,0.434691011906,0.406624466181,0.343005210161,0.252087295055,0.143907502294,0.0781939923763,0.0343185514212,0.00326649099588,0.000166909507243],"median":[0.000802229740657,0.0120515106246,0.290814042091,1.99480295181,6.33442163467,4.90336322784,5.21547365189,7.20391988754,5.98755216599,8.44002246857,7.92080593109,8.13790893555,5.83492040634,10.4213781357,5.69252061844,3.29271769524,3.94221043587,4.71133041382,12.9577112198,15.2189331055,23.983549118,16.1324234009,11.0807914734,8.58696651459,7.59787988663,2.92071032524,0.92881166935,0.471153587103,0.376204401255,0.38935354352,0.3365277946,0.297281831503,0.285678118467,0.252602517605,0.158498898149,0.0827478095889,0.044151224196,0.019890230149,0.00187350308988,0.0000987796811387],"min":[3.91183848223e-23,4.26758704569e-22,7.30674979236e-22,4.5570959182e-21,1.44038607963e-20,1.65795380622e-20,3.89195457543e-20,8.59514262592e-20,1.42708779419e-19,1.93278711736e-19,1.92764476814e-19,3.86416078986e-19,6.86777663715e-19,8.73436345612e-19,6.71959860415e-19,1.41604656152e-18,1.70429398278e-18,1.57303334427e-18,2.54952719182e-18,3.02756727552e-18,3.71576768989e-18,4.20347792855e-18,6.68959738372e-18,6.00516332947e-18,7.67979544267e-18,7.85248014889e-18,8.49820876791e-18,1.14406002218e-17,1.05065007248e-17,1.19409220696e-17,1.1976637247e-17,1.07662966485e-17,9.07565114582e-18,8.37557593338e-18,6.6297252238e-18,3.91580270947e-18,2.08458778786e-18,9.90890305728e-19,2.40907926504e-19,2.7510385737e-20],"var":[0.00709644518793,0.8605915308,19.2774085999,109.866271973,600.360168457,1172.17663574,235.764572144,244.053192139,482.835296631,841.45098877,475.361602783,697.126831055,1529.75354004,941.89855957,1671.78649902,834.277038574,736.3984375,189.666625977,7607.27539062,17144.9179688,6252.86376953,1481.42871094,3140.99707031,1724.8404541,133.572235107,106.018951416,55.630355835,5.29080200195,5.7932972908,1.31153380871,0.263062119484,0.196524098516,0.162050515413,0.110847771168,0.0975318774581,0.0539750568569,0.0200009923428,0.00408557849005,0.0000362996215699,7.8917572921e-8]},"erbbands_crest":{"dmean":1.90916323662,"dmean2":2.95331788063,"dvar":4.24464130402,"dvar2":10.2515201569,"max":29.6796207428,"mean":9.00013637543,"median":7.74041795731,"min":2.47913074493,"var":18.8553676605},"erbbands_flatness_db":{"dmean":0.0140645848587,"dmean2":0.0201697945595,"dvar":0.000302213535178,"dvar2":0.000624428037554,"max":0.54100972414,"mean":0.164314702153,"median":0.152037963271,"min":0.0466483458877,"var":0.00331761990674},"erbbands_kurtosis":{"dmean":0.701306700706,"dmean2":1.08739054203,"dvar":1.18470203876,"dvar2":2.81244325638,"max":21.6803512573,"mean":0.453429013491,"median":-0.198661088943,"min":-1.73586452007,"var":4.35549926758},"erbbands_skewness":{"dmean":0.289582639933,"dmean2":0.421852111816,"dvar":0.0975085571408,"dvar2":0.20974829793,"max":3.67482113838,"mean":-0.2350448668,"median":-0.194531589746,"min":-3.79702711105,"var":0.707895517349},"erbbands_spread":{"dmean":5.13075351715,"dmean2":7.58263397217,"dvar":34.1698760986,"dvar2":75.7329025269,"max":113.593994141,"mean":33.9525146484,"median":34.1455383301,"min":1.71773183346,"var":190.513641357},"gfcc":{"cov":[[61921.9921875,6676.74414062,-5190.42285156,1540.53234863,-1858.4967041,-1203.54187012,-2653.74658203,660.919250488,-2100.20898438,21.4024066925,-1733.04882812,-393.603057861,-518.545166016],[6676.74414062,3497.52026367,-769.281494141,445.007598877,-51.6297874451,-133.605194092,-271.83505249,86.7984619141,-144.976318359,-253.419723511,-95.5684127808,-295.38848877,40.0140609741],[-5190.42285156,-769.281494141,1775.1640625,90.1440505981,372.284484863,274.749725342,165.725463867,4.69114685059,109.741889954,27.0594100952,80.5450439453,125.797973633,-25.3282852173],[1540.53234863,445.007598877,90.1440505981,779.796264648,26.9323348999,94.8681411743,-115.941436768,78.7837142944,35.1186904907,-37.379699707,-4.25195074081,-89.4487228394,62.7595405579],[-1858.4967041,-51.6297874451,372.284484863,26.9323348999,368.917663574,89.0395507812,116.167488098,41.3699684143,91.3076400757,-2.57993721962,27.9258975983,21.4320602417,-0.241248562932],[-1203.54187012,-133.605194092,274.749725342,94.8681411743,89.0395507812,253.146591187,105.863800049,63.8000106812,58.3928527832,-4.3760342598,84.9222869873,1.7028440237,21.7212352753],[-2653.74658203,-271.83505249,165.725463867,-115.941436768,116.167488098,105.863800049,297.676116943,-19.6452388763,93.37134552,30.1082611084,81.8204574585,48.6214332581,7.00523042679],[660.919250488,86.7984619141,4.69114685059,78.7837142944,41.3699684143,63.8000106812,-19.6452388763,159.498046875,22.4476661682,4.94086170197,24.550535202,-0.148174628615,6.09636354446],[-2100.20898438,-144.976318359,109.741889954,35.1186904907,91.3076400757,58.3928527832,93.37134552,22.4476661682,180.418746948,21.2798748016,69.9855194092,-7.2652759552,44.7879753113],[21.4024066925,-253.419723511,27.0594100952,-37.379699707,-2.57993721962,-4.3760342598,30.1082611084,4.94086170197,21.2798748016,110.404777527,4.2801232338,35.6784324646,-5.40907287598],[-1733.04882812,-95.5684127808,80.5450439453,-4.25195074081,27.9258975983,84.9222869873,81.8204574585,24.550535202,69.9855194092,4.2801232338,148.987854004,21.8880271912,33.6841812134],[-393.603057861,-295.38848877,125.797973633,-89.4487228394,21.4320602417,1.7028440237,48.6214332581,-0.148174628615,-7.2652759552,35.6784324646,21.8880271912,110.9400177,1.25801503658],[-518.545166016,40.0140609741,-25.3282852173,62.7595405579,-0.241248562932,21.7212352753,7.00523042679,6.09636354446,44.7879753113,-5.40907287598,33.6841812134,1.25801503658,78.7470092773]],"icov":[[0.00018450099742,-0.000258165382547,0.000391928537283,-0.00028207336436,0.000208123135963,-0.000532078673132,0.000749014085159,-0.000571163778659,0.000890193972737,-0.000882450607605,0.00129821151495,-0.000987872015685,0.000715519010555],[-0.000258165382547,0.000863053370267,-0.000438749731984,0.000234317456488,-0.000526812917087,0.0011201602174,-0.001143718604,0.000438438000856,-0.000666419509798,0.00190186873078,-0.00196856399998,0.00240380899049,-0.00139588757884],[0.000391928537283,-0.000438749731984,0.00185207393952,-0.000806480355095,-0.000365923304344,-0.00216431100853,0.00201741978526,-0.000521783251315,0.00153965956997,-0.00167040736414,0.00280182342976,-0.00325055490248,0.00236203568056],[-0.00028207336436,0.000234317456488,-0.000806480355095,0.00230879173614,-0.000328766414896,0.000034112661524,-0.000332080177031,0.000485078169731,-0.00158476375509,0.00107160164043,-0.00157592538744,0.00249902158976,-0.00248524686322],[0.000208123135963,-0.000526812917087,-0.000365923304344,-0.000328766414896,0.00467007700354,-0.00056375481654,-0.000460803537862,-0.00177285389509,-0.000844263820909,-0.000294767145533,0.00257362099364,-0.00169384782203,0.00151667103637],[-0.000532078673132,0.0011201602174,-0.00216431100853,0.000034112661524,-0.00056375481654,0.00973961595446,-0.00503322156146,-0.00157519115601,-0.000800667505246,0.0033475512173,-0.00651409337297,0.00593597535044,-0.00353787466884],[0.000749014085159,-0.001143718604,0.00201741978526,-0.000332080177031,-0.000460803537862,-0.00503322156146,0.0096353199333,0.000122090918012,0.00106936669908,-0.00430069863796,0.00409060204402,-0.00640337867662,0.00439617363736],[-0.000571163778659,0.000438438000856,-0.000521783251315,0.000485078169731,-0.00177285389509,-0.00157519115601,0.000122090918012,0.0105682099238,-0.00430243182927,0.00160289183259,-0.00466591445729,0.000578794511966,-0.000394502130803],[0.000890193972737,-0.000666419509798,0.00153965956997,-0.00158476375509,-0.000844263820909,-0.000800667505246,0.00106936669908,-0.00430243182927,0.0154763991013,-0.00612222030759,0.00311047537252,0.000454335327959,-0.00214565265924],[-0.000882450607605,0.00190186873078,-0.00167040736414,0.00107160164043,-0.000294767145533,0.0033475512173,-0.00430069863796,0.00160289183259,-0.00612222030759,0.0162233486772,-0.00530274072662,0.0020342967473,-0.00200220709667],[0.00129821151495,-0.00196856399998,0.00280182342976,-0.00157592538744,0.00257362099364,-0.00651409337297,0.00409060204402,-0.00466591445729,0.00311047537252,-0.00530274072662,0.020156558603,-0.00938015151769,0.0029026393313],[-0.000987872015685,0.00240380899049,-0.00325055490248,0.00249902158976,-0.00169384782203,0.00593597535044,-0.00640337867662,0.000578794511966,0.000454335327959,0.0020342967473,-0.00938015151769,0.0219742264599,-0.00833877921104],[0.000715519010555,-0.00139588757884,0.00236203568056,-0.00248524686322,0.00151667103637,-0.00353787466884,0.00439617363736,-0.000394502130803,-0.00214565265924,-0.00200220709667,0.0029026393313,-0.00833877921104,0.0214546769857]],"mean":[-76.6684265137,60.7418212891,-113.167549133,0.749953448772,-40.968585968,-14.5255374908,-50.833770752,7.38826799393,-26.4678173065,-9.12020015717,-22.5342712402,-4.5417304039,-12.0687866211]},"hfc":{"dmean":4.47320747375,"dmean2":6.55505371094,"dvar":56.9105529785,"dvar2":133.374893188,"max":122.803871155,"mean":15.6913518906,"median":12.1046333313,"min":1.07258346125e-16,"var":201.647033691},"melbands":{"dmean":[0.000265419133939,0.00055096874712,0.000639323028736,0.000339380145306,0.000169096660102,0.000131985289045,0.00010518473573,0.0000957898737397,0.0000545253060409,0.0000480504677398,0.0000329532740579,0.0000344448817486,0.000027343923648,0.0000186350716831,0.0000137948027259,0.0000109278225864,0.0000100152865343,0.000025317478503,0.0000304025252262,0.0000410324064433,0.0000225145322474,0.0000161707775987,0.0000146375896293,0.00000946514683164,0.00000689466105541,0.00000419049683842,0.00000255299778473,0.00000177502886345,0.00000120134370718,7.04388241957e-7,3.68004720031e-7,4.15964649392e-7,3.13637229965e-7,2.13761381929e-7,1.3933622256e-7,1.36266308459e-7,1.28692505541e-7,1.27906474745e-7,1.44700862847e-7,1.36044121746e-7],"dmean2":[0.000454655266367,0.00100631883834,0.00102015014272,0.000524947652593,0.000271394645097,0.000221054375288,0.000176323679625,0.000153715489432,0.0000873799726833,0.0000730502142687,0.0000512506230734,0.0000502719412907,0.0000404312013416,0.0000291450014629,0.0000210896141652,0.0000166302779689,0.0000156781698024,0.0000373125330952,0.0000417743394792,0.0000608686204941,0.0000339220678143,0.0000247022253461,0.0000218440854951,0.0000140729380291,0.0000103856064015,0.00000634035995972,0.00000398265683543,0.00000267244195129,0.00000179440144166,0.00000107051118903,5.68012694657e-7,6.25525046871e-7,4.78684683003e-7,3.30442702534e-7,2.19581025362e-7,2.18276085207e-7,2.05556418109e-7,2.05222391969e-7,2.28995716611e-7,2.1775656478e-7],"dvar":[9.46236411892e-7,0.00000490145339427,0.00000252655331678,5.9603939917e-7,1.5905183659e-7,1.10551511057e-7,1.20339805676e-7,5.97524518753e-8,1.49645398295e-8,1.05069766221e-8,6.74559164082e-9,5.72244385211e-9,6.27403862197e-9,3.19691562112e-9,1.39148226275e-9,7.00695279576e-10,4.87742846111e-10,2.94358870612e-9,8.32083824065e-9,1.35014879277e-8,2.05868411207e-9,9.39248789855e-10,9.76233871519e-10,6.65164923142e-10,6.46369291424e-10,8.10282535513e-11,1.87947990504e-11,1.544475485e-11,1.37796727154e-11,5.10593130276e-12,6.59455292023e-13,1.12326283257e-12,4.59519195698e-13,1.49641854897e-13,5.89645452148e-14,6.2863078729e-14,4.78020096108e-14,5.1931894928e-14,6.66206117507e-14,5.87629107158e-14],"dvar2":[0.00000253802227235,0.0000140722868309,0.00000621127310296,0.00000116596834232,4.15603437887e-7,3.09997346903e-7,3.37333403877e-7,1.66620324649e-7,3.98568893445e-8,2.54442262815e-8,1.5276933496e-8,1.3980341329e-8,1.34317144074e-8,7.71370523012e-9,3.38077121853e-9,1.70022096402e-9,1.24630794573e-9,6.29366248006e-9,1.61398734377e-8,3.02554212794e-8,4.69435024186e-9,2.28555929738e-9,2.17703854943e-9,1.44494372023e-9,1.49666201654e-9,1.80937223537e-10,4.67449585984e-11,3.20994862635e-11,2.91723381562e-11,1.23106125988e-11,1.48326186403e-12,2.37367439072e-12,9.85389829629e-13,3.35719218267e-13,1.38029114505e-13,1.51683814164e-13,1.10072941159e-13,1.25568148544e-13,1.60015826544e-13,1.40401525042e-13],"max":[0.0120955472812,0.0301787555218,0.0232061352581,0.0194643307477,0.00585510581732,0.00625307811424,0.00627966923639,0.00459753442556,0.00159255845938,0.00178423128091,0.0025059171021,0.00227338145487,0.0024705955293,0.00124478235375,0.00094007642474,0.000840447319206,0.000369969871826,0.00177021557465,0.00336252246052,0.00370936770923,0.00119794590864,0.000710215128493,0.000837658066303,0.000730843283236,0.00106898183003,0.000505517120473,0.000115692360851,0.000108678243123,0.000114689479233,0.0000694487607689,0.0000160932377185,0.0000204808147828,0.0000100742918221,0.00000476093873658,0.00000332995705321,0.00000462950629299,0.00000281317625195,0.00000366784479411,0.00000379776156478,0.0000025763499707],"mean":[0.000259945838479,0.00068279763218,0.00149047083687,0.00114098074846,0.000440683565103,0.00024841708364,0.000195796557819,0.000207769640838,0.000122302604723,0.000105365048512,0.0000751355182729,0.0000823007212603,0.0000592844189669,0.0000346590641129,0.000026284445994,0.0000217434535443,0.0000160638828675,0.000054293715948,0.0000684084297973,0.0000830146527733,0.0000497167566209,0.0000315954457619,0.0000296962280117,0.0000202914234251,0.0000129497948365,0.00000846831153467,0.00000563655976293,0.00000390647755921,0.00000217691217586,0.00000111229905997,5.88083366893e-7,6.53050847177e-7,5.34423008958e-7,4.00937210543e-7,2.77493001022e-7,2.53439225162e-7,2.70783061751e-7,2.6757646765e-7,3.05790621269e-7,2.78359635786e-7],"median":[0.0000068582030508,0.0000950737885432,0.000515649910085,0.000475517183077,0.000199436355615,0.000155068846652,0.0000905928827706,0.000100181910966,0.000056736607803,0.0000428371640737,0.000027631631383,0.0000408277192037,0.0000177825513674,0.00000948240722209,0.00000826407813292,0.00000647389015285,0.00000642940995021,0.000019060982595,0.0000127645353132,0.0000314775970764,0.0000245389601332,0.0000173704083863,0.0000117126346595,0.00000738688322599,0.0000064363725869,0.000005662512649,0.00000395136885345,0.00000131421120386,5.31268938175e-7,3.68074324797e-7,2.20515659066e-7,1.82664152248e-7,2.21701498049e-7,2.27396483865e-7,1.90736571426e-7,1.7066489022e-7,1.79430969638e-7,1.85907509831e-7,2.1874068068e-7,2.02912858072e-7],"min":[5.73735380924e-25,5.8802816002e-25,6.2353927601e-25,1.44590709748e-24,1.25251271897e-24,1.87708663536e-24,2.49102394574e-24,1.7745037549e-24,1.5877243695e-24,2.23938816381e-24,2.69387400549e-24,3.16487484744e-24,2.35952655208e-24,2.97535831192e-24,1.76666622459e-24,3.30623221355e-24,2.47887233236e-24,2.86752812592e-24,3.6970715741e-24,4.06908654409e-24,2.99068016007e-24,3.88119092052e-24,4.45326022721e-24,5.41084822487e-24,3.59623582332e-24,5.41173648225e-24,4.72311376567e-24,4.92929242401e-24,5.04236892946e-24,5.47365378027e-24,6.09686296729e-24,5.357828489e-24,4.94110443278e-24,6.53625099732e-24,5.48491437526e-24,6.37635204728e-24,5.35195305298e-24,5.05603436692e-24,6.31183900245e-24,6.62629828636e-24],"var":[7.69571727233e-7,0.00000376079651687,0.00000516228692504,0.00000363485742128,4.23153124984e-7,1.15978231463e-7,1.19327950188e-7,9.84097638934e-8,2.98586613212e-8,2.90318418195e-8,3.66979904243e-8,1.61576227953e-8,1.81767294549e-8,7.53219087102e-9,3.13546055786e-9,2.52672305301e-9,7.80987940985e-10,1.3332251747e-8,3.77914055605e-8,3.55661704532e-8,7.69792674049e-9,2.00491601099e-9,2.856437753e-9,2.17630669042e-9,1.32712052459e-9,1.64451091633e-10,4.22179444182e-11,5.71528137316e-11,3.25738325202e-11,7.65730274327e-12,1.26443354485e-12,2.45240611672e-12,9.46500798744e-13,2.7209809926e-13,8.52527277289e-14,7.82427575963e-14,7.94899831179e-14,7.32242635667e-14,9.14978745439e-14,7.72047627651e-14]},"melbands_crest":{"dmean":2.14963579178,"dmean2":3.37250852585,"dvar":6.44663572311,"dvar2":14.2822341919,"max":33.0358810425,"mean":13.3499412537,"median":12.087647438,"min":1.49832892418,"var":33.7611579895},"melbands_flatness_db":{"dmean":0.0165995769203,"dmean2":0.0241847485304,"dvar":0.000406176783144,"dvar2":0.000813116319478,"max":0.714218318462,"mean":0.186226457357,"median":0.185926988721,"min":0.00329812173732,"var":0.00580546446145},"melbands_kurtosis":{"dmean":2.89865708351,"dmean2":4.27493858337,"dvar":25.1206302643,"dvar2":54.0195655823,"max":95.4395294189,"mean":6.56119394302,"median":3.42170333862,"min":-1.86893212795,"var":93.5799331665},"melbands_skewness":{"dmean":0.460279077291,"dmean2":0.666087210178,"dvar":0.312721401453,"dvar2":0.648315668106,"max":8.73738574982,"mean":1.94527590275,"median":1.82380735874,"min":-1.9644548893,"var":1.97363388538},"melbands_spread":{"dmean":6.57312250137,"dmean2":9.89259338379,"dvar":92.0945358276,"dvar2":192.193283081,"max":254.298919678,"mean":38.9768714905,"median":24.1954097748,"min":2.50067067146,"var":2179.44848633},"mfcc":{"cov":[[18571.84375,4047.50585938,-797.934936523,1021.82250977,881.86328125,-561.383972168,-172.985137939,87.0171966553,8.78174495697,-51.7385559082,-364.395050049,-366.766662598,-37.3154983521],[4047.50585938,2002.99353027,11.4321432114,252.869018555,365.556030273,-149.147491455,28.993927002,114.692756653,11.0402488708,19.0243797302,-135.47833252,-88.7643127441,-9.41635417938],[-797.934936523,11.4321432114,740.813232422,214.221237183,111.866172791,163.333389282,39.5743293762,42.2853050232,12.7164039612,-23.7326831818,19.4607410431,46.8042907715,-12.4490633011],[1021.82250977,252.869018555,214.221237183,506.838745117,254.215652466,56.1044158936,-7.31811666489,35.4079246521,64.3840637207,18.3835811615,-22.3873176575,-8.5442237854,2.72149467468],[881.86328125,365.556030273,111.866172791,254.215652466,348.182739258,3.95316267014,7.80274915695,70.1007385254,45.4017715454,58.1878929138,-29.356803894,-9.73465156555,13.247168541],[-561.383972168,-149.147491455,163.333389282,56.1044158936,3.95316267014,192.977218628,75.3225326538,19.901008606,42.3965148926,9.71052837372,43.1662139893,26.1039447784,-10.8020839691],[-172.985137939,28.993927002,39.5743293762,-7.31811666489,7.80274915695,75.3225326538,154.000976562,84.6624526978,8.80729579926,19.5488529205,32.8775482178,38.9359169006,12.2133703232],[87.0171966553,114.692756653,42.2853050232,35.4079246521,70.1007385254,19.901008606,84.6624526978,132.129470825,36.5705566406,13.8249826431,23.7975406647,33.6321220398,20.0865764618],[8.78174495697,11.0402488708,12.7164039612,64.3840637207,45.4017715454,42.3965148926,8.80729579926,36.5705566406,103.209144592,53.6213951111,14.5527248383,12.1553840637,3.26897907257],[-51.7385559082,19.0243797302,-23.7326831818,18.3835811615,58.1878929138,9.71052837372,19.5488529205,13.8249826431,53.6213951111,102.529655457,29.9076557159,10.544210434,11.0581626892],[-364.395050049,-135.47833252,19.4607410431,-22.3873176575,-29.356803894,43.1662139893,32.8775482178,23.7975406647,14.5527248383,29.9076557159,93.8490600586,53.8914489746,-1.88247561455],[-366.766662598,-88.7643127441,46.8042907715,-8.5442237854,-9.73465156555,26.1039447784,38.9359169006,33.6321220398,12.1553840637,10.544210434,53.8914489746,99.8802642822,28.3055324554],[-37.3154983521,-9.41635417938,-12.4490633011,2.72149467468,13.247168541,-10.8020839691,12.2133703232,20.0865764618,3.26897907257,11.0581626892,-1.88247561455,28.3055324554,67.4911727905]],"icov":[[0.000132065688376,-0.000233648504945,0.000187168858247,-0.00022916799935,-0.0000638788187644,0.000143503653817,-0.0000523319613421,0.00015424209414,-0.0000995721638901,0.00031095527811,-0.0002347665868,0.000217924927711,-0.0000608150076005],[-0.000233648504945,0.00117723771837,-0.000371849077055,0.000317582249409,-0.000504925148562,0.000523000606336,-0.000488910998683,-0.00055008433992,0.0000768722020439,-0.000474186381325,0.00107048661448,-0.000109945380245,0.000538612017408],[0.000187168858247,-0.000371849077055,0.00237387092784,-0.000987441046163,-0.000146736900206,-0.00211508967914,0.00124121084809,-0.00104692799505,0.00148993858602,0.000159761460964,0.000624798121862,-0.00117136305198,0.000716892303899],[-0.00022916799935,0.000317582249409,-0.000987441046163,0.00429377704859,-0.00288317212835,-0.000181182418601,-0.000489952682983,0.00158448365983,-0.00272344076075,0.00202247826383,-0.000705114041921,0.000380678422516,-0.000662458594888],[-0.0000638788187644,-0.000504925148562,-0.000146736900206,-0.00288317212835,0.00773211242631,-0.00187558028847,0.00368339428678,-0.00584076577798,0.00413978891447,-0.0069260597229,0.00421103602275,-0.00137686496601,0.000866540125571],[0.000143503653817,0.000523000606336,-0.00211508967914,-0.000181182418601,-0.00187558028847,0.013591771014,-0.0100016426295,0.0077095637098,-0.00921490509063,0.00647911382839,-0.00619352515787,0.00342694739811,-0.000396822666517],[-0.0000523319613421,-0.000488910998683,0.00124121084809,-0.000489952682983,0.00368339428678,-0.0100016426295,0.019506778568,-0.0148627702147,0.010927869007,-0.00943837687373,0.00543382298201,-0.00466558849439,0.00184666295536],[0.00015424209414,-0.00055008433992,-0.00104692799505,0.00158448365983,-0.00584076577798,0.0077095637098,-0.0148627702147,0.0235028527677,-0.0135105904192,0.0118442634121,-0.00900229159743,0.00261265435256,-0.00480645196512],[-0.0000995721638901,0.0000768722020439,0.00148993858602,-0.00272344076075,0.00413978891447,-0.00921490509063,0.010927869007,-0.0135105904192,0.0247432291508,-0.0161822810769,0.00809728913009,-0.00488255405799,0.00382287963293],[0.00031095527811,-0.000474186381325,0.000159761460964,0.00202247826383,-0.0069260597229,0.00647911382839,-0.00943837687373,0.0118442634121,-0.0161822810769,0.0254582203925,-0.0130875278264,0.00609276909381,-0.0056747016497],[-0.0002347665868,0.00107048661448,0.000624798121862,-0.000705114041921,0.00421103602275,-0.00619352515787,0.00543382298201,-0.00900229159743,0.00809728913009,-0.0130875278264,0.0263410490006,-0.013453557156,0.0081705506891],[0.000217924927711,-0.000109945380245,-0.00117136305198,0.000380678422516,-0.00137686496601,0.00342694739811,-0.00466558849439,0.00261265435256,-0.00488255405799,0.00609276909381,-0.013453557156,0.0210206583142,-0.00919381715357],[-0.0000608150076005,0.000538612017408,0.000716892303899,-0.000662458594888,0.000866540125571,-0.000396822666517,0.00184666295536,-0.00480645196512,0.00382287963293,-0.0056747016497,0.0081705506891,-0.00919381715357,0.0207082927227]],"mean":[-697.874206543,111.592567444,-19.886724472,13.7992563248,12.7548408508,-20.9752979279,-11.7381458282,-3.55313205719,-3.83918190002,-4.61500072479,-11.7586698532,-12.0328941345,-1.38206410408]},"pitch_salience":{"dmean":0.0495189316571,"dmean2":0.0775191560388,"dvar":0.00280701182783,"dvar2":0.00667960708961,"max":0.990893959999,"mean":0.589916110039,"median":0.595071136951,"min":0.151420414448,"var":0.0127006694674},"silence_rate_20dB":{"dmean":0,"dmean2":0,"dvar":0,"dvar2":0,"max":1,"mean":1,"median":1,"min":1,"var":0},"silence_rate_30dB":{"dmean":0.00300751882605,"dmean2":0.00601594243199,"dvar":0.00299868430011,"dvar2":0.00778361503035,"max":1,"mean":0.99789506197,"median":1,"min":0,"var":0.00210068305023},"silence_rate_60dB":{"dmean":0.0231578946114,"dmean2":0.0463227555156,"dvar":0.0226199198514,"dvar2":0.0474878810346,"max":1,"mean":0.183280706406,"median":0,"min":0,"var":0.149682506919},"spectral_centroid":{"dmean":199.121887207,"dmean2":290.299560547,"dvar":69505.21875,"dvar2":137013.765625,"max":11634.9970703,"mean":1704.69824219,"median":1402.4822998,"min":255.467727661,"var":1812119.375},"spectral_complexity":{"dmean":2.9209022522,"dmean2":4.271920681,"dvar":12.7406187057,"dvar2":24.5155735016,"max":47,"mean":16.8304023743,"median":17,"min":0,"var":82.7248077393},"spectral_contrast_coeffs":{"dmean":[0.0419380627573,0.0393726266921,0.0340916141868,0.0321917384863,0.0224084630609,0.0157064329833],"dmean2":[0.0657297894359,0.0637264922261,0.0531836152077,0.0491276457906,0.0350174829364,0.024247393012],"dvar":[0.00160538870841,0.00127477350179,0.00095468229847,0.000885274086613,0.00038736051647,0.000356238451786],"dvar2":[0.00345537159592,0.00324963498861,0.00215114466846,0.0019449503161,0.000886703375727,0.000670973269735],"max":[-0.182640045881,-0.423784404993,-0.460274666548,-0.472405552864,-0.576723098755,-0.58164948225],"mean":[-0.55839651823,-0.717630922794,-0.751065552235,-0.724116444588,-0.753572046757,-0.813749790192],"median":[-0.543642282486,-0.712177634239,-0.753282427788,-0.71925008297,-0.746080040932,-0.818408548832],"min":[-0.998896956444,-0.998497128487,-0.99834471941,-0.995620012283,-0.966307103634,-0.96587318182],"var":[0.0190195199102,0.00798419956118,0.00778625532985,0.00837399996817,0.00431812275201,0.00260265381075]},"spectral_contrast_valleys":{"dmean":[0.477776020765,0.3853110075,0.364621281624,0.333744615316,0.267435669899,0.203916653991],"dmean2":[0.72882860899,0.61076939106,0.562063157558,0.48875144124,0.378808736801,0.299932748079],"dvar":[0.261091828346,0.172124370933,0.150011613965,0.128417983651,0.0912321135402,0.090481005609],"dvar2":[0.519984126091,0.392851501703,0.338646113873,0.259776622057,0.161435127258,0.184547826648],"max":[-5.21463632584,-4.41893672943,-5.48100328445,-5.66999721527,-5.90263986588,-8.90489292145],"mean":[-9.28939914703,-7.79751682281,-8.38095664978,-8.76155567169,-8.50992393494,-10.9768648148],"median":[-8.80306148529,-7.02675819397,-7.69538593292,-8.12434959412,-7.81551980972,-10.3540182114],"min":[-28.1547470093,-27.9172382355,-27.849697113,-27.7564258575,-27.5993556976,-27.3864517212],"var":[9.53119659424,8.91040992737,7.81409454346,7.44342327118,7.93773508072,5.89915275574]},"spectral_decrease":{"dmean":1.59530566535e-9,"dmean2":2.50358178633e-9,"dvar":1.33750307402e-17,"dvar2":3.44078745983e-17,"max":1.66145135844e-11,"mean":-4.89938623005e-9,"median":-3.29417981781e-9,"min":-4.26782911234e-8,"var":2.55736601025e-17},"spectral_energy":{"dmean":0.00636063935235,"dmean2":0.00992299523205,"dvar":0.000203977469937,"dvar2":0.000522865331732,"max":0.165289059281,"mean":0.0199146792293,"median":0.0137037392706,"min":9.9692170932e-21,"var":0.000403785437811},"spectral_energyband_high":{"dmean":0.000134127447382,"dmean2":0.00020045824931,"dvar":6.53460503486e-8,"dvar2":1.56856302169e-7,"max":0.0042518414557,"mean":0.000274934252957,"median":0.000157019458129,"min":7.11504896884e-21,"var":1.14851886224e-7},"spectral_energyband_low":{"dmean":0.00269202562049,"dmean2":0.00462183030322,"dvar":0.0000890458468348,"dvar2":0.000246056297328,"max":0.143947273493,"mean":0.00392632186413,"median":0.000828369928058,"min":1.48479667793e-23,"var":0.0000839127460495},"spectral_energyband_middle_high":{"dmean":0.00141437642742,"dmean2":0.00203274539672,"dvar":0.00000539679649592,"dvar2":0.0000117461841,"max":0.0532440207899,"mean":0.00498598022386,"median":0.00339348893613,"min":1.17283992271e-21,"var":0.0000284582474706},"spectral_energyband_middle_low":{"dmean":0.00362655869685,"dmean2":0.00569204753265,"dvar":0.0000635876276647,"dvar2":0.000156635549502,"max":0.0894452035427,"mean":0.0118421204388,"median":0.00776841770858,"min":1.77785317152e-22,"var":0.00016526656691},"spectral_entropy":{"dmean":0.116746865213,"dmean2":0.16446518898,"dvar":0.0191385131329,"dvar2":0.0375637002289,"max":9.82916164398,"mean":7.4728975296,"median":7.39225149155,"min":4.69896936417,"var":0.418359398842},"spectral_flux":{"dmean":0.0207317192107,"dmean2":0.0302401874214,"dvar":0.00108247960452,"dvar2":0.00209608511068,"max":0.360132992268,"mean":0.0538843423128,"median":0.0395479947329,"min":6.36142249988e-11,"var":0.00246015470475},"spectral_kurtosis":{"dmean":1.94919300079,"dmean2":3.24115490913,"dvar":72.5022888184,"dvar2":187.761428833,"max":572.290283203,"mean":9.15074253082,"median":7.42686843872,"min":-1.25732827187,"var":578.857666016},"spectral_rms":{"dmean":0.000574503676035,"dmean2":0.00084738235455,"dvar":0.00000111799977276,"dvar2":0.00000262918069893,"max":0.0126987248659,"mean":0.0038087030407,"median":0.00365643296391,"min":3.11866418107e-12,"var":0.00000492290519105},"spectral_rolloff":{"dmean":382.480651855,"dmean2":621.519714355,"dvar":680989.875,"dvar2":1418351.5,"max":21791.6015625,"mean":3132.81933594,"median":1894.921875,"min":150.732421875,"var":24642568},"spectral_skewness":{"dmean":0.194781854749,"dmean2":0.307043910027,"dvar":0.137182578444,"dvar2":0.35420563817,"max":18.8527145386,"mean":2.04117679596,"median":2.07880783081,"min":-0.0643260404468,"var":1.0190757513},"spectral_spread":{"dmean":449042.9375,"dmean2":690596.625,"dvar":442796703744,"dvar2":980375044096,"max":42124852,"mean":5501540,"median":4284001,"min":229238.28125,"var":29088391626800},"spectral_strongpeak":{"dmean":0.425789177418,"dmean2":0.721710264683,"dvar":0.794129729271,"dvar2":1.817232728,"max":16.4107227325,"mean":1.00062119961,"median":0.616616904736,"min":0,"var":1.75712561607},"zerocrossingrate":{"dmean":0.00926170405,"dmean2":0.0108982408419,"dvar":0.000191090002772,"dvar2":0.000194552281755,"max":0.8349609375,"mean":0.116773590446,"median":0.06640625,"min":0.0107421875,"var":0.0281582381576}},"metadata":{"audio_properties":{"analysis_sample_rate":44100,"bit_rate":0,"codec":"flac","downmix":"mix","equal_loudness":0,"length":154.399993896,"lossless":true,"md5_encoded":"5d4aabcd3c35a5ae72534806d658d528","replay_gain":-12.6839809418},"tags":{"acoustid_id":["9e99812d-ef7b-427f-b09b-7b6eb645f63e"],"album":["Is This It"],"albumartist":["The Strokes"],"artist":["The Strokes"],"date":["2001"],"discnumber":["1"],"disctotal":["1"],"file_name":"01 - The Strokes - Is This It.flac","musicbrainz_albumartistid":["f181961b-20f7-459e-89de-920ef03c7ed0"],"musicbrainz_albumid":["eb88fcad-d3fe-3645-b036-bdab63c54bf5"],"musicbrainz_artistid":["f181961b-20f7-459e-89de-920ef03c7ed0"],"musicbrainz_recordingid":["824ec953-d221-4488-8c11-aff83ee7646e"],"musicbrainz_releasegroupid":["efea26d1-a016-30f6-b8e2-bc8c02336b0a"],"replaygain_album_gain":["-8.47 dB"],"replaygain_album_peak":["0.999084"],"replaygain_track_gain":["-6.60 dB"],"replaygain_track_peak":["0.999023"],"title":["Is This It"],"tracknumber":["1"],"tracktotal":["11"]},"version":{"essentia":"2.1-beta1","essentia_build_sha":"46c2b6830b139c2e69ed9f3e0d9145e1b8fbae31","essentia_git_sha":"v2.1_beta1-6-g5578087","extractor":"music 1.0"}},"rhythm":{"beats_count":247,"beats_loudness":{"dmean":0.0128243062645,"dmean2":0.0225940365344,"dvar":0.000108065716631,"dvar2":0.000325146538671,"max":0.0875871926546,"mean":0.0313257798553,"median":0.0322163291276,"min":0,"var":0.000308052869514},"beats_loudness_band_ratio":{"dmean":[0.197996199131,0.113051325083,0.0640514642,0.0644280090928,0.100728571415,0.0620780140162],"dmean2":[0.357117086649,0.202310994267,0.112118959427,0.11996152997,0.173606112599,0.115564651787],"dvar":[0.0332573018968,0.014442095533,0.00341299897991,0.00948506128043,0.00873573962599,0.0327113941312],"dvar2":[0.124889224768,0.0434046313167,0.0107029248029,0.0260641239583,0.0250636711717,0.101245962083],"max":[0.894939720631,0.765273869038,0.345536589622,0.77321177721,0.632856070995,0.983305990696],"mean":[0.42699444294