{"lowlevel":{"average_loudness":0.874162733555,"barkbands":{"dmean":[0.00000852726407174,0.00158543768339,0.00152345886454,0.00119447743054,0.00142637977842,0.000714495603461,0.0016042497009,0.00051826890558,0.000410896580433,0.000544967362657,0.000323061773088,0.000545424758457,0.000622444727924,0.000697502458934,0.000291537871817,0.000222695263801,0.000312184973154,0.000383079779567,0.000296168378554,0.000163545526448,0.0001672457729,0.0000926648717723,0.000061274957261,0.0000475837587146,0.0000748450183892,0.0000503543888044,0.0000184058062587],"dmean2":[0.0000134186784635,0.00275732926093,0.00277249189094,0.00206587207504,0.00238418648951,0.00123611919116,0.00250870664604,0.000841081084218,0.000647124659736,0.000848691386636,0.000507136574015,0.000873238430358,0.00100242742337,0.00112219748553,0.000484244752442,0.000372825568775,0.000511618272867,0.000625281652901,0.000488424673676,0.000274889665889,0.000280269741779,0.000146512131323,0.0000940862228163,0.0000691628883942,0.000103701022454,0.0000792671708041,0.000029266686397],"dvar":[2.43776387965e-10,0.0000147267028296,0.0000165183664649,0.00000434253342974,0.00000747022613723,0.00000260629849436,0.0000116522805911,0.00000202319256459,7.76214335474e-7,0.00000127193777644,0.00000135854577366,0.00000270242480838,0.00000305065941575,0.00000300051374325,2.08813020208e-7,8.84941826484e-8,1.59744814709e-7,3.80311377057e-7,1.49177182607e-7,6.53722693755e-8,8.46168290991e-8,3.73118567154e-8,1.83758270822e-8,2.06470982533e-8,1.15828441949e-7,7.82323983373e-9,1.07786701786e-9],"dvar2":[5.34580935074e-10,0.000040961735067,0.0000472658939543,0.0000121825278256,0.0000203822110052,0.00000715364421922,0.000027742176826,0.00000514745852342,0.00000197330109586,0.00000321982997775,0.00000323886547449,0.00000705116281097,0.00000785393331171,0.00000751279776523,5.36530819772e-7,2.28658748824e-7,4.20830360781e-7,0.00000101983948753,3.68902021819e-7,1.77603695306e-7,2.30309979088e-7,8.16894853983e-8,3.80286202528e-8,3.53321105706e-8,2.00285668939e-7,1.97355802811e-8,2.75252642901e-9],"max":[0.000295643898426,0.0414414815605,0.0315339006484,0.0215824153274,0.0241390541196,0.0213935840875,0.0514192804694,0.0410010814667,0.0222192648798,0.0257853642106,0.0247178710997,0.0304238200188,0.0344308130443,0.0441683866084,0.00798202492297,0.00431318674237,0.00627291668206,0.0140576316044,0.0112766548991,0.00336659769528,0.00423761550337,0.00822592433542,0.0055869021453,0.00720992311835,0.0186242368072,0.00177221896593,0.000390475936001],"mean":[0.0000309820716211,0.00228013843298,0.00139580876566,0.00155017897487,0.00220633577555,0.000962071004324,0.00265617785044,0.000747959071305,0.000788753095549,0.00100207480136,0.000452310021501,0.000852620403748,0.0010060633067,0.00110710388981,0.000493725354318,0.000423528748797,0.000673609785736,0.000831715587992,0.000701201730408,0.000360145291779,0.000369903165847,0.000212356608245,0.000136693095556,0.000119065938634,0.000167083489941,0.0000827265102998,0.0000260550041276],"median":[0.0000277295566775,0.00119819166139,0.000568909978028,0.000928195891902,0.00145370978862,0.000564374262467,0.000709462037776,0.000261535082245,0.00056290323846,0.000510700803716,0.000118268901133,0.000282670313027,0.000256727449596,0.000305478461087,0.000310667732265,0.00031967839459,0.000530596764293,0.000502257433254,0.000543670670595,0.000271951110335,0.000285200105282,0.000134628513479,0.0000687391438987,0.0000660624573356,0.0000774192812969,0.0000462220523332,0.0000123802637972],"min":[2.81291157901e-13,1.17760445492e-12,1.19337179028e-12,9.67641006384e-13,8.64635511626e-13,1.19619028224e-12,8.36254513987e-13,1.88380127469e-13,2.41181884577e-13,5.40299304862e-13,5.39999577172e-13,2.00468588669e-13,4.62765134372e-13,2.27968739806e-13,8.1074898314e-13,1.84048999999e-12,3.7646638194e-13,1.88804158939e-12,9.30769675743e-13,1.76086914689e-13,8.34266466673e-13,8.39432147924e-13,1.22784096258e-12,1.57780711239e-12,4.54492736848e-12,5.94451050884e-12,1.147681776e-11],"var":[3.29187316295e-10,0.0000113414889711,0.0000100169163488,0.00000369524423149,0.0000071329536695,0.00000213712564801,0.0000287365746772,0.00000291718288281,9.62566332419e-7,0.00000246333638643,0.00000207514631256,0.0000042734041017,0.00000623013420409,0.00000600496650804,3.51685258693e-7,1.4653329572e-7,3.37286166996e-7,9.28301403746e-7,4.3235976932e-7,1.05745179724e-7,1.15251232558e-7,8.00053285843e-8,4.49302071104e-8,7.98774948407e-8,6.31869113477e-7,1.36306272935e-8,1.21192045288e-9]},"barkbands_crest":{"dmean":1.94919848442,"dmean2":3.14216303825,"dvar":4.06213569641,"dvar2":10.4811201096,"max":26.337808609,"mean":7.37273406982,"median":6.51987934113,"min":2.16528463364,"var":12.6375207901},"barkbands_flatness_db":{"dmean":0.0139485169202,"dmean2":0.0209897607565,"dvar":0.000203370160307,"dvar2":0.000517375185154,"max":0.426112860441,"mean":0.0742943882942,"median":0.0667225122452,"min":0.0141686210409,"var":0.0020888983272},"barkbands_kurtosis":{"dmean":1.00849485397,"dmean2":1.61590409279,"dvar":4.17624759674,"dvar2":10.0867910385,"max":201.602325439,"mean":1.47055566311,"median":-0.279243469238,"min":-1.83477401733,"var":164.291793823},"barkbands_skewness":{"dmean":0.364496439695,"dmean2":0.577877879143,"dvar":0.15259359777,"dvar2":0.407601863146,"max":12.8501348495,"mean":0.867315709591,"median":0.752797424793,"min":-2.46557855606,"var":1.02687573433},"barkbands_spread":{"dmean":5.5949215889,"dmean2":8.53081130981,"dvar":33.4139175415,"dvar2":76.7777252197,"max":129.784744263,"mean":34.5920982361,"median":34.2381095886,"min":0.521898806095,"var":189.288635254},"dissonance":{"dmean":0.00949845183641,"dmean2":0.015904571861,"dvar":0.0000988301908365,"dvar2":0.000256384984823,"max":0.500000178814,"mean":0.479982346296,"median":0.484241217375,"min":0.253655582666,"var":0.00032952678157},"dynamic_complexity":3.23737716675,"erbbands":{"dmean":[0.0205154400319,0.446033298969,1.64022231102,2.94848251343,5.34040880203,4.52720880508,4.75681447983,5.9342622757,15.7411956787,21.5577144623,11.8503704071,9.2988243103,13.8696594238,17.1967163086,12.5727081299,25.1346855164,23.3041172028,40.4114456177,16.4259967804,12.7414560318,12.2120819092,17.1725139618,22.3209381104,14.4427318573,13.2137823105,7.1247587204,8.2726392746,5.46347332001,3.474421978,2.46152043343,1.60831832886,1.09106111526,0.795927405357,0.857126235962,0.551585435867,0.239958032966,0.0897821336985,0.0226919613779,0.00334101030603,0.000149222963955],"dmean2":[0.0344680659473,0.777268767357,2.9395647049,5.24907684326,9.01818180084,7.62764358521,7.96372699738,10.4233808517,24.5227146149,34.3989067078,19.0605449677,14.5391082764,21.2607688904,27.2597980499,19.4911289215,40.3139381409,37.3689079285,64.7293243408,27.0625839233,21.3628044128,20.1903953552,28.1576786041,36.5053634644,23.3801651001,21.7025661469,11.9245557785,14.0364742279,9.09562206268,5.60871696472,3.76663589478,2.49253034592,1.67036342621,1.13280117512,1.20713698864,0.779895186424,0.371683299541,0.14215439558,0.0359891057014,0.0053117708303,0.000236327396124],"dvar":[0.00246756803244,1.1672410965,17.7878513336,38.8802261353,112.818557739,68.6328811646,95.2398529053,183.269332886,1060.30859375,2278.18994141,1743.83886719,346.674957275,495.638885498,3117.57568359,1844.72167969,5909.03027344,3770.88867188,13372.8095703,607.826782227,477.877990723,230.236968994,476.952362061,1296.48449707,428.655548096,343.903015137,125.966545105,186.2056427,96.2069168091,47.1120300293,52.5440635681,11.783411026,7.35302591324,9.66596603394,21.0974712372,5.10641956329,0.243928104639,0.0228006802499,0.00155988754705,0.0000341427512467,7.40243208952e-8],"dvar2":[0.00655275536701,3.26916527748,50.5274391174,111.169433594,297.166168213,189.81098938,255.750686646,512.053039551,2493.36254883,5724.23388672,4440.23974609,890.922729492,1190.45239258,8008.62939453,4390.68847656,15788.4052734,9235.37207031,34373.5117188,1654.71643066,1222.16259766,591.242553711,1256.02722168,3579.40039062,1033.51477051,869.151428223,343.354370117,514.884887695,259.569091797,106.423484802,114.473320007,25.5683269501,15.7486629486,15.1370306015,36.6376457214,9.23036289215,0.575979411602,0.0571208223701,0.00391524331644,0.0000867280396051,1.90893970853e-7],"max":[0.523942768574,11.3104019165,33.2462120056,60.6275405884,103.375999451,118.888771057,211.993438721,201.009307861,490.206481934,973.082763672,1386.94067383,531.853942871,577.342834473,1543.42712402,951.483764648,1454.58776855,1335.19726562,2442.30737305,427.02633667,422.913299561,317.757263184,348.019958496,868.409851074,569.743164062,452.912261963,162.323562622,195.053482056,124.353149414,260.857818604,402.192749023,115.932823181,92.1145324707,171.852935791,280.218933105,119.226501465,17.4161987305,2.72089934349,0.645141303539,0.0591292753816,0.00231297803111],"mean":[0.0293833594769,0.632411003113,1.73433578014,3.54836916924,7.054063797,7.21661376953,7.08234262466,7.83256244659,25.6214485168,34.8572769165,18.2958602905,18.6617259979,28.6597747803,27.5978279114,21.6150970459,40.2317428589,40.8276596069,67.5926055908,31.2998943329,22.3942718506,26.9015483856,38.9494285583,49.3275260925,35.5449981689,31.1808452606,16.5493297577,17.8848190308,11.9671764374,8.03105068207,5.39462518692,3.63333725929,2.57343530655,1.94530379772,1.92309784889,1.15341842175,0.398459494114,0.145587265491,0.0346819087863,0.00475791888312,0.000227340991842],"median":[0.0122258858755,0.338284134865,0.859000146389,1.93729543686,3.90870642662,4.40384578705,4.26399326324,4.6430850029,8.2306137085,11.0342483521,7.82725477219,13.7123289108,19.9483795166,9.30248451233,5.95432472229,12.8536100388,12.535235405,14.9833669662,20.1506710052,14.9137172699,21.6173229218,31.4481544495,31.0872173309,25.8789329529,24.2908363342,12.9894704819,13.923377037,8.7032699585,5.48338842392,2.50568985939,1.91813576221,1.49691402912,1.03294360638,0.876117289066,0.546083688736,0.215417400002,0.0790997669101,0.0175850130618,0.00225222692825,0.000118574680528],"min":[3.1670707723e-11,2.81178996753e-10,1.19361065476e-9,2.62066746082e-9,3.16390891264e-9,2.56268983811e-9,4.8293720134e-9,1.13373479493e-8,1.36154678643e-8,7.50594697507e-9,4.64434402048e-9,5.51873347021e-9,1.2330438004e-8,1.91336901878e-8,2.03529442189e-8,7.42818295763e-9,1.85011117537e-8,1.38376003989e-8,1.85933828334e-8,9.07134420913e-8,7.42359276273e-8,2.91110406891e-8,9.91446995613e-8,5.86607455944e-8,4.27791384539e-8,1.07174606967e-8,4.04367455076e-8,2.26797620684e-8,1.65813176523e-8,4.76794355109e-8,3.24893356662e-8,2.43868392147e-8,4.10742941881e-8,4.55121842435e-8,2.81361707266e-8,9.24300724847e-9,1.58758837188e-8,9.06746233653e-9,1.43614853343e-9,1.17983262049e-10],"var":[0.00213211704977,0.875444591045,11.2193603516,26.9440422058,99.9102401733,82.8556289673,94.4394760132,143.162368774,2422.12817383,4494.11083984,2198.06298828,453.919799805,985.812744141,4542.09619141,4015.82714844,9423.81054688,8034.04833984,27964.7851562,1148.27783203,724.389892578,472.569244385,992.270690918,3005.06152344,1405.55480957,816.998657227,199.492660522,260.989471436,137.673919678,96.4361038208,99.0087966919,29.646686554,22.67877388,38.5263710022,97.6760559082,24.2134437561,0.565280556679,0.0404934547842,0.0020875975024,0.0000392756955989,7.82177949077e-8]},"erbbands_crest":{"dmean":1.86910140514,"dmean2":3.03447389603,"dvar":3.80977225304,"dvar2":9.9922952652,"max":26.0796031952,"mean":6.96807146072,"median":5.82481527328,"min":1.84413826466,"var":11.8110380173},"erbbands_flatness_db":{"dmean":0.0144523764029,"dmean2":0.0209765490144,"dvar":0.00023214405519,"dvar2":0.000488631601911,"max":0.266534715891,"mean":0.123374454677,"median":0.117539517581,"min":0.0249317549169,"var":0.00111797905993},"erbbands_kurtosis":{"dmean":0.558572292328,"dmean2":0.879676997662,"dvar":0.525298953056,"dvar2":1.26906085014,"max":17.4756641388,"mean":-0.0484645999968,"median":-0.499569654465,"min":-1.8020721674,"var":2.35289859772},"erbbands_skewness":{"dmean":0.258316755295,"dmean2":0.398197948933,"dvar":0.056468077004,"dvar2":0.131390213966,"max":3.57574272156,"mean":-0.111291766167,"median":-0.169290348887,"min":-2.48978543282,"var":0.374378621578},"erbbands_spread":{"dmean":6.18478536606,"dmean2":9.80369186401,"dvar":36.5054473877,"dvar2":90.3882522583,"max":109.391288757,"mean":39.8747825623,"median":40.1805992126,"min":6.32788515091,"var":166.534866333},"gfcc":{"cov":[[9676.47753906,-240.163742065,-1222.80224609,-141.347183228,-306.377593994,171.949432373,-226.838775635,27.2185993195,-244.587036133,1.32884764671,-108.487861633,-87.176399231,-243.468566895],[-240.163742065,657.898254395,-108.278251648,153.237915039,2.17439293861,-42.7721481323,33.6487541199,1.77484476566,70.6096343994,-23.8468875885,62.3873672485,-13.6369400024,32.6022224426],[-1222.80224609,-108.278251648,612.126525879,-0.407991051674,169.493087769,-110.02759552,38.5920982361,45.9201545715,71.1055526733,66.9391326904,-37.0135726929,46.6568336487,40.1501998901],[-141.347183228,153.237915039,-0.407991051674,269.686828613,-13.0144882202,50.2587471008,-42.0895347595,40.7626342773,63.3327941895,-21.9741725922,46.6793022156,-21.2411441803,44.7717857361],[-306.377593994,2.17439293861,169.493087769,-13.0144882202,225.451629639,-48.3250846863,73.57371521,11.2553377151,17.1383705139,55.234954834,-24.8223590851,29.6894073486,10.0786485672],[171.949432373,-42.7721481323,-110.02759552,50.2587471008,-48.3250846863,240.103179932,11.5033712387,6.78414583206,-34.268447876,-27.5210456848,45.0388755798,-27.1427555084,8.72090339661],[-226.838775635,33.6487541199,38.5920982361,-42.0895347595,73.57371521,11.5033712387,115.123687744,5.47304868698,-14.4251661301,17.9992103577,-15.6531333923,20.4819335938,10.7941246033],[27.2185993195,1.77484476566,45.9201545715,40.7626342773,11.2553377151,6.78414583206,5.47304868698,94.8262786865,46.8756408691,17.0133895874,9.18424320221,-3.17603754997,22.3733596802],[-244.587036133,70.6096343994,71.1055526733,63.3327941895,17.1383705139,-34.268447876,-14.4251661301,46.8756408691,101.843643188,31.720199585,31.7170619965,4.59772968292,5.00328159332],[1.32884764671,-23.8468875885,66.9391326904,-21.9741725922,55.234954834,-27.5210456848,17.9992103577,17.0133895874,31.720199585,82.9595718384,11.4452762604,12.4821510315,-2.42571973801],[-108.487861633,62.3873672485,-37.0135726929,46.6793022156,-24.8223590851,45.0388755798,-15.6531333923,9.18424320221,31.7170619965,11.4452762604,78.6517028809,4.80819988251,-1.18421936035],[-87.176399231,-13.6369400024,46.6568336487,-21.2411441803,29.6894073486,-27.1427555084,20.4819335938,-3.17603754997,4.59772968292,12.4821510315,4.80819988251,46.3560829163,7.48081827164],[-243.468566895,32.6022224426,40.1501998901,44.7717857361,10.0786485672,8.72090339661,10.7941246033,22.3733596802,5.00328159332,-2.42571973801,-1.18421936035,7.48081827164,70.7190933228]],"icov":[[0.000221243666601,-0.000109595392132,0.000455055851489,-0.000131624343339,0.0000114795629997,-0.000234639024711,0.000708704465069,-0.000754850334488,0.000678450975101,-0.000777881708927,0.000948126602452,-0.000731575477403,0.000813709979411],[-0.000109595392132,0.00284563959576,0.000509816687554,-0.00108809384983,-0.000248743686825,0.00198998651467,-0.00307986093685,0.00174757489003,-0.00213000085205,0.00205604615621,-0.00318780215457,0.00268679694273,-0.00169887440279],[0.000455055851489,0.000509816687554,0.00367138418369,-0.000397597585106,-0.00142045004759,0.000144899415318,0.00127538235392,-0.00141440087464,-0.00069555034861,-0.00167588959448,0.00274533685297,-0.00233769160695,0.000221291571506],[-0.000131624343339,-0.00108809384983,-0.000397597585106,0.00735973566771,-0.00147975946311,-0.00170252018142,0.00272625614889,-0.0000613944866927,-0.00407077651471,0.00312829669565,-0.00183928443585,0.00238484097645,-0.0042488174513],[0.0000114795629997,-0.000248743686825,-0.00142045004759,-0.00147975946311,0.00823573302478,0.000319133250741,-0.00397064723074,0.000381754565751,0.000646539148875,-0.00416452204809,0.00249115889892,-0.00200773729011,0.00123517552856],[-0.000234639024711,0.00198998651467,0.000144899415318,-0.00170252018142,0.000319133250741,0.0085083451122,-0.00497577805072,-0.00000680614630255,0.0026999169495,0.00282424152829,-0.0085030561313,0.00636573135853,-0.00197261455469],[0.000708704465069,-0.00307986093685,0.00127538235392,0.00272625614889,-0.00397064723074,-0.00497577805072,0.0185609478503,-0.00511721288785,0.00457455404103,-0.00460811611265,0.00768712209538,-0.00885600037873,0.00195889174938],[-0.000754850334488,0.00174757489003,-0.00141440087464,-0.0000613944866927,0.000381754565751,-0.00000680614630255,-0.00511721288785,0.0192042812705,-0.0114509062842,0.00215272046626,-0.0023626415059,0.00585975171998,-0.00768613116816],[0.000678450975101,-0.00213000085205,-0.00069555034861,-0.00407077651471,0.000646539148875,0.0026999169495,0.00457455404103,-0.0114509062842,0.0260517820716,-0.00810721702874,-0.00339811458252,-0.00332701788284,0.00696298712865],[-0.000777881708927,0.00205604615621,-0.00167588959448,0.00312829669565,-0.00416452204809,0.00282424152829,-0.00460811611265,0.00215272046626,-0.00810721702874,0.0226905215532,-0.00984897464514,0.00508577050641,-0.00373844266869],[0.000948126602452,-0.00318780215457,0.00274533685297,-0.00183928443585,0.00249115889892,-0.0085030561313,0.00768712209538,-0.0023626415059,-0.00339811458252,-0.00984897464514,0.0301577132195,-0.0140819996595,0.006504482124],[-0.000731575477403,0.00268679694273,-0.00233769160695,0.00238484097645,-0.00200773729011,0.00636573135853,-0.00885600037873,0.00585975171998,-0.00332701788284,0.00508577050641,-0.0140819996595,0.035557422787,-0.00852821115404],[0.000813709979411,-0.00169887440279,0.000221291571506,-0.0042488174513,0.00123517552856,-0.00197261455469,0.00195889174938,-0.00768613116816,0.00696298712865,-0.00373844266869,0.006504482124,-0.00852821115404,0.0228794049472]],"mean":[32.7010536194,57.4954986572,-115.352272034,28.6796569824,-48.5794219971,1.08977413177,-34.952255249,10.2804050446,-26.1318016052,3.42719006538,-20.2174129486,-2.20709371567,-15.6931438446]},"hfc":{"dmean":7.81716775894,"dmean2":11.7526531219,"dvar":121.817276001,"dvar2":283.6534729,"max":284.783996582,"mean":27.0498313904,"median":22.4681720734,"min":4.44109048203e-7,"var":453.778076172},"melbands":{"dmean":[0.00031595461769,0.000772706989665,0.000581861007959,0.00035584543366,0.000161177100381,0.000131979439175,0.000280415202724,0.0002047301532,0.0000931002141442,0.0000599957020313,0.0000693071488058,0.0000711379398126,0.0000392166548409,0.0000594638768234,0.0000565442751395,0.0000704528283677,0.0000769095277064,0.0000289732270176,0.0000223183760681,0.0000156515343406,0.00001524909203,0.0000187499517779,0.0000208823821595,0.0000196620203496,0.0000122932096929,0.0000129112568175,0.00000712247856427,0.00000488675868837,0.00000611344194112,0.0000041017951844,0.00000322733762914,0.00000223361962526,0.00000167708003573,0.00000145855676692,0.00000103486831904,7.43658802094e-7,6.85017255364e-7,5.28860596205e-7,7.69731173023e-7,7.75290118327e-7],"dmean2":[0.000544765149243,0.0013564148685,0.00101860519499,0.000598885351792,0.000270510732662,0.000230668461882,0.000434571527876,0.000327226269292,0.000149202489411,0.0000936699216254,0.000106228610093,0.00011276191799,0.0000611340146861,0.0000942430488067,0.0000911761235329,0.000113480877189,0.000123608697322,0.0000476684217574,0.0000370513298549,0.0000265421385848,0.0000251437922998,0.0000310229297611,0.000034221146052,0.0000322292398778,0.0000201194707188,0.0000213627063204,0.0000119213509606,0.00000831288252812,0.0000104485970951,0.00000691488821758,0.00000541740109838,0.00000370121438209,0.00000261593618234,0.00000227391615226,0.00000163696643085,0.0000011622294096,0.00000106640368358,7.64598667047e-7,0.00000110378186946,0.00000109180700747],"dvar":[5.90043725879e-7,0.00000370232214664,0.00000114939052764,4.79095547234e-7,9.46515399392e-8,8.89696281092e-8,3.36218676011e-7,1.93792445202e-7,1.35551900371e-7,1.17842420266e-8,1.25251791161e-8,5.1572413895e-8,1.99274872159e-8,2.58066545911e-8,2.62009756113e-8,4.31746016716e-8,4.24834141199e-8,2.35008190685e-9,1.48114143173e-9,5.87430715182e-10,3.49096584973e-10,5.17782594578e-10,1.06265818367e-9,1.08242348418e-9,3.08622405409e-10,2.97125046789e-10,1.19241727603e-10,5.73127552361e-11,9.13428291338e-11,5.10762959705e-11,3.18950178768e-11,1.79616009566e-11,1.74872945985e-11,1.6224761118e-11,4.86739901856e-12,2.71400306742e-12,3.3425300288e-12,2.88605966382e-12,1.82102041779e-11,1.67395906164e-11],"dvar2":[0.00000162159517458,0.0000104009222923,0.00000320139633914,0.00000129959209971,2.58573749079e-7,2.45597817639e-7,7.89089995124e-7,4.91794423851e-7,3.4585232811e-7,3.05329734829e-8,3.02025711107e-8,1.3264575216e-7,4.64315306203e-8,6.40764099558e-8,7.03200981889e-8,1.09506444801e-7,1.09251857339e-7,6.4668737032e-9,3.6628764466e-9,1.57934210154e-9,9.11572373141e-10,1.37444999826e-9,2.85775336728e-9,2.94167779025e-9,7.44930672703e-10,7.65152996518e-10,3.09600484139e-10,1.57811125279e-10,2.54089083107e-10,1.39684513956e-10,8.63062260548e-11,4.29879153108e-11,3.58175676618e-11,3.72008049365e-11,1.12091638055e-11,6.26512643848e-12,7.26141759569e-12,4.48217374674e-12,3.65975479089e-11,2.9795048373e-11],"max":[0.0085221529007,0.0160201154649,0.00965786818415,0.00642204191536,0.00623151659966,0.00438092648983,0.00784443318844,0.00909311138093,0.0127086732537,0.00355399935506,0.00282683828846,0.00597101589665,0.00370072526857,0.00353295099922,0.00421815831214,0.00378805957735,0.0042014727369,0.000714502763003,0.000841847271658,0.000365717161912,0.000390083703678,0.000318785954732,0.000670250854455,0.000619203958195,0.00049616250908,0.000489354948513,0.000171369450982,0.000109304783109,0.00012760151003,0.000123228426673,0.0000738827002351,0.00014667812502,0.000205341319088,0.000206736338441,0.0000769519247115,0.0000444672805315,0.0000596102981945,0.000106446219434,0.000230022487813,0.000271752738627],"mean":[0.000467100850074,0.000927080982365,0.000735107518267,0.000525250157807,0.000257901032455,0.000175220469828,0.000466878904263,0.000332195893861,0.000138858624268,0.000120268261526,0.000140960430144,0.000111162022222,0.0000594710400037,0.0000962227350101,0.0000880683073774,0.000114316884719,0.000124325189972,0.0000505069911014,0.0000367641550838,0.0000263691181317,0.000031846397178,0.000038916576159,0.0000440536969109,0.0000405334030802,0.0000270083965006,0.0000280473723251,0.0000147982145791,0.00000992778223008,0.0000121742059491,0.00000830207682156,0.00000649912271911,0.00000476255218018,0.00000342239218298,0.00000288372848445,0.00000217410570258,0.00000162345645549,0.00000153082942234,0.0000012303451058,0.00000157870488238,0.00000164559855875],"median":[0.000221576890908,0.000513586157467,0.000461651477963,0.000334859738359,0.000165638324688,0.000103309081169,0.000136080489028,0.000112328547402,0.0000560036787647,0.0000887279675226,0.0000961352779996,0.0000345087428286,0.0000166012978298,0.0000291843698506,0.0000322803389281,0.0000240427943936,0.0000276705031865,0.0000297463611787,0.0000221813497774,0.0000185152584891,0.0000250451121246,0.000031080446206,0.0000291773412755,0.0000226933170779,0.0000190088558156,0.0000214640076592,0.000010966084119,0.00000747686226532,0.00000916094631975,0.00000626547898719,0.00000444213628725,0.00000326308804688,0.00000181555776635,0.00000122273456782,0.00000109465804599,9.33713351969e-7,8.60500165345e-7,7.11316999968e-7,7.0344026426e-7,7.39002985028e-7],"min":[3.18098357984e-13,5.50577920928e-13,4.78716567255e-13,2.03546381139e-13,1.54658336376e-13,2.53012617368e-13,2.00374357948e-13,6.90157634276e-14,3.92270004185e-14,3.31158677683e-14,6.34564558018e-14,7.76454977245e-14,7.40459329593e-14,3.05183057102e-14,1.56162568635e-14,5.35494500305e-14,2.113306207e-14,2.19826632212e-14,7.99832680014e-14,1.48980478019e-13,6.94527511132e-14,2.06544816786e-14,6.56444232197e-14,9.23621259769e-14,4.18780170318e-14,3.82116688009e-14,1.620433151e-14,3.86800009408e-15,2.24608082377e-14,1.81092510101e-14,1.52832001205e-14,7.92739829401e-15,1.82680171717e-14,2.75652964403e-14,1.88012379645e-14,1.8598383738e-14,1.18642888482e-14,2.03391025132e-14,5.74371279705e-14,2.7993314047e-14],"var":[4.78251479308e-7,0.00000249030858868,8.66202299221e-7,4.43833471309e-7,9.73044791408e-8,7.46810258079e-8,8.35063190152e-7,3.68297634168e-7,1.56650870053e-7,1.65309117506e-8,2.50062939244e-8,7.7969268375e-8,3.54124694013e-8,5.05511508209e-8,3.59332688049e-8,9.06265569256e-8,8.70598100278e-8,4.2426271385e-9,2.5150699301e-9,7.593788931e-10,7.01981250906e-10,9.84816783678e-10,2.2351493989e-9,2.54589793691e-9,9.11764386213e-10,6.93103741067e-10,2.13588563502e-10,8.38574348849e-11,1.30736560466e-10,6.35072064381e-11,4.64897599584e-11,3.21174128959e-11,3.66590958978e-11,2.89796520114e-11,1.09595570466e-11,6.78797729831e-12,9.45059221852e-12,1.02664743026e-11,6.04415684169e-11,7.52671813764e-11]},"melbands_crest":{"dmean":2.73357319832,"dmean2":4.46195983887,"dvar":7.59656190872,"dvar2":20.5868873596,"max":37.0058670044,"mean":10.6994895935,"median":9.90148162842,"min":3.00555086136,"var":16.5412826538},"melbands_flatness_db":{"dmean":0.0193437114358,"dmean2":0.0300454888493,"dvar":0.000430696993135,"dvar2":0.00113685114775,"max":0.570423901081,"mean":0.133157402277,"median":0.123038031161,"min":0.023997252807,"var":0.00325073907152},"melbands_kurtosis":{"dmean":2.89000082016,"dmean2":4.78544807434,"dvar":22.8714027405,"dvar2":62.6579208374,"max":211.747238159,"mean":5.76953554153,"median":3.43178749084,"min":-1.67725205421,"var":139.554336548},"melbands_skewness":{"dmean":0.506334245205,"dmean2":0.816857159138,"dvar":0.358566552401,"dvar2":0.973441898823,"max":11.6171655655,"mean":1.92052912712,"median":1.85315239429,"min":-0.894253015518,"var":1.09259653091},"melbands_spread":{"dmean":8.65096092224,"dmean2":13.5206336975,"dvar":88.3688735962,"dvar2":204.775360107,"max":237.220504761,"mean":38.4780311584,"median":36.9026184082,"min":0.496192097664,"var":338.936920166},"mfcc":{"cov":[[7027.54443359,141.679473877,-664.317443848,-174.551635742,-211.263427734,-15.0400533676,3.69587087631,-59.0335464478,-171.573791504,-45.5293655396,21.9628810883,-21.501996994,-110.132217407],[141.679473877,515.684875488,-66.0026168823,128.635040283,-8.21504688263,-16.6550273895,-7.80763244629,-9.79142475128,27.6779899597,-11.2787504196,18.4909725189,10.4790172577,4.35533905029],[-664.317443848,-66.0026168823,348.524108887,42.1014671326,94.1613616943,-15.0200052261,-31.7406044006,18.3017692566,27.8685436249,30.2911872864,-4.78466033936,9.1988697052,18.4527244568],[-174.551635742,128.635040283,42.1014671326,232.993759155,76.8525772095,-35.1672973633,-50.6809387207,-4.45393037796,47.8662490845,24.3411922455,-5.05701398849,-0.750366270542,14.7484483719],[-211.263427734,-8.21504688263,94.1613616943,76.8525772095,142.393630981,11.4852609634,-6.88035821915,11.4993886948,22.2842350006,31.8946895599,16.9889945984,11.6165351868,6.75346326828],[-15.0400533676,-16.6550273895,-15.0200052261,-35.1672973633,11.4852609634,117.342277527,63.1561203003,12.1767082214,-11.9796285629,-10.594660759,7.63415288925,9.23968505859,-6.38587522507],[3.69587087631,-7.80763244629,-31.7406044006,-50.6809387207,-6.88035821915,63.1561203003,123.06829071,15.1415195465,28.7296924591,-14.5800914764,-6.39223098755,7.78165721893,6.0578994751],[-59.0335464478,-9.79142475128,18.3017692566,-4.45393037796,11.4993886948,12.1767082214,15.1415195465,75.3706588745,-1.46990919113,5.76179981232,8.87672805786,-6.38084745407,-6.80319690704],[-171.573791504,27.6779899597,27.8685436249,47.8662490845,22.2842350006,-11.9796285629,28.7296924591,-1.46990919113,107.128944397,16.4430370331,-15.7369651794,3.37497401237,16.0894870758],[-45.5293655396,-11.2787504196,30.2911872864,24.3411922455,31.8946895599,-10.594660759,-14.5800914764,5.76179981232,16.4430370331,55.624786377,26.8643703461,9.13328266144,1.38625645638],[21.9628810883,18.4909725189,-4.78466033936,-5.05701398849,16.9889945984,7.63415288925,-6.39223098755,8.87672805786,-15.7369651794,26.8643703461,65.103225708,25.6738796234,1.2661960125],[-21.501996994,10.4790172577,9.1988697052,-0.750366270542,11.6165351868,9.23968505859,7.78165721893,-6.38084745407,3.37497401237,9.13328266144,25.6738796234,51.7187805176,19.1674308777],[-110.132217407,4.35533905029,18.4527244568,14.7484483719,6.75346326828,-6.38587522507,6.0578994751,-6.80319690704,16.0894870758,1.38625645638,1.2661960125,19.1674308777,47.3766174316]],"icov":[[0.000184032673133,-0.0000433339773735,0.000322009349475,0.0000767300734879,-0.0000173365860974,0.000121214798128,-0.0000355188203685,0.000073040893767,0.000217305074329,-0.00015942590835,0.00012054866238,-0.000130060740048,0.000296586338663],[-0.0000433339773735,0.00265318690799,0.000218517860048,-0.00205112877302,0.000918225036003,0.000203508767299,-0.000452034524642,0.000164766432135,-0.000584732857533,0.00183689000551,-0.00202800752595,-0.000236400999711,0.000481442781165],[0.000322009349475,0.000218517860048,0.00455356016755,0.000768685771618,-0.00261086854152,0.000212145969272,0.00150371936616,-0.00101882964373,-0.000311357027385,-0.00115018268116,0.00197368953377,-0.000997650320642,-0.000731939682737],[0.0000767300734879,-0.00205112877302,0.000768685771618,0.00855118222535,-0.00443322677165,-0.0000584815061302,0.00406950665638,-0.000394286995288,-0.00268082157709,-0.00140131416265,0.00262126885355,0.00061017886037,-0.00191286508925],[-0.0000173365860974,0.000918225036003,-0.00261086854152,-0.00443322677165,0.0122896134853,-0.00217866990715,-0.00102644995786,-0.000320368329994,-0.000144570949487,-0.0028684688732,-0.00242536514997,-0.00060983520234,0.000756560068112],[0.000121214798128,0.000203508767299,0.000212145969272,-0.0000584815061302,-0.00217866990715,0.0139447385445,-0.00792093854398,-0.0000926265638554,0.00346184405498,0.00161238596775,-0.00103572639637,-0.001953125,0.00298336008564],[-0.0000355188203685,-0.000452034524642,0.00150371936616,0.00406950665638,-0.00102644995786,-0.00792093854398,0.0168098919094,-0.00300982641056,-0.00714212469757,0.00272916117683,0.00148384727072,-0.00116890342906,-0.00261759734713],[0.000073040893767,0.000164766432135,-0.00101882964373,-0.000394286995288,-0.000320368329994,-0.0000926265638554,-0.00300982641056,0.0151818050072,0.000792665057816,-0.000553827965632,-0.00356547394767,0.00382163794711,0.00156849017367],[0.000217305074329,-0.000584732857533,-0.000311357027385,-0.00268082157709,-0.000144570949487,0.00346184405498,-0.00714212469757,0.000792665057816,0.0157146174461,-0.00706904986873,0.00593116646633,-0.00126147537958,-0.00174910889473],[-0.00015942590835,0.00183689000551,-0.00115018268116,-0.00140131416265,-0.0028684688732,0.00161238596775,0.00272916117683,-0.000553827965632,-0.00706904986873,0.0312030650675,-0.0148702384904,0.00124242028687,0.00192494504154],[0.00012054866238,-0.00202800752595,0.00197368953377,0.00262126885355,-0.00242536514997,-0.00103572639637,0.00148384727072,-0.00356547394767,0.00593116646633,-0.0148702384904,0.030334353447,-0.0130825955421,0.00128933601081],[-0.000130060740048,-0.000236400999711,-0.000997650320642,0.00061017886037,-0.00060983520234,-0.001953125,-0.00116890342906,0.00382163794711,-0.00126147537958,0.00124242028687,-0.0130825955421,0.0312543548644,-0.0114631224424],[0.000296586338663,0.000481442781165,-0.000731939682737,-0.00191286508925,0.000756560068112,0.00298336008564,-0.00261759734713,0.00156849017367,-0.00174910889473,0.00192494504154,0.00128933601081,-0.0114631224424,0.0286283548921]],"mean":[-611.041015625,97.6299209595,-11.1845369339,28.9878425598,3.77194476128,-0.950414836407,0.783830046654,0.273439288139,1.12977898121,-0.531464517117,4.1289396286,-0.295139998198,-6.11272287369]},"pitch_salience":{"dmean":0.0613937415183,"dmean2":0.100264392793,"dvar":0.00379673135467,"dvar2":0.0103787798434,"max":0.920080423355,"mean":0.630986809731,"median":0.650210559368,"min":0.0653123632073,"var":0.0114325489849},"silence_rate_20dB":{"dmean":0,"dmean2":0,"dvar":0,"dvar2":0,"max":1,"mean":1,"median":1,"min":1,"var":0},"silence_rate_30dB":{"dmean":0,"dmean2":0,"dvar":0,"dvar2":0,"max":1,"mean":1,"median":1,"min":1,"var":0},"silence_rate_60dB":{"dmean":0.00347881088965,"dmean2":0.00695872213691,"dvar":0.00346665200777,"dvar2":0.00817565713078,"max":1,"mean":0.0286166016012,"median":0,"min":0,"var":0.0277979597449},"spectral_centroid":{"dmean":233.095779419,"dmean2":366.762451172,"dvar":48189.0898438,"dvar2":117895.15625,"max":4887.46582031,"mean":1972.53393555,"median":1992.81945801,"min":144.037445068,"var":239159.6875},"spectral_complexity":{"dmean":4.6559138298,"dmean2":7.02356481552,"dvar":21.7653312683,"dvar2":42.3190917969,"max":61,"mean":29.2877464294,"median":30,"min":0,"var":118.724998474},"spectral_contrast_coeffs":{"dmean":[0.0510249957442,0.0429918207228,0.0350898616016,0.02839544788,0.0191265232861,0.0173459928483],"dmean2":[0.083827264607,0.0685748457909,0.0565713867545,0.046414591372,0.0315301306546,0.0273327063769],"dvar":[0.00193755526561,0.00135058769956,0.000820782035589,0.000580729276408,0.000250324781518,0.000255630409811],"dvar2":[0.00522917043418,0.00341948587447,0.00213774503209,0.00149228004739,0.000620566657744,0.000601775594987],"max":[-0.359983623028,-0.430910348892,-0.541685938835,-0.563169121742,-0.567358016968,-0.602893412113],"mean":[-0.643435955048,-0.746368825436,-0.760144591331,-0.795108556747,-0.798726379871,-0.740888893604],"median":[-0.646842002869,-0.757308900356,-0.765293240547,-0.805295348167,-0.805703699589,-0.739842534065],"min":[-0.956708788872,-0.952069461346,-0.965656220913,-0.943742632866,-0.940582036972,-0.928001701832],"var":[0.00483936397359,0.00512212049216,0.00318675953895,0.00269577768631,0.00162033422384,0.00120608578436]},"spectral_contrast_valleys":{"dmean":[0.402243465185,0.339900046587,0.280848741531,0.268342584372,0.18879532814,0.23351611197],"dmean2":[0.65301656723,0.551353991032,0.444649070501,0.423888713121,0.291342020035,0.308129668236],"dvar":[0.118707865477,0.10037381947,0.0602139309049,0.060143250972,0.039873611182,0.0797940641642],"dvar2":[0.305840492249,0.258973747492,0.13690918684,0.14323168993,0.0826375633478,0.143162220716],"max":[-5.60421943665,-4.63446140289,-5.46468687057,-5.84534168243,-5.5264415741,-7.29796361923],"mean":[-7.36937618256,-6.67880058289,-7.23386096954,-7.24594497681,-6.81145524979,-9.74684429169],"median":[-7.26282167435,-6.55369281769,-7.0760216713,-7.09339666367,-6.61468887329,-9.59708786011],"min":[-15.8702802658,-15.9461364746,-16.4557361603,-16.6369590759,-16.7166385651,-17.9465904236],"var":[0.803214371204,0.993862271309,1.08827805519,1.08466219902,1.0705640316,0.9923376441]},"spectral_decrease":{"dmean":2.00779748383e-9,"dmean2":3.26176685661e-9,"dvar":9.27813172489e-18,"dvar2":2.41321043249e-17,"max":-1.05988182171e-18,"mean":-5.08267206101e-9,"median":-3.91970544911e-9,"min":-2.70522626522e-8,"var":1.40502566199e-17},"spectral_energy":{"dmean":0.00815341621637,"dmean2":0.013166449964,"dvar":0.000148816980072,"dvar2":0.000385651655961,"max":0.112854801118,"mean":0.0216366574168,"median":0.0169443581253,"min":4.42822514768e-11,"var":0.000239165747189},"spectral_energyband_high":{"dmean":0.000462165568024,"dmean2":0.000693853653502,"dvar":7.1415183811e-7,"dvar2":0.0000015283671928,"max":0.0285759866238,"mean":0.0012998963939,"median":0.000966513936874,"min":2.54150207823e-11,"var":0.00000252200788964},"spectral_energyband_low":{"dmean":0.00323448958807,"dmean2":0.00559589220211,"dvar":0.0000602511754551,"dvar2":0.000165116071003,"max":0.0598342344165,"mean":0.00441936263815,"median":0.00251325871795,"min":3.0688856404e-12,"var":0.000044568136218},"spectral_energyband_middle_high":{"dmean":0.00237225042656,"dmean2":0.00364448991604,"dvar":0.0000154353001562,"dvar2":0.0000346948691003,"max":0.0703008621931,"mean":0.0075159384869,"median":0.00492975628003,"min":7.87836462735e-12,"var":0.0000644251485937},"spectral_energyband_middle_low":{"dmean":0.00442137569189,"dmean2":0.00725781638175,"dvar":0.0000626285691396,"dvar2":0.000167178921402,"max":0.0792501270771,"mean":0.00933685712516,"median":0.00648239441216,"min":4.42382198582e-12,"var":0.0000791998609202},"spectral_entropy":{"dmean":0.0856366306543,"dmean2":0.122186563909,"dvar":0.00755486451089,"dvar2":0.0143903158605,"max":8.91009998322,"mean":7.91261529922,"median":7.95884799957,"min":5.50060176849,"var":0.0944383516908},"spectral_flux":{"dmean":0.0230563730001,"dmean2":0.0336896590889,"dvar":0.000863916357048,"dvar2":0.00141068641096,"max":0.271441996098,"mean":0.0778942853212,"median":0.0663808882236,"min":0.0000908329529921,"var":0.00201186607592},"spectral_kurtosis":{"dmean":0.80183672905,"dmean2":1.32254505157,"dvar":0.976380050182,"dvar2":2.8746972084,"max":41.1417388916,"mean":4.3198595047,"median":4.14978265762,"min":-1.25706493855,"var":4.65658187866},"spectral_rms":{"dmean":0.000760009977967,"dmean2":0.00118025159463,"dvar":0.00000100498630218,"dvar2":0.00000250259768109,"max":0.0104929618537,"mean":0.00431432574987,"median":0.00406584329903,"min":2.07851385881e-7,"var":0.00000249556273957},"spectral_rolloff":{"dmean":559.116760254,"dmean2":908.999694824,"dvar":511004.34375,"dvar2":1092546,"max":18410.8886719,"mean":2583.24194336,"median":2519.38476562,"min":21.533203125,"var":3206166.75},"spectral_skewness":{"dmean":0.140388160944,"dmean2":0.220252662897,"dvar":0.0197764746845,"dvar2":0.0472876466811,"max":4.8287858963,"mean":1.43981873989,"median":1.43416571617,"min":0.241384744644,"var":0.0983626544476},"spectral_spread":{"dmean":440494.875,"dmean2":632829.1875,"dvar":285162078208,"dvar2":542810079232,"max":16042046,"mean":4730518.5,"median":4556229.5,"min":1643665.875,"var":1670580797440},"spectral_strongpeak":{"dmean":0.595121502876,"dmean2":0.991837382317,"dvar":1.25200664997,"dvar2":3.28782629967,"max":21.9144515991,"mean":1.08027517796,"median":0.381463468075,"min":0,"var":2.57372617722},"zerocrossingrate":{"dmean":0.0114402510226,"dmean2":0.0131645193323,"dvar":0.000149078579852,"dvar2":0.000160066745593,"max":0.4287109375,"mean":0.0935878828168,"median":0.08935546875,"min":0,"var":0.00169863912743}},"metadata":{"audio_properties":{"analysis_sample_rate":44100,"bit_rate":0,"codec":"flac","downmix":"mix","equal_loudness":0,"length":146.826660156,"lossless":true,"md5_encoded":"5ccfc4b641a99c0b92b4cd6ca98cf8ec","replay_gain":-9.11546707153,"sample_rate":44100},"tags":{"album":["All the Stuff (and More), Volume 2"],"album artist":["The Ramones"],"albumartist":["Ramones"],"albumartistsort":["Ramones"],"artist":["Ramones"],"artistsort":["Ramones"],"catalog":["0075992661829"],"catalognumber":["9 26618-2"],"date":["1990-05"],"discid":["A611611E"],"discnumber":["1"],"disctotal":["1"],"file_name":"01-20 I Don't Want You.flac","genre":["Alternative"],"label":["Sire Records"],"labelno":["9 26618-2"],"media":["CD"],"musicbrainz_albumartistid":["d6ed7887-a401-47a8-893c-34b967444d26"],"musicbrainz_albumid":["e3e9b935-8eeb-47eb-876c-1e699698e6d8"],"musicbrainz_artistid":["d6ed7887-a401-47a8-893c-34b967444d26"],"musicbrainz_recordingid":["826b8a03-72d0-40ad-986b-df043d598ea7"],"musicbrainz_releasegroupid":["476f9deb-9618-3757-ab2c-c45d5ccc7963"],"originaldate":["1990-05"],"performer":["Kurt Loder"],"producer":["Howie Klein","Ramones"],"publisher":["Sire Records"],"release date":["1990-05"],"releasecountry":["US"],"releaser":["200_IT"],"releasestatus":["official"],"releasetype":["album","compilation"],"script":["Latn"],"title":["I Don't Want You"],"totaldiscs":["1"],"totaltracks":["30"],"tracknumber":["20"],"tracktotal":["30"]},"version":{"essentia":"2.1-beta1","essentia_build_sha":"ca57ba49d9b1854bd80e60cf9ccf267278fb7d6b","essentia_git_sha":"v2.1_beta1-28-g21ef5f4-dirty","extractor":"music 1.0"}},"rhythm":{"beats_count":347,"beats_loudness":{"dmean":0.0112408865243,"dmean2":0.0201475210488,"dvar":0.0000932944676606,"dvar2":0.000279003812466,"max":0.0745818018913,"mean":0.0258283670992,"median":0.0235490687191,"min":4.45704770868e-8,"var":0.000137161332532},"beats_loudness_band_ratio":{"dmean":[0.179984927177,0.0883211046457,0.104487866163,0.0850023552775,0.0631238818169,0.05447453260