{"lowlevel":{"average_loudness":0.937242567539,"barkbands":{"dmean":[0.000280843902146,0.00428277440369,0.0038149706088,0.00241064606234,0.0027043807786,0.00139475706965,0.000716133334208,0.00032931737951,0.000443247321527,0.000199348985916,0.000212825660128,0.000176768968231,0.000146723046782,0.000260737462668,0.000259818916675,0.000366549909813,0.000344922795193,0.00021322981047,0.000209999401704,0.000163825185155,0.000119107004139,0.000065127707785,0.0000648129353067,0.0000643232706352,0.0000242716196226,0.0000153190831043,0.000005121310096],"dmean2":[0.000403939775424,0.00681745540351,0.00671417126432,0.00410592369735,0.00466696731746,0.00217934767716,0.00110798666719,0.000532307778485,0.000723224889953,0.000335870921845,0.000349586800439,0.000288069306407,0.000235599916778,0.000429712032201,0.000430226151366,0.000607699505053,0.000565071473829,0.000334185053362,0.000326129375026,0.000254187179962,0.000178433343535,0.0000946727159317,0.0000898923099157,0.0000919763042475,0.0000337657511409,0.0000213801831705,0.00000718916680853],"dvar":[2.01439490866e-7,0.0000502161419718,0.0000491774335387,0.0000131583228722,0.0000238612465182,0.00000858572457219,0.00000263135507339,5.29173519226e-7,5.71487873913e-7,1.06620873908e-7,1.07639721136e-7,1.1140142675e-7,5.9537359931e-8,2.07700722399e-7,3.72125015247e-7,4.02388678822e-7,2.90022740046e-7,1.0817822016e-7,1.21085321325e-7,1.02864532892e-7,8.48253520758e-8,1.08376440267e-7,1.6049351359e-7,1.61695496104e-7,1.07402238214e-8,8.71388738943e-10,6.85576664883e-11],"dvar2":[3.89840295156e-7,0.000127911611344,0.000139985306305,0.0000360810990969,0.0000662717066007,0.0000213055136555,0.00000599128816248,0.00000128292481349,0.00000141240980156,2.77892581835e-7,2.7964975402e-7,2.78869976e-7,1.48507410813e-7,5.54432403987e-7,0.00000105551168872,0.00000112276734399,7.90066678746e-7,2.58329151848e-7,2.91837068289e-7,2.51861223433e-7,1.877161111e-7,2.24865999598e-7,2.9801080359e-7,3.24031418586e-7,2.48280525028e-8,1.87863236079e-9,1.33648939138e-10],"max":[0.00592073937878,0.0820697620511,0.0836984962225,0.0436337813735,0.0647498890758,0.0563285462558,0.0433785803616,0.0321354083717,0.0214054770768,0.0133582940325,0.00713742943481,0.0101395081729,0.00744527531788,0.00891830865294,0.0157262012362,0.0130159137771,0.0121140917763,0.0055611054413,0.00692987907678,0.0118476329371,0.0131150465459,0.0127112949267,0.0158938039094,0.0138581683859,0.0055597028695,0.00109840300865,0.00010169975576],"mean":[0.000338066689437,0.00767875602469,0.00606694817543,0.00441752420738,0.00474684173241,0.00224822084419,0.00132516829763,0.000512368511409,0.000807196891401,0.000319343118463,0.000373637420125,0.00030660018092,0.000248661381193,0.000446154241217,0.000436251924839,0.000753016502131,0.000708484556526,0.000402846722864,0.000384863902582,0.00030429213075,0.000248113821726,0.00011727202218,0.000113827460154,0.000108157495561,0.0000419754323957,0.0000235963907471,0.00000745285160519],"median":[0.000085063635197,0.00519027886912,0.00360158318654,0.00287755206227,0.00336223165505,0.00125107052736,0.000585852365475,0.000283815490548,0.000534032995347,0.000209332763916,0.000252905359957,0.000157458111062,0.000145208177855,0.000235443207202,0.000188915932085,0.000445370969828,0.000409570522606,0.00023735461582,0.000188991994946,0.000123854348203,0.0000599626437179,0.0000141045966302,0.00000776881643105,0.000011342713151,0.00000907345565793,0.00000698565281709,0.00000230339924201],"min":[6.85074219575e-9,1.9512140792e-9,7.38705450976e-12,6.39660676857e-12,5.43452297053e-11,6.17417991733e-11,1.99176352494e-11,8.26370308987e-12,5.38998325139e-11,1.22427823088e-11,1.36715829629e-11,1.89926321198e-11,2.28411074776e-11,9.03479895065e-12,2.13469016769e-11,2.10751208152e-11,1.72625073958e-11,1.46077230173e-11,4.69783413559e-11,1.82488572864e-11,5.86088955146e-11,4.05294721395e-11,6.00646407611e-11,8.14151662754e-11,1.10756057103e-10,1.64862914986e-10,1.48736312156e-9],"var":[3.04694310671e-7,0.0000694560440024,0.0000532067861059,0.000023673832402,0.0000287510556518,0.0000111000017569,0.00000672105852573,0.00000110096755179,0.0000012315206277,1.89544763884e-7,1.89064607525e-7,2.15549377458e-7,1.14248763339e-7,4.14440052054e-7,6.56281315514e-7,9.89514091998e-7,8.38388132252e-7,2.42302263587e-7,2.32433805536e-7,2.01046333359e-7,2.19948844915e-7,2.57247023683e-7,4.68040184387e-7,3.69982899429e-7,1.44001699454e-8,1.58626101143e-9,1.32167152223e-10]},"barkbands_crest":{"dmean":2.1788008213,"dmean2":3.44464683533,"dvar":3.8809428215,"dvar2":9.67897701263,"max":25.4556884766,"mean":9.80518722534,"median":9.22809696198,"min":2.52288770676,"var":11.8093614578},"barkbands_flatness_db":{"dmean":0.0207186471671,"dmean2":0.0294869355857,"dvar":0.000423494871939,"dvar2":0.000864002620801,"max":0.402649134398,"mean":0.149543642998,"median":0.142703741789,"min":0.0274215824902,"var":0.00373776606284},"barkbands_kurtosis":{"dmean":3.04233002663,"dmean2":4.87903738022,"dvar":37.4573554993,"dvar2":82.3310699463,"max":300.310943604,"mean":5.16163063049,"median":3.24979257584,"min":-1.90944707394,"var":85.9263458252},"barkbands_skewness":{"dmean":0.512356936932,"dmean2":0.809131741524,"dvar":0.326812684536,"dvar2":0.763728678226,"max":14.0226154327,"mean":1.94633734226,"median":1.87808668613,"min":-2.41276025772,"var":1.08958017826},"barkbands_spread":{"dmean":5.26860809326,"dmean2":8.15274429321,"dvar":43.245513916,"dvar2":89.0167999268,"max":135.686752319,"mean":20.9596042633,"median":18.12383461,"min":0.330537945032,"var":189.29737854},"dissonance":{"dmean":0.0133130280301,"dmean2":0.0217655450106,"dvar":0.00022272253409,"dvar2":0.000547241535969,"max":0.5,"mean":0.470213472843,"median":0.478580147028,"min":0.203226730227,"var":0.000840966298711},"dynamic_complexity":3.83172869682,"erbbands":{"dmean":[0.120271742344,1.12782227993,4.04638242722,5.79123830795,9.83305168152,10.1190462112,7.58318424225,13.3158388138,11.4458713531,8.53341770172,6.18707370758,10.3857870102,7.79365730286,4.96247196198,9.15781116486,7.20935249329,6.64106845856,11.6213359833,13.9764127731,11.5736427307,20.4708938599,15.6197500229,12.3825645447,11.4748296738,8.56731319427,7.81990814209,5.92467164993,3.69159603119,2.44152832031,2.03100776672,1.90288901329,1.56891989708,0.905107855797,0.332586497068,0.153010353446,0.0713052749634,0.0288011301309,0.00729599548504,0.000851424236316,0.0000461160670966],"dmean2":[0.15766197443,1.92252385616,7.15094709396,9.94576072693,16.8669033051,17.25390625,11.9278106689,21.0095386505,17.6807937622,13.751329422,9.92102432251,16.946390152,13.0282402039,8.14660072327,15.1200313568,11.6576242447,10.6348304749,19.114233017,23.0084762573,19.1191730499,33.6431007385,25.3231086731,19.4613132477,18.0270442963,13.2147359848,12.227689743,9.04880046844,5.46476316452,3.59223914146,2.87419939041,2.64253520966,2.2855591774,1.27886152267,0.471424430609,0.216950193048,0.100676141679,0.0404332019389,0.0102687338367,0.0011921916157,0.0000631533330306],"dvar":[0.032725635916,4.11136674881,56.7291069031,92.6706924438,166.939193726,540.433044434,207.875946045,774.985412598,567.919372559,435.485351562,204.902984619,361.73928833,161.498657227,72.1020050049,209.87387085,196.880050659,124.302856445,429.996429443,848.29486084,482.317596436,1113.22338867,604.579284668,358.803649902,368.839569092,210.611694336,224.178390503,169.786254883,110.822097778,137.135314941,130.698745728,157.513015747,112.521583557,30.8204078674,2.58174467087,0.313989549875,0.0317283049226,0.00256622210145,0.000139854324516,0.00000189342483736,4.89619367272e-9],"dvar2":[0.0581116117537,11.2380695343,161.36378479,261.19128418,473.112091064,1491.80773926,523.841796875,1968.32507324,1320.92797852,1042.26745605,495.016571045,896.918273926,417.341766357,178.0415802,560.897583008,491.239654541,302.645233154,1126.7935791,2361.75585938,1371.14526367,3000.44018555,1643.39990234,861.678588867,903.195800781,494.656951904,546.805847168,365.432952881,244.88621521,285.82723999,256.756713867,309.676940918,225.185302734,62.7834510803,5.76497507095,0.741765797138,0.0754047334194,0.00521387532353,0.000276609353023,0.00000365300365957,9.63544888322e-9],"max":[1.7608268261,20.9441452026,87.8567886353,118.350357056,153.820755005,335.162139893,197.760421753,587.20690918,562.093505859,809.055786133,824.299926758,657.852111816,488.552947998,339.010925293,324.972106934,469.55670166,418.864959717,476.101013184,655.302978516,547.957397461,752.370849609,761.40435791,364.109985352,272.831329346,394.882141113,481.601898193,604.059997559,360.875213623,388.136413574,551.340637207,445.479400635,388.381256104,171.14630127,83.6730422974,25.3678359985,8.96893787384,0.965916693211,0.14186771214,0.0166542436928,0.000826603034511],"mean":[0.183820694685,1.83950340748,6.68768167496,10.7538194656,17.394405365,15.3482580185,13.1300592422,21.6851654053,21.6297683716,14.3889188766,11.3581295013,19.2259159088,13.2302541733,9.47292518616,15.9639930725,12.9424238205,12.4786329269,20.7709503174,25.925868988,24.6935482025,46.122253418,35.3500480652,24.5800151825,20.7654495239,16.4932537079,14.5454416275,11.9974746704,7.5244512558,4.5130147934,3.53188610077,3.27224874496,2.70178294182,1.48264288902,0.568581879139,0.258036851883,0.111897692084,0.0434913225472,0.0108945015818,0.00125449767802,0.0000931878748816],"median":[0.0732012093067,1.25947284698,4.21170759201,7.98556089401,11.6844348907,8.80410861969,7.82049322128,12.1741361618,10.51994133,7.67436599731,7.03683900833,12.033446312,8.78782367706,6.33791542053,10.4567899704,7.32610988617,7.44448852539,11.5581626892,12.2953357697,13.8151655197,29.358587265,21.4875068665,14.7733869553,10.731092453,8.20829296112,5.88117313385,3.41461133957,1.55480515957,0.569866478443,0.314303845167,0.212981075048,0.241132006049,0.170074447989,0.110636346042,0.0580961890519,0.0303820110857,0.0131712853909,0.00341590400785,0.000392559391912,0.0000597880716668],"min":[1.53057271746e-7,3.13948333996e-7,1.15778313159e-7,3.38532970545e-8,6.7526180203e-8,1.47108778492e-7,4.04868927717e-7,2.96785628962e-7,3.69524286725e-7,3.21688077065e-7,5.42860163932e-7,0.00000129664351789,4.53287498203e-7,5.49600088107e-7,8.58516159497e-7,7.53173310386e-7,0.00000108513484065,9.81878656603e-7,9.37661980061e-7,0.00000101264629393,0.00000118661500892,0.00000105833680664,6.63473770146e-7,0.00000177207039087,0.00000215654813474,9.68558993009e-7,0.00000205322498914,0.00000221149457502,0.00000152288862409,0.00000140275778904,0.00000183555857802,0.00000169097143043,0.00000112428062948,0.00000127122325466,9.09783921088e-7,6.91190450652e-7,3.06239229531e-7,1.67292654396e-7,1.15613651985e-7,3.16692805313e-8],"var":[0.0629870295525,4.37896108627,60.6071815491,114.855911255,332.559875488,538.340698242,304.215942383,1008.53179932,1385.98120117,847.828308105,496.210174561,821.371398926,290.230010986,172.286651611,351.624481201,341.765258789,269.669219971,838.807983398,1798.61706543,1190.94824219,3145.55615234,1931.41247559,871.312194824,677.519348145,437.916870117,441.884429932,443.979797363,273.200073242,329.965362549,319.952056885,431.790527344,275.632965088,61.7400093079,3.72658538818,0.423517405987,0.0467191040516,0.0050682593137,0.000281822110992,0.00000371110377273,1.01097210603e-8]},"erbbands_crest":{"dmean":1.86600446701,"dmean2":3.01437473297,"dvar":3.27073168755,"dvar2":7.8006401062,"max":29.5522708893,"mean":7.20208072662,"median":6.27862501144,"min":2.11344265938,"var":11.4724416733},"erbbands_flatness_db":{"dmean":0.0173010006547,"dmean2":0.0220671854913,"dvar":0.000286043738015,"dvar2":0.000477203080663,"max":0.409133344889,"mean":0.15276966989,"median":0.141953989863,"min":0.0198299586773,"var":0.00254641124047},"erbbands_kurtosis":{"dmean":0.647999465466,"dmean2":1.01172566414,"dvar":1.43564939499,"dvar2":3.22631859779,"max":61.5924758911,"mean":-0.184551402926,"median":-0.695244073868,"min":-1.76214838028,"var":4.06413412094},"erbbands_skewness":{"dmean":0.317250698805,"dmean2":0.487878620625,"dvar":0.0947626084089,"dvar2":0.211976990104,"max":6.66576957703,"mean":-0.101999104023,"median":-0.142596423626,"min":-4.22180509567,"var":0.627566218376},"erbbands_spread":{"dmean":7.11654376984,"dmean2":11.1195116043,"dvar":48.2570953369,"dvar2":115.685180664,"max":118.499061584,"mean":42.5767593384,"median":42.5898475647,"min":1.67234802246,"var":180.363708496},"gfcc":{"cov":[[15959.6738281,-1910.84594727,-494.01776123,1355.42236328,-1048.20617676,575.093078613,95.555480957,37.4138412476,-667.354309082,107.017929077,-503.81854248,23.6368255615,-281.412994385],[-1910.84594727,1945.59338379,-306.231781006,-323.105621338,356.06652832,-376.452056885,103.701065063,-31.0453243256,44.7924957275,-162.992843628,136.704269409,-160.686904907,62.7312011719],[-494.01776123,-306.231781006,679.024841309,-115.815406799,-71.4237823486,173.675216675,-42.0920677185,59.1584701538,59.7745475769,40.9214515686,6.32038497925,89.5492782593,-33.292137146],[1355.42236328,-323.105621338,-115.815406799,327.596343994,-102.257583618,78.2768936157,35.6188812256,-16.7637557983,-46.6606941223,8.07645606995,-48.488368988,-11.659362793,-5.94671440125],[-1048.20617676,356.06652832,-71.4237823486,-102.257583618,372.056182861,-91.9429473877,49.549911499,48.9735984802,33.5436401367,6.51908683777,17.3774280548,-12.4390268326,21.0647163391],[575.093078613,-376.452056885,173.675216675,78.2768936157,-91.9429473877,211.832229614,-16.1917037964,32.8078994751,11.8024950027,19.4607715607,-26.226272583,32.7540893555,-20.1598320007],[95.555480957,103.701065063,-42.0920677185,35.6188812256,49.549911499,-16.1917037964,137.650695801,16.3256969452,-19.0008659363,6.84868526459,6.71783208847,-7.92045783997,0.34435787797],[37.4138412476,-31.0453243256,59.1584701538,-16.7637557983,48.9735984802,32.8078994751,16.3256969452,96.9362792969,23.9186153412,12.5121107101,4.91114091873,15.5290870667,1.60774469376],[-667.354309082,44.7924957275,59.7745475769,-46.6606941223,33.5436401367,11.8024950027,-19.0008659363,23.9186153412,111.119178772,24.5852737427,30.8177127838,14.3641357422,15.0856132507],[107.017929077,-162.992843628,40.9214515686,8.07645606995,6.51908683777,19.4607715607,6.84868526459,12.5121107101,24.5852737427,87.178604126,17.0847625732,30.5955924988,-5.90914583206],[-503.81854248,136.704269409,6.32038497925,-48.488368988,17.3774280548,-26.226272583,6.71783208847,4.91114091873,30.8177127838,17.0847625732,91.4883117676,16.5295562744,16.4589309692],[23.6368255615,-160.686904907,89.5492782593,-11.659362793,-12.4390268326,32.7540893555,-7.92045783997,15.5290870667,14.3641357422,30.5955924988,16.5295562744,83.0173110962,17.2871112823],[-281.412994385,62.7312011719,-33.292137146,-5.94671440125,21.0647163391,-20.1598320007,0.34435787797,1.60774469376,15.0856132507,-5.90914583206,16.4589309692,17.2871112823,54.6652336121]],"icov":[[0.000284038687823,-0.00041996804066,0.000335927441483,-0.000805567251518,0.000726498081349,-0.000553023186512,0.000335142307449,-0.000910776434466,0.00137097109109,-0.00121566664893,0.00124119513202,-0.00109809159767,0.00106568087358],[-0.00041996804066,0.0023644878529,-0.000545906310435,0.00205310690217,-0.0018146680668,0.00226411269978,-0.00165509607177,0.00173683371395,-0.00278336345218,0.00449783774093,-0.00390616734512,0.00401217956096,-0.0023292710539],[0.000335927441483,-0.000545906310435,0.00311715970747,0.000443440949311,0.00126234116033,-0.00265198992565,0.000326725305058,-0.00153991300613,0.000887974572834,-0.00139985489659,0.00179334287532,-0.00352999311872,0.0030612081755],[-0.000805567251518,0.00205310690217,0.000443440949311,0.00785292033106,-0.00130681565497,-0.000327474961523,-0.00305741932243,0.00320380576886,-0.00339237740263,0.00339058134705,-0.00270255934447,0.00466843508184,-0.00443082302809],[0.000726498081349,-0.0018146680668,0.00126234116033,-0.00130681565497,0.00610979273915,-0.000775016727857,0.0000441775155196,-0.00453694304451,0.00293631805107,-0.00486497022212,0.00492058089003,-0.00333919469267,0.00218025967479],[-0.000553023186512,0.00226411269978,-0.00265198992565,-0.000327474961523,-0.000775016727857,0.0112167596817,-0.000962767633609,-0.00050815049326,-0.00447705574334,0.00470245676115,-0.00262791686691,0.00257201562636,-0.000917906989343],[0.000335142307449,-0.00165509607177,0.000326725305058,-0.00305741932243,0.0000441775155196,-0.000962767633609,0.0100244171917,-0.00306655350141,0.00428303098306,-0.00413184985518,0.00118653976824,-0.00199160492048,0.00178990978748],[-0.000910776434466,0.00173683371395,-0.00153991300613,0.00320380576886,-0.00453694304451,-0.00050815049326,-0.00306655350141,0.0164916906506,-0.00632953364402,0.00448700878769,-0.00434382678941,0.00292321387678,-0.00356069090776],[0.00137097109109,-0.00278336345218,0.000887974572834,-0.00339237740263,0.00293631805107,-0.00447705574334,0.00428303098306,-0.00632953364402,0.0197244547307,-0.0104485452175,0.00382424541749,-0.00401693675667,0.00134627847001],[-0.00121566664893,0.00449783774093,-0.00139985489659,0.00339058134705,-0.00486497022212,0.00470245676115,-0.00413184985518,0.00448700878769,-0.0104485452175,0.0250392574817,-0.0106588751078,0.00196910300292,-0.000223812123295],[0.00124119513202,-0.00390616734512,0.00179334287532,-0.00270255934447,0.00492058089003,-0.00262791686691,0.00118653976824,-0.00434382678941,0.00382424541749,-0.0106588751078,0.0223634615541,-0.00932530034333,0.00293347216211],[-0.00109809159767,0.00401217956096,-0.00352999311872,0.00466843508184,-0.00333919469267,0.00257201562636,-0.00199160492048,0.00292321387678,-0.00401693675667,0.00196910300292,-0.00932530034333,0.0271151736379,-0.0141829364002],[0.00106568087358,-0.0023292710539,0.0030612081755,-0.00443082302809,0.00218025967479,-0.000917906989343,0.00178990978748,-0.00356069090776,0.00134627847001,-0.000223812123295,0.00293347216211,-0.0141829364002,0.0299555081874]],"mean":[-16.6403312683,115.239250183,-106.804862976,32.0189590454,-27.3099880219,-4.57836389542,-35.2002754211,8.44790649414,-22.6047458649,0.785410881042,-17.4331111908,-2.85394120216,-8.13603115082]},"hfc":{"dmean":5.55448627472,"dmean2":7.75436973572,"dvar":109.157188416,"dvar2":209.597213745,"max":256.399353027,"mean":19.5962848663,"median":14.9387397766,"min":0.0000669012588332,"var":418.164398193},"melbands":{"dmean":[0.00104962685145,0.0018564480124,0.00110212212894,0.000688437721692,0.000302547618048,0.000288215174805,0.000164193625096,0.0000901658713701,0.000055415683164,0.0000664722538204,0.0000388582593587,0.0000197215904336,0.0000291127998935,0.000020295719878,0.0000201741204364,0.0000144959321915,0.0000250890643656,0.0000233621067309,0.0000185375101864,0.0000243954218604,0.0000270315322268,0.0000199964997591,0.0000150746882355,0.00000865250058268,0.0000103420352389,0.00000715426904208,0.00000616736087977,0.00000532240892426,0.00000403380863645,0.00000322802952724,0.00000200759450308,0.00000149190452703,0.00000127312671339,0.00000113302985483,0.00000113957446501,0.00000106120603505,0.00000101314378753,7.22710012724e-7,4.18448451001e-7,2.50065511409e-7],"dmean2":[0.00154207763262,0.00324367987923,0.00188539212104,0.00119455007371,0.000481503782794,0.000452523760032,0.000254583981587,0.000145771686221,0.0000892596217454,0.000108203203126,0.0000651202281006,0.0000325996334141,0.0000483233525301,0.0000332956915372,0.0000325984765368,0.0000234264080063,0.0000415101058024,0.0000385545499739,0.0000307978116325,0.0000406464750995,0.000044571061153,0.0000329928479914,0.0000242833848461,0.0000136645257953,0.0000165352084878,0.0000112580046334,0.00000972227280727,0.00000850652304507,0.00000627295821687,0.00000501872136738,0.00000303715728478,0.00000224201107812,0.00000187136970453,0.00000164290702287,0.00000162414073657,0.00000152759173488,0.00000152238089868,0.00000104501350506,5.9740176539e-7,3.62011121524e-7],"dvar":[0.0000026575830816,0.0000117109748317,0.00000272542979474,0.00000155890575115,3.33316933165e-7,3.58195535455e-7,1.1800220534e-7,4.38133334058e-8,1.42491511923e-8,1.44505785116e-8,4.07649247691e-9,1.16080534074e-9,2.06485561982e-9,1.40990763509e-9,1.27105836967e-9,6.22483120605e-10,2.07511807737e-9,2.13855111397e-9,2.21641438536e-9,2.23225726792e-9,1.93250637714e-9,1.08080777661e-9,6.16931283837e-10,1.78701164977e-10,3.10354797417e-10,1.42802186742e-10,1.3283427136e-10,1.09124632941e-10,7.40224825879e-11,6.38546715503e-11,3.76591501039e-11,4.63246316307e-11,6.09094510939e-11,3.91763219088e-11,5.86494394716e-11,5.52391708764e-11,4.7402241854e-11,2.06708365702e-11,5.38509861703e-12,1.43675761392e-12],"dvar2":[0.00000579804009249,0.0000329372378474,0.00000761291221352,0.00000432434444519,8.69870746101e-7,8.98700477592e-7,2.73610993418e-7,1.05400992823e-7,3.43938850733e-8,3.56734872753e-8,1.05567199427e-8,2.90022672544e-9,5.50595080639e-9,3.64459595836e-9,3.05958147706e-9,1.57861790306e-9,5.44683187442e-9,5.88127324619e-9,6.29731200519e-9,6.30479313202e-9,5.08819697487e-9,2.97570545982e-9,1.57101331943e-9,4.34029368002e-10,7.7651202135e-10,3.46811662721e-10,3.25735188822e-10,2.73063405221e-10,1.58998259003e-10,1.50866014126e-10,8.50599174429e-11,9.95877477705e-11,1.38053915522e-10,7.5555825485e-11,1.24529317413e-10,1.07749198452e-10,1.02181152428e-10,4.28689132803e-11,1.15134499157e-11,3.44034327936e-12],"max":[0.0178280882537,0.036925625056,0.0195227283984,0.0170034822077,0.00835290458053,0.0121971871704,0.00837228819728,0.00741686625406,0.00628478592262,0.00422942452133,0.00248157139868,0.0013623915147,0.000971076951828,0.00119670317508,0.000925428350456,0.000698311778251,0.0010425192304,0.00102171115577,0.00123946019448,0.00115818087943,0.00112565234303,0.000863938068505,0.000693727168255,0.000204661409953,0.000255397055298,0.000292200187687,0.000378987111617,0.000295896606985,0.000375642703148,0.000329185393639,0.000189722806681,0.000245137838647,0.000334499287419,0.000284451176412,0.000307468813844,0.000276617065538,0.000222126429435,0.000147558675963,0.0000711311877239,0.0000711753164069],"mean":[0.00184382381849,0.0032488880679,0.00222200038843,0.00116323214024,0.000528056174517,0.000475846114568,0.000313475262374,0.000144647521665,0.0000977025483735,0.000121059449157,0.0000627744593658,0.0000349104848283,0.0000506265969307,0.000035402859794,0.0000342375678883,0.0000248524975177,0.0000412455337937,0.0000416669900005,0.0000310320174322,0.0000455403351225,0.000056781929743,0.0000404926540796,0.0000273809582723,0.000016428743038,0.0000172252221091,0.0000127775001602,0.0000107304267658,0.00000930986243475,0.00000769729922467,0.00000607789752394,0.00000376355455955,0.00000261088257503,0.00000203796571441,0.00000191681670003,0.0000018639012751,0.00000181030532076,0.00000161206253324,0.00000115073646612,6.50491358556e-7,4.14626981637e-7],"median":[0.00106807309203,0.00226281560026,0.00171519711148,0.000816820771433,0.000326705892803,0.000268207862973,0.000154973677127,0.000076909433119,0.0000592415817664,0.0000754820284783,0.0000406118524552,0.0000215541458601,0.0000346158267348,0.0000230980676861,0.00001625243749,0.0000137209872264,0.0000217818269448,0.0000193802152353,0.0000136986072903,0.0000251120363828,0.0000353063151124,0.0000234704621107,0.0000151109206854,0.00000994149195321,0.00000831846591609,0.00000622483139523,0.00000485572445541,0.0000035059279071,0.00000227415216614,0.00000144651005485,6.54039240544e-7,3.18118992482e-7,1.96988850121e-7,1.5408502918e-7,1.18044653163e-7,1.1571806624e-7,1.55180671868e-7,1.21956304611e-7,9.48179419424e-8,8.82268764713e-8],"min":[2.12186224147e-9,3.19951509731e-10,7.4775480946e-12,5.84134823844e-12,1.25507156751e-11,7.74462091679e-12,5.22419347365e-12,3.17050617531e-12,6.57247346825e-12,7.86638375966e-12,1.75524655574e-12,1.98533485658e-12,3.23278057969e-12,1.74468002979e-12,1.043068301e-12,2.81393441534e-12,1.41383671264e-12,1.29064293974e-12,1.60530670788e-12,1.0996518366e-12,1.52789358856e-12,1.09356664349e-12,7.93780514409e-13,5.66624167291e-13,1.44646306651e-12,1.66440862828e-12,8.14534962916e-13,5.24376386497e-13,1.29290772966e-12,1.08948570651e-12,1.34993513763e-12,8.5211140444e-13,7.2340847505e-13,7.9020758036e-13,9.59544618241e-13,1.53626330407e-12,7.46528761118e-13,5.61561051566e-13,1.21888556106e-12,1.01591640916e-12],"var":[0.00000450707102573,0.0000122758983707,0.00000429527517554,0.00000183998781722,4.42403518264e-7,4.7780758905e-7,2.95478741918e-7,8.2696857362e-8,3.4237125135e-8,3.19526911596e-8,7.06520042471e-9,2.65085975393e-9,3.36305672199e-9,2.36748043392e-9,2.65448640846e-9,1.2541013783e-9,3.73202269088e-9,4.51525217215e-9,3.5885345806e-9,4.48942216735e-9,5.17569542779e-9,2.83730128281e-9,1.33285316117e-9,3.7657787999e-10,5.1304471782e-10,2.70733269137e-10,2.35336305998e-10,1.96203525649e-10,1.86079929243e-10,1.38756561796e-10,8.62503540811e-11,1.05512959481e-10,1.16846615716e-10,9.69940794349e-11,1.40901498802e-10,1.50189138903e-10,9.76160888233e-11,4.03272033822e-11,8.7412160843e-12,1.69541572621e-12]},"melbands_crest":{"dmean":2.86689472198,"dmean2":4.52288293839,"dvar":6.59737968445,"dvar2":15.639632225,"max":37.8326911926,"mean":15.5386123657,"median":15.0761766434,"min":5.05330753326,"var":22.1476135254},"melbands_flatness_db":{"dmean":0.0257456954569,"dmean2":0.0378498882055,"dvar":0.000694654881954,"dvar2":0.0014773150906,"max":0.519920289516,"mean":0.244614481926,"median":0.239178583026,"min":0.0578635185957,"var":0.00595165975392},"melbands_kurtosis":{"dmean":7.43022727966,"dmean2":12.0876102448,"dvar":154.68006897,"dvar2":356.35345459,"max":585.631347656,"mean":16.4939804077,"median":12.5444984436,"min":-1.8707190752,"var":341.44934082},"melbands_skewness":{"dmean":0.706044435501,"dmean2":1.12661147118,"dvar":0.606682658195,"dvar2":1.4816160202,"max":17.6407356262,"mean":3.32227253914,"median":3.18445849419,"min":-1.21219694614,"var":1.76370310783},"melbands_spread":{"dmean":5.74716520309,"dmean2":9.01103019714,"dvar":52.2812004089,"dvar2":117.316795349,"max":150.581069946,"mean":18.0983734131,"median":13.8880634308,"min":0.353599518538,"var":203.965591431},"mfcc":{"cov":[[12894.8779297,-1355.48059082,-482.866760254,733.419128418,-554.864379883,276.472442627,347.891693115,-85.7191619873,65.2398300171,53.112903595,-140.620864868,-103.391777039,-286.893463135],[-1355.48059082,1947.11120605,-331.804443359,83.7475509644,135.470230103,-213.21647644,92.4216918945,16.3737201691,-15.6323194504,4.17310094833,8.72959899902,9.16450405121,14.8400440216],[-482.866760254,-331.804443359,695.566162109,-234.845230103,18.2112064362,51.7276115417,-107.745704651,55.6251792908,-34.3412094116,0.47336819768,29.5033187866,8.05382919312,31.2970657349],[733.419128418,83.7475509644,-234.845230103,259.193328857,-34.9352073669,12.9388008118,77.7193832397,-19.6950321198,32.0225372314,5.15361452103,-18.5371665955,-5.68774032593,-12.045132637],[-554.864379883,135.470230103,18.2112064362,-34.9352073669,184.648895264,-7.29956817627,-13.3980255127,30.5181541443,24.8859806061,16.532743454,8.79446697235,10.752746582,24.0781402588],[276.472442627,-213.21647644,51.7276115417,12.9388008118,-7.29956817627,115.606811523,6.41273403168,4.94535732269,18.0286865234,2.65739059448,8.86157798767,-3.0603852272,0.37889662385],[347.891693115,92.4216918945,-107.745704651,77.7193832397,-13.3980255127,6.41273403168,135.249069214,19.3313388824,12.808339119,12.577586174,3.29101586342,0.253761947155,-12.8981246948],[-85.7191619873,16.3737201691,55.6251792908,-19.6950321198,30.5181541443,4.94535732269,19.3313388824,80.186164856,25.5720901489,5.19024848938,0.450685530901,5.58052778244,9.84807682037],[65.2398300171,-15.6323194504,-34.3412094116,32.0225372314,24.8859806061,18.0286865234,12.808339119,25.5720901489,75.0640640259,22.0592880249,0.251083940268,0.662415862083,5.98697423935],[53.112903595,4.17310094833,0.47336819768,5.15361452103,16.532743454,2.65739059448,12.577586174,5.19024848938,22.0592880249,59.7875556946,20.9410362244,5.61267805099,-2.47669863701],[-140.620864868,8.72959899902,29.5033187866,-18.5371665955,8.79446697235,8.86157798767,3.29101586342,0.450685530901,0.251083940268,20.9410362244,58.7824630737,19.607378006,7.51825475693],[-103.391777039,9.16450405121,8.05382919312,-5.68774032593,10.752746582,-3.0603852272,0.253761947155,5.58052778244,0.662415862083,5.61267805099,19.607378006,57.843334198,28.3121814728],[-286.893463135,14.8400440216,31.2970657349,-12.045132637,24.0781402588,0.37889662385,-12.8981246948,9.84807682037,5.98697423935,-2.47669863701,7.51825475693,28.3121814728,65.8864364624]],"icov":[[0.000129092863062,0.0000732495973352,-0.0000171261308424,-0.000288188661216,0.000221941343625,-0.000136832823046,-0.0001520854712,-0.000016132280507,0.0000342696730513,-0.000195780201466,0.000271106371656,-0.000124936035718,0.000405662663979],[0.0000732495973352,0.000812677084468,0.000219148249016,-0.00033298676135,-0.000454148190329,0.00124972441699,-0.00048081993009,-0.000234799983446,0.000339176505804,0.0000735167268431,-0.000354970048647,0.000231537429499,-0.0000163592903846],[-0.0000171261308424,0.000219148249016,0.00269501563162,0.00168487231713,0.000232555772527,-0.00107340316754,0.00131057179533,-0.00223457138054,0.00157184677664,-0.00070884131128,-0.000645578606054,0.000553940597456,-0.000918179925065],[-0.000288188661216,-0.00033298676135,0.00168487231713,0.00750142242759,0.000576895137783,-0.00116692495067,-0.00208656489849,0.00168211525306,-0.00232368032448,0.000185606986634,0.0011940819677,0.00000407241759603,-0.0013927272521],[0.000221941343625,-0.000454148190329,0.000232555772527,0.000576895137783,0.00734288711101,-0.000798273540568,0.000830982811749,-0.00188196229283,-0.00153518875595,-0.00186863075942,0.000525970186573,-0.00018611564883,-0.00108196993824],[-0.000136832823046,0.00124972441699,-0.00107340316754,-0.00116692495067,-0.000798273540568,0.0125903515145,-0.00137148238719,0.000710217107553,-0.00293217645958,0.00205855350941,-0.00321914069355,0.00162267987616,-0.00072219921276],[-0.0001520854712,-0.00048081993009,0.00131057179533,-0.00208656489849,0.000830982811749,-0.00137148238719,0.0113747697324,-0.00503373425454,0.00180284038652,-0.00183859071694,-0.00153609772678,-0.000277073064353,0.00118683162145],[-0.000016132280507,-0.000234799983446,-0.00223457138054,0.00168211525306,-0.00188196229283,0.000710217107553,-0.00503373425454,0.0187347121537,-0.00738043012097,0.00201592408121,0.00179631973151,-0.00131865893491,-0.00064232252771],[0.0000342696730513,0.000339176505804,0.00157184677664,-0.00232368032448,-0.00153518875595,-0.00293217645958,0.00180284038652,-0.00738043012097,0.0208317544311,-0.00747623993084,0.00151915184688,0.00133926642593,-0.0019874740392],[-0.000195780201466,0.0000735167268431,-0.00070884131128,0.000185606986634,-0.00186863075942,0.00205855350941,-0.00183859071694,0.00201592408121,-0.00747623993084,0.0233677309006,-0.00846085138619,-0.000360219739377,0.00218939478509],[0.000271106371656,-0.000354970048647,-0.000645578606054,0.0011940819677,0.000525970186573,-0.00321914069355,-0.00153609772678,0.00179631973151,0.00151915184688,-0.00846085138619,0.0243160855025,-0.00766695709899,0.00110629631672],[-0.000124936035718,0.000231537429499,0.000553940597456,0.00000407241759603,-0.00018611564883,0.00162267987616,-0.000277073064353,-0.00131865893491,0.00133926642593,-0.000360219739377,-0.00766695709899,0.0250462349504,-0.010680038482],[0.000405662663979,-0.0000163592903846,-0.000918179925065,-0.0013927272521,-0.00108196993824,-0.00072219921276,0.00118683162145,-0.00064232252771,-0.0019874740392,0.00218939478509,0.00110629631672,-0.010680038482,0.0225831568241]],"mean":[-662.762207031,148.971694946,-10.4906482697,40.9575614929,19.5012378693,0.207309946418,2.51778650284,-0.0796780064702,4.65286445618,-0.176243722439,-5.35744857788,2.3768992424,-1.44636189938]},"pitch_salience":{"dmean":0.0681765079498,"dmean2":0.109186731279,"dvar":0.00370731484145,"dvar2":0.00928705651313,"max":0.878718674183,"mean":0.566701769829,"median":0.580895543098,"min":0.084212936461,"var":0.0131212929264},"silence_rate_20dB":{"dmean":0,"dmean2":0,"dvar":0,"dvar2":0,"max":1,"mean":1,"median":1,"min":1,"var":0},"silence_rate_30dB":{"dmean":0.000317712459946,"dmean2":0.000635475444142,"dvar":0.000317607191391,"dvar2":0.000952791713644,"max":1,"mean":0.999841153622,"median":1,"min":0,"var":0.000158802969963},"silence_rate_60dB":{"dmean":0.00698967417702,"dmean2":0.0139804594219,"dvar":0.00694132316858,"dvar2":0.0150587167591,"max":1,"mean":0.0703677237034,"median":0,"min":0,"var":0.0654225200415},"spectral_centroid":{"dmean":249.062911987,"dmean2":381.918945312,"dvar":70278.65625,"dvar2":150994.65625,"max":4078.55615234,"mean":1211.05541992,"median":1112.46435547,"min":177.784194946,"var":373506.5},"spectral_complexity":{"dmean":4.4468626976,"dmean2":6.27754402161,"dvar":25.2364196777,"dvar2":43.1498336792,"max":60,"mean":24.0312919617,"median":22,"min":0,"var":205.986419678},"spectral_contrast_coeffs":{"dmean":[0.0479832999408,0.0438515134156,0.0340346544981,0.028295846656,0.0198145695031,0.0218446608633],"dmean2":[0.0780798122287,0.071570828557,0.056853339076,0.0471955239773,0.0325888805091,0.0330813005567],"dvar":[0.00175512814894,0.00126600894146,0.000733327353373,0.000525383162312,0.000278555933619,0.000511300575454],"dvar2":[0.00459816306829,0.00346955331042,0.00202331179753,0.00141633814201,0.000709375599399,0.00109361787327],"max":[-0.353124707937,-0.460452198982,-0.58511441946,-0.596230387688,-0.620123386383,-0.585593879223],"mean":[-0.633169054985,-0.737885594368,-0.787652015686,-0.78696423769,-0.796058535576,-0.763716578484],"median":[-0.632348060608,-0.743337392807,-0.790744781494,-0.792051613331,-0.797883152962,-0.75842165947],"min":[-0.968040347099,-0.95717215538,-0.957306802273,-0.946210861206,-0.934392511845,-0.917582988739],"var":[0.00621555140242,0.00443916674703,0.00231635174714,0.00194003200158,0.00103806029074,0.00325402407907]},"spectral_contrast_valleys":{"dmean":[0.359391629696,0.331801265478,0.309490174055,0.277297884226,0.286328077316,0.338994860649],"dmean2":[0.577261865139,0.536186635494,0.489933401346,0.417418479919,0.381671518087,0.403236329556],"dvar":[0.102698653936,0.0820610001683,0.0745076835155,0.0690543577075,0.0958978757262,0.169843152165],"dvar2":[0.248175367713,0.206646740437,0.177266553044,0.138094902039,0.163635551929,0.280052483082],"max":[-5.1887178421,-4.65693664551,-5.31835508347,-5.76174354553,-5.49377059937,-6.98614740372],"mean":[-6.87181138992,-6.76275920868,-7.46101617813,-7.65855646133,-7.51597738266,-10.8623495102],"median":[-6.56592607498,-6.46502923965,-7.10298109055,-7.28265476227,-7.0940246582,-10.5009860992],"min":[-15.1582727432,-14.6178913116,-15.0426893234,-15.5183973312,-14.8077554703,-16.2114715576],"var":[1.47713828087,1.41172468662,1.55510985851,1.7471023798,2.31193685532,2.29190373421]},"spectral_decrease":{"dmean":2.70139643987e-9,"dmean2":4.37505942585e-9,"dvar":1.49118578721e-17,"dvar2":3.90369361249e-17,"max":-2.68195893858e-15,"mean":-8.40133385083e-9,"median":-8.03233390911e-9,"min":-3.91530896593e-8,"var":2.91893807109e-17},"spectral_energy":{"dmean":0.0105199106038,"dmean2":0.016953131184,"dvar":0.000222702976316,"dvar2":0.000580076186452,"max":0.150131344795,"mean":0.0334859155118,"median":0.0323667228222,"min":2.23997282944e-8,"var":0.000456944282632},"spectral_energyband_high":{"dmean":0.00036005891161,"dmean2":0.000490118167363,"dvar":0.00000153437986228,"dvar2":0.00000259967714555,"max":0.0334545634687,"mean":0.000814073544461,"median":0.000208864774322,"min":1.55870372165e-9,"var":0.0000049766349548},"spectral_energyband_low":{"dmean":0.00737901171669,"dmean2":0.0121997203678,"dvar":0.00015089380031,"dvar2":0.000406085309805,"max":0.134285837412,"mean":0.015825772658,"median":0.0126488599926,"min":7.64682539511e-9,"var":0.000203423784114},"spectral_energyband_middle_high":{"dmean":0.00132570194546,"dmean2":0.00196579820476,"dvar":0.00000316668160849,"dvar2":0.00000715652913641,"max":0.0267445165664,"mean":0.00445735733956,"median":0.00337001285516,"min":2.45694492529e-10,"var":0.0000163078748301},"spectral_energyband_middle_low":{"dmean":0.00555793102831,"dmean2":0.00919061899185,"dvar":0.000070174690336,"dvar2":0.000182691888767,"max":0.102804012597,"mean":0.014224441722,"median":0.012231300585,"min":5.57615675856e-10,"var":0.000126862549223},"spectral_entropy":{"dmean":0.14170910418,"dmean2":0.194888606668,"dvar":0.0260507743806,"dvar2":0.0484322868288,"max":8.99130535126,"mean":7.41760921478,"median":7.52177381516,"min":4.94823455811,"var":0.294590860605},"spectral_flux":{"dmean":0.0269013419747,"dmean2":0.0397759713233,"dvar":0.00108382385224,"dvar2":0.00188163376879,"max":0.304747283459,"mean":0.0846017673612,"median":0.0762643739581,"min":0.0000911319220904,"var":0.00287290173583},"spectral_kurtosis":{"dmean":2.50985455513,"dmean2":4.10074281693,"dvar":17.6849327087,"dvar2":46.5177497864,"max":85.2373352051,"mean":7.8178486824,"median":5.73773574829,"min":-1.00710391998,"var":59.2595863342},"spectral_rms":{"dmean":0.000804722076282,"dmean2":0.00125647429377,"dvar":9.91070010059e-7,"dvar2":0.00000247724733526,"max":0.0121024632826,"mean":0.00532094109803,"median":0.00561936758459,"min":0.0000046747613851,"var":0.00000435650099462},"spectral_rolloff":{"dmean":446.466400146,"dmean2":754.398254395,"dvar":1290432.875,"dvar2":2751265.5,"max":20779.5410156,"mean":1125.14477539,"median":624.462890625,"min":21.533203125,"var":2105170.5},"spectral_skewness":{"dmean":0.300865232944,"dmean2":0.461655080318,"dvar":0.13752040267,"dvar2":0.320146262646,"max":7.33638048172,"mean":1.75394415855,"median":1.56281733513,"min":-0.0354726314545,"var":0.633115887642},"spectral_spread":{"dmean":456999.5625,"dmean2":579325.5625,"dvar":276420460544,"dvar2":465875075072,"max":18347900,"mean":3637152,"median":3418340.25,"min":925796.25,"var":2115273228290},"spectral_strongpeak":{"dmean":0.228602319956,"dmean2":0.393828898668,"dvar":0.165080159903,"dvar2":0.453789979219,"max":8.3759803772,"mean":0.46663710475,"median":0.349379628897,"min":0,"var":0.191760703921},"zerocrossingrate":{"dmean":0.00829837657511,"dmean2":0.00971054844558,"dvar":0.000147923405166,"dvar2":0.000206924509257,"max":0.3623046875,"mean":0.0462288446724,"median":0.0390625,"min":0.00244140625,"var":0.000894570082892}},"metadata":{"audio_properties":{"analysis_sample_rate":44100,"bit_rate":0,"codec":"flac","downmix":"mix","equal_loudness":0,"length":292.333343506,"lossless":true,"md5_encoded":"7aaafa233437633a23ecd0246a59a072","replay_gain":-13.7839698792},"tags":{"acoustid_id":["a18098cf-cb0d-4ee2-9a4e-2b8dc17dd82d"],"album":["A Thousand Leaves"],"albumartist":["Sonic Youth"],"albumartistsort":["Sonic Youth"],"artist":["Sonic Youth"],"artists":["Sonic Youth"],"artistsort":["Sonic Youth"],"asin":["B000006P0F"],"barcode":["720642520321"],"catalognumber":["DGCD-25203"],"composer":["Sonic Youth"],"composersort":["Sonic Youth"],"date":["1998-05-12"],"file_name":"02 - Sunday.flac","label":["Geffen Records"],"language":["eng"],"media":["CD"],"musicbrainz_albumartistid":["5cbef01b-cc35-4f52-af7b-d0df0c4f61b9"],"musicbrainz_albumid":["2d1a9f62-2a28-3b47-8cf3-ec51c4af14b4"],"musicbrainz_artistid":["5cbef01b-cc35-4f52-af7b-d0df0c4f61b9"],"musicbrainz_recordingid":["826ea14f-4fb4-47b2-84f9-530167078b6e"],"musicbrainz_releasegroupid":["d2450e24-9345-376e-b6cc-dfd6b0138de1"],"musicbrainz_releasetrackid":["0a496cdb-cee4-39cc-addb-d886c2545a61"],"musicbrainz_workid":["912aa098-5681-3ff7-b467-54323ee3ebdb"],"originaldate":["1998"],"performer":["Kim Gordon (bass guitar)","Steve Shelley (drums)","Thurston Moore (lead vocals)","Lee Ranaldo (electric guitar)","Thurston Moore (electric guitar)"],"producer":["Sonic Youth","Wharton Tiers","Don Fleming"],"releasecountry":["US"],"releasestatus":["official"],"releasetype":["album"],"script":["Latn"],"title":["Sunday"],"totaltracks":["11"],"tracknumber":["2"],"tracktotal":["11"],"work":["Sunday"],"writer":["Kim Gordon","Lee Ranaldo","Thurston Moore","Steve Shelley"]},"version":{"essentia":"2.1-beta1","essentia_build_sha":"85931cb11b241c07ac43bfc3827c398894034a25","essentia_git_sha":"v2.1_beta1-6-g5578087","extractor":"music 1.0"}},"rhythm":{"beats_count":630,"beats_loudness":{"dmean":0.0103469947353,"dmean2":0.0179797299206,"dvar":0.