{"lowlevel":{"average_loudness":0.410736113787,"barkbands":{"dmean":[0.00439746631309,0.00922647677362,0.00453656399623,0.00175964273512,0.0016121462686,0.00195458461531,0.000559310778044,0.000364232400898,0.00033565791091,0.000289426126983,0.000178838919965,0.000226620220928,0.000168102720636,0.000161537362146,0.000133506822749,0.000106601102743,0.0000892195384949,0.0000815695748315,0.0000814662416815,0.0000791134007159,0.0000709019368514,0.0000452152708021,0.0000360280100722,0.00000803715465736,0.00000264268146566,0.0000186859906535,0.000120918564789],"dmean2":[0.00711224414408,0.0151439141482,0.00757868029177,0.00288168084808,0.00268445909023,0.00297873443924,0.000911407347303,0.000585680012591,0.000540629087482,0.000472503772471,0.000300256826449,0.000373891351046,0.00027565745404,0.000263455382083,0.000217176173464,0.000171575811692,0.000142857519677,0.000128260828205,0.000122641329654,0.000114554699394,0.0000986381710391,0.0000610584174865,0.0000486435674247,0.0000122819346871,0.00000435504580309,0.0000252906720561,0.000160288574989],"dvar":[0.000127788676764,0.00036697514588,0.00009773507918,0.0000165921774169,0.0000145746816997,0.0000242896530835,0.00000161514617503,0.00000130432181322,6.88501870627e-7,4.97917142184e-7,1.65834464383e-7,2.68482267529e-7,1.50036200353e-7,1.39468156135e-7,7.56647935418e-8,4.99450791835e-8,3.97411206166e-8,4.31035047654e-8,3.6659628222e-8,3.00809013254e-8,2.37759536503e-8,1.04299822112e-8,8.67361649171e-9,4.51132631252e-10,3.86475643155e-11,2.12437889502e-9,4.87560356532e-8],"dvar2":[0.000300748943118,0.000940285681281,0.000256999599515,0.0000386360261473,0.000037606456317,0.0000532371013833,0.00000391470939576,0.00000303066690321,0.00000167589803368,0.00000122184883367,4.35029448909e-7,7.00539715126e-7,3.78744971385e-7,3.65232324384e-7,1.80902247848e-7,1.26652210497e-7,1.02183456363e-7,1.07008524708e-7,8.53573567383e-8,6.31337471191e-8,4.63100668924e-8,1.92045650493e-8,1.54566137667e-8,1.00046448903e-9,9.16736131451e-11,3.58888674334e-9,8.24391221954e-8],"max":[0.183338403702,0.399114072323,0.151657342911,0.0821800306439,0.0870738327503,0.0899150520563,0.0314195007086,0.0328328162432,0.0217718724161,0.0199671890587,0.014524275437,0.0149844866246,0.00960311014205,0.0179089792073,0.0108719542623,0.00577140320092,0.00763674406335,0.00526919262484,0.00514394789934,0.00386283639818,0.00316748861223,0.00238654133864,0.00167690042872,0.000466666737339,0.00014547923638,0.000852090015542,0.00535233318806],"mean":[0.00494373869151,0.0147962365299,0.00665367394686,0.00218657590449,0.00215400801972,0.00305729289539,0.000807075295597,0.000483924639411,0.000513506412972,0.000427832681453,0.000267636904027,0.000364892941434,0.000269056821708,0.000269987474894,0.000231382175116,0.000193932064576,0.000166354089743,0.00015213653387,0.000161120697157,0.000171014631633,0.000153738161316,0.0000957598458626,0.0000645410764264,0.0000104528817246,0.00000265603830485,0.0000348429166479,0.000445887097158],"median":[0.000596540689003,0.00383890792727,0.00141674163751,0.000563250563573,0.000708485429641,0.000427655875683,0.000245778821409,0.000126270228066,0.000164335215231,0.000167057136423,0.000112226342026,0.00016183333355,0.000110142565973,0.000110800850962,0.000108279535198,0.0000728126833565,0.0000570014053665,0.0000398156407755,0.0000399301206926,0.0000447694510513,0.0000358103934559,0.0000192601983144,0.00000999543135549,0.0000015981352135,4.84379029331e-7,0.0000071975487117,0.000234690334764],"min":[2.6797807096e-25,3.46171886734e-24,1.54329384978e-24,1.13848760829e-24,7.88657300221e-24,8.25418060632e-24,6.58583958269e-24,7.0966747449e-24,1.45645700769e-23,9.93091471556e-24,1.34997750933e-23,2.74246831057e-23,2.89321678966e-23,4.00591645607e-23,3.64800332139e-23,6.76533801858e-23,8.00406294777e-23,9.88732447075e-23,1.2582684848e-22,1.75245450095e-22,2.82824431224e-22,2.6723222309e-22,3.93181578512e-22,5.53270940647e-22,7.88947490594e-22,1.37800727084e-21,1.86938860249e-21],"var":[0.000167089907336,0.000604878703598,0.000155808142154,0.000023922046239,0.0000187425175682,0.0000563994180993,0.00000299958765027,0.00000186462034435,0.00000118213949918,7.61455680731e-7,2.38239806549e-7,4.21792123007e-7,2.31268387552e-7,2.35320030129e-7,1.41525831054e-7,1.12214898706e-7,8.66869385163e-8,8.93202525276e-8,8.75679262435e-8,9.08412332024e-8,7.78045787797e-8,3.52275435489e-8,2.12226289875e-8,6.85211165585e-10,4.22966453528e-11,5.48042455861e-9,3.87139124314e-7]},"barkbands_crest":{"dmean":2.824457407,"dmean2":4.57395982742,"dvar":6.17328691483,"dvar2":16.112449646,"max":26.66563797,"mean":12.3766012192,"median":11.8246059418,"min":2.71358251572,"var":20.7931804657},"barkbands_flatness_db":{"dmean":0.0356171131134,"dmean2":0.0571463219821,"dvar":0.00123106257524,"dvar2":0.00327767268755,"max":0.543924033642,"mean":0.183759063482,"median":0.162247374654,"min":0.0328337103128,"var":0.00781907793134},"barkbands_kurtosis":{"dmean":9.74538993835,"dmean2":15.4725990295,"dvar":518.957275391,"dvar2":1198.31323242,"max":921.408813477,"mean":20.6755180359,"median":9.52749443054,"min":-1.70265245438,"var":2097.99243164},"barkbands_skewness":{"dmean":0.811780929565,"dmean2":1.28804969788,"dvar":0.748797595501,"dvar2":1.7866178751,"max":28.7488136292,"mean":3.06062459946,"median":2.66586589813,"min":-2.10558795929,"var":4.50815010071},"barkbands_spread":{"dmean":5.2828669548,"dmean2":8.24429321289,"dvar":46.2783317566,"dvar2":104.494049072,"max":119.811920166,"mean":18.1222000122,"median":13.3977193832,"min":0.259846270084,"var":297.276885986},"dissonance":{"dmean":0.0239391736686,"dmean2":0.0397935546935,"dvar":0.000851710850839,"dvar2":0.00234687165357,"max":0.500000059605,"mean":0.457145243883,"median":0.472414195538,"min":0.137364879251,"var":0.00195116084069},"dynamic_complexity":7.06159496307,"erbbands":{"dmean":[0.346016973257,1.97035241127,5.11547040939,5.69622135162,5.0051074028,5.55683517456,8.51115608215,18.7649536133,10.7673721313,7.03680086136,7.68303012848,7.51047754288,8.267121315,8.19584751129,7.22348308563,8.93824100494,7.2775349617,7.32562589645,7.81797885895,5.92801523209,5.29191350937,4.74796915054,4.42926979065,3.96863937378,4.09390115738,3.83495259285,3.30401539803,2.54671144485,1.69534265995,1.22951948643,0.979206204414,0.373361468315,0.0493062213063,0.0298148989677,0.0187565218657,0.011514050886,0.0415949076414,0.0346863083541,0.0128868091851,0.00262335152365],"dmean2":[0.575956463814,3.22953271866,8.45641136169,9.13603687286,8.35707950592,9.34675788879,13.6542377472,28.6219234467,16.9083137512,11.3860874176,12.2377443314,12.0823154449,13.3634204865,13.3739919662,11.8797950745,14.6563205719,11.8253488541,11.7495756149,12.7712316513,9.55429363251,8.37859916687,7.52493524551,6.95416069031,6.01185417175,6.10800170898,5.58819150925,4.70761585236,3.55593180656,2.3117878437,1.65818583965,1.33353698254,0.52813154459,0.0786918923259,0.0490900948644,0.030836019665,0.0184013117105,0.0564359202981,0.0438266955316,0.0165259223431,0.00364576024003],"dvar":[0.611307859421,16.2560386658,112.477500916,174.393814087,121.653335571,222.796707153,475.297058105,2655.79663086,787.362426758,347.16305542,640.101745605,366.223937988,580.632568359,322.982330322,252.47958374,476.069793701,306.69708252,220.070419312,308.28729248,133.129440308,145.048065186,100.57989502,126.165931702,83.0715408325,93.8094711304,71.4997024536,52.5945167542,31.9151630402,15.0169897079,8.39576911926,6.60468196869,1.07774937153,0.011918050237,0.00494007347152,0.00192562805023,0.000638010445982,0.0115566784516,0.0065466882661,0.00070955499541,0.0000193398245756],"dvar2":[1.54325306416,42.981010437,294.592376709,397.199645996,305.691986084,595.61517334,1140.90478516,5720.01416016,1809.20898438,812.538146973,1544.17431641,890.235534668,1395.79248047,814.389831543,664.188903809,1229.33874512,767.305053711,557.333068848,783.265563965,335.524139404,363.821075439,253.682678223,314.051757812,194.496917725,215.225402832,152.296600342,108.177886963,63.0899848938,28.1080303192,14.7078132629,11.9758300781,2.09387183189,0.0274204015732,0.0117067387328,0.00456388434395,0.00147875677794,0.0201198346913,0.0100331492722,0.00112117081881,0.0000376082789444],"max":[19.4686374664,76.0025787354,191.295593262,269.013153076,361.039489746,246.160339355,584.79876709,1047.28710938,603.886169434,685.565856934,870.225097656,582.214477539,654.991455078,524.490905762,665.764343262,762.92590332,471.46484375,406.322357178,587.078308105,269.977020264,342.194458008,215.772918701,305.984283447,230.063659668,206.73651123,209.296203613,146.568283081,124.927604675,83.7374725342,64.9646835327,48.9398803711,21.6356945038,2.48779058456,1.64330267906,1.02973306179,0.592166900635,1.96372866631,1.85983455181,0.610178589821,0.117377772927],"mean":[0.460441201925,3.16004753113,8.02282142639,8.06593608856,6.77003192902,6.80805110931,12.4880714417,28.5172920227,16.632183075,10.3225278854,10.8227682114,11.715089798,12.3580160141,13.1306495667,12.4726333618,14.9245672226,12.5200805664,13.2606248856,13.8257541656,11.3479061127,10.2496528625,9.28942012787,8.52181339264,8.01312446594,8.16768455505,8.19521713257,7.01775598526,5.52455377579,3.59431958199,2.45283651352,1.69755339622,0.556499183178,0.0585892647505,0.0303659755737,0.0192186366767,0.0141646210104,0.0737441778183,0.083244740963,0.0400364995003,0.0122509011999],"median":[0.109944164753,0.787615358829,1.84515285492,2.25927019119,2.34665489197,2.0231795311,2.37962722778,3.59884262085,3.6297314167,3.5612988472,3.33903884888,3.83311676979,4.63539505005,5.99872398376,6.04905033112,6.80087709427,5.54056835175,5.79016304016,6.58659315109,5.36344337463,3.80565404892,3.26649165154,2.43714189529,2.13696026802,1.95903551579,2.14755535126,1.64858627319,1.23438179493,0.745316386223,0.44784668088,0.252592295408,0.0765970051289,0.0134885990992,0.00587004935369,0.00381282973103,0.00397335877642,0.0140567831695,0.0199163164943,0.0133997136727,0.00904187932611],"min":[7.52377098096e-23,9.08688800993e-22,2.76204047974e-21,9.03795551072e-21,8.51209805451e-21,2.42405278509e-20,3.75175553953e-20,1.10460949368e-19,1.02020837837e-19,1.48728004715e-19,2.69590078202e-19,4.24204506951e-19,4.77184468757e-19,6.3157690291e-19,1.03156711915e-18,1.51856732664e-18,1.73701869538e-18,1.99525352248e-18,2.59226575291e-18,2.6057188116e-18,3.69601916636e-18,4.48020127631e-18,4.81167446804e-18,5.46880949412e-18,5.90862762967e-18,8.30209499802e-18,1.0410782693e-17,1.13800224768e-17,1.02237612924e-17,1.10358541306e-17,1.04710411463e-17,1.1378741174e-17,8.52122506845e-18,8.2482687012e-18,5.93588364445e-18,4.23269146624e-18,2.43534028493e-18,9.49231939116e-19,2.33931692012e-19,2.77466750488e-20],"var":[0.786664485931,28.1985263824,200.230606079,290.827301025,178.666915894,229.362884521,916.79510498,5936.00537109,1834.48669434,603.872131348,830.97088623,662.04473877,821.820861816,523.817565918,414.821533203,742.39855957,489.480804443,445.688049316,543.317749023,303.195251465,348.741119385,240.585586548,261.304931641,207.096221924,227.43812561,211.14440918,159.979156494,103.574035645,49.5040016174,25.0559616089,15.2755689621,2.02807211876,0.0155567666516,0.00543557945639,0.00212898221798,0.000826805480756,0.0272396802902,0.0240198578686,0.00405353540555,0.000211328602745]},"erbbands_crest":{"dmean":2.5797932148,"dmean2":4.12073326111,"dvar":6.58765888214,"dvar2":15.9683818817,"max":28.6594486237,"mean":8.85179615021,"median":7.51554203033,"min":2.28823041916,"var":23.4445266724},"erbbands_flatness_db":{"dmean":0.0270259100944,"dmean2":0.0429066419601,"dvar":0.000885729328729,"dvar2":0.00238506007008,"max":0.397587925196,"mean":0.140688493848,"median":0.124576874077,"min":0.0320089608431,"var":0.00310479663312},"erbbands_kurtosis":{"dmean":1.29909288883,"dmean2":2.15613269806,"dvar":11.1035957336,"dvar2":33.8107757568,"max":99.3980407715,"mean":0.983158886433,"median":-0.0158216953278,"min":-1.77621996403,"var":12.5365791321},"erbbands_skewness":{"dmean":0.403868675232,"dmean2":0.632915139198,"dvar":0.186253637075,"dvar2":0.503451645374,"max":9.10871219635,"mean":0.372824430466,"median":0.236188471317,"min":-3.01848983765,"var":0.846711039543},"erbbands_spread":{"dmean":7.86963033676,"dmean2":12.1917152405,"dvar":54.2560157776,"dvar2":129.541778564,"max":140.647705078,"mean":36.7570762634,"median":35.2492637634,"min":2.61387729645,"var":337.954345703},"gfcc":{"cov":[[29891.7207031,-2990.28173828,-3964.27539062,1291.58947754,773.08996582,-1272.32836914,609.25970459,-1607.23059082,546.84197998,278.356384277,-46.5580749512,717.366943359,-557.257141113],[-2990.28173828,1446.31640625,601.370849609,-481.179504395,-103.309829712,218.509613037,-103.526931763,235.656616211,-96.1593170166,-62.3047485352,40.2562408447,-143.377365112,184.845947266],[-3964.27539062,601.370849609,874.405456543,-124.237388611,-175.192993164,284.787322998,-132.862686157,326.526763916,-110.238502502,-28.436964035,24.7869586945,-122.677215576,82.3445510864],[1291.58947754,-481.179504395,-124.237388611,392.090118408,112.621955872,-88.4835205078,74.2216033936,-61.4574661255,43.2923851013,19.4988288879,-18.5456886292,55.5878181458,-84.8887557983],[773.08996582,-103.309829712,-175.192993164,112.621955872,271.170166016,-17.1410598755,86.0238647461,-77.3552856445,41.1260185242,10.7540483475,13.6965560913,8.9263381958,-1.69535946846],[-1272.32836914,218.509613037,284.787322998,-88.4835205078,-17.1410598755,302.637359619,-56.6492767334,160.998840332,-73.4559249878,-2.12016201019,3.83341240883,-49.7496147156,48.0934143066],[609.25970459,-103.526931763,-132.862686157,74.2216033936,86.0238647461,-56.6492767334,211.406494141,-65.4770202637,69.2802200317,-24.1367588043,-7.91900062561,36.2121353149,-51.659198761],[-1607.23059082,235.656616211,326.526763916,-61.4574661255,-77.3552856445,160.998840332,-65.4770202637,257.740356445,-31.8027820587,21.4959545135,9.72398471832,-76.3400344849,57.7211608887],[546.84197998,-96.1593170166,-110.238502502,43.2923851013,41.1260185242,-73.4559249878,69.2802200317,-31.8027820587,124.632202148,43.7311553955,9.08262443542,29.0775966644,-35.6678199768],[278.356384277,-62.3047485352,-28.436964035,19.4988288879,10.7540483475,-2.12016201019,-24.1367588043,21.4959545135,43.7311553955,87.8393249512,41.1477584839,8.04976272583,4.27861738205],[-46.5580749512,40.2562408447,24.7869586945,-18.5456886292,13.6965560913,3.83341240883,-7.91900062561,9.72398471832,9.08262443542,41.1477584839,68.5150909424,24.5196075439,15.9705228806],[717.366943359,-143.377365112,-122.677215576,55.5878181458,8.9263381958,-49.7496147156,36.2121353149,-76.3400344849,29.0775966644,8.04976272583,24.5196075439,100.398841858,-3.2191324234],[-557.257141113,184.845947266,82.3445510864,-84.8887557983,-1.69535946846,48.0934143066,-51.659198761,57.7211608887,-35.6678199768,4.27861738205,15.9705228806,-3.2191324234,100.053459167]],"icov":[[0.000115450522571,-0.000162399403052,0.000595935329329,-0.000446417659987,0.0002290050179,-0.000192161067389,0.0000290660354949,0.000202274488402,0.0000138835166581,-0.000221915281145,-0.000111470268166,-0.00000954125971475,0.000100314129668],[-0.000162399403052,0.00225640949793,-0.00191679981072,0.00237201224081,-0.000714398745913,0.000464207929326,-0.000339932739735,-0.0000107809091787,-0.0008783385274,0.00188233598601,-0.0010671162745,0.00143307552207,-0.00206482224166],[0.000595935329329,-0.00191679981072,0.00734346592799,-0.00516067957506,0.00413326639682,-0.00348055269569,0.000898722966667,-0.000388239364838,-0.00165987538639,0.00332655175589,-0.00593285961077,0.00376076623797,-0.00079677515896],[-0.000446417659987,0.00237201224081,-0.00516067957506,0.0105565991253,-0.00700968690217,0.00481732888147,-0.000500368187204,-0.0044899941422,0.00485569192097,-0.00498938281089,0.00869392044842,-0.00871763564646,0.00650899391621],[0.0002290050179,-0.000714398745913,0.00413326639682,-0.00700968690217,0.0110841123387,-0.00534318527207,-0.00198059249669,0.00585239706561,-0.00595073914155,0.00533940270543,-0.0102220121771,0.0113174309954,-0.0087503073737],[-0.000192161067389,0.000464207929326,-0.00348055269569,0.00481732888147,-0.00534318527207,0.00900382827967,-0.000396871269913,-0.00560751883313,0.00679712370038,-0.00551869580522,0.00733420997858,-0.00722860032693,0.0048912698403],[0.0000290660354949,-0.000339932739735,0.000898722966667,-0.000500368187204,-0.00198059249669,-0.000396871269913,0.00902344658971,-0.00126822188031,-0.00506288744509,0.00652253767475,-0.00188897433691,-0.00204611918889,0.00332542019896],[0.000202274488402,-0.0000107809091787,-0.000388239364838,-0.0044899941422,0.00585239706561,-0.00560751883313,-0.00126822188031,0.0144294528291,-0.00543566187844,0.0000202622031793,-0.00511839287356,0.0112058911473,-0.00928913988173],[0.0000138835166581,-0.0008783385274,-0.00165987538639,0.00485569192097,-0.00595073914155,0.00679712370038,-0.00506288744509,-0.00543566187844,0.0231544151902,-0.018726920709,0.0136255482212,-0.0126655064523,0.010812276043],[-0.000221915281145,0.00188233598601,0.00332655175589,-0.00498938281089,0.00533940270543,-0.00551869580522,0.00652253767475,0.0000202622031793,-0.018726920709,0.0376920886338,-0.026945784688,0.0142445974052,-0.009113650769],[-0.000111470268166,-0.0010671162745,-0.00593285961077,0.00869392044842,-0.0102220121771,0.00733420997858,-0.00188897433691,-0.00511839287356,0.0136255482212,-0.026945784688,0.0420214347541,-0.0231712721288,0.010445188731],[-0.00000954125971475,0.00143307552207,0.00376076623797,-0.00871763564646,0.0113174309954,-0.00722860032693,-0.00204611918889,0.0112058911473,-0.0126655064523,0.0142445974052,-0.0231712721288,0.0337950214744,-0.0173852648586],[0.000100314129668,-0.00206482224166,-0.00079677515896,0.00650899391621,-0.0087503073737,0.0048912698403,0.00332542019896,-0.00928913988173,0.010812276043,-0.009113650769,0.010445188731,-0.0173852648586,0.0271403361112]],"mean":[-78.1538696289,105.707901001,-66.6425552368,10.0638952255,-16.6385650635,-10.1820411682,5.37797355652,-15.7397508621,-0.268171817064,-7.09866714478,-7.61924409866,-0.612895727158,-9.44358253479]},"hfc":{"dmean":27.0323677063,"dmean2":43.3388175964,"dvar":1907.9987793,"dvar2":4959.90185547,"max":1025.03564453,"mean":104.120895386,"median":93.0178070068,"min":1.08917564555e-16,"var":11287.6621094},"melbands":{"dmean":[0.00283077522181,0.00255307368934,0.000905489432625,0.000365279789548,0.000282960420009,0.000402155303163,0.000152364504174,0.0000766701123212,0.0000626183173154,0.0000475185988762,0.000041996834625,0.0000350235568476,0.0000251105957432,0.0000268285020866,0.000019647024601,0.0000155973521032,0.0000146725205923,0.0000141868222272,0.00000931558406592,0.00000828364863992,0.00000631757256997,0.00000531232080903,0.0000045818592298,0.00000429284455095,0.00000334163928528,0.00000353999325853,0.00000266719371211,0.00000271169960797,0.00000224445466301,0.0000019956921733,0.00000144120474488,0.00000110801829578,7.6501254398e-7,7.01541466697e-7,5.98765666382e-7,5.07335073507e-7,1.19529573794e-7,3.12590380247e-8,2.73692748465e-8,2.42655193716e-8],"dmean2":[0.00465389946476,0.00417459756136,0.00145071814768,0.000606227607932,0.00045918757678,0.000610702612903,0.000239137865719,0.000123242250993,0.0000996381568257,0.0000766332668718,0.0000681000601617,0.0000572639401071,0.000041822939238,0.0000442720374849,0.000032011703297,0.0000254399128607,0.0000237444473896,0.0000234313210967,0.0000151502590597,0.0000135279806273,0.0000101651376099,0.00000856026781548,0.00000729237990527,0.00000687314650349,0.0000052146328926,0.00000543093574379,0.00000399783993998,0.00000405117680202,0.00000331656815433,0.00000293975858767,0.00000207661219065,0.0000015863072349,0.00000106264656097,9.80675395112e-7,8.38443611428e-7,7.14137286195e-7,1.80006622941e-7,5.16411020612e-8,4.51976660543e-8,4.00226269903e-8],"dvar":[0.0000372606518795,0.0000250135872193,0.00000397438543587,7.67287417602e-7,4.62139325919e-7,0.00000113555506687,1.50557355028e-7,4.45060486243e-8,4.08889206938e-8,1.44972851501e-8,1.47012881868e-8,6.11190742461e-9,3.23079962783e-9,3.60766061469e-9,2.51790654993e-9,1.28026822477e-9,9.69003877138e-10,1.14237230786e-9,3.57681440022e-10,2.93514434979e-10,2.30887323149e-10,1.32708025125e-10,1.00705437045e-10,1.5469622805e-10,5.85513998397e-11,7.32968755135e-11,3.76846262529e-11,3.64226808436e-11,2.52116903743e-11,1.97470425428e-11,1.04022415681e-11,6.80591477273e-12,3.07814364275e-12,2.93142506796e-12,2.42007867739e-12,2.08696796823e-12,1.03370267803e-13,5.49933642258e-15,4.2026285067e-15,3.28053192318e-15],"dvar2":[0.0000933721094043,0.0000648274362902,0.00000905318029254,0.00000196133237296,0.00000113045246053,0.00000245301271207,3.4442794572e-7,1.02716988692e-7,1.01361635529e-7,3.50288829054e-8,3.54031932659e-8,1.53599799546e-8,8.47000602988e-9,9.51150624928e-9,6.34003383126e-9,3.2177067677e-9,2.48833287309e-9,3.01152258686e-9,8.6499235552e-10,7.47258310785e-10,5.89153559272e-10,3.44429151866e-10,2.5319185637e-10,3.95985050305e-10,1.41960540545e-10,1.76198305946e-10,8.5442902753e-11,8.11793063327e-11,5.56930647433e-11,4.17685504239e-11,2.18731734114e-11,1.41508879267e-11,5.87230264415e-12,5.51967109172e-12,4.6306543669e-12,3.99372462184e-12,2.2494271799e-13,1.30518044763e-14,9.97315650339e-15,7.78288854398e-15],"max":[0.142006367445,0.090205706656,0.0406541638076,0.0214164275676,0.0151528436691,0.0207713674754,0.00859599094838,0.00782965775579,0.00816249661148,0.00360115477815,0.00341510260478,0.00236046058126,0.00225897785276,0.00199303333648,0.00193399004638,0.00118399900384,0.00104499061126,0.00140775647014,0.000682117883116,0.000558147148695,0.000563394569326,0.000329026253894,0.00022814644035,0.000381288729841,0.000191110797459,0.000229178185691,0.00014052541519,0.000144692108734,0.000104839171399,0.0000975894727162,0.0000706264618202,0.0000501860886288,0.0000379317752959,0.000038568094169,0.0000289256604447,0.000031991974538,0.00000688207865096,0.00000171078715994,0.00000150921994191,0.00000133793275836],"mean":[0.00435216166079,0.00436105486006,0.00137099635322,0.000485352269607,0.000407501211157,0.000626745808404,0.000235417028307,0.000108499953058,0.0000881824089447,0.0000721428368706,0.0000611838331679,0.0000536861771252,0.0000398281190428,0.000042721923819,0.0000319388891512,0.0000254221013165,0.0000246513809543,0.0000231974354392,0.0000162801406987,0.0000145074245665,0.0000112921643449,0.00000963072761806,0.00000827983967611,0.00000748820502849,0.0000062151370912,0.00000640445432509,0.0000053006433518,0.00000545407647223,0.00000445241585112,0.00000391155754187,0.00000293948960461,0.00000217543083636,0.00000150352843775,0.00000129347370148,0.00000101120190266,7.69599409978e-7,1.55895236276e-7,3.08124974424e-8,2.70746518538e-8,2.42113884497e-8],"median":[0.00114032113925,0.00113770354073,0.000443200551672,0.000157913236762,0.0000865828551468,0.0000832797304611,0.0000542510933883,0.0000349670699507,0.0000260439537669,0.000022777589038,0.0000216431508306,0.000023174472517,0.000017702801415,0.0000189732854778,0.000013148486687,0.0000105040689959,0.00000991775596049,0.00001006675393,0.00000762460149417,0.00000578019580644,0.00000380507140108,0.00000325548512592,0.00000266712208941,0.0000017900011926,0.00000160291892826,0.00000144560385706,0.00000134817003072,0.0000013904948446,0.00000105393849026,8.39059396185e-7,6.25048414804e-7,4.34357957602e-7,2.9390241707e-7,2.1431672792e-7,1.49243803094e-7,8.77659900311e-8,2.24021476924e-8,5.09486053346e-9,4.60959492798e-9,4.29053548245e-9],"min":[9.13419576965e-25,2.02592969982e-24,1.42042225569e-24,1.13171139172e-24,1.45227103562e-24,2.08175561115e-24,1.42526743937e-24,2.12063087377e-24,2.42089578899e-24,2.35685073589e-24,1.91106977709e-24,2.00928414308e-24,2.88394885731e-24,2.80929894985e-24,2.1377540858e-24,4.07986120077e-24,2.89096202798e-24,3.02355810766e-24,2.84527475422e-24,3.48517998509e-24,3.87598443855e-24,4.06187793314e-24,4.55795035238e-24,4.38522255186e-24,3.99203021644e-24,4.45322393961e-24,4.50341797572e-24,4.2786103671e-24,5.51613985647e-24,5.01278270121e-24,5.8852786396e-24,5.97951951321e-24,3.8833433275e-24,5.3920133819e-24,5.15052136513e-24,5.54476722429e-24,6.7471667654e-24,5.35557313567e-24,5.85776553781e-24,6.42160781412e-24],"var":[0.000056171335018,0.0000510781028424,0.00000708427751306,0.00000100114061752,8.49275465953e-7,0.00000264146024165,3.51061004267e-7,7.55759472781e-8,5.16312326226e-8,2.52075089691e-8,2.08309121064e-8,9.68329327833e-9,4.90496043781e-9,5.57258994505e-9,3.77614961522e-9,1.97513361222e-9,1.81194137472e-9,1.7803118979e-9,6.90054124952e-10,6.24940210692e-10,4.93241725241e-10,2.82875500801e-10,2.09550612973e-10,2.76236394869e-10,1.28250118858e-10,1.51689036332e-10,9.28167404046e-11,9.71078079059e-11,6.58358714767e-11,5.4527622001e-11,3.0639907278e-11,1.92311704755e-11,9.07686946439e-12,7.58288917768e-12,5.36755926164e-12,3.99622782782e-12,1.61336506763e-13,5.9504305949e-15,4.55881729597e-15,3.57622900748e-15]},"melbands_crest":{"dmean":3.7165954113,"dmean2":6.14045715332,"dvar":11.2255935669,"dvar2":30.7632522583,"max":37.9734687805,"mean":18.1061534882,"median":17.9871730804,"min":1.60795593262,"var":29.8676567078},"melbands_flatness_db":{"dmean":0.0437399372458,"dmean2":0.0701511278749,"dvar":0.00175837776624,"dvar2":0.00470698205754,"max":0.728461265564,"mean":0.307065367699,"median":0.285973221064,"min":0.00301651284099,"var":0.0115610864013},"melbands_kurtosis":{"dmean":13.073723793,"dmean2":21.293712616,"dvar":434.577209473,"dvar2":1141.60217285,"max":752.022521973,"mean":29.0120754242,"median":17.1623001099,"min":-1.72705006599,"var":1657.69812012},"melbands_skewness":{"dmean":0.986888110638,"dmean2":1.58779060841,"dvar":1.0018941164,"dvar2":2.62864470482,"max":22.4540843964,"mean":3.7996172905,"median":3.48615026474,"min":-0.672156333923,"var":3.93517303467},"melbands_spread":{"dmean":4.09366512299,"dmean2":6.52368354797,"dvar":40.3423843384,"dvar2":93.4292678833,"max":157.853485107,"mean":11.7092580795,"median":8.16311836243,"min":0.282501965761,"var":219.600646973},"mfcc":{"cov":[[22015.8867188,-1361.27282715,-4458.23046875,1954.65026855,-924.268371582,1389.78588867,-1005.90283203,-68.9688491821,-764.328918457,191.570037842,-247.901763916,51.8222770691,127.738647461],[-1361.27282715,1095.87182617,402.270446777,-370.367767334,147.151367188,-138.687667847,137.676391602,-52.8506736755,121.295700073,-79.3764190674,26.9043426514,-15.6842927933,13.8375825882],[-4458.23046875,402.270446777,1384.2479248,-451.000518799,211.186233521,-339.737304688,242.638366699,38.54347229,161.778884888,-29.8079662323,60.8772888184,10.7545213699,-29.0666866302],[1954.65026855,-370.367767334,-451.000518799,535.352355957,-111.014083862,166.297393799,-124.671173096,43.2231826782,-87.8739547729,51.8282966614,-10.6672859192,16.9810523987,12.8211088181],[-924.268371582,147.151367188,211.186233521,-111.014083862,264.220397949,-52.4191017151,116.047042847,-35.685218811,75.2209701538,-19.216588974,35.5678825378,-2.80579519272,1.81522166729],[1389.78588867,-138.687667847,-339.737304688,166.297393799,-52.4191017151,242.298049927,-40.2960205078,54.7089996338,-68.3017349243,33.8893089294,-29.4243469238,0.852832078934,8.02905654907],[-1005.90283203,137.676391602,242.638366699,-124.671173096,116.047042847,-40.2960205078,189.153808594,29.5106506348,73.1018218994,-24.0598335266,25.629283905,-3.8743262291,-3.70746874809],[-68.9688491821,-52.8506736755,38.54347229,43.2231826782,-35.685218811,54.7089996338,29.5106506348,118.993934631,15.4610300064,26.3521461487,-11.2060174942,5.02959299088,-4.44202661514],[-764.328918457,121.295700073,161.778884888,-87.8739547729,75.2209701538,-68.3017349243,73.1018218994,15.4610300064,123.508308411,13.2016811371,32.8308105469,-8.5565032959,0.0660319328308],[191.570037842,-79.3764190674,-29.8079662323,51.8282966614,-19.216588974,33.8893089294,-24.0598335266,26.3521461487,13.2016811371,91.2437057495,31.364364624,19.1388835907,-3.34612774849],[-247.901763916,26.9043426514,60.8772888184,-10.6672859192,35.5678825378,-29.4243469238,25.629283905,-11.2060174942,32.8308105469,31.364364624,73.0945739746,30.8925075531,11.0712347031],[51.8222770691,-15.6842927933,10.7545213699,16.9810523987,-2.80579519272,0.852832078934,-3.8743262291,5.02959299088,-8.5565032959,19.1388835907,30.8925075531,63.2439689636,29.078830719],[127.738647461,13.8375825882,-29.0666866302,12.8211088181,1.81522166729,8.02905654907,-3.70746874809,-4.44202661514,0.0660319328308,-3.34612774849,11.0712347031,29.078830719,52.947013855]],"icov":[[0.000168167345691,-0.0000776344240876,0.000366888096323,-0.00019381949096,0.000105370723759,-0.000278710824205,0.0000954119386734,0.000180203176569,0.00016229612811,-0.0001342389005,0.000155927365995,-0.00016965904797,-0.0000247416264756],[-0.0000776344240876,0.00138799229171,-0.000347474531736,0.000730503641535,-0.0000161359348567,-0.000352214701707,-0.00000538858921573,0.000411853310652,-0.00109543954022,0.00111500266939,-0.000436247151811,0.0001383402996,-0.000367883243598],[0.000366888096323,-0.000347474531736,0.00261322595179,0.000222248767386,-0.000554950151127,0.00187165278476,-0.000705230399035,-0.00158067175653,0.00129729032051,-0.0010318167042,0.000365854415577,-0.00073241017526,0.000398576346925],[-0.00019381949096,0.000730503641535,0.000222248767386,0.00369526748545,-0.000392795482185,-0.000250123266596,0.0010798034491,-0.00177054235246,0.000547901145183,0.000167245409102,-0.00159910530783,0.000518071698025,-0.000457913498394],[0.000105370723759,-0.0000161359348567,-0.000554950151127,-0.000392795482185,0.00692092254758,-0.00214839098044,-0.00305596971884,0.00443463586271,-0.00304245855659,0.000704396865331,-0.000419616058934,-0.000640597078018,0.000274910009466],[-0.000278710824205,-0.000352214701707,0.00187165278476,-0.000250123266596,-0.00214839098044,0.0114052472636,-0.00218759290874,-0.00595310050994,0.00583266047761,-0.00456092879176,0.00176935421769,0.00240934174508,-0.00244468287565],[0.0000954119386734,-0.00000538858921573,-0.000705230399035,0.0010798034491,-0.00305596971884,-0.00218759290874,0.0119503960013,-0.00418466934934,-0.00298829725944,0.00541682774201,-0.00444031739607,0.000305108551402,0.00115177372936],[0.000180203176569,0.000411853310652,-0.00158067175653,-0.00177054235246,0.00443463586271,-0.00595310050994,-0.00418466934934,0.0172604192048,-0.00596378976479,-0.00283670471981,0.00669364351779,-0.00478117261082,0.00197873171419],[0.00016229612811,-0.00109543954022,0.00129729032051,0.000547901145183,-0.00304245855659,0.00583266047761,-0.00298829725944,-0.00596378976479,0.0189550817013,-0.00609711091965,-0.00474736047909,0.00833772029728,-0.00501092942432],[-0.0001342389005,0.00111500266939,-0.0010318167042,0.000167245409102,0.000704396865331,-0.00456092879176,0.00541682774201,-0.00283670471981,-0.00609711091965,0.0212475489825,-0.0101474029943,-0.00379293179139,0.00578963756561],[0.000155927365995,-0.000436247151811,0.000365854415577,-0.00159910530783,-0.000419616058934,0.00176935421769,-0.00444031739607,0.00669364351779,-0.00474736047909,-0.0101474029943,0.0291363224387,-0.0128085780889,0.000629383663181],[-0.00016965904797,0.0001383402996,-0.00073241017526,0.000518071698025,-0.000640597078018,0.00240934174508,0.000305108551402,-0.00478117261082,0.00833772029728,-0.00379293179139,-0.0128085780889,0.0322790630162,-0.0161772109568],[-0.0000247416264756,-0.000367883243598,0.000398576346925,-0.000457913498394,0.000274910009466,-0.00244468287565,0.00115177372936,0.00197873171419,-0.00501092942432,0.00578963756561,0.000629383663181,-0.0161772109568,0.0291054490954]],"mean":[-739.061157227,158.380325317,10.0424280167,38.7689285278,-2.0534722805,23.2772426605,2.37064170837,12.1858348846,2.80231928825,6.06597900391,0.334243804216,2.68576216698,3.13424324989]},"pitch_salience":{"dmean":0.0803781449795,"dmean2":0.13144300878,"dvar":0.00481210835278,"dvar2":0.0126944771037,"max":0.959004580975,"mean":0.505321145058,"median":0.515779018402,"min":0.0767650008202,"var":0.0156688988209},"silence_rate_20dB":{"dmean":0.000449169048807,"dmean2":0.000898405327462,"dvar":0.000448958511697,"dvar2":0.00134676578455,"max":1,"mean":0.999775409698,"median":1,"min":0,"var":0.000224498813623},"silence_rate_30dB":{"dmean":0.0783051326871,"dmean2":0.156621992588,"dvar":0.0721666291356,"dvar2":0.151711553335,"max":1,"mean":0.875814080238,"median":1,"min":0,"var":0.108761243522},"silence_rate_60dB":{"dmean":0.0266506969929,"dmean2":0.0533053837717,"dvar":0.0259367246181,"dvar2":0.0596159361303,"max":1,"mean":0.283030152321,"median":0,"min":0,"var":0.202905744314},"spectral_centroid":{"dmean":183.786987305,"dmean2":277.11618042,"dvar":56080.8789062,"dvar2":107720.109375,"max":11633.4667969,"mean":953.072509766,"median":742.486999512,"min":95.3613052368,"var":962940.125},"spectral_complexity":{"dmean":3.19793391228,"dmean2":4.44665718079,"dvar":17.2249088287,"dvar2":26.9981899261,"max":61,"mean":15.4255561829,"median":14,"min":0,"var":186.056213379},"spectral_contrast_coeffs":{"dmean":[0.0498667173088,0.0480811037123,0.0347152426839,0.0294517055154,0.0211134683341,0.0403269268572],"dmean2":[0.0834094062448,0.0784779563546,0.0576637871563,0.0495441704988,0.0354836285114,0.0627672299743],"dvar":[0.00159876421094,0.00158047652803,0.000770473794546,0.000598972022999,0.000400644319598,0.00167185580358],"dvar2":[0.00440139183775,0.00412123091519,0.00207987474278,0.00160426460207,0.0010676048696,0.00392724899575],"max":[-0.402448266745,-0.426938503981,-0.589210927486,-0.630564153194,-0.653039395809,-0.407347381115],"mean":[-0.698955595493,-0.774896383286,-0.823142111301,-0.846945345402,-0.858869671822,-0.74241322279],"median":[-0.703177332878,-0.787101686001,-0.825368762016,-0.836702108383,-0.839300513268,-0.743053078651],"min":[-0.9801440835,-0.979829192162,-0.974108994007,-0.990787386894,-0.977820575237,-0.96615332365],"var":[0.00524108670652,0.00643746368587,0.00246248580515,0.00332647073083,0.0034066895023,0.0134256305173]},"spectral_contrast_valleys":{"dmean":[0.40231192112,0.379834204912,0.337905853987,0.407158851624,0.433321237564,0.711260914803],"dmean2":[0.652125597,0.618674516678,0.55130559206,0.65311896801,0.681396186352,1.15785801411],"dvar":[0.119741298258,0.110749751329,0.101254433393,0.210747078061,0.284894794226,0.36929666996],"dvar2":[0.281339257956,0.26988479495,0.247854322195,0.547419548035,0.750299751759,0.943408071995],"max":[-4.58654594421,-4.77285385132,-5.27755212784,-5.72534894943,-5.62219905853,-8.58721160889],"mean":[-7.17021894455,-7.2176566124,-7.75850105286,-8.32496547699,-8.43052482605,-11.7171373367],"median":[-6.87101268768,-6.78786373138,-7.12389087677,-7.50664997101,-7.69229745865,-11.4865484238],"min":[-28.1588802338,-28.2280158997,-27.8124885559,-27.6808071136,-27.4857749939,-27.4154052734],"var":[3.45501971245,3.58922863007,3.89048147202,4.5940527916,4.91627597809,2.93146276474]},"spectral_decrease":{"dmean":4.43307701659e-9,"dmean2":6.89273349508e-9,"dvar":6.52181289545e-17,"dvar2":1.50252845173e-16,"max":2.67757949146e-9,"mean":-8.87504914004e-9,"median":-3.48566286945e-9,"min":-1.39740379268e-7,"var":1.52218715999e-16},"spectral_energy":{"dmean":0.017138581723,"dmean2":0.0264881197363,"dvar":0.000959129363764,"dvar2":0.00219399016351,"max":0.586400806904,"mean":0.0429406613111,"median":0.0250528790057,"min":1.00472507596e-20,"var":0.00273053930141},"spectral_energyband_high":{"dmean":0.000266744493274,"dmean2":0.000312726595439,"dvar":3.06598366251e-7,"dvar2":4.29824495995e-7,"max":0.0117070246488,"mean":0.000773261825088,"median":0.000249614357017,"min":6.84186772478e-21,"var":0.00000158543969064},"spectral_energyband_low":{"dmean":0.0140807600692,"dmean2":0.0226863957942,"dvar":0.000715563073754,"dvar2":0.00175837334245,"max":0.53695076704,"mean":0.0259487405419,"median":0.00836259871721,"min":1.25436441218e-23,"var":0.00147385150194},"spectral_energyband_middle_high":{"dmean":0.000855322636198,"dmean2":0.00124533975031,"dvar":0.00000218224317905,"dvar2":0.0000046764275794,"max":0.0267129838467,"mean":0.00252063549124,"median":0.00157166377176,"min":1.08280193908e-21,"var":0.00000936970718612},"spectral_energyband_middle_low":{"dmean":0.00456534605473,"dmean2":0.0069445441477,"dvar":0.0000697441428201,"dvar2":0.000151445958181,"max":0.115737728775,"mean":0.009327811189,"median":0.004068212118,"min":1.94489339535e-22,"var":0.00018283490499},"spectral_entropy":{"dmean":0.264888584614,"dmean2":0.426160752773,"dvar":0.110120378435,"dvar2":0.304052203894,"max":9.82312488556,"mean":7.30396986008,"median":7.52853345871,"min":4.19759082794,"var":0.501589119434},"spectral_flux":{"dmean":0.0261988583952,"dmean2":0.0430341847241,"dvar":0.00149259681348,"dvar2":0.00371234607883,"max":0.531023621559,"mean":0.0921333953738,"median":0.0845829993486,"min":6.39439196037e-11,"var":0.00608106283471},"spectral_kurtosis":{"dmean":8.2937412262,"dmean2":13.8503427505,"dvar":358.953948975,"dvar2":990.671508789,"max":338.207702637,"mean":17.9840888977,"median":12.5718336105,"min":-1.28299450874,"var":385.501831055},"spectral_rms":{"dmean":0.00102121708915,"dmean2":0.0015425439924,"dvar":0.00000214375586438,"dvar2":0.00000459366356154,"max":0.0239185784012,"mean":0.00522432941943,"median":0.00494386814535,"min":3.130845843e-12,"var":0.0000145995991261},"spectral_rolloff":{"dmean":3413.73120117,"dmean2":6476.92822266,"dvar":47068176,"dvar2":111705976,"max":22028.4667969,"mean":7357.26220703,"median":947.4609375,"min":21.533203125,"var":91235040},"spectral_skewness":{"dmean":0.601505041122,"dmean2":0.965154707432,"dvar":1.06041252613,"dvar2":2.91883206367,"max":15.8969230652,"mean":2.82267284393,"median":2.43892550468,"min":-0.0863593146205,"var":1.99410510063},"spectral_spread":{"dmean":619386,"dmean2":1000391.5,"dvar":551068041216,"dvar2":1316455448580,"max":42488372,"mean":4323512.5,"median":4256906,"min":629407.8125,"var":8115721863170},"spectral_strongpeak":{"dmean":1.71259319782,"dmean2":3.21883511543,"dvar":64.1123962402,"dvar2":179.701385498,"max":127.733383179,"mean":1.67316937447,"median":0.190799534321,"min":0,"var":64.9555435181},"zerocrossingrate":{"dmean":0.0356019847095,"dmean2":0.044334564358,"dvar":0.00104815687519,"dvar2":0.00155889464077,"max":0.81103515625,"mean":0.20556640625,"median":0.18310546875,"min":0,"var":0.0123624587432}},"metadata":{"audio_properties":{"analysis_sample_rate":44100,"bit_rate":128000,"codec":"mp3","downmix":"mix","equal_loudness":0,"length":310.151824951,"lossless":false,"md5_encoded":"cd796a1b575fafa255b3d8548de9fa80","replay_gain":-3.56498908997,"sample_rate":44100},"tags":{"album":["The X Factor"],"albumartist":["Iron Maiden"],"albumartistsort":["Iron Maiden"],"artist":["Iron Maiden"],"artistsort":["Iron Maiden"],"asin":["B000063DGJ"],"barcode":["724383581924"],"catalognumber":["7243 8 35819 2 4"],"date":["1995-10-02"],"file_name":"05 Look for the Truth.mp3","genre":["Rock"],"label":["EMI Records"],"musicbrainz album release country":["GB"],"musicbrainz album status":["official"],"musicbrainz album type":["album"],"musicbrainz_albumartistid":["ca891d65-d9b0-4258-89f7-e6ba29d83767"],"musicbrainz_albumid":["6a16d5db-205b-44f1-9a96-0e1d07dfa492"],"musicbrainz_artistid":["ca891d65-d9b0-4258-89f7-e6ba29d83767"],"musicbrainz_recordingid":["82834ef3-2032-4e7b-88f2-a2d274420342"],"title":["Look for the Truth"],"tracknumber":["5/11"]},"version":{"essentia":"2.1-beta1","essentia_build_sha":"ec322331fa6aaecceef5ae0ec8bb6dd0710d66ba","essentia_git_sha":"v2.1_beta1-28-g21ef5f4","extractor":"music 1.0"}},"rhythm":{"beats_count":511,"beats_loudness":{"dmean":0.0339361801744,"dmean2":0.0588138662279,"dvar":0.00173108302988,"dvar2":0.00525848986581,"max":0.328231930733,"mean":0.0759427398443,"median":0.0804952904582,"min":0,"var":0.00449070706964},"beats_loudness_band_ratio":{"dmean":[0.163149088621,0.0927442908287,0.046445839107,0.0237315893173,0.0154946781695,0.062428060919],"dmean2":[0.287697762251,0.163913562894,0.0814484134316,0.0416904725134,0.028510607779,0.114076212049],"dvar":[0.0185720715672,0.0110856657848,0.00415396178141,0.00124515034258,0.000438443617895,0.00373784452677],"dvar2":[0.0512397475541,0.0289528593421,0.0111808665097,0.00361830135807,0.00126651278697,0