{"lowlevel":{"average_loudness":0.909428834915,"barkbands":{"dmean":[0.00302649871446,0.00905496906489,0.00730981770903,0.00103231321555,0.00287555367686,0.00289545068517,0.00103751569986,0.000578830426093,0.000590455136262,0.000584643508773,0.000519475783221,0.000454207591247,0.000422882265411,0.000194816413568,0.00014849640138,0.0000782347560744,0.0000479846785311,0.0000405966711696,0.0000636725235381,0.0000562668355997,0.0000312376541842,0.0000190523351193,0.00000988987085293,0.00000389188653571,0.00000198400289264,0.00000581187305215,0.0000713557019481],"dmean2":[0.0051379846409,0.0153089081869,0.0117394663393,0.00175455550198,0.00482596736401,0.00486649014056,0.00168155902065,0.000947576540057,0.000933794595767,0.000894461583812,0.000790181104094,0.000716957263649,0.000684459286276,0.000311185722239,0.000235091443756,0.000123876277939,0.0000760182738304,0.0000631507427897,0.0000986636296147,0.000087465683464,0.0000463517681055,0.0000277290419035,0.0000146453803609,0.00000597349298914,0.00000329564386448,0.00000849325533636,0.0000995206501102],"dvar":[0.0000617268742644,0.000230255362112,0.000307590235025,0.00000535049184691,0.0000405951068387,0.0000505545431224,0.0000062021681515,0.00000137686765811,0.00000141440079915,0.00000212935128729,0.00000170229282048,5.22412960891e-7,7.75424098265e-7,1.04849959826e-7,6.43702904313e-8,1.66057123607e-8,8.95461038652e-9,1.63253037755e-8,1.0327593003e-7,7.21987731822e-8,1.46641685461e-8,4.38967173721e-9,1.69824854179e-9,2.32874608486e-10,1.57483817653e-11,2.76336120653e-10,8.3801063866e-9],"dvar2":[0.000151495347382,0.000613131735008,0.000704318576027,0.0000141107602758,0.000106202474853,0.000130293890834,0.0000154251083586,0.00000329517683895,0.00000327135603584,0.00000389965907743,0.00000318791535392,0.00000119200126392,0.00000198034831556,2.38131519836e-7,1.57742690021e-7,4.0140136548e-8,2.21751648155e-8,3.94782198043e-8,2.25694407163e-7,1.5817795429e-7,3.21540660764e-8,8.72354455339e-9,3.61272700644e-9,4.31891383768e-10,3.78918424415e-11,5.55006096636e-10,1.6197096997e-8],"max":[0.0963804870844,0.155514538288,0.203697472811,0.0368253961205,0.102953657508,0.154036983848,0.0807754695415,0.0290329754353,0.0273161716759,0.0420728772879,0.0268664583564,0.0121505158022,0.0171121675521,0.00984442140907,0.00934353098273,0.00326557038352,0.00364634301513,0.00410990789533,0.00964833144099,0.0102212131023,0.00444669649005,0.00217966642231,0.00178394734394,0.000716328853741,0.000105598228402,0.000735462352168,0.00176438456401],"mean":[0.00247016688809,0.0112651288509,0.0076787834987,0.00111804401968,0.00346118421294,0.0033128359355,0.00136547978036,0.00075098493835,0.000824429793283,0.000802161870524,0.000736901303753,0.00073400256224,0.000606790767051,0.000297693361063,0.000233415572438,0.000118607669719,0.0000752106061555,0.0000644800602458,0.0000974038921413,0.000086404295871,0.00005355385656,0.0000331033443217,0.0000158868806466,0.00000513249960932,0.00000193497930923,0.0000100089500847,0.000200168869924],"median":[0.000436981004896,0.00677961017936,0.00197645067237,0.000451254774816,0.00145578361116,0.00092593813315,0.000474873406347,0.000277001527138,0.00029711535899,0.000259097811067,0.00027411893825,0.000389988243114,0.000310398259899,0.000161784089869,0.000121974560898,0.0000541407098353,0.0000360625999747,0.0000248664837272,0.0000202087921934,0.0000168246715475,0.000016385136405,0.000011915027244,0.00000610602137385,0.00000152392647124,6.02344755407e-7,0.00000432730257671,0.000126889470266],"min":[1.00628027926e-23,1.91901869455e-23,5.57169049478e-23,3.33687153167e-23,5.41626596379e-23,1.24650783088e-23,1.96657564754e-23,2.93452911972e-23,5.43875417939e-23,5.17808298187e-23,7.65904106246e-23,1.16109319061e-22,1.06382285447e-22,1.61587326952e-22,1.08543600244e-22,1.10049340074e-22,2.33290883108e-22,2.27614618688e-22,1.9793024983e-22,3.36565220671e-22,3.76096719328e-22,4.81022540352e-22,9.03317478644e-22,9.99173292524e-22,1.10887983783e-21,1.48099721458e-21,2.80448255959e-21],"var":[0.0000507676668349,0.00022103441006,0.000336095137754,0.00000510508152729,0.0000417366682086,0.0000581056810915,0.00000876902231539,0.00000205539913622,0.00000234825392909,0.00000400501539843,0.00000353676091436,0.00000101570094557,9.47527382777e-7,1.91797354887e-7,1.05569249342e-7,2.90179276163e-8,1.40972531426e-8,2.80935168462e-8,1.95148800231e-7,1.46583815308e-7,2.90916517542e-8,8.66271676614e-9,2.74572409253e-9,4.31525176703e-10,1.61168960122e-11,5.32583255275e-10,4.16532550673e-8]},"barkbands_crest":{"dmean":3.24119567871,"dmean2":5.35231637955,"dvar":7.27395105362,"dvar2":19.2487659454,"max":26.1491127014,"mean":11.1923923492,"median":10.6716442108,"min":2.94558334351,"var":17.2384490967},"barkbands_flatness_db":{"dmean":0.0327809341252,"dmean2":0.0525552742183,"dvar":0.000779617694207,"dvar2":0.00202743266709,"max":0.377238750458,"mean":0.162493228912,"median":0.159678325057,"min":0.0389779917896,"var":0.00213792780414},"barkbands_kurtosis":{"dmean":7.78252506256,"dmean2":12.8250045776,"dvar":243.02897644,"dvar2":620.447753906,"max":306.773193359,"mean":11.2060804367,"median":6.48548316956,"min":-1.78961265087,"var":310.655883789},"barkbands_skewness":{"dmean":0.892998933792,"dmean2":1.41771674156,"dvar":0.986111879349,"dvar2":2.37911820412,"max":14.9067296982,"mean":2.4197499752,"median":2.170129776,"min":-1.9297773838,"var":2.40248513222},"barkbands_spread":{"dmean":5.96199464798,"dmean2":9.53824234009,"dvar":49.2148551941,"dvar2":114.455917358,"max":99.0586242676,"mean":17.1874446869,"median":14.8365516663,"min":0.868005931377,"var":135.318878174},"dissonance":{"dmean":0.0232950393111,"dmean2":0.0394500494003,"dvar":0.000461184594315,"dvar2":0.00128650991246,"max":0.500000119209,"mean":0.462206065655,"median":0.468625605106,"min":0.276272684336,"var":0.000785581825767},"dynamic_complexity":4.16434192657,"erbbands":{"dmean":[0.305989056826,2.04516792297,8.61831951141,4.42760562897,5.43987083435,10.9248628616,16.6723117828,26.1952610016,19.109172821,12.2638702393,12.6928081512,13.8629608154,12.4276504517,20.4860038757,20.9044322968,19.2879447937,19.4718723297,10.0320968628,8.55447864532,5.80775976181,3.61180853844,2.42069339752,2.11194634438,2.66236591339,3.50739550591,2.53850841522,1.43391978741,1.16077148914,0.74458783865,0.444627553225,0.26849129796,0.117305725813,0.0502337142825,0.0236532427371,0.0135941328481,0.00984504073858,0.011303819716,0.011705330573,0.0054933973588,0.00209709024057],"dmean2":[0.527106702328,3.42615962029,13.9639205933,7.11656188965,9.21529769897,18.3953590393,27.3563747406,44.5378952026,31.6325874329,19.9045639038,20.4212436676,21.8210258484,19.7641429901,30.3435611725,32.0750732422,30.1069374084,31.3661079407,15.8191175461,13.3818693161,9.10493087769,5.62600946426,3.76896905899,3.24897789955,4.07058429718,5.37835836411,3.86568975449,2.11846041679,1.73846566677,1.08277440071,0.644521594048,0.398488759995,0.177152946591,0.0786763504148,0.0389457195997,0.0225785188377,0.0156813189387,0.016529019922,0.0161812864244,0.00746431015432,0.00290670851246],"dvar":[0.495701849461,10.9988927841,376.467895508,116.394271851,159.9453125,675.898864746,1260.55847168,5487.86865234,2391.23876953,621.223815918,718.047363281,883.347351074,608.463684082,2733.78881836,2638.49316406,1035.75134277,1638.71032715,266.362426758,232.334869385,78.744758606,34.6735038757,25.6885509491,47.6508598328,102.788833618,362.313995361,137.296218872,27.7994613647,25.7807102203,7.61167001724,2.79600858688,1.34722065926,0.271668165922,0.0333773121238,0.00248458026908,0.000714602356311,0.00067244132515,0.00156645837706,0.000680421246216,0.000136162168928,0.00000716511249266],"dvar2":[1.36031675339,28.4496841431,871.366394043,278.610412598,416.403625488,1763.32336426,3109.72216797,14381.6191406,5905.75244141,1595.23254395,1732.14953613,2021.73730469,1442.94042969,4704.09765625,5497.62304688,2289.80102539,4200.12011719,619.557189941,558.573547363,184.261077881,81.0029678345,64.0415725708,116.84324646,238.298355103,757.955383301,293.828765869,58.2426948547,57.9568328857,15.6564502716,6.07395362854,3.0024497509,0.527793705463,0.065357029438,0.00584575906396,0.00171921018045,0.00141331763007,0.00312620471232,0.00139010103885,0.000254667364061,0.0000135339059852],"max":[7.45318984985,43.508895874,230.820831299,154.142944336,312.764556885,422.44039917,704.714111328,1668.56091309,1415.11132812,581.313537598,615.535888672,807.812255859,609.214599609,1538.82495117,937.17388916,606.782592773,783.340026855,584.380981445,612.03338623,147.268569946,173.400253296,223.102874756,209.145019531,297.111755371,662.349060059,414.098358154,153.186798096,231.537231445,99.0621795654,59.1218452454,56.3894805908,23.7786636353,9.10946941376,1.54430377483,0.745259821415,1.02485334873,1.96531605721,0.800101459026,0.377140343189,0.0363479815423],"mean":[0.302387714386,2.62586092949,9.39368152618,5.26691675186,6.26677513123,12.4289131165,21.3454666138,27.5980834961,22.7195701599,17.125579834,17.3883266449,19.7651939392,17.8840942383,30.7202148438,31.5240383148,32.2737579346,29.5825557709,16.7579631805,14.0510292053,9.58018112183,5.93998575211,4.019135952,3.44996619225,4.23104047775,5.31469392776,4.0048122406,2.43270206451,1.94227612019,1.26911044121,0.749343216419,0.422413706779,0.171212092042,0.0587358213961,0.0237996652722,0.0133408736438,0.0111886383966,0.0195736456662,0.0257051084191,0.0149652436376,0.00660270871595],"median":[0.120179027319,1.44859147072,2.9057765007,2.10038542747,2.70145249367,4.63914251328,6.82949209213,7.18572330475,7.14708042145,7.1573972702,6.59810781479,7.24351167679,7.97448348999,10.8841142654,13.9346456528,17.316034317,15.8789978027,10.0090341568,7.629134655,4.88615703583,2.93843340874,2.0301566124,1.40849971771,1.30307900906,0.88964253664,0.813475131989,0.706456363201,0.593401014805,0.435917913914,0.293327569962,0.159972712398,0.0565009564161,0.0143365403637,0.00718515086919,0.0043826662004,0.00360033172183,0.0081452280283,0.0123140364885,0.00629565631971,0.00502156512812],"min":[8.0326386452e-22,4.6882274713e-21,5.54142186399e-20,8.67178995697e-20,1.92320539319e-19,1.47419960748e-19,9.96425514044e-20,1.22652686868e-19,1.81696541724e-19,3.31371448521e-19,8.1133038445e-19,1.13292042223e-18,1.69101907812e-18,1.93500354782e-18,3.79894938588e-18,5.01685413745e-18,4.69612147237e-18,8.02575215334e-18,4.93519528097e-18,7.22872227411e-18,6.84608134405e-18,1.19755387511e-17,1.25378528228e-17,9.0116960224e-18,1.29083296484e-17,1.32278074804e-17,1.89274078101e-17,1.63630767736e-17,1.77373744957e-17,1.44915045371e-17,2.96490648297e-17,2.21594274565e-17,1.66945892565e-17,1.05986627071e-17,8.47189201672e-18,5.02300877479e-18,3.37102445318e-18,1.23866925969e-18,4.36203356272e-19,3.77225604779e-20],"var":[0.359199613333,12.211689949,413.499786377,121.447570801,156.090591431,669.652099609,2021.62573242,5213.89697266,2969.37060547,938.291809082,1095.85449219,1470.11560059,949.223327637,5589.94189453,4636.171875,2055.17822266,2075.9128418,506.891021729,392.781982422,153.020599365,65.9093551636,39.7777404785,76.4879989624,182.377853394,752.962219238,296.209014893,58.0555534363,45.3004951477,13.8290576935,4.86621809006,1.96612417698,0.459543019533,0.0567258000374,0.00281258788891,0.000718633586075,0.00102666998282,0.00280217081308,0.00190317479428,0.000595555873588,0.0000307598384097]},"erbbands_crest":{"dmean":3.07814502716,"dmean2":5.08554649353,"dvar":7.65123701096,"dvar2":19.431722641,"max":30.240852356,"mean":9.18426704407,"median":8.24875068665,"min":2.00859212875,"var":16.7553024292},"erbbands_flatness_db":{"dmean":0.024494767189,"dmean2":0.0368359982967,"dvar":0.000428069295594,"dvar2":0.000954199640546,"max":0.366319715977,"mean":0.156070187688,"median":0.154281809926,"min":0.0213212966919,"var":0.00187064416241},"erbbands_kurtosis":{"dmean":1.25377213955,"dmean2":2.02083301544,"dvar":3.32505488396,"dvar2":8.21487903595,"max":52.1834754944,"mean":1.05668115616,"median":0.36349439621,"min":-1.60921633244,"var":6.39731740952},"erbbands_skewness":{"dmean":0.450001060963,"dmean2":0.708811223507,"dvar":0.175280749798,"dvar2":0.395129650831,"max":5.07609272003,"mean":0.167336761951,"median":0.143906116486,"min":-4.30424547195,"var":0.684109210968},"erbbands_spread":{"dmean":7.03079223633,"dmean2":11.058757782,"dvar":49.1548614502,"dvar2":118.546981812,"max":142.518051147,"mean":27.992023468,"median":25.4389228821,"min":1.68335580826,"var":200.799499512},"gfcc":{"cov":[[15480.4316406,1542.76220703,-704.139892578,-34.7268676758,266.579193115,-247.724121094,314.82421875,-325.886688232,50.2016983032,-49.8620223999,52.8649139404,-49.3440513611,-69.422203064],[1542.76220703,1150.37231445,-29.3199748993,-370.920288086,169.63659668,53.7861938477,33.1651191711,-104.400039673,75.0037612915,-34.98254776,28.0140380859,-37.7035827637,72.3654632568],[-704.139892578,-29.3199748993,333.963989258,133.091308594,-29.1010971069,99.3212738037,-49.9760169983,103.940223694,-19.5399723053,49.0728683472,13.8176555634,-2.16370272636,11.0858068466],[-34.7268676758,-370.920288086,133.091308594,429.510314941,33.921081543,-65.8164672852,54.9109191895,40.9897994995,-14.2835235596,37.9781227112,3.3352124691,14.9137392044,-52.7057647705],[266.579193115,169.63659668,-29.1010971069,33.921081543,247.389877319,71.3807373047,78.1866149902,-12.7200489044,39.543762207,-22.7365436554,13.8216915131,-7.98205566406,7.02327537537],[-247.724121094,53.7861938477,99.3212738037,-65.8164672852,71.3807373047,273.625244141,-21.7527313232,95.46484375,-27.0534076691,14.4697389603,11.2114524841,4.32307052612,48.8332023621],[314.82421875,33.1651191711,-49.9760169983,54.9109191895,78.1866149902,-21.7527313232,198.590301514,-35.8218345642,62.776599884,-14.1506052017,5.81771993637,24.2054672241,-46.4752349854],[-325.886688232,-104.400039673,103.940223694,40.9897994995,-12.7200489044,95.46484375,-35.8218345642,208.141098022,13.938908577,33.3554573059,3.49580383301,-32.5719413757,21.6807842255],[50.2016983032,75.0037612915,-19.5399723053,-14.2835235596,39.543762207,-27.0534076691,62.776599884,13.938908577,134.049240112,30.6301441193,0.43831884861,7.69573688507,-31.6702575684],[-49.8620223999,-34.98254776,49.0728683472,37.9781227112,-22.7365436554,14.4697389603,-14.1506052017,33.3554573059,30.6301441193,91.7148361206,34.3858337402,-5.00232744217,0.89186245203],[52.8649139404,28.0140380859,13.8176555634,3.3352124691,13.8216915131,11.2114524841,5.81771993637,3.49580383301,0.43831884861,34.3858337402,65.4442520142,24.0936050415,6.55214691162],[-49.3440513611,-37.7035827637,-2.16370272636,14.9137392044,-7.98205566406,4.32307052612,24.2054672241,-32.5719413757,7.69573688507,-5.00232744217,24.0936050415,80.6787948608,13.4806566238],[-69.422203064,72.3654632568,11.0858068466,-52.7057647705,7.02327537537,48.8332023621,-46.4752349854,21.6807842255,-31.6702575684,0.89186245203,6.55214691162,13.4806566238,88.8621368408]],"icov":[[0.000110164699436,-0.000331695366185,0.00047376845032,-0.000405302707804,0.000207381817745,-0.000136267481139,-0.0000105728686322,-0.000104935279523,0.000179056965862,-0.000120376003906,0.0000301917043544,-0.0000800606139819,0.000210195692489],[-0.000331695366185,0.00318235275336,-0.00299001764506,0.00324322632514,-0.00188829377294,0.000967835891061,-0.00062650127802,0.00189280603081,-0.00200742925517,0.00142182444688,-0.00186251592822,0.0026074401103,-0.00271410518326],[0.00047376845032,-0.00299001764506,0.00831874180585,-0.00579252000898,0.00372413755395,-0.00387559062801,0.00163274502847,-0.00166968221311,0.000139807860251,-0.000468660320621,-0.000444569683168,-0.000579093408305,0.00160354201216],[-0.000405302707804,0.00324322632514,-0.00579252000898,0.0102199558169,-0.00721596227959,0.00637452770025,-0.00224567181431,-0.0023931262549,0.00577161367983,-0.00669280206785,0.00551398750395,-0.00520648341626,0.00281058368273],[0.000207381817745,-0.00188829377294,0.00372413755395,-0.00721596227959,0.012334334664,-0.00744257634506,-0.00068138667848,0.00410049362108,-0.00845729839057,0.00987649615854,-0.00927413534373,0.00919994246215,-0.00511156860739],[-0.000136267481139,0.000967835891061,-0.00387559062801,0.00637452770025,-0.00744257634506,0.0106395296752,-0.00134287273977,-0.00547059997916,0.00788263697177,-0.0076930639334,0.00694944430143,-0.00771198887378,0.00228760251775],[-0.0000105728686322,-0.00062650127802,0.00163274502847,-0.00224567181431,-0.00068138667848,-0.00134287273977,0.00876738782972,0.000597992388066,-0.00358369085006,0.00255988282152,-0.00135238468647,-0.00186804623809,0.00327778258361],[-0.000104935279523,0.00189280603081,-0.00166968221311,-0.0023931262549,0.00410049362108,-0.00547059997916,0.000597992388066,0.011954639107,-0.00930285919458,0.00696326093748,-0.00796394795179,0.0114803044125,-0.00729604065418],[0.000179056965862,-0.00200742925517,0.000139807860251,0.00577161367983,-0.00845729839057,0.00788263697177,-0.00358369085006,-0.00930285919458,0.0237781144679,-0.0185411665589,0.0159244891256,-0.0159803871065,0.0118231698871],[-0.000120376003906,0.00142182444688,-0.000468660320621,-0.00669280206785,0.00987649615854,-0.0076930639334,0.00255988282152,0.00696326093748,-0.0185411665589,0.0320704616606,-0.0237022563815,0.0177460722625,-0.00995048973709],[0.0000301917043544,-0.00186251592822,-0.000444569683168,0.00551398750395,-0.00927413534373,0.00694944430143,-0.00135238468647,-0.00796394795179,0.0159244891256,-0.0237022563815,0.0364729948342,-0.0214496813715,0.00949402991682],[-0.0000800606139819,0.0026074401103,-0.000579093408305,-0.00520648341626,0.00919994246215,-0.00771198887378,-0.00186804623809,0.0114803044125,-0.0159803871065,0.0177460722625,-0.0214496813715,0.0325154960155,-0.0146934334189],[0.000210195692489,-0.00271410518326,0.00160354201216,0.00281058368273,-0.00511156860739,0.00228760251775,0.00327778258361,-0.00729604065418,0.0118231698871,-0.00995048973709,0.00949402991682,-0.0146934334189,0.0235787015408]],"mean":[-37.715839386,112.73727417,-83.4781112671,-6.01191759109,-16.9506378174,-8.52606201172,1.28922593594,-24.9506835938,-1.91983771324,-4.97110652924,-3.72731280327,1.51387631893,-9.27532196045]},"hfc":{"dmean":22.4897918701,"dmean2":34.5711936951,"dvar":1294.75268555,"dvar2":2911.11816406,"max":435.779846191,"mean":58.0271911621,"median":44.6121940613,"min":1.20776363306e-16,"var":2591.74291992},"melbands":{"dmean":[0.00260670832358,0.00382742495276,0.00079424190335,0.000570785370655,0.000574633420911,0.000575473008212,0.000271981029073,0.000128627551021,0.000106702842459,0.0000846615075716,0.0000638659621472,0.0000855525358929,0.000074324052548,0.0000536336956429,0.0000506566684635,0.0000348383473465,0.0000190355622181,0.0000149338211486,0.0000105970830191,0.00000646101216262,0.00000424976769864,0.00000278730476566,0.00000202774276659,0.00000207672019314,0.00000223988922698,0.00000270982354778,0.00000260453566625,0.00000159712647019,0.00000100525710423,7.77185107381e-7,6.76918602949e-7,4.60431238025e-7,3.44029331245e-7,2.25873492354e-7,1.71377195102e-7,1.15549084967e-7,6.03323968562e-8,3.82092615325e-8,2.55101983981e-8,1.80836465802e-8],"dmean2":[0.00440710783005,0.00623575551435,0.00127366324887,0.000965032842942,0.000942641927395,0.00097283377545,0.0004501012736,0.000208700192161,0.000171157473233,0.000133773908601,0.000101964513306,0.000127226376208,0.000112286783406,0.0000847273768159,0.0000812128128018,0.0000560755179322,0.0000304658260575,0.000023630234864,0.000016875233996,0.0000102320418591,0.00000674844613968,0.0000044257681111,0.00000317599301525,0.00000326279905494,0.00000348263802152,0.00000422497078034,0.00000400578073823,0.00000243014392254,0.00000150465791648,0.00000118255923098,0.00000102919955225,6.75600460909e-7,5.11995722263e-7,3.36251531508e-7,2.57151782534e-7,1.74725045099e-7,9.3636444376e-8,6.00525993377e-8,4.12631706581e-8,3.00871150216e-8],"dvar":[0.0000268365856755,0.0000613241645624,0.00000368214386981,0.00000172135298726,0.00000140898998779,0.0000023818624868,4.61587916334e-7,6.50596874152e-8,4.94799614614e-8,3.16949773094e-8,1.64237103917e-8,5.23344994008e-8,3.83792659875e-8,7.82577291858e-9,9.69643210169e-9,3.93332699744e-9,9.99880067631e-10,7.50512263448e-10,2.81135337232e-10,1.1265639116e-10,5.45288467158e-11,2.97968733021e-11,3.73911110407e-11,4.31527695521e-11,7.76793768198e-11,2.32282040824e-10,2.10269912593e-10,5.36505180559e-11,1.68482918589e-11,8.64272455686e-12,1.0753532613e-11,2.93251187222e-12,1.40649351974e-12,8.45436676396e-13,4.66259409554e-13,4.33056016177e-13,8.13508941743e-14,2.3950818813e-14,4.78159416087e-15,1.29762895833e-15],"dvar2":[0.0000715694841347,0.000144569028635,0.00000868239567353,0.00000446024841949,0.00000353522909791,0.00000620939772489,0.00000115024522529,1.63692646993e-7,1.191902399e-7,7.33340499437e-8,3.87244831757e-8,9.04141828073e-8,7.23366326838e-8,1.79790351496e-8,2.44957174544e-8,9.91660531469e-9,2.35847008589e-9,1.77902814702e-9,6.78190614778e-10,2.65756000539e-10,1.32732325131e-10,7.52928344672e-11,9.22157974981e-11,1.05152393737e-10,1.87524204498e-10,5.16535036965e-10,4.48852066626e-10,1.20426307815e-10,3.68861503841e-11,1.89705126608e-11,2.5079971086e-11,5.92106398634e-12,3.12465916856e-12,1.91444581542e-12,1.00923956692e-12,1.04388481366e-12,1.58222108917e-13,4.75557432517e-14,1.06330163451e-14,3.13083282579e-15],"max":[0.0522240810096,0.0959289446473,0.0243256371468,0.0289675127715,0.0181740559638,0.03595719859,0.0187972076237,0.00695173395798,0.00539923552424,0.00449630199,0.00320201017894,0.00686636194587,0.00409745704383,0.00172452314291,0.00184322625864,0.00114662526175,0.00125198799651,0.00101312377956,0.000330286362441,0.000181321389391,0.000181710332981,0.000220539121074,0.00023591844365,0.000224695424549,0.000274366757367,0.000505057221744,0.000681125151459,0.00028462332557,0.000133875830215,0.0000874808683875,0.000174643544597,0.0000605133427598,0.000034460270399,0.0000369308399968,0.0000241389025177,0.000042387197027,0.0000126977756736,0.00000773341707827,0.00000294024607683,9.72186853687e-7],"mean":[0.00301016354933,0.00450964737684,0.000984354061075,0.000667683896609,0.000730428087991,0.000627170840744,0.000330392183969,0.0001782093168,0.000144011166412,0.00011850771989,0.0000878049031598,0.00012375676306,0.000107265666884,0.0000866155387484,0.0000763403659221,0.0000529927674506,0.0000287878156087,0.0000230236655625,0.0000166634727066,0.00000969590473687,0.00000648068635201,0.00000438131428382,0.00000306655238091,0.00000319424748341,0.00000336840798809,0.00000393243954022,0.00000366906078852,0.00000240690542341,0.0000015618264797,0.00000126511486087,0.00000106364018393,7.4562615282e-7,5.53648192181e-7,3.56861079354e-7,2.61394092149e-7,1.64455826734e-7,7.91736383121e-8,4.3461447774e-8,2.61797072909e-8,1.75021561688e-8],"median":[0.00163506832905,0.00182997819502,0.000427246181061,0.000269153009867,0.000248904398177,0.000168631653651,0.000106019077066,0.0000740879186196,0.0000517687258252,0.0000431895568909,0.0000363419530913,0.0000400423996325,0.0000418413983425,0.0000446278863819,0.0000416468428739,0.0000280466483673,0.0000158330094564,0.0000119510641525,0.00000852723314893,0.00000425103917223,0.00000304455488731,0.00000219011212721,0.00000120879599308,0.00000120391450764,0.00000100404429304,6.66243806791e-7,5.60197861432e-7,5.06659262101e-7,4.30623060765e-7,3.62700347978e-7,3.17051444654e-7,2.44769267965e-7,1.9572605936e-7,1.36545395435e-7,9.82417560635e-8,5.70582372461e-8,2.16186055724e-8,8.94448337618e-9,6.82520129303e-9,5.38650191118e-9],"min":[6.9588780997e-24,2.04098211253e-23,1.88124771887e-23,1.34207754068e-23,3.7692519525e-24,2.60323369027e-24,3.27034712819e-24,4.28296803474e-24,6.24557153097e-24,7.97155935412e-24,8.79301914738e-24,7.41939774123e-24,1.2628481379e-23,1.43045315458e-23,9.69054722002e-24,1.23374208928e-23,1.46879116348e-23,8.20148627558e-24,8.22543845924e-24,8.8413092677e-24,8.11703477137e-24,1.20123770677e-23,1.16408543469e-23,1.27244021319e-23,6.14822727856e-24,8.37829130368e-24,8.64698600547e-24,9.20739752571e-24,1.33094403118e-23,9.67156643778e-24,9.94607425558e-24,1.08081879956e-23,7.64930415231e-24,7.80662194947e-24,1.67333427651e-23,1.6988187436e-23,1.27212277556e-23,1.15124980001e-23,1.02086986727e-23,8.72311108282e-24],"var":[0.0000223309016292,0.0000680174780427,0.00000393550999434,0.00000176986020506,0.0000020412539925,0.00000237482458942,5.80193272981e-7,1.01307961131e-7,7.64222747307e-8,5.15475520046e-8,2.52907472742e-8,1.04071084195e-7,7.74312738372e-8,1.47374539239e-8,1.25834995757e-8,5.8669500369e-9,1.78423686936e-9,1.22318621898e-9,5.06018948965e-10,2.06424904947e-10,9.25292412135e-11,4.47755131583e-11,5.09501503487e-11,7.40673702926e-11,1.22124657609e-10,4.18182377615e-10,4.05007444249e-10,1.04615642538e-10,2.86158232526e-11,1.80272428929e-11,1.59513773718e-11,5.16507192919e-12,2.41371137487e-12,1.31835547253e-12,7.12031562183e-13,4.79945618838e-13,1.35697984967e-13,3.92351420992e-14,6.50149159566e-15,1.30724098233e-15]},"melbands_crest":{"dmean":5.26480579376,"dmean2":8.77535533905,"dvar":18.8650588989,"dvar2":50.5166473389,"max":38.9016609192,"mean":17.1764507294,"median":16.621131897,"min":2.01167106628,"var":40.9818382263},"melbands_flatness_db":{"dmean":0.0405025072396,"dmean2":0.0647196695209,"dvar":0.00114985567052,"dvar2":0.00294875307009,"max":0.541191637516,"mean":0.279427856207,"median":0.279503643513,"min":0.00629604002461,"var":0.00352838775143},"melbands_kurtosis":{"dmean":11.7329034805,"dmean2":19.4589176178,"dvar":741.924377441,"dvar2":1862.44592285,"max":880.393005371,"mean":15.9330825806,"median":8.17959022522,"min":-1.82978546619,"var":992.74041748},"melbands_skewness":{"dmean":1.09432578087,"dmean2":1.75373387337,"dvar":1.49595403671,"dvar2":3.6780257225,"max":24.2221221924,"mean":2.8315346241,"median":2.44144511223,"min":-1.85945427418,"var":3.84913039207},"melbands_spread":{"dmean":5.65931415558,"dmean2":9.07223510742,"dvar":67.7866439819,"dvar2":138.756286621,"max":168.719329834,"mean":14.1702375412,"median":11.535399437,"min":0.396046608686,"var":168.806793213},"mfcc":{"cov":[[8228.74121094,1411.00952148,-380.386566162,582.594116211,-184.468276978,286.284973145,5.65261602402,116.44355011,-49.7676811218,132.592086792,-3.0197865963,37.1726150513,30.3326015472],[1411.00952148,1610.66467285,-116.689506531,-247.88621521,72.5252990723,156.832092285,-1.30651950836,1.77874982357,53.0672874451,-41.6649284363,11.9221487045,8.37556743622,56.683921814],[-380.386566162,-116.689506531,365.535736084,2.95029401779,51.5417556763,-50.1864547729,31.4889698029,-25.8219680786,11.3760023117,0.748849630356,19.5451545715,16.9016628265,1.13086867332],[582.594116211,-247.88621521,2.95029401779,480.96194458,-62.9207344055,34.2439308167,-14.3315935135,20.6454906464,-48.1919326782,66.7183685303,12.9197454453,0.190493062139,-9.24353122711],[-184.468276978,72.5252990723,51.5417556763,-62.9207344055,226.104705811,5.37682628632,67.097984314,9.91207504272,52.3909988403,3.00965976715,9.93463993073,0.869682431221,17.5601177216],[286.284973145,156.832092285,-50.1864547729,34.2439308167,5.37682628632,193.107376099,36.0460662842,44.9615135193,-11.4264879227,1.61332988739,-2.96683192253,8.80227184296,15.972869873],[5.65261602402,-1.30651950836,31.4889698029,-14.3315935135,67.097984314,36.0460662842,143.669570923,34.0970344543,18.099029541,-0.355485290289,-2.84452104568,-2.88814544678,14.0321903229],[116.44355011,1.77874982357,-25.8219680786,20.6454906464,9.91207504272,44.9615135193,34.0970344543,132.77003479,32.8175964355,23.7953910828,-2.37743711472,10.0775032043,15.4670553207],[-49.7676811218,53.0672874451,11.3760023117,-48.1919326782,52.3909988403,-11.4264879227,18.099029541,32.8175964355,103.035301208,29.4675617218,18.6180229187,6.56486940384,7.60277605057],[132.592086792,-41.6649284363,0.748849630356,66.7183685303,3.00965976715,1.61332988739,-0.355485290289,23.7953910828,29.4675617218,107.648902893,40.6708679199,17.2191467285,8.49006462097],[-3.0197865963,11.9221487045,19.5451545715,12.9197454453,9.93463993073,-2.96683192253,-2.84452104568,-2.37743711472,18.6180229187,40.6708679199,77.731918335,32.0312271118,10.7893028259],[37.1726150513,8.37556743622,16.9016628265,0.190493062139,0.869682431221,8.80227184296,-2.88814544678,10.0775032043,6.56486940384,17.2191467285,32.0312271118,65.6649932861,30.4738311768],[30.3326015472,56.683921814,1.13086867332,-9.24353122711,17.5601177216,15.972869873,14.0321903229,15.4670553207,7.60277605057,8.49006462097,10.7893028259,30.4738311768,64.3457794189]],"icov":[[0.000196814711671,-0.000234140970861,0.000125688791741,-0.000315878191032,0.000133996771183,0.0000290981752187,-0.00015167517995,-0.0000512423575856,0.0000541376575711,-0.000200038164621,0.000214111612877,-0.000254818092799,0.000172275336809],[-0.000234140970861,0.00109884946141,0.0000223442311835,0.00075123104034,-0.000285995862214,-0.000834138598293,0.000507721561007,0.000321002997225,-0.000487942830659,0.000514824991114,-0.000586674897932,0.000685953884386,-0.000889645714778],[0.000125688791741,0.0000223442311835,0.00324993440881,-0.000364810810424,-0.00050782278413,0.000747479614802,-0.000907125300728,0.000625369604677,-0.000143982717418,0.000242475696723,-0.000320093211485,-0.00123375060502,0.000435066147475],[-0.000315878191032,0.00075123104034,-0.000364810810424,0.00333235925063,0.000122316312627,-0.00078536948422,0.000491424521897,-0.000304028799292,0.00143490044866,-0.00165774743073,-0.000468964048196,0.000965846877079,-0.000229863013374],[0.000133996771183,-0.000285995862214,-0.00050782278413,0.000122316312627,0.00615317281336,-0.0000797090106062,-0.00246191606857,0.000640719314106,-0.00252877152525,0.000106298415631,-0.000280262902379,0.000658499251585,-0.0010413947748],[0.0000290981752187,-0.000834138598293,0.000747479614802,-0.00078536948422,-0.0000797090106062,0.00711831497028,-0.00175314920489,-0.00207138457336,0.00180236669257,0.0000742658230592,0.000216027488932,-0.00111784168985,5.26585495209e-7],[-0.00015167517995,0.000507721561007,-0.000907125300728,0.000491424521897,-0.00246191606857,-0.00175314920489,0.00946538802236,-0.00179175788071,-0.000152147476911,0.000556685845368,-0.000240839741309,0.00203061313368,-0.00179242179729],[-0.0000512423575856,0.000321002997225,0.000625369604677,-0.000304028799292,0.000640719314106,-0.00207138457336,-0.00179175788071,0.0103263780475,-0.00376607989892,-0.00143513525836,0.0023269134108,-0.00141427177005,-0.00115144869778],[0.0000541376575711,-0.000487942830659,-0.000143982717418,0.00143490044866,-0.00252877152525,0.00180236669257,-0.000152147476911,-0.00376607989892,0.0146907931194,-0.00378088396974,-0.00167992443312,0.000487745797727,0.000607892288826],[-0.000200038164621,0.000514824991114,0.000242475696723,-0.00165774743073,0.000106298415631,0.0000742658230592,0.000556685845368,-0.00143513525836,-0.00378088396974,0.0146553628147,-0.00674233445898,0.000525593874045,-0.0010308502242],[0.000214111612877,-0.000586674897932,-0.000320093211485,-0.000468964048196,-0.000280262902379,0.000216027488932,-0.000240839741309,0.0023269134108,-0.00167992443312,-0.00674233445898,0.0207878500223,-0.00946788024157,0.00195659394376],[-0.000254818092799,0.000685953884386,-0.00123375060502,0.000965846877079,0.000658499251585,-0.00111784168985,0.00203061313368,-0.00141427177005,0.000487745797727,0.000525593874045,-0.00946788024157,0.0255755595863,-0.0109807001427],[0.000172275336809,-0.000889645714778,0.000435066147475,-0.000229863013374,-0.0010413947748,5.26585495209e-7,-0.00179242179729,-0.00115144869778,0.000607892288826,-0.0010308502242,0.00195659394376,-0.0109807001427,0.0220911148936]],"mean":[-699.427185059,174.400405884,-7.4822883606,22.8477897644,-4.1400103569,26.9351043701,0.423736274242,5.61696767807,-4.1524939537,2.00661087036,1.0488679409,2.40542864799,3.36702179909]},"pitch_salience":{"dmean":0.10816308111,"dmean2":0.180839553475,"dvar":0.00857467297465,"dvar2":0.023175502196,"max":0.90475666523,"mean":0.521956980228,"median":0.531890749931,"min":0.0471394360065,"var":0.0175480339676},"silence_rate_20dB":{"dmean":0,"dmean2":0,"dvar":0,"dvar2":0,"max":1,"mean":1,"median":1,"min":1,"var":0},"silence_rate_30dB":{"dmean":0.0636050030589,"dmean2":0.127223715186,"dvar":0.0595621466637,"dvar2":0.122896030545,"max":1,"mean":0.936186254025,"median":1,"min":0,"var":0.0597386360168},"silence_rate_60dB":{"dmean":0.0166019834578,"dmean2":0.0332075469196,"dvar":0.0163254477084,"dvar2":0.0407264083624,"max":1,"mean":0.0607955157757,"median":0,"min":0,"var":0.0570963472128},"spectral_centroid":{"dmean":194.991027832,"dmean2":300.026916504,"dvar":74617.9453125,"dvar2":134814.375,"max":10856.5410156,"mean":832.788024902,"median":702.143005371,"min":184.364852905,"var":302671.3125},"spectral_complexity":{"dmean":3.18219065666,"dmean2":4.70124006271,"dvar":9.39913749695,"dvar2":17.939699173,"max":50,"mean":15.3166971207,"median":16,"min":0,"var":48.5853729248},"spectral_contrast_coeffs":{"dmean":[0.0581030473113,0.0548430494964,0.0392284616828,0.0297496244311,0.0226603895426,0.0467179529369],"dmean2":[0.0957481861115,0.0911038890481,0.0640347823501,0.0485670268536,0.0367317050695,0.0730255246162],"dvar":[0.00214858329855,0.00194869877305,0.000962403602898,0.000562102475669,0.000394405360566,0.00156492018141],"dvar2":[0.00560720870271,0.00531608378515,0.00256251217797,0.00148336368147,0.000936542521231,0.00381563580595],"max":[-0.288129270077,-0.415539503098,-0.592446267605,-0.607410728931,-0.620170354843,-0.410385400057],"mean":[-0.678962290287,-0.760915875435,-0.800987660885,-0.805564463139,-0.833547472954,-0.74340736866],"median":[-0.683169543743,-0.769772768021,-0.80496686697,-0.808087408543,-0.836466670036,-0.748274207115],"min":[-0.946866035461,-0.962183713913,-0.972838044167,-0.970700740814,-0.961736261845,-0.959692835808],"var":[0.00669891387224,0.00542584853247,0.00271806586534,0.0019452663837,0.00147130154073,0.00551435677335]},"spectral_contrast_valleys":{"dmean":[0.466912746429,0.412223815918,0.360687434673,0.332438766956,0.35499984026,0.692142546177],"dmean2":[0.74106502533,0.653413891792,0.553678750992,0.486743956804,0.507928371429,1.09850168228],"dvar":[0.18794170022,0.136880844831,0.110412016511,0.103424951434,0.136148884892,0.348206669092],"dvar2":[0.402176439762,0.292142659426,0.21276037395,0.191396951675,0.258041411638,0.828514695168],"max":[-4.56204080582,-4.5268907547,-5.22215604782,-5.91787242889,-5.72831821442,-8.69776725769],"mean":[-6.99462461472,-6.66383647919,-7.12472200394,-7.68514299393,-8.25201320648,-11.4947023392],"median":[-6.70458841324,-6.45524215698,-6.88075637817,-7.47414731979,-8.06439590454,-11.3600244522],"min":[-27.5809764862,-27.0915756226,-27.1656856537,-27.1764678955,-27.2017631531,-27.2101688385],"var":[1.95653164387,1.76368570328,1.80060529709,1.65836238861,1.50203573704,1.3367279768]},"spectral_decrease":{"dmean":5.67355851189e-9,"dmean2":8.9134832848e-9,"dvar":8.71516169897e-17,"dvar2":2.02504322455e-16,"max":8.48265346853e-11,"mean":-8.77887185169e-9,"median":-5.77394221324e-9,"min":-1.02096414878e-7,"var":1.09197568501e-16},"spectral_energy":{"dmean":0.0227357186377,"dmean2":0.0354104824364,"dvar":0.00140184501652,"dvar2":0.00320922210813,"max":0.411421388388,"mean":0.0383966341615,"median":0.0263441801071,"min":1.08334641214e-20,"var":0.00183554843534},"spectral_energyband_high":{"dmean":0.000115026668936,"dmean2":0.000157033820869,"dvar":1.04122435118e-7,"dvar2":1.93418287608e-7,"max":0.0116360485554,"mean":0.000278535619145,"median":0.000134955596877,"min":8.16558046368e-21,"var":3.10752994892e-7},"spectral_energyband_low":{"dmean":0.017264822498,"dmean2":0.0281388908625,"dvar":0.000853340723552,"dvar2":0.00204191030934,"max":0.314572393894,"mean":0.0213089138269,"median":0.0114316102117,"min":9.92206969155e-23,"var":0.000948883942328},"spectral_energyband_middle_high":{"dmean":0.00164692488033,"dmean2":0.00233250996098,"dvar":0.00000728817622075,"dvar2":0.0000124872967717,"max":0.053170055151,"mean":0.00373353832401,"median":0.00254065357149,"min":1.48622656721e-21,"var":0.000020966064767},"spectral_energyband_middle_low":{"dmean":0.00677997013554,"dmean2":0.0109844142571,"dvar":0.000179498980287,"dvar2":0.000461564632133,"max":0.204584211111,"mean":0.0110060656443,"median":0.00635158549994,"min":2.22675390166e-22,"var":0.000214618863538},"spectral_entropy":{"dmean":0.217504858971,"dmean2":0.330702990294,"dvar":0.0376511737704,"dvar2":0.0894549563527,"max":9.81502437592,"mean":7.31454992294,"median":7.3210105896,"min":5.60608482361,"var":0.143814250827},"spectral_flux":{"dmean":0.0416567251086,"dmean2":0.0662160664797,"dvar":0.00280901882797,"dvar2":0.00629271287471,"max":0.576791107655,"mean":0.112449944019,"median":0.0953973829746,"min":1.04083928976e-10,"var":0.00513387843966},"spectral_kurtosis":{"dmean":5.6697511673,"dmean2":8.73455810547,"dvar":57.2895965576,"dvar2":133.780059814,"max":125.935501099,"mean":19.2448825836,"median":16.0950164795,"min":-1.16251552105,"var":139.77444458},"spectral_rms":{"dmean":0.00156017846894,"dmean2":0.00233156047761,"dvar":0.00000359461751032,"dvar2":0.0000074705994848,"max":0.0200346391648,"mean":0.00540993409231,"median":0.00506967864931,"min":3.25103572535e-12,"var":0.00000819265642349},"spectral_rolloff":{"dmean":2619.90527344,"dmean2":4962.8125,"dvar":36109680,"dvar2":88025344,"max":22050,"mean":4325.04882812,"median":990.52734375,"min":21.533203125,"var":56981404},"spectral_skewness":{"dmean":0.437144964933,"dmean2":0.656006038189,"dvar":0.232986569405,"dvar2":0.522132575512,"max":8.80174064636,"mean":3.02139520645,"median":2.86430478096,"min":0.00771546456963,"var":0.923389554024},"spectral_spread":{"dmean":543276.0625,"dmean2":835471.25,"dvar":315906555904,"dvar2":619531403264,"max":39070256,"mean":3770752.75,"median":3682276.25,"min":1251643.375,"var":1473850507260},"spectral_strongpeak":{"dmean":0.543851494789,"dmean2":0.963006436825,"dvar":4.09023666382,"dvar2":12.0679388046,"max":48.5747833252,"mean":0.614461064339,"median":0.320763111115,"min":0,"var":2.42484974861},"zerocrossingrate":{"dmean":0.0327138975263,"dmean2":0.0403747782111,"dvar":0.000886775727849,"dvar2":0.00132929137908,"max":0.615234375,"mean":0.167423516512,"median":0.15087890625,"min":0,"var":0.00653311051428}},"metadata":{"audio_properties":{"analysis_sample_rate":44100,"bit_rate":192000,"codec":"mp3","downmix":"mix","equal_loudness":0,"length":215.379592896,"lossless":false,"md5_encoded":"eca48c0dd6fc00d3d198af7342fb2277","replay_gain":-3.86986732483,"sample_rate":44100},"tags":{"album":["Kiss Me Kiss Me Kiss Me"],"albumartist":["The Cure"],"albumartistsort":["Cure, The"],"artist":["The Cure"],"artistsort":["Cure, The"],"asin":["B000002H4Q"],"barcode":["075596073721"],"catalognumber":["E2 60737 553727T"],"composer":["Boris Williams","Laurence Tolhurst","Porl Thompson","Simon Gallup","Robert Smith"],"date":["1987"],"file_name":"10 Hot Hot Hot!!!.mp3","genre":["Progressive Rock"],"label":["Columbia House"],"lyricist":["Robert Smith"],"musicbrainz album release country":["CA"],"musicbrainz album status":["official"],"musicbrainz album type":["album"],"musicbrainz_albumartistid":["69ee3720-a7cb-4402-b48d-a02c366f2bcf"],"musicbrainz_albumid":["d304235b-0294-4dc8-aade-532ff3767ad8"],"musicbrainz_artistid":["69ee3720-a7cb-4402-b48d-a02c366f2bcf"],"musicbrainz_recordingid":["82a255e2-145e-474e-ad39-3e9e8b9b23e4"],"performer:bass":["Simon Gallup"],"performer:keyboard":["Laurence Tolhurst"],"performer:keyboard and guitar":["Robert Smith"],"performer:percussion instruments and drums":["Boris Williams"],"performer:saxophone, keyboard and guitar":["Porl Thompson"],"performer:vocal":["Robert Smith"],"title":["Hot Hot Hot!!!"],"tracknumber":["10/17"]},"version":{"essentia":"2.1-beta1","essentia_build_sha":"9f04d4dd351e2d05498f0c7e4880499648f24ac0","essentia_git_sha":"v2.1_beta1-34-gf95df8b","extractor":"music 1.0"}},"rhythm":{"beats_count":403,"beats_loudness":{"dmean":0.0539583154023,"dmean2":0.104491770267,"dvar":0.00164267793298,"dvar2":0.005291887559,"max":0.26945862174,"mean":0.0770480856299,"median":0.0706933811307,"min":1.08067599314e-8,"var":0.00196212274022},"beats_loudness_band_ratio":{"dmean":[0.162799969316,0.0958256796002,0.07