{"lowlevel":{"average_loudness":0.956288874149,"barkbands":{"dmean":[0.000110967055662,0.00337305385619,0.00461680814624,0.00182577571832,0.00207027816214,0.000663816754241,0.000420720782131,0.000549261458218,0.00104583485518,0.000485896482132,0.000475708715385,0.000456501904409,0.000724835030269,0.000580622290727,0.000500508584082,0.000589995936025,0.000678572047036,0.000325545144733,0.000363834173186,0.000248403754085,0.000187663914403,0.000118843192467,0.0000560565968044,0.0000476994537166,0.0000360144476872,0.0000125730721265,0.00000161610751093],"dmean2":[0.000182524090633,0.00553716858849,0.00792291853577,0.00312744709663,0.00348286912777,0.00113208161201,0.000693618960213,0.000932950992137,0.00170144194271,0.000769816921093,0.000764994649217,0.000739027687814,0.00118504755665,0.000933295057621,0.00081916997442,0.000981823657639,0.00111563422251,0.000545517075807,0.000608268484939,0.000420417694841,0.00031400329317,0.000194945387193,0.0000841020810185,0.0000690352608217,0.0000539119027962,0.0000184563286894,0.00000238856796386],"dvar":[2.66233257662e-8,0.0000258370018855,0.0000395415372623,0.0000109260708996,0.0000131386532303,0.00000137442646064,5.89429987485e-7,0.00000139535040944,0.00000295272593576,9.42960923567e-7,0.00000121288223909,6.6327697823e-7,0.00000149689299178,0.00000104421087599,7.0308794875e-7,5.76326840473e-7,7.73272120114e-7,1.44917621014e-7,1.653211541e-7,7.77803847996e-8,4.30402877782e-8,3.02329041801e-8,1.4400556303e-8,8.72572858412e-9,7.56767182253e-9,7.80497277919e-10,1.12378890915e-11],"dvar2":[6.66181989573e-8,0.000060105448938,0.000116519178846,0.0000293419525406,0.0000347808090737,0.00000377004676011,0.00000152886138949,0.00000368400174011,0.00000756570216254,0.00000230437149185,0.00000297463725474,0.00000164567029515,0.00000380744722861,0.00000259990179075,0.00000173969021944,0.00000143345585002,0.00000198920793082,3.77612593638e-7,4.28939813446e-7,2.12591288573e-7,1.15158400149e-7,7.27427220681e-8,2.97269533434e-8,1.61681192878e-8,1.5372481954e-8,1.50403023369e-9,2.57572678464e-11],"max":[0.00157079938799,0.0595461279154,0.0761604458094,0.0664998143911,0.0460761412978,0.0175776723772,0.0208359435201,0.0285666659474,0.0259097460657,0.0236162897199,0.0291260425001,0.024682790041,0.0319706872106,0.0261364001781,0.0244562663138,0.0215018745512,0.0198643282056,0.0078127393499,0.010956056416,0.00443930691108,0.00525298947468,0.00333581375889,0.00486272620037,0.00328062730841,0.00296553689986,0.00143168133218,0.000115230759548],"mean":[0.000122351237223,0.00465452065691,0.0077486843802,0.00259636971168,0.00271858368069,0.000989579246379,0.000704263278749,0.000749929691665,0.00177976326086,0.000877081416547,0.000772364845034,0.000813247344922,0.00132271565963,0.00111431290861,0.00101741182152,0.00126636878122,0.00144697003998,0.00074267067248,0.000962456455454,0.000644178420771,0.000528691627551,0.000277888553683,0.000115685164928,0.000106225525087,0.0000827324256534,0.0000300201700156,0.00000329153613166],"median":[0.0000454004912172,0.00277624232695,0.00576159311458,0.00151730095968,0.00151386100333,0.000612112053204,0.000417415954871,0.000372317736037,0.00102127227001,0.000446399470093,0.000316771824146,0.000479808601085,0.000757900183089,0.000581119325943,0.000695035385434,0.000985119841062,0.00110599340405,0.00064512953395,0.000865219975822,0.000595600577071,0.000486052304041,0.000218820539885,0.0000738911694498,0.0000702815304976,0.000057038727391,0.0000210567213799,0.0000019871376935],"min":[2.08308706044e-25,1.68892082693e-24,1.35359084727e-24,2.11922216541e-24,7.61472758997e-24,1.43887992454e-23,5.78254212847e-24,6.58552837706e-24,1.0897328489e-23,1.48444531929e-23,1.31930186417e-23,3.85902771562e-23,2.70520725457e-23,5.22820057736e-23,5.24680917502e-23,4.63308927471e-23,4.57456210643e-23,9.95361529252e-23,1.20838117359e-22,1.77771445822e-22,2.55868511356e-22,2.83845128883e-22,4.11037602874e-22,5.83437839943e-22,9.55601008497e-22,1.24129406614e-21,1.95390238884e-21],"var":[3.34135954461e-8,0.0000336008997692,0.0000609890412306,0.0000140558886415,0.0000140199026646,0.00000167847235844,0.00000107631046831,0.00000186233353361,0.00000563138382859,0.00000212607687899,0.00000245831506618,0.00000122309484141,0.00000321539414472,0.0000024604871669,0.00000142758199217,0.00000130111891394,0.00000173796001945,3.01890537457e-7,4.71827775073e-7,1.58974089004e-7,1.15463826944e-7,5.49176917275e-8,2.874612548e-8,2.17203606212e-8,1.64618629839e-8,1.94298510614e-9,2.11472315353e-11]},"barkbands_crest":{"dmean":2.39982056618,"dmean2":4.02985334396,"dvar":4.53833961487,"dvar2":12.5864973068,"max":23.7516899109,"mean":8.10014533997,"median":7.57355308533,"min":2.1033987999,"var":9.78504180908},"barkbands_flatness_db":{"dmean":0.0155947525054,"dmean2":0.0249139592052,"dvar":0.000215358653804,"dvar2":0.000525798881426,"max":0.367083966732,"mean":0.0964133441448,"median":0.0849848985672,"min":0.0270710419863,"var":0.00186300161295},"barkbands_kurtosis":{"dmean":0.904103159904,"dmean2":1.50125527382,"dvar":2.33274412155,"dvar2":5.92606830597,"max":44.9524917603,"mean":-0.0243542566895,"median":-0.631983041763,"min":-1.79388177395,"var":4.43409061432},"barkbands_skewness":{"dmean":0.408543020487,"dmean2":0.665316283703,"dvar":0.153816044331,"dvar2":0.390848755836,"max":6.61715507507,"mean":0.682790994644,"median":0.650545299053,"min":-3.36488080025,"var":0.608709871769},"barkbands_spread":{"dmean":4.89539575577,"dmean2":7.96914577484,"dvar":21.0643768311,"dvar2":53.3630828857,"max":79.6696090698,"mean":33.4677200317,"median":34.7254981995,"min":1.22168147564,"var":103.752120972},"dissonance":{"dmean":0.00897131767124,"dmean2":0.0153522491455,"dvar":0.0000794503212092,"dvar2":0.000221051624976,"max":0.500000119209,"mean":0.485527545214,"median":0.488012611866,"min":0.358635693789,"var":0.000117670555483},"dynamic_complexity":1.83620238304,"erbbands":{"dmean":[0.0950801298022,0.83251953125,4.41046619415,5.85484981537,5.59585475922,8.46746063232,5.13109064102,5.73603248596,5.18531894684,8.05324077606,14.7784337997,25.7597122192,16.0186882019,13.5324621201,18.1023902893,20.9403438568,33.7795219421,25.6820106506,26.9495124817,22.1695251465,37.5172233582,26.0533084869,18.6077270508,19.1866016388,14.4872169495,11.1483507156,10.1323518753,5.9345240593,4.28395795822,2.81324958801,1.52885305882,1.21326136589,0.709064662457,0.492131620646,0.223431840539,0.0820855647326,0.0180867444724,0.00296726892702,0.00026357913157,0.0000193537653104],"dmean2":[0.154102146626,1.3957722187,7.56335163116,10.0091218948,9.59945201874,14.1228933334,8.93864345551,9.70368766785,8.56964015961,13.5050487518,24.6343154907,41.7651557922,25.5671215057,21.9151363373,28.8957691193,33.9822845459,55.3018226624,41.2865791321,43.6230163574,36.1492614746,62.4655799866,42.663848877,31.1152629852,32.1129379272,24.1460723877,18.8620529175,17.0858039856,10.0346889496,7.11255455017,4.38920116425,2.27074718475,1.77025640011,1.04490876198,0.736807763577,0.340450257063,0.1227254197,0.0267848167568,0.00433920416981,0.000385847612051,0.0000302705830109],"dvar":[0.0259671527892,1.55096018314,35.7284584045,87.9129257202,74.9584503174,267.066802979,89.6240005493,99.3703842163,100.379203796,230.419586182,914.155761719,2011.41540527,984.038513184,966.415039062,1597.25097656,1309.24645996,3418.36523438,2067.32421875,2351.96044922,963.236816406,2193.265625,1009.91644287,451.502624512,512.200561523,271.421966553,162.748001099,133.057678223,50.3681335449,38.8064002991,23.2251834869,11.5380783081,5.45903015137,2.04169940948,1.45637130737,0.283281356096,0.0347289554775,0.00171257660259,0.0000374082628696,2.94602102713e-7,9.48693124059e-10],"dvar2":[0.0604098960757,3.8417737484,102.826454163,241.692626953,209.534698486,697.112060547,252.066131592,265.808013916,264.367340088,612.921508789,2365.16992188,5189.82519531,2382.72387695,2564.49267578,3678.21875,3293.47924805,8659.02929688,5145.86328125,5720.74023438,2364.02587891,5609.69677734,2540.87524414,1201.08508301,1305.73083496,726.755432129,441.610229492,357.248657227,133.655761719,95.3778381348,51.1855773926,23.2911109924,10.3553342819,3.81471586227,2.95510458946,0.602937102318,0.0688748061657,0.00346679473296,0.0000802876966191,6.8790319574e-7,2.34451302816e-9],"max":[1.7100455761,14.5523138046,78.0064239502,172.917922974,109.113319397,179.942764282,184.19921875,166.10546875,329.090515137,330.767211914,594.729187012,793.906677246,846.012329102,888.349060059,1184.52526855,1062.00598145,1483.28417969,1492.37390137,1513.75427246,833.032714844,954.555480957,974.105957031,429.51184082,506.330474854,619.447692871,242.103424072,310.764862061,86.9128341675,136.395202637,148.56086731,133.476852417,72.1114959717,51.3798484802,48.8394241333,18.414899826,9.52980327606,1.77941453457,0.153823360801,0.0176234003156,0.00105386483483],"mean":[0.108190111816,1.2348793745,7.59837150574,9.71827888489,8.28167724609,9.99144172668,6.97023010254,8.66733837128,8.94921207428,12.7166805267,22.6819992065,43.8838195801,30.337802887,24.4760513306,32.5106201172,40.9852333069,64.9057769775,53.8953590393,57.2671775818,53.3339309692,85.6617050171,65.7525024414,46.2846336365,48.6410179138,39.5976333618,30.1613922119,28.9403419495,15.7062206268,10.3164815903,5.77950620651,3.19817090034,2.538813591,1.57291257381,1.108258605,0.48670566082,0.187809839845,0.0417840890586,0.00682873604819,0.000568573188502,0.0000659493452986],"median":[0.047117985785,0.823104262352,5.73855304718,6.80776166916,5.11288928986,4.83214473724,4.22685194016,5.20809268951,5.82695055008,7.12843894958,12.8875131607,23.9785385132,16.7929077148,12.9889192581,16.6207809448,26.8775939941,38.8039703369,33.0124473572,37.9652137756,40.0024909973,70.6205596924,54.4041252136,41.0323181152,42.099281311,35.9311981201,28.131061554,26.3578910828,14.3769235611,8.53717327118,3.64198803902,2.04873013496,1.5831360817,1.05738008022,0.754127979279,0.328702867031,0.132579624653,0.0281186793,0.00436496222392,0.000362665596185,0.0000592724718445],"min":[7.99724087866e-23,3.17159242403e-22,2.05048622667e-21,7.40923123005e-21,8.59918547117e-21,1.5194731088e-20,3.01884508248e-20,1.05518932949e-19,1.08081939152e-19,1.68454116825e-19,2.23369422771e-19,3.05843827637e-19,5.21333166001e-19,5.25836078762e-19,1.19791251994e-18,1.46309659476e-18,1.85792396321e-18,2.81039390083e-18,3.41469504003e-18,3.47024518124e-18,3.4590259238e-18,3.0535603923e-18,5.62977594619e-18,6.98545838213e-18,9.47899599303e-18,8.83147404644e-18,8.93898850092e-18,9.39513311381e-18,9.11441448369e-18,1.10123514479e-17,1.14283141081e-17,9.93852129308e-18,1.03734065371e-17,9.65597707535e-18,6.44956983588e-18,4.38782050473e-18,2.24283260892e-18,9.41958333195e-19,2.66768849476e-19,2.76382012975e-20],"var":[0.0293022505939,1.97770965099,55.4500846863,132.07131958,94.3571777344,256.744476318,89.8690795898,132.574615479,157.303604126,380.046386719,1296.16088867,3871.94238281,2236.49584961,1785.6784668,3598.75756836,2481.953125,7418.32373047,4675.37402344,4795.37402344,2685.01806641,4587.28759766,2772.44189453,956.248352051,1371.59289551,762.101074219,328.99331665,379.567108154,96.4776535034,66.379989624,46.4605941772,22.8488311768,12.7188100815,5.07389688492,3.14563345909,0.567203223705,0.0801117420197,0.00390796782449,0.0000864396788529,5.35518779543e-7,1.87742110747e-9]},"erbbands_crest":{"dmean":2.0411875248,"dmean2":3.36845612526,"dvar":4.0423617363,"dvar2":10.1865129471,"max":31.6096343994,"mean":7.18039417267,"median":6.36648130417,"min":2.46618032455,"var":10.5798635483},"erbbands_flatness_db":{"dmean":0.0125995595008,"dmean2":0.0193527489901,"dvar":0.000147302474943,"dvar2":0.0003166423121,"max":0.436676830053,"mean":0.151578783989,"median":0.138036504388,"min":0.0297171100974,"var":0.00301091768779},"erbbands_kurtosis":{"dmean":0.644561886787,"dmean2":1.04855895042,"dvar":0.556848466396,"dvar2":1.40122890472,"max":24.117389679,"mean":0.420236170292,"median":0.158196210861,"min":-1.63175678253,"var":1.61777734756},"erbbands_skewness":{"dmean":0.253469765186,"dmean2":0.411004543304,"dvar":0.0479209013283,"dvar2":0.124731175601,"max":2.49179625511,"mean":-0.443423062563,"median":-0.455262690783,"min":-3.22314977646,"var":0.216570749879},"erbbands_spread":{"dmean":5.98654079437,"dmean2":9.74643516541,"dvar":33.7863960266,"dvar2":86.5744400024,"max":121.778556824,"mean":33.4813308716,"median":32.4684295654,"min":1.4092566967,"var":163.184158325},"gfcc":{"cov":[[15783.4941406,291.969970703,1125.67663574,746.21661377,-380.30657959,743.657592773,-435.74331665,854.940002441,-408.9034729,364.929138184,-371.699401855,123.94468689,-306.472198486],[291.969970703,482.178039551,-229.807815552,78.2892303467,12.6770887375,-82.121055603,65.7012329102,-58.4768829346,13.7199621201,-46.5937461853,7.38448190689,-53.8722076416,30.2923965454],[1125.67663574,-229.807815552,1338.89904785,176.141769409,51.4018669128,257.379150391,-56.334690094,345.256011963,-57.7814788818,145.526672363,-68.6995239258,91.8572769165,-78.8834075928],[746.21661377,78.2892303467,176.141769409,202.592086792,32.5406799316,48.8263168335,-13.6944684982,57.0523643494,7.37632894516,13.9199285507,-11.0846738815,2.5145304203,-5.92251586914],[-380.30657959,12.6770887375,51.4018669128,32.5406799316,144.602172852,35.9891471863,42.4682197571,18.9579410553,21.9823207855,30.2838687897,12.4987220764,1.66152191162,5.0931224823],[743.657592773,-82.121055603,257.379150391,48.8263168335,35.9891471863,168.175445557,21.5659866333,105.728843689,-25.1471672058,50.1114845276,-12.1607618332,24.44024086,-26.546087265],[-435.74331665,65.7012329102,-56.334690094,-13.6944684982,42.4682197571,21.5659866333,111.320335388,8.48709201813,21.7957401276,-6.19023418427,15.5279579163,-7.96736526489,10.5742034912],[854.940002441,-58.4768829346,345.256011963,57.0523643494,18.9579410553,105.728843689,8.48709201813,199.920593262,3.71965932846,68.523765564,-34.7712059021,25.5736064911,-25.3882579803],[-408.9034729,13.7199621201,-57.7814788818,7.37632894516,21.9823207855,-25.1471672058,21.7957401276,3.71965932846,75.6694030762,11.7695188522,15.2910690308,-8.59669685364,10.6076984406],[364.929138184,-46.5937461853,145.526672363,13.9199285507,30.2838687897,50.1114845276,-6.19023418427,68.523765564,11.7695188522,93.8572540283,12.1087169647,18.9336128235,-16.9581794739],[-371.699401855,7.38448190689,-68.6995239258,-11.0846738815,12.4987220764,-12.1607618332,15.5279579163,-34.7712059021,15.2910690308,12.1087169647,64.3632965088,18.3450450897,13.4346265793],[123.94468689,-53.8722076416,91.8572769165,2.5145304203,1.66152191162,24.44024086,-7.96736526489,25.5736064911,-8.59669685364,18.9336128235,18.3450450897,60.4989242554,13.470864296],[-306.472198486,30.2923965454,-78.8834075928,-5.92251586914,5.0931224823,-26.546087265,10.5742034912,-25.3882579803,10.6076984406,-16.9581794739,13.4346265793,13.470864296,55.41223526]],"icov":[[0.000562384084333,-0.00113200442865,0.00106475979555,-0.00137780141085,0.00154606509022,-0.00217663194053,0.00211680284701,-0.00178926240187,0.00186786858831,-0.00188438466284,0.00222509470768,-0.0020486889407,0.00171347870491],[-0.00113200442865,0.00596256460994,-0.00180222012568,0.000188353995327,-0.00280183018185,0.00684134336188,-0.00722128711641,0.00322204688564,-0.00164890487213,0.00316572957672,-0.00489594554529,0.00669283606112,-0.00483219092712],[0.00106475979555,-0.00180222012568,0.00386778521352,-0.00350087159313,0.00251486012712,-0.00450079888105,0.0045119789429,-0.00546719646081,0.00454430375248,-0.00395200029016,0.00479971105233,-0.00539385527372,0.00432101124898],[-0.00137780141085,0.000188353995327,-0.00350087159313,0.0115181133151,-0.00540193216875,0.00214750156738,-0.00100058037788,0.00361231365241,-0.00757983885705,0.007042162586,-0.0061444058083,0.00497043970972,-0.00421708775684],[0.00154606509022,-0.00280183018185,0.00251486012712,-0.00540193216875,0.0138125419617,-0.00716795166954,0.00193038501311,-0.00278678350151,0.00360911013559,-0.00879454333335,0.00651604123414,-0.0046660345979,0.00290883495472],[-0.00217663194053,0.00684134336188,-0.00450079888105,0.00214750156738,-0.00716795166954,0.0226527173072,-0.013909692876,0.00319982250221,-0.00060778768966,0.00440178066492,-0.0088825263083,0.00738932704553,-0.00450408319011],[0.00211680284701,-0.00722128711641,0.0045119789429,-0.00100058037788,0.00193038501311,-0.013909692876,0.024311574176,-0.00988123193383,0.00260643824004,-0.00161426211707,0.00376453972422,-0.00613279407844,0.00554893305525],[-0.00178926240187,0.00322204688564,-0.00546719646081,0.00361231365241,-0.00278678350151,0.00319982250221,-0.00988123193383,0.0205686539412,-0.0102715473622,-0.000390207045712,0.00151069182903,0.00282758218236,-0.00516240531579],[0.00186786858831,-0.00164890487213,0.00454430375248,-0.00757983885705,0.00360911013559,-0.00060778768966,0.00260643824004,-0.0102715473622,0.0267763696611,-0.0101623851806,0.00299584353343,-0.00152187247295,0.00247247726656],[-0.00188438466284,0.00316572957672,-0.00395200029016,0.007042162586,-0.00879454333335,0.00440178066492,-0.00161426211707,-0.000390207045712,-0.0101623851806,0.0271529089659,-0.0156233059242,0.00590409571305,-0.00137191626709],[0.00222509470768,-0.00489594554529,0.00479971105233,-0.0061444058083,0.00651604123414,-0.0088825263083,0.00376453972422,0.00151069182903,0.00299584353343,-0.0156233059242,0.0364471562207,-0.019966032356,0.0069409632124],[-0.0020486889407,0.00669283606112,-0.00539385527372,0.00497043970972,-0.0046660345979,0.00738932704553,-0.00613279407844,0.00282758218236,-0.00152187247295,0.00590409571305,-0.019966032356,0.0377968028188,-0.0179518181831],[0.00171347870491,-0.00483219092712,0.00432101124898,-0.00421708775684,0.00290883495472,-0.00450408319011,0.00554893305525,-0.00516240531579,0.00247247726656,-0.00137191626709,0.0069409632124,-0.0179518181831,0.0318044647574]],"mean":[36.216506958,76.648979187,-141.220855713,44.6585884094,-42.9412193298,12.9565477371,-30.948595047,8.63425731659,-25.4891395569,1.84010958672,-22.3266162872,-6.91539430618,-13.1920471191]},"hfc":{"dmean":6.26784753799,"dmean2":10.0275783539,"dvar":47.9435081482,"dvar2":115.917907715,"max":101.349067688,"mean":33.886516571,"median":34.663608551,"min":1.09140969495e-16,"var":219.800643921},"melbands":{"dmean":[0.000864787551109,0.00181437178981,0.000939470308367,0.000535950064659,0.000202732466278,0.000124347090605,0.0000812236976344,0.0000909872978809,0.000142427743413,0.000152799038915,0.0000793971921667,0.0000547285999346,0.0000661822268739,0.000045522399887,0.0000784856747487,0.0000602948130108,0.0000544046197319,0.0000475115775771,0.0000359238147212,0.000037493158743,0.0000526484946022,0.0000350777772837,0.0000247225289058,0.0000152948359755,0.0000180075348908,0.0000137027263918,0.00000868438928592,0.00000847982209962,0.00000837689185573,0.00000454619157608,0.00000375774652639,0.00000282992891698,0.00000221706000048,0.00000136846495025,9.45642511851e-7,8.28775284845e-7,7.69140569901e-7,5.21508923157e-7,4.79423079014e-7,4.33412594703e-7],"dmean2":[0.00140645704232,0.0031039789319,0.00160926848184,0.000900148646906,0.000349899637513,0.000210348967812,0.000133819383336,0.000153054978,0.00023528507154,0.000248140509939,0.00012660768698,0.0000887004935066,0.000106052430056,0.0000731527397875,0.000127864521346,0.0000983918071142,0.0000872617092682,0.0000766629018472,0.0000590013369219,0.0000615040698904,0.0000877491693245,0.0000575365775148,0.0000413061716245,0.0000257204392256,0.0000301679683616,0.0000229023371503,0.0000146341935761,0.0000143997867781,0.0000141838945638,0.00000758679334467,0.00000643791599941,0.00000475977776659,0.00000354522308044,0.00000215879640564,0.00000145347939906,0.00000123674351471,0.00000114508759452,7.86295117905e-7,7.23430787275e-7,6.64831475206e-7],"dvar":[0.00000188161516235,0.00000608476284469,0.00000199089527086,8.93140963854e-7,1.3512708108e-7,4.61759555037e-8,2.35663097925e-8,3.10702787942e-8,7.31904918894e-8,7.11361707317e-8,2.48169662598e-8,1.63684799048e-8,2.4176578961e-8,7.16967685221e-9,1.57100981113e-8,1.00428430017e-8,1.00180850282e-8,7.57996154732e-9,3.30083471667e-9,2.66874899957e-9,4.15186196534e-9,2.04402739179e-9,9.30165167112e-10,3.58400559231e-10,4.6902998152e-10,2.80867579194e-10,9.13654221724e-11,9.44784736556e-11,9.77417313752e-11,2.65355064311e-11,2.25651389935e-11,1.58139681905e-11,1.17377531306e-11,6.51047401753e-12,4.4259079908e-12,2.94680751155e-12,2.21834313072e-12,1.21669753265e-12,1.02485283714e-12,1.22254821284e-12],"dvar2":[0.00000427369559475,0.0000172198033397,0.00000550858067072,0.00000234743333749,3.76725409978e-7,1.23984790434e-7,6.21770368525e-8,8.38078122456e-8,1.88713428884e-7,1.82141150162e-7,5.99767844278e-8,4.2930690114e-8,5.80390242533e-8,1.77165730975e-8,3.94492971623e-8,2.54148275758e-8,2.48767033639e-8,1.82979604801e-8,8.15163403445e-9,6.52285159219e-9,1.08084039496e-8,5.18768272784e-9,2.36043651292e-9,9.39877509154e-10,1.20474974441e-9,7.66681274023e-10,2.46089260081e-10,2.58883775528e-10,2.64420374485e-10,7.07420996782e-11,6.07153771703e-11,4.05620571853e-11,2.72458028361e-11,1.42770370179e-11,9.20189532211e-12,6.06726344513e-12,4.45090709081e-12,2.45585539752e-12,2.01152462742e-12,2.59802444315e-12],"max":[0.0156016899273,0.0304611027241,0.0248399749398,0.0122136734426,0.00541515182704,0.00330624356866,0.00490078190342,0.00432930281386,0.00525232451037,0.00472930073738,0.00430620182306,0.00340173090808,0.0048398966901,0.00287994625978,0.00325802993029,0.00226750294678,0.00334929395467,0.00231645000167,0.00133874919266,0.00184933631681,0.00108481757343,0.00121182238217,0.000810026947875,0.000423644407419,0.000499117479194,0.000692175584845,0.000236204752582,0.000146996768308,0.000184960255865,0.000159037255798,0.0000561024062335,0.000082347971329,0.0000748407692299,0.0000814742452349,0.0000711559478077,0.0000691834793543,0.0000445821897301,0.0000414361420553,0.0000386463034374,0.0000455830304418],"mean":[0.00110783404671,0.00321241491474,0.00166896625888,0.000692666857503,0.000277311366517,0.000190091828699,0.000140929085319,0.000139106312417,0.000220117057324,0.000262315908913,0.000143428420415,0.000093577116786,0.000109739645268,0.0000838680134621,0.000149511019117,0.00011209515651,0.000103295227746,0.0000931289396249,0.0000733764027245,0.0000783124269219,0.000109492073534,0.0000751184925321,0.0000520662251802,0.0000333589159709,0.0000405939754273,0.0000333850366587,0.0000210528851312,0.0000199739988602,0.0000209483569051,0.0000116634782898,0.00000829110831546,0.00000626449536867,0.00000442951750301,0.00000260291130871,0.00000184622797406,0.0000016291354541,0.00000150817027134,0.00000104819616809,0.00000105251001514,9.0738808467e-7],"median":[0.000595595687628,0.00255965348333,0.0012621312635,0.000380953541026,0.000169396516867,0.000116907140182,0.0000906462300918,0.0000784143558121,0.000122588564409,0.00014625316544,0.0000742670017644,0.0000460004957858,0.0000476573150081,0.0000521042893524,0.000092142392532,0.0000682487006998,0.0000552229830646,0.0000562057466595,0.0000510469144501,0.0000560015905648,0.0000886659618118,0.0000582629036217,0.000043514650315,0.0000277716717392,0.0000339610669471,0.0000292294771498,0.000018831977286,0.0000181692485057,0.0000184562832146,0.0000104513592305,0.00000722243839846,0.00000525084760739,0.00000292274216918,0.00000157560202751,0.00000117580827919,9.75552325144e-7,9.14500333238e-7,6.71257737395e-7,7.12592452601e-7,6.05588354574e-7],"min":[6.00548516573e-25,9.52218517297e-25,1.48033752334e-24,1.02619523058e-24,1.10908439577e-24,2.48409281661e-24,1.59727422102e-24,1.76388470103e-24,1.65838816281e-24,1.73449529358e-24,2.42167478913e-24,2.22655714397e-24,2.66543201998e-24,3.97104691079e-24,3.61616402751e-24,3.37897090825e-24,4.83822947656e-24,4.54000218906e-24,3.96091951449e-24,3.80617577046e-24,3.2931225286e-24,2.1208138895e-24,4.13766577246e-24,4.31485970899e-24,4.96595789003e-24,4.87623837269e-24,4.4425731341e-24,5.40975604695e-24,3.92938677196e-24,4.5908908172e-24,5.28308115722e-24,4.31366774016e-24,5.36332566622e-24,5.12418524381e-24,7.00728181598e-24,5.1671024325e-24,4.73049908147e-24,5.49980294156e-24,6.69781247173e-24,7.36464606124e-24],"var":[0.00000230265504797,0.00000895492212294,0.00000302594344248,9.49030038555e-7,1.31386215685e-7,6.13423196683e-8,3.93222450157e-8,4.74354990843e-8,1.09403487158e-7,1.38527070703e-7,5.63892754712e-8,3.02757996451e-8,4.95977658943e-8,1.30819080013e-8,3.55990721346e-8,2.0987668492e-8,2.19667288803e-8,1.57897535047e-8,7.10006586857e-9,6.85697409963e-9,8.03901212265e-9,4.74356642854e-9,1.91707960617e-9,7.22965576294e-10,1.14084086622e-9,6.72586875083e-10,2.09996228739e-10,1.70505567998e-10,2.34240377095e-10,6.57669751991e-11,3.35756457359e-11,2.45851481534e-11,2.20741619428e-11,1.24499629356e-11,8.18751837162e-12,6.020051211e-12,4.75340296638e-12,2.6128918907e-12,2.45596468509e-12,2.37155824492e-12]},"melbands_crest":{"dmean":3.48812294006,"dmean2":5.80261945724,"dvar":9.01401138306,"dvar2":24.0761623383,"max":38.9601287842,"mean":14.1448783875,"median":13.9042005539,"min":1.61657869816,"var":26.5965118408},"melbands_flatness_db":{"dmean":0.0221433732659,"dmean2":0.0355726964772,"dvar":0.000420784897869,"dvar2":0.00106382521335,"max":0.327942550182,"mean":0.147102043033,"median":0.144420862198,"min":0.00289918947965,"var":0.00162636791356},"melbands_kurtosis":{"dmean":3.4589779377,"dmean2":5.75775146484,"dvar":42.1214103699,"dvar2":112.327133179,"max":268.617919922,"mean":5.09603595734,"median":2.87956094742,"min":-1.71511828899,"var":72.6147537231},"melbands_skewness":{"dmean":0.610044300556,"dmean2":0.995157718658,"dvar":0.397124558687,"dvar2":1.02580690384,"max":15.6021099091,"mean":1.93042206764,"median":1.83011829853,"min":-3.04016399384,"var":1.48620593548},"melbands_spread":{"dmean":9.01634025574,"dmean2":14.7492380142,"dvar":67.5469665527,"dvar2":173.758148193,"max":152.152786255,"mean":38.6075782776,"median":37.2471504211,"min":2.93134093285,"var":271.213378906},"mfcc":{"cov":[[6542.87695312,403.089080811,1493.67480469,329.299285889,393.635162354,99.298500061,235.128540039,316.45892334,141.549911499,327.012786865,26.8479137421,115.492477417,50.9228591919],[403.089080811,391.303710938,-52.5276260376,96.282875061,-16.8886051178,7.08809709549,36.8172798157,2.2095823288,31.8472003937,3.28908824921,6.98755168915,-5.06269454956,-11.1080760956],[1493.67480469,-52.5276260376,864.533691406,111.775901794,172.512878418,10.1363630295,77.6907272339,141.011398315,37.288318634,128.421829224,-0.439477831125,34.8527145386,32.1084136963],[329.299285889,96.282875061,111.775901794,179.87437439,66.2007598877,17.7540912628,5.36535310745,28.8253860474,27.9088420868,28.9804191589,2.45167016983,16.0828723907,15.9084806442],[393.635162354,-16.8886051178,172.512878418,66.2007598877,132.007369995,31.5071525574,23.8292293549,30.271938324,23.1263332367,42.5374603271,6.14609193802,19.0050544739,22.8262138367],[99.298500061,7.08809709549,10.1363630295,17.7540912628,31.5071525574,85.606338501,40.0087966919,10.9958877563,1.04426789284,6.91636133194,10.7701931,13.4908132553,5.52871799469],[235.128540039,36.8172798157,77.6907272339,5.36535310745,23.8292293549,40.0087966919,101.357795715,43.0704345703,23.1893463135,19.9383029938,12.7995529175,20.3596057892,6.25905418396],[316.45892334,2.2095823288,141.011398315,28.8253860474,30.271938324,10.9958877563,43.0704345703,93.2197723389,37.5090789795,31.6549034119,1.06656742096,11.164689064,9.98206615448],[141.549911499,31.8472003937,37.288318634,27.9088420868,23.1263332367,1.04426789284,23.1893463135,37.5090789795,79.0670166016,40.1983718872,13.5374116898,10.2201967239,4.63075590134],[327.012786865,3.28908824921,128.421829224,28.9804191589,42.5374603271,6.91636133194,19.9383029938,31.6549034119,40.1983718872,85.6619338989,28.3856143951,17.4419174194,5.39836788177],[26.8479137421,6.98755168915,-0.439477831125,2.45167016983,6.14609193802,10.7701931,12.7995529175,1.06656742096,13.5374116898,28.3856143951,58.730342865,25.5801715851,6.12976551056],[115.492477417,-5.06269454956,34.8527145386,16.0828723907,19.0050544739,13.4908132553,20.3596057892,11.164689064,10.2201967239,17.4419174194,25.5801715851,59.3486938477,27.6583843231],[50.9228591919,-11.1080760956,32.1084136963,15.9084806442,22.8262138367,5.52871799469,6.25905418396,9.98206615448,4.63075590134,5.39836788177,6.12976551056,27.6583843231,54.3290023804]],"icov":[[0.000334953685524,-0.000482440344058,-0.000441896176198,0.000170382103533,-0.000341218168614,-0.000152351043653,0.0000847505434649,-0.000310646515572,0.000215427542571,-0.000506892974954,0.000303444918245,-0.000428078346886,0.000220553542022],[-0.000482440344058,0.00438832538202,0.000921951548662,-0.00310703366995,0.00201760139316,0.000765551114455,-0.00256820488721,0.00160171743482,-0.00136068277061,0.000848599825986,-0.000822925707325,0.00168678839691,0.0000561150882277],[-0.000441896176198,0.000921951548662,0.00305884610862,-0.000775163760409,-0.00154954742175,0.00163837615401,-0.00116049929056,-0.00214150547981,0.0020061112009,-0.00223335810006,0.000794260762632,0.000325276982039,-0.000170911021996],[0.000170382103533,-0.00310703366995,-0.000775163760409,0.00959374476224,-0.00406055385247,-0.00161036918871,0.00373387732543,-0.00182621600106,-0.00091554649407,-0.00013092966401,0.00105766637716,-0.0021237898618,-0.000317861384246],[-0.000341218168614,0.00201760139316,-0.00154954742175,-0.00406055385247,0.0149625502527,-0.00411457801238,-0.000667520915158,0.00257326150313,-0.00237415521406,-0.00213038688526,0.000831538578495,0.00112676736899,-0.00367993442342],[-0.000152351043653,0.000765551114455,0.00163837615401,-0.00161036918871,-0.00411457801238,0.0170646104962,-0.00731428060681,-0.000130595057271,0.003155173501,0.000195539396373,-0.00177903438453,-0.0003842387232,0.000769382284489],[0.0000847505434649,-0.00256820488721,-0.00116049929056,0.00373387732543,-0.000667520915158,-0.00731428060681,0.0180008485913,-0.00609386200085,-0.00199850089848,0.00118167686742,-0.000731444859412,-0.00416786363348,0.00131587067153],[-0.000310646515572,0.00160171743482,-0.00214150547981,-0.00182621600106,0.00257326150313,-0.000130595057271,-0.00609386200085,0.0205781739205,-0.00771411228925,0.000329436094034,0.00202920217998,0.00117509008851,-0.00193007197231],[0.000215427542571,-0.00136068277061,0.0020061112009,-0.00091554649407,-0.00237415521406,0.003155173501,-0.00199850089848,-0.00771411228925,0.021929545328,-0.00946197658777,0.0000264304580924,-0.000380027631763,0.000187843746971],[-0.000506892974954,0.000848599825986,-0.00223335810006,-0.00013092966401,-0.00213038688526,0.000195539396373,0.00118167686742,0.000329436094034,-0.00946197658777,0.0252938289195,-0.0103396167979,0.00030008770409,0.00199238653295],[0.000303444918245,-0.000822925707325,0.000794260762632,0.00105766637716,0.000831538578495,-0.00177903438453,-0.000731444859412,0.00202920217998,0.0000264304580924,-0.0103396167979,0.0267995484173,-0.0107570672408,0.00178907217924],[-0.000428078346886,0.00168678839691,0.000325276982039,-0.0021237898618,0.00112676736899,-0.0003842387232,-0.00416786363348,0.00117509008851,-0.000380027631763,0.00030008770409,-0.0107570672408,0.0297928862274,-0.0129453018308],[0.000220553542022,0.0000561150882277,-0.000170911021996,-0.000317861384246,-0.00367993442342,0.000769382284489,0.00131587067153,-0.00193007197231,0.000187843746971,0.00199238653295,0.00178907217924,-0.0129453018308,0.0262505430728]],"mean":[-592.146606445,101.005615234,-28.9770030975,33.2048416138,6.81589841843,9.70174217224,5.53191947937,1.77628326416,7.14714765549,0.878213524818,0.84791213274,0.941067099571,-4.1803612709]},"pitch_salience":{"dmean":0.0706252157688,"dmean2":0.11705352366,"dvar":0.00381152401678,"dvar2":0.0100411456078,"max":0.88214713335,"mean":0.571051180363,"median":0.570499300957,"min":0.0744133070111,"var":0.0112145924941},"silence_rate_20dB":{"dmean":0,"dmean2":0,"dvar":0,"dvar2":0,"max":1,"mean":1,"median":1,"min":1,"var":0},"silence_rate_30dB":{"dmean":0.000166417041328,"dmean2":0.000332861789502,"dvar":0.000166363373864,"dvar2":0.000332647148753,"max":1,"mean":0.999833583832,"median":1,"min":0,"var":0.000166349534993},"silence_rate_60dB":{"dmean":0.00133133633062,"dmean2":0.00266289431602,"dvar":0.00132969103288,"dvar2":0.00348846241832,"max":1,"mean":0.0718029811978,"median":0,"min":0,"var":0.0666210576892},"spectral_centroid":{"dmean":215.54447937,"dmean2":355.253143311,"dvar":48896.90625,"dvar2":121570.640625,"max":11705.0732422,"mean":2125.01416016,"median":2095.85229492,"min":613.221862793,"var":667819.6875},"spectral_complexity":{"dmean":4.18954896927,"dmean2":6.6931848526,"dvar":13.0220060349,"dvar2":31.7458629608,"max":59,"mean":36.9553222656,"median":40,"min":0,"var":136.073196411},"spectral_contrast_coeffs":{"dmean":[0.054533071816,0.0446407049894,0.0384354032576,0.0304389446974,0.0201056487858,0.0163242146373],"dmean2":[0.0902603566647,0.0743188038468,0.0630602315068,0.0502945184708,0.0335853286088,0.0263131633401],"dvar":[0.00192131882068,0.00126373546664,0.000911276496481,0.000588307564612,0.000274397811154,0.000194907348487],"dvar2":[0.0051773795858,0.00348110706545,0.00241092336364,0.0015792431077,0.000719520321582,0.00049109547399],"max":[-0.301091372967,-0.488575398922,-0.548678159714,-0.504498541355,-0.567296862602,-0.568139672279],"mean":[-0.626382410526,-0.770670831203,-0.769999563694,-0.774474263191,-0.7888712883,-0.717319786549],"median":[-0.626782894135,-0.77490568161,-0.773950576782,-0.777782678604,-0.7919074893,-0.720731437206],"min":[-0.982051491737,-0.982281148434,-0.976396381855,-0.971369385719,-0.967365443707,-0.964257001877],"var":[0.00574191566557,0.00336625683121,0.00306389597245,0.00221335049719,0.00105339533184,0.00158081308473]},"spectral_contrast_valleys":{"dmean":[0.43603143096,0.350831270218,0.289672881365,0.239037111402,0.180402263999,0.219268605113],"dmean2":[0.72222918272,0.588828384876,0.479604691267,0.392946332693,0.291813343763,0.32142546773],"dvar":[0.143514573574,0.105321407318,0.0710767135024,0.0566946603358,0.045164141804,0.0697921961546],"dvar2":[0.358693927526,0.26363030076,0.166947975755,0.124247200787,0.0895188301802,0.137897789478],"max":[-5.23272180557,-4.68192625046,-5.5210943222,-5.59639644623,-5.56085681915,-7.64111375809],"mean":[-7.31051826477,-6.7438659668,-7.06488704681,-6.92816400528,-6.63229942322,-9.91157913208],"median":[-6.85371351242,-6.41330575943,-6.78615188599,-6.68329238892,-6.34198760986,-9.51104545593],"min":[-28.3724212646,-27.8325958252,-27.7467079163,-27.6447620392,-27.6765594482,-27.4308338165],"var":[4.42206525803,3.71692562103,3.30716967583,3.15953326225,3.35083937645,3.36346006393]},"spectral_decrease":{"dmean":2.44951858797e-9,"dmean2":4.08283229447e-9,"dvar":8.00384344764e-18,"dvar2":2.15839165453e-17,"max":1.88750391051e-28,"mean":-8.24401791277e-9,"median":-7.9811188769e-9,"min":-3.31581908597e-8,"var":1.6633624391e-17},"spectral_energy":{"dmean":0.00957133807242,"dmean2":0.0159172080457,"dvar":0.000120547054394,"dvar2":0.000325221335515,"max":0.129407688975,"mean":0.0341883860528,"median":0.0334110446274,"min":1.02155157751e-20,"var":0.000263526919298},"spectral_energyband_high":{"dmean":0.000446399964858,"dmean2":0.000707808940206,"dvar":3.25439344806e-7,"dvar2":7.28423913188e-7,"max":0.0103622991592,"mean":0.00152513640933,"median":0.00141177605838,"min":7.22455104139e-21,"var":9.5423536095e-7},"spectral_energyband_low":{"dmean":0.00734390877187,"dmean2":0.0122731896117,"dvar":0.0000930566748139,"dvar2":0.000249645207077,"max":0.107780493796,"mean":0.0140976449475,"median":0.011655873619,"min":1.07214614165e-23,"var":0.000144058227306},"spectral_energyband_middle_high":{"dmean":0.00224558659829,"dmean2":0.00360450637527,"dvar":0.00000624307494945,"dvar2":0.0000158531911438,"max":0.0515143312514,"mean":0.0104031227529,"median":0.0102502647787,"min":1.29411336507e-21,"var":0.00002998439777},"spectral_energyband_middle_low":{"dmean":0.00433934293687,"dmean2":0.00724869919941,"dvar":0.0000373653092538,"dvar2":0.0000999135227175,"max":0.0749934241176,"mean":0.00995775405318,"median":0.00844426453114,"min":1.37391423132e-22,"var":0.0000578626204515},"spectral_entropy":{"dmean":0.0835515409708,"dmean2":0.127494797111,"dvar":0.00802775565535,"dvar2":0.0166011489928,"max":9.82902622223,"mean":7.87241363525,"median":7.90074110031,"min":5.88544511795,"var":0.0838640704751},"spectral_flux":{"dmean":0.022104755044,"dmean2":0.0348296351731,"dvar":0.00049965508515,"dvar2":0.00115257245488,"max":0.307658344507,"mean":0.0991395041347,"median":0.0978817269206,"min":6.42226827274e-11,"var":0.00152189249638},"spectral_kurtosis":{"dmean":1.18202126026,"dmean2":2.05730748177,"dvar":2.8941321373,"dvar2":9.29839897156,"max":33.3878822327,"mean":3.93244051933,"median":3.62129259109,"min":-1.26816534996,"var":4.62604999542},"spectral_rms":{"dmean":0.000754230597522,"dmean2":0.00123931327835,"dvar":6.04735362231e-7,"dvar2":0.00000162048888797,"max":0.0112361647189,"mean":0.00552708236501,"median":0.00570930307731,"min":3.15695364815e-12,"var":0.00000280587255475},"spectral_rolloff":{"dmean":446.552093506,"dmean2":747.923828125,"dvar":289065.84375,"dvar2":684545.125,"max":19638.28125,"mean":2305.49707031,"median":2304.05273438,"min":43.06640625,"var":2419416},"spectral_skewness":{"dmean":0.152095213532,"dmean2":0.257067531347,"dvar":0.0269236005843,"dvar2":0.0826255902648,"max":3.57776045799,"mean":1.21405565739,"median":1.21586978436,"min":-0.0781349539757,"var":0.0710470378399},"spectral_spread":{"dmean":307829.78125,"dmean2":461202.53125,"dvar":241492918272,"dvar2":448736821248,"max":42587148,"mean":4072089.25,"median":3854902.5,"min":1302892.5,"var":9936704634880},"spectral_strongpeak":{"dmean":0.53831410408,"dmean2":0.962964177132,"dvar":1.10525047779,"dvar2":2.92596554756,"max":11.1384248734,"mean":0.774819612503,"median":0.446542054415,"min":0,"var":1.21492767334},"zerocrossingrate":{"dmean":0.00780530879274,"dmean2":0.0099659031257,"dvar":0.0000666300038574,"dvar2":0.000105408122181,"max":0.52001953125,"mean":0.0784734040499,"median":0.07568359375,"min":0.015625,"var":0.00156521005556}},"metadata":{"audio_properties":{"analysis_sample_rate":44100,"bit_rate":0,"codec":"flac","downmix":"mix","equal_loudness":0,"length":279.053344727,"lossless":true,"md5_encoded":"d68371f3166dd43d07cedf4a8089f25f","replay_gain":-15.2378482819,"sample_rate":44100},"tags":{"acoustid_id":["7366ddd6-93e6-4d1f-bfa3-5899c203f208"],"album":["Once More 'Round the Sun"],"album artist":["Mastodon"],"albumartist":["Mastodon"],"albumartistsort":["Mastodon"],"artist":["Mastodon"],"artistsort":["Mastodon"],"asin":["B00K06PZ72"],"barcode":["093624937654"],"catalognumber":["9362-49376-5"],"date":["2014-06-20"],"disc":["1"],"discnumber":["1"],"disctotal":["1"],"ensemble":["Mastodon"],"file_name":"10. Mastodon - Halloween.flac","genre":["Progressive Metal"],"label":["Reprise Records"],"language":["English"],"media":["CD"],"musicbrainz_albumartistid":["bc5e2ad6-0a4a-4d90-b911-e9a7e6861727"],"musicbrainz_albumid":["2883def1-db79-4b58-9280-bc8330f94c74"],"musicbrainz_artistid":["bc5e2ad6-0a4a-4d90-b911-e9a7e6861727"],"musicbrainz_recordingid":["82d54cc1-5135-40c3-b202-743e41eada2f"],"originaldate":["2014-06-20"],"releasecountry":["DE"],"releasestatus":["official"],"releasetype":["album"],"replaygain_album_gain":["-10.720000 dB"],"replaygain_track_gain":["-10.410000 dB"],"replaygain_track_peak":["0.999969"],"script":["Latn"],"title":["Halloween"],"totaldiscs":["1"],"totaltracks":["11"],"tracknumber":["10"],"tracktotal":["11"],"year":["2014"]},"version":{"essentia":"2.1-beta1","essentia_build_sha":"ca57ba49d9b1854bd80e60cf9ccf267278fb7d6b","essentia_git_sha":"v2.1_beta1-28-g21ef5f4-dirty","extractor":"music 1.0"}},"rhythm":{"beats_count":752,"beats_loudness":{"dmean":0.00984215550125,"dmean2":0.0169769339263,"dvar":0.0000767483143136,"dvar2":0.000219188033952,"max":0.0979837477207,"mean":0.0363238751888,"median":0.0371788442135,"min":0,"var":0.000211626247619},"beats_loudness_band_ratio":{"dmean":[0.225674808025,0.126328751445,0.0648275613785,0.0735042989254,0.0851671621203,0.0556266307831],"dmean2":[0.416589468718,0.240050703287,0.111336536705,0.125448003411