{"lowlevel":{"average_loudness":0.945270299911,"barkbands":{"dmean":[0.000335645920131,0.0332459546626,0.00511234020814,0.000631784845609,0.000258272601059,0.000274771009572,0.000259928725427,0.000482924515381,0.00105646718293,0.000717617804185,0.000507631804794,0.000756133755203,0.000346906133927,0.000351358030457,0.0000667301937938,0.0000501466020069,0.0000484865631734,0.0000508671182615,0.0000314095777867,0.0000463840151497,0.0000499813941133,0.0000492681319884,0.000337037665304,0.000327383691911,0.0000855567777762,0.00000768859626987,1.42398292269e-7],"dmean2":[0.000519105466083,0.0446356423199,0.00754246301949,0.00103730033152,0.000385817838833,0.000410487817135,0.000392507325159,0.000707756029442,0.00147279154044,0.000989902764559,0.000713570392691,0.000911554554477,0.000498061301187,0.000520704605151,0.0000974559807219,0.0000743225755286,0.0000764018768677,0.0000758178794058,0.0000489362391818,0.0000700432938174,0.0000782183778938,0.0000730905376258,0.000541599234566,0.000495583633892,0.000119563905173,0.0000111074277811,2.39619055264e-7],"dvar":[4.47887629207e-7,0.00266200536862,0.0000849725111038,0.00000115944317258,2.28812396585e-7,3.51177817492e-7,6.95852065746e-7,0.00000671113730277,0.0000319956525345,0.0000236425548792,0.0000100674033092,0.0000237620333792,0.00000500081478094,0.00000410827988162,3.05384219246e-7,5.33385566825e-8,8.96368277381e-8,6.83741632201e-8,1.3653583153e-8,8.48780032925e-8,5.2058254596e-8,1.53283394866e-8,0.00000131479566789,9.46579007177e-7,4.79035584533e-8,3.21956045157e-10,8.58952828569e-13],"dvar2":[0.00000111536462555,0.00460771145299,0.00018587258819,0.00000313035366162,5.42377108559e-7,7.66666744312e-7,0.00000160803767812,0.0000134051524583,0.0000565544432902,0.0000378032673325,0.0000202987812372,0.0000309446113533,0.00000912289942789,0.00000853310029925,6.00190276145e-7,1.07758204138e-7,2.10419031532e-7,1.3952393374e-7,3.15286996511e-8,1.85042324574e-7,1.05591105637e-7,3.22399671404e-8,0.00000321000993608,0.00000216052490032,9.74410170329e-8,6.59242993528e-10,2.3875857888e-12],"max":[0.0106048053131,0.460846692324,0.142945572734,0.019309297204,0.0104586621746,0.0134259257466,0.0457047075033,0.0952093303204,0.295283257961,0.264549225569,0.19588509202,0.285689949989,0.102291122079,0.0965808406472,0.0315535031259,0.0106295840815,0.0186391994357,0.0181903857738,0.00624463194981,0.0160283893347,0.0173603352159,0.0035325398203,0.0212638806552,0.02646702528,0.00946803297848,0.000410770648159,0.0000352316092176],"mean":[0.000655189563986,0.099744990468,0.0101031986997,0.00105428008828,0.000458608672488,0.00044385905494,0.000549820251763,0.000802916416433,0.00210840580985,0.00119702704251,0.00094306259416,0.00177662621718,0.000528488424607,0.000639873615,0.0000965656436165,0.0000665619736537,0.0000650637302897,0.0000881535015651,0.0000445953155577,0.0000689577136654,0.0000537891901331,0.0000718500159564,0.000302669854136,0.000336837547366,0.00010862446652,0.00000844215719553,2.55719356801e-7],"median":[0.000176471512532,0.055676151067,0.00456224894151,0.000617632409558,0.000221285125008,0.000137351744343,0.0000687265492161,0.0000520915709785,0.0000846678303787,0.0000450955885754,0.000023980417609,0.000025575480322,0.0000252237368841,0.0000214462925214,0.00000410574739362,0.00000436473101217,0.0000056271333051,0.00000688739964971,0.00000589474757362,0.00000576573393118,0.00000629103715255,0.0000128294932438,0.0000192838488147,0.0000271568369499,0.0000144488503793,7.87482747455e-7,1.77471150664e-7],"min":[6.70934467153e-23,8.67733995315e-23,1.6720293428e-23,1.0182580277e-23,2.57621398153e-23,2.20612398992e-23,1.45172683993e-23,3.72492672598e-23,1.08963577168e-22,4.77417610098e-23,9.95412899874e-23,4.14426751272e-23,6.23572141928e-23,8.95440620464e-23,9.58904669616e-23,1.94633846231e-22,2.47865044156e-22,2.42100629262e-22,3.14897395172e-22,3.59465663423e-22,4.58709565471e-22,6.16858026856e-22,6.87448279394e-22,1.1846700595e-21,1.0489112629e-21,1.62126471098e-21,2.23616222285e-21],"var":[8.761289223e-7,0.0113390339538,0.000233349041082,0.00000205077958526,5.43097826267e-7,6.81558333326e-7,0.00000249180561696,0.0000159113824338,0.000126923318021,0.0000667501590215,0.0000402337936976,0.000147951985127,0.00000927912333282,0.0000110504979602,5.64631875477e-7,1.08020721257e-7,1.16613264822e-7,1.64551991588e-7,2.34098553875e-8,1.30090313633e-7,6.91044448331e-8,3.05137426437e-8,0.00000118983416542,0.00000122950041259,9.81084440355e-8,4.29637214694e-10,5.47988141409e-13]},"barkbands_crest":{"dmean":2.772742033,"dmean2":4.25274038315,"dvar":10.9111452103,"dvar2":24.5852775574,"max":26.7585887909,"mean":18.9757003784,"median":20.4190196991,"min":3.04565596581,"var":39.6909141541},"barkbands_flatness_db":{"dmean":0.0475316047668,"dmean2":0.0592847280204,"dvar":0.00280603719875,"dvar2":0.0043269735761,"max":0.713316559792,"mean":0.310203433037,"median":0.286181151867,"min":0.0418897606432,"var":0.0208183340728},"barkbands_kurtosis":{"dmean":88.4800415039,"dmean2":129.189208984,"dvar":36479.453125,"dvar2":77059.109375,"max":4617.5078125,"mean":156.61756897,"median":33.831451416,"min":-1.96438860893,"var":97220.015625},"barkbands_skewness":{"dmean":2.55282592773,"dmean2":3.58820104599,"dvar":10.2777547836,"dvar2":22.1381797791,"max":48.5759887695,"mean":6.78856277466,"median":4.8289732933,"min":-6.88850688934,"var":45.7873725891},"barkbands_spread":{"dmean":7.10268354416,"dmean2":10.6081838608,"dvar":164.615646362,"dvar2":342.934051514,"max":114.703208923,"mean":13.7349996567,"median":4.64106416702,"min":0.0252597033978,"var":451.568725586},"dissonance":{"dmean":0.0343449003994,"dmean2":0.0556820891798,"dvar":0.00095638341736,"dvar2":0.00255083688535,"max":0.499983847141,"mean":0.422690361738,"median":0.431871443987,"min":0.182914569974,"var":0.00262352800928},"dynamic_complexity":4.07785177231,"erbbands":{"dmean":[0.858357727528,7.88552236557,7.5354924202,3.51673126221,1.20713031292,0.74560791254,1.26573550701,2.54278063774,2.64751195908,6.15055942535,14.4132127762,19.2253913879,26.8749446869,19.5789070129,21.1801567078,27.7198963165,14.4770298004,18.8086242676,5.54488658905,2.83602237701,2.30106139183,2.86125779152,2.68944740295,2.02768015862,1.30724108219,2.28647017479,2.21989583969,1.62232100964,1.37715852261,3.21329164505,9.70377349854,11.061331749,3.44406700134,1.45396447182,0.334918946028,0.0680888444185,0.0087587563321,0.000520053261425,0.000049483969633,0.0000431151129305],"dmean2":[1.14692056179,10.6429309845,11.0183763504,5.26565647125,1.8374787569,1.14490532875,1.9446464777,3.77077913284,3.97333288193,9.19130039215,20.8354301453,27.1039009094,36.2450828552,26.2191181183,27.3826560974,34.0778808594,19.4496116638,26.3066253662,8.29444217682,4.1257724762,3.37802147865,4.48766279221,4.0503783226,3.07092761993,1.9647487402,3.43926167488,3.48663067818,2.46725463867,2.03071832657,4.87838459015,15.5474538803,17.3219852448,5.01436805725,2.03121256828,0.459978580475,0.0962627455592,0.01279774867,0.000792537583038,0.0000730648171157,0.0000574844270886],"dvar":[1.85029637814,150.975463867,145.090454102,34.1623687744,5.23746681213,2.05634307861,6.68471193314,36.6295890808,41.1818695068,859.454284668,6387.26464844,10977.2441406,23593.8066406,23849.7519531,17340.4804688,39694.6914063,6879.51904297,10266.8115234,1169.00915527,132.741516113,145.244552612,380.028961182,172.169952393,69.3319625854,21.4988479614,245.23526001,159.930618286,34.0914459229,12.9119520187,87.8108444214,1080.46154785,1235.92675781,106.385543823,13.8430633545,0.693252980709,0.0240021180362,0.000521427660715,0.00000415925524067,2.99827220829e-8,3.43416695081e-9],"dvar2":[3.17673826218,266.61819458,329.847808838,76.8269805908,12.0723648071,5.05369329453,15.489030838,79.4305343628,87.0160598755,1844.99841309,13322.1113281,22131.0371094,38273.640625,37591.53125,35068.6445313,54636.8984375,11386.6552734,17782.2011719,2286.79663086,283.427429199,259.794677734,904.768920898,329.615936279,149.522125244,45.243270874,552.632446289,298.660797119,68.9622650146,26.5612010956,207.760955811,2630.97216797,2935.58642578,205.75138855,26.983089447,1.19402647018,0.047644700855,0.00114813214168,0.000010800608834,7.93374610453e-8,6.11928197003e-9],"max":[12.7813329697,116.570213318,154.577545166,95.5806274414,63.4260215759,21.6870956421,57.4386367798,148.77154541,251.812789917,1720.85437012,3073.54663086,4987.40771484,7697.77832031,14026.9248047,7396.38916016,14511.9052734,4245.921875,6059.56201172,1822.74584961,394.81842041,693.782470703,1305.48852539,686.562561035,451.569915771,183.425186157,903.55291748,923.108032227,398.958312988,112.119064331,373.416320801,555.137817383,455.114471436,578.250366211,143.56413269,50.6663665771,3.79070329666,0.291668713093,0.0708056911826,0.00715083675459,0.000668097927701],"mean":[2.59827160835,23.130865097,18.3019771576,7.46682596207,2.42522144318,1.17801296711,2.03381204605,4.03594732285,4.76359224319,13.8135976791,25.641500473,36.4283752441,52.2788734436,37.1720275879,43.3381233215,64.7720336914,29.5101261139,36.5575218201,10.1528015137,4.24598503113,3.43681192398,4.06831693649,4.88621902466,3.23957681656,2.19807386398,3.39537286758,2.59993386269,1.93413245678,2.09295153618,4.00223922729,8.71896362305,10.0427055359,4.07563781738,1.85373461246,0.431270688772,0.0782187059522,0.00926776882261,0.000594218203332,0.000112798865302,0.000141021926538],"median":[1.37677705288,11.9658889771,15.2658252716,4.31524801254,1.18862438202,0.543454110622,0.803264498711,1.10546302795,1.35330808163,1.38081300259,1.96280407906,2.23746538162,2.1945374012,1.92348647118,1.67442679405,1.2972625494,1.50633275509,1.32779324055,0.61601537466,0.276808261871,0.291008293629,0.372770339251,0.397665739059,0.379469722509,0.316313147545,0.294666737318,0.271544545889,0.251126378775,0.370460927486,0.581759989262,0.538639783859,0.544808208942,0.425575375557,0.246374279261,0.0557426773012,0.00781179498881,0.00101618049666,0.000162363881827,0.0000923090992728,0.000114121365186],"min":[2.45566053567e-21,1.94120500488e-20,3.00053983402e-20,1.75692742054e-20,5.93311579472e-20,9.00013800865e-20,1.37219066037e-19,2.2301275283e-19,2.41162232843e-19,5.44953566886e-19,6.0466075597e-19,1.93965168247e-18,2.02931082304e-18,4.04889937876e-18,2.25848017777e-18,1.81270840977e-18,2.35930294789e-18,4.09391992437e-18,6.6836462328e-18,4.83383008716e-18,1.02568931847e-17,1.65439629756e-17,1.32787775226e-17,1.52309527196e-17,1.42065457792e-17,1.78566109266e-17,2.06727456677e-17,1.86330076126e-17,2.02681302711e-17,2.2311797434e-17,1.72263356958e-17,2.44094348232e-17,1.98355032302e-17,1.09450172916e-17,7.50687250843e-18,4.82059933326e-18,3.56348332553e-18,1.28343906617e-18,3.45059348954e-19,3.16013560904e-20],"var":[7.76465034485,643.49041748,364.201660156,98.6133956909,16.1749744415,3.05364155769,13.9132938385,66.7491073608,104.106285095,2649.99951172,16076.4306641,30600.9433594,92835.171875,74124.921875,46851.6992188,244658.296875,22550.8164063,35768.7226563,2916.41430664,292.319610596,324.541625977,486.776916504,473.625549316,155.215042114,46.7446517944,360.564941406,225.787918091,49.6177558899,27.7748985291,114.973152161,987.348083496,1197.22961426,235.32258606,31.1287784576,1.53984928131,0.0354473181069,0.000606659741607,0.00000334584183292,2.51184424371e-8,1.41549474364e-8]},"erbbands_crest":{"dmean":3.12426686287,"dmean2":4.73313713074,"dvar":9.12198829651,"dvar2":19.8747711182,"max":33.0309410095,"mean":13.3421077728,"median":12.5288276672,"min":2.42868590355,"var":34.0356178284},"erbbands_flatness_db":{"dmean":0.0285337977111,"dmean2":0.0360334031284,"dvar":0.000889293907676,"dvar2":0.0013992744498,"max":0.436278194189,"mean":0.192099317908,"median":0.183591976762,"min":0.0141058759764,"var":0.00535641890019},"erbbands_kurtosis":{"dmean":7.70495939255,"dmean2":10.6109285355,"dvar":317.496887207,"dvar2":564.321350098,"max":300.648834229,"mean":13.716126442,"median":2.0945045948,"min":-1.97382485867,"var":1125.4699707},"erbbands_skewness":{"dmean":0.906259059906,"dmean2":1.19929933548,"dvar":1.13899385929,"dvar2":1.9600135088,"max":12.9462308884,"mean":1.57143628597,"median":0.93437486887,"min":-6.77448368073,"var":6.44778156281},"erbbands_spread":{"dmean":17.9572296143,"dmean2":25.7319889069,"dvar":588.022216797,"dvar2":1187.6138916,"max":214.719436646,"mean":44.3236312866,"median":33.5965652466,"min":0.85147434473,"var":1554.97839355},"gfcc":{"cov":[[23242.0859375,1842.97363281,-3400.47802734,276.058746338,-1871.29101563,1198.7590332,-349.931274414,484.501495361,-232.367980957,30.9282283783,298.05947876,-227.774887085,-182.623565674],[1842.97363281,2097.72021484,526.140197754,-60.094039917,749.232666016,-7.7535405159,407.492523193,7.99052667618,189.347503662,-168.050537109,169.569839478,-128.062438965,-35.3438949585],[-3400.47802734,526.140197754,2860.85986328,835.41607666,757.145080566,-115.722229004,33.135723114,-233.773574829,141.958877563,-19.5011291504,-97.2886505127,-83.6888580322,101.629714966],[276.058746338,-60.094039917,835.41607666,747.132446289,135.291732788,1.01106774807,-83.2891159058,-75.3106536865,34.227481842,20.5339717865,-72.2261962891,-69.9755706787,67.026008606],[-1871.29101563,749.232666016,757.145080566,135.291732788,952.318115234,-21.5707454681,275.781616211,-54.2133903503,127.30242157,-123.307739258,-6.06615257263,-54.4051589966,68.861289978],[1198.7590332,-7.7535405159,-115.722229004,1.01106774807,-21.5707454681,320.721557617,47.9722328186,25.5953655243,-42.9476203918,-36.1858177185,9.09198379517,-19.3974590302,2.18796157837],[-349.931274414,407.492523193,33.135723114,-83.2891159058,275.781616211,47.9722328186,384.376220703,79.455696106,65.6341934204,-111.657920837,53.5952682495,-17.3991031647,-3.00056648254],[484.501495361,7.99052667618,-233.773574829,-75.3106536865,-54.2133903503,25.5953655243,79.455696106,174.007293701,41.17212677,-23.016866684,-16.2856788635,-0.36431491375,-3.19357705116],[-232.367980957,189.347503662,141.958877563,34.227481842,127.30242157,-42.9476203918,65.6341934204,41.17212677,174.960632324,22.1191482544,1.96074879169,-44.9651489258,8.79202270508],[30.9282283783,-168.050537109,-19.5011291504,20.5339717865,-123.307739258,-36.1858177185,-111.657920837,-23.016866684,22.1191482544,144.383178711,13.3090677261,-13.0997982025,-16.4275493622],[298.05947876,169.569839478,-97.2886505127,-72.2261962891,-6.06615257263,9.09198379517,53.5952682495,-16.2856788635,1.96074879169,13.3090677261,158.349029541,27.5092430115,-28.1051692963],[-227.774887085,-128.062438965,-83.6888580322,-69.9755706787,-54.4051589966,-19.3974590302,-17.3991031647,-0.36431491375,-44.9651489258,-13.0997982025,27.5092430115,122.529716492,30.6805343628],[-182.623565674,-35.3438949585,101.629714966,67.026008606,68.861289978,2.18796157837,-3.00056648254,-3.19357705116,8.79202270508,-16.4275493622,-28.1051692963,30.6805343628,113.437278748]],"icov":[[0.000383792532375,-0.00104860845022,0.00058474735124,-0.00103376316838,0.000947950291447,-0.00123815750703,0.000622286635917,-0.00057940906845,0.000273863697657,-0.000278313877061,0.000152330787387,-0.000188846373931,-0.000146044461871],[-0.00104860845022,0.00384347210638,-0.00171531445812,0.00306368852034,-0.00306864734739,0.00350106088445,-0.00174401188269,0.00144534360152,-0.00116410467308,0.0017071205657,-0.00169510731939,0.00160239334218,0.000509810051881],[0.00058474735124,-0.00171531445812,0.00163511163555,-0.0022860430181,0.00109481089748,-0.00178797962144,0.000860272033606,-0.000175223351107,0.000117486197269,-0.000606264336966,0.000703898840584,-0.000738983566407,-0.0000421550321335],[-0.00103376316838,0.00306368852034,-0.0022860430181,0.00518972426653,-0.0024551032111,0.00317011796869,-0.00120211974718,0.0014548804611,-0.000702975492459,0.00101074110717,-0.000689421896823,0.0021431313362,-0.000839255750179],[0.000947950291447,-0.00306864734739,0.00109481089748,-0.0024551032111,0.00471341330558,-0.00299193477258,0.000361902290024,-0.000254179496551,-0.0000983256322797,-0.0000386465799238,0.00107839540578,-0.000362813618267,-0.00139399804175],[-0.00123815750703,0.00350106088445,-0.00178797962144,0.00317011796869,-0.00299193477258,0.00763135030866,-0.00243401573971,0.00130256614648,0.000432076543802,0.0015447314363,-0.00121129362378,0.00213529169559,-0.000219808658585],[0.000622286635917,-0.00174401188269,0.000860272033606,-0.00120211974718,0.000361902290024,-0.00243401573971,0.00657697115093,-0.00325263710693,-0.000520980276633,0.00271067791618,-0.00200953730382,0.000454488646938,0.000119780881505],[-0.00057940906845,0.00144534360152,-0.000175223351107,0.0014548804611,-0.000254179496551,0.00130256614648,-0.00325263710693,0.0101195704192,-0.00358327804133,0.00106985226739,0.0023692084942,-0.00103716913145,0.000443078752141],[0.000273863697657,-0.00116410467308,0.000117486197269,-0.000702975492459,-0.0000983256322797,0.000432076543802,-0.000520980276633,-0.00358327804133,0.00983446463943,-0.00368572003208,-0.000322102248902,0.00264050532132,-0.0017649467336],[-0.000278313877061,0.0017071205657,-0.000606264336966,0.00101074110717,-0.0000386465799238,0.0015447314363,0.00271067791618,0.00106985226739,-0.00368572003208,0.0125672994182,-0.00346835539676,0.00265128421597,0.000654486240819],[0.000152330787387,-0.00169510731939,0.000703898840584,-0.000689421896823,0.00107839540578,-0.00121129362378,-0.00200953730382,0.0023692084942,-0.000322102248902,-0.00346835539676,0.0105418395251,-0.00482848100364,0.00231654546224],[-0.000188846373931,0.00160239334218,-0.000738983566407,0.0021431313362,-0.000362813618267,0.00213529169559,0.000454488646938,-0.00103716913145,0.00264050532132,0.00265128421597,-0.00482848100364,0.0140468627214,-0.00506327673793],[-0.000146044461871,0.000509810051881,-0.0000421550321335,-0.000839255750179,-0.00139399804175,-0.000219808658585,0.000119780881505,0.000443078752141,-0.0017649467336,0.000654486240819,0.00231654546224,-0.00506327673793,0.0123138669878]],"mean":[-90.3807525635,96.1679992676,-53.7398338318,41.669090271,-47.5986976624,49.6155357361,-16.9590682983,20.8730773926,-6.62035322189,-0.103036306798,1.15792548656,-6.67609024048,-6.31061553955]},"hfc":{"dmean":10.0106067657,"dmean2":13.8684720993,"dvar":377.649108887,"dvar2":772.87487793,"max":394.734466553,"mean":24.2292346954,"median":16.2393016815,"min":1.15446209962e-16,"var":1147.39697266},"melbands":{"dmean":[0.00889745634049,0.00613801414147,0.000557332648896,0.0000619975689915,0.0000410147185903,0.0000558878091397,0.0000444883553428,0.0000690448432579,0.000135890804813,0.000130371685373,0.000138626797707,0.0000841269138618,0.0000712798864697,0.0000914814809221,0.0000505191092088,0.0000344776235579,0.0000351583767042,0.000010626801668,0.00000516940599482,0.00000347799095834,0.00000262838625531,0.00000309208348881,0.00000254005863098,0.00000281427128357,0.00000168559836311,0.00000106817969936,0.00000119737364912,0.0000016776693883,0.000001302160058,0.00000152370978412,8.32723003441e-7,7.73152123656e-7,0.0000010451989283,0.00000205659330277,0.00000408081177738,0.00000946341151575,0.00000635359401713,0.00000267351356342,0.0000015331056602,0.00000113661167234],"dmean2":[0.0118436347693,0.00850365962833,0.00082489149645,0.0000933177143452,0.000062852865085,0.0000829414930195,0.0000664141698508,0.000102731806692,0.000198770081624,0.000180535047548,0.000187756697414,0.000112281770271,0.0000983247155091,0.000107830972411,0.0000666648702463,0.0000468031794298,0.0000497746805195,0.0000158404236572,0.00000734305331207,0.00000521045012647,0.00000389211390939,0.00000484398378831,0.00000397073063141,0.00000409680342273,0.00000263494371211,0.00000166578035987,0.00000180441247721,0.00000256589623859,0.00000203188096748,0.00000245824071499,0.00000127156181406,0.00000117253011922,0.00000154907479555,0.00000316301816383,0.00000648427339911,0.0000154121407832,0.00000983067366178,0.00000395152028432,0.00000214122860598,0.00000162199705755],"dvar":[0.000193954416318,0.0000847244518809,8.56092185586e-7,1.41348923677e-8,6.29857588308e-9,1.66443836491e-8,1.23721406453e-8,1.10517134999e-7,5.98234635163e-7,5.48515686205e-7,6.40261077933e-7,4.1388233285e-7,1.82819988481e-7,4.12009399042e-7,1.28305188696e-7,4.42442598114e-8,3.76998059437e-8,4.24839008417e-9,1.33170763306e-9,2.89718304902e-10,2.13275300198e-10,4.91847729212e-10,1.8762795484e-10,3.11055736724e-10,5.49666423488e-11,1.28580401534e-11,6.27070340098e-11,1.24732724149e-10,6.77282466222e-11,5.94097063211e-11,7.15280439045e-12,4.38672709269e-12,7.83320370373e-12,4.16617677856e-11,1.83483964133e-10,1.22826870896e-9,4.09105305188e-10,7.66011351572e-11,1.94801171721e-11,9.04265551327e-12],"dvar2":[0.000325497443555,0.000170002706,0.00000186683678294,3.38581820358e-8,1.45433078913e-8,3.60425040924e-8,2.69095021821e-8,2.35790835745e-7,0.00000132059290081,0.00000101993418866,0.0000010404232853,6.54777068121e-7,3.76193128204e-7,4.88142177346e-7,1.94954139943e-7,7.3557181679e-8,6.53961578223e-8,8.35285085543e-9,2.72687317171e-9,6.41362907228e-10,4.02359673357e-10,1.10766229522e-9,4.780729701e-10,6.03960492729e-10,1.23606430646e-10,2.92842451677e-11,1.40785758052e-10,2.77856682107e-10,1.23044865963e-10,1.26369234521e-10,1.42256926725e-11,9.69905752934e-12,1.69669521488e-11,1.00819311233e-10,4.48796805275e-10,3.03193004036e-9,9.69791136285e-10,1.63438651501e-10,3.22422852306e-11,1.9081824662e-11],"max":[0.124496437609,0.0951784029603,0.0151248443872,0.00267087086104,0.00163962238003,0.00314092729241,0.00547717837617,0.0199072565883,0.0337105020881,0.0341742783785,0.0410937443376,0.0565653331578,0.0200342107564,0.0340211875737,0.0277223903686,0.0104344356805,0.0103387599811,0.00306544080377,0.00176711252425,0.000741708267014,0.00080986629473,0.00140966591425,0.000689723528922,0.00131675007287,0.000461692136014,0.0000991222332232,0.000569599622395,0.000514937506523,0.000581654603593,0.000527606869582,0.000125785678392,0.0000631127768429,0.0000954709321377,0.000259619293502,0.000392173300497,0.000613156182226,0.000299791281577,0.000466722849524,0.000297516846331,0.000112302179332],"mean":[0.0270455293357,0.0175430141389,0.001187274931,0.000110155669972,0.000065557891503,0.0000895356279216,0.0000847715782584,0.000146645747009,0.000239059707383,0.000249398173764,0.000265227165073,0.000151458239998,0.000135955837322,0.000202415860258,0.000109085362055,0.0000611509967712,0.0000659559009364,0.0000170225466718,0.00000761213459555,0.00000435519177699,0.0000036892645312,0.00000416590637542,0.00000365925484402,0.0000047928388085,0.00000239195787799,0.00000156304497523,0.00000184115253887,0.00000234067374549,0.00000161925709108,0.00000142798751313,0.00000105146648366,0.00000108922824893,0.00000155112695666,0.0000023991535727,0.0000038414809751,0.00000779213951319,0.00000590839863435,0.00000300120996144,0.00000202879709832,0.00000138524615068],"median":[0.0142553420737,0.0135651789606,0.000636593264062,0.0000504917479702,0.0000274142039416,0.0000255018112512,0.0000210837388295,0.0000133515914058,0.000012557718037,0.0000113370151666,0.00000891972740646,0.00000597516373091,0.00000500369469592,0.00000301361410493,0.00000256081420957,0.00000286435101771,0.00000190932519217,7.63192417708e-7,2.9684795777e-7,2.56003289678e-7,2.69561269306e-7,3.37473920808e-7,3.48550543094e-7,3.06395065763e-7,2.62926761252e-7,2.01302214009e-7,1.65629060689e-7,1.70535429334e-7,1.52694639155e-7,1.34093852466e-7,1.2874885158e-7,1.68111625953e-7,3.0010755836e-7,2.94575926318e-7,2.70702742e-7,3.09028933998e-7,3.1700548675e-7,2.81142717995e-7,2.5582608032e-7,1.76425004383e-7],"min":[2.74797140424e-23,2.05162763267e-23,5.02259021441e-24,5.00542105124e-24,5.06073479462e-24,4.58729755577e-24,3.34466729179e-24,6.22286614196e-24,4.71613471324e-24,1.53756831705e-23,1.01548896815e-23,1.54176553038e-23,1.07320865841e-23,3.93689869993e-24,5.22387556856e-24,6.65218712355e-24,7.01702898133e-24,1.16836303295e-23,5.55202001145e-24,9.46490065783e-24,1.23093114121e-23,1.63774134578e-23,1.09387066101e-23,1.41688679805e-23,1.21373436791e-23,1.10275765242e-23,8.84890363163e-24,1.32964035965e-23,1.35155901768e-23,1.13819935851e-23,1.0861326455e-23,1.20519321312e-23,1.17799100141e-23,1.23436899704e-23,9.17022008896e-24,1.12333816569e-23,1.71432522464e-23,1.37004439527e-23,1.17333340885e-23,8.35525262095e-24],"var":[0.000845400441904,0.000295826670481,0.00000261765808318,3.39679608885e-8,1.24985604089e-8,3.08792849069e-8,3.60714622616e-8,3.13060269264e-7,0.00000148508320308,0.00000179316316462,0.00000247876232606,0.00000121151288113,5.58583849397e-7,0.00000191090157386,9.05736271761e-7,1.00297661731e-7,1.28572295921e-7,1.06308135628e-8,2.68468558495e-9,4.59075971682e-10,4.44886072426e-10,6.32286722979e-10,2.61901084153e-10,6.48410491966e-10,1.01007036069e-10,2.37511243312e-11,9.45019895671e-11,1.78139003548e-10,1.02022397475e-10,6.75153960517e-11,1.25009299787e-11,8.33324034777e-12,1.52633339995e-11,4.93561025383e-11,1.77516654154e-10,1.03605135582e-9,4.05236899592e-10,1.42660327995e-10,5.89282095342e-11,1.64707657235e-11]},"melbands_crest":{"dmean":2.67043757439,"dmean2":4.12396526337,"dvar":9.29575061798,"dvar2":21.752450943,"max":38.8746337891,"mean":21.682806015,"median":23.1966609955,"min":2.58303570747,"var":34.508228302},"melbands_flatness_db":{"dmean":0.0557316020131,"dmean2":0.0682534128428,"dvar":0.00383513374254,"dvar2":0.00586261879653,"max":0.872495651245,"mean":0.406284332275,"median":0.387527644634,"min":0.00770785147324,"var":0.0316669233143},"melbands_kurtosis":{"dmean":67.6214294434,"dmean2":101.735832214,"dvar":13439.5332031,"dvar2":31908.8789063,"max":1400.66223145,"mean":112.93170929,"median":51.5654258728,"min":-1.93114638329,"var":26493.5878906},"melbands_skewness":{"dmean":2.15349888802,"dmean2":3.11232662201,"dvar":7.14695501328,"dvar2":15.4085836411,"max":30.9564800262,"mean":5.86676549911,"median":4.9299325943,"min":-3.70191431046,"var":22.0022792816},"melbands_spread":{"dmean":8.4047794342,"dmean2":12.5479774475,"dvar":509.845977783,"dvar2":1048.3963623,"max":311.419403076,"mean":13.7895755768,"median":2.83362054825,"min":0.179793283343,"var":1014.76263428},"mfcc":{"cov":[[14826.8222656,-818.897949219,-1720.74780273,-1318.33068848,-1059.44421387,-238.810379028,11.1013803482,159.325195313,-370.104675293,134.703155518,257.783874512,116.968276978,-161.141540527],[-818.897949219,2360.82226563,172.664398193,322.553894043,446.232391357,198.11378479,344.804840088,317.518127441,138.38432312,55.0471229553,257.674133301,16.6295318604,94.2532501221],[-1720.74780273,172.664398193,1792.64343262,719.583679199,496.685516357,306.075134277,-0.308280199766,-108.99672699,106.345024109,41.5250587463,-144.586303711,76.9766387939,45.4899406433],[-1318.33068848,322.553894043,719.583679199,814.9140625,431.319915771,190.035018921,31.1203231812,-15.0439949036,155.017929077,41.3213500977,-54.9297981262,11.9464454651,49.502407074],[-1059.44421387,446.232391357,496.685516357,431.319915771,558.158813477,237.035705566,69.4444351196,5.73907089233,122.114585876,52.6091537476,-35.6697158813,-24.9099960327,6.78456640244],[-238.810379028,198.11378479,306.075134277,190.035018921,237.035705566,273.058746338,117.084480286,34.3676834106,48.8618278503,38.5733108521,-16.0759563446,-5.41858243942,-9.59864902496],[11.1013803482,344.804840088,-0.308280199766,31.1203231812,69.4444351196,117.084480286,271.708374023,172.96546936,24.7825984955,-13.2143945694,57.4996604919,-12.2639856339,-12.1927862167],[159.325195313,317.518127441,-108.99672699,-15.0439949036,5.73907089233,34.3676834106,172.96546936,294.725494385,82.156211853,2.85082864761,50.420009613,-9.81301403046,-16.3058414459],[-370.104675293,138.38432312,106.345024109,155.017929077,122.114585876,48.8618278503,24.7825984955,82.156211853,213.894973755,73.9731063843,-16.7684421539,-24.1079730988,-2.15427565575],[134.703155518,55.0471229553,41.5250587463,41.3213500977,52.6091537476,38.5733108521,-13.2143945694,2.85082864761,73.9731063843,165.847885132,29.6594581604,-2.25743722916,-8.9895029068],[257.783874512,257.674133301,-144.586303711,-54.9297981262,-35.6697158813,-16.0759563446,57.4996604919,50.420009613,-16.7684421539,29.6594581604,190.458648682,26.5599403381,6.00665092468],[116.968276978,16.6295318604,76.9766387939,11.9464454651,-24.9099960327,-5.41858243942,-12.2639856339,-9.81301403046,-24.1079730988,-2.25743722916,26.5599403381,112.493423462,36.3666877747],[-161.141540527,94.2532501221,45.4899406433,49.502407074,6.78456640244,-9.59864902496,-12.1927862167,-16.3058414459,-2.15427565575,-8.9895029068,6.00665092468,36.3666877747,123.31427002]],"icov":[[0.0000914406846277,0.0000131843362396,0.0000516761538165,0.0000439288924099,0.000110886772745,-0.000117742645671,0.0000291312608169,-0.0000766956072766,0.000121305092762,-0.000154950859724,-0.0000183358952199,-0.000119398959214,0.000077117481851],[0.0000131843362396,0.000798183027655,-0.00000247763318839,0.00000505667458128,-0.000699406315107,0.000209673235076,-0.000436122674728,-0.000503997434862,0.0000301642012346,-0.00000907975299924,-0.000931064598262,0.0000601864594501,-0.000621462182608],[0.0000516761538165,-0.00000247763318839,0.00111165421549,-0.000632730138022,-0.000145048921695,-0.000681164383423,0.0000814585218905,0.00023482470715,0.000115613038361,-0.000114620474051,0.000578524020966,-0.000945586943999,0.000151749627548],[0.0000439288924099,0.00000505667458128,-0.000632730138022,0.0027702988591,-0.00132504908834,0.0000812868674984,-0.0000494694359077,0.00020473881159,-0.0010936181061,0.000296808837447,-0.000126290862681,-0.000168156635482,-0.000665453844704],[0.000110886772745,-0.000699406315107,-0.000145048921695,-0.00132504908834,0.00505992723629,-0.00281337671913,0.000561270222533,0.000643092789687,-0.000688188243657,-0.000145744546899,0.000496481312439,0.000866884249263,0.000605575856753],[-0.000117742645671,0.000209673235076,-0.000681164383423,0.0000812868674984,-0.00281337671913,0.00833365134895,-0.00389226805419,0.000740001967642,0.000358036311809,-0.00148478883784,0.000830776931252,-0.000300338608213,0.00036711600842],[0.0000291312608169,-0.000436122674728,0.0000814585218905,-0.0000494694359077,0.000561270222533,-0.00389226805419,0.00882165227085,-0.00425346614793,0.00101061479654,0.00145110755693,-0.00144966470543,0.00102516065817,0.000228903343668],[-0.0000766956072766,-0.000503997434862,0.00023482470715,0.00020473881159,0.000643092789687,0.000740001967642,-0.00425346614793,0.0073593556881,-0.00324499979615,0.00072619918501,0.000211037986446,-0.000686869258061,0.000879502447788],[0.000121305092762,0.0000301642012346,0.000115613038361,-0.0010936181061,-0.000688188243657,0.000358036311809,0.00101061479654,-0.00324499979615,0.00850369501859,-0.00359479244798,0.00117859593593,0.00114835321438,-0.000241173314862],[-0.000154950859724,-0.00000907975299924,-0.000114620474051,0.000296808837447,-0.000145744546899,-0.00148478883784,0.00145110755693,0.00072619918501,-0.00359479244798,0.00864338222891,-0.00225459085777,0.0000983935096883,0.000507638847921],[-0.0000183358952199,-0.000931064598262,0.000578524020966,-0.000126290862681,0.000496481312439,0.000830776931252,-0.00144966470543,0.000211037986446,0.00117859593593,-0.00225459085777,0.00821626931429,-0.00211856886744,0.000527691794559],[-0.000119398959214,0.0000601864594501,-0.000945586943999,-0.000168156635482,0.000866884249263,-0.000300338608213,0.00102516065817,-0.000686869258061,0.00114835321438,0.0000983935096883,-0.00211856886744,0.0116676716134,-0.00315672648139],[0.000077117481851,-0.000621462182608,0.000151749627548,-0.000665453844704,0.000605575856753,0.00036711600842,0.000228903343668,0.000879502447788,-0.000241173314862,0.000507638847921,0.000527691794559,-0.00315672648139,0.00996852386743]],"mean":[-744.566955566,123.231048584,60.6702919006,13.6448259354,20.4371643066,21.1189651489,20.4569969177,22.5234832764,8.18092727661,13.7698278427,11.9881191254,10.5574188232,2.78056001663]},"pitch_salience":{"dmean":0.0749591216445,"dmean2":0.113158017397,"dvar":0.00697878282517,"dvar2":0.0159061159939,"max":0.849571585655,"mean":0.294445425272,"median":0.255998462439,"min":0.0210671443492,"var":0.0301306266338},"silence_rate_20dB":{"dmean":0.0356811881065,"dmean2":0.071370638907,"dvar":0.0344066508114,"dvar2":0.081795796752,"max":1,"mean":0.970462203026,"median":1,"min":0,"var":0.0286634955555},"silence_rate_30dB":{"dmean":0.116543091834,"dmean2":0.233113199472,"dvar":0.102971851826,"dvar2":0.196142941713,"max":1,"mean":0.505733788013,"median":1,"min":0,"var":0.24995483458},"silence_rate_60dB":{"dmean":0.0278035216033,"dmean2":0.0556134879589,"dvar":0.0270322076976,"dvar2":0.0601635947824,"max":1,"mean":0.112938724458,"median":0,"min":0,"var":0.100183732808},"spectral_centroid":{"dmean":276.015655518,"dmean2":389.406494141,"dvar":247277.234375,"dvar2":457954.34375,"max":10781.4394531,"mean":819.924316406,"median":549.343811035,"min":73.8389968872,"var":918389.3125},"spectral_complexity":{"dmean":1.94416129589,"dmean2":3.01262879372,"dvar":5.72139120102,"dvar2":12.5674343109,"max":43,"mean":7.43947649002,"median":7,"min":0,"var":27.7649879456},"spectral_contrast_coeffs":{"dmean":[0.0474306344986,0.0500868558884,0.0416400618851,0.0334755368531,0.0239780377597,0.0185951385647],"dmean2":[0.0742655470967,0.0790534690022,0.0640317201614,0.050245616585,0.0357511937618,0.0270123351365],"dvar":[0.00173888041172,0.00181624339893,0.00129504606593,0.000870014366228,0.000483354611788,0.000314820325002],"dvar2":[0.00407929718494,0.00427778018638,0.0027931665536,0.0017486338038,0.000960578676313,0.000618485733867],"max":[-0.409746825695,-0.238940238953,-0.266927450895,-0.381963938475,-0.53018450737,-0.607800424099],"mean":[-0.630762517452,-0.708290696144,-0.732801556587,-0.770223498344,-0.808825731277,-0.83651638031],"median":[-0.61016112566,-0.712103664875,-0.747638165951,-0.785812973976,-0.817261815071,-0.841886222363],"min":[-0.963605523109,-0.966556429863,-0.969522476196,-0.963858067989,-0.963636577129,-0.961995303631],"var":[0.00918062683195,0.00960677117109,0.0116341887042,0.00832670833915,0.00408208603039,0.00184469879605]},"spectral_contrast_valleys":{"dmean":[0.424031823874,0.495631724596,0.472026854753,0.48937150836,0.414861351252,0.472435057163],"dmean2":[0.633447289467,0.73084717989,0.676178812981,0.656461119652,0.513858675957,0.506935954094],"dvar":[0.157044485211,0.2277341187,0.229054942727,0.25868627429,0.201702535152,0.248247995973],"dvar2":[0.293041706085,0.429337382317,0.415381103754,0.431549936533,0.316610813141,0.349379301071],"max":[-5.17778730392,-5.01531219482,-5.32731342316,-5.89701032639,-6.28351640701,-7.19925165176],"mean":[-7.4808306694,-8.14122772217,-8.76241779327,-9.42241096497,-9.29291439056,-10.3726568222],"median":[-7.0573015213,-7.92487621307,-8.52572154999,-9.27037239075,-9.06967258453,-10.2318058014],"min":[-27.2423877716,-27.6579303741,-27.2641868591,-27.2908363342,-27.163269043,-27.1899967194],"var":[3.15727329254,2.53178668022,2.61385393143,2.28872299194,2.02903008461,2.35483050346]},"spectral_decrease":{"dmean":9.7579446745e-9,"dmean2":1.29489414746e-8,"dvar":1.96913415313e-16,"dvar2":3.45938420054e-16,"max":-8.35886697785e-29,"mean":-3.18266408783e-8,"median":-2.42062636602e-8,"min":-1.27065320044e-7,"var":8.33602445782e-16},"spectral_energy":{"dmean":0.0373542606831,"dmean2":0.0495493449271,"dvar":0.00283013936132,"dvar2":0.00496882526204,"max":0.482813119888,"mean":0.122317999601,"median":0.0945328250527,"min":1.07868011182e-20,"var":0.012032832019},"spectral_energyband_high":{"dmean":0.000834751699585,"dmean2":0.00124760391191,"dvar":0.00000530894976691,"dvar2":0.0000120264812722,"max":0.0423834323883,"mean":0.000921432278119,"median":0.000108982683741,"min":8.02040945839e-21,"var":0.00000666526466375},"spectral_energyband_low":{"dmean":0.0361608415842,"dmean2":0.0480841174722,"dvar":0.00290755112655,"dvar2":0.00508521124721,"max":0.480892241001,"mean":0.111229948699,"median":0.0744731426239,"min":1.39377572943e-22,"var":0.0121860736981},"spectral_energyband_middle_high":{"dmean":0.00197204900905,"dmean2":0.00241303630173,"dvar":0.000063178675191,"dvar2":0.000083788894699,"max":0.374982148409,"mean":0.00533222407103,"median":0.000446963182185,"min":1.52782934955e-21,"var":0.000419593969127},"spectral_energyband_middle_low":{"dmean":0.00234026205726,"dmean2":0.00333390012383,"dvar":0.0000433796631114,"dvar2":0.0000828660922707,"max":0.300951302052,"mean":0.00572143914178,"median":0.00253185280599,"min":2.23177408624e-22,"var":0.000180262533831},"spectral_entropy":{"dmean":0.382929474115,"dmean2":0.462425291538,"dvar":0.196695357561,"dvar2":0.280435442924,"max":9.81255149841,"mean":6.81333494186,"median":6.96387434006,"min":3.65617394447,"var":1.30223035812},"spectral_flux":{"dmean":0.0504752583802,"dmean2":0.0775599181652,"dvar":0.0038815564476,"dvar2":0.00949657987803,"max":0.557757735252,"mean":0.0989175960422,"median":0.072388805449,"min":1.03859525147e-10,"var":0.00717704324052},"spectral_kurtosis":{"dmean":3.25507712364,"dmean2":4.24334335327,"dvar":26.7793312073,"dvar2":45.3462600708,"max":84.8396072388,"mean":7.35018634796,"median":3.72694253922,"min":-1.63404273987,"var":117.159309387},"spectral_rms":{"dmean":0.00179585046135,"dmean2":0.00228619854897,"dvar":0.0000050727562666,"dvar2":0.00000805600302556,"max":0.0217033922672,"mean":0.00933734700084,"median":0.00960349664092,"min":3.24402657514e-12,"var":0.0000321483239532},"spectral_rolloff":{"dmean":507.772949219,"dmean2":893.928527832,"dvar":2339490.75,"dvar2":4859181,"max":20370.4101563,"mean":1182.13024902,"median":107.666015625,"min":64.599609375,"var":8836190},"spectral_skewness":{"dmean":0.469722539186,"dmean2":0.569811522961,"dvar":0.285048097372,"dvar2":0.442891120911,"max":8.1986913681,"mean":2.10453867912,"median":1.84768402576,"min":-0.615079760551,"var":1.79291415215},"spectral_spread":{"dmean":1179919.125,"dmean2":1543288.875,"dvar":1695988449280,"dvar2":2893343883260,"max":40327576,"mean":6436657.5,"median":5724507.5,"min":1158608.625,"var":8607855804420},"spectral_strongpeak":{"dmean":0.517564833164,"dmean2":0.829640269279,"dvar":1.61808419228,"dvar2":3.89317345619,"max":24.4928531647,"mean":1.21311795712,"median":0.831840097904,"min":0,"var":3.71654653549},"zerocrossingrate":{"dmean":0.0150678772479,"dmean2":0.0160110536963,"dvar":0.000573415309191,"dvar2":0.000583262182772,"max":0.505859375,"mean":0.0431090183556,"median":0.0185546875,"min":0.001953125,"var":0.00394479930401}},"metadata":{"audio_properties":{"analysis_sample_rate":44100,"bit_rate":0,"codec":"flac","downmix":"mix","equal_loudness":0,"length":200.42666626,"lossless":true,"md5_encoded":"ec3b220807713555091ea8a02ea67e8e","replay_gain":-10.8455410004,"sample_rate":44100},"tags":{"album":["Soul Rebels"],"albumartist":["The Wailers"],"albumartistsort":["Wailers, The"],"artist":["The Wailers"],"artistsort":["Wailers, The"],"asin":["B000077SXF"],"catalognumber":["TJCCD 053"],"date":["2002"],"discnumber":["1"],"disctotal":["1"],"file_name":"01.Soul Rebel.flac","genre":["Jamaica - Reggae"],"label":["Trojan Records"],"media":["CD"],"musicbrainz_albumartistid":["c9e99d40-4a2c-4ca7-ac5b-e842264ee271"],"musicbrainz_albumid":["8e88eb9a-d610-4d14-a883-f3c8eac17274"],"musicbrainz_artistid":["c9e99d40-4a2c-4ca7-ac5b-e842264ee271"],"musicbrainz_recordingid":["8309fa7d-b32a-43d9-9ad6-9808e335847e"],"musicbrainz_releasegroupid":["58637e09-dec9-4023-80ff-734da967301c"],"originaldate":["1970-12"],"releasestatus":["official"],"releasetype":["album"],"script":["Latn"],"title":["Soul Rebel"],"tracknumber":["1"],"tracktotal":["22"]},"version":{"essentia":"2.1-beta2","essentia_build_sha":"2d9f1f26377add8aeb1075a9c2973f962c4f09fd","essentia_git_sha":"v2.1_beta2-1-ge3940c0","extractor":"music 1.0"}},"rhythm":{"beats_count":310,"beats_loudness":{"dmean":0.131817862391,"dmean2":0.221058487892,"dvar":0.0103718172759,"dvar2":0.0227705836296,"max":0.420014292002,"mean":0.183152034879,"median":0.174927607179,"min":5.1724985406e-10,"var":0.0151973944157},"beats_loudness_band_ratio":{"dmean":[0.287102967501,0.0181535799056,0.0644408017397,0.105223014951,0.011568095535,0.116941481829],"dmean2":[0.544368863106,0.0328975133598,0.120684474707,0.196442961693,0.0216395892203,0.232189208269],"dvar":[0.123