{"lowlevel":{"average_loudness":0.952451765537,"barkbands":{"dmean":[0.00000977851505013,0.000634004769381,0.000904463289771,0.000663173908833,0.00105268473271,0.000918159668799,0.000823607493658,0.000900478684343,0.000743655255064,0.000333281932399,0.00011169098434,0.000108014282887,0.000114351700176,0.000164313460118,0.000375368224923,0.000784342759289,0.000782661722042,0.000193526997464,0.00031006813515,0.000257261883235,0.000230975158047,0.000133110224851,0.0000537750383955,0.0000286445774691,0.00000584089548283,8.97074073691e-7,5.52939383169e-8],"dmean2":[0.0000152498987518,0.00105511338916,0.00148323969916,0.00107808411121,0.00170059106313,0.00148047623225,0.00132862420287,0.0014153693337,0.00120986485854,0.000532261678018,0.000180132701644,0.000173938082298,0.000181606505066,0.000264120957581,0.000584971974604,0.00121534476057,0.00119243201334,0.000302006345009,0.000495938234963,0.000390713656088,0.000342361250659,0.000194856344024,0.0000784341536928,0.0000402686491725,0.00000811156678537,0.00000122844971884,8.42448386607e-8],"dvar":[5.35099409227e-10,6.87392457621e-7,0.00000142032706663,0.00000102397052615,0.00000256457860814,0.00000207326411328,0.00000157572583248,0.00000238081634052,0.00000104483308405,3.52424393668e-7,7.04457008283e-8,3.70928141535e-8,1.04825282676e-7,6.41165485149e-8,2.97465192034e-7,0.000001459047553,0.00000155283942149,6.83774104004e-8,1.78724931743e-7,1.65643101013e-7,1.53525931523e-7,4.45687327044e-8,7.79365372239e-9,3.56712770433e-9,1.29049756992e-10,3.57432573123e-12,2.18222317929e-14],"dvar2":[1.12712617018e-9,0.00000182623580258,0.00000361175443686,0.00000261961940851,0.00000645627324047,0.00000517101716468,0.00000403023204854,0.00000612948588241,0.00000274898116004,9.00289705896e-7,1.7284095577e-7,9.08601904825e-8,2.20142666763e-7,1.6091382804e-7,6.94783750532e-7,0.00000356709210791,0.00000354242570211,1.57322048722e-7,4.40975099991e-7,3.77679100438e-7,3.07232227215e-7,8.81185826529e-8,1.52685561972e-8,6.96356483587e-9,2.24210774946e-10,6.75615769927e-12,5.17927138623e-14],"max":[0.00115397328045,0.014536245726,0.0170513596386,0.0173872485757,0.0335014760494,0.0248600281775,0.0340455621481,0.0432648919523,0.0182887539268,0.0149792376906,0.0109383156523,0.00644952477887,0.0235950164497,0.00543305557221,0.00951605569571,0.0173479430377,0.0200670063496,0.00556096015498,0.00754292262718,0.00831934064627,0.0117869768292,0.00310735031962,0.00252906489186,0.00166040600743,0.000164968078025,0.0000334720425599,0.00000439834730059],"mean":[0.0000114605545605,0.00129409844521,0.00207272591069,0.00111536087934,0.00239285337739,0.00184760021511,0.00179478852078,0.00181097059976,0.0015279231593,0.000639664067421,0.000185793134733,0.000187287354493,0.000204580530408,0.000308376242174,0.000732099637389,0.00141429458745,0.00142643821891,0.000388295709854,0.000661747064441,0.000525896262843,0.000510265759658,0.000307730428176,0.000135247726575,0.0000615272001596,0.0000125974984257,0.00000182530152415,8.08044617884e-8],"median":[0.00000403637659474,0.00079485680908,0.00116003747098,0.000578516628593,0.00165683589876,0.00127069524024,0.00123048829846,0.00111890840344,0.00103395734914,0.000354140240233,0.000112460271339,0.000116681818326,0.000106593681267,0.000191269748029,0.00043828136404,0.000764805474319,0.000648464192636,0.000267877301667,0.000502728740685,0.000356436707079,0.000343619292835,0.000212948245462,0.0000963677230175,0.000035219170968,0.00000671159250487,7.1918964295e-7,2.75334652855e-8],"min":[3.5560678642e-25,2.81648192282e-24,6.23278310962e-25,9.59045714001e-25,5.63819912105e-24,5.15072607454e-24,6.48134667275e-24,3.67358718496e-24,1.37321924487e-23,1.4261172595e-23,1.43869943317e-23,2.05093264621e-23,3.10306357232e-23,2.04625880312e-23,4.77260816104e-23,5.37455036804e-23,6.07024112055e-23,7.08461716374e-23,1.27898056429e-22,1.49245516048e-22,2.42128573871e-22,3.11211130203e-22,3.52381995417e-22,5.70072087585e-22,8.62673850194e-22,1.20348023953e-21,1.86386107305e-21],"var":[7.02181202072e-10,0.00000228673980018,0.00000572305316382,0.0000022498566068,0.00000630893555353,0.00000431812804891,0.00000404347792937,0.00000493754487252,0.00000267268069365,8.06621471838e-7,1.10738625381e-7,6.50864961926e-8,2.73576034715e-7,1.38702191066e-7,7.45450279283e-7,0.00000302460330204,0.00000407926108892,1.45294677623e-7,3.42970395195e-7,3.29822228196e-7,3.70585041765e-7,1.13751610797e-7,2.20514468907e-8,7.71222197216e-9,3.25395932421e-10,9.22469479275e-12,3.61829706821e-14]},"barkbands_crest":{"dmean":1.80444061756,"dmean2":2.9298491478,"dvar":3.19812893867,"dvar2":8.04997730255,"max":26.7152709961,"mean":7.04744577408,"median":6.35908412933,"min":2.1953098774,"var":8.64343357086},"barkbands_flatness_db":{"dmean":0.0133086889982,"dmean2":0.0197652466595,"dvar":0.000177763824468,"dvar2":0.000370724737877,"max":0.418939530849,"mean":0.118212804198,"median":0.110205240548,"min":0.0356910005212,"var":0.00161043251865},"barkbands_kurtosis":{"dmean":1.12731158733,"dmean2":1.74012088776,"dvar":6.46519804001,"dvar2":12.4781332016,"max":140.045043945,"mean":0.810177564621,"median":-0.309415102005,"min":-1.86942195892,"var":23.3506946564},"barkbands_skewness":{"dmean":0.399323403835,"dmean2":0.578388512135,"dvar":0.163198024035,"dvar2":0.325755894184,"max":11.8319234848,"mean":0.809836447239,"median":0.823884427547,"min":-2.16909813881,"var":0.982765197754},"barkbands_spread":{"dmean":5.01409578323,"dmean2":7.76429748535,"dvar":25.231004715,"dvar2":56.5506820679,"max":77.1498947144,"mean":28.9578914642,"median":28.807094574,"min":2.34715509415,"var":115.190475464},"dissonance":{"dmean":0.0104933269322,"dmean2":0.0172447562218,"dvar":0.000100739889604,"dvar2":0.000264679663815,"max":0.499999970198,"mean":0.476301044226,"median":0.481182396412,"min":0.261103719473,"var":0.000438452494564},"dynamic_complexity":1.6407520771,"erbbands":{"dmean":[0.0092905992642,0.17746040225,0.882972121239,1.69608581066,2.74297380447,3.44675922394,6.48485088348,7.55994987488,11.6342515945,14.8455600739,20.1140956879,19.5706348419,11.6157407761,7.36854314804,4.00796365738,4.57511615753,5.00223970413,7.15354061127,15.8365831375,21.2266044617,50.967956543,35.3477630615,10.7999944687,15.7387561798,13.1027374268,12.2974538803,10.5661029816,8.24892234802,5.12592697144,2.57712960243,1.50710964203,0.860873043537,0.331973493099,0.100721128285,0.0241084415466,0.00641839345917,0.00120238796808,0.00015345661086,0.0000118240695883,0.00000471132716484],"dmean2":[0.0158004146069,0.293791651726,1.44293057919,2.72207164764,4.51069879532,5.56385374069,10.1939678192,12.4323530197,18.6888008118,24.1714706421,31.3621101379,31.7200374603,18.4502449036,11.9589166641,6.46293401718,7.30909824371,7.91954278946,11.4455747604,24.9535598755,32.7007408142,77.8057861328,52.8308181763,16.4849014282,24.7293586731,20.4532222748,18.7579784393,15.9768762589,12.2225761414,7.52131986618,3.75750231743,2.25303554535,1.25148260593,0.458511412144,0.139210626483,0.0322111025453,0.00879957154393,0.00163054757286,0.000212100741919,0.0000173341795744,0.00000687975079927],"dvar":[0.000258997519268,0.0520328655839,1.34873878956,6.83825969696,17.0111217499,40.7642822266,119.58253479,153.280517578,324.7215271,633.266845703,1181.41381836,736.083862305,352.075622559,249.673629761,67.4372558594,72.1716537476,259.809844971,130.068222046,585.296264648,1159.03552246,5997.57128906,2899.3190918,203.009368896,501.778869629,299.877807617,394.869506836,328.630615234,180.505981445,67.452545166,16.1535491943,6.41691827774,3.21555566788,0.47547391057,0.0389088578522,0.00235212827101,0.000179488168214,0.0000068381445999,1.22125300095e-7,8.9309337703e-10,2.718859686e-11],"dvar2":[0.000681154895574,0.136023521423,3.41315436363,16.4293441772,45.258518219,100.218383789,274.107391357,390.584838867,846.78112793,1667.20031738,3025.54199219,1910.65380859,878.957885742,659.825622559,161.599212646,176.879547119,578.36541748,336.932434082,1412.35620117,2688.76220703,14253.8994141,6464.68652344,449.583862305,1245.49963379,688.482421875,905.842590332,691.133422852,365.345031738,134.388549805,29.8059825897,13.0472249985,6.59862041473,0.857026278973,0.066831856966,0.00406627077609,0.000339881866239,0.0000127077473735,2.40225460857e-7,2.10503947606e-9,5.36600035239e-11],"max":[0.513474047184,4.56561660767,23.1847915649,49.2556343079,70.908782959,121.462211609,354.916259766,271.195465088,539.694030762,602.220214844,849.05871582,541.271728516,598.141540527,400.76663208,278.880371094,325.70199585,1250.60205078,240.490585327,521.179504395,519.264160156,1249.875,822.591308594,288.070648193,422.422241211,267.160583496,405.06942749,495.976531982,324.386016846,121.361190796,66.9501953125,78.3973007202,69.1635513306,13.5364055634,2.91868972778,0.74766010046,0.235406264663,0.0643745139241,0.00981469545513,0.000939340563491,0.0000826510222396],"mean":[0.0152836311609,0.387029856443,2.19082355499,3.43258333206,6.20824337006,6.73213529587,12.4643821716,13.8908748627,24.1859951019,30.3285522461,42.4970626831,40.9822044373,25.9088954926,13.3361740112,7.66170930862,8.34697341919,9.68681144714,14.6282739639,31.1250839233,43.5124130249,97.7619018555,69.4073867798,23.6409378052,31.8201370239,29.3798885345,24.9417743683,21.546081543,18.7223529816,11.956193924,6.06282711029,3.80209708214,1.93950891495,0.709194839001,0.219674423337,0.0511788241565,0.0135657209903,0.00235014455393,0.000288505514618,0.0000296427388093,0.0000285303358396],"median":[0.00887356698513,0.241227403283,1.31836032867,1.96516275406,3.77097892761,4.21984672546,7.20564126968,9.59360313416,17.6509933472,18.5125980377,26.6427497864,28.1519432068,16.4901809692,7.9300494194,5.39447450638,5.21440315247,5.54226255417,9.02812194824,18.6823272705,26.1333236694,54.1398162842,34.5597076416,16.4638404846,22.7426185608,22.7084102631,16.6216888428,13.9550733566,13.0303049088,8.38307380676,4.11702775955,2.72158288956,1.21254110336,0.382157951593,0.117335796356,0.0258113257587,0.00565669778734,0.000966397987213,0.000120442273328,0.0000194263757294,0.0000276881801256],"min":[5.67352928221e-23,5.09790492651e-22,2.35398436719e-21,5.34524677287e-21,1.36404457923e-20,1.97419610195e-20,4.46310113953e-20,1.0792489762e-19,1.00741570708e-19,1.18029483952e-19,1.84792407338e-19,3.57707199014e-19,5.6188192152e-19,8.81069568304e-19,7.59294468367e-19,1.07544357057e-18,1.8755025852e-18,1.72559957042e-18,2.44664949827e-18,2.81823495265e-18,3.6272229684e-18,3.48903913835e-18,3.87187900536e-18,6.41107326376e-18,7.11018232925e-18,8.85792149217e-18,9.10315407401e-18,9.47642511569e-18,1.1004556925e-17,1.10010612597e-17,1.10403928706e-17,1.04419020549e-17,9.36188458909e-18,8.52243357933e-18,6.22118899106e-18,4.10529862087e-18,2.22094851184e-18,9.18480672664e-19,2.2720767006e-19,2.49306840562e-20],"var":[0.000422094861278,0.197493582964,6.25486946106,18.7535419464,52.6038703918,79.1123733521,317.179199219,255.912155151,681.700073242,1358.51171875,2631.24487305,1888.10192871,1074.95690918,383.423034668,115.825576782,131.874435425,619.385620117,310.092926025,1465.73803711,2538.61767578,13474.6835938,8121.52050781,509.954803467,912.886535645,663.3828125,768.537597656,703.831787109,457.713409424,169.290679932,45.3548774719,17.3420181274,6.9168639183,1.0774064064,0.0981578826904,0.00582287879661,0.000487436453113,0.0000158026268764,2.64638202907e-7,1.56972923548e-9,1.24882867936e-10]},"erbbands_crest":{"dmean":2.15930151939,"dmean2":3.53733301163,"dvar":4.32663249969,"dvar2":11.3004560471,"max":27.2362251282,"mean":7.884557724,"median":7.19120693207,"min":2.29765677452,"var":10.9565410614},"erbbands_flatness_db":{"dmean":0.011328167282,"dmean2":0.0172719582915,"dvar":0.000108574742626,"dvar2":0.000242272799369,"max":0.345354616642,"mean":0.172773018479,"median":0.170509442687,"min":0.0259633790702,"var":0.000948271714151},"erbbands_kurtosis":{"dmean":0.653891921043,"dmean2":1.03165602684,"dvar":0.645652651787,"dvar2":1.51740217209,"max":17.0791454315,"mean":-0.239721119404,"median":-0.698355317116,"min":-1.79615151882,"var":1.85833370686},"erbbands_skewness":{"dmean":0.334531337023,"dmean2":0.497331380844,"dvar":0.0899035707116,"dvar2":0.196367159486,"max":2.94733643532,"mean":-0.18227186799,"median":-0.226125895977,"min":-3.80293989182,"var":0.452725052834},"erbbands_spread":{"dmean":6.56825065613,"dmean2":9.90064716339,"dvar":43.0780067444,"dvar2":94.6522750854,"max":104.019927979,"mean":40.2637290955,"median":38.7182006836,"min":4.42099237442,"var":202.7915802},"gfcc":{"cov":[[26313.6035156,1514.67895508,-3542.41674805,1293.03637695,-1723.53515625,48.9510993958,-945.382629395,137.376495361,-188.577713013,-44.594745636,-440.006652832,-176.758392334,-118.140563965],[1514.67895508,983.528930664,-125.460853577,-48.9577255249,-16.8603725433,-123.534934998,31.1603069305,-56.9246635437,100.833572388,-106.768005371,11.0527019501,-88.5903701782,11.9274406433],[-3542.41674805,-125.460853577,814.854797363,-68.425994873,177.501708984,36.3730163574,155.682403564,-25.3408260345,-36.8632164001,17.7651977539,92.3477401733,18.5008449554,-7.01029777527],[1293.03637695,-48.9577255249,-68.425994873,289.07901001,-80.4236679077,38.1304130554,-39.084903717,15.1703128815,-36.7501487732,-0.388681441545,-12.6606140137,-13.4589328766,-7.80932331085],[-1723.53515625,-16.8603725433,177.501708984,-80.4236679077,247.407455444,3.01198768616,70.7900543213,-10.3642044067,47.4931602478,-9.29055023193,11.700009346,10.9813890457,14.7225265503],[48.9510993958,-123.534934998,36.3730163574,38.1304130554,3.01198768616,121.76499176,32.0694351196,22.2857608795,-32.819984436,26.6460208893,6.0706820488,10.6223669052,-15.8738737106],[-945.382629395,31.1603069305,155.682403564,-39.084903717,70.7900543213,32.0694351196,124.320014954,17.1923770905,13.3666086197,-3.58975577354,27.4517364502,-5.40631484985,-8.95215511322],[137.376495361,-56.9246635437,-25.3408260345,15.1703128815,-10.3642044067,22.2857608795,17.1923770905,65.354385376,24.5796985626,15.4238061905,-11.646894455,3.04260444641,-0.628901481628],[-188.577713013,100.833572388,-36.8632164001,-36.7501487732,47.4931602478,-32.819984436,13.3666086197,24.5796985626,93.2638244629,3.34045028687,-1.6065518856,-11.491147995,17.8754425049],[-44.594745636,-106.768005371,17.7651977539,-0.388681441545,-9.29055023193,26.6460208893,-3.58975577354,15.4238061905,3.34045028687,63.7123680115,20.7378730774,18.3308143616,-6.39469575882],[-440.006652832,11.0527019501,92.3477401733,-12.6606140137,11.700009346,6.0706820488,27.4517364502,-11.646894455,-1.6065518856,20.7378730774,60.4447479248,18.2460231781,1.32179534435],[-176.758392334,-88.5903701782,18.5008449554,-13.4589328766,10.9813890457,10.6223669052,-5.40631484985,3.04260444641,-11.491147995,18.3308143616,18.2460231781,52.3004646301,18.2666149139],[-118.140563965,11.9274406433,-7.01029777527,-7.80932331085,14.7225265503,-15.8738737106,-8.95215511322,-0.628901481628,17.8754425049,-6.39469575882,1.32179534435,18.2666149139,46.9924163818]],"icov":[[0.000771166814957,-0.00196353741921,0.00203774147667,-0.00194453971926,0.00201162416488,-0.00129358866252,0.00175705028232,-0.00147046754137,0.00203095679171,-0.00229120370932,0.00249458453618,-0.00188951462042,0.00124577025417],[-0.00196353741921,0.00708705419675,-0.0048438529484,0.0050230990164,-0.0042127687484,0.00364176183939,-0.00538439210504,0.00579444132745,-0.00790203921497,0.0088952248916,-0.00837489124388,0.00681815482676,-0.00321966875345],[0.00203774147667,-0.0048438529484,0.00768921943381,-0.00508163543418,0.00393983582035,-0.00263174343854,0.00264181895182,-0.00394155737013,0.00753603456542,-0.00651710573584,0.00385715160519,-0.00339368404821,0.00243939342909],[-0.00194453971926,0.0050230990164,-0.00508163543418,0.00934718921781,-0.00453606527299,0.00171465147287,-0.00253380136564,0.00163563818205,-0.00348286982626,0.00674528675154,-0.0077420277521,0.00744717335328,-0.00426310207695],[0.00201162416488,-0.0042127687484,0.00393983582035,-0.00453606527299,0.0132543547079,-0.00503313308582,0.00138032855466,0.00201837904751,-0.00244177202694,-0.00325165875256,0.00978266913444,-0.00885879527777,0.0040524629876],[-0.00129358866252,0.00364176183939,-0.00263174343854,0.00171465147287,-0.00503313308582,0.0160953439772,-0.00762258516625,-0.00150105194189,0.0035176104866,-0.0017819480272,-0.00346029945649,0.00340138445608,-0.00154790410306],[0.00175705028232,-0.00538439210504,0.00264181895182,-0.00253380136564,0.00138032855466,-0.00762258516625,0.0218306817114,-0.0119525426999,0.00496943108737,0.000136344548082,-0.0023966175504,-0.000468712911243,0.00512629793957],[-0.00147046754137,0.00579444132745,-0.00394155737013,0.00163563818205,0.00201837904751,-0.00150105194189,-0.0119525426999,0.0336293466389,-0.0194507036358,0.00212205783464,0.00623823655769,-0.00406882027164,0.0006437242846],[0.00203095679171,-0.00790203921497,0.00753603456542,-0.00348286982626,-0.00244177202694,0.0035176104866,0.00496943108737,-0.0194507036358,0.0347464643419,-0.0161072332412,0.00280567398295,0.00633436767384,-0.00765364104882],[-0.00229120370932,0.0088952248916,-0.00651710573584,0.00674528675154,-0.00325165875256,-0.0017819480272,0.000136344548082,0.00212205783464,-0.0161072332412,0.0380200557411,-0.019592884928,0.000827897281852,0.00413204496726],[0.00249458453618,-0.00837489124388,0.00385715160519,-0.0077420277521,0.00978266913444,-0.00346029945649,-0.0023966175504,0.00623823655769,0.00280567398295,-0.019592884928,0.0423122942448,-0.0204891599715,0.00611998839304],[-0.00188951462042,0.00681815482676,-0.00339368404821,0.00744717335328,-0.00885879527777,0.00340138445608,-0.000468712911243,-0.00406882027164,0.00633436767384,0.000827897281852,-0.0204891599715,0.0443120077252,-0.0209141429514],[0.00124577025417,-0.00321966875345,0.00243939342909,-0.00426310207695,0.0040524629876,-0.00154790410306,0.00512629793957,0.0006437242846,-0.00765364104882,0.00413204496726,0.00611998839304,-0.0209141429514,0.0355084203184]],"mean":[-9.93508243561,100.881469727,-147.551895142,57.1707611084,-73.3232269287,-3.2003736496,-37.1410903931,5.13794088364,-5.6703248024,-5.94757318497,-19.4324588776,-11.6014556885,-6.59955215454]},"hfc":{"dmean":6.61639547348,"dmean2":8.87237262726,"dvar":69.4117202759,"dvar2":120.855812073,"max":99.9440231323,"mean":25.5235538483,"median":21.191368103,"min":1.05658578821e-16,"var":281.671600342},"melbands":{"dmean":[0.000125346894492,0.000371358502889,0.000292249955237,0.000217964174226,0.000207590623177,0.000177680529305,0.000172336673131,0.000162178170285,0.000162370182807,0.000120681295812,0.0000578287763346,0.0000317901794915,0.0000142945609696,0.0000114937402032,0.0000123986010294,0.0000110445444079,0.0000147765304064,0.0000243810191023,0.0000267172999884,0.0000380752353522,0.0000715636706445,0.0000487651741423,0.0000140234697028,0.00000877287584444,0.0000143925435623,0.0000118577518151,0.00000922341678233,0.00000853150504554,0.00000702314946466,0.00000613800602878,0.00000504201852891,0.00000346725369127,0.00000221550430979,0.00000125580220356,9.29067255129e-7,7.80473158102e-7,4.8838865041e-7,2.68795162128e-7,1.49075134459e-7,6.76026559177e-8],"dmean2":[0.000210318365134,0.00060612562811,0.000470952218166,0.000356040458428,0.000326397799654,0.000288863084279,0.000277046812698,0.000264265254373,0.000254795828369,0.000195135653485,0.0000920520396903,0.0000516352665727,0.0000231042176893,0.0000185479111678,0.0000197461613425,0.0000176346347871,0.0000238736756728,0.0000388466505683,0.0000416671464336,0.0000592172400502,0.000109842760139,0.0000743248674553,0.0000220526944759,0.0000137467995955,0.0000229762372328,0.000019160546799,0.0000143631377796,0.0000132771656354,0.0000107331907202,0.00000940408608585,0.00000770662063587,0.00000524592542206,0.00000335853269462,0.00000185254725693,0.00000140821896366,0.00000122741926134,7.10671827164e-7,3.82672141086e-7,2.15051031205e-7,9.57166577109e-8],"dvar":[3.08713019592e-8,2.17387594148e-7,1.54451598178e-7,1.40123020742e-7,1.12039160172e-7,7.91735175198e-8,6.86104542069e-8,7.8896889022e-8,6.92434696248e-8,2.68045106111e-8,8.86800233246e-9,4.86787987697e-9,8.78665418202e-10,5.2688836627e-10,8.36898772505e-10,7.68033858733e-10,6.06460881514e-10,1.42410438997e-9,1.60057944676e-9,3.8800509472e-9,1.20644374491e-8,5.97566884863e-9,4.07919864553e-10,1.47926768057e-10,4.41321312827e-10,2.51068749124e-10,1.92694568635e-10,2.04556732664e-10,1.42318296037e-10,1.1355899554e-10,6.51219356218e-11,2.9353908193e-11,1.1946102961e-11,3.78353988764e-12,2.47695093603e-12,2.22833622214e-12,1.03786131165e-12,3.09573791298e-13,8.69814474353e-14,1.76338012524e-14],"dvar2":[8.32490414382e-8,5.53013478566e-7,3.90329887523e-7,3.52916970314e-7,2.6354274496e-7,2.01951209533e-7,1.76175333877e-7,2.08402255453e-7,1.75984808948e-7,6.94405244417e-8,2.21178755311e-8,1.29521415815e-8,2.12007611466e-9,1.28358557117e-9,1.80616044343e-9,1.74743153281e-9,1.57847823701e-9,3.42462969094e-9,3.69849728621e-9,9.38327104905e-9,2.89459247682e-8,1.37154598789e-8,9.77361303001e-10,3.50639572932e-10,1.11716957907e-9,6.38964936517e-10,4.47117426416e-10,4.84373985365e-10,3.13434139754e-10,2.37217245846e-10,1.44564429871e-10,6.29830979038e-11,2.47833784744e-11,7.36078906161e-12,5.31838028478e-12,4.86488670529e-12,2.12075040688e-12,5.81792643575e-13,1.62474011025e-13,3.19404604762e-14],"max":[0.00361316581257,0.0101987216622,0.00689431512728,0.00767226470634,0.00990797765553,0.0055482070893,0.00722294067964,0.00620003137738,0.00598471518606,0.00295835314319,0.00295897084288,0.00178115384188,0.0010235857917,0.000881747226231,0.00190069642849,0.00175444222987,0.000534242310096,0.000945391715504,0.00058328040177,0.000950091402046,0.00169185746927,0.00117361964658,0.00037089860416,0.000220787056605,0.000419200514443,0.000311869021971,0.000296141079161,0.000314801640343,0.000266333459876,0.000376888114261,0.000139096257044,0.0000783193972893,0.0000511243051733,0.0000361330385203,0.0000431453408964,0.0000569067997276,0.0000347792338289,0.0000120433905977,0.00000439498080596,0.00000238923462348],"mean":[0.000241960471612,0.000948196742684,0.000665396510158,0.000477925728774,0.00040102089406,0.0003377070243,0.000371609756257,0.000326629349729,0.00033792713657,0.000244882452535,0.000121844146634,0.0000540112559975,0.0000256286548392,0.0000204316111194,0.0000223613369599,0.0000199741552933,0.0000276815553661,0.0000457061614725,0.0000518475171702,0.0000715770293027,0.000130364380311,0.0000887550049811,0.0000253450634773,0.0000172807940544,0.0000268513358606,0.0000242554870056,0.0000184152449947,0.0000159095143317,0.0000131982269522,0.0000122708979688,0.0000106756160676,0.00000735858156986,0.00000469055703434,0.00000272275519819,0.00000222679977924,0.00000170850148606,0.00000100523322999,5.36838228982e-7,3.02719428191e-7,1.39999229987e-7],"median":[0.000148618739331,0.000622196297627,0.000475965207443,0.000311259296723,0.000240736757405,0.000236367632169,0.000269293697784,0.000201410861337,0.000214369822061,0.000163917400641,0.0000732922271709,0.0000299311323033,0.0000168311198649,0.0000134521123982,0.0000128231113194,0.000010335150364,0.0000161085408763,0.0000272106644843,0.0000312195843435,0.0000389852793887,0.0000690718879923,0.0000401795041398,0.0000157299928105,0.0000118169282359,0.0000185416120075,0.000018685719624,0.0000129366962938,0.0000100474917417,0.00000825368260848,0.000008015673302,0.00000733217530069,0.00000500011992699,0.00000312900056088,0.00000175013246917,0.0000015904411157,0.00000115122293209,5.77904529564e-7,2.82675102881e-7,1.58881533707e-7,7.34098648536e-8],"min":[9.61519483192e-25,9.72540067254e-25,1.12951273777e-24,1.05142970765e-24,1.27053789483e-24,2.73824407875e-24,1.62368597438e-24,1.89216472549e-24,1.62565043525e-24,2.23419193703e-24,2.34145217102e-24,3.17291550943e-24,2.14952744038e-24,2.20526539371e-24,2.47006134769e-24,3.52982438473e-24,2.49933045386e-24,2.96893303985e-24,2.41568043233e-24,4.09274803251e-24,2.64996383814e-24,3.63876528688e-24,3.43106136598e-24,4.08856864744e-24,3.55002356264e-24,4.87817936495e-24,3.99219390508e-24,4.8927318765e-24,5.38816492397e-24,5.27770112584e-24,3.77897032442e-24,5.079774347e-24,5.87676130841e-24,5.68831821537e-24,4.24829483695e-24,5.37688460746e-24,6.0263715401e-24,5.12744797252e-24,6.28142407582e-24,6.17008109221e-24],"var":[7.69917107846e-8,0.00000103611353097,4.14440506802e-7,3.25009978042e-7,2.89036734102e-7,1.41175590329e-7,1.58225432756e-7,1.5639460571e-7,1.56985606736e-7,6.94690101e-8,2.64222794755e-8,7.40656158627e-9,1.54945700714e-9,7.98057508966e-10,2.19761653319e-9,1.86183279904e-9,1.3130999621e-9,3.26607341172e-9,3.71041419811e-9,8.43741343459e-9,2.59652015444e-8,1.58320716537e-8,7.88482945602e-10,2.98439356561e-10,7.34282634696e-10,4.55871340677e-10,3.6600802944e-10,3.63373414691e-10,2.79444967166e-10,2.46846321161e-10,1.45723599854e-10,6.67900179607e-11,2.83920751493e-11,9.96067551357e-12,6.08529199253e-12,4.6807323642e-12,2.11584178997e-12,6.60483386733e-13,1.92108278612e-13,4.25662922878e-14]},"melbands_crest":{"dmean":2.62567949295,"dmean2":4.28674602509,"dvar":6.66357326508,"dvar2":16.6799793243,"max":39.7854537964,"mean":10.696603775,"median":9.55154800415,"min":1.48705494404,"var":23.9982662201},"melbands_flatness_db":{"dmean":0.0188092570752,"dmean2":0.0266957301646,"dvar":0.000346477085259,"dvar2":0.000687716819812,"max":0.485061019659,"mean":0.146216496825,"median":0.138771444559,"min":0.00313321105205,"var":0.00356196193025},"melbands_kurtosis":{"dmean":3.15608906746,"dmean2":4.82409477234,"dvar":37.9025306702,"dvar2":82.4538497925,"max":268.22064209,"mean":6.08177280426,"median":3.60993170738,"min":-1.77613699436,"var":125.749984741},"melbands_skewness":{"dmean":0.489197522402,"dmean2":0.724860072136,"dvar":0.280970484018,"dvar2":0.600542068481,"max":15.9374485016,"mean":1.944617033,"median":1.81119680405,"min":-0.762117266655,"var":1.43198060989},"melbands_spread":{"dmean":9.11935997009,"dmean2":13.3084154129,"dvar":92.7925109863,"dvar2":185.929855347,"max":163.117767334,"mean":38.8057136536,"median":33.5920791626,"min":1.47122502327,"var":549.446960449},"mfcc":{"cov":[[8096.67871094,271.790252686,-509.049102783,324.758483887,-172.411468506,-18.1282958984,-321.046661377,-32.0543746948,29.2097244263,44.6861305237,-80.5990447998,1.96702730656,-44.1281738281],[271.790252686,1105.43457031,-11.5072622299,74.9967193604,-2.59705877304,-25.8880233765,-72.1683959961,35.8805351257,24.8934211731,48.9104728699,-10.3154554367,-6.63053226471,5.90203094482],[-509.049102783,-11.5072622299,416.67767334,69.5414123535,-16.8687705994,31.6615123749,106.200065613,0.000542837369721,-53.2421340942,-0.6509552598,26.2874908447,0.1228383407,-19.7346763611],[324.758483887,74.9967193604,69.5414123535,193.317504883,28.2886734009,10.9493370056,-5.5189499855,12.8383026123,3.68752670288,12.5846633911,-11.9204425812,-4.9861240387,-2.95283269882],[-172.411468506,-2.59705877304,-16.8687705994,28.2886734009,98.0186004639,25.0018844604,-6.72964143753,2.93477678299,19.1771030426,-1.81047749519,-9.86736774445,1.32585918903,8.28043174744],[-18.1282958984,-25.8880233765,31.6615123749,10.9493370056,25.0018844604,77.9680557251,51.1055793762,10.0267925262,-7.21390962601,0.0948185250163,11.2400064468,5.82220888138,-5.74686145782],[-321.046661377,-72.1683959961,106.200065613,-5.5189499855,-6.72964143753,51.1055793762,115.002929688,25.8477535248,-19.2378749847,-5.61759185791,24.8868026733,6.98922395706,-9.41920185089],[-32.0543746948,35.8805351257,0.000542837369721,12.8383026123,2.93477678299,10.0267925262,25.8477535248,58.9705543518,25.7318534851,12.2692432404,4.04853343964,2.5170712471,-0.530700087547],[29.2097244263,24.8934211731,-53.2421340942,3.68752670288,19.1771030426,-7.21390962601,-19.2378749847,25.7318534851,76.0154953003,28.8329944611,-7.85220003128,4.94562005997,14.6422100067],[44.6861305237,48.9104728699,-0.6509552598,12.5846633911,-1.81047749519,0.0948185250163,-5.61759185791,12.2692432404,28.8329944611,57.2375984192,19.1343307495,1.51657533646,2.69109725952],[-80.5990447998,-10.3154554367,26.2874908447,-11.9204425812,-9.86736774445,11.2400064468,24.8868026733,4.04853343964,-7.85220003128,19.1343307495,53.185634613,17.3935279846,-1.93237900734],[1.96702730656,-6.63053226471,0.1228383407,-4.9861240387,1.32585918903,5.82220888138,6.98922395706,2.5170712471,4.94562005997,1.51657533646,17.3935279846,44.8111305237,19.0417804718],[-44.1281738281,5.90203094482,-19.7346763611,-2.95283269882,8.28043174744,-5.74686145782,-9.41920185089,-0.530700087547,14.6422100067,2.69109725952,-1.93237900734,19.0417804718,43.1456642151]],"icov":[[0.000200764654437,0.0000152057718878,0.00024358718656,-0.000469706457807,0.000715925707482,-0.00060760776978,0.000648812158033,-0.0000146018010128,0.0000400060816901,-0.0000640702928649,0.000188280537259,-0.0003253572213,0.000348103727447],[0.0000152057718878,0.00105308648199,-0.000144535457366,-0.000226512915106,0.000184843593161,-0.000238300985075,0.00118964433204,-0.00115936528891,0.000565790222026,-0.000857891864143,0.000264714763034,-0.0000410919710703,-0.000140388598084],[0.00024358718656,-0.000144535457366,0.00427903328091,-0.00222778925672,0.000855659425724,0.000899456732441,-0.00395725481212,0.00177983171307,0.00169748009648,-0.00127725035418,0.000358820107067,-0.000615916505922,0.00097871304024],[-0.000469706457807,-0.000226512915106,-0.00222778925672,0.00773883936927,-0.00344351027161,0.000296032027109,0.000787625322118,-0.00229156319983,0.00119514705148,-0.00195244525094,0.00195940351114,0.000271747820079,-0.000410691427533],[0.000715925707482,0.000184843593161,0.000855659425724,-0.00344351027161,0.0162326805294,-0.00882575381547,0.00506862392649,0.00071615667548,-0.00430848263204,0.00292037939653,0.000655674899463,-0.00000656402517052,-0.00100063940044],[-0.00060760776978,-0.000238300985075,0.000899456732441,0.000296032027109,-0.00882575381547,0.0244228318334,-0.0140163311735,0.00193668028805,0.00200198218226,-0.00261141266674,0.0002036261576,-0.00191268476192,0.00209031021222],[0.000648812158033,0.00118964433204,-0.00395725481212,0.000787625322118,0.00506862392649,-0.0140163311735,0.0255802441388,-0.0110195567831,0.00211776304059,0.00390732334927,-0.00498780561611,0.0000553696372663,0.000143719618791],[-0.0000146018010128,-0.00115936528891,0.00177983171307,-0.00229156319983,0.00071615667548,0.00193668028805,-0.0110195567831,0.0274027921259,-0.0108390524983,0.00000990466742223,-0.000227266122238,-0.000382737227483,0.00268932920881],[0.0000400060816901,0.000565790222026,0.00169748009648,0.00119514705148,-0.00430848263204,0.00200198218226,0.00211776304059,-0.0108390524983,0.0269466210157,-0.0144892530516,0.00847788341343,-0.00373094878159,-0.00397047493607],[-0.0000640702928649,-0.000857891864143,-0.00127725035418,-0.00195244525094,0.00292037939653,-0.00261141266674,0.00390732334927,0.00000990466742223,-0.0144892530516,0.0319559797645,-0.0168080814183,0.00705333612859,-0.00166286202148],[0.000188280537259,0.000264714763034,0.000358820107067,0.00195940351114,0.000655674899463,0.0002036261576,-0.00498780561611,-0.000227266122238,0.00847788341343,-0.0168080814183,0.0342571251094,-0.0150569491088,0.00561489537358],[-0.0003253572213,-0.0000410919710703,-0.000615916505922,0.000271747820079,-0.00000656402517052,-0.00191268476192,0.0000553696372663,-0.000382737227483,-0.00373094878159,0.00705333612859,-0.0150569491088,0.0356028228998,-0.0163973681629],[0.000348103727447,-0.000140388598084,0.00097871304024,-0.000410691427533,-0.00100063940044,0.00209031021222,0.000143719618791,0.00268932920881,-0.00397047493607,-0.00166286202148,0.00561489537358,-0.0163973681629,0.0334464125335]],"mean":[-619.135986328,105.667922974,-13.9404249191,42.9290161133,-8.97341823578,-1.38153290749,-21.3160095215,2.23257255554,5.39916944504,8.47593688965,-5.42293739319,-0.169667646289,-3.04216623306]},"pitch_salience":{"dmean":0.0565210878849,"dmean2":0.0906299129128,"dvar":0.00249137170613,"dvar2":0.00614853482693,"max":0.916638851166,"mean":0.645470678806,"median":0.659850299358,"min":0.0137583166361,"var":0.00981140322983},"silence_rate_20dB":{"dmean":0,"dmean2":0,"dvar":0,"dvar2":0,"max":1,"mean":1,"median":1,"min":1,"var":0},"silence_rate_30dB":{"dmean":0,"dmean2":0,"dvar":0,"dvar2":0,"max":1,"mean":1,"median":1,"min":1,"var":0},"silence_rate_60dB":{"dmean":0.000563142355531,"dmean2":0.00112644326873,"dvar":0.000562829896808,"dvar2":0.00140675855801,"max":1,"mean":0.0354729741812,"median":0,"min":0,"var":0.0342150442302},"spectral_centroid":{"dmean":265.293457031,"dmean2":385.722900391,"dvar":87518.265625,"dvar2":177299.03125,"max":11987.0273438,"mean":2016.11791992,"median":1894.87573242,"min":301.352355957,"var":1758567.5},"spectral_complexity":{"dmean":5.04293966293,"dmean2":7.01830482483,"dvar":25.8460826874,"dvar2":43.4030799866,"max":63,"mean":28.525478363,"median":28,"min":0,"var":157.529510498},"spectral_contrast_coeffs":{"dmean":[0.0471169240773,0.0424884743989,0.0368092693388,0.0297600477934,0.0198788810521,0.0150403408334],"dmean2":[0.0793908685446,0.0704519972205,0.0604626350105,0.0488510392606,0.0327408239245,0.0241742096841],"dvar":[0.00149060296826,0.00123024347704,0.000868890900165,0.000589792907704,0.000254686485277,0.000158689043019],"dvar2":[0.0040445420891,0.00340634048916,0.0023021788802,0.00151373515837,0.000675909395795,0.000397179916035],"max":[-0.344486087561,-0.477129101753,-0.528729200363,-0.585326611996,-0.66506010294,-0.585211098194],"mean":[-0.618195354939,-0.749185919762,-0.763389408588,-0.775705039501,-0.793210089207,-0.688884317875],"median":[-0.615702748299,-0.74872893095,-0.762508511543,-0.775975227356,-0.791040062904,-0.68212300539],"min":[-0.982180655003,-0.98398399353,-0.983665406704,-0.973093271255,-0.968639016151,-0.9652967453],"var":[0.00649419566616,0.00417515356094,0.00314581021667,0.00261971517466,0.00126134580933,0.00214511714876]},"spectral_contrast_valleys":{"dmean":[0.398571044207,0.303638339043,0.284816771746,0.260029882193,0.226344496012,0.205128133297],"dmean2":[0.673667311668,0.504620194435,0.459963411093,0.397195994854,0.319796591997,0.275461703539],"dvar":[0.135843873024,0.0914519280195,0.0835151299834,0.0758133903146,0.0712363421917,0.0707994252443],"dvar2":[0.333291113377,0.201965674758,0.173230692744,0.135398775339,0.113236352801,0.107330568135],"max":[-6.01228952408,-4.96127939224,-5.8807592392,-6.09285879135,-5.48429441452,-8.52479362488],"mean":[-7.83937644958,-6.57157754898,-7.54085874557,-7.7057094574,-7.11104774475,-10.4545402527],"median":[-7.43156290054,-6.14870166779,-7.12918519974,-7.30178833008,-6.6952495575,-10.0554218292],"min":[-28.0543422699,-28.0505046844,-27.7010593414,-27.7268466949,-27.5776176453,-27.5076808929],"var":[7.00552272797,7.83029794693,7.11640119553,7.11581754684,7.55919361115,5.53215885162]},"spectral_decrease":{"dmean":7.55241980066e-10,"dmean2":1.1997044469e-9,"dvar":6.06642835814e-19,"dvar2":1.49633622729e-18,"max":1.99487185675e-28,"mean":-5.10208053583e-9,"median":-5.1742463647e-9,"min":-1.25701653531e-8,"var":3.02461320676e-18},"spectral_energy":{"dmean":0.00324668851681,"dmean2":0.00502138864249,"dvar":0.0000112550424092,"dvar2":0.0000260763245024,"max":0.0508499294519,"mean":0.021571457386,"median":0.0216460563242,"min":1.0077407309e-20,"var":0.0000567935530853},"spectral_energyband_high":{"dmean":0.000497939996421,"dmean2":0.000682820624206,"dvar":6.67889594297e-7,"dvar2":0.00000117850379411,"max":0.0182023365051,"mean":0.00129801116418,"median":0.000923725543544,"min":7.00777398315e-21,"var":0.00000195779193746},"spectral_energyband_low":{"dmean":0.00149741594214,"dmean2":0.00243695965037,"dvar":0.00000298519171338,"dvar2":0.0000076032247307,"max":0.0315906330943,"mean":0.00404777145013,"median":0.00305711408146,"min":1.27429277414e-23,"var":0.0000129150466819},"spectral_energyband_middle_high":{"dmean":0.00201439321972,"dmean2":0.0027863306459,"dvar":0.00000665479137751,"dvar2":0.0000129192430904,"max":0.032561276108,"mean":0.00626052357256,"median":0.00476463790983,"min":1.18258039852e-21,"var":0.0000265867820417},"spectral_energyband_middle_low":{"dmean":0.00255142129026,"dmean2":0.0041106720455,"dvar":0.00000780109985499,"dvar2":0.000019959625206,"max":0.0450249239802,"mean":0.0108095854521,"median":0.0103096421808,"min":1.59083684387e-22,"var":0.0000301702075376},"spectral_entropy":{"dmean":0.083431199193,"dmean2":0.122020103037,"dvar":0.00746147986501,"dvar2":0.0145201599225,"max":9.83130073547,"mean":7.79844713211,"median":7.82041740417,"min":5.32968997955,"var":0.155914455652},"spectral_flux":{"dmean":0.0145959611982,"dmean2":0.0214637499303,"dvar":0.000194652238861,"dvar2":0.000405539554777,"max":0.188558995724,"mean":0.0722212940454,"median":0.0716009587049,"min":6.31140903429e-11,"var":0.000782376155257},"spectral_kurtosis":{"dmean":1.22169065475,"dmean2":2.13752174377,"dvar":2.72271299362,"dvar2":7.67631530762,"max":64.4048309326,"mean":2.72348690033,"median":2.10859465599,"min":-1.25616538525,"var":13.4246454239},"spectral_rms":{"dmean":0.000342092942446,"dmean2":0.000527643598616,"dvar":1.18330895305e-7,"dvar2":2.72654745004e-7,"max":0.00704341428354,"mean":0.00446543516591,"median":0.00459544360638,"min":3.13554087208e-12,"var":0.00000110533005682},"spectral_rolloff":{"dmean":511.667053223,"dmean2":805.710144043,"dvar":464059.96875,"dvar2":936465.375,"max":19573.6816406,"mean":2464.43969727,"median":2304.05273438,"min":21.533203125,"var":5788935},"spectral_skewness":{"dmean":0.162248805165,"dmean2":0.270328342915,"dvar":0.0262109898031,"dvar2":0.0686113536358,"max":6.24481964111,"mean":0.953744232655,"median":0.905346930027,"min":-0.0947927162051,"var":0.209537997842},"spectral_spread":{"dmean":271507.59375,"dmean2":416058.40625,"dvar":280366055424,"dvar2":476607479808,"max":43362276,"mean":4278362.5,"median":3670020.25,"min":1060012.125,"var":22963801817100},"spectral_strongpeak":{"dmean":0.651068866253,"dmean2":1.12360584736,"dvar":1.29799211025,"dvar2":3.09787845612,"max":13.3158807755,"mean":1.11446106434,"median":0.552901148796,"min":0,"var":2.43739795685},"zerocrossingrate":{"dmean":0.00921458099037,"dmean2":0.0103740170598,"dvar":0.000108367305074,"dvar2":0.000151578147779,"max":0.53125,"mean":0.0822045952082,"median":0.0751953125,"min":0,"var":0.00367676699534}},"metadata":{"audio_properties":{"analysis_sample_rate":44100,"bit_rate":320051,"codec":"mp3","downmix":"mix","equal_loudness":0,"length":164.911026001,"lossless":false,"md5_encoded":"19e111e3eaaac9f643b4aa7df5dda655","replay_gain":-12.2349376678,"sample_rate":44100},"tags":{"album":["Magic Bus The Who On Tour"],"artist":["The Who"],"artistwebpage":["http://megasong.co.uk"],"asin":["B000002OX3"],"barcode":["731458980025"],"bpm":["84"],"date":["1968"],"file_name":"02 Run Run Run 2.mp3","genre":["Rock"," Rock"],"initialkey":["G"],"isrc":["GBAKW0201241"],"mood":["calm, very content"],"musicbrainz_recordingid":["831595c0-b18a-4b06-ac74-666ecd002d31"],"musicip_puid":["1e2dde87-8dfd-0a2b-2ee0-45dd7f9035d3"],"title":["Run Run Run"],"tracknumber":["2"]},"version":{"essentia":"2.1-beta2","essentia_build_sha":"cead25079874084f62182a551b7393616cd33d87","essentia_git_sha":"v2.1_beta2-1-ge3940c0","extractor":"music 1.0"}},"rhythm":{"beats_count":455,"beats_loudness":{"dmean":0.00523406453431,"dmean2":0.00928692240268,"dvar":0.0000179570615728,"dvar2":0.0000541555164091,"max":0.0457055009902,"mean":0.0254282206297,"median":0.0257118921727,"min":0,"var":0.0000581491913181},"beats_loudness_band_ratio":{"dmean":[0.116461746395,0.100349605083,0.114526107907,0.0325983278453,0.133639067411,0.109903395176],"dmean2":[0.211723729968,0.1798171103,0.202636256814,0.0586515590549,0.237902224064,0.211473494768],"dvar":[0.0105674238876,0.0102817323059,0.0112351132557,0.0021141525358,0.0109920119867,0.00798847805709],"dvar2":[0.0302867200226,0.0301416385919,0.033758495003,0.00598343927413,0.0333014130592,0.0260722525418],"max":[0.833383619785,0.716139316559,0.745943307877,0.373733282089,0.662812948227,0.523377001286],"mean":[0.173668548465,0.156215563416,0.240582793951,0.0567322000861,0.258610069752,0.153346166015],"median":[0.134481519461,0.132777050138,0.220053315163,0.0473355203867,0.249813228846,0.132202297449],"min":[0,0,0,0,0,0],"var":[