{"lowlevel":{"average_loudness":0.930838525295,"barkbands":{"dmean":[0.0073723513633,0.0185844209045,0.00178517296445,0.00131621281616,0.00239663221873,0.00135100109037,0.000967889092863,0.000829873140901,0.00100991863292,0.000978556694463,0.000645252875984,0.000918609148357,0.000480407266878,0.000454357737908,0.000334646145348,0.00019975026953,0.000175581459189,0.000151203028508,0.000115218259452,0.0000820180866867,0.0000577152932237,0.000074112751463,0.0000563335961488,0.0000178415211849,0.00000379635753234,0.000082949292846,0.000376082811272],"dmean2":[0.0118734454736,0.0303280558437,0.00297790090553,0.00218784995377,0.00377293326892,0.00208908692002,0.00149002973922,0.00131059216801,0.00156152690761,0.0014764246298,0.00101996015292,0.00142927910201,0.000745644501876,0.000701814307831,0.000521136913449,0.000309281982481,0.000271030614385,0.000227117910981,0.000163691453054,0.000112946509034,0.0000796972235548,0.000103328246041,0.000080224541307,0.0000257876290561,0.00000612712074144,0.000118597476103,0.000483913026983],"dvar":[0.00021591175755,0.00153853988741,0.00000986497070699,0.00000482955829284,0.0000185009976121,0.0000126735185404,0.00000570742213313,0.0000062563622123,0.00000758296209824,0.00000619947741143,0.00000218595346269,0.00000471471139463,0.00000143440945521,0.00000111813312742,3.98586564643e-7,1.7109817918e-7,1.36278003993e-7,1.1087502827e-7,9.05775081605e-8,6.35915142766e-8,2.13380921821e-8,1.83409536447e-8,1.49417118678e-8,1.41123357444e-9,5.12598852254e-11,3.29339613359e-8,3.86602295066e-7],"dvar2":[0.000523243332282,0.00388401350938,0.0000252735480899,0.0000130792741402,0.0000443560966232,0.0000273395398835,0.0000128225483422,0.00001476028865,0.0000174099932337,0.000012963001609,0.00000517009448231,0.0000116275186883,0.0000033764449654,0.00000263178412752,9.58896180236e-7,3.96068912778e-7,3.10693735628e-7,2.51116091476e-7,1.61852113933e-7,1.18342988742e-7,3.89059877648e-8,3.72734056953e-8,3.08660794701e-8,2.93475843627e-9,1.2064270416e-10,6.94738560014e-8,6.5716278641e-7],"max":[0.177936658263,0.401009947062,0.0486721508205,0.0359984859824,0.0971367061138,0.0855146348476,0.0899123325944,0.0656881257892,0.0646900311112,0.0792356729507,0.0470766276121,0.066629819572,0.0270771197975,0.0296795349568,0.0136117981747,0.00728843919933,0.00677464250475,0.00764731084928,0.014749920927,0.00856512505561,0.00475444504991,0.00273667997681,0.00184090761468,0.000675525167026,0.000119714175526,0.00270267040469,0.0119979856536],"mean":[0.0080278981477,0.0186220370233,0.00205975584686,0.00181094394065,0.00395533954725,0.00180499686394,0.0014138778206,0.00105766614433,0.00139107520226,0.0013964897953,0.000890947296284,0.0013761598384,0.000621894723736,0.00063859007787,0.00049857259728,0.000301364838379,0.000253628008068,0.000230019111768,0.000176314249984,0.000128916930407,0.0000895779085113,0.000101047713542,0.0000662574311718,0.0000201964758162,0.00000383498672818,0.0000928726731217,0.000714396242984],"median":[0.00217149429955,0.00490517029539,0.000919825863093,0.000772976374719,0.0016564988764,0.00055411941139,0.000424449535785,0.00024633485009,0.000328050606186,0.00032267649658,0.0002588442876,0.000289821618935,0.000156675072503,0.000160129449796,0.000178994130692,0.0000889046641532,0.0000954117786023,0.0000858743514982,0.0000574449841224,0.0000330094662786,0.000023442255042,0.0000270014843409,0.0000137478255056,0.00000500690975969,0.00000114419310648,0.0000172032105183,0.000341045262758],"min":[4.74877817193e-24,7.30794273937e-24,8.48940630649e-24,3.81816921723e-24,3.03889604857e-23,8.1774394286e-23,1.62292947255e-22,8.76045118268e-23,1.06589282548e-22,5.52441437628e-23,6.02100988918e-23,1.50313520118e-22,9.21729631012e-23,7.68800929708e-23,8.59903446426e-23,1.27372839149e-22,6.73596967371e-23,1.72611512952e-22,3.26420065533e-22,2.59186018561e-22,5.29898746452e-22,6.06528720029e-22,7.68616538204e-22,8.77700224178e-22,1.30186020636e-21,1.84746488313e-21,2.35400395619e-21],"var":[0.000225932031753,0.00136370887049,0.0000106587385744,0.0000088865908765,0.0000396707036998,0.0000197494246095,0.0000113673022497,0.00000874109082361,0.0000130051103042,0.0000126992972582,0.00000345552075487,0.00000937010372581,0.00000183759436823,0.00000202288197215,7.09579012437e-7,3.07990831061e-7,2.09516997529e-7,1.81993328852e-7,1.99442951043e-7,1.56983233524e-7,5.12733606683e-8,3.01725258112e-8,1.94320062263e-8,1.77735004492e-9,5.56223712922e-11,4.08220657278e-8,0.00000108622248263]},"barkbands_crest":{"dmean":3.54878044128,"dmean2":5.76310586929,"dvar":9.43810939789,"dvar2":24.1550788879,"max":25.7040348053,"mean":11.1914367676,"median":10.4628362656,"min":2.26261115074,"var":21.1394710541},"barkbands_flatness_db":{"dmean":0.0338921025395,"dmean2":0.0510303266346,"dvar":0.000966964871623,"dvar2":0.00215527322143,"max":0.467925339937,"mean":0.151300594211,"median":0.142369657755,"min":0.0244917999953,"var":0.00349399843253},"barkbands_kurtosis":{"dmean":10.7356643677,"dmean2":16.7021789551,"dvar":678.189880371,"dvar2":1569.53283691,"max":1082.72363281,"mean":15.5155878067,"median":5.79042434692,"min":-1.97765254974,"var":1306.37438965},"barkbands_skewness":{"dmean":1.03137290478,"dmean2":1.55491483212,"dvar":1.4056583643,"dvar2":3.1364672184,"max":25.2893810272,"mean":2.5794377327,"median":2.12191796303,"min":-3.94000768661,"var":4.55955457687},"barkbands_spread":{"dmean":9.10671043396,"dmean2":13.9521760941,"dvar":119.827461243,"dvar2":266.509765625,"max":141.830062866,"mean":24.7217769623,"median":20.0443897247,"min":0.239961773157,"var":396.90802002},"dissonance":{"dmean":0.0216298140585,"dmean2":0.0359248816967,"dvar":0.000527870259248,"dvar2":0.00137586554047,"max":0.500000119209,"mean":0.464836537838,"median":0.474068135023,"min":0.216346636415,"var":0.00103919452522},"dynamic_complexity":4.22374296188,"erbbands":{"dmean":[0.914416432381,2.88400864601,2.37772130966,3.24335455894,6.44093751907,8.27003002167,11.1309394836,10.1022033691,12.1688394547,17.0007286072,19.4878158569,22.9378242493,28.3627357483,27.4722976685,27.6012077332,38.0471382141,23.1303482056,20.2455596924,20.1107501984,13.8285493851,9.81496715546,9.21506309509,8.71572780609,6.36960554123,5.12083435059,3.72692918777,2.82775020599,1.96395099163,2.35982728004,2.75249624252,1.38007164001,0.647218465805,0.178171768785,0.0542123652995,0.0244793687016,0.0463582128286,0.182697892189,0.192722558975,0.0395085439086,0.00804457906634],"dmean2":[1.51969122887,4.75304698944,3.92222213745,5.31376743317,10.3882436752,13.0562915802,17.6648235321,15.5688533783,18.7679233551,26.6298503876,30.2865543365,35.330657959,43.3886413574,41.7117080688,42.825881958,59.2822341919,35.4623756409,30.602273941,30.9157009125,21.077495575,15.0833816528,13.9802188873,13.0275344849,9.19257640839,7.09650039673,5.12200069427,3.90776872635,2.72147607803,3.26702475548,3.87575721741,1.9660269022,0.936043262482,0.263625115156,0.0851859673858,0.0395297333598,0.0704590901732,0.261178344488,0.26433929801,0.0506539307535,0.0101617956534],"dvar":[4.1320848465,36.6924934387,21.4571552277,23.5428905487,123.834327698,282.450897217,998.188781738,696.720336914,998.681274414,1882.24438477,3800.88623047,4263.16699219,5816.71142578,4795.75537109,3854.33276367,9074.18457031,3055.20825195,2321.54882812,1645.64990234,647.209472656,423.420379639,383.894348145,338.106262207,265.835968018,186.41293335,133.36706543,83.5724487305,17.1232624054,18.8452014923,28.7348308563,9.38538646698,2.02174663544,0.131073698401,0.0101783517748,0.0021568487864,0.0092385718599,0.162540405989,0.136928543448,0.00778606673703,0.000158922033734],"dvar2":[10.6871109009,93.0511932373,54.2742805481,63.2698554993,304.15914917,666.994628906,2322.04638672,1485.93432617,2425.74121094,4445.33886719,8739.14648438,9604.17382812,12552.5722656,10669.0224609,8887.82519531,22723.2167969,7100.84472656,5280.47607422,3877.34399414,1480.64758301,952.864379883,847.536132812,758.667297363,513.745056152,355.368988037,245.754379272,156.310745239,32.4786376953,38.221736908,58.2252311707,19.6564693451,4.26325273514,0.279433399439,0.0229591000825,0.00512296985835,0.0211267527193,0.346877157688,0.269184172153,0.0129598984495,0.000264990347205],"max":[21.9481620789,67.4629592896,84.5752716064,84.7492752075,217.767288208,311.943756104,633.359375,810.593688965,809.266662598,1415.4041748,1590.34313965,1622.90380859,2154.10620117,2808.3894043,2081.92553711,3389.82055664,1161.15087891,1590.93688965,884.748535156,438.126495361,379.979034424,421.46875,468.462219238,864.403686523,481.699554443,353.896820068,336.084503174,100.934822083,69.3529968262,93.2241363525,50.6453552246,27.6555862427,7.18603849411,1.64744853973,0.849637925625,1.30547583103,7.7105255127,6.03300094604,2.52789568901,0.216823279858],"mean":[0.887799978256,2.83765339851,2.82474279404,4.7050909996,10.5718307495,12.2605905533,14.4476327896,13.6913747787,17.502538681,24.081319809,25.7769699097,31.8676681519,41.577583313,40.123210907,42.1157608032,57.4691963196,33.328250885,29.5741062164,30.9011116028,21.8067798615,15.4495382309,14.0415239334,13.3444786072,9.91442108154,8.03090572357,5.93541383743,4.3745508194,3.03890800476,3.29041862488,3.48288846016,1.59078073502,0.731097400188,0.194224745035,0.0574436746538,0.0252460315824,0.0498203113675,0.203480750322,0.251452684402,0.0671685636044,0.0175495706499],"median":[0.206474378705,0.715523838997,1.23535466194,2.38634514809,3.85592222214,4.7953286171,4.61905622482,4.48882484436,5.40553045273,6.48628425598,5.95095157623,7.75833272934,9.70181751251,12.0805587769,12.9003858566,12.7339897156,9.1892118454,8.36843109131,10.4156484604,7.61336565018,5.14183235168,5.44862985611,5.33763647079,3.69507551193,2.45579600334,1.53657913208,1.027379632,0.848869383335,0.908514261246,0.776640355587,0.330328315496,0.168993622065,0.0481613464653,0.0169505029917,0.00837189238518,0.0133171677589,0.0384700447321,0.0537587553263,0.0201838500798,0.00951271317899],"min":[4.59814677558e-22,9.37480078332e-22,9.40360569218e-21,1.22096204342e-20,3.31126183007e-20,8.56852356607e-20,2.88058694835e-19,9.20348032896e-19,1.4511698911e-18,3.00785618191e-18,1.81194223372e-18,2.84920149286e-18,1.99234308749e-18,1.35527060339e-18,5.898296971e-18,3.67531235408e-18,4.17891645462e-18,4.73451795564e-18,4.57030357889e-18,6.30624425114e-18,5.02921469734e-18,4.32391418496e-18,7.70046255027e-18,1.1487709812e-17,1.90558871572e-17,1.2047904647e-17,1.7373011362e-17,2.24816639359e-17,1.88844291598e-17,2.39183558915e-17,2.37515003271e-17,1.31863500153e-17,1.88498248861e-17,1.26377274371e-17,1.01403798323e-17,6.1803734181e-18,3.54564765716e-18,1.17697254613e-18,3.75043353689e-19,3.27148801354e-20],"var":[3.44133138657,32.5340156555,22.126663208,41.9339027405,366.672485352,489.087493896,1423.42724609,1118.91137695,1840.39038086,3085.73657227,5680.69482422,7118.78271484,12079.8886719,8309.76269531,6931.10986328,17735.6464844,4474.28222656,4400.09619141,3165.94165039,1284.79614258,735.3671875,616.750488281,560.334655762,512.733703613,433.693115234,332.353973389,195.152770996,38.4321289062,32.5288581848,42.23462677,11.814491272,2.46063446999,0.162565395236,0.0119950929657,0.00231074984185,0.0105041833594,0.196018829942,0.215170755982,0.0224830489606,0.000486048520543]},"erbbands_crest":{"dmean":3.10004281998,"dmean2":4.99394130707,"dvar":8.39268398285,"dvar2":19.9701709747,"max":31.4312934875,"mean":9.26906204224,"median":8.18972682953,"min":2.16815924644,"var":20.0326576233},"erbbands_flatness_db":{"dmean":0.0267457421869,"dmean2":0.0378531962633,"dvar":0.0006001975853,"dvar2":0.00114584050607,"max":0.364098727703,"mean":0.138157308102,"median":0.132934585214,"min":0.0331816785038,"var":0.00255172187462},"erbbands_kurtosis":{"dmean":1.51839017868,"dmean2":2.39191389084,"dvar":4.63525867462,"dvar2":10.5519666672,"max":55.0820503235,"mean":1.55583870411,"median":0.564424276352,"min":-1.79389119148,"var":13.3551273346},"erbbands_skewness":{"dmean":0.451619029045,"dmean2":0.669313430786,"dvar":0.177760258317,"dvar2":0.36926651001,"max":5.23796081543,"mean":0.186955809593,"median":0.196143999696,"min":-5.43630361557,"var":0.945910215378},"erbbands_spread":{"dmean":9.84125709534,"dmean2":14.4048261642,"dvar":111.845855713,"dvar2":233.191314697,"max":158.90965271,"mean":33.0228996277,"median":28.0712375641,"min":1.36471045017,"var":405.501617432},"gfcc":{"cov":[[14480.0751953,783.069641113,-1270.41125488,-349.046875,128.93347168,-442.432067871,523.326965332,-657.537475586,420.720794678,-153.42565918,25.0721607208,323.547027588,-264.397033691],[783.069641113,1416.96069336,-173.311035156,-516.421630859,70.857749939,-67.2821121216,-38.2211151123,-88.4960098267,73.9228897095,-48.3149337769,48.5023651123,-116.840995789,125.797515869],[-1270.41125488,-173.311035156,716.305908203,367.278015137,-115.28477478,191.909500122,-50.0422210693,204.714920044,12.3889732361,89.8324661255,-7.30115747452,34.4210014343,-27.3824863434],[-349.046875,-516.421630859,367.278015137,593.628417969,121.026260376,29.1844482422,89.24609375,67.5536575317,-3.25174450874,24.3765888214,-4.21243810654,71.8652114868,-67.9443893433],[128.93347168,70.857749939,-115.28477478,121.026260376,327.951324463,50.0189170837,70.7308425903,-62.5679092407,-36.8017463684,-59.1883888245,32.7606925964,10.0498771667,26.2855415344],[-442.432067871,-67.2821121216,191.909500122,29.1844482422,50.0189170837,371.692138672,-17.0675735474,124.100730896,-40.3954849243,50.854473114,25.9636440277,41.1522636414,42.9212532043],[523.326965332,-38.2211151123,-50.0422210693,89.24609375,70.7308425903,-17.0675735474,239.62852478,-26.0867347717,64.5866622925,-9.03503894806,3.9237704277,54.5561332703,-23.0567436218],[-657.537475586,-88.4960098267,204.714920044,67.5536575317,-62.5679092407,124.100730896,-26.0867347717,231.489028931,40.5328216553,82.1292037964,22.4813957214,-7.80713653564,41.0447731018],[420.720794678,73.9228897095,12.3889732361,-3.25174450874,-36.8017463684,-40.3954849243,64.5866622925,40.5328216553,173.050430298,79.240447998,12.1721115112,20.3186531067,-28.5552463531],[-153.42565918,-48.3149337769,89.8324661255,24.3765888214,-59.1883888245,50.854473114,-9.03503894806,82.1292037964,79.240447998,143.084976196,46.7921257019,-1.19520521164,7.49707746506],[25.0721607208,48.5023651123,-7.30115747452,-4.21243810654,32.7606925964,25.9636440277,3.9237704277,22.4813957214,12.1721115112,46.7921257019,81.4277877808,30.2222137451,15.1137075424],[323.547027588,-116.840995789,34.4210014343,71.8652114868,10.0498771667,41.1522636414,54.5561332703,-7.80713653564,20.3186531067,-1.19520521164,30.2222137451,110.597343445,-10.1879444122],[-264.397033691,125.797515869,-27.3824863434,-67.9443893433,26.2855415344,42.9212532043,-23.0567436218,41.0447731018,-28.5552463531,7.49707746506,15.1137075424,-10.1879444122,117.781646729]],"icov":[[0.000137545895996,-0.000293755263556,0.0005992698716,-0.000530408171471,0.00040816879482,-0.000248941942118,0.000029786651794,0.0000966940860962,-0.000148187478771,-0.0000466126948595,0.000225301031605,-0.000512140628416,0.000321448547766],[-0.000293755263556,0.00346880056895,-0.00410224637017,0.0045065083541,-0.00246455939487,0.000949303095695,-0.00059180840617,0.0020537939854,-0.00349261588417,0.0038149592001,-0.00480430526659,0.00486275134608,-0.00339831551537],[0.0005992698716,-0.00410224637017,0.0101296678185,-0.0100247720256,0.00734522845596,-0.00471538724378,0.00196950417012,-0.00185568351299,0.000667859509122,-0.000942359562032,0.00274378666654,-0.0033482236322,0.00299023720436],[-0.000530408171471,0.0045065083541,-0.0100247720256,0.0143546517938,-0.0109617961571,0.00686015468091,-0.00255207950249,-0.00152551033534,0.00272074434906,-0.00374604202807,0.00229097856209,-0.00142928212881,0.000405157537898],[0.00040816879482,-0.00246455939487,0.00734522845596,-0.0109617961571,0.0138953989372,-0.00763205485418,0.000421489909058,0.00412510102615,-0.00532693276182,0.00906412117183,-0.00895707961172,0.00595234241337,-0.0029463309329],[-0.000248941942118,0.000949303095695,-0.00471538724378,0.00686015468091,-0.00763205485418,0.00892583560199,-0.00103467947338,-0.00472648348659,0.00693769007921,-0.0080436123535,0.00675089936703,-0.00673854304478,0.00192835030612],[0.000029786651794,-0.00059180840617,0.00196950417012,-0.00255207950249,0.000421489909058,-0.00103467947338,0.00654915906489,0.000174082131707,-0.00303341401741,0.00133155134972,0.000646186061203,-0.00213419739157,0.000101287063444],[0.0000966940860962,0.0020537939854,-0.00185568351299,-0.00152551033534,0.00412510102615,-0.00472648348659,0.000174082131707,0.0128551498055,-0.00920303631574,0.00709045026451,-0.0100318389013,0.00947825610638,-0.00750725530088],[-0.000148187478771,-0.00349261588417,0.000667859509122,0.00272074434906,-0.00532693276182,0.00693769007921,-0.00303341401741,-0.00920303631574,0.02309066616,-0.0208131298423,0.0170839633793,-0.0147104682401,0.00985465757549],[-0.0000466126948595,0.0038149592001,-0.000942359562032,-0.00374604202807,0.00906412117183,-0.0080436123535,0.00133155134972,0.00709045026451,-0.0208131298423,0.0331095196307,-0.0269821938127,0.0195535421371,-0.00986094865948],[0.000225301031605,-0.00480430526659,0.00274378666654,0.00229097856209,-0.00895707961172,0.00675089936703,0.000646186061203,-0.0100318389013,0.0170839633793,-0.0269821938127,0.0398332960904,-0.0242507215589,0.00940807163715],[-0.000512140628416,0.00486275134608,-0.0033482236322,-0.00142928212881,0.00595234241337,-0.00673854304478,-0.00213419739157,0.00947825610638,-0.0147104682401,0.0195535421371,-0.0242507215589,0.029988668859,-0.0096450811252],[0.000321448547766,-0.00339831551537,0.00299023720436,0.000405157537898,-0.0029463309329,0.00192835030612,0.000101287063444,-0.00750725530088,0.00985465757549,-0.00986094865948,0.00940807163715,-0.0096450811252,0.0173365008086]],"mean":[-14.0658016205,84.8154525757,-79.3454437256,-0.999858081341,-12.8911037445,-10.6110610962,-0.658784866333,-16.4561233521,-0.921607255936,-10.5794095993,-7.91113328934,4.67695140839,-12.6697340012]},"hfc":{"dmean":51.6306037903,"dmean2":69.3507080078,"dvar":4297.29589844,"dvar2":8282.32421875,"max":1017.51062012,"mean":134.511077881,"median":86.6155014038,"min":1.19552983033e-16,"var":18240.34375},"melbands":{"dmean":[0.0066954838112,0.00198926613666,0.000599427032284,0.0005295984447,0.000377247401047,0.000235817351495,0.000187284458661,0.000178861242603,0.000165937133715,0.000146494887304,0.0001435285958,0.000115395720059,0.0000912934265216,0.000103040860267,0.0000853222445585,0.0000367029606423,0.0000411499931943,0.0000355933334504,0.0000235193183471,0.0000165314704645,0.0000112748875836,0.0000099963390312,0.00000992670993583,0.00000684442966303,0.00000528212422068,0.00000453052371086,0.00000323847712025,0.00000245885735239,0.00000193291293726,0.00000150977427893,0.00000104952528091,0.00000118887055578,0.00000190844389181,0.00000140589713737,8.21953619834e-7,6.32840226444e-7,3.11412719611e-7,1.25588087485e-7,8.39481941739e-8,3.50719027153e-8],"dmean2":[0.0108413333073,0.00322635984048,0.000976925366558,0.000837849278469,0.000592784665059,0.000361818645615,0.000287528877379,0.000280276581179,0.000258057349129,0.000226915857638,0.000219724373892,0.000176019806531,0.000143583893077,0.000160012161359,0.000132487039082,0.0000563699250051,0.0000630834692856,0.000055302392866,0.0000365724699805,0.0000254978203884,0.0000176151388587,0.0000154197387019,0.000015085333871,0.0000104008422568,0.00000777516743256,0.00000656528936815,0.00000461219542558,0.00000350128743776,0.00000275484694612,0.00000215856630348,0.00000151261986048,0.00000170471480487,0.00000275725074061,0.00000201477291739,0.00000118570517316,9.34693730414e-7,4.55814301858e-7,1.90519770626e-7,1.28828617108e-7,5.6915979485e-8],"dvar":[0.000200667753234,0.0000147365899466,8.03969726348e-7,8.27303722417e-7,9.61096930041e-7,3.65053040241e-7,2.30170385862e-7,2.10620740404e-7,2.78794260566e-7,1.71378928826e-7,1.51155575168e-7,9.00508467794e-8,4.16979588636e-8,5.97627760612e-8,4.07976727956e-8,7.38250349741e-9,1.05526405392e-8,5.90680970802e-9,2.01935757005e-9,1.14028553266e-9,6.09864991841e-10,4.56405913063e-10,4.26452595459e-10,2.54328114124e-10,2.00830921337e-10,1.4551559957e-10,7.81653700099e-11,7.11196726511e-11,5.03382752148e-11,1.41651152613e-11,5.1110717221e-12,5.28066219224e-12,1.33860344684e-11,8.39671301239e-12,3.48214816356e-12,2.13900772095e-12,4.68262364647e-13,7.40569985978e-14,2.8268191485e-14,4.67425729877e-15],"dvar2":[0.000505403382704,0.0000366713284166,0.00000211688939089,0.00000199065516426,0.00000228633075494,7.83304017205e-7,5.40384576198e-7,5.06724973093e-7,6.40993562229e-7,3.89303920656e-7,3.25908786181e-7,2.00384761229e-7,9.96775355588e-8,1.44269222346e-7,9.98470142122e-8,1.67702012277e-8,2.45999576265e-8,1.40757645539e-8,4.85838880238e-9,2.71105449201e-9,1.42632383682e-9,1.03665698248e-9,9.79736736184e-10,5.92953741663e-10,3.98814370417e-10,3.05217628949e-10,1.52688722777e-10,1.42126352354e-10,1.00341936149e-10,2.84800811406e-11,1.06893027416e-11,1.11186242505e-11,2.86833039959e-11,1.74011621085e-11,7.39029150376e-12,4.82488484929e-12,9.88829569441e-13,1.6447542113e-13,6.30213586937e-14,1.11484545282e-14],"max":[0.150737479329,0.0611348561943,0.0143287116662,0.0181391891092,0.0242729317397,0.0190832279623,0.0126157132909,0.0147132584825,0.0132615771145,0.0104572623968,0.0112155675888,0.0126334019005,0.00649274652824,0.00597823783755,0.00568079994991,0.00162959494628,0.00363185768947,0.00168803392444,0.000782926159445,0.00074207020225,0.000531461031642,0.000391644978663,0.000635623233393,0.000420311262133,0.000801323214546,0.000468900980195,0.00032016885234,0.000258589687292,0.000254389276961,0.000116510032967,0.0000591971729591,0.0000334644319082,0.0000801373826107,0.0000473226609756,0.00003104199277,0.000027480564313,0.0000125750220832,0.00000550169943381,0.00000306521178572,0.00000114142551411],"mean":[0.00690062949434,0.00224103336222,0.000966591527686,0.000868541595992,0.000508371274918,0.000321881467244,0.00027620579931,0.000250105367741,0.000213209932554,0.000201726041269,0.000205264281249,0.000161668896908,0.000131243214128,0.000153132292326,0.000121614961245,0.0000505198731844,0.0000567025090277,0.0000519604873261,0.0000348378016497,0.0000245036753768,0.0000166238187376,0.0000143896950249,0.0000141279861054,0.0000101967552837,0.00000778336743679,0.00000658446106172,0.00000489252852276,0.00000370859129362,0.00000287036823465,0.00000223156030188,0.00000155151064973,0.00000164140271863,0.00000241199086304,0.00000171281624262,9.27660551042e-7,6.78240439811e-7,3.46737749624e-7,1.30081247107e-7,8.74597176903e-8,3.43842962991e-8],"median":[0.0019322510343,0.000833300931845,0.000480057846289,0.000334361306159,0.000175767607288,0.000103640428279,0.0000855910257087,0.0000673765753163,0.0000434678622696,0.0000474514054076,0.0000446360609203,0.0000439782743342,0.0000398939882871,0.0000335202057613,0.0000262338635366,0.0000150744799612,0.0000134031615744,0.0000155567158799,0.0000122612045743,0.00000710851145413,0.00000520759158462,0.00000505612342749,0.00000563547837373,0.00000361773754776,0.00000276889545603,0.00000197954682335,0.00000129546458538,8.7156746531e-7,5.86488113186e-7,5.8773832734e-7,4.31240835042e-7,4.38867658659e-7,5.71418695472e-7,3.57916150051e-7,1.79534012545e-7,1.41503164741e-7,7.77860691414e-8,3.02645126737e-8,2.04420285144e-8,9.72453229053e-9],"min":[2.96202715427e-24,3.25420072318e-24,2.31386412744e-24,3.8999480607e-24,8.77668183804e-24,1.92926158009e-23,2.64964809656e-23,3.09115934572e-23,1.49756139401e-23,1.68409323485e-23,9.53246974981e-24,4.87196077443e-24,1.51846415696e-23,1.80415896903e-23,6.12120524268e-24,1.02373635114e-23,8.77381985067e-24,6.58850514369e-24,7.15818932943e-24,8.57641687547e-24,5.80902261134e-24,3.40504709991e-24,7.05349171009e-24,8.19276699599e-24,8.93132618559e-24,1.20944454231e-23,1.41328012599e-23,6.3023845045e-24,9.40285990308e-24,1.29316950562e-23,1.35787164041e-23,9.53493651786e-24,1.29178529139e-23,1.23426794396e-23,1.5028817875e-23,1.03823088141e-23,6.73605013752e-24,1.25004752864e-23,1.16273340598e-23,1.07170966492e-23],"var":[0.000180889706826,0.0000147575547089,0.00000190325170024,0.0000019911212803,0.00000139855512771,5.92091964791e-7,4.54166666941e-7,3.37645843729e-7,4.19956990072e-7,2.89001860665e-7,3.11725727897e-7,1.54366389893e-7,6.80853844415e-8,1.15405192957e-7,7.19575581343e-8,1.03830064546e-8,1.95879401588e-8,1.07027693375e-8,3.51540507815e-9,2.02325822762e-9,9.44609612752e-10,7.01361080324e-10,6.32092378439e-10,4.0108347199e-10,3.59760998769e-10,2.83064238715e-10,1.83954004807e-10,1.52993298586e-10,1.06182465598e-10,2.97394504856e-11,9.69771398601e-12,8.92445492506e-12,1.93215513034e-11,1.14734905604e-11,4.30335845084e-12,2.34408911552e-12,5.70422778023e-13,8.39765269042e-14,3.42940567166e-14,4.86129487901e-15]},"melbands_crest":{"dmean":5.27795791626,"dmean2":8.3561296463,"dvar":21.0489253998,"dvar2":48.1019554138,"max":38.1752929688,"mean":18.0756969452,"median":16.9841766357,"min":2.88601970673,"var":56.6918869019},"melbands_flatness_db":{"dmean":0.0420863889158,"dmean2":0.0629669055343,"dvar":0.00139444845263,"dvar2":0.00303882360458,"max":0.634277999401,"mean":0.259623110294,"median":0.252227544785,"min":0.0108455866575,"var":0.00562485214323},"melbands_kurtosis":{"dmean":19.0707912445,"dmean2":30.6888751984,"dvar":2041.40087891,"dvar2":5114.84277344,"max":1008.41046143,"mean":25.2634162903,"median":7.87867355347,"min":-1.89769423008,"var":2907.68383789},"melbands_skewness":{"dmean":1.37171709538,"dmean2":2.07767033577,"dvar":2.64439988136,"dvar2":6.06568527222,"max":25.7519207001,"mean":3.18784999847,"median":2.51694655418,"min":-2.92616152763,"var":7.09534454346},"melbands_spread":{"dmean":7.88666582108,"dmean2":12.3763465881,"dvar":161.070083618,"dvar2":412.232849121,"max":327.869140625,"mean":19.335269928,"median":13.8934612274,"min":0.182050690055,"var":585.866516113},"mfcc":{"cov":[[10223.0654297,609.307434082,-888.050842285,-6.28275489807,-329.608795166,374.284332275,-221.073913574,243.910324097,-190.119750977,83.3881378174,-37.1420783997,72.9493179321,15.7331418991],[609.307434082,1591.81811523,-192.105926514,-406.572174072,37.4098587036,-90.8277664185,-29.282661438,-123.828887939,54.1234130859,-46.0692062378,1.57024204731,-26.2393512726,-9.93365764618],[-888.050842285,-192.105926514,799.688842773,101.535354614,69.0655899048,-23.4807739258,-2.77353239059,57.7926254272,52.9728965759,99.2230224609,98.0364303589,27.1088886261,1.60742986202],[-6.28275489807,-406.572174072,101.535354614,572.251708984,27.5915260315,64.5232391357,19.3564319611,81.4373626709,-19.5593967438,36.9054908752,4.53002548218,15.9215316772,10.4847011566],[-329.608795166,37.4098587036,69.0655899048,27.5915260315,287.852478027,48.2327651978,99.256652832,14.7293872833,20.1567230225,-38.9321365356,-8.01525783539,15.8392906189,35.0869178772],[374.284332275,-90.8277664185,-23.4807739258,64.5232391357,48.2327651978,234.167495728,76.1367263794,88.3323364258,-11.5513687134,-4.66077470779,-27.3037700653,28.9279937744,36.9268379211],[-221.073913574,-29.282661438,-2.77353239059,19.3564319611,99.256652832,76.1367263794,192.797927856,51.4598693848,33.1357040405,-41.2866249084,-26.4549942017,7.66765928268,42.6201820374],[243.910324097,-123.828887939,57.7926254272,81.4373626709,14.7293872833,88.3323364258,51.4598693848,173.776763916,11.9890861511,14.3721141815,-10.2392940521,5.73739385605,21.5593738556],[-190.119750977,54.1234130859,52.9728965759,-19.5593967438,20.1567230225,-11.5513687134,33.1357040405,11.9890861511,120.279495239,47.7034378052,18.1568374634,8.05392742157,-0.0594875961542],[83.3881378174,-46.0692062378,99.2230224609,36.9054908752,-38.9321365356,-4.66077470779,-41.2866249084,14.3721141815,47.7034378052,126.003463745,74.4157409668,28.1973972321,-13.5691022873],[-37.1420783997,1.57024204731,98.0364303589,4.53002548218,-8.01525783539,-27.3037700653,-26.4549942017,-10.2392940521,18.1568374634,74.4157409668,117.422225952,43.2824668884,6.78478193283],[72.9493179321,-26.2393512726,27.1088886261,15.9215316772,15.8392906189,28.9279937744,7.66765928268,5.73739385605,8.05392742157,28.1973972321,43.2824668884,86.5997009277,34.0397720337],[15.7331418991,-9.93365764618,1.60742986202,10.4847011566,35.0869178772,36.9268379211,42.6201820374,21.5593738556,-0.0594875961542,-13.5691022873,6.78478193283,34.0397720337,74.9761657715]],"icov":[[0.000143777462654,-0.000085382926045,0.000159030983923,-0.0000130815778903,0.0000831461438793,-0.000195230619283,0.000184499178431,-0.000261179287918,0.000226986856433,-0.000227484255447,0.000042648109229,-0.00010709506023,-0.0000118231046145],[-0.000085382926045,0.000884487468284,0.0000705590573489,0.000494385894854,-0.000273584679235,0.00011684634228,0.00015431731299,0.000398893462261,-0.00066966394661,0.000487308396259,-0.000354668329237,0.000314264761982,-0.0000904083426576],[0.000159030983923,0.0000705590573489,0.00178329425398,-0.0000891992458492,-0.000494470237754,0.000137130264193,0.000325441040331,-0.000838777399622,-0.000011354637536,-0.000876741833054,-0.000942941580433,0.00016636964574,0.0000213876082853],[-0.0000130815778903,0.000494385894854,-0.0000891992458492,0.00229833438061,-0.000374582945369,-0.0000648639252177,-0.0000553446006961,-0.000526654534042,0.000616476056166,-0.000961798534263,0.000403345300583,-0.00002632048745,-0.0000592256292293],[0.0000831461438793,-0.000273584679235,-0.000494470237754,-0.000374582945369,0.00479681650177,-0.00071838934673,-0.00165706733242,0.000401944707846,-0.000669246946927,0.00188987667207,-0.000591458869167,-0.000541095621884,-0.000414620357333],[-0.000195230619283,0.00011684634228,0.000137130264193,-0.0000648639252177,-0.00071838934673,0.00711665954441,-0.0021999401506,-0.00215150578879,0.00182750169188,-0.00228898250498,0.00277741090395,-0.00219730194658,-0.000903619686142],[0.000184499178431,0.00015431731299,0.000325441040331,-0.0000553446006961,-0.00165706733242,-0.0021999401506,0.00950304046273,-0.00158715248108,-0.00378256477416,0.00386786158197,-0.000774837157223,0.000608129659668,-0.00261313491501],[-0.000261179287918,0.000398893462261,-0.000838777399622,-0.000526654534042,0.000401944707846,-0.00215150578879,-0.00158715248108,0.00879707187414,-0.000840238819364,-0.001055523986,0.000919371377677,0.00145128462464,-0.00149032997433],[0.000226986856433,-0.00066966394661,-0.000011354637536,0.000616476056166,-0.000669246946927,0.00182750169188,-0.00378256477416,-0.000840238819364,0.0135037517175,-0.00869364012033,0.00316752004437,-0.000614508520812,0.0000123112358779],[-0.000227484255447,0.000487308396259,-0.000876741833054,-0.000961798534263,0.00188987667207,-0.00228898250498,0.00386786158197,-0.001055523986,-0.00869364012033,0.0217278860509,-0.0110679063946,-0.00144739088137,0.00419744849205],[0.000042648109229,-0.000354668329237,-0.000942941580433,0.000403345300583,-0.000591458869167,0.00277741090395,-0.000774837157223,0.000919371377677,0.00316752004437,-0.0110679063946,0.0186566710472,-0.00596902286634,-0.0019860137254],[-0.00010709506023,0.000314264761982,0.00016636964574,-0.00002632048745,-0.000541095621884,-0.00219730194658,0.000608129659668,0.00145128462464,-0.000614508520812,-0.00144739088137,-0.00596902286634,0.0188923534006,-0.00766292307526],[-0.0000118231046145,-0.0000904083426576,0.0000213876082853,-0.0000592256292293,-0.000414620357333,-0.000903619686142,-0.00261313491501,-0.00149032997433,0.0000123112358779,0.00419744849205,-0.0019860137254,-0.00766292307526,0.0203073620796]],"mean":[-680.725708008,151.224411011,-7.53242683411,28.51404953,1.80381906033,20.381029129,-2.10579586029,15.7649030685,-2.65975737572,3.89473390579,0.675154209137,0.0476678870618,0.720407068729]},"pitch_salience":{"dmean":0.102365143597,"dmean2":0.161935478449,"dvar":0.00815698225051,"dvar2":0.0196326933801,"max":0.873979568481,"mean":0.512053370476,"median":0.528573334217,"min":0.0587425194681,"var":0.0213767234236},"silence_rate_20dB":{"dmean":0.000178094385774,"dmean2":0.000356220494723,"dvar":0.000178042624611,"dvar2":0.000534123682883,"max":1,"mean":0.999910950661,"median":1,"min":0,"var":0.0000890263254405},"silence_rate_30dB":{"dmean":0.109706141055,"dmean2":0.219431832433,"dvar":0.0976681560278,"dvar2":0.188714936376,"max":1,"mean":0.871516346931,"median":1,"min":0,"var":0.111960858107},"silence_rate_60dB":{"dmean":0.0284951031208,"dmean2":0.056995280087,"dvar":0.0276852808893,"dvar2":0.0644253343344,"max":1,"mean":0.0629507601261,"median":0,"min":0,"var":0.0589904859662},"spectral_centroid":{"dmean":259.443603516,"dmean2":365.277191162,"dvar":101968.742188,"dvar2":180514.53125,"max":11209.75,"mean":1142.53222656,"median":930.586547852,"min":98.2151947021,"var":789358},"spectral_complexity":{"dmean":4.35654497147,"dmean2":5.95689725876,"dvar":23.3974895477,"dvar2":38.4100837708,"max":57,"mean":17.0628623962,"median":16,"min":0,"var":114.860931396},"spectral_contrast_coeffs":{"dmean":[0.0587241463363,0.0498647503555,0.0425897277892,0.0320065617561,0.0261304136366,0.0442813411355],"dmean2":[0.0945396870375,0.0812759399414,0.0682622939348,0.0509672425687,0.0401545986533,0.0649421587586],"dvar":[0.00225709448569,0.0016038819449,0.00120022380725,0.000688290805556,0.000492144026794,0.00139930576552],"dvar2":[0.0055814422667,0.00417792703956,0.00295868585818,0.00165473832749,0.00109672185499,0.00300720892847],"max":[-0.299858242273,-0.43261885643,-0.513632059097,-0.582773387432,-0.649178504944,-0.401919335127],"mean":[-0.684901237488,-0.776666939259,-0.79028147459,-0.805072963238,-0.8117659688,-0.735452771187],"median":[-0.698478639126,-0.7837023139,-0.796878635883,-0.808347582817,-0.811734855175,-0.735620260239],"min":[-0.971495389938,-0.9607873559,-0.960920453072,-0.980699300766,-0.970966279507,-0.959186136723],"var":[0.00919441692531,0.00490749394521,0.00450303265825,0.00297449855134,0.00194910273422,0.00583502650261]},"spectral_contrast_valleys":{"dmean":[0.49252063036,0.450210869312,0.407305836678,0.399753689766,0.406077980995,0.63870459795],"dmean2":[0.740934312344,0.681139469147,0.593392491341,0.562210679054,0.532234787941,0.963582456112],"dvar":[0.199814334512,0.169755429029,0.16015483439,0.175651356578,0.172222331166,0.302808135748],"dvar2":[0.378067106009,0.337083548307,0.279836416245,0.305389881134,0.289030730724,0.649539768696],"max":[-4.73918008804,-4.45970058441,-4.83495426178,-5.09436273575,-5.29959869385,-8.70789813995],"mean":[-6.97158479691,-6.79277229309,-7.16974306107,-7.65739297867,-7.92337751389,-11.1111268997],"median":[-6.72574186325,-6.59554290771,-6.93918371201,-7.45618438721,-7.73324728012,-11.0011310577],"min":[-26.9824123383,-27.1609249115,-27.2113132477,-27.4544010162,-27.0983791351,-27.2455539703],"var":[1.65739202499,1.72048521042,1.80660188198,1.7015055418,1.51627850533,1.14677548409]},"spectral_decrease":{"dmean":7.28737692413e-9,"dmean2":1.10241868967e-8,"dvar":1.58656801673e-16,"dvar2":3.71945640257e-16,"max":2.3526707249e-9,"mean":-1.06806741229e-8,"median":-6.44462794241e-9,"min":-1.26441534576e-7,"var":1.94167321263e-16},"spectral_energy":{"dmean":0.0296624172479,"dmean2":0.0433753505349,"dvar":0.00236272369511,"dvar2":0.0053893099539,"max":0.489332467318,"mean":0.0525117889047,"median":0.0362852811813,"min":1.09309009892e-20,"var":0.00336448964663},"spectral_energyband_high":{"dmean":0.000597238482442,"dmean2":0.000766819459386,"dvar":0.0000011067855894,"dvar2":0.00000194571020984,"max":0.0202744100243,"mean":0.00098957400769,"median":0.000376555311959,"min":8.20048441592e-21,"var":0.00000271258159046},"spectral_energyband_low":{"dmean":0.0235780030489,"dmean2":0.0370554998517,"dvar":0.00213262205943,"dvar2":0.00518256938085,"max":0.476725280285,"mean":0.0274626873434,"median":0.0107125695795,"min":2.11967856089e-23,"var":0.00216125813313},"spectral_energyband_middle_high":{"dmean":0.00298777269199,"dmean2":0.00417402759194,"dvar":0.0000218122713704,"dvar2":0.000044100368541,"max":0.0930782929063,"mean":0.00620675040409,"median":0.00315431691706,"min":1.34705999247e-21,"var":0.0000647617416689},"spectral_energyband_middle_low":{"dmean":0.00546351727098,"dmean2":0.00807538162917,"dvar":0.0000618254925939,"dvar2":0.000135086957016,"max":0.129069417715,"mean":0.0119403358549,"median":0.00676397327334,"min":4.98695548983e-22,"var":0.000195954111405},"spectral_entropy":{"dmean":0.221478521824,"dmean2":0.31311661005,"dvar":0.0479769967496,"dvar2":0.0913019627333,"max":9.80804729462,"mean":7.50277137756,"median":7.54056310654,"min":5.37351560593,"var":0.192096695304},"spectral_flux":{"dmean":0.045322407037,"dmean2":0.0698828995228,"dvar":0.00325477402657,"dvar2":0.00672692386433,"max":0.610230386257,"mean":0.129327625036,"median":0.108963921666,"min":1.0455095123e-10,"var":0.00744090881199},"spectral_kurtosis":{"dmean":4.86756181717,"dmean2":7.00554943085,"dvar":38.1846313477,"dvar2":81.5496902466,"max":119.136116028,"mean":16.2695655823,"median":13.8030834198,"min":-1.29182589054,"var":103.627090454},"spectral_rms":{"dmean":0.00176043214742,"dmean2":0.00237943185493,"dvar":0.00000438288498117,"dvar2":0.00000862253091327,"max":0.0218494292349,"mean":0.006262678653,"median":0.00594981294125,"min":3.26562301506e-12,"var":0.0000120099966807},"spectral_rolloff":{"dmean":4450.29833984,"dmean2":8389.66992188,"dvar":56405248,"dvar2":121874856,"max":22050,"mean":9391.49414062,"median":2153.3203125,"min":21.533203125,"var":96394736},"spectral_skewness":{"dmean":0.399198144674,"dmean2":0.558291912079,"dvar":0.185268819332,"dvar2":0.373370081186,"max":8.00839710236,"mean":2.75603270531,"median":2.63520908356,"min":-0.31725949049,"var":0.761856377125},"spectral_spread":{"dmean":667372,"dmean2":948387.3125,"dvar":453246681088,"dvar2":861545234432,"max":40661336,"mean":4513112,"median":4295906.5,"min":1086364.25,"var":3441694081020},"spectral_strongpeak":{"dmean":1.75311923027,"dmean2":3.2692835331,"dvar":64.5760040283,"dvar2":176.640548706,"max":151.819046021,"mean":1.42310333252,"median":0.253459692001,"min":0,"var":46.7235336304},"zerocrossingrate":{"dmean":0.0445485562086,"dmean2":0.054776687175,"dvar":0.00139458768535,"dvar2":0.00211730506271,"max":0.78564453125,"mean":0.228306367993,"median":0.21728515625,"min":0.00732421875,"var":0.0104814888909}},"metadata":{"audio_properties":{"analysis_sample_rate":44100,"bit_rate":160000,"codec":"mp3","downmix":"mix","equal_loudness":0,"length":260.754272461,"lossless":false,"md5_encoded":"90452c20b71d74ac445442c93ff434a3","replay_gain":-6.44528007507,"sample_rate":44100},"tags":{"album":["Mama Africa"],"album artist credit":["Peter Tosh"],"albumartist":["Peter Tosh"],"albumartistsort":["Tosh, Peter"],"artist":["Peter Tosh"],"artist credit":["Peter Tosh"],"artistsort":["Tosh, Peter"],"bpm":["0"],"date":["1983"],"discnumber":["1/1"],"encodedby":["iTunes v4.8.0.32"],"file_name":"07 - Peter Tosh - Peace Treaty.mp3","genre":["Reggae"],"language":["eng"],"musicbrainz album status":["Official"],"musicbrainz album type":["album"],"musicbrainz_albumartistid":["7db6aae5-6644-4513-9bfc-ca2e79d4469c"],"musicbrainz_albumid":["8dc7f06c-bf41-4eba-a3e8-afde607e35c8"],"musicbrainz_artistid":["7db6aae5-6644-4513-9bfc-ca2e79d4469c"],"musicbrainz_recordingid":["83192956-dae9-4664-89d8-362d64493a57"],"musicbrainz_releasegroupid":["f463bc86-e66e-36de-a576-657927392f22"],"originaldate":["1983"],"replaygain_album_gain":["0.00 dB"],"replaygain_album_peak":["0.000000"],"replaygain_track_gain":["-6.03 dB"],"replaygain_track_peak":["1.023804"],"script":["Latn"],"title":["Peace Treaty"],"tracknumber":["7/12"]},"version":{"essentia":"2.1-beta1","essentia_build_sha":"5a811adb4c06fd6d02ca903f7349a26d851abfa8","essentia_git_sha":"v2.1_beta1-34-gf95df8b","extractor":"music 1.0"}},"rhythm":{"beats_count":585,"beats_loudness":{"dmean":0.0458567403257,"dmean2":0.0800329223275,"dvar":0.00149917299859,"dvar2":0.00462625641376,"max":0.37738737464,"mean":0.0998709946871,"median":0.0980034768581,"min":3.26296465403e-8,"var":0.00217394274659},"beats_loudness_band_ratio":{"dmean":[0.272676467896,0.0809028595686,0.0877003967762,0.0903170630336,0.0302358418703,0.110819831491],"dmean2":[0.503142654896,0.144929692149,0.161880686879,0.170443579555,0.051837079227,0