{"lowlevel":{"average_loudness":0.937716722488,"barkbands":{"dmean":[0.00149566982873,0.0232200790197,0.00497744046152,0.00216621067375,0.00350604695268,0.00158669624943,0.000981934834272,0.000888479466084,0.00121990975458,0.000934707582928,0.000374376337277,0.000370421796106,0.000252622558037,0.000262810994172,0.000204889496672,0.00018543555052,0.000161001094966,0.000142696022522,0.0000881599044078,0.0000902603933355,0.0000963412239798,0.0000748418751755,0.0000810286001069,0.0000871121592354,0.0000865556212375,0.0000829950222396,0.0000795129526523],"dmean2":[0.00253743398935,0.0383368097246,0.00864865258336,0.00365697825328,0.00544542307034,0.00256156688556,0.00157316878904,0.00144636724144,0.00191942066886,0.00152894598432,0.000623866566457,0.000608398171607,0.000422136188718,0.000443464668933,0.000333119998686,0.000291646254482,0.000257916923147,0.000235068640905,0.000142058663187,0.000147755577927,0.000151671803906,0.000111899069452,0.000119741773233,0.000123089455883,0.000125427191961,0.000121726712678,0.000120300916024],"dvar":[0.00000807080778031,0.00275488593616,0.000136612070492,0.0000180016086233,0.0000343965984939,0.00000996757171379,0.00000709615233063,0.00000857928625919,0.0000143404859045,0.0000140224301504,0.0000028114336601,0.00000197352255782,6.97393943483e-7,7.42666770748e-7,2.66037687879e-7,2.02474296884e-7,1.27266801542e-7,1.0201132028e-7,2.26606289289e-8,4.71796361978e-8,5.23663352681e-8,4.31095017461e-8,5.82562051932e-8,4.55113422504e-8,3.31129399456e-8,4.49674573133e-8,6.48551434779e-8],"dvar2":[0.0000206695403904,0.00694469176233,0.000382358994102,0.0000478211732116,0.0000806488242233,0.0000258916661551,0.0000178871341632,0.0000210348171095,0.0000353201648977,0.0000378682016162,0.00000796869971964,0.00000499689303979,0.00000187365992588,0.0000021140640456,6.78116180097e-7,4.62704804249e-7,3.19617356581e-7,2.51873387924e-7,5.4669882843e-8,1.13247374145e-7,1.20031643291e-7,9.40074542655e-8,1.29423483486e-7,8.74756622693e-8,6.32021723845e-8,9.61426493973e-8,1.48106082065e-7],"max":[0.0294397734106,0.355598777533,0.113147780299,0.053908072412,0.084313467145,0.0484533496201,0.0791574567556,0.0733364075422,0.087554231286,0.11328496784,0.0557970441878,0.0423785336316,0.0400495193899,0.028887135908,0.0105292024091,0.0159977730364,0.0101590491831,0.0100667085499,0.00449230289087,0.00687259761617,0.00705091794953,0.00582924252376,0.00697716372088,0.00608130544424,0.00452266633511,0.00576750561595,0.00640291068703],"mean":[0.00158335547894,0.0244902409613,0.00533434515819,0.00271110772155,0.00534781208262,0.00234971148893,0.00137532909866,0.000951053691097,0.00152779615019,0.00112325802911,0.000474599160952,0.000464628974441,0.000299594801618,0.000289576855721,0.000246008188697,0.000220178219024,0.00021312685567,0.000153975590365,0.000112983805593,0.000107140207547,0.000122442666907,0.000109500804683,0.000121988960018,0.000151011598064,0.000140968957567,0.00011631934467,0.0000815310777398],"median":[0.000476731307572,0.00823338888586,0.000961077515967,0.000721605902072,0.00218465109356,0.000997289898805,0.000498266308568,0.00020997482352,0.000194532010937,0.0000929210946197,0.0000438924944319,0.00006098812446,0.000057853259932,0.0000663385580992,0.0000771470731706,0.0000589420342294,0.0000682989193592,0.0000447434940725,0.0000442998862127,0.0000330871334882,0.0000372345530195,0.0000256344937952,0.0000251525234489,0.0000436478258052,0.0000276286991721,0.0000174039196281,0.00000580956566409],"min":[1.41340665928e-23,3.36402980382e-23,1.06399047163e-22,2.35223002258e-23,6.50078941194e-23,5.29814698056e-23,4.18028974155e-23,6.18393490966e-23,5.65025599224e-23,1.08389349538e-22,7.71432885232e-23,6.29601121836e-23,1.42668372474e-22,9.37753099936e-23,1.59629778082e-22,2.87722487517e-22,1.92200835117e-22,1.05396146206e-22,3.2942276044e-22,2.79931167102e-22,3.06559223756e-22,5.59278905301e-22,7.45077181228e-22,8.96541807179e-22,1.37970050713e-21,2.05929642721e-21,2.22587779905e-21],"var":[0.00000823382561066,0.00244392734021,0.000107675768959,0.00002068831418,0.0000658286371618,0.0000158123457368,0.00000949484365265,0.00000889593502507,0.0000217391752813,0.0000220899692067,0.00000461141235064,0.00000330031980411,9.20779143598e-7,9.38780317483e-7,3.36801065259e-7,2.82946217567e-7,1.97054262685e-7,1.01501584027e-7,3.18440456226e-8,5.66109150668e-8,7.48638200321e-8,6.9181190554e-8,1.16281086093e-7,1.36372335646e-7,1.04758299813e-7,8.45617194045e-8,7.53742028792e-8]},"barkbands_crest":{"dmean":3.76364946365,"dmean2":6.10626983643,"dvar":11.3300161362,"dvar2":28.014705658,"max":26.8120117188,"mean":13.1678915024,"median":12.4113922119,"min":2.53786754608,"var":26.2108135223},"barkbands_flatness_db":{"dmean":0.0409421920776,"dmean2":0.0600947923958,"dvar":0.00127341016196,"dvar2":0.00285077164881,"max":0.49535292387,"mean":0.171526685357,"median":0.164607673883,"min":0.0196336377412,"var":0.00431173527613},"barkbands_kurtosis":{"dmean":13.366815567,"dmean2":21.0018730164,"dvar":624.676696777,"dvar2":1394.67004395,"max":703.47052002,"mean":17.6064300537,"median":8.24782180786,"min":-1.9184513092,"var":954.82208252},"barkbands_skewness":{"dmean":1.24466216564,"dmean2":1.86575472355,"dvar":1.90629482269,"dvar2":4.25881719589,"max":23.2799758911,"mean":2.96236085892,"median":2.54211425781,"min":-3.08334136009,"var":4.7653298378},"barkbands_spread":{"dmean":8.21827602386,"dmean2":12.787106514,"dvar":129.166015625,"dvar2":287.087524414,"max":129.869750977,"mean":16.6934280396,"median":11.742307663,"min":0.275877535343,"var":284.008422852},"dissonance":{"dmean":0.02528594248,"dmean2":0.0408948399127,"dvar":0.000655968207866,"dvar2":0.0016575261252,"max":0.5,"mean":0.446786344051,"median":0.457018017769,"min":0.183169931173,"var":0.0016118248459},"dynamic_complexity":4.0225110054,"erbbands":{"dmean":[0.839433789253,4.7626581192,6.44733047485,6.35258626938,8.19537258148,13.3192272186,16.7870254517,11.2022218704,12.1745557785,17.507188797,19.5545406342,22.6075401306,28.9321212769,26.6073932648,15.3439922333,12.9330425262,10.7786922455,14.2553386688,10.1464757919,10.4161996841,10.5851783752,8.45289421082,7.94711780548,5.14812231064,4.72424936295,4.00004434586,4.54070854187,2.94059467316,2.77846264839,2.6941883564,2.26974606514,1.6652534008,1.58635270596,1.01294791698,0.608405172825,0.311627864838,0.166793301702,0.0760086104274,0.0151774836704,0.000485262658913],"dmean2":[1.40184795856,7.97330236435,11.1123847961,10.7836790085,13.2510290146,20.4548110962,26.7055130005,17.986366272,19.5364894867,28.7845726013,31.1950397491,35.4003295898,46.3356056213,43.3257789612,25.2103786469,21.2806129456,17.7468452454,24.169178009,16.5122013092,16.6547660828,16.6175575256,13.4587860107,12.9315366745,8.34916305542,7.52654027939,6.59700965881,7.32957220078,4.57495737076,4.22584295273,3.99742841721,3.32134771347,2.33698034286,2.28901743889,1.45542061329,0.895669996738,0.471324294806,0.244848772883,0.112003438175,0.0231273844838,0.000734314089641],"dvar":[3.57141780853,122.492431641,244.199935913,164.841293335,249.721725464,631.180480957,1205.19836426,447.530609131,1396.38085938,2789.75073242,4202.82470703,5799.72119141,9296.69042969,11874.8173828,3579.02050781,1759.41003418,1504.203125,2624.55859375,781.945983887,879.390991211,653.143493652,323.174804688,264.103485107,95.7336578369,95.5183792114,88.7652130127,117.30316925,61.3942375183,65.6327438354,67.0580444336,40.7603378296,16.0465831757,15.9473333359,5.52283191681,1.48211038113,0.4336797297,0.19632422924,0.0607506744564,0.00247212266549,0.00000191331218957],"dvar2":[9.19811630249,313.684509277,676.576721191,447.367248535,638.013061523,1372.17492676,3021.38183594,1121.55749512,3517.00439453,7368.02587891,9750.17089844,14156.9355469,23324.0410156,31429.9746094,10032.2539062,4509.54101562,3898.38012695,7734.64794922,2096.69018555,2153.86450195,1535.0994873,823.789855957,630.57635498,247.264007568,224.112487793,220.371002197,286.285522461,131.041030884,151.968093872,152.071060181,85.7300796509,31.0317115784,32.4357337952,10.5546541214,3.00995445251,0.934035181999,0.411868661642,0.136656865478,0.00577095197514,0.00000428526664109],"max":[13.3571157455,79.1349639893,145.554931641,164.556121826,241.791778564,498.593139648,793.916809082,363.902709961,1149.1159668,1273.22094727,2151.41186523,2176.86279297,2261.62939453,2887.09057617,1818.92236328,1105.38012695,2225.58740234,1895.91223145,771.15838623,1547.96740723,1051.86035156,613.645935059,346.91809082,302.666992188,300.459197998,288.615692139,403.825775146,294.977905273,217.62651062,284.301483154,185.051513672,125.309898376,124.110443115,62.4308624268,25.4634532928,15.8137073517,11.658780098,6.87017726898,1.23033177853,0.0304106790572],"mean":[0.846839785576,4.86434173584,6.89694547653,7.98006486893,11.8904447556,19.0875358582,23.2469902039,17.7478885651,18.4879302979,21.2496585846,23.1131763458,29.6189250946,35.0550689697,34.8296966553,21.1944561005,16.874956131,13.5593605042,16.4978199005,12.1626663208,12.2759447098,13.2077894211,11.4318056107,9.38125801086,6.07348203659,6.17080116272,4.79760313034,5.39362335205,4.00136375427,3.87332391739,3.9895734787,3.51224803925,2.84169888496,2.66862273216,1.67260813713,0.942073583603,0.458245873451,0.221923097968,0.08522374928,0.0152857862413,0.000522248796187],"median":[0.263407289982,1.23986947536,1.28010034561,2.16878700256,3.85071611404,6.53754329681,8.0022983551,8.35817718506,7.66368103027,6.24948215485,5.33543014526,4.32341432571,3.79273748398,3.50108718872,2.86404895782,2.59482288361,2.71804952621,3.68153357506,4.01216745377,3.78089857101,3.84977173805,3.98481082916,3.2995634079,2.18935108185,2.42833662033,1.50724256039,1.6942987442,1.02188169956,0.861758112907,0.904112458229,0.713395357132,0.745314002037,0.775336265564,0.384280502796,0.147546932101,0.0772966220975,0.0302009396255,0.00732806092128,0.00118672393728,0.000089148801635],"min":[4.24542119022e-22,1.11739361851e-20,9.79095563223e-20,1.20640595877e-19,8.51620116115e-20,3.1947625527e-19,3.18792409548e-19,4.2146925331e-19,4.98048290252e-19,6.6215544371e-19,1.52013173197e-18,1.19924686567e-18,3.84831841997e-18,2.37484050172e-18,3.67054862094e-18,2.24715380044e-18,6.8582131885e-18,3.47252447742e-18,7.11049748507e-18,1.20081271857e-17,1.51798875516e-17,1.12257789352e-17,5.60750741692e-18,1.40086527438e-17,1.71461322636e-17,1.21674727774e-17,1.22566420202e-17,1.38830503309e-17,1.99326390495e-17,1.49415553104e-17,2.54583180379e-17,1.43406003236e-17,1.85851303988e-17,1.40363302071e-17,1.13311708442e-17,8.73358797429e-18,3.66811960507e-18,1.15561525971e-18,3.37456525149e-19,2.97804407565e-20],"var":[3.05305075645,104.595649719,187.963409424,167.534088135,388.608215332,1289.85961914,1998.45092773,756.852600098,1914.33776855,2838.60742188,4857.58349609,8548.16308594,13248.9921875,19106.3632812,6136.48046875,3032.10742188,1964.64196777,3533.4765625,927.32019043,1033.91625977,908.188720703,484.798522949,300.102600098,102.928123474,127.192710876,104.395423889,146.697280884,94.7339019775,90.7143173218,114.964988708,93.7269287109,48.4312095642,44.6172370911,17.1880683899,4.10045814514,0.987049162388,0.360368639231,0.0811811536551,0.00264597428031,0.00000220871970669]},"erbbands_crest":{"dmean":3.1457836628,"dmean2":5.04312849045,"dvar":10.1092128754,"dvar2":23.2243804932,"max":31.7690219879,"mean":9.48775959015,"median":8.11844444275,"min":1.93507266045,"var":26.5100460052},"erbbands_flatness_db":{"dmean":0.0294988173991,"dmean2":0.0396921224892,"dvar":0.000817391264718,"dvar2":0.00148755148984,"max":0.370508402586,"mean":0.137597873807,"median":0.132809489965,"min":0.0283170752227,"var":0.00350942276418},"erbbands_kurtosis":{"dmean":2.31727910042,"dmean2":3.56855177879,"dvar":27.8045005798,"dvar2":55.5012321472,"max":188.333206177,"mean":1.93680393696,"median":0.106020331383,"min":-1.86133539677,"var":47.1931686401},"erbbands_skewness":{"dmean":0.589335441589,"dmean2":0.870789349079,"dvar":0.385374248028,"dvar2":0.751413941383,"max":11.5612468719,"mean":0.79113817215,"median":0.692217767239,"min":-4.54110574722,"var":1.25634670258},"erbbands_spread":{"dmean":14.5771627426,"dmean2":20.9992370605,"dvar":235.187789917,"dvar2":471.474822998,"max":196.548965454,"mean":47.5520553589,"median":42.401550293,"min":1.84596300125,"var":836.530700684},"gfcc":{"cov":[[14269.3955078,-1752.28466797,489.625823975,134.930328369,-66.2045669556,407.817474365,22.0823879242,246.928573608,-53.2460174561,67.3770675659,-215.767501831,187.248931885,-247.472991943],[-1752.28466797,2440.47631836,-738.040405273,-18.5302009583,269.267456055,-215.323455811,194.553924561,-41.0364952087,74.5050506592,-71.2966003418,172.806838989,-170.28956604,153.20475769],[489.625823975,-738.040405273,1276.04260254,355.599945068,213.586456299,286.881896973,24.4263305664,58.0188789368,41.0079650879,71.4113540649,-16.6762828827,64.3958129883,-66.3151473999],[134.930328369,-18.5302009583,355.599945068,686.455078125,305.442321777,48.8976402283,49.9753494263,5.67459249496,70.2037506104,76.8427581787,10.7174186707,-35.6629066467,16.202091217],[-66.2045669556,269.267456055,213.586456299,305.442321777,514.231445312,79.5591812134,175.60925293,63.2439117432,80.2656097412,79.9230651855,23.6114330292,-28.2479305267,14.4242210388],[407.817474365,-215.323455811,286.881896973,48.8976402283,79.5591812134,315.819824219,134.903335571,85.7934799194,34.3574562073,43.7500343323,15.0008888245,46.452796936,-39.6849136353],[22.0823879242,194.553924561,24.4263305664,49.9753494263,175.60925293,134.903335571,332.056945801,102.456687927,46.8272171021,58.0654411316,50.1720275879,10.7396125793,-5.32452487946],[246.928573608,-41.0364952087,58.0188789368,5.67459249496,63.2439117432,85.7934799194,102.456687927,155.264343262,54.8165245056,30.2441768646,0.867696106434,27.7119121552,-8.26878452301],[-53.2460174561,74.5050506592,41.0079650879,70.2037506104,80.2656097412,34.3574562073,46.8272171021,54.8165245056,145.959579468,57.2353096008,4.11381053925,2.31946825981,10.8376178741],[67.3770675659,-71.2966003418,71.4113540649,76.8427581787,79.9230651855,43.7500343323,58.0654411316,30.2441768646,57.2353096008,129.593460083,29.8929214478,11.9152841568,-4.08165884018],[-215.767501831,172.806838989,-16.6762828827,10.7174186707,23.6114330292,15.0008888245,50.1720275879,0.867696106434,4.11381053925,29.8929214478,101.470787048,10.7507610321,12.2477560043],[187.248931885,-170.28956604,64.3958129883,-35.6629066467,-28.2479305267,46.452796936,10.7396125793,27.7119121552,2.31946825981,11.9152841568,10.7507610321,84.196144104,8.18652629852],[-247.472991943,153.20475769,-66.3151473999,16.202091217,14.4242210388,-39.6849136353,-5.32452487946,-8.26878452301,10.8376178741,-4.08165884018,12.2477560043,8.18652629852,84.9729232788]],"icov":[[0.0000836372782942,0.000025894605642,0.0000311673356919,-0.0000465936645924,4.99144960031e-7,-0.0000593544682488,0.0000202222436201,-0.000102221216366,0.0000739274109947,-0.0000310623327096,0.000143729688716,-0.000146340593346,0.000176079571247],[0.000025894605642,0.0010222394485,0.00038495726767,0.000176842382643,-0.000581651111133,0.000164056895301,-0.000381627178285,0.000150599691551,-0.000724483281374,0.00119667337276,-0.00171110057272,0.00167992140632,-0.00110018823761],[0.0000311673356919,0.00038495726767,0.0014709396055,-0.000520919507835,-0.000557953841053,-0.00101637863554,0.000454201392131,0.0000832752484712,-0.000128750121803,0.000343330233591,-0.00034309134935,-0.000390295492252,0.000420551077696],[-0.0000465936645924,0.000176842382643,-0.000520919507835,0.00244847359136,-0.00119948899373,0.000184431875823,0.000125547972857,0.000481559836771,-0.000540584209375,-0.000352490693331,-0.00046450382797,0.00143973855302,-0.0010032041464],[4.99144960031e-7,-0.000581651111133,-0.000557953841053,-0.00119948899373,0.00387350609526,0.0000617121986579,-0.00132519064937,-0.000459004775621,-0.0000320337494486,-0.00129978498444,0.00113979517482,0.000382843718398,-0.000172504471266],[-0.0000593544682488,0.000164056895301,-0.00101637863554,0.000184431875823,0.0000617121986579,0.00575381936505,-0.00193153717555,-0.000974067428615,-0.000452806852991,0.00018273947353,-0.000560168351512,-0.00134952063672,0.00144116871525],[0.0000202222436201,-0.000381627178285,0.000454201392131,0.000125547972857,-0.00132519064937,-0.00193153717555,0.00570337381214,-0.00243065156974,0.000687284278683,-0.00105092732701,-0.00121899077203,-0.000188100617379,0.000576898746658],[-0.000102221216366,0.000150599691551,0.0000832752484712,0.000481559836771,-0.000459004775621,-0.000974067428615,-0.00243065156974,0.0103705655783,-0.00321343704127,0.00048118722043,0.00102819839958,-0.0021954625845,0.000380069250241],[0.0000739274109947,-0.000724483281374,-0.000128750121803,-0.000540584209375,-0.0000320337494486,-0.000452806852991,0.000687284278683,-0.00321343704127,0.0104389460757,-0.00454610818997,0.00224281009287,-0.000405360100558,-0.000785536481999],[-0.0000310623327096,0.00119667337276,0.000343330233591,-0.000352490693331,-0.00129978498444,0.00018273947353,-0.00105092732701,0.00048118722043,-0.00454610818997,0.0125933615491,-0.0048184748739,0.000454203225672,0.00020956590015],[0.000143729688716,-0.00171110057272,-0.00034309134935,-0.00046450382797,0.00113979517482,-0.000560168351512,-0.00121899077203,0.00102819839958,0.00224281009287,-0.0048184748739,0.0152184609324,-0.00458999909461,0.000624226173386],[-0.000146340593346,0.00167992140632,-0.000390295492252,0.00143973855302,0.000382843718398,-0.00134952063672,-0.000188100617379,-0.0021954625845,-0.000405360100558,0.000454203225672,-0.00458999909461,0.019251730293,-0.00607452727854],[0.000176079571247,-0.00110018823761,0.000420551077696,-0.0010032041464,-0.000172504471266,0.00144116871525,0.000576898746658,0.000380069250241,-0.000785536481999,0.00020956590015,0.000624226173386,-0.00607452727854,0.0161653831601]],"mean":[-21.3927402496,87.467376709,-75.1410293579,25.0629348755,-44.2150611877,6.97066926956,-36.2721099854,7.80519485474,-17.9937515259,3.34642243385,-12.3028249741,1.97640645504,-6.57493877411]},"hfc":{"dmean":10.4160146713,"dmean2":14.9261779785,"dvar":225.353240967,"dvar2":476.239715576,"max":297.875823975,"mean":20.2753219604,"median":12.5296478271,"min":1.18680274399e-16,"var":552.44317627},"melbands":{"dmean":[0.00696677202359,0.00425918400288,0.00113315787166,0.000738605682272,0.000604182539973,0.000258427462541,0.000188365593203,0.000189476835658,0.000162340773386,0.000155728310347,0.000148794031702,0.000115872717288,0.0000551400480617,0.0000458548638562,0.0000248994056165,0.0000268375042651,0.0000261266359303,0.0000166634526977,0.0000147814243974,0.0000122033761727,0.0000129401332742,0.00000900751638255,0.00000917163561098,0.00000681476694808,0.00000396793029722,0.00000369236636288,0.00000352028519046,0.00000247279990617,0.00000321869470099,0.00000223140796152,0.00000156430689913,0.00000161887112426,0.00000151144229221,0.00000163047218393,0.00000149847858211,9.51145352701e-7,0.00000112108455141,0.00000117285219403,0.00000105380240711,8.37292645883e-7],"dmean2":[0.0115516288206,0.00711131002754,0.00189635215793,0.00115167861804,0.000949224282522,0.000415283051552,0.000301314954413,0.000312213087454,0.000258826068603,0.000243467511609,0.000238439999521,0.000188898207853,0.0000917038196349,0.0000752658961574,0.0000409114763897,0.0000450590596301,0.0000445017140009,0.0000274950434687,0.0000238449265453,0.0000194120057131,0.0000206363383768,0.0000145990579767,0.0000148373255797,0.000011344761333,0.00000648496370559,0.00000596018480792,0.00000569433541386,0.0000041603830141,0.00000530988563696,0.00000351436619894,0.00000246608010457,0.00000251375558946,0.00000226856764129,0.00000248195078711,0.00000223652546083,0.00000136111145821,0.00000160451020292,0.00000174340311787,0.00000152624022576,0.00000123157053622],"dvar":[0.000247256859438,0.000098991455161,0.00000495241192766,0.00000171009082806,0.00000128321198645,2.34034061464e-7,3.11565344191e-7,3.47392216327e-7,2.89617588578e-7,2.61322810502e-7,2.51511636407e-7,2.47069294801e-7,5.85905652883e-8,3.55739828706e-8,6.335492575e-9,9.15943054736e-9,8.1503683802e-9,2.43671371969e-9,1.2272444172e-9,1.15371767695e-9,1.01586594692e-9,4.92428597898e-10,3.37520206228e-10,2.39750885811e-10,5.80286513285e-11,4.76688098716e-11,8.12070063971e-11,3.98215349584e-11,7.51891882089e-11,2.93748497748e-11,1.87235851823e-11,2.25983572133e-11,1.94838763179e-11,2.81474531183e-11,1.92272135713e-11,6.16421410443e-12,7.16194855158e-12,9.64245870649e-12,6.95029580763e-12,3.88654169611e-12],"dvar2":[0.000628246110864,0.000260763801634,0.0000132819186547,0.00000404932370657,0.00000312784504786,5.92656078879e-7,7.89002967849e-7,9.20094862522e-7,6.76212039252e-7,6.41950748559e-7,6.38261894892e-7,6.58264355025e-7,1.66811332747e-7,9.13648108281e-8,1.63032609635e-8,2.57579113594e-8,2.38120190232e-8,6.58337606652e-9,3.009681393e-9,2.69830202626e-9,2.45856313086e-9,1.28120403176e-9,7.64291019362e-10,6.21075690876e-10,1.50514573027e-10,1.11324206797e-10,1.96734031843e-10,1.00412872461e-10,1.92785024056e-10,6.2252147881e-11,4.15593115477e-11,5.33577244888e-11,4.45723111198e-11,6.66256355641e-11,4.20813384139e-11,1.25574602799e-11,1.45252273751e-11,2.0732799158e-11,1.43930024149e-11,7.77117953321e-12],"max":[0.101655952632,0.0814037322998,0.027866454795,0.0235759392381,0.0223532821983,0.0073431096971,0.0178633686155,0.0139002567157,0.0183114055544,0.0142599483952,0.0132473809645,0.012913797982,0.00832848716527,0.00601501762867,0.00251484499313,0.00386552046984,0.00321340374649,0.00144601415377,0.00111743796151,0.00178014161065,0.00116464646999,0.000886149820872,0.000696891744155,0.000555633800104,0.00021337220096,0.00027473535738,0.000286070047878,0.000184857562999,0.000382060592528,0.000219879904762,0.000151801752509,0.000132031884277,0.000115461181849,0.000203743082238,0.000140959600685,0.0000892277239473,0.0000760399052524,0.0000898832804523,0.0000759940594435,0.00004690271453],"mean":[0.00720779784024,0.00468035973608,0.0015165056102,0.0010958124185,0.000854937650729,0.000400784454541,0.000284773530439,0.000221735754167,0.000192773470189,0.000198430905584,0.000179276845302,0.000149021710968,0.0000739171664463,0.0000570983829675,0.0000318123384204,0.0000316753066727,0.0000289918971248,0.0000186426550499,0.0000177598831215,0.0000140340425787,0.0000156231271831,0.0000113787309601,0.0000111867848318,0.00000711614075044,0.00000454318887932,0.00000467513746116,0.00000427157374361,0.00000281315828943,0.00000359764226232,0.00000276142895927,0.00000210489042729,0.00000212434088098,0.00000218964100895,0.00000226534893955,0.00000217321394302,0.0000015419252577,0.0000018328069018,0.00000187129444384,0.00000172703357748,0.00000130238061047],"median":[0.00248135672882,0.00104117020965,0.000425572827226,0.000406324747019,0.000299349427223,0.000181155715836,0.000119784002891,0.0000630025097053,0.0000366907916032,0.0000258589043369,0.0000174134547706,0.0000127617458929,0.00000821270623419,0.00000696928145771,0.00000508444009029,0.00000601243846177,0.00000634937441646,0.00000570768770558,0.00000530628085471,0.00000379192761102,0.00000425816324423,0.0000033927954064,0.00000389346996599,0.00000201428838409,0.00000155752502451,0.00000183207589544,0.0000013923743154,7.20947866739e-7,0.00000105107960735,7.24925030227e-7,4.75043492543e-7,4.41142162799e-7,4.82250584355e-7,4.83798203277e-7,3.98804587576e-7,3.42108165796e-7,4.77201410831e-7,5.19871321103e-7,4.60645310341e-7,2.54739063621e-7],"min":[7.03490220286e-24,3.97022207783e-23,1.88310406635e-23,1.55560893486e-23,1.22315344601e-23,9.66710858481e-24,8.23095969672e-24,8.36198633763e-24,1.07178665774e-23,8.18114549714e-24,1.98829772143e-23,9.98911371771e-24,1.16887792246e-23,7.08918924377e-24,1.07583375084e-23,1.28161782096e-23,5.81965172317e-24,1.22328171479e-23,1.10483022668e-23,2.05657095065e-23,1.72364892945e-23,1.14913044631e-23,8.3665633086e-24,3.54359710727e-24,1.21918823667e-23,1.35870672857e-23,1.24037940716e-23,6.65793239752e-24,6.91273841421e-24,7.39169846826e-24,8.4111631376e-24,1.12619967974e-23,1.05752870685e-23,7.43007102928e-24,1.53101935159e-23,1.09563573728e-23,8.21972947287e-24,1.23738228793e-23,1.49459748582e-23,1.01733482378e-23],"var":[0.000216044601984,0.0000835761238704,0.00000551227094547,0.00000312576412398,0.00000226393376579,3.91650274878e-7,4.23890213597e-7,3.38440969472e-7,3.49038657532e-7,3.85682227488e-7,3.69062604477e-7,3.96403095237e-7,9.92277051637e-8,5.85030939249e-8,1.12739320102e-8,1.18921299475e-8,1.06443041048e-8,2.66987632003e-9,1.49777745762e-9,1.53024937166e-9,1.3339549465e-9,6.79575618001e-10,4.66335414728e-10,2.22547591466e-10,6.12393816213e-11,6.62363983106e-11,9.03396524254e-11,4.50015684439e-11,7.84866754922e-11,4.53604306894e-11,2.79819951932e-11,2.88524378e-11,3.03343287988e-11,4.30411470353e-11,3.93077931315e-11,1.63931975633e-11,2.01796773736e-11,2.35076697691e-11,1.9489283451e-11,1.08881714408e-11]},"melbands_crest":{"dmean":4.37628412247,"dmean2":6.95801877975,"dvar":14.7555685043,"dvar2":35.6542549133,"max":37.0521202087,"mean":17.6351203918,"median":16.7182426453,"min":2.33062672615,"var":43.2099533081},"melbands_flatness_db":{"dmean":0.0481280349195,"dmean2":0.070529051125,"dvar":0.001801752951,"dvar2":0.00396891729906,"max":0.653024733067,"mean":0.269552350044,"median":0.262762695551,"min":0.00652442034334,"var":0.00667615002021},"melbands_kurtosis":{"dmean":30.8699264526,"dmean2":48.7786636353,"dvar":2968.96313477,"dvar2":6998.54931641,"max":975.009033203,"mean":45.0851554871,"median":22.4292526245,"min":-1.91370916367,"var":4352.99267578},"melbands_skewness":{"dmean":1.64917957783,"dmean2":2.48852014542,"dvar":3.44437837601,"dvar2":7.34284067154,"max":25.0874881744,"mean":4.36330270767,"median":3.74219822884,"min":-1.45666968822,"var":9.20657634735},"melbands_spread":{"dmean":6.57616758347,"dmean2":10.2520275116,"dvar":141.644210815,"dvar2":297.585845947,"max":252.159469604,"mean":13.1012592316,"median":8.89595413208,"min":0.359924823046,"var":322.969543457},"mfcc":{"cov":[[9846.85253906,-764.07623291,45.9607810974,-8.36252307892,-19.7659378052,121.724914551,43.822177887,218.089904785,110.70904541,33.3881340027,105.83316803,27.0459365845,-82.1020965576],[-764.07623291,1962.03552246,-542.833435059,70.3977127075,-21.6065654755,-81.9389877319,115.629676819,-9.20164108276,7.15948200226,78.4783325195,-29.799079895,1.14714419842,45.2113456726],[45.9607810974,-542.833435059,920.652526855,72.5974197388,198.005065918,169.896514893,38.8541412354,78.9927597046,20.8223648071,-4.07522964478,41.7277450562,26.2759609222,8.84048366547],[-8.36252307892,70.3977127075,72.5974197388,622.364868164,263.792694092,154.312866211,90.6959609985,-9.30006885529,77.3269729614,79.7043914795,19.6260166168,29.0345592499,49.3424758911],[-19.7659378052,-21.6065654755,198.005065918,263.792694092,350.824920654,138.194595337,42.6893768311,25.0997047424,62.654624939,58.1291236877,10.2468271255,26.4068698883,22.7580547333],[121.724914551,-81.9389877319,169.896514893,154.312866211,138.194595337,261.397857666,127.124145508,62.0306053162,70.9638137817,57.8882637024,78.8774032593,43.3876609802,38.0346031189],[43.822177887,115.629676819,38.8541412354,90.6959609985,42.6893768311,127.124145508,261.751037598,99.6086959839,42.8332099915,56.9118652344,59.7788925171,37.6248016357,28.1987819672],[218.089904785,-9.20164108276,78.9927597046,-9.30006885529,25.0997047424,62.0306053162,99.6086959839,175.176589966,73.4309921265,31.3262348175,55.3470001221,22.8728981018,12.59745121],[110.70904541,7.15948200226,20.8223648071,77.3269729614,62.654624939,70.9638137817,42.8332099915,73.4309921265,157.690307617,63.8910522461,42.4897384644,27.6937408447,34.6379776001],[33.3881340027,78.4783325195,-4.07522964478,79.7043914795,58.1291236877,57.8882637024,56.9118652344,31.3262348175,63.8910522461,120.789794922,52.8670959473,18.5469894409,29.1262741089],[105.83316803,-29.799079895,41.7277450562,19.6260166168,10.2468271255,78.8774032593,59.7788925171,55.3470001221,42.4897384644,52.8670959473,125.597236633,44.7184906006,23.327009201],[27.0459365845,1.14714419842,26.2759609222,29.0345592499,26.4068698883,43.3876609802,37.6248016357,22.8728981018,27.6937408447,18.5469894409,44.7184906006,83.5061721802,35.9915390015],[-82.1020965576,45.2113456726,8.84048366547,49.3424758911,22.7580547333,38.0346031189,28.1987819672,12.59745121,34.6379776001,29.1262741089,23.327009201,35.9915390015,95.3064804077]],"icov":[[0.000110529028461,0.0000478848014609,0.0000388335829484,-0.0000202706542041,0.0000304823606712,-0.0000495318017784,0.0000429822284786,-0.000157058297191,-0.00000866433038027,-0.0000357984608854,-0.00000443989983978,-0.0000457269306935,0.000132367276819],[0.0000478848014609,0.000699280120898,0.000412361550843,-0.0000167423513631,-0.000172241780092,0.00025897071464,-0.000399065145757,-0.000096552852483,0.000141725569847,-0.000391598587157,0.000239189714193,-0.0000080917016021,-0.000238760621869],[0.0000388335829484,0.000412361550843,0.00168036401737,0.000181522686034,-0.000886442663614,-0.000686563435011,0.000122747806017,-0.00072752230335,0.00052146211965,0.000322558131302,-0.0000457157439087,0.0000150731502799,-0.000149098457769],[-0.0000202706542041,-0.0000167423513631,0.000181522686034,0.0027382678818,-0.00180265528616,-0.000468045443995,-0.000748096907046,0.00121693674009,-0.000628332956694,-0.000279858883005,0.000129331310745,0.000268121424597,-0.000585318019148],[0.0000304823606712,-0.000172241780092,-0.000886442663614,-0.00180265528616,0.00566462008283,-0.00190871430095,0.00109875015914,-0.000659351877403,-0.000240992463659,-0.00170079327654,0.00209719268605,-0.00125264655799,0.000861713837367],[-0.0000495318017784,0.00025897071464,-0.000686563435011,-0.000468045443995,-0.00190871430095,0.00822066422552,-0.00299557228573,0.00100865820423,-0.00148485938553,0.000680299533997,-0.00335268373601,0.000321933504893,-0.000900652026758],[0.0000429822284786,-0.000399065145757,0.000122747806017,-0.000748096907046,0.00109875015914,-0.00299557228573,0.00705767096952,-0.00376047473401,0.00183535728138,-0.00176982756238,0.000604310829658,-0.0013436190784,0.000177545603947],[-0.000157058297191,-0.000096552852483,-0.00072752230335,0.00121693674009,-0.000659351877403,0.00100865820423,-0.00376047473401,0.0105424765497,-0.00458577554673,0.00156050478108,-0.00274580274709,0.000834898848552,0.000368515698938],[-0.00000866433038027,0.000141725569847,0.00052146211965,-0.000628332956694,-0.000240992463659,-0.00148485938553,0.00183535728138,-0.00458577554673,0.0109791094437,-0.00409437902272,0.000771002203692,-0.00112900091335,-0.00158584688324],[-0.0000357984608854,-0.000391598587157,0.000322558131302,-0.000279858883005,-0.00170079327654,0.000680299533997,-0.00176982756238,0.00156050478108,-0.00409437902272,0.0142378369346,-0.00540161505342,0.00239883153699,-0.00172501278576],[-0.00000443989983978,0.000239189714193,-0.0000457157439087,0.000129331310745,0.00209719268605,-0.00335268373601,0.000604310829658,-0.00274580274709,0.000771002203692,-0.00540161505342,0.0148054761812,-0.00579261872917,0.000775645079557],[-0.0000457269306935,-0.0000080917016021,0.0000150731502799,0.000268121424597,-0.00125264655799,0.000321933504893,-0.0013436190784,0.000834898848552,-0.00112900091335,0.00239883153699,-0.00579261872917,0.0177343022078,-0.00532010523602],[0.000132367276819,-0.000238760621869,-0.000149098457769,-0.000585318019148,0.000861713837367,-0.000900652026758,0.000177545603947,0.000368515698938,-0.00158584688324,-0.00172501278576,0.000775645079557,-0.00532010523602,0.0140118133277]],"mean":[-679.571594238,129.108734131,24.7932758331,25.3038253784,15.4723958969,2.8459854126,-0.354326218367,0.900687634945,1.04871451855,2.03434753418,-0.765795707703,0.716363728046,-0.869648933411]},"pitch_salience":{"dmean":0.101280264556,"dmean2":0.162251204252,"dvar":0.007877019234,"dvar2":0.0199690125883,"max":0.993345856667,"mean":0.506083548069,"median":0.519704759121,"min":0.0437148213387,"var":0.0201231427491},"silence_rate_20dB":{"dmean":0,"dmean2":0,"dvar":0,"dvar2":0,"max":1,"mean":1,"median":1,"min":1,"var":0},"silence_rate_30dB":{"dmean":0.0980552583933,"dmean2":0.196122854948,"dvar":0.0884553194046,"dvar2":0.168630316854,"max":1,"mean":0.883196949959,"median":1,"min":0,"var":0.103177204728},"silence_rate_60dB":{"dmean":0.0274403672665,"dmean2":0.0548841878772,"dvar":0.0266899894923,"dvar2":0.0643289685249,"max":1,"mean":0.0642542466521,"median":0,"min":0,"var":0.0601218231022},"spectral_centroid":{"dmean":306.713348389,"dmean2":467.081726074,"dvar":151116.34375,"dvar2":316725.65625,"max":10464.9384766,"mean":930.060424805,"median":788.161743164,"min":146.529220581,"var":382496.15625},"spectral_complexity":{"dmean":4.37195539474,"dmean2":6.43089103699,"dvar":27.2452583313,"dvar2":59.7731666565,"max":52,"mean":12.8342351913,"median":11,"min":0,"var":64.9810333252},"spectral_contrast_coeffs":{"dmean":[0.0554287731647,0.0525451377034,0.0484949238598,0.0390310771763,0.0323497056961,0.0224855858833],"dmean2":[0.089140728116,0.0828147605062,0.0722984075546,0.0589361786842,0.04690310359,0.034381300211],"dvar":[0.00216673966497,0.00197823601775,0.00186071812641,0.00109560252167,0.000841626490001,0.00045525902533],"dvar2":[0.00539143243805,0.00473873550072,0.0036781905219,0.00226705498062,0.00157609232701,0.000984253128991],"max":[-0.174406692386,-0.352951437235,-0.367305904627,-0.474195182323,-0.563694953918,-0.621882140636],"mean":[-0.656473696232,-0.700197041035,-0.754335582256,-0.78243458271,-0.788896560669,-0.801809489727],"median":[-0.675004839897,-0.70225507021,-0.772484004498,-0.792024850845,-0.799026489258,-0.803257405758],"min":[-0.989225685596,-0.992463767529,-0.979227662086,-0.959884464741,-0.956435739994,-0.960569381714],"var":[0.01291438099,0.00658445572481,0.00880680605769,0.00416326196864,0.00301829213277,0.00144521833863]},"spectral_contrast_valleys":{"dmean":[0.499263703823,0.49954739213,0.49401050806,0.537608325481,0.560919582844,0.530576407909],"dmean2":[0.775942265987,0.77557516098,0.737794697285,0.785727024078,0.770912826061,0.641481220722],"dvar":[0.267029434443,0.230271995068,0.224858507514,0.262184172869,0.289073944092,0.350848168135],"dvar2":[0.518809556961,0.4978518188,0.468872785568,0.542228519917,0.585978031158,0.616790413857],"max":[-4.4200592041,-4.27294921875,-5.10119819641,-5.46348619461,-5.74360990524,-7.44669914246],"mean":[-7.02458047867,-7.09033107758,-7.99174976349,-8.33676052094,-8.24356174469,-10.282201767],"median":[-6.68850803375,-6.96317005157,-7.89853191376,-8.25584793091,-8.12199211121,-9.96130371094],"min":[-27.1552181244,-27.3106155396,-26.9372386932,-27.139793396,-27.2367630005,-27.2332344055],"var":[2.1933760643,1.29263734818,1.3054047823,1.3312882185,1.48272955418,2.19581317902]},"spectral_decrease":{"dmean":8.83088624448e-9,"dmean2":1.40395135517e-8,"dvar":2.75528091629e-16,"dvar2":6.67255074639e-16,"max":5.72067707261e-20,"mean":-1.28186821158e-8,"median":-7.47736272899e-9,"min":-1.06378521991e-7,"var":2.9073505942e-16},"spectral_energy":{"dmean":0.0340281911194,"dmean2":0.053933750838,"dvar":0.00400686450303,"dvar2":0.00967873912305,"max":0.405152112246,"mean":0.0502197220922,"median":0.0297245960683,"min":1.11219183184e-20,"var":0.00428313482553},"spectral_energyband_high":{"dmean":0.000538371037692,"dmean2":0.00075485301204,"dvar":0.00000124988832795,"dvar2":0.00000238638176597,"max":0.02119750157,"mean":0.000891778327059,"median":0.000266031187493,"min":8.04787524746e-21,"var":0.00000325098085341},"spectral_energyband_low":{"dmean":0.0279539041221,"dmean2":0.0454874709249,"dvar":0.00366990151815,"dvar2":0.00901318900287,"max":0.391090452671,"mean":0.0326290950179,"median":0.0116874650121,"min":1.62071258407e-22,"var":0.00352843012661},"spectral_energyband_middle_high":{"dmean":0.00218162825331,"dmean2":0.00343251833692,"dvar":0.0000222465041588,"dvar2":0.0000589642222621,"max":0.117687262595,"mean":0.00352573418058,"median":0.00113150151446,"min":1.72667652081e-21,"var":0.0000514670246048},"spectral_energyband_middle_low":{"dmean":0.0078660286963,"dmean2":0.0123882256448,"dvar":0.000115348331747,"dvar2":0.000286952679744,"max":0.12016428262,"mean":0.0144544923678,"median":0.00956958532333,"min":3.36793068944e-22,"var":0.000214444648009},"spectral_entropy":{"dmean":0.33157363534,"dmean2":0.461590468884,"dvar":0.104341976345,"dvar2":0.200229600072,"max":9.80257415771,"mean":7.35423946381,"median":7.36744785309,"min":4.48702526093,"var":0.394642561674},"spectral_flux":{"dmean":0.0567946024239,"dmean2":0.0911818519235,"dvar":0.0062936283648,"dvar2":0.0138063579798,"max":0.585695743561,"mean":0.118061199784,"median":0.089862190187,"min":1.05460508382e-10,"var":0.00994343683124},"spectral_kurtosis":{"dmean":2.63319015503,"dmean2":3.99759554863,"dvar":16.7962589264,"dvar2":39.6432800293,"max":97.8695068359,"mean":5.92839670181,"median":4.61476993561,"min":-1.18524301052,"var":29.8246212006},"spectral_rms":{"dmean":0.00197509001009,"dmean2":0.00296330777928,"dvar":0.00000736732590667,"dvar2":0.0000161822863447,"max":0.019881406799,"mean":0.00596612598747,"median":0.00538512784988,"min":3.29403279827e-12,"var":0.0000134001729748},"spectral_rolloff":{"dmean":561.764526367,"dmean2":975.86138916,"dvar":2181460,"dvar2":5254163,"max":20736.4746094,"mean":940.407348633,"median":409.130859375,"min":21.533203125,"var":3403789},"spectral_skewness":{"dmean":0.372501045465,"dmean2":0.545568883419,"dvar":0.182098761201,"dvar2":0.395966619253,"max":8.54223823547,"mean":1.8803409338,"median":1.80786776543,"min":-0.114876970649,"var":0.477401345968},"spectral_spread":{"dmean":1162762.75,"dmean2":1613052.125,"dvar":1573353684990,"dvar2":2882141683710,"max":39595840,"mean":5796331,"median":5474370.5,"min":784920.25,"var":6102121971710},"spectral_strongpeak":{"dmean":0.467959851027,"dmean2":0.778677821159,"dvar":0.69828915596,"dvar2":1.79867088795,"max":12.0796165466,"mean":0.739347279072,"median":0.386228740215,"min":0,"var":1.07758200169},"zerocrossingrate":{"dmean":0.0158977657557,"dmean2":0.0187577996403,"dvar":0.000396699993871,"dvar2":0.000476963497931,"max":0.51611328125,"mean":0.0515816733241,"median":0.0400390625,"min":0.001953125,"var":0.00223643588834}},"metadata":{"audio_properties":{"analysis_sample_rate":44100,"bit_rate":320000,"codec":"mp3","downmix":"mix","equal_loudness":0,"length":368.927337646,"lossless":false,"md5_encoded":"6abfdb307a92095ef330ff9310a0dc65","replay_gain":-11.4879341125},"tags":{"album":["Random Access Memories"],"albumartist":["Daft Punk"],"albumartistsort":["Daft Punk"],"artist":["Daft Punk feat. Pharrell Williams"],"asin":["B00C061I3K"],"composer":["Bangalter, de Homem-Christo, Pharrell Williams, Rodgers"],"date":["2013"],"discnumber":["1/1"],"file_name":"08 Daft Punk feat. Pharrell Williams - Get Lucky.mp3","label":["Daft Life"],"language":["eng"],"media":["CD"],"musicbrainz album release country":["DE"],"musicbrainz album status":["official"],"musicbrainz album type":["album"],"musicbrainz_albumartistid":["056e4f3e-d505-4dad-8ec1-d04f521cbb56"],"musicbrainz_albumid":["95fefca0-4c4c-4619-a19d-2e183989b5c4"],"musicbrainz_artistid":["056e4f3e-d505-4dad-8ec1-d04f521cbb56/149f91ef-1287-46da-9a8e-87fee02f1471"],"musicbrainz_recordingid":["833f00e1-781f-4edd-90e4-e52712618862"],"script":["Latn"],"title":["Get Lucky"],"tracknumber":["8/13"]},"version":{"essentia":"2.1-beta1","essentia_build_sha":"64f180f9acd5298eba7f7ec621f9a19721d71d50","essentia_git_sha":"v2.1_beta1-3-gbee56e8","extractor":"music 1.0"}},"rhythm":{"beats_count":713,"beats_loudness":{"dmean":0.0536127723753,"dmean2":0.0950684398413,"dvar":0.00238292384893,"dvar2":0.00666481489316,"max":0.327144026756,"mean":0.144481152296,"median":0.160208508372,"min":1.18113376857e-8,"var":0.00463608000427},"beats_loudness_band_ratio":{"dmean":[0.0927923172712,0.0715019181371,0.0559471547604,0.0271949507296,0.011773634702,0.0220694541931],"dmean2":[0.170114308596,0.135978922248,0.101468361914,0.048597369343,0.0210959594697,0.0414162687957],"dvar":[0.00883258227259,0.00855231005698,0.0111916353926,0.00348896882497,0.000674597977195,0.00353535544127],"dvar2":[0.0230497028679,0.0262965410948,0.0312546566129,0.