{"lowlevel":{"average_loudness":0.885728657246,"barkbands":{"dmean":[0.000397408555727,0.0109176607803,0.00135455117561,0.00110555428546,0.00177683413494,0.00132091809064,0.00115355022717,0.00103928148746,0.00128126866184,0.000514270563144,0.000324756896589,0.000595182878897,0.000512020487804,0.000397571129724,0.000388800544897,0.000266855116934,0.000497486849781,0.0002863072732,0.000164243203471,0.0000675139017403,0.0000595322489971,0.0000453818975075,0.0000262367775576,0.0000118828384075,0.0000106950637928,0.00000670020381222,0.00000251074379776],"dmean2":[0.000607965572271,0.0171317961067,0.00246268208139,0.00188850983977,0.00291641848162,0.00215175375342,0.00181683094706,0.00161033240147,0.00202442402951,0.000816668209154,0.000519751629326,0.000889944378287,0.000780399772339,0.000613042153418,0.000586032692809,0.000407543906476,0.000741935276892,0.000450487947091,0.000255801656749,0.000105111357698,0.000083908184024,0.0000626161272521,0.0000349442307197,0.0000166800055013,0.0000147329756146,0.00000968492804532,0.00000394731569031],"dvar":[6.95068536061e-7,0.000392830814235,0.0000098234440884,0.0000036346602883,0.00000862096203491,0.00000359673003913,0.00000533649927092,0.0000049464138101,0.00000386525698559,0.00000109476536636,3.08190635678e-7,8.02090710295e-7,6.40999644475e-7,4.17648635676e-7,4.17316272205e-7,1.47810965245e-7,3.67999462014e-7,2.75118168247e-7,6.43620623464e-8,3.00055909008e-8,2.3004382399e-8,1.60514854741e-8,9.31025034845e-9,4.23484980416e-9,7.81311848552e-10,5.60033741603e-10,4.44198601512e-11],"dvar2":[0.00000143784757256,0.000888427719474,0.0000287390921585,0.00000978804018814,0.0000207354405575,0.00000854800418892,0.0000123187237477,0.0000114398008009,0.00000921785886021,0.00000253189773503,7.39904805869e-7,0.00000187179773548,0.00000141923544561,0.00000101569935396,0.00000101902764982,3.34475004138e-7,8.52534469686e-7,6.59524516777e-7,1.56557490527e-7,6.60119710005e-8,3.82829767887e-8,2.72913176502e-8,1.40275737692e-8,9.65511226525e-9,1.40864464537e-9,1.09464604048e-9,1.08613951166e-10],"max":[0.0116255898029,0.219674378633,0.0414701588452,0.0242104772478,0.0598743148148,0.0367254391313,0.05584647879,0.0573339164257,0.0450895503163,0.0342455133796,0.0171499252319,0.0234182905406,0.0252859145403,0.0131881078705,0.0124527262524,0.00865585263819,0.0125330844894,0.0110204806551,0.00607769750059,0.00656696874648,0.00388359860517,0.0037507484667,0.00682154204696,0.00478869304061,0.000819202396087,0.000961941899732,0.000227988886763],"mean":[0.000525482289959,0.0221624914557,0.00167525582947,0.00147657829802,0.00346873793751,0.0025937135797,0.00217726198025,0.00205049780197,0.00241955113597,0.00101437035482,0.000542948546354,0.00129333103541,0.00108323723543,0.000792582752183,0.000743656535633,0.000549199758098,0.00101817701943,0.000565147842281,0.000342657294823,0.000137432900374,0.000131287917611,0.000100599310827,0.000053132771427,0.0000226471092901,0.0000201623242901,0.00000984782036539,0.00000279135633718],"median":[0.000103486221633,0.0180293302983,0.000942570564803,0.000806638854556,0.00188577210065,0.00151041615754,0.000788244884461,0.000552802579477,0.00118657434359,0.000580326654017,0.00025742847356,0.00077956484165,0.000611178926192,0.000431015621871,0.000448207516456,0.000337162200594,0.000778165413067,0.000303532928228,0.000220914036618,0.0000616489051026,0.0000475125852972,0.0000332444833475,0.0000133454432216,0.00000432634988101,0.00000521411584486,0.00000131555930238,2.66779807134e-7],"min":[1.46497234916e-13,2.17747694875e-13,1.42158745713e-13,1.38452725847e-13,3.2310452599e-13,2.78987011444e-13,2.24639331117e-13,1.53781379449e-13,1.2352261141e-13,4.28327383598e-14,1.65622977979e-14,2.14164081434e-14,4.7998738095e-14,7.93162397198e-14,6.17375006911e-14,2.37049607238e-14,2.12200167783e-14,8.54554430419e-15,9.92962748023e-15,1.35990377352e-14,1.43587415856e-14,1.52997070986e-14,7.15294082374e-15,7.95444066789e-15,1.60799125344e-14,7.3675950662e-15,4.00624459551e-14],"var":[0.00000114019553621,0.000703414494637,0.00000751878496885,0.00000423525489168,0.0000221169539145,0.0000111113813546,0.0000169850627572,0.0000194278709387,0.0000126305412778,0.00000345021180692,7.76283684445e-7,0.00000283619328911,0.00000213901444113,0.00000113620569664,9.01236717255e-7,5.05892217006e-7,9.68710082816e-7,7.36430592951e-7,1.79436455028e-7,7.17182189192e-8,8.5500339253e-8,6.13736190758e-8,2.93067028423e-8,8.78198047616e-9,2.51341214508e-9,1.16551868157e-9,5.53074183673e-11]},"barkbands_crest":{"dmean":2.69220542908,"dmean2":4.3476691246,"dvar":7.30268907547,"dvar2":16.6192188263,"max":25.7674541473,"mean":12.0149621964,"median":11.6439914703,"min":2.25231075287,"var":23.5349884033},"barkbands_flatness_db":{"dmean":0.0197571441531,"dmean2":0.0295787584037,"dvar":0.000411501852795,"dvar2":0.00090563565027,"max":0.365402877331,"mean":0.162844240665,"median":0.154938995838,"min":0.0267977155745,"var":0.00328706437722},"barkbands_kurtosis":{"dmean":1.92950594425,"dmean2":2.93190407753,"dvar":14.5489597321,"dvar2":33.34116745,"max":96.6213912964,"mean":2.4369301796,"median":0.860745787621,"min":-1.87433481216,"var":26.9604454041},"barkbands_skewness":{"dmean":0.440112620592,"dmean2":0.663569569588,"dvar":0.267359852791,"dvar2":0.574657797813,"max":9.44827842712,"mean":1.37054264545,"median":1.21143746376,"min":-6.55311346054,"var":0.96450906992},"barkbands_spread":{"dmean":3.89046406746,"dmean2":5.83444547653,"dvar":18.6656551361,"dvar2":37.5100212097,"max":134.96647644,"mean":20.007850647,"median":19.1978435516,"min":1.33471739292,"var":94.8896636963},"dissonance":{"dmean":0.0182430557907,"dmean2":0.0309037566185,"dvar":0.000288284878479,"dvar2":0.000782378541771,"max":0.499979317188,"mean":0.462653756142,"median":0.470528185368,"min":0,"var":0.000883572967723},"dynamic_complexity":3.75776934624,"erbbands":{"dmean":[0.395913302898,2.25703954697,1.84413099289,2.75222110748,4.40991067886,6.59826374054,9.33317375183,11.2239961624,16.2444190979,16.9442462921,27.0969543457,27.0404052734,19.5260047913,13.5593976974,12.2864732742,27.3408851624,24.0295848846,22.8013286591,19.9898815155,12.9950017929,19.3673458099,18.2693309784,16.1587715149,10.6233978271,6.90144300461,3.50943136215,2.34640669823,2.39397978783,1.71435248852,1.13283824921,0.684017241001,0.316613316536,0.172015726566,0.111059524119,0.0880544707179,0.0325387306511,0.0125273829326,0.00261026923545,0.000244821130764,0.0000501629692735],"dmean2":[0.606384396553,3.68309402466,3.25891637802,4.78985023499,7.36141061783,10.9374303818,15.3885650635,18.4775485992,25.6513156891,26.4179325104,42.125289917,42.8124198914,31.2209072113,21.0187759399,19.3636722565,40.2150688171,36.1279678345,35.2765769958,30.2671775818,19.5901031494,28.752450943,27.6054649353,24.9326000214,16.5933971405,10.7717046738,5.47911691666,3.43743824959,3.3597111702,2.37385606766,1.56085765362,0.924660563469,0.443355947733,0.237539738417,0.152472421527,0.125711679459,0.0454090759158,0.0185324754566,0.00417595123872,0.000392976828152,0.0000751352054067],"dvar":[0.629484117031,16.5201148987,15.6040430069,25.7262916565,69.3686904907,152.198608398,187.16758728,327.697875977,1095.56604004,1422.25732422,2923.89111328,2081.14892578,1277.99047852,922.011779785,332.665740967,1858.10546875,1473.34533691,1311.70593262,1158.69873047,422.085235596,640.499389648,539.047546387,662.832824707,233.346343994,157.822525024,77.3733825684,32.0199890137,39.5405540466,22.391702652,13.6455373764,7.03613424301,4.90195894241,0.400129377842,0.128321796656,0.0396656282246,0.0107485521585,0.00222321832553,0.000092366572062,6.93470497026e-7,1.05003641337e-8],"dvar2":[1.29385626316,41.6496772766,44.5606155396,70.7580718994,172.447219849,351.375793457,478.228271484,793.90032959,2600.10400391,3281.29931641,6796.87451172,4838.86425781,3169.2421875,2062.17041016,817.308044434,4233.70507812,3186.02807617,3223.46142578,2725.56030273,976.721435547,1440.48669434,1289.71044922,1591.01123047,564.493652344,366.769866943,175.243682861,59.4630279541,67.4625549316,39.0262641907,23.9266586304,10.8603515625,10.9232130051,0.719867527485,0.231002122164,0.0788729861379,0.0191441774368,0.00465056532994,0.000225369163672,0.00000171952797245,2.48686973237e-8],"max":[8.93118667603,45.2026138306,48.4276161194,59.9659538269,147.496963501,299.673950195,307.990203857,341.704650879,758.67199707,1027.49707031,1368.0625,1137.58532715,1168.48828125,1312.90454102,433.132202148,1189.40112305,1226.60949707,650.892028809,595.021728516,419.302185059,624.118408203,481.838653564,608.42388916,395.571014404,370.892120361,355.743896484,158.600082397,177.464126587,126.286018372,139.369781494,185.536239624,178.828277588,28.5002307892,11.1905937195,5.87914609909,4.41365766525,2.02428865433,0.310671627522,0.0315738208592,0.00172975414898],"mean":[0.662250757217,4.75954866409,3.3508682251,4.0105881691,7.44278669357,12.0527477264,16.7831687927,20.5178432465,31.5628910065,33.577507019,54.7186012268,53.6601028442,38.895236969,29.2959461212,26.8810462952,63.1840324402,54.225440979,47.9118003845,39.5908317566,27.4938621521,43.1847190857,41.8348083496,35.5725746155,23.7968959808,14.213514328,7.33970499039,5.10567045212,5.15087556839,3.77622699738,2.43169808388,1.36223495007,0.585803508759,0.334565073252,0.210225448012,0.157036930323,0.0550513118505,0.0165097527206,0.002833153354,0.000294276833301,0.000100574980024],"median":[0.344667434692,3.33983469009,2.11217451096,2.55413937569,3.44766283035,5.94679355621,9.84372901917,10.8337154388,12.2736167908,11.5939445496,21.3534049988,27.0517539978,20.6583442688,17.558139801,19.0191307068,39.244102478,32.6945457458,28.5831756592,22.8035583496,18.3764133453,30.8487854004,31.7373580933,22.2458076477,15.1655626297,8.1610994339,3.37622952461,1.87262177467,1.82043647766,1.29682433605,0.603465437889,0.341671824455,0.105559483171,0.0679821074009,0.0427403599024,0.0410239435732,0.0105660427362,0.0015653440496,0.000254386744928,0.0000623933447059,0.000073191957199],"min":[7.97050186269e-12,4.41017465602e-11,1.46802667245e-10,3.48462536603e-10,6.80314138357e-10,1.15368126163e-9,1.75233638711e-9,2.42235698167e-9,1.85353277171e-9,3.51785911512e-9,3.61658814008e-9,2.74934985889e-9,1.57146085034e-9,1.25129495654e-9,6.05183236857e-10,1.0671873385e-9,1.68135294576e-9,4.21301526998e-9,2.51198861712e-9,2.29286700737e-9,1.21546561704e-9,1.1897917096e-9,6.03756877826e-10,3.86678106201e-10,5.45960998632e-10,6.52585763206e-10,5.77054015682e-10,5.39389699572e-10,5.12204334502e-10,4.74590200472e-10,1.60635726942e-10,1.65823327292e-10,1.34432326382e-10,1.28059854387e-10,1.31723784658e-10,2.88619093902e-11,1.35274283095e-11,1.29973254381e-11,5.11424973551e-12,6.03404967051e-13],"var":[0.987810254097,29.9628276825,18.1944694519,27.0994529724,131.191726685,429.779663086,501.728607178,879.127502441,3120.81518555,5068.74902344,11021.9003906,7383.34814453,3834.16113281,2965.20898438,831.299743652,6873.01757812,5056.15380859,3653.98803711,2638.03735352,978.309692383,2313.20947266,1662.10839844,2086.04638672,787.02154541,395.788146973,177.055175781,111.129051208,145.862915039,84.148147583,46.3465232849,21.1252155304,8.84559822083,1.28267812729,0.403986394405,0.113409988582,0.0268492847681,0.00402261177078,0.000116417038953,8.74449426647e-7,1.48659857757e-8]},"erbbands_crest":{"dmean":2.21262311935,"dmean2":3.45197176933,"dvar":3.89382839203,"dvar2":9.22481536865,"max":29.657989502,"mean":9.07838916779,"median":8.06641387939,"min":2.68434929848,"var":16.3543281555},"erbbands_flatness_db":{"dmean":0.0150839164853,"dmean2":0.0212265904993,"dvar":0.000230251825997,"dvar2":0.000417840434238,"max":0.379897266626,"mean":0.192936271429,"median":0.183621615171,"min":0.0579463019967,"var":0.00323229213245},"erbbands_kurtosis":{"dmean":0.628340125084,"dmean2":0.967221856117,"dvar":0.532947123051,"dvar2":1.3043680191,"max":16.0214977264,"mean":0.128098502755,"median":-0.167771339417,"min":-1.86306226254,"var":1.51371276379},"erbbands_skewness":{"dmean":0.299108833075,"dmean2":0.449962168932,"dvar":0.0623874180019,"dvar2":0.146407008171,"max":2.95867538452,"mean":0.0145912133157,"median":-0.0110370479524,"min":-3.58036184311,"var":0.434074997902},"erbbands_spread":{"dmean":4.57355260849,"dmean2":6.82978820801,"dvar":21.8963756561,"dvar2":49.1417579651,"max":186.090484619,"mean":28.1600456238,"median":26.8131446838,"min":4.40252780914,"var":105.889297485},"gfcc":{"cov":[[18304.2910156,-2371.80981445,-122.600517273,2265.14868164,-285.010528564,1696.27612305,8.21758937836,1624.03540039,828.13482666,191.461105347,-1.50642895699,247.358352661,-575.732421875],[-2371.80981445,1451.06213379,-451.983703613,-379.645202637,287.983642578,-503.564147949,180.549697876,-309.614929199,-14.1514062881,-113.079544067,89.8043746948,-83.4711761475,134.122421265],[-122.600517273,-451.983703613,571.457946777,49.176158905,-92.5271453857,149.238967896,-78.9186019897,65.339050293,-33.3626098633,76.8853378296,-27.7407932281,48.0490646362,-18.9151630402],[2265.14868164,-379.645202637,49.176158905,487.633148193,6.04865932465,270.564788818,14.2995939255,249.505310059,133.357177734,19.7996196747,24.8641777039,32.9693489075,-52.1431236267],[-285.010528564,287.983642578,-92.5271453857,6.04865932465,314.101257324,-53.8955726624,96.423866272,7.82103919983,18.6956672668,-16.2071838379,33.1206245422,3.50256204605,22.3204174042],[1696.27612305,-503.564147949,149.238967896,270.564788818,-53.8955726624,368.530853271,2.70276141167,219.778884888,79.9759368896,35.7015533447,1.35101759434,39.0441513062,-61.9835853577],[8.21758937836,180.549697876,-78.9186019897,14.2995939255,96.423866272,2.70276141167,156.699523926,33.0333938599,39.7895469666,-17.3333244324,30.6663551331,3.30289745331,12.5725450516],[1624.03540039,-309.614929199,65.339050293,249.505310059,7.82103919983,219.778884888,33.0333938599,298.719299316,114.337593079,42.017742157,18.9713573456,28.2604904175,-56.6654014587],[828.13482666,-14.1514062881,-33.3626098633,133.357177734,18.6956672668,79.9759368896,39.7895469666,114.337593079,162.28263855,26.7980861664,31.0418739319,11.990447998,-35.2021522522],[191.461105347,-113.079544067,76.8853378296,19.7996196747,-16.2071838379,35.7015533447,-17.3333244324,42.017742157,26.7980861664,115.714347839,27.153049469,4.67299747467,-7.54112958908],[-1.50642895699,89.8043746948,-27.7407932281,24.8641777039,33.1206245422,1.35101759434,30.6663551331,18.9713573456,31.0418739319,27.153049469,82.3215484619,16.5290699005,8.17569351196],[247.358352661,-83.4711761475,48.0490646362,32.9693489075,3.50256204605,39.0441513062,3.30289745331,28.2604904175,11.990447998,4.67299747467,16.5290699005,71.7897567749,-0.345225393772],[-575.732421875,134.122421265,-18.9151630402,-52.1431236267,22.3204174042,-61.9835853577,12.5725450516,-56.6654014587,-35.2021522522,-7.54112958908,8.17569351196,-0.345225393772,94.7229232788]],"icov":[[0.000256130908383,-0.000203985939152,0.000404064514441,-0.000780448201112,0.000279258762021,-0.000469477818115,0.000186003308045,-0.000525446783286,0.0000637844932498,-0.000472129439004,0.000757249479648,-0.000742618867662,0.000702693301719],[-0.000203985939152,0.00339437020011,0.000157218848472,0.00156324461568,-0.00153455289546,0.00288200029172,-0.00173844909295,0.00142119976226,-0.00211698329076,0.00249147671275,-0.00362800108269,0.00287103280425,-0.00209051067941],[0.000404064514441,0.000157218848472,0.00329163856804,-0.000916255870834,0.000414123933297,-0.00134012545459,0.000683146645315,-0.000819100008812,0.000749064842239,-0.00213132193312,0.00183674436994,-0.00239765224978,0.000772473053075],[-0.000780448201112,0.00156324461568,-0.000916255870834,0.00728294439614,-0.00166941189673,-0.0000505806856381,0.000110465996841,-0.0000806513926364,-0.00247602420859,0.00319245760329,-0.00399177474901,0.00302061578259,-0.0031440295279],[0.000279258762021,-0.00153455289546,0.000414123933297,-0.00166941189673,0.00505632720888,-0.000486296979943,-0.00147246627603,-0.00139196950477,0.00122787326109,-0.00127137161326,0.00142730725929,-0.00206907931715,0.0011113275541],[-0.000469477818115,0.00288200029172,-0.00134012545459,-0.0000505806856381,-0.000486296979943,0.00955967232585,-0.00245154439472,-0.00095295655774,-0.00114599836525,0.00227841665037,-0.00301754497923,0.00193387968466,-0.00108128669672],[0.000186003308045,-0.00173844909295,0.000683146645315,0.000110465996841,-0.00147246627603,-0.00245154439472,0.0104979444295,-0.00208369805478,-0.000806795549579,0.000696266419254,-0.000340751023032,-0.00126143882517,-0.000327416171785],[-0.000525446783286,0.00142119976226,-0.000819100008812,-0.0000806513926364,-0.00139196950477,-0.00095295655774,-0.00208369805478,0.00990264862776,-0.00299836928025,0.0000568834293517,-0.0019420653116,0.0017741144402,-0.000444703444373],[0.0000637844932498,-0.00211698329076,0.000749064842239,-0.00247602420859,0.00122787326109,-0.00114599836525,-0.000806795549579,-0.00299836928025,0.0119641050696,-0.0033198739402,0.000485369120724,-0.00214136857539,0.00357820349745],[-0.000472129439004,0.00249147671275,-0.00213132193312,0.00319245760329,-0.00127137161326,0.00227841665037,0.000696266419254,0.0000568834293517,-0.0033198739402,0.0142933111638,-0.00836458429694,0.00478950934485,-0.0026899559889],[0.000757249479648,-0.00362800108269,0.00183674436994,-0.00399177474901,0.00142730725929,-0.00301754497923,-0.000340751023032,-0.0019420653116,0.000485369120724,-0.00836458429694,0.0220673959702,-0.00847948342562,0.00206045084633],[-0.000742618867662,0.00287103280425,-0.00239765224978,0.00302061578259,-0.00206907931715,0.00193387968466,-0.00126143882517,0.0017741144402,-0.00214136857539,0.00478950934485,-0.00847948342562,0.020431779325,-0.00402129255235],[0.000702693301719,-0.00209051067941,0.000772473053075,-0.0031440295279,0.0011113275541,-0.00108128669672,-0.000327416171785,-0.000444703444373,0.00357820349745,-0.0026899559889,0.00206045084633,-0.00402129255235,0.0159428212792]],"mean":[-18.287815094,137.24546814,-135.842575073,22.6987762451,-33.9487037659,1.74239313602,-23.9639568329,5.73794794083,-15.0093774796,3.32355260849,-8.6876115799,4.19999456406,-6.62920475006]},"hfc":{"dmean":4.23045539856,"dmean2":6.28327274323,"dvar":23.5044059753,"dvar2":46.7929191589,"max":129.877029419,"mean":23.5982589722,"median":22.5775299072,"min":2.58993781976e-9,"var":212.168457031},"melbands":{"dmean":[0.00329450028948,0.00156545999926,0.000490847509354,0.000390417815652,0.000310419738526,0.000253321952187,0.000246167415753,0.000182237301487,0.000238751279539,0.00016512502043,0.0000983854843071,0.0000572077187826,0.0000460182491224,0.0000701780518284,0.0000575269550609,0.000044740663725,0.0000442469136033,0.0000308261696773,0.0000218936966121,0.0000179246617336,0.000027598673114,0.0000204289863177,0.0000225666026381,0.000018991633624,0.0000081899588622,0.00000660745308778,0.00000307029404212,0.00000228606450037,0.00000156451130806,0.00000159897570029,0.00000146392460465,0.00000112439715849,7.86187399626e-7,6.25862128345e-7,4.72661696449e-7,2.54455557069e-7,1.7849693279e-7,1.26749938545e-7,1.0530667538e-7,9.659002842e-8],"dmean2":[0.00511695211753,0.00257322122343,0.000843505898956,0.000643536448479,0.000510842422955,0.000413871573983,0.000386456784327,0.000282978318864,0.00037325968151,0.000260648463154,0.000157402799232,0.0000885299086804,0.0000732344560674,0.000106099367258,0.0000849627540447,0.0000683873076923,0.0000687927822582,0.0000468016223749,0.0000337723104167,0.0000270242780971,0.0000411029286624,0.0000306005749735,0.0000349983019987,0.0000299081293633,0.0000128932661028,0.0000103808888525,0.00000481061033497,0.0000036180049392,0.0000023696536573,0.00000233440187003,0.00000213461748899,0.00000163725951552,0.00000115139494028,8.82263861968e-7,6.61854244299e-7,3.52965486172e-7,2.5937183068e-7,1.80083887358e-7,1.49859161525e-7,1.37416563462e-7],"dvar":[0.0000383252190659,0.00000794753850641,7.45014233416e-7,4.82237510369e-7,2.10290451719e-7,1.63515622376e-7,2.39365363086e-7,1.52724268787e-7,1.82601340271e-7,7.13977001965e-8,3.23093765076e-8,1.75911765155e-8,5.6962394801e-9,1.07124469295e-8,6.31214147617e-9,4.25618562616e-9,5.5190385595e-9,2.68690669714e-9,1.62417324034e-9,7.3684280899e-10,1.35883049257e-9,6.14437445368e-10,1.25085042324e-9,1.34863398227e-9,1.43959705268e-10,1.39634692697e-10,6.4321138693e-11,3.22902260486e-11,1.34289359147e-11,2.00483813578e-11,1.43214372653e-11,9.21266795489e-12,6.28009580103e-12,4.23435375305e-12,2.47822964407e-12,4.11830855876e-12,1.10613710032e-12,2.28711743554e-13,1.34489804276e-13,9.8322215712e-14],"dvar2":[0.0000832342338981,0.000021134294002,0.00000202497471946,0.00000116566411634,5.30697604972e-7,3.91568562463e-7,5.61828244372e-7,3.5488830008e-7,4.31836070902e-7,1.66231373555e-7,7.98262860258e-8,3.89237371223e-8,1.38086893031e-8,2.53948115869e-8,1.37816797974e-8,9.85518333607e-9,1.38790801074e-8,6.27892227101e-9,4.06212441462e-9,1.62764746126e-9,2.98832425472e-9,1.43030254307e-9,2.99831137696e-9,3.2496343394e-9,3.57564478026e-10,3.29405919208e-10,1.47496001524e-10,7.62600538273e-11,2.84496350089e-11,3.84863564629e-11,2.70491806037e-11,1.79319649407e-11,1.23361208401e-11,7.79754559532e-12,4.206524018e-12,8.19079179482e-12,2.53033336471e-12,4.19030316088e-13,2.5908965186e-13,1.87803521649e-13],"max":[0.0696048215032,0.0353620499372,0.00946705136448,0.0136892218143,0.00995408929884,0.00796843320131,0.0122607192025,0.0101643903181,0.0105346953496,0.00614639697596,0.00569498399273,0.00576970772818,0.00227186921984,0.00254415487871,0.00245583825745,0.00152697286103,0.00138038268778,0.00105621211696,0.00084664725,0.000710514781531,0.00103486760054,0.000487408717163,0.000836018880364,0.000864912755787,0.000352760631358,0.000324831053149,0.000376156705897,0.000211105609196,0.00010789388034,0.000133839843329,0.000112412220915,0.0000815763050923,0.0000832351652207,0.0000723100092728,0.0000982208366622,0.000163531673024,0.0000780239206506,0.0000213019611692,0.0000118112211567,0.00000963256297837],"mean":[0.00622846465558,0.00346564524807,0.00075220951112,0.000716583861504,0.000572526827455,0.000480005459394,0.0004877395113,0.000363975763321,0.000466762838187,0.000320975319482,0.00018819939578,0.000117629606393,0.0000830898716231,0.000152163265739,0.000136406626552,0.0000986328232102,0.0000869747527759,0.0000586249807384,0.0000429093379353,0.0000349389883922,0.0000571143245907,0.0000439417344751,0.000040671962779,0.0000339765974786,0.000016836265786,0.00001236373555,0.00000627658755548,0.00000435133233623,0.00000307810591949,0.00000308716744257,0.00000297200995192,0.00000232227216657,0.00000156422015607,0.00000125820895391,8.87521821369e-7,4.53033123904e-7,3.10664745484e-7,2.35921817193e-7,1.96661645191e-7,1.69683659124e-7],"median":[0.00463148299605,0.00229245121591,0.000476607645396,0.000339266378433,0.000335946795531,0.000252088124398,0.000189822632819,0.000116715193144,0.000192787294509,0.000152628781507,0.0000931687682169,0.0000664239487378,0.000046125445806,0.0000954646384344,0.0000902377287275,0.0000635398246231,0.0000472726314911,0.0000326824520016,0.0000273584191746,0.0000220743386308,0.0000382656580769,0.0000329782305926,0.0000249772347161,0.0000166314057424,0.0000106169536593,0.00000650769425192,0.00000335116055794,0.00000181047016667,0.00000106675258849,0.00000101343698589,0.00000106490688268,8.05926902103e-7,3.78118784283e-7,3.00744886772e-7,2.26331508202e-7,7.85799301184e-8,4.86315485659e-8,4.62433469295e-8,3.62639838158e-8,2.95397342143e-8],"min":[7.2808099339e-14,7.16207217773e-14,6.92742914356e-14,6.57867179786e-14,6.07535262332e-14,5.45882309082e-14,3.50942148605e-14,3.81616498113e-14,2.88882314608e-14,1.67375302799e-14,7.94414582945e-15,5.24480768061e-15,2.08250906313e-15,2.00746024994e-15,2.24598155151e-15,5.40134445146e-15,7.7243399326e-15,3.94817811528e-15,4.23396703168e-15,2.02974378096e-15,1.29341391062e-15,1.28596563228e-15,8.71769697446e-16,3.12789388617e-16,2.98069755938e-16,4.14171767925e-16,3.79782336146e-16,4.53902139484e-16,3.63717879845e-16,3.63586139752e-16,2.7164523966e-16,2.20913233605e-16,4.06212384608e-16,2.07215638822e-16,7.17991315858e-17,1.3596249938e-16,7.5627283756e-17,8.03344509847e-17,1.05820057711e-16,1.15075924215e-16],"var":[0.0000641551014269,0.0000148722301674,8.559085245e-7,0.00000115791453936,5.67286633668e-7,4.95262440836e-7,7.33807894449e-7,5.71140105876e-7,6.64137360218e-7,2.47208930659e-7,9.74344160909e-8,5.62183402053e-8,1.37504372333e-8,3.67530965661e-8,2.45995686043e-8,1.30407364907e-8,1.43829561594e-8,6.12168360448e-9,3.34005911817e-9,1.80503623159e-9,4.68426719635e-9,1.8775327959e-9,2.98222047057e-9,3.16105519538e-9,4.11429890157e-10,3.33434502231e-10,1.30708208146e-10,6.78886599714e-11,3.99942821916e-11,5.67676808338e-11,4.86240318842e-11,3.06781128279e-11,1.87633207582e-11,1.31446346863e-11,7.41292097151e-12,7.68378329713e-12,2.05355394148e-12,6.82070610929e-13,3.99197574953e-13,2.73251771687e-13]},"melbands_crest":{"dmean":3.14158701897,"dmean2":4.95378494263,"dvar":9.32520961761,"dvar2":19.3970279694,"max":32.6513175964,"mean":15.4323291779,"median":15.0202960968,"min":3.31527733803,"var":31.8624324799},"melbands_flatness_db":{"dmean":0.0238055232912,"dmean2":0.0356989838183,"dvar":0.000641646503936,"dvar2":0.00135487283114,"max":0.479671478271,"mean":0.245480656624,"median":0.235121041536,"min":0.0410035699606,"var":0.0048473905772},"melbands_kurtosis":{"dmean":4.56933689117,"dmean2":6.99789953232,"dvar":82.6985397339,"dvar2":189.472930908,"max":248.789962769,"mean":8.45599937439,"median":4.93069124222,"min":-1.5501408577,"var":144.307815552},"melbands_skewness":{"dmean":0.595049679279,"dmean2":0.902380228043,"dvar":0.514720380306,"dvar2":1.13161551952,"max":13.5949268341,"mean":2.32821178436,"median":2.10011577606,"min":-1.03749012947,"var":1.7573133707},"melbands_spread":{"dmean":5.07964372635,"dmean2":7.86482143402,"dvar":43.3520774841,"dvar2":101.446372986,"max":260.089111328,"mean":21.1419277191,"median":19.4940910339,"min":1.28282606602,"var":144.546920776},"mfcc":{"cov":[[12921.359375,-142.732254028,-810.010559082,1204.67565918,213.494125366,398.471862793,183.30380249,873.414611816,631.722229004,573.249023438,769.08392334,476.406066895,397.680969238],[-142.732254028,1260.77709961,-497.13861084,72.2641143799,33.7378234863,-62.6609802246,14.2115077972,40.3684387207,1.01488411427,-57.3157653809,37.0816497803,18.7933959961,24.0602684021],[-810.010559082,-497.13861084,658.133483887,-183.421890259,-60.3570365906,9.56993293762,-57.3672332764,-110.416778564,-78.5542984009,-9.89507198334,-72.0182495117,-62.3860740662,-34.5405197144],[1204.67565918,72.2641143799,-183.421890259,343.786193848,95.6304397583,40.4707984924,51.5661048889,136.404968262,103.013252258,62.1451911926,100.660972595,82.3847503662,63.1973152161],[213.494125366,33.7378234863,-60.3570365906,95.6304397583,149.867858887,27.8954257965,45.9305877686,28.1187152863,45.5752182007,22.3893432617,16.8644065857,32.4590606689,10.6369190216],[398.471862793,-62.6609802246,9.56993293762,40.4707984924,27.8954257965,123.620880127,21.6180438995,46.8466644287,20.4845485687,22.2511062622,23.3812923431,19.0960578918,22.7837467194],[183.30380249,14.2115077972,-57.3672332764,51.5661048889,45.9305877686,21.6180438995,151.067306519,53.0431976318,44.2163963318,21.8330345154,6.28837203979,33.1257019043,7.43068265915],[873.414611816,40.3684387207,-110.416778564,136.404968262,28.1187152863,46.8466644287,53.0431976318,195.071655273,89.2764663696,38.8326683044,68.3495330811,56.531337738,51.5690383911],[631.722229004,1.01488411427,-78.5542984009,103.013252258,45.5752182007,20.4845485687,44.2163963318,89.2764663696,131.303833008,55.1561050415,41.9455337524,46.1480140686,25.8164997101],[573.249023438,-57.3157653809,-9.89507198334,62.1451911926,22.3893432617,22.2511062622,21.8330345154,38.8326683044,55.1561050415,120.519294739,70.3530273438,26.8496704102,26.2614326477],[769.08392334,37.0816497803,-72.0182495117,100.660972595,16.8644065857,23.3812923431,6.28837203979,68.3495330811,41.9455337524,70.3530273438,155.552490234,59.5895805359,48.6073989868],[476.406066895,18.7933959961,-62.3860740662,82.3847503662,32.4590606689,19.0960578918,33.1257019043,56.531337738,46.1480140686,26.8496704102,59.5895805359,102.491043091,46.8519287109],[397.680969238,24.0602684021,-34.5405197144,63.1973152161,10.6369190216,22.7837467194,7.43068265915,51.5690383911,25.8164997101,26.2614326477,48.6073989868,46.8519287109,92.2781143188]],"icov":[[0.000175984110683,0.0000638945566607,0.000101697412902,-0.000285823072772,0.000174379631062,-0.000253490929026,0.000123069199617,-0.000255303661106,-0.00019700791745,-0.000284169916995,-0.00030129251536,-0.0000965096114669,-0.0000223191145778],[0.0000638945566607,0.00126002449542,0.000996976508759,0.0000875955665833,-0.000215772364754,0.000406664912589,0.0000464752956759,-0.00013214154751,0.000198583074962,0.000541649467777,-0.000476403860375,0.000287835224299,-0.000401038909331],[0.000101697412902,0.000996976508759,0.00275131314993,0.000677200092468,0.000090009678388,-0.000430307321949,0.000427043443779,0.000254248123383,0.000492650491651,-0.000508964876644,0.000147458704305,0.00026512297336,-0.000418035575422],[-0.000285823072772,0.0000875955665833,0.000677200092468,0.00626299111173,-0.0027162397746,0.00052026490448,0.000112645924673,-0.00148598814849,-0.000760003051255,0.000299790728604,-0.000913096650038,-0.00053944834508,-0.000938647775911],[0.000174379631062,-0.000215772364754,0.000090009678388,-0.0027162397746,0.00961552467197,-0.00195978605188,-0.00159290840384,0.00169920234475,-0.00196029897779,-0.000531844270881,0.000578889332246,-0.00132497528102,0.000820437213406],[-0.000253490929026,0.000406664912589,-0.000430307321949,0.00052026490448,-0.00195978605188,0.0102319763973,-0.000638201832771,-0.0019539592322,0.00133052526508,-0.000194096675841,0.00016992680321,0.000358350313036,-0.00127647060435],[0.000123069199617,0.0000464752956759,0.000427043443779,0.000112645924673,-0.00159290840384,-0.000638201832771,0.00865838769823,-0.00200905487873,-0.00063983630389,-0.00152952270582,0.00168083258905,-0.00232185423374,0.0012147052912],[-0.000255303661106,-0.00013214154751,0.000254248123383,-0.00148598814849,0.00169920234475,-0.0019539592322,-0.00200905487873,0.0109040020034,-0.00463443947956,0.00217729364522,-0.00142460374627,0.000346946675563,-0.00214652880095],[-0.00019700791745,0.000198583074962,0.000492650491651,-0.000760003051255,-0.00196029897779,0.00133052526508,-0.00063983630389,-0.00463443947956,0.0152564784512,-0.00490067852661,0.00245672301389,-0.00264358357526,0.0012155873701],[-0.000284169916995,0.000541649467777,-0.000508964876644,0.000299790728604,-0.000531844270881,-0.000194096675841,-0.00152952270582,0.00217729364522,-0.00490067852661,0.0148352906108,-0.00590516580269,0.00252546463162,-0.0013193921186],[-0.00030129251536,-0.000476403860375,0.000147458704305,-0.000913096650038,0.000578889332246,0.00016992680321,0.00168083258905,-0.00142460374627,0.00245672301389,-0.00590516580269,0.0131874475628,-0.00440140673891,-0.0010632337071],[-0.0000965096114669,0.000287835224299,0.00026512297336,-0.00053944834508,-0.00132497528102,0.000358350313036,-0.00232185423374,0.000346946675563,-0.00264358357526,0.00252546463162,-0.00440140673891,0.0172961968929,-0.00557552929968],[-0.0000223191145778,-0.000401038909331,-0.000418035575422,-0.000938647775911,0.000820437213406,-0.00127647060435,0.0012147052912,-0.00214652880095,0.0012155873701,-0.0013193921186,-0.0010632337071,-0.00557552929968,0.0162725728005]],"mean":[-651.637939453,162.221954346,-28.2970695496,27.3254032135,5.22590446472,7.56194353104,-0.923746168613,8.23375892639,0.516919016838,-2.50347948074,8.03611564636,3.76552009583,0.555673718452]},"pitch_salience":{"dmean":0.0695220306516,"dmean2":0.111046977341,"dvar":0.00470306072384,"dvar2":0.0111644612625,"max":0.929508209229,"mean":0.485378950834,"median":0.490807056427,"min":0.0702841952443,"var":0.0140853496268},"silence_rate_20dB":{"dmean":0,"dmean2":0,"dvar":0,"dvar2":0,"max":1,"mean":1,"median":1,"min":1,"var":0},"silence_rate_30dB":{"dmean":0.0476049371064,"dmean2":0.095219284296,"dvar":0.0453365258873,"dvar2":0.102553784847,"max":1,"mean":0.95565867424,"median":1,"min":0,"var":0.0423699095845},"silence_rate_60dB":{"dmean":0.00158024695702,"dmean2":0.0031608059071,"dvar":0.00157778710127,"dvar2":0.00354605680332,"max":1,"mean":0.095002964139,"median":0,"min":0,"var":0.0859781727195},"spectral_centroid":{"dmean":179.727645874,"dmean2":273.251159668,"dvar":48929.1132812,"dvar2":92520.7421875,"max":10398.5546875,"mean":1258.58178711,"median":1227.97607422,"min":286.798278809,"var":258167.9375},"spectral_complexity":{"dmean":2.82251858711,"dmean2":4.37080192566,"dvar":8.34156036377,"dvar2":16.747385025,"max":55,"mean":23.1326293945,"median":23,"min":0,"var":98.8924026489},"spectral_contrast_coeffs":{"dmean":[0.046817149967,0.0462243556976,0.035827934742,0.028241392225,0.0234107431024,0.0176259782165],"dmean2":[0.0784962177277,0.0766111761332,0.0582155361772,0.0454354248941,0.0369002781808,0.0285414773971],"dvar":[0.0014219667064,0.00139598350506,0.000834142265376,0.000496586435474,0.000401044206228,0.000251058198046],"dvar2":[0.00384347001091,0.00377165642567,0.00216613360681,0.0012365115108,0.000931359070819,0.000630442344118],"max":[-0.354681432247,-0.481629312038,-0.499035269022,-0.578736126423,-0.603273808956,-0.58462458849],"mean":[-0.668392717838,-0.718324661255,-0.747058331966,-0.759676396847,-0.749170482159,-0.724462926388],"median":[-0.679337263107,-0.721452116966,-0.750848650932,-0.761193811893,-0.747860789299,-0.719717025757],"min":[-0.994518578053,-0.977097451687,-0.963376283646,-0.986327767372,-0.969085276127,-0.962631464005],"var":[0.0054504214786,0.00442050676793,0.00328730605543,0.00190411088988,0.00215710024349,0.0016871833941]},"spectral_contrast_valleys":{"dmean":[0.383253276348,0.355960488319,0.291528105736,0.235040947795,0.214022576809,0.29060408473],"dmean2":[0.641958832741,0.583712160587,0.474115788937,0.379401296377,0.3238940835,0.396285444498],"dvar":[0.121558181942,0.113050818443,0.0789867267013,0.061734713614,0.0691653117537,0.142671376467],"dvar2":[0.285531818867,0.263321101665,0.170872271061,0.123426288366,0.123293437064,0.258361548185],"max":[-5.04222917557,-4.84716796875,-5.17426013947,-5.68915176392,-5.52256584167,-7.76688337326],"mean":[-7.0338139534,-6.54694271088,-7.09867858887,-7.56440353394,-7.85317182541,-11.3838596344],"median":[-6.58317565918,-6.26528978348,-6.80840873718,-7.23050832748,-7.45272922516,-10.9480743408],"min":[-27.1596889496,-26.6857376099,-27.3137073517,-27.1416664124,-26.9482002258,-27.1804714203],"var":[2.20165014267,1.49656462669,1.47163689137,1.77426981926,2.42658519745,2.95546221733]},"spectral_decrease":{"dmean":3.38216410434e-9,"dmean2":5.13969844462e-9,"dvar":2.5566197279e-17,"dvar2":5.45401603061e-17,"max":7.96629060588e-17,"mean":-1.18785781211e-8,"median":-1.19998659898e-8,"min":-6.52736034112e-8,"var":7.39309414605e-17},"spectral_energy":{"dmean":0.0129552269354,"dmean2":0.0196646992117,"dvar":0.000366349093383,"dvar2":0.000781642273068,"max":0.248592466116,"mean":0.0469729080796,"median":0.0476472452283,"min":2.27463425699e-12,"var":0.00110243470408},"spectral_energyband_high":{"dmean":0.000154176042997,"dmean2":0.000193677478819,"dvar":1.64386463553e-7,"dvar2":2.15777106405e-7,"max":0.0164208970964,"mean":0.000397891330067,"median":0.000163055650773,"min":1.10588330214e-13,"var":7.79602430612e-7},"spectral_energyband_low":{"dmean":0.0114416247234,"dmean2":0.0177659727633,"dvar":0.000401019002311,"dvar2":0.000868859118782,"max":0.232365548611,"mean":0.0252086762339,"median":0.0211876519024,"min":5.02875952685e-13,"var":0.000800856912974},"spectral_energyband_middle_high":{"dmean":0.00172148505226,"dmean2":0.00259624747559,"dvar":0.00000393019763578,"dvar2":0.00000883034317667,"max":0.051344320178,"mean":0.00783078279346,"median":0.00708478596061,"min":3.62304614478e-13,"var":0.0000269581669272},"spectral_energyband_middle_low":{"dmean":0.00458598742262,"dmean2":0.00737363426015,"dvar":0.00002988534834,"dvar2":0.0000752973137423,"max":0.0794601738453,"mean":0.0145797627047,"median":0.0122181046754,"min":1.29373887905e-12,"var":0.000125051592477},"spectral_entropy":{"dmean":0.112641707063,"dmean2":0.16441103816,"dvar":0.0152240497991,"dvar2":0.0281661450863,"max":9.80563926697,"mean":7.28430747986,"median":7.36789989471,"min":5.45296287537,"var":0.24582824111},"spectral_flux":{"dmean":0.0252050179988,"dmean2":0.0401171334088,"dvar":0.00106856587809,"dvar2":0.0024782915134,"max":0.366506963968,"mean":0.0899798795581,"median":0.0835801661015,"min":0.0000213085913856,"var":0.00281482655555},"spectral_kurtosis":{"dmean":3.65780329704,"dmean2":6.35930252075,"dvar":32.1019630432,"dvar2":97.5384979248,"max":78.8237686157,"mean":9.4944562912,"median":6.60252428055,"min":-1.22630620003,"var":95.9319915771},"spectral_rms":{"dmean":0.000835829821881,"dmean2":0.00125543691684,"dvar":0.00000108014421585,"dvar2":0.00000216741659642,"max":0.0155733497813,"mean":0.00619617849588,"median":0.00681799976155,"min":4.71079104614e-8,"var":0.00000743457803765},"spectral_rolloff":{"dmean":312.963134766,"dmean2":514.698608398,"dvar":228959.75,"dvar2":450709.03125,"max":20693.4082031,"mean":1120.2623291,"median":1012.06054688,"min":64.599609375,"var":606350.625},"spectral_skewness":{"dmean":0.322770804167,"dmean2":0.545877873898,"dvar":0.147778138518,"dvar2":0.449048876762,"max":6.55491876602,"mean":1.88968396187,"median":1.71969926357,"min":0.0643552318215,"var":0.656632483006},"spectral_spread":{"dmean":308007.59375,"dmean2":449799.125,"dvar":244203667456,"dvar2":399401353216,"max":41284664,"mean":2989116.25,"median":2858047.5,"min":938284.5,"var":1530501005310},"spectral_strongpeak":{"dmean":0.360556364059,"dmean2":0.630682051182,"dvar":0.494500041008,"dvar2":1.29465961456,"max":8.96740055084,"mean":0.775806188583,"median":0.50341886282,"min":0,"var":0.79889601469},"zerocrossingrate":{"dmean":0.00629296852276,"dmean2":0.00739010097459,"dvar":0.000066780790803,"dvar2":0.0000739814131521,"max":0.68603515625,"mean":0.0416540652514,"median":0.0390625,"min":0.00048828125,"var":0.000426659535151}},"metadata":{"audio_properties":{"analysis_sample_rate":44100,"bit_rate":0,"codec":"flac","downmix":"mix","equal_loudness":0,"length":235.080001831,"lossless":true,"md5_encoded":"d718291588fdfdbdfaa738c9ad8c2817","replay_gain":-12.5800685883},"tags":{"album":["Viva la Vida or Death and All His Friends"],"albumartist":["Coldplay"],"albumartistsort":["Coldplay"],"albumsort":["Viva la Vida or Death and All His Friends (2008-06-11, Coldplay, ab5e9dce-dc97-482d-a29f-786fe2211812)"],"artist":["Coldplay"],"artists":["Coldplay"],"artistsort":["Coldplay"],"asin":["B0017W7FPS"],"barcode":["4988006863255"],"catalognumber":["TOCP-66805"],"composer":["Guy Berryman","Will Champion","Chris Martin","Jon Buckland"],"composersort":["Berryman, Guy","Champion, Will","Martin, Chris","Buckland, Jon"],"date":["2008-06-11"],"discnumber":["1"],"disctotal":["1"],"file_name":"03 - Coldplay - Lost!.flac","genre":["Rock, Alternative"],"isrc":["GBAYE0800255"],"label":["Parlophone"],"media":["CD"],"mixer":["Andy Wallace","Michael H. Brauer","Markus Dravs","Rik Simpson"],"musicbrainz_albumartistid":["cc197bad-dc9c-440d-a5b5-d52ba2e14234"],"musicbrainz_albumid":["ab5e9dce-dc97-482d-a29f-786fe2211812"],"musicbrainz_artistid":["cc197bad-dc9c-440d-a5b5-d52ba2e14234"],"musicbrainz_recordingid":["8353cabb-9649-4964-bb36-a3fd2382bae8"],"musicbrainz_releasegroupid":["a1084754-8bb5-3ebc-bbd2-6a27d48e798a"],"musicbrainz_releasetrackid":["4e1ec8e9-cc50-388a-8f23-c2e14370eee0"],"musicbrainz_workid":["50345b75-70d9-3d67-b07d-1254d275ee7d"],"musicip_puid":["4b0fd35f-a18c-9138-e6c9-77d9f07a8f2e"],"originaldate":["2008-06-11"],"releasecountry":["JP"],"releasestatus":["official"],"releasetype":["album"],"replaygain_album_gain":["-8.02 dB"],"replaygain_album_peak":["1.00000000"],"replaygain_track_gain":["-7.65 dB"],"replaygain_track_peak":["1.00000000"],"script":["Latn"],"title":["Lost!"],"totaldiscs":["1"],"totaltracks":["11"],"tracknumber":["3"],"tracktotal":["11"],"work":["Lost!"]},"versi