{"lowlevel":{"average_loudness":0.858607769012,"barkbands":{"dmean":[0.000036950536014,0.00250711524859,0.00187827623449,0.00307649699971,0.00196625408716,0.000631880597211,0.000395360664697,0.000100270619441,0.000113990405225,0.000069625370088,0.000159143528435,0.000269347132416,0.000545717426576,0.000120774486277,0.000135540190968,0.000114262977149,0.00021871876379,0.000193416984985,0.000249134231126,0.000185922515811,0.000183603158803,0.0000972931811702,0.0000926625725697,0.000084594146756,0.0000152052589328,0.00000217879414777,3.85652505486e-8],"dmean2":[0.0000509768688062,0.00435498636216,0.00319066550583,0.00524462852627,0.00340812141076,0.00105411896948,0.000662640726659,0.000168221566128,0.000176083733095,0.000109342618089,0.000244112103246,0.000383011501981,0.000819408043753,0.000177133028046,0.000207367746043,0.000180191855179,0.000340939150192,0.00029187995824,0.000379264965886,0.000269635755103,0.000270837073913,0.00014756245946,0.000146029313328,0.000127053077449,0.0000220830188482,0.00000316374575959,6.54985328197e-8],"dvar":[6.77441791552e-9,0.000015565296053,0.00000924329560803,0.0000479416521557,0.0000392307520087,0.0000032808134165,0.00000223227016249,8.90495783779e-8,1.59211396067e-7,3.17108437287e-8,1.83916711194e-7,0.00000172877059867,0.00000542334373677,1.44139903568e-7,2.83813562874e-7,1.81716671932e-7,7.28006511963e-7,4.61911383809e-7,5.34830519427e-7,2.02000222771e-7,1.62485434885e-7,4.66296370405e-8,5.00592456376e-8,4.59028441924e-8,1.40791978076e-9,5.39961547696e-11,5.66874699308e-14],"dvar2":[1.18190186527e-8,0.0000455377012258,0.0000266901879513,0.00012863901793,0.000106135412352,0.00000853439996717,0.00000554238204131,2.37473457787e-7,3.83331894227e-7,7.50426210061e-8,3.98614588448e-7,0.00000298666827803,0.0000115892125905,3.00285421417e-7,6.63333310058e-7,4.03999052878e-7,0.00000170113230524,0.00000102957551462,0.00000124674011204,3.97652001993e-7,3.39194798471e-7,1.08070338456e-7,1.20053627484e-7,1.06610343664e-7,2.9339197738e-9,1.30022298483e-10,1.49243613887e-13],"max":[0.00151299824938,0.0429793000221,0.0318448916078,0.0782218724489,0.0825076252222,0.0311716776341,0.0623096339405,0.00549510819837,0.0172912161797,0.00518153887242,0.0128288194537,0.0748780816793,0.0696532279253,0.0109597686678,0.0179745722562,0.0150740174577,0.0199559275061,0.0218851864338,0.0180173069239,0.0196892227978,0.00752401957288,0.00659190071747,0.00655540870503,0.0059779137373,0.000902209954802,0.000203562929528,0.00000909457321541],"mean":[0.0000519179011462,0.00364806852303,0.00333586893976,0.00410929322243,0.00214674556628,0.000790580117609,0.000456106849015,0.000121026721899,0.000200793874683,0.000129185093101,0.000294679775834,0.000565811584238,0.00160634052008,0.000235547122429,0.000229793484323,0.000180701783393,0.000358276622137,0.000341553444741,0.000462601979962,0.000399643671699,0.0003876684641,0.000244802329689,0.000260049186181,0.000216235173866,0.0000357085627911,0.00000307239315589,3.77816071762e-8],"median":[0.0000126780832943,0.00196650298312,0.00207532662898,0.00106980802957,0.000611294410191,0.000239420507569,0.000107472827949,0.0000299143830489,0.0000748406819184,0.0000337000019499,0.0000813318984001,0.0000612272560829,0.0000516178006364,0.0000446492631454,0.0000420003998443,0.0000393989575969,0.0000677191346767,0.0000978149182629,0.000160410781973,0.000138585222885,0.000191535276826,0.000162802578416,0.000176478002686,0.000114000104077,0.0000172943819052,6.40378686967e-7,5.86637893818e-9],"min":[2.43760903986e-25,3.59333518178e-24,1.76168594848e-24,9.55119454668e-25,5.54590515615e-24,7.11141145547e-24,4.23369302159e-24,6.45201919088e-24,1.66022593262e-23,1.76033585248e-23,9.60315247578e-24,2.22265583237e-23,2.39936809043e-23,2.18969043954e-23,3.24405068657e-23,5.45502743323e-23,6.88776796889e-23,4.96687967399e-23,9.1962305685e-23,1.85845519229e-22,2.3271588555e-22,2.52763882999e-22,3.63319040686e-22,6.4021527687e-22,9.14088900988e-22,1.38804511565e-21,1.85649419767e-21],"var":[1.42850433704e-8,0.0000214050687646,0.0000169843206095,0.0000542453344679,0.0000299307321256,0.00000308140943162,0.00000237050448959,8.96350655921e-8,2.23259519316e-7,1.2629961077e-7,4.2177123305e-7,0.00000768264089857,0.0000273263503914,4.67289964945e-7,4.65578182229e-7,2.87218909989e-7,0.00000112351108328,0.00000105812307538,0.00000108416077182,7.61346143463e-7,3.60570339808e-7,9.46558742498e-8,1.20877373888e-7,9.79000986945e-8,3.03275959901e-9,6.26313792496e-11,4.3559631542e-14]},"barkbands_crest":{"dmean":2.59041285515,"dmean2":4.33526182175,"dvar":5.6052646637,"dvar2":15.6640586853,"max":24.6584568024,"mean":10.6940498352,"median":10.2082986832,"min":2.43163394928,"var":15.6333703995},"barkbands_flatness_db":{"dmean":0.0210136212409,"dmean2":0.0338036157191,"dvar":0.000407047657063,"dvar2":0.000997483963147,"max":0.438385337591,"mean":0.162956520915,"median":0.157719507813,"min":0.0296809673309,"var":0.00315357744694},"barkbands_kurtosis":{"dmean":2.86810493469,"dmean2":4.71957349777,"dvar":24.0746212006,"dvar2":63.5184593201,"max":124.57660675,"mean":4.19612836838,"median":1.31669139862,"min":-1.93878149986,"var":73.985168457},"barkbands_skewness":{"dmean":0.617571771145,"dmean2":0.978920519352,"dvar":0.434356242418,"dvar2":1.0347853899,"max":10.3339090347,"mean":1.40052747726,"median":1.37381899357,"min":-4.42174577713,"var":2.73353767395},"barkbands_spread":{"dmean":7.87167930603,"dmean2":12.6783800125,"dvar":74.3096237183,"dvar2":176.936981201,"max":106.938339233,"mean":33.97133255,"median":30.5609474182,"min":1.21579313278,"var":360.347961426},"dissonance":{"dmean":0.0120591958985,"dmean2":0.0205700527877,"dvar":0.000225640455028,"dvar2":0.000621046521701,"max":0.500000059605,"mean":0.475961655378,"median":0.481857120991,"min":0.315650492907,"var":0.000497413333505},"dynamic_complexity":3.26156044006,"erbbands":{"dmean":[0.0534962490201,0.651583731174,1.93257689476,6.21199131012,10.3194255829,4.90738201141,4.25441789627,5.36860847473,5.86461544037,3.69096469879,2.22885274887,2.52198672295,1.89090871811,4.30848455429,5.76586580276,12.0188875198,19.4845523834,13.1127786636,7.8535861969,5.50302600861,6.87245893478,12.8374214172,10.9515647888,12.8863658905,8.79459381104,9.28320503235,8.968085289,5.65061759949,3.50846743584,3.33054590225,2.60159707069,2.38038635254,0.930829405785,0.260605126619,0.0580291487277,0.0134675735608,0.0039184698835,0.000270143325906,0.0000144232490129,0.0000106057186713],"dmean2":[0.0942966118455,1.12668514252,3.23034214973,10.5949239731,17.6314411163,8.43287277222,7.34456062317,8.90695381165,9.8289642334,6.053150177,3.62066292763,3.89474344254,3.00699520111,6.69684123993,8.48384094238,16.9468021393,28.1275882721,19.4206237793,11.924238205,8.37754631042,10.8011951447,19.936378479,16.3214035034,19.6421337128,13.4223995209,13.2993144989,13.0901823044,8.42020702362,5.1885175705,5.21288824081,4.08641242981,3.63186073303,1.36250352859,0.382291972637,0.0820485129952,0.0187102034688,0.0057269288227,0.000433892360888,0.0000220572601393,0.0000167125290318],"dvar":[0.00841827504337,1.03289723396,9.93894958496,153.151260376,1078.02429199,170.441329956,153.198516846,268.416503906,400.282409668,184.573303223,39.36328125,91.1031723022,17.6209812164,104.378456116,375.601043701,3083.46972656,6506.34570313,3103.77050781,1042.02893066,313.919891357,539.001953125,2527.68530273,1302.07067871,1797.37414551,565.96862793,576.98638916,378.909057617,155.517272949,50.3335075378,89.7851638794,33.9809150696,34.8927764893,5.6009645462,0.417824596167,0.0232931934297,0.00155622093007,0.000219796260353,0.000001329369411,2.67340838356e-9,3.40167005675e-10],"dvar2":[0.0254294015467,2.97885036469,28.3874092102,418.806335449,2918.42138672,461.849151611,417.069213867,696.585388184,1053.94567871,434.300933838,99.8066940308,224.834060669,40.9988708496,238.529846191,629.347717285,5201.99902344,12321.5175781,6568.59570313,2365.72094727,761.535949707,1139.06335449,6073.90869141,2733.59399414,4152.33642578,1349.70837402,1045.0715332,787.062194824,324.234222412,106.20375824,228.927398682,81.0569152832,81.2559661865,12.6494255066,0.891799688339,0.0487302616239,0.00339291756973,0.000550334516447,0.00000355736506208,6.790663587e-9,8.05327693421e-10],"max":[1.44761180878,11.6864681244,38.5711288452,180.977264404,398.334777832,206.695648193,229.676803589,294.271209717,670.290710449,555.572570801,153.549819946,402.984710693,102.62260437,246.661636353,928.112365723,2564.22265625,3279.8359375,1552.52612305,889.820251465,587.221557617,884.978820801,1223.0880127,1550.90270996,1235.28259277,620.377624512,1350.93212891,382.194763184,194.365783691,155.646636963,370.094543457,132.962799072,141.852859497,82.6805648804,16.1406669617,4.1562743187,1.09869134426,0.428991168737,0.0332154221833,0.00166732328944,0.000204606767511],"mean":[0.0757447555661,0.940560221672,3.5510058403,9.40246391296,11.0658016205,6.69061040878,5.12683582306,6.8488035202,6.84373188019,4.38297843933,3.23317432404,4.40432357788,3.40041017532,9.04621124268,11.8301839828,27.6617565155,58.2879219055,34.7616577148,14.3450126648,10.0074090958,12.1583652496,21.6762523651,20.9824714661,23.7415122986,17.3409194946,20.5629062653,19.3466053009,11.7839517593,9.11536979675,8.35546207428,7.43963861465,5.84814834595,2.4531853199,0.657003462315,0.130221769214,0.0255811400712,0.00452414993197,0.000273149111308,0.0000276296486845,0.0000278349780274],"median":[0.0400674007833,0.495083928108,2.30724430084,3.91532158852,2.92210459709,1.86650490761,1.86558032036,1.92787158489,1.75781130791,1.08951759338,1.20959055424,1.68034517765,1.42074513435,2.68848133087,3.67769908905,3.53056383133,3.07737398148,2.90829253197,3.59525418282,3.18615317345,3.92772436142,5.37465620041,6.45132637024,6.74610233307,7.68354940414,7.10413599014,9.21995639801,5.82726383209,6.18374586105,5.42897462845,4.96836853027,3.15528535843,1.28098130226,0.325509369373,0.0588646605611,0.00821494031698,0.000647943292279,0.0000494025007356,0.0000168851474882,0.0000216179505514],"min":[1.04690582702e-22,4.83370341867e-22,2.65368587795e-21,6.07000481569e-21,1.0987003868e-20,2.63039735097e-20,6.06832040455e-20,5.99240008772e-20,1.04194416455e-19,1.8803302956e-19,2.04472585075e-19,4.75013481541e-19,5.57557266181e-19,4.60148839138e-19,8.83478318248e-19,1.1768545695e-18,1.21958279084e-18,1.24217247298e-18,2.80195686538e-18,3.03858387372e-18,3.3504586752e-18,4.30601606446e-18,3.32456419971e-18,6.63299258722e-18,6.90594523216e-18,7.82572581915e-18,8.67583670547e-18,9.42243007402e-18,8.63630243527e-18,1.2095484903e-17,1.02012338556e-17,9.10268919851e-18,9.54818634255e-18,8.03461291206e-18,6.05998141585e-18,4.43322403496e-18,2.381714993e-18,9.36717730424e-19,2.35705451589e-19,2.63473778737e-20],"var":[0.0108983414248,1.43815565109,19.5993499756,199.900939941,807.942077637,177.770050049,128.484283447,254.665206909,381.81451416,212.589004517,48.7397041321,115.483894348,33.9780693054,344.544586182,1078.00622559,15466.6347656,41847.125,13632.2685547,2066.55493164,519.581176758,940.186462402,3726.89746094,4217.2265625,3904.00585938,921.534118652,2751.67382813,880.392883301,329.677581787,118.085891724,152.731216431,89.0902633667,72.1056594849,12.5288648605,0.941593706608,0.045576903969,0.00255899922922,0.000211537801079,0.00000101104205896,2.56376697649e-9,5.77235148569e-10]},"erbbands_crest":{"dmean":1.99278509617,"dmean2":3.11682057381,"dvar":4.8797454834,"dvar2":11.3735675812,"max":31.4378948212,"mean":9.20655250549,"median":7.25297784805,"min":2.4478456974,"var":31.2756061554},"erbbands_flatness_db":{"dmean":0.012452297844,"dmean2":0.0184574704617,"dvar":0.00021281572117,"dvar2":0.000417101080529,"max":0.438326776028,"mean":0.169278308749,"median":0.152319446206,"min":0.0362566187978,"var":0.00331275421195},"erbbands_kurtosis":{"dmean":0.975449800491,"dmean2":1.50172042847,"dvar":3.18878316879,"dvar2":7.66164875031,"max":94.1869430542,"mean":1.06077241898,"median":-0.309267669916,"min":-1.93509757519,"var":32.5736961365},"erbbands_skewness":{"dmean":0.342997521162,"dmean2":0.527357518673,"dvar":0.137134134769,"dvar2":0.312438100576,"max":7.3062915802,"mean":-0.359636902809,"median":-0.42626529932,"min":-4.59365606308,"var":1.00991988182},"erbbands_spread":{"dmean":10.875,"dmean2":16.6186447144,"dvar":168.641189575,"dvar2":355.468688965,"max":168.215896606,"mean":59.2714309692,"median":55.6099700928,"min":2.06214666367,"var":1292.36291504},"gfcc":{"cov":[[25817.0566406,890.510681152,-2688.2331543,1382.12280273,-1642.05725098,847.654907227,-809.68347168,24.1646003723,-442.103118896,-148.384475708,-179.449707031,-259.287322998,-250.208236694],[890.510681152,1024.72009277,-189.525497437,29.3331127167,115.03729248,-245.736816406,220.596542358,-228.023101807,-121.376785278,-4.64402627945,81.1622085571,-54.6666526794,58.2653427124],[-2688.2331543,-189.525497437,1890.91601563,231.31980896,-410.378570557,165.841171265,-201.319793701,-55.5739936829,-65.6314926147,-93.931098938,-118.64881897,4.96817541122,-9.93756484985],[1382.12280273,29.3331127167,231.31980896,428.038726807,-177.197998047,101.092399597,-70.14894104,9.18098258972,9.69340133667,-91.7810058594,-51.0064430237,-62.4770431519,-14.6330909729],[-1642.05725098,115.03729248,-410.378570557,-177.197998047,656.744995117,-103.475578308,211.802871704,-3.97633051872,0.941970527172,70.4108886719,77.7657546997,17.3579349518,-4.29385852814],[847.654907227,-245.736816406,165.841171265,101.092399597,-103.475578308,378.838989258,-77.3360290527,57.7236709595,-11.2155952454,3.0172958374,-13.1081132889,6.33139896393,-14.7912921906],[-809.68347168,220.596542358,-201.319793701,-70.14894104,211.802871704,-77.3360290527,335.097686768,-62.1258392334,-24.0462398529,73.4854049683,73.482673645,-18.5019054413,25.6161193848],[24.1646003723,-228.023101807,-55.5739936829,9.18098258972,-3.97633051872,57.7236709595,-62.1258392334,224.562393188,114.219596863,-46.6204681396,-24.596113205,29.1219539642,-10.6681966782],[-442.103118896,-121.376785278,-65.6314926147,9.69340133667,0.941970527172,-11.2155952454,-24.0462398529,114.219596863,189.596282959,-13.7281732559,-11.8643980026,7.90326833725,19.5897369385],[-148.384475708,-4.64402627945,-93.931098938,-91.7810058594,70.4108886719,3.0172958374,73.4854049683,-46.6204681396,-13.7281732559,158.083938599,59.9583358765,17.1082801819,6.99194955826],[-179.449707031,81.1622085571,-118.64881897,-51.0064430237,77.7657546997,-13.1081132889,73.482673645,-24.596113205,-11.8643980026,59.9583358765,103.954368591,36.0516052246,13.8578300476],[-259.287322998,-54.6666526794,4.96817541122,-62.4770431519,17.3579349518,6.33139896393,-18.5019054413,29.1219539642,7.90326833725,17.1082801819,36.0516052246,108.249809265,39.8520965576],[-250.208236694,58.2653427124,-9.93756484985,-14.6330909729,-4.29385852814,-14.7912921906,25.6161193848,-10.6681966782,19.5897369385,6.99194955826,13.8578300476,39.8520965576,89.1388702393]],"icov":[[0.000357312441338,-0.000742371485103,0.000970263790805,-0.00106527865864,0.000973012472969,-0.000792419712525,0.000745227036532,-0.00055667484412,0.00104502867907,-0.000937740958761,0.00104916957207,-0.000670018431265,0.00103643373586],[-0.000742371485103,0.00347826909274,-0.0019158879295,0.00182954140473,-0.00204681535251,0.00256057013758,-0.00208781170659,0.00227161357179,-0.00148868141696,0.00299743865617,-0.00371570908464,0.00250143487938,-0.00352110317908],[0.000970263790805,-0.0019158879295,0.00333500676788,-0.00312027870677,0.00291433278471,-0.00229163235053,0.00201113475487,-0.0010633681668,0.00293068983592,-0.00240875640884,0.00345674506389,-0.00237498153001,0.00295955850743],[-0.00106527865864,0.00182954140473,-0.00312027870677,0.0066834166646,-0.00239282986149,0.0013599578524,-0.00210487935692,0.00168416858651,-0.00365602085367,0.00434023560956,-0.00351072056219,0.0037953662686,-0.0032079257071],[0.000973012472969,-0.00204681535251,0.00291433278471,-0.00239282986149,0.00494696199894,-0.00198833923787,0.00082119210856,-0.00171540235169,0.00277954805642,-0.00250064092688,0.00256168167107,-0.00231185206212,0.00368888420053],[-0.000792419712525,0.00256057013758,-0.00229163235053,0.0013599578524,-0.00198833923787,0.0055525242351,-0.00142367510125,0.000182986826985,-0.000908151909243,0.00132053706329,-0.00324775394984,0.00202168966644,-0.00297655980103],[0.000745227036532,-0.00208781170659,0.00201113475487,-0.00210487935692,0.00082119210856,-0.00142367510125,0.00675027444959,-0.00149055861402,0.00256816181354,-0.00320585258305,-0.0000350242335116,0.00119496020488,0.000178528367542],[-0.00055667484412,0.00227161357179,-0.0010633681668,0.00168416858651,-0.00171540235169,0.000182986826985,-0.00149055861402,0.0104644950479,-0.0065172300674,0.00441558193415,-0.00092872598907,-0.00224133580923,0.000971363158897],[0.00104502867907,-0.00148868141696,0.00293068983592,-0.00365602085367,0.00277954805642,-0.000908151909243,0.00256816181354,-0.0065172300674,0.0120978839695,-0.00365414982662,0.0023882871028,0.000530029530637,-0.000882183259819],[-0.000937740958761,0.00299743865617,-0.00240875640884,0.00434023560956,-0.00250064092688,0.00132053706329,-0.00320585258305,0.00441558193415,-0.00365414982662,0.0129102012143,-0.00749295717105,0.00215230905451,-0.0026060694363],[0.00104916957207,-0.00371570908464,0.00345674506389,-0.00351072056219,0.00256168167107,-0.00324775394984,-0.0000350242335116,-0.00092872598907,0.0023882871028,-0.00749295717105,0.0212258528918,-0.00970856938511,0.00576969701797],[-0.000670018431265,0.00250143487938,-0.00237498153001,0.0037953662686,-0.00231185206212,0.00202168966644,0.00119496020488,-0.00224133580923,0.000530029530637,0.00215230905451,-0.00970856938511,0.0191097222269,-0.0108645539731],[0.00103643373586,-0.00352110317908,0.00295955850743,-0.0032079257071,0.00368888420053,-0.00297655980103,0.000178528367542,0.000971363158897,-0.000882183259819,-0.0026060694363,0.00576969701797,-0.0108645539731,0.0203399080783]],"mean":[-50.8336639404,80.9236755371,-120.179275513,79.9953918457,-63.1977386475,27.3803749084,-29.4060001373,-0.424518197775,-23.1265220642,-7.58323287964,-5.01550531387,-7.53661251068,-6.09023046494]},"hfc":{"dmean":5.840944767,"dmean2":8.21005916595,"dvar":121.389060974,"dvar2":250.17124939,"max":207.450744629,"mean":19.3059902191,"median":13.1444988251,"min":1.0543797306e-16,"var":344.027435303},"melbands":{"dmean":[0.000596230325755,0.000912467599846,0.00123050517868,0.000534896797035,0.00014803869999,0.000119591517432,0.0000868824499776,0.0000352704410034,0.0000188329777302,0.000015603904103,0.00000947850458033,0.0000167622092704,0.0000206420427276,0.000031480078178,0.0000299787043332,0.0000559249419894,0.0000209659156098,0.0000135426835186,0.00000903646650841,0.00000768384143157,0.00000817481668491,0.0000149805746332,0.00000988909050648,0.0000103136108009,0.0000115188131531,0.00000873525095813,0.00000556790746487,0.00000663806804369,0.00000610148390479,0.00000515707915838,0.00000288797286885,0.00000214994724956,0.00000191201456801,0.00000204333878173,0.00000155714474204,0.00000163949653142,0.00000143137629038,7.68751817759e-7,3.94817220695e-7,1.7405884023e-7],"dmean2":[0.0010469785193,0.00151309778448,0.00210549402982,0.000914542120881,0.00025481270859,0.000198612717213,0.000145308542415,0.0000580041705689,0.000030290470022,0.0000242158530455,0.0000151121757881,0.0000260856832028,0.0000313316741085,0.0000439713585365,0.0000425508405897,0.000083604179963,0.0000309215283778,0.0000205556571018,0.0000141948767123,0.0000119669875858,0.0000128333722387,0.0000234723629546,0.0000146663151099,0.0000157458471222,0.000017611133444,0.0000133662997541,0.00000845522845339,0.0000096148078228,0.00000894211007108,0.00000797523171059,0.00000431150101576,0.00000323195877172,0.00000307576237901,0.00000324469237967,0.00000250985453931,0.00000257387387137,0.00000218717491407,0.00000114452313937,5.95605513354e-7,2.59501462097e-7],"dvar":[9.1007325409e-7,0.00000189560489616,0.00000759049953558,0.00000276767423202,1.6179636475e-7,1.25980008647e-7,9.77171907834e-8,1.577649833e-8,3.19856163777e-9,3.02895752924e-9,4.4880768546e-10,1.59610369366e-9,3.1634970199e-9,3.26185016775e-8,1.08438626967e-8,7.06907172798e-8,7.21444015639e-9,3.03485414577e-9,1.09336006915e-9,8.88767393015e-10,7.76036512828e-10,3.69687436219e-9,1.1912641984e-9,1.86604931507e-9,1.55947610381e-9,5.92218440953e-10,2.3642277025e-10,2.89350071681e-10,1.77116737943e-10,1.33311570116e-10,3.95561153277e-11,1.81245678188e-11,2.13770598445e-11,3.32303351502e-11,1.13358298443e-11,1.50775746055e-11,1.30818229513e-11,3.95811551937e-12,8.26814636722e-13,1.86387729795e-13],"dvar2":[0.00000272581769423,0.00000524948063685,0.000020376919565,0.00000746389923734,4.43656034577e-7,3.26329569589e-7,2.48996855134e-7,3.73550577137e-8,7.93371501828e-9,7.46678008312e-9,1.0368701453e-9,3.70380148773e-9,6.17322504226e-9,5.63809336995e-8,1.96072580394e-8,1.48076878759e-7,1.47153453867e-8,6.69906752293e-9,2.50736764684e-9,2.18106799288e-9,1.65675262398e-9,8.99081875616e-9,2.51446152788e-9,4.31631264064e-9,3.56933393952e-9,1.37530098421e-9,5.52785039964e-10,5.37750566298e-10,3.72466696374e-10,3.01991487373e-10,8.10612688085e-11,3.83672676962e-11,5.52114673424e-11,8.2230819376e-11,2.80654353924e-11,3.62040744606e-11,3.02512737083e-11,9.12284570803e-12,1.80299503626e-12,4.0202593316e-13],"max":[0.0104603562504,0.0174447633326,0.032779276371,0.0219637174159,0.00722208572552,0.00626803562045,0.0119350021705,0.00488662207499,0.00208751414903,0.00226147496141,0.000532262667548,0.00091718416661,0.00213191029616,0.0114896157756,0.00327527220361,0.00832547619939,0.00198283838108,0.00156756339129,0.00111638696399,0.00114185921848,0.00109113904182,0.00154904008377,0.00115054810885,0.00134760187939,0.00125797535293,0.00063718133606,0.000404615217121,0.000908595509827,0.000250969140325,0.00022439827444,0.000126873521367,0.0000893471442396,0.000170289727976,0.000199452566449,0.0000704492194927,0.0000689361913828,0.000102790771052,0.0000738597009331,0.0000212498889596,0.0000109449565571],"mean":[0.000854552490637,0.00167529413011,0.00176190258935,0.000616348232143,0.000195688742679,0.000153586050146,0.000102651494672,0.0000417086921516,0.0000285750593321,0.0000269818319794,0.0000163581480592,0.0000350020163751,0.0000398328775191,0.0000654757168377,0.0000727181395632,0.000163495118613,0.0000489812737214,0.0000238674456341,0.0000153790042532,0.0000121039647638,0.0000138068244269,0.0000239449909714,0.0000174529413925,0.0000174095021066,0.0000199506648642,0.0000157185240823,0.000010715794815,0.0000139313806358,0.0000124408870761,0.00000980273398454,0.00000575464764552,0.00000511416465088,0.00000454153951068,0.00000477293087897,0.00000418649597123,0.00000403111198466,0.00000340346832672,0.00000191277763406,9.61359091889e-7,4.06036832601e-7],"median":[0.000481912837131,0.00112838740461,0.000730591302272,0.000197789559024,0.0000758034730097,0.0000461563686258,0.0000257823812717,0.0000105348899524,0.0000108136537165,0.00000993318462861,0.00000569197163713,0.000010185366591,0.0000120962422443,0.00000581016138312,0.00000859798637975,0.00000402693513024,0.00000447668571724,0.00000463526203021,0.00000304731088363,0.0000031715642308,0.00000374892260879,0.00000419753450842,0.00000369673011846,0.00000485573900733,0.00000450694551546,0.00000587065233049,0.00000392644687963,0.00000432947263107,0.00000547887430002,0.00000465606399302,0.00000259748139797,0.00000330015109284,0.00000305636581288,0.00000287758803097,0.00000278891752714,0.00000224470454668,0.00000171980025243,9.50950948209e-7,4.80343373965e-7,1.93682637928e-7],"min":[1.84862512555e-24,1.26923992282e-24,1.09958453832e-24,1.29039046698e-24,2.190814448e-24,1.38545826404e-24,1.37487037018e-24,2.09227822676e-24,1.36771352823e-24,2.48137992396e-24,2.28769642793e-24,1.5433887103e-24,1.80549356391e-24,1.80149818064e-24,3.17657266858e-24,2.61028729005e-24,2.0537780675e-24,3.36514059886e-24,2.68295242347e-24,3.33555003188e-24,2.84768768251e-24,3.53974352175e-24,3.98251970937e-24,2.48806315355e-24,4.61044273473e-24,3.78850331403e-24,4.16733522553e-24,4.48926107791e-24,4.40468177824e-24,4.15105313645e-24,4.8581454534e-24,4.12651364584e-24,5.64222625597e-24,5.93539576177e-24,5.31584057846e-24,4.45967287751e-24,5.4337236134e-24,6.13433109928e-24,6.59230272008e-24,6.09186790004e-24],"var":[0.00000118771822599,0.00000388185981137,0.00000807474862086,0.00000213513681047,1.44372052091e-7,1.2015216555e-7,9.9239215956e-8,1.80212573753e-8,4.19844248256e-9,3.91215504436e-9,9.22796949965e-10,5.64208368914e-9,7.74298047901e-9,1.22773172961e-7,6.77516140968e-8,3.40692963618e-7,3.07017415935e-8,7.15413994712e-9,1.97734117968e-9,1.10308995271e-9,1.39438660618e-9,5.17093701191e-9,2.64867749955e-9,3.57503204818e-9,3.59434570996e-9,1.12038878175e-9,5.48240897125e-10,1.26230259578e-9,4.05131428405e-10,2.54392923393e-10,8.59560617128e-11,4.05359183719e-11,3.51657696018e-11,5.96056815017e-11,2.84636897385e-11,3.13812656416e-11,2.64518754123e-11,8.21942860996e-12,1.91005891659e-12,3.93700344678e-13]},"melbands_crest":{"dmean":3.42000150681,"dmean2":5.72103214264,"dvar":10.439704895,"dvar2":27.7980537415,"max":34.1082687378,"mean":16.3882904053,"median":16.2046375275,"min":1.50554442406,"var":31.2876701355},"melbands_flatness_db":{"dmean":0.0275456979871,"dmean2":0.0439022034407,"dvar":0.000729959923774,"dvar2":0.00171914405655,"max":0.565079629421,"mean":0.199520245194,"median":0.198933556676,"min":0.00301121454686,"var":0.00580216106027},"melbands_kurtosis":{"dmean":12.2923164368,"dmean2":19.8885250092,"dvar":420.130828857,"dvar2":1065.06274414,"max":415.661499023,"mean":26.4511070251,"median":13.1643133163,"min":-1.76214623451,"var":1357.48779297},"melbands_skewness":{"dmean":1.03041851521,"dmean2":1.62234938145,"dvar":1.29694247246,"dvar2":2.99922704697,"max":17.5581035614,"mean":3.73458790779,"median":3.4639749527,"min":-3.33739233017,"var":8.35011196136},"melbands_spread":{"dmean":10.8552122116,"dmean2":17.4735527039,"dvar":197.277572632,"dvar2":439.034210205,"max":182.846908569,"mean":34.5327186584,"median":25.5956077576,"min":1.04500150681,"var":835.752807617},"mfcc":{"cov":[[9079.40234375,495.361541748,223.344360352,-42.366569519,-184.795669556,144.912994385,-110.065101624,-5.50386857986,-205.626434326,22.4522705078,-124.934196472,98.3946838379,-74.2363586426],[495.361541748,1062.92932129,-447.562286377,285.233642578,-172.960906982,84.7147445679,184.081237793,-132.769271851,-59.2313346863,-79.57056427,1.97245597839,-12.5868930817,33.0282974243],[223.344360352,-447.562286377,1947.16186523,-65.0138778687,56.319683075,85.5969314575,-166.063354492,69.6508865356,-56.03723526,31.0090904236,-207.627655029,-74.6358795166,-136.803131104],[-42.366569519,285.233642578,-65.0138778687,385.068969727,-32.0105323792,44.7122650146,67.8979568481,-25.3708686829,4.03033256531,-5.723133564,2.42981410027,-6.74157714844,-11.2082481384],[-184.795669556,-172.960906982,56.319683075,-32.0105323792,316.329620361,-14.8873023987,-33.6255836487,107.838363647,26.0677757263,4.51689910889,14.8401279449,-15.5122766495,-17.1127109528],[144.912994385,84.7147445679,85.5969314575,44.7122650146,-14.8873023987,235.891921997,136.639221191,-45.7105407715,-14.0946121216,-3.60357022285,-3.99475908279,15.506401062,8.28590583801],[-110.065101624,184.081237793,-166.063354492,67.8979568481,-33.6255836487,136.639221191,246.825042725,-24.7953491211,-22.4254932404,-17.8621234894,45.1360588074,18.9095058441,23.5773544312],[-5.50386857986,-132.769271851,69.6508865356,-25.3708686829,107.838363647,-45.7105407715,-24.7953491211,181.882385254,56.3339271545,17.7125339508,8.0665140152,6.38392448425,-5.82761287689],[-205.626434326,-59.2313346863,-56.03723526,4.03033256531,26.0677757263,-14.0946121216,-22.4254932404,56.3339271545,111.195220947,45.2901115417,5.83160972595,4.79146242142,4.36818885803],[22.4522705078,-79.57056427,31.0090904236,-5.723133564,4.51689910889,-3.60357022285,-17.8621234894,17.7125339508,45.2901115417,102.784439087,29.9017276764,-1.83534252644,-8.16957855225],[-124.934196472,1.97245597839,-207.627655029,2.42981410027,14.8401279449,-3.99475908279,45.1360588074,8.0665140152,5.83160972595,29.9017276764,117.091186523,37.818359375,9.58309364319],[98.3946838379,-12.5868930817,-74.6358795166,-6.74157714844,-15.5122766495,15.506401062,18.9095058441,6.38392448425,4.79146242142,-1.83534252644,37.818359375,96.6673431396,35.0004844666],[-74.2363586426,33.0282974243,-136.803131104,-11.2082481384,-17.1127109528,8.28590583801,23.5773544312,-5.82761287689,4.36818885803,-8.16957855225,9.58309364319,35.0004844666,88.6676101685]],"icov":[[0.000146874081111,-0.000125433667563,0.0000562047061976,0.0000776219094405,0.0000704201811459,-0.000227602402447,0.000245325791184,-0.00028042102349,0.0005146524054,-0.000369123677956,0.000326401699567,-0.000353935349267,0.000262487999862],[-0.000125433667563,0.00176543963607,0.000268607400358,-0.00104976457078,0.000470775557915,0.000141600976349,-0.00083863560576,0.000567297276575,-0.0000978369935183,0.000997873255983,0.0000875598416314,0.000794388062786,-0.000369273795513],[0.0000562047061976,0.000268607400358,0.000993387890048,-0.0000789392433944,0.000143129756907,-0.000876280013472,0.000585316680372,-0.000784576695878,0.00138699705712,-0.000956930976827,0.0017993733054,-0.000373901188141,0.0011686233338],[0.0000776219094405,-0.00104976457078,-0.0000789392433944,0.0034440534655,-0.000116867697216,-0.00020264214254,-0.00025844675838,-0.0000507664008182,-0.000459309958387,-0.000432115455624,0.000173361768248,-0.000361762969987,0.000938228273299],[0.0000704201811459,0.000470775557915,0.000143129756907,-0.000116867697216,0.00449712062255,-0.00112376711331,0.00095740344841,-0.00276736076921,0.000492305436637,0.000873926794156,-0.00116539665032,0.00133571051992,0.000281111337245],[-0.000227602402447,0.000141600976349,-0.000876280013472,-0.00020264214254,-0.00112376711331,0.00838339887559,-0.00549282599241,0.00304537918419,-0.00199029268697,-0.000245272152824,0.00115314638242,-0.00126466993243,-0.000510444922838],[0.000245325791184,-0.00083863560576,0.000585316680372,-0.00025844675838,0.00095740344841,-0.00549282599241,0.00893012806773,-0.0022597820498,0.00222634524107,0.000595116580371,-0.00270746368915,0.000635118572973,-0.000449777813628],[-0.00028042102349,0.000567297276575,-0.000784576695878,-0.0000507664008182,-0.00276736076921,0.00304537918419,-0.0022597820498,0.00992348231375,-0.00560046546161,0.00155911897309,-0.000963548605796,-0.000532642530743,-0.000494644627906],[0.0005146524054,-0.0000978369935183,0.00138699705712,-0.000459309958387,0.000492305436637,-0.00199029268697,0.00222634524107,-0.00560046546161,0.016577668488,-0.00788166094571,0.00420290883631,-0.00202403473668,0.000671984569635],[-0.000369123677956,0.000997873255983,-0.000956930976827,-0.000432115455624,0.000873926794156,-0.000245272152824,0.000595116580371,0.00155911897309,-0.00788166094571,0.0162624772638,-0.00740706920624,0.0035852228757,-0.000803995586466],[0.000326401699567,0.0000875598416314,0.0017993733054,0.000173361768248,-0.00116539665032,0.00115314638242,-0.00270746368915,-0.000963548605796,0.00420290883631,-0.00740706920624,0.0170137863606,-0.00692237121984,0.00336688337848],[-0.000353935349267,0.000794388062786,-0.000373901188141,-0.000361762969987,0.00133571051992,-0.00126466993243,0.000635118572973,-0.000532642530743,-0.00202403473668,0.0035852228757,-0.00692237121984,0.0159264858812,-0.00615134974942],[0.000262487999862,-0.000369273795513,0.0011686233338,0.000938228273299,0.000281111337245,-0.000510444922838,-0.000449777813628,-0.000494644627906,0.000671984569635,-0.000803995586466,0.00336688337848,-0.00615134974942,0.0157031789422]],"mean":[-668.467346191,78.1663970947,15.6450862885,45.7942237854,3.80688357353,21.8386535645,8.71439838409,9.50902080536,-5.70756721497,0.849633276463,-4.50130987167,2.67554807663,-2.9997484684]},"pitch_salience":{"dmean":0.0745644420385,"dmean2":0.123856417835,"dvar":0.00539893144742,"dvar2":0.0147195728496,"max":0.995634198189,"mean":0.489560037851,"median":0.486901760101,"min":0.0675138384104,"var":0.0153818717226},"silence_rate_20dB":{"dmean":0,"dmean2":0,"dvar":0,"dvar2":0,"max":1,"mean":1,"median":1,"min":1,"var":0},"silence_rate_30dB":{"dmean":0.00176004692912,"dmean2":0.00352061027661,"dvar":0.00175680685788,"dvar2":0.00497456453741,"max":1,"mean":0.998973429203,"median":1,"min":0,"var":0.00102543621324},"silence_rate_60dB":{"dmean":0.0211205631495,"dmean2":0.0422473214567,"dvar":0.0206718277186,"dvar2":0.048965383321,"max":1,"mean":0.0639389976859,"median":0,"min":0,"var":0.0598520673811},"spectral_centroid":{"dmean":327.305450439,"dmean2":516.666625977,"dvar":165956.78125,"dvar2":378033.46875,"max":11738.9130859,"mean":2058.29296875,"median":1935.82141113,"min":184.121917725,"var":1788846.25},"spectral_complexity":{"dmean":3.17893815041,"dmean2":4.58530139923,"dvar":18.9735393524,"dvar2":32.4982452393,"max":57,"mean":13.1007480621,"median":12,"min":0,"var":73.7413024902},"spectral_contrast_coeffs":{"dmean":[0.0551688447595,0.0435860008001,0.0358241721988,0.0303420443088,0.0219819545746,0.0146486228332],"dmean2":[0.090490244329,0.0728944763541,0.05766999349,0.0486880578101,0.0349752232432,0.0225721299648],"dvar":[0.00274671474472,0.00129838055,0.000946265063249,0.000798393622972,0.000432220927905,0.000229861703701],"dvar2":[0.00713263778016,0.0035376411397,0.00228968448937,0.0018598936731,0.000988846644759,0.000482105184346],"max":[-0.270525634289,-0.503246128559,-0.463681966066,-0.45878058672,-0.492346316576,-0.537907660007],"mean":[-0.64950966835,-0.742506504059,-0.767353415489,-0.74928021431,-0.74985909462,-0.716632127762],"median":[-0.648116290569,-0.742453217506,-0.772601425648,-0.760596215725,-0.757091224194,-0.719877481461],"min":[-0.977086365223,-0.993355631828,-0.993870913982,-0.992789030075,-0.971337854862,-0.984267175198],"var":[0.0103026451543,0.00469350488856,0.0060077519156,0.00767001369968,0.00369720766321,0.00302628730424]},"spectral_contrast_valleys":{"dmean":[0.399161249399,0.423706650734,0.349259495735,0.303810924292,0.247377440333,0.221326678991],"dmean2":[0.649832367897,0.679043531418,0.552521944046,0.468426525593,0.359155148268,0.308891862631],"dvar":[0.146296873689,0.209450721741,0.155747026205,0.144976064563,0.119216144085,0.124979816377],"dvar2":[0.329288214445,0.417634963989,0.305889904499,0.269751667976,0.204862236977,0.221789225936],"max":[-5.34605932236,-4.88338422775,-5.86852073669,-6.07267904282,-5.38469219208,-7.61404848099],"mean":[-7.65988492966,-7.93902492523,-8.49160957336,-8.83317279816,-8.1154499054,-10.456738472],"median":[-7.28360176086,-7.62293720245,-8.18251800537,-8.55215549469,-7.82217741013,-9.86835098267],"min":[-28.3188152313,-27.9998111725,-27.8560276031,-27.6889686584,-27.47423172,-27.4189414978],"var":[6.41872167587,6.51308679581,6.04685306549,5.89259910583,6.27045965195,5.57830476761]},"spectral_decrease":{"dmean":2.18266915653e-9,"dmean2":3.56656970624e-9,"dvar":1.41671637102e-17,"dvar2":3.53430552204e-17,"max":1.69817777474e-28,"mean":-5.05029174036e-9,"median":-3.84573084489e-9,"min":-4.10521394656e-8,"var":2.18635052467e-17},"spectral_energy":{"dmean":0.0086171105504,"dmean2":0.0139358574525,"dvar":0.000218565808609,"dvar2":0.000538368534762,"max":0.161161318421,"mean":0.0208120588213,"median":0.0159068666399,"min":9.83676964438e-21,"var":0.000352920294972},"spectral_energyband_high":{"dmean":0.000485139229568,"dmean2":0.00067534786649,"dvar":0.00000104537491552,"dvar2":0.00000213723387787,"max":0.0233839079738,"mean":0.00137653283309,"median":0.00093284790637,"min":7.07602284603e-21,"var":0.00000253170696851},"spectral_energyband_low":{"dmean":0.00456410367042,"dmean2":0.00764965824783,"dvar":0.0000387267718907,"dvar2":0.000104003382148,"max":0.0734464451671,"mean":0.00907085463405,"median":0.0067710368894,"min":1.35285921822e-23,"var":0.000080447352957},"spectral_energyband_middle_high":{"dmean":0.00149102939758,"dmean2":0.0022111076396,"dvar":0.0000132471659526,"dvar2":0.0000273433470284,"max":0.125533387065,"mean":0.00458991946653,"median":0.00170207675546,"min":1.16775102519e-21,"var":0.0000614974560449},"spectral_energyband_middle_low":{"dmean":0.00548790907487,"dmean2":0.00913199596107,"dvar":0.000183659183676,"dvar2":0.000477315770695,"max":0.147866651416,"mean":0.00784806162119,"median":0.0036298383493,"min":1.47336283331e-22,"var":0.000175867739017},"spectral_entropy":{"dmean":0.136243671179,"dmean2":0.20386967063,"dvar":0.0232817325741,"dvar2":0.0486323833466,"max":9.823097229,"mean":7.59259986877,"median":7.7043261528,"min":5.06151676178,"var":0.363389313221},"spectral_flux":{"dmean":0.0240378081799,"dmean2":0.0369577258825,"dvar":0.00112035335042,"dvar2":0.00243157916702,"max":0.338750749826,"mean":0.0681019723415,"median":0.0547726415098,"min":6.39416991577e-11,"var":0.0025048693642},"spectral_kurtosis":{"dmean":1.20370852947,"dmean2":2.1203546524,"dvar":5.30880784988,"dvar2":15.582868576,"max":45.6706390381,"mean":2.0352973938,"median":0.853575825691,"min":-1.24708282948,"var":16.3635120392},"spectral_rms":{"dmean":0.000826830451842,"dmean2":0.0013005938381,"dvar":0.00000123649010675,"dvar2":0.0000028202609883,"max":0.0125391604379,"mean":0.00409274920821,"median":0.00393940275535,"min":3.09787807386e-12,"var":0.0000035539151213},"spectral_rolloff":{"dmean":767.503417969,"dmean2":1318.64453125,"dvar":1477637.75,"dvar2":3440699,"max":19466.015625,"mean":2394.10327148,"median":1464.2578125,"min":64.599609375,"var":7821747},"spectral_skewness":{"dmean":0.17301595211,"dmean2":0.289481341839,"dvar":0.0491355583072,"dvar2":0.139428198338,"max":4.55772352219,"mean":0.802771270275,"median":0.732817471027,"min":-0.0816023349762,"var":0.248266533017},"spectral_spread":{"dmean":413538.21875,"dmean2":618835.5625,"dvar":590333018112,"dvar2":1150297833470,"max":44823816,"mean":5642638.5,"median":5072236,"min":944165.875,"var":20420717707300},"spectral_strongpeak":{"dmean":0.601504802704,"dmean2":1.03569924831,"dvar":1.70393359661,"dvar2":4.20512390137,"max":20.8052902222,"mean":1.21833729744,"median":0.351909160614,"min":0,"var":5.06753635406},"zerocrossingrate":{"dmean":0.0114625059068,"dmean2":0.0142427422106,"dvar":0.000171494830283,"dvar2":0.000254342623521,"max":0.52734375,"mean":0.0883889347315,"median":0.07373046875,"min":0.0048828125,"var":0.00411661155522}},"metadata":{"audio_properties":{"analysis_sample_rate":44100,"bit_rate":0,"codec":"flac","downmix":"mix","equal_loudness":0,"length":158.306671143,"lossless":true,"md5_encoded":"6d8548a9a2c1926f1056752f74ddb648","replay_gain":-13.0954589844,"sample_rate":44100},"tags":{"acoustid_id":["39a4381a-d982-434a-83e9-02c3b398822e"],"album":["For Your Love"],"albumartist":["The Yardbirds"],"albumartistsort":["Yardbirds, The"],"artist":["The Yardbirds"],"artistsort":["Yardbirds, The"],"asin":["B00000I15D"],"barcode":["4009910475720"],"catalognumber":["REP 4757-WY"],"date":["1999-03-30"],"discnumber":["1"],"disctotal":["1"],"file_name":"21 - Steeled Blues.flac","genre":["Blues"],"grouping":["Blues"],"label":["Repertoire"],"media":["CD"],"musicbrainz_albumartistid":["191de76f-a224-445d-b041-54df16d65bf7"],"musicbrainz_albumid":["6781bd33-06c2-4c5a-b4f4-b98b74e9eb40"],"musicbrainz_artistid":["191de76f-a224-445d-b041-54df16d65bf7"],"musicbrainz_recordingid":["8379dd1a-d2e5-4ec2-8f4f-c2ff59fc04ed"],"musicbrainz_releasegroupid":["88280af5-cd28-49d4-979b-9dacce95f9b4"],"musicbrainz_releasetrackid":["800be4eb-5832-3b68-b4bd-e178f4af806c"],"originaldate":["1965-07"],"originalyear":["1965"],"releasecountry":["DE"],"releasestatus":["official"],"releasetype":["album"],"script":["Latn"],"title":["Steeled Blues"],"totaldiscs":["1"],"totaltracks":["24"],"tracknumber":["21"],"tracktotal":["24"]},"version":{"essentia":"2.1-beta2","essentia_build_sha":"2d9f1f26377add8aeb1075a9c2973f962c4f09fd","essentia_git_sha":"v2.1_beta2-1-ge3940c0","extractor":"music 1.0"}},"rhythm":{"beats_count":334,"beats_loudness":{"dmean":0.0231122560799,"dmean2":0.0400417931378,"dvar":0.00035150142503,"dvar2":0.00104974326678,"max":0.113399729133,"mean":0.0317013300955,"median":0.029092842713,"min":0,"var":0.000438491872046},"beats_loudness_band_ratio":{"dmean"