{"lowlevel":{"average_loudness":0.935516536236,"barkbands":{"dmean":[0.000038639856939,0.00364554533735,0.00199038279243,0.00496002240106,0.00242475513369,0.000583969638683,0.000560185988434,0.000194430744159,0.00038706936175,0.000486024393467,0.00049232278252,0.000319306127494,0.000572093820665,0.00029657012783,0.000356379052391,0.000350680347765,0.000474477245007,0.000258010084508,0.000250505458098,0.000162324489793,0.000153977089212,0.000167636811966,0.000101563149656,0.0000562175009691,0.0000964917635429,0.0000311323965434,0.00000141788825658],"dmean2":[0.0000592240648984,0.00586297269911,0.00337457819842,0.00826298817992,0.00402988679707,0.000952219008468,0.000936085882131,0.000314788310789,0.000621952407528,0.000757769739721,0.000785320415162,0.000508886761963,0.00092061056057,0.000479733804241,0.000583293789532,0.000569495896343,0.00077093107393,0.000413194240537,0.000415610003984,0.000270327436738,0.000257335515926,0.000277488870779,0.000171780979144,0.0000857421036926,0.000146220743773,0.0000480170529045,0.00000216659122998],"dvar":[4.02936350952e-9,0.0000327542038576,0.0000166536246979,0.0000468432372145,0.0000187233945326,0.00000119480046123,0.00000154486633619,3.21608638387e-7,5.50650156583e-7,9.807204151e-7,0.00000113113685529,5.30885927219e-7,0.00000120023889849,4.17982107592e-7,3.04712528987e-7,2.82548484165e-7,4.83994881506e-7,2.17258730117e-7,1.06150046975e-7,6.7509752455e-8,9.72532276933e-8,1.75223703991e-7,6.98883013683e-8,1.64253251e-8,1.17594311178e-7,7.17740356038e-9,1.25700890669e-11],"dvar2":[9.64017576877e-9,0.0000772927014623,0.0000423134006269,0.000119461903523,0.0000466237979708,0.00000300868669001,0.0000039699602894,7.80098901032e-7,0.00000130533055653,0.00000217100136979,0.00000273055502475,0.00000125184169519,0.00000295624568025,0.00000100292345451,7.57708335186e-7,6.9304309136e-7,0.00000125285589547,5.15423664638e-7,2.73228579317e-7,1.74074187953e-7,2.61138239921e-7,4.77316518754e-7,1.9276323826e-7,3.87993139839e-8,2.88164414997e-7,1.69661635852e-8,2.83494720754e-11],"max":[0.00110847351607,0.105725564063,0.112498737872,0.13663199544,0.0590584613383,0.0214604903013,0.0194744449109,0.0152931045741,0.012000807561,0.0153769543394,0.0217177122831,0.0181054249406,0.0228183567524,0.0182296913117,0.00994898937643,0.0150381522253,0.0124501977116,0.0129768047482,0.00739436922595,0.00683219870552,0.00433434499428,0.00560861360282,0.00418668985367,0.00242168689147,0.00698356376961,0.00137033045758,0.0000800769921625],"mean":[0.0000630706563243,0.00527920946479,0.00332993455231,0.00878750160336,0.00374310743064,0.00081878452329,0.000679556454998,0.000264020782197,0.000649995461572,0.0008794934256,0.000899981416296,0.000539606262464,0.00095659046201,0.000546228897292,0.000682488258462,0.000691519584507,0.00102998618968,0.00053068442503,0.000594354176428,0.000277056999039,0.000246519164648,0.000236898049479,0.00013708746701,0.0000888640788617,0.000120908480312,0.0000407263432862,0.00000215244335777],"median":[0.0000203116469493,0.00260987551883,0.00160618696827,0.00671065133065,0.00209392164834,0.000406977254897,0.000238816428464,0.000107183630462,0.000325920205796,0.00030119085568,0.000207901321119,0.00016865276848,0.000450190331321,0.000208198296605,0.000404023448937,0.000464165932499,0.00065877311863,0.000354339019395,0.000507284130435,0.000180972827366,0.000102972218883,0.0000712114124326,0.0000474952539662,0.000032215473766,0.0000294091787509,0.00000456601537735,2.32008773082e-7],"min":[1.03898759624e-24,3.51112601469e-24,9.04555837226e-25,1.50991191867e-24,1.26521061853e-23,8.78433142224e-24,8.86321199073e-24,1.76708629302e-23,7.54934995359e-24,2.28390788399e-23,2.47340079312e-23,2.67299964153e-23,3.41376685281e-23,3.73623204939e-23,3.78190267818e-23,5.89320621838e-23,8.65412661661e-23,1.25080876364e-22,1.91977934579e-22,2.17237147168e-22,2.16604518588e-22,3.58098952439e-22,4.18431211175e-22,6.10313283377e-22,7.83029746384e-22,1.38093097868e-21,1.91856222808e-21],"var":[8.20235968035e-9,0.0000517184853379,0.0000268112762569,0.00007232799544,0.0000231445628742,0.00000157419765401,0.00000186345596376,4.13256714182e-7,0.00000120137144677,0.00000260967999566,0.00000342060980074,0.00000115816794732,0.00000241004590862,9.45643876094e-7,6.26478481536e-7,5.5898260598e-7,0.00000129266186377,4.34476021383e-7,1.99943158918e-7,9.3291163239e-8,1.32087038196e-7,1.84746625109e-7,6.44275957029e-8,2.44837803365e-8,1.11793610813e-7,9.40528099846e-9,2.35545766919e-11]},"barkbands_crest":{"dmean":2.51716709137,"dmean2":4.20770597458,"dvar":5.30351686478,"dvar2":14.2257795334,"max":26.6552715302,"mean":9.96519756317,"median":9.48984336853,"min":2.45090150833,"var":12.4048938751},"barkbands_flatness_db":{"dmean":0.0206728968769,"dmean2":0.0333550348878,"dvar":0.000392417452531,"dvar2":0.000971339643002,"max":0.370730727911,"mean":0.127767398953,"median":0.122542455792,"min":0.0301142800599,"var":0.00163760408759},"barkbands_kurtosis":{"dmean":1.90991175175,"dmean2":3.09894800186,"dvar":8.55741500854,"dvar2":21.0070495605,"max":109.349655151,"mean":2.11104202271,"median":0.478546380997,"min":-1.86424303055,"var":39.4295272827},"barkbands_skewness":{"dmean":0.4954854846,"dmean2":0.794007360935,"dvar":0.216253355145,"dvar2":0.540515363216,"max":10.4682064056,"mean":1.4210755825,"median":1.29166209698,"min":-2.65899801254,"var":1.06940436363},"barkbands_spread":{"dmean":6.12929487228,"dmean2":10.0326986313,"dvar":39.3181381226,"dvar2":102.333114624,"max":81.568321228,"mean":28.1268634796,"median":27.7325401306,"min":2.9431886673,"var":103.298873901},"dissonance":{"dmean":0.00905611738563,"dmean2":0.015523115173,"dvar":0.0000912515533855,"dvar2":0.000252945144894,"max":0.500000059605,"mean":0.484058231115,"median":0.487056970596,"min":0.379375189543,"var":0.000137008028105},"dynamic_complexity":2.23315262794,"erbbands":{"dmean":[0.0931458696723,0.892244160175,1.92841947079,8.87125778198,15.6710557938,4.96910381317,4.14626026154,5.33539915085,8.59648895264,5.43811511993,4.26713132858,9.12895584106,12.5233201981,17.125371933,16.7428798676,14.1261835098,25.7426223755,14.9879875183,13.6188545227,20.8441467285,18.2115821838,25.5660991669,14.31316185,13.3144054413,9.95725154877,7.42249774933,6.43156433105,6.3459944725,5.918364048,5.02683448792,2.44205164909,1.26319539547,1.04998826981,1.18849873543,0.59788620472,0.225081801414,0.0425264798105,0.00454121874645,0.000273654877674,0.0000193424002646],"dmean2":[0.142807841301,1.46554064751,3.27434754372,14.9977207184,26.0493373871,8.40235042572,6.91716432571,8.67927837372,14.3183879852,8.91817378998,6.83860301971,14.7440481186,19.5832767487,26.2320632935,26.3024635315,22.1678943634,41.8334197998,23.8744735718,22.0675926208,33.8821792603,29.2941226959,41.5926780701,22.8148651123,21.6541099548,16.4514980316,12.3589391708,10.9751281738,10.5217285156,9.7950334549,8.41523170471,4.13559007645,2.10561299324,1.51601111889,1.79086351395,0.929928958416,0.351923465729,0.0652987211943,0.00688197696581,0.000416244496591,0.0000286948197754],"dvar":[0.0249736886472,1.91159582138,15.3168373108,133.016830444,692.536987305,85.6645507812,79.1184692383,114.584442139,387.193572998,171.323730469,168.663604736,337.278900146,836.161743164,1266.8984375,1520.61584473,918.137695312,2522.40795898,1016.07800293,643.765869141,1014.96697998,892.852966309,1493.78198242,677.797973633,333.736724854,185.748245239,147.560546875,154.010269165,189.519302368,206.192489624,175.372039795,40.944065094,11.1247291565,6.86431360245,17.2218914032,4.65059518814,0.511618554592,0.0107821002603,0.00011575424287,4.16702761186e-7,8.99126773035e-10],"dvar2":[0.0515602305532,4.75546360016,37.765247345,359.904418945,1623.01293945,230.953842163,208.795227051,286.781951904,989.49005127,416.745452881,407.003753662,805.331604004,1931.9387207,2803.50048828,3658.66601562,2182.33032227,6336.77441406,2430.7800293,1639.68029785,2456.32836914,2206.69848633,3779.59643555,1618.56201172,805.652282715,472.636627197,377.959686279,413.316802979,508.004150391,558.402832031,481.310577393,113.326507568,30.5042800903,14.6854305267,40.9449272156,11.8109407425,1.28476512432,0.0237290840596,0.000250367971603,9.08265349153e-7,1.87829485299e-9],"max":[2.9026093483,24.3102149963,91.3224868774,274.607391357,295.747375488,242.882644653,233.829696655,209.185134888,339.142669678,377.668548584,396.010375977,371.837890625,559.943969727,681.461425781,906.319091797,664.553222656,933.541687012,1071.05505371,680.39050293,633.51373291,935.602966309,865.017456055,830.956237793,407.135253906,267.737823486,340.928955078,181.400009155,205.463150024,192.418182373,213.671875,73.4046020508,46.3338394165,74.3315887451,89.5030288696,43.9613075256,12.3361644745,1.63794636726,0.223821043968,0.0130813736469,0.000668514345307],"mean":[0.135618418455,1.25235581398,3.52412128448,16.958688736,25.499994278,8.46665763855,6.00950241089,7.12696743011,9.96579647064,7.76266288757,6.68678283691,15.1587696075,22.7031879425,32.3341636658,32.9471664429,26.7330551147,44.9978942871,32.2435569763,27.9760608673,41.8041877747,40.3901824951,56.8209533691,33.231628418,32.2502365112,23.1789264679,13.2401371002,9.52331256866,10.0647649765,8.55536937714,6.79634904861,3.32041764259,1.73016417027,1.67681205273,1.54160690308,0.705833852291,0.263926208019,0.0614151991904,0.0071751922369,0.000442406832008,0.0000547612144146],"median":[0.0405370406806,0.685998558998,2.15550613403,14.1563224792,17.98802948,5.82267570496,3.31180858612,3.37989521027,3.50443220139,3.1168346405,3.29214429855,7.77111959457,9.00715446472,11.6771678925,8.70788574219,10.5112104416,21.9150009155,12.0415124893,17.0224189758,26.6749248505,27.5110092163,36.6402320862,23.0838356018,26.6936378479,19.2142810822,8.55191421509,4.66956233978,3.55348014832,2.68221473694,2.14553833008,1.13247561455,0.62964707613,0.584598720074,0.417075276375,0.138445556164,0.0328879952431,0.00666573923081,0.00078131898772,0.0000674526891089,0.0000433569439338],"min":[1.18960653648e-22,7.10489530662e-22,1.74997449897e-21,4.74135686199e-21,1.58398463397e-20,4.65792608447e-20,4.37983022435e-20,8.09644642061e-20,1.88701727537e-19,2.24402881549e-19,2.74863096113e-19,1.97710435266e-19,4.95248749167e-19,7.99491051741e-19,9.96002592106e-19,1.03843220124e-18,1.55650658582e-18,1.90430852964e-18,2.68389503091e-18,3.136532398e-18,4.47697154961e-18,5.1758887092e-18,6.62120567708e-18,6.09951775399e-18,8.67476302503e-18,9.56279435217e-18,8.64118445525e-18,9.89634087211e-18,1.17666144351e-17,1.36609258666e-17,1.05814780299e-17,1.18050138135e-17,1.10562672938e-17,8.55222945217e-18,6.53290414669e-18,4.00495334076e-18,2.42516513622e-18,9.82687775978e-19,2.5480903274e-19,2.79403839462e-20],"var":[0.0462186858058,2.70908284187,24.3699645996,202.146896362,888.28314209,99.5587615967,85.164390564,141.068344116,410.731170654,300.268066406,225.020736694,704.803588867,1834.49609375,3505.75415039,4890.12304688,2084.60009766,5094.38427734,3202.12548828,1178.9921875,2079.19140625,1852.06213379,3959.07275391,1455.29541016,688.99206543,324.726593018,210.227645874,166.154983521,269.639251709,228.822982788,164.57762146,37.9268035889,10.5277748108,11.0197887421,17.750202179,4.04680538177,0.50625538826,0.0186765287071,0.000235329047428,8.46645718866e-7,1.97985428052e-9]},"erbbands_crest":{"dmean":2.29019856453,"dmean2":3.72777938843,"dvar":4.90705490112,"dvar2":12.0725860596,"max":26.5206260681,"mean":7.7826333046,"median":6.79895210266,"min":1.84750258923,"var":13.385433197},"erbbands_flatness_db":{"dmean":0.0151312453672,"dmean2":0.0220574885607,"dvar":0.000261281733401,"dvar2":0.000505014846567,"max":0.365863800049,"mean":0.152071341872,"median":0.147043019533,"min":0.0277573093772,"var":0.00204492779449},"erbbands_kurtosis":{"dmean":0.662989795208,"dmean2":1.07635653019,"dvar":0.573245406151,"dvar2":1.39199197292,"max":11.9659585953,"mean":0.0553034394979,"median":-0.255434393883,"min":-1.81492376328,"var":1.64776492119},"erbbands_skewness":{"dmean":0.282517135143,"dmean2":0.445251762867,"dvar":0.0649167299271,"dvar2":0.152931824327,"max":2.06960177422,"mean":-0.45456507802,"median":-0.461190223694,"min":-3.0324742794,"var":0.243991926312},"erbbands_spread":{"dmean":8.38142776489,"dmean2":13.3091487885,"dvar":68.6695785522,"dvar2":156.118927002,"max":128.256317139,"mean":43.9411354065,"median":41.9027328491,"min":4.1149930954,"var":330.307037354},"gfcc":{"cov":[[15323.0449219,-390.858581543,-567.081115723,635.095397949,-586.703979492,686.361633301,-539.83215332,236.116394043,-473.647521973,92.7291946411,-331.011230469,43.0482940674,-289.682434082],[-390.858581543,1437.39697266,-769.167297363,54.7788314819,199.071121216,-288.870605469,205.975921631,-151.57093811,195.316558838,-231.68788147,209.489547729,-159.234405518,166.205474854],[-567.081115723,-769.167297363,851.150817871,-22.5547542572,14.4202384949,107.820648193,-112.195846558,88.865486145,-106.887451172,171.959335327,-157.02784729,120.231987,-104.573257446],[635.095397949,54.7788314819,-22.5547542572,259.885253906,-54.4579277039,33.2780189514,-0.0916510671377,-32.1916542053,32.5044555664,-37.9452171326,5.02077150345,-36.0517311096,16.7295246124],[-586.703979492,199.071121216,14.4202384949,-54.4579277039,267.12701416,-13.0404376984,78.6312942505,25.5666542053,6.29266119003,-2.99157047272,29.1784343719,5.46260404587,14.7318763733],[686.361633301,-288.870605469,107.820648193,33.2780189514,-13.0404376984,313.055847168,-6.46245670319,60.8903961182,-86.2708740234,17.5728931427,-17.685459137,10.5523309708,-22.3872871399],[-539.83215332,205.975921631,-112.195846558,-0.0916510671377,78.6312942505,-6.46245670319,150.33190918,-12.3789587021,43.4746437073,-46.6996231079,44.9196968079,-16.8082275391,40.1480979919],[236.116394043,-151.57093811,88.865486145,-32.1916542053,25.5666542053,60.8903961182,-12.3789587021,163.322189331,0.172607451677,34.0873031616,-19.4365730286,19.5400257111,-0.583638906479],[-473.647521973,195.316558838,-106.887451172,32.5044555664,6.29266119003,-86.2708740234,43.4746437073,0.172607451677,128.20892334,-14.0699682236,51.4839782715,-28.5311927795,40.1864700317],[92.7291946411,-231.68788147,171.959335327,-37.9452171326,-2.99157047272,17.5728931427,-46.6996231079,34.0873031616,-14.0699682236,121.747879028,-11.4950990677,48.7215385437,-44.3967475891],[-331.011230469,209.489547729,-157.02784729,5.02077150345,29.1784343719,-17.685459137,44.9196968079,-19.4365730286,51.4839782715,-11.4950990677,132.058837891,-11.0781860352,41.295501709],[43.0482940674,-159.234405518,120.231987,-36.0517311096,5.46260404587,10.5523309708,-16.8082275391,19.5400257111,-28.5311927795,48.7215385437,-11.0781860352,88.3959655762,-6.13412809372],[-289.682434082,166.205474854,-104.573257446,16.7295246124,14.7318763733,-22.3872871399,40.1480979919,-0.583638906479,40.1864700317,-44.3967475891,41.295501709,-6.13412809372,85.920425415]],"icov":[[0.000257502601016,-0.000522616086528,0.000607866211794,-0.000848120951559,0.000454003107734,-0.000534721708391,0.000607656373177,-0.000766756595112,0.000918762758374,-0.000883023720235,0.000952018366661,-0.000956060248427,0.000865963054821],[-0.000522616086528,0.00435731420293,0.000237655665842,0.00132321764249,-0.00325877335854,0.00280316313729,-0.0014573658118,0.002650070237,-0.00256302999333,0.00367599283345,-0.00337472511455,0.00382711319253,-0.00317768612877],[0.000607866211794,0.000237655665842,0.00464883213863,-0.0027670878917,-0.00062148401048,-0.000885843823198,0.00170578388497,-0.00154074560851,0.00199782452546,-0.00366947054863,0.00404514558613,-0.00320773851126,0.00185105879791],[-0.000848120951559,0.00132321764249,-0.0027670878917,0.00783727969974,-0.000465599005111,0.000213640669244,-0.00133600633126,0.0036651135888,-0.0052989050746,0.0042833131738,-0.00292810285464,0.00403966940939,-0.0031408497598],[0.000454003107734,-0.00325877335854,-0.00062148401048,-0.000465599005111,0.00753436051309,-0.00141797156539,-0.00182903988753,-0.00317428028211,0.00339249800891,-0.00288331066258,0.00135025731288,-0.0023551878985,0.00244683003984],[-0.000534721708391,0.00280316313729,-0.000885843823198,0.000213640669244,-0.00141797156539,0.00719312066212,-0.00304624298587,-0.000267146737315,0.00259309937246,0.00215672864579,-0.00424024276435,0.00424969336018,-0.00256314012222],[0.000607656373177,-0.0014573658118,0.00170578388497,-0.00133600633126,-0.00182903988753,-0.00304624298587,0.0125117376447,-0.000661844795104,-0.00171798234805,0.00122054945678,0.00162699073553,-0.00372006790712,0.00125977385323],[-0.000766756595112,0.002650070237,-0.00154074560851,0.0036651135888,-0.00317428028211,-0.000267146737315,-0.000661844795104,0.0108876228333,-0.00596893765032,0.00181921606418,-0.00135146267712,0.00299810431898,-0.00484706554562],[0.000918762758374,-0.00256302999333,0.00199782452546,-0.0052989050746,0.00339249800891,0.00259309937246,-0.00171798234805,-0.00596893765032,0.0199290346354,-0.0078928116709,0.000225162468269,0.00126931525301,-0.00104205647949],[-0.000883023720235,0.00367599283345,-0.00366947054863,0.0042833131738,-0.00288331066258,0.00215672864579,0.00122054945678,0.00181921606418,-0.0078928116709,0.0228193216026,-0.00830539409071,-0.0023186430335,0.00441928114742],[0.000952018366661,-0.00337472511455,0.00404514558613,-0.00292810285464,0.00135025731288,-0.00424024276435,0.00162699073553,-0.00135146267712,0.000225162468269,-0.00830539409071,0.0173510182649,-0.00538290198892,0.00000503441015098],[-0.000956060248427,0.00382711319253,-0.00320773851126,0.00403966940939,-0.0023551878985,0.00424969336018,-0.00372006790712,0.00299810431898,0.00126931525301,-0.0023186430335,-0.00538290198892,0.0232987646013,-0.00958875380456],[0.000865963054821,-0.00317768612877,0.00185105879791,-0.0031408497598,0.00244683003984,-0.00256314012222,0.00125977385323,-0.00484706554562,-0.00104205647949,0.00441928114742,0.00000503441015098,-0.00958875380456,0.0239446721971]],"mean":[9.01885128021,94.1485290527,-128.187438965,51.0975074768,-37.1852684021,16.0189990997,-36.1304206848,6.48095178604,-29.1536045074,-9.83002185822,-20.9084415436,-5.72754430771,-11.3758354187]},"hfc":{"dmean":7.06573295593,"dmean2":10.7559976578,"dvar":114.545318604,"dvar2":257.283691406,"max":130.554046631,"mean":24.7099456787,"median":22.3563270569,"min":1.10957332388e-16,"var":268.514678955},"melbands":{"dmean":[0.000959754455835,0.000990019296296,0.00183622096665,0.000666060193907,0.000152829146828,0.000118005191325,0.000124913043692,0.0000530593861185,0.0000390854147554,0.0000581027925364,0.0000644674000796,0.000070776361099,0.0000657607524772,0.0000334327305609,0.0000543032510905,0.0000522312075191,0.0000282820237771,0.0000228081171372,0.0000280234326056,0.0000269790580205,0.0000242961250478,0.000030351920941,0.0000201360071515,0.000012946359675,0.0000119130290841,0.0000101408031696,0.00000598518727202,0.00000506680680701,0.00000447861975772,0.00000368775113202,0.00000394520156988,0.00000356894975084,0.00000325852784044,0.00000271774183602,0.00000151892902522,0.0000010229379086,7.00449277247e-7,6.29774376648e-7,0.00000103639342797,0.00000103088984815],"dmean2":[0.00151621620171,0.00164840917569,0.00305538903922,0.00110684463289,0.000255810125964,0.000191280167201,0.000207941862755,0.0000870637741173,0.0000622430161457,0.0000936251381063,0.000100666344224,0.000108011234261,0.000104864484456,0.0000522063091921,0.0000881600208231,0.0000831552752061,0.0000452324420621,0.0000368746223103,0.0000458716131106,0.0000438923962065,0.0000394783783122,0.0000496868888149,0.000032680847653,0.0000209183981497,0.0000195864013222,0.0000168680726347,0.00000994891524897,0.00000853424535308,0.00000773384726926,0.0000062449203142,0.00000657578493701,0.00000597728831053,0.00000547796526007,0.00000460449518869,0.00000260296769738,0.00000174829563093,0.00000117290164781,9.50956518864e-7,0.00000151390759129,0.00000159969022206],"dvar":[0.00000242395162786,0.00000287630837192,0.00000631293960396,0.00000126341285522,1.10895356897e-7,5.3018755608e-8,7.92793599658e-8,1.68958873559e-8,1.12422187115e-8,1.36650362137e-8,2.17692015525e-8,2.15406856796e-8,2.16199946834e-8,5.90608184581e-9,1.07200479604e-8,1.15936575895e-8,3.83979115171e-9,2.15887197008e-9,1.95161553584e-9,1.55032620075e-9,1.87458537582e-9,2.24775642543e-9,1.18755727474e-9,5.09207731536e-10,2.57246585145e-10,1.74541325837e-10,7.33532887209e-11,7.55121590257e-11,7.22135476416e-11,5.8266419467e-11,7.84945441978e-11,7.27591806249e-11,7.30026386564e-11,5.08236022712e-11,1.62677562393e-11,7.62782285252e-12,3.47256706897e-12,2.10129179681e-12,1.09326948536e-11,1.39599313012e-11],"dvar2":[0.00000544201566299,0.00000705791126165,0.0000158768270921,0.00000303545562019,2.96100068908e-7,1.32391321017e-7,2.03871749704e-7,4.11159035707e-8,2.72171902793e-8,3.24862270418e-8,4.99901595674e-8,4.74079655532e-8,5.34498205695e-8,1.36590356803e-8,2.52356340269e-8,2.81954868342e-8,9.17339715301e-9,5.5018678502e-9,4.80364370503e-9,3.8368117572e-9,4.69349048515e-9,5.73913583324e-9,2.97366797852e-9,1.1912433262e-9,6.3996613564e-10,4.49411452497e-10,1.86112514289e-10,1.95554350491e-10,1.94915514284e-10,1.57689153402e-10,2.08862066531e-10,1.96684821208e-10,2.00538377571e-10,1.39602829297e-10,4.51242099242e-11,2.13209137845e-11,9.48860608141e-12,4.77546864899e-12,2.39027304894e-11,3.42610662063e-11],"max":[0.0292282644659,0.0339650735259,0.0457754358649,0.0153396604583,0.0102227237076,0.00407853256911,0.00460160383955,0.00389581103809,0.00327955861576,0.00229670084082,0.00283319479786,0.00268508004956,0.00333515251987,0.00187451171223,0.00245289434679,0.00290164351463,0.00186355691403,0.00146136165131,0.000807056436315,0.000710239924956,0.00138183741365,0.000960555335041,0.000785273557995,0.000592436583247,0.000369954446796,0.000236803301959,0.000166803598404,0.000247689400567,0.000135349400807,0.000131209919346,0.000144875128171,0.000115214541438,0.000115620117867,0.000133670706418,0.0000570496013097,0.000049401751312,0.0000308968847094,0.0000386231768061,0.0000783808645792,0.0000756803710829],"mean":[0.00136457313783,0.00177994766273,0.00348179182038,0.00113786139991,0.000232805628912,0.000161468939041,0.000147905622725,0.0000759093163651,0.0000603769112786,0.0000961415862548,0.000112342269858,0.000127520965179,0.000122965619084,0.0000582353386562,0.0000944006824284,0.0000895866251085,0.0000552892888663,0.0000412077461078,0.0000527713600604,0.0000519258101122,0.0000468585094495,0.00006250491424,0.0000396688592446,0.0000254208425758,0.0000263566107606,0.0000217632405111,0.0000115145521704,0.00000798464498075,0.00000594854418523,0.00000553783593205,0.00000599975965088,0.00000492898698212,0.00000436882692156,0.0000035259311062,0.00000202268734029,0.0000012842912156,9.42175631735e-7,0.00000101602108771,0.00000145384638017,0.00000126650229504],"median":[0.000562797067687,0.00116212153807,0.00277627445757,0.000784705160186,0.00014291710977,0.0000781453709351,0.0000514926214237,0.0000306255387841,0.0000302040280076,0.0000474843909615,0.000041880968638,0.0000434128451161,0.0000286754620902,0.0000175042769115,0.000041878563934,0.0000416581970057,0.0000180428869498,0.0000236610194406,0.0000314812059514,0.0000345835469489,0.0000297035330732,0.0000393879963667,0.0000244829589064,0.0000169553313754,0.0000217433844227,0.0000180900260602,0.00000861591252033,0.00000465103767056,0.00000275518095805,0.00000249314280154,0.00000188392868949,0.00000151457379616,0.00000129575994379,0.00000113061014417,6.80106268192e-7,4.37402150055e-7,3.37504559411e-7,3.78855077088e-7,4.12590537735e-7,3.12437009597e-7],"min":[1.63630873494e-24,1.17131516739e-24,1.29960150274e-24,2.42045935169e-24,1.56240114559e-24,2.14931740616e-24,2.36125908784e-24,3.05018452979e-24,1.74341356333e-24,1.28853023436e-24,2.09238432855e-24,2.9737157063e-24,3.21719801913e-24,2.84662252308e-24,1.65631444471e-24,4.16043663692e-24,3.07636051235e-24,4.28208056622e-24,3.22960443458e-24,4.38717261602e-24,4.42117764863e-24,5.11110869102e-24,3.57200280518e-24,4.54306730811e-24,4.41006062632e-24,6.08699589509e-24,5.09503131134e-24,5.94545610489e-24,4.83058147008e-24,5.29773543182e-24,5.46784066426e-24,6.10296993399e-24,6.49022569667e-24,6.87175314588e-24,4.16043111489e-24,6.6675336236e-24,6.15427074195e-24,7.57674867055e-24,6.52935871959e-24,4.85818292429e-24],"var":[0.00000402564182878,0.00000466091569251,0.00000941697089729,0.00000165311757883,1.12583684597e-7,6.80210803239e-8,8.688934372e-8,2.87146804112e-8,1.59216941853e-8,2.87673760369e-8,4.83558970643e-8,5.95703859574e-8,6.73294451303e-8,1.33110145129e-8,2.36629276174e-8,2.32847057191e-8,1.1139315248e-8,3.33190031121e-9,3.82718745584e-9,3.0932605366e-9,3.37045502619e-9,5.46386846878e-9,2.32821295576e-9,1.05946240669e-9,4.84644824272e-10,3.02549457709e-10,1.15661556721e-10,9.85862988467e-11,7.26214505198e-11,6.58965174094e-11,1.16173876075e-10,8.11228167974e-11,6.94907464904e-11,4.62602942064e-11,1.47180427568e-11,6.50628726243e-12,3.30582306321e-12,3.35041825013e-12,1.40808944366e-11,1.31560691161e-11]},"melbands_crest":{"dmean":3.50443935394,"dmean2":5.86027574539,"dvar":9.84807682037,"dvar2":27.1077976227,"max":39.6834716797,"mean":16.3106307983,"median":15.8744621277,"min":1.52767801285,"var":24.3443622589},"melbands_flatness_db":{"dmean":0.0268981941044,"dmean2":0.0437236987054,"dvar":0.000661401485559,"dvar2":0.00167081796099,"max":0.37612092495,"mean":0.191477224231,"median":0.187686830759,"min":0.00279514002614,"var":0.00245616491884},"melbands_kurtosis":{"dmean":6.39956569672,"dmean2":10.317946434,"dvar":79.9368362427,"dvar2":197.832565308,"max":266.08682251,"mean":12.7025747299,"median":7.99720478058,"min":-1.78987705708,"var":287.555603027},"melbands_skewness":{"dmean":0.738508164883,"dmean2":1.18142700195,"dvar":0.494144827127,"dvar2":1.21222198009,"max":15.7716417313,"mean":3.00377511978,"median":2.78727054596,"min":-1.44268870354,"var":2.46067690849},"melbands_spread":{"dmean":7.83741140366,"dmean2":12.9494953156,"dvar":65.2317276001,"dvar2":169.334442139,"max":155.079177856,"mean":26.7318611145,"median":24.9084243774,"min":1.82767522335,"var":216.931777954},"mfcc":{"cov":[[6646.54492188,-245.408538818,274.973144531,-13.9371852875,108.039550781,238.948379517,78.756187439,119.675704956,3.8926756382,-57.4605827332,55.162399292,-39.2540664673,16.7555294037],[-245.408538818,1123.67834473,-565.019897461,195.164718628,24.0564289093,-69.8608398438,26.7471923828,31.3345527649,-7.54667520523,28.0884723663,-18.2832584381,11.5017185211,-2.2661857605],[274.973144531,-565.019897461,573.783569336,-30.3036346436,42.7227973938,62.2961158752,-30.8222007751,-32.4526977539,15.2952423096,-14.1839437485,8.67226600647,-32.0778541565,-0.327426016331],[-13.9371852875,195.164718628,-30.3036346436,256.0027771,2.58620357513,-5.86069869995,-56.6520233154,-6.69511175156,7.71090698242,15.7454147339,-13.6218910217,-3.71078586578,-8.54300117493],[108.039550781,24.0564289093,42.7227973938,2.58620357513,154.222366333,15.3654232025,53.5445594788,18.6963710785,20.7372093201,5.78015708923,22.3721656799,-2.07963776588,10.1314983368],[238.948379517,-69.8608398438,62.2961158752,-5.86069869995,15.3654232025,167.488357544,55.9038848877,17.9553756714,-19.0739898682,-11.5554761887,1.46707439423,-16.9905395508,-9.78930568695],[78.756187439,26.7471923828,-30.8222007751,-56.6520233154,53.5445594788,55.9038848877,149.099365234,55.423412323,8.75799942017,0.210632681847,11.7836484909,-0.720988631248,3.03658986092],[119.675704956,31.3345527649,-32.4526977539,-6.69511175156,18.6963710785,17.9553756714,55.423412323,96.5599594116,38.5520439148,6.59151935577,1.48133122921,-10.7585506439,-5.00737333298],[3.8926756382,-7.54667520523,15.2952423096,7.71090698242,20.7372093201,-19.0739898682,8.75799942017,38.5520439148,82.5488891602,27.9937763214,-0.0983805432916,-16.0175170898,-5.08030319214],[-57.4605827332,28.0884723663,-14.1839437485,15.7454147339,5.78015708923,-11.5554761887,0.210632681847,6.59151935577,27.9937763214,64.364906311,15.1752357483,5.9363656044,-0.90789437294],[55.162399292,-18.2832584381,8.67226600647,-13.6218910217,22.3721656799,1.46707439423,11.7836484909,1.48133122921,-0.0983805432916,15.1752357483,63.5645103455,27.8712005615,7.34489965439],[-39.2540664673,11.5017185211,-32.0778541565,-3.71078586578,-2.07963776588,-16.9905395508,-0.720988631248,-10.7585506439,-16.0175170898,5.9363656044,27.8712005615,71.7284317017,28.4005432129],[16.7555294037,-2.2661857605,-0.327426016331,-8.54300117493,10.1314983368,-9.78930568695,3.03658986092,-5.00737333298,-5.08030319214,-0.90789437294,7.34489965439,28.4005432129,51.3624763489]],"icov":[[0.000168190177646,-0.00000700323562342,-0.0000579697843932,-0.00000317129251926,-0.0000586267015024,-0.000205708376598,0.000109439344669,-0.000257030158537,0.0000378700169676,0.000153653600137,-0.000196960652829,0.000106765881355,-0.000139651630889],[-0.00000700323562342,0.00237470539287,0.00228397687897,-0.00160593760666,-0.000917605182622,0.000423044955824,-0.000486489996547,0.000168807251612,0.000507191056386,-0.000348471890902,0.000185928598512,0.00082813197514,-0.000279132946162],[-0.0000579697843932,0.00228397687897,0.00440009683371,-0.00108068611007,-0.00157315516844,-0.000755749584641,0.000595613848418,0.00128336576745,-0.000757395406254,0.000321746774716,-0.000460913288407,0.00177149439696,-0.000758691690862],[-0.00000317129251926,-0.00160593760666,-0.00108068611007,0.00580429332331,-0.000579579442274,-0.00114948896226,0.00309271248989,-0.000756370660383,-0.000391782727093,-0.0010533441091,0.00125702447258,-0.00115528667811,0.000929043046199],[-0.0000586267015024,-0.000917605182622,-0.00157315516844,-0.000579579442274,0.00912441685796,0.000430393818533,-0.0037265564315,0.000991060165688,-0.00214867061004,0.000858142564539,-0.00325261359103,0.00137182394974,-0.00201943004504],[-0.000205708376598,0.000423044955824,-0.000755749584641,-0.00114948896226,0.000430393818533,0.00863690394908,-0.00384094868787,-0.000806889147498,0.00346772931516,-0.000235544139287,-0.000329357048031,0.00186487974133,0.000954167975578],[0.000109439344669,-0.000486489996547,0.000595613848418,0.00309271248989,-0.0037265564315,-0.00384094868787,0.0130224116147,-0.00609596772119,0.00104279478546,-0.000468613579869,-0.0000104177388494,-0.000823343638331,-0.000348524219589],[-0.000257030158537,0.000168807251612,0.00128336576745,-0.000756370660383,0.000991060165688,-0.000806889147498,-0.00609596772119,0.0179604962468,-0.00883890036494,0.0020313707646,-0.000545528309885,0.000667220156174,0.000606497691479],[0.0000378700169676,0.000507191056386,-0.000757395406254,-0.000391782727093,-0.00214867061004,0.00346772931516,0.00104279478546,-0.00883890036494,0.0213728491217,-0.00848678406328,0.0010630118195,0.00426176097244,-0.000443106080638],[0.000153653600137,-0.000348471890902,0.000321746774716,-0.0010533441091,0.000858142564539,-0.000235544139287,-0.000468613579869,0.0020313707646,-0.00848678406328,0.0208968669176,-0.00523465825245,-0.0014244139893,0.000839055981487],[-0.000196960652829,0.000185928598512,-0.000460913288407,0.00125702447258,-0.00325261359103,-0.000329357048031,-0.0000104177388494,-0.000545528309885,0.0010630118195,-0.00523465825245,0.0226886067539,-0.00988058652729,0.00303636840545],[0.000106765881355,0.00082813197514,0.00177149439696,-0.00115528667811,0.00137182394974,0.00186487974133,-0.000823343638331,0.000667220156174,0.00426176097244,-0.0014244139893,-0.00988058652729,0.0247836802155,-0.0118752764538],[-0.000139651630889,-0.000279132946162,-0.000758691690862,0.000929043046199,-0.00201943004504,0.000954167975578,-0.000348524219589,0.000606497691479,-0.000443106080638,0.000839055981487,0.00303636840545,-0.0118752764538,0.0264154840261]],"mean":[-621.323181152,114.076705933,-17.3204860687,37.1448898315,18.4472789764,11.0422353745,7.08500671387,9.77711868286,1.84313702583,-3.90024256706,-2.19185113907,-8.23030757904,-4.17009687424]},"pitch_salience":{"dmean":0.0692491978407,"dmean2":0.114968590438,"dvar":0.00418684724718,"dvar2":0.0113388840109,"max":0.944475233555,"mean":0.567048549652,"median":0.572575807571,"min":0.0172523055226,"var":0.0086896084249},"silence_rate_20dB":{"dmean":0,"dmean2":0,"dvar":0,"dvar2":0,"max":1,"mean":1,"median":1,"min":1,"var":0},"silence_rate_30dB":{"dmean":0.00360742700286,"dmean2":0.00721561955288,"dvar":0.00359457358718,"dvar2":0.00928659830242,"max":1,"mean":0.997453868389,"median":1,"min":0,"var":0.00253932992928},"silence_rate_60dB":{"dmean":0.00254641915672,"dmean2":0.00509337848052,"dvar":0.00253992085345,"dvar2":0.0054921284318,"max":1,"mean":0.0256736688316,"median":0,"min":0,"var":0.0250145159662},"spectral_centroid":{"dmean":285.464874268,"dmean2":470.75201416,"dvar":87132.0546875,"dvar2":222070.703125,"max":11755.8115234,"mean":1590.24328613,"median":1545.37792969,"min":274.114593506,"var":556711.5625},"spectral_complexity":{"dmean":4.66928386688,"dmean2":7.20373535156,"dvar":20.4908027649,"dvar2":44.6097869873,"max":57,"mean":28.1522388458,"median":29,"min":0,"var":102.020301819},"spectral_contrast_coeffs":{"dmean":[0.0515542626381,0.0467382594943,0.0364382602274,0.02846718207,0.022388311103,0.0180081054568],"dmean2":[0.0851595178246,0.0777943655849,0.0597684942186,0.0471012666821,0.0369122698903,0.0295448824763],"dvar":[0.0019365582848,0.0014659515582,0.000873623881489,0.000511602964252,0.000367608387023,0.00031382785528],"dvar2":[0.00514330156147,0.00402512121946,0.00229251920246,0.00137220928445,0.000939353893045,0.000804686336778],"max":[-0.285319536924,-0.449526309967,-0.533067882061,-0.607627868652,-0.55811727047,-0.579617083073],"mean":[-0.602362394333,-0.764112830162,-0.774789392948,-0.789206385612,-0.777880311012,-0.740731835365],"median":[-0.600889801979,-0.77006149292,-0.78130376339,-0.790943741798,-0.779811024666,-0.739233255386],"min":[-0.98289757967,-0.973407745361,-0.976319730282,-0.967707395554,-0.96425139904,-0.963617444038],"var":[0.00597795797512,0.00404997076839,0.00359321944416,0.00167734653223,0.00150097010192,0.0016394329723]},"spectral_contrast_valleys":{"dmean":[0.376040607691,0.355700731277,0.29690527916,0.239409476519,0.24384778738,0.310199856758],"dmean2":[0.624125421047,0.58204472065,0.481162816286,0.383878469467,0.380372971296,0.418383836746],"dvar":[0.114711254835,0.111868314445,0.0729780048132,0.0549375787377,0.0837774276733,0.186182126403],"dvar2":[0.277792304754,0.253615766764,0.1594684273,0.108039937913,0.168711423874,0.378509670496],"max":[-5.19526720047,-4.87175226212,-5.50692796707,-5.72875452042,-5.57052564621,-7.9417424202],"mean":[-7.04354381561,-7.07903766632,-7.2606420517,-7.18390703201,-7.07179927826,-10.2136831284],"median":[-6.82096147537,-6.92457866669,-7.08444023132,-6.99514389038,-6.86410045624,-9.92957305908],"min":[-28.1537895203,-28.1698722839,-27.7131576538,-27.625120163,-27.5337600708,-27.3774929047],"var":[2.67561912537,2.46492266655,2.44996809959,2.49065423012,2.55298566818,2.75437951088]},"spectral_decrease":{"dmean":2.560986756e-9,"dmean2":4.09895806186e-9,"dvar":1.00378747836e-17,"dvar2":2.30597738486e-17,"max":1.77242598521e-28,"mean":-7.91555532231e-9,"median":-7.12213665821e-9,"min":-4.82433577531e-8,"var":2.17232187235e-17},"spectral_energy":{"dmean":0.010041102767,"dmean2":0.0159897059202,"dvar":0.000154215580551,"dvar2":0.000350075628376,"max":0.1864182055,"mean":0.0321161933243,"median":0.0291054453701,"min":1.0120498249e-20,"var":0.000345131265931},"spectral_energyband_high":{"dmean":0.000580866122618,"dmean2":0.000907723268028,"dvar":0.00000137285144319,"dvar2":0.00000341569239026,"max":0.0133634889498,"mean":0.00100045697764,"median":0.000448984355899,"min":7.14573704645e-21,"var":0.00000195744451048},"spectral_energyband_low":{"dmean":0.00568232359365,"dmean2":0.00919701624662,"dvar":0.0000588563380006,"dvar2":0.000143669269164,"max":0.151497393847,"mean":0.0123437168077,"median":0.00971561484039,"min":1.53758172769e-23,"var":0.000111819354061},"spectral_energyband_middle_high":{"dmean":0.00180399930105,"dmean2":0.00285016535781,"dvar":0.00000447123466074,"dvar2":0.0000107157029561,"max":0.0380343347788,"mean":0.00738679198548,"median":0.0059481645003,"min":1.20512844133e-21,"var":0.0000275276925095},"spectral_energyband_middle_low":{"dmean":0.00702708773315,"dmean2":0.0116093745455,"dvar":0.0000992532877717,"dvar2":0.000236487874645,"max":0.14683867991,"mean":0.0152010759339,"median":0.0121219903231,"min":1.15911636829e-22,"var":0.000153753338964},"spectral_entropy":{"dmean":0.126749515533,"dmean2":0.199240893126,"dvar":0.018412232399,"dvar2":0.0423877649009,"max":9.81452560425,"mean":7.73645877838,"median":7.73980569839,"min":6.45932674408,"var":0.0978086665273},"spectral_flux":{"dmean":0.025450905785,"dmean2":0.0395981110632,"dvar":0.000645030173473,"dvar2":0.00145583529957,"max":0.292395323515,"mean":0.0911908522248,"median":0.0874636620283,"min":6.366051436e-11,"var":0.00185070582666},"spectral_kurtosis":{"dmean":1.59861969948,"dmean2":2.74496746063,"dvar":3.70833897591,"dvar2":11.2838659286,"max":30.323387146,"mean":4.29140663147,"median":3.75437116623,"min":-1.26652336121,"var":6.62895774841},"spectral_rms":{"dmean":0.000813967722934,"dmean2":0.00128843949642,"dvar":7.5979136227e-7,"dvar2":0.00000168482563367,"max":0.0134859709069,"mean":0.00534072937444,"median":0.00532874790952,"min":3.14223755522e-12,"var":0.0000028095066682},"spectral_rolloff":{"dmean":565.584655762,"dmean2":967.52355957,"dvar":538989.9375,"dvar2":1350166.875,"max":19186.0839844,"mean":1634.00634766,"median":1528.85742188,"min":21.533203125,"var":2075743.625},"spectral_skewness":{"dmean":0.208747446537,"dmean2":0.350467205048,"dvar":0.0438163504004,"dvar2":0.123687818646,"max":2.97855019569,"mean":1.32209181786,"median":1.28694820404,"min":-0.0524942353368,"var":0.13346990943},"spectral_spread":{"dmean":514646.28125,"dmean2":714834.25,"dvar":596534165504,"dvar2":1150575706110,"max":42474684,"mean":4231853,"median":3883842,"min":1253447.375,"var":7085420445700},"spectral_strongpeak":{"dmean":0.345866382122,"dmean2":0.602433145046,"dvar":0.375629514456,"dvar2":0.998764038086,"max":11.3834218979,"mean":0.649191141129,"median":0.540404617786,"min":0,"var":0.376691639423},"zerocrossingrate":{"dmean":0.00889733899385,"dmean2":0.0112254433334,"dvar":0.0000937989825616,"dvar2":0.000139226132887,"max":0.52734375,"mean":0.061721060425,"median":0.0576171875,"min":0,"var":0.00123819161672}},"metadata":{"audio_properties":{"analysis_sample_rate":44100,"bit_rate":0,"codec":"flac","downmix":"mix","equal_loudness":0,"length":218.839996338,"lossless":true,"md5_encoded":"bb232372acce34e0d615ec2ed98b6a98","replay_gain":-8.73680114746},"tags":{"album":["The Last in Line"],"albumartist":["Dio"],"albumartistsort":["Dio"],"artist":["Dio"],"artistsort":["Dio"],"date":["1984-08-29"],"discnumber":["1"],"disctotal":["1"],"file_name":"6 - Evil Eyes.flac","musicbrainz_albumartistid":["c55193fb-f5d2-4839-a263-4c044fca1456"],"musicbrainz_albumid":["fd086ea8-cf74-4450-8e07-6a7d60f39c5a"],"musicbrainz_artistid":["c55193fb-f5d2-4839-a263-4c044fca1456"],"musicbrainz_recordingid":["83802099-8869-44c6-823f-16de2da5aba0"],"musicbrainz_releasegroupid":["798601d4-f28e-3835-b10c-1a00ecf773b8"],"producer":["Ronnie James Dio"],"releasecountry":["US"],"releasetype":["album"],"replaygain_album_gain":["-2.59 dB"],"replaygain_album_peak":["0.97802734"],"replaygain_reference_loudness":["89.0 dB"],"replaygain_track_gain":["-3.14 dB"],"replaygain_track_peak":["0.88156128"],"title":["Evil Eyes"],"totaldiscs":["1"],"totaltracks":["9"],"tracknumber":["6"],"tracktotal":["9"]},"version":{"essentia":"2.1-beta1","essentia_build_sha":"0a826ad6289770054bb7564d59068f1232327ff9","essentia_git_sha":"v2.1_beta1-5-gf9dded9","extractor":"music 1.0"}},"rhythm":{"beats_count":603,"beats_loudness":{"dmean":0.022602820769,"dmean2":0.0419091954827,"dvar":0.000378135417122,"dvar2":0.0011293644784,"max":0.132227852941,"mean":0.0410055965185,"median":0.0375652015209,"min":0,"var":0.000458528054878},"beats_loudness_band_ratio":{"dmean":[0.159381449223,0.0885302498937,0.0505057908595,0.0783718302846,0.060712877661,0.0436091981828],"dmean2":[0.279902011156,0.161564514041,0.0892797037959,0.137568831444,0.108997225761,0.0786068737507],"dvar":[0.0185001995414,0.00515997270122,0.00351720