{"lowlevel":{"average_loudness":0.88534206152,"barkbands":{"dmean":[0.00153983279597,0.00716218492016,0.0026635969989,0.00232067191973,0.00245142262429,0.00117754423991,0.000816190964542,0.000631795264781,0.000671051268,0.000780491216574,0.000533111102413,0.000501414469909,0.000419108109782,0.00041295736446,0.000245219533099,0.000144116376759,0.0000784175499575,0.000119202093629,0.0000617041441728,0.0000278650550172,0.0000078817256508,0.00000639461677565,0.00000203892727768,0.00000184778184575,0.00000180403537797,0.000002482034688,0.000196218679775],"dmean2":[0.00259540136904,0.0113408518955,0.00455149775371,0.00387191795744,0.00403071893379,0.00187282287516,0.00133895396721,0.0010403621709,0.00107168476097,0.00125497940462,0.000866105780005,0.000798387627583,0.000657285039779,0.000634609779809,0.000381949997973,0.000230301331612,0.000127354709548,0.000189435464563,0.0000958701057243,0.0000431741937064,0.0000129096615638,0.0000104498449218,0.00000389163460568,0.00000360094486496,0.00000360525200449,0.00000479641539641,0.000298371276585],"dvar":[0.00000347345303453,0.0000426466576755,0.0000113537262223,0.0000213569419429,0.0000311754738505,0.0000139481417136,0.00000537804680789,0.00000275502770819,0.00000295039490084,0.00000233290643337,0.00000108530844045,0.00000155761256337,9.17437603221e-7,0.00000147763944369,3.34895247533e-7,7.74808697201e-8,1.9100532711e-8,2.19252697775e-7,3.58300304981e-8,6.92973056715e-9,4.50247866768e-10,4.18630630161e-10,2.21549393414e-11,1.97103704885e-11,1.91667584581e-11,2.74747811307e-11,8.82629365151e-8],"dvar2":[0.00000938674656936,0.000107581923658,0.0000317423546221,0.0000499941779708,0.0000801153073553,0.0000326326444338,0.0000143419119922,0.00000645715044811,0.00000729733119442,0.00000585782254348,0.00000280144695353,0.00000343304759554,0.00000206121808333,0.00000263504989562,7.14120346856e-7,1.92057058257e-7,4.99105077267e-8,5.4426772067e-7,8.24012289513e-8,1.52799355391e-8,1.01987263079e-9,9.77947944847e-10,6.23600129868e-11,5.5699691387e-11,5.42716739604e-11,7.67989283279e-11,2.05432982625e-7],"max":[0.0262544192374,0.0984908267856,0.0499739013612,0.168495103717,0.164173141122,0.144728913903,0.0912196710706,0.102847442031,0.0662632733583,0.0328274965286,0.0300160348415,0.0526778921485,0.0329948440194,0.0552205629647,0.0245788469911,0.00758687499911,0.00359358498827,0.0184581186622,0.00430257059634,0.00261407834478,0.000873389071785,0.000725555757526,0.000117390598461,0.000107638392365,0.000105261540739,0.000105894832814,0.0091148884967],"mean":[0.00325095676817,0.0143486112356,0.00399011885747,0.00336810993031,0.00375346420333,0.00176625500899,0.00122343946714,0.00092903454788,0.0010258348193,0.00130778551102,0.000863628811203,0.000902845582459,0.00077690044418,0.000812948390376,0.00047712601372,0.000318038248224,0.00014510958863,0.000180783550604,0.0000991325287032,0.0000475376364193,0.0000112165143946,0.00000828194242786,0.00000149854110987,0.00000114684610253,9.19622834772e-7,0.00000172194984316,0.000570359814446],"median":[0.00243586744182,0.0124218733981,0.00243234541267,0.00134711223654,0.00164926797152,0.000519362452906,0.000422459765105,0.000325556553435,0.000373171991669,0.000547412841115,0.000349239300704,0.000267248396995,0.000244577793637,0.000227877113502,0.000175428955117,0.000108594773337,0.0000732791522751,0.0000614890814177,0.0000282585679088,0.0000133831281346,0.00000359835894415,0.00000215881595977,2.80983442735e-7,1.24249922351e-7,2.0166423198e-8,3.27810738554e-7,0.000365462241462],"min":[4.09801653868e-26,3.47188176238e-24,9.64214133437e-25,4.92593739858e-25,5.29014737878e-24,6.02824390145e-24,1.0679802461e-23,2.78514402893e-24,1.05811459385e-23,1.45308525841e-23,1.26982087944e-23,1.35049799976e-23,2.51953069673e-23,3.00675690866e-23,4.71125119092e-23,5.95583420119e-23,6.37689786014e-23,6.83678988393e-23,8.03813227254e-23,1.39739413974e-22,2.30909507673e-22,2.80265997536e-22,3.73630904221e-22,5.49553525139e-22,8.02273661068e-22,1.23694924746e-21,2.00017139072e-21],"var":[0.00000969839311438,0.000104841979919,0.0000221005357162,0.0000532391495653,0.0000609816706856,0.0000314169701596,0.00000965962408372,0.00000621285244051,0.000005757868621,0.00000508634411744,0.00000219877097152,0.00000449550270787,0.00000270347709375,0.00000509801338922,9.63006641541e-7,3.3499244978e-7,3.92803798377e-8,2.52727375027e-7,6.23265350441e-8,1.27852395337e-8,8.57432180812e-10,6.10193173767e-10,1.45108898855e-11,1.1596487659e-11,1.04023109571e-11,1.69300060082e-11,3.91229605157e-7]},"barkbands_crest":{"dmean":2.94850063324,"dmean2":4.75150537491,"dvar":5.79984521866,"dvar2":14.1233129501,"max":24.8580169678,"mean":11.6249542236,"median":11.0067014694,"min":2.63754606247,"var":20.4618110657},"barkbands_flatness_db":{"dmean":0.0357607007027,"dmean2":0.0604516193271,"dvar":0.00107691762969,"dvar2":0.00263941497542,"max":0.483472824097,"mean":0.203253641725,"median":0.196618482471,"min":0.0181747376919,"var":0.00389457354322},"barkbands_kurtosis":{"dmean":7.86403036118,"dmean2":12.3423662186,"dvar":219.050308228,"dvar2":518.131347656,"max":529.228759766,"mean":16.7148952484,"median":8.64887046814,"min":-1.77133631706,"var":634.481323242},"barkbands_skewness":{"dmean":0.725469410419,"dmean2":1.12156283855,"dvar":0.579953074455,"dvar2":1.30316448212,"max":18.1454200745,"mean":2.92981028557,"median":2.61967492104,"min":-2.2569038868,"var":3.70948863029},"barkbands_spread":{"dmean":4.95671463013,"dmean2":7.80890274048,"dvar":27.0246620178,"dvar2":64.8527832031,"max":122.690422058,"mean":19.8737239838,"median":17.8068180084,"min":0.307021319866,"var":192.576293945},"dissonance":{"dmean":0.0236778520048,"dmean2":0.0402726940811,"dvar":0.000576735881623,"dvar2":0.00155202287715,"max":0.500000059605,"mean":0.461369693279,"median":0.470107883215,"min":0.221817627549,"var":0.00105645309668},"dynamic_complexity":2.73387503624,"erbbands":{"dmean":[0.323222607374,1.32129538059,2.71820282936,4.92404413223,9.86292552948,6.76843690872,7.92924451828,10.3820981979,11.2360239029,12.1106061935,13.7372255325,15.8214235306,23.5025749207,20.0334568024,21.726360321,19.8644390106,18.8950519562,20.2500400543,15.3015928268,9.5471944809,5.7791428566,3.87598752975,5.16259336472,5.7625374794,1.74977886677,1.56624472141,0.492355197668,0.275326281786,0.244056910276,0.122392594814,0.0549971535802,0.042480122298,0.0284973252565,0.0197728313506,0.0130765270442,0.00807149801403,0.00504707917571,0.00476492755115,0.0064663682133,0.00580861140043],"dmean2":[0.511258482933,2.1172683239,4.60940361023,8.23071670532,16.1683864594,11.2924985886,13.0070295334,16.573797226,18.2571372986,19.8924789429,22.4267272949,25.1627616882,37.8655891418,32.0342216492,35.1993789673,31.4265232086,29.5304508209,30.9116516113,23.8326911926,14.998714447,9.11025333405,6.26297426224,8.22473430634,9.02299213409,2.65626072884,2.43421888351,0.772439301014,0.448207318783,0.400427788496,0.211357176304,0.105532199144,0.0815446078777,0.0564265325665,0.0394808091223,0.0261401087046,0.0160245746374,0.00957250036299,0.00783437397331,0.00940313469619,0.00877653993666],"dvar":[0.0975230261683,1.6495847702,11.7075634003,57.2863540649,597.422119141,162.256668091,486.038574219,1391.40063477,1186.63781738,843.202026367,1585.67456055,2045.46520996,2221.60717773,1903.23425293,1861.6887207,2510.49267578,1971.55078125,3807.43261719,1161.63623047,429.472351074,101.766456604,47.3412208557,338.400665283,426.374084473,27.8270111084,23.8868350983,1.64892303944,0.607067286968,0.619230270386,0.121196858585,0.0165295600891,0.0102419191971,0.0049188323319,0.00236068456434,0.000985480728559,0.000343535182765,0.000109398009954,0.00013216874504,0.000199539485038,0.0000655361873214],"dvar2":[0.237517610192,4.31708097458,32.7558441162,142.858062744,1437.94567871,419.897186279,1250.22924805,3348.18774414,3047.59838867,2173.65405273,3642.56860352,5033.10888672,5608.94873047,4677.09521484,4750.87451172,5653.09472656,4337.90185547,6569.73730469,2379.69262695,1068.52441406,251.472686768,123.017333984,846.436401367,1015.24963379,61.2931632996,53.1723060608,3.59447169304,1.30333769321,1.44198143482,0.307036668062,0.0468428097665,0.0286507941782,0.0139908278361,0.00669681886211,0.00278635392897,0.000968560285401,0.000299712613923,0.000298491708236,0.000400938384701,0.000156802590936],"max":[3.71000981331,23.5789165497,44.0812149048,241.363845825,634.935241699,358.881072998,1050.44042969,1595.54089355,1348.39404297,670.504577637,2742.41577148,1999.83679199,1005.39306641,1342.89782715,1277.08032227,1897.70275879,1776.40783691,2911.75952148,1077.35266113,1439.49597168,244.792541504,187.02192688,754.464233398,680.773376465,138.020187378,161.700576782,35.9963302612,35.7318191528,29.3869724274,15.7153787613,3.31730556488,2.3986287117,1.75255966187,1.18237447739,0.744873762131,0.417138874531,0.200703784823,0.407768249512,0.54766356945,0.233713358641],"mean":[0.522945761681,2.78740024567,4.75222826004,8.16758537292,15.3798503876,9.60876178741,10.6004476547,15.4330921173,17.4080123901,18.70744133,21.3880748749,24.7617683411,38.837348938,35.8879127502,37.4965667725,38.0075454712,38.0220603943,42.0834655762,32.6667022705,21.1747951508,13.633515358,7.68873500824,8.48299026489,9.00597572327,3.03291773796,2.61435961723,0.805372595787,0.388798326254,0.318329185247,0.132536321878,0.039371419698,0.0287344679236,0.0160544309765,0.0102938879281,0.00664390111342,0.00452930107713,0.00395888229832,0.00761187123135,0.016380418092,0.0216626729816],"median":[0.408986151218,2.38698387146,3.06633043289,4.61953830719,5.50137758255,4.57622146606,3.81372570992,4.1985449791,5.53854799271,7.04280948639,7.74247980118,9.22399806976,16.5245380402,15.0319061279,15.5754833221,12.0315027237,12.2003850937,12.2774333954,10.9475812912,9.64463329315,5.84187507629,4.038022995,3.34204244614,2.65686511993,0.892866313457,0.678903579712,0.281393229961,0.115266598761,0.0837562456727,0.0331739261746,0.00725841708481,0.00407765246928,0.0013238817919,0.00043306601583,0.000114392940304,0.000428934872616,0.000962548481766,0.00331324595027,0.00885171350092,0.0160119235516],"min":[1.06589661201e-22,6.16269498756e-22,1.28065602912e-21,5.13976266869e-21,1.03415978107e-20,2.25273980282e-20,2.66159466165e-20,7.31142229249e-20,1.41698210279e-19,1.8188485456e-19,4.18596842783e-19,2.77505136839e-19,5.59322676403e-19,7.81691934416e-19,7.73741694754e-19,1.09418624248e-18,1.09284962201e-18,2.03758903982e-18,2.54586071375e-18,3.34074530006e-18,4.34860718061e-18,4.94087346228e-18,5.6725738575e-18,6.03982261073e-18,5.86083023875e-18,6.78133998545e-18,8.11449787972e-18,8.71113911965e-18,9.61244007817e-18,1.11640927682e-17,1.16903516913e-17,1.03275923116e-17,9.10222680454e-18,8.02625921506e-18,6.32135766811e-18,4.23027237654e-18,2.19965688287e-18,9.43799637238e-19,2.59397532844e-19,2.61563411574e-20],"var":[0.190902858973,4.40058898926,25.4437160492,136.929748535,1399.03417969,308.868286133,704.838012695,3052.30639648,2643.49731445,1529.26159668,3721.72045898,3779.87792969,4246.23583984,4651.17578125,3977.39550781,7443.13720703,6481.06054688,13167.9541016,4113.02734375,1110.17956543,423.653930664,104.150749207,415.829467773,584.966552734,55.7829399109,41.9563865662,3.33535528183,1.2561968565,0.910173714161,0.134911954403,0.0103028230369,0.00654690526426,0.00270447786897,0.00127981393598,0.000535807630513,0.00018984277267,0.0000776811793912,0.000235070707276,0.000587908318266,0.000368810346117]},"erbbands_crest":{"dmean":2.59598493576,"dmean2":4.19768333435,"dvar":6.19870471954,"dvar2":14.4829959869,"max":30.5648460388,"mean":8.80539798737,"median":7.6406288147,"min":2.46716356277,"var":19.0547981262},"erbbands_flatness_db":{"dmean":0.0323675312102,"dmean2":0.0574292875826,"dvar":0.00093071826268,"dvar2":0.00233233440667,"max":0.379914432764,"mean":0.189052045345,"median":0.188711255789,"min":0.0359771773219,"var":0.00217208266258},"erbbands_kurtosis":{"dmean":0.853708148003,"dmean2":1.36306428909,"dvar":1.13566064835,"dvar2":2.6764960289,"max":23.4073009491,"mean":0.508745968342,"median":-0.0412886142731,"min":-1.85504281521,"var":3.44159317017},"erbbands_skewness":{"dmean":0.327733039856,"dmean2":0.517143547535,"dvar":0.0841388702393,"dvar2":0.197506070137,"max":3.76786255836,"mean":-0.134000584483,"median":-0.114968508482,"min":-4.13188457489,"var":0.486643791199},"erbbands_spread":{"dmean":5.56002044678,"dmean2":8.73559379578,"dvar":26.8690605164,"dvar2":62.9217071533,"max":111.59487915,"mean":27.1439189911,"median":25.9159393311,"min":2.18498659134,"var":139.637817383},"gfcc":{"cov":[[21767.5800781,2379.30957031,-2383.49511719,-242.247375488,191.987731934,-797.641418457,366.963897705,-553.358459473,-1.43853366375,-198.867874146,53.6261825562,-132.365600586,-185.954818726],[2379.30957031,1266.95825195,-218.881851196,-315.427490234,277.400848389,-197.606231689,195.656036377,-167.626373291,145.923202515,-134.713180542,18.8145847321,-67.1116638184,25.800321579],[-2383.49511719,-218.881851196,808.593933105,98.3147506714,-162.775238037,254.360519409,-173.67401123,209.082794189,-44.6995429993,6.04460096359,-47.4756088257,4.94059658051,63.3097419739],[-242.247375488,-315.427490234,98.3147506714,343.391998291,-47.6316070557,-59.9901237488,39.4243240356,11.2801952362,-47.2212715149,34.7970504761,13.8493843079,31.1497135162,-54.7797355652],[191.987731934,277.400848389,-162.775238037,-47.6316070557,294.043548584,-44.8057556152,107.867614746,-74.9477157593,68.8700027466,-61.010181427,7.40982437134,-14.1020116806,15.8880281448],[-797.641418457,-197.606231689,254.360519409,-59.9901237488,-44.8057556152,356.976074219,-123.377456665,124.136604309,-63.2869110107,22.4612693787,-33.7934417725,-12.5113801956,49.6238822937],[366.963897705,195.656036377,-173.67401123,39.4243240356,107.867614746,-123.377456665,229.189437866,-67.9533691406,54.4008979797,-28.7774753571,25.3513832092,12.2076854706,-31.1113319397],[-553.358459473,-167.626373291,209.082794189,11.2801952362,-74.9477157593,124.136604309,-67.9533691406,166.879470825,-0.523446857929,25.6342182159,-9.97138977051,-0.401175618172,40.7171669006],[-1.43853366375,145.923202515,-44.6995429993,-47.2212715149,68.8700027466,-63.2869110107,54.4008979797,-0.523446857929,113.894210815,4.01701402664,8.79266166687,4.27382230759,12.7259111404],[-198.867874146,-134.713180542,6.04460096359,34.7970504761,-61.010181427,22.4612693787,-28.7774753571,25.6342182159,4.01701402664,90.9690093994,36.9520874023,7.436627388,-13.4300432205],[53.6261825562,18.8145847321,-47.4756088257,13.8493843079,7.40982437134,-33.7934417725,25.3513832092,-9.97138977051,8.79266166687,36.9520874023,62.6073455811,25.6049976349,-8.86281204224],[-132.365600586,-67.1116638184,4.94059658051,31.1497135162,-14.1020116806,-12.5113801956,12.2076854706,-0.401175618172,4.27382230759,7.436627388,25.6049976349,60.5795173645,17.6895179749],[-185.954818726,25.800321579,63.3097419739,-54.7797355652,15.8880281448,49.6238822937,-31.1113319397,40.7171669006,12.7259111404,-13.4300432205,-8.86281204224,17.6895179749,81.0503463745]],"icov":[[0.000172794869286,-0.000707723200321,0.000891959061846,-0.000757227418944,0.000480235205032,-0.000279091880657,0.000542665715329,-0.000585456204135,0.000198399910005,0.000143562516314,0.000461967429146,-0.00041248393245,0.000125553051475],[-0.000707723200321,0.0053423200734,-0.00440068403259,0.00470504909754,-0.00191006169189,0.0016085007228,-0.00347387930378,0.00448801694438,-0.00252023688518,0.00260224775411,-0.00606363266706,0.00594561500475,-0.00203916663304],[0.000891959061846,-0.00440068403259,0.00753311393782,-0.00618255976588,0.00393498269841,-0.0033132287208,0.00439916038886,-0.00476921256632,-0.000483914045617,0.00281034596264,0.00218828604557,-0.00228544254787,0.00000589094270254],[-0.000757227418944,0.00470504909754,-0.00618255976588,0.0109064793214,-0.00488427933306,0.00490202428773,-0.00521273445338,0.00129924085923,0.0040030060336,-0.00500428304076,0.00127337046433,-0.00179344497155,0.00334109901451],[0.000480235205032,-0.00191006169189,0.00393498269841,-0.00488427933306,0.0100404275581,-0.00451219966635,0.000840605876874,0.00249690073542,-0.00653312215582,0.00919978320599,-0.00685143843293,0.00585320405662,-0.00427874876186],[-0.000279091880657,0.0016085007228,-0.0033132287208,0.00490202428773,-0.00451219966635,0.00810962542892,-0.00139627605677,-0.00289431004785,0.00641665328294,-0.00666656717658,0.005162213929,-0.0021564536728,0.00050916778855],[0.000542665715329,-0.00347387930378,0.00439916038886,-0.00521273445338,0.000840605876874,-0.00139627605677,0.010554403998,-0.0025242944248,-0.0026379476767,0.00373092666268,-0.000357224023901,-0.00362877221778,0.00318635697477],[-0.000585456204135,0.00448801694438,-0.00476921256632,0.00129924085923,0.00249690073542,-0.00289431004785,-0.0025242944248,0.0174785982817,-0.00782345049083,0.00400401605293,-0.00947876367718,0.0104416012764,-0.0080590499565],[0.000198399910005,-0.00252023688518,-0.000483914045617,0.0040030060336,-0.00653312215582,0.00641665328294,-0.0026379476767,-0.00782345049083,0.0218014419079,-0.0146455522627,0.0135310385376,-0.0102777099237,0.00248353625648],[0.000143562516314,0.00260224775411,0.00281034596264,-0.00500428304076,0.00919978320599,-0.00666656717658,0.00373092666268,0.00400401605293,-0.0146455522627,0.0354053974152,-0.0286353025585,0.0151431905106,-0.0026476487983],[0.000461967429146,-0.00606363266706,0.00218828604557,0.00127337046433,-0.00685143843293,0.005162213929,-0.000357224023901,-0.00947876367718,0.0135310385376,-0.0286353025585,0.0487568303943,-0.0278809964657,0.00949583947659],[-0.00041248393245,0.00594561500475,-0.00228544254787,-0.00179344497155,0.00585320405662,-0.0021564536728,-0.00362877221778,0.0104416012764,-0.0102777099237,0.0151431905106,-0.0278809964657,0.0404854901135,-0.0164933819324],[0.000125553051475,-0.00203916663304,0.00000589094270254,0.00334109901451,-0.00427874876186,0.00050916778855,0.00318635697477,-0.0080590499565,0.00248353625648,-0.0026476487983,0.00949583947659,-0.0164933819324,0.0251368936151]],"mean":[-59.7404441833,147.767913818,-91.1744384766,-13.8952007294,15.9582853317,-22.9012699127,14.2602157593,-19.7227020264,6.04954051971,-15.8301973343,-1.33757901192,-7.70534467697,-4.26672649384]},"hfc":{"dmean":56.5153388977,"dmean2":90.8205795288,"dvar":3476.90600586,"dvar2":9336.14648438,"max":1464.39892578,"mean":209.207519531,"median":183.661758423,"min":1.05555333445e-16,"var":19756.2070312},"melbands":{"dmean":[0.00227960804477,0.00138737610541,0.000980273936875,0.000584219931625,0.000270297838142,0.000227018841542,0.000171833686181,0.000130619562697,0.000112286354124,0.000100960045529,0.000118663803732,0.0000835747487145,0.0000691536988597,0.0000595772617089,0.0000479944646941,0.0000416381590185,0.0000424531499448,0.0000278621155303,0.0000159092342074,0.0000136140606628,0.00000605893137617,0.00000457955547972,0.00000338213567375,0.00000705113188815,0.00000479149639432,0.00000172139073129,8.02252941412e-7,0.00000123306858768,3.36981401006e-7,1.96556598553e-7,1.55617271957e-7,1.4726653319e-7,1.16102647496e-7,5.05622956837e-8,3.18611483863e-8,2.70733107044e-8,2.57968455486e-8,2.01441388015e-8,1.78558519082e-8,1.62461635256e-8],"dmean2":[0.00361522380263,0.00229498581029,0.00160877068993,0.00095744401915,0.000441524287453,0.000360132602509,0.000278278865153,0.000214103871258,0.000183082418516,0.000160455732839,0.000191399085452,0.000134284724481,0.000111947440018,0.0000958299424383,0.0000760939146858,0.0000654216491967,0.0000648779314361,0.0000437284361396,0.0000249891345447,0.0000216452790482,0.00000974456997938,0.00000747380090615,0.00000550539516553,0.0000113658061309,0.00000754682787374,0.00000267343011728,0.00000125240751458,0.00000194663016373,5.441391977e-7,3.24687619013e-7,2.56223216866e-7,2.44431646479e-7,1.91925110471e-7,9.15288040915e-8,6.15616428945e-8,5.27353023472e-8,4.92109570871e-8,3.99104429505e-8,3.56211273811e-8,3.24566613585e-8],"dvar":[0.00000455025883639,0.00000237920903601,0.00000304480477098,0.00000175399145519,4.69673892667e-7,5.95621656885e-7,2.58985238588e-7,9.41372775287e-8,1.0370597181e-7,7.33239531314e-8,5.66106201916e-8,3.44424186949e-8,1.79169141745e-8,1.96269827057e-8,1.55557629e-8,9.82201431299e-9,1.94581986079e-8,3.8011163106e-9,1.50007206656e-9,7.16380677002e-10,1.0619029267e-10,6.72759695175e-11,4.81315438894e-11,9.40469702115e-10,2.77324579967e-10,3.01628236277e-11,5.03688106848e-12,1.57656891014e-11,7.92921609448e-13,3.27415828824e-13,2.10990702991e-13,2.50832313904e-13,1.53019307295e-13,1.56762267961e-14,5.64968561775e-15,4.26577142479e-15,3.81009734532e-15,2.47276191764e-15,1.959245017e-15,1.58669663339e-15],"dvar2":[0.0000111756417027,0.00000651280925013,0.00000702753777659,0.00000438447113993,0.0000012228150581,0.000001408342996,6.70263432312e-7,2.40001924112e-7,2.48674211889e-7,1.81058581461e-7,1.43474608194e-7,8.42685139446e-8,4.63666118833e-8,4.66214764572e-8,3.18276782707e-8,2.19726423722e-8,3.32292273697e-8,8.03188093812e-9,3.49008733025e-9,1.76029824051e-9,2.70139716152e-10,1.76338568747e-10,1.2129644511e-10,2.38165887012e-9,6.66021959805e-10,6.94008114865e-11,1.16853705531e-11,3.55852985967e-11,1.8618633111e-12,7.7429761821e-13,4.4766992305e-13,5.88788512303e-13,3.74703767363e-13,4.17459917004e-14,1.60682200916e-14,1.21283818627e-14,1.05403373882e-14,7.03747032776e-15,5.56636256321e-15,4.49892274923e-15],"max":[0.0293130222708,0.0262084901333,0.0574790984392,0.0410095974803,0.0318946801126,0.0312161520123,0.0207420978695,0.00716909347102,0.0192554555833,0.0112703097984,0.00511642871425,0.00553284026682,0.00384568469599,0.00499749556184,0.00712149543688,0.00334099982865,0.00664700288326,0.00257987878285,0.00225502229296,0.000702507735696,0.000241925095906,0.000165869976627,0.000290520605631,0.0013022023486,0.000574107165448,0.000158688068041,0.0000840209249873,0.000131714143208,0.0000233618920902,0.0000276484661299,0.0000203776871786,0.0000240545159613,0.0000192770403373,0.00000402655859943,0.00000194131689568,0.00000171262263393,0.00000137448216719,0.00000125466885947,0.00000108221161099,9.68478957475e-7],"mean":[0.00456212600693,0.00298215728253,0.00173049094155,0.000918431673199,0.000370130728697,0.0003439981665,0.000268327246886,0.000202453535167,0.000171092979144,0.000155653251568,0.000191996921785,0.000142722230521,0.000116383875138,0.000106771549326,0.0000905101114768,0.0000765050936025,0.0000812286452856,0.0000556738996238,0.0000308683520416,0.0000295508234558,0.0000126906343212,0.00000832188379718,0.00000589289538766,0.00000987537259789,0.00000723690300219,0.00000273380146609,0.00000133055925744,0.00000192974721358,5.17827174917e-7,2.69381644102e-7,2.08605683838e-7,1.88685135072e-7,1.38922473525e-7,4.66656899789e-8,2.1785263371e-8,1.73547238802e-8,1.76883929726e-8,1.12640181626e-8,9.46050171535e-9,8.31513968791e-9],"median":[0.00396238453686,0.00234668701887,0.000891885079909,0.000389474938856,0.00014591422223,0.0000966738953139,0.0000871494630701,0.0000767610326875,0.0000600545099587,0.0000570116426388,0.0000793822546257,0.0000549365104234,0.0000492082181154,0.0000358949037036,0.0000252115751209,0.0000246809995588,0.0000213927014556,0.0000177325855475,0.0000115360580821,0.00001019283809,0.00000583775863561,0.00000426939186582,0.00000260705360233,0.00000296703160529,0.00000201357170226,7.22754862181e-7,3.96497171096e-7,4.27601094088e-7,1.78569365517e-7,8.40317113671e-8,5.51614149913e-8,4.7978296891e-8,3.32933005609e-8,1.06224824492e-8,3.65929109236e-9,2.46326203879e-9,2.31098495895e-9,8.95694629577e-10,5.81944326061e-10,2.24121846082e-10],"min":[1.33238567449e-24,7.49327140956e-25,1.32282024297e-24,1.45109543566e-24,1.07296304656e-24,1.91013714628e-24,2.52212675908e-24,2.16879260697e-24,3.25708972903e-24,1.22641858074e-24,2.13686661728e-24,2.61377523854e-24,2.00222502127e-24,2.13235985493e-24,2.62445404862e-24,2.62470056765e-24,2.49694553012e-24,3.04013286414e-24,3.10072369255e-24,2.84200295361e-24,3.81994375984e-24,4.14045005702e-24,4.03761927701e-24,3.16389626548e-24,3.83765487045e-24,3.5137631767e-24,3.41032812924e-24,3.90316897977e-24,4.24508890623e-24,4.41986971725e-24,4.70955719102e-24,3.93976936476e-24,5.64364581117e-24,5.29941925542e-24,6.02360737148e-24,4.09270819504e-24,5.55889532867e-24,5.63958909396e-24,6.22224412514e-24,5.90229003059e-24],"var":[0.0000108340336737,0.00000611088444202,0.00000864913454279,0.00000389643355447,7.16678528079e-7,0.00000140638803714,5.73251668357e-7,1.75566469807e-7,2.1854150134e-7,1.38523930104e-7,1.07364506619e-7,8.33306188497e-8,3.72941357796e-8,5.12205318159e-8,5.18060225829e-8,2.7165750538e-8,6.33193977251e-8,1.31050947871e-8,3.99988797639e-9,2.91991986145e-9,3.08725656151e-10,1.29996763354e-10,9.75517444601e-11,9.71408065098e-10,3.82682330269e-10,5.32334176739e-11,9.40812965727e-12,2.58030298517e-11,1.38846594812e-12,5.58507612988e-13,4.22946725386e-13,3.59384641187e-13,1.8084728051e-13,1.47500589488e-14,3.39153199103e-15,2.47136071339e-15,2.57455621966e-15,1.35591033081e-15,1.06114328868e-15,8.59910918547e-16]},"melbands_crest":{"dmean":3.97317671776,"dmean2":6.45439052582,"dvar":10.2885532379,"dvar2":25.6959495544,"max":38.1465339661,"mean":17.8098907471,"median":17.437877655,"min":1.58772575855,"var":37.9041519165},"melbands_flatness_db":{"dmean":0.0431439802051,"dmean2":0.0726949572563,"dvar":0.00156104203779,"dvar2":0.00386777613312,"max":0.640577912331,"mean":0.336244255304,"median":0.332979172468,"min":0.0024826398585,"var":0.00728510739282},"melbands_kurtosis":{"dmean":9.01800346375,"dmean2":14.0695743561,"dvar":225.265151978,"dvar2":504.644622803,"max":443.733825684,"mean":18.1580848694,"median":9.88151836395,"min":-1.79634797573,"var":694.227661133},"melbands_skewness":{"dmean":0.821648657322,"dmean2":1.2724596262,"dvar":0.63182592392,"dvar2":1.41187536716,"max":17.7094688416,"mean":3.1718993187,"median":2.90365839005,"min":-1.28409540653,"var":3.56080532074},"melbands_spread":{"dmean":3.88146996498,"dmean2":6.13174247742,"dvar":22.1307296753,"dvar2":55.5097198486,"max":162.718093872,"mean":14.9115095139,"median":10.4182853699,"min":0.246103227139,"var":298.59664917},"mfcc":{"cov":[[8252.97460938,1379.83886719,-1473.82678223,586.518127441,-533.286743164,159.885299683,-72.1518707275,-79.8469848633,-302.078460693,27.9840450287,69.8923492432,-90.1349105835,-16.6104545593],[1379.83886719,1717.95861816,-286.94039917,-41.5131225586,98.6015014648,36.7684288025,31.32289505,29.7530899048,104.211456299,-5.25990104675,14.3237524033,-20.0499229431,-1.48921430111],[-1473.82678223,-286.94039917,898.755493164,-151.176071167,151.694564819,-78.0181427002,19.2037639618,50.7064933777,74.6262512207,10.5523357391,-29.7223644257,21.1610221863,-18.4465885162],[586.518127441,-41.5131225586,-151.176071167,467.763977051,-125.782096863,-0.142395019531,2.84354090691,0.242022022605,-65.0637588501,-1.82343173027,47.2036132812,-12.0917510986,-0.257220834494],[-533.286743164,98.6015014648,151.694564819,-125.782096863,246.152999878,15.7069692612,26.3801250458,27.3929958344,78.7792434692,-11.8096017838,-26.3083171844,17.4712524414,0.343883723021],[159.885299683,36.7684288025,-78.0181427002,-0.142395019531,15.7069692612,127.006591797,46.816532135,9.57271099091,-11.8350782394,-2.9893321991,4.1790804863,-8.54238414764,-2.6835360527],[-72.1518707275,31.32289505,19.2037639618,2.84354090691,26.3801250458,46.816532135,107.661888123,36.7624588013,7.63896608353,1.57501554489,7.93245267868,-6.12832736969,-2.79084658623],[-79.8469848633,29.7530899048,50.7064933777,0.242022022605,27.3929958344,9.57271099091,36.7624588013,87.7579727173,49.8224754333,-0.328977286816,-15.8956079483,1.26217067242,0.386851936579],[-302.078460693,104.211456299,74.6262512207,-65.0637588501,78.7792434692,-11.8350782394,7.63896608353,49.8224754333,112.249427795,18.6541233063,-19.9842205048,4.51726388931,6.05350589752],[27.9840450287,-5.25990104675,10.5523357391,-1.82343173027,-11.8096017838,-2.9893321991,1.57501554489,-0.328977286816,18.6541233063,66.6983261108,29.3497657776,-7.99316358566,-6.29210042953],[69.8923492432,14.3237524033,-29.7223644257,47.2036132812,-26.3083171844,4.1790804863,7.93245267868,-15.8956079483,-19.9842205048,29.3497657776,70.3653488159,18.4221420288,-4.30493068695],[-90.1349105835,-20.0499229431,21.1610221863,-12.0917510986,17.4712524414,-8.54238414764,-6.12832736969,1.26217067242,4.51726388931,-7.99316358566,18.4221420288,67.5581665039,27.3241081238],[-16.6104545593,-1.48921430111,-18.4465885162,-0.257220834494,0.343883723021,-2.6835360527,-2.79084658623,0.386851936579,6.05350589752,-6.29210042953,-4.30493068695,27.3241081238,64.046295166]],"icov":[[0.000258143554674,-0.000236270847381,0.00024966156343,-0.000152959837578,0.00022281841666,-0.000158851093147,0.000237230357016,-0.00035306144855,0.000831813551486,-0.000633705058135,0.000549430784304,-0.00021127074433,0.000123553676531],[-0.000236270847381,0.000941309088375,0.000085678868345,0.000208008263144,-0.000431960477727,0.00017650279915,-0.000321797619108,0.000416738854256,-0.00175841595046,0.00126432941761,-0.00133701704908,0.000762090785429,-0.000145289028296],[0.00024966156343,0.000085678868345,0.00183389813174,0.000118992771604,-0.000652997347061,0.00103202124592,-0.00026539247483,-0.000929734902456,0.000721378484741,-0.000986762228422,0.000761270115618,-0.000587041780818,0.000772711529862],[-0.000152959837578,0.000208008263144,0.000118992771604,0.00295508001,0.000669321801979,0.000459071452497,0.0000524330644112,-0.00132901128381,0.000410250067944,0.00152547378093,-0.00284959026612,0.00146401650272,-0.000667780463118],[0.00022281841666,-0.000431960477727,-0.000652997347061,0.000669321801979,0.00717485742643,-0.00163809384685,-0.00116656988394,0.00174758175854,-0.00415652198717,0.00176288699731,0.00113228789996,-0.00201320042834,0.00119486323092],[-0.000158851093147,0.00017650279915,0.00103202124592,0.000459071452497,-0.00163809384685,0.010800095275,-0.00444036722183,-0.000710310821887,0.00176486186683,0.0000551911944058,-0.000470330618555,0.0010609611636,-0.000111530520371],[0.000237230357016,-0.000321797619108,-0.00026539247483,0.0000524330644112,-0.00116656988394,-0.00444036722183,0.0144287841395,-0.00708618247882,0.00288744620048,0.000242605499807,-0.00383245851845,0.00288924085908,-0.00126975006424],[-0.00035306144855,0.000416738854256,-0.000929734902456,-0.00132901128381,0.00174758175854,-0.000710310821887,-0.00708618247882,0.0211573820561,-0.0114395851269,0.00232249707915,0.00359804369509,-0.00254604965448,0.00180676067248],[0.000831813551486,-0.00175841595046,0.000721378484741,0.000410250067944,-0.00415652198717,0.00176486186683,0.00288744620048,-0.0114395851269,0.0238509625196,-0.0115272542462,0.00705277826637,-0.00213647377677,-0.00132581766229],[-0.000633705058135,0.00126432941761,-0.000986762228422,0.00152547378093,0.00176288699731,0.0000551911944058,0.000242605499807,0.00232249707915,-0.0115272542462,0.0275716595352,-0.0171456802636,0.00900491885841,-0.00161962816492],[0.000549430784304,-0.00133701704908,0.000761270115618,-0.00284959026612,0.00113228789996,-0.000470330618555,-0.00383245851845,0.00359804369509,0.00705277826637,-0.0171456802636,0.0312362089753,-0.0146690532565,0.00611148448661],[-0.00021127074433,0.000762090785429,-0.000587041780818,0.00146401650272,-0.00201320042834,0.0010609611636,0.00288924085908,-0.00254604965448,-0.00213647377677,0.00900491885841,-0.0146690532565,0.0257730353624,-0.0108986841515],[0.000123553676531,-0.000145289028296,0.000772711529862,-0.000667780463118,0.00119486323092,-0.000111530520371,-0.00126975006424,0.00180676067248,-0.00132581766229,-0.00161962816492,0.00611148448661,-0.0108986841515,0.0208116099238]],"mean":[-719.630187988,213.291305542,-31.1811218262,30.5739803314,12.0613117218,15.4067287445,10.4109611511,10.3734731674,7.32488393784,3.9597594738,5.20396089554,-1.08432710171,0.106051288545]},"pitch_salience":{"dmean":0.080464437604,"dmean2":0.13131865859,"dvar":0.00439551193267,"dvar2":0.0110328821465,"max":0.83981603384,"mean":0.505339622498,"median":0.51042330265,"min":0.0751998052001,"var":0.0159619953483},"silence_rate_20dB":{"dmean":0,"dmean2":0,"dvar":0,"dvar2":0,"max":1,"mean":1,"median":1,"min":1,"var":0},"silence_rate_30dB":{"dmean":0.021608447656,"dmean2":0.0432204082608,"dvar":0.0211436804384,"dvar2":0.0514262355864,"max":1,"mean":0.967021346092,"median":1,"min":0,"var":0.0318911746144},"silence_rate_60dB":{"dmean":0.00276198214851,"dmean2":0.00552441319451,"dvar":0.00275435484946,"dvar2":0.00581886107102,"max":1,"mean":0.0404516272247,"median":0,"min":0,"var":0.0388120673597},"spectral_centroid":{"dmean":152.659851074,"dmean2":238.475036621,"dvar":40338.6328125,"dvar2":87190.4609375,"max":11843.0517578,"mean":939.686706543,"median":729.84197998,"min":120.754638672,"var":1467360.75},"spectral_complexity":{"dmean":2.98878955841,"dmean2":4.47249984741,"dvar":8.62751674652,"dvar2":16.6618404388,"max":52,"mean":16.8130931854,"median":17,"min":0,"var":80.7629165649},"spectral_contrast_coeffs":{"dmean":[0.0509942919016,0.0476078912616,0.0415107645094,0.0295752882957,0.0270691197366,0.0573635734618],"dmean2":[0.0854672864079,0.0804940834641,0.069086432457,0.0489521436393,0.0457630492747,0.104953929782],"dvar":[0.00157446984667,0.00144870288204,0.0011679076124,0.000621588958893,0.000625259068329,0.00291466061026],"dvar2":[0.00440138299018,0.00406237831339,0.00301011512056,0.001599228126,0.0017215507105,0.00703151524067],"max":[-0.35464450717,-0.393498241901,-0.528711795807,-0.512406349182,-0.616647660732,-0.483207553625],"mean":[-0.700378537178,-0.788249433041,-0.788125455379,-0.801810145378,-0.794462203979,-0.747369706631],"median":[-0.706401705742,-0.795029044151,-0.794411301613,-0.808936834335,-0.789379894733,-0.738906979561],"min":[-0.982855558395,-0.978770494461,-0.984675109386,-0.984106183052,-0.98161137104,-0.980429053307],"var":[0.0065595228225,0.0042069288902,0.00408688047901,0.00311491359025,0.00194990774617,0.00582400523126]},"spectral_contrast_valleys":{"dmean":[0.366749197245,0.416720986366,0.378127813339,0.333925843239,0.368375629187,1.08692669868],"dmean2":[0.617530107498,0.680861711502,0.610796868801,0.534058630466,0.61278283596,2.09236311913],"dvar":[0.106678426266,0.141463622451,0.131644845009,0.121613435447,0.203313931823,1.25491142273],"dvar2":[0.262839436531,0.328810632229,0.290966898203,0.256586819887,0.482806950808,2.88405323029],"max":[-5.22243356705,-4.44069766998,-4.76880407333,-5.44084358215,-5.7759437561,-8.70475959778],"mean":[-6.75641965866,-6.83315038681,-7.22805500031,-7.74168539047,-8.56852912903,-12.6856498718],"median":[-6.37977790833,-6.47415828705,-6.84717273712,-7.33659887314,-8.17010879517,-12.9332294464],"min":[-28.3978424072,-28.148393631,-27.8432884216,-27.7254600525,-27.6349868774,-27.4363098145],"var":[6.02237319946,6.21644210815,6.04199552536,5.83731079102,5.44352722168,3.75622725487]},"spectral_decrease":{"dmean":2.90799051506e-9,"dmean2":4.60389681933e-9,"dvar":8.61205611716e-18,"dvar2":2.15490988589e-17,"max":1.01590513779e-8,"mean":-7.86490783611e-9,"median":-7.0105152794e-9,"min":-5.63830226952e-8,"var":3.38809208435e-17},"spectral_energy":{"dmean":0.0128472121432,"dmean2":0.0200534984469,"dvar":0.000151203013957,"dvar2":0.000367539789295,"max":0.231149330735,"mean":0.0486597493291,"median":0.0452579073608,"min":9.844652094e-21,"var":0.000711504544597},"spectral_energyband_high":{"dmean":0.000147987550008,"dmean2":0.000222280941671,"dvar":6.60346941572e-8,"dvar2":1.42529231084e-7,"max":0.00709190871567,"mean":0.000370608409867,"median":0.00020490285533,"min":6.990513858e-21,"var":2.31279472018e-7},"spectral_energyband_low":{"dmean":0.00897516869009,"dmean2":0.0143289864063,"dvar":0.0000616903926129,"dvar2":0.000159775299835,"max":0.117998890579,"mean":0.0224991962314,"median":0.0208173505962,"min":1.25311296324e-23,"var":0.000174958215212},"spectral_energyband_middle_high":{"dmean":0.00175245304126,"dmean2":0.00261439499445,"dvar":0.00000816509418655,"dvar2":0.000017827078409,"max":0.0736907497048,"mean":0.00560462241992,"median":0.00285412813537,"min":1.10635063617e-21,"var":0.0000521875190316},"spectral_energyband_middle_low":{"dmean":0.00536012696102,"dmean2":0.00838597491384,"dvar":0.0000836704275571,"dvar2":0.000197879737243,"max":0.204357936978,"mean":0.0126328449696,"median":0.00726761715487,"min":1.52919676735e-22,"var":0.000291921489406},"spectral_entropy":{"dmean":0.22725777328,"dmean2":0.387995332479,"dvar":0.0625867545605,"dvar2":0.159568190575,"max":9.82750034332,"mean":7.12255239487,"median":7.14059829712,"min":5.13805770874,"var":0.263252913952},"spectral_flux":{"dmean":0.0234350897372,"dmean2":0.0382257960737,"dvar":0.000446406047558,"dvar2":0.00109233090188,"max":0.323075681925,"mean":0.106416232884,"median":0.104819901288,"min":6.35815983197e-11,"var":0.00167328759562},"spectral_kurtosis":{"dmean":11.9575500488,"dmean2":21.1796264648,"dvar":200.858016968,"dvar2":540.434875488,"max":125.433914185,"mean":38.9683914185,"median":36.7711372375,"min":-1.26412439346,"var":366.224182129},"spectral_rms":{"dmean":0.000898862141185,"dmean2":0.00139498698991,"dvar":5.69939800243e-7,"dvar2":0.00000137922074828,"max":0.0150170419365,"mean":0.0065682255663,"median":0.00664485152811,"min":3.09911905166e-12,"var":0.00000433133300248},"spectral_rolloff":{"dmean":4470.68017578,"dmean2":8696.07519531,"dvar":61044888,"dvar2":152133600,"max":22028.4667969,"mean":14136.3095703,"median":21016.40625,"min":21.533203125,"var":92439640},"spectral_skewness":{"dmean":0.672126531601,"dmean2":1.16271436214,"dvar":0.629558861256,"dvar2":1.69255304337,"max":9.32446289062,"mean":4.23743343353,"median":4.19169807434,"min":-0.111396498978,"var":1.7635140419},"spectral_spread":{"dmean":614850,"dmean2":1122052.875,"dvar":631109451776,"dvar2":1551219818500,"max":42761864,"mean":3365667.25,"median":2756482,"min":1198039.75,"var":18305691680800},"spectral_strongpeak":{"dmean":3.01939129829,"dmean2":5.68482875824,"dvar":199.964035034,"dvar2":569.784118652,"max":209.891235352,"mean":3.28337645531,"median":0.221298232675,"min":0,"var":289.477081299},"zerocrossingrate":{"dmean":0.0344234704971,"dmean2":0.0463172197342,"dvar":0.00084949133452,"dvar2":0.00149775540922,"max":0.81494140625,"mean":0.276382058859,"median":0.25830078125,"min":0.0205078125,"var":0.00934454891831}},"metadata":{"audio_properties":{"analysis_sample_rate":44100,"bit_rate":812813,"codec":"alac","downmix":"mix","equal_loudness":0,"length":285.826660156,"lossless":true,"md5_encoded":"cf4dda089a847b4ec874cf7627d546a4","replay_gain":-2.67623519897,"sample_rate":44100},"tags":{"album":["The Book of Taliesyn"],"albumartistsort":["Deep Purple"],"artist":["Deep Purple"],"artistsort":["Deep Purple"],"asin":["B000005RTE"],"barcode":["0077779240821"],"catalognumber":["CDP 7 92408 2"],"composer":["Neil Diamond"],"composersort":["Diamond, Neil"],"date":["1989"],"file_name":"03 - Kentucky Woman.m4a","label":["EMI"],"media":["CD"],"musicbrainz_albumartistid":["79491354-3d83-40e3-9d8e-7592d58d790a"],"musicbrainz_albumid":["17693388-d0f8-3a6c-b72a-ede64ea3bded"],"musicbrainz_artistid":["79491354-3d83-40e3-9d8e-7592d58d790a"],"musicbrainz_recordingid":["83862e45-6da7-46a6-8cae-77617086f61a"],"musicbrainz_releasegroupid":["3a2bbe30-d2c7-367b-9326-f0082adad661"],"musicbrainz_workid":["d506d1f1-a789-3b41-ab4d-ee92f2bf58b8"],"producer":["Derek Lawrence"],"script":["Latn"],"title":["Kentucky Woman"],"tracknumber":["3/7"]},"version":{"essentia":"2.1-beta1","essentia_build_sha":"ca57ba49d9b1854bd80e60cf9ccf267278fb7d6b","essentia_git_sha":"v2.1_beta1-28-g21ef5f4-dirty","extractor":"music 1.0"}},"rhythm":{"beats_count":575,"beats_loudness":{"dmean":0.0218774229288,"dmean2":0.0378674603999,"dvar":0.000415087240981,"dvar2":0.0012068557553,"max":0.221495479345,"mean":0.054058380425,"median":0.0503741651773,"min":0,"var":0.000751125218812},"beats_loudness_band_ratio":{"dmean":[0.153780654073,0.070275619626,0.0563910864294,0.0533505678177,0.0241773948073,0.0654527693987],"dmean2":[0.272060632706,0.124835148454,0.0987247005105,0.0945625826716,0.0410785526037,0.114422954619],"dvar":[0.0162000898272,0.00715848710388,0.00430591963232,0.00449838628992,0.00112629833166,0.00452434131876],"dvar2":[0