{"lowlevel":{"average_loudness":0.748184978962,"barkbands":{"dmean":[0.00353795010597,0.00838863942772,0.00248240819201,0.00113204552326,0.00228747306392,0.00135724293068,0.00166345841717,0.00137424864806,0.00081317150034,0.000879675499164,0.000703344237991,0.00107110245153,0.000576871098019,0.000570083735511,0.000182901741937,0.0000908504880499,0.0000437544003944,0.0000401183096983,0.0000409652238886,0.0000422510092903,0.0000491012651764,0.0000611864088569,0.0000494485902891,0.0000286737376882,0.00000230216119235,0.0000480148555653,0.000123434700072],"dmean2":[0.00606927508488,0.0144791333005,0.00426737312227,0.00189010077156,0.00361290131696,0.00217240769416,0.00255094724707,0.00205371109769,0.0013070164714,0.00141876249108,0.00114563666284,0.00171272130683,0.00093723210739,0.000913371099159,0.000299838633509,0.00014826390543,0.0000713397821528,0.0000642306258669,0.0000645222899038,0.0000660245350446,0.0000741755357012,0.0000877687853063,0.0000689532753313,0.0000401791839977,0.00000384086433769,0.0000632498922641,0.000173659180291],"dvar":[0.0000938357188716,0.000384248734917,0.0000105859162431,0.00000334032620231,0.0000156202568178,0.0000100668867162,0.0000143682882481,0.00000800891211838,0.00000186478303021,0.00000225150347433,0.00000152132020048,0.00000446699186796,0.00000116977628295,0.00000134648951189,8.91717633067e-8,2.87081061145e-8,3.6070986198e-9,3.47726825112e-9,4.02061361982e-9,5.59752555418e-9,1.15951941382e-8,2.0837939374e-8,7.78419817493e-9,3.37628547342e-9,1.96927942703e-11,8.76918182513e-9,2.65241748565e-8],"dvar2":[0.000239166925894,0.00102349964436,0.0000297457027045,0.00000878628816281,0.0000353434115823,0.0000237055064645,0.0000315017096,0.000015931946109,0.0000046035916057,0.00000560378794034,0.0000038476869122,0.0000106995839815,0.00000294025517178,0.00000326155713992,2.33632377444e-7,7.07183431814e-8,9.47581746402e-9,8.89246898339e-9,9.73621183675e-9,1.22994219254e-8,2.20556710673e-8,3.99564896725e-8,1.46723877492e-8,6.41100283971e-9,4.82899623067e-11,1.48782524079e-8,5.09079036703e-8],"max":[0.140478298068,0.228467166424,0.0426241531968,0.0338558964431,0.136579036713,0.104457490146,0.0910185724497,0.0907833203673,0.0324901565909,0.03889779374,0.0233763959259,0.0489567294717,0.0318587906659,0.0331625677645,0.00756235001609,0.00549683300778,0.00120022136252,0.00135768728796,0.00195108051412,0.00401266338304,0.00882534217089,0.00756565621123,0.00273816636764,0.00131076853722,0.0000857275590533,0.00187958474271,0.00367161864415],"mean":[0.00301154516637,0.00823509320617,0.00325366714969,0.00147295126226,0.00363810337149,0.0021341368556,0.00243959925137,0.00198113941588,0.00129519251641,0.00141050294042,0.00107702461537,0.0017417500494,0.000939324148931,0.000905390304979,0.000333837029757,0.000164062657859,0.0000932374387048,0.0000885316985659,0.0000966926018009,0.000109862965473,0.000115421229566,0.000132667817525,0.000108082313091,0.0000551186312805,0.00000228144108405,0.000107421714347,0.00048096961109],"median":[0.000366728694644,0.00305066001602,0.00200860202312,0.000692827859893,0.00188969797455,0.000863954774104,0.00065140024526,0.000596961705014,0.000609415466897,0.000674842740409,0.00051244039787,0.00085348734865,0.000486120727146,0.000444233068265,0.00020268955268,0.000106027335278,0.0000643062230665,0.0000571142918488,0.0000600296552875,0.0000642002123641,0.0000723740668036,0.0000761049959692,0.000054179221479,0.0000186706620298,7.04660180872e-7,0.0000425910075137,0.00038569435128],"min":[3.01401916215e-23,5.63972398918e-24,2.21632143707e-23,1.51504460271e-23,8.17761613345e-23,2.88797780661e-23,1.12329867532e-22,2.36218402726e-23,1.09066065977e-22,6.17355223797e-23,6.17753377673e-23,6.30039665391e-23,1.17599938006e-22,1.43755384936e-22,1.20952748314e-22,9.50025945464e-23,1.29914902395e-22,3.3295981079e-22,2.06435331591e-22,2.95176579361e-22,3.53576595885e-22,3.96949430631e-22,7.9723686623e-22,9.49011836371e-22,1.48818698122e-21,1.71127371502e-21,2.26083203643e-21],"var":[0.000078882323578,0.000310934585286,0.0000143299066622,0.0000048935344239,0.000033395281207,0.0000230530968111,0.0000274193262157,0.0000163855474966,0.00000383040560337,0.00000451366940979,0.00000257780720858,0.00000737434538678,0.00000193879122889,0.00000228403382607,1.74807325948e-7,4.68993945901e-8,9.93459092768e-9,9.7059924542e-9,1.37375559817e-8,2.22884448675e-8,3.80389550969e-8,5.58404238404e-8,2.20926477112e-8,8.1153315179e-9,2.06090613325e-11,2.60213539605e-8,2.05952900956e-7]},"barkbands_crest":{"dmean":2.81672549248,"dmean2":4.67667627335,"dvar":6.3428606987,"dvar2":16.6126728058,"max":26.0137958527,"mean":9.14912128448,"median":8.16526985168,"min":2.49540829659,"var":16.7384395599},"barkbands_flatness_db":{"dmean":0.0272416230291,"dmean2":0.0434194095433,"dvar":0.000767567718867,"dvar2":0.00200108159333,"max":0.48652985692,"mean":0.127766400576,"median":0.110586419702,"min":0.030368745327,"var":0.00383722991683},"barkbands_kurtosis":{"dmean":6.26556825638,"dmean2":10.4981794357,"dvar":207.568649292,"dvar2":594.849304199,"max":382.251678467,"mean":10.3116779327,"median":3.66529750824,"min":-1.86768865585,"var":491.635681152},"barkbands_skewness":{"dmean":0.708854734898,"dmean2":1.14117336273,"dvar":0.687497138977,"dvar2":1.76575183868,"max":15.6651792526,"mean":2.12060165405,"median":1.67181694508,"min":-3.74567246437,"var":2.46484398842},"barkbands_spread":{"dmean":6.56351184845,"dmean2":9.92049694061,"dvar":61.2237625122,"dvar2":124.835098267,"max":110.52116394,"mean":23.9104862213,"median":22.3570899963,"min":0.325054466724,"var":240.575775146},"dissonance":{"dmean":0.0220616217703,"dmean2":0.0373081155121,"dvar":0.00048179703299,"dvar2":0.0013154115295,"max":0.500000119209,"mean":0.464082360268,"median":0.471739977598,"min":0.153459489346,"var":0.000874187273439},"dynamic_complexity":4.49937963486,"erbbands":{"dmean":[0.399505347013,1.37950980663,2.86858844757,3.08991599083,4.99177074432,8.80996322632,11.4042549133,11.5020771027,11.9319858551,47.7858200073,18.3781166077,18.1929607391,21.3252925873,25.8652896881,41.5137062073,34.5522384644,26.8283290863,29.5995979309,13.9984493256,7.23916101456,3.21305060387,2.24818682671,2.07467317581,2.29858326912,1.84866380692,2.08051729202,1.86857748032,2.14625597,2.17263436317,1.90963733196,1.37721574306,0.860086739063,0.307264119387,0.0382443591952,0.0168816726655,0.0534996315837,0.116187475622,0.0615660957992,0.0128291612491,0.00270626903512],"dmean2":[0.698444366455,2.39640450478,4.97227573395,5.12593507767,8.08791351318,14.0698957443,18.4439945221,18.2908382416,18.7049751282,70.3853683472,28.4739933014,29.1768875122,34.4026756287,41.7955207825,66.0684051514,55.2372703552,43.2938079834,47.1445045471,22.6050987244,11.7470693588,5.16483592987,3.61492991447,3.2999920845,3.64634227753,2.88011336327,3.24389123917,2.89690804482,3.20241570473,3.1695420742,2.72456336021,1.93277382851,1.20274317265,0.434817582369,0.0596663430333,0.0276328101754,0.0756348446012,0.155224770308,0.0796971544623,0.0172008872032,0.00376997818239],"dvar":[1.24616861343,7.04668283463,14.2596168518,20.9711036682,74.5775604248,274.065765381,619.242370605,956.381347656,582.949768066,14525.2441406,1050.28222656,1013.93566895,1462.58410645,2057.97387695,8414.29980469,3302.3215332,2803.66040039,4148.4375,515.266235352,149.614471436,20.8765907288,9.40819740295,9.1290397644,12.5473060608,9.42720413208,13.7420558929,12.81635952,27.7938270569,30.3009414673,13.9895191193,6.13551139832,2.81813526154,0.41622453928,0.00425885524601,0.000970799766947,0.0129387797788,0.0534639954567,0.0117282839492,0.000368769513443,0.0000115079374154],"dvar2":[3.37512612343,18.855298996,40.9671669006,54.4143447876,181.213088989,633.44720459,1428.0682373,2137.24316406,1407.46850586,28831.7929688,2436.328125,2486.27172852,3677.13500977,5136.15576172,19777.1699219,8181.67724609,6969.95605469,9993.43457031,1326.81054688,383.027587891,51.8129081726,24.4984607697,22.8950195312,31.3435745239,22.3721370697,30.5401630402,27.2287883759,46.6121292114,58.4563369751,26.9222297668,11.7270879745,5.33033084869,0.806710660458,0.00948554463685,0.0023610307835,0.0246184784919,0.0954505801201,0.0190331656486,0.000642275670543,0.0000222683447646],"max":[11.0419654846,41.0351753235,56.2531547546,87.8440170288,525.198730469,787.487426758,1067.30273438,1028.15026855,684.625488281,3203.76904297,763.360595703,858.639526367,1258.78845215,944.981079102,2077.09716797,1265.95715332,1766.1427002,1873.59155273,578.971862793,306.165771484,93.1832427979,61.4695014954,63.0539207458,97.0216445923,147.007644653,190.01739502,189.017822266,573.305969238,367.666931152,168.773468018,55.0127334595,39.9072341919,13.4757966995,1.0472227335,0.602589964867,2.10607600212,5.26618289948,2.48176956177,0.660208284855,0.0650523155928],"mean":[0.332219928503,1.49802267551,3.7792699337,4.53848314285,7.35306882858,13.0152816772,16.4744567871,18.0808429718,19.3635997772,67.322227478,29.9193019867,29.5700130463,35.4758033752,43.6683425903,65.8212280273,62.5322647095,46.9302978516,47.9209098816,26.9870986938,14.4863452911,7.0811958313,5.18823623657,4.7990655899,5.2998752594,4.61270284653,5.3438782692,4.59189510345,4.79723453522,4.63488435745,4.07257843018,2.95692133904,1.74654781818,0.54460734129,0.0504825748503,0.0192135255784,0.0920064896345,0.253893315792,0.161603435874,0.0457155108452,0.0124619277194],"median":[0.0618508830667,0.7186242342,2.39365696907,2.63402271271,3.87497973442,6.06964254379,7.68103694916,6.71209907532,7.77804040909,14.0457849503,14.2975931168,14.4740123749,18.4619827271,22.973110199,31.1087779999,35.5426483154,25.8318710327,24.5165901184,16.3594665527,9.49733257294,5.31040477753,3.72859072685,3.19578909874,3.23573708534,2.98802661896,3.07754731178,2.90391469002,2.90473246574,2.62277960777,2.26716661453,1.43846833706,0.667909443378,0.167749136686,0.0193884111941,0.00787560269237,0.0283426977694,0.0966086685658,0.085965976119,0.0300198737532,0.0108847515658],"min":[2.89530531468e-22,1.88865468101e-21,1.79725602969e-20,3.56699182502e-20,2.54461332539e-19,2.03227704102e-19,1.37696323401e-19,3.73724259106e-19,1.26190279854e-18,1.27806404655e-18,9.59758329398e-19,2.32374121259e-18,1.94552921432e-18,2.69447591171e-18,1.95598684521e-18,3.03912009355e-18,5.47320265036e-18,8.18717396834e-18,4.13307079635e-18,7.1019584996e-18,5.30770738443e-18,8.84293049793e-18,1.88211117927e-17,1.16544206199e-17,1.01654516767e-17,1.3313975712e-17,1.84912189295e-17,1.10032466709e-17,1.21822693842e-17,2.31024679487e-17,2.11175223374e-17,2.08369128951e-17,1.45841355308e-17,1.05847561466e-17,1.3227714009e-17,7.69289219331e-18,3.32379636931e-18,1.10201726474e-18,2.89109059116e-19,3.74270566664e-20],"var":[0.898496329784,6.36538600922,18.1617870331,35.1929321289,122.282234192,550.331665039,1211.53771973,2173.57592773,1214.71191406,28624.140625,2153.72412109,2086.91137695,2990.84277344,3972.8659668,12917.2001953,6824.20117188,4759.15673828,6699.28466797,1151.6809082,312.502105713,53.00522995,28.47382164,27.0736522675,39.8911743164,32.0568962097,53.4673614502,40.2683448792,97.763053894,79.2947387695,35.4270133972,16.9901218414,7.21883010864,0.907511591911,0.00670614978299,0.00109864480328,0.0280402861536,0.14959231019,0.0443195439875,0.00247947894968,0.000118302195915]},"erbbands_crest":{"dmean":3.03201913834,"dmean2":4.92044878006,"dvar":8.04652881622,"dvar2":19.4693660736,"max":30.8619060516,"mean":9.22061347961,"median":8.10247135162,"min":2.32742905617,"var":19.0951290131},"erbbands_flatness_db":{"dmean":0.0211556665599,"dmean2":0.0315110683441,"dvar":0.000398444914026,"dvar2":0.00088555162074,"max":0.381349563599,"mean":0.132263302803,"median":0.12785486877,"min":0.0390028357506,"var":0.00166423316114},"erbbands_kurtosis":{"dmean":1.35938096046,"dmean2":2.16679310799,"dvar":5.15057516098,"dvar2":13.8242111206,"max":69.1568527222,"mean":1.66033375263,"median":1.0417175293,"min":-1.80620729923,"var":8.69126224518},"erbbands_skewness":{"dmean":0.384947359562,"dmean2":0.58826816082,"dvar":0.146439105272,"dvar2":0.347337782383,"max":7.54721736908,"mean":0.574518799782,"median":0.521215856075,"min":-4.97432804108,"var":0.59906244278},"erbbands_spread":{"dmean":7.97794485092,"dmean2":12.0278072357,"dvar":79.2424468994,"dvar2":167.052536011,"max":159.374465942,"mean":31.0131015778,"median":26.8614673615,"min":2.81904911995,"var":283.177642822},"gfcc":{"cov":[[14140.578125,-1134.75378418,-1424.95300293,-925.900024414,-286.169067383,-153.382629395,180.518478394,-532.504333496,115.232139587,111.73009491,125.321754456,37.3171615601,-284.221618652],[-1134.75378418,1044.12194824,72.0806274414,-100.587867737,132.603302002,-57.2841453552,5.24304008484,38.1460838318,29.4989929199,11.0951538086,49.2870597839,-64.1029510498,113.417175293],[-1424.95300293,72.0806274414,420.988708496,218.402908325,-28.8876285553,85.5264282227,-77.5379486084,112.456710815,-43.9625205994,-6.38343572617,-32.6209564209,11.5563287735,21.5659980774],[-925.900024414,-100.587867737,218.402908325,337.95791626,93.8891983032,19.802532196,22.8936786652,58.252986908,-18.3423213959,-22.8028755188,-38.3841094971,18.5276317596,9.27391529083],[-286.169067383,132.603302002,-28.8876285553,93.8891983032,206.351013184,28.9324359894,73.9970932007,-7.87403297424,2.71614789963,-17.5336284637,12.4675292969,-17.2800331116,42.5397033691],[-153.382629395,-57.2841453552,85.5264282227,19.802532196,28.9324359894,161.986129761,6.85825300217,35.7396774292,-31.7609386444,5.10330152512,-4.86613273621,10.8821516037,8.39005470276],[180.518478394,5.24304008484,-77.5379486084,22.8936786652,73.9970932007,6.85825300217,154.277908325,-13.4904603958,29.2808208466,-21.1578884125,4.8732419014,9.16835308075,-1.10078120232],[-532.504333496,38.1460838318,112.456710815,58.252986908,-7.87403297424,35.7396774292,-13.4904603958,134.685958862,11.7933244705,22.1285591125,-7.05244779587,-12.4258337021,21.4299640656],[115.232139587,29.4989929199,-43.9625205994,-18.3423213959,2.71614789963,-31.7609386444,29.2808208466,11.7933244705,99.6389083862,44.955657959,12.1667175293,-1.22837233543,-23.9593448639],[111.73009491,11.0951538086,-6.38343572617,-22.8028755188,-17.5336284637,5.10330152512,-21.1578884125,22.1285591125,44.955657959,78.2067947388,33.2043838501,-6.33539009094,-7.39287519455],[125.321754456,49.2870597839,-32.6209564209,-38.3841094971,12.4675292969,-4.86613273621,4.8732419014,-7.05244779587,12.1667175293,33.2043838501,56.8069381714,15.5400056839,5.98224782944],[37.3171615601,-64.1029510498,11.5563287735,18.5276317596,-17.2800331116,10.8821516037,9.16835308075,-12.4258337021,-1.22837233543,-6.33539009094,15.5400056839,56.7859115601,10.1722126007],[-284.221618652,113.417175293,21.5659980774,9.27391529083,42.5397033691,8.39005470276,-1.10078120232,21.4299640656,-23.9593448639,-7.39287519455,5.98224782944,10.1722126007,83.9315567017]],"icov":[[0.000132453482365,0.0000849934076541,0.000336138531566,0.000101498415461,0.000126054408611,-0.0000698791409377,-0.0000986577360891,0.000198124762392,0.000116183167847,-0.000257487496128,0.0000160765466717,-0.0000374941446353,0.000141196811455],[0.0000849934076541,0.002307505114,-0.00249672913924,0.00290525634773,-0.00245403777808,0.00206137797795,-0.000664810009766,0.000207130084164,-0.000830186530948,0.000159952192917,-0.00105687556788,0.00174827431329,-0.0018931326922],[0.000336138531566,-0.00249672913924,0.0125007089227,-0.0114043364301,0.0107933105901,-0.00926428008825,0.00449055619538,-0.000327490852214,-0.0037187426351,0.00748121691868,-0.00756200170144,0.00565249845386,-0.0023903332185],[0.000101498415461,0.00290525634773,-0.0114043364301,0.0196496713907,-0.0188327375799,0.0135162230581,-0.00478670280427,-0.00490920990705,0.0113777844235,-0.0165855865926,0.0203839149326,-0.0183151792735,0.00911557301879],[0.000126054408611,-0.00245403777808,0.0107933105901,-0.0188327375799,0.0276443585753,-0.0161913596094,0.00125791993923,0.00756324874237,-0.0150717962533,0.0214679222554,-0.0261478275061,0.0259648580104,-0.0149513222277],[-0.0000698791409377,0.00206137797795,-0.00926428008825,0.0135162230581,-0.0161913596094,0.0191986169666,-0.00503348046914,-0.0058248816058,0.0146022122353,-0.0185170415789,0.0186781212687,-0.0176794715226,0.00892203394324],[-0.0000986577360891,-0.000664810009766,0.00449055619538,-0.00478670280427,0.00125791993923,-0.00503348046914,0.0122743071988,-0.000270908611128,-0.0081061096862,0.0108367195353,-0.00677992077544,0.00235957489349,-0.00112711626571],[0.000198124762392,0.000207130084164,-0.000327490852214,-0.00490920990705,0.00756324874237,-0.0058248816058,-0.000270908611128,0.0147054921836,-0.00791814271361,0.00397407962009,-0.00750825833529,0.0123662557453,-0.00886560138315],[0.000116183167847,-0.000830186530948,-0.0037187426351,0.0113777844235,-0.0150717962533,0.0146022122353,-0.0081061096862,-0.00791814271361,0.0344686284661,-0.0331814549863,0.027405783534,-0.0253403522074,0.0173429232091],[-0.000257487496128,0.000159952192917,0.00748121691868,-0.0165855865926,0.0214679222554,-0.0185170415789,0.0108367195353,0.00397407962009,-0.0331814549863,0.0572278089821,-0.0474134907126,0.0350153930485,-0.0163757186383],[0.0000160765466717,-0.00105687556788,-0.00756200170144,0.0203839149326,-0.0261478275061,0.0186781212687,-0.00677992077544,-0.00750825833529,0.027405783534,-0.0474134907126,0.0670326277614,-0.0447879247367,0.0186844933778],[-0.0000374941446353,0.00174827431329,0.00565249845386,-0.0183151792735,0.0259648580104,-0.0176794715226,0.00235957489349,0.0123662557453,-0.0253403522074,0.0350153930485,-0.0447879247367,0.0580387189984,-0.0244285892695],[0.000141196811455,-0.0018931326922,-0.0023903332185,0.00911557301879,-0.0149513222277,0.00892203394324,-0.00112711626571,-0.00886560138315,0.0173429232091,-0.0163757186383,0.0186844933778,-0.0244285892695,0.0286299232394]],"mean":[0.494299322367,86.1709060669,-79.2235336304,-2.859613657,-29.5760211945,-2.2331635952,1.89465689659,-24.352355957,-2.22777438164,-7.32867050171,-8.36301517487,1.98436546326,-18.2112483978]},"hfc":{"dmean":19.5057945251,"dmean2":27.1341323853,"dvar":510.357055664,"dvar2":1015.90612793,"max":474.504638672,"mean":85.1614227295,"median":76.9982452393,"min":1.23865624814e-16,"var":4551.2265625},"melbands":{"dmean":[0.00296256737784,0.00152183696628,0.000538935069926,0.000486002973048,0.00040318784886,0.000252598663792,0.000209279649425,0.000488145975396,0.000136913513415,0.000114621667308,0.000110137087177,0.000111798013677,0.00011786424875,0.00013253169891,0.000068597648351,0.0000555405567866,0.0000588085422351,0.0000267914256256,0.0000114013564598,0.00000872620148584,0.00000349614015249,0.00000260568526755,0.00000216866123992,0.00000201630268748,0.00000206466620511,0.00000161465459314,0.00000144719967921,0.0000015477994566,0.00000125114729599,0.00000129592729081,0.00000140420422667,0.00000140806332638,0.00000120187269204,0.0000010979254057,8.76624369539e-7,6.6777874963e-7,5.25447546806e-7,2.72169870641e-7,7.26853031097e-8,2.0610418261e-8],"dmean2":[0.00512796547264,0.00263152061962,0.000889091170393,0.000770153128542,0.000647124834359,0.000401338329539,0.000326118170051,0.000716607901268,0.000217584994971,0.00018440077838,0.000178211994353,0.000181726994924,0.000189444137504,0.000210872487514,0.000111525921966,0.0000895721823326,0.0000943261184148,0.0000437736271124,0.0000186383313121,0.0000143399074659,0.00000570981546844,0.00000425114649261,0.00000352805204784,0.00000323701260641,0.00000332909667122,0.00000258726868196,0.0000022997794531,0.00000245486808126,0.00000198042334887,0.00000204101024792,0.00000213701127905,0.00000211953783946,0.00000177893866748,0.00000160923718795,0.00000126646261833,9.5571510883e-7,7.57591692491e-7,3.9349151848e-7,1.12194946666e-7,3.4439079144e-8],"dvar":[0.0000602449836151,0.00000454209930467,6.04769297752e-7,7.01002534242e-7,6.58378951357e-7,4.01302742148e-7,1.67660402894e-7,0.00000142186638641,5.69049056764e-8,3.92891408296e-8,3.82202678395e-8,4.00271495948e-8,5.37883764196e-8,6.95603219469e-8,1.26897328201e-8,1.20535590398e-8,1.6730577812e-8,2.020452472e-9,3.27169791259e-10,2.73604389145e-10,2.3668142099e-11,1.27132375807e-11,9.4367872891e-12,9.73025392897e-12,1.0567428009e-11,7.29785155917e-12,5.80313791812e-12,7.93694103496e-12,5.74910301657e-12,8.62365474169e-12,1.50396327336e-11,1.30919945024e-11,7.41354200251e-12,4.28050693849e-12,2.53385268496e-12,1.51918159042e-12,1.15451073181e-12,3.25839290445e-13,2.54705466923e-14,1.63261725408e-15],"dvar2":[0.000161135816597,0.0000126373342937,0.00000156112480454,0.00000159471449024,0.0000015113473637,9.12255359253e-7,3.93702663359e-7,0.00000278542779597,1.38736865551e-7,9.67943449837e-8,9.61428696655e-8,1.00140333359e-7,1.2833984897e-7,1.65234737892e-7,3.27177502868e-8,3.01413507486e-8,4.02486435291e-8,5.264190861e-9,8.62193094697e-10,6.81482981157e-10,6.06803982062e-11,3.36295262471e-11,2.47270849629e-11,2.48506545203e-11,2.71327856016e-11,1.84882196358e-11,1.37981501225e-11,1.84439685746e-11,1.26652646704e-11,2.16991268703e-11,2.91157063737e-11,2.77940708643e-11,1.43983488327e-11,8.81974875078e-12,5.14632824203e-12,3.01674765897e-12,2.34109476596e-12,6.58910914112e-13,5.5864126801e-14,4.00684065259e-15],"max":[0.082177169621,0.0307142231613,0.021706931293,0.0339038744569,0.0318381562829,0.0204270407557,0.00877660140395,0.0336880981922,0.00509321549907,0.00463034817949,0.00619427254423,0.0040482939221,0.00497486721724,0.0057534892112,0.00232684100047,0.00288383057341,0.00392387900501,0.0010496909963,0.000444484641775,0.000510935147759,0.0000835472674225,0.0000725998688722,0.0000760437833378,0.0000731904437998,0.0000815544262878,0.0000981838602456,0.000113813577627,0.000135998765472,0.000122970566736,0.000188473088201,0.000487340672407,0.000233232349274,0.000116733172035,0.0000930767782847,0.0000381422760256,0.0000269478805421,0.0000255293380178,0.0000121724797282,0.00000299967268802,7.92516686943e-7],"mean":[0.00273096258752,0.00199517048895,0.000852589553688,0.000757042260375,0.000598868180532,0.000402494479204,0.000334404438036,0.0006921311724,0.000217970111407,0.000182074945769,0.000177797381184,0.00017775442393,0.000185286102351,0.000213866165723,0.000121993252833,0.000089818284323,0.0000903785476112,0.0000476517925563,0.000021867972464,0.0000153221699293,0.00000690033721185,0.00000542510497326,0.00000455055578641,0.00000418906256527,0.00000433526201959,0.00000346856040778,0.00000330646935254,0.00000361972752216,0.00000282166524812,0.00000273051136901,0.00000285629471364,0.00000274509625342,0.00000235767060985,0.00000220507558879,0.00000177265894763,0.00000133696869398,9.81432094704e-7,4.67893187306e-7,8.8974395851e-8,2.00800585048e-8],"median":[0.000768051948398,0.00126240029931,0.000534546328709,0.000387810083339,0.000291865755571,0.00015423282457,0.000123468140373,0.000150458276039,0.000108558022475,0.0000852770244819,0.0000879430735949,0.0000854140089359,0.0000878629653016,0.000103180726001,0.0000663793180138,0.000046971887059,0.0000426093793067,0.0000262823868979,0.0000139345502248,0.00000928001190914,0.00000498843655805,0.00000372457225239,0.00000308786047754,0.00000257149145,0.00000253148914453,0.00000210526900446,0.00000203968193091,0.00000196780706574,0.00000171445469732,0.0000016489589143,0.00000165118433415,0.00000148472622641,0.00000131098886413,0.00000116850333143,8.63094101078e-7,5.63664684705e-7,3.37548897278e-7,1.40636188917e-7,1.80102563974e-8,5.90182702709e-9],"min":[5.07313332147e-24,7.09982229991e-24,1.27644620664e-23,1.93452375565e-23,5.28388816192e-24,7.24482124518e-24,2.12362428536e-23,1.22474363182e-23,9.19966984428e-24,1.49489788405e-23,9.51844380291e-24,1.10022761773e-23,7.32504051063e-24,5.70341149107e-24,1.52252552845e-23,1.19334341792e-23,1.4296936393e-23,5.46387663821e-24,8.95815613384e-24,7.65508019185e-24,6.36043125649e-24,7.32078933921e-24,1.68028918979e-23,1.49058391931e-23,9.15113044392e-24,6.09449086255e-24,7.82631507311e-24,8.9644646545e-24,1.3094261145e-23,7.86956673882e-24,5.81768390965e-24,6.85507741521e-24,7.74386412015e-24,1.52420801099e-23,1.35140897633e-23,9.04350772834e-24,1.52684312195e-23,9.80936150526e-24,1.03711290774e-23,7.71972970962e-24],"var":[0.0000461788877146,0.00000524022516402,0.00000103092997961,0.00000149821971718,0.00000129927923354,9.28885469875e-7,3.52824173433e-7,0.00000285963733404,1.11541680781e-7,7.93773793362e-8,7.73138566501e-8,7.38366452424e-8,8.83436186427e-8,1.15902061282e-7,2.67188013936e-8,1.86362623111e-8,2.66315787201e-8,4.16144674276e-9,6.88811119254e-10,4.48119319429e-10,5.33554277149e-11,3.34520328105e-11,2.44136377781e-11,2.4368200166e-11,2.90034905814e-11,1.96089863097e-11,1.83108701812e-11,2.70874971758e-11,1.61488322714e-11,1.84268954262e-11,4.4901627555e-11,3.04175400145e-11,1.69850904175e-11,1.00204219922e-11,6.3464828011e-12,3.87107663632e-12,2.5653934272e-12,6.69811265914e-13,3.98538623977e-14,1.6950207124e-15]},"melbands_crest":{"dmean":4.62892723083,"dmean2":7.73427009583,"dvar":17.0901565552,"dvar2":45.8284873962,"max":36.2579650879,"mean":14.7076129913,"median":13.4735145569,"min":2.06527638435,"var":37.5321121216},"melbands_flatness_db":{"dmean":0.0348047241569,"dmean2":0.055226251483,"dvar":0.00111175386701,"dvar2":0.00285101030022,"max":0.654529750347,"mean":0.23308712244,"median":0.215667232871,"min":0.00524220475927,"var":0.0060387016274},"melbands_kurtosis":{"dmean":9.66599369049,"dmean2":16.1732368469,"dvar":394.165649414,"dvar2":1088.14367676,"max":617.092956543,"mean":15.7567405701,"median":5.40902900696,"min":-1.87081801891,"var":998.40057373},"melbands_skewness":{"dmean":0.90285718441,"dmean2":1.45069897175,"dvar":0.957421064377,"dvar2":2.4387447834,"max":18.9923267365,"mean":2.51296019554,"median":1.94652783871,"min":-1.53909099102,"var":3.49206876755},"melbands_spread":{"dmean":5.63293027878,"dmean2":8.93052196503,"dvar":55.6633033752,"dvar2":120.40196228,"max":243.762557983,"mean":18.4983997345,"median":17.5329971313,"min":0.320100545883,"var":208.0050354},"mfcc":{"cov":[[11739.125,-192.968505859,-1398.62145996,-586.041442871,-1034.41394043,440.600738525,-477.87109375,62.9721794128,-579.578125,332.838409424,-263.671569824,260.640014648,-128.143173218],[-192.968505859,983.785583496,-60.6101608276,-100.163085938,20.3772602081,-61.7218322754,23.1376800537,-77.3372650146,54.7855834961,-48.9311065674,107.693107605,-65.0309066772,53.9538002014],[-1398.62145996,-60.6101608276,513.229675293,71.5892486572,156.205856323,-77.8473739624,41.2822341919,9.02037143707,62.1251029968,-43.5878562927,22.6448173523,-11.845243454,-13.3189344406],[-586.041442871,-100.163085938,71.5892486572,302.842956543,71.3259963989,13.9442653656,29.0914459229,44.6929855347,50.0087089539,-2.2829515934,-5.62123012543,-8.81103801727,-0.396302521229],[-1034.41394043,20.3772602081,156.205856323,71.3259963989,225.195007324,-15.6581106186,87.9999542236,-14.5931167603,75.04737854,-32.9578514099,30.7169189453,-35.1097259521,20.4408130646],[440.600738525,-61.7218322754,-77.8473739624,13.9442653656,-15.6581106186,154.831771851,24.5194511414,44.6750869751,-30.3338413239,27.0794200897,-40.7348251343,15.8622312546,-9.81216812134],[-477.87109375,23.1376800537,41.2822341919,29.0914459229,87.9999542236,24.5194511414,151.679138184,29.6399650574,57.2400283813,-29.6361408234,-1.68485999107,-29.3138484955,26.7962551117],[62.9721794128,-77.3372650146,9.02037143707,44.6929855347,-14.5931167603,44.6750869751,29.6399650574,99.6006851196,14.2192220688,16.0740413666,-35.8644790649,10.0410709381,-11.4088611603],[-579.578125,54.7855834961,62.1251029968,50.0087089539,75.04737854,-30.3338413239,57.2400283813,14.2192220688,115.509498596,-3.06437635422,31.3703899384,-26.8236541748,25.0042533875],[332.838409424,-48.9311065674,-43.5878562927,-2.2829515934,-32.9578514099,27.0794200897,-29.6361408234,16.0740413666,-3.06437635422,85.3451004028,8.89516162872,32.9531784058,-5.09186792374],[-263.671569824,107.693107605,22.6448173523,-5.62123012543,30.7169189453,-40.7348251343,-1.68485999107,-35.8644790649,31.3703899384,8.89516162872,97.2592697144,9.06564331055,25.2506904602],[260.640014648,-65.0309066772,-11.845243454,-8.81103801727,-35.1097259521,15.8622312546,-29.3138484955,10.0410709381,-26.8236541748,32.9531784058,9.06564331055,73.4331588745,11.4788341522],[-128.143173218,53.9538002014,-13.3189344406,-0.396302521229,20.4408130646,-9.81216812134,26.7962551117,-11.4088611603,25.0042533875,-5.09186792374,25.2506904602,11.4788341522,69.2548904419]],"icov":[[0.000221676004003,-0.0000254773603956,0.000302383472444,0.000184693504707,0.000459054979729,-0.000270268152235,0.000129090243718,0.00000530242186869,0.000317228230415,-0.000355673546437,0.000245001720032,-0.000174732384039,0.0000653186580166],[-0.0000254773603956,0.00142146658618,0.000123544901726,0.000390197819797,0.000229691839195,-0.000192295774468,0.000132263681735,0.000122471494251,-0.000351787486579,0.000709137821104,-0.00165790808387,0.00147314334754,-0.000715135247447],[0.000302383472444,0.000123544901726,0.00346807064489,0.000204801239306,-0.0015560425818,0.00118225079495,0.000402110541472,-0.00108436692972,-0.0000280443146039,0.000789554731455,0.000129077860038,-0.00172139727511,0.00173038267531],[0.000184693504707,0.000390197819797,0.000204801239306,0.0043288981542,-0.00085558637511,-0.000687463558279,0.00112090096809,-0.00186231581029,-0.00110597768798,0.00024174603459,-0.0000791507263784,0.000192124367459,-0.0000693568581482],[0.000459054979729,0.000229691839195,-0.0015560425818,-0.00085558637511,0.0102753601968,-0.00220431596972,-0.00330715347081,0.00373719749041,-0.00210585352033,-0.000118757481687,-0.000915537588298,0.00120625132695,-0.000198094843654],[-0.000270268152235,-0.000192295774468,0.00118225079495,-0.000687463558279,-0.00220431596972,0.0109319491312,-0.00309217791073,-0.00309091014788,0.00351143022999,-0.00293182139285,0.00232699490152,-0.00111461209599,0.000612840172835],[0.000129090243718,0.000132263681735,0.000402110541472,0.00112090096809,-0.00330715347081,-0.00309217791073,0.0129997227341,-0.0043104859069,-0.00311528146267,0.00344734964892,0.0000565138507227,0.00266760843806,-0.00406693574041],[0.00000530242186869,0.000122471494251,-0.00108436692972,-0.00186231581029,0.00373719749041,-0.00309091014788,-0.0043104859069,0.0181759372354,-0.00525722745806,-0.00197321851738,0.00561311701313,-0.00429372070357,0.0032344320789],[0.000317228230415,-0.000351787486579,-0.0000280443146039,-0.00110597768798,-0.00210585352033,0.00351143022999,-0.00311528146267,-0.00525722745806,0.0187456365675,-0.00523188477382,-0.00364577397704,0.0064984485507,-0.00459287315607],[-0.000355673546437,0.000709137821104,0.000789554731455,0.00024174603459,-0.000118757481687,-0.00293182139285,0.00344734964892,-0.00197321851738,-0.00523188477382,0.0191339682788,-0.00395751092583,-0.00615583034232,0.0026624025777],[0.000245001720032,-0.00165790808387,0.000129077860038,-0.0000791507263784,-0.000915537588298,0.00232699490152,0.0000565138507227,0.00561311701313,-0.00364577397704,-0.00395751092583,0.0185408275574,-0.00561714544892,-0.00153167534154],[-0.000174732384039,0.00147314334754,-0.00172139727511,0.000192124367459,0.00120625132695,-0.00111461209599,0.00266760843806,-0.00429372070357,0.0064984485507,-0.00615583034232,-0.00561714544892,0.0249856058508,-0.00894648302346],[0.0000653186580166,-0.000715135247447,0.00173038267531,-0.0000693568581482,-0.000198094843654,0.000612840172835,-0.00406693574041,0.0032344320789,-0.00459287315607,0.0026624025777,-0.00153167534154,-0.00894648302346,0.0215968154371]],"mean":[-664.98614502,148.058547974,3.20585346222,19.4455528259,-12.2530870438,30.0640468597,-3.5674932003,12.7533226013,-8.97369003296,9.15152359009,-3.23774552345,5.38454914093,-4.29924297333]},"pitch_salience":{"dmean":0.0879522785544,"dmean2":0.14566257596,"dvar":0.00610932707787,"dvar2":0.0167285911739,"max":0.899046838284,"mean":0.573705971241,"median":0.595651507378,"min":0.0782705172896,"var":0.0146180167794},"silence_rate_20dB":{"dmean":0,"dmean2":0,"dvar":0,"dvar2":0,"max":1,"mean":1,"median":1,"min":1,"var":0},"silence_rate_30dB":{"dmean":0.0600428283215,"dmean2":0.120090797544,"dvar":0.0564478263259,"dvar2":0.13007235527,"max":1,"mean":0.946254968643,"median":1,"min":0,"var":0.0508588068187},"silence_rate_60dB":{"dmean":0.0207280516624,"dmean2":0.0414578765631,"dvar":0.0202961713076,"dvar2":0.046154640615,"max":1,"mean":0.0804248228669,"median":0,"min":0,"var":0.0739572420716},"spectral_centroid":{"dmean":179.716659546,"dmean2":271.636444092,"dvar":53933.0859375,"dvar2":96171.0078125,"max":11050.3447266,"mean":955.165161133,"median":898.924987793,"min":111.650253296,"var":268427.53125},"spectral_complexity":{"dmean":2.65610289574,"dmean2":4.11615037918,"dvar":6.01136112213,"dvar2":13.3761482239,"max":51,"mean":17.4210948944,"median":19,"min":0,"var":82.9796905518},"spectral_contrast_coeffs":{"dmean":[0.0551381409168,0.051979046315,0.0390520095825,0.0305088013411,0.0183406770229,0.0354584679008],"dmean2":[0.0913603529334,0.0849886536598,0.0644168108702,0.050358440727,0.030436007306,0.0564456805587],"dvar":[0.00187394500244,0.00169085792731,0.000965823535807,0.000586309528444,0.000242047623033,0.00105795566924],"dvar2":[0.00507787428796,0.00439004506916,0.00257213041186,0.00154435553122,0.000635652279016,0.00259304023348],"max":[-0.329345881939,-0.413541078568,-0.509883463383,-0.612316846848,-0.678825139999,-0.430512189865],"mean":[-0.67675447464,-0.761551380157,-0.7964001894,-0.8030205369,-0.838420510292,-0.710505902767],"median":[-0.680066764355,-0.769409894943,-0.799121022224,-0.800614535809,-0.835224628448,-0.701740562916],"min":[-0.959224760532,-0.960127532482,-0.97767162323,-0.984450876713,-0.975760877132,-0.957672357559],"var":[0.00531128840521,0.00535815581679,0.00281978910789,0.00227464502677,0.000931593298446,0.00410828180611]},"spectral_contrast_valleys":{"dmean":[0.444267898798,0.382363438606,0.326168745756,0.289491385221,0.2670802176,0.511962473392],"dmean2":[0.724036455154,0.604419827461,0.502530038357,0.444766283035,0.398093998432,0.774890303612],"dvar":[0.136071398854,0.104979373515,0.085545770824,0.0826009958982,0.0990294516087,0.223725944757],"dvar2":[0.32991039753,0.243628844619,0.183765649796,0.173118382692,0.206010639668,0.536672353745],"max":[-4.58159732819,-4.37528753281,-4.95833826065,-5.71749210358,-5.98506259918,-8.76925754547],"mean":[-6.90125417709,-6.54326248169,-6.86676740646,-7.53307294846,-7.88807153702,-10.967505455],"median":[-6.76340246201,-6.26515436172,-6.47880554199,-7.11055183411,-7.52975225449,-10.7521543503],"min":[-27.7310466766,-27.2355766296,-26.621635437,-27.3033161163,-27.1910896301,-27.3980998993],"var":[0.941684544086,1.33335256577,1.61345720291,1.59604513645,1.37471449375,1.30132865906]},"spectral_decrease":{"dmean":4.32386482174e-9,"dmean2":6.90285917315e-9,"dvar":6.00044889629e-17,"dvar2":1.50318940213e-16,"max":1.50848625258e-10,"mean":-8.04226374385e-9,"median":-5.64995383812e-9,"min":-8.94052831768e-8,"var":7.94705501704e-17},"spectral_energy":{"dmean":0.0170945636928,"dmean2":0.0268136262894,"dvar":0.000876495381817,"dvar2":0.00218351720832,"max":0.345380425453,"mean":0.0380777679384,"median":0.029502755031,"min":1.10211581878e-20,"var":0.00137134024408},"spectral_energyband_high":{"dmean":0.000277349288808,"dmean2":0.00034537006286,"dvar":2.28943932257e-7,"dvar2":3.44460943325e-7,"max":0.021274285391,"mean":0.000896770972759,"median":0.000608310452662,"min":7.94121014591e-21,"var":0.00000107312371256},"spectral_energyband_low":{"dmean":0.0123000480235,"dmean2":0.0210113208741,"dvar":0.000700856850017,"dvar2":0.00184963922948,"max":0.290055990219,"mean":0.0143215293065,"median":0.007186985109,"min":4.62021064712e-23,"var":0.000606269983109},"spectral_energyband_middle_high":{"dmean":0.00248524616472,"dmean2":0.00367597816512,"dvar":0.000013497290638,"dvar2":0.0000300887077174,"max":0.0778707712889,"mean":0.00670971628278,"median":0.00505463313311,"min":1.44946226639e-21,"var":0.0000471400890092},"spectral_energyband_middle_low":{"dmean":0.00562890898436,"dmean2":0.00833726115525,"dvar":0.0000634532916592,"dvar2":0.000132983768708,"max":0.175371304154,"mean":0.0133190033957,"median":0.00944113731384,"min":3.78791922564e-22,"var":0.000205732372706},"spectral_entropy":{"dmean":0.189494237304,"dmean2":0.283787548542,"dvar":0.0469295196235,"dvar2":0.113420158625,"max":9.80336952209,"mean":7.54683685303,"median":7.64113759995,"min":4.7492275238,"var":0.204318195581},"spectral_flux":{"dmean":0.0311437752098,"dmean2":0.0495703406632,"dvar":0.00182113365736,"dvar2":0.00406362861395,"max":0.518003880978,"mean":0.109907664359,"median":0.103766322136,"min":1.04981703886e-10,"var":0.00429246760905},"spectral_kurtosis":{"dmean":2.68633174896,"dmean2":4.03358078003,"dvar":13.507183075,"dvar2":32.6566429138,"max":70.1944122314,"mean":11.5793485641,"median":10.332529068,"min":-1.2282050848,"var":34.3016090393},"spectral_rms":{"dmean":0.00119176576845,"dmean2":0.00179523939732,"dvar":0.00000227978966905,"dvar2":0.00000526002622792,"max":0.0183563753963,"mean":0.00543716549873,"median":0.00536499544978,"min":3.27907753034e-12,"var":0.00000758622309149},"spectral_rolloff":{"dmean":3636.2800293,"dmean2":6650.17382812,"dvar":37640176,"dvar2":92992256,"max":21963.8671875,"mean":5005.36425781,"median":1485.79101562,"min":21.533203125,"var":51065956},"spectral_skewness":{"dmean":0.280606836081,"dmean2":0.412958651781,"dvar":0.112511128187,"dvar2":0.255685657263,"max":6.90517473221,"mean":2.4161593914,"median":2.33989691734,"min":-0.0344927981496,"var":0.384439587593},"spectral_spread":{"dmean":535717.0625,"dmean2":760114.8125,"dvar":339772309504,"dvar2":601895731200,"max":40523356,"mean":4769870.5,"median":4650951,"min":1326775.5,"var":1590208495620},"spectral_strongpeak":{"dmean":0.603933393955,"dmean2":1.03797256947,"dvar":3.36894249916,"dvar2":9.52616119385,"max":70.5914306641,"mean":0.717675685883,"median":0.286849319935,"min":0,"var":2.5145368576},"zerocrossingrate":{"dmean":0.0294143762439,"dmean2":0.0371060073376,"dvar":0.000616811332293,"dvar2":0.00094807887217,"max":0.55419921875,"mean":0.186931967735,"median":0.19140625,"min":0.00390625,"var":0.0049823410809}},"metadata":{"audio_properties":{"analysis_sample_rate":44100,"bit_rate":192000,"codec":"mp3","downmix":"mix","equal_loudness":0,"length":542.171447754,"lossless":false,"md5_encoded":"9a7a3cdab5d5d7baf7d4de4a85ac18a7","replay_gain":-7.51675415039},"tags":{"album":["Multi Kontra Culti vs. Irony"],"albumartist":["Gogol Bordello"],"albumartistsort":["Gogol Bordello"],"artist":["Gogol Bordello"],"artistsort":["Gogol Bordello"],"asin":["B00006GA43"],"barcode":["676180003928"],"catalognumber":["RUB39"],"date":["2002-09-17"],"discnumber":["1/1"],"file_name":"09 Baro Foro.mp3","label":["Rubric Records"],"language":["eng"],"media":["CD"],"musicbrainz album release country":["US"],"musicbrainz album status":["official"],"musicbrainz album type":["album"],"musicbrainz_albumartistid":["f47fc54d-b334-4321-8218-00c5b11d4dd1"],"musicbrainz_albumid":["eda58665-7a7e-32df-b709-f94dde25288b"],"musicbrainz_artistid":["f47fc54d-b334-4321-8218-00c5b11d4dd1"],"musicbrainz_recordingid":["83af58a8-a776-47f4-9bf7-b9ccf2ce315a"],"originaldate":["2002-09-17"],"performer:accordion":["Sasha Kazatchkoff"],"script":["Latn"],"title":["Baro Foro"],"tracknumber":["9/11"]},"version":{"essentia":"2.1-beta1","essentia_build_sha":"eef087cf131c10083d474ad51def18efd0e38295","essentia_git_sha":"v2.1_beta1-7-ge0e83e8-dirty","extractor":"music 1.0"}},"rhythm":{"beats_count":1223,"beats_loudness":{"dmean":0.0176235157996,"dmean2":0.0303311832249,"dvar":0.000336266908562,"dvar2":0.000960901670624,"max":0.158783331513,"mean":0.043813239783,"median":0.0407240279019,"min":6.8940742004e-9,"var":0.000826525385492},"beats_loudness_band_ratio":{"dmean":[0.155628353357,0.109933160245,0.119681924582,0.0787512585521,0.0146833239123,0.0614430680871],"dmean2":[0.268003106117,0.189154744148,0.207311332226,0.135747790337,0.0247723385692,0.106046356261],"dvar":[0.0170323457569,0.0120803872123,0.0152931865305,0.00641956971958,0.000242515961872,0.0041025755927],"dvar2":[0.0452677793801,0.0332419201732,0.0397637747228,0.0187238566577,0.000641925958917,0.0