{"lowlevel":{"average_loudness":0.935872793198,"barkbands":{"dmean":[0.0047888760455,0.019535921514,0.00525271613151,0.00237098429352,0.00348163442686,0.00163343304303,0.000870153249707,0.000618407793809,0.000868239905685,0.000688916712534,0.000496419088449,0.000411810498917,0.000423043849878,0.000434332265286,0.000387169566238,0.0003641496005,0.000127629144117,0.000062456158048,0.0000271387380053,0.0000205477645068,0.0000193522937479,0.00000778040339355,0.00000507241838932,0.00000433794093624,0.00000344818954545,0.000004181942586,0.0000955412324402],"dmean2":[0.0084705222398,0.0337018221617,0.00884885154665,0.00405896268785,0.00572870951146,0.0026989846956,0.00145129300654,0.0010318151908,0.00145506102126,0.00115634256508,0.000841862580273,0.000688473810442,0.000712778768502,0.000732444401365,0.000644480751362,0.000593730539549,0.000209812424146,0.000102145124401,0.0000433870882262,0.0000324096799886,0.0000312696320179,0.0000120483027786,0.00000825852930575,0.00000721985816199,0.00000580189725952,0.00000685419990987,0.000154049645062],"dvar":[0.0000788322795415,0.000797516084276,0.0000427357845183,0.0000116603159768,0.0000266514689429,0.00000861745138536,0.00000189159698039,0.00000137184520099,0.00000231117928706,0.00000145733883983,7.76298008986e-7,4.61548012254e-7,5.63967773815e-7,6.15679709881e-7,3.60726858162e-7,3.57699519782e-7,4.12088532187e-8,9.13046704909e-9,1.74527625685e-9,4.25508339674e-9,1.8548638181e-8,3.70565939045e-10,9.12469821923e-11,1.29808969129e-10,3.06380823489e-11,6.11601672085e-11,2.7253966195e-8],"dvar2":[0.000222389018745,0.0022009909153,0.000115106900921,0.000032065774576,0.0000710736348992,0.0000224209652515,0.00000486145609102,0.00000347084528585,0.00000606131925451,0.00000399710506827,0.00000213760517909,0.00000124852704175,0.000001532561555,0.00000173518162683,9.94449919745e-7,9.56448729994e-7,1.12067603197e-7,2.40819808539e-8,4.40047731587e-9,1.10175681911e-8,4.65761083035e-8,8.93512430711e-10,2.24144994232e-10,3.29396787624e-10,7.95099680539e-11,1.54134441321e-10,7.10915060154e-8],"max":[0.106101103127,0.284244954586,0.0916920676827,0.0509051010013,0.10612013191,0.101699002087,0.0355133116245,0.0612969473004,0.0281082727015,0.0303347595036,0.0187392495573,0.0130116418004,0.0279383771122,0.0166054349393,0.00959550403059,0.0124764293432,0.00431255670264,0.00189226551447,0.00105223455466,0.00315154134296,0.00545907998458,0.000581213680562,0.000224435323616,0.000409753760323,0.0000646260086796,0.000206459881156,0.0052822898142],"mean":[0.00478163687512,0.0246143788099,0.00762473233044,0.00309354020283,0.00561759388074,0.00267247133888,0.00137027504388,0.000969234737568,0.00147046230268,0.0011235588463,0.000830947596114,0.000748842663597,0.000790011079516,0.000835850078147,0.000786518328823,0.000752904510591,0.000290066935122,0.000142601376865,0.0000607487090747,0.0000400498865929,0.0000284381167148,0.000011911070942,0.00000611824589214,0.00000435420906797,0.00000333075149683,0.00000481226197735,0.000309760886012],"median":[0.0021075818222,0.0147245479748,0.00501683959737,0.00173951813485,0.00352458260022,0.00143733830191,0.000758474518079,0.000508938275743,0.000765283941291,0.000603634223808,0.000401012803195,0.000396102899686,0.000400178512791,0.000417617702624,0.000434865796706,0.000436238187831,0.00015266056289,0.0000799765766715,0.0000309932984237,0.0000178752579814,0.0000106757552203,0.00000518919614478,0.0000025176195777,0.00000162758476563,0.00000131148431137,0.00000229961051446,0.000121334138385],"min":[1.06975800331e-24,4.24388825993e-24,1.33521876982e-24,1.45102759362e-24,8.69468684669e-24,6.18368815397e-24,7.71998372283e-24,1.42441221554e-23,1.63070975522e-23,1.33855717001e-23,1.84440917677e-23,1.32409750739e-23,1.80288401204e-23,3.04459604193e-23,3.98020747917e-23,6.36186027802e-23,8.00048719905e-23,9.34937876247e-23,1.27016450725e-22,1.85374424118e-22,2.76778803195e-22,2.97298249164e-22,3.99376926031e-22,5.42825311546e-22,9.69917533884e-22,1.28454838242e-21,1.92908818215e-21],"var":[0.0000671365269227,0.000874782796018,0.0000675027404213,0.0000171621304617,0.000048666010116,0.0000175841250893,0.00000349135734723,0.00000269986480816,0.00000458142585558,0.00000250173411587,0.00000147249636484,0.00000103360889625,0.0000012353719967,0.00000134520701067,9.33558851557e-7,9.44107569012e-7,1.4252400149e-7,2.99077349553e-8,6.33767260894e-9,5.29019095197e-9,1.66262168477e-8,4.94438323617e-10,1.14449644206e-10,1.22082399745e-10,3.06891942414e-11,6.58400486908e-11,1.68820534441e-7]},"barkbands_crest":{"dmean":3.49827098846,"dmean2":5.97537088394,"dvar":8.40956497192,"dvar2":23.6248054504,"max":24.9972553253,"mean":11.2806911469,"median":10.6688013077,"min":2.41673207283,"var":21.1466960907},"barkbands_flatness_db":{"dmean":0.0345176197588,"dmean2":0.0572165995836,"dvar":0.000967863365076,"dvar2":0.00268757063895,"max":0.497785061598,"mean":0.184267491102,"median":0.172263875604,"min":0.0368624739349,"var":0.00408391375095},"barkbands_kurtosis":{"dmean":8.21634864807,"dmean2":13.8118047714,"dvar":196.747421265,"dvar2":540.232910156,"max":343.960388184,"mean":14.4593925476,"median":6.73616838455,"min":-1.9349013567,"var":427.047821045},"barkbands_skewness":{"dmean":0.80673032999,"dmean2":1.35015201569,"dvar":0.704833984375,"dvar2":1.97473192215,"max":13.7457418442,"mean":2.66357707977,"median":2.28853392601,"min":-3.20795106888,"var":2.55588889122},"barkbands_spread":{"dmean":4.08942937851,"dmean2":6.78860759735,"dvar":19.4370269775,"dvar2":50.1958236694,"max":128.28578186,"mean":14.9209499359,"median":12.9428787231,"min":0.433676987886,"var":124.847373962},"dissonance":{"dmean":0.0166745707393,"dmean2":0.0283636301756,"dvar":0.00023867803975,"dvar2":0.000667282496579,"max":0.500000059605,"mean":0.472297251225,"median":0.47683686018,"min":0.310866296291,"var":0.000401851488277},"dynamic_complexity":3.32328033447,"erbbands":{"dmean":[0.795648753643,3.86562013626,6.67529439926,6.51618719101,8.85730648041,12.7878313065,14.9618787766,13.5217437744,13.100022316,12.3803882599,13.5405902863,19.9139575958,18.4769477844,21.5311279297,18.7603549957,15.1926965714,18.0217151642,20.363653183,18.9362239838,20.6572322845,14.8982248306,6.44019031525,3.75919914246,1.81656634808,1.1514083147,0.947320878506,0.584704756737,0.849345386028,0.305469065905,0.201121941209,0.13946095109,0.108649738133,0.0609275102615,0.0389955453575,0.0243727844208,0.0140893580392,0.00856682751328,0.00394935626537,0.00199911138043,0.0026675844565],"dmean2":[1.40400695801,6.66216278076,11.2618741989,11.0316848755,14.7471323013,21.5149364471,24.8688983917,22.4150791168,21.9980678558,20.6709079742,22.839422226,33.3127822876,30.9158058167,36.2098617554,31.605009079,25.3372039795,30.1929244995,34.4547119141,31.3667526245,33.8356666565,24.3562927246,10.4959316254,6.13546609879,2.89284515381,1.81177222729,1.49187672138,0.916389882565,1.38012218475,0.474143058062,0.315026909113,0.227964922786,0.179353222251,0.102126255631,0.0656507015228,0.0409513190389,0.0235247388482,0.0139733655378,0.00615551648661,0.00304553168826,0.00422986224294],"dvar":[1.79408466816,27.5154018402,67.3901672363,81.1755905151,157.913208008,389.504760742,958.37512207,676.496948242,462.756500244,480.348052979,488.806915283,1421.97021484,1227.21643066,1604.0447998,1164.30407715,630.462890625,1162.04187012,1331.17541504,966.269042969,1136.3425293,557.63684082,97.9136657715,33.6003913879,7.39180994034,3.96624588966,10.092792511,3.01929330826,50.1721000671,0.837022900581,0.143570825458,0.0749459639192,0.140147522092,0.0105400253087,0.003921370022,0.00151838362217,0.000482377799926,0.000520268629771,0.0000889873481356,0.000072683331382,0.0000160348026839],"dvar2":[5.09668159485,75.576171875,180.732574463,221.777862549,425.07623291,1057.49938965,2529.83032227,1726.9329834,1229.04223633,1187.52331543,1306.85852051,3716.90795898,3291.86450195,4393.01220703,3245.68652344,1730.60327148,3017.48193359,3788.75195312,2657.78930664,3043.56665039,1503.48120117,263.515533447,89.1332321167,18.9640026093,9.80655956268,26.0592212677,7.50288391113,124.838806152,1.96575367451,0.324985355139,0.188804626465,0.355631768703,0.0269603729248,0.0101674450561,0.00394096691161,0.00124545919243,0.00131043943111,0.000205303367693,0.00017954177747,0.0000396516588808],"max":[13.4545755386,50.6324768066,107.350318909,112.504890442,222.856033325,362.375274658,791.90838623,1159.83813477,443.078369141,728.59967041,799.473388672,847.459228516,1007.44537354,1079.94104004,833.182006836,577.185852051,1592.73327637,979.395385742,600.027832031,614.799987793,468.780822754,194.705352783,100.034088135,61.889629364,58.5078163147,147.174423218,59.447052002,283.213012695,28.5757484436,7.60990762711,7.15216636658,14.7670345306,1.6681419611,0.732583224773,0.455134809017,0.253082185984,0.802958488464,0.262213349342,0.31472235918,0.113639444113],"mean":[0.870784819126,4.84535217285,9.8275604248,9.70207023621,13.534277916,18.7318820953,22.5898857117,21.600769043,20.5566158295,19.9986686707,23.0608043671,33.6433410645,32.4470405579,37.4839172363,35.0007553101,30.3384990692,35.9915390015,41.5440368652,41.5497779846,45.7151985168,33.5985527039,16.1946563721,9.30894756317,4.40638113022,2.6026673317,1.86021196842,1.10992288589,1.12580442429,0.465476363897,0.279397070408,0.163184702396,0.112066492438,0.0600400976837,0.0375555194914,0.0237741824239,0.014419991523,0.00986651703715,0.00634036771953,0.0056541999802,0.0122155332938],"median":[0.448136329651,2.97468805313,6.5490322113,6.27952051163,8.49129009247,11.1589813232,10.6787176132,11.8995189667,11.7043457031,10.823091507,13.0079374313,17.4211502075,18.3446178436,20.3706989288,18.0961437225,16.8037223816,18.8208827972,22.3203144073,21.6711978912,26.504486084,20.3374576569,9.2826166153,5.22534370422,2.41473317146,1.31998252869,0.844382345676,0.50568062067,0.36266207695,0.202332213521,0.114177189767,0.067256078124,0.041106838733,0.023929676041,0.014781483449,0.00957302656025,0.00643532257527,0.00452496483922,0.003241795348,0.00335228722543,0.00679213972762],"min":[1.31936771828e-22,9.01778429951e-22,1.78836609993e-21,3.65972935379e-21,1.12980181238e-20,2.29102162463e-20,4.85308480972e-20,8.41549773769e-20,1.38175661641e-19,2.45598790209e-19,2.77953236086e-19,4.61626080315e-19,3.6815792812e-19,7.05487351798e-19,1.03757079603e-18,8.24182393025e-19,1.49116262615e-18,2.43725686241e-18,2.60700404348e-18,3.37655167403e-18,4.45183104925e-18,4.62881626747e-18,5.69825657475e-18,7.23881470477e-18,7.75903769099e-18,8.88759080638e-18,1.12809626354e-17,1.1519489264e-17,1.21451819142e-17,1.30141326662e-17,1.16021014461e-17,1.06279763336e-17,9.06615263085e-18,9.63470033564e-18,6.80775641191e-18,4.31621726936e-18,2.10787395608e-18,9.44115413437e-19,2.46623408494e-19,2.92862520393e-20],"var":[1.64076066017,31.8710250854,105.230422974,118.381317139,260.700469971,598.487609863,1864.39099121,1215.1842041,836.465209961,930.066955566,1040.90466309,2714.54052734,2156.60839844,2849.92553711,2455.60131836,1569.47937012,2643.09863281,3041.41381836,2774.0456543,3279.64086914,1627.77685547,390.914245605,127.228141785,29.3730373383,11.8251619339,12.2035121918,4.06347131729,45.2993850708,1.02019882202,0.232963383198,0.0856604352593,0.127986714244,0.010677321814,0.00392021611333,0.00152922177222,0.000502242706716,0.000507021206431,0.000120156364574,0.0000875035184436,0.000180867471499]},"erbbands_crest":{"dmean":2.11881804466,"dmean2":3.53025531769,"dvar":4.29162549973,"dvar2":10.8917236328,"max":28.7012119293,"mean":7.07185697556,"median":6.22536182404,"min":2.64230632782,"var":9.27212238312},"erbbands_flatness_db":{"dmean":0.02511292696,"dmean2":0.0397929698229,"dvar":0.000486449163873,"dvar2":0.00127998075914,"max":0.296152323484,"mean":0.162034630775,"median":0.162842199206,"min":0.0511029101908,"var":0.00124778703321},"erbbands_kurtosis":{"dmean":0.811587333679,"dmean2":1.32319331169,"dvar":2.1797978878,"dvar2":5.61850070953,"max":42.4882545471,"mean":0.131162434816,"median":-0.317768424749,"min":-1.86997175217,"var":4.24081277847},"erbbands_skewness":{"dmean":0.334658443928,"dmean2":0.53075170517,"dvar":0.09753177315,"dvar2":0.233535662293,"max":4.66538286209,"mean":0.0538282804191,"median":-0.072964809835,"min":-4.96609449387,"var":0.605780005455},"erbbands_spread":{"dmean":5.99788618088,"dmean2":9.78965854645,"dvar":36.7629852295,"dvar2":92.6420516968,"max":188.051101685,"mean":30.7392120361,"median":28.4177284241,"min":3.69271945953,"var":175.560012817},"gfcc":{"cov":[[16937.5488281,1005.21942139,-2389.80395508,-545.957519531,401.096893311,-528.991882324,177.436141968,-326.998138428,314.703186035,-160.748931885,47.9449691772,-29.6266517639,119.005493164],[1005.21942139,851.500305176,-131.722412109,-200.897338867,201.188262939,-131.472610474,39.64868927,-67.1841506958,66.2018585205,-88.2431869507,15.9868602753,-55.4728126526,54.5543060303],[-2389.80395508,-131.722412109,840.583435059,252.814071655,-181.865768433,262.935943604,-102.129447937,145.800369263,-110.462409973,51.1855621338,-32.7062759399,8.23709964752,-26.2152767181],[-545.957519531,-200.897338867,252.814071655,319.723175049,-35.8912582397,89.421836853,11.5102424622,49.6342926025,-50.5302467346,42.0005912781,-23.1508674622,27.9355125427,-22.3675823212],[401.096893311,201.188262939,-181.865768433,-35.8912582397,238.235443115,-65.2665863037,67.6806335449,-40.7659072876,47.1408004761,-42.9469451904,23.4083938599,-17.6480636597,27.6814117432],[-528.991882324,-131.472610474,262.935943604,89.421836853,-65.2665863037,204.074829102,-46.8039207458,78.8084487915,-45.9427604675,27.5237808228,-13.8605890274,11.4886789322,-20.9043045044],[177.436141968,39.64868927,-102.129447937,11.5102424622,67.6806335449,-46.8039207458,137.310256958,-33.5850410461,46.8219528198,-6.88145446777,8.88210582733,1.11484611034,-3.61986112595],[-326.998138428,-67.1841506958,145.800369263,49.6342926025,-40.7659072876,78.8084487915,-33.5850410461,113.625221252,-12.2251520157,20.3499984741,-2.5440325737,3.84270453453,-6.68537902832],[314.703186035,66.2018585205,-110.462409973,-50.5302467346,47.1408004761,-45.9427604675,46.8219528198,-12.2251520157,79.7436676025,9.08174419403,14.5888328552,-1.92301630974,4.82048559189],[-160.748931885,-88.2431869507,51.1855621338,42.0005912781,-42.9469451904,27.5237808228,-6.88145446777,20.3499984741,9.08174419403,59.4481239319,12.5608568192,13.6072835922,-4.44094944],[47.9449691772,15.9868602753,-32.7062759399,-23.1508674622,23.4083938599,-13.8605890274,8.88210582733,-2.5440325737,14.5888328552,12.5608568192,46.8262825012,19.3706035614,4.6737575531],[-29.6266517639,-55.4728126526,8.23709964752,27.9355125427,-17.6480636597,11.4886789322,1.11484611034,3.84270453453,-1.92301630974,13.6072835922,19.3706035614,45.0677871704,8.67971611023],[119.005493164,54.5543060303,-26.2152767181,-22.3675823212,27.6814117432,-20.9043045044,-3.61986112595,-6.68537902832,4.82048559189,-4.44094944,4.6737575531,8.67971611023,57.1139526367]],"icov":[[0.000137597438879,-0.000248646974796,0.000655624840874,-0.000401149853133,0.000413403002312,-0.000441773474449,0.000161005416885,-0.0000156430105562,-0.000245209463174,0.000263478752458,-0.000236044332269,0.000241836387431,-0.000235310202697],[-0.000248646974796,0.00260295253247,-0.00204650545493,0.00165772496257,-0.00198892154731,0.0016256282106,-0.000131172841066,0.000457063753856,-0.000768590718508,0.00131571502425,-0.00014715945872,0.000909263617359,-0.000613144016825],[0.000655624840874,-0.00204650545493,0.00641797482967,-0.00418870151043,0.00417972309515,-0.00491910427809,0.00112850673031,-0.00112054788042,-0.000226178701269,0.00169347960036,-0.00298659969121,0.00346533535048,-0.00212321663275],[-0.000401149853133,0.00165772496257,-0.00418870151043,0.00894174259156,-0.00520572485402,0.00312943011522,-0.00307129370049,-0.00113420153502,0.0054565728642,-0.00710780499503,0.00837019551545,-0.00758102629334,0.00362665322609],[0.000413403002312,-0.00198892154731,0.00417972309515,-0.00520572485402,0.0115548139438,-0.00400639837608,-0.000854525424074,0.000731456559151,-0.00464570056647,0.00858434196562,-0.00990600511432,0.00832037627697,-0.00551127502695],[-0.000441773474449,0.0016256282106,-0.00491910427809,0.00312943011522,-0.00400639837608,0.0123910820112,-0.00023392883304,-0.00374973076396,0.00377816613764,-0.00430194474757,0.00529615487903,-0.00533482665196,0.00408270861953],[0.000161005416885,-0.000131172841066,0.00112850673031,-0.00307129370049,-0.000854525424074,-0.00023392883304,0.0119203655049,0.00238560675643,-0.00737938191742,0.0030124951154,-0.00123413244728,-0.000103101490822,0.00144200830255],[-0.0000156430105562,0.000457063753856,-0.00112054788042,-0.00113420153502,0.000731456559151,-0.00374973076396,0.00238560675643,0.0137671316043,-0.00397832412273,0.000743757293094,-0.00248908018693,0.00235451781191,-0.00108729931526],[-0.000245209463174,-0.000768590718508,-0.000226178701269,0.0054565728642,-0.00464570056647,0.00377816613764,-0.00737938191742,-0.00397832412273,0.0264367181808,-0.0139523204416,0.00448996340856,-0.00385285099037,0.00288125826046],[0.000263478752458,0.00131571502425,0.00169347960036,-0.00710780499503,0.00858434196562,-0.00430194474757,0.0030124951154,0.000743757293094,-0.0139523204416,0.0349574908614,-0.0166433472186,0.00719588622451,-0.00510508054867],[-0.000236044332269,-0.00014715945872,-0.00298659969121,0.00837019551545,-0.00990600511432,0.00529615487903,-0.00123413244728,-0.00248908018693,0.00448996340856,-0.0166433472186,0.0428090654314,-0.024586899206,0.00746987527236],[0.000241836387431,0.000909263617359,0.00346533535048,-0.00758102629334,0.00832037627697,-0.00533482665196,-0.000103101490822,0.00235451781191,-0.00385285099037,0.00719588622451,-0.024586899206,0.0425000227988,-0.0120290629566],[-0.000235310202697,-0.000613144016825,-0.00212321663275,0.00362665322609,-0.00551127502695,0.00408270861953,0.00144200830255,-0.00108729931526,0.00288125826046,-0.00510508054867,0.00746987527236,-0.0120290629566,0.0237368363887]],"mean":[-19.7846622467,134.880523682,-84.4752120972,-3.1392724514,-1.88545227051,-4.99068975449,-11.7467384338,-9.38903808594,-1.38777089119,-8.24565505981,-7.47515535355,-5.82827568054,0.871663689613]},"hfc":{"dmean":31.0956821442,"dmean2":51.1350364685,"dvar":1182.79907227,"dvar2":3119.7265625,"max":627.513793945,"mean":122.997543335,"median":109.605407715,"min":1.11189988516e-16,"var":6786.31103516},"melbands":{"dmean":[0.00610744021833,0.00386761059053,0.0010830827523,0.000784525647759,0.000517989916261,0.000298661645502,0.000188064499525,0.000133623965667,0.000118609874335,0.000128265033709,0.0000946014333749,0.0000920030433917,0.000066247615905,0.0000489944868605,0.0000431274638686,0.0000407520165027,0.0000418734416598,0.0000341871018463,0.0000291162559733,0.0000312557458528,0.0000163696604432,0.00000752639289203,0.00000572976523472,0.00000281798111246,0.00000153067219344,9.69869915934e-7,9.01610349047e-7,5.91714808706e-7,3.46718167066e-7,5.64665583624e-7,4.19500651105e-7,1.7699872501e-7,1.35136232871e-7,1.04665140555e-7,8.370164295e-8,6.70671980174e-8,6.79071945342e-8,4.2596141725e-8,3.62148853128e-8,3.17176400699e-8],"dmean2":[0.0106027415022,0.00655324757099,0.00183048669714,0.00129977287725,0.000860589265358,0.000493612024002,0.00031436709105,0.00022309581982,0.000200614143978,0.000214183412027,0.000158234339324,0.00015504390467,0.000112049776362,0.0000821942157927,0.0000730028768885,0.0000684284677845,0.0000710179083399,0.000057155128161,0.0000485830350954,0.0000513304912602,0.0000270862055913,0.0000124090920508,0.00000954745610215,0.00000462641082777,0.00000248229980571,0.00000156283169872,0.00000145093338233,9.41993732795e-7,5.49670630789e-7,9.20539775962e-7,6.80913103679e-7,2.78812535726e-7,2.12504957631e-7,1.6557154936e-7,1.36863405942e-7,1.11341286413e-7,1.1239809794e-7,7.14807271152e-8,6.10524466538e-8,5.33950874626e-8],"dvar":[0.0000934968993533,0.0000225458643399,0.00000208056303563,0.00000127046234866,0.00000107043001663,2.98970860513e-7,9.02025263372e-8,6.10130612699e-8,3.47280142421e-8,5.97209606212e-8,3.13827399623e-8,2.91346839987e-8,1.40480684863e-8,6.92118096168e-9,5.57781332233e-9,5.22149834481e-9,5.88418025416e-9,3.45059514295e-9,2.13160644691e-9,2.99194735653e-9,6.82329803769e-10,1.39691785916e-10,8.94971527443e-11,1.94805057502e-11,5.56520541456e-12,2.49810155201e-12,8.01519788041e-12,3.05619982446e-12,3.14751154827e-13,2.01814398526e-11,9.9225272096e-12,2.55483243068e-13,9.29422622306e-14,3.67917840833e-14,2.85279205857e-14,1.87881665521e-14,8.61193169728e-14,4.72168521458e-15,3.37515926767e-15,2.60945482412e-15],"dvar2":[0.000262485147687,0.0000609183080087,0.00000572282397115,0.00000335949198416,0.00000282751193481,7.69759083141e-7,2.38039689293e-7,1.50256965981e-7,9.40395779025e-8,1.56006024099e-7,8.40371043864e-8,8.00512651722e-8,3.91773866681e-8,1.87679862762e-8,1.52328212266e-8,1.40784077729e-8,1.67981877297e-8,9.58886747782e-9,5.83008841204e-9,7.97746846359e-9,1.87888127279e-9,3.76441100514e-10,2.50934550916e-10,5.08622380324e-11,1.47604099082e-11,6.23433596414e-12,2.11237798087e-11,7.84847100505e-12,7.65660321603e-13,5.24524902679e-11,2.39334229518e-11,6.33479867954e-13,2.25571202884e-13,8.3256447255e-14,7.19443222445e-14,4.86153509756e-14,2.20638082999e-13,1.21173746696e-14,8.7407150948e-15,6.77136730408e-15],"max":[0.101131290197,0.0469987206161,0.0172242932022,0.021445190534,0.0292155016214,0.0231920145452,0.00704135093838,0.0110625326633,0.00524459034204,0.00548268062994,0.00486585078761,0.00476867100224,0.00285750464536,0.00165437115356,0.00183682120405,0.00295119034126,0.00183298974298,0.00132008444052,0.000762280542403,0.00118503067642,0.000445692276116,0.000238842680119,0.000167109916219,0.000117886120279,0.0000563899775443,0.0000413534035033,0.000144510006066,0.0000727838414605,0.000014711449694,0.00018392461061,0.000118397103506,0.0000181740851986,0.00000876896046975,0.00000294964274872,0.00000494809000884,0.00000408402638641,0.0000116399451144,7.64956837429e-7,6.77607602029e-7,5.97065763941e-7],"mean":[0.00748019525781,0.00568330753595,0.00177465076558,0.00121373613365,0.000807913311291,0.000490326492582,0.000302200467559,0.000213515959331,0.000196587381652,0.000212930506677,0.000160348645295,0.000152274486027,0.000116869421618,0.0000883168540895,0.0000792664650362,0.0000762494673836,0.000078123935964,0.0000677327770973,0.0000588225630054,0.0000622062361799,0.0000334621036018,0.0000167501475516,0.0000119895103126,0.000006050421689,0.00000327912425746,0.00000201671355171,0.00000168879535067,0.00000109760014766,6.81392350543e-7,7.45977160932e-7,5.62591708331e-7,2.66338275878e-7,1.92913930164e-7,1.3767606788e-7,9.74057741132e-8,7.17012937912e-8,6.79471554577e-8,4.20028101189e-8,3.47908191145e-8,3.04157232733e-8],"median":[0.00432729022577,0.00395266804844,0.00124711194076,0.000780416303314,0.000413404981373,0.000272658973699,0.000174028697074,0.000110494096589,0.000108094187453,0.000108360407467,0.000087725748017,0.0000800112466095,0.0000581641797908,0.0000460810588265,0.0000401130819228,0.0000399506025133,0.0000395524584746,0.0000323155618389,0.0000335280383297,0.0000329564354615,0.0000192162460735,0.00000898246071301,0.00000596794870944,0.00000331016417476,0.00000173902708411,0.00000101030286714,7.71735699345e-7,4.90035233724e-7,3.10766182565e-7,2.55304428265e-7,1.86862436635e-7,1.16839963482e-7,8.02862345495e-8,5.4809188299e-8,3.92645453928e-8,2.90350961052e-8,2.2665522792e-8,1.69131393335e-8,1.362394908e-8,1.17772094299e-8],"min":[1.66157200543e-24,9.44954291651e-25,8.12784788501e-25,1.00612513004e-24,1.93289598061e-24,1.81874268003e-24,1.9618791247e-24,3.61602992116e-24,2.2789274501e-24,2.84816435171e-24,1.25764366752e-24,2.43518146834e-24,2.15571013772e-24,1.61022287974e-24,2.4095484193e-24,2.81350535341e-24,2.97625347183e-24,4.58273202328e-24,3.78334810802e-24,3.23667992526e-24,4.93540530717e-24,4.10520848494e-24,3.83761621627e-24,3.90860857014e-24,5.45015006403e-24,3.66741198179e-24,4.44295375949e-24,5.30269381704e-24,5.73086542829e-24,6.43848628205e-24,5.80047057026e-24,6.94407275823e-24,4.82880653304e-24,5.82276338501e-24,7.00019863392e-24,6.36492894694e-24,5.54765761065e-24,6.00571995046e-24,6.14879604727e-24,7.27223416164e-24],"var":[0.0000934293784667,0.0000321445877489,0.00000328755140799,0.00000207649213735,0.00000208073925023,5.76992590595e-7,1.70287364654e-7,1.1966368163e-7,7.17690582519e-8,1.14345205304e-7,5.4833471097e-8,4.98088787992e-8,2.78831677747e-8,1.50130077259e-8,1.20816778804e-8,1.12365432514e-8,1.18418439499e-8,8.47057002318e-9,5.34186250789e-9,7.38741201545e-9,1.70611946793e-9,4.57717724833e-10,2.56819232547e-10,5.68905547671e-11,1.78975861909e-11,7.622534548e-12,9.37631829817e-12,4.01011949341e-12,9.62935568956e-13,1.65823049736e-11,9.54905512301e-12,2.96133235121e-13,1.25327008428e-13,5.8456494853e-14,3.23491640376e-14,1.84823097311e-14,7.61129034148e-14,4.84116852915e-15,3.37188146192e-15,2.60434467435e-15]},"melbands_crest":{"dmean":4.39219665527,"dmean2":7.47854566574,"dvar":13.7470617294,"dvar2":39.1188621521,"max":34.8111000061,"mean":16.8488788605,"median":16.7652378082,"min":1.00084173679,"var":32.9883842468},"melbands_flatness_db":{"dmean":0.0429253615439,"dmean2":0.0711195394397,"dvar":0.00137803785037,"dvar2":0.00381812918931,"max":0.665369093418,"mean":0.311786800623,"median":0.301575124264,"min":-1.12172443778e-7,"var":0.00640662852675},"melbands_kurtosis":{"dmean":12.2686872482,"dmean2":20.7320804596,"dvar":386.420471191,"dvar2":1071.38623047,"max":364.263397217,"mean":22.5326499939,"median":11.2397403717,"min":-1.62669873238,"var":992.616882324},"melbands_skewness":{"dmean":0.978455424309,"dmean2":1.63151526451,"dvar":0.934091091156,"dvar2":2.58297491074,"max":16.6929283142,"mean":3.38061380386,"median":2.96627283096,"min":-2.31926941872,"var":3.69304180145},"melbands_spread":{"dmean":4.19839334488,"dmean2":7.02480649948,"dvar":36.2058143616,"dvar2":92.924331665,"max":281.231201172,"mean":13.0439815521,"median":9.96463871002,"min":0.371986180544,"var":240.587387085},"mfcc":{"cov":[[9032.74023438,1074.94836426,-1736.19970703,-84.8559188843,-183.033126831,-8.80053710938,-287.892120361,-1.05136394501,-47.1358642578,12.3195104599,1.38318896294,3.85388302803,51.7870903015],[1074.94836426,1224.85717773,-331.262969971,-41.6898803711,97.9762039185,-24.850189209,-35.2845230103,6.618704319,28.4813632965,3.85724258423,-11.774939537,-40.1876182556,6.58670043945],[-1736.19970703,-331.262969971,954.830993652,23.0999717712,91.6529312134,33.7829170227,103.890335083,28.0390377045,22.4773731232,22.7129325867,2.93794488907,4.54023313522,-15.2753543854],[-84.8559188843,-41.6898803711,23.0999717712,233.625732422,9.95701694489,38.5705871582,32.1450691223,10.6633777618,18.5737915039,2.30641150475,-6.06119203568,11.4185743332,-1.32744586468],[-183.033126831,97.9762039185,91.6529312134,9.95701694489,157.935745239,10.9483919144,42.9061088562,21.1420898438,12.1636152267,4.42985343933,-1.06007421017,-11.9682598114,8.50123977661],[-8.80053710938,-24.850189209,33.7829170227,38.5705871582,10.9483919144,102.496917725,28.1800785065,14.0845212936,6.24099636078,6.44611358643,-1.11320710182,9.1484670639,0.159035742283],[-287.892120361,-35.2845230103,103.890335083,32.1450691223,42.9061088562,28.1800785065,80.1020965576,28.9622783661,12.0880537033,0.540221869946,1.56950974464,3.72604513168,-0.783971488476],[-1.05136394501,6.618704319,28.0390377045,10.6633777618,21.1420898438,14.0845212936,28.9622783661,66.457321167,13.1503725052,7.44286584854,12.398976326,5.26378679276,-0.463981568813],[-47.1358642578,28.4813632965,22.4773731232,18.5737915039,12.1636152267,6.24099636078,12.0880537033,13.1503725052,52.6261901855,23.1582679749,-2.07950663567,-0.50797700882,-0.532750368118],[12.3195104599,3.85724258423,22.7129325867,2.30641150475,4.42985343933,6.44611358643,0.540221869946,7.44286584854,23.1582679749,45.0514755249,14.1716756821,0.670335710049,3.77463984489],[1.38318896294,-11.774939537,2.93794488907,-6.06119203568,-1.06007421017,-1.11320710182,1.56950974464,12.398976326,-2.07950663567,14.1716756821,50.0022506714,24.1563396454,0.494868308306],[3.85388302803,-40.1876182556,4.54023313522,11.4185743332,-11.9682598114,9.1484670639,3.72604513168,5.26378679276,-0.50797700882,0.670335710049,24.1563396454,43.7927360535,8.62289810181],[51.7870903015,6.58670043945,-15.2753543854,-1.32744586468,8.50123977661,0.159035742283,-0.783971488476,-0.463981568813,-0.532750368118,3.77463984489,0.494868308306,8.62289810181,38.349609375]],"icov":[[0.000191370971152,-0.0000922103499761,0.000285088317469,0.00000658260432829,0.0000410109823861,-0.000149074141518,0.000382167869247,-0.000291385978926,0.000226466363529,-0.000297009566566,0.000193584695808,-0.000174927190528,-0.0000637766934233],[-0.0000922103499761,0.00110453611705,0.000274109595921,0.000139437674079,-0.000938650977332,0.0000832855366752,0.000310701725539,0.000023052421966,-0.000897541816812,0.000401627650717,-0.000308213784592,0.000800336827524,0.0000352061142621],[0.000285088317469,0.000274109595921,0.00186748965643,0.000188747435459,-0.000731433799956,-0.000128121013404,-0.000860073021613,-0.000192154955585,0.000292703130981,-0.00134279462509,0.00070062361192,-0.000598059850745,0.000722760509234],[0.00000658260432829,0.000139437674079,0.000188747435459,0.00492256134748,-0.0000852144148666,-0.00126024021301,-0.00144528155215,0.000210739526665,-0.00145909178536,0.000136441754876,0.00128401967231,-0.00167076406069,0.000535257568117],[0.0000410109823861,-0.000938650977332,-0.000731433799956,-0.0000852144148666,0.00901009049267,-0.0000923785264604,-0.00392116606236,-0.000708006846253,-0.000482235074742,0.000712120556273,-0.00165646721143,0.00365104712546,-0.00315048499033],[-0.000149074141518,0.0000832855366752,-0.000128121013404,-0.00126024021301,-0.0000923785264604,0.0118861636147,-0.00374058820307,-0.000849268399179,0.0014717070153,-0.00310987047851,0.00309530552477,-0.00350635591894,0.00105179345701],[0.000382167869247,0.000310701725539,-0.000860073021613,-0.00144528155215,-0.00392116606236,-0.00374058820307,0.021946053952,-0.00680514005944,-0.00243392121047,0.00338943651877,0.0000753732165322,-0.000761771108955,0.0000918853183975],[-0.000291385978926,0.000023052421966,-0.000192154955585,0.000210739526665,-0.000708006846253,-0.000849268399179,-0.00680514005944,0.0201559159905,-0.00415214709938,0.00104608852416,-0.00585562968627,0.00127577909734,0.000213557010284],[0.000226466363529,-0.000897541816812,0.000292703130981,-0.00145909178536,-0.000482235074742,0.0014717070153,-0.00243392121047,-0.00415214709938,0.0299916025251,-0.0182041861117,0.00982814840972,-0.0056652831845,0.00327066658065],[-0.000297009566566,0.000401627650717,-0.00134279462509,0.000136441754876,0.000712120556273,-0.00310987047851,0.00338943651877,0.00104608852416,-0.0182041861117,0.0381330437958,-0.0169073157012,0.0107322456315,-0.00646224012598],[0.000193584695808,-0.000308213784592,0.00070062361192,0.00128401967231,-0.00165646721143,0.00309530552477,0.0000753732165322,-0.00585562968627,0.00982814840972,-0.0169073157012,0.0377090014517,-0.0228877700865,0.00686047412455],[-0.000174927190528,0.000800336827524,-0.000598059850745,-0.00167076406069,0.00365104712546,-0.00350635591894,-0.000761771108955,0.00127577909734,-0.0056652831845,0.0107322456315,-0.0228877700865,0.040262401104,-0.010884928517],[-0.0000637766934233,0.0000352061142621,0.000722760509234,0.000535257568117,-0.00315048499033,0.00105179345701,0.0000918853183975,0.000213557010284,0.00327066658065,-0.00646224012598,0.00686047412455,-0.010884928517,0.0302013102919]],"mean":[-680.745788574,193.973434448,-14.2089490891,23.5738372803,19.7562026978,16.26770401,2.29967451096,6.48719549179,8.16586112976,3.84328913689,-1.01732778549,0.150043427944,0.551674008369]},"pitch_salience":{"dmean":0.100835077465,"dmean2":0.171095341444,"dvar":0.00720717711374,"dvar2":0.0205574519932,"max":0.996091663837,"mean":0.554387271404,"median":0.572777211666,"min":0.102909661829,"var":0.0170035194606},"silence_rate_20dB":{"dmean":0,"dmean2":0,"dvar":0,"dvar2":0,"max":1,"mean":1,"median":1,"min":1,"var":0},"silence_rate_30dB":{"dmean":0.11691147089,"dmean2":0.233846157789,"dvar":0.103243179619,"dvar2":0.219459891319,"max":1,"mean":0.865138411522,"median":1,"min":0,"var":0.116673924029},"silence_rate_60dB":{"dmean":0.00337435491383,"dmean2":0.00674937944859,"dvar":0.00336296856403,"dvar2":0.00729935895652,"max":1,"mean":0.0387019962072,"median":0,"min":0,"var":0.0372041501105},"spectral_centroid":{"dmean":145.27986145,"dmean2":235.206390381,"dvar":36963.4023438,"dvar2":84478.2421875,"max":11661.546875,"mean":789.716186523,"median":709.973144531,"min":119.906211853,"var":694778.4375},"spectral_complexity":{"dmean":2.85668921471,"dmean2":4.48674917221,"dvar":6.77521419525,"dvar2":14.4868469238,"max":44,"mean":21.1227550507,"median":23,"min":0,"var":104.393684387},"spectral_contrast_coeffs":{"dmean":[0.0554079264402,0.047283641994,0.0360305681825,0.0263719875365,0.0277154222131,0.0305132158101],"dmean2":[0.0940184667706,0.0800721794367,0.0611201152205,0.0445431284606,0.0454848334193,0.0483927726746],"dvar":[0.00185862346552,0.00134603132028,0.000799187051598,0.00043603265658,0.000606275163591,0.000937263830565],"dvar2":[0.00534858321771,0.00385960401036,0.00225617759861,0.00120383105241,0.00159812509082,0.0023383856751],"max":[-0.40016412735,-0.452695310116,-0.551996827126,-0.590596020222,-0.670822560787,-0.52714818716],"mean":[-0.686782419682,-0.783730983734,-0.81574845314,-0.823753893375,-0.808114945889,-0.803782939911],"median":[-0.689814329147,-0.787377238274,-0.818780124187,-0.823846459389,-0.797108829021,-0.81956744194],"min":[-0.993338763714,-0.999190092087,-0.998558759689,-0.988408327103,-0.987827301025,-0.963954269886],"var":[0.00460218545049,0.00326826889068,0.0024450912606,0.00186994893011,0.00287707080133,0.00367583613843]},"spectral_contrast_valleys":{"dmean":[0.384882330894,0.359585106373,0.308609485626,0.271941572428,0.361740171909,0.711678385735],"dmean2":[0.643349587917,0.595679879189,0.498658508062,0.426737993956,0.559867501259,1.13069415092],"dvar":[0.105114556849,0.0989253893495,0.0839574411511,0.0848415270448,0.16747289896,0.339479267597],"dvar2":[0.260475844145,0.231756672263,0.175914809108,0.160873010755,0.396346867085,0.921265423298],"max":[-4.65107488632,-4.5983376503,-4.94964742661,-5.16564178467,-6.24439144135,-8.94131469727],"mean":[-6.36691331863,-6.40057992935,-6.8579044342,-7.18468570709,-8.16244029999,-11.1796483994],"median":[-6.12053108215,-6.08766460419,-6.51688575745,-6.77980041504,-7.84805345535,-11.0028581619],"min":[-28.1787261963,-28.0585746765,-27.7475280762,-27.6835308075,-27.4997215271,-27.3662509918],"var":[3.06153512001,3.30049681664,3.39287567139,3.56765246391,3.04347467422,2.27341413498]},"spectral_decrease":{"dmean":6.91199719682e-9,"dmean2":1.15023377489e-8,"dvar":8.22197147147e-17,"dvar2":2.19062148978e-16,"max":4.47107212365e-10,"mean":-1.38900571045e-8,"median":-1.13778710897e-8,"min":-9.30015602307e-8,"var":1.23323973714e-16},"spectral_energy":{"dmean":0.0259059462696,"dmean2":0.0430081933737,"dvar":0.00114220345858,"dvar2":0.00303757097572,"max":0.360925108194,"mean":0.0635805428028,"median":0.0562632977962,"min":1.01660578062e-20,"var":0.00188110000454},"spectral_energyband_high":{"dmean":0.0000767210294725,"dmean2":0.000121451448649,"dvar":4.28010977771e-8,"dvar2":1.0408489004e-7,"max":0.00713517330587,"mean":0.000192251914996,"median":0.000110294720798,"min":7.12785411246e-21,"var":6.99269264715e-8},"spectral_energyband_low":{"dmean":0.0242504514754,"dmean2":0.0411292351782,"dvar":0.00111162790563,"dvar2":0.00303543661721,"max":0.33386182785,"mean":0.0377871654928,"median":0.026753462851,"min":2.00473774046e-23,"var":0.00139164563734},"spectral_energyband_middle_high":{"dmean":0.00165331421886,"dmean2":0.00259139412083,"dvar":0.00000488835621582,"dvar2":0.0000126315999296,"max":0.0454214252532,"mean":0.00622904067859,"median":0.00437193131074,"min":1.21678601321e-21,"var":0.0000389603046642},"spectral_energyband_middle_low":{"dmean":0.00583883421496,"dmean2":0.00958554353565,"dvar":0.0000547133240616,"dvar2":0.000146001839312,"max":0.127170979977,"mean":0.015502249822,"median":0.0123805627227,"min":1.80800229936e-22,"var":0.000172561194631},"spectral_entropy":{"dmean":0.21452242136,"dmean2":0.340589702129,"dvar":0.0538261570036,"dvar2":0.137735709548,"max":9.82050609589,"mean":7.2262339592,"median":7.30279922485,"min":5.06597948074,"var":0.193711310625},"spectral_flux":{"dmean":0.0365787670016,"dmean2":0.0590428970754,"dvar":0.00166847126093,"dvar2":0.00376284006052,"max":0.521965324879,"mean":0.14065310359,"median":0.13441285491,"min":6.41361547205e-11,"var":0.00433445116505},"spectral_kurtosis":{"dmean":7.86833763123,"dmean2":12.6345558167,"dvar":79.1894836426,"dvar2":210.706100464,"max":119.388267517,"mean":24.2333049774,"median":22.5505180359,"min":-1.25805783272,"var":153.061126709},"spectral_rms":{"dmean":0.00147947692312,"dmean2":0.00241527007893,"dvar":0.00000235836978391,"dvar2":0.00000608344089414,"max":0.0187649149448,"mean":0.00738362735137,"median":0.00740884756669,"min":3.14930243342e-12,"var":0.00000751184461478},"spectral_rolloff":{"dmean":3620.23657227,"dmean2":7037.52539062,"dvar":52464644,"dvar2":138307536,"max":21985.4003906,"mean":4790.05517578,"median":968.994140625,"min":64.599609375,"var":63689224},"spectral_skewness":{"dmean":0.496937394142,"dmean2":0.784973084927,"dvar":0.314717292786,"dvar2":0.818394243717,"max":8.32397842407,"mean":3.3408844471,"median":3.2661921978,"min":-0.0851992070675,"var":0.84077745676},"spectral_spread":{"dmean":608843.5625,"dmean2":981432.4375,"dvar":501051981824,"dvar2":1139541016580,"max":41781012,"mean":3283310.75,"median":2837457.75,"min":879062.0625,"var":8449440612350},"spectral_strongpeak":{"dmean":0.877763926983,"dmean2":1.63876128197,"dvar":34.8211975098,"dvar2":97.2219467163,"max":124.287094116,"mean":0.801160097122,"median":0.294923186302,"min":0,"var":26.6320323944},"zerocrossingrate":{"dmean":0.0333763211966,"dmean2":0.0446678251028,"dvar":0.00082798890071,"dvar2":0.00144661183003,"max":0.52490234375,"mean":0.181220322847,"median":0.173828125,"min":0.0087890625,"var":0.00622261641547}},"metadata":{"audio_properties":{"analysis_sample_rate":44100,"bit_rate":320000,"codec":"mp3","downmix":"mix","equal_loudness":0,"length":233.953720093,"lossless":false,"md5_encoded":"fc77d35dda8ebb1e807505c7ccb8353e","replay_gain":0.2751121521,"sample_rate":44100},"tags":{"acoustid_id":["7a9fac50-2e91-4d7f-a981-218a2018a6a7"],"album":["Beat the Devil’s Tattoo"],"albumartist":["Black Rebel Motorcycle Club"],"artist":["Black Rebel Motorcycle Club"],"date":["2010"],"discnumber":["1/1"],"file_name":"08 - Black Rebel Motorcycle Club - River Styx.mp3","musicbrainz_albumartistid":["32b90c92-9978-4a07-90eb-caa4b22f4907"],"musicbrainz_albumid":["2be4297a-4afd-436b-9afd-95cc326ab950"],"musicbrainz_artistid":["32b90c92-9978-4a07-90eb-caa4b22f4907"],"musicbrainz_recordingid":["83b7e192-4445-4261-adf9-36eacf67c72b"],"musicbrainz_releasegroupid":["78a9a4c1-8091-4b3f-afc5-5840fa054a34"],"replaygain_album_gain":["+0.15 dB"],"replaygain_album_peak":["0.270024"],"replaygain_track_gain":["-0.29 dB"],"replaygain_track_peak":["0.259205"],"title":["River Styx"],"tracknumber":["8/15"]},"version":{"essentia":"2.1-beta1","essentia_build_sha":"e76a03f03bb3900de42a1fa0d9be1e72f12def64","essentia_git_sha":"v2.1_beta1-28-g21ef5f4-dirty","extractor":"music 1.0"}},"rhythm":{"beats_count":471,"beats_loudness":{"dmean":0.0356728769839,"dmean2":0.063271522522,"dvar":0.00108023546636,"dvar2":0.00328007573262,"max":0.245254382491,"mean":0.0860535949469,"median":0.0827810242772,"min":0,"var":0.00171055435203},"beats_loudness_band_ratio":{"dmean":[0.130773216486,0.0728052034974,0.0370717719197,0.0328062735498,0.0243517812341,0.0344221368432],"dmean2":[0.224705561996,0.12929391861,0.0644263401628,0.0581353083253,0.0435907095671,0.060864996165],"dvar":[0.0107433656231,0.00524134654552,0.00165838096291,0.00131296936888,0.000469990394777,0.0025700724218],"dvar2":[0.0308405701071,0.0143637675792,0.00438739964738,0.00367057858966,0.