{"lowlevel":{"average_loudness":0.586989164352,"barkbands":{"dmean":[0.0000075809439295,0.000355673051672,0.000678167096339,0.00123089528643,0.00190128188115,0.00177708442789,0.000921464990824,0.00127091142349,0.000690016255248,0.000635446398519,0.000457745103631,0.000329761445755,0.000355203927029,0.000303469336359,0.000179748181836,0.0000850247306516,0.000100057142845,0.0000599501217948,0.0000499865200254,0.0000397147196054,0.0000228495664487,0.0000324838692904,0.0000226479260164,0.0000208449237107,0.0000210381167562,0.00000541261169928,0.00000109596544462],"dmean2":[0.0000118140596896,0.000614608521573,0.00112517480738,0.00200098915957,0.00298772053793,0.00282135838643,0.00142407906242,0.00191881833598,0.00106620125007,0.000923463725485,0.000704934180249,0.000510835088789,0.000544342794456,0.000463010306703,0.00026828009868,0.000130848551635,0.000153875851538,0.0000882850363269,0.0000764166397857,0.0000597629950789,0.0000340443912137,0.0000483344301756,0.0000336762459483,0.0000310894538416,0.0000320377330354,0.00000822978199722,0.00000157835279424],"dvar":[4.69809469106e-10,0.00000107563573692,0.00000234685262512,0.00000737940763429,0.0000121756611406,0.0000117566123663,0.00000643086923446,0.0000133545918288,0.00000684855876898,0.00000506457899974,0.00000286699741991,9.60054308052e-7,0.00000180251242909,0.0000013588701222,3.91692822177e-7,1.4181306085e-7,1.97230505705e-7,3.85620779753e-8,4.43077681211e-8,1.50837244917e-8,5.96990279433e-9,6.27411811394e-9,4.34851088471e-9,7.04539804275e-9,1.24974643967e-8,5.11406916814e-10,9.47095353532e-12],"dvar2":[1.09498488055e-9,0.00000300353144667,0.0000062020653786,0.0000181302202691,0.0000299283437926,0.0000293693210551,0.0000142133976624,0.0000312649171974,0.0000158900020324,0.00000962052035902,0.00000712077826392,0.00000224274913307,0.00000392155470763,0.00000314285034619,8.65617721502e-7,3.33054060775e-7,5.39797895271e-7,7.61158105433e-8,1.07112413161e-7,3.41544961202e-8,1.29949633276e-8,1.47666039396e-8,9.75320091356e-9,1.65714553191e-8,2.92632815757e-8,1.24716625916e-9,2.1108389342e-11],"max":[0.000318885868182,0.0154400188476,0.0387964956462,0.0514025390148,0.068171530962,0.0678187385201,0.0581802353263,0.0849400237203,0.0889000892639,0.0924068391323,0.0532553382218,0.0428602807224,0.0653492063284,0.0330645926297,0.0201455838978,0.0169370155782,0.0185047145933,0.006906112656,0.00871899165213,0.00611116504297,0.00385477626696,0.00233324314468,0.00180585647468,0.00240951776505,0.0066079501994,0.000941764388699,0.0000673568138154],"mean":[0.00000940394147619,0.000529934186488,0.000972237554379,0.00173442298546,0.00365085527301,0.0029733129777,0.00144577131141,0.00196208828129,0.00109501404222,0.00109897740185,0.000710653781425,0.000512704078574,0.000570876523852,0.000476862711366,0.000293983350275,0.000177218433237,0.000162582669873,0.000103978527477,0.0000927442160901,0.0000770267506596,0.0000475775705127,0.0000558821266168,0.0000372977447114,0.0000336678494932,0.0000310200557578,0.00000750315666664,0.00000138358939239],"median":[5.55233043542e-7,0.000163556265761,0.000309058872517,0.000739838753361,0.00169729534537,0.00152396573685,0.000394517963286,0.000553493911866,0.000264640082605,0.000181200986844,0.0000907686480787,0.000129062653286,0.0000467281824967,0.0000512205879204,0.000030416636946,0.0000206019376492,0.0000192317165784,0.0000156933165272,0.000016270989363,0.0000158617185662,0.0000105798826553,0.0000138454743137,0.00000834518141346,0.00000560611761102,0.00000473455111205,0.00000106749985207,1.48627080421e-7],"min":[1.40580566891e-23,1.60704061485e-23,1.95153585661e-23,1.66430813003e-23,2.92505206035e-23,2.32792837354e-23,5.06257481268e-23,8.47035673558e-23,2.38649009392e-23,3.71523383427e-23,6.26441828574e-23,9.48538280015e-23,8.16206421402e-23,1.2704650317e-22,1.70658318594e-22,9.67709240842e-23,6.41444637705e-23,1.28134828296e-22,2.28824996373e-22,3.85144385931e-22,4.73668387718e-22,5.64808807625e-22,8.08248506186e-22,9.63517890324e-22,1.22781411196e-21,1.67722491325e-21,2.69463616503e-21],"var":[5.76310610345e-10,9.56191911428e-7,0.00000342985799762,0.000009087260878,0.0000246306299232,0.0000188685316971,0.0000114368767754,0.000023150445486,0.0000112661073217,0.0000146410184243,0.00000678769811202,0.00000217661568058,0.00000495489211971,0.00000322647360917,9.62594299381e-7,7.41817245853e-7,3.42029210287e-7,8.48612344839e-8,1.21549533105e-7,3.93424492984e-8,2.38050308354e-8,1.88343758367e-8,1.00678807513e-8,1.54733328372e-8,2.01852241588e-8,7.29909022112e-10,1.38742160122e-11]},"barkbands_crest":{"dmean":2.50820279121,"dmean2":4.05209636688,"dvar":5.16493320465,"dvar2":13.1553926468,"max":25.0374755859,"mean":10.5628099442,"median":9.85637950897,"min":2.43019366264,"var":14.9572954178},"barkbands_flatness_db":{"dmean":0.0228844676167,"dmean2":0.033479064703,"dvar":0.000464386714157,"dvar2":0.000955234165303,"max":0.357050985098,"mean":0.170347824693,"median":0.166647076607,"min":0.0449420176446,"var":0.00231976341456},"barkbands_kurtosis":{"dmean":3.77917218208,"dmean2":5.92208194733,"dvar":27.6641578674,"dvar2":64.9181213379,"max":91.1083450317,"mean":7.42852544785,"median":5.28296422958,"min":-1.89566361904,"var":69.1996154785},"barkbands_skewness":{"dmean":0.550846397877,"dmean2":0.834528267384,"dvar":0.299376666546,"dvar2":0.661162912846,"max":8.57434558868,"mean":1.81966149807,"median":1.78383088112,"min":-6.21999835968,"var":1.51824450493},"barkbands_spread":{"dmean":3.67078661919,"dmean2":5.64703321457,"dvar":37.7091369629,"dvar2":82.4856185913,"max":128.715744019,"mean":12.4605913162,"median":9.07186508179,"min":0.894920289516,"var":142.221908569},"dissonance":{"dmean":0.0266938582063,"dmean2":0.0440419428051,"dvar":0.000608339032624,"dvar2":0.00160216540098,"max":0.5,"mean":0.436999022961,"median":0.444436013699,"min":0.189049601555,"var":0.00159891298972},"dynamic_complexity":4.36056613922,"erbbands":{"dmean":[0.00747087830678,0.0959054902196,0.559111595154,2.64539265633,6.39137840271,5.55644178391,8.31832790375,16.5249176025,14.2177181244,17.090965271,29.6781005859,15.3058376312,16.9361019135,19.5371570587,16.2093296051,14.9424467087,14.0058746338,16.6971302032,10.6320924759,6.33575963974,4.80211496353,4.52745723724,3.58643603325,2.82056832314,2.23509097099,1.9363604784,1.13473832607,0.860863208771,1.18120586872,0.951769053936,0.608554601669,0.42345225811,0.373838037252,0.27500090003,0.12600158155,0.0375776849687,0.00745331589133,0.00139387475792,0.00020393950399,0.0000144988680404],"dmean2":[0.0122238388285,0.168689161539,0.934316813946,4.26048564911,10.1549415588,8.83317375183,13.4125490189,26.5341110229,21.8035144806,25.9706821442,44.8152275085,23.4725570679,24.3414173126,28.5176734924,24.8537044525,23.0862159729,21.2627429962,25.4291858673,15.5398740768,9.17701816559,7.21654987335,6.90938949585,5.33573102951,4.22487545013,3.32468652725,2.88015365601,1.68770039082,1.2674754858,1.76066303253,1.44672083855,0.902629077435,0.62272053957,0.564113497734,0.423967927694,0.192337453365,0.0568439029157,0.0112392865121,0.00205096928403,0.000296358019114,0.0000197579447558],"dvar":[0.0004947562702,0.0740656331182,1.60797023773,35.8632659912,195.193908691,113.933380127,330.441314697,1031.70739746,1212.99597168,2896.25268555,8429.71289063,3699.04882813,3586.17993164,4592.61816406,2699.09350586,2098.25415039,2710.80151367,3930.015625,1513.40588379,501.468139648,477.498352051,368.106109619,119.847808838,195.568084717,46.3453216553,40.124874115,18.9148235321,5.98497629166,8.34070587158,7.70936965942,3.63252854347,2.56041312218,2.71862339973,2.56387829781,0.356008708477,0.0271887890995,0.000824239570647,0.0000160022646014,4.21974192477e-7,7.25435822524e-10],"dvar2":[0.00125631643459,0.212126776576,4.25694942474,87.912651062,479.249664307,290.98626709,804.534729004,2631.38598633,2867.52148438,6167.40332031,20141.8007813,8779.70019531,6543.28759766,10552.8203125,6595.95166016,5013.25097656,5829.56445313,9466.04492188,3332.46166992,910.111694336,1148.30065918,1070.00585938,274.020446777,484.675231934,95.0452346802,92.7117004395,42.5244407654,14.1120653152,19.4640808105,19.5583343506,8.24354362488,5.89858388901,6.47243976593,6.01122140884,0.835567474365,0.0663606151938,0.00194096006453,0.0000374690825993,0.00000101556565824,1.39471356686e-9],"max":[0.313798695803,4.0472445488,31.5249080658,141.493835449,276.662994385,181.769485474,456.124145508,606.161437988,1072.3605957,1722.93518066,2321.2590332,2373.15869141,2574.5925293,2010.48278809,1621.04956055,2172.92749023,2815.88305664,1917.45605469,1274.8104248,1226.18066406,996.098083496,957.000427246,280.566375732,548.961364746,242.751937866,315.50491333,252.594726563,105.372146606,79.9304962158,90.3463516235,59.5824356079,66.8531646729,45.1350746155,96.4950942993,30.9848079681,6.83742284775,1.04767131805,0.128541275859,0.0201176833361,0.000595534744207],"mean":[0.01277275756,0.138827726245,0.851898491383,4.01431465149,11.2185335159,10.0547952652,12.9173583984,27.0597858429,23.6911087036,27.7025127411,46.5987205505,25.6834506989,29.4055194855,35.9164924622,26.5684185028,24.6853427887,24.0925140381,28.0354061127,18.1873836517,11.6465187073,10.6251344681,8.31642246246,6.66449975967,5.3536734581,4.33705329895,3.83229231834,2.26256775856,1.70392262936,2.07358336449,1.4815081358,1.03743994236,0.720195233822,0.568206965923,0.407049953938,0.177057057619,0.0529368668795,0.0101664159447,0.00180799176451,0.000260188971879,0.0000333417738148],"median":[0.00215733004734,0.0618544369936,0.331235468388,1.89868617058,3.48233270645,4.70855951309,5.6932516098,12.658531189,9.7247095108,9.02610206604,12.6582603455,7.68767309189,6.80108642578,5.04204273224,5.7154083252,5.65500736237,2.37977647781,3.62922525406,1.9060100317,1.59108245373,1.27382016182,1.10300683975,1.0305711031,0.819180846214,0.86225515604,0.828741312027,0.48287281394,0.426915109158,0.482955604792,0.356761574745,0.21369817853,0.126632973552,0.0922230035067,0.0602942854166,0.0249428153038,0.00758245121688,0.00136164599098,0.000214425002923,0.0000368289729522,0.0000182221847354],"min":[3.8679685389e-22,4.23655050614e-21,1.93293642993e-20,4.44538267231e-20,3.14476394369e-20,1.0796298024e-19,2.69287149152e-19,1.82071577659e-19,6.38512036864e-19,9.1044812853e-19,1.85238392105e-18,5.42551434387e-19,7.03353897902e-19,2.0884259059e-18,2.0232711638e-18,4.45330549869e-18,3.93582254825e-18,5.99991569566e-18,1.03144285594e-17,5.58964321083e-18,5.80810491932e-18,4.39647115957e-18,6.66875863613e-18,8.52886739013e-18,1.42452909191e-17,1.99852791693e-17,1.4555003884e-17,2.39495538355e-17,1.71533949094e-17,2.08006079381e-17,1.91556335585e-17,2.20571366476e-17,1.7543496595e-17,1.28718030069e-17,9.5191415497e-18,5.9577902822e-18,3.08220627729e-18,1.28155805746e-18,3.41430895348e-19,4.20709455605e-20],"var":[0.000608404632658,0.0634632483125,2.48438382149,46.1673736572,345.246490479,213.683502197,525.533447266,1700.08129883,2079.12304688,5492.37841797,14083.5830078,5664.41015625,8598.2890625,14360.1533203,6260.64257813,5131.83398438,8054.06835938,9311.20117188,3539.80957031,1803.57568359,2612.0637207,814.015686035,290.585113525,465.572998047,139.929168701,98.6477355957,55.6645393372,19.8749198914,24.999332428,16.7071723938,9.33411502838,6.7425494194,5.18480825424,4.11641550064,0.536609590054,0.0405744314194,0.00120924785733,0.0000234093240579,5.26305939275e-7,1.78346015733e-9]},"erbbands_crest":{"dmean":3.00227618217,"dmean2":4.81738519669,"dvar":7.94030570984,"dvar2":20.1992301941,"max":30.1477832794,"mean":11.271812439,"median":10.2916965485,"min":2.1087372303,"var":22.9688415527},"erbbands_flatness_db":{"dmean":0.0210021380335,"dmean2":0.0298688970506,"dvar":0.00041844334919,"dvar2":0.000842573586851,"max":0.357855319977,"mean":0.187997683883,"median":0.188195794821,"min":0.0259450208396,"var":0.00214672624134},"erbbands_kurtosis":{"dmean":1.67503380775,"dmean2":2.62786579132,"dvar":5.21548557281,"dvar2":12.3285617828,"max":61.0105628967,"mean":2.54384851456,"median":1.69240307808,"min":-1.81729614735,"var":12.9261522293},"erbbands_skewness":{"dmean":0.418065696955,"dmean2":0.638597249985,"dvar":0.157531648874,"dvar2":0.349637061357,"max":5.43962526321,"mean":1.02485764027,"median":1.04812705517,"min":-2.77026820183,"var":0.78770083189},"erbbands_spread":{"dmean":6.78266000748,"dmean2":10.0765857697,"dvar":86.0317764282,"dvar2":178.870071411,"max":154.583480835,"mean":26.9982318878,"median":22.629863739,"min":1.81822514534,"var":310.823272705},"gfcc":{"cov":[[16017.1923828,514.25378418,-1383.10571289,126.217826843,-589.763122559,303.019805908,-496.939788818,30.5949726105,-488.048583984,-185.938934326,-445.297119141,-204.425094604,-212.034637451],[514.25378418,1377.69360352,-0.238533228636,-64.7729263306,103.846687317,-47.0777435303,102.783149719,-63.902015686,125.694313049,-34.3845825195,93.275177002,-76.8403549194,42.4906692505],[-1383.10571289,-0.238533228636,869.122314453,106.690681458,19.9157085419,85.9313964844,65.3355789185,35.8750724792,78.4003372192,59.6279144287,52.8624725342,72.8887939453,8.66643619537],[126.217826843,-64.7729263306,106.690681458,354.020294189,32.7702674866,15.0353574753,13.9846982956,20.1844367981,15.6679601669,-9.74041938782,8.43293190002,11.0124492645,13.9292888641],[-589.763122559,103.846687317,19.9157085419,32.7702674866,256.839569092,17.5229511261,39.4774856567,16.5978736877,38.1817092896,-1.10682451725,12.8364067078,4.38187932968,16.9951725006],[303.019805908,-47.0777435303,85.9313964844,15.0353574753,17.5229511261,202.637893677,65.3200531006,25.6906509399,1.87955451012,23.4448413849,-7.30356740952,17.8447933197,-3.54432845116],[-496.939788818,102.783149719,65.3355789185,13.9846982956,39.4774856567,65.3200531006,190.297531128,23.44647789,45.6249656677,31.7776145935,45.0802688599,20.3068885803,0.798479199409],[30.5949726105,-63.902015686,35.8750724792,20.1844367981,16.5978736877,25.6906509399,23.44647789,122.212333679,46.8173217773,37.699634552,14.307349205,16.8547687531,3.54141330719],[-488.048583984,125.694313049,78.4003372192,15.6679601669,38.1817092896,1.87955451012,45.6249656677,46.8173217773,155.357376099,69.8898086548,59.6668243408,28.2916355133,29.3826675415],[-185.938934326,-34.3845825195,59.6279144287,-9.74041938782,-1.10682451725,23.4448413849,31.7776145935,37.699634552,69.8898086548,127.433029175,64.2739944458,46.5813903809,12.1600589752],[-445.297119141,93.275177002,52.8624725342,8.43293190002,12.8364067078,-7.30356740952,45.0802688599,14.307349205,59.6668243408,64.2739944458,117.06124115,49.8922691345,17.8256530762],[-204.425094604,-76.8403549194,72.8887939453,11.0124492645,4.38187932968,17.8447933197,20.3068885803,16.8547687531,28.2916355133,46.5813903809,49.8922691345,108.970672607,31.7936782837],[-212.034637451,42.4906692505,8.66643619537,13.9292888641,16.9951725006,-3.54432845116,0.798479199409,3.54141330719,29.3826675415,12.1600589752,17.8256530762,31.7936782837,74.8040924072]],"icov":[[0.000164467652212,-0.000301109801512,0.000287701666821,-0.000263520312728,0.000368085049558,-0.000453026528703,0.000488484394737,-0.000369502144167,0.000434206158388,-0.000368731387425,0.000634147902019,-0.00042993115494,0.000481154449517],[-0.000301109801512,0.00168771750759,-0.000566859031096,0.000788129051216,-0.000903406238649,0.000858868879732,-0.0013232427882,0.00140145490877,-0.00183248624671,0.00170103844721,-0.00249801180325,0.00220941216685,-0.00160005048383],[0.000287701666821,-0.000566859031096,0.00186056329403,-0.000834756530821,0.000703190395143,-0.00125675124582,0.000799316389021,-0.000583875109442,0.000212810045923,-0.000689749605954,0.00110579247121,-0.0015471886145,0.00129979767371],[-0.000263520312728,0.000788129051216,-0.000834756530821,0.00354709755629,-0.000913803407457,0.000636347511318,-0.000890196417458,0.000270160584478,-0.00103064603172,0.0016709807096,-0.00168512831442,0.00106321007479,-0.00144108373206],[0.000368085049558,-0.000903406238649,0.000703190395143,-0.000913803407457,0.0051355548203,-0.00128139148001,0.000532043748535,-0.00121902371757,0.000145176265505,-0.000105932471342,0.00153372297063,-0.00107903114986,0.000523069698829],[-0.000453026528703,0.000858868879732,-0.00125675124582,0.000636347511318,-0.00128139148001,0.00759031623602,-0.00366701511666,0.000247161951847,-0.0000902041865629,-0.000585945264902,0.000498410721775,0.000387208448956,-0.00121932465117],[0.000488484394737,-0.0013232427882,0.000799316389021,-0.000890196417458,0.000532043748535,-0.00366701511666,0.00864456687123,-0.00158247805666,0.000426124606747,-0.000847572344355,-0.000257712847088,-0.00164574629162,0.00262873549946],[-0.000369502144167,0.00140145490877,-0.000583875109442,0.000270160584478,-0.00121902371757,0.000247161951847,-0.00158247805666,0.0112756341696,-0.00421263929456,-0.000450832681963,-0.000871924741659,0.00107072654646,-0.000573666184209],[0.000434206158388,-0.00183248624671,0.000212810045923,-0.00103064603172,0.000145176265505,-0.0000902041865629,0.000426124606747,-0.00421263929456,0.0133474990726,-0.0060620973818,0.000412028515711,-0.000552684708964,-0.00152409914881],[-0.000368731387425,0.00170103844721,-0.000689749605954,0.0016709807096,-0.000105932471342,-0.000585945264902,-0.000847572344355,-0.000450832681963,-0.0060620973818,0.0161019172519,-0.00766421668231,-0.000558598723728,-0.000388523651054],[0.000634147902019,-0.00249801180325,0.00110579247121,-0.00168512831442,0.00153372297063,0.000498410721775,-0.000257712847088,-0.000871924741659,0.000412028515711,-0.00766421668231,0.0194741431624,-0.00767311779782,0.00282598566264],[-0.00042993115494,0.00220941216685,-0.0015471886145,0.00106321007479,-0.00107903114986,0.000387208448956,-0.00164574629162,0.00107072654646,-0.000552684708964,-0.000558598723728,-0.00767311779782,0.0170192886144,-0.00735926860943],[0.000481154449517,-0.00160005048383,0.00129979767371,-0.00144108373206,0.000523069698829,-0.00121932465117,0.00262873549946,-0.000573666184209,-0.00152409914881,-0.000388523651054,0.00282598566264,-0.00735926860943,0.0186974834651]],"mean":[-67.480178833,111.284843445,-109.17073822,9.93922328949,-73.8988265991,2.40924119949,-41.3023872375,-3.02097415924,-26.2635002136,-2.86826896667,-14.3982934952,-5.65250492096,-12.5155334473]},"hfc":{"dmean":4.14450216293,"dmean2":5.69537067413,"dvar":45.0254364014,"dvar2":87.5791702271,"max":167.777862549,"mean":12.3833713531,"median":5.92026996613,"min":1.19619011898e-16,"var":252.164962769},"melbands":{"dmean":[0.000082191239926,0.000231909798458,0.000538714055438,0.000445616140496,0.000263151392573,0.000363651808584,0.000214163184864,0.000197797737201,0.000226880627451,0.0000932238763198,0.0000875860350789,0.0000830779827083,0.0000604227643635,0.0000414708556491,0.0000365032938134,0.000031533803849,0.000032657837437,0.0000185910230357,0.0000103253814814,0.00000679538925397,0.00000625707662039,0.00000474254557048,0.00000461180161437,0.00000332373247147,0.00000231997387345,0.0000018238758912,0.00000163483719007,0.00000126318172988,7.90223737113e-7,5.38937399597e-7,5.68852954075e-7,7.68770917148e-7,5.80430480568e-7,5.27894258084e-7,3.868984777e-7,2.85555103119e-7,2.6872004355e-7,2.67811515187e-7,2.80670917618e-7,2.31072931456e-7],"dmean2":[0.000139346593642,0.000393650989281,0.000847513321787,0.000708283274435,0.000419807678554,0.000579565588851,0.000326968671288,0.000299184262985,0.000344927451806,0.000143383178511,0.000125872524222,0.000121457334899,0.0000929549423745,0.0000636975964881,0.0000559110885661,0.0000481653696625,0.0000499210254929,0.0000274733793049,0.0000152624343173,0.0000100684401332,0.00000945025203691,0.00000722202594261,0.00000721686319594,0.00000489082322019,0.0000036013841509,0.00000272410375146,0.00000251635833592,0.00000190274215583,0.00000119750063732,8.3732601297e-7,8.45752822443e-7,0.00000115639807063,9.02864769614e-7,8.14738257304e-7,5.85202201364e-7,4.24975894475e-7,4.0217733499e-7,4.09697150872e-7,4.33726512483e-7,3.57529273742e-7],"dvar":[6.00273395435e-8,2.7871251973e-7,0.00000122826281768,7.76557044446e-7,2.81421193904e-7,5.04965669279e-7,2.54267376931e-7,3.27939176259e-7,5.01992815316e-7,1.43239461181e-7,9.57031147664e-8,8.83739730284e-8,4.60362592491e-8,1.34247644112e-8,2.24573657448e-8,1.24606893692e-8,1.61470534721e-8,5.25921262096e-9,1.13344222896e-9,6.21773188492e-10,1.12570253119e-9,3.88872906099e-10,3.9481692915e-10,1.57228868813e-10,1.72236655493e-10,4.06420556931e-11,2.64762621549e-11,1.56159321585e-11,8.11313082688e-12,4.71355766918e-12,2.64770041829e-12,3.93901708126e-12,2.76687071692e-12,2.28153693854e-12,1.47567049726e-12,1.04544096904e-12,1.17833184616e-12,1.38329625532e-12,2.13765702188e-12,2.16895837228e-12],"dvar2":[1.62913011081e-7,7.56965107485e-7,0.00000289457625513,0.00000193218238564,6.75139801842e-7,0.00000126660791011,5.87446322697e-7,7.08288723672e-7,0.00000120509503176,3.29196609528e-7,1.71435985408e-7,1.97172042249e-7,1.12683288478e-7,3.1032907799e-8,4.97863865689e-8,3.06110585768e-8,3.82437690405e-8,1.13442188976e-8,2.31490382419e-9,1.20276133497e-9,2.76024625379e-9,1.07937647709e-9,1.13757947506e-9,3.07740138927e-10,4.43394321259e-10,8.82664982771e-11,5.58160496988e-11,3.71835479074e-11,1.78917106824e-11,1.13599988791e-11,6.46710593064e-12,9.04316378725e-12,6.88108294303e-12,5.72656722389e-12,3.52681469099e-12,2.28986664699e-12,2.84337852742e-12,3.42446687326e-12,5.19061920182e-12,5.15677821625e-12],"max":[0.00349961570464,0.0118328193203,0.0208386145532,0.0174147598445,0.0126068331301,0.0147189693525,0.0139372311532,0.0161995720118,0.0173793565482,0.013396428898,0.0138672143221,0.00918246712536,0.00573633657768,0.00508885970339,0.00932912062854,0.00313007202931,0.00433864863589,0.00232129427604,0.00114386808127,0.00103731872514,0.00159922603052,0.000775903987233,0.000986641738564,0.000472762709251,0.000561131688301,0.000257843377767,0.000208686687984,0.000169914812432,0.000158989132615,0.0000883510147105,0.0000644056563033,0.0000577196915401,0.0000617393525317,0.0000400176504627,0.0000394029193558,0.0000367692082364,0.0000490677484777,0.000035152053897,0.0000559530308237,0.0000956757867243],"mean":[0.000131951077492,0.000356613949407,0.000894997559953,0.000822095724288,0.000425241072662,0.000600071623921,0.000362062011845,0.000318062957376,0.000353017007001,0.000152243374032,0.000148542312672,0.000149225714267,0.0000956348012551,0.0000645062027615,0.0000604550077696,0.0000502666916873,0.0000523564413015,0.0000304234199575,0.0000169304112205,0.0000120927043099,0.0000134243100547,0.00000820457353257,0.00000766544508224,0.00000569826033825,0.00000409949598179,0.00000327355019181,0.00000300004671772,0.00000233556465901,0.0000014570747453,0.00000100761349131,0.0000010111937172,0.00000127086764223,9.35439572913e-7,7.64790797803e-7,6.14290684098e-7,4.88543037136e-7,4.22472282935e-7,3.92013845385e-7,3.99564555664e-7,3.23830789739e-7],"median":[0.0000308571543428,0.000157041969942,0.000441242940724,0.000341273087543,0.000186780263903,0.000289756950224,0.000148295614053,0.000103470098111,0.000092527072411,0.0000402834666602,0.0000327298184857,0.0000183892279892,0.0000155066154548,0.0000178433801921,0.00000695892777003,0.00000546794490219,0.0000060543784457,0.0000025990168524,0.0000018972232283,0.00000177444849214,0.00000118294815366,9.99283997771e-7,9.31326894715e-7,7.80252548793e-7,5.48543425793e-7,5.8857597196e-7,5.35505250809e-7,5.16476177381e-7,2.93466314361e-7,2.19147551661e-7,2.50306584348e-7,2.88209093924e-7,2.05141461151e-7,1.84223011956e-7,1.24879136365e-7,8.62949605107e-8,7.01590607832e-8,6.16430781974e-8,6.13836306229e-8,4.4665124932e-8],"min":[4.75236788348e-24,8.67544021832e-24,7.26654884109e-24,4.10879346333e-24,8.92888071679e-24,4.05040119026e-24,1.00584601133e-23,1.23956411942e-23,1.3628954222e-23,2.91132962769e-24,3.74696189876e-24,8.38227899556e-24,6.98068379284e-24,7.2023276748e-24,1.31680251617e-23,8.85936392724e-24,1.04507330313e-23,1.82202382864e-23,7.39450207992e-24,6.82527740565e-24,6.3663997781e-24,4.13348757067e-24,4.84115654495e-24,7.09828638773e-24,6.05370635932e-24,1.09731924534e-23,1.18127889478e-23,1.26808041562e-23,7.71143247062e-24,1.29436999415e-23,1.4069020278e-23,9.93867710687e-24,9.75189141059e-24,1.23933945183e-23,9.5117408518e-24,1.54916599231e-23,1.2921164552e-23,1.14450101608e-23,1.36531044098e-23,8.88470135065e-24],"var":[5.9121674667e-8,3.98765052978e-7,0.00000182221879186,0.00000146797322031,4.82168559301e-7,8.40225879983e-7,4.6160880629e-7,6.24425751994e-7,8.05153149486e-7,2.33157223306e-7,2.30524676681e-7,2.74036239034e-7,1.11798847513e-7,2.71172542199e-8,6.70814515047e-8,2.91889623583e-8,3.80815805556e-8,1.26341648254e-8,3.3831306645e-9,1.85834259092e-9,5.80612535828e-9,8.15768619322e-10,7.42733596848e-10,3.53768708772e-10,3.92410437478e-10,1.1935648303e-10,6.93158030973e-11,3.58013861612e-11,2.40291033599e-11,1.31251459354e-11,6.95520290667e-12,1.00265299535e-11,7.36848776439e-12,4.24992029416e-12,3.18175368864e-12,2.95554162741e-12,2.56286029725e-12,2.3709285403e-12,3.87971122243e-12,2.98508310084e-12]},"melbands_crest":{"dmean":3.12808942795,"dmean2":5.13334083557,"dvar":7.9735751152,"dvar2":21.1421985626,"max":32.1351165771,"mean":13.4152650833,"median":12.8888378143,"min":1.96612870693,"var":19.3865070343},"melbands_flatness_db":{"dmean":0.0260516088456,"dmean2":0.0379257015884,"dvar":0.000629820337053,"dvar2":0.00128269765992,"max":0.461270660162,"mean":0.237419754267,"median":0.234881773591,"min":0.00615993654355,"var":0.00388666847721},"melbands_kurtosis":{"dmean":5.49359369278,"dmean2":8.51024913788,"dvar":65.4024963379,"dvar2":155.723907471,"max":188.680496216,"mean":11.2801418304,"median":7.96026849747,"min":-1.72671067715,"var":149.952133179},"melbands_skewness":{"dmean":0.619471311569,"dmean2":0.934906303883,"dvar":0.403767049313,"dvar2":0.899817347527,"max":10.899728775,"mean":2.1404311657,"median":2.00333237648,"min":-2.05897951126,"var":1.70117747784},"melbands_spread":{"dmean":4.17080307007,"dmean2":6.37376117706,"dvar":47.4373970032,"dvar2":100.876861572,"max":187.118789673,"mean":14.7043790817,"median":10.6083459854,"min":1.31729662418,"var":206.858276367},"mfcc":{"cov":[[9692.88867188,119.894989014,-673.849121094,-203.159667969,-107.76865387,14.7883138657,-27.4844226837,11.2154664993,-79.3837356567,-88.1934661865,-165.7762146,-253.28527832,-237.227722168],[119.894989014,1422.62060547,17.1512527466,-12.2297124863,16.9906196594,30.4536876678,10.514966011,-4.31045293808,4.43067073822,29.3475990295,74.2043304443,2.17325735092,4.01303958893],[-673.849121094,17.1512527466,697.671142578,87.6793289185,39.309627533,69.8588638306,18.21717453,42.1253242493,17.4570350647,25.5719528198,37.7781257629,41.0281600952,61.6535873413],[-203.159667969,-12.2297124863,87.6793289185,288.275390625,59.297077179,5.45776462555,5.39277601242,16.9943981171,8.75799751282,8.50565433502,-8.94904518127,21.1701316833,32.4156303406],[-107.76865387,16.9906196594,39.309627533,59.297077179,201.087982178,10.1361618042,-4.22048473358,11.82675457,30.663230896,11.3182735443,-15.5352277756,5.70402765274,8.22282981873],[14.7883138657,30.4536876678,69.8588638306,5.45776462555,10.1361618042,161.888580322,59.1001548767,35.6688194275,20.5852622986,11.6338682175,20.9375705719,6.89714193344,6.2114739418],[-27.4844226837,10.514966011,18.21717453,5.39277601242,-4.22048473358,59.1001548767,130.724411011,47.2177810669,7.68050336838,15.2886066437,20.4070110321,-0.366591334343,-6.24565649033],[11.2154664993,-4.31045293808,42.1253242493,16.9943981171,11.82675457,35.6688194275,47.2177810669,100.480415344,34.4176521301,6.87978839874,11.6960411072,13.2266178131,9.59455299377],[-79.3837356567,4.43067073822,17.4570350647,8.75799751282,30.663230896,20.5852622986,7.68050336838,34.4176521301,102.382301331,35.9088096619,7.35419940948,13.8167629242,19.5112628937],[-88.1934661865,29.3475990295,25.5719528198,8.50565433502,11.3182735443,11.6338682175,15.2886066437,6.87978839874,35.9088096619,96.437828064,41.4345092773,13.3873291016,8.09488487244],[-165.7762146,74.2043304443,37.7781257629,-8.94904518127,-15.5352277756,20.9375705719,20.4070110321,11.6960411072,7.35419940948,41.4345092773,116.115486145,48.1457901001,19.8946266174],[-253.28527832,2.17325735092,41.0281600952,21.1701316833,5.70402765274,6.89714193344,-0.366591334343,13.2266178131,13.8167629242,13.3873291016,48.1457901001,118.102310181,69.9374313354],[-237.227722168,4.01303958893,61.6535873413,32.4156303406,8.22282981873,6.2114739418,-6.24565649033,9.59455299377,19.5112628937,8.09488487244,19.8946266174,69.9374313354,117.288208008]],"icov":[[0.000120149306895,-0.0000163701242855,0.000102388265077,0.0000344572144968,0.0000386320971302,-0.0000884610053618,0.0000897241625353,-0.000143705343362,0.0000837060360936,-0.000013252082681,0.0000996338349069,0.00013451842824,0.0000886182751856],[-0.0000163701242855,0.000739185779821,-2.31715603149e-7,0.0000150876294356,-0.00012633332517,-0.0000925755448407,0.0000210551279451,0.000115960756375,-0.00000279962750938,0.00000526038866155,-0.000599031802267,0.000254665967077,-0.000107197360194],[0.000102388265077,-2.31715603149e-7,0.00174050976057,-0.000340964470524,-0.000150400504936,-0.000711846165359,0.000360042322427,-0.000638877681922,0.000384761515306,-0.000254615879385,-0.000275758415228,0.000287693110295,-0.000665109953843],[0.0000344572144968,0.0000150876294356,-0.000340964470524,0.00396584393457,-0.00101810321212,0.000155195375555,-0.000158565846505,-0.000507667195052,0.000497768225614,-0.000478230824228,0.000758760084864,-0.000286006252281,-0.000759371905588],[0.0000386320971302,-0.00012633332517,-0.000150400504936,-0.00101810321212,0.0057006678544,-0.000300185609376,0.000413660571212,-0.000135353329824,-0.00143312336877,-0.000453902583104,0.00123347481713,-0.000456968991784,0.00042522631702],[-0.0000884610053618,-0.0000925755448407,-0.000711846165359,0.000155195375555,-0.000300185609376,0.00804617628455,-0.00323050911538,-0.000568245246541,-0.00116379815154,0.000525326642673,-0.00083454727428,0.000141600219649,-0.000160604729899],[0.0000897241625353,0.0000210551279451,0.000360042322427,-0.000158565846505,0.000413660571212,-0.00323050911538,0.0110627627,-0.00477133644745,0.00167831522413,-0.00150458829012,-0.000835361366626,0.000745722732972,0.000678492593579],[-0.000143705343362,0.000115960756375,-0.000638877681922,-0.000507667195052,-0.000135353329824,-0.000568245246541,-0.00477133644745,0.0145312268287,-0.00491973571479,0.00210509146564,-0.000661121157464,-0.00113616732415,0.000241066431045],[0.0000837060360936,-0.00000279962750938,0.000384761515306,0.000497768225614,-0.00143312336877,-0.00116379815154,0.00167831522413,-0.00491973571479,0.0140438182279,-0.00544760562479,0.00160427542869,0.00000959650515142,-0.00175459403545],[-0.000013252082681,0.00000526038866155,-0.000254615879385,-0.000478230824228,-0.000453902583104,0.000525326642673,-0.00150458829012,0.00210509146564,-0.00544760562479,0.0147538315505,-0.00542587554082,0.000927749380935,0.000245808798354],[0.0000996338349069,-0.000599031802267,-0.000275758415228,0.000758760084864,0.00123347481713,-0.00083454727428,-0.000835361366626,-0.000661121157464,0.00160427542869,-0.00542587554082,0.0137994904071,-0.00572654139251,0.00130615697708],[0.00013451842824,0.000254665967077,0.000287693110295,-0.000286006252281,-0.000456968991784,0.000141600219649,0.000745722732972,-0.00113616732415,0.00000959650515142,0.000927749380935,-0.00572654139251,0.0159706305712,-0.00826898869127],[0.0000886182751856,-0.000107197360194,-0.000665109953843,-0.000759371905588,0.00042522631702,-0.000160604729899,0.000678492593579,0.000241066431045,-0.00175459403545,0.000245808798354,0.00130615697708,-0.00826898869127,0.0142475655302]],"mean":[-709.035827637,144.899093628,11.5722303391,7.88183736801,-11.2502298355,-2.92883515358,-8.14293861389,-6.0735707283,-9.46538448334,-5.06157922745,-1.91775810719,-5.33040952682,-2.51951622963]},"pitch_salience":{"dmean":0.0698895081878,"dmean2":0.11215877533,"dvar":0.00393616873771,"dvar2":0.0101191448048,"max":0.930180609226,"mean":0.564638197422,"median":0.565464138985,"min":0.204156473279,"var":0.00981049612164},"silence_rate_20dB":{"dmean":0,"dmean2":0,"dvar":0,"dvar2":0,"max":1,"mean":1,"median":1,"min":1,"var":0},"silence_rate_30dB":{"dmean":0.00154372036923,"dmean2":0.00308778113686,"dvar":0.00154101871885,"dvar2":0.00440069800243,"max":1,"mean":0.999117970467,"median":1,"min":0,"var":0.000881356128957},"silence_rate_60dB":{"dmean":0.0277869664133,"dmean2":0.0555800609291,"dvar":0.0270166061819,"dvar2":0.0632976666093,"max":1,"mean":0.12646086514,"median":0,"min":0,"var":0.110466703773},"spectral_centroid":{"dmean":146.450393677,"dmean2":217.634628296,"dvar":45153.8085938,"dvar2":82356.5390625,"max":10954.9443359,"mean":803.133850098,"median":641.778259277,"min":231.028747559,"var":264578.1875},"spectral_complexity":{"dmean":2.26750469208,"dmean2":3.36700487137,"dvar":6.98616170883,"dvar2":13.5615768433,"max":44,"mean":11.9673652649,"median":11,"min":0,"var":42.160823822},"spectral_contrast_coeffs":{"dmean":[0.0497577153146,0.0467925854027,0.0394889451563,0.0326194576919,0.0253348816186,0.0199268739671],"dmean2":[0.0806851387024,0.0762866809964,0.06208685413,0.0501007437706,0.0375221371651,0.0302680898458],"dvar":[0.00185032270383,0.00155668344814,0.00108991342131,0.000808871584013,0.000537035637535,0.00034482832416],"dvar2":[0.00471596047282,0.00388049753383,0.00252970680594,0.0017808584962,0.00106392754242,0.000744104443584],"max":[-0.274959594011,-0.397657305002,-0.433093637228,-0.501546144485,-0.537337183952,-0.611161768436],"mean":[-0.584211707115,-0.699597120285,-0.751747608185,-0.767242610455,-0.785963177681,-0.78353613615],"median":[-0.584852218628,-0.701706886292,-0.759622216225,-0.779053807259,-0.793174505234,-0.785095095634],"min":[-0.975339531898,-0.96862411499,-0.981942534447,-0.962340950966,-0.961344063282,-0.956677854061],"var":[0.0131985312328,0.00590956257656,0.00532361119986,0.00493613397703,0.00329915992916,0.00182476593181]},"spectral_contrast_valleys":{"dmean":[0.434073060751,0.361168056726,0.360164314508,0.370865374804,0.364549219608,0.427125394344],"dmean2":[0.707227051258,0.569410920143,0.53192293644,0.524053812027,0.48529791832,0.525302648544],"dvar":[0.160827770829,0.114557556808,0.11706392467,0.141675367951,0.154631003737,0.186554551125],"dvar2":[0.378437191248,0.241714775562,0.226944088936,0.265394359827,0.273155450821,0.324883848429],"max":[-5.47287082672,-4.65389490128,-5.27842473984,-5.94594573975,-5.96498346329,-7.99096632004],"mean":[-8.15424060822,-6.86838293076,-7.72934484482,-8.66673374176,-8.82976913452,-11.0512104034],"median":[-7.88400602341,-6.64949131012,-7.52827072144,-8.53883934021,-8.65453529358,-10.8824100494],"min":[-27.0235843658,-26.9188365936,-27.3131504059,-27.1275634766,-27.287815094,-27.3490638733],"var":[1.83413469791,1.75315284729,1.80486476421,1.78955113888,1.75439369678,1.78480267525]},"spectral_decrease":{"dmean":1.64819369264e-9,"dmean2":2.38233099914e-9,"dvar":5.88088895501e-18,"dvar2":1.19450530096e-17,"max":1.36410685688e-16,"mean":-4.70076377823e-9,"median":-3.11183612212e-9,"min":-3.06567038422e-8,"var":2.13342155338e-17},"spectral_energy":{"dmean":0.00653361575678,"dmean2":0.00941701512784,"dvar":0.0000924112246139,"dvar2":0.000186498422408,"max":0.120765715837,"mean":0.0188649818301,"median":0.0123280510306,"min":1.06830481124e-20,"var":0.000348131783539},"spectral_energyband_high":{"dmean":0.000118210977234,"dmean2":0.000166028956301,"dvar":8.94203537882e-8,"dvar2":1.90055558846e-7,"max":0.00850899983197,"mean":0.000244096387178,"median":0.0000631633593002,"min":8.32801886427e-21,"var":3.21658035318e-7},"spectral_energyband_low":{"dmean":0.00137256307062,"dmean2":0.00223345402628,"dvar":0.00000858539351611,"dvar2":0.0000207347256946,"max":0.069178827107,"mean":0.00235294178128,"median":0.00118036963977,"min":5.03216485588e-23,"var":0.0000135473082992},"spectral_energyband_middle_high":{"dmean":0.00161341857165,"dmean2":0.00220975722186,"dvar":0.0000131021861307,"dvar2":0.0000267529121629,"max":0.10139259696,"mean":0.00407422101125,"median":0.000949933310039,"min":1.34268710297e-21,"var":0.0000714922789484},"spectral_energyband_middle_low":{"dmean":0.00531832920387,"dmean2":0.00791550800204,"dvar":0.000067016997491,"dvar2":0.000145632264321,"max":0.109680503607,"mean":0.0131521541625,"median":0.00882082711905,"min":2.30802273077e-22,"var":0.000181550014531},"spectral_entropy":{"dmean":0.228459328413,"dmean2":0.330462962389,"dvar":0.0556407235563,"dvar2":0.112305223942,"max":9.80545520782,"mean":7.0337266922,"median":7.03440952301,"min":5.19226503372,"var":0.268589049578},"spectral_flux":{"dmean":0.0209085699171,"dmean2":0.0321387499571,"dvar":0.000598517886829,"dvar2":0.00136533181649,"max":0.290552288294,"mean":0.0630287304521,"median":0.0518724694848,"min":1.0335882844e-10,"var":0.00196750951},"spectral_kurtosis":{"dmean":2.84512209892,"dmean2":4.47198104858,"dvar":15.0856056213,"dvar2":35.8342933655,"max":97.9220275879,"mean":7.82431173325,"median":6.32375335693,"min":-1.18575894833,"var":39.0410652161},"spectral_rms":{"dmean":0.000685257022269,"dmean2":0.000957156706136,"dvar":6.55373639802e-7,"dvar2":0.00000120716470065,"max":0.0108545012772,"mean":0.00379045936279,"median":0.0034680494573,"min":3.22838760933e-12,"var":0.00000403724425269},"spectral_rolloff":{"dmean":268.598205566,"dmean2":450.091186523,"dvar":596079.375,"dvar2":1299074.375,"max":20994.8730469,"mean":1157.68127441,"median":645.99609375,"min":172.265625,"var":4910439.5},"spectral_skewness":{"dmean":0.323844134808,"dmean2":0.489889979362,"dvar":0.127232670784,"dvar2":0.274492532015,"max":7.63947725296,"mean":2.17178893089,"median":2.09333372116,"min":-0.00952954217792,"var":0.542485237122},"spectral_spread":{"dmean":677161.0625,"dmean2":964243.375,"dvar":865583235072,"dvar2":1596078686210,"max":40190768,"mean":4234628,"median":3846267,"min":1045046.25,"var":3560344125440},"spectral_strongpeak":{"dmean":0.487068861723,"dmean2":0.78396487236,"dvar":0.661648571491,"dvar2":1.55302703381,"max":14.0079183578,"mean":1.04834973812,"median":0.614728569984,"min":0,"var":1.82810819149},"zerocrossingrate":{"dmean":0.00754905771464,"dmean2":0.00873693916947,"dvar":0.000142102260725,"dvar2":0.000146311300341,"max":0.78271484375,"mean":0.0471474044025,"median":0.03515625,"min":0.00732421875,"var":0.00445048883557}},"metadata":{"audio_properties":{"analysis_sample_rate":44100,"bit_rate":320045,"codec":"mp3","downmix":"mix","equal_loudness":0,"length":210.573059082,"lossless":false,"md5_encoded":"70d6cc748dd0505a7533f45e80caa113","replay_gain":-12.7082386017,"sample_rate":44100},"tags":{"album":["Everybody's in Show-Biz"],"albumartist":["The Kinks"],"albumartistsort":["Kinks, The"],"artist":["The Kinks"],"artistsort":["Kinks, The"],"asin":["B000009DI2"],"barcode":["634677972027"],"catalognumber":["63467-79720-2"],"composer":["Ray Davies"],"contentgroup":["Rock"],"date":["1972"],"discnumber":["1/1"],"file_name":"08. The Kinks ~ Supersonic Rocket Ship.mp3","genre":["Rock"],"initialkey":["D m"],"isrc":["USKO10403267"],"label":["Velvel"],"language":["eng"],"lyricist":["Ray Davies"],"media":["CD"],"mood":["Quirky; Silly; Fun"],"musicbrainz album release country":["US"],"musicbrainz album status":["official"],"musicbrainz album type":["album"],"musicbrainz_albumartistid":["17b53d9f-5c63-4a09-a593-dde4608e0db9"],"musicbrainz_albumid":["6cc45240-7c47-4e33-99df-4c3a74a5910b"],"musicbrainz_artistid":["17b53d9f-5c63-4a09-a593-dde4608e0db9"],"musicbrainz_recordingid":["83e5a745-2b75-408f-a740-3b0a8b782ef0"],"musicbrainz_releasegroupid":["c638a406-599f-3570-b3ca-f211e6d5c00b"],"musicbrainz_workid":["8ebdd262-86e6-4716-bc15-b5aa1c279332"],"originaldate":["1972-08-25"],"originalyear":["1972"],"script":["Latn"],"title":["Supersonic Rocket Ship"],"tracknumber":["8/23"],"work":["Supersonic Rocket Ship"]},"version":{"essentia":"2.1-beta2","essentia_build_sha":"2d9f1f26377add8aeb1075a9c2973f962c4f09fd","essentia_git_sha":"v2.1_beta2-1-ge3940c0","extractor":"music 1.0"}},"rhythm":{"beats_count":523,"beats_loudness":{"dmean":0.018537255004,"dmean2":0.0344029553235,"dvar":0.000287934963126,"dvar2":0.000884423556272,"max":0.108207