{"lowlevel":{"average_loudness":0.467390328646,"barkbands":{"dmean":[0.0000457954120066,0.000613975571468,0.00107545673382,0.000564527465031,0.000948618864641,0.000600747822318,0.000376968062483,0.000226529533393,0.000372757611331,0.000321556464769,0.000285971909761,0.000180568124051,0.00020318312454,0.00022579250799,0.00037019274896,0.000144115168951,0.000320562132401,0.000105865314254,0.000165499412105,0.0000777579625719,0.0000372967224394,0.0000252230420301,0.000017247046344,0.0000249785589403,0.000025975276003,0.0000102589929156,0.00000364988909496],"dmean2":[0.0000656788106426,0.000936350086704,0.00172648811713,0.000956547970418,0.00151258707047,0.000982605386525,0.000599928491283,0.000339463818818,0.00054418243235,0.000474717380712,0.000403573998483,0.000256517465459,0.000305042223772,0.000340485014021,0.000552693789359,0.000214801315451,0.000462890719064,0.000157627844601,0.000237936299527,0.000113183319627,0.0000539858410775,0.0000367437642126,0.0000263111869572,0.0000372592694475,0.0000393924347009,0.00001512592371,0.00000592653896092],"dvar":[5.13783371403e-9,0.00000114091403702,0.00000349564288626,0.00000107472908439,0.00000444821625933,0.00000127072689793,8.15237854113e-7,4.27063213237e-7,0.00000116437263387,0.00000112616578463,9.08700371838e-7,7.34091656795e-7,0.00000115752334295,0.00000108460199044,0.00000267166137746,2.80424529819e-7,0.00000229949978348,1.80456751764e-7,4.34515897041e-7,1.1571422931e-7,1.41112836971e-8,1.7138626518e-8,2.36940351783e-8,1.21415393295e-8,6.36912034224e-9,1.01304153954e-9,1.5825370181e-10],"dvar2":[1.02531290125e-8,0.00000249392269325,0.00000886631914909,0.00000291643391392,0.00000998695668386,0.00000343415422321,0.00000190540936273,8.73623605457e-7,0.00000237660037783,0.0000022788494789,0.00000170284499745,0.00000130710316171,0.0000023837515073,0.00000233762011703,0.00000617617251919,6.31521629657e-7,0.00000471334033136,3.57749968316e-7,8.49709181239e-7,2.34457260717e-7,2.84544618978e-8,4.12366567559e-8,6.36684802657e-8,2.88170642904e-8,1.52041312873e-8,2.3957600348e-9,3.92618798584e-10],"max":[0.00121371040586,0.0254353322089,0.0320127420127,0.0198455471545,0.0413956977427,0.0259264670312,0.0262455046177,0.0200570710003,0.0311579387635,0.0504708141088,0.0365622267127,0.0468315929174,0.0370715893805,0.04228714481,0.0592490509152,0.0173078589141,0.0604698769748,0.0183766111732,0.0177430678159,0.0126730240881,0.00330667872913,0.00860068295151,0.0102670956403,0.00508448062465,0.00141153857112,0.00105523131788,0.000347139372025],"mean":[0.000105886807432,0.00180716032628,0.00272265449166,0.000884716864675,0.001724493457,0.00111161661334,0.000732549873646,0.000405274418881,0.000660302001052,0.000598184939008,0.000565562921111,0.000398890435463,0.000316517427564,0.00037271506153,0.000754965585656,0.000293007236905,0.000746513542254,0.000200696318643,0.000311031093588,0.000123848149087,0.000056557906646,0.0000370111774828,0.0000226550127991,0.0000340109909303,0.000032843909139,0.0000119603046187,0.00000295975041809],"median":[0.0000834504826344,0.000667170272209,0.0014784677187,0.000439152994659,0.000859124353155,0.000504211289808,0.00024293801107,0.000111548666609,0.000175117893377,0.000125415434013,0.0000693901674822,0.0000287998300337,0.0000315584766213,0.0000438538336311,0.0000319834289257,0.000019351260562,0.0000205808300962,0.0000100867109722,0.0000173151620402,0.00000652748985885,0.00000379945572604,0.00000464701997771,0.00000260086335402,0.00000528703048985,0.00000460743285657,8.47203864396e-7,5.13562241622e-8],"min":[2.54199851041e-25,3.09558012223e-24,1.16939300919e-24,9.17137182589e-25,6.50178329779e-24,6.10394220506e-24,5.52884170034e-24,5.48764501728e-24,1.40044614792e-23,1.28571879326e-23,1.19422725767e-23,9.45331544658e-24,1.15533239186e-23,2.41709947477e-23,2.26528540237e-23,4.53416674829e-23,6.65194715206e-23,7.03231568572e-23,1.16437182275e-22,1.62616014194e-22,2.11998378695e-22,2.99576353241e-22,3.60649560626e-22,5.62543603002e-22,8.94853821547e-22,1.14836145523e-21,1.99143066042e-21],"var":[8.47039594021e-9,0.00000710744780008,0.0000106108145701,0.00000159328897098,0.00000803361308499,0.00000261487161879,0.00000310440509566,0.00000106296147351,0.00000270734426522,0.0000029750988233,0.00000291885476145,0.00000438571123595,0.00000210216990126,0.00000216964008359,0.00000902490774024,9.10830522116e-7,0.000010681045751,5.05879427237e-7,0.00000121401751585,2.22375874159e-7,3.206663024e-8,2.01393444144e-8,1.75509295985e-8,1.4415560301e-8,8.13382694531e-9,1.26474719586e-9,1.41125833242e-10]},"barkbands_crest":{"dmean":2.18380999565,"dmean2":3.52880311012,"dvar":4.31497716904,"dvar2":10.8613681793,"max":26.6904163361,"mean":11.1051473618,"median":10.4162559509,"min":3.04812407494,"var":17.6739997864},"barkbands_flatness_db":{"dmean":0.0206680689007,"dmean2":0.0295230355114,"dvar":0.00051603774773,"dvar2":0.000983493868262,"max":0.424951225519,"mean":0.175744205713,"median":0.168673023582,"min":0.0348055958748,"var":0.00425098603591},"barkbands_kurtosis":{"dmean":3.83927822113,"dmean2":5.8331284523,"dvar":60.6056442261,"dvar2":129.472106934,"max":374.184356689,"mean":8.13453865051,"median":3.39479994774,"min":-1.91782832146,"var":227.248352051},"barkbands_skewness":{"dmean":0.565136134624,"dmean2":0.837801158428,"dvar":0.400424808264,"dvar2":0.812208175659,"max":16.3693294525,"mean":1.67229712009,"median":1.5880150795,"min":-9.75742912292,"var":2.97598433495},"barkbands_spread":{"dmean":3.87943959236,"dmean2":5.94850349426,"dvar":33.1463737488,"dvar2":76.0503082275,"max":99.8397445679,"mean":15.2834758759,"median":11.7595729828,"min":0.656316578388,"var":128.55645752},"dissonance":{"dmean":0.0275401324034,"dmean2":0.0462994985282,"dvar":0.000926413165871,"dvar2":0.00250372081064,"max":0.499999970198,"mean":0.442082613707,"median":0.454848706722,"min":0.14502158761,"var":0.00219284114428},"dynamic_complexity":4.13091278076,"erbbands":{"dmean":[0.0130590470508,0.164718672633,0.983683466911,1.71350097656,2.27843999863,4.04425811768,3.29030919075,5.44763803482,6.02868032455,4.99813842773,4.91114425659,9.01089763641,8.09372329712,12.5478687286,8.89417457581,6.52427339554,8.79687690735,12.4625644684,16.7266921997,11.0476303101,9.2759809494,17.7692966461,6.82125043869,6.26887369156,7.46906232834,3.81547045708,1.55734479427,1.53556764126,0.951420664787,0.717303812504,0.443566739559,0.468971848488,0.449479371309,0.349498867989,0.151998788118,0.0512241348624,0.0185856577009,0.00489323213696,0.00066319614416,0.0000226882875722],"dmean2":[0.0198313575238,0.25294148922,1.56900823116,2.85690975189,3.68055677414,6.56738090515,5.41401910782,8.93849658966,9.52018642426,7.69754838943,7.21153354645,13.1100540161,12.1481819153,17.2094345093,12.3319416046,9.21171188354,12.8395414352,18.3560733795,24.8399353027,16.4011058807,13.4529342651,24.9403820038,9.85123538971,8.97238349915,10.6295661926,5.53430223465,2.22437667847,2.27602958679,1.38809680939,1.08167803288,0.676275849342,0.704907059669,0.678002774715,0.529999196529,0.233518198133,0.0774131566286,0.0276577975601,0.00728785665706,0.00109914783388,0.0000358506076736],"dvar":[0.000610749353655,0.0837501436472,2.7961306572,9.46725273132,18.3790073395,107.671539307,42.1813430786,118.474617004,198.196578979,150.371383667,229.402297974,747.04296875,971.26763916,1357.61010742,1015.11767578,734.70123291,2127.6418457,3206.93798828,7122.94238281,1656.52038574,1338.87609863,7098.20849609,691.233093262,730.494934082,883.473449707,361.026489258,27.5044460297,27.856338501,18.4119968414,47.7109832764,13.6117200851,7.29661417007,2.57523179054,1.18710553646,0.226686894894,0.0255839116871,0.00359192141332,0.000246562151005,0.00000539350548934,5.09814235272e-9],"dvar2":[0.00130034098402,0.187474951148,7.03222370148,24.9980125427,46.1808586121,238.858123779,115.255783081,320.82208252,481.353607178,332.652099609,477.090301514,1461.90991211,1928.69787598,2293.90429688,1766.4420166,1215.48852539,4278.90673828,6833.96533203,16317.3271484,3668.07592773,2888.65307617,12827.0976563,1332.47363281,1479.3671875,1686.32519531,725.747375488,53.1734924316,59.7508964539,40.651714325,127.557647705,36.8657913208,18.7393932343,5.69811582565,2.80887913704,0.552025854588,0.0611565224826,0.00875317957252,0.000578939449042,0.0000136418802867,1.25787593674e-8],"max":[0.378642678261,6.9762430191,26.1813488007,65.8832397461,71.4299468994,200.021514893,157.806350708,260.445129395,465.608520508,372.932556152,548.918762207,882.689819336,1880.61169434,976.728149414,1497.46765137,1532.81115723,2025.84191895,2606.93505859,3376.15698242,1179.27355957,1112.48205566,3754.64794922,1192.47851563,1041.26452637,876.847961426,765.029846191,134.022964478,133.436019897,229.862258911,535.723693848,206.087509155,128.673187256,59.5655708313,21.3183746338,8.89597511292,4.07536935806,2.03195953369,0.605452239513,0.0564818270504,0.00277733802795],"mean":[0.0237545222044,0.524274706841,2.77472925186,3.33789205551,4.05797815323,6.36659049988,6.43111658096,9.47372245789,11.7472162247,10.0967435837,9.10264968872,16.2162513733,15.156211853,24.9038524628,20.1925888062,14.8648414612,15.0654830933,22.2677116394,34.1957435608,24.5086288452,20.3637275696,42.9576759338,14.9885396957,12.2808637619,13.8184318542,6.32959842682,2.58290505409,2.19532012939,1.41276884079,0.962670207024,0.5916031003,0.63499969244,0.598467707634,0.442346990108,0.190874248743,0.0621100924909,0.0208444092423,0.00480604916811,0.00052873819368,0.0000332155941578],"median":[0.00988528877497,0.219912365079,1.73418211937,1.95834255219,2.02460694313,2.714605093,3.23861694336,4.23285579681,4.24282264709,3.49486303329,2.80218362808,4.45927715302,4.00188159943,4.22355890274,2.5323176384,1.64229178429,1.78660130501,2.80422663689,1.85691702366,1.61959636211,1.15821933746,1.09723329544,0.704052984715,0.709786176682,0.901482582092,0.317592382431,0.169582486153,0.1498157233,0.159494966269,0.121165163815,0.0772946178913,0.0960953608155,0.0877008289099,0.0615304261446,0.0261330790818,0.00608233874664,0.00120191485621,0.000135639522341,0.0000167813159351,0.0000139970516102],"min":[7.97342295912e-23,4.30306584403e-22,2.84611947121e-21,2.91719783301e-21,1.1249099761e-20,2.54130240574e-20,2.73999732811e-20,7.62391367957e-20,8.05160030671e-20,1.59816541772e-19,2.89430909923e-19,3.65781257274e-19,4.4758370714e-19,6.41979836486e-19,6.05009619393e-19,1.03015450145e-18,8.36020743458e-19,1.7327514774e-18,2.10021074809e-18,2.87799978588e-18,2.9796462211e-18,4.85031745113e-18,4.6155077586e-18,4.78460663686e-18,7.42242315816e-18,8.38488254245e-18,8.6950603829e-18,9.63696267461e-18,1.05427965829e-17,9.43446886066e-18,9.59531247641e-18,1.07813149397e-17,1.03222024028e-17,8.07225459302e-18,6.15292301588e-18,3.9084672718e-18,2.25619736608e-18,9.08478301299e-19,2.58430584558e-19,2.87470207528e-20],"var":[0.0013002816122,0.535540163517,9.60745429993,17.2594242096,36.8372612,162.327102661,91.7181243896,208.844238281,593.441833496,515.438293457,489.660980225,1784.94421387,2158.9453125,4344.00732422,5450.29345703,4067.41601563,4254.49755859,6830.14257813,22662.6777344,5373.98925781,4487.23681641,36057.5351563,2377.30419922,2209.38891602,2336.81640625,670.871398926,64.9147109985,51.4893722534,26.4835243225,35.6731338501,10.0980739594,6.85501432419,3.61851739883,1.5166336298,0.278718531132,0.032292637974,0.00408527441323,0.000273765443126,0.00000456968700746,5.16291276398e-9]},"erbbands_crest":{"dmean":2.84474897385,"dmean2":4.39721775055,"dvar":9.27703762054,"dvar2":18.5331401825,"max":32.0906410217,"mean":11.4530534744,"median":9.66437911987,"min":2.22655034065,"var":37.9951782227},"erbbands_flatness_db":{"dmean":0.020256632939,"dmean2":0.0285518299788,"dvar":0.000613864627667,"dvar2":0.00105213676579,"max":0.497758746147,"mean":0.184015542269,"median":0.181041419506,"min":0.0345857031643,"var":0.00367040652782},"erbbands_kurtosis":{"dmean":1.82466244698,"dmean2":2.74000120163,"dvar":14.6527576447,"dvar2":28.5521202087,"max":111.68977356,"mean":2.73825955391,"median":1.17891383171,"min":-1.81246972084,"var":38.525352478},"erbbands_skewness":{"dmean":0.409456193447,"dmean2":0.608944296837,"dvar":0.20241381228,"dvar2":0.412955343723,"max":6.19816732407,"mean":0.397644937038,"median":0.519476890564,"min":-7.65222835541,"var":1.42269301414},"erbbands_spread":{"dmean":7.1342663765,"dmean2":10.7785339355,"dvar":97.4305419922,"dvar2":220.322463989,"max":151.775024414,"mean":28.8552265167,"median":25.9360923767,"min":0.308468848467,"var":302.467041016},"gfcc":{"cov":[[28488.6113281,73.836555481,-3179.90673828,726.681640625,-873.515319824,354.905883789,-1093.61474609,330.904785156,-725.310058594,144.066146851,-495.45614624,68.2123184204,-246.05255127],[73.836555481,1711.85217285,-229.243927002,-208.655654907,-4.85351657867,-63.9405097961,136.468063354,-122.658355713,85.3575897217,-149.270782471,96.6247940063,-152.050491333,65.9308624268],[-3179.90673828,-229.243927002,1384.39318848,7.48327732086,-111.767501831,65.6994857788,39.9906272888,51.5491371155,-28.6950683594,28.1445541382,-11.7019615173,29.767780304,-34.9822463989],[726.681640625,-208.655654907,7.48327732086,364.432647705,21.6052246094,-19.3538856506,-81.8957138062,54.6719818115,21.7420558929,8.47225379944,1.87329781055,-12.7851676941,-22.6210174561],[-873.515319824,-4.85351657867,-111.767501831,21.6052246094,316.280914307,-1.40537846088,42.3819046021,-28.8040294647,61.6288299561,25.8773422241,46.316570282,3.12672448158,26.854631424],[354.905883789,-63.9405097961,65.6994857788,-19.3538856506,-1.40537846088,242.748916626,75.2803039551,10.3860769272,-38.3769302368,26.9320526123,-14.8183736801,8.26731014252,11.2032661438],[-1093.61474609,136.468063354,39.9906272888,-81.8957138062,42.3819046021,75.2803039551,290.780334473,-2.60156941414,28.0717411041,-30.274269104,15.4707622528,-8.60637569427,43.8498420715],[330.904785156,-122.658355713,51.5491371155,54.6719818115,-28.8040294647,10.3860769272,-2.60156941414,184.913497925,27.7046604156,8.39810371399,-19.6079978943,24.2220554352,-9.11208438873],[-725.310058594,85.3575897217,-28.6950683594,21.7420558929,61.6288299561,-38.3769302368,28.0717411041,27.7046604156,163.956130981,27.8749008179,27.7034263611,-33.1896743774,6.10961532593],[144.066146851,-149.270782471,28.1445541382,8.47225379944,25.8773422241,26.9320526123,-30.274269104,8.39810371399,27.8749008179,139.975784302,28.16223526,0.0175979137421,-23.9823646545],[-495.45614624,96.6247940063,-11.7019615173,1.87329781055,46.316570282,-14.8183736801,15.4707622528,-19.6079978943,27.7034263611,28.16223526,109.702705383,15.6762971878,-5.77708387375],[68.2123184204,-152.050491333,29.767780304,-12.7851676941,3.12672448158,8.26731014252,-8.60637569427,24.2220554352,-33.1896743774,0.0175979137421,15.6762971878,127.551612854,37.017868042],[-246.05255127,65.9308624268,-34.9822463989,-22.6210174561,26.854631424,11.2032661438,43.8498420715,-9.11208438873,6.10961532593,-23.9823646545,-5.77708387375,37.017868042,98.1139984131]],"icov":[[0.000165429504705,-0.000257135106949,0.000439298339188,-0.000422748737037,0.000336862110998,-0.000340024416801,0.00034249201417,-0.00026801333297,0.000616035948042,-0.000626007851679,0.000849869684316,-0.00053423049394,0.000475709646707],[-0.000257135106949,0.00148265261669,-0.000600698404014,0.00125206622761,-0.000250850687735,0.000514601008035,-0.000456550391391,0.000516603235155,-0.00127041293308,0.00224006338976,-0.00293848291039,0.00257359351963,-0.00182211364154],[0.000439298339188,-0.000600698404014,0.00195307808463,-0.00113830086775,0.00119089731015,-0.00102841982152,0.000694797548931,-0.000784305622801,0.001618084847,-0.00174225447699,0.00220810458995,-0.00158748123795,0.00154970772564],[-0.000422748737037,0.00125206622761,-0.00113830086775,0.00460581993684,-0.00114889862016,0.000727429462131,0.000236406078329,-0.000330374285113,-0.00193586212117,0.00264823343605,-0.00341649679467,0.00290944753215,-0.00168145180214],[0.000336862110998,-0.000250850687735,0.00119089731015,-0.00114889862016,0.00467332359403,-0.000807186763268,0.000232973063248,0.000260238943156,-0.0000511326470587,-0.00153248233255,0.000367583939806,-0.00100812909659,-0.0000632323135505],[-0.000340024416801,0.000514601008035,-0.00102841982152,0.000727429462131,-0.000807186763268,0.00597803806886,-0.00242817471735,0.000142387318192,0.000607859226875,-0.00068157131318,-0.000828596006613,0.00123976613395,-0.00148171896581],[0.00034249201417,-0.000456550391391,0.000694797548931,0.000236406078329,0.000232973063248,-0.00242817471735,0.00562936346978,-0.00102283991873,0.000329860398779,0.000420595286414,0.0003552584094,0.000159244169481,-0.000886373803951],[-0.00026801333297,0.000516603235155,-0.000784305622801,-0.000330374285113,0.000260238943156,0.000142387318192,-0.00102283991873,0.00733214756474,-0.00330079975538,0.000961790909059,0.000494590611197,-0.00171800062526,0.000793461746071],[0.000616035948042,-0.00127041293308,0.001618084847,-0.00193586212117,-0.0000511326470587,0.000607859226875,0.000329860398779,-0.00330079975538,0.0113862985745,-0.0046717771329,0.00175433175173,0.000970505527221,-0.0000940327663557],[-0.000626007851679,0.00224006338976,-0.00174225447699,0.00264823343605,-0.00153248233255,-0.00068157131318,0.000420595286414,0.000961790909059,-0.0046717771329,0.013002878055,-0.00707881012931,0.00353867327794,-0.000969871005509],[0.000849869684316,-0.00293848291039,0.00220810458995,-0.00341649679467,0.000367583939806,-0.000828596006613,0.0003552584094,0.000494590611197,0.00175433175173,-0.00707881012931,0.0185413099825,-0.00853640120476,0.00645961565897],[-0.00053423049394,0.00257359351963,-0.00158748123795,0.00290944753215,-0.00100812909659,0.00123976613395,0.000159244169481,-0.00171800062526,0.000970505527221,0.00353867327794,-0.00853640120476,0.0159897133708,-0.00879166275263],[0.000475709646707,-0.00182211364154,0.00154970772564,-0.00168145180214,-0.0000632323135505,-0.00148171896581,-0.000886373803951,0.000793461746071,-0.0000940327663557,-0.000969871005509,0.00645961565897,-0.00879166275263,0.0168970376253]],"mean":[-92.0926818848,116.887237549,-98.818862915,22.3858146667,-49.0847091675,9.61894226074,-39.7611732483,10.3352594376,-24.3864002228,-4.02276229858,-14.0865077972,-7.24506568909,-8.35013484955]},"hfc":{"dmean":4.1234869957,"dmean2":5.56595516205,"dvar":93.7568054199,"dvar2":175.798294067,"max":221.180633545,"mean":12.3873300552,"median":4.05062866211,"min":1.08232685478e-16,"var":457.035736084},"melbands":{"dmean":[0.000138227987918,0.000408855761634,0.000288809795165,0.00022981861548,0.00012439940474,0.000121580764244,0.0000896470737644,0.000053380135796,0.0000452173408121,0.0000559319596505,0.0000409513158957,0.0000516898908245,0.0000324405918946,0.0000220065430767,0.0000139750409289,0.0000253547841567,0.0000231821850321,0.0000247720981861,0.0000267929954134,0.0000113246160254,0.0000122464543892,0.000023087270165,0.0000089045115601,0.00000417041019318,0.00000542186853636,0.00000706151467966,0.00000363272329196,0.00000241563839154,9.86131226455e-7,9.9697274436e-7,8.89766681667e-7,5.84482165777e-7,4.41903893034e-7,3.97072312808e-7,2.50950165537e-7,2.80425183519e-7,2.93845090482e-7,3.18052201465e-7,3.2161167951e-7,2.94522607192e-7],"dmean2":[0.000210706522921,0.000643780571409,0.000475565349916,0.000367052620277,0.000204463678529,0.000198646215722,0.000141447817441,0.0000814741724753,0.0000655070252833,0.0000820352361188,0.00006160986959,0.0000710062959115,0.0000459808434243,0.0000308641792799,0.0000207657958526,0.0000370207999367,0.0000343089632224,0.0000365989399143,0.000039651618863,0.0000166095633176,0.000018078559151,0.0000325828877976,0.0000129665013446,0.00000619443471805,0.00000789254954725,0.0000102849762698,0.00000521477068105,0.00000354747544407,0.00000144150703818,0.00000147794992245,0.00000134644290029,8.65093227276e-7,6.68963593853e-7,6.12439407632e-7,3.90099160086e-7,4.33984723713e-7,4.47251665037e-7,4.8316195489e-7,4.9076356845e-7,4.56973737073e-7],"dvar":[5.62419089079e-8,4.4300449531e-7,2.31186021438e-7,3.09951303734e-7,5.32252144581e-8,5.63828379541e-8,4.16951202453e-8,1.73021117433e-8,1.97349976361e-8,2.7869081265e-8,2.47325857572e-8,2.31949623952e-8,1.1835343372e-8,1.00450971985e-8,3.77757247705e-9,2.06513117718e-8,1.0797414518e-8,1.79141323997e-8,1.42813636472e-8,1.84707060757e-9,3.8627816501e-9,1.3977199842e-8,1.2010983319e-9,2.17327447705e-10,6.29017837817e-10,8.18840273364e-10,1.8218403175e-10,1.79884079854e-10,1.30475708363e-11,1.06991689813e-11,9.83683013517e-12,6.32788222862e-12,9.0657681015e-12,1.73921363422e-11,5.0144723443e-12,5.24742619148e-12,2.46961609149e-12,1.43420030626e-12,1.14219679721e-12,8.40161978616e-13],"dvar2":[1.21225212979e-7,0.00000110521386887,5.93846721131e-7,6.89260843956e-7,1.40682203664e-7,1.51484869093e-7,1.0014858276e-7,3.83330380771e-8,4.17560350741e-8,5.66057600793e-8,4.94184781985e-8,3.96739352482e-8,2.17961666493e-8,1.73504073331e-8,8.16338197041e-9,4.14548679828e-8,2.30534542567e-8,3.94974399853e-8,3.168056395e-8,4.09017753e-9,8.31501800747e-9,2.52800198552e-8,2.2799238053e-9,4.45718073561e-10,1.28659749521e-9,1.66700808713e-9,3.57500223869e-10,3.66397606699e-10,2.70054568985e-11,2.2737664182e-11,2.18797150536e-11,1.33455321447e-11,2.34898298729e-11,4.67607792765e-11,1.35624124778e-11,1.47334436318e-11,6.02786180345e-12,3.12605301887e-12,2.70839210434e-12,2.00729840735e-12],"max":[0.00488171214238,0.0104481419548,0.00987902563065,0.011393327266,0.00458430871367,0.0055582257919,0.00624992093071,0.00440031150356,0.00529782660306,0.00555140059441,0.00949559640139,0.00418285513297,0.00384284276515,0.00565458787605,0.00362517894246,0.00513006746769,0.0044426410459,0.00498770689592,0.00382384774275,0.00168790621683,0.00211205100641,0.00531913340092,0.00114720594138,0.000521413923707,0.00102150463499,0.000701585726347,0.000338307989296,0.000537878717296,0.000111816276331,0.0000936055585044,0.0000647080669296,0.000102790625533,0.000224175208132,0.000324522232404,0.000142730539665,0.000142152333865,0.0000854653553688,0.0000481624119857,0.0000263757483481,0.0000173225835169],"mean":[0.000354011572199,0.00124113529455,0.000608325644862,0.000383051199606,0.000242378111579,0.000217648615944,0.000177687121322,0.000105590610474,0.0000807536489447,0.000099511751614,0.0000739240640542,0.000099274868262,0.0000690936867613,0.0000515005813213,0.0000251997571468,0.0000399977834604,0.0000395453316742,0.0000471777675557,0.0000538493331987,0.0000228615099331,0.0000228084500122,0.0000524891911482,0.0000187644127436,0.0000082630012912,0.00000990846820059,0.0000123825402625,0.00000628907855571,0.00000367657480638,0.00000154850215495,0.00000142896340094,0.00000119543892652,8.28838665257e-7,6.2602282469e-7,4.92660376494e-7,3.21476051113e-7,3.63123263014e-7,3.94503388179e-7,4.24222264428e-7,3.96674920466e-7,3.69454483007e-7],"median":[0.000142870412674,0.000829082215205,0.00040095706936,0.00017655082047,0.000132133805891,0.000096598858363,0.0000637161065242,0.0000343526298821,0.0000209185018321,0.000026747744414,0.0000164393259183,0.0000149525358211,0.00000856392580317,0.00000395237111661,0.00000339897405865,0.0000032382495192,0.00000491155515192,0.00000236430514633,0.00000248998640018,0.00000155833663484,0.00000114838712761,0.00000113907867672,7.23860125618e-7,5.02917941958e-7,5.16197587785e-7,6.1973986476e-7,4.56880854927e-7,1.21290099742e-7,8.92735769753e-8,9.36122646067e-8,7.65397203395e-8,8.05727893294e-8,9.07962487418e-8,5.03483015279e-8,3.63701744277e-8,5.10123747688e-8,5.83460391113e-8,6.23665883381e-8,4.66270719812e-8,5.38074225176e-8],"min":[1.26742455666e-24,1.23808149479e-24,1.01726729729e-24,1.31405116654e-24,7.78807267414e-25,1.40287552397e-24,1.34491219402e-24,1.38955264935e-24,2.73163401601e-24,2.17673150591e-24,1.41559462416e-24,1.93387830965e-24,1.72488026244e-24,1.30465741088e-24,2.70449680644e-24,1.88343814894e-24,2.67583946191e-24,2.31178646503e-24,2.26841390639e-24,2.90797263011e-24,3.10871800896e-24,3.68669450333e-24,3.85556792946e-24,3.81219320145e-24,3.24225559414e-24,4.69399454308e-24,4.29036991662e-24,4.78380832929e-24,4.94983120654e-24,4.92239975185e-24,4.22655935242e-24,5.41967794498e-24,5.62402565716e-24,5.46946137899e-24,4.34576491267e-24,5.72050452916e-24,6.05204422939e-24,5.31769479602e-24,5.36887964142e-24,6.33948463287e-24],"var":[2.64994696408e-7,0.00000163791412433,4.55476566685e-7,4.97791688758e-7,1.09546718363e-7,1.07323799625e-7,1.41901978168e-7,5.82519241732e-8,4.25755075639e-8,6.41315551775e-8,5.61334161375e-8,7.2866420453e-8,4.81859636636e-8,7.1501041532e-8,8.96969698516e-9,4.01509616665e-8,2.28900933763e-8,5.33124513424e-8,4.43302212716e-8,5.75418379611e-9,9.46436529148e-9,6.23773672714e-8,4.20065049411e-9,6.75429046026e-10,1.85098780747e-9,1.98118921269e-9,4.53474924278e-10,3.03739866592e-10,2.81080055065e-11,2.15654751001e-11,1.63064804715e-11,9.90474455925e-12,8.02291306307e-12,1.25224127942e-11,3.66443030433e-12,3.58154716822e-12,2.63792915463e-12,2.04340494178e-12,1.42215774747e-12,1.05125662949e-12]},"melbands_crest":{"dmean":2.69586610794,"dmean2":4.36964511871,"dvar":7.09981584549,"dvar2":18.0581531525,"max":36.4838256836,"mean":15.0313091278,"median":14.3226509094,"min":1.63887381554,"var":32.3234939575},"melbands_flatness_db":{"dmean":0.024256195873,"dmean2":0.0346569605172,"dvar":0.000730461732019,"dvar2":0.00142502004746,"max":0.528510630131,"mean":0.261775374413,"median":0.26116746664,"min":0.0030289911665,"var":0.00759523874149},"melbands_kurtosis":{"dmean":7.27339887619,"dmean2":11.2076253891,"dvar":189.043121338,"dvar2":425.067108154,"max":436.199707031,"mean":15.9391460419,"median":7.6808052063,"min":-1.9507740736,"var":686.492431641},"melbands_skewness":{"dmean":0.704030573368,"dmean2":1.05828094482,"dvar":0.62325835228,"dvar2":1.33644139767,"max":17.6423816681,"mean":2.48039984703,"median":2.25501132011,"min":-8.19190216064,"var":3.47524929047},"melbands_spread":{"dmean":4.76362705231,"dmean2":7.31760406494,"dvar":59.6931343079,"dvar2":133.973510742,"max":197.314498901,"mean":19.8813877106,"median":11.8219337463,"min":0.557461678982,"var":525.392883301},"mfcc":{"cov":[[11794.6201172,-582.941101074,-1376.66345215,119.059249878,94.5095367432,-43.9279899597,-38.9825515747,-106.379600525,23.8079662323,-81.5528411865,-174.171707153,8.79496097565,101.148544312],[-582.941101074,1722.77209473,67.3659896851,-81.9816360474,-30.1695728302,18.6102752686,43.2459068298,26.6622028351,-4.79939842224,16.3644351959,43.9627113342,-62.5225486755,-54.5257644653],[-1376.66345215,67.3659896851,1061.66662598,14.8541221619,-14.7669849396,-8.68234634399,50.6895866394,26.615196228,1.38976335526,-5.48899078369,35.7344970703,-25.9246006012,-43.4790458679],[119.059249878,-81.9816360474,14.8541221619,296.458831787,98.7286682129,-45.4389915466,-37.5703544617,5.78329944611,-3.81411600113,16.989654541,15.0416593552,21.5011348724,16.7521152496],[94.5095367432,-30.1695728302,-14.7669849396,98.7286682129,243.031158447,-8.79155635834,-44.3176841736,-16.0748767853,-21.8793735504,17.5412769318,23.479932785,-0.751351356506,29.2999267578],[-43.9279899597,18.6102752686,-8.68234634399,-45.4389915466,-8.79155635834,194.755493164,81.5033874512,-20.6244907379,12.779258728,13.4468793869,15.5131149292,-0.800039768219,-32.3540115356],[-38.9825515747,43.2459068298,50.6895866394,-37.5703544617,-44.3176841736,81.5033874512,178.694961548,38.2494812012,21.6718349457,-8.07238197327,-1.13052141666,9.13541984558,-4.11663007736],[-106.379600525,26.6622028351,26.615196228,5.78329944611,-16.0748767853,-20.6244907379,38.2494812012,156.06477356,52.5891304016,-9.66139984131,-14.9387712479,-8.1189250946,13.6619977951],[23.8079662323,-4.79939842224,1.38976335526,-3.81411600113,-21.8793735504,12.779258728,21.6718349457,52.5891304016,141.126846313,39.1025390625,-10.1686830521,-4.86910963058,-11.6945333481],[-81.5528411865,16.3644351959,-5.48899078369,16.989654541,17.5412769318,13.4468793869,-8.07238197327,-9.66139984131,39.1025390625,133.79699707,51.9176254272,0.384531587362,-9.36559391022],[-174.171707153,43.9627113342,35.7344970703,15.0416593552,23.479932785,15.5131149292,-1.13052141666,-14.9387712479,-10.1686830521,51.9176254272,127.812133789,49.4257240295,-16.5749378204],[8.79496097565,-62.5225486755,-25.9246006012,21.5011348724,-0.751351356506,-0.800039768219,9.13541984558,-8.1189250946,-4.86910963058,0.384531587362,49.4257240295,125.243896484,38.7638931274],[101.148544312,-54.5257644653,-43.4790458679,16.7521152496,29.2999267578,-32.3540115356,-4.11663007736,13.6619977951,-11.6945333481,-9.36559391022,-16.5749378204,38.7638931274,123.825187683]],"icov":[[0.000105010811239,0.000025250177714,0.000134207177325,-0.0000444420802523,-0.0000317875601468,0.0000490463789902,-0.0000730148603907,0.000104577942693,-0.000070855494414,0.0000678376818541,0.0000671965026413,0.0000285415080725,-0.0000166540357895],[0.000025250177714,0.000627562694717,0.0000299927305605,0.000132265107823,0.000013380479686,0.0000829497948871,-0.000170875602635,-0.0000855922698975,0.0000560543521715,0.0000391143512388,-0.000396726012696,0.000433259818237,0.0000901400126168],[0.000134207177325,0.0000299927305605,0.00117655994836,-0.000159301504027,-0.00000108819369871,0.00031709758332,-0.000498164910823,0.0000674897746649,-0.0000970866967691,0.000301314837998,-0.000435213907622,0.000417499279138,0.000222025788389],[-0.0000444420802523,0.000132265107823,-0.000159301504027,0.00422455044463,-0.00168546126224,0.000825261231512,0.000213904757402,-0.000432039931184,0.000101128825918,-0.00057014421327,0.000278813677141,-0.000980189652182,0.000446907244623],[-0.0000317875601468,0.000013380479686,-0.00000108819369871,-0.00168546126224,0.00540599785745,-0.000826944422442,0.00114347878844,0.000140438831295,0.000460029958049,-0.0000662931415718,-0.00142159161624,0.0013868646929,-0.00179925619159],[0.0000490463789902,0.0000829497948871,0.00031709758332,0.000825261231512,-0.000826944422442,0.0074765025638,-0.00382484868169,0.00179597723763,-0.00067531876266,-0.000329664268065,-0.000445780140581,0.0000370130874217,0.00166006374639],[-0.0000730148603907,-0.000170875602635,-0.000498164910823,0.000213904757402,0.00114347878844,-0.00382484868169,0.00838944874704,-0.002314935904,-0.0000561635351914,0.000384330138331,0.000242152731516,-0.000908297835849,-0.000614572083578],[0.000104577942693,-0.0000855922698975,0.0000674897746649,-0.000432039931184,0.000140438831295,0.00179597723763,-0.002314935904,0.00878326408565,-0.0036750913132,0.00167557934765,-0.000709045911208,0.00135029817466,-0.0013889601687],[-0.000070855494414,0.0000560543521715,-0.0000970866967691,0.000101128825918,0.000460029958049,-0.00067531876266,-0.0000561635351914,-0.0036750913132,0.0100604733452,-0.00421111937612,0.00272691366263,-0.0014041956747,0.00158934679348],[0.0000678376818541,0.0000391143512388,0.000301314837998,-0.00057014421327,-0.0000662931415718,-0.000329664268065,0.000384330138331,0.00167557934765,-0.00421111937612,0.0111554451287,-0.00577477086335,0.00273004663177,-0.0012794128852],[0.0000671965026413,-0.000396726012696,-0.000435213907622,0.000278813677141,-0.00142159161624,-0.000445780140581,0.000242152731516,-0.000709045911208,0.00272691366263,-0.00577477086335,0.014163384214,-0.00706161838025,0.00381336337887],[0.0000285415080725,0.000433259818237,0.000417499279138,-0.000980189652182,0.0013868646929,0.0000370130874217,-0.000908297835849,0.00135029817466,-0.0014041956747,0.00273004663177,-0.00706161838025,0.0128722339869,-0.00495207402855],[-0.0000166540357895,0.0000901400126168,0.000222025788389,0.000446907244623,-0.00179925619159,0.00166006374639,-0.000614572083578,-0.0013889601687,0.00158934679348,-0.0012794128852,0.00381336337887,-0.00495207402855,0.0112530598417]],"mean":[-730.759094238,148.632476807,11.0516386032,19.114358902,13.3475608826,-2.99462676048,2.33659219742,2.18972849846,0.321294307709,0.715283095837,-0.509613335133,-7.44105243683,-3.17409396172]},"pitch_salience":{"dmean":0.0650206357241,"dmean2":0.104626625776,"dvar":0.00363351474516,"dvar2":0.00912556890398,"max":0.871368944645,"mean":0.529273629189,"median":0.530489206314,"min":0.0711500793695,"var":0.01639611274},"silence_rate_20dB":{"dmean":0,"dmean2":0,"dvar":0,"dvar2":0,"max":1,"mean":1,"median":1,"min":1,"var":0},"silence_rate_30dB":{"dmean":0.000387334177503,"dmean2":0.000774743384682,"dvar":0.000387213105569,"dvar2":0.000967948406469,"max":1,"mean":0.999709546566,"median":1,"min":0,"var":0.000290360592771},"silence_rate_60dB":{"dmean":0.0441560968757,"dmean2":0.0883207470179,"dvar":0.0422093421221,"dvar2":0.0927327796817,"max":1,"mean":0.124128580093,"median":0,"min":0,"var":0.108703508973},"spectral_centroid":{"dmean":165.372924805,"dmean2":246.700439453,"dvar":70487.125,"dvar2":140790.875,"max":11817.4160156,"mean":1085.77441406,"median":686.539672852,"min":159.30456543,"var":2062206.375},"spectral_complexity":{"dmean":2.19018101692,"dmean2":3.2490799427,"dvar":10.4325580597,"dvar2":17.7044010162,"max":57,"mean":11.2912473679,"median":9,"min":0,"var":65.5941009521},"spectral_contrast_coeffs":{"dmean":[0.0448772124946,0.0440110899508,0.036721367389,0.0304988417774,0.0219317506999,0.0154251577333],"dmean2":[0.0746133551002,0.0720288231969,0.0572990067303,0.0477679856122,0.034070994705,0.0245546158403],"dvar":[0.00143294397276,0.00130213354714,0.00106507446617,0.000798000546638,0.00048626968055,0.000293621764285],"dvar2":[0.00380444969051,0.00342389405705,0.00233099842444,0.00176473788451,0.000994133763015,0.000683632446453],"max":[-0.352517724037,-0.432612150908,-0.420974731445,-0.466066449881,-0.489134997129,-0.605023980141],"mean":[-0.618524134159,-0.729094564915,-0.74710136652,-0.768066763878,-0.780805408955,-0.804631233215],"median":[-0.614833593369,-0.731180429459,-0.755648374557,-0.784129023552,-0.800182521343,-0.812058925629],"min":[-0.978500366211,-0.978646039963,-0.986119151115,-0.971999466419,-0.968137323856,-0.965034127235],"var":[0.00847341958433,0.00532890623435,0.00645672157407,0.00643306970596,0.00523840636015,0.00185464869719]},"spectral_contrast_valleys":{"dmean":[0.403953760862,0.357985675335,0.34759876132,0.336551040411,0.292316526175,0.32086366415],"dmean2":[0.664205849171,0.581056773663,0.546049833298,0.515106320381,0.410108923912,0.396690309048],"dvar":[0.13806425035,0.122366674244,0.139025554061,0.142278537154,0.148068994284,0.240180999041],"dvar2":[0.326815962791,0.270947635174,0.277885884047,0.268017888069,0.250169217587,0.422486752272],"max":[-5.73061847687,-4.84311819077,-5.18759775162,-5.67701721191,-5.56143140793,-7.54070615768],"mean":[-8.0994682312,-7.57407331467,-8.37840747833,-8.9786195755,-9.09239006042,-11.4324464798],"median":[-7.6853427887,-7.14924144745,-7.99123239517,-8.61027526855,-8.84134960175,-11.1499443054],"min":[-28.3532218933,-28.0527439117,-27.9563674927,-27.7696743011,-27.6346435547,-27.4484081268],"var":[6.97392272949,7.32821416855,7.11509084702,6.85402297974,6.81420183182,5.73335123062]},"spectral_decrease":{"dmean":9.65446056433e-10,"dmean2":1.40623301892e-9,"dvar":2.15892775028e-18,"dvar2":4.40036718026e-18,"max":1.76070658113e-28,"mean":-3.68577879328e-9,"median":-2.76672840194e-9,"min":-2.70319482354e-8,"var":1.08456927524e-17},"spectral_energy":{"dmean":0.00395434629172,"dmean2":0.00570238474756,"dvar":0.0000384727900382,"dvar2":0.0000764957076171,"max":0.118254482746,"mean":0.0150345377624,"median":0.0109309535474,"min":9.95755093851e-21,"var":0.000198521112907},"spectral_energyband_high":{"dmean":0.000163303920999,"dmean2":0.000228131277254,"dvar":3.25620931108e-7,"dvar2":7.09438324975e-7,"max":0.0274580959231,"mean":0.000251490739174,"median":0.0000310663344862,"min":7.01869050541e-21,"var":5.10161044076e-7},"spectral_energyband_low":{"dmean":0.00172436935827,"dmean2":0.00275001651607,"dvar":0.00000717364355296,"dvar2":0.0000182476978807,"max":0.0521234683692,"mean":0.00506960833445,"median":0.0037774508819,"min":1.40987918885e-23,"var":0.0000221359168791},"spectral_energyband_middle_high":{"dmean":0.00155517028179,"dmean2":0.00213671778329,"dvar":0.000014083521819,"dvar2":0.0000271454482572,"max":0.0807000398636,"mean":0.00453624734655,"median":0.000830889912322,"min":1.03917795626e-21,"var":0.000079971505329},"spectral_energyband_middle_low":{"dmean":0.00208604708314,"dmean2":0.00318718911149,"dvar":0.0000121886705529,"dvar2":0.0000271043809335,"max":0.0610486827791,"mean":0.0056965216063,"median":0.00399945862591,"min":1.43595643758e-22,"var":0.0000355366501026},"spectral_entropy":{"dmean":0.204016387463,"dmean2":0.295450747013,"dvar":0.0566141717136,"dvar2":0.111369676888,"max":9.82500553131,"mean":7.03452634811,"median":7.01658916473,"min":4.18197441101,"var":0.427668124437},"spectral_flux":{"dmean":0.0165929403156,"dmean2":0.02579713054,"dvar":0.000434670422692,"dvar2":0.00100259925239,"max":0.299353390932,"mean":0.0496257767081,"median":0.0401454791427,"min":6.26211305033e-11,"var":0.00136034074239},"spectral_kurtosis":{"dmean":2.81292867661,"dmean2":4.61422634125,"dvar":16.953081131,"dvar2":43.0518951416,"max":107.295280457,"mean":8.84172153473,"median":6.95056390762,"min":-1.27078831196,"var":60.8618545532},"spectral_rms":{"dmean":0.000487348675961,"dmean2":0.000698828953318,"dvar":3.75685232257e-7,"dvar2":7.33380716156e-7,"max":0.0107410531491,"mean":0.00345038529485,"median":0.00326563091949,"min":3.11683881829e-12,"var":0.00000276274022326},"spectral_rolloff":{"dmean":230.924926758,"dmean2":392.865692139,"dvar":324607.46875,"dvar2":721035.0625,"max":19530.6152344,"mean":1259.22497559,"median":667.529296875,"min":21.533203125,"var":5894476.5},"spectral_skewness":{"dmean":0.300122559071,"dmean2":0.473925083876,"dvar":0.123120091856,"dvar2":0.298923045397,"max":8.18172359467,"mean":2.20961403847,"median":2.12167263031,"min":-0.0952238515019,"var":0.635140955448},"spectral_spread":{"dmean":578141,"dmean2":873941.875,"dvar":1110693904380,"dvar2":2361349111810,"max":43280096,"mean":4683343,"median":3691709,"min":860546.75,"var":24690772934700},"spectral_strongpeak":{"dmean":0.536657810211,"dmean2":0.883262574673,"dvar":1.82771027088,"dvar2":4.09906482697,"max":20.6182994843,"mean":1.09482097626,"median":0.338476598263,"min":0,"var":5.22555208206},"zerocrossingrate":{"dmean":0.00727513991296,"dmean2":0.00861173775047,"dvar":0.000105340826849,"dvar2":0.00015917669225,"max":0.5244140625,"mean":0.0480124019086,"median":0.0341796875,"min":0,"var":0.00411935057491}},"metadata":{"audio_properties":{"analysis_sample_rate":44100,"bit_rate":264491,"codec":"aac","downmix":"mix","equal_loudness":0,"length":239.79246521,"lossless":false,"md5_encoded":"9f26b7701e411c4a4ba40e3fddbef307","replay_gain":-11.9506778717,"sample_rate":44100},"tags":{"album":["Animal Tracks"],"artist":["The Animals"],"asin":["B00000I5TJ"],"bpm":["92"],"catalognumber":["SE 4305"],"composer":["Eric Burdon"],"date":["1965"],"discnumber":["1/1"],"file_name":"D:\\My Music\\iTunes\\iTunes Media\\Music\\A\\Animals\\(1965) Animal Tracks\\Animals~1965~Animal Tracks~10~For Miss Caulker.m4a","genre":["Blues Rock"],"grouping":["Ballad"],"isrc":["B00000I5TJ"],"label":["MGM Records"],"language":["English"],"media":["12\" Vinyl"],"musicbrainz_albumartistid":["4d8afa16-4018-4ca8-8b5e-ede8f9314562"],"musicbrainz_albumid":["4a8cec4e-662f-44a7-84ea-fea1caf3ce10"],"musicbrainz_artistid":["4d8afa16-4018-4ca8-8b5e-ede8f9314562"],"musicbrainz_recordingid":["83fe2b0e-f3bd-40c5-8074-3f4f7943ce96"],"musicbrainz_releasegroupid":["977eed35-9b01-3217-b10e-79979051eb72"],"script":["Latin"],"title":["For Miss Caulker"],"tracknumber":["10/10"]},"version":{"essentia":"2.1-beta2","essentia_build_sha":"2d9f1f26377add8aeb1075a9c2973f962c4f09fd","essentia_git_sha":"v2.1_beta2-1-ge3940c0","extractor":"music 1.0"}},"rhythm":{"beats_count":375,"beats_loudness":{"dmean":0.0179527755827,"dmean2":0.0309892892838,"dvar":0.000236319625401,"dvar2":0.000702719087712,"max":0.118527777493,"mean":0.0238606519997,"median":0.0179484654218,"min":0,"var":0.000420897296863},"beats_loudness_band_ratio":{"dmean":[0.246252641082,0.195942088962,0.0988525822759,0.118338413537,0.0824682563543,0.0600167699158],"dmean2":[0.426139235497,0.345580637455,0.171337470412,0.215499266982,0.140893384814,0.106572605669],"dvar":[0.03383860