{"lowlevel":{"average_loudness":0.780974805355,"barkbands":{"dmean":[0.00198104791343,0.00223961262964,0.000902368163224,0.000596865080297,0.000350852205884,0.000580886320677,0.000575750833377,0.000433129782323,0.0011380846845,0.00154047727119,0.00159371900372,0.00121556525119,0.000867254333571,0.000811413163319,0.000534554303158,0.000387150939787,0.000190488513908,0.0000886427733349,0.0000414676869696,0.0000143694824146,0.00000691280956744,0.00000301125942315,0.00000174596573288,0.00000162840331086,0.00000155898351295,0.00000154376255068,0.0000322033447446],"dmean2":[0.00280565372668,0.00384362298064,0.00152739614714,0.00102709361818,0.000563831883483,0.000917675206438,0.000904796819668,0.000671509711538,0.001779866172,0.00240228837356,0.00230048503727,0.00185102876276,0.00132044614293,0.00123937136959,0.000790692633018,0.00061102968175,0.000301546271658,0.000131142922328,0.0000602172913204,0.0000209310801438,0.0000103359034256,0.00000468525877295,0.00000282654013972,0.00000264208097178,0.00000253209395851,0.00000250437119576,0.0000450453771919],"dvar":[0.0000177655801963,0.0000138903242259,0.00000269359020422,9.25850997646e-7,6.85387874455e-7,0.00000382239522878,0.00000355435622623,0.00000205311903301,0.0000109457841972,0.0000155799534696,0.000029818746043,0.0000118886109703,0.00000472138208352,0.0000136167327582,0.0000032520640616,0.00000109264658477,2.16694672872e-7,1.00435364914e-7,6.96902162645e-8,2.08802020119e-9,2.2166102287e-10,2.77844171281e-11,9.86706723272e-12,8.76681366391e-12,8.03836597979e-12,7.86037467754e-12,5.80581538401e-9],"dvar2":[0.0000332479503413,0.0000397765397793,0.00000758799160394,0.00000274031208392,0.00000135151242375,0.00000949796321947,0.00000844381611387,0.0000048572196647,0.0000265993749053,0.0000361895072274,0.0000581716703891,0.0000286666418106,0.0000100853558251,0.0000252607387665,0.00000670827239446,0.00000267081486527,5.31378020696e-7,1.9333585044e-7,1.67514457416e-7,4.27627711019e-9,4.55315868342e-10,6.30581212246e-11,2.35821188965e-11,2.09333557433e-11,1.91745092026e-11,1.87631490206e-11,1.03353050562e-8],"max":[0.079097121954,0.0583352558315,0.0330501385033,0.0141102205962,0.0358621031046,0.0483849085867,0.0581455901265,0.0435837768018,0.0602294765413,0.114019684494,0.121365979314,0.0904294475913,0.0541563741863,0.233059704304,0.0578598938882,0.0328614898026,0.00904965493828,0.0147856129333,0.0189372245222,0.00288130831905,0.000445363868494,0.000138648436405,0.0000509255296492,0.0000484609954583,0.0000463570213469,0.0000458301256003,0.00370618375018],"mean":[0.00320077687502,0.00349423917942,0.00144637760241,0.000831127574202,0.000558805535547,0.000810681551229,0.000893495278433,0.000644040235784,0.0019019737374,0.00239278166555,0.00226462562568,0.00203212117776,0.0013602207182,0.00128350558225,0.000984929967672,0.000498970563058,0.000291385338642,0.000151966509293,0.0000691272434779,0.0000260050346697,0.0000116614237413,0.00000448213722848,0.0000018464357936,0.00000162787512181,0.0000015367039623,0.00000155967302362,0.0000689661756041],"median":[0.000726670608856,0.00185181782581,0.000773916312028,0.000405335507821,0.000293930264888,0.000267725408776,0.000242797861574,0.000131377440994,0.000383326230804,0.000569026102312,0.000493895204272,0.000567022711039,0.000465571414679,0.000353992392775,0.000219348687096,0.000147269340232,0.0000815089588286,0.0000369791450794,0.000016392854377,0.000010269138329,0.00000486728185933,0.00000202345518119,6.44035196729e-7,4.83819860619e-7,4.44123685384e-7,4.80912945022e-7,0.0000255656632362],"min":[8.25733804675e-26,3.85299269303e-24,7.30817900321e-25,4.29890046123e-25,3.99914416408e-24,7.71126996527e-24,8.91844014271e-24,6.22334853041e-24,1.93135647911e-23,9.83314566155e-24,1.52900665187e-23,2.32573455136e-23,3.36412036505e-23,3.42580928784e-23,4.54415498952e-23,6.48778014898e-23,5.69947838837e-23,5.72722231086e-23,1.03908121036e-22,1.59614644574e-22,2.56479405241e-22,2.74444431247e-22,3.75505591142e-22,5.33564362197e-22,9.00422043578e-22,1.21799144316e-21,1.83323378191e-21],"var":[0.0000411092551076,0.000023051727112,0.00000420413834945,0.00000148410663314,0.00000175615036824,0.00000505245088789,0.00000623306050329,0.0000043281629587,0.0000200452468562,0.0000310451905534,0.000047624882427,0.0000236504638451,0.00000918772184377,0.0000335060940415,0.00000930447458813,0.00000122408619063,3.5774587559e-7,3.08221501655e-7,1.14442286758e-7,4.00540134393e-9,5.0833515175e-10,5.55855222961e-11,1.18470554547e-11,1.04098570042e-11,9.53498131145e-12,9.34733714042e-12,1.95285245752e-8]},"barkbands_crest":{"dmean":2.61286664009,"dmean2":4.16201734543,"dvar":5.45395326614,"dvar2":13.2757177353,"max":26.5026874542,"mean":9.92355442047,"median":9.04864025116,"min":2.68350338936,"var":16.8615493774},"barkbands_flatness_db":{"dmean":0.0284001659602,"dmean2":0.0452270396054,"dvar":0.000599990366027,"dvar2":0.00149468577001,"max":0.396206051111,"mean":0.171276047826,"median":0.16648440063,"min":0.0302389916033,"var":0.00228952569887},"barkbands_kurtosis":{"dmean":3.21990942955,"dmean2":5.19094276428,"dvar":51.4302482605,"dvar2":131.377822876,"max":186.384277344,"mean":4.19582653046,"median":0.729821920395,"min":-1.82390499115,"var":115.784347534},"barkbands_skewness":{"dmean":0.586224079132,"dmean2":0.899428486824,"dvar":0.436687260866,"dvar2":0.988251924515,"max":11.0665168762,"mean":0.860223531723,"median":0.520174860954,"min":-3.14066982269,"var":2.53948783875},"barkbands_spread":{"dmean":4.47219085693,"dmean2":6.97760915756,"dvar":24.3316879272,"dvar2":54.8144683838,"max":122.414672852,"mean":17.719587326,"median":17.2638969421,"min":0.83282405138,"var":84.5066833496},"dissonance":{"dmean":0.0254259351641,"dmean2":0.0433016493917,"dvar":0.000751475046854,"dvar2":0.00202396558598,"max":0.500000238419,"mean":0.462308943272,"median":0.473458021879,"min":0.176673159003,"var":0.00124935829081},"dynamic_complexity":4.46898031235,"erbbands":{"dmean":[0.126908540726,0.346524596214,0.856320679188,1.77668440342,1.26106321812,1.12638878822,3.1236474514,5.07081604004,5.85822343826,10.8848381042,11.294011116,27.2478427887,30.5222244263,55.8483009338,53.9360656738,52.0561485291,39.59740448,32.3086433411,40.5249633789,23.4908351898,14.96986866,10.1168107986,5.10173797607,3.17201828957,1.56822574139,0.637380242348,0.359309047461,0.222407907248,0.11636556685,0.0663535147905,0.0481276884675,0.0361459441483,0.026029990986,0.0176282674074,0.0109855551273,0.00609470205382,0.00286635477096,0.00122602831107,0.000920786696952,0.000731233565602],"dmean2":[0.21909737587,0.584597051144,1.44461798668,3.06397271156,2.11686635017,1.83517944813,4.95855617523,8.02465724945,9.21155261993,17.0380840302,17.4007778168,42.5758094788,47.0484275818,83.6639099121,78.2080612183,78.5352478027,59.6963844299,49.4711227417,58.8237266541,36.7303504944,22.9683094025,15.6990327835,7.47305727005,4.60919189453,2.26185250282,0.910544455051,0.529268562794,0.331752151251,0.179301336408,0.105872325599,0.0778449475765,0.0586356110871,0.0422545969486,0.0286229550838,0.0178382061422,0.00989523343742,0.00464772572741,0.00192174804397,0.00123800523579,0.00100805866532],"dvar":[0.0512851476669,0.331863850355,2.43135547638,8.3911151886,3.71562743187,8.99303627014,96.2922515869,406.949188232,658.111083984,1153.86474609,1388.81970215,7005.93994141,6592.81005859,18995.453125,29761.3710938,24934.8984375,9716.11132812,9749.69433594,23730.0917969,3777.98071289,1306.98876953,557.719360352,245.03855896,416.34765625,28.9632701874,3.59874415398,0.704927265644,0.217652380466,0.0428195148706,0.0130413817242,0.0075640482828,0.0043196878396,0.00224152905867,0.00102744053584,0.00039894215297,0.000122831639601,0.0000271087610599,0.00000419222351411,0.0000052059472182,0.00000216493663174],"dvar2":[0.148995637894,0.913243293762,6.77131891251,24.7716846466,10.0516290665,19.5683364868,208.867950439,1038.21899414,1663.04699707,2573.40136719,3205.30395508,17075.2597656,16035.6132812,42318.7460938,59130.9765625,61121.46875,20461.4472656,21081.3828125,42898.90625,9820.375,3011.50366211,1314.79333496,491.587738037,1034.70458984,54.1234054565,6.97355127335,1.33961868286,0.474070549011,0.0961727127433,0.0309441816062,0.018085796386,0.0103262243792,0.00534904049709,0.00245074159466,0.000951463589445,0.000293010903988,0.0000647593114991,0.00000967773485172,0.00000868486677064,0.00000401375564252],"max":[3.09442234039,11.1050872803,36.969833374,41.8803100586,43.6680107117,109.189994812,288.028961182,568.475097656,977.738952637,1285.4888916,1103.7869873,1699.30529785,2565.99389648,4084.05395508,3952.74365234,4458.26513672,2589.93383789,4808.68505859,7441.33251953,1756.24816895,803.663574219,554.319702148,598.686950684,1349.34191895,283.939758301,108.402587891,36.6844100952,9.96768188477,5.79457759857,1.81337487698,1.42236614227,1.0746884346,0.775398790836,0.523943662643,0.326843470335,0.181399062276,0.0853425040841,0.0357687212527,0.112196289003,0.0473930761218],"mean":[0.174728855491,0.534588813782,1.37073421478,2.77945017815,1.98152220249,1.71103549004,4.25862789154,7.12508296967,9.16937255859,16.845823288,19.0125751495,45.3659439087,51.1310348511,91.5717315674,85.7420196533,88.84715271,68.1878509521,56.0590438843,75.7843475342,36.5754432678,22.0531845093,16.2209281921,8.95692062378,5.38487768173,2.71917295456,1.20316743851,0.641129553318,0.368260711432,0.17838947475,0.079724252224,0.0504660829902,0.0364368036389,0.0259304344654,0.0174197088927,0.0108517576009,0.00605049729347,0.00292874872684,0.00168356020004,0.0019750779029,0.00172255327925],"median":[0.0768313780427,0.288954287767,0.803673863411,1.3753259182,1.14449441433,0.83331823349,1.62329983711,2.11575913429,2.57264256477,4.15628290176,4.14000272751,8.30317783356,17.7423362732,24.6129302979,26.3011035919,26.0011062622,24.0170536041,21.0236682892,16.7683048248,11.9422512054,7.04326486588,4.83951473236,2.49601626396,1.16889965534,0.757009446621,0.47514000535,0.269688636065,0.158593013883,0.0795176848769,0.0326485708356,0.0172233842313,0.0111127598211,0.00765627715737,0.00505542196333,0.00314959185198,0.00177403551061,0.000926555250771,0.000758025969844,0.000881614803802,0.000747813144699],"min":[1.46437145982e-22,1.94314591068e-22,2.28013325397e-21,1.74407013384e-21,6.21730718431e-21,1.56640009893e-20,3.28030847305e-20,4.85027950422e-20,1.19072209737e-19,1.46745007218e-19,2.30059788812e-19,4.82713602466e-19,5.24028172135e-19,9.86084799959e-19,1.22758731423e-18,1.37742084583e-18,1.73426263298e-18,1.71121913887e-18,2.69423354779e-18,3.53117944107e-18,3.72478106344e-18,3.36622908037e-18,3.47764017592e-18,5.92606046108e-18,6.74501434885e-18,7.62131873644e-18,9.19313478104e-18,1.1167590915e-17,1.06176969602e-17,1.02910135578e-17,9.90297237908e-18,1.08394500203e-17,9.40645473485e-18,8.2816247594e-18,5.84843328291e-18,3.97632255181e-18,2.04747219378e-18,9.22394684527e-19,2.43384867149e-19,2.69292945878e-20],"var":[0.0718906000257,0.55181312561,3.36689376831,15.3186254501,7.15760374069,18.5093574524,184.563720703,485.269439697,968.691894531,2288.9230957,3197.24755859,12680.046875,13071.4238281,37234.671875,49647.3359375,48036.9257812,21351.3105469,23756.453125,67399.375,5430.50195312,1875.26428223,1047.94128418,715.870605469,814.563476562,83.1011581421,8.01230621338,1.78055596352,0.467466443777,0.0900524556637,0.0174899622798,0.0090485047549,0.00512927444652,0.0026605934836,0.00121968658641,0.000473659805721,0.000145860976772,0.0000322696796502,0.00000681052006257,0.000018380689653,0.00000789430578152]},"erbbands_crest":{"dmean":2.91369175911,"dmean2":4.61928081512,"dvar":7.59262132645,"dvar2":17.4244308472,"max":33.5514945984,"mean":10.977473259,"median":9.85047912598,"min":2.0595600605,"var":25.919303894},"erbbands_flatness_db":{"dmean":0.0307288896292,"dmean2":0.0475755594671,"dvar":0.00067004916491,"dvar2":0.00158824073151,"max":0.437088102102,"mean":0.219538658857,"median":0.22092679143,"min":0.0394639521837,"var":0.00361678190529},"erbbands_kurtosis":{"dmean":1.64820790291,"dmean2":2.51749610901,"dvar":6.27038860321,"dvar2":12.8436346054,"max":108.723327637,"mean":2.50344491005,"median":1.39771652222,"min":-1.65137064457,"var":18.0927314758},"erbbands_skewness":{"dmean":0.424618750811,"dmean2":0.643718481064,"dvar":0.162133693695,"dvar2":0.340626478195,"max":4.0668592453,"mean":-0.198409542441,"median":-0.198483094573,"min":-5.87691020966,"var":0.807426512241},"erbbands_spread":{"dmean":3.99039530754,"dmean2":6.1818652153,"dvar":22.3361358643,"dvar2":51.7901306152,"max":125.014770508,"mean":16.9142131805,"median":13.6382064819,"min":0.71139806509,"var":146.13609314},"gfcc":{"cov":[[26602.3925781,2319.78100586,-3467.63598633,-1143.3984375,103.14453125,-111.753471375,-43.1111984253,-158.837631226,-153.493438721,-246.91619873,-48.8564376831,-159.698440552,101.786300659],[2319.78100586,1149.7052002,-366.876098633,-191.571517944,121.347831726,-182.955932617,141.974990845,-117.838294983,82.0364532471,-61.6272773743,24.7414264679,-51.2868156433,34.5355377197],[-3467.63598633,-366.876098633,1075.83447266,434.544128418,-253.972015381,241.318054199,-172.962295532,144.521972656,-68.7587738037,108.444839478,-68.2234954834,52.4099464417,-54.7190246582],[-1143.3984375,-191.571517944,434.544128418,467.464813232,27.8185100555,9.53441143036,-9.05379486084,-14.7859172821,-47.0088424683,44.5780982971,-50.8699760437,19.6687507629,-40.4831962585],[103.14453125,121.347831726,-253.972015381,27.8185100555,356.568481445,-35.3174781799,97.0451202393,-133.540679932,28.2601509094,-63.07081604,28.9755802155,-32.5733680725,31.5592212677],[-111.753471375,-182.955932617,241.318054199,9.53441143036,-35.3174781799,381.888244629,-86.1203460693,89.0683059692,-75.9144592285,14.2788438797,-31.9624633789,24.0848579407,4.845454216],[-43.1111984253,141.974990845,-172.962295532,-9.05379486084,97.0451202393,-86.1203460693,239.183105469,-26.3025131226,31.7454147339,-39.614315033,3.92145633698,6.57332038879,28.0500450134],[-158.837631226,-117.838294983,144.521972656,-14.7859172821,-133.540679932,89.0683059692,-26.3025131226,180.792068481,28.7586402893,28.1604118347,-9.29603385925,20.3032360077,2.12411165237],[-153.493438721,82.0364532471,-68.7587738037,-47.0088424683,28.2601509094,-75.9144592285,31.7454147339,28.7586402893,111.469039917,33.0731620789,16.3375453949,-15.7606782913,1.27943754196],[-246.91619873,-61.6272773743,108.444839478,44.5780982971,-63.07081604,14.2788438797,-39.614315033,28.1604118347,33.0731620789,88.5895309448,26.700258255,3.56803321838,-20.4080657959],[-48.8564376831,24.7414264679,-68.2234954834,-50.8699760437,28.9755802155,-31.9624633789,3.92145633698,-9.29603385925,16.3375453949,26.700258255,77.9670791626,29.1202068329,7.59381866455],[-159.698440552,-51.2868156433,52.4099464417,19.6687507629,-32.5733680725,24.0848579407,6.57332038879,20.3032360077,-15.7606782913,3.56803321838,29.1202068329,69.9757461548,29.0367851257],[101.786300659,34.5355377197,-54.7190246582,-40.4831962585,31.5592212677,4.845454216,28.0500450134,2.12411165237,1.27943754196,-20.4080657959,7.59381866455,29.0367851257,65.0865402222]],"icov":[[0.000309018185362,-0.000779497553594,0.00193628424313,-0.0006511695683,-0.0000666613996145,-0.000222449045395,0.00104239326902,-0.00135151378345,0.00192776042968,-0.00205872068182,0.00219432311133,-0.00136018323246,0.000464320910396],[-0.000779497553594,0.00339876371436,-0.00435651419684,-0.000463142758235,0.00386284734122,-0.00141532334965,-0.00321076274849,0.006360814441,-0.00946787931025,0.0109727811068,-0.0113487588242,0.00852915365249,-0.00398087361827],[0.00193628424313,-0.00435651419684,0.0165444537997,-0.0126269292086,0.00938584469259,-0.00769079383463,0.00717869587243,-0.00389431929216,0.00242934632115,-0.0010271462379,0.00105580827221,0.00108830304816,-0.00258484715596],[-0.0006511695683,-0.000463142758235,-0.0126269292086,0.0306755229831,-0.0359903089702,0.0222812723368,-0.00211183144711,-0.0171001870185,0.0345153510571,-0.0482028722763,0.0516925938427,-0.0413266159594,0.0236019324511],[-0.0000666613996145,0.00386284734122,0.00938584469259,-0.0359903089702,0.0541446395218,-0.0306983776391,-0.00272804661654,0.0331977009773,-0.0561387091875,0.0752314031124,-0.0793176293373,0.0629913881421,-0.0344716086984],[-0.000222449045395,-0.00141532334965,-0.00769079383463,0.0222812723368,-0.0306983776391,0.0221451148391,0.000842520676088,-0.0192868001759,0.0339959152043,-0.0430336333811,0.0451465956867,-0.0349056795239,0.0181379839778],[0.00104239326902,-0.00321076274849,0.00717869587243,-0.00211183144711,-0.00272804661654,0.000842520676088,0.00968311540782,-0.00646235235035,0.00692805275321,-0.00778362993151,0.01099438034,-0.00888082385063,0.00219550100155],[-0.00135151378345,0.006360814441,-0.00389431929216,-0.0171001870185,0.0331977009773,-0.0192868001759,-0.00646235235035,0.0352732278407,-0.0470418073237,0.0540514178574,-0.0547030158341,0.0402696318924,-0.0219091605395],[0.00192776042968,-0.00946787931025,0.00242934632115,0.0345153510571,-0.0561387091875,0.0339959152043,0.00692805275321,-0.0470418073237,0.0876644551754,-0.0996264144778,0.0955869182944,-0.0684481784701,0.0351814925671],[-0.00205872068182,0.0109727811068,-0.0010271462379,-0.0482028722763,0.0752314031124,-0.0430336333811,-0.00778362993151,0.0540514178574,-0.0996264144778,0.141908884048,-0.135987505317,0.0989406630397,-0.0469516739249],[0.00219432311133,-0.0113487588242,0.00105580827221,0.0516925938427,-0.0793176293373,0.0451465956867,0.01099438034,-0.0547030158341,0.0955869182944,-0.135987505317,0.158154606819,-0.117316529155,0.057143073529],[-0.00136018323246,0.00852915365249,0.00108830304816,-0.0413266159594,0.0629913881421,-0.0349056795239,-0.00888082385063,0.0402696318924,-0.0684481784701,0.0989406630397,-0.117316529155,0.110210470855,-0.0557313859463],[0.000464320910396,-0.00398087361827,-0.00258484715596,0.0236019324511,-0.0344716086984,0.0181379839778,0.00219550100155,-0.0219091605395,0.0351814925671,-0.0469516739249,0.057143073529,-0.0557313859463,0.0471732914448]],"mean":[-76.98462677,130.841003418,-120.925125122,-15.518040657,-3.47209358215,2.12120199203,-2.91434884071,-5.3658285141,-6.14424610138,-5.89167642593,-6.21483659744,-5.19465780258,-1.23609769344]},"hfc":{"dmean":7.58024597168,"dmean2":10.4680595398,"dvar":165.24369812,"dvar2":318.065216064,"max":480.824310303,"mean":21.2073783875,"median":12.1043243408,"min":1.07326168318e-16,"var":679.725219727},"melbands":{"dmean":[0.000909723807126,0.000419976917328,0.000272305333056,0.0000746638615965,0.0000951026886469,0.000113879308628,0.0000950955654844,0.000110610395495,0.000110669687274,0.000173026855919,0.000161641379236,0.000233903861954,0.000227604847169,0.000130634420202,0.000118249510706,0.0000770504047978,0.0000647159613436,0.0000793855360826,0.0000319916762237,0.0000342206731148,0.0000155176057888,0.0000122020501294,0.00000657117379887,0.00000391140747524,0.00000263554989033,0.00000137818892654,8.23343270895e-7,3.74056583041e-7,2.63537174305e-7,1.65924561202e-7,1.2072877098e-7,7.21627060329e-8,4.53859954064e-8,3.3902153973e-8,2.82012209141e-8,2.43444500114e-8,2.11991366683e-8,1.8528009349e-8,1.62739972609e-8,1.43799452346e-8],"dmean2":[0.00154462945648,0.000705591868609,0.000465104501927,0.000123861202155,0.000149543571752,0.000178860340384,0.000148594335769,0.00017246074276,0.000171407315065,0.000269299605861,0.000251359480899,0.000353005103534,0.000327501184074,0.000198149544303,0.000180429866305,0.000118271556858,0.000100028941233,0.000116661060019,0.0000495037711516,0.0000548920725123,0.0000237989024754,0.0000193204614334,0.000010176194337,0.0000057161219047,0.00000393328900827,0.00000203838590096,0.00000122175845263,5.51200912469e-7,3.97802779162e-7,2.52992009564e-7,1.82085386768e-7,1.12177012568e-7,7.1894156406e-8,5.46825944525e-8,4.5607968957e-8,3.94885866228e-8,3.44017330178e-8,3.00756006766e-8,2.6424308075e-8,2.33500490054e-8],"dvar":[0.00000251289816333,4.82428788473e-7,1.82949875693e-7,1.70191878368e-8,8.50598738111e-8,1.81355105155e-7,1.35581188943e-7,1.11851413465e-7,1.24674727431e-7,2.7410749226e-7,1.85043873557e-7,3.39706190289e-7,6.49930029795e-7,1.19486031736e-7,1.1920820242e-7,3.02516340867e-8,5.83190065129e-8,1.10520545604e-7,7.72430475138e-9,1.0194749045e-8,1.36362976466e-9,9.21274057042e-10,2.48692483273e-10,2.59616494969e-10,3.57957052888e-10,3.28837790331e-11,6.8090867146e-12,1.14020706939e-12,4.08753516061e-13,1.38391807237e-13,6.18541066348e-14,1.78238449526e-14,5.95209162651e-15,3.55421631525e-15,2.59283074374e-15,1.95866119954e-15,1.4857869514e-15,1.13572369266e-15,8.7567610752e-16,6.83697731151e-16],"dvar2":[0.00000698724761605,0.00000133807293423,5.31819580374e-7,4.37218510285e-8,1.74704666733e-7,4.6138899279e-7,3.41428517459e-7,2.54597011917e-7,2.92928007184e-7,6.63140951929e-7,4.52573516441e-7,7.63435821227e-7,0.00000127527061977,2.76253274478e-7,2.83203462459e-7,6.45464552917e-8,1.21815375564e-7,1.95510651224e-7,1.99551895008e-8,2.56020715739e-8,3.13015546816e-9,2.24247354019e-9,5.70868907701e-10,4.80850748108e-10,9.38034872e-10,6.41376049493e-11,1.32480085929e-11,2.1443541387e-12,8.19087690469e-13,3.09270865211e-13,1.35297318054e-13,4.09938332195e-14,1.37814344219e-14,8.50278777508e-15,6.20148565475e-15,4.68131477728e-15,3.55112676257e-15,2.71008297353e-15,2.0889674776e-15,1.63075346395e-15],"max":[0.0219362489879,0.0150027815253,0.00630065053701,0.00366397760808,0.0102584492415,0.011362478137,0.0135006252676,0.011758021079,0.00998625345528,0.0100708724931,0.0133292786777,0.0182411987334,0.0185139905661,0.00974535383284,0.00910389330238,0.00567695405334,0.0129212951288,0.0184562876821,0.002078975318,0.00346648320556,0.000830126286019,0.000704820209648,0.000510799116455,0.000682861311361,0.0012543523917,0.000344168394804,0.000155302128405,0.0000566841044929,0.0000276818427665,0.0000103705206129,0.00000599426812187,0.00000364355992133,0.00000188880028418,9.48655383581e-7,8.3049371824e-7,7.27394535716e-7,6.28146665349e-7,5.53119548385e-7,4.83138762775e-7,4.27479108112e-7],"mean":[0.00145244877785,0.000734449597076,0.000461641524453,0.000119654163427,0.000134687215905,0.000161747520906,0.000150453168317,0.000170123064891,0.000179391470738,0.000282814056845,0.000259450869635,0.000376733514713,0.000328826979967,0.00021650090639,0.000200207941816,0.000122665253002,0.000103479665995,0.000138598261401,0.000054568194173,0.0000432289743912,0.0000218704662984,0.0000182030707947,0.0000103461497929,0.0000065980434556,0.00000415639760831,0.00000227404211728,0.00000133643391109,6.73717011068e-7,4.51119944955e-7,2.61277335767e-7,1.94323305891e-7,1.09704664908e-7,5.90902757835e-8,3.77867799273e-8,2.9468223417e-8,2.46634304091e-8,2.1240373016e-8,1.84723525365e-8,1.60829589646e-8,1.41796805408e-8],"median":[0.000689461128786,0.000458491325844,0.0002520699054,0.0000694304253557,0.000053405208746,0.000049888225476,0.0000430066793342,0.0000418384843215,0.0000339427242579,0.0000525934774487,0.0000835210594232,0.0000945237479755,0.0000788281759014,0.0000636272015981,0.0000560713342566,0.0000448035607405,0.0000326046792907,0.0000266919232672,0.0000158946877491,0.0000123714908113,0.00000639360541754,0.00000499995758219,0.00000297759129353,0.00000142083933952,8.30718079214e-7,5.81593553761e-7,4.21481871626e-7,2.76206890248e-7,1.82271193694e-7,1.09435376316e-7,8.32655331351e-8,4.88827964773e-8,2.51094878223e-8,1.43747742598e-8,9.96296911637e-9,7.61155227735e-9,6.38437613887e-9,5.47809886342e-9,4.6674073495e-9,4.1048955346e-9],"min":[1.50020784486e-24,9.14782925825e-25,4.26798401628e-25,6.94214705015e-25,1.25892359433e-24,1.46802439068e-24,1.54563134325e-24,1.4689636282e-24,2.16276058206e-24,2.89689071211e-24,2.300426868e-24,3.31857611178e-24,4.34599565449e-24,2.59612763123e-24,2.53885987939e-24,3.10620568419e-24,2.71051818173e-24,3.29168739339e-24,3.86481614028e-24,3.6850181739e-24,2.93025065371e-24,2.89845502328e-24,2.9201346959e-24,2.60895095968e-24,4.38754653609e-24,3.79162207562e-24,4.30022949464e-24,4.42003774462e-24,5.35109003915e-24,5.80875124319e-24,5.16560714665e-24,4.36602364958e-24,5.21946228622e-24,5.62013617847e-24,4.94559147361e-24,5.19953013773e-24,6.61499193744e-24,6.49951058952e-24,6.58276775832e-24,6.01514959929e-24],"var":[0.00000431456328442,7.84135181675e-7,3.67477241525e-7,2.88640222834e-8,1.8430155535e-7,2.25924168262e-7,2.10039843296e-7,2.23479105443e-7,2.74280040458e-7,4.88450382363e-7,3.68248066707e-7,6.64359788516e-7,0.00000101572720723,2.39416721115e-7,2.48989834972e-7,6.11338606404e-8,1.38437599162e-7,2.94424125968e-7,1.4373834567e-8,1.05530251204e-8,2.08007544522e-9,1.48673717781e-9,5.60592128274e-10,7.82343079209e-10,5.85367254669e-10,8.51062623153e-11,1.35437815477e-11,2.65262876768e-12,9.67553511269e-13,2.59377182276e-13,1.34617916315e-13,3.6726013669e-14,9.42495508586e-15,4.40254141126e-15,3.09964570795e-15,2.32719231764e-15,1.76331856712e-15,1.34764085403e-15,1.03928210947e-15,8.11369736741e-16]},"melbands_crest":{"dmean":4.081346035,"dmean2":6.794734478,"dvar":13.6882238388,"dvar2":36.7917366028,"max":39.5031051636,"mean":14.6405544281,"median":13.447599411,"min":1.55589163303,"var":44.9485244751},"melbands_flatness_db":{"dmean":0.0342695266008,"dmean2":0.0547903850675,"dvar":0.000845349975862,"dvar2":0.00215644622222,"max":0.543377518654,"mean":0.270274251699,"median":0.266399264336,"min":0.00341894337907,"var":0.00451524695382},"melbands_kurtosis":{"dmean":4.78297996521,"dmean2":7.87519073486,"dvar":151.645935059,"dvar2":397.393096924,"max":343.183349609,"mean":6.96701526642,"median":0.64865732193,"min":-1.91575360298,"var":387.964050293},"melbands_skewness":{"dmean":0.696750938892,"dmean2":1.09332573414,"dvar":0.63426733017,"dvar2":1.50914549828,"max":15.3756494522,"mean":1.40261173248,"median":0.936887919903,"min":-5.60563850403,"var":3.77725100517},"melbands_spread":{"dmean":6.48313999176,"dmean2":10.128443718,"dvar":48.1454925537,"dvar2":106.327323914,"max":167.560073853,"mean":25.6392765045,"median":23.1725482941,"min":0.645176827908,"var":385.235351562},"mfcc":{"cov":[[8525.06933594,1747.97314453,-1696.79846191,-362.96194458,-185.875900269,-17.2639923096,16.6043186188,86.0862731934,19.5074214935,-46.1068840027,15.3438272476,-35.2135162354,-50.6545257568],[1747.97314453,1570.85266113,-452.009521484,-66.4519348145,-23.7696857452,-4.16622924805,28.3159198761,-1.21528208256,61.7362060547,-5.31139230728,15.9935350418,26.0552616119,-4.56324148178],[-1696.79846191,-452.009521484,1137.51208496,80.5936737061,75.4126052856,21.3372783661,-23.469587326,13.8940200806,-2.89472365379,61.7592430115,-20.6506843567,19.2063274384,13.5656795502],[-362.96194458,-66.4519348145,80.5936737061,464.011291504,18.0957889557,25.8730640411,14.6074609756,-51.7968406677,18.7882156372,-31.1802139282,6.24481773376,-6.27652359009,9.55076789856],[-185.875900269,-23.7696857452,75.4126052856,18.0957889557,235.674255371,113.798828125,17.2342300415,1.60839557648,-20.4781398773,8.34388446808,-24.7186069489,-1.8389030695,12.8361377716],[-17.2639923096,-4.16622924805,21.3372783661,25.8730640411,113.798828125,198.982543945,93.0956954956,8.17490100861,2.66392111778,-15.9771938324,-38.429473877,-12.8549880981,15.0574264526],[16.6043186188,28.3159198761,-23.469587326,14.6074609756,17.2342300415,93.0956954956,126.796234131,58.0747680664,17.9423751831,-19.3538017273,-32.1283988953,-5.05550289154,12.7448234558],[86.0862731934,-1.21528208256,13.8940200806,-51.7968406677,1.60839557648,8.17490100861,58.0747680664,107.908874512,51.5018043518,1.19629263878,-21.8728485107,-0.743809640408,6.75375366211],[19.5074214935,61.7362060547,-2.89472365379,18.7882156372,-20.4781398773,2.66392111778,17.9423751831,51.5018043518,97.6778869629,37.3107833862,-7.26197528839,0.48293402791,1.61741793156],[-46.1068840027,-5.31139230728,61.7592430115,-31.1802139282,8.34388446808,-15.9771938324,-19.3538017273,1.19629263878,37.3107833862,78.7287063599,35.5879402161,4.45975971222,-5.77005386353],[15.3438272476,15.9935350418,-20.6506843567,6.24481773376,-24.7186069489,-38.429473877,-32.1283988953,-21.8728485107,-7.26197528839,35.5879402161,77.3298721313,33.7399101257,-5.87268829346],[-35.2135162354,26.0552616119,19.2063274384,-6.27652359009,-1.8389030695,-12.8549880981,-5.05550289154,-0.743809640408,0.48293402791,4.45975971222,33.7399101257,64.0184631348,31.907087326],[-50.6545257568,-4.56324148178,13.5656795502,9.55076789856,12.8361377716,15.0574264526,12.7448234558,6.75375366211,1.61741793156,-5.77005386353,-5.87268829346,31.907087326,60.0868721008]],"icov":[[0.000246450363193,-0.00023954223434,0.000399848126108,-0.000249354779953,0.000610629562289,-0.000757718109526,0.0010081268847,-0.00134050042834,0.00140100938734,-0.00129750801716,0.00103377655614,-0.000657917466015,0.000423300341936],[-0.00023954223434,0.00102806137875,-0.000171105508343,0.000587590853684,-0.00102897337638,0.00123859348241,-0.00178886635695,0.00245293742046,-0.00288217305206,0.00218948954716,-0.00153165252414,0.000483080308186,-0.000283865228994],[0.000399848126108,-0.000171105508343,0.00210052798502,-0.00150755245704,0.00189622328617,-0.00245195464231,0.00347491982393,-0.00461087422445,0.0056380731985,-0.00673541333526,0.00595602253452,-0.0045554866083,0.0022826497443],[-0.000249354779953,0.000587590853684,-0.00150755245704,0.00507949106395,-0.00389496819116,0.00425822241232,-0.0063550947234,0.00957693252712,-0.0114362249151,0.0119256163016,-0.0101448660716,0.00760987307876,-0.00417556799948],[0.000610629562289,-0.00102897337638,0.00189622328617,-0.00389496819116,0.0121960677207,-0.0113265402615,0.0115717891604,-0.0133242867887,0.0164502076805,-0.0165625382215,0.0141324996948,-0.0100726550445,0.00460050581023],[-0.000757718109526,0.00123859348241,-0.00245195464231,0.00425822241232,-0.0113265402615,0.0200874079019,-0.0198894292116,0.0185416787863,-0.0175564941019,0.0160645935684,-0.0120977619663,0.0110578928143,-0.00618658913299],[0.0010081268847,-0.00178886635695,0.00347491982393,-0.0063550947234,0.0115717891604,-0.0198894292116,0.0327135287225,-0.0279529727995,0.0227604266256,-0.0195373315364,0.0185595583171,-0.0134219303727,0.00610732426867],[-0.00134050042834,0.00245293742046,-0.00461087422445,0.00957693252712,-0.0133242867887,0.0185416787863,-0.0279529727995,0.0430891625583,-0.0374561846256,0.0306763499975,-0.0223845560104,0.0167937614024,-0.0092907641083],[0.00140100938734,-0.00288217305206,0.0056380731985,-0.0114362249151,0.0164502076805,-0.0175564941019,0.0227604266256,-0.0374561846256,0.0547119602561,-0.0480354577303,0.0378191620111,-0.0261810142547,0.0132882166654],[-0.00129750801716,0.00218948954716,-0.00673541333526,0.0119256163016,-0.0165625382215,0.0160645935684,-0.0195373315364,0.0306763499975,-0.0480354577303,0.0637938305736,-0.0491605773568,0.0329352244735,-0.0159688703716],[0.00103377655614,-0.00153165252414,0.00595602253452,-0.0101448660716,0.0141324996948,-0.0120977619663,0.0185595583171,-0.0223845560104,0.0378191620111,-0.0491605773568,0.0623128712177,-0.0436425544322,0.0231412984431],[-0.000657917466015,0.000483080308186,-0.0045554866083,0.00760987307876,-0.0100726550445,0.0110578928143,-0.0134219303727,0.0167937614024,-0.0261810142547,0.0329352244735,-0.0436425544322,0.0537474900484,-0.0292978379875],[0.000423300341936,-0.000283865228994,0.0022826497443,-0.00417556799948,0.00460050581023,-0.00618658913299,0.00610732426867,-0.0092907641083,0.0132882166654,-0.0159688703716,0.0231412984431,-0.0292978379875,0.0333708412945]],"mean":[-719.723449707,188.843597412,-43.228729248,7.10974359512,9.44300460815,15.0487861633,12.2035217285,7.64132833481,9.88702774048,2.80836343765,1.37620353699,2.56079292297,1.58899343014]},"pitch_salience":{"dmean":0.0725464299321,"dmean2":0.117873139679,"dvar":0.0042283651419,"dvar2":0.0105551574379,"max":0.92358404398,"mean":0.54648244381,"median":0.557544767857,"min":0.0237866584212,"var":0.0151515118778},"silence_rate_20dB":{"dmean":0,"dmean2":0,"dvar":0,"dvar2":0,"max":1,"mean":1,"median":1,"min":1,"var":0},"silence_rate_30dB":{"dmean":0.00250417366624,"dmean2":0.00500904396176,"dvar":0.00249782344326,"dvar2":0.00609734794125,"max":1,"mean":0.997357070446,"median":1,"min":0,"var":0.00263607362285},"silence_rate_60dB":{"dmean":0.0211463551968,"dmean2":0.0422985963523,"dvar":0.0206992868334,"dvar2":0.0494199618697,"max":1,"mean":0.0659340694547,"median":0,"min":0,"var":0.0615878328681},"spectral_centroid":{"dmean":155.13482666,"dmean2":232.18447876,"dvar":44753.3203125,"dvar2":84167.515625,"max":11827.71875,"mean":1226.34802246,"median":1043.46875,"min":155.170822144,"var":1747663.75},"spectral_complexity":{"dmean":3.26711177826,"dmean2":4.73243379593,"dvar":11.8568296432,"dvar2":20.4144458771,"max":46,"mean":16.7340373993,"median":17,"min":0,"var":79.1524581909},"spectral_contrast_coeffs":{"dmean":[0.0482968650758,0.0456812903285,0.0409879311919,0.0315386280417,0.0284678153694,0.0383710339665],"dmean2":[0.0821852535009,0.0751981884241,0.0655821338296,0.050545848906,0.044608104974,0.0633454546332],"dvar":[0.0014270687243,0.00135207909625,0.00117876206059,0.000668943102937,0.000733746273909,0.00155816460028],"dvar2":[0.00404118793085,0.00361601053737,0.00287858187221,0.00162353820633,0.00166132347658,0.00397512177005],"max":[-0.441589653492,-0.483485996723,-0.471477270126,-0.463608205318,-0.588688492775,-0.509951174259],"mean":[-0.726815760136,-0.784081757069,-0.766555011272,-0.788796722889,-0.804720461369,-0.800657093525],"median":[-0.728748202324,-0.78929066658,-0.771115601063,-0.790682733059,-0.807968139648,-0.818871855736],"min":[-0.980438113213,-0.980336844921,-0.975181460381,-0.972811639309,-0.968908011913,-0.964721977711],"var":[0.00549507793039,0.00455939257517,0.00566117325798,0.00348554737866,0.00338992825709,0.00381859741174]},"spectral_contrast_valleys":{"dmean":[0.373131036758,0.367795348167,0.336662173271,0.329649358988,0.325768142939,0.825133562088],"dmean2":[0.616574525833,0.592461824417,0.52202552557,0.479511201382,0.480994731188,1.3248693943],"dvar":[0.117553450167,0.120046570897,0.122409284115,0.135457411408,0.13655410707,0.502232909203],"dvar2":[0.25855833292,0.246234640479,0.233284279704,0.228595674038,0.270226925611,1.3201687336],"max":[-5.41480064392,-4.56592464447,-4.99062347412,-5.33523607254,-5.91543388367,-9.10889530182],"mean":[-7.60170221329,-7.23149633408,-7.21180582047,-7.63467931747,-8.5793504715,-11.8861274719],"median":[-7.20754718781,-6.83291816711,-6.74582338333,-7.18364572525,-8.20584011078,-11.5281496048],"min":[-28.6725196838,-28.169883728,-27.9213085175,-27.6009063721,-27.5932579041,-27.4298267365],"var":[7.10284996033,7.5475435257,7.79167079926,7.54736042023,6.61081075668,5.09015464783]},"spectral_decrease":{"dmean":2.05870787084e-9,"dmean2":3.05413316859e-9,"dvar":6.74758398543e-18,"dvar2":1.48821471989e-17,"max":2.0038368199e-28,"mean":-6.19686613135e-9,"median":-4.92297091981e-9,"min":-5.50661418686e-8,"var":2.57123716738e-17},"spectral_energy":{"dmean":0.00835244636983,"dmean2":0.0123073924333,"dvar":0.000113484675239,"dvar2":0.000245994597208,"max":0.251443952322,"mean":0.0253120046109,"median":0.019919494167,"min":9.97254843387e-21,"var":0.00044426007662},"spectral_energyband_high":{"dmean":0.000034967182728,"dmean2":0.0000496293869219,"dvar":4.4098147356e-9,"dvar2":7.85654119539e-9,"max":0.00244467961602,"mean":0.0000682372919982,"median":0.0000318660240737,"min":6.87559876076e-21,"var":1.44522767087e-8},"spectral_energyband_low":{"dmean":0.00384835363366,"dmean2":0.00641920790076,"dvar":0.0000335519143846,"dvar2":0.0000908219881239,"max":0.0797770246863,"mean":0.00755372503772,"median":0.0046273288317,"min":1.32736796693e-23,"var":0.0000721506803529},"spectral_energyband_middle_high":{"dmean":0.00467776646838,"dmean2":0.0066135590896,"dvar":0.0000741231997381,"dvar2":0.000150851439685,"max":0.244739100337,"mean":0.0112000806257,"median":0.00539281219244,"min":1.10759908112e-21,"var":0.000254704995314},"spectral_energyband_middle_low":{"dmean":0.0025014935527,"dmean2":0.00386356306262,"dvar":0.0000220496494876,"dvar2":0.0000547612653463,"max":0.0793277919292,"mean":0.00599390408024,"median":0.00310797081329,"min":1.6939723924e-22,"var":0.0000678899668856},"spectral_entropy":{"dmean":0.179409429431,"dmean2":0.277135848999,"dvar":0.030739761889,"dvar2":0.0739584118128,"max":9.82683372498,"mean":7.24870014191,"median":7.2322268486,"min":5.24150657654,"var":0.224652975798},"spectral_flux":{"dmean":0.0216390732676,"dmean2":0.0336003527045,"dvar":0.000577874074224,"dvar2":0.00139499397483,"max":0.332230776548,"mean":0.0793658345938,"median":0.0730951353908,"min":6.23924592547e-11,"var":0.00202514091507},"spectral_kurtosis":{"dmean":6.56973934174,"dmean2":10.5467214584,"dvar":53.235370636,"dvar2":138.197158813,"max":98.8777008057,"mean":21.6109027863,"median":19.5673141479,"min":-1.25537598133,"var":132.279815674},"spectral_rms":{"dmean":0.000774781627115,"dmean2":0.00111902609933,"dvar":6.30966667359e-7,"dvar2":0.00000127787063775,"max":0.0156624130905,"mean":0.00451674219221,"median":0.00440836185589,"min":3.11918503179e-12,"var":0.00000429363717558},"spectral_rolloff":{"dmean":247.070129395,"dmean2":400.704956055,"dvar":247713.703125,"dvar2":480960.21875,"max":19595.2148438,"mean":1402.59655762,"median":1162.79296875,"min":21.533203125,"var":5514746.5},"spectral_skewness":{"dmean":0.370860874653,"dmean2":0.58808273077,"dvar":0.141867235303,"dvar2":0.364051282406,"max":7.65729951859,"mean":2.97008633614,"median":2.96044898033,"min":-0.0775587707758,"var":0.69099766016},"spectral_spread":{"dmean":544616.25,"dmean2":870691.75,"dvar":530928959488,"dvar2":1146680508420,"max":42205300,"mean":3098160.5,"median":2287463.75,"min":846352.9375,"var":24058609532900},"spectral_strongpeak":{"dmean":0.79775416851,"dmean2":1.29998373985,"dvar":1.84046077728,"dvar2":4.0542755127,"max":30.0298500061,"mean":1.30135953426,"median":0.23876452446,"min":0,"var":4.57458639145},"zerocrossingrate":{"dmean":0.00582337193191,"dmean2":0.00712488405406,"dvar":0.0000798810942797,"dvar2":0.000131990484078,"max":0.52880859375,"mean":0.0485460497439,"median":0.0419921875,"min":0.0009765625,"var":0.00379955419339}},"metadata":{"audio_properties":{"analysis_sample_rate":44100,"bit_rate":183770,"codec":"mp3","downmix":"mix","equal_loudness":0,"length":166.897399902,"lossless":false,"md5_encoded":"a1ab4197517c7e20a73183b144028ce5","replay_gain":-8.04917907715,"sample_rate":44100},"tags":{"acoustid_id":["c179434e-4c51-4a90-9344-97f294412bb4"],"album":["Face to Face"],"albumartist":["The Kinks"],"albumartistsort":["Kinks, The"],"artist":["The Kinks"],"artistsort":["Kinks, The"],"asin":["B000007V25"],"barcode":["5017615847925"],"catalognumber":["ESM CD 479/GSA 0000479ESM"],"date":["1998"],"discnumber":["1/1"],"encoding":["LAME v3.96"],"file_name":"12 -  You're Looking Fine.mp3","genre":["Rock"],"label":["Essential! Records/Essential! Records"],"media":["CD"],"musicbrainz album release country":["GB"],"musicbrainz album status":["official"],"musicbrainz album type":["album"],"musicbrainz_albumartistid":["17b53d9f-5c63-4a09-a593-dde4608e0db9"],"musicbrainz_albumid":["cfdcdea6-669f-38be-9406-0b36b4d47a5c"],"musicbrainz_artistid":["17b53d9f-5c63-4a09-a593-dde4608e0db9"],"musicbrainz_recordingid":["842b9872-c201-48d8-bb81-b9da639eeef5"],"musicbrainz_releasegroupid":["9e3bff06-c552-345b-a10b-aeb6061e1a8a"],"originaldate":["1966"],"script":["Latn"],"title":["You're Lookin' Fine"],"tracknumber":["12/21"]},"version":{"essentia":"2.1-beta1","essentia_build_sha":"ca57ba49d9b1854bd80e60cf9ccf267278fb7d6b","essentia_git_sha":"v2.1_beta1-28-g21ef5f4-dirty","extractor":"music 1.0"}},"rhythm":{"beats_count":295,"beats_loudness":{"dmean":0.0179523508996,"dmean2":0.0304551590234,"dvar":0.000261608802248,"dvar2":0.000768024998251,"max":0.118061803281,"mean":0.0376944355667,"median":0.0361199676991,"min":0,"var":0.000459682836663},"beats_loudness_band_ratio":{"dmean":[0.28317630291,0.0587840378284,0.125746831298,0.184410750866,0.0963455438614,0.0136696156114],"dmean2":[0.52136951685,0.106613114476,0.213518097997,0.326246321201,0.177251711488,0.0255349073559],"dvar":[0.0537152849138,0.00661200238392,0.0209698919207,0.0247325990349,0.00759386876598,0.000461497693323],"dvar2":[0.151970118284,0.0188068337739