{"lowlevel":{"average_loudness":0.844761967659,"barkbands":{"dmean":[0.000211894061067,0.00589079130441,0.0013519753702,0.000762329960708,0.00308941095136,0.00146633130498,0.000925823347643,0.000477855064673,0.000761565112043,0.000667880929541,0.000433576438809,0.000494501029607,0.000509408302605,0.000229888464673,0.000303825509036,0.000364381965483,0.000182759409654,0.00016096343461,0.000159569273819,0.0000819673878141,0.0000552690689801,0.0000612720759818,0.0000377036594728,0.0000352671631845,0.0000288562187052,0.0000159877799888,0.00000444136094302],"dmean2":[0.00035610384657,0.00896605942398,0.00227832654491,0.00127381389029,0.00525926379487,0.00239486107603,0.00149012659676,0.000734893605113,0.00115403777454,0.00105048157275,0.000671541842166,0.000758758222219,0.000812769692857,0.000351143069565,0.000484128657263,0.000574071251322,0.000289027084364,0.000251618650509,0.00024569654488,0.000124044439872,0.0000806292882771,0.0000870552175911,0.0000508624507347,0.0000444661200163,0.0000348237590515,0.0000191855924641,0.00000546800129086],"dvar":[7.22225763639e-8,0.000204125433811,0.00000751795005272,0.00000195093548427,0.0000278145744232,0.00000653355755276,0.00000471128487334,0.00000100411193671,0.00000261771765508,0.00000235809443438,0.00000168492363173,0.00000100220734112,0.00000196487940229,4.12358787116e-7,6.0906802446e-7,7.21980029539e-7,1.25113004401e-7,1.02722282236e-7,1.42392707403e-7,2.4999884829e-8,8.07064282071e-9,1.04547295265e-8,6.25549922972e-9,4.49819603787e-9,2.72272715485e-9,1.00254948787e-9,9.29473512046e-11],"dvar2":[2.06341681519e-7,0.00042433271301,0.0000212162467506,0.00000514364592163,0.0000782674906077,0.0000173523039848,0.0000109592574518,0.00000225027065426,0.000006385029792,0.00000582716484132,0.0000038891166696,0.00000222876224143,0.00000515843430549,8.76346291534e-7,0.00000150584833136,0.00000176434264176,3.03445290228e-7,2.35468391452e-7,3.08600277776e-7,5.3344432871e-8,1.68009943735e-8,2.07701571497e-8,1.23039542999e-8,7.67045982286e-9,4.29339452879e-9,1.81213566375e-9,1.70562924895e-10],"max":[0.00465307338163,0.162477612495,0.0382858887315,0.0280347801745,0.064807780087,0.0517714880407,0.0423084311187,0.0233901869506,0.040381912142,0.0438356585801,0.0480932928622,0.029187027365,0.0407553203404,0.0173059478402,0.0189876277,0.0266752876341,0.0127580165863,0.00971285346895,0.012208419852,0.0061715207994,0.00175399438012,0.00216648424976,0.00278581539169,0.00192992202938,0.00076546688797,0.000625962449703,0.000151707368786],"mean":[0.000487292534672,0.00817790161818,0.00221723830327,0.0011401824886,0.005289521534,0.00263611320406,0.00138293625787,0.000847693823744,0.00133557198569,0.00122216774616,0.000817949185148,0.000960861216299,0.000875732977875,0.000432860804722,0.000538249616511,0.000711126485839,0.000358997640433,0.000324448919855,0.000305124238366,0.000184269432793,0.00011263491615,0.000123802121379,0.0000734453788027,0.0000669399596518,0.0000562454406463,0.0000280303647742,0.00000705337879481],"median":[0.000442397606093,0.00319314934313,0.00135078351013,0.00062774179969,0.00370450457558,0.00157318450511,0.000662795035169,0.000318060570862,0.000540734559763,0.000359629222658,0.000197213172214,0.000342618179275,0.0002330665302,0.0000950263420236,0.000153236091137,0.000249092146987,0.000168899350683,0.000156823021825,0.000145844154758,0.0000805597228464,0.0000688858417561,0.0000694923728588,0.00002738598414,0.000019244131181,0.0000158540642587,0.00000545248531125,4.46003923571e-7],"min":[9.87959436483e-11,8.57170306956e-11,2.34821320375e-12,3.26335258729e-13,1.74563423612e-12,9.04758527213e-13,1.46893955333e-12,7.16413907365e-13,6.62163303789e-13,1.33017576988e-12,4.19081463325e-13,9.22865516645e-13,6.19073043696e-13,6.72869149721e-13,6.68827081392e-13,5.22609895897e-13,3.63133134673e-13,4.46030826206e-13,4.10603544438e-13,4.27212329098e-13,2.68659470755e-13,3.45058589991e-13,2.10263840302e-13,3.15324155675e-13,1.662806313e-13,5.32518582182e-13,9.20055373034e-13],"var":[8.54820569884e-8,0.000281897257082,0.0000081616535681,0.00000260611113845,0.0000330827569996,0.0000104554546851,0.00000608652089795,0.0000027833536933,0.0000053390008361,0.0000060379675233,0.00000517090347785,0.00000301762793242,0.00000471673502034,0.00000144156206261,0.00000157537090217,0.00000209684594665,3.31649118834e-7,2.56624446138e-7,2.93842418841e-7,8.75831247527e-8,1.85223996141e-8,2.50063774132e-8,1.34100321958e-8,1.20789005464e-8,8.17030798572e-9,2.45445463953e-9,2.14070094984e-10]},"barkbands_crest":{"dmean":2.46325421333,"dmean2":3.94171571732,"dvar":5.66878509521,"dvar2":13.3063173294,"max":26.9176864624,"mean":9.42250537872,"median":8.41013908386,"min":2.6841878891,"var":16.7643489838},"barkbands_flatness_db":{"dmean":0.0198359582573,"dmean2":0.0286770537496,"dvar":0.00041458470514,"dvar2":0.000857961073052,"max":0.650141835213,"mean":0.131036117673,"median":0.123166158795,"min":0.0290465336293,"var":0.00285278283991},"barkbands_kurtosis":{"dmean":5.04159116745,"dmean2":7.33682870865,"dvar":3290.3503418,"dvar2":6742.55419922,"max":10586.9755859,"mean":18.6336135864,"median":1.64410018921,"min":-1.86096715927,"var":84862.390625},"barkbands_skewness":{"dmean":0.508751213551,"dmean2":0.74326646328,"dvar":0.456441253424,"dvar2":0.875220775604,"max":98.5657501221,"mean":1.70824015141,"median":1.35638511181,"min":-1.57864868641,"var":14.3706789017},"barkbands_spread":{"dmean":4.43518543243,"dmean2":6.60390949249,"dvar":21.6589260101,"dvar2":45.7528419495,"max":105.601699829,"mean":20.5061511993,"median":19.6590747833,"min":0.0494955740869,"var":102.010047913},"dissonance":{"dmean":0.0194966550916,"dmean2":0.0330273285508,"dvar":0.000324341555825,"dvar2":0.000889866787475,"max":0.5,"mean":0.461721360683,"median":0.467132985592,"min":0.228026032448,"var":0.000655022857245},"dynamic_complexity":2.78232622147,"erbbands":{"dmean":[0.0982157886028,1.54100656509,2.17220926285,1.74433624744,6.55007791519,12.186999321,9.56774330139,13.9129896164,12.5916891098,12.1730089188,11.1028079987,20.2613220215,15.291018486,19.165725708,19.725030899,19.6144676208,24.1754112244,12.1831855774,14.7439994812,17.7794857025,14.9475049973,8.23794364929,7.78147029877,6.56967067719,8.85978507996,3.85072016716,2.80401182175,2.06856584549,2.19347071648,1.58382093906,1.05054616928,0.756030738354,0.57856297493,0.370869547129,0.18258318305,0.07630841434,0.028526391834,0.00730318110436,0.000772145809606,0.0000396213799831],"dmean2":[0.151882812381,2.33747124672,3.47831916809,2.88487243652,11.2094955444,20.6625652313,15.9406919479,22.8490772247,20.1345405579,19.5476741791,16.9245700836,30.576587677,23.8615779877,29.7936649323,30.2396278381,29.6327838898,38.16147995,18.6860389709,23.0735874176,27.90467453,22.9669494629,12.8428621292,12.1222887039,10.2355566025,13.648475647,5.77656984329,4.1478972435,3.00698232651,3.16386461258,2.20283699036,1.38475930691,0.994442224503,0.732435286045,0.467986643314,0.225444167852,0.0923792347312,0.0353645868599,0.00941980630159,0.000942879589275,0.0000476128188893],"dvar":[0.0506415329874,14.056933403,20.918680191,9.95172977448,140.409881592,408.83770752,257.047088623,691.325683594,781.23223877,1029.69177246,577.155212402,1924.5826416,1373.56201172,2182.14526367,2969.15478516,1418.98791504,4404.92480469,852.84173584,1704.52514648,1589.49658203,1121.58093262,274.098327637,230.888275146,228.707901001,549.018371582,52.6888008118,22.006357193,11.4819402695,13.1003341675,9.37619495392,4.4131064415,2.26752328873,1.21740996838,0.46214401722,0.111046910286,0.0205743368715,0.00368418032303,0.000306253583403,0.00000268138819592,5.04200547979e-9],"dvar2":[0.11267106235,29.0389575958,52.1820602417,25.886302948,395.835083008,1144.93005371,662.983093262,1849.94445801,1859.67150879,2510.22729492,1234.7989502,4661.06884766,3203.05737305,5449.96582031,6571.54980469,3039.61523438,11437.3300781,1940.11499023,4251.35205078,3918.06738281,2591.5949707,669.949035645,529.651611328,550.83404541,1171.57434082,110.03943634,47.5447616577,23.9792556763,26.9314155579,18.1030921936,8.30069255829,4.19053697586,2.16794085503,0.77594357729,0.181744888425,0.0337406918406,0.00716095650569,0.000679963734001,0.00000469664337288,8.00544430746e-9],"max":[2.36820054054,43.0146369934,56.9458656311,50.2465896606,175.803405762,284.787567139,243.911087036,649.854614258,556.54864502,577.305114746,648.200927734,1092.40930176,1040.43786621,1349.85791016,1534.59985352,894.785766602,1963.67712402,935.104614258,1176.02709961,1024.51916504,1472.55529785,878.748352051,436.316986084,833.502502441,798.27911377,260.430114746,96.177444458,49.8268890381,61.493396759,87.0039825439,66.2907867432,34.3334236145,35.0554275513,10.5266208649,4.8594379425,3.34530591965,1.41263759136,0.368850171566,0.0252961087972,0.000943989900406],"mean":[0.140933051705,2.10931944847,3.48220133781,3.21101093292,10.0459957123,21.336227417,15.751458168,23.7588405609,21.2386455536,17.4043865204,21.2507476807,36.5481033325,29.2658958435,37.0864677429,41.8117294312,42.5490531921,43.0175285339,25.0492763519,27.8364963531,36.8800582886,31.6536655426,17.7613220215,16.8989696503,13.1340484619,17.0613956451,9.05427837372,5.94304227829,4.30091905594,4.45393657684,3.07144427299,2.01900887489,1.38165891171,1.09724569321,0.706908643246,0.347284853458,0.143838152289,0.0475448071957,0.010864100419,0.00124853209127,0.000085788393335],"median":[0.0675137042999,0.76956307888,1.83304059505,2.1081404686,5.87483882904,14.8188495636,8.8746547699,13.0510349274,10.0201740265,8.71370315552,8.74981594086,15.1762752533,11.3490695953,11.6254034042,11.4410362244,16.4317703247,14.0039520264,8.77147769928,7.17429447174,13.5083560944,14.5378665924,9.50911521912,7.77092218399,7.5707192421,7.44134712219,4.34278583527,3.37773561478,2.71960926056,2.53662204742,1.40691637993,0.730786442757,0.425684928894,0.316582113504,0.194391280413,0.0963795855641,0.0353557728231,0.00774459261447,0.000976135022938,0.0000978182943072,0.0000368610635633],"min":[4.02720212733e-9,1.40018299177e-8,1.15953460167e-8,8.53723580718e-9,4.50215331682e-9,6.06710193196e-9,6.95437840648e-9,1.11813713843e-8,1.86178734651e-8,3.59439376041e-8,2.24995435616e-8,2.31472849777e-8,3.69289878677e-8,4.13110825548e-8,3.40933468124e-8,3.75201913982e-8,2.99521261127e-8,3.37096288661e-8,3.65056074259e-8,3.09363805684e-8,2.76596079374e-8,2.2481007278e-8,2.15016928706e-8,2.18280575837e-8,2.81809047209e-8,1.5839475509e-8,9.8674961535e-9,1.1886920781e-8,9.25624110693e-9,9.86461756725e-9,6.77981182307e-9,5.65349456139e-9,5.35056532414e-9,1.93315075059e-9,1.3587395653e-9,1.88224147379e-9,9.05536701179e-10,4.05343758558e-10,1.1436085412e-10,1.70155781826e-11],"var":[0.0644055828452,19.6542377472,27.3099021912,14.0764560699,170.859237671,522.337585449,420.127990723,1019.08453369,1211.0513916,1086.01513672,1846.85913086,3956.24755859,3454.47412109,5453.4921875,11505.96875,5120.1875,10349.03125,2979.51318359,5066.25927734,4710.14941406,3321.87841797,700.09375,773.40222168,410.291564941,1156.09204102,192.101074219,61.4541435242,25.7832889557,31.9598464966,20.0669250488,10.084526062,5.3380241394,3.20327782631,1.30623340607,0.31590873003,0.0588495135307,0.00770493643358,0.000500957074109,0.00000654089262753,1.41418867727e-8]},"erbbands_crest":{"dmean":2.49361801147,"dmean2":3.9229722023,"dvar":5.97069263458,"dvar2":13.7965574265,"max":30.5939445496,"mean":9.30220317841,"median":8.1788225174,"min":1.74557709694,"var":19.8014259338},"erbbands_flatness_db":{"dmean":0.018044533208,"dmean2":0.0237506739795,"dvar":0.000413205125369,"dvar2":0.000686564831994,"max":0.33525750041,"mean":0.151581719518,"median":0.152199178934,"min":0.0202957093716,"var":0.00220799725503},"erbbands_kurtosis":{"dmean":0.735227048397,"dmean2":1.15186035633,"dvar":1.19420528412,"dvar2":2.69042801857,"max":49.3065032959,"mean":0.393942385912,"median":-0.0105378627777,"min":-1.76796102524,"var":3.09790682793},"erbbands_skewness":{"dmean":0.309528440237,"dmean2":0.471521764994,"dvar":0.0899870768189,"dvar2":0.199075624347,"max":4.23640871048,"mean":0.302930951118,"median":0.306466400623,"min":-3.05297255516,"var":0.4678196311},"erbbands_spread":{"dmean":7.06907463074,"dmean2":10.1555109024,"dvar":56.7293777466,"dvar2":113.24344635,"max":192.885040283,"mean":37.1315078735,"median":33.6787223816,"min":2.01410746574,"var":339.766876221},"gfcc":{"cov":[[8720.37109375,-736.307006836,-347.045715332,-41.4069061279,-330.602996826,112.41305542,-335.84262085,71.2853927612,-263.30557251,71.099395752,-167.343215942,-8.23141956329,-127.995910645],[-736.307006836,1234.47827148,-434.658813477,-8.50908470154,174.565414429,-173.322052002,165.416687012,-105.093917847,71.0268936157,-116.117950439,54.6102714539,-53.5031242371,56.9873161316],[-347.045715332,-434.658813477,1082.05944824,-23.7777004242,-37.884349823,160.707382202,-98.1337814331,77.5843658447,36.219783783,65.2291183472,-23.1224250793,24.1512203217,-58.4775047302],[-41.4069061279,-8.50908470154,-23.7777004242,284.651916504,38.5603942871,-14.4716863632,31.2754745483,7.19880104065,35.3229141235,3.94613623619,2.61074280739,-0.0213855914772,-12.5724725723],[-330.602996826,174.565414429,-37.884349823,38.5603942871,207.944793701,0.533769845963,55.4143791199,-1.61720120907,28.9595928192,-5.34150266647,10.8071584702,2.48302197456,13.6664857864],[112.41305542,-173.322052002,160.707382202,-14.4716863632,0.533769845963,172.633956909,-0.0457117445767,35.8254165649,-20.3173351288,22.9690418243,-2.5766825676,2.252784729,-9.85325050354],[-335.84262085,165.416687012,-98.1337814331,31.2754745483,55.4143791199,-0.0457117445767,159.953033447,4.10887289047,28.9699440002,-15.5385704041,11.893614769,-3.64318656921,6.21583175659],[71.2853927612,-105.093917847,77.5843658447,7.19880104065,-1.61720120907,35.8254165649,4.10887289047,110.5779953,22.1383304596,11.8362817764,-7.38601541519,-3.5202126503,-1.77255702019],[-263.30557251,71.0268936157,36.219783783,35.3229141235,28.9595928192,-20.3173351288,28.9699440002,22.1383304596,100.884300232,18.1494312286,-1.50158989429,-9.24573135376,0.480598241091],[71.099395752,-116.117950439,65.2291183472,3.94613623619,-5.34150266647,22.9690418243,-15.5385704041,11.8362817764,18.1494312286,74.3191375732,17.8844013214,3.79866218567,-15.3347702026],[-167.343215942,54.6102714539,-23.1224250793,2.61074280739,10.8071584702,-2.5766825676,11.893614769,-7.38601541519,-1.50158989429,17.8844013214,64.4642715454,15.0264549255,-8.56703853607],[-8.23141956329,-53.5031242371,24.1512203217,-0.0213855914772,2.48302197456,2.252784729,-3.64318656921,-3.5202126503,-9.24573135376,3.79866218567,15.0264549255,61.2590255737,14.2643089294],[-127.995910645,56.9873161316,-58.4775047302,-12.5724725723,13.6664857864,-9.85325050354,6.21583175659,-1.77255702019,0.480598241091,-15.3347702026,-8.56703853607,14.2643089294,69.1783599854]],"icov":[[0.000171590974787,-0.0000764689757489,0.000152542241267,-0.000051697534218,0.000160221214173,-0.000139045048854,0.00030037961551,-0.00024354463676,0.0004147515574,-0.000418673327658,0.00070823833812,-0.000295614649076,0.000468313664896],[-0.0000764689757489,0.00203421106562,0.000113447058538,0.000472235813504,-0.00108683505096,0.000969571701717,-0.00101762835402,0.0014585533645,-0.00172962318175,0.00304104574025,-0.00292462529615,0.00232622888871,-0.00130959565286],[0.000152542241267,0.000113447058538,0.0015019425191,0.000131785127451,0.0000810001802165,-0.00120961188804,0.00102607614826,-0.000450169813121,-0.000760942988563,-0.000335823948262,0.00105716276448,-0.00109355291352,0.00147757830564],[-0.000051697534218,0.000472235813504,0.000131785127451,0.00394975440577,-0.000794405757915,0.000415455346229,-0.000645291351248,0.000226323827519,-0.00159918854479,0.000770512968302,-0.000506679411046,0.00000889055900188,0.000741782307159],[0.000160221214173,-0.00108683505096,0.0000810001802165,-0.000794405757915,0.00628065643832,-0.00106841721572,-0.000708970299456,-0.000479493435705,-0.000150498424773,-0.00133694778197,0.00106462114491,-0.00142360816244,-0.0000956147923716],[-0.000139045048854,0.000969571701717,-0.00120961188804,0.000415455346229,-0.00106841721572,0.00860935822129,-0.00208485266194,-0.00133060861845,0.00249882298522,-0.00094201992033,-0.00113399210386,0.00181360461283,-0.00115298258606],[0.00030037961551,-0.00101762835402,0.00102607614826,-0.000645291351248,-0.000708970299456,-0.00208485266194,0.0091444933787,-0.00126676470973,-0.00144475989509,0.00058622326469,0.00060323002981,-0.00146320206113,0.00164954271168],[-0.00024354463676,0.0014585533645,-0.000450169813121,0.000226323827519,-0.000479493435705,-0.00133060861845,-0.00126676470973,0.0118832755834,-0.00414145085961,0.00207247422077,-0.00185616093222,0.00223175389692,-0.00186989258509],[0.0004147515574,-0.00172962318175,-0.000760942988563,-0.00159918854479,-0.000150498424773,0.00249882298522,-0.00144475989509,-0.00414145085961,0.0164136830717,-0.00787234399468,0.00483906175941,0.000124293655972,0.00038222243893],[-0.000418673327658,0.00304104574025,-0.000335823948262,0.000770512968302,-0.00133694778197,-0.00094201992033,0.00058622326469,0.00207247422077,-0.00787234399468,0.0232122018933,-0.0108332093805,0.00301827932708,-0.0000570443335164],[0.00070823833812,-0.00292462529615,0.00105716276448,-0.000506679411046,0.00106462114491,-0.00113399210386,0.00060323002981,-0.00185616093222,0.00483906175941,-0.0108332093805,0.0259087309241,-0.00947924144566,0.0067756860517],[-0.000295614649076,0.00232622888871,-0.00109355291352,0.00000889055900188,-0.00142360816244,0.00181360461283,-0.00146320206113,0.00223175389692,0.000124293655972,0.00301827932708,-0.00947924144566,0.0227659773082,-0.00785777531564],[0.000468313664896,-0.00130959565286,0.00147757830564,0.000741782307159,-0.0000956147923716,-0.00115298258606,0.00164954271168,-0.00186989258509,0.00038222243893,-0.0000570443335164,0.0067756860517,-0.00785777531564,0.0198870990425]],"mean":[3.74504852295,104.171340942,-112.101844788,30.4730072021,-50.4664955139,10.7061729431,-33.9235649109,4.5845375061,-23.5175685883,1.00559091568,-14.3984451294,3.86194396019,-6.23373746872]},"hfc":{"dmean":5.23538923264,"dmean2":7.08727884293,"dvar":48.1259384155,"dvar2":90.6707458496,"max":117.200775146,"mean":19.5623779297,"median":15.5954885483,"min":7.04841838228e-8,"var":240.716583252},"melbands":{"dmean":[0.00131843297277,0.00150555477012,0.000372343900381,0.000758460198995,0.000344943953678,0.00029803533107,0.000192935753148,0.000121280536405,0.0000930793830776,0.000129228981677,0.0000788026009104,0.0000839224740048,0.0000617963160039,0.0000602759537287,0.0000448905811936,0.00005139815039,0.0000223699807975,0.0000253167017945,0.0000194915246539,0.0000323067033605,0.000015870324205,0.0000108040576379,0.00000746526666262,0.00000714818042979,0.00000558019883101,0.00000675540741213,0.00000473114732813,0.00000251703795584,0.0000019917777081,0.00000151270114657,0.00000128323699755,0.00000140769122936,0.00000115067825845,8.61026364873e-7,6.71712768963e-7,4.9927928103e-7,4.81133440644e-7,4.41049024857e-7,3.67889299469e-7,3.07188031456e-7],"dmean2":[0.00200165295973,0.0023000407964,0.000619643484242,0.00128885381855,0.000579929619562,0.000487204786623,0.000309118826408,0.000193645813852,0.000142410353874,0.000194781212485,0.000123547230032,0.000130899265059,0.0000954976276262,0.0000919935991988,0.000069103698479,0.0000818973494461,0.0000341766062775,0.0000393309928768,0.0000303584329231,0.0000508187367814,0.0000242217065534,0.0000170142029674,0.0000116644732771,0.0000111823101179,0.00000880028619576,0.0000106043617052,0.00000722065715308,0.0000038458756535,0.00000302039620692,0.00000224581458497,0.00000193218215827,0.00000210049188354,0.00000165940207353,0.00000123404277019,9.15860539408e-7,6.98425651535e-7,6.5113437131e-7,5.81340373174e-7,4.88305317958e-7,4.00906003506e-7],"dvar":[0.0000100913566712,0.0000115121511044,4.10443050214e-7,0.00000169904524228,3.13290968279e-7,3.06549594598e-7,1.81304216085e-7,9.21031144685e-8,3.81675455685e-8,8.22556458502e-8,3.65719188267e-8,4.32420428353e-8,3.32955103488e-8,1.57595856365e-8,1.02876107633e-8,2.33779768877e-8,3.59863583377e-9,5.23259258145e-9,2.37692443505e-9,5.94635540807e-9,1.1704694991e-9,4.90278040388e-10,2.49275738939e-10,2.18634832461e-10,1.92032584279e-10,2.84636897385e-10,1.07032889496e-10,2.29128209461e-11,1.33506461095e-11,6.41659728823e-12,4.58431990286e-12,5.83392362197e-12,4.62644289198e-12,3.12803168784e-12,1.69035521257e-12,1.37866237523e-12,9.10219490925e-13,7.42267087638e-13,4.82499348635e-13,3.19021827185e-13],"dvar2":[0.0000210721918847,0.000025065128284,0.0000010820431271,0.00000480211656395,8.37846300783e-7,8.15760699879e-7,4.25926259595e-7,2.26495046718e-7,8.22790795496e-8,1.99325825179e-7,8.60650288814e-8,1.08004016397e-7,7.63685292782e-8,3.52235041134e-8,2.41794531064e-8,6.21748910135e-8,7.71157537827e-9,1.24978134508e-8,5.56787327355e-9,1.48169281289e-8,2.64892308088e-9,1.18146081807e-9,5.54401580199e-10,4.93286467229e-10,4.65941285555e-10,6.40591690804e-10,2.21541798795e-10,4.99417486532e-11,3.07949499234e-11,1.35472379842e-11,1.01543192257e-11,1.30944231153e-11,9.83334594307e-12,6.42253914981e-12,3.20100564978e-12,3.06646526747e-12,1.71420885299e-12,1.39496508962e-12,9.14260312422e-13,5.50979184152e-13],"max":[0.0346562936902,0.0398981384933,0.00978522188962,0.0179250314832,0.00913792010397,0.0126072866842,0.00878150202334,0.00539982505143,0.00513760559261,0.00748120713979,0.00512880599126,0.00631045131013,0.00725948577747,0.00428844569251,0.00322908908129,0.00538825849071,0.00208102096803,0.0018146187067,0.0011418403592,0.00226018740796,0.00142143457197,0.00102771061938,0.000455986853922,0.000448527076514,0.000845287926495,0.000535938015673,0.000307494454319,0.000145639976836,0.0000868786446517,0.0000882078675204,0.0000497841392644,0.0000579920415475,0.0000626888067927,0.0000487518009322,0.000034466283978,0.0000565129848837,0.0000218579589273,0.0000261341283476,0.0000173391708813,0.00000906961759028],"mean":[0.00186324934475,0.00231219525449,0.000665376777761,0.0012716143392,0.000603502383456,0.00052261975361,0.000319960032357,0.000177861962584,0.000173354928847,0.000227283453569,0.000144136152812,0.000153955072165,0.000123888195958,0.000123096004245,0.0000883431639522,0.0000870685835253,0.0000416800940002,0.0000444464567408,0.0000363461040251,0.0000638686469756,0.000031065857911,0.0000209965965041,0.0000144035411722,0.0000141741784319,0.00000986332270259,0.0000125780188682,0.00000923241532291,0.00000543756959814,0.00000387665613744,0.0000029132486361,0.00000241382713284,0.00000270321311291,0.0000020593379304,0.00000157045190008,0.00000123186566725,8.70343342285e-7,8.37576635604e-7,8.01775627224e-7,6.71105567562e-7,5.68947427837e-7],"median":[0.000780129572377,0.0010735464748,0.0004322102468,0.000857263454236,0.000394277187297,0.000294507219223,0.00015664534294,0.0000907205103431,0.000068520224886,0.0000902592073544,0.0000517000007676,0.0000424185709562,0.0000294236233458,0.0000448535720352,0.0000326799236063,0.0000249319818977,0.0000112806847028,0.00000948970591708,0.000010987031601,0.0000214421634155,0.0000143572269735,0.00000969482880464,0.00000549660853721,0.00000663173477733,0.00000527736847289,0.00000532790818397,0.000004059463663,0.00000236406003751,0.00000192536163013,0.00000169380450643,0.00000146103047882,0.00000148249137055,0.00000107563380425,6.09270216501e-7,4.21194442879e-7,3.03539820834e-7,2.33629549484e-7,2.27291309329e-7,1.82622841294e-7,1.53149898097e-7],"min":[3.46231585069e-11,1.23590764359e-12,6.71760390369e-13,2.39480690053e-13,2.03759047395e-13,1.56150374749e-13,2.88731115839e-13,3.02522845099e-13,1.47793073352e-13,1.01264550673e-13,1.59811928773e-13,1.68391315431e-13,7.30759379332e-14,9.95638508162e-14,8.61096133634e-14,5.92731565869e-14,6.16853573429e-14,5.90585590957e-14,4.69470382708e-14,3.81212260109e-14,2.94957268787e-14,2.46252552448e-14,1.53708748068e-14,2.33844502329e-14,1.70856709857e-14,1.38506014383e-14,2.52475855977e-14,7.15521934237e-15,5.87491210194e-15,7.3338882371e-15,6.65240999697e-15,3.6027042928e-15,9.24508425138e-15,3.57622858397e-15,3.92213693435e-15,4.21467246818e-15,2.773434897e-15,3.64018126555e-15,3.36829512443e-15,1.11536536165e-15],"var":[0.0000137067809192,0.0000165813835338,5.93665390625e-7,0.00000206453773899,4.62848475991e-7,4.67843676688e-7,2.73408801377e-7,1.02675357994e-7,1.19410856314e-7,1.67497134385e-7,9.0823853327e-8,1.04898909115e-7,1.13590225226e-7,5.46573488691e-8,2.89583130808e-8,5.20197254161e-8,1.24028165516e-8,1.56707216092e-8,6.58753629423e-9,1.60252540127e-8,3.07193226412e-9,1.24346366537e-9,6.73780975458e-10,5.47256295835e-10,3.11472903025e-10,6.13493755797e-10,2.42471237533e-10,7.93150128908e-11,3.47219301922e-11,1.39745480812e-11,8.93517291406e-12,1.3049037545e-11,8.45359546253e-12,6.168689691e-12,3.86498255275e-12,2.33883854124e-12,2.09399966984e-12,1.79988023184e-12,1.19888517516e-12,8.67548546023e-13]},"melbands_crest":{"dmean":2.77118897438,"dmean2":4.51214265823,"dvar":6.12086486816,"dvar2":16.1078643799,"max":39.9942550659,"mean":12.5280866623,"median":11.8216056824,"min":3.64354085922,"var":21.0548496246},"melbands_flatness_db":{"dmean":0.024717412889,"dmean2":0.0358256623149,"dvar":0.000631256902125,"dvar2":0.00133637443651,"max":0.632161676884,"mean":0.207733258605,"median":0.196755021811,"min":0.0694461837411,"var":0.00393384462222},"melbands_kurtosis":{"dmean":11.5806474686,"dmean2":17.3230113983,"dvar":18289.3828125,"dvar2":40088.21875,"max":17242.8457031,"mean":38.2611274719,"median":6.82042980194,"min":-1.7986342907,"var":291226.53125},"melbands_skewness":{"dmean":0.679077625275,"dmean2":1.00272274017,"dvar":0.989172875881,"dvar2":1.93186509609,"max":126.240036011,"mean":2.72252058983,"median":2.264367342,"min":-1.35551953316,"var":24.6792621613},"melbands_spread":{"dmean":5.52735042572,"dmean2":8.33282852173,"dvar":40.4212684631,"dvar2":86.1731948853,"max":111.276405334,"mean":21.449174881,"median":19.3799591064,"min":0.0500040352345,"var":175.132003784},"mfcc":{"cov":[[6550.21386719,-625.978149414,-272.987365723,-132.233657837,-109.533630371,-81.2997894287,-20.7858333588,-98.7758026123,-66.7373809814,-4.9645986557,-87.5391464233,-36.65051651,-19.5674629211],[-625.978149414,1067.12072754,-311.628814697,88.033241272,-29.6676940918,11.6277990341,6.87695169449,38.9059524536,8.5017414093,-43.9865951538,29.335723877,-42.2607727051,-8.1157207489],[-272.987365723,-311.628814697,855.351135254,-106.170570374,148.13633728,11.2997426987,-15.7572851181,-4.92020606995,10.1187524796,63.7433738708,-2.0710413456,58.1838035583,-14.256570816],[-132.233657837,88.033241272,-106.170570374,288.895935059,1.00149214268,28.4922790527,-18.0937747955,23.4614906311,19.0410842896,-9.30955600739,26.2012863159,4.45024061203,39.5219497681],[-109.533630371,-29.6676940918,148.13633728,1.00149214268,174.831314087,15.4102344513,4.78098058701,2.43631291389,13.4704856873,15.2062559128,-5.9894285202,17.1001739502,4.0147986412],[-81.2997894287,11.6277990341,11.2997426987,28.4922790527,15.4102344513,114.948173523,32.2006874084,6.83757686615,6.04148721695,-8.42372512817,14.346657753,10.4220247269,6.58022928238],[-20.7858333588,6.87695169449,-15.7572851181,-18.0937747955,4.78098058701,32.2006874084,102.483543396,31.5215148926,1.46666049957,1.78492426872,8.22941017151,2.38027787209,-1.24024951458],[-98.7758026123,38.9059524536,-4.92020606995,23.4614906311,2.43631291389,6.83757686615,31.5215148926,84.0041275024,32.2913894653,-2.06016111374,10.7944908142,3.22463321686,4.19646501541],[-66.7373809814,8.5017414093,10.1187524796,19.0410842896,13.4704856873,6.04148721695,1.46666049957,32.2913894653,88.6006469727,30.4629650116,-3.920835495,-5.70670223236,0.978424370289],[-4.9645986557,-43.9865951538,63.7433738708,-9.30955600739,15.2062559128,-8.42372512817,1.78492426872,-2.06016111374,30.4629650116,88.3830413818,15.4596614838,-4.64009857178,-7.36201620102],[-87.5391464233,29.335723877,-2.0710413456,26.2012863159,-5.9894285202,14.346657753,8.22941017151,10.7944908142,-3.920835495,15.4596614838,80.7619857788,30.2261962891,0.510581970215],[-36.65051651,-42.2607727051,58.1838035583,4.45024061203,17.1001739502,10.4220247269,2.38027787209,3.22463321686,-5.70670223236,-4.64009857178,30.2261962891,77.9776306152,26.2681732178],[-19.5674629211,-8.1157207489,-14.256570816,39.5219497681,4.0147986412,6.58022928238,-1.24024951458,4.19646501541,0.978424370289,-7.36201620102,0.510581970215,26.2681732178,68.1373138428]],"icov":[[0.000174490094651,0.000119305754197,0.000101849764178,0.0000424624413426,0.0000402387195209,0.000056779535953,-0.00000753082395022,0.0000917568831937,0.0000759939139243,-0.0000457199384982,0.000134451503982,-0.0000167605358001,0.0000467808022222],[0.000119305754197,0.00120791059453,0.000425221020123,-0.0000762906129239,-0.000205389893381,-0.00000600787689109,0.000137858442031,-0.00033885272569,-0.0000596771897108,0.000490295118652,-0.00060163193848,0.000660549092572,0.000151102722157],[0.000101849764178,0.000425221020123,0.00182547024451,0.000539275875781,-0.001199588296,-0.000392746471334,0.000736535177566,-0.000586228270549,0.000456718989881,-0.00116218428593,0.00052260508528,-0.00125634355936,0.000655467563774],[0.0000424624413426,-0.0000762906129239,0.000539275875781,0.00457499455661,-0.000488180550747,-0.00118909741286,0.00174888980109,-0.00118880625814,-0.000516905565746,0.000281120475847,-0.00172361265868,0.00112388969865,-0.00267162779346],[0.0000402387195209,-0.000205389893381,-0.001199588296,-0.000488180550747,0.00707676354796,-0.000601444276981,-0.000568565505091,0.000367035187082,-0.000671380548738,-0.000629787158687,0.00146638648584,-0.0013158096699,0.0000652852177154],[0.000056779535953,-0.00000600787689109,-0.000392746471334,-0.00118909741286,-0.000601444276981,0.0107102906331,-0.00410944735631,0.00211354857311,-0.00189889920875,0.00237668771297,-0.00189814448822,-0.0000503606133861,-0.000263027352048],[-0.00000753082395022,0.000137858442031,0.000736535177566,0.00174888980109,-0.000568565505091,-0.00410944735631,0.0133985569701,-0.00624061422423,0.00259334756993,-0.00188953301404,0.0000288555020234,0.0000238547363551,-0.0000382649777748],[0.0000917568831937,-0.00033885272569,-0.000586228270549,-0.00118880625814,0.000367035187082,0.00211354857311,-0.00624061422423,0.0180519167334,-0.00770184583962,0.0039411499165,-0.00279220356606,0.000360636680853,-0.000479924230604],[0.0000759939139243,-0.0000596771897108,0.000456718989881,-0.000516905565746,-0.000671380548738,-0.00189889920875,0.00259334756993,-0.00770184583962,0.0170219112188,-0.00721524050459,0.00367581378669,-0.000357093522325,0.0002406998683],[-0.0000457199384982,0.000490295118652,-0.00116218428593,0.000281120475847,-0.000629787158687,0.00237668771297,-0.00188953301404,0.0039411499165,-0.00721524050459,0.0166073795408,-0.00607761833817,0.00373692135327,-0.0003276237112],[0.000134451503982,-0.00060163193848,0.00052260508528,-0.00172361265868,0.00146638648584,-0.00189814448822,0.0000288555020234,-0.00279220356606,0.00367581378669,-0.00607761833817,0.01893851161,-0.0093180090189,0.00408634869382],[-0.0000167605358001,0.000660549092572,-0.00125634355936,0.00112388969865,-0.0013158096699,-0.0000503606133861,0.0000238547363551,0.000360636680853,-0.000357093522325,0.00373692135327,-0.0093180090189,0.0209588687867,-0.00838159304112],[0.0000467808022222,0.000151102722157,0.000655467563774,-0.00267162779346,0.0000652852177154,-0.000263027352048,-0.0000382649777748,-0.000479924230604,0.0002406998683,-0.0003276237112,0.00408634869382,-0.00838159304112,0.0196066554636]],"mean":[-640.674499512,134.834991455,-0.417674660683,26.0324478149,4.35700273514,7.83141040802,0.474012106657,3.72270655632,0.0464306473732,-3.6346051693,-2.23656535149,-2.65115332603,3.3583574295]},"pitch_salience":{"dmean":0.0690861195326,"dmean2":0.111312389374,"dvar":0.00440298439935,"dvar2":0.0108234090731,"max":0.86147159338,"mean":0.556092023849,"median":0.565917015076,"min":0.0014880989911,"var":0.0125248730183},"silence_rate_20dB":{"dmean":0,"dmean2":0,"dvar":0,"dvar2":0,"max":1,"mean":1,"median":1,"min":1,"var":0},"silence_rate_30dB":{"dmean":0.0267039500177,"dmean2":0.0534116327763,"dvar":0.0259882453829,"dvar2":0.0644034594297,"max":1,"mean":0.979239463806,"median":1,"min":0,"var":0.0203267578036},"silence_rate_60dB":{"dmean":0.00754980789497,"dmean2":0.0151006709784,"dvar":0.00749145168811,"dvar2":0.0171106308699,"max":1,"mean":0.0316650345922,"median":0,"min":0,"var":0.0306621808559},"spectral_centroid":{"dmean":206.704406738,"dmean2":311.435394287,"dvar":49310.3242188,"dvar2":104237.914062,"max":4046.05200195,"mean":1182.24035645,"median":1128.92004395,"min":168.54397583,"var":290431.40625},"spectral_complexity":{"dmean":3.40692067146,"dmean2":5.03677272797,"dvar":13.8257331848,"dvar2":25.6900882721,"max":54,"mean":18.2708644867,"median":17,"min":0,"var":67.8973617554},"spectral_contrast_coeffs":{"dmean":[0.0489562302828,0.0465554594994,0.0396488495171,0.0319767929614,0.023393124342,0.0199258178473],"dmean2":[0.0822876617312,0.0765537470579,0.0627125799656,0.0500275716186,0.0359790027142,0.0305987391621],"dvar":[0.00173401564825,0.00141325662844,0.00107547617517,0.000754856213462,0.000433130742749,0.000506866432261],"dvar2":[0.00481038447469,0.0037872151006,0.00255364272743,0.00171815836802,0.000899297941942,0.000996574992314],"max":[-0.33880841732,-0.383886992931,-0.459468394518,-0.481371313334,-0.538397073746,-0.553883910179],"mean":[-0.646835565567,-0.715212762356,-0.738747954369,-0.751170217991,-0.774194657803,-0.758917868137],"median":[-0.65165990591,-0.719063818455,-0.743845105171,-0.76098048687,-0.779085636139,-0.762700915337],"min":[-0.946284770966,-0.963705360889,-0.958748042583,-0.943786799908,-0.936186552048,-0.921185553074],"var":[0.00496110413224,0.0049615749158,0.00487287528813,0.00448455801234,0.00253339903429,0.00244103767909]},"spectral_contrast_valleys":{"dmean":[0.400565117598,0.37244233489,0.342046439648,0.317939579487,0.28374543786,0.340258985758],"dmean2":[0.656928300858,0.570539832115,0.524646818638,0.470200657845,0.391246855259,0.39635977149],"dvar":[0.135938078165,0.101833514869,0.0934765413404,0.0946850329638,0.0977071672678,0.241922736168],"dvar2":[0.321636646986,0.215415239334,0.204312339425,0.183818057179,0.164415091276,0.389187544584],"max":[-4.81977367401,-4.57993650436,-5.18462753296,-5.83095264435,-5.97292375565,-8.06231117249],"mean":[-6.92138576508,-6.72429895401,-7.28059053421,-7.77328824997,-7.78852128983,-10.34071064],"median":[-6.79913234711,-6.63920021057,-7.17136383057,-7.66043949127,-7.6118721962,-10.2054624557],"min":[-18.3154144287,-18.6304359436,-18.6073379517,-19.164390564,-17.7821102142,-19.5887641907],"var":[0.968367099762,0.909546136856,0.929701507092,0.91250038147,0.968257784843,1.39660954475]},"spectral_decrease":{"dmean":2.79628653566e-9,"dmean2":4.08305300681e-9,"dvar":2.08456694291e-17,"dvar2":4.0584137756e-17,"max":-6.52924759479e-17,"mean":-7.66779351125e-9,"median":-5.92061333293e-9,"min":-5.78930183792e-8,"var":4.26763322968e-17},"spectral_energy":{"dmean":0.0109255071729,"dmean2":0.0158848427236,"dvar":0.000308131566271,"dvar2":0.00059786811471,"max":0.222363993526,"mean":0.0307143516839,"median":0.0238744076341,"min":2.52822235369e-10,"var":0.000652588147204},"spectral_energyband_high":{"dmean":0.0002317687904,"dmean2":0.00028569722781,"dvar":1.35736016205e-7,"dvar2":2.12980708625e-7,"max":0.00565845798701,"mean":0.00055591808632,"median":0.000313339929562,"min":2.81983724565e-12,"var":4.40816592118e-7},"spectral_energyband_low":{"dmean":0.00686092488468,"dmean2":0.0103225624189,"dvar":0.000245804782026,"dvar2":0.000507101649418,"max":0.183910682797,"mean":0.011174460873,"median":0.00568662304431,"min":1.59879998129e-10,"var":0.000364186096704},"spectral_energyband_middle_high":{"dmean":0.00189817254432,"dmean2":0.00283033959568,"dvar":0.00000833890499052,"dvar2":0.0000193098585441,"max":0.0729795768857,"mean":0.00650697341189,"median":0.00398432184011,"min":6.90952156601e-12,"var":0.0000552889941901},"spectral_energyband_middle_low":{"dmean":0.00521761458367,"dmean2":0.00828090216964,"dvar":0.0000654098330415,"dvar2":0.0001622436248,"max":0.0970404073596,"mean":0.0129223763943,"median":0.0105095468462,"min":1.40146496838e-11,"var":0.000111956622277},"spectral_entropy":{"dmean":0.160242959857,"dmean2":0.222569659352,"dvar":0.031096521765,"dvar2":0.0563571974635,"max":8.86706161499,"mean":7.4667301178,"median":7.50908851624,"min":5.53349876404,"var":0.161559894681},"spectral_flux":{"dmean":0.0280542429537,"dmean2":0.0441277623177,"dvar":0.00111253443174,"dvar2":0.00267183012329,"max":0.347380369902,"mean":0.0841507986188,"median":0.0739548578858,"min":0.0000329286303895,"var":0.00247974554077},"spectral_kurtosis":{"dmean":1.7014247179,"dmean2":2.74530506134,"dvar":6.24469900131,"dvar2":15.8835639954,"max":60.9328193665,"mean":5.07621145248,"median":4.21980381012,"min":-0.908669948578,"var":14.7708463669},"spectral_rms":{"dmean":0.000865590234753,"dmean2":0.00122514332179,"dvar":0.00000125010069496,"dvar2":0.00000223594679483,"max":0.0147288991138,"mean":0.00508288154379,"median":0.00482618948445,"min":4.96644588566e-7,"var":0.00000412947565565},"spectral_rolloff":{"dmean":301.506469727,"dmean2":492.903656006,"dvar":207610.296875,"dvar2":447644.5625,"max":8634.81445312,"mean":1132.7791748,"median":1012.06054688,"min":21.533203125,"var":600425.75},"spectral_skewness":{"dmean":0.216837123036,"dmean2":0.333218306303,"dvar":0.0647646039724,"dvar2":0.1506228894,"max":6.42536973953,"mean":1.65006256104,"median":1.57654976845,"min":0.232264220715,"var":0.254970103502},"spectral_spread":{"dmean":549044.375,"dmean2":701888.9375,"dvar":486638223360,"dvar2":845186465792,"max":12367010,"mean":4526609.5,"median":4139961.5,"min":1278167.75,"var":2732994854910},"spectral_strongpeak":{"dmean":0.610892772675,"dmean2":1.04789853096,"dvar":1.20647919178,"dvar2":3.10515666008,"max":14.5402593613,"mean":1.01326131821,"median":0.549417376518,"min":0,"var":1.87564265728},"zerocrossingrate":{"dmean":0.00823964830488,"dmean2":0.00937538221478,"dvar":0.0000622447623755,"dvar2":0.0000755095898057,"max":0.20703125,"mean":0.0517198927701,"median":0.05029296875,"min":0,"var":0.000505525444169}},"metadata":{"audio_properties":{"analysis_sample_rate":44100,"bit_rate":0,"codec":"flac","downmix":"mix","equal_loudness":0,"length":332.14666748,"lossless":true,"md5_encoded":"d95f583a843c063528ddbb81226f24a8","replay_gain":-11.3968601227},"tags":{"album":["After the Gold Rush"],"albumartist":["Neil Young"],"albumartistsort":["Young, Neil"],"albumsort":["After the Gold Rush (1987, Young, Neil, 79570854-e6f2-4d86-8aef-fabe194166e5)"],"artist":["Neil Young"],"artists":["Neil Young"],"artistsort":["Young, Neil"],"asin":["B000002KD9"],"barcode":["075992724326"],"catalognumber":["2283-2"],"composer":["Neil Young"],"composersort":["Young, Neil"],"date":["1987"],"discnumber":["1"],"disctotal":["1"],"file_name":"04 - Neil Young - Southern Man.flac","genre":["Rock"],"isrc":["USRE10900211","USRE19900253"],"label":["Reprise Records"],"language":["eng"],"lyricist":["Neil Young"],"media":["CD"],"musicbrainz_albumartistid":["75167b8b-44e4-407b-9d35-effe87b223cf"],"musicbrainz_albumid":["79570854-e6f2-4d86-8aef-fabe194166e5"],"musicbrainz_artistid":["75167b8b-44e4-407b-9d35-effe87b223cf"],"musicbrainz_recordingid":["843c6839-ed55-4085-bc5a-7116cbd9f21d"],"musicbrainz_releasegroupid":["b6a3952b-9977-351c-a80a-73e023143858"],"musicbrainz_releasetrackid":["ab41fa32-bfa2-3bb0-a56a-f684004e06f2"],"musicbrainz_workid":["c488dd6d-48a1-34bc-9ca3-cfa159710b1a"],"musicip_puid":["6889eeff-e0cb-87ce-c3a1-8220828e32d5"],"originaldate":["1970-09-19"],"performer":["Billy Talbot (bass guitar)","Greg Reeves (bass guitar)","Neil Young (guitars, harmonica, piano and vibraphone)","Ralph Molina (drums)","Danny Whitten (guitars)","Danny Whitten (vocals)","Stephen Stills (vocals)","Neil Young (vocals)","Ralph Molina (vocals)","Nils Lofgren (vocals)","Jack Nitzsche (piano)","Nils Lofgren (piano)"],"producer":["David Briggs","Neil Young"],"releasecountry":["US"],"releasestatus":["official"],"releasetype":["album"],"replaygain_album_ga