{"lowlevel":{"average_loudness":0.858519136906,"barkbands":{"dmean":[0.00460712704808,0.00928380805999,0.00466307764873,0.0020691298414,0.00207783700898,0.00274896109477,0.00186954927631,0.0006131605478,0.000638783501927,0.000264286500169,0.000143008990563,0.0000735820212867,0.0000708284060238,0.0000460835326521,0.0000333899588441,0.0000172387408384,0.0000127695984702,0.0000111162689791,0.0000128491210489,0.00000909629397938,0.0000106895640783,0.0000098230839285,0.00000495393624078,0.00000315131160278,0.00000259051739704,0.00000708929792381,0.0000374373121304],"dmean2":[0.00677834823728,0.0155862858519,0.00753778917715,0.00342283281498,0.00328661315143,0.00410264311358,0.00282712769695,0.000954983057454,0.000970562687144,0.00041274249088,0.000225664378377,0.000114647853479,0.000112908019219,0.0000715488567948,0.0000506430515088,0.0000260344495473,0.0000194861895579,0.0000171514493559,0.0000194098829525,0.0000139617714012,0.0000164565753948,0.0000153719574882,0.00000800721591077,0.0000051537977015,0.00000427392433267,0.000011275669749,0.0000533249003638],"dvar":[0.000100976125395,0.000253431469901,0.0000679934237269,0.0000138094919748,0.0000231861649809,0.0000496364409628,0.0000218674740609,0.00000274483022622,0.00000524710594618,5.40437042673e-7,1.35911747634e-7,3.73398272302e-8,1.22478425624e-7,1.65103291039e-8,6.19768014687e-9,8.77096062446e-10,4.74780936788e-10,3.54939772018e-10,4.66795768705e-10,2.16639428618e-10,3.72784858538e-10,3.16890430563e-10,7.8011014315e-11,2.91751206527e-11,2.40965442044e-11,2.00399682959e-10,4.03644850877e-9],"dvar2":[0.0001957413333,0.000683016318362,0.00017504671996,0.00003874198228,0.0000553215504624,0.000102923593658,0.000051522096328,0.00000645897534923,0.0000108803687908,0.00000124789016809,3.19687131878e-7,8.73762857623e-8,3.47073097373e-7,3.93524821618e-8,1.3919479791e-8,1.91963356322e-9,1.05863828814e-9,8.17323486668e-10,1.04522157596e-9,4.82463069496e-10,8.44347203266e-10,7.46207262647e-10,1.88116730526e-10,7.01563807048e-11,5.84563092376e-11,4.85336104639e-10,8.70193872515e-9],"max":[0.202233612537,0.23194527626,0.215226709843,0.123558729887,0.126725867391,0.177723199129,0.125475719571,0.0484028160572,0.0902625769377,0.0264964364469,0.0140229798853,0.0096693886444,0.0284919366241,0.00658876961097,0.00430949451402,0.000749451690353,0.000686340848915,0.000484781048726,0.000624146719929,0.000207300749025,0.000410993699916,0.000263767928118,0.000191832325072,0.0000986987361102,0.0000965875660768,0.00032266243943,0.00104142597411],"mean":[0.00575936306268,0.0125790331513,0.0070791458711,0.00293327192776,0.00320179853588,0.00429543061182,0.0032100174576,0.000946228799876,0.00100178213324,0.000396749936044,0.000206418189919,0.000103246340586,0.000100161967566,0.0000661831363686,0.0000482960458612,0.0000235632396652,0.0000161805473908,0.0000141019090734,0.0000169523500517,0.0000113623000288,0.0000129628651848,0.0000121894399854,0.00000514646944794,0.00000325529049405,0.00000254018482337,0.00000739398547012,0.0000542955131095],"median":[0.00118991988711,0.0070623839274,0.00371971749701,0.00151967525017,0.0012676299084,0.00125448836479,0.00119265494868,0.000371195317712,0.000296583049931,0.000113172296551,0.0000854195823194,0.0000403943449783,0.0000346143060597,0.0000219348912651,0.0000171496649273,0.00000926956636249,0.00000641711903882,0.00000555533279112,0.00000652612925478,0.00000434605180999,0.00000418280524173,0.00000377867058887,0.00000158412478868,0.00000110967016553,7.82932943366e-7,0.00000223072447625,0.0000213811599679],"min":[1.26618851023e-24,7.44797343866e-24,5.98634986536e-24,8.36211097766e-24,1.03646343856e-23,1.88728850014e-23,3.78135662866e-24,8.87175377661e-24,2.44933170027e-23,4.85105343609e-23,1.45394653674e-23,4.6825098327e-23,3.67814285668e-23,6.6737613649e-23,1.0106418912e-22,7.45050536662e-23,1.25915112549e-22,1.2236036647e-22,1.79105441167e-22,1.93819817508e-22,2.91174997222e-22,3.1402192365e-22,4.68108798981e-22,6.27060712042e-22,7.4008996472e-22,1.60644442533e-21,2.05538892778e-21],"var":[0.00016168942966,0.000284387147985,0.000107253137685,0.0000200867107196,0.0000397080184484,0.000102982325188,0.0000407980442105,0.00000509740266352,0.0000114041467896,0.00000101931880181,2.37031557049e-7,5.72752263395e-8,9.60735491162e-8,2.7524482249e-8,1.06962900759e-8,1.45083778325e-9,6.78226086404e-10,5.01649499718e-10,6.99772462198e-10,3.22585569368e-10,5.27508536852e-10,4.33899638441e-10,8.56416534911e-11,3.28921646864e-11,2.56587633085e-11,2.07580522216e-10,6.71465016922e-9]},"barkbands_crest":{"dmean":2.90180635452,"dmean2":4.76840162277,"dvar":5.97477865219,"dvar2":16.1280498505,"max":25.7056999207,"mean":11.3902769089,"median":10.9650878906,"min":2.65959119797,"var":13.9977931976},"barkbands_flatness_db":{"dmean":0.0410889014602,"dmean2":0.0637824460864,"dvar":0.00114558171481,"dvar2":0.00279386015609,"max":0.49410545826,"mean":0.222567096353,"median":0.222696080804,"min":0.0198056492954,"var":0.00411536730826},"barkbands_kurtosis":{"dmean":9.86019325256,"dmean2":15.9250984192,"dvar":204.371520996,"dvar2":504.309265137,"max":453.578582764,"mean":19.2640228271,"median":13.3996620178,"min":-1.82938539982,"var":505.643035889},"barkbands_skewness":{"dmean":0.912231624126,"dmean2":1.42581737041,"dvar":0.757400393486,"dvar2":1.85703766346,"max":16.0942192078,"mean":2.73792815208,"median":2.56888461113,"min":-2.70732688904,"var":2.81515455246},"barkbands_spread":{"dmean":2.88453960419,"dmean2":4.49245405197,"dvar":25.9874572754,"dvar2":59.444026947,"max":140.268264771,"mean":7.94699764252,"median":5.72525167465,"min":0.266127556562,"var":103.32824707},"dissonance":{"dmean":0.0385898314416,"dmean2":0.0641357675195,"dvar":0.00123311986681,"dvar2":0.00325115863234,"max":0.500000119209,"mean":0.426541209221,"median":0.438076257706,"min":0.0774103477597,"var":0.00279916054569},"dynamic_complexity":4.68584489822,"erbbands":{"dmean":[0.336145401001,2.00917720795,5.20071935654,6.48956680298,6.09727525711,7.01719713211,16.2446804047,22.9769573212,22.9723548889,27.1733913422,12.9844875336,15.3662996292,8.05666351318,7.57082700729,4.6628780365,2.93953824043,3.01475548744,2.63027906418,1.85795366764,1.29031586647,0.907773733139,0.711115896702,0.611341118813,0.692514300346,0.532152712345,0.422395825386,0.443477392197,0.44810551405,0.342957615852,0.18596740067,0.133285269141,0.078787997365,0.0467306673527,0.0293480232358,0.0183436851948,0.0120568200946,0.0136556020007,0.0233487095684,0.00546454358846,0.00112456653733],"dmean2":[0.56930744648,3.37172245979,8.46381950378,10.4919433594,9.87516498566,11.2773427963,24.7365550995,34.1741065979,34.7286720276,40.9121627808,19.951997757,23.2357139587,12.3939790726,11.8896694183,7.30016469955,4.555519104,4.73849487305,4.07038784027,2.81817603111,1.92031311989,1.34554135799,1.07552969456,0.936176240444,1.05506122112,0.803657591343,0.646377444267,0.685690462589,0.687107741833,0.533917546272,0.297504097223,0.215382769704,0.128540500998,0.0766463577747,0.0483949221671,0.030241696164,0.0197468921542,0.0217018201947,0.0353912450373,0.00802531000227,0.0015146099031],"dvar":[0.475409895182,10.6108932495,76.3716506958,125.760192871,124.18561554,386.022216797,2175.9296875,3972.74438477,3409.85083008,5279.19970703,1233.63146973,3434.01391602,569.523010254,417.627685547,127.708724976,60.0621566772,103.207893372,152.861251831,17.7805309296,5.62153244019,2.31451749802,1.43799936771,1.06456255913,1.24529135227,0.943775832653,0.461745768785,0.622198343277,0.602163553238,0.357487648726,0.105731457472,0.0557367391884,0.0178230442107,0.00686142779887,0.00305174989626,0.00120841548778,0.000431586115155,0.000741804367863,0.00207741558552,0.0000975753137027,0.00000308192852572],"dvar2":[1.26719558239,28.7591686249,200.322280884,336.546386719,313.025604248,942.225830078,4947.50732422,8083.44482422,7453.53466797,12247.8994141,2673.68725586,7133.32763672,1280.78796387,988.576293945,313.980316162,141.436660767,282.881958008,414.90914917,41.6055870056,11.9872636795,4.84573507309,3.17054653168,2.42250776291,2.86500072479,2.06838512421,1.03235590458,1.41025364399,1.37642502785,0.833779394627,0.253194183111,0.134966596961,0.042949501425,0.0165826156735,0.00740238651633,0.00293045327999,0.00103940395638,0.00180968351196,0.00491440854967,0.000219553287025,0.00000569427220398],"max":[9.88253879547,50.7537155151,220.439620972,312.37701416,340.306945801,529.09753418,1435.88464355,1707.51086426,1883.13317871,1655.90270996,1132.40087891,2268.56933594,983.049316406,791.952392578,637.544189453,413.639007568,712.592956543,954.902038574,259.97076416,62.2953529358,34.451751709,37.160572052,27.5695362091,13.7531442642,39.2220306396,8.90055942535,15.3045120239,16.7129364014,8.36325359344,4.85523700714,4.21070861816,2.17770504951,1.58205199242,1.08605194092,0.684183418751,0.389769136906,0.584478676319,0.624010980129,0.169495597482,0.0484233312309],"mean":[0.388400226831,2.7036345005,7.98747014999,10.1725797653,9.49315357208,9.9045419693,23.3012065887,35.6574478149,38.4287109375,47.7034988403,22.3024158478,24.3994426727,12.669878006,11.9034767151,7.20474672318,4.39788961411,4.47917985916,3.88956069946,2.84562778473,1.90858972073,1.27514839172,0.930084824562,0.791199505329,0.919875502586,0.679848968983,0.524451315403,0.544765293598,0.574673652649,0.430545032024,0.202758461237,0.137873053551,0.0815407335758,0.0478149726987,0.0289854332805,0.0180803015828,0.0126811992377,0.0145812481642,0.0274619255215,0.00749604683369,0.00295152352192],"median":[0.167595252395,1.49588012695,4.48772954941,5.42358589172,4.74726247787,3.58151531219,6.81899404526,10.3475904465,13.9541320801,14.5483570099,9.36657524109,7.20025873184,4.02737808228,3.99002623558,3.24274992943,1.86863315105,1.72366786003,1.25545859337,1.06523156166,0.754450321198,0.519618928432,0.386038899422,0.319680005312,0.364625155926,0.262430429459,0.203697890043,0.187005594373,0.198769420385,0.140863567591,0.068020068109,0.0431991629303,0.0270313955843,0.0161951612681,0.00916662719101,0.00566799053922,0.00464297737926,0.00463792774826,0.00661232089624,0.00248600752093,0.00216609844938],"min":[3.44088959467e-22,1.44469052882e-21,9.99295491496e-21,2.72525315681e-20,6.04559232475e-20,3.08250115426e-20,4.94985557098e-20,2.06759778242e-19,6.58688768537e-20,1.32960055234e-19,3.80140776666e-19,5.29785814488e-19,8.1585852622e-19,1.59872454012e-18,1.24501063306e-18,2.87980428039e-18,2.03985840983e-18,3.44122292907e-18,5.69546277223e-18,4.76504298819e-18,4.9966709305e-18,8.21499039798e-18,6.75843452711e-18,8.54904563399e-18,9.31467656435e-18,8.76949588469e-18,1.11344821838e-17,1.08929727419e-17,1.16311247323e-17,1.61428680597e-17,1.25320675216e-17,1.14369564912e-17,1.01069609084e-17,7.8286035805e-18,6.64086114279e-18,4.91344043086e-18,2.77331304833e-18,9.9838146015e-19,2.92111543794e-19,2.91063661054e-20],"var":[0.469255685806,12.8733377457,117.537086487,199.69291687,247.627166748,545.520324707,3755.93994141,8228.14160156,7718.85644531,11383.7988281,2587.08496094,7288.61425781,1186.26904297,884.457885742,199.106079102,91.684425354,106.845184326,150.586410522,31.601348877,11.0812978745,4.08798360825,2.1245932579,1.53010058403,1.89754199982,1.33410179615,0.671228885651,0.878915846348,0.882349908352,0.501494407654,0.120962008834,0.0605333186686,0.0200639460236,0.00758916186169,0.00325894006528,0.00128982006572,0.000485673925141,0.000766176788602,0.00252136797644,0.000148256352986,0.00000946588079387]},"erbbands_crest":{"dmean":3.0275914669,"dmean2":4.83061075211,"dvar":7.98667097092,"dvar2":18.4953784943,"max":33.0619506836,"mean":10.913643837,"median":9.6299829483,"min":2.3502831459,"var":26.678943634},"erbbands_flatness_db":{"dmean":0.0348013751209,"dmean2":0.0531804412603,"dvar":0.000849477248266,"dvar2":0.00202076532878,"max":0.409386754036,"mean":0.170135036111,"median":0.16522321105,"min":0.0278756581247,"var":0.00310162804089},"erbbands_kurtosis":{"dmean":2.64328885078,"dmean2":4.15945386887,"dvar":16.8892021179,"dvar2":40.8041343689,"max":173.155319214,"mean":4.48270702362,"median":2.79309368134,"min":-1.54270732403,"var":34.8115959167},"erbbands_skewness":{"dmean":0.4925339818,"dmean2":0.7768009305,"dvar":0.23329603672,"dvar2":0.570387899876,"max":9.04111289978,"mean":1.17513608932,"median":1.11021649837,"min":-3.03575468063,"var":0.687037706375},"erbbands_spread":{"dmean":6.82526922226,"dmean2":10.5509738922,"dvar":48.9693527222,"dvar2":112.241088867,"max":123.084831238,"mean":21.1310863495,"median":18.6661758423,"min":0.92638528347,"var":158.485931396},"gfcc":{"cov":[[12795.1806641,1352.48095703,-449.297668457,4.77747964859,118.681564331,-389.710357666,98.7884597778,-244.882553101,147.946060181,11.2353429794,13.4196109772,-14.6925010681,-76.7281036377],[1352.48095703,1117.5291748,215.424041748,-230.306243896,47.4870300293,-135.707550049,63.0918884277,-97.4333877563,82.7071533203,-37.0695800781,77.6239395142,-89.5336608887,39.9644088745],[-449.297668457,215.424041748,402.085296631,87.8128585815,-25.3794784546,19.9840335846,-33.2077484131,46.4616508484,21.6289958954,-10.7168512344,21.9737148285,-24.703207016,2.65798449516],[4.77747964859,-230.306243896,87.8128585815,257.033111572,81.3528442383,62.2441596985,9.01727199554,50.2449569702,-4.96884012222,9.67030620575,-19.243188858,30.8169765472,-20.7583332062],[118.681564331,47.4870300293,-25.3794784546,81.3528442383,169.944503784,34.36170578,85.1543426514,-26.9810161591,15.5114107132,-4.2677116394,-1.6529071331,17.5846576691,-1.22791576385],[-389.710357666,-135.707550049,19.9840335846,62.2441596985,34.36170578,179.564041138,-16.6142234802,73.4435424805,-45.9685630798,-1.15472316742,-0.481502175331,-3.99167180061,19.1590385437],[98.7884597778,63.0918884277,-33.2077484131,9.01727199554,85.1543426514,-16.6142234802,160.598617554,-7.59673500061,54.6016464233,2.41901469231,-12.2377061844,24.4731483459,-20.3172302246],[-244.882553101,-97.4333877563,46.4616508484,50.2449569702,-26.9810161591,73.4435424805,-7.59673500061,127.568382263,23.5335483551,20.6751194,0.514894783497,-16.6318378448,0.528158307076],[147.946060181,82.7071533203,21.6289958954,-4.96884012222,15.5114107132,-45.9685630798,54.6016464233,23.5335483551,99.3997268677,39.9975547791,5.0401597023,-2.45937156677,-21.5108013153],[11.2353429794,-37.0695800781,-10.7168512344,9.67030620575,-4.2677116394,-1.15472316742,2.41901469231,20.6751194,39.9975547791,58.7277336121,23.2306423187,5.65465784073,-4.6774764061],[13.4196109772,77.6239395142,21.9737148285,-19.243188858,-1.6529071331,-0.481502175331,-12.2377061844,0.514894783497,5.0401597023,23.2306423187,57.2898406982,17.6732616425,17.1769733429],[-14.6925010681,-89.5336608887,-24.703207016,30.8169765472,17.5846576691,-3.99167180061,24.4731483459,-16.6318378448,-2.45937156677,5.65465784073,17.6732616425,72.5383758545,15.3020992279],[-76.7281036377,39.9644088745,2.65798449516,-20.7583332062,-1.22791576385,19.1590385437,-20.3172302246,0.528158307076,-21.5108013153,-4.6774764061,17.1769733429,15.3020992279,63.2690353394]],"icov":[[0.00016734667588,-0.000679386022966,0.000708085077349,-0.000850825861562,0.000532598700374,-0.0000573605248064,0.000248073629336,4.82497853227e-7,0.0000563649336982,-0.000345266627846,0.000594646437094,-0.00062108511338,0.000412961584516],[-0.000679386022966,0.00648407451808,-0.0046808514744,0.005353116896,-0.00360065232962,0.00109232368413,-0.00258935010061,0.00262248935178,-0.00432854006067,0.00686578871682,-0.0094560617581,0.00904055777937,-0.00480406032875],[0.000708085077349,-0.0046808514744,0.00842497684062,-0.00885520502925,0.00700271641836,-0.00274259317666,0.00128276424948,0.00137807673309,-0.0036330644507,0.00265786680393,-0.000278313615127,-0.00151036353782,0.00132509693503],[-0.000850825861562,0.005353116896,-0.00885520502925,0.0181864053011,-0.0146730653942,0.00461648590863,0.00250992435031,-0.00812782719731,0.0070197279565,-0.00526313809678,0.00465251877904,-0.00430150935426,0.00289162783884],[0.000532598700374,-0.00360065232962,0.00700271641836,-0.0146730653942,0.0228851735592,-0.00974377524108,-0.00750269694254,0.0129347993061,-0.0104234553874,0.00744480732828,-0.00656325276941,0.00515552656725,-0.0037691264879],[-0.0000573605248064,0.00109232368413,-0.00274259317666,0.00461648590863,-0.00974377524108,0.0156761724502,0.000706300721504,-0.0127285979688,0.0141447009519,-0.00737875467166,0.00341252610087,-0.00124749960378,-0.0000939583987929],[0.000248073629336,-0.00258935010061,0.00128276424948,0.00250992435031,-0.00750269694254,0.000706300721504,0.0154547318816,-0.00487842643633,-0.00303597259335,-0.00131474190857,0.00945701450109,-0.0119343716651,0.00653968751431],[4.82497853227e-7,0.00262248935178,0.00137807673309,-0.00812782719731,0.0129347993061,-0.0127285979688,-0.00487842643633,0.0260099861771,-0.0195278394967,0.0113204512745,-0.0127071915194,0.0141360089183,-0.00783010292798],[0.0000563649336982,-0.00432854006067,-0.0036330644507,0.0070197279565,-0.0104234553874,0.0141447009519,-0.00303597259335,-0.0195278394967,0.0434698872268,-0.0333654209971,0.0195075999945,-0.0124856205657,0.00999700464308],[-0.000345266627846,0.00686578871682,0.00265786680393,-0.00526313809678,0.00744480732828,-0.00737875467166,-0.00131474190857,0.0113204512745,-0.0333654209971,0.053235899657,-0.0339933298528,0.0168486200273,-0.00698605366051],[0.000594646437094,-0.0094560617581,-0.000278313615127,0.00465251877904,-0.00656325276941,0.00341252610087,0.00945701450109,-0.0127071915194,0.0195075999945,-0.0339933298528,0.0526597872376,-0.0289514549077,0.00703923450783],[-0.00062108511338,0.00904055777937,-0.00151036353782,-0.00430150935426,0.00515552656725,-0.00124749960378,-0.0119343716651,0.0141360089183,-0.0124856205657,0.0168486200273,-0.0289514549077,0.0408364832401,-0.0163001231849],[0.000412961584516,-0.00480406032875,0.00132509693503,0.00289162783884,-0.0037691264879,-0.0000939583987929,0.00653968751431,-0.00783010292798,0.00999700464308,-0.00698605366051,0.00703923450783,-0.0163001231849,0.0272682551295]],"mean":[-75.8852386475,126.035301208,-44.8495445251,-4.14193916321,-31.1182804108,-12.4393777847,-5.20217752457,-8.73348903656,-2.73331570625,-0.560562849045,-7.15146827698,-3.55783176422,-10.0767564774]},"hfc":{"dmean":31.2062225342,"dmean2":44.6044235229,"dvar":2233.58007812,"dvar2":4354.54003906,"max":987.879150391,"mean":80.2080764771,"median":59.9695472717,"min":1.08786069307e-16,"var":6754.04736328},"melbands":{"dmean":[0.00282790209167,0.00266757211648,0.00104468490463,0.000445391226094,0.000499346468132,0.000514589308295,0.000357359152986,0.000257682491792,0.000109968699689,0.0000901279126992,0.0000400697572331,0.0000323876301991,0.0000186554752872,0.0000088369470177,0.00000718198225513,0.00000679689537719,0.00000477349385619,0.000003136553687,0.00000239554901782,0.00000134452886869,0.00000102965987026,7.78411276769e-7,6.16050726876e-7,5.15286842528e-7,5.96674283315e-7,4.37903025841e-7,3.42666282904e-7,2.7305438266e-7,2.80852930246e-7,2.67134083742e-7,2.88048710217e-7,2.44589102749e-7,1.13440002281e-7,1.00305875605e-7,8.18481709075e-8,5.92713398362e-8,4.40446221717e-8,3.37943255602e-8,2.77169114327e-8,2.37605419784e-8],"dmean2":[0.00469430489466,0.00435758987442,0.00168187264353,0.000717929622624,0.000759523478337,0.000762547424529,0.000536845007446,0.000388120184653,0.000169930426637,0.00013698991097,0.0000618953636149,0.0000510166064487,0.0000294104229397,0.0000137651268233,0.0000112934194476,0.0000108183166958,0.00000748293723518,0.00000483835947307,0.00000364250377061,0.00000203513604902,0.00000154593431034,0.00000119618005101,9.50489322804e-7,7.99273550456e-7,9.16759915981e-7,6.67201049964e-7,5.27946838247e-7,4.23648714332e-7,4.37945885778e-7,4.14099162072e-7,4.4654808562e-7,3.82398383181e-7,1.80208658662e-7,1.62201232001e-7,1.32532122166e-7,9.66591926499e-8,7.20181674296e-8,5.54711085954e-8,4.56882141009e-8,3.92196461974e-8],"dvar":[0.000027703210435,0.0000173950829776,0.0000029658153835,9.92328295979e-7,0.00000183792337793,0.00000184923396773,8.35900038965e-7,4.63643431203e-7,9.82795995697e-8,1.08703311241e-7,1.46919729715e-8,7.97117749585e-9,2.05122274721e-9,6.22286611129e-10,2.15414408533e-10,1.53766777089e-9,3.92336912958e-10,4.71192009022e-11,3.11739974113e-11,5.63837128029e-12,3.05721854083e-12,1.87971209778e-12,1.07572110941e-12,8.26689953472e-13,9.93381050161e-13,5.47678005378e-13,4.56748896517e-13,2.01242898756e-13,2.56157481294e-13,2.50533345155e-13,2.64840368603e-13,2.27924775408e-13,3.94002999714e-14,3.35791439684e-14,2.22532377318e-14,1.08548136164e-14,5.69797666014e-15,3.5502276371e-15,2.60247929604e-15,2.03584771213e-15],"dvar2":[0.0000714998022886,0.0000454899964097,0.00000785148131399,0.0000024467158255,0.00000417587898482,0.00000372832300854,0.00000186694194326,0.00000108002598154,2.07319317269e-7,2.30153503367e-7,3.31942118237e-8,1.89420976682e-8,5.01029262523e-9,1.42721467977e-9,5.1450910199e-10,4.37415748067e-9,1.04432962278e-9,1.13227961729e-10,6.80278680609e-11,1.25248682953e-11,6.5777721811e-12,4.23755778731e-12,2.42605978709e-12,1.96245732338e-12,2.34017080887e-12,1.2249966666e-12,1.01990735735e-12,4.60533900511e-13,5.86749182227e-13,5.80778101392e-13,6.18098942255e-13,5.3939957969e-13,9.4874696749e-14,8.10216016457e-14,5.40420776163e-14,2.65370899219e-14,1.37965082203e-14,8.59241233123e-15,6.30381655214e-15,4.94121116704e-15],"max":[0.0706759095192,0.101329542696,0.0470314137638,0.0280945859849,0.0390144214034,0.0388097167015,0.0255588106811,0.0153165906668,0.00881662312895,0.0122098745778,0.00497626606375,0.00345578114502,0.00213853479363,0.00132648658473,0.000405922648497,0.00325907580554,0.00143719208427,0.000381325749913,0.000196503693587,0.0000697256691637,0.0000361565289495,0.0000514185485372,0.0000256119565165,0.0000342491366609,0.0000127869243443,0.0000187262940017,0.0000276665687124,0.00000711729944669,0.0000106269808384,0.0000126403192553,0.00000826410450827,0.00000789261866885,0.00000347061427419,0.00000411276960222,0.00000336323455485,0.00000251284063779,0.00000127036798858,0.00000111768883926,0.00000100314127849,8.86501538844e-7],"mean":[0.00381629355252,0.00419682729989,0.00176294287667,0.000674663519021,0.000724824611098,0.000822924543172,0.000609664071817,0.000446950929472,0.000178637405043,0.000140271338751,0.0000595157362113,0.0000492992257932,0.0000274168360193,0.0000124858088384,0.0000105857525341,0.00000952733807935,0.00000682814334141,0.00000463247079097,0.00000343317810803,0.00000187363286841,0.00000138227187563,9.85466499515e-7,7.75431203692e-7,6.45456793791e-7,7.75096566485e-7,5.57828741421e-7,4.08832733001e-7,3.32573392825e-7,3.41915665558e-7,3.14923084943e-7,3.66290834108e-7,3.031149447e-7,1.24715981542e-7,1.04656272981e-7,8.3438479237e-8,6.11383228488e-8,4.51573249904e-8,3.45456676598e-8,2.76047558145e-8,2.31911752024e-8],"median":[0.00195727893151,0.00252119125798,0.00104856444523,0.000284685258521,0.000224720744882,0.000247473624768,0.000225476629566,0.000137940689456,0.0000681621677359,0.0000404949460062,0.0000173430307768,0.0000153516848513,0.0000117436320579,0.000004944758075,0.00000417221144744,0.00000314053568218,0.00000214354736272,0.00000173992623331,0.00000118088632917,7.46288947084e-7,5.47072943391e-7,3.9738924329e-7,2.99629505207e-7,2.56711388147e-7,2.94375354315e-7,2.12964962998e-7,1.440722599e-7,1.27596550215e-7,1.16412500972e-7,9.52731298298e-8,1.14894000092e-7,8.59240572026e-8,4.1707234999e-8,3.24063016421e-8,2.51586058653e-8,1.94726492708e-8,1.49794754378e-8,1.16925304994e-8,8.84738327045e-9,7.00796221054e-9],"min":[2.30992376722e-24,4.63053541642e-24,5.27014107736e-24,3.65955177173e-24,1.78804218575e-24,5.09678928787e-24,8.99928970802e-25,1.55233015284e-24,2.91032047737e-24,2.60776825996e-24,4.08054435431e-24,7.18143706031e-24,3.05177171794e-24,5.71668249808e-24,3.95118654864e-24,4.05785947569e-24,6.18184182502e-24,7.28024898843e-24,6.4119490012e-24,3.21347183464e-24,4.77118182164e-24,8.10049472477e-24,5.80377550303e-24,5.33578692645e-24,6.0051208106e-24,6.69676959761e-24,6.28348260835e-24,5.81103499551e-24,5.74146771886e-24,7.05864770497e-24,5.62102364699e-24,5.40909024834e-24,7.05251036712e-24,8.20564278369e-24,6.97767586621e-24,6.84559451827e-24,7.31735700542e-24,6.69907307145e-24,7.06781347982e-24,6.15745103469e-24],"var":[0.0000318441816489,0.00002684782703,0.00000506266542288,0.00000171734939158,0.00000318417573908,0.00000407305833505,0.00000175322543328,9.93256890069e-7,2.08316379258e-7,2.28895231658e-7,2.92401018953e-8,1.58888138202e-8,3.28182392373e-9,9.79946124247e-10,3.68555297392e-10,1.15908505016e-9,4.28199420366e-10,8.2784445965e-11,5.84377268797e-11,9.38028561076e-12,4.9811851692e-12,2.61815504173e-12,1.54513760727e-12,1.07359130266e-12,1.44451822465e-12,7.95413702352e-13,5.95337093425e-13,2.79031599259e-13,3.54590651546e-13,3.44031877639e-13,3.74555855082e-13,3.0704456447e-13,4.54763823983e-14,3.67495815137e-14,2.36069657881e-14,1.17469849494e-14,6.33394339649e-15,3.92903390012e-15,2.80576529756e-15,2.16264748554e-15]},"melbands_crest":{"dmean":3.95110106468,"dmean2":6.47113084793,"dvar":12.692779541,"dvar2":33.2488288879,"max":37.8446044922,"mean":16.7731075287,"median":16.3623428345,"min":1.00085031986,"var":29.747833252},"melbands_flatness_db":{"dmean":0.0492888987064,"dmean2":0.076947376132,"dvar":0.00160797941498,"dvar2":0.00397412385792,"max":0.644068062305,"mean":0.352910161018,"median":0.355088829994,"min":-8.62860474626e-7,"var":0.00626218691468},"melbands_kurtosis":{"dmean":10.6590976715,"dmean2":17.2598266602,"dvar":272.008636475,"dvar2":690.460083008,"max":299.24987793,"mean":18.1221179962,"median":10.7928323746,"min":-1.89192116261,"var":569.794799805},"melbands_skewness":{"dmean":0.92224419117,"dmean2":1.44448494911,"dvar":0.827279150486,"dvar2":2.02630400658,"max":11.5066719055,"mean":2.67380738258,"median":2.48549437523,"min":-3.29643988609,"var":2.85431337357},"melbands_spread":{"dmean":2.3110101223,"dmean2":3.6397690773,"dvar":19.2792358398,"dvar2":44.5667533875,"max":328.53414917,"mean":7.41336154938,"median":5.15071344376,"min":0.248199462891,"var":287.155395508},"mfcc":{"cov":[[10359.2099609,1085.49487305,-655.903564453,377.229125977,-226.13470459,170.84942627,-226.111022949,-34.9514732361,-91.8634033203,34.5180244446,21.7371253967,8.06312179565,-37.8009185791],[1085.49487305,1317.09936523,132.896652222,-7.54180431366,-69.9182815552,-17.6556301117,-45.5858078003,-71.0722045898,-23.0252571106,1.03052806854,47.8838500977,-9.51371097565,-13.216050148],[-655.903564453,132.896652222,415.263977051,25.2091293335,75.7507095337,-61.3322143555,-4.1066699028,4.2760515213,3.24420452118,-4.03729820251,30.1363124847,4.67400169373,15.813876152],[377.229125977,-7.54180431366,25.2091293335,221.382843018,29.5310840607,53.1901664734,-10.2159671783,34.0825653076,23.6268577576,4.86598587036,16.4844512939,20.8602600098,17.144153595],[-226.13470459,-69.9182815552,75.7507095337,29.5310840607,131.960144043,34.8187561035,45.5277748108,19.2441558838,8.98793792725,-0.056749407202,-8.09986209869,2.96812748909,14.4024658203],[170.84942627,-17.6556301117,-61.3322143555,53.1901664734,34.8187561035,111.597427368,48.5998954773,32.2067985535,9.95663738251,-2.00229144096,-8.77735614777,0.396566689014,-2.53223276138],[-226.111022949,-45.5858078003,-4.1066699028,-10.2159671783,45.5277748108,48.5998954773,99.0056381226,44.3525085449,18.2906398773,-7.24674510956,-10.3868141174,-3.23095560074,-0.754902243614],[-34.9514732361,-71.0722045898,4.2760515213,34.0825653076,19.2441558838,32.2067985535,44.3525085449,84.0767059326,39.0156784058,7.25402927399,2.78740811348,8.84399032593,10.0206184387],[-91.8634033203,-23.0252571106,3.24420452118,23.6268577576,8.98793792725,9.95663738251,18.2906398773,39.0156784058,75.9906768799,32.5387191772,16.177312851,12.4484710693,8.64383411407],[34.5180244446,1.03052806854,-4.03729820251,4.86598587036,-0.056749407202,-2.00229144096,-7.24674510956,7.25402927399,32.5387191772,73.4595794678,25.8561382294,17.3108787537,8.38073539734],[21.7371253967,47.8838500977,30.1363124847,16.4844512939,-8.09986209869,-8.77735614777,-10.3868141174,2.78740811348,16.177312851,25.8561382294,80.698600769,23.3094482422,2.41898488998],[8.06312179565,-9.51371097565,4.67400169373,20.8602600098,2.96812748909,0.396566689014,-3.23095560074,8.84399032593,12.4484710693,17.3108787537,23.3094482422,55.5215568542,33.3665504456],[-37.8009185791,-13.216050148,15.813876152,17.144153595,14.4024658203,-2.53223276138,-0.754902243614,10.0206184387,8.64383411407,8.38073539734,2.41898488998,33.3665504456,57.1808319092]],"icov":[[0.000152538574184,-0.00015751569299,0.000303283944959,-0.000255100283539,-0.0000403909325541,-0.0000649315988994,0.000378958269721,-0.00029550094041,0.000318030244671,-0.000127236562548,0.0000129251175167,0.00000165440189903,0.0000901893217815],[-0.00015751569299,0.00107421982102,-0.000834548322018,0.00027996202698,0.000894248601981,-0.000614363932982,-0.000503649294842,0.00128533819225,-0.000453267188277,0.000121476536151,-0.00046644124086,0.000351093389327,-0.000327755056787],[0.000303283944959,-0.000834548322018,0.00444289576262,-0.00121693976689,-0.00324349175207,0.00346278166398,0.000677454168908,-0.00175490230322,0.000978374038823,0.000416193244746,-0.00130082771648,0.000607569876593,-0.0000778634057497],[-0.000255100283539,0.00027996202698,-0.00121693976689,0.00718129239976,-0.000961966114119,-0.00444558262825,0.00406991364434,-0.00196705013514,-0.00188350537792,0.0015353487106,-0.000860786938574,-0.00114377716091,-0.000713094021194],[-0.0000403909325541,0.000894248601981,-0.00324349175207,-0.000961966114119,0.0128071820363,-0.00367055064999,-0.00523590249941,0.00292541249655,-0.000161890289746,-0.00127226021141,0.00119271397125,0.00117907312233,-0.00313226925209],[-0.0000649315988994,-0.000614363932982,0.00346278166398,-0.00444558262825,-0.00367055064999,0.017800424248,-0.00715048797429,-0.00218537566252,0.0018995187711,-0.000680547615048,0.0006632352015,-0.000609551207162,0.00233192020096],[0.000378958269721,-0.000503649294842,0.000677454168908,0.00406991364434,-0.00523590249941,-0.00715048797429,0.0217458102852,-0.00929344352335,-0.00129947054666,0.00281459791586,0.000341474427842,-0.000354117248207,0.00162045890465],[-0.00029550094041,0.00128533819225,-0.00175490230322,-0.00196705013514,0.00292541249655,-0.00218537566252,-0.00929344352335,0.0233576688915,-0.00935896672308,0.00133163121063,-0.0000653918687021,0.000078814518929,-0.00269641308114],[0.000318030244671,-0.000453267188277,0.000978374038823,-0.00188350537792,-0.000161890289746,0.0018995187711,-0.00129947054666,-0.00935896672308,0.0228707939386,-0.00882947444916,-0.00121915864293,0.0000416602997575,0.0000115277034638],[-0.000127236562548,0.000121476536151,0.000416193244746,0.0015353487106,-0.00127226021141,-0.000680547615048,0.00281459791586,0.00133163121063,-0.00882947444916,0.0197844989598,-0.0041332100518,-0.00283886655234,-0.000270956574241],[0.0000129251175167,-0.00046644124086,-0.00130082771648,-0.000860786938574,0.00119271397125,0.0006632352015,0.000341474427842,-0.0000653918687021,-0.00121915864293,-0.0041332100518,0.0174874477088,-0.00870964303613,0.00539610115811],[0.00000165440189903,0.000351093389327,0.000607569876593,-0.00114377716091,0.00117907312233,-0.000609551207162,-0.000354117248207,0.000078814518929,0.0000416602997575,-0.00283886655234,-0.00870964303613,0.0346109457314,-0.0195034965873],[0.0000901893217815,-0.000327755056787,-0.0000778634057497,-0.000713094021194,-0.00313226925209,0.00233192020096,0.00162045890465,-0.00269641308114,0.0000115277034638,-0.000270956574241,0.00539610115811,-0.0195034965873,0.0302842259407]],"mean":[-752.313537598,188.264755249,33.9546127319,27.1822147369,-1.84674668312,9.28811645508,0.539702832699,2.02222156525,3.47676944733,4.55111455917,5.46104192734,3.80968642235,1.39236736298]},"pitch_salience":{"dmean":0.0894303545356,"dmean2":0.14641943574,"dvar":0.00581712508574,"dvar2":0.0152114024386,"max":0.996091485023,"mean":0.5357452631,"median":0.543723344803,"min":0.082505390048,"var":0.0147187961265},"silence_rate_20dB":{"dmean":0.000528541218955,"dmean2":0.0010571522871,"dvar":0.000528321950696,"dvar2":0.00145257136319,"max":1,"mean":0.999669671059,"median":1,"min":0,"var":0.00033017093665},"silence_rate_30dB":{"dmean":0.0677854120731,"dmean2":0.135579779744,"dvar":0.0631864443421,"dvar2":0.139404460788,"max":1,"mean":0.920922219753,"median":1,"min":0,"var":0.0728134512901},"silence_rate_60dB":{"dmean":0.0125528536737,"dmean2":0.0251073669642,"dvar":0.012391124852,"dvar2":0.0279218032956,"max":1,"mean":0.107352845371,"median":0,"min":0,"var":0.0958394557238},"spectral_centroid":{"dmean":97.4175415039,"dmean2":149.910293579,"dvar":26681.6210938,"dvar2":55964.0390625,"max":11482.7460938,"mean":480.309631348,"median":395.546813965,"min":114.374679565,"var":250232.328125},"spectral_complexity":{"dmean":2.02365231514,"dmean2":3.07789897919,"dvar":4.02002620697,"dvar2":8.33977413177,"max":28,"mean":9.05337905884,"median":9,"min":0,"var":20.3089027405},"spectral_contrast_coeffs":{"dmean":[0.0546440333128,0.0509219057858,0.0384869985282,0.0326706767082,0.0283450037241,0.0331845358014],"dmean2":[0.0906190946698,0.0826705545187,0.0627328753471,0.0526225678623,0.0452617779374,0.0514339208603],"dvar":[0.00186463678256,0.00174695195165,0.000941698555835,0.000723851320799,0.000581859552767,0.00112824246753],"dvar2":[0.00500774336979,0.00440570758656,0.00242390157655,0.00185084948316,0.00142847036477,0.00248718983494],"max":[-0.359291613102,-0.403350412846,-0.521961271763,-0.528269231319,-0.718402147293,-0.571017861366],"mean":[-0.674389779568,-0.745287120342,-0.803111255169,-0.849545836449,-0.877220213413,-0.807485640049],"median":[-0.674948692322,-0.751946687698,-0.807802081108,-0.849800288677,-0.87315928936,-0.8245677948],"min":[-0.975053369999,-0.996775984764,-0.997529506683,-0.987478137016,-0.987909197807,-0.964409887791],"var":[0.00601475872099,0.00665334425867,0.00356632308103,0.00255174282938,0.00170114345383,0.00280262669548]},"spectral_contrast_valleys":{"dmean":[0.449553251266,0.406095117331,0.438272356987,0.529195070267,0.624495029449,0.693104863167],"dmean2":[0.724478900433,0.628757238388,0.656718790531,0.785716056824,0.9407812953,1.09249770641],"dvar":[0.155938342214,0.161236509681,0.170441567898,0.224188402295,0.279516071081,0.334988176823],"dvar2":[0.346465975046,0.33338150382,0.351146459579,0.496572226286,0.668776512146,0.872187077999],"max":[-4.85498476028,-4.29827642441,-5.64655017853,-6.17572402954,-6.35229730606,-8.74862194061],"mean":[-6.89544773102,-6.5699057579,-7.72168540955,-8.54725170135,-8.80876159668,-11.3959951401],"median":[-6.57294607162,-6.27078008652,-7.48555278778,-8.32762050629,-8.61883831024,-11.2567644119],"min":[-27.5743370056,-28.301858902,-27.4712505341,-27.4290828705,-27.4713401794,-27.3343372345],"var":[1.90563488007,1.77740967274,1.51718938351,1.50806331635,1.46390080452,1.31289887428]},"spectral_decrease":{"dmean":4.74958605778e-9,"dmean2":7.24379489725e-9,"dvar":4.75717625241e-17,"dvar2":1.06795588203e-16,"max":9.55892876246e-14,"mean":-1.00863104535e-8,"median":-7.45667882995e-9,"min":-1.33909054512e-7,"var":1.00482598708e-16},"spectral_energy":{"dmean":0.0196164026856,"dmean2":0.0292302109301,"dvar":0.000808233628049,"dvar2":0.00175011495594,"max":0.595006406307,"mean":0.0453433059156,"median":0.0345200374722,"min":1.02908320239e-20,"var":0.00187963317148},"spectral_energyband_high":{"dmean":0.0000708094303263,"dmean2":0.000106038169179,"dvar":1.33046063056e-8,"dvar2":2.97343785149e-8,"max":0.00145292212255,"mean":0.0000943917475524,"median":0.0000371979149349,"min":7.26621622578e-21,"var":1.99491712038e-8},"spectral_energyband_low":{"dmean":0.0147020593286,"dmean2":0.0235763248056,"dvar":0.000517317850608,"dvar2":0.00127443054225,"max":0.443801730871,"mean":0.0253487415612,"median":0.0166809819639,"min":3.84655519362e-23,"var":0.000802674621809},"spectral_energyband_middle_high":{"dmean":0.000485105148982,"dmean2":0.000701033568475,"dvar":9.45184979173e-7,"dvar2":0.00000209737163459,"max":0.0333040319383,"mean":0.000934972427785,"median":0.000439958646894,"min":1.3233050051e-21,"var":0.00000237571885009},"spectral_energyband_middle_low":{"dmean":0.00674496591091,"dmean2":0.00985736213624,"dvar":0.000142486824188,"dvar2":0.0002967476903,"max":0.27377140522,"mean":0.0156981442124,"median":0.00942272692919,"min":2.74598795549e-22,"var":0.000413087313063},"spectral_entropy":{"dmean":0.382918477058,"dmean2":0.589531600475,"dvar":0.104550048709,"dvar2":0.253658235073,"max":9.81616306305,"mean":6.79462385178,"median":6.78699350357,"min":4.52320623398,"var":0.369145065546},"spectral_flux":{"dmean":0.0341701470315,"dmean2":0.0545123778284,"dvar":0.00156963896006,"dvar2":0.0035474896431,"max":0.485806643963,"mean":0.102448731661,"median":0.0935743376613,"min":6.48762848998e-11,"var":0.00424720020965},"spectral_kurtosis":{"dmean":10.2744312286,"dmean2":16.6260147095,"dvar":180.233001709,"dvar2":469.914550781,"max":215.260604858,"mean":21.5801467896,"median":16.4724292755,"min":-1.26464271545,"var":273.858703613},"spectral_rms":{"dmean":0.00130760204047,"dmean2":0.00189528334886,"dvar":0.00000214554074773,"dvar2":0.00000425223288403,"max":0.0240934435278,"mean":0.00587471760809,"median":0.00580328237265,"min":3.16857000707e-12,"var":0.00000972538964561},"spectral_rolloff":{"dmean":2289.72900391,"dmean2":4432.09570312,"dvar":37063008,"dvar2":99341152,"max":22006.9335938,"mean":2324.05249023,"median":495.263671875,"min":21.533203125,"var":33246104},"spectral_skewness":{"dmean":0.788753628731,"dmean2":1.24568510056,"dvar":0.685370922089,"dvar2":1.76664185524,"max":12.572722435,"mean":3.46748685837,"median":3.19975566864,"min":-0.0557956695557,"var":1.46024668217},"spectral_spread":{"dmean":853736.5,"dmean2":1343562.125,"dvar":627510673408,"dvar2":1469723574270,"max":42797796,"mean":3813081,"median":3699384,"min":747078.9375,"var":2886962511870},"spectral_strongpeak":{"dmean":0.430990844965,"dmean2":0.743008971214,"dvar":4.81944608688,"dvar2":14.2652101517,"max":76.8693389893,"mean":0.581809163094,"median":0.285514980555,"min":0,"var":3.08156704903},"zerocrossingrate":{"dmean":0.0311899967492,"dmean2":0.0403228998184,"dvar":0.000784343050327,"dvar2":0.00128122151364,"max":0.53271484375,"mean":0.143536657095,"median":0.1396484375,"min":0.00390625,"var":0.00523901218548}},"metadata":{"audio_properties":{"analysis_sample_rate":44100,"bit_rate":320000,"codec":"mp3","downmix":"mix","equal_loudness":0,"length":351.452484131,"lossless":false,"md5_encoded":"91912a06d06916fe72af3a29595347e0","replay_gain":0.145969390869,"sample_rate":44100},"tags":{"acoustid_id":["ce7b6ec4-3939-42a6-97b3-d96638cb6619"],"album":["Brothers and Sisters"],"albumartist":["The Allman Brothers Band"],"albumartistsort":["Allman Brothers Band, The"],"artist":["The Allman Brothers Band"],"artistsort":["Allman Brothers Band, The"],"catalognumber":["CP 0111"],"date":["1973"],"discnumber":["1/1"],"file_name":"07. The Allman Brothers Band - Pony Boy.mp3","genre":["Southern Rock"],"label":["Capricorn Records"],"media":["12\" Vinyl"],"musicbrainz album release country":["US"],"musicbrainz album status":["official"],"musicbrainz album type":["album"],"musicbrainz_albumartistid":["72359492-22be-4ed9-aaa0-efa434fb2b01"],"musicbrainz_albumid":["1eab8666-baee-41be-9839-0d30222a4486"],"musicbrainz_artistid":["72359492-22be-4ed9-aaa0-efa434fb2b01"],"musicbrainz_recordingid":["8464eefe-0193-44da-9ffd-37a5f311e4e9"],"originaldate":["1973"],"script":["Latn"],"title":["Pony Boy"],"tracknumber":["7/7"]},"version":{"essentia":"2.1-beta1","essentia_build_sha":"ca57ba49d9b1854bd80e60cf9ccf267278fb7d6b","essentia_git_sha":"v2.1_beta1-28-g21ef5f4-dirty","extractor":"music 1.0"}},"rhythm":{"beats_count":670,"beats_loudness":{"dmean":0.042513564229,"dmean2":0.0749401301146,"dvar":0.00206676754169,"dvar2":0.00603674771264,"max":0.444835484028,"mean":0.0843048468232,"median":0.082895539701,"min":1.96674641018e-8,"var":0.00322436797433},"beats_loudness_band_ratio":{"dmean":[0.210819169879,0.144107580185,0.104849264026,0.0189227480441,0.00471808435395,0.0376035794616],"dmean2":[0.368982046843,0.259013324976,0.183232799172,0.