{"lowlevel":{"average_loudness":0.971020579338,"barkbands":{"dmean":[0.000216119806282,0.00424327421933,0.00431195832789,0.00347642530687,0.00273513840511,0.00161457422655,0.00130128813908,0.000733043183573,0.000861582404468,0.000362384191249,0.000370481226128,0.000398383213906,0.000421216245741,0.000375193805667,0.000382763100788,0.000409510568716,0.000325065368088,0.000258024781942,0.00027799437521,0.00019845906354,0.000112414476462,0.0000769072212279,0.0000435094807472,0.0000300555311696,0.000013380560631,0.00000248311152973,7.42539441489e-7],"dmean2":[0.00033723632805,0.00754798902199,0.00764222862199,0.0058386749588,0.0045645465143,0.00266653345898,0.00217582215555,0.00119250861462,0.00138511403929,0.000603177468292,0.000616248522419,0.000652383256238,0.000688499130774,0.00061442021979,0.000626481487416,0.000670192297548,0.000538263353519,0.000431213382399,0.000454048684333,0.000325342494762,0.000186689096154,0.000127744744532,0.0000698001385899,0.000047883066145,0.0000214373540075,0.00000397426674681,0.00000116913304282],"dvar":[2.3063505239e-7,0.000106837986095,0.0000666870255372,0.0000219319390453,0.0000130864045786,0.00000630610293229,0.00000460567343907,0.0000015627230141,0.00000172214583927,3.28005882011e-7,3.47599751649e-7,4.38698208427e-7,3.65863456864e-7,3.19718139963e-7,4.57200712844e-7,4.7402491532e-7,2.56227366435e-7,1.86291643445e-7,1.73824588501e-7,1.30215568106e-7,2.85974284253e-8,1.54363402061e-8,8.65997407118e-9,4.51537873758e-9,7.91679222178e-10,2.55444936037e-11,5.01385781851e-12],"dvar2":[5.04926731537e-7,0.000296510930639,0.000192592691747,0.0000585447305639,0.0000340891783708,0.000016537054762,0.0000122918518173,0.00000388933540307,0.00000410546590501,8.3016800545e-7,8.88731676696e-7,0.00000111060285235,9.18935768368e-7,8.11439917925e-7,0.00000115246962196,0.00000111239080525,6.50458048312e-7,4.94650976179e-7,4.28757545023e-7,3.04515111793e-7,7.51420827783e-8,3.86407066344e-8,1.92802502852e-8,1.03800372742e-8,1.94940352749e-9,6.50446918549e-11,1.23923163398e-11],"max":[0.00484187668189,0.0882339924574,0.0877121910453,0.0568013563752,0.0644293501973,0.0342950373888,0.0329888612032,0.0212277062237,0.0276166219264,0.0106652406976,0.0128840785474,0.0168229993433,0.00950550753623,0.0102505041286,0.0110298646614,0.0190375801176,0.0142141571268,0.01271868404,0.00994168501347,0.00824729539454,0.00265855318867,0.00203599012457,0.00194943882525,0.00153864827007,0.000919185520615,0.000109987100586,0.0000751357365516],"mean":[0.000239250075538,0.00388284120709,0.00478180777282,0.00535739166662,0.00471102865413,0.00261982204393,0.00196361890994,0.00113156228326,0.00155280996114,0.000602602842264,0.000616286939476,0.000696528411936,0.000793481536675,0.000678276875988,0.000687535619363,0.000800716050435,0.000669310858939,0.000539999164175,0.000697518757079,0.000464735465357,0.00030669264379,0.00018097969587,0.0000888958747964,0.0000678673750372,0.0000298716004181,0.00000495240510645,0.00000123092581816],"median":[0.0000329032991431,0.00161521532573,0.00246282434091,0.00317261088639,0.0032959964592,0.00158791744616,0.00117476878222,0.000625380198471,0.000939190562349,0.000368942943169,0.000376988988137,0.00042804115219,0.000543047033716,0.000476656045066,0.000457785266917,0.000555754522793,0.000511410529725,0.000428730883868,0.000543583300896,0.000311197800329,0.000246859533945,0.000138456365676,0.0000522472801094,0.0000462684183731,0.0000203498366318,0.00000330088414557,3.61555834161e-7],"min":[6.03906369356e-11,2.34844532709e-10,2.1044288534e-10,2.55250764969e-10,7.17968573483e-10,5.47250467164e-10,2.4472462945e-10,7.43455783048e-11,3.96726644591e-11,2.87779747948e-11,2.67215225641e-11,2.1412607798e-11,2.01833549873e-11,1.35794318498e-11,1.33076631312e-11,1.11591222374e-11,8.22334214612e-12,8.91284702292e-12,7.32889356841e-12,6.72719215403e-12,6.29407550384e-12,5.36641651255e-12,4.7073525633e-12,4.34514230152e-12,4.60785966674e-12,3.84385188609e-12,4.70079617593e-12],"var":[2.88700078954e-7,0.000072590635682,0.0000526350559085,0.0000409507883887,0.000023250695449,0.0000103461488834,0.00000627789040664,0.00000262435059994,0.00000397129406338,6.8041782697e-7,6.76813272094e-7,8.08166987554e-7,7.3467282391e-7,6.03665512244e-7,7.47299736759e-7,0.00000105036735931,4.37957623944e-7,2.79685394844e-7,4.41828831299e-7,3.39352510537e-7,7.05512590571e-8,3.02244345107e-8,1.81547097355e-8,9.08815422918e-9,1.30620581018e-9,3.95430424516e-11,7.1964070987e-12]},"barkbands_crest":{"dmean":2.31601762772,"dmean2":3.82923340797,"dvar":4.68977355957,"dvar2":12.3949785233,"max":23.7930641174,"mean":8.14168548584,"median":7.28155851364,"min":2.40252828598,"var":12.9112329483},"barkbands_flatness_db":{"dmean":0.0167816448957,"dmean2":0.0266997236758,"dvar":0.000273432175163,"dvar2":0.000681379868183,"max":0.552519023418,"mean":0.118613906205,"median":0.0992628112435,"min":0.0317521318793,"var":0.00438399985433},"barkbands_kurtosis":{"dmean":1.93579125404,"dmean2":3.09652447701,"dvar":9.15623283386,"dvar2":22.9198608398,"max":105.942062378,"mean":3.20955204964,"median":0.777572333813,"min":-1.82623338699,"var":74.6659240723},"barkbands_skewness":{"dmean":0.472853600979,"dmean2":0.751044094563,"dvar":0.214816480875,"dvar2":0.553149104118,"max":8.35232067108,"mean":1.45870864391,"median":1.26611530781,"min":-1.11621177197,"var":1.06190085411},"barkbands_spread":{"dmean":4.59139204025,"dmean2":7.24018001556,"dvar":20.6563549042,"dvar2":49.3543052673,"max":65.9072113037,"mean":24.2472286224,"median":23.9722919464,"min":0.355632483959,"var":106.311004639},"dissonance":{"dmean":0.00864346977323,"dmean2":0.0147931817919,"dvar":0.0000699686570442,"dvar2":0.000191854211153,"max":0.500000059605,"mean":0.482514321804,"median":0.485800027847,"min":0.162442460656,"var":0.000261433335254},"dynamic_complexity":1.71222186089,"erbbands":{"dmean":[0.113679915667,1.0394859314,4.26003408432,8.90338993073,9.54247760773,10.3349714279,11.10750103,13.0108146667,15.9536600113,18.7472953796,15.1654605865,19.9244289398,12.513589859,12.7060709,11.9639797211,17.5523262024,18.0781745911,17.1377696991,18.3347492218,21.108537674,20.3633995056,18.2420902252,14.4862499237,13.6159029007,12.348651886,9.35836315155,5.28626918793,4.58097171783,2.85725975037,1.66763722897,1.27851903439,0.791615009308,0.435768872499,0.206990137696,0.0665251836181,0.0153822693974,0.00385549501516,0.00107331713662,0.000137679075124,0.0000173802764039],"dmean2":[0.195905759931,1.89368188381,7.59980726242,15.1408205032,16.056854248,17.1937294006,18.2551040649,21.8380756378,26.7069072723,31.2687740326,24.4254589081,32.0972480774,20.3590450287,20.9351520538,19.6457920074,28.7416400909,29.2921237946,27.8550662994,29.7375545502,34.0268211365,33.3210945129,30.1175460815,24.0526390076,22.564786911,20.2965869904,15.331240654,8.69815444946,7.73132419586,4.76301002502,2.75600790977,2.05054044724,1.26840043068,0.691008031368,0.330253630877,0.107284530997,0.0248576961458,0.00616033188999,0.00169999420177,0.000218427885557,0.0000289067720587],"dvar":[0.093040175736,6.01576375961,70.3614196777,177.475830078,160.675369263,206.096664429,239.848648071,554.650085449,831.62109375,966.370605469,682.479858398,1045.40734863,410.940704346,380.296966553,398.362976074,845.051635742,673.774963379,632.053283691,1016.97058105,1422.07128906,1059.45678711,864.708557129,544.356140137,470.36920166,387.014892578,282.666931152,75.4805145264,43.8972587585,20.3321743011,12.1508226395,7.26152706146,2.3955988884,1.40360617638,0.234419330955,0.0179553255439,0.0010439325124,0.0000626192631898,0.00000730808460503,1.75999730345e-7,7.09437675273e-10],"dvar2":[0.245304137468,17.2504653931,203.694137573,491.934692383,430.971252441,533.256591797,637.947753906,1445.51525879,2159.15698242,2586.11987305,1666.50964355,2574.21777344,1041.98925781,952.04699707,974.843994141,2175.125,1708.10778809,1593.70947266,2587.24047852,3382.59082031,2478.8984375,2217.44775391,1441.65686035,1171.39294434,938.963378906,667.737304688,189.349761963,119.015197754,51.2664642334,29.6100406647,15.9509773254,5.33129453659,3.22890615463,0.57562983036,0.0459134913981,0.00270769093186,0.000159034359967,0.0000177599067683,4.43299740027e-7,1.87363813353e-9],"max":[2.28344368935,20.3819541931,86.2978134155,137.828475952,184.087753296,269.656402588,264.542541504,436.679840088,560.837890625,570.514221191,551.119628906,628.235107422,346.521087646,373.035644531,479.266418457,707.51171875,393.019287109,563.976257324,554.142028809,832.323547363,1137.34545898,942.762084961,709.330383301,619.235900879,414.345336914,395.55947876,170.37940979,100.732589722,79.6032409668,82.6567764282,60.3119049072,33.5807037354,34.117515564,17.2674617767,3.26696395874,0.526805639267,0.193721190095,0.0609231702983,0.013626171276,0.000502046954352],"mean":[0.0954614132643,0.969550311565,4.77786207199,13.574133873,15.0889034271,17.265296936,18.7857894897,19.9340057373,24.9310340881,28.9637641907,27.6018505096,34.4363708496,22.6312866211,23.553194046,22.2081375122,32.2023048401,36.1275634766,34.5749435425,34.6039047241,41.0498085022,42.0934371948,39.2650909424,32.6231842041,33.0255737305,30.0889511108,22.1907939911,13.9420232773,12.1561422348,7.10752296448,3.40376210213,2.5727686882,1.74643206596,0.955714821815,0.450171530247,0.14502517879,0.0318505316973,0.00735377334058,0.0018251251895,0.000241002984694,0.0000493243496749],"median":[0.0228656791151,0.468743979931,2.52553749084,8.47078704834,10.2797622681,11.4133930206,12.7392368317,11.3016080856,13.8842773438,18.4060745239,16.705915451,20.4055271149,14.2379350662,15.0117940903,14.3890914917,20.8152275085,25.5145931244,25.2519950867,24.3427696228,28.0248184204,30.4922561646,30.4789676666,26.8113002777,25.8253822327,22.2918148041,15.1860780716,10.3308410645,10.019411087,5.54599189758,2.19997501373,1.51670753956,1.17773139477,0.607648134232,0.298013329506,0.0988022983074,0.0218878649175,0.00469808606431,0.000756737019401,0.0000875336045283,0.0000434444882558],"min":[7.81438913577e-9,5.09788868897e-8,2.08545628766e-7,6.08677396485e-7,0.00000140198483223,0.00000260082924797,0.00000387235058952,0.00000452677113572,0.00000400012413593,0.00000259801709035,0.00000138968891861,9.23778657125e-7,8.6397500354e-7,0.00000102957687886,0.00000103778279481,8.78823300354e-7,9.35495336307e-7,7.38911296594e-7,7.02759621163e-7,6.81051574247e-7,5.81997881e-7,4.72871647617e-7,4.94843618526e-7,3.96246576884e-7,3.63128805247e-7,3.18142525657e-7,2.77052976116e-7,2.30887650332e-7,1.9791725947e-7,1.63606244996e-7,1.25945831542e-7,9.65276285569e-8,7.02246012452e-8,5.28553343315e-8,3.19912558666e-8,1.53508903367e-8,7.22154291921e-9,2.71284594788e-9,6.59163945649e-10,6.91855323032e-11],"var":[0.0682806819677,3.80262732506,52.4014778137,246.687057495,237.416244507,371.835906982,404.320587158,840.65802002,1224.70849609,1263.44458008,1358.75415039,2106.50341797,849.131958008,847.254821777,852.68170166,1526.74755859,1402.26843262,1358.93139648,1636.81591797,2673.46337891,2522.31323242,1459.56518555,863.60760498,1019.36590576,969.420043945,731.424865723,198.234146118,102.516456604,41.9020576477,20.3088207245,15.7902097702,5.39985084534,2.53025984764,0.364236086607,0.0287883039564,0.00151756079867,0.0000944626808632,0.0000115884367915,2.43709450842e-7,1.00782870938e-9]},"erbbands_crest":{"dmean":1.65817785263,"dmean2":2.7070441246,"dvar":2.74393296242,"dvar2":7.141477108,"max":24.2004356384,"mean":6.12949419022,"median":5.26796245575,"min":2.45378065109,"var":8.73501873016},"erbbands_flatness_db":{"dmean":0.0103379357606,"dmean2":0.01614687033,"dvar":0.0000958622767939,"dvar2":0.000211437130929,"max":0.420832782984,"mean":0.15335676074,"median":0.144656687975,"min":0.0807491317391,"var":0.00145097624045},"erbbands_kurtosis":{"dmean":0.42596283555,"dmean2":0.672247350216,"dvar":0.307217568159,"dvar2":0.683066785336,"max":35.4370689392,"mean":-0.245558321476,"median":-0.66142231226,"min":-1.63881480694,"var":4.49399614334},"erbbands_skewness":{"dmean":0.252209037542,"dmean2":0.392501115799,"dvar":0.0481332577765,"dvar2":0.110054172575,"max":4.65956068039,"mean":-0.00760862324387,"median":-0.0860067456961,"min":-2.40722560883,"var":0.434135973454},"erbbands_spread":{"dmean":6.3751783371,"dmean2":10.2081260681,"dvar":35.2701911926,"dvar2":88.3731689453,"max":104.894180298,"mean":42.0313911438,"median":41.7497558594,"min":1.83733439445,"var":145.366027832},"gfcc":{"cov":[[5261.80566406,-1868.70703125,-489.27142334,-42.7422981262,-625.913635254,730.671691895,-476.478027344,467.667907715,-117.520271301,253.16217041,-24.2153186798,102.231933594,-84.7372970581],[-1868.70703125,1105.6517334,40.8776893616,51.2684516907,326.42175293,-345.315917969,291.211395264,-231.015396118,114.284820557,-115.046173096,22.6511878967,-58.2399597168,59.3166618347],[-489.27142334,40.8776893616,457.034332275,-21.5920963287,55.6038246155,4.58423948288,-54.6344108582,5.28408908844,-22.7506122589,-25.6204452515,8.31431674957,-3.35605812073,-4.76006412506],[-42.7422981262,51.2684516907,-21.5920963287,213.168273926,39.5511436462,-7.39059352875,38.1192131042,-21.4862747192,14.6208372116,-13.6903390884,22.4326305389,-11.4675321579,10.0462589264],[-625.913635254,326.42175293,55.6038246155,39.5511436462,213.84677124,-81.8736419678,115.531448364,-59.6420936584,47.0529251099,-28.4905891418,-4.34161949158,-15.0476942062,12.1853876114],[730.671691895,-345.315917969,4.58423948288,-7.39059352875,-81.8736419678,234.949554443,-77.4146499634,118.114891052,-34.3646469116,41.3490791321,-0.931146264076,9.68772602081,-17.6791419983],[-476.478027344,291.211395264,-54.6344108582,38.1192131042,115.531448364,-77.4146499634,198.761505127,-31.5223636627,44.8172798157,-25.8142166138,2.36760210991,-12.37114048,4.32727575302],[467.667907715,-231.015396118,5.28408908844,-21.4862747192,-59.6420936584,118.114891052,-31.5223636627,122.600349426,-0.579533457756,40.7071876526,-2.16161322594,14.2456588745,-8.53164958954],[-117.520271301,114.284820557,-22.7506122589,14.6208372116,47.0529251099,-34.3646469116,44.8172798157,-0.579533457756,74.3349838257,15.1977653503,8.29686832428,-2.22838664055,8.411693573],[253.16217041,-115.046173096,-25.6204452515,-13.6903390884,-28.4905891418,41.3490791321,-25.8142166138,40.7071876526,15.1977653503,71.0827178955,18.5987873077,21.8527774811,-3.7967748642],[-24.2153186798,22.6511878967,8.31431674957,22.4326305389,-4.34161949158,-0.931146264076,2.36760210991,-2.16161322594,8.29686832428,18.5987873077,50.0590133667,16.9799900055,7.24722290039],[102.231933594,-58.2399597168,-3.35605812073,-11.4675321579,-15.0476942062,9.68772602081,-12.37114048,14.2456588745,-2.22838664055,21.8527774811,16.9799900055,49.6589126587,14.1847362518],[-84.7372970581,59.3166618347,-4.76006412506,10.0462589264,12.1853876114,-17.6791419983,4.32727575302,-8.53164958954,8.411693573,-3.7967748642,7.24722290039,14.1847362518,48.3919258118]],"icov":[[0.000733562861569,0.000577920058277,0.000716378621291,-0.000203571893508,0.000404881109716,-0.000932368217036,0.000553342688363,-0.000428411411121,-0.000544319744222,-0.000120076954772,0.000271796947345,-0.00041202356806,0.000286530848825],[0.000577920058277,0.005904532969,0.0000871926458785,0.00151829910465,-0.00261481432244,0.00150021328591,-0.00321820797399,0.0037847799249,-0.00363533734344,0.00292236590758,-0.0043236608617,0.00432824669406,-0.00413060793653],[0.000716378621291,0.0000871926458785,0.00370558048598,0.000105014238216,-0.0016371216625,-0.000460410403321,0.00290935952216,-0.00272082304582,0.000823159993161,0.00163613178302,-0.00151543936227,-0.000554814992938,0.00136929634027],[-0.000203571893508,0.00151829910465,0.000105014238216,0.00619425997138,-0.00179556931835,-0.0000906312052393,-0.0015995465219,0.00206062011421,-0.00132344756275,0.00241583725438,-0.00506103876978,0.00341207673773,-0.00239040586166],[0.000404881109716,-0.00261481432244,-0.0016371216625,-0.00179556931835,0.011941248551,-0.00299939094111,-0.00294548389502,0.00260378886014,-0.00299452152103,-0.00257731135935,0.00602784426883,-0.00306674838066,0.00106011668686],[-0.000932368217036,0.00150021328591,-0.000460410403321,-0.0000906312052393,-0.00299939094111,0.0127078145742,0.000314590288326,-0.00792284589261,0.00415767310187,0.000341023463989,-0.00345855811611,0.00406468473375,-0.000894553610124],[0.000553342688363,-0.00321820797399,0.00290935952216,-0.0015995465219,-0.00294548389502,0.000314590288326,0.0128189595416,-0.00692766625434,0.000132030560053,0.00196520145983,0.000442334770923,-0.003314018948,0.00505728740245],[-0.000428411411121,0.0037847799249,-0.00272082304582,0.00206062011421,0.00260378886014,-0.00792284589261,-0.00692766625434,0.0253792535514,-0.00769219873473,-0.00363815389574,0.00210560089909,0.000615106255282,-0.00398500217125],[-0.000544319744222,-0.00363533734344,0.000823159993161,-0.00132344756275,-0.00299452152103,0.00415767310187,0.000132030560053,-0.00769219873473,0.0244175959378,-0.0090925404802,-0.0000704516205587,0.00251192273572,-0.000919887621421],[-0.000120076954772,0.00292236590758,0.00163613178302,0.00241583725438,-0.00257731135935,0.000341023463989,0.00196520145983,-0.00363815389574,-0.0090925404802,0.0282901749015,-0.0109488675371,-0.00485189212486,0.00268548680469],[0.000271796947345,-0.0043236608617,-0.00151543936227,-0.00506103876978,0.00602784426883,-0.00345855811611,0.000442334770923,0.00210560089909,-0.0000704516205587,-0.0109488675371,0.0329476259649,-0.0118973329663,0.00193390809],[-0.00041202356806,0.00432824669406,-0.000554814992938,0.00341207673773,-0.00306674838066,0.00406468473375,-0.003314018948,0.000615106255282,0.00251192273572,-0.00485189212486,-0.0118973329663,0.0341682620347,-0.0131788197905],[0.000286530848825,-0.00413060793653,0.00136929634027,-0.00239040586166,0.00106011668686,-0.000894553610124,0.00505728740245,-0.00398500217125,-0.000919887621421,0.00268548680469,0.00193390809,-0.0131788197905,0.029055820778]],"mean":[27.0926952362,110.939331055,-135.379104614,46.5359230042,-54.7727661133,2.28233790398,-35.382900238,-0.511068999767,-22.8522377014,-4.2083439827,-15.8360452652,-9.31426811218,-10.9744024277]},"hfc":{"dmean":5.62920236588,"dmean2":9.02439975739,"dvar":57.1013412476,"dvar2":143.250823975,"max":101.352653503,"mean":24.8898067474,"median":23.3975734711,"min":0.00000123237578009,"var":177.600769043},"melbands":{"dmean":[0.00106474431232,0.00192176410928,0.0014896345092,0.000697844778188,0.000363293773262,0.000295343139442,0.000249688717304,0.00019289633201,0.000126718528918,0.000126330400235,0.0000636760232737,0.0000525493196619,0.0000452323765785,0.0000403327394451,0.0000525344366906,0.0000390522545786,0.0000344392210536,0.0000323942731484,0.0000303686538246,0.0000302636144625,0.0000241280067712,0.0000204055995709,0.0000176918129,0.0000118698098959,0.0000123525587696,0.0000115498587547,0.00000799663666839,0.00000667151743983,0.00000420413152824,0.0000026065702059,0.00000309064830617,0.00000187174009625,0.00000132439367917,8.6411915845e-7,8.08772426808e-7,6.56271026855e-7,4.73801634371e-7,3.41499230672e-7,2.68913225909e-7,1.61892387496e-7],"dmean2":[0.00186164316256,0.00344332656823,0.00252581224777,0.00116868433543,0.000598771555815,0.000493519066367,0.00041745667113,0.000320063787512,0.000204119336559,0.000203597141081,0.000104355611256,0.0000869524883456,0.0000749152968638,0.0000660133227939,0.0000860731888679,0.0000631707080174,0.0000566855815123,0.0000529941753484,0.0000496598295285,0.0000492044964631,0.0000399497439503,0.0000339406979037,0.0000295636527881,0.00001998571679,0.000020591491193,0.0000189678848983,0.0000133156263473,0.000011006602108,0.0000069427796916,0.00000438804227088,0.00000524613551534,0.00000312806764668,0.00000222229800784,0.00000143522572671,0.00000131373042223,0.00000106262473309,7.66446873968e-7,5.44990484741e-7,4.34032159546e-7,2.62752109847e-7],"dvar":[0.00000748627917346,0.0000155406523845,0.00000455744657302,8.97611130313e-7,2.27662454222e-7,2.56833800449e-7,1.85311890277e-7,9.54537711095e-8,4.54210891121e-8,4.05022611005e-8,1.06937800837e-8,6.56696208523e-9,5.47428236075e-9,5.31324495512e-9,6.46760289769e-9,3.36874572682e-9,2.64772626046e-9,3.23688942316e-9,2.86104118175e-9,3.02813019104e-9,1.54582524559e-9,1.13930398449e-9,6.87927936838e-10,5.30009425237e-10,3.95047133894e-10,3.02530916985e-10,2.35910457835e-10,1.40851594277e-10,5.04192278206e-11,1.54911118655e-11,2.01806401451e-11,8.02290959362e-12,6.26894022804e-12,3.4655264769e-12,3.09625437268e-12,1.81095102022e-12,8.36061797051e-13,8.74189934851e-13,5.48989944216e-13,1.42949955801e-13],"dvar2":[0.0000202554510906,0.0000449356266472,0.0000126439981614,0.00000233249170378,6.13035979313e-7,6.75374280945e-7,4.86979502057e-7,2.4958453082e-7,1.08525618714e-7,9.91094282199e-8,2.7188599816e-8,1.65160578547e-8,1.38586191412e-8,1.34928983542e-8,1.6563316052e-8,8.42639202858e-9,6.79191636266e-9,8.25200796584e-9,7.05840630388e-9,7.10471503851e-9,3.65469610131e-9,2.93880186852e-9,1.82522830183e-9,1.44500300614e-9,9.9954100552e-10,7.4204031808e-10,5.82013603978e-10,3.41138450821e-10,1.30011237887e-10,4.13277884137e-11,5.61917110065e-11,2.09279728963e-11,1.54387041346e-11,8.50967386834e-12,6.96201516576e-12,4.05432762016e-12,1.94108314491e-12,1.99104816835e-12,1.32362252669e-12,3.70230945511e-13],"max":[0.0228255111724,0.0367616191506,0.0228721275926,0.0170484129339,0.00809497758746,0.00844440236688,0.00743341026828,0.0054857279174,0.00423467205837,0.00440525542945,0.00178331509233,0.0015019858256,0.00160786847118,0.00235418765806,0.00142882473301,0.00102076213807,0.00123446458019,0.00113732705358,0.00109538191464,0.00127855874598,0.00146412104368,0.000927517889068,0.000611480732914,0.000849552161526,0.000600926287007,0.000403188721975,0.000366168445908,0.000258235639194,0.000140290867421,0.0000657600176055,0.0000876211270224,0.0000462749412691,0.0000546391092939,0.0000378831064154,0.0000486586868647,0.0000337263845722,0.0000183940519491,0.0000242208043346,0.0000277334802377,0.0000163108525157],"mean":[0.000967085419688,0.00209552748129,0.00237914826721,0.00116553273983,0.000666701816954,0.000469362072181,0.000393570255255,0.000306442001602,0.000230940393521,0.000215504493099,0.000110094500997,0.0000933763003559,0.0000777013920015,0.0000710014501237,0.0000931773902266,0.0000728835366317,0.0000630870490568,0.0000550605436729,0.0000537930864084,0.000056282577134,0.0000462862117274,0.0000392900874431,0.0000370152738469,0.0000233610116993,0.000027127796784,0.000026398940463,0.0000163786262419,0.0000145894273373,0.00000968495442066,0.0000062918961703,0.00000744623957871,0.00000434658431914,0.00000257456690633,0.00000157928570843,0.00000151322046804,0.00000126985923998,9.93754724732e-7,6.97094890256e-7,5.28842519998e-7,3.29695126311e-7],"median":[0.000345104228472,0.00113393401261,0.00161153567024,0.000816708605271,0.000477159483125,0.000276145670796,0.000227870419621,0.000193632979062,0.000137695664307,0.000126225597342,0.0000677615898894,0.0000587769500271,0.000048891222832,0.000043416981498,0.0000616127072135,0.0000491188075102,0.0000444771758339,0.0000373863294953,0.0000354122857971,0.0000379850280297,0.0000327464731527,0.0000290957941615,0.0000296554753731,0.0000178957034223,0.0000206801087188,0.0000197943372768,0.0000106711040644,0.00000983516656561,0.0000067935898187,0.00000513485611009,0.00000597866619501,0.00000336397965839,0.00000175703439709,9.29932070903e-7,8.60002558056e-7,7.51409629629e-7,6.89734861226e-7,4.2420384716e-7,3.23946636627e-7,2.15080660837e-7],"min":[7.34896588028e-11,9.60418342077e-11,1.25876864487e-10,1.4380323321e-10,1.35435634929e-10,1.02212877051e-10,5.86238904643e-11,2.53315233373e-11,1.01077349615e-11,5.53181285501e-12,4.24943673999e-12,4.11432086317e-12,3.62500979754e-12,2.50205238472e-12,2.23574500927e-12,1.87674615432e-12,1.30188177946e-12,1.12309922647e-12,9.9919454221e-13,8.24219707242e-13,6.48528268848e-13,4.93133962484e-13,4.46585504037e-13,4.22162630374e-13,3.07327568342e-13,2.79353444673e-13,2.38807834185e-13,2.03761039617e-13,1.75307874771e-13,1.51976399672e-13,1.28446203868e-13,1.137183609e-13,9.7186093808e-14,9.06277480904e-14,7.51833152484e-14,6.3400185709e-14,5.65914638284e-14,4.89117887902e-14,4.635057461e-14,4.35785644224e-14],"var":[0.00000531679506821,0.0000108626854853,0.00000634481693851,0.00000148032017933,4.10950775631e-7,3.9974455035e-7,2.70024031579e-7,1.38235321856e-7,9.88193562534e-8,8.28324644431e-8,2.14177688918e-8,1.41654163954e-8,1.10023998801e-8,9.37907707055e-9,1.18485861123e-8,6.50133280544e-9,5.13160669513e-9,4.87263696058e-9,4.82308459837e-9,5.74093039774e-9,3.41041150875e-9,1.73314085306e-9,1.1400238531e-9,6.76585121262e-10,7.67808816526e-10,7.29176219405e-10,4.77380357466e-10,3.39237971048e-10,1.19091611572e-10,2.92591402495e-11,4.37316606539e-11,1.58328194305e-11,1.02311093625e-11,5.47620282454e-12,6.17884172646e-12,3.87973464119e-12,1.70123539821e-12,1.59685307512e-12,7.82638060262e-13,1.94434908712e-13]},"melbands_crest":{"dmean":3.46831512451,"dmean2":5.66281175613,"dvar":8.80480098724,"dvar2":23.2382698059,"max":33.5989189148,"mean":13.1228742599,"median":12.1260938644,"min":3.3546025753,"var":27.0326881409},"melbands_flatness_db":{"dmean":0.0235342588276,"dmean2":0.0373603589833,"dvar":0.00053168652812,"dvar2":0.00131152768154,"max":0.688687205315,"mean":0.179512962699,"median":0.159686967731,"min":0.0493732765317,"var":0.00634293165058},"melbands_kurtosis":{"dmean":5.48763561249,"dmean2":8.97263717651,"dvar":63.2655143738,"dvar2":168.637649536,"max":182.276412964,"mean":11.2842340469,"median":6.58472490311,"min":-1.55666196346,"var":227.856689453},"melbands_skewness":{"dmean":0.676602900028,"dmean2":1.09247791767,"dvar":0.503233611584,"dvar2":1.32610762119,"max":9.955991745,"mean":2.6549475193,"median":2.38818764687,"min":-0.100021921098,"var":1.62637841702},"melbands_spread":{"dmean":7.00947713852,"dmean2":11.0717983246,"dvar":51.5663566589,"dvar2":122.471481323,"max":110.285385132,"mean":25.4659061432,"median":23.7756233215,"min":0.398380219936,"var":200.567123413},"mfcc":{"cov":[[4790.99511719,-1326.28015137,-333.649810791,-582.894836426,-143.746749878,-32.4693946838,-93.0538406372,79.0403060913,-52.9669189453,169.248260498,48.7706642151,93.3265304565,44.7972068787],[-1326.28015137,829.989440918,-118.658477783,234.885574341,-11.6572532654,34.1643447876,20.5451850891,-23.506690979,71.6637115479,-65.179145813,18.690788269,-17.4583377838,-8.65151977539],[-333.649810791,-118.658477783,402.127410889,-39.9122467041,104.204208374,-23.7389602661,4.73128843307,0.249916657805,-46.8026161194,-3.55214118958,-31.8787612915,-12.5967617035,6.99900579453],[-582.894836426,234.885574341,-39.9122467041,292.789031982,6.01034164429,44.3957977295,15.6861524582,-0.0730202868581,10.9880628586,-15.0538272858,-1.76964855194,-10.8295001984,-0.579118609428],[-143.746749878,-11.6572532654,104.204208374,6.01034164429,129.733352661,19.5221157074,0.600268244743,-3.21854782104,-1.07820701599,5.14758062363,-9.10990810394,-4.95085811615,0.632517039776],[-32.4693946838,34.1643447876,-23.7389602661,44.3957977295,19.5221157074,72.322013855,25.3277835846,18.8722171783,5.27436113358,10.5177249908,7.3042011261,4.89484930038,-3.88324165344],[-93.0538406372,20.5451850891,4.73128843307,15.6861524582,0.600268244743,25.3277835846,82.3201522827,33.3212471008,15.0204963684,5.23561000824,11.4047002792,5.33403158188,-4.78056383133],[79.0403060913,-23.506690979,0.249916657805,-0.0730202868581,-3.21854782104,18.8722171783,33.3212471008,71.3057250977,20.9968452454,21.6218013763,3.9459631443,5.75568819046,0.0655498057604],[-52.9669189453,71.6637115479,-46.8026161194,10.9880628586,-1.07820701599,5.27436113358,15.0204963684,20.9968452454,71.1977310181,20.6940345764,12.3468999863,-2.82902526855,2.35215353966],[169.248260498,-65.179145813,-3.55214118958,-15.0538272858,5.14758062363,10.5177249908,5.23561000824,21.6218013763,20.6940345764,60.7957420349,19.3938980103,10.3868045807,2.24250674248],[48.7706642151,18.690788269,-31.8787612915,-1.76964855194,-9.10990810394,7.3042011261,11.4047002792,3.9459631443,12.3468999863,19.3938980103,53.8127250671,25.5661258698,2.57631206512],[93.3265304565,-17.4583377838,-12.5967617035,-10.8295001984,-4.95085811615,4.89484930038,5.33403158188,5.75568819046,-2.82902526855,10.3868045807,25.5661258698,48.0082244873,15.8429307938],[44.7972068787,-8.65151977539,6.99900579453,-0.579118609428,0.632517039776,-3.88324165344,-4.78056383133,0.0655498057604,2.35215353966,2.24250674248,2.57631206512,15.8429307938,41.742477417]],"icov":[[0.00063571712235,0.000876115460414,0.000793755054474,0.000648945453577,0.000149657091242,-0.000345838605426,0.000652046175674,-0.000548893935047,0.000235929430346,-0.000400628516218,-0.0002435088536,-0.000118104027933,-0.000515562831424],[0.000876115460414,0.00338855851442,0.00113217544276,-0.00051022839034,0.000293005577987,-0.000989932683297,0.000988250249065,-0.00000182722237696,-0.00251429155469,0.00260105147026,-0.00170489831362,0.000036926849134,-0.000325027445797],[0.000793755054474,0.00113217544276,0.00507238367572,0.000967710162513,-0.00332799833268,0.00216991035268,-0.000628900772426,-0.00164087011945,0.00340412487276,-0.00138326780871,0.000740907853469,0.000798875640612,-0.00173785118386],[0.000648945453577,-0.00051022839034,0.000967710162513,0.00557514186949,0.00015668895503,-0.00276088831015,0.000427519378718,-0.000550283642951,0.00136742985342,-0.000979978591204,0.00033577211434,0.000995843671262,-0.00151957722846],[0.000149657091242,0.000293005577987,-0.00332799833268,0.00015668895503,0.01144203078,-0.00516082951799,0.00133089127485,0.00216208468191,-0.00280032423325,-0.000525180890691,0.000993595109321,-0.000377569638658,0.000223832379561],[-0.000345838605426,-0.000989932683297,0.00216991035268,-0.00276088831015,-0.00516082951799,0.0209785159677,-0.00517605012283,-0.00333266658708,0.0039035056252,-0.0035069049336,0.000303032778902,-0.00113366357982,0.00158609473146],[0.000652046175674,0.000988250249065,-0.000628900772426,0.000427519378718,0.00133089127485,-0.00517605012283,0.018145730719,-0.00743065029383,-0.00260119861923,0.0034102727659,-0.00402509327978,-0.000745383964386,0.001699260436],[-0.000548893935047,-0.00000182722237696,-0.00164087011945,-0.000550283642951,0.00216208468191,-0.00333266658708,-0.00743065029383,0.0221356134862,-0.00567265506834,-0.00461538787931,0.00454265857115,-0.00283570331521,0.000991116045043],[0.000235929430346,-0.00251429155469,0.00340412487276,0.00136742985342,-0.00280032423325,0.0039035056252,-0.00260119861923,-0.00567265506834,0.0241737421602,-0.00943852029741,-0.00217442726716,0.00614187307656,-0.00426152301952],[-0.000400628516218,0.00260105147026,-0.00138326780871,-0.000979978591204,-0.000525180890691,-0.0035069049336,0.0034102727659,-0.00461538787931,-0.00943852029741,0.0282247085124,-0.00921941548586,-0.000475044100313,0.00103176874109],[-0.0002435088536,-0.00170489831362,0.000740907853469,0.00033577211434,0.000993595109321,0.000303032778902,-0.00402509327978,0.00454265857115,-0.00217442726716,-0.00921941548586,0.0319147221744,-0.0164223015308,0.00421441160142],[-0.000118104027933,0.000036926849134,0.000798875640612,0.000995843671262,-0.000377569638658,-0.00113366357982,-0.000745383964386,-0.00283570331521,0.00614187307656,-0.000475044100313,-0.0164223015308,0.0354876965284,-0.0129423765466],[-0.000515562831424,-0.000325027445797,-0.00173785118386,-0.00151957722846,0.000223832379561,0.00158609473146,0.001699260436,0.000991116045043,-0.00426152301952,0.00103176874109,0.00421441160142,-0.0129423765466,0.0298865977675]],"mean":[-602.561035156,127.074371338,-14.9096746445,37.3226242065,1.51246631145,5.13397741318,-1.94628596306,-1.67393672466,-1.6722342968,-1.42368996143,-2.01291537285,-0.531185150146,-6.01334095001]},"pitch_salience":{"dmean":0.071673579514,"dmean2":0.118134230375,"dvar":0.00386506388895,"dvar2":0.0102812824771,"max":0.925976753235,"mean":0.649181842804,"median":0.672494828701,"min":0.144169390202,"var":0.0121392980218},"silence_rate_20dB":{"dmean":0,"dmean2":0,"dvar":0,"dvar2":0,"max":1,"mean":1,"median":1,"min":1,"var":0},"silence_rate_30dB":{"dmean":0.000654022209346,"dmean2":0.00130818702746,"dvar":0.000653624651022,"dvar2":0.00196068943478,"max":1,"mean":0.999673008919,"median":1,"min":0,"var":0.00032681087032},"silence_rate_60dB":{"dmean":0.00348811852746,"dmean2":0.0069769974798,"dvar":0.00347524229437,"dvar2":0.00932381395251,"max":1,"mean":0.0189645774662,"median":0,"min":0,"var":0.0186038929969},"spectral_centroid":{"dmean":228.087203979,"dmean2":356.690032959,"dvar":45499.1796875,"dvar2":104187.375,"max":3538.00878906,"mean":1469.5690918,"median":1452.03649902,"min":154.897583008,"var":312344.8125},"spectral_complexity":{"dmean":3.97122311592,"dmean2":6.28965425491,"dvar":12.0276021957,"dvar2":27.7077827454,"max":60,"mean":33.4540596008,"median":35,"min":0,"var":122.857414246},"spectral_contrast_coeffs":{"dmean":[0.057144895196,0.0457414872944,0.034983985126,0.0265595708042,0.018355442211,0.0161317996681],"dmean2":[0.0944486930966,0.0764089673758,0.0594553686678,0.0447093732655,0.0307332668453,0.0263126939535],"dvar":[0.00205695908517,0.00131488230545,0.00074437703006,0.000430127198342,0.000209309757338,0.000182697724085],"dvar2":[0.00563640659675,0.00369437783957,0.00215819827281,0.00119845836889,0.000572613149416,0.000467345002107],"max":[-0.325198352337,-0.501758277416,-0.626443505287,-0.644628286362,-0.660419344902,-0.540779709816],"mean":[-0.600675404072,-0.758113622665,-0.804546833038,-0.81183385849,-0.804642021656,-0.712650835514],"median":[-0.602128148079,-0.762431025505,-0.807572484016,-0.815116524696,-0.805836737156,-0.718763053417],"min":[-0.970652997494,-0.940998196602,-0.925939977169,-0.955107569695,-0.925669372082,-0.953582465649],"var":[0.00500621600077,0.00296563189477,0.00153288571164,0.00119322375394,0.000667366955895,0.00217809341848]},"spectral_contrast_valleys":{"dmean":[0.448094338179,0.318863034248,0.273872435093,0.222765833139,0.16881480813,0.197765022516],"dmean2":[0.741053581238,0.528305470943,0.449852347374,0.363069206476,0.273368984461,0.305954605341],"dvar":[0.135025948286,0.0687576830387,0.0495635680854,0.0327090732753,0.0251736994833,0.0533950254321],"dvar2":[0.370838195086,0.192584827542,0.132254689932,0.0843451395631,0.0606492832303,0.119648307562],"max":[-4.99543380737,-4.39779090881,-5.16607952118,-5.47261571884,-5.6384806633,-8.27876091003],"mean":[-6.88086891174,-6.12117958069,-6.76027536392,-6.84603691101,-6.74759197235,-10.2159500122],"median":[-6.83913898468,-6.03676462173,-6.65927219391,-6.67828798294,-6.59084796906,-9.82399177551],"min":[-12.0664901733,-13.0868988037,-14.5774679184,-15.0589771271,-15.8136539459,-16.5726566315],"var":[0.357019037008,0.432885408401,0.513376235962,0.607167124748,0.610308051109,1.6857098341]},"spectral_decrease":{"dmean":3.29615890138e-9,"dmean2":5.59953683421e-9,"dvar":2.76200503441e-17,"dvar2":7.56166032e-17,"max":-6.73431056555e-16,"mean":-8.45470005117e-9,"median":-7.41513606073e-9,"min":-5.24944852032e-8,"var":2.86053548025e-17},"spectral_energy":{"dmean":0.0127954185009,"dmean2":0.0217142309994,"dvar":0.000408880790928,"dvar2":0.00111939175986,"max":0.202129453421,"mean":0.0341676287353,"median":0.0303634498268,"min":2.65346145056e-9,"var":0.00043321136036},"spectral_energyband_high":{"dmean":0.000292781041935,"dmean2":0.000464181241114,"dvar":2.32485149354e-7,"dvar2":5.34237585725e-7,"max":0.00710870604962,"mean":0.000934582552873,"median":0.000731445848942,"min":3.69482638929e-11,"var":7.16768397524e-7},"spectral_energyband_low":{"dmean":0.00916520692408,"dmean2":0.0158286299556,"dvar":0.000327282730723,"dvar2":0.000907298584934,"max":0.172857031226,"mean":0.0120474081486,"median":0.00745753152296,"min":6.32496000019e-10,"var":0.000261202076217},"spectral_energyband_middle_high":{"dmean":0.0018102111062,"dmean2":0.00279160751961,"dvar":0.00000449499702881,"dvar2":0.0000106107563624,"max":0.0279949791729,"mean":0.00690600881353,"median":0.00629033381119,"min":1.58813379114e-10,"var":0.0000185765111382},"spectral_energyband_middle_low":{"dmean":0.00643150229007,"dmean2":0.0107003133744,"dvar":0.0000583813271078,"dvar2":0.000156426947797,"max":0.0900635793805,"mean":0.0175144542009,"median":0.0154674639925,"min":1.88756965613e-9,"var":0.000111898465548},"spectral_entropy":{"dmean":0.0801465511322,"dmean2":0.12562571466,"dvar":0.00601180968806,"dvar2":0.0127505939454,"max":8.28638935089,"mean":7.71862125397,"median":7.82044267654,"min":3.85839080811,"var":0.195436224341},"spectral_flux":{"dmean":0.0257578846067,"dmean2":0.0409868136048,"dvar":0.00116542971227,"dvar2":0.00205093133263,"max":0.375879973173,"mean":0.105100661516,"median":0.0985321700573,"min":0.000928511901293,"var":0.0025437141303},"spectral_kurtosis":{"dmean":1.4549407959,"dmean2":2.53454732895,"dvar":6.52492523193,"dvar2":18.0479736328,"max":154.759338379,"mean":4.45646524429,"median":3.12941336632,"min":-0.587313592434,"var":103.151252747},"spectral_rms":{"dmean":0.000954299175646,"dmean2":0.00157137867063,"dvar":0.00000144245484535,"dvar2":0.00000384515942642,"max":0.0140427723527,"mean":0.00554442591965,"median":0.00544269010425,"min":0.00000160895706358,"var":0.00000259354851551},"spectral_rolloff":{"dmean":441.892456055,"dmean2":713.838867188,"dvar":233299.78125,"dvar2":537299.1875,"max":5361.76757813,"mean":1504.41162109,"median":1442.72460938,"min":129.19921875,"var":823392.0625},"spectral_skewness":{"dmean":0.174973294139,"dmean2":0.29113098979,"dvar":0.0370754152536,"dvar2":0.0987532883883,"max":10.9068431854,"mean":1.28385841846,"median":1.20632064342,"min":0.0621624365449,"var":0.60631775856},"spectral_spread":{"dmean":252709.5,"dmean2":393657.3125,"dvar":99144941568,"dvar2":148800716800,"max":29058486,"mean":3670594.75,"median":3699973.5,"min":648148.25,"var":514767749120},"spectral_strongpeak":{"dmean":0.368712872267,"dmean2":0.636451542377,"dvar":0.313815414906,"dvar2":0.829929828644,"max":8.85435199738,"mean":0.593676388264,"median":0.427300900221,"min":0,"var":0.365792244673},"zerocrossingrate":{"dmean":0.00728307617828,"dmean2":0.00913335569203,"dvar":0.00004461070057,"dvar2":0.0000625333923381,"max":0.16357421875,"mean":0.0569769665599,"median":0.05712890625,"min":0.0009765625,"var":0.000460023322375}},"metadata":{"audio_properties":{"analysis_sample_rate":44100,"bit_rate":0,"codec":"flac","downmix":"mix","equal_loudness":0,"length":212.999984741,"lossless":true,"md5_encoded":"6541a3c326097478535dfdfe82c365d1","replay_gain":-11.5521392822,"sample_rate":44100},"tags":{"acoustid_id":["30635316-1191-474e-b9fa-dbff003c2238"],"album":["Bad Magic"],"albumartist":["Motörhead"],"albumartistsort":["Motörhead"],"artist":["Motörhead"],"artistsort":["Motörhead"],"asin":["B00YPB27Z6"],"barcode":["825646077441"],"catalognumber":["UDR 057P01"],"date":["2015-08-28"],"discnumber":["1"],"disctotal":["1"],"file_name":"11 - Choking On Your Screams.flac","genre":["Metal"],"label":["UDR"],"media":["CD"],"musicbrainz_albumartistid":["57961a97-3796-4bf7-9f02-a985a8979ae9"],"musicbrainz_albumid":["389e50fe-cca0-4519-92ed-2166a312aac3"],"musicbrainz_artistid":["57961a97-3796-4bf7-9f02-a985a8979ae9"],"musicbrainz_recordingid":["848ec829-a6ba-4f7e-a9db-0ebd3262d599"],"musicbrainz_releasegroupid":["37d8c756-b81f-45ed-9c74-e6b28a34c285"],"musicbrainz_releasetrackid":["69321791-2bf4-4b60-8c35-db08f5acd6f7"],"originaldate":["2015-08-28"],"releasecountry":["XE"],"releasestatus":["official"],"releasetype":["album"],"script":["Latn"],"title":["Choking On Your Screams"],"totaldiscs":["1"],"totaltracks":["13"],"tracknumber":["11"],"tracktotal":["13"]},"version":{"essentia":"2.1-beta2","essentia_build_sha":"2d9f1f26377add8aeb1075a9c2973f962c4f09fd","essentia_git_sha":"v2.1_beta2-1-ge3940c0","extractor":"music 1.0"}},"rhythm":{"beats_count":562,"beats_loudness":{"dmean":0.0101255979389,"dmean2":0.0170397106558,"dvar":0.0000730126412236,"dvar2":0.0001939664362,"max":0.0838529765606,"mean":0.0371448136866,"median":0.0365721061826,"min":0.000352051691152,"var":0.000150501655298},"beats_loudness_band_ratio":{"dmean":[0.204190179706,0.141805455089,0.0937538295984,0.061300881207,0.0523883514106,0.0389344617724],"dmean2":[0.36