{"lowlevel":{"average_loudness":0.914376080036,"barkbands":{"dmean":[0.00150003645103,0.00418235873803,0.00329593475908,0.00185949809384,0.00371678266674,0.0024308830034,0.0012342754053,0.000700683624018,0.000541459710803,0.000413344299886,0.000241001413087,0.000243496877374,0.000155053217895,0.0001306815102,0.000117010997201,0.000094024464488,0.0000668987413519,0.0000621034414507,0.0000613987431279,0.0000442047785327,0.0000317190751957,0.0000389710148738,0.0000330242692144,0.0000143941470014,0.00000284476004708,0.0000157834983838,0.0000700406089891],"dmean2":[0.00257956469432,0.00703895557672,0.0056019150652,0.00315746059641,0.00596473040059,0.00363408401608,0.00183354644105,0.00113310816232,0.00084372900892,0.000634599709883,0.00037625990808,0.000382951344363,0.000244880036917,0.00020947351004,0.000185148033779,0.000148086881381,0.000106177867565,0.0000958772725426,0.0000908072252059,0.0000660878504277,0.0000465007215098,0.0000561486995139,0.0000514280764037,0.0000209793379327,0.00000454862311017,0.000023249309379,0.0000944620842347],"dvar":[0.0000048653473641,0.0000361448473996,0.0000311005132971,0.00000680512039253,0.0000297824262816,0.0000308651797241,0.00000620028595222,0.00000187463365364,0.00000173976206952,0.00000174797764885,4.77709534152e-7,4.35759773154e-7,1.30962007461e-7,7.98390331624e-8,6.83685428271e-8,4.63027127751e-8,2.67162256762e-8,1.19587202363e-8,1.0171262943e-8,5.5369375751e-9,3.53945428522e-9,6.39674313518e-9,9.52594447767e-9,1.00634744982e-9,1.96810380493e-11,1.62958591066e-9,1.46847982663e-8],"dvar2":[0.000012768596207,0.0000950729590841,0.0000869193900144,0.0000182024050446,0.0000733217093511,0.0000593209078943,0.0000122296087284,0.00000447695310868,0.00000383050564778,0.00000382231883123,0.00000102995420548,9.54872348302e-7,2.91950271958e-7,1.95992811314e-7,1.64594283092e-7,1.06236321074e-7,6.43151949475e-8,2.84484649171e-8,2.31401671158e-8,1.22314220974e-8,7.72024311146e-9,1.43636649241e-8,2.37489992116e-8,2.13366591062e-9,4.57718099534e-11,3.70640940162e-9,3.04541316609e-8],"max":[0.0470381006598,0.0864340215921,0.0992981046438,0.0405163615942,0.102348908782,0.135065853596,0.055456802249,0.0571379177272,0.0363624468446,0.045076597482,0.0313218571246,0.0236127544194,0.010746431537,0.00865972600877,0.00758058018982,0.00612468784675,0.0106297181919,0.00204860628583,0.00237495778129,0.00150802161079,0.00272339791991,0.00183924823068,0.00304857920855,0.000976331182756,0.0000728655722924,0.00140789884608,0.00230473000556],"mean":[0.00179859099444,0.00564721925184,0.00419086124748,0.00248844805174,0.00702331028879,0.00428290478885,0.00227203266695,0.00109652045649,0.000915505981538,0.000610665942077,0.00036328099668,0.000390778295696,0.000237750791712,0.000206932221772,0.000188071382581,0.00015953136608,0.000117939314805,0.000115819602797,0.00011888093286,0.000085629086243,0.0000633979361737,0.0000670791996527,0.0000542373672943,0.000024804036002,0.00000361110710401,0.0000285226997221,0.000168254831806],"median":[0.000951525522396,0.00345928268507,0.00213364721276,0.00138804549351,0.00419981963933,0.00161951873451,0.000957281154115,0.000503544288222,0.000327627873048,0.000175025212229,0.000116590206744,0.00011063148122,0.0000787510944065,0.0000752760679461,0.0000752619234845,0.0000685258128215,0.0000591149146203,0.0000649624853395,0.0000673426548019,0.0000507464210386,0.0000359443583875,0.0000262639368884,0.0000108228150566,0.00000661584908812,0.00000156383759986,0.00000727821634428,0.000102658137621],"min":[3.19056321535e-25,2.56849304486e-24,1.45626858826e-24,1.06646233967e-24,8.94332475996e-24,3.92643248787e-24,1.10438302143e-23,1.16869380232e-23,1.45216528882e-23,1.96145594027e-23,1.77355905452e-23,1.995839705e-23,2.92485926274e-23,4.13071362019e-23,2.64478019369e-23,5.23260904764e-23,7.67710155957e-23,1.11059094655e-22,1.67725977459e-22,1.76302081946e-22,2.37824220606e-22,2.64937559245e-22,4.28970140433e-22,5.49930310351e-22,8.92965301161e-22,1.22840137789e-21,1.99165886211e-21],"var":[0.00000618572130406,0.000046536042646,0.0000409046915593,0.0000104024238681,0.00007777614519,0.0000773029169068,0.0000169642335095,0.00000373172019863,0.00000541617282579,0.00000324491816173,0.00000102440458249,0.00000106410664102,2.77778354985e-7,1.80903711566e-7,1.31325847974e-7,9.41218942785e-8,4.48589005941e-8,2.42464661682e-8,2.44848070707e-8,1.25702284137e-8,8.59254001284e-9,1.34824542641e-8,2.1010592377e-8,2.50250198341e-9,3.04689398711e-11,4.41678027485e-9,4.03933704263e-8]},"barkbands_crest":{"dmean":2.65652346611,"dmean2":4.42476701736,"dvar":5.10064554214,"dvar2":13.5164995193,"max":25.7189254761,"mean":9.97362709045,"median":9.33590126038,"min":3.32396173477,"var":12.6231174469},"barkbands_flatness_db":{"dmean":0.0250547211617,"dmean2":0.0379938557744,"dvar":0.000456256413599,"dvar2":0.00102282268927,"max":0.386257618666,"mean":0.147838324308,"median":0.142962038517,"min":0.0356672145426,"var":0.00236061727628},"barkbands_kurtosis":{"dmean":5.30248594284,"dmean2":8.49600124359,"dvar":42.2533874512,"dvar2":105.834220886,"max":144.77204895,"mean":12.3292341232,"median":9.93196105957,"min":-1.88874125481,"var":103.73601532},"barkbands_skewness":{"dmean":0.613547384739,"dmean2":0.981579661369,"dvar":0.321280181408,"dvar2":0.807896971703,"max":9.45466899872,"mean":2.56809663773,"median":2.53296375275,"min":-2.5046415329,"var":1.23855352402},"barkbands_spread":{"dmean":4.4127240181,"dmean2":6.77091503143,"dvar":26.515329361,"dvar2":62.4577140808,"max":135.192764282,"mean":14.9778594971,"median":12.2668333054,"min":0.822539627552,"var":134.90272522},"dissonance":{"dmean":0.0224476885051,"dmean2":0.0376069918275,"dvar":0.000461115007056,"dvar2":0.00124671449885,"max":0.5,"mean":0.455413073301,"median":0.462363302708,"min":0.00280138291419,"var":0.000997050432488},"dynamic_complexity":2.93408274651,"erbbands":{"dmean":[0.156669408083,0.894759118557,3.19163942337,5.25785398483,10.8191051483,12.1524629593,14.5652456284,21.5813713074,19.4124336243,16.5852336884,15.2927742004,13.52846241,8.49703025818,14.1046447754,9.41899299622,9.58857154846,7.20504379272,6.11680793762,6.62842607498,5.23835754395,4.47005701065,3.52318048477,3.2242436409,3.352902174,2.7616751194,2.05359792709,1.55132842064,1.26520943642,1.31905663013,1.23538672924,0.870726466179,0.42060726881,0.189458057284,0.0473364256322,0.015244002454,0.0247770827264,0.0327154509723,0.0254609175026,0.00726591330022,0.00153925374616],"dmean2":[0.262719005346,1.51875579357,5.39052581787,8.83634281158,18.2339305878,19.4251079559,21.7520637512,32.4570083618,28.2801704407,26.4726409912,24.5807209015,21.0622272491,13.094452858,21.406036377,14.496796608,15.0415239334,11.2821187973,9.63790798187,10.4202508926,8.19122123718,7.00158643723,5.51379776001,4.91570997238,5.04588699341,4.09969377518,3.03161597252,2.29707503319,1.83909833431,1.89388895035,1.90451097488,1.34731149673,0.626478135586,0.273965537548,0.071139767766,0.0251146629453,0.0358729027212,0.0478696301579,0.0371723212302,0.00969677977264,0.00211287196726],"dvar":[0.0644714832306,1.60019207001,28.4216461182,54.9378585815,272.220489502,431.685943604,1449.90661621,2409.05566406,2503.83398438,1030.45056152,1036.89758301,1198.69299316,490.110321045,2334.25537109,584.657592773,676.68762207,287.1378479,180.412918091,216.406005859,138.182907104,93.8551940918,46.7710723877,32.9364318848,30.9353065491,20.4185829163,12.059926033,7.62483549118,5.73000097275,6.98043823242,12.6436758041,6.1261305809,1.11975741386,0.153591617942,0.00672450335696,0.000595767749473,0.00208438956179,0.00741134630516,0.00459573697299,0.000137628085213,0.0000081187727119],"dvar2":[0.170507147908,4.27500152588,77.726234436,150.166061401,741.313293457,1019.66943359,2478.92016602,4955.91259766,4703.81054688,2489.97167969,2446.60595703,2676.37304688,1137.09350586,5001.86474609,1198.96289062,1495.0604248,652.94708252,434.193572998,522.143981934,333.675048828,213.462875366,108.48992157,76.631652832,71.3736724854,46.5228767395,26.2891845703,17.1854362488,12.123093605,15.6010627747,32.0830764771,14.7595300674,2.51000738144,0.317695707083,0.0137361753732,0.00150399922859,0.00417335471138,0.0167727693915,0.0109571916983,0.000275560974842,0.0000174476772372],"max":[3.78920698166,17.5156383514,107.308403015,122.28137207,259.527893066,577.869995117,1492.65759277,1454.14294434,1460.15075684,866.121459961,1433.01660156,1044.44519043,490.254272461,1645.13183594,1168.05163574,1095.05358887,481.922607422,475.942108154,436.559936523,301.410064697,383.414764404,275.872375488,159.764526367,109.637390137,122.760360718,75.1689300537,74.7227630615,117.194190979,63.1266365051,103.076461792,79.5920257568,36.8503570557,11.203918457,1.38855624199,0.414924860001,0.996108710766,3.11369800568,2.22707080841,0.285569310188,0.057260401547],"mean":[0.202050611377,1.14916145802,4.28041028976,7.60082054138,17.6000728607,22.2011470795,25.4454097748,37.9151039124,35.7940063477,28.5600414276,25.008392334,23.2048931122,13.6321392059,21.9373950958,16.1063747406,16.0016002655,11.5251646042,10.499294281,11.1931381226,8.86503982544,8.16366481781,6.70349979401,6.19981479645,6.46999263763,5.3468503952,4.00763940811,3.08453893661,2.44974279404,2.30900382996,1.984993577,1.4294822216,0.733402788639,0.311946541071,0.0694409683347,0.0175099764019,0.0417930409312,0.0600636936724,0.046727295965,0.0166661050171,0.00394391175359],"median":[0.107421711087,0.674882769585,2.21620082855,4.58128452301,9.57920742035,11.1313562393,10.1739969254,14.0557975769,14.3276433945,12.5744819641,11.8052272797,8.73236083984,4.94629859924,6.7460026741,5.24706840515,4.79300928116,3.93982028961,3.83519220352,4.58371829987,3.88078260422,3.81845617294,3.58176779747,3.50806093216,3.70359969139,3.08455038071,2.37395334244,1.80813956261,1.34374117851,0.986506819725,0.449830919504,0.295230597258,0.17405359447,0.0879591926932,0.0266115814447,0.00824663974345,0.0154900969937,0.0151205770671,0.0140664018691,0.0102828051895,0.00257773371413],"min":[1.13698004777e-22,5.23321792204e-22,2.0842800686e-21,2.8526250367e-21,1.66041256827e-20,2.49695954724e-20,4.3197752963e-20,5.39033667887e-20,1.19963445149e-19,1.39605986167e-19,2.2131977261e-19,3.11693752326e-19,5.99630308774e-19,7.91344821972e-19,1.0478291798e-18,1.35536686653e-18,1.34316357435e-18,2.07788865888e-18,1.71731659736e-18,2.7042169974e-18,3.41785197484e-18,4.81792174962e-18,4.87646173516e-18,7.11590972781e-18,6.68366898027e-18,8.24034513811e-18,8.35411059648e-18,1.01977216468e-17,8.89473764687e-18,1.11141434669e-17,1.22661223372e-17,1.06715364919e-17,8.44865982204e-18,8.02381406916e-18,5.95970024223e-18,3.55803385965e-18,2.15584919084e-18,9.98227397761e-19,2.58494251616e-19,2.50701463844e-20],"var":[0.0761924013495,2.06590557098,39.6298446655,80.4680252075,519.2109375,1218.04040527,4297.88232422,5448.06835938,6160.83447266,2544.82788086,2008.81469727,3552.15991211,896.319519043,4436.57128906,1607.74584961,1621.22729492,603.644042969,478.423034668,433.44430542,250.867202759,210.064926147,99.9578399658,70.4447479248,70.3556747437,48.2595672607,27.698846817,17.6594600677,13.5724668503,14.1640672684,25.3454990387,14.0783815384,2.88339543343,0.339622825384,0.013467782177,0.000693884387147,0.00486278627068,0.0201788134873,0.0111625064164,0.000390234548831,0.0000194092281163]},"erbbands_crest":{"dmean":2.6968858242,"dmean2":4.27593851089,"dvar":6.55264806747,"dvar2":15.3129320145,"max":29.8614082336,"mean":9.32373809814,"median":8.08035469055,"min":2.47087931633,"var":22.2136764526},"erbbands_flatness_db":{"dmean":0.0202106889337,"dmean2":0.0293737277389,"dvar":0.000354663381586,"dvar2":0.000711779575795,"max":0.326479911804,"mean":0.135178416967,"median":0.130286663771,"min":0.033940795809,"var":0.00186030881014},"erbbands_kurtosis":{"dmean":1.40198636055,"dmean2":2.1388168335,"dvar":5.54294157028,"dvar2":11.1510591507,"max":72.2347793579,"mean":1.51946902275,"median":0.315494894981,"min":-1.75129115582,"var":16.2981510162},"erbbands_skewness":{"dmean":0.388824939728,"dmean2":0.58540636301,"dvar":0.136902019382,"dvar2":0.284652620554,"max":6.35727643967,"mean":0.965700626373,"median":0.880740225315,"min":-3.17092609406,"var":0.756639301777},"erbbands_spread":{"dmean":8.19571876526,"dmean2":12.0848503113,"dvar":63.6498451233,"dvar2":128.278091431,"max":133.709777832,"mean":38.1054649353,"median":35.1327285767,"min":2.56688189507,"var":354.761230469},"gfcc":{"cov":[[15203.5087891,706.313354492,-1163.63171387,-49.5826187134,-346.945800781,-219.951263428,32.6217460632,-293.528198242,69.8846588135,-164.740402222,-78.5477142334,43.6306838989,-193.410140991],[706.313354492,1011.38201904,-129.570968628,-176.419998169,123.322021484,-175.080612183,64.7996902466,-112.144195557,-23.7589607239,-1.5518476963,40.832824707,-68.7337646484,83.6892318726],[-1163.63171387,-129.570968628,403.597625732,146.284576416,-71.7226867676,96.9032058716,-80.3629226685,76.321182251,-14.1249475479,18.3209857941,2.56696033478,20.31681633,-33.9139251709],[-49.5826187134,-176.419998169,146.284576416,227.724914551,48.4244041443,4.37791252136,0.758771717548,13.1569395065,25.8374843597,-6.72626447678,-7.30380105972,7.2542386055,-41.6172599792],[-346.945800781,123.322021484,-71.7226867676,48.4244041443,214.166442871,-19.460899353,65.5484008789,-29.578037262,3.98097968102,-9.69236373901,11.3481588364,-41.4079055786,32.5442733765],[-219.951263428,-175.080612183,96.9032058716,4.37791252136,-19.460899353,198.106399536,-5.34080028534,57.1358795166,-34.0247421265,-2.4982817173,-18.3986263275,17.1396045685,-11.4130973816],[32.6217460632,64.7996902466,-80.3629226685,0.758771717548,65.5484008789,-5.34080028534,151.891296387,-1.80792272091,34.7428779602,-27.4289398193,-10.9955644608,-0.312637001276,0.705304384232],[-293.528198242,-112.144195557,76.321182251,13.1569395065,-29.578037262,57.1358795166,-1.80792272091,132.015823364,17.5711746216,12.6025743484,-2.51181411743,-6.42562437057,-0.72707337141],[69.8846588135,-23.7589607239,-14.1249475479,25.8374843597,3.98097968102,-34.0247421265,34.7428779602,17.5711746216,101.748802185,23.1624393463,1.86438071728,12.7609510422,-24.2235336304],[-164.740402222,-1.5518476963,18.3209857941,-6.72626447678,-9.69236373901,-2.4982817173,-27.4289398193,12.6025743484,23.1624393463,77.9633178711,36.859462738,2.17669773102,14.9475355148],[-78.5477142334,40.832824707,2.56696033478,-7.30380105972,11.3481588364,-18.3986263275,-10.9955644608,-2.51181411743,1.86438071728,36.859462738,63.468788147,22.9450378418,12.6448831558],[43.6306838989,-68.7337646484,20.31681633,7.2542386055,-41.4079055786,17.1396045685,-0.312637001276,-6.42562437057,12.7609510422,2.17669773102,22.9450378418,75.7694396973,10.8327322006],[-193.410140991,83.6892318726,-33.9139251709,-41.6172599792,32.5442733765,-11.4130973816,0.705304384232,-0.72707337141,-24.2235336304,14.9475355148,12.6448831558,10.8327322006,84.4256210327]],"icov":[[0.000307638896629,-0.000865255133249,0.00232190801762,-0.00247110752389,0.00212800153531,-0.00145824521314,0.000807857664768,-0.000033338466892,-0.000552901998162,0.00089950254187,-0.000771892198827,0.000447291764431,-0.00000707803610567],[-0.000865255133249,0.0045798458159,-0.00799905881286,0.00927645899355,-0.006684421096,0.00552688213065,-0.00338538037613,0.00178559741471,0.000971133296844,-0.00137484981678,0.000306133646518,0.00113639608026,-0.00146464421414],[0.00232190801762,-0.00799905881286,0.0238679107279,-0.0244512632489,0.0191119145602,-0.0143528720364,0.00849218759686,-0.0024757203646,-0.00388080952689,0.0067401449196,-0.00695618148893,0.00347751914524,-0.000327798072249],[-0.00247110752389,0.00927645899355,-0.0244512632489,0.0326859168708,-0.0252000112087,0.0174062252045,-0.00759583152831,-0.000123017787701,0.00657406914979,-0.0103440079838,0.012001032941,-0.00989571493119,0.00675312196836],[0.00212800153531,-0.006684421096,0.0191119145602,-0.0252000112087,0.0300548039377,-0.0169315133244,0.00337226944976,0.00518179731444,-0.011736838147,0.016050407663,-0.0199008937925,0.0200948882848,-0.0129087325186],[-0.00145824521314,0.00552688213065,-0.0143528720364,0.0174062252045,-0.0169315133244,0.0196358729154,-0.00593414297327,-0.00510758999735,0.0124118942767,-0.012896402739,0.0150628462434,-0.0136161167175,0.00851779524237],[0.000807857664768,-0.00338538037613,0.00849218759686,-0.00759583152831,0.00337226944976,-0.00593414297327,0.013130735606,-0.00163605320267,-0.00591293582693,0.00660270964727,-0.00157624878921,-0.000717625312973,0.000110234897875],[-0.000033338466892,0.00178559741471,-0.0024757203646,-0.000123017787701,0.00518179731444,-0.00510758999735,-0.00163605320267,0.0147688547149,-0.00906244106591,0.00682407664135,-0.00978873949498,0.0131980627775,-0.00948438048363],[-0.000552901998162,0.000971133296844,-0.00388080952689,0.00657406914979,-0.011736838147,0.0124118942767,-0.00591293582693,-0.00906244106591,0.0276747494936,-0.0216317940503,0.019810706377,-0.0208890922368,0.0171095151454],[0.00089950254187,-0.00137484981678,0.0067401449196,-0.0103440079838,0.016050407663,-0.012896402739,0.00660270964727,0.00682407664135,-0.0216317940503,0.0395231060684,-0.0322004929185,0.0246070325375,-0.0184335615486],[-0.000771892198827,0.000306133646518,-0.00695618148893,0.012001032941,-0.0199008937925,0.0150628462434,-0.00157624878921,-0.00978873949498,0.019810706377,-0.0322004929185,0.0501673035324,-0.033989623189,0.0189188942313],[0.000447291764431,0.00113639608026,0.00347751914524,-0.00989571493119,0.0200948882848,-0.0136161167175,-0.000717625312973,0.0131980627775,-0.0208890922368,0.0246070325375,-0.033989623189,0.0457250848413,-0.0241765230894],[-0.00000707803610567,-0.00146464421414,-0.000327798072249,0.00675312196836,-0.0129087325186,0.00851779524237,0.000110234897875,-0.00948438048363,0.0171095151454,-0.0184335615486,0.0189188942313,-0.0241765230894,0.0309638399631]],"mean":[-11.5926771164,100.260147095,-72.9189758301,12.7839365005,-31.0519924164,-20.3125133514,-11.3266677856,-15.0721130371,-6.09172964096,-7.4057226181,-7.20399522781,-1.99684464931,-11.6514215469]},"hfc":{"dmean":17.4868049622,"dmean2":25.9342021942,"dvar":805.10559082,"dvar2":1809.92089844,"max":597.130737305,"mean":42.4236946106,"median":32.3374633789,"min":1.05909419687e-16,"var":1369.33117676},"melbands":{"dmean":[0.00125376624055,0.00143500696868,0.000971543428022,0.000845044851303,0.000502602721099,0.000483556330437,0.00027704241802,0.000167667749338,0.000125085934997,0.0000797361426521,0.0000434154608229,0.0000603026965109,0.0000324251050188,0.0000302050066239,0.0000185072767636,0.0000142291501106,0.0000122353703773,0.0000113563846753,0.00000815259045339,0.00000718661885912,0.00000536014249519,0.00000405334048992,0.0000033043854728,0.00000301048976326,0.00000292243430522,0.00000235109109781,0.00000177354115749,0.00000141317775615,0.00000113225473797,8.06374089279e-7,7.97302959654e-7,8.85457893673e-7,6.80055961766e-7,7.14926613909e-7,5.60796308946e-7,3.76461827045e-7,2.22905299552e-7,1.48544913259e-7,8.57189021986e-8,2.56385455089e-8],"dmean2":[0.0020955093205,0.00241073989309,0.00163401174359,0.0013809093507,0.00075829855632,0.00072184833698,0.000407257466577,0.000268887844868,0.000200423281058,0.000124469443108,0.0000673804752296,0.0000918084842851,0.0000503910086991,0.000047483779781,0.0000286628437607,0.0000225925632549,0.0000194998319785,0.0000180058032129,0.0000129115296659,0.0000113611740744,0.00000852574066812,0.00000647398883302,0.00000514969633514,0.00000468414646093,0.00000448293076261,0.00000354770168087,0.00000272337069873,0.00000213823273043,0.00000172769387063,0.00000121512482565,0.00000118641594327,0.00000130494322548,0.0000010306113154,0.00000113498003884,8.862976415e-7,5.80508640269e-7,3.34980114758e-7,2.1815677087e-7,1.24919594668e-7,4.11872314032e-8],"dvar":[0.00000359870705324,0.00000488420937472,0.00000170879752659,0.00000164038908679,0.00000127100486225,0.00000120620131838,4.59057758917e-7,1.01306184774e-7,6.65338504291e-8,4.14884446798e-8,1.37699291969e-8,4.38792397972e-8,7.78666375822e-9,7.07652425547e-9,1.88171322968e-9,1.11852138662e-9,7.5053069315e-10,6.37168484641e-10,3.00902691652e-10,3.42566280898e-10,1.67013167185e-10,7.60115720366e-11,3.80781899068e-11,2.97565895535e-11,2.38236739364e-11,1.53273279485e-11,8.27694683625e-12,6.26341643481e-12,4.54112658935e-12,2.29724616066e-12,2.26794971692e-12,3.09103133714e-12,3.27606648406e-12,4.71139186692e-12,2.68717643623e-12,1.13134772817e-12,2.99008078497e-13,9.77186132576e-14,3.16725744481e-14,1.63955614798e-15],"dvar2":[0.00000939157325774,0.0000131893821163,0.00000464234335595,0.00000421302866016,0.00000228903195421,0.00000244087596002,8.7597811671e-7,2.4589928671e-7,1.56851527322e-7,9.27659655758e-8,3.18365174223e-8,9.39043189874e-8,1.61007349675e-8,1.52712065216e-8,4.07681266523e-9,2.64594612887e-9,1.83919768304e-9,1.56814505825e-9,7.24606152858e-10,8.02548083545e-10,3.80868697691e-10,1.79360665209e-10,9.0996904456e-11,7.21963114292e-11,5.63862394276e-11,3.56985829786e-11,1.95003770076e-11,1.42663780095e-11,1.07610491698e-11,4.9277066802e-12,5.07076282005e-12,7.11166672426e-12,7.88804872115e-12,1.23099239135e-11,6.55871971317e-12,2.75097869831e-12,6.69199016947e-13,2.10646428143e-13,6.27842436786e-14,3.88498310467e-15],"max":[0.0293068364263,0.0438466221094,0.0184172801673,0.0270281508565,0.0389435477555,0.0292442664504,0.0194970238954,0.00798920169473,0.00971234869212,0.00657069031149,0.00287306471728,0.00730038946494,0.00508232368156,0.00323455361649,0.00145847885869,0.00104972743429,0.000873487326317,0.000667506945319,0.000438496907009,0.000574088306166,0.00067199912155,0.000445287820185,0.000131574313855,0.000107302053948,0.000100327393739,0.0000923788611544,0.0000531829828105,0.0000565916743653,0.000048713049182,0.0000721306350897,0.0000595156780037,0.0000392764486605,0.0000522730515513,0.0000622822335572,0.0000523811322637,0.0000365871237591,0.0000178325553861,0.00000876896501723,0.00000336216453434,6.71388249884e-7],"mean":[0.00175526773091,0.00202763848938,0.00155966239981,0.00152736552991,0.000912364455871,0.0008665585774,0.000516022671945,0.000285570597043,0.000203055198654,0.000132563465741,0.0000655977491988,0.0000910662929527,0.0000520555804542,0.0000491925347887,0.0000295700883726,0.0000221869613597,0.0000194361709873,0.000018302238459,0.000013191133803,0.0000112902480396,0.00000922059643926,0.00000708161178409,0.00000585976522416,0.00000538266431249,0.00000526979192728,0.00000428742214353,0.00000316687555824,0.00000255884310718,0.00000207113953365,0.00000152101893036,0.00000140787790315,0.00000143103272876,0.00000110823918931,0.00000108141716737,8.77697232227e-7,6.20750768121e-7,3.73536181542e-7,2.37006901216e-7,1.3017007916e-7,3.16338208961e-8],"median":[0.00106856878847,0.00114369555376,0.0010186516447,0.000893957156222,0.000377974705771,0.0003237813944,0.000214054918615,0.000126495171571,0.0000906872446649,0.0000479012305732,0.0000219958310481,0.0000264656173385,0.0000170281418832,0.0000136724356707,0.00000952258960751,0.00000761323099141,0.00000673561362419,0.00000726029929865,0.00000562423383599,0.00000432392198491,0.00000413712496083,0.00000354361372956,0.00000298933628073,0.00000300432429867,0.00000292621939479,0.00000238504935623,0.00000181413633982,0.00000146743400364,0.00000116719297694,8.18923638235e-7,7.33741899239e-7,6.23162691227e-7,3.05637200881e-7,2.15713725993e-7,1.71851212372e-7,1.34669562613e-7,9.1925684842e-8,6.58260859154e-8,3.80045648285e-8,1.36977007514e-8],"min":[8.23931146573e-25,8.68741847952e-25,6.14455542686e-25,1.55069228039e-24,1.72419415066e-24,1.16278797544e-24,1.84393495304e-24,1.42422190285e-24,1.58349863885e-24,2.13716520113e-24,2.73930884376e-24,2.78826752369e-24,2.76344779024e-24,2.36858622515e-24,3.22319592581e-24,2.71442047941e-24,3.03554248253e-24,2.46023608512e-24,2.39856826436e-24,3.25814778872e-24,2.76270133061e-24,4.29774063848e-24,3.38145069251e-24,4.0509806086e-24,4.66340251717e-24,4.83766386329e-24,4.21874134642e-24,4.57716897618e-24,4.90808429301e-24,3.66658170569e-24,5.22619639734e-24,4.67380009833e-24,5.05774619508e-24,5.69704143926e-24,6.19654145913e-24,5.48110378266e-24,4.87546686673e-24,4.99856072238e-24,5.7445509817e-24,6.43959739263e-24],"var":[0.00000457105488749,0.00000708159859641,0.00000279489972854,0.00000386338842873,0.00000389164233638,0.00000278138759313,0.00000113384123779,2.48752570542e-7,1.43216226434e-7,1.15833174164e-7,2.45398794618e-8,8.26548145483e-8,2.02629859558e-8,1.81566015556e-8,4.38670966219e-9,2.26333241038e-9,1.717932685e-9,1.18644283287e-9,5.59627344465e-10,6.00405281048e-10,3.36843691828e-10,1.43245706963e-10,7.72652150594e-11,5.46200133733e-11,5.0176592048e-11,3.35618650926e-11,1.70938315586e-11,1.28624957907e-11,8.76552823381e-12,5.6021936222e-12,4.62371720772e-12,5.18980561651e-12,6.67676114049e-12,8.58425743683e-12,5.61196705426e-12,2.58782058282e-12,6.94820015325e-13,2.02523138234e-13,6.28163428391e-14,2.40204186633e-15]},"melbands_crest":{"dmean":3.50931882858,"dmean2":5.88849210739,"dvar":8.92978191376,"dvar2":24.2840957642,"max":31.9218235016,"mean":13.9484272003,"median":13.2807865143,"min":1.52081859112,"var":20.519651413},"melbands_flatness_db":{"dmean":0.0303723104298,"dmean2":0.0464222766459,"dvar":0.000663124432322,"dvar2":0.00148924288806,"max":0.537331461906,"mean":0.257957369089,"median":0.25478130579,"min":0.00239800824784,"var":0.00395703874528},"melbands_kurtosis":{"dmean":8.69369125366,"dmean2":13.9767866135,"dvar":113.661529541,"dvar2":282.806945801,"max":175.049819946,"mean":20.0128364563,"median":15.4198217392,"min":-1.89500796795,"var":318.934906006},"melbands_skewness":{"dmean":0.77370852232,"dmean2":1.22349560261,"dvar":0.505826890469,"dvar2":1.23684954643,"max":11.14158535,"mean":3.07824039459,"median":2.95110630989,"min":-0.883979439735,"var":2.1859869957},"melbands_spread":{"dmean":3.25048327446,"dmean2":5.14909076691,"dvar":18.9323291779,"dvar2":44.8713722229,"max":326.641082764,"mean":11.9526796341,"median":8.8795375824,"min":0.833559036255,"var":327.897369385},"mfcc":{"cov":[[6341.88037109,324.361450195,-393.022918701,8.01931667328,-199.939147949,91.8017425537,-141.409729004,99.7798919678,-108.917289734,76.6101303101,-113.265274048,32.1627044678,-19.7650661469],[324.361450195,1187.14013672,-209.226837158,56.7832069397,-40.2316932678,-20.8330764771,54.5069618225,-128.237823486,20.1883716583,-83.2404785156,29.0820980072,-24.3358688354,-18.437412262],[-393.022918701,-209.226837158,486.457794189,-12.2783136368,52.8052482605,-20.3297519684,-29.3532752991,43.8070907593,-36.3838043213,15.4887742996,14.6630620956,8.66301059723,8.75931835175],[8.01931667328,56.7832069397,-12.2783136368,269.136169434,43.2267150879,15.102350235,-17.7476825714,-0.908786892891,-3.39214515686,20.2491455078,12.0298185349,7.89972019196,-0.875230014324],[-199.939147949,-40.2316932678,52.8052482605,43.2267150879,141.293579102,14.4607782364,29.7975063324,-14.0939950943,-0.950045108795,6.78752708435,10.0540075302,-5.99423933029,0.866534352303],[91.8017425537,-20.8330764771,-20.3297519684,15.102350235,14.4607782364,121.408691406,22.6755046844,23.9153442383,-6.89360237122,3.67333364487,-13.8367137909,-6.77553653717,-4.28032636642],[-141.409729004,54.5069618225,-29.3532752991,-17.7476825714,29.7975063324,22.6755046844,123.770050049,11.3996572495,26.4675769806,-15.4078092575,-5.25872802734,-11.0452470779,-2.3480052948],[99.7798919678,-128.237823486,43.8070907593,-0.908786892891,-14.0939950943,23.9153442383,11.3996572495,133.126831055,22.9051017761,29.3683433533,-16.4359588623,4.86511564255,9.22177028656],[-108.917289734,20.1883716583,-36.3838043213,-3.39214515686,-0.950045108795,-6.89360237122,26.4675769806,22.9051017761,91.0717315674,14.7653169632,10.2398748398,-4.36061143875,-3.75251078606],[76.6101303101,-83.2404785156,15.4887742996,20.2491455078,6.78752708435,3.67333364487,-15.4078092575,29.3683433533,14.7653169632,82.0391540527,20.7759342194,7.46929454803,-4.7793264389],[-113.265274048,29.0820980072,14.6630620956,12.0298185349,10.0540075302,-13.8367137909,-5.25872802734,-16.4359588623,10.2398748398,20.7759342194,71.3793945312,21.901342392,-4.72102069855],[32.1627044678,-24.3358688354,8.66301059723,7.89972019196,-5.99423933029,-6.77553653717,-11.0452470779,4.86511564255,-4.36061143875,7.46929454803,21.901342392,54.8478164673,23.5393371582],[-19.7650661469,-18.437412262,8.75931835175,-0.875230014324,0.866534352303,-4.28032636642,-2.3480052948,9.22177028656,-3.75251078606,-4.7793264389,-4.72102069855,23.5393371582,59.5192337036]],"icov":[[0.000206202661502,-0.000107063875475,0.000166924888617,0.0000491627470183,0.0000966561419773,-0.0000929229936446,0.000224470553803,-0.000233913684497,0.000328177935444,-0.00034868036164,0.000424974597991,-0.000319279526593,0.000201147500775],[-0.000107063875475,0.00120401475579,0.000199277666979,-0.000439944531536,0.000522690708749,0.000111687491881,-0.000649757101201,0.000935670861509,-0.000401348923333,0.00113941251766,-0.00104570714757,0.000803640927188,-0.000203148840228],[0.000166924888617,0.000199277666979,0.00274843582883,0.000312519987347,-0.00114456936717,0.000631498871371,0.000766236160416,-0.00152105628513,0.00153465615585,0.000104439845018,-0.000734337430913,0.000138552903081,0.0000373498878616],[0.0000491627470183,-0.000439944531536,0.000312519987347,0.0043120267801,-0.00175769231282,-0.000492550549097,0.00125470396597,-0.000539156666491,0.000276548904367,-0.00100387970451,0.000128054889501,-0.000873755372595,0.000313205120619],[0.0000966561419773,0.000522690708749,-0.00114456936717,-0.00175769231282,0.00951882544905,-0.00101487548091,-0.00302580581047,0.00233413185924,0.000121584751469,-0.00103579636198,-0.00111362873577,0.00183823867701,-0.00124681752641],[-0.0000929229936446,0.000111687491881,0.000631498871371,-0.000492550549097,-0.00101487548091,0.00959053542465,-0.00174892018549,-0.00190068315715,0.00180164375342,-0.000349423266016,0.000967601954471,0.00041257814155,0.000832641322631],[0.000224470553803,-0.000649757101201,0.000766236160416,0.00125470396597,-0.00302580581047,-0.00174892018549,0.0110692149028,-0.00204631709494,-0.00245461729355,0.00216519250534,0.000311692710966,0.000379885517759,0.000344543746905],[-0.000233913684497,0.000935670861509,-0.00152105628513,-0.000539156666491,0.00233413185924,-0.00190068315715,-0.00204631709494,0.0117031503469,-0.00352203240618,-0.00325362570584,0.00317190913484,-0.00103743688669,-0.00145799084567],[0.000328177935444,-0.000401348923333,0.00153465615585,0.000276548904367,0.000121584751469,0.00180164375342,-0.00245461729355,-0.00352203240618,0.0145747466013,-0.00257453066297,-0.00218454189599,0.00169328949414,0.000208730853046],[-0.00034868036164,0.00113941251766,0.000104439845018,-0.00100387970451,-0.00103579636198,-0.000349423266016,0.00216519250534,-0.00325362570584,-0.00257453066297,0.0176313705742,-0.00630575511605,0.000792185717728,0.00122650526464],[0.000424974597991,-0.00104570714757,-0.000734337430913,0.000128054889501,-0.00111362873577,0.000967601954471,0.000311692710966,0.00317190913484,-0.00218454189599,-0.00630575511605,0.0222692582756,-0.0112317111343,0.0050981445238],[-0.000319279526593,0.000803640927188,0.000138552903081,-0.000873755372595,0.00183823867701,0.00041257814155,0.000379885517759,-0.00103743688669,0.00169328949414,0.000792185717728,-0.0112317111343,0.0289035476744,-0.0118633108214],[0.000201147500775,-0.000203148840228,0.0000373498878616,0.000313205120619,-0.00124681752641,0.000832641322631,0.000344543746905,-0.00145799084567,0.000208730853046,0.00122650526464,0.0050981445238,-0.0118633108214,0.0223296526819]],"mean":[-671.978942871,153.908004761,10.1525201797,40.1014213562,-2.12474608421,8.98574733734,-5.09312582016,3.22869467735,-5.4390039444,2.88380527496,-2.13555884361,2.02126193047,-2.35606765747]},"pitch_salience":{"dmean":0.0765268281102,"dmean2":0.126782774925,"dvar":0.00396263878793,"dvar2":0.0109169995412,"max":0.981544971466,"mean":0.605985999107,"median":0.615533471107,"min":0.154697954655,"var":0.00905766244978},"silence_rate_20dB":{"dmean":0,"dmean2":0,"dvar":0,"dvar2":0,"max":1,"mean":1,"median":1,"min":1,"var":0},"silence_rate_30dB":{"dmean":0.014289079234,"dmean2":0.0285804010928,"dvar":0.0140845729038,"dvar2":0.0348352082074,"max":1,"mean":0.986654102802,"median":1,"min":0,"var":0.0131673682481},"silence_rate_60dB":{"dmean":0.00141320563853,"dmean2":0.00282663316466,"dvar":0.00141112529673,"dvar2":0.00376064400189,"max":1,"mean":0.0211964193732,"median":0,"min":0,"var":0.0207470804453},"spectral_centroid":{"dmean":165.148681641,"dmean2":250.747070312,"dvar":40706.6875,"dvar2":88353.0234375,"max":11703.7939453,"mean":829.450073242,"median":667.021850586,"min":167.397323608,"var":888735.0625},"spectral_complexity":{"dmean":3.14548158646,"dmean2":4.5617146492,"dvar":11.9074277878,"dvar2":21.0400409698,"max":52,"mean":13.8999061584,"median":12,"min":0,"var":56.4230728149},"spectral_contrast_coeffs":{"dmean":[0.0572903715074,0.0487700998783,0.0383879616857,0.0275633111596,0.0182875879109,0.031031832099],"dmean2":[0.0954959318042,0.079878821969,0.0624926835299,0.0455021336675,0.0301586780697,0.0488088279963],"dvar":[0.00197622831911,0.00153317966033,0.000959052471444,0.000501998059917,0.000229668352404,0.000789173936937],"dvar2":[0.00553533481434,0.00396076077595,0.0024904627353,0.00129412382375,0.000595879682805,0.00194110558368],"max":[-0.305037409067,-0.406866669655,-0.544050037861,-0.596749424934,-0.659141540527,-0.535418093204],"mean":[-0.639376401901,-0.740897655487,-0.801849365234,-0.825113177299,-0.83038944006,-0.743800938129],"median":[-0.640655815601,-0.748086750507,-0.807207226753,-0.829475045204,-0.830017089844,-0.742097496986],"min":[-0.980811178684,-0.996794462204,-0.991323709488,-0.97385686636,-0.966455519199,-0.965402841568],"var":[0.00677765673026,0.00542212370783,0.00318228965625,0.00183041067794,0.000867630122229,0.00279888417572]},"spectral_contrast_valleys":{"dmean":[0.421071708202,0.353671759367,0.360909610987,0.323968499899,0.277940958738,0.487119346857],"dmean2":[0.691857635975,0.566116392612,0.556151092052,0.483670264482,0.386023640633,0.730941712856],"dvar":[0.12190631032,0.0921549797058,0.102730251849,0.0988511219621,0.0848180726171,0.200963482261],"dvar2":[0.297955393791,0.203589230776,0.211023837328,0.197056174278,0.150701195002,0.469908207655],"max":[-4.96745157242,-4.4443230629,-5.40799283981,-5.67039203644,-6.01762962341,-8.79899501801],"mean":[-6.85100078583,-6.46127605438,-7.42366123199,-7.92826890945,-7.82965135574,-10.9675836563],"median":[-6.64021205902,-6.24490118027,-7.22993803024,-7.73587465286,-7.58341312408,-10.7720594406],"min":[-28.1778335571,-28.2296886444,-27.8130512238,-27.76263237,-27.7144432068,-27.4365234375],"var":[3.47346425056,3.65712714195,3.42520499229,3.25524306297,3.21510338783,2.53893303871]},"spectral_decrease":{"dmean":2.97791968862e-9,"dmean2":4.54454607279e-9,"dvar":1.23616327466e-17,"dvar2":2.80811009652e-17,"max":1.17706682929e-26,"mean":-7.97696930732e-9,"median":-6.51243237115e-9,"min":-5.94809108634e-8,"var":3.4539571678e-17},"spectral_energy":{"dmean":0.0121815958992,"dmean2":0.0183727256954,"dvar":0.000215312160435,"dvar2":0.000476764311315,"max":0.245370209217,"mean":0.0339547991753,"median":0.02782452479,"min":1.00879457839e-20,"var":0.000596591620706},"spectral_energyband_high":{"dmean":0.000187863988685,"dmean2":0.000254344893619,"dvar":1.11442922446e-7,"dvar2":2.32494272723e-7,"max":0.00923128798604,"mean":0.00042163557373,"median":0.000231109705055,"min":7.2443524851e-21,"var":3.25392420564e-7},"spectral_energyband_low":{"dmean":0.00727617600933,"dmean2":0.0119261909276,"dvar":0.0000981627090368,"dvar2":0.000253504520515,"max":0.180110245943,"mean":0.0124501558021,"median":0.00867221318185,"min":1.58652392042e-23,"var":0.000159827366588},"spectral_energyband_middle_high":{"dmean":0.00100643106271,"dmean2":0.00140950398054,"dvar":0.00000383320093533,"dvar2":0.00000745734632801,"max":0.0549116022885,"mean":0.0025002444163,"median":0.0012425435707,"min":1.24825270285e-21,"var":0.0000137410252137},"spectral_energyband_middle_low":{"dmean":0.00710169877857,"dmean2":0.0107491239905,"dvar":0.0000879074650584,"dvar2":0.00018861652643,"max":0.180838316679,"mean":0.018189586699,"median":0.0134203275666,"min":1.73033749174e-22,"var":0.000279395229882},"spectral_entropy":{"dmean":0.201835945249,"dmean2":0.294861704111,"dvar":0.0367336384952,"dvar2":0.0753877609968,"max":9.82765865326,"mean":7.35805892944,"median":7.39828300476,"min":5.26455545425,"var":0.238837510347},"spectral_flux":{"dmean":0.0251402761787,"dmean2":0.0393290482461,"dvar":0.000665601633955,"dvar2":0.00145889213309,"max":0.372895747423,"mean":0.0957371667027,"median":0.0890182703733,"min":6.37789959734e-11,"var":0.0017628534697},"spectral_kurtosis":{"dmean":2.37128090858,"dmean2":3.53715419769,"dvar":9.65558719635,"dvar2":22.4380226135,"max":62.0180358887,"mean":10.2817459106,"median":9.71230506897,"min":-1.25905835629,"var":27.4325351715},"spectral_rms":{"dmean":0.000984887592494,"dmean2":0.00146927172318,"dvar":9.2168880883e-7,"dvar2":0.00000196102701011,"max":0.0154720898718,"mean":0.00540166767314,"median":0.00521017052233,"min":3.13717996893e-12,"var":0.00000394868993681},"spectral_rolloff":{"dmean":800.046569824,"dmean2":1476.73791504,"dvar":8114202,"dvar2":22785814,"max":22028.4667969,"mean":1237.2668457,"median":538.330078125,"min":86.1328125,"var":8618701},"spectral_skewness":{"dmean":0.249313861132,"dmean2":0.357324540615,"dvar":0.0748594030738,"dvar2":0.156731978059,"max":6.10175609589,"mean":2.19336438179,"median":2.14173126221,"min":-0.0710209906101,"var":0.359397798777},"spectral_spread":{"dmean":504729.9375,"dmean2":747216.625,"dvar":347168669696,"dvar2":684735791104,"max":42818636,"mean":4580203.5,"median":4129696.25,"min":1567544.75,"var":10135834460200},"spectral_strongpeak":{"dmean":0.420753538609,"dmean2":0.702978670597,"dvar":1.23750734329,"dvar2":2.93583297729,"max":61.5709838867,"mean":0.697007894516,"median":0.399421751499,"min":0,"var":1.41623830795},"zerocrossingrate":{"dmean":0.0233852099627,"dmean2":0.0311196483672,"dvar":0.000402342586312,"dvar2":0.000687122053932,"max":0.5263671875,"mean":0.132247820497,"median":0.12548828125,"min":0.0107421875,"var":0.00301763252355}},"metadata":{"audio_properties":{"analysis_sample_rate":44100,"bit_rate":320000,"codec":"mp3","downmix":"mix","equal_loudness":0,"length":295.733306885,"lossless":false,"md5_encoded":"efee1ca4198394de3e5b3f629f3efa07","replay_gain":-2.94874572754,"sample_rate":44100},"tags":{"acoustid_id":["399eb013-ee55-4589-8de2-e04e4e38b4a9"],"album":["Brothers and Sisters"],"albumartist":["The Allman Brothers Band"],"albumartistsort":["Allman Brothers Band, The"],"artist":["The Allman Brothers Band"],"artistsort":["Allman Brothers Band, The"],"catalognumber":["CP 0111"],"date":["1973"],"discnumber":["1/1"],"file_name":"03. The Allman Brothers Band - Come and Go Blues.mp3","genre":["Southern Rock"],"label":["Capricorn Records"],"media":["12\" Vinyl"],"musicbrainz album release country":["US"],"musicbrainz album status":["official"],"musicbrainz album type":["album"],"musicbrainz_albumartistid":["72359492-22be-4ed9-aaa0-efa434fb2b01"],"musicbrainz_albumid":["1eab8666-baee-41be-9839-0d30222a4486"],"musicbrainz_artistid":["72359492-22be-4ed9-aaa0-efa434fb2b01"],"musicbrainz_recordingid":["84b76921-0011-4896-8482-43799789775d"],"originaldate":["1973"],"script":["Latn"],"title":["Come and Go Blues"],"tracknumber":["3/7"]},"version":{"essentia":"2.1-beta1","essentia_build_sha":"ca57ba49d9b1854bd80e60cf9ccf267278fb7d6b","essentia_git_sha":"v2.1_beta1-28-g21ef5f4-dirty","extractor":"music 1.0"}},"rhythm":{"beats_count":441,"beats_loudness":{"dmean":0.0292980931699,"dmean2":0.0513206347823,"dvar":0.000633310060948,"dvar2":0.00176589353941,"max":0.163800746202,"mean":0.0511122532189,"median":0.0467894300818,"min":0,"var":0.000834612932522},"beats_loudness_band_ratio":{"dmean":[0.207109227777,0.173684731126,0.107098177075,0.0480419620872,0.0204428415745,0.0475436113775],"dmean2":[0.353975355625,0.301641136408,0.187758594751,0.0875727981329,0.036307759583,0.0858626067638],"dvar":[0.0271947570145,0.0214903783053,0.0148880751804,0