{"lowlevel":{"average_loudness":0.905970752239,"barkbands":{"dmean":[0.00290846871212,0.0163365788758,0.00396930752322,0.00254535861313,0.0026332414709,0.00173109793104,0.00125818653032,0.000812440295704,0.00128704076633,0.000839150859974,0.000689511420205,0.0016359325964,0.00120904261712,0.000630394148175,0.000392884743633,0.000174332468305,0.000103384394606,0.0000640458383714,0.0000498943991261,0.0000407798470405,0.000035334876884,0.0000367077082046,0.0000339951548085,0.0000116286782941,0.00000291039941658,0.0000199421228899,0.000192964769667],"dmean2":[0.00490371789783,0.0270898547024,0.00676305172965,0.00430051423609,0.00439541926607,0.0028285512235,0.00204013637267,0.00133667478804,0.00208546849899,0.00140428426675,0.00115456315689,0.00274929660372,0.00203834520653,0.00104765675496,0.000657368043903,0.000287105271127,0.000166763289599,0.000100287783425,0.0000751339030103,0.0000598826700298,0.00005055667134,0.0000516935979249,0.0000469213264296,0.0000176875491888,0.00000487197257826,0.0000283145272988,0.000302054657368],"dvar":[0.0000205318156077,0.000388264277717,0.0000211444403249,0.0000105722210719,0.000014424609617,0.0000082790002125,0.00000533742149855,0.00000186930401469,0.00000494181404065,0.00000215647310142,0.00000122965820992,0.00000608161872151,0.00000373709940504,9.48940680701e-7,3.71084013295e-7,6.89895855999e-8,3.22107460704e-8,2.06420125437e-8,1.98934646534e-8,3.43617969634e-8,1.38683420303e-8,5.04848163274e-9,3.82079390349e-9,5.21343579418e-10,2.20529289274e-11,1.29107646796e-9,6.53334808476e-8],"dvar2":[0.0000550160293642,0.00102618907113,0.0000582618231419,0.0000275515194517,0.0000376652424166,0.0000207678585866,0.000012274128494,0.00000472014471598,0.0000116894270832,0.00000564336642128,0.00000327560655933,0.00001569300548,0.0000100289798866,0.00000251720484812,0.00000100503632439,1.8136499591e-7,8.09790066114e-8,4.71398351465e-8,4.09389429024e-8,7.12162062655e-8,2.8434799404e-8,9.72007985212e-9,7.29119697951e-9,1.12105147387e-9,5.5382719244e-11,2.54549004097e-9,1.6230646338e-7],"max":[0.101701900363,0.227106645703,0.100645393133,0.0695207193494,0.0817651972175,0.0774214565754,0.0846299827099,0.0341607518494,0.0397263243794,0.0487540625036,0.0267897099257,0.0958031639457,0.0519958883524,0.0234254281968,0.0158783271909,0.00759292766452,0.00441186828539,0.00439563812688,0.00811191089451,0.012810585089,0.00507498253137,0.0026069812011,0.00124058208894,0.000647696491797,0.0000864442554303,0.000979122123681,0.00514459284022],"mean":[0.00391856022179,0.027467655018,0.00569323496893,0.00353631540202,0.00431786244735,0.00271208235063,0.00214480678551,0.00120807660278,0.00216400693171,0.00130384147633,0.00109254673589,0.00292448024265,0.00208843266591,0.00118292239495,0.000766070152167,0.000339106569299,0.00019507696561,0.00012260893709,0.000097784679383,0.000075688760262,0.00006640090578,0.0000663340251776,0.000055128322856,0.0000158738876053,0.00000292313984573,0.0000360197809641,0.000623396248557],"median":[0.0020660860464,0.0189006067812,0.0039933277294,0.00208568340167,0.00273648370057,0.00154846115038,0.0010252421489,0.000631120754406,0.00105950806756,0.000809738354292,0.000694284506608,0.00192779419012,0.00129558809567,0.000731067499146,0.000502427166793,0.000221048074309,0.0000981334233074,0.0000400100761908,0.0000333022289851,0.0000233174359892,0.000023950202376,0.0000293560751743,0.0000218662917177,0.00000600927887717,0.00000121702305478,0.0000175567438419,0.000463551317807],"min":[1.15932083315e-24,2.14332719088e-24,9.11656374234e-25,1.06445784411e-24,1.10049803925e-23,1.62021080543e-23,5.55896711502e-24,8.41645323883e-24,1.86996732347e-23,9.73009597264e-24,4.01984016659e-23,4.49007289467e-23,3.31175830252e-23,6.25443887975e-23,5.25671032602e-23,5.23982302285e-23,1.10187447531e-22,1.05516210836e-22,1.90151172537e-22,1.89848893659e-22,3.44367496786e-22,3.33372492329e-22,5.16402686893e-22,6.2336147189e-22,8.71221820746e-22,1.53781822187e-21,2.07189699711e-21],"var":[0.0000275753063761,0.000752420048229,0.0000324527318298,0.0000187230907613,0.0000283448207483,0.0000143458837556,0.0000165173823916,0.00000374390674551,0.0000114717204269,0.00000315058628075,0.00000197209624275,0.000012499602235,0.00000668542770654,0.00000208520577871,7.97342636361e-7,1.49487206613e-7,7.40980041769e-8,4.76725148246e-8,4.62461215989e-8,5.61135173882e-8,2.32682992873e-8,1.09816671312e-8,8.02766564334e-9,8.77706018976e-10,2.33328443372e-11,2.83256440525e-9,3.17633151781e-7]},"barkbands_crest":{"dmean":3.27768921852,"dmean2":5.4462428093,"dvar":7.86391782761,"dvar2":21.2624263763,"max":25.7027511597,"mean":11.4113693237,"median":10.5973711014,"min":2.61708974838,"var":23.878862381},"barkbands_flatness_db":{"dmean":0.0259574558586,"dmean2":0.0401358678937,"dvar":0.000530934368726,"dvar2":0.0012045619078,"max":0.503085851669,"mean":0.154788225889,"median":0.146475851536,"min":0.0306239910424,"var":0.00311791105196},"barkbands_kurtosis":{"dmean":5.2720079422,"dmean2":8.38877487183,"dvar":118.625686646,"dvar2":267.035125732,"max":280.329528809,"mean":9.49720191956,"median":4.39024734497,"min":-1.77722263336,"var":286.954864502},"barkbands_skewness":{"dmean":0.675953924656,"dmean2":1.07577073574,"dvar":0.518246412277,"dvar2":1.20898985863,"max":14.4964208603,"mean":2.25040435791,"median":1.8931119442,"min":-2.0030977726,"var":2.16595125198},"barkbands_spread":{"dmean":4.66570663452,"dmean2":7.38554859161,"dvar":21.8817634583,"dvar2":48.5976791382,"max":100.15486145,"mean":19.9859695435,"median":19.5874099731,"min":0.284928888083,"var":102.652450562},"dissonance":{"dmean":0.0183347202837,"dmean2":0.0314498730004,"dvar":0.00030687940307,"dvar2":0.000873296812642,"max":0.500000059605,"mean":0.471527159214,"median":0.476808965206,"min":0.277565062046,"var":0.000476544315461},"dynamic_complexity":1.71623396873,"erbbands":{"dmean":[0.541229903698,3.64142370224,5.27277517319,6.06785726547,7.52060270309,11.1441202164,12.1806201935,15.1507892609,17.802318573,15.4720745087,20.7846546173,25.818862915,28.7090301514,24.4852619171,31.4620513916,67.0384216309,56.1457977295,27.3113174438,27.0617160797,13.4368877411,8.72403812408,5.41281270981,3.53116989136,2.84685659409,2.21343660355,1.92654037476,1.5915760994,1.35736560822,1.32779383659,1.27009344101,0.857628822327,0.497965276241,0.0563992671669,0.0327992513776,0.0206826291978,0.0131395151839,0.0510414466262,0.0314492955804,0.00797204393893,0.00499529344961],"dmean2":[0.902451813221,6.04812049866,8.85144233704,10.3018770218,12.7502603531,18.7230930328,19.9898262024,25.0305709839,29.0250892639,25.1803379059,33.6690216064,42.008769989,47.9565734863,40.6876411438,52.4589538574,112.704238892,94.2662124634,45.2076416016,44.9667892456,22.2051258087,14.2967042923,8.61406707764,5.48828458786,4.32513475418,3.26230859756,2.83325481415,2.3062915802,1.94605386257,1.89148366451,1.78424692154,1.19018983841,0.720133721828,0.0913002416492,0.0548807680607,0.0345330238342,0.0213110819459,0.0732695609331,0.0428779199719,0.0104609541595,0.00782017782331],"dvar":[0.519848287106,18.7830524445,35.5073013306,52.7375907898,104.064674377,334.025817871,390.862792969,709.836914062,1054.42712402,683.721618652,1622.41821289,2074.31079102,2187.71411133,2554.89233398,2095.03955078,10289.0546875,7419.34765625,1620.60644531,2016.20007324,385.210784912,200.265075684,98.1749801636,60.1848297119,52.9526443481,43.4497413635,86.0185317993,37.7362136841,16.3723964691,6.90678501129,6.2758808136,2.32566761971,1.0046633482,0.00693737994879,0.00281839515083,0.00109722698107,0.000368349370547,0.0100275017321,0.00313107925467,0.000380958052119,0.0000330249677063],"dvar2":[1.38513278961,48.8159484863,96.3427734375,140.224609375,278.582733154,877.502319336,950.161071777,1846.86157227,2431.14428711,1589.56689453,3796.21386719,5106.62597656,5738.08984375,6791.71826172,5176.52929688,27512.2382812,19953.9609375,4406.05517578,5333.76416016,1030.90527344,520.164550781,241.106948853,136.651290894,109.222183228,81.8454589844,187.258544922,79.0599975586,34.433380127,13.2563304901,12.7866458893,4.33431100845,2.06724667549,0.0168500300497,0.00708179362118,0.00275364052504,0.000905704509933,0.0208579916507,0.00571375852451,0.000726934813429,0.0000799780682428],"max":[10.3156795502,56.9864082336,106.510658264,122.232414246,212.459533691,432.226806641,602.439208984,540.341491699,966.493713379,918.513000488,1026.91845703,823.632141113,927.587219238,1831.79736328,1616.57653809,3949.81298828,2136.65698242,844.615600586,1191.72314453,509.313201904,519.395080566,255.321090698,221.859542847,393.7265625,311.197814941,667.219543457,350.436187744,208.322540283,71.4139785767,103.00730896,29.4403762817,27.1859798431,1.48390269279,0.986157655716,0.6044947505,0.327206760645,3.09355831146,1.49810039997,1.13915085793,0.120350398123],"mean":[0.825735807419,5.77306318283,8.62128734589,9.53593730927,11.2434263229,16.6752853394,19.140871048,23.2622051239,30.120464325,25.9455909729,34.0922317505,43.6417541504,46.8098144531,41.5790901184,59.3136138916,123.0990448,104.690063477,57.6349029541,54.9746513367,28.5028438568,18.2050495148,11.0905380249,7.03215312958,5.79809761047,4.34566783905,3.55977869034,2.92992782593,2.54861521721,2.3909573555,2.10764694214,1.40814340115,0.731364130974,0.0692275315523,0.0334267914295,0.021249031648,0.0167572647333,0.0875093564391,0.0662564560771,0.0239482559264,0.0228241421282],"median":[0.502300560474,3.74184274673,6.39481163025,6.61302757263,7.47649478912,9.17959976196,11.6512718201,12.9406833649,14.4248857498,14.8120183945,16.4968662262,22.2309780121,29.2179374695,25.7872047424,41.7430801392,82.9055099487,68.1362762451,39.2123947144,34.2385253906,19.6637916565,12.035785675,5.5220117569,2.41593170166,2.00213122368,1.44339561462,1.11825251579,0.969915270805,0.990379691124,1.04122757912,0.896848618984,0.55727159977,0.253702521324,0.0370726659894,0.014314154163,0.00920197926462,0.00977474264801,0.0392727069557,0.0340701192617,0.0123155359179,0.0191569402814],"min":[1.03408734218e-22,6.57809071246e-22,1.83182458603e-21,2.89102451365e-21,1.34382599093e-20,4.34979613642e-20,6.98021012794e-20,1.38978530898e-19,1.98939418861e-19,2.39452372969e-19,3.72654094189e-19,3.50767412169e-19,5.89692302401e-19,9.49236488609e-19,1.49630293327e-18,1.8090934237e-18,1.75398851244e-18,1.96987045141e-18,3.03619146059e-18,4.14409959545e-18,4.77085724072e-18,6.41598299429e-18,5.43755157955e-18,7.62838947632e-18,1.08572583917e-17,9.88303567196e-18,1.31659931004e-17,1.27293409987e-17,1.28789581192e-17,1.62611896289e-17,1.48006384757e-17,1.20923118382e-17,1.01697786585e-17,1.00559925206e-17,6.10002729725e-18,4.63406596923e-18,2.86659213806e-18,1.09328482241e-18,2.57840184396e-19,2.80514911046e-20],"var":[0.879704892635,37.4624710083,61.4828796387,89.5742874146,153.73928833,643.811096191,668.759521484,1127.3392334,3008.60131836,1846.30187988,3768.40869141,4309.81933594,3652.02294922,3605.31860352,4222.85058594,20280.4003906,14527.5888672,3772.89233398,4758.21386719,894.382263184,454.092712402,246.53427124,144.534622192,132.586227417,105.721153259,128.127868652,60.3094558716,27.8200340271,14.7627363205,12.0843000412,5.14542198181,1.89184117317,0.00887937285006,0.00297088851221,0.00117157690693,0.000457232090412,0.019804071635,0.0084018195048,0.00120277306996,0.000242514870479]},"erbbands_crest":{"dmean":2.48572278023,"dmean2":4.17962598801,"dvar":4.89613580704,"dvar2":13.1474485397,"max":26.8147678375,"mean":8.36061859131,"median":7.73560285568,"min":2.25662541389,"var":10.1997079849},"erbbands_flatness_db":{"dmean":0.0210102945566,"dmean2":0.0325253419578,"dvar":0.00032583225402,"dvar2":0.000746092700865,"max":0.322503238916,"mean":0.156444177032,"median":0.154432237148,"min":0.032385379076,"var":0.00148884241935},"erbbands_kurtosis":{"dmean":0.982554256916,"dmean2":1.6041636467,"dvar":1.20031678677,"dvar2":3.03644013405,"max":19.9825134277,"mean":0.957884728909,"median":0.583283424377,"min":-1.64535880089,"var":2.91469335556},"erbbands_skewness":{"dmean":0.349151670933,"dmean2":0.548094749451,"dvar":0.0856835320592,"dvar2":0.203064844012,"max":3.2978143692,"mean":-0.17678886652,"median":-0.183460384607,"min":-2.84463167191,"var":0.422543793917},"erbbands_spread":{"dmean":5.57046175003,"dmean2":8.82460403442,"dvar":30.047164917,"dvar2":71.1611022949,"max":145.536178589,"mean":25.4591674805,"median":23.1715736389,"min":2.48319220543,"var":137.040679932},"gfcc":{"cov":[[5190.37451172,-375.064086914,-642.981506348,19.1754665375,-159.987838745,-252.819747925,56.1981582642,-114.703895569,14.8928852081,-48.5390357971,-26.1629199982,24.9365024567,-141.418487549],[-375.064086914,738.156860352,49.1020011902,-261.074279785,196.797180176,106.946968079,-49.60987854,6.93467521667,17.5532627106,32.9581375122,55.355342865,-81.5858383179,97.8510971069],[-642.981506348,49.1020011902,372.036010742,110.150917053,-59.9926185608,153.700881958,-23.7175922394,47.8553695679,-7.81948518753,33.6786460876,-10.3968229294,35.2911071777,17.6610984802],[19.1754665375,-261.074279785,110.150917053,308.208587646,-38.981010437,-50.7014427185,81.8798675537,-0.449359476566,-4.12500619888,-17.3115634918,-16.6985225677,62.8910980225,-42.8643913269],[-159.987838745,196.797180176,-59.9926185608,-38.981010437,213.990859985,49.4730529785,7.49776887894,7.91105365753,7.9187579155,3.98744535446,34.1372642517,-32.6438217163,29.4424324036],[-252.819747925,106.946968079,153.700881958,-50.7014427185,49.4730529785,251.35723877,-44.1827163696,53.6449165344,1.8366612196,36.8123893738,0.423384726048,-4.15211486816,31.2598323822],[56.1981582642,-49.60987854,-23.7175922394,81.8798675537,7.49776887894,-44.1827163696,136.568649292,-23.2728424072,45.3871116638,-25.8604011536,-14.3644733429,31.8827190399,-36.3243026733],[-114.703895569,6.93467521667,47.8553695679,-0.449359476566,7.91105365753,53.6449165344,-23.2728424072,132.177978516,-6.35840272903,34.2826881409,10.9812965393,-35.3294525146,39.7130508423],[14.8928852081,17.5532627106,-7.81948518753,-4.12500619888,7.9187579155,1.8366612196,45.3871116638,-6.35840272903,113.216537476,23.0373935699,-1.37842845917,22.2979412079,-39.2893028259],[-48.5390357971,32.9581375122,33.6786460876,-17.3115634918,3.98744535446,36.8123893738,-25.8604011536,34.2826881409,23.0373935699,72.6447143555,35.5219650269,-11.2706794739,13.4223690033],[-26.1629199982,55.355342865,-10.3968229294,-16.6985225677,34.1372642517,0.423384726048,-14.3644733429,10.9812965393,-1.37842845917,35.5219650269,62.273601532,8.53471946716,16.600818634],[24.9365024567,-81.5858383179,35.2911071777,62.8910980225,-32.6438217163,-4.15211486816,31.8827190399,-35.3294525146,22.2979412079,-11.2706794739,8.53471946716,83.6924972534,-15.5864887238],[-141.418487549,97.8510971069,17.6610984802,-42.8643913269,29.4424324036,31.2598323822,-36.3243026733,39.7130508423,-39.2893028259,13.4223690033,16.600818634,-15.5864887238,85.9597320557]],"icov":[[0.00033175261342,-0.000432773900684,0.00129405560438,-0.000723841949366,0.00077722518472,-0.000512173981406,0.000241324436502,-0.000154087028932,0.000319452490658,-0.000446657650173,0.000385274528526,-0.000482194329379,0.000558736326639],[-0.000432773900684,0.00563935888931,-0.00586070399731,0.00530095724389,-0.00436679646373,0.00194241316058,-0.00187406351324,0.0027980976738,-0.00333344843239,0.0035493709147,-0.00486903591082,0.00538217602298,-0.00474090594798],[0.00129405560438,-0.00586070399731,0.0143669564277,-0.00955191347748,0.00817182380706,-0.00731327664107,0.00327674415894,-0.00235022907145,0.00280825980008,-0.00468804175034,0.0049162087962,-0.00563115486875,0.00346157792956],[-0.000723841949366,0.00530095724389,-0.00955191347748,0.0133008053526,-0.00760984513909,0.00635694293305,-0.00539463246241,-0.00089632824529,0.0026240455918,-0.0014242187608,0.00105135084596,-0.00245137210004,0.00057335983729],[0.00077722518472,-0.00436679646373,0.00817182380706,-0.00760984513909,0.0138217452914,-0.00713834259659,0.000806635129265,0.000972360838205,-0.00272571272217,0.00494289910421,-0.00719607528299,0.00482194731012,-0.0012243068777],[-0.000512173981406,0.00194241316058,-0.00731327664107,0.00635694293305,-0.00713834259659,0.010730098933,-0.000415986170992,-0.00248993025161,0.00203161244281,-0.00465690670535,0.00579381641001,-0.0043873693794,0.000877525366377],[0.000241324436502,-0.00187406351324,0.00327674415894,-0.00539463246241,0.000806635129265,-0.000415986170992,0.0135362427682,-0.000879030616488,-0.00497429165989,0.00387676176615,0.00129449763335,-0.00244795228355,0.00159539643209],[-0.000154087028932,0.0027980976738,-0.00235022907145,-0.00089632824529,0.000972360838205,-0.00248993025161,-0.000879030616488,0.0146727468818,-0.00563839869574,0.00232589617372,-0.00709068635479,0.0120156258345,-0.00937275402248],[0.000319452490658,-0.00333344843239,0.00280825980008,0.0026240455918,-0.00272571272217,0.00203161244281,-0.00497429165989,-0.00563839869574,0.0231966357678,-0.0187325235456,0.0153604522347,-0.0157105680555,0.0134616419673],[-0.000446657650173,0.0035493709147,-0.00468804175034,-0.0014242187608,0.00494289910421,-0.00465690670535,0.00387676176615,0.00232589617372,-0.0187325235456,0.0422008670866,-0.0314120538533,0.0199644081295,-0.00942319072783],[0.000385274528526,-0.00486903591082,0.0049162087962,0.00105135084596,-0.00719607528299,0.00579381641001,0.00129449763335,-0.00709068635479,0.0153604522347,-0.0314120538533,0.0466405153275,-0.0252807904035,0.00820561219007],[-0.000482194329379,0.00538217602298,-0.00563115486875,-0.00245137210004,0.00482194731012,-0.0043873693794,-0.00244795228355,0.0120156258345,-0.0157105680555,0.0199644081295,-0.0252807904035,0.0363569483161,-0.0124506419525],[0.000558736326639,-0.00474090594798,0.00346157792956,0.00057335983729,-0.0012243068777,0.000877525366377,0.00159539643209,-0.00937275402248,0.0134616419673,-0.00942319072783,0.00820561219007,-0.0124506419525,0.0264105740935]],"mean":[28.6792144775,115.705871582,-83.9644851685,-12.2922258377,-10.0160999298,3.77642965317,2.25965428352,-26.8557357788,4.31085348129,-7.03172111511,-5.09806680679,2.16286087036,-12.947227478]},"hfc":{"dmean":58.5645141602,"dmean2":94.229309082,"dvar":4100.23144531,"dvar2":10182.9482422,"max":1593.85449219,"mean":221.916778564,"median":209.131195068,"min":1.11692596691e-16,"var":13835.6953125},"melbands":{"dmean":[0.00462415954098,0.00339667173102,0.00104950508103,0.00061761616962,0.000428733852459,0.000335197895765,0.00026366423117,0.000164401018992,0.000188559381058,0.000170603059814,0.000146262900671,0.000102446923847,0.0000966538573266,0.000174738583155,0.000188627644093,0.0000926930224523,0.0000547677700524,0.0000522270238434,0.0000276506034425,0.0000130924245241,0.0000110528053483,0.00000641354290565,0.00000427427585237,0.00000306085871671,0.0000024296778065,0.00000189073477941,0.0000015420841919,0.00000130099624585,0.00000111505698897,8.88691545242e-7,8.1017140019e-7,7.73956799094e-7,7.70903909597e-7,7.31820932742e-7,4.94137509577e-7,5.46103592569e-7,1.85181008305e-7,3.43780719447e-8,3.00814555487e-8,2.66982063124e-8],"dmean2":[0.00768939219415,0.00560406176373,0.0017746409867,0.00103328621481,0.000706735649146,0.000549864198547,0.000428709376138,0.000267483876087,0.000303220789647,0.000278782128589,0.000244448485319,0.000170379702467,0.000161958785611,0.000294522324111,0.000316682097036,0.000156561523909,0.0000916387507459,0.000087180713308,0.0000461938507215,0.0000216221233131,0.00001832284579,0.0000103640977613,0.0000068617641773,0.00000478769061374,0.00000378093204745,0.00000288486603495,0.00000231542435358,0.00000196279461306,0.00000165497363014,0.00000131291324124,0.00000119898277262,0.00000112817531317,0.00000111983160878,0.0000010520025171,7.07309084191e-7,7.78674916546e-7,2.80473841485e-7,5.77958516601e-8,5.05128916473e-8,4.47463150977e-8],"dvar":[0.0000338709432981,0.0000144130654007,0.00000150997902892,8.75514103882e-7,3.96047852291e-7,3.18945552635e-7,2.27792710916e-7,7.17557213648e-8,1.53925540758e-7,8.64569784653e-8,5.64658755309e-8,4.52261303963e-8,2.03380547958e-8,8.41038456656e-8,8.6233796992e-8,1.97628970966e-8,6.93932555862e-9,8.32846502874e-9,1.96002059027e-9,3.6479483323e-10,3.25859172978e-10,1.37177519344e-10,8.15561160272e-11,5.07710748443e-11,4.05281988525e-11,2.68581910184e-11,3.49138461198e-11,3.88095423853e-11,1.9902017534e-11,8.86290346669e-12,5.22485570434e-12,2.46882549126e-12,2.24790802292e-12,2.14015936049e-12,7.78487571716e-13,1.16291015446e-12,1.41308107793e-13,3.14320416551e-15,2.40284845345e-15,1.87497752072e-15],"dvar2":[0.0000905627093744,0.0000376520802092,0.00000403537205784,0.00000228337580666,9.92060904537e-7,8.23131586003e-7,5.31152863914e-7,1.69131794792e-7,3.49136342948e-7,2.12019017454e-7,1.47077685142e-7,1.20466808085e-7,5.30742987337e-8,2.1100107972e-7,2.28087287724e-7,5.3259089583e-8,1.88303683757e-8,2.17900844035e-8,5.2593054356e-9,9.76909109163e-10,8.57788506892e-10,3.45718120798e-10,2.00686467444e-10,1.16828727248e-10,8.74500472037e-11,5.61990141923e-11,7.07390535037e-11,8.55187101689e-11,4.31682120605e-11,1.85704056299e-11,1.15614835414e-11,4.91980371373e-12,4.5998812398e-12,4.52205720786e-12,1.53028273647e-12,2.35378188294e-12,3.0812280353e-13,7.90374574599e-15,6.03992259039e-15,4.71088723857e-15],"max":[0.0740713551641,0.0502431094646,0.0246905405074,0.022819807753,0.0159026533365,0.0113899800926,0.0149587197229,0.00817458331585,0.0105774104595,0.00527461431921,0.00455892272294,0.00805515050888,0.00301150185987,0.013600287959,0.00798635743558,0.00289904489182,0.00160809897352,0.00263229594566,0.00113938027062,0.000404207472457,0.00061154802097,0.000299026316497,0.000228237651754,0.000273248413578,0.000337438512361,0.000274429126875,0.000354769232217,0.000437079870608,0.000262803805526,0.000136413276778,0.00010925168317,0.0000458738904854,0.0000570637857891,0.0000513046688866,0.0000150227651829,0.0000276702030533,0.0000106049747046,0.00000105031551811,9.15104806154e-7,8.02596673566e-7],"mean":[0.00768377725035,0.00594298914075,0.00172491301782,0.00098201003857,0.000700463249814,0.000531000026967,0.000452760927146,0.000267717114184,0.000303905428154,0.000282035354758,0.000232464153669,0.000164837139891,0.000167365564266,0.000302012776956,0.000327547488268,0.000165144709172,0.00010130082228,0.000096006624517,0.000052661918744,0.0000247542811849,0.000020617080736,0.000011937072486,0.00000767425353843,0.00000551408447791,0.00000463523883809,0.00000351131279785,0.00000270137252301,0.00000226685688176,0.00000191941603589,0.00000153804649017,0.0000014483510995,0.00000134211325076,0.00000127944258566,0.00000113952842185,7.91815864432e-7,8.11183610949e-7,2.54362277019e-7,3.36910979115e-8,2.96266158273e-8,2.65754120932e-8],"median":[0.00524904765189,0.00431365380064,0.00124681345187,0.000610205926932,0.000447096535936,0.000302194035612,0.00022029390675,0.000151932588778,0.000131228065584,0.000145567202708,0.000142197270179,0.0000980702752713,0.00011381481454,0.00019443302881,0.000211399979889,0.000104632345028,0.0000645892723696,0.0000552851124667,0.0000343354258803,0.0000160255640367,0.0000129750551423,0.00000604311571806,0.00000229268152907,0.00000173622061084,0.00000157438034876,0.00000117388731269,8.00371310561e-7,6.99832185092e-7,5.99840177529e-7,5.44979684491e-7,5.55137717129e-7,5.65859238577e-7,5.4249517234e-7,4.57408901866e-7,3.12552458581e-7,2.69976737854e-7,9.15420343972e-8,1.34610171898e-8,1.18363567836e-8,1.09014486327e-8],"min":[1.8095021606e-24,1.98705976201e-24,8.53975949528e-25,1.8799223931e-24,4.24329937526e-24,3.29677811003e-24,2.60975993653e-24,3.00586159097e-24,2.61624930356e-24,2.3390855883e-24,2.02319116919e-24,3.51076234981e-24,5.05334514009e-24,4.6436817834e-24,4.09969237506e-24,3.42708511258e-24,3.32440539944e-24,4.69260969776e-24,3.34243639315e-24,5.79798250297e-24,4.3005410947e-24,5.91845891814e-24,4.22740303916e-24,5.51488753979e-24,5.85688319689e-24,7.17970945493e-24,5.4744623627e-24,5.91774854889e-24,8.25488584797e-24,6.56931767989e-24,7.65019083196e-24,6.38514350764e-24,6.51127921094e-24,9.20918429566e-24,7.68633959409e-24,6.7046069307e-24,6.36938364447e-24,6.29009365717e-24,6.78187270093e-24,8.00112822743e-24],"var":[0.0000605740897299,0.0000305248577206,0.00000261511013377,0.00000166780569089,7.13171743882e-7,5.40440566965e-7,6.70470967634e-7,1.81309232516e-7,3.68782934856e-7,1.76589239231e-7,9.48176150928e-8,6.22329352495e-8,3.59355531998e-8,1.64397761182e-7,1.592606651e-7,3.91711125758e-8,1.42257459146e-8,1.80252168747e-8,3.91511179032e-9,7.35059846324e-10,6.55368537217e-10,3.01258962221e-10,1.78720788169e-10,1.06568830149e-10,9.10861455705e-11,6.13933487381e-11,6.44745160039e-11,5.59555561608e-11,3.00048944024e-11,1.39145665476e-11,8.47646952629e-12,4.93726804232e-12,4.41402903811e-12,3.77972739912e-12,1.60327176882e-12,2.27833724109e-12,2.36895870758e-13,3.26951520091e-15,2.51003539073e-15,1.97205342571e-15]},"melbands_crest":{"dmean":3.90885686874,"dmean2":6.51593208313,"dvar":10.8291549683,"dvar2":29.5314254761,"max":36.5644264221,"mean":15.9422864914,"median":15.6995487213,"min":1.67321169376,"var":30.8375549316},"melbands_flatness_db":{"dmean":0.0339865498245,"dmean2":0.0527547523379,"dvar":0.000838756735902,"dvar2":0.00193293171469,"max":0.673576533794,"mean":0.279888987541,"median":0.271081119776,"min":0.0037662552204,"var":0.00507583096623},"melbands_kurtosis":{"dmean":7.80305624008,"dmean2":12.5179414749,"dvar":248.498916626,"dvar2":582.989440918,"max":441.986358643,"mean":13.1797552109,"median":5.70606184006,"min":-1.74896252155,"var":580.140258789},"melbands_skewness":{"dmean":0.838645040989,"dmean2":1.34413874149,"dvar":0.694815814495,"dvar2":1.69214379787,"max":17.6263942719,"mean":2.69602560997,"median":2.29483127594,"min":-0.7586556077,"var":3.06151390076},"melbands_spread":{"dmean":4.90609502792,"dmean2":7.99237823486,"dvar":26.765045166,"dvar2":65.3567886353,"max":152.940353394,"mean":16.4310970306,"median":15.2868585587,"min":0.390169262886,"var":111.349220276},"mfcc":{"cov":[[3482.29492188,-401.376098633,-547.870117188,237.902053833,-346.19430542,-59.4868164062,-179.550735474,44.9915771484,-147.218948364,-6.19706630707,-5.59810829163,15.5281333923,-52.0784835815],[-401.376098633,898.39831543,-67.8270187378,-291.403747559,194.441436768,31.672082901,70.4482421875,-91.0486602783,54.99766922,8.72522163391,45.2761039734,-18.9512367249,38.3528671265],[-547.870117188,-67.8270187378,479.72164917,-31.1898727417,41.8446464539,48.5360946655,23.2194538116,22.7410774231,33.6862564087,19.4481906891,-12.7529726028,3.33784842491,16.740688324],[237.902053833,-291.403747559,-31.1898727417,389.243347168,-143.209747314,10.940870285,-41.4683494568,81.9182510376,-53.5438308716,6.81880378723,-34.0224761963,17.9789524078,-22.4669418335],[-346.19430542,194.441436768,41.8446464539,-143.209747314,252.51109314,-3.78324174881,108.199996948,-57.768497467,57.3376083374,-14.8551197052,46.4761009216,-0.372101664543,17.4040737152],[-59.4868164062,31.672082901,48.5360946655,10.940870285,-3.78324174881,183.522857666,-32.4329223633,71.8887176514,-24.1154518127,30.9088973999,-15.4063558578,15.3303585052,7.12211894989],[-179.550735474,70.4482421875,23.2194538116,-41.4683494568,108.199996948,-32.4329223633,147.375213623,-31.8612976074,46.9921150208,-26.0332183838,16.2204284668,-11.3049068451,1.76358771324],[44.9915771484,-91.0486602783,22.7410774231,81.9182510376,-57.768497467,71.8887176514,-31.8612976074,126.136962891,-5.99220609665,29.3959407806,-21.7864093781,9.61073970795,-8.11409473419],[-147.218948364,54.99766922,33.6862564087,-53.5438308716,57.3376083374,-24.1154518127,46.9921150208,-5.99220609665,88.6856002808,18.439825058,19.6256713867,-6.75162935257,-0.285371869802],[-6.19706630707,8.72522163391,19.4481906891,6.81880378723,-14.8551197052,30.9088973999,-26.0332183838,29.3959407806,18.439825058,79.5033798218,24.8998336792,11.7305679321,3.00491666794],[-5.59810829163,45.2761039734,-12.7529726028,-34.0224761963,46.4761009216,-15.4063558578,16.2204284668,-21.7864093781,19.6256713867,24.8998336792,74.4493560791,20.8162879944,10.3839025497],[15.5281333923,-18.9512367249,3.33784842491,17.9789524078,-0.372101664543,15.3303585052,-11.3049068451,9.61073970795,-6.75162935257,11.7305679321,20.8162879944,49.1588859558,17.5875816345],[-52.0784835815,38.3528671265,16.740688324,-22.4669418335,17.4040737152,7.12211894989,1.76358771324,-8.11409473419,-0.285371869802,3.00491666794,10.3839025497,17.5875816345,43.9943962097]],"icov":[[0.000423783261795,0.000140007177833,0.000435704627307,0.0000507831573486,0.000387273932574,0.0000188380690815,0.0000644144893158,-0.0000166994705069,0.000263812136836,0.0000306344081764,-0.00031147088157,-0.00000712428209226,0.000153807341121],[0.000140007177833,0.001807307126,0.000630454276688,0.00086758681573,-0.000506347510964,-0.000769791309722,-0.000152931519551,0.000732046086341,-0.000167603720911,-0.000567216950003,-0.00003913405817,0.000848833122291,-0.00103303056676],[0.000435704627307,0.000630454276688,0.00290085934103,0.000336854020134,-0.0000490311394969,-0.000691578607075,-0.000224313422223,0.0000715635760571,-0.000631095783319,-0.000678600103129,0.000778110115789,0.0000255292579823,-0.000963710364886],[0.0000507831573486,0.00086758681573,0.000336854020134,0.0043839616701,0.00138387293555,0.000484490330564,-0.00135946599767,-0.00172953901347,0.0017838095082,-0.000693631707691,0.000640971702524,-0.00167830474675,0.00110260571819],[0.000387273932574,-0.000506347510964,-0.0000490311394969,0.00138387293555,0.00910781417042,-0.00190748693421,-0.00431320443749,0.00156568584498,-0.00185680878349,0.0021271596197,-0.00375795294531,-0.000530858349521,-0.000265471346211],[0.0000188380690815,-0.000769791309722,-0.000691578607075,0.000484490330564,-0.00190748693421,0.00930853560567,0.000713780755177,-0.00530447997153,0.00402489583939,-0.00299069681205,0.00246608187445,-0.00186983984895,-0.000159503237228],[0.0000644144893158,-0.000152931519551,-0.000224313422223,-0.00135946599767,-0.00431320443749,0.000713780755177,0.0124375326559,-0.0000554407779418,-0.00464214757085,0.00437907595187,-0.00120839790907,0.00192494725343,-0.000130914937472],[-0.0000166994705069,0.000732046086341,0.0000715635760571,-0.00172953901347,0.00156568584498,-0.00530447997153,-0.0000554407779418,0.0146606070921,-0.00319632445462,-0.00306833488867,0.0031877271831,-0.00192002637777,0.00158109795302],[0.000263812136836,-0.000167603720911,-0.000631095783319,0.0017838095082,-0.00185680878349,0.00402489583939,-0.00464214757085,-0.00319632445462,0.0193308722228,-0.00680129602551,-0.000549867691007,0.00154347973876,0.00139172398485],[0.0000306344081764,-0.000567216950003,-0.000678600103129,-0.000693631707691,0.0021271596197,-0.00299069681205,0.00437907595187,-0.00306833488867,-0.00680129602551,0.0214353669435,-0.00941020064056,0.000636221258901,-0.000205524527701],[-0.00031147088157,-0.00003913405817,0.000778110115789,0.000640971702524,-0.00375795294531,0.00246608187445,-0.00120839790907,0.0031877271831,-0.000549867691007,-0.00941020064056,0.0239473879337,-0.0100209806114,0.000413429253967],[-0.00000712428209226,0.000848833122291,0.0000255292579823,-0.00167830474675,-0.000530858349521,-0.00186983984895,0.00192494725343,-0.00192002637777,0.00154347973876,0.000636221258901,-0.0100209806114,0.0311548803002,-0.0116567388177],[0.000153807341121,-0.00103303056676,-0.000963710364886,0.00110260571819,-0.000265471346211,-0.000159503237228,-0.000130914937472,0.00158109795302,0.00139172398485,-0.000205524527701,0.000413429253967,-0.0116567388177,0.0297557674348]],"mean":[-640.427856445,183.097915649,-11.1170911789,12.8541679382,0.0889420285821,38.5500869751,-2.81104779243,13.5608692169,-4.87787532806,7.94262504578,0.250473111868,4.16570615768,3.9657804966]},"pitch_salience":{"dmean":0.0848207473755,"dmean2":0.140351876616,"dvar":0.00504469173029,"dvar2":0.0135770058259,"max":0.957601666451,"mean":0.539070188999,"median":0.555745542049,"min":0.0906143188477,"var":0.0175291057676},"silence_rate_20dB":{"dmean":0,"dmean2":0,"dvar":0,"dvar2":0,"max":1,"mean":1,"median":1,"min":1,"var":0},"silence_rate_30dB":{"dmean":0.112095810473,"dmean2":0.224209517241,"dvar":0.0995344743133,"dvar2":0.219460606575,"max":1,"mean":0.851109683514,"median":1,"min":0,"var":0.126729652286},"silence_rate_60dB":{"dmean":0.000958083837759,"dmean2":0.00191632064525,"dvar":0.000957191456109,"dvar2":0.0019126838306,"max":1,"mean":0.00718505494297,"median":0,"min":0,"var":0.00713329575956},"spectral_centroid":{"dmean":139.937179565,"dmean2":214.715179443,"dvar":38508.1132812,"dvar2":71926.796875,"max":11597.3369141,"mean":843.180175781,"median":789.796264648,"min":109.807723999,"var":251003.046875},"spectral_complexity":{"dmean":3.04463076591,"dmean2":4.68955612183,"dvar":8.12804031372,"dvar2":16.1127376556,"max":59,"mean":23.2485237122,"median":23,"min":0,"var":53.4915542603},"spectral_contrast_coeffs":{"dmean":[0.0530406683683,0.0513969957829,0.038867674768,0.0320005975664,0.0251653976738,0.0488957352936],"dmean2":[0.0893648192286,0.086442001164,0.06613253057,0.0539281517267,0.041710332036,0.0754556804895],"dvar":[0.00177494739182,0.00158026372083,0.000931181537453,0.00059627374867,0.000498360604979,0.00182016659528],"dvar2":[0.00500733451918,0.00448117824271,0.0026075867936,0.00168985815253,0.00133744510822,0.00415433431044],"max":[-0.395307540894,-0.450702041388,-0.575157403946,-0.592540442944,-0.621269106865,-0.419404268265],"mean":[-0.683441281319,-0.763648509979,-0.799750745296,-0.783040523529,-0.816969275475,-0.72625875473],"median":[-0.687750041485,-0.771537780762,-0.804287314415,-0.785853147507,-0.816514134407,-0.732235908508],"min":[-0.978379011154,-0.977093100548,-0.972679495811,-0.974780917168,-0.967521905899,-0.965218901634],"var":[0.00439890986308,0.00397616997361,0.00206569535658,0.00165985710919,0.00121662160382,0.00668603973463]},"spectral_contrast_valleys":{"dmean":[0.374245673418,0.353650420904,0.292056441307,0.250826358795,0.326713383198,0.667730033398],"dmean2":[0.625008046627,0.58483761549,0.477831810713,0.398202240467,0.486949443817,1.07670307159],"dvar":[0.104938775301,0.09050758183,0.0653467923403,0.0548708252609,0.117790661752,0.317190855742],"dvar2":[0.262778967619,0.21891438961,0.148076355457,0.11264578253,0.24903190136,0.821092247963],"max":[-4.89400672913,-4.63906908035,-4.95558023453,-5.38592147827,-5.50905656815,-8.79501724243],"mean":[-6.24172210693,-6.1258187294,-6.32084846497,-6.84958171844,-7.88083982468,-11.083155632],"median":[-6.13817501068,-6.02145385742,-6.20664310455,-6.71424150467,-7.83458042145,-11.0117006302],"min":[-28.0119190216,-27.7155056,-27.4764690399,-27.4281368256,-27.3748855591,-27.3127422333],"var":[0.919663250446,0.99332600832,0.969971418381,1.01906692982,1.15575671196,1.02117800713]},"spectral_decrease":{"dmean":5.68821478808e-9,"dmean2":9.24532894686e-9,"dvar":3.5570599372e-17,"dvar2":9.42495545643e-17,"max":3.33651706264e-9,"mean":-1.39514026998e-8,"median":-1.24995160888e-8,"min":-8.31016535585e-8,"var":7.29021934763e-17},"spectral_energy":{"dmean":0.021775899455,"dmean2":0.0354211889207,"dvar":0.000509629491717,"dvar2":0.00135801988654,"max":0.328911453485,"mean":0.0727841481566,"median":0.0684299618006,"min":1.05269743174e-20,"var":0.00119623274077},"spectral_energyband_high":{"dmean":0.000205397285754,"dmean2":0.000269573647529,"dvar":1.70084518913e-7,"dvar2":2.92327882789e-7,"max":0.0198150016367,"mean":0.000545868009795,"median":0.000317697820719,"min":7.32131905616e-21,"var":5.09988183239e-7},"spectral_energyband_low":{"dmean":0.0193748399615,"dmean2":0.0319068841636,"dvar":0.000483211217215,"dvar2":0.00127403449733,"max":0.274668246508,"mean":0.0382504425943,"median":0.0296115353703,"min":1.66508310699e-23,"var":0.0010008305544},"spectral_energyband_middle_high":{"dmean":0.00309171085246,"dmean2":0.00493167480454,"dvar":0.0000149884526763,"dvar2":0.0000384249178751,"max":0.109795197845,"mean":0.00990825798362,"median":0.00806398130953,"min":1.48111495049e-21,"var":0.0000633808376733},"spectral_energyband_middle_low":{"dmean":0.0060086902231,"dmean2":0.00975354202092,"dvar":0.0000420795950049,"dvar2":0.000106706669612,"max":0.0937702581286,"mean":0.0165260024369,"median":0.0142378956079,"min":1.99870961253e-22,"var":0.000125109116198},"spectral_entropy":{"dmean":0.168499022722,"dmean2":0.251409590244,"dvar":0.0238732770085,"dvar2":0.0514805130661,"max":9.81975841522,"mean":7.35615348816,"median":7.37061023712,"min":5.19639873505,"var":0.124094352126},"spectral_flux":{"dmean":0.0306178797036,"dmean2":0.049292627722,"dvar":0.000857407401782,"dvar2":0.00205786735751,"max":0.430153101683,"mean":0.143458217382,"median":0.141207426786,"min":6.57962295758e-11,"var":0.00212348927744},"spectral_kurtosis":{"dmean":6.66239690781,"dmean2":10.0974082947,"dvar":63.6996688843,"dvar2":148.953933716,"max":121.786201477,"mean":23.0244350433,"median":19.5138244629,"min":-1.23877251148,"var":166.024932861},"spectral_rms":{"dmean":0.00123588868883,"dmean2":0.00198725843802,"dvar":0.00000126977022319,"dvar2":0.00000336418020197,"max":0.0179133806378,"mean":0.00817182566971,"median":0.00817073695362,"min":3.20471817486e-12,"var":0.00000423009623773},"spectral_rolloff":{"dmean":6038.01855469,"dmean2":11688.9755859,"dvar":72505128,"dvar2":168420544,"max":22006.9335938,"mean":9074.70117188,"median":1894.921875,"min":43.06640625,"var":93503560},"spectral_skewness":{"dmean":0.473035871983,"dmean2":0.694545686245,"dvar":0.239501461387,"dvar2":0.525221407413,"max":8.53563117981,"mean":3.37958288193,"median":3.23214697838,"min":-0.0617470741272,"var":0.959834933281},"spectral_spread":{"dmean":507828.53125,"dmean2":767655.9375,"dvar":354936750080,"dvar2":737219969024,"max":41534128,"mean":3646794.5,"median":3577746.75,"min":854193.25,"var":2622013571070},"spectral_strongpeak":{"dmean":2.70742511749,"dmean2":5.09021043777,"dvar":180.228546143,"dvar2":482.03414917,"max":229.266738892,"mean":2.16407060623,"median":0.35706615448,"min":0,"var":138.177185059},"zerocrossingrate":{"dmean":0.0353464558721,"dmean2":0.0461170785129,"dvar":0.00100397819187,"dvar2":0.00162942637689,"max":0.673828125,"mean":0.231079861522,"median":0.2314453125,"min":0.00244140625,"var":0.00581294950098}},"metadata":{"audio_properties":{"analysis_sample_rate":44100,"bit_rate":128000,"codec":"mp3","downmix":"mix","equal_loudness":0,"length":290.821228027,"lossless":false,"md5_encoded":"441281b657919d708126cea402b5ea4b","replay_gain":-8.00819587708,"sample_rate":44100},"tags":{"album":["March ör Die"],"albumartist":["Motörhead"],"albumartistsort":["Motörhead"],"artist":["Motörhead"],"artistsort":["Motörhead"],"asin":["B000002898"],"barcode":["5099747172328"],"catalognumber":["471723 2"],"date":["1992-08-14"],"file_name":"09 - Motörhead - You Better Run.mp3","genre":["Motorhead","Blues Rock","Rock N Roll","Speed Metal","Metal","Rock","Heavy Metal","Blues","Hard Rock","Blues Metal","Classic Rock"],"label":["Epic"],"musicbrainz album release country":["GB"],"musicbrainz album status":["official"],"musicbrainz album type":["album"],"musicbrainz_albumartistid":["57961a97-3796-4bf7-9f02-a985a8979ae9"],"musicbrainz_albumid":["2b7d9927-fd36-4e31-af5b-4834032cbcca"],"musicbrainz_artistid":["57961a97-3796-4bf7-9f02-a985a8979ae9"],"musicbrainz_recordingid":["852ef7bc-875f-43e2-a44b-082148f4933e"],"performer:bass guitar and acoustic guitar":["Lemmy Kilmister"],"performer:drums":["Mikkey Dee"],"performer:guest electric guitar":["Slash"],"performer:guitar and acoustic guitar":["Zoom"],"performer:keyboard":["Peter Solley"],"performer:vocal":["Lemmy Kilmister"],"title":["You Better Run"],"tracknumber":["9/11"]},"version":{"essentia":"2.1-beta1","essentia_build_sha":"81dca3489dfd3c4275b86ac4d56d870715677d3f","essentia_git_sha":"v2.1_beta1-28-g21ef5f4","extractor":"music 1.0"}},"rhythm":{"beats_count":443,"beats_loudness":{"dmean":0.026303768158,"dmean2":0.045639000833,"dvar":0.000476234999951,"dvar2":0.00121849239804,"max":0.182084783912,"mean":0.0794459581375,"median":0.0757608488202,"min":0.000020926585421,"var":0.000792857666966},"beats_loudness_band_ratio":{"dmean":[0.191705867648,0.0792207494378,0.0687312111259,0.0757472962141,0.0289171356708,0.0583729147911],"dmean2":[0.339408278465,0.1420