{"lowlevel":{"average_loudness":0.855650484562,"barkbands":{"dmean":[0.0128907850012,0.0208130925894,0.00466232653707,0.00200359639712,0.0037880949676,0.00149756355677,0.000841452740133,0.0012505868217,0.000615428434685,0.000469599355711,0.000334268552251,0.000392651301809,0.000227595111937,0.000146368780406,0.0000835646205815,0.0000583891451242,0.0000411721230194,0.0000481910501549,0.0000471786624985,0.0000406216895499,0.0000348324902006,0.000025228033337,0.000021545070922,0.0000204482585104,0.0000134378497023,0.0000215262734855,0.0000837005864014],"dmean2":[0.020921504125,0.0350639820099,0.00813910271972,0.00345544773154,0.00614244118333,0.00247327820398,0.00133833044674,0.00188814301509,0.000998859643005,0.00076645828085,0.000552541518118,0.000651913054753,0.000377532822313,0.000243585222051,0.000138425835758,0.0000957312004175,0.00006691897579,0.0000758120659157,0.0000721234027878,0.0000617401819909,0.0000528919154021,0.0000384153463528,0.0000327412817569,0.0000311058756779,0.0000213493040064,0.0000326473891619,0.000134096713737],"dvar":[0.000493275409099,0.000801010697614,0.0000345835760527,0.0000107724408736,0.0000351805065293,0.00000810047095001,0.00000197406438929,0.0000075272905633,0.00000200577164833,0.00000142395765579,4.41561041953e-7,7.58271141876e-7,1.96214330117e-7,8.87690987383e-8,5.14220097614e-8,3.30186047393e-8,2.60286547871e-8,4.97305379099e-8,5.51848913233e-8,2.0821492086e-8,9.70585034565e-9,3.84664478048e-9,3.5446079405e-9,5.61704327495e-9,2.79260969904e-9,9.38493194269e-9,2.5305118001e-8],"dvar2":[0.00122740725055,0.00216283579357,0.0000953747294261,0.0000295788995572,0.0000894895929378,0.0000208150886465,0.00000467407335236,0.0000160623658303,0.00000486485896545,0.0000036896731217,0.00000116220383006,0.00000202166211238,5.13451993811e-7,2.31338091794e-7,1.23410188735e-7,8.08138267416e-8,6.2485099761e-8,1.11227784316e-7,1.23173421684e-7,4.38271072767e-8,2.15038689078e-8,8.3428881581e-9,7.53489537431e-9,1.24254428968e-8,6.18016704479e-9,1.96909333283e-8,6.00593637046e-8],"max":[0.341833472252,0.425376564264,0.0815123841166,0.0533481240273,0.0919782072306,0.0615527890623,0.0299884676933,0.0929804965854,0.0539736561477,0.0363663546741,0.0136297419667,0.0256585087627,0.0151183875278,0.0106983352453,0.013946050778,0.00697291363031,0.00551220681518,0.00954181142151,0.0180350840092,0.00696518644691,0.00608181860298,0.00143333489541,0.00121825141832,0.0026235987898,0.00183384306729,0.00338939600624,0.00338569888845],"mean":[0.0239558406174,0.0296909548342,0.0054943007417,0.00260422448628,0.0067354911007,0.00248993118294,0.00152850907762,0.00228546606377,0.00105024571531,0.000714112829883,0.000544023467228,0.000706983555574,0.000400780292694,0.000263043330051,0.000147579194163,0.000100597011624,0.0000642840823275,0.000077534277807,0.0000764220530982,0.000069036927016,0.0000615557146375,0.0000385676103178,0.0000289507588604,0.0000254675487668,0.0000145340154631,0.0000281147476926,0.000208856421523],"median":[0.00494920648634,0.0191000849009,0.00330888549797,0.00125447195023,0.00347886793315,0.00113285018597,0.000728532089852,0.000680463679601,0.000477803463582,0.000278055667877,0.000206251745112,0.000224359187996,0.00014365107927,0.0000984747966868,0.0000506701762788,0.0000374507144443,0.0000228449534916,0.0000218426685024,0.0000168438855326,0.000017047917936,0.0000128345363919,0.00000822396395961,0.00000305598450723,0.00000155695465764,5.38978611075e-7,0.00000205923652175,0.0000991887791315],"min":[5.14758660535e-25,2.0679219491e-24,6.92112144184e-25,2.15781225482e-24,6.62727962933e-24,9.23337313759e-24,1.34541489563e-23,7.09599711338e-24,1.46584255919e-23,1.01952738378e-23,1.40865661222e-23,2.65333901897e-23,2.32624999307e-23,3.43117259536e-23,2.6529004123e-23,3.83086443467e-23,7.29757552936e-23,8.16743856559e-23,1.38460790354e-22,1.70699389848e-22,2.41427257594e-22,3.27289983474e-22,3.75207742508e-22,5.04817866914e-22,8.62863984605e-22,1.30679966207e-21,1.89216939081e-21],"var":[0.00153430865612,0.00111249485053,0.0000445757832495,0.0000158197235578,0.0000822335641715,0.0000179038324859,0.00000547351191926,0.0000254219266935,0.00000378550316782,0.00000215369004763,9.40525126225e-7,0.00000207605330615,4.56009928484e-7,2.49476499903e-7,1.46420475744e-7,7.91387435584e-8,5.3603514516e-8,1.15626065167e-7,1.46088581232e-7,5.40784057534e-8,2.35989077169e-8,7.75572406297e-9,6.41701181081e-9,8.92261731167e-9,4.27785096235e-9,1.66924891687e-8,8.51837285154e-8]},"barkbands_crest":{"dmean":3.01526665688,"dmean2":5.03741884232,"dvar":6.15052556992,"dvar2":17.0257148743,"max":26.1432743073,"mean":13.4013080597,"median":13.1533880234,"min":3.45795989037,"var":23.1838493347},"barkbands_flatness_db":{"dmean":0.0468219704926,"dmean2":0.0796231776476,"dvar":0.00284627242945,"dvar2":0.00726755196229,"max":0.732457518578,"mean":0.233662292361,"median":0.214154601097,"min":0.0378432162106,"var":0.00926022604108},"barkbands_kurtosis":{"dmean":20.5571479797,"dmean2":34.8148002625,"dvar":2191.97802734,"dvar2":6176.10986328,"max":1109.8470459,"mean":34.1579055786,"median":15.3549423218,"min":-1.6680008173,"var":3233.91870117},"barkbands_skewness":{"dmean":1.1713064909,"dmean2":1.90782403946,"dvar":2.17837691307,"dvar2":5.91772174835,"max":30.8203525543,"mean":3.78319740295,"median":3.1049888134,"min":-2.30437016487,"var":6.46219539642},"barkbands_spread":{"dmean":3.14814972878,"dmean2":5.14814662933,"dvar":16.0554828644,"dvar2":37.9017219543,"max":76.4627914429,"mean":9.47996616364,"median":7.67453813553,"min":0.0463040135801,"var":62.8455429077},"dissonance":{"dmean":0.0288039147854,"dmean2":0.0487875305116,"dvar":0.000838552368805,"dvar2":0.00232193642296,"max":0.500000178814,"mean":0.449837237597,"median":0.458313107491,"min":0.122132763267,"var":0.00142945244443},"dynamic_complexity":3.98937678337,"erbbands":{"dmean":[1.18211686611,2.96871185303,5.54540967941,5.55762624741,8.63887691498,13.5839118958,18.8484516144,11.6924877167,10.7989778519,18.3807506561,22.8141880035,14.0992736816,14.3904628754,13.3784656525,11.6858949661,13.5546607971,10.80057621,7.22331905365,4.97583532333,3.48659062386,2.95313692093,2.34815597534,2.47727489471,2.63125634193,2.24020695686,1.83589804173,1.70142686367,1.17652308941,0.927046656609,0.741423428059,0.598595559597,0.457572072744,0.328019678593,0.183825582266,0.0769484192133,0.0763623565435,0.041550911963,0.0168890934438,0.0054484163411,0.00288503454067],"dmean2":[2.00538301468,4.99730730057,9.57984828949,9.62741947174,14.7565870285,22.3483219147,29.7612228394,19.2491950989,17.5477828979,28.5166969299,34.4598426819,22.9178409576,23.3220710754,21.7692699432,19.2264595032,22.3301105499,17.8292427063,11.8525543213,8.27072429657,5.77952241898,4.84911060333,3.79261207581,3.87913775444,4.05429410934,3.41912579536,2.78468680382,2.59282517433,1.77315473557,1.41967332363,1.1424741745,0.912401616573,0.692509293556,0.508864283562,0.286491602659,0.125275418162,0.118503682315,0.0631799697876,0.0254249405116,0.00821462925524,0.00447938404977],"dvar":[3.05842733383,16.5421199799,52.1014289856,58.2996788025,231.998809814,525.350463867,1406.68493652,558.777893066,335.102355957,1177.14782715,2237.35424805,1118.71838379,1403.79919434,924.739868164,570.424865723,912.557006836,416.082611084,212.101486206,126.517547607,86.0148239136,91.6487503052,73.778755188,119.10749054,172.636688232,118.126358032,39.6576957703,29.1686401367,8.80985641479,5.2285861969,3.70922803879,2.81400632858,2.20047998428,1.76466941833,0.539777457714,0.0866092219949,0.142928704619,0.0334690511227,0.00392060726881,0.000286978756776,0.0000175637178472],"dvar2":[8.41530799866,43.109085083,140.096801758,158.235900879,647.747497559,1335.09472656,3184.00854492,1487.02075195,851.929931641,2680.94238281,4760.62011719,2736.09790039,3524.23754883,2396.51342773,1521.3704834,2385.40649414,1095.92834473,560.637573242,335.244384766,202.48399353,214.942703247,167.572738647,265.943786621,401.105743408,273.113372803,79.5193862915,64.359916687,17.8324546814,11.3527383804,8.14464950562,5.99457597733,4.70423126221,4.08492994308,1.19167101383,0.194284677505,0.324019283056,0.0694752261043,0.00763453589752,0.000556173443329,0.0000424586651206],"max":[26.362493515,57.1830558777,111.46181488,143.83644104,240.105270386,422.256896973,866.852416992,658.23425293,490.654846191,813.146057129,1494.10888672,1396.16430664,1462.68994141,834.845581055,572.830932617,1036.62304688,515.164001465,493.566436768,527.214477539,565.175476074,402.25390625,339.642791748,462.516204834,846.711975098,767.30456543,275.42666626,324.334014893,129.450332642,57.6770248413,36.2933006287,35.3049736023,48.9926528931,48.2963676453,24.5049190521,11.0789518356,14.5988931656,6.3132147789,1.8558832407,0.432294487953,0.0986252874136],"mean":[1.54311311245,4.16936445236,6.99479150772,7.84646368027,12.7855062485,21.9913692474,31.3264446259,19.3807449341,19.9833335876,34.0933189392,43.7145881653,24.2642059326,23.4447517395,23.1000232697,22.6429347992,26.3413715363,20.5166034698,14.5286893845,9.51227378845,6.74923801422,5.25966930389,3.88540410995,4.08476066589,4.19186115265,3.60937380791,3.15444946289,3.11591792107,1.96878862381,1.4417334795,1.04388833046,0.797881305218,0.590645730495,0.389247119427,0.207331359386,0.0787286758423,0.0888244882226,0.0553522855043,0.0259574372321,0.0117793120444,0.0127606233582],"median":[0.87308883667,2.48836755753,4.22479772568,4.59606361389,5.93575191498,10.6880893707,11.0751562119,9.08854007721,10.1080932617,14.8343086243,15.5872573853,11.2817344666,10.3862724304,9.80896759033,8.97622966766,8.758477211,7.66498470306,5.54569292068,3.81291341782,2.60964822769,1.92922055721,1.4455435276,1.21242213249,1.0284512043,0.794725000858,0.795640349388,0.604753732681,0.445716500282,0.313150525093,0.167059749365,0.0811329483986,0.0446075648069,0.0190596319735,0.00831769779325,0.00281604938209,0.00383918918669,0.00451349560171,0.00524138472974,0.0049190223217,0.00647010840476],"min":[9.12917549829e-23,3.63409892219e-22,1.91446853223e-21,5.50378029935e-21,1.60058495333e-20,2.43825169573e-20,4.2874910186e-20,7.10575675788e-20,1.33150965935e-19,1.56079779204e-19,2.1633323061e-19,4.18570709046e-19,4.90537335193e-19,8.9812541215e-19,9.55709176902e-19,1.38130538938e-18,1.43460973524e-18,1.51762940722e-18,1.96948581242e-18,2.68048415165e-18,3.82650856235e-18,4.16280959373e-18,4.22923509205e-18,4.44437484321e-18,7.04035505066e-18,8.39600894887e-18,9.11765455015e-18,1.12347331653e-17,1.01999839857e-17,1.00987734747e-17,1.05369674411e-17,9.2230836823e-18,9.35582631828e-18,8.16455802321e-18,5.78701057293e-18,4.07748425918e-18,2.09034124261e-18,8.75035182338e-19,2.49025179102e-19,2.72202327501e-20],"var":[3.81994748116,26.404335022,77.0786209106,93.4612960815,391.750946045,1085.12658691,3374.06201172,1271.8425293,918.877685547,3336.97314453,7525.19775391,1956.46105957,2240.50146484,1742.38293457,1590.46801758,2831.57446289,1091.62866211,671.512573242,342.581604004,278.658050537,232.712219238,175.077758789,288.442901611,404.395507812,317.524230957,103.202331543,74.3262176514,21.3385219574,10.652176857,6.77001905441,5.02592658997,3.77484416962,2.55357027054,0.835175693035,0.12970867753,0.214597985148,0.061200093478,0.00839648488909,0.000708809588104,0.00020018973737]},"erbbands_crest":{"dmean":2.72466683388,"dmean2":4.50934791565,"dvar":6.43764925003,"dvar2":15.8510437012,"max":31.2839508057,"mean":9.1441783905,"median":8.15778923035,"min":1.94568037987,"var":17.5022773743},"erbbands_flatness_db":{"dmean":0.0349185578525,"dmean2":0.0595817044377,"dvar":0.00165851449128,"dvar2":0.0040841717273,"max":0.470188289881,"mean":0.161050006747,"median":0.161787196994,"min":0.0299386158586,"var":0.00356695172377},"erbbands_kurtosis":{"dmean":2.49609661102,"dmean2":4.16546916962,"dvar":75.1554794312,"dvar2":199.541854858,"max":197.388931274,"mean":2.55299830437,"median":0.716178655624,"min":-1.84599649906,"var":85.1743927002},"erbbands_skewness":{"dmean":0.481754899025,"dmean2":0.782418608665,"dvar":0.377160251141,"dvar2":0.963824391365,"max":9.8461971283,"mean":0.689876914024,"median":0.60556948185,"min":-3.70734095573,"var":1.04078996181},"erbbands_spread":{"dmean":8.98050117493,"dmean2":14.263130188,"dvar":152.094116211,"dvar2":340.342010498,"max":165.764221191,"mean":30.3580722809,"median":24.4232673645,"min":1.1077119112,"var":452.170440674},"gfcc":{"cov":[[27251.5585938,663.05279541,-2736.49414062,441.878082275,-253.22366333,-601.627685547,45.6323127747,-423.907470703,248.357025146,471.05960083,247.551071167,420.381500244,78.8239059448],[663.05279541,1830.12988281,-286.740112305,-629.480712891,310.723083496,-358.497497559,222.852218628,-427,259.545043945,-109.523674011,116.142349243,-112.535369873,82.994392395],[-2736.49414062,-286.740112305,972.041015625,308.194061279,-64.6347732544,256.233734131,-99.2770614624,273.823852539,-51.8088684082,7.46057796478,-21.1524925232,-0.278233230114,-1.98530519009],[441.878082275,-629.480712891,308.194061279,661.740112305,21.5815982819,127.38911438,-14.5991945267,220.171798706,-42.2031440735,60.1495285034,3.36222600937,109.943641663,-22.8029403687],[-253.22366333,310.723083496,-64.6347732544,21.5815982819,315.962158203,-57.0296936035,121.18270874,-79.6593475342,84.96925354,-57.0456085205,54.2919654846,12.1053247452,39.9074821472],[-601.627685547,-358.497497559,256.233734131,127.38911438,-57.0296936035,314.411132812,-42.6970977783,197.018753052,-117.92276001,1.14764738083,-27.6404247284,31.8130931854,-3.65483164787],[45.6323127747,222.852218628,-99.2770614624,-14.5991945267,121.18270874,-42.6970977783,192.338287354,-46.6868400574,72.0098876953,-41.9294395447,17.8651256561,8.9021062851,17.5828666687],[-423.907470703,-427,273.823852539,220.171798706,-79.6593475342,197.018753052,-46.6868400574,294.931640625,-40.5336074829,29.1436271667,-25.1799240112,35.8503379822,-8.6138010025],[248.357025146,259.545043945,-51.8088684082,-42.2031440735,84.96925354,-117.92276001,72.0098876953,-40.5336074829,167.433853149,28.1176395416,33.0088882446,1.94483757019,13.1085281372],[471.05960083,-109.523674011,7.46057796478,60.1495285034,-57.0456085205,1.14764738083,-41.9294395447,29.1436271667,28.1176395416,106.665382385,29.184337616,15.32417202,-6.26782178879],[247.551071167,116.142349243,-21.1524925232,3.36222600937,54.2919654846,-27.6404247284,17.8651256561,-25.1799240112,33.0088882446,29.184337616,77.6417922974,32.9094085693,13.2896795273],[420.381500244,-112.535369873,-0.278233230114,109.943641663,12.1053247452,31.8130931854,8.9021062851,35.8503379822,1.94483757019,15.32417202,32.9094085693,91.0293426514,24.5823059082],[78.8239059448,82.994392395,-1.98530519009,-22.8029403687,39.9074821472,-3.65483164787,17.5828666687,-8.6138010025,13.1085281372,-6.26782178879,13.2896795273,24.5823059082,63.6044502258]],"icov":[[0.0000979435426416,-0.000233610335272,0.000438980583567,-0.000433890731074,0.000338097219355,-0.000192218125449,0.000216825661482,-0.0000172476684384,-0.000122596771689,-0.000147822182043,0.0000115468519652,-0.00013507422409,-0.000183367912541],[-0.000233610335272,0.00254009058699,-0.00135654245969,0.00184941780753,-0.000727142847609,0.000310305797029,-0.00105804484338,0.00155234674457,-0.0018481471343,0.00236967904493,-0.00312489597127,0.0025402023457,-0.0011418776121],[0.000438980583567,-0.00135654245969,0.00413907971233,-0.00361616862938,0.00271518155932,-0.00287840259261,0.00245949812233,-0.00045934546506,-0.00250621256419,0.00169125385582,-0.00188473879825,0.0023556498345,-0.00238573015667],[-0.000433890731074,0.00184941780753,-0.00361616862938,0.00701511558145,-0.00493626669049,0.00393708096817,-0.00280063948594,-0.00213870871812,0.00407658750191,-0.00404624873772,0.00356505694799,-0.00572406174615,0.00456309039146],[0.000338097219355,-0.000727142847609,0.00271518155932,-0.00493626669049,0.0100068161264,-0.00429494306445,0.000554216327146,0.00294055510312,-0.00672200601548,0.00805813167244,-0.0084007512778,0.00584781169891,-0.0057608964853],[-0.000192218125449,0.000310305797029,-0.00287840259261,0.00393708096817,-0.00429494306445,0.0113208806142,-0.00312096439302,-0.00615799054503,0.0096940966323,-0.00566297257319,0.00497320387512,-0.006086722482,0.00328643457033],[0.000216825661482,-0.00105804484338,0.00245949812233,-0.00280063948594,0.000554216327146,-0.00312096439302,0.010062831454,0.000835583952721,-0.00568966567516,0.00512049812824,-0.00154241721611,0.000976933748461,-0.0013891889248],[-0.0000172476684384,0.00155234674457,-0.00045934546506,-0.00213870871812,0.00294055510312,-0.00615799054503,0.000835583952721,0.0106634516269,-0.00657284865156,0.00384377338924,-0.00287755555473,0.00332918553613,-0.00272304564714],[-0.000122596771689,-0.0018481471343,-0.00250621256419,0.00407658750191,-0.00672200601548,0.0096940966323,-0.00568966567516,-0.00657284865156,0.0206399410963,-0.0139236049727,0.00888035912067,-0.00873757433146,0.00529973488301],[-0.000147822182043,0.00236967904493,0.00169125385582,-0.00404624873772,0.00805813167244,-0.00566297257319,0.00512049812824,0.00384377338924,-0.0139236049727,0.0265699867159,-0.0178681500256,0.0112204989418,-0.00569829903543],[0.0000115468519652,-0.00312489597127,-0.00188473879825,0.00356505694799,-0.0084007512778,0.00497320387512,-0.00154241721611,-0.00287755555473,0.00888035912067,-0.0178681500256,0.0335850305855,-0.0189371388406,0.00758649129421],[-0.00013507422409,0.0025402023457,0.0023556498345,-0.00572406174615,0.00584781169891,-0.006086722482,0.000976933748461,0.00332918553613,-0.00873757433146,0.0112204989418,-0.0189371388406,0.0305085591972,-0.0138917844743],[-0.000183367912541,-0.0011418776121,-0.00238573015667,0.00456309039146,-0.0057608964853,0.00328643457033,-0.0013891889248,-0.00272304564714,0.00529973488301,-0.00569829903543,0.00758649129421,-0.0138917844743,0.0249495990574]],"mean":[-49.4461097717,124.824516296,-57.7276229858,1.84504973888,-20.5220317841,-6.30743265152,3.17465043068,-13.8922138214,-0.668376147747,-5.9369931221,-2.12114667892,-4.5183095932,-4.71721839905]},"hfc":{"dmean":56.5323867798,"dmean2":87.5715408325,"dvar":6616.08789062,"dvar2":14393.1816406,"max":2873.54150391,"mean":210.737213135,"median":131.89855957,"min":1.08968922545e-16,"var":53422.96875},"melbands":{"dmean":[0.00809485651553,0.00302820256911,0.000987546169199,0.000735960958991,0.0006749300519,0.000258508720435,0.000162427721079,0.000235764891841,0.000167388789123,0.0000894435579539,0.000074581213994,0.0000569277508475,0.0000416905495513,0.0000429568244726,0.0000336789562425,0.0000218808254431,0.000013959318494,0.00000919667218113,0.00000627038753009,0.00000426461883762,0.00000341293002748,0.00000263354058916,0.00000218698733079,0.00000243331078309,0.00000223221354645,0.00000184016857929,0.00000146604884321,0.00000126175302739,0.00000122779522371,8.49285981985e-7,6.80542143527e-7,5.55971837457e-7,4.66414093125e-7,4.05722801133e-7,3.55240757699e-7,3.17509375236e-7,2.71558462828e-7,2.40144061081e-7,2.00895300395e-7,1.43170680644e-7],"dmean2":[0.0135603174567,0.00514850672334,0.0016990811564,0.00123499985784,0.0010638552485,0.000425142818131,0.000262834364548,0.00035985786235,0.000254473445239,0.000145976664498,0.000120871794934,0.0000926871871343,0.0000688639556756,0.0000712510445737,0.0000549131400476,0.0000363819199265,0.0000231072936003,0.0000154392473632,0.0000104069467852,0.0000070250139288,0.00000567031520404,0.0000043127815843,0.00000362040623259,0.00000385468774766,0.00000350224127033,0.00000284623479274,0.00000227057080338,0.00000196090513782,0.00000189403294826,0.00000132320178636,0.00000104179935079,8.65319805143e-7,7.30361250589e-7,6.34680020539e-7,5.50406753064e-7,4.9072150432e-7,4.15391241404e-7,3.75554520815e-7,3.1488761465e-7,2.26204647902e-7],"dvar":[0.000132323912112,0.0000157535851031,0.00000184199348041,0.00000131571664497,0.00000167081748259,2.54485570395e-7,7.22036475054e-8,2.14520952113e-7,1.10395454556e-7,4.66181226955e-8,3.68095740555e-8,1.68356564245e-8,7.01738578357e-9,1.07743103328e-8,5.61256152665e-9,1.6894314836e-9,9.04293251391e-10,4.24031504354e-10,3.34616306885e-10,1.50913587182e-10,1.40258443748e-10,1.01262442875e-10,7.6344180977e-11,1.50941398269e-10,1.31804747672e-10,1.15619368246e-10,3.80751367934e-11,1.91364667168e-11,1.6263410757e-11,5.73315266789e-12,3.16407425434e-12,2.02316939243e-12,1.38922846751e-12,1.19397514878e-12,9.98674342008e-13,9.30999743444e-13,8.51002102988e-13,9.60789390755e-13,7.46936800605e-13,3.26429421688e-13],"dvar2":[0.000358807708835,0.0000409035892517,0.00000504541003465,0.00000356779651156,0.00000383683254768,6.74160162362e-7,1.83010413934e-7,4.77984315239e-7,2.3925153414e-7,1.15195511796e-7,9.30491594886e-8,4.37429292788e-8,1.86604225405e-8,2.87237664764e-8,1.45029588339e-8,4.50292958476e-9,2.39475017594e-9,1.15452203353e-9,8.00623733976e-10,3.60531826615e-10,3.35179106692e-10,2.40639536075e-10,1.82114170966e-10,3.48086504065e-10,3.18268411625e-10,2.91338703162e-10,8.44658232246e-11,4.00121949462e-11,3.70936649452e-11,1.21866527286e-11,6.90795814648e-12,4.54697998004e-12,3.13843395716e-12,2.65716398537e-12,2.15560967513e-12,2.04637023472e-12,1.83237561409e-12,2.26405721428e-12,1.74390059685e-12,7.19843238836e-13],"max":[0.177692323923,0.0673142820597,0.0197046045214,0.0221637673676,0.027882700786,0.0134936068207,0.00632002064958,0.0137486178428,0.00991508830339,0.00874030869454,0.00716814724728,0.00334692304023,0.00216546398588,0.00371215865016,0.00214130361564,0.000706299848389,0.00106478517409,0.000799502304289,0.00126116583124,0.000528490985744,0.000500084250234,0.000396817311412,0.00037502500345,0.000565965659916,0.000746635894757,0.00085119396681,0.000285121583147,0.00019558990607,0.000198252892005,0.000153069311637,0.0000816539177322,0.0000421441545768,0.0000240887929976,0.0000222612507059,0.0000226119991567,0.0000246308864007,0.0000341703816957,0.000033180534956,0.0000319120081258,0.0000211371607293],"mean":[0.0122726261616,0.00430560065433,0.00150560110342,0.00120262161363,0.0011499124812,0.000437518989202,0.000305144902086,0.000442028191173,0.000317511643516,0.0001471539872,0.000116643328511,0.0000948425731622,0.0000746363366488,0.0000770010301494,0.0000593575969106,0.0000380918681913,0.0000257936917478,0.0000159322480613,0.0000110390628834,0.00000753888025429,0.00000558464080314,0.00000400267163059,0.00000348558592123,0.00000379890752811,0.00000335832896781,0.00000279101550404,0.00000226340443987,0.00000207290668186,0.00000216246485252,0.00000140568522511,0.00000105082085611,8.38635230593e-7,6.71213228998e-7,5.44868555608e-7,4.66226708795e-7,4.07709336514e-7,3.42742794146e-7,2.81574216388e-7,2.28226582522e-7,1.58148196761e-7],"median":[0.00755381770432,0.00273883109912,0.000914400967304,0.000638242461719,0.00043529929826,0.000206404045457,0.000151899657794,0.000172194559127,0.000118022362585,0.0000645777981845,0.0000491701139254,0.0000393607479054,0.0000295580466627,0.0000238957218244,0.0000195754073502,0.0000135665359267,0.00000900861778064,0.0000059971380324,0.00000361007460015,0.00000290788830171,0.00000188876674656,0.00000142574447182,0.00000111629151434,9.85394535746e-7,7.85290978911e-7,5.8166369854e-7,4.86869112137e-7,4.9708626193e-7,3.90168793274e-7,2.90287971438e-7,2.29956754083e-7,1.82057505071e-7,1.28137628508e-7,6.94184620897e-8,4.62477771634e-8,3.59411203021e-8,2.37733601693e-8,1.39014479927e-8,9.06884967122e-9,5.84932502434e-9],"min":[9.58946711958e-25,6.95086889354e-25,1.73403420438e-24,1.02926961875e-24,1.78959170578e-24,1.51746841729e-24,2.2774650992e-24,1.40298695057e-24,1.34720560988e-24,2.10710683963e-24,2.56996210108e-24,3.17122853038e-24,2.66425148964e-24,2.19900657129e-24,2.10205596047e-24,2.1102344759e-24,2.94431998796e-24,2.7097535783e-24,3.01916553292e-24,3.56906784818e-24,3.72116180843e-24,4.04647857941e-24,2.18463845598e-24,3.49209001219e-24,2.3274065026e-24,4.37626030312e-24,3.97522826802e-24,3.81063638445e-24,5.28898854211e-24,5.16972697273e-24,5.77047728979e-24,4.19732416728e-24,5.80280165424e-24,5.13872237257e-24,4.82522116023e-24,5.36446872567e-24,5.16188963964e-24,5.21914161427e-24,5.991665999e-24,5.83608054039e-24],"var":[0.000198197492864,0.0000270658256341,0.00000321835750583,0.00000255688200923,0.00000413420821133,5.9691461729e-7,2.04864875286e-7,6.69336486681e-7,3.5812146848e-7,8.03853978937e-8,5.74737129e-8,3.06589882371e-8,1.679763173e-8,2.82832814946e-8,1.41379246088e-8,3.78204312312e-9,2.63003907541e-9,9.86088766197e-10,9.34028521193e-10,3.70869140953e-10,3.24878624003e-10,2.00031019526e-10,1.77340322982e-10,3.25138443946e-10,2.73242678483e-10,2.35505531743e-10,9.75982974993e-11,4.3331817301e-11,3.90591378685e-11,1.38288269724e-11,6.40195231896e-12,3.84866964687e-12,2.51416400719e-12,2.04457522961e-12,1.71478662433e-12,1.54921485796e-12,1.41187582459e-12,1.33389490859e-12,1.04561433296e-12,4.99708672878e-13]},"melbands_crest":{"dmean":4.74234962463,"dmean2":8.01206016541,"dvar":15.5195913315,"dvar2":41.8342056274,"max":39.3059082031,"mean":20.9291362762,"median":20.3098487854,"min":1.67340183258,"var":70.4460983276},"melbands_flatness_db":{"dmean":0.0541497841477,"dmean2":0.0922918468714,"dvar":0.00356367300265,"dvar2":0.00906945485622,"max":0.925985634327,"mean":0.355577617884,"median":0.338656634092,"min":0.00365709979087,"var":0.0121379541233},"melbands_kurtosis":{"dmean":30.7398319244,"dmean2":51.5826339722,"dvar":6257.06201172,"dvar2":17232.8632812,"max":1644.29418945,"mean":43.6073989868,"median":14.0865373611,"min":-1.61567485332,"var":8511.29492188},"melbands_skewness":{"dmean":1.42108714581,"dmean2":2.29962277412,"dvar":3.95179247856,"dvar2":10.0564908981,"max":30.9266357422,"mean":4.02028751373,"median":3.08475494385,"min":-0.62719553709,"var":10.3608989716},"melbands_spread":{"dmean":2.65419197083,"dmean2":4.36649465561,"dvar":12.7251663208,"dvar2":31.3071060181,"max":174.193557739,"mean":8.35315895081,"median":6.08669900894,"min":0.100453116,"var":170.827285767},"mfcc":{"cov":[[13438.6435547,1156.28344727,-1365.29443359,16.9154071808,-627.96484375,159.069793701,-178.534591675,-282.828613281,-255.503829956,31.3854789734,23.7919807434,161.942977905,97.7303695679],[1156.28344727,2728.81542969,-562.866088867,-222.521820068,-183.060699463,123.818511963,-150.250701904,-173.239318848,-37.3055648804,-17.4796104431,9.01209831238,48.3352127075,-4.65227651596],[-1365.29443359,-562.866088867,1003.59405518,153.782424927,237.345855713,-49.7050476074,109.23690033,123.984741211,81.1072540283,63.0662879944,58.0332298279,2.40691494942,19.027633667],[16.9154071808,-222.521820068,153.782424927,408.618011475,92.6296157837,48.7101669312,36.1407775879,76.3044586182,21.0579280853,30.1202335358,13.7124614716,25.0610580444,20.5935306549],[-627.96484375,-183.060699463,237.345855713,92.6296157837,228.017684937,11.6900501251,71.4290161133,79.1539154053,31.5194759369,12.1821432114,13.8790950775,-2.25404167175,19.4260845184],[159.069793701,123.818511963,-49.7050476074,48.7101669312,11.6900501251,122.176483154,41.0358085632,15.6644563675,-3.71252679825,-14.6485042572,-11.7402715683,10.2237730026,8.72592163086],[-178.534591675,-150.250701904,109.23690033,36.1407775879,71.4290161133,41.0358085632,146.791412354,97.3662338257,22.922454834,-7.33480262756,-11.3018598557,-10.8964548111,18.6113700867],[-282.828613281,-173.239318848,123.984741211,76.3044586182,79.1539154053,15.6644563675,97.3662338257,177.729949951,62.7082862854,18.6438426971,-11.4008808136,-8.52608203888,14.6422948837],[-255.503829956,-37.3055648804,81.1072540283,21.0579280853,31.5194759369,-3.71252679825,22.922454834,62.7082862854,98.1151504517,36.2682723999,4.87051296234,-6.80207824707,3.43851113319],[31.3854789734,-17.4796104431,63.0662879944,30.1202335358,12.1821432114,-14.6485042572,-7.33480262756,18.6438426971,36.2682723999,76.8693008423,37.3873786926,10.3216686249,1.63204193115],[23.7919807434,9.01209831238,58.0332298279,13.7124614716,13.8790950775,-11.7402715683,-11.3018598557,-11.4008808136,4.87051296234,37.3873786926,66.9793777466,30.8473777771,8.54187774658],[161.942977905,48.3352127075,2.40691494942,25.0610580444,-2.25404167175,10.2237730026,-10.8964548111,-8.52608203888,-6.80207824707,10.3216686249,30.8473777771,63.5612030029,27.3250675201],[97.7303695679,-4.65227651596,19.027633667,20.5935306549,19.4260845184,8.72592163086,18.6113700867,14.6422948837,3.43851113319,1.63204193115,8.54187774658,27.3250675201,53.5735816956]],"icov":[[0.000102912759758,-0.0000123382696984,0.0000945861902437,-0.0000652297167107,0.00021780836687,-0.0000568308132642,-0.0000721431642887,0.0000254084807239,0.000224572911975,-0.000257911829976,0.000022904967409,-0.0000724635247025,-0.000222180708079],[-0.0000123382696984,0.000487284967676,0.000151370055391,0.000260873901425,-0.00000894031745702,-0.00068725948222,0.000425272766734,0.000138178686029,-0.00023411710572,-0.0000239450127992,-0.000151324144099,-0.000182298623258,-0.0000266778370133],[0.0000945861902437,0.000151370055391,0.00170623965096,-0.000299307866953,-0.000987819745205,0.000734591449145,-0.000821957597509,0.000188270569197,-0.000423632445745,-0.000457625283161,-0.000904908811208,-0.000136671354994,0.0000774001600803],[-0.0000652297167107,0.000260873901425,-0.000299307866953,0.00335578457452,-0.000918470264878,-0.00176698889118,0.00118033308536,-0.0012458008714,0.00051658123266,-0.00110145693179,0.000491836341098,-0.00104664603714,-0.000034891658288],[0.00021780836687,-0.00000894031745702,-0.000987819745205,-0.000918470264878,0.00745246745646,-0.000539515051059,-0.0012345922878,-0.00120942015201,0.000282232591417,0.000593597535044,-0.00189950596541,0.0015826523304,-0.00208976119757],[-0.0000568308132642,-0.00068725948222,0.000734591449145,-0.00176698889118,-0.000539515051059,0.0119928689674,-0.00494319200516,0.00130357115995,-0.000469907594379,0.00112492637709,0.00210807542317,-0.00310275144875,0.00130787864327],[-0.0000721431642887,0.000425272766734,-0.000821957597509,0.00118033308536,-0.0012345922878,-0.00494319200516,0.0146780246869,-0.0069823730737,0.00121665094048,0.00248439982533,-0.001689731027,0.00395076815039,-0.00383063568734],[0.0000254084807239,0.000138178686029,0.000188270569197,-0.0012458008714,-0.00120942015201,0.00130357115995,-0.0069823730737,0.012717584148,-0.00537444045767,-0.00204328331165,0.00376297859475,-0.00156804616563,0.000160675685038],[0.000224572911975,-0.00023411710572,-0.000423632445745,0.00051658123266,0.000282232591417,-0.000469907594379,0.00121665094048,-0.00537444045767,0.0169523637742,-0.00782530941069,0.00184554024599,0.00184359226841,-0.00154192233458],[-0.000257911829976,-0.0000239450127992,-0.000457625283161,-0.00110145693179,0.000593597535044,0.00112492637709,0.00248439982533,-0.00204328331165,-0.00782530941069,0.0247430615127,-0.0136337690055,0.00243711960502,0.00103049003519],[0.000022904967409,-0.000151324144099,-0.000904908811208,0.000491836341098,-0.00189950596541,0.00210807542317,-0.001689731027,0.00376297859475,0.00184554024599,-0.0136337690055,0.0301517304033,-0.0135371629149,0.00237539107911],[-0.0000724635247025,-0.000182298623258,-0.000136671354994,-0.00104664603714,0.0015826523304,-0.00310275144875,0.00395076815039,-0.00156804616563,0.00184359226841,0.00243711960502,-0.0135371629149,0.0297334194183,-0.013644839637],[-0.000222180708079,-0.0000266778370133,0.0000774001600803,-0.000034891658288,-0.00208976119757,0.00130787864327,-0.00383063568734,0.000160675685038,-0.00154192233458,0.00103049003519,0.00237539107911,-0.013644839637,0.0275347586721]],"mean":[-710.249816895,178.819335938,19.4923782349,29.5214881897,0.486453413963,18.8361930847,6.90767049789,7.75907468796,3.22102165222,6.15966939926,2.81988501549,5.37707662582,0.564711749554]},"pitch_salience":{"dmean":0.0947470963001,"dmean2":0.160403385758,"dvar":0.00630320003256,"dvar2":0.0172700770199,"max":0.851647436619,"mean":0.452173560858,"median":0.465820729733,"min":0.0466104447842,"var":0.0255936961621},"silence_rate_20dB":{"dmean":0.00151137309149,"dmean2":0.00302297458984,"dvar":0.00150905374903,"dvar2":0.0043738828972,"max":1,"mean":0.999168813229,"median":1,"min":0,"var":0.000830550678074},"silence_rate_30dB":{"dmean":0.132547423244,"dmean2":0.265114873648,"dvar":0.114984512329,"dvar2":0.244417518377,"max":1,"mean":0.677497327328,"median":1,"min":0,"var":0.218487486243},"silence_rate_60dB":{"dmean":0.000453411921626,"dmean2":0.000906892353669,"dvar":0.00045320589561,"dvar2":0.0010571613675,"max":1,"mean":0.0457911454141,"median":0,"min":0,"var":0.0436946973205},"spectral_centroid":{"dmean":149.586380005,"dmean2":236.326705933,"dvar":64553.765625,"dvar2":133471.65625,"max":11612.6035156,"mean":682.197570801,"median":516.763793945,"min":76.1956634521,"var":1068579.625},"spectral_complexity":{"dmean":2.36046242714,"dmean2":3.75377869606,"dvar":6.17991781235,"dvar2":12.7778377533,"max":61,"mean":13.586066246,"median":14,"min":0,"var":57.567615509},"spectral_contrast_coeffs":{"dmean":[0.0559266209602,0.0513433367014,0.0427071452141,0.0365938693285,0.0275131743401,0.0358487665653],"dmean2":[0.0942824035883,0.0861024335027,0.0726303160191,0.0626456514001,0.0475712642074,0.062217656523],"dvar":[0.00186584179755,0.00168112700339,0.00135589903221,0.00107190199196,0.000755802553613,0.00135713350028],"dvar2":[0.00527188414708,0.0046448293142,0.00378475780599,0.00294787250459,0.0020473129116,0.00346881407313],"max":[-0.374907195568,-0.41801571846,-0.402795165777,-0.576891005039,-0.644770503044,-0.510965704918],"mean":[-0.687520861626,-0.759683668613,-0.79594451189,-0.809949398041,-0.839806973934,-0.769754707813],"median":[-0.691197931767,-0.763588070869,-0.799594402313,-0.811765432358,-0.837104439735,-0.772860407829],"min":[-0.981988847256,-0.976503372192,-0.974377810955,-0.991254985332,-0.97969275713,-0.964743852615],"var":[0.00691053178161,0.00490333139896,0.00459751393646,0.00385661912151,0.00202268059365,0.00432665552944]},"spectral_contrast_valleys":{"dmean":[0.420811921358,0.458826571703,0.455102324486,0.500532448292,0.557961344719,0.856677114964],"dmean2":[0.709539175034,0.780373871326,0.777026295662,0.86547100544,0.957840204239,1.51275122166],"dvar":[0.133417502046,0.236251413822,0.290452092886,0.42110362649,0.549209833145,0.913008093834],"dvar2":[0.349769383669,0.614178001881,0.731431007385,1.07190418243,1.32819151878,2.12644815445],"max":[-4.60337781906,-4.52501487732,-5.00155591965,-5.82275104523,-5.43320655823,-7.78480434418],"mean":[-6.60981655121,-6.74062538147,-7.49965620041,-8.33681297302,-8.66039276123,-11.5475130081],"median":[-6.19014453888,-6.21930217743,-7.00980472565,-7.75126552582,-8.1809463501,-11.475684166],"min":[-28.0383968353,-27.9274234772,-27.7777042389,-27.6566181183,-27.4915771484,-27.3944625854],"var":[5.36118125916,5.49165582657,5.12279605865,5.26118135452,5.22085046768,4.24546527863]},"spectral_decrease":{"dmean":8.92084539572e-9,"dmean2":1.44950078607e-8,"dvar":1.23228483984e-16,"dvar2":3.22866327832e-16,"max":1.72079097638e-8,"mean":-1.83239308171e-8,"median":-1.36673250495e-8,"min":-1.63773421491e-7,"var":2.81670033409e-16},"spectral_energy":{"dmean":0.0338899567723,"dmean2":0.0549751780927,"dvar":0.00175940606277,"dvar2":0.00460995454341,"max":0.626933217049,"mean":0.0882730707526,"median":0.0753913670778,"min":9.78132107835e-21,"var":0.00407075230032},"spectral_energyband_high":{"dmean":0.000184688280569,"dmean2":0.000270894815912,"dvar":2.37458138486e-7,"dvar2":4.68768007522e-7,"max":0.0127517934889,"mean":0.000337247882271,"median":0.000109297892777,"min":6.9863957264e-21,"var":5.63473804505e-7},"spectral_energyband_low":{"dmean":0.0297992471606,"dmean2":0.0493576973677,"dvar":0.00154060882051,"dvar2":0.00410954654217,"max":0.593939304352,"mean":0.0530361533165,"median":0.0365290567279,"min":1.47219841151e-23,"var":0.00275183375925},"spectral_energyband_middle_high":{"dmean":0.00106669974048,"dmean2":0.00169470719993,"dvar":0.00000307099912789,"dvar2":0.00000761377532399,"max":0.0340049080551,"mean":0.00303728599101,"median":0.00163491116837,"min":1.15787736442e-21,"var":0.0000147073506014},"spectral_energyband_middle_low":{"dmean":0.00629868311808,"dmean2":0.0100496215746,"dvar":0.0000687125502736,"dvar2":0.000174080210854,"max":0.132087379694,"mean":0.0168766416609,"median":0.0119189955294,"min":1.68974624365e-22,"var":0.000273654441116},"spectral_entropy":{"dmean":0.358185708523,"dmean2":0.611504256725,"dvar":0.206426113844,"dvar2":0.504180729389,"max":9.82434272766,"mean":7.03091287613,"median":7.04280614853,"min":3.72087216377,"var":0.49039414525},"spectral_flux":{"dmean":0.0422893129289,"dmean2":0.0688764229417,"dvar":0.00186544994358,"dvar2":0.00464393990114,"max":0.58945441246,"mean":0.14432220161,"median":0.140756547451,"min":6.40418412745e-11,"var":0.00443152105436},"spectral_kurtosis":{"dmean":11.3927640915,"dmean2":19.4983673096,"dvar":538.726074219,"dvar2":1448.67431641,"max":551.165893555,"mean":25.9651622772,"median":19.1141281128,"min":-1.26233637333,"var":825.424316406},"spectral_rms":{"dmean":0.00167520716786,"dmean2":0.00268026487902,"dvar":0.00000272858642347,"dvar2":0.00000700705822965,"max":0.0247313994914,"mean":0.00859381817281,"median":0.00857627857476,"min":3.08913463386e-12,"var":0.0000122669680422},"spectral_rolloff":{"dmean":2766.77832031,"dmean2":5410.55615234,"dvar":44946464,"dvar2":120420720,"max":22006.9335938,"mean":8157.66308594,"median":602.9296875,"min":21.533203125,"var":103576224},"spectral_skewness":{"dmean":0.767518401146,"dmean2":1.29517650604,"dvar":1.49086582661,"dvar2":3.80511260033,"max":19.865228653,"mean":3.46347975731,"median":3.19389557838,"min":-0.0553732812405,"var":3.11406159401},"spectral_spread":{"dmean":863991.125,"dmean2":1463778.875,"dvar":1024006488060,"dvar2":2279681032190,"max":43295444,"mean":4304875,"median":3516652,"min":337853.65625,"var":14566710837200},"spectral_strongpeak":{"dmean":3.9814889431,"dmean2":7.33516073227,"dvar":362.434051514,"dvar2":944.780029297,"max":408.02331543,"mean":3.851593256,"median":0.284693568945,"min":0,"var":416.793518066},"zerocrossingrate":{"dmean":0.0388788543642,"dmean2":0.0506423525512,"dvar":0.00108695286326,"dvar2":0.00177161453757,"max":0.67529296875,"mean":0.21191509068,"median":0.18505859375,"min":0.0009765625,"var":0.0157387088984}},"metadata":{"audio_properties":{"analysis_sample_rate":44100,"bit_rate":863843,"codec":"alac","downmix":"mix","equal_loudness":0,"length":307.253326416,"lossless":true,"md5_encoded":"16ac4f518b6350d9aa50a32d42d5b00d","replay_gain":-6.88327407837,"sample_rate":44100},"tags":{"album":["Delta Machine"],"albumartistsort":["Depeche Mode"],"artist":["Depeche Mode"],"artistsort":["Depeche Mode"],"date":["2013-03-22"],"file_name":"16 - Always.m4a","isrc":["USQX91300037"],"label":["Venusnote Ltd"],"language":["eng"],"media":["Digital Media"],"mixer":["Flood"],"musicbrainz_albumartistid":["8538e728-ca0b-4321-b7e5-cff6565dd4c0"],"musicbrainz_albumid":["a1897ff1-c34f-495e-9d71-960d409b96df"],"musicbrainz_artistid":["8538e728-ca0b-4321-b7e5-cff6565dd4c0"],"musicbrainz_recordingid":["852f83c4-13aa-4516-988e-546f583a03a0"],"musicbrainz_releasegroupid":["b5d1452c-fd48-4313-a5b2-a4a287c54140"],"musicbrainz_workid":["43a49158-e259-43bf-8241-6e0b7da4b6ac"],"producer":["Ben Hillier"],"script":["Latn"],"title":["Always"],"tracknumber":["16/17"]},"version":{"essentia":"2.1-beta1","essentia_build_sha":"ca57ba49d9b1854bd80e60cf9ccf267278fb7d6b","essentia_git_sha":"v2.1_beta1-28-g21ef5f4-dirty","extractor":"music 1.0"}},"rhythm":{"beats_count":664,"beats_loudness":{"dmean":0.0534709393978,"dmean2":0.0930679738522,"dvar":0.00232487823814,"dvar2":0.00682942941785,"max":0.353598952293,"mean":0.113316491246,"median":0.106034591794,"min":0,"var":0.0049396478571},"beats_loudness_band_ratio":{"dmean":[0.135121017694,0.0848911032081,0.0492542088032,0.0224820114672,0.00499514304101,0.057087611407],"dmean2":[0.23391866684,0.150462910533,0.0873503386974,0.0396433323622,0.00909809302539,0.0972497165203],"dvar":[0.0166253857315,0.0100643532351,0.00402139825746,0.00109519285616,0.000112181900477,0.00513998884708],"dvar2":[0.0473401062191,0.0295406300575,0.0107131106779,0.00302348658442,0.000335665186867,0.0143099045381],"max":[0.990852177143,0.737165868282,0.514254629612,0.285052657127,0.132271766663,0.574943065643