{"lowlevel":{"average_loudness":0.930412769318,"barkbands":{"dmean":[0.000280442531221,0.0039213183336,0.00262118829414,0.00294585176744,0.00157003768254,0.00202571554109,0.000520497269463,0.000459139817394,0.000323475629557,0.000227181852097,0.000191300365259,0.000114731090434,0.000183460637345,0.000585706322454,0.000287920847768,0.000297402002616,0.000492791470606,0.000232662059716,0.000205370364711,0.0000868823553901,0.0000405274731747,0.0000348539724655,0.0000296495200018,0.0000271772005362,0.0000143769229908,0.00000273562113762,1.12937159624e-9],"dmean2":[0.000417770177592,0.00616265181452,0.00456976704299,0.00493728276342,0.00262329354882,0.00332675827667,0.000833937665448,0.00073266774416,0.000515218707733,0.000366424792446,0.000305461144308,0.000183976299013,0.000301252963254,0.000943142047618,0.00046613055747,0.000480617338326,0.000783131050412,0.000362881197361,0.000322593870806,0.000133662033477,0.0000604200577072,0.0000509488236276,0.0000426268852607,0.0000377386058972,0.0000198156230908,0.00000396905943489,2.08937422919e-9],"dvar":[6.14102646068e-7,0.000127901206724,0.0000293402626994,0.0000418312847614,0.00000987291423371,0.0000230961450143,6.44010015094e-7,7.82329777849e-7,5.0338218216e-7,3.32893307586e-7,6.75779574522e-7,5.26856496208e-8,2.21577963089e-7,0.00000133612945774,2.93022765163e-7,8.43083853397e-7,0.00000110508437956,3.02696378185e-7,1.68458953453e-7,2.42207285339e-8,8.99741969818e-9,1.29348824984e-8,8.94106477745e-9,7.24567916777e-9,1.589320342e-9,7.29124816079e-11,2.88847644193e-18],"dvar2":[0.00000127335658817,0.000320284016198,0.0000844982423587,0.000111679066322,0.0000268284802587,0.0000596818827034,0.00000160776608027,0.00000196208202397,0.00000120105221413,8.32479656765e-7,0.00000171266356119,1.28150176693e-7,6.17213686382e-7,0.00000331951946464,7.16297449799e-7,0.00000229606507673,0.00000276188848147,6.67089238959e-7,4.02360342378e-7,5.46968479398e-8,2.0020397784e-8,2.926595144e-8,1.86611046615e-8,1.40410891802e-8,2.97974023233e-9,1.33272629044e-10,9.21315586059e-18],"max":[0.0107236560434,0.106203347445,0.0603207722306,0.151915192604,0.0521678477526,0.0736907050014,0.015349692665,0.0218947362155,0.024634083733,0.0182415172458,0.0275235380977,0.00580100854859,0.0146008180454,0.0214339345694,0.0131089612842,0.0286666732281,0.0260279364884,0.019726537168,0.0139656942338,0.00252484111115,0.00146244850475,0.00265504978597,0.00251763337292,0.00248874374665,0.00120820803568,0.000349304202246,3.03997857998e-8],"mean":[0.000269853422651,0.00403885031119,0.00444185035303,0.00500851823017,0.00271050399169,0.00295323505998,0.000912812713068,0.000718184863217,0.000520473578945,0.00034841246088,0.000272122502793,0.000187102850759,0.000289389543468,0.000963237544056,0.000479632843053,0.000503487477545,0.000897672201972,0.000389541033655,0.000373284914531,0.000142157412483,0.000059080972278,0.0000485165364807,0.0000427024315286,0.0000386815227102,0.0000217405595322,0.00000371996043214,9.45335587588e-10],"median":[0.0000508700250066,0.00107568362728,0.00309211248532,0.00294876936823,0.00171572947875,0.00148879084736,0.000525459705386,0.000332555791829,0.000274211168289,0.00016632079496,0.0000663359824102,0.0000989324180409,0.000117908828543,0.000374071445549,0.00022977401386,0.000187293117051,0.000329940638039,0.000131872569909,0.000147139289766,0.0000543121495866,0.0000185111020983,0.0000116448300105,0.00000971333065536,0.00000720859952708,0.00000430723230238,6.59077500131e-7,3.9329778323e-10],"min":[5.71219940155e-24,1.37592819322e-23,6.56099164746e-24,2.30765859258e-23,3.09576660895e-23,4.97818436631e-23,4.08011481955e-23,3.25126718613e-23,3.62780532678e-23,6.67616959948e-23,3.82379056116e-23,7.24636457266e-23,3.66546018214e-23,5.70667595527e-23,9.75975367169e-23,1.15637744323e-22,8.74884672322e-23,1.81876021641e-22,2.91387270225e-22,2.72573707564e-22,3.98945740971e-22,4.98167706375e-22,4.22011503725e-22,8.22546704756e-22,1.07162611508e-21,1.53058220905e-21,1.96586742715e-21],"var":[6.95252481364e-7,0.000118904448755,0.0000279361192952,0.0000455568879261,0.0000117786676128,0.0000246750660153,0.00000134767549298,0.00000137135464229,8.55374196362e-7,5.18263561844e-7,0.00000131642275392,9.18303086905e-8,4.12765274405e-7,0.00000281644315692,5.54654377538e-7,0.0000013579917777,0.00000253570033237,6.19106344857e-7,3.95995357394e-7,4.73644483634e-8,1.30335289228e-8,1.6121202151e-8,1.30768524897e-8,1.4180029595e-8,3.25800408874e-9,1.43105249872e-10,2.26944797231e-18]},"barkbands_crest":{"dmean":2.43402695656,"dmean2":3.92575073242,"dvar":5.43802452087,"dvar2":14.1888914108,"max":23.7353076935,"mean":9.81810855865,"median":9.17443847656,"min":2.47610211372,"var":13.6100025177},"barkbands_flatness_db":{"dmean":0.0216639637947,"dmean2":0.0331554487348,"dvar":0.000446257879958,"dvar2":0.001086491975,"max":0.393203139305,"mean":0.173309057951,"median":0.168442994356,"min":0.0305989515036,"var":0.00218405295163},"barkbands_kurtosis":{"dmean":3.2998418808,"dmean2":5.31765937805,"dvar":32.2683296204,"dvar2":82.5397796631,"max":133.731338501,"mean":4.99474668503,"median":2.09024429321,"min":-1.88129258156,"var":77.0819854736},"barkbands_skewness":{"dmean":0.588913977146,"dmean2":0.923610985279,"dvar":0.397155046463,"dvar2":0.971812605858,"max":9.22918987274,"mean":1.70200479031,"median":1.59829604626,"min":-2.72913789749,"var":1.57696771622},"barkbands_spread":{"dmean":4.77020311356,"dmean2":7.44536209106,"dvar":31.6904392242,"dvar2":72.8495178223,"max":102.738265991,"mean":20.2750034332,"median":18.7003173828,"min":0.891964614391,"var":147.229400635},"dissonance":{"dmean":0.016613939777,"dmean2":0.0277739521116,"dvar":0.000312655116431,"dvar2":0.00086348404875,"max":0.500000059605,"mean":0.468229472637,"median":0.476227104664,"min":0.273252397776,"var":0.000734864734113},"dynamic_complexity":2.59493041039,"erbbands":{"dmean":[0.113780550659,0.941232323647,2.73060965538,7.02514505386,5.87503576279,5.98907995224,10.6027364731,19.0292415619,9.00828266144,6.4697599411,11.280828476,7.19419813156,6.6477022171,7.33517599106,6.5806684494,5.02288627625,8.45361042023,14.059709549,30.5486850739,13.6409635544,19.4703140259,20.6461448669,14.5887126923,8.26547527313,8.59058666229,4.4112200737,2.18472981453,1.3262642622,1.19494688511,1.14154016972,0.830218434334,0.620645344257,0.412731558084,0.202500671148,0.0842538103461,0.0241232570261,0.00237716850825,0.0000539461689186,0.00000794202787802,0.000012904633877],"dmean2":[0.161457911134,1.64971590042,4.81645345688,11.9232397079,9.77283859253,10.1092586517,17.3266410828,31.6740283966,14.4910783768,10.2650241852,17.8443069458,11.5197629929,10.5812721252,11.8277578354,10.4873065948,8.0902299881,13.8507890701,22.591424942,49.2618370056,21.9306468964,31.3068294525,32.5377883911,22.5938415527,12.884188652,13.4701490402,6.75931835175,3.28883576393,1.95092844963,1.75385189056,1.64783895016,1.19097280502,0.872041046619,0.578046858311,0.281571120024,0.118025459349,0.0338429063559,0.00351460999809,0.00007724846364,0.0000113078740469,0.0000197002773348],"dvar":[0.0989251509309,8.68535804749,43.3448905945,204.559921265,171.113235474,150.771057129,303.666687012,2852.63867188,233.177276611,198.928909302,404.180145264,244.003372192,252.187316895,459.131561279,751.141296387,105.09828186,581.715820313,632.076416016,3526.46533203,693.713500977,3688.79663086,1767.29614258,1075.59985352,250.38180542,299.278259277,63.1794891357,21.3568954468,12.0771474838,15.6132469177,12.932311058,7.09111499786,3.99856925011,1.74390292168,0.3260242939,0.0546123795211,0.00512244319543,0.0000639001300442,2.99558600148e-8,2.1612475698e-10,4.98305341434e-10],"dvar2":[0.187132075429,23.9338531494,124.75642395,553.15020752,460.017425537,413.823455811,766.960388184,7550.03466797,579.618408203,515.14666748,995.307006836,613.551269531,592.194335938,1110.24194336,1898.56030273,261.786895752,1641.38012695,1546.9519043,8634.27441406,1759.98779297,10014.9775391,4385.35302734,2377.77832031,590.315185547,712.482299805,143.633880615,48.3297080994,26.3711776733,36.0045166016,27.4002456665,15.0470438004,7.9538192749,3.54426312447,0.613730072975,0.104876160622,0.00923542585224,0.000114923510409,5.2819753904e-8,4.3691517071e-10,1.20647491997e-9],"max":[3.44506597519,25.3918361664,68.7016525269,314.090667725,286.882324219,186.321594238,336.055206299,774.75,236.06867981,469.044494629,408.249694824,449.650726318,562.623901367,691.327087402,920.436706543,287.268035889,816.857177734,607.976623535,1303.80737305,648.590881348,1978.08178711,966.408203125,1423.97766113,543.116455078,656.813537598,164.825469971,65.7077407837,60.5449447632,106.723777771,104.388755798,68.4473114014,63.1303749084,45.9947662354,16.1273059845,6.56144857407,2.41175794601,0.340823531151,0.00727310311049,0.000368418375729,0.000239956701989],"mean":[0.125269979239,0.908091366291,4.31590843201,12.467590332,10.544254303,9.41130638123,17.826385498,25.4735088348,15.0753545761,11.3896064758,18.1609096527,11.9967002869,10.6891765594,11.8513460159,10.2546663284,8.80480480194,14.2599821091,26.1892910004,52.138923645,25.6855545044,34.8791351318,41.6376571655,27.4297847748,15.5646944046,15.6228809357,7.48642587662,3.38384056091,1.89961349964,1.6426974535,1.65319252014,1.18366003036,0.890714049339,0.577247262001,0.295738697052,0.126478865743,0.0343070439994,0.00329944235273,0.0000810159981484,0.0000186559445865,0.0000316134355671],"median":[0.0152609292418,0.342629641294,2.8230483532,8.69440746307,6.84220600128,5.85156440735,10.0896539688,11.4705734253,8.04304695129,6.74143695831,8.42461013794,6.67917633057,5.28444099426,4.62868499756,3.50785017014,4.72260665894,6.45340919495,13.3679637909,21.33294487,12.1432228088,12.8842525482,15.7408733368,10.4829177856,6.81805038452,6.41469860077,2.8681230545,1.1645925045,0.592707574368,0.406623780727,0.398406326771,0.259954750538,0.170170649886,0.104425482452,0.0564628913999,0.025138463825,0.00681164115667,0.000542814610526,0.0000181203977263,0.0000133490966618,0.0000253049911407],"min":[6.68132067186e-22,1.31155110383e-21,5.70543101916e-21,4.77693314081e-20,4.53247089676e-20,1.12960055869e-19,2.01462125859e-19,5.79543364971e-19,4.80532947576e-19,5.017922648e-19,8.031663186e-19,1.37762867496e-18,3.65511053557e-18,8.1451285846e-19,1.84193414837e-18,3.47114060426e-18,2.10617182518e-18,2.58266342677e-18,3.76915103149e-18,6.79335974693e-18,5.52758481255e-18,5.97246115754e-18,9.6106426147e-18,9.68911723941e-18,1.7992025356e-17,1.17321540907e-17,1.05453600156e-17,1.78044340279e-17,1.51933490889e-17,1.2545465366e-17,1.2528199625e-17,1.61313487425e-17,1.48220293663e-17,1.06804452271e-17,8.35182675081e-18,4.43258958743e-18,3.02701409849e-18,1.18272176158e-18,2.92847191702e-19,2.78283268226e-20],"var":[0.131492465734,6.0208363533,33.1530456543,207.109375,185.681838989,150.451370239,514.286560059,2552.18945313,408.931488037,297.71572876,817.817382813,358.306304932,440.743988037,869.82800293,1500.6595459,190.895629883,1043.37841797,1604.66491699,7595.17626953,1515.83642578,6179.82421875,4774.61425781,2589.25854492,583.409973145,689.363220215,132.290039063,33.6073226929,16.4973297119,18.7059230804,18.0289134979,10.3119697571,7.14317417145,3.32354855537,0.655061304569,0.108938224614,0.0104294940829,0.000131280103233,6.40554418396e-8,4.02556460388e-10,6.6719629821e-10]},"erbbands_crest":{"dmean":2.62276172638,"dmean2":4.29296541214,"dvar":6.19759082794,"dvar2":15.6054859161,"max":30.8130340576,"mean":8.87373065948,"median":7.87840938568,"min":2.49758577347,"var":16.3146858215},"erbbands_flatness_db":{"dmean":0.0184890553355,"dmean2":0.0254149287939,"dvar":0.000303001696011,"dvar2":0.000536506646313,"max":0.382317990065,"mean":0.187241896987,"median":0.186097428203,"min":0.0568937771022,"var":0.0019299070118},"erbbands_kurtosis":{"dmean":1.14069187641,"dmean2":1.78471469879,"dvar":2.61655235291,"dvar2":5.98396110535,"max":28.3129005432,"mean":0.859420478344,"median":-0.138444572687,"min":-1.87572145462,"var":7.61600971222},"erbbands_skewness":{"dmean":0.387801408768,"dmean2":0.597168445587,"dvar":0.131418988109,"dvar2":0.299973726273,"max":4.84311485291,"mean":-0.0806599035859,"median":-0.142853289843,"min":-3.79728937149,"var":1.18637764454},"erbbands_spread":{"dmean":7.88690757751,"dmean2":12.1552915573,"dvar":66.2773895264,"dvar2":144.930343628,"max":151.852096558,"mean":36.767074585,"median":35.787109375,"min":2.31692218781,"var":252.096710205},"gfcc":{"cov":[[6130.24023438,-622.13079834,-282.911804199,247.899139404,-279.071685791,416.877258301,-291.125152588,58.0235977173,-56.5240402222,2.94234251976,-89.1268997192,40.3460655212,-44.0114593506],[-622.13079834,1358.42297363,-232.608779907,-237.130767822,389.838165283,-456.379089355,334.004058838,-167.910339355,166.617950439,-96.8346710205,179.099243164,-139.736221313,122.165771484],[-282.911804199,-232.608779907,1036.7532959,-136.477355957,-367.71295166,287.440765381,-92.0002288818,153.840911865,-106.750488281,82.1123962402,-30.0147018433,170.975784302,-70.8349914551],[247.899139404,-237.130767822,-136.477355957,306.185852051,77.9216461182,-0.187227919698,-14.5746822357,19.2440795898,24.8533630371,12.2184514999,-3.12879657745,-26.8922233582,21.7181339264],[-279.071685791,389.838165283,-367.71295166,77.9216461182,418.23614502,-189.35736084,127.003257751,-36.3228797913,90.1361846924,-5.72170829773,45.7058105469,-90.9791488647,71.1437149048],[416.877258301,-456.379089355,287.440765381,-0.187227919698,-189.35736084,395.936584473,-81.7595672607,86.8091430664,-53.4745826721,35.54164505,-58.7808914185,86.3549804688,-68.1385574341],[-291.125152588,334.004058838,-92.0002288818,-14.5746822357,127.003257751,-81.7595672607,201.647720337,-26.7870674133,62.1742324829,-19.7486038208,61.7746620178,-35.8684387207,24.3187713623],[58.0235977173,-167.910339355,153.840911865,19.2440795898,-36.3228797913,86.8091430664,-26.7870674133,149.00831604,-5.58369541168,51.6266708374,-16.6066551208,39.4886245728,-13.3248615265],[-56.5240402222,166.617950439,-106.750488281,24.8533630371,90.1361846924,-53.4745826721,62.1742324829,-5.58369541168,104.595855713,-2.46458482742,34.9263572693,-31.2931270599,25.2482700348],[2.94234251976,-96.8346710205,82.1123962402,12.2184514999,-5.72170829773,35.54164505,-19.7486038208,51.6266708374,-2.46458482742,91.0773696899,7.77374696732,22.9452438354,-0.957002043724],[-89.1268997192,179.099243164,-30.0147018433,-3.12879657745,45.7058105469,-58.7808914185,61.7746620178,-16.6066551208,34.9263572693,7.77374696732,87.4024276733,-1.34600830078,28.2305450439],[40.3460655212,-139.736221313,170.975784302,-26.8922233582,-90.9791488647,86.3549804688,-35.8684387207,39.4886245728,-31.2931270599,22.9452438354,-1.34600830078,102.111495972,-2.0814704895],[-44.0114593506,122.165771484,-70.8349914551,21.7181339264,71.1437149048,-68.1385574341,24.3187713623,-13.3248615265,25.2482700348,-0.957002043724,28.2305450439,-2.0814704895,81.0325698853]],"icov":[[0.000267076684395,-0.000725860241801,0.000505923235323,-0.000719322881196,0.000635162636172,-0.000704162812326,0.000673983304296,-0.00034654562478,0.000357216777047,-0.000404145452194,0.000380142620998,-0.000393703900045,0.000206775526749],[-0.000725860241801,0.00924289878458,-0.00406521838158,0.0077848113142,-0.00585710955784,0.00563724571839,-0.00576778966933,0.00344736222178,-0.00466166157275,0.00568397343159,-0.00652415771037,0.00557690998539,-0.00385282887146],[0.000505923235323,-0.00406521838158,0.00394030846655,-0.00302181090228,0.00386527786031,-0.00304713961668,0.00222909753211,-0.00270167877898,0.00268737785518,-0.00323430029675,0.00252721807919,-0.00368879060261,0.00173807539977],[-0.000719322881196,0.0077848113142,-0.00302181090228,0.0104871774092,-0.0054707499221,0.00428043631837,-0.00416632182896,0.00209412095137,-0.0042709405534,0.0044335545972,-0.00553463585675,0.00552928261459,-0.00412895996124],[0.000635162636172,-0.00585710955784,0.00386527786031,-0.0054707499221,0.00907872617245,-0.00298428279348,0.00168618175667,-0.00296580861323,0.00205067824572,-0.0050710667856,0.00483620306477,-0.0019930829294,0.000111485183879],[-0.000704162812326,0.00563724571839,-0.00304713961668,0.00428043631837,-0.00298428279348,0.00822079647332,-0.00396537734196,0.00134619569872,-0.00326095754281,0.00299922795966,-0.00196800357662,0.000998398056254,0.0000148088929564],[0.000673983304296,-0.00576778966933,0.00222909753211,-0.00416632182896,0.00168618175667,-0.00396537734196,0.0123458504677,-0.00229646777734,0.000621156126726,-0.00125308497809,-0.000808624259662,-0.00238100416027,0.00324153085239],[-0.00034654562478,0.00344736222178,-0.00270167877898,0.00209412095137,-0.00296580861323,0.00134619569872,-0.00229646777734,0.0118373464793,-0.00345489662141,-0.00223094597459,-0.0000845310860313,0.000188407808309,-0.00085246009985],[0.000357216777047,-0.00466166157275,0.00268737785518,-0.0042709405534,0.00205067824572,-0.00326095754281,0.000621156126726,-0.00345489662141,0.016844201833,-0.00279154418968,-0.000228733668337,-0.000215213964111,0.000211687845876],[-0.000404145452194,0.00568397343159,-0.00323430029675,0.0044335545972,-0.0050710667856,0.00299922795966,-0.00125308497809,-0.00223094597459,-0.00279154418968,0.0187527015805,-0.00775950588286,0.00267754914239,-0.00195753085427],[0.000380142620998,-0.00652415771037,0.00252721807919,-0.00553463585675,0.00483620306477,-0.00196800357662,-0.000808624259662,-0.0000845310860313,-0.000228733668337,-0.00775950588286,0.0233292970806,-0.00706995325163,-0.000266714749159],[-0.000393703900045,0.00557690998539,-0.00368879060261,0.00552928261459,-0.0019930829294,0.000998398056254,-0.00238100416027,0.000188407808309,-0.000215213964111,0.00267754914239,-0.00706995325163,0.0207825340331,-0.0068976553157],[0.000206775526749,-0.00385282887146,0.00173807539977,-0.00412895996124,0.000111485183879,0.0000148088929564,0.00324153085239,-0.00085246009985,0.000211687845876,-0.00195753085427,-0.000266714749159,-0.0068976553157,0.0195158179849]],"mean":[-34.866268158,134.705307007,-132.127563477,46.9503173828,-46.8933029175,2.96466302872,-48.7969970703,5.26576662064,-20.7700748444,-6.91330766678,-10.7488117218,-15.0556097031,-7.72403097153]},"hfc":{"dmean":5.29999494553,"dmean2":7.69845151901,"dvar":67.154045105,"dvar2":140.665771484,"max":121.784759521,"mean":15.767616272,"median":11.1831092834,"min":1.09399585859e-16,"var":207.785949707},"melbands":{"dmean":[0.00101495557465,0.0013533156598,0.00115275208373,0.000374557450414,0.000344768690411,0.000403473502956,0.000127934763441,0.0000698918447597,0.0000913169133128,0.0000434750363638,0.000033825472201,0.0000305446046696,0.0000269931115326,0.0000118377083709,0.0000193117848539,0.0000178053633135,0.0000287754337478,0.0000622810039204,0.0000184892669495,0.0000178582777153,0.0000291449632641,0.0000232864604186,0.0000264169921138,0.00000747821559344,0.00000716702425052,0.0000087507733042,0.00000419511070504,0.00000293307675747,0.00000151198446474,0.00000105629101199,6.96418453572e-7,6.49169578537e-7,7.86288467225e-7,6.00087730618e-7,5.1264510148e-7,3.99882424063e-7,3.89755797414e-7,3.1493200936e-7,2.26667239644e-7,1.59588282145e-7],"dmean2":[0.00150197045878,0.00238853227347,0.00194201432168,0.00063163327286,0.000564555288292,0.000666630920023,0.000205060336157,0.000111693952931,0.00014374993043,0.0000695805283613,0.000053866966482,0.0000493103252666,0.000042999843572,0.0000188944904949,0.0000315819779644,0.000029105158319,0.0000464163022116,0.0001004988153,0.0000296146190522,0.0000290946591122,0.0000468973485113,0.0000371012392861,0.0000418340241595,0.0000117244399007,0.0000113559099191,0.0000137694696605,0.00000662064030621,0.00000456642192148,0.00000233374089476,0.00000160494062129,0.00000103710408439,9.72037128122e-7,0.00000117874787975,8.75139619438e-7,7.49426874336e-7,5.78316644351e-7,5.55407098091e-7,4.48197738478e-7,3.21474971088e-7,2.25565798928e-7],"dvar":[0.00000803396051197,0.0000126505074149,0.00000560468788535,7.58618341479e-7,3.23389997448e-7,0.00000114677595775,4.55530972943e-8,2.52196663553e-8,2.66021977779e-8,9.69104974047e-9,6.70561162153e-9,7.76156472426e-9,1.51575108021e-8,5.36947708518e-10,1.78439729659e-9,1.82815418359e-9,2.90604407205e-9,1.622790613e-8,1.30811517174e-9,1.56476209767e-9,7.46351513925e-9,2.87940649102e-9,3.60685259437e-9,3.16401876921e-10,2.12717732317e-10,3.73310521384e-10,6.12466188876e-11,2.96879847095e-11,1.05784105434e-11,5.80111783263e-12,3.81935845797e-12,4.79878159779e-12,6.59029254779e-12,3.54971954608e-12,2.66388387044e-12,1.94604315301e-12,1.52379432856e-12,1.03365243882e-12,4.90656831571e-13,1.97183144379e-13],"dvar2":[0.0000178877635335,0.0000356984419341,0.0000150458126882,0.00000208326741813,8.20434763682e-7,0.00000300486203741,1.12958979059e-7,6.56234817598e-8,6.48929301406e-8,2.39872264274e-8,1.58369051206e-8,1.88230959708e-8,3.84920539886e-8,1.30854271863e-9,4.73062966577e-9,5.01775643258e-9,7.04874247859e-9,3.97960846499e-8,3.16771076037e-9,4.13211864725e-9,1.99387599764e-8,7.27264470868e-9,8.20720291728e-9,7.23520576784e-10,5.13586062567e-10,8.7249618641e-10,1.48707129943e-10,6.93085519532e-11,2.48250534712e-11,1.31343399698e-11,8.40981884825e-12,1.13329996429e-11,1.52043568707e-11,7.52735113824e-12,5.77385752057e-12,4.31052372615e-12,3.0269118375e-12,2.16203292248e-12,1.01264797329e-12,3.86323541516e-13],"max":[0.0259331911802,0.0320787616074,0.053812418133,0.0147775104269,0.0100858639926,0.0159180015326,0.00364526663907,0.00544722657651,0.00324167660438,0.00272269686684,0.00284151849337,0.0029175656382,0.00427246978506,0.000701194745488,0.000877418613527,0.00139979319647,0.00142851111013,0.00279263197444,0.00108788826037,0.00153307639994,0.00247091706842,0.00132803921588,0.00161243975163,0.000883437867742,0.000531698518898,0.000920692167711,0.000133755558636,0.0000897334175534,0.0000568691939407,0.0000375325071218,0.0000333198549924,0.0000578059807594,0.0000649192588753,0.0000595824676566,0.0000453670727438,0.000043013584218,0.0000396264913434,0.0000351495655195,0.0000209183290281,0.0000137165443448],"mean":[0.00110009906348,0.00189825566486,0.00214904826134,0.00064616202144,0.000602077518124,0.000562104512937,0.000217391701881,0.000118898140499,0.000147067476064,0.0000699802694726,0.0000524353345099,0.0000479913978779,0.0000395311872126,0.0000189404563571,0.000030668124964,0.0000292774129775,0.0000503820665472,0.000101391517092,0.0000317363337672,0.0000303566484945,0.0000476480054203,0.0000427853374276,0.0000452221393061,0.0000118880107038,0.0000122819164972,0.0000152375141624,0.00000679893173583,0.00000455515737485,0.00000218625382331,0.00000150671201027,9.29596922106e-7,8.50007381814e-7,0.00000106725474325,8.51286131365e-7,7.05580646354e-7,5.59065028938e-7,5.46359387954e-7,4.29728288509e-7,3.08002569227e-7,2.2972741931e-7],"median":[0.000221502836212,0.00115653104149,0.00155210751109,0.000430941290688,0.000361832790077,0.00026314824936,0.000117624025734,0.0000692322646501,0.0000701602402842,0.0000363207764167,0.000024450759156,0.0000189199290617,0.0000106882225737,0.00000954864481173,0.0000140582378663,0.0000132767490868,0.000023589538614,0.0000363652361557,0.0000147438177009,0.0000122083783936,0.0000151888125401,0.0000148875842569,0.0000146906240843,0.00000454844393971,0.00000506483229401,0.00000558200099476,0.00000287964621748,0.00000161422292422,7.25832364878e-7,4.60274321767e-7,2.61971393911e-7,1.90371963527e-7,2.49082148684e-7,1.9763527348e-7,1.59322084414e-7,1.04028430314e-7,9.91715225496e-8,7.20766166751e-8,5.66511388911e-8,4.00646840149e-8],"min":[5.58792738214e-24,2.34446936677e-24,9.95377432688e-24,4.38415088432e-24,9.04563923051e-24,1.21372427049e-23,8.29079085208e-24,5.79564076937e-24,6.10288237043e-24,6.46958593995e-24,1.7807657722e-23,2.47343175591e-24,5.08993526989e-24,8.22270032304e-24,7.61066732289e-24,2.77657739393e-24,5.53294298818e-24,5.81646906385e-24,8.19314959353e-24,8.70213527135e-24,5.36949298077e-24,5.28298491619e-24,9.44985629151e-24,7.18909926628e-24,7.72432797984e-24,1.15691484683e-23,1.23815742265e-23,6.44486422247e-24,5.50605466423e-24,9.2907012373e-24,1.09788769851e-23,8.60832235478e-24,7.65598895962e-24,6.43369552977e-24,6.42505040311e-24,8.72527808373e-24,9.92492252813e-24,1.05329733584e-23,7.54268171236e-24,9.34983188417e-24],"var":[0.00000911724964681,0.00000909749360289,0.00000579447441851,7.04070373558e-7,5.34624689408e-7,0.00000109318909836,8.4856630167e-8,3.57761074099e-8,5.38220632507e-8,1.49064565136e-8,1.15619025465e-8,1.44390810419e-8,2.98714972757e-8,9.16585973787e-10,3.29340177352e-9,3.37226402358e-9,7.30068894228e-9,3.37750662993e-8,2.65569211066e-9,2.77228373591e-9,1.2903991653e-8,6.49624176674e-9,8.51858050765e-9,5.81691861345e-10,4.10508516069e-10,8.89960327655e-10,1.1064102412e-10,5.59862434191e-11,1.51228196632e-11,8.35198056548e-12,4.94759788694e-12,5.44802354271e-12,7.9761960925e-12,4.94167380627e-12,3.69170145842e-12,2.79236659836e-12,2.81075076408e-12,1.92442763114e-12,8.58161577823e-13,3.83387088352e-13]},"melbands_crest":{"dmean":3.21714568138,"dmean2":5.19887495041,"dvar":8.7415933609,"dvar2":21.7376728058,"max":33.2511138916,"mean":15.3467063904,"median":15.0267543793,"min":1.97163951397,"var":21.6333732605},"melbands_flatness_db":{"dmean":0.0269459448755,"dmean2":0.0397377833724,"dvar":0.000746213423554,"dvar2":0.00173587561585,"max":0.507890045643,"mean":0.234810456634,"median":0.228984385729,"min":0.00541290361434,"var":0.00435185618699},"melbands_kurtosis":{"dmean":7.63999938965,"dmean2":12.4716310501,"dvar":166.166702271,"dvar2":438.522735596,"max":283.425140381,"mean":14.0130109787,"median":8.7308216095,"min":-1.84150886536,"var":312.642791748},"melbands_skewness":{"dmean":0.771845042706,"dmean2":1.2171125412,"dvar":0.717244386673,"dvar2":1.78618943691,"max":13.6185112,"mean":2.83999752998,"median":2.62796545029,"min":-2.4016225338,"var":2.16098403931},"melbands_spread":{"dmean":6.59103393555,"dmean2":10.2870817184,"dvar":68.37059021,"dvar2":154.79133606,"max":151.910629272,"mean":22.241443634,"median":16.6212444305,"min":0.857661724091,"var":322.625091553},"mfcc":{"cov":[[5500.78466797,-846.370178223,-272.47442627,-95.1701660156,95.02684021,153.607345581,-133.899276733,35.3441925049,-24.66522789,26.4869937897,-55.0612182617,-22.2798748016,-77.1554870605],[-846.370178223,1551.91186523,-385.129699707,181.291809082,-82.5711669922,-112.07019043,68.935585022,-60.1007499695,5.36584758759,30.4365100861,2.92612171173,29.9569683075,32.7143554688],[-272.47442627,-385.129699707,1217.7121582,-379.879089355,-77.1696777344,13.8348140717,0.600628197193,116.33833313,-58.3631019592,-93.7173919678,85.6454467773,-30.6134223938,28.8667964935],[-95.1701660156,181.291809082,-379.879089355,395.082885742,55.3439674377,-44.6332893372,24.1014404297,-71.3145294189,46.3664779663,48.4671287537,-36.5409088135,41.3736839294,12.9144325256],[95.02684021,-82.5711669922,-77.1696777344,55.3439674377,159.576400757,16.9203548431,2.39273691177,-4.25379800797,41.3990325928,25.950799942,-6.56547307968,8.75002670288,8.34456634521],[153.607345581,-112.07019043,13.8348140717,-44.6332893372,16.9203548431,138.057373047,19.7655181885,35.5284156799,1.47232806683,6.13112211227,12.088385582,-8.2146396637,-10.1410636902],[-133.899276733,68.935585022,0.600628197193,24.1014404297,2.39273691177,19.7655181885,97.7543716431,20.3504085541,11.9573860168,20.3744392395,13.4383850098,13.8492555618,11.7972841263],[35.3441925049,-60.1007499695,116.33833313,-71.3145294189,-4.25379800797,35.5284156799,20.3504085541,108.86315918,8.93504905701,-6.51744937897,29.2535743713,-3.15330505371,6.10678720474],[-24.66522789,5.36584758759,-58.3631019592,46.3664779663,41.3990325928,1.47232806683,11.9573860168,8.93504905701,83.5601577759,29.8154850006,-4.39416074753,16.751001358,9.38609981537],[26.4869937897,30.4365100861,-93.7173919678,48.4671287537,25.950799942,6.13112211227,20.3744392395,-6.51744937897,29.8154850006,81.5503768921,17.8341026306,12.6882276535,5.09715795517],[-55.0612182617,2.92612171173,85.6454467773,-36.5409088135,-6.56547307968,12.088385582,13.4383850098,29.2535743713,-4.39416074753,17.8341026306,73.2821960449,12.9174470901,5.21440505981],[-22.2798748016,29.9569683075,-30.6134223938,41.3736839294,8.75002670288,-8.2146396637,13.8492555618,-3.15330505371,16.751001358,12.6882276535,12.9174470901,61.7617645264,19.379535675],[-77.1554870605,32.7143554688,28.8667964935,12.9144325256,8.34456634521,-10.1410636902,11.7972841263,6.10678720474,9.38609981537,5.09715795517,5.21440505981,19.379535675,55.4051895142]],"icov":[[0.000221786540351,0.000106035731733,0.0000906450950424,0.0000693637266522,-0.0000581597087148,-0.000145884754602,0.00027097974089,-0.000164524506545,0.000189352460438,-0.000198949579499,0.000202048948267,-0.000151723026647,0.000145619327668],[0.000106035731733,0.000900904939044,0.00036098898272,-0.0000457650930912,0.000526630086824,0.000548972631805,-0.000566779868677,0.000143071971252,0.00000644827377982,0.000109809305286,-0.000417795439716,0.000151199055836,-0.000460377137642],[0.0000906450950424,0.00036098898272,0.00155869254377,0.00104795547668,0.000235652318224,0.00051130389329,-0.000434631016105,-0.000362143415259,-0.00000486733461003,0.00128032581415,-0.00139164342545,0.00041076252819,-0.0010823959019],[0.0000693637266522,-0.0000457650930912,0.00104795547668,0.00454881973565,-0.000732275424525,0.000950701825786,-0.00109522126149,0.00143679033499,-0.000780952454079,-0.000585548812523,0.000920841179322,-0.00165189011022,-0.000446230871603],[-0.0000581597087148,0.000526630086824,0.000235652318224,-0.000732275424525,0.00805105082691,-0.000910291448236,0.000282736873487,0.000459203845821,-0.00320324371569,-0.000808610930108,-0.0000555754013476,0.000512251863256,-0.00139093061443],[-0.000145884754602,0.000548972631805,0.00051130389329,0.000950701825786,-0.000910291448236,0.00932300370187,-0.00240509654395,-0.00210271775723,0.00036362578976,-0.000292364915367,-0.000736139772926,0.000797371496446,0.001327783335],[0.00027097974089,-0.000566779868677,-0.000434631016105,-0.00109522126149,0.000282736873487,-0.00240509654395,0.013210403733,-0.0026205801405,0.000264781760052,-0.00297942408361,0.000360635342076,-0.00178896938451,-0.00099201744888],[-0.000164524506545,0.000143071971252,-0.000362143415259,0.00143679033499,0.000459203845821,-0.00210271775723,-0.0026205801405,0.0136960167438,-0.0037464199122,0.00272778933868,-0.00464513897896,0.00160226528533,-0.00160497042816],[0.000189352460438,0.00000644827377982,-0.00000486733461003,-0.000780952454079,-0.00320324371569,0.00036362578976,0.000264781760052,-0.0037464199122,0.0173191688955,-0.0056100259535,0.00388616533019,-0.00344879250042,-0.000227334312513],[-0.000198949579499,0.000109809305286,0.00128032581415,-0.000585548812523,-0.000808610930108,-0.000292364915367,-0.00297942408361,0.00272778933868,-0.0056100259535,0.0189191009849,-0.00761186517775,0.00132828368805,-0.00100880675018],[0.000202048948267,-0.000417795439716,-0.00139164342545,0.000920841179322,-0.0000555754013476,-0.000736139772926,0.000360635342076,-0.00464513897896,0.00388616533019,-0.00761186517775,0.02079786174,-0.00572989694774,0.00143606262282],[-0.000151723026647,0.000151199055836,0.00041076252819,-0.00165189011022,0.000512251863256,0.000797371496446,-0.00178896938451,0.00160226528533,-0.00344879250042,0.00132828368805,-0.00572989694774,0.0217821206897,-0.00647401437163],[0.000145619327668,-0.000460377137642,-0.0010823959019,-0.000446230871603,-0.00139093061443,0.001327783335,-0.00099201744888,-0.00160497042816,-0.000227334312513,-0.00100880675018,0.00143606262282,-0.00647401437163,0.0222927052528]],"mean":[-667.965393066,150.096542358,-14.2423887253,37.9679298401,18.7339687347,-1.01849293709,-5.20329189301,-0.760384500027,-6.89412355423,4.07128095627,-2.1002831459,-4.74307394028,-4.80221843719]},"pitch_salience":{"dmean":0.0753546878695,"dmean2":0.122147396207,"dvar":0.00457602646202,"dvar2":0.0121641056612,"max":0.927104055882,"mean":0.546973049641,"median":0.548177480698,"min":0.168554052711,"var":0.0102154007182},"silence_rate_20dB":{"dmean":0,"dmean2":0,"dvar":0,"dvar2":0,"max":1,"mean":1,"median":1,"min":1,"var":0},"silence_rate_30dB":{"dmean":0.00477842008695,"dmean2":0.00955757685006,"dvar":0.00475561711937,"dvar2":0.0136285116896,"max":1,"mean":0.99730271101,"median":1,"min":0,"var":0.00269018509425},"silence_rate_60dB":{"dmean":0.00894027017057,"dmean2":0.0178819168359,"dvar":0.00885919574648,"dvar2":0.0200287569314,"max":1,"mean":0.0464704073966,"median":0,"min":0,"var":0.0443131327629},"spectral_centroid":{"dmean":228.577423096,"dmean2":355.588684082,"dvar":67399.2265625,"dvar2":152813.015625,"max":11143.3300781,"mean":1187.1965332,"median":1068.90771484,"min":195.789260864,"var":416483.71875},"spectral_complexity":{"dmean":3.71653175354,"dmean2":5.47140455246,"dvar":17.4612197876,"dvar2":33.0402107239,"max":55,"mean":18.4432029724,"median":18,"min":0,"var":89.2540054321},"spectral_contrast_coeffs":{"dmean":[0.0495649278164,0.0462088771164,0.0358460433781,0.0383443646133,0.0312887690961,0.0248511563987],"dmean2":[0.0789644345641,0.076631128788,0.0588184669614,0.059120606631,0.0473139323294,0.0374629944563],"dvar":[0.00178020598833,0.00139418616891,0.000822542817332,0.000954912160523,0.000715692644008,0.000545195769519],"dvar2":[0.00444094790146,0.00383682223037,0.00215262663551,0.00214835698716,0.00148607953452,0.00112907774746],"max":[-0.270237714052,-0.441798150539,-0.480804353952,-0.486462712288,-0.480034679174,-0.551318585873],"mean":[-0.602375090122,-0.732513546944,-0.790320754051,-0.750488460064,-0.747285485268,-0.764221191406],"median":[-0.606481552124,-0.734536647797,-0.796455144882,-0.757556974888,-0.754929184914,-0.771372556686],"min":[-0.983606398106,-0.969803750515,-0.966955661774,-0.957396745682,-0.960086584091,-0.964656114578],"var":[0.00626456271857,0.00399407465011,0.00289066997357,0.00493423221633,0.00414458522573,0.00274055521004]},"spectral_contrast_valleys":{"dmean":[0.40707296133,0.353204339743,0.329696953297,0.35681194067,0.380182862282,0.448094844818],"dmean2":[0.649832725525,0.565831959248,0.518176019192,0.518014371395,0.49905321002,0.540975868702],"dvar":[0.141402229667,0.096697665751,0.0845834463835,0.0936566740274,0.114959739149,0.236598566175],"dvar2":[0.309721380472,0.227784156799,0.182877093554,0.177993491292,0.197179868817,0.359228551388],"max":[-5.00961494446,-4.5801024437,-5.71521902084,-5.82472658157,-5.65006637573,-7.88277721405],"mean":[-7.1885972023,-6.62831449509,-7.5902557373,-7.91023826599,-7.89447164536,-11.027885437],"median":[-7.09126567841,-6.539935112,-7.51355075836,-7.82858657837,-7.85414218903,-10.848783493],"min":[-27.9091510773,-27.7331428528,-27.4806041718,-27.452381134,-27.2498149872,-27.2721595764],"var":[0.878733694553,0.692311644554,0.671488404274,0.823208630085,0.869300186634,1.64578783512]},"spectral_decrease":{"dmean":2.85359669228e-9,"dmean2":4.4349985906e-9,"dvar":2.60686317462e-17,"dvar2":6.44906467668e-17,"max":9.4162861749e-29,"mean":-6.6780665442e-9,"median":-5.34979527345e-9,"min":-5.60823956164e-8,"var":3.17368256823e-17},"spectral_energy":{"dmean":0.0111553296447,"dmean2":0.0172686036676,"dvar":0.000388921384001,"dvar2":0.000957604148425,"max":0.216130033135,"mean":0.0266347881407,"median":0.0213943887502,"min":1.02535054988e-20,"var":0.000487757206429},"spectral_energyband_high":{"dmean":0.000176932575414,"dmean2":0.000247148884227,"dvar":1.82517410963e-7,"dvar2":3.62980614455e-7,"max":0.00754179200158,"mean":0.000289917952614,"median":0.000121541146655,"min":7.27737427832e-21,"var":3.10764306732e-7},"spectral_energyband_low":{"dmean":0.00710601499304,"dmean2":0.0113329477608,"dvar":0.00022067198006,"dvar2":0.000555871985853,"max":0.131747439504,"mean":0.0115507952869,"median":0.00750445947051,"min":4.48253864194e-23,"var":0.000234840787016},"spectral_energyband_middle_high":{"dmean":0.00164171191864,"dmean2":0.0024710057769,"dvar":0.00000588792954659,"dvar2":0.0000132818258862,"max":0.0408052802086,"mean":0.00473759137094,"median":0.00291240913793,"min":1.44040225569e-21,"var":0.0000265057387878},"spectral_energyband_middle_low":{"dmean":0.00569238467142,"dmean2":0.00924562290311,"dvar":0.000158575567184,"dvar2":0.000405929808039,"max":0.182566255331,"mean":0.0129007007927,"median":0.0101842740551,"min":3.76512455336e-22,"var":0.000168317084899},"spectral_entropy":{"dmean":0.175858169794,"dmean2":0.23957195878,"dvar":0.0283069889992,"dvar2":0.0533391945064,"max":9.81252288818,"mean":7.27520179749,"median":7.29919242859,"min":5.52407217026,"var":0.156296655536},"spectral_flux":{"dmean":0.0281253214926,"dmean2":0.0425384007394,"dvar":0.0015799542889,"dvar2":0.00290900282562,"max":0.392310708761,"mean":0.0801415145397,"median":0.0642435997725,"min":6.52684087332e-11,"var":0.00309791695327},"spectral_kurtosis":{"dmean":2.98785114288,"dmean2":5.02554893494,"dvar":14.1024541855,"dvar2":38.4373817444,"max":75.6073913574,"mean":6.54461240768,"median":5.13258647919,"min":-1.21080565453,"var":34.4844360352},"spectral_rms":{"dmean":0.000909145106561,"dmean2":0.00134681747295,"dvar":0.00000166794222878,"dvar2":0.00000381366089641,"max":0.0145209701732,"mean":0.00473962305114,"median":0.00456865131855,"min":3.16281831454e-12,"var":0.00000352116990143},"spectral_rolloff":{"dmean":378.764160156,"dmean2":642.531738281,"dvar":378775.46875,"dvar2":838499.5,"max":19379.8828125,"mean":1242.88989258,"median":839.794921875,"min":86.1328125,"var":1124102.5},"spectral_skewness":{"dmean":0.329133689404,"dmean2":0.526113092899,"dvar":0.111099384725,"dvar2":0.281223714352,"max":6.78929185867,"mean":1.63523578644,"median":1.56325650215,"min":0.00352468201891,"var":0.416584521532},"spectral_spread":{"dmean":427005,"dmean2":588367.6875,"dvar":288844578816,"dvar2":515562143744,"max":40750700,"mean":3516590,"median":3169476,"min":973640.75,"var":2162832965630},"spectral_strongpeak":{"dmean":0.456235647202,"dmean2":0.798243701458,"dvar":1.31397795677,"dvar2":3.31170129776,"max":14.436457634,"mean":0.745229780674,"median":0.434521883726,"min":0,"var":1.61933088303},"zerocrossingrate":{"dmean":0.00762117654085,"dmean2":0.00907471496612,"dvar":0.0000681361343595,"dvar2":0.0000867536728038,"max":0.505859375,"mean":0.0467863082886,"median":0.04296875,"min":0.005859375,"var":0.00069137889659}},"metadata":{"audio_properties":{"analysis_sample_rate":44100,"bit_rate":128000,"codec":"mp3","downmix":"mix","equal_loudness":0,"length":301.270202637,"lossless":false,"md5_encoded":"d60cfca938dc3f05ef3c7fc04c67f096","replay_gain":-5.79705238342,"sample_rate":44100},"tags":{"acoustid_fingerprint":["AQADtBGjKUmUSBPIZiIO14GuMMZ35MyNKSqDWseZxuiLLUd_vD9C_hCz5_gD3dgjaXCF8CH-oHLYolHiI1eM0yS0Hz4dTKIYXMhz9NlxJTeuSfAl7MrQpAmxzk6Q99DCigh1HleFR0NzHY_hOPNwCdSFcDtU8OGOptpx5fCkSAy01wifB82yHpcy40yOrrmG5kd-PDn0EF3DwcF7oQ_Rwz9qDap3NIqmIKyOS0cPVwz6Bf1x7sifQtR0VP2Iv2gXwZPQR2Nw7pDDBO0zNJFEXDr0B_3h6GjxMEuHUJItNH-IPWjWqAid42Jw04G20gizLDkuH2cSoT98pXAoXviETRri1oUeDtuRE08Fb0L9Ir4uyHmQ8riUsMF39DOa54jVQ7mPsNESWMfvYnuiIJce6I2D0MpxVD8HK5aPSUpyvMc_vAiTQ_ORE__RKElloacxUtnRJyzCVDz0H_lRxmimIw6j48efo_qgZbywR0YeYj3-5OiPlMkOMVQWCpF2-XiGJjuHUsrxxsKnCp8R5gw0SUeeZUSjZjl-4o3hM8eTI3cIjQuPHB-LJlSPLhsuZoiPE5q3IMyHlxdqEVOyH3mKKg20TFooPGEo5EUz9FmML8ezZOlwPQivwCeHroGuYL8w6fiHU7gPXUzRa0fMD40coZLwH_ky6Eeeo9SGJrji43qOnhKeBbkeaM8SI5-CB-UlNNkyPMpxbujZIM8GMQ5KCdP0GPFiI3zwKET_DDoV41FyxMRPBVvwZNmLcuGxH3uIZzmaEZUSKjh7odKFlFWCZ4WuB-6WIueCG1cWlFuR34RKSoj0zGimD6_wB4yVxTAuFT-RnyP0w8bl4txhRdqRT2DsTMOP9sFDhnjYBg9yHWKchUN45OShi8mC73hEhBkjgcGd7OjKItcLhdORE3se4hfsS7iywOiTgQ_uaUT0SB9kJkcYxSs69AlxegihXwi1ZSGaEUflRGguXA6HTju2SMdX4zmoNvgxS7gQUmKKU9ByK9A6zUH5HD_qHy8uaJ8YiWiuI5Iv-MFP5Fkq6MiPJ8OUqriMazwclcd1JD_yo7lNVD6epktCHM0U6ygTJ3h-JHuFME8kXElUVJbkDFV-XMeH_9geHMevPMbXIGmTEnmEyQ6cT8azIn-MWoyhG_mEdkGYEclTR8KVG81zoXIiHc8Z_AuaRUUkSqkPvSvyFM-WYbIUhYafo0pwZ_iPB_WDSA-0RwiTq7gyGbeEvUFPpFkkJFOYfHh1_HjQSy6aMUd-6FEfIdfhq3iOuxpyO4a4_Xj0Iu-P6dyw_XhK4ddRJYx07Nx09Pg18MZLeEel38i4bdGR1EXVZMY1PGEWYpfxH-kPj-KhdTn08cibKEQtHU3y4VRD_Gi2R0LIzBeubtCfIMy5CNUTxXg-vMO_4S_2C_VL_PCPKluE-EfyJSGeWIzQH88B52Cs41FuxLrR54X4H7kfuEmWHnMTtMN9NF2P8IeueBEuyUQTZhm09QilLAuaPfhxo0-MxhFi_dBzIZd4PET1w3UON8eXo1kq_Mh_aEkW5QglOdPR8ETPHE8UOUMzac7RH_8RWjy0NAneIT_OTESaLGtxsTy0LMuM8MGFJ6FqpD_0F3mEczveEtcDM5QxXyn