{"lowlevel":{"average_loudness":0.453832030296,"barkbands":{"dmean":[0.0000859587671584,0.00181437772699,0.00228844373487,0.00168211665004,0.00125377415679,0.000621655664872,0.000372884824174,0.000436430709669,0.000501961389091,0.000433424778748,0.000555337755941,0.000463809905341,0.000898023426998,0.000906237459276,0.000622495252173,0.000482536037453,0.000333872565534,0.0000921173123061,0.0000643314342597,0.0000358644756489,0.0000250228385994,0.0000128830652102,0.00000895919401955,0.00000706434730091,0.00000505358275404,0.00000131372121359,2.63427835989e-7],"dmean2":[0.000141997661558,0.00281285913661,0.00400007842109,0.00281182397157,0.00208915420808,0.00106240890455,0.000620480743237,0.000696548784617,0.000766917713918,0.000668581633363,0.00087844254449,0.000745539786294,0.00140940619167,0.00141585269012,0.00102673342917,0.000771482998971,0.000540354987606,0.000147193757584,0.000102107595012,0.0000552375786356,0.0000376200587198,0.0000176005341928,0.0000125031529024,0.00000983617246675,0.00000673514568916,0.00000184689713478,3.9594308987e-7],"dvar":[6.74189450933e-8,0.000026039311706,0.0000437660783064,0.0000143210772876,0.00000684611541146,0.00000129034776819,0.00000211315864362,0.00000154615531756,0.00000142999317632,0.00000166469965279,0.000003150694738,0.00000153452003815,0.0000108728709165,0.00000800241832621,0.00000195769075617,0.0000011550777117,6.83300072524e-7,3.75964894772e-8,1.96946547959e-8,8.3613302948e-9,6.36504005058e-9,3.3606035732e-9,5.27158405816e-9,2.92200286189e-9,1.87921767036e-9,3.47011933077e-11,1.48441176885e-12],"dvar2":[1.66054022088e-7,0.0000568463619857,0.00012504044571,0.0000399203781853,0.0000191006020032,0.00000365556206816,0.00000551447101316,0.00000385497696698,0.00000308653056891,0.00000348435401065,0.00000656968177282,0.00000350137383975,0.0000234373746935,0.0000175494642463,0.00000509633264301,0.00000276742184724,0.00000173061107489,9.38818516261e-8,4.90784977103e-8,1.95762410726e-8,1.36426798747e-8,6.39363761934e-9,1.33574307171e-8,5.2971493858e-9,3.3415088474e-9,7.09395528431e-11,3.35318925404e-12],"max":[0.00224631489255,0.0534704588354,0.0805676579475,0.0569847859442,0.0400815680623,0.018457967788,0.0314922593534,0.0372735112906,0.0433825179935,0.0547788701952,0.0705100893974,0.0556015074253,0.099207341671,0.0928921028972,0.0444476008415,0.0453481636941,0.0440520197153,0.00556323584169,0.00365748512559,0.00225160457194,0.00235960399732,0.00153847120237,0.00440037529916,0.00483406987041,0.00264049414545,0.000297731690807,0.0000294295423373],"mean":[0.0000853103774716,0.00226361537352,0.00266620772891,0.00254462705925,0.00205060373992,0.00105501152575,0.000544592738152,0.000806092692073,0.00104778353125,0.000834882201161,0.000946118612774,0.000805358402431,0.00147877295967,0.00167850940488,0.00112682767212,0.000965612591244,0.000648243702017,0.000192877880181,0.00014868490689,0.0000769744219724,0.0000493621882924,0.00002182521348,0.0000140614129123,0.0000112666675705,0.00000810322580946,0.00000185087162663,3.45588148321e-7],"median":[0.00000128868737193,0.00018365107826,0.00035070272861,0.000298072845908,0.000846943468787,0.000489206402563,0.000115310773253,0.00017207210476,0.000290831056191,0.000147161685163,0.000243780261371,0.000198078603717,0.000320392951835,0.000387777108699,0.000229105251492,0.000184190270375,0.000110438035335,0.0000449833460152,0.0000204053394555,0.0000119697906484,0.00000380111691811,4.85338830458e-7,2.09235992088e-7,1.9727879419e-7,2.62328285316e-7,1.03249519157e-7,5.70962157553e-8],"min":[3.45182389616e-12,1.04647749342e-13,8.97184412809e-15,6.16729771094e-15,3.29108654662e-14,3.07372840559e-14,2.57252088419e-14,2.21981839784e-14,3.80429804954e-14,2.95697711108e-14,1.305174349e-14,1.94558707659e-14,6.01332406178e-14,4.96238114619e-14,6.22124625579e-14,2.81672183814e-14,3.98714230848e-14,4.78930453239e-14,2.2579025238e-14,1.77399107638e-14,6.88347829799e-14,1.08022857152e-13,3.30429748233e-13,7.47896915839e-13,1.37674301213e-12,5.84942424359e-12,1.37364453145e-9],"var":[7.07439227199e-8,0.000035714070691,0.0000409497442888,0.000022265692678,0.00000941232974583,0.00000235442644225,0.00000240441204369,0.00000369242229681,0.00000541998861081,0.00000628855195828,0.00000915068267204,0.00000367669849766,0.0000209369754884,0.0000217726246774,0.00000397193116441,0.00000313698819809,0.00000144141392866,9.96473161763e-8,7.20535808796e-8,2.36366641815e-8,1.72254850384e-8,8.97892427076e-9,7.84383313857e-9,8.01783173188e-9,4.68339012016e-9,6.34682653655e-11,1.93830650315e-12]},"barkbands_crest":{"dmean":2.28098058701,"dmean2":3.70971345901,"dvar":4.50878953934,"dvar2":11.8582391739,"max":26.8360404968,"mean":9.55342197418,"median":8.82178974152,"min":2.52746462822,"var":16.3649158478},"barkbands_flatness_db":{"dmean":0.0176894459873,"dmean2":0.0267760697752,"dvar":0.000287473027129,"dvar2":0.000623726693448,"max":0.541659653187,"mean":0.191217273474,"median":0.187390297651,"min":0.0309671834111,"var":0.00312052713707},"barkbands_kurtosis":{"dmean":2.08157682419,"dmean2":3.28768467903,"dvar":46.6902961731,"dvar2":89.9755630493,"max":515.702270508,"mean":5.4847612381,"median":-0.0348825454712,"min":-1.98730003834,"var":383.283233643},"barkbands_skewness":{"dmean":0.476055920124,"dmean2":0.736034095287,"dvar":0.267866581678,"dvar2":0.580823898315,"max":12.8885993958,"mean":0.897361397743,"median":0.660408198833,"min":-22.5290565491,"var":2.66367459297},"barkbands_spread":{"dmean":3.42310929298,"dmean2":5.43235397339,"dvar":21.4582424164,"dvar2":52.4611244202,"max":165.740447998,"mean":17.4112529755,"median":16.0562782288,"min":0.268258452415,"var":134.036758423},"dissonance":{"dmean":0.0189505703747,"dmean2":0.0322026349604,"dvar":0.000452840147773,"dvar2":0.00123000377789,"max":0.500000178814,"mean":0.459443420172,"median":0.472550421953,"min":0.196280345321,"var":0.00150323472917},"dynamic_complexity":6.91649436951,"erbbands":{"dmean":[0.05561183393,0.473629921675,2.12132835388,4.78016757965,3.88135838509,4.85988235474,4.74384975433,5.21675729752,4.62509918213,6.40510988235,10.3980760574,10.6540555954,13.6607980728,17.1743526459,18.5141487122,17.6804599762,36.6165618896,42.4211006165,41.5929450989,21.6531200409,25.5920543671,13.8122415543,5.45578479767,3.76557946205,2.58083343506,1.80229783058,1.27143669128,0.755792498589,0.499269813299,0.33963561058,0.248273521662,0.171601355076,0.106689102948,0.0652262568474,0.0338789410889,0.00802237633616,0.00217490387149,0.000459846982267,0.0000444178949692,0.00000910295239009],"dmean2":[0.079145655036,0.794131875038,3.7674779892,7.97214746475,6.67319536209,8.12024974823,7.97272539139,8.922914505,7.73850250244,10.5256433487,16.3085346222,16.4445343018,20.9339962006,27.1013565063,28.8620166779,28.4530391693,57.2673988342,65.8899917603,67.0911026001,34.7299385071,40.6211662292,22.0482807159,8.71490192413,5.96320152283,4.04004955292,2.79293322563,1.96086239815,1.08307111263,0.691188871861,0.471068292856,0.351946771145,0.244095876813,0.149011269212,0.0879697054625,0.0463691838086,0.0109289735556,0.00310673145577,0.000665754778311,0.0000658918434056,0.0000138962741403],"dvar":[0.0251908153296,1.95535099506,41.6993751526,119.993354797,85.8278503418,112.774909973,73.2537002563,117.26940918,283.418487549,657.613830566,776.328735352,581.403808594,2067.59741211,2802.41796875,3095.16650391,1836.80957031,18150.8984375,18865.8046875,7968.125,2311.97045898,3493.83496094,875.550964355,133.231994629,65.5158157349,36.2221374512,20.9142456055,14.8382005692,7.78632640839,5.01693725586,3.72303795815,4.45450210571,1.61318337917,0.703091144562,0.318770974874,0.0997895896435,0.00260049197823,0.0000803187576821,0.00000406106255468,3.83063039067e-8,3.63536700743e-10],"dvar2":[0.0477341301739,4.99561262131,119.467796326,334.253295898,243.73600769,314.095184326,199.421020508,331.078308105,747.241882324,1764.49450684,1857.08190918,1322.8951416,4436.11279297,6117.1484375,6453.79492188,4224.20117188,40148.0585938,41682.0585938,19592.6289062,5406.28320312,8757.18164062,2203.10302734,336.901489258,162.959381104,88.4549179077,49.4079246521,34.2376098633,15.2048616409,9.81476211548,7.91730880737,11.3114261627,3.13923072815,1.37784576416,0.571410298347,0.211332395673,0.00521965511143,0.000164016979397,0.00000882696895133,8.57609592231e-8,8.58933479897e-10],"max":[1.60272598267,14.4873685837,82.6543121338,151.046325684,142.142990112,184.462539673,202.384597778,197.675537109,373.317321777,641.979980469,1035.2578125,636.448303223,1797.3347168,2067.55615234,2889.28271484,2139.3190918,4517.45117188,4788,2513.82666016,2505.50390625,3040.15405273,1155.53552246,386.039611816,262.497924805,201.675369263,102.701263428,133.79914856,83.4404373169,61.5192527771,82.4681930542,122.429977417,100.715652466,65.1572799683,35.5988388062,22.1743831635,4.03448438644,0.297844916582,0.0599788799882,0.00533928349614,0.000357250100933],"mean":[0.0691453367472,0.514059245586,2.42732548714,7.47546672821,5.86135101318,7.58611536026,8.31023693085,8.27599239349,7.24972772598,9.65517616272,21.3218841553,23.2313861847,28.2176971436,32.0296287537,35.5786247253,33.8198432922,63.7652168274,86.7074432373,82.24634552,45.9336471558,55.0175209045,31.4989509583,12.6827602386,8.52640342712,6.1932053566,3.91588187218,2.59818720818,1.4193905592,0.839860081673,0.556523442268,0.388953953981,0.258821755648,0.173748254776,0.103338196874,0.0505522564054,0.0119100809097,0.00297437049448,0.000590068346355,0.0000677927091601,0.0000290597781714],"median":[0.00196489575319,0.0597753077745,0.354066163301,0.892228662968,1.55606198311,2.51750993729,4.07875871658,3.17357897758,2.29133057594,2.48249936104,5.55062103271,7.72868347168,5.86751651764,8.15617752075,11.1205396652,10.1980056763,16.4234275818,23.5298786163,19.6348819733,10.8443231583,10.5338277817,6.30672693253,3.18874526024,1.62056732178,0.877746641636,0.611370503902,0.227177873254,0.103606447577,0.0235058050603,0.00904078129679,0.00596566637978,0.00414920179173,0.003232331248,0.00256475782953,0.00190518482123,0.000641567865387,0.000172338404809,0.0000451775667898,0.0000195580087166,0.0000151460471898],"min":[8.06248123819e-11,1.47130502226e-11,1.90806433154e-11,1.88037762444e-11,4.8954455073e-11,9.8579477914e-11,1.8542545277e-10,1.67672181695e-10,2.53399135008e-10,2.54050919191e-10,6.0470939367e-10,9.05124086792e-10,9.70454050453e-10,1.45109269045e-9,6.30940466539e-10,8.27312496288e-10,3.15235881843e-9,2.65107091835e-9,2.37303710016e-9,3.72933328663e-9,1.27271593264e-9,2.78620793104e-9,2.45171216662e-9,2.22384177739e-9,9.06650088339e-10,7.83046294472e-10,1.80003278949e-9,2.54530463373e-9,3.53158724486e-9,4.7159764982e-9,1.13944063074e-8,8.02961253044e-9,1.76386869555e-8,1.68467533257e-8,8.80353212551e-9,7.0846306599e-9,1.31640121026e-8,9.80199601486e-8,1.17459528326e-7,3.12142880432e-8],"var":[0.0391114763916,1.95538914204,35.9611930847,188.156463623,101.373069763,155.392044067,146.655563354,185.701583862,325.089630127,710.397827148,2507.57788086,1986.70239258,8083.00488281,6348.31396484,11292.046875,4947.38525391,32328.4238281,52927.578125,19781.7246094,6560.99023438,9882.5625,2506.41796875,379.271392822,206.586669922,131.412826538,59.3793411255,41.9731292725,18.6409244537,12.3467407227,8.50864124298,6.6111125946,3.87877821922,1.87053048611,0.796470522881,0.181014597416,0.00477486895397,0.000152642052853,0.00000629977239441,5.45935030516e-8,1.14537812568e-9]},"erbbands_crest":{"dmean":2.59984827042,"dmean2":4.17962503433,"dvar":6.75240707397,"dvar2":16.6566772461,"max":33.3633613586,"mean":11.6103782654,"median":9.85720157623,"min":1.92627334595,"var":34.3997001648},"erbbands_flatness_db":{"dmean":0.0173983648419,"dmean2":0.0251104515046,"dvar":0.000326927867718,"dvar2":0.000615082215518,"max":0.494136035442,"mean":0.247477173805,"median":0.243485286832,"min":0.0143282534555,"var":0.00407666200772},"erbbands_kurtosis":{"dmean":1.6621414423,"dmean2":2.54875922203,"dvar":12.8828611374,"dvar2":26.5122585297,"max":210.565048218,"mean":3.48625922203,"median":0.848060846329,"min":-1.90694534779,"var":132.297973633},"erbbands_skewness":{"dmean":0.376446664333,"dmean2":0.574473202229,"dvar":0.145685330033,"dvar2":0.322596073151,"max":11.8558950424,"mean":-0.133046582341,"median":-0.44418784976,"min":-7.41422748566,"var":2.46848511696},"erbbands_spread":{"dmean":4.59041547775,"dmean2":7.23586177826,"dvar":34.345161438,"dvar2":81.7212905884,"max":171.91583252,"mean":21.4670352936,"median":19.351234436,"min":0.837110280991,"var":213.117218018},"gfcc":{"cov":[[16298.3603516,1928.99707031,-3529.83422852,1580.97302246,315.976654053,865.367004395,965.198364258,383.148468018,293.772491455,-40.7037353516,-101.582344055,-292.899291992,196.768005371],[1928.99707031,1923.49267578,-834.042297363,26.3027572632,747.267028809,-71.624786377,463.77746582,0.0902619361877,169.000213623,-161.287567139,4.97214841843,-213.156555176,54.2837219238],[-3529.83422852,-834.042297363,1921.61853027,93.0469894409,-409.458007812,75.8579483032,-366.952850342,-54.1593704224,-53.923538208,65.7627410889,3.53584647179,132.376800537,-107.783355713],[1580.97302246,26.3027572632,93.0469894409,821.610717773,56.858455658,181.12928772,168.638320923,31.5645179749,116.355438232,3.57137608528,2.40105009079,-57.162612915,25.5050430298],[315.976654053,747.267028809,-409.458007812,56.858455658,712.895324707,37.0179481506,209.986877441,-22.6650257111,106.271507263,-79.3418884277,26.5907592773,-91.1729202271,6.41707324982],[865.367004395,-71.624786377,75.8579483032,181.12928772,37.0179481506,353.239929199,88.7450790405,20.3073806763,41.7798309326,-2.76487541199,-3.75424551964,-0.804583013058,-20.3457946777],[965.198364258,463.77746582,-366.952850342,168.638320923,209.986877441,88.7450790405,431.127197266,104.349151611,67.6500930786,-50.5044517517,-1.19757950306,-84.9085998535,37.4041404724],[383.148468018,0.0902619361877,-54.1593704224,31.5645179749,-22.6650257111,20.3073806763,104.349151611,195.571273804,51.2845230103,-6.44810390472,-13.7293672562,-1.8844461441,-2.29489922523],[293.772491455,169.000213623,-53.923538208,116.355438232,106.271507263,41.7798309326,67.6500930786,51.2845230103,172.703079224,6.82790994644,-4.61318922043,-35.5138893127,0.0439683571458],[-40.7037353516,-161.287567139,65.7627410889,3.57137608528,-79.3418884277,-2.76487541199,-50.5044517517,-6.44810390472,6.82790994644,111.524940491,27.0007762909,15.9355287552,-1.73783874512],[-101.582344055,4.97214841843,3.53584647179,2.40105009079,26.5907592773,-3.75424551964,-1.19757950306,-13.7293672562,-4.61318922043,27.0007762909,83.476776123,29.5243587494,3.87843465805],[-292.899291992,-213.156555176,132.376800537,-57.162612915,-91.1729202271,-0.804583013058,-84.9085998535,-1.8844461441,-35.5138893127,15.9355287552,29.5243587494,109.692649841,22.127948761],[196.768005371,54.2837219238,-107.783355713,25.5050430298,6.41707324982,-20.3457946777,37.4041404724,-2.29489922523,0.0439683571458,-1.73783874512,3.87843465805,22.127948761,86.1709518433]],"icov":[[0.000533281476237,-0.000860021682456,0.00118883908726,-0.00120074511506,0.000879494589753,-0.00142829399556,0.000848827650771,-0.000885557907168,0.000718000810593,-0.00089440017473,0.000834837788716,-0.000918902980629,0.000551679695491],[-0.000860021682456,0.00276827975176,-0.00183456065133,0.00220206868835,-0.00218294141814,0.00273253768682,-0.00214042700827,0.00187736633234,-0.00189703237265,0.00251074600965,-0.00196716515347,0.00288689997979,-0.0015408762265],[0.00118883908726,-0.00183456065133,0.00343762454577,-0.00290960236453,0.0021696605254,-0.00325971515849,0.00223146914504,-0.00181956752203,0.00147684372496,-0.00191855081357,0.00198043044657,-0.00280918879434,0.002246520482],[-0.00120074511506,0.00220206868835,-0.00290960236453,0.00445019733161,-0.00194750609808,0.00259494245984,-0.0024787040893,0.0022383488249,-0.00259376666509,0.00224116141908,-0.00249198265374,0.00341852195561,-0.00242778402753],[0.000879494589753,-0.00218294141814,0.0021696605254,-0.00194750609808,0.00419018883258,-0.00270221359096,0.00119069812354,-0.000725097139366,0.000194348700461,-0.000479056616314,0.000188558740774,-0.00137666438241,0.00150617118925],[-0.00142829399556,0.00273253768682,-0.00325971515849,0.00259494245984,-0.00270221359096,0.007601196412,-0.00363523815759,0.0029761842452,-0.00257718469948,0.00244100322016,-0.00149275281001,0.000999838346615,0.000208879340789],[0.000848827650771,-0.00214042700827,0.00223146914504,-0.0024787040893,0.00119069812354,-0.00363523815759,0.00677767349407,-0.00433043856174,0.00210363813676,-0.000775091641117,-0.0000674485345371,0.00135818286799,-0.00143183243927],[-0.000885557907168,0.00187736633234,-0.00181956752203,0.0022383488249,-0.000725097139366,0.0029761842452,-0.00433043856174,0.00899490714073,-0.00391331454739,0.00188223354053,0.0000489133053634,-0.000896911835298,0.00104507966898],[0.000718000810593,-0.00189703237265,0.00147684372496,-0.00259376666509,0.000194348700461,-0.00257718469948,0.00210363813676,-0.00391331454739,0.00962928775698,-0.00348938885145,0.00191005202942,-0.00017227535136,0.000413143279729],[-0.00089440017473,0.00251074600965,-0.00191855081357,0.00224116141908,-0.000479056616314,0.00244100322016,-0.000775091641117,0.00188223354053,-0.00348938885145,0.0140382628888,-0.00674400711432,0.00408871704713,-0.00206533260643],[0.000834837788716,-0.00196716515347,0.00198043044657,-0.00249198265374,0.000188558740774,-0.00149275281001,-0.0000674485345371,0.0000489133053634,0.00191005202942,-0.00674400711432,0.0183762162924,-0.00926731806248,0.00362740480341],[-0.000918902980629,0.00288689997979,-0.00280918879434,0.00341852195561,-0.00137666438241,0.000999838346615,0.00135818286799,-0.000896911835298,-0.00017227535136,0.00408871704713,-0.00926731806248,0.0210915096104,-0.00943721365184],[0.000551679695491,-0.0015408762265,0.002246520482,-0.00242778402753,0.00150617118925,0.000208879340789,-0.00143183243927,0.00104507966898,0.000413143279729,-0.00206533260643,0.00362740480341,-0.00943721365184,0.0176490955055]],"mean":[-105.579338074,139.900543213,-145.498138428,-1.35718762875,-23.7473888397,-8.61172199249,-38.5453834534,-6.94863939285,-27.5835723877,-2.75627779961,-17.8518238068,-10.0560150146,-6.57519865036]},"hfc":{"dmean":4.30743455887,"dmean2":6.4462351799,"dvar":56.570892334,"dvar2":121.804641724,"max":158.790618896,"mean":18.1887569427,"median":9.09948825836,"min":0.0000533113525307,"var":418.587646484},"melbands":{"dmean":[0.000469458551379,0.000935303571168,0.000755861401558,0.000308015325572,0.000162842014106,0.000113982358016,0.0000730968240532,0.0000711464963388,0.0000835195096442,0.0000717818111298,0.0000685924023855,0.0000682355384924,0.00007199736865,0.0000458383037767,0.0000533058555447,0.000109336760943,0.0000846562470542,0.0000759187532822,0.0000354076364601,0.000034274016798,0.000034305092413,0.000018860826458,0.00000730931878934,0.00000423558321927,0.00000334082437803,0.0000025237736736,0.00000143155796195,0.0000012575413848,8.9019886218e-7,6.03859518833e-7,4.29335671015e-7,3.18793922816e-7,2.17145853298e-7,1.90259939359e-7,1.60352556122e-7,1.14589177258e-7,1.0661776173e-7,8.20568217819e-8,6.4761422891e-8,5.55642714062e-8],"dmean2":[0.000701323908288,0.00163909350522,0.00126905355137,0.000514994200785,0.000274578487733,0.000194980369997,0.000122140831081,0.000116736599011,0.000130208572955,0.000110205081,0.000104923950857,0.000107791747723,0.000112712950795,0.0000715728820069,0.0000872287564562,0.00017040441162,0.000131792228785,0.000121691926324,0.0000579899751756,0.000054851952882,0.000054774198361,0.0000303510805679,0.0000117949184641,0.00000683555754222,0.00000536415382157,0.00000402441901315,0.00000225159942602,0.00000198140810426,0.00000139591077186,9.32819375521e-7,6.24376866654e-7,4.62092657472e-7,3.03507704302e-7,2.76565316426e-7,2.36139840126e-7,1.62739766552e-7,1.55391944645e-7,1.16794154792e-7,9.33043793339e-8,7.38764995845e-8],"dvar":[0.00000173351361354,0.0000077980594142,0.00000311372150463,4.56324954712e-7,8.46818721811e-8,5.31726698227e-8,7.37702023912e-8,7.49418731516e-8,4.98474435062e-8,2.77961991202e-8,5.21936946996e-8,4.24918056297e-8,4.84483422269e-8,2.08677963798e-8,1.59390083354e-8,1.73932079406e-7,8.30509705452e-8,3.10302539219e-8,7.47612727281e-9,5.8493596633e-9,6.95974655684e-9,1.9338417534e-9,2.36042824175e-10,9.1156943105e-11,5.45482096992e-11,3.76587303008e-11,1.12346668427e-11,1.07611220282e-11,7.68116733413e-12,3.654302555e-12,3.00819005122e-12,2.1559811228e-12,1.1439948381e-12,1.67584327491e-12,2.7354019657e-12,6.26782859555e-13,8.38688818915e-13,5.70743972916e-13,3.27105394637e-13,2.41550404895e-13],"dvar2":[0.00000329742329086,0.0000218849727389,0.00000873280623637,0.00000126885470308,2.33772510683e-7,1.509253309e-7,1.93057289266e-7,2.01596719762e-7,1.17643025987e-7,6.13556210283e-8,1.11677209702e-7,9.23212795101e-8,9.97396440994e-8,4.36678142535e-8,4.12200762412e-8,3.74230495481e-7,1.85556814358e-7,7.21940907056e-8,1.84173583051e-8,1.35306832405e-8,1.75709367056e-8,4.85878048906e-9,6.03821437295e-10,2.30973185023e-10,1.38857522702e-10,9.58955900798e-11,2.81282531989e-11,2.5973561843e-11,1.83178767293e-11,8.40902347754e-12,6.11102965106e-12,4.71093606833e-12,2.27882448155e-12,4.08116422601e-12,7.47416451646e-12,1.232268519e-12,1.64637552723e-12,1.18535227207e-12,7.84031422684e-13,4.19999050729e-13],"max":[0.0127113927156,0.0332670919597,0.0244263708591,0.0109637696296,0.0070389341563,0.00393926491961,0.00602434575558,0.0070777493529,0.00909301452339,0.00554544432089,0.00938815250993,0.00760409981012,0.0116632152349,0.00843482743949,0.00387295568362,0.0135234761983,0.0110148787498,0.00616075424477,0.00297148618847,0.00446504820138,0.00437620468438,0.0019382837927,0.00032237029518,0.000355052325176,0.000230874677072,0.000228606688324,0.0000877989295986,0.0000667898275424,0.00010403424676,0.0000544150934729,0.0000509357741976,0.0000376045427402,0.0000391263856727,0.0000696480201441,0.000109152919322,0.0000424447716796,0.0000868707938935,0.0000673215981806,0.0000366822678188,0.0000361644124496],"mean":[0.000614306773059,0.00108192395419,0.00118678552099,0.000488251476781,0.000293283897918,0.000184253512998,0.000114471768029,0.000110976128781,0.000172778687556,0.000152040272951,0.000138612944284,0.000124239595607,0.000128016428789,0.0000839400890982,0.0000929054076551,0.000176500441739,0.000158630791702,0.00014311959967,0.0000666859268676,0.0000636204349576,0.0000667928979965,0.0000377709293389,0.0000149644120029,0.00000848182298796,0.00000671174439049,0.00000547498848391,0.00000310617519972,0.00000244291391027,0.0000016896527768,0.0000011594128182,7.1227736953e-7,4.98583403896e-7,3.50269516503e-7,2.92831828119e-7,2.34978841718e-7,1.77447773808e-7,1.50739197124e-7,1.27388787519e-7,9.79183667482e-8,8.35183300296e-8],"median":[0.0000351126582245,0.000163755612448,0.000183054551599,0.000142572564073,0.000152910244651,0.0000753078129492,0.000031881074392,0.0000278753523162,0.00004342556349,0.0000412512963521,0.0000236711275647,0.0000272549204965,0.0000339009311574,0.0000240277622652,0.0000248422202276,0.0000341906488757,0.0000399318378186,0.0000298949471471,0.0000137219694807,0.0000125040987768,0.0000108668773464,0.00000667441236146,0.00000297720680464,0.00000200144768314,0.00000111186557206,6.18567185029e-7,4.6962307465e-7,3.42892178651e-7,1.27560198848e-7,8.83686084308e-8,4.18755412568e-8,1.22680363646e-8,5.90886362062e-9,4.03946387451e-9,3.32612537512e-9,2.40365882753e-9,2.32456187632e-9,2.10139261547e-9,1.88210780294e-9,2.12006945333e-9],"min":[7.08525198147e-13,1.11332816271e-14,3.75599565691e-15,6.96149443701e-15,7.05455413527e-15,4.35805905252e-15,3.82216841185e-15,3.07393804624e-15,5.48189813178e-15,5.24248045759e-15,4.21369626271e-15,5.26009408421e-15,1.75384799762e-15,2.15613464921e-15,3.57419443434e-15,7.19381016345e-15,4.41211076599e-15,3.53184913973e-15,4.82049118436e-15,2.94088716968e-15,1.20581238679e-15,2.06648129394e-15,2.06070601155e-15,2.30114012528e-15,1.65146839583e-15,6.99326177242e-16,4.72118959443e-16,5.35365744944e-16,7.90982765431e-16,1.69305654887e-15,1.28943751445e-15,1.87089376313e-15,2.02758998793e-15,2.53295631404e-15,5.17405840666e-15,6.21421232478e-15,4.06911324432e-15,1.10055710815e-14,1.59156457409e-14,1.38285150542e-14],"var":[0.00000274202716355,0.00000700686223354,0.00000452025733466,6.40193377421e-7,1.57669546752e-7,8.52968611298e-8,8.61415685449e-8,8.3874823531e-8,1.72561740897e-7,1.04728378858e-7,2.067362459e-7,1.05716722487e-7,1.73366871081e-7,5.48297904857e-8,3.2962486074e-8,3.33920581852e-7,2.16001879494e-7,7.6407864924e-8,1.58962141228e-8,1.46374192767e-8,1.73988468077e-8,4.49734427477e-9,6.04725491904e-10,2.17743684194e-10,1.42166486916e-10,1.15345961949e-10,3.2756380941e-11,2.59144927739e-11,1.91457127929e-11,9.12795186658e-12,6.06414224391e-12,4.52962667374e-12,2.76398825702e-12,2.88301782621e-12,2.9470024511e-12,1.4693754026e-12,1.81110855479e-12,1.20515132162e-12,6.79380759549e-13,5.53647676749e-13]},"melbands_crest":{"dmean":3.13855648041,"dmean2":5.05320453644,"dvar":7.84253835678,"dvar2":20.1092014313,"max":36.6094360352,"mean":14.0583705902,"median":13.4001712799,"min":3.17704844475,"var":29.0856437683},"melbands_flatness_db":{"dmean":0.0209094434977,"dmean2":0.0315557159483,"dvar":0.000414538750192,"dvar2":0.00092727743322,"max":0.616672515869,"mean":0.265612661839,"median":0.259458094835,"min":0.0550977662206,"var":0.00452207773924},"melbands_kurtosis":{"dmean":3.2752571106,"dmean2":5.31408786774,"dvar":58.2579421997,"dvar2":144.607574463,"max":408.63269043,"mean":6.95736646652,"median":1.59433364868,"min":-1.90844070911,"var":268.382049561},"melbands_skewness":{"dmean":0.560696303844,"dmean2":0.872609734535,"dvar":0.347233116627,"dvar2":0.850317299366,"max":13.2864017487,"mean":1.51998412609,"median":1.36706292629,"min":-4.33011579514,"var":2.16514420509},"melbands_spread":{"dmean":5.86758184433,"dmean2":9.1253194809,"dvar":49.7395553589,"dvar2":116.358711243,"max":181.273605347,"mean":24.499458313,"median":23.2823123932,"min":0.351632326841,"var":217.479400635},"mfcc":{"cov":[[15596.4589844,1246.05700684,-3062.15917969,869.022216797,-171.295562744,710.095031738,635.990722656,609.189941406,843.694885254,424.06237793,109.648590088,285.159057617,140.310058594],[1246.05700684,1746.34790039,-955.300537109,-41.6012992859,202.562774658,5.26197385788,212.292541504,126.199707031,179.292236328,72.8323059082,-15.7423591614,58.1031608582,5.67050170898],[-3062.15917969,-955.300537109,1900.54370117,52.3368225098,-39.2756958008,23.059720993,-228.715774536,-93.1136932373,-209.579238892,-70.6661071777,18.6885643005,-80.3987579346,14.954539299],[869.022216797,-41.6012992859,52.3368225098,566.317199707,45.4207954407,114.088928223,86.3500671387,46.4407043457,114.223106384,55.9671516418,15.6783218384,45.8409614563,17.7567958832],[-171.295562744,202.562774658,-39.2756958008,45.4207954407,368.021087646,121.448249817,-9.70762252808,38.1183242798,4.85440063477,15.4220743179,-8.69405174255,36.6944999695,26.1916275024],[710.095031738,5.26197385788,23.059720993,114.088928223,121.448249817,325.124908447,94.3960876465,52.1222229004,61.2703857422,31.0283756256,9.78665542603,21.861825943,27.4663028717],[635.990722656,212.292541504,-228.715774536,86.3500671387,-9.70762252808,94.3960876465,251.364852905,116.200630188,81.2452545166,48.3237876892,0.513276994228,23.9943141937,14.7262582779],[609.189941406,126.199707031,-93.1136932373,46.4407043457,38.1183242798,52.1222229004,116.200630188,226.673660278,122.300514221,56.3699493408,17.686756134,27.8863525391,25.2537765503],[843.694885254,179.292236328,-209.579238892,114.223106384,4.85440063477,61.2703857422,81.2452545166,122.300514221,208.274887085,84.2997207642,21.731628418,33.4667358398,14.944190979],[424.06237793,72.8323059082,-70.6661071777,55.9671516418,15.4220743179,31.0283756256,48.3237876892,56.3699493408,84.2997207642,128.674926758,44.2300872803,15.157327652,8.00327396393],[109.648590088,-15.7423591614,18.6885643005,15.6783218384,-8.69405174255,9.78665542603,0.513276994228,17.686756134,21.731628418,44.2300872803,96.3859786987,31.7304916382,0.422925114632],[285.159057617,58.1031608582,-80.3987579346,45.8409614563,36.6944999695,21.861825943,23.9943141937,27.8863525391,33.4667358398,15.157327652,31.7304916382,89.3091659546,39.1074066162],[140.310058594,5.67050170898,14.954539299,17.7567958832,26.1916275024,27.4663028717,14.7262582779,25.2537765503,14.944190979,8.00327396393,0.422925114632,39.1074066162,77.8779678345]],"icov":[[0.000167294987477,-0.00000892630760063,0.000303858483676,-0.00022619657102,0.000371086644009,-0.000458728638478,0.000327047950123,-0.000361108337529,0.0000857952109072,-0.000231554542552,0.0000491594437335,-0.0000937508593779,-0.000161150834174],[-0.00000892630760063,0.000964491686318,0.000300568819512,0.000231809943216,-0.0007371858228,0.000453606247902,-0.000742740579881,0.000284031033516,-0.000671980786137,0.000114400325401,-0.0000127632019939,0.0000683952312102,0.0000544909344171],[0.000303858483676,0.000300568819512,0.00143846799619,-0.000686953251716,0.000710871827323,-0.00107461726293,0.00123060238548,-0.00113874534145,0.000982955796644,-0.000424829660915,-0.000341203325661,0.000699880416505,-0.000907004228793],[-0.00022619657102,0.000231809943216,-0.000686953251716,0.00267149065621,-0.000887746573426,0.000440822273958,-0.00139441085048,0.00135907868389,-0.00178612605669,0.000149420477101,0.000276952749118,-0.000968455453403,0.000691703869961],[0.000371086644009,-0.0007371858228,0.000710871827323,-0.000887746573426,0.00511282915249,-0.00305953854695,0.00289245927706,-0.0023984501604,0.00226562842727,-0.00172576634213,0.0016099124914,-0.00202711811289,-0.000206865064683],[-0.000458728638478,0.000453606247902,-0.00107461726293,0.000440822273958,-0.00305953854695,0.00603857263923,-0.00336942379363,0.0020718225278,-0.0020429387223,0.00134015467484,-0.00105737301055,0.00117478298489,-0.000566033239011],[0.000327047950123,-0.000742740579881,0.00123060238548,-0.00139441085048,0.00289245927706,-0.00336942379363,0.00859754811972,-0.00456261308864,0.00246542785317,-0.0022069835104,0.00171090813819,-0.00110670377035,-0.0000840076318127],[-0.000361108337529,0.000284031033516,-0.00113874534145,0.00135907868389,-0.0023984501604,0.0020718225278,-0.00456261308864,0.00949677731842,-0.00536454282701,0.00105833029374,-0.00118397397455,0.000680885568727,-0.00101698189974],[0.0000857952109072,-0.000671980786137,0.000982955796644,-0.00178612605669,0.00226562842727,-0.0020429387223,0.00246542785317,-0.00536454282701,0.011882587336,-0.00506167626008,0.00150661543012,-0.00179048313294,0.000475705310237],[-0.000231554542552,0.000114400325401,-0.000424829660915,0.000149420477101,-0.00172576634213,0.00134015467484,-0.0022069835104,0.00105833029374,-0.00506167626008,0.0136069664732,-0.00631659431383,0.00329875852913,-0.00141100422479],[0.0000491594437335,-0.0000127632019939,-0.000341203325661,0.000276952749118,0.0016099124914,-0.00105737301055,0.00171090813819,-0.00118397397455,0.00150661543012,-0.00631659431383,0.0159990806133,-0.00807878095657,0.00413662614301],[-0.0000937508593779,0.0000683952312102,0.000699880416505,-0.000968455453403,-0.00202711811289,0.00117478298489,-0.00110670377035,0.000680885568727,-0.00179048313294,0.00329875852913,-0.00807878095657,0.0204427540302,-0.00971088558435],[-0.000161150834174,0.0000544909344171,-0.000907004228793,0.000691703869961,-0.000206865064683,-0.000566033239011,-0.0000840076318127,-0.00101698189974,0.000475705310237,-0.00141100422479,0.00413662614301,-0.00971088558435,0.0186659973115]],"mean":[-743.87121582,178.925262451,-48.1796455383,14.2213058472,13.6633911133,1.82702028751,-0.158803537488,-10.6780605316,-3.00189089775,-3.80396962166,-6.59269857407,-4.23164129257,-8.15356826782]},"pitch_salience":{"dmean":0.0635018348694,"dmean2":0.103352025151,"dvar":0.00319608766586,"dvar2":0.00811300519854,"max":0.835671544075,"mean":0.556990861893,"median":0.565598666668,"min":0.0978078767657,"var":0.0123276850209},"silence_rate_20dB":{"dmean":0,"dmean2":0,"dvar":0,"dvar2":0,"max":1,"mean":1,"median":1,"min":1,"var":0},"silence_rate_30dB":{"dmean":0.0046581896022,"dmean2":0.00931696593761,"dvar":0.00463665090501,"dvar2":0.0132592320442,"max":1,"mean":0.997041583061,"median":1,"min":0,"var":0.00294959265739},"silence_rate_60dB":{"dmean":0.0242981240153,"dmean2":0.048599306494,"dvar":0.0237026941031,"dvar2":0.0525410175323,"max":1,"mean":0.278844326735,"median":0,"min":0,"var":0.201021164656},"spectral_centroid":{"dmean":159.547973633,"dmean2":245.174209595,"dvar":37893.46875,"dvar2":79354.109375,"max":10910.4980469,"mean":1128.11743164,"median":1133.97900391,"min":124.116867065,"var":258689.875},"spectral_complexity":{"dmean":2.32582139969,"dmean2":3.64582943916,"dvar":6.86780643463,"dvar2":14.7072019577,"max":57,"mean":17.4542713165,"median":13,"min":0,"var":172.434646606},"spectral_contrast_coeffs":{"dmean":[0.0481677986681,0.0424053743482,0.0354395210743,0.0303355772048,0.0225846897811,0.0175406374037],"dmean2":[0.0800163894892,0.0704963356256,0.0573075525463,0.0482403300703,0.035826601088,0.0269230268896],"dvar":[0.00167703686748,0.00124501343817,0.000884973327629,0.000667529879138,0.000397207331844,0.000335147866281],"dvar2":[0.00445472123101,0.00338709377684,0.0021796298679,0.00158259936143,0.000948360422626,0.000680112047121],"max":[-0.323297232389,-0.38301217556,-0.406128913164,-0.417092531919,-0.481496453285,-0.578877925873],"mean":[-0.598914265633,-0.722809314728,-0.75906085968,-0.756770551205,-0.766791701317,-0.773664176464],"median":[-0.598191618919,-0.734423279762,-0.772329628468,-0.764876067638,-0.767149806023,-0.764516949654],"min":[-0.964891850948,-0.958355724812,-0.962854683399,-0.96652162075,-0.961391985416,-0.960265696049],"var":[0.00745424162596,0.00713863549754,0.00611270545051,0.00415171543136,0.00343891954981,0.00435195723549]},"spectral_contrast_valleys":{"dmean":[0.427973538637,0.323065519333,0.295305639505,0.254035890102,0.233301222324,0.223971709609],"dmean2":[0.710829794407,0.531372964382,0.47554448247,0.398179024458,0.345356464386,0.310945779085],"dvar":[0.139485180378,0.0912266373634,0.0748346298933,0.0671519264579,0.0737572163343,0.111479021609],"dvar2":[0.339400529861,0.207526981831,0.162571504712,0.132780507207,0.128958523273,0.181914404035],"max":[-5.16943025589,-4.21331214905,-4.99767017365,-5.3683848381,-5.73723506927,-7.87725830078],"mean":[-8.35430335999,-7.48115825653,-7.8541135788,-7.90407323837,-8.65716171265,-12.2683343887],"median":[-7.94000530243,-7.21793317795,-7.5279083252,-7.58119678497,-8.63766288757,-12.4284286499],"min":[-27.0023136139,-27.9687862396,-27.3431110382,-27.0175628662,-27.1532554626,-27.2557487488],"var":[2.95033574104,2.13230609894,2.84382963181,3.20463323593,2.56726717949,1.45065712929]},"spectral_decrease":{"dmean":1.70216041262e-9,"dmean2":2.67605271276e-9,"dvar":1.1280118084e-17,"dvar2":2.84963456327e-17,"max":4.79076075143e-15,"mean":-5.41136824239e-9,"median":-2.83308221327e-9,"min":-4.43434728936e-8,"var":3.80577660378e-17},"spectral_energy":{"dmean":0.00670014321804,"dmean2":0.0105106104165,"dvar":0.000168483238667,"dvar2":0.000423698074883,"max":0.17248801887,"mean":0.0220735054463,"median":0.0116038294509,"min":2.66712540942e-9,"var":0.000617304176558},"spectral_energyband_high":{"dmean":0.0000689611042617,"dmean2":0.0000935943535296,"dvar":6.05422982858e-8,"dvar2":1.05133217687e-7,"max":0.00732916034758,"mean":0.000144992154674,"median":0.0000124939688249,"min":1.032766761e-9,"var":2.05061908787e-7},"spectral_energyband_low":{"dmean":0.00415740348399,"dmean2":0.00668850541115,"dvar":0.000109591521323,"dvar2":0.000281081651337,"max":0.122831359506,"mean":0.00683680176735,"median":0.000929541653022,"min":3.01042806135e-12,"var":0.00017331050185},"spectral_energyband_middle_high":{"dmean":0.00240306043997,"dmean2":0.00364535464905,"dvar":0.0000211869300983,"dvar2":0.0000466142992082,"max":0.101676851511,"mean":0.00870057940483,"median":0.00361278024502,"min":6.33835215216e-13,"var":0.000125737758935},"spectral_energyband_middle_low":{"dmean":0.00324883661233,"dmean2":0.00535535020754,"dvar":0.0000419868592871,"dvar2":0.00011439678201,"max":0.109467886388,"mean":0.00834094639868,"median":0.00473327888176,"min":2.77374179397e-13,"var":0.0000942030601436},"spectral_entropy":{"dmean":0.130244657397,"dmean2":0.190294772387,"dvar":0.0194897968322,"dvar2":0.0387052409351,"max":9.79904651642,"mean":6.99849653244,"median":7.02197933197,"min":4.66100931168,"var":0.335437953472},"spectral_flux":{"dmean":0.017651412636,"dmean2":0.027762433514,"dvar":0.000697896932252,"dvar2":0.001396811218,"max":0.355399519205,"mean":0.0677408203483,"median":0.0519651249051,"min":0.0000779636757215,"var":0.00342914951034},"spectral_kurtosis":{"dmean":5.61400413513,"dmean2":9.75688171387,"dvar":44.2797203064,"dvar2":130.537460327,"max":95.9605789185,"mean":14.4220571518,"median":11.7538976669,"min":-1.61249649525,"var":116.334373474},"spectral_rms":{"dmean":0.000560649554245,"dmean2":0.000857343780808,"dvar":6.36179095181e-7,"dvar2":0.00000150869266236,"max":0.0129723167047,"mean":0.0038393153809,"median":0.00336464098655,"min":0.00000161309435498,"var":0.0000067947662501},"spectral_rolloff":{"dmean":273.074005127,"dmean2":461.434173584,"dvar":592492.6875,"dvar2":1572975,"max":21791.6015625,"mean":1500.96459961,"median":1507.32421875,"min":43.06640625,"var":2326855.5},"spectral_skewness":{"dmean":0.444620549679,"dmean2":0.758804380894,"dvar":0.21828828752,"dvar2":0.629961669445,"max":7.37203502655,"mean":2.28866624832,"median":2.13275146484,"min":-0.324100762606,"var":0.862161397934},"spectral_spread":{"dmean":286897.21875,"dmean2":429669.59375,"dvar":244781858816,"dvar2":347695480832,"max":47312820,"mean":2676751.75,"median":2155358.5,"min":754432.375,"var":5352365490180},"spectral_strongpeak":{"dmean":0.583535552025,"dmean2":0.977215468884,"dvar":1.32025015354,"dvar2":3.19951415062,"max":19.460931778,"mean":1.16401970387,"median":0.500167131424,"min":0,"var":3.57852768898},"zerocrossingrate":{"dmean":0.00589988566935,"dmean2":0.0071714790538,"dvar":0.0000950519024627,"dvar2":0.000126043829368,"max":0.8896484375,"mean":0.0518491566181,"median":0.0478515625,"min":0.0029296875,"var":0.00218397006392}},"metadata":{"audio_properties":{"analysis_sample_rate":44100,"bit_rate":0,"codec":"flac","downmix":"mix","equal_loudness":0,"length":368.866668701,"lossless":true,"md5_encoded":"677c60695ff5fa7524369525108f451b","replay_gain":-12.6783027649},"tags":{"acoustid_id":["b3b3dbb4-400e-4c56-b528-cb97feb2b6f9"],"album":["A Thousand Leaves"],"albumartist":["Sonic Youth"],"albumartistsort":["Sonic Youth"],"artist":["Sonic Youth"],"artists":["Sonic Youth"],"artistsort":["Sonic Youth"],"asin":["B000006P0F"],"barcode":["720642520321"],"catalognumber":["DGCD-25203"],"composer":["Sonic Youth"],"composersort":["Sonic Youth"],"date":["1998-05-12"],"file_name":"11 - Heather Angel.flac","label":["Geffen Records"],"media":["CD"],"musicbrainz_albumartistid":["5cbef01b-cc35-4f52-af7b-d0df0c4f61b9"],"musicbrainz_albumid":["2d1a9f62-2a28-3b47-8cf3-ec51c4af14b4"],"musicbrainz_artistid":["5cbef01b-cc35-4f52-af7b-d0df0c4f61b9"],"musicbrainz_recordingid":["854593b6-330a-4c7c-af41-43ed27d9c6e1"],"musicbrainz_releasegroupid":["d2450e24-9345-376e-b6cc-dfd6b0138de1"],"musicbrainz_releasetrackid":["2e046d4e-bdf7-3b87-9393-a84dbc28762b"],"musicbrainz_workid":["2e35439f-aefd-3602-a77b-400caf88d1d4"],"originaldate":["1998"],"performer":["Kim Gordon (lead vocals)"],"producer":["Sonic Youth","Wharton Tiers","Don Fleming"],"releasecountry":["US"],"releasestatus":["official"],"releasetype":["album"],"script":["Latn"],"title":["Heather Angel"],"totaltracks":["11"],"tracknumber":["11"],"tracktotal":["11"],"work":["Heather Angel"]},"version":{"essentia":"2.1-beta1","essentia_build_sha":"85931cb11b241c07ac43bfc3827c398894034a25","essentia_git_sha":"v2.1_beta1-6-g5578087","extractor":"music 1.0"}},"rhythm":{"beats_count":736,"beats_loudness":{"dmean":0.011009269394,"dmean2":0.0200261268765,"dvar":0.000140830059536,"dvar2":0.000405337603297,"max":0.0980886891484,"mean":0.0305312164128,"median":0.0192506313324,"min":3.2140238