{"lowlevel":{"average_loudness":0.860080659389,"barkbands":{"dmean":[0.000623503001407,0.00333841214888,0.00234372983687,0.00226069078781,0.00454540690407,0.00179787736852,0.000723784905858,0.000571470183786,0.00053683569422,0.000371605623513,0.000139662675792,0.000115111455671,0.0000619979473413,0.000106565850729,0.0000886197012733,0.0000322434789268,0.0000217035722017,0.0000203959316423,0.0000285881942546,0.0000223647966777,0.0000095189534477,0.00000521663469044,0.00000238177835854,0.00000171914211933,0.00000159942953815,0.00000168077804119,0.00000873766202858],"dmean2":[0.00108909374103,0.00555633893237,0.00390538643114,0.00371961295605,0.00710275582969,0.00278489198536,0.00117287156172,0.000910328526516,0.000855140562635,0.000573387602344,0.000219625188038,0.000183705531526,0.000099006385426,0.000169632272446,0.000138412986416,0.000049057227443,0.0000333511161443,0.0000295509198622,0.0000421755066782,0.0000317444137181,0.0000131974729811,0.00000776925026003,0.00000389051365346,0.00000290286652671,0.00000271929548035,0.00000281438201455,0.0000116249602797],"dvar":[0.00000162285527949,0.0000203394611162,0.0000103155862234,0.0000186249508261,0.0000689213266014,0.0000233254213526,0.00000299231487588,0.00000345773446497,0.00000306789752358,0.00000235379411606,2.44197281063e-7,1.45900244775e-7,2.16081641469e-8,2.0034188708e-7,5.49318599496e-7,1.86890396492e-8,9.75586100793e-9,7.27106552745e-9,2.73848801413e-8,4.23550616802e-8,1.93893034961e-9,4.59731280822e-10,4.94325518019e-11,1.04454188354e-11,9.30473319921e-12,9.58863717593e-12,1.53560786309e-9],"dvar2":[0.00000424716154157,0.0000493947918585,0.000027671287171,0.000049695619964,0.000153246728587,0.0000549797478016,0.00000734057721274,0.00000879464369063,0.00000731901263862,0.00000595012261329,5.50632989871e-7,3.49808459532e-7,5.64137181414e-8,5.18938009009e-7,0.00000129696923068,4.09982376937e-8,2.39236666033e-8,1.36041915511e-8,5.71206548727e-8,8.56623074696e-8,3.10189385289e-9,8.64864402317e-10,1.27886701229e-10,2.55815924e-11,2.3069334637e-11,2.32408797068e-11,2.50360443488e-9],"max":[0.0391729325056,0.109531864524,0.0481682606041,0.106699094176,0.129973948002,0.10145393759,0.0395321883261,0.0500504896045,0.0443932451308,0.046887151897,0.0163407735527,0.0159736070782,0.00553146051243,0.0146875865757,0.0494973175228,0.00533582549542,0.00403569452465,0.00429945485666,0.00621730461717,0.0142885260284,0.00190100714099,0.00109630159568,0.000406533741625,0.000045329794375,0.0000406533399655,0.0000437071284978,0.00209319870919],"mean":[0.000777967856266,0.00566147547215,0.00333395553753,0.00313794380054,0.00724848313257,0.00272735278122,0.00105497776531,0.000732964428607,0.00072867423296,0.000489696045406,0.000202518975129,0.000175688037416,0.000101108766103,0.000145157478983,0.000123784891912,0.0000491166356369,0.000032196592656,0.0000310341238219,0.0000434085595771,0.0000327204579662,0.0000143856441355,0.00000747308649807,0.00000279452501672,0.00000165428048149,0.00000142845442497,0.00000173187322616,0.0000159458031703],"median":[0.000334419601131,0.00333162723109,0.00197085691616,0.00127281656023,0.00290567870252,0.000542981200852,0.000284952606307,0.000151214626385,0.000111674991786,0.0000715006171959,0.0000380475030397,0.0000423225210398,0.0000292766599159,0.0000288337960228,0.0000186260785995,0.00000902595456864,0.00000638581786916,0.00000581464246352,0.00000455665394838,0.00000337349842994,0.00000222454764298,0.00000155127349899,9.29821680984e-7,5.06301603309e-7,3.76009552383e-7,5.97727705554e-7,0.00000335372169502],"min":[6.54623748335e-25,1.13031978981e-22,2.96409625754e-23,1.30652831285e-23,1.41839147134e-22,4.48654731751e-23,1.33644068775e-22,3.84471588553e-23,7.42345437955e-23,4.59933738757e-23,2.35826985722e-23,6.2685790537e-23,7.98219319912e-23,1.28289785822e-22,2.87268406558e-22,7.2796967858e-23,1.38258021547e-22,3.97744425719e-22,4.31933985517e-22,4.56563459912e-22,3.46491438509e-22,4.63149956222e-22,5.38048222339e-22,1.13554651711e-21,1.26964499501e-21,1.58965605163e-21,2.53626964987e-21],"var":[0.00000330122361447,0.0000525918076164,0.0000170783423528,0.0000309732204187,0.000140028234455,0.0000500593014294,0.00000556693566978,0.0000052339883041,0.0000047830285439,0.00000283844974547,4.70548542353e-7,2.2777182096e-7,4.42462315675e-8,2.31187414101e-7,6.06218350185e-7,4.77852779568e-8,1.87410034158e-8,1.8651718392e-8,7.30654576842e-8,8.05443036711e-8,5.90167470449e-9,1.26212229556e-9,6.82707085309e-11,1.12022639429e-11,9.22407549647e-12,1.11537532682e-11,5.24586818429e-9]},"barkbands_crest":{"dmean":3.03720641136,"dmean2":5.0908780098,"dvar":6.09410381317,"dvar2":16.7886123657,"max":24.4858188629,"mean":11.5096149445,"median":10.9114189148,"min":3.22288751602,"var":13.4888782501},"barkbands_flatness_db":{"dmean":0.0410533510149,"dmean2":0.0658970251679,"dvar":0.00112555071246,"dvar2":0.00288922339678,"max":0.469586879015,"mean":0.232161939144,"median":0.230228513479,"min":0.062550753355,"var":0.00339009333402},"barkbands_kurtosis":{"dmean":7.8313293457,"dmean2":12.890619278,"dvar":96.9842834473,"dvar2":247.270050049,"max":190.443786621,"mean":14.4115962982,"median":10.0920791626,"min":-1.61108720303,"var":238.480041504},"barkbands_skewness":{"dmean":0.823101222515,"dmean2":1.32825958729,"dvar":0.539290428162,"dvar2":1.37739706039,"max":10.2688598633,"mean":2.33665275574,"median":2.16818118095,"min":-2.1968755722,"var":1.87847852707},"barkbands_spread":{"dmean":2.41941666603,"dmean2":3.66560697556,"dvar":14.957985878,"dvar2":24.7397251129,"max":65.4549026489,"mean":6.57745361328,"median":4.549929142,"min":0.360973864794,"var":59.2970542908},"dissonance":{"dmean":0.0304367206991,"dmean2":0.0511586852372,"dvar":0.000769937119912,"dvar2":0.00215938407928,"max":0.500000178814,"mean":0.447823405266,"median":0.454751729965,"min":0.199757963419,"var":0.00131161755417},"dynamic_complexity":4.02774238586,"erbbands":{"dmean":[0.0963400751352,0.81383562088,2.54709196091,5.04821825027,10.91355896,16.878282547,19.7720527649,13.0605173111,10.1412858963,10.4385852814,13.2328290939,11.8873100281,11.6139554977,8.76710987091,4.68268203735,4.5567946434,2.75977301598,3.82673382759,6.5113286972,2.38607192039,1.49902665615,1.20669054985,1.05184650421,1.27499961853,1.4908260107,1.00445413589,0.510762274265,0.315341472626,0.205088049173,0.114158935845,0.060327488929,0.0395090654492,0.0269958656281,0.0180834140629,0.0112702343613,0.00626308331266,0.00314075406641,0.0018985014176,0.00107825605664,0.000157043919899],"dmean2":[0.162514939904,1.35600554943,4.23037242889,8.30701732635,17.5249729156,26.5703468323,31.4532833099,20.2912502289,16.3226013184,17.0214290619,20.7467250824,18.6477813721,18.036611557,13.4877033234,7.08482933044,7.26172733307,4.36377668381,6.01967334747,9.8896446228,3.56986570358,2.25833940506,1.83528196812,1.52734816074,1.84125006199,2.22458934784,1.39498639107,0.718484699726,0.447267830372,0.303148567677,0.175045907497,0.0980943366885,0.066148146987,0.0457606948912,0.0307368580252,0.0191580411047,0.0106383673847,0.00523764220998,0.00284303561784,0.00142973847687,0.000209054909647],"dvar":[0.0214823465794,1.2046803236,12.168797493,75.7149505615,522.998352051,1254.67651367,1868.68249512,1837.56311035,589.102783203,949.343383789,2051.10766602,1815.93615723,1633.4967041,1545.26281738,232.448867798,223.851211548,41.0249214172,149.453521729,2181.89501953,85.6154251099,39.412147522,30.3315811157,17.269443512,33.7236099243,132.464599609,62.8315544128,7.46497344971,2.10633659363,0.791158974171,0.179303780198,0.0138656673953,0.00553144840524,0.00259468983859,0.00118918123189,0.000461878080387,0.000141745025758,0.0000336608791258,0.0000366929962183,0.0000367160682799,4.1519598426e-7],"dvar2":[0.0577849596739,2.90134048462,32.5567321777,197.515945435,1249.11572266,2821.13574219,4691.68164062,4305.03759766,1508.9017334,2269.54614258,5336.75634766,4356.00341797,4061.19311523,3705.72314453,499.471282959,557.316589355,104.472770691,371.626831055,4725.4765625,176.589263916,83.7741928101,70.4697799683,31.1676845551,66.7109985352,282.520111084,115.668037415,13.4548912048,3.68470740318,1.54922270775,0.340520143509,0.0304821319878,0.0132351713255,0.0064247995615,0.0029481514357,0.00114500464406,0.000351358001353,0.0000806749958429,0.0000589613628108,0.0000610646166024,7.11528912234e-7],"max":[2.67440032959,28.2401695251,72.7724990845,178.600265503,511.781433105,646.264587402,684.211791992,1197.25952148,530.289550781,978.131347656,1280.65368652,1181.02416992,1104.50219727,1330.61914062,463.945831299,615.668884277,243.481307983,392.921264648,3271.00488281,361.031738281,248.95904541,229.230194092,188.498550415,205.835357666,674.928405762,517.79107666,135.274429321,74.9863967896,42.3229675293,26.72772789,4.16973018646,1.84850955009,0.680239796638,0.460051119328,0.286208689213,0.159161537886,0.109756566584,0.302727401257,0.375649869442,0.0314275547862],"mean":[0.15169288218,1.27846539021,3.85764193535,7.71019268036,16.0756912231,24.7643375397,29.7798881531,19.7350063324,15.0737342834,15.459895134,17.1174507141,16.1672134399,16.6950206757,12.4025335312,7.60390949249,7.1702837944,4.85268259048,6.02906942368,9.10262870789,3.97646737099,2.36812114716,1.86095523834,1.69554340839,1.95753395557,2.23053908348,1.52352404594,0.769487977028,0.471904546022,0.293074786663,0.150112777948,0.0711436346173,0.0408349223435,0.0248121041805,0.0162207242101,0.0100886970758,0.00568964099512,0.00331999710761,0.00266537838615,0.0017989045009,0.000327823247062],"median":[0.0841529145837,0.714581012726,2.29600334167,3.78079509735,6.30458927155,8.67230224609,8.19756889343,3.86275744438,3.60928082466,4.80676364899,3.30620312691,2.63911867142,2.44976806641,2.08067345619,1.73811972141,1.78440201283,1.52101016045,1.42190778255,1.34408688545,0.766770422459,0.47866165638,0.37561404705,0.33132648468,0.262936651707,0.212856352329,0.160268336535,0.104352757335,0.0788006782532,0.0585086382926,0.038888335228,0.0253878794611,0.0142596075311,0.00687917135656,0.00433435663581,0.00266832113266,0.00156833126675,0.00117211148608,0.000685359816998,0.000288470968371,0.000103929080069],"min":[2.33566724417e-21,2.82473293458e-20,4.7310873016e-20,2.66354322129e-20,8.43211178954e-20,6.424229468e-19,7.19144103711e-19,3.36641907342e-19,1.43308524137e-18,1.88281899772e-18,7.58355411577e-19,9.66003646421e-19,2.6928635299e-18,8.10188203121e-19,1.72031884939e-18,2.53946019697e-18,3.14997242859e-18,6.41425956348e-18,7.03947658485e-18,1.48093999727e-17,6.23119829007e-18,8.43220306375e-18,1.91015971578e-17,2.41342798099e-17,2.19899695818e-17,1.82130016935e-17,1.55549990702e-17,1.33280460543e-17,1.51213777582e-17,1.69546234082e-17,1.57711165488e-17,2.32521429718e-17,1.77847917971e-17,1.27522348765e-17,9.97961479874e-18,4.84771348656e-18,3.22600852486e-18,1.19032789411e-18,3.73080350698e-19,4.01098845051e-20],"var":[0.0463515520096,2.940502882,22.1669139862,138.313842773,930.81652832,2205.15722656,3660.20556641,3626.5234375,1110.28894043,1619.63134766,2949.49682617,2647.17407227,2500.17602539,1991.1817627,529.462768555,341.739654541,88.1655807495,211.663253784,2960.9831543,230.570068359,103.544006348,61.6686401367,49.4938659668,94.6164703369,293.013671875,145.719802856,20.7043704987,5.83584070206,2.07462620735,0.448281288147,0.024625338614,0.00666325539351,0.00261967652477,0.00117952353321,0.000458143273136,0.0001411458652,0.0000412929330196,0.000113447065814,0.000112861700472,0.00000142353292176]},"erbbands_crest":{"dmean":3.25461626053,"dmean2":5.4211063385,"dvar":7.62962150574,"dvar2":19.4962406158,"max":33.5709114075,"mean":10.5030889511,"median":9.73058509827,"min":3.1534807682,"var":16.1169109344},"erbbands_flatness_db":{"dmean":0.0369938015938,"dmean2":0.0597001537681,"dvar":0.00091424130369,"dvar2":0.00239482941106,"max":0.368088513613,"mean":0.194184437394,"median":0.191902339458,"min":0.0507550574839,"var":0.00249364296906},"erbbands_kurtosis":{"dmean":2.13688373566,"dmean2":3.46181297302,"dvar":7.44353199005,"dvar2":18.510011673,"max":74.6681213379,"mean":2.67118787766,"median":1.69726014137,"min":-1.88072991371,"var":14.6445178986},"erbbands_skewness":{"dmean":0.527892351151,"dmean2":0.82363474369,"dvar":0.20486946404,"dvar2":0.469515651464,"max":5.49367237091,"mean":1.04748642445,"median":1.10234355927,"min":-5.65871334076,"var":0.893622100353},"erbbands_spread":{"dmean":7.06342077255,"dmean2":11.1299705505,"dvar":53.9555892944,"dvar2":123.833839417,"max":128.293487549,"mean":22.8747367859,"median":19.8831348419,"min":1.62977457047,"var":168.879501343},"gfcc":{"cov":[[5454.42822266,-349.479675293,-811.807739258,-428.376739502,-73.7778320312,-194.424163818,-149.265701294,-159.076400757,-133.354125977,21.1909980774,-51.1202659607,-59.2096748352,183.836120605],[-349.479675293,1028.34606934,92.328338623,-317.536529541,-48.6573791504,-13.1330375671,68.8315582275,-91.4789810181,24.4808979034,-63.2882423401,67.6092453003,-9.75040626526,0.83698618412],[-811.807739258,92.328338623,511.85824585,119.069839478,-142.362701416,198.458831787,-97.9134979248,157.148483276,-56.7803840637,41.5169830322,-12.6176013947,16.4201335907,-32.9873580933],[-428.376739502,-317.536529541,119.069839478,370.572479248,162.144317627,-22.6858386993,45.9189910889,22.2584533691,47.8291053772,10.1418876648,-22.8810596466,4.21483898163,-48.4902114868],[-73.7778320312,-48.6573791504,-142.362701416,162.144317627,272.468933105,-41.0152435303,92.1927337646,-86.9136047363,49.8461456299,-32.4260368347,14.5267353058,-15.1281433105,-9.98329734802],[-194.424163818,-13.1330375671,198.458831787,-22.6858386993,-41.0152435303,259.334625244,-44.1692047119,103.435073853,-92.0317382812,13.3076601028,-8.49983787537,13.2309131622,10.6364326477],[-149.265701294,68.8315582275,-97.9134979248,45.9189910889,92.1927337646,-44.1692047119,199.335281372,-20.4762039185,59.6495933533,-53.2431869507,-6.47535657883,7.31858587265,-14.7782335281],[-159.076400757,-91.4789810181,157.148483276,22.2584533691,-86.9136047363,103.435073853,-20.4762039185,181.685897827,-11.2427177429,31.0833282471,-3.22224879265,8.18567085266,-2.00337076187],[-133.354125977,24.4808979034,-56.7803840637,47.8291053772,49.8461456299,-92.0317382812,59.6495933533,-11.2427177429,139.700363159,43.769115448,9.52917194366,-11.8608541489,-30.4594745636],[21.1909980774,-63.2882423401,41.5169830322,10.1418876648,-32.4260368347,13.3076601028,-53.2431869507,31.0833282471,43.769115448,97.4827880859,33.5946311951,-6.67405462265,-9.75949668884],[-51.1202659607,67.6092453003,-12.6176013947,-22.8810596466,14.5267353058,-8.49983787537,-6.47535657883,-3.22224879265,9.52917194366,33.5946311951,72.4606552124,28.9559326172,-0.0999169871211],[-59.2096748352,-9.75040626526,16.4201335907,4.21483898163,-15.1281433105,13.2309131622,7.31858587265,8.18567085266,-11.8608541489,-6.67405462265,28.9559326172,61.8980064392,23.4238700867],[183.836120605,0.83698618412,-32.9873580933,-48.4902114868,-9.98329734802,10.6364326477,-14.7782335281,-2.00337076187,-30.4594745636,-9.75949668884,-0.0999169871211,23.4238700867,72.0977630615]],"icov":[[0.000372886483092,-0.000608226575423,0.00170536409132,-0.000967981584836,0.000583566492423,-0.000145301659359,0.00042722831131,-0.000519397843163,0.00129369786009,-0.00163236446679,0.00149040436372,-0.000503048009705,-0.000148021325003],[-0.000608226575423,0.0118099302053,-0.0242313817143,0.0300584528595,-0.0230319425464,0.015691941604,-0.00892077758908,0.00239874958061,0.000725150865037,-0.00150754337665,0.00250941491686,-0.0057734940201,0.00525862537324],[0.00170536409132,-0.0242313817143,0.0667412281036,-0.0860597863793,0.0788019374013,-0.0563337206841,0.026166267693,0.00390386790968,-0.0244638640434,0.0375304184854,-0.0430330112576,0.042988575995,-0.0259980149567],[-0.000967981584836,0.0300584528595,-0.0860597863793,0.128716632724,-0.12383762747,0.0873655378819,-0.0357753559947,-0.0167824123055,0.053333658725,-0.0811342149973,0.0931217074394,-0.0860513970256,0.0511134676635],[0.000583566492423,-0.0230319425464,0.0788019374013,-0.12383762747,0.132990151644,-0.0926770716906,0.0329587198794,0.0265045482665,-0.0698110759258,0.103858843446,-0.11761957407,0.104297563434,-0.0583575367928],[-0.000145301659359,0.015691941604,-0.0563337206841,0.0873655378819,-0.0926770716906,0.0740170553327,-0.0261266045272,-0.0210004970431,0.0574133582413,-0.0800186619163,0.0866511464119,-0.0751180127263,0.0414302013814],[0.00042722831131,-0.00892077758908,0.026166267693,-0.0357753559947,0.0329587198794,-0.0261266045272,0.0207634717226,0.00255558243953,-0.0214153975248,0.0303838588297,-0.0255166646093,0.0210476219654,-0.012137840502],[-0.000519397843163,0.00239874958061,0.00390386790968,-0.0167824123055,0.0265045482665,-0.0210004970431,0.00255558243953,0.0203399397433,-0.0251364372671,0.0333372503519,-0.0384248383343,0.0309885274619,-0.016575243324],[0.00129369786009,0.000725150865037,-0.0244638640434,0.053333658725,-0.0698110759258,0.0574133582413,-0.0214153975248,-0.0251364372671,0.0769196674228,-0.0985216572881,0.0966461226344,-0.0763496905565,0.0422446131706],[-0.00163236446679,-0.00150754337665,0.0375304184854,-0.0811342149973,0.103858843446,-0.0800186619163,0.0303838588297,0.0333372503519,-0.0985216572881,0.151343941689,-0.149327099323,0.118101790547,-0.0595893897116],[0.00149040436372,0.00250941491686,-0.0430330112576,0.0931217074394,-0.11761957407,0.0866511464119,-0.0255166646093,-0.0384248383343,0.0966461226344,-0.149327099323,0.176197052002,-0.138637498021,0.0696465298533],[-0.000503048009705,-0.0057734940201,0.042988575995,-0.0860513970256,0.104297563434,-0.0751180127263,0.0210476219654,0.0309885274619,-0.0763496905565,0.118101790547,-0.138637498021,0.13191857934,-0.0654772594571],[-0.000148021325003,0.00525862537324,-0.0259980149567,0.0511134676635,-0.0583575367928,0.0414302013814,-0.012137840502,-0.016575243324,0.0422446131706,-0.0595893897116,0.0696465298533,-0.0654772594571,0.0506774522364]],"mean":[-90.4067840576,149.381530762,-65.9634399414,11.084197998,-29.5977802277,-5.59620380402,-17.7174453735,-12.0347938538,-14.072309494,-4.89786529541,-11.2461585999,-4.20991420746,-10.899641037]},"hfc":{"dmean":3.05620217323,"dmean2":4.44172859192,"dvar":24.2645282745,"dvar2":50.9133872986,"max":148.514053345,"mean":8.02099990845,"median":4.82877731323,"min":1.17593041437e-16,"var":87.3244476318},"melbands":{"dmean":[0.000863025139552,0.00122795230709,0.000977276009507,0.000969337765127,0.000709823740181,0.000297226448311,0.000149331419379,0.000113866612082,0.000108739317511,0.0000738305898267,0.0000589928022237,0.000038549726014,0.0000171568972291,0.0000134049751068,0.00000975424518401,0.00000569549001739,0.00000772381008574,0.000011927117157,0.00000485458576804,0.00000261300692728,0.00000167219138802,0.00000136086248403,0.00000106423544821,0.00000100863564967,0.00000107743903754,0.00000118443949759,0.00000103652882899,6.02444799824e-7,3.65048407502e-7,2.32619314033e-7,1.70855585679e-7,1.2657893933e-7,8.62007496494e-8,5.66740894214e-8,3.60858187776e-8,2.78913638851e-8,2.27310774648e-8,1.92721056891e-8,1.67225167047e-8,1.47545762275e-8],"dmean2":[0.0014468235895,0.00202535279095,0.00159329082817,0.00151013233699,0.00113279442303,0.000458306138171,0.000240853754804,0.00018428642943,0.000171766223502,0.000116608774988,0.0000920326274354,0.0000596073041379,0.0000264007103397,0.0000212918057514,0.0000157387239597,0.00000913781423151,0.0000122553001347,0.000018413653379,0.00000742906195228,0.00000393963819079,0.00000253533789873,0.00000210418920688,0.00000158768784786,0.0000014782716562,0.00000159023818469,0.00000180500569513,0.00000151110350544,8.4560048208e-7,5.32683827714e-7,3.23790686707e-7,2.49597462698e-7,1.91282396145e-7,1.29664073256e-7,8.99768082263e-8,5.89357220804e-8,4.64448426385e-8,3.82795164455e-8,3.26516094162e-8,2.8419735898e-8,2.50810945346e-8],"dvar":[0.00000146958871028,0.00000262437310994,0.00000300322426483,0.00000367103257304,0.00000214153965317,7.96850770257e-7,1.18573360908e-7,1.11972155992e-7,1.31311963969e-7,6.67032082902e-8,4.42501786324e-8,3.16647295051e-8,3.24439408672e-9,2.24533813764e-9,6.04400085535e-10,2.21241733267e-10,7.01690539007e-10,6.11974471099e-9,7.78659081657e-10,1.17838988567e-10,5.000487871e-11,4.85701444342e-11,1.63811898074e-11,2.07956880882e-11,2.53554104795e-11,6.04675406968e-11,1.15691331515e-10,1.88870186851e-11,4.14223950279e-12,1.19451443095e-12,6.16219803049e-13,3.59507020507e-13,1.18107251952e-13,5.36493728132e-14,5.176419511e-15,2.65710445081e-15,1.87255860638e-15,1.31689535799e-15,1.01308158046e-15,7.91701314068e-16],"dvar2":[0.00000381716427,0.00000669385372021,0.00000784291842137,0.00000806947537058,0.00000522387426827,0.00000187057764833,2.99728782238e-7,2.682277227e-7,3.37946943318e-7,1.6041586548e-7,1.09498152767e-7,7.74018928951e-8,6.98127156085e-9,5.42025535566e-9,1.53721901874e-9,5.84598536246e-10,1.79910708553e-9,1.31358000033e-8,1.76732306567e-9,2.57525972769e-10,1.11300406391e-10,1.21932491881e-10,3.34207314601e-11,4.2693789476e-11,5.31900669343e-11,1.32897526317e-10,2.45234943463e-10,3.38546170264e-11,8.72045404637e-12,1.88540242446e-12,1.20738954858e-12,7.63419275712e-13,2.22303403984e-13,1.2905697561e-13,1.15254206122e-14,6.26641073016e-15,4.50146893027e-15,3.26141121318e-15,2.510762145e-15,1.96269731153e-15],"max":[0.0258323103189,0.0402546525002,0.037491440773,0.0358388051391,0.0277517475188,0.023683398962,0.00733227236196,0.00980179291219,0.00931419152766,0.00700963661075,0.00545763410628,0.00588126247749,0.00189508520998,0.00207728496753,0.000726388010662,0.000515949563123,0.000943916558754,0.00526134204119,0.00162669748534,0.000435968860984,0.000274545076536,0.000308425282128,0.000139582261909,0.000216285217903,0.000157982009114,0.00027999089798,0.000753265281674,0.000239009154029,0.0000865282781888,0.0000440912044724,0.000042666833906,0.0000285967216769,0.0000153756755026,0.0000150141213453,0.00000275474053524,0.00000138452162446,9.98253199214e-7,4.84460429107e-7,4.2490398755e-7,3.75170174038e-7],"mean":[0.00146308587864,0.00198388565332,0.00156383635476,0.00150074949488,0.00109643302858,0.000452950655017,0.000223541777814,0.000164363475051,0.000138481031172,0.0000997499664663,0.0000829079654068,0.0000519440000062,0.0000264561786025,0.0000200676440727,0.0000151959002324,0.00000931765134737,0.0000113058395073,0.0000160634135682,0.00000734609602659,0.00000396108589484,0.00000246162426265,0.00000193676351046,0.00000162354331223,0.00000145876470015,0.00000156958299158,0.00000171801309534,0.00000143768113503,9.09908749236e-7,5.15236422416e-7,3.4016360928e-7,2.45024580181e-7,1.77985398864e-7,1.14930791995e-7,6.94578830007e-8,4.185497815e-8,3.08704670715e-8,2.22034213238e-8,1.76159939969e-8,1.50285739409e-8,1.31805988346e-8],"median":[0.000869254290592,0.00120576005429,0.000777984154411,0.00058230466675,0.000323175394442,0.0000875752157299,0.0000546331575606,0.0000477690409753,0.0000239434102696,0.000015208403056,0.0000116663068184,0.00000817683394416,0.00000540155997442,0.00000464769527753,0.00000434303683505,0.00000257721603703,0.00000251690471487,0.00000217636056732,0.0000012569108776,7.09605274096e-7,4.81039307942e-7,3.74955504867e-7,3.26027929987e-7,2.58768352523e-7,1.99901563747e-7,1.62874528087e-7,1.26996184235e-7,9.77916343459e-8,6.48372946443e-8,5.17908063102e-8,4.21892814018e-8,3.40471899563e-8,2.56688856837e-8,1.9161692677e-8,1.47160612585e-8,1.17636265173e-8,6.87372736508e-9,4.82102580079e-9,4.01432043162e-9,3.47129081035e-9],"min":[2.72923090904e-23,3.02184497788e-23,6.44329833357e-24,2.22039369483e-23,2.98553907466e-23,7.91202875476e-24,2.35916521434e-23,1.82828880417e-23,5.55707108783e-24,8.20279026265e-24,1.30681766703e-23,2.72108970672e-24,4.64610200866e-24,6.82069885696e-24,6.59127167888e-24,7.43708084728e-24,1.34669158812e-23,8.77103596054e-24,2.58200911151e-23,9.27385195722e-24,7.2291505233e-24,8.45382236877e-24,1.4497119314e-23,1.60067687392e-23,2.04930143963e-23,1.7914501043e-23,1.79688740698e-23,9.85389822539e-24,1.0348944731e-23,8.31976492426e-24,7.26282226218e-24,8.65498899935e-24,9.36755758871e-24,9.55800044414e-24,9.23283040129e-24,1.02873417941e-23,1.52408463314e-23,1.303557936e-23,1.12687486579e-23,9.93342881527e-24],"var":[0.00000345348462361,0.00000575549211135,0.00000548789603272,0.00000704580361344,0.00000442626105723,0.00000165942469721,2.34518466868e-7,1.9032147236e-7,1.92775061691e-7,9.88739543573e-8,6.58880665583e-8,3.82182570036e-8,7.46262518447e-9,3.30748783917e-9,1.07345254907e-9,3.95761118321e-10,8.70044369883e-10,8.74645778026e-9,1.12083375914e-9,3.09478609406e-10,1.15784153099e-10,7.83628023582e-11,4.03571204233e-11,4.47722518782e-11,6.2931874989e-11,1.44072337394e-10,1.98428218301e-10,4.68669374143e-11,9.86474877479e-12,3.37267540285e-12,1.52165910081e-12,8.29191099463e-13,2.92677882797e-13,9.64188513644e-14,8.63934388574e-15,3.39386408449e-15,2.17086412865e-15,1.33270586322e-15,1.00654703891e-15,7.85044111559e-16]},"melbands_crest":{"dmean":3.80823016167,"dmean2":6.43986129761,"dvar":9.22220993042,"dvar2":26.1393527985,"max":35.035446167,"mean":15.6143989563,"median":15.0110626221,"min":2.20519542694,"var":21.1247406006},"melbands_flatness_db":{"dmean":0.0485461652279,"dmean2":0.0776454880834,"dvar":0.00155155279208,"dvar2":0.00395953888074,"max":0.630764603615,"mean":0.359603643417,"median":0.359613984823,"min":0.00695014605299,"var":0.0050469939597},"melbands_kurtosis":{"dmean":11.1104707718,"dmean2":18.241317749,"dvar":239.964797974,"dvar2":640.420898438,"max":424.644073486,"mean":20.7620563507,"median":13.8339738846,"min":-1.81826758385,"var":554.056152344},"melbands_skewness":{"dmean":0.897940456867,"dmean2":1.43837833405,"dvar":0.69282501936,"dvar2":1.79484963417,"max":16.5221004486,"mean":2.88045978546,"median":2.65724468231,"min":-1.29523277283,"var":2.44931530952},"melbands_spread":{"dmean":2.65977668762,"dmean2":4.08389472961,"dvar":28.1759796143,"dvar2":51.849609375,"max":148.887207031,"mean":6.85050487518,"median":4.46170520782,"min":0.423116654158,"var":107.814750671},"mfcc":{"cov":[[4990.44628906,-146.13394165,-1009.5246582,-172.714080811,-320.944580078,-35.4675331116,-197.395935059,-203.520629883,-84.0399169922,-62.2258148193,-112.939727783,-156.381469727,-137.587036133],[-146.13394165,1011.94281006,96.9411849976,-303.297393799,-99.4052429199,-43.6529502869,16.95570755,-29.0137367249,-66.5820617676,-37.6264038086,2.09954166412,-9.35389709473,-23.9309959412],[-1009.5246582,96.9411849976,685.3984375,-119.932151794,66.3386154175,-56.235660553,54.4608688354,41.9983024597,27.5912322998,-9.09184169769,27.013458252,73.6208953857,18.2216091156],[-172.714080811,-303.297393799,-119.932151794,391.66494751,74.0231018066,50.4869422913,-33.3424720764,21.1988296509,33.3909912109,41.2462921143,22.2996559143,5.08658695221,31.4020309448],[-320.944580078,-99.4052429199,66.3386154175,74.0231018066,182.274459839,58.6017150879,35.0326271057,1.20653009415,-4.72729825974,3.5840408802,13.6316366196,15.1550750732,19.2651844025],[-35.4675331116,-43.6529502869,-56.235660553,50.4869422913,58.6017150879,132.300857544,40.2208061218,8.58213615417,2.71031069756,2.01183962822,-10.7623262405,-13.8693618774,1.75750505924],[-197.395935059,16.95570755,54.4608688354,-33.3424720764,35.0326271057,40.2208061218,133.413848877,76.4956970215,9.67197132111,-23.2277774811,-22.9083099365,-1.81706309319,8.99029636383],[-203.520629883,-29.0137367249,41.9983024597,21.1988296509,1.20653009415,8.58213615417,76.4956970215,120.734558105,48.1975860596,-6.31794786453,-11.6391143799,0.864709019661,8.98901939392],[-84.0399169922,-66.5820617676,27.5912322998,33.3909912109,-4.72729825974,2.71031069756,9.67197132111,48.1975860596,81.9009017944,35.9267272949,1.27963137627,-1.80995416641,-2.30113363266],[-62.2258148193,-37.6264038086,-9.09184169769,41.2462921143,3.5840408802,2.01183962822,-23.2277774811,-6.31794786453,35.9267272949,79.3240432739,45.3135719299,9.22664356232,5.0112786293],[-112.939727783,2.09954166412,27.013458252,22.2996559143,13.6316366196,-10.7623262405,-22.9083099365,-11.6391143799,1.27963137627,45.3135719299,79.4614105225,41.4891242981,12.9182281494],[-156.381469727,-9.35389709473,73.6208953857,5.08658695221,15.1550750732,-13.8693618774,-1.81706309319,0.864709019661,-1.80995416641,9.22664356232,41.4891242981,70.1545944214,37.6836547852],[-137.587036133,-23.9309959412,18.2216091156,31.4020309448,19.2651844025,1.75750505924,8.99029636383,8.98901939392,-2.30113363266,5.0112786293,12.9182281494,37.6836547852,62.7721366882]],"icov":[[0.000378752185497,0.000148999184603,0.000535071478225,0.000307016365696,0.000336801138474,0.0000381424724765,0.000120032935229,0.00041639234405,-0.000162461656146,0.000301294610836,0.000147080369061,-0.00014528601605,0.000423751713242],[0.000148999184603,0.00144989497494,0.000032557934901,0.0010401068721,0.000703541154508,-0.000184431366506,0.0000184296623047,-0.00000882089807419,0.000876610167325,0.000215962936636,-0.000783400202636,0.00076321529923,-0.00014462947729],[0.000535071478225,0.000032557934901,0.00291779451072,0.00104461901356,-0.000872988137417,0.00120786891785,-0.000338170735631,0.000462113355752,-0.00152567995246,0.000777442415711,0.000556712271646,-0.00279075442813,0.00147481111344],[0.000307016365696,0.0010401068721,0.00104461901356,0.00475904811174,-0.00124721927568,-0.00106238457374,0.00288418820128,-0.00210470170714,-0.0000739551178413,-0.00049175391905,-0.000573235738557,0.000835704326164,-0.00166084303055],[0.000336801138474,0.000703541154508,-0.000872988137417,-0.00124721927568,0.00893918983638,-0.00298262946308,-0.00276139541529,0.00287561677396,0.000424737867434,0.00130643963348,-0.00228977878578,0.00094011425972,-0.000974390830379],[0.0000381424724765,-0.000184431366506,0.00120786891785,-0.00106238457374,-0.00298262946308,0.0111673306674,-0.00450713559985,0.00231178035028,-0.0010497791227,-0.000890108000021,0.00103601941373,0.000817832944449,0.000439725990873],[0.000120032935229,0.0000184296623047,-0.000338170735631,0.00288418820128,-0.00276139541529,-0.00450713559985,0.0181813426316,-0.0129538364708,0.00495748547837,-0.00117775436956,0.00379818025976,-0.000713425280992,-0.000927417771891],[0.00041639234405,-0.00000882089807419,0.000462113355752,-0.00210470170714,0.00287561677396,0.00231178035028,-0.0129538364708,0.0231930259615,-0.0147344553843,0.00890064425766,-0.00534908054397,0.00268126092851,-0.00234473543242],[-0.000162461656146,0.000876610167325,-0.00152567995246,-0.0000739551178413,0.000424737867434,-0.0010497791227,0.00495748547837,-0.0147344553843,0.029867503792,-0.0195505134761,0.0117601398379,-0.00488748634234,0.00492654833943],[0.000301294610836,0.000215962936636,0.000777442415711,-0.00049175391905,0.00130643963348,-0.000890108000021,-0.00117775436956,0.00890064425766,-0.0195505134761,0.0351865403354,-0.0239501204342,0.0117871360853,-0.00639189686626],[0.000147080369061,-0.000783400202636,0.000556712271646,-0.000573235738557,-0.00228977878578,0.00103601941373,0.00379818025976,-0.00534908054397,0.0117601398379,-0.0239501204342,0.0378559008241,-0.023651946336,0.00979601498693],[-0.00014528601605,0.00076321529923,-0.00279075442813,0.000835704326164,0.00094011425972,0.000817832944449,-0.000713425280992,0.00268126092851,-0.00488748634234,0.0117871360853,-0.023651946336,0.0401876755059,-0.0206069964916],[0.000423751713242,-0.00014462947729,0.00147481111344,-0.00166084303055,-0.000974390830379,0.000439725990873,-0.000927417771891,-0.00234473543242,0.00492654833943,-0.00639189686626,0.00979601498693,-0.0206069964916,0.0290081519634]],"mean":[-756.502624512,195.988891602,21.627243042,31.3460559845,7.41356182098,13.7669506073,2.64525055885,1.45605921745,-3.13810062408,2.10555768013,0.114472128451,-3.8042113781,-2.93100118637]},"pitch_salience":{"dmean":0.0928176939487,"dmean2":0.154647260904,"dvar":0.00548822432756,"dvar2":0.0154848815873,"max":0.845379650593,"mean":0.593888521194,"median":0.609992384911,"min":0.114663273096,"var":0.0127264512703},"silence_rate_20dB":{"dmean":0,"dmean2":0,"dvar":0,"dvar2":0,"max":1,"mean":1,"median":1,"min":1,"var":0},"silence_rate_30dB":{"dmean":0.0102755725384,"dmean2":0.0205543451011,"dvar":0.0101704625413,"dvar2":0.0251148547977,"max":1,"mean":0.990037381649,"median":1,"min":0,"var":0.00986331980675},"silence_rate_60dB":{"dmean":0.0149462865666,"dmean2":0.0298972278833,"dvar":0.0147230029106,"dvar2":0.0361691638827,"max":1,"mean":0.0333125777543,"median":0,"min":0,"var":0.0322026573122},"spectral_centroid":{"dmean":110.94317627,"dmean2":160.893386841,"dvar":41878.1914062,"dvar2":57530.6484375,"max":10784.2724609,"mean":451.307006836,"median":350.111602783,"min":118.283416748,"var":177866.9375},"spectral_complexity":{"dmean":2.12517523766,"dmean2":3.22796630859,"dvar":4.99838399887,"dvar2":9.25846862793,"max":50,"mean":9.49719810486,"median":8,"min":0,"var":33.2000999451},"spectral_contrast_coeffs":{"dmean":[0.0575184598565,0.0498064085841,0.0375914126635,0.0320182032883,0.0268829595298,0.0389901548624],"dmean2":[0.0960981398821,0.0832222402096,0.0621183104813,0.0519426576793,0.0430431589484,0.0636815801263],"dvar":[0.00207742047496,0.0015375749208,0.000968487060163,0.000662109814584,0.000457857502624,0.00181795295794],"dvar2":[0.00563316093758,0.00419576233253,0.00249972590245,0.00170011632144,0.00114965019748,0.00441324012354],"max":[-0.347982198,-0.42340195179,-0.507216393948,-0.537330508232,-0.703402042389,-0.447815388441],"mean":[-0.643204987049,-0.767192780972,-0.819275975227,-0.83284342289,-0.864182710648,-0.806879281998],"median":[-0.651278853416,-0.777377605438,-0.830423116684,-0.837099313736,-0.862856984138,-0.832187652588],"min":[-0.974102020264,-0.94222253561,-0.964406073093,-0.976815521717,-0.964150965214,-0.95949280262],"var":[0.00677950074896,0.00487462570891,0.00366528215818,0.00270790210925,0.00158490694594,0.00400689803064]},"spectral_contrast_valleys":{"dmean":[0.394703656435,0.411300361156,0.37980723381,0.402613043785,0.526144325733,0.901058316231],"dmean2":[0.668950915337,0.664115011692,0.600196659565,0.618505358696,0.812233448029,1.47203338146],"dvar":[0.11634952575,0.134679019451,0.122048184276,0.147207632661,0.217000365257,0.56471580267],"dvar2":[0.296077042818,0.288927614689,0.252177923918,0.320938020945,0.511317133904,1.57192254066],"max":[-5.15755605698,-4.28066825867,-4.91328334808,-6.10364627838,-5.60333919525,-9.17227649689],"mean":[-6.72657632828,-6.76775550842,-7.67591381073,-8.38595676422,-8.77322292328,-11.6717100143],"median":[-6.67783737183,-6.72203445435,-7.62735843658,-8.29453468323,-8.77383804321,-11.6025619507],"min":[-26.7646865845,-27.6365432739,-27.0991649628,-27.3474884033,-27.3401813507,-27.2037391663],"var":[0.493126064539,0.778678238392,0.803693056107,0.768191516399,0.812738060951,1.10506880283]},"spectral_decrease":{"dmean":2.6624733529e-9,"dmean2":4.15479251004e-9,"dvar":1.14654694069e-17,"dvar2":2.67785743962e-17,"max":3.86492851686e-19,"mean":-6.93167301336e-9,"median":-5.10441200419e-9,"min":-5.17904226172e-8,"var":3.82714797296e-17},"spectral_energy":{"dmean":0.0102767683566,"dmean2":0.0160207338631,"dvar":0.000170775238075,"dvar2":0.000398575793952,"max":0.197564139962,"mean":0.0268893186003,"median":0.0198977012187,"min":1.11560782928e-20,"var":0.000573677418288},"spectral_energyband_high":{"dmean":0.0000351098497049,"dmean2":0.0000499455745739,"dvar":2.08712691574e-8,"dvar2":3.22231059613e-8,"max":0.00713212415576,"mean":0.0000555246115255,"median":0.0000112811194413,"min":7.8672388734e-21,"var":7.25755953113e-8},"spectral_energyband_low":{"dmean":0.00563648762181,"dmean2":0.00931957364082,"dvar":0.0000508141056343,"dvar2":0.000126526647364,"max":0.174138650298,"mean":0.0110888704658,"median":0.00736405514181,"min":1.46032176348e-22,"var":0.000131966895424},"spectral_energyband_middle_high":{"dmean":0.000689509790391,"dmean2":0.000987955834717,"dvar":0.00000389368051401,"dvar2":0.00000849612115417,"max":0.0552282221615,"mean":0.00132631510496,"median":0.000403577723773,"min":1.94526990289e-21,"var":0.00000772822113504},"spectral_energyband_middle_low":{"dmean":0.00728674838319,"dmean2":0.0111820166931,"dvar":0.000133024877869,"dvar2":0.000303851440549,"max":0.156707853079,"mean":0.0157966576517,"median":0.00805346481502,"min":4.76460475695e-22,"var":0.000377487391233},"spectral_entropy":{"dmean":0.371524453163,"dmean2":0.594287455082,"dvar":0.103068880737,"dvar2":0.262301266193,"max":9.80834960938,"mean":6.67405176163,"median":6.65113449097,"min":4.82867288589,"var":0.279115378857},"spectral_flux":{"dmean":0.0221357848495,"dmean2":0.0357854366302,"dvar":0.000509299337864,"dvar2":0.00127074844204,"max":0.320161134005,"mean":0.0836885198951,"median":0.0780157446861,"min":1.05622337265e-10,"var":0.00168733124156},"spectral_kurtosis":{"dmean":8.34150409698,"dmean2":13.9378852844,"dvar":82.8256912231,"dvar2":223.242492676,"max":91.3864212036,"mean":18.646062851,"median":15.3620223999,"min":-1.14345264435,"var":134.920852661},"spectral_rms":{"dmean":0.000933840172365,"dmean2":0.00144492438994,"dvar":7.88228703641e-7,"dvar2":0.00000175203354047,"max":0.0138832814991,"mean":0.00466159917414,"median":0.00440594926476,"min":3.29908756563e-12,"var":0.00000450300285593},"spectral_rolloff":{"dmean":135.497497559,"dmean2":224.964492798,"dvar":129289.914062,"dvar2":247933.46875,"max":18475.4882812,"mean":441.55291748,"median":279.931640625,"min":43.06640625,"var":555701.6875},"spectral_skewness":{"dmean":0.659096419811,"dmean2":1.05802345276,"dvar":0.370468735695,"dvar2":0.970543205738,"max":7.92374753952,"mean":3.16965198517,"median":3.09289264679,"min":-0.00490616634488,"var":0.9735019207},"spectral_spread":{"dmean":813273.625,"dmean2":1340917.625,"dvar":611671736320,"dvar2":1417328852990,"max":39034860,"mean":2972361.75,"median":2863871.75,"min":837706.625,"var":1281330118660},"spectral_strongpeak":{"dmean":0.326921284199,"dmean2":0.540073871613,"dvar":0.19737483561,"dvar2":0.471762210131,"max":6.54649829865,"mean":0.534299194813,"median":0.304742246866,"min":0,"var":0.397330343723},"zerocrossingrate":{"dmean":0.00354028609581,"dmean2":0.00415959069505,"dvar":0.0000427242375736,"dvar2":0.0000457588612335,"max":0.51171875,"mean":0.0170367900282,"median":0.013671875,"min":0.00146484375,"var":0.000422934739618}},"metadata":{"audio_properties":{"analysis_sample_rate":44100,"bit_rate":136830,"codec":"mp3","downmix":"mix","equal_loudness":0,"length":149.134124756,"lossless":false,"md5_encoded":"34d5cf34794bbf937f6222837d978606","replay_gain":0.13639831543,"sample_rate":44100},"tags":{"album":["The Complete Columbia Album Collection"],"albumartist":["Johnny Cash"],"albumartistsort":["Cash, Johnny"],"artist":["Johnny Cash"],"artists":["Johnny Cash"],"artistsort":["Cash, Johnny"],"asin":["B008DDC874"],"barcode":["886979104723"],"catalognumber":["88697910472"],"date":["2012-12-04"],"discnumber":["15/63"],"file_name":"25 - The Shifting, Whispering Sands, Part 2.mp3","label":["Columbia","Legacy"],"media":["CD"],"musicbrainz album release country":["US"],"musicbrainz album status":["official"],"musicbrainz album type":["album","compilation"],"musicbrainz release track id":["ea1707b6-e3ed-32f0-b9af-e12bbd110e57"],"musicbrainz_albumartistid":["d43d12a1-2dc9-4257-a2fd-0a3bb1081b86"],"musicbrainz_albumid":["de36c451-000c-4488-9375-b6d40b6636e5"],"musicbrainz_artistid":["d43d12a1-2dc9-4257-a2fd-0a3bb1081b86"],"musicbrainz_recordingid":["854a3ebd-6ba7-47eb-8062-4ba2bafaea41"],"musicbrainz_releasegroupid":["30578604-ce5e-4d3d-a09c-6c06fc4c526b"],"originaldate":["2012"],"script":["Latn"],"title":["The Shifting, Whispering Sands, Part 2"],"tracknumber":["25/26"]},"version":{"essentia":"2.1-beta1","essentia_build_sha":"ca57ba49d9b1854bd80e60cf9ccf267278fb7d6b","essentia_git_sha":"v2.1_beta1-28-g21ef5f4-dirty","extractor":"music 1.0"}},"rhythm":{"beats_count":294,"beats_loudness":{"dmean":0.0250299405307,"dmean2":0.041991405189,"dvar":0.00050694035599,"dvar2":0.00145907641854,"max":0.144933834672,"mean":0.0351392291486,"median":0.028906211257,"min":0.000155380592332,"var":0.000684958242346},"beats_loudness_band_ratio":{"dmean":[0.282931864262,0.222389370203,0.111116833985,0.0493923760951,0.0253483690321,0.00938953831792],"dmean2":[0.490236192942,0.395455956459,0.