{"lowlevel":{"average_loudness":0.829629421234,"barkbands":{"dmean":[0.00278974557295,0.00904305279255,0.00361861870624,0.00128093163949,0.00208765082061,0.00185202714056,0.00182415812742,0.000815892999526,0.000644098734483,0.000822469068225,0.000629418645985,0.000618540972937,0.000478906353237,0.000264791568043,0.000176240355358,0.000159258095664,0.000119297314086,0.0000773542342358,0.00006333917554,0.0000601765750616,0.0000800862544565,0.0000524376009707,0.0000260921569861,0.00000711162874723,0.00000258160162048,0.0000113996429718,0.000127441759105],"dmean2":[0.004631689284,0.0149297239259,0.00616152351722,0.00221085269004,0.00350653799251,0.00305195711553,0.00294655514881,0.00133219058625,0.00106852001045,0.00134314352181,0.0010512934532,0.00103953899816,0.000815336243249,0.000444903591415,0.000303225358948,0.00027201953344,0.000204660740565,0.000130063635879,0.000104981605546,0.0000945157735259,0.000116847055324,0.0000822290603537,0.0000408138876082,0.0000111918734547,0.00000435760421169,0.0000178956070158,0.000199578717002],"dvar":[0.0000444528996013,0.000184103308129,0.0000318251659337,0.00000579904099141,0.0000186436463991,0.0000217398064706,0.0000251178516919,0.00000285471128336,0.0000014840896938,0.00000252034669757,0.00000131622141453,0.00000110405892428,9.20542561289e-7,2.47182583735e-7,1.42949730275e-7,1.02816478886e-7,4.94590253197e-8,2.73181708366e-8,2.10665334066e-8,4.93477188002e-8,1.53408066694e-7,3.15778727611e-8,7.74609354437e-9,3.9525957507e-10,2.00342711171e-11,1.20159415751e-9,4.67919640812e-8],"dvar2":[0.000109671185783,0.000508277153131,0.0000921164246392,0.0000166279787663,0.0000509885321662,0.0000558460997127,0.0000602446416451,0.00000690055594532,0.00000384490613214,0.0000063268712438,0.00000344425575349,0.00000291903620564,0.00000250240418609,6.51544610264e-7,3.72197519027e-7,2.80759849147e-7,1.36445876819e-7,7.31844096435e-8,5.41783116148e-8,1.09996484809e-7,3.05444757487e-7,7.72429160634e-8,1.8290169379e-8,9.48632838949e-10,5.26180071736e-11,2.90983481754e-9,1.08562510093e-7],"max":[0.0998087078333,0.220301449299,0.143411070108,0.0473748892546,0.0806167125702,0.113999642432,0.119955345988,0.0365995764732,0.0270403511822,0.0352757908404,0.0245494991541,0.0215124022216,0.0228864084929,0.0138129228726,0.0164017993957,0.00878661405295,0.00565565377474,0.00512076960877,0.00527622923255,0.0123460730538,0.0182877853513,0.00392244523391,0.00282902084291,0.000921208411455,0.000150749707245,0.000949092267547,0.00594171416014],"mean":[0.00317422742955,0.0167855732143,0.00557525455952,0.00155108538456,0.00293962121941,0.00264998967759,0.00278401793912,0.00120982388034,0.000997493974864,0.00127987726592,0.000962589110713,0.00105693889782,0.000716832873877,0.000437811919255,0.000286107999273,0.000282685330603,0.000219583773287,0.000147265469423,0.000120962700748,0.00011833197641,0.000147149432451,0.0000679010117892,0.0000300999854517,0.00000797466964286,0.00000257556143879,0.000013199044588,0.000445120444056],"median":[0.00144191237632,0.0123769138008,0.0034735519439,0.000875433092006,0.00143329240382,0.00108346121851,0.000847721414175,0.000510251324158,0.000520106696058,0.000598296406679,0.000497142551467,0.000653107650578,0.000404038000852,0.000262946705334,0.000157734888489,0.000159480463481,0.000124364916701,0.000065664491558,0.0000465522098239,0.0000358198958565,0.0000256250023085,0.0000100439492599,0.00000413035786551,0.00000186570616734,0.00000108183689917,0.00000335543631991,0.000327978545101],"min":[2.22991148531e-26,2.74246468181e-24,4.65143894851e-25,1.65338076961e-24,3.67483792392e-24,7.43875875443e-24,6.90054814665e-24,6.58162469887e-24,1.85564918249e-23,2.00416502745e-23,1.2451715005e-23,8.43833860693e-24,2.90309395928e-23,4.3230508462e-23,5.03775188435e-23,6.50384829898e-23,5.34037502036e-23,1.11277110565e-22,1.3414428232e-22,1.41879183402e-22,2.5225936543e-22,3.14744293047e-22,4.35073828625e-22,6.0023151479e-22,8.52772926393e-22,1.26238182013e-21,1.84988987942e-21],"var":[0.0000426962178608,0.00026514811907,0.0000417659830418,0.00000520506227986,0.0000220706042455,0.0000333494972438,0.0000544934337086,0.00000555727092433,0.00000239533073909,0.00000453043367088,0.00000213119005821,0.00000200591284738,0.00000115672582979,4.06434480738e-7,2.30703790294e-7,1.95044293605e-7,9.64215516319e-8,5.24741672336e-8,4.55845210467e-8,1.24250277622e-7,4.37687475596e-7,4.06913649442e-8,8.24878743089e-9,4.4956036116e-10,1.95685429666e-11,1.25239063564e-9,2.67040093149e-7]},"barkbands_crest":{"dmean":2.704672575,"dmean2":4.37790060043,"dvar":5.53993606567,"dvar2":14.5363550186,"max":26.380563736,"mean":11.5999937057,"median":10.9863986969,"min":2.3537709713,"var":22.2411289215},"barkbands_flatness_db":{"dmean":0.0295882597566,"dmean2":0.0467179082334,"dvar":0.000702007208019,"dvar2":0.00178130180575,"max":0.472188293934,"mean":0.169851884246,"median":0.154237553477,"min":0.032616712153,"var":0.00507228914648},"barkbands_kurtosis":{"dmean":6.60000562668,"dmean2":10.4198884964,"dvar":137.331344604,"dvar2":321.784332275,"max":486.543884277,"mean":14.3020372391,"median":6.63624763489,"min":-1.92613863945,"var":523.957092285},"barkbands_skewness":{"dmean":0.677072107792,"dmean2":1.07181465626,"dvar":0.455624908209,"dvar2":1.11623382568,"max":15.0391435623,"mean":2.63831090927,"median":2.19915890694,"min":-2.09480810165,"var":2.79328155518},"barkbands_spread":{"dmean":4.48289060593,"dmean2":7.06599664688,"dvar":26.9263496399,"dvar2":61.9280166626,"max":140.558120728,"mean":17.5426101685,"median":16.0059871674,"min":0.266502201557,"var":174.235900879},"dissonance":{"dmean":0.0221704300493,"dmean2":0.0377247110009,"dvar":0.000471411563922,"dvar2":0.00132664747071,"max":0.500000059605,"mean":0.463599264622,"median":0.471933752298,"min":0.257586807013,"var":0.000907236943021},"dynamic_complexity":2.85874319077,"erbbands":{"dmean":[0.353621840477,1.86988329887,4.35734939575,3.93203091621,4.92538547516,7.77827835083,9.46780395508,18.1914043427,24.9241809845,24.8108215332,14.8998241425,13.4319677353,23.3176593781,26.8951702118,22.2871303558,23.964849472,21.8698291779,13.2470426559,11.0413408279,7.7936000824,7.95365858078,6.28991127014,4.21784734726,3.40646982193,3.1612226963,2.74817848206,3.36946320534,3.02473855019,1.86515462399,1.25207066536,0.678212761879,0.236642897129,0.0781322643161,0.0297100041062,0.0184531360865,0.0140236318111,0.0232973210514,0.0299339797348,0.00998984649777,0.00310854963027],"dmean2":[0.585775315762,3.08080768585,7.34027576447,6.70594930649,8.50698947906,13.0571403503,15.7594881058,29.8976249695,40.3106536865,40.5673179626,24.2645797729,22.3330821991,38.4381065369,44.043636322,36.8081893921,40.185798645,37.0792732239,22.402841568,19.0252246857,13.1126775742,13.6670322418,10.7483625412,7.08754682541,5.66632699966,5.20084762573,4.32088136673,4.94472122192,4.46035003662,2.88644742966,1.95833432674,1.0564404726,0.367892563343,0.124741092324,0.049961719662,0.031058486551,0.0227601025254,0.0363301187754,0.0466089248657,0.0145417507738,0.00490388087928],"dvar":[0.437549620867,6.62817621231,42.0419921875,48.5370063782,94.7266159058,292.569824219,430.801635742,2332.53295898,5007.71679688,3576.10229492,1000.00921631,594.168762207,2797.12719727,2417.92944336,1672.67175293,1659.54541016,1929.56872559,700.444885254,517.290527344,263.948364258,273.387359619,128.159637451,77.8257675171,51.5513076782,57.4115943909,99.9217529297,287.346252441,173.588302612,37.9078788757,19.4610671997,5.04302787781,0.545930624008,0.0287438258529,0.00259909429587,0.00100252206903,0.00057732796995,0.00512108160183,0.0116028757766,0.000809464545455,0.000016016245354],"dvar2":[1.21126627922,18.1114578247,120.943145752,138.51739502,268.159362793,791.129699707,1110.51452637,5929.06787109,12248.7480469,8918.89746094,2388.53295898,1536.12756348,7127.58203125,6008.70751953,4333.84375,4428.72949219,5215.9140625,1892.12219238,1450.56628418,632.438171387,763.079956055,350.964996338,205.413482666,135.105636597,142.543792725,225.045852661,574.16607666,351.091949463,89.5781021118,46.7947235107,12.0970802307,1.31039392948,0.0657248720527,0.00677555333823,0.00262829381973,0.00139062432572,0.0122604295611,0.0282143410295,0.00168601167388,0.0000382723446819],"max":[12.4637622833,41.4629554749,133.942626953,126.696350098,160.032241821,358.178985596,625.618774414,1395.87841797,1390.24121094,2968.76049805,775.705993652,589.085876465,1228.00720215,1140.5982666,1214.35021973,947.609436035,1051.21179199,583.863098145,540.549499512,887.84362793,452.604736328,286.382751465,284.857116699,217.758468628,258.58505249,611.062683105,738.308105469,672.977355957,172.602935791,90.4454193115,82.7180480957,35.9001808167,5.9392991066,1.69630372524,1.06669008732,0.635995030403,2.15735602379,2.09532523155,0.887789905071,0.110688887537],"mean":[0.523485064507,3.50770306587,7.43807458878,5.64322090149,6.5939412117,10.2337465286,13.2056293488,25.6459102631,37.3621406555,38.8044815063,23.9533805847,21.8494739532,35.4906311035,43.5548477173,38.8771820068,42.9096870422,35.0139350891,22.5457286835,18.9414997101,14.9825220108,14.3171310425,12.4402961731,8.56561088562,6.76337766647,6.1822476387,5.4700922966,6.28685283661,5.07781457901,2.55440735817,1.48085570335,0.77411532402,0.27118781209,0.0875942930579,0.0306954570115,0.0188846029341,0.016157310456,0.0271443426609,0.0377885699272,0.0248371399939,0.0168709680438],"median":[0.333999663591,2.40723061562,4.71637773514,3.61010527611,3.57203650475,4.35347366333,5.99041414261,9.76165390015,11.1337738037,14.2042264938,11.3613929749,11.8121833801,15.8950939178,23.3207130432,22.6417884827,27.6455287933,20.9757595062,14.2160196304,11.7404842377,9.57277870178,8.25140666962,7.44095134735,4.31386137009,2.81650972366,2.27868461609,1.65060973167,1.26962935925,0.75355899334,0.374316513538,0.202404677868,0.108821928501,0.0523154102266,0.0256942994893,0.0133842416108,0.0082558337599,0.00681965518743,0.00659206230193,0.00726599479094,0.00978965684772,0.0155914574862],"min":[6.59111272341e-23,2.14649986322e-22,2.25726906096e-21,6.13091325843e-21,1.21448337746e-20,1.14467167636e-20,3.09508431621e-20,6.71667167725e-20,1.16047429957e-19,1.31659391269e-19,1.9636224719e-19,4.33587320037e-19,4.69134140241e-19,7.63089934909e-19,9.50361040652e-19,1.04522790356e-18,1.79258000354e-18,1.82698575393e-18,2.27108889185e-18,3.21920082842e-18,3.81790464321e-18,4.24885002592e-18,5.67176776999e-18,6.50680535759e-18,6.74997412381e-18,6.7418466607e-18,9.40172491611e-18,1.18624391731e-17,1.13038589947e-17,1.16687970189e-17,1.23169798828e-17,1.02574730383e-17,1.00468960154e-17,8.33469914904e-18,6.05559487706e-18,4.07578688457e-18,2.41962095816e-18,9.66230190511e-19,2.49825269549e-19,2.69237127343e-20],"var":[0.446081519127,11.9373950958,64.0305252075,48.6651992798,94.7505722046,338.703155518,607.284362793,3660.31469727,9399.71289062,10033.3847656,1968.63806152,1051.14550781,4498.1953125,4229.15771484,3030.55761719,3072.32348633,2575.11206055,1005.87384033,781.459533691,517.923217773,484.790039062,278.178405762,160.978286743,119.587936401,136.736282349,253.20614624,790.026733398,480.115447998,57.0279083252,20.2259845734,5.37944555283,0.611510038376,0.0374175682664,0.00262071145698,0.000994883943349,0.000728471262846,0.00547424610704,0.0119848959148,0.00245621800423,0.000200815804419]},"erbbands_crest":{"dmean":2.69734406471,"dmean2":4.48186063766,"dvar":6.67093515396,"dvar2":17.1741886139,"max":31.0239238739,"mean":8.50436115265,"median":7.48031044006,"min":2.42492222786,"var":15.7163610458},"erbbands_flatness_db":{"dmean":0.0248956419528,"dmean2":0.0392216257751,"dvar":0.000487691460876,"dvar2":0.00126549438573,"max":0.336142003536,"mean":0.151574671268,"median":0.147692069411,"min":0.0550644211471,"var":0.0013916126918},"erbbands_kurtosis":{"dmean":0.952162623405,"dmean2":1.56329989433,"dvar":1.46637773514,"dvar2":3.86363387108,"max":26.2546463013,"mean":0.692667245865,"median":0.258674144745,"min":-1.72006881237,"var":2.90596294403},"erbbands_skewness":{"dmean":0.363050490618,"dmean2":0.57525396347,"dvar":0.108049616218,"dvar2":0.264202326536,"max":4.20176649094,"mean":0.246038854122,"median":0.18894995749,"min":-3.10212993622,"var":0.436980545521},"erbbands_spread":{"dmean":6.26937484741,"dmean2":10.0157632828,"dvar":35.9042282104,"dvar2":85.5837020874,"max":102.584693909,"mean":27.6865348816,"median":26.5015716553,"min":3.14422678947,"var":118.816574097},"gfcc":{"cov":[[13556.4414062,-55.3425064087,-1898.65625,184.980438232,-54.1678543091,-639.338195801,52.5698051453,-624.467285156,174.099990845,-102.153175354,-100.90599823,174.515533447,-159.964950562],[-55.3425064087,903.683837891,161.792739868,-225.299865723,146.838928223,27.9961299896,59.5756340027,57.5913658142,-14.9843549728,-27.6373138428,60.6734924316,-78.3705368042,84.0740356445],[-1898.65625,161.792739868,752.563598633,47.0579528809,-84.7345352173,286.041351318,-37.3982391357,228.584518433,-86.1278533936,31.2730197906,14.2225437164,-50.5142631531,21.9756126404],[184.980438232,-225.299865723,47.0579528809,266.188018799,-2.36578726768,-7.94226169586,48.5737686157,-3.19161534309,6.00848960876,4.75917100906,-26.4073181152,23.5163879395,-35.3519020081],[-54.1678543091,146.838928223,-84.7345352173,-2.36578726768,193.382293701,-12.2867927551,40.4197387695,-24.8899211884,10.4297018051,-15.3582296371,12.2535867691,-18.0219326019,28.0991001129],[-639.338195801,27.9961299896,286.041351318,-7.94226169586,-12.2867927551,280.107299805,-35.2498664856,121.725837708,-58.92603302,4.62922382355,-2.97413134575,-15.6122093201,2.19109177589],[52.5698051453,59.5756340027,-37.3982391357,48.5737686157,40.4197387695,-35.2498664856,186.119171143,-15.8589830399,29.7024345398,-11.5906400681,-0.949949741364,-0.374221742153,-9.51779747009],[-624.467285156,57.5913658142,228.584518433,-3.19161534309,-24.8899211884,121.725837708,-15.8589830399,182.993804932,-16.5557422638,31.5074634552,6.89747858047,-34.0144729614,25.9346027374],[174.099990845,-14.9843549728,-86.1278533936,6.00848960876,10.4297018051,-58.92603302,29.7024345398,-16.5557422638,97.392829895,20.8161277771,5.19736671448,15.6554288864,-21.4233436584],[-102.153175354,-27.6373138428,31.2730197906,4.75917100906,-15.3582296371,4.62922382355,-11.5906400681,31.5074634552,20.8161277771,66.1243209839,31.2534732819,3.09201288223,6.04967546463],[-100.90599823,60.6734924316,14.2225437164,-26.4073181152,12.2535867691,-2.97413134575,-0.949949741364,6.89747858047,5.19736671448,31.2534732819,57.3969459534,15.1236801147,14.3597745895],[174.515533447,-78.3705368042,-50.5142631531,23.5163879395,-18.0219326019,-15.6122093201,-0.374221742153,-34.0144729614,15.6554288864,3.09201288223,15.1236801147,60.2970237732,1.70156335831],[-159.964950562,84.0740356445,21.9756126404,-35.3519020081,28.0991001129,2.19109177589,-9.51779747009,25.9346027374,-21.4233436584,6.04967546463,14.3597745895,1.70156335831,69.4861907959]],"icov":[[0.000175864406629,-0.000414955837186,0.000718337891158,-0.000558698433451,0.000527502386831,-0.000263237161562,0.000185906828847,0.0000660946316202,0.000147518774611,-0.000264296046225,0.000317905680276,-0.000210807382246,0.000199245405383],[-0.000414955837186,0.00362563855015,-0.00275850505568,0.00309444754384,-0.00243973266333,0.00102656462695,-0.00133431726135,0.00016119677457,-0.00155158783309,0.00341286533512,-0.00395254604518,0.00329677807167,-0.00222346745431],[0.000718337891158,-0.00275850505568,0.00668657291681,-0.00442689610645,0.00446211826056,-0.003738849191,0.00112590601202,-0.00145333399996,0.00124517490622,-0.000986379222013,-0.000352376024239,0.00102796661668,0.000151961285155],[-0.000558698433451,0.00309444754384,-0.00442689610645,0.00925807654858,-0.00506472447887,0.00337193231098,-0.00273495935835,-0.00130754092243,0.00178910291288,-0.00178660289384,0.00365635752678,-0.00445585418493,0.00319573748857],[0.000527502386831,-0.00243973266333,0.00446211826056,-0.00506472447887,0.0112790539861,-0.00426535122097,0.000234318213188,0.00271743512712,-0.00323193240911,0.00314189260826,-0.00467174034566,0.0068275607191,-0.00570206670091],[-0.000263237161562,0.00102656462695,-0.003738849191,0.00337193231098,-0.00426535122097,0.00918837171048,-0.000135985857924,-0.00453617889434,0.00454358756542,-0.00115656096023,0.00335699599236,-0.00591338379309,0.00511199701577],[0.000185906828847,-0.00133431726135,0.00112590601202,-0.00273495935835,0.000234318213188,-0.000135985857924,0.00702282320708,-0.000114449430839,-0.00184971967246,0.0015583250206,-0.000643247447442,0.000295353471301,0.000628832087386],[0.0000660946316202,0.00016119677457,-0.00145333399996,-0.00130754092243,0.00271743512712,-0.00453617889434,-0.000114449430839,0.0134199392051,-0.00443492410704,-0.00210635364056,-0.00155815691687,0.00837419275194,-0.00729579199106],[0.000147518774611,-0.00155158783309,0.00124517490622,0.00178910291288,-0.00323193240911,0.00454358756542,-0.00184971967246,-0.00443492410704,0.0198134742677,-0.0110629461706,0.00833576451987,-0.011377228424,0.0109267756343],[-0.000264296046225,0.00341286533512,-0.000986379222013,-0.00178660289384,0.00314189260826,-0.00115656096023,0.0015583250206,-0.00210635364056,-0.0110629461706,0.033622186631,-0.0236987378448,0.011830615811,-0.00729953031987],[0.000317905680276,-0.00395254604518,-0.000352376024239,0.00365635752678,-0.00467174034566,0.00335699599236,-0.000643247447442,-0.00155815691687,0.00833576451987,-0.0236987378448,0.0412792079151,-0.0206711608917,0.00637148227543],[-0.000210807382246,0.00329677807167,0.00102796661668,-0.00445585418493,0.0068275607191,-0.00591338379309,0.000295353471301,0.00837419275194,-0.011377228424,0.011830615811,-0.0206711608917,0.0372384563088,-0.0139036281034],[0.000199245405383,-0.00222346745431,0.000151961285155,0.00319573748857,-0.00570206670091,0.00511199701577,0.000628832087386,-0.00729579199106,0.0109267756343,-0.00729953031987,0.00637148227543,-0.0139036281034,0.0271000247449]],"mean":[-13.0243816376,117.820045471,-80.614906311,-4.29383563995,-14.1417417526,-8.72833156586,6.87933731079,-12.2893161774,-1.12974655628,-5.89037561417,-0.995816767216,-1.36953663826,-4.40033102036]},"hfc":{"dmean":44.079914093,"dmean2":72.38256073,"dvar":2850.18554688,"dvar2":7622.78466797,"max":1046.57495117,"mean":180.867950439,"median":166.789428711,"min":1.06005716745e-16,"var":14214.9326172},"melbands":{"dmean":[0.00278218463063,0.00226664543152,0.000670890498441,0.000436053669546,0.000344375090208,0.000397842872189,0.000379219534807,0.00025003607152,0.000115247945359,0.0000907322246348,0.000118909192679,0.000111880690383,0.0000809394041426,0.0000727119622752,0.0000611595824012,0.000041450795834,0.0000247574971581,0.0000203335948754,0.0000126753257064,0.0000116314777188,0.00000947856369748,0.00000742771226214,0.00000491379705636,0.00000376227717425,0.00000287926900455,0.00000259712214756,0.00000217364390664,0.00000194425570044,0.00000223844426728,0.0000020312165816,0.00000182811822924,0.00000114849035526,8.57586655911e-7,6.51616858249e-7,4.46569998758e-7,2.15895724409e-7,1.18109426239e-7,5.99390972411e-8,3.03241165511e-8,2.35857839925e-8],"dmean2":[0.00459741521627,0.00375929102302,0.00114620372187,0.000740654591937,0.000570534379221,0.000652715505566,0.00061233289307,0.000409695872804,0.000188123769476,0.000151068423293,0.00019603210967,0.000183129654033,0.000134746907861,0.000122410187032,0.000102680329292,0.0000706983992131,0.0000418644776801,0.0000349066212948,0.0000215900254261,0.0000196763558051,0.0000164807333931,0.0000127971088659,0.00000825505503599,0.00000638733581582,0.00000480424341731,0.00000437244898421,0.00000350609752786,0.00000311698113364,0.00000339818029715,0.00000303463707496,0.00000275629759017,0.00000180735196409,0.00000136087635383,0.00000103170225429,7.03703108229e-7,3.35860590894e-7,1.85899494909e-7,9.54414289822e-8,5.06108612797e-8,3.98711215155e-8],"dvar":[0.0000228534754569,0.0000100410352388,0.00000142219778354,7.70870656197e-7,5.63132800835e-7,0.00000107527989712,0.00000111566987471,3.28296096086e-7,5.77951375647e-8,2.93864310663e-8,7.09499445861e-8,4.23591437482e-8,2.22830802699e-8,1.61181326064e-8,1.244100023e-8,7.86079912274e-9,2.3957869022e-9,1.76883163672e-9,8.93466967078e-10,5.90280380131e-10,4.0699293935e-10,1.92478769034e-10,8.78689968009e-11,6.65115046372e-11,3.66967706222e-11,4.00358045327e-11,3.29101190744e-11,6.46497161361e-11,1.22639287614e-10,1.22870089103e-10,5.84499462719e-11,1.51199955334e-11,9.25375401306e-12,5.59208929163e-12,2.31477055405e-12,4.47565758326e-13,1.48521047349e-13,1.80065702881e-14,2.71916719013e-15,1.69620571149e-15],"dvar2":[0.0000626344553893,0.0000281693428406,0.00000406682738685,0.00000215284399019,0.00000145952390085,0.0000027605399282,0.00000272269880952,8.18491457721e-7,1.39929497323e-7,7.61431522278e-8,1.81149445666e-7,1.04513951271e-7,5.77279628544e-8,4.230663464e-8,3.31947269672e-8,2.13243538383e-8,6.43152864299e-9,4.86891416074e-9,2.16698192723e-9,1.55779289468e-9,1.15418430369e-9,5.35980648753e-10,2.27560761901e-10,1.80636949842e-10,9.62637608515e-11,1.073386241e-10,7.77616790404e-11,1.54354903859e-10,2.54147203282e-10,2.71442229804e-10,1.25763163772e-10,3.63637488177e-11,2.30306208132e-11,1.34636954363e-11,5.67527578751e-12,1.03772155799e-12,3.69927179167e-13,4.07810890363e-14,6.93391504424e-15,4.45701833527e-15],"max":[0.0828904509544,0.0543775595725,0.0196255464107,0.0142567874864,0.0192633960396,0.0272320304066,0.0222174115479,0.0275021418929,0.0053842398338,0.00389864994213,0.00632995087653,0.00497516896576,0.00361575419083,0.00287396344356,0.00502787856385,0.00252071744762,0.00132634094916,0.00118441437371,0.00159542134497,0.000817043241113,0.000453734537587,0.000314298464218,0.000376637821319,0.000240704932366,0.000179553506314,0.000212001788896,0.000233533704886,0.000569734722376,0.000522805203218,0.00049118231982,0.000397633499233,0.000120237185911,0.0000556775303266,0.0000570759257243,0.0000510860227223,0.0000304717941617,0.0000216951229959,0.00000448957416666,0.00000156581995725,0.00000138709447128],"mean":[0.00477359257638,0.00433516129851,0.00102340616286,0.00060049246531,0.000482242554426,0.000571510288864,0.000580098421779,0.000389914115658,0.000180094895768,0.000140001342515,0.000176833986188,0.000175216220669,0.000132184184622,0.000119227188407,0.00010258097609,0.0000604282431595,0.0000402246332669,0.000032513467886,0.000021014648155,0.0000206905715459,0.0000153877826961,0.0000132762588692,0.00000952008031163,0.00000674814327795,0.00000529841963726,0.00000453751272289,0.00000412218332713,0.00000349385777554,0.00000396461700802,0.00000352018787453,0.0000027809767289,0.00000153322184815,0.00000100635088529,7.3953106039e-7,4.91903506372e-7,2.51096707871e-7,1.29831775553e-7,6.65650290443e-8,3.17401891436e-8,2.32823396118e-8],"median":[0.00338657246903,0.00299337226897,0.00069226603955,0.000298766215565,0.000217568158405,0.000218895002035,0.000175088236574,0.00014556235692,0.000086249128799,0.0000714960769983,0.0000761725605116,0.0000898660146049,0.0000713406625437,0.0000713124245522,0.0000637746052234,0.000032996005757,0.0000239415658143,0.0000190957125596,0.0000115078664749,0.0000121848388517,0.00000798849305284,0.00000745496890886,0.00000520633011547,0.00000283746408059,0.00000209485529012,0.0000016671560843,0.00000139931262311,9.47898570303e-7,8.01750047685e-7,5.72583815028e-7,3.77004681695e-7,2.22807940986e-7,1.38186578624e-7,9.6633556268e-8,6.43631068442e-8,4.35772093965e-8,2.53061802624e-8,1.80403674221e-8,1.29511708025e-8,9.60648449677e-9],"min":[8.81572867791e-25,8.05266007302e-25,1.51353012782e-24,1.37838099843e-24,1.46944867905e-24,1.63136878934e-24,1.61144226148e-24,1.26678183224e-24,1.54515842114e-24,2.68911263828e-24,2.09654300603e-24,2.60743654395e-24,2.39049782287e-24,2.73227102119e-24,3.68580230164e-24,3.43018967468e-24,2.99603869498e-24,3.03360425129e-24,3.82296785812e-24,4.58898256267e-24,3.81540899293e-24,3.24792454582e-24,4.57514318137e-24,5.11411622322e-24,4.37717735392e-24,4.61873169069e-24,3.99507758612e-24,3.94278399671e-24,4.81563531694e-24,3.79922708918e-24,6.18122888009e-24,5.12256452908e-24,6.13150461066e-24,5.54802758641e-24,5.62954807793e-24,5.00276771759e-24,5.66048444162e-24,5.7519998008e-24,6.3662120292e-24,6.07508606758e-24],"var":[0.0000267513096333,0.0000180132738024,0.00000142066369335,8.41572102672e-7,7.88250019923e-7,0.00000171472811417,0.00000221444111048,9.01840053302e-7,1.11945425374e-7,4.79792703345e-8,1.14271642815e-7,7.42410222188e-8,3.93659682629e-8,2.73565401443e-8,2.20462865741e-8,9.04427821524e-9,3.48265105643e-9,2.5972377582e-9,1.48128076471e-9,1.09671693949e-9,6.22266793648e-10,3.48519685334e-10,1.95141666715e-10,1.17070367289e-10,7.90906506953e-11,7.12655490176e-11,8.05078156918e-11,1.34018962594e-10,3.16693560265e-10,2.98972735457e-10,1.40388922709e-10,2.25805693588e-11,9.18985634119e-12,5.59350656071e-12,2.33068122094e-12,5.32193104689e-13,1.52412750389e-13,2.3706585333e-14,2.9334720315e-15,1.64389613304e-15]},"melbands_crest":{"dmean":3.77778935432,"dmean2":6.19683122635,"dvar":11.8079977036,"dvar2":32.0910224915,"max":39.5257873535,"mean":16.8429985046,"median":16.8692722321,"min":1.00025546551,"var":33.9216842651},"melbands_flatness_db":{"dmean":0.0374836958945,"dmean2":0.0590605661273,"dvar":0.00106181157753,"dvar2":0.00271997833624,"max":0.640229642391,"mean":0.29172629118,"median":0.276943713427,"min":-2.93373716431e-7,"var":0.00830566324294},"melbands_kurtosis":{"dmean":7.93176794052,"dmean2":12.7402076721,"dvar":144.885604858,"dvar2":348.422241211,"max":489.10848999,"mean":17.2271347046,"median":8.24077224731,"min":-1.70861148834,"var":635.266174316},"melbands_skewness":{"dmean":0.786589026451,"dmean2":1.26077103615,"dvar":0.532903194427,"dvar2":1.33676624298,"max":15.2523832321,"mean":2.97433376312,"median":2.56376600266,"min":-0.987489521503,"var":3.23672676086},"melbands_spread":{"dmean":4.15728521347,"dmean2":6.65668535233,"dvar":25.7156581879,"dvar2":62.732093811,"max":218.151107788,"mean":14.0441951752,"median":11.7886419296,"min":0.216550081968,"var":201.176956177},"mfcc":{"cov":[[8148.96533203,-638.618896484,-1622.4564209,503.281311035,-455.594726562,261.935882568,-614.250854492,-68.7675094604,-284.618041992,-54.05052948,-139.913009644,6.23069620132,-94.114730835],[-638.618896484,1108.35534668,75.4753723145,-148.711715698,113.719337463,-59.1845741272,157.764144897,-15.2023677826,87.2927703857,-24.887960434,34.3098526001,15.6382064819,57.6888961792],[-1622.4564209,75.4753723145,829.091125488,-134.60786438,125.170845032,-45.8300056458,176.833206177,73.274017334,67.4284744263,47.7545852661,40.1682662964,10.7233572006,13.9698810577],[503.281311035,-148.711715698,-134.60786438,305.623901367,-80.2586212158,37.2590942383,-36.0367774963,7.01460409164,-5.92765760422,15.7577171326,-5.47988700867,-1.82700371742,-8.14413833618],[-455.594726562,113.719337463,125.170845032,-80.2586212158,205.044952393,-10.0545444489,62.4430236816,-3.50237679482,30.717716217,-6.44411849976,12.3947172165,-4.33827590942,13.7139358521],[261.935882568,-59.1845741272,-45.8300056458,37.2590942383,-10.0545444489,129.680496216,3.21488118172,38.0190505981,-23.6610279083,2.52928519249,-12.3920574188,1.35716950893,-15.6427955627],[-614.250854492,157.764144897,176.833206177,-36.0367774963,62.4430236816,3.21488118172,186.895614624,33.2887916565,59.2692298889,0.437009781599,14.8316297531,0.390613079071,11.7888288498],[-68.7675094604,-15.2023677826,73.274017334,7.01460409164,-3.50237679482,38.0190505981,33.2887916565,94.1609954834,22.4292583466,22.3658313751,-1.354783535,-2.21578907967,-6.51764392853],[-284.618041992,87.2927703857,67.4284744263,-5.92765760422,30.717716217,-23.6610279083,59.2692298889,22.4292583466,89.9563903809,23.4960632324,16.5699748993,2.85072946548,9.44318580627],[-54.05052948,-24.887960434,47.7545852661,15.7577171326,-6.44411849976,2.52928519249,0.437009781599,22.3658313751,23.4960632324,58.3497123718,21.9781341553,8.50634479523,0.461082696915],[-139.913009644,34.3098526001,40.1682662964,-5.47988700867,12.3947172165,-12.3920574188,14.8316297531,-1.354783535,16.5699748993,21.9781341553,54.1794204712,22.9268741608,12.9653625488],[6.23069620132,15.6382064819,10.7233572006,-1.82700371742,-4.33827590942,1.35716950893,0.390613079071,-2.21578907967,2.85072946548,8.50634479523,22.9268741608,53.6449394226,25.0368442535],[-94.114730835,57.6888961792,13.9698810577,-8.14413833618,13.7139358521,-15.6427955627,11.7888288498,-6.51764392853,9.44318580627,0.461082696915,12.9653625488,25.0368442535,51.0400733948]],"icov":[[0.000256308063399,-0.00000632296587355,0.000358175806468,-0.000149808416609,0.0000994483198156,-0.000223669791012,0.000382835394703,-0.000138829869684,0.000189422557014,-0.0000767956953496,0.000254933111137,-0.000302216154523,0.000205536867725],[-0.00000632296587355,0.00121777085587,0.000201425267733,0.000454544991953,-0.000156625683303,0.000166170546436,-0.000817336840555,0.000183027281309,-0.000707448925823,0.000578316103201,-0.000468774407636,0.000190507125808,-0.000914207543246],[0.000358175806468,0.000201425267733,0.00246023223735,0.000345184933394,-0.000569196010474,0.000851426273584,-0.00119072769303,-0.0014396077022,0.00103693420533,-0.0015990533866,0.00017807855329,-0.000806168944109,0.000492380699143],[-0.000149808416609,0.000454544991953,0.000345184933394,0.00425413204357,0.00116720527876,-0.000876573671121,-0.000441291020252,0.000345524371369,-0.000959163822699,-0.00094295112649,-0.000312171701808,0.000783997180406,-0.000761188508477],[0.0000994483198156,-0.000156625683303,-0.000569196010474,0.00116720527876,0.00660506123677,-0.00134095328394,-0.000487548793899,0.00137319602072,-0.00167481112294,0.00130574777722,-0.00122376612853,0.00193838123232,-0.00153719016816],[-0.000223669791012,0.000166170546436,0.000851426273584,-0.000876573671121,-0.00134095328394,0.0117728970945,-0.00249943044037,-0.00529072619975,0.00475647998974,-0.00138548435643,0.00182175182272,-0.00307627650909,0.00307574123144],[0.000382835394703,-0.000817336840555,-0.00119072769303,-0.000441291020252,-0.000487548793899,-0.00249943044037,0.0104983728379,-0.00142165855505,-0.00496102077886,0.00401558028534,-0.00132764969021,0.000731239269953,-0.00049602764193],[-0.000138829869684,0.000183027281309,-0.0014396077022,0.000345524371369,0.00137319602072,-0.00529072619975,-0.00142165855505,0.0163441896439,-0.00385908666067,-0.00433700392023,0.00238861143589,0.00104311085306,0.0000460141855001],[0.000189422557014,-0.000707448925823,0.00103693420533,-0.000959163822699,-0.00167481112294,0.00475647998974,-0.00496102077886,-0.00385908666067,0.0195903666317,-0.00743135577068,-0.0000483066869492,-0.000194194202777,-0.000176984729478],[-0.0000767956953496,0.000578316103201,-0.0015990533866,-0.00094295112649,0.00130574777722,-0.00138548435643,0.00401558028534,-0.00433700392023,-0.00743135577068,0.0276445876807,-0.0105202067643,0.000111092951556,0.000978237716481],[0.000254933111137,-0.000468774407636,0.00017807855329,-0.000312171701808,-0.00122376612853,0.00182175182272,-0.00132764969021,0.00238861143589,-0.0000483066869492,-0.0105202067643,0.029192943126,-0.0110100666061,0.000489272351842],[-0.000302216154523,0.000190507125808,-0.000806168944109,0.000783997180406,0.00193838123232,-0.00307627650909,0.000731239269953,0.00104311085306,-0.000194194202777,0.000111092951556,-0.0110100666061,0.0302912574261,-0.0139533048496],[0.000205536867725,-0.000914207543246,0.000492380699143,-0.000761188508477,-0.00153719016816,0.00307574123144,-0.00049602764193,0.0000460141855001,-0.000176984729478,0.000978237716481,0.000489272351842,-0.0139533048496,0.0289688240737]],"mean":[-677.509277344,180.351821899,-6.55241155624,26.5335464478,-3.10552549362,18.3449478149,7.85907649994,10.4110898972,3.69501018524,2.8076748848,1.80678427219,7.37631130219,4.91065263748]},"pitch_salience":{"dmean":0.0791898965836,"dmean2":0.128801375628,"dvar":0.00451554125175,"dvar2":0.0119864027947,"max":0.996096551418,"mean":0.524529755116,"median":0.533832848072,"min":0.0217189062387,"var":0.0163112860173},"silence_rate_20dB":{"dmean":0,"dmean2":0,"dvar":0,"dvar2":0,"max":1,"mean":1,"median":1,"min":1,"var":0},"silence_rate_30dB":{"dmean":0.0557702332735,"dmean2":0.111546292901,"dvar":0.0526608116925,"dvar2":0.12354721874,"max":1,"mean":0.944076001644,"median":1,"min":0,"var":0.0527879297733},"silence_rate_60dB":{"dmean":0.00177545694169,"dmean2":0.00355109921657,"dvar":0.0017725644866,"dvar2":0.00406142976135,"max":1,"mean":0.0135763147846,"median":0,"min":0,"var":0.0133912106976},"spectral_centroid":{"dmean":157.910873413,"dmean2":243.695800781,"dvar":43134.7070312,"dvar2":90153.390625,"max":11613.21875,"mean":875.511962891,"median":762.922607422,"min":126.662948608,"var":698809.375},"spectral_complexity":{"dmean":3.07530021667,"dmean2":4.90344142914,"dvar":8.99954605103,"dvar2":20.1361217499,"max":60,"mean":19.7133827209,"median":21,"min":0,"var":110.464736938},"spectral_contrast_coeffs":{"dmean":[0.0519163608551,0.0496683530509,0.0367745123804,0.0313277170062,0.0234488360584,0.0391991771758],"dmean2":[0.0872226655483,0.0832421183586,0.0618082731962,0.0525656938553,0.0390987247229,0.0616565048695],"dvar":[0.00169565388933,0.00162527395878,0.000843505666126,0.00066861504456,0.000436317117419,0.00136967736762],"dvar2":[0.00472514331341,0.00451760133728,0.00233061728068,0.00183135271072,0.00116044923197,0.00314909801818],"max":[-0.368501514196,-0.433166444302,-0.583075404167,-0.645147144794,-0.690152287483,-0.411844730377],"mean":[-0.696233451366,-0.769839167595,-0.805931389332,-0.818138599396,-0.835238158703,-0.75890904665],"median":[-0.697391271591,-0.779525518417,-0.80887067318,-0.816883921623,-0.826964020729,-0.768693864346],"min":[-0.975196540356,-0.99681687355,-0.998957037926,-0.987747550011,-0.988422870636,-0.965151369572],"var":[0.00417710095644,0.00466861296445,0.00205071573146,0.00177558232099,0.00198165210895,0.00752018019557]},"spectral_contrast_valleys":{"dmean":[0.381677299738,0.342440515757,0.306168526411,0.329982221127,0.36690762639,0.64426201582],"dmean2":[0.636745035648,0.570509195328,0.498589277267,0.538956224918,0.591141939163,1.02757847309],"dvar":[0.0953640192747,0.0775500237942,0.0695247724652,0.107912525535,0.163628011942,0.281751066446],"dvar2":[0.254215329885,0.200360566378,0.165901020169,0.276119917631,0.425142139196,0.773609340191],"max":[-4.81424474716,-4.54471254349,-4.86376857758,-5.4612159729,-5.56457090378,-8.59029960632],"mean":[-6.608273983,-6.38470363617,-6.78988838196,-7.54828071594,-7.94055461884,-11.1524772644],"median":[-6.44606876373,-6.17259120941,-6.47686004639,-7.0503282547,-7.6188993454,-11.0090847015],"min":[-27.9519634247,-28.1386604309,-27.7474727631,-27.6129798889,-27.5290298462,-27.4008026123],"var":[2.55194783211,2.65407943726,2.70301103592,2.89278626442,2.80785894394,1.87781989574]},"spectral_decrease":{"dmean":4.12927203541e-9,"dmean2":6.74245370647e-9,"dvar":3.19499404954e-17,"dvar2":8.58923436949e-17,"max":1.06110800147e-8,"mean":-9.22345044785e-9,"median":-7.72259411974e-9,"min":-7.68387593553e-8,"var":5.52415465998e-17},"spectral_energy":{"dmean":0.0161660946906,"dmean2":0.0264931507409,"dvar":0.000488413788844,"dvar2":0.0013176202774,"max":0.317903488874,"mean":0.051216904074,"median":0.0458005107939,"min":1.01060266273e-20,"var":0.00108385109343},"spectral_energyband_high":{"dmean":0.000255572464084,"dmean2":0.000375030300347,"dvar":5.63788034924e-7,"dvar2":0.00000113603630325,"max":0.0247866977006,"mean":0.000589437433518,"median":0.000248828990152,"min":6.98120646052e-21,"var":0.00000171970066276},"spectral_energyband_low":{"dmean":0.0126280300319,"dmean2":0.0208814553916,"dvar":0.000345576525433,"dvar2":0.000944239785895,"max":0.289785683155,"mean":0.025673430413,"median":0.0198267288506,"min":8.73264998889e-24,"var":0.000518030952662},"spectral_energyband_middle_high":{"dmean":0.00196841754951,"dmean2":0.0031552396249,"dvar":0.00000901340717974,"dvar2":0.0000228934386541,"max":0.0556339435279,"mean":0.00536178098992,"median":0.00420600315556,"min":1.2879603005e-21,"var":0.0000286970989691},"spectral_energyband_middle_low":{"dmean":0.00560734188184,"dmean2":0.00917909108102,"dvar":0.0000884600449353,"dvar2":0.000236639752984,"max":0.141837358475,"mean":0.0125283747911,"median":0.00836439616978,"min":1.43697337395e-22,"var":0.000193361338461},"spectral_entropy":{"dmean":0.218097388744,"dmean2":0.345867395401,"dvar":0.0523079931736,"dvar2":0.137966945767,"max":9.83347702026,"mean":7.33901309967,"median":7.4129242897,"min":5.36166667938,"var":0.221380263567},"spectral_flux":{"dmean":0.0265118088573,"dmean2":0.0427952595055,"dvar":0.00087345961947,"dvar2":0.00195139599964,"max":0.436924338341,"mean":0.113363064826,"median":0.11041945219,"min":6.32154190106e-11,"var":0.0034295222722},"spectral_kurtosis":{"dmean":6.90191507339,"dmean2":11.0045871735,"dvar":78.4324035645,"dvar2":210.550582886,"max":157.775009155,"mean":20.519744873,"median":17.819858551,"min":-1.27836966515,"var":134.079177856},"spectral_rms":{"dmean":0.00102133874316,"dmean2":0.00164483638946,"dvar":0.00000124184930428,"dvar2":0.00000327694033331,"max":0.0176110696048,"mean":0.00670134369284,"median":0.00668456591666,"min":3.13999000412e-12,"var":0.00000505963862452},"spectral_rolloff":{"dmean":5161.51660156,"dmean2":9986.11328125,"dvar":67168896,"dvar2":159703600,"max":22028.4667969,"mean":11368.7167969,"median":16752.8320312,"min":21.533203125,"var":102699904},"spectral_skewness":{"dmean":0.528919994831,"dmean2":0.830880224705,"dvar":0.370435267687,"dvar2":0.972325265408,"max":10.2775173187,"mean":3.10762786865,"median":2.96131014824,"min":-0.0689928531647,"var":0.979876220226},"spectral_spread":{"dmean":607390.875,"dmean2":956577.9375,"dvar":425647439872,"dvar2":1030594101250,"max":42811552,"mean":3867778,"median":3629571.75,"min":1162200,"var":6826328326140},"spectral_strongpeak":{"dmean":3.28438854218,"dmean2":6.06848812103,"dvar":180.996734619,"dvar2":496.296112061,"max":233.138290405,"mean":2.73152947426,"median":0.302565991879,"min":0,"var":149.879592896},"zerocrossingrate":{"dmean":0.0364730805159,"dmean2":0.0467379428446,"dvar":0.000970099703409,"dvar2":0.00151271768846,"max":0.7939453125,"mean":0.255776852369,"median":0.24853515625,"min":0,"var":0.00964153837413}},"metadata":{"audio_properties":{"analysis_sample_rate":44100,"bit_rate":204328,"codec":"mp3","downmix":"mix","equal_loudness":0,"length":444.657409668,"lossless":false,"md5_encoded":"519fa52f355529cc268844613e09ef30","replay_gain":-0.462762832642,"sample_rate":44100},"tags":{"album":["A Matter of Life and Death"],"artist":["Iron Maiden"],"date":["2006-08-28"],"file_name":"09 - Iron Maiden - Lord of Light.mp3","musicbrainz_albumid":["f528efaf-a19c-4701-8fbe-d2d252449093"],"musicbrainz_artistid":["ca891d65-d9b0-4258-89f7-e6ba29d83767"],"musicbrainz_recordingid":["85915896-1f02-4835-aebb-f0bd3464fd4f"],"title":["Lord of Light"],"tracknumber":["09/10"]},"version":{"essentia":"2.1-beta1","essentia_build_sha":"ca57ba49d9b1854bd80e60cf9ccf267278fb7d6b","essentia_git_sha":"v2.1_beta1-28-g21ef5f4-dirty","extractor":"music 1.0"}},"rhythm":{"beats_count":1127,"beats_loudness":{"dmean":0.0201924350113,"dmean2":0.0350147485733,"dvar":0.000350303511368,"dvar2":0.00096450158162,"max":0.190481990576,"mean":0.0565741807222,"median":0.0534336641431,"min":0,"var":0.000887250411324},"beats_loudness_band_ratio":{"dmean":[0.177317664027,0.0810598433018,0.0759272351861,0.0585645548999,0.013188784942,0.0745601654053],"dmean2":[0.304390877485,0.141947329044,0.13199184835,0.101166300476,0.0230286773294,0.12842951715],"dvar":[0.0192491915077,0.0081900851801,0.00719046313316,0.00376567500643,0.000247817486525,0.0045302817598],"dvar2":[0.0539625063539,0.0223679542542,0.0196139123291,0.0110855093226,0.000682312704157,0.0129228439182],"max":[0.963606417179,0.736899852753,0.794733583927,0.582221329212,0.204127773643,0.522221207619],"mean":[0.517539739609,0.116334214807,0.107683457434,0.0921866446733,0.0218134894967,0.163373336196],"median":[0.503835916519,0.0907502174377,0.0795557722449,0.0686416104436,0.0169721934944,0.150240272284],"min":[0,0,0,0,0,0],"var":[0.0559713430703,0.0110143395141,0.010820181109,0.00670012179762