{"lowlevel":{"average_loudness":0.280755400658,"barkbands":{"dmean":[0.00344460294582,0.00553252408281,0.00288273743354,0.00229840469547,0.00149559241254,0.00129527470563,0.000812173529994,0.000361556594726,0.000447689031716,0.000269272539299,0.000211069229408,0.000207133125514,0.000186030694749,0.000199143119971,0.000252906844253,0.000152208100189,0.000126947139506,0.000111690053018,0.000118789896078,0.0000529360295332,0.000034213426261,0.0000257672982116,0.0000195696375158,0.0000129997742988,0.00000464244158138,0.0000137177712531,0.0000966458683251],"dmean2":[0.00566666293889,0.00920063629746,0.00489190313965,0.00390590075403,0.00252911844291,0.00202792673372,0.00129618123174,0.000576637859922,0.000715001078788,0.000446669640951,0.000347070075804,0.000343903579051,0.00030753138708,0.000324983266182,0.000410081236623,0.00025011433172,0.00020375593158,0.000174640968908,0.00017547479365,0.0000795725281932,0.0000506028954987,0.0000372851791326,0.0000290658354061,0.0000200086815312,0.00000754701841288,0.0000206383792829,0.000146607955685],"dvar":[0.0000595541241637,0.0000881757514435,0.0000304791938106,0.0000177653710125,0.0000128019655676,0.00000993481262412,0.00000524124288859,0.00000144248349443,0.00000158218301749,5.78085575853e-7,3.8002394831e-7,1.80272735406e-7,1.33853191642e-7,2.74666348332e-7,4.84065765249e-7,1.20841889384e-7,9.64873692055e-8,8.03486983614e-8,1.16200794764e-7,1.75678884773e-8,6.46131148585e-9,4.91552798465e-9,3.12820258586e-9,1.36239830528e-9,1.68746669416e-10,1.47616108226e-9,4.73357566477e-8],"dvar2":[0.00014764702064,0.000236693813349,0.0000838187042973,0.0000513588092872,0.000035477354686,0.0000233652554016,0.0000131369524752,0.00000335673576046,0.00000387929731005,0.00000146962281633,9.49628429225e-7,4.63682141572e-7,3.33752240067e-7,6.75117121318e-7,0.00000124194332329,3.07989239445e-7,2.35710430729e-7,1.87452712908e-7,2.32168787306e-7,3.74873927456e-8,1.37190987459e-8,1.04494235487e-8,6.82062539781e-9,3.04989011823e-9,4.18154733062e-10,3.22584048362e-9,1.00575398676e-7],"max":[0.169909626245,0.179557815194,0.137196838856,0.0889142006636,0.102184072137,0.0869441106915,0.0729547142982,0.0324340462685,0.038880135864,0.0239159055054,0.0230519343168,0.0152407856658,0.0110083082691,0.0138951828703,0.0251447316259,0.0095426896587,0.00529897399247,0.00835497211665,0.012242058292,0.00331832957454,0.00143600499723,0.00102949654683,0.000791196885984,0.00053313979879,0.00027409158065,0.000533523911145,0.00728838052601],"mean":[0.00592866400257,0.00961156841367,0.003684385214,0.00365781295113,0.00244434690103,0.00224372069351,0.00130972906481,0.00053853855934,0.000713038898539,0.000388168526115,0.000293499993859,0.000321706436807,0.000310357427225,0.000330398761434,0.000405688711908,0.000236576335737,0.000181007009814,0.000169619030203,0.000172871092218,0.0000785939118941,0.0000485337441205,0.0000347829227394,0.0000235817860812,0.0000127549574245,0.00000425499774792,0.0000151603544509,0.000249403208727],"median":[0.00229805568233,0.00599388731644,0.00143406097777,0.00121817388572,0.000881951884367,0.000396536808694,0.000271750905085,0.0000669334258419,0.0000921892642509,0.0000843576417537,0.0000653546157992,0.000112888097647,0.000114956812467,0.000074498464528,0.0000548347779841,0.0000359498044418,0.0000307413647533,0.0000174694287125,0.0000160832823894,0.0000109642114694,0.00000630656268186,0.00000488642490382,0.00000336524954037,0.00000123402128338,6.85608483764e-7,0.000002430879249,0.0000473085456179],"min":[2.48788832225e-25,1.78736356816e-24,1.14199251729e-24,9.49580073392e-25,6.64058613508e-24,6.87393907945e-24,6.78765189592e-24,1.31395559605e-23,1.61403717999e-23,1.32925823543e-23,1.25583453336e-23,2.74824655893e-23,2.49990367963e-23,2.55018299161e-23,4.13927118329e-23,5.42421452628e-23,9.46058543091e-23,1.0573040866e-22,1.35551572309e-22,1.79451656441e-22,2.38580492089e-22,2.93734920279e-22,3.94899427263e-22,6.43695806915e-22,9.3813580476e-22,1.34015426624e-21,1.90430850864e-21],"var":[0.000115732385893,0.00015311257448,0.0000410445645684,0.0000381391000701,0.0000200120321097,0.0000234191065829,0.0000115101966003,0.00000284056204691,0.00000317508261105,9.44685325521e-7,5.4587366094e-7,3.46375117033e-7,2.91228303695e-7,5.87046429246e-7,9.62158424045e-7,2.55681868566e-7,1.42639635214e-7,1.6591987162e-7,2.41588566041e-7,3.56927287726e-8,1.23648140615e-8,7.51827489154e-9,3.98085520104e-9,1.47655576654e-9,1.4812968907e-10,1.72336955817e-9,2.17794365653e-7]},"barkbands_crest":{"dmean":2.88263130188,"dmean2":4.76215410233,"dvar":6.10699367523,"dvar2":16.362537384,"max":26.9457302094,"mean":12.0113201141,"median":11.4707345963,"min":2.60255694389,"var":20.2187824249},"barkbands_flatness_db":{"dmean":0.0346309579909,"dmean2":0.0530070587993,"dvar":0.00117645924911,"dvar2":0.00259308330715,"max":0.634012639523,"mean":0.186353772879,"median":0.176373407245,"min":0.0296318605542,"var":0.00538218626752},"barkbands_kurtosis":{"dmean":13.3573579788,"dmean2":21.0917606354,"dvar":1488.70019531,"dvar2":3591.53222656,"max":3091.19165039,"mean":24.515039444,"median":10.3490657806,"min":-1.9476313591,"var":4437.27001953},"barkbands_skewness":{"dmean":0.943132221699,"dmean2":1.4680031538,"dvar":1.43353617191,"dvar2":3.27739286423,"max":53.5442848206,"mean":3.30230593681,"median":2.73280572891,"min":-5.55085992813,"var":5.86377668381},"barkbands_spread":{"dmean":5.43152809143,"dmean2":8.30260753632,"dvar":56.190120697,"dvar2":114.836219788,"max":134.515151978,"mean":15.5534276962,"median":12.0087146759,"min":0.0646740421653,"var":186.84588623},"dissonance":{"dmean":0.0202100817114,"dmean2":0.0338178090751,"dvar":0.000420738506364,"dvar2":0.00112919497769,"max":0.500000119209,"mean":0.465680062771,"median":0.472843647003,"min":0.139001294971,"var":0.000761833740398},"dynamic_complexity":5.14001560211,"erbbands":{"dmean":[0.255910784006,1.02882707119,2.97475194931,5.43816757202,5.60870790482,5.90307188034,10.2487630844,9.99818134308,9.37300205231,11.4645338058,8.2146024704,9.67762947083,9.02113437653,8.52941799164,6.96086788177,7.5425362587,8.22669887543,8.74665641785,12.1698980331,11.0400695801,6.95303916931,6.76172351837,6.56196641922,5.53003025055,5.58352136612,2.555539608,1.66084098816,1.14811015129,0.856311202049,0.884217679501,0.527316868305,0.261363863945,0.216912046075,0.0844746083021,0.0178484413773,0.0494099110365,0.0223931130022,0.0137252807617,0.00586893456057,0.00337016489357],"dmean2":[0.427418023348,1.71310734749,5.02903270721,9.18608570099,9.65155220032,10.0168495178,16.5425605774,15.6372861862,14.8688735962,18.5552215576,13.1519994736,15.5126361847,14.7176523209,13.9979381561,11.4105443954,12.4672307968,13.5175018311,14.1833486557,19.7122268677,17.8025970459,11.2816333771,10.7681055069,10.2938976288,8.44790935516,8.17012119293,3.76662302017,2.47832489014,1.69785094261,1.22841536999,1.31706118584,0.777069866657,0.409784406424,0.333680272102,0.130910098553,0.0285676512867,0.0751964971423,0.0342338457704,0.0198304466903,0.00829393044114,0.00507724657655],"dvar":[0.21732352674,3.09855127335,28.9432468414,91.365524292,118.321769714,236.122070312,590.774169922,714.473083496,687.768432617,1113.75109863,681.104614258,842.497131348,765.828918457,544.899047852,447.875305176,199.686050415,244.221313477,399.725616455,1054.92919922,881.458435059,222.532653809,261.270111084,269.64163208,258.798400879,268.14630127,41.5534324646,15.3587284088,7.74415063858,4.49920845032,7.47289180756,2.18553185463,0.498351424932,0.438832610846,0.0651937201619,0.00126050366089,0.024387659505,0.00340783060528,0.00137518381234,0.000216262196773,0.0000359265541192],"dvar2":[0.588827490807,8.34340953827,79.6700134277,260.1534729,344.66708374,657.030761719,1483.61584473,1691.19152832,1659.55786133,2928.68701172,1637.96057129,2054.0925293,1892.82458496,1359.10766602,1146.05883789,507.620300293,615.431030273,996.680603027,2690.64501953,2219.67651367,556.633605957,632.652160645,634.241455078,547.635375977,538.010192871,86.1491622925,33.445526123,16.584651947,9.54277992249,16.3530597687,4.74093008041,1.16442406178,0.981359541416,0.149442821741,0.00296188821085,0.0541521161795,0.00768579309806,0.00288098026067,0.000406064558774,0.0000769816833781],"max":[8.24511528015,40.43932724,123.801544189,198.442886353,230.037963867,421.808197021,523.020141602,909.607788086,742.414672852,1085.27734375,828.275024414,876.627868652,900.04473877,687.051086426,1105.98205566,391.311401367,383.983581543,456.924133301,808.107727051,1101.30908203,356.890594482,297.404602051,374.861999512,740.585144043,592.367736816,156.021682739,90.7843399048,72.4052047729,30.9477996826,42.8289108276,26.0026550293,10.1847639084,9.72467803955,5.65428066254,0.578246891499,2.85530209541,0.786324322224,0.643187940121,0.63677084446,0.195694074035],"mean":[0.446504682302,1.54644370079,4.0186085701,9.06385803223,8.72720909119,8.8553276062,16.5928592682,16.928188324,15.5214366913,18.2308349609,13.4608755112,15.3836984634,13.8564853668,12.7243995667,11.2974309921,12.4871673584,14.3041057587,16.0825405121,20.4655857086,18.8021221161,11.3589134216,10.1860046387,9.90482521057,8.3894701004,8.06358718872,3.82774472237,2.42895078659,1.58338236809,1.18887162209,1.07924818993,0.632002234459,0.247229501605,0.211721137166,0.0847205892205,0.0190616957843,0.051219586283,0.0235948804766,0.0197919942439,0.0127953859046,0.0103802131489],"median":[0.279782921076,0.814429879189,1.85238099098,3.90001583099,3.67566204071,2.86316585541,3.29401779175,3.03302526474,3.29258441925,3.35461401939,1.74166333675,2.05209779739,2.69045829773,2.86482715607,3.22401666641,4.76259613037,5.6000623703,4.71806335449,3.13364124298,2.58321714401,1.92135894299,1.74482727051,1.15157616138,0.719547986984,0.832935333252,0.515414357185,0.312217563391,0.21133479476,0.176102414727,0.139149695635,0.0889400839806,0.0309718810022,0.0170296300203,0.00963701959699,0.00503186369315,0.00470406189561,0.00420357380062,0.00374865997583,0.00267696334049,0.00414056703448],"min":[6.70286465251e-23,4.87324743813e-22,1.20045192242e-21,4.24525327013e-21,2.06825800826e-20,2.35464748493e-20,6.22783766203e-20,9.59549285348e-20,1.07558644017e-19,1.4499518418e-19,2.31385785183e-19,4.61674005091e-19,7.69235163078e-19,5.94297165172e-19,1.06443979368e-18,1.29171149269e-18,1.27171078246e-18,1.72687839165e-18,2.45465681339e-18,2.9742916742e-18,3.01270656223e-18,5.23704299906e-18,5.20026199954e-18,5.88325717311e-18,5.6423623264e-18,9.01629266507e-18,7.86751002062e-18,9.78358540127e-18,1.09886609951e-17,1.08971268429e-17,1.26585078685e-17,1.20170202045e-17,9.37744799231e-18,7.88786610831e-18,6.83676729035e-18,4.28539114307e-18,2.48668814184e-18,9.34756588589e-19,2.28196952223e-19,2.94931085847e-20],"var":[0.339809179306,5.29070281982,38.6919517517,189.94758606,195.299865723,326.323608398,1203.72265625,1535.24731445,1443.55627441,2233.18359375,1495.90515137,1595.68505859,1276.98059082,827.616027832,748.055419922,406.830322266,546.583984375,983.04284668,2345.11279297,1866.97692871,470.872924805,420.517547607,507.7550354,592.924560547,495.273162842,84.6308364868,31.1737499237,13.8873739243,7.74803733826,9.24353122711,2.83709049225,0.482463240623,0.476454883814,0.0696778595448,0.00148903764784,0.028052167967,0.0036624900531,0.00216098502278,0.0007669654442,0.000202810246265]},"erbbands_crest":{"dmean":2.73315620422,"dmean2":4.46641874313,"dvar":6.85968351364,"dvar2":16.8980712891,"max":32.4965553284,"mean":8.67391586304,"median":7.69935035706,"min":2.09375190735,"var":16.7080955505},"erbbands_flatness_db":{"dmean":0.0248143766075,"dmean2":0.0383100621402,"dvar":0.000541420944501,"dvar2":0.00122427905444,"max":0.373637527227,"mean":0.142284706235,"median":0.14018689096,"min":0.0232476647943,"var":0.00182363193016},"erbbands_kurtosis":{"dmean":1.21196711063,"dmean2":1.93181979656,"dvar":8.43782615662,"dvar2":21.4605674744,"max":165.894607544,"mean":0.557166218758,"median":-0.251827478409,"min":-1.81656074524,"var":10.9797458649},"erbbands_skewness":{"dmean":0.460922300816,"dmean2":0.696165382862,"dvar":0.214709818363,"dvar2":0.459438771009,"max":11.7034091949,"mean":0.22643636167,"median":0.22843798995,"min":-4.21489238739,"var":0.879971027374},"erbbands_spread":{"dmean":8.31083869934,"dmean2":12.8701877594,"dvar":75.6074295044,"dvar2":167.795272827,"max":181.593688965,"mean":36.3531494141,"median":33.3609809875,"min":1.22356784344,"var":280.076019287},"gfcc":{"cov":[[17969.4570312,58.3743095398,-1523.4588623,335.193023682,-249.211654663,-701.792602539,-29.7676963806,-373.344085693,201.66065979,-156.066894531,-292.746765137,11.6565294266,-234.593185425],[58.3743095398,1292.96069336,-9.52042675018,-471.632751465,119.202056885,-99.8985137939,62.9952163696,-213.656860352,137.963485718,-3.70176196098,23.6749477386,-63.2892074585,102.770561218],[-1523.4588623,-9.52042675018,567.147155762,105.737411499,-13.8100137711,215.281158447,-6.08379983902,131.918670654,-105.218925476,1.64944863319,46.7518920898,-16.7034282684,-6.36385679245],[335.193023682,-471.632751465,105.737411499,455.464508057,50.6083984375,23.7449092865,54.7544326782,82.830581665,-48.9477920532,-32.19688797,-10.2930450439,34.7289733887,-90.0794525146],[-249.211654663,119.202056885,-13.8100137711,50.6083984375,281.253723145,59.7152900696,98.1325149536,-35.2498703003,27.6653804779,-36.7107925415,24.3425884247,-11.3884630203,-12.6006355286],[-701.792602539,-99.8985137939,215.281158447,23.7449092865,59.7152900696,316.230895996,-0.0203342363238,80.6320648193,-84.3133010864,17.2844429016,25.3524665833,-5.7407579422,0.222413986921],[-29.7676963806,62.9952163696,-6.08379983902,54.7544326782,98.1325149536,-0.0203342363238,215.806610107,-14.8282852173,36.8357009888,-38.2150115967,16.8897018433,16.862821579,-13.7818651199],[-373.344085693,-213.656860352,131.918670654,82.830581665,-35.2498703003,80.6320648193,-14.8282852173,180.325698853,-13.6641712189,23.4876499176,16.0943489075,2.40609622002,-1.16330003738],[201.66065979,137.963485718,-105.218925476,-48.9477920532,27.6653804779,-84.3133010864,36.8357009888,-13.6641712189,149.797439575,39.088558197,-8.01309585571,1.87164652348,7.50671577454],[-156.066894531,-3.70176196098,1.64944863319,-32.19688797,-36.7107925415,17.2844429016,-38.2150115967,23.4876499176,39.088558197,84.7910003662,25.4764060974,3.35624241829,18.275270462],[-292.746765137,23.6749477386,46.7518920898,-10.2930450439,24.3425884247,25.3524665833,16.8897018433,16.0943489075,-8.01309585571,25.4764060974,83.0739364624,37.0531196594,9.13852596283],[11.6565294266,-63.2892074585,-16.7034282684,34.7289733887,-11.3884630203,-5.7407579422,16.862821579,2.40609622002,1.87164652348,3.35624241829,37.0531196594,73.3767089844,20.7828807831],[-234.593185425,102.770561218,-6.36385679245,-90.0794525146,-12.6006355286,0.222413986921,-13.7818651199,-1.16330003738,7.50671577454,18.275270462,9.13852596283,20.7828807831,91.6009216309]],"icov":[[0.0000964914870565,-0.000174206594238,0.000387895503081,-0.000329385191435,0.000273513927823,-0.000134178349981,0.0000791764832684,-0.0000462532079837,-0.000019625560526,0.000214934203541,-0.0000244581042352,0.0000563282665098,0.000143263896462],[-0.000174206594238,0.00274088256992,-0.00201325584203,0.00239273440093,-0.00103913224302,0.000718141440302,-0.000404873338994,0.00248111248948,-0.00230884249322,0.00112039817031,-0.00154053815641,0.00200820574537,-0.00181848020293],[0.000387895503081,-0.00201325584203,0.0056534553878,-0.00372521136887,0.00301925628446,-0.00303676188923,0.000582975742873,-0.00203747698106,0.000609277398326,0.00259843934327,-0.00348706357181,0.00317687378265,-0.000475112290587],[-0.000329385191435,0.00239273440093,-0.00372521136887,0.00826297141612,-0.00479880953208,0.00353510561399,-0.00181802699808,-0.00120562827215,0.00296769733541,-0.00474784336984,0.00665210094303,-0.00731017719954,0.00508026639],[0.000273513927823,-0.00103913224302,0.00301925628446,-0.00479880953208,0.00938894320279,-0.00498225959018,0.00000138660550419,0.00247921422124,-0.00595799088478,0.00901502836496,-0.00950914807618,0.00856962800026,-0.00361365848221],[-0.000134178349981,0.000718141440302,-0.00303676188923,0.00353510561399,-0.00498225959018,0.00800331030041,-0.00151296379045,-0.00247436319478,0.00642627105117,-0.00784739572555,0.00632624328136,-0.00521878525615,0.00274414382875],[0.0000791764832684,-0.000404873338994,0.000582975742873,-0.00181802699808,0.00000138660550419,-0.00151296379045,0.00729190511629,0.000578981009312,-0.00428643915802,0.00610223598778,-0.00385259836912,0.000775344728027,-0.000639729260001],[-0.0000462532079837,0.00248111248948,-0.00203747698106,-0.00120562827215,0.00247921422124,-0.00247436319478,0.000578981009312,0.0115677174181,-0.00613605091348,0.00371876358986,-0.00628367997706,0.00642910506576,-0.00471905712038],[-0.000019625560526,-0.00230884249322,0.000609277398326,0.00296769733541,-0.00595799088478,0.00642627105117,-0.00428643915802,-0.00613605091348,0.0207027476281,-0.0180436242372,0.0143026933074,-0.0113993044943,0.00700553320348],[0.000214934203541,0.00112039817031,0.00259843934327,-0.00474784336984,0.00901502836496,-0.00784739572555,0.00610223598778,0.00371876358986,-0.0180436242372,0.0339770764112,-0.0219453237951,0.0157545208931,-0.00965569447726],[-0.0000244581042352,-0.00154053815641,-0.00348706357181,0.00665210094303,-0.00950914807618,0.00632624328136,-0.00385259836912,-0.00628367997706,0.0143026933074,-0.0219453237951,0.0365858078003,-0.0262478273362,0.011493684724],[0.0000563282665098,0.00200820574537,0.00317687378265,-0.00731017719954,0.00856962800026,-0.00521878525615,0.000775344728027,0.00642910506576,-0.0113993044943,0.0157545208931,-0.0262478273362,0.037353489548,-0.0157524086535],[0.000143263896462,-0.00181848020293,-0.000475112290587,0.00508026639,-0.00361365848221,0.00274414382875,-0.000639729260001,-0.00471905712038,0.00700553320348,-0.00965569447726,0.011493684724,-0.0157524086535,0.0214066058397]],"mean":[-61.0597839355,108.727996826,-73.3547058105,7.76856899261,-7.20813465118,-6.90037822723,-6.51619052887,-13.7902412415,-3.05952978134,-7.08728456497,-2.28937005997,-3.46059918404,-6.68830394745]},"hfc":{"dmean":68.6678390503,"dmean2":106.051132202,"dvar":11284.9052734,"dvar2":27070.2011719,"max":1495.03015137,"mean":156.923324585,"median":81.5577545166,"min":1.05888402682e-16,"var":30798.7695312},"melbands":{"dmean":[0.00192072999198,0.00142403750215,0.000942306884099,0.000350162241375,0.000325502507621,0.000225131108891,0.000149463012349,0.000114384900371,0.0000724236233509,0.00006220931391,0.0000453775901406,0.0000350426416844,0.0000246354866249,0.0000226653046411,0.0000227023156185,0.0000181629875442,0.0000172885029315,0.0000204797761398,0.000019848212105,0.0000120172198876,0.00000797428037913,0.00000687814099365,0.00000759039767217,0.00000541870031157,0.00000456334691989,0.00000462503612653,0.00000301871205011,0.00000154186568579,0.00000114600015877,8.96165659015e-7,5.90341471707e-7,4.48573416634e-7,6.08510788425e-7,4.57622434169e-7,3.57146575425e-7,1.87316175015e-7,1.44089113974e-7,1.37172875725e-7,1.80179625886e-7,3.51337945403e-8],"dmean2":[0.00319276098162,0.00238213059492,0.00159383984283,0.000596397090703,0.000525625131559,0.000350581249222,0.000237736632698,0.000184508462553,0.000116386785521,0.0000997092138277,0.0000742767369957,0.0000576196871407,0.0000406045801356,0.0000375694362447,0.0000378722179448,0.0000298132690659,0.0000282933415292,0.0000334951655532,0.000032310221286,0.0000196799974219,0.0000130761718538,0.000011072594134,0.0000122013852888,0.00000854277004692,0.00000707565050106,0.00000694244863553,0.00000445305204266,0.00000234733488469,0.00000177645813437,0.00000133475055009,8.92091463811e-7,6.61076398956e-7,8.94506229088e-7,6.9797897595e-7,5.29609565092e-7,2.8804959129e-7,2.30659892964e-7,2.17825444793e-7,2.73040626553e-7,5.73789655789e-8],"dvar":[0.0000116302435345,0.00000558464216738,0.00000267390237241,5.89221428982e-7,5.7735928749e-7,3.28056273702e-7,1.68156773839e-7,1.07921898973e-7,5.33742330333e-8,3.36866605721e-8,1.91427655949e-8,9.00090135758e-9,5.17705567304e-9,2.6853503865e-9,2.00726102406e-9,1.48225165475e-9,1.68367586539e-9,3.28746074807e-9,3.69362807007e-9,9.11411335291e-10,3.07852077164e-10,2.5076740684e-10,3.80384140852e-10,2.08743272667e-10,1.99904745535e-10,1.88370569143e-10,7.44077993664e-11,1.53453881546e-11,8.09724769874e-12,4.7698013074e-12,2.14741744352e-12,1.15556902155e-12,3.37761979843e-12,2.00835333607e-12,1.09751248888e-12,2.34097843107e-13,1.68423977022e-13,1.74045429761e-13,3.77882349977e-13,8.27720765463e-15],"dvar2":[0.0000311122785206,0.0000152059001266,0.00000769287635194,0.00000166249162703,0.00000148037815961,7.73006775034e-7,4.10295626807e-7,2.7772424005e-7,1.29719310848e-7,8.26347701377e-8,4.75035193404e-8,2.26780070278e-8,1.32449491375e-8,6.77496769796e-9,5.14831111076e-9,3.63522389968e-9,4.22006030121e-9,8.38879898879e-9,9.53122114566e-9,2.28648278089e-9,7.78177577931e-10,6.11388439875e-10,9.44938904901e-10,4.90139540066e-10,4.40411596081e-10,3.88366144799e-10,1.54777565764e-10,3.4233026136e-11,1.90599619421e-11,1.03817232588e-11,4.68083471289e-12,2.50352191235e-12,7.46856569644e-12,4.43069799599e-12,2.40149827108e-12,5.37833449651e-13,4.01800825684e-13,4.0760014179e-13,8.41289874137e-13,2.02326745174e-14],"max":[0.0650731921196,0.0438473373652,0.0346929430962,0.0173472035676,0.0181397050619,0.0183132383972,0.0103820869699,0.00962723325938,0.00861473195255,0.00475594215095,0.00440268870443,0.00298620411195,0.0032331100665,0.00193756341469,0.00128983438481,0.00144835584797,0.000849531032145,0.001590571017,0.00276911538094,0.000969447370153,0.000343905732734,0.00031049788231,0.000315837503877,0.000490413862281,0.000728252751287,0.000467945297714,0.000359057099558,0.000118061929243,0.0000891918098205,0.0000450189363619,0.0000446643352916,0.0000222552134801,0.0000313160526275,0.0000206973327295,0.0000175575314643,0.00000857014947542,0.00000629964779364,0.00000548416528545,0.000012587319361,0.0000022711631118],"mean":[0.00360364723019,0.00209739129059,0.00161627714988,0.000564448535442,0.000549089862034,0.000392077170545,0.000248251919402,0.000180536895641,0.000113151021651,0.0000967977102846,0.0000673665854265,0.0000506683427375,0.0000376154712285,0.0000355423908331,0.00003367012323,0.0000305605426547,0.0000291174674203,0.0000320206199831,0.0000308357266476,0.0000194771782844,0.0000117168037832,0.0000100097431641,0.0000104941345853,0.0000079083847595,0.00000657949794913,0.00000647269780529,0.00000420994638262,0.0000021932467007,0.00000159652029197,0.00000121579830648,7.87591488915e-7,6.19067805019e-7,7.53954850552e-7,5.39027610102e-7,4.28356116799e-7,1.93028441231e-7,1.2608346367e-7,1.22404244962e-7,1.88029744663e-7,3.23909716826e-8],"median":[0.00234858691692,0.00109248887748,0.000727747683413,0.000251716643106,0.000127897597849,0.0000728025624994,0.0000537130836165,0.0000315140241582,0.0000133097382786,0.0000127744478959,0.000012869450984,0.0000110621858767,0.00000951395850279,0.0000119232608995,0.000012409833289,0.0000102141748357,0.00000786767304817,0.00000445965724793,0.00000429232750321,0.0000026764055292,0.00000203053741643,0.00000174667138708,0.00000131139017867,7.54428356231e-7,4.91420507842e-7,6.03483158557e-7,4.79841389733e-7,2.61432063553e-7,1.90284481505e-7,1.52963167466e-7,1.01186188317e-7,9.34249300144e-8,8.9610821874e-8,6.95879265322e-8,5.58659465355e-8,2.71583111555e-8,1.24224097675e-8,1.05671720263e-8,1.059707877e-8,5.58200907719e-9],"min":[5.09642798957e-25,9.77579113501e-25,1.50128937316e-24,1.67331242506e-24,3.11630487872e-24,1.7137719176e-24,1.80035019081e-24,1.64866407165e-24,1.92088379839e-24,2.59666070399e-24,3.14710575555e-24,2.01066563574e-24,2.61941677731e-24,3.41217800806e-24,2.82947071484e-24,1.67158304474e-24,2.42300382254e-24,3.56886629422e-24,2.53547310231e-24,3.38286393682e-24,2.17529735678e-24,4.75925345589e-24,4.08608570774e-24,4.95525028653e-24,4.59441584215e-24,4.56251272942e-24,3.40712614282e-24,5.42579201143e-24,4.5916615343e-24,3.72655406715e-24,4.9139995665e-24,5.04225257247e-24,4.30798281405e-24,5.35538814779e-24,6.32907285222e-24,6.51406783424e-24,6.92395207198e-24,6.03603548061e-24,6.44243374202e-24,6.45620725342e-24],"var":[0.0000198126999749,0.00000848273339216,0.00000558307283427,8.89614057087e-7,0.00000117664922072,7.46316231925e-7,3.70410276673e-7,2.18501739369e-7,1.16487953505e-7,6.26756673228e-8,3.13842747346e-8,1.36334428191e-8,8.04544342259e-9,5.25900700765e-9,3.38178796078e-9,3.29562621637e-9,3.66627506132e-9,6.65393384836e-9,6.32702246151e-9,1.98918015393e-9,5.31227284384e-10,4.1071182566e-10,5.48530165734e-10,4.02164163082e-10,4.20456502948e-10,3.52691681416e-10,1.26204227624e-10,2.93446794641e-11,1.48909929526e-11,8.47028090029e-12,3.68944545054e-12,2.08628101774e-12,4.43442938619e-12,2.38498673935e-12,1.42203230528e-12,2.51291202473e-13,1.5151363508e-13,1.64565775829e-13,4.44356303055e-13,7.41107665552e-15]},"melbands_crest":{"dmean":4.18788099289,"dmean2":6.96183729172,"dvar":12.8518657684,"dvar2":34.18151474,"max":39.9563064575,"mean":18.9351005554,"median":18.17212677,"min":1.49484848976,"var":48.9501914978},"melbands_flatness_db":{"dmean":0.0418901480734,"dmean2":0.0633838027716,"dvar":0.00159216381144,"dvar2":0.00339756230824,"max":0.804648518562,"mean":0.307047367096,"median":0.298634558916,"min":0.00297171366401,"var":0.00795349199325},"melbands_kurtosis":{"dmean":19.7326507568,"dmean2":31.2439441681,"dvar":3300.03881836,"dvar2":7198.12109375,"max":5138.71191406,"mean":38.0153045654,"median":15.8626832962,"min":-1.80871558189,"var":12358.0283203},"melbands_skewness":{"dmean":1.10448670387,"dmean2":1.72991991043,"dvar":1.91422009468,"dvar2":4.23084592819,"max":69.4915542603,"mean":4.07168960571,"median":3.39487409592,"min":-2.80264663696,"var":8.90511226654},"melbands_spread":{"dmean":4.3123664856,"dmean2":6.77523851395,"dvar":38.9940567017,"dvar2":91.0998916626,"max":198.33164978,"mean":11.5010690689,"median":8.44237995148,"min":0.0788732841611,"var":159.130020142},"mfcc":{"cov":[[11868.6689453,206.340316772,-1250.00891113,631.924377441,-450.571899414,-97.8844909668,-607.618164062,-101.334037781,-113.201057434,64.2467041016,-113.962219238,-162.379013062,-125.886383057],[206.340316772,1708.30749512,-89.8618621826,-255.822937012,-7.4897146225,85.1358795166,-78.5200195312,-128.976516724,48.446434021,-23.9043083191,-1.22705769539,31.5255470276,1.0509660244],[-1250.00891113,-89.8618621826,577.99029541,-63.5465621948,79.9370117188,-17.6533756256,147.299621582,36.6685295105,-2.93488121033,-7.01897192001,15.5108041763,28.0765953064,1.34553265572],[631.924377441,-255.822937012,-63.5465621948,408.590393066,-12.5848445892,-3.96225309372,-5.36789751053,89.99659729,-23.8277854919,23.0107593536,14.8764781952,-34.4495811462,23.5483894348],[-450.571899414,-7.4897146225,79.9370117188,-12.5848445892,224.942596436,56.4466667175,90.6883239746,31.1764030457,7.32495164871,-1.19983506203,18.9836883545,21.9291934967,24.1918411255],[-97.8844909668,85.1358795166,-17.6533756256,-3.96225309372,56.4466667175,174.754577637,77.0990371704,30.8652858734,2.46999073029,-3.96834516525,-7.07427358627,23.0928287506,1.81757795811],[-607.618164062,-78.5200195312,147.299621582,-5.36789751053,90.6883239746,77.0990371704,232.596099854,95.9909515381,-1.97585427761,-25.3373680115,8.23929214478,26.4373397827,15.6719436646],[-101.334037781,-128.976516724,36.6685295105,89.99659729,31.1764030457,30.8652858734,95.9909515381,139.808441162,8.90464019775,8.00321769714,13.811041832,0.265597909689,23.8088264465],[-113.201057434,48.446434021,-2.93488121033,-23.8277854919,7.32495164871,2.46999073029,-1.97585427761,8.90464019775,96.4527816772,33.5237197876,0.6597468853,10.1068792343,-10.0939016342],[64.2467041016,-23.9043083191,-7.01897192001,23.0107593536,-1.19983506203,-3.96834516525,-25.3373680115,8.00321769714,33.5237197876,78.2832794189,36.5711402893,-4.07842206955,4.85370922089],[-113.962219238,-1.22705769539,15.5108041763,14.8764781952,18.9836883545,-7.07427358627,8.23929214478,13.811041832,0.6597468853,36.5711402893,76.407333374,15.7703018188,18.3646297455],[-162.379013062,31.5255470276,28.0765953064,-34.4495811462,21.9291934967,23.0928287506,26.4373397827,0.265597909689,10.1068792343,-4.07842206955,15.7703018188,72.1745147705,12.3666534424],[-125.886383057,1.0509660244,1.34553265572,23.5483894348,24.1918411255,1.81757795811,15.6719436646,23.8088264465,-10.0939016342,4.85370922089,18.3646297455,12.3666534424,73.5616836548]],"icov":[[0.000135746173328,-0.0000432582528447,0.000223290393478,-0.000182934629265,0.0000709292144165,0.0000545611364942,0.000140574586112,-0.0000790782796685,0.000266657181783,-0.000244931288762,0.000248797412496,-0.0000909187292564,0.000264291942585],[-0.0000432582528447,0.000757816655096,-0.0000474225635116,0.000407055107644,0.0000694471673341,-0.00064012123039,0.000266674469458,0.000501954287756,-0.000700479664374,0.000775568420067,-0.000616358767729,0.000226055490202,-0.000472010520753],[0.000223290393478,-0.0000474225635116,0.0026978906244,-0.0000162765209097,-0.000315224984661,0.00129037443548,-0.00161478621885,0.000113685993711,0.000897036399692,-0.00120669789612,0.000650905189104,-0.000747636368033,0.000883565342519],[-0.000182934629265,0.000407055107644,-0.0000162765209097,0.00375705189072,-0.0000462217758468,-0.000319160346407,0.000834385049529,-0.00249404483475,0.000624696433078,-0.000187520039617,-0.00061979261227,0.00120761501603,-0.000818923232146],[0.0000709292144165,0.0000694471673341,-0.000315224984661,-0.0000462217758468,0.00584774045274,-0.00139041082002,-0.00152224430349,0.000675092334859,-0.000771054299548,0.000397033203626,-0.00120593444444,0.000102271296782,-0.00149013276678],[0.0000545611364942,-0.00064012123039,0.00129037443548,-0.000319160346407,-0.00139041082002,0.00849936902523,-0.00314301159233,-0.000563373905607,0.00165367743466,-0.0029475169722,0.00306423101574,-0.00270157307386,0.00139085750561],[0.000140574586112,0.000266674469458,-0.00161478621885,0.000834385049529,-0.00152224430349,-0.00314301159233,0.0104875527322,-0.0060948622413,-0.000140944917803,0.00412045605481,-0.00152733072173,-0.000626056687906,0.000511123856995],[-0.0000790782796685,0.000501954287756,0.000113685993711,-0.00249404483475,0.000675092334859,-0.000563373905607,-0.0060948622413,0.014142521657,-0.00274665490724,-0.000513457169291,-0.00107347476296,0.00166009017266,-0.00318724336103],[0.000266657181783,-0.000700479664374,0.000897036399692,0.000624696433078,-0.000771054299548,0.00165367743466,-0.000140944917803,-0.00274665490724,0.0156796425581,-0.00995628349483,0.00554951792583,-0.00394300092012,0.00346754863858],[-0.000244931288762,0.000775568420067,-0.00120669789612,-0.000187520039617,0.000397033203626,-0.0029475169722,0.00412045605481,-0.000513457169291,-0.00995628349483,0.0252880565822,-0.0134226521477,0.00483784498647,-0.00161459145602],[0.000248797412496,-0.000616358767729,0.000650905189104,-0.00061979261227,-0.00120593444444,0.00306423101574,-0.00152733072173,-0.00107347476296,0.00554951792583,-0.0134226521477,0.0222986582667,-0.00595520203933,-0.00130378664471],[-0.0000909187292564,0.000226055490202,-0.000747636368033,0.00120761501603,0.000102271296782,-0.00270157307386,-0.000626056687906,0.00166009017266,-0.00394300092012,0.00483784498647,-0.00595520203933,0.0181733332574,-0.00333123817109],[0.000264291942585,-0.000472010520753,0.000883565342519,-0.000818923232146,-0.00149013276678,0.00139085750561,0.000511123856995,-0.00318724336103,0.00346754863858,-0.00161459145602,-0.00130378664471,-0.00333123817109,0.017145274207]],"mean":[-725.220581055,166.627212524,-0.0993418619037,32.9052314758,14.1341075897,20.028421402,4.69597434998,8.28886032104,-0.881877541542,3.98823857307,2.86536574364,1.33991503716,3.99151611328]},"pitch_salience":{"dmean":0.0790719389915,"dmean2":0.13061593473,"dvar":0.00470099970698,"dvar2":0.0123391570523,"max":0.864617347717,"mean":0.493660181761,"median":0.509313106537,"min":0.0061682430096,"var":0.0188980456442},"silence_rate_20dB":{"dmean":0,"dmean2":0,"dvar":0,"dvar2":0,"max":1,"mean":1,"median":1,"min":1,"var":0},"silence_rate_30dB":{"dmean":0.0381650999188,"dmean2":0.0763342529535,"dvar":0.0367124676704,"dvar2":0.0843239575624,"max":1,"mean":0.934038460255,"median":1,"min":0,"var":0.0616181604564},"silence_rate_60dB":{"dmean":0.0102057084441,"dmean2":0.0204125028104,"dvar":0.0101041216403,"dvar2":0.0239354036748,"max":1,"mean":0.0684596598148,"median":0,"min":0,"var":0.063778296113},"spectral_centroid":{"dmean":227.579391479,"dmean2":338.665893555,"dvar":95178.4296875,"dvar2":172067.734375,"max":11712.7773438,"mean":878.671447754,"median":682.036254883,"min":92.6529769897,"var":727726.25},"spectral_complexity":{"dmean":3.43156337738,"dmean2":5.23665761948,"dvar":26.5204601288,"dvar2":54.1674842834,"max":60,"mean":13.6051874161,"median":10,"min":0,"var":135.028244019},"spectral_contrast_coeffs":{"dmean":[0.051760353148,0.0470746122301,0.0364693589509,0.0301293749362,0.025807140395,0.0402611903846],"dmean2":[0.0861919745803,0.0779246389866,0.0604213401675,0.0493989773095,0.0411064364016,0.0621746778488],"dvar":[0.0017220354639,0.00135502242483,0.000877739978023,0.000619171827566,0.000515772029757,0.00133592507336],"dvar2":[0.00480989646167,0.00368293048814,0.00229120138101,0.0016258424148,0.00128314096946,0.00309524894692],"max":[-0.393302261829,-0.471226155758,-0.545923948288,-0.576391041279,-0.602377355099,-0.481064736843],"mean":[-0.689934372902,-0.772100925446,-0.820569932461,-0.817045211792,-0.825359880924,-0.775202333927],"median":[-0.691819429398,-0.776099443436,-0.825273513794,-0.820997238159,-0.826034843922,-0.781816720963],"min":[-0.983011364937,-0.97864574194,-0.9775583148,-0.98707062006,-0.973004996777,-0.963467478752],"var":[0.00675898790359,0.00505685107782,0.00271371565759,0.00242186733522,0.00216244021431,0.00527924578637]},"spectral_contrast_valleys":{"dmean":[0.378709167242,0.388378679752,0.354682534933,0.353179216385,0.45428532362,0.693235516548],"dmean2":[0.627983748913,0.632809102535,0.5648406744,0.532667040825,0.644232273102,1.07914233208],"dvar":[0.116301983595,0.132233068347,0.124183483422,0.15510481596,0.253534048796,0.353506714106],"dvar2":[0.280833512545,0.309190839529,0.270338624716,0.309429377317,0.49142241478,0.809559226036],"max":[-4.93300437927,-4.40915107727,-5.01955127716,-5.6486825943,-5.68085241318,-8.85914802551],"mean":[-6.9946808815,-7.10636520386,-7.68529653549,-8.01614761353,-8.41613197327,-11.5290126801],"median":[-6.72408294678,-6.99178981781,-7.55564212799,-7.86105298996,-8.32815742493,-11.3757228851],"min":[-28.1746807098,-27.78840065,-27.7698688507,-27.6966686249,-27.4832611084,-27.4312820435],"var":[2.72817730904,2.95424103737,2.73055648804,2.87648034096,2.99832344055,2.27193975449]},"spectral_decrease":{"dmean":2.90807866676e-9,"dmean2":4.78647566027e-9,"dvar":1.93497149457e-17,"dvar2":5.10505268385e-17,"max":5.48965761737e-9,"mean":-6.80108369622e-9,"median":-4.47573000883e-9,"min":-8.60294733229e-8,"var":5.40127400214e-17},"spectral_energy":{"dmean":0.0132488198578,"dmean2":0.0210990458727,"dvar":0.000364703766536,"dvar2":0.000918107631151,"max":0.339837610722,"mean":0.039902292192,"median":0.0270686466247,"min":9.80610983954e-21,"var":0.00145425740629},"spectral_energyband_high":{"dmean":0.000180487462785,"dmean2":0.000260006694589,"dvar":1.8010403835e-7,"dvar2":3.67365345255e-7,"max":0.00713061308488,"mean":0.000329829694238,"median":0.0000621554936515,"min":7.07767236049e-21,"var":4.13721977566e-7},"spectral_energyband_low":{"dmean":0.00913955178112,"dmean2":0.0151031268761,"dvar":0.000198593683308,"dvar2":0.000533058948349,"max":0.252545952797,"mean":0.0193007905036,"median":0.0134859271348,"min":1.34684099837e-23,"var":0.000404917460401},"spectral_energyband_middle_high":{"dmean":0.0011115843663,"dmean2":0.0017013711622,"dvar":0.00000384827899325,"dvar2":0.00000873145563673,"max":0.0412138365209,"mean":0.00277279759757,"median":0.000949552631937,"min":1.14585244841e-21,"var":0.0000157876002049},"spectral_energyband_middle_low":{"dmean":0.00431480398402,"dmean2":0.00703631900251,"dvar":0.0000562299828744,"dvar2":0.000149682309711,"max":0.146844863892,"mean":0.0110493395478,"median":0.00501067237929,"min":1.32123864391e-22,"var":0.000205954507692},"spectral_entropy":{"dmean":0.250915467739,"dmean2":0.380238980055,"dvar":0.0670818537474,"dvar2":0.14833843708,"max":9.82005596161,"mean":7.27463245392,"median":7.31048154831,"min":4.13181686401,"var":0.253527313471},"spectral_flux":{"dmean":0.0247886311263,"dmean2":0.0400975719094,"dvar":0.000804622308351,"dvar2":0.00192181498278,"max":0.4238319695,"mean":0.0937500968575,"median":0.0830240622163,"min":6.21788731614e-11,"var":0.00322746462189},"spectral_kurtosis":{"dmean":6.06299066544,"dmean2":9.50753116608,"dvar":67.783531189,"dvar2":169.221557617,"max":150.651229858,"mean":18.2387638092,"median":15.9558801651,"min":-1.28113257885,"var":133.841644287},"spectral_rms":{"dmean":0.000967269064859,"dmean2":0.00150093878619,"dvar":0.0000010725714219,"dvar2":0.00000254934047916,"max":0.018208483234,"mean":0.00555004086345,"median":0.00513891410083,"min":3.0930464353e-12,"var":0.00000812632333691},"spectral_rolloff":{"dmean":5305.87451172,"dmean2":10339.8251953,"dvar":73202016,"dvar2":168071392,"max":22050,"mean":11617.0527344,"median":19422.9492188,"min":21.533203125,"var":106911856},"spectral_skewness":{"dmean":0.488286167383,"dmean2":0.734010338783,"dvar":0.316090673208,"dvar2":0.733360052109,"max":8.88056278229,"mean":2.90216755867,"median":2.79719662666,"min":-0.0830785632133,"var":0.967144727707},"spectral_spread":{"dmean":593018.375,"dmean2":941265.375,"dvar":547540860928,"dvar2":1251926081540,"max":49142928,"mean":4027369,"median":3747888.5,"min":1124508.625,"var":6537567272960},"spectral_strongpeak":{"dmean":5.77217149734,"dmean2":10.767285347,"dvar":408.959594727,"dvar2":1091.81726074,"max":211.213516235,"mean":4.3040099144,"median":0.177172213793,"min":0,"var":316.544891357},"zerocrossingrate":{"dmean":0.0473238565028,"dmean2":0.059972833842,"dvar":0.00182236579712,"dvar2":0.00282181776129,"max":0.90576171875,"mean":0.255784451962,"median":0.2509765625,"min":0,"var":0.0118905249983}},"metadata":{"audio_properties":{"analysis_sample_rate":44100,"bit_rate":147673,"codec":"mp3","downmix":"mix","equal_loudness":0,"length":436.819580078,"lossless":false,"md5_encoded":"b24564fd799ed9e8081d69e6525b885b","replay_gain":0.537847518921},"tags":{"album":["We Can't Dance"],"albumartist":["Genesis"],"albumartistsort":["Genesis"],"artist":["Genesis"],"artistsort":["Genesis"],"date":["1991-11-12"],"discnumber":["1/1"],"file_name":"06 - Dreaming While You Sleep.mp3","mp3gain_album_minmax":["000,191"],"mp3gain_minmax":["000,188"],"mp3gain_undo":["+004,+004,N"],"musicbrainz album release country":["US"],"musicbrainz album type":["album"],"musicbrainz_albumartistid":["8e3fcd7d-bda1-4ca0-b987-b8528d2ee74e"],"musicbrainz_albumid":["e5d7e6c9-6063-478e-a0de-a45294605f9d"],"musicbrainz_artistid":["8e3fcd7d-bda1-4ca0-b987-b8528d2ee74e"],"musicbrainz_recordingid":["85b58e97-80b2-4165-8b1e-a3a01c30d92e"],"musicbrainz_releasegroupid":["1f94530c-4206-3c2f-a3e8-8f9bed86590e"],"performer:background vocals":["Mike Rutherford","Tony Banks"],"performer:bass guitar and guitars":["Mike Rutherford"],"performer:drums and percussion":["Phil Collins"],"performer:keyboard":["Tony Banks"],"performer:lead vocals":["Phil Collins"],"title":["Dreaming While You Sleep"],"tracknumber":["6/12"]},"version":{"essentia":"2.1-beta1","essentia_build_sha":"0a826ad6289770054bb7564d59068f1232327ff9","essentia_git_sha":"v2.1_beta1-5-gf9dded9","extractor":"music 1.0"}},"rhythm":{"beats_count":741,"beats_loudness":{"dmean":0.0269069951028,"dmean2":0.0463893786073,"dvar":0.000596337544266,"dvar2":0.00178908673115,"max":0.208762258291,"mean":0.051917091012,"median":0.041976608336,"min":0,"var":0.00155289471149},"beats_loudness_band_ratio":{"dmean":[0.214894190431,0.0665491744876,0.0453576780856,0.0247743427753,0.0322327911854,0.164281025529],"dmean2":[0.387745141983,0.115957558155,0.0803188756108,0.044125687331,0.0600921101868,0.311866134405],"dvar":[0.0220610518008,0.