{"lowlevel":{"average_loudness":0.666261732578,"barkbands":{"dmean":[0.00142153992783,0.00601985864341,0.00290313339792,0.0019288288895,0.00256226700731,0.00145277753472,0.000854127749335,0.000479663169244,0.000526126357727,0.000422634126153,0.00019848998636,0.000272094999673,0.000397934287321,0.000227322598221,0.0000859852370922,0.0000358256111213,0.0000346323540725,0.0000638199053355,0.0000625369139016,0.0000543798487342,0.0000440123476437,0.00005383091775,0.0000159219489433,0.00000215588761421,0.00000206991967389,0.00000998605355562,0.0000674530674587],"dmean2":[0.00234370189719,0.00962354522198,0.00477229477838,0.00312619586475,0.00419825082645,0.002260443056,0.00134550314397,0.000762570416555,0.000826607516501,0.000651841284707,0.000311397452606,0.000398063624743,0.000594277109485,0.000320531282341,0.000124428144773,0.0000565168593312,0.0000536420520802,0.0000950772446231,0.0000914647098398,0.0000770497426856,0.000062868835812,0.0000752046544221,0.0000237909152929,0.0000036556541545,0.00000349955712409,0.000015016828911,0.0000861691441969],"dvar":[0.00000910729795578,0.000114647184091,0.0000242180285568,0.0000105686694951,0.0000242437236011,0.0000132698960442,0.00000426050291935,0.00000180282438578,0.00000233631772062,0.00000102219303244,2.92323505846e-7,6.0690626924e-7,0.0000127951998365,0.00000328761188939,3.19298521845e-7,1.33679680658e-8,9.64382174118e-9,1.22201186059e-7,9.63139754617e-8,1.94507052242e-7,4.45732553089e-8,7.93734145077e-8,3.05967207126e-9,1.8913254643e-11,1.66750693115e-11,8.21573920007e-10,2.50558063186e-8],"dvar2":[0.0000217024298763,0.000292493961751,0.0000662562670186,0.0000272293473245,0.0000627870758763,0.0000315589204547,0.00000952235495788,0.00000438795905211,0.00000534528635399,0.00000220158881348,6.54206360196e-7,9.85642600426e-7,0.0000297065089399,0.00000513328495799,5.16003808571e-7,2.97173805563e-8,2.05331591729e-8,2.35520815295e-7,1.84615998933e-7,3.46833360254e-7,1.00564541583e-7,1.64966834859e-7,6.66096644508e-9,4.90208255932e-11,4.32631604153e-11,1.72302438983e-9,4.23204475908e-8],"max":[0.0518284700811,0.208041489124,0.10981143266,0.0598026998341,0.121053770185,0.163391172886,0.0919699817896,0.0370161011815,0.0601120330393,0.0291039012372,0.0218488611281,0.0420720651746,0.200866952538,0.140739217401,0.0470978803933,0.00544749340042,0.00493037793785,0.0240556914359,0.0174481477588,0.0302495621145,0.00874068588018,0.0108929844573,0.00184097874444,0.0000865058173076,0.000076657437603,0.00100432278123,0.00414267927408],"mean":[0.00174607906956,0.0130625721067,0.00459439354017,0.00331062893383,0.00448421621695,0.00265900767408,0.00153014354873,0.000771926075686,0.000979150994681,0.000835005601402,0.000372109672753,0.000633256975561,0.000642428523861,0.000404754711781,0.000173746462679,0.0000605712302786,0.0000616938486928,0.000117438416055,0.000115301008918,0.0000933946794248,0.0000791527854744,0.00011667614308,0.0000263412403001,0.00000201881744033,0.00000197182976081,0.0000146010270328,0.000157459624461],"median":[0.00081072334433,0.00568764237687,0.00238132220693,0.00170227536,0.00208752602339,0.000825407973025,0.00048085761955,0.000204494033824,0.000236879495787,0.000212985149119,0.000129981170176,0.000180982315214,0.000092966183729,0.000063040657551,0.0000274513422482,0.0000214570773096,0.0000184564869414,0.0000205838259717,0.0000203222734854,0.0000183276351891,0.0000140598758662,0.00000837595871417,0.00000382701364288,6.07240508543e-7,6.28055715879e-7,0.00000288636601908,0.0000536930419912],"min":[2.83386321069e-23,2.03006948408e-23,2.14541136139e-23,5.9847650438e-24,1.45127333957e-22,2.81421142337e-23,7.67062848252e-23,3.34935509772e-23,9.42598409834e-23,1.18552124673e-22,4.79659773671e-23,3.07283309715e-22,8.74908843021e-23,5.24391500213e-23,1.16488843198e-22,1.29336534823e-22,1.49017162904e-22,2.65996046497e-22,1.82578032116e-22,5.57537302371e-22,6.33106844943e-22,4.82905406182e-22,8.22293007089e-22,9.14021147303e-22,1.26497715988e-21,1.2942111081e-21,2.58771095396e-21],"var":[0.0000107770456452,0.000391616980778,0.0000445742953161,0.0000216872958845,0.0000562006134714,0.0000319695755024,0.0000119235701277,0.00000347551281266,0.0000066690240601,0.00000382113739761,0.00000109158986561,0.00000381551535611,0.0000278008192254,0.00000995426489681,0.00000143707313782,2.42675799456e-8,2.96831661473e-8,4.62320230099e-7,3.05192628502e-7,4.95456163208e-7,1.0946278195e-7,2.99265167314e-7,6.92254831236e-9,1.80916809311e-11,1.60677235406e-11,1.41828004896e-9,9.7537601107e-8]},"barkbands_crest":{"dmean":2.51393294334,"dmean2":4.10297489166,"dvar":5.02365016937,"dvar2":13.5409440994,"max":26.3706130981,"mean":11.8589096069,"median":10.7094984055,"min":3.19343733788,"var":23.6437988281},"barkbands_flatness_db":{"dmean":0.0301735047251,"dmean2":0.0481002219021,"dvar":0.000704030040652,"dvar2":0.00179729936644,"max":0.540063798428,"mean":0.201660722494,"median":0.190912425518,"min":0.0491838902235,"var":0.00506076635793},"barkbands_kurtosis":{"dmean":13.2200536728,"dmean2":21.2046852112,"dvar":2558.0390625,"dvar2":6600.54394531,"max":1800.53991699,"mean":34.4871826172,"median":11.7552947998,"min":-1.77344739437,"var":10650.2685547},"barkbands_skewness":{"dmean":0.781696140766,"dmean2":1.22248148918,"dvar":0.983192563057,"dvar2":2.51804184914,"max":36.1017494202,"mean":3.37984466553,"median":2.68896007538,"min":-2.39582824707,"var":10.3565807343},"barkbands_spread":{"dmean":3.20032072067,"dmean2":4.92329692841,"dvar":21.7718067169,"dvar2":48.4234199524,"max":90.0257110596,"mean":11.4408721924,"median":8.70358848572,"min":0.15589286387,"var":104.581283569},"dissonance":{"dmean":0.0264932103455,"dmean2":0.0448424965143,"dvar":0.00063414638862,"dvar2":0.00175681442488,"max":0.500000119209,"mean":0.451161891222,"median":0.459412157536,"min":0.202149987221,"var":0.00123513943981},"dynamic_complexity":3.75010895729,"erbbands":{"dmean":[0.196738258004,1.37553536892,3.28744864464,4.53281164169,10.434595108,6.23473930359,8.07295036316,13.3748292923,11.8870353699,12.7093715668,11.187869072,11.9383125305,11.3077077866,12.5423984528,8.15030097961,9.84416389465,11.6081838608,17.4559555054,5.66000795364,2.57024621964,1.85806572437,1.85724771023,3.21930265427,2.91086602211,3.4636592865,2.51921057701,1.59034264088,2.06840515137,1.98241436481,0.909232378006,0.399862885475,0.0737003907561,0.0346244610846,0.023317379877,0.0146589595824,0.00843427982181,0.0151124671102,0.028725752607,0.00920681003481,0.0017670794623],"dmean2":[0.302192389965,2.24104356766,5.38860273361,7.29421472549,17.4702033997,10.0033664703,12.7280464172,20.7419052124,18.9225177765,19.9289779663,17.7211112976,18.8085289001,17.6332569122,19.2665309906,12.1378793716,14.6482458115,17.2186126709,25.3490200043,7.80726909637,3.93269634247,2.88727450371,2.83491539955,4.80532360077,4.33838939667,4.94499063492,3.6234228611,2.29845190048,2.91597390175,2.78193378448,1.29048037529,0.595611035824,0.11894210428,0.0585186891258,0.0394590012729,0.0247373376042,0.0140797561035,0.0226756278425,0.0384867116809,0.0118843214586,0.00241084536538],"dvar":[0.153395116329,6.0389881134,30.7798671722,53.5751037598,366.88369751,209.528488159,346.06930542,1381.31384277,957.837219238,1343.91479492,1087.17468262,1414.30908203,634.460693359,1231.68615723,418.732421875,776.860473633,5507.3828125,24326.8632812,1428.41186523,52.2604866028,45.2152328491,31.53399086,305.879089355,242.943588257,421.628479004,340.864593506,55.72889328,115.116577148,97.4700164795,19.2843856812,1.76958358288,0.0244384594262,0.00473442533985,0.00213317852467,0.000829294440337,0.000262107467279,0.00177255796734,0.00912337843329,0.000655728275888,0.0000130011676447],"dvar2":[0.368098795414,16.1537380219,84.9836196899,138.931152344,1018.94354248,513.783996582,795.441833496,3113.45874023,2372.7097168,2939.41943359,2654.83764648,3245.77978516,1395.87548828,2598.63647461,753.875854492,1385.0045166,12629.7919922,47372.5898438,2191.65161133,101.236503601,98.0115966797,64.8595733643,612.510620117,483.725006104,733.456542969,611.628723145,115.222259521,263.733093262,186.741867065,39.481628418,3.74651193619,0.058757584542,0.0122831761837,0.00553839094937,0.00214919727296,0.000674950599205,0.00388357928023,0.0172024611384,0.00120808777865,0.0000251120491157],"max":[7.09685182571,47.4769973755,123.463142395,174.437515259,557.582092285,589.731506348,607.139831543,1738.02209473,974.67175293,1755.02844238,929.067810059,1444.46630859,763.317565918,995.217102051,1082.54589844,1223.31616211,4178.29394531,9154.39550781,2839.38061523,377.416870117,341.009735107,302.392852783,1122.09057617,680.907348633,1478.54345703,1054.48901367,488.187347412,394.586364746,457.393432617,189.424087524,53.5175056458,4.46513462067,1.32590126991,0.867864310741,0.541846513748,0.313888341188,1.45682680607,3.87227368355,0.806384384632,0.0755822211504],"mean":[0.364407449961,2.95558714867,5.66056251526,8.41352939606,16.9589214325,10.922326088,14.0602025986,23.8681354523,21.2107563019,23.2797985077,18.6054496765,22.2169475555,22.7566833496,26.8495922089,19.7921962738,23.0865497589,21.4994220734,32.5618629456,11.9881849289,5.35659122467,3.45337176323,3.52430176735,5.97782897949,5.44447517395,6.59913682938,4.46751260757,2.93209815025,3.83822894096,4.27642297745,1.79467272758,0.649840354919,0.0950279310346,0.0337405614555,0.0221825446934,0.0141536360607,0.00878023076802,0.0225991941988,0.0584306046367,0.0200110320002,0.00567358825356],"median":[0.179393053055,1.12481665611,2.94589424133,4.98213243484,7.86434841156,4.82899570465,5.17938184738,6.6286687851,5.68247318268,7.68890476227,4.90767478943,5.70437479019,6.3308300972,7.55484437943,7.60872983932,7.79959869385,4.99771547318,3.8709590435,2.10426735878,1.46943461895,1.24074602127,1.08266365528,1.10086810589,1.12089335918,1.07273161411,0.897269129753,0.67376857996,0.45502486825,0.307929068804,0.198299765587,0.0959435030818,0.0294585507363,0.0112270815298,0.00697431573644,0.00466751633212,0.00334053533152,0.00509967328981,0.00796798057854,0.00503997504711,0.00369429448619],"min":[4.20780830226e-22,5.54293526523e-21,2.47843086307e-20,2.62603478104e-20,2.21501183659e-19,4.59634022605e-19,5.14557781302e-19,2.74592478806e-19,1.0505084178e-18,7.84072043231e-19,1.01630667082e-18,1.56204931631e-18,3.75943538161e-18,3.34554666993e-18,5.1927545083e-18,1.0041357214e-17,3.78090444082e-18,2.93966320542e-18,4.97923603114e-18,6.18555198232e-18,7.35708002567e-18,1.01210535845e-17,1.30356517698e-17,1.12754312786e-17,1.14991753625e-17,2.67116455584e-17,1.84173467377e-17,3.10448096906e-17,1.89856975735e-17,2.8857112185e-17,1.9072204122e-17,2.12661435324e-17,1.30461205676e-17,1.0679936511e-17,1.10706800888e-17,5.26811231646e-18,2.2961826565e-18,1.40359232342e-18,3.62263671719e-19,3.46701993941e-20],"var":[0.288702338934,23.0671443939,61.7991409302,109.780548096,763.759887695,462.10244751,783.798217773,3414.93994141,2131.00268555,4090.2878418,2064.80419922,3765.71948242,2321.98388672,4870.84033203,2775.06689453,3666.19970703,13234.0097656,79081.0390625,6616.27636719,197.761932373,91.9414749146,104.844551086,1095.61303711,703.18347168,1412.44787598,913.594848633,136.276290894,310.151794434,399.87713623,60.8552589417,3.99105525017,0.0386971980333,0.00464076688513,0.00205313926563,0.000804820680059,0.000268043426331,0.00294265709817,0.0325837880373,0.00229391129687,0.0000413959423895]},"erbbands_crest":{"dmean":2.673609972,"dmean2":4.24762105942,"dvar":5.7510342598,"dvar2":13.6213006973,"max":31.4367752075,"mean":10.4493370056,"median":9.37721443176,"min":2.27313089371,"var":22.1788883209},"erbbands_flatness_db":{"dmean":0.0257048383355,"dmean2":0.0394381545484,"dvar":0.000516527856234,"dvar2":0.00123485957738,"max":0.362057596445,"mean":0.159119516611,"median":0.155609115958,"min":0.0430974625051,"var":0.00202039792202},"erbbands_kurtosis":{"dmean":1.57209563255,"dmean2":2.44839096069,"dvar":8.32329177856,"dvar2":19.9005393982,"max":60.8268127441,"mean":2.01478266716,"median":0.783895492554,"min":-1.80906605721,"var":18.7705554962},"erbbands_skewness":{"dmean":0.3997618258,"dmean2":0.61048668623,"dvar":0.177212864161,"dvar2":0.395191043615,"max":7.29322004318,"mean":0.723369061947,"median":0.678281605244,"min":-4.56233739853,"var":1.04010438919},"erbbands_spread":{"dmean":6.8687376976,"dmean2":10.1532039642,"dvar":59.7421607971,"dvar2":119.128585815,"max":145.689453125,"mean":31.2772197723,"median":26.6745052338,"min":2.19803833961,"var":382.721984863},"gfcc":{"cov":[[9700.22460938,-51.5835647583,-1643.81591797,-666.896118164,-537.647827148,-583.952636719,-173.793014526,-213.921768188,-206.472640991,-48.3550834656,-147.667419434,68.7624359131,-111.883483887],[-51.5835647583,939.195251465,108.300720215,-420.050964355,8.12153434753,-11.2589464188,-73.2082138062,25.8868732452,-58.7841949463,1.97968363762,99.197013855,-113.468734741,156.12272644],[-1643.81591797,108.300720215,674.576721191,187.73008728,52.6834793091,188.031555176,-79.3770294189,136.216796875,-21.1674995422,9.55335330963,43.6436233521,-26.490404129,65.7738265991],[-666.896118164,-420.050964355,187.73008728,577.67956543,140.293579102,-35.0509376526,112.101448059,6.78387022018,75.5374908447,-13.037150383,-69.4099121094,80.4901046753,-78.0014343262],[-537.647827148,8.12153434753,52.6834793091,140.293579102,241.288970947,74.0720977783,107.2918396,-39.7520980835,14.2783823013,-10.4011011124,32.6833076477,7.31954813004,-2.73365902901],[-583.952636719,-11.2589464188,188.031555176,-35.0509376526,74.0720977783,311.818725586,-17.7372779846,67.0567855835,-51.6054611206,16.5868625641,41.7109184265,-23.2124423981,41.2654685974],[-173.793014526,-73.2082138062,-79.3770294189,112.101448059,107.2918396,-17.7372779846,248.162078857,-72.6386413574,70.7353363037,-33.167755127,-25.6477336884,60.9692497253,-62.7195892334],[-213.921768188,25.8868732452,136.216796875,6.78387022018,-39.7520980835,67.0567855835,-72.6386413574,201.573074341,8.63834190369,23.4214916229,17.3430919647,-30.6002922058,65.7083511353],[-206.472640991,-58.7841949463,-21.1674995422,75.5374908447,14.2783823013,-51.6054611206,70.7353363037,8.63834190369,127.246391296,35.7765960693,-15.8314256668,28.2448863983,-40.7705307007],[-48.3550834656,1.97968363762,9.55335330963,-13.037150383,-10.4011011124,16.5868625641,-33.167755127,23.4214916229,35.7765960693,87.0995559692,42.9390220642,-9.95796298981,4.37379693985],[-147.667419434,99.197013855,43.6436233521,-69.4099121094,32.6833076477,41.7109184265,-25.6477336884,17.3430919647,-15.8314256668,42.9390220642,103.880912781,6.02104663849,33.3941841125],[68.7624359131,-113.468734741,-26.490404129,80.4901046753,7.31954813004,-23.2124423981,60.9692497253,-30.6002922058,28.2448863983,-9.95796298981,6.02104663849,97.8558349609,-11.9351329803],[-111.883483887,156.12272644,65.7738265991,-78.0014343262,-2.73365902901,41.2654685974,-62.7195892334,65.7083511353,-40.7705307007,4.37379693985,33.3941841125,-11.9351329803,115.798690796]],"icov":[[0.00026055375929,-0.00024425185984,0.000657579454128,-0.000023112152121,0.000118790878332,0.000127129329485,0.000233156766626,-0.00043155104504,0.000980395823717,-0.000539617787581,0.000568371091504,-0.000823353533633,0.00063743069768],[-0.00024425185984,0.00358578632586,-0.00230845622718,0.00296348403208,-0.00160063430667,0.0020946697332,-0.00138284498826,0.000993222347461,-0.00143633235712,0.000837358122226,-0.00122006086167,0.00317721767351,-0.00371787534095],[0.000657579454128,-0.00230845622718,0.00558946374804,-0.00406169937924,0.00296103488654,-0.00301961321384,0.00194891414139,-0.000844554218929,0.000444342964329,0.00182526011486,-0.00205793953501,-0.000375383329811,0.00115995493252],[-0.000023112152121,0.00296348403208,-0.00406169937924,0.0089630484581,-0.00753075862303,0.00502833537757,-0.000764211756177,-0.00315097905695,0.00340382219292,-0.00567100243643,0.00797395873815,-0.00554556353018,0.00227265991271],[0.000118790878332,-0.00160063430667,0.00296103488654,-0.00753075862303,0.0138809727505,-0.0055604330264,-0.00283340248279,0.00525052379817,-0.00514005962759,0.00774952955544,-0.0112698730081,0.00850335415453,-0.0046625463292],[0.000127129329485,0.0020946697332,-0.00301961321384,0.00502833537757,-0.0055604330264,0.00819848384708,-0.0015726207057,-0.00341758131981,0.00595306186005,-0.00587960053235,0.00458092894405,-0.00280102808028,0.00114388624206],[0.000233156766626,-0.00138284498826,0.00194891414139,-0.000764211756177,-0.00283340248279,-0.0015726207057,0.00985061749816,0.000307779293507,-0.00391307333484,0.00374923599884,0.00115513044875,-0.00491454778239,0.00376315368339],[-0.00043155104504,0.000993222347461,-0.000844554218929,-0.00315097905695,0.00525052379817,-0.00341758131981,0.000307779293507,0.011881169863,-0.0088580287993,0.00605746544898,-0.00693108560517,0.00862905196846,-0.00909146852791],[0.000980395823717,-0.00143633235712,0.000444342964329,0.00340382219292,-0.00514005962759,0.00595306186005,-0.00391307333484,-0.0088580287993,0.0257735531777,-0.0192355308682,0.0139665519819,-0.0125978747383,0.0100631453097],[-0.000539617787581,0.000837358122226,0.00182526011486,-0.00567100243643,0.00774952955544,-0.00587960053235,0.00374923599884,0.00605746544898,-0.0192355308682,0.0322456136346,-0.0213773008436,0.0135012911633,-0.00606944225729],[0.000568371091504,-0.00122006086167,-0.00205793953501,0.00797395873815,-0.0112698730081,0.00458092894405,0.00115513044875,-0.00693108560517,0.0139665519819,-0.0213773008436,0.0308272410184,-0.0172036234289,0.00645596534014],[-0.000823353533633,0.00317721767351,-0.000375383329811,-0.00554556353018,0.00850335415453,-0.00280102808028,-0.00491454778239,0.00862905196846,-0.0125978747383,0.0135012911633,-0.0172036234289,0.0279994066805,-0.0120591307059],[0.00063743069768,-0.00371787534095,0.00115995493252,0.00227265991271,-0.0046625463292,0.00114388624206,0.00376315368339,-0.00909146852791,0.0100631453097,-0.00606944225729,0.00645596534014,-0.0120591307059,0.0224830359221]],"mean":[-46.8689155579,118.064247131,-64.6402587891,5.99636077881,-19.2379646301,-12.0291309357,8.2242975235,-20.3277702332,-6.47040176392,-7.58964443207,-6.74331760406,-0.906004071236,-12.0795812607]},"hfc":{"dmean":25.6015338898,"dmean2":39.5028610229,"dvar":3241.72021484,"dvar2":7790.27734375,"max":825.670593262,"mean":77.3218154907,"median":64.6334457397,"min":1.14857323541e-16,"var":5078.10400391},"melbands":{"dmean":[0.00166598905344,0.00172162486706,0.000912973599043,0.000624205451459,0.000259703578195,0.000293202640023,0.000178149959538,0.000126333688968,0.0000909756417968,0.0000761497649364,0.0000575825943088,0.0000539391694474,0.0000283534936898,0.0000342108796758,0.000017974029106,0.0000411259279645,0.0000299290131807,0.00000918046953302,0.00000547709896637,0.00000245749470196,0.00000240486201619,0.00000205949436349,0.00000212375471165,0.00000393730806536,0.00000231717694987,0.00000264267873717,0.00000259899798039,0.00000152845143475,9.91719389276e-7,0.00000119671665288,0.00000138624147894,0.00000135958680403,8.94306367627e-7,4.11128979749e-7,2.75284605777e-7,1.08468817928e-7,2.81492340548e-8,2.44089921608e-8,2.14577760005e-8,1.90243056863e-8],"dmean2":[0.00261732400395,0.00281553319655,0.00149191415403,0.00102184631396,0.000407363986596,0.000454397755675,0.00028284479049,0.000198403300601,0.000144463949255,0.00011994617671,0.0000897879872355,0.000083035978605,0.0000432692904724,0.0000502278962813,0.0000274485919363,0.0000608707196079,0.0000432062224718,0.0000126941731651,0.00000814488976175,0.00000393029313273,0.0000037583847643,0.00000317073477163,0.00000322591222357,0.00000591588059251,0.0000035237026168,0.00000384601344194,0.0000037182721826,0.00000229693318943,0.00000149095103552,0.00000175741274688,0.00000199434202841,0.00000195536745196,0.00000128433111968,6.02508976044e-7,4.14913870372e-7,1.72572285351e-7,4.77432635648e-8,4.14039398322e-8,3.63656802449e-8,3.21964144234e-8],"dvar":[0.0000096600742836,0.00000813230690255,0.00000202585556508,0.00000146916022459,3.76578157102e-7,6.29847704658e-7,1.99104619014e-7,1.21067046166e-7,7.37909218174e-8,4.87352167511e-8,1.64107820666e-8,2.29845706912e-8,5.54009815801e-9,9.810226409e-9,2.32015340274e-9,1.38682054285e-7,6.62455974521e-8,4.0866421358e-9,6.24180485076e-10,3.22326852709e-11,1.04288994107e-10,4.4519155723e-11,6.6325583914e-11,6.61343702024e-10,1.74634195993e-10,1.60516266945e-10,4.76716111031e-10,1.39015673972e-10,2.19726545986e-11,5.20252591008e-11,4.92572059529e-11,4.94203671042e-11,3.09898044726e-11,2.73167534599e-12,9.80776874646e-13,1.07119418587e-13,3.2628141115e-15,2.39012474804e-15,1.82219487437e-15,1.41670643824e-15],"dvar2":[0.0000232847596635,0.0000223886272579,0.00000536696916242,0.00000384220356864,8.49773414302e-7,0.00000146139666413,4.86055682813e-7,2.69390852736e-7,1.80364509106e-7,1.09933054659e-7,3.61971572715e-8,4.84525095601e-8,1.16571401421e-8,1.62888973421e-8,4.99751973138e-9,3.1176384141e-7,1.26589000615e-7,5.84892045907e-9,1.02226205279e-9,7.89525320122e-11,2.27723631618e-10,8.91230006461e-11,1.26277266421e-10,1.40768441348e-9,3.56264323598e-10,2.95425489627e-10,8.76638539538e-10,3.0982186261e-10,4.8098868638e-11,1.18932655391e-10,1.13297440874e-10,1.04848657534e-10,6.28180979456e-11,5.78447663033e-12,2.12163468218e-12,2.57123424115e-13,8.45106879036e-15,6.20405809381e-15,4.73251495433e-15,3.67830706554e-15],"max":[0.0623463578522,0.0557365640998,0.030596524477,0.0326058939099,0.0224434882402,0.037331327796,0.015015386045,0.0156326834112,0.00702667003497,0.00773427356035,0.00367629085667,0.00453806389123,0.00319427880459,0.00546144368127,0.00192797882482,0.021306950599,0.01556106098,0.00414567813277,0.00191035517491,0.000138579620398,0.000539840839338,0.000443704193458,0.000367270346032,0.00191541272216,0.000618708669208,0.000727493665181,0.00168366159778,0.000686319777742,0.000300202838844,0.000350316695403,0.000230625315453,0.000239984467044,0.000305813300656,0.0000594680859649,0.0000373353504983,0.0000124523021441,0.00000116187516142,9.37567961046e-7,8.04586704817e-7,7.04810531715e-7],"mean":[0.0036350027658,0.003402084345,0.00177450675983,0.00106841407251,0.000460672017653,0.000533696322236,0.00032677676063,0.000230208257562,0.000147196973558,0.000140669246321,0.000112447152787,0.00011184905452,0.0000603469125053,0.000079384430137,0.0000370457382814,0.0000707280851202,0.0000551145785721,0.0000185670887731,0.0000108525036921,0.00000450151856057,0.00000401374518333,0.00000360732701665,0.00000370888983525,0.00000680661969454,0.0000038641833271,0.00000481123834106,0.00000452041467724,0.00000249087611337,0.00000169181691945,0.00000197195595319,0.00000242239957515,0.00000275779507319,0.00000164344601217,7.52321284381e-7,4.22754425244e-7,1.41173018164e-7,2.63652175647e-8,2.28011121095e-8,2.01468282057e-8,1.80035577557e-8],"median":[0.00167844584212,0.001688158256,0.00109281775076,0.000492807128467,0.000177111083758,0.000151579908561,0.0000917742363526,0.0000746134610381,0.0000339734106092,0.0000338027966791,0.0000294115907309,0.0000289217168756,0.0000219210760406,0.000021441386707,0.0000130218186314,0.00000925996482692,0.00000622309335085,0.0000031380038763,0.00000203450940717,0.00000157589920491,0.00000130003638787,0.0000010671791415,9.13330666208e-7,9.76926344265e-7,8.51455013162e-7,7.27311260107e-7,7.34093532628e-7,5.24561130533e-7,4.06165213462e-7,3.15624788527e-7,2.34084851058e-7,1.77003755653e-7,1.41885479366e-7,9.34359718485e-8,5.82874051247e-8,2.96046582804e-8,7.82577025404e-9,6.81170497785e-9,6.09858652467e-9,5.58559509756e-9],"min":[6.64566008842e-24,1.14588310039e-23,7.78241259715e-24,2.71307629987e-23,1.95385715871e-23,5.28565205491e-24,1.64116894642e-23,7.79735204497e-24,9.41896923162e-24,1.10662591076e-23,1.92968835384e-23,1.41733707985e-23,9.84059408622e-24,4.20215980574e-23,1.00012582313e-23,8.09805714457e-24,5.10989384522e-24,7.08885555561e-24,9.4640053007e-24,7.38756562598e-24,8.512968004e-24,7.93875378451e-24,1.65796821271e-23,9.32991156859e-24,9.23819307772e-24,5.89680586958e-24,1.25832828045e-23,1.9602761199e-23,1.17372831262e-23,1.2702952215e-23,1.88021557326e-23,9.56304363191e-24,1.07371368716e-23,1.8770456146e-23,1.06097303134e-23,9.43979673724e-24,1.44395813773e-23,9.01965651887e-24,7.17443828636e-24,9.71110966838e-24],"var":[0.0000284734178422,0.0000210922917177,0.00000464069853479,0.00000319834202855,8.69107736889e-7,0.00000153951236825,4.77362277707e-7,3.62048893976e-7,1.45345467217e-7,1.36782531968e-7,5.91626658775e-8,9.08692356916e-8,2.63485144814e-8,6.04165748541e-8,7.20196347004e-9,3.61156367035e-7,2.18392841589e-7,1.94143989773e-8,2.61441202021e-9,7.9702050515e-11,1.99388602851e-10,1.55594342965e-10,1.94467206227e-10,2.33524000137e-9,4.26850110813e-10,5.27336119216e-10,1.26045807125e-9,2.91936225194e-10,4.50114806538e-11,1.15051648764e-10,1.25837479326e-10,1.75697595362e-10,8.38614455656e-11,8.10208237306e-12,1.97374039855e-12,1.47704778638e-13,3.12203532985e-15,2.28241603846e-15,1.74296171842e-15,1.3602496806e-15]},"melbands_crest":{"dmean":3.20302009583,"dmean2":5.24404525757,"dvar":8.17720603943,"dvar2":21.8609085083,"max":37.159198761,"mean":16.3590812683,"median":15.9049921036,"min":3.22820901871,"var":27.5208396912},"melbands_flatness_db":{"dmean":0.036317396909,"dmean2":0.0579058453441,"dvar":0.000987609149888,"dvar2":0.002532804152,"max":0.694280087948,"mean":0.328440189362,"median":0.318737953901,"min":0.00784927979112,"var":0.00714582251385},"melbands_kurtosis":{"dmean":12.8835792542,"dmean2":20.2921161652,"dvar":690.100769043,"dvar2":1785.02868652,"max":806.128051758,"mean":37.4297866821,"median":14.0901145935,"min":-1.90213477612,"var":6932.92041016},"melbands_skewness":{"dmean":0.838209331036,"dmean2":1.29588985443,"dvar":0.815143346786,"dvar2":1.9281976223,"max":21.183139801,"mean":3.52380013466,"median":2.97698688507,"min":-1.81375098228,"var":7.32591915131},"melbands_spread":{"dmean":2.8015897274,"dmean2":4.33705615997,"dvar":25.0244312286,"dvar2":49.6232643127,"max":148.942626953,"mean":9.85419178009,"median":6.88696718216,"min":0.260275542736,"var":133.762496948},"mfcc":{"cov":[[9511.51855469,337.360015869,-1760.15258789,80.8654708862,-1118.49755859,-161.2109375,-621.084289551,-112.750465393,-333.845672607,-174.910232544,-100.377113342,-271.052612305,-54.2429504395],[337.360015869,1205.03710938,-53.6091003418,-375.90914917,-55.6146583557,-147.625152588,56.0280532837,-153.534515381,-35.0737762451,-71.5581893921,-51.0974197388,32.2361946106,0.812143146992],[-1760.15258789,-53.6091003418,717.295288086,-54.0755958557,307.361755371,-58.752368927,122.733253479,4.08425140381,75.5652542114,42.806427002,-20.8058242798,68.7616195679,-5.12820148468],[80.8654708862,-375.90914917,-54.0755958557,558.418945312,-44.5862922668,84.0102310181,-86.3971405029,99.9374008179,13.1314277649,39.284286499,19.193655014,-55.4780960083,17.1185245514],[-1118.49755859,-55.6146583557,307.361755371,-44.5862922668,346.057891846,-8.48648929596,150.172576904,-14.3881034851,54.9238700867,19.0490055084,-1.84436905384,67.5642089844,-10.6901903152],[-161.2109375,-147.625152588,-58.752368927,84.0102310181,-8.48648929596,257.186950684,54.0198860168,76.2573852539,-22.2648448944,-0.263508915901,38.1341362,-23.9000854492,5.85977983475],[-621.084289551,56.0280532837,122.733253479,-86.3971405029,150.172576904,54.0198860168,201.082427979,28.410900116,22.7146072388,-14.3655853271,-3.83787679672,37.9570770264,-4.16227865219],[-112.750465393,-153.534515381,4.08425140381,99.9374008179,-14.3881034851,76.2573852539,28.410900116,148.059326172,36.5869941711,12.3397293091,5.28722810745,-22.9998207092,11.9655475616],[-333.845672607,-35.0737762451,75.5652542114,13.1314277649,54.9238700867,-22.2648448944,22.7146072388,36.5869941711,102.111732483,42.3515014648,2.37014555931,-1.04398488998,-4.86809921265],[-174.910232544,-71.5581893921,42.806427002,39.284286499,19.0490055084,-0.263508915901,-14.3655853271,12.3397293091,42.3515014648,87.0016174316,30.3104743958,1.22484588623,2.14570260048],[-100.377113342,-51.0974197388,-20.8058242798,19.193655014,-1.84436905384,38.1341362,-3.83787679672,5.28722810745,2.37014555931,30.3104743958,82.7440032959,28.7693958282,1.2406373024],[-271.052612305,32.2361946106,68.7616195679,-55.4780960083,67.5642089844,-23.9000854492,37.9570770264,-22.9998207092,-1.04398488998,1.22484588623,28.7693958282,96.1905899048,31.6506919861],[-54.2429504395,0.812143146992,-5.12820148468,17.1185245514,-10.6901903152,5.85977983475,-4.16227865219,11.9655475616,-4.86809921265,2.14570260048,1.2406373024,31.6506919861,67.7202148438]],"icov":[[0.0002650784445,-0.00000875103251019,0.000489332654979,0.0000141005511978,0.000284046545858,0.000214821935515,0.000261663226411,-0.000125975566334,0.000421722594183,-0.0000801448331913,0.000416212977143,-0.000118939962704,0.00039133161772],[-0.00000875103251019,0.00127712648828,-0.00000136478456625,0.000520747445989,0.000661347876303,0.000426398852142,-0.000896982732229,0.0010918234475,-0.000331183633534,0.00047573185293,0.000132346322061,0.000212171376916,-0.000475077104056],[0.000489332654979,-0.00000136478456625,0.00335283949971,0.000138607661938,-0.00146933854558,0.000764566182625,0.00062914704904,-0.000865308335051,0.000717086018994,-0.00119015667588,0.00186864484567,-0.00105246703606,0.00105120276567],[0.0000141005511978,0.000520747445989,0.000138607661938,0.00277699413709,-0.000617296725977,-0.000286465190584,0.00138287700247,-0.00124252680689,0.00028483060305,-0.000338701007422,-0.000343514053384,0.00134099507704,-0.0010437972378],[0.000284046545858,0.000661347876303,-0.00146933854558,-0.000617296725977,0.00815975666046,0.00000586521491641,-0.00425119930878,0.002692111535,-0.00186590501107,-0.000446058722446,0.00170213240199,-0.00340066361241,0.00225317664444],[0.000214821935515,0.000426398852142,0.000764566182625,-0.000286465190584,0.00000586521491641,0.00704533467069,-0.00278997491114,-0.00229684752412,0.0032872192096,0.00015635661839,-0.00387709890492,0.00374369230121,-0.00152441044338],[0.000261663226411,-0.000896982732229,0.00062914704904,0.00138287700247,-0.00425119930878,-0.00278997491114,0.0114945955575,-0.00364019628614,-0.000327520887367,0.00164506712463,0.00199548131786,-0.00305817998014,0.00215551909059],[-0.000125975566334,0.0010918234475,-0.000865308335051,-0.00124252680689,0.002692111535,-0.00229684752412,-0.00364019628614,0.0127154281363,-0.00572697725147,0.00162649515551,-0.000460766430479,0.0023211077787,-0.00325176352635],[0.000421722594183,-0.000331183633534,0.000717086018994,0.00028483060305,-0.00186590501107,0.0032872192096,-0.000327520887367,-0.00572697725147,0.0176108684391,-0.00773660978302,0.00108023174107,0.00126644142438,0.00163625960704],[-0.0000801448331913,0.00047573185293,-0.00119015667588,-0.000338701007422,-0.000446058722446,0.00015635661839,0.00164506712463,0.00162649515551,-0.00773660978302,0.0192144457251,-0.00809935946018,0.00343146757223,-0.00296498369426],[0.000416212977143,0.000132346322061,0.00186864484567,-0.000343514053384,0.00170213240199,-0.00387709890492,0.00199548131786,-0.000460766430479,0.00108023174107,-0.00809935946018,0.0222877003253,-0.0123360473663,0.00705989310518],[-0.000118939962704,0.000212171376916,-0.00105246703606,0.00134099507704,-0.00340066361241,0.00374369230121,-0.00305817998014,0.0023211077787,0.00126644142438,0.00343146757223,-0.0123360473663,0.0246239416301,-0.0132756279781],[0.00039133161772,-0.000475077104056,0.00105120276567,-0.0010437972378,0.00225317664444,-0.00152441044338,0.00215551909059,-0.00325176352635,0.00163625960704,-0.00296498369426,0.00705989310518,-0.0132756279781,0.0229107942432]],"mean":[-719.522705078,177.454193115,11.3271026611,38.062286377,-7.02911663055,23.6974658966,7.56508016586,9.53717708588,-1.05740880966,0.626360177994,4.52684116364,-1.52906095982,3.3306312561]},"pitch_salience":{"dmean":0.0695039480925,"dmean2":0.113481774926,"dvar":0.00372210307978,"dvar2":0.0100211882964,"max":0.86659014225,"mean":0.52960473299,"median":0.544776976109,"min":0.0883864313364,"var":0.0155299510807},"silence_rate_20dB":{"dmean":0,"dmean2":0,"dvar":0,"dvar2":0,"max":1,"mean":1,"median":1,"min":1,"var":0},"silence_rate_30dB":{"dmean":0.0301401428878,"dmean2":0.0602860711515,"dvar":0.0292345713824,"dvar2":0.0691372826695,"max":1,"mean":0.945964097977,"median":1,"min":0,"var":0.0511182881892},"silence_rate_60dB":{"dmean":0.00460741017014,"dmean2":0.00921570509672,"dvar":0.00458653876558,"dvar2":0.0104739619419,"max":1,"mean":0.0457817465067,"median":0,"min":0,"var":0.0436859689653},"spectral_centroid":{"dmean":127.967437744,"dmean2":195.564575195,"dvar":41231.4882812,"dvar2":75577.9609375,"max":11120.2832031,"mean":653.204528809,"median":520.456359863,"min":95.6741943359,"var":245955.828125},"spectral_complexity":{"dmean":2.20445394516,"dmean2":3.43400216103,"dvar":6.37927150726,"dvar2":12.6465120316,"max":52,"mean":11.752951622,"median":11,"min":0,"var":44.0354194641},"spectral_contrast_coeffs":{"dmean":[0.0501443594694,0.0494765974581,0.0362638421357,0.030163699761,0.0204634293914,0.0467316545546],"dmean2":[0.0840661600232,0.0817049071193,0.0596319586039,0.0494402386248,0.0327753871679,0.074083417654],"dvar":[0.0015648152912,0.00149692979176,0.000842372130137,0.000619555125013,0.000306912843371,0.00184321973938],"dvar2":[0.00433186115697,0.0040821088478,0.00223626778461,0.00157923926599,0.000756520661525,0.00436652824283],"max":[-0.352246999741,-0.415641725063,-0.542383372784,-0.49260944128,-0.573271274567,-0.400663435459],"mean":[-0.664654374123,-0.752859950066,-0.792021989822,-0.815777778625,-0.845343947411,-0.750002324581],"median":[-0.668605685234,-0.756062626839,-0.79625916481,-0.818523287773,-0.84609246254,-0.766509950161],"min":[-0.97935372591,-0.966243207455,-0.975886762142,-0.979752004147,-0.961634576321,-0.958295762539],"var":[0.00566660938784,0.00574568705633,0.00418429030105,0.00339819304645,0.00214464263991,0.00785058364272]},"spectral_contrast_valleys":{"dmean":[0.363196015358,0.383491843939,0.330548256636,0.342921763659,0.347062915564,0.736374497414],"dmean2":[0.598376274109,0.622692406178,0.53418636322,0.54236549139,0.522349119186,1.20093894005],"dvar":[0.0987129434943,0.114837169647,0.101099550724,0.112064883113,0.141136929393,0.372556984425],"dvar2":[0.239883616567,0.27122887969,0.227266252041,0.251969516277,0.303670436144,0.972866415977],"max":[-4.82563877106,-4.7252831459,-5.12351894379,-5.83019590378,-5.140229702,-8.87989425659],"mean":[-6.73394823074,-6.81173229218,-7.38909292221,-8.22076320648,-8.31130123138,-11.4682731628],"median":[-6.61490058899,-6.63831233978,-7.17229223251,-8.0197095871,-8.11259651184,-11.3613538742],"min":[-27.1065368652,-27.4165077209,-27.2619781494,-27.5176124573,-27.0862464905,-27.3057060242],"var":[0.759121716022,1.25003612041,1.22781157494,1.08873009682,1.07781851292,1.10657155514]},"spectral_decrease":{"dmean":2.89014345789e-9,"dmean2":4.52262405304e-9,"dvar":1.67138294775e-17,"dvar2":4.12868309951e-17,"max":2.5546442739e-9,"mean":-8.71692051874e-9,"median":-6.2245542054e-9,"min":-7.50972830588e-8,"var":6.87053172762e-17},"spectral_energy":{"dmean":0.0118039594963,"dmean2":0.0182267203927,"dvar":0.000272920791758,"dvar2":0.000653308525216,"max":0.304099589586,"mean":0.0399129614234,"median":0.0303559657186,"min":1.1059736793e-20,"var":0.00115828181151},"spectral_energyband_high":{"dmean":0.000175922337803,"dmean2":0.000226378018851,"dvar":3.41010576221e-7,"dvar2":6.33906154235e-7,"max":0.01921592094,"mean":0.000403515994549,"median":0.0000865317488206,"min":8.20287386929e-21,"var":0.00000144496141274},"spectral_energyband_low":{"dmean":0.00847628992051,"dmean2":0.0134238032624,"dvar":0.000185476455954,"dvar2":0.000465361605166,"max":0.260959148407,"mean":0.0203963648528,"median":0.0114113278687,"min":5.9548768396e-23,"var":0.000618924736045},"spectral_energyband_middle_high":{"dmean":0.00119816500228,"dmean2":0.00169903680217,"dvar":0.0000210143625736,"dvar2":0.0000415412214352,"max":0.237992346287,"mean":0.00336877373047,"median":0.00134283339139,"min":1.66755188821e-21,"var":0.0000848877607496},"spectral_energyband_middle_low":{"dmean":0.00506093818694,"dmean2":0.00795525033027,"dvar":0.0000622467632638,"dvar2":0.000158851151355,"max":0.200429990888,"mean":0.0139362653717,"median":0.00908784288913,"min":4.13395855219e-22,"var":0.000235714716837},"spectral_entropy":{"dmean":0.25144636631,"dmean2":0.388881385326,"dvar":0.059103064239,"dvar2":0.141003578901,"max":9.79506969452,"mean":7.06504774094,"median":7.1225810051,"min":5.27502965927,"var":0.222181141376},"spectral_flux":{"dmean":0.0223367940634,"dmean2":0.0361033901572,"dvar":0.000668048858643,"dvar2":0.00155725213699,"max":0.436890423298,"mean":0.0859421938658,"median":0.0778628066182,"min":1.05165286202e-10,"var":0.00234236591496},"spectral_kurtosis":{"dmean":5.57082605362,"dmean2":8.86559104919,"dvar":68.8156661987,"dvar2":178.050598145,"max":129.356674194,"mean":17.2906074524,"median":13.8068294525,"min":-1.21965920925,"var":157.072250366},"spectral_rms":{"dmean":0.000853742996696,"dmean2":0.00130127300508,"dvar":8.85245640347e-7,"dvar2":0.00000201300872504,"max":0.0172244738787,"mean":0.00571036525071,"median":0.00544201955199,"min":3.28481165879e-12,"var":0.00000633124454907},"spectral_rolloff":{"dmean":2887.99707031,"dmean2":5576.57275391,"dvar":44459676,"dvar2":112930000,"max":22050,"mean":5066.15673828,"median":775.1953125,"min":21.533203125,"var":70293672},"spectral_skewness":{"dmean":0.441895693541,"dmean2":0.681687772274,"dvar":0.308259397745,"dvar2":0.771332919598,"max":8.90268993378,"mean":2.88526129723,"median":2.69124150276,"min":-0.0275518670678,"var":1.19822669029},"spectral_spread":{"dmean":559260.625,"dmean2":870346.5,"dvar":353776336896,"dvar2":723609714688,"max":40654468,"mean":3953903,"median":3891810.5,"min":1219809.375,"var":1221368348670},"spectral_strongpeak":{"dmean":0.769077658653,"dmean2":1.38033902645,"dvar":17.8015441895,"dvar2":52.3352470398,"max":86.7884750366,"mean":0.958683490753,"median":0.340524882078,"min":0,"var":13.3302707672},"zerocrossingrate":{"dmean":0.0294227655977,"dmean2":0.0390620790422,"dvar":0.000708046893124,"dvar2":0.00121900672093,"max":0.546875,"mean":0.180173441768,"median":0.169921875,"min":0.017578125,"var":0.0064471559599}},"metadata":{"audio_properties":{"analysis_sample_rate":44100,"bit_rate":128000,"codec":"mp3","downmix":"mix","equal_loudness":0,"length":241.893875122,"lossless":false,"md5_encoded":"4eb7fd4417311dff643e8e2179a2bb61","replay_gain":-0.910354614258,"sample_rate":44100},"tags":{"album":["Tonight’s the Night"],"album artist credit":["Neil Young"],"albumartist":["Neil Young"],"albumartistsort":["Young, Neil"],"artist":["Neil Young"],"artist credit":["Neil Young"],"artistsort":["Young, Neil"],"asin":["B000002KCC"],"bpm":["0"],"catalognumber":["2221-2"],"composer":["Neil Young"],"date":["1987"],"discnumber":["1/1"],"file_name":"08 - Neil Young - Albuquerque.mp3","genre":["Rock - Roots Rock"],"label":["Reprise Records"],"language":["eng"],"media":["CD"],"musicbrainz album release country":["US"],"musicbrainz album status":["Official"],"musicbrainz album type":["album"],"musicbrainz_albumartistid":["75167b8b-44e4-407b-9d35-effe87b223cf"],"musicbrainz_albumid":["d9ecef28-8f1e-457e-a2c4-561a33534aaf"],"musicbrainz_artistid":["75167b8b-44e4-407b-9d35-effe87b223cf"],"musicbrainz_recordingid":["85d5016c-ffb9-4329-93f6-7fac28e9cfc9"],"musicbrainz_releasegroupid":["e0207e33-af06-3862-baba-f42ca722de0d"],"originaldate":["1975-06-20"],"replaygain_album_gain":["0.00 dB"],"replaygain_album_peak":["0.000000"],"replaygain_track_gain":["3.81 dB"],"replaygain_track_peak":["0.474030"],"script":["Latn"],"title":["Albuquerque"],"tracknumber":["8/12"]},"version":{"essentia":"2.1-beta1","essentia_build_sha":"ca57ba49d9b1854bd80e60cf9ccf267278fb7d6b","essentia_git_sha":"v2.1_beta1-28-g21ef5f4-dirty","extractor":"music 1.0"}},"rhythm":{"beats_count":540,"beats_loudness":{"dmean":0.0320938080549,"dmean2":0.0554893985391,"dvar":0.000833530211821,"dvar2":0.00257534370758,"max":0.231427162886,"mean":0.0555503442883,"median":0.0478615835309,"min":0.0000257801675616,"var":0.00143579381984},"beats_loudness_band_ratio":{"dmean":[0.19277651608,0.0982494577765,0.0670679435134,0.