{"lowlevel":{"average_loudness":0.948837280273,"barkbands":{"dmean":[0.00101100467145,0.0145877990872,0.00479421718046,0.00188657164108,0.00111888686661,0.000885080662556,0.000960562669206,0.00102364970371,0.00164391018916,0.00201938673854,0.0009284420521,0.000459187460365,0.000696605420671,0.000452546257293,0.000277612358332,0.000216445449041,0.000103364363895,0.0000486204262415,0.00005859860903,0.0000528653872607,0.0000401517827413,0.0000248011365329,0.0000185488770512,0.0000108453405119,0.00000743209966458,0.00000140126678616,2.28103161248e-7],"dmean2":[0.00159420492128,0.0229927618057,0.00847721286118,0.00308492430486,0.00196938356385,0.00150662311353,0.00159510434605,0.00158706877846,0.00268924748525,0.00321544730105,0.00148080440704,0.000754792767111,0.00112588284537,0.000708371808287,0.000442842836492,0.000343139079632,0.000170498940861,0.0000801515416242,0.0000921655737329,0.0000856394835864,0.0000650262372801,0.0000367851353076,0.0000273639343504,0.0000147739947352,0.0000102083968159,0.00000198803149942,3.267557247e-7],"dvar":[0.00000268984945251,0.000690292450599,0.0000841008077259,0.0000158391230798,0.0000044534144763,0.00000346437536791,0.00000311395660901,0.00000231267131312,0.00000757175530453,0.0000173717289726,0.00000435215588368,7.76751789999e-7,0.00000269471229331,9.37541415169e-7,3.7190145008e-7,3.8390339796e-7,9.07090296209e-8,9.15841713578e-9,1.40402720561e-8,9.28231447261e-9,6.59807986025e-9,1.92103910557e-9,1.07578046471e-9,5.49403189609e-10,3.60613594541e-10,1.40217776626e-11,1.02198252031e-12],"dvar2":[0.00000652479684504,0.00158595351968,0.000228838107432,0.0000394388807763,0.0000124270300148,0.00000932383773034,0.00000828848442325,0.00000540251721759,0.0000199281857931,0.0000410725151596,0.0000102089716165,0.00000197528197532,0.00000606295043326,0.00000196603537006,8.89842624474e-7,8.69523830715e-7,1.89260674688e-7,2.11222168645e-8,3.37327143995e-8,2.33729675614e-8,1.5803633957e-8,3.89906817944e-9,2.22051577126e-9,1.05303787912e-9,7.10214775879e-10,2.88586984171e-11,1.8834463069e-12],"max":[0.0145579595119,0.219398960471,0.0618944093585,0.0513516291976,0.0241004228592,0.0229711085558,0.0401220954955,0.0324445068836,0.0429680198431,0.0971525385976,0.0688916519284,0.0279856752604,0.0461192131042,0.029153412208,0.0144959576428,0.0199346803129,0.0107747912407,0.00494106812403,0.00254419655539,0.00193704431877,0.00183972076047,0.00103952980135,0.000741878175177,0.000956712814514,0.000884516513906,0.000115280592581,0.0000449745130027],"mean":[0.0019504375523,0.0219058934599,0.00429352838546,0.00195109297056,0.00131414609496,0.00101355614606,0.00152353476733,0.00220043142326,0.00298295891844,0.00406248541549,0.00162799598183,0.000798916385975,0.00123696029186,0.000823831476737,0.000477818888612,0.000358738267096,0.000178054484422,0.0000938737357501,0.000118929194286,0.000103470374597,0.0000738233793527,0.0000489460653625,0.0000370524321625,0.0000231954527408,0.0000141026921483,0.00000263646438725,3.45727812601e-7],"median":[0.00151373224799,0.00936489738524,0.000937334669288,0.000429070787504,0.000672233174555,0.000371428235667,0.000619450467639,0.00110935431439,0.00160990341101,0.00144825852476,0.000681137666106,0.000410625012591,0.00053906760877,0.000392844958697,0.000214857631363,0.00012034066458,0.0000756232111598,0.0000560082371521,0.0000476904169773,0.0000437809212599,0.0000266370661848,0.000011067367268,0.00000791663751443,0.00000541567987966,0.0000031653203223,6.92395701662e-7,8.71018741577e-8],"min":[2.16263201791e-10,1.92397400095e-11,7.08586835041e-13,1.29843401656e-12,4.83576243285e-12,1.82054393262e-12,1.67823965987e-13,4.29818263229e-13,5.35172221209e-13,4.10303301751e-13,6.29493202356e-13,3.97907238842e-13,6.44636037259e-13,7.70472444525e-13,8.39535635021e-13,1.05496861247e-12,8.62556228699e-13,8.21441113914e-13,1.75359390637e-12,1.92482206389e-12,1.75174241432e-12,1.68292235616e-12,9.28873839824e-13,1.87544207594e-12,2.75377463888e-12,3.12373781355e-12,3.87392808804e-12],"var":[0.00000335131926477,0.000988492392935,0.0000669483488309,0.0000163372315001,0.00000376568868887,0.00000325883797814,0.00000560429998586,0.00000880460265762,0.0000176695848495,0.0000584425179113,0.000011754951629,0.00000161883292549,0.00000612157100477,0.00000252821200775,7.03753016751e-7,7.56579197514e-7,2.11665721395e-7,2.49897258442e-8,4.19631582815e-8,2.55797818483e-8,1.41747387161e-8,6.15815887173e-9,3.48837381203e-9,1.87084991943e-9,8.66144322931e-10,3.08297797014e-11,1.69111751512e-12]},"barkbands_crest":{"dmean":3.22351956367,"dmean2":5.26105165482,"dvar":9.31735801697,"dvar2":21.1634635925,"max":26.6513290405,"mean":12.2426376343,"median":10.8611936569,"min":3.37645792961,"var":29.6164321899},"barkbands_flatness_db":{"dmean":0.028969636187,"dmean2":0.0436364710331,"dvar":0.000867547816597,"dvar2":0.00192265433725,"max":0.637324571609,"mean":0.195391222835,"median":0.183278873563,"min":0.0573446080089,"var":0.00572400726378},"barkbands_kurtosis":{"dmean":6.66792201996,"dmean2":10.7855453491,"dvar":782.057312012,"dvar2":2145.63989258,"max":1046.56262207,"mean":8.659948349,"median":0.860889434814,"min":-1.95049357414,"var":1202.61328125},"barkbands_skewness":{"dmean":0.769316852093,"dmean2":1.18547511101,"dvar":1.01394534111,"dvar2":2.41562700272,"max":24.2011451721,"mean":1.58564555645,"median":1.02943706512,"min":-1.58571100235,"var":4.42805433273},"barkbands_spread":{"dmean":3.6598649025,"dmean2":5.69568014145,"dvar":14.2752380371,"dvar2":30.8704395294,"max":74.9886398315,"mean":15.2682123184,"median":15.4015073776,"min":0.134004145861,"var":59.9444160461},"dissonance":{"dmean":0.0235382206738,"dmean2":0.0401201285422,"dvar":0.00056345469784,"dvar2":0.00155379995704,"max":0.500000178814,"mean":0.456970274448,"median":0.46592721343,"min":0.25096142292,"var":0.00103852595203},"dynamic_complexity":3.11932229996,"erbbands":{"dmean":[0.591122925282,2.84021663666,4.88151597977,6.53293657303,3.84161996841,4.05082082748,5.34476852417,8.30377197266,12.9932460785,20.6359481812,17.1206645966,40.8945655823,56.275718689,49.5445747375,31.3365631104,16.807466507,29.6537094116,22.2099838257,17.825876236,10.5718832016,8.72642707825,5.21454668045,2.65955233574,3.3115298748,2.3502676487,2.33950448036,2.25329089165,1.02379477024,0.923284709454,0.775724291801,0.452702611685,0.276490747929,0.16720238328,0.112924657762,0.0359815098345,0.00903979688883,0.00219583534636,0.000362811348168,0.0000367397115042,0.0000236046671489],"dmean2":[0.919970273972,4.70436096191,8.71276950836,10.9410657883,6.36549711227,7.07698440552,9.38688755035,14.0185441971,21.7998905182,32.3579597473,27.3914165497,67.0532302856,89.6622390747,79.4340286255,50.2998771667,27.2427997589,47.9487113953,35.1664924622,28.2452850342,16.5091133118,14.0143871307,8.54411029816,4.35833215714,5.34236574173,3.67555332184,3.78224420547,3.63832402229,1.63037550449,1.38184964657,1.14220762253,0.658299267292,0.380480229855,0.224556043744,0.155204072595,0.0509119927883,0.0127522461116,0.00313403503969,0.000493301136885,0.000052389663324,0.0000376824282284],"dvar":[1.21687602997,26.2122592926,87.6780090332,154.800369263,60.3127174377,57.0372848511,126.728256226,285.691802979,682.502197266,1021.98907471,704.26965332,5064.99804688,14059.3779297,8548.19140625,4675.54492188,1160.25939941,4431.72070313,2116.44799805,1519.64880371,743.993530273,607.270996094,174.236999512,28.5056362152,44.8563079834,19.6020107269,17.5169506073,25.9119701385,2.93773651123,2.64988207817,2.04497027397,0.630125045776,0.34102126956,0.136256247759,0.078620634973,0.0134566035122,0.000519066059496,0.0000440356307081,0.00000194893209482,1.29527872872e-8,9.97382176848e-10],"dvar2":[2.77615118027,62.3731765747,243.669967651,381.758270264,158.303634644,156.883560181,352.642059326,761.713317871,1850.2746582,2563.65576172,1741.18127441,13402.9335938,32778.8164063,21313.25,11420.7607422,2918.3371582,10354.9335938,4855.44287109,3523.84619141,1724.62756348,1398.70922852,385.983703613,61.4297561646,113.959564209,45.1580467224,44.260471344,63.056678772,7.0922703743,5.59749555588,4.18898963928,1.29070425034,0.670404076576,0.246577218175,0.147354051471,0.0300206337124,0.00112549739424,0.0000890319133759,0.00000351568701262,2.40324116163e-8,2.17878448616e-9],"max":[9.03108596802,39.9053077698,69.3645935059,121.555686951,108.358039856,107.662452698,125.048812866,238.638397217,469.298156738,915.670837402,534.937683105,1245.6505127,3146.24829102,2482.38769531,1707.99230957,1134.27539063,2142.52758789,1233.25878906,920.230712891,865.522460938,671.413024902,425.192810059,349.258972168,138.678741455,125.430915833,82.0623474121,120.659133911,30.5401229858,31.887834549,43.3889770508,17.8485927582,27.2327690125,10.3332223892,10.8441209793,6.18081045151,0.596335709095,0.202807679772,0.052418153733,0.00488395942375,0.000515796651598],"mean":[0.937607645988,3.6676940918,4.95962572098,6.7792339325,4.23418045044,4.70041751862,5.85074567795,10.0824565887,19.8123283386,42.267375946,37.8745880127,74.3848114014,107.689933777,100.769294739,60.3079605103,35.4436721802,56.1424865723,43.5039024353,35.6395339966,20.2077865601,16.0984287262,9.709441185,5.462641716,6.37022686005,5.35659503937,4.71058130264,4.04000997543,2.00601315498,1.77776706219,1.50090694427,0.923046708107,0.587939023972,0.344099700451,0.221074357629,0.0619013831019,0.0161343701184,0.00421947194263,0.000657292024698,0.0000754008215154,0.0000586644600844],"median":[0.4746517241,1.25819516182,1.57733821869,1.31389307976,1.66029512882,2.20146989822,2.67173075676,3.90696501732,7.7125787735,23.4380970001,22.6724758148,40.7038002014,47.0171928406,43.1593933105,30.7592258453,19.6376438141,27.0906734467,23.6278781891,18.1540660858,9.62153244019,6.72326755524,4.50073289871,3.24285197258,3.03343701363,2.11400508881,2.09240794182,1.44517409801,0.71551412344,0.417226016521,0.293244302273,0.208450183272,0.127513155341,0.0818018987775,0.0483815334737,0.0137263964862,0.00434699933976,0.00109315093141,0.000160768904607,0.000041382816562,0.0000468548932986],"min":[1.41471074855e-8,3.27068727657e-9,2.91787105589e-9,7.50396278448e-9,1.19143859223e-8,7.45151673698e-9,1.57061297301e-8,1.22274137482e-8,7.59781304538e-9,8.7873992527e-9,1.54584895995e-8,1.63209001869e-8,1.14065370482e-8,2.49855958145e-8,3.43383952384e-8,3.35596368473e-8,3.39056001053e-8,4.64247129628e-8,4.30232240944e-8,4.49083792375e-8,5.21723997338e-8,5.28252286358e-8,5.96890856741e-8,7.36946574875e-8,8.31491107078e-8,9.24755951814e-8,8.10065401424e-8,6.04595769005e-8,6.30677376989e-8,4.27136761516e-8,2.50539589075e-8,3.80912226206e-8,3.0343908719e-8,3.17379225123e-8,1.97330187746e-8,1.42246641133e-8,4.37796288111e-9,2.17503703936e-9,4.99436714207e-10,5.8411615822e-11],"var":[1.585293293,35.3649864197,69.0398254395,163.173461914,55.9349403381,52.9440155029,100.931526184,297.935028076,1011.49346924,3069.80004883,2115.62695313,11152.2783203,42844.1835938,24320.1835938,12205.7792969,3103.16333008,10873.2763672,4959.42138672,3862.08032227,1440.29968262,1198.86108398,401.196136475,92.1027526855,106.441665649,80.1660919189,46.8988380432,52.3822021484,7.49007940292,8.01277828217,6.34733724594,2.08055067062,1.13338971138,0.433875709772,0.20639359951,0.0230760220438,0.00100510811899,0.000100394805486,0.00000395083452531,2.30509957788e-8,2.05586214719e-9]},"erbbands_crest":{"dmean":2.98411297798,"dmean2":4.87052965164,"dvar":7.18984222412,"dvar2":17.7734622955,"max":31.5401344299,"mean":10.5355567932,"median":9.66639232635,"min":2.0399928093,"var":19.5530147552},"erbbands_flatness_db":{"dmean":0.0232776291668,"dmean2":0.0325261764228,"dvar":0.00065499386983,"dvar2":0.00115734373685,"max":0.435852944851,"mean":0.206875473261,"median":0.203186020255,"min":0.0268821679056,"var":0.00383997801691},"erbbands_kurtosis":{"dmean":1.26653170586,"dmean2":2.01059103012,"dvar":2.33453893661,"dvar2":5.59921503067,"max":55.6407814026,"mean":1.7376935482,"median":1.2326182127,"min":-1.69472885132,"var":6.11806440353},"erbbands_skewness":{"dmean":0.413241147995,"dmean2":0.634880006313,"dvar":0.129251360893,"dvar2":0.293684303761,"max":5.4777135849,"mean":0.379738867283,"median":0.378013193607,"min":-5.58479595184,"var":0.55217051506},"erbbands_spread":{"dmean":5.94309139252,"dmean2":8.94919300079,"dvar":49.8776817322,"dvar2":97.8661727905,"max":132.631912231,"mean":22.3843612671,"median":17.1024608612,"min":2.08138465881,"var":272.080688477},"gfcc":{"cov":[[16090.9814453,-680.929626465,-1439.34875488,942.513549805,-1043.20983887,518.447814941,-121.929573059,345.616882324,-421.412689209,158.433639526,-12.5578079224,91.5047607422,-198.641296387],[-680.929626465,1668.57189941,-140.397644043,-685.323669434,500.383972168,-275.368347168,156.537277222,-54.6113128662,180.846313477,-66.8193817139,148.746902466,-118.145851135,139.252792358],[-1439.34875488,-140.397644043,917.710571289,235.441421509,-53.2593688965,81.0531463623,-54.3002471924,-94.9249420166,25.0583877563,-28.1459503174,-109.615203857,6.36561393738,-35.7548484802],[942.513549805,-685.323669434,235.441421509,618.642150879,-226.977142334,159.499832153,-67.248298645,-27.3010787964,-67.281463623,-24.2042198181,-81.2660980225,18.5027694702,-82.0488891602],[-1043.20983887,500.383972168,-53.2593688965,-226.977142334,430.475708008,-63.7885475159,108.225021362,6.2794342041,86.8328857422,-12.6180181503,59.7269210815,-41.8823738098,59.2056884766],[518.447814941,-275.368347168,81.0531463623,159.499832153,-63.7885475159,218.233093262,1.8856202364,24.0034980774,-16.2067985535,10.0219345093,-18.0942268372,-9.5341424942,-21.7538414001],[-121.929573059,156.537277222,-54.3002471924,-67.248298645,108.225021362,1.8856202364,151.564620972,38.1392745972,40.1028366089,1.70655345917,27.6381263733,-4.76205682755,19.9544677734],[345.616882324,-54.6113128662,-94.9249420166,-27.3010787964,6.2794342041,24.0034980774,38.1392745972,117.147720337,18.8187332153,20.4241485596,17.835111618,-1.64229595661,21.957326889],[-421.412689209,180.846313477,25.0583877563,-67.281463623,86.8328857422,-16.2067985535,40.1028366089,18.8187332153,138.095611572,6.94534492493,11.6170578003,-12.7813653946,19.9271717072],[158.433639526,-66.8193817139,-28.1459503174,-24.2042198181,-12.6180181503,10.0219345093,1.70655345917,20.4241485596,6.94534492493,84.4580459595,19.7581768036,6.44541454315,-4.38880681992],[-12.5578079224,148.746902466,-109.615203857,-81.2660980225,59.7269210815,-18.0942268372,27.6381263733,17.835111618,11.6170578003,19.7581768036,116.950805664,-9.14461517334,29.0665855408],[91.5047607422,-118.145851135,6.36561393738,18.5027694702,-41.8823738098,-9.5341424942,-4.76205682755,-1.64229595661,-12.7813653946,6.44541454315,-9.14461517334,84.960975647,2.63525509834],[-198.641296387,139.252792358,-35.7548484802,-82.0488891602,59.2056884766,-21.7538414001,19.9544677734,21.957326889,19.9271717072,-4.38880681992,29.0665855408,2.63525509834,88.8534698486]],"icov":[[0.000318047008477,-0.00116342911497,0.00071065837983,-0.00122863659635,0.000769578211475,-0.00101103854831,0.000467149307951,-0.0013835009886,0.00100968847983,-0.00119815813377,0.000718919269275,-0.00118153169751,0.000676692929119],[-0.00116342911497,0.00670422893018,-0.00281963730231,0.00625248951837,-0.00346210994758,0.00490897614509,-0.00276188296266,0.0068750786595,-0.00500974711031,0.00628457218409,-0.00398909021169,0.00669648079202,-0.00349857122637],[0.00071065837983,-0.00281963730231,0.00309357070364,-0.00332119432278,0.00164612650406,-0.00277907191776,0.00132709566969,-0.00209268182516,0.0016775286058,-0.00292462366633,0.00276730069891,-0.0029291792307,0.00128852762282],[-0.00122863659635,0.00625248951837,-0.00332119432278,0.00880936812609,-0.00257837958634,0.00325711863115,-0.00241332710721,0.0066531477496,-0.00446165027097,0.00695639755577,-0.00346266920678,0.00592748029158,-0.00203298404813],[0.000769578211475,-0.00346210994758,0.00164612650406,-0.00257837958634,0.00600829767063,-0.00249990029261,-0.000686365645379,-0.0029038421344,0.00156543124467,-0.00269993511029,0.00132052414119,-0.00206157309003,0.000828742631711],[-0.00101103854831,0.00490897614509,-0.00277907191776,0.00325711863115,-0.00249990029261,0.0100784813985,-0.00278176087886,0.00364002608694,-0.00336525822058,0.00376048753969,-0.00295502156951,0.00619464041665,-0.00248246430419],[0.000467149307951,-0.00276188296266,0.00132709566969,-0.00241332710721,-0.000686365645379,-0.00278176087886,0.0103475051001,-0.0052740778774,0.000830363424029,-0.0018928530626,0.000855990918353,-0.00379109592177,0.00198684912175],[-0.0013835009886,0.0068750786595,-0.00209268182516,0.0066531477496,-0.0029038421344,0.00364002608694,-0.0052740778774,0.0190036166459,-0.00670368783176,0.00441874656826,-0.00372721371241,0.00726461550221,-0.00652626575902],[0.00100968847983,-0.00500974711031,0.0016775286058,-0.00446165027097,0.00156543124467,-0.00336525822058,0.000830363424029,-0.00670368783176,0.0130156408995,-0.00574569450691,0.00328049249947,-0.00421558087692,0.00211588898674],[-0.00119815813377,0.00628457218409,-0.00292462366633,0.00695639755577,-0.00269993511029,0.00376048753969,-0.0018928530626,0.00441874656826,-0.00574569450691,0.019761743024,-0.00644127139822,0.00477832369506,-0.000998155097477],[0.000718919269275,-0.00398909021169,0.00276730069891,-0.00346266920678,0.00132052414119,-0.00295502156951,0.000855990918353,-0.00372721371241,0.00328049249947,-0.00644127139822,0.0137952687219,-0.00299452291802,-0.000577378028538],[-0.00118153169751,0.00669648079202,-0.0029291792307,0.00592748029158,-0.00206157309003,0.00619464041665,-0.00379109592177,0.00726461550221,-0.00421558087692,0.00477832369506,-0.00299452291802,0.0197360888124,-0.00531926658005],[0.000676692929119,-0.00349857122637,0.00128852762282,-0.00203298404813,0.000828742631711,-0.00248246430419,0.00198684912175,-0.00652626575902,0.00211588898674,-0.000998155097477,-0.000577378028538,-0.00531926658005,0.0167209114879]],"mean":[-36.9522132874,144.400970459,-121.707580566,13.4936466217,-43.6266937256,26.365568161,-11.9409656525,14.6921854019,-5.80588340759,4.51280355453,-6.31624126434,-8.54141712189,-1.26785826683]},"hfc":{"dmean":4.77183771133,"dmean2":7.56233549118,"dvar":32.0599555969,"dvar2":77.9533538818,"max":101.534599304,"mean":20.0455799103,"median":17.2640075684,"min":3.387343952e-7,"var":240.400100708},"melbands":{"dmean":[0.00456862989813,0.00275856559165,0.00104342028499,0.000249042670475,0.000190356600797,0.000181686336873,0.000198030596948,0.000240240318817,0.000160284005688,0.000265465088887,0.000290205091005,0.000217277003685,0.00011410361185,0.0000558104475203,0.0000696734277881,0.0000578956532991,0.0000462652387796,0.0000323785789078,0.0000175652439793,0.0000183264328371,0.00000970088331087,0.0000069436296144,0.00000252481322605,0.0000024213704819,0.00000304351033265,0.00000196980386136,0.00000205335550163,0.00000155379314037,0.00000171523856807,8.16419571947e-7,5.91914442793e-7,5.59641762266e-7,4.99155135003e-7,4.52828004427e-7,2.90981461148e-7,2.25648321361e-7,1.58532998284e-7,1.22096537325e-7,1.18947376393e-7,9.26769772036e-8],"dmean2":[0.00714014749974,0.00486056879163,0.00175138725899,0.000424475758336,0.000334326381562,0.000308119459078,0.000329906819388,0.00037389199133,0.000257908628555,0.00043557950994,0.000462844618596,0.000347132532625,0.000181754425284,0.0000920152451727,0.000113124617201,0.000093403919891,0.0000725301797502,0.0000512546248501,0.000028175958505,0.0000287892053166,0.0000157582071552,0.0000114638232844,0.00000419211664848,0.00000396795803681,0.00000493695279147,0.00000312268161906,0.00000332151989824,0.00000253752659773,0.00000277021149486,0.00000133317382733,9.5064422112e-7,8.61841272126e-7,7.53422000344e-7,6.88542854732e-7,4.329077683e-7,3.24191660184e-7,2.27109140383e-7,1.70603399852e-7,1.65759388437e-7,1.30733255332e-7],"dvar":[0.0000705325728632,0.0000211007281905,0.00000383701535611,2.24561475193e-7,1.43204516689e-7,1.42734748465e-7,1.46230419773e-7,1.33347256792e-7,8.3903437087e-8,2.07222498716e-7,3.89158287817e-7,1.72269551513e-7,6.98191655601e-8,1.27713111198e-8,3.15214592206e-8,2.07532870888e-8,9.52151513189e-9,5.24528775969e-9,1.29089627876e-9,3.28411386974e-9,9.61517310216e-10,3.68776675863e-10,3.20986223712e-11,2.46325009001e-11,4.10807082796e-11,1.83804967774e-11,1.70577389019e-11,7.97475974146e-12,1.64939034653e-11,1.93619426048e-12,1.06527807409e-12,9.74854420278e-13,8.91748480614e-13,7.07035775413e-13,2.78936839989e-13,1.92312311909e-13,1.30946889074e-13,6.98796353898e-14,8.78032930108e-14,5.88471057907e-14],"dvar2":[0.000160472016432,0.0000552483288629,0.00000952451318881,6.10452104866e-7,4.00090783614e-7,3.82965907875e-7,3.93334005366e-7,3.25338305629e-7,2.073588945e-7,5.51421180717e-7,9.07737046418e-7,4.21832794473e-7,1.63384058283e-7,3.21039443918e-8,7.00993041391e-8,5.00201906561e-8,2.11754240809e-8,1.16710472398e-8,3.11611447756e-9,7.3753096963e-9,2.15543183302e-9,7.96165522399e-10,7.18550982604e-11,5.26607715767e-11,1.04718532457e-10,4.12377597347e-11,4.16930760749e-11,2.04797446363e-11,4.03576824737e-11,4.79546350546e-12,2.60445376203e-12,2.15580504836e-12,1.93040028407e-12,1.52435854738e-12,6.24263173706e-13,3.92385939279e-13,2.75975179124e-13,1.31003579295e-13,1.68148616775e-13,1.16005349857e-13],"max":[0.0701328665018,0.0344418846071,0.0199368260801,0.00586983794346,0.004128143657,0.00470080785453,0.00665899459273,0.00832175835967,0.00592538854107,0.00707485154271,0.0160472486168,0.0104935113341,0.00792431551963,0.00400259438902,0.00534726958722,0.00537430914119,0.00251577608287,0.00176086765714,0.000783682684414,0.00206293282099,0.000872273347341,0.000664679566398,0.000334216601914,0.000285938673187,0.000138617993798,0.000139855430461,0.0000935053176363,0.0000563479952689,0.0000983338395599,0.0000240649187617,0.0000209213449125,0.0000190122991626,0.0000296508751489,0.0000234979779634,0.0000129092732095,0.0000182629810297,0.0000150300620589,0.0000089169234343,0.0000103221218524,0.0000105956578409],"mean":[0.00705732312053,0.00336665473878,0.00110117124859,0.000293372635497,0.000217424676521,0.000213818100747,0.000305143301375,0.000494178268127,0.000323982880218,0.000469163642265,0.000543603382539,0.000428227533121,0.000211055856198,0.0000992816203507,0.000128301267978,0.000101087956864,0.0000828075208119,0.0000616035613348,0.0000309810966428,0.0000293156699627,0.0000159446699399,0.0000116636392704,0.00000464481354356,0.00000451879168395,0.00000535265917279,0.00000400068711315,0.00000401627448809,0.00000281305756289,0.00000280745780401,0.0000015339020365,0.00000104903915599,0.00000101691591681,9.06968693926e-7,8.23526931981e-7,5.45635145954e-7,4.47383854407e-7,3.19398452575e-7,2.36450006241e-7,2.2975002878e-7,1.7032006383e-7],"median":[0.00323502509855,0.00127449783031,0.000261501583736,0.000137749011628,0.000107949446829,0.000079621328041,0.000116452603834,0.000261173292529,0.000172813481186,0.000245472037932,0.000217478809645,0.000166983285453,0.0000949860550463,0.0000544671456737,0.0000519080640515,0.0000471999992442,0.0000395970018872,0.0000281281372736,0.0000152021848407,0.00000919750891626,0.00000638971096123,0.00000479088566863,0.00000284961265606,0.00000254083306572,0.00000238596567215,0.00000138978941777,0.00000153267876613,0.00000124301323012,9.28810493406e-7,5.13042607508e-7,3.09553627176e-7,2.34701175827e-7,1.70025231228e-7,1.53620021592e-7,1.20240130741e-7,9.67269855323e-8,6.52963336734e-8,5.51304317753e-8,4.76548471795e-8,3.56886928898e-8],"min":[2.34226832374e-10,1.99880910434e-12,1.59178605626e-12,9.09722167389e-13,5.77845280306e-13,2.82105041367e-13,8.2423637685e-14,8.18453649038e-14,1.04005074952e-13,8.58876839549e-14,5.09980851494e-14,9.34494113493e-14,1.1856929826e-13,8.09055174743e-14,6.23167289255e-14,5.96025304307e-14,7.25150598206e-14,6.61439354894e-14,6.20370115413e-14,6.89994123036e-14,4.19339144301e-14,4.07647446886e-14,6.04663481828e-14,3.47300313508e-14,5.30129969599e-14,5.84701693529e-14,4.92826706365e-14,5.65098301811e-14,3.23844277133e-14,3.03887706557e-14,3.78604652241e-14,2.92332923547e-14,3.75902007275e-14,1.70229024561e-14,1.04829161776e-14,2.35688476114e-14,2.30978718818e-14,1.88366558002e-14,2.36139131523e-14,2.95313056506e-14],"var":[0.00009723486437,0.0000233091395785,0.00000400850467486,2.04480301136e-7,1.16074829748e-7,1.40145488103e-7,2.37568841044e-7,4.40253813849e-7,2.15764288214e-7,4.48401948461e-7,0.00000119286869449,4.99867098824e-7,1.95013569737e-7,2.22345377665e-8,8.36395130932e-8,4.15048866387e-8,2.27905676553e-8,1.43815030995e-8,2.47833775724e-9,6.09678751928e-9,1.66321456607e-9,8.01312072252e-10,7.17945841666e-11,6.23516446807e-11,8.7581157604e-11,5.52563862721e-11,5.23401287589e-11,1.66758343245e-11,3.11315730139e-11,4.56190293874e-12,2.42856819724e-12,2.66958937595e-12,2.46025248785e-12,1.97610699505e-12,7.51996446884e-13,5.91355523577e-13,3.74773129197e-13,2.07871168737e-13,2.32868005478e-13,1.3385080262e-13]},"melbands_crest":{"dmean":4.03677558899,"dmean2":6.26794242859,"dvar":13.3715810776,"dvar2":30.025056839,"max":39.3498725891,"mean":18.5311832428,"median":17.2231769562,"min":4.83150815964,"var":48.7263450623},"melbands_flatness_db":{"dmean":0.03474374488,"dmean2":0.0522509738803,"dvar":0.00124456721824,"dvar2":0.00271467701532,"max":0.756092071533,"mean":0.284752398729,"median":0.26806679368,"min":0.0337718762457,"var":0.00869690999389},"melbands_kurtosis":{"dmean":10.4629383087,"dmean2":15.8940248489,"dvar":1252.85119629,"dvar2":2458.04833984,"max":2731.2355957,"mean":16.1718463898,"median":2.88629674911,"min":-1.75043118,"var":3014.98950195},"melbands_skewness":{"dmean":0.937254965305,"dmean2":1.43234574795,"dvar":1.14824390411,"dvar2":2.45954918861,"max":36.8455352783,"mean":2.37262010574,"median":1.66602277756,"min":-1.30866444111,"var":5.80722951889},"melbands_spread":{"dmean":4.8447842598,"dmean2":7.74157619476,"dvar":34.6183738708,"dvar2":72.70703125,"max":161.534622192,"mean":18.1168861389,"median":17.7241382599,"min":0.0305208601058,"var":125.098571777},"mfcc":{"cov":[[10053.3554688,-977.098510742,-619.879882813,377.709960938,-482.656036377,25.7290782928,183.190505981,88.1322250366,-183.937026978,-89.115737915,-59.0991287231,155.47076416,41.8172035217],[-977.098510742,2197.52197266,-446.491577148,-261.540283203,196.103515625,-144.537811279,119.155685425,-34.3991088867,92.0690994263,96.4202041626,71.1658325195,26.4181575775,35.3526344299],[-619.879882813,-446.491577148,934.217224121,148.628997803,27.6005783081,166.022476196,-135.226348877,17.9279670715,-1.30501186848,-33.6691398621,-11.6367149353,-84.9602355957,-38.7200393677],[377.709960938,-261.540283203,148.628997803,297.869415283,5.87921524048,71.3350219727,-15.1337356567,36.2823257446,-12.6611127853,-14.9779262543,-15.4814090729,-0.0139917107299,-17.9078445435],[-482.656036377,196.103515625,27.6005783081,5.87921524048,196.817153931,34.8421020508,28.7449932098,3.86332774162,26.9631080627,25.2484664917,17.7101173401,-10.4135837555,-6.90026950836],[25.7290782928,-144.537811279,166.022476196,71.3350219727,34.8421020508,174.126800537,0.653398573399,36.2528190613,4.54300403595,2.66181111336,13.920920372,-13.8359870911,-17.2791671753],[183.190505981,119.155685425,-135.226348877,-15.1337356567,28.7449932098,0.653398573399,163.272994995,12.3684663773,7.95242881775,25.7783164978,24.1841831207,5.06125974655,10.6380758286],[88.1322250366,-34.3991088867,17.9279670715,36.2823257446,3.86332774162,36.2528190613,12.3684663773,106.82270813,32.5127601624,7.01642942429,4.17312860489,4.74004077911,-0.906891226768],[-183.937026978,92.0690994263,-1.30501186848,-12.6611127853,26.9631080627,4.54300403595,7.95242881775,32.5127601624,107.692558289,39.2999839783,7.6458735466,-6.17394733429,6.73764276505],[-89.115737915,96.4202041626,-33.6691398621,-14.9779262543,25.2484664917,2.66181111336,25.7783164978,7.01642942429,39.2999839783,87.9819412231,35.1850776672,2.16969251633,3.69321799278],[-59.0991287231,71.1658325195,-11.6367149353,-15.4814090729,17.7101173401,13.920920372,24.1841831207,4.17312860489,7.6458735466,35.1850776672,83.0300369263,24.4062423706,-2.1939125061],[155.47076416,26.4181575775,-84.9602355957,-0.0139917107299,-10.4135837555,-13.8359870911,5.06125974655,4.74004077911,-6.17394733429,2.16969251633,24.4062423706,78.1885757446,12.4185657501],[41.8172035217,35.3526344299,-38.7200393677,-17.9078445435,-6.90026950836,-17.2791671753,10.6380758286,-0.906891226768,6.73764276505,3.69321799278,-2.1939125061,12.4185657501,55.7095680237]],"icov":[[0.000140106800245,0.0000305416615447,0.000107924512122,-0.000180892500794,0.000311130221235,-0.0000999732874334,-0.000167831211002,-0.0000604773485975,0.000141117154271,-0.00000539878192285,0.0000866792324814,-0.000141064811032,-0.0000509435485583],[0.0000305416615447,0.000659249199089,0.000210954531212,0.000310392992105,-0.000586182868574,0.000340223807143,-0.000133676774567,0.0000693574256729,-0.000277257029666,-0.00012559829338,-0.000282247754512,0.0000193760333786,-0.000108881227789],[0.000107924512122,0.000210954531212,0.00189380068332,-0.000575661018956,-0.0000498429290019,-0.00124302541371,0.00124629575294,0.000093589143944,-0.000124175028759,0.000529195298441,-0.000814404455014,0.00171173305716,-0.000145561847603],[-0.000180892500794,0.000310392992105,-0.000575661018956,0.00458326749504,-0.000794125837274,-0.000760455499403,-0.0000281696484308,-0.00101720634848,0.000400870048907,-0.000267685914878,0.00113093294203,-0.00100428471342,0.000904263637494],[0.000311130221235,-0.000586182868574,-0.0000498429290019,-0.000794125837274,0.00710326991975,-0.00157999270596,-0.0012251494918,0.000488227291498,-0.000640653888695,-0.000580058433115,-0.00007040471246,0.000139454379678,0.000562264758628],[-0.0000999732874334,0.000340223807143,-0.00124302541371,-0.000760455499403,-0.00157999270596,0.00857885740697,-0.000684985308908,-0.00214529200457,0.000260667235125,-0.000043524272769,-0.00161634897813,0.000567806360777,0.00109292170964],[-0.000167831211002,-0.000133676774567,0.00124629575294,-0.0000281696484308,-0.0012251494918,-0.000684985308908,0.00817842129618,-0.00088532367954,0.000507038494106,-0.000897022429854,-0.00205823825672,0.00189936952665,-0.00137867801823],[-0.0000604773485975,0.0000693574256729,0.000093589143944,-0.00101720634848,0.000488227291498,-0.00214529200457,-0.00088532367954,0.0118586942554,-0.0042252256535,0.000867133843713,0.00001019336014,-0.00117240461987,0.000211903417949],[0.000141117154271,-0.000277257029666,-0.000124175028759,0.000400870048907,-0.000640653888695,0.000260667235125,0.000507038494106,-0.0042252256535,0.0132902208716,-0.00563893094659,0.00143260473851,0.000846172741149,-0.00141726480797],[-0.00000539878192285,-0.00012559829338,0.000529195298441,-0.000267685914878,-0.000580058433115,-0.000043524272769,-0.000897022429854,0.000867133843713,-0.00563893094659,0.0172763224691,-0.00689785648137,0.00188674649689,-0.000689988431986],[0.0000866792324814,-0.000282247754512,-0.000814404455014,0.00113093294203,-0.00007040471246,-0.00161634897813,-0.00205823825672,0.00001019336014,0.00143260473851,-0.00689785648137,0.0182015486062,-0.00687114009634,0.00232720351778],[-0.000141064811032,0.0000193760333786,0.00171173305716,-0.00100428471342,0.000139454379678,0.000567806360777,0.00189936952665,-0.00117240461987,0.000846172741149,0.00188674649689,-0.00687114009634,0.0177341289818,-0.00367915537208],[-0.0000509435485583,-0.000108881227789,-0.000145561847603,0.000904263637494,0.000562264758628,0.00109292170964,-0.00137867801823,0.000211903417949,-0.00141726480797,-0.000689988431986,0.00232720351778,-0.00367915537208,0.0200513638556]],"mean":[-673.033874512,171.263687134,-7.69827508926,4.81190347672,0.129779264331,12.7156267166,11.4711608887,10.1570987701,12.4346408844,17.3034706116,6.54746294022,2.6655561924,2.8052239418]},"pitch_salience":{"dmean":0.0889854729176,"dmean2":0.141149997711,"dvar":0.00689189927652,"dvar2":0.0167432855815,"max":0.880526125431,"mean":0.471512198448,"median":0.494618982077,"min":0.026728220284,"var":0.0219999440014},"silence_rate_20dB":{"dmean":0,"dmean2":0,"dvar":0,"dvar2":0,"max":1,"mean":1,"median":1,"min":1,"var":0},"silence_rate_30dB":{"dmean":0.0895295888186,"dmean2":0.17907859385,"dvar":0.0815111249685,"dvar2":0.169129475951,"max":1,"mean":0.908637702465,"median":1,"min":0,"var":0.0830231383443},"silence_rate_60dB":{"dmean":0.00780403194949,"dmean2":0.0156097561121,"dvar":0.00774325430393,"dvar2":0.0171009842306,"max":1,"mean":0.0403164625168,"median":0,"min":0,"var":0.0386978015304},"spectral_centroid":{"dmean":147.014755249,"dmean2":228.109512329,"dvar":35409.78125,"dvar2":68212.2265625,"max":11034.3369141,"mean":945.18359375,"median":908.903747559,"min":81.5628890991,"var":152761.578125},"spectral_complexity":{"dmean":2.47626280785,"dmean2":4.02276420593,"dvar":5.46843957901,"dvar2":13.182390213,"max":45,"mean":17.5772190094,"median":18,"min":0,"var":63.8523635864},"spectral_contrast_coeffs":{"dmean":[0.0520965084434,0.0469059757888,0.0408433414996,0.0298304855824,0.0211182907224,0.0198992099613],"dmean2":[0.0858739390969,0.0777706056833,0.0669811517,0.0485044196248,0.0336409807205,0.0317451134324],"dvar":[0.00207285629585,0.00146040902473,0.00107640307397,0.000597935810219,0.000335094111506,0.000395550130634],"dvar2":[0.00496579473838,0.00384313287213,0.00284853833728,0.00156765175052,0.000784166331869,0.000938907498494],"max":[-0.44450828433,-0.435980349779,-0.493343442678,-0.554824113846,-0.610236227512,-0.617711365223],"mean":[-0.734241247177,-0.73860669136,-0.731545269489,-0.771339714527,-0.81059896946,-0.77751994133],"median":[-0.742127358913,-0.742284357548,-0.733141601086,-0.774464130402,-0.815604329109,-0.773470044136],"min":[-0.94853669405,-0.959184169769,-0.961758971214,-0.962820112705,-0.961119353771,-0.957330286503],"var":[0.00529835373163,0.00505081284791,0.00421088142321,0.00317918811925,0.00188969110604,0.00183114851825]},"spectral_contrast_valleys":{"dmean":[0.371877282858,0.383337646723,0.305773109198,0.270670324564,0.329986482859,0.400467634201],"dmean2":[0.600360274315,0.621808052063,0.497191518545,0.434884727001,0.475554227829,0.491857737303],"dvar":[0.129091128707,0.141241535544,0.0930975526571,0.0911412984133,0.211555436254,0.266331195831],"dvar2":[0.287458986044,0.322578758001,0.208212971687,0.19264306128,0.427764207125,0.455023914576],"max":[-5.01124382019,-4.60741949081,-5.09636068344,-5.7901930809,-6.14195108414,-8.60829639435],"mean":[-6.77440881729,-6.637362957,-6.90364027023,-7.59564256668,-8.20473670959,-11.1319942474],"median":[-6.59069871902,-6.44901323318,-6.62581348419,-7.3181014061,-7.8895611763,-10.9011297226],"min":[-27.3491783142,-27.4291172028,-27.5390434265,-27.3183937073,-27.2150630951,-27.3564014435],"var":[1.47821545601,1.57433128357,1.71758627892,1.63434481621,2.00631546974,2.21749544144]},"spectral_decrease":{"dmean":5.25093390991e-9,"dmean2":8.4503897213e-9,"dvar":5.21188173647e-17,"dvar2":1.17430159648e-16,"max":-4.73877876297e-16,"mean":-1.25584751487e-8,"median":-9.67416013964e-9,"min":-6.20926812189e-8,"var":1.00635355806e-16},"spectral_energy":{"dmean":0.0201206784695,"dmean2":0.0323868468404,"dvar":0.000752146181185,"dvar2":0.00169549533166,"max":0.235759958625,"mean":0.0492165572941,"median":0.0384266451001,"min":1.81924797449e-9,"var":0.00148634694051},"spectral_energyband_high":{"dmean":0.00010164786363,"dmean2":0.000148786464706,"dvar":2.75378546633e-8,"dvar2":5.68608271578e-8,"max":0.0027447307948,"mean":0.000244653783739,"median":0.000101938945591,"min":1.66769723031e-11,"var":1.01241077743e-7},"spectral_energyband_low":{"dmean":0.017730358988,"dmean2":0.0283702425659,"dvar":0.000755614193622,"dvar2":0.00169088132679,"max":0.23174905777,"mean":0.0294032674283,"median":0.0150451660156,"min":1.0799440231e-9,"var":0.00122996547725},"spectral_energyband_middle_high":{"dmean":0.00280472193845,"dmean2":0.00443783961236,"dvar":0.0000213710409298,"dvar2":0.0000503078044858,"max":0.102037414908,"mean":0.00938897952437,"median":0.00635293265805,"min":1.85447612128e-11,"var":0.000118207448395},"spectral_energyband_middle_low":{"dmean":0.00542658148333,"dmean2":0.00878484454006,"dvar":0.0000595353048993,"dvar2":0.000153287284775,"max":0.0804075449705,"mean":0.012358089909,"median":0.0101132886484,"min":2.69500168709e-11,"var":0.00010996011406},"spectral_entropy":{"dmean":0.175176784396,"dmean2":0.25563877821,"dvar":0.0380686856806,"dvar2":0.0760598108172,"max":9.79301261902,"mean":7.22821187973,"median":7.25458574295,"min":4.70334005356,"var":0.25420871377},"spectral_flux":{"dmean":0.0422230772674,"dmean2":0.0705792233348,"dvar":0.00231615733355,"dvar2":0.00550935976207,"max":0.389023005962,"mean":0.112817801535,"median":0.100355193019,"min":0.00000754982647777,"var":0.00455760583282},"spectral_kurtosis":{"dmean":5.6977314949,"dmean2":9.2657957077,"dvar":79.1868896484,"dvar2":201.732803345,"max":174.707672119,"mean":12.6810665131,"median":7.95529317856,"min":-1.20579946041,"var":245.306625366},"spectral_rms":{"dmean":0.00129378365818,"dmean2":0.00204141321592,"dvar":0.00000227411919695,"dvar2":0.00000483355370307,"max":0.0151660712436,"mean":0.00639369804412,"median":0.00612285966054,"min":0.0000013322447785,"var":0.00000713656845619},"spectral_rolloff":{"dmean":205.546127319,"dmean2":345.312652588,"dvar":94313.625,"dvar2":199100.578125,"max":6890.625,"mean":791.979492188,"median":818.26171875,"min":21.533203125,"var":255058.265625},"spectral_skewness":{"dmean":0.470845013857,"dmean2":0.747656822205,"dvar":0.350483000278,"dvar2":0.882297515869,"max":10.6214370728,"mean":2.35918140411,"median":2.11150884628,"min":-0.0182679053396,"var":1.26717758179},"spectral_spread":{"dmean":478755.28125,"dmean2":626537.9375,"dvar":427339710464,"dvar2":610530754560,"max":40393944,"mean":3217870,"median":2917074.5,"min":483091.875,"var":2553383747580},"spectral_strongpeak":{"dmean":0.559944033623,"dmean2":0.986585378647,"dvar":1.20022666454,"dvar2":3.05654335022,"max":11.1872434616,"mean":0.752160847187,"median":0.275919258595,"min":0,"var":1.75101006031},"zerocrossingrate":{"dmean":0.00554293952882,"dmean2":0.00641371309757,"dvar":0.0000447882921435,"dvar2":0.0000507391159772,"max":0.31591796875,"mean":0.0322845093906,"median":0.0322265625,"min":0,"var":0.000290089752525}},"metadata":{"audio_properties":{"analysis_sample_rate":44100,"bit_rate":0,"codec":"flac","downmix":"mix","equal_loudness":0,"length":214.221588135,"lossless":true,"md5_encoded":"e3f8496f3b6bd60b03dda54638094b38","replay_gain":-14.2615013123,"sample_rate":44100},"tags":{"acoustid_id":["7ceac252-35d3-445e-9d0d-c0522f287620"],"album":["Ash & Ice"],"albumartist":["The Kills"],"albumartistsort":["Kills, The"],"artist":["The Kills"],"artistsort":["Kills, The"],"catalognumber":["WIG289D"],"copyright":["(P) 2016 Domino Recording Co Ltd"],"date":["2016-05-03"],"discnumber":["1"],"disctotal":["1"],"file_name":"13 Whirling Eye.flac","genre":["Rock"],"label":["Domino"],"media":["Digital Media"],"musicbrainz_albumartistid":["2c629b8c-d751-4131-b785-5690bb5e0fd7"],"musicbrainz_albumid":["811065a6-c5eb-4e34-ba8f-3e09a4d7d99d"],"musicbrainz_artistid":["2c629b8c-d751-4131-b785-5690bb5e0fd7"],"musicbrainz_recordingid":["85dbfd83-32a0-48e9-b688-ccd8a8147985"],"musicbrainz_releasegroupid":["8595cf30-77c4-4635-80f2-6a1375763422"],"musicbrainz_releasetrackid":["c3fdedd8-866c-4634-b3ca-2b006aff7432"],"originaldate":["2016-05-03"],"originalyear":["2016"],"releasecountry":["XW"],"releasestatus":["official"],"releasetype":["album"],"script":["Latn"],"title":["Whirling Eye"],"totaldiscs":["1"],"totaltracks":["13"],"tracknumber":["13"],"tracktotal":["13"]},"version":{"essentia":"2.1-beta2","essentia_build_sha":"2d9f1f26377add8aeb1075a9c2973f962c4f09fd","essentia_git_sha":"v2.1_beta2-1-ge3940c0","extractor":"music 1.0"}},"rhythm":{"beats_count":469,"beats_loudness":{"dmean":0.0656882151961,"dmean2":0.129037886858,"dvar":0.00128547160421,"dvar2":0.00412820931524,"max":0.196766614914,"mean":0.088491730392,"median":0.0752455592155,"min":1.01186943269e-8,"var":0.00215558055788},"beats_loudness_band_ratio":{"dmean":[0.225483417511,0.040631107986,0.0959050655365,0.0976236313581,0.0229759253561,0.0179606135935],"dmean2":[0.444550484419,0.0784396529198