{"lowlevel":{"average_loudness":0.628696024418,"barkbands":{"dmean":[0.00152527866885,0.00291726016439,0.000868062430527,0.000480893882923,0.000783090654295,0.000636490236502,0.00119527836796,0.000655685318634,0.000650020490866,0.000565637252294,0.000880763574969,0.00134404923301,0.00104095682036,0.000776644970756,0.000572223390918,0.000309483177261,0.000229839395615,0.000208890938666,0.000162379088579,0.0000727612787159,0.0000439030300186,0.0000171546398633,0.00000397824805987,0.00000202336286748,0.00000154728490998,0.00000286188264909,0.00018543387705],"dmean2":[0.00244490313344,0.00477329455316,0.00147821451537,0.000822094269097,0.00130132981576,0.00103924784344,0.00191885989625,0.00108504446689,0.00105460861232,0.000937658245675,0.00148323748726,0.00223932624795,0.00173581601121,0.00129334465601,0.000934775569476,0.000502409762703,0.000365286919987,0.000320041552186,0.000246047216933,0.00010793072579,0.0000634697353235,0.0000262560824922,0.00000590190074945,0.00000319066953125,0.00000254556880463,0.00000423594610766,0.000298806262435],"dvar":[0.0000235889165197,0.000032917221688,0.00000206294089367,8.55191558458e-7,0.00000241798829848,0.00000213006137528,0.0000105584658741,0.00000349195534,0.00000296490179608,0.00000143176680467,0.00000241873021878,0.0000056505136854,0.00000256171233559,0.000001236876642,7.61495243751e-7,2.91111518891e-7,2.26463171771e-7,1.8980206562e-7,1.29360344658e-7,3.84076201954e-8,2.09319548361e-8,4.55825954759e-9,8.34388808046e-11,1.55334859558e-11,1.01763042437e-11,3.25147651858e-11,7.21861113107e-8],"dvar2":[0.0000505650714331,0.0000847137198434,0.00000559329282623,0.00000234580920733,0.00000630340400676,0.00000505014850205,0.0000257695446635,0.00000942058250075,0.00000677429852658,0.00000361856928066,0.0000063524489633,0.0000146640422827,0.00000644976535114,0.00000326421491081,0.0000018918835849,7.20219418326e-7,5.49485150714e-7,4.19764745629e-7,2.82016145547e-7,8.59005240272e-8,4.35244054131e-8,1.07058752974e-8,1.7508262895e-10,3.60443931646e-11,2.45155926809e-11,6.75440814391e-11,1.79263878408e-7],"max":[0.0853005349636,0.114514768124,0.0198485311121,0.0170054826885,0.0494358986616,0.0575989447534,0.0743345022202,0.0368579849601,0.0587067492306,0.0304147507995,0.051362387836,0.0631660670042,0.0527527034283,0.0189804062247,0.0147242285311,0.00780873652548,0.00828819721937,0.00856789946556,0.0114479828626,0.00828603468835,0.00287245609798,0.00177508953493,0.000173963373527,0.000152129214257,0.000129890308017,0.000143459517858,0.00720305833966],"mean":[0.00150810822379,0.00411637127399,0.00107756594662,0.000568025803659,0.0011379502248,0.000982226454653,0.00172168726567,0.000921981350984,0.000976803014055,0.000869896321092,0.00142876955215,0.00246254983358,0.00188949482981,0.0014193559764,0.00105509976856,0.000538653985132,0.000380994548323,0.000371031695977,0.000309694471071,0.000130161992274,0.0000696181814419,0.0000226679876505,0.00000587676686337,0.00000254106385,0.00000159858484494,0.00000431236458098,0.000647594337352],"median":[0.000342618412105,0.00241461745463,0.000570362899452,0.000280766136711,0.000582083128393,0.000404636608437,0.000437081645941,0.000219548383029,0.000354801304638,0.000440487114247,0.000835975690279,0.00115066790022,0.00133424159139,0.00101276673377,0.000687506748363,0.000311743700877,0.000152294102008,0.000121727724036,0.0000849221978569,0.0000279474697891,0.0000143005800055,0.00000525444238519,0.00000183296992873,9.6859957921e-7,5.81102199249e-7,0.00000171223359757,0.000525339564774],"min":[2.95330984683e-25,1.87750197063e-24,7.55128719876e-25,6.78203984083e-25,5.44980690954e-24,4.60154241157e-24,4.97213112104e-24,7.61313566866e-24,1.30783293102e-23,1.10252588509e-23,1.77979736656e-23,8.97753450198e-24,2.60335126998e-23,2.97606169975e-23,3.38528644977e-23,5.74938930229e-23,6.00757716569e-23,7.43213437386e-23,1.0420817217e-22,1.34779410012e-22,2.15324620168e-22,3.22021730536e-22,3.60800441318e-22,5.80048641059e-22,8.46290130582e-22,1.35336573003e-21,1.85803768923e-21],"var":[0.0000251654255408,0.0000367808461306,0.00000238903567151,8.88011356892e-7,0.00000346156457454,0.0000039113369894,0.000019780060029,0.00000577963692194,0.00000536866264156,0.0000021540911348,0.00000401517763748,0.0000132051945911,0.00000486696308144,0.00000221944583245,0.00000149851723563,4.87344038902e-7,4.00066795692e-7,4.16574124529e-7,3.60689881518e-7,9.77568603844e-8,3.44251489537e-8,4.97200858263e-9,1.36545177942e-10,2.06665726199e-11,1.08188137268e-11,5.70480329642e-11,3.68395745909e-7]},"barkbands_crest":{"dmean":2.3537569046,"dmean2":3.86356139183,"dvar":4.65404701233,"dvar2":11.7750549316,"max":26.1252555847,"mean":7.7816119194,"median":6.75499582291,"min":2.28067302704,"var":14.0619125366},"barkbands_flatness_db":{"dmean":0.0206194389611,"dmean2":0.0324234105647,"dvar":0.000370534573449,"dvar2":0.000930109119508,"max":0.568051993847,"mean":0.12506853044,"median":0.118704542518,"min":0.0355449728668,"var":0.00210000015795},"barkbands_kurtosis":{"dmean":3.88792705536,"dmean2":6.4352145195,"dvar":910.75567627,"dvar2":2249.89013672,"max":1628.90917969,"mean":7.70228862762,"median":1.07000207901,"min":-1.48538386822,"var":3602.46044922},"barkbands_skewness":{"dmean":0.426260471344,"dmean2":0.685761034489,"dvar":0.481600373983,"dvar2":1.20416080952,"max":32.7602958679,"mean":1.05726337433,"median":0.795834362507,"min":-2.17138528824,"var":3.70617222786},"barkbands_spread":{"dmean":5.79306936264,"dmean2":9.31928634644,"dvar":26.1670150757,"dvar2":65.8117370605,"max":80.9735183716,"mean":32.2025337219,"median":31.6735649109,"min":0.188497081399,"var":144.611236572},"dissonance":{"dmean":0.0123663311824,"dmean2":0.0214240476489,"dvar":0.000219770110562,"dvar2":0.000632508366834,"max":0.500000178814,"mean":0.483304828405,"median":0.487823963165,"min":0,"var":0.000264946575044},"dynamic_complexity":4.96743011475,"erbbands":{"dmean":[0.115878455341,0.589525341988,1.09619343281,1.20944333076,2.31696724892,2.66101646423,3.26275444031,6.04737091064,12.1466732025,21.8406066895,11.5601205826,14.1120796204,16.9267272949,21.0655670166,38.1894874573,54.8604049683,47.1690711975,38.6453170776,34.8483352661,20.7151451111,15.5833787918,12.2695560455,11.6411676407,9.83290672302,6.40850067139,3.23460817337,2.00460147858,1.52513372898,0.695196866989,0.22442483902,0.101028099656,0.0524416305125,0.0292461123317,0.017622878775,0.0109169892967,0.00684948218986,0.0055857594125,0.00700870668516,0.00595212541521,0.0043389601633],"dmean2":[0.189103201032,0.985253155231,1.84421825409,2.03078794479,3.93589830399,4.44078969955,5.40976047516,9.91990852356,19.8912963867,35.0767860413,18.9042110443,22.7494430542,27.8506774902,35.3454360962,63.8855247498,90.3423843384,78.313079834,64.0715637207,57.148525238,33.6855545044,25.0548019409,19.1769504547,17.8724460602,14.9620132446,9.56830501556,4.67022132874,2.91511940956,2.25986742973,1.0547747612,0.333393543959,0.150484904647,0.0804083570838,0.0470922589302,0.0288933943957,0.0179633740336,0.0110186021775,0.00822950713336,0.00977815967053,0.00844256393611,0.00683835195377],"dvar":[0.0744268074632,1.13235378265,3.30562329292,5.17248773575,21.1702671051,34.8829460144,59.5324058533,194.842010498,941.786499023,5455.76025391,980.498535156,1522.05090332,1760.48400879,1539.1385498,4330.25244141,10336.4775391,5269.71044922,3063.45947266,2745.50146484,1075.55114746,803.501464844,640.497253418,590.475952148,457.952392578,220.940002441,73.6198348999,33.8780403137,35.7693710327,7.18658208847,0.440552979708,0.0486701019108,0.0101664941758,0.00343288388103,0.00133319478482,0.000496675318573,0.000176756017026,0.000121680495795,0.00050043722149,0.000189223108464,0.0000373631191906],"dvar2":[0.186746761203,3.02321910858,8.82382488251,13.948343277,56.6346244812,88.8736572266,140.605636597,444.211914062,2227.4831543,13835.8144531,2611.63232422,3536.1003418,4384.12207031,4042.28930664,11565.5712891,26692.9863281,13138.2724609,7927.27392578,7094.73583984,2627.10083008,1952.0604248,1505.77124023,1304.96459961,1023.80145264,459.752807617,154.990356445,69.967590332,80.6603622437,16.6975383759,0.976897835732,0.101278990507,0.0225053336471,0.00817726366222,0.00321022770368,0.00119445647579,0.000422226730734,0.00024613091955,0.00103045580909,0.000364858104149,0.000092538582976],"max":[5.02418613434,18.5870990753,26.0215778351,52.9744758606,98.8106231689,184.899963379,406.854064941,557.880859375,983.179016113,1729.87634277,602.089904785,1252.17089844,1417.12475586,1017.86322021,1790.09472656,2743.51928711,2539.99804688,1139.36352539,945.425292969,510.222351074,416.899963379,466.506103516,491.36895752,546.09942627,642.101928711,327.759033203,165.191329956,113.814414978,60.4768676758,13.78083992,4.62379598618,3.36115694046,2.40430784225,1.52155697346,0.887166500092,0.560749530792,0.257106512785,0.452148854733,0.389982610941,0.178652390838],"mean":[0.149873271585,0.789316415787,1.43498957157,1.62289261818,2.96858358383,3.61911296844,4.87620449066,9.27375221252,17.7873134613,31.6428699493,18.2595500946,21.5472984314,26.6109886169,37.4300460815,70.4909820557,103.437286377,92.0639953613,75.9083023071,66.8604507446,40.93126297,27.7196178436,21.8520851135,21.1444606781,18.476940155,12.4560098648,5.98915529251,3.36705851555,2.20236063004,0.933254957199,0.320406109095,0.148657530546,0.0711362287402,0.0344260260463,0.0185603275895,0.0113050732762,0.00813626591116,0.0086667612195,0.0124766137451,0.0178794562817,0.0205132961273],"median":[0.0704146921635,0.45160189271,0.789050936699,0.919478178024,1.43912160397,1.69350707531,2.44634175301,3.63566660881,6.11023855209,5.90502595901,5.3082408905,8.20956516266,12.0674066544,22.4058456421,41.4455757141,49.509727478,65.7088012695,56.0175743103,46.4513397217,27.1428718567,15.394317627,9.04586982727,6.96166372299,5.76239538193,3.04929852486,1.31722140312,0.733501791954,0.435223817825,0.213614195585,0.0911228582263,0.0479733981192,0.0259537920356,0.0132337743416,0.00693334871903,0.00411151815206,0.00354385888204,0.00348790711723,0.00423456216231,0.00850392691791,0.0184683762491],"min":[9.88052196539e-23,4.87086848607e-22,1.67183884867e-21,4.32051337728e-21,6.48526725465e-21,2.05773568926e-20,4.3786647398e-20,8.79455583833e-20,1.12396849269e-19,1.59537083972e-19,2.39008642269e-19,3.04923201465e-19,4.0687628804e-19,8.4816292767e-19,8.05634160258e-19,7.85628176758e-19,1.42105441635e-18,1.69773020122e-18,2.15597264754e-18,2.86959004739e-18,3.90171086056e-18,4.02993874476e-18,4.84378561942e-18,5.89401217543e-18,6.81364635146e-18,7.30420167783e-18,8.89363915102e-18,9.69310507715e-18,1.14781401595e-17,1.0297985036e-17,1.15351047796e-17,1.07884369648e-17,9.45282317127e-18,7.91755196613e-18,6.12772916237e-18,4.13645644659e-18,2.33341571024e-18,9.64171544762e-19,2.33797016669e-19,2.64731917217e-20],"var":[0.0781116634607,1.22665524483,3.95117330551,5.73941707611,24.7939910889,48.7304573059,95.7979888916,365.873321533,1521.26049805,9913.37109375,1907.25488281,2645.64038086,2906.00585938,2594.74121094,8246.2890625,23531.734375,11050.1464844,5924.64990234,5309.6640625,2154.45263672,1347.49963379,1267.06677246,1328.78857422,1099.14318848,702.433837891,202.409835815,67.4773025513,46.0210990906,8.11472034454,0.571832478046,0.0824891552329,0.0160171166062,0.00404712744057,0.00142355263233,0.000531887635589,0.000207127639442,0.000224590155995,0.000763754418585,0.000786508608144,0.000257265317487]},"erbbands_crest":{"dmean":2.42067050934,"dmean2":4.0851559639,"dvar":5.18827962875,"dvar2":13.7436981201,"max":30.6029071808,"mean":8.62768745422,"median":7.94095897675,"min":2.13472628593,"var":11.2942113876},"erbbands_flatness_db":{"dmean":0.0221205949783,"dmean2":0.0342064797878,"dvar":0.000343859661371,"dvar2":0.000818519329187,"max":0.385243505239,"mean":0.190069779754,"median":0.189901381731,"min":0.0286086443812,"var":0.00193860183936},"erbbands_kurtosis":{"dmean":1.10730946064,"dmean2":1.82715904713,"dvar":1.61032521725,"dvar2":4.19922971725,"max":32.3859558105,"mean":1.67189764977,"median":1.36771249771,"min":-1.70355033875,"var":3.44146180153},"erbbands_skewness":{"dmean":0.32161450386,"dmean2":0.520261466503,"dvar":0.0822113007307,"dvar2":0.208510234952,"max":5.46243524551,"mean":-0.482979357243,"median":-0.541191160679,"min":-2.88248467445,"var":0.329169154167},"erbbands_spread":{"dmean":3.6155807972,"dmean2":5.8249540329,"dvar":13.7386789322,"dvar2":35.6631011963,"max":125.088378906,"mean":17.0538482666,"median":15.438747406,"min":1.81783545017,"var":82.1034088135},"gfcc":{"cov":[[38430.5898438,2581.32641602,-3791.70825195,-526.715393066,295.156097412,-1011.7043457,420.711547852,-598.016845703,68.3673553467,-126.509048462,139.327911377,-232.31060791,-92.8181915283],[2581.32641602,935.781799316,-265.967712402,-342.40411377,166.275299072,-84.477142334,3.55582404137,-106.806533813,28.5422344208,-52.6649703979,63.562828064,-70.9874267578,61.6961669922],[-3791.70825195,-265.967712402,727.866760254,112.592926025,-80.338722229,303.253326416,-112.177452087,103.001403809,3.62007427216,34.8441543579,-18.657957077,49.7784843445,9.50078773499],[-526.715393066,-342.40411377,112.592926025,430.339141846,90.181350708,-28.6477680206,118.742042542,46.2566680908,-1.64146578312,1.31096756458,-31.6256828308,39.2987823486,-35.0760765076],[295.156097412,166.275299072,-80.338722229,90.181350708,269.500579834,-64.6803588867,95.6717147827,-8.30722332001,-8.20062446594,-42.993183136,20.0173435211,-24.3326225281,34.0346908569],[-1011.7043457,-84.477142334,303.253326416,-28.6477680206,-64.6803588867,315.688903809,-99.5610275269,42.0750198364,-9.64654445648,12.6960067749,-12.2360725403,36.1970481873,8.28890895844],[420.711547852,3.55582404137,-112.177452087,118.742042542,95.6717147827,-99.5610275269,186.990783691,1.89781069756,45.4243469238,-0.461255788803,-3.19743347168,-1.11733627319,-17.1211166382],[-598.016845703,-106.806533813,103.001403809,46.2566680908,-8.30722332001,42.0750198364,1.89781069756,145.890426636,24.9989433289,32.6678009033,3.18889641762,-18.0097980499,0.695949077606],[68.3673553467,28.5422344208,3.62007427216,-1.64146578312,-8.20062446594,-9.64654445648,45.4243469238,24.9989433289,94.4839630127,37.2551269531,10.7084760666,4.2889289856,-19.7155323029],[-126.509048462,-52.6649703979,34.8441543579,1.31096756458,-42.993183136,12.6960067749,-0.461255788803,32.6678009033,37.2551269531,67.0429534912,23.499622345,9.59304237366,-5.10309410095],[139.327911377,63.562828064,-18.657957077,-31.6256828308,20.0173435211,-12.2360725403,-3.19743347168,3.18889641762,10.7084760666,23.499622345,60.8781585693,17.1769142151,14.3011245728],[-232.31060791,-70.9874267578,49.7784843445,39.2987823486,-24.3326225281,36.1970481873,-1.11733627319,-18.0097980499,4.2889289856,9.59304237366,17.1769142151,66.2600097656,6.89136791229],[-92.8181915283,61.6961669922,9.50078773499,-35.0760765076,34.0346908569,8.28890895844,-17.1211166382,0.695949077606,-19.7155323029,-5.10309410095,14.3011245728,6.89136791229,59.203918457]],"icov":[[0.0000858977437019,-0.000289405114017,0.000575715035666,-0.000391336827306,0.00026221681037,-0.000309654744342,0.000112243564217,4.42377029231e-7,-0.0000147145874507,-0.000115493669,-0.0000462967109343,0.0000853999736137,0.0000234698054555],[-0.000289405114017,0.00381914968602,-0.00179029325955,0.00311684049666,-0.00229038530961,0.000741962168831,-0.000525650102645,0.00172429392114,-0.00229760515504,0.00251873047091,-0.00234195613302,0.00233530509286,-0.00151335389819],[0.000575715035666,-0.00179029325955,0.00682165799662,-0.00391321722418,0.0020521231927,-0.00443081464618,0.00212548580021,-0.000699188211001,-0.00128593028057,-0.000648811052088,-0.000267934170552,0.000675341987517,-0.00107941951137],[-0.000391336827306,0.00311684049666,-0.00391321722418,0.00892699696124,-0.00552740320563,0.00324311922304,-0.00282175838947,-0.00157068914268,0.00260033737868,-0.00159856886603,0.00435985997319,-0.00618585012853,0.00437627872452],[0.00026221681037,-0.00229038530961,0.0020521231927,-0.00552740320563,0.0108759980649,-0.00236690416932,-0.00303112110123,0.000918459205423,-0.00111184106208,0.00640239519998,-0.00757308164611,0.00746916187927,-0.0064729694277],[-0.000309654744342,0.000741962168831,-0.00443081464618,0.00324311922304,-0.00236690416932,0.00796975474805,0.00133606465533,-0.00188530085143,0.00133472809102,-0.00106716959272,0.00414598127827,-0.0058189057745,0.0020555164665],[0.000112243564217,-0.000525650102645,0.00212548580021,-0.00282175838947,-0.00303112110123,0.00133606465533,0.0119253816083,-0.000518651213497,-0.00544075481594,-0.000679136312101,0.00294252601452,-0.00233483407646,0.0014117321698],[4.42377029231e-7,0.00172429392114,-0.000699188211001,-0.00157068914268,0.000918459205423,-0.00188530085143,-0.000518651213497,0.0120008476079,-0.00403111428022,-0.00101493380498,-0.00482517899945,0.0100637720898,-0.00460541853681],[-0.0000147145874507,-0.00229760515504,-0.00128593028057,0.00260033737868,-0.00111184106208,0.00133472809102,-0.00544075481594,-0.00403111428022,0.0215458218008,-0.0122161647305,0.00483291083947,-0.00721229333431,0.0088385976851],[-0.000115493669,0.00251873047091,-0.000648811052088,-0.00159856886603,0.00640239519998,-0.00106716959272,-0.000679136312101,-0.00101493380498,-0.0122161647305,0.0332067497075,-0.0172067862004,0.0073678214103,-0.00527146458626],[-0.0000462967109343,-0.00234195613302,-0.000267934170552,0.00435985997319,-0.00757308164611,0.00414598127827,0.00294252601452,-0.00482517899945,0.00483291083947,-0.0172067862004,0.0351269841194,-0.01865423657,0.00348722795025],[0.0000853999736137,0.00233530509286,0.000675341987517,-0.00618585012853,0.00746916187927,-0.0058189057745,-0.00233483407646,0.0100637720898,-0.00721229333431,0.0073678214103,-0.01865423657,0.0351248569787,-0.0116948112845],[0.0000234698054555,-0.00151335389819,-0.00107941951137,0.00437627872452,-0.0064729694277,0.0020555164665,0.0014117321698,-0.00460541853681,0.0088385976851,-0.00527146458626,0.00348722795025,-0.0116948112845,0.0281742587686]],"mean":[-56.081489563,105.650444031,-120.671630859,-19.8982696533,5.66771316528,-11.3043403625,1.95850074291,-18.8971824646,-2.69097828865,-5.40680027008,4.49040699005,-5.69511127472,-3.66030454636]},"hfc":{"dmean":22.2814750671,"dmean2":35.0951881409,"dvar":927.290649414,"dvar2":2333.23071289,"max":1054.97241211,"mean":98.7088699341,"median":90.6942367554,"min":1.0615581363e-16,"var":4967.99072266},"melbands":{"dmean":[0.000947076710872,0.000632640265394,0.000224456758588,0.000182005402166,0.000110055574623,0.000135485242936,0.000198296533199,0.000217428707401,0.0000926789289224,0.0000940199824981,0.0000862710221554,0.0000846150360303,0.000127871055156,0.000148148174048,0.000140066767926,0.0000939607198234,0.0000769493344706,0.0000624370150035,0.0000378368131351,0.0000240955614572,0.000018736018319,0.0000136357557494,0.0000118277448564,0.0000104176015157,0.00000852704033605,0.00000577547734792,0.00000381467089028,0.00000191330832422,0.00000133385151457,0.00000111488941457,8.72024429555e-7,4.75117730048e-7,1.84851856488e-7,1.03234846449e-7,6.25048031111e-8,4.09285441094e-8,2.89743038451e-8,2.13236894808e-8,1.70102616437e-8,1.41689371347e-8],"dmean2":[0.00151476426981,0.00105031288695,0.000374941970222,0.000304117944324,0.000182278716238,0.000221621870878,0.000321955565596,0.000350942544173,0.000152959837578,0.000151751839439,0.000142285294714,0.0001417411695,0.000214672531001,0.000248063588515,0.000231473735766,0.000157494854648,0.000128497253172,0.000103443824628,0.000061755265051,0.0000394394337491,0.0000304328677885,0.0000216866083065,0.0000186459328688,0.000016178810256,0.0000132523628054,0.00000889928014658,0.00000575805825065,0.00000284012708107,0.00000198726797862,0.00000165920562267,0.0000013345180605,7.33865135771e-7,2.81179922013e-7,1.54653605478e-7,9.40099340596e-8,6.24301748076e-8,4.53663133726e-8,3.44254260654e-8,2.7734017749e-8,2.3342510147e-8],"dvar":[0.00000430960744779,0.00000107310836484,1.62140139537e-7,1.3833198409e-7,5.79727377215e-8,9.81525758448e-8,2.41602947426e-7,5.12928522767e-7,6.70879956033e-8,6.57297718476e-8,4.48520793839e-8,2.65898094653e-8,5.05337212076e-8,7.31266780463e-8,6.77282585571e-8,1.88535196344e-8,1.22653824874e-8,8.88190321291e-9,3.55861073942e-9,1.69374958503e-9,1.22866172791e-9,7.82732989535e-10,6.07950023657e-10,4.8782955453e-10,3.59439283892e-10,1.84651821611e-10,1.02455204043e-10,3.0569012599e-11,1.56325646872e-11,1.38423526114e-11,1.36465639136e-11,3.59455802797e-12,3.8063378404e-13,7.89345870025e-14,1.90560136166e-14,6.60668207628e-15,3.09586180002e-15,1.82366828819e-15,1.23377876773e-15,8.63694350025e-16],"dvar2":[0.0000102942740341,0.00000282467067336,4.3718492293e-7,3.60179058134e-7,1.38937551242e-7,2.26020461014e-7,5.71784369185e-7,0.00000131388128466,1.76713442102e-7,1.49259818727e-7,1.11466825103e-7,6.96002189216e-8,1.32473388703e-7,1.94639497408e-7,1.69065202726e-7,4.84940514411e-8,3.22781090745e-8,2.35641390844e-8,8.63356497405e-9,4.2672181344e-9,3.0308873189e-9,1.90301174818e-9,1.41887490646e-9,1.11602560526e-9,8.43036640497e-10,4.21633977732e-10,2.36472813553e-10,6.58810644927e-11,3.41102250612e-11,2.99919915292e-11,3.21589421759e-11,8.5232558858e-12,8.84882336676e-13,1.76015696159e-13,4.01490398273e-14,1.44745292954e-14,7.02247615053e-15,4.3653880051e-15,2.97532350591e-15,2.07780845379e-15],"max":[0.0394030585885,0.0136504676193,0.00778266601264,0.00860979501158,0.0107467910275,0.0124371610582,0.0127303246409,0.0167997572571,0.0051405839622,0.00941187422723,0.00730871642008,0.00439221598208,0.00670724827796,0.0059166722931,0.01331488695,0.00259702210315,0.00201946450397,0.00180462619755,0.00106706179213,0.000741619092878,0.000481812516227,0.000512092490681,0.000464542390546,0.000506606767885,0.000534997670911,0.000614291697275,0.00054371333681,0.000158163122251,0.000111743225716,0.0000859015781316,0.000082839265815,0.000048027253797,0.0000151533185999,0.00000532070407644,0.00000277893104794,0.00000227771442951,0.00000192434504243,0.00000174130536834,0.00000149998720644,0.00000119619210182],"mean":[0.00131166691426,0.000885940273292,0.000321474042721,0.000246398063609,0.00016805435007,0.000211237755138,0.000294199126074,0.000317458820064,0.000138892442919,0.000140033487696,0.000130814369186,0.00014094648941,0.000218737244722,0.00026637915289,0.000254097772995,0.000171948311618,0.000136685324833,0.000111522662337,0.0000695243288646,0.0000422947377956,0.0000301269865304,0.0000223125407501,0.0000202158080356,0.000017612335796,0.0000149629386215,0.0000104151213236,0.00000681660458213,0.00000322259484165,0.00000211812539419,0.00000167460621014,0.00000115829300285,6.05452328273e-7,2.45617911787e-7,1.4499718759e-7,9.01210981397e-8,5.69356721769e-8,3.73146988863e-8,2.49786555884e-8,1.8491435938e-8,1.44747343001e-8],"median":[0.000688323925715,0.000538695894647,0.000192059625988,0.000119330121379,0.0000855523176142,0.0000834392558318,0.0000935521311476,0.0000592205178691,0.0000414687201555,0.0000517986045452,0.0000577926293772,0.0000816850370029,0.000130259577418,0.000123487683595,0.000146516424138,0.000123597012134,0.0000960142278927,0.0000757318848628,0.0000450896259281,0.0000264320351562,0.0000150470850713,0.00000904036915017,0.00000678119840813,0.00000553399240744,0.00000455884810435,0.00000259015450865,0.00000143739794112,6.79950801441e-7,4.53108157217e-7,3.36249172506e-7,2.19516266498e-7,1.321767229e-7,6.31637604442e-8,4.12443625919e-8,2.8213108294e-8,1.95361806732e-8,1.36151854235e-8,9.4245615756e-9,6.83372824994e-9,5.06907849029e-9],"min":[1.70266376998e-24,7.49316688549e-25,1.02312715331e-24,8.78161833237e-25,1.80430987812e-24,1.8490246836e-24,1.64208684524e-24,1.65194731074e-24,1.91530122698e-24,1.62407419255e-24,1.88731914738e-24,2.79920054419e-24,3.09110313938e-24,1.57199093318e-24,2.52041591699e-24,2.1703821617e-24,3.01220935746e-24,3.13762009759e-24,2.95260046367e-24,2.9179367322e-24,3.57244890602e-24,3.57815828682e-24,4.05789615772e-24,3.89989481258e-24,3.52787195399e-24,5.13529319422e-24,3.7014856453e-24,4.01858840211e-24,4.38359828726e-24,4.26662993653e-24,4.91808192169e-24,5.17805497731e-24,5.32144937949e-24,5.10247855271e-24,6.04035922724e-24,5.83504042728e-24,5.98861350173e-24,5.61986796576e-24,5.44706719561e-24,6.05113585606e-24],"var":[0.00000503052706335,0.0000013268213479,1.9524888728e-7,1.79908624887e-7,9.97192586283e-8,1.86106390743e-7,4.34046825148e-7,9.35567811666e-7,1.21368771033e-7,1.17007701306e-7,7.28512361547e-8,4.20203107865e-8,8.90548648158e-8,1.60499638469e-7,1.2773014646e-7,3.54139757519e-8,2.16053877011e-8,1.56624828662e-8,6.82226763971e-9,2.78723399916e-9,1.89431248465e-9,1.39143241373e-9,1.20907184264e-9,1.0112128912e-9,7.60643437125e-10,4.74061678801e-10,2.60748339587e-10,6.98577168334e-11,2.87840948993e-11,2.10425409736e-11,1.55968293836e-11,3.84800828354e-12,4.35197450993e-13,1.0610236241e-13,3.16254828044e-14,1.08727783382e-14,4.49245522916e-15,2.14972451563e-15,1.33553251805e-15,9.15480620931e-16]},"melbands_crest":{"dmean":3.71802830696,"dmean2":6.14441728592,"dvar":11.4457654953,"dvar2":28.5900535583,"max":39.179309845,"mean":12.1778001785,"median":10.8239507675,"min":1.51655960083,"var":36.4398765564},"melbands_flatness_db":{"dmean":0.0278302393854,"dmean2":0.0433469712734,"dvar":0.000610392075032,"dvar2":0.0015217877226,"max":0.716823816299,"mean":0.218017324805,"median":0.216040119529,"min":0.00258638383821,"var":0.00379523239098},"melbands_kurtosis":{"dmean":7.69404792786,"dmean2":12.2672014236,"dvar":5451.69384766,"dvar2":13061.2675781,"max":3458.53515625,"mean":10.9597740173,"median":-0.188998699188,"min":-1.72054004669,"var":11823.3339844},"melbands_skewness":{"dmean":0.580249130726,"dmean2":0.9303150177,"dvar":0.975829660892,"dvar2":2.35487651825,"max":44.5982551575,"mean":1.20271098614,"median":0.838436484337,"min":-2.56761860847,"var":5.4651594162},"melbands_spread":{"dmean":6.87338638306,"dmean2":10.9108562469,"dvar":42.0928764343,"dvar2":103.461341858,"max":160.030273438,"mean":34.7709579468,"median":32.7543563843,"min":0.0421714037657,"var":312.487609863},"mfcc":{"cov":[[15830.5732422,3314.46020508,-2347.72363281,697.116271973,-474.941986084,148.800994873,-29.032875061,-53.9522285461,-144.660369873,9.62203788757,49.2201271057,93.5592422485,-25.5482025146],[3314.46020508,2100.08959961,-639.574584961,-194.339157104,70.3423156738,36.0226478577,31.2643508911,-91.7614898682,-47.9621963501,-37.1448783875,-5.44183635712,-0.506742537022,23.7553634644],[-2347.72363281,-639.574584961,800.539489746,-249.585906982,113.839927673,72.5299301147,-41.740776062,50.7015304565,9.61909103394,27.5557785034,-9.20112133026,1.52420139313,26.6976528168],[697.116271973,-194.339157104,-249.585906982,523.477294922,-43.0254707336,0.499623626471,76.1158752441,52.6112518311,41.640914917,20.0485019684,38.2267303467,8.13721847534,-39.5196876526],[-474.941986084,70.3423156738,113.839927673,-43.0254707336,205.686538696,36.1105117798,60.719707489,26.5911006927,9.27612113953,-8.42840099335,-12.3252477646,-13.8975381851,2.6343767643],[148.800994873,36.0226478577,72.5299301147,0.499623626471,36.1105117798,166.869186401,16.54870224,41.3407440186,-7.95044708252,-7.26189088821,-21.0505657196,-5.56694746017,3.10679602623],[-29.032875061,31.2643508911,-41.740776062,76.1158752441,60.719707489,16.54870224,108.695526123,28.6370754242,26.1122531891,-6.34687137604,3.08892059326,-7.85832691193,-8.99456501007],[-53.9522285461,-91.7614898682,50.7015304565,52.6112518311,26.5911006927,41.3407440186,28.6370754242,85.3724594116,26.761089325,20.0081100464,7.30067586899,2.85308480263,-4.55289363861],[-144.660369873,-47.9621963501,9.61909103394,41.640914917,9.27612113953,-7.95044708252,26.1122531891,26.761089325,75.2997131348,32.8951721191,24.2520503998,6.36385440826,-9.13718891144],[9.62203788757,-37.1448783875,27.5557785034,20.0485019684,-8.42840099335,-7.26189088821,-6.34687137604,20.0081100464,32.8951721191,69.9445800781,37.0059280396,17.4494762421,5.15747070312],[49.2201271057,-5.44183635712,-9.20112133026,38.2267303467,-12.3252477646,-21.0505657196,3.08892059326,7.30067586899,24.2520503998,37.0059280396,60.872959137,31.2854938507,4.60967111588],[93.5592422485,-0.506742537022,1.52420139313,8.13721847534,-13.8975381851,-5.56694746017,-7.85832691193,2.85308480263,6.36385440826,17.4494762421,31.2854938507,51.5942344666,26.5163383484],[-25.5482025146,23.7553634644,26.6976528168,-39.5196876526,2.6343767643,3.10679602623,-8.99456501007,-4.55289363861,-9.13718891144,5.15747070312,4.60967111588,26.5163383484,50.5184440613]],"icov":[[0.000175364606548,-0.000214749816223,0.000309407070745,-0.000155149231432,0.000252859899774,-0.000239135188167,0.000182291842066,-0.000262579269474,0.000343480351148,-0.000307465321384,0.000205167350941,-0.000380393117666,0.000189551414223],[-0.000214749816223,0.00125263805967,0.000839244050439,0.00105675996747,-0.00110616302118,-0.000486558041302,-0.000246602285188,0.000813514459878,-0.000291210657451,0.000167941820109,-0.000992821878754,0.000615142809693,-0.00049955357099],[0.000309407070745,0.000839244050439,0.00387796177529,0.00158194208052,-0.00147036463022,-0.00182369304821,0.0014182877494,-0.00109711254481,0.000392461341107,-0.00122823321726,-0.000683352700435,-0.000302639586153,-0.000289987161523],[-0.000155149231432,0.00105675996747,0.00158194208052,0.00389615702443,-0.000153143962962,-0.0006070289528,-0.00182412611321,-0.00101771217305,-0.000181405834155,-0.0000923052648432,-0.00182097125798,-0.000361097074347,0.00159762322437],[0.000252859899774,-0.00110616302118,-0.00147036463022,-0.000153143962962,0.00820096023381,-0.000156838839757,-0.00442298641428,-0.00138220447116,0.00063022505492,0.00000451783671451,0.000973080226686,0.000717280898243,-0.000376547191991],[-0.000239135188167,-0.000486558041302,-0.00182369304821,-0.0006070289528,-0.000156838839757,0.00864267256111,-0.000831542769447,-0.00380754540674,0.00113335868809,0.000433929380961,0.00334624387324,-0.000648998015095,-0.000221765425522],[0.000182291842066,-0.000246602285188,0.0014182877494,-0.00182412611321,-0.00442298641428,-0.000831542769447,0.016026943922,-0.00304126786068,-0.00452396273613,0.00446955673397,-0.0026056880597,0.00265846052207,-0.00153931125533],[-0.000262579269474,0.000813514459878,-0.00109711254481,-0.00101771217305,-0.00138220447116,-0.00380754540674,-0.00304126786068,0.0190536323935,-0.00379742030054,-0.00383224803954,0.00142736209091,-0.00121973792557,0.00096463720547],[0.000343480351148,-0.000291210657451,0.000392461341107,-0.000181405834155,0.00063022505492,0.00113335868809,-0.00452396273613,-0.00379742030054,0.0218397788703,-0.00865883473307,-0.0017214565305,-0.00194447103422,0.00472286902368],[-0.000307465321384,0.000167941820109,-0.00122823321726,-0.0000923052648432,0.00000451783671451,0.000433929380961,0.00446955673397,-0.00383224803954,-0.00865883473307,0.0276039801538,-0.0148993460461,0.00476339831948,-0.0047590280883],[0.000205167350941,-0.000992821878754,-0.000683352700435,-0.00182097125798,0.000973080226686,0.00334624387324,-0.0026056880597,0.00142736209091,-0.0017214565305,-0.0148993460461,0.0394531525671,-0.0230242367834,0.00861020758748],[-0.000380393117666,0.000615142809693,-0.000302639586153,-0.000361097074347,0.000717280898243,-0.000648998015095,0.00265846052207,-0.00121973792557,-0.00194447103422,0.00476339831948,-0.0230242367834,0.0449205748737,-0.0225534643978],[0.000189551414223,-0.00049955357099,-0.000289987161523,0.00159762322437,-0.000376547191991,-0.000221765425522,-0.00153931125533,0.00096463720547,0.00472286902368,-0.0047590280883,0.00861020758748,-0.0225534643978,0.0337670743465]],"mean":[-698.178833008,170.235733032,-53.2966957092,12.9253902435,6.80158472061,18.1264476776,10.2543354034,2.66811108589,-2.27163624763,2.47678303719,4.59432411194,3.88819670677,2.63528966904]},"pitch_salience":{"dmean":0.0665622651577,"dmean2":0.108885988593,"dvar":0.00354557577521,"dvar2":0.0089604286477,"max":0.983449399471,"mean":0.630083858967,"median":0.652110219002,"min":0.0204653963447,"var":0.0131875453517},"silence_rate_20dB":{"dmean":0,"dmean2":0,"dvar":0,"dvar2":0,"max":1,"mean":1,"median":1,"min":1,"var":0},"silence_rate_30dB":{"dmean":0.00557491276413,"dmean2":0.0111507968977,"dvar":0.0055436338298,"dvar2":0.0143360262737,"max":1,"mean":0.994773983955,"median":1,"min":0,"var":0.00519850570709},"silence_rate_60dB":{"dmean":0.00888501759619,"dmean2":0.0177715830505,"dvar":0.00880556181073,"dvar2":0.0204175375402,"max":1,"mean":0.127340823412,"median":0,"min":0,"var":0.111119039357},"spectral_centroid":{"dmean":184.980178833,"dmean2":273.989837646,"dvar":45200.3671875,"dvar2":91297.1875,"max":12185.1064453,"mean":1552.64624023,"median":1300.83129883,"min":88.7453460693,"var":1663343.25},"spectral_complexity":{"dmean":3.52822303772,"dmean2":5.22641324997,"dvar":13.9173803329,"dvar2":26.2270088196,"max":64,"mean":24.5976829529,"median":25,"min":0,"var":155.199966431},"spectral_contrast_coeffs":{"dmean":[0.0482757799327,0.0469909347594,0.0364220403135,0.0274722259492,0.0211655348539,0.0388724245131],"dmean2":[0.0803390443325,0.0787842050195,0.0617937110364,0.0466553233564,0.0350782833993,0.0601596347988],"dvar":[0.0014553257497,0.00148879399057,0.000861219770741,0.000458947120933,0.000323112966726,0.0013340250589],"dvar2":[0.00396502390504,0.00405258079991,0.00240294495597,0.00132923235651,0.000859151419718,0.00305586587638],"max":[-0.36517599225,-0.460488110781,-0.589892923832,-0.615959942341,-0.67744165659,-0.487111836672],"mean":[-0.730580031872,-0.787653684616,-0.811255812645,-0.80768674612,-0.798880755901,-0.765268683434],"median":[-0.732468485832,-0.795997679234,-0.812571585178,-0.804518222809,-0.791004955769,-0.770565509796],"min":[-0.984186768532,-0.981608211994,-0.978218376637,-0.975889444351,-0.968162536621,-0.964796841145],"var":[0.00560287339613,0.00549058336765,0.00315497396514,0.00201671314426,0.00203927000985,0.00590440724045]},"spectral_contrast_valleys":{"dmean":[0.397671788931,0.348773926497,0.290242344141,0.249334082007,0.293973952532,0.593632161617],"dmean2":[0.652070045471,0.57379668951,0.474366664886,0.392507225275,0.418050944805,0.937387764454],"dvar":[0.117158405483,0.0931167304516,0.0705652013421,0.0636447295547,0.122743934393,0.265259981155],"dvar2":[0.281390458345,0.222402408719,0.157310381532,0.124905534089,0.231249168515,0.680182039738],"max":[-5.43819570541,-4.70213937759,-4.82181930542,-5.17679309845,-5.29539728165,-8.58494091034],"mean":[-7.69923114777,-7.16428852081,-7.05474853516,-7.18956327438,-8.21879291534,-11.844083786],"median":[-7.06215858459,-6.55135631561,-6.39670658112,-6.5050444603,-7.67292881012,-11.3899831772],"min":[-28.3296508789,-28.1511325836,-27.8324642181,-27.6826725006,-27.5920619965,-27.4647808075],"var":[7.89960718155,8.40083789825,8.48224830627,8.48861026764,7.97633457184,5.30662059784]},"spectral_decrease":{"dmean":1.98016403274e-9,"dmean2":2.98629032613e-9,"dvar":8.51128732057e-18,"dvar2":1.8085683708e-17,"max":4.84782569643e-9,"mean":-4.96462249089e-9,"median":-3.79444120568e-9,"min":-4.2019696167e-8,"var":2.29031455452e-17},"spectral_energy":{"dmean":0.0080925328657,"dmean2":0.0120834344998,"dvar":0.000138791976497,"dvar2":0.000289888033876,"max":0.185897901654,"mean":0.0276908632368,"median":0.0233642421663,"min":9.93826486709e-21,"var":0.00049021752784},"spectral_energyband_high":{"dmean":0.000152816821355,"dmean2":0.0002214807173,"dvar":1.18170390806e-7,"dvar2":2.35595990716e-7,"max":0.00793321151286,"mean":0.000419777235948,"median":0.000220714355237,"min":6.79442843197e-21,"var":3.78993235017e-7},"spectral_energyband_low":{"dmean":0.0041893189773,"dmean2":0.00661407830194,"dvar":0.0000655895273667,"dvar2":0.000150555017171,"max":0.140261664987,"mean":0.00649129413068,"median":0.00401261495426,"min":1.83771932075e-23,"var":0.0000873023454915},"spectral_energyband_middle_high":{"dmean":0.0033364193514,"dmean2":0.00510180881247,"dvar":0.0000201024158741,"dvar2":0.000045897642849,"max":0.142782062292,"mean":0.010663096793,"median":0.00823801569641,"min":1.07227467234e-21,"var":0.0000883831526153},"spectral_energyband_middle_low":{"dmean":0.00285959872417,"dmean2":0.00455011427402,"dvar":0.0000250827924901,"dvar2":0.0000628073466942,"max":0.0986732766032,"mean":0.00657996768132,"median":0.00367260631174,"min":1.57210625676e-22,"var":0.0000705816273694},"spectral_entropy":{"dmean":0.12001208961,"dmean2":0.18133482337,"dvar":0.0141417104751,"dvar2":0.0323855504394,"max":9.82274723053,"mean":7.54529857635,"median":7.53987026215,"min":6.28844451904,"var":0.149125248194},"spectral_flux":{"dmean":0.0171156078577,"dmean2":0.0268968176097,"dvar":0.00045135858818,"dvar2":0.00105364108458,"max":0.361522465944,"mean":0.0937986671925,"median":0.0933432132006,"min":6.33040356246e-11,"var":0.0024470819626},"spectral_kurtosis":{"dmean":7.31996536255,"dmean2":11.1312685013,"dvar":69.5576019287,"dvar2":165.492904663,"max":166.894332886,"mean":30.2773704529,"median":27.8634967804,"min":-1.25827884674,"var":205.260314941},"spectral_rms":{"dmean":0.000669012777507,"dmean2":0.000981328659691,"dvar":6.16920829088e-7,"dvar2":0.00000120267054626,"max":0.0134671377018,"mean":0.00468434905633,"median":0.00477434601635,"min":3.11381888156e-12,"var":0.00000507244385517},"spectral_rolloff":{"dmean":4616.28076172,"dmean2":8864.27929688,"dvar":54736700,"dvar2":124047992,"max":22028.4667969,"mean":11173.0908203,"median":4543.50585938,"min":21.533203125,"var":85796072},"spectral_skewness":{"dmean":0.466615647078,"dmean2":0.685828924179,"dvar":0.250498235226,"dvar2":0.554114103317,"max":10.6414070129,"mean":3.6014342308,"median":3.54028844833,"min":-0.113715961576,"var":1.19959032536},"spectral_spread":{"dmean":389649.78125,"dmean2":607246.6875,"dvar":300652953600,"dvar2":644492623872,"max":42398416,"mean":3519005.25,"median":2749626,"min":1166086.375,"var":22680197660700},"spectral_strongpeak":{"dmean":1.88561797142,"dmean2":3.50798678398,"dvar":49.3929100037,"dvar2":139.53968811,"max":122.596580505,"mean":1.57515978813,"median":0.207785815001,"min":0,"var":35.5851478577},"zerocrossingrate":{"dmean":0.0308971442282,"dmean2":0.0381445549428,"dvar":0.000788046920206,"dvar2":0.00121288863011,"max":0.71240234375,"mean":0.262255400419,"median":0.25341796875,"min":0,"var":0.00603538379073}},"metadata":{"audio_properties":{"analysis_sample_rate":44100,"bit_rate":320000,"codec":"mp3","downmix":"mix","equal_loudness":0,"length":266.554534912,"lossless":false,"md5_encoded":"b732bd1077a6f13100527691f6ffd11b","replay_gain":-4.59273910522,"sample_rate":44100},"tags":{"album":["Sacred Heart"],"albumartist":["Dio"],"albumartistsort":["Dio"],"artist":["Dio"],"asin":["B0000261RJ"],"catalognumber":["VERH 30"],"date":["1985"],"discnumber":["1/1"],"encoding":["LAME v3.97 (beta)"],"file_name":"06. Dio - Like the Beat of a Heart.mp3","genre":["Heavy Metal"],"label":["Vertigo"],"musicbrainz album release country":["US"],"musicbrainz album status":["official"],"musicbrainz album type":["album"],"musicbrainz_albumartistid":["c55193fb-f5d2-4839-a263-4c044fca1456"],"musicbrainz_albumid":["fb19b80d-345d-47d5-844a-9b14a67a53e1"],"musicbrainz_artistid":["c55193fb-f5d2-4839-a263-4c044fca1456"],"musicbrainz_recordingid":["86049db1-3371-4611-aef1-0c27855e342a"],"musicip_puid":["01c18ebb-e365-8f85-1285-99c8a142c18e"],"title":["Like the Beat of a Heart"],"tracknumber":["6/9"]},"version":{"essentia":"2.1-beta1","essentia_build_sha":"ca57ba49d9b1854bd80e60cf9ccf267278fb7d6b","essentia_git_sha":"v2.1_beta1-28-g21ef5f4-dirty","extractor":"music 1.0"}},"rhythm":{"beats_count":397,"beats_loudness":{"dmean":0.0209667533636,"dmean2":0.0369247309864,"dvar":0.0004233600921,"dvar2":0.00123946438543,"max":0.159184217453,"mean":0.0496476367116,"median":0.0498951077461,"min":0,"var":0.000852634315379},"beats_loudness_band_ratio":{"dmean":[0.296377241611,0.0364779233932,0.0756895914674,0.114755533636,0.120396316051,0.0686852112412],"dmean2":[0.566225290298,0.064502812922,0.13134688139,0.205729410052,0.231929659843,0.129074007273],"dvar":[0.031492549926,0.00171073246747,0.00975298415869,0.00967091228813,0.00570543901995,0.00321980984882],"dvar2":[0.101431712508,0.00505546387285,0.0257044304162,0.0290483795106,0.01