{"lowlevel":{"average_loudness":0.875735402107,"barkbands":{"dmean":[0.00780395371839,0.00924751814455,0.00249277381226,0.00114195409697,0.00302125117742,0.00203284015879,0.000985372695141,0.00061432964867,0.000672404945362,0.000502741313539,0.000279544648947,0.000313970493153,0.000359939702321,0.000112394081953,0.0000801561618573,0.0000802138456493,0.0000793146537035,0.00012615849846,0.000160551237059,0.000197365268832,0.000123807985801,0.000178461836185,0.000146202888573,0.0000620081700617,0.00000417010733145,0.000178767804755,0.000295071600704],"dmean2":[0.0117781236768,0.0149043593556,0.00417651934549,0.00193937530275,0.00486106798053,0.00316863064654,0.00162511516828,0.00100192322861,0.00107893778477,0.00080294162035,0.000447894039098,0.000504787778482,0.000579213898163,0.000183299038326,0.000128405285068,0.000125242397189,0.000122238387121,0.000191923463717,0.000249621894909,0.000312490417855,0.000174258559127,0.00024397476227,0.000198977591936,0.0000845752365422,0.00000654108362141,0.000245784205617,0.000394401082303],"dvar":[0.00036804159754,0.000448134989711,0.0000199856112886,0.0000080276040535,0.0000425749021815,0.0000298896557069,0.00000966911647993,0.00000348759340341,0.00000432032447861,0.00000141654493291,5.25607845248e-7,4.42794458877e-7,8.05999661679e-7,5.58665895767e-8,2.78568563772e-8,1.90570563774e-8,1.71984915198e-8,4.79901416384e-8,9.64665360925e-8,1.91784948811e-7,3.11706251921e-8,7.90586298649e-8,5.87932014184e-8,1.12187468204e-8,5.06595633498e-11,9.18176894515e-8,1.54150924914e-7],"dvar2":[0.000782122078817,0.0011408936698,0.0000520378744113,0.0000209783793252,0.000103588172351,0.0000677108982927,0.0000247294155997,0.00000897701829672,0.00000977979925665,0.00000339284133588,0.000001302084911,0.00000109430482098,0.00000196004020836,1.43043095591e-7,6.86801655547e-8,4.314722446e-8,3.93078316563e-8,1.09208443178e-7,2.31882154367e-7,4.97078474382e-7,6.34842933778e-8,1.53061805008e-7,1.15603178585e-7,2.18718092526e-8,1.208818462e-10,1.82499064749e-7,2.85324318838e-7],"max":[0.253895461559,0.238189026713,0.0834939777851,0.0822391808033,0.148816779256,0.143393918872,0.0945575907826,0.0625007152557,0.167834430933,0.05348258093,0.0294126532972,0.0185710359365,0.0203267131001,0.0068794824183,0.00635907007381,0.00253220042214,0.00207517459057,0.00637660594657,0.010352127254,0.023692144081,0.00332957995124,0.00358705688268,0.00466108741239,0.00152106524911,0.000121036660857,0.00448769284412,0.0120890494436],"mean":[0.00788008980453,0.00979712419212,0.00288974610157,0.00119806360453,0.00401118816808,0.0027602466289,0.00129922106862,0.000771924445871,0.000917556113563,0.000687809893861,0.000332162133418,0.000382789294235,0.000427464256063,0.000155271525728,0.000120383112517,0.000131123058964,0.000115221657325,0.000191090948647,0.000225454059546,0.000255736871623,0.000214751853491,0.000274648686172,0.000214347222936,0.0000856078986544,0.0000049648770073,0.000248085241765,0.00069563172292],"median":[0.00107948214281,0.00245384383015,0.00107407243922,0.000446189224022,0.00161541474517,0.000483098265249,0.000312618270982,0.00016097255866,0.000230008474318,0.00021140674653,0.000101049678051,0.000126827450003,0.000100835153717,0.0000646106054774,0.0000648620334687,0.0000664972540108,0.0000593254699197,0.00010117344209,0.000114257083624,0.000105435661681,0.000112611829536,0.000105929546407,0.0000678317665006,0.0000194448984985,0.00000204526349989,0.0000716209542588,0.000505102216266],"min":[1.76133352487e-24,3.65370631242e-24,1.40020759638e-24,9.96669251584e-25,1.0023163321e-23,4.87213866257e-24,5.26517993112e-24,4.73033065966e-24,2.73376465043e-23,1.76218210254e-23,2.0707043404e-23,3.85554158151e-23,3.88892270403e-23,2.17383370426e-23,6.29175894254e-23,6.18351776001e-23,6.42293073386e-23,8.00037549635e-23,1.0069801251e-22,1.63090529806e-22,2.49270175822e-22,2.9837084756e-22,4.65186201855e-22,4.90553747135e-22,9.02379125442e-22,1.35550638298e-21,1.93629673e-21],"var":[0.000399808661314,0.000410929060308,0.0000236305459111,0.00000783625182521,0.0000530734869244,0.0000633799063507,0.0000151709309648,0.00000531805835635,0.00000812863527244,0.00000216782586904,6.09225367043e-7,5.29233204816e-7,0.00000114689748898,7.00904436712e-8,3.51529685361e-8,3.70872932365e-8,2.57659227287e-8,7.32338421017e-8,1.28844277469e-7,2.38615967874e-7,7.00119784369e-8,1.48646790876e-7,1.05610041601e-7,1.93230142997e-8,6.14899173246e-11,1.5227423944e-7,4.4077606276e-7]},"barkbands_crest":{"dmean":3.19175457954,"dmean2":5.1846704483,"dvar":7.48010110855,"dvar2":18.3145675659,"max":25.3140678406,"mean":9.98674106598,"median":9.44359970093,"min":2.10621762276,"var":17.410238266},"barkbands_flatness_db":{"dmean":0.0281059201807,"dmean2":0.0419511944056,"dvar":0.000663659768179,"dvar2":0.00133322249167,"max":0.343923896551,"mean":0.1134763062,"median":0.10721835494,"min":0.0191753283143,"var":0.00262508261949},"barkbands_kurtosis":{"dmean":5.88908910751,"dmean2":8.95693016052,"dvar":89.54662323,"dvar2":193.068832397,"max":227.69732666,"mean":8.3753862381,"median":4.44745922089,"min":-1.86506319046,"var":183.923675537},"barkbands_skewness":{"dmean":0.861218035221,"dmean2":1.25133228302,"dvar":0.695014595985,"dvar2":1.4207611084,"max":13.0109062195,"mean":2.18179774284,"median":2.07386016846,"min":-2.13483929634,"var":2.69266319275},"barkbands_spread":{"dmean":12.3170185089,"dmean2":18.5367183685,"dvar":161.545837402,"dvar2":312.786834717,"max":132.719985962,"mean":38.6482925415,"median":31.5711555481,"min":1.12807846069,"var":666.760986328},"dissonance":{"dmean":0.0157692115754,"dmean2":0.0263741910458,"dvar":0.000294503086479,"dvar2":0.000768010155298,"max":0.500000119209,"mean":0.474768310785,"median":0.482467472553,"min":0.264712065458,"var":0.000598265090957},"dynamic_complexity":3.71657991409,"erbbands":{"dmean":[0.500173032284,1.40338122845,2.86258411407,3.27200746536,6.31179141998,12.421081543,12.6629858017,18.0774154663,14.2654008865,13.9018383026,12.6997108459,16.1192760468,13.9234075546,14.1526098251,11.7274398804,12.6728191376,17.3762931824,7.2294011116,4.41245269775,4.29504537582,4.14456415176,4.55099773407,6.80755186081,6.40165710449,9.79251480103,9.48879241943,5.47570180893,5.11008119583,6.48786115646,5.99112558365,3.68630838394,2.14484286308,0.592868447304,0.0886766687036,0.024807119742,0.195394605398,0.437043905258,0.251044839621,0.0409463644028,0.00511290458962],"dmean2":[0.801933765411,2.34087133408,4.77275896072,5.51151609421,10.2571897507,20.337594986,20.335641861,28.09324646,23.3198890686,22.6305618286,20.4138374329,25.8916492462,21.9785709381,22.4486713409,18.5588264465,20.2097454071,27.8529586792,11.700463295,7.06656694412,6.75185489655,6.40883350372,6.92438364029,10.3341083527,9.7190580368,15.524307251,15.0401887894,8.03722286224,7.10793972015,8.96843147278,8.23810386658,5.02937221527,2.9534842968,0.787963211536,0.125555455685,0.0376937054098,0.274175256491,0.608425378799,0.342215538025,0.0569326393306,0.00692915078253],"dvar":[1.48658132553,9.10790157318,24.6107959747,52.5067863464,165.40045166,968.666015625,1155.19946289,2877.03710938,2266.40161133,1763.21240234,1597.97558594,2512.88671875,1315.17578125,1363.77307129,725.244873047,663.125732422,2043.47155762,232.387145996,95.3271026611,59.8910560608,50.200504303,55.9599266052,143.734161377,113.642097473,484.959899902,452.150512695,78.0450744629,55.8112487793,107.609260559,99.5015716553,36.8732719421,13.5766839981,0.96956127882,0.0204129479825,0.00167551543564,0.121157735586,0.581668019295,0.170214653015,0.00363214733079,0.0000484535266878],"dvar2":[3.77580237389,23.8183460236,63.8609352112,138.380111694,391.062774658,2390.16381836,2817.64599609,6531.03662109,5746.69482422,4514.38769531,4025.03955078,5775.08886719,2989.72607422,3344.09082031,1732.16247559,1605.55432129,4972.70703125,584.169616699,238.908966064,138.58744812,112.049781799,126.102104187,331.377380371,261.230285645,1220.41040039,1167.57080078,180.682342529,110.358177185,214.633361816,195.121124268,72.2834472656,26.9315185547,1.83437108994,0.0422268658876,0.00384849030524,0.249938815832,1.17437899113,0.328243136406,0.00749996723607,0.0000871628581081],"max":[12.5007810593,39.3240623474,78.2060852051,171.312301636,433.137115479,751.068847656,657.083435059,1711.15625,1676.21264648,1777.76818848,1511.93591309,3832.32421875,1871.89343262,1952.99438477,932.482116699,640.327697754,1124.41381836,356.567169189,358.582092285,149.876663208,160.548568726,116.697906494,377.523986816,349.461334229,1017.06634521,1303.96582031,322.326782227,115.074226379,152.925949097,190.271362305,99.1739654541,52.189365387,16.3977088928,2.5751106739,0.754669249058,5.05605220795,11.0000276566,6.99515771866,2.34054040909,0.20802308619],"mean":[0.470346003771,1.55605220795,3.43919253349,3.82297611237,8.37593173981,14.9493675232,16.2543392181,24.436466217,19.0339031219,18.8255996704,16.8655490875,21.9063892365,19.876537323,19.2323036194,15.0901918411,15.9921073914,21.0112953186,9.80978298187,6.85778188705,6.71091079712,6.99165439606,7.05049657822,10.4566116333,9.63318157196,12.9783573151,12.3456058502,8.81865310669,8.69468402863,10.0203237534,8.78687286377,5.36290121078,2.94939398766,0.841458916664,0.121381893754,0.0313134416938,0.251252382994,0.583595275879,0.39659550786,0.0846890732646,0.0154143506661],"median":[0.0861260667443,0.446950376034,1.31609451771,1.66327762604,3.52687692642,5.48212432861,4.49635791779,3.97749710083,4.22843122482,4.75198078156,3.72211408615,5.62835502625,5.95443630219,6.18106079102,4.75680017471,5.62106227875,5.05201339722,3.81368112564,3.45689249039,3.7125146389,3.52296686172,3.86056470871,5.54497146606,5.2883849144,5.71020698547,5.19375562668,4.68099594116,4.28816556931,3.94120335579,2.99497652054,1.64768481255,0.692082703114,0.21010184288,0.0423558801413,0.0142750367522,0.0561179965734,0.146853387356,0.156117081642,0.054082646966,0.0115532279015],"min":[2.29619511834e-22,4.03968626614e-22,1.94070526339e-21,4.49264166559e-21,1.31239054271e-20,1.86834428696e-20,6.40655132584e-20,3.83603167302e-20,8.0196569179e-20,2.09409715958e-19,1.82430548196e-19,6.00383973709e-19,8.37151499356e-19,5.82455040727e-19,9.70985548455e-19,1.73644380486e-18,1.80618567705e-18,2.43342122591e-18,2.93377016394e-18,3.73515349473e-18,3.99883303141e-18,4.19061237489e-18,5.1083911848e-18,5.40043060879e-18,5.79914572611e-18,7.84100963533e-18,1.08168671624e-17,1.01310666058e-17,1.19404356874e-17,1.17862839629e-17,1.25377403262e-17,8.67084301611e-18,9.82091854386e-18,7.91555018905e-18,7.27739109981e-18,3.84587575562e-18,2.56939648372e-18,9.73254194683e-19,2.77279109736e-19,2.83177043213e-20],"var":[1.28789460659,8.41644096375,29.2003383636,53.479927063,234.487014771,1030.53796387,1686.01379395,5831.12646484,3161.28613281,3265.68505859,2490.87084961,4499.25830078,2245.25708008,1759.57385254,932.804748535,835.049377441,2971.22070312,291.384552002,120.321640015,89.6898117065,110.01524353,87.6745376587,218.512832642,166.962051392,639.484436035,579.00994873,141.615859985,121.449501038,198.954025269,173.46963501,65.9962387085,22.6911582947,1.81152558327,0.0338298939168,0.00217972043902,0.183749452233,0.914395689964,0.317372232676,0.00889383815229,0.000198035369976]},"erbbands_crest":{"dmean":2.59475946426,"dmean2":4.27088165283,"dvar":6.45008945465,"dvar2":15.7659902573,"max":30.9984359741,"mean":7.43216371536,"median":6.30799007416,"min":2.23313593864,"var":14.8074026108},"erbbands_flatness_db":{"dmean":0.0185079462826,"dmean2":0.0276456475258,"dvar":0.000320134597132,"dvar2":0.000657865602989,"max":0.305589020252,"mean":0.100571252406,"median":0.0929407551885,"min":0.0336475633085,"var":0.00126238912344},"erbbands_kurtosis":{"dmean":1.18388807774,"dmean2":1.87544381618,"dvar":3.23600244522,"dvar2":7.52515697479,"max":44.9302482605,"mean":0.44996085763,"median":-0.305469751358,"min":-1.78387463093,"var":6.1091632843},"erbbands_skewness":{"dmean":0.465725749731,"dmean2":0.695022583008,"dvar":0.188359379768,"dvar2":0.401085138321,"max":5.8013677597,"mean":0.20028591156,"median":0.169364541769,"min":-3.8772482872,"var":0.878494918346},"erbbands_spread":{"dmean":12.5460138321,"dmean2":19.0888061523,"dvar":127.399078369,"dvar2":285.018707275,"max":127.387046814,"mean":50.153263092,"median":48.6345596313,"min":3.79965996742,"var":445.522033691},"gfcc":{"cov":[[11785.9521484,302.472351074,-163.063751221,-39.6737365723,-443.493652344,82.4081802368,-111.091453552,-47.3566932678,38.2926750183,14.323638916,-11.9876890182,153.895263672,-138.578552246],[302.472351074,1415.00390625,55.6409416199,-210.414978027,152.447631836,-198.613815308,96.8864212036,-36.4613838196,3.87122941017,-25.909778595,135.340881348,-129.730316162,119.569961548],[-163.063751221,55.6409416199,361.614746094,182.053390503,-23.6370601654,82.3523330688,-38.8910369873,47.8865356445,-0.872841715813,20.1738357544,-13.2483940125,35.8003425598,-8.53374767303],[-39.6737365723,-210.414978027,182.053390503,372.506622314,150.178863525,54.7200012207,31.2262802124,36.8508491516,0.106105528772,10.342502594,-24.1494941711,30.4184818268,-14.3026456833],[-443.493652344,152.447631836,-23.6370601654,150.178863525,320.442047119,28.2365703583,102.146575928,8.78848934174,7.56738328934,-7.33633804321,21.4871368408,-32.4392089844,39.102481842],[82.4081802368,-198.613815308,82.3523330688,54.7200012207,28.2365703583,243.530944824,13.9349050522,42.8988189697,-8.05441856384,17.8499717712,-10.5454835892,50.108039856,-25.8924674988],[-111.091453552,96.8864212036,-38.8910369873,31.2262802124,102.146575928,13.9349050522,151.096817017,26.9609165192,18.9317455292,-2.2359354496,22.9951248169,-7.58634710312,11.534901619],[-47.3566932678,-36.4613838196,47.8865356445,36.8508491516,8.78848934174,42.8988189697,26.9609165192,128.147766113,43.9107666016,29.6946544647,13.3555307388,5.39488267899,14.7375898361],[38.2926750183,3.87122941017,-0.872841715813,0.106105528772,7.56738328934,-8.05441856384,18.9317455292,43.9107666016,110.122566223,40.3896903992,3.6795604229,10.1622924805,-1.75834739208],[14.323638916,-25.909778595,20.1738357544,10.342502594,-7.33633804321,17.8499717712,-2.2359354496,29.6946544647,40.3896903992,83.0106964111,41.2670135498,11.6604585648,-2.85555291176],[-11.9876890182,135.340881348,-13.2483940125,-24.1494941711,21.4871368408,-10.5454835892,22.9951248169,13.3555307388,3.6795604229,41.2670135498,88.0520401001,9.67504405975,13.6789560318],[153.895263672,-129.730316162,35.8003425598,30.4184818268,-32.4392089844,50.108039856,-7.58634710312,5.39488267899,10.1622924805,11.6604585648,9.67504405975,80.3644256592,-4.2865729332],[-138.578552246,119.569961548,-8.53374767303,-14.3026456833,39.102481842,-25.8924674988,11.534901619,14.7375898361,-1.75834739208,-2.85555291176,13.6789560318,-4.2865729332,80.6477050781]],"icov":[[0.000139635769301,-0.000405715894885,0.000704117061105,-0.00066389539279,0.000595783407334,-0.000355643307557,0.000208247904084,-0.000119575553981,0.0000360139565601,-0.00022725611052,0.000460257084342,-0.000507115502842,0.000274962047115],[-0.000405715894885,0.00382918003015,-0.00530407438055,0.00480863312259,-0.00347679690458,0.00244250334799,-0.00179275253322,0.00176338141318,-0.001484104665,0.00326497619972,-0.00567592913285,0.00455681653693,-0.00239056022838],[0.000704117061105,-0.00530407438055,0.0124515770003,-0.0101957516745,0.00724448403344,-0.00519639626145,0.00372511404566,-0.00276167411357,0.00126835959964,-0.00364477792755,0.00630700169131,-0.00518504809588,0.00192746613175],[-0.00066389539279,0.00480863312259,-0.0101957516745,0.0134509690106,-0.00974022969604,0.00567173818126,-0.0027588494122,-0.0000411635846831,0.00135708448943,0.000510743237101,-0.00198813527822,0.000774160551373,0.000408166524721],[0.000595783407334,-0.00347679690458,0.00724448403344,-0.00974022969604,0.011924194172,-0.00562036689371,-0.00071237294469,0.00129398808349,-0.00207971478812,0.000589311704971,0.000237263273448,0.00188686558977,-0.00246727932245],[-0.000355643307557,0.00244250334799,-0.00519639626145,0.00567173818126,-0.00562036689371,0.00906681269407,-0.00189243990462,-0.00228676944971,0.00326465093531,-0.00185690238141,0.00102394865826,-0.00330415461212,0.00220430875197],[0.000208247904084,-0.00179275253322,0.00372511404566,-0.0027588494122,-0.00071237294469,-0.00189243990462,0.0106267789379,-0.00258396053687,-0.00124621903524,0.00161339133047,-0.00061645032838,-0.00175312836654,0.0016521216603],[-0.000119575553981,0.00176338141318,-0.00276167411357,-0.0000411635846831,0.00129398808349,-0.00228676944971,-0.00258396053687,0.0131737776101,-0.00622411817312,0.00179157860111,-0.00548047665507,0.00604331819341,-0.00534029304981],[0.0000360139565601,-0.001484104665,0.00126835959964,0.00135708448943,-0.00207971478812,0.00326465093531,-0.00124621903524,-0.00622411817312,0.0169003494084,-0.0116354813799,0.00999414827675,-0.00756393652409,0.00386858265847],[-0.00022725611052,0.00326497619972,-0.00364477792755,0.000510743237101,0.000589311704971,-0.00185690238141,0.00161339133047,0.00179157860111,-0.0116354813799,0.0279802400619,-0.01966467686,0.00821169838309,-0.00245747365989],[0.000460257084342,-0.00567592913285,0.00630700169131,-0.00198813527822,0.000237263273448,0.00102394865826,-0.00061645032838,-0.00548047665507,0.00999414827675,-0.01966467686,0.0313083603978,-0.0142855904996,0.00427627330646],[-0.000507115502842,0.00455681653693,-0.00518504809588,0.000774160551373,0.00188686558977,-0.00330415461212,-0.00175312836654,0.00604331819341,-0.00756393652409,0.00821169838309,-0.0142855904996,0.0261530429125,-0.00692911073565],[0.000274962047115,-0.00239056022838,0.00192746613175,0.000408166524721,-0.00246727932245,0.00220430875197,0.0016521216603,-0.00534029304981,0.00386858265847,-0.00245747365989,0.00427627330646,-0.00692911073565,0.0182400085032]],"mean":[6.90329933167,52.268321991,-71.313911438,14.1060609818,-29.3764247894,-16.5295162201,3.36328005791,-19.3458271027,-5.56945943832,-9.16872024536,-9.03621864319,6.10229444504,-16.7495880127]},"hfc":{"dmean":55.3526229858,"dmean2":76.8418197632,"dvar":5536.80322266,"dvar2":11455.421875,"max":1703.59179688,"mean":145.3722229,"median":99.2572021484,"min":1.08527400004e-16,"var":20539.7714844},"melbands":{"dmean":[0.00375239318237,0.00153483147733,0.000591233605519,0.000703594996594,0.000453449611086,0.000395699200453,0.00020980820409,0.000148727544001,0.000105388353404,0.0000996545204544,0.0000711470129318,0.0000606320609222,0.0000390644490835,0.000035935176129,0.0000364515071851,0.0000326972585754,0.0000120992654047,0.00000753991025704,0.00000600060866418,0.00000560519038117,0.00000508564244228,0.00000454928476756,0.00000647237538942,0.00000599449958827,0.00000520323283126,0.00000666750884193,0.00000753067979531,0.00000659029728922,0.00000360404919775,0.00000316770729114,0.0000030499118111,0.00000361448246622,0.00000392961055695,0.00000325192081618,0.00000220502170123,0.00000186396835034,0.00000110636790396,4.32221241908e-7,2.29246225558e-7,2.79557923477e-8],"dmean2":[0.00576188601553,0.0025357156992,0.000980665325187,0.00113810540643,0.000725044345018,0.000614550663158,0.00034374545794,0.000242976908339,0.000169230625033,0.000160455165314,0.000113041889563,0.0000966813749983,0.0000619318525423,0.0000577325226914,0.000058464884205,0.0000530671895831,0.0000198544494197,0.000012193278053,0.00000956446729106,0.00000888501745067,0.00000797972097644,0.00000711003440301,0.0000100282613857,0.00000924463529373,0.00000803006969363,0.0000105312083178,0.000012119557141,0.0000106026009234,0.00000550040567759,0.00000459775264972,0.00000437033759226,0.00000512456244905,0.0000055088848967,0.00000458175418316,0.0000030749747566,0.00000260266597252,0.00000155548980274,5.86762155308e-7,3.2114979831e-7,4.50445547528e-8],"dvar":[0.0000750878898543,0.00000712570181349,0.00000146975844473,0.00000255416512118,0.00000118406785532,0.0000012382447494,4.43224507762e-7,1.91991361476e-7,1.12045448475e-7,8.62810694002e-8,3.41611077204e-8,2.44675959493e-8,8.33499935737e-9,5.86751891518e-9,6.66259492021e-9,6.88702606055e-9,6.79591993791e-10,2.85729245819e-10,1.34874750257e-10,1.04227473874e-10,7.62055626935e-11,5.83580891944e-11,1.22211185616e-10,1.25246327198e-10,7.68808489093e-11,1.60902027813e-10,3.44830358712e-10,2.94585633664e-10,4.26927243558e-11,2.26697167982e-11,2.12309423514e-11,3.41615277732e-11,4.01381670956e-11,3.15791767735e-11,1.39340162672e-11,1.01304008585e-11,3.80950609599e-12,5.28640716271e-13,1.66554419453e-13,2.69514999443e-15],"dvar2":[0.000181340874406,0.0000181892992259,0.00000378074128093,0.00000622741436018,0.00000285874125439,0.00000280370795736,0.00000113298244742,4.91364062327e-7,2.72439763194e-7,1.99052607286e-7,7.80382478638e-8,6.06219003885e-8,2.02360528334e-8,1.43453924295e-8,1.65298530419e-8,1.66909366328e-8,1.7562321597e-9,7.26248006178e-10,3.22875087777e-10,2.43431941271e-10,1.73077732701e-10,1.35501304621e-10,2.90701906991e-10,2.90944129899e-10,1.80653159099e-10,4.00219246632e-10,8.76550054763e-10,7.821926995e-10,1.04551853286e-10,4.74945499596e-11,4.41684536168e-11,7.06507283232e-11,8.04492861217e-11,6.44988437659e-11,2.86766652091e-11,2.06728436453e-11,7.75775190615e-12,1.02743453936e-12,3.50793775538e-13,6.57717991873e-15],"max":[0.0884907767177,0.0351533815265,0.0284075886011,0.0402067042887,0.0205554235727,0.0337418504059,0.0222638715059,0.0158731304109,0.0208167117089,0.0205666329712,0.00963145587593,0.00752644427121,0.00256998813711,0.00198555551469,0.00242825853638,0.00184713688213,0.000718804309145,0.000553986930754,0.00029956526123,0.000200673835934,0.000225222407607,0.000113979971502,0.000231440833886,0.000324646010995,0.000286561407847,0.000344255531672,0.000968452426605,0.00124823045917,0.000292070879368,0.000102305559267,0.0000678310971125,0.0000865429392434,0.0000938058583415,0.000114194626804,0.0000636846671114,0.0000470376107842,0.0000317583071592,0.0000121876337289,0.00000795836876932,9.64756281974e-7],"mean":[0.00394525518641,0.00189713516738,0.000760022434406,0.000908702495508,0.000594948418438,0.000541153014638,0.000282306311419,0.000198757799808,0.000138799397973,0.000133818335598,0.0000984509533737,0.0000804848896223,0.0000482432224089,0.0000445486148237,0.0000439100695075,0.0000389809974877,0.0000158894436026,0.0000110953678814,0.0000090824723884,0.00000829531109048,0.00000826429004519,0.00000648271225145,0.00000957730208029,0.00000865176207299,0.00000751333936932,0.00000888261274667,0.00000927298697206,0.0000082365486378,0.00000525419864061,0.00000533794445801,0.00000487598526888,0.00000546218689124,0.00000567333154322,0.00000462940806756,0.00000312510087497,0.00000255649865721,0.00000147259868299,6.0376885358e-7,3.06384293935e-7,3.0943073881e-8],"median":[0.000927633023821,0.000707338680513,0.0003855440591,0.000366080726963,0.000183211086551,0.000090192843345,0.0000651192094665,0.000048627727665,0.000030888193578,0.0000338535028277,0.0000288073533738,0.0000245716291829,0.0000144422774611,0.00001502026862,0.0000129425970954,0.00000925326821744,0.00000639189147478,0.00000520079811395,0.00000499420639244,0.0000042152369133,0.00000390118566429,0.00000329669455823,0.00000510404242959,0.00000439965469923,0.00000404558977607,0.00000424938389187,0.00000342085786542,0.00000328210171574,0.00000262157050201,0.00000276151195067,0.00000226029715122,0.00000215618206312,0.00000195662005353,0.00000148543153955,9.57248630584e-7,6.55524445392e-7,3.18013178457e-7,1.51963206463e-7,7.50191162524e-8,1.2428604812e-8],"min":[1.96299654617e-24,8.38052890764e-25,1.18102269248e-24,2.24142303052e-24,2.0362679192e-24,8.87827844516e-25,1.12455839546e-24,1.64616436866e-24,1.75630631153e-24,3.50665080678e-24,3.7192858972e-24,1.69514986986e-24,2.49061551301e-24,5.00645051472e-24,3.23905203e-24,4.22187706852e-24,4.21467831833e-24,4.04091789889e-24,4.98358262037e-24,4.10086383351e-24,4.43787349526e-24,3.71700056715e-24,3.56907415907e-24,4.38828136002e-24,4.12044296674e-24,4.34328552285e-24,3.3306867044e-24,4.55157122867e-24,6.05011230904e-24,5.91358336331e-24,5.13596293713e-24,5.91732690274e-24,5.34191953112e-24,6.39900892134e-24,7.03762061754e-24,5.88207231445e-24,4.99090048856e-24,6.63170908331e-24,6.4691216953e-24,6.35827490521e-24],"var":[0.0000743032142054,0.00000835925220599,0.00000168112819665,0.0000030640528621,0.00000173355510924,0.00000260191200141,6.46953878913e-7,3.44257813367e-7,1.83354828209e-7,1.55770990773e-7,5.71351002066e-8,3.14947321556e-8,1.06058770655e-8,7.15705272825e-9,8.43618863655e-9,9.8396659709e-9,7.8587231167e-10,3.52398332737e-10,1.82973691754e-10,1.53398738156e-10,1.7764703597e-10,8.44142533651e-11,1.76779896277e-10,1.73259767644e-10,1.07422917783e-10,2.00420638419e-10,4.43352493606e-10,3.57524787553e-10,6.28364860145e-11,4.84546881785e-11,4.11110034904e-11,6.04983493857e-11,6.99711399932e-11,5.30742082228e-11,2.34911482627e-11,1.66282890235e-11,6.03508736041e-12,9.54898052991e-13,2.64837793622e-13,2.92481048434e-15]},"melbands_crest":{"dmean":5.08687067032,"dmean2":8.10710144043,"dvar":18.9141540527,"dvar2":43.8251914978,"max":38.233921051,"mean":16.3914833069,"median":15.497543335,"min":1.66543567181,"var":48.0893363953},"melbands_flatness_db":{"dmean":0.0380165651441,"dmean2":0.0557407736778,"dvar":0.00110438140109,"dvar2":0.00220463122241,"max":0.486372411251,"mean":0.203941226006,"median":0.205787658691,"min":0.00330917630345,"var":0.00567820947617},"melbands_kurtosis":{"dmean":14.9819278717,"dmean2":23.621049881,"dvar":570.341369629,"dvar2":1361.81872559,"max":479.546234131,"mean":23.5141735077,"median":13.6184978485,"min":-1.80363249779,"var":993.569030762},"melbands_skewness":{"dmean":1.24124658108,"dmean2":1.89943575859,"dvar":1.60392451286,"dvar2":3.65691232681,"max":18.4771327972,"mean":3.55080986023,"median":3.16034650803,"min":-1.40885281563,"var":4.68495225906},"melbands_spread":{"dmean":10.978471756,"dmean2":16.522605896,"dvar":213.45916748,"dvar2":425.321136475,"max":179.488372803,"mean":25.4714870453,"median":15.6572227478,"min":0.652023017406,"var":700.671813965},"mfcc":{"cov":[[6940.16210938,267.938659668,212.609817505,-69.7030487061,-189.155593872,94.1117782593,-184.357055664,149.145858765,-177.389801025,76.6264419556,-39.4073486328,131.213912964,-78.1861953735],[267.938659668,1447.98547363,-88.465461731,27.7433662415,-32.7742462158,-125.844841003,94.4919204712,-117.060180664,7.58727025986,-49.3429641724,70.5822067261,-41.6599159241,41.1057891846],[212.609817505,-88.465461731,437.010742188,20.6792545319,23.7019901276,17.3157272339,-45.5688209534,34.5153961182,-18.6317634583,-1.62332880497,10.9157161713,14.6106719971,-23.184387207],[-69.7030487061,27.7433662415,20.6792545319,370.483703613,103.406547546,38.3161277771,55.8232154846,18.411857605,28.0798778534,39.8161506653,-5.81703042984,-20.3228988647,12.3607311249],[-189.155593872,-32.7742462158,23.7019901276,103.406547546,194.897109985,69.3632278442,59.647983551,23.3314571381,41.9158363342,13.592912674,9.87899589539,-4.69995164871,17.8913860321],[94.1117782593,-125.844841003,17.3157272339,38.3161277771,69.3632278442,178.054855347,49.3142547607,58.7753181458,0.350911855698,5.53718996048,-10.5035009384,17.9428882599,-0.817256987095],[-184.357055664,94.4919204712,-45.5688209534,55.8232154846,59.647983551,49.3142547607,175.792327881,30.8703403473,21.7086658478,-0.010940794833,12.6148252487,-2.65819406509,29.2119617462],[149.145858765,-117.060180664,34.5153961182,18.411857605,23.3314571381,58.7753181458,30.8703403473,122.827308655,28.6803417206,24.037946701,-4.41816997528,10.0208559036,1.31330609322],[-177.389801025,7.58727025986,-18.6317634583,28.0798778534,41.9158363342,0.350911855698,21.7086658478,28.6803417206,109.881309509,29.4357852936,11.3310709,-3.73673653603,12.4267091751],[76.6264419556,-49.3429641724,-1.62332880497,39.8161506653,13.592912674,5.53718996048,-0.010940794833,24.037946701,29.4357852936,84.3784637451,23.1688079834,18.2498283386,13.106092453],[-39.4073486328,70.5822067261,10.9157161713,-5.81703042984,9.87899589539,-10.5035009384,12.6148252487,-4.41816997528,11.3310709,23.1688079834,80.8465423584,29.6571846008,18.9081554413],[131.213912964,-41.6599159241,14.6106719971,-20.3228988647,-4.69995164871,17.9428882599,-2.65819406509,10.0208559036,-3.73673653603,18.2498283386,29.6571846008,73.4338226318,23.6277046204],[-78.1861953735,41.1057891846,-23.184387207,12.3607311249,17.8913860321,-0.817256987095,29.2119617462,1.31330609322,12.4267091751,13.106092453,18.9081554413,23.6277046204,68.4157180786]],"icov":[[0.000191148646991,-0.000130599932163,-0.0000365434243577,-2.03225511086e-7,0.0000802467111498,-0.0000970660548774,0.000214102328755,-0.000348297209712,0.000339604157489,-0.00029786649975,0.000272709992714,-0.000421384174842,0.000243226182647],[-0.000130599932163,0.00101461983286,0.0000509132223669,-0.00015455497487,0.000250789511483,0.000437577575212,-0.000741759606171,0.000889304385055,-0.000417239498347,0.000811599311419,-0.00116718560457,0.000944931642152,-0.00055784417782],[-0.0000365434243577,0.0000509132223669,0.00264210696332,-0.000258193875197,-0.000646599510219,0.000195577726117,0.000888764217962,-0.00106630381197,0.000607605674304,0.000614692631643,-0.000812924350612,-0.000479626236483,0.000844249268994],[-2.03225511086e-7,-0.00015455497487,-0.000258193875197,0.00354946823791,-0.00158228829969,-0.000112366004032,-0.000626116292551,0.000208041019505,0.000261889596004,-0.00211072713137,0.0009495493141,0.00104940368328,-0.00022843843908],[0.0000802467111498,0.000250789511483,-0.000646599510219,-0.00158228829969,0.00819101557136,-0.00291353999637,-0.00118035799824,0.00102434738073,-0.0025319585111,0.000547093281057,-0.00135280785616,0.00149889232125,-0.00147341226693],[-0.0000970660548774,0.000437577575212,0.000195577726117,-0.000112366004032,-0.00291353999637,0.00898045860231,-0.00186991144437,-0.00296889734454,0.00151573563926,0.000557236548048,0.00149032007903,-0.00288216536865,0.00163876800798],[0.000214102328755,-0.000741759606171,0.000888764217962,-0.000626116292551,-0.00118035799824,-0.00186991144437,0.00858057569712,-0.00251956796274,0.000244182010647,0.00112855585758,-0.00107673369348,0.000847002957016,-0.0024798437953],[-0.000348297209712,0.000889304385055,-0.00106630381197,0.000208041019505,0.00102434738073,-0.00296889734454,-0.00251956796274,0.0127482442185,-0.00361034390517,-0.00188949005678,0.000724784564227,0.000388599815778,-0.000120329692436],[0.000339604157489,-0.000417239498347,0.000607605674304,0.000261889596004,-0.0025319585111,0.00151573563926,0.000244182010647,-0.00361034390517,0.0126862125471,-0.0038346007932,-0.000170872197486,0.000866685586516,-0.000379117205739],[-0.00029786649975,0.000811599311419,0.000614692631643,-0.00211072713137,0.000547093281057,0.000557236548048,0.00112855585758,-0.00188949005678,-0.0038346007932,0.0172610823065,-0.00484033580869,-0.001544519444,-0.00155938416719],[0.000272709992714,-0.00116718560457,-0.000812924350612,0.0009495493141,-0.00135280785616,0.00149032007903,-0.00107673369348,0.000724784564227,-0.000170872197486,-0.00484033580869,0.018476985395,-0.00752838049084,-0.000164975615917],[-0.000421384174842,0.000944931642152,-0.000479626236483,0.00104940368328,0.00149889232125,-0.00288216536865,0.000847002957016,0.000388599815778,0.000866685586516,-0.001544519444,-0.00752838049084,0.0219732839614,-0.00756644038484],[0.000243226182647,-0.00055784417782,0.000844249268994,-0.00022843843908,-0.00147341226693,0.00163876800798,-0.0024798437953,-0.000120329692436,-0.000379117205739,-0.00155938416719,-0.000164975615917,-0.00756644038484,0.020049341023]],"mean":[-659.601806641,115.040519714,7.72311019897,40.9376869202,-12.8596801758,20.3080463409,-2.49134755135,14.6537599564,-8.19432830811,5.55340623856,-3.46546268463,3.39780831337,-3.59129333496]},"pitch_salience":{"dmean":0.0919153690338,"dmean2":0.14389513433,"dvar":0.00663331244141,"dvar2":0.0150689380243,"max":0.910559356213,"mean":0.576910793781,"median":0.599060773849,"min":0.0850293636322,"var":0.0162251628935},"silence_rate_20dB":{"dmean":0.000139382536872,"dmean2":0.000278784485999,"dvar":0.000139363110065,"dvar2":0.000418099021772,"max":1,"mean":0.99993032217,"median":1,"min":0,"var":0.0000696815550327},"silence_rate_30dB":{"dmean":0.0869747027755,"dmean2":0.173961535096,"dvar":0.0794101059437,"dvar2":0.157359361649,"max":1,"mean":0.899721264839,"median":1,"min":0,"var":0.0902229174972},"silence_rate_60dB":{"dmean":0.0203498508781,"dmean2":0.0407025367022,"dvar":0.01993573457,"dvar2":0.0457366667688,"max":1,"mean":0.0620209053159,"median":0,"min":0,"var":0.0581743121147},"spectral_centroid":{"dmean":423.114013672,"dmean2":626.850830078,"dvar":182990.0625,"dvar2":362523.625,"max":11804.0253906,"mean":1619.61254883,"median":1405.94555664,"min":206.484970093,"var":1040674.375},"spectral_complexity":{"dmean":5.14279747009,"dmean2":7.03108453751,"dvar":30.1916790009,"dvar2":48.8702354431,"max":57,"mean":15.5615329742,"median":13,"min":0,"var":106.224891663},"spectral_contrast_coeffs":{"dmean":[0.0592050515115,0.0496093034744,0.0374459251761,0.0299194790423,0.0211133603007,0.0273619424552],"dmean2":[0.0960703790188,0.0818870067596,0.0621818825603,0.0495358668268,0.0347857289016,0.0427408590913],"dvar":[0.00227616587654,0.00158638192806,0.00091382896062,0.000678339565638,0.000295425270451,0.000604064611252],"dvar2":[0.00577283650637,0.00420794216916,0.00243809376843,0.00175413594116,0.000772011117078,0.00144381891005],"max":[-0.331996381283,-0.408620774746,-0.519325196743,-0.614955663681,-0.606213569641,-0.513369262218],"mean":[-0.681895852089,-0.781755745411,-0.814687550068,-0.826105058193,-0.818152308464,-0.696964979172],"median":[-0.689556360245,-0.792452394962,-0.821744918823,-0.831937432289,-0.820439457893,-0.691336631775],"min":[-0.976444780827,-0.978513598442,-0.985475242138,-0.984318673611,-0.978426277637,-0.970090866089],"var":[0.00761128542945,0.00502065243199,0.00272520212457,0.00166273140348,0.000966735708062,0.00215374608524]},"spectral_contrast_valleys":{"dmean":[0.471331477165,0.432760387659,0.389127701521,0.337864071131,0.338315069675,0.469071239233],"dmean2":[0.715588331223,0.666011691093,0.580116510391,0.497199743986,0.451121449471,0.603968262672],"dvar":[0.176726102829,0.143561258912,0.126993224025,0.112503573298,0.108131580055,0.178839921951],"dvar2":[0.338111251593,0.297919988632,0.237706646323,0.203431338072,0.185869827867,0.309028327465],"max":[-4.75767421722,-4.33370018005,-5.06794261932,-5.81285333633,-5.48924922943,-8.62790107727],"mean":[-7.10014772415,-6.79972219467,-7.26600122452,-7.85147476196,-7.5128531456,-10.6171102524],"median":[-6.91583347321,-6.68213510513,-7.14382076263,-7.71559238434,-7.3786907196,-10.473780632],"min":[-27.935842514,-27.7783908844,-27.7834510803,-27.5624256134,-27.4930458069,-27.4247932434],"var":[2.39734745026,2.33473610878,2.08370184898,1.90839874744,1.89477062225,1.81163406372]},"spectral_decrease":{"dmean":5.20071585797e-9,"dmean2":7.38343386431e-9,"dvar":7.96383288684e-17,"dvar2":1.64743209855e-16,"max":5.57675816637e-9,"mean":-7.51813900024e-9,"median":-3.6095184619e-9,"min":-1.09566151707e-7,"var":1.25517272886e-16},"spectral_energy":{"dmean":0.0226047392935,"dmean2":0.0308824088424,"dvar":0.00139804149512,"dvar2":0.00277237826958,"max":0.445910900831,"mean":0.0415608920157,"median":0.0243289656937,"min":1.01546477221e-20,"var":0.00256401719525},"spectral_energyband_high":{"dmean":0.000952277972829,"dmean2":0.00122849748004,"dvar":0.00000181459517989,"dvar2":0.00000328923169945,"max":0.0339417867362,"mean":0.00176982721314,"median":0.000971083762124,"min":7.25852683882e-21,"var":0.00000417761111748},"spectral_energyband_low":{"dmean":0.0151208695024,"dmean2":0.0224269349128,"dvar":0.000923794170376,"dvar2":0.00209237658419,"max":0.312451958656,"mean":0.0187439769506,"median":0.00658021634445,"min":1.19692539863e-23,"var":0.00112601311412},"spectral_energyband_middle_high":{"dmean":0.00150721322279,"dmean2":0.0021708291024,"dvar":0.00000559422051083,"dvar2":0.0000115432949315,"max":0.0551222898066,"mean":0.00280033331364,"median":0.00148928491399,"min":1.09635146447e-21,"var":0.0000122652663777},"spectral_energyband_middle_low":{"dmean":0.00619131745771,"dmean2":0.0095102423802,"dvar":0.000115592280054,"dvar2":0.000261474313447,"max":0.202257141471,"mean":0.0111575108021,"median":0.00514144916087,"min":1.59345863887e-22,"var":0.000257478270214},"spectral_entropy":{"dmean":0.18336777389,"dmean2":0.262401103973,"dvar":0.0322845615447,"dvar2":0.0590227730572,"max":9.82665157318,"mean":7.82784318924,"median":7.88131427765,"min":5.8020067215,"var":0.161257579923},"spectral_flux":{"dmean":0.0369657017291,"dmean2":0.0548842996359,"dvar":0.00213923468255,"dvar2":0.0043565700762,"max":0.500176072121,"mean":0.116191610694,"median":0.0948400422931,"min":6.53286730268e-11,"var":0.00583626981825},"spectral_kurtosis":{"dmean":2.13726091385,"dmean2":3.03108644485,"dvar":5.82824707031,"dvar2":11.9081125259,"max":60.1347427368,"mean":9.04730606079,"median":8.15592098236,"min":-1.2407310009,"var":20.1954269409},"spectral_rms":{"dmean":0.0014544253936,"dmean2":0.00186932948418,"dvar":0.00000303127353618,"dvar2":0.0000050454200391,"max":0.0208574924618,"mean":0.00550376996398,"median":0.0048719169572,"min":3.14753453336e-12,"var":0.0000102557278296},"spectral_rolloff":{"dmean":4640.38964844,"dmean2":8479.42382812,"dvar":50148944,"dvar2":106380928,"max":22028.4667969,"mean":12997.9707031,"median":18389.3554688,"min":43.06640625,"var":88755848},"spectral_skewness":{"dmean":0.255567014217,"dmean2":0.351704180241,"dvar":0.0669013187289,"dvar2":0.127650916576,"max":5.88528251648,"mean":1.96504366398,"median":1.88944125175,"min":-0.0830208137631,"var":0.287919968367},"spectral_spread":{"dmean":638918.75,"dmean2":939345.1875,"dvar":481440595968,"dvar2":899116892160,"max":42196224,"mean":5696921.5,"median":5532704.5,"min":2360229.25,"var":5116180037630},"spectral_strongpeak":{"dmean":3.03789377213,"dmean2":5.60206794739,"dvar":113.29800415,"dvar2":304.451904297,"max":203.632629395,"mean":2.55892014503,"median":0.220510810614,"min":0,"var":97.9736175537},"zerocrossingrate":{"dmean":0.0475461855531,"dmean2":0.0565173961222,"dvar":0.00162910448853,"dvar2":0.00207353476435,"max":0.70947265625,"mean":0.286772102118,"median":0.271728515625,"min":0.04248046875,"var":0.0131781706586}},"metadata":{"audio_properties":{"analysis_sample_rate":44100,"bit_rate":241129,"codec":"mp3","downmix":"mix","equal_loudness":0,"length":333.166778564,"lossless":false,"md5_encoded":"99b9405d25c9bd2aad63e0c18c7a0b24","replay_gain":0.707857131958,"sample_rate":44100},"tags":{"acoustid_id":["4957c66f-1f28-4c8a-b538-d624a1df5a1a"],"album":["The Essential Clash"],"albumartist":["The Clash"],"artist":["The Clash"],"date":["2003"],"discnumber":["2/2"],"file_name":"2-09 - The Clash - The Magnificent Seven.mp3","musicbrainz_albumartistid":["8f92558c-2baa-4758-8c38-615519e9deda"],"musicbrainz_albumid":["ca7f8143-5258-461c-9faf-1a1ece7780b7"],"musicbrainz_artistid":["8f92558c-2baa-4758-8c38-615519e9deda"],"musicbrainz_recordingid":["860a7ffb-6226-47df-978f-af31436973c3"],"musicbrainz_releasegroupid":["41b94ac5-cddc-4f26-80f8-6fe445bbf0cf"],"replaygain_album_gain":["+0.38 dB"],"replaygain_album_peak":["0.501243"],"replaygain_track_gain":["+2.12 dB"],"replaygain_track_peak":["0.444769"],"title":["The Magnificent Seven"],"tracknumber":["9/20"]},"version":{"essentia":"2.1-beta1","essentia_build_sha":"e76a03f03bb3900de42a1fa0d9be1e72f12def64","essentia_git_sha":"v2.1_beta1-28-g21ef5f4-dirty","extractor":"music 1.0"}},"rhythm":{"beats_count":642,"beats_loudness":{"dmean":0.0460554361343,"dmean2":0.07888584584,"dvar":0.00155239447486,"dvar2":0.0046871714294,"max":0.304272443056,"mean":0.116345174611,"median":0.116579920053,"min":0,"var":0.00265350262634},"beats_loudness_band_ratio":{"dmean":[0.161597490311,0.0790752992034,0.0456416197121,0.0301824864,0.0107875699177,0.077611386776],"dmean2":[0.284042775631,0.138259649277,0.0809092968702,0.0535624437034,0.0202437229455,0.145142585039],"dvar":[0.0181271638721,0.00782165117562,0.00406027212739,0.00139031454455,0.00011365996761,0.00408964464441],"dvar2":[0.0545040071011,0.0218029469252,0.0106627028435,0.00393071305007,0.000335