{"lowlevel":{"average_loudness":0.895953834057,"barkbands":{"dmean":[0.00223938049749,0.00536007853225,0.00383077701554,0.00190242927056,0.00246068765409,0.00206886068918,0.00120242964476,0.00091740564676,0.00113063759636,0.00126902724151,0.000782059621997,0.000323004001984,0.000304863002384,0.000210331418202,0.000179270762601,0.000120968550618,0.0000584479566896,0.0000430407526437,0.0000257876727119,0.0000185627832252,0.0000118890302474,0.00000823635673441,0.00000415005206378,0.00000234191043091,0.00000206011236514,0.00000407019024351,0.000296854937915],"dmean2":[0.00358221144415,0.00877189822495,0.00648187054321,0.00319910002872,0.00393064878881,0.00321602076292,0.00198099832051,0.00141720392276,0.00174594705459,0.00194605567958,0.00124930078164,0.000514418701641,0.00048000033712,0.000331309332978,0.000287991628284,0.000191005150555,0.0000906361965463,0.0000644935134915,0.0000381919271604,0.0000267288505711,0.0000170027451531,0.0000117487588795,0.00000619040201855,0.00000381325207854,0.00000336839252668,0.00000616740180703,0.000389978435123],"dvar":[0.0000134754909595,0.0000516235013492,0.0000443817480118,0.00000973474288912,0.0000195654247364,0.0000152045531649,0.00000511352845933,0.00000505541811435,0.00000764381638874,0.0000123893423734,0.00000552840128876,5.97764028498e-7,4.1869284928e-7,1.66311110661e-7,1.80983604992e-7,7.60493463758e-8,1.06431610192e-8,8.11132228051e-9,2.35674235682e-9,1.10974140988e-9,5.04557118308e-10,2.16129891761e-10,4.71815087e-11,1.73678658261e-11,1.20650017754e-11,7.53813539367e-11,2.10860548577e-7],"dvar2":[0.0000317177982652,0.000139566880534,0.000116059469292,0.0000256082821579,0.0000487324541609,0.0000349661822838,0.0000122223391372,0.0000109875727503,0.0000162059332069,0.0000263686106337,0.0000126144686874,0.00000155380837441,9.24846290218e-7,4.12391017335e-7,4.78524782466e-7,1.84005159554e-7,2.56783341257e-8,1.77512511357e-8,4.93003105007e-9,2.28822050197e-9,1.04322961381e-9,4.61937044172e-10,1.04635126952e-10,4.28504176586e-11,2.94455848593e-11,1.7779684669e-10,3.84895855632e-7],"max":[0.041377864778,0.116028562188,0.118828721344,0.0544300228357,0.0608530305326,0.0826016515493,0.0700820162892,0.063675172627,0.0665129050612,0.094720877707,0.117217354476,0.0356353893876,0.019733492285,0.0100513314828,0.0197076220065,0.0117238964885,0.00205844268203,0.00369733991101,0.00145823217463,0.000716490787454,0.00104231806472,0.000410020322306,0.000150611027493,0.0000997647366603,0.0000459140064777,0.000251930643572,0.0103146694601],"mean":[0.00249985838309,0.00792223587632,0.00470846239477,0.00229827221483,0.00348809803836,0.00338645186275,0.00181752687786,0.001401579706,0.00166213640478,0.00183415913489,0.00117882108316,0.000515659397934,0.000499379704706,0.000338043289958,0.000288738083327,0.000199002475711,0.000106293031422,0.0000729888342903,0.0000443836797785,0.0000339878752129,0.000022817752324,0.0000157760168804,0.00000712809196557,0.00000266389770331,0.00000212487907447,0.00000621429035164,0.000749335158616],"median":[0.000913799740374,0.00510546891019,0.00241413712502,0.00111169810407,0.00156775093637,0.00149109354243,0.00088995299302,0.000492060265969,0.000488833640702,0.000455200148281,0.000325310393237,0.000194453052245,0.000193390442291,0.000149534578668,0.00012092164252,0.0000953836934059,0.0000508642624482,0.000031519390177,0.0000199722908292,0.0000163825425261,0.0000119647393149,0.00000943175928114,0.00000429665942647,0.00000118996422316,7.73727037995e-7,0.00000316735895467,0.000436129892478],"min":[3.5376006304e-25,4.46792791245e-24,1.3622265076e-24,1.09008882239e-24,9.13210390775e-24,8.84312759208e-24,5.93740222948e-24,3.94924161208e-24,1.06147443133e-23,1.46373282959e-23,9.23586278261e-24,2.43481587075e-23,2.02410348683e-23,3.68533474378e-23,3.39927358471e-23,5.63670273079e-23,8.05394735597e-23,9.65012156962e-23,1.19274784371e-22,1.07427418861e-22,2.1200908196e-22,3.25070444431e-22,3.82103093639e-22,5.82550529197e-22,9.1139652503e-22,1.25842019853e-21,1.95652226533e-21],"var":[0.000016565896658,0.0000773028659751,0.0000486859062221,0.0000121337880046,0.0000281647135125,0.0000366839158232,0.00000936843571253,0.0000101342347989,0.0000145586827784,0.0000244679413299,0.0000140773499879,0.00000151169024321,9.62752437772e-7,3.15137697271e-7,2.8379139394e-7,1.20669710668e-7,2.62167159093e-8,1.85489774651e-8,5.06545605461e-9,2.56327958859e-9,1.11900422262e-9,4.54011189754e-10,9.16133766071e-11,1.90923873933e-11,1.34963975759e-11,1.1088763241e-10,8.14913391878e-7]},"barkbands_crest":{"dmean":2.71872329712,"dmean2":4.52121543884,"dvar":5.51672363281,"dvar2":14.0145578384,"max":24.7232170105,"mean":9.53873538971,"median":8.80830669403,"min":2.98840641975,"var":13.8506231308},"barkbands_flatness_db":{"dmean":0.0250867139548,"dmean2":0.0395997315645,"dvar":0.000497106346302,"dvar2":0.00120439822786,"max":0.464121729136,"mean":0.158352807164,"median":0.152693450451,"min":0.0213323105127,"var":0.0020718537271},"barkbands_kurtosis":{"dmean":6.80878162384,"dmean2":10.8569765091,"dvar":283.71105957,"dvar2":612.537719727,"max":690.420166016,"mean":14.174706459,"median":8.14092445374,"min":-1.86678814888,"var":739.995849609},"barkbands_skewness":{"dmean":0.668252825737,"dmean2":1.05366015434,"dvar":0.554680645466,"dvar2":1.30931031704,"max":20.8590812683,"mean":2.69249463081,"median":2.43150043488,"min":-2.1004486084,"var":2.46655988693},"barkbands_spread":{"dmean":5.98847150803,"dmean2":9.38905525208,"dvar":46.5981369019,"dvar2":103.114082336,"max":133.04473877,"mean":21.0411090851,"median":18.5817298889,"min":0.30301630497,"var":174.380844116},"dissonance":{"dmean":0.0276291258633,"dmean2":0.0470016933978,"dvar":0.000677148171235,"dvar2":0.00184157909825,"max":0.500000238419,"mean":0.453392982483,"median":0.461426854134,"min":0.200336664915,"var":0.00119695137255},"dynamic_complexity":3.68772292137,"erbbands":{"dmean":[0.219126239419,1.09878385067,4.00677204132,5.64516210556,6.88430118561,9.17195606232,10.7107276917,18.9363117218,17.9352588654,17.5130596161,20.1346645355,24.5170135498,40.1499404907,27.9901733398,27.5674114227,13.2912311554,14.4328527451,10.1287603378,9.61196327209,8.25317955017,4.67544984818,3.22774839401,2.41996836662,1.63118493557,1.07475745678,0.863182544708,0.600935220718,0.414224207401,0.304859638214,0.208081841469,0.106591962278,0.0590440891683,0.0347851701081,0.0230384916067,0.0147001687437,0.00870580784976,0.00774211669341,0.0228679031134,0.0267491508275,0.00761908013374],"dmean2":[0.367966532707,1.79961633682,6.7315325737,9.32223701477,11.3381166458,14.8533754349,16.8529567719,29.4802589417,29.3324375153,27.6568927765,30.9541950226,37.632068634,61.3159446716,42.9481010437,43.4019355774,20.8141498566,22.6973190308,15.7688837051,15.0968132019,13.0562372208,7.28483629227,4.91838884354,3.63326573372,2.39020299911,1.54708909988,1.25098633766,0.861458063126,0.589458286762,0.436940789223,0.302263617516,0.160448774695,0.093928553164,0.057067155838,0.0377350747585,0.0239733513445,0.0140982754529,0.011633454822,0.0306957419962,0.0344416461885,0.00989461038262],"dvar":[0.109937988222,2.30001378059,46.983757019,78.1564025879,147.069168091,323.634002686,426.907196045,1579.99255371,1233.39050293,1456.71398926,3117.02709961,3807.76269531,14721.9609375,6028.47607422,6864.26367188,1272.66149902,1004.15466309,395.022094727,431.973724365,343.037597656,68.7604217529,31.8555164337,24.7340965271,8.95946311951,3.68663644791,2.24982142448,1.19629108906,0.591218411922,0.30399543047,0.13626767695,0.0339599475265,0.0115104531869,0.00365767348558,0.00153099675663,0.000604771019425,0.000201566013857,0.000308640039293,0.00280502205715,0.0025132317096,0.000124245721963],"dvar2":[0.290218234062,6.33496952057,123.410339355,199.930114746,378.171478271,802.117919922,1067.04821777,3579.17480469,2966.60888672,3251.89746094,6765.04882812,7680.73925781,30748.8574219,12860.5166016,15346.0556641,3305.63037109,2202.69189453,972.795471191,1094.23278809,828.342529297,168.159896851,74.6315994263,56.4182777405,19.1500320435,7.28675603867,4.68821430206,2.43263816833,1.2898478508,0.641931414604,0.29970729351,0.0791476666927,0.0281716473401,0.00898711755872,0.00373874627985,0.00147540832404,0.000490357168019,0.000741185271181,0.00608523050323,0.0047806580551,0.000214430576307],"max":[4.59927654266,24.5251350403,117.312294006,133.199172974,181.909606934,257.742095947,467.663970947,1007.05285645,1188.02807617,1912.44836426,1861.41137695,1842.63012695,3281.29345703,2902.63256836,4963.70947266,1813.63745117,1099.6192627,533.042602539,843.715209961,646.092956543,186.72303772,104.632255554,165.072631836,90.7733383179,56.8983383179,29.3735580444,34.5985374451,35.318195343,15.8623113632,11.501039505,4.34204053879,2.85983228683,1.11274194717,0.519427835941,0.323450922966,0.206320792437,0.522830307484,1.50712859631,1.56701421738,0.253398120403],"mean":[0.254015296698,1.68134355545,5.3361415863,7.32992935181,9.11989879608,12.3308582306,16.2532100677,30.5182228088,27.9165611267,27.8932971954,31.5356998444,37.2345581055,60.5499076843,45.0249862671,44.1426048279,23.2987976074,24.6266384125,17.8766422272,16.67760849,14.2637243271,8.71087360382,6.21743774414,4.31504487991,2.86153936386,1.9460297823,1.58855581284,1.11018681526,0.797291457653,0.583950102329,0.380850225687,0.177472651005,0.0767903253436,0.0360737629235,0.0236250888556,0.0153440162539,0.00958231277764,0.012379957363,0.0477207414806,0.0600232332945,0.0203994717449],"median":[0.132967591286,1.03478908539,2.94739747047,3.82311439514,4.50452613831,4.80651187897,7.9988489151,12.3379459381,12.7285242081,13.1258029938,10.7368869781,11.6099033356,14.2804946899,15.3951778412,14.6953678131,9.68533706665,9.98080158234,8.05233383179,7.72310781479,6.36219120026,4.61812114716,3.04852223396,1.90848767757,1.31733584404,0.915199697018,0.76778626442,0.545733273029,0.448135674,0.348869889975,0.227840602398,0.105595603585,0.0406138673425,0.0134205566719,0.00854064151645,0.00573767349124,0.00399218592793,0.00674847560003,0.0231877937913,0.0296305641532,0.0132251512259],"min":[1.18430589606e-22,1.02332450264e-21,2.45839552274e-21,7.6946311596e-21,1.75870181989e-20,2.43274496698e-20,5.30533902417e-20,7.71200518364e-20,1.72568267622e-19,2.09077693415e-19,1.83454132505e-19,2.14034120871e-19,4.36910492298e-19,4.4541287502e-19,9.82355869758e-19,1.1272215614e-18,1.65655656245e-18,2.10054534265e-18,2.50717078817e-18,3.28747383464e-18,3.81176282716e-18,5.5364401946e-18,5.49332381876e-18,5.06497495599e-18,7.88367643851e-18,5.55500212754e-18,8.49159959481e-18,1.12120460826e-17,1.17756422843e-17,1.04083019784e-17,1.14129665991e-17,1.0049944176e-17,9.16374505388e-18,8.94350904297e-18,6.21767719577e-18,3.63140560717e-18,2.37966089674e-18,9.67260960952e-19,2.60614160429e-19,2.71686599776e-20],"var":[0.118012450635,3.7291469574,54.8312492371,104.327445984,194.525482178,451.715698242,688.097106934,3722.04614258,2613.77075195,2710.27587891,5995.16503906,7548.60449219,30256.2773438,12608.1542969,19138.2421875,3337.91943359,2417.87402344,830.90222168,767.466064453,640.042236328,143.09513855,85.3983612061,57.9369239807,20.0712432861,8.73978328705,5.38705968857,2.74053835869,1.2822637558,0.63033413887,0.266640216112,0.0594548285007,0.0137792211026,0.00397818069905,0.00169859919697,0.000683521968313,0.000236532519921,0.00041685233009,0.00601113634184,0.00758763542399,0.000483339390485]},"erbbands_crest":{"dmean":3.01728725433,"dmean2":4.93335056305,"dvar":8.70116519928,"dvar2":21.0255718231,"max":31.5714874268,"mean":9.26730537415,"median":7.93018245697,"min":2.15726876259,"var":22.5765743256},"erbbands_flatness_db":{"dmean":0.0223845615983,"dmean2":0.0342106409371,"dvar":0.000364670268027,"dvar2":0.000825566472486,"max":0.366961032152,"mean":0.153872936964,"median":0.1498272717,"min":0.0348163619637,"var":0.00167254754342},"erbbands_kurtosis":{"dmean":1.20215201378,"dmean2":1.91395330429,"dvar":3.44183254242,"dvar2":7.91241455078,"max":47.8690338135,"mean":1.19643831253,"median":0.509306669235,"min":-1.54482138157,"var":7.17953824997},"erbbands_skewness":{"dmean":0.358720213175,"dmean2":0.560962975025,"dvar":0.108405604959,"dvar2":0.256318479776,"max":5.26444578171,"mean":0.494927763939,"median":0.453396439552,"min":-2.10921478271,"var":0.443247884512},"erbbands_spread":{"dmean":5.63541316986,"dmean2":8.7700586319,"dvar":27.5150680542,"dvar2":63.2420272827,"max":87.115852356,"mean":25.4786071777,"median":23.8611984253,"min":1.69912266731,"var":130.120376587},"gfcc":{"cov":[[24071.7402344,1671.07568359,-1515.96875,-503.709259033,-43.8688201904,-509.836090088,205.973892212,-465.33114624,146.881896973,-264.087219238,-139.517181396,-69.6253051758,-89.9716796875],[1671.07568359,637.472473145,-72.3924942017,-131.671066284,28.9743900299,-47.2464027405,66.4977035522,-92.7611541748,48.249168396,-48.6300621033,0.258766323328,-13.63372612,-4.79628801346],[-1515.96875,-72.3924942017,441.800537109,257.162811279,-18.2091312408,115.047782898,-77.314666748,107.941146851,-36.5497016907,54.9594192505,15.880197525,-8.29732131958,-10.4289360046],[-503.709259033,-131.671066284,257.162811279,335.962249756,74.0237121582,-11.6824951172,1.52469313145,29.5879020691,13.6639490128,36.5380516052,6.49495887756,9.51988887787,-39.7767562866],[-43.8688201904,28.9743900299,-18.2091312408,74.0237121582,156.148071289,-32.7097396851,69.469619751,-38.1941070557,37.8271942139,-8.26503562927,6.82337188721,5.0236325264,-7.65342950821],[-509.836090088,-47.2464027405,115.047782898,-11.6824951172,-32.7097396851,228.784698486,-40.9001083374,86.4145736694,-58.9485206604,14.6522474289,1.24801933765,-5.08762311935,36.8826828003],[205.973892212,66.4977035522,-77.314666748,1.52469313145,69.469619751,-40.9001083374,165.607635498,-36.3874702454,57.2938461304,-29.9503097534,-9.33631420135,27.1620979309,-17.8761692047],[-465.33114624,-92.7611541748,107.941146851,29.5879020691,-38.1941070557,86.4145736694,-36.3874702454,153.19090271,-0.32676962018,29.2402534485,0.0907214060426,-24.1777667999,19.022485733],[146.881896973,48.249168396,-36.5497016907,13.6639490128,37.8271942139,-58.9485206604,57.2938461304,-0.32676962018,113.786758423,23.1617641449,0.0175414774567,6.82146501541,-21.0160942078],[-264.087219238,-48.6300621033,54.9594192505,36.5380516052,-8.26503562927,14.6522474289,-29.9503097534,29.2402534485,23.1617641449,74.8913269043,37.5121765137,-0.897422611713,-1.08188283443],[-139.517181396,0.258766323328,15.880197525,6.49495887756,6.82337188721,1.24801933765,-9.33631420135,0.0907214060426,0.0175414774567,37.5121765137,60.7385101318,27.7019920349,9.25423526764],[-69.6253051758,-13.63372612,-8.29732131958,9.51988887787,5.0236325264,-5.08762311935,27.1620979309,-24.1777667999,6.82146501541,-0.897422611713,27.7019920349,67.1829681396,22.5164604187],[-89.9716796875,-4.79628801346,-10.4289360046,-39.7767562866,-7.65342950821,36.8826828003,-17.8761692047,19.022485733,-21.0160942078,-1.08188283443,9.25423526764,22.5164604187,65.4373016357]],"icov":[[0.0000959224344115,-0.000385343562812,0.000781478127465,-0.000646319182124,0.000306848436594,-0.000113166948722,0.000159337127116,-0.000190156439203,0.000170446146512,-0.000113274109026,0.000169273494976,-0.0000731321488274,0.0000878896462382],[-0.000385343562812,0.00428386591375,-0.00485660647973,0.00407872255892,-0.000727253267542,0.000171697043697,-0.00149254885036,0.00351061415859,-0.00381373800337,0.00440382771194,-0.00456785224378,0.00425694743171,-0.00209145830013],[0.000781478127465,-0.00485660647973,0.0146777760237,-0.0123640727252,0.00462167151272,-0.0036772757303,0.00304037844762,-0.0045163393952,0.00319326552562,-0.00262486166321,0.00142439012416,-0.00158019596711,0.00162321492098],[-0.000646319182124,0.00407872255892,-0.0123640727252,0.0161160882562,-0.00870374124497,0.0043803662993,-0.00113372225314,0.000328740279656,0.00090524967527,-0.00350928609259,0.0048131197691,-0.00586380902678,0.00491370121017],[0.000306848436594,-0.000727253267542,0.00462167151272,-0.00870374124497,0.0149811254814,-0.00300829182379,-0.00374745693989,0.00472079496831,-0.00568641442806,0.00730002159253,-0.0102763986215,0.0111765051261,-0.00723183946684],[-0.000113166948722,0.000171697043697,-0.0036772757303,0.0043803662993,-0.00300829182379,0.00888152047992,-0.00109793350566,-0.0041817468591,0.00577136222273,-0.00505755795166,0.00523144938052,-0.00410996004939,-0.000064195941377],[0.000159337127116,-0.00149254885036,0.00304037844762,-0.00113372225314,-0.00374745693989,-0.00109793350566,0.0123614743352,-0.00222439970821,-0.0031468665693,0.00300219282508,0.00296085234731,-0.00788854528219,0.00544379698113],[-0.000190156439203,0.00351061415859,-0.0045163393952,0.000328740279656,0.00472079496831,-0.0041817468591,-0.00222439970821,0.0163605697453,-0.00905509386212,0.00598729401827,-0.00864833686501,0.0137041769922,-0.00928024668247],[0.000170446146512,-0.00381373800337,0.00319326552562,0.00090524967527,-0.00568641442806,0.00577136222273,-0.0031468665693,-0.00905509386212,0.0241194088012,-0.0202325358987,0.0171479787678,-0.0141718294472,0.00873173121363],[-0.000113274109026,0.00440382771194,-0.00262486166321,-0.00350928609259,0.00730002159253,-0.00505755795166,0.00300219282508,0.00598729401827,-0.0202325358987,0.0439351648092,-0.0348011963069,0.0204632654786,-0.00749158300459],[0.000169273494976,-0.00456785224378,0.00142439012416,0.0048131197691,-0.0102763986215,0.00523144938052,0.00296085234731,-0.00864833686501,0.0171479787678,-0.0348011963069,0.0517377071083,-0.031522911042,0.0106849214062],[-0.0000731321488274,0.00425694743171,-0.00158019596711,-0.00586380902678,0.0111765051261,-0.00410996004939,-0.00788854528219,0.0137041769922,-0.0141718294472,0.0204632654786,-0.031522911042,0.0451714359224,-0.0214181039482],[0.0000878896462382,-0.00209145830013,0.00162321492098,0.00491370121017,-0.00723183946684,-0.000064195941377,0.00544379698113,-0.00928024668247,0.00873173121363,-0.00749158300459,0.0106849214062,-0.0214181039482,0.0304093193263]],"mean":[-35.9891853333,114.643981934,-75.4295501709,-14.7304916382,-11.2275247574,-19.9857120514,2.86699342728,-20.6504383087,3.8530228138,-9.8313035965,-5.77100419998,-2.28725934029,-5.84096097946]},"hfc":{"dmean":71.0487060547,"dmean2":98.9921798706,"dvar":10082.3994141,"dvar2":20055.4160156,"max":1482.13256836,"mean":146.912216187,"median":104.584945679,"min":1.05851391313e-16,"var":20266.5917969},"melbands":{"dmean":[0.0017049490707,0.00180894229561,0.000933405943215,0.000598117650952,0.000352928705979,0.000411840330344,0.000264362781309,0.000187905534403,0.000165180172189,0.000162676762557,0.000206565135159,0.000120509423141,0.000109466505819,0.0000399875425501,0.0000338600002578,0.0000289585732389,0.0000197191329789,0.0000168988244695,0.0000135083128043,0.000010145718079,0.00000537444202564,0.00000360862441084,0.00000291550463771,0.00000191994786292,0.00000136423170716,9.19588785564e-7,7.25299912574e-7,5.86798421409e-7,4.25946552696e-7,3.03786208633e-7,2.35126307757e-7,1.89984916688e-7,1.49228696955e-7,1.05866149624e-7,6.60401795471e-8,4.73282071312e-8,3.23060689311e-8,2.48900118294e-8,2.12073771877e-8,1.88198292506e-8],"dmean2":[0.0027952096425,0.00299841747619,0.00152813293971,0.000964323640801,0.000548838346731,0.000639422331005,0.000432024040492,0.000292872951832,0.000253333360888,0.000249441538472,0.000316368532367,0.000186394405318,0.000174340675585,0.000062340979639,0.0000533984566573,0.0000456759626104,0.0000311462099489,0.0000268186777248,0.0000216701773752,0.0000161058906087,0.00000851003187563,0.00000558543706575,0.00000452252652394,0.00000290580646833,0.0000020463060082,0.00000137345011808,0.00000106802997379,8.73129522461e-7,6.26667713277e-7,4.47909741297e-7,3.42572974432e-7,2.7843867656e-7,2.20327052602e-7,1.56782775207e-7,1.00736777142e-7,7.3783134269e-8,5.25501206994e-8,4.09347222785e-8,3.4798109283e-8,3.08151477668e-8],"dvar":[0.00000577407445235,0.00000801379246695,0.0000020391819362,0.00000120545632853,4.31131638834e-7,6.83166376803e-7,2.55210892419e-7,1.57798965006e-7,2.05027816946e-7,1.67988858379e-7,3.76943830815e-7,1.12474268121e-7,1.17770575514e-7,7.50008233297e-9,5.80439518671e-9,3.93033561252e-9,1.64159641436e-9,1.20428345074e-9,1.03629838044e-9,6.13727013654e-10,9.71905125824e-11,4.01205041412e-11,4.81656554918e-11,1.39183170197e-11,6.58648526344e-12,3.13453343143e-12,1.7677222533e-12,1.04585513427e-12,6.16632884077e-13,3.85725305863e-13,1.61999902967e-13,1.18611419514e-13,8.52504712331e-14,3.1669562399e-14,1.34403147723e-14,7.36747563456e-15,3.66910786421e-15,1.92343161695e-15,1.31423525102e-15,1.01976530569e-15],"dvar2":[0.0000150480454977,0.0000212264476431,0.00000517075659445,0.00000303762817566,0.0000010711428331,0.00000154465544711,6.10981317095e-7,3.42830418276e-7,4.34103498037e-7,3.48594454636e-7,7.90423314356e-7,2.39127956547e-7,2.69541260423e-7,1.83585342484e-8,1.45553542552e-8,8.40748626274e-9,4.11447720339e-9,3.02451663714e-9,2.76932521359e-9,1.46316325722e-9,2.49183146339e-10,9.60728649413e-11,1.1604116279e-10,3.16176182458e-11,1.45814072622e-11,6.67048881409e-12,3.67499130086e-12,2.2951608062e-12,1.31264996702e-12,8.3611112825e-13,3.6147720559e-13,2.59385476422e-13,1.92382771497e-13,7.02748948443e-14,3.22310639278e-14,1.78843773151e-14,9.03994557704e-15,4.73296091718e-15,3.2181682754e-15,2.49081240151e-15],"max":[0.0357636958361,0.0468221977353,0.0207772962749,0.0147385736927,0.0131649589166,0.0196542162448,0.0168645866215,0.0183664001524,0.017434887588,0.0110872667283,0.016937289387,0.0124773113057,0.0188910067081,0.00312787620351,0.00279652606696,0.00216359272599,0.00107402331196,0.00103919731919,0.00140767567791,0.00103019748349,0.000253024103586,0.000131591747049,0.000308094546199,0.000105848484964,0.0000761799601605,0.0000554312682652,0.0000344146756106,0.0000173191056092,0.0000166972531588,0.0000311342992063,0.0000165018918779,0.0000083828708739,0.00000898652069736,0.00000515150895808,0.00000295240351988,0.00000195992652152,0.0000016148683244,9.12779910323e-7,4.79731795622e-7,4.23532355853e-7],"mean":[0.00235560629517,0.00267811049707,0.00129205663688,0.000815365405288,0.000552246405277,0.000677493517287,0.00041502044769,0.000298453465803,0.000251386256423,0.000239577828324,0.000304286164464,0.000183153446415,0.000167129473994,0.0000650640868116,0.0000556556078664,0.0000479575392092,0.0000314135431836,0.0000271051740128,0.0000218408040382,0.000015699533833,0.00000912635005079,0.00000650374931865,0.00000494626601721,0.00000315749957736,0.00000223585448111,0.00000153776625211,0.00000124599512219,0.00000101853959222,7.27985934645e-7,5.44667955182e-7,4.33349839568e-7,3.4597337617e-7,2.6700385547e-7,1.8487034481e-7,1.0758974156e-7,6.79705749462e-8,3.72679203053e-8,2.51975169618e-8,2.14960085287e-8,1.92612006344e-8],"median":[0.00144212064333,0.00166772061493,0.000728566490579,0.000343376188539,0.000278338149656,0.000284626235953,0.000191132596228,0.000136020185892,0.0000814092491055,0.0000694167247275,0.0000690639935783,0.0000576680322411,0.0000477264038636,0.000026293371775,0.0000208575038414,0.0000193749947357,0.0000131407196022,0.0000118197658594,0.00000916740827961,0.00000668089660394,0.00000473944601254,0.0000030898231671,0.00000217811589209,0.00000135307959681,9.99005692393e-7,6.91584261858e-7,5.81343329031e-7,4.82219320475e-7,3.35653538741e-7,2.83493818642e-7,2.44593991283e-7,2.02728557497e-7,1.57696803171e-7,1.09875074372e-7,6.34577403957e-8,3.80642362074e-8,1.69796230409e-8,8.96835405939e-9,7.54983364715e-9,6.90924650826e-9],"min":[1.57435081058e-24,1.67474164381e-24,1.32682962852e-24,9.74569017502e-25,1.6653847674e-24,1.71273239614e-24,2.31309380477e-24,1.86827210082e-24,1.62411905901e-24,1.25371316806e-24,1.95802100323e-24,1.51340962932e-24,2.95662049884e-24,2.97795504481e-24,2.78372861525e-24,3.10364602777e-24,3.66539999205e-24,2.83352605154e-24,2.89432356151e-24,4.40032450503e-24,3.82929925575e-24,4.63483313063e-24,4.24262450476e-24,4.75909962802e-24,2.96281719846e-24,4.7151640199e-24,5.39927918526e-24,2.6998464714e-24,4.221437673e-24,4.72603531203e-24,5.37750307441e-24,5.72176749547e-24,5.83853705324e-24,5.256018495e-24,6.27525242253e-24,6.70107283385e-24,5.86735453654e-24,5.19554323472e-24,4.93292591734e-24,6.34572531149e-24],"var":[0.00000750345725464,0.0000106216120912,0.00000284108591586,0.0000016335283135,7.298144169e-7,0.00000168362373643,5.42921497981e-7,3.18861054893e-7,3.91810033307e-7,3.21452120033e-7,7.67289122905e-7,2.28084715559e-7,3.12701729399e-7,1.75375181044e-8,1.41144971266e-8,9.48721279315e-9,3.02017988396e-9,2.15352202737e-9,1.63816260557e-9,9.67344537806e-10,1.68856900684e-10,9.57593310202e-11,1.08463404924e-10,2.83773074483e-11,1.32425286015e-11,6.37889524188e-12,3.73733552786e-12,2.34926553037e-12,1.27507455549e-12,7.4041657137e-13,3.57673526213e-13,2.2987972745e-13,1.47327611807e-13,6.2255681567e-14,2.25824269224e-14,1.01415720643e-14,3.94564209864e-15,2.0611930555e-15,1.44240859423e-15,1.13204831082e-15]},"melbands_crest":{"dmean":3.82701349258,"dmean2":6.39072227478,"dvar":10.731584549,"dvar2":29.2451229095,"max":34.434261322,"mean":14.1568164825,"median":13.6526947021,"min":1.51035392284,"var":25.6162700653},"melbands_flatness_db":{"dmean":0.031801648438,"dmean2":0.0504789538682,"dvar":0.00077189237345,"dvar2":0.00188087066635,"max":0.626211464405,"mean":0.279707014561,"median":0.276277720928,"min":0.00333605264314,"var":0.00405514054},"melbands_kurtosis":{"dmean":6.66658973694,"dmean2":10.810051918,"dvar":128.839599609,"dvar2":330.095123291,"max":243.565246582,"mean":12.0038166046,"median":6.21648836136,"min":-1.70413172245,"var":355.951599121},"melbands_skewness":{"dmean":0.751043736935,"dmean2":1.1900537014,"dvar":0.511512160301,"dvar2":1.29145252705,"max":11.350607872,"mean":2.32061600685,"median":2.10853004456,"min":-1.81997311115,"var":2.35478258133},"melbands_spread":{"dmean":3.67111134529,"dmean2":5.82618427277,"dvar":17.8828582764,"dvar2":41.7171211243,"max":184.300521851,"mean":13.8292617798,"median":11.4375648499,"min":0.32085993886,"var":225.374938965},"mfcc":{"cov":[[9433.84960938,1919.75646973,-916.718444824,110.840148926,-329.196899414,144.876525879,-202.696914673,76.0361862183,-32.6102981567,21.2070674896,-47.3283081055,-105.557556152,-57.5361709595],[1919.75646973,1147.84082031,-175.286727905,-9.56847572327,-77.8294296265,79.5290908813,-45.3984794617,30.1330299377,5.07063388824,4.54609012604,7.4204249382,-19.9900093079,-4.72600460052],[-916.718444824,-175.286727905,501.804962158,36.0556030273,134.491241455,-19.4534759521,66.0968704224,-4.85295438766,11.2434711456,4.03127002716,29.1314353943,28.2429618835,3.87398052216],[110.840148926,-9.56847572327,36.0556030273,394.487304688,41.4646530151,49.5648117065,-35.3672981262,16.8736686707,-14.0634527206,27.2227134705,26.0343608856,25.188999176,22.5279560089],[-329.196899414,-77.8294296265,134.491241455,41.4646530151,155.54006958,3.98338365555,38.1841697693,-18.6796035767,12.0970067978,5.99352407455,14.2632961273,15.3544301987,4.50979661942],[144.876525879,79.5290908813,-19.4534759521,49.5648117065,3.98338365555,125.69442749,16.6435661316,28.5187072754,-8.78259563446,-1.29087889194,-9.19934654236,-4.26588487625,12.6476078033],[-202.696914673,-45.3984794617,66.0968704224,-35.3672981262,38.1841697693,16.6435661316,105.584381104,20.5112781525,10.0722703934,-13.2455615997,-11.5137405396,2.50089979172,2.84070706367],[76.0361862183,30.1330299377,-4.85295438766,16.8736686707,-18.6796035767,28.5187072754,20.5112781525,90.8059082031,36.0700531006,6.8058423996,-8.53612232208,-2.22035002708,3.92434501648],[-32.6102981567,5.07063388824,11.2434711456,-14.0634527206,12.0970067978,-8.78259563446,10.0722703934,36.0700531006,74.9604034424,30.6420555115,4.78215312958,1.20883715153,1.66639876366],[21.2070674896,4.54609012604,4.03127002716,27.2227134705,5.99352407455,-1.29087889194,-13.2455615997,6.8058423996,30.6420555115,67.0213851929,35.1085662842,5.5924448967,-6.1053237915],[-47.3283081055,7.4204249382,29.1314353943,26.0343608856,14.2632961273,-9.19934654236,-11.5137405396,-8.53612232208,4.78215312958,35.1085662842,62.3413696289,28.2086639404,-0.289403676987],[-105.557556152,-19.9900093079,28.2429618835,25.188999176,15.3544301987,-4.26588487625,2.50089979172,-2.22035002708,1.20883715153,5.5924448967,28.2086639404,55.7770805359,26.9860744476],[-57.5361709595,-4.72600460052,3.87398052216,22.5279560089,4.50979661942,12.6476078033,2.84070706367,3.92434501648,1.66639876366,-6.1053237915,-0.289403676987,26.9860744476,52.957233429]],"icov":[[0.000192293911823,-0.000283304892946,0.000227954413276,-0.0000914205229492,0.0000418213239755,0.0000427820268669,0.000053382209444,-0.0000850489814184,0.000121422890516,-0.000127526698634,0.00015876958787,0.0000239276869252,0.000165664008819],[-0.000283304892946,0.00142082048114,-0.000105404891656,0.000219318069867,0.000180084476597,-0.000799084547907,0.000281833781628,0.0000320962753904,-0.000550257682335,0.000677218253259,-0.00104028428905,0.000377737538656,-0.000211364065763],[0.000227954413276,-0.000105404891656,0.00313218636438,-0.000240629640757,-0.00198951899074,0.000631262315437,-0.00102498650085,-0.000594266457483,0.000338173675118,0.000327886664309,-0.00105207110755,-0.000125835838844,0.000314709992381],[-0.0000914205229492,0.000219318069867,-0.000240629640757,0.00338742090389,-0.00138880719896,-0.00103826413397,0.00184034579434,-0.0016509918496,0.00196678028442,-0.00162598385941,-0.0000258649488387,-0.000736393383704,-0.000987527193502],[0.0000418213239755,0.000180084476597,-0.00198951899074,-0.00138880719896,0.0104900561273,-0.00134590349626,-0.00315060513094,0.00473631313071,-0.00403927545995,0.00106587831397,-0.000967822095845,-0.00073277100455,0.00066208554199],[0.0000427820268669,-0.000799084547907,0.000631262315437,-0.00103826413397,-0.00134590349626,0.0109265111387,-0.00199682964012,-0.00407530367374,0.00444978382438,-0.00241245096549,0.00130696233828,0.00211086007766,-0.00320181297138],[0.000053382209444,0.000281833781628,-0.00102498650085,0.00184034579434,-0.00315060513094,-0.00199682964012,0.0135801332071,-0.00358051247895,-0.0002081777493,0.00190048606601,0.00183727964759,-0.00160642829724,0.000711621367373],[-0.0000850489814184,0.0000320962753904,-0.000594266457483,-0.0016509918496,0.00473631313071,-0.00407530367374,-0.00358051247895,0.0186409465969,-0.0109951533377,0.0022652647458,0.00107611145359,-0.000880449835677,0.00109859311488],[0.000121422890516,-0.000550257682335,0.000338173675118,0.00196678028442,-0.00403927545995,0.00444978382438,-0.0002081777493,-0.0109951533377,0.0257345326245,-0.0141108231619,0.00541067728773,-0.000521421374287,-0.0028126987163],[-0.000127526698634,0.000677218253259,0.000327886664309,-0.00162598385941,0.00106587831397,-0.00241245096549,0.00190048606601,0.0022652647458,-0.0141108231619,0.0316433534026,-0.0190498940647,0.00603227503598,0.00171923812013],[0.00015876958787,-0.00104028428905,-0.00105207110755,-0.0000258649488387,-0.000967822095845,0.00130696233828,0.00183727964759,0.00107611145359,0.00541067728773,-0.0190498940647,0.0370289646089,-0.0198711734265,0.00772148929536],[0.0000239276869252,0.000377737538656,-0.000125835838844,-0.000736393383704,-0.00073277100455,0.00211086007766,-0.00160642829724,-0.000880449835677,-0.000521421374287,0.00603227503598,-0.0198711734265,0.0371958911419,-0.0182592477649],[0.000165664008819,-0.000211364065763,0.000314709992381,-0.000987527193502,0.00066208554199,-0.00320181297138,0.000711621367373,0.00109859311488,-0.0028126987163,0.00171923812013,0.00772148929536,-0.0182592477649,0.0296635739505]],"mean":[-699.030395508,182.126754761,-6.90323019028,24.900604248,-1.8768389225,15.8503103256,-3.28032422066,6.73446321487,2.86847114563,2.34653949738,1.01488649845,-0.123000629246,2.96826887131]},"pitch_salience":{"dmean":0.0787460505962,"dmean2":0.129008352757,"dvar":0.00430173845962,"dvar2":0.0112068867311,"max":0.989811718464,"mean":0.572460591793,"median":0.583185195923,"min":0.111751034856,"var":0.0121197393164},"silence_rate_20dB":{"dmean":0,"dmean2":0,"dvar":0,"dvar2":0,"max":1,"mean":1,"median":1,"min":1,"var":0},"silence_rate_30dB":{"dmean":0.0406476072967,"dmean2":0.0813045501709,"dvar":0.0389934033155,"dvar2":0.094440728426,"max":1,"mean":0.961653292179,"median":1,"min":0,"var":0.0368732437491},"silence_rate_60dB":{"dmean":0.00895625259727,"dmean2":0.0179145615548,"dvar":0.00887611322105,"dvar2":0.0214976370335,"max":1,"mean":0.0572904720902,"median":0,"min":0,"var":0.0540070347488},"spectral_centroid":{"dmean":127.5701828,"dmean2":197.346710205,"dvar":30763.2128906,"dvar2":60852.9453125,"max":11895.8408203,"mean":797.788269043,"median":645.701599121,"min":99.7422485352,"var":1230748.625},"spectral_complexity":{"dmean":2.92364215851,"dmean2":4.24827766418,"dvar":8.19040203094,"dvar2":14.8626146317,"max":45,"mean":14.8825483322,"median":15,"min":0,"var":55.1030654907},"spectral_contrast_coeffs":{"dmean":[0.0548794008791,0.0511294044554,0.0411217883229,0.0274501331151,0.020399171859,0.041389785707],"dmean2":[0.0917413085699,0.085330657661,0.0678897127509,0.0449075214565,0.0334398373961,0.0646274015307],"dvar":[0.00188615976367,0.00165186042432,0.00109800486825,0.000507934426423,0.000294988363748,0.00129832059611],"dvar2":[0.00516818510368,0.00450864993036,0.00285808532499,0.00131239707116,0.000747910700738,0.00314238481224],"max":[-0.387955904007,-0.43334800005,-0.510878622532,-0.595978975296,-0.664202451706,-0.547702431679],"mean":[-0.680055856705,-0.754057586193,-0.783203482628,-0.81528121233,-0.83110243082,-0.765905439854],"median":[-0.681127429008,-0.758158802986,-0.789441585541,-0.819299459457,-0.829766511917,-0.770201802254],"min":[-0.98247730732,-0.980510115623,-0.992158591747,-0.98622494936,-0.975449383259,-0.964546918869],"var":[0.00603134930134,0.00490965740755,0.0045940275304,0.00227213650942,0.0012807600433,0.00404930952936]},"spectral_contrast_valleys":{"dmean":[0.43141824007,0.377003878355,0.357957780361,0.308215349913,0.321024000645,0.64823448658],"dmean2":[0.688915669918,0.593525707722,0.540935516357,0.449296921492,0.444761514664,1.02009046078],"dvar":[0.136502072215,0.117744125426,0.113230675459,0.0978585332632,0.112304039299,0.313913285732],"dvar2":[0.299530535936,0.246027633548,0.214432865381,0.169919550419,0.198158606887,0.757087349892],"max":[-5.12801790237,-4.5938835144,-5.16597318649,-5.64642858505,-6.3192691803,-9.11319160461],"mean":[-7.04951572418,-6.61995029449,-7.27712869644,-7.86270284653,-8.38116836548,-11.5485305786],"median":[-6.66511058807,-6.22927570343,-6.8792719841,-7.48394680023,-8.06165122986,-11.2733068466],"min":[-28.1305065155,-28.1130847931,-27.8185443878,-27.8718833923,-27.4934558868,-27.4813156128],"var":[5.55347967148,5.75889778137,5.56420993805,5.24483299255,4.93163013458,3.81804943085]},"spectral_decrease":{"dmean":3.2324616317e-9,"dmean2":5.02822850024e-9,"dvar":1.47276745282e-17,"dvar2":3.60134056975e-17,"max":1.27646138104e-9,"mean":-7.22716375634e-9,"median":-5.80752734791e-9,"min":-5.12389846108e-8,"var":3.55942368852e-17},"spectral_energy":{"dmean":0.0162340682,"dmean2":0.023163029924,"dvar":0.00038282139576,"dvar2":0.000795386265963,"max":0.249535173178,"mean":0.0406024493277,"median":0.0330326259136,"min":9.99225698132e-21,"var":0.00104037160054},"spectral_energyband_high":{"dmean":0.000250419980148,"dmean2":0.00032158792601,"dvar":1.68302861425e-7,"dvar2":2.92356588716e-7,"max":0.0102686611935,"mean":0.000614703749306,"median":0.000338950369041,"min":7.2161742221e-21,"var":6.12795588495e-7},"spectral_energyband_low":{"dmean":0.00961989723146,"dmean2":0.0153216747567,"dvar":0.000159552655532,"dvar2":0.00040149470442,"max":0.182363852859,"mean":0.0158943682909,"median":0.0111719407141,"min":2.10470645422e-23,"var":0.000256025377894},"spectral_energyband_middle_high":{"dmean":0.00200262782164,"dmean2":0.00291456538253,"dvar":0.0000155534544319,"dvar2":0.0000323440835928,"max":0.127198696136,"mean":0.00471547851339,"median":0.00247178832069,"min":1.13892531565e-21,"var":0.0000541616718692},"spectral_energyband_middle_low":{"dmean":0.00642105378211,"dmean2":0.00946479756385,"dvar":0.0000757977031753,"dvar2":0.000168196260347,"max":0.115715354681,"mean":0.0147534292191,"median":0.0103479782119,"min":1.27239843511e-22,"var":0.000223220646149},"spectral_entropy":{"dmean":0.192360192537,"dmean2":0.295046627522,"dvar":0.0309500377625,"dvar2":0.0720915794373,"max":9.82264995575,"mean":7.24596977234,"median":7.24116706848,"min":5.24863004684,"var":0.182317703962},"spectral_flux":{"dmean":0.0294572636485,"dmean2":0.0444774925709,"dvar":0.000872550124768,"dvar2":0.0017690124223,"max":0.39121222496,"mean":0.110024191439,"median":0.105185970664,"min":6.43800290856e-11,"var":0.00301453936845},"spectral_kurtosis":{"dmean":5.47135877609,"dmean2":8.53642368317,"dvar":32.626663208,"dvar2":80.0234222412,"max":97.5099639893,"mean":23.2387828827,"median":21.9063911438,"min":-1.26837098598,"var":86.7724609375},"spectral_rms":{"dmean":0.00118864327669,"dmean2":0.00164461380336,"dvar":0.00000135245284127,"dvar2":0.00000257616443378,"max":0.0156028503552,"mean":0.00575407408178,"median":0.00567687861621,"min":3.12226568384e-12,"var":0.00000650265565127},"spectral_rolloff":{"dmean":6459.63671875,"dmean2":12476.0048828,"dvar":76013712,"dvar2":169380992,"max":22028.4667969,"mean":10758.2958984,"median":3273.046875,"min":64.599609375,"var":98089968},"spectral_skewness":{"dmean":0.397456258535,"dmean2":0.61367726326,"dvar":0.148605167866,"dvar2":0.35528370738,"max":7.66131734848,"mean":3.51310610771,"median":3.46962547302,"min":-0.095858193934,"var":0.58982437849},"spectral_spread":{"dmean":496527.875,"dmean2":774489.5625,"dvar":391214596096,"dvar2":817430855680,"max":42686044,"mean":4258197,"median":3823585.75,"min":1337940,"var":15196415328300},"spectral_strongpeak":{"dmean":1.74223041534,"dmean2":3.29779052734,"dvar":78.8654785156,"dvar2":232.959594727,"max":121.221290588,"mean":1.36664032936,"median":0.291801571846,"min":0,"var":43.1613426208},"zerocrossingrate":{"dmean":0.0359147153795,"dmean2":0.0470358170569,"dvar":0.000931111921091,"dvar2":0.00159867841285,"max":0.634765625,"mean":0.247728288174,"median":0.24267578125,"min":0.0244140625,"var":0.0049354606308}},"metadata":{"audio_properties":{"analysis_sample_rate":44100,"bit_rate":160000,"codec":"mp3","downmix":"mix","equal_loudness":0,"length":202.213882446,"lossless":false,"md5_encoded":"5c478c290d800f49df539f7538e5798d","replay_gain":0.146156311035,"sample_rate":44100},"tags":{"album":["Eat a Peach"],"album artist credit":["The Allman Brothers Band"],"albumartist":["The Allman Brothers Band"],"albumartistsort":["Allman Brothers Band, The"],"artist":["The Allman Brothers Band"],"artist credit":["The Allman Brothers Band"],"artistsort":["Allman Brothers Band, The"],"bpm":["0"],"composer":["Berry Oakley/Gregory L. Allman"],"date":["1990"],"discnumber":["1/1"],"encodedby":["iTunes v4.8.0.32"],"file_name":"07 - The Allman Brothers Band - Stand Back.mp3","genre":["Rock - Roots Rock"],"language":["eng"],"musicbrainz album release country":["US"],"musicbrainz album status":["Official"],"musicbrainz album type":["album"],"musicbrainz_albumartistid":["72359492-22be-4ed9-aaa0-efa434fb2b01"],"musicbrainz_albumid":["fbaff7d3-5708-360b-9a50-63978ecd0d26"],"musicbrainz_artistid":["72359492-22be-4ed9-aaa0-efa434fb2b01"],"musicbrainz_recordingid":["860b141d-9fd2-4e7c-8a13-b1ed780fec0c"],"musicbrainz_releasegroupid":["0b1189ad-0bdf-34bc-89e4-ff05133ec51b"],"originaldate":["1972-02-12"],"replaygain_album_gain":["0.00 dB"],"replaygain_album_peak":["0.000000"],"replaygain_track_gain":["1.23 dB"],"replaygain_track_peak":["0.598145"],"script":["Latn"],"title":["Stand Back"],"tracknumber":["7/9"]},"version":{"essentia":"2.1-beta1","essentia_build_sha":"5a811adb4c06fd6d02ca903f7349a26d851abfa8","essentia_git_sha":"v2.1_beta1-34-gf95df8b","extractor":"music 1.0"}},"rhythm":{"beats_count":511,"beats_loudness":{"dmean":0.0343897603452,"dmean2":0.062010884285,"dvar":0.000809584162198,"dvar2":0.00247303047217,"max":0.165114045143,"mean":0.0600826479495,"median":0.0554863885045,"min":0,"var":0.00132849265356},"beats_loudness_band_ratio":{"dmean":[0.181184336543,0.118217416108,0.0974678918719,0.06272842