{"lowlevel":{"average_loudness":0.2425801754,"barkbands":{"dmean":[0.00000684225187797,0.000569476105738,0.00164228095673,0.00248940242454,0.00274005136453,0.000590028939769,0.000373733229935,0.000247132818913,0.000319513579598,0.000404334830819,0.000197655928787,0.000151529995492,0.000175834953552,0.000151784712216,0.00021056875994,0.000169861305039,0.000165774588822,0.000114207767183,0.000144026329508,0.0000628057823633,0.0000316948899126,0.000010866611774,0.00000702397892383,0.00000672729947837,0.00000619163938609,0.00000413256429965,3.90054736954e-7],"dmean2":[0.0000109802285806,0.00101085472852,0.00285933050327,0.00432991050184,0.00448015797883,0.00094473187346,0.00058420113055,0.000396351912059,0.000473723455798,0.00059153343318,0.000295290694339,0.00022929100669,0.000260876724496,0.000234257662669,0.000324747496052,0.000262940186076,0.000255809078226,0.000168188547832,0.000212830374949,0.0000935879943427,0.0000467298159492,0.0000165062956512,0.0000107180048872,0.00000974830345513,0.00000858370731294,0.0000056301028053,5.61998035664e-7],"dvar":[6.94100943388e-10,0.00000433589093518,0.0000281367520074,0.0000423984347435,0.0000315622273774,0.00000170543501099,0.00000108564688617,8.16887677502e-7,0.00000239977248384,0.00000681446636008,0.00000101230341443,5.56521172257e-7,8.92382786333e-7,5.16393129146e-7,3.80776810971e-7,1.7508335759e-7,1.79124270971e-7,8.11657798749e-8,8.73668142276e-8,1.82250072811e-8,5.8771569833e-9,5.62954072247e-10,3.51466383774e-10,3.50614703937e-10,2.80147821607e-10,1.85775256289e-10,2.13679573167e-12],"dvar2":[1.5671934861e-9,0.0000125814349303,0.0000807991891634,0.000122700061183,0.0000826214745757,0.00000436907475887,0.00000221812365453,0.00000188565013559,0.00000505844809595,0.0000130252683448,0.00000216828243538,0.00000120603715459,0.00000164879645581,0.00000104092441688,8.39067013203e-7,4.08626135595e-7,3.98673677182e-7,1.5451614388e-7,1.81093611218e-7,3.71831205825e-8,1.28318555781e-8,1.24102539356e-9,7.81438913577e-10,6.92119417334e-10,5.85062331915e-10,3.62025631695e-10,4.49792200014e-12],"max":[0.000730286352336,0.0376616232097,0.0848491638899,0.11166305095,0.120057277381,0.0259471070021,0.0641261786222,0.0408810451627,0.07701587677,0.139198988676,0.0530765466392,0.0553971491754,0.0982373952866,0.0638488382101,0.0248932093382,0.0145951928571,0.0178924817592,0.0122671322897,0.00917076691985,0.00401783548295,0.00318778958172,0.000794282823335,0.000833827070892,0.00114802806638,0.00104731111787,0.000285008951323,0.0000296506550512],"mean":[0.00000832680143503,0.000703069556039,0.00243580783717,0.00371679267846,0.00544628500938,0.00121244159527,0.000705547980033,0.000428554601967,0.000591016898397,0.000697330047842,0.000325680623064,0.000245987961534,0.000311706098728,0.000266023038421,0.000380616053008,0.000313087541144,0.000339964026352,0.000260290835286,0.000340682920069,0.000154774839757,0.0000793279104983,0.0000313724049192,0.0000208445453609,0.0000205165888474,0.0000165647725225,0.00000636241702523,4.92906053751e-7],"median":[6.35834680907e-7,0.000181188152055,0.000659227196593,0.00143343885429,0.00285359821282,0.000509889970999,0.000188882404473,0.0000797133834567,0.000131975044496,0.0000726864745957,0.0000398533775297,0.0000305590328935,0.0000441015326942,0.0000363782382919,0.0000863814057084,0.0000767288147472,0.000114918853797,0.0000868920978974,0.000130686763441,0.0000645086183795,0.0000284151847154,0.00000900198210729,0.00000475918204756,0.00000441658221462,0.00000226942324844,2.72228476206e-7,3.10738990095e-8],"min":[4.27453649217e-25,2.95514611781e-24,1.15752735788e-24,4.73448204018e-24,1.30487817361e-23,1.00922541256e-23,1.67356115291e-23,1.15791031041e-23,2.01167261668e-23,2.89998994939e-23,1.6562759483e-23,2.23850499459e-23,2.51039679185e-23,5.98369929272e-23,4.28172684099e-23,6.21240521527e-23,5.33798382518e-23,1.01322222367e-22,1.38866971678e-22,2.10788909777e-22,2.58473519392e-22,3.11197019059e-22,3.94625206591e-22,6.35309092154e-22,9.64424032758e-22,1.19112453205e-21,2.0782147506e-21],"var":[8.90660600827e-10,0.00000363069193554,0.0000303762390104,0.0000438962997578,0.000063656407292,0.00000391683670387,0.00000395010056309,0.00000287680768452,0.0000056043108998,0.000018072900275,0.00000234947356148,0.00000105428978259,0.00000271677276942,0.00000220113315663,8.6044838099e-7,4.16602176756e-7,4.85647376536e-7,3.05598064188e-7,3.27866416683e-7,6.44106918912e-8,2.08393498013e-8,3.01293079374e-9,1.6393754132e-9,1.57931656641e-9,1.13767784082e-9,3.52263357373e-10,3.40952808521e-12]},"barkbands_crest":{"dmean":2.26859402657,"dmean2":3.77498245239,"dvar":4.55105161667,"dvar2":12.4602165222,"max":25.6611118317,"mean":11.4338169098,"median":10.9041976929,"min":2.46294164658,"var":17.0139923096},"barkbands_flatness_db":{"dmean":0.0184273775667,"dmean2":0.0291514135897,"dvar":0.000344611529727,"dvar2":0.000824980728794,"max":0.431841313839,"mean":0.184581130743,"median":0.175699964166,"min":0.0201851259917,"var":0.00467505538836},"barkbands_kurtosis":{"dmean":4.03219270706,"dmean2":6.33684015274,"dvar":49.6155471802,"dvar2":107.184036255,"max":376.895294189,"mean":11.0897636414,"median":4.40066099167,"min":-1.85798549652,"var":388.064056396},"barkbands_skewness":{"dmean":0.544898986816,"dmean2":0.855144023895,"dvar":0.339696347713,"dvar2":0.801949441433,"max":13.7490196228,"mean":2.37475705147,"median":2.11302471161,"min":-2.19366312027,"var":2.46056890488},"barkbands_spread":{"dmean":3.81915593147,"dmean2":6.00823688507,"dvar":21.5563049316,"dvar2":51.3958129883,"max":109.136871338,"mean":16.28855896,"median":14.9044971466,"min":0.404566586018,"var":118.639923096},"dissonance":{"dmean":0.0152820702642,"dmean2":0.0255014933646,"dvar":0.000251097575529,"dvar2":0.000677018251736,"max":0.500000119209,"mean":0.461804866791,"median":0.471126526594,"min":0.21544021368,"var":0.000995590351522},"dynamic_complexity":6.91283226013,"erbbands":{"dmean":[0.00648099044338,0.176295235753,1.42209994793,5.53471946716,9.78127193451,9.33706378937,4.48204135895,5.10149908066,5.21669054031,5.33440256119,5.17716884613,6.99064302444,8.96932601929,12.4281568527,7.15804481506,5.10117101669,8.17837715149,7.32310628891,10.0481815338,8.85426998138,10.4379663467,9.00836467743,6.0976433754,6.3609662056,6.463139534,3.07611298561,1.73957705498,0.832649469376,0.440506279469,0.26730120182,0.178151801229,0.160252168775,0.111787430942,0.0806296467781,0.0416093319654,0.0195252243429,0.00781957246363,0.00120963295922,0.000060081925767,0.00000821284447738],"dmean2":[0.0112218186259,0.311898380518,2.46803092957,9.68838596344,16.218744278,15.4724311829,7.28536939621,8.28904056549,8.2582988739,8.29043292999,8.06512928009,10.2519731522,12.9828529358,18.2595615387,10.2633810043,7.45595788956,12.1676950455,11.0543613434,15.3628330231,13.4162893295,16.1271190643,13.7456445694,8.79905891418,9.40979385376,9.48765468597,4.52355766296,2.56243896484,1.23220098019,0.669609665871,0.40989407897,0.268240600824,0.237548932433,0.165559992194,0.117028526962,0.0584689080715,0.0263680145144,0.0111127896234,0.00172612268943,0.0000831018041936,0.0000128506699184],"dvar":[0.000559462758247,0.399172484875,20.5721359253,262.211425781,383.691040039,342.33013916,84.7199554443,145.163299561,187.177200317,383.941680908,299.356201172,941.170349121,3995.52270508,5237.65478516,860.833862305,643.52746582,2401.53686523,1046.2565918,1098.22094727,583.47253418,690.48449707,579.014404297,206.4296875,169.780654907,199.808914185,44.4761047363,17.8731212616,3.71120762825,0.984942138195,0.399339497089,0.258360892534,0.257574260235,0.0811937898397,0.0609529390931,0.010901376605,0.00338712520897,0.000774009851739,0.0000211309707083,4.37206715276e-8,3.13832737575e-10],"dvar2":[0.00146542873699,1.16720116138,59.2176933289,758.875915527,994.028198242,939.151123047,221.497375488,377.667694092,414.190673828,818.698425293,661.489257812,1902.52856445,7536.21875,9709.0625,1487.88354492,1311.70739746,4583.55615234,2009.04492188,2026.56713867,1153.44274902,1643.43579102,1321.23791504,371.533874512,363.390045166,391.740814209,91.8880691528,37.7365875244,7.98723602295,2.23196744919,0.949948191643,0.542126655579,0.536898672581,0.173917517066,0.135701432824,0.0219975020736,0.00621491950005,0.00161443266552,0.0000445335572294,8.80287274185e-8,7.75687070131e-10],"max":[0.536249399185,10.9337158203,62.4400444031,289.246459961,434.671569824,349.271850586,247.915969849,311.117279053,661.239562988,1294.96118164,792.658203125,1651.84313965,4557.48730469,4200.38427734,2200.78442383,2237.11352539,5417.01806641,3285.85107422,2434.55932617,1339.70629883,862.369445801,1260.62939453,578.943237305,408.967803955,669.952087402,216.485488892,156.976791382,73.1603469849,33.0615119934,22.6944580078,28.9906349182,36.5971755981,11.3850641251,18.2919788361,3.44871592522,1.44843161106,0.528896212578,0.0927354320884,0.00367869017646,0.000264702946879],"mean":[0.00873050652444,0.232470735908,2.24681329727,8.50859737396,17.4936599731,17.9991416931,9.27953529358,10.0033788681,9.68103981018,10.7403087616,9.24853801727,13.1595697403,16.195941925,22.6880493164,13.5746192932,9.5204372406,14.8658428192,13.6533689499,18.5320186615,17.0025234222,19.8237762451,19.537481308,15.3027162552,15.4480285645,15.3982286453,7.86203956604,4.34391880035,2.21307444572,1.23898661137,0.78406816721,0.537615358829,0.46024993062,0.318704396486,0.212002575397,0.102433428168,0.0370295867324,0.0104226395488,0.00149756821338,0.0000870994699653,0.0000248074302363],"median":[0.00217180745676,0.0680187270045,0.685667037964,3.4274263382,8.52662754059,9.11638641357,4.88770055771,3.96413731575,3.09117102623,2.54330515862,2.22651004791,3.12878751755,2.80776762962,2.8497800827,2.31713795662,1.55330085754,2.30060720444,2.37952041626,4.00774669647,4.04360437393,5.61924505234,7.02633190155,5.35825681686,6.23076868057,5.88291597366,3.31765580177,1.66565859318,0.757126092911,0.364416152239,0.201825469732,0.126990184188,0.0984792485833,0.0647374689579,0.031153421849,0.0125094447285,0.00262129446492,0.000304900720948,0.0000408316191169,0.0000131855504151,0.0000155419784278],"min":[5.59071529546e-23,7.43395859893e-22,2.11730670858e-21,1.4157477296e-20,1.82913479502e-20,3.24933540587e-20,2.60985047536e-20,8.96305188287e-20,1.79335496837e-19,2.0027938683e-19,3.6727217278e-19,4.3052845783e-19,4.36507086653e-19,7.59822364695e-19,8.0757069347e-19,1.0495740139e-18,1.61241996272e-18,2.2865788828e-18,1.71019736402e-18,3.61551298606e-18,4.74001953389e-18,3.95586678885e-18,5.95922833569e-18,6.10343114547e-18,7.62904791209e-18,1.03577546255e-17,9.30578850867e-18,1.17128435593e-17,1.00473410386e-17,1.28442239781e-17,1.11207013548e-17,1.0963938221e-17,1.06534824478e-17,9.05983297097e-18,6.9817137355e-18,4.5068848821e-18,2.34632158895e-18,1.06783568028e-18,2.89971420754e-19,2.89503973235e-20],"var":[0.000622134481091,0.329658687115,21.8061714172,254.083847046,735.316650391,683.158569336,187.917541504,312.486877441,495.217529297,1811.39526367,748.061279297,2457.02148438,11253.1435547,14466.8935547,2900.68212891,1411.37402344,7007.48046875,4110.67089844,3727.60229492,1531.08728027,1609.20385742,1532.23059082,1014.24981689,632.182739258,742.809631348,161.104446411,59.8921737671,15.8484325409,4.7994184494,1.95205819607,1.1003279686,0.899529933929,0.367547303438,0.20920664072,0.0409472025931,0.0079382089898,0.00126092170831,0.000033476138924,7.68190133726e-8,8.55346904416e-10]},"erbbands_crest":{"dmean":2.01351833344,"dmean2":3.23197364807,"dvar":4.3319478035,"dvar2":10.7206449509,"max":31.7626399994,"mean":8.99928569794,"median":7.94219303131,"min":2.38886642456,"var":16.8350334167},"erbbands_flatness_db":{"dmean":0.0121101150289,"dmean2":0.0176778603345,"dvar":0.00017083340208,"dvar2":0.000327087152982,"max":0.355488955975,"mean":0.185335606337,"median":0.182277277112,"min":0.0421890877187,"var":0.00194889679551},"erbbands_kurtosis":{"dmean":0.862667620182,"dmean2":1.35124659538,"dvar":4.20471334457,"dvar2":9.80298137665,"max":130.900024414,"mean":0.866567790508,"median":-0.642750263214,"min":-1.89409351349,"var":29.4968509674},"erbbands_skewness":{"dmean":0.330554306507,"dmean2":0.50361508131,"dvar":0.129249155521,"dvar2":0.276813477278,"max":9.6319026947,"mean":0.421322286129,"median":0.211702883244,"min":-2.75489759445,"var":1.33227598667},"erbbands_spread":{"dmean":6.57280492783,"dmean2":10.2812347412,"dvar":51.638710022,"dvar2":117.177749634,"max":149.395568848,"mean":43.4516181946,"median":44.1603660583,"min":2.45138382912,"var":308.58013916},"gfcc":{"cov":[[24227.7207031,-913.729614258,-3434.2956543,906.740234375,-1311.09106445,1606.0567627,-912.701965332,-47.8328819275,-387.828796387,320.360778809,-9.96459674835,-197.977981567,-283.66809082],[-913.729614258,1236.42736816,-37.1577186584,-10.2163877487,350.372436523,-528.416381836,307.171173096,-171.724243164,92.0478363037,-58.7521591187,12.1121826172,-96.8443908691,73.0798187256],[-3434.2956543,-37.1577186584,1469.26245117,-146.131851196,139.54510498,56.4746742249,-28.4103775024,145.250579834,40.4942054749,-43.480430603,-37.3386383057,72.0244445801,-4.59529829025],[906.740234375,-10.2163877487,-146.131851196,393.356414795,11.4588651657,-31.2590656281,5.1220536232,-10.2740287781,-13.9308671951,-47.5458106995,-11.6505146027,-32.8019180298,32.1159629822],[-1311.09106445,350.372436523,139.54510498,11.4588651657,350.623138428,-229.754013062,142.94909668,-45.6608543396,31.5596637726,0.91053134203,-19.32172966,-14.9620609283,12.5649700165],[1606.0567627,-528.416381836,56.4746742249,-31.2590656281,-229.754013062,615.735778809,-200.376785278,80.4185409546,-19.7099475861,56.6660270691,40.4659957886,13.1517457962,-57.9266777039],[-912.701965332,307.171173096,-28.4103775024,5.1220536232,142.94909668,-200.376785278,268.036132812,-9.68935108185,9.55404472351,-35.3708305359,-12.8374404907,-9.7753534317,21.2331237793],[-47.8328819275,-171.724243164,145.250579834,-10.2740287781,-45.6608543396,80.4185409546,-9.68935108185,188.194458008,8.6826543808,-23.0243644714,-22.2218036652,13.7626152039,-2.36979222298],[-387.828796387,92.0478363037,40.4942054749,-13.9308671951,31.5596637726,-19.7099475861,9.55404472351,8.6826543808,112.563072205,29.7260398865,-6.56682682037,-19.8954238892,-1.19967293739],[320.360778809,-58.7521591187,-43.480430603,-47.5458106995,0.91053134203,56.6660270691,-35.3708305359,-23.0243644714,29.7260398865,122.062675476,25.8182315826,-6.14637327194,-35.7073707581],[-9.96459674835,12.1121826172,-37.3386383057,-11.6505146027,-19.32172966,40.4659957886,-12.8374404907,-22.2218036652,-6.56682682037,25.8182315826,84.5473480225,10.8367776871,-4.26859855652],[-197.977981567,-96.8443908691,72.0244445801,-32.8019180298,-14.9620609283,13.1517457962,-9.7753534317,13.7626152039,-19.8954238892,-6.14637327194,10.8367776871,80.1381072998,7.73231458664],[-283.66809082,73.0798187256,-4.59529829025,32.1159629822,12.5649700165,-57.9266777039,21.2331237793,-2.36979222298,-1.19967293739,-35.7073707581,-4.26859855652,7.73231458664,77.5157775879]],"icov":[[0.000318749807775,-0.00104362308048,0.000710992491804,-0.000848795520142,0.000731173611712,-0.000971759553067,0.000968211272266,-0.000771435967181,0.00146914971992,-0.0012896648841,0.00164454942569,-0.00096919684438,0.00102657545358],[-0.00104362308048,0.00589219899848,-0.00242558936588,0.00333588384092,-0.00330362305976,0.00419606640935,-0.00439832685515,0.00400285143405,-0.00632592616603,0.00562843075022,-0.00713312858716,0.0058066546917,-0.00437890877947],[0.000710992491804,-0.00242558936588,0.00251603499055,-0.0015937788412,0.000934517127462,-0.00239557400346,0.00259228586219,-0.00238728965633,0.00295023084618,-0.00232619978487,0.00389809394255,-0.00300525734201,0.00246194354258],[-0.000848795520142,0.00333588384092,-0.0015937788412,0.00536175444722,-0.00254481029697,0.00270829210058,-0.00249089393765,0.00230752793141,-0.00404250156134,0.00490392651409,-0.00475476915017,0.00433114636689,-0.00387530750595],[0.000731173611712,-0.00330362305976,0.000934517127462,-0.00254481029697,0.00695041380823,-0.00137249939144,0.000795164960437,-0.00131877104286,0.00352282985114,-0.00477840518579,0.00485815573484,-0.00264734844677,0.00287459790707],[-0.000971759553067,0.00419606640935,-0.00239557400346,0.00270829210058,-0.00137249939144,0.00623675435781,-0.00227905320935,0.00199859868735,-0.00469613261521,0.00367813440971,-0.00667649693787,0.00427943840623,-0.00238057016395],[0.000968211272266,-0.00439832685515,0.00259228586219,-0.00249089393765,0.000795164960437,-0.00227905320935,0.00933997798711,-0.00391580536962,0.00505207758397,-0.00315268407576,0.00525986263528,-0.00399224925786,0.00367914675735],[-0.000771435967181,0.00400285143405,-0.00238728965633,0.00230752793141,-0.00131877104286,0.00199859868735,-0.00391580536962,0.00959842000157,-0.0055038947612,0.00511062378064,-0.00325404922478,0.0030606223736,-0.00283653894439],[0.00146914971992,-0.00632592616603,0.00295023084618,-0.00404250156134,0.00352282985114,-0.00469613261521,0.00505207758397,-0.0055038947612,0.0185063220561,-0.0103577058762,0.00940371397883,-0.00318013015203,0.00390771916136],[-0.0012896648841,0.00562843075022,-0.00232619978487,0.00490392651409,-0.00477840518579,0.00367813440971,-0.00315268407576,0.00511062378064,-0.0103577058762,0.0186594463885,-0.0104913078249,0.00526492390782,-0.000320316641591],[0.00164454942569,-0.00713312858716,0.00389809394255,-0.00475476915017,0.00485815573484,-0.00667649693787,0.00525986263528,-0.00325404922478,0.00940371397883,-0.0104913078249,0.0237028598785,-0.00897511374205,0.00514046335593],[-0.00096919684438,0.0058066546917,-0.00300525734201,0.00433114636689,-0.00264734844677,0.00427943840623,-0.00399224925786,0.0030606223736,-0.00318013015203,0.00526492390782,-0.00897511374205,0.0208087917417,-0.00637341011316],[0.00102657545358,-0.00437890877947,0.00246194354258,-0.00387530750595,0.00287459790707,-0.00238057016395,0.00367914675735,-0.00283653894439,0.00390771916136,-0.000320316641591,0.00514046335593,-0.00637341011316,0.0200295187533]],"mean":[-102.181312561,119.538726807,-116.750785828,40.710357666,-45.1192016602,-16.7004451752,-41.336139679,0.856321692467,-35.0527420044,-13.4687509537,-23.0571155548,-11.8375406265,-7.72950792313]},"hfc":{"dmean":2.61743116379,"dmean2":3.61939740181,"dvar":25.2520141602,"dvar2":42.7069015503,"max":212.106689453,"mean":11.4679765701,"median":6.90152025223,"min":1.10179054694e-16,"var":209.313156128},"melbands":{"dmean":[0.000104423306766,0.000569760217331,0.00103080109693,0.000729398510884,0.000178882852197,0.000111761117296,0.0000796636886662,0.0000569525800529,0.0000439837458543,0.0000450088991784,0.0000475035594718,0.0000542963680346,0.0000266752940661,0.0000178628488356,0.0000168174592545,0.0000161064708664,0.0000146820493683,0.0000167415146279,0.0000136016442411,0.00000965060826275,0.000013561070773,0.000010686708265,0.00000757362840886,0.00000571879991185,0.00000561734577786,0.00000625031361778,0.00000317077206091,0.00000200612453227,0.00000132964339628,8.01687576768e-7,4.33252949961e-7,2.95704865039e-7,1.85829065913e-7,1.74656406671e-7,1.17635266861e-7,1.10193717262e-7,1.03586280886e-7,8.91487559329e-8,8.142698249e-8,7.12657239887e-8],"dmean2":[0.000184426855412,0.000991796492599,0.00177526136395,0.00119611190166,0.000294739351375,0.000180009694304,0.000125484526507,0.0000891160452738,0.0000673662434565,0.0000656360134599,0.0000686465427862,0.0000800123307272,0.0000386915344279,0.0000265079015662,0.0000254727456195,0.0000241672278207,0.0000222050712182,0.0000256616185652,0.0000207429784496,0.0000147427854245,0.0000211122169276,0.0000166476620507,0.0000113011401481,0.00000832103160064,0.00000854293557495,0.00000929606721911,0.00000471290832138,0.00000304016089103,0.00000202054070542,0.00000118400316751,6.63424316372e-7,4.61995796286e-7,2.84835323328e-7,2.75918324633e-7,1.81868983873e-7,1.692656042e-7,1.56739275781e-7,1.36304009857e-7,1.21878414916e-7,1.07314320985e-7],"dvar":[1.49113930092e-7,0.00000341022951034,0.00000690003025738,0.00000221790583055,1.17207477501e-7,6.67590356329e-8,4.3946407402e-8,4.45893064693e-8,2.70193236673e-8,4.1330523004e-8,1.0984511789e-7,1.05289252872e-7,1.39385791798e-8,5.60138158079e-9,8.50369907823e-9,9.70098845698e-9,5.11877074061e-9,4.12753831114e-9,1.74675141018e-9,5.57785873045e-10,1.23968091348e-9,8.88796924947e-10,4.14307088636e-10,2.15637924184e-10,1.37724900928e-10,1.97555874437e-10,4.98391362902e-11,2.15698101741e-11,1.17008338782e-11,3.38655839482e-12,1.08609887577e-12,4.72028937205e-13,1.53913259091e-13,2.16394014253e-13,1.10506466174e-13,1.07327422774e-13,1.18119015545e-13,5.49762397607e-14,5.6990504438e-14,3.98843386432e-14],"dvar2":[4.24828982659e-7,0.00000982571964414,0.000019704699298,0.00000586871465202,3.12178769946e-7,1.72021970002e-7,9.51705416696e-8,1.00508557921e-7,5.69779849968e-8,8.3282607477e-8,2.08426428117e-7,1.96380426587e-7,2.48031515326e-8,1.05820427976e-8,1.85538073794e-8,1.86558235526e-8,9.68802371659e-9,7.01782676416e-9,3.64027141764e-9,1.17819631829e-9,2.94922708477e-9,2.08264028245e-9,8.34815216955e-10,3.8527270263e-10,3.093013623e-10,4.04625916106e-10,9.94333296256e-11,4.63962757102e-11,2.62079299235e-11,7.21366195944e-12,2.48337071393e-12,1.10369775385e-12,3.50658033426e-13,5.51575007456e-13,2.46997057139e-13,2.41406341531e-13,2.55029233408e-13,1.26474256957e-13,1.2839591044e-13,9.16238588364e-14],"max":[0.00712094083428,0.0254850499332,0.04401929304,0.0302124302834,0.00832961965352,0.00616620667279,0.0113381883129,0.0133642312139,0.00870777759701,0.0115127693862,0.0227271858603,0.0180620532483,0.00883399229497,0.00356272561476,0.0080076418817,0.0106156794354,0.00751656480134,0.00541726360098,0.00147212087177,0.00115072878543,0.00107014423702,0.0014370190911,0.000778585439548,0.000620317354333,0.000346774642821,0.000451398867881,0.000436095549958,0.000172110521817,0.000137536975672,0.0000856082770042,0.0000381287645723,0.0000229653724091,0.0000141589871419,0.0000157133872563,0.0000181019549927,0.0000155103825819,0.0000254654933087,0.0000101675004771,0.0000156720179803,0.0000126684353745],"mean":[0.000131201581098,0.000870434741955,0.00170200190041,0.00145224516746,0.000372969196178,0.000222583985305,0.000149012659676,0.000113972208055,0.0000764463547966,0.0000832374134916,0.0000821838330012,0.0000960182223935,0.0000478119800391,0.0000294799629046,0.000029207296393,0.0000284189081867,0.0000248840424319,0.0000287958409899,0.0000252389036177,0.0000185060507647,0.0000238543634623,0.0000204736206797,0.0000161916959769,0.000012509478438,0.0000121586563182,0.0000138982659337,0.00000734446575734,0.00000462082925878,0.000002912494665,0.00000189238789972,0.00000103224488157,7.32802959647e-7,4.90906018058e-7,4.32859280863e-7,3.0906488746e-7,2.89107703111e-7,2.71026749488e-7,2.28485447451e-7,1.98592346123e-7,1.72241840346e-7],"median":[0.0000333375937771,0.000258207321167,0.000752396474127,0.000772399303969,0.000212126527913,0.0000884337860043,0.0000452700151072,0.000025857003493,0.0000179450707947,0.0000187199439097,0.0000125082451632,0.0000105830877146,0.00000715518444849,0.00000376315188078,0.00000388736953028,0.0000044447460823,0.0000035895570818,0.00000535511753696,0.00000568900532016,0.00000476043396702,0.00000605156083111,0.00000709465939508,0.00000463984497401,0.0000039955534703,0.00000454140081274,0.00000478074662169,0.00000301130717162,0.00000179351241059,0.00000105174819964,6.16048112079e-7,3.21230658074e-7,1.92869066495e-7,1.474236484e-7,9.38205673151e-8,7.1295389148e-8,5.85497268446e-8,5.6485305322e-8,4.6851599933e-8,3.37349987944e-8,2.31369554626e-8],"min":[8.83465838141e-25,9.63646054978e-25,3.04918800126e-24,1.51376570141e-24,9.21921229548e-25,2.09322900137e-24,3.16173537825e-24,2.12774146876e-24,2.9773527495e-24,2.87630795058e-24,1.58166473446e-24,2.87783084656e-24,2.07503510788e-24,2.93626394318e-24,3.28382974713e-24,3.53143208325e-24,4.66564130442e-24,2.60003209828e-24,3.53352926997e-24,4.79586094063e-24,5.55483230058e-24,3.40683229213e-24,4.1816522621e-24,4.89071633689e-24,4.17186170941e-24,4.29301260065e-24,5.53831394766e-24,6.38975282191e-24,5.25961727845e-24,3.9799736608e-24,6.89961729078e-24,4.94519309885e-24,6.26783003027e-24,5.95034388706e-24,5.56645222172e-24,5.95807077963e-24,5.86298976915e-24,7.60737698406e-24,6.11258733172e-24,7.36534735859e-24],"var":[1.33048217776e-7,0.00000346710294252,0.00000782272036304,0.00000444217857876,2.54057255233e-7,1.48602552485e-7,1.28503700125e-7,2.09169826348e-7,5.87764361626e-8,1.08306942082e-7,2.97673807381e-7,2.90423770366e-7,4.3334612343e-8,1.44304230787e-8,1.98423411035e-8,2.476297567e-8,1.97445082506e-8,1.42673215464e-8,4.14468370735e-9,1.4708790852e-9,2.66366351198e-9,1.93553373329e-9,1.57642454646e-9,8.31516966393e-10,4.33610175543e-10,6.98454405423e-10,1.56645002525e-10,6.55293388996e-11,3.02116109907e-11,1.29105927338e-11,3.82379891639e-12,1.87140363969e-12,7.56279641776e-13,7.33066493792e-13,3.79301841671e-13,3.83030656888e-13,3.30128583975e-13,2.02598761335e-13,1.71638799094e-13,1.37182704974e-13]},"melbands_crest":{"dmean":2.84934902191,"dmean2":4.78026294708,"dvar":6.77200841904,"dvar2":19.0098247528,"max":33.1254997253,"mean":16.1082191467,"median":15.7547159195,"min":1.0002528429,"var":23.8402385712},"melbands_flatness_db":{"dmean":0.0221452340484,"dmean2":0.0348921716213,"dvar":0.000527808500919,"dvar2":0.00127084727865,"max":0.573316931725,"mean":0.257957935333,"median":0.245341449976,"min":-3.02002320041e-7,"var":0.00811048876494},"melbands_kurtosis":{"dmean":8.75201416016,"dmean2":13.9650735855,"dvar":167.132507324,"dvar2":403.755401611,"max":337.11529541,"mean":25.2021789551,"median":15.3963985443,"min":-1.76572751999,"var":838.000976562},"melbands_skewness":{"dmean":0.729899942875,"dmean2":1.15808796883,"dvar":0.592331707478,"dvar2":1.45445621014,"max":12.9110651016,"mean":3.65996789932,"median":3.41516327858,"min":-0.972492456436,"var":3.43383169174},"melbands_spread":{"dmean":4.76599979401,"dmean2":7.50714540482,"dvar":40.387386322,"dvar2":97.2328872681,"max":156.675201416,"mean":16.5692195892,"median":12.7300577164,"min":0.422297775745,"var":219.636154175},"mfcc":{"cov":[[20206.4746094,-403.987243652,-2705.93383789,-556.605712891,-366.533782959,577.031188965,54.1171150208,-278.669799805,-282.307800293,-120.985527039,109.161369324,285.536865234,76.3816680908],[-403.987243652,1238.58300781,-251.297042847,350.628295898,-35.5579032898,-77.2131576538,43.0085945129,-100.181808472,50.9411888123,17.1353435516,6.30751514435,-49.7156219482,-0.930701076984],[-2705.93383789,-251.297042847,1289.78479004,-163.735244751,229.534286499,15.4042224884,-35.1506843567,169.714935303,36.3594589233,58.4037132263,-11.9825592041,-18.1584796906,-27.421169281],[-556.605712891,350.628295898,-163.735244751,596.113708496,0.994046092033,-114.884605408,38.8660774231,-10.4429264069,66.3888168335,-13.1614999771,-45.0072174072,-69.9629135132,-23.8586006165],[-366.533782959,-35.5579032898,229.534286499,0.994046092033,221.420852661,39.5213508606,-17.7566261292,21.7726783752,3.20574426651,34.3010139465,-4.37078237534,-1.66295456886,4.98282766342],[577.031188965,-77.2131576538,15.4042224884,-114.884605408,39.5213508606,230.146255493,16.7678394318,-36.2307014465,-28.3509502411,-4.71249198914,45.518032074,37.5928955078,6.76810073853],[54.1171150208,43.0085945129,-35.1506843567,38.8660774231,-17.7566261292,16.7678394318,136.736434937,39.4234886169,-4.5876584053,-0.0367542915046,-4.74421024323,2.45156240463,-6.1336183548],[-278.669799805,-100.181808472,169.714935303,-10.4429264069,21.7726783752,-36.2307014465,39.4234886169,154.101867676,46.3649520874,8.11522102356,-14.469748497,-12.7403469086,-9.12344455719],[-282.307800293,50.9411888123,36.3594589233,66.3888168335,3.20574426651,-28.3509502411,-4.5876584053,46.3649520874,116.469795227,39.7318725586,-7.17986774445,-9.7068939209,-10.351688385],[-120.985527039,17.1353435516,58.4037132263,-13.1614999771,34.3010139465,-4.71249198914,-0.0367542915046,8.11522102356,39.7318725586,94.3945236206,26.1732196808,-1.42357158661,1.40479421616],[109.161369324,6.30751514435,-11.9825592041,-45.0072174072,-4.37078237534,45.518032074,-4.74421024323,-14.469748497,-7.17986774445,26.1732196808,83.9033279419,33.4696731567,6.66537761688],[285.536865234,-49.7156219482,-18.1584796906,-69.9629135132,-1.66295456886,37.5928955078,2.45156240463,-12.7403469086,-9.7068939209,-1.42357158661,33.4696731567,96.5810165405,32.6047744751],[76.3816680908,-0.930701076984,-27.421169281,-23.8586006165,4.98282766342,6.76810073853,-6.1336183548,-9.12344455719,-10.351688385,1.40479421616,6.66537761688,32.6047744751,70.2554779053]],"icov":[[0.0000891143936315,0.00000976165756583,0.000233016136917,0.0000530805082235,0.00000130351190819,-0.00023709803645,0.00012058892753,-0.000216905245907,0.000201402159291,-0.000157735630637,0.000180555973202,-0.000203174757189,0.000127317398437],[0.00000976165756583,0.00112348177936,0.000037207682908,-0.00043054681737,-0.0000793512226664,0.000339107704349,-0.000668758992106,0.00110344507266,-0.000700038450304,0.000169557912159,-0.000666087609716,0.000563038163818,-0.000374193536118],[0.000233016136917,0.000037207682908,0.00181039923336,0.00040556685417,-0.00102068868,-0.000662110745907,0.000823038222734,-0.00185174681246,0.000728230166715,-0.000780254253186,0.000645250256639,-0.0005123410956,0.000858516257722],[0.0000530805082235,-0.00043054681737,0.00040556685417,0.00277321599424,-0.000982392346486,0.00109082763083,-0.00115498737432,0.000827654788736,-0.00187239202205,0.00147971627302,-0.000190862192539,0.00125706382096,0.000137141265441],[0.00000130351190819,-0.0000793512226664,-0.00102068868,-0.000982392346486,0.00671492191032,-0.00204303301871,0.00161061785184,-0.00111349252984,0.00191565789282,-0.00335397571325,0.00220465566963,-0.000651908223517,-0.000575183948968],[-0.00023709803645,0.000339107704349,-0.000662110745907,0.00109082763083,-0.00204303301871,0.00729685649276,-0.00287591759115,0.00343241728842,-0.00205556675792,0.00304601038806,-0.00419255672023,0.000554582104087,-0.000212501952774],[0.00012058892753,-0.000668758992106,0.000823038222734,-0.00115498737432,0.00161061785184,-0.00287591759115,0.0105866128579,-0.0057311062701,0.00416342867538,-0.00323107047006,0.00285125570372,-0.00244228984229,0.0016728672199],[-0.000216905245907,0.00110344507266,-0.00185174681246,0.000827654788736,-0.00111349252984,0.00343241728842,-0.0057311062701,0.013112636283,-0.00681835738942,0.00379552645609,-0.00230062683113,0.00258891051635,-0.00130421388894],[0.000201402159291,-0.000700038450304,0.000728230166715,-0.00187239202205,0.00191565789282,-0.00205556675792,0.00416342867538,-0.00681835738942,0.0156097197905,-0.00835324265063,0.00418304512277,-0.00320043275133,0.00251578283496],[-0.000157735630637,0.000169557912159,-0.000780254253186,0.00147971627302,-0.00335397571325,0.00304601038806,-0.00323107047006,0.00379552645609,-0.00835324265063,0.0179493483156,-0.00812714267522,0.00374476844445,-0.0020296080038],[0.000180555973202,-0.000666087609716,0.000645250256639,-0.000190862192539,0.00220465566963,-0.00419255672023,0.00285125570372,-0.00230062683113,0.00418304512277,-0.00812714267522,0.0192808564752,-0.00674317544326,0.00225864071399],[-0.000203174757189,0.000563038163818,-0.0005123410956,0.00125706382096,-0.000651908223517,0.000554582104087,-0.00244228984229,0.00258891051635,-0.00320043275133,0.00374476844445,-0.00674317544326,0.0166972614825,-0.00708464207128],[0.000127317398437,-0.000374193536118,0.000858516257722,0.000137141265441,-0.000575183948968,-0.000212501952774,0.0016728672199,-0.00130421388894,0.00251578283496,-0.0020296080038,0.00225864071399,-0.00708464207128,0.0179948806763]],"mean":[-736.611633301,137.872421265,-4.69211387634,47.0943527222,9.50899410248,-9.74124240875,-0.178569376469,-3.04873847961,-3.31609082222,-4.24698829651,-12.3794651031,-13.217250824,-9.36031341553]},"pitch_salience":{"dmean":0.0614962987602,"dmean2":0.102282479405,"dvar":0.00314335897565,"dvar2":0.00862711668015,"max":0.996096551418,"mean":0.551775097847,"median":0.554934024811,"min":0.163329780102,"var":0.00943244621158},"silence_rate_20dB":{"dmean":0,"dmean2":0,"dvar":0,"dvar2":0,"max":1,"mean":1,"median":1,"min":1,"var":0},"silence_rate_30dB":{"dmean":0.00568114547059,"dmean2":0.0113629642874,"dvar":0.00564807699993,"dvar2":0.014426686801,"max":1,"mean":0.994200825691,"median":1,"min":0,"var":0.00576467439532},"silence_rate_60dB":{"dmean":0.016925079748,"dmean2":0.0338521637022,"dvar":0.0166382715106,"dvar2":0.0376874245703,"max":1,"mean":0.255163013935,"median":0,"min":0,"var":0.190071642399},"spectral_centroid":{"dmean":208.96913147,"dmean2":325.741912842,"dvar":63997.0625,"dvar2":145674.015625,"max":11511.9941406,"mean":1095.48864746,"median":1002.93756104,"min":140.073486328,"var":598664.25},"spectral_complexity":{"dmean":2.33246541023,"dmean2":3.45268392563,"dvar":8.65796756744,"dvar2":15.7381095886,"max":51,"mean":13.5992069244,"median":12,"min":0,"var":109.349342346},"spectral_contrast_coeffs":{"dmean":[0.0454676263034,0.0398968979716,0.0341598205268,0.0278637036681,0.0204692911357,0.0162976514548],"dmean2":[0.0764296725392,0.0658008754253,0.0545456930995,0.0440641865134,0.032287877053,0.0250514745712],"dvar":[0.00155233335681,0.00114846392535,0.00092626613332,0.000615785422269,0.000347789988155,0.000299281615298],"dvar2":[0.00430415803567,0.00297758402303,0.00215157237835,0.00142941460945,0.000776313419919,0.000603699649218],"max":[-0.279909789562,-0.426768839359,-0.418279588223,-0.48374709487,-0.572064757347,-0.544225335121],"mean":[-0.559948921204,-0.739592194557,-0.755139827728,-0.778177678585,-0.775635361671,-0.771851539612],"median":[-0.55392241478,-0.744936347008,-0.760070919991,-0.782156169415,-0.779532432556,-0.775301992893],"min":[-0.976253092289,-0.997121453285,-0.996988296509,-0.985463321209,-0.98657053709,-0.962250471115],"var":[0.00760579993948,0.00442596897483,0.00465391529724,0.00367126124911,0.00282416143455,0.00430831685662]},"spectral_contrast_valleys":{"dmean":[0.398206889629,0.322737544775,0.309536486864,0.269830495119,0.229136526585,0.172387614846],"dmean2":[0.665510356426,0.526638865471,0.496488898993,0.421806335449,0.340057432652,0.236671283841],"dvar":[0.131278589368,0.0912604182959,0.0890432447195,0.0707764700055,0.0676361918449,0.0590761527419],"dvar2":[0.329376965761,0.212720185518,0.197154790163,0.1464702636,0.128231361508,0.0932223424315],"max":[-5.02307844162,-4.98900270462,-5.37305593491,-5.96337080002,-5.69256210327,-8.5586233139],"mean":[-8.06965637207,-7.57922172546,-8.56784343719,-8.92107486725,-8.41525268555,-11.6490573883],"median":[-7.78921413422,-7.16403722763,-8.06963729858,-8.2713508606,-7.75989961624,-11.0033721924],"min":[-28.0356445312,-27.8997268677,-27.7664089203,-27.6511249542,-27.5187568665,-27.3988285065],"var":[2.45243501663,2.92817592621,3.47393369675,3.87062335014,3.73550343513,3.56014108658]},"spectral_decrease":{"dmean":1.71253378145e-9,"dmean2":2.81454948237e-9,"dvar":1.45403445892e-17,"dvar2":3.94531370132e-17,"max":1.40822360493e-28,"mean":-4.77429029644e-9,"median":-3.10967274153e-9,"min":-5.54225003668e-8,"var":3.18314319834e-17},"spectral_energy":{"dmean":0.00664070621133,"dmean2":0.010866519995,"dvar":0.000215297754039,"dvar2":0.000580629741307,"max":0.216740131378,"mean":0.0190594550222,"median":0.0124678732827,"min":1.01907835595e-20,"var":0.000498631969094},"spectral_energyband_high":{"dmean":0.0000675476912875,"dmean2":0.0000909651062102,"dvar":1.87588629075e-8,"dvar2":3.31074012649e-8,"max":0.00492074526846,"mean":0.000240319946897,"median":0.0000993297362584,"min":7.06000510739e-21,"var":1.27607918898e-7},"spectral_energyband_low":{"dmean":0.00316271930933,"dmean2":0.00553026469424,"dvar":0.000108324275061,"dvar2":0.000313238444505,"max":0.148551806808,"mean":0.00498494552448,"median":0.00190957565792,"min":1.38764135771e-23,"var":0.000103075501102},"spectral_energyband_middle_high":{"dmean":0.00102005200461,"dmean2":0.00138379679993,"dvar":0.0000093860189736,"dvar2":0.000015447869373,"max":0.151547968388,"mean":0.00349825434387,"median":0.00136622402351,"min":1.11524424139e-21,"var":0.0000519423010701},"spectral_energyband_middle_low":{"dmean":0.00491268606856,"dmean2":0.0081103015691,"dvar":0.0000939888050198,"dvar2":0.0002506589517,"max":0.155578136444,"mean":0.0122400494292,"median":0.00796844344586,"min":2.1977498212e-22,"var":0.000213690451346},"spectral_entropy":{"dmean":0.136734560132,"dmean2":0.211765751243,"dvar":0.0218306295574,"dvar2":0.0468793511391,"max":9.81493282318,"mean":7.08050251007,"median":7.2471075058,"min":4.76418399811,"var":0.379217118025},"spectral_flux":{"dmean":0.017027290538,"dmean2":0.0270300265402,"dvar":0.00083404261386,"dvar2":0.00182718480937,"max":0.365352094173,"mean":0.0556545779109,"median":0.0445347540081,"min":6.38830169319e-11,"var":0.00263478513807},"spectral_kurtosis":{"dmean":2.09706640244,"dmean2":3.60016965866,"dvar":6.44252443314,"dvar2":18.033493042,"max":53.6695251465,"mean":6.42187356949,"median":4.74091720581,"min":-1.27693665028,"var":31.0287895203},"spectral_rms":{"dmean":0.000592476862948,"dmean2":0.000941685168073,"dvar":9.75236162049e-7,"dvar2":0.0000025126246328,"max":0.0145414508879,"mean":0.00359478895552,"median":0.00348766101524,"min":3.15312988393e-12,"var":0.0000056721337387},"spectral_rolloff":{"dmean":331.315765381,"dmean2":565.301025391,"dvar":284337.34375,"dvar2":694537.75,"max":19552.1484375,"mean":1063.40942383,"median":602.9296875,"min":64.599609375,"var":1678160.75},"spectral_skewness":{"dmean":0.249413043261,"dmean2":0.407171100378,"dvar":0.0746219754219,"dvar2":0.187880218029,"max":6.01811885834,"mean":1.62785387039,"median":1.4679787159,"min":-0.126157969236,"var":0.650642216206},"spectral_spread":{"dmean":279185.375,"dmean2":423273.375,"dvar":171849416704,"dvar2":339180814336,"max":42564356,"mean":3711225,"median":3483444.25,"min":1434086.375,"var":4357965742080},"spectral_strongpeak":{"dmean":0.301186442375,"dmean2":0.508532762527,"dvar":0.438252478838,"dvar2":1.06411731243,"max":17.0756587982,"mean":0.612985908985,"median":0.36704325676,"min":0,"var":0.952281713486},"zerocrossingrate":{"dmean":0.00609227502719,"dmean2":0.0075273681432,"dvar":0.0000358479956049,"dvar2":0.000050452985306,"max":0.521484375,"mean":0.0447143577039,"median":0.0419921875,"min":0.005859375,"var":0.00109231716488}},"metadata":{"audio_properties":{"analysis_sample_rate":44100,"bit_rate":0,"codec":"flac","downmix":"mix","equal_loudness":0,"length":392.359985352,"lossless":true,"md5_encoded":"58d071c290d3659d9d4b3034061047ea","replay_gain":-8.81205749512,"sample_rate":44100},"tags":{"album":["Boxed Set"],"albumartist":["Led Zeppelin"],"albumartistsort":["Led Zeppelin"],"artist":["Led Zeppelin"],"artistsort":["Led Zeppelin"],"asin":["B000002IQ1"],"barcode":["075678214424"],"catalognumber":["7 82144-2"],"date":["1990-10-08"],"discnumber":["3"],"disctotal":["4"],"file_name":"03-09 Ten Years Gone.flac","genre":["Hard rock / Heavy metal / Blues-rock / Folk rock"],"isrc":["USAT29900626"],"label":["Atlantic"],"media":["CD"],"musicbrainz_albumartistid":["678d88b2-87b0-403b-b63d-5da7465aecc3"],"musicbrainz_albumid":["e53120aa-ef15-491d-ad39-8ef159a6ca6b"],"musicbrainz_artistid":["678d88b2-87b0-403b-b63d-5da7465aecc3"],"musicbrainz_recordingid":["8633e5de-2a69-478b-af88-502480765d40"],"musicbrainz_releasegroupid":["92d5e425-6dff-34d7-8edf-0c82156b46b0"],"originaldate":["1990-10-08"],"releasecountry":["US"],"releasestatus":["official"],"releasetype":["album","compilation"],"script":["Latn"],"title":["Ten Years Gone"],"totaldiscs":["4"],"totaltracks":["10"],"tracknumber":["9"],"tracktotal":["10"]},"version":{"essentia":"2.1-beta1","essentia_build_sha":"ca57ba49d9b1854bd80e60cf9ccf267278fb7d6b","essentia_git_sha":"v2.1_beta1-28-g21ef5f4-dirty","extractor":"music 1.0"}},"rhythm":{"beats_count":992,"beats_loudness":{"dmean":0.0128487497568,"dmean2":0.0226423274726,"dvar":0.000288806419121,"dvar2":0.000886412512045,"max":0.173352494836,"mean":0.0250456109643,"median":0.0201162677258,"min":0,"var":0.000587159593124},"beats_loudness_band_ratio":{"dmean":[0.200056120753,0.171504080296,0.0742257013917,0.0605513378978,0.057845