{"lowlevel":{"average_loudness":0.499076515436,"barkbands":{"dmean":[5.10541781296e-7,0.0000247517709795,0.0000854587851791,0.000508434546646,0.00214775791392,0.00115967227612,0.00024029269116,0.000130520216771,0.000241630812525,0.000129905107315,0.0000703064652043,0.000180313771125,0.0000710020249244,0.000146173755638,0.000132078566821,0.000371767760953,0.000228293982218,0.000203998759389,0.000177045687451,0.000120431199321,0.0000481194838358,0.0000217655706365,0.00000935364732868,0.00000618845115241,0.00000126708323478,6.35300736462e-8,6.88033019447e-10],"dmean2":[8.81692812982e-7,0.0000394237904402,0.000136382033816,0.000804868643172,0.00333074410446,0.00190992106218,0.000354680640157,0.000197979563382,0.000364145613275,0.000199632719159,0.000108541942609,0.000286922906525,0.000110945256893,0.000227022203035,0.000215761348954,0.000590179755818,0.000367991247913,0.000328092777636,0.000283371220576,0.000193789688637,0.0000769840262365,0.0000349019101122,0.0000145011263157,0.00000906550758373,0.00000177347703811,9.93955424633e-8,1.28732668969e-9],"dvar":[6.27574658907e-11,1.18318395081e-8,4.96192846811e-8,0.00000147981984355,0.0000168571750692,0.00000956484745984,3.01142989656e-7,1.96058977053e-7,4.39222560544e-7,1.18986932307e-7,5.30881720806e-8,4.57700991774e-7,5.93580118391e-8,5.11362543421e-7,2.30141878887e-7,0.00000184119937785,5.36947084129e-7,2.55903700008e-7,1.93540387272e-7,1.19137290255e-7,2.34199113436e-8,6.37305808127e-9,1.41032518997e-9,5.50854084569e-10,3.9381244793e-11,1.35734373502e-13,1.51551875249e-18],"dvar2":[1.58127261285e-10,2.93087438763e-8,1.35493209541e-7,0.00000402142450184,0.0000428901039413,0.0000293082684948,6.7411042437e-7,4.20792900968e-7,0.00000100941645087,2.87022260181e-7,1.3055914394e-7,0.00000120945105664,1.37286562563e-7,0.00000101846421785,5.75975036554e-7,0.0000042803380893,0.00000135943287205,6.44779731829e-7,4.7862295105e-7,2.8826556786e-7,5.78960950293e-8,1.61580437918e-8,3.49622308882e-9,1.08444575542e-9,7.29011156997e-11,3.11018680428e-13,5.06687209473e-18],"max":[0.000594737066422,0.00674790143967,0.00580935925245,0.0216297917068,0.0820296779275,0.0733138695359,0.0212708879262,0.0141076203436,0.0167031716555,0.00793126784265,0.00635428866372,0.0358973406255,0.00855206046253,0.0478825941682,0.020603954792,0.0500991381705,0.0202438011765,0.0143625233322,0.0102936178446,0.0120907612145,0.00364173133858,0.00284994556569,0.00156527059153,0.000871226657182,0.000221662310651,0.0000111976460175,1.37435431924e-8],"mean":[5.44586214346e-7,0.000058559649915,0.000176072760951,0.00107117323205,0.00579070113599,0.00268990057521,0.000685785082169,0.000216862754314,0.000427262333687,0.000231111989706,0.000115812101285,0.000312951044179,0.000108319276478,0.000212195867789,0.000187172117876,0.000573795055971,0.000399104785174,0.000360320525942,0.000321656931192,0.000217811189941,0.0000877716665855,0.0000431875232607,0.0000193878840946,0.0000133242201628,0.00000242197143052,8.00666200007e-8,6.07835559663e-10],"median":[1.12307802169e-7,0.00000607833408139,0.0000398293195758,0.000322176987538,0.00257710902952,0.00110362528358,0.000361228507245,0.0000520348621649,0.00011332428403,0.0000857101404108,0.0000319285754813,0.0000847608098411,0.0000262323592324,0.0000436594054918,0.000034007436625,0.0000908869260456,0.0000549889737158,0.0000812017606222,0.0000658412027406,0.0000437306553067,0.00000993361391011,0.00000467783866043,0.00000232274055634,9.06150489755e-7,7.05437770421e-8,3.03999714291e-10,1.90724755433e-10],"min":[1.19442839748e-24,8.88029871794e-24,1.2474916982e-23,4.62925509517e-23,1.12558031349e-22,1.15766082526e-22,3.77063301129e-23,2.28425798046e-23,8.93080159309e-23,2.62463505275e-23,9.121541218e-23,1.05893280038e-22,9.01338586354e-23,1.85745176122e-22,1.09161650675e-22,1.83227169977e-22,8.23026029264e-23,1.97773146603e-22,2.19171636056e-22,4.1036859834e-22,3.36349539789e-22,5.84710266273e-22,7.85159292175e-22,1.00585758234e-21,1.24954547548e-21,1.41876691864e-21,2.29085550188e-21],"var":[4.68124636277e-11,2.11541397732e-8,9.87846320299e-8,0.0000038692551243,0.0000649125140626,0.0000197442532226,9.90227135844e-7,4.23021219831e-7,0.00000104540959001,2.36798896935e-7,9.34697084176e-8,0.00000102958927073,1.07105925906e-7,0.00000100836473393,3.53808616183e-7,0.00000316166983794,0.00000133896116949,5.48179514226e-7,4.4316644221e-7,2.4961994427e-7,5.65014275367e-8,1.59728585913e-8,2.97697644314e-9,1.70851455206e-9,1.1398489097e-10,2.44106438622e-13,1.22699288156e-18]},"barkbands_crest":{"dmean":2.28705573082,"dmean2":3.6019346714,"dvar":4.83270549774,"dvar2":12.2004299164,"max":26.9364109039,"mean":12.9195203781,"median":12.3492183685,"min":2.65073204041,"var":21.6973590851},"barkbands_flatness_db":{"dmean":0.0192805249244,"dmean2":0.0297154393047,"dvar":0.000312588497763,"dvar2":0.000723242992535,"max":0.634625673294,"mean":0.255991131067,"median":0.242973133922,"min":0.023047702387,"var":0.0052720871754},"barkbands_kurtosis":{"dmean":3.88700413704,"dmean2":6.04184770584,"dvar":697.030273438,"dvar2":2019.26818848,"max":1853.96765137,"mean":6.46778202057,"median":2.36121916771,"min":-1.92774128914,"var":642.558410645},"barkbands_skewness":{"dmean":0.573570072651,"dmean2":0.857340872288,"dvar":0.4831597507,"dvar2":1.10513281822,"max":36.7431259155,"mean":1.84363484383,"median":1.72581160069,"min":-4.69965314865,"var":2.70118761063},"barkbands_spread":{"dmean":3.41776561737,"dmean2":5.24448108673,"dvar":14.538356781,"dvar2":33.0659446716,"max":83.9688796997,"mean":15.668170929,"median":12.5824184418,"min":0.0320791825652,"var":129.548202515},"dissonance":{"dmean":0.0213699061424,"dmean2":0.0360612682998,"dvar":0.000643881212454,"dvar2":0.00175727985334,"max":0.500000059605,"mean":0.438933193684,"median":0.455162465572,"min":0.129566207528,"var":0.00277491868474},"dynamic_complexity":4.86299943924,"erbbands":{"dmean":[0.00021827389719,0.00777968671173,0.073709577322,0.798201024532,2.91834926605,9.57462310791,13.1880960464,6.96342420578,3.96623468399,2.62016177177,3.00669455528,4.61279726028,5.2600607872,3.10272574425,3.62156319618,7.20072460175,3.76847887039,4.53442573547,9.64087677002,8.87524032593,20.5009536743,12.4965305328,10.1520299911,8.33609580994,9.25784683228,7.61677980423,2.87519907951,1.15937519073,0.647558987141,0.400854349136,0.284775286913,0.167997851968,0.0779963433743,0.0207926351577,0.00601162295789,0.00076557189459,0.0000369338267774,0.00000250265748036,0.00000188442470517,0.00000403115745939],"dmean2":[0.000365709740436,0.0123808458447,0.116532921791,1.2429664135,4.64983415604,14.5258560181,22.0335025787,11.2798271179,5.82225894928,3.91730904579,4.54276657104,6.89315032959,8.07522964478,4.78288459778,5.58341884613,11.5045471191,5.85094738007,7.01454973221,15.2835330963,14.2624645233,32.2954902649,19.7563228607,16.3927555084,13.4207086563,14.6188621521,12.1877279282,4.63244915009,1.87926864624,1.03624141216,0.641675293446,0.440671443939,0.247794479132,0.114752531052,0.0290028546005,0.00849071051925,0.00110675231554,0.0000572817516513,0.00000381862082577,0.00000290754292109,0.0000063121265157],"dvar":[0.00000277241338154,0.000942697457504,0.0362885408103,3.82705783844,33.0888824463,375.491943359,916.169433594,330.722686768,87.6597137451,46.1141242981,104.561218262,165.160385132,225.475463867,65.4493331909,115.78440094,945.961242676,135.235824585,308.029724121,1721.00793457,853.186767578,6938.67773438,1419.18786621,731.507324219,388.870391846,627.286315918,527.94708252,86.8359146118,15.3977508545,5.92948722839,2.31777048111,1.49127745628,0.382444471121,0.110936067998,0.00953111704439,0.00109522882849,0.0000165804267453,6.53178631183e-8,3.12865733321e-10,8.82430586935e-12,4.18706701255e-11],"dvar2":[0.00000576665433982,0.00244174501859,0.101197384298,10.0851106644,86.3253707886,889.323364258,2783.84667969,989.432250977,201.422042847,93.3796539307,229.6378479,370.721801758,555.135009766,163.445663452,273.255401611,2532.03466797,312.677734375,687.904541016,3889.49926758,2205.90307617,15789.5683594,3430.55566406,1882.32824707,962.518066406,1569.21496582,1273.08703613,216.230041504,38.7961044312,15.0738630295,5.96459817886,3.86306810379,0.787745594978,0.217267841101,0.0172744113952,0.00209367042407,0.0000335150471074,1.66548886682e-7,8.56851256614e-10,2.22458492599e-11,1.10747695736e-10],"max":[0.11196603626,1.77313971519,4.26821279526,43.6959609985,106.040672302,486.94229126,498.830200195,398.506347656,317.438110352,198.391021729,383.20916748,373.509490967,484.516479492,221.984069824,322.360931396,1777.03894043,397.106018066,746.73638916,2097.21337891,1122.7734375,3235.78710938,1279.03222656,837.496765137,474.261047363,673.646240234,818.158081055,197.293258667,140.208572388,119.000328064,75.2885513306,58.1897621155,18.7753181458,14.6067047119,3.48729729652,1.28990113735,0.153428241611,0.0112212896347,0.00103111658245,0.0000562854511372,0.000109447399154],"mean":[0.000552468351088,0.0197485946119,0.192469552159,1.92165338993,7.48260402679,24.6014518738,28.6932506561,17.6311683655,12.8044872284,5.35147094727,5.4913277626,8.36055183411,9.35402393341,6.12012147903,6.44381427765,12.6477212906,6.39377880096,7.29075860977,13.9320678711,14.3055200577,31.9594573975,24.0561847687,19.4684562683,16.1385250092,17.4037742615,13.789894104,5.31004095078,2.30780935287,1.33641433716,0.816028594971,0.578544974327,0.365233242512,0.162963047624,0.0419857874513,0.0109643330798,0.00126504816581,0.0000590688614466,0.00000602814907325,0.00000843644829729,0.0000171437550307],"median":[0.000171436331584,0.00334989535622,0.0573803670704,0.642049252987,2.73317313194,9.97219944,12.5005760193,8.03944015503,6.74263477325,2.59752058983,1.53948366642,2.54070234299,3.1472928524,2.59294271469,2.18894743919,3.56973314285,1.97675275803,1.96182310581,2.73760461807,3.20115613937,4.54255056381,4.03489923477,4.2500872612,3.97415447235,3.65023183823,2.66627240181,0.862397134304,0.2858504951,0.151709347963,0.118329428136,0.0677027776837,0.0301678143442,0.00955450348556,0.00174593483098,0.000191421902855,0.0000225575931836,0.00000706550872565,0.00000174150011389,0.00000558903593628,0.0000114071690405],"min":[1.5628860505e-22,2.51668045392e-21,1.13592294891e-20,8.83076890082e-20,2.01315986309e-19,3.49493915917e-19,1.1196139813e-18,7.43035354548e-19,6.4605768181e-19,3.04933980662e-19,9.85267545514e-19,1.59649932087e-18,1.12398108135e-18,2.05705156566e-18,4.56548028874e-18,4.41879056045e-18,4.21938254377e-18,9.41870941563e-18,5.94176531219e-18,6.87657825246e-18,1.02484600783e-17,6.29338200621e-18,8.45549895134e-18,1.02752971261e-17,1.44063760716e-17,1.78337989397e-17,1.69763484798e-17,1.44719169002e-17,1.91623105604e-17,1.77666103672e-17,2.63058224781e-17,1.93831231162e-17,1.7001190368e-17,1.31311994023e-17,9.31599757179e-18,4.92063855655e-18,2.60483207398e-18,1.05971318026e-18,3.08103374878e-19,3.72959937758e-20],"var":[0.00000323488029608,0.00185749260709,0.0972168147564,11.4197063446,123.599601746,1548.08203125,1776.70947266,735.477600098,330.745849609,98.9142532349,238.424758911,394.269287109,452.141265869,125.845993042,271.517181396,1929.73059082,266.027893066,572.611633301,3040.59667969,1527.38464355,11607.0380859,4153.45605469,1749.65039063,968.263427734,1379.30737305,1074.04089355,194.326599121,39.7278060913,14.4174985886,4.32070398331,2.84857344627,1.16335535049,0.316701233387,0.0281002819538,0.00313380314037,0.0000425280632044,8.39218969872e-8,3.27313898207e-10,7.67867089357e-11,3.02003283492e-10]},"erbbands_crest":{"dmean":2.75229001045,"dmean2":4.45701551437,"dvar":7.96827220917,"dvar2":20.3472957611,"max":33.8824615479,"mean":12.0815210342,"median":10.6098814011,"min":2.25054574013,"var":32.7161254883},"erbbands_flatness_db":{"dmean":0.0140301175416,"dmean2":0.0210585780442,"dvar":0.000200959329959,"dvar2":0.00043303478742,"max":0.522040128708,"mean":0.275388479233,"median":0.261469334364,"min":0.0502599813044,"var":0.00463725719601},"erbbands_kurtosis":{"dmean":1.28507435322,"dmean2":2.0007712841,"dvar":10.2039518356,"dvar2":23.4677848816,"max":121.160072327,"mean":0.698919057846,"median":-0.501317024231,"min":-1.87920999527,"var":19.6034374237},"erbbands_skewness":{"dmean":0.421069711447,"dmean2":0.632038533688,"dvar":0.175646677613,"dvar2":0.379301667213,"max":8.34423828125,"mean":0.251604318619,"median":0.250829458237,"min":-4.57906532288,"var":1.33212029934},"erbbands_spread":{"dmean":6.15746021271,"dmean2":9.47347068787,"dvar":39.4141616821,"dvar2":88.2415390015,"max":116.734397888,"mean":35.1972923279,"median":35.2002296448,"min":0.614260673523,"var":326.550170898},"gfcc":{"cov":[[16216.7929688,-2363.66601563,238.240585327,3984.66064453,-674.036560059,1229.59143066,-1223.69726563,1121.91784668,-245.415176392,-632.496337891,-216.888122559,-738.892822266,118.863899231],[-2363.66601563,1747.18811035,278.305267334,-849.000244141,544.728149414,-296.692779541,401.833526611,-307.655731201,73.2130203247,-70.1618270874,14.1306371689,116.18372345,-15.7106838226],[238.240585327,278.305267334,827.945617676,266.336212158,109.833343506,177.195770264,-80.74269104,114.104263306,-65.6099777222,-92.9637832642,-99.5935440063,0.194357767701,45.5336608887],[3984.66064453,-849.000244141,266.336212158,1532.70532227,-130.719802856,354.628967285,-294.365570068,312.448486328,-63.6713981628,-200.07144165,-130.21244812,-223.513275146,41.1680412292],[-674.036560059,544.728149414,109.833343506,-130.719802856,443.737030029,-41.1386947632,95.7346191406,-51.459148407,29.5588550568,-24.7534866333,-54.0297622681,35.9488792419,14.6977510452],[1229.59143066,-296.692779541,177.195770264,354.628967285,-41.1386947632,372.212554932,-83.9659423828,148.508987427,-38.0821533203,-26.5580196381,-34.0897941589,-74.3855667114,13.5735712051],[-1223.69726563,401.833526611,-80.74269104,-294.365570068,95.7346191406,-83.9659423828,330.155761719,-155.006744385,-5.79633617401,23.6451892853,-0.848582446575,54.184463501,-21.2094573975],[1121.91784668,-307.655731201,114.104263306,312.448486328,-51.459148407,148.508987427,-155.006744385,267.758331299,6.23463726044,-52.1933021545,-36.1572799683,-59.4526405334,14.2426395416],[-245.415176392,73.2130203247,-65.6099777222,-63.6713981628,29.5588550568,-38.0821533203,-5.79633617401,6.23463726044,141.809875488,39.9401664734,3.67040967941,-4.20290660858,0.276997596025],[-632.496337891,-70.1618270874,-92.9637832642,-200.07144165,-24.7534866333,-26.5580196381,23.6451892853,-52.1933021545,39.9401664734,199.420379639,37.0811157227,28.1707859039,-17.2486400604],[-216.888122559,14.1306371689,-99.5935440063,-130.21244812,-54.0297622681,-34.0897941589,-0.848582446575,-36.1572799683,3.67040967941,37.0811157227,148.223709106,21.7340564728,-40.4917755127],[-738.892822266,116.18372345,0.194357767701,-223.513275146,35.9488792419,-74.3855667114,54.184463501,-59.4526405334,-4.20290660858,28.1707859039,21.7340564728,131.792053223,21.1973228455],[118.863899231,-15.7106838226,45.5336608887,41.1680412292,14.6977510452,13.5735712051,-21.2094573975,14.2426395416,0.276997596025,-17.2486400604,-40.4917755127,21.1973228455,106.810272217]],"icov":[[0.00047679481213,-0.00116308627184,0.00110107648652,-0.00134335691109,0.000975633622147,-0.000922764069401,0.00144157465547,-0.000794170307927,0.00106311310083,-0.000375212024665,0.000390337198041,-0.000246294075623,-0.000144627614645],[-0.00116308627184,0.00632773572579,-0.00471894908696,0.00475594587624,-0.00505493581295,0.00346214650199,-0.00576257985085,0.00341836921871,-0.00458145048469,0.00355952675454,-0.00270159542561,0.00274398340844,0.0000771771592554],[0.00110107648652,-0.00471894908696,0.00537353754044,-0.00401481753215,0.00336261419579,-0.00346796400845,0.00498355459422,-0.0028852391988,0.00415981514379,-0.0020587046165,0.00264330371283,-0.00254841614515,-0.000145862315549],[-0.00134335691109,0.00475594587624,-0.00401481753215,0.00574658531696,-0.003690487938,0.00254682824016,-0.00448099151254,0.00250474060886,-0.00360400555655,0.00293225725181,-0.00129445514176,0.00290493178181,0.0000671515008435],[0.000975633622147,-0.00505493581295,0.00336261419579,-0.003690487938,0.00686833076179,-0.0027780814562,0.00408510956913,-0.00243580853567,0.00276824366301,-0.00223197136074,0.00307653658092,-0.00249921833165,-0.00000173594219177],[-0.000922764069401,0.00346214650199,-0.00346796400845,0.00254682824016,-0.0027780814562,0.00660247681662,-0.00412383954972,0.000273213314358,-0.00172174477484,0.000610682240222,-0.00181458634324,0.00257599935867,-0.000375206233002],[0.00144157465547,-0.00576257985085,0.00498355459422,-0.00448099151254,0.00408510956913,-0.00412383954972,0.0106464363635,-0.00108732760418,0.00477418117225,-0.00235500745475,0.00353171513416,-0.0028220906388,0.000877975893673],[-0.000794170307927,0.00341836921871,-0.0028852391988,0.00250474060886,-0.00243580853567,0.000273213314358,-0.00108732760418,0.00887738540769,-0.00393480714411,0.0027843832504,-0.000539157714229,0.0013375581475,0.000541983288713],[0.00106311310083,-0.00458145048469,0.00415981514379,-0.00360400555655,0.00276824366301,-0.00172174477484,0.00477418117225,-0.00393480714411,0.0120000336319,-0.00415453081951,0.00189338088967,-0.000494026695378,-0.000816847896203],[-0.000375212024665,0.00355952675454,-0.0020587046165,0.00293225725181,-0.00223197136074,0.000610682240222,-0.00235500745475,0.0027843832504,-0.00415453081951,0.00894612818956,-0.00182185205631,0.0010661885608,0.000632394570857],[0.000390337198041,-0.00270159542561,0.00264330371283,-0.00129445514176,0.00307653658092,-0.00181458634324,0.00353171513416,-0.000539157714229,0.00189338088967,-0.00182185205631,0.0106026763096,-0.00304048135877,0.00344451260753],[-0.000246294075623,0.00274398340844,-0.00254841614515,0.00290493178181,-0.00249921833165,0.00257599935867,-0.0028220906388,0.0013375581475,-0.000494026695378,0.0010661885608,-0.00304048135877,0.0134754227474,-0.00373123772442],[-0.000144627614645,0.0000771771592554,-0.000145862315549,0.0000671515008435,-0.00000173594219177,-0.000375206233002,0.000877975893673,0.000541983288713,-0.000816847896203,0.000632394570857,0.00344451260753,-0.00373123772442,0.0118715371937]],"mean":[-138.369064331,145.407546997,-175.525131226,26.6052970886,-71.2110595703,-35.2086181641,-44.8653450012,-29.4737071991,-24.6938934326,-29.6685848236,-0.555813670158,-14.340965271,3.60720157623]},"hfc":{"dmean":2.68694806099,"dmean2":4.05850601196,"dvar":24.3033218384,"dvar2":54.4387168884,"max":131.889312744,"mean":10.9379482269,"median":6.23991107941,"min":1.14892845985e-16,"var":176.360321045},"melbands":{"dmean":[0.00000417392857344,0.0000275527327176,0.000197385277716,0.000396698975237,0.00047525492846,0.000170866318513,0.0000563108806091,0.0000281330339931,0.0000261915065494,0.0000318586753565,0.0000270141827059,0.0000137873830681,0.0000111306153485,0.0000189638485608,0.0000152814391186,0.00000600486146141,0.00000969561369857,0.0000181334053195,0.00000770021597418,0.0000180816969078,0.0000250384509854,0.0000117305080494,0.0000158696602739,0.0000094213119155,0.00000691052400725,0.00000794622155809,0.00000462933803647,0.00000512946689923,0.00000216654052565,8.03891850865e-7,7.18643832442e-7,4.37562732714e-7,3.6576679463e-7,2.02732323373e-7,1.74045240442e-7,1.41723546676e-7,1.01626028481e-7,6.55761098756e-8,3.22777111705e-8,1.44572993577e-8],"dmean2":[0.00000669517476126,0.0000438636161562,0.000314536970109,0.000600510742515,0.000774352869485,0.000277618906694,0.0000821058201836,0.0000422653938585,0.0000393716727558,0.0000477632747788,0.0000414656497014,0.0000212453269341,0.0000171898027475,0.0000301944510284,0.0000239233850152,0.00000937377080845,0.0000150136111188,0.0000286025642708,0.0000124176140162,0.0000290015213977,0.0000394026283175,0.0000186754659808,0.0000258172913163,0.0000152124812303,0.0000112175193863,0.0000127015327962,0.00000732385433366,0.00000824549260869,0.00000352503116119,0.0000012914895251,0.00000117147988021,7.07854496795e-7,6.03084743034e-7,3.23519913081e-7,2.75532869409e-7,2.16409958398e-7,1.53779311063e-7,9.94994309167e-8,4.71853596196e-8,2.06928856272e-8],"dvar":[4.93681151514e-10,5.55237811284e-9,2.00736110401e-7,5.65510561046e-7,9.8323266684e-7,2.05103759754e-7,1.80497412572e-8,5.74045211366e-9,7.15829795439e-9,7.81613174183e-9,5.82885384404e-9,1.37118949528e-9,1.21689991417e-9,5.31789590141e-9,2.90912738343e-9,4.82054118844e-10,1.64930968882e-9,6.93240531646e-9,5.23664833718e-10,4.3056873622e-9,1.14943459195e-8,1.55166268723e-9,2.70961830751e-9,6.0217258957e-10,3.01664582203e-10,4.99126406872e-10,1.20075713261e-10,2.44345099709e-10,5.12837342037e-11,5.55352465403e-12,7.03663689816e-12,2.63738141569e-12,2.00917646236e-12,6.58361711502e-13,5.49150026667e-13,2.89749696675e-13,1.47165238979e-13,7.84358472269e-14,2.13153266196e-14,4.97744511894e-15],"dvar2":[1.1354819307e-9,1.53521781954e-8,5.42462373687e-7,0.0000013499633269,0.00000289520062324,6.24898007118e-7,4.07556193238e-8,1.15502531983e-8,1.53846766437e-8,1.7629231408e-8,1.42609168918e-8,3.41242922808e-9,2.97201596666e-9,1.39067379834e-8,7.48707318365e-9,1.05991504462e-9,3.67737640339e-9,1.50722154757e-8,1.33311695016e-9,1.08484163874e-8,2.67267239451e-8,3.77791264938e-9,6.91695145605e-9,1.58113699911e-9,7.59009854967e-10,1.25414745256e-9,2.89912066576e-10,5.89501003567e-10,1.28798263721e-10,1.3662401939e-11,1.82050294978e-11,6.71876833683e-12,5.68852083493e-12,1.71367325712e-12,1.45238552088e-12,6.68382883762e-13,3.13813590998e-13,1.67731266701e-13,4.12644534699e-14,9.78191509862e-15],"max":[0.00149601220619,0.00224933843128,0.00758800376207,0.0173567663878,0.0157970953733,0.0104180797935,0.00490264082327,0.00197220710106,0.00284998863935,0.00211753603071,0.00237891613506,0.000964416947681,0.00092667149147,0.00355424452573,0.00239204056561,0.00115906144492,0.00171636615414,0.00479863630608,0.000727546808776,0.00213544466533,0.00428630877286,0.0015861421125,0.00131355167832,0.000777479319368,0.000436653703218,0.000573113211431,0.000283716421109,0.000539684842806,0.000151111846208,0.0000588297589275,0.0000826475952636,0.0000624327658443,0.0000542934030818,0.0000392949368688,0.0000326767039951,0.0000195810953301,0.0000124422585941,0.0000117867384688,0.00000577701939619,0.00000244461011789],"mean":[0.0000097684260254,0.0000658629796817,0.000468632671982,0.00110265659168,0.00111281580757,0.00042828603182,0.000175060486072,0.0000512656915816,0.0000472590400022,0.0000560762600799,0.0000474829503219,0.0000259585758613,0.0000186078523257,0.0000333147363563,0.0000249202421401,0.00000942836868489,0.0000143102652146,0.0000251765741268,0.0000116464207167,0.0000275424372376,0.0000369929912267,0.0000206925906241,0.0000263613874267,0.0000160649815371,0.0000119760570669,0.0000136232029035,0.00000910970538825,0.00000858316343511,0.00000357040403287,0.0000014602636611,0.00000129217698941,8.07266530956e-7,6.29924841178e-7,3.80338178729e-7,3.30763043621e-7,2.84206635115e-7,2.04801168024e-7,1.25216459423e-7,6.18669346863e-8,2.60803734164e-8],"median":[0.0000013925574649,0.0000147659711729,0.000155868707225,0.000449100625701,0.000513767823577,0.000200818787562,0.0000910405942705,0.0000202901428565,0.0000111202052722,0.0000151682916112,0.0000149143925228,0.0000100342349469,0.00000570100610275,0.00000762604531701,0.00000734560035198,0.00000214482361116,0.00000326793565364,0.00000442275086243,0.00000255360282608,0.00000458104841528,0.00000393949949284,0.00000279920686808,0.00000341421559824,0.00000394880271415,0.00000260763795268,0.00000223989354708,0.00000208576693694,0.00000139307610425,4.73465718187e-7,1.6840519379e-7,1.234016338e-7,7.21355348787e-8,7.55408393616e-8,5.11319591112e-8,3.48308972775e-8,2.46700171402e-8,1.38638229785e-8,6.41344310992e-9,2.55639176494e-9,6.75040301434e-10],"min":[2.16478440471e-24,4.92115414048e-24,1.88282433627e-23,1.82931448112e-23,3.43473225131e-23,1.82257508464e-23,8.62255419438e-24,2.87208537537e-24,9.86337402258e-24,1.07515225391e-23,5.22790191462e-24,7.53293849132e-24,1.34920458342e-23,1.45252990033e-23,7.79607961233e-24,1.06191106584e-23,1.84444751541e-23,1.03200858325e-23,7.30962853513e-24,9.77126898987e-24,1.20538380191e-23,5.2975098176e-24,9.03733331404e-24,7.28617648928e-24,8.16940488028e-24,9.04950070464e-24,1.20924401387e-23,1.18426899315e-23,1.28038822346e-23,7.10307082912e-24,9.26254758045e-24,1.0498924544e-23,1.20039402003e-23,8.97155414745e-24,1.65135629615e-23,1.27803221149e-23,1.16628730325e-23,1.21437444965e-23,1.16750909102e-23,1.09851373852e-23],"var":[7.20948689636e-10,1.34883011427e-8,5.84675660775e-7,0.00000254993483395,0.00000233183959608,4.3850189968e-7,6.54605258887e-8,1.20516121527e-8,1.71902918567e-8,1.85838118227e-8,1.19035750146e-8,2.59027332916e-9,2.27921170826e-9,1.32337456549e-8,5.18668352711e-9,9.9676744636e-10,2.86807022576e-9,1.25786092653e-8,8.78776384994e-10,7.76165620664e-9,1.79894925623e-8,4.18195966745e-9,5.57884050068e-9,1.15131970624e-9,6.67037536317e-10,1.02531549917e-9,3.29379273856e-10,4.70681049691e-10,1.02725418449e-10,1.35761228648e-11,1.57911999449e-11,5.93636121163e-12,3.32603302539e-12,1.08025025557e-12,9.56721789465e-13,7.31157539027e-13,4.0072594765e-13,1.94881979478e-13,5.92095613532e-14,1.28588291951e-14]},"melbands_crest":{"dmean":2.52474451065,"dmean2":4.0184469223,"dvar":6.23950815201,"dvar2":16.3477649689,"max":33.9048423767,"mean":15.5021314621,"median":15.1143140793,"min":2.39258146286,"var":21.4988460541},"melbands_flatness_db":{"dmean":0.0195017009974,"dmean2":0.0280696582049,"dvar":0.000341458857292,"dvar2":0.00072552630445,"max":0.703308880329,"mean":0.280416727066,"median":0.264515936375,"min":0.00803355965763,"var":0.00848154630512},"melbands_kurtosis":{"dmean":5.99746513367,"dmean2":9.15201187134,"dvar":81.374961853,"dvar2":173.129196167,"max":357.485900879,"mean":14.462884903,"median":9.07227706909,"min":-1.86678481102,"var":329.464202881},"melbands_skewness":{"dmean":0.652501642704,"dmean2":0.983791470528,"dvar":0.414593458176,"dvar2":0.936463236809,"max":15.6045284271,"mean":2.89078116417,"median":2.73823714256,"min":-4.50262641907,"var":2.94946861267},"melbands_spread":{"dmean":5.37490701675,"dmean2":8.22911548615,"dvar":47.2153358459,"dvar2":104.94178009,"max":143.289321899,"mean":19.7288131714,"median":13.8679218292,"min":0.27716049552,"var":332.571228027},"mfcc":{"cov":[[12972.53125,-1397.85290527,-505.350982666,2963.41577148,674.130493164,361.933380127,-6.5276927948,751.559448242,176.824661255,591.112304688,-313.184326172,10.5109319687,-63.5130271912],[-1397.85290527,1533.3125,88.2672958374,-304.861602783,179.359542847,-13.8065443039,145.820526123,19.3523960114,33.1971549988,-104.597679138,-8.57933139801,-72.0004119873,10.7616109848],[-505.350982666,88.2672958374,782.098693848,-92.0309829712,141.563064575,92.9983901978,38.4717140198,113.322257996,72.1141586304,2.70124053955,-42.5703125,-0.392833918333,1.36747682095],[2963.41577148,-304.861602783,-92.0309829712,1130.94128418,202.607574463,126.883049011,32.4845466614,195.472702026,114.733291626,115.770385742,-123.445877075,-24.541425705,3.24024820328],[674.130493164,179.359542847,141.563064575,202.607574463,475.382171631,41.8785476685,33.7603187561,140.931991577,96.9014434814,87.8785095215,-52.0385627747,5.26695585251,12.6951408386],[361.933380127,-13.8065443039,92.9983901978,126.883049011,41.8785476685,260.018463135,92.492225647,39.4557609558,73.1571807861,31.1169586182,1.47488605976,-6.65644550323,12.2058143616],[-6.5276927948,145.820526123,38.4717140198,32.4845466614,33.7603187561,92.492225647,195.731185913,61.4263267517,18.3333892822,0.022905247286,-4.21238803864,-17.8026924133,4.66844892502],[751.559448242,19.3523960114,113.322257996,195.472702026,140.931991577,39.4557609558,61.4263267517,241.326400757,64.6019134521,41.7921524048,-52.3529891968,-4.50533246994,0.478192657232],[176.824661255,33.1971549988,72.1141586304,114.733291626,96.9014434814,73.1571807861,18.3333892822,64.6019134521,213.426467896,39.9143295288,-48.7674446106,-12.4590520859,21.4174995422],[591.112304688,-104.597679138,2.70124053955,115.770385742,87.8785095215,31.1169586182,0.022905247286,41.7921524048,39.9143295288,180.40246582,14.8330144882,-11.3759059906,6.49031019211],[-313.184326172,-8.57933139801,-42.5703125,-123.445877075,-52.0385627747,1.47488605976,-4.21238803864,-52.3529891968,-48.7674446106,14.8330144882,146.98387146,38.618724823,-12.9139575958],[10.5109319687,-72.0004119873,-0.392833918333,-24.541425705,5.26695585251,-6.65644550323,-17.8026924133,-4.50533246994,-12.4590520859,-11.3759059906,38.618724823,120.465438843,31.2590007782],[-63.5130271912,10.7616109848,1.36747682095,3.24024820328,12.6951408386,12.2058143616,4.66844892502,0.478192657232,21.4174995422,6.49031019211,-12.9139575958,31.2590007782,108.801673889]],"icov":[[0.000277188257314,0.0000728593004169,0.000185874989256,-0.000545760558452,-0.0000604222259426,-0.000237258253037,0.00022022765188,-0.000451648898888,0.000320541817928,-0.000460568408016,0.000257223611698,-0.000246406474616,0.000260421336861],[0.0000728593004169,0.000950067129452,0.0000835437895148,0.00013399006275,-0.00060644937912,0.000174432352651,-0.000623829837423,-0.0000729144157958,-0.000116363429697,0.000602707150392,-0.000215645559365,0.000700925302226,-0.000218219909584],[0.000185874989256,0.0000835437895148,0.00173544220161,0.0000844792521093,-0.000418424868258,-0.000853807665408,0.000368385226466,-0.001050206949,0.0000874704055605,-0.000143878671224,0.000609933049418,-0.000246442563366,0.000343891006196],[-0.000545760558452,0.00013399006275,0.0000844792521093,0.00249134306796,-0.000263460038695,-0.000184346004971,-0.00031301935087,0.0000879341023392,-0.000695376074873,0.000568739778828,0.000437449954916,0.000523153867107,-0.000338056037435],[-0.0000604222259426,-0.00060644937912,-0.000418424868258,-0.000263460038695,0.00333471875638,0.000156048306962,0.000168268656125,-0.000858915387653,-0.000566399772651,-0.00142384273931,0.000602999003604,-0.000989750027657,0.000180127186468],[-0.000237258253037,0.000174432352651,-0.000853807665408,-0.000184346004971,0.000156048306962,0.00600020168349,-0.00294857239351,0.00113157252781,-0.00193872558884,0.000235736239119,-0.0014291977277,0.000463053642306,-0.000644420855679],[0.00022022765188,-0.000623829837423,0.000368385226466,-0.00031301935087,0.000168268656125,-0.00294857239351,0.00763278780505,-0.00237711519003,0.00100382091478,-0.0000826289324323,-0.0000910211456358,0.000586862093769,-0.000183039446711],[-0.000451648898888,-0.0000729144157958,-0.001050206949,0.0000879341023392,-0.000858915387653,0.00113157252781,-0.00237711519003,0.0073662144132,-0.00122132722754,0.00008999286365,0.0007500636857,-0.000383712933399,0.000231356898439],[0.000320541817928,-0.000116363429697,0.0000874704055605,-0.000695376074873,-0.000566399772651,-0.00193872558884,0.00100382091478,-0.00122132722754,0.00672867195681,-0.00141392834485,0.00189443316776,-0.00013018885511,-0.000513814564329],[-0.000460568408016,0.000602707150392,-0.000143878671224,0.000568739778828,-0.00142384273931,0.000235736239119,-0.0000826289324323,0.00008999286365,-0.00141392834485,0.00846544839442,-0.00314337853342,0.0026482809335,-0.00156137021258],[0.000257223611698,-0.000215645559365,0.000609933049418,0.000437449954916,0.000602999003604,-0.0014291977277,-0.0000910211456358,0.0007500636857,0.00189443316776,-0.00314337853342,0.0106892250478,-0.00434637768194,0.00257342495024],[-0.000246406474616,0.000700925302226,-0.000246442563366,0.000523153867107,-0.000989750027657,0.000463053642306,0.000586862093769,-0.000383712933399,-0.00013018885511,0.0026482809335,-0.00434637768194,0.0117077501491,-0.00419750669971],[0.000260421336861,-0.000218219909584,0.000343891006196,-0.000338056037435,0.000180127186468,-0.000644420855679,-0.000183039446711,0.000231356898439,-0.000513814564329,-0.00156137021258,0.00257342495024,-0.00419750669971,0.0111341839656]],"mean":[-749.913452148,141.307235718,-31.2867183685,23.723777771,-12.4725961685,-18.8999118805,-18.4455890656,-13.2104883194,-26.8279323578,-16.4985218048,-22.9587440491,-14.1825246811,-9.68831920624]},"pitch_salience":{"dmean":0.0570406056941,"dmean2":0.0917429998517,"dvar":0.00272492901422,"dvar2":0.00680957874283,"max":0.918204009533,"mean":0.507756650448,"median":0.510551512241,"min":0.0360983088613,"var":0.0128516135737},"silence_rate_20dB":{"dmean":0,"dmean2":0,"dvar":0,"dvar2":0,"max":1,"mean":1,"median":1,"min":1,"var":0},"silence_rate_30dB":{"dmean":0,"dmean2":0,"dvar":0,"dvar2":0,"max":1,"mean":1,"median":1,"min":1,"var":0},"silence_rate_60dB":{"dmean":0.0310502275825,"dmean2":0.0621075481176,"dvar":0.030084528029,"dvar2":0.0650940462947,"max":1,"mean":0.266750365496,"median":0,"min":0,"var":0.195595383644},"spectral_centroid":{"dmean":201.706756592,"dmean2":307.08807373,"dvar":53767.0195313,"dvar2":112911.109375,"max":10846.6279297,"mean":1169.97973633,"median":985.467773438,"min":249.540313721,"var":515390.6875},"spectral_complexity":{"dmean":1.7872146368,"dmean2":2.871332407,"dvar":3.47556495667,"dvar2":8.11303520203,"max":46,"mean":11.8194265366,"median":10,"min":0,"var":59.9397888184},"spectral_contrast_coeffs":{"dmean":[0.038965601474,0.0381885692477,0.0335686318576,0.031416669488,0.0228006225079,0.023666691035],"dmean2":[0.063627704978,0.0614097230136,0.0535804145038,0.0496536120772,0.036170117557,0.0397571139038],"dvar":[0.00113765941933,0.00107812031638,0.000782717834227,0.000656057090964,0.00036080335849,0.000423746794695],"dvar2":[0.0028950299602,0.00282113999128,0.00194977107458,0.00156350363977,0.000831655866932,0.00129090726841],"max":[-0.23366458714,-0.402416527271,-0.474075824022,-0.49053171277,-0.506321072578,-0.520279824734],"mean":[-0.469830602407,-0.646939635277,-0.721471309662,-0.725100815296,-0.734561920166,-0.723540604115],"median":[-0.457914412022,-0.644666910172,-0.725789189339,-0.72586119175,-0.735275804996,-0.727159619331],"min":[-0.988759458065,-0.968322455883,-0.956247150898,-0.961739420891,-0.954736590385,-0.95923435688],"var":[0.00944021996111,0.0049607749097,0.00453626178205,0.00381110771559,0.00427918275818,0.00289431167766]},"spectral_contrast_valleys":{"dmean":[0.367807984352,0.297792375088,0.272512972355,0.235879525542,0.17548327148,0.35402366519],"dmean2":[0.622332036495,0.484867572784,0.439299225807,0.377586126328,0.269198268652,0.541031897068],"dvar":[0.126167282462,0.0857567116618,0.0795058384538,0.0618565939367,0.0458525270224,0.122402310371],"dvar2":[0.307749152184,0.168808206916,0.144194111228,0.10617928952,0.0618581362069,0.316412657499],"max":[-6.47436761856,-5.42655420303,-6.01722288132,-6.20083141327,-6.07962369919,-8.49945831299],"mean":[-9.57960224152,-7.75816488266,-8.56355857849,-9.05445766449,-8.79923725128,-12.7281637192],"median":[-9.24419879913,-7.54778289795,-8.32402515411,-8.91211414337,-8.52576541901,-12.4924564362],"min":[-27.425573349,-27.098865509,-27.2454166412,-26.9955196381,-27.4078159332,-27.2712860107],"var":[2.72438788414,1.34136223793,1.40405833721,1.49582254887,2.15786886215,3.476531744]},"spectral_decrease":{"dmean":8.75579386772e-10,"dmean2":1.37615241425e-9,"dvar":2.09052653107e-18,"dvar2":5.64350673077e-18,"max":-4.73426772529e-29,"mean":-3.53216145221e-9,"median":-2.27786078888e-9,"min":-2.43989752846e-8,"var":1.29273548024e-17},"spectral_energy":{"dmean":0.00348118832335,"dmean2":0.00546462833881,"dvar":0.0000323584499711,"dvar2":0.0000867648268468,"max":0.0949468538165,"mean":0.0143233314157,"median":0.00933814421296,"min":1.05998122555e-20,"var":0.000211069476791},"spectral_energyband_high":{"dmean":0.000114987131383,"dmean2":0.000177041249117,"dvar":8.05283946193e-8,"dvar2":1.89621189861e-7,"max":0.00559356808662,"mean":0.000268031464657,"median":0.0000527084230271,"min":7.69780417273e-21,"var":2.95555452112e-7},"spectral_energyband_low":{"dmean":0.000244179042056,"dmean2":0.000375140778488,"dvar":3.97954892151e-7,"dvar2":0.00000102576314021,"max":0.0174584593624,"mean":0.000638711615466,"median":0.00021636809106,"min":4.06834438375e-23,"var":0.00000115082343655},"spectral_energyband_middle_high":{"dmean":0.000992158427835,"dmean2":0.00150853849482,"dvar":0.00000419375464844,"dvar2":0.00000946430736803,"max":0.0560679025948,"mean":0.00294196303003,"median":0.00126270938199,"min":1.44871748072e-21,"var":0.000019036087906},"spectral_energyband_middle_low":{"dmean":0.00312217208557,"dmean2":0.00492463121191,"dvar":0.0000293123030133,"dvar2":0.0000802803770057,"max":0.0915414765477,"mean":0.0109349554405,"median":0.0067106471397,"min":4.26890172972e-22,"var":0.000139211071655},"spectral_entropy":{"dmean":0.139517366886,"dmean2":0.205519616604,"dvar":0.0190897304565,"dvar2":0.038007427007,"max":9.8066368103,"mean":6.66438770294,"median":6.76520442963,"min":3.30312561989,"var":0.37978965044},"spectral_flux":{"dmean":0.0111197959632,"dmean2":0.0181076545268,"dvar":0.00017496435612,"dvar2":0.000435670604929,"max":0.211991935968,"mean":0.0431853942573,"median":0.0351858586073,"min":1.02955387271e-10,"var":0.00105069379788},"spectral_kurtosis":{"dmean":6.26447820663,"dmean2":11.1912117004,"dvar":77.417640686,"dvar2":239.180084229,"max":106.640716553,"mean":12.5062875748,"median":5.73052310944,"min":-1.2023845911,"var":296.470672607},"spectral_rms":{"dmean":0.000397062685806,"dmean2":0.000602872052696,"dvar":2.26988689178e-7,"dvar2":5.90635352182e-7,"max":0.00962450355291,"mean":0.00323786120862,"median":0.00301834149286,"min":3.21578614432e-12,"var":0.00000349018750967},"spectral_rolloff":{"dmean":338.616577148,"dmean2":585.690307617,"dvar":307793,"dvar2":686387.125,"max":18884.6191406,"mean":1359.90478516,"median":904.39453125,"min":258.3984375,"var":1539650.625},"spectral_skewness":{"dmean":0.522389292717,"dmean2":0.928128242493,"dvar":0.341090619564,"dvar2":1.06566631794,"max":8.90038394928,"mean":1.89606010914,"median":1.40517747402,"min":-0.225883051753,"var":1.99799895287},"spectral_spread":{"dmean":280536.90625,"dmean2":443448.34375,"dvar":210312921088,"dvar2":255594135552,"max":40110316,"mean":2713575.75,"median":2729514,"min":653776.5625,"var":1097574711300},"spectral_strongpeak":{"dmean":0.474301248789,"dmean2":0.807601213455,"dvar":1.18215203285,"dvar2":3.05260777473,"max":19.1075763702,"mean":0.933198451996,"median":0.629406630993,"min":0,"var":1.47099125385},"zerocrossingrate":{"dmean":0.00614554341882,"dmean2":0.00725765759125,"dvar":0.0000628373745712,"dvar2":0.0000981842022156,"max":0.5087890625,"mean":0.0487829819322,"median":0.04248046875,"min":0.01025390625,"var":0.000994673348032}},"metadata":{"audio_properties":{"analysis_sample_rate":44100,"bit_rate":128000,"codec":"mp3","downmix":"mix","equal_loudness":0,"length":203.389389038,"lossless":false,"md5_encoded":"d615f2ebb3d732b727b1f58c0d83f783","replay_gain":-5.58865356445,"sample_rate":44100},"tags":{"acoustid_fingerprint":["AQADtImSaXMyIS_MEMfdwW2Kq8QfXHBH-LCRdxA7Izx-hIbsnEh5-Ghz9HBjJNOH-Dn6Fq-Kq3gOf8afojYnhN0hWkd4o10O2-hpPMO_obnQKsHRGO2Po96ONPqEW8N_pL9xWiNC_Dq0I30e_AL-wtNY4Sl-eGTxTMjVQw8R8xp-fCr64z2u_ajFFA0e3MiR7PDD0KgeBb0C22h_HDmDplyHaj_CL2gmX8LHHOfQmzBP4UcdDb-E8wgfZki6Hzue2vBnWB_uHvsUwp4X1MdzPCSKvki-TMi_FFUrCT_aET9-fIWt5Tj6JUczSha-jEZ54j4-DzcjuB-ud2iF_BCf4xduqE2Oc0e6qBWu4cqKMIFmETl6Dad-pEOl5NCPXBGP68Hz40fYHMlCbRYu_nhyNEfl0Ci5XGgq6XiC2nHQE_eLSVwR5kfiRNEOTpqKHuWHL8e5S0UvoXkW4cSoHM9zPEdzBv2IB8_048eP63i0I4eOMKiXB08iHReloKuOnYFzVCwyLgmhSL8Riw8sbQ-SSVIi5LnxHM9xP0EbLTkaZROOZxlOFmEfJMtOCS8jfMWtBF-K63h23IHDHf_xbcBf1NvhpkE_4UeVf3DMoI-PPH2QzDmak8WVVPh3NJWOcsYffENTcUHJLDeOh0j3bFAvB-mHH7_xo8tVNE6G4y3xH_03mA_q4ccv1JJS_EQ5Cv9xC3172Mnw-fDyFF6h6SJRPw4aM7ge9HnQ5MG3I2agkWOIf_h1JC-PhjkeEefRB45z9McTfTiPO0sk-MdLPH0wJwmaigGj79CPY__R67iIhzrh44e_ozpR5Wh-fCJy9EfSp0cj8zg1VEqOJnqMV_PwC67x48euwWcGvvh5XEmR_Ai153io4xuxNejxZjl6NPlxibgSIbn2IGcilJ_QpDmePDy-HKeOnIf-4tEVnFkqhDqLRo2OW-gPLws8Xehj5Hahn0h74g4emiN--GlQWhYa7gvxaAmDa0GDiY0GYg-LZ5SGZnoQqifOod-g5XiXo0wsLvAfhP_wLsYzPIfXE__xHNPhKnh8g38QqfGhGpeE5tERiqfxozm6okeY49DxC7lw6sgpXI-g6Ubz4sWtQ8-ETxdCU4fjCmvBHTuPC5d-5AnqJivUHM905Ec_I7_wQHwWhOTx5MFbAY1QPpmQZw--GlrOI_QW42giElW8bPhR60bz7Dj-inikD68w5UX_Hqy04A886oidDz-SJzx-dM3hGz3OY0-PR0dToLmOO4sm1NfQiDkRq0NyMYYf_LjQJB4-pIVG5cgZ1DbsXAh9_Cehpgzy9DiaC31C-PlwbXiMidfRXJVA38R_TEfzXfhxG-UapD1-aGeFR8in4EuWo7nQ4wv6iYNPTB6P0wId6Aw25TiOa4XJo-czhPmO5PjxH96Spbhx5EdP6D8uzsL5BD1eXOkMf9Aj9HvQ8DkikwOv