{"lowlevel":{"average_loudness":0.0220154896379,"barkbands":{"dmean":[0.00000373382044927,0.000248907716013,0.000548896263354,0.00121732684784,0.000903007749002,0.000422397919465,0.00025324820308,0.000196804714506,0.000292700686259,0.000340841826983,0.000150834370288,0.000162670781719,0.0000806326206657,0.00006169363769,0.000190587117686,0.000256870262092,0.000135907364893,0.0000957957090577,0.0000776613742346,0.0000691752575221,0.0000319928622048,0.000018429613192,0.00000166130689649,9.40734764754e-7,4.92831986776e-7,7.68615677771e-8,1.54716364165e-8],"dmean2":[0.0000065901808739,0.00043214939069,0.000952954578679,0.0020682325121,0.00153292028699,0.000720688491128,0.000435075256974,0.00034265909926,0.000494081410579,0.000567472656257,0.000257637526374,0.000285558053292,0.00013707720791,0.000105100596556,0.000324642314808,0.00043560290942,0.000232895748923,0.000160633659107,0.000132606888656,0.000118124407891,0.0000541913432244,0.0000298392606055,0.00000244946431849,0.00000139448798109,6.85084216911e-7,1.07343652189e-7,2.52507881271e-8],"dvar":[1.34952196987e-11,9.19015334944e-8,5.57447719984e-7,0.00000256600651483,0.00000221568143388,9.85101905826e-7,5.5783704056e-7,3.60301953606e-7,6.60229602545e-7,7.11861503078e-7,2.9989723771e-7,3.71403473309e-7,6.61387460354e-8,3.68756083446e-8,0.00000124240125388,0.00000212345298678,4.49340802788e-7,1.87221047554e-7,1.27355491486e-7,1.33642245714e-7,2.30765024867e-8,9.16116338345e-9,4.89321361208e-11,1.80451105447e-11,6.84493997941e-12,1.20322412515e-13,1.32348400377e-15],"dvar2":[4.1061841427e-11,2.51255244166e-7,0.00000162641345014,0.0000071083027251,0.00000650704487271,0.00000291530477625,0.00000160139541094,0.0000010604101135,0.00000184541625003,0.00000187380635452,9.14636643756e-7,0.00000115831232961,1.92454379544e-7,1.12221819393e-7,0.00000334484798259,0.00000637024595562,0.00000133965306759,5.48045250071e-7,3.48475566625e-7,3.94057934727e-7,6.77056135601e-8,2.50740619379e-8,1.04784493582e-10,4.04081525185e-11,1.25836806253e-11,2.30351301185e-13,3.15645663124e-15],"max":[0.0000573404322495,0.00375397130847,0.00878694932908,0.0176511108875,0.0206980463117,0.0191884152591,0.0129082389176,0.0186791848391,0.0139625109732,0.0129413781688,0.0129250539467,0.0116153890267,0.00547081138939,0.00349512184039,0.0380204208195,0.0476069562137,0.0216225907207,0.0118647497147,0.00968763697892,0.0120641300455,0.00330980028957,0.0035242063459,0.000197310291696,0.000156326350407,0.0000866747432156,0.0000103721067717,0.0000011013570429],"mean":[0.0000198767538677,0.000303310080199,0.000659957586322,0.00200194795616,0.00182161678094,0.000785982352681,0.000444131001132,0.000361325102858,0.000539931235835,0.000567662063986,0.000279217405478,0.00030332809547,0.000168853788637,0.000131674474687,0.000415620277636,0.00065910059493,0.000299759441987,0.000237744461629,0.000203069939744,0.000180881615961,0.0000950368339545,0.0000626929613645,0.0000055076661738,0.00000286239310299,0.00000148992410232,2.59556657056e-7,5.47951160002e-8],"median":[0.0000217993347178,0.000192037550732,0.000383776088711,0.00126108177938,0.00127958261874,0.000425959005952,0.00016731681535,0.000136316186399,0.000160005525686,0.0000962010963121,0.0000684305123286,0.000055877113482,0.0000328223395627,0.0000240796834987,0.0000578489998588,0.0000699539523339,0.0000378901786462,0.0000197633362404,0.0000214979791053,0.0000131865654112,0.00000839109998196,0.0000070486084951,3.62288233191e-7,1.4105606283e-7,9.79151479896e-8,5.43556026855e-8,4.62106939381e-8],"min":[8.53487841843e-25,3.15037282299e-24,1.64495465046e-24,1.29336979741e-24,7.17214585657e-24,8.2803400228e-24,6.04483127971e-24,3.49217402587e-24,1.17367703666e-23,2.06026061087e-23,2.00631388455e-23,2.03697722348e-23,2.15831412813e-23,3.24210472449e-23,3.91344775848e-23,4.55406182032e-23,7.6766970317e-23,9.52239615382e-23,1.14657966457e-22,1.98716927168e-22,2.47940168958e-22,3.57130433195e-22,4.49303768639e-22,5.62850261635e-22,8.77754245373e-22,1.36868755451e-21,1.87929881591e-21],"var":[7.45961625803e-11,1.14441128574e-7,7.03411444647e-7,0.00000519778404851,0.00000420176138505,0.00000162858634667,8.93397100299e-7,6.48186812668e-7,0.00000156062310452,0.00000155906229793,6.31860928024e-7,9.29647285375e-7,1.79352909413e-7,1.08451772007e-7,0.00000340657766174,0.0000114689228212,0.00000176683101927,7.36546667213e-7,4.93599543461e-7,5.13282429893e-7,1.29215351308e-7,8.05369779755e-8,3.45022732606e-10,1.07314275521e-10,4.1178425253e-11,8.15652124835e-13,4.16303395158e-15]},"barkbands_crest":{"dmean":2.25195837021,"dmean2":3.79251265526,"dvar":4.32144594193,"dvar2":11.9937515259,"max":22.0689735413,"mean":9.40382194519,"median":8.99047279358,"min":2.63782906532,"var":11.4609069824},"barkbands_flatness_db":{"dmean":0.0139550194144,"dmean2":0.0230651684105,"dvar":0.000159774252097,"dvar2":0.000432652712334,"max":0.249150693417,"mean":0.154321625829,"median":0.159644842148,"min":0.0423170179129,"var":0.00128133664839},"barkbands_kurtosis":{"dmean":1.95463991165,"dmean2":3.21382546425,"dvar":5.26641368866,"dvar2":13.5070285797,"max":34.6360435486,"mean":4.30285453796,"median":3.21098995209,"min":-1.73776566982,"var":19.8132514954},"barkbands_skewness":{"dmean":0.400158941746,"dmean2":0.655948579311,"dvar":0.146958395839,"dvar2":0.377105236053,"max":5.28110790253,"mean":1.72327327728,"median":1.75603723526,"min":-2.16015315056,"var":1.03386592865},"barkbands_spread":{"dmean":2.59806609154,"dmean2":4.21872615814,"dvar":6.45270204544,"dvar2":17.4226646423,"max":50.1554336548,"mean":14.7463684082,"median":13.0841217041,"min":2.8704559803,"var":49.5318069458},"dissonance":{"dmean":0.0126819266006,"dmean2":0.0218493156135,"dvar":0.000198804336833,"dvar2":0.000561606546398,"max":0.500000059605,"mean":0.47459512949,"median":0.47809612751,"min":0.330218583345,"var":0.000304594548652},"dynamic_complexity":5.77081918716,"erbbands":{"dmean":[0.00248808553442,0.0727652162313,0.485338747501,2.40082907677,2.95929336548,3.72817564011,4.67049360275,3.44259810448,2.97048282623,4.51404476166,4.19005012512,6.97768688202,9.65515422821,8.049036026,6.20988225937,5.80386400223,3.59395027161,3.02141547203,4.51088237762,15.0221529007,10.4198637009,7.59138584137,5.63376617432,4.3932518959,3.40774154663,3.64181637764,1.71554744244,0.994172930717,0.833396494389,0.197426825762,0.0480289794505,0.0290516670793,0.0111483503133,0.00705084530637,0.00291720055975,0.000582257285714,0.000112019151857,0.0000149136676555,0.00000300494843941,0.00000289677927867],"dmean2":[0.00430866982788,0.126548171043,0.844482779503,4.17307901382,5.01474285126,6.44688510895,7.83727741241,5.9401640892,5.08789968491,7.62018060684,7.34104824066,11.752448082,16.0285396576,13.6898145676,10.5010185242,10.0514659882,6.09628391266,5.13602113724,7.65671348572,24.506439209,17.6858139038,12.9847660065,9.63677787781,7.5163769722,5.49718999863,6.17686367035,2.87378144264,1.66634607315,1.36076426506,0.330716788769,0.0714242830873,0.0436866506934,0.0160444583744,0.010022977367,0.00430420134217,0.000834502687212,0.000156589332619,0.0000231539324886,0.00000497723931403,0.00000483205303681],"dvar":[0.00000923324478208,0.00791051518172,0.401981323957,9.82169055939,19.9746894836,41.476108551,71.0043716431,88.1234207153,82.2740325928,169.99432373,170.730041504,418.468811035,594.443847656,505.826019287,472.5909729,467.469390869,120.994338989,97.8203277588,388.551422119,5445.640625,5851.26757813,1360.40478516,754.850280762,382.398406982,301.679718018,385.139678955,65.7063446045,20.9154605865,20.4742584229,0.98144620657,0.040314655751,0.0178841073066,0.00243092048913,0.0014824353857,0.000271911441814,0.00000783450559538,2.67240466201e-7,1.77533876489e-9,3.08144829098e-11,1.98629827863e-11],"dvar2":[0.0000253179277934,0.0217107404023,1.16819429398,28.2208614349,57.5621376038,119.436279297,203.623657227,260.235717773,240.741653442,475.833435059,504.032104492,1195.04968262,1552.50952148,1483.8828125,1415.2565918,1484.49780273,362.39251709,300.206054688,1139.01513672,14662.3447266,16732.0996094,4033.86914063,2202.77392578,1092.68469238,779.158813477,1170.78063965,185.800918579,61.3092803955,56.0851593018,2.83150076866,0.0839929655194,0.0391842052341,0.00515305763111,0.00281223794445,0.000540394918062,0.0000158502352861,4.77195953863e-7,3.77744635571e-9,7.83866443976e-11,5.30017973954e-11],"max":[0.0453193150461,1.19204413891,8.22174930573,36.4329986572,60.6247062683,94.3256530762,129.431365967,196.517791748,152.700317383,280.39175415,361.834655762,396.723815918,398.058685303,377.425811768,472.772399902,502.498596191,217.461212158,197.237976074,500.749755859,2277.5480957,2875.32421875,1328.70153809,809.054199219,576.912109375,662.46673584,641.781311035,248.444564819,130.234909058,164.566619873,36.0528335571,5.52594423294,5.64706134796,1.49464952946,1.39260959625,0.677629590034,0.0886386483908,0.0175147950649,0.00131087913178,0.000181876690476,0.000165698307683],"mean":[0.00338305952027,0.0944574698806,0.657044291496,3.75331377983,5.3422293663,6.73949241638,8.62969684601,6.352455616,4.87689828873,8.91322231293,7.91811752319,12.4210948944,17.1289978027,14.3624286652,13.1918773651,11.2068920135,8.24802112579,7.15326499939,11.4207305908,36.7598075867,27.4057826996,18.3737697601,14.5504407883,11.5426797867,8.88269042969,8.87208938599,5.27137136459,3.08291482925,2.77339982986,0.627061545849,0.162904292345,0.0864525511861,0.0337592586875,0.0205664727837,0.00818154960871,0.00189856730867,0.000365804153262,0.0000596271602262,0.0000144806990647,0.0000134979864015],"median":[0.00237275986001,0.0640603750944,0.445801973343,2.47149372101,3.5897564888,4.47779750824,4.81347799301,3.0347738266,1.4091360569,3.95611214638,2.52374458313,3.4013106823,4.11040973663,2.87649822235,3.25145053864,2.33062648773,1.83810114861,1.44041466713,2.08533620834,5.46619224548,1.9798514843,2.20218062401,1.31189513206,1.12954175472,0.886870503426,0.716806530952,0.445624083281,0.313100129366,0.307367742062,0.0562872365117,0.00943630933762,0.0038452858571,0.00209599803202,0.00126895564608,0.000552508747205,0.000252224795986,0.0000966425868683,0.0000354719122697,0.0000113990572572,0.00000811607787909],"min":[5.87278544944e-23,2.58655500136e-22,2.11341132605e-21,4.73436863984e-21,1.00280745481e-20,3.14539531515e-20,4.23802174056e-20,9.56937462564e-20,7.05896353837e-20,1.08974208539e-19,2.3148874332e-19,3.5458466975e-19,5.56876289742e-19,6.67739326436e-19,1.12833835862e-18,1.16755850698e-18,1.34259075178e-18,1.91677910456e-18,1.69076678803e-18,2.79679877387e-18,3.77430932979e-18,4.69097227306e-18,4.1097687049e-18,5.39423709395e-18,6.18445886314e-18,7.52553122151e-18,8.84367082457e-18,9.85678923112e-18,1.20596166973e-17,1.33832785581e-17,1.12313260083e-17,8.64435172981e-18,1.00632361412e-17,8.95139786447e-18,6.55520576318e-18,4.22393906818e-18,2.62967354855e-18,9.80732010818e-19,2.58331141939e-19,2.60915157237e-20],"var":[0.0000120805971164,0.0102461855859,0.54938441515,16.8577785492,35.9637336731,67.0238265991,123.571258545,132.138000488,136.437393188,281.215393066,362.29473877,903.476806641,1287.17126465,1090.86071777,1422.59155273,1184.03149414,393.035583496,322.163085938,1752.10595703,25089.6269531,23916.3828125,6744.31298828,3046.10205078,1609.79956055,1062.79187012,1252.38317871,405.864440918,137.072463989,163.488998413,6.7952837944,0.297120273113,0.0973977148533,0.0152109600604,0.00784449279308,0.00138647435233,0.0000523997223354,0.00000157783415489,1.183231646e-8,2.10965980796e-10,4.10771527903e-10]},"erbbands_crest":{"dmean":1.92336130142,"dmean2":3.1632976532,"dvar":4.48595094681,"dvar2":11.287853241,"max":29.7503643036,"mean":7.50135612488,"median":6.6408624649,"min":2.71155905724,"var":11.1160049438},"erbbands_flatness_db":{"dmean":0.00910508446395,"dmean2":0.0146844647825,"dvar":0.0000875513505889,"dvar2":0.000206526761758,"max":0.321546494961,"mean":0.188626155257,"median":0.191358566284,"min":0.0707660466433,"var":0.000995074748062},"erbbands_kurtosis":{"dmean":0.476971656084,"dmean2":0.766955971718,"dvar":0.644400060177,"dvar2":1.47270286083,"max":24.4772396088,"mean":-0.207509696484,"median":-0.467630982399,"min":-1.74243295193,"var":1.70943164825},"erbbands_skewness":{"dmean":0.216734752059,"dmean2":0.343249201775,"dvar":0.0394218489528,"dvar2":0.102112486959,"max":2.34751987457,"mean":0.293324768543,"median":0.355385363102,"min":-2.23343253136,"var":0.299047887325},"erbbands_spread":{"dmean":4.3385643959,"dmean2":7.04591798782,"dvar":16.6016807556,"dvar2":42.7428245544,"max":68.8935012817,"mean":35.7959136963,"median":36.3146209717,"min":2.982203722,"var":87.3519897461},"gfcc":{"cov":[[26488.5800781,2833.73510742,-4009.04150391,1122.75463867,-1168.68579102,-156.190582275,-672.044372559,-384.807983398,-423.588104248,-410.116943359,-382.636688232,-371.323791504,-192.175827026],[2833.73510742,937.007995605,-307.504486084,49.4856185913,-47.4292373657,-172.679626465,52.7787094116,-107.262153625,2.01900172234,-57.7099151611,-108.213699341,-39.3404083252,18.25740242],[-4009.04150391,-307.504486084,826.587585449,-149.575332642,187.043991089,44.3832855225,99.3577880859,75.0691604614,50.6543083191,52.3377799988,38.3739356995,63.6639022827,32.9193954468],[1122.75463867,49.4856185913,-149.575332642,154.043624878,-31.064912796,-0.55999058485,-55.3593788147,-24.6025714874,-13.0038146973,-16.4375076294,3.091142416,-15.2551641464,-25.9127559662],[-1168.68579102,-47.4292373657,187.043991089,-31.064912796,159.62902832,38.8345718384,34.4770317078,-5.39522314072,22.0171070099,13.8421344757,0.774911046028,6.5470252037,5.40445613861],[-156.190582275,-172.679626465,44.3832855225,-0.55999058485,38.8345718384,149.559585571,-11.4749526978,35.6087989807,-25.3140926361,-2.76491332054,8.01623249054,-6.03269863129,-6.07004547119],[-672.044372559,52.7787094116,99.3577880859,-55.3593788147,34.4770317078,-11.4749526978,112.684143066,23.9665393829,24.7300758362,-3.09352445602,-9.2077293396,8.75320243835,23.6362476349],[-384.807983398,-107.262153625,75.0691604614,-24.6025714874,-5.39522314072,35.6087989807,23.9665393829,75.6598052979,12.018535614,8.09304237366,11.8300685883,13.765999794,5.92700958252],[-423.588104248,2.01900172234,50.6543083191,-13.0038146973,22.0171070099,-25.3140926361,24.7300758362,12.018535614,62.1825408936,22.3188400269,9.20443916321,5.79962539673,9.42816829681],[-410.116943359,-57.7099151611,52.3377799988,-16.4375076294,13.8421344757,-2.76491332054,-3.09352445602,8.09304237366,22.3188400269,53.6079940796,29.4721164703,15.8857336044,1.22908329964],[-382.636688232,-108.213699341,38.3739356995,3.091142416,0.774911046028,8.01623249054,-9.2077293396,11.8300685883,9.20443916321,29.4721164703,60.0690803528,15.6808242798,-5.61973714828],[-371.323791504,-39.3404083252,63.6639022827,-15.2551641464,6.5470252037,-6.03269863129,8.75320243835,13.765999794,5.79962539673,15.8857336044,15.6808242798,47.5693283081,20.7751922607],[-192.175827026,18.25740242,32.9193954468,-25.9127559662,5.40445613861,-6.07004547119,23.6362476349,5.92700958252,9.42816829681,1.22908329964,-5.61973714828,20.7751922607,41.9812164307]],"icov":[[0.00138507748488,-0.00362936710007,0.00365386833437,-0.0036127998028,0.00383646693081,-0.00369412149303,0.0037006130442,-0.00258822878823,0.00187111308333,-0.000173862223164,0.00132406631019,0.000378442928195,-0.000347630382748],[-0.00362936710007,0.0117441797629,-0.00899001676589,0.0087697096169,-0.0102455802262,0.0115066347644,-0.0114099048078,0.00834213383496,-0.004631833639,0.00010923021182,-0.000642175262328,-0.000567458977457,0.000201878632652],[0.00365386833437,-0.00899001676589,0.0121309934184,-0.00841229408979,0.00754404626787,-0.00889067258686,0.00902423728257,-0.00820183660835,0.00511446874589,-0.000651387206744,0.00347870704718,-0.000578116101678,-0.00062636914663],[-0.0036127998028,0.0087697096169,-0.00841229408979,0.0195134580135,-0.010168873705,0.00856788549572,-0.00593000696972,0.00762906856835,-0.00731184473261,0.00481619313359,-0.00622931541875,-0.00302460044622,0.00526253832504],[0.00383646693081,-0.0102455802262,0.00754404626787,-0.010168873705,0.0226612538099,-0.0156064704061,0.00762075465173,-0.000065641652327,0.00036719290074,-0.00150963047054,0.00551566574723,-0.00024391511397,0.00119104783516],[-0.00369412149303,0.0115066347644,-0.00889067258686,0.00856788549572,-0.0156064704061,0.0228918194771,-0.00882822833955,-0.000358384480933,0.00242512044497,-0.000153825865709,-0.00321706756949,0.00388633366674,-0.00220845360309],[0.0037006130442,-0.0114099048078,0.00902423728257,-0.00593000696972,0.00762075465173,-0.00882822833955,0.025650350377,-0.0126727744937,0.00178746879101,0.00412733480334,0.00165250734426,0.00239356583916,-0.0052298954688],[-0.00258822878823,0.00834213383496,-0.00820183660835,0.00762906856835,-0.000065641652327,-0.000358384480933,-0.0126727744937,0.0292965490371,-0.0106759164482,0.00133005087264,-0.00118696852587,-0.00659926328808,0.00408550305292],[0.00187111308333,-0.004631833639,0.00511446874589,-0.00731184473261,0.00036719290074,0.00242512044497,0.00178746879101,-0.0106759164482,0.0297098644078,-0.0111498842016,0.00105645006988,0.00742035266012,-0.00701627414674],[-0.000173862223164,0.00010923021182,-0.000651387206744,0.00481619313359,-0.00150963047054,-0.000153825865709,0.00412733480334,0.00133005087264,-0.0111498842016,0.0337695367634,-0.0130467731506,-0.00695800920948,0.00351292244159],[0.00132406631019,-0.000642175262328,0.00347870704718,-0.00622931541875,0.00551566574723,-0.00321706756949,0.00165250734426,-0.00118696852587,0.00105645006988,-0.0130467731506,0.0312701165676,-0.00637828791514,0.00531658437103],[0.000378442928195,-0.000567458977457,-0.000578116101678,-0.00302460044622,-0.00024391511397,0.00388633366674,0.00239356583916,-0.00659926328808,0.00742035266012,-0.00695800920948,-0.00637828791514,0.0376527346671,-0.020206766203],[-0.000347630382748,0.000201878632652,-0.00062636914663,0.00526253832504,0.00119104783516,-0.00220845360309,-0.0052298954688,0.00408550305292,-0.00701627414674,0.00351292244159,0.00531658437103,-0.020206766203,0.0399598404765]],"mean":[-127.057601929,142.986251831,-136.786697388,31.5090370178,-46.3662071228,-18.0207233429,-21.8471088409,-12.2063055038,-23.0568847656,-11.4871006012,-26.4123573303,-5.29009819031,-4.71896982193]},"hfc":{"dmean":1.50670874119,"dmean2":2.46078705788,"dvar":25.74451828,"dvar2":67.0328598022,"max":241.40574646,"mean":9.38861751556,"median":2.87505936623,"min":1.11154439602e-16,"var":690.374206543},"melbands":{"dmean":[0.0000452069944004,0.000192158739083,0.00042821635725,0.000191632629139,0.000168950879015,0.0000749992977944,0.0000458788563265,0.0000474050284538,0.0000348275279975,0.000045355711336,0.0000503567462147,0.0000361409729521,0.0000216171265492,0.0000192956449609,0.0000111489925985,0.00000822620950203,0.00000605623927186,0.00000657987175146,0.0000163637705555,0.0000221834288823,0.0000112078569146,0.00000729624844098,0.00000939431174629,0.00000402714840675,0.00000412625377066,0.00000259552530224,0.00000246057879849,0.00000277821391137,0.00000134899084969,0.00000106972936464,5.18302556429e-7,5.26396206624e-7,3.92417092598e-7,4.61761437975e-8,3.32766632027e-8,2.51718166311e-8,1.71856573417e-8,9.24838250427e-9,7.90788678984e-9,5.95071636411e-9],"dmean2":[0.0000782568677096,0.000334262353135,0.000730489438865,0.000328208843712,0.000284300243948,0.000129042105982,0.0000786958553363,0.000079848941823,0.0000609209819231,0.0000761966730352,0.0000837071202113,0.0000613263764535,0.0000367381253454,0.0000337886231137,0.0000190764803847,0.000014250364984,0.0000102661142591,0.0000114241156552,0.0000268814437732,0.000037570749555,0.000019229382815,0.0000124395846797,0.0000162610122061,0.00000681638675815,0.00000709256801201,0.00000430314776168,0.00000402695468438,0.00000485853297505,0.00000228864746532,0.00000180274344075,8.57707391333e-7,8.58868133946e-7,6.69888663651e-7,7.32697742478e-8,4.94564176279e-8,3.81414402284e-8,2.60524970486e-8,1.41547458199e-8,1.18777627733e-8,8.41582448174e-9],"dvar":[2.9960789405e-9,6.11214687751e-8,3.17988650522e-7,1.08519998321e-7,8.27725514796e-8,3.96334876029e-8,1.90696862745e-8,1.80317236698e-8,1.12848725919e-8,1.75277428127e-8,1.59868491778e-8,9.74670566478e-9,5.4704898389e-9,5.36680522245e-9,1.56640311832e-9,7.32000238202e-10,3.74574427031e-10,7.55876861103e-10,8.7160287876e-9,1.44259288959e-8,7.74826514061e-9,1.28986665793e-9,2.11205497536e-9,2.77835310314e-10,3.54862278451e-10,1.36653480198e-10,1.63518712459e-10,2.3724006093e-10,4.25232418721e-11,3.05072668516e-11,5.75442297979e-12,7.74017395316e-12,4.7535655967e-12,4.63949354195e-14,2.00515687089e-14,1.11946661048e-14,6.91762024792e-15,1.85097874799e-15,1.54904908938e-15,1.18892636147e-15],"dvar2":[8.16738854326e-9,1.7629875515e-7,8.92127388852e-7,3.17261054761e-7,2.38962542198e-7,1.17633163654e-7,5.51634400381e-8,5.12001037123e-8,3.36802941092e-8,4.92860685597e-8,4.15125533948e-8,2.83357763919e-8,1.67479949909e-8,1.63995430569e-8,4.80529349645e-9,2.26937046932e-9,1.12956310971e-9,2.32321628602e-9,2.27381296014e-8,4.34385611925e-8,2.20724931665e-8,3.70332586819e-9,6.29508312144e-9,8.35550961753e-10,1.03690489528e-9,3.51148055078e-10,4.25511209601e-10,7.34912797284e-10,1.2159624696e-10,8.96130600281e-11,1.65268423946e-11,2.05465297554e-11,1.42796625219e-11,1.15429679161e-13,4.1479254249e-14,2.50566948646e-14,1.60214028866e-14,4.38215417526e-15,3.17547845014e-15,2.19482817304e-15],"max":[0.000662229082081,0.00322763132863,0.00620475038886,0.00515762111172,0.00445338478312,0.00405078148469,0.00225131819025,0.0033077027183,0.00256127119064,0.00240607862361,0.00198207772337,0.00158798182383,0.00146603293251,0.00141431565862,0.000793974206317,0.000565177004319,0.000382042577257,0.000645399326459,0.00318714720197,0.00381252239458,0.00312516582198,0.00124274089467,0.00145260966383,0.000455385947134,0.000524390779901,0.000468713435112,0.000485753727844,0.000474620144814,0.000198252033442,0.000121676530398,0.0000817540712887,0.0000987116291071,0.0000658995049889,0.0000083115801317,0.00000402695741286,0.00000309984011437,0.00000342327871294,0.00000120489232813,0.00000125274675611,0.00000120739196063],"mean":[0.0000576713282499,0.000261035864241,0.000752233201638,0.00038811552804,0.000332574592903,0.000140004296554,0.0000769109974499,0.0000954013958108,0.0000636617769487,0.000079633507994,0.0000865620095283,0.0000604100750934,0.0000426005972258,0.0000365695341316,0.0000213914172491,0.0000163254771905,0.0000125923324958,0.000014529915461,0.0000362013888662,0.0000551686462131,0.0000252552108577,0.0000163622971741,0.0000198764373636,0.00000954426559474,0.00000951735819399,0.00000649417415843,0.00000576788215767,0.00000614353439232,0.00000350244931724,0.00000266678739536,0.00000144306170569,0.00000164860284713,0.00000102127421542,1.28917463371e-7,9.11350852562e-8,6.99612598964e-8,4.49091857035e-8,2.32604602246e-8,1.99762499875e-8,1.62648667867e-8],"median":[0.0000382693615393,0.000180333066965,0.000507254793774,0.000283514149487,0.000210945436265,0.0000672383976053,0.0000231361591432,0.0000438861025032,0.0000191044600797,0.0000214530427911,0.000019715167582,0.0000108140011434,0.0000110071878225,0.00000631062175671,0.00000454105793324,0.0000028453498544,0.0000021225303044,0.00000280120957541,0.00000517164835401,0.0000070961059464,0.00000115236753118,0.00000203354329642,0.00000195739380615,7.22995707747e-7,9.25429048948e-7,6.96612005413e-7,4.6157106226e-7,4.72815202102e-7,2.86805118321e-7,1.99939989898e-7,1.74963631139e-7,1.99494081699e-7,7.9870815739e-8,1.31679147586e-8,5.13253306522e-9,3.36639160992e-9,1.59931579091e-9,1.11054343499e-9,1.83068737947e-9,7.66805730024e-10],"min":[1.09164445609e-24,1.40289583713e-24,9.28608600657e-25,1.11545099631e-24,1.81064009246e-24,2.09803395314e-24,1.08990728577e-24,1.02760699578e-24,2.35687144349e-24,1.76038728621e-24,2.63013838308e-24,2.43927486757e-24,3.33637202494e-24,2.40132217778e-24,3.16375998976e-24,2.61020544573e-24,2.87796357241e-24,1.86785400454e-24,3.55811490894e-24,3.16554202655e-24,4.09180652702e-24,4.48162096005e-24,3.29958093283e-24,3.8213368882e-24,4.09485350227e-24,4.00467605118e-24,5.36592338518e-24,4.69572057074e-24,5.29591750187e-24,5.47670824969e-24,5.31319276683e-24,5.61547203837e-24,6.92228520889e-24,6.93115752749e-24,5.79312469751e-24,5.70647345467e-24,4.86443701355e-24,6.34018001376e-24,6.17705225603e-24,7.52015657807e-24],"var":[3.83857745589e-9,8.44053360538e-8,6.48168281714e-7,1.8515714828e-7,1.5612324944e-7,6.23824831791e-8,3.2817919049e-8,3.17771053915e-8,2.47876066339e-8,3.76157167636e-8,3.35894334569e-8,1.98368521609e-8,1.39916274122e-8,1.39165718949e-8,3.64258045948e-9,1.77429548831e-9,9.97405491532e-10,2.40093389614e-9,2.62153783126e-8,6.86169698838e-8,2.35018706718e-8,5.51050227671e-9,7.01147540028e-9,1.04830655268e-9,1.17578224934e-9,5.15213816055e-10,5.21068965753e-10,6.54296561375e-10,1.90725726879e-10,1.15244140619e-10,3.08359414392e-11,5.75742196973e-11,2.39138448627e-11,2.05257658743e-13,1.01722876812e-13,6.24427267705e-14,2.90285983727e-14,7.76630448591e-15,6.41270560213e-15,5.70748672255e-15]},"melbands_crest":{"dmean":3.24403119087,"dmean2":5.48127126694,"dvar":8.9689540863,"dvar2":23.8667945862,"max":30.4896831512,"mean":13.7691421509,"median":13.1776332855,"min":1.52842152119,"var":27.3974475861},"melbands_flatness_db":{"dmean":0.0171899870038,"dmean2":0.028500398621,"dvar":0.000250637007412,"dvar2":0.000665231549647,"max":0.35492926836,"mean":0.234686583281,"median":0.247356653214,"min":0.0031959277112,"var":0.00332078756765},"melbands_kurtosis":{"dmean":4.04916524887,"dmean2":6.71180152893,"dvar":22.7209453583,"dvar2":58.89818573,"max":72.9648361206,"mean":10.9942684174,"median":9.10919380188,"min":-1.54492819309,"var":80.1797714233},"melbands_skewness":{"dmean":0.516854405403,"dmean2":0.851084530354,"dvar":0.252977192402,"dvar2":0.653927445412,"max":7.33784341812,"mean":2.63472247124,"median":2.64974451065,"min":-1.23946774006,"var":1.27746963501},"melbands_spread":{"dmean":3.65422677994,"dmean2":5.99849033356,"dvar":20.9676933289,"dvar2":52.5784645081,"max":152.824462891,"mean":18.2030181885,"median":13.510187149,"min":2.59697079659,"var":352.598510742},"mfcc":{"cov":[[11666.2626953,1350.61914063,-1834.62597656,758.721984863,-461.900115967,239.778182983,-259.587890625,-82.0226211548,-214.842330933,-126.557060242,6.96970367432,-2.48877763748,-296.394744873],[1350.61914063,1278.28125,-203.594985962,329.691253662,-136.78288269,67.8923339844,-42.8174438477,-34.8499717712,111.700485229,-65.288192749,14.3711395264,-119.538894653,-31.9362239838],[-1834.62597656,-203.594985962,466.822052002,-118.16822052,93.9457321167,-54.9508934021,56.5733032227,36.450302124,31.4186782837,22.3938045502,-7.62690639496,-2.72210073471,49.2319869995],[758.721984863,329.691253662,-118.16822052,227.893463135,-44.8845710754,21.209394455,-49.8637733459,-25.5951538086,5.07515335083,-38.3366851807,10.7850942612,-7.6824836731,-8.02193641663],[-461.900115967,-136.78288269,93.9457321167,-44.8845710754,132.513946533,35.317905426,23.0223407745,5.20137691498,-10.6599340439,3.59140205383,1.4254193306,17.163608551,9.05495834351],[239.778182983,67.8923339844,-54.9508934021,21.209394455,35.317905426,83.4896850586,16.9477329254,-5.47603082657,3.87992572784,-8.70761489868,4.99159049988,-7.90855979919,-10.6161661148],[-259.587890625,-42.8174438477,56.5733032227,-49.8637733459,23.0223407745,16.9477329254,75.5508117676,31.6326751709,10.4448156357,9.95823574066,-6.95803928375,-5.90359830856,1.73298954964],[-82.0226211548,-34.8499717712,36.450302124,-25.5951538086,5.20137691498,-5.47603082657,31.6326751709,59.0267982483,26.0905151367,6.36618089676,-6.25396776199,-5.50136995316,0.312557369471],[-214.842330933,111.700485229,31.4186782837,5.07515335083,-10.6599340439,3.87992572784,10.4448156357,26.0905151367,80.3418426514,6.29189777374,-5.65866661072,-28.2437953949,12.4396677017],[-126.557060242,-65.288192749,22.3938045502,-38.3366851807,3.59140205383,-8.70761489868,9.95823574066,6.36618089676,6.29189777374,47.7344322205,11.7410936356,5.89127874374,-1.28426301479],[6.96970367432,14.3711395264,-7.62690639496,10.7850942612,1.4254193306,4.99159049988,-6.95803928375,-6.25396776199,-5.65866661072,11.7410936356,39.5761680603,17.3940410614,-1.52446782589],[-2.48877763748,-119.538894653,-2.72210073471,-7.6824836731,17.163608551,-7.90855979919,-5.90359830856,-5.50136995316,-28.2437953949,5.89127874374,17.3940410614,58.5567131042,12.7544937134],[-296.394744873,-31.9362239838,49.2319869995,-8.02193641663,9.05495834351,-10.6161661148,1.73298954964,0.312557369471,12.4396677017,-1.28426301479,-1.52446782589,12.7544937134,45.7967987061]],"icov":[[0.000342635990819,-0.000221789581701,0.000928554392885,-0.000351644295733,0.000404744176194,-0.0005763079389,0.000547929259483,-0.00116008671466,0.00109367049299,-0.000472131650895,0.000803131435532,-0.000492194900289,0.000630123948213],[-0.000221789581701,0.00226900051348,-0.000448483333457,-0.00214976072311,0.00062799686566,0.0000160023682838,-0.00149915856309,0.00234624929726,-0.00306214066222,0.00158105080482,-0.00257040723227,0.00332652335055,0.0000367816464859],[0.000928554392885,-0.000448483333457,0.00684787984937,-0.000530491350219,-0.00276293023489,0.003378842026,-0.00129666959401,-0.0026815875899,0.00171719351783,-0.000847114075441,0.000351521157427,0.00132864119951,-0.0012092590332],[-0.000351644295733,-0.00214976072311,-0.000530491350219,0.00996127724648,0.000205424832529,-0.000911992159672,0.00390983745456,-0.000136513597681,0.0000418946037826,0.00400079647079,-0.00122948270291,-0.00271313870326,-0.00104336044751],[0.000404744176194,0.00062799686566,-0.00276293023489,0.000205424832529,0.0149530936033,-0.0110770249739,0.00233667413704,-0.0021988323424,0.00278119347058,-0.000365256535588,0.0024231004063,-0.0042008953169,0.000950787391048],[-0.0005763079389,0.0000160023682838,0.003378842026,-0.000911992159672,-0.0110770249739,0.0251605659723,-0.0106047885492,0.00755078950897,-0.0059033385478,0.00467944331467,-0.00674850353971,0.0047912588343,0.00103739369661],[0.000547929259483,-0.00149915856309,-0.00129666959401,0.00390983745456,0.00233667413704,-0.0106047885492,0.0256174672395,-0.0143830543384,0.00620745262131,-0.00436738319695,0.0054778973572,-0.00157699827105,-0.00039904093137],[-0.00116008671466,0.00234624929726,-0.0026815875899,-0.000136513597681,-0.0021988323424,0.00755078950897,-0.0143830543384,0.0332800745964,-0.0161973871291,0.00430312473327,-0.00251221330836,-0.000442492950242,0.00404911488295],[0.00109367049299,-0.00306214066222,0.00171719351783,0.0000418946037826,0.00278119347058,-0.0059033385478,0.00620745262131,-0.0161973871291,0.0287522692233,-0.00824528094381,0.00359407602809,0.00691613135859,-0.00878619309515],[-0.000472131650895,0.00158105080482,-0.000847114075441,0.00400079647079,-0.000365256535588,0.00467944331467,-0.00436738319695,0.00430312473327,-0.00824528094381,0.0309752337635,-0.0127860242501,0.000329230591888,0.00354219833389],[0.000803131435532,-0.00257040723227,0.000351521157427,-0.00122948270291,0.0024231004063,-0.00674850353971,0.0054778973572,-0.00251221330836,0.00359407602809,-0.0127860242501,0.0395583510399,-0.0165183935314,0.00516090961173],[-0.000492194900289,0.00332652335055,0.00132864119951,-0.00271313870326,-0.0042008953169,0.0047912588343,-0.00157699827105,-0.000442492950242,0.00691613135859,0.000329230591888,-0.0165183935314,0.036338519305,-0.0133048910648],[0.000630123948213,0.0000367816464859,-0.0012092590332,-0.00104336044751,0.000950787391048,0.00103739369661,-0.00039904093137,0.00404911488295,-0.00878619309515,0.00354219833389,0.00516090961173,-0.0133048910648,0.0334596633911]],"mean":[-750.731994629,165.417831421,-27.1336212158,44.5607910156,-11.973279953,5.21718025208,-5.48801231384,-1.47126662731,5.78898859024,-10.2570476532,-8.42630958557,-13.2698888779,-4.65698385239]},"pitch_salience":{"dmean":0.0621518418193,"dmean2":0.104500599205,"dvar":0.00332025648095,"dvar2":0.0090885637328,"max":0.902095079422,"mean":0.650358200073,"median":0.656578540802,"min":0.280694127083,"var":0.00941651128232},"silence_rate_20dB":{"dmean":0,"dmean2":0,"dvar":0,"dvar2":0,"max":1,"mean":1,"median":1,"min":1,"var":0},"silence_rate_30dB":{"dmean":0.0022256844677,"dmean2":0.00445235986263,"dvar":0.00222072633915,"dvar2":0.00532299466431,"max":1,"mean":0.998219847679,"median":1,"min":0,"var":0.00177698594052},"silence_rate_60dB":{"dmean":0.0253728013486,"dmean2":0.0507569015026,"dvar":0.0247269533575,"dvar2":0.0615327842534,"max":1,"mean":0.208722740412,"median":0,"min":0,"var":0.165168523788},"spectral_centroid":{"dmean":140.204467773,"dmean2":225.828094482,"dvar":53659.9804688,"dvar2":89160.4765625,"max":11750.2265625,"mean":1106.42773438,"median":803.552490234,"min":307.211181641,"var":1898614.5},"spectral_complexity":{"dmean":1.63142669201,"dmean2":2.76046299934,"dvar":3.45550298691,"dvar2":8.83759593964,"max":67,"mean":12.4049844742,"median":10,"min":0,"var":139.741989136},"spectral_contrast_coeffs":{"dmean":[0.0487303063273,0.0341423302889,0.0274406038225,0.0204266235232,0.0147949410602,0.0105540594086],"dmean2":[0.0825151726604,0.0574720874429,0.0454545654356,0.032820161432,0.0241892524064,0.017191356048],"dvar":[0.00176417967305,0.000958465097938,0.000668801658321,0.000328645721311,0.00015577058366,0.0000932647162699],"dvar2":[0.00494024902582,0.00281359697692,0.0018423529109,0.00089026655769,0.000426006474299,0.0002206650679],"max":[-0.318262755871,-0.588162124157,-0.590731978416,-0.622109651566,-0.678123295307,-0.523544967175],"mean":[-0.608214199543,-0.781783223152,-0.815625965595,-0.79875099659,-0.817641794682,-0.690969526768],"median":[-0.599721431732,-0.781275093555,-0.820577144623,-0.800191223621,-0.815497994423,-0.685787558556],"min":[-0.976479351521,-0.978280305862,-0.977355182171,-0.972989022732,-0.966336250305,-0.96475738287],"var":[0.00794137082994,0.00311604025774,0.00254791346379,0.00194447825197,0.00152320135385,0.003344258992]},"spectral_contrast_valleys":{"dmean":[0.424245238304,0.263477176428,0.212311342359,0.16047103703,0.123039074242,0.102766469121],"dmean2":[0.72026604414,0.44250535965,0.349049836397,0.258640497923,0.192547813058,0.162177845836],"dvar":[0.214894935489,0.142144799232,0.11877720058,0.104553319514,0.0992739349604,0.0649880692363],"dvar2":[0.442827582359,0.22538870573,0.165250435472,0.120247423649,0.103711396456,0.0644003748894],"max":[-6.24696826935,-4.81069231033,-4.93773984909,-5.45148229599,-5.24225997925,-9.32741355896],"mean":[-8.24709033966,-7.47337770462,-7.8377904892,-8.64165210724,-8.61469268799,-12.7888431549],"median":[-7.72560310364,-7.07244873047,-7.46988582611,-8.24012565613,-8.39689826965,-12.719121933],"min":[-28.0623149872,-28.1241436005,-27.8504428864,-27.6366004944,-27.5747489929,-27.4207744598],"var":[6.92890262604,7.65799379349,7.32293844223,7.08706998825,7.06347799301,4.45419311523]},"spectral_decrease":{"dmean":6.30704877214e-10,"dmean2":1.05732012035e-9,"dvar":7.63267727042e-19,"dvar2":2.09922247405e-18,"max":3.95843965135e-22,"mean":-2.57040810858e-9,"median":-1.6923874524e-9,"min":-2.62454662447e-8,"var":1.13432137667e-17},"spectral_energy":{"dmean":0.00248564127833,"dmean2":0.00416484009475,"dvar":0.000012848602637,"dvar2":0.0000349712208845,"max":0.118496611714,"mean":0.0105528701097,"median":0.00666375737637,"min":1.01000683419e-20,"var":0.000222783986828},"spectral_energyband_high":{"dmean":0.0000707813014742,"dmean2":0.000121917066281,"dvar":1.32297017785e-7,"dvar2":3.97642537564e-7,"max":0.0119743244722,"mean":0.000278390827589,"median":0.0000257422325376,"min":7.05379398266e-21,"var":0.00000105730043742},"spectral_energyband_low":{"dmean":0.00108196551446,"dmean2":0.00189050624613,"dvar":0.00000181987456926,"dvar2":0.00000537361984243,"max":0.0183892585337,"mean":0.0017977533862,"median":0.00139910692815,"min":1.62845787288e-23,"var":0.00000289268677989},"spectral_energyband_middle_high":{"dmean":0.000696596864145,"dmean2":0.00115630857181,"dvar":0.00000501956810695,"dvar2":0.0000135262116601,"max":0.0942242443562,"mean":0.00326738017611,"median":0.000774014508352,"min":1.11356928143e-21,"var":0.0000982284109341},"spectral_energyband_middle_low":{"dmean":0.00199830927886,"dmean2":0.00335313472897,"dvar":0.00000752716414354,"dvar2":0.0000213856874325,"max":0.0417363829911,"mean":0.00612646853551,"median":0.00451477058232,"min":1.67203196182e-22,"var":0.0000372716494894},"spectral_entropy":{"dmean":0.0892015695572,"dmean2":0.144737616181,"dvar":0.00726040964946,"dvar2":0.0177385639399,"max":9.82405281067,"mean":7.35110521317,"median":7.2694644928,"min":6.57816457748,"var":0.176463156939},"spectral_flux":{"dmean":0.0094635579735,"dmean2":0.0155909974128,"dvar":0.0000967416635831,"dvar2":0.000251701043453,"max":0.242523923516,"mean":0.045173343271,"median":0.0390009209514,"min":6.47287501376e-11,"var":0.00135889602825},"spectral_kurtosis":{"dmean":2.33679199219,"dmean2":4.17428922653,"dvar":4.47824668884,"dvar2":14.2902803421,"max":17.794418335,"mean":5.04919528961,"median":4.59937000275,"min":-1.26670360565,"var":7.84451055527},"spectral_rms":{"dmean":0.000348303437931,"dmean2":0.000578995037358,"dvar":1.32543164e-7,"dvar2":3.5734151993e-7,"max":0.0107520446181,"mean":0.00271397875622,"median":0.00254975026473,"min":3.13906452915e-12,"var":0.00000292980530503},"spectral_rolloff":{"dmean":228.440093994,"dmean2":388.743896484,"dvar":216567.203125,"dvar2":424388.1875,"max":20068.9453125,"mean":1236.59387207,"median":753.662109375,"min":172.265625,"var":5794537.5},"spectral_skewness":{"dmean":0.23014305532,"dmean2":0.402376919985,"dvar":0.0394821874797,"dvar2":0.120394334197,"max":2.86196565628,"mean":1.42648410797,"median":1.42574286461,"min":-0.0807933881879,"var":0.181040659547},"spectral_spread":{"dmean":173925.140625,"dmean2":289861.34375,"dvar":577565163520,"dvar2":1015131209730,"max":42420720,"mean":3605043.75,"median":2907883,"min":1957504.375,"var":23665869586400},"spectral_strongpeak":{"dmean":0.230461061001,"dmean2":0.393136411905,"dvar":0.312834650278,"dvar2":0.842136561871,"max":12.9605674744,"mean":0.41360232234,"median":0.279672324657,"min":0,"var":0.588859200478},"zerocrossingrate":{"dmean":0.00454004853964,"dmean2":0.00610405905172,"dvar":0.0000770318074501,"dvar2":0.000123520308989,"max":0.52490234375,"mean":0.0457972809672,"median":0.03271484375,"min":0.0107421875,"var":0.00395493209362}},"metadata":{"audio_properties":{"analysis_sample_rate":44100,"bit_rate":320080,"codec":"mp3","downmix":"mix","equal_loudness":0,"length":104.306938171,"lossless":false,"md5_encoded":"9404a6a41e2d1fd7c35eabb215e13038","replay_gain":-12.0854110718,"sample_rate":44100},"tags":{"acoustid_fingerprint":["AQADMpqYJDMV9Dzyq0INHT9C3ygPv-iBEycRHv2hf2iR73CHf_gKHw8OHwd-4ERXrcihH-FxURa-o8SN5kWP48hJ9NCPF2-RAz7xHnCPB0Z_HD1-pIcPfWiP0De8oz-Ob8GJI4euIfTh483h4zry49AhHvnRo4c5lOhD47rg70hsIiSJ9_iDC5eCMD80Il-OG33gt0jWZQgP7w_8_JiRLF-OPEL748WD_sLDIvyQ8MWJ3sOPI8yLZMSHi8Oj4kf5HuJYvEF7CufxDyG7IOGJHh-NhzneoYfOCD7akXjwo3uQLCfCH-YI7-h3PEcyHimXoeSHP4BP5BwSNJUESwuL_riCkhcSfsh7dBrxB_8RHskySsEVvMd59Ct8JHuEPMJzPDj8BTmF5Dgj_KjN4VeH5AvSH71x9EYYRkXiRkE3w1yyDv5R32h5-IZeXOg0En-E32ieBdrRM-hxiim-7OgN4TBH9I-Qa0cykkGz7ngzPBfeoz_SIzkzdNpxPTiaZ0F36MdR3mB8vCiPRHqGsPhB9kE_NA94hA8SnvCOjsa7I1lcIvdxtehV5DykTD9ytegVfArR8EUp6Xg-JDuF9CiXDD-xRg9qMUeYK0g-dFOi4zdK6niSGU0_JOORL8fTVWj24BLRJin-IznCZ0cTScxxJSf-I9mVrEQYVcK140Eed9AfCqGFxhq-6UHzGa0TB7-gazump2h4D2R2HGnMIPlwDlVDLzjRkgY5IRmP9MUndCGN_Eg-HkejHL3wLI_wo9eRZLkQsjsuXHxw5UKfI8y6Q2uQ7jGeGgllIhJ_VIfJC9fw4_2QWhySXcdXXEePa-iZoj-8H8mefMhu4TjC2EXi4yPoBaWOJ3TwqUWyI32GSjx-4XqOPESytEL1G48kfMeXHKeoIdmFMMfDRMST44-A5oL2HOdwJhf-4x_6HgllFWGj4zSe4xbCI1mkHcfn4qNx7uiRkMsRWnhIB0f1HGE2KUiOr0IfFj1-lExWJKwmhMd_PDqeHz_CC4kS9biPLxe-OkCyfAh_PD-uXDHYI_4KPUR4Hc3I4OPxhXFwhNFeJBFJE4-C8sJDw18QkjuSTYedsMJFmD_6FqEnJBRF4Dv6HbU9I_mRWvjGY5Lx4srxI1kXDoF_of9x2mi-IHoPmcqRfkHD6MQZGrEPLT3CJzku4jpCJideiNaRp0uHjzh3fIg2Fj904TnUEydyevDR4yt-4ssR8h4SRiyeWbhwHp-F9NDXIwdFX8B7-ERC6UivGMeTw0eP5Iol5MfRcC1KFlc1vFORKEfswON1tA9-hHmOZPKCa3ia4eF6nNnRx8jUH8mWLMMp_F2O_kPzLELyIGfwTceZiXg1Cz3SMUKyjjjODw_6I8wXJD9a6rhs9Md3JOORckfX7PgjXGgmZUH7Q0c_48f34NvhI--R8DiTw8-Pl0i_HIkeCT_MKBc8Zj8uC0dCNQqJkIlw4UH_I4y1IHkOvME541oefAiNhFfQBT8u_fiQ7EE6E