{"lowlevel":{"average_loudness":0.90881562233,"barkbands":{"dmean":[0.000046625660616,0.00214795069769,0.00175926089287,0.00237121805549,0.00126406969503,0.000230279547395,0.000458241731394,0.000213025734411,0.000484434713144,0.000537819054443,0.000242277223151,0.000415385467932,0.000272716919426,0.000243014103035,0.000237653133809,0.000203197152587,0.000308290589601,0.000263053720118,0.000289604737191,0.000116608454846,0.0000914728661883,0.0000763390562497,0.000046624289098,0.0000344036052411,0.0000267793857347,0.0000280672848021,0.00000908235779207],"dmean2":[0.0000671141824569,0.00390155008063,0.00312980124727,0.00399041874334,0.00204870454036,0.000350334303221,0.000753476459067,0.00033331225859,0.000761443923693,0.000868690724019,0.000389539898606,0.000651993905194,0.000431512366049,0.00038296499406,0.000382573518436,0.000332214927766,0.000506010546815,0.000421975622885,0.000444576813607,0.000185087585123,0.00013069238048,0.000105897874164,0.0000648233908578,0.000045296492317,0.0000347278291883,0.0000378060176445,0.0000121931225294],"dvar":[1.24763808174e-8,0.0000466501696792,0.0000207548036997,0.0000343009960488,0.00000635590595266,2.59270279912e-7,0.00000130044236357,2.3336977506e-7,6.84440180976e-7,0.00000148092772179,4.74600909683e-7,0.00000149722791321,8.47381102176e-7,4.92959429721e-7,2.97600820431e-7,1.46907538578e-7,1.94698614564e-7,2.53379738524e-7,3.33124290819e-7,8.42146903324e-8,4.0421937797e-8,2.51761385073e-8,1.36729498834e-8,1.36309497023e-8,7.8231421341e-9,3.09414427413e-9,2.42691283736e-10],"dvar2":[2.48112517198e-8,0.000133519002702,0.0000609593953413,0.0000895016128197,0.0000167110465554,5.73574766349e-7,0.00000340005817634,5.69777569126e-7,0.00000165362871485,0.00000413453017245,0.00000123343693303,0.00000372974886886,0.00000210465032069,0.00000114230454074,7.92191997334e-7,3.43486789234e-7,5.03793273765e-7,5.98537724272e-7,8.08691538623e-7,2.03354787232e-7,8.43344452051e-8,4.76220698431e-8,2.32197265859e-8,2.49894398507e-8,1.35164590631e-8,6.62095533954e-9,4.83905304716e-10],"max":[0.00126859708689,0.0582367181778,0.0518840700388,0.0780185312033,0.0358520783484,0.0137215349823,0.0184445288032,0.0128737632185,0.0258438698947,0.0269374512136,0.0137192355469,0.0215594414622,0.0246784165502,0.0198309328407,0.012092624791,0.0130965961143,0.00845769420266,0.0133101018146,0.0181828644127,0.010546086356,0.00340660498478,0.004531995859,0.00455934181809,0.00526302447543,0.00348337600008,0.000858381914441,0.000140353673487],"mean":[0.0000639117643004,0.00197567581199,0.00251680985093,0.00260801659897,0.00203785928898,0.000428064289736,0.000604107801337,0.000379277160391,0.000912186282221,0.000950900022872,0.000399932061555,0.000622138031758,0.000384888669942,0.000398036616389,0.000434337183833,0.000407726911362,0.00066568213515,0.000598602520768,0.000669104105327,0.000235297920881,0.000181651092134,0.000156643451191,0.0000947981097852,0.0000604451997788,0.0000412895788031,0.0000340907899954,0.00000995537720883],"median":[0.0000220906404138,0.000738363829441,0.00130916468333,0.0011100214906,0.00127142248675,0.00024561455939,0.000211206730455,0.00023589990451,0.000659034121782,0.000554792582989,0.000161380783538,0.00020116205269,0.0000596830759605,0.000132204353577,0.000191826402443,0.000273383950116,0.000471558363643,0.000265802547801,0.000267743307631,0.000105154169432,0.0000717441362212,0.0000590983618167,0.0000320402468788,0.0000205092401302,0.000012743372281,0.00000484411384605,5.29080750766e-7],"min":[1.74821161257e-24,7.44845779925e-24,2.57215750098e-24,8.97169633963e-25,1.02752596004e-23,1.03386067089e-23,1.59147481146e-23,1.4858075243e-23,2.9413417225e-23,1.09964204628e-23,2.77206100748e-23,4.22975826228e-23,6.07293713158e-23,7.61621979926e-23,5.15942610592e-23,9.1534484328e-23,4.05619308591e-23,1.29085159563e-22,1.06731630921e-22,2.6904367492e-22,3.93222195383e-22,4.01410950232e-22,4.73084403456e-22,6.62378355557e-22,9.49616772779e-22,1.34628501552e-21,2.32867215577e-21],"var":[1.71021206086e-8,0.0000294224046229,0.0000155004181579,0.0000279182640952,0.00000683430562276,5.13569546001e-7,0.00000169215149981,4.18639729105e-7,0.00000118109721825,0.00000234119715969,8.11988968508e-7,0.0000022649312541,0.00000121953712551,8.67973483309e-7,7.89384046129e-7,3.67983858496e-7,4.48149535259e-7,8.74417821706e-7,0.00000116935314054,1.91455839627e-7,8.35202271787e-8,6.04879630828e-8,3.76436020133e-8,2.63786965604e-8,1.78507004733e-8,4.91176166406e-9,3.67767344356e-10]},"barkbands_crest":{"dmean":2.08456230164,"dmean2":3.43454360962,"dvar":4.33432388306,"dvar2":12.2566652298,"max":23.2620582581,"mean":7.59845256805,"median":6.89150190353,"min":2.29666495323,"var":9.92606544495},"barkbands_flatness_db":{"dmean":0.0175427850336,"dmean2":0.0267086215317,"dvar":0.000334515498253,"dvar2":0.000938181416132,"max":0.369545638561,"mean":0.100518673658,"median":0.0924169719219,"min":0.0227055884898,"var":0.00210841861553},"barkbands_kurtosis":{"dmean":1.22084391117,"dmean2":2.04716777802,"dvar":5.51186132431,"dvar2":15.1896810532,"max":79.4515151978,"mean":1.15721178055,"median":-0.168179512024,"min":-1.81550574303,"var":31.5507850647},"barkbands_skewness":{"dmean":0.40137720108,"dmean2":0.641363024712,"dvar":0.223763182759,"dvar2":0.602667510509,"max":6.63260126114,"mean":0.998386561871,"median":0.899824261665,"min":-1.9467574358,"var":0.797812759876},"barkbands_spread":{"dmean":5.02824783325,"dmean2":8.05289077759,"dvar":28.0053977966,"dvar2":73.1217269897,"max":85.3706054688,"mean":29.280128479,"median":28.6715602875,"min":1.95198047161,"var":110.47063446},"dissonance":{"dmean":0.0111684054136,"dmean2":0.0188754759729,"dvar":0.000116872484796,"dvar2":0.000321559607983,"max":0.500000119209,"mean":0.479675352573,"median":0.48409512639,"min":0.238775297999,"var":0.00035908917198},"dynamic_complexity":3.26019835472,"erbbands":{"dmean":[0.0449181236327,0.550616681576,1.80300223827,5.18606042862,6.50970983505,3.87778830528,1.84811794758,2.12284708023,6.08948087692,5.05418729782,5.07283878326,11.654759407,11.4082746506,18.0663528442,11.1702423096,15.3221416473,10.3174667358,14.5824518204,12.9289388657,8.27961063385,11.4891633987,17.5859527588,14.35592556,15.1154308319,11.1967554092,5.0570192337,3.66181278229,3.76081085205,2.72656941414,2.01004171371,1.2341490984,0.816368281841,0.535928189754,0.284101903439,0.204429492354,0.151116043329,0.0425498746336,0.00906629301608,0.00185243273154,0.0000780597838457],"dmean2":[0.079410687089,1.00688624382,3.20434880257,8.83953380585,10.8868865967,6.2394323349,2.83751416206,3.28968143463,9.95232868195,8.1114282608,7.90452623367,18.2633590698,18.0814476013,29.4379749298,17.6399326324,23.830488205,15.95038414,22.9297180176,20.5943470001,13.316192627,18.7665519714,28.7267990112,22.7230148315,23.7553215027,16.9891281128,7.91702651978,5.44728374481,5.28212213516,3.77261281013,2.79561424255,1.72469604015,1.08128654957,0.70855474472,0.369370758533,0.269379734993,0.207551628351,0.0572191812098,0.0119729209691,0.00251356768422,0.000103901904367],"dvar":[0.0170563571155,3.14972281456,24.5370960236,134.043991089,275.778900146,45.5116081238,12.6571187973,29.0406723022,248.344772339,136.267822266,137.745925903,455.542633057,347.002380371,2242.37304688,1075.18481445,1424.1484375,1098.95654297,1884.8371582,864.237243652,577.970092773,232.772476196,578.325012207,750.096496582,772.405090332,595.721801758,153.900665283,90.8040924072,56.7539596558,30.4083023071,25.0405197144,9.66202640533,12.6996488571,1.85877966881,1.34570264816,0.311121225357,0.113634832203,0.00614695996046,0.000227588039706,0.0000104795099105,1.64356670496e-8],"dvar2":[0.0476501472294,9.0726852417,71.815322876,358.217590332,726.474609375,114.006210327,31.5736141205,63.5554122925,649.588562012,336.787017822,330.606536865,1094.48510742,853.209899902,6080.62646484,2728.35888672,3529.00268555,2713.07055664,4326.91552734,2237.99194336,1451.80639648,578.557861328,1448.43029785,1819.24023438,1782.34753418,1393.92651367,345.488067627,209.432250977,114.630355835,60.0221939087,43.7280807495,16.7702236176,22.6770954132,3.3109087944,2.35945153236,0.541402041912,0.251514613628,0.012622111477,0.000445483863587,0.0000211134938581,3.24502344995e-8],"max":[1.18338811398,15.3569231033,46.926651001,134.590438843,242.408874512,104.206626892,73.182144165,143.324523926,312.584899902,325.570159912,392.6300354,689.218200684,808.470703125,1022.9128418,692.21673584,724.740600586,882.17376709,1138.69519043,600.772949219,765.625488281,394.906066895,427.033294678,529.133972168,811.803527832,1019.09368896,422.053100586,169.912307739,105.545455933,109.045257568,214.167724609,121.708763123,182.188995361,43.7911338806,52.538444519,19.7271404266,5.51936531067,1.0849057436,0.157435283065,0.0293938014656,0.00104008766357],"mean":[0.043478872627,0.519056081772,2.62511849403,6.30824232101,7.9741692543,6.6915473938,3.79114079475,3.51655578613,8.04218196869,7.9725022316,10.3552160263,21.5264663696,22.9641819,29.6577968597,19.9604492188,24.6372928619,16.7945556641,24.7377109528,23.4311408997,17.5038833618,25.7006721497,39.1478881836,34.1361579895,36.9172935486,26.3447036743,10.8974695206,6.71746921539,7.64958763123,5.64203977585,3.92601466179,2.53939986229,1.55703043938,0.864207744598,0.455880880356,0.300820529461,0.185572907329,0.0517353340983,0.0105284508318,0.0020116220694,0.000101134864963],"median":[0.014809275046,0.206743121147,1.2944252491,3.35355138779,4.12354660034,4.13342809677,2.30105257034,1.68709361553,2.65856790543,3.92309784889,7.11366701126,14.9302873611,17.1801605225,13.0574426651,7.64083957672,9.25235080719,3.54688477516,7.28667593002,10.5610380173,6.94145727158,19.8468074799,28.0105514526,15.6063528061,18.4488143921,8.66881942749,5.22713470459,2.64688062668,3.12631607056,2.08338189125,1.36922132969,0.798428297043,0.484979867935,0.282954156399,0.146644577384,0.0852736309171,0.0330159105361,0.00628799712285,0.000853450619616,0.000107193140138,0.0000277209219348],"min":[3.54213616843e-22,1.30573882717e-21,3.70815617423e-21,3.43394458948e-21,6.80035925234e-21,3.8231134383e-20,5.54833851562e-20,8.20783469114e-20,2.70210541209e-19,1.1540217738e-19,4.41783309889e-19,7.48705005563e-19,7.02102735526e-19,7.46400945666e-19,1.35443504757e-18,1.93139207726e-18,2.57971039199e-18,3.74112946106e-18,3.75431347926e-18,3.81438995278e-18,5.14956864929e-18,3.11034075788e-18,6.36417584534e-18,7.73113854329e-18,8.52085697308e-18,1.24840654035e-17,1.05750524909e-17,1.61832675608e-17,1.29374794931e-17,1.44419729621e-17,1.2466156116e-17,1.28773029308e-17,1.1787772888e-17,9.2993274009e-18,7.81097139857e-18,4.87055897431e-18,2.34682885746e-18,1.11139645891e-18,2.97021067525e-19,3.37803436943e-20],"var":[0.0125689525157,1.91119754314,18.1448612213,108.346694946,224.31439209,66.52318573,23.1965656281,55.0289077759,338.566864014,212.176834106,259.202728271,705.027526855,658.088134766,3608.87719727,1878.60949707,2351.97387695,1742.56469727,3638.09912109,1958.62597656,1765.29785156,575.687866211,1369.68737793,2443.04321289,2948.39404297,2093.90942383,378.519165039,136.306884766,131.501541138,72.1344604492,60.0860290527,27.9552898407,23.8556480408,4.0422949791,2.95125865936,0.698382139206,0.170645073056,0.0102065289393,0.00038516332279,0.0000154268382175,2.56713050817e-8]},"erbbands_crest":{"dmean":1.82085549831,"dmean2":2.98246788979,"dvar":3.00183272362,"dvar2":7.84571361542,"max":22.2090606689,"mean":6.9899263382,"median":6.39645433426,"min":2.07357907295,"var":6.68874406815},"erbbands_flatness_db":{"dmean":0.0169322025031,"dmean2":0.0218174383044,"dvar":0.00029954421916,"dvar2":0.000491614802741,"max":0.254109829664,"mean":0.147506147623,"median":0.151090651751,"min":0.0294186044484,"var":0.00138613663148},"erbbands_kurtosis":{"dmean":0.482344210148,"dmean2":0.748970150948,"dvar":0.314222961664,"dvar2":0.723306298256,"max":13.5937767029,"mean":-0.0618700869381,"median":-0.464065790176,"min":-1.57707571983,"var":1.93054664135},"erbbands_skewness":{"dmean":0.251246064901,"dmean2":0.390770316124,"dvar":0.0453884750605,"dvar2":0.11246804893,"max":3.11814212799,"mean":-0.201237425208,"median":-0.226838454604,"min":-2.66412425041,"var":0.369237035513},"erbbands_spread":{"dmean":6.26548814774,"dmean2":9.57099723816,"dvar":44.7083892822,"dvar2":104.077102661,"max":133.915969849,"mean":37.4159164429,"median":35.886138916,"min":6.94333791733,"var":177.96723938},"gfcc":{"cov":[[21124.4726562,-827.013671875,-2100.42138672,367.690368652,-323.096679688,490.054901123,-412.988861084,371.57232666,-178.859939575,72.5051727295,-216.951553345,54.6646308899,-295.56036377],[-827.013671875,1402.79309082,-459.867736816,126.646385193,57.19165802,-199.025253296,163.06640625,-36.9816207886,35.8084259033,-95.0919799805,50.2605552673,-90.7459106445,86.0549850464],[-2100.42138672,-459.867736816,927.395629883,-152.866363525,93.7639083862,-30.3387355804,-5.05618047714,-3.34426140785,1.12223041058,27.6442737579,-37.6331443787,48.5845680237,-17.3143730164],[367.690368652,126.646385193,-152.866363525,183.831802368,-37.8367042542,30.7796878815,-30.0628223419,13.2194337845,22.8794307709,-17.5610256195,20.7893676758,-22.9354305267,-2.95901584625],[-323.096679688,57.19165802,93.7639083862,-37.8367042542,182.019897461,-31.7611141205,67.6349334717,19.6296329498,11.8257846832,4.65915775299,-12.5205659866,-7.9410867691,13.0977983475],[490.054901123,-199.025253296,-30.3387355804,30.7796878815,-31.7611141205,211.069442749,10.3503704071,21.823841095,-26.3196163177,39.0241012573,24.6043281555,23.0038604736,-25.8210506439],[-412.988861084,163.06640625,-5.05618047714,-30.0628223419,67.6349334717,10.3503704071,131.502593994,18.1910171509,5.0821557045,-0.0397427789867,0.109862998128,1.5382027626,17.4824390411],[371.57232666,-36.9816207886,-3.34426140785,13.2194337845,19.6296329498,21.823841095,18.1910171509,105.866165161,37.0224761963,6.54256629944,-8.5352230072,1.80057013035,-2.63913273811],[-178.859939575,35.8084259033,1.12223041058,22.8794307709,11.8257846832,-26.3196163177,5.0821557045,37.0224761963,77.6838760376,5.93107366562,11.5483951569,-9.86117744446,-4.00884151459],[72.5051727295,-95.0919799805,27.6442737579,-17.5610256195,4.65915775299,39.0241012573,-0.0397427789867,6.54256629944,5.93107366562,65.8469085693,19.179807663,14.9463243484,-13.008769989],[-216.951553345,50.2605552673,-37.6331443787,20.7893676758,-12.5205659866,24.6043281555,0.109862998128,-8.5352230072,11.5483951569,19.179807663,71.4398498535,18.4801616669,-3.49674415588],[54.6646308899,-90.7459106445,48.5845680237,-22.9354305267,-7.9410867691,23.0038604736,1.5382027626,1.80057013035,-9.86117744446,14.9463243484,18.4801616669,55.8549194336,6.91793441772],[-295.56036377,86.0549850464,-17.3143730164,-2.95901584625,13.0977983475,-25.8210506439,17.4824390411,-2.63913273811,-4.00884151459,-13.008769989,-3.49674415588,6.91793441772,51.569606781]],"icov":[[0.000126889834064,-0.00000876688773133,0.000375227595214,-0.0000755247456254,-0.00016674005019,-0.000067474131356,0.000446980819106,-0.000482270959765,0.000363951170584,-0.000151407861267,0.000760821683798,-0.000739092531148,0.000836709106807],[-0.00000876688773133,0.00200268020853,0.000526025716681,-0.00113994639833,0.000231567391893,0.00201967055909,-0.00292840669863,0.000395752460463,0.000569541181903,0.00093126075808,-0.00248614815064,0.00246983068064,-0.00153620983474],[0.000375227595214,0.000526025716681,0.00271288119256,0.000364976556739,-0.00126719451509,0.000310542876832,0.00111139740329,-0.000965109094977,0.000555804581381,-0.00023239395523,0.00254937028512,-0.00306300166994,0.00282405107282],[-0.0000755247456254,-0.00113994639833,0.000364976556739,0.00903388764709,0.00019355857512,-0.00335409236141,0.0036975054536,-0.000455217639683,-0.00324170384556,0.00278934696689,-0.00158255954739,0.00224610464647,-0.000852036289871],[-0.00016674005019,0.000231567391893,-0.00126719451509,0.00019355857512,0.00822386052459,0.00164840999059,-0.00483468966559,-0.000544839946087,-0.000059490903368,-0.00126020191237,-0.00121202680748,0.00337048433721,-0.00226549804211],[-0.000067474131356,0.00201967055909,0.000310542876832,-0.00335409236141,0.00164840999059,0.00982282776386,-0.0052344109863,-0.00204282090999,0.0053266948089,-0.00298230955377,-0.00405364716426,0.000982801546343,0.0015795158688],[0.000446980819106,-0.00292840669863,0.00111139740329,0.0036975054536,-0.00483468966559,-0.0052344109863,0.0167030282319,-0.00307290372439,-0.000755317450967,-0.000280376436422,0.00520739099011,-0.00553876720369,0.00178777228575],[-0.000482270959765,0.000395752460463,-0.000965109094977,-0.000455217639683,-0.000544839946087,-0.00204282090999,-0.00307290372439,0.0156372785568,-0.00943697430193,0.000825091265142,0.00146947440226,0.0001428797259,-0.00326205231249],[0.000363951170584,0.000569541181903,0.000555804581381,-0.00324170384556,-0.000059490903368,0.0053266948089,-0.000755317450967,-0.00943697430193,0.0221756510437,-0.0035274210386,-0.00416734768078,0.00264596566558,0.00378794362769],[-0.000151407861267,0.00093126075808,-0.00023239395523,0.00278934696689,-0.00126020191237,-0.00298230955377,-0.000280376436422,0.000825091265142,-0.0035274210386,0.0218745078892,-0.00622546859086,-0.000566031842027,0.00152193009853],[0.000760821683798,-0.00248614815064,0.00254937028512,-0.00158255954739,-0.00121202680748,-0.00405364716426,0.00520739099011,0.00146947440226,-0.00416734768078,-0.00622546859086,0.0279995109886,-0.0156654100865,0.00796797405928],[-0.000739092531148,0.00246983068064,-0.00306300166994,0.00224610464647,0.00337048433721,0.000982801546343,-0.00553876720369,0.0001428797259,0.00264596566558,-0.000566031842027,-0.0156654100865,0.0338952355087,-0.0132821481675],[0.000836709106807,-0.00153620983474,0.00282405107282,-0.000852036289871,-0.00226549804211,0.0015795158688,0.00178777228575,-0.00326205231249,0.00378794362769,0.00152193009853,0.00796797405928,-0.0132821481675,0.0312431491911]],"mean":[-17.0968532562,87.9721298218,-126.81578064,36.4491729736,-44.5747413635,3.6993598938,-27.0829582214,12.4645805359,-25.6953010559,-12.1353302002,-26.118598938,-2.86195397377,-15.0640287399]},"hfc":{"dmean":5.35839700699,"dmean2":6.98488664627,"dvar":69.0570373535,"dvar2":124.272193909,"max":134.725967407,"mean":17.9388580322,"median":10.7167987823,"min":1.13942197085e-16,"var":295.419281006},"melbands":{"dmean":[0.000505366944708,0.000872983597219,0.000952398171648,0.000369217159459,0.0000741651747376,0.0000482367140648,0.0000936787764658,0.0000513084924023,0.0000472978499602,0.0000723198972992,0.000058936275309,0.0000777451787144,0.0000356844211638,0.0000502117873111,0.0000257088231592,0.0000283932513412,0.0000268892890745,0.000020437173589,0.0000142591834447,0.0000120656022773,0.0000148097524288,0.0000193814757949,0.0000175105033122,0.0000130124026327,0.0000137820507007,0.0000106793104351,0.00000626774090051,0.00000301914542433,0.00000246064314524,0.00000229645070249,0.00000229873126045,0.00000174154001797,0.00000139889732509,0.00000108678489141,7.54247139412e-7,6.5852481157e-7,4.7247050361e-7,4.54021943597e-7,2.64320533461e-7,2.38705041511e-7],"dmean2":[0.000909936323296,0.00156495091505,0.00161165872123,0.000603453547228,0.000115098293463,0.000074894822319,0.000152659689775,0.0000817770196591,0.0000737809896236,0.000114007561933,0.0000938819212024,0.000126975995954,0.0000565739792364,0.0000787459866842,0.0000405252067139,0.0000442934360763,0.0000426183432864,0.0000327578454744,0.0000230616733461,0.000019539573259,0.0000245592909778,0.0000319802093145,0.0000285952282866,0.0000211215228774,0.0000219964003918,0.0000162586511578,0.00000993673347693,0.00000481349661641,0.00000381624431611,0.00000339434018315,0.00000327664679389,0.00000251386313721,0.00000200197041522,0.00000155146574343,0.00000108277242816,9.46253408074e-7,6.26556641237e-7,6.2499896103e-7,3.53398831976e-7,3.18549439271e-7],"dvar":[0.00000245431897383,0.00000650007405056,0.0000049552722885,6.0626331333e-7,1.91153315399e-8,1.4181732233e-8,5.65953222065e-8,1.27329045085e-8,1.00692005844e-8,1.70583032144e-8,9.35267152613e-9,4.17399483865e-8,9.57619317177e-9,2.7053481233e-8,7.31547400434e-9,7.97786370299e-9,5.97242078015e-9,2.28113083978e-9,1.06769171282e-9,1.18015908157e-9,3.63113761281e-10,6.81307343875e-10,1.15942966339e-9,5.97882410247e-10,6.56391385689e-10,4.99147168043e-10,2.20328519318e-10,6.32416272128e-11,4.82644930966e-11,2.55484071399e-11,2.04017549382e-11,1.27645055983e-11,9.60696106e-12,7.36123488554e-12,2.72964918897e-12,7.1214362532e-12,3.73980056992e-12,1.10586008666e-12,8.79249635339e-13,1.06069200732e-12],"dvar2":[0.00000697495761415,0.0000188920348592,0.0000130467660711,0.00000159283604262,4.62837270732e-8,3.12867527441e-8,1.46698141634e-7,3.14154213754e-8,2.41204283213e-8,4.01895263735e-8,2.35585506658e-8,1.14286621056e-7,2.44777105252e-8,6.80383820395e-8,1.88454567507e-8,1.90562037261e-8,1.36186280031e-8,5.73086600397e-9,2.82378098682e-9,2.75313993825e-9,9.38199740119e-10,1.75182479634e-9,3.07652681109e-9,1.40932354675e-9,1.5684021859e-9,1.21172416545e-9,4.9220638676e-10,1.47051676391e-10,1.17795287413e-10,5.38627545343e-11,4.21874965517e-11,2.70994303386e-11,1.8153267084e-11,1.35243023378e-11,5.1107317163e-12,1.27887743798e-11,6.89386612032e-12,2.22022226992e-12,1.39234001932e-12,1.96527603219e-12],"max":[0.0132120493799,0.0230160281062,0.0283093694597,0.0110052339733,0.00295095471665,0.00304814847186,0.00427149236202,0.00310977199115,0.00364597234875,0.0048306575045,0.00389541266486,0.00450580241159,0.00181888008956,0.00310524296947,0.00237393123098,0.00249691354111,0.00218171207234,0.00102252932265,0.00061307818396,0.00125913787633,0.000542424852028,0.000526024377905,0.00062715477543,0.000685650564265,0.000710905471351,0.00057102140272,0.000683474645484,0.000297462334856,0.000113742484245,0.000100611949165,0.0000553508471057,0.0000550700897293,0.000135877591674,0.000105213781353,0.0000554808757443,0.000116478746349,0.000103976111859,0.0000237172807829,0.0000397701551265,0.0000442758209829],"mean":[0.000468637881568,0.00113442842849,0.00115478248335,0.000564477930311,0.000147959741298,0.000079467681644,0.000125398189994,0.0000857539780554,0.0000950695539359,0.000134150337544,0.000114054098958,0.00012411105854,0.0000618811827735,0.0000742155025364,0.0000421218428528,0.0000423527490057,0.000044140699174,0.000035201839637,0.0000268333023996,0.0000232485417655,0.0000305112080241,0.0000400436074415,0.0000353729992639,0.0000286753820546,0.0000305659450532,0.0000232479251281,0.0000132342574943,0.00000561050001124,0.00000388346643376,0.00000438043525719,0.000004483207249,0.00000334073615704,0.00000266581287178,0.00000195215875465,0.00000146616389429,0.0000012504225424,8.34965703689e-7,6.79120148561e-7,4.20289353542e-7,3.67143854874e-7],"median":[0.000170014871401,0.000539558881428,0.000593128963374,0.000340196944308,0.0000962176418398,0.0000393201844417,0.0000420976357418,0.0000474417538499,0.0000654050236335,0.0000962113554124,0.0000843599264044,0.0000544892245671,0.0000242027599597,0.0000244579259743,0.0000147524424392,0.00000625402299193,0.0000134950523716,0.0000153180080815,0.0000120792201415,0.0000104086757347,0.0000246748877544,0.0000300751125906,0.0000162828418979,0.0000140434776768,0.0000154671106429,0.00000725154950487,0.00000505869775225,0.00000274122453447,0.00000136892867886,0.00000173460853148,0.00000180445908882,0.00000126356462715,8.54372672165e-7,6.62271645524e-7,4.45910615099e-7,3.22959834875e-7,2.65508134589e-7,1.98467020596e-7,1.33072560971e-7,1.11798620139e-7],"min":[3.66983299591e-24,2.98730758248e-24,6.70301076927e-25,1.00037413683e-24,1.85430176862e-24,1.69590007658e-24,3.78984279985e-24,1.18296210701e-24,3.90110926395e-24,4.59947086283e-24,3.45791261347e-24,2.25393909764e-24,3.64178031326e-24,3.73683529132e-24,5.07051114782e-24,6.49068284156e-24,5.28826633995e-24,6.96014895462e-24,4.24924738649e-24,6.09022746379e-24,6.07751575916e-24,2.39562877141e-24,4.85191621326e-24,5.37978288242e-24,5.83231333513e-24,5.11484552513e-24,6.94684244887e-24,8.51436902097e-24,5.52880580717e-24,7.35986004213e-24,8.12759840775e-24,7.02624366556e-24,5.87890582678e-24,8.15913233358e-24,6.33376499688e-24,7.14762569305e-24,7.82826592613e-24,7.17081110391e-24,7.79118078611e-24,7.34234259687e-24],"var":[0.00000162450476182,0.0000043669324441,0.00000405768878409,6.01602550887e-7,3.45409709723e-8,2.60431001209e-8,7.80204558737e-8,2.14980442337e-8,1.92288389655e-8,2.729636428e-8,1.70671778932e-8,6.63588437533e-8,1.76728658374e-8,3.9075963798e-8,1.14135838558e-8,1.40411673399e-8,1.15570237824e-8,4.99609242866e-9,2.85752488338e-9,3.51489592987e-9,6.482125392e-10,1.31892208266e-9,2.74318590066e-9,2.01892436102e-9,2.12965267643e-9,1.77333869811e-9,6.7626532152e-10,1.13613445041e-10,5.86410989212e-11,5.40687772332e-11,4.45501933954e-11,2.56120038372e-11,2.35161560364e-11,1.62910969437e-11,7.86478954878e-12,1.48095598285e-11,6.6938104365e-12,2.05817112485e-12,2.08469222787e-12,2.18396069458e-12]},"melbands_crest":{"dmean":3.07615208626,"dmean2":4.99386501312,"dvar":8.78040599823,"dvar2":23.5908317566,"max":29.0202121735,"mean":13.0328760147,"median":12.577167511,"min":1.76121127605,"var":20.1609191895},"melbands_flatness_db":{"dmean":0.022766539827,"dmean2":0.0356579199433,"dvar":0.000619065249339,"dvar2":0.00175574515015,"max":0.481149762869,"mean":0.165845245123,"median":0.156896799803,"min":0.00432149460539,"var":0.00357982609421},"melbands_kurtosis":{"dmean":3.96603560448,"dmean2":6.55423164368,"dvar":56.7970314026,"dvar2":153.131271362,"max":209.586425781,"mean":7.09932374954,"median":3.85773944855,"min":-1.71910750866,"var":202.510009766},"melbands_skewness":{"dmean":0.595429062843,"dmean2":0.950944721699,"dvar":0.550476610661,"dvar2":1.4882133007,"max":12.1197328568,"mean":2.13736724854,"median":1.98607194424,"min":-0.266091048717,"var":1.48001217842},"melbands_spread":{"dmean":7.79048347473,"dmean2":12.3111896515,"dvar":72.8445358276,"dvar2":179.309951782,"max":167.003662109,"mean":33.5731163025,"median":31.7191047668,"min":1.24393677711,"var":301.087249756},"mfcc":{"cov":[[9485.9296875,7.27568340302,-459.38961792,5.1277089119,-37.9492225647,125.288818359,-57.2634353638,231.580169678,-100.0883255,10.8463039398,142.093811035,-51.67603302,-74.4612350464],[7.27568340302,1126.24243164,-336.396881104,271.729248047,-80.2847137451,-75.4794311523,59.0888671875,35.1284217834,99.6844024658,-15.7114076614,-19.2611217499,1.68853759766,-15.7079343796],[-459.38961792,-336.396881104,464.465698242,-69.8535919189,85.8132705688,-5.43044424057,-21.5311527252,-15.3960227966,-14.3428373337,2.74678874016,-25.1114425659,11.2135791779,7.12406635284],[5.1277089119,271.729248047,-69.8535919189,191.248657227,13.3905649185,-45.3640632629,-27.4503803253,15.0936641693,23.4102573395,26.8683490753,-28.4608840942,-19.4703865051,-7.23150205612],[-37.9492225647,-80.2847137451,85.8132705688,13.3905649185,116.98765564,-3.95633149147,-3.21512627602,4.26386404037,-3.63965272903,31.9340438843,-1.26572501659,-2.97006988525,-5.81680202484],[125.288818359,-75.4794311523,-5.43044424057,-45.3640632629,-3.95633149147,115.738990784,53.0669708252,-5.02512598038,-13.1836595535,-28.6369819641,31.2494506836,19.0401859283,-0.0546133331954],[-57.2634353638,59.0888671875,-21.5311527252,-27.4503803253,-3.21512627602,53.0669708252,112.353553772,15.4699716568,30.8530502319,-23.7454299927,15.3657855988,19.3096561432,5.87106132507],[231.580169678,35.1284217834,-15.3960227966,15.0936641693,4.26386404037,-5.02512598038,15.4699716568,88.3061828613,21.3577041626,22.3979492188,9.91241645813,-5.80770730972,9.29234218597],[-100.0883255,99.6844024658,-14.3428373337,23.4102573395,-3.63965272903,-13.1836595535,30.8530502319,21.3577041626,95.3553161621,14.9235782623,-5.31100893021,1.80474340916,-9.30798625946],[10.8463039398,-15.7114076614,2.74678874016,26.8683490753,31.9340438843,-28.6369819641,-23.7454299927,22.3979492188,14.9235782623,76.5725860596,6.62603664398,-5.87094545364,-2.39399909973],[142.093811035,-19.2611217499,-25.1114425659,-28.4608840942,-1.26572501659,31.2494506836,15.3657855988,9.91241645813,-5.31100893021,6.62603664398,82.8475265503,21.6897106171,10.8105430603],[-51.67603302,1.68853759766,11.2135791779,-19.4703865051,-2.97006988525,19.0401859283,19.3096561432,-5.80770730972,1.80474340916,-5.87094545364,21.6897106171,57.6912956238,19.7956485748],[-74.4612350464,-15.7079343796,7.12406635284,-7.23150205612,-5.81680202484,-0.0546133331954,5.87106132507,9.29234218597,-9.30798625946,-2.39399909973,10.8105430603,19.7956485748,49.4391136169]],"icov":[[0.000132561166538,0.0000207862813113,0.000139715804835,0.000003578449423,-0.0000462557836727,-0.000145114274346,0.00020922634576,-0.000466232275357,0.000155099856784,0.000135737413075,-0.000143867757288,-0.0000266121041932,0.000321717903716],[0.0000207862813113,0.00227476493455,0.000932432245463,-0.00305587495677,0.000857563863974,0.00179443240631,-0.00183138134889,-0.000227850905503,-0.000667067535687,0.00143314385787,-0.000551271543372,-0.00121789507102,0.00108789396472],[0.000139715804835,0.000932432245463,0.00350296287797,0.000271944125416,-0.00227327714674,0.000569805852138,0.000588902097661,-0.000553324702196,-0.000570911855903,0.00138124264777,0.00102396670263,-0.00129765528254,0.0000640036450932],[0.000003578449423,-0.00305587495677,0.000271944125416,0.0111540984362,-0.0028306026943,-0.00137227994855,0.00402772659436,-0.000510282290634,-0.000644631916657,-0.00250737392344,0.00284875882789,0.00201003486291,-0.00176067580469],[-0.0000462557836727,0.000857563863974,-0.00227327714674,-0.0028306026943,0.0126040615141,0.00033528127824,-0.00311001483351,0.000550222175661,0.00181516166776,-0.00524603761733,-0.000528168689925,-0.0000548889875063,0.00209074304439],[-0.000145114274346,0.00179443240631,0.000569805852138,-0.00137227994855,0.00033528127824,0.0159157477319,-0.00791408866644,0.000594661978539,0.0026123446878,0.0037924987264,-0.00414432445541,-0.00265568681061,0.00359886256047],[0.00020922634576,-0.00183138134889,0.000588902097661,0.00402772659436,-0.00311001483351,-0.00791408866644,0.0178172085434,-0.00337625830434,-0.00573755986989,0.00389214302413,0.00076653790893,-0.00134420383256,-0.0021395329386],[-0.000466232275357,-0.000227850905503,-0.000553324702196,-0.000510282290634,0.000550222175661,0.000594661978539,-0.00337625830434,0.0160114876926,-0.00251653557643,-0.00478430744261,-0.00122631539125,0.00398555118591,-0.00534575572237],[0.000155099856784,-0.000667067535687,-0.000570911855903,-0.000644631916657,0.00181516166776,0.0026123446878,-0.00573755986989,-0.00251653557643,0.0153929144144,-0.00379182817414,0.000744638731703,-0.00179265625775,0.00464983377606],[0.000135737413075,0.00143314385787,0.00138124264777,-0.00250737392344,-0.00524603761733,0.0037924987264,0.00389214302413,-0.00478430744261,-0.00379182817414,0.0214130617678,-0.00386596471071,-0.00111606833525,0.00153320247773],[-0.000143867757288,-0.000551271543372,0.00102396670263,0.00284875882789,-0.000528168689925,-0.00414432445541,0.00076653790893,-0.00122631539125,0.000744638731703,-0.00386596471071,0.0168186351657,-0.0044451886788,-0.00199471134692],[-0.0000266121041932,-0.00121789507102,-0.00129765528254,0.00201003486291,-0.0000548889875063,-0.00265568681061,-0.00134420383256,0.00398555118591,-0.00179265625775,-0.00111606833525,-0.0044451886788,0.025043040514,-0.00999180041254],[0.000321717903716,0.00108789396472,0.0000640036450932,-0.00176067580469,0.00209074304439,0.00359886256047,-0.0021395329386,-0.00534575572237,0.00464983377606,0.00153320247773,-0.00199471134692,-0.00999180041254,0.0276857484132]],"mean":[-648.332580566,116.6509552,-20.8527584076,34.6601028442,1.79812777042,-0.118731312454,1.49338746071,16.7344436646,4.8561797142,-0.763021290302,-1.73835062981,-6.59806489944,-9.07061100006]},"pitch_salience":{"dmean":0.0571110062301,"dmean2":0.0936335399747,"dvar":0.00290522002615,"dvar2":0.00802181009203,"max":0.822484195232,"mean":0.607398509979,"median":0.614429831505,"min":0.179286286235,"var":0.0070268297568},"silence_rate_20dB":{"dmean":0,"dmean2":0,"dvar":0,"dvar2":0,"max":1,"mean":1,"median":1,"min":1,"var":0},"silence_rate_30dB":{"dmean":0.00125117297284,"dmean2":0.002502737334,"dvar":0.00124957074877,"dvar2":0.00343485991471,"max":1,"mean":0.999218165874,"median":1,"min":0,"var":0.000781179987825},"silence_rate_60dB":{"dmean":0.000625586486422,"dmean2":0.001251368667,"dvar":0.000625205750111,"dvar2":0.00156267208513,"max":1,"mean":0.038780298084,"median":0,"min":0,"var":0.0372758284211},"spectral_centroid":{"dmean":222.806030273,"dmean2":356.352996826,"dvar":56081.9375,"dvar2":143585.78125,"max":11532.6103516,"mean":1760.97216797,"median":1747.87695312,"min":187.032608032,"var":400114.625},"spectral_complexity":{"dmean":3.74788856506,"dmean2":5.61426544189,"dvar":16.5660991669,"dvar2":30.8676624298,"max":55,"mean":23.154964447,"median":22,"min":0,"var":91.1621017456},"spectral_contrast_coeffs":{"dmean":[0.0490975268185,0.0394176803529,0.0345986187458,0.0277854204178,0.0201020371169,0.0192371755838],"dmean2":[0.0801250189543,0.064760684967,0.0564801469445,0.0457585863769,0.0327115058899,0.0282387491316],"dvar":[0.00186230742838,0.00105339020956,0.0007474119775,0.00050264550373,0.000277646875475,0.000306956790155],"dvar2":[0.00475023826584,0.00288592465222,0.00199160026386,0.00131711061113,0.00067858886905,0.000638650148176],"max":[-0.357107400894,-0.535616099834,-0.552118062973,-0.586619734764,-0.587304115295,-0.581868052483],"mean":[-0.631194710732,-0.779768407345,-0.768887877464,-0.792416572571,-0.779229462147,-0.732982993126],"median":[-0.635199308395,-0.784230470657,-0.770257711411,-0.798587560654,-0.784608840942,-0.727096736431],"min":[-0.970239639282,-0.967877388,-0.967986643314,-0.966354727745,-0.962264716625,-0.962959945202],"var":[0.00513619184494,0.00274317571893,0.00223153294064,0.00253213825636,0.00232006399892,0.00192510022316]},"spectral_contrast_valleys":{"dmean":[0.405757367611,0.305406987667,0.253621280193,0.231736883521,0.185158237815,0.357959210873],"dmean2":[0.660910844803,0.491864562035,0.404353618622,0.366103410721,0.281753182411,0.399842947721],"dvar":[0.147819295526,0.0807712674141,0.0525010675192,0.0542761683464,0.0542685873806,0.177169233561],"dvar2":[0.353067278862,0.179845243692,0.11047577858,0.105985537171,0.093585126102,0.256615877151],"max":[-5.28312253952,-5.07716369629,-5.46414995193,-5.77518081665,-5.50312614441,-7.60332393646],"mean":[-7.49607133865,-7.03716468811,-7.22261047363,-7.77951049805,-7.30402231216,-10.5865278244],"median":[-7.31555175781,-6.82696676254,-6.98846673965,-7.56451272964,-7.11249637604,-10.2323150635],"min":[-28.0054016113,-27.6821918488,-27.4314842224,-27.3556900024,-27.3851680756,-27.3188896179],"var":[2.11109161377,2.29317378998,2.52558064461,2.53156876564,2.5477912426,2.47577595711]},"spectral_decrease":{"dmean":1.97581262462e-9,"dmean2":3.20402060439e-9,"dvar":1.6173948544e-17,"dvar2":4.27507719344e-17,"max":1.13733096564e-28,"mean":-4.3040166986e-9,"median":-3.01429659011e-9,"min":-3.81283662421e-8,"var":1.78394072242e-17},"spectral_energy":{"dmean":0.00785274803638,"dmean2":0.0125559130684,"dvar":0.00024392674095,"dvar2":0.000637710443698,"max":0.147110909224,"mean":0.0178714059293,"median":0.0124420477077,"min":1.01748110573e-20,"var":0.000289926654659},"spectral_energyband_high":{"dmean":0.000299422186799,"dmean2":0.000373792718165,"dvar":3.92233260982e-7,"dvar2":6.72884937103e-7,"max":0.0144569361582,"mean":0.000656096555758,"median":0.000315858545946,"min":7.35217757821e-21,"var":9.9815520116e-7},"spectral_energyband_low":{"dmean":0.00454166112468,"dmean2":0.00800681486726,"dvar":0.000142630931805,"dvar2":0.000404353020713,"max":0.121133036911,"mean":0.00593829480931,"median":0.00334142637439,"min":2.56201196088e-23,"var":0.000101050369267},"spectral_energyband_middle_high":{"dmean":0.00167179550044,"dmean2":0.00240857852623,"dvar":0.00000719656100046,"dvar2":0.0000155920388352,"max":0.0413688831031,"mean":0.0055610309355,"median":0.00298472191207,"min":1.32704226204e-21,"var":0.0000333244424837},"spectral_energyband_middle_low":{"dmean":0.00388992927037,"dmean2":0.00629061460495,"dvar":0.000074352210504,"dvar2":0.000188124511624,"max":0.11782065779,"mean":0.00719405803829,"median":0.00480846595019,"min":1.66571754048e-22,"var":0.0000734047571314},"spectral_entropy":{"dmean":0.0980080738664,"dmean2":0.142568513751,"dvar":0.00979387294501,"dvar2":0.0201822202653,"max":9.81394195557,"mean":7.73363399506,"median":7.74332904816,"min":5.54721975327,"var":0.117753922939},"spectral_flux":{"dmean":0.021643852815,"dmean2":0.0326690711081,"dvar":0.00116522039752,"dvar2":0.00221194745973,"max":0.317584246397,"mean":0.0696307942271,"median":0.0557607375085,"min":6.69514860219e-11,"var":0.00239823572338},"spectral_kurtosis":{"dmean":1.29731595516,"dmean2":2.18604469299,"dvar":2.09247636795,"dvar2":6.1511054039,"max":32.024723053,"mean":4.70598936081,"median":4.37921857834,"min":-1.23363316059,"var":6.48390769958},"spectral_rms":{"dmean":0.00072862172965,"dmean2":0.00110679236241,"dvar":0.00000133429671223,"dvar2":0.00000331914475282,"max":0.0119801014662,"mean":0.00382545497268,"median":0.00348404701799,"min":3.15065790298e-12,"var":0.00000280147628473},"spectral_rolloff":{"dmean":498.600616455,"dmean2":836.994812012,"dvar":430617.96875,"dvar2":994006.375,"max":19552.1484375,"mean":1992.27758789,"median":2110.25390625,"min":21.533203125,"var":1659226},"spectral_skewness":{"dmean":0.18572999537,"dmean2":0.283003747463,"dvar":0.0309352446347,"dvar2":0.0733772069216,"max":4.62776613235,"mean":1.37779045105,"median":1.32170832157,"min":-0.0645015090704,"var":0.158209577203},"spectral_spread":{"dmean":488780.59375,"dmean2":620791.5625,"dvar":451928457216,"dvar2":796872867840,"max":42461556,"mean":3949401.75,"median":3613442.5,"min":1966646.5,"var":3766177234940},"spectral_strongpeak":{"dmean":0.414470851421,"dmean2":0.726760447025,"dvar":0.660696387291,"dvar2":1.82163906097,"max":8.6853761673,"mean":0.594125747681,"median":0.297181934118,"min":0,"var":0.830221295357},"zerocrossingrate":{"dmean":0.00972263142467,"dmean2":0.0116963712499,"dvar":0.000124690312077,"dvar2":0.000179437571205,"max":0.52001953125,"mean":0.0725068226457,"median":0.06787109375,"min":0.0048828125,"var":0.00114326586481}},"metadata":{"audio_properties":{"analysis_sample_rate":44100,"bit_rate":0,"codec":"flac","downmix":"mix","equal_loudness":0,"length":148.466659546,"lossless":true,"md5_encoded":"d9edc8d898f3cb5d6c02d27290960938","replay_gain":-13.7418479919},"tags":{"album":["Rocket to Russia"],"albumartist":["Ramones"],"albumartistsort":["Ramones"],"artist":["Ramones"],"artistsort":["Ramones"],"asin":["B00005JGAF"],"barcode":["081227430924"],"catalognumber":["R2 74309"],"date":["2001-06-19"],"file_name":"10 I Wanna Be Well.flac","format":["CD"],"genre":["Punk Rock"],"label":["Rhino"],"language":["eng"],"musicbrainz_albumartistid":["d6ed7887-a401-47a8-893c-34b967444d26"],"musicbrainz_albumid":["28e8154b-e979-4fbf-bcb6-0264cfc7012a"],"musicbrainz_artistid":["d6ed7887-a401-47a8-893c-34b967444d26"],"musicbrainz_recordingid":["869565ab-7119-4d4b-92a0-811eb80fbd47"],"releasecountry":["US"],"releasestatus":["official"],"releasetype":["album"],"replaygain_album_gain":["-7.89 dB"],"replaygain_album_peak":["0.97290039"],"replaygain_reference_loudness":["89.0 dB"],"replaygain_track_gain":["-7.89 dB"],"replaygain_track_peak":["0.94653320"],"script":["Latn"],"title":["I Wanna Be Well"],"totaltracks":["19"],"tracknumber":["10"],"tracktotal":["19"]},"version":{"essentia":"2.1-beta1","essentia_build_sha":"03b4ca2e34afff16e4ca03b046c45039d872eff7","essentia_git_sha":"v2.1_beta1-6-g5578087-dirty","extractor":"music 1.0"}},"rhythm":{"beats_count":326,"beats_loudness":{"dmean":0.0141749531031,"dmean2":0.024772932753,"dvar":0.000173632230144,"dvar2":0.000506977201439,"max":0.113852486014,"mean":0.0315444394946,"median":0.0290779732168,"min":3.55400930907e-10,"var":0.000345941109117},"beats_loudness_band_ratio":{"dmean":[0.152047619224,0.0791628584266,0.0700977295637,0.0877382159233,0.0588156059384,0.075574696064],"dmean2":[0.246255010366,0.139152675867,0.131713300943,0.151433438063,0.100156605244,0.1