{"lowlevel":{"average_loudness":0.413764595985,"barkbands":{"dmean":[0.000115820730571,0.000780957576353,0.000190259830561,0.000265605485765,0.000786129559856,0.00128637033049,0.00215262477286,0.000639733392745,0.000482624775032,0.00100324663799,0.000432083907072,0.000572529330384,0.000548604468349,0.000316856807331,0.000107440144347,0.0000835671162349,0.0000296746475215,0.0000208746969292,0.0000217854321818,0.0000262893900072,0.0000191143881239,0.0000139435669553,0.00000591129173699,0.00000188867340967,0.00000110076064175,0.00000335897561854,0.0000516614381922],"dmean2":[0.000203495466849,0.0013168992009,0.000330976850819,0.000453905551694,0.00124365405645,0.00200680550188,0.00335460877977,0.00102977734059,0.000771790859289,0.00159596907906,0.000709310232196,0.000956660194788,0.000929387344513,0.000512658793014,0.000179488008143,0.000137523718877,0.0000479139889649,0.0000327383568219,0.0000316755140375,0.0000364610532415,0.0000261542572844,0.0000187705827557,0.00000822457604954,0.00000286853833131,0.00000201323177862,0.00000480813014292,0.0000771954073571],"dvar":[5.93424971385e-8,0.0000027210285225,7.45861896689e-8,3.0195425893e-7,0.00000772148814576,0.0000135967820825,0.000047315908887,0.00000822635411168,0.0000042846299948,0.0000137679080581,0.00000111537406156,0.00000128148280965,0.00000119275728139,4.54821758922e-7,5.08721491599e-8,2.97572402275e-8,5.72738256821e-9,3.9017282738e-9,1.52382870766e-8,3.04256424499e-8,1.33085027443e-8,1.00224717414e-8,2.17750217857e-9,7.08458638976e-11,1.29037197594e-11,4.48710985035e-10,1.42562521788e-8],"dvar2":[1.76625036374e-7,0.00000770041606302,2.17848139528e-7,8.39162851207e-7,0.0000194305721379,0.0000314354583679,0.00011295134027,0.0000211044753087,0.0000109772508949,0.0000350256414094,0.00000289388435704,0.0000034783981846,0.00000326282429342,0.00000110691360078,1.41565720924e-7,8.27731483355e-8,1.58521729077e-8,9.02988617213e-9,3.58172904669e-8,5.7559663702e-8,2.23564295965e-8,2.12126245458e-8,3.20681814436e-9,9.60909823933e-11,2.95303156927e-11,6.26521001745e-10,2.42279227791e-8],"max":[0.00332711264491,0.0279720593244,0.00292798643932,0.0145801212639,0.0716786086559,0.0742179751396,0.0967774018645,0.0788228362799,0.0711057856679,0.0821060240269,0.031506549567,0.0294432528317,0.0204651430249,0.00964163057506,0.00530849397182,0.00332104042172,0.00211760983802,0.0016159148654,0.00408736616373,0.00675601605326,0.00601992057636,0.00427126092836,0.00279491371475,0.000447699800134,0.000103719998151,0.00112850789446,0.00377950095572],"mean":[0.000127609906485,0.00205103424378,0.000255830906099,0.000386173371226,0.00125288125128,0.00195441488177,0.00352743663825,0.000969512213487,0.000815339095425,0.00162261386868,0.000741953728721,0.00108044082299,0.000955366529524,0.000527662574314,0.000230583216762,0.000176026325789,0.0000607192669122,0.0000444647885161,0.0000423029814556,0.000054523225117,0.0000406301296607,0.0000275511065411,0.0000123503732539,0.00000314910789712,0.00000101047328371,0.00000646581611363,0.000179798254976],"median":[0.00000739451661502,0.0000641281149001,0.000119090938824,0.000101639787317,0.000244084876613,0.000221426656935,0.000083332444774,0.0000406725011999,0.0000319386235788,0.0000274238209386,0.0000749148239265,0.000106270330434,0.000163253789651,0.0000245910850936,0.0000158342263603,0.0000158347793331,0.00000304456420963,0.00000275546267403,9.39951632972e-7,0.00000141839666412,0.00000131453793983,4.46963611012e-7,2.0604757367e-7,6.1607522639e-8,2.16267412867e-8,1.11553653426e-7,0.00000890556475497],"min":[1.33412590164e-24,4.33073040711e-24,7.70484390434e-24,1.13319869035e-24,8.98167917717e-24,1.5952154321e-23,2.44918907421e-23,9.3193581874e-24,2.47643065008e-23,3.6904938941e-23,1.40195444997e-23,2.59855752004e-23,4.88471255319e-23,6.9583438831e-23,4.66893385207e-23,8.6979222808e-23,1.26344984944e-22,1.29726333085e-22,1.92222872735e-22,2.56009370359e-22,3.08611398069e-22,3.16990665983e-22,5.07686998203e-22,6.73808584042e-22,1.0368185932e-21,1.47050629855e-21,2.06553663251e-21],"var":[6.28912175671e-8,0.000015195360902,1.1169853309e-7,4.81798281271e-7,0.0000140553065648,0.0000283418485196,0.000115755829029,0.0000157205213327,0.00000879416711541,0.0000299690527754,0.00000241689645009,0.00000295945415019,0.00000246782883551,9.2831243137e-7,1.42856322327e-7,8.69009042503e-8,1.83542052667e-8,1.20749072963e-8,4.32404441142e-8,1.14885629898e-7,5.41715259317e-8,3.61638612389e-8,1.10306110912e-8,3.83732268183e-10,2.62531923284e-11,2.42605469047e-9,1.05652347315e-7]},"barkbands_crest":{"dmean":2.57786798477,"dmean2":4.24296474457,"dvar":5.96402549744,"dvar2":14.8403682709,"max":25.3665275574,"mean":9.45412635803,"median":8.10551738739,"min":2.47369742393,"var":21.295835495},"barkbands_flatness_db":{"dmean":0.0285130478442,"dmean2":0.048188611865,"dvar":0.000736696412787,"dvar2":0.00183799327351,"max":0.401127278805,"mean":0.175290331244,"median":0.176590383053,"min":0.0235802643001,"var":0.00245658657514},"barkbands_kurtosis":{"dmean":2.61847782135,"dmean2":4.25071430206,"dvar":17.4681015015,"dvar2":42.0302124023,"max":104.689933777,"mean":4.40095758438,"median":2.38765954971,"min":-1.88440561295,"var":41.2296943665},"barkbands_skewness":{"dmean":0.49873059988,"dmean2":0.788655221462,"dvar":0.218868762255,"dvar2":0.514342546463,"max":9.99442481995,"mean":1.18354034424,"median":1.01226460934,"min":-2.10823988914,"var":1.06334471703},"barkbands_spread":{"dmean":3.88402748108,"dmean2":6.1041932106,"dvar":18.7765827179,"dvar2":40.42710495,"max":125.561203003,"mean":17.4811897278,"median":16.830953598,"min":1.08959448338,"var":92.2017211914},"dissonance":{"dmean":0.0246485676616,"dmean2":0.0420300327241,"dvar":0.000548786949366,"dvar2":0.00153372553177,"max":0.500000059605,"mean":0.458645224571,"median":0.46710190177,"min":0.214340522885,"var":0.0010909079574},"dynamic_complexity":9.55426502228,"erbbands":{"dmean":[0.0303961671889,0.177806347609,0.200314149261,0.571609854698,1.4006074667,3.02160644531,6.42102718353,12.1080732346,32.7834815979,16.9512062073,14.8460865021,10.2897787094,17.3137302399,31.2339286804,14.0815916061,23.8223800659,25.3830051422,18.0894947052,6.12952232361,4.61789560318,2.93753123283,1.5680668354,1.09850764275,0.990753829479,1.12501132488,1.20501375198,0.852810978889,0.699239373207,0.563115596771,0.293466985226,0.16681279242,0.0565941855311,0.0267881006002,0.0135737769306,0.00730936555192,0.00595775805414,0.00626519927755,0.00760702230036,0.00347986887209,0.00225283810869],"dmean2":[0.0503912381828,0.309680521488,0.345587611198,0.972133338451,2.37214660645,4.833091259,9.97799396515,18.991733551,51.0227737427,27.1613845825,23.7436256409,16.1929626465,26.4985256195,50.6493682861,23.4026908875,39.6705627441,42.6959152222,29.2079410553,10.0532855988,7.68130064011,4.82244539261,2.53240942955,1.72661674023,1.46119439602,1.62004733086,1.70465731621,1.2054464817,0.920657932758,0.762622952461,0.391110390425,0.233424991369,0.082289211452,0.0435623191297,0.0237121470273,0.0138264307752,0.0101287467405,0.00870829448104,0.00921556539834,0.00419761054218,0.00348059879616],"dvar":[0.00463356822729,0.148044362664,0.0940967798233,0.951472997665,20.6330432892,181.906738281,528.610961914,1246.04150391,10331.1982422,3154.97412109,6053.77294922,1591.00622559,3594.04589844,14327.859375,838.373168945,2132.44091797,2642.14111328,1493.76721191,174.653579712,82.1695556641,47.8931808472,18.4824028015,9.1789932251,18.0773868561,52.4345092773,61.5801124573,26.627368927,20.8747348785,17.8027362823,4.60687303543,1.75457715988,0.0879089832306,0.0132519565523,0.00231089699082,0.000528194999788,0.000511895690579,0.00128669303376,0.00272686779499,0.000432214612374,0.0000130635835376],"dvar2":[0.0122096166015,0.453809857368,0.275159388781,2.63119840622,58.5587654114,468.193878174,1077.515625,2906.11938477,24121.2558594,8236.64160156,16024.7714844,4132.12597656,8379.43652344,40078.3242188,2231.11816406,5803.20166016,7259.78125,3635.07250977,459.871582031,219.52746582,133.120040894,52.1858520508,21.8071842194,37.6910438538,105.114845276,110.685943604,43.6269493103,35.2167625427,41.0494270325,8.32964420319,2.62269020081,0.120803333819,0.0240135323256,0.00452278926969,0.00138447107747,0.000964853737969,0.00161448610015,0.00393626140431,0.000527393771335,0.000031596806366],"max":[1.06941926479,6.33865451813,4.01182413101,19.6912345886,184.4581604,418.253479004,766.571533203,840.197509766,1347.83312988,1170.46337891,1918.11120605,1354.26391602,1430.16296387,3027.92285156,687.843566895,1200.3059082,1071.17102051,588.432861328,311.724243164,159.248336792,177.00213623,133.310348511,73.8807678223,164.974136353,281.410308838,270.0519104,210.320022583,231.790496826,196.394500732,108.598510742,79.3998947144,15.297665596,5.17178821564,1.99401378632,0.539596676826,0.985453665257,1.73052489758,2.65539860725,0.89624774456,0.0696737989783],"mean":[0.0672141835093,0.421801269054,0.363116562366,0.947785079479,2.16416788101,4.271296978,10.0592136383,18.4301052094,53.4977493286,27.8226661682,23.7319698334,18.5771121979,30.6016368866,52.9254951477,29.0853042603,48.1899604797,49.5317459106,32.0516357422,14.222784996,11.1072587967,7.06927204132,3.63904619217,2.57899880409,2.12330293655,2.35276794434,2.56863021851,1.90635204315,1.45353376865,1.08036077023,0.590939879417,0.334617078304,0.104626879096,0.0389998219907,0.0149325765669,0.00574578950182,0.0075928485021,0.0123673267663,0.0172177907079,0.0103336246684,0.010693683289],"median":[0.00177310360596,0.019811373204,0.15418882668,0.35873696208,0.396054327488,0.750076889992,1.36824202538,1.78980267048,1.53808116913,1.12418234348,0.827922284603,0.810737490654,0.739398181438,1.49670290947,3.11060118675,5.36515760422,6.84076070786,1.85004270077,0.733975052834,0.850829660892,0.717489480972,0.214358538389,0.177202880383,0.0471803843975,0.0598051846027,0.0678847432137,0.0599704794586,0.0408693216741,0.0178429018706,0.00916798785329,0.00570515729487,0.00196500215679,0.000854072452057,0.000347596767824,0.000131189808599,0.000195959815755,0.000228335746215,0.00029701567837,0.000329424598021,0.000683159742039],"min":[1.47487025184e-22,1.33359892047e-21,6.0954446585e-21,6.94024244095e-21,1.95329185846e-20,4.71407064543e-20,1.06552469275e-19,1.75950014611e-19,3.4171622096e-19,1.87186668697e-19,4.7602300378e-19,6.91992830682e-19,6.57860825368e-19,1.33771989874e-18,7.35846172748e-19,1.07886634055e-18,2.46424921336e-18,2.74668796557e-18,3.57925972776e-18,3.84668515185e-18,4.61029238484e-18,6.91749846377e-18,6.51908568097e-18,9.24965520512e-18,9.41505989477e-18,1.38488315233e-17,1.29179290794e-17,1.22109369826e-17,1.08017140408e-17,1.11146637635e-17,1.44156818535e-17,1.25242109601e-17,1.03826238106e-17,1.00459993516e-17,6.79109740796e-18,4.92253031861e-18,3.05762970732e-18,1.10177510761e-18,2.72879568703e-19,2.928344738e-20],"var":[0.0210114866495,0.618722379208,0.246148273349,2.1020424366,30.2816143036,278.031402588,1242.3170166,2424.57885742,24912.1328125,6766.65429688,11204.2714844,3750.578125,9017.5,29625.2832031,2055.76879883,5329.43212891,6112.71923828,3133.87646484,558.764343262,270.564727783,166.772613525,63.4617881775,34.0259780884,57.3992996216,180.275985718,244.41784668,122.424888611,76.4222335815,55.8635406494,20.6896858215,8.55635070801,0.498484373093,0.0547693744302,0.00689338054508,0.000680140452459,0.00190048303921,0.00771369086578,0.0153284491971,0.0026405302342,0.00016832696565]},"erbbands_crest":{"dmean":2.88927745819,"dmean2":4.75992250443,"dvar":6.43272781372,"dvar2":16.7800502777,"max":29.4133491516,"mean":10.7991218567,"median":10.0719985962,"min":2.37301707268,"var":16.0582485199},"erbbands_flatness_db":{"dmean":0.0297957975417,"dmean2":0.051059383899,"dvar":0.000823127920739,"dvar2":0.00213088584132,"max":0.371041208506,"mean":0.230362311006,"median":0.230900704861,"min":0.0279699228704,"var":0.00229937001131},"erbbands_kurtosis":{"dmean":1.33348369598,"dmean2":2.15377736092,"dvar":2.48146152496,"dvar2":6.08920574188,"max":19.0166187286,"mean":1.22040963173,"median":0.61500787735,"min":-1.68516862392,"var":5.42647457123},"erbbands_skewness":{"dmean":0.43631502986,"dmean2":0.675490319729,"dvar":0.138131082058,"dvar2":0.325702607632,"max":3.51447319984,"mean":-0.296599805355,"median":-0.35428032279,"min":-3.53329706192,"var":0.831770002842},"erbbands_spread":{"dmean":3.65477013588,"dmean2":5.79704904556,"dvar":14.5364561081,"dvar2":31.4870223999,"max":128.063796997,"mean":16.7734298706,"median":14.9743804932,"min":2.62487339973,"var":75.8208312988},"gfcc":{"cov":[[20980.375,-1691.82714844,-1590.27319336,878.311462402,-779.039428711,-870.124755859,962.009338379,18.628993988,510.662994385,403.035095215,148.423416138,386.374359131,-63.5043487549],[-1691.82714844,1597.21228027,104.744865417,-663.297851562,426.109558105,87.8789367676,-177.231811523,-118.453788757,104.973579407,-145.757904053,58.8826751709,-142.517562866,130.21182251],[-1590.27319336,104.744865417,382.286865234,37.4348068237,-31.2852458954,172.960922241,-97.7491073608,-5.12703800201,-63.3186798096,33.1130561829,-38.0882110596,-22.5867404938,6.77867031097],[878.311462402,-663.297851562,37.4348068237,560.14453125,-197.14390564,-85.7229003906,177.547912598,-48.0164833069,-62.8766365051,82.8333740234,-80.5267562866,60.1761283875,-79.266166687],[-779.039428711,426.109558105,-31.2852458954,-197.14390564,327.292358398,79.5537643433,-27.8274593353,21.2865333557,28.5562820435,-81.3726119995,57.5945777893,-50.4790229797,40.4633522034],[-870.124755859,87.8789367676,172.960922241,-85.7229003906,79.5537643433,230.316329956,-53.2078094482,45.9978523254,-20.1650333405,-3.34570455551,-6.83588600159,-17.561882019,16.7161903381],[962.009338379,-177.231811523,-97.7491073608,177.547912598,-27.8274593353,-53.2078094482,234.114776611,-31.3732509613,56.2611274719,29.5190906525,-18.6379680634,23.5035152435,-24.5400829315],[18.628993988,-118.453788757,-5.12703800201,-48.0164833069,21.2865333557,45.9978523254,-31.3732509613,233.183517456,37.4494514465,19.1276931763,59.9861450195,24.9695930481,16.6702041626],[510.662994385,104.973579407,-63.3186798096,-62.8766365051,28.5562820435,-20.1650333405,56.2611274719,37.4494514465,143.332397461,34.1813392639,32.1115913391,31.4324054718,14.7919960022],[403.035095215,-145.757904053,33.1130561829,82.8333740234,-81.3726119995,-3.34570455551,29.5190906525,19.1276931763,34.1813392639,99.6676864624,28.6466941833,24.3804569244,-3.31120753288],[148.423416138,58.8826751709,-38.0882110596,-80.5267562866,57.5945777893,-6.83588600159,-18.6379680634,59.9861450195,32.1115913391,28.6466941833,109.79447937,26.9133853912,11.6503820419],[386.374359131,-142.517562866,-22.5867404938,60.1761283875,-50.4790229797,-17.561882019,23.5035152435,24.9695930481,31.4324054718,24.3804569244,26.9133853912,83.9111938477,10.6036310196],[-63.5043487549,130.21182251,6.77867031097,-79.266166687,40.4633522034,16.7161903381,-24.5400829315,16.6702041626,14.7919960022,-3.31120753288,11.6503820419,10.6036310196,74.9863510132]],"icov":[[0.000116484196042,-0.00014472939074,0.000711815373506,-0.000403882499086,0.00052314955974,-0.000376073410735,-0.0000213800321944,0.0000103847496575,-0.000246767245699,-0.0000284429825115,-0.000375341362087,0.000193265907001,-0.000270672637271],[-0.00014472939074,0.00363022251986,-0.00397445866838,0.00296203093603,-0.00248541682959,0.00259339390323,-0.000187120371265,0.00249071302824,-0.00318515044637,0.00302947219461,-0.00123770267237,0.0029919964727,-0.00225660880096],[0.000711815373506,-0.00397445866838,0.0133922323585,-0.0073700575158,0.00656364345923,-0.00973676238209,0.00350880506448,-0.000811884645373,0.000156425638124,-0.00275881867856,-0.00216707936488,0.00167093973141,-0.00159171991982],[-0.000403882499086,0.00296203093603,-0.0073700575158,0.0140172336251,-0.00918189715594,0.00959047582,-0.00648173131049,-0.00112286792137,0.00982368085533,-0.012475034222,0.0141101591289,-0.0121008325368,0.00797327701002],[0.00052314955974,-0.00248541682959,0.00656364345923,-0.00918189715594,0.0163989271969,-0.0103762848303,0.00191984372213,0.00156129978132,-0.00917277485132,0.0164453815669,-0.0177043266594,0.0138181578368,-0.00846279412508],[-0.000376073410735,0.00259339390323,-0.00973676238209,0.00959047582,-0.0103762848303,0.015726339072,-0.00388234807178,-0.00237579527311,0.00668674893677,-0.0091299014166,0.011873241514,-0.0088397981599,0.00523030105978],[-0.0000213800321944,-0.000187120371265,0.00350880506448,-0.00648173131049,0.00191984372213,-0.00388234807178,0.0104152327403,0.00215607578866,-0.00772673636675,0.00437100278214,-0.00399822834879,0.00538289733231,-0.00252614589408],[0.0000103847496575,0.00249071302824,-0.000811884645373,-0.00112286792137,0.00156129978132,-0.00237579527311,0.00215607578866,0.00831349939108,-0.0069892834872,0.00692700827494,-0.00833009276539,0.00601175427437,-0.00475655635819],[-0.000246767245699,-0.00318515044637,0.000156425638124,0.00982368085533,-0.00917277485132,0.00668674893677,-0.00772673636675,-0.0069892834872,0.0273019857705,-0.0247571226209,0.0196494180709,-0.0219721458852,0.0117516778409],[-0.0000284429825115,0.00302947219461,-0.00275881867856,-0.012475034222,0.0164453815669,-0.0091299014166,0.00437100278214,0.00692700827494,-0.0247571226209,0.0475120954216,-0.033837299794,0.0266084428877,-0.0166944153607],[-0.000375341362087,-0.00123770267237,-0.00216707936488,0.0141101591289,-0.0177043266594,0.011873241514,-0.00399822834879,-0.00833009276539,0.0196494180709,-0.033837299794,0.0421568788588,-0.0287837982178,0.0165429711342],[0.000193265907001,0.0029919964727,0.00167093973141,-0.0121008325368,0.0138181578368,-0.0088397981599,0.00538289733231,0.00601175427437,-0.0219721458852,0.0266084428877,-0.0287837982178,0.0405077524483,-0.0187818724662],[-0.000270672637271,-0.00225660880096,-0.00159171991982,0.00797327701002,-0.00846279412508,0.00523030105978,-0.00252614589408,-0.00475655635819,0.0117516778409,-0.0166944153607,0.0165429711342,-0.0187818724662,0.0262590069324]],"mean":[-137.25541687,138.890319824,-105.038261414,-40.2668647766,-11.0272216797,-10.1562681198,-4.71301221848,-33.1328582764,0.382096946239,-8.12285518646,3.0528755188,-4.12714958191,-2.90629768372]},"hfc":{"dmean":19.9775238037,"dmean2":31.0036373138,"dvar":1375.5802002,"dvar2":3420.99169922,"max":534.661682129,"mean":77.388343811,"median":4.77429962158,"min":1.14366242954e-16,"var":9824.47558594},"melbands":{"dmean":[0.000232735546888,0.000146482387208,0.000115628019557,0.00014101441775,0.000206357071875,0.000278386607533,0.000482478440972,0.000168432845385,0.000122593773995,0.0000639707504888,0.0000944858329603,0.000139101204695,0.0000578638282605,0.0000433750683442,0.000101528792584,0.0000353180003003,0.0000347297645931,0.0000103189559013,0.00000755897644922,0.00000670462122798,0.00000331600290338,0.000001742028644,0.00000141834527767,9.95049276753e-7,8.45286365347e-7,9.14080487746e-7,9.19309286473e-7,8.64127343903e-7,6.18859417045e-7,5.18270667271e-7,3.92089361867e-7,3.60202733418e-7,2.41931189748e-7,1.44998907103e-7,1.18386211057e-7,5.61286057632e-8,2.90580750573e-8,1.96364844385e-8,1.51682773009e-8,1.04672448487e-8],"dmean2":[0.000387874228181,0.000253684585914,0.000197101835511,0.000232218371821,0.000318605336361,0.000434629007941,0.000746961042751,0.000271582801361,0.000197941146325,0.000100428187579,0.000144290490425,0.000224218892981,0.0000955271461862,0.0000703611731296,0.000172599073267,0.000058685298427,0.0000558652027394,0.0000169530430867,0.0000125430688058,0.0000109830461952,0.00000546170258531,0.00000280538097286,0.00000226279234994,0.00000155989675932,0.00000126024281144,0.00000136953349283,0.0000013145503317,0.00000123383904338,9.22887579691e-7,7.20831508261e-7,5.38222820978e-7,5.03261617268e-7,3.45341675256e-7,1.97525508838e-7,1.71543149463e-7,8.48623429306e-8,4.45213466094e-8,3.20996456082e-8,2.62463366596e-8,1.86861548457e-8],"dvar":[2.44375087277e-7,7.41568371154e-8,5.97487144205e-8,3.37117711524e-7,4.70527425023e-7,6.19050126716e-7,0.00000224117525249,2.9875383234e-7,4.44161230462e-7,5.30702024548e-8,1.14130600082e-7,2.86238446279e-7,1.43498173344e-8,9.6234771263e-9,3.61198537746e-8,6.42450537214e-9,5.5723985426e-9,5.81881043349e-10,2.69917699303e-10,2.06179753826e-10,6.75110314874e-11,2.10829045194e-11,1.60636313279e-11,9.4526487332e-12,1.33716952441e-11,3.62406944732e-11,3.72987543629e-11,3.3352327844e-11,1.62311501045e-11,1.06860232468e-11,6.26423652533e-12,8.2055586284e-12,2.89413523528e-12,1.36848854731e-12,9.95844899598e-13,1.45197818612e-13,2.03527634606e-14,7.47326920264e-15,4.30629348098e-15,1.2629350182e-15],"dvar2":[6.60567877731e-7,2.28446310757e-7,1.63165495337e-7,9.13435599159e-7,9.94134552457e-7,0.00000145452463585,0.00000529132876181,7.68950144447e-7,0.00000117004537969,1.35305498361e-7,2.65337604333e-7,7.85088161592e-7,3.75011453002e-8,2.60273989028e-8,9.92881012962e-8,1.75083059162e-8,1.34960140841e-8,1.47276468798e-9,7.50054740539e-10,5.69451930055e-10,1.85746057424e-10,5.63333130144e-11,4.49619369514e-11,2.205997017e-11,2.86006027889e-11,8.6543751332e-11,7.57697862785e-11,6.39165179117e-11,3.15583531529e-11,1.54628532201e-11,1.1775161575e-11,2.05469079251e-11,5.85118151847e-12,2.66390880709e-12,1.81615139594e-12,2.82277917403e-13,3.41999242511e-14,1.43088225459e-14,8.82509058778e-15,2.72752147609e-15],"max":[0.00871157459915,0.00432567484677,0.00920333899558,0.0161158312112,0.0198185928166,0.0165459997952,0.0204943008721,0.0148593345657,0.0175546500832,0.00740687875077,0.00733760651201,0.0134511850774,0.00318188406527,0.00374969909899,0.00224720616825,0.00186444807332,0.00109498540405,0.000608246016782,0.000451130152214,0.00033453796641,0.000225372365094,0.000126523009385,0.0000865640759002,0.0000772074126871,0.000143565383041,0.000213874678593,0.000305878842482,0.000196048305952,0.000138709088787,0.000196844950551,0.000124138037791,0.000136459479108,0.0000664931794745,0.0000628250927548,0.0000616339166299,0.0000161454845511,0.00000699668362358,0.00000379007042284,0.00000269496854344,0.00000133703122174],"mean":[0.000601975363679,0.000325318484101,0.000190780789126,0.000218964356463,0.000320797669701,0.000431145192124,0.000794278807007,0.000263696740149,0.000190325386939,0.000111198591185,0.000160735915415,0.000226884425501,0.000104037419078,0.0000863854438649,0.000175671040779,0.0000717084112694,0.0000563058456464,0.0000205416145036,0.0000170926323335,0.0000132297373057,0.00000704570811649,0.00000354000712832,0.00000301181717077,0.00000196098335437,0.00000165748167547,0.00000167025461906,0.00000173609385001,0.00000171525266524,0.0000012597845398,0.00000101368277683,7.60779187203e-7,6.42856377908e-7,4.59948921616e-7,2.78350199778e-7,2.17247688283e-7,1.02247504685e-7,4.8297732036e-8,2.82899943471e-8,1.90117024346e-8,1.0060476896e-8],"median":[0.0000163199383678,0.0000872481614351,0.0000757347006584,0.0000389787273889,0.0000454428845842,0.0000390760833398,0.000021597772502,0.0000112009429358,0.00000566597782381,0.0000052066770877,0.00000371298324353,0.00000536753350389,0.0000117605286505,0.00000710706490281,0.0000270288037427,0.00000824604740046,0.00000288022010864,0.0000010709649132,0.00000124189625694,0.00000116766511837,7.65896231769e-7,2.11680998063e-7,1.45969067944e-7,1.22723221807e-7,2.84869674516e-8,3.70696113805e-8,4.38568790173e-8,4.05468725262e-8,3.64118655227e-8,2.90777695255e-8,2.01746299666e-8,9.84724657371e-9,6.78000988685e-9,4.22694990121e-9,3.41985817442e-9,1.95421590021e-9,9.0558255339e-10,6.01017069446e-10,4.01571137454e-10,2.05486655469e-10],"min":[1.44836854072e-24,2.89964344224e-24,1.32143115753e-24,1.82407498532e-24,3.58263033929e-24,3.53046415092e-24,4.79269721397e-24,1.50579051488e-24,3.71077803233e-24,3.85886142374e-24,2.9957708767e-24,5.07250065502e-24,2.46848737297e-24,2.52239852166e-24,3.52270570392e-24,4.45716627199e-24,5.50868472649e-24,5.78629513423e-24,4.61402337438e-24,6.36758583047e-24,3.95327466346e-24,6.58986592875e-24,7.43320280707e-24,5.46983372134e-24,7.31356652877e-24,6.56637286213e-24,7.10829466604e-24,9.51337694932e-24,6.99582676678e-24,4.69876439054e-24,6.76182853419e-24,4.72943451367e-24,4.95331954946e-24,6.08890336076e-24,7.31608693936e-24,8.06380480407e-24,7.25506618176e-24,6.55416405633e-24,5.48773613072e-24,7.30915600745e-24],"var":[0.00000139849851166,2.75544465467e-7,9.94090783024e-8,5.38520680493e-7,0.00000109954351046,0.00000127386454096,0.00000550324739379,6.24497999979e-7,8.1068316149e-7,1.3024623513e-7,2.76448446357e-7,5.91085040469e-7,3.26212159507e-8,2.3324425058e-8,7.07018941171e-8,1.56630246551e-8,1.09757243294e-8,1.57231827558e-9,7.54728723962e-10,5.07298869579e-10,2.21077267604e-10,6.4775879105e-11,5.51429492346e-11,2.63364764025e-11,3.83564013884e-11,8.81954509424e-11,1.15567624914e-10,1.16273969619e-10,5.97648111555e-11,3.90212653856e-11,2.12542119321e-11,2.05130790826e-11,1.10922659946e-11,5.32930687427e-12,3.98536195365e-12,5.93359020772e-13,9.38619570522e-14,2.85234008179e-14,1.3497612316e-14,2.8844504232e-15]},"melbands_crest":{"dmean":3.39966440201,"dmean2":5.63043022156,"dvar":9.24200534821,"dvar2":22.7524471283,"max":37.475440979,"mean":12.9530582428,"median":11.3047323227,"min":1.78597915173,"var":37.6668205261},"melbands_flatness_db":{"dmean":0.034677863121,"dmean2":0.0582893304527,"dvar":0.00114161369856,"dvar2":0.00277915364131,"max":0.580895602703,"mean":0.284751832485,"median":0.289226323366,"min":0.00354843074456,"var":0.00483231712133},"melbands_kurtosis":{"dmean":2.31702160835,"dmean2":3.65692806244,"dvar":24.7768135071,"dvar2":51.1749038696,"max":221.939590454,"mean":2.84972405434,"median":0.364167690277,"min":-1.83254778385,"var":72.4395751953},"melbands_skewness":{"dmean":0.506034731865,"dmean2":0.807170808315,"dvar":0.229210615158,"dvar2":0.53488445282,"max":14.1396389008,"mean":1.15988075733,"median":0.927375555038,"min":-2.21828866005,"var":1.3794490099},"melbands_spread":{"dmean":5.1257276535,"dmean2":7.90693235397,"dvar":38.4076385498,"dvar2":76.0202407837,"max":152.188796997,"mean":22.2750244141,"median":21.42162323,"min":1.27345073223,"var":230.300933838},"mfcc":{"cov":[[14212.3398438,227.096191406,-2115.35693359,1515.62268066,-1141.12268066,-231.610336304,-285.93762207,344.67956543,-26.801700592,462.720489502,167.594955444,132.117736816,19.4146766663],[227.096191406,1346.17687988,-107.208358765,-329.819000244,225.907287598,29.8305263519,-53.862575531,-50.9357261658,76.7371368408,-5.00251817703,-6.66386127472,20.6760101318,3.52160716057],[-2115.35693359,-107.208358765,639.028137207,-208.700424194,128.206314087,90.2179107666,50.1496772766,-100.28994751,-4.0525135994,-52.987575531,-31.4791736603,-31.0685806274,-0.868738949299],[1515.62268066,-329.819000244,-208.700424194,536.743103027,-240.956390381,-8.7952413559,23.3204154968,9.88845539093,-18.3549938202,53.1082267761,-8.46818828583,5.05396318436,6.58762359619],[-1141.12268066,225.907287598,128.206314087,-240.956390381,287.568115234,24.1968040466,29.6161613464,4.61253595352,11.6932153702,-49.5623970032,4.52787065506,-6.65888643265,7.5103635788],[-231.610336304,29.8305263519,90.2179107666,-8.7952413559,24.1968040466,173.492507935,46.1438140869,-13.8278942108,14.1981468201,1.33824110031,-20.6127853394,-6.65955448151,-11.4550294876],[-285.93762207,-53.862575531,50.1496772766,23.3204154968,29.6161613464,46.1438140869,117.860900879,10.90762043,-4.57709980011,13.1954021454,-5.52880334854,-19.4736976624,9.77440834045],[344.67956543,-50.9357261658,-100.28994751,9.88845539093,4.61253595352,-13.8278942108,10.90762043,134.662338257,26.8116645813,19.4443473816,46.4924812317,8.37185955048,-2.91077518463],[-26.801700592,76.7371368408,-4.0525135994,-18.3549938202,11.6932153702,14.1981468201,-4.57709980011,26.8116645813,87.2113037109,17.8299007416,1.53659117222,5.4348988533,-12.7077083588],[462.720489502,-5.00251817703,-52.987575531,53.1082267761,-49.5623970032,1.33824110031,13.1954021454,19.4443473816,17.8299007416,96.1113357544,31.3812923431,0.840716063976,11.8229227066],[167.594955444,-6.66386127472,-31.4791736603,-8.46818828583,4.52787065506,-20.6127853394,-5.52880334854,46.4924812317,1.53659117222,31.3812923431,97.4744873047,30.7385826111,16.0602035522],[132.117736816,20.6760101318,-31.0685806274,5.05396318436,-6.65888643265,-6.65955448151,-19.4736976624,8.37185955048,5.4348988533,0.840716063976,30.7385826111,68.4853668213,19.5034542084],[19.4146766663,3.52160716057,-0.868738949299,6.58762359619,7.5103635788,-11.4550294876,9.77440834045,-2.91077518463,-12.7077083588,11.8229227066,16.0602035522,19.5034542084,63.6866455078]],"icov":[[0.000273612560704,-0.000225002426305,0.000481210066937,-0.000417769741034,0.000540487002581,-0.000141963246278,0.000489828409627,-0.000483966257889,0.000468387414003,-0.000619310420007,0.0000349103247572,-0.000018081993403,-0.00000259607895714],[-0.000225002426305,0.00140473130159,0.000351450435119,0.000987892854027,-0.00123110844288,-0.000270277465461,-0.0000506905344082,0.00159374100622,-0.00142462435178,0.000167439589859,-0.0000580416271987,-0.0000615363751422,-0.000211152379052],[0.000481210066937,0.000351450435119,0.00371786532924,0.000437108741608,0.000439445022494,-0.00132717529777,0.000054443917179,0.00181441020686,-0.000353399751475,-0.00022884576174,-0.0008475042996,0.000868660164997,-0.00045692405547],[-0.000417769741034,0.000987892854027,0.000437108741608,0.00445858715102,0.00150370015763,-0.000165572928381,-0.0021901614964,0.00155473966151,-0.00103687378578,0.000779541325755,0.00025976615143,-0.000196001143195,-0.000539497006685],[0.000540487002581,-0.00123110844288,0.000439445022494,0.00150370015763,0.00828371569514,-0.00036311900476,-0.00150861928705,-0.00191903556697,0.000381716090487,0.00206423201598,-0.00106706144288,0.000825163093396,-0.00143524666782],[-0.000141963246278,-0.000270277465461,-0.00132717529777,-0.000165572928381,-0.00036311900476,0.00749821867794,-0.00307180336677,0.000187728510355,-0.000850916025229,-0.000418204930611,0.00144198851194,-0.00156773813069,0.0019530877471],[0.000489828409627,-0.0000506905344082,0.000054443917179,-0.0021901614964,-0.00150861928705,-0.00307180336677,0.0131605016068,-0.00296119041741,0.00218665716238,-0.00355496327393,0.00114688056055,0.0030000351835,-0.00256068771705],[-0.000483966257889,0.00159374100622,0.00181441020686,0.00155473966151,-0.00191903556697,0.000187728510355,-0.00296119041741,0.0136542124674,-0.00554375490174,0.00208979146555,-0.00604864256456,0.00136093841866,0.000876362901181],[0.000468387414003,-0.00142462435178,-0.000353399751475,-0.00103687378578,0.000381716090487,-0.000850916025229,0.00218665716238,-0.00554375490174,0.016308279708,-0.00545120565221,0.00332929403521,-0.0030539969448,0.0036131166853],[-0.000619310420007,0.000167439589859,-0.00022884576174,0.000779541325755,0.00206423201598,-0.000418204930611,-0.00355496327393,0.00208979146555,-0.00545120565221,0.0175239872187,-0.00656461715698,0.00403832923621,-0.00350391399115],[0.0000349103247572,-0.0000580416271987,-0.0008475042996,0.00025976615143,-0.00106706144288,0.00144198851194,0.00114688056055,-0.00604864256456,0.00332929403521,-0.00656461715698,0.0177014842629,-0.00735430512577,-0.000441844109446],[-0.000018081993403,-0.0000615363751422,0.000868660164997,-0.000196001143195,0.000825163093396,-0.00156773813069,0.0030000351835,0.00136093841866,-0.0030539969448,0.00403832923621,-0.00735430512577,0.0210787244141,-0.0066961417906],[-0.00000259607895714,-0.000211152379052,-0.00045692405547,-0.000539497006685,-0.00143524666782,0.0019530877471,-0.00256068771705,0.000876362901181,0.0036131166853,-0.00350391399115,-0.000441844109446,-0.0066961417906,0.0202509965748]],"mean":[-785.644897461,192.000808716,-18.3412151337,-11.2118310928,-0.463105529547,21.871339798,-0.345953911543,-5.23849534988,-3.96997761726,-5.16733598709,-2.56290769577,7.8340921402,4.02421522141]},"pitch_salience":{"dmean":0.0741833522916,"dmean2":0.122472293675,"dvar":0.0042211827822,"dvar2":0.0109169511124,"max":0.828864514828,"mean":0.586286067963,"median":0.606144845486,"min":0.102422006428,"var":0.0135697722435},"silence_rate_20dB":{"dmean":0,"dmean2":0,"dvar":0,"dvar2":0,"max":1,"mean":1,"median":1,"min":1,"var":0},"silence_rate_30dB":{"dmean":0.00731197791174,"dmean2":0.0146265020594,"dvar":0.00725847296417,"dvar2":0.0185913816094,"max":1,"mean":0.994255900383,"median":1,"min":0,"var":0.0057112458162},"silence_rate_60dB":{"dmean":0.0219359323382,"dmean2":0.0438795052469,"dvar":0.021454365924,"dvar2":0.0489171333611,"max":1,"mean":0.507049620152,"median":1,"min":0,"var":0.249943643808},"spectral_centroid":{"dmean":138.003356934,"dmean2":207.45993042,"dvar":94679,"dvar2":181800.96875,"max":11103.4912109,"mean":905.691894531,"median":815.643676758,"min":228.28868103,"var":460060.34375},"spectral_complexity":{"dmean":1.65598881245,"dmean2":2.75744390488,"dvar":3.33745908737,"dvar2":7.59062385559,"max":54,"mean":11.1765012741,"median":5,"min":0,"var":105.010597229},"spectral_contrast_coeffs":{"dmean":[0.0477012582123,0.0464747436345,0.0352115295827,0.0323099941015,0.0349336005747,0.0324000604451],"dmean2":[0.0814540013671,0.0765676498413,0.0596204176545,0.0542397908866,0.06053134799,0.0570637471974],"dvar":[0.00146606145427,0.00169291673228,0.000847957911901,0.000641063670628,0.00106495979708,0.00122705567628],"dvar2":[0.00398210296407,0.0045471591875,0.00240133423358,0.001733820769,0.00288773910142,0.00316643062979],"max":[-0.39783090353,-0.409241110086,-0.538604915142,-0.624018311501,-0.623292505741,-0.506430566311],"mean":[-0.689867377281,-0.765283167362,-0.808886229992,-0.772573649883,-0.805660605431,-0.775050461292],"median":[-0.703606724739,-0.786538124084,-0.818065404892,-0.773870110512,-0.809663236141,-0.76353931427],"min":[-0.982722938061,-0.978664875031,-0.98503780365,-0.995368719101,-0.987287282944,-0.964697182178],"var":[0.00646025454625,0.0076444176957,0.00313577288762,0.002011137316,0.00268900743686,0.00595764396712]},"spectral_contrast_valleys":{"dmean":[0.408595353365,0.348501622677,0.302403122187,0.307703822851,0.515303134918,0.73358887434],"dmean2":[0.707123398781,0.586719810963,0.497829347849,0.486140519381,0.891844451427,1.37553274632],"dvar":[0.193075731397,0.169578388333,0.154126673937,0.163552314043,0.393100917339,0.735321462154],"dvar2":[0.435364961624,0.347650945187,0.293258070946,0.282917559147,0.8930747509,1.73864161968],"max":[-5.76074075699,-4.60416269302,-5.03393697739,-5.83257436752,-6.08193826675,-8.62551212311],"mean":[-8.23174762726,-7.25024604797,-7.55032300949,-8.17827033997,-9.71556186676,-12.9014043808],"median":[-8.46389389038,-7.54775762558,-7.91026210785,-8.41281032562,-9.57192325592,-12.9325761795],"min":[-27.8608512878,-27.601272583,-27.4047489166,-27.4619007111,-27.5269985199,-27.3345413208],"var":[2.13410997391,2.34074640274,2.35425806046,2.41094708443,3.2281332016,2.32361507416]},"spectral_decrease":{"dmean":1.15138198975e-9,"dmean2":1.83314574631e-9,"dvar":4.67087054341e-18,"dvar2":1.17438123743e-17,"max":8.16946734015e-18,"mean":-3.46063089296e-9,"median":-6.97303659258e-10,"min":-2.76602314386e-8,"var":2.21535627459e-17},"spectral_energy":{"dmean":0.00554841989651,"dmean2":0.00862058438361,"dvar":0.00011363937665,"dvar2":0.00028242226108,"max":0.147198334336,"mean":0.0200805496424,"median":0.00305404351093,"min":1.05585210795e-20,"var":0.000680209719576},"spectral_energyband_high":{"dmean":0.0000725556819816,"dmean2":0.0000889661678229,"dvar":1.50543826294e-7,"dvar2":1.70022047996e-7,"max":0.0178204420954,"mean":0.00020584979211,"median":0.00000775473108661,"min":7.38754278057e-21,"var":9.98026166599e-7},"spectral_energyband_low":{"dmean":0.000920756720006,"dmean2":0.00154356576968,"dvar":0.00000293917400995,"dvar2":0.00000828714473755,"max":0.0309047065675,"mean":0.00261138379574,"median":0.000668337743264,"min":2.95606786233e-23,"var":0.0000180231509148},"spectral_energyband_middle_high":{"dmean":0.0017955226358,"dmean2":0.00285036093555,"dvar":0.0000171342981048,"dvar2":0.0000444709512522,"max":0.0935965403914,"mean":0.00540295382962,"median":0.000418255454861,"min":1.35789432174e-21,"var":0.0000707773433533},"spectral_energyband_middle_low":{"dmean":0.00404644012451,"dmean2":0.00628227833658,"dvar":0.0000781261769589,"dvar2":0.000192843202967,"max":0.099998742342,"mean":0.00914172548801,"median":0.00168967247009,"min":1.57994387384e-22,"var":0.000239014465478},"spectral_entropy":{"dmean":0.231469660997,"dmean2":0.393106579781,"dvar":0.0568169504404,"dvar2":0.138951763511,"max":9.81590270996,"mean":6.93227672577,"median":6.89278173447,"min":5.39470815659,"var":0.200731381774},"spectral_flux":{"dmean":0.0133108180016,"dmean2":0.0215306542814,"dvar":0.000351810071152,"dvar2":0.000968189502601,"max":0.246282801032,"mean":0.0587752126157,"median":0.0270744692534,"min":6.62883289926e-11,"var":0.00286297872663},"spectral_kurtosis":{"dmean":15.4220190048,"dmean2":27.1144161224,"dvar":390.725616455,"dvar2":1050.77563477,"max":144.907989502,"mean":50.4200439453,"median":41.5853347778,"min":-1.23284912109,"var":933.747497559},"spectral_rms":{"dmean":0.00045745522948,"dmean2":0.000701280252542,"dvar":4.51898330311e-7,"dvar2":0.00000111069857667,"max":0.0119836609811,"mean":0.00334231811576,"median":0.00172613863833,"min":3.20951641999e-12,"var":0.00000841970631882},"spectral_rolloff":{"dmean":3495.93383789,"dmean2":6792.01611328,"dvar":47598200,"dvar2":125974032,"max":22028.4667969,"mean":12716.8388672,"median":20542.6757812,"min":21.533203125,"var":90051520},"spectral_skewness":{"dmean":0.81673014164,"dmean2":1.41245615482,"dvar":1.01608932018,"dvar2":2.67246580124,"max":9.60230350494,"mean":4.95815563202,"median":4.6621556282,"min":-0.0284799877554,"var":3.29305195808},"spectral_spread":{"dmean":511330.0625,"dmean2":910842.75,"dvar":1012539850750,"dvar2":2077698818050,"max":41996436,"mean":2603762.75,"median":2367517.25,"min":1106204.875,"var":3837828005890},"spectral_strongpeak":{"dmean":0.901171267033,"dmean2":1.63472342491,"dvar":18.7747383118,"dvar2":58.564781189,"max":79.0965805054,"mean":1.07830548286,"median":0.324437558651,"min":0,"var":11.7834424973},"zerocrossingrate":{"dmean":0.0242758411914,"dmean2":0.031254760921,"dvar":0.000458948197775,"dvar2":0.000761783216149,"max":0.521484375,"mean":0.198997095227,"median":0.20166015625,"min":0.0224609375,"var":0.0058161104098}},"metadata":{"audio_properties":{"analysis_sample_rate":44100,"bit_rate":803918,"codec":"alac","downmix":"mix","equal_loudness":0,"length":133.36000061,"lossless":true,"md5_encoded":"c87ac68584a6d8bf7f8530eb569f2225","replay_gain":-9.95316505432,"sample_rate":44100},"tags":{"album":["Dance Hall at Louse Point"],"albumartistsort":["Parish, John & Harvey, PJ"],"artist":["John Parish & PJ Harvey"],"artistsort":["Parish, John & Harvey, PJ"],"asin":["B000001E9Y"],"barcode":["731452427823"],"catalognumber":["314-524 278-2"],"date":["1996-09-24"],"file_name":"03 - City of No Sun.m4a","label":["Island Records"],"media":["CD"],"musicbrainz_albumartistid":["4ae92e70-3690-473b-8fbc-49749565669f","e795e03d-b5d5-4a5f-834d-162cfb308a2c"],"musicbrainz_albumid":["c9167f5e-d288-44ec-91cf-34d4abfb1fd3"],"musicbrainz_artistid":["4ae92e70-3690-473b-8fbc-49749565669f","e795e03d-b5d5-4a5f-834d-162cfb308a2c"],"musicbrainz_recordingid":["86c5b3d9-572b-43e8-a004-b171423287ea"],"musicbrainz_releasegroupid":["a2bd8b47-4f79-3274-8d36-334f168831c3"],"script":["Latn"],"title":["City of No Sun"],"tracknumber":["3/12"]},"version":{"essentia":"2.1-beta1","essentia_build_sha":"ca57ba49d9b1854bd80e60cf9ccf267278fb7d6b","essentia_git_sha":"v2.1_beta1-28-g21ef5f4-dirty","extractor":"music 1.0"}},"rhythm":{"beats_count":271,"beats_loudness":{"dmean":0.0108730886132,"dmean2":0.0181560814381,"dvar":0.000290163385216,"dvar2":0.000753119005822,"max":0.123294323683,"mean":0.018615340814,"median":0.00224483734928,"min":0.000181419352884,"var":0.000654582108837},"beats_loudness_band_ratio":{"dmean":[0.122197031975,0.14021922648,0.108790144324,0.129850313067,0.0293213557452,0.0859998166561],"dmean2":[0.212585657835,0.244623720646,0.184413090348,0.214250698686,0.0520977862179,0.153466656804],"dvar":[0.0195464603603,0.0204949397594,0.0167175550014,0.0114474315196,0.00208787061274,0.0160630717874],"dvar2":[0.0471613518894,0.0547