{"lowlevel":{"average_loudness":0.937126874924,"barkbands":{"dmean":[0.00000407571860706,0.00116137450095,0.00124190293718,0.000674822193105,0.00114920618944,0.000870207790285,0.000772821367718,0.000494117266499,0.00110912357923,0.000919830752537,0.000710811989848,0.000659159617499,0.00063535082154,0.000621332554147,0.000497553672176,0.000398354837671,0.000281067827018,0.000181764684385,0.000132264569402,0.000106791703729,0.0000457005116914,0.0000359595178452,0.00005152965241,0.0000487378310936,0.0000169230916072,0.00000508914718012,1.3287538847e-9],"dmean2":[0.00000687143483447,0.00184826646,0.0020517683588,0.00108665938023,0.00186460348777,0.00131542317104,0.00121374987066,0.000777247478254,0.00170401402283,0.00134971074294,0.00105024350341,0.00101674289908,0.00096905400278,0.000996467540972,0.000787672121078,0.000627935281955,0.000435945403297,0.000285338348476,0.000203756411793,0.000163872085977,0.0000702116958564,0.0000539369248145,0.0000738496310078,0.0000693947513355,0.0000233625705732,0.00000682445215716,2.34067054627e-9],"dvar":[5.00507309209e-11,0.00000449651543022,0.00000505034313392,0.00000105980359422,0.00000340193037118,0.00000388441230825,0.000002982337719,0.00000240097392634,0.00000976823321253,0.0000102567546492,0.00000763577918406,0.00000766892026149,0.00000485984719489,0.00000403816147809,0.0000020636005047,0.00000104759340047,3.06536691141e-7,2.01448344228e-7,8.56476418676e-8,1.22460320995e-7,7.08797465165e-9,6.01215655038e-9,1.28227508611e-8,1.35730084949e-8,1.28713995018e-9,1.1170046138e-10,5.27555363325e-18],"dvar2":[1.29755511891e-10,0.0000113873766168,0.0000132817167469,0.00000280971676148,0.00000874297711562,0.00000812445614429,0.00000668406028126,0.00000535073240826,0.0000220248148253,0.0000196710207092,0.0000149461293404,0.0000164323992067,0.0000106235484054,0.00000973695750872,0.00000484427528136,0.00000253405551121,6.35752201106e-7,4.59513614715e-7,1.97969981741e-7,2.80247149931e-7,1.60730593279e-8,1.23868497681e-8,2.65389417109e-8,2.69802313824e-8,2.65002397803e-9,2.1584885268e-10,1.46352685276e-17],"max":[0.0000920002712519,0.034042712301,0.0289813019335,0.0131185529754,0.0338227711618,0.0357154980302,0.0410185121,0.037897195667,0.0652964189649,0.0658022463322,0.0572233423591,0.0725193396211,0.0472375005484,0.0454068146646,0.0379458665848,0.0229349061847,0.0105010159314,0.0131141617894,0.00687668519095,0.0114371050149,0.00135938078165,0.00195653550327,0.00283123273402,0.0035582871642,0.000760998460464,0.000164035751368,4.46419292643e-8],"mean":[0.00000549100104763,0.00285455258563,0.00243001547642,0.00108185713179,0.00204581348225,0.00163101183716,0.00135081715416,0.000680366531014,0.00171332072932,0.0014208953362,0.00106512301136,0.000905526569113,0.000873822544236,0.000870515825227,0.000695174036082,0.000619605300017,0.000472324725706,0.000286708207568,0.000230341524002,0.000175715031219,0.0000871939701028,0.0000743325363146,0.000128352316096,0.000105008206447,0.0000306334659399,0.00000955469840846,1.34598443502e-9],"median":[0.00000168967653735,0.00108526658732,0.00124279479496,0.00050704064779,0.00125705101527,0.00055834511295,0.000620431965217,0.000249106087722,0.000717909773812,0.000298667349853,0.000117279458209,0.000170539336978,0.000169353850652,0.000284485286102,0.000222532835323,0.000221926951781,0.000200765876798,0.000117216724902,0.0000921076280065,0.0000550595905224,0.0000422668017563,0.0000264916834567,0.0000268188705377,0.0000277275103144,0.0000101682398963,0.00000247431535172,5.26826415825e-10],"min":[2.22697726171e-25,1.38602111629e-24,1.14007972681e-24,4.33794118743e-25,5.84225968786e-24,7.32856514116e-24,8.84590438247e-24,8.06352633617e-24,7.1748208839e-24,6.59024458198e-24,1.47062163633e-23,2.17085890979e-23,2.60061802472e-23,3.00149773077e-23,2.48501329896e-23,5.55207751941e-23,6.17917776285e-23,9.18979346352e-23,1.38871199973e-22,1.58411562274e-22,2.50732812293e-22,3.03726064525e-22,3.90013740309e-22,5.52971552156e-22,8.79297333034e-22,1.28006038234e-21,1.87795161819e-21],"var":[8.21046841626e-11,0.0000181347477337,0.00000968257245404,0.00000223255278797,0.00000655002122585,0.000011927460946,0.00000633380750514,0.00000347722561855,0.0000147148457472,0.0000217505184992,0.000019452354536,0.0000135847776619,0.0000081079060692,0.00000518822571394,0.0000028349254535,0.00000149941377003,6.99576787611e-7,3.07735916749e-7,2.02677796324e-7,2.60183128376e-7,1.61997029124e-8,1.77668848522e-8,7.88422482856e-8,4.78352006894e-8,2.70650080125e-9,2.84740120371e-10,6.29047777507e-18]},"barkbands_crest":{"dmean":2.27730250359,"dmean2":3.57663702965,"dvar":4.72242450714,"dvar2":11.3536472321,"max":24.6873683929,"mean":9.3980922699,"median":8.58418750763,"min":2.7669210434,"var":15.1890668869},"barkbands_flatness_db":{"dmean":0.0188321843743,"dmean2":0.0279333479702,"dvar":0.00033743007225,"dvar2":0.000671251793392,"max":0.362069815397,"mean":0.150228321552,"median":0.1458517313,"min":0.0359564609826,"var":0.00226522493176},"barkbands_kurtosis":{"dmean":1.80093228817,"dmean2":2.79488372803,"dvar":12.4772729874,"dvar2":31.6328411102,"max":126.698303223,"mean":2.572006464,"median":0.848361253738,"min":-1.79299163818,"var":35.028087616},"barkbands_skewness":{"dmean":0.435300409794,"dmean2":0.651789426804,"dvar":0.200499251485,"dvar2":0.449799180031,"max":9.14777755737,"mean":1.08421134949,"median":1.02473640442,"min":-2.70364189148,"var":1.36398041248},"barkbands_spread":{"dmean":4.899954319,"dmean2":7.27967166901,"dvar":30.7023944855,"dvar2":61.8395576477,"max":94.1901321411,"mean":22.2619400024,"median":20.4017333984,"min":1.12173652649,"var":145.800231934},"dissonance":{"dmean":0.0174037069082,"dmean2":0.0289446748793,"dvar":0.000329568138113,"dvar2":0.000886818976142,"max":0.499911546707,"mean":0.466996252537,"median":0.472823739052,"min":0.281970590353,"var":0.000630421272945},"dynamic_complexity":3.79884886742,"erbbands":{"dmean":[0.0154426665977,0.325765758753,1.28907299042,1.94765198231,2.34901881218,5.06866359711,6.06013727188,7.29376173019,8.86061000824,13.4527482986,12.6535577774,24.2862091064,25.0057010651,30.042509079,23.6855545044,26.5767745972,28.4793968201,27.5229530334,27.6256828308,25.8983039856,17.569770813,15.9812355042,9.81348609924,6.64491891861,6.49054718018,4.93690633774,2.43805146217,1.45038640499,1.23519861698,1.52730417252,1.51204538345,1.23754799366,0.660299062729,0.247712895274,0.0950591266155,0.0320432707667,0.00758084235713,0.000796514796093,0.0000178489844984,0.00000784361418482],"dmean2":[0.0246934983879,0.518980503082,2.13966012001,3.1935904026,3.80987477303,8.29026699066,9.37423992157,10.9845733643,14.1317825317,20.7412796021,19.6855888367,36.7723999023,37.4972496033,42.6718597412,34.8820343018,39.9125556946,42.8415031433,43.0078125,43.6779937744,40.4226799011,26.9688816071,24.3057079315,15.1207847595,10.2767934799,9.92323970795,7.5156621933,3.75886321068,2.219861269,1.86125028133,2.23745584488,2.1991250515,1.77918255329,0.940148711205,0.348308116198,0.131410703063,0.0438323840499,0.0102796759456,0.00115476793144,0.0000242505047936,0.0000108992526293],"dvar":[0.000820794084575,0.348208129406,5.27725982666,9.57164096832,16.4309940338,66.5292892456,170.495285034,360.339324951,447.906890869,1033.1907959,1652.9744873,4879.41992188,6406.27050781,10486.6416016,9124.92285156,11870.6367188,9718.11523438,8283.81445312,6636.18017578,4943.97021484,1208.73181152,1010.80090332,579.76739502,214.294891357,287.833587646,301.900482178,33.6371269226,7.01095628738,6.53781270981,11.9897108078,11.7632856369,8.91761112213,2.4573199749,0.280615478754,0.0434611812234,0.00493319984525,0.00023214633984,0.00000300949750454,1.10541320542e-9,9.86126458269e-11],"dvar2":[0.00210800231434,0.886478722095,13.9941511154,25.8913898468,43.5480575562,173.900360107,382.202514648,714.303405762,1014.19842529,2404.64477539,3850.71850586,10609.9355469,12878.3310547,19275.3222656,19079.0742188,23881.828125,21256.0859375,20084.4472656,16371.2910156,11314.96875,2632.0859375,2080.16308594,1297.11364746,506.128387451,661.281982422,662.021362305,83.0245285034,15.4810619354,13.727519989,25.2492485046,25.6006336212,18.6505889893,4.73881292343,0.576234400272,0.0880724489689,0.00977197103202,0.000462620548205,0.00000662370894133,2.24303176033e-9,1.8475546093e-10],"max":[0.368163108826,9.38894367218,31.074388504,37.8509712219,58.0410423279,192.052810669,236.94934082,417.598480225,611.840942383,866.094299316,1090.37243652,1923.87744141,2156.53662109,2302.65625,2798.12280273,3241.22314453,2213.83251953,2309.86865234,1793.43920898,1732.85717773,618.49810791,666.679504395,659.007751465,423.086425781,527.862731934,719.438964844,183.43157959,45.8646469116,57.0451507568,80.7493286133,92.6747436523,83.4448699951,45.1045646667,10.6821899414,3.95616912842,1.38134801388,0.223113492131,0.0383121743798,0.000689495936967,0.000131056469399],"mean":[0.0392649434507,0.797731518745,2.64269256592,3.57524490356,3.83464550972,8.65890884399,11.736207962,12.7064561844,14.4136772156,23.1881446838,19.1467247009,37.64320755,41.7183189392,48.1398925781,35.9924812317,39.954410553,42.3864974976,40.1720161438,40.9021682739,39.4425354004,31.3225040436,27.7757034302,16.5410022736,11.7676172256,11.9346694946,8.22120189667,4.29204654694,2.91960883141,2.54580044746,3.36016845703,3.66179442406,2.79027915001,1.32734084129,0.452393144369,0.169794976711,0.0577764697373,0.0142280254513,0.00142305239569,0.0000419331045123,0.000028301625207],"median":[0.0143906967714,0.334287047386,1.73599648476,2.32862663269,2.18982243538,5.27100086212,4.81707620621,4.69267225266,6.41145515442,9.28581047058,7.998919487,15.4827003479,14.6439170837,8.26154136658,5.46420288086,7.65564346313,9.04616165161,12.4066963196,14.5825042725,13.4317970276,12.6438941956,12.3191947937,6.96981048584,5.67662525177,4.19380617142,2.68231034279,1.93568384647,1.37672162056,0.977738976479,0.882127285004,0.736047387123,0.669341802597,0.365768671036,0.148706749082,0.0547381676733,0.0166695974767,0.00348992133513,0.000250024837442,0.0000196114342543,0.0000233843729802],"min":[6.24093736758e-23,3.25352793527e-22,1.7186413982e-21,2.30725209571e-21,5.4163152392e-21,1.45712340078e-20,4.29986609293e-20,8.1144964063e-20,1.04839798279e-19,1.96923631407e-19,2.00297804523e-19,2.30999026548e-19,4.93002488515e-19,6.25869718575e-19,1.0580860126e-18,1.38126134202e-18,1.3658810559e-18,1.63358472287e-18,1.9559572735e-18,3.4122089487e-18,4.08223599821e-18,4.86904688815e-18,4.71242851097e-18,6.74644992081e-18,7.28140044424e-18,6.56693104837e-18,7.8613326358e-18,9.27908463695e-18,1.00049753291e-17,9.01903063289e-18,1.15181368237e-17,1.01952516854e-17,8.92411827505e-18,8.0069040159e-18,5.29062693196e-18,3.81884183884e-18,2.19899327723e-18,9.04002427004e-19,2.60422228678e-19,2.60118301195e-20],"var":[0.00263100955635,1.35783851147,9.02797031403,15.6834936142,22.4843292236,132.27142334,491.042205811,917.710021973,871.194763184,2445.95947266,2315.95947266,7763.50244141,13463.9296875,25156.1503906,18062.5878906,23874.9394531,16496.9589844,11027.3925781,8675.08984375,7723.67041016,2515.98999023,2322.91503906,942.956054688,363.22744751,861.556274414,603.120788574,50.7094917297,17.4513015747,18.4549560547,47.1649131775,67.4944000244,37.8520584106,7.04483175278,0.60100966692,0.0915336832404,0.0107163032517,0.000649120192975,0.00000937041204452,3.9949612507e-9,4.62970661808e-10]},"erbbands_crest":{"dmean":2.64914155006,"dmean2":4.19483852386,"dvar":7.37143564224,"dvar2":17.0127716064,"max":30.3751087189,"mean":8.98260688782,"median":7.68379402161,"min":2.50499248505,"var":21.2907180786},"erbbands_flatness_db":{"dmean":0.0175787545741,"dmean2":0.0240365322679,"dvar":0.000318335165503,"dvar2":0.000551323231775,"max":0.343016594648,"mean":0.169337794185,"median":0.165380656719,"min":0.0326963402331,"var":0.00240413565189},"erbbands_kurtosis":{"dmean":0.94253385067,"dmean2":1.43778920174,"dvar":2.85948848724,"dvar2":6.10222625732,"max":39.5705718994,"mean":0.604814827442,"median":-0.179234147072,"min":-1.76317536831,"var":7.62082672119},"erbbands_skewness":{"dmean":0.355042219162,"dmean2":0.532364606857,"dvar":0.115558221936,"dvar2":0.253361970186,"max":5.00534439087,"mean":0.147909268737,"median":0.117556422949,"min":-2.33282399178,"var":0.53396743536},"erbbands_spread":{"dmean":6.89505290985,"dmean2":10.1348056793,"dvar":60.2542915344,"dvar2":116.41985321,"max":137.228729248,"mean":35.0849380493,"median":32.2787475586,"min":1.79286777973,"var":363.977203369},"gfcc":{"cov":[[44837.546875,2253.3815918,-4391.46337891,1048.34521484,-2267.58007812,834.279052734,-1613.58850098,453.004486084,-804.064453125,-34.3202819824,-589.483703613,-38.5778961182,-470.235656738],[2253.3815918,1595.07543945,-533.925598145,-78.3802185059,173.393981934,-262.071472168,31.4680862427,-39.9743347168,93.695022583,-57.9340286255,21.1306114197,-142.144683838,134.209716797],[-4391.46337891,-533.925598145,1296.54272461,126.647438049,143.789108276,145.342712402,98.6543960571,75.6201400757,106.028770447,44.4311294556,42.5654602051,53.2291526794,-38.0293655396],[1048.34521484,-78.3802185059,126.647438049,391.202850342,-30.5409507751,40.4462852478,-56.0571899414,49.7484092712,54.9591064453,28.2287387848,-30.0931797028,0.371149867773,-27.8899211884],[-2267.58007812,173.393981934,143.789108276,-30.5409507751,374.092559814,-56.4685287476,121.824897766,-9.97556591034,91.3825073242,12.001036644,45.8216896057,-17.7717990875,72.742767334],[834.279052734,-262.071472168,145.342712402,40.4462852478,-56.4685287476,359.456359863,-3.49138116837,46.3174514771,-70.3753814697,-4.61035966873,13.3503112793,50.606098175,-80.9600448608],[-1613.58850098,31.4680862427,98.6543960571,-56.0571899414,121.824897766,-3.49138116837,246.336364746,3.14672040939,22.0893726349,-10.0467987061,50.8150863647,-3.13315343857,18.7792072296],[453.004486084,-39.9743347168,75.6201400757,49.7484092712,-9.97556591034,46.3174514771,3.14672040939,146.874801636,26.45703125,28.9083309174,-13.9414701462,6.61241436005,-14.7624111176],[-804.064453125,93.695022583,106.028770447,54.9591064453,91.3825073242,-70.3753814697,22.0893726349,26.45703125,146.001907349,34.8508033752,5.167740345,-19.7003173828,26.3638477325],[-34.3202819824,-57.9340286255,44.4311294556,28.2287387848,12.001036644,-4.61035966873,-10.0467987061,28.9083309174,34.8508033752,86.5992889404,14.2328577042,-1.23779535294,-2.34187102318],[-589.483703613,21.1306114197,42.5654602051,-30.0931797028,45.8216896057,13.3503112793,50.8150863647,-13.9414701462,5.167740345,14.2328577042,98.8035583496,28.0094623566,3.92269945145],[-38.5778961182,-142.144683838,53.2291526794,0.371149867773,-17.7717990875,50.606098175,-3.13315343857,6.61241436005,-19.7003173828,-1.23779535294,28.0094623566,76.7944793701,3.88203835487],[-470.235656738,134.209716797,-38.0293655396,-27.8899211884,72.742767334,-80.9600448608,18.7792072296,-14.7624111176,26.3638477325,-2.34187102318,3.92269945145,3.88203835487,88.481338501]],"icov":[[0.000155538393301,-0.000368507258827,0.000396376184653,-0.000399290089263,0.000485534110339,-0.000390945089748,0.000388763699448,-0.000385075923987,0.000410087610362,-0.000411198154325,0.000465453835204,-0.000549022341147,0.000396811286919],[-0.000368507258827,0.00207872176543,-0.000511392718181,0.000909515714739,-0.00130664499011,0.000958588207141,-0.000648694403935,0.000485330441734,-0.00156059954315,0.00222307443619,-0.00244808522984,0.00366012938321,-0.00240281946026],[0.000396376184653,-0.000511392718181,0.00216964050196,-0.00120976287872,0.000822802365292,-0.0012960024178,0.000786276068538,-0.00122937967535,0.000101953271951,-0.000753680535126,0.000844972848427,-0.00141658331268,0.00117351429071],[-0.000399290089263,0.000909515714739,-0.00120976287872,0.00415939232334,-0.00103981886059,0.000678527809214,-0.000421405449742,0.000614940829109,-0.00249791680835,0.00071136985207,-0.000354416028131,0.00105904741213,-0.000310386560159],[0.000485534110339,-0.00130664499011,0.000822802365292,-0.00103981886059,0.00612535281107,-0.00181212380994,-0.000168142199982,-0.000731275416911,-0.000591796764638,-0.0013503532391,0.000267353403615,-0.000239479471929,-0.00205277022906],[-0.000390945089748,0.000958588207141,-0.0012960024178,0.000678527809214,-0.00181212380994,0.0056030517444,-0.00104606535751,-0.00019075567252,0.00104574544821,0.00126074673608,-0.00122027401812,-0.00107055355329,0.00275476835668],[0.000388763699448,-0.000648694403935,0.000786276068538,-0.000421405449742,-0.000168142199982,-0.00104606535751,0.00665230629966,-0.0019172213506,0.00092951010447,0.000771266466472,-0.00177820236422,0.0004122708051,0.000508691300638],[-0.000385075923987,0.000485330441734,-0.00122937967535,0.000614940829109,-0.000731275416911,-0.00019075567252,-0.0019172213506,0.00963978469372,-0.0025282939896,-0.00200916756876,0.0016409404343,-0.000676295312587,-0.0000182384737855],[0.000410087610362,-0.00156059954315,0.000101953271951,-0.00249791680835,-0.000591796764638,0.00104574544821,0.00092951010447,-0.0025282939896,0.0130014512688,-0.0044814189896,0.00138096231967,-0.000582574750297,0.00059911608696],[-0.000411198154325,0.00222307443619,-0.000753680535126,0.00071136985207,-0.0013503532391,0.00126074673608,0.000771266466472,-0.00200916756876,-0.0044814189896,0.0168668068945,-0.00612854538485,0.00494985934347,-0.00205595116131],[0.000465453835204,-0.00244808522984,0.000844972848427,-0.000354416028131,0.000267353403615,-0.00122027401812,-0.00177820236422,0.0016409404343,0.00138096231967,-0.00612854538485,0.0177898816764,-0.0107081122696,0.00486068753526],[-0.000549022341147,0.00366012938321,-0.00141658331268,0.00105904741213,-0.000239479471929,-0.00107055355329,0.0004122708051,-0.000676295312587,-0.000582574750297,0.00494985934347,-0.0107081122696,0.0255676321685,-0.0100699914619],[0.000396811286919,-0.00240281946026,0.00117351429071,-0.000310386560159,-0.00205277022906,0.00275476835668,0.000508691300638,-0.0000182384737855,0.00059911608696,-0.00205595116131,0.00486068753526,-0.0100699914619,0.021552471444]],"mean":[-53.9702568054,104.032669067,-126.411422729,31.258813858,-55.3753166199,16.3366146088,-43.0612640381,10.0751972198,-17.9351196289,-3.57998204231,-16.8360080719,-7.37533521652,-9.66563796997]},"hfc":{"dmean":5.89719581604,"dmean2":7.79241466522,"dvar":70.8359146118,"dvar2":124.654907227,"max":114.010375977,"mean":18.9341888428,"median":12.5061225891,"min":1.06786224519e-16,"var":339.383270264},"melbands":{"dmean":[0.0002348311682,0.000582310603932,0.000323998305248,0.000259712949628,0.0002063306747,0.000161552990903,0.000138087270898,0.000136111746542,0.000123644815176,0.000154019871843,0.000129647189169,0.00012839777628,0.0000904738117242,0.0000662940801703,0.0000824336020742,0.0000591170828557,0.0000547729578102,0.0000515475148859,0.0000366313470295,0.0000330069742631,0.0000212409195228,0.0000194756103156,0.0000107332571133,0.00000866121172294,0.00000541817962585,0.00000543145097254,0.00000477963794765,0.00000323662970914,0.00000173502644429,0.00000133535718305,7.45807483327e-7,6.72735495755e-7,8.84067560492e-7,9.95888285615e-7,9.29137513594e-7,8.88731392479e-7,8.15625810446e-7,5.53954635052e-7,3.3020720025e-7,1.79921045174e-7],"dmean2":[0.000373763934476,0.000949407578446,0.000523230060935,0.000428090977948,0.000322107924148,0.000241202025791,0.000220248592086,0.000209874866414,0.000193574320292,0.00023399622296,0.00019479347975,0.000183977026609,0.00013279322593,0.0000992175118881,0.000126015438582,0.0000903020991245,0.0000870439907885,0.000083041995822,0.0000573163379158,0.000052236715419,0.0000331461233145,0.0000301031759591,0.0000167543075804,0.0000137874994834,0.0000085866831796,0.00000841666042106,0.00000756511872169,0.00000501544718645,0.00000273512932836,0.00000212332565752,0.00000116533499295,0.00000103510956251,0.00000136963490149,0.0000015019137436,0.00000141106670526,0.00000130179614644,0.00000121703624245,8.08427387256e-7,4.81419590415e-7,2.59861707264e-7],"dvar":[1.80478593848e-7,0.00000101205114333,2.38203796243e-7,1.8188788431e-7,1.51627858713e-7,1.52406030907e-7,9.7930517029e-8,1.086008794e-7,1.59226175356e-7,2.01953639589e-7,1.76790777573e-7,1.93331047171e-7,1.23694604781e-7,7.77629196591e-8,9.5332090666e-8,4.64736267247e-8,3.80901781227e-8,2.5824888894e-8,1.15148832691e-8,9.90709647652e-9,1.83341708482e-9,1.61388757913e-9,6.81325718066e-10,4.69796868074e-10,1.5593489e-10,1.74887951343e-10,2.27770580175e-10,1.47674067419e-10,2.38845661998e-11,6.65068824665e-12,2.00327146364e-12,1.76586609918e-12,4.75332924063e-12,5.3498624801e-12,4.51447212946e-12,3.87561900975e-12,4.73134725842e-12,1.80893245261e-12,5.33768829917e-13,1.50397719994e-13],"dvar2":[4.60283047232e-7,0.00000265645576292,6.32184935512e-7,4.83205724322e-7,3.52885791699e-7,3.04996120803e-7,2.23862485882e-7,2.53820900298e-7,3.69917756871e-7,4.45194984877e-7,3.52958551275e-7,3.59559436447e-7,2.45394289777e-7,1.76356508064e-7,1.95019993043e-7,9.99795304324e-8,9.27602243905e-8,6.49302194233e-8,2.58430148392e-8,2.41525039968e-8,4.12284828499e-9,3.37623551339e-9,1.52733437009e-9,1.07434172669e-9,3.79255488125e-10,4.00522864874e-10,5.50704204461e-10,3.34784311384e-10,6.23556067891e-11,1.66187827388e-11,4.53611974371e-12,3.89069679252e-12,1.06005438802e-11,1.20749113833e-11,1.03718734989e-11,8.3241651419e-12,1.07637414606e-11,3.63613392868e-12,1.1316819877e-12,3.16315089356e-13],"max":[0.006455371622,0.0141724059358,0.00650296499953,0.00665432680398,0.00765486853197,0.00811290834099,0.00841108523309,0.00761768128723,0.0108531508595,0.0129070058465,0.0111546125263,0.0100649129599,0.00807910505682,0.00807315390557,0.00858815107495,0.00537255313247,0.00502797774971,0.00349457655102,0.00261664623395,0.00223989901133,0.000730700150598,0.000843224814162,0.000696912582498,0.000731978972908,0.000360748119419,0.000364914914826,0.000524591654539,0.00051268900279,0.000176088855369,0.0000464873883175,0.0000266182869382,0.0000329761314788,0.0000506829601363,0.0000550046606804,0.0000508565790369,0.0000672728783684,0.0000680375087541,0.000039328388084,0.00001263316517,0.00000745672468838],"mean":[0.00059173401678,0.00134140439332,0.000624929729383,0.000441809504991,0.000416800699895,0.000293392251479,0.000230549514527,0.000227857832215,0.000178964459337,0.000235436076764,0.000208277167985,0.000198110341444,0.00013720075367,0.0000891749368748,0.000116381663247,0.000080558755144,0.0000746134173824,0.0000700668388163,0.0000507823533553,0.0000484057636641,0.0000344866930391,0.000031645733543,0.0000170038983924,0.0000133270232254,0.00000885524150362,0.00000903824184206,0.00000798724340711,0.00000478447554997,0.00000267092309514,0.00000231854824051,0.00000143411057252,0.00000128856459014,0.00000166745030583,0.00000202141382033,0.00000205642436413,0.00000204293951356,0.00000161764614859,0.00000104274579371,5.62338243526e-7,3.09919073516e-7],"median":[0.000230461359024,0.000919735641219,0.000426685845014,0.00026384650846,0.000215017047594,0.000108593827463,0.000103458776721,0.0000907473440748,0.0000703414843883,0.0000974289578153,0.0000675672490615,0.0000331606061081,0.0000176581597771,0.000014593520973,0.0000224761788559,0.0000172420841409,0.0000221224872803,0.0000230389778153,0.0000155584639288,0.0000156083151523,0.0000133199673655,0.0000132117293106,0.00000653804181638,0.00000560548414796,0.00000405819901061,0.00000322548294207,0.00000231405397244,0.00000144276373248,0.00000112534098662,0.00000102181707007,6.5861991061e-7,5.08968355462e-7,5.03609385305e-7,4.75856950288e-7,4.0087115849e-7,4.22373489073e-7,3.82979891356e-7,2.74441390502e-7,1.63012117582e-7,1.07323508303e-7],"min":[8.89793488677e-25,6.1044803068e-25,3.44141334112e-25,8.48266963157e-25,1.86186477534e-24,1.5343648318e-24,1.83838807758e-24,2.47764092048e-24,1.07489979869e-24,1.14101797825e-24,2.17658083348e-24,1.80760790835e-24,2.80332687837e-24,2.7411603003e-24,2.77413941931e-24,2.53783455743e-24,2.37421277555e-24,2.62243693128e-24,2.05823907592e-24,2.17862161664e-24,3.87508789813e-24,4.17049066915e-24,4.3841804666e-24,4.46087036837e-24,3.79067307595e-24,4.92391278707e-24,5.3815972625e-24,3.85150687352e-24,3.30102237892e-24,5.10432724825e-24,4.46008032417e-24,4.89127051167e-24,4.77345019117e-24,5.16895625563e-24,5.61847917614e-24,4.13884156964e-24,4.82064537255e-24,5.60539394587e-24,6.3987726575e-24,5.46635760576e-24],"var":[7.04763920112e-7,0.00000217189881369,4.29369237054e-7,3.15965621667e-7,4.35212598404e-7,4.31277783264e-7,1.96879625491e-7,2.42865581868e-7,2.23573763947e-7,3.06134950279e-7,3.65406776837e-7,4.46361099193e-7,3.06982855136e-7,1.22123580582e-7,1.87139079344e-7,7.19294703799e-8,4.68238532392e-8,3.10494918665e-8,1.67993370326e-8,1.2920668091e-8,3.40669270571e-9,3.5159051226e-9,1.1048879589e-9,6.9578193207e-10,2.33921076953e-10,4.03289041051e-10,6.27835228251e-10,2.26093282985e-10,2.66716336517e-11,1.33376547654e-11,4.36170067078e-12,4.28556235638e-12,1.22576167966e-11,1.84622525601e-11,2.11834629699e-11,2.19205036067e-11,1.3858524571e-11,4.77891250877e-12,1.11499741731e-12,2.85242478509e-13]},"melbands_crest":{"dmean":2.84683346748,"dmean2":4.57148075104,"dvar":7.20609474182,"dvar2":18.5814323425,"max":32.3124275208,"mean":12.4285354614,"median":12.1085472107,"min":1.63646817207,"var":21.5793876648},"melbands_flatness_db":{"dmean":0.0227470304817,"dmean2":0.0326914191246,"dvar":0.000574053672608,"dvar2":0.00110235344619,"max":0.470147311687,"mean":0.188454344869,"median":0.181899324059,"min":0.00265423604287,"var":0.00487460941076},"melbands_kurtosis":{"dmean":4.41246366501,"dmean2":6.75829267502,"dvar":91.6725769043,"dvar2":202.961898804,"max":294.173858643,"mean":9.17868518829,"median":4.36120843887,"min":-1.65625309944,"var":274.488220215},"melbands_skewness":{"dmean":0.583558440208,"dmean2":0.868042051792,"dvar":0.420476078987,"dvar2":0.885447502136,"max":13.8956794739,"mean":2.08556318283,"median":1.8967730999,"min":-2.35981845856,"var":2.57394814491},"melbands_spread":{"dmean":6.6527299881,"dmean2":10.0889797211,"dvar":63.3085746765,"dvar2":141.678771973,"max":176.947052002,"mean":28.0178470612,"median":23.4118499756,"min":0.934605181217,"var":509.920715332},"mfcc":{"cov":[[14688.0009766,1304.03320312,-481.242401123,-34.1633491516,-75.4119949341,17.0534477234,-132.866653442,163.719299316,-218.953323364,135.20803833,-135.121505737,3.04951548576,-83.0006103516],[1304.03320312,1914.91345215,-423.826538086,171.402404785,77.6144561768,-93.5572967529,-14.9928121567,-63.1072463989,129.196044922,-14.8802623749,5.99857664108,14.5171203613,-19.0291156769],[-481.242401123,-423.826538086,888.89453125,21.9793739319,124.473335266,84.0183792114,8.72373390198,110.982887268,-28.6731185913,74.0311126709,48.0009269714,10.1339168549,6.47766208649],[-34.1633491516,171.402404785,21.9793739319,375.774749756,69.3536453247,-33.332862854,-68.5756530762,-30.4271030426,87.4034957886,49.9348220825,8.63663578033,13.059419632,17.1685371399],[-75.4119949341,77.6144561768,124.473335266,69.3536453247,244.092727661,48.2035064697,-21.1419143677,22.4445877075,38.1305847168,36.1901779175,22.895986557,2.88253569603,5.42163801193],[17.0534477234,-93.5572967529,84.0183792114,-33.332862854,48.2035064697,171.802993774,62.6139755249,49.0538825989,-26.3942985535,7.02044487,17.5866203308,5.98889732361,-11.894733429],[-132.866653442,-14.9928121567,8.72373390198,-68.5756530762,-21.1419143677,62.6139755249,176.145889282,66.7500534058,-12.2657117844,-13.6909980774,17.5077400208,21.6571846008,12.2309169769],[163.719299316,-63.1072463989,110.982887268,-30.4271030426,22.4445877075,49.0538825989,66.7500534058,137.349624634,2.67331504822,4.99673843384,18.9625854492,9.50677871704,5.390604496],[-218.953323364,129.196044922,-28.6731185913,87.4034957886,38.1305847168,-26.3942985535,-12.2657117844,2.67331504822,140.930923462,31.2276973724,12.3457326889,17.7639656067,1.06421434879],[135.20803833,-14.8802623749,74.0311126709,49.9348220825,36.1901779175,7.02044487,-13.6909980774,4.99673843384,31.2276973724,92.6743621826,30.1722316742,5.79469156265,4.61536359787],[-135.121505737,5.99857664108,48.0009269714,8.63663578033,22.895986557,17.5866203308,17.5077400208,18.9625854492,12.3457326889,30.1722316742,79.6715011597,34.0144195557,0.862276315689],[3.04951548576,14.5171203613,10.1339168549,13.059419632,2.88253569603,5.98889732361,21.6571846008,9.50677871704,17.7639656067,5.79469156265,34.0144195557,81.9457855225,25.0475959778],[-83.0006103516,-19.0291156769,6.47766208649,17.1685371399,5.42163801193,-11.894733429,12.2309169769,5.390604496,1.06421434879,4.61536359787,0.862276315689,25.0475959778,76.3505325317]],"icov":[[0.0000968980966718,-0.0000861543521751,0.0000740477626096,0.0000102146777863,0.0000406041726819,-0.0000221406771743,0.000177711001015,-0.000329028058331,0.000335395016009,-0.000415738904849,0.000369979185052,-0.000254594080616,0.000163515884196],[-0.0000861543521751,0.000747799582314,0.000257043866441,-0.000241044792347,-0.000415290385718,0.000343650870491,-0.000399120646762,0.000363478233339,-0.000587299990002,0.0005635569687,-0.000481095310533,0.00016477421741,0.000171911160578],[0.0000740477626096,0.000257043866441,0.0016908806283,-0.000179016467882,-0.000652565911878,-0.0000770633414504,0.000385897787055,-0.00139356427826,0.000865766895004,-0.00122255773749,0.0000299172261293,-0.000341608887538,0.000285830290522],[0.0000102146777863,-0.000241044792347,-0.000179016467882,0.00364955910482,-0.000403040525271,-0.0000342794373864,0.00106844003312,0.000469751103083,-0.00162329850718,-0.00107889424544,0.000311497889925,-0.000275335536571,-0.000860831642058],[0.0000406041726819,-0.000415290385718,-0.000652565911878,-0.000403040525271,0.00561560923234,-0.00210298108868,0.00142044527456,-0.000528250820935,-0.0011166393524,-0.000568120216485,-0.000720791518688,0.000751798739657,-0.00101859774441],[-0.0000221406771743,0.000343650870491,-0.0000770633414504,-0.0000342794373864,-0.00210298108868,0.0084851719439,-0.00282898289151,-0.00110545346979,0.00181766052265,-0.000645377615001,-0.000156515146955,-0.000709890853614,0.00232664076611],[0.000177711001015,-0.000399120646762,0.000385897787055,0.00106844003312,0.00142044527456,-0.00282898289151,0.0091999322176,-0.00396788166836,0.000188607620657,0.00024622658384,-0.000376766809495,-0.00142363156192,-0.00146072648931],[-0.000329028058331,0.000363478233339,-0.00139356427826,0.000469751103083,-0.000528250820935,-0.00110545346979,-0.00396788166836,0.0117164961994,-0.00248319935054,0.0020345991943,-0.00235662702471,0.00155950093176,-0.00115416955668],[0.000335395016009,-0.000587299990002,0.000865766895004,-0.00162329850718,-0.0011166393524,0.00181766052265,0.000188607620657,-0.00248319935054,0.0112049663439,-0.00426108762622,0.00196180865169,-0.00321131804958,0.00215012999251],[-0.000415738904849,0.0005635569687,-0.00122255773749,-0.00107889424544,-0.000568120216485,-0.000645377615001,0.00024622658384,0.0020345991943,-0.00426108762622,0.0169639065862,-0.00734252203256,0.00345700304024,-0.00222571077757],[0.000369979185052,-0.000481095310533,0.0000299172261293,0.000311497889925,-0.000720791518688,-0.000156515146955,-0.000376766809495,-0.00235662702471,0.00196180865169,-0.00734252203256,0.0203391872346,-0.00902425963432,0.00361056509428],[-0.000254594080616,0.00016477421741,-0.000341608887538,-0.000275335536571,0.000751798739657,-0.000709890853614,-0.00142363156192,0.00155950093176,-0.00321131804958,0.00345700304024,-0.00902425963432,0.0186337456107,-0.00636612763628],[0.000163515884196,0.000171911160578,0.000285830290522,-0.000860831642058,-0.00101859774441,0.00232664076611,-0.00146072648931,-0.00115416955668,0.00215012999251,-0.00222571077757,0.00361056509428,-0.00636612763628,0.016389971599]],"mean":[-669.084594727,125.138534546,-7.37669420242,15.7302818298,9.68708896637,2.19773340225,-6.00030183792,4.82644081116,-0.0890329033136,6.76585912704,-3.69700694084,-1.25620138645,-6.25594520569]},"pitch_salience":{"dmean":0.0669484883547,"dmean2":0.105912812054,"dvar":0.00369588891044,"dvar2":0.00931101012975,"max":0.897031664848,"mean":0.570248544216,"median":0.568829059601,"min":0.19239975512,"var":0.0115540670231},"silence_rate_20dB":{"dmean":0,"dmean2":0,"dvar":0,"dvar2":0,"max":1,"mean":1,"median":1,"min":1,"var":0},"silence_rate_30dB":{"dmean":0.000360036006896,"dmean2":0.000720201642253,"dvar":0.000359901168849,"dvar2":0.00107976293657,"max":1,"mean":0.999819993973,"median":1,"min":0,"var":0.000179966838914},"silence_rate_60dB":{"dmean":0.0126012600958,"dmean2":0.0252070575953,"dvar":0.0124435201287,"dvar2":0.0260120369494,"max":1,"mean":0.0917926579714,"median":0,"min":0,"var":0.0833639800549},"spectral_centroid":{"dmean":224.723129272,"dmean2":335.798522949,"dvar":76824.1328125,"dvar2":148318.4375,"max":11674.0351562,"mean":1542.71398926,"median":1250.64916992,"min":204.329040527,"var":2723030.5},"spectral_complexity":{"dmean":3.5805580616,"dmean2":5.33417367935,"dvar":15.7098083496,"dvar2":29.8432750702,"max":53,"mean":18.2773571014,"median":18,"min":0,"var":90.8910827637},"spectral_contrast_coeffs":{"dmean":[0.0439193509519,0.0456688925624,0.0409106239676,0.0339285135269,0.0231094080955,0.0184210184962],"dmean2":[0.073601603508,0.0741344019771,0.0655550584197,0.0539315566421,0.0370545126498,0.0285679940134],"dvar":[0.00146156095434,0.00151192210615,0.00117613491602,0.000864454777911,0.000418481766246,0.000335930584697],"dvar2":[0.00401989882812,0.00382718420587,0.00299083814025,0.00205008080229,0.000960421573836,0.000718667521141],"max":[-0.390586584806,-0.474575549364,-0.489350676537,-0.524578928947,-0.61365455389,-0.560921549797],"mean":[-0.645715415478,-0.74380928278,-0.754045903683,-0.772018551826,-0.790576756001,-0.784403085709],"median":[-0.646296620369,-0.746102035046,-0.754258155823,-0.774407625198,-0.790771842003,-0.780873060226],"min":[-0.983385205269,-0.97779583931,-0.97873789072,-0.971482932568,-0.967513382435,-0.965412437916],"var":[0.00777652766556,0.00656463205814,0.0053166016005,0.00434151059017,0.00260791066103,0.00289578922093]},"spectral_contrast_valleys":{"dmean":[0.398655235767,0.388518095016,0.367281913757,0.322184503078,0.297998249531,0.316661566496],"dmean2":[0.6461378932,0.615072309971,0.569512188435,0.482875823975,0.422159194946,0.379989504814],"dvar":[0.143446698785,0.160544767976,0.151797428727,0.129745587707,0.140828743577,0.164544805884],"dvar2":[0.303466409445,0.330437630415,0.276475429535,0.220878466964,0.230921670794,0.23745007813],"max":[-5.65846061707,-4.89411687851,-4.88395261765,-5.46436071396,-5.73617887497,-8.13388156891],"mean":[-8.01346206665,-7.3872551918,-7.95069646835,-8.14448261261,-8.26994132996,-10.8405618668],"median":[-7.28071117401,-6.6798248291,-7.28773641586,-7.44239664078,-7.55901432037,-10.1494483948],"min":[-28.2237319946,-28.2385234833,-27.8415050507,-27.9886035919,-27.5183353424,-27.3818950653],"var":[11.3975296021,12.0316352844,11.5007896423,11.2876348495,11.193646431,9.1611995697]},"spectral_decrease":{"dmean":1.54358814619e-9,"dmean2":2.2298403124e-9,"dvar":3.91461653248e-18,"dvar2":7.90454785972e-18,"max":1.76341191085e-28,"mean":-5.33265342995e-9,"median":-4.46035652857e-9,"min":-2.55923122694e-8,"var":1.61895491704e-17},"spectral_energy":{"dmean":0.00625853193924,"dmean2":0.00896892976016,"dvar":0.0000651005466352,"dvar2":0.000128801242681,"max":0.105145812035,"mean":0.021844079718,"median":0.0180729441345,"min":9.87783867711e-21,"var":0.000276069476968},"spectral_energyband_high":{"dmean":0.000202279101359,"dmean2":0.000268647738267,"dvar":1.4981485208e-7,"dvar2":2.9543636515e-7,"max":0.00940717104822,"mean":0.000505272764713,"median":0.000196624867385,"min":6.86625582036e-21,"var":5.97567066052e-7},"spectral_energyband_low":{"dmean":0.00232043443248,"dmean2":0.00371854030527,"dvar":0.0000143687630043,"dvar2":0.0000371596870536,"max":0.0479092672467,"mean":0.00590787827969,"median":0.00426929909736,"min":1.14749229775e-23,"var":0.0000371163368982},"spectral_energyband_middle_high":{"dmean":0.00295316288248,"dmean2":0.00408140243962,"dvar":0.0000315983197652,"dvar2":0.0000556123886781,"max":0.0849586203694,"mean":0.00737449154258,"median":0.00312705943361,"min":1.19206076479e-21,"var":0.000123739751871},"spectral_energyband_middle_low":{"dmean":0.00340035837144,"dmean2":0.0051854448393,"dvar":0.0000243207468884,"dvar2":0.0000554789403395,"max":0.0830417275429,"mean":0.00887376349419,"median":0.00685588829219,"min":1.53763063706e-22,"var":0.0000643815801595},"spectral_entropy":{"dmean":0.144949436188,"dmean2":0.201949074864,"dvar":0.0237163715065,"dvar2":0.0430193580687,"max":9.82167720795,"mean":7.61222362518,"median":7.58974170685,"min":5.31763315201,"var":0.292431563139},"spectral_flux":{"dmean":0.0217568259686,"dmean2":0.0322698019445,"dvar":0.000609361624811,"dvar2":0.00123436935246,"max":0.285707712173,"mean":0.0748584493995,"median":0.0652429759502,"min":6.39882105635e-11,"var":0.00234975875355},"spectral_kurtosis":{"dmean":1.9884275198,"dmean2":3.31344461441,"dvar":9.1248960495,"dvar2":25.6096191406,"max":55.2437133789,"mean":5.23116064072,"median":4.44836616516,"min":-1.26811075211,"var":20.9763946533},"spectral_rms":{"dmean":0.000630720402114,"dmean2":0.000885785615537,"dvar":5.09955668804e-7,"dvar2":9.55163159233e-7,"max":0.0101282419637,"mean":0.00420944252983,"median":0.00419906433672,"min":3.10433818408e-12,"var":0.00000359183286491},"spectral_rolloff":{"dmean":412.05770874,"dmean2":667.865661621,"dvar":524223.9375,"dvar2":1076177.625,"max":19401.4160156,"mean":1968.74121094,"median":1421.19140625,"min":86.1328125,"var":8979633},"spectral_skewness":{"dmean":0.238928183913,"dmean2":0.377658367157,"dvar":0.0774866938591,"dvar2":0.193452984095,"max":5.74225234985,"mean":1.61860632896,"median":1.60326623917,"min":-0.0842448994517,"var":0.368255734444},"spectral_spread":{"dmean":512591.25,"dmean2":709034.125,"dvar":683497750528,"dvar2":1387476811780,"max":42795116,"mean":5135866,"median":3916067.5,"min":1263024.5,"var":36355119775700},"spectral_strongpeak":{"dmean":0.570673704147,"dmean2":0.915232658386,"dvar":1.10973262787,"dvar2":2.47610259056,"max":13.3839645386,"mean":1.06417059898,"median":0.408810675144,"min":0,"var":2.53230309486},"zerocrossingrate":{"dmean":0.00919990427792,"dmean2":0.010582533665,"dvar":0.000122195066069,"dvar2":0.000158056354849,"max":0.52587890625,"mean":0.0711957290769,"median":0.0556640625,"min":0.00634765625,"var":0.00599542073905}},"metadata":{"audio_properties":{"analysis_sample_rate":44100,"bit_rate":128000,"codec":"mp3","downmix":"mix","equal_loudness":0,"length":128.966537476,"lossless":false,"md5_encoded":"87ee8676469a50dc6e9e9c1911c310ee","replay_gain":-10.0094680786,"sample_rate":44100},"tags":{"album":["U.K Box CD1"],"albumartist":["The Small Faces"],"artist":["The Small Faces"],"date":["1995"],"file_name":"copy5081270623895422109.mp3","genre":["R&B"],"length":["128809"],"musicbrainz_recordingid":["86d59c51-062f-43ce-b6fb-b5104b444950"],"title":["Talk To You"],"tracknumber":["13"]},"version":{"essentia":"2.1-beta2","essentia_build_sha":"cead25079874084f62182a551b7393616cd33d87","essentia_git_sha":"v2.1_beta2-1-ge3940c0","extractor":"music 1.0"}},"rhythm":{"beats_count":240,"beats_loudness":{"dmean":0.016895186156,"dmean2":0.0294679701328,"dvar":0.000228310309467,"dvar2":0.000644450599793,"max":0.0943796038628,"mean":0.031390439719,"median":0.02821931988,"min":0,"var":0.000331005750922},"beats_loudness_band_ratio":{"dmean":[0.268467962742,0.127783074975,0.158095926046,0.166106984019,0.121734052896,0.0408130586147],"dmean2":[0.501560807228,0.224389478564,0.283022850752,0.287930518389,0.225385054946,0.0743036568165],"dvar":[0.0434676706791,0.0145247494802,0.0191122572869,0.0334863252938,0.0119782667607,0.00157773250248],"dvar2":[0.148315891623,0.0380480587482,0.0552807040513,0.0878602713346,0.0401848144829,0.00431274762377],"max":[0.895738005638,0.75143456459,0.774074733257,0.855992555618,0.55561631918,0.241593405604],"mean":[0.305502742529,0.158999308944,0.204610347748,0.16594928503,0.132764264941,0.0510556958616],"median":[0.242553815246,0.119284704328,0.17027258873,0.0981930792332,0.103651285172,0.0392677858472],"min":[0,0,0,0,0,0],"var":[0.048293877393,0.0174123235047,0.0219817962497,0.0356131419539,0.0114962905645,0.001710533630