{"lowlevel":{"average_loudness":0.891682624817,"barkbands":{"dmean":[0.000294406083412,0.00386484642513,0.00316000333987,0.00147278909571,0.00140973599628,0.000540352193639,0.00047290296061,0.000540142471436,0.000462510797661,0.000489171943627,0.000304080895148,0.000410534325056,0.000377696240321,0.000479379203171,0.00043141192873,0.00036296545295,0.000555512844585,0.000276113307336,0.000182313349796,0.00010701053543,0.0000867952549015,0.0000624343447271,0.0000354630101356,0.0000400620738219,0.0000235911320488,0.0000101194382296,0.00000537446067028],"dmean2":[0.000497421075124,0.00676766643301,0.00570193352178,0.00255130860023,0.00238480884582,0.000918273988646,0.000792853941675,0.000890104391146,0.000751347106416,0.00079903495498,0.000485312019009,0.000650323810987,0.000629010377452,0.000790427788161,0.000709769665264,0.000595912279096,0.000906552129891,0.000460624491097,0.000299408537103,0.000177033405635,0.000139277530252,0.0000935182033572,0.0000528656964889,0.0000565659065614,0.0000334968754032,0.0000139511303132,0.00000726562802811],"dvar":[3.82439736768e-7,0.0000777767345426,0.0000338672689395,0.00000746598743717,0.00000558472038392,0.00000110504504391,0.00000103151148778,0.00000134850768063,8.72487760262e-7,0.00000116534818062,2.41429916059e-7,3.64383424767e-7,4.28639509664e-7,9.41075313676e-7,5.85545649301e-7,3.47240188603e-7,9.68422909864e-7,2.07755633141e-7,8.91745841614e-8,2.73558011799e-8,2.01135392786e-8,1.87038100563e-8,6.19634610288e-9,1.34838504806e-8,5.27607024736e-9,9.78329750545e-10,2.87697698997e-10],"dvar2":[0.00000101633736449,0.000212756465771,0.000102079691715,0.000020711326215,0.0000146123938976,0.00000308748235511,0.00000283338295048,0.00000348603157363,0.00000218201967073,0.00000296797725241,5.8323405483e-7,8.87526653059e-7,0.0000011088266092,0.0000024537102945,0.00000148659864863,8.4478529061e-7,0.0000025533720418,5.77153400627e-7,2.30811878055e-7,7.23947550796e-8,4.89827840511e-8,3.86125442731e-8,1.28647368314e-8,2.3501359081e-8,1.06437259006e-8,2.15517603763e-9,5.93242510671e-10],"max":[0.0151042910293,0.0648487582803,0.0537397488952,0.0316537320614,0.0290381219238,0.0154766272753,0.024629496038,0.0218013003469,0.0204383265227,0.0260040201247,0.0138759529218,0.0146307293326,0.0163275972009,0.0309817586094,0.0192194543779,0.0127096762881,0.0252720043063,0.00756380381063,0.00732310069725,0.00330476509407,0.00288125453517,0.00360173429362,0.00174201640766,0.00354347215034,0.00259905285202,0.000794773048256,0.000451374100521],"mean":[0.000304328917991,0.00412427587435,0.0048798955977,0.00172588694841,0.00237628887407,0.000832864723634,0.00073019915726,0.000912330055144,0.000817276886664,0.000922113249544,0.000598393380642,0.000809918332379,0.000697969517205,0.000882925640326,0.000795438420027,0.000754345383029,0.00123017386068,0.000606014684308,0.000478459405713,0.000292809680104,0.00024322673562,0.000145476151374,0.0000888000649866,0.0000939981546253,0.0000476207496831,0.0000189069378393,0.000009277719073],"median":[0.0000841548317112,0.00122711993754,0.00377721758559,0.000424702069722,0.00149991549551,0.000435565743828,0.000324273773003,0.00047931302106,0.000466192839667,0.000500632100739,0.00037571170833,0.000554139725864,0.000451333762612,0.0005323800724,0.000515490130056,0.000506193900947,0.000830958189908,0.000392221030779,0.000343949475791,0.000218136381591,0.000141414697282,0.0000601011852268,0.0000276097125607,0.0000236724808929,0.00000965905201156,0.00000331903129336,0.00000106100537778],"min":[2.86601277343e-25,4.11435572157e-24,1.80085092027e-24,1.71742927397e-24,6.75767912582e-24,1.37724953523e-23,1.06559078642e-23,1.80968320418e-23,1.16673064308e-23,2.74797077316e-23,2.33611674973e-23,3.07514704706e-23,2.57448400956e-23,4.02868676833e-23,5.57528770051e-23,7.09926788847e-23,8.66302496762e-23,1.04118355623e-22,1.15492063802e-22,1.40109635863e-22,2.76451066198e-22,3.5023099261e-22,4.32117102222e-22,6.54950087864e-22,8.75875923381e-22,1.39871303945e-21,1.88848080344e-21],"var":[3.78785699695e-7,0.0000684278347762,0.0000347739769495,0.0000084161220002,0.00000930530950427,0.00000139590372328,0.00000149084098666,0.00000202303340302,0.00000160839022101,0.0000026035315841,5.92849062286e-7,8.78409252891e-7,9.58178588917e-7,0.00000183114366337,0.00000115092507258,8.75375917531e-7,0.00000246716081165,5.21550418853e-7,3.38883154427e-7,9.65537196862e-8,9.31149770622e-8,6.2112185617e-8,2.83982348748e-8,5.25381977923e-8,1.54873980307e-8,1.95451965723e-9,5.90608284501e-10]},"barkbands_crest":{"dmean":2.28153634071,"dmean2":3.81630325317,"dvar":5.57292127609,"dvar2":15.7831058502,"max":21.6553936005,"mean":7.52128791809,"median":6.93057918549,"min":2.20278358459,"var":8.15294837952},"barkbands_flatness_db":{"dmean":0.0165024287999,"dmean2":0.0270818378776,"dvar":0.000316092889989,"dvar2":0.000824648130219,"max":0.338105410337,"mean":0.119206406176,"median":0.1025326401,"min":0.00850057415664,"var":0.00317814946175},"barkbands_kurtosis":{"dmean":0.964174985886,"dmean2":1.64896678925,"dvar":2.79620552063,"dvar2":7.61652326584,"max":16.5126991272,"mean":-0.129823580384,"median":-0.639219403267,"min":-1.82499349117,"var":2.78561878204},"barkbands_skewness":{"dmean":0.406501621008,"dmean2":0.663155734539,"dvar":0.195297375321,"dvar2":0.510352551937,"max":4.01031780243,"mean":0.599417448044,"median":0.576262176037,"min":-2.19479107857,"var":0.552697479725},"barkbands_spread":{"dmean":4.43890571594,"dmean2":7.05437755585,"dvar":23.8091926575,"dvar2":57.5576667786,"max":79.8637466431,"mean":26.8363285065,"median":27.6494865417,"min":4.5087184906,"var":129.323257446},"dissonance":{"dmean":0.0104275932536,"dmean2":0.0178950428963,"dvar":0.000136025002575,"dvar2":0.000386588770198,"max":0.499893575907,"mean":0.481402218342,"median":0.483508169651,"min":0,"var":0.000176368630491},"dynamic_complexity":4.41090726852,"erbbands":{"dmean":[0.0925007238984,0.965799093246,3.25552630424,4.16846418381,5.51939725876,4.18695211411,5.60232925415,4.40180921555,5.62178611755,8.90923976898,11.0133371353,11.3885097504,16.0922222137,10.1906490326,12.046916008,17.1308574677,16.2066497803,22.2428340912,20.6994743347,17.0689907074,20.1317863464,28.9341526031,18.1487407684,7.66933679581,9.29542350769,4.68788003922,3.9382584095,3.09795546532,2.3081612587,1.5354090929,0.973152339458,0.948815822601,0.612584769726,0.34096750617,0.127929210663,0.0553310215473,0.0165306515992,0.00466857710853,0.000857897219248,0.000061800419644],"dmean2":[0.165177196264,1.6812107563,5.8263130188,7.46785879135,9.44111728668,7.09918069839,9.38023376465,7.51150608063,9.48421382904,14.7213201523,17.9499816895,18.398519516,26.0091362,16.5851345062,19.1950016022,27.1662254333,26.8319568634,37.3189620972,33.5883636475,27.7096195221,33.0713310242,47.3985137939,29.9800186157,12.6181144714,15.2505273819,7.79724979401,6.38505125046,4.91024398804,3.51903367043,2.29156255722,1.43475556374,1.38910806179,0.873083591461,0.489462256432,0.182145014405,0.0782465338707,0.0227555781603,0.00650171516463,0.00117363536265,0.0000826563118608],"dvar":[0.0476659536362,4.64103937149,36.2601852417,61.6050987244,140.332794189,38.3022041321,76.6678466797,90.5092163086,166.290634155,315.22253418,609.361328125,523.762695312,1422.07336426,327.507080078,379.615936279,692.28112793,794.083984375,2252.94628906,1721.50158691,904.806762695,1011.94549561,3041.67602539,912.907226562,129.520263672,242.154296875,54.0169868469,35.3827056885,32.4352455139,27.2060966492,10.7043209076,5.42335128784,6.27865028381,3.8978266716,1.40068936348,0.126468271017,0.0267931390554,0.00277276919223,0.000228342149057,0.00000707044318915,3.11270724751e-8],"dvar2":[0.136788085103,12.6485919952,107.446632385,182.81817627,362.15133667,105.231330872,205.083862305,252.337402344,455.458648682,851.149658203,1591.38769531,1297.60119629,3538.76196289,850.723205566,915.949584961,1659.92810059,2090.85888672,6191.81689453,3971.02929688,2163.83569336,2547.48828125,7958.63232422,2524.92138672,336.60647583,632.919006348,142.86026001,91.5517425537,74.6623153687,57.3574028015,23.5203800201,10.9354667664,12.3225030899,6.73820638657,2.66410040855,0.28722679615,0.0601831004024,0.00603700336069,0.000492702412885,0.0000147838600242,6.16958359956e-8],"max":[1.55361819267,17.0940761566,52.8272590637,86.1914978027,134.739456177,94.9212646484,123.549263,172.819168091,353.23550415,468.083404541,541.808410645,595.740112305,997.819396973,476.980499268,627.101501465,724.85168457,674.40637207,1811.73046875,1514.73083496,639.680480957,745.600891113,1375.5123291,535.27746582,222.05166626,280.555084229,171.709747314,94.1521377563,161.953445435,134.379669189,91.9071655273,65.9550628662,73.8180618286,54.6211166382,47.3184623718,11.1931447983,3.82987904549,1.39841961861,0.4080337286,0.0658119097352,0.00402856059372],"mean":[0.0849982947111,1.10205674171,4.99725532532,6.0019030571,6.91269540787,7.12216854095,9.14722824097,6.51514053345,8.50081729889,14.8352422714,19.8920383453,21.2898788452,31.6512641907,21.345199585,25.5519390106,34.51537323,33.0972290039,43.8029975891,43.9366493225,38.0014266968,49.3523750305,67.0330963135,41.7336273193,21.3176727295,24.0167350769,13.6470460892,11.229719162,8.32388210297,5.43747615814,3.54219126701,2.44718647003,2.23376178741,1.35086786747,0.689776062965,0.250859826803,0.102768301964,0.0307121500373,0.00823215954006,0.00148506113328,0.000131186301587],"median":[0.0159444734454,0.416524082422,3.88150978088,3.45311498642,2.50178432465,4.53609848022,5.31146335602,3.2475938797,3.99206900597,8.1592540741,10.25715065,12.6039409637,16.8675117493,14.3277931213,18.0083656311,23.8396072388,23.7318782806,29.0605792999,31.3593444824,27.3360805511,36.7727279663,44.0632553101,27.5961685181,17.167547226,16.9261207581,10.7140007019,7.516664505,4.35311794281,2.30324006081,1.20329642296,0.742680311203,0.571553468704,0.326688826084,0.138008832932,0.0550111047924,0.0189918223768,0.00518615357578,0.00118032237515,0.0001929893333,0.0000517656953889],"min":[1.70780888646e-22,9.6539560647e-22,2.68815867037e-21,6.75487603166e-21,9.59006464227e-21,2.78156218454e-20,5.3810182954e-20,1.03380399647e-19,8.3019316557e-20,2.84818085538e-19,3.97239091066e-19,3.99710215598e-19,4.97240806877e-19,9.90536375823e-19,1.25393715264e-18,1.5304642518e-18,1.76436115053e-18,2.12356888102e-18,2.24750948811e-18,3.95213827224e-18,4.41939109358e-18,4.81017520318e-18,6.0122146306e-18,4.4491323725e-18,6.95932857376e-18,6.66054969573e-18,9.47946004136e-18,9.4930985953e-18,1.19092617317e-17,1.10864254717e-17,1.30015429772e-17,1.18784169938e-17,1.06739030556e-17,8.3988403881e-18,6.65245035677e-18,4.45315619259e-18,2.60001912359e-18,9.72789732769e-19,2.43667762919e-19,2.75233621328e-20],"var":[0.0373077020049,4.20341539383,37.1534309387,64.4393768311,163.470626831,75.6011199951,138.510040283,102.481338501,205.515716553,461.027282715,981.193664551,1022.90771484,3249.98364258,784.321289062,897.415039062,1729.9239502,1869.0057373,4126.41357422,3787.17285156,2205.7121582,3124.08374023,7763.44921875,2421.00439453,494.57598877,838.531860352,198.759414673,161.620178223,134.323989868,87.4578323364,38.8500709534,23.3397083282,25.4278526306,13.4201011658,4.46252059937,0.284177273512,0.0534093789756,0.00553691247478,0.000438056507846,0.0000145214607983,7.03388849388e-8]},"erbbands_crest":{"dmean":1.88738930225,"dmean2":3.07704663277,"dvar":3.18228316307,"dvar2":7.94331645966,"max":25.4157485962,"mean":7.22339010239,"median":6.63066482544,"min":2.43241596222,"var":7.81659555435},"erbbands_flatness_db":{"dmean":0.0122986678034,"dmean2":0.0179917961359,"dvar":0.000138357208925,"dvar2":0.000272699951893,"max":0.390276551247,"mean":0.18730533123,"median":0.158049046993,"min":0.0562496110797,"var":0.00591849489138},"erbbands_kurtosis":{"dmean":0.53466874361,"dmean2":0.86508834362,"dvar":0.334569990635,"dvar2":0.848578095436,"max":11.304017067,"mean":-0.00999862886965,"median":-0.169671535492,"min":-1.67490613461,"var":0.811913728714},"erbbands_skewness":{"dmean":0.245537191629,"dmean2":0.391947060823,"dvar":0.0422606319189,"dvar2":0.105218149722,"max":1.27661335468,"mean":-0.382630497217,"median":-0.377770066261,"min":-2.73655033112,"var":0.171929225326},"erbbands_spread":{"dmean":4.79226732254,"dmean2":7.79213476181,"dvar":22.7345352173,"dvar2":59.6806259155,"max":94.7882232666,"mean":28.867225647,"median":28.630235672,"min":5.11784791946,"var":111.865715027},"gfcc":{"cov":[[26987.890625,-1981.23596191,4054.69042969,2349.28466797,-273.004577637,2407.99853516,-899.721923828,717.675048828,-985.70111084,224.20652771,-572.748413086,-56.5843200684,-1149.88867188],[-1981.23596191,1171.71594238,-1024.08422852,-243.466766357,114.716072083,-415.346984863,165.507781982,-74.5043182373,154.540618896,-37.4299430847,116.586608887,-28.6771030426,180.088867188],[4054.69042969,-1024.08422852,2491.85742188,499.356567383,154.062454224,771.489318848,-282.466583252,241.766067505,-344.031341553,125.148979187,-190.800430298,69.9584732056,-456.390106201],[2349.28466797,-243.466766357,499.356567383,417.769134521,3.65442228317,299.916107178,-73.3547286987,85.3948898315,-88.3299713135,33.7442169189,-41.1402359009,-9.03346920013,-96.4834594727],[-273.004577637,114.716072083,154.062454224,3.65442228317,164.290618896,33.9435806274,31.7873268127,33.0197181702,-2.92779397964,18.3924655914,12.759929657,20.9411315918,-8.1097946167],[2407.99853516,-415.346984863,771.489318848,299.916107178,33.9435806274,417.164489746,-69.5748443604,115.801628113,-124.705680847,46.4395065308,-65.7619857788,7.48731851578,-149.702178955],[-899.721923828,165.507781982,-282.466583252,-73.3547286987,31.7873268127,-69.5748443604,127.784881592,4.7835059166,63.6659851074,-6.60615205765,37.0202217102,-5.53258466721,68.9028167725],[717.675048828,-74.5043182373,241.766067505,85.3948898315,33.0197181702,115.801628113,4.7835059166,99.3555603027,-6.72773456573,20.5490264893,-14.8657197952,6.32868337631,-44.8924751282],[-985.70111084,154.540618896,-344.031341553,-88.3299713135,-2.92779397964,-124.705680847,63.6659851074,-6.72773456573,116.451431274,6.50598621368,41.2949829102,-6.34452009201,78.9754486084],[224.20652771,-37.4299430847,125.148979187,33.7442169189,18.3924655914,46.4395065308,-6.60615205765,20.5490264893,6.50598621368,54.8876190186,12.611702919,7.04617404938,-17.58867836],[-572.748413086,116.586608887,-190.800430298,-41.1402359009,12.759929657,-65.7619857788,37.0202217102,-14.8657197952,41.2949829102,12.611702919,66.1622772217,17.9924716949,49.2256469727],[-56.5843200684,-28.6771030426,69.9584732056,-9.03346920013,20.9411315918,7.48731851578,-5.53258466721,6.32868337631,-6.34452009201,7.04617404938,17.9924716949,45.5245437622,8.29425621033],[-1149.88867188,180.088867188,-456.390106201,-96.4834594727,-8.1097946167,-149.702178955,68.9028167725,-44.8924751282,78.9754486084,-17.58867836,49.2256469727,8.29425621033,138.438644409]],"icov":[[0.000202237526537,-0.000199942835025,0.000448014965514,-0.000437366921687,0.000415443297243,-0.000796076841652,0.000743671902455,-0.000809541437775,0.00079100811854,-0.000720540760085,0.000895410310477,-0.000790272315498,0.000829062890261],[-0.000199942835025,0.00249790144153,0.000454412220279,-0.000154979919898,-0.00295606185682,0.00291374023072,-0.00102838233579,-0.000424086290877,0.000520236906596,0.000340440950822,-0.0021143250633,0.00223010079935,0.000196508117369],[0.000448014965514,0.000454412220279,0.00394769245759,-0.00105963042006,-0.00141923129559,-0.00250389822759,0.00283997622319,-0.00338668655604,0.00383610022254,-0.00461681233719,0.00471259234473,-0.00525365956128,0.00596762169152],[-0.000437366921687,-0.000154979919898,-0.00105963042006,0.00689016608521,-0.0001546775311,-0.00317768519744,0.00131781119853,0.000119458607514,-0.00104510004167,0.0017602101434,-0.00402509747073,0.00503607373685,-0.00423556007445],[0.000415443297243,-0.00295606185682,-0.00141923129559,-0.0001546775311,0.0120759764686,-0.0028662411496,-0.00192193512339,-0.00149518437684,0.000964445644058,-0.00167511601467,0.00138949870598,-0.00438637193292,-0.000405032042181],[-0.000796076841652,0.00291374023072,-0.00250389822759,-0.00317768519744,-0.0028662411496,0.0163863673806,-0.00662365276366,-0.00219373451546,0.00304925511591,-0.000880671839695,-0.00260852277279,0.00412611896172,-0.00190602103248],[0.000743671902455,-0.00102838233579,0.00283997622319,0.00131781119853,-0.00192193512339,-0.00662365276366,0.019929125905,-0.00802104268223,0.000570593285374,-0.0000623575178906,-0.00154795486014,0.00273990002461,-0.00194657361135],[-0.000809541437775,-0.000424086290877,-0.00338668655604,0.000119458607514,-0.00149518437684,-0.00219373451546,-0.00802104268223,0.0261057745665,-0.0141967413947,0.00483954697847,-0.0000625583197689,-0.00260147522204,0.00163560605142],[0.00079100811854,0.000520236906596,0.00383610022254,-0.00104510004167,0.000964445644058,0.00304925511591,0.000570593285374,-0.0141967413947,0.0298544429243,-0.0136452568695,0.00121338642202,0.00266012735665,-0.00307788723148],[-0.000720540760085,0.000340440950822,-0.00461681233719,0.0017602101434,-0.00167511601467,-0.000880671839695,-0.0000623575178906,0.00483954697847,-0.0136452568695,0.0341953113675,-0.0166905727237,0.00680375797674,-0.00221536611207],[0.000895410310477,-0.0021143250633,0.00471259234473,-0.00402509747073,0.00138949870598,-0.00260852277279,-0.00154795486014,-0.0000625583197689,0.00121338642202,-0.0166905727237,0.0405311845243,-0.022839948535,0.00507303886116],[-0.000790272315498,0.00223010079935,-0.00525365956128,0.00503607373685,-0.00438637193292,0.00412611896172,0.00273990002461,-0.00260147522204,0.00266012735665,0.00680375797674,-0.022839948535,0.0448452048004,-0.0164959803224],[0.000829062890261,0.000196508117369,0.00596762169152,-0.00423556007445,-0.000405032042181,-0.00190602103248,-0.00194657361135,0.00163560605142,-0.00307788723148,-0.00221536611207,0.00507303886116,-0.0164959803224,0.0306488405913]],"mean":[-31.6564903259,99.4519195557,-160.114776611,25.4217033386,-40.1483383179,-0.124977782369,-27.0441589355,3.24238801003,-16.6699447632,-5.46963071823,-15.4228143692,-5.68217992783,-6.69963884354]},"hfc":{"dmean":3.86960959435,"dmean2":5.80883216858,"dvar":28.0941123962,"dvar2":59.5554466248,"max":103.769729614,"mean":23.0719604492,"median":22.453420639,"min":1.07824726617e-16,"var":341.821929932},"melbands":{"dmean":[0.000965114159044,0.00148469256237,0.000768055440858,0.000310370291118,0.000200105059776,0.0000982803321676,0.0000890713417903,0.000103096863313,0.0000860824220581,0.0000742852062103,0.0000816942774691,0.0000432652486779,0.0000370951565856,0.0000471854000352,0.0000378444347007,0.0000422027260356,0.0000469413716928,0.0000357144963345,0.0000348461726389,0.000027085910915,0.0000267569375865,0.0000368486471416,0.0000207447410503,0.0000111517474579,0.00000687530791765,0.00000860005093273,0.00000512925907969,0.00000343397437064,0.00000272327793027,0.0000026779161999,0.00000179666415079,0.00000152072777837,0.00000110282178412,8.33286549096e-7,6.13170868746e-7,5.87722411183e-7,6.16860461378e-7,4.6784253982e-7,3.79701361908e-7,2.79353713495e-7],"dmean2":[0.00169934728183,0.00261541944928,0.00135600275826,0.000529343669768,0.000333912175847,0.000167140591657,0.000149450759636,0.000170499115484,0.000140463322168,0.000120195662021,0.000131981549202,0.0000706462087692,0.0000595074016019,0.0000746486111893,0.0000608745613135,0.0000700570235495,0.0000786526288721,0.0000575012563786,0.0000574113437324,0.0000445201585535,0.0000441023294115,0.000060728052631,0.0000341122722602,0.0000185716871783,0.0000114003678391,0.0000142235312524,0.00000842994541017,0.00000571174768993,0.00000448262926511,0.00000437389371655,0.00000287245279651,0.00000236039977608,0.00000168767007835,0.0000012851099882,9.27643213799e-7,8.945942227e-7,9.05110312033e-7,6.79777599544e-7,5.59340719519e-7,4.12467187516e-7],"dvar":[0.00000506174183101,0.00000797327447799,0.00000184839450412,3.15646644822e-7,9.39714936976e-8,4.17613641446e-8,3.92985803899e-8,4.23105817049e-8,3.72564699092e-8,2.07473576097e-8,3.61355958489e-8,6.19453421891e-9,3.79856590627e-9,4.94888574565e-9,4.03972455487e-9,5.42531219949e-9,1.06845705616e-8,6.05648553531e-9,3.86813514552e-9,2.16620610338e-9,2.02035899122e-9,4.82318762707e-9,1.09414444172e-9,3.16201453909e-10,1.08718582748e-10,2.49942844199e-10,6.90362211841e-11,2.9030876661e-11,1.64134903585e-11,2.09526909711e-11,1.24684394753e-11,1.11215290449e-11,6.80110785398e-12,3.13667451388e-12,2.70557079345e-12,2.2290363999e-12,2.85864019088e-12,2.18449368837e-12,1.87617694818e-12,8.9288429081e-13],"dvar2":[0.00001405742114,0.0000225369603868,0.00000528015516466,8.23642380965e-7,2.51612704005e-7,1.16238865644e-7,1.08098817009e-7,1.13308757932e-7,9.80955547902e-8,5.07991799736e-8,9.02948968928e-8,1.62425859429e-8,9.27274257378e-9,1.1878213968e-8,1.03018136244e-8,1.41891964844e-8,2.92876780605e-8,1.35971420789e-8,1.00550838766e-8,5.06337993755e-9,5.17747267281e-9,1.26630315123e-8,2.88398793735e-9,8.79027184375e-10,2.81000112068e-10,6.60237531314e-10,1.84353518562e-10,7.76358283217e-11,4.39988323553e-11,5.28359717089e-11,2.87599007109e-11,2.40307947152e-11,1.54897501076e-11,7.34973713834e-12,5.44872784045e-12,5.04720397421e-12,5.69838317158e-12,4.00493960911e-12,3.49245654098e-12,1.81206970002e-12],"max":[0.0164553318173,0.026744229719,0.0130834085867,0.00739270402119,0.00455892039463,0.00349892186932,0.00548314815387,0.00418623862788,0.00432194070891,0.00369749264792,0.00496690580621,0.00230489321984,0.0020013814792,0.00163712538779,0.00181472476106,0.00172424537595,0.00407539401203,0.002862831112,0.00121956656221,0.00121961394325,0.00110305589624,0.00201268191449,0.000746483856346,0.000328965688823,0.000192825667909,0.000361185928341,0.000168667858816,0.0000955620853347,0.0000611378272879,0.0000942637198023,0.0000968828171608,0.0000865678302944,0.0000682487370796,0.0000427213017247,0.0000597700964136,0.0000359563637176,0.000053036652389,0.0000463502365164,0.0000479685186292,0.0000389106098737],"mean":[0.000980002107099,0.00226536672562,0.00112361845095,0.000480240880279,0.000342623272445,0.000147599261254,0.000137735376484,0.000172843763721,0.000151122076204,0.000134942281875,0.000156599155162,0.0000842784866109,0.0000758656824473,0.0000936196811381,0.000075238152931,0.0000748923775973,0.0000841926084831,0.0000696823553881,0.0000618365884293,0.0000520067878824,0.0000583563305554,0.0000772892963141,0.0000466866076749,0.0000247726402449,0.0000159459759743,0.0000198263023776,0.0000125580536405,0.00000838978394313,0.00000697153109286,0.00000656499423712,0.00000420979176852,0.00000329325325765,0.00000229574561672,0.00000179893629593,0.00000140540566917,0.00000133674075187,0.00000135589766614,9.85778228824e-7,7.47145691093e-7,5.26517567323e-7],"median":[0.00026928333682,0.00175009993836,0.000682967831381,0.000279620784568,0.000204293857678,0.0000729071471142,0.0000619891288807,0.0000994115907815,0.0000731420295779,0.0000767889869167,0.0000800476991571,0.0000529593089595,0.0000516284198966,0.0000636826007394,0.0000498919907841,0.0000458695394627,0.0000503215487697,0.000046668399591,0.000037112255086,0.0000341562263202,0.0000414849200752,0.0000472594038001,0.0000324672255374,0.0000169903360074,0.0000121173397929,0.0000130440830617,0.00000890273622645,0.00000624532685833,0.0000047284320317,0.00000361857632925,0.00000195421944227,0.00000139469489113,7.54578877604e-7,5.92584115111e-7,4.24035789592e-7,3.46620282698e-7,3.35772483595e-7,2.38023133647e-7,1.53208787879e-7,9.70661631072e-8],"min":[1.46988925786e-24,1.41197187906e-24,2.01542226978e-24,1.38199881315e-24,1.89477960218e-24,2.47635073847e-24,1.60927999374e-24,2.54849325155e-24,1.73496466582e-24,1.90752010023e-24,2.43780482528e-24,3.80639822924e-24,3.19333754054e-24,3.80716539647e-24,3.86540029178e-24,3.31597957611e-24,4.23238824565e-24,3.11927671496e-24,5.25028229293e-24,4.05856432291e-24,5.18544620956e-24,4.3071272944e-24,3.92074322302e-24,5.69733528994e-24,2.856954826e-24,3.60594039018e-24,6.27460397886e-24,3.48913454481e-24,5.31553292271e-24,6.58627542834e-24,4.91866173445e-24,5.29817324962e-24,6.17498189059e-24,6.08887811721e-24,6.95632771239e-24,6.937705073e-24,6.84976443701e-24,7.32296580645e-24,6.91505450983e-24,6.74617437838e-24],"var":[0.00000427947907156,0.00000843028283271,0.00000208692222259,4.5148630079e-7,1.86550394687e-7,4.92477312264e-8,5.26783558996e-8,6.09410975017e-8,5.96205538272e-8,4.1708574372e-8,8.25090822332e-8,1.37898101826e-8,8.94997409517e-9,1.15126264078e-8,9.31851484864e-9,1.11709086426e-8,1.81601400584e-8,1.2810738248e-8,7.57427809361e-9,4.66374538988e-9,5.12753794979e-9,1.13480576047e-8,3.09812375754e-9,7.95279120336e-10,3.30210470079e-10,7.51143425237e-10,2.06914027578e-10,8.31865756834e-11,6.03959451895e-11,7.58480361851e-11,4.24373938768e-11,3.30468916121e-11,1.82181752323e-11,1.06833352928e-11,9.05476214841e-12,8.40659399731e-12,1.02612206926e-11,6.91484716708e-12,5.69874442774e-12,2.61532852666e-12]},"melbands_crest":{"dmean":3.02462291718,"dmean2":5.01622867584,"dvar":7.3165807724,"dvar2":20.480714798,"max":26.2984161377,"mean":12.5504055023,"median":12.2791385651,"min":1.00073051453,"var":20.8545703888},"melbands_flatness_db":{"dmean":0.0219524744898,"dmean2":0.0360021814704,"dvar":0.000643419043627,"dvar2":0.00163858558517,"max":0.371987402439,"mean":0.168017566204,"median":0.169715791941,"min":-3.53774026962e-7,"var":0.00219688215293},"melbands_kurtosis":{"dmean":2.88069796562,"dmean2":4.92855930328,"dvar":25.1086883545,"dvar2":68.923248291,"max":79.3799514771,"mean":3.36687278748,"median":1.91709160805,"min":-1.62677228451,"var":28.1097164154},"melbands_skewness":{"dmean":0.542387843132,"dmean2":0.893517434597,"dvar":0.407389014959,"dvar2":1.08972501755,"max":7.84093236923,"mean":1.58247029781,"median":1.57633399963,"min":-1.30587410927,"var":1.12483024597},"melbands_spread":{"dmean":7.71390485764,"dmean2":12.5397787094,"dvar":62.5413780212,"dvar2":154.307403564,"max":154.469985962,"mean":33.6264533997,"median":31.2594413757,"min":4.76860237122,"var":212.066772461},"mfcc":{"cov":[[14459.7880859,-461.039001465,2990.68139648,1051.97045898,1003.86938477,1278.02307129,451.876403809,660.977661133,-234.868606567,242.901382446,264.22076416,139.368209839,-209.039596558],[-461.039001465,885.038024902,-543.836608887,46.1758956909,-51.0638198853,-144.532485962,-7.03789997101,-42.5947418213,48.1598625183,-0.101914301515,-10.7297353745,8.29049491882,34.9286003113],[2990.68139648,-543.836608887,1514.55749512,192.076217651,378.86151123,431.523895264,123.319923401,223.854370117,-134.618606567,53.5776672363,123.016815186,37.8236236572,-33.6244544983],[1051.97045898,46.1758956909,192.076217651,212.947860718,103.864082336,113.609550476,48.1598777771,56.2056503296,-10.7300186157,26.7860031128,21.3270626068,24.4781780243,-13.0352754593],[1003.86938477,-51.0638198853,378.86151123,103.864082336,194.972442627,148.680969238,54.4896888733,79.3170318604,-28.9028701782,20.2227420807,36.8594474792,16.0354995728,-1.88052177429],[1278.02307129,-144.532485962,431.523895264,113.609550476,148.680969238,225.328674316,88.4201812744,86.5841369629,-32.1108207703,32.0646858215,41.6287155151,17.6319561005,-17.9846897125],[451.876403809,-7.03789997101,123.319923401,48.1598777771,54.4896888733,88.4201812744,99.6579589844,57.2062911987,1.24872016907,20.6013011932,18.0833778381,12.2516269684,-5.85820817947],[660.977661133,-42.5947418213,223.854370117,56.2056503296,79.3170318604,86.5841369629,57.2062911987,107.718345642,1.28490996361,24.1076030731,25.6159095764,14.1256723404,-4.38709115982],[-234.868606567,48.1598625183,-134.618606567,-10.7300186157,-28.9028701782,-32.1108207703,1.24872016907,1.28490996361,75.5487365723,20.618598938,-4.86769628525,3.06665587425,5.71416187286],[242.901382446,-0.101914301515,53.5776672363,26.7860031128,20.2227420807,32.0646858215,20.6013011932,24.1076030731,20.618598938,60.5803146362,25.751958847,9.24240589142,-2.13605666161],[264.22076416,-10.7297353745,123.016815186,21.3270626068,36.8594474792,41.6287155151,18.0833778381,25.6159095764,-4.86769628525,25.751958847,56.7119598389,21.5041770935,-1.45203471184],[139.368209839,8.29049491882,37.8236236572,24.4781780243,16.0354995728,17.6319561005,12.2516269684,14.1256723404,3.06665587425,9.24240589142,21.5041770935,48.9578933716,12.3242092133],[-209.039596558,34.9286003113,-33.6244544983,-13.0352754593,-1.88052177429,-17.9846897125,-5.85820817947,-4.38709115982,5.71416187286,-2.13605666161,-1.45203471184,12.3242092133,52.7722129822]],"icov":[[0.000200295544346,-0.000119400749099,-0.000187987025129,-0.000413775705965,0.0000567651950405,-0.000602903717663,0.000257919979049,-0.000338868092513,0.000120866519865,-0.000220607616939,0.000271246768534,-0.000170120460098,0.000472637999337],[-0.000119400749099,0.00196383171715,0.00105803774204,-0.000856811355334,-0.00125882483553,0.0017082344275,-0.000945350795519,0.0000102818912637,0.000328462687321,0.00014438200742,-0.00143837346695,0.000500643800478,-0.00106327608228],[-0.000187987025129,0.00105803774204,0.0030107893981,0.00060779589694,-0.00229838630185,-0.0018160585314,0.00127692299429,-0.00209133327007,0.00242839055136,0.0000145763297041,-0.00228111608885,0.000396509334678,-0.000527083873749],[-0.000413775705965,-0.000856811355334,0.00060779589694,0.00915385130793,-0.00237916223705,-0.00229908898473,0.00049105938524,-0.000197771179955,0.000309087103233,-0.00146975531243,0.0021265191026,-0.00322672585025,0.00146529928315],[0.0000567651950405,-0.00125882483553,-0.00229838630185,-0.00237916223705,0.0146532002836,-0.00504864240065,0.00113642436918,-0.00254193227738,-0.000282985100057,0.00145011278801,-0.000871997151989,0.00124148232862,-0.00250223837793],[-0.000602903717663,0.0017082344275,-0.0018160585314,-0.00229908898473,-0.00504864240065,0.0203998908401,-0.0101833706722,0.00259607029147,0.000582630338613,-0.00140041927807,-0.0012994245626,0.000816869433038,0.000267557566985],[0.000257919979049,-0.000945350795519,0.00127692299429,0.00049105938524,0.00113642436918,-0.0101833706722,0.0203478336334,-0.00797261483967,-0.0000152989359776,-0.00110724952538,0.000677787524182,-0.0016707405448,0.00111397192813],[-0.000338868092513,0.0000102818912637,-0.00209133327007,-0.000197771179955,-0.00254193227738,0.00259607029147,-0.00797261483967,0.0202167127281,-0.00469205342233,-0.000664703955408,-0.000602366810199,-0.000434165587649,-0.000574731267989],[0.000120866519865,0.000328462687321,0.00242839055136,0.000309087103233,-0.000282985100057,0.000582630338613,-0.0000152989359776,-0.00469205342233,0.0207085050642,-0.00896879192442,0.00251226359978,-0.00178732490167,-0.000437098700786],[-0.000220607616939,0.00014438200742,0.0000145763297041,-0.00146975531243,0.00145011278801,-0.00140041927807,-0.00110724952538,-0.000664703955408,-0.00896879192442,0.0264264941216,-0.0114793227986,0.00264695030637,-0.000820155371912],[0.000271246768534,-0.00143837346695,-0.00228111608885,0.0021265191026,-0.000871997151989,-0.0012994245626,0.000677787524182,-0.000602366810199,0.00251226359978,-0.0114793227986,0.0318797416985,-0.0119671793655,0.0035848247353],[-0.000170120460098,0.000500643800478,0.000396509334678,-0.00322672585025,0.00124148232862,0.000816869433038,-0.0016707405448,-0.000434165587649,-0.00178732490167,0.00264695030637,-0.0119671793655,0.0289151631296,-0.00822990294546],[0.000472637999337,-0.00106327608228,-0.000527083873749,0.00146529928315,-0.00250223837793,0.000267557566985,0.00111397192813,-0.000574731267989,-0.000437098700786,-0.000820155371912,0.0035848247353,-0.00822990294546,0.023664072156]],"mean":[-652.100769043,122.963180542,-45.5427970886,22.0478534698,3.46221137047,0.877507925034,0.59543800354,2.6019308567,5.23330545425,0.252311527729,-4.37061166763,1.49752235413,-3.95887446404]},"pitch_salience":{"dmean":0.0660186782479,"dmean2":0.110840879381,"dvar":0.00381344975904,"dvar2":0.0108858915046,"max":0.996098816395,"mean":0.594795167446,"median":0.600888192654,"min":0.215916410089,"var":0.00840618554503},"silence_rate_20dB":{"dmean":0,"dmean2":0,"dvar":0,"dvar2":0,"max":1,"mean":1,"median":1,"min":1,"var":0},"silence_rate_30dB":{"dmean":0,"dmean2":0,"dvar":0,"dvar2":0,"max":1,"mean":1,"median":1,"min":1,"var":0},"silence_rate_60dB":{"dmean":0.00024064493482,"dmean2":0.000481347786263,"dvar":0.000240586465225,"dvar2":0.000481121067423,"max":1,"mean":0.287295490503,"median":0,"min":0,"var":0.204740226269},"spectral_centroid":{"dmean":208.789016724,"dmean2":341.479827881,"dvar":53882.96875,"dvar2":126181.703125,"max":11897.1162109,"mean":1836.77783203,"median":1838.50708008,"min":475.705291748,"var":471407.75},"spectral_complexity":{"dmean":2.91060042381,"dmean2":4.74801445007,"dvar":7.38707780838,"dvar2":18.2183647156,"max":56,"mean":26.1928539276,"median":31,"min":0,"var":194.586395264},"spectral_contrast_coeffs":{"dmean":[0.0509069487453,0.0447576604784,0.0346237197518,0.0292998030782,0.0196827612817,0.015830906108],"dmean2":[0.0843422338367,0.0755804777145,0.0570822246373,0.0483823977411,0.032548520714,0.025566354394],"dvar":[0.00173016486224,0.00126314349473,0.000770163256675,0.000545232498553,0.000237054133322,0.000179253795068],"dvar2":[0.00462174322456,0.00359036191367,0.00199042353779,0.00146714434959,0.000657913275063,0.000437507289462],"max":[-0.364314556122,-0.513576984406,-0.502372026443,-0.528962671757,-0.549724400043,-0.607256531715],"mean":[-0.648267328739,-0.759467303753,-0.773808836937,-0.778620004654,-0.780802667141,-0.72662872076],"median":[-0.648875594139,-0.760369420052,-0.775183916092,-0.780090093613,-0.781762957573,-0.725480794907],"min":[-0.978484988213,-0.999284386635,-0.997632265091,-0.987544298172,-0.988756597042,-0.964018166065],"var":[0.00710216304287,0.00302790151909,0.00274530053139,0.00182286137715,0.00109641242307,0.00190947111696]},"spectral_contrast_valleys":{"dmean":[0.43578773737,0.352666735649,0.27812731266,0.235145896673,0.154370456934,0.225048989058],"dmean2":[0.714891076088,0.590134084225,0.458302944899,0.385879099369,0.251149386168,0.311878472567],"dvar":[0.14126996696,0.0916637480259,0.0618247501552,0.0505433417857,0.0298801101744,0.0683948472142],"dvar2":[0.340036809444,0.222627937794,0.141756772995,0.108915522695,0.0554938092828,0.122190646827],"max":[-5.29153776169,-4.98964166641,-5.51574277878,-5.73706769943,-5.82993173599,-7.66095876694],"mean":[-8.01209926605,-7.09098386765,-7.16338062286,-7.31808853149,-7.31091880798,-10.9998188019],"median":[-7.16939258575,-6.60612869263,-6.7462439537,-6.84680366516,-6.83549070358,-10.1313896179],"min":[-28.250875473,-27.801984787,-27.8710193634,-27.8870182037,-27.5329837799,-27.3953266144],"var":[4.84967041016,3.10620737076,2.78625249863,2.88898015022,3.07117533684,5.11977052689]},"spectral_decrease":{"dmean":1.94636839979e-9,"dmean2":3.20543636079e-9,"dvar":1.0126766921e-17,"dvar2":2.57921102305e-17,"max":8.83463250677e-23,"mean":-6.1807385876e-9,"median":-6.28597973673e-9,"min":-2.88813755134e-8,"var":2.48120931105e-17},"spectral_energy":{"dmean":0.00746279768646,"dmean2":0.0122418161482,"dvar":0.000144798934343,"dvar2":0.000367640430341,"max":0.110936529934,"mean":0.0254202075303,"median":0.026282928884,"min":1.00041000428e-20,"var":0.000398142874474},"spectral_energyband_high":{"dmean":0.000234931721934,"dmean2":0.000335807737429,"dvar":1.81711371283e-7,"dvar2":3.40156390166e-7,"max":0.0105490181595,"mean":0.000792431761511,"median":0.000464852142613,"min":6.92228438216e-21,"var":0.00000110658720587},"spectral_energyband_low":{"dmean":0.00623563630506,"dmean2":0.0106649203226,"dvar":0.00014310629922,"dvar2":0.000380362645956,"max":0.100180327892,"mean":0.0100299781188,"median":0.00757185183465,"min":1.74121607295e-23,"var":0.000168316269992},"spectral_energyband_middle_high":{"dmean":0.00157870585099,"dmean2":0.00250171171501,"dvar":0.00000450899960924,"dvar2":0.000011125038327,"max":0.0492374524474,"mean":0.00770593155175,"median":0.00754324905574,"min":1.24285260285e-21,"var":0.0000387226646126},"spectral_energyband_middle_low":{"dmean":0.00327632948756,"dmean2":0.00550827383995,"dvar":0.0000262199446297,"dvar2":0.0000668058055453,"max":0.0484999902546,"mean":0.00787368882447,"median":0.00667905481532,"min":1.64107579772e-22,"var":0.0000572077951801},"spectral_entropy":{"dmean":0.0828375667334,"dmean2":0.126716718078,"dvar":0.00659658154473,"dvar2":0.014029385522,"max":9.81833457947,"mean":7.68290328979,"median":7.71443653107,"min":5.66774845123,"var":0.105913445354},"spectral_flux":{"dmean":0.0207190345973,"dmean2":0.0310263037682,"dvar":0.000766847108025,"dvar2":0.0014940823894,"max":0.298521459103,"mean":0.0795815959573,"median":0.0779249742627,"min":6.51869391799e-11,"var":0.0029543726705},"spectral_kurtosis":{"dmean":2.3824236393,"dmean2":4.20050477982,"dvar":11.0336465836,"dvar2":34.5019454956,"max":58.9137496948,"mean":5.8465013504,"median":4.61646795273,"min":-1.25249886513,"var":20.5795860291},"spectral_rms":{"dmean":0.000600248284172,"dmean2":0.000971599016339,"dvar":7.32189732844e-7,"dvar2":0.00000180449342224,"max":0.0104034012184,"mean":0.00439291121438,"median":0.00506378151476,"min":3.12411554959e-12,"var":0.00000550244794795},"spectral_rolloff":{"dmean":403.953735352,"dmean2":667.878479004,"dvar":282830.53125,"dvar2":653225.25,"max":19422.9492188,"mean":2153.0222168,"median":2196.38671875,"min":107.666015625,"var":1853649.375},"spectral_skewness":{"dmean":0.238106101751,"dmean2":0.40841242671,"dvar":0.0702737346292,"dvar2":0.217894017696,"max":5.06108188629,"mean":1.37352609634,"median":1.34048676491,"min":-0.135713264346,"var":0.160324245691},"spectral_spread":{"dmean":313763.6875,"dmean2":442245.4375,"dvar":349823631360,"dvar2":578831712256,"max":42067980,"mean":3395953.5,"median":3212246,"min":975084.375,"var":6700832653310},"spectral_strongpeak":{"dmean":0.384382545948,"dmean2":0.688854336739,"dvar":0.742914021015,"dvar2":2.12791872025,"max":11.0960664749,"mean":0.630428016186,"median":0.435451209545,"min":0,"var":0.633454322815},"zerocrossingrate":{"dmean":0.00784769188613,"dmean2":0.00959522556514,"dvar":0.0000876351768966,"dvar2":0.000137984650792,"max":0.525390625,"mean":0.0720127299428,"median":0.06884765625,"min":0.01318359375,"var":0.00143876962829}},"metadata":{"audio_properties":{"analysis_sample_rate":44100,"bit_rate":0,"codec":"flac","downmix":"mix","equal_loudness":0,"length":192.973327637,"lossless":true,"md5_encoded":"527da75b5868b45851ff4988a7400242","replay_gain":-16.5495643616,"sample_rate":44100},"tags":{"album":["Marauder"],"albumartist":["Interpol"],"albumartistsort":["Interpol"],"artist":["Interpol"],"artistsort":["Interpol"],"bpm":["0"],"compilation":["0"],"date":["2018-08-24"],"discnumber":["1"],"disctotal":["1"],"file_name":"10 Number 10.flac","genre":["Post-Punk"],"label":["Matador"],"language":["eng"],"media":["Digital Media"],"musicbrainz_albumartistid":["b23e8a63-8f47-4882-b55b-df2c92ef400e"],"musicbrainz_albumid":["fd48f802-d7a0-4b97-8b12-ebdf80e38c73"],"musicbrainz_artistid":["b23e8a63-8f47-4882-b55b-df2c92ef400e"],"musicbrainz_recordingid":["86e1df84-e26a-4065-a099-bfcfe9fa3eff"],"musicbrainz_releasegroupid":["5c9e9907-c147-47d1-bb69-d864b0a746bc"],"musicbrainz_releasetrackid":["d4f914d6-7f42-48a0-b303-89681b6524b9"],"originaldate":["2018-08-24"],"releasecountry":["KG"],"script":["Latn"],"title":["Number 10"],"totaldiscs":["1"],"totaltracks":["13"],"tracknumber":["10"],"tracktotal":["13"]},"version":{"essentia":"2.1-beta2","essentia_build_sha":"70f2e5ece6736b2c40cc944ad0e695b16b925413","essentia_git_sha":"v2.1_beta2","extractor":"music 1.0"}},"rhythm":{"beats_count":431,"beats_loudness":{"dmean":0.00846606213599,"dmean2":0.0145049858838,"dvar":0.0000869074938237,"dvar2":0.000241789530264,"max":0.081299893558,"mean":0.0309457685798,"median":0.0355268381536,"min":0,"var":0.000405740662245},"beats_loudness_band_ratio":{"dmean":[0.146974638104,0.0810033902526,0.0841747298837,0.0731939971447,0.0838340297341,0.0325912199914],"dmean2":[0.259295612574,0.14627225697,0.145882412791,0.124797128141,0.148067772388,0.0559800863266],"dvar":[0.0200967993587,0.00522642116994,0.00538378115743,0.00492761982605,0.00756393792108,0.00133089034352],"dvar2":[0.0637904107571,0.0167158003896,0.015447120