{"lowlevel":{"average_loudness":0.762044727802,"barkbands":{"dmean":[0.0031273693312,0.00509990751743,0.000967644620687,0.000691939261742,0.000806021911558,0.00103385711554,0.000550596800167,0.000668865977786,0.00117697264068,0.0010268430924,0.000699758646078,0.000731361098588,0.000436782051111,0.000288703624392,0.000375170726329,0.000194681968424,0.000194656269741,0.000198586727493,0.000174897490069,0.000141419179272,0.0000968176100287,0.0000739702809369,0.0000382187827199,0.0000268844887614,0.00000168196982031,0.0000253310954577,0.000172609143192],"dmean2":[0.00528261298314,0.00884346384555,0.00167529715691,0.00117674318608,0.00129571091384,0.00163250777405,0.000904982269276,0.00111814774573,0.00192225142382,0.00166288239416,0.00113202247303,0.00117107632104,0.000716700742487,0.000473968422739,0.000611716823187,0.000316364836181,0.000302627246128,0.000298369355733,0.000252468424151,0.000194906970137,0.000130593805807,0.000101415163954,0.000047927005653,0.0000353699469997,0.0000027995893106,0.0000304642198898,0.000210398982745],"dvar":[0.0000452423919342,0.00012125633657,0.0000039447859308,0.00000185181738743,0.00000349608353645,0.00000798057226348,0.00000175784759904,0.00000347905120179,0.0000102596859506,0.00000866234222485,0.00000263035599346,0.0000029102791359,6.91957836807e-7,3.39776761393e-7,5.07325864874e-7,1.35051180905e-7,1.16060547839e-7,1.61017311484e-7,1.19782768593e-7,7.43403347769e-8,2.88617343358e-8,1.55426995718e-8,4.09725275929e-9,3.3177078862e-9,1.23864191473e-11,2.10431494452e-9,5.6848801222e-8],"dvar2":[0.000113089721708,0.00032411707798,0.0000108297072074,0.00000512333826919,0.00000827303938422,0.0000175884651981,0.00000475307115266,0.0000102719341157,0.0000281127722701,0.0000220248748519,0.00000659107263346,0.00000701021235727,0.00000183949418897,8.97442873793e-7,0.00000134555216391,3.37839850317e-7,2.80142529618e-7,3.52402452108e-7,2.51906783433e-7,1.58118908189e-7,5.87848205669e-8,3.37238930115e-8,6.96078616969e-9,6.28216678678e-9,3.12162656835e-11,3.213576516e-9,8.63437108478e-8],"max":[0.0665312707424,0.104286938906,0.0306992456317,0.028633415699,0.075569614768,0.0647177174687,0.0409792400897,0.0488729774952,0.0940716266632,0.0841662362218,0.0486870333552,0.0460522323847,0.0227624569088,0.013109353371,0.0142965503037,0.00660034315661,0.00489294109866,0.00777699658647,0.00639519793913,0.00937629956752,0.00343309366144,0.00211458094418,0.000790875521488,0.00102106411941,0.0000644347674097,0.00062631216133,0.0039054476656],"mean":[0.00251472182572,0.00462247431278,0.00111729826313,0.000924063613638,0.0013677093666,0.00151525822002,0.000799228087999,0.000866773771122,0.00179072527681,0.001493605203,0.00103307317477,0.00120232347399,0.000712971086614,0.000446044112323,0.000612366187852,0.000311773706926,0.000300278508803,0.000300841173157,0.00028181282687,0.000247738789767,0.000173795735464,0.00012384049478,0.0000574428522668,0.0000345190819644,0.0000015962185671,0.0000376603020413,0.000453298242064],"median":[0.000337510253303,0.00141548342071,0.000521925627254,0.000356143689714,0.000518018961884,0.000451102445368,0.000270229356829,0.000236168882111,0.000441867043264,0.000385476800147,0.000318853737554,0.00042960580322,0.000267738068942,0.000165936507983,0.00025741342688,0.000146556514665,0.000114962298539,0.00011059557437,0.000104295148049,0.0000808579352451,0.0000565718510188,0.0000480866729049,0.0000127641633298,0.00000244655439019,4.60927026324e-7,0.00000636116419628,0.000258929794654],"min":[2.43307604788e-25,2.05983020836e-24,3.56850943327e-25,7.79527250902e-25,9.09522860473e-24,7.55388038177e-24,9.64294577528e-24,8.72040450106e-24,1.0308450923e-23,1.88997330934e-23,1.4837618502e-23,2.28481097195e-23,2.66935384197e-23,1.52744328733e-23,2.63435587014e-23,7.33252080528e-23,6.80961899e-23,1.09620073524e-22,1.27522028523e-22,1.74362165695e-22,2.66520657931e-22,3.06031734557e-22,3.98535255621e-22,6.26260441053e-22,9.72168753581e-22,1.29631823762e-21,1.8807381021e-21],"var":[0.0000381674981327,0.0000905488486751,0.00000358963188773,0.0000025750016448,0.00000874211582413,0.0000154032713908,0.00000266116126113,0.00000445681553174,0.0000189750826394,0.0000155877260113,0.00000471265548185,0.00000636025652057,0.00000129152033423,5.51349387479e-7,9.99296048576e-7,2.11996990629e-7,2.07515114425e-7,2.66576762442e-7,2.24512689329e-7,2.02931687454e-7,7.97084069859e-8,3.25964997216e-8,9.51534229188e-9,5.93864601939e-9,1.20681476964e-11,5.04353758757e-9,2.82116985773e-7]},"barkbands_crest":{"dmean":2.85534119606,"dmean2":4.75138139725,"dvar":6.84597492218,"dvar2":18.1196117401,"max":23.989200592,"mean":8.78515529633,"median":7.89535808563,"min":2.3090877533,"var":16.1883735657},"barkbands_flatness_db":{"dmean":0.0263954438269,"dmean2":0.0408420041203,"dvar":0.000624619366135,"dvar2":0.00154630758334,"max":0.45138168335,"mean":0.115429282188,"median":0.104076325893,"min":0.0215758699924,"var":0.00318753323518},"barkbands_kurtosis":{"dmean":4.90997266769,"dmean2":7.81392335892,"dvar":150.24836731,"dvar2":376.869720459,"max":466.967712402,"mean":8.71214866638,"median":2.0527882576,"min":-1.86881422997,"var":863.578125},"barkbands_skewness":{"dmean":0.678033590317,"dmean2":1.0591583252,"dvar":0.672084629536,"dvar2":1.63982880116,"max":17.6386966705,"mean":1.65295517445,"median":1.23052978516,"min":-2.10503935814,"var":3.50368070602},"barkbands_spread":{"dmean":8.55895900726,"dmean2":12.6598453522,"dvar":86.3103637695,"dvar2":180.108901978,"max":131.893936157,"mean":29.8487300873,"median":26.8218650818,"min":0.493790864944,"var":318.133300781},"dissonance":{"dmean":0.0174145437777,"dmean2":0.0296485070139,"dvar":0.000438608403783,"dvar2":0.00122322724201,"max":0.500000119209,"mean":0.474077254534,"median":0.482504725456,"min":0,"var":0.00071006512735},"dynamic_complexity":4.65177965164,"erbbands":{"dmean":[0.274405151606,0.730075418949,1.17175245285,1.66133844852,2.40695619583,2.54943561554,8.69302749634,6.33689403534,5.66339826584,10.8018932343,20.2640781403,24.5962963104,32.1967048645,21.5491542816,29.0858707428,26.2200126648,19.641494751,13.318365097,16.6756706238,16.2437477112,9.93700885773,10.7162361145,10.5874290466,9.65912151337,8.21917724609,6.48372268677,4.83254671097,3.36414480209,3.16597914696,1.43663370609,1.08626770973,0.793944835663,0.269814610481,0.0241052862257,0.0122819365934,0.028304759413,0.0657646805048,0.0386956632137,0.0191142857075,0.00386488274671],"dmean2":[0.481406420469,1.27999842167,2.04454421997,2.81194448471,3.91494178772,4.15075683594,13.8848371506,10.0231485367,9.24343681335,17.810968399,34.1506309509,39.9210700989,52.5233726501,34.2424278259,46.1001663208,42.4469985962,31.9519367218,21.6999664307,27.2772693634,26.2366371155,15.6937675476,16.4578418732,15.9045276642,13.9157972336,11.6281995773,8.93411445618,6.65005540848,4.54673957825,4.43761539459,1.82915246487,1.37450814247,1.0196160078,0.374710649252,0.0376176573336,0.0200669504702,0.0382597818971,0.0796859785914,0.0458141192794,0.0229906700552,0.00495683727786],"dvar":[0.411791235209,2.23978209496,5.99729728699,11.4235486984,37.5583000183,32.7237358093,590.042419434,227.436126709,122.298851013,869.497558594,4347.76269531,5086.09033203,9138.75878906,1943.22924805,4352.57910156,2901.75,1444.88146973,684.73046875,934.109130859,1075.57006836,322.176483154,347.491271973,432.610137939,404.828338623,233.219589233,169.164398193,75.701171875,34.2126121521,33.4902687073,5.03159046173,3.62433505058,2.67288374901,0.380668342113,0.00186096050311,0.000617976300418,0.00277440831997,0.0160626079887,0.00332694896497,0.000887827773113,0.0000290812695312],"dvar2":[1.11283755302,6.08604097366,16.687412262,31.5640583038,86.3949508667,80.8607635498,1341.91308594,539.337158203,316.499450684,2348.87963867,13133.3466797,13986.0341797,23614.296875,4574.53515625,10761.4150391,7472.94287109,3815.93359375,1827.53967285,2460.75268555,2664.22290039,785.243225098,834.22052002,957.902282715,873.281555176,473.138122559,372.286804199,159.666976929,69.2776641846,76.4010543823,9.01977539062,6.27883672714,4.8255200386,0.782950520515,0.00444785552099,0.00155253650155,0.0050415834412,0.0255038663745,0.00519161717966,0.00136205949821,0.0000482763280161],"max":[5.90838813782,16.6658344269,30.9924507141,59.4310302734,332.87701416,130.328338623,537.01159668,522.278503418,207.511154175,1271.67907715,1900.40258789,2374.01245117,2587.20825195,1502.56970215,2462.49829102,1670.8026123,1203.80383301,767.082824707,617.646179199,821.579772949,287.560333252,253.365478516,371.226898193,269.275939941,295.32232666,435.573608398,168.71875,158.459732056,112.714103699,46.7448921204,23.5875034332,21.7950553894,11.9237661362,0.722670912743,0.457167774439,0.67533403635,1.58629763126,0.949087202549,0.701035559177,0.0917637273669],"mean":[0.222258165479,0.701015710831,1.31419050694,2.24357008934,3.87074542046,4.02626276016,12.3362083435,9.563621521,8.53559303284,15.0967340469,28.5014743805,38.7498016357,47.4157447815,36.0927352905,48.1495780945,46.4233016968,34.2205543518,23.0107898712,27.9350738525,27.6761169434,17.2295246124,16.9930801392,16.1725730896,15.2057762146,13.8362817764,11.3984174728,8.61131191254,6.06651115417,5.11016321182,2.38919854164,1.5946918726,1.06653177738,0.324354112148,0.0269003044814,0.0125693306327,0.0366229489446,0.0962108075619,0.0726564973593,0.0439823269844,0.0116819748655],"median":[0.0433037653565,0.260368436575,0.638726234436,1.06233119965,1.39559268951,1.413215518,2.81358289719,3.41546392441,3.26253318787,4.73251914978,7.01635742188,9.92922019958,11.6307516098,13.5473709106,16.7282829285,18.4429779053,13.946062088,9.27891921997,12.8763542175,12.1886482239,8.43643569946,6.88563537598,6.1452331543,5.46298694611,5.11788082123,3.78117036819,2.74324512482,2.12068581581,1.88841938972,0.823353052139,0.311909556389,0.0987987667322,0.0227629430592,0.00872175302356,0.00452801864594,0.00543245114386,0.0135679123923,0.0263962671161,0.0189898870885,0.00698970258236],"min":[8.44889593242e-23,5.3427410982e-22,1.42728459693e-21,4.59930797883e-21,1.57528760531e-20,1.36772569452e-20,3.59577060176e-20,5.94450891519e-20,8.15117411165e-20,1.73850992108e-19,2.63606486295e-19,4.09676371961e-19,4.91106590551e-19,4.86066217187e-19,1.04048588391e-18,1.19495555605e-18,1.81304879459e-18,1.14649249153e-18,2.60432997535e-18,2.95295082798e-18,3.32192156445e-18,3.97464709748e-18,5.05475886184e-18,7.26781482986e-18,7.96916307327e-18,8.52021094502e-18,7.54819348875e-18,1.14430784549e-17,1.09444109683e-17,1.06861593908e-17,1.12736354695e-17,9.64592434937e-18,8.83782348482e-18,8.72575043799e-18,6.4854339057e-18,4.0783668609e-18,2.42034618876e-18,9.28717859925e-19,2.25258496495e-19,2.62089026693e-20],"var":[0.289032578468,1.70581638813,4.99880981445,12.9789428711,81.7607192993,76.9296112061,1121.140625,410.371704102,218.676223755,1129.66564941,5869.56201172,9213.25683594,15471.4804688,4340.63769531,9695.8359375,6643.57470703,2868.16625977,1173.81591797,1805.86315918,2057.04370117,575.31829834,626.66394043,719.060546875,697.268737793,530.093444824,436.506072998,200.588912964,90.700843811,60.480506897,12.6378383636,8.00954341888,5.15805339813,0.582327485085,0.00225387699902,0.000624644046184,0.00539479590952,0.0364102981985,0.010636667721,0.00382901378907,0.000158819384524]},"erbbands_crest":{"dmean":2.55413961411,"dmean2":4.15548658371,"dvar":6.30743312836,"dvar2":15.8734827042,"max":29.4065723419,"mean":8.14317512512,"median":7.08561229706,"min":2.29377007484,"var":15.8359394073},"erbbands_flatness_db":{"dmean":0.0223934669048,"dmean2":0.0327527113259,"dvar":0.000423536635935,"dvar2":0.000834074802697,"max":0.313767433167,"mean":0.143392369151,"median":0.139686197042,"min":0.0451837666333,"var":0.00204088748433},"erbbands_kurtosis":{"dmean":1.13955366611,"dmean2":1.77800512314,"dvar":2.83900713921,"dvar2":6.74548816681,"max":44.4299125671,"mean":1.025826931,"median":0.334135055542,"min":-1.67072784901,"var":6.02358722687},"erbbands_skewness":{"dmean":0.38626909256,"dmean2":0.588269948959,"dvar":0.12386828661,"dvar2":0.284369677305,"max":4.67629623413,"mean":0.123380586505,"median":0.132006049156,"min":-3.41454386711,"var":0.67873942852},"erbbands_spread":{"dmean":7.154941082,"dmean2":10.7094449997,"dvar":52.0917472839,"dvar2":110.504020691,"max":116.874755859,"mean":30.2343177795,"median":27.591796875,"min":2.2896323204,"var":252.928131104},"gfcc":{"cov":[[29116.4746094,608.404846191,-3177.6472168,-711.020568848,-899.496337891,-715.269897461,292.278533936,-676.802185059,135.629699707,-206.59362793,-105.948364258,313.559631348,-262.864929199],[608.404846191,1384.80749512,-156.49029541,-523.136901855,65.3326263428,-49.4329185486,54.0107955933,-113.741348267,-9.66299629211,2.70424771309,-7.97494077682,-110.295898438,105.871643066],[-3177.6472168,-156.49029541,848.112426758,343.763183594,34.9776039124,229.429519653,-150.14390564,221.423553467,-43.6202163696,40.6664543152,24.4615077972,-34.5163154602,-8.2783241272],[-711.020568848,-523.136901855,343.763183594,592.514160156,145.241363525,40.4720649719,23.0361862183,81.2788925171,21.4086914062,-7.45090532303,19.0342960358,59.7830505371,-76.340637207],[-899.496337891,65.3326263428,34.9776039124,145.241363525,278.019500732,57.0314559937,80.2980117798,-24.3175601959,0.823394656181,-8.67495346069,19.2405204773,3.51752281189,20.3506278992],[-715.269897461,-49.4329185486,229.429519653,40.4720649719,57.0314559937,291.031402588,-67.2794342041,106.559303284,-56.9726486206,15.1907634735,23.7789878845,-4.49277353287,14.6286420822],[292.278533936,54.0107955933,-150.14390564,23.0361862183,80.2980117798,-67.2794342041,207.679824829,-55.1922874451,57.4069747925,-12.4588632584,-4.45346260071,32.7505302429,-10.3769311905],[-676.802185059,-113.741348267,221.423553467,81.2788925171,-24.3175601959,106.559303284,-55.1922874451,199.585037231,27.3774852753,37.6061286926,18.4427375793,-21.8530445099,4.99763441086],[135.629699707,-9.66299629211,-43.6202163696,21.4086914062,0.823394656181,-56.9726486206,57.4069747925,27.3774852753,117.104133606,32.9503898621,5.56642389297,15.0008487701,-21.5473518372],[-206.59362793,2.70424771309,40.6664543152,-7.45090532303,-8.67495346069,15.1907634735,-12.4588632584,37.6061286926,32.9503898621,74.0482254028,35.8955192566,1.2092114687,10.7580289841],[-105.948364258,-7.97494077682,24.4615077972,19.0342960358,19.2405204773,23.7789878845,-4.45346260071,18.4427375793,5.56642389297,35.8955192566,65.9316635132,32.5506515503,7.53215408325],[313.559631348,-110.295898438,-34.5163154602,59.7830505371,3.51752281189,-4.49277353287,32.7505302429,-21.8530445099,15.0008487701,1.2092114687,32.5506515503,83.8315429688,6.76681518555],[-262.864929199,105.871643066,-8.2783241272,-76.340637207,20.3506278992,14.6286420822,-10.3769311905,4.99763441086,-21.5473518372,10.7580289841,7.53215408325,6.76681518555,85.1255264282]],"icov":[[0.000138562420034,-0.000379053992219,0.000918175850529,-0.000829530355986,0.000850760901812,-0.000421909877332,0.000196320761461,-0.000100159035355,0.000105664083094,-0.0000774522777647,0.000187739846297,-0.000314397417242,0.000188521196833],[-0.000379053992219,0.00272161699831,-0.00334677728824,0.0041026272811,-0.00319276936352,0.00147188920528,-0.00114355562255,0.00127599551342,-0.0012147432426,0.00128431781195,-0.00207652244717,0.00280643650331,-0.0014147600159],[0.000918175850529,-0.00334677728824,0.00937619712204,-0.00856112036854,0.00698112975806,-0.00443643005565,0.00235087634064,-0.00191838631872,0.00122156064026,-0.00135958881583,0.00118555338122,-0.000491664861329,0.000139780182508],[-0.000829530355986,0.0041026272811,-0.00856112036854,0.0129639385268,-0.0109119247645,0.00606250716373,-0.00127827131655,-0.00218986906111,0.00160061114002,-0.000561699969694,0.00221101008356,-0.00512736150995,0.00535713741556],[0.000850760901812,-0.00319276936352,0.00698112975806,-0.0109119247645,0.0153014371172,-0.0073850825429,-0.00169342558365,0.00447514932603,-0.00361049058847,0.0039280471392,-0.00649602711201,0.00772547675297,-0.00681666890159],[-0.000421909877332,0.00147188920528,-0.00443643005565,0.00606250716373,-0.0073850825429,0.00950271449983,0.000260073633399,-0.00534206349403,0.00588453188539,-0.00292565324344,0.00313946697861,-0.00589533010498,0.00439990870655],[0.000196320761461,-0.00114355562255,0.00235087634064,-0.00127827131655,-0.00169342558365,0.000260073633399,0.00890579167753,-0.000491761427838,-0.00248165219091,0.0000158787188411,0.00316525693052,-0.00483320141211,0.00205935561098],[-0.000100159035355,0.00127599551342,-0.00191838631872,-0.00218986906111,0.00447514932603,-0.00534206349403,-0.000491761427838,0.0145434802398,-0.00969858653843,0.00412572640926,-0.00854761525989,0.0119981821626,-0.00828610546887],[0.000105664083094,-0.0012147432426,0.00122156064026,0.00160061114002,-0.00361049058847,0.00588453188539,-0.00248165219091,-0.00969858653843,0.02182232216,-0.0138496700674,0.0113161634654,-0.0126939192414,0.0107919238508],[-0.0000774522777647,0.00128431781195,-0.00135958881583,-0.000561699969694,0.0039280471392,-0.00292565324344,0.0000158787188411,0.00412572640926,-0.0138496700674,0.0308882128447,-0.0219498928636,0.0139082036912,-0.0097217168659],[0.000187739846297,-0.00207652244717,0.00118555338122,0.00221101008356,-0.00649602711201,0.00313946697861,0.00316525693052,-0.00854761525989,0.0113161634654,-0.0219498928636,0.0398743711412,-0.0256507862359,0.011310826987],[-0.000314397417242,0.00280643650331,-0.000491664861329,-0.00512736150995,0.00772547675297,-0.00589533010498,-0.00483320141211,0.0119981821626,-0.0126939192414,0.0139082036912,-0.0256507862359,0.0380264110863,-0.0169586446136],[0.000188521196833,-0.0014147600159,0.000139780182508,0.00535713741556,-0.00681666890159,0.00439990870655,0.00205935561098,-0.00828610546887,0.0107919238508,-0.0097217168659,0.011310826987,-0.0169586446136,0.0248255450279]],"mean":[-35.4556770325,78.5359725952,-102.484687805,3.60492444038,-15.536740303,-15.2406177521,8.83409023285,-19.1867599487,0.331655323505,-9.88954162598,-8.17770576477,0.847926557064,-10.4525098801]},"hfc":{"dmean":18.9881782532,"dmean2":25.7848320007,"dvar":608.539672852,"dvar2":1189.28295898,"max":444.815460205,"mean":64.7138366699,"median":43.8638687134,"min":1.07435892172e-16,"var":3586.52172852},"melbands":{"dmean":[0.00200367113575,0.000699087569956,0.0003009759821,0.000160565949045,0.000253989710473,0.000154863155331,0.0000923966435948,0.000113111971586,0.000196189124836,0.000150328807649,0.000166430108948,0.0000947109947447,0.000102622121631,0.0000881555970409,0.0000653561728541,0.000035667897464,0.000025130188078,0.0000274340036412,0.0000301588315779,0.0000164782559295,0.0000121337279779,0.0000118421221487,0.0000103930969999,0.00000941710368352,0.00000812128018879,0.00000712998507879,0.0000054895390349,0.00000434569119534,0.00000369712120118,0.00000224377390623,0.00000192071615857,0.00000223033930524,9.83391487352e-7,7.63467880915e-7,6.83132213908e-7,5.18576371178e-7,5.00736405229e-7,2.68058442998e-7,2.1817053053e-8,1.5459985292e-8],"dmean2":[0.0034617758356,0.00121393834706,0.00050406192895,0.000257572770352,0.000404449150665,0.000244009337621,0.000151057189214,0.000185865952517,0.000331765128067,0.000243578950176,0.000272093340755,0.000151904983795,0.000165254925378,0.000140371834277,0.000107861495053,0.0000580059895583,0.000041199298721,0.0000449497929367,0.0000487782926939,0.0000268076437351,0.0000194028179976,0.0000187281784747,0.0000157783761097,0.0000142766093632,0.0000119965425256,0.0000105054205051,0.00000785742122389,0.00000626295286565,0.00000529876979272,0.00000312043584927,0.00000269574115919,0.00000325627547682,0.00000134037804855,0.00000100530940017,9.02208967091e-7,6.60828618493e-7,6.74756677199e-7,3.82350293648e-7,3.5384331909e-8,2.57508236956e-8],"dvar":[0.0000201753446163,0.00000192522702491,3.47926004451e-7,1.50891722228e-7,4.46778273044e-7,1.43792476592e-7,3.66831116594e-8,8.36844762375e-8,4.33816325085e-7,1.68825991409e-7,2.46704900064e-7,4.27095834254e-8,5.60667885452e-8,5.32285078236e-8,1.49932510851e-8,4.62597737894e-9,2.58136978459e-9,2.73779554583e-9,3.54413520753e-9,1.07824893458e-9,4.98069530064e-10,4.42351294483e-10,3.69512559439e-10,3.91331800298e-10,2.97202429334e-10,1.90675059075e-10,1.18756268708e-10,8.42526326483e-11,4.77923256526e-11,1.62556548083e-11,1.22327053001e-11,2.00219112123e-11,2.61471703664e-12,1.54076404413e-12,1.47188435485e-12,9.93137538353e-13,1.24399286445e-12,4.27561333777e-13,1.6178732692e-15,1.05099943387e-15],"dvar2":[0.0000535261387995,0.00000529314729647,9.24837422644e-7,3.43376541423e-7,0.0000010235537502,3.27810738554e-7,9.69865752154e-8,2.23692453005e-7,0.00000130893215555,4.56980927765e-7,6.36236165974e-7,1.00753098309e-7,1.40179466257e-7,1.25896491454e-7,4.13305123459e-8,1.15062297468e-8,6.9442736006e-9,7.10847514185e-9,9.33192101371e-9,2.63553534552e-9,1.24389398781e-9,1.09920383906e-9,8.30683744013e-10,9.00800434245e-10,6.6657040998e-10,4.23094365098e-10,2.41360320619e-10,2.06073866305e-10,1.08293429779e-10,3.40451902781e-11,2.62207842244e-11,4.78895811895e-11,5.42974909826e-12,2.90080698177e-12,2.77480577578e-12,1.70526689557e-12,2.45812940315e-12,9.14602920309e-13,3.93169443061e-15,2.64813543069e-15],"max":[0.0412806384265,0.0149230062962,0.0134781049564,0.0183930024505,0.013939387165,0.0108037218451,0.00412736693397,0.0122168604285,0.0195064283907,0.0129215503111,0.0134013760835,0.0080790752545,0.00825537461787,0.00628649815917,0.0017948015593,0.00206975126639,0.00155416305643,0.00120636296924,0.00145333714318,0.000787078461144,0.000357908284059,0.000270266144071,0.000286714406684,0.000439244642621,0.000222092436161,0.00030935095856,0.000346026470652,0.000302734901197,0.000143456258229,0.000130916465423,0.000093706388725,0.000094920884294,0.0000340978149325,0.0000221391128434,0.0000153530381795,0.000014183946405,0.0000192781426449,0.000013905331798,6.62928073325e-7,5.90834076775e-7],"mean":[0.0017331201816,0.000775054970291,0.000457542861113,0.000272003235295,0.000373049027985,0.000235072235228,0.000138434712426,0.000157307717018,0.000273428100627,0.000233265993302,0.000239820394199,0.000149708095705,0.000158160604769,0.000142001284985,0.000103811318695,0.0000599800368946,0.0000398108822992,0.000042135019612,0.0000481810493511,0.000025825596822,0.0000192918942048,0.0000179061225936,0.0000153525325004,0.0000137740744321,0.0000120967561088,0.0000109380562208,0.000008874316336,0.00000722677896192,0.00000611084169577,0.00000381503559765,0.00000328415103468,0.00000335349068337,0.00000164181960827,0.00000117580668757,9.64366449807e-7,7.24258313767e-7,6.33709419162e-7,3.10337327392e-7,2.2423829904e-8,1.45764094128e-8],"median":[0.000429011008237,0.000378896715119,0.000212784303585,0.00010401437612,0.000093966613349,0.0000819317792775,0.0000512025580974,0.0000494957093906,0.0000605753448326,0.0000594512748648,0.0000555298829568,0.0000513199556735,0.0000515892243129,0.0000476383502246,0.0000382963189622,0.000023259275622,0.0000151426902448,0.0000178870686796,0.0000190706105059,0.0000117442359624,0.00000849799471325,0.00000693009633324,0.0000057291244957,0.00000491219543619,0.00000413887937611,0.00000411522614741,0.00000286921363113,0.0000023593493097,0.00000184237342182,0.00000121909397421,0.0000011403942608,0.00000116045669074,5.93147262862e-7,3.40860481174e-7,1.86715652717e-7,9.76509184625e-8,3.5890025174e-8,1.42881155796e-8,6.98083413297e-9,4.12738287991e-9],"min":[9.03306971806e-25,6.72916101524e-25,1.05913944249e-24,1.04175334257e-24,1.16921650156e-24,1.29614136159e-24,1.20066030003e-24,2.22189773704e-24,2.13949687675e-24,1.65978010788e-24,2.26622619788e-24,1.51672886019e-24,2.98247127349e-24,3.21431867682e-24,3.64549032609e-24,2.55841574123e-24,1.62605097937e-24,1.80015790596e-24,2.77187558572e-24,3.801766038e-24,2.8842750513e-24,3.52606033492e-24,3.68970519097e-24,4.49588672066e-24,4.06910271574e-24,4.78992357903e-24,3.93619109169e-24,4.34458517119e-24,4.48844500131e-24,4.89616223815e-24,5.25535427412e-24,5.48532852724e-24,5.20070277947e-24,5.29563587852e-24,5.3991513898e-24,5.93878944138e-24,4.96915632657e-24,4.89168111377e-24,6.29916752973e-24,6.54503456907e-24],"var":[0.0000149754769154,0.00000157010242674,5.3803580613e-7,4.04082811656e-7,8.85110523541e-7,2.74920722632e-7,6.29297431942e-8,1.11571551997e-7,5.9348957393e-7,3.13255043238e-7,4.17754222326e-7,9.04321879602e-8,1.07346004086e-7,1.14814682206e-7,2.68701771944e-8,9.16687348251e-9,4.03491906553e-9,4.69307970263e-9,6.86146828244e-9,1.78816950136e-9,8.30110147287e-10,7.45603745411e-10,6.25245910602e-10,5.95221150146e-10,4.73216965613e-10,3.40207445548e-10,2.83611856222e-10,1.8319290529e-10,1.06695659252e-10,4.24274573807e-11,2.76844120545e-11,3.03657307632e-11,5.96596556879e-12,3.43163366646e-12,2.98221690398e-12,2.07039919063e-12,2.09944518367e-12,6.01373497441e-13,1.80399975963e-15,1.02113813434e-15]},"melbands_crest":{"dmean":4.78121805191,"dmean2":7.99618768692,"dvar":23.6223545074,"dvar2":59.0082054138,"max":37.7545013428,"mean":14.3747501373,"median":12.8315696716,"min":1.00168681145,"var":51.0065040588},"melbands_flatness_db":{"dmean":0.034878294915,"dmean2":0.0527504608035,"dvar":0.000997986178845,"dvar2":0.00235179578885,"max":0.603043913841,"mean":0.207047432661,"median":0.19667032361,"min":-1.55315632355e-7,"var":0.00616260385141},"melbands_kurtosis":{"dmean":9.35314083099,"dmean2":15.3640155792,"dvar":718.378112793,"dvar2":1813.86975098,"max":1864.51806641,"mean":15.597278595,"median":2.95491242409,"min":-1.73999321461,"var":3399.01123047},"melbands_skewness":{"dmean":0.907330691814,"dmean2":1.45421731472,"dvar":1.289691329,"dvar2":3.34350013733,"max":35.4753494263,"mean":2.25009346008,"median":1.59481060505,"min":-1.68629825115,"var":5.59107780457},"melbands_spread":{"dmean":8.91539096832,"dmean2":13.5598859787,"dvar":114.832427979,"dvar2":243.481811523,"max":185.116378784,"mean":28.8213920593,"median":24.7356414795,"min":0.219230368733,"var":509.681976318},"mfcc":{"cov":[[13465.9267578,1000.53668213,-1714.64245605,89.0633392334,-1215.99816895,194.064544678,-575.678833008,152.82409668,-395.355133057,107.741020203,-237.023117065,97.203338623,-184.128936768],[1000.53668213,1809.24206543,-316.057373047,-386.608093262,-136.671783447,-33.4028434753,40.4580459595,-196.509887695,108.570114136,-153.981918335,138.640884399,-205.124755859,69.8504638672],[-1714.64245605,-316.057373047,796.760070801,32.5872154236,294.557342529,-67.1078414917,74.1676330566,46.3632926941,13.2577619553,77.3669204712,2.21156573296,88.9616546631,-33.0945625305],[89.0633392334,-386.608093262,32.5872154236,520.954772949,37.2561187744,83.3777770996,-18.8823280334,107.749404907,-27.2173404694,51.9449119568,-16.1612625122,57.8090438843,7.16306114197],[-1215.99816895,-136.671783447,294.557342529,37.2561187744,351.684204102,33.626953125,124.934394836,26.1160850525,35.8826904297,12.8219385147,5.10305786133,37.429851532,21.0037765503],[194.064544678,-33.4028434753,-67.1078414917,83.3777770996,33.626953125,179.859710693,54.6298522949,56.598903656,-20.4593696594,-13.8886423111,-26.0223693848,14.8877506256,21.3214206696],[-575.678833008,40.4580459595,74.1676330566,-18.8823280334,124.934394836,54.6298522949,162.41947937,16.6911907196,41.2750663757,-35.640914917,14.9199867249,-13.8447771072,32.1412277222],[152.82409668,-196.509887695,46.3632926941,107.749404907,26.1160850525,56.598903656,16.6911907196,144.543182373,-6.02711820602,56.9388389587,-33.1425361633,55.8208732605,-14.1298112869],[-395.355133057,108.570114136,13.2577619553,-27.2173404694,35.8826904297,-20.4593696594,41.2750663757,-6.02711820602,112.065238953,0.733825802803,47.9892692566,-37.6383285522,24.9545764923],[107.741020203,-153.981918335,77.3669204712,51.9449119568,12.8219385147,-13.8886423111,-35.640914917,56.9388389587,0.733825802803,118.28591156,3.8310174942,61.9741668701,-27.8686656952],[-237.023117065,138.640884399,2.21156573296,-16.1612625122,5.10305786133,-26.0223693848,14.9199867249,-33.1425361633,47.9892692566,3.8310174942,112.724975586,-13.4068183899,27.2572402954],[97.203338623,-205.124755859,88.9616546631,57.8090438843,37.429851532,14.8877506256,-13.8447771072,55.8208732605,-37.6383285522,61.9741668701,-13.4068183899,124.776947021,-3.25882601738],[-184.128936768,69.8504638672,-33.0945625305,7.16306114197,21.0037765503,21.3214206696,32.1412277222,-14.1298112869,24.9545764923,-27.8686656952,27.2572402954,-3.25882601738,73.5830230713]],"icov":[[0.00017808303528,-0.000170278523001,0.000259646767518,-0.0000596985119046,0.000304447370581,-0.0000940815370996,0.000136285219924,-0.000189430444152,0.000298499537166,-0.000204938391107,0.00022990477737,-0.000332099676598,0.00029558580718],[-0.000170278523001,0.00107549119275,-0.000123674239148,0.000560693850275,-0.000138484247145,-0.000211766775465,-0.0000939603924053,0.000476336281281,-0.00051363336388,0.000479002133943,-0.00102967885323,0.0010547908023,-0.000540088571142],[0.000259646767518,-0.000123674239148,0.00268651288934,-0.0000904528133105,-0.00134985533077,0.00120595446788,-0.000338671321515,-0.000465604825877,0.000651320791803,-0.000707849627361,0.000117729272461,-0.00124768831301,0.00149076024536],[-0.0000596985119046,0.000560693850275,-0.0000904528133105,0.00281445961446,-0.000437609385699,-0.00100055453368,0.00113057997078,-0.00150888843928,0.000317759113386,-0.00000725042445993,-0.00100175361149,0.000743754557334,-0.00107154098805],[0.000304447370581,-0.000138484247145,-0.00134985533077,-0.000437609385699,0.00648598652333,-0.00103094568476,-0.00331152509898,0.00108587031718,-0.000716345733963,-0.000984994694591,0.00120268890169,-0.00157875055447,-0.000214425599552],[-0.0000940815370996,-0.000211766775465,0.00120595446788,-0.00100055453368,-0.00103094568476,0.00939485244453,-0.00319955451414,-0.00308859627694,0.00258104712702,0.000644528423436,0.00100026198197,0.0000571676828258,-0.00201731245033],[0.000136285219924,-0.0000939603924053,-0.000338671321515,0.00113057997078,-0.00331152509898,-0.00319955451414,0.012891584076,-0.0030892402865,-0.00256668031216,0.00433900812641,-0.00134528579656,0.000540726410691,-0.00114800687879],[-0.000189430444152,0.000476336281281,-0.000465604825877,-0.00150888843928,0.00108587031718,-0.00308859627694,-0.0030892402865,0.0141845541075,-0.00323133380152,-0.0046523003839,0.00342184235342,-0.00293841771781,0.00160563748796],[0.000298499537166,-0.00051363336388,0.000651320791803,0.000317759113386,-0.000716345733963,0.00258104712702,-0.00256668031216,-0.00323133380152,0.0166152454913,-0.00450342427939,-0.00387340574525,0.00610249256715,-0.00418158993125],[-0.000204938391107,0.000479002133943,-0.000707849627361,-0.00000725042445993,-0.000984994694591,0.000644528423436,0.00433900812641,-0.0046523003839,-0.00450342427939,0.018269719556,-0.00355462566949,-0.00643452676013,0.00549903418869],[0.00022990477737,-0.00102967885323,0.000117729272461,-0.00100175361149,0.00120268890169,0.00100026198197,-0.00134528579656,0.00342184235342,-0.00387340574525,-0.00355462566949,0.0141459926963,-0.00161391869187,-0.00302943610586],[-0.000332099676598,0.0010547908023,-0.00124768831301,0.000743754557334,-0.00157875055447,0.0000571676828258,0.000540726410691,-0.00293841771781,0.00610249256715,-0.00643452676013,-0.00161391869187,0.0171002987772,-0.00598362274468],[0.00029558580718,-0.000540088571142,0.00149076024536,-0.00107154098805,-0.000214425599552,-0.00201731245033,-0.00114800687879,0.00160563748796,-0.00418158993125,0.00549903418869,-0.00302943610586,-0.00598362274468,0.0214307494462]],"mean":[-685.339904785,139.232940674,-27.1464691162,33.5431442261,-11.0789489746,21.9662857056,-0.578516960144,13.9262962341,-0.302875608206,6.28336763382,-1.94152021408,2.30894875526,0.196739122272]},"pitch_salience":{"dmean":0.0867242440581,"dmean2":0.144411295652,"dvar":0.00724384561181,"dvar2":0.0192283708602,"max":0.996091365814,"mean":0.583645999432,"median":0.60566920042,"min":0.0807740390301,"var":0.0152189517394},"silence_rate_20dB":{"dmean":0,"dmean2":0,"dvar":0,"dvar2":0,"max":1,"mean":1,"median":1,"min":1,"var":0},"silence_rate_30dB":{"dmean":0.0122858826071,"dmean2":0.024574669078,"dvar":0.0121357049793,"dvar2":0.0334235876799,"max":1,"mean":0.99208599329,"median":1,"min":0,"var":0.00785115547478},"silence_rate_60dB":{"dmean":0.0460720621049,"dmean2":0.0921550095081,"dvar":0.0439555123448,"dvar2":0.094997420907,"max":1,"mean":0.121663123369,"median":0,"min":0,"var":0.106870815158},"spectral_centroid":{"dmean":288.447387695,"dmean2":388.601715088,"dvar":132620.125,"dvar2":222374.390625,"max":11629.3574219,"mean":1604.5546875,"median":1385.55517578,"min":144.238876343,"var":1402214.5},"spectral_complexity":{"dmean":4.75794458389,"dmean2":6.37618160248,"dvar":31.2668113708,"dvar2":44.9678726196,"max":59,"mean":19.8098278046,"median":19,"min":0,"var":185.169021606},"spectral_contrast_coeffs":{"dmean":[0.0523816794157,0.0473142229021,0.0387621000409,0.0292083602399,0.0209917519242,0.0455123856664],"dmean2":[0.0871774181724,0.0791131183505,0.0643754601479,0.0484556593001,0.0342255719006,0.0695891678333],"dvar":[0.00184963538777,0.00144125835504,0.00103014626075,0.000538383203093,0.00030882837018,0.0016055641463],"dvar2":[0.00500443996862,0.00396485254169,0.00272816978395,0.00145061779767,0.000791667494923,0.00367885944434],"max":[-0.354084014893,-0.459896564484,-0.543208956718,-0.626388311386,-0.710759103298,-0.421788722277],"mean":[-0.710895299911,-0.788972020149,-0.799991250038,-0.809711933136,-0.822228252888,-0.696200072765],"median":[-0.716473460197,-0.795682191849,-0.803858578205,-0.808894991875,-0.818816423416,-0.684946715832],"min":[-0.975009739399,-0.993310153484,-0.99764329195,-0.986200749874,-0.987608969212,-0.963896691799],"var":[0.00651076063514,0.00528647657484,0.00444059958681,0.0024133909028,0.00137019704562,0.00778347393498]},"spectral_contrast_valleys":{"dmean":[0.490186333656,0.459582656622,0.390553951263,0.351639986038,0.364830166101,0.660479426384],"dmean2":[0.754614949226,0.715604484081,0.591287374496,0.521993637085,0.458066850901,0.966069638729],"dvar":[0.219833657146,0.235201239586,0.194702595472,0.197532951832,0.225650683045,0.344339370728],"dvar2":[0.429627865553,0.466949701309,0.355172753334,0.345849514008,0.353266656399,0.78339099884],"max":[-5.29949760437,-4.63552522659,-4.88803386688,-5.46632099152,-5.50497722626,-8.95011997223],"mean":[-7.57936048508,-7.08985710144,-7.30640268326,-7.72852039337,-7.79458808899,-11.5586442947],"median":[-7.26370811462,-6.62243938446,-6.82573652267,-7.23964357376,-7.35202884674,-11.2547359467],"min":[-28.4646053314,-28.3509941101,-27.8094177246,-27.6734046936,-27.515745163,-27.3689823151],"var":[5.19267559052,5.85886764526,5.94526386261,5.62040948868,5.5317568779,3.76580309868]},"spectral_decrease":{"dmean":3.01305891348e-9,"dmean2":4.75547246026e-9,"dvar":2.31381988424e-17,"dvar2":5.60872593668e-17,"max":2.83226553321e-10,"mean":-5.11350473076e-9,"median":-3.02388958318e-9,"min":-4.61393874218e-8,"var":3.43816695165e-17},"spectral_energy":{"dmean":0.0123471263796,"dmean2":0.0189396385103,"dvar":0.000364177190932,"dvar2":0.000860563421156,"max":0.18858332932,"mean":0.0251692887396,"median":0.0159973353148,"min":9.9324754106e-21,"var":0.000677965465002},"spectral_energyband_high":{"dmean":0.000419430900365,"dmean2":0.000486039498355,"dvar":3.63118488167e-7,"dvar2":5.32322530944e-7,"max":0.00945966783911,"mean":0.000894234748557,"median":0.000384188373573,"min":7.20858742492e-21,"var":0.00000140786664815},"spectral_energyband_low":{"dmean":0.00785342883319,"dmean2":0.0132573768497,"dvar":0.000250401441008,"dvar2":0.000647337117698,"max":0.147992029786,"mean":0.00788848754019,"median":0.00293557299301,"min":1.50156044549e-23,"var":0.000204731622944},"spectral_energyband_middle_high":{"dmean":0.00252835545689,"dmean2":0.00371868093498,"dvar":0.0000171408228198,"dvar2":0.0000384656814276,"max":0.0997357591987,"mean":0.00662150559947,"median":0.00368606019765,"min":1.2192830041e-21,"var":0.0000702886827639},"spectral_energyband_middle_low":{"dmean":0.00336411315948,"dmean2":0.00524089252576,"dvar":0.0000382472098863,"dvar2":0.0000985467413557,"max":0.124803200364,"mean":0.00773129984736,"median":0.00388811901212,"min":1.76805854831e-22,"var":0.000117722585856},"spectral_entropy":{"dmean":0.155521437526,"dmean2":0.217472210526,"dvar":0.0272165462375,"dvar2":0.0513951331377,"max":9.8251991272,"mean":7.68820476532,"median":7.73906421661,"min":5.81510257721,"var":0.177163720131},"spectral_flux":{"dmean":0.0298333503306,"dmean2":0.046434585005,"dvar":0.00145207124297,"dvar2":0.00293517508544,"max":0.377128958702,"mean":0.0923261865973,"median":0.08236631006,"min":6.5073724187e-11,"var":0.00359794264659},"spectral_kurtosis":{"dmean":3.26072049141,"dmean2":4.77576255798,"dvar":19.6025753021,"dvar2":41.9502944946,"max":98.0080032349,"mean":14.0124168396,"median":12.7347831726,"min":-1.25485026836,"var":53.9411315918},"spectral_rms":{"dmean":0.0010792221874,"dmean2":0.00156771601178,"dvar":0.00000181929249266,"dvar2":0.00000380084679819,"max":0.0135640604421,"mean":0.00432648416609,"median":0.00395058933645,"min":3.11291183802e-12,"var":0.0000058369796534},"spectral_rolloff":{"dmean":4021.12329102,"dmean2":7340.08398438,"dvar":41935300,"dvar2":97077400,"max":22028.4667969,"mean":7419.10546875,"median":2648.58398438,"min":43.06640625,"var":69754808},"spectral_skewness":{"dmean":0.29639980197,"dmean2":0.416425168514,"dvar":0.115685544908,"dvar2":0.224411591887,"max":7.98763179779,"mean":2.34490799904,"median":2.24027132988,"min":-0.0643911361694,"var":0.511736690998},"spectral_spread":{"dmean":485266,"dmean2":721005.375,"dvar":1046399352830,"dvar2":2049753219070,"max":42959724,"mean":4307823.5,"median":3826979,"min":1460384.75,"var":13555123355600},"spectral_strongpeak":{"dmean":1.12456345558,"dmean2":2.03118681908,"dvar":14.7554512024,"dvar2":40.6958427429,"max":77.1257095337,"mean":1.14019191265,"median":0.217260181904,"min":0,"var":12.0067138672},"zerocrossingrate":{"dmean":0.0339141748846,"dmean2":0.0416929535568,"dvar":0.000983869307674,"dvar2":0.00150311505422,"max":0.69677734375,"mean":0.224204257131,"median":0.2119140625,"min":0.03125,"var":0.00712559325621}},"metadata":{"audio_properties":{"analysis_sample_rate":44100,"bit_rate":195736,"codec":"mp3","downmix":"mix","equal_loudness":0,"length":196.54637146,"lossless":false,"md5_encoded":"ec793270f8ad83554bb9984e8cd16eab","replay_gain":-3.3513507843},"tags":{"album":["Mirrors"],"albumartist":["Blue Öyster Cult"],"albumartistsort":["Blue Öyster Cult"],"artist":["Blue Öyster Cult"],"artistsort":["Blue Öyster Cult"],"asin":["B0000025GG"],"barcode":["074643600927"],"catalognumber":["CK 36009"],"date":["1987-08-02"],"discnumber":["1/1"],"file_name":"08 You're Not the One (I Was Looking For).mp3","label":["Columbia Records"],"language":["eng"],"media":["CD"],"mp3gain_album_minmax":["041,210"],"mp3gain_minmax":["061,210"],"musicbrainz album release country":["US"],"musicbrainz album status":["official"],"musicbrainz album type":["album"],"musicbrainz_albumartistid":["c7423e0c-ab3e-4ab4-be10-cdff5a9d3062"],"musicbrainz_albumid":["4f72ca12-f912-4125-8a0f-83b01743244b"],"musicbrainz_artistid":["c7423e0c-ab3e-4ab4-be10-cdff5a9d3062"],"musicbrainz_recordingid":["86e7c5cd-56c1-4618-812a-ec58a2e6b071"],"musicip_puid":["2815c35f-3d12-d608-7290-0ab7e20faf99"],"originaldate":["1979"],"replaygain_album_gain":["-2.57 dB"],"replaygain_album_peak":["0.858439"],"replaygain_track_gain":["-2.48 dB"],"replaygain_track_peak":["0.791123"],"script":["Latn"],"title":["You're Not the One (I Was Looking For)"],"tracknumber":["8/9"]},"version":{"essentia":"2.1-beta1","essentia_build_sha":"bda5e90839f2e183d44a111976edb2fa785c9dca","essentia_git_sha":"v2.1_beta1-13-g0c62dac-dirty","extractor":"music 1.0"}},"rhythm":{"beats_count":390,"beats_loudness":{"dmean":0.0191707611084,"dmean2":0.033959954977,"dvar":0.000297230522847,"dvar2":0.000964324048255,"max":0.143957287073,"mean":0.0385290309787,"median":0.0351665057242,"min":0,"var":0.000516873958986},"beats_loudness_band_ratio":{"dmean":[0.19632384181,0.0669354200363,0.0876933559775,0.100690700114,0.0815606564283,0.0858922824264],"dmean2":[0.338428497314,0.115676917136,0.15253603458