{"lowlevel":{"average_loudness":0.938904702663,"barkbands":{"dmean":[0.00062469713157,0.00360509590246,0.0028802184388,0.00129020516761,0.00156090094242,0.000542917347047,0.000641181366518,0.000866659567691,0.00107809307519,0.000675444025546,0.000351969210897,0.000502565177158,0.000509702600539,0.000493972504046,0.000549305288587,0.00033656071173,0.000386570085539,0.000248542492045,0.000148743434693,0.0000897071440704,0.0000695507915225,0.0000600614112045,0.0000407721563533,0.0000361338898074,0.0000270334730885,0.0000205180167541,0.00000694096206644],"dmean2":[0.000934480223805,0.00616411166266,0.00504539674148,0.00222542718984,0.00257937982678,0.000871254538652,0.00103006162681,0.00139937014319,0.00165635673329,0.00103176978882,0.000548118259758,0.000819979584776,0.000811722653452,0.000787205353845,0.000879183469806,0.00053783506155,0.000609489099588,0.000384032842703,0.000238157896092,0.000143030716572,0.000107083331386,0.0000922653198359,0.0000621591389063,0.0000537615451321,0.0000386581814382,0.0000293701759801,0.0000103679831227],"dvar":[0.00000219821185965,0.0000669912842568,0.0000334878059221,0.00000292363915833,0.00000700276132193,7.14640066235e-7,0.00000112073837499,0.00000368419250663,0.00000718053343007,0.00000285162809632,8.15977898583e-7,0.00000119168464607,0.00000202693058782,0.00000136584844768,0.00000207878201763,5.00086400734e-7,7.04748060798e-7,3.37957516194e-7,5.20825302885e-8,2.20416325192e-8,1.77552603731e-8,1.98249328065e-8,8.20848011784e-9,1.3591821002e-8,8.43532266259e-9,2.72631739406e-9,3.5405936516e-10],"dvar2":[0.00000486401359012,0.00018079621077,0.0000948119559325,0.00000816512965685,0.0000185771696124,0.0000018341146415,0.00000286717408926,0.00000886299949343,0.0000158315178851,0.00000539137727174,0.00000174601166236,0.00000269861448032,0.00000465321318188,0.00000301676413983,0.00000461433501187,0.0000010500064036,0.0000014411821212,6.98986013958e-7,1.29509686531e-7,5.35793525103e-8,4.15349923344e-8,5.01192829461e-8,1.97352321152e-8,3.05687599678e-8,1.72680376664e-8,5.94206062132e-9,8.5997514665e-10],"max":[0.011392492801,0.0716754794121,0.0621594414115,0.0192571505904,0.038038007915,0.0194101929665,0.0181038882583,0.0424579381943,0.0484609119594,0.0524326600134,0.0541747659445,0.0327803120017,0.042293407023,0.0348701253533,0.0353614464402,0.0256098564714,0.0198302641511,0.0177590828389,0.00653414754197,0.00343272602186,0.00296061742119,0.00532739143819,0.00166235142387,0.00361854862422,0.00337077653967,0.00113653740846,0.000344270578353],"mean":[0.000563962443266,0.00409273244441,0.00359886139631,0.0025594716426,0.00298273493536,0.00108446378727,0.00128160661552,0.00141445815098,0.00191645452287,0.00135568913538,0.000683481688611,0.000893855234608,0.000905058754142,0.000924599706195,0.00108627718873,0.000712502514943,0.00083720945986,0.000557606050279,0.000348542467691,0.000194356631255,0.000150384425069,0.000115323229693,0.000070537236752,0.0000609924900346,0.0000483357434859,0.000033943917515,0.0000101433888631],"median":[0.0000344405671058,0.00190682709217,0.00209092162549,0.00181230716407,0.00181704061106,0.000610859075096,0.000794602790847,0.000737049733289,0.000839625718072,0.000580338644795,0.000257015926763,0.000534038583282,0.000386935251299,0.000508620520122,0.000592314405367,0.000430830608821,0.000485923897941,0.00032284038025,0.000232524733292,0.000124461788801,0.0000790008198237,0.0000528611017216,0.0000300429601339,0.0000199997593882,0.0000171089304786,0.0000106059796963,0.00000251090887105],"min":[3.15481884305e-23,8.46820961396e-24,2.25060201879e-24,1.01797388e-23,2.4830603949e-23,2.64271637579e-24,2.05983415267e-23,1.96431508773e-23,5.12285388326e-23,1.04898166716e-22,5.26347749041e-23,3.19462823531e-23,8.6134605214e-23,1.07081456022e-22,6.65842464673e-23,2.06312130451e-22,2.98395409533e-22,3.66000688136e-22,3.52418674294e-22,1.76381182606e-22,4.84263559603e-22,7.58268046279e-22,6.11430512367e-22,6.65236884555e-22,1.00389696638e-21,1.6367538497e-21,2.01734326441e-21],"var":[0.00000233554101214,0.0000529042590642,0.0000257463707385,0.00000592007427258,0.000011004785847,0.00000201038210434,0.00000259420198745,0.00000640486268821,0.0000155198758875,0.000010689629562,0.00000361467982657,0.00000215137697523,0.00000456322368336,0.00000292468575935,0.00000492181425216,0.00000126841416659,0.00000205033506973,9.54393271968e-7,1.48867215444e-7,5.05587003374e-8,4.41238015014e-8,3.15173025456e-8,1.187792531e-8,2.37448745111e-8,1.92397813237e-8,4.77789630082e-9,4.51792131484e-10]},"barkbands_crest":{"dmean":2.07123422623,"dmean2":3.43892621994,"dvar":3.87550830841,"dvar2":10.4177970886,"max":24.97539711,"mean":8.56270885468,"median":7.70553779602,"min":2.41434955597,"var":14.2009487152},"barkbands_flatness_db":{"dmean":0.0168922450393,"dmean2":0.0251986403018,"dvar":0.000320191524224,"dvar2":0.000697538082022,"max":0.518696725368,"mean":0.125186771154,"median":0.103661209345,"min":0.0253268741071,"var":0.0060999551788},"barkbands_kurtosis":{"dmean":2.95553803444,"dmean2":5.14704322815,"dvar":183.884857178,"dvar2":666.24005127,"max":835.056213379,"mean":6.2052526474,"median":0.392628788948,"min":-1.98390436172,"var":1618.32519531},"barkbands_skewness":{"dmean":0.450734585524,"dmean2":0.725485861301,"dvar":0.370921254158,"dvar2":1.04908466339,"max":23.6855163574,"mean":1.34767794609,"median":1.00797820091,"min":-2.7338244915,"var":3.26985859871},"barkbands_spread":{"dmean":4.20256900787,"dmean2":6.56149435043,"dvar":29.7185325623,"dvar2":71.4870681763,"max":162.193817139,"mean":23.3698177338,"median":22.9087791443,"min":0.350975096226,"var":184.334335327},"dissonance":{"dmean":0.013647952117,"dmean2":0.0230391677469,"dvar":0.000212645230931,"dvar2":0.000563939975109,"max":0.500000059605,"mean":0.473257243633,"median":0.479649603367,"min":0.247679501772,"var":0.000555082631763},"dynamic_complexity":3.04024147987,"erbbands":{"dmean":[0.140701621771,0.750843524933,2.694896698,4.22667789459,4.82961320877,5.3945441246,3.48124265671,4.79073953629,7.02079916,15.8211603165,18.9469089508,25.7637653351,24.4989585876,14.6982479095,11.1517572403,23.0468788147,22.036359787,24.0197963715,28.3636188507,22.7407131195,15.7058506012,18.9798603058,14.3751602173,8.15716362,5.76867055893,4.35401439667,3.30722761154,2.46839904785,2.32001638412,1.69962012768,1.11999452114,0.846399486065,0.555746138096,0.349235713482,0.175844848156,0.0785952359438,0.0413265451789,0.0122167365626,0.00104034610558,0.0000534636164957],"dmean2":[0.240611717105,1.34083390236,4.7773270607,7.32466125488,8.06599521637,8.96871471405,5.62173700333,7.76316690445,11.4670581818,25.1381607056,29.9501800537,39.7119598389,37.5304908752,22.3491020203,17.8479557037,37.2459411621,34.8320655823,38.0061187744,45.1421928406,35.6140365601,24.7292098999,29.6236972809,22.1499824524,13.1579036713,9.20725822449,6.99436664581,5.23626089096,3.81383371353,3.57958626747,2.61321234703,1.7103292942,1.28159177303,0.830679118633,0.515558898449,0.251632869244,0.112188920379,0.0606574676931,0.0184169989079,0.00153644382954,0.0000782507486292],"dvar":[0.1129745543,3.12476110458,34.629863739,38.9965820312,56.9578514099,101.333000183,28.2055435181,66.7193832397,143.884216309,819.6796875,2114.33178711,4936.50830078,3582.93676758,1163.00134277,554.611450195,2602.29980469,3779.91357422,3511.65771484,5428.74658203,2981.17749023,1120.14074707,1528.93554688,970.346496582,174.473876953,86.3522491455,62.3015098572,42.6507225037,23.6145172119,26.4631614685,17.6623935699,5.93809080124,7.14421129227,3.08254647255,1.8595790863,0.390849322081,0.0413204133511,0.0118085062131,0.00114598427899,0.00000744122326068,1.46457130867e-8],"dvar2":[0.300209969282,8.88996601105,98.7754058838,109.789329529,154.210494995,273.066436768,74.2679672241,173.12512207,375.098266602,2011.51062012,5147.60791016,11226.6806641,7155.51757812,2418.58203125,1271.14855957,5818.76660156,8329.5625,7718.04931641,12239.8476562,6232.63476562,2371.5222168,2995.17871094,1958.75793457,393.159851074,203.695205688,154.552490234,106.619148254,56.5721244812,66.39453125,43.9160423279,14.4062232971,16.6718082428,7.03364801407,4.30552339554,0.749224841595,0.0789976119995,0.0271536111832,0.00280759599991,0.0000175339209818,3.45143043035e-8],"max":[2.67776918411,16.8857402802,60.7033653259,74.2828674316,102.032356262,125.310661316,85.8332595825,176.433227539,295.298400879,622.673339844,1135.49206543,1513.9597168,1536.84448242,1096.46130371,1053.76953125,1659.30908203,2124.08349609,1973.78894043,2298.00268555,1666.15869141,1663.33154297,1279.45300293,957.982543945,463.141235352,424.717895508,213.640335083,169.411514282,131.01411438,144.291702271,138.06350708,42.3247451782,86.0811767578,46.5177268982,62.312587738,35.9452934265,5.7863984108,2.43747639656,0.70008957386,0.0520535074174,0.00233807880431],"mean":[0.129154801369,0.894903242588,3.393450737,7.483335495,10.2062654495,9.37897872925,6.42334651947,9.41719150543,13.6220350266,28.8497219086,33.2109642029,45.4710235596,50.5113601685,33.0738067627,23.7598590851,42.5410919189,43.0605545044,48.266002655,55.8980140686,51.123966217,38.0232124329,45.0051574707,35.9559326172,20.6305103302,13.9515476227,9.52166461945,6.94385576248,5.28505945206,4.44960451126,3.0136218071,1.91361021996,1.37451028824,0.933578193188,0.594186306,0.313055753708,0.137305945158,0.0651632472873,0.0177346747369,0.00157131638844,0.000104940663732],"median":[0.0391900464892,0.477443158627,2.09970617294,6.02426528931,8.04907894135,4.78486156464,3.54243087769,5.2780418396,8.21542358398,15.4652795792,16.7706623077,19.5895118713,24.077507019,15.4564266205,12.7712306976,25.4337730408,22.1380958557,26.1951332092,33.4001235962,29.0715446472,23.3806152344,28.1441478729,21.4332618713,14.664024353,9.55344676971,5.92347621918,3.62266421318,2.91365838051,2.00174546242,1.23322343826,0.806889593601,0.464185416698,0.304334163666,0.200043410063,0.109850309789,0.0488996654749,0.0183504689485,0.0040789982304,0.000433066044934,0.0000583608707529],"min":[4.84097759974e-22,1.33780611132e-21,2.78940973748e-21,2.03265693018e-20,3.63982637043e-20,1.28118941925e-19,4.36964944047e-20,3.34160191021e-20,2.33612193501e-19,4.21159629267e-19,5.93948301748e-19,1.05404626928e-18,3.63397813887e-18,1.67311175523e-18,1.74060266218e-18,1.85200714028e-18,4.25034515487e-18,4.62292425997e-18,4.00624415611e-18,6.82790198213e-18,1.39148868583e-17,1.76128705786e-17,2.14807423075e-17,1.50462333626e-17,1.44973874456e-17,9.31035868155e-18,1.91770591908e-17,2.15202434905e-17,2.48263470868e-17,1.9474764802e-17,2.06315057511e-17,1.74131709808e-17,9.89757916149e-18,1.20166537634e-17,6.72755008458e-18,5.60281895721e-18,2.92501342318e-18,1.00554846317e-18,2.77663852119e-19,3.52707486747e-20],"var":[0.087826192379,2.18327593803,24.0341243744,44.4153900146,84.7630157471,156.120269775,58.8369102478,168.979797363,331.185394287,1698.36022949,3937.9675293,9936.03125,12986.5097656,5261.27148438,1950.56896973,4889.51171875,8907.65722656,8047.09814453,10294.6669922,9545.55078125,3192.29174805,5118.39892578,3592.64501953,501.798614502,243.343200684,138.113510132,95.6985168457,50.1716690063,48.5846138,24.7814865112,8.59829616547,10.6816921234,5.74002552032,3.5270447731,0.837697327137,0.088321171701,0.0183428376913,0.00143485772423,0.00001020374566,2.12954667234e-8]},"erbbands_crest":{"dmean":2.13021659851,"dmean2":3.4185333252,"dvar":5.32087945938,"dvar2":12.7443189621,"max":29.6496868134,"mean":8.09109973907,"median":6.70412921906,"min":2.06064677238,"var":18.6994857788},"erbbands_flatness_db":{"dmean":0.0170751083642,"dmean2":0.0237673539668,"dvar":0.000350531598087,"dvar2":0.00065594696207,"max":0.409186184406,"mean":0.155096247792,"median":0.148111999035,"min":0.0212022382766,"var":0.00289220595732},"erbbands_kurtosis":{"dmean":0.667672634125,"dmean2":1.05513763428,"dvar":1.4753203392,"dvar2":3.2446615696,"max":39.1866149902,"mean":0.510343849659,"median":-0.205101132393,"min":-1.76412904263,"var":6.86826324463},"erbbands_skewness":{"dmean":0.272404104471,"dmean2":0.419306993484,"dvar":0.0759606137872,"dvar2":0.165848389268,"max":6.00246524811,"mean":0.0822853967547,"median":-0.0165974907577,"min":-3.33961796761,"var":0.625205636024},"erbbands_spread":{"dmean":5.91584444046,"dmean2":9.16046142578,"dvar":49.858745575,"dvar2":112.090240479,"max":164.284378052,"mean":33.701007843,"median":31.3774795532,"min":2.15957021713,"var":291.874969482},"gfcc":{"cov":[[22545.4355469,-1410.98181152,-3008.87353516,-224.120620728,-1160.39526367,500.289001465,-832.290527344,59.168800354,-593.430969238,168.040267944,-481.653656006,278.468688965,-328.453521729],[-1410.98181152,1982.74865723,-140.274688721,-6.55924320221,219.435974121,-391.560943604,175.80758667,-100.169792175,154.949493408,-91.2433166504,124.996269226,-140.852737427,90.3744049072],[-3008.87353516,-140.274688721,1169.17028809,29.7025279999,171.846282959,19.7873687744,69.3768920898,56.5116233826,38.9254341125,3.60286951065,17.8514270782,-20.6856136322,-7.77370357513],[-224.120620728,-6.55924320221,29.7025279999,363.78994751,-36.1204185486,85.6196746826,24.8782253265,-27.4230117798,37.1905555725,-15.7399950027,23.5121574402,-30.6570968628,37.3309936523],[-1160.39526367,219.435974121,171.846282959,-36.1204185486,286.480285645,-49.5082626343,83.4148178101,15.2797327042,31.9300575256,-11.7669239044,10.7183218002,-4.22377872467,6.78265619278],[500.289001465,-391.560943604,19.7873687744,85.6196746826,-49.5082626343,234.236328125,0.527832448483,32.6919937134,-40.2720222473,-3.0382912159,-20.7849216461,19.387090683,-20.7838306427],[-832.290527344,175.80758667,69.3768920898,24.8782253265,83.4148178101,0.527832448483,151.774719238,14.5387048721,29.7211952209,-9.57136058807,20.1431274414,-22.2674751282,9.70200634003],[59.168800354,-100.169792175,56.5116233826,-27.4230117798,15.2797327042,32.6919937134,14.5387048721,85.5480651855,19.032371521,13.1739778519,-15.6018342972,9.90111446381,-12.0707588196],[-593.430969238,154.949493408,38.9254341125,37.1905555725,31.9300575256,-40.2720222473,29.7211952209,19.032371521,111.658233643,27.2873783112,27.7449913025,-16.04646492,17.3158893585],[168.040267944,-91.2433166504,3.60286951065,-15.7399950027,-11.7669239044,-3.0382912159,-9.57136058807,13.1739778519,27.2873783112,73.6259536743,13.1779727936,13.1036520004,-12.9232387543],[-481.653656006,124.996269226,17.8514270782,23.5121574402,10.7183218002,-20.7849216461,20.1431274414,-15.6018342972,27.7449913025,13.1779727936,71.3608398438,4.08754682541,20.8306827545],[278.468688965,-140.852737427,-20.6856136322,-30.6570968628,-4.22377872467,19.387090683,-22.2674751282,9.90111446381,-16.04646492,13.1036520004,4.08754682541,66.6493453979,3.71750068665],[-328.453521729,90.3744049072,-7.77370357513,37.3309936523,6.78265619278,-20.7838306427,9.70200634003,-12.0707588196,17.3158893585,-12.9232387543,20.8306827545,3.71750068665,59.0671920776]],"icov":[[0.000178760310519,-0.000244981463766,0.000336629251251,-0.000151697051479,0.000318873877404,-0.000345938344253,0.000558159546927,-0.000422940618591,0.000732470769435,-0.000829292752314,0.000967677740846,-0.000606116605923,0.000473299383884],[-0.000244981463766,0.00174158730078,-0.000143337310874,0.000307913171127,-0.000924394174945,0.0021423578728,-0.0015207832912,0.00101081829052,-0.00198804936372,0.00304122758098,-0.00307428534143,0.00261542620137,-0.000756302964874],[0.000336629251251,-0.000143337310874,0.00169599731453,-0.000401229452109,-0.000111427543743,-0.000381848250981,0.000924843538087,-0.00135479890741,0.00122629269026,-0.00117654667702,0.00103063869756,-0.000349043140886,0.00105923938099],[-0.000151697051479,0.000307913171127,-0.000401229452109,0.00436063203961,0.000178055444849,-0.00206318823621,-0.000699780881405,0.00250310287811,-0.00283033703454,0.00143243919592,-0.00126710254699,0.00244280067272,-0.00280711869709],[0.000318873877404,-0.000924394174945,-0.000111427543743,0.000178055444849,0.00565549451858,-0.000269086973276,-0.00124556256924,-0.000865997222718,0.000667920918204,-0.000943263527006,0.00271838949993,-0.00297507504001,0.00117021275219],[-0.000345938344253,0.0021423578728,-0.000381848250981,-0.00206318823621,-0.000269086973276,0.0094641931355,-0.00289083016105,-0.0019863920752,0.000448182516266,0.00387643487193,-0.00347636360675,0.000947452150285,0.00136520294473],[0.000558159546927,-0.0015207832912,0.000924843538087,-0.000699780881405,-0.00124556256924,-0.00289083016105,0.0113983312622,-0.00337686575949,0.00204227562062,-0.0024365929421,0.00116634194274,0.000334723299602,0.000993910245597],[-0.000422940618591,0.00101081829052,-0.00135479890741,0.00250310287811,-0.000865997222718,-0.0019863920752,-0.00337686575949,0.0183566622436,-0.0077699618414,0.00152502977289,0.00222159503028,-0.00100143556483,-0.0000612151561654],[0.000732470769435,-0.00198804936372,0.00122629269026,-0.00283033703454,0.000667920918204,0.000448182516266,0.00204227562062,-0.0077699618414,0.0193696953356,-0.0108072515577,0.00167017732747,0.000331027316861,-0.00142998225056],[-0.000829292752314,0.00304122758098,-0.00117654667702,0.00143243919592,-0.000943263527006,0.00387643487193,-0.0024365929421,0.00152502977289,-0.0108072515577,0.0255629532039,-0.010633489117,0.000740974908695,0.00432390440255],[0.000967677740846,-0.00307428534143,0.00103063869756,-0.00126710254699,0.00271838949993,-0.00347636360675,0.00116634194274,0.00222159503028,0.00167017732747,-0.010633489117,0.0272570271045,-0.00861960090697,-0.002137911506],[-0.000606116605923,0.00261542620137,-0.000349043140886,0.00244280067272,-0.00297507504001,0.000947452150285,0.000334723299602,-0.00100143556483,0.000331027316861,0.000740974908695,-0.00861960090697,0.0247283484787,-0.00699797878042],[0.000473299383884,-0.000756302964874,0.00105923938099,-0.00280711869709,0.00117021275219,0.00136520294473,0.000993910245597,-0.0000612151561654,-0.00142998225056,0.00432390440255,-0.002137911506,-0.00699797878042,0.0253622792661]],"mean":[-1.71410930157,100.741859436,-117.594070435,24.5618133545,-37.9797859192,7.19576072693,-30.6102619171,8.26645183563,-18.6184597015,-1.04521489143,-21.3553619385,-5.07134532928,-17.1153678894]},"hfc":{"dmean":5.13857650757,"dmean2":7.64391946793,"dvar":51.2947731018,"dvar2":109.291526794,"max":124.85533905,"mean":23.1257133484,"median":19.6841506958,"min":1.0990212786e-16,"var":301.064788818},"melbands":{"dmean":[0.00109638751019,0.00125439709518,0.000676891766489,0.000396001152694,0.00013426708756,0.000110179651529,0.000108035543235,0.000173048931174,0.000160533629241,0.000161576026585,0.000123610603623,0.0000634662646917,0.0000446613958047,0.0000523888593307,0.0000523382914253,0.0000528482487425,0.0000476824789075,0.0000483890071337,0.0000379576194973,0.0000273945497611,0.0000202511728276,0.0000217056676775,0.0000210952166526,0.000010234904039,0.00000721495825928,0.00000608931077295,0.00000324650068251,0.00000303216279463,0.00000254625774687,0.00000154903329985,0.00000159302805969,0.00000138907262226,0.00000119677747534,9.17050783755e-7,7.07828121449e-7,5.30033162249e-7,5.41468978099e-7,4.14783215774e-7,3.52469839981e-7,2.97008966754e-7],"dmean2":[0.00183385296259,0.00223666871898,0.00116460898425,0.000657867989503,0.000218438173761,0.000177811976755,0.000176410874701,0.000277055631159,0.000253138743574,0.000247730640694,0.000189082318684,0.000096445903182,0.0000708676525392,0.0000848149284138,0.0000826925897854,0.0000830323624541,0.0000756825902499,0.0000769685502746,0.0000600025305175,0.000043396561523,0.0000319938080793,0.0000338645695592,0.0000327296074829,0.0000159942064784,0.0000117712079373,0.00000981791708909,0.0000051955107665,0.00000493287780046,0.00000411292467106,0.00000243697127189,0.0000025220012958,0.00000216855028157,0.00000190736705008,0.00000143038391798,0.00000110662699626,8.26768939532e-7,8.28475151593e-7,6.3286626073e-7,5.31943669557e-7,4.42016983015e-7],"dvar":[0.00000612835992797,0.00000807772539702,9.16190856515e-7,4.7512176593e-7,4.4694246526e-8,3.20144266652e-8,3.24079394431e-8,1.01426941512e-7,1.44464877394e-7,1.87679646046e-7,9.39239939157e-8,2.24716973918e-8,1.1164056346e-8,1.31754944732e-8,1.16952838525e-8,2.55337422317e-8,1.40284202033e-8,1.58458242083e-8,1.2376952796e-8,3.33375438366e-9,2.42912778781e-9,2.28390772961e-9,2.55984922148e-9,5.70695546376e-10,1.39729852688e-10,1.06455871896e-10,2.33151536272e-11,3.23668522539e-11,2.73626780956e-11,7.5123700663e-12,1.22981668252e-11,8.61121330492e-12,1.24333104576e-11,4.63104598072e-12,2.39683902066e-12,1.48201654941e-12,4.0853332002e-12,1.90810930424e-12,1.28725578374e-12,1.45964208602e-12],"dvar2":[0.0000159560677275,0.0000231106641877,0.00000255567806562,0.00000126725262817,1.19153774847e-7,8.22511978527e-8,8.4621049723e-8,2.47538707754e-7,3.44967844512e-7,4.17707525457e-7,1.86653423384e-7,4.5885961697e-8,2.42230733249e-8,2.937714072e-8,2.46186786512e-8,5.87616817427e-8,3.07159275792e-8,3.56604594742e-8,2.6818304022e-8,7.11850089985e-9,5.25949994667e-9,4.39262670682e-9,5.01712804635e-9,1.1428255009e-9,3.24850424338e-10,2.64532284966e-10,5.45445182076e-11,8.1791906581e-11,7.05289715519e-11,1.77679138763e-11,3.14595433037e-11,2.13104724839e-11,3.35697580844e-11,1.13035475077e-11,5.87708050628e-12,3.59877730914e-12,9.66609518122e-12,4.50727172599e-12,3.03217000119e-12,3.32653501099e-12],"max":[0.0197572596371,0.0274970568717,0.0110080530867,0.00977728143334,0.0031755710952,0.00426235375926,0.00442753452808,0.00667520612478,0.00838467199355,0.00890307221562,0.0081608844921,0.00409795064479,0.00615196302533,0.00405727745965,0.0027538985014,0.0055780899711,0.00396831799299,0.00391540536657,0.00362803414464,0.00208773161285,0.00244796229526,0.00182601576671,0.00135997403413,0.00103930023033,0.000406195991673,0.000403215934057,0.000100111057691,0.000157514936291,0.000144549470861,0.0000438142742496,0.000116884570161,0.0000548356802028,0.000182344097993,0.0000442313830717,0.0000277394701698,0.0000195715401787,0.0000764043506933,0.0000392166402889,0.0000384522863897,0.0000519168570463],"mean":[0.00116973021068,0.00162595359143,0.00137818802614,0.00076004123548,0.000251171994023,0.000220108879148,0.000216292668483,0.000308259623125,0.000278993655229,0.000280677777482,0.000246729905484,0.00013330685033,0.0000882381937117,0.0000919258163776,0.0000981237753876,0.0000944188941503,0.0000885672488948,0.0000879313738551,0.0000773161518737,0.0000573840334255,0.0000423797719122,0.0000456758170913,0.0000463524120278,0.0000225215135288,0.0000159980154422,0.000012718133803,0.00000698896110407,0.00000599146096647,0.00000485922737425,0.00000305642083731,0.00000308830294671,0.00000256453813563,0.00000207726452572,0.00000150835433033,0.00000115946136248,8.44941382638e-7,8.37964876155e-7,6.71321515711e-7,5.52657809294e-7,4.87799979965e-7],"median":[0.000472153013106,0.00106550497003,0.00120867998339,0.000494873500429,0.000141192926094,0.00012417070684,0.000137153387186,0.000165674369782,0.000130744068883,0.00011983019067,0.000112744455691,0.0000589095143368,0.0000369274566765,0.0000541928384337,0.0000580014639127,0.0000418095878558,0.0000449872459285,0.0000503007395309,0.0000412226654589,0.0000336646116921,0.0000232214515563,0.0000270619202638,0.0000253453818004,0.0000137579954753,0.000010955018297,0.0000077719505498,0.00000500502483192,0.00000333640718964,0.00000224285304284,0.00000189364345715,0.00000150377445607,0.00000111815484161,8.97562244973e-7,5.92315473114e-7,4.85761574964e-7,3.17812776984e-7,2.62289859165e-7,2.13446952557e-7,1.76800057261e-7,1.60113444281e-7],"min":[4.7830857327e-24,1.36415980846e-24,3.49909194158e-24,6.32582274529e-24,2.21000605332e-24,7.66906117368e-25,3.57724833577e-24,4.76477982096e-24,5.54787494183e-24,6.92146479355e-24,1.84759901473e-23,6.70870348538e-24,7.28913077337e-24,3.33915828166e-24,5.51943098417e-24,9.55475191494e-24,9.34744636879e-24,7.0950867679e-24,5.72538481715e-24,1.35099245777e-23,1.73610236102e-23,1.78075883023e-23,2.18237706786e-23,1.38185143421e-23,1.20523139399e-23,1.43452067918e-23,6.08234477119e-24,5.63650898656e-24,1.24495803474e-23,1.0687776267e-23,1.33619610932e-23,1.44797517523e-23,1.31172477629e-23,9.1211742399e-24,1.17630457457e-23,1.02263912451e-23,1.02545606791e-23,5.3876821411e-24,9.87658270958e-24,1.02679665814e-23],"var":[0.00000515097553944,0.00000544674912817,0.00000114235535875,6.85046188664e-7,9.00383057001e-8,8.78821282413e-8,7.62265486287e-8,1.9689041153e-7,2.85962386215e-7,3.79896334834e-7,3.36303713766e-7,9.3213884611e-8,4.82966378001e-8,2.36655974817e-8,2.69323425783e-8,5.1966967618e-8,3.18074171446e-8,2.80301044597e-8,3.0811484919e-8,9.71319824572e-9,5.62415580774e-9,6.91816959275e-9,8.5064622013e-9,1.62335833664e-9,3.38737565775e-10,2.61724031336e-10,5.45405803853e-11,6.572512673e-11,5.91736173949e-11,1.3133868125e-11,2.33549707351e-11,1.6771750655e-11,1.33862799317e-11,6.51998333795e-12,3.32020370399e-12,2.05932731805e-12,5.66454652282e-12,3.19290319011e-12,2.31165629173e-12,2.79375069086e-12]},"melbands_crest":{"dmean":2.69981908798,"dmean2":4.40905189514,"dvar":6.35824680328,"dvar2":16.6294689178,"max":35.9231376648,"mean":12.6979293823,"median":12.0372161865,"min":2.38350653648,"var":20.6420478821},"melbands_flatness_db":{"dmean":0.0209432207048,"dmean2":0.0324855968356,"dvar":0.000541989691556,"dvar2":0.00125796534121,"max":0.687631249428,"mean":0.202030256391,"median":0.17517504096,"min":0.0131633765996,"var":0.00966235436499},"melbands_kurtosis":{"dmean":6.97734975815,"dmean2":12.0412225723,"dvar":723.793701172,"dvar2":2387.95678711,"max":1042.48950195,"mean":15.2129163742,"median":4.01018047333,"min":-1.72891998291,"var":2948.56591797},"melbands_skewness":{"dmean":0.621452093124,"dmean2":1.00457036495,"dvar":0.783315718174,"dvar2":2.16546225548,"max":28.2155342102,"mean":2.33046650887,"median":1.92160058022,"min":-0.665274322033,"var":4.12413549423},"melbands_spread":{"dmean":5.50814008713,"dmean2":8.78263759613,"dvar":38.6466445923,"dvar2":94.2970809937,"max":169.404495239,"mean":25.7306900024,"median":25.3262710571,"min":0.321334570646,"var":209.083343506},"mfcc":{"cov":[[11800.1552734,-413.405395508,-1634.52270508,-303.677490234,-318.639434814,79.2493286133,-138.403793335,-17.1637763977,-85.2509765625,-116.690345764,-111.349525452,-81.3797607422,-89.816116333],[-413.405395508,1280.43359375,-122.603851318,142.188522339,55.9116020203,-71.2452468872,-15.4577741623,0.721498131752,-12.0936164856,3.05449724197,38.6763534546,-20.428855896,-10.5359897614],[-1634.52270508,-122.603851318,853.008666992,54.0727615356,104.831054688,29.8328456879,39.2515907288,10.3061552048,18.2404060364,44.5949630737,8.2678937912,25.2951335907,3.18950271606],[-303.677490234,142.188522339,54.0727615356,228.656219482,25.3972244263,32.6824073792,-0.568531930447,-0.404711812735,18.3316993713,21.5102748871,-6.93858623505,5.47011756897,18.0414924622],[-318.639434814,55.9116020203,104.831054688,25.3972244263,158.365356445,11.1135931015,9.29708766937,20.4635028839,19.221540451,4.7483124733,4.00170326233,1.25378620625,-0.753867566586],[79.2493286133,-71.2452468872,29.8328456879,32.6824073792,11.1135931015,105.872558594,41.2532272339,24.9286937714,6.21698999405,7.34366703033,0.894029021263,6.46577835083,-0.128428325057],[-138.403793335,-15.4577741623,39.2515907288,-0.568531930447,9.29708766937,41.2532272339,109.80355835,43.1182785034,8.7903842926,5.22268533707,2.93755221367,-0.366184860468,-6.52087831497],[-17.1637763977,0.721498131752,10.3061552048,-0.404711812735,20.4635028839,24.9286937714,43.1182785034,85.90599823,30.0043907166,1.97638237476,4.3676199913,0.124968238175,-9.77998352051],[-85.2509765625,-12.0936164856,18.2404060364,18.3316993713,19.221540451,6.21698999405,8.7903842926,30.0043907166,67.0004806519,31.1516666412,8.39057064056,2.88932847977,-0.201528772712],[-116.690345764,3.05449724197,44.5949630737,21.5102748871,4.7483124733,7.34366703033,5.22268533707,1.97638237476,31.1516666412,67.9557113647,26.4088039398,7.13992643356,4.3307595253],[-111.349525452,38.6763534546,8.2678937912,-6.93858623505,4.00170326233,0.894029021263,2.93755221367,4.3676199913,8.39057064056,26.4088039398,58.6807670593,21.4698734283,3.15887308121],[-81.3797607422,-20.428855896,25.2951335907,5.47011756897,1.25378620625,6.46577835083,-0.366184860468,0.124968238175,2.88932847977,7.13992643356,21.4698734283,52.4483184814,21.562833786],[-89.816116333,-10.5359897614,3.18950271606,18.0414924622,-0.753867566586,-0.128428325057,-6.52087831497,-9.77998352051,-0.201528772712,4.3307595253,3.15887308121,21.562833786,55.2127838135]],"icov":[[0.000131615670398,0.0000322680425597,0.000242700072704,0.000120866716316,0.0000739382303436,-0.000248034892138,0.000202675058972,-0.0000762771087466,0.000110582936031,-0.000119283758977,0.000250257260632,-0.0000546851260879,0.000194402469788],[0.0000322680425597,0.00103646551725,0.000266415794613,-0.000888650945853,-0.000413330824813,0.000965243205428,-0.000135439448059,-0.000289819523459,0.000635121541563,0.000113551024697,-0.00109624711331,0.000592014112044,0.000279457512079],[0.000242700072704,0.000266415794613,0.00187022984028,-0.000099406708614,-0.000858295941725,-0.000261416455032,-0.000128090352518,-0.00000733695560484,0.000703201745637,-0.00129754049703,0.000840666878503,-0.000868544098921,0.000736782327294],[0.000120866716316,-0.000888650945853,-0.000099406708614,0.00600797217339,-0.000147219616338,-0.00280766375363,0.000933908449952,0.000618418096565,-0.00125399534591,-0.00169537821785,0.00273460056633,-0.000576343387365,-0.00152206444182],[0.0000739382303436,-0.000413330824813,-0.000858295941725,-0.000147219616338,0.00756942434236,-0.00079483690206,0.00050483783707,-0.0010345998453,-0.00200038170442,0.00134365749545,-0.000417625036789,0.000467838020995,-0.00015455490211],[-0.000248034892138,0.000965243205428,-0.000261416455032,-0.00280766375363,-0.00079483690206,0.0135264620185,-0.00435107527301,-0.00208709435537,0.00170675269328,-0.000859145366121,-0.000640562211629,-0.00114666018635,0.000408371037338],[0.000202675058972,-0.000135439448059,-0.000128090352518,0.000933908449952,0.00050483783707,-0.00435107527301,0.0132928285748,-0.00604910356924,0.00178870826494,-0.00138884561602,0.000560241052881,0.000569955620449,0.000362128950655],[-0.0000762771087466,-0.000289819523459,-0.00000733695560484,0.000618418096565,-0.0010345998453,-0.00208709435537,-0.00604910356924,0.0190894044936,-0.00960820261389,0.00486199231818,-0.00167205557227,-0.000412304216297,0.00210716016591],[0.000110582936031,0.000635121541563,0.000703201745637,-0.00125399534591,-0.00200038170442,0.00170675269328,0.00178870826494,-0.00960820261389,0.0252529121935,-0.012282082811,0.00247042044066,-0.00080529024126,0.00038491882151],[-0.000119283758977,0.000113551024697,-0.00129754049703,-0.00169537821785,0.00134365749545,-0.000859145366121,-0.00138884561602,0.00486199231818,-0.012282082811,0.02576591447,-0.011644336395,0.00326921371743,-0.00150629901327],[0.000250257260632,-0.00109624711331,0.000840666878503,0.00273460056633,-0.000417625036789,-0.000640562211629,0.000560241052881,-0.00167205557227,0.00247042044066,-0.011644336395,0.0275797042996,-0.0116747608408,0.0029225081671],[-0.0000546851260879,0.000592014112044,-0.000868544098921,-0.000576343387365,0.000467838020995,-0.00114666018635,0.000569955620449,-0.000412304216297,-0.00080529024126,0.00326921371743,-0.0116747608408,0.0285066589713,-0.010463914834],[0.000194402469788,0.000279457512079,0.000736782327294,-0.00152206444182,-0.00015455490211,0.000408371037338,0.000362128950655,0.00210716016591,0.00038491882151,-0.00150629901327,0.0029225081671,-0.010463914834,0.0233898963779]],"mean":[-637.215393066,133.800582886,-14.3031721115,23.9245624542,9.28614044189,5.94804096222,-1.23336005211,6.33749103546,3.57853937149,3.63128137589,3.53305602074,-1.24049556255,-4.77484512329]},"pitch_salience":{"dmean":0.0576978996396,"dmean2":0.094409301877,"dvar":0.00266816350631,"dvar2":0.0070297322236,"max":0.845453023911,"mean":0.584852278233,"median":0.597396612167,"min":0.123589813709,"var":0.00939126964658},"silence_rate_20dB":{"dmean":0,"dmean2":0,"dvar":0,"dvar2":0,"max":1,"mean":1,"median":1,"min":1,"var":0},"silence_rate_30dB":{"dmean":0,"dmean2":0,"dvar":0,"dvar2":0,"max":1,"mean":1,"median":1,"min":1,"var":0},"silence_rate_60dB":{"dmean":0.000642467057332,"dmean2":0.00128507171758,"dvar":0.00064211722929,"dvar2":0.00149740080815,"max":1,"mean":0.0407922901213,"median":0,"min":0,"var":0.0391273908317},"spectral_centroid":{"dmean":169.393508911,"dmean2":267.18661499,"dvar":35028.15625,"dvar2":75273.4921875,"max":10875.8779297,"mean":1325.84094238,"median":1350.53515625,"min":112.217269897,"var":285105.40625},"spectral_complexity":{"dmean":3.3087053299,"dmean2":5.21118021011,"dvar":12.7912082672,"dvar2":27.2970733643,"max":58,"mean":25.367559433,"median":27,"min":0,"var":125.619644165},"spectral_contrast_coeffs":{"dmean":[0.0454496517777,0.0426761619747,0.036814827472,0.0275263004005,0.0208532977849,0.0178145505488],"dmean2":[0.0757014378905,0.070813678205,0.0598925538361,0.0450489632785,0.0337596200407,0.0281898211688],"dvar":[0.00152599299327,0.00127015868202,0.000929642526899,0.000570235657506,0.000344422238413,0.000315866665915],"dvar2":[0.00408559571952,0.00337986112572,0.00231888890266,0.00137658114545,0.000777916342486,0.00071986176772],"max":[-0.360079199076,-0.494484961033,-0.384287059307,-0.486944824457,-0.494464248419,-0.595032691956],"mean":[-0.627624511719,-0.760129153728,-0.763607144356,-0.792697429657,-0.785569965839,-0.758973002434],"median":[-0.628601431847,-0.76359629631,-0.770484626293,-0.796867549419,-0.78780657053,-0.753915607929],"min":[-0.969190180302,-0.974469125271,-0.972486436367,-0.961522698402,-0.962408959866,-0.958427369595],"var":[0.00494838831946,0.00433844607323,0.00456848321483,0.00328592187725,0.00248710275628,0.00212729815394]},"spectral_contrast_valleys":{"dmean":[0.388354629278,0.300586342812,0.281924277544,0.232392251492,0.204207465053,0.311519771814],"dmean2":[0.631541132927,0.493755817413,0.45627823472,0.371233612299,0.309621810913,0.406322032213],"dvar":[0.128487437963,0.0697865858674,0.0662677660584,0.060494851321,0.0672893896699,0.168586298823],"dvar2":[0.303407132626,0.166509896517,0.145135015249,0.117613919079,0.115269526839,0.31790971756],"max":[-5.05018472672,-4.79803228378,-5.39883375168,-5.64182281494,-5.79676389694,-7.85186719894],"mean":[-7.18006801605,-6.61651992798,-7.18500137329,-7.29150009155,-7.50182342529,-10.4962644577],"median":[-6.99679279327,-6.35493659973,-6.78883171082,-6.82056188583,-7.08882141113,-10.0912456512],"min":[-26.7006816864,-26.5984897614,-27.4064025879,-27.2484741211,-27.2528457642,-27.24792099],"var":[1.6917154789,1.96537196636,2.39842367172,2.51447510719,2.39473295212,2.66788196564]},"spectral_decrease":{"dmean":2.38822472909e-9,"dmean2":3.88862941847e-9,"dvar":1.59835596912e-17,"dvar2":4.17105095961e-17,"max":5.96684352585e-17,"mean":-6.99107882696e-9,"median":-5.91294657681e-9,"min":-3.66288226417e-8,"var":2.17256936479e-17},"spectral_energy":{"dmean":0.00934956036508,"dmean2":0.0151746487245,"dvar":0.000237429441768,"dvar2":0.000616623612586,"max":0.140602245927,"mean":0.0284835621715,"median":0.0241496823728,"min":1.00803977608e-20,"var":0.000348178640706},"spectral_energyband_high":{"dmean":0.00024974628468,"dmean2":0.000359007273801,"dvar":2.40096142079e-7,"dvar2":5.35649633093e-7,"max":0.0114060556516,"mean":0.000586671580095,"median":0.00032132313936,"min":7.11952010623e-21,"var":5.66422841075e-7},"spectral_energyband_low":{"dmean":0.00679317396134,"dmean2":0.0114983087406,"dvar":0.000206835989957,"dvar2":0.000556527171284,"max":0.126594126225,"mean":0.0095972744748,"median":0.00638748053461,"min":2.72416673757e-23,"var":0.000168418380781},"spectral_energyband_middle_high":{"dmean":0.00198744726367,"dmean2":0.00298565928824,"dvar":0.00000973524583969,"dvar2":0.0000190268638107,"max":0.0623385943472,"mean":0.0081105241552,"median":0.00607394985855,"min":1.70898099493e-21,"var":0.0000642674349365},"spectral_energyband_middle_low":{"dmean":0.00361151830293,"dmean2":0.00583874667063,"dvar":0.0000214640149352,"dvar2":0.0000537258820259,"max":0.0659421533346,"mean":0.0118598081172,"median":0.0103595107794,"min":1.90685124084e-22,"var":0.0000590603158344},"spectral_entropy":{"dmean":0.116225495934,"dmean2":0.166813701391,"dvar":0.021381482482,"dvar2":0.0375329628587,"max":9.80292415619,"mean":7.57029914856,"median":7.67906951904,"min":4.57655954361,"var":0.296862959862},"spectral_flux":{"dmean":0.0243757814169,"dmean2":0.0366318486631,"dvar":0.00102143466938,"dvar2":0.00198432407342,"max":0.326839119196,"mean":0.0873077660799,"median":0.0774168297648,"min":1.00401187364e-10,"var":0.00261656264775},"spectral_kurtosis":{"dmean":2.48105430603,"dmean2":4.0368180275,"dvar":48.790397644,"dvar2":116.718704224,"max":227.544769287,"mean":8.20081710815,"median":5.48348236084,"min":-1.21153652668,"var":235.3228302},"spectral_rms":{"dmean":0.000755209184717,"dmean2":0.00119426194578,"dvar":0.00000111870610908,"dvar2":0.0000028000488328,"max":0.0117120845243,"mean":0.0049783969298,"median":0.00485393311828,"min":3.13600599482e-12,"var":0.00000300435044664},"spectral_rolloff":{"dmean":333.197296143,"dmean2":550.518493652,"dvar":459013.0625,"dvar2":1227417.875,"max":19724.4140625,"mean":1526.42834473,"median":1464.2578125,"min":64.599609375,"var":2613307.5},"spectral_skewness":{"dmean":0.240701764822,"dmean2":0.379534631968,"dvar":0.162364467978,"dvar2":0.387688994408,"max":12.4224834442,"mean":1.83965015411,"median":1.65397119522,"min":-0.00167994271033,"var":1.07526266575},"spectral_spread":{"dmean":458277.03125,"dmean2":621799.8125,"dvar":436088602624,"dvar2":687964749824,"max":41147852,"mean":3982515.25,"median":3756086,"min":392387.75,"var":2689086521340},"spectral_strongpeak":{"dmean":0.605740785599,"dmean2":1.02668201923,"dvar":1.48096442223,"dvar2":3.72588443756,"max":14.463385582,"mean":1.03609466553,"median":0.40597641468,"min":0,"var":2.82475209236},"zerocrossingrate":{"dmean":0.0075762802735,"dmean2":0.0091251283884,"dvar":0.0000831946745166,"dvar2":0.000110501357995,"max":0.68310546875,"mean":0.0587016008794,"median":0.05517578125,"min":0.00341796875,"var":0.00204365933314}},"metadata":{"audio_properties":{"analysis_sample_rate":44100,"bit_rate":320039,"codec":"mp3","downmix":"mix","equal_loudness":0,"length":216.842453003,"lossless":false,"md5_encoded":"7014198c46f8d3739ff30ccfa69829ee","replay_gain":-15.6961774826,"sample_rate":44100},"tags":{"album":["Choice of Weapon"],"albumartist":["The Cult"],"albumartistsort":["Cult, The"],"artist":["The Cult"],"artistsort":["Cult, The"],"asin":["B0072IVGZG"],"barcode":["711297494891"],"catalognumber":["COOKCD548X"],"contentgroup":["Rock"],"date":["2012-05-21"],"discnumber":["2/2"],"file_name":"2-04 Siberia.mp3","genre":["Rock; Hard Rock; Gothic Rock; Alternative"],"label":["Cooking Vinyl"],"language":["eng"],"media":["CD"],"mood":["Retro"],"musicbrainz album release country":["GB"],"musicbrainz album status":["official"],"musicbrainz album type":["album"],"musicbrainz_albumartistid":["8846e4ff-0c19-4af2-872b-7a8dc7497f68"],"musicbrainz_albumid":["4ab926a7-c5b6-4165-8034-1e42849ec73b"],"musicbrainz_artistid":["8846e4ff-0c19-4af2-872b-7a8dc7497f68"],"musicbrainz_recordingid":["86faee40-1e0b-4f5b-81f5-094b4c690487"],"originaldate":["2012-05-21"],"script":["Latn"],"title":["Siberia"],"tracknumber":["4/4"]},"version":{"essentia":"2.1-beta2","essentia_build_sha":"70f2e5ece6736b2c40cc944ad0e695b16b925413","essentia_git_sha":"v2.1_beta2","extractor":"music 1.0"}},"rhythm":{"beats_count":478,"beats_loudness":{"dmean":0.011562012136,"dmean2":0.0195626746863,"dvar":0.0000973062487901,"dvar2":0.000274449033896,"max":0.0882901772857,"mean":0.0405451320112,"median":0.0410679876804,"min":1.19617171723e-9,"var":0.000233261729591},"beats_loudness_band_ratio":{"dmean":[0.134517401457,0.0731773003936,0.0792263299227,0.0613747760653,0.0621807724237,0.0222407542169],"dmean2":[0.225189387798,0.126540586352,0.137378662825,0.109144024551,0.106921322644,0.0354501120746],"dvar":[0.014499056153,0.00349519308656,0.00917010381818,0.00626703677699,0.00826740544289,0.000699012365658],"dvar2":[0.0352370515466,0.00944645795971,0.025183