{"lowlevel":{"average_loudness":0.626250445843,"barkbands":{"dmean":[0.0000183890260814,0.0000910105009098,0.000346067128703,0.000611321884207,0.00193336571101,0.00153416511603,0.00100262172054,0.00112044101115,0.00167066743597,0.000875618308783,0.000535214319825,0.000400282588089,0.000383659556974,0.000422936544055,0.000249866658123,0.000214337400394,0.000170988729224,0.000111027133244,0.000131340479129,0.000114907277748,0.0000996077797026,0.000189144921023,0.000230592006119,0.0000793181898189,0.00028352366644,0.0000496727370773,0.0000603548978688],"dmean2":[0.0000321520965372,0.00014819871285,0.000539948814549,0.00102630176116,0.00318642146885,0.00237611937337,0.00159427628387,0.00174479815178,0.00245477026328,0.00132608739659,0.000825867522508,0.00064047035994,0.000601837993599,0.000687317806296,0.000406783918152,0.000353504583472,0.00027837001835,0.000178922666237,0.000211936916457,0.000182287127245,0.000157099275384,0.000293208577204,0.000355705793481,0.000117377632705,0.000428582221502,0.0000750481485738,0.00009201879584],"dvar":[7.56327389606e-10,7.52668967152e-8,8.22881361273e-7,0.00000283828489955,0.0000190976043086,0.0000149574671013,0.0000186671059055,0.0000130094640554,0.0000269275205937,0.00000801885835244,0.00000222633161684,0.00000110446319468,0.00000116087630886,9.35518244205e-7,3.45118564837e-7,1.88869393014e-7,1.32991957003e-7,5.37174607018e-8,6.03373351282e-8,4.30098623383e-8,3.97840906885e-8,1.01234910233e-7,1.78716021537e-7,2.89267703124e-8,3.15038704457e-7,8.57341930782e-9,1.50868206816e-8],"dvar2":[2.03681471689e-9,1.82751350053e-7,0.0000019647359295,0.00000705811044099,0.0000479322698084,0.0000320973085763,0.0000399641357944,0.0000281903157884,0.0000537328123755,0.0000149637471623,0.00000432524211647,0.00000258525119534,0.00000250068501373,0.00000226450924856,8.48481647608e-7,4.94435425935e-7,3.45743188745e-7,1.3947006039e-7,1.49924346715e-7,1.01925351714e-7,9.53666798864e-8,2.45248884312e-7,4.1453691324e-7,6.21330258355e-8,7.55563576149e-7,1.93754097211e-8,3.36609708995e-8],"max":[0.000436232832726,0.00643783062696,0.0169877298176,0.037421438843,0.0790412127972,0.0950740426779,0.119202129543,0.0947910025716,0.119722492993,0.102806270123,0.0469661951065,0.0244144573808,0.0321115143597,0.0238473489881,0.0224846079946,0.00868335738778,0.00722843641415,0.00433718319982,0.00474522868171,0.00374809908681,0.00461507868022,0.00383480335586,0.00642921729013,0.00384468771517,0.00679860962555,0.00165301247034,0.00207188911736],"mean":[0.0000196061137103,0.000136445145472,0.000680609315168,0.000854848593008,0.00348980189301,0.00260877190158,0.00139329058584,0.00151867163368,0.00294044893235,0.00137181079481,0.000802893249784,0.000542583002243,0.000559091044124,0.000653964118101,0.000375644216547,0.000359875062713,0.000281535030808,0.000185139186215,0.000237039974309,0.00022390500817,0.000173822278157,0.000283433531877,0.000340387981851,0.000138784642331,0.00036323608947,0.0000783060240792,0.0000774128566263],"median":[0.0000087215230451,0.0000131604556373,0.0000641305668978,0.000181843992323,0.00108794705011,0.000613668002188,0.000259204360191,0.00036398487282,0.000383522768971,0.000204695737921,0.000180686736712,0.000133278910653,0.000138635776239,0.000196956621949,0.000123766512843,0.000173064487171,0.000105520266516,0.0000850499563967,0.000104550927063,0.0000920304446481,0.000065091313445,0.000124923550175,0.000137895985972,0.0000525224895682,0.000105825252831,0.0000267584291578,0.0000219873145397],"min":[1.03863675035e-24,6.48454984246e-24,1.57233882084e-24,1.62233189463e-24,1.66104177257e-23,1.13379254484e-23,8.16706669656e-24,6.91097057693e-24,1.4428013521e-23,2.92309600085e-23,2.2171776667e-23,2.57153572082e-23,2.95574884698e-23,5.22981458677e-23,6.31159847876e-23,7.73123698142e-23,8.39806173569e-23,1.08221366341e-22,1.93651619741e-22,1.99964286653e-22,3.11096196325e-22,3.4697732634e-22,4.88657906121e-22,5.79035365003e-22,9.85695256859e-22,1.35173257339e-21,2.12107526752e-21],"var":[1.05569575304e-9,1.23777837757e-7,0.00000236695746025,0.00000396129280489,0.0000449690815003,0.0000394118287659,0.0000335735676344,0.0000185144981515,0.0000793049621279,0.0000304566947307,0.00000526839494341,0.00000180797132998,0.00000233355262935,0.00000187114483197,5.36275081231e-7,3.49757129925e-7,2.32126751598e-7,8.3940847162e-8,1.25701419051e-7,1.26367808662e-7,8.22080181706e-8,1.52406386178e-7,2.78338688986e-7,5.66595410589e-8,3.9200162405e-7,1.61324251735e-8,2.07999804047e-8]},"barkbands_crest":{"dmean":2.71444177628,"dmean2":4.31533145905,"dvar":7.3662571907,"dvar2":16.7467651367,"max":26.6816902161,"mean":10.3616113663,"median":8.96193599701,"min":1.80907535553,"var":30.4418754578},"barkbands_flatness_db":{"dmean":0.0213781632483,"dmean2":0.0317118316889,"dvar":0.000505455303937,"dvar2":0.00102450267877,"max":0.43701171875,"mean":0.11187274009,"median":0.0986308902502,"min":0.0112267173827,"var":0.00387001247145},"barkbands_kurtosis":{"dmean":3.97927594185,"dmean2":6.12626028061,"dvar":150.110153198,"dvar2":370.879547119,"max":897.577270508,"mean":5.47253990173,"median":1.28406739235,"min":-1.89399945736,"var":446.704803467},"barkbands_skewness":{"dmean":0.627252519131,"dmean2":0.943276762962,"dvar":0.6261048913,"dvar2":1.36919212341,"max":24.79945755,"mean":1.45905971527,"median":1.1987080574,"min":-7.09959125519,"var":2.44138383865},"barkbands_spread":{"dmean":7.99933958054,"dmean2":11.8861980438,"dvar":87.4792251587,"dvar2":187.701950073,"max":90.4898223877,"mean":26.7444915771,"median":22.9745044708,"min":0.146385401487,"var":330.083557129},"dissonance":{"dmean":0.0223220996559,"dmean2":0.0374197922647,"dvar":0.000602839514613,"dvar2":0.00159996526781,"max":0.500000119209,"mean":0.458378344774,"median":0.469994515181,"min":0.0898249596357,"var":0.00148291781079},"dynamic_complexity":4.46383810043,"erbbands":{"dmean":[0.00160058157053,0.0270662270486,0.274970531464,1.29403877258,3.78032445908,7.73310804367,9.77307701111,13.7415504456,13.1275844574,18.2028636932,27.4246711731,35.6792411804,33.4338874817,20.1572380066,18.9046573639,15.364402771,15.6500406265,22.3824214935,12.7538156509,11.8188171387,10.8164043427,8.35661125183,5.96031713486,7.03390026093,6.0207452774,5.3745765686,3.82204008102,5.19327116013,7.34651136398,3.68897342682,9.28291320801,2.30894684792,1.13871645927,0.861063659191,3.19198107719,0.58881342411,0.0982118472457,0.0276802144945,0.00863566529006,0.00103266490623],"dmean2":[0.00261076027527,0.0436129570007,0.43630695343,2.12736058235,6.37357139587,12.7111968994,15.2380609512,21.3889904022,20.5527648926,28.0349807739,41.6495399475,51.9654350281,48.1655921936,30.7978153229,29.4592514038,24.4488868713,24.4098300934,35.8161239624,20.7369003296,19.3383922577,17.6155014038,13.5986919403,9.59842014313,11.3875341415,9.50630760193,8.48854923248,6.04549217224,8.07673454285,11.4362621307,5.60237836838,14.4551115036,3.44241786003,1.69542908669,1.30908501148,4.87428331375,0.878721237183,0.149175971746,0.0413776636124,0.0132227586582,0.00159490457736],"dvar":[0.0000134679148687,0.00701739592478,0.55760204792,11.1683235168,88.0002212524,385.513763428,498.131072998,1580.0045166,2782.58203125,4705.54003906,6795.37548828,14708.4980469,10406.9716797,3644.23779297,2386.71166992,1636.14501953,1826.6776123,2478.87988281,948.737243652,545.267578125,436.557922363,317.406982422,162.595825195,184.025604248,151.266082764,94.8338241577,59.3555488586,77.305847168,163.506820679,41.6036834717,314.909362793,24.1909065247,5.07859182358,2.45674395561,42.7776641846,1.20911180973,0.0338287912309,0.00396689632908,0.00041754724225,0.00000420884634877],"dvar2":[0.0000339002363035,0.0168747492135,1.35981106758,28.7501869202,223.553741455,933.423461914,1087.47485352,3512.13769531,6119.78564453,9468.9453125,14408.6367188,30153.2988281,18604.7050781,7585.07128906,5323.1953125,3916.58984375,4130.46044922,5820.83251953,2370.02539062,1394.8145752,1129.38464355,839.273620605,419.86730957,483.040222168,363.271331787,224.043838501,141.568115234,185.392776489,403.450378418,94.726348877,747.480102539,51.9097518921,11.2248659134,6.07025718689,102.762367249,2.85538673401,0.0796019136906,0.00817664619535,0.00092776393285,0.0000100691950138],"max":[0.0699611902237,2.14121055603,18.0444316864,75.6289901733,149.34274292,457.137939453,512.821228027,1142.61767578,1668.51074219,2561.7824707,2073.24975586,3163.73510742,3992.49780273,1828.48046875,1375.86535645,1121.01733398,1550.4967041,1413.84741211,1271.04846191,361.914123535,465.347351074,356.044158936,253.86920166,244.291107178,260.902435303,160.104019165,203.74017334,216.019683838,153.257873535,123.833206177,251.09425354,126.013122559,45.6892585754,20.0511283875,76.773399353,13.9481277466,3.66127467155,1.31162583828,0.462580680847,0.0242809131742],"mean":[0.00272207264788,0.0443767271936,0.532557427883,2.17531132698,6.24260759354,13.8143949509,15.9103126526,22.5355319977,19.0414009094,27.7437858582,40.129611969,62.0287971497,61.7876358032,31.268573761,29.4650821686,22.1870269775,23.6319160461,38.756526947,20.2102851868,19.6358909607,20.2292633057,14.4480667114,10.4543676376,12.3389415741,10.995341301,10.4735574722,7.2369594574,8.68485450745,10.6130752563,6.30847024918,12.9615726471,3.90894842148,1.96986508369,1.28268551826,3.9234893322,0.803635418415,0.150786668062,0.0463633425534,0.0112105719745,0.00118280563038],"median":[0.00056386901997,0.00430073868483,0.0599236525595,0.520643115044,1.58118367195,3.68593120575,4.74391937256,4.88293838501,4.35776376724,7.36515426636,9.50766658783,9.66287899017,9.87315750122,6.69024085999,8.29174041748,6.04476451874,7.9978260994,11.4889240265,9.16611671448,9.02475643158,9.44965839386,6.17984294891,5.07557296753,5.60623264313,4.23681640625,4.35292434692,3.0545091629,3.82137441635,4.55763816833,2.80964136124,4.77097511292,1.72065091133,0.750639677048,0.490026324987,0.992239534855,0.280108988285,0.0529480352998,0.0126917604357,0.00295852217823,0.000325770321069],"min":[7.76809571835e-23,8.53979870956e-22,3.04139892121e-21,3.03677531278e-21,8.28857188101e-21,5.20107581601e-20,7.18833006253e-20,9.30596606815e-20,1.26401275534e-19,2.44153524733e-19,3.35433861756e-19,2.55504691635e-19,1.99048115563e-19,5.80357775983e-19,1.23768584534e-18,1.66637705748e-18,1.60381852513e-18,2.79351569402e-18,2.88974554379e-18,4.06499300475e-18,4.48169020141e-18,5.20015653401e-18,6.79254042454e-18,8.67179592818e-18,9.0065890093e-18,9.63404851731e-18,8.587777539e-18,1.0967744079e-17,1.20965379039e-17,1.1890348247e-17,1.21413123633e-17,1.00598620715e-17,9.89175829152e-18,9.13972621043e-18,7.39226911611e-18,4.31914093924e-18,2.52394208188e-18,9.93996472325e-19,2.65245156938e-19,2.82191082697e-20],"var":[0.0000312892298098,0.0124070579186,1.39541554451,19.3345279694,154.451705933,1151.76257324,1237.95446777,3632.89282227,4704.50732422,9745.27539062,11338.6972656,38777.9140625,51552.8632812,8823.11914062,4763.01416016,2640.80493164,3107.44995117,6352.42089844,1299.07592773,888.57635498,995.911071777,484.406646729,242.906265259,358.050140381,330.043334961,263.946563721,129.695907593,161.016601562,227.497253418,83.5782394409,439.273651123,46.4698257446,9.93684577942,3.68304777145,51.291305542,1.62000989914,0.0576209947467,0.00843733735383,0.000555420352612,0.00000476229024571]},"erbbands_crest":{"dmean":2.95734381676,"dmean2":4.66644763947,"dvar":8.81145572662,"dvar2":19.8817501068,"max":32.6139450073,"mean":10.1715621948,"median":8.4577331543,"min":2.1774096489,"var":34.6979446411},"erbbands_flatness_db":{"dmean":0.019886225462,"dmean2":0.0285435263067,"dvar":0.000398315460188,"dvar2":0.000786328571849,"max":0.417335957289,"mean":0.153104588389,"median":0.141779452562,"min":0.025065081194,"var":0.00335556664504},"erbbands_kurtosis":{"dmean":1.61795341969,"dmean2":2.46514868736,"dvar":11.7285814285,"dvar2":26.6765022278,"max":112.983146667,"mean":1.66042196751,"median":-0.0554060935974,"min":-1.8820130825,"var":29.8090305328},"erbbands_skewness":{"dmean":0.462230861187,"dmean2":0.688238859177,"dvar":0.263596266508,"dvar2":0.55322021246,"max":9.13083839417,"mean":0.683655738831,"median":0.513735175133,"min":-6.23963069916,"var":1.15844929218},"erbbands_spread":{"dmean":10.4087057114,"dmean2":15.5832967758,"dvar":136.577941895,"dvar2":294.822235107,"max":148.263244629,"mean":40.2720832825,"median":36.7122879028,"min":1.31282055378,"var":537.978820801},"gfcc":{"cov":[[19649.1464844,-1271.3939209,-602.505554199,127.952178955,-989.358764648,125.531074524,-528.287414551,-62.6021232605,-488.779907227,-156.824172974,-427.499511719,-136.169876099,-242.884872437],[-1271.3939209,2017.65161133,-111.882545471,-92.6089630127,95.4630889893,-365.589080811,-1.95136427879,-213.309555054,0.0627043321729,-196.888442993,8.06918334961,-24.8285121918,-0.670265078545],[-602.505554199,-111.882545471,784.872924805,305.467468262,17.2818222046,80.6666793823,-39.8731002808,-28.9313201904,-81.3573989868,-50.7730827332,-65.3606338501,-22.7934322357,-28.0019493103],[127.952178955,-92.6089630127,305.467468262,486.98059082,77.4080200195,42.4601020813,-42.5922622681,-36.2963638306,-77.770942688,-36.12707901,-39.0370063782,-43.8234977722,-15.81690979],[-989.358764648,95.4630889893,17.2818222046,77.4080200195,344.241577148,61.5348968506,69.570526123,34.1354675293,20.4555797577,47.9812507629,15.4973268509,-8.32960128784,-5.41211414337],[125.531074524,-365.589080811,80.6666793823,42.4601020813,61.5348968506,281.942596436,79.3384399414,102.020553589,-20.5272407532,39.0581626892,-10.3247022629,-19.7557239532,-30.6612148285],[-528.287414551,-1.95136427879,-39.8731002808,-42.5922622681,69.570526123,79.3384399414,222.303527832,81.1311416626,44.1946754456,8.1250038147,34.7553253174,11.9698266983,-13.6993017197],[-62.6021232605,-213.309555054,-28.9313201904,-36.2963638306,34.1354675293,102.020553589,81.1311416626,196.329040527,40.1399536133,59.3514022827,-1.75011324883,-9.00786972046,-19.5522079468],[-488.779907227,0.0627043321729,-81.3573989868,-77.770942688,20.4555797577,-20.5272407532,44.1946754456,40.1399536133,164.196868896,59.5227470398,32.9514503479,4.72269582748,2.72086334229],[-156.824172974,-196.888442993,-50.7730827332,-36.12707901,47.9812507629,39.0581626892,8.1250038147,59.3514022827,59.5227470398,138.860076904,42.4921035767,11.8125524521,-2.03980898857],[-427.499511719,8.06918334961,-65.3606338501,-39.0370063782,15.4973268509,-10.3247022629,34.7553253174,-1.75011324883,32.9514503479,42.4921035767,106.34211731,43.6180953979,17.8158359528],[-136.169876099,-24.8285121918,-22.7934322357,-43.8234977722,-8.32960128784,-19.7557239532,11.9698266983,-9.00786972046,4.72269582748,11.8125524521,43.6180953979,97.6274414062,40.4923248291],[-242.884872437,-0.670265078545,-28.0019493103,-15.81690979,-5.41211414337,-30.6612148285,-13.6993017197,-19.5522079468,2.72086334229,-2.03980898857,17.8158359528,40.4923248291,84.0572891235]],"icov":[[0.0000866823102115,0.0000319437422149,0.000161985924933,-0.000090699577413,0.00022424904455,-0.0000624268286629,0.000103305086668,0.0000258189465967,0.000181654424523,-0.0000559986656299,0.000315555982525,-0.000143984187162,0.000297369173495],[0.0000319437422149,0.000912865332793,0.0000414259775425,0.000265451264568,-0.000549202028196,0.0010539063951,-0.000190929480596,0.000376901123673,-9.36620608627e-7,0.00122290488798,-0.000308478833176,0.000430665619206,0.000456577807199],[0.000161985924933,0.0000414259775425,0.00212811585516,-0.00123559613712,0.00054520991398,-0.000636698852759,0.000328680267558,0.000248567259405,0.000362285092706,0.0000987293897197,0.00133276509587,-0.000976261508185,0.00103755097371],[-0.000090699577413,0.000265451264568,-0.00123559613712,0.00332479923964,-0.00122075679246,0.000288782437565,0.000228100994718,0.000333684467478,0.00060243695043,0.000725172169041,-0.000818592729047,0.00154975417536,-0.000479378039017],[0.00022424904455,-0.000549202028196,0.00054520991398,-0.00122075679246,0.00456930417567,-0.00118113390636,-0.000852781289723,0.000165442048456,0.000479111564346,-0.00247769081034,0.00128573307302,-0.000348643719917,0.0001781777828],[-0.0000624268286629,0.0010539063951,-0.000636698852759,0.000288782437565,-0.00118113390636,0.00675080949441,-0.00196089176461,-0.00155706284568,0.00158858974464,-0.000143600671436,-0.000253475242062,0.00125968223438,0.000766912475228],[0.000103305086668,-0.000190929480596,0.000328680267558,0.000228100994718,-0.000852781289723,-0.00196089176461,0.00744727719575,-0.00250890222378,-0.00157296354882,0.00301006413065,-0.00228918879293,-0.00123193860054,0.00151196517982],[0.0000258189465967,0.000376901123673,0.000248567259405,0.000333684467478,0.000165442048456,-0.00155706284568,-0.00250890222378,0.00849968101829,-0.00073248805711,-0.00275469687767,0.00226422538981,0.000240924840909,0.000594980083406],[0.000181654424523,-9.36620608627e-7,0.000362285092706,0.00060243695043,0.000479111564346,0.00158858974464,-0.00157296354882,-0.00073248805711,0.00916419737041,-0.00372009398416,-0.0000547710660612,0.00111443758942,0.0000303544766211],[-0.0000559986656299,0.00122290488798,0.0000987293897197,0.000725172169041,-0.00247769081034,-0.000143600671436,0.00301006413065,-0.00275469687767,-0.00372009398416,0.01427332405,-0.00547307217494,0.000105317434645,0.00123124860693],[0.000315555982525,-0.000308478833176,0.00133276509587,-0.000818592729047,0.00128573307302,-0.000253475242062,-0.00228918879293,0.00226422538981,-0.0000547710660612,-0.00547307217494,0.0163705442101,-0.00607279455289,0.000667854736093],[-0.000143984187162,0.000430665619206,-0.000976261508185,0.00154975417536,-0.000348643719917,0.00125968223438,-0.00123193860054,0.000240924840909,0.00111443758942,0.000105317434645,-0.00607279455289,0.0165063105524,-0.00685177696869],[0.000297369173495,0.000456577807199,0.00103755097371,-0.000479378039017,0.0001781777828,0.000766912475228,0.00151196517982,0.000594980083406,0.0000303544766211,0.00123124860693,0.000667854736093,-0.00685177696869,0.0168790053576]],"mean":[-19.0720844269,38.4980506897,-113.517272949,-3.74219942093,-66.5820999146,-4.7218708992,-42.0402450562,-6.95078516006,-23.3732051849,-4.23339605331,-22.3224143982,-2.31747817993,-13.4632358551]},"hfc":{"dmean":10.7466630936,"dmean2":15.4075498581,"dvar":208.492172241,"dvar2":468.885375977,"max":146.497619629,"mean":26.7997455597,"median":21.582326889,"min":1.05756239072e-16,"var":561.708679199},"melbands":{"dmean":[0.0000194845724764,0.00010589924932,0.000280002976069,0.000408523483202,0.000340657075867,0.000299997394904,0.000203793155379,0.000207201868761,0.000246558833169,0.000230199540965,0.000167052203324,0.0000844874084578,0.0000664514373057,0.0000461070885649,0.0000388154694519,0.0000376625284844,0.0000456920970464,0.0000215476957237,0.0000206897038879,0.000016319048882,0.0000128607644001,0.0000100377810668,0.0000064250525611,0.00000504559920955,0.00000622435482001,0.00000472793681183,0.00000438952110926,0.00000405313085139,0.00000259489820564,0.00000257537794823,0.00000356789792022,0.00000523540256836,0.00000246885701927,0.00000174655644969,0.0000063791753746,0.00000241577890847,0.00000122347273646,8.23283926366e-7,7.1083968578e-7,6.80743085013e-7],"dmean2":[0.0000314228309435,0.000166124824318,0.00046168838162,0.000676999392454,0.000541128218174,0.000465764896944,0.000318321253872,0.00032105401624,0.000371972331777,0.000332042865921,0.000241244473727,0.000130734188133,0.000103306592791,0.0000731316613383,0.0000625016182312,0.000058345758589,0.0000735164285288,0.0000352488314093,0.0000336148041242,0.0000271686985798,0.0000209086356335,0.000016398702428,0.0000104618929981,0.00000819166234578,0.0000101443674794,0.00000760689408708,0.00000695780636306,0.00000653727420286,0.00000416403554482,0.00000412527060689,0.00000559419822821,0.00000823830578156,0.0000039151141209,0.00000270772170552,0.00000997207462206,0.00000376670482183,0.0000018496211851,0.00000124929567846,0.00000108809535959,0.00000108118524622],"dvar":[2.66213007194e-9,8.36454532305e-8,4.75801186894e-7,9.91660726868e-7,5.40566986729e-7,6.79971265072e-7,6.42700172193e-7,4.99352836414e-7,5.4308708286e-7,5.71301598029e-7,2.61929187673e-7,7.10538330395e-8,3.20735580317e-8,1.51650390023e-8,1.26914434517e-8,1.15850138371e-8,1.08981614844e-8,2.94406166113e-9,2.21630735986e-9,1.24808297031e-9,7.12386316604e-10,4.77800465859e-10,1.84770185263e-10,1.16996759503e-10,1.46146858504e-10,8.61079818559e-11,9.60932652894e-11,5.68689574598e-11,2.61732528012e-11,3.46608124147e-11,3.43846097428e-11,9.02248553647e-11,1.76786311284e-11,1.31030715791e-11,1.55380694422e-10,2.28038178618e-11,8.29140835851e-12,3.00892774238e-12,1.96195230201e-12,1.75744163146e-12],"dvar2":[6.47086029204e-9,2.00164791408e-7,0.0000011844256278,0.00000249658842222,0.00000122869062125,0.00000148661047206,0.00000139939288601,9.90871058093e-7,0.00000113310409233,0.00000113521457479,4.64575151682e-7,1.48847675518e-7,6.73400819551e-8,3.5135052201e-8,3.08223384593e-8,2.36279422694e-8,2.58973766876e-8,7.39804395522e-9,5.39103073294e-9,3.24384186179e-9,1.81621118145e-9,1.25192145539e-9,4.8216430848e-10,3.04187841582e-10,3.85639770117e-10,2.13061734922e-10,2.27538043962e-10,1.37756653307e-10,6.40348329917e-11,8.68489516415e-11,8.38545344273e-11,2.22965160224e-10,4.29105015409e-11,2.99009740579e-11,3.73099356965e-10,5.25719225097e-11,1.82709247037e-11,6.69307968423e-12,4.64274235376e-12,4.48338371636e-12],"max":[0.0010518518975,0.00711886491627,0.0141358599067,0.0197113975883,0.0134748890996,0.0228049345315,0.0223152507097,0.0261866468936,0.0230392478406,0.0185323078185,0.0197549145669,0.00774068525061,0.00498250266537,0.00351079646498,0.00414091115817,0.00411629816517,0.00281159393489,0.00180273863953,0.00117505283561,0.000854055979289,0.000624745618552,0.000416722963564,0.000316619349178,0.00026714213891,0.000237245534663,0.000187351251952,0.000226104224566,0.000128359650262,0.000157601098181,0.000192382227397,0.000132063039928,0.000115569819172,0.0000719979143469,0.0000869667419465,0.000202496332349,0.000141287397128,0.0000664401450194,0.0000365622581739,0.0000306810616166,0.0000189365837286],"mean":[0.0000316029545502,0.000208891375223,0.000472830317449,0.000721572083421,0.000592079013586,0.000505717820488,0.000296900368994,0.000311781011987,0.000361099198926,0.00040285292198,0.000301336578559,0.000120208649605,0.000101010482467,0.000065588450525,0.0000526044386788,0.0000574321384192,0.0000757461457397,0.0000305926769215,0.0000309619063046,0.0000257178962784,0.0000233937280427,0.0000161806419783,0.0000104985056169,0.00000828083284432,0.0000103931561171,0.00000802254999144,0.00000743401687942,0.00000722417826182,0.0000046486870815,0.00000412148938267,0.00000551900302526,0.00000709159485268,0.00000381441441277,0.00000282192058876,0.00000863430614118,0.00000370488078261,0.00000195828101823,0.00000135453637995,0.00000117945899092,9.15031364457e-7],"median":[0.00000496929123983,0.0000214157153096,0.000115880044177,0.000201446411666,0.000182761563337,0.000111189292511,0.0000616518955212,0.0000760311959311,0.0000681955134496,0.0000553635654796,0.0000420492578996,0.0000208619112527,0.0000252670579357,0.0000166203208209,0.0000128693463921,0.0000143803754327,0.0000201607181225,0.0000124509206216,0.00000977543459157,0.0000127686525957,0.00000919944977795,0.0000061266036937,0.00000466575420432,0.0000037715549297,0.00000451425512438,0.00000334137189384,0.00000213794737647,0.00000298257418763,0.00000200117119675,0.00000139143560318,0.00000244570765062,0.00000281790153167,0.00000166226845977,0.00000104164166714,0.00000297153314932,0.0000016023570879,6.9427278504e-7,5.01882027493e-7,3.94914764001e-7,3.09024784428e-7],"min":[1.86227734959e-24,2.03690374109e-24,7.0300300993e-25,1.90801826589e-24,2.33722782087e-24,2.18345122031e-24,1.72078153839e-24,3.28199860376e-24,2.87809176231e-24,1.42805162532e-24,5.99639847418e-25,2.06418156512e-24,3.56972654704e-24,2.50542933473e-24,3.46278895715e-24,3.13614630821e-24,4.6896688243e-24,3.58273722995e-24,4.78310860967e-24,3.83910124692e-24,4.57872303216e-24,4.35761123689e-24,5.04755845092e-24,5.64743747111e-24,3.9789737796e-24,5.05164041168e-24,4.40944886469e-24,5.80994163429e-24,4.73976346394e-24,5.36498385184e-24,5.83077387308e-24,6.06381206195e-24,5.54607042251e-24,5.81976965788e-24,7.15027468797e-24,6.21748689945e-24,6.3300660281e-24,6.55270387479e-24,6.97544181213e-24,7.54425548986e-24],"var":[5.01688113275e-9,2.18766643911e-7,8.10383539829e-7,0.00000229552802011,0.0000013979600908,0.0000016851709006,0.00000116004423489,0.00000104510024812,0.00000105715162135,0.00000168245037457,0.00000129311172259,1.5499897188e-7,6.75730618127e-8,2.58556163146e-8,1.97421172743e-8,2.63851749338e-8,2.6458671698e-8,3.63924912428e-9,3.64516949958e-9,2.05086281291e-9,1.81974768587e-9,7.40607020155e-10,2.62807109408e-10,1.71501798873e-10,2.77310313601e-10,1.63956848098e-10,2.25565330303e-10,1.38524400284e-10,5.46324305239e-11,5.90003393364e-11,6.20404283502e-11,1.1603382144e-10,2.89211102983e-11,2.40586283534e-11,2.06989439477e-10,3.7996647495e-11,1.46172639964e-11,5.42415548241e-12,3.60572422614e-12,2.26510758934e-12]},"melbands_crest":{"dmean":3.35047245026,"dmean2":5.36327028275,"dvar":10.3660802841,"dvar2":24.7698688507,"max":36.1287841797,"mean":13.6191959381,"median":12.4134120941,"min":1.66886675358,"var":38.093788147},"melbands_flatness_db":{"dmean":0.0267684832215,"dmean2":0.0392850711942,"dvar":0.000804259732831,"dvar2":0.00161255372223,"max":0.541292607784,"mean":0.167345523834,"median":0.157103776932,"min":0.00375145929866,"var":0.00587831856683},"melbands_kurtosis":{"dmean":7.22482299805,"dmean2":11.1417255402,"dvar":238.654525757,"dvar2":519.364868164,"max":447.387268066,"mean":13.1156101227,"median":5.89874744415,"min":-1.94882249832,"var":628.37512207},"melbands_skewness":{"dmean":0.743262648582,"dmean2":1.12151348591,"dvar":0.789363324642,"dvar2":1.69143986702,"max":18.3820705414,"mean":2.36906647682,"median":1.95303452015,"min":-4.26638936996,"var":3.38588213921},"melbands_spread":{"dmean":9.86270809174,"dmean2":15.1545143127,"dvar":244.482772827,"dvar2":512.314575195,"max":244.25100708,"mean":29.7975177765,"median":22.710149765,"min":0.320025593042,"var":708.002685547},"mfcc":{"cov":[[12027.2119141,-611.394958496,65.3557739258,-16.7174472809,-335.133789062,-1.02759754658,-152.607376099,42.3674964905,-136.337097168,30.4260444641,-70.5336227417,-227.321929932,-189.962844849],[-611.394958496,1795.82116699,-221.862731934,77.6523513794,-33.1291313171,-93.7915725708,-140.596389771,-56.8556098938,-89.2825393677,-112.954299927,-91.8766021729,-70.1581954956,-52.708530426],[65.3557739258,-221.862731934,641.360839844,166.140960693,54.086807251,82.7319564819,7.54072570801,29.7336673737,-44.4837379456,-35.8396644592,-36.9142799377,-58.4321746826,-36.6446800232],[-16.7174472809,77.6523513794,166.140960693,367.014648438,121.738342285,50.7358856201,6.85276603699,-24.6788425446,-19.5687294006,-51.149772644,-49.0040283203,-35.2907371521,-7.75673389435],[-335.133789062,-33.1291313171,54.086807251,121.738342285,237.092269897,69.3177185059,52.1987915039,-22.5828819275,30.2361469269,0.779591858387,6.52123308182,6.20684242249,7.38251638412],[-1.02759754658,-93.7915725708,82.7319564819,50.7358856201,69.3177185059,160.428878784,63.0367660522,24.4778671265,6.31094694138,0.125672399998,0.679856538773,-0.80948227644,3.47974252701],[-152.607376099,-140.596389771,7.54072570801,6.85276603699,52.1987915039,63.0367660522,224.039276123,72.9043960571,48.2447166443,19.136264801,32.1408195496,29.4058761597,29.1581726074],[42.3674964905,-56.8556098938,29.7336673737,-24.6788425446,-22.5828819275,24.4778671265,72.9043960571,143.495010376,45.0872993469,19.4508399963,18.3733730316,0.376511603594,10.8510560989],[-136.337097168,-89.2825393677,-44.4837379456,-19.5687294006,30.2361469269,6.31094694138,48.2447166443,45.0872993469,124.711174011,61.9043617249,39.7102622986,28.2292156219,26.034954071],[30.4260444641,-112.954299927,-35.8396644592,-51.149772644,0.779591858387,0.125672399998,19.136264801,19.4508399963,61.9043617249,130.348526001,61.7208786011,34.7988739014,1.94512176514],[-70.5336227417,-91.8766021729,-36.9142799377,-49.0040283203,6.52123308182,0.679856538773,32.1408195496,18.3733730316,39.7102622986,61.7208786011,112.466392517,51.4544906616,19.6259803772],[-227.321929932,-70.1581954956,-58.4321746826,-35.2907371521,6.20684242249,-0.80948227644,29.4058761597,0.376511603594,28.2292156219,34.7988739014,51.4544906616,106.824981689,53.2608108521],[-189.962844849,-52.708530426,-36.6446800232,-7.75673389435,7.38251638412,3.47974252701,29.1581726074,10.8510560989,26.034954071,1.94512176514,19.6259803772,53.2608108521,101.628082275]],"icov":[[0.0000963070197031,0.0000515218453074,0.0000422818266088,-0.0000586748756177,0.000145165846334,-0.0000510056052008,0.0000452720196336,-0.0000432333908975,0.0000993858920992,-0.0000827525145723,-0.0000130370426632,0.000188343285117,0.0000802687209216],[0.0000515218453074,0.000720006995834,0.000375558505766,-0.000267706054728,0.0000210700382013,0.000194306310732,0.000318720849464,-0.000220470348722,0.000287452683551,0.000332428724505,0.000134755129693,0.000220516798436,0.000287034228677],[0.0000422818266088,0.000375558505766,0.00219562277198,-0.00090781430481,-0.0000416293660237,-0.000654559989925,0.000352638016921,-0.000875081808772,0.000932984927204,0.0000192737952602,-0.0000219694811676,0.000691277848091,0.000416490103817],[-0.0000586748756177,-0.000267706054728,-0.00090781430481,0.00410610483959,-0.00189599057194,-0.000190047940123,-0.0000895623234101,0.000471809791634,-0.000215798485442,0.000684829778038,0.000939225661568,0.000288555485895,-0.000433329027146],[0.000145165846334,0.0000210700382013,-0.0000416293660237,-0.00189599057194,0.00677095586434,-0.00213578087278,-0.00109684187919,0.00233040214516,-0.00212188973092,0.000307139358483,-0.000754068023525,0.000210846861592,0.000342520332197],[-0.0000510056052008,0.000194306310732,-0.000654559989925,-0.000190047940123,-0.00213578087278,0.00843438040465,-0.00163996673655,-0.00106124929152,0.0009872171795,-0.000315550947562,0.000418227515183,-0.0000771734776208,-0.0000820832283353],[0.0000452720196336,0.000318720849464,0.000352638016921,-0.0000895623234101,-0.00109684187919,-0.00163996673655,0.00673251319677,-0.0030762499664,-0.00058255251497,0.000633419083897,-0.000661539670546,-0.000867705559358,-0.000377488991944],[-0.0000432333908975,-0.000220470348722,-0.000875081808772,0.000471809791634,0.00233040214516,-0.00106124929152,-0.0030762499664,0.0105404630303,-0.00374359125271,0.000340259022778,-0.000781681039371,0.00167239422444,-0.000623439031187],[0.0000993858920992,0.000287452683551,0.000932984927204,-0.000215798485442,-0.00212188973092,0.0009872171795,-0.00058255251497,-0.00374359125271,0.013867652975,-0.00549813266844,-0.000342688319506,0.000611665309407,-0.0023597588297],[-0.0000827525145723,0.000332428724505,0.0000192737952602,0.000684829778038,0.000307139358483,-0.000315550947562,0.000633419083897,0.000340259022778,-0.00549813266844,0.0134797310457,-0.00476863700897,-0.00205050944351,0.00299340696074],[-0.0000130370426632,0.000134755129693,-0.0000219694811676,0.000939225661568,-0.000754068023525,0.000418227515183,-0.000661539670546,-0.000781681039371,-0.000342688319506,-0.00476863700897,0.0147391743958,-0.00507053174078,0.000413042755099],[0.000188343285117,0.000220516798436,0.000691277848091,0.000288555485895,0.000210846861592,-0.0000771734776208,-0.000867705559358,0.00167239422444,0.000611665309407,-0.00205050944351,-0.00507053174078,0.0172229819,-0.00736898044124],[0.0000802687209216,0.000287034228677,0.000416490103817,-0.000433329027146,0.000342520332197,-0.0000820832283353,-0.000377488991944,-0.000623439031187,-0.0023597588297,0.00299340696074,0.000413042755099,-0.00736898044124,0.0147379748523]],"mean":[-668.131469727,94.0523986816,-7.1108417511,2.02565526962,-12.4525156021,-2.07457685471,-17.6052303314,-4.24910449982,-9.13544464111,-2.62657833099,-7.86235666275,-6.99095630646,-7.72944355011]},"pitch_salience":{"dmean":0.0730579793453,"dmean2":0.11531431973,"dvar":0.00517350807786,"dvar2":0.0114863980561,"max":0.97361010313,"mean":0.571488678455,"median":0.591008841991,"min":0.0697753876448,"var":0.0178881827742},"silence_rate_20dB":{"dmean":0,"dmean2":0,"dvar":0,"dvar2":0,"max":1,"mean":1,"median":1,"min":1,"var":0},"silence_rate_30dB":{"dmean":0.00242193578742,"dmean2":0.00484429067001,"dvar":0.00241595087573,"dvar2":0.00620443280786,"max":1,"mean":0.996886372566,"median":1,"min":0,"var":0.00310426717624},"silence_rate_60dB":{"dmean":0.0409999117255,"dmean2":0.0820069238544,"dvar":0.0393167212605,"dvar2":0.0854810327291,"max":1,"mean":0.159574463964,"median":0,"min":0,"var":0.134119898081},"spectral_centroid":{"dmean":292.44619751,"dmean2":446.977386475,"dvar":172629.15625,"dvar2":356592,"max":11696.3134766,"mean":1503.45117188,"median":1325.24316406,"min":241.843734741,"var":837988.1875},"spectral_complexity":{"dmean":3.75538444519,"dmean2":5.55536317825,"dvar":21.2354812622,"dvar2":41.4704856873,"max":63,"mean":16.048002243,"median":14,"min":0,"var":116.982780457},"spectral_contrast_coeffs":{"dmean":[0.0529482290149,0.0516997091472,0.0415762960911,0.0316401198506,0.02285053581,0.0190725903958],"dmean2":[0.0855991616845,0.0826033428311,0.0652312040329,0.0511953085661,0.0363024324179,0.029764816165],"dvar":[0.00206777546555,0.0020481897518,0.00123095617164,0.000693146605045,0.000383320206311,0.000327175483108],"dvar2":[0.00526216486469,0.00470203021541,0.00274574873038,0.00171943055466,0.000893577875104,0.000767666264437],"max":[-0.197157785296,-0.340997666121,-0.373116374016,-0.464375346899,-0.555370151997,-0.564601004124],"mean":[-0.553136050701,-0.724261403084,-0.76096367836,-0.780206978321,-0.793789148331,-0.757238090038],"median":[-0.551677703857,-0.739468634129,-0.774267733097,-0.78719162941,-0.797726035118,-0.755501627922],"min":[-0.998522698879,-0.995849370956,-0.9959025383,-0.99484783411,-0.988035023212,-0.96359872818],"var":[0.0159633941948,0.00932256318629,0.00664367713034,0.0037139437627,0.00202254205942,0.00164777529426]},"spectral_contrast_valleys":{"dmean":[0.463255405426,0.393306642771,0.362588346004,0.339091211557,0.30994489789,0.362988352776],"dmean2":[0.732753634453,0.625495433807,0.565920948982,0.518209576607,0.440650373697,0.480661600828],"dvar":[0.17925645411,0.141634523869,0.131120860577,0.121338009834,0.133594706655,0.149209037423],"dvar2":[0.380584657192,0.302123427391,0.260184884071,0.236761257052,0.230335861444,0.284612625837],"max":[-5.99582195282,-4.56619691849,-4.80784368515,-5.33552789688,-5.44582796097,-7.62672328949],"mean":[-9.05203151703,-7.0383515358,-7.56732845306,-7.86931610107,-7.9422750473,-10.196313858],"median":[-9.15613555908,-6.76599788666,-7.33309555054,-7.58452606201,-7.63231945038,-9.75601005554],"min":[-27.8033981323,-27.8102531433,-27.7839431763,-27.8053359985,-27.4324131012,-27.4001312256],"var":[2.27459192276,2.5482442379,2.5320289135,2.44719171524,2.61749196053,2.81162214279]},"spectral_decrease":{"dmean":1.66576408223e-9,"dmean2":2.56429455447e-9,"dvar":6.59580089252e-18,"dvar2":1.45336030672e-17,"max":3.28873074606e-11,"mean":-4.83824891262e-9,"median":-3.64074459469e-9,"min":-3.45284263403e-8,"var":2.18656211747e-17},"spectral_energy":{"dmean":0.00690488098189,"dmean2":0.0105333821848,"dvar":0.000105920087663,"dvar2":0.000232078295085,"max":0.140039712191,"mean":0.0206914581358,"median":0.0163642019033,"min":1.01352679466e-20,"var":0.000359151716111},"spectral_energyband_high":{"dmean":0.000900044105947,"dmean2":0.00128774275072,"dvar":0.00000198267957785,"dvar2":0.00000446045760327,"max":0.0144688514993,"mean":0.00158390461002,"median":0.000808902666904,"min":7.1556381722e-21,"var":0.00000393562459067},"spectral_energyband_low":{"dmean":0.000639685837086,"dmean2":0.00100820267107,"dvar":0.0000025818933409,"dvar2":0.00000638175333734,"max":0.03169124946,"mean":0.00123437284492,"median":0.000186596007552,"min":1.44851743822e-23,"var":0.00000628533416602},"spectral_energyband_middle_high":{"dmean":0.00219527818263,"dmean2":0.00334851513617,"dvar":0.0000172564723471,"dvar2":0.0000379390257876,"max":0.104781590402,"mean":0.0050471923314,"median":0.0027038725093,"min":1.25225895504e-21,"var":0.000048938094551},"spectral_energyband_middle_low":{"dmean":0.00549029093236,"dmean2":0.00851513631642,"dvar":0.0000839555286802,"dvar2":0.000184189237189,"max":0.134992048144,"mean":0.0135757839307,"median":0.00818057637662,"min":1.21845852455e-22,"var":0.000264889822574},"spectral_entropy":{"dmean":0.201423197985,"dmean2":0.285856157541,"dvar":0.0456807352602,"dvar2":0.0894713401794,"max":9.82421779633,"mean":7.65935564041,"median":7.80219745636,"min":4.44805574417,"var":0.330331653357},"spectral_flux":{"dmean":0.0244429521263,"dmean2":0.0378526933491,"dvar":0.000888596812729,"dvar2":0.00196052412502,"max":0.364056140184,"mean":0.076578207314,"median":0.0702217966318,"min":6.30926214051e-11,"var":0.00242865784094},"spectral_kurtosis":{"dmean":1.43974375725,"dmean2":2.1845574379,"dvar":3.95609474182,"dvar2":9.15603542328,"max":49.102481842,"mean":4.79229354858,"median":3.60342526436,"min":-1.23596560955,"var":16.852186203},"spectral_rms":{"dmean":0.000715762784239,"dmean2":0.00105596031062,"dvar":8.33297974623e-7,"dvar2":0.00000168533085798,"max":0.0116886310279,"mean":0.00397223234177,"median":0.00399563182145,"min":3.14452955862e-12,"var":0.00000440808071289},"spectral_rolloff":{"dmean":1130.62243652,"dmean2":1833.83044434,"dvar":3462385.5,"dvar2":7446821.5,"max":19638.28125,"mean":2813.75170898,"median":1744.18945312,"min":21.533203125,"var":8291396.5},"spectral_skewness":{"dmean":0.226368382573,"dmean2":0.334469079971,"dvar":0.0680041089654,"dvar2":0.14202414453,"max":5.56000566483,"mean":1.65450942516,"median":1.54278004169,"min":-0.206339403987,"var":0.319910109043},"spectral_spread":{"dmean":804772.25,"dmean2":1153907.125,"dvar":1117106208770,"dvar2":2297061179390,"max":42123636,"mean":5828675.5,"median":5668347.5,"min":1439495.75,"var":6742004465660},"spectral_strongpeak":{"dmean":0.657797217369,"dmean2":1.06476688385,"dvar":1.02727746964,"dvar2":2.49263954163,"max":14.110994339,"mean":1.41077589989,"median":0.789864897728,"min":0,"var":2.56436538696},"zerocrossingrate":{"dmean":0.0211589112878,"dmean2":0.0238216631114,"dvar":0.000569360330701,"dvar2":0.000725683348719,"max":0.51904296875,"mean":0.103310503066,"median":0.0908203125,"min":0.00830078125,"var":0.00461853388697}},"metadata":{"audio_properties":{"analysis_sample_rate":44100,"bit_rate":294755,"codec":"aac","downmix":"mix","equal_loudness":0,"length":268.445892334,"lossless":false,"md5_encoded":"c425f2d0e3a43eeeafc41840b87a866f","replay_gain":-7.68212890625,"sample_rate":44100},"tags":{"album":["Psychedelic Soul"],"artist":["The Temptations"],"artistsort":["Temptations"],"bpm":["122"],"compilation":["0"],"composer":["Norman Whitfield, Barrett Strong"],"date":["1971"],"discnumber":["2/2"],"file_name":"2-02 Ungena Za Ulimengu (Unite The World).m4a","genre":["R&B"],"language":["eng"],"musicbrainz_recordingid":["875012fe-bbdd-4aa5-8817-e08af5e8df19"],"title":["Ungena Za Ulimengu (Unite The World)"],"tracknumber":["2/11"]},"version":{"essentia":"2.1-beta2","essentia_build_sha":"cead25079874084f62182a551b7393616cd33d87","essentia_git_sha":"v2.1_beta2-1-ge3940c0","extractor":"music 1.0"}},"rhythm":{"beats_count":541,"beats_loudness":{"dmean":0.0152960252017,"dmean2":0.0268294215202,"dvar":0.000285715708742,"dvar2":0.000755910819862,"max":0.124552279711,"mean":0.0264139976352,"median":0.0233449246734,"min":1.64927141388e-10,"var":0.000389893044485},"beats_loudness_band_ratio":{"dmean":[0.128825113177,0.196734860539,0.190198808908,0.119379386306,0.0545834153891,0.112084373832],"dmean2":[0.224866136909,0.339101433754,0.336204022169,0.213636219501,0.0936737805605,0.201258689165],"dvar":[0.0207766387612,0.0340230278671,0.0351112112403,0.0164450760931,0.00328647973947,0.0126127805561],"dvar2":[0.0556503534317,0.0918505638838,0.0976452082396,0.0413841865957,0.00817737914622,0.0372806452215],"max":[0.738066315651,0.966971993446,0.958035290241,0.920769751072,0.680334031582,0.67153352499],"mean":[0.13849247992