{"lowlevel":{"average_loudness":0.735482573509,"barkbands":{"dmean":[0.000241530142375,0.00677209487185,0.00284971785732,0.00119956664275,0.00199156068265,0.00102654006332,0.000741649360862,0.000713415676728,0.000698137446307,0.000366719614249,0.00031313629006,0.000275718746707,0.000241772970185,0.00020225373737,0.000186871518963,0.000184865159099,0.00018597386952,0.0000918832811294,0.000100139855931,0.0000679441727698,0.0000711340180715,0.0000902600950212,0.000111926034151,0.0000437711787526,0.0000359837431461,0.00000902490501176,0.00000151950507643],"dmean2":[0.000423922057962,0.0118720177561,0.0046663233079,0.00200782320462,0.00310831493698,0.00159352517221,0.0011403003009,0.0011065028375,0.00106537737884,0.000581553438678,0.000488823570777,0.000429166015238,0.000380088662496,0.000323693937389,0.000309206021484,0.000290933618089,0.000291024480248,0.000143603581819,0.000154103632667,0.000105844635982,0.000109970693302,0.000131907305331,0.000159539587912,0.0000617139885435,0.0000504118106619,0.0000134557249112,0.00000246074159804],"dvar":[5.78233652959e-7,0.000279728497844,0.0000386598112527,0.00000717003149475,0.0000112742109195,0.00000469958467875,0.00000305816342916,0.00000415926069763,0.00000330149691763,8.40092468479e-7,5.83444375479e-7,6.46396415505e-7,3.49213422624e-7,3.54796952706e-7,2.6526839747e-7,2.20909512905e-7,2.70752508413e-7,5.48123999522e-8,5.92605609029e-8,2.99113516178e-8,3.25781890353e-8,8.36986515651e-8,1.95425883476e-7,4.55663915488e-8,1.61429269951e-8,1.73137693071e-9,4.54348954293e-11],"dvar2":[0.00000173595981323,0.000785542710219,0.000106174062239,0.000020234781914,0.0000285626774712,0.000011530161828,0.00000707188701199,0.000010068645679,0.00000776431988925,0.00000195061943487,0.00000135873665386,0.00000147271509832,7.80053824201e-7,8.57269981225e-7,6.95118615113e-7,5.06620324359e-7,6.17791499735e-7,1.30280113808e-7,1.32354699645e-7,6.84067344991e-8,7.50169988351e-8,1.76830411647e-7,3.71772244989e-7,8.67862794962e-8,3.26669322703e-8,4.14208667365e-9,1.15547550694e-10],"max":[0.0135130425915,0.171433210373,0.0600091330707,0.0441284403205,0.067437633872,0.0475362464786,0.0567043982446,0.0590736269951,0.0492358990014,0.023908816278,0.0218521766365,0.0256446357816,0.0155637040734,0.0138852838427,0.0141698690131,0.0131993871182,0.0166846998036,0.00913359224796,0.00795046985149,0.00451365113258,0.00468038022518,0.00829302892089,0.0147693362087,0.0117039689794,0.00427974108607,0.00196198094636,0.00034870300442],"mean":[0.000318497943226,0.0083085000515,0.00439246930182,0.00173021829687,0.00461509544402,0.00188892695587,0.00143692456186,0.00150360679254,0.00145340233576,0.000634979631286,0.00054426578572,0.000457893504063,0.000419906864408,0.000327505316818,0.000299645413179,0.000359142752131,0.000358798395609,0.000170530372998,0.000196760083782,0.00011487336451,0.000128181985929,0.00017757040041,0.000217162945773,0.000091129426437,0.0000809045232018,0.0000197748031496,0.00000280590438706],"median":[0.0000434065987065,0.00189313548617,0.00108901166823,0.000448166421847,0.00201819348149,0.000673475908116,0.000519106164575,0.000352366390871,0.000323781365296,0.000164366632816,0.000154181921971,0.000116009709018,0.000124399346532,0.0000601803512836,0.0000624282984063,0.0000652219969197,0.0000666165506118,0.0000467217178084,0.0000494102423545,0.000023118329409,0.0000271281569439,0.0000299561543216,0.0000162559827004,0.00000988178908301,0.00000857622671901,0.00000247972866418,3.44325684409e-7],"min":[6.14232837392e-25,5.29414887572e-24,5.05266750858e-24,5.68128670369e-24,1.59503020756e-23,2.74094549348e-23,2.98141522539e-23,1.0124448328e-23,3.31836169939e-23,3.18335446634e-23,2.91299195483e-23,1.02001507337e-22,6.9223055615e-23,7.67480818314e-23,6.65552226969e-23,1.04291785115e-22,1.27036998974e-22,1.21113663317e-22,2.16907314958e-22,3.24324043176e-22,4.47549190524e-22,4.42039180117e-22,6.26412003321e-22,7.04403159545e-22,7.83447931016e-22,1.40753666955e-21,2.24485004266e-21],"var":[8.26025313927e-7,0.000253784266533,0.0000531998630322,0.000010201942132,0.0000448729115305,0.0000105743929453,0.00000800688212621,0.0000128373903863,0.0000126706154333,0.00000211761812352,0.00000138672874073,0.0000015704828229,9.78863454293e-7,7.80341736117e-7,5.07861216192e-7,8.10553103747e-7,7.44978365219e-7,1.19319267355e-7,1.58033913067e-7,6.92459849461e-8,7.30202955879e-8,2.35577459762e-7,6.60414229969e-7,1.30122330688e-7,5.08785404918e-8,3.8879366393e-9,8.64564253522e-11]},"barkbands_crest":{"dmean":2.79936647415,"dmean2":4.626745224,"dvar":7.68679904938,"dvar2":20.867521286,"max":26.9493999481,"mean":11.4532699585,"median":10.6279201508,"min":2.36051630974,"var":20.9460639954},"barkbands_flatness_db":{"dmean":0.0216625183821,"dmean2":0.0333831161261,"dvar":0.000509243283886,"dvar2":0.00127332424745,"max":0.495250314474,"mean":0.189566329122,"median":0.157045602798,"min":0.0271359514445,"var":0.00988330505788},"barkbands_kurtosis":{"dmean":5.75358295441,"dmean2":9.48426628113,"dvar":2018.32226562,"dvar2":6063.93017578,"max":2819.04956055,"mean":15.2729682922,"median":2.8502073288,"min":-1.9354134798,"var":19013.8476562},"barkbands_skewness":{"dmean":0.575271964073,"dmean2":0.882052958012,"dvar":0.596585512161,"dvar2":1.44083690643,"max":8.62762451172,"mean":1.43819391727,"median":1.52635455132,"min":-49.4229164124,"var":10.7233228683},"barkbands_spread":{"dmean":4.28792667389,"dmean2":6.45219707489,"dvar":48.1695022583,"dvar2":103.984718323,"max":141.822723389,"mean":16.7944984436,"median":11.9707612991,"min":0.106033228338,"var":253.729537964},"dissonance":{"dmean":0.0275861229748,"dmean2":0.0463697202504,"dvar":0.000882404041477,"dvar2":0.00254469620995,"max":0.500000178814,"mean":0.428820610046,"median":0.452993363142,"min":0.126481637359,"var":0.00437139766291},"dynamic_complexity":5.9697394371,"erbbands":{"dmean":[0.162229776382,1.65362238884,3.33618140221,3.78637719154,3.75994181633,9.02734279633,7.34475898743,9.56451034546,9.88944149017,11.8542833328,13.8857898712,18.2259368896,10.8135004044,9.71183204651,14.1242179871,10.745341301,10.4376754761,10.1860742569,10.4122695923,7.54211187363,8.9694070816,9.35293769836,5.3524813652,4.81085062027,4.43060731888,3.06276106834,2.55945754051,3.18293476105,3.28757095337,3.20641756058,3.39240932465,1.2360291481,0.630405366421,0.393734514713,0.293772906065,0.0637945830822,0.0129950512201,0.00217680470087,0.000251108634984,0.0000245893788815],"dmean2":[0.276433676481,2.90971016884,5.58354616165,6.08287620544,6.33430528641,13.8230791092,10.7574110031,15.2259225845,15.0818510056,17.9603328705,21.6357879639,27.8806228638,17.2938766479,15.163564682,21.8167209625,16.4678096771,16.2579689026,16.232131958,16.9821281433,11.8697137833,13.7880334854,14.4071102142,8.17792510986,7.41928386688,6.77852106094,4.76788806915,3.97818398476,4.96014404297,4.87168121338,4.48874378204,4.9817237854,1.74477660656,0.886773228645,0.551217734814,0.421721309423,0.0953776463866,0.0188262835145,0.00327682588249,0.000405508268159,0.0000397243129555],"dvar":[0.103849455714,19.1323451996,62.8340187073,65.491859436,57.6313819885,289.34487915,185.460144043,497.728393555,514.377746582,852.284729004,1687.93859863,2434.65820312,806.445068359,753.72833252,1016.37011719,880.529174805,641.097412109,747.078735352,825.860839844,372.450164795,611.28717041,669.377807617,170.0078125,140.797470093,135.072769165,65.4995651245,40.5424537659,72.546295166,104.73046875,156.084274292,184.060470581,43.8756828308,8.12635707855,2.45088124275,1.14628410339,0.079235740006,0.00369156431407,0.000111099681817,0.00000113032797344,5.35903321719e-9],"dvar2":[0.300568580627,53.2525596619,170.572006226,179.821807861,161.788925171,702.403381348,408.397064209,1226.52819824,1195.90014648,1952.64428711,4040.06835938,5924.26611328,1998.37011719,1680.11743164,2308.21386719,1991.58068848,1422.34350586,1826.04309082,2099.25244141,861.291503906,1324.34875488,1541.85241699,376.843139648,331.911956787,308.379608154,150.753372192,90.9824066162,169.718887329,222.978149414,297.466522217,381.890960693,84.3397979736,17.1512355804,4.91084671021,2.34726500511,0.194095090032,0.0086215576157,0.000243597081862,0.00000286438307739,1.35663222878e-8],"max":[3.83134269714,43.1562347412,74.3471069336,113.994781494,115.601577759,396.07510376,307.304138184,511.928955078,870.042907715,1094.37976074,1612.13830566,1374.27954102,936.308654785,862.39630127,706.234069824,804.644470215,670.062133789,714.741333008,939.297607422,669.436767578,814.604736328,713.138061523,402.767242432,334.285308838,508.288909912,238.914749146,208.448516846,210.772216797,270.585845947,410.368988037,481.982269287,405.520111084,158.334381104,60.5669059753,25.9744262695,13.110991478,3.33900523186,0.859105050564,0.0521409101784,0.00236643152311],"mean":[0.228240579367,1.91436707973,4.65725708008,6.41947555542,6.56257677078,20.8392658234,17.2628250122,16.2582015991,19.8643245697,26.9842720032,29.3956947327,38.83045578,20.9767532349,18.1991138458,26.3804798126,19.5796413422,19.3307132721,18.394077301,17.667257309,15.0357179642,19.7595481873,19.2243556976,10.9401063919,9.74941253662,8.60678291321,5.35842227936,4.55460929871,5.70402288437,6.40092277527,6.49595928192,6.22958374023,2.50001549721,1.315289855,0.876591384411,0.60986661911,0.135789945722,0.0283401235938,0.00464096060023,0.000484172545839,0.0000612195872236],"median":[0.0675592496991,0.422151297331,1.3983259201,2.05083942413,2.91011142731,6.67701530457,7.00901317596,5.96763849258,7.91871023178,9.75943756104,7.73164796829,8.77433586121,6.54204368591,5.25084781647,7.73637199402,6.37003421783,6.31207942963,4.20259141922,3.80645656586,3.51587772369,3.63082146645,3.75033426285,3.07407045364,2.71517348289,1.87271142006,1.1534870863,1.04336571693,1.14599740505,1.10429596901,0.720657169819,0.435215890408,0.244677975774,0.149357616901,0.0920317471027,0.055041372776,0.0172371622175,0.00328771513887,0.000511138583533,0.0000619717247901,0.0000338976315106],"min":[3.11994235579e-22,7.28468491108e-22,6.44512193386e-21,1.86597018167e-20,1.93031497824e-20,5.0685285239e-20,1.13548336381e-19,1.6458624613e-19,2.05261495659e-19,5.33552950094e-19,3.06443094141e-19,6.6586141965e-19,8.5024716432e-19,1.25788921481e-18,1.755244793e-18,4.63075435165e-18,3.04835618547e-18,2.86498368535e-18,2.69427035733e-18,5.8275188483e-18,6.43375083384e-18,6.63478177888e-18,5.77161301942e-18,7.73769725837e-18,1.42308020235e-17,1.72683366186e-17,1.65889649097e-17,1.67436377581e-17,1.68706182539e-17,1.05354388113e-17,1.77219889363e-17,1.36448190057e-17,1.23252723684e-17,7.85043866713e-18,6.77459225961e-18,3.97966684303e-18,2.99741261309e-18,1.30843274197e-18,2.86714707285e-19,3.07824699022e-20],"var":[0.132261753082,16.0915699005,65.9777984619,104.472915649,94.9489059448,1318.71179199,698.070495605,989.159545898,1311.59741211,3040.09130859,4713.98095703,9125.27636719,2256.50708008,1951.76660156,2830.78881836,2220.24414062,1862.38171387,1868.47277832,1631.92858887,1062.3951416,2634.75830078,2101.07666016,441.864868164,354.234130859,354.092376709,144.293914795,83.6270675659,163.124847412,283.925109863,516.315307617,536.907653809,112.447845459,24.7376174927,8.02783203125,2.96247506142,0.162354364991,0.00869319867343,0.000282386346953,0.00000232567094827,9.42166167306e-9]},"erbbands_crest":{"dmean":2.41558933258,"dmean2":3.73108863831,"dvar":5.2825088501,"dvar2":12.197684288,"max":31.6106872559,"mean":11.0117416382,"median":9.6577167511,"min":2.45533323288,"var":32.2515411377},"erbbands_flatness_db":{"dmean":0.0137756513432,"dmean2":0.0199810769409,"dvar":0.000185746932402,"dvar2":0.000381421152269,"max":0.473077952862,"mean":0.193403527141,"median":0.162572532892,"min":0.0220654290169,"var":0.00867558922619},"erbbands_kurtosis":{"dmean":1.04062068462,"dmean2":1.56237018108,"dvar":2.70340824127,"dvar2":5.51205062866,"max":58.1662864685,"mean":1.22209048271,"median":0.304534196854,"min":-1.78511035442,"var":12.0703840256},"erbbands_skewness":{"dmean":0.351693570614,"dmean2":0.508990824223,"dvar":0.111932896078,"dvar2":0.223618224263,"max":4.94279623032,"mean":0.358906239271,"median":0.426405102015,"min":-5.92551374435,"var":0.778248846531},"erbbands_spread":{"dmean":6.44495391846,"dmean2":9.7352437973,"dvar":66.0531463623,"dvar2":143.285705566,"max":152.271148682,"mean":32.8933143616,"median":30.8098316193,"min":1.15638029575,"var":450.803222656},"gfcc":{"cov":[[36037.8632812,-3636.52294922,-2160.75341797,4437.29199219,-1904.04870605,1721.8996582,-2072.79541016,878.843994141,-1037.64282227,1050.88720703,-1335.44140625,1096.83129883,-302.420806885],[-3636.52294922,4092.27734375,5.68133115768,-1287.2668457,698.813537598,-418.124053955,745.267028809,-31.9471321106,393.411804199,-385.518707275,461.640258789,-480.490600586,136.320083618],[-2160.75341797,5.68133115768,814.319885254,60.9137382507,259.788909912,51.2752494812,181.301651001,21.6635627747,129.944442749,43.5011558533,87.7532043457,-2.20157718658,41.910610199],[4437.29199219,-1287.2668457,60.9137382507,1196.30151367,-164.554397583,318.06362915,-368.90612793,138.278320312,-117.963615417,231.297058105,-241.257415771,245.015396118,-11.693772316],[-1904.04870605,698.813537598,259.788909912,-164.554397583,478.569702148,-83.5691146851,224.723968506,27.5160770416,157.692337036,-44.0622634888,108.685928345,-100.023338318,58.1636734009],[1721.8996582,-418.124053955,51.2752494812,318.06362915,-83.5691146851,264.27822876,-49.6598701477,79.3450241089,-25.7251873016,94.0366287231,-62.2972335815,80.4873199463,-7.77335834503],[-2072.79541016,745.267028809,181.301651001,-368.90612793,224.723968506,-49.6598701477,406.827697754,47.6594200134,140.48248291,-78.0937042236,151.086166382,-115.385154724,24.4970531464],[878.843994141,-31.9471321106,21.6635627747,138.278320312,27.5160770416,79.3450241089,47.6594200134,180.569351196,51.459438324,46.2100601196,-11.7312116623,26.1825389862,0.753690004349],[-1037.64282227,393.411804199,129.944442749,-117.963615417,157.692337036,-25.7251873016,140.48248291,51.459438324,216.866424561,-6.37656497955,78.3602523804,-57.9314422607,34.5868721008],[1050.88720703,-385.518707275,43.5011558533,231.297058105,-44.0622634888,94.0366287231,-78.0937042236,46.2100601196,-6.37656497955,154.039459229,-34.8284912109,69.6436920166,-8.90117740631],[-1335.44140625,461.640258789,87.7532043457,-241.257415771,108.685928345,-62.2972335815,151.086166382,-11.7312116623,78.3602523804,-34.8284912109,173.660736084,-58.2610702515,27.5896205902],[1096.83129883,-480.490600586,-2.20157718658,245.015396118,-100.023338318,80.4873199463,-115.385154724,26.1825389862,-57.9314422607,69.6436920166,-58.2610702515,159.235321045,4.01855564117],[-302.420806885,136.320083618,41.910610199,-11.693772316,58.1636734009,-7.77335834503,24.4970531464,0.753690004349,34.5868721008,-8.90117740631,27.5896205902,4.01855564117,75.9410705566]],"icov":[[0.000233857834246,-0.000394885544665,0.000388107408071,-0.000508831173647,0.00036323122913,-0.000709205400199,0.000474020693218,-0.000616047764197,0.000460672890767,-0.000650871312246,0.000484255346237,-0.000363511237083,0.000407215411542],[-0.000394885544665,0.00135447946377,-0.000351570983185,0.000978416996077,-0.0010542543605,0.00126645446289,-0.00111215561628,0.000909126247279,-0.00102290150244,0.00171870249324,-0.00148282991722,0.00140397716314,-0.00124068534933],[0.000388107408071,-0.000351570983185,0.00260053155944,-0.00117025268264,-0.000357440527296,-0.00150598131586,-0.000161339092301,-0.000204924799618,0.000163101183716,-0.00128780247178,0.000109528496978,-0.000794362160377,0.000511974969413],[-0.000508831173647,0.000978416996077,-0.00117025268264,0.00364722311497,-0.00143820524681,0.0000945290521486,0.000558308209293,0.000140872027259,-0.000753421627451,0.000553050776944,0.000211630744161,-0.000146280392073,-0.00130666932091],[0.00036323122913,-0.0010542543605,-0.000357440527296,-0.00143820524681,0.00489965640008,0.000172347849002,-0.000369933870388,-0.00111942039803,-0.000146674385178,-0.00140452908818,0.00106594699901,0.000402471545385,-0.000796202395577],[-0.000709205400199,0.00126645446289,-0.00150598131586,0.0000945290521486,0.000172347849002,0.00914741307497,-0.0031325891614,0.000630368012935,-0.00107043015305,0.000243895759922,-0.000902466417756,0.000866555958055,-0.00164527085144],[0.000474020693218,-0.00111215561628,-0.000161339092301,0.000558308209293,-0.000369933870388,-0.0031325891614,0.00784400850534,-0.00374910375103,0.000466074241558,0.0000244516122621,-0.00101408921182,-0.0000857870691107,0.00169224152341],[-0.000616047764197,0.000909126247279,-0.000204924799618,0.000140872027259,-0.00111942039803,0.000630368012935,-0.00374910375103,0.0103656128049,-0.00343802920543,0.000498971669003,-0.000387030013371,-0.000282797729596,-0.000142165459692],[0.000460672890767,-0.00102290150244,0.000163101183716,-0.000753421627451,-0.000146674385178,-0.00107043015305,0.000466074241558,-0.00343802920543,0.00893762242049,-0.00276495399885,0.0000445038822363,0.000758667592891,-0.00109973701183],[-0.000650871312246,0.00171870249324,-0.00128780247178,0.000553050776944,-0.00140452908818,0.000243895759922,0.0000244516122621,0.000498971669003,-0.00276495399885,0.013383529149,-0.0034217715729,-0.000388070446206,0.000298226776067],[0.000484255346237,-0.00148282991722,0.000109528496978,0.000211630744161,0.00106594699901,-0.000902466417756,-0.00101408921182,-0.000387030013371,0.0000445038822363,-0.0034217715729,0.0124223092571,-0.00159994571004,-0.000865175097715],[-0.000363511237083,0.00140397716314,-0.000794362160377,-0.000146280392073,0.000402471545385,0.000866555958055,-0.0000857870691107,-0.000282797729596,0.000758667592891,-0.000388070446206,-0.00159994571004,0.0130009632558,-0.00423878571019],[0.000407215411542,-0.00124068534933,0.000511974969413,-0.00130666932091,-0.000796202395577,-0.00164527085144,0.00169224152341,-0.000142165459692,-0.00109973701183,0.000298226776067,-0.000865175097715,-0.00423878571019,0.0175045114011]],"mean":[-79.2179489136,124.971893311,-100.453620911,14.2758560181,-50.4549636841,7.35494089127,-30.5027084351,3.01762533188,-16.5616035461,-3.23115110397,-9.89145851135,-1.89834678173,-9.60236167908]},"hfc":{"dmean":4.43812847137,"dmean2":6.32317733765,"dvar":72.5168151855,"dvar2":137.371582031,"max":212.609146118,"mean":17.2075119019,"median":10.7050695419,"min":1.13045784764e-16,"var":423.4737854},"melbands":{"dmean":[0.00168891297653,0.00186268438119,0.000626203487627,0.000449732760899,0.000289704941679,0.000203379619052,0.000154946668772,0.000136505084811,0.000113440393761,0.000112974696094,0.0000537607957085,0.0000408179948863,0.0000436438058387,0.000035776221921,0.0000226864158321,0.0000246970048465,0.0000206336699193,0.0000175309869519,0.000012343490198,0.0000136554126584,0.0000110345536086,0.0000112569350676,0.00000737595792089,0.00000388626813219,0.00000423119854531,0.00000405938089898,0.00000274274316325,0.00000201186617232,0.00000170325267845,0.00000178289565156,0.00000194547192223,0.00000194559083866,0.00000185853377843,0.00000196747214432,0.00000251247638516,0.00000110781491003,6.71135012453e-7,4.7088983024e-7,3.86724963164e-7,3.3980913372e-7],"dmean2":[0.00294325011782,0.00314027187414,0.00101846049074,0.000708256848156,0.000430171116022,0.00032154598739,0.000237087690039,0.000207281191251,0.000174842294655,0.000174195447471,0.0000860672298586,0.0000637930133962,0.0000678878423059,0.0000549378491996,0.0000355730626325,0.0000386742831324,0.0000330807088176,0.0000286749618681,0.0000200492850126,0.0000218704935833,0.0000172515228769,0.0000175920486072,0.0000115141338028,0.00000599055238126,0.00000665304196446,0.00000622589823251,0.0000042864057832,0.00000317466810884,0.00000270816985903,0.00000282393671114,0.00000302764260596,0.00000294239612231,0.0000027687540296,0.0000027758098895,0.00000380614892492,0.00000156677242558,9.69715642896e-7,6.83666428358e-7,5.6622889133e-7,4.89660521907e-7],"dvar":[0.0000144583927977,0.0000217004489969,0.00000182289136319,6.79279310134e-7,2.35249999037e-7,2.07657720352e-7,1.22611126585e-7,1.23363534499e-7,1.05938013917e-7,9.38442994425e-8,2.03875192284e-8,1.34969715404e-8,1.09410978055e-8,9.74615232963e-9,3.24222093617e-9,4.1482870472e-9,3.58360452424e-9,2.46646880697e-9,1.26568400205e-9,1.20698739892e-9,1.14130116469e-9,1.11903530886e-9,4.1178011001e-10,1.04003972101e-10,1.12859097068e-10,1.15585901961e-10,6.11437359077e-11,2.67564703033e-11,1.83368129708e-11,2.22258322857e-11,2.6076927076e-11,3.34709447658e-11,4.9745457753e-11,6.69022129363e-11,1.03547573294e-10,3.12524867097e-11,1.24992160719e-11,4.50942538519e-12,2.77870283207e-12,1.85521108025e-12],"dvar2":[0.0000413059424318,0.0000581628737564,0.00000509749224875,0.00000169942552475,5.57920941446e-7,5.1048016303e-7,2.86827031459e-7,2.91241178729e-7,2.49091641535e-7,2.3240293956e-7,5.03282286957e-8,2.99253350988e-8,2.5504622414e-8,2.18103295424e-8,7.21137194404e-9,9.24931509161e-9,8.81779982365e-9,6.08667427571e-9,3.21997473129e-9,2.85475887374e-9,2.51222820324e-9,2.59102539424e-9,9.72416369649e-10,2.46500708734e-10,2.7143284842e-10,2.5922841651e-10,1.49009360406e-10,6.24085505496e-11,4.33384057807e-11,5.40557182349e-11,6.04348168731e-11,7.34409824621e-11,1.11162294647e-10,1.29673244365e-10,2.34868319238e-10,6.20376874871e-11,2.47378974944e-11,1.00180731766e-11,5.55970850954e-12,4.03997755388e-12],"max":[0.0407270230353,0.0411556139588,0.0183332413435,0.0178136173636,0.00909852795303,0.00987341068685,0.0118696019053,0.0107696186751,0.0124746682122,0.00941505096853,0.00459111528471,0.00374038564041,0.00304768700153,0.00366086582653,0.0018991495017,0.00183844135609,0.00155893247575,0.00191192945931,0.00127842160873,0.000936273892876,0.00118841195945,0.00103555258829,0.000512870668899,0.000475923734484,0.000295120233204,0.000356274278602,0.000294974364806,0.00014853097673,0.000129669249873,0.000117678479,0.000134320624056,0.000141629236168,0.000203919538762,0.00031552722794,0.000378881755751,0.00029531767359,0.000197284796741,0.000107812651549,0.0000952951304498,0.0000519592031196],"mean":[0.00221706158482,0.00256357202306,0.0010671003256,0.000984349171631,0.000709015585016,0.000351415073965,0.000307577603962,0.000310650037136,0.00024337231298,0.000228828503168,0.0000977113450062,0.0000712498222128,0.0000781342096161,0.0000641306105535,0.0000404126330977,0.0000417475239374,0.0000339839243679,0.0000281960274151,0.0000205368432944,0.0000244739840127,0.0000226017182285,0.0000214272040466,0.0000136912158268,0.00000727391670807,0.00000791915044829,0.000007316330084,0.00000466329765914,0.00000325858718497,0.00000277323897535,0.0000029742022889,0.00000337120332006,0.00000362744276572,0.00000341182590091,0.00000375684976461,0.0000042508468141,0.0000020848474378,0.00000126056431782,9.16686872188e-7,7.94653772118e-7,7.10499875822e-7],"median":[0.00054221926257,0.000916387885809,0.000406124803703,0.000342451647157,0.000298443512293,0.000126879589516,0.000115617025585,0.000103601523733,0.000057316658058,0.0000506239157403,0.0000271412682196,0.0000169607410498,0.000022387059289,0.0000189611291717,0.0000138221957968,0.000010276777175,0.00000670214194542,0.00000556498707738,0.00000427903978562,0.00000492075332659,0.00000373227726413,0.00000367450024896,0.00000314860767503,0.0000020508164198,0.00000196166502064,0.00000145932813211,8.2373441046e-7,6.30466672646e-7,6.06175603934e-7,5.83230303164e-7,6.15423005002e-7,6.24944505034e-7,4.51827048664e-7,3.3219671991e-7,2.50294732496e-7,1.54585492851e-7,1.26435253378e-7,9.96129685404e-8,8.26712138746e-8,6.81789771306e-8],"min":[1.91545643536e-24,1.99108413592e-24,3.39669740165e-24,1.79862376872e-24,3.81253241164e-24,4.11212679508e-24,3.86209457016e-24,5.21042825114e-24,2.55897563525e-24,4.39718483863e-24,4.33865885364e-24,5.0852880903e-24,4.73425366494e-24,1.06631622291e-23,1.11264531389e-23,5.61878762075e-24,5.24976480018e-24,4.39103487901e-24,5.6781588702e-24,6.61062362018e-24,8.27182742477e-24,6.36243101888e-24,6.46535803992e-24,3.75935569245e-24,4.63780950282e-24,1.10731403413e-23,8.35945172754e-24,1.07626754545e-23,9.45708383512e-24,9.62285979891e-24,9.51926974028e-24,9.78724026776e-24,7.1923414846e-24,4.87302139792e-24,9.17310810874e-24,1.1274878896e-23,6.60729423273e-24,8.78241685682e-24,7.49935273828e-24,6.40944318453e-24],"var":[0.0000148606814037,0.000020722991394,0.0000026245263598,0.00000271404132945,9.28294525693e-7,4.28936687058e-7,3.2159488228e-7,4.4981851488e-7,3.23950757775e-7,3.14720494998e-7,5.55551515902e-8,3.44926931461e-8,2.66706319252e-8,2.46924294345e-8,8.6650562281e-9,1.12132303443e-8,8.2252409328e-9,4.6923771535e-9,2.57841148432e-9,3.31975713586e-9,4.28827950927e-9,3.07149350398e-9,1.0083092139e-9,2.08822167891e-10,2.62558669251e-10,2.76453943071e-10,1.50580228842e-10,5.59979423942e-11,3.27807017642e-11,4.15369648399e-11,6.11328487832e-11,8.46318640169e-11,1.2107211067e-10,2.07307684907e-10,2.54624654694e-10,8.33414448564e-11,2.94675360502e-11,1.23105275973e-11,8.73038794036e-12,5.27443583601e-12]},"melbands_crest":{"dmean":3.01180052757,"dmean2":4.87375736237,"dvar":7.23212432861,"dvar2":19.2869911194,"max":32.7575263977,"mean":14.6284351349,"median":14.2187309265,"min":1.71802699566,"var":23.6990432739},"melbands_flatness_db":{"dmean":0.0267616827041,"dmean2":0.0405100956559,"dvar":0.000815769890323,"dvar2":0.00192157633137,"max":0.631041288376,"mean":0.272620648146,"median":0.242510780692,"min":0.00421535409987,"var":0.014766074717},"melbands_kurtosis":{"dmean":6.4831609726,"dmean2":10.3589410782,"dvar":132.574264526,"dvar2":350.958618164,"max":269.976593018,"mean":12.9432764053,"median":7.65027332306,"min":-1.8648788929,"var":273.211547852},"melbands_skewness":{"dmean":0.692029058933,"dmean2":1.06975662708,"dvar":0.630108654499,"dvar2":1.52673828602,"max":14.5206928253,"mean":2.48420786858,"median":2.31343817711,"min":-1.7296037674,"var":2.56155705452},"melbands_spread":{"dmean":5.46670627594,"dmean2":8.24740409851,"dvar":118.840423584,"dvar2":229.823669434,"max":228.051330566,"mean":17.8476791382,"median":12.427236557,"min":0.631297171116,"var":449.395782471},"mfcc":{"cov":[[21434.53125,-2216.6171875,-858.783752441,1544.7331543,429.225219727,556.564086914,-577.10534668,76.288734436,-50.1918945312,-173.220443726,-129.335266113,-357.712799072,-200.625289917],[-2216.6171875,3609.16918945,-0.552505135536,-379.820343018,47.0158691406,-196.960922241,330.279174805,164.014022827,141.678024292,174.024642944,130.226821899,139.068450928,101.190887451],[-858.783752441,-0.552505135536,509.075958252,22.40184021,28.2664299011,76.5414199829,66.9763412476,33.4539489746,37.1881065369,61.6352577209,33.4658279419,35.0380477905,65.3057098389],[1544.7331543,-379.820343018,22.40184021,538.094360352,215.312911987,126.121429443,-31.0082035065,27.188911438,55.3742408752,23.5429840088,-22.8072872162,-35.7889709473,8.26000881195],[429.225219727,47.0158691406,28.2664299011,215.312911987,285.398498535,72.1971740723,-6.72444534302,7.93905210495,58.5579147339,50.4214630127,-4.60841321945,-0.65111207962,11.6460981369],[556.564086914,-196.960922241,76.5414199829,126.121429443,72.1971740723,175.451858521,8.70399093628,4.45347833633,27.98087883,8.62027072906,11.9570522308,-6.97418308258,0.16991071403],[-577.10534668,330.279174805,66.9763412476,-31.0082035065,-6.72444534302,8.70399093628,203.737426758,55.0536575317,27.4635753632,53.5567550659,39.0375022888,33.301612854,23.1696186066],[76.288734436,164.014022827,33.4539489746,27.188911438,7.93905210495,4.45347833633,55.0536575317,148.344451904,67.6135635376,34.4528083801,36.902256012,14.5396318436,29.8819389343],[-50.1918945312,141.678024292,37.1881065369,55.3742408752,58.5579147339,27.98087883,27.4635753632,67.6135635376,138.721557617,71.1556625366,32.6565589905,23.3729362488,21.2729434967],[-173.220443726,174.024642944,61.6352577209,23.5429840088,50.4214630127,8.62027072906,53.5567550659,34.4528083801,71.1556625366,142.41569519,60.2031784058,27.0540599823,22.7496776581],[-129.335266113,130.226821899,33.4658279419,-22.8072872162,-4.60841321945,11.9570522308,39.0375022888,36.902256012,32.6565589905,60.2031784058,105.30418396,37.1261825562,8.09439468384],[-357.712799072,139.068450928,35.0380477905,-35.7889709473,-0.65111207962,-6.97418308258,33.301612854,14.5396318436,23.3729362488,27.0540599823,37.1261825562,89.0509796143,39.2155189514],[-200.625289917,101.190887451,65.3057098389,8.26000881195,11.6460981369,0.16991071403,23.1696186066,29.8819389343,21.2729434967,22.7496776581,8.09439468384,39.2155189514,97.0486373901]],"icov":[[0.0000774591753725,-3.35881424007e-7,0.000142977718497,-0.000188190635527,0.000053679857956,-0.000214234634768,0.000179174239747,-0.00016051629791,0.000141195545439,-0.0000538683234481,-0.000024884897357,0.000101974095742,0.0000234123290284],[-3.35881424007e-7,0.000424224475864,0.0000858997736941,0.00034764589509,-0.000399667216698,0.000435007590568,-0.000556413142476,-0.000128708910779,-0.00025042364723,-0.0000162067481142,-0.000166730460478,-0.0000640527505311,-0.000212268263567],[0.000142977718497,0.0000858997736941,0.00272647757083,-0.000119917873235,0.000108677013486,-0.00150201574434,-0.000160440424224,-0.00036572755198,0.000399685959565,-0.000881991465576,-0.00000954017286858,0.0001060427021,-0.0014008913422],[-0.000188190635527,0.00034764589509,-0.000119917873235,0.00388951622881,-0.0023545124568,-0.000653852592222,-0.000449368235422,-0.000421820121119,-0.000653096532915,-0.0000235829829762,0.000511104939505,0.000742780102883,-0.000675103161484],[0.000053679857956,-0.000399667216698,0.000108677013486,-0.0023545124568,0.0061073792167,-0.00144630623981,0.000871419673786,0.000668207416311,-0.000794336549006,-0.00175799545832,0.00132032122929,-0.000553428195417,0.000210529207834],[-0.000214234634768,0.000435007590568,-0.00150201574434,-0.000653852592222,-0.00144630623981,0.00904848705977,-0.00170827342663,0.00146219448652,-0.00212256750092,0.00205360539258,-0.00219533336349,0.000651750713587,0.00018887562328],[0.000179174239747,-0.000556413142476,-0.000160440424224,-0.000449368235422,0.000871419673786,-0.00170827342663,0.00750688510016,-0.00249426974915,0.00176220480353,-0.00225776201114,0.000314834527671,-0.00121979461983,0.000580599706154],[-0.00016051629791,-0.000128708910779,-0.00036572755198,-0.000421820121119,0.000668207416311,0.00146219448652,-0.00249426974915,0.0110910907388,-0.0054830010049,0.00226369034499,-0.00322404014878,0.00206107017584,-0.00271061528474],[0.000141195545439,-0.00025042364723,0.000399685959565,-0.000653096532915,-0.000794336549006,-0.00212256750092,0.00176220480353,-0.0054830010049,0.0135339898989,-0.00557795306668,0.00139208952896,-0.00219561136328,0.000818230968434],[-0.0000538683234481,-0.0000162067481142,-0.000881991465576,-0.0000235829829762,-0.00175799545832,0.00205360539258,-0.00225776201114,0.00226369034499,-0.00557795306668,0.0136624304578,-0.00651535019279,0.00144642055966,-0.00147061655298],[-0.000024884897357,-0.000166730460478,-0.00000954017286858,0.000511104939505,0.00132032122929,-0.00219533336349,0.000314834527671,-0.00322404014878,0.00139208952896,-0.00651535019279,0.0162436254323,-0.00590870110318,0.00310320174322],[0.000101974095742,-0.0000640527505311,0.0001060427021,0.000742780102883,-0.000553428195417,0.000651750713587,-0.00121979461983,0.00206107017584,-0.00219561136328,0.00144642055966,-0.00590870110318,0.0176906771958,-0.00664854981005],[0.0000234123290284,-0.000212268263567,-0.0014008913422,-0.000675103161484,0.000210529207834,0.00018887562328,0.000580599706154,-0.00271061528474,0.000818230968434,-0.00147061655298,0.00310320174322,-0.00664854981005,0.0148375006393]],"mean":[-712.073181152,148.603683472,12.0226964951,14.6287260056,3.05114126205,5.03867101669,-2.62847495079,4.95198345184,-1.63855838776,-1.5808352232,2.168384552,0.644872844219,0.995868325233]},"pitch_salience":{"dmean":0.0706804990768,"dmean2":0.116822138429,"dvar":0.00586678646505,"dvar2":0.0166652891785,"max":0.961485743523,"mean":0.531901717186,"median":0.535339653492,"min":0.102209277451,"var":0.0149298701435},"silence_rate_20dB":{"dmean":0,"dmean2":0,"dvar":0,"dvar2":0,"max":1,"mean":1,"median":1,"min":1,"var":0},"silence_rate_30dB":{"dmean":0.023299748078,"dmean2":0.0466031655669,"dvar":0.0227610655129,"dvar2":0.0611338689923,"max":1,"mean":0.983156263828,"median":1,"min":0,"var":0.0165636017919},"silence_rate_60dB":{"dmean":0.0143261961639,"dmean2":0.0286546479911,"dvar":0.0141201233491,"dvar2":0.0317722931504,"max":1,"mean":0.160645410419,"median":0,"min":0,"var":0.134831696749},"spectral_centroid":{"dmean":184.174575806,"dmean2":262.104949951,"dvar":88960.9140625,"dvar2":158032.546875,"max":11293.5908203,"mean":967.231140137,"median":728.737792969,"min":167.43560791,"var":517187.5},"spectral_complexity":{"dmean":2.89357686043,"dmean2":4.36605548859,"dvar":16.5253257751,"dvar2":30.7695503235,"max":59,"mean":14.4585599899,"median":12,"min":0,"var":108.477745056},"spectral_contrast_coeffs":{"dmean":[0.0460837110877,0.0433831401169,0.0356509238482,0.0270163584501,0.0203832406551,0.0164971519262],"dmean2":[0.0746415704489,0.0705832615495,0.0576203167439,0.0441404171288,0.0330582968891,0.0261131413281],"dvar":[0.00140868208837,0.00134513690136,0.000864163099322,0.000534814957064,0.000347654888174,0.000249329488724],"dvar2":[0.00357719603926,0.00356484157965,0.00221214652993,0.0013725332683,0.000843183137476,0.000592025695369],"max":[-0.298454970121,-0.350906163454,-0.497434943914,-0.552268147469,-0.556295990944,-0.575228452682],"mean":[-0.628291070461,-0.705169141293,-0.761956930161,-0.790203869343,-0.803751587868,-0.783835232258],"median":[-0.628221750259,-0.707508504391,-0.771750867367,-0.797743499279,-0.809751033783,-0.774248838425],"min":[-0.978447437286,-0.987280130386,-0.988248705864,-0.961838901043,-0.963232159615,-0.96093249321],"var":[0.00840179808438,0.00659996923059,0.00561641668901,0.00365360314026,0.00281977164559,0.00321834022179]},"spectral_contrast_valleys":{"dmean":[0.391491740942,0.350307434797,0.306355088949,0.262986510992,0.256090253592,0.25468608737],"dmean2":[0.660416007042,0.58099514246,0.496112436056,0.413455724716,0.379928529263,0.355853736401],"dvar":[0.159082263708,0.144689157605,0.109036982059,0.0959401428699,0.114500254393,0.126410230994],"dvar2":[0.372652471066,0.311744093895,0.223977968097,0.179728552699,0.204381003976,0.227285191417],"max":[-4.90531778336,-4.68504047394,-5.26962995529,-5.68501424789,-5.6130604744,-7.33858919144],"mean":[-7.65579128265,-7.21233320236,-7.8234705925,-8.43642234802,-8.71785831451,-11.2974071503],"median":[-7.12693691254,-6.85752439499,-7.39955806732,-7.86568021774,-8.02928447723,-10.5241174698],"min":[-27.7296695709,-27.3941669464,-27.6031589508,-27.4440574646,-27.4047851562,-27.304189682],"var":[3.6919593811,2.76888561249,2.94938778877,3.52528166771,4.34795665741,5.06797933578]},"spectral_decrease":{"dmean":2.77026268591e-9,"dmean2":4.49279724535e-9,"dvar":2.6961030587e-17,"dvar2":6.89256517216e-17,"max":5.32559556553e-15,"mean":-7.60119167609e-9,"median":-5.81910652997e-9,"min":-5.5134840693e-8,"var":5.37211555468e-17},"spectral_energy":{"dmean":0.0106969512999,"dmean2":0.0173134375364,"dvar":0.000394119386328,"dvar2":0.00100320053753,"max":0.210094541311,"mean":0.0302494894713,"median":0.0233847890049,"min":1.03490690934e-20,"var":0.000824724207632},"spectral_energyband_high":{"dmean":0.000322449224768,"dmean2":0.000441141950432,"dvar":0.00000101953412468,"dvar2":0.00000180504628133,"max":0.0254278872162,"mean":0.000771159306169,"median":0.000139991549077,"min":7.70501696149e-21,"var":0.00000408102823712},"spectral_energyband_low":{"dmean":0.00880283955485,"dmean2":0.0147532755509,"dvar":0.000389050168451,"dvar2":0.00103840616066,"max":0.1994446069,"mean":0.0141120059416,"median":0.00673320749775,"min":2.06559315282e-23,"var":0.000449220999144},"spectral_energyband_middle_high":{"dmean":0.00116461887956,"dmean2":0.00170709728263,"dvar":0.0000034521174257,"dvar2":0.00000732589478503,"max":0.0331183858216,"mean":0.00371035980061,"median":0.00174830283504,"min":1.43156378238e-21,"var":0.0000208594738069},"spectral_energyband_middle_low":{"dmean":0.00404172251001,"dmean2":0.00637893006206,"dvar":0.0000366746244254,"dvar2":0.000098917305877,"max":0.0807570293546,"mean":0.0128745827824,"median":0.00988713558763,"min":1.91767340272e-22,"var":0.000144119141623},"spectral_entropy":{"dmean":0.149030193686,"dmean2":0.210040077567,"dvar":0.0264245588332,"dvar2":0.0522813014686,"max":9.79476356506,"mean":7.1016998291,"median":7.33230447769,"min":4.92091464996,"var":0.743397057056},"spectral_flux":{"dmean":0.0255184732378,"dmean2":0.0398318357766,"dvar":0.00143339054193,"dvar2":0.00289695733227,"max":0.419049739838,"mean":0.0751477628946,"median":0.0647482797503,"min":6.79584583052e-11,"var":0.00382207683288},"spectral_kurtosis":{"dmean":5.5990319252,"dmean2":9.36989021301,"dvar":128.79498291,"dvar2":369.594818115,"max":173.344650269,"mean":19.2143135071,"median":5.21641349792,"min":-1.2152081728,"var":891.764282227},"spectral_rms":{"dmean":0.000809793826193,"dmean2":0.00126419996377,"dvar":0.00000145498722759,"dvar2":0.00000346362526216,"max":0.0143167832866,"mean":0.00472580268979,"median":0.00477644521743,"min":3.17752313177e-12,"var":0.00000717838429409},"spectral_rolloff":{"dmean":387.395477295,"dmean2":646.997192383,"dvar":1300261,"dvar2":2685429.5,"max":19982.8125,"mean":1392.75439453,"median":667.529296875,"min":64.599609375,"var":7507560},"spectral_skewness":{"dmean":0.416213870049,"dmean2":0.678666710854,"dvar":0.383665680885,"dvar2":1.13161563873,"max":10.3177633286,"mean":2.68369364738,"median":1.82677185535,"min":-0.428849518299,"var":3.96846151352},"spectral_spread":{"dmean":392851.71875,"dmean2":596169.875,"dvar":409873383424,"dvar2":753047764992,"max":41306604,"mean":4089856.75,"median":3961977,"min":466280.03125,"var":7951041429500},"spectral_strongpeak":{"dmean":0.390098869801,"dmean2":0.659980535507,"dvar":0.477190792561,"dvar2":1.20139253139,"max":14.4469385147,"mean":0.801033377647,"median":0.492410004139,"min":0,"var":0.896464943886},"zerocrossingrate":{"dmean":0.00832595676184,"dmean2":0.009670490399,"dvar":0.000168920276337,"dvar2":0.000203385614441,"max":0.86376953125,"mean":0.0563077628613,"median":0.0361328125,"min":0.00341796875,"var":0.00804596766829}},"metadata":{"audio_properties":{"analysis_sample_rate":44100,"bit_rate":320028,"codec":"mp3","downmix":"mix","equal_loudness":0,"length":294.974700928,"lossless":false,"md5_encoded":"1d678619f31b72fca0605d35c9b88950","replay_gain":-13.59897995,"sample_rate":44100},"tags":{"album":["In Dream"],"albumartist":["Editors"],"artist":["Editors"],"artistsort":["Editors"],"composer":["Editors"],"date":["2015"],"discnumber":["1/1"],"file_name":"08. Editors - All the Kings.mp3","genre":["Post-Punk Revival"],"label":["Play It Again Sam"],"musicbrainz album type":["Album"],"musicbrainz_albumid":["1496936d-6413-4fbf-99ba-0fd5daef2deb"],"musicbrainz_artistid":["0efe858c-89e5-4e47-906a-356fa953fd6e"],"musicbrainz_recordingid":["875276e5-131c-4e2a-a0ea-c8ee4afcedc6"],"releasecountry":["XW"],"title":["All the Kings"],"tracknumber":["8/10"]},"version":{"essentia":"2.1-beta2","essentia_build_sha":"c0e182ba78c2de26e491b7b7a4a2c98c1ed34208","essentia_git_sha":"v2.1_beta2-2-gbb40004","extractor":"music 1.0"}},"rhythm":{"beats_count":603,"beats_loudness":{"dmean":0.02077142708,"dmean2":0.03539609164,"dvar":0.000524061266333,"dvar2":0.00149206002243,"max":0.176701292396,"mean":0.0374660491943,"median":0.0289230570197,"min":3.6677657439e-11,"var":0.00104391667992},"beats_loudness_band_ratio":{"dmean":[0.172053009272,0.116797536612,0.136241614819,0.08369807899,0.0466356761754,0.0478985868394],"dmean2":[0.290713340044,0.201238557696,0.245087563992,0.150765568018,0.0790165737271,0.0866261795163],"dvar":[0.0222991369665,0.0123773925006,0.0186007712036,0.0100410580635,0.0058012381196,0.0110218357295],"dvar2":[0.0616480149329,0.0354193039238,0.054227463901,0.0307117532939,0.0148273743689,0.0271646212786],"max":[0.970543622971,0.721112966537,0.93556702137,0.700745284557,0.643653035164,0.999603748322],"mean":[0.47611951828,0.154540345073,0.188277646899,0.102259978652,0.0500956997275,0.0500301010907],"m