{"lowlevel":{"average_loudness":0.943836688995,"barkbands":{"dmean":[0.000373254617443,0.00597036955878,0.00553168309852,0.00390678923577,0.00189190905076,0.000722975819372,0.000495633517858,0.000538496475201,0.000332527502906,0.000299046863802,0.000191745755728,0.000189840182429,0.000183840209502,0.000292543350952,0.00029655979597,0.000254816317465,0.000271589553449,0.000246688112384,0.000212899511098,0.000229898767429,0.000186936449609,0.000166609315784,0.000106963707367,0.0000860653308337,0.0000423376841354,0.0000350210102624,0.0000130631597131],"dmean2":[0.000666599196848,0.0100131081417,0.00937077682465,0.00652743410319,0.00319530349225,0.00115680333693,0.000797584536485,0.000834534235764,0.00052797945682,0.000474855012726,0.000306250585709,0.00030105659971,0.000294439378195,0.00045693202992,0.000459168397356,0.000403384823585,0.000432918808656,0.000389496039134,0.000330739683704,0.000355337455403,0.000269462470897,0.000233002501773,0.000144930119859,0.000115198417916,0.0000608719274169,0.0000469393817184,0.0000177006986632],"dvar":[2.45855602543e-7,0.000115554219519,0.000264389091171,0.000113944486657,0.0000106401166704,0.00000204389857572,0.00000131140234316,0.00000148827427893,6.6938736154e-7,3.6696172856e-7,1.32595445734e-7,1.35858257977e-7,1.96830967525e-7,4.32307871279e-7,3.58857164429e-7,2.3146422734e-7,1.9586140354e-7,1.42543171933e-7,1.05248368243e-7,1.28682657419e-7,7.91286325352e-8,6.67558737177e-8,3.79149014407e-8,3.15417061358e-8,8.06321320823e-9,3.97626109816e-9,7.55266349461e-10],"dvar2":[7.30033605123e-7,0.000331599265337,0.000654436822515,0.000270724733127,0.0000281650864054,0.00000471582870887,0.00000309965366796,0.00000324691586684,0.00000148118135712,8.76403476013e-7,3.14771767762e-7,3.41611723798e-7,4.75187363236e-7,0.0000010263971717,8.43629948122e-7,5.66823530335e-7,5.01932220232e-7,3.42745465787e-7,2.46986530783e-7,3.0775504456e-7,1.51737623355e-7,1.40497519396e-7,6.93693777976e-8,5.29085362189e-8,1.53325689922e-8,7.09909864227e-9,1.49349643763e-9],"max":[0.00811866298318,0.130894809961,0.118855111301,0.134565085173,0.0555892512202,0.0388387329876,0.0299229063094,0.0289804134518,0.0264922268689,0.0188674423844,0.00991220120341,0.00888363923877,0.00997894536704,0.0174086019397,0.0162758603692,0.0124365771189,0.00857872609049,0.0071218367666,0.00728741893545,0.00767445703968,0.00510781770572,0.00365082360804,0.00372461997904,0.00468920776621,0.00266889552586,0.00140697904862,0.000378142227419],"mean":[0.000421038275817,0.0101590668783,0.00502750882879,0.00370525289327,0.00263751996681,0.00101979682222,0.000636042037513,0.000734264496714,0.000499410380144,0.000465404649731,0.000301789288642,0.000327989255311,0.000281194719719,0.000475001637824,0.000498019100633,0.000452915992355,0.000549011689145,0.000490163511131,0.000442193093477,0.000453096494311,0.000361162528861,0.000293378194328,0.000195747095859,0.000165829333127,0.0000867123162607,0.0000567298811802,0.0000170075672941],"median":[0.000235940446146,0.00337080284953,0.000584790599532,0.000754309003241,0.00109323323704,0.000383479840821,0.000231388563407,0.000215977488551,0.000199604022782,0.000217233246076,0.000132721921545,0.000153976638103,0.000108736319817,0.000157881237101,0.000188299512956,0.000242120149778,0.000311217911076,0.000302840140648,0.000253423291724,0.000244469265454,0.000178997637704,0.000120993645396,0.0000618053381913,0.0000418034614995,0.0000235183579207,0.000010755195035,0.00000144733348861],"min":[4.77366063853e-16,1.07785217824e-15,5.79388641251e-16,2.05803997535e-15,1.65083566222e-15,3.64132941871e-15,1.4512906876e-15,8.68049475802e-16,4.80959368198e-15,3.63669868959e-15,1.76882893996e-15,2.31662240525e-15,4.52554541828e-15,7.74555355513e-16,3.35476843177e-15,3.94753055859e-15,2.03281956935e-15,1.16037150439e-15,1.48993974219e-15,4.19601656752e-15,7.17202786418e-15,3.93582363153e-14,1.44542770765e-13,5.94326888051e-13,1.05921944393e-12,1.87457189528e-12,4.19317983114e-11],"var":[2.80426718291e-7,0.00023860152578,0.000215560998186,0.000105961124063,0.0000152105412781,0.00000350897562384,0.00000204945627047,0.00000277757499134,0.00000118635489343,7.66684934206e-7,2.87881647409e-7,3.27633642883e-7,3.56714622285e-7,9.35700484206e-7,7.7060434478e-7,4.68096800432e-7,5.58549118068e-7,3.58787247023e-7,3.02786986595e-7,3.79178516141e-7,2.35334084664e-7,1.61915210128e-7,1.27166032371e-7,1.28316798964e-7,3.04981639943e-8,1.01913366635e-8,1.39409439548e-9]},"barkbands_crest":{"dmean":3.2211368084,"dmean2":5.23365020752,"dvar":8.84390735626,"dvar2":22.4344120026,"max":26.9047679901,"mean":11.7631549835,"median":10.5995159149,"min":2.15989422798,"var":31.839389801},"barkbands_flatness_db":{"dmean":0.0276043508202,"dmean2":0.0427204109728,"dvar":0.000636621552985,"dvar2":0.00156544556376,"max":0.646732926369,"mean":0.121363647282,"median":0.111676037312,"min":0.0108952047303,"var":0.00359536125325},"barkbands_kurtosis":{"dmean":8.40496253967,"dmean2":13.7075557709,"dvar":17933.4746094,"dvar2":33927.8554688,"max":12201.2773438,"mean":14.2973537445,"median":0.902194738388,"min":-1.94545853138,"var":71319.15625},"barkbands_skewness":{"dmean":0.833732485771,"dmean2":1.28652632236,"dvar":1.60338890553,"dvar2":3.09074544907,"max":24.6648979187,"mean":1.43474400043,"median":1.3009698391,"min":-92.9580917358,"var":9.99444198608},"barkbands_spread":{"dmean":9.10017299652,"dmean2":14.0847835541,"dvar":90.1762924194,"dvar2":202.247055054,"max":143.392822266,"mean":30.5249404907,"median":27.7887248993,"min":0.01798382774,"var":334.491333008},"dissonance":{"dmean":0.0123531911522,"dmean2":0.0202790703624,"dvar":0.000167968406458,"dvar2":0.0004349554074,"max":0.5,"mean":0.477324128151,"median":0.482537329197,"min":0.281630158424,"var":0.000378287542844},"dynamic_complexity":4.16606616974,"erbbands":{"dmean":[0.181790485978,1.47527909279,6.08071422577,9.29935932159,9.36257839203,5.86895227432,6.03651809692,5.77612924576,5.45899057388,11.5683202744,9.66128063202,6.79457044601,11.2195739746,6.5467839241,7.59261226654,7.99401330948,7.74084377289,15.018447876,12.9825239182,13.4917907715,12.1314630508,13.4794330597,12.8811693192,10.6088466644,12.4108486176,10.7487344742,9.35749721527,6.05741786957,6.39418411255,4.15244913101,3.03351306915,1.9761646986,1.41721153259,0.622197031975,0.245783001184,0.136821642518,0.068526186049,0.0176134817302,0.00210579182021,0.000133986424771],"dmean2":[0.28337880969,2.52507853508,10.2704896927,15.2337818146,15.9916610718,9.76437282562,9.68782997131,9.36265563965,8.712059021,18.2333621979,15.3233299255,10.7339601517,17.7439956665,10.570895195,12.0579118729,12.6434049606,12.2647275925,23.2969493866,19.8834991455,20.961019516,19.0947818756,21.5514698029,20.4627437592,16.6772842407,18.9713592529,16.4291782379,13.638045311,8.65733909607,9.18505191803,5.62643051147,4.19664764404,2.6926651001,1.92839193344,0.884791910648,0.358345896006,0.192029803991,0.0910980403423,0.0230849310756,0.00278556789272,0.00019015414],"dvar":[0.119953885674,7.65186214447,327.565002441,473.855102539,392.901641846,156.266891479,148.647125244,156.507034302,194.540496826,717.093078613,567.065673828,355.43649292,564.898742676,216.577972412,203.148849487,236.227661133,317.332763672,1217.19543457,684.097839355,679.589233398,401.255187988,461.912139893,403.51473999,298.969940186,380.163208008,298.446166992,201.761230469,88.9766921997,100.706993103,44.0736961365,31.1941585541,14.6717605591,10.6664133072,1.90493476391,0.26275113225,0.0737840384245,0.0158749204129,0.00118574441876,0.0000191815815924,7.94659271719e-8],"dvar2":[0.300219118595,22.0173835754,815.154541016,1091.76855469,1019.95074463,395.942230225,344.008148193,372.533203125,445.159301758,1606.48901367,1327.51611328,817.142211914,1356.25512695,532.969726562,491.667358398,590.047790527,779.928894043,2927.63110352,1618.66662598,1519.56848145,989.766601562,1193.0982666,985.633789062,731.494689941,865.297119141,710.821228027,403.624359131,178.623321533,216.493377686,84.6937332153,59.0421981812,25.7163562775,18.8738613129,3.6529853344,0.512510418892,0.136671662331,0.0279133822769,0.00210870266892,0.0000357273675036,1.77187487793e-7],"max":[4.90918779373,27.3875637054,137.596130371,243.179199219,252.21937561,274.221221924,316.900756836,379.713012695,371.254394531,829.752502441,645.038757324,831.890136719,714.432434082,629.055664062,317.207672119,444.66696167,553.375305176,793.73614502,477.11138916,797.303222656,420.374481201,464.854705811,473.920379639,362.449615479,526.647155762,311.839111328,326.067382812,189.180435181,125.016960144,134.514648438,115.755226135,85.2484436035,103.291320801,34.3914451599,19.1068916321,9.44547653198,2.10243988037,0.609211921692,0.0640211701393,0.00356721808203],"mean":[0.328298956156,2.16799235344,5.653236866,9.63137054443,10.7363128662,7.85999011993,8.82300662994,7.63500165939,7.65647220612,16.1297721863,12.831360817,10.6975536346,18.3260574341,9.81761074066,12.7865982056,14.6274023056,13.4160709381,25.2266407013,23.3367137909,26.1396446228,24.9224395752,29.1095867157,26.7991924286,22.9742736816,25.2020969391,21.2299041748,17.8259544373,11.7980384827,11.0766782761,7.53979063034,5.40020227432,3.54046154022,2.78830194473,1.25984287262,0.47657302022,0.246142148972,0.104110963643,0.0240568853915,0.00281562772579,0.000182916221092],"median":[0.082707002759,0.726792097092,1.00220477581,2.03270864487,3.39240550995,2.99265742302,3.31683015823,2.84870886803,3.09132671356,5.26803827286,4.41367053986,4.48584079742,8.6176776886,4.8289680481,6.13623905182,7.21932125092,6.17529439926,8.90494155884,9.09434127808,13.4052391052,14.7601642609,17.7720298767,16.8920974731,13.4824180603,14.5820875168,11.510178566,9.05591773987,5.58874559402,4.42658424377,2.8721704483,1.65933692455,0.969762027264,0.648303627968,0.326594650745,0.130851596594,0.0535973608494,0.0178589634597,0.00281585450284,0.000260379922111,0.0000553972859052],"min":[4.17712163415e-14,2.89048109449e-13,1.59739387516e-12,4.6088467244e-12,1.01457566307e-11,3.70330762584e-12,1.33258265533e-11,3.0052568073e-11,3.18490026019e-11,2.20240041482e-11,3.57753063285e-11,1.06720500492e-10,1.41005859766e-10,1.08384815012e-10,1.21319787549e-10,1.15169186687e-10,2.35714531227e-10,1.53201021313e-10,2.0439697157e-10,2.60511612282e-10,2.18658313678e-10,1.30277968968e-10,6.71581332212e-11,6.76227407403e-11,1.32540298181e-10,1.71931802129e-10,3.08098491164e-10,3.41051936692e-10,1.11422426841e-9,2.62423038855e-9,5.50599610349e-9,1.17087628482e-8,1.2236482938e-8,6.93350044045e-9,5.68074343121e-9,4.51680293168e-9,3.85979959105e-9,5.79895242936e-9,4.16256584757e-9,9.81222769703e-10],"var":[0.309590935707,11.5074691772,267.549255371,469.6824646,417.150817871,212.460693359,284.378356934,221.52154541,303.445098877,1433.56640625,801.270080566,590.944580078,1267.52893066,292.561645508,452.091064453,615.930114746,608.637756348,2596.79052734,1578.45837402,1597.18444824,1002.24688721,1337.17297363,994.133911133,863.174072266,1108.56591797,825.387207031,574.804992676,263.786621094,229.923278809,134.897857666,99.0014343262,49.2405929565,42.5476417542,7.21386384964,0.887287735939,0.23648661375,0.0349440202117,0.002449441934,0.0000386473257095,1.16441285058e-7]},"erbbands_crest":{"dmean":2.45421981812,"dmean2":3.9869594574,"dvar":5.78405332565,"dvar2":14.3813447952,"max":29.2753372192,"mean":7.74403190613,"median":6.73799705505,"min":2.37623548508,"var":14.5011081696},"erbbands_flatness_db":{"dmean":0.0175774600357,"dmean2":0.0247870609164,"dvar":0.00033524207538,"dvar2":0.000591284886468,"max":0.324230611324,"mean":0.135320261121,"median":0.128477960825,"min":0.0124262617901,"var":0.00189087737817},"erbbands_kurtosis":{"dmean":0.909983277321,"dmean2":1.42195796967,"dvar":1.83248090744,"dvar2":3.88405370712,"max":24.9776515961,"mean":0.301130890846,"median":-0.381453752518,"min":-1.80821609497,"var":5.00981283188},"erbbands_skewness":{"dmean":0.369555443525,"dmean2":0.559482216835,"dvar":0.125167265534,"dvar2":0.260910898447,"max":3.80489349365,"mean":-0.348760694265,"median":-0.307131886482,"min":-4.06138515472,"var":0.54680454731},"erbbands_spread":{"dmean":11.476978302,"dmean2":17.3331127167,"dvar":151.748596191,"dvar2":315.594940186,"max":156.184066772,"mean":46.1129074097,"median":42.8707046509,"min":3.5100235939,"var":477.343292236},"gfcc":{"cov":[[19669.9296875,4.36495828629,-816.460510254,712.690368652,-714.651306152,311.813171387,-585.674987793,186.003570557,-404.332458496,275.718322754,-394.294921875,123.62600708,-330.462005615],[4.36495828629,1670.51123047,-440.818084717,15.1490821838,245.435668945,22.8119411469,204.977783203,46.1213760376,54.9604644775,-28.3571472168,110.921058655,-31.4157505035,107.751777649],[-816.460510254,-440.818084717,989.34753418,139.430801392,51.6307106018,48.3979454041,21.6817340851,2.34590172768,33.843536377,-13.964717865,-25.4224624634,8.63094329834,-44.918762207],[712.690368652,15.1490821838,139.430801392,384.246490479,75.025352478,50.3072776794,9.74473381042,46.7959785461,37.0212135315,43.5045089722,8.03842735291,12.594121933,26.3925170898],[-714.651306152,245.435668945,51.6307106018,75.025352478,355.48651123,68.3014678955,144.034240723,50.7626190186,69.658493042,17.7657737732,39.953704834,-3.66395330429,47.021697998],[311.813171387,22.8119411469,48.3979454041,50.3072776794,68.3014678955,253.704971313,109.89691925,75.1514434814,26.5660495758,45.5337638855,27.3853473663,14.3136749268,16.3290462494],[-585.674987793,204.977783203,21.6817340851,9.74473381042,144.034240723,109.89691925,241.395248413,60.8409957886,50.7255172729,12.2282514572,41.9582366943,0.926295220852,21.1699981689],[186.003570557,46.1213760376,2.34590172768,46.7959785461,50.7626190186,75.1514434814,60.8409957886,168.475814819,66.1259384155,52.2656478882,37.9856796265,34.0231933594,29.640083313],[-404.332458496,54.9604644775,33.843536377,37.0212135315,69.658493042,26.5660495758,50.7255172729,66.1259384155,150.140380859,64.5376968384,42.3795089722,10.1599798203,34.7026062012],[275.718322754,-28.3571472168,-13.964717865,43.5045089722,17.7657737732,45.5337638855,12.2282514572,52.2656478882,64.5376968384,123.180931091,49.6438941956,23.1182384491,10.8549718857],[-394.294921875,110.921058655,-25.4224624634,8.03842735291,39.953704834,27.3853473663,41.9582366943,37.9856796265,42.3795089722,49.6438941956,115.858337402,38.877204895,31.4452381134],[123.62600708,-31.4157505035,8.63094329834,12.594121933,-3.66395330429,14.3136749268,0.926295220852,34.0231933594,10.1599798203,23.1182384491,38.877204895,85.350730896,31.8633232117],[-330.462005615,107.751777649,-44.918762207,26.3925170898,47.021697998,16.3290462494,21.1699981689,29.640083313,34.7026062012,10.8549718857,31.4452381134,31.8633232117,96.1193008423]],"icov":[[0.000119085860206,-0.000115151815407,0.000108560234366,-0.000249278236879,0.000140513468068,-0.000231488476857,0.000263132562395,-0.00018215244927,0.000289695424726,-0.000437644339399,0.000624758133199,-0.000470150611363,0.000522790534887],[-0.000115151815407,0.00105861818884,0.000315669429256,0.0000740583273,-0.000472057348816,0.000399939628551,-0.000781391980127,0.000124230980873,-0.000306032743538,0.00108802004252,-0.00149832549505,0.00121383648366,-0.00108326005284],[0.000108560234366,0.000315669429256,0.00147201563232,-0.000753985892516,-0.000166168043506,-0.000414815614931,0.0000521547408425,0.0000545713774045,-0.000435559253674,0.000504973868374,0.000426629936555,-0.000788047094829,0.00125963368919],[-0.000249278236879,0.0000740583273,-0.000753985892516,0.0036640400067,-0.000845156086143,0.000160358074936,0.0000752030027797,-0.0000879331928445,-0.000396216084482,-0.000263466907199,-0.000662029313389,0.00100388354622,-0.0018451185897],[0.000140513468068,-0.000472057348816,-0.000166168043506,-0.000845156086143,0.00450431834906,-0.000287147442577,-0.00164764840156,-0.000177959242137,-0.000454385241028,-0.00042532448424,0.000557813444175,0.000241521644057,-0.000620752805844],[-0.000231488476857,0.000399939628551,-0.000414815614931,0.000160358074936,-0.000287147442577,0.00625862274319,-0.00306913536042,-0.00125364819542,0.000951230642386,-0.00112428423017,-0.000957040057983,0.00121447478887,-0.00164826330729],[0.000263132562395,-0.000781391980127,0.0000521547408425,0.0000752030027797,-0.00164764840156,-0.00306913536042,0.0080447094515,-0.0013385291677,-0.000558804080356,0.000549882999621,0.000107252257294,-0.000707004277501,0.00209163455293],[-0.00018215244927,0.000124230980873,0.0000545713774045,-0.0000879331928445,-0.000177959242137,-0.00125364819542,-0.0013385291677,0.00932450126857,-0.00312961894087,-0.000498369161505,-0.000642532191705,-0.00203748140484,-0.000924588472117],[0.000289695424726,-0.000306032743538,-0.000435559253674,-0.000396216084482,-0.000454385241028,0.000951230642386,-0.000558804080356,-0.00312961894087,0.0122365197167,-0.00629131961614,0.000684796599671,0.00131771818269,-0.0019750550855],[-0.000437644339399,0.00108802004252,0.000504973868374,-0.000263466907199,-0.00042532448424,-0.00112428423017,0.000549882999621,-0.000498369161505,-0.00629131961614,0.0160600859672,-0.00700667407364,0.000787179975305,0.000504600349814],[0.000624758133199,-0.00149832549505,0.000426629936555,-0.000662029313389,0.000557813444175,-0.000957040057983,0.000107252257294,-0.000642532191705,0.000684796599671,-0.00700667407364,0.0174207184464,-0.0077055580914,0.00167223229073],[-0.000470150611363,0.00121383648366,-0.000788047094829,0.00100388354622,0.000241521644057,0.00121447478887,-0.000707004277501,-0.00203748140484,0.00131771818269,0.000787179975305,-0.0077055580914,0.0193918794394,-0.00763366278261],[0.000522790534887,-0.00108326005284,0.00125963368919,-0.0018451185897,-0.000620752805844,-0.00164826330729,0.00209163455293,-0.000924588472117,-0.0019750550855,0.000504600349814,0.00167223229073,-0.00763366278261,0.0175584387034]],"mean":[-9.6218547821,68.4865493774,-112.205413818,47.0098266602,-44.0839195251,9.99797534943,-28.7893886566,8.90369033813,-19.9518318176,1.44954097271,-16.654542923,-0.97337448597,-10.1755685806]},"hfc":{"dmean":6.92342376709,"dmean2":9.38641834259,"dvar":74.6920623779,"dvar2":135.988143921,"max":107.895744324,"mean":22.2233028412,"median":17.8930511475,"min":0.00000187095724868,"var":327.565002441},"melbands":{"dmean":[0.0015909562353,0.00266155367717,0.00164495408535,0.000501187518239,0.000218762652366,0.000130880347569,0.0000886118723429,0.00012740517559,0.0000762853742344,0.0000440952535428,0.0000552274977963,0.0000259731950791,0.0000241432317125,0.0000220757592615,0.0000203530180443,0.000018026043108,0.0000319341597788,0.0000205241522053,0.0000232402035181,0.0000201340899366,0.000015036916011,0.0000146588972711,0.0000157820159075,0.0000109020229502,0.00000909663594939,0.00000965565777733,0.0000090768762675,0.00000725665267964,0.00000650544052405,0.00000483027406517,0.00000337957953889,0.00000380590108762,0.00000321011680171,0.00000210750499718,0.00000187791033568,0.00000158687009844,0.00000110118230623,0.0000010676550346,8.57058694237e-7,4.57870328319e-7],"dmean2":[0.00258065224625,0.00452736020088,0.00270073325373,0.000845374306664,0.000353332579834,0.000210452039028,0.000141662269016,0.000199132526177,0.000121850898722,0.0000697418799973,0.0000873800090631,0.0000421288714278,0.0000384802588087,0.0000346408742189,0.0000324944630847,0.0000284212328552,0.0000497743931192,0.0000315358520311,0.0000361056991096,0.0000318195961881,0.0000238949614868,0.000023452565074,0.0000254605838563,0.0000172829331859,0.000014489757632,0.0000148844173964,0.0000144341865962,0.0000111869139801,0.00000968168478721,0.00000710819085725,0.00000496180064147,0.00000555421593162,0.00000462775324195,0.00000292058211926,0.00000267182099378,0.00000225606208915,0.00000151379083491,0.00000146197055528,0.00000124358655285,6.70838289807e-7],"dvar":[0.00000864628145791,0.0000502306356793,0.0000142547132782,8.43979819365e-7,1.83321944291e-7,7.52253725977e-8,4.39818244047e-8,8.56105870639e-8,4.11882794538e-8,1.33084379073e-8,1.37324862592e-8,3.63076879673e-9,2.09543071783e-9,1.82936310544e-9,1.76567582777e-9,1.9778281235e-9,5.82847459185e-9,1.91375737479e-9,2.59867660724e-9,1.69054004129e-9,7.22251425334e-10,6.18790851892e-10,6.1594102041e-10,3.25074189789e-10,2.34931657461e-10,2.48498055466e-10,2.23423099466e-10,1.46259282463e-10,1.07175740505e-10,5.56730286871e-11,3.04737866885e-11,3.49402347333e-11,2.75827641977e-11,1.36694700698e-11,1.23074423916e-11,9.92085146673e-12,4.78953205221e-12,6.48283033158e-12,4.46631317e-12,1.0031136078e-12],"dvar2":[0.0000238428146986,0.000127155391965,0.0000332248600898,0.00000221139816858,4.29993121998e-7,1.76269594476e-7,1.02608233021e-7,1.8762949594e-7,9.59514849797e-8,3.02988034662e-8,3.28333804589e-8,8.87214834933e-9,4.9109782907e-9,4.55275461775e-9,4.41989156386e-9,4.65710137121e-9,1.40532110393e-8,4.45828307605e-9,6.13221162737e-9,4.10323641731e-9,1.77450809602e-9,1.5954259025e-9,1.56931012629e-9,7.80782272169e-10,5.82260684112e-10,5.8744314968e-10,5.36525324168e-10,3.51179391123e-10,2.26826321614e-10,1.12354819892e-10,6.54763604446e-11,7.66474245184e-11,6.04633981771e-11,2.70746723652e-11,2.43787681015e-11,1.94301033596e-11,8.59254768032e-12,1.21371957623e-11,9.21125068581e-12,2.09284152508e-12],"max":[0.0404917299747,0.0564354732633,0.0451875776052,0.0105549963191,0.00995937362313,0.0080070598051,0.00486166309565,0.00792984012514,0.00512175634503,0.00498072849587,0.00357577600516,0.00276627833955,0.00129891280085,0.00113618036266,0.000934853509534,0.00113124388736,0.00173228350468,0.000882057996932,0.00154650642071,0.00124042597599,0.000649174791761,0.000613432843238,0.000435147609096,0.000430467742262,0.000316850404488,0.000422427314334,0.000358266697731,0.000237344851485,0.000291419535642,0.000119376571092,0.000115492221084,0.0000751404222683,0.0000695210837875,0.0000944436033024,0.0000741532785469,0.0000599085105932,0.000050609203754,0.0000858593557496,0.0000541965273442,0.0000257320480159],"mean":[0.00286792078987,0.00292028463446,0.00176327279769,0.0006429401692,0.000320600927807,0.00017737406597,0.000121984063298,0.00017932789342,0.0000987767925835,0.0000694632763043,0.000089047876827,0.0000360326630471,0.0000394514245272,0.0000387361687899,0.0000341632658092,0.0000285004316538,0.0000501917893416,0.0000339962098224,0.0000382995895052,0.0000351869457518,0.0000279133419099,0.0000292307977361,0.0000302054177155,0.0000208248784475,0.0000178639056685,0.0000181346713362,0.000017191419829,0.0000132753575599,0.0000115395178,0.00000877103957464,0.00000622181505605,0.00000637502034806,0.00000531803834747,0.00000373755688088,0.00000323687345372,0.00000257486658484,0.00000197620056497,0.0000020310058062,0.00000158982140874,8.95908556231e-7],"median":[0.000891400151886,0.00106513663195,0.00045252093696,0.000233806596952,0.000121248478536,0.0000661792364554,0.0000473688669445,0.0000555075093871,0.0000320845138049,0.0000292757777061,0.0000403220401495,0.0000156338828674,0.0000181363284355,0.0000187689311133,0.0000167362468346,0.0000105248800537,0.0000157753383974,0.0000118910083984,0.0000147045320773,0.0000181545583473,0.0000151846525114,0.0000162241576618,0.000017974545699,0.0000120972836157,0.00000959744829743,0.00000988124338619,0.00000930561509449,0.00000673433123666,0.00000548322486793,0.00000408581445299,0.00000274277795143,0.00000244587090492,0.00000217127899305,0.00000126249756249,9.93786898107e-7,6.5272467964e-7,5.34896344107e-7,4.6787846486e-7,3.70898987967e-7,2.41475703433e-7],"min":[7.43970425155e-16,7.20896877095e-16,1.39463995941e-15,4.22054362411e-16,3.96543185878e-16,6.48325105878e-16,4.7626873267e-16,2.18320756921e-16,4.16599655519e-16,7.33451758258e-16,7.06427066197e-16,4.3006522945e-16,2.84576865196e-16,2.56852126873e-16,5.2282785738e-16,4.81203017225e-16,1.32108777403e-16,3.04506518123e-16,2.96197257259e-16,2.85803104205e-16,2.57230512373e-16,1.25688625005e-16,7.36628687676e-17,5.83674985306e-17,4.497029935e-17,6.40664950184e-17,1.17783094454e-16,9.88771933402e-17,1.48746860297e-16,1.41066918444e-16,2.10128717477e-16,3.62056133551e-16,8.53467591857e-16,1.83647606162e-15,2.47797032324e-15,6.31554584088e-15,5.97646542308e-15,7.98370565621e-15,7.78665614653e-15,4.84351777503e-15],"var":[0.0000204534280783,0.0000448888240498,0.0000143358447531,0.00000104422679215,3.40142918276e-7,1.13580156835e-7,6.85283794155e-8,1.77554753122e-7,5.81085188855e-8,2.35619790345e-8,3.09318082259e-8,4.72800776308e-9,5.03821784292e-9,4.57610527249e-9,3.33751670745e-9,3.90140364459e-9,1.17226921503e-8,4.09223055442e-9,4.98711383301e-9,3.45201334184e-9,1.55596646678e-9,1.5963129707e-9,1.48121370724e-9,7.17646719828e-10,6.13644801639e-10,5.9369476002e-10,6.24017726381e-10,3.52625539879e-10,2.67992156244e-10,1.51474166543e-10,8.08734329505e-11,7.91095383645e-11,5.73426896244e-11,4.08614947434e-11,3.63524453595e-11,2.63868787931e-11,1.61087775064e-11,2.36817197796e-11,1.47368384856e-11,3.34064872119e-12]},"melbands_crest":{"dmean":4.30967378616,"dmean2":6.95237636566,"dvar":16.7652053833,"dvar2":39.6806564331,"max":33.8028564453,"mean":17.3714179993,"median":16.6838722229,"min":2.70386099815,"var":50.5105819702},"melbands_flatness_db":{"dmean":0.035516448319,"dmean2":0.0538728684187,"dvar":0.00100848905277,"dvar2":0.00233951630071,"max":0.526463508606,"mean":0.188821226358,"median":0.179235562682,"min":0.0167150832713,"var":0.00573605811223},"melbands_kurtosis":{"dmean":14.9261980057,"dmean2":24.8030395508,"dvar":854.84362793,"dvar2":2310.08496094,"max":848.663085938,"mean":20.9240264893,"median":9.23691940308,"min":-1.90386688709,"var":1218.93347168},"melbands_skewness":{"dmean":1.22416460514,"dmean2":1.91274571419,"dvar":2.03473520279,"dvar2":4.82741451263,"max":19.2527370453,"mean":3.37754559517,"median":2.92436122894,"min":-2.69353532791,"var":5.7504696846},"melbands_spread":{"dmean":11.7917747498,"dmean2":18.2922401428,"dvar":239.64263916,"dvar2":469.399505615,"max":278.932006836,"mean":31.5202312469,"median":25.0083503723,"min":0.324244767427,"var":804.889587402},"mfcc":{"cov":[[11389.9931641,9.99449443817,41.6687812805,366.201416016,-18.8328895569,80.411277771,-168.63760376,-79.842918396,-86.3346939087,-14.1543312073,-18.023229599,-49.4878425598,-139.613708496],[9.99449443817,1422.80908203,-350.651092529,83.6352462769,25.0215053558,41.4288253784,134.685394287,84.4528884888,57.9787750244,21.8859233856,18.2146816254,24.1700515747,43.1573944092],[41.6687812805,-350.651092529,733.262939453,71.1848526001,61.0308418274,41.0604095459,-14.1333408356,20.9960899353,-4.06992864609,-0.196890935302,0.736384212971,1.93431866169,1.193141222],[366.201416016,83.6352462769,71.1848526001,341.562194824,105.495048523,36.5835990906,11.7129392624,15.8625087738,36.7983589172,24.170009613,-13.704246521,18.9022064209,37.7622680664],[-18.8328895569,25.0215053558,61.0308418274,105.495048523,209.593185425,46.5291595459,32.6494407654,28.1178073883,51.5242156982,35.4807014465,11.1890258789,16.3234577179,27.1096420288],[80.411277771,41.4288253784,41.0604095459,36.5835990906,46.5291595459,179.999404907,82.3895645142,34.8833808899,39.7120895386,42.5531311035,35.4051170349,6.17491865158,-7.46365404129],[-168.63760376,134.685394287,-14.1333408356,11.7129392624,32.6494407654,82.3895645142,186.737426758,84.1403274536,39.7609634399,29.0093860626,35.3080978394,20.1636180878,10.7667121887],[-79.842918396,84.4528884888,20.9960899353,15.8625087738,28.1178073883,34.8833808899,84.1403274536,129.276290894,59.4918212891,23.2309265137,21.201461792,18.4288406372,22.5980472565],[-86.3346939087,57.9787750244,-4.06992864609,36.7983589172,51.5242156982,39.7120895386,39.7609634399,59.4918212891,123.457672119,58.5356864929,19.9131183624,16.0178375244,19.7917251587],[-14.1543312073,21.8859233856,-0.196890935302,24.170009613,35.4807014465,42.5531311035,29.0093860626,23.2309265137,58.5356864929,111.235801697,57.2592697144,11.7029399872,6.32183361053],[-18.023229599,18.2146816254,0.736384212971,-13.704246521,11.1890258789,35.4051170349,35.3080978394,21.201461792,19.9131183624,57.2592697144,113.614868164,41.0101928711,5.67113256454],[-49.4878425598,24.1700515747,1.93431866169,18.9022064209,16.3234577179,6.17491865158,20.1636180878,18.4288406372,16.0178375244,11.7029399872,41.0101928711,95.5308227539,53.504447937],[-139.613708496,43.1573944092,1.193141222,37.7622680664,27.1096420288,-7.46365404129,10.7667121887,22.5980472565,19.7917251587,6.32183361053,5.67113256454,53.504447937,94.8813400269]],"icov":[[0.0000973121204879,-0.00000587245449424,0.0000112232009997,-0.000138589195558,0.0000402162841056,-0.0000841096480144,0.00013836529979,-0.0000608390109846,0.0000883134198375,-0.00000658762928651,-0.00000998497034743,-0.0000606232024438,0.000198360343347],[-0.00000587245449424,0.000899017322809,0.000452680746093,-0.000270328047918,0.0000344717445842,-0.00000853999335959,-0.00046852970263,-0.000276369857602,-0.0000871742158779,0.00014095561346,-0.0000791295751696,0.000146868216689,-0.000276497594314],[0.0000112232009997,0.000452680746093,0.00170057103969,-0.000362123508239,-0.000351181428414,-0.000456900568679,0.00033568602521,-0.000769116391893,0.000447499129223,0.000151065702084,-0.000069735760917,0.0000110195405796,0.000037379519199],[-0.000138589195558,-0.000270328047918,-0.000362123508239,0.00399750098586,-0.00158442684915,-0.000376020965632,0.000124992468045,0.000285206187982,-0.000206121476367,-0.000726180674974,0.00128424854483,-0.000389522640035,-0.00109210831579],[0.0000402162841056,0.0000344717445842,-0.000351181428414,-0.00158442684915,0.00645278161392,-0.000740314892028,-0.000383759645047,0.000283559493255,-0.00162645231467,-0.000493848579936,-0.0000135422114909,0.000194473745069,-0.000984098645858],[-0.0000841096480144,-0.00000853999335959,-0.000456900568679,-0.000376020965632,-0.000740314892028,0.00811800267547,-0.00344074866734,0.000919628073461,-0.00117329857312,-0.00104267662391,-0.0010303822346,0.000229666693485,0.0013033344876],[0.00013836529979,-0.00046852970263,0.00033568602521,0.000124992468045,-0.000383759645047,-0.00344074866734,0.0098377186805,-0.00548430485651,0.00120534689631,-0.000124332509586,-0.000696586736012,-0.000827422481962,0.000656680727843],[-0.0000608390109846,-0.000276369857602,-0.000769116391893,0.000285206187982,0.000283559493255,0.000919628073461,-0.00548430485651,0.0140530755743,-0.00586033938453,0.00177453854121,-0.00120106467512,0.000770604936406,-0.00205960380845],[0.0000883134198375,-0.0000871742158779,0.000447499129223,-0.000206121476367,-0.00162645231467,-0.00117329857312,0.00120534689631,-0.00586033938453,0.0149279367179,-0.007166757714,0.00275388755836,-0.00140403572004,-0.00013181057875],[-0.00000658762928651,0.00014095561346,0.000151065702084,-0.000726180674974,-0.000493848579936,-0.00104267662391,-0.000124332509586,0.00177453854121,-0.007166757714,0.0172705221921,-0.00864852499217,0.00340536027215,-0.00119529757649],[-0.00000998497034743,-0.0000791295751696,-0.000069735760917,0.00128424854483,-0.0000135422114909,-0.0010303822346,-0.000696586736012,-0.00120106467512,0.00275388755836,-0.00864852499217,0.0163708943874,-0.00812764372677,0.00340552045964],[-0.0000606232024438,0.000146868216689,0.0000110195405796,-0.000389522640035,0.000194473745069,0.000229666693485,-0.000827422481962,0.000770604936406,-0.00140403572004,0.00340536027215,-0.00812764372677,0.0197673030198,-0.0107234492898],[0.000198360343347,-0.000276497594314,0.000037379519199,-0.00109210831579,-0.000984098645858,0.0013033344876,0.000656680727843,-0.00205960380845,-0.00013181057875,-0.00119529757649,0.00340552045964,-0.0107234492898,0.0181416682899]],"mean":[-646.79095459,96.3633422852,-3.6309773922,38.4383926392,8.62180233002,9.30677509308,3.44671773911,6.53956270218,4.13486433029,3.69234776497,-0.229264676571,0.0588256977499,-0.547375619411]},"pitch_salience":{"dmean":0.0930123329163,"dmean2":0.153139621019,"dvar":0.00797622371465,"dvar2":0.0213358253241,"max":0.877953827381,"mean":0.518004357815,"median":0.539730548859,"min":0.0446863807738,"var":0.0241055637598},"silence_rate_20dB":{"dmean":0,"dmean2":0,"dvar":0,"dvar2":0,"max":1,"mean":1,"median":1,"min":1,"var":0},"silence_rate_30dB":{"dmean":0.0349408946931,"dmean2":0.0698890984058,"dvar":0.0337197817862,"dvar2":0.0947168245912,"max":1,"mean":0.978347301483,"median":1,"min":0,"var":0.0211847294122},"silence_rate_60dB":{"dmean":0.0186211951077,"dmean2":0.037246286869,"dvar":0.0182724148035,"dvar2":0.0419249534607,"max":1,"mean":0.0904811695218,"median":0,"min":0,"var":0.0822904035449},"spectral_centroid":{"dmean":376.374603271,"dmean2":574.128723145,"dvar":156373.609375,"dvar2":310596.5,"max":11443.9580078,"mean":1883.69250488,"median":1843.73608398,"min":179.233688354,"var":667598.25},"spectral_complexity":{"dmean":4.85783052444,"dmean2":7.00836992264,"dvar":29.3464660645,"dvar2":53.2442169189,"max":59,"mean":21.4175739288,"median":20,"min":0,"var":161.450195312},"spectral_contrast_coeffs":{"dmean":[0.0632715895772,0.0512015596032,0.0392656140029,0.0326248444617,0.0229291021824,0.0198077727109],"dmean2":[0.103073254228,0.0825618878007,0.0620511621237,0.0518899746239,0.0366148687899,0.0302291549742],"dvar":[0.00313834683038,0.00183906417806,0.00102719338611,0.000720291747712,0.000395231210859,0.0003004122118],"dvar2":[0.00722079258412,0.00448855059221,0.00246341060847,0.00171804358251,0.000926568522118,0.000643192965072],"max":[-0.285866767168,-0.36453139782,-0.465450793505,-0.539113104343,-0.607173323631,-0.535759091377],"mean":[-0.650599718094,-0.747386813164,-0.781083106995,-0.776691198349,-0.792076706886,-0.747387826443],"median":[-0.663643121719,-0.758855760098,-0.787955641747,-0.784084439278,-0.795422434807,-0.742735087872],"min":[-0.963482737541,-0.960447132587,-0.975316882133,-0.970911085606,-0.957685649395,-0.960281431675],"var":[0.0101213632151,0.0070630046539,0.00461881840602,0.00363142928109,0.00192330672871,0.00198385585099]},"spectral_contrast_valleys":{"dmean":[0.428649395704,0.442898720503,0.363631933928,0.320803552866,0.301641464233,0.377524584532],"dmean2":[0.688932240009,0.696818709373,0.559148073196,0.482040017843,0.425883024931,0.479346990585],"dvar":[0.173344835639,0.186657965183,0.126765683293,0.0993462353945,0.110030740499,0.163380369544],"dvar2":[0.367391824722,0.39554682374,0.258802443743,0.19259724021,0.202071636915,0.291836261749],"max":[-5.20986413956,-4.77043104172,-5.5205078125,-5.9282617569,-5.5412273407,-7.49715709686],"mean":[-7.45651388168,-7.25247955322,-7.72704315186,-7.82414197922,-7.29928398132,-10.0548563004],"median":[-7.09215784073,-7.02905082703,-7.46652793884,-7.53485918045,-7.03870582581,-9.79428005219],"min":[-26.963180542,-27.3736534119,-26.8567333221,-27.1912994385,-27.3514385223,-27.245464325],"var":[2.30790925026,1.93846225739,1.94129610062,1.95716059208,2.02432656288,2.20277643204]},"spectral_decrease":{"dmean":4.03412681038e-9,"dmean2":6.63675336909e-9,"dvar":4.193688246e-17,"dvar2":1.02969633025e-16,"max":2.36160747804e-15,"mean":-7.61425500428e-9,"median":-5.61824275991e-9,"min":-4.92924101536e-8,"var":5.94324505559e-17},"spectral_energy":{"dmean":0.0155911464244,"dmean2":0.0255240127444,"dvar":0.000613273819908,"dvar2":0.0014948513126,"max":0.188522145152,"mean":0.0307537056506,"median":0.0233211219311,"min":1.51369500268e-10,"var":0.000888730981387},"spectral_energyband_high":{"dmean":0.000637114862911,"dmean2":0.000838728097733,"dvar":8.20639172616e-7,"dvar2":0.00000142126179981,"max":0.012656792067,"mean":0.00139909225982,"median":0.000702115125023,"min":4.56742317578e-11,"var":0.00000325257542499},"spectral_energyband_low":{"dmean":0.0121816722676,"dmean2":0.0206612199545,"dvar":0.000518782064319,"dvar2":0.00137213384733,"max":0.180907651782,"mean":0.0175117198378,"median":0.0091938637197,"min":6.99732816584e-15,"var":0.000656329793856},"spectral_energyband_middle_high":{"dmean":0.0012783955317,"dmean2":0.00196947087534,"dvar":0.00000248588162322,"dvar2":0.00000605860441283,"max":0.0305228121579,"mean":0.00434189196676,"median":0.00360761396587,"min":5.20645233469e-14,"var":0.0000119724700198},"spectral_energyband_middle_low":{"dmean":0.0062335235998,"dmean2":0.010049065575,"dvar":0.000158191716764,"dvar2":0.000359415542334,"max":0.155672982335,"mean":0.00954136904329,"median":0.00535426847637,"min":3.10215720299e-14,"var":0.000198859823286},"spectral_entropy":{"dmean":0.155901312828,"dmean2":0.222495377064,"dvar":0.0231864824891,"dvar2":0.0441771969199,"max":9.80360126495,"mean":7.81380176544,"median":7.82744693756,"min":6.07057523727,"var":0.126993641257},"spectral_flux":{"dmean":0.0363251827657,"dmean2":0.0610154122114,"dvar":0.00228657037951,"dvar2":0.00621851626784,"max":0.370110273361,"mean":0.0938731655478,"median":0.0783747807145,"min":0.0000535032049811,"var":0.00409007398412},"spectral_kurtosis":{"dmean":1.10893750191,"dmean2":1.79325401783,"dvar":1.91153788567,"dvar2":5.27423477173,"max":32.2322387695,"mean":3.58265304565,"median":3.25954556465,"min":-1.27062642574,"var":4.21173810959},"spectral_rms":{"dmean":0.00118075066712,"dmean2":0.00186526204925,"dvar":0.00000238632264882,"dvar2":0.00000530945089849,"max":0.0135618597269,"mean":0.00487784715369,"median":0.00476993853226,"min":3.84288398436e-7,"var":0.000006210409083},"spectral_rolloff":{"dmean":782.068603516,"dmean2":1269.27709961,"dvar":1509981.5,"dvar2":3081927.25,"max":21920.8007812,"mean":2211.41967773,"median":1593.45703125,"min":64.599609375,"var":8532108},"spectral_skewness":{"dmean":0.175308093429,"dmean2":0.270399391651,"dvar":0.0303523056209,"dvar2":0.0730642005801,"max":3.91704535484,"mean":1.23013901711,"median":1.22274231911,"min":-0.322198808193,"var":0.114591911435},"spectral_spread":{"dmean":550527.4375,"dmean2":760043.875,"dvar":427415109632,"dvar2":710058377216,"max":43404012,"mean":4782751,"median":4454303,"min":1359936.75,"var":6230715138050},"spectral_strongpeak":{"dmean":0.418023616076,"dmean2":0.720480978489,"dvar":0.493865460157,"dvar2":1.32306182384,"max":9.34702682495,"mean":0.624818861485,"median":0.359178751707,"min":0,"var":0.650453448296},"zerocrossingrate":{"dmean":0.015548940748,"dmean2":0.0172910727561,"dvar":0.000376760814106,"dvar2":0.00040339466068,"max":0.904296875,"mean":0.0810748636723,"median":0.0654296875,"min":0.00244140625,"var":0.00775274913758}},"metadata":{"audio_properties":{"analysis_sample_rate":44100,"bit_rate":0,"codec":"flac","downmix":"mix","equal_loudness":0,"length":221.946670532,"lossless":true,"md5_encoded":"122bad58f87f2d5fe40c01297c527d58","replay_gain":-15.5732021332,"sample_rate":44100},"tags":{"album":["Thank You, Happy Birthday"],"albumartist":["Cage the Elephant"],"albumartistsort":["Cage the Elephant"],"artist":["Cage the Elephant"],"artistsort":["Cage the Elephant"],"asin":["B0049JPUCQ"],"barcode":["886978142122"],"catalognumber":["88697-81421-2"],"date":["2011-01-11"],"discnumber":["1"],"disctotal":["1"],"file_name":"01. Always Something.flac","genre":["Indie Rock"],"isrc":["USJI11000265"],"label":["Jive Records"],"language":["eng"],"media":["CD"],"musicbrainz_albumartistid":["b41b38d4-ef3e-4f37-8c75-cfe9af999696"],"musicbrainz_albumid":["fc6cb916-d58c-4f95-9db4-a361a2954087"],"musicbrainz_artistid":["b41b38d4-ef3e-4f37-8c75-cfe9af999696"],"musicbrainz_recordingid":["8836ed98-2dab-433c-ab21-682edbcae0ac"],"musicbrainz_releasegroupid":["4eb84fe2-4a42-473b-9f50-4b670030a0ea"],"musicip_puid":["8e4c9727-2c89-9045-a758-c5de89a34e58"],"originaldate":["2011-01-11"],"releasecountry":["US"],"releasestatus":["official"],"releasetype":["album"],"script":["Latn"],"title":["Always Something"],"totaldiscs":["1"],"totaltracks":["12"],"tracknumber":["1"],"tracktotal":["12"]},"version":{"essentia":"2.1-beta2","essentia_build_sha":"70f2e5ece6736b2c40cc944ad0e695b16b925413","essentia_git_sha":"v2.1_beta2","extractor":"music 1.0"}},"rhythm":{"beats_count":442,"beats_loudness":{"dmean":0.0358197726309,"dmean2":0.0643516331911,"dvar":0.00109048362356,"dvar2":0.00327024818398,"max":0.150982022285,"mean":0.0474532209337,"median":0.0380881801248,"min":8.39434743938e-9,"var":0.00124113331549},"beats_loudness_band_ratio":{"dmean":[0.305636584759,0.0930632054806,0.0744596198201,0.0578661710024,0.0647811889648,0.10511380434],"dmean2":[0.586986124516,0.175347313285