{"lowlevel":{"average_loudness":0.750622987747,"barkbands":{"dmean":[0.00389773538336,0.00672656670213,0.00134770863224,0.00185423158109,0.0036943492014,0.00147929473314,0.000534973689355,0.000512538303155,0.000552957470063,0.000324375345372,0.00010586695862,0.0000988279498415,0.0000672608657624,0.000116854615044,0.0000788633769844,0.0000149701518239,0.0000118409807328,0.0000105680292108,0.0000131685237648,0.00000551623770662,0.00000331205160364,0.00000238781694861,0.0000017663583094,0.00000161493778705,0.00000152134714426,0.00000152814220655,0.00000500284295413],"dmean2":[0.00620676856488,0.0105207962915,0.00220100209117,0.00294569088146,0.00578294089064,0.00218348042108,0.000852850556839,0.00079246138921,0.000845331582241,0.000521021138411,0.000170993618667,0.000155848276336,0.000107368563476,0.000185102660907,0.000125574049889,0.0000229083052545,0.0000187033419934,0.0000160678318935,0.00001907008118,0.00000838378218759,0.00000529750650458,0.00000389290198655,0.00000295325048683,0.00000273926343652,0.00000259145735981,0.00000258253044194,0.00000744868293623],"dvar":[0.0000497747314512,0.000159045201144,0.00000454631936009,0.0000166841091414,0.0000543637324881,0.0000268965031864,0.00000235180755226,0.0000029970842661,0.00000344437557942,0.00000107287610263,1.28072670691e-7,5.55416690418e-8,3.28927924897e-8,1.91177960573e-7,1.10876833048e-7,1.60967428275e-9,7.30198013166e-10,7.05198288653e-10,5.16006926077e-9,2.3354168599e-10,3.53207116333e-11,1.87650138483e-11,1.17618536438e-11,1.04253316049e-11,9.64293488809e-12,9.32686913813e-12,1.80648163095e-10],"dvar2":[0.000114712842333,0.00036076613469,0.0000109206121124,0.0000371220703528,0.000126604005345,0.0000562564018765,0.00000635023980067,0.0000068114500209,0.00000699485417499,0.00000263010201706,2.53787220572e-7,1.33138129854e-7,8.86313813453e-8,4.30610413105e-7,2.87576426672e-7,3.13884140901e-9,1.79066572681e-9,1.49260159787e-9,1.0470113665e-8,4.46589598635e-10,8.72939498464e-11,4.72345704217e-11,3.14688171354e-11,2.77709157753e-11,2.57853061819e-11,2.49445811229e-11,3.77474329571e-10],"max":[0.131089761853,0.180606499314,0.0654244348407,0.0841746255755,0.1214274019,0.166651502252,0.044848613441,0.0479626506567,0.0640770122409,0.0256079658866,0.0203117150813,0.00547097530216,0.00790076237172,0.015100101009,0.0145765393972,0.00198429473676,0.00048162220628,0.000677324424032,0.00363080203533,0.000718485563993,0.000117410862003,0.0000963455750025,0.000061014896346,0.0000524876704731,0.0000493765946885,0.0000507031400048,0.000396657327656],"mean":[0.00682763615623,0.0119152283296,0.00199866923504,0.00271244253963,0.00621103309095,0.00249034375884,0.000819706358016,0.000750363920815,0.000875728204846,0.000408463762142,0.000154610024765,0.000146683698404,0.0000974402646534,0.00017409674183,0.000106938583485,0.0000194271779037,0.0000140995998663,0.0000130048792926,0.0000175293534994,0.00000700479813531,0.00000376031903215,0.00000275466868516,0.00000183466806902,0.00000152791699293,0.00000139586745718,0.00000147826938246,0.0000078784469224],"median":[0.00217096577398,0.00365645997226,0.000927585642785,0.000733153196052,0.00168667477556,0.000329528003931,0.000190674531041,0.0000994341316982,0.00010428467067,0.0000726765720174,0.0000405303289881,0.0000419360585511,0.000030075385439,0.0000305786488752,0.0000146170905282,0.00000580376854487,0.00000461061517854,0.00000382103735319,0.00000354235271516,0.0000021816122171,0.00000125716110233,0.00000101926411844,6.37197160813e-7,4.12075024769e-7,3.38160560887e-7,4.40299459115e-7,0.00000244596412813],"min":[1.92741066096e-25,2.07278014898e-24,4.79543663207e-25,4.33138624635e-25,8.23812097602e-24,7.94730740331e-24,5.18860638635e-24,4.69335556574e-24,1.45567524653e-23,1.33568003651e-23,1.46807219565e-23,1.49783544429e-23,1.9529078435e-23,2.88153533737e-23,4.6582867542e-23,4.61156536269e-23,6.43274100808e-23,8.23541691861e-23,1.19040625211e-22,1.37976366649e-22,2.06981034011e-22,3.13800916379e-22,3.84293678331e-22,5.61575967283e-22,8.30128604689e-22,1.12409634622e-21,1.66369285639e-21],"var":[0.00012104511552,0.000363342813216,0.0000115511438707,0.000039261769416,0.000127806153614,0.000078949953604,0.00000439427685706,0.00000632413775747,0.00000897756308404,0.00000161682987709,3.22215242932e-7,1.12094284077e-7,3.82699099077e-8,3.11033545586e-7,1.58044201726e-7,2.74011480172e-9,8.10814693164e-10,1.06234065989e-9,8.81225581395e-9,3.96705918115e-10,4.38853259288e-11,2.43925712962e-11,1.19570490661e-11,1.02076047268e-11,9.29379143089e-12,9.15283127068e-12,3.45994566331e-10]},"barkbands_crest":{"dmean":2.93812990189,"dmean2":4.77425527573,"dvar":6.18575954437,"dvar2":15.9222984314,"max":25.7919425964,"mean":12.5307712555,"median":12.0899734497,"min":3.33806347847,"var":17.0531425476},"barkbands_flatness_db":{"dmean":0.0434173792601,"dmean2":0.0682129785419,"dvar":0.00132077559829,"dvar2":0.00321197835729,"max":0.52668517828,"mean":0.246931612492,"median":0.246832981706,"min":0.0569061785936,"var":0.00518904952332},"barkbands_kurtosis":{"dmean":9.8021402359,"dmean2":15.748169899,"dvar":244.714279175,"dvar2":601.245788574,"max":417.188934326,"mean":18.5260696411,"median":9.63584518433,"min":-1.46940028667,"var":639.929321289},"barkbands_skewness":{"dmean":0.839064359665,"dmean2":1.32705974579,"dvar":0.7062677145,"dvar2":1.69297504425,"max":16.0804767609,"mean":2.66378092766,"median":2.29642724991,"min":-2.34760332108,"var":3.79143977165},"barkbands_spread":{"dmean":2.24257040024,"dmean2":3.47019958496,"dvar":8.75209331512,"dvar2":18.7122478485,"max":95.9892730713,"mean":6.38836240768,"median":4.85587453842,"min":0.279494643211,"var":33.8323287964},"dissonance":{"dmean":0.0275962762535,"dmean2":0.0466196462512,"dvar":0.000682777550537,"dvar2":0.00187179818749,"max":0.499996334314,"mean":0.452726840973,"median":0.460945218801,"min":0.235726565123,"var":0.00120135536417},"dynamic_complexity":5.27191066742,"erbbands":{"dmean":[0.364392578602,0.98605632782,1.50418663025,3.83333754539,8.88982868195,13.9414710999,15.5788087845,11.8039712906,7.27392101288,9.04021263123,11.4410963058,12.4220409393,9.95280742645,7.59448766708,4.01554918289,3.77925205231,3.06896328926,3.82381772995,6.859187603,1.56371033192,0.746630072594,0.65787088871,0.593379199505,0.649223506451,0.554474592209,0.265190511942,0.159510418773,0.116934657097,0.0879692435265,0.0651433244348,0.0485056266189,0.0358448289335,0.0258462764323,0.0172083042562,0.0107196867466,0.00597286270931,0.0028401974123,0.00110774755012,0.000396007410018,0.0000991939450614],"dmean2":[0.564522445202,1.58784234524,2.4642560482,6.05737876892,13.9864854813,22.0550937653,23.726108551,17.4419574738,11.7203550339,14.0174703598,17.3256340027,18.835351944,16.0647830963,12.0905942917,6.40128660202,5.87771034241,4.86859369278,5.93367862701,10.9900932312,2.3602874279,1.12031066418,1.02402973175,0.910492300987,0.953346133232,0.823702633381,0.399051606655,0.249451130629,0.187690511346,0.14309309423,0.107952155173,0.0812222138047,0.0606220364571,0.0439005605876,0.0292996875942,0.018255662173,0.0101552866399,0.00479791266844,0.00182692764793,0.000594908022322,0.000143031793414],"dvar":[0.517659902573,3.20638585091,5.432700634,63.3943367004,442.49822998,948.174865723,1566.359375,2609.82226562,568.722900391,594.675537109,1530.23657227,1749.62915039,1080.7578125,530.217590332,169.291213989,81.109954834,76.0139312744,177.420715332,958.194396973,30.6913528442,2.95773077011,2.11306810379,1.93228876591,7.86691141129,8.90820789337,0.560806810856,0.0830753967166,0.042939119041,0.0254991687834,0.0151966884732,0.00903092604131,0.00509259710088,0.00268708541989,0.00123243732378,0.000478593632579,0.000146802325617,0.0000319228347507,0.0000042926376409,7.37755328828e-7,6.08048793538e-8],"dvar2":[1.13320302963,8.04677867889,13.9671363831,141.510223389,994.136901855,2257.28442383,3471.33325195,5380.77929688,1564.27502441,1413.27148438,3434.52563477,3557.03125,2700.53076172,1287.06005859,327.629302979,191.81791687,204.909561157,391.951751709,2519.89111328,64.8742294312,6.06074380875,5.06993579865,4.23296833038,16.1117591858,16.5613441467,1.0690574646,0.199047744274,0.10655169934,0.0629815533757,0.0401760786772,0.0242245607078,0.0135700842366,0.00716741429642,0.00329527119175,0.0012795428047,0.000392331829062,0.0000851926524774,0.0000113161004265,0.00000140192071285,1.19587156178e-7],"max":[9.82928657532,36.0213890076,59.6009254456,185.989959717,469.606201172,597.82043457,759.307250977,1814.78063965,778.097045898,572.986206055,1177.29992676,1389.85510254,802.052490234,718.808776855,755.450561523,205.04057312,400.175415039,569.89263916,1296.84350586,301.721435547,77.6530227661,23.7126693726,28.693107605,139.869613647,135.967788696,32.4127464294,6.01341342926,3.68724679947,3.98649215698,2.30397439003,1.64579427242,1.1688079834,0.845264852047,0.559767127037,0.34779471159,0.194950059056,0.0936827585101,0.0380760096014,0.0381287187338,0.00864140875638],"mean":[0.661375403404,1.44907331467,2.37545490265,6.06250905991,13.4468097687,21.5080757141,26.3474082947,19.5922737122,11.3771896362,14.3047761917,18.1529102325,19.6311130524,14.242474556,10.1052913666,6.18997573853,6.07762527466,4.80315971375,6.20730209351,10.1393289566,2.31117749214,1.00357949734,0.803543746471,0.723950684071,0.875550866127,0.727834939957,0.340476363897,0.185849860311,0.133776798844,0.101765081286,0.0715611800551,0.0497222542763,0.03466739133,0.0241681132466,0.015857225284,0.00986090116203,0.00555699924007,0.00276995240711,0.00122833624482,0.000524070928805,0.000199147703825],"median":[0.146181851625,0.584339737892,1.23262095451,2.12429428101,3.82350206375,5.15327787399,4.16755390167,2.46250104904,2.6085767746,2.62802529335,2.44169306755,2.55640745163,2.42897987366,2.25824069977,1.73954498768,1.85577821732,1.57926344872,1.59181427956,1.15907812119,0.569227933884,0.334542274475,0.266525924206,0.21582660079,0.210829988122,0.15192937851,0.104693539441,0.0610476434231,0.0470364168286,0.0375266037881,0.0260314755142,0.0169215239584,0.0100617883727,0.00627418514341,0.00389441824518,0.00241004675627,0.00144721614197,0.000833437312394,0.000446487421868,0.000189189304365,0.0000955130963121],"min":[1.1981841682e-22,4.69727819237e-22,1.2331870499e-21,3.0006213e-21,8.71259080224e-21,2.95557125861e-20,5.87648558827e-20,6.07889797663e-20,8.03637436733e-20,9.63484790983e-20,2.89652594327e-19,3.8347364245e-19,5.56129810938e-19,6.08560188775e-19,8.83111670442e-19,7.04318804086e-19,1.31135072498e-18,2.18447646427e-18,2.3703786895e-18,3.38440471997e-18,3.52827934584e-18,4.9192794988e-18,5.24557908939e-18,5.67490071656e-18,7.33061520915e-18,6.95889761266e-18,7.77621575077e-18,8.90096052662e-18,1.00914951125e-17,1.13712791777e-17,9.9738907089e-18,9.36226757371e-18,9.45133920925e-18,8.06127707911e-18,6.48704318558e-18,3.7167143981e-18,2.18878111218e-18,9.22243310475e-19,2.50639783958e-19,2.41224623587e-20],"var":[1.31933367252,5.29060697556,11.4698467255,160.084136963,890.755371094,1923.51916504,3944.43212891,7332.97216797,950.909667969,1414.73254395,3486.90209961,4300.72265625,1852.04907227,796.548034668,441.552276611,177.464035034,89.9447479248,316.427947998,1312.8190918,51.0678825378,4.81196117401,2.51268482208,2.75284481049,14.4287815094,15.0181665421,0.981148958206,0.110396757722,0.0548621192575,0.0337935984135,0.0166174601763,0.00907069537789,0.00502149155363,0.00261845416389,0.00118884991389,0.000461704010377,0.000142164950375,0.0000315244978992,0.00000479176742374,0.00000141841644563,1.3257792375e-7]},"erbbands_crest":{"dmean":2.84040689468,"dmean2":4.64762353897,"dvar":6.37020349503,"dvar2":15.8668394089,"max":29.1175022125,"mean":9.599858284,"median":8.765832901,"min":1.89996373653,"var":18.1847133636},"erbbands_flatness_db":{"dmean":0.0352631025016,"dmean2":0.0561359934509,"dvar":0.000860329833813,"dvar2":0.00226220162585,"max":0.373943120241,"mean":0.18627370894,"median":0.180929288268,"min":0.022898895666,"var":0.00329421134666},"erbbands_kurtosis":{"dmean":1.4531083107,"dmean2":2.33080148697,"dvar":3.98009109497,"dvar2":9.38362026215,"max":48.7859611511,"mean":1.48666000366,"median":0.558319330215,"min":-1.87903165817,"var":9.36605548859},"erbbands_skewness":{"dmean":0.445103019476,"dmean2":0.690249919891,"dvar":0.160786807537,"dvar2":0.374529719353,"max":5.42649459839,"mean":0.732381343842,"median":0.709495663643,"min":-3.8424808979,"var":0.721389055252},"erbbands_spread":{"dmean":5.99270009995,"dmean2":9.49038982391,"dvar":32.2014122009,"dvar2":75.5666809082,"max":129.686569214,"mean":25.0447978973,"median":23.9378509521,"min":2.67654871941,"var":138.352386475},"gfcc":{"cov":[[28866.859375,3120.63818359,-1931.08361816,-237.018707275,-822.723144531,-115.884407043,-609.97454834,-316.247528076,-412.565093994,-46.0778198242,-291.02545166,-238.027191162,-113.484466553],[3120.63818359,1454.7677002,-213.053512573,-216.282897949,-2.0539700985,-122.565498352,58.9356269836,-198.225708008,37.9048042297,-70.5403900146,26.0950012207,-86.1389923096,-17.4922561646],[-1931.08361816,-213.053512573,498.657440186,113.52507782,-56.3803977966,146.073776245,-52.1018638611,114.570854187,-27.1724338531,46.6435317993,-1.90128958225,29.5400600433,16.8461875916],[-237.018707275,-216.282897949,113.52507782,259.840454102,114.589378357,72.5885391235,36.4856300354,69.2288208008,-9.88204669952,8.46335124969,4.77886486053,45.5047187805,-13.058265686],[-822.723144531,-2.0539700985,-56.3803977966,114.589378357,306.276824951,50.3902015686,148.799606323,-39.1499519348,44.1768951416,-31.6030006409,47.7810440063,0.360765010118,3.28175425529],[-115.884407043,-122.565498352,146.073776245,72.5885391235,50.3902015686,238.955841064,37.0096054077,90.1645812988,-55.5904541016,5.04740762711,-11.1709156036,25.5581550598,16.4794063568],[-609.97454834,58.9356269836,-52.1018638611,36.4856300354,148.799606323,37.0096054077,214.026687622,28.5383167267,37.1498794556,-63.9303665161,17.6990966797,29.22448349,7.70394706726],[-316.247528076,-198.225708008,114.570854187,69.2288208008,-39.1499519348,90.1645812988,28.5383167267,162.540252686,8.98724555969,19.0761680603,-5.10815048218,40.808177948,13.8951425552],[-412.565093994,37.9048042297,-27.1724338531,-9.88204669952,44.1768951416,-55.5904541016,37.1498794556,8.98724555969,110.370674133,50.5944099426,38.6047515869,3.71421122551,1.38714027405],[-46.0778198242,-70.5403900146,46.6435317993,8.46335124969,-31.6030006409,5.04740762711,-63.9303665161,19.0761680603,50.5944099426,107.661712646,49.4253807068,7.90449094772,1.23455071449],[-291.02545166,26.0950012207,-1.90128958225,4.77886486053,47.7810440063,-11.1709156036,17.6990966797,-5.10815048218,38.6047515869,49.4253807068,83.3676605225,39.704914093,9.22951889038],[-238.027191162,-86.1389923096,29.5400600433,45.5047187805,0.360765010118,25.5581550598,29.22448349,40.808177948,3.71421122551,7.90449094772,39.704914093,88.8918151855,33.4685935974],[-113.484466553,-17.4922561646,16.8461875916,-13.058265686,3.28175425529,16.4794063568,7.70394706726,13.8951425552,1.38714027405,1.23455071449,9.22951889038,33.4685935974,63.1975975037]],"icov":[[0.000247758231126,-0.000552350189537,0.00166136806365,-0.00182884186506,0.00184458226431,-0.00140619545709,0.000720891228411,0.00015583136701,-0.000347439694451,0.000717207265552,-0.00101810717024,0.00136840273626,-0.000962361402344],[-0.000552350189537,0.00312759517692,-0.00258343759924,-0.000150233187014,0.00322939106263,-0.00219437386841,-0.0010015394073,0.0043938155286,-0.00769938388839,0.0103032886982,-0.00973378494382,0.00576148042455,-0.00156997190788],[0.00166136806365,-0.00258343759924,0.0155361331999,-0.018986152485,0.0214230250567,-0.017050165683,0.00691427942365,0.00461080623791,-0.0121886432171,0.0181390792131,-0.0208110902458,0.0195271018893,-0.0117080332711],[-0.00182884186506,-0.000150233187014,-0.018986152485,0.0440709069371,-0.0523334890604,0.0362350791693,-0.00891257356852,-0.0221157353371,0.0431202240288,-0.0611075870693,0.0653567016125,-0.0552881322801,0.030041789636],[0.00184458226431,0.00322939106263,0.0214230250567,-0.0523334890604,0.0743077918887,-0.0511776022613,0.00804593134671,0.0339750498533,-0.0644797682762,0.0895628333092,-0.0950780138373,0.0752606242895,-0.0375882536173],[-0.00140619545709,-0.00219437386841,-0.017050165683,0.0362350791693,-0.0511776022613,0.0456175357103,-0.0130657143891,-0.0257828030735,0.0546862594783,-0.0716963782907,0.068917401135,-0.0513818077743,0.024269990623],[0.000720891228411,-0.0010015394073,0.00691427942365,-0.00891257356852,0.00804593134671,-0.0130657143891,0.0193856246769,0.000106857965875,-0.0193017758429,0.0289938505739,-0.0189391970634,0.00874802935869,-0.00407445989549],[0.00015583136701,0.0043938155286,0.00461080623791,-0.0221157353371,0.0339750498533,-0.0257828030735,0.000106857965875,0.029856922105,-0.0367688275874,0.0430510006845,-0.041772633791,0.0303637515754,-0.0159351509064],[-0.000347439694451,-0.00769938388839,-0.0121886432171,0.0431202240288,-0.0644797682762,0.0546862594783,-0.0193017758429,-0.0367688275874,0.0942703410983,-0.114108622074,0.0972945690155,-0.067415677011,0.0305826347321],[0.000717207265552,0.0103032886982,0.0181390792131,-0.0611075870693,0.0895628333092,-0.0716963782907,0.0289938505739,0.0430510006845,-0.114108622074,0.169306904078,-0.152936831117,0.103237845004,-0.0454181097448],[-0.00101810717024,-0.00973378494382,-0.0208110902458,0.0653567016125,-0.0950780138373,0.068917401135,-0.0189391970634,-0.041772633791,0.0972945690155,-0.152936831117,0.16850939393,-0.117915853858,0.0516782216728],[0.00136840273626,0.00576148042455,0.0195271018893,-0.0552881322801,0.0752606242895,-0.0513818077743,0.00874802935869,0.0303637515754,-0.067415677011,0.103237845004,-0.117915853858,0.105000920594,-0.0497528836131],[-0.000962361402344,-0.00156997190788,-0.0117080332711,0.030041789636,-0.0375882536173,0.024269990623,-0.00407445989549,-0.0159351509064,0.0305826347321,-0.0454181097448,0.0516782216728,-0.0497528836131,0.0416298657656]],"mean":[-125.868522644,148.169387817,-66.8524703979,5.83855772018,-25.2245082855,1.5178617239,-14.8074216843,-6.60513210297,-12.4319562912,-1.8737578392,-7.01929521561,-3.23273825645,-6.76069450378]},"hfc":{"dmean":2.58982229233,"dmean2":3.77583527565,"dvar":16.4916591644,"dvar2":35.0208358765,"max":73.2654800415,"mean":7.10846233368,"median":3.80193519592,"min":1.06095012547e-16,"var":81.0557632446},"melbands":{"dmean":[0.00255513284355,0.000893256277777,0.000776633038186,0.000786307093222,0.000566919858102,0.000259408669081,0.000108087690023,0.000102002246422,0.0000990236148937,0.0000752244450268,0.0000511897451361,0.0000337851124641,0.0000140656129588,0.0000115362090582,0.00000949837431108,0.00000557371049581,0.00000787118915468,0.0000131351607706,0.00000383693441108,0.00000120982667795,8.18691773929e-7,6.77367552271e-7,6.53275378681e-7,4.88130694976e-7,5.44629074284e-7,5.12037786393e-7,2.75553929896e-7,1.58173847353e-7,1.06856774096e-7,8.01867017231e-8,6.42754969249e-8,5.18732683474e-8,4.24007353672e-8,3.42481953908e-8,2.86736021593e-8,2.43053062121e-8,2.09925232753e-8,1.85070536673e-8,1.59388200416e-8,1.40344900146e-8],"dmean2":[0.00398389017209,0.00145733938552,0.00121441017836,0.00123899371829,0.000858384475578,0.000380126992241,0.000173931854079,0.000156426045578,0.000148368359078,0.000115358147013,0.0000831557917991,0.0000540995461051,0.0000226409738389,0.0000184623058885,0.0000151265458044,0.00000887155511009,0.0000124238404169,0.0000211755104829,0.00000596408153797,0.00000186410181868,0.00000125806332107,0.00000106500681341,0.00000105007245566,7.42887095839e-7,8.1368989413e-7,7.54975872042e-7,4.072149693e-7,2.44472374789e-7,1.67585398003e-7,1.28842344793e-7,1.03689835385e-7,8.42420462277e-8,6.94509978416e-8,5.70308138492e-8,4.79689852284e-8,4.10130454043e-8,3.5569001966e-8,3.14227825982e-8,2.71171032296e-8,2.3903842461e-8],"dvar":[0.0000243624781433,0.00000215003228732,0.00000259919920609,0.00000269792622021,0.00000180241374892,0.00000110596204195,1.19898714956e-7,8.44155181312e-8,1.0869473499e-7,6.07086008131e-8,2.94035018555e-8,1.09950066829e-8,2.70022115778e-9,7.7456591141e-10,7.98390187295e-10,1.80789522242e-10,9.02155405935e-10,3.49666029464e-9,2.3634391666e-10,1.58816380186e-11,3.20190727231e-12,2.17278387123e-12,2.72917452526e-12,1.63110844276e-12,6.08962359705e-12,9.00147057586e-12,1.41251452809e-12,1.52144179959e-13,3.86558596547e-14,2.11962490338e-14,1.33918001132e-14,8.99393390032e-15,6.17322312992e-15,4.25493914394e-15,3.14397178911e-15,2.32177723601e-15,1.74410118949e-15,1.3667616699e-15,1.04938022451e-15,8.2054421529e-16],"dvar2":[0.0000535115323146,0.00000558513875148,0.00000572599037696,0.00000646333955956,0.00000393727759729,0.00000229499937632,3.35721779265e-7,1.97423091208e-7,2.33875326217e-7,1.285426805e-7,7.31762099804e-8,2.70402242819e-8,4.9966955018e-9,1.90148119472e-9,2.12238138175e-9,4.65182697917e-10,2.05268468889e-9,9.10363695539e-9,5.55928858503e-10,2.98565755452e-11,7.01415835136e-12,5.27609596637e-12,6.78732287387e-12,3.37843880475e-12,1.28290867513e-11,1.84507114448e-11,2.45991530097e-12,3.36123029366e-13,9.33679335561e-14,5.3046986698e-14,3.31320732026e-14,2.16275090827e-14,1.61083796177e-14,1.12980752751e-14,8.45604680299e-15,6.20278881494e-15,4.63836893631e-15,3.64388491711e-15,2.80519122098e-15,2.19402073888e-15],"max":[0.0672083571553,0.0303603243083,0.0343500636518,0.0318090580404,0.0249534640461,0.0369376689196,0.0106752859429,0.00773143954575,0.00813294947147,0.00770286470652,0.00401304243132,0.0028732160572,0.00331131205894,0.000634960015304,0.00125193479471,0.000476775428979,0.00133054889739,0.00225256150588,0.000581535277888,0.000222966627916,0.0000642422746751,0.0000212260802073,0.0000324231878039,0.0000373994553229,0.000121619799756,0.000152614753461,0.000051010032621,0.0000163828208315,0.00000382904681828,0.00000290708089778,0.00000267743416771,0.00000298320514958,0.00000157293050052,0.00000119268111121,9.65103367889e-7,8.47986882491e-7,6.46518628855e-7,6.08583661688e-7,5.18780154835e-7,4.55678645039e-7],"mean":[0.00482156453654,0.00145728792995,0.00127658364363,0.00124112819321,0.000993172754534,0.000435669964645,0.000168861210113,0.000159618444741,0.000154756227857,0.00011813933088,0.0000700797318132,0.0000428284511145,0.0000213320781768,0.0000165259116329,0.0000143662255141,0.00000847544288263,0.0000119821643239,0.0000189573911484,0.00000539403390576,0.00000156816076924,0.00000104649234345,8.18068144781e-7,7.35839535082e-7,6.04109743563e-7,7.2503564752e-7,6.49317826174e-7,3.47524490962e-7,1.95849878537e-7,1.22346463627e-7,8.89103333179e-8,7.3538259926e-8,5.99052683015e-8,4.72342378544e-8,3.67664192424e-8,2.93465429735e-8,2.41220625696e-8,1.99369800669e-8,1.72788201525e-8,1.47502303705e-8,1.28800099475e-8],"median":[0.00136771937832,0.000750382547267,0.000439985655248,0.000363462197129,0.000164535478689,0.0000560728440178,0.0000392353103962,0.0000267710238404,0.0000191386388906,0.0000148670824274,0.0000114681333798,0.00000877433922142,0.00000579642073717,0.00000467592508357,0.00000423851179221,0.00000278634297501,0.00000278991001323,0.00000196624978344,9.42217923239e-7,4.41246413629e-7,3.49856350113e-7,2.74705200809e-7,2.12509064568e-7,1.71739912957e-7,1.68283733615e-7,1.18179713127e-7,8.88328770543e-8,6.0224039089e-8,3.87918248634e-8,2.91533037711e-8,2.63840647108e-8,2.19476650187e-8,1.70667071586e-8,1.31817019522e-8,9.99899985032e-9,7.47605000129e-9,5.48544587531e-9,4.45163106377e-9,3.74656616842e-9,3.11945580478e-9],"min":[7.34323598184e-25,6.13564179167e-25,5.35675800475e-25,1.69171832492e-24,2.14543463278e-24,1.44259782599e-24,1.36936481132e-24,9.99297933336e-25,1.94476774559e-24,1.99864911478e-24,2.0992716759e-24,2.17003072416e-24,2.3155538675e-24,2.17193306224e-24,1.62731512897e-24,1.79445542769e-24,2.86722973929e-24,2.81903645165e-24,3.61148134918e-24,2.68364760715e-24,3.70135982199e-24,3.75725140598e-24,3.66464189672e-24,3.90071207248e-24,3.54006616586e-24,4.53068258633e-24,3.36666743914e-24,3.45952346744e-24,4.11016687016e-24,4.43158509055e-24,4.5722914492e-24,5.26088655565e-24,4.98616929528e-24,5.63603961432e-24,4.78903611051e-24,5.72342370894e-24,4.5448170016e-24,6.53230866495e-24,6.00163877856e-24,5.57485911238e-24],"var":[0.0000623661835562,0.0000041593439164,0.000006518882401,0.00000544031809113,0.00000495202493767,0.0000032003160868,1.98785173211e-7,1.99179936544e-7,2.63123439481e-7,1.48484772922e-7,4.8534218422e-8,1.53387809121e-8,7.42841566037e-9,1.47352652302e-9,1.00301911221e-9,2.92233320875e-10,1.3775280916e-9,4.69533123493e-9,3.57539414741e-10,2.79256218844e-11,4.62710989316e-12,2.56463838881e-12,2.78441202387e-12,2.52923767e-12,1.08630543796e-11,1.4224610205e-11,2.35136259422e-12,2.31060396511e-13,4.9539257245e-14,2.54117338066e-14,1.72454264817e-14,1.24148246886e-14,7.21296073135e-15,4.50582945589e-15,3.14847758088e-15,2.30508666354e-15,1.71619823015e-15,1.33396529533e-15,1.01386625061e-15,7.90997747326e-16]},"melbands_crest":{"dmean":4.2865819931,"dmean2":7.05746507645,"dvar":14.6902160645,"dvar2":38.1747436523,"max":38.9248847961,"mean":19.3625450134,"median":17.8409309387,"min":1.61328041553,"var":66.9456939697},"melbands_flatness_db":{"dmean":0.0497852899134,"dmean2":0.0787558853626,"dvar":0.00171880912967,"dvar2":0.00420237379149,"max":0.63602411747,"mean":0.367055892944,"median":0.371147572994,"min":0.00325192091987,"var":0.00881426222622},"melbands_kurtosis":{"dmean":16.4817676544,"dmean2":26.6762542725,"dvar":1296.09777832,"dvar2":3564.7265625,"max":1512.08813477,"mean":29.9352779388,"median":14.6771697998,"min":-1.68173658848,"var":2595.15771484},"melbands_skewness":{"dmean":1.03447580338,"dmean2":1.64298522472,"dvar":1.34634792805,"dvar2":3.33759045601,"max":28.5714302063,"mean":3.50125145912,"median":2.97213172913,"min":-0.781245231628,"var":6.07806921005},"melbands_spread":{"dmean":2.53610444069,"dmean2":4.00361585617,"dvar":20.573392868,"dvar2":45.707359314,"max":186.856460571,"mean":8.62188816071,"median":4.65431499481,"min":0.139178141952,"var":376.283538818},"mfcc":{"cov":[[8163.06884766,1702.77087402,-382.098846436,44.4763870239,-210.020309448,61.5963973999,-195.496017456,-197.038253784,-164.662750244,68.3155059814,-23.6964683533,-229.215011597,-247.256072998],[1702.77087402,1821.28393555,64.5662384033,-31.1396751404,-24.0843505859,55.1779518127,5.49591684341,-69.024520874,-76.4448165894,44.5282783508,49.8780136108,-96.1641845703,-78.0762252808],[-382.098846436,64.5662384033,498.787078857,-21.0046367645,35.8745689392,-24.261882782,6.89634895325,6.25337123871,28.7874546051,-14.771648407,-3.28022551537,50.8527908325,11.0787601471],[44.4763870239,-31.1396751404,-21.0046367645,207.507827759,76.325630188,31.103181839,22.3037147522,35.4501075745,14.6265850067,2.56153321266,9.48940658569,19.5804824829,34.3160514832],[-210.020309448,-24.0843505859,35.8745689392,76.325630188,150.010162354,84.391960144,58.0802154541,19.0966720581,9.75932407379,9.39971256256,20.2163085938,20.728105545,29.2292423248],[61.5963973999,55.1779518127,-24.261882782,31.103181839,84.391960144,144.01550293,90.2715530396,35.213180542,8.13375663757,3.67358016968,5.35948944092,-4.31329631805,7.1849489212],[-195.496017456,5.49591684341,6.89634895325,22.3037147522,58.0802154541,90.2715530396,160.708114624,120.704711914,44.0385780334,-13.2492055893,-14.4274225235,10.2302522659,23.5313796997],[-197.038253784,-69.024520874,6.25337123871,35.4501075745,19.0966720581,35.213180542,120.704711914,167.434539795,82.6230239868,-17.2203426361,-24.0736274719,18.7556152344,27.7518482208],[-164.662750244,-76.4448165894,28.7874546051,14.6265850067,9.75932407379,8.13375663757,44.0385780334,82.6230239868,89.2767333984,18.493473053,-8.85130214691,15.6062755585,12.9226808548],[68.3155059814,44.5282783508,-14.771648407,2.56153321266,9.39971256256,3.67358016968,-13.2492055893,-17.2203426361,18.493473053,72.1011657715,43.7754669189,-16.8788661957,-10.4146413803],[-23.6964683533,49.8780136108,-3.28022551537,9.48940658569,20.2163085938,5.35948944092,-14.4274225235,-24.0736274719,-8.85130214691,43.7754669189,70.8791275024,23.1123332977,7.00106477737],[-229.215011597,-96.1641845703,50.8527908325,19.5804824829,20.728105545,-4.31329631805,10.2302522659,18.7556152344,15.6062755585,-16.8788661957,23.1123332977,112.207382202,65.038269043],[-247.256072998,-78.0762252808,11.0787601471,34.3160514832,29.2292423248,7.1849489212,23.5313796997,27.7518482208,12.9226808548,-10.4146413803,7.00106477737,65.038269043,82.2229995728]],"icov":[[0.000201612667297,-0.000176008063136,0.000113401118142,-0.000202968905796,0.000291781005217,-0.000429463747423,0.000494534964673,-0.000354439136572,0.000511111633386,-0.000646327331197,0.000706490362063,-0.00044300351874,0.000548542942852],[-0.000176008063136,0.000811337784398,-0.000342864892446,0.0000634513999103,0.000247180170845,-0.0000207800039789,-0.000710726482794,0.000365490937838,0.000130221058498,0.000422821933171,-0.00126277434174,0.000948687084019,-0.00035495517659],[0.000113401118142,-0.000342864892446,0.00256668333896,0.00042475364171,-0.00142894114833,0.00123463117052,-0.000431762658991,0.000902596337255,-0.00149594491813,0.000585161731578,0.0007578516379,-0.00172506447416,0.00132056290749],[-0.000202968905796,0.0000634513999103,0.00042475364171,0.00706339487806,-0.00453824363649,0.000490686274134,0.00272514251992,-0.00344356684946,0.000864319095854,0.00000166796314716,-0.000270357646514,0.000607319525443,-0.00219549424946],[0.000291781005217,0.000247180170845,-0.00142894114833,-0.00453824363649,0.0152795407921,-0.00717566953972,-0.00303652905859,0.00405843462795,-0.00158295501024,0.00048446803703,-0.00320368353277,0.00107772636693,-0.00237623997964],[-0.000429463747423,-0.0000207800039789,0.00123463117052,0.000490686274134,-0.00717566953972,0.0176520142704,-0.0120472526178,0.00641566794366,-0.00321852974594,0.00265644164756,-0.0022957844194,0.0015803220449,0.000396182527766],[0.000494534964673,-0.000710726482794,-0.000431762658991,0.00272514251992,-0.00303652905859,-0.0120472526178,0.028913712129,-0.0232890248299,0.0111786508933,-0.00681489892304,0.00646694097668,-0.00265806145035,0.000382726226235],[-0.000354439136572,0.000365490937838,0.000902596337255,-0.00344356684946,0.00405843462795,0.00641566794366,-0.0232890248299,0.0355045050383,-0.0280287247151,0.0187243390828,-0.0111449230462,0.00719664432108,-0.00469166133553],[0.000511111633386,0.000130221058498,-0.00149594491813,0.000864319095854,-0.00158295501024,-0.00321852974594,0.0111786508933,-0.0280287247151,0.0441161356866,-0.032921217382,0.0231781620532,-0.0143183302134,0.0068552037701],[-0.000646327331197,0.000422821933171,0.000585161731578,0.00000166796314716,0.00048446803703,0.00265644164756,-0.00681489892304,0.0187243390828,-0.032921217382,0.0536608323455,-0.0394254252315,0.0219288114458,-0.00841318629682],[0.000706490362063,-0.00126277434174,0.0007578516379,-0.000270357646514,-0.00320368353277,-0.0022957844194,0.00646694097668,-0.0111449230462,0.0231781620532,-0.0394254252315,0.0475867241621,-0.0225046612322,0.00929917767644],[-0.00044300351874,0.000948687084019,-0.00172506447416,0.000607319525443,0.00107772636693,0.0015803220449,-0.00265806145035,0.00719664432108,-0.0143183302134,0.0219288114458,-0.0225046612322,0.0292307306081,-0.0188191905618],[0.000548542942852,-0.00035495517659,0.00132056290749,-0.00219549424946,-0.00237623997964,0.000396182527766,0.000382726226235,-0.00469166133553,0.0068552037701,-0.00841318629682,0.00929917767644,-0.0188191905618,0.0284481029958]],"mean":[-776.628723145,194.829681396,18.9879055023,23.197719574,10.1230230331,13.9316253662,8.06021690369,3.5852701664,-0.783122241497,4.85754585266,3.46305084229,-2.85015726089,-1.87849283218]},"pitch_salience":{"dmean":0.0927549898624,"dmean2":0.152376383543,"dvar":0.0066457297653,"dvar2":0.0170792341232,"max":0.903755486012,"mean":0.509050130844,"median":0.530032038689,"min":0.0607433468103,"var":0.0268764533103},"silence_rate_20dB":{"dmean":0,"dmean2":0,"dvar":0,"dvar2":0,"max":1,"mean":1,"median":1,"min":1,"var":0},"silence_rate_30dB":{"dmean":0.0421954840422,"dmean2":0.0844048783183,"dvar":0.0404164642096,"dvar2":0.0944236218929,"max":1,"mean":0.936387598515,"median":1,"min":0,"var":0.0595680549741},"silence_rate_60dB":{"dmean":0.0313169620931,"dmean2":0.0626442432404,"dvar":0.030336253345,"dvar2":0.0696030333638,"max":1,"mean":0.100527353585,"median":0,"min":0,"var":0.0904185175896},"spectral_centroid":{"dmean":114.374687195,"dmean2":176.098770142,"dvar":49453.6171875,"dvar2":98140.0625,"max":11872.96875,"mean":677.590820312,"median":396.975952148,"min":153.333053589,"var":2379807.75},"spectral_complexity":{"dmean":2.09592890739,"dmean2":3.23606991768,"dvar":4.83037805557,"dvar2":9.57070350647,"max":34,"mean":8.54762649536,"median":8,"min":0,"var":26.5569610596},"spectral_contrast_coeffs":{"dmean":[0.0542896836996,0.0454996302724,0.0360969640315,0.0321080051363,0.0287415608764,0.0285747665912],"dmean2":[0.0893376991153,0.0759105458856,0.0596362166107,0.0521862916648,0.0458943285048,0.0472848676145],"dvar":[0.00195060740225,0.00137180299498,0.000872177421115,0.00070896348916,0.000607745721936,0.00118286453653],"dvar2":[0.0050511113368,0.00371260009706,0.00231467490084,0.00179703044705,0.00148071243893,0.00287324609235],"max":[-0.33823505044,-0.471595674753,-0.527070701122,-0.596391677856,-0.683103978634,-0.553287029266],"mean":[-0.686248064041,-0.783514797688,-0.817726910114,-0.831219553947,-0.869197130203,-0.830470144749],"median":[-0.69319152832,-0.791180610657,-0.825135290623,-0.837734758854,-0.865541517735,-0.845256268978],"min":[-0.984934985638,-0.980558633804,-0.979831159115,-0.987608611584,-0.977142512798,-0.965843915939],"var":[0.0109925204888,0.00512734847143,0.00382143375464,0.00357615016401,0.00197225087322,0.00226846756414]},"spectral_contrast_valleys":{"dmean":[0.382833182812,0.400412678719,0.388544440269,0.431548923254,0.558334887028,0.855957090855],"dmean2":[0.637695491314,0.632729887962,0.60216397047,0.645908951759,0.850569367409,1.37471067905],"dvar":[0.121501177549,0.147144988179,0.150743484497,0.172232672572,0.257916986942,0.551988661289],"dvar2":[0.274480581284,0.3015653193,0.297118425369,0.348256975412,0.608946800232,1.47510623932],"max":[-4.91961669922,-4.42059230804,-5.46795606613,-6.28692913055,-6.737200737,-9.09177780151],"mean":[-7.22083044052,-7.3356180191,-8.08265018463,-8.84140396118,-9.32771205902,-12.0450658798],"median":[-6.75894069672,-6.93714809418,-7.66664171219,-8.41990470886,-8.95186328888,-11.6533384323],"min":[-28.2668857574,-28.0697307587,-27.9868068695,-27.8163814545,-27.5355606079,-27.3932571411],"var":[9.37669372559,9.53865909576,8.69825744629,8.104804039,7.75029993057,6.19014215469]},"spectral_decrease":{"dmean":3.58276142087e-9,"dmean2":5.45618838999e-9,"dvar":2.87364364598e-17,"dvar2":6.19634114721e-17,"max":1.61261015176e-28,"mean":-9.31285626393e-9,"median":-5.52827561506e-9,"min":-8.68577245683e-8,"var":1.05215262952e-16},"spectral_energy":{"dmean":0.0137061085552,"dmean2":0.0208580829203,"dvar":0.000417386443587,"dvar2":0.000899094797205,"max":0.331475287676,"mean":0.0357935652137,"median":0.0212579555809,"min":9.70922954147e-21,"var":0.00154489278793},"spectral_energyband_high":{"dmean":0.0000169625545823,"dmean2":0.0000269942884188,"dvar":9.12910746997e-10,"dvar2":2.25744867244e-9,"max":0.000590886280406,"mean":0.0000199247933779,"median":0.00000714864017937,"min":6.94224657679e-21,"var":1.24086063646e-9},"spectral_energyband_low":{"dmean":0.00963947828859,"dmean2":0.0150775676593,"dvar":0.000300444400636,"dvar2":0.000662270293105,"max":0.260922163725,"mean":0.0205172654241,"median":0.00828101113439,"min":7.81892581301e-24,"var":0.000851916964166},"spectral_energyband_middle_high":{"dmean":0.000615475873929,"dmean2":0.000919113226701,"dvar":0.00000214321084968,"dvar2":0.00000477272305943,"max":0.0374153703451,"mean":0.00109832419548,"median":0.000387597916415,"min":1.16577324362e-21,"var":0.0000046815848691},"spectral_energyband_middle_low":{"dmean":0.00606432091445,"dmean2":0.00917297322303,"dvar":0.000114685339213,"dvar2":0.000253124802839,"max":0.182726070285,"mean":0.0139850545675,"median":0.00496286526322,"min":1.88633820673e-22,"var":0.000441173004219},"spectral_entropy":{"dmean":0.349555164576,"dmean2":0.550467789173,"dvar":0.090596280992,"dvar2":0.223500534892,"max":9.82717323303,"mean":6.85010623932,"median":6.8309879303,"min":4.84262704849,"var":0.487152010202},"spectral_flux":{"dmean":0.0270314961672,"dmean2":0.0444829873741,"dvar":0.00106281682383,"dvar2":0.00280081573874,"max":0.426289469004,"mean":0.0834167376161,"median":0.0750389695168,"min":6.32338278961e-11,"var":0.00277573848143},"spectral_kurtosis":{"dmean":8.72474193573,"dmean2":14.3652992249,"dvar":110.146759033,"dvar2":296.137634277,"max":115.486457825,"mean":19.0655860901,"median":14.6614942551,"min":-1.26217544079,"var":190.792510986},"spectral_rms":{"dmean":0.00105652550701,"dmean2":0.00159583776258,"dvar":0.00000141123496178,"dvar2":0.00000288300316242,"max":0.0179830621928,"mean":0.00508951582015,"median":0.00455406075343,"min":3.07772947752e-12,"var":0.00000901721887203},"spectral_rolloff":{"dmean":121.008499146,"dmean2":201.312805176,"dvar":87978.59375,"dvar2":136559.921875,"max":19724.4140625,"mean":720.014282227,"median":258.3984375,"min":21.533203125,"var":7317265.5},"spectral_skewness":{"dmean":0.641487836838,"dmean2":1.02393972874,"dvar":0.413444876671,"dvar2":1.09798908234,"max":8.94616794586,"mean":3.14788603783,"median":2.94084405899,"min":-0.0871455967426,"var":1.24757921696},"spectral_spread":{"dmean":846327.0625,"dmean2":1379126.75,"dvar":864205602816,"dvar2":2064944463870,"max":49934836,"mean":3784104,"median":2851762,"min":675748.5,"var":30672227926000},"spectral_strongpeak":{"dmean":0.236610889435,"dmean2":0.386109977961,"dvar":0.143465131521,"dvar2":0.334819674492,"max":6.39211702347,"mean":0.402881801128,"median":0.212821632624,"min":0,"var":0.360330909491},"zerocrossingrate":{"dmean":0.00325467181392,"dmean2":0.00426026619971,"dvar":0.0000653730603517,"dvar2":0.000122577665024,"max":0.52685546875,"mean":0.0236254744232,"median":0.01171875,"min":0.00048828125,"var":0.0051152985543}},"metadata":{"audio_properties":{"analysis_sample_rate":44100,"bit_rate":137099,"codec":"mp3","downmix":"mix","equal_loudness":0,"length":140.853317261,"lossless":false,"md5_encoded":"79bad2db81bf0ba59e14013852823576","replay_gain":-0.00258255004883,"sample_rate":44100},"tags":{"album":["The Complete Columbia Album Collection"],"albumartist":["Johnny Cash"],"albumartistsort":["Cash, Johnny"],"artist":["Johnny Cash"],"artists":["Johnny Cash"],"artistsort":["Cash, Johnny"],"asin":["B008DDC874"],"barcode":["886979104723"],"catalognumber":["88697910472"],"date":["2012-12-04"],"discnumber":["17/63"],"file_name":"03 - Ancient History.mp3","label":["Columbia","Legacy"],"media":["CD"],"musicbrainz album release country":["US"],"musicbrainz album status":["official"],"musicbrainz album type":["album","compilation"],"musicbrainz release track id":["e6675856-9f9a-3fb1-bafc-76c9e8b5289a"],"musicbrainz_albumartistid":["d43d12a1-2dc9-4257-a2fd-0a3bb1081b86"],"musicbrainz_albumid":["de36c451-000c-4488-9375-b6d40b6636e5"],"musicbrainz_artistid":["d43d12a1-2dc9-4257-a2fd-0a3bb1081b86"],"musicbrainz_recordingid":["883a8324-9399-4f7a-9d6d-a558c6cc89eb"],"musicbrainz_releasegroupid":["30578604-ce5e-4d3d-a09c-6c06fc4c526b"],"originaldate":["2012"],"script":["Latn"],"title":["Ancient History"],"tracknumber":["3/11"]},"version":{"essentia":"2.1-beta1","essentia_build_sha":"ca57ba49d9b1854bd80e60cf9ccf267278fb7d6b","essentia_git_sha":"v2.1_beta1-28-g21ef5f4-dirty","extractor":"music 1.0"}},"rhythm":{"beats_count":295,"beats_loudness":{"dmean":0.0478750094771,"dmean2":0.0818212628365,"dvar":0.00160040124319,"dvar2":0.00437268288806,"max":0.291202574968,"mean":0.0592362880707,"median":0.0474046356976,"min":0,"var":0.00257434463128},"beats_loudness_band_ratio":{"dmean":[0.303044348955,0.177819162607,0.0976188257337,0.0683273375034,0.0200829356909,0.0111639723182],"dmean2":[0.564373910427,0.327081143856,0.175803139806,0.134352728724,0.0389697365463,0.0221331380308],"dvar":[0.0532507039607,0.0245339889079,0.010323939845,0.0