{"lowlevel":{"average_loudness":0.876194000244,"barkbands":{"dmean":[0.108097590506,0.216293334961,0.0106930229813,0.00309433997609,0.00281976349652,0.00123070029076,0.000631624425296,0.000422666053055,0.00038632604992,0.000253912119661,0.000190275823115,0.000171143663465,0.000154622437549,0.000103015881905,0.0000921414612094,0.0000780124901212,0.0000782646311563,0.0000641036021989,0.0000638171113678,0.0000539591965207,0.0000442480995844,0.0000342976272805,0.0000282611526927,0.0000269333486358,0.000025961537176,0.0000254498627328,0.0000309604183713],"dmean2":[0.158173307776,0.337007045746,0.0164452083409,0.00518238916993,0.00475539360195,0.00209006830119,0.00106604257599,0.000712183187716,0.000652439601254,0.000431283580838,0.000318854145007,0.000286541791866,0.00025695777731,0.00017305718211,0.000154244058649,0.000130616361275,0.000130444546812,0.000106810563011,0.000102807076473,0.0000880571533344,0.0000739188253647,0.0000577709834033,0.0000478432957607,0.0000455713779957,0.0000439563700638,0.000043063017074,0.0000511148791702],"dvar":[0.0199553668499,0.0677241906524,0.0002163288882,0.0000259348198597,0.0000228774752031,0.00000444787292508,0.00000110840198886,4.72857863087e-7,4.46865499271e-7,2.07120237405e-7,1.03538909002e-7,7.42282750821e-8,6.3752132462e-8,3.05873371076e-8,2.51381493399e-8,1.95527700697e-8,3.20703392731e-8,1.36802631445e-8,1.94408489307e-8,1.35571074367e-8,7.25427184989e-9,3.42856432134e-9,2.41272957169e-9,2.19282414449e-9,2.03684646927e-9,1.95200389186e-9,2.83675283264e-9],"dvar2":[0.0407728403807,0.14994391799,0.000479755108245,0.0000658300632495,0.0000576330894546,0.0000117640174722,0.00000282400333163,0.00000115792761335,0.00000113289888759,5.51844493657e-7,2.59995886154e-7,1.8691156356e-7,1.60022594287e-7,7.79540627605e-8,6.04178751473e-8,4.42569145775e-8,7.5824509338e-8,3.32540501802e-8,4.13220142548e-8,3.13320924761e-8,1.76141750075e-8,8.55024673285e-9,5.96173688194e-9,5.40703481988e-9,5.02461894314e-9,4.81458650725e-9,6.63871269069e-9],"max":[1.33658277988,1.95659971237,0.131464585662,0.0449445135891,0.0475943945348,0.0278367251158,0.0125732831657,0.00848245527595,0.0113529385999,0.00996575225145,0.00394031265751,0.00266663078219,0.00311229913495,0.00172666274011,0.00287748361006,0.00231258710846,0.00445467559621,0.00197082571685,0.00341190258041,0.00255453865975,0.00151299149729,0.000567717186641,0.000480619404698,0.000456682173535,0.00043178035412,0.000429187115515,0.000740091025364],"mean":[0.141443252563,0.252048462629,0.0115034747869,0.00301875174046,0.00278944033198,0.00123875611462,0.000631725473795,0.000443032738985,0.00041398673784,0.000267481664196,0.000201407645363,0.00018488772912,0.000189999627764,0.000103806371044,0.0000937906079344,0.0000805808158475,0.0000908740039449,0.0000715560236131,0.0000815793973743,0.000059317004343,0.0000448741520813,0.0000307526388497,0.0000238320408243,0.0000223978604481,0.000021571675461,0.0000212748909689,0.0000377323958674],"median":[0.0489723235369,0.108098402619,0.00403386820108,0.000902406580281,0.000779481430072,0.000334364158334,0.00020376847533,0.000152305365191,0.00016331585357,0.000102271253127,0.0000722620970919,0.0000714290654287,0.0000639721693005,0.0000381664940505,0.0000315899415,0.0000258166219282,0.0000275464117294,0.0000198960624402,0.0000213010098378,0.0000172778200067,0.0000132965378725,0.00000827279200166,0.00000514855537403,0.00000436843811258,0.0000042084393499,0.00000430717318523,0.000016537396732],"min":[2.12392855073e-15,5.2979861031e-15,6.21086993278e-15,8.2318617458e-15,1.84101221952e-14,4.01301764036e-15,1.23592898204e-14,1.55277419205e-14,5.68783640521e-14,7.83178860306e-14,1.13986944883e-13,1.57148382848e-13,5.79569893596e-14,8.96834283269e-14,1.44683364681e-13,2.30452186197e-13,7.32963833399e-14,2.31819094086e-13,9.54377026084e-14,1.07907965603e-13,6.12560200589e-14,1.51905669033e-13,6.91813753094e-14,2.04288639499e-13,3.64124827295e-13,4.59952280256e-13,1.16730041431e-12],"var":[0.0400322005153,0.109037697315,0.00029944171547,0.0000260892065853,0.0000239367491304,0.0000051534020713,0.00000115034640658,5.59659326882e-7,5.096559903e-7,2.17078891751e-7,1.23941944707e-7,8.58211350874e-8,1.04496201914e-7,3.17358868074e-8,3.16720090154e-8,2.60586876522e-8,4.15141414578e-8,1.98272758212e-8,3.29031024648e-8,1.86258510837e-8,8.97223806362e-9,3.35047567468e-9,2.25012475319e-9,2.0429014036e-9,1.89547799678e-9,1.82046933084e-9,3.84993992242e-9]},"barkbands_crest":{"dmean":3.47407484055,"dmean2":5.79977226257,"dvar":8.71172618866,"dvar2":22.756975174,"max":26.4612693787,"mean":16.0316677094,"median":15.8191184998,"min":3.47337841988,"var":20.5905723572},"barkbands_flatness_db":{"dmean":0.0888703018427,"dmean2":0.145499140024,"dvar":0.00553122954443,"dvar2":0.0155091015622,"max":0.663520216942,"mean":0.300841659307,"median":0.2933396101,"min":0.0541255362332,"var":0.0118107525632},"barkbands_kurtosis":{"dmean":74.8572235107,"dmean2":124.804138184,"dvar":9956.73535156,"dvar2":27355.8046875,"max":1694.00561523,"mean":111.203872681,"median":89.0970840454,"min":-1.63487029076,"var":11977.3427734},"barkbands_skewness":{"dmean":2.77896261215,"dmean2":4.59644365311,"dvar":6.61467647552,"dvar2":18.4842376709,"max":30.2692337036,"mean":6.78032827377,"median":6.93853473663,"min":-1.07400715351,"var":11.7548379898},"barkbands_spread":{"dmean":3.27800369263,"dmean2":5.51109790802,"dvar":32.2458000183,"dvar2":79.9239730835,"max":72.5744018555,"mean":4.63619661331,"median":1.58606886864,"min":0.0587300136685,"var":62.9419784546},"dissonance":{"dmean":0.0221606530249,"dmean2":0.0368802472949,"dvar":0.000563581299502,"dvar2":0.00151865161024,"max":0.500000178814,"mean":0.472178548574,"median":0.480704516172,"min":0.269035875797,"var":0.000809484045021},"dynamic_complexity":5.07255268097,"erbbands":{"dmean":[11.9696340561,28.1376895905,17.2250576019,10.186835289,9.34586143494,9.60320186615,9.62249660492,10.6171483994,9.10177707672,9.34679889679,8.95062065125,8.7549495697,8.53029155731,7.70951414108,7.35723781586,6.89697742462,7.19132184982,5.52826023102,5.07936668396,4.5636973381,4.22294712067,4.42838525772,3.59314870834,3.32211780548,3.118465662,2.55260133743,1.96737289429,1.60354340076,1.254301548,0.995182335377,0.783900976181,0.595427930355,0.431772232056,0.293482244015,0.182959869504,0.101251974702,0.0471423193812,0.0169791840017,0.00434878468513,0.000751109677367],"dmean2":[19.1079025269,42.2748374939,25.5373802185,16.2473049164,15.6836433411,16.1138839722,16.132226944,18.0923652649,15.3550367355,15.713388443,15.0840911865,14.7513427734,14.6039276123,12.8724842072,12.3131752014,11.5024604797,11.9344587326,9.26455974579,8.50925350189,7.57270765305,7.05055475235,7.40502929688,6.00984382629,5.42034769058,5.08957672119,4.18100786209,3.25013113022,2.68063354492,2.10873627663,1.68139350414,1.32644462585,1.00762689114,0.730774819851,0.496745914221,0.309704273939,0.171349868178,0.0797365233302,0.0286629647017,0.00709785567597,0.00111974671017],"dvar":[219.546722412,1262.19189453,488.43661499,236.724456787,253.326446533,265.764526367,252.459442139,370.710784912,224.640625,239.923553467,209.634216309,221.118804932,276.992950439,168.687698364,149.697235107,122.609535217,138.134048462,86.8452224731,77.1286621094,62.670135498,58.1711387634,100.218261719,50.399105072,42.0710639954,54.6290664673,31.2976665497,14.1548776627,8.69987773895,4.59107971191,2.96150398254,1.85330617428,1.07146859169,0.563579320908,0.26035875082,0.101047337055,0.0309179741889,0.00669047888368,0.000849201576784,0.0000611266805208,0.00000118689786177],"dvar2":[505.223815918,2509.88476562,1028.24182129,569.87310791,648.710083008,669.918395996,644.619140625,1010.26605225,570.768798828,614.375,516.241455078,552.388244629,757.265441895,414.421173096,374.695831299,307.241333008,348.277740479,218.8465271,190.321212769,143.731155396,131.67880249,237.652587891,117.67616272,92.7325210571,121.249061584,70.6524505615,32.1962738037,21.6926937103,11.4840364456,7.32367515564,4.57913064957,2.64287543297,1.39010834694,0.64218300581,0.249190300703,0.0762545093894,0.0164972674102,0.00210319249891,0.000143949815538,0.00000266960955742],"max":[93.6944656372,331.229217529,242.065475464,121.085197449,134.628646851,158.339035034,150.020050049,250.457229614,155.603759766,188.384506226,203.794586182,230.083358765,421.523712158,219.129348755,163.137161255,111.746032715,155.414886475,87.565246582,130.511016846,167.237335205,110.34728241,237.505569458,169.777816772,130.713150024,175.638397217,134.354370117,74.4567337036,45.5778045654,21.4294166565,16.5953845978,13.1901531219,10.0456628799,7.26940202713,4.91577768326,3.0208966732,1.67947888374,0.801374137402,0.285187631845,0.12164157629,0.0229523405433],"mean":[13.4560136795,33.6765632629,20.9170436859,10.9293231964,8.87173748016,9.60753822327,9.54536151886,10.6152563095,9.01985836029,9.82749843597,9.45052909851,9.42192459106,8.96485233307,8.45513248444,7.94490909576,7.80648088455,8.89666175842,5.9030456543,5.17425012589,4.69110679626,4.48602437973,5.16618585587,4.06596183777,4.08123588562,3.86287784576,2.81880950928,2.0744907856,1.56660044193,1.13556647301,0.857458174229,0.658671975136,0.495923548937,0.358858883381,0.244014516473,0.152265638113,0.084367133677,0.0395064502954,0.0149094602093,0.00483299698681,0.00147346814629],"median":[5.11496782303,12.9366636276,9.69038200378,4.18711280823,2.81254935265,2.63117742538,2.64181280136,2.81791591644,3.03544092178,3.28140449524,3.43488287926,3.72085618973,3.53413391113,3.26361250877,3.04838418961,3.0520529747,3.03149843216,2.23923420906,1.78116154671,1.54126191139,1.42680442333,1.55888593197,1.19578695297,1.12985157967,1.00403928757,0.81961530447,0.624963760376,0.464467346668,0.30876904726,0.195797681808,0.136492729187,0.0982682555914,0.0699471905828,0.047644611448,0.0298285018653,0.0166298411787,0.00816542189568,0.00370155042037,0.00175954494625,0.00103296083398],"min":[1.56658567412e-13,1.23615733535e-12,5.98454098777e-12,1.92800896776e-11,4.36703277706e-11,6.55188125975e-11,5.45171026378e-11,2.88051821978e-11,1.12502021588e-10,2.93589874634e-10,3.89200449646e-10,1.18354936962e-9,2.50855047845e-9,2.6015591903e-9,6.35615160505e-9,5.65894620053e-9,3.09543279897e-9,3.17785953108e-9,5.37166133796e-9,1.14572609178e-8,1.12479305869e-8,4.73652006505e-9,1.09430029482e-8,1.08002264909e-8,3.04499625514e-9,4.38636149624e-9,2.28237273525e-9,4.3434780217e-9,5.78230041626e-9,1.83120985042e-9,2.43787656729e-9,3.3622209461e-9,3.99947941432e-9,4.79515760432e-9,2.01926630972e-9,9.59905155362e-10,9.26638266119e-10,4.93557195114e-10,1.70356923013e-10,1.7281865175e-11],"var":[333.141326904,2234.35986328,791.536865234,277.848480225,241.410369873,293.773345947,285.567199707,416.294677734,228.996826172,288.98425293,237.93119812,265.428771973,274.968139648,218.445861816,177.258544922,148.45149231,229.408157349,96.3748931885,88.986907959,84.2650375366,78.2988815308,130.389099121,70.6014633179,70.9199676514,81.6995849609,43.4173622131,19.9857444763,9.79477500916,4.53133010864,2.79711961746,1.72778713703,0.998134493828,0.52468842268,0.242385983467,0.0941209122539,0.028810819611,0.00624746456742,0.00081186182797,0.0000812215148471,0.00000311242365569]},"erbbands_crest":{"dmean":4.16982316971,"dmean2":7.02193021774,"dvar":13.7110786438,"dvar2":35.1737327576,"max":25.5095691681,"mean":8.57134342194,"median":7.54568815231,"min":1.99658298492,"var":20.4757766724},"erbbands_flatness_db":{"dmean":0.0419628247619,"dmean2":0.0715056657791,"dvar":0.00179844850209,"dvar2":0.0049321372062,"max":0.365539908409,"mean":0.123482868075,"median":0.110236473382,"min":0.0618260465562,"var":0.00243466324173},"erbbands_kurtosis":{"dmean":3.04814839363,"dmean2":5.49237298965,"dvar":55.8168449402,"dvar2":160.913360596,"max":150.649261475,"mean":2.00773859024,"median":0.313418865204,"min":-1.65087032318,"var":36.8712387085},"erbbands_skewness":{"dmean":0.731010019779,"dmean2":1.22149240971,"dvar":0.711294651031,"dvar2":1.91859865189,"max":9.978058815,"mean":0.958897531033,"median":0.774882793427,"min":-2.23518443108,"var":1.05775260925},"erbbands_spread":{"dmean":13.3013753891,"dmean2":22.5270843506,"dvar":161.174972534,"dvar2":416.456085205,"max":94.5149383545,"mean":42.618106842,"median":47.090763092,"min":1.95975887775,"var":327.271057129},"gfcc":{"cov":[[17240.0800781,-442.835296631,-286.723968506,2274.26660156,209.023239136,360.75894165,-227.881561279,610.836669922,-470.21395874,388.675567627,-86.2037887573,288.748565674,-184.918487549],[-442.835296631,546.930725098,206.608825684,-95.5578079224,134.549682617,-21.9753360748,67.7767410278,-50.324508667,94.5392150879,-22.7826328278,54.7464294434,-45.4851799011,34.1582107544],[-286.723968506,206.608825684,529.942749023,100.105560303,-14.1187772751,163.814224243,-98.3026046753,39.8066101074,42.855140686,29.9505386353,-0.215274572372,-2.25697088242,19.3099594116],[2274.26660156,-95.5578079224,100.105560303,652.44720459,138.461334229,141.820602417,30.0286407471,168.033508301,-55.1683158875,104.667648315,4.0080742836,66.6766738892,-30.5604419708],[209.023239136,134.549682617,-14.1187772751,138.461334229,194.058685303,30.0758571625,124.668464661,22.3999004364,40.0701980591,16.1780261993,45.5338172913,-0.955066084862,17.3697185516],[360.75894165,-21.9753360748,163.814224243,141.820602417,30.0758571625,158.829193115,-23.0669059753,50.4096641541,-13.190867424,39.034538269,-2.24499106407,19.1635513306,-0.418998420238],[-227.881561279,67.7767410278,-98.3026046753,30.0286407471,124.668464661,-23.0669059753,177.70791626,7.64793729782,37.6825828552,-0.863189339638,44.7695808411,-6.75189733505,16.7894649506],[610.836669922,-50.324508667,39.8066101074,168.033508301,22.3999004364,50.4096641541,7.64793729782,85.6474533081,0.309738487005,34.0712776184,2.30346727371,22.5706882477,-3.19381904602],[-470.21395874,94.5392150879,42.855140686,-55.1683158875,40.0701980591,-13.190867424,37.6825828552,0.309738487005,75.1099090576,7.72358322144,20.1533279419,-9.44671916962,21.3633403778],[388.675567627,-22.7826328278,29.9505386353,104.667648315,16.1780261993,39.034538269,-0.863189339638,34.0712776184,7.72358322144,45.1194458008,10.7992649078,15.914317131,-1.12110126019],[-86.2037887573,54.7464294434,-0.215274572372,4.0080742836,45.5338172913,-2.24499106407,44.7695808411,2.30346727371,20.1533279419,10.7992649078,39.5435676575,8.14122104645,16.2263393402],[288.748565674,-45.4851799011,-2.25697088242,66.6766738892,-0.955066084862,19.1635513306,-6.75189733505,22.5706882477,-9.44671916962,15.914317131,8.14122104645,34.7931213379,6.11087322235],[-184.918487549,34.1582107544,19.3099594116,-30.5604419708,17.3697185516,-0.418998420238,16.7894649506,-3.19381904602,21.3633403778,-1.12110126019,16.2263393402,6.11087322235,30.3002681732]],"icov":[[0.000194392909179,-0.000532082631253,0.000538979133125,-0.000449788494734,0.0000849478674354,-0.0000452602835139,0.00045567858615,-0.000703324039932,0.00100082287099,-0.000963945582043,0.000593914068304,-0.000194845939404,-0.000406957231462],[-0.000532082631253,0.00672738952562,-0.00526476092637,0.00265541044064,-0.00590361282229,0.00425376975909,-0.000669837230816,0.00282970140688,-0.00226979027502,0.00232188031077,-0.00421357480809,0.00212023430504,0.00282978639007],[0.000538979133125,-0.00526476092637,0.0122179640457,-0.00986465718597,0.0134778665379,-0.0141466408968,0.00604666071013,0.00307597592473,-0.0124942315742,0.0138005539775,-0.0105564408004,0.00957353878766,-0.00641726562753],[-0.000449788494734,0.00265541044064,-0.00986465718597,0.0183261819184,-0.0203713439405,0.013602649793,-0.00467221438885,-0.0140417171642,0.0216019749641,-0.0273010097444,0.0201769117266,-0.0162188466638,0.00823166593909],[0.0000849478674354,-0.00590361282229,0.0134778665379,-0.0203713439405,0.0387828312814,-0.0226539075375,-0.00251664523967,0.0150975594297,-0.0290777087212,0.033436961472,-0.028320170939,0.0196966156363,-0.00858947541565],[-0.0000452602835139,0.00425376975909,-0.0141466408968,0.013602649793,-0.0226539075375,0.0292212814093,-0.00384908635169,-0.0120700281113,0.0261778309941,-0.0324158146977,0.0226057432592,-0.0145805804059,0.00309297558852],[0.00045567858615,-0.000669837230816,0.00604666071013,-0.00467221438885,-0.00251664523967,-0.00384908635169,0.017819494009,-0.00206130580045,-0.00659675430506,0.0102258697152,-0.0152801666409,0.00905362516642,-0.00234505697154],[-0.000703324039932,0.00282970140688,0.00307597592473,-0.0140417171642,0.0150975594297,-0.0120700281113,-0.00206130580045,0.0390258207917,-0.0264446046203,0.0196049064398,-0.0145675698295,0.00544497556984,-0.00109742616769],[0.00100082287099,-0.00226979027502,-0.0124942315742,0.0216019749641,-0.0290777087212,0.0261778309941,-0.00659675430506,-0.0264446046203,0.0658901110291,-0.0588391721249,0.0361703820527,-0.0149607146159,-0.00867051817477],[-0.000963945582043,0.00232188031077,0.0138005539775,-0.0273010097444,0.033436961472,-0.0324158146977,0.0102258697152,0.0196049064398,-0.0588391721249,0.104291655123,-0.0607585832477,0.0218739826232,0.00542292837054],[0.000593914068304,-0.00421357480809,-0.0105564408004,0.0201769117266,-0.028320170939,0.0226057432592,-0.0152801666409,-0.0145675698295,0.0361703820527,-0.0607585832477,0.0929104611278,-0.0387715697289,-0.0107552437112],[-0.000194845939404,0.00212023430504,0.00957353878766,-0.0162188466638,0.0196966156363,-0.0145805804059,0.00905362516642,0.00544497556984,-0.0149607146159,0.0218739826232,-0.0387715697289,0.0708748549223,-0.0241475012153],[-0.000406957231462,0.00282978639007,-0.00641726562753,0.00823166593909,-0.00858947541565,0.00309297558852,-0.00234505697154,-0.00109742616769,-0.00867051817477,0.00542292837054,-0.0107552437112,-0.0241475012153,0.0628152042627]],"mean":[-56.9699745178,111.599113464,-50.9268722534,21.7183113098,-15.7886228561,14.2242822647,-3.56594777107,8.63962459564,-3.75441884995,4.66857481003,-1.95447039604,1.23851716518,-3.13627767563]},"hfc":{"dmean":20.7528018951,"dmean2":30.9742450714,"dvar":1234.86767578,"dvar2":3122.95922852,"max":910.320617676,"mean":34.6505317688,"median":21.5213088989,"min":4.96794925198e-8,"var":3042.99584961},"melbands":{"dmean":[0.0832871645689,0.01704332605,0.00174302619416,0.000657623459119,0.000357082870323,0.000233721963014,0.000136910253786,0.0000994244401227,0.0000716859503882,0.000054980017012,0.0000422911471105,0.0000312041629513,0.0000253781199717,0.0000196798901015,0.0000182870462595,0.0000141106002047,0.00000997179722617,0.00000831774832477,0.00000679438471707,0.00000561659453524,0.00000482603581986,0.00000471867360829,0.00000376276170755,0.00000299665680359,0.00000269988072432,0.00000249232857641,0.00000204597427,0.00000163169704592,0.00000123267227536,0.00000111589702101,8.75603802797e-7,7.28863426502e-7,6.12603344052e-7,5.28843088432e-7,4.59184150259e-7,3.9982867861e-7,3.49602515826e-7,3.07156057033e-7,2.7065303243e-7,2.3950892114e-7],"dmean2":[0.127324730158,0.024890197441,0.00277985422872,0.00110552250408,0.00059849472018,0.000397390278522,0.000231561687542,0.000166918689501,0.000120422031614,0.0000928941663005,0.0000724878700566,0.0000520868343301,0.0000426346123277,0.000032835847378,0.0000305499052047,0.0000234072322201,0.0000168168899108,0.00001392438935,0.0000113604546641,0.00000933979845286,0.00000807132983027,0.000007911216926,0.00000627617509963,0.00000500129408465,0.00000440302619609,0.00000406264007324,0.0000033543731206,0.00000268476492238,0.00000204896127798,0.00000188480214547,0.00000147058142375,0.00000122632627608,0.00000103235197457,8.94061031431e-7,7.77034074417e-7,6.76640070196e-7,5.91701677877e-7,5.19857280779e-7,4.58162674022e-7,4.05420195193e-7],"dvar":[0.00977884978056,0.000431869673776,0.00000713466261004,0.00000127136036099,3.51908767016e-7,1.71401211446e-7,5.12747817538e-8,2.69015352217e-8,1.38879201472e-8,8.69394511938e-9,6.77654865555e-9,2.68542721393e-9,1.80664871952e-9,9.93708670904e-10,8.33094926378e-10,5.59189305971e-10,2.88902124446e-10,2.12742698458e-10,1.41900699524e-10,9.90055398775e-11,7.80265921319e-11,1.07171459207e-10,8.13095216157e-11,3.13618957193e-11,2.84562720609e-11,3.15840305298e-11,2.66249435693e-11,1.1818779462e-11,5.0189926e-12,5.75589315793e-12,2.40278370117e-12,1.54966707869e-12,1.11211235533e-12,8.41366906701e-13,6.3529921341e-13,4.82869820517e-13,3.69516103913e-13,2.85197999115e-13,2.21637080433e-13,1.73405682717e-13],"dvar2":[0.0210766177624,0.000842829293106,0.0000171092215169,0.00000319337027577,8.90412309218e-7,4.61657833739e-7,1.3026235024e-7,6.79821496874e-8,3.44793953388e-8,2.1860401489e-8,1.85140347497e-8,6.60192656099e-9,4.50796067142e-9,2.50167997429e-9,2.11771999936e-9,1.39952460732e-9,7.35342842173e-10,5.34887800718e-10,3.38023609103e-10,2.26947280413e-10,1.77305337079e-10,2.59908428113e-10,1.84022519445e-10,7.83999531961e-11,6.30135804647e-11,6.76228517626e-11,6.34674951483e-11,2.62742536061e-11,1.13036099578e-11,1.42492649624e-11,6.01379276238e-12,3.88572550872e-12,2.76558984047e-12,2.07650823619e-12,1.57082669355e-12,1.19111784238e-12,9.11450927753e-13,7.03439802067e-13,5.46813462565e-13,4.27697780621e-13],"max":[0.631313621998,0.182352557778,0.0215527974069,0.0108641749248,0.00550837162882,0.0054121077992,0.00249847443774,0.00197986047715,0.00197257311083,0.00134116306435,0.00206122291274,0.000851947872434,0.000564811809454,0.000312519608997,0.000287759379717,0.000319425133057,0.000155204033945,0.000203609772143,0.000211543010664,0.000209835270653,0.000154773704708,0.000215520660277,0.000271548313322,0.000112126414024,0.00011331182759,0.000138118790346,0.000135003734613,0.0000758824535296,0.0000369891058654,0.0000434743305959,0.000019721703211,0.0000123832433019,0.0000100501374618,0.00000905937213247,0.0000077099111877,0.00000671609177516,0.00000587762451687,0.0000051778465604,0.00000457186661151,0.00000400731778427],"mean":[0.103030920029,0.0215072035789,0.00186398008373,0.00065336865373,0.000362936581951,0.000235208382946,0.000136398462928,0.000105760227598,0.0000753145723138,0.0000586883761571,0.0000439982577518,0.0000338585887221,0.0000271909302683,0.0000207248504012,0.0000219168741751,0.0000169170652953,0.0000101992991404,0.00000832644218463,0.00000692406456437,0.00000570493057239,0.00000511373991685,0.00000545065449842,0.00000427186205343,0.00000334879064212,0.00000327273005496,0.00000314623503073,0.00000232200818573,0.00000175389095602,0.00000131001195314,0.00000111748192921,8.34673130612e-7,6.64846766085e-7,5.31977491391e-7,4.52389997463e-7,3.85620609222e-7,3.33815989961e-7,2.90622779175e-7,2.55149984696e-7,2.24823779149e-7,1.99025166125e-7],"median":[0.044898442924,0.00920110940933,0.000689727137797,0.000186492950888,0.000100192410173,0.0000636074546492,0.0000455695844721,0.0000355242082151,0.0000273445912171,0.0000231438971241,0.0000170425191754,0.0000128457413666,0.0000102863032225,0.00000793217441242,0.00000767442179495,0.00000543638043382,0.00000380638084607,0.00000276525906884,0.00000232647607845,0.00000177640754373,0.00000162799233294,0.0000016681009356,0.00000123183281175,9.14567408472e-7,8.87990324827e-7,7.99298504717e-7,6.15536464466e-7,5.1337349305e-7,3.93524317133e-7,3.16578564252e-7,2.43643086151e-7,1.85851376955e-7,1.26941415601e-7,9.97258950974e-8,8.00137343049e-8,6.66943122951e-8,5.66178925965e-8,4.96508079095e-8,4.36389626657e-8,3.88774310522e-8],"min":[1.53234210565e-15,2.64778010037e-15,4.00172372656e-15,4.08068074977e-15,2.17031673361e-15,6.76539508653e-16,1.9525955966e-15,3.31956002501e-15,3.31549850203e-15,8.37717024791e-15,1.26747189607e-14,9.78410637285e-15,1.85812533437e-14,2.02699050036e-14,9.45127748173e-15,4.76027857676e-15,6.49767825333e-15,8.44328963977e-15,1.27569387549e-14,1.65185163589e-14,1.20334413278e-14,4.52611462442e-15,4.82294376826e-15,1.37078746927e-14,8.6622518918e-15,1.74323509831e-15,3.40309928471e-15,2.85142990254e-15,1.58060583122e-15,1.08270557115e-15,3.41180148945e-15,3.90754975645e-15,1.81058819366e-15,7.09619321617e-16,1.3406011632e-15,1.41254941229e-15,2.24640443271e-15,2.8561760399e-15,2.16501049571e-15,5.22261584091e-15],"var":[0.0172382853925,0.000803794362582,0.00000825185452413,0.00000129766158352,4.14377581137e-7,1.94983627466e-7,5.24580379135e-8,3.31046194901e-8,1.56006194629e-8,1.04361976838e-8,6.67917543495e-9,3.4768430357e-9,2.15456563701e-9,1.11773013067e-9,1.22159027338e-9,8.86707873793e-10,2.99073488197e-10,2.33053160104e-10,1.81436712876e-10,1.30260996434e-10,1.04478412033e-10,1.39086964168e-10,1.03768507675e-10,4.41004316398e-11,4.71288182091e-11,5.26075225049e-11,3.36307960647e-11,1.67250744504e-11,7.19173895783e-12,6.8238149506e-12,2.57493115371e-12,1.54026552797e-12,1.05763650875e-12,7.91086543061e-13,5.91740686399e-13,4.50095527255e-13,3.440375697e-13,2.65513143156e-13,2.06207785764e-13,1.61418079424e-13]},"melbands_crest":{"dmean":5.47546863556,"dmean2":9.09113693237,"dvar":24.4353637695,"dvar2":59.7756309509,"max":39.4669151306,"mean":28.5515460968,"median":30.4029808044,"min":2.84478569031,"var":61.6896324158},"melbands_flatness_db":{"dmean":0.0966429114342,"dmean2":0.159023910761,"dvar":0.00642299465835,"dvar2":0.0178460497409,"max":0.81034964323,"mean":0.423994511366,"median":0.41510155797,"min":0.0175763946027,"var":0.0134531762451},"melbands_kurtosis":{"dmean":172.019165039,"dmean2":285.949157715,"dvar":72427.875,"dvar2":194766.03125,"max":2847.08935547,"mean":223.690246582,"median":142.058639526,"min":-1.34714281559,"var":83981.125},"melbands_skewness":{"dmean":3.83858084679,"dmean2":6.14851999283,"dvar":14.7130279541,"dvar2":37.9274406433,"max":37.0881843567,"mean":9.17763996124,"median":8.70390701294,"min":-0.434126853943,"var":30.6486244202},"melbands_spread":{"dmean":2.73155879974,"dmean2":4.63188934326,"dvar":37.0975379944,"dvar2":96.6371383667,"max":100.207252502,"mean":3.46534562111,"median":1.10479915142,"min":0.0438253767788,"var":44.6419410706},"mfcc":{"cov":[[15612.9970703,-454.757324219,-492.832183838,1367.31542969,553.447814941,284.665466309,313.035430908,205.323806763,-28.6517410278,56.5101737976,129.722290039,81.4494018555,-35.1787643433],[-454.757324219,704.392944336,76.5838012695,-17.7902965546,77.7917251587,53.7945671082,5.11083269119,4.30424690247,27.5319004059,30.1741905212,28.647731781,26.5734920502,27.6226081848],[-492.832183838,76.5838012695,556.167724609,-74.328163147,143.555145264,36.9247207642,-56.7041854858,-9.66147708893,9.741106987,25.6098232269,-16.102771759,-3.30691480637,2.96587014198],[1367.31542969,-17.7902965546,-74.328163147,378.455688477,119.567672729,90.0448760986,112.241317749,80.3315200806,37.4439239502,40.7579460144,66.2344589233,43.8127098083,13.8997421265],[553.447814941,77.7917251587,143.555145264,119.567672729,171.754089355,87.901550293,33.74634552,38.2554855347,26.755865097,35.4027252197,26.9602584839,24.0440330505,9.34810066223],[284.665466309,53.7945671082,36.9247207642,90.0448760986,87.901550293,107.685539246,68.139755249,34.4578666687,25.6719684601,29.0680599213,25.7096347809,19.3261127472,16.0271911621],[313.035430908,5.11083269119,-56.7041854858,112.241317749,33.74634552,68.139755249,106.194007874,52.5413627625,18.7604122162,21.919380188,25.4301700592,18.575925827,15.2650737762],[205.323806763,4.30424690247,-9.66147708893,80.3315200806,38.2554855347,34.4578666687,52.5413627625,53.4160995483,28.2792835236,16.6965332031,20.9211139679,17.3061885834,11.1418533325],[-28.6517410278,27.5319004059,9.741106987,37.4439239502,26.755865097,25.6719684601,18.7604122162,28.2792835236,40.575920105,26.8861961365,17.8312168121,14.233745575,7.71475219727],[56.5101737976,30.1741905212,25.6098232269,40.7579460144,35.4027252197,29.0680599213,21.919380188,16.6965332031,26.8861961365,39.4749412537,25.8403587341,11.5157575607,6.37577390671],[129.722290039,28.647731781,-16.102771759,66.2344589233,26.9602584839,25.7096347809,25.4301700592,20.9211139679,17.8312168121,25.8403587341,37.6815757751,22.2793598175,7.78360033035],[81.4494018555,26.5734920502,-3.30691480637,43.8127098083,24.0440330505,19.3261127472,18.575925827,17.3061885834,14.233745575,11.5157575607,22.2793598175,27.9461612701,14.6494922638],[-35.1787643433,27.6226081848,2.96587014198,13.8997421265,9.34810066223,16.0271911621,15.2650737762,11.1418533325,7.71475219727,6.37577390671,7.78360033035,14.6494922638,21.4353046417]],"icov":[[0.000121172954096,0.00003894180918,0.000199789457838,-0.000446122750873,-0.000194315158296,-0.000251894321991,0.000513262813911,-0.000630556372926,0.00119160627946,-0.000968602078501,0.00111607578583,-0.000664139690343,0.000553505204152],[0.00003894180918,0.00176610099152,0.0000935210700845,0.000616007018834,-0.00184629135765,0.000687303487211,-0.00117709452752,0.00274598109536,-0.00262300483882,0.00244192266837,-0.00342002790421,0.00197978224605,-0.0028155981563],[0.000199789457838,0.0000935210700845,0.00376592762768,0.000324570806697,-0.00326569401659,-0.00152546574827,0.00447914004326,-0.0042968201451,0.00572159327567,-0.00757759204134,0.00719991326332,-0.00314415036701,0.000813272898085],[-0.000446122750873,0.000616007018834,0.000324570806697,0.00847772601992,-0.0056953956373,0.00439596222714,-0.00821179244667,0.00428272411227,-0.008610191755,0.010648551397,-0.0157332457602,0.00613533845171,-0.00279789976776],[-0.000194315158296,-0.00184629135765,-0.00326569401659,-0.0056953956373,0.0287866611034,-0.0238044857979,0.0225584488362,-0.0294367801398,0.0274923294783,-0.0306407772005,0.0279412213713,-0.027630539611,0.0186425298452],[-0.000251894321991,0.000687303487211,-0.00152546574827,0.00439596222714,-0.0238044857979,0.0445065796375,-0.0394866131246,0.0409303829074,-0.0415749065578,0.0361922048032,-0.0361089408398,0.0312644578516,-0.0240468680859],[0.000513262813911,-0.00117709452752,0.00447914004326,-0.00821179244667,0.0225584488362,-0.0394866131246,0.0642929524183,-0.0690916404128,0.0632152110338,-0.0602445527911,0.0501569807529,-0.0360724776983,0.0184853151441],[-0.000630556372926,0.00274598109536,-0.0042968201451,0.00428272411227,-0.0294367801398,0.0409303829074,-0.0690916404128,0.12275569886,-0.1036202088,0.0891899988055,-0.0737051069736,0.0538419485092,-0.0383942984045],[0.00119160627946,-0.00262300483882,0.00572159327567,-0.008610191755,0.0274923294783,-0.0415749065578,0.0632152110338,-0.1036202088,0.145949408412,-0.123948790133,0.093174315989,-0.0796370580792,0.0429974943399],[-0.000968602078501,0.00244192266837,-0.00757759204134,0.010648551397,-0.0306407772005,0.0361922048032,-0.0602445527911,0.0891899988055,-0.123948790133,0.168953359127,-0.137058243155,0.098555624485,-0.0509791076183],[0.00111607578583,-0.00342002790421,0.00719991326332,-0.0157332457602,0.0279412213713,-0.0361089408398,0.0501569807529,-0.0737051069736,0.093174315989,-0.137058243155,0.181418985128,-0.12986010313,0.0629560798407],[-0.000664139690343,0.00197978224605,-0.00314415036701,0.00613533845171,-0.027630539611,0.0312644578516,-0.0360724776983,0.0538419485092,-0.0796370580792,0.098555624485,-0.12986010313,0.169289439917,-0.0900037065148],[0.000553505204152,-0.0028155981563,0.000813272898085,-0.00279789976776,0.0186425298452,-0.0240468680859,0.0184853151441,-0.0383942984045,0.0429974943399,-0.0509791076183,0.0629560798407,-0.0900037065148,0.10787153244]],"mean":[-724.874694824,160.001052856,30.1354160309,33.3844795227,17.4770450592,19.7296848297,17.0926246643,14.4933319092,11.3673553467,10.649766922,9.25033473969,8.61641693115,6.90576982498]},"pitch_salience":{"dmean":0.131773978472,"dmean2":0.216671481729,"dvar":0.0132052451372,"dvar2":0.0347855947912,"max":0.944344818592,"mean":0.294669806957,"median":0.246167629957,"min":0.0218798480928,"var":0.0319403298199},"silence_rate_20dB":{"dmean":0.223668158054,"dmean2":0.447518318892,"dvar":0.173638418317,"dvar2":0.274096012115,"max":1,"mean":0.555691063404,"median":1,"min":0,"var":0.246898144484},"silence_rate_30dB":{"dmean":0.21797478199,"dmean2":0.436126917601,"dvar":0.17046391964,"dvar2":0.337857991457,"max":1,"mean":0.3345528543,"median":0,"min":0,"var":0.222627848387},"silence_rate_60dB":{"dmean":0.0138267586008,"dmean2":0.0276647675782,"dvar":0.0136355571449,"dvar2":0.0358498878777,"max":1,"mean":0.100813008845,"median":0,"min":0,"var":0.0906492844224},"spectral_centroid":{"dmean":249.754043579,"dmean2":398.087615967,"dvar":80395.171875,"dvar2":170662.546875,"max":3402.36572266,"mean":557.511047363,"median":465.256225586,"min":64.2328491211,"var":184688.390625},"spectral_complexity":{"dmean":5.00325345993,"dmean2":7.42839717865,"dvar":28.0169811249,"dvar2":63.265789032,"max":56,"mean":10.3841466904,"median":9,"min":0,"var":78.03074646},"spectral_contrast_coeffs":{"dmean":[0.067601390183,0.0408832505345,0.0368479713798,0.0388276055455,0.030858527869,0.0220363885164],"dmean2":[0.109134525061,0.0697723850608,0.0630528181791,0.065593406558,0.0530247464776,0.0362820476294],"dvar":[0.00293456716463,0.0011204223847,0.000954215938691,0.00103724107612,0.000820916087832,0.000938480021432],"dvar2":[0.00711538130417,0.00322034000419,0.00266395369545,0.0026835037861,0.00221779569983,0.00247650453821],"max":[-0.510848283768,-0.597322106361,-0.668567419052,-0.715750455856,-0.732459127903,-0.536279678345],"mean":[-0.761440873146,-0.848360061646,-0.869881689548,-0.888771116734,-0.899651348591,-0.832994520664],"median":[-0.764546692371,-0.855652689934,-0.868266880512,-0.884141206741,-0.908192873001,-0.840492546558],"min":[-0.947354972363,-0.958562791348,-0.975199699402,-0.988752782345,-0.971377909184,-0.928268253803],"var":[0.0055716750212,0.00268277805299,0.00245641963556,0.00314522418194,0.00292389397509,0.00178140064236]},"spectral_contrast_valleys":{"dmean":[0.712318599224,0.75525611639,0.733826816082,0.786147356033,0.849077999592,1.00613605976],"dmean2":[1.05923902988,1.21311306953,1.18786358833,1.26587307453,1.37500345707,1.61646044254],"dvar":[0.319079101086,0.436851471663,0.44606974721,0.499161630869,0.618107795715,0.752467691898],"dvar2":[0.719351887703,1.07685911655,1.11751401424,1.26840174198,1.63858318329,2.01156115532],"max":[-3.88545322418,-4.2692732811,-5.01620960236,-5.53489971161,-5.63962316513,-7.99003601074],"mean":[-6.23201751709,-6.71509599686,-7.3919916153,-7.98028707504,-8.14033699036,-10.6614551544],"median":[-5.85632801056,-6.57010269165,-7.21175289154,-7.76464986801,-7.76798868179,-10.3840789795],"min":[-18.383354187,-18.3326969147,-17.0262145996,-17.1731281281,-17.4253940582,-19.0923957825],"var":[2.2854282856,1.40566325188,1.37726414204,1.84820389748,2.43461465836,2.22684407234]},"spectral_decrease":{"dmean":7.92685952433e-8,"dmean2":1.15309291004e-7,"dvar":7.86792472265e-15,"dvar2":1.55429529382e-14,"max":1.78190850963e-10,"mean":-1.09292102479e-7,"median":-5.47821699115e-8,"min":-6.17234661604e-7,"var":1.65999297777e-14},"spectral_energy":{"dmean":0.300525099039,"dmean2":0.436963796616,"dvar":0.112908236682,"dvar2":0.222893506289,"max":2.33585619926,"mean":0.415636092424,"median":0.210126787424,"min":4.53002826223e-12,"var":0.238701671362},"spectral_energyband_high":{"dmean":0.000237044499954,"dmean2":0.00039627237129,"dvar":1.62422139738e-7,"dvar2":3.99988408617e-7,"max":0.00381606840529,"mean":0.000225329422392,"median":0.0000707227809471,"min":2.34677533482e-12,"var":1.72268798337e-7},"spectral_energyband_low":{"dmean":0.282328337431,"dmean2":0.414886534214,"dvar":0.102375105023,"dvar2":0.20612603426,"max":2.06535339355,"mean":0.377924621105,"median":0.185492187738,"min":1.65386469439e-14,"var":0.206967100501},"spectral_energyband_middle_high":{"dmean":0.00111235317308,"dmean2":0.00184227898717,"dvar":0.00000327208272211,"dvar2":0.0000079548881331,"max":0.0182614475489,"mean":0.00135168875568,"median":0.000528271950316,"min":1.31920678808e-12,"var":0.0000044268936108},"spectral_energyband_middle_low":{"dmean":0.00783370994031,"dmean2":0.0130219319835,"dvar":0.000165853154613,"dvar2":0.000406374281738,"max":0.125560194254,"mean":0.0086263269186,"median":0.00296900677495,"min":1.43357968183e-13,"var":0.000187560392078},"spectral_entropy":{"dmean":0.451247543097,"dmean2":0.775709092617,"dvar":0.238804012537,"dvar2":0.664201498032,"max":8.78936576843,"mean":7.36342334747,"median":7.53921794891,"min":4.51207304001,"var":0.305841565132},"spectral_flux":{"dmean":0.182836636901,"dmean2":0.319852650166,"dvar":0.0306511409581,"dvar2":0.091050632298,"max":1.21077334881,"mean":0.33961185813,"median":0.321536958218,"min":0.000122688899864,"var":0.0502748414874},"spectral_kurtosis":{"dmean":6.42338037491,"dmean2":11.2253818512,"dvar":158.236495972,"dvar2":459.91027832,"max":124.957313538,"mean":12.0862321854,"median":7.09828948975,"min":2.76068210602,"var":168.487167358},"spectral_rms":{"dmean":0.00760034006089,"dmean2":0.0100851114839,"dvar":0.0000438771166955,"dvar2":0.0000775081207394,"max":0.0477376617491,"mean":0.0160638391972,"median":0.0143178701401,"min":6.64796218075e-8,"var":0.000147451268276},"spectral_rolloff":{"dmean":615.35559082,"dmean2":1198.6496582,"dvar":10574098,"dvar2":24362924,"max":22006.9335938,"mean":2447.72802734,"median":86.1328125,"min":21.533203125,"var":44799320},"spectral_skewness":{"dmean":0.565801262856,"dmean2":0.976149618626,"dvar":0.7796677351,"dvar2":2.22986030579,"max":8.66945838928,"mean":2.53282499313,"median":2.04978108406,"min":1.18510448933,"var":1.2442189455},"spectral_spread":{"dmean":854801.5625,"dmean2":1443804.875,"dvar":755159138304,"dvar2":2055017332740,"max":11940210,"mean":4745483,"median":5073382.5,"min":852200.1875,"var":1268115308540},"spectral_strongpeak":{"dmean":0.634108901024,"dmean2":1.07771849632,"dvar":1.33298611641,"dvar2":3.71125769615,"max":21.9559631348,"mean":0.649869978428,"median":0.326374828815,"min":0,"var":1.37636911869},"zerocrossingrate":{"dmean":0.0235167294741,"dmean2":0.0306129306555,"dvar":0.00130219920538,"dvar2":0.00188061746303,"max":0.74658203125,"mean":0.0776047632098,"median":0.01611328125,"min":0.0009765625,"var":0.0211449861526}},"metadata":{"audio_properties":{"analysis_sample_rate":44100,"bit_rate":119851,"codec":"mp3","downmix":"mix","equal_loudness":0,"length":57.0786170959,"lossless":false,"md5_encoded":"f53751bd1d761096d263965601763694","replay_gain":15.9299373627,"sample_rate":44100},"tags":{"acoustid_id":["ee29a217-0f95-4a89-8cd9-7873750c68ed"],"album":["We've Come for You All"],"albumartist":["Anthrax"],"albumartistsort":["Anthrax"],"artist":["Anthrax"],"artists":["Anthrax"],"artistsort":["Anthrax"],"asin":["B000092Q46"],"barcode":["060768460928"],"catalognumber":["06076-84609-2"],"date":["2003-05-06"],"file_name":"12 - Crash.mp3","label":["Sanctuary Records"],"media":["CD"],"musicbrainz album release country":["US"],"musicbrainz album status":["official"],"musicbrainz album type":["album"],"musicbrainz release track id":["bc498b1c-14d8-3b47-a033-44f0abf9ca27"],"musicbrainz_albumartistid":["b616d6f0-ec1f-4c69-8a79-12a97ece7372"],"musicbrainz_albumid":["4f50e35e-dff9-45df-b4c7-56fc7061b6a7"],"musicbrainz_artistid":["b616d6f0-ec1f-4c69-8a79-12a97ece7372"],"musicbrainz_recordingid":["88681974-684d-4995-acfd-5642b49e171c"],"musicbrainz_releasegroupid":["6aa334a0-a473-389b-98d4-87dcc9810a26"],"originaldate":["2003"],"script":["Latn"],"title":["Crash"],"tracknumber":["12/14"]},"version":{"essentia":"2.1-beta1","essentia_build_sha":"ca57ba49d9b1854bd80e60cf9ccf267278fb7d6b","essentia_git_sha":"v2.1_beta1-28-g21ef5f4-dirty","extractor":"music 1.0"}},"rhythm":{"beats_count":113,"beats_loudness":{"dmean":0.434771865606,"dmean2":0.786120772362,"dvar":0.123172350228,"dvar2":0.39721095562,"max":1.83950686455,"mean":0.651392579079,"median":0.624776005745,"min":0.00000891961462912,"var":0.227744266391},"beats_loudness_band_ratio":{"dmean":[0.0467058010399,0.0214933548123,0.0123667847365,0.00768002402037,0.00191748619545,0.0214199218899],"dmean2":[0.0797531679273,0.0373434908688,0.0227882470936,0.0122170392424,0.0033993110992,0.0332252234221],"dvar":[0.00679476046935,0.00104560819454,0.00044220071868,0.000457347370684,0.00000489271405968,0.00447513442487],"dvar2":[0.0132865821943,0.00272386008874,0.00140837987419,0.000919274636544,0.0000139922049129,0.0101250205189],"max":[0.999378919601,0.23254609108,0.178362011909,0.167504876852,0.016885291785,0.813956975937],"mean":[0.9113240242,0.0219052284956,0.0162003580481,0.00791804119945,0.00191729504149,0.0439867600799],"medi