{"lowlevel":{"average_loudness":0.550714194775,"barkbands":{"dmean":[0.000250478187809,0.00563213136047,0.00364236952737,0.00127901497763,0.00181286595762,0.00118805840611,0.0038040142972,0.00199865968898,0.000253505102592,0.000177738271304,0.000139172159834,0.000131039472762,0.000075956719229,0.0000606190660619,0.000144308025483,0.0000229428733292,0.0000238769771386,0.0000150154301082,0.0000154364679474,0.00000761954106565,0.00000422479206463,0.00000537945243195,0.00000230686077884,0.00000195193160835,0.00000343092392541,0.0000061066230046,0.0000115752573038],"dmean2":[0.000376205076464,0.00871509034187,0.00581361306831,0.00200352352113,0.00279956567101,0.00152358424384,0.00538929644972,0.00312510645017,0.00041895636241,0.00030048500048,0.000233676153584,0.000228269040235,0.000127398423501,0.000102594676719,0.000257810257608,0.0000379189186788,0.0000400430908485,0.0000254817259702,0.0000264230075118,0.0000129456484501,0.00000715753049008,0.00000981228367891,0.00000413224643125,0.00000326200620293,0.00000483923804495,0.0000101011937659,0.0000218073510041],"dvar":[3.52241443125e-7,0.000113591806439,0.0000612157964497,0.0000117189538287,0.0000131444712679,0.00000394325752495,0.0000243502472586,0.0000103669462987,6.89103558216e-7,1.91569924368e-7,1.34318568712e-7,1.09699179518e-7,3.34484120401e-8,1.74620797821e-8,3.23956214743e-7,2.27009611109e-9,4.09626332853e-9,1.61402502474e-9,1.16071974254e-9,4.13532152965e-10,1.3920532782e-10,4.41821829122e-10,6.86874168654e-11,3.43781079992e-11,7.21417925398e-11,3.63270247217e-10,2.15657025571e-9],"dvar2":[9.62533135862e-7,0.000276753416983,0.000149642495671,0.0000290729785775,0.0000314327262458,0.00000715208943802,0.0000463866745122,0.0000239421842707,0.00000166738095686,4.96390384797e-7,3.50840167584e-7,2.93442724342e-7,8.81399913055e-8,4.64903884279e-8,9.17531110645e-7,5.55780621525e-9,1.1050985016e-8,4.33961133695e-9,3.01341418485e-9,1.12588283141e-9,3.74955400062e-10,1.28007726641e-9,1.97691557569e-10,9.45546071995e-11,1.54049537016e-10,9.63139901167e-10,6.15725337383e-9],"max":[0.00891391187906,0.178063079715,0.140553534031,0.0605708807707,0.0838726684451,0.0358849465847,0.0530300959945,0.0328833349049,0.017886351794,0.00615459959954,0.00559298088774,0.00700691575184,0.00394207146019,0.0026708340738,0.00707554304972,0.000859384890646,0.00109611777589,0.000627437315416,0.000398686621338,0.000289817486191,0.000212398997974,0.000275364349363,0.000174214743311,0.000124619255075,0.0000790143967606,0.000140907170135,0.000338763289619],"mean":[0.000874158402439,0.0137696471065,0.00685829902068,0.0021757807117,0.00323299155571,0.00246410118416,0.00886224489659,0.00287121487781,0.000347368273651,0.000200283233426,0.00013404256606,0.000128790343297,0.0000957941010711,0.0000911962997634,0.000137001945404,0.0000302534172079,0.000033548578358,0.0000175996119651,0.0000202871215151,0.00000945899046201,0.00000805829495221,0.00000668385382596,0.00000399598820877,0.0000036907881622,0.00000725897643861,0.00000595025494476,0.00000664680919726],"median":[0.0000412887020502,0.00314770871773,0.001164119225,0.000228762975894,0.000897406309377,0.00112792092841,0.00666465936229,0.00161411997396,0.0000553396821488,0.0000333858988597,0.0000191308899957,0.0000332989075105,0.0000380930432584,0.0000416934344685,0.0000356875716534,0.00000873110002431,0.00000464946970169,0.00000421511958848,0.00000632666797173,0.00000234662002185,0.00000478325682707,0.00000361556203643,0.00000283529789158,0.00000216318039747,0.00000231414355767,3.64668409247e-7,2.00396073069e-8],"min":[5.4041298346e-13,4.2925962806e-13,2.39074011747e-15,8.84466467215e-15,2.64851888251e-14,2.71250934176e-14,1.77418098117e-14,1.31872408094e-14,9.23324866e-15,4.08556812987e-15,3.15275615605e-15,4.01136338501e-15,5.82654736768e-15,8.71950962497e-15,7.72384950052e-15,3.85105985865e-15,9.2653689964e-15,1.01371513993e-14,1.13800223246e-14,3.49127012056e-15,2.06176459098e-14,6.26128660435e-15,1.07515662294e-14,1.7405110827e-14,3.73536616948e-14,5.03766001353e-14,1.82788333081e-12],"var":[0.00000293097468784,0.000461972842459,0.000207359000342,0.0000318861020787,0.0000349572655978,0.0000110437076728,0.000049996382586,0.0000126036939037,0.00000133166304295,2.56822403344e-7,1.45136496599e-7,9.98578002509e-8,3.43157857685e-8,2.96265039168e-8,2.20732601974e-7,3.81606923838e-9,5.66568525429e-9,1.53129364744e-9,1.3831199519e-9,4.01008670714e-10,1.67598546152e-10,3.01424912807e-10,5.21068153903e-11,3.32954983029e-11,1.34155492271e-10,2.9238805821e-10,1.22457677332e-9]},"barkbands_crest":{"dmean":2.47596716881,"dmean2":4.02135324478,"dvar":5.40188455582,"dvar2":13.8797540665,"max":24.8432979584,"mean":13.4596719742,"median":13.0005569458,"min":3.51416802406,"var":18.0892524719},"barkbands_flatness_db":{"dmean":0.0363867357373,"dmean2":0.0549452491105,"dvar":0.0023820840288,"dvar2":0.00558524066582,"max":0.665257751942,"mean":0.301955074072,"median":0.265479683876,"min":0.0489873066545,"var":0.0147418770939},"barkbands_kurtosis":{"dmean":6.7134771347,"dmean2":10.5175657272,"dvar":125.877029419,"dvar2":312.491821289,"max":157.942077637,"mean":12.5719394684,"median":6.48226308823,"min":-1.98385298252,"var":314.24105835},"barkbands_skewness":{"dmean":0.694753050804,"dmean2":1.05046284199,"dvar":0.593320608139,"dvar2":1.41021680832,"max":10.1932039261,"mean":1.75739407539,"median":1.47701835632,"min":-3.91458010674,"var":2.11121559143},"barkbands_spread":{"dmean":1.7647947073,"dmean2":2.83575868607,"dvar":8.29727840424,"dvar2":19.7630500793,"max":165.787506104,"mean":7.2095284462,"median":5.05863809586,"min":0.161513820291,"var":278.489074707},"dissonance":{"dmean":0.052528552711,"dmean2":0.087425135076,"dvar":0.00396851962432,"dvar2":0.0094880471006,"max":0.500000178814,"mean":0.403423666954,"median":0.430414617062,"min":0.0719926208258,"var":0.00855422113091},"dynamic_complexity":3.08621954918,"erbbands":{"dmean":[0.157346606255,1.3601295948,4.08084154129,3.92164158821,5.22012472153,6.32142210007,4.72022008896,10.6278333664,40.0179672241,64.6279144287,35.830821991,7.2366566658,5.32814073563,5.9963183403,5.27768039703,5.22418689728,3.43689370155,3.27769255638,7.85086202621,3.25627827644,1.12641537189,1.12711596489,0.805193841457,0.734097599983,0.772885799408,0.371887564659,0.206800878048,0.17132678628,0.213429987431,0.10812676698,0.0596995651722,0.0424971133471,0.0330898426473,0.0259654242545,0.0341333858669,0.0150417843834,0.015704439953,0.00933420471847,0.00189567788038,0.0000998916730168],"dmean2":[0.212254971266,2.20646190643,6.66150474548,6.02336835861,8.75372314453,9.34523868561,7.08156585693,13.8273458481,54.6930847168,89.7949142456,55.9345169067,11.4690313339,8.99424648285,10.0880432129,8.9326839447,9.15535926819,5.87928581238,5.29419946671,13.9753475189,5.77344894409,1.86920833588,1.90494370461,1.35957157612,1.21899604797,1.34053874016,0.629436850548,0.345706045628,0.302243173122,0.392397075891,0.192740112543,0.104960806668,0.0731455907226,0.0534262284636,0.0397697426379,0.0484968461096,0.022485261783,0.0264654830098,0.0175771266222,0.00355244218372,0.000180672723218],"dvar":[0.101373143494,6.91852617264,65.2384796143,104.981040955,117.144821167,175.246551514,131.518600464,342.685424805,2871.54296875,9118.60546875,4067.14941406,425.379516602,217.511672974,247.199203491,197.674926758,163.58164978,78.3246002197,37.3331375122,1020.33319092,86.4075927734,6.50783205032,10.7820158005,4.41731357574,2.88190817833,3.29692482948,0.948591589928,0.346369355917,0.285811275244,0.798550546169,0.135208621621,0.0475931428373,0.0204525105655,0.00696841906756,0.00405001174659,0.00778497476131,0.00161761918571,0.00268445163965,0.00132061855402,0.0000587602153246,1.20527857916e-7],"dvar2":[0.204880669713,17.9654045105,164.017654419,253.644607544,305.951599121,390.102600098,302.595275879,650.314758301,5072.66113281,17862.4765625,9147.47265625,958.088378906,584.778564453,641.967529297,540.907958984,435.72177124,213.86541748,86.8988952637,2898.68994141,243.352706909,17.4735507965,29.5958557129,11.7817993164,7.54041576385,8.79144573212,2.58510327339,0.918214142323,0.81169718504,2.32424139977,0.384834587574,0.136306732893,0.0582934059203,0.0177290569991,0.00959748774767,0.016593426466,0.00382764008828,0.00720589701086,0.00377989909612,0.000167194491951,3.41771169587e-7],"max":[7.38269424438,44.3544578552,147.980163574,197.018157959,221.58454895,308.445343018,284.751281738,399.77734375,726.981262207,1172.14916992,555.649841309,474.000488281,201.509719849,217.287780762,206.224731445,286.833190918,197.776824951,140.627227783,444.804534912,121.25969696,57.7639045715,40.6329650879,30.274646759,26.0351448059,24.2522392273,15.0561437607,9.22803592682,7.84804773331,9.77062511444,6.04633998871,4.80366325378,3.31788754463,1.40967285633,0.768594801426,0.781595766544,0.331750154495,0.40940746665,0.257920056581,0.0566327124834,0.00259030191228],"mean":[0.46412858367,2.86420536041,7.69781064987,7.95609998703,8.44647026062,11.4215745926,9.47017002106,21.89727211,78.607383728,161.770233154,50.4015197754,10.9100255966,5.89841270447,6.61796379089,5.33687543869,4.99233627319,4.08709383011,5.36213588715,7.92049694061,3.40429449081,1.865193367,1.49320530891,1.01089966297,0.981882631779,0.995053172112,0.485877066851,0.337260752916,0.291070491076,0.248480588198,0.174036875367,0.111348882318,0.078552223742,0.0658384859562,0.0584596842527,0.0658652633429,0.023726304993,0.0128423990682,0.00542489998043,0.00111701246351,0.0000980350741884],"median":[0.0534633547068,0.790899038315,1.82311832905,0.972038984299,2.38051795959,2.60382795334,2.38527059555,11.6848592758,55.1175308228,123.357940674,25.9231719971,2.67972326279,1.22214412689,1.06666898727,1.09363150597,1.41489934921,1.72575736046,2.44771075249,2.50011730194,1.05185413361,0.492488503456,0.24783398211,0.258585989475,0.229353487492,0.340828418732,0.124976754189,0.140930294991,0.187161207199,0.123951859772,0.118803910911,0.0813850685954,0.0539568662643,0.0331558212638,0.0224118474871,0.0178950894624,0.00342512107454,0.000365407497156,0.000028289090551,0.0000211885962926,0.000037072761188],"min":[2.09131999912e-11,4.97640643971e-11,1.07198659671e-11,2.98777010077e-11,5.33573706052e-11,7.46768619164e-11,8.49380704659e-11,3.07474490313e-10,2.73118389016e-10,2.56377225005e-10,3.04360064929e-10,2.11948084083e-10,1.52984291901e-10,1.10581245549e-10,1.56863355638e-10,1.62207469678e-10,2.72401295964e-10,3.98345190167e-10,4.59657006902e-10,3.18767012786e-10,3.15278692042e-10,4.61122584561e-10,3.5602817916e-10,8.07775901723e-10,3.94990068431e-10,2.19512102939e-10,6.28511465095e-10,6.81873835173e-10,2.74921030385e-10,2.33159602736e-10,3.04687192143e-10,2.63628952002e-10,3.79725528799e-10,3.6235206502e-10,2.66001415339e-10,1.66824221104e-10,1.13763928833e-10,4.59008803189e-11,5.27652088689e-11,5.39530052579e-11],"var":[0.632265508175,20.5631599426,222.711990356,325.716064453,283.40246582,450.828033447,407.693145752,836.421447754,5172.11621094,22688.9375,5194.43164062,949.285949707,214.282775879,304.482299805,179.593322754,135.518630981,65.3284378052,101.674560547,705.740478516,66.1497497559,15.6977672577,10.8117256165,4.50934839249,3.48893451691,3.5342707634,1.00612151623,0.396408289671,0.263742446899,0.531033635139,0.105513818562,0.0372688025236,0.0165677145123,0.0093705477193,0.00709761306643,0.0132769774646,0.00216990709305,0.00197351002134,0.00074879132444,0.0000337442434102,7.34627647603e-8]},"erbbands_crest":{"dmean":2.93025779724,"dmean2":4.72323560715,"dvar":9.25173473358,"dvar2":21.7957267761,"max":32.3302230835,"mean":16.3380336761,"median":16.3666915894,"min":2.59357452393,"var":30.6692962646},"erbbands_flatness_db":{"dmean":0.0280256010592,"dmean2":0.0411030314863,"dvar":0.00147059385199,"dvar2":0.0032841488719,"max":0.65499329567,"mean":0.289519608021,"median":0.243409663439,"min":0.0164837632328,"var":0.0157471224666},"erbbands_kurtosis":{"dmean":5.1946644783,"dmean2":7.81452894211,"dvar":49.0031471252,"dvar2":117.60962677,"max":110.666603088,"mean":11.6267147064,"median":7.2341504097,"min":-1.5676060915,"var":149.386917114},"erbbands_skewness":{"dmean":0.633096218109,"dmean2":0.941732764244,"dvar":0.472484916449,"dvar2":1.06338143349,"max":8.16634082794,"mean":1.74606513977,"median":1.58033800125,"min":-2.86638140678,"var":1.8228032589},"erbbands_spread":{"dmean":3.42562556267,"dmean2":5.30834722519,"dvar":23.4891033173,"dvar2":54.4247817993,"max":88.8946762085,"mean":11.5762205124,"median":10.1222438812,"min":0.257899641991,"var":82.2562179565},"gfcc":{"cov":[[22406.6542969,2029.12280273,1541.27526855,3557.56079102,1118.21459961,1904.30505371,378.039123535,1034.40124512,-1099.75708008,-159.682495117,-538.555664062,271.479400635,-635.676452637],[2029.12280273,2454.27490234,1077.7520752,-86.1568069458,187.811660767,-413.072753906,154.213684082,32.1340675354,207.266830444,-84.4693069458,48.0065460205,-310.510650635,41.6254768372],[1541.27526855,1077.7520752,2162.2800293,873.535705566,610.268615723,333.380645752,356.805877686,374.576019287,-10.3314352036,-6.94291305542,-96.6060180664,-29.6997623444,-99.3985671997],[3557.56079102,-86.1568069458,873.535705566,1933.21276855,575.936706543,1064.25219727,288.604766846,440.040405273,-267.083526611,-66.0303115845,-102.479927063,138.638198853,-181.327651978],[1118.21459961,187.811660767,610.268615723,575.936706543,501.940948486,317.563720703,220.688537598,142.038116455,-72.7879257202,-71.4535980225,-64.8307571411,23.7981739044,-52.5065956116],[1904.30505371,-413.072753906,333.380645752,1064.25219727,317.563720703,903.507873535,218.812072754,214.615005493,-166.043487549,-11.0973558426,-80.7625656128,149.644042969,-90.9365692139],[378.039123535,154.213684082,356.805877686,288.604766846,220.688537598,218.812072754,268.433959961,134.650588989,29.0985164642,-37.3751869202,-8.16951465607,-5.12133312225,-17.0166778564],[1034.40124512,32.1340675354,374.576019287,440.040405273,142.038116455,214.615005493,134.650588989,337.820129395,31.2768993378,91.986366272,-19.2845039368,24.9774017334,-69.1316757202],[-1099.75708008,207.266830444,-10.3314352036,-267.083526611,-72.7879257202,-166.043487549,29.0985164642,31.2768993378,273.792724609,119.750465393,80.8358001709,-72.1609954834,39.9617652893],[-159.682495117,-84.4693069458,-6.94291305542,-66.0303115845,-71.4535980225,-11.0973558426,-37.3751869202,91.986366272,119.750465393,221.184020996,76.1120986938,14.7714672089,-7.79897975922],[-538.555664062,48.0065460205,-96.6060180664,-102.479927063,-64.8307571411,-80.7625656128,-8.16951465607,-19.2845039368,80.8358001709,76.1120986938,130.712966919,17.7507095337,30.4518165588],[271.479400635,-310.510650635,-29.6997623444,138.638198853,23.7981739044,149.644042969,-5.12133312225,24.9774017334,-72.1609954834,14.7714672089,17.7507095337,146.934020996,22.3535556793],[-635.676452637,41.6254768372,-99.3985671997,-181.327651978,-52.5065956116,-90.9365692139,-17.0166778564,-69.1316757202,39.9617652893,-7.79897975922,30.4518165588,22.3535556793,117.508537292]],"icov":[[0.000238239619648,-0.000694291433319,0.000446270394605,-0.000237988322624,-0.0000378209733753,0.00000731594764147,-0.0003052620159,-0.000164753888384,0.000813060440123,-0.00090790115064,0.00130852800794,-0.00139347580262,0.00098183110822],[-0.000694291433319,0.00304900575429,-0.00187668821309,0.000628136156593,0.0000472313549835,0.000175480832695,0.00118730252143,0.000251915073022,-0.00235807849094,0.00339426123537,-0.00511139072478,0.00626522814855,-0.00381708517671],[0.000446270394605,-0.00187668821309,0.00203776080161,-0.000835454149637,-0.000684453058057,0.000555462844204,-0.00148074037861,-0.000246899347985,0.0015075536212,-0.00274151260965,0.00390498107299,-0.00386134162545,0.00230574188754],[-0.000237988322624,0.000628136156593,-0.000835454149637,0.00365761830471,-0.00133540586103,-0.00368691631593,0.00321025564335,-0.00321687222458,0.000324374443153,0.00361780030653,-0.00476016383618,0.00325515004806,-0.000705945363734],[-0.0000378209733753,0.0000472313549835,-0.000684453058057,-0.00133540586103,0.00511958217248,0.000935354561079,-0.00340739986859,0.00162182224449,-0.000114539820061,-0.000453662389191,0.00182543636765,-0.0011723630596,0.000369986722944],[0.00000731594764147,0.000175480832695,0.000555462844204,-0.00368691631593,0.000935354561079,0.00647811824456,-0.00510956626385,0.00354758696631,-0.000292703247396,-0.00398874562234,0.00501439534128,-0.00405879039317,0.000843777961563],[-0.0003052620159,0.00118730252143,-0.00148074037861,0.00321025564335,-0.00340739986859,-0.00510956626385,0.0129767153412,-0.00568795064464,-0.00296370824799,0.00831979420036,-0.00834068842232,0.00605289451778,-0.00274442462251],[-0.000164753888384,0.000251915073022,-0.000246899347985,-0.00321687222458,0.00162182224449,0.00354758696631,-0.00568795064464,0.00996619835496,-0.00220019323751,-0.00574406143278,0.00533921597525,-0.00339619116858,0.00198572827503],[0.000813060440123,-0.00235807849094,0.0015075536212,0.000324374443153,-0.000114539820061,-0.000292703247396,-0.00296370824799,-0.00220019323751,0.012323088944,-0.0069343559444,0.00117573677562,0.000720514683053,-0.0000846191542223],[-0.00090790115064,0.00339426123537,-0.00274151260965,0.00361780030653,-0.000453662389191,-0.00398874562234,0.00831979420036,-0.00574406143278,-0.0069343559444,0.017387015745,-0.0133733190596,0.00715751759708,-0.00269787013531],[0.00130852800794,-0.00511139072478,0.00390498107299,-0.00476016383618,0.00182543636765,0.00501439534128,-0.00834068842232,0.00533921597525,0.00117573677562,-0.0133733190596,0.0261426791549,-0.0167809873819,0.00660651735961],[-0.00139347580262,0.00626522814855,-0.00386134162545,0.00325515004806,-0.0011723630596,-0.00405879039317,0.00605289451778,-0.00339619116858,0.000720514683053,0.00715751759708,-0.0167809873819,0.0275892224163,-0.0134566128254],[0.00098183110822,-0.00381708517671,0.00230574188754,-0.000705945363734,0.000369986722944,0.000843777961563,-0.00274442462251,0.00198572827503,-0.0000846191542223,-0.00269787013531,0.00660651735961,-0.0134566128254,0.0183211471885]],"mean":[-123.465843201,139.901916504,-88.2367935181,-4.41685628891,-65.6869888306,-6.72318887711,-42.3259620667,5.20048046112,0.126599416137,21.0235061646,-0.612647652626,-11.4243927002,-12.1819944382]},"hfc":{"dmean":4.18988132477,"dmean2":5.70632505417,"dvar":31.9353733063,"dvar2":66.4357757568,"max":59.0866355896,"mean":11.3074321747,"median":9.26463127136,"min":5.00369772283e-8,"var":76.6410217285},"melbands":{"dmean":[0.00142580515239,0.00197299686261,0.000668072781991,0.000447277125204,0.000177094814717,0.000250471784966,0.000658479460981,0.000659376266412,0.000235542902374,0.0000358325960406,0.000026037598218,0.0000241634788836,0.0000178630416485,0.000016782694729,0.00000960824309004,0.00000666659889248,0.00000592100923313,0.0000118083216876,0.00000833435842651,0.00000234951721723,0.00000134013362185,0.00000131911031076,8.40385325773e-7,7.60451769111e-7,5.92897322349e-7,6.22546338036e-7,4.05876562581e-7,2.22954355422e-7,1.44151513837e-7,1.10783886953e-7,1.00473428688e-7,1.43424870203e-7,8.33587847637e-8,5.29524832871e-8,3.72790402992e-8,2.80457754798e-8,2.72736819795e-8,2.51233540638e-8,2.34521184694e-8,2.26420659999e-8],"dmean2":[0.00207710289396,0.00322229531594,0.00104687234852,0.000704239704646,0.000261017412413,0.000318530364893,0.00091267056996,0.000927820161451,0.000374118506443,0.0000584436202189,0.0000442359378212,0.0000406264261983,0.0000301464970107,0.0000293506618618,0.0000168264250533,0.0000109304628495,0.00000953859762376,0.0000210148300539,0.0000148648114191,0.00000403107424063,0.0000022370024908,0.00000225041480917,0.00000139101894092,0.00000130511386942,9.78496359494e-7,0.0000010739361187,6.99362317391e-7,3.79460885824e-7,2.41854252181e-7,1.90637294395e-7,1.78980343435e-7,2.64986056209e-7,1.50192192905e-7,9.48865732653e-8,6.57291820971e-8,4.88844627e-8,4.80864059682e-8,4.18525516466e-8,3.69290553692e-8,3.63097782952e-8],"dvar":[0.00000742516340324,0.000013385541024,0.00000248413721238,8.21125865968e-7,1.65172409083e-7,1.85414492648e-7,7.06200921741e-7,8.45732813559e-7,1.93303151264e-7,1.27535049188e-8,5.32427391065e-9,3.97542221364e-9,2.20450280253e-9,2.06964667626e-9,4.79688233579e-10,2.33162517072e-10,1.22186788465e-10,2.21624718577e-9,1.14774634241e-9,2.54220706986e-11,1.49476906547e-11,1.60429985269e-11,4.92170887378e-12,4.76122049772e-12,1.83549920055e-12,1.78674425515e-12,1.15260535491e-12,3.98867326971e-13,1.89179157365e-13,7.41055911839e-14,1.07327680272e-13,3.95526520607e-13,7.14661552051e-14,3.38454850084e-14,1.87540294302e-14,7.14187687939e-15,9.20236753281e-15,3.76718326808e-15,3.53318808706e-15,2.96646375304e-15],"dvar2":[0.0000166029531101,0.0000344576328644,0.0000060516490521,0.00000198148472919,3.69608017081e-7,3.33813119369e-7,0.0000012568063994,0.00000170415694356,4.31785423416e-7,3.01726430507e-8,1.42624445587e-8,1.03051762679e-8,5.90398485656e-9,5.55471713071e-9,1.29475463684e-9,5.95584859209e-10,2.81219131315e-10,6.30446228556e-9,3.24167692689e-9,6.41025149628e-11,4.13200688942e-11,4.46399375797e-11,1.25366973747e-11,1.31440899831e-11,4.74663971323e-12,4.77343988989e-12,3.09610843907e-12,1.09629709824e-12,5.09629719068e-13,2.03169742857e-13,3.07743630926e-13,1.15040615922e-12,2.0625329515e-13,9.67948933354e-14,5.38770146118e-14,2.02792596355e-14,2.64424746476e-14,9.80875757272e-15,8.89215780951e-15,7.12201141568e-15],"max":[0.055604480207,0.0568399764597,0.0282233785838,0.01919821091,0.00907442811877,0.00817445293069,0.0109520033002,0.0111351590604,0.00373336789198,0.00245497724973,0.000996611313894,0.000976744107902,0.000794102612417,0.000969775137492,0.000313479802571,0.000313695258228,0.000322257779771,0.000722246768419,0.000398676784243,0.0000759306713007,0.0000994471702143,0.0000467187492177,0.00003715584171,0.0000412299414165,0.0000190039390873,0.0000146447218867,0.0000183092415682,0.0000110621913336,0.00000775186799729,0.00000575713784201,0.0000047490311772,0.00000717607963452,0.00000320774006468,0.00000333537377628,0.0000032441635085,0.00000174631736627,0.00000227142299991,9.39380356613e-7,9.68055132944e-7,6.09848541444e-7],"mean":[0.00397518463433,0.00396268581972,0.00139021046925,0.000767736695707,0.000351402763044,0.000518710527103,0.00137587287463,0.00153915130068,0.000297797494568,0.0000500737223774,0.000027853759093,0.0000267107479885,0.0000180137722054,0.0000162057040143,0.00000966934840108,0.00000894666209206,0.00000980631648417,0.0000122271394503,0.00000749511536924,0.00000276699688584,0.00000225000303544,0.00000169139536865,0.0000010692158412,8.98454459275e-7,7.55457165269e-7,7.83512234648e-7,5.16084355695e-7,2.74574802006e-7,1.99935584533e-7,2.01697659463e-7,1.55922705858e-7,1.46109556454e-7,1.21998326108e-7,8.32269151374e-8,6.4074136219e-8,5.62587629815e-8,4.31795506017e-8,4.68587018077e-8,4.35279865485e-8,5.10001356702e-8],"median":[0.000696795352269,0.00120547018014,0.000237105006818,0.000201256130822,0.0000827737967484,0.000255241931882,0.000993727240711,0.00112631125376,0.000120317548863,0.00000839368385641,0.00000473183808936,0.00000399863074563,0.00000314297267323,0.00000389110073229,0.00000352545293936,0.00000354069038622,0.00000440495296061,0.00000405203400078,0.00000201847615244,7.20571733837e-7,4.68206792448e-7,2.49345703196e-7,1.999644752e-7,2.20457877731e-7,1.38391811788e-7,2.56747398453e-7,1.70386329046e-7,5.91165303376e-8,6.23059861482e-8,1.20145756455e-7,9.30833934376e-8,6.02282241857e-8,7.74159900629e-8,5.69042271081e-8,4.57862441294e-8,4.16327594621e-8,2.73736038281e-8,2.58792649532e-8,1.48896468488e-8,2.00423464491e-8],"min":[1.78870969685e-13,1.95237621507e-15,4.78523470848e-15,3.25065050662e-15,3.62857056142e-15,6.60272007967e-15,4.06556798792e-15,2.75836618087e-15,2.43084797456e-15,1.24686352094e-15,7.47613831499e-16,4.42718578193e-16,4.73871205913e-16,4.9536577868e-16,4.48808030399e-16,6.39874522861e-16,7.37761303075e-16,7.60907166573e-16,5.48930024682e-16,3.13971873081e-16,4.24196482265e-16,6.07271377688e-16,1.76175865007e-16,5.09427266758e-16,6.88657056117e-16,3.6513321896e-16,1.56573060918e-16,1.18717067393e-16,2.39430485563e-16,7.01616819029e-16,2.8603558828e-16,1.53162985682e-16,9.47157403227e-17,1.56037127291e-16,1.88282334869e-16,1.53461392742e-16,1.73101625099e-16,2.11067865257e-16,4.38401092442e-16,2.4638825242e-16],"var":[0.0000406938888773,0.0000428702551289,0.00000809050470707,0.00000203826402867,5.25170207766e-7,4.95716392379e-7,0.00000132063985347,0.00000199239775611,2.51138885687e-7,2.61655586087e-8,5.2506665682e-9,5.32329602621e-9,2.43167308511e-9,1.82242376745e-9,3.88679671781e-10,2.89139878706e-10,3.9349959402e-10,1.56002766261e-9,7.38243466358e-10,3.16075915441e-11,3.60315874359e-11,1.6353370047e-11,5.68890941299e-12,4.55178819983e-12,2.31501666795e-12,1.98733607695e-12,1.157040826e-12,4.16048218013e-13,1.94332681999e-13,9.29741377745e-14,9.26012806474e-14,2.51995608625e-13,5.65029217804e-14,2.5384594871e-14,1.40843156162e-14,6.67489025139e-15,6.58577560908e-15,4.65277357861e-15,5.01992678586e-15,5.1557574128e-15]},"melbands_crest":{"dmean":2.99083375931,"dmean2":4.77425146103,"dvar":8.02445411682,"dvar2":20.1667938232,"max":37.5036506653,"mean":17.019405365,"median":16.5930156708,"min":4.57835674286,"var":31.4524002075},"melbands_flatness_db":{"dmean":0.0401526615024,"dmean2":0.0601707547903,"dvar":0.00306772440672,"dvar2":0.00713061448187,"max":0.762547850609,"mean":0.394028872252,"median":0.369534552097,"min":0.037329684943,"var":0.0183322895318},"melbands_kurtosis":{"dmean":5.5233836174,"dmean2":8.52186584473,"dvar":66.9392776489,"dvar2":154.152648926,"max":142.646102905,"mean":10.6658964157,"median":5.6745967865,"min":-1.6811041832,"var":214.108032227},"melbands_skewness":{"dmean":0.643181622028,"dmean2":0.985861897469,"dvar":0.503806710243,"dvar2":1.11953091621,"max":9.12853336334,"mean":1.60140347481,"median":1.38471329212,"min":-2.6555223465,"var":2.01237559319},"melbands_spread":{"dmean":2.01705360413,"dmean2":3.2551112175,"dvar":14.1902542114,"dvar2":29.4953708649,"max":168.973937988,"mean":7.49116420746,"median":6.20717525482,"min":0.252368122339,"var":66.8208236694},"mfcc":{"cov":[[12143.3085938,1607.38085938,570.410217285,2151.80883789,1459.39001465,1105.10131836,1594.85595703,1293.13269043,422.40826416,-109.478355408,60.4701118469,-367.145721436,-624.305297852],[1607.38085938,2121.29736328,903.155761719,456.81427002,267.334197998,-54.5197677612,210.376266479,22.9712677002,94.2952728271,101.168754578,-51.2704772949,-131.22416687,2.95005536079],[570.410217285,903.155761719,1360.7043457,703.641906738,415.439483643,177.477523804,287.474884033,206.860183716,203.858718872,102.300254822,136.031463623,24.1623249054,16.5340080261],[2151.80883789,456.81427002,703.641906738,983.094482422,580.253479004,310.842346191,465.97052002,417.998748779,187.772415161,43.8727836609,107.407394409,-12.3190288544,-127.040107727],[1459.39001465,267.334197998,415.439483643,580.253479004,480.229370117,327.170135498,332.780883789,288.39050293,122.405288696,12.1103992462,67.9333343506,-23.0551891327,-111.989601135],[1105.10131836,-54.5197677612,177.477523804,310.842346191,327.170135498,517.672302246,311.413970947,305.391113281,94.3795928955,-14.420129776,57.7803497314,-30.7277030945,-162.250198364],[1594.85595703,210.376266479,287.474884033,465.97052002,332.780883789,311.413970947,424.385070801,340.185241699,128.83744812,9.9616394043,38.9311752319,-49.4036178589,-114.846923828],[1293.13269043,22.9712677002,206.860183716,417.998748779,288.39050293,305.391113281,340.185241699,402.547637939,165.361114502,13.5828094482,57.9430732727,-15.4431209564,-129.889068604],[422.40826416,94.2952728271,203.858718872,187.772415161,122.405288696,94.3795928955,128.83744812,165.361114502,198.140975952,111.072151184,74.7841720581,38.0086631775,8.75287914276],[-109.478355408,101.168754578,102.300254822,43.8727836609,12.1103992462,-14.420129776,9.9616394043,13.5828094482,111.072151184,172.344787598,106.085189819,79.5994949341,83.5171203613],[60.4701118469,-51.2704772949,136.031463623,107.407394409,67.9333343506,57.7803497314,38.9311752319,57.9430732727,74.7841720581,106.085189819,170.293762207,122.817214966,52.6981086731],[-367.145721436,-131.22416687,24.1623249054,-12.3190288544,-23.0551891327,-30.7277030945,-49.4036178589,-15.4431209564,38.0086631775,79.5994949341,122.817214966,171.805541992,125.329055786],[-624.305297852,2.95005536079,16.5340080261,-127.040107727,-111.989601135,-162.250198364,-114.846923828,-129.889068604,8.75287914276,83.5171203613,52.6981086731,125.329055786,220.949539185]],"icov":[[0.000296245096251,-0.000294134020805,0.000558628409635,-0.000582960026804,0.0000951604088186,-0.000132124565425,-0.000598148908466,0.000203385949135,-0.000591303280089,0.000961076759268,-0.000951008347329,0.000695988186635,-0.00028395964182],[-0.000294134020805,0.0012089998927,-0.00118638260756,0.000773437262978,-0.000603561522439,0.000679824035615,-0.0000267452051048,0.00010741296137,0.00110697827768,-0.00229562446475,0.00200366298668,-0.000433902518125,0.000520898785908],[0.000558628409635,-0.00118638260756,0.00299532781355,-0.00253637833521,0.000667232554406,-0.000990665052086,-0.00067827879684,0.00139201292768,-0.00302154733799,0.00378920976073,-0.00394553504884,0.00262691196986,-0.00187336106319],[-0.000582960026804,0.000773437262978,-0.00253637833521,0.00762658240274,-0.00632687471807,0.00358298281208,-0.00075479329098,-0.00320888590068,0.00315529061481,-0.00357908988371,0.00257504521869,-0.00313766882755,0.00245640124194],[0.0000951604088186,-0.000603561522439,0.000667232554406,-0.00632687471807,0.0123275257647,-0.00493165059015,-0.000953527749516,0.00265337363817,-0.00258741551079,0.0030235410668,-0.0020828130655,0.00133745092899,-0.00102200976107],[-0.000132124565425,0.000679824035615,-0.000990665052086,0.00358298281208,-0.00493165059015,0.00681541254744,-0.00231344951317,-0.00223204074427,0.001765885856,-0.00166437681764,0.000430810352555,-0.00205905805342,0.00336671038531],[-0.000598148908466,-0.0000267452051048,-0.00067827879684,-0.00075479329098,-0.000953527749516,-0.00231344951317,0.0134771261364,-0.00808055698872,0.00283491937444,-0.00213057920337,0.000150223946548,0.00440484564751,-0.00384151469916],[0.000203385949135,0.00010741296137,0.00139201292768,-0.00320888590068,0.00265337363817,-0.00223204074427,-0.00808055698872,0.0164867471904,-0.0102089252323,0.00548545084894,-0.00077439204324,-0.00380137329921,0.00449363980442],[-0.000591303280089,0.00110697827768,-0.00302154733799,0.00315529061481,-0.00258741551079,0.001765885856,0.00283491937444,-0.0102089252323,0.0196265671402,-0.0146787073463,0.00611471617594,-0.00200363947079,0.000261180422967],[0.000961076759268,-0.00229562446475,0.00378920976073,-0.00357908988371,0.0030235410668,-0.00166437681764,-0.00213057920337,0.00548545084894,-0.0146787073463,0.0248973425478,-0.0163751356304,0.00757948169485,-0.00639085285366],[-0.000951008347329,0.00200366298668,-0.00394553504884,0.00257504521869,-0.0020828130655,0.000430810352555,0.000150223946548,-0.00077439204324,0.00611471617594,-0.0163751356304,0.0293287932873,-0.0212553180754,0.00895440764725],[0.000695988186635,-0.000433902518125,0.00262691196986,-0.00313766882755,0.00133745092899,-0.00205905805342,0.00440484564751,-0.00380137329921,-0.00200363947079,0.00757948169485,-0.0212553180754,0.0309909284115,-0.0161025803536],[-0.00028395964182,0.000520898785908,-0.00187336106319,0.00245640124194,-0.00102200976107,0.00336671038531,-0.00384151469916,0.00449363980442,0.000261180422967,-0.00639085285366,0.00895440764725,-0.0161025803536,0.0172718409449]],"mean":[-770.955810547,171.636047363,24.3453273773,6.59384298325,-2.89945697784,-6.18851852417,-19.517168045,-19.0425224304,-5.79471921921,10.9672374725,15.2508001328,11.597867012,13.6869792938]},"pitch_salience":{"dmean":0.0698961764574,"dmean2":0.115165933967,"dvar":0.00511738378555,"dvar2":0.0133006209508,"max":0.873198390007,"mean":0.489849835634,"median":0.475593864918,"min":0.105206780136,"var":0.0120636103675},"silence_rate_20dB":{"dmean":0,"dmean2":0,"dvar":0,"dvar2":0,"max":1,"mean":1,"median":1,"min":1,"var":0},"silence_rate_30dB":{"dmean":0.04393555969,"dmean2":0.0878828242421,"dvar":0.042006034404,"dvar2":0.100672028959,"max":1,"mean":0.914802968502,"median":1,"min":0,"var":0.0779391303658},"silence_rate_60dB":{"dmean":0.0260950606316,"dmean2":0.0520639158785,"dvar":0.0254186522216,"dvar2":0.0709183961153,"max":1,"mean":0.0698881819844,"median":0,"min":0,"var":0.0650027170777},"spectral_centroid":{"dmean":67.6165466309,"dmean2":108.933120728,"dvar":24346.0800781,"dvar2":40668.2734375,"max":10626.6601562,"mean":575.757080078,"median":467.495635986,"min":137.946395874,"var":218190.171875},"spectral_complexity":{"dmean":2.31553721428,"dmean2":3.59107851982,"dvar":7.71344661713,"dvar2":16.5017662048,"max":28,"mean":8.36355209351,"median":8,"min":0,"var":23.1499786377},"spectral_contrast_coeffs":{"dmean":[0.0521091260016,0.0578780435026,0.0359359942377,0.0305489934981,0.0202788356692,0.0155699430034],"dmean2":[0.0843571573496,0.0948502421379,0.0590112395585,0.0511270612478,0.0329917222261,0.0249231029302],"dvar":[0.00234026554972,0.00390779785812,0.00108271604404,0.000742331903894,0.000297057937132,0.000331194780301],"dvar2":[0.00538446288556,0.0101405456662,0.00281176809222,0.00194668839686,0.000734997622203,0.000726684229448],"max":[-0.26140576601,-0.276396811008,-0.553086280823,-0.597019255161,-0.65260964632,-0.731284737587],"mean":[-0.667463421822,-0.598741352558,-0.81923019886,-0.794169843197,-0.816109776497,-0.815339207649],"median":[-0.686113834381,-0.595067858696,-0.827939748764,-0.797783136368,-0.819341957569,-0.807539403439],"min":[-0.970561981201,-0.971452355385,-0.974246680737,-0.968398809433,-0.961093783379,-0.962659537792],"var":[0.0149958692491,0.013133960776,0.00380488554947,0.00226056505926,0.0015236105537,0.00145660759881]},"spectral_contrast_valleys":{"dmean":[0.438847720623,0.506010711193,0.629302322865,0.565718173981,0.454992413521,0.307954668999],"dmean2":[0.700784146786,0.788027465343,0.930674672127,0.817161083221,0.627699136734,0.474599450827],"dvar":[0.213194459677,0.384070456028,0.620415270329,0.530820190907,0.421819478273,0.214950278401],"dvar2":[0.409104496241,0.791792631149,1.32622385025,1.14692401886,0.82552832365,0.454586625099],"max":[-4.79077625275,-4.41672897339,-4.99374008179,-6.25946569443,-6.611369133,-9.19251728058],"mean":[-8.13442230225,-7.08229732513,-8.2898645401,-8.94608020782,-9.62388896942,-11.8255310059],"median":[-7.34888458252,-6.73887825012,-8.12282752991,-8.75663089752,-9.227891922,-11.3027954102],"min":[-27.2116374969,-27.4162044525,-27.1872711182,-27.1682720184,-27.130197525,-27.207359314],"var":[6.44869041443,2.89023041725,2.38151717186,1.98295354843,2.40149331093,2.11368393898]},"spectral_decrease":{"dmean":3.41830519446e-9,"dmean2":4.9589794493e-9,"dvar":2.01399933767e-17,"dvar2":4.43050707752e-17,"max":5.43987984482e-17,"mean":-1.09614095578e-8,"median":-7.87840548355e-9,"min":-6.33112051673e-8,"var":1.01427536752e-16},"spectral_energy":{"dmean":0.013234958984,"dmean2":0.0191614385694,"dvar":0.000298725470202,"dvar2":0.000654314877465,"max":0.2416382581,"mean":0.0423962883651,"median":0.0309044085443,"min":3.95083228286e-12,"var":0.00149023684207},"spectral_energyband_high":{"dmean":0.0000356276068487,"dmean2":0.0000608251793892,"dvar":1.16368426006e-8,"dvar2":3.22650848261e-8,"max":0.00118357944302,"mean":0.0000460323863081,"median":0.0000202653100132,"min":1.73588443966e-12,"var":9.14270881225e-9},"spectral_energyband_low":{"dmean":0.00827915500849,"dmean2":0.0129432706162,"dvar":0.000209375837585,"dvar2":0.000510176410899,"max":0.217937842011,"mean":0.0228006001562,"median":0.00581112317741,"min":8.17123766653e-13,"var":0.00101176206954},"spectral_energyband_middle_high":{"dmean":0.000688791798893,"dmean2":0.00114713632502,"dvar":0.00000263709785031,"dvar2":0.00000705796082912,"max":0.0198598615825,"mean":0.000857451115735,"median":0.000353460316546,"min":6.97114688566e-14,"var":0.000002379896614},"spectral_energyband_middle_low":{"dmean":0.00765702966601,"dmean2":0.0102810850367,"dvar":0.00009758881788,"dvar2":0.000185951095773,"max":0.127017185092,"mean":0.0200199056417,"median":0.0141615495086,"min":2.29055300118e-13,"var":0.000292822602205},"spectral_entropy":{"dmean":0.322513401508,"dmean2":0.487102270126,"dvar":0.222616255283,"dvar2":0.530369639397,"max":9.80414295197,"mean":6.11985445023,"median":6.29448080063,"min":3.23554086685,"var":1.07141792774},"spectral_flux":{"dmean":0.0336783155799,"dmean2":0.0532261170447,"dvar":0.00155559764244,"dvar2":0.00356645230204,"max":0.358887016773,"mean":0.0748622491956,"median":0.0628228038549,"min":0.00000931726208364,"var":0.00300140073523},"spectral_kurtosis":{"dmean":15.3148899078,"dmean2":23.8923492432,"dvar":969.917114258,"dvar2":2139.05957031,"max":339.273010254,"mean":42.07213974,"median":13.990234375,"min":-1.24153888226,"var":3963.56420898},"spectral_rms":{"dmean":0.0010000327602,"dmean2":0.00139842485078,"dvar":0.00000136918174576,"dvar2":0.00000264497771241,"max":0.0153539776802,"mean":0.00567811680958,"median":0.00549095962197,"min":6.20843820798e-8,"var":0.00000912118321139},"spectral_rolloff":{"dmean":91.0298690796,"dmean2":159.616958618,"dvar":81135.8046875,"dvar2":140676.84375,"max":21253.2714844,"mean":775.312805176,"median":495.263671875,"min":64.599609375,"var":4646853.5},"spectral_skewness":{"dmean":0.811387717724,"dmean2":1.26205849648,"dvar":1.95246565342,"dvar2":4.0861825943,"max":15.9217796326,"mean":4.38977575302,"median":3.19796013832,"min":0.0171221718192,"var":9.97853469849},"spectral_spread":{"dmean":395959.65625,"dmean2":624499,"dvar":349970038784,"dvar2":540599713792,"max":40426888,"mean":3033794.75,"median":3169798.5,"min":291748.1875,"var":3070622433280},"spectral_strongpeak":{"dmean":0.482932597399,"dmean2":0.830137252808,"dvar":0.325445622206,"dvar2":0.775021910667,"max":5.54517412186,"mean":0.968945086002,"median":0.694341659546,"min":0,"var":0.607830345631},"zerocrossingrate":{"dmean":0.00329770240933,"dmean2":0.00439778203145,"dvar":0.0000341330342053,"dvar2":0.0000506471224071,"max":0.6767578125,"mean":0.029085105285,"median":0.021484375,"min":0.00244140625,"var":0.00305677508004}},"metadata":{"audio_properties":{"analysis_sample_rate":44100,"bit_rate":0,"codec":"flac","downmix":"mix","equal_loudness":0,"length":174.391021729,"lossless":true,"md5_encoded":"beee74a959754332ff668749e12e4577","replay_gain":-13.1248474121},"tags":{"album":["Ghosts I–IV"],"albumartist":["Nine Inch Nails"],"albumartistsort":["Nine Inch Nails"],"arranger":["Atticus Ross"],"artist":["Nine Inch Nails"],"artistsort":["Nine Inch Nails"],"date":["2008-03-02"],"discnumber":["1"],"disctotal":["1"],"engineer":["Alan Moulder"],"file_name":"21 - 21 Ghosts III.flac","license":["http://creativecommons.org/licenses/by-nc-sa/3.0/us/"],"mixer":["Alan Moulder"],"musicbrainz_albumartistid":["b7ffd2af-418f-4be2-bdd1-22f8b48613da"],"musicbrainz_albumid":["3af7ec8c-3bf4-4e6d-9bb3-1885d22b2b6a"],"musicbrainz_artistid":["b7ffd2af-418f-4be2-bdd1-22f8b48613da"],"musicbrainz_recordingid":["888974e2-f43c-48e3-91e2-6a091a414469"],"musicbrainz_releasegroupid":["550bf4b9-92ca-30ba-9ea2-8b45f9d081f1"],"performer":["Trent Reznor"],"producer":["Alan Moulder","Atticus Ross","Trent Reznor"],"releasecountry":["XW"],"releasetype":["album"],"replaygain_album_gain":["-7.94 dB"],"replaygain_album_peak":["1.00000000"],"replaygain_reference_loudness":["89.0 dB"],"replaygain_track_gain":["-7.66 dB"],"replaygain_track_peak":["0.97064209"],"title":["21 Ghosts III"],"totaldiscs":["1"],"totaltracks":["36"],"tracknumber":["21"],"tracktotal":["36"]},"version":{"essentia":"2.1-beta1","essentia_build_sha":"de1f7ffc9d3406fe9025cc52cfcd6ebfe2259f32","essentia_git_sha":"v2.1_beta1-5-gf9dded9","extractor":"music 1.0"}},"rhythm":{"beats_count":411,"beats_loudness":{"dmean":0.021700726822,"dmean2":0.0390243828297,"dvar":0.000478139234474,"dvar2":0.0013350356603,"max":0.207517921925,"mean":0.0632930845022,"median":0.059509806335,"min":5.30062882476e-10,"var":0.00120766693726},"beats_loudness_band_ratio":{"dmean":[0.15366654098,0.1