{"lowlevel":{"average_loudness":0.773566067219,"barkbands":{"dmean":[0.00193650566507,0.00471683498472,0.00372480042279,0.00243365694769,0.0024211644195,0.00202749203891,0.00124340306502,0.00044372267439,0.000403242418543,0.000457915797597,0.000646432978101,0.000597420788836,0.000706403399818,0.000495659536682,0.000409130298067,0.000313069002004,0.000146275386214,0.000104339858808,0.0000796603417257,0.000055412769143,0.0000477777430206,0.0000264196623903,0.0000164593166119,0.00000488075966132,0.0000024188173029,0.0000214609863178,0.000434237183072],"dmean2":[0.00314466003329,0.00791698135436,0.00628454005346,0.00397562002763,0.0040584905073,0.00330712459981,0.00198675435968,0.00072263518814,0.000657758675516,0.000750110135414,0.00105391885154,0.000970910768956,0.00114810594823,0.000819909386337,0.000661786296405,0.000511894235387,0.000237619504333,0.000162436859682,0.000120113225421,0.0000826136893011,0.0000699789379723,0.0000386677784263,0.000023768248866,0.00000759558088248,0.00000396978794015,0.0000310761752189,0.000631875183899],"dvar":[0.0000200092563318,0.000056278451666,0.0000237884814851,0.0000116726514534,0.0000113230080387,0.0000118486941574,0.00000945273859543,0.00000174320723545,0.00000116787782645,0.00000115756233754,0.00000140015708894,0.00000137665915645,0.00000157284182478,6.8019369337e-7,4.53728290495e-7,2.39880392883e-7,7.17174941656e-8,7.3237522713e-8,7.73890675987e-8,3.4597221088e-8,3.85286718085e-8,6.16194473224e-9,1.62694735462e-9,9.60550528006e-11,1.73802638948e-11,3.0791931227e-9,4.99215047967e-7],"dvar2":[0.000045681696065,0.000153415559907,0.0000673372414894,0.0000317330413964,0.0000311229669023,0.000030541443266,0.0000226486026804,0.00000427923396273,0.00000277796198134,0.00000302311377709,0.00000353935570274,0.00000360272656508,0.00000393014943256,0.00000176210255631,0.00000111869553621,6.02156376317e-7,1.80594000199e-7,1.66369247268e-7,1.58355675239e-7,7.3652500987e-8,8.28199091529e-8,1.32408235487e-8,3.31927285657e-9,2.11001327521e-10,4.17831914901e-11,6.3079630408e-9,0.00000100807972103],"max":[0.0998859256506,0.107372552156,0.0742903128266,0.0543893761933,0.0467554666102,0.0670432522893,0.0883934795856,0.0480528473854,0.03280897066,0.0331548042595,0.0262192431837,0.0307132638991,0.0478630065918,0.0222500767559,0.0219856165349,0.0163097791374,0.00851570814848,0.0108549157158,0.0131078762934,0.0075424448587,0.0085986610502,0.00250695133582,0.00115236500278,0.000251459539868,0.0000818278567749,0.00148301839363,0.0171815417707],"mean":[0.00218500150368,0.00721238739789,0.00657733762637,0.00391945242882,0.00415231799707,0.00332007976249,0.00201749429107,0.000615819648374,0.000566330330912,0.00068139412906,0.00101687945426,0.00100117875263,0.00122644042131,0.000840880849864,0.000779314083047,0.000585077563301,0.00027509816573,0.000176297413418,0.000126142724184,0.0000923260740819,0.0000788298857515,0.0000370082852896,0.0000213881376112,0.00000574355453864,0.00000256605903814,0.0000263956480921,0.00125243584625],"median":[0.000544946058653,0.00442790146917,0.00472205877304,0.00241760676727,0.00289233587682,0.00172881723847,0.000736369518563,0.000208561308682,0.00022751634242,0.000306100817397,0.000499227142427,0.000542920257431,0.00067744293483,0.000482371106045,0.00046540965559,0.00036242310307,0.000150019666762,0.0000628227062407,0.0000321137049468,0.0000222142443818,0.0000179888356797,0.00000740851373848,0.00000459159946331,0.00000177838307991,9.44689304561e-7,0.00000487872466692,0.000876655103639],"min":[4.98166770983e-26,3.24891985162e-23,5.71009511509e-24,6.71344375056e-24,2.10086091508e-23,1.7863685779e-23,4.685339319e-23,5.40661156849e-23,5.94606873427e-23,6.8902077579e-23,6.2366825674e-23,4.47770450231e-23,1.10528904396e-22,1.69193195634e-22,2.46736632274e-22,1.44356093049e-22,1.99578502116e-22,1.89887440559e-22,2.25360899879e-22,2.74797588497e-22,7.63127934327e-22,7.21430842091e-22,5.57627219892e-22,7.76524938199e-22,1.08614882977e-21,1.61560631899e-21,2.72724739718e-21],"var":[0.0000252504942182,0.0000784770672908,0.000042862178816,0.0000197374793061,0.0000198240431928,0.0000221375412366,0.000024050959837,0.00000265750350081,0.00000175129207491,0.00000169463066868,0.00000238638472183,0.0000023056709324,0.00000352065467268,0.00000120375182178,0.00000104712182747,5.02907141708e-7,1.52067372028e-7,1.29423611384e-7,1.40243443525e-7,6.33597423416e-8,6.10103541021e-8,9.64917656887e-9,2.59555510418e-9,1.31275740278e-10,2.02251462106e-11,4.40678515901e-9,0.00000182868473075]},"barkbands_crest":{"dmean":2.25653171539,"dmean2":3.74214148521,"dvar":3.90574121475,"dvar2":10.750535965,"max":26.4629096985,"mean":8.75821113586,"median":8.09572029114,"min":2.70166826248,"var":12.028629303},"barkbands_flatness_db":{"dmean":0.0243801064789,"dmean2":0.0371552146971,"dvar":0.000442895194283,"dvar2":0.00107697793283,"max":0.366322517395,"mean":0.144574522972,"median":0.140957638621,"min":0.0410017296672,"var":0.00198649778031},"barkbands_kurtosis":{"dmean":3.93261218071,"dmean2":6.40039110184,"dvar":51.5406227112,"dvar2":143.358627319,"max":216.369522095,"mean":7.93503761292,"median":4.23605680466,"min":-1.67744588852,"var":144.552963257},"barkbands_skewness":{"dmean":0.536908686161,"dmean2":0.859209001064,"dvar":0.27804812789,"dvar2":0.72035163641,"max":10.5781135559,"mean":2.26788425446,"median":1.99188685417,"min":-1.69275081158,"var":1.41203248501},"barkbands_spread":{"dmean":7.09381580353,"dmean2":11.0646047592,"dvar":46.829284668,"dvar2":106.607376099,"max":105.259712219,"mean":30.3161048889,"median":28.4706020355,"min":0.942983925343,"var":238.03414917},"dissonance":{"dmean":0.0162209719419,"dmean2":0.0276361685246,"dvar":0.000240764202317,"dvar2":0.000676634081174,"max":0.500000238419,"mean":0.472143292427,"median":0.476406782866,"min":0.322273284197,"var":0.000395207694964},"dynamic_complexity":3.59092760086,"erbbands":{"dmean":[0.169621989131,1.05282974243,3.74117469788,6.30916309357,8.80319213867,7.61179256439,11.6428451538,18.8896713257,17.8857288361,16.3179340363,7.91294527054,9.29808616638,10.4571456909,18.3163356781,25.9137821198,22.8503036499,32.3127403259,27.4301700592,19.7614803314,22.5979404449,11.6543006897,7.87542438507,5.86347675323,4.25960922241,3.65720486641,2.61516880989,2.18793988228,1.72166192532,1.02007806301,0.64295309782,0.444894194603,0.184389799833,0.0487291477621,0.0276176314801,0.0172222927213,0.0125794447958,0.0474301278591,0.0512615665793,0.0278821364045,0.00968536641449],"dmean2":[0.282670080662,1.78592121601,6.37853431702,10.2198534012,14.7446899414,12.7629127502,19.4149112701,30.9063491821,29.0403690338,25.5655326843,12.7935380936,15.2039651871,17.0108337402,30.0204696655,42.272895813,36.7394256592,52.140171051,45.2998809814,32.183265686,36.8315086365,18.8200569153,12.7064590454,9.16725349426,6.4417181015,5.49906921387,3.89384818077,3.25019311905,2.52432560921,1.48898875713,0.93979626894,0.643286705017,0.27158254385,0.079792112112,0.0453565232456,0.0281925071031,0.0202274732292,0.0686925277114,0.0721533671021,0.0379414185882,0.0139376921579],"dvar":[0.110728673637,2.62071156502,26.8614349365,65.7731399536,143.103149414,159.898986816,420.656585693,1153.19165039,1624.58605957,1722.55639648,668.726867676,609.301147461,803.417114258,1540.10876465,2463.15625,1945.58349609,3672.85229492,1970.46520996,1292.07373047,1438.01965332,363.88458252,211.442047119,200.22845459,187.465835571,176.770843506,80.3043060303,68.6665725708,54.4909896851,9.83079051971,2.89868187904,1.16130304337,0.16902077198,0.0107922684401,0.00226289057173,0.000870532472618,0.000582607346587,0.0162239149213,0.022128097713,0.00912317726761,0.000209690260817],"dvar2":[0.289645344019,7.42618227005,78.364982605,173.991531372,400.991729736,445.16986084,1106.11486816,2915.41601562,4178.44482422,3922.46655273,1641.3371582,1458.13769531,1979.17077637,4127.30810547,6485.68164062,4916.11914062,8975.71484375,5081.91015625,3206.50341797,3519.95117188,889.183288574,527.6171875,457.631500244,397.094848633,375.022155762,172.228744507,143.692459106,120.844314575,21.2924537659,6.24642181396,2.35270786285,0.349755853415,0.0258288513869,0.00542822387069,0.00209198822267,0.00137094326783,0.0339540727437,0.045044913888,0.0179859288037,0.000423580990173],"max":[5.32972860336,25.2155208588,87.5675735474,145.731781006,181.60458374,210.864746094,426.784210205,710.891723633,1133.87207031,1522.18310547,844.536132812,863.942932129,809.673034668,1498.90368652,1707.47070312,1285.78356934,2615.14501953,885.37890625,1519.24780273,1324.5682373,465.017730713,512.806396484,513.497253418,503.749298096,600.932067871,361.150939941,340.761474609,355.30682373,103.100074768,47.9213943481,29.9549217224,13.7338562012,3.06100511551,0.91198772192,0.586769759655,0.557161211967,4.04469585419,5.69798088074,3.4551115036,0.37520056963],"mean":[0.21998102963,1.59794974327,6.53846216202,11.9682397842,14.3730344772,11.9508523941,18.1222743988,29.6558303833,27.7147006989,27.2664089203,11.5654153824,13.1840457916,15.812256813,30.4239120483,44.4931678772,42.2764968872,58.0792045593,50.5371551514,37.545463562,44.5846710205,24.2623138428,15.5424289703,10.4010477066,7.12779712677,5.8782544136,4.34786605835,3.61397838593,2.71795415878,1.46304941177,0.862072348595,0.573539912701,0.227779015899,0.0523120351136,0.0292188543826,0.0185931120068,0.0146765299141,0.0571217127144,0.0729522258043,0.0570404790342,0.0342241376638],"median":[0.100945077837,0.978600025177,4.75175666809,8.0677986145,9.27321052551,7.27296447754,10.085609436,14.3471841812,11.9813327789,8.82282447815,4.50505685806,5.2640414238,7.19870758057,16.0185585022,25.0767650604,24.1213722229,32.4070358276,30.5738487244,22.3107185364,27.6847763062,15.6101894379,8.65845584869,4.32831382751,2.05235075951,1.43822836876,1.03634727001,0.875410795212,0.571407437325,0.284627467394,0.185193881392,0.121400818229,0.0564136318862,0.0189928095788,0.0107169207186,0.00713703548536,0.00602908246219,0.0094812521711,0.0127908522263,0.0174880195409,0.0271689519286],"min":[3.98362968399e-22,8.69938014624e-21,1.27033357844e-20,8.41044208087e-21,2.4541977023e-20,9.27447892115e-20,8.44845636145e-20,2.45854931856e-19,5.68335739755e-19,9.06979243234e-19,1.20804558585e-18,1.20570921421e-18,1.11071155336e-18,3.45186605521e-18,2.45767809058e-18,2.36209964554e-18,4.38091809611e-18,7.62038898544e-18,9.05432394809e-18,1.32643498384e-17,8.33393235262e-18,1.22083297093e-17,9.81159042809e-18,1.27696610905e-17,1.3605103583e-17,1.28935222882e-17,1.9683867789e-17,3.45667495242e-17,2.87145062474e-17,1.75362322948e-17,1.50193599189e-17,1.50228853626e-17,1.5200054215e-17,1.25369214174e-17,6.86049496622e-18,5.97446169386e-18,2.55622466644e-18,1.38760509353e-18,3.31146145202e-19,4.36302230205e-20],"var":[0.12895822525,3.68247079849,43.3478012085,141.240371704,239.729125977,236.758071899,683.083740234,2042.89599609,2989.00341797,5319.68310547,882.045349121,964.618896484,1064.52307129,2467.24194336,4153.14404297,3698.33618164,8359.53515625,3866.2980957,2598.22167969,3372.12207031,818.775939941,462.564697266,368.608428955,336.771942139,315.849304199,143.877853394,112.733428955,81.4056777954,15.5596990585,4.42361927032,1.86060976982,0.254800200462,0.011436490342,0.002631342737,0.00102252617944,0.000688576954417,0.0220735352486,0.0367709696293,0.0190563816577,0.000962887192145]},"erbbands_crest":{"dmean":2.34152007103,"dmean2":3.86683177948,"dvar":5.07760620117,"dvar2":12.9451179504,"max":32.1822853088,"mean":7.97737789154,"median":7.14033985138,"min":2.35907530785,"var":11.905292511},"erbbands_flatness_db":{"dmean":0.0222327504307,"dmean2":0.0333869643509,"dvar":0.000352476752596,"dvar2":0.000799151195679,"max":0.334333389997,"mean":0.156634956598,"median":0.155179932714,"min":0.0365403853357,"var":0.00141443964094},"erbbands_kurtosis":{"dmean":0.794566690922,"dmean2":1.28166747093,"dvar":1.10805439949,"dvar2":2.75945925713,"max":36.3868408203,"mean":0.110852368176,"median":-0.2634973526,"min":-1.7075920105,"var":2.31696510315},"erbbands_skewness":{"dmean":0.330989092588,"dmean2":0.517647325993,"dvar":0.0818286091089,"dvar2":0.201644793153,"max":3.50386500359,"mean":-0.252134799957,"median":-0.297892093658,"min":-4.24860286713,"var":0.427978247404},"erbbands_spread":{"dmean":5.54300689697,"dmean2":8.73852920532,"dvar":23.9766101837,"dvar2":59.3708457947,"max":94.8934860229,"mean":30.161863327,"median":29.3655853271,"min":1.5378575325,"var":102.501838684},"gfcc":{"cov":[[10901.796875,178.533752441,-823.824951172,69.2801513672,168.255310059,-508.661071777,251.336257935,-294.250915527,-17.2791748047,57.1988754272,112.432510376,108.329063416,6.95542669296],[178.533752441,809.015625,19.4500732422,-258.118835449,223.20022583,56.5492095947,-92.0914611816,-47.8831481934,14.3028392792,-42.192325592,43.7914657593,-82.5700836182,115.627792358],[-823.824951172,19.4500732422,329.733886719,68.6244354248,-100.577461243,157.029510498,-105.611289978,102.633399963,-41.6677474976,-6.04347372055,-41.9051208496,-29.8569297791,-14.5902347565],[69.2801513672,-258.118835449,68.6244354248,267.949981689,-47.7277297974,-67.4439468384,98.3997802734,21.6250209808,-15.0079317093,13.2645730972,-23.0094013214,29.7862167358,-55.3843688965],[168.255310059,223.20022583,-100.577461243,-47.7277297974,231.871353149,0.291224986315,23.8242549896,-77.479309082,13.0882520676,-19.8393135071,29.939655304,-21.1079769135,57.2122459412],[-508.661071777,56.5492095947,157.029510498,-67.4439468384,0.291224986315,245.600692749,-114.911491394,65.275642395,-42.2275428772,-4.30812740326,-12.0188312531,-36.7302627563,32.3287963867],[251.336257935,-92.0914611816,-105.611289978,98.3997802734,23.8242549896,-114.911491394,207.524749756,-29.6389961243,45.6418991089,-2.89379191399,-3.94531583786,45.9387359619,-49.0413589478],[-294.250915527,-47.8831481934,102.633399963,21.6250209808,-77.479309082,65.275642395,-29.6389961243,158.464233398,-1.2301915884,20.6467075348,-5.77640533447,-25.5271492004,7.47808218002],[-17.2791748047,14.3028392792,-41.6677474976,-15.0079317093,13.0882520676,-42.2275428772,45.6418991089,-1.2301915884,99.8034210205,28.8048706055,7.86086797714,19.0776576996,-25.9317817688],[57.1988754272,-42.192325592,-6.04347372055,13.2645730972,-19.8393135071,-4.30812740326,-2.89379191399,20.6467075348,28.8048706055,77.0043487549,36.9224395752,8.97395420074,9.65343475342],[112.432510376,43.7914657593,-41.9051208496,-23.0094013214,29.939655304,-12.0188312531,-3.94531583786,-5.77640533447,7.86086797714,36.9224395752,63.2024154663,21.4228820801,29.2498931885],[108.329063416,-82.5700836182,-29.8569297791,29.7862167358,-21.1079769135,-36.7302627563,45.9387359619,-25.5271492004,19.0776576996,8.97395420074,21.4228820801,79.8685760498,-4.99708938599],[6.95542669296,115.627792358,-14.5902347565,-55.3843688965,57.2122459412,32.3287963867,-49.0413589478,7.47808218002,-25.9317817688,9.65343475342,29.2498931885,-4.99708938599,107.287445068]],"icov":[[0.000146820646478,-0.000385703082429,0.000834444945212,-0.000534260296263,0.000234296123381,-0.000153517656145,0.000291694363113,-0.0000903716645553,0.000358767138096,-0.000407428422477,0.000441384676378,-0.000432352797361,0.000287701870548],[-0.000385703082429,0.00566058279946,-0.00727726705372,0.00648891413584,-0.00389492581598,0.00327943544835,-0.00279857125133,0.00132978905458,-0.00215354608372,0.00361381680705,-0.00540995551273,0.00511181633919,-0.00313130370341],[0.000834444945212,-0.00727726705372,0.0187127366662,-0.0130944205448,0.0072179865092,-0.00873491540551,0.00755771994591,-0.00300928577781,0.00120329693891,-0.00236453441903,0.00765962293372,-0.00601095566526,0.00415680650622],[-0.000534260296263,0.00648891413584,-0.0130944205448,0.0173404272646,-0.00836515333503,0.00836840923876,-0.00711589911953,-0.00115488143638,0.00511561846361,-0.00389160122722,0.000282800057903,0.000604380096775,0.000516736879945],[0.000234296123381,-0.00389492581598,0.0072179865092,-0.00836515333503,0.0156900156289,-0.00711791822687,-0.000785384036135,0.0063011678867,-0.00689776241779,0.00772622460499,-0.0074876723811,0.00721493270248,-0.00615941081196],[-0.000153517656145,0.00327943544835,-0.00873491540551,0.00836840923876,-0.00711791822687,0.0121184028685,-0.000255357008427,-0.00298701669089,0.00435861665756,-0.00313298008405,0.00204188236967,-0.00110467057675,0.000570495729335],[0.000291694363113,-0.00279857125133,0.00755771994591,-0.00711589911953,-0.000785384036135,-0.000255357008427,0.0130953779444,-0.00320574967191,-0.000932952738367,-0.000846861978061,0.00551558472216,-0.00753688113764,0.00505268201232],[-0.0000903716645553,0.00132978905458,-0.00300928577781,-0.00115488143638,0.0063011678867,-0.00298701669089,-0.00320574967191,0.0133916707709,-0.00633179582655,0.00422723824158,-0.00766287278384,0.00989540293813,-0.00665233377367],[0.000358767138096,-0.00215354608372,0.00120329693891,0.00511561846361,-0.00689776241779,0.00435861665756,-0.000932952738367,-0.00633179582655,0.0237711127847,-0.017305329442,0.013339003548,-0.0121259819716,0.0105831986293],[-0.000407428422477,0.00361381680705,-0.00236453441903,-0.00389160122722,0.00772622460499,-0.00313298008405,-0.000846861978061,0.00422723824158,-0.017305329442,0.0358242169023,-0.0281078182161,0.0143718179315,-0.00913029164076],[0.000441384676378,-0.00540995551273,0.00765962293372,0.000282800057903,-0.0074876723811,0.00204188236967,0.00551558472216,-0.00766287278384,0.013339003548,-0.0281078182161,0.0475678890944,-0.022559562698,0.00515636522323],[-0.000432352797361,0.00511181633919,-0.00601095566526,0.000604380096775,0.00721493270248,-0.00110467057675,-0.00753688113764,0.00989540293813,-0.0121259819716,0.0143718179315,-0.022559562698,0.0315077118576,-0.0102421147749],[0.000287701870548,-0.00313130370341,0.00415680650622,0.000516736879945,-0.00615941081196,0.000570495729335,0.00505268201232,-0.00665233377367,0.0105831986293,-0.00913029164076,0.00515636522323,-0.0102421147749,0.0208915024996]],"mean":[-8.3036031723,111.429161072,-88.2060012817,-11.0785455704,3.41424322128,-12.2318601608,-8.41573524475,-31.3071842194,-2.31245231628,-10.9895582199,-5.23366117477,-2.89104795456,-6.57268095016]},"hfc":{"dmean":34.4167976379,"dmean2":50.7789649963,"dvar":2552.1496582,"dvar2":5463.98046875,"max":1409.33508301,"mean":140.902832031,"median":131.030639648,"min":1.23728312832e-16,"var":10001.0029297},"melbands":{"dmean":[0.00138596724719,0.00170252216049,0.00108753237873,0.00057568232296,0.000370865862351,0.000407326413551,0.000267730967607,0.000160891853739,0.0000623688101768,0.0000599727864028,0.0000540639011888,0.0000748391030356,0.000091692461865,0.0000705352722434,0.0000650456277071,0.0000694183036103,0.0000533396669198,0.000033432708733,0.0000276635273622,0.0000297288825095,0.0000124098305605,0.00000933348110266,0.00000639477366349,0.00000500263649883,0.0000035081727674,0.0000033255641938,0.0000021472806111,0.00000175301431682,0.00000150341929839,0.00000117673789646,0.00000100328054486,6.29764940641e-7,4.3245935899e-7,3.37813332862e-7,2.67730285941e-7,2.16480941617e-7,7.02696283383e-8,3.44614328185e-8,2.69946713871e-8,2.21131095657e-8],"dmean2":[0.00228817458265,0.00288462336175,0.00177268055268,0.00096701818984,0.000615659344476,0.000664661405608,0.000433560839156,0.000252601283137,0.000101649115095,0.0000982073615887,0.0000882548774825,0.000122895580716,0.000149017083459,0.00011528628238,0.000105406339571,0.000112999441626,0.0000884823239176,0.0000548615280422,0.0000451303021691,0.0000485199998366,0.0000202691608138,0.0000153198834596,0.0000102221001725,0.00000784582971392,0.00000541897452422,0.00000514200974067,0.00000324561347043,0.00000269142879006,0.00000229443344324,0.00000177925562639,0.00000150182393099,9.36735489176e-7,6.48858417662e-7,5.02699151639e-7,3.91452317672e-7,3.17803852568e-7,1.08393656717e-7,5.72512774966e-8,4.44719141512e-8,3.63134802228e-8],"dvar":[0.00000591745538259,0.00000553334439246,0.00000191586354958,6.54467044114e-7,3.82420751066e-7,5.08050675307e-7,3.85431576433e-7,1.62940864357e-7,4.04361557571e-8,2.70546305359e-8,2.12455208981e-8,2.6886821658e-8,2.89187074287e-8,2.10497468345e-8,1.30276704979e-8,1.45661118722e-8,7.90658116756e-9,3.73043596014e-9,1.91597893107e-9,2.3192248122e-9,4.76755412926e-10,2.99275576543e-10,2.24907051316e-10,1.69829109109e-10,1.33318897588e-10,1.69090144664e-10,5.44581185702e-11,3.69265555633e-11,3.18855913894e-11,2.36072481008e-11,1.84151877775e-11,4.13329136542e-12,1.38163341445e-12,8.23090456469e-13,4.30456912519e-13,3.03532291532e-13,2.16253237377e-14,6.7117954769e-15,2.45655245989e-15,1.4688587862e-15],"dvar2":[0.0000152690299728,0.0000161741008924,0.00000518851584275,0.00000181269513178,0.00000101153625565,0.00000129092165935,9.6748294709e-7,3.74852078266e-7,1.00315538987e-7,6.42600497258e-8,5.23704670741e-8,7.21223898381e-8,7.41367855994e-8,5.6226099332e-8,3.20271063003e-8,3.66021204457e-8,2.04799022185e-8,9.33298593964e-9,4.78034412055e-9,5.71995872889e-9,1.17247767051e-9,7.73002772902e-10,5.57803414569e-10,3.81503467706e-10,2.95717506038e-10,3.75939779307e-10,1.21154530852e-10,8.21047119182e-11,6.9079589271e-11,5.10231856765e-11,4.20442847204e-11,9.22037793338e-12,3.1072019957e-12,1.79783358339e-12,8.89463036644e-13,6.4458177294e-13,4.74753428844e-14,1.63972686747e-14,5.89471488521e-15,3.53244375686e-15],"max":[0.0405213907361,0.039570722729,0.0224758107215,0.0104706529528,0.0115819182247,0.0141394175589,0.0151423942298,0.0144701851532,0.00607859902084,0.00549202365801,0.00391811458394,0.00585861410946,0.00420091161504,0.00416521960869,0.00354247353971,0.00427712732926,0.00202490086667,0.00252034259029,0.00113386672456,0.00171222561039,0.000517111096997,0.000572242075577,0.000722609693184,0.00046135566663,0.000440805597464,0.000716616516002,0.000230823206948,0.000254677666817,0.000243733433308,0.000255176797509,0.00020306512306,0.0000644054671284,0.0000385426574212,0.0000307104564854,0.000018608818209,0.0000178336995305,0.00000420426158598,0.00000266562392426,9.65651679508e-7,7.43577970752e-7],"mean":[0.00207609194331,0.00308955973014,0.00217604008503,0.000960634963121,0.000600681814831,0.000657879339997,0.000428438012023,0.000262254208792,0.0000850140495459,0.0000828810007079,0.0000785951633588,0.000118579380796,0.000150269173901,0.000118433323223,0.00011295141303,0.000123138815979,0.0000894383192644,0.0000580079540669,0.0000546922310605,0.0000554495309188,0.0000229662528,0.0000169635623024,0.0000109184229586,0.00000804339561,0.00000543383202967,0.00000490528555019,0.00000336473567586,0.00000276133982879,0.00000236088112615,0.00000185080045867,0.0000014812100062,8.65548486217e-7,5.74173611767e-7,4.36959595618e-7,3.40105543728e-7,2.63482462515e-7,8.26310113666e-8,3.41916255309e-8,2.76915130826e-8,2.3262980875e-8],"median":[0.00120780861471,0.00235064467415,0.00159639550839,0.000649808149319,0.000348627829226,0.000330940820277,0.000180084316526,0.0000818787229946,0.0000320660583384,0.0000322842897731,0.0000346171873389,0.0000597610596742,0.0000772253697505,0.0000647661508992,0.0000605841451033,0.0000700100208633,0.0000516459367645,0.000032534073398,0.0000339489415637,0.0000339634134434,0.0000131803335535,0.00000904287298908,0.00000512279939358,0.00000259768285105,0.00000146508216403,0.00000114014221708,7.92903165348e-7,6.44733404442e-7,5.7091438066e-7,4.25775027679e-7,2.83978835114e-7,1.61161167966e-7,1.17161725655e-7,9.35848731842e-8,7.19495929502e-8,5.09777571267e-8,2.43421087731e-8,1.04285700075e-8,9.3038154958e-9,8.41236236226e-9],"min":[6.49273033004e-24,9.20309981149e-24,2.44317144601e-24,3.57346338114e-24,3.9381573275e-24,4.84862981873e-24,8.79213404545e-24,1.05266253947e-23,9.89998111289e-24,8.06046713358e-24,5.13182654497e-24,1.37832995913e-23,9.20362203741e-24,5.11784201327e-24,1.04684768797e-23,8.28459277194e-24,1.57095985253e-23,1.30965133429e-23,2.0751087086e-23,1.26257203658e-23,8.74507849245e-24,1.41839320683e-23,7.4706145355e-24,1.05043716286e-23,1.03576293007e-23,7.98713541269e-24,1.13325659274e-23,7.15715592164e-24,1.03027490364e-23,1.81297543628e-23,2.08755014948e-23,1.75233270082e-23,1.20432641276e-23,9.23076989661e-24,7.96751565312e-24,9.40530773847e-24,8.96793406476e-24,9.02137781337e-24,1.50743067503e-23,8.64236091398e-24],"var":[0.0000080415084085,0.00000902497959032,0.00000407554534831,0.00000110307951218,6.47332797143e-7,9.25650908812e-7,8.10306858057e-7,4.76494136592e-7,5.09761015621e-8,4.16965626471e-8,2.79010556881e-8,4.20149746105e-8,4.99238872465e-8,3.36135919099e-8,2.71413576058e-8,3.2595117716e-8,1.38723494914e-8,6.88218193545e-9,4.49041870354e-9,5.12796516361e-9,9.42176447971e-10,6.00552163554e-10,3.53139406606e-10,3.03154723547e-10,2.17622045384e-10,2.64708865938e-10,9.3103434684e-11,6.05738514903e-11,4.91324238239e-11,3.63500375633e-11,2.56972117196e-11,6.08098033733e-12,1.99849967304e-12,1.19401613163e-12,6.69378831877e-13,4.3136552815e-13,2.93985112133e-14,6.46323238798e-15,2.72414774386e-15,1.70028756326e-15]},"melbands_crest":{"dmean":3.41321134567,"dmean2":5.71789264679,"dvar":8.73304843903,"dvar2":24.7231998444,"max":39.3730735779,"mean":14.6163358688,"median":14.1575622559,"min":2.05228328705,"var":22.526720047},"melbands_flatness_db":{"dmean":0.0322529859841,"dmean2":0.0494284555316,"dvar":0.000745557597838,"dvar2":0.00181265268475,"max":0.539347827435,"mean":0.266076356173,"median":0.262685030699,"min":0.00684951106086,"var":0.00344209512696},"melbands_kurtosis":{"dmean":5.3130068779,"dmean2":8.67943572998,"dvar":56.3228988647,"dvar2":155.726272583,"max":172.326065063,"mean":10.612238884,"median":6.17225646973,"min":-1.86525976658,"var":197.370346069},"melbands_skewness":{"dmean":0.647289812565,"dmean2":1.041187644,"dvar":0.336150079966,"dvar2":0.884878873825,"max":10.2540216446,"mean":2.63539290428,"median":2.40053296089,"min":-1.75572383404,"var":1.58454978466},"melbands_spread":{"dmean":4.836602211,"dmean2":7.80627441406,"dvar":23.820022583,"dvar2":59.0601577759,"max":112.713890076,"mean":17.1423034668,"median":15.9878225327,"min":0.584814190865,"var":88.0276794434},"mfcc":{"cov":[[8522.99902344,362.423431396,-936.695739746,709.473999023,-594.06072998,101.281227112,-204.870880127,24.3940982819,-222.015075684,41.770275116,-10.8803977966,7.38086509705,23.5980567932],[362.423431396,1120.5892334,-170.665817261,-224.417633057,228.143981934,58.7383117676,4.25606012344,-78.9889221191,37.3965988159,-72.6324462891,-46.9333839417,12.2153558731,16.7376155853],[-936.695739746,-170.665817261,516.814208984,-128.950332642,104.688064575,-61.0078010559,34.5132637024,24.438123703,33.657169342,28.9492111206,8.54058837891,-5.8731212616,-31.1288986206],[709.473999023,-224.417633057,-128.950332642,411.707000732,-183.257156372,19.5756454468,-9.84976577759,50.4251441956,-39.1392936707,33.5080299377,22.4821929932,-16.6502780914,-6.93387985229],[-594.06072998,228.143981934,104.688064575,-183.257156372,260.632843018,6.46999406815,50.9492607117,-56.8382873535,46.9159622192,-36.8401451111,-14.6270418167,-2.2260415554,1.97239732742],[101.281227112,58.7383117676,-61.0078010559,19.5756454468,6.46999406815,143.032073975,-4.97001934052,14.0737199783,-24.9638595581,-4.54203891754,-27.262348175,-1.72030472755,9.33392238617],[-204.870880127,4.25606012344,34.5132637024,-9.84976577759,50.9492607117,-4.97001934052,109.867347717,-1.07414126396,28.8417816162,-19.2437286377,0.87042170763,-12.401848793,-1.51450252533],[24.3940982819,-78.9889221191,24.438123703,50.4251441956,-56.8382873535,14.0737199783,-1.07414126396,107.258415222,0.993284225464,26.8101177216,-4.3463768959,-0.159684747458,-12.518652916],[-222.015075684,37.3965988159,33.657169342,-39.1392936707,46.9159622192,-24.9638595581,28.8417816162,0.993284225464,76.7677993774,12.2500219345,12.122220993,-3.5168159008,0.0802632644773],[41.770275116,-72.6324462891,28.9492111206,33.5080299377,-36.8401451111,-4.54203891754,-19.2437286377,26.8101177216,12.2500219345,71.5958328247,29.565322876,6.54995536804,-7.58543872833],[-10.8803977966,-46.9333839417,8.54058837891,22.4821929932,-14.6270418167,-27.262348175,0.87042170763,-4.3463768959,12.122220993,29.565322876,65.4870300293,21.8106918335,1.60953962803],[7.38086509705,12.2153558731,-5.8731212616,-16.6502780914,-2.2260415554,-1.72030472755,-12.401848793,-0.159684747458,-3.5168159008,6.54995536804,21.8106918335,50.3958930969,20.5122966766],[23.5980567932,16.7376155853,-31.1288986206,-6.93387985229,1.97239732742,9.33392238617,-1.51450252533,-12.518652916,0.0802632644773,-7.58543872833,1.60953962803,20.5122966766,48.1132888794]],"icov":[[0.000187700454262,-0.000145477853948,0.000178559537744,-0.000200278373086,0.00028110522544,0.0000731421241653,0.0000422072444053,0.0000995084119495,0.000280616513919,-0.00020541511185,0.000120802287711,-0.0000265860344371,0.0000211571459658],[-0.000145477853948,0.00150984048378,0.00060956372181,0.000525751791429,-0.00135783734731,-0.000328142428771,0.000373144110199,0.0000277148355963,-0.000755618151743,0.000550585391466,0.000428684754297,-0.000583095184993,0.000476859073387],[0.000178559537744,0.00060956372181,0.0032498142682,0.000611449591815,-0.0015290385345,0.00119264074601,-0.000434619345469,-0.000979408854619,0.000778104236815,-0.00179106811993,0.000637688790448,-0.000225729716476,0.00124511658214],[-0.000200278373086,0.000525751791429,0.000611449591815,0.00440582446754,0.00170316407457,-0.000652834540233,-0.00101218279451,-0.000810840225313,0.000738266506232,-0.000361051061191,-0.00188906386029,0.00221997825429,-0.000181532974239],[0.00028110522544,-0.00135783734731,-0.0015290385345,0.00170316407457,0.00945838168263,-0.00184723758139,-0.00218910886906,0.00340984249488,-0.00289842789061,0.00171637209132,0.000129261447,-0.0002986722684,0.000778031535447],[0.0000731421241653,-0.000328142428771,0.00119264074601,-0.000652834540233,-0.00184723758139,0.00935353897512,-0.000580601627007,-0.00183863716666,0.0037581755314,-0.00282469089143,0.00389609788544,-0.000165214281878,-0.00199120119214],[0.0000422072444053,0.000373144110199,-0.000434619345469,-0.00101218279451,-0.00218910886906,-0.000580601627007,0.0126075325534,-0.00164938473608,-0.00419801101089,0.00545006524771,-0.00303449458443,0.00312543497421,-0.000772211002186],[0.0000995084119495,0.0000277148355963,-0.000979408854619,-0.000810840225313,0.00340984249488,-0.00183863716666,-0.00164938473608,0.0136060919613,-0.00225344556384,-0.00398992793635,0.00479999603704,-0.00393633404747,0.00378853315488],[0.000280616513919,-0.000755618151743,0.000778104236815,0.000738266506232,-0.00289842789061,0.0037581755314,-0.00419801101089,-0.00225344556384,0.020388552919,-0.00644462369382,-0.00212324014865,0.00393978878856,-0.00325237121433],[-0.00020541511185,0.000550585391466,-0.00179106811993,-0.000361051061191,0.00171637209132,-0.00282469089143,0.00545006524771,-0.00398992793635,-0.00644462369382,0.02492964454,-0.0108590684831,0.000995211768895,0.00218949303962],[0.000120802287711,0.000428684754297,0.000637688790448,-0.00188906386029,0.000129261447,0.00389609788544,-0.00303449458443,0.00479999603704,-0.00212324014865,-0.0108590684831,0.0278643034399,-0.013451801613,0.00341854221188],[-0.0000265860344371,-0.000583095184993,-0.000225729716476,0.00221997825429,-0.0002986722684,-0.000165214281878,0.00312543497421,-0.00393633404747,0.00393978878856,0.000995211768895,-0.013451801613,0.0331000126898,-0.0140030495822],[0.0000211571459658,0.000476859073387,0.00124511658214,-0.000181532974239,0.000778031535447,-0.00199120119214,-0.000772211002186,0.00378853315488,-0.00325237121433,0.00218949303962,0.00341854221188,-0.0140030495822,0.0289094839245]],"mean":[-676.661499023,180.64276123,-23.6590480804,22.4753456116,14.4910116196,28.5607242584,-1.67819523811,1.78400456905,-3.48797345161,-2.77959680557,-6.29551792145,2.46261501312,3.07913637161]},"pitch_salience":{"dmean":0.070152297616,"dmean2":0.11442629993,"dvar":0.00343843665905,"dvar2":0.00932579301298,"max":0.833868324757,"mean":0.581255197525,"median":0.594065606594,"min":0.026427552104,"var":0.011635536328},"silence_rate_20dB":{"dmean":0,"dmean2":0,"dvar":0,"dvar2":0,"max":1,"mean":1,"median":1,"min":1,"var":0},"silence_rate_30dB":{"dmean":0.022215269506,"dmean2":0.0444328561425,"dvar":0.0217181313783,"dvar2":0.0531876161695,"max":1,"mean":0.978985249996,"median":1,"min":0,"var":0.0205659158528},"silence_rate_60dB":{"dmean":0.00740508968011,"dmean2":0.0148109514266,"dvar":0.00734926806763,"dvar2":0.017819872126,"max":1,"mean":0.0399436838925,"median":0,"min":0,"var":0.0383484475315},"spectral_centroid":{"dmean":162.51701355,"dmean2":249.028701782,"dvar":35939.6757812,"dvar2":68993.859375,"max":10632.0322266,"mean":867.212158203,"median":803.296142578,"min":149.166931152,"var":183538.484375},"spectral_complexity":{"dmean":3.33500218391,"dmean2":5.00766611099,"dvar":11.2954435349,"dvar2":21.6674518585,"max":62,"mean":20.8737030029,"median":21,"min":0,"var":104.844528198},"spectral_contrast_coeffs":{"dmean":[0.053593762219,0.0542531684041,0.0375571474433,0.0283739380538,0.0256089456379,0.0440838634968],"dmean2":[0.0892902091146,0.0901741907001,0.0622395798564,0.0471902042627,0.0420012548566,0.0670772492886],"dvar":[0.00175613490865,0.00181528797839,0.000878163380548,0.000498829584103,0.000543997739442,0.00177619932219],"dvar2":[0.00485456362367,0.00499797984958,0.00238193431869,0.00135014834814,0.00139973824844,0.00388834974729],"max":[-0.369073987007,-0.420772492886,-0.539940834045,-0.605778932571,-0.639344274998,-0.383607417345],"mean":[-0.638653278351,-0.732275664806,-0.803748488426,-0.799467563629,-0.813591837883,-0.759724915028],"median":[-0.638962268829,-0.734649062157,-0.809460163116,-0.800836026669,-0.811620295048,-0.774518251419],"min":[-0.948407351971,-0.96669960022,-0.963018417358,-0.97846198082,-0.968516588211,-0.961703598499],"var":[0.00528239412233,0.00558917876333,0.00249266182072,0.00179325067438,0.00163945718668,0.00674898922443]},"spectral_contrast_valleys":{"dmean":[0.38800984621,0.374193102121,0.304203689098,0.251657307148,0.336470216513,0.641557812691],"dmean2":[0.647829532623,0.610335350037,0.487216174603,0.397347152233,0.492664396763,1.03185498714],"dvar":[0.103131815791,0.0946868211031,0.0676884204149,0.0547099411488,0.127797424793,0.300065070391],"dvar2":[0.262788146734,0.225588276982,0.150033563375,0.112482391298,0.268656164408,0.744508385658],"max":[-4.89082527161,-4.65566062927,-4.78299570084,-5.33759355545,-5.3841252327,-8.88461589813],"mean":[-6.81722259521,-6.66933870316,-6.9286108017,-7.05623865128,-7.96691274643,-11.2662067413],"median":[-6.55474090576,-6.47558069229,-6.72700738907,-6.8172917366,-7.78450202942,-11.1675710678],"min":[-27.1706466675,-27.4397830963,-27.4870071411,-27.1689548492,-27.1691646576,-27.1583595276],"var":[1.18857491016,1.07010424137,1.15077161789,1.25831985474,1.32103121281,1.07005548477]},"spectral_decrease":{"dmean":2.81998202567e-9,"dmean2":4.56323245857e-9,"dvar":1.16613532206e-17,"dvar2":2.98832297349e-17,"max":2.68970290485e-9,"mean":-8.11459344163e-9,"median":-7.6691657469e-9,"min":-5.66334250607e-8,"var":3.68027742299e-17},"spectral_energy":{"dmean":0.0117150750011,"dmean2":0.0184577014297,"dvar":0.000205557982554,"dvar2":0.000501188857015,"max":0.246913850307,"mean":0.043406303972,"median":0.0426496230066,"min":1.10657071952e-20,"var":0.00082046946045},"spectral_energyband_high":{"dmean":0.000381287740311,"dmean2":0.000524916162249,"dvar":7.92449156961e-7,"dvar2":0.00000150494474838,"max":0.0272548869252,"mean":0.000901525549125,"median":0.000439085473772,"min":8.05419542432e-21,"var":0.00000214211922867},"spectral_energyband_low":{"dmean":0.0082632265985,"dmean2":0.0136633822694,"dvar":0.000121974393551,"dvar2":0.000328732479829,"max":0.157779842615,"mean":0.0175227150321,"median":0.0149637646973,"min":3.87933962175e-23,"var":0.00023137734388},"spectral_energyband_middle_high":{"dmean":0.0021433592774,"dmean2":0.00329690659419,"dvar":0.00000957986958383,"dvar2":0.00002280523222,"max":0.0595942288637,"mean":0.00668915873393,"median":0.00515877874568,"min":1.63881342037e-21,"var":0.000038583722926},"spectral_energyband_middle_low":{"dmean":0.00557200191543,"dmean2":0.00896438304335,"dvar":0.0000490614438604,"dvar2":0.000127605715534,"max":0.108864411712,"mean":0.0147223770618,"median":0.0124161895365,"min":2.13555779448e-22,"var":0.000150447507622},"spectral_entropy":{"dmean":0.185004070401,"dmean2":0.273759841919,"dvar":0.0310450717807,"dvar2":0.0691630616784,"max":9.79647159576,"mean":7.31797838211,"median":7.33596134186,"min":5.51139545441,"var":0.141404137015},"spectral_flux":{"dmean":0.0214606728405,"dmean2":0.033060003072,"dvar":0.00049278739607,"dvar2":0.00111109588761,"max":0.349040210247,"mean":0.106589108706,"median":0.108789473772,"min":1.05193666278e-10,"var":0.00274227117188},"spectral_kurtosis":{"dmean":7.41493701935,"dmean2":11.3627624512,"dvar":68.7291412354,"dvar2":165.590545654,"max":104.19683075,"mean":26.5693874359,"median":23.6973667145,"min":-1.16040623188,"var":165.162399292},"spectral_rms":{"dmean":0.000812481914181,"dmean2":0.00127152097411,"dvar":6.8174460921e-7,"dvar2":0.00000166199993146,"max":0.0155206816271,"mean":0.0060439906083,"median":0.00645053386688,"min":3.28569810248e-12,"var":0.00000581791937293},"spectral_rolloff":{"dmean":4519.13378906,"dmean2":8648.04101562,"dvar":53943340,"dvar2":130955560,"max":22006.9335938,"mean":9994.72949219,"median":2605.51757812,"min":21.533203125,"var":90106440},"spectral_skewness":{"dmean":0.50480055809,"dmean2":0.757538020611,"dvar":0.278763711452,"dvar2":0.647886276245,"max":8.07231807709,"mean":3.63244986534,"median":3.49843811989,"min":0.0482915751636,"var":0.920265078545},"spectral_spread":{"dmean":511904.90625,"dmean2":767801.25,"dvar":259482402816,"dvar2":505725845504,"max":39869088,"mean":3647969.75,"median":3573100.25,"min":1523534.125,"var":885626372096},"spectral_strongpeak":{"dmean":1.28241956234,"dmean2":2.41208314896,"dvar":48.3098487854,"dvar2":144.964019775,"max":135.796264648,"mean":1.14354300499,"median":0.331131368876,"min":0,"var":32.6196632385},"zerocrossingrate":{"dmean":0.0294967610389,"dmean2":0.0383300669491,"dvar":0.000595738645643,"dvar2":0.00100775877945,"max":0.59814453125,"mean":0.242105051875,"median":0.236328125,"min":0,"var":0.00566941313446}},"metadata":{"audio_properties":{"analysis_sample_rate":44100,"bit_rate":128000,"codec":"mp3","downmix":"mix","equal_loudness":0,"length":445.257141113,"lossless":false,"md5_encoded":"1a5770ddcc32924ef6b61a5d69f1cbaa","replay_gain":-2.07195091248,"sample_rate":44100},"tags":{"album":["Piece of Mind"],"albumartist":["Iron Maiden"],"albumartistsort":["Iron Maiden"],"artist":["Iron Maiden"],"artistsort":["Iron Maiden"],"asin":["B000063DFQ"],"barcode":["077774636322"],"catalognumber":["CDP 7 46363 2"],"composer":["Steve Harris"],"date":["1983"],"discnumber":["1/1"],"encodedby":["Tag&Rename 3.2"],"file_name":"09. Iron Maiden - To Tame a Land.mp3","genre":["Heavy Metal"],"label":["EMI Records"],"length":["0"],"media":["(CD/DD)"],"musicbrainz album release country":["GB"],"musicbrainz album status":["official"],"musicbrainz album type":["album"],"musicbrainz_albumartistid":["ca891d65-d9b0-4258-89f7-e6ba29d83767"],"musicbrainz_albumid":["3d241a54-9b55-4ae9-a007-c391f7df29c7"],"musicbrainz_artistid":["ca891d65-d9b0-4258-89f7-e6ba29d83767"],"musicbrainz_recordingid":["8893a3a4-fa2d-487f-ae2b-d502c8486dac"],"musicip_puid":["11c6e641-fd5a-eefe-5649-b47f0baec0e1"],"title":["To Tame a Land"],"tracknumber":["9/9"]},"version":{"essentia":"2.1-beta1","essentia_build_sha":"ca57ba49d9b1854bd80e60cf9ccf267278fb7d6b","essentia_git_sha":"v2.1_beta1-28-g21ef5f4-dirty","extractor":"music 1.0"}},"rhythm":{"beats_count":808,"beats_loudness":{"dmean":0.0185202602297,"dmean2":0.0325765646994,"dvar":0.000453593092971,"dvar2":0.00137996138074,"max":0.17642711103,"mean":0.048527687788,"median":0.047380965203,"min":1.70127918864e-7,"var":0.00114668405149},"beats_loudness_band_ratio":{"dmean":[0.166916429996,0.0794117674232,0.0538887642324,0.0555896908045,0.0313031375408,0.0809636041522],"dmean2":[0.295748770237,0.140851423144,0.0940982475877,0.097292073071,0.0559208318591,0.144225463271],"dvar":[0.019536530599,0.00518565671518,0.00514062400907,0.00339067610912,0.000894679396879,0.00419136462