{"lowlevel":{"average_loudness":0.880192101002,"barkbands":{"dmean":[0.0132830440998,0.0328151769936,0.00689062988386,0.00117270927876,0.000983228324912,0.000473022548249,0.000268374831649,0.000158347436809,0.000188935853657,0.000161161588039,0.000177036345121,0.00101272249594,0.00112404616084,0.000863793189637,0.000496512220707,0.000434221816249,0.000324357795762,0.000202751165489,0.000183290161658,0.000160460200277,0.000213614897802,0.000152422086103,0.0000408815030823,0.00000619773754806,0.00000457403484688,0.0000119490805446,0.000106587976916],"dmean2":[0.0225091837347,0.0551693700254,0.0114216525108,0.00199003377929,0.001643152209,0.000775873137172,0.000438094924903,0.000260723521933,0.000305452442262,0.000265574984951,0.000292103912216,0.00172290776391,0.00192087108735,0.00146021926776,0.00083447661018,0.00073267321568,0.000538014865015,0.000339924154105,0.00029791452107,0.00023296958534,0.000305070687318,0.000210887679714,0.0000576672464376,0.0000102620715552,0.00000787294902693,0.0000176555386133,0.000153667657287],"dvar":[0.00127360410988,0.00269470503554,0.000373651419068,0.00000476488503409,0.00000214358010453,4.88784962727e-7,2.82775232563e-7,1.1294095259e-7,1.65714510558e-7,1.12886468173e-7,1.27348428691e-7,0.00000150606297211,0.00000180584038389,0.00000103102445337,3.80195615435e-7,3.64714423995e-7,2.24477744837e-7,5.8703186312e-8,9.67024007537e-8,2.28917571121e-7,5.20072148902e-7,3.52940560333e-7,1.66465454754e-8,1.24537505308e-10,6.9270568448e-11,8.40893132903e-10,4.90738294445e-8],"dvar2":[0.00337188621052,0.00717229116708,0.000916845630854,0.0000123541021821,0.00000541116605746,0.00000116382489068,6.74893954056e-7,2.46642656521e-7,4.05505119261e-7,2.71031154853e-7,3.04170839627e-7,0.00000408216055803,0.00000503385899719,0.00000281915481537,9.95719915409e-7,9.36726280543e-7,5.56216775749e-7,1.51571413198e-7,2.08758052622e-7,4.29942815572e-7,9.89394607132e-7,6.23750622708e-7,3.02377358707e-8,2.98209346106e-10,1.79111697696e-10,1.50320811354e-9,7.74462449726e-8],"max":[0.41471606493,0.698015153408,0.287858366966,0.0385149158537,0.0329811647534,0.0125939333811,0.0163186565042,0.0149165019393,0.0103280562907,0.00955110043287,0.009885950014,0.0215699225664,0.0192415192723,0.0177240502089,0.0147527847439,0.0177156049758,0.0149920489639,0.0066868592985,0.0116480179131,0.0175969563425,0.0205097422004,0.0141862574965,0.00453562382609,0.00016682416026,0.000130887463456,0.000734243134502,0.00443037273362],"mean":[0.0139189008623,0.049192763865,0.00727762375027,0.00135647435673,0.00149176176637,0.000763803254813,0.00041090126615,0.000231648853514,0.000294479774311,0.000257037754636,0.000273573998129,0.00179480807856,0.00211656931788,0.00171735836193,0.00107768608723,0.000928540132008,0.000736790942028,0.000497946108226,0.000456590030808,0.00031243293779,0.000404779537348,0.000275104073808,0.0000654895993648,0.00000655071835354,0.00000408685673392,0.0000180481001735,0.000300839717966],"median":[0.00391771877185,0.025353167206,0.00258742575534,0.000717541552149,0.000881261599716,0.000466676516226,0.000194822641788,0.000112248264486,0.000135074646096,0.00013019159087,0.000160271214554,0.00142028008122,0.00176147685852,0.00143489276525,0.000925333297346,0.000786107731983,0.000632596085779,0.000447403202998,0.000392804766307,0.0000859152933117,0.0000732134722057,0.0000325330074702,0.0000105162498585,0.00000226951397053,0.00000122512540202,0.00000452241556559,0.000209317062399],"min":[1.97303783554e-12,2.37732034579e-12,1.41063766571e-12,1.46887103175e-12,3.85422943561e-12,3.09529225168e-12,2.40359706964e-12,2.89178902178e-12,2.20901530575e-12,9.98183632105e-13,6.35621438295e-13,3.87740539546e-13,5.58351758925e-13,5.2950363278e-13,8.05235815093e-13,5.12156343811e-13,3.22242774999e-12,2.48542874649e-12,6.78124787226e-12,3.60223916668e-12,4.52664468409e-12,2.2791131829e-11,7.16307655552e-12,6.73075484237e-12,5.72082962599e-13,4.21547345641e-12,9.05501541804e-12],"var":[0.00116875092499,0.00368338054977,0.000357475364581,0.00000487135412186,0.00000358905799658,9.87097109828e-7,6.68929203584e-7,2.5306658813e-7,3.61006527783e-7,2.20224677605e-7,2.27169053346e-7,0.00000279969685835,0.00000341331315212,0.00000214887359107,9.28648034915e-7,6.66170535624e-7,4.29334846785e-7,1.53979172524e-7,2.56673132526e-7,6.36270783616e-7,0.00000142452267937,0.00000106181516912,4.13311127545e-8,1.53374785095e-10,6.58397225628e-11,2.08434114413e-9,1.93974869944e-7]},"barkbands_crest":{"dmean":3.57984924316,"dmean2":6.15196466446,"dvar":8.12453079224,"dvar2":22.7807655334,"max":24.3977432251,"mean":14.1886482239,"median":14.4125070572,"min":2.61552143097,"var":21.9074287415},"barkbands_flatness_db":{"dmean":0.033763885498,"dmean2":0.0562891177833,"dvar":0.000803818693385,"dvar2":0.0022247179877,"max":0.365899115801,"mean":0.164582520723,"median":0.162652984262,"min":0.0361507311463,"var":0.00215285713784},"barkbands_kurtosis":{"dmean":5.53647899628,"dmean2":9.40822219849,"dvar":77.5220108032,"dvar2":214.10710144,"max":123.675849915,"mean":6.18843460083,"median":2.8426232338,"min":-1.78190767765,"var":103.42881012},"barkbands_skewness":{"dmean":0.909741699696,"dmean2":1.49803328514,"dvar":0.738147318363,"dvar2":1.91876614094,"max":9.55651473999,"mean":2.13196706772,"median":1.95334911346,"min":-1.35788619518,"var":2.01787757874},"barkbands_spread":{"dmean":7.85984182358,"dmean2":12.6915941238,"dvar":56.22057724,"dvar2":125.825088501,"max":102.772270203,"mean":25.5075397491,"median":23.6513462067,"min":0.836035311222,"var":206.455169678},"dissonance":{"dmean":0.00679384125397,"dmean2":0.0116156721488,"dvar":0.0000485878590553,"dvar2":0.000137559385621,"max":0.500000178814,"mean":0.48944029212,"median":0.491774380207,"min":0.414583414793,"var":0.0000751266707084},"dynamic_complexity":2.43626594543,"erbbands":{"dmean":[1.68230044842,5.14488840103,8.1465177536,5.11880302429,3.55236053467,3.2602865696,3.52503752708,4.23798894882,3.52696752548,4.20294141769,3.27117204666,4.17699575424,4.46080827713,5.02524185181,9.28555107117,46.9389762878,52.6981086731,35.9203491211,32.1555099487,25.9143733978,20.7583751678,17.7769546509,8.92414474487,11.4370546341,7.70240163803,7.57887887955,8.83459472656,8.37854099274,5.79868936539,2.81152105331,0.925548553467,0.218410328031,0.0787239223719,0.0518132559955,0.0322328098118,0.0181343071163,0.0208900328726,0.0429844520986,0.0157104264945,0.00162425846793],"dmean2":[2.79404425621,8.89835262299,13.5416355133,8.58270549774,5.97028398514,5.51226758957,5.76751852036,7.02058696747,5.79251670837,6.74575281143,5.44998025894,6.80249071121,7.27945804596,8.20728206635,15.48711586,79.8418579102,89.9142608643,60.7945671082,54.2745742798,43.6364822388,34.7621459961,29.5095901489,14.6842794418,18.8474388123,12.0291872025,10.9504737854,12.7300052643,11.8160581589,8.14513397217,3.92177391052,1.29787015915,0.334029376507,0.134406223893,0.08910471946,0.0554526187479,0.0310579612851,0.03043692559,0.0573819056153,0.0211940035224,0.00253669754602],"dvar":[10.2063302994,49.40442276,443.920837402,150.233016968,32.3696327209,28.1137828827,43.6641273499,38.7756233215,40.803478241,81.608291626,31.6876907349,89.3894042969,111.196113586,120.600563049,234.441665649,3235.35351562,3998.85668945,1703.76184082,1663.83618164,942.65612793,1106.74951172,709.81060791,113.699539185,204.61958313,365.961090088,529.387817383,779.252624512,950.805114746,527.812683105,103.903198242,7.61755466461,0.26510822773,0.0194740947336,0.00886029098183,0.00343707599677,0.00105934101157,0.00242614257149,0.0217306744307,0.00232642772608,0.00000472283863928],"dvar2":[27.7601928711,133.765396118,1076.94445801,385.345916748,81.3770828247,71.6518554688,96.7296142578,95.2282485962,99.5095214844,184.539489746,77.445526123,218.637542725,268.057281494,283.43057251,579.970275879,8772.24414062,11061.7646484,4701.75927734,4489.03466797,2541.12524414,2774.39501953,1740.4786377,283.932128906,504.319824219,783.665344238,995.363464355,1527.08862305,1759.49902344,933.28692627,190.132659912,13.1056137085,0.523982703686,0.0501847453415,0.0229087620974,0.00888649653643,0.00273660337552,0.00421637902036,0.0341253727674,0.00369194755331,0.0000101955092759],"max":[41.1907196045,92.0127182007,312.829742432,186.727142334,119.905738831,168.671096802,180.031707764,149.340240479,200.812820435,252.722991943,152.546173096,285.916778564,474.232635498,320.412780762,481.996551514,950.027099609,993.893493652,481.646026611,801.958190918,789.559692383,937.721252441,657.377441406,276.643951416,373.284912109,946.523498535,933.726623535,943.391235352,1192.47021484,515.225830078,271.951660156,65.6881866455,12.0201025009,2.17861294746,1.4788081646,0.92295396328,0.513684630394,1.04138708115,3.28442335129,1.11964190006,0.0618023574352],"mean":[2.43929624557,7.02786302567,9.28561210632,6.10358095169,4.86845636368,4.64132022858,5.25545358658,6.56928491592,5.56073760986,6.50945854187,5.16721868515,6.56968688965,7.26929521561,8.79959011078,18.2574768066,88.2788543701,105.715408325,77.3051681519,70.9423599243,58.8470993042,47.9643592834,42.1657524109,25.1066322327,30.1890506744,18.0105228424,14.946144104,16.5869312286,15.4645328522,10.5528869629,4.82458734512,1.52279126644,0.29638338089,0.0756278559566,0.0468052662909,0.0289724003524,0.0170765575022,0.0324954986572,0.0834566354752,0.0363627709448,0.00506685068831],"median":[0.934856653214,4.26693153381,4.07581186295,2.95726966858,2.72235059738,2.70272111893,2.66912031174,4.07436084747,3.13372755051,2.76370215416,2.77375769615,3.01219749451,3.45188903809,4.90318584442,14.1176815033,71.8698196411,90.1489715576,68.0858230591,60.036491394,51.9622764587,41.2298583984,36.5031242371,23.2129878998,27.945734024,12.947054863,4.39233589172,3.28061485291,2.38365769386,1.27335739136,0.662858843803,0.264985173941,0.0879067182541,0.0259935017675,0.014544534497,0.00879854056984,0.00581268267706,0.00880084559321,0.0143869007006,0.0117712859064,0.00460301991552],"min":[1.03251573957e-10,4.25355917155e-10,1.38258693383e-9,3.73836472889e-9,8.53258885769e-9,1.3323569803e-8,2.25401546317e-8,2.20892548697e-8,2.50893208431e-8,5.9115272677e-8,5.57067281193e-8,6.76024356494e-8,5.17820417656e-8,3.05028926562e-8,2.67882533933e-8,1.15212674956e-8,2.15782840485e-8,2.88318560138e-8,4.93161529391e-8,3.40232801932e-8,3.51999744908e-8,1.89920058347e-7,1.58235962999e-7,2.47374174478e-7,3.30679228e-7,1.35457881356e-7,1.31393022684e-7,2.97313789588e-7,9.65076196735e-7,5.01529541452e-7,1.80576932962e-7,2.26294503136e-7,1.61621276362e-8,4.66008609479e-9,5.7374909268e-9,3.07452996395e-9,1.2935721827e-8,8.12582356957e-9,1.44825107462e-9,6.45122635867e-11],"var":[12.3717164993,64.4542160034,435.99520874,143.044662476,46.3833351135,40.7395477295,92.3633651733,70.0591659546,86.0709838867,195.621078491,66.227684021,186.647384644,206.661727905,258.109527588,446.725158691,6230.45654297,7985.69042969,3691.73852539,3780.00366211,2122.77636719,1940.06860352,1362.24230957,339.87677002,609.622070312,861.852783203,1445.28588867,2102.43554688,2616.91235352,1570.91088867,283.597381592,19.9543037415,0.481844902039,0.0191867072135,0.00844427850097,0.00327143701725,0.00102637440432,0.00605077110231,0.0741717368364,0.00834761653095,0.0000156513469847]},"erbbands_crest":{"dmean":2.27356243134,"dmean2":3.86236667633,"dvar":4.08005809784,"dvar2":11.0732746124,"max":33.6412811279,"mean":8.32511138916,"median":7.63868284225,"min":2.83252477646,"var":10.6025009155},"erbbands_flatness_db":{"dmean":0.0234962925315,"dmean2":0.0377982594073,"dvar":0.00035993612255,"dvar2":0.000940145808272,"max":0.343310475349,"mean":0.165570497513,"median":0.162744298577,"min":0.0621927380562,"var":0.00128296681214},"erbbands_kurtosis":{"dmean":1.42661845684,"dmean2":2.32380914688,"dvar":9.55310821533,"dvar2":26.8714923859,"max":160.727401733,"mean":2.38270616531,"median":2.02660655975,"min":-1.7807148695,"var":13.2966852188},"erbbands_skewness":{"dmean":0.335064381361,"dmean2":0.544337272644,"dvar":0.111783981323,"dvar2":0.285451591015,"max":2.68062257767,"mean":-0.964286446571,"median":-0.943005025387,"min":-10.7256450653,"var":0.401064217091},"erbbands_spread":{"dmean":6.96880865097,"dmean2":11.2407159805,"dvar":46.8852539062,"dvar2":112.365470886,"max":118.978553772,"mean":26.6237316132,"median":23.7778682709,"min":1.67341887951,"var":168.418395996},"gfcc":{"cov":[[3371.07788086,-839.19342041,-108.145523071,254.316726685,-153.864532471,213.849090576,480.817871094,-220.793029785,-164.771240234,267.882049561,-41.1996765137,88.5095672607,15.390958786],[-839.19342041,748.575073242,-76.6561050415,-203.372558594,203.14855957,-89.331161499,-133.907150269,89.9001464844,39.4779663086,-95.9288482666,82.4212722778,-85.0355072021,31.7388458252],[-108.145523071,-76.6561050415,333.221374512,94.6258087158,-159.393249512,88.5603942871,-150.19833374,93.3158416748,-17.1296386719,25.4761562347,-73.5412979126,14.4582967758,5.11489343643],[254.316726685,-203.372558594,94.6258087158,203.091995239,-32.7341308594,-22.0752086639,109.06942749,-83.2700271606,37.1374130249,28.9824066162,-56.1243553162,54.907951355,-21.6535148621],[-153.864532471,203.14855957,-159.393249512,-32.7341308594,232.180603027,-22.4194469452,33.0692367554,-4.91948795319,11.8874521255,-40.5553741455,82.5147476196,-29.2149658203,10.8815727234],[213.849090576,-89.331161499,88.5603942871,-22.0752086639,-22.4194469452,199.394226074,-55.2992477417,58.7702598572,-77.3055725098,36.3591194153,15.101146698,4.67235946655,0.151365846395],[480.817871094,-133.907150269,-150.19833374,109.06942749,33.0692367554,-55.2992477417,329.157623291,-168.065444946,60.8090896606,36.504070282,-15.1018285751,56.4551239014,-30.1020393372],[-220.793029785,89.9001464844,93.3158416748,-83.2700271606,-4.91948795319,58.7702598572,-168.065444946,238.285263062,-21.9786472321,6.91865062714,23.9142932892,-68.147857666,59.1280555725],[-164.771240234,39.4779663086,-17.1296386719,37.1374130249,11.8874521255,-77.3055725098,60.8090896606,-21.9786472321,118.261909485,-2.62839126587,-16.5621471405,25.4816951752,-22.9024944305],[267.882049561,-95.9288482666,25.4761562347,28.9824066162,-40.5553741455,36.3591194153,36.504070282,6.91865062714,-2.62839126587,84.4113845825,11.2202692032,9.35426235199,21.8003902435],[-41.1996765137,82.4212722778,-73.5412979126,-56.1243553162,82.5147476196,15.101146698,-15.1018285751,23.9142932892,-16.5621471405,11.2202692032,90.5137329102,1.52482998371,14.4129114151],[88.5095672607,-85.0355072021,14.4582967758,54.907951355,-29.2149658203,4.67235946655,56.4551239014,-68.147857666,25.4816951752,9.35426235199,1.52482998371,79.5594024658,-10.8276128769],[15.390958786,31.7388458252,5.11489343643,-21.6535148621,10.8815727234,0.151365846395,-30.1020393372,59.1280555725,-22.9024944305,21.8003902435,14.4129114151,-10.8276128769,76.5659942627]],"icov":[[0.000751327199396,9.83451855063e-7,0.00116494647227,-0.000946321350057,0.000289747113129,-0.000448297680123,-0.000525725190528,-0.000518474262208,0.00168134493288,-0.00193871732336,0.00105070346035,-0.000604149012361,0.000428230676334],[9.83451855063e-7,0.00767817813903,-0.0145100895315,0.0188396964222,-0.0152530819178,0.0095036374405,-0.00462516956031,0.0016973662423,0.00158992270008,-0.00369274104014,0.00443411804736,-0.003424302442,0.00234219338745],[0.00116494647227,-0.0145100895315,0.04809255898,-0.0545167922974,0.0434799268842,-0.0299918875098,0.0172050092369,-0.00381493545137,-0.00996271241456,0.0135398376733,-0.013665615581,0.0146335158497,-0.0114530818537],[-0.000946321350057,0.0188396964222,-0.0545167922974,0.0798412784934,-0.0652020275593,0.0440167970955,-0.0192679129541,-0.00377566437237,0.0229630917311,-0.0354487486184,0.0425901897252,-0.0405140966177,0.0263377726078],[0.000289747113129,-0.0152530819178,0.0434799268842,-0.0652020275593,0.0709502771497,-0.0439347550273,0.012629323639,0.0121600748971,-0.0325919426978,0.0473152324557,-0.0567096248269,0.0517972297966,-0.0347224920988],[-0.000448297680123,0.0095036374405,-0.0299918875098,0.0440167970955,-0.0439347550273,0.0396411195397,-0.00989182107151,-0.0125536611304,0.0291380938143,-0.0336015187204,0.0347228832543,-0.0385854616761,0.0288638900965],[-0.000525725190528,-0.00462516956031,0.0172050092369,-0.0192679129541,0.012629323639,-0.00989182107151,0.0142693305388,0.00252504437231,-0.00749254552647,0.00260804058053,-0.00321437465027,0.00462210690603,-0.00441586226225],[-0.000518474262208,0.0016973662423,-0.00381493545137,-0.00377566437237,0.0121600748971,-0.0125536611304,0.00252504437231,0.022640325129,-0.021142937243,0.0194172784686,-0.0249858535826,0.0304051693529,-0.0224567297846],[0.00168134493288,0.00158992270008,-0.00996271241456,0.0229630917311,-0.0325919426978,0.0291380938143,-0.00749254552647,-0.021142937243,0.0457785241306,-0.0396441556513,0.0432609021664,-0.0468391366303,0.0343327336013],[-0.00193871732336,-0.00369274104014,0.0135398376733,-0.0354487486184,0.0473152324557,-0.0336015187204,0.00260804058053,0.0194172784686,-0.0396441556513,0.0679309442639,-0.0606755688787,0.0545415766537,-0.0417023748159],[0.00105070346035,0.00443411804736,-0.013665615581,0.0425901897252,-0.0567096248269,0.0347228832543,-0.00321437465027,-0.0249858535826,0.0432609021664,-0.0606755688787,0.0847261995077,-0.0680112317204,0.0415803790092],[-0.000604149012361,-0.003424302442,0.0146335158497,-0.0405140966177,0.0517972297966,-0.0385854616761,0.00462210690603,0.0304051693529,-0.0468391366303,0.0545415766537,-0.0680112317204,0.0827178061008,-0.0448826216161],[0.000428230676334,0.00234219338745,-0.0114530818537,0.0263377726078,-0.0347224920988,0.0288638900965,-0.00441586226225,-0.0224567297846,0.0343327336013,-0.0417023748159,0.0415803790092,-0.0448826216161,0.0486702658236]],"mean":[18.162443161,99.2921218872,-114.690330505,26.6609077454,18.4649562836,-1.73873257637,-0.016726071015,-18.6292495728,2.76298189163,0.614749014378,1.82936751842,4.09283685684,-13.0132932663]},"hfc":{"dmean":8.93198871613,"dmean2":13.2107954025,"dvar":159.162643433,"dvar2":274.527038574,"max":247.070922852,"mean":35.7900657654,"median":33.2845573425,"min":5.49192066046e-7,"var":816.219909668},"melbands":{"dmean":[0.0120064085349,0.00468345638365,0.000847915944178,0.000241308822297,0.000121350640256,0.0000908388174139,0.0000545014154341,0.0000432258930232,0.0000282207092823,0.0000266068618657,0.0000232277034229,0.0000212544382521,0.0000266022288997,0.0000825428942335,0.000156919530127,0.0000904331536731,0.0000729486710043,0.0000652234593872,0.0000382665421057,0.0000339624239132,0.0000259318730969,0.0000215396376007,0.0000127548692035,0.0000101932491816,0.0000102836820588,0.00000724581832401,0.00000492658500661,0.0000055567270465,0.00000603779199082,0.00000566649350731,0.00000496458051202,0.0000038999132812,0.00000245984620051,0.00000129037812258,6.17649106971e-7,2.68187363872e-7,8.52350652281e-8,5.47170593279e-8,4.7843158768e-8,4.21988666233e-8],"dmean2":[0.0200402345508,0.00790246017277,0.00140904821455,0.00040534287109,0.000199134869035,0.000150135325384,0.0000891015806701,0.0000693993933965,0.0000470985905849,0.0000431111584476,0.0000379554658139,0.0000347714085365,0.0000440050571342,0.000139864074299,0.000267540133791,0.000153468063218,0.000123974998132,0.000110362103442,0.0000642382656224,0.0000574344303459,0.0000436445407104,0.0000360699850717,0.000021282779926,0.0000171695119207,0.0000171186838998,0.0000117719964692,0.00000747179228711,0.0000082105752881,0.00000889488092071,0.00000844713213155,0.00000711657958163,0.00000558102783543,0.00000352948109139,0.00000184687928595,9.00549196103e-7,3.99041766741e-7,1.40006548577e-7,9.40588833487e-8,8.23078138978e-8,7.26165509946e-8],"dvar":[0.000468484533485,0.0000815816165414,0.00000403838612328,1.33183092998e-7,4.43004850581e-8,1.69339511302e-8,1.03864703505e-8,8.73101324572e-9,2.34443131575e-9,3.77251696548e-9,2.94021385017e-9,2.08515982258e-9,2.48478482234e-9,1.08096172013e-8,3.3224360152e-8,1.17994352067e-8,7.1417400882e-9,7.20560811018e-9,2.58051224833e-9,1.61068081095e-9,2.0500483533e-9,1.03277641994e-9,2.70963196325e-10,1.56652565919e-10,1.67431971065e-10,2.12858383697e-10,2.24377044722e-10,3.05867359218e-10,3.70927094595e-10,3.52872675524e-10,3.71620484385e-10,2.54067683558e-10,9.82501927038e-11,2.18186389095e-11,3.67960046113e-12,6.33708092512e-13,2.60920113776e-14,9.83335540951e-15,7.56136825245e-15,5.89366414084e-15],"dvar2":[0.00125732761808,0.000202630486456,0.0000101499681477,3.34996173024e-7,1.01305857925e-7,4.15911074469e-8,2.50920191291e-8,1.93155997863e-8,5.79552095203e-9,9.16960196662e-9,7.09986514025e-9,4.94548135777e-9,6.13348838385e-9,2.91461788038e-8,9.21713478874e-8,3.29307425773e-8,1.95922247315e-8,1.97184597539e-8,6.81975453887e-9,4.32189040112e-9,5.20172749319e-9,2.57984122953e-9,6.97245039483e-10,4.08356376491e-10,4.29767998966e-10,4.80844253303e-10,4.7833575989e-10,6.04721328568e-10,7.57284679409e-10,7.36142480307e-10,7.10396852455e-10,4.9190262974e-10,1.94684851573e-10,4.24316276559e-11,6.94386952452e-12,1.27490487785e-12,6.10081375609e-14,2.54322540268e-14,1.9550943438e-14,1.52385513198e-14],"max":[0.279181927443,0.134925842285,0.0293911378831,0.00801120325923,0.00536765344441,0.00290624471381,0.00338176707737,0.00299605145119,0.00120779988356,0.00191095436458,0.00229510199279,0.00122511480004,0.00154455343727,0.00193657435011,0.00262416899204,0.00161907623988,0.00102943507954,0.00172961456701,0.00136859714985,0.000701329961885,0.00126526271924,0.000901998602785,0.00033247450483,0.00031837853021,0.000319002603646,0.000588969327509,0.000774756423198,0.000778390560299,0.000616916397121,0.000519969267771,0.000675249553751,0.00036511887447,0.000272461213171,0.00015599715698,0.0000461216804979,0.0000174933647941,0.00000312564588967,0.00000155109614752,0.0000013642261365,0.00000120652384794],"mean":[0.0176323801279,0.00621122308075,0.00106868520379,0.000351804395905,0.000183990152436,0.000144118035678,0.0000869371942827,0.0000668396896799,0.0000431576263509,0.0000410224201914,0.000036607394577,0.0000348723224306,0.0000441457705165,0.000146775084431,0.000304182001855,0.000177178939339,0.000142032091389,0.000125313992612,0.0000804416631581,0.0000710783860995,0.0000528195596416,0.0000459607981611,0.000027657886676,0.0000233237424254,0.0000249258409895,0.0000157606973517,0.00000942840324569,0.00000996201833914,0.0000105191302282,0.00000981942957878,0.00000866093159857,0.00000658899489281,0.00000403921922043,0.0000020721358851,9.55324708229e-7,3.78107813503e-7,9.17446385529e-8,4.91468128416e-8,4.28162998389e-8,3.77086202263e-8],"median":[0.00768848694861,0.00366171519272,0.000539167493116,0.000207279066672,0.0000979311807896,0.0000905269553186,0.0000471976127301,0.0000281641932816,0.0000233342270803,0.0000179085436685,0.0000170975436049,0.0000184800010175,0.0000289167037408,0.000115463859402,0.000256386061665,0.000148860213812,0.000119698852359,0.0000998238465399,0.0000677909483784,0.0000609318776696,0.0000432186752732,0.000038460300857,0.0000236735231738,0.0000206494059967,0.0000226016891247,0.000012312160834,0.00000406848266721,0.00000234356093642,0.00000186824831871,0.00000166588006323,0.00000112243117201,6.69301186917e-7,4.65872830091e-7,2.69603305014e-7,1.50497356799e-7,8.5872088107e-8,3.09957144395e-8,1.48772558717e-8,1.28454642478e-8,1.12896758608e-8],"min":[8.81707575874e-13,6.733527581e-13,7.61123152351e-13,8.18038724867e-13,7.35794454879e-13,5.37681227666e-13,4.01050503571e-13,6.612356062e-13,4.09163967898e-13,4.00564266001e-13,2.42715732495e-13,1.24090570718e-13,8.98805972683e-14,5.27415059597e-14,2.86704660664e-14,5.46367557317e-14,4.98238874203e-14,8.45373304779e-14,4.56577694218e-14,4.35110558965e-14,3.38945519329e-14,1.87272953763e-13,1.57738053305e-13,1.47151808425e-13,2.03865841309e-13,2.46419340011e-13,2.15902992641e-13,6.20157205211e-14,9.63117999524e-14,6.77449565087e-14,1.87530682172e-13,5.54059781995e-13,4.40492640193e-13,2.21821354145e-13,8.04639422583e-14,1.93362375265e-13,8.86784067944e-14,7.37211991621e-15,4.76919741018e-15,2.9217694243e-15],"var":[0.000580378924496,0.0000878394057509,0.00000401347188017,2.08127403312e-7,8.77059989079e-8,3.13585921674e-8,2.33875496747e-8,2.10578523507e-8,4.80464779073e-9,7.88000598106e-9,5.39977618175e-9,4.34491731482e-9,4.43406555917e-9,1.97949638903e-8,6.61236541077e-8,2.3720382103e-8,1.41356313321e-8,1.38270834782e-8,5.79295722503e-9,3.29549632028e-9,3.0783597893e-9,1.84937309911e-9,5.2125781469e-10,3.70886626966e-10,4.3494735591e-10,4.73267092183e-10,4.92365093141e-10,7.47950146263e-10,9.09728792298e-10,8.33502988851e-10,9.75450387131e-10,6.75211164758e-10,2.33177532838e-10,5.19863214976e-11,8.50164730282e-12,1.1133043272e-12,3.298978522e-14,9.38128460819e-15,7.19732111502e-15,5.60385478255e-15]},"melbands_crest":{"dmean":4.4351644516,"dmean2":7.46940326691,"dvar":15.0287103653,"dvar2":40.4739112854,"max":38.6412811279,"mean":22.9700946808,"median":22.5986099243,"min":3.42551422119,"var":46.9953994751},"melbands_flatness_db":{"dmean":0.0415916107595,"dmean2":0.0693537145853,"dvar":0.00113841530401,"dvar2":0.00312907947227,"max":0.513678848743,"mean":0.276025056839,"median":0.276827722788,"min":0.0474155880511,"var":0.0034769482445},"melbands_kurtosis":{"dmean":13.8956136703,"dmean2":23.6967353821,"dvar":391.161010742,"dvar2":1085.99731445,"max":284.508880615,"mean":19.4144306183,"median":12.1503725052,"min":-1.85700070858,"var":541.879699707},"melbands_skewness":{"dmean":1.33437728882,"dmean2":2.2229616642,"dvar":1.56461381912,"dvar2":4.14073753357,"max":14.9875907898,"mean":3.75705337524,"median":3.49860692024,"min":-0.678761005402,"var":3.88708400726},"melbands_spread":{"dmean":9.46846866608,"dmean2":15.7936935425,"dvar":102.812522888,"dvar2":255.10899353,"max":172.938049316,"mean":22.0396270752,"median":17.0343971252,"min":0.563241183758,"var":304.088012695},"mfcc":{"cov":[[3338.0222168,-791.949890137,-168.627807617,202.116287231,-574.028137207,530.323242188,280.435272217,-83.3583755493,48.6581077576,-31.0103282928,67.5645904541,66.5020065308,-19.2499408722],[-791.949890137,747.298278809,-191.323760986,-145.178344727,266.358612061,-221.677398682,14.1587638855,3.56848788261,-35.1463699341,19.5734844208,12.6264743805,-23.2871952057,6.93503761292],[-168.627807617,-191.323760986,527.725341797,-54.0230064392,42.9074783325,-60.727519989,-82.2123031616,-19.1726360321,64.1179885864,-16.1866931915,-33.7157096863,15.3558988571,-22.3201465607],[202.116287231,-145.178344727,-54.0230064392,307.210662842,-174.696472168,144.307479858,-64.7492752075,18.3383483887,33.3362464905,3.63924646378,-12.9052343369,10.4407758713,14.5591154099],[-574.028137207,266.358612061,42.9074783325,-174.696472168,371.619140625,-217.399078369,38.7345314026,-1.47003519535,-26.8778400421,6.47828006744,13.5980834961,-22.3538150787,5.03848171234],[530.323242188,-221.677398682,-60.727519989,144.307479858,-217.399078369,324.927490234,10.464006424,32.3432121277,-33.0474510193,-23.3495483398,4.99988555908,18.0522937775,5.82417058945],[280.435272217,14.1587638855,-82.2123031616,-64.7492752075,38.7345314026,10.464006424,169.573516846,-24.0860347748,2.3058321476,-7.13651657104,21.5207977295,11.5079832077,1.40867757797],[-83.3583755493,3.56848788261,-19.1726360321,18.3383483887,-1.47003519535,32.3432121277,-24.0860347748,85.6973571777,-15.0196866989,12.9441509247,2.05322170258,-9.34264945984,7.76138544083],[48.6581077576,-35.1463699341,64.1179885864,33.3362464905,-26.8778400421,-33.0474510193,2.3058321476,-15.0196866989,107.914215088,15.629199028,-0.221563458443,15.5107774734,-9.55833625793],[-31.0103282928,19.5734844208,-16.1866931915,3.63924646378,6.47828006744,-23.3495483398,-7.13651657104,12.9441509247,15.629199028,65.7861480713,10.9543828964,1.7503913641,6.86426830292],[67.5645904541,12.6264743805,-33.7157096863,-12.9052343369,13.5980834961,4.99988555908,21.5207977295,2.05322170258,-0.221563458443,10.9543828964,58.8346672058,9.51564598083,6.04120922089],[66.5020065308,-23.2871952057,15.3558988571,10.4407758713,-22.3538150787,18.0522937775,11.5079832077,-9.34264945984,15.5107774734,1.7503913641,9.51564598083,50.9045944214,10.1764364243],[-19.2499408722,6.93503761292,-22.3201465607,14.5591154099,5.03848171234,5.82417058945,1.40867757797,7.76138544083,-9.55833625793,6.86426830292,6.04120922089,10.1764364243,44.6957778931]],"icov":[[0.000719088769984,0.000456956360722,0.000117370836961,0.0000637610137346,0.000666146632284,-0.000468621758046,-0.00112985400483,0.00057213002583,-0.000118261283205,-0.000142209464684,-0.000585260684602,0.000142199744005,0.000242153953877],[0.000456956360722,0.00273604039103,0.00142026343383,0.000521331094205,-0.000971740228124,0.000461244984763,0.000169600156369,0.000264057685854,-0.000293762830552,-0.00000147112245941,-0.0000361319798685,-0.000434755755123,0.000351226190105],[0.000117370836961,0.00142026343383,0.00351313548163,0.00137653283309,-0.00137553364038,-0.000353830691893,0.00231499131769,0.000501524948049,-0.00239319773391,0.000895501754712,0.00134780991357,-0.00144396023825,0.000674564391375],[0.0000637610137346,0.000521331094205,0.00137653283309,0.00622784951702,0.000602862855885,-0.00230470555834,0.0028508270625,0.000284423615085,-0.00342225120403,0.0000979042597464,0.00113678257912,0.000229950717767,-0.00225444650277],[0.000666146632284,-0.000971740228124,-0.00137553364038,0.000602862855885,0.0073517546989,0.0030808893498,-0.0033216571901,-0.00104222330265,0.002357452875,0.00030086672632,-0.00211564218625,0.00153796048835,-0.000996420974843],[-0.000468621758046,0.000461244984763,-0.000353830691893,-0.00230470555834,0.0030808893498,0.00822637043893,-0.00173852883745,-0.00337975868024,0.00414500804618,0.00194690295029,-0.00107199663762,-0.0016444681678,0.000629799440503],[-0.00112985400483,0.000169600156369,0.00231499131769,0.0028508270625,-0.0033216571901,-0.00173852883745,0.0112875113264,0.00172383594327,-0.00305117550306,0.00126883178018,0.0000599631966907,-0.0017738888273,-0.000791187747382],[0.00057213002583,0.000264057685854,0.000501524948049,0.000284423615085,-0.00104222330265,-0.00337975868024,0.00172383594327,0.0150229912251,0.000130646731122,-0.00338463135995,-0.00063596147811,0.00281736790203,-0.00174968817737],[-0.000118261283205,-0.000293762830552,-0.00239319773391,-0.00342225120403,0.002357452875,0.00414500804618,-0.00305117550306,0.000130646731122,0.0149034839123,-0.00317578483373,-0.0009131533443,-0.0032834589947,0.00372779020108],[-0.000142209464684,-0.00000147112245941,0.000895501754712,0.0000979042597464,0.00030086672632,0.00194690295029,0.00126883178018,-0.00338463135995,-0.00317578483373,0.0183312352747,-0.00302884192206,-0.000182324176421,-0.00242909742519],[-0.000585260684602,-0.0000361319798685,0.00134780991357,0.00113678257912,-0.00211564218625,-0.00107199663762,0.0000599631966907,-0.00063596147811,-0.0009131533443,-0.00302884192206,0.0205688476562,-0.00381372240372,-0.00109890359454],[0.000142199744005,-0.000434755755123,-0.00144396023825,0.000229950717767,0.00153796048835,-0.0016444681678,-0.0017738888273,0.00281736790203,-0.0032834589947,-0.000182324176421,-0.00381372240372,0.0249226149172,-0.00689284037799],[0.000242153953877,0.000351226190105,0.000674564391375,-0.00225444650277,-0.000996420974843,0.000629799440503,-0.000791187747382,-0.00174968817737,0.00372779020108,-0.00242909742519,-0.00109890359454,-0.00689284037799,0.0267416853458]],"mean":[-638.733520508,152.64201355,-47.8479042053,48.3010406494,24.3202095032,38.432674408,6.49107646942,11.711183548,-2.6255633831,4.61223602295,11.8327035904,8.32337665558,7.19839525223]},"pitch_salience":{"dmean":0.111216142774,"dmean2":0.187982007861,"dvar":0.00789081677794,"dvar2":0.022221526131,"max":0.856587648392,"mean":0.423752844334,"median":0.420400351286,"min":0.0597680807114,"var":0.020949030295},"silence_rate_20dB":{"dmean":0.0259597804397,"dmean2":0.0519243068993,"dvar":0.0252838190645,"dvar2":0.0645791813731,"max":1,"mean":0.981537342072,"median":1,"min":0,"var":0.0181193426251},"silence_rate_30dB":{"dmean":0.127239495516,"dmean2":0.254502236843,"dvar":0.111067317426,"dvar2":0.228287190199,"max":1,"mean":0.687597095966,"median":1,"min":0,"var":0.21483643353},"silence_rate_60dB":{"dmean":0.00091407680884,"dmean2":0.00182832067367,"dvar":0.000913245487027,"dvar2":0.00237347488292,"max":1,"mean":0.00301617756486,"median":0,"min":0,"var":0.00300751836039},"spectral_centroid":{"dmean":236.072509766,"dmean2":365.327819824,"dvar":55747.7617188,"dvar2":104387.773438,"max":4438.96630859,"mean":1726.59667969,"median":1716.52319336,"min":198.078353882,"var":343178.25},"spectral_complexity":{"dmean":3.59616088867,"dmean2":5.76414680481,"dvar":9.55717945099,"dvar2":22.2948226929,"max":61,"mean":30.2954025269,"median":33,"min":0,"var":129.168228149},"spectral_contrast_coeffs":{"dmean":[0.0523696430027,0.0468394681811,0.0391688197851,0.028391610831,0.0247996915132,0.0591695830226],"dmean2":[0.0884655863047,0.078922316432,0.066314779222,0.0487398728728,0.0405755899847,0.0956876948476],"dvar":[0.00172060425393,0.00129028677475,0.000907188281417,0.000481895287521,0.000405221304391,0.00265341973864],"dvar2":[0.00474450550973,0.00363246840425,0.002575407736,0.00140030984767,0.00105711922515,0.00675397599116],"max":[-0.439601629972,-0.535596191883,-0.576529383659,-0.562808871269,-0.608663618565,-0.330316662788],"mean":[-0.730717301369,-0.793881595135,-0.806522190571,-0.797626972198,-0.764811336994,-0.702538967133],"median":[-0.736593782902,-0.79912340641,-0.808183073997,-0.799113035202,-0.767016410828,-0.717596292496],"min":[-0.945624947548,-0.94802749157,-0.963394343853,-0.95163077116,-0.927252292633,-0.863163292408],"var":[0.00355541612953,0.00273700011894,0.00210919976234,0.00100938451942,0.00151948514394,0.0105277691036]},"spectral_contrast_valleys":{"dmean":[0.376356959343,0.382032543421,0.30850854516,0.211228951812,0.209152460098,0.848823547363],"dmean2":[0.630111515522,0.640773177147,0.512148022652,0.353957921267,0.320139288902,1.41655600071],"dvar":[0.0885246768594,0.0950072482228,0.0643696933985,0.0327328853309,0.0374598391354,0.510373950005],"dvar2":[0.2390922755,0.265238761902,0.170340374112,0.0801694169641,0.080802872777,1.41608047485],"max":[-4.42412233353,-4.94039154053,-5.47949504852,-5.2985124588,-5.37287092209,-8.60283374786],"mean":[-6.35612106323,-6.77567243576,-7.1223320961,-6.46125507355,-7.16857099533,-11.0843019485],"median":[-6.32252454758,-6.78924798965,-7.02313804626,-6.25155258179,-7.02183532715,-10.9960784912],"min":[-14.847401619,-15.8078536987,-16.6668930054,-16.6838855743,-15.7218513489,-18.5153388977],"var":[0.352379143238,0.255502313375,0.384661495686,0.431150346994,0.577021837234,0.990357816219]},"spectral_decrease":{"dmean":1.22921601786e-8,"dmean2":2.02180086006e-8,"dvar":4.62558075051e-16,"dvar2":1.18738222041e-15,"max":-1.27720251727e-17,"mean":-2.20053095745e-8,"median":-1.28690622603e-8,"min":-2.7725354812e-7,"var":6.24780554559e-16},"spectral_energy":{"dmean":0.0467268154025,"dmean2":0.0768092125654,"dvar":0.00664529949427,"dvar2":0.0170419476926,"max":1.05613481998,"mean":0.0862993523479,"median":0.0519903451204,"min":9.80180589472e-11,"var":0.00910623557866},"spectral_energyband_high":{"dmean":0.000522446003743,"dmean2":0.000695928058121,"dvar":0.00000248499668487,"dvar2":0.00000369656027033,"max":0.0339518301189,"mean":0.00120891572442,"median":0.000375227478798,"min":5.65519332751e-11,"var":0.00000957053907769},"spectral_energyband_low":{"dmean":0.0444647409022,"dmean2":0.0740236788988,"dvar":0.00585309509188,"dvar2":0.0153309889138,"max":0.949375092983,"mean":0.0678746774793,"median":0.0346562713385,"min":5.54346802836e-12,"var":0.00737844593823},"spectral_energyband_middle_high":{"dmean":0.00235064444132,"dmean2":0.00380086130463,"dvar":0.00000573191300646,"dvar2":0.0000146599859363,"max":0.0431380681694,"mean":0.00996501464397,"median":0.0103478534147,"min":1.91111865916e-11,"var":0.0000341224622389},"spectral_energyband_middle_low":{"dmean":0.0022613981273,"dmean2":0.00369481439702,"dvar":0.000011326819731,"dvar2":0.0000279212799796,"max":0.0657684803009,"mean":0.0046079964377,"median":0.00318384147249,"min":1.67380571209e-11,"var":0.0000194747408386},"spectral_entropy":{"dmean":0.109658978879,"dmean2":0.174774646759,"dvar":0.0103169940412,"dvar2":0.0257094297558,"max":8.36024665833,"mean":7.64938497543,"median":7.66986846924,"min":6.06266546249,"var":0.0569955073297},"spectral_flux":{"dmean":0.0472535006702,"dmean2":0.0775529444218,"dvar":0.00419976143166,"dvar2":0.010289282538,"max":0.795769870281,"mean":0.147551104426,"median":0.123440153897,"min":0.0000627582412562,"var":0.00874881073833},"spectral_kurtosis":{"dmean":2.98490166664,"dmean2":4.73988056183,"dvar":8.42778015137,"dvar2":21.5229644775,"max":40.8025398254,"mean":13.5858221054,"median":12.3378458023,"min":1.65659475327,"var":35.1495246887},"spectral_rms":{"dmean":0.0020773971919,"dmean2":0.0033629455138,"dvar":0.00000633391209703,"dvar2":0.0000155665475177,"max":0.0320994630456,"mean":0.00816751737148,"median":0.00712195783854,"min":3.09236753537e-7,"var":0.0000174862270796},"spectral_rolloff":{"dmean":514.22454834,"dmean2":904.261169434,"dvar":442008.8125,"dvar2":979272.5625,"max":8462.54882812,"mean":1038.40783691,"median":1141.25976562,"min":43.06640625,"var":1063078},"spectral_skewness":{"dmean":0.217865645885,"dmean2":0.338084071875,"dvar":0.0341352187097,"dvar2":0.0791080594063,"max":3.93592619896,"mean":2.06399250031,"median":2.06543254852,"min":0.572623372078,"var":0.26016870141},"spectral_spread":{"dmean":437520.90625,"dmean2":693972,"dvar":157336715264,"dvar2":377133793280,"max":7294206.5,"mean":2982003.25,"median":2906144,"min":1481527.25,"var":544007585792},"spectral_strongpeak":{"dmean":0.271488428116,"dmean2":0.473354458809,"dvar":0.213112562895,"dvar2":0.603770792484,"max":7.63381958008,"mean":0.423292636871,"median":0.339149743319,"min":0,"var":0.192597895861},"zerocrossingrate":{"dmean":0.0112699689344,"dmean2":0.014569029212,"dvar":0.000105375052954,"dvar2":0.000156469046487,"max":0.2236328125,"mean":0.046410638839,"median":0.041015625,"min":0.00439453125,"var":0.000660560734104}},"metadata":{"audio_properties":{"analysis_sample_rate":44100,"bit_rate":128000,"codec":"mp3","downmix":"mix","equal_loudness":0,"length":254.014694214,"lossless":false,"md5_encoded":"514d430bc8af6ddee2bf8945da74447c","replay_gain":-5.25044631958,"sample_rate":44100},"tags":{"album":["Pretty on the Inside"],"album artist credit":["Hole"],"albumartist":["Hole"],"albumartistsort":["Hole"],"artist":["Hole"],"artist credit":["Hole"],"artistsort":["Hole"],"asin":["B000000HVL"],"bpm":["0"],"catalognumber":["CAROL 1710-2"],"date":["1991-07-01"],"discnumber":["1/1"],"file_name":"08 - Hole - Loaded.mp3","genre":["Rock - Alternative Metal / Punk"],"label":["Caroline Records"],"language":["eng"],"media":["CD"],"musicbrainz album release country":["US"],"musicbrainz album status":["Official"],"musicbrainz album type":["album"],"musicbrainz_albumartistid":["1dcc8968-f2cd-441c-beda-6270f70f2863"],"musicbrainz_albumid":["f47199f1-a6fb-45fb-97fd-cee5472ef9de"],"musicbrainz_artistid":["1dcc8968-f2cd-441c-beda-6270f70f2863"],"musicbrainz_recordingid":["88b11e1e-3708-4d0b-8b68-99a279aaff4b"],"musicbrainz_releasegroupid":["3cfb69f7-13e3-306b-b564-a1f1b1260b98"],"originaldate":["1991-07-01"],"replaygain_album_gain":["0.00 dB"],"replaygain_album_peak":["0.000000"],"replaygain_track_gain":["0.00 dB"],"replaygain_track_peak":["0.000000"],"script":["Latn"],"title":["Loaded"],"tracknumber":["8/10"]},"version":{"essentia":"2.1-beta1","essentia_build_sha":"ca57ba49d9b1854bd80e60cf9ccf267278fb7d6b","essentia_git_sha":"v2.1_beta1-28-g21ef5f4-dirty","extractor":"music 1.0"}},"rhythm":{"beats_count":604,"beats_loudness":{"dmean":0.0574995093048,"dmean2":0.100048393011,"dvar":0.00480251433328,"dvar2":0.0145300235599,"max":0.483076244593,"mean":0.0984593108296,"median":0.0728680044413,"min":0.00316987512633,"var":0.00762334791943},"beats_loudness_band_ratio":{"dmean":[0.138711541891,0.0342706851661,0.0154570145532,0.0637365430593,0.0534136518836,0.0314310453832],"dmean2":[0.242534682155,0.0616737827659,0.0278572421521,0.112328320742,0.0934422314167,0.0590885914862],"dvar":[0.0153311826289,0.00213956367224,0.0