{"lowlevel":{"average_loudness":0.823473155499,"barkbands":{"dmean":[0.000140245116199,0.00647578807548,0.00513436086476,0.00787623785436,0.00335365044884,0.00078739062883,0.000609400158282,0.000480726303067,0.000492829771247,0.000388935004594,0.000156366440933,0.000177595706191,0.000116991403047,0.000160533250892,0.000119958465802,0.0000504173513036,0.0000692907196935,0.0000578398357902,0.0000455374211015,0.0000540969776921,0.0000623931919108,0.0000765512377257,0.0000832830555737,0.000072907685535,0.0000203698673431,0.00000154243241468,1.97789333356e-7],"dmean2":[0.000205119562452,0.0108487475663,0.00912852026522,0.0135302506387,0.00543965026736,0.00131081254221,0.00097208074294,0.000755667511839,0.000797928369138,0.000602612621151,0.000255517137703,0.000302245171042,0.000194662148715,0.000260520318989,0.000194557229406,0.0000822640577098,0.000110080334707,0.0000901877501747,0.0000726427169866,0.0000831967554404,0.0000926930442802,0.000110924862383,0.000115737238957,0.000100843106338,0.000028485124858,0.00000217888418774,2.92391263201e-7],"dvar":[1.44923987477e-7,0.000301971187582,0.0000936955257202,0.000472244224511,0.0000306021574943,0.00000249764116234,0.00000194210224436,0.00000216627518057,0.00000208818983083,0.00000137535039357,1.32785004325e-7,3.14272256219e-7,6.39043165052e-8,1.65591629298e-7,5.83988963854e-8,1.11148477089e-8,2.72174620619e-8,1.42025129435e-8,1.07895115065e-8,2.31246684024e-8,3.29738689686e-8,1.37799347044e-7,1.28882646777e-7,1.1221695928e-7,1.52231436346e-8,1.9019844727e-11,2.30771917418e-13],"dvar2":[3.0490411973e-7,0.000755454704631,0.000264411733951,0.00125695485622,0.0000783167197369,0.00000662273760099,0.00000468480129712,0.00000478601123177,0.00000556732265977,0.00000332356125909,3.27584672277e-7,9.32004013521e-7,1.75804629521e-7,4.28022190135e-7,1.44236182109e-7,2.93430417742e-8,6.63358008524e-8,3.45906165933e-8,2.47691325228e-8,5.42096714184e-8,6.87191814563e-8,3.01375649769e-7,2.32726122817e-7,1.96163156829e-7,2.98679125876e-8,3.84636072992e-11,5.49723515406e-13],"max":[0.00560686644167,0.195760414004,0.0915565788746,0.218104943633,0.0726205408573,0.0280193965882,0.0479291118681,0.0444167144597,0.0286420360208,0.0257019791752,0.0089721120894,0.0170810185373,0.00778347346932,0.0114850206301,0.00526428502053,0.00401104334742,0.006729405839,0.00455357786268,0.0040763351135,0.00608532270417,0.00819268263876,0.0161548759788,0.0157200228423,0.0110247917473,0.00506819738075,0.000125610764371,0.0000101400228232],"mean":[0.000149694198626,0.00664594676346,0.00536663969979,0.00751376850531,0.00520806573331,0.00109837483615,0.000908187765162,0.000625231768936,0.000796921667643,0.000635406933725,0.000247472373303,0.000270469929092,0.000201391521841,0.000285887508653,0.000209404359339,0.0000875931655173,0.000111299072159,0.000113604328362,0.000080880447058,0.000080992540461,0.0000928868394112,0.000099907781987,0.000113744346891,0.0000952576592681,0.000026398583941,0.00000220878860091,4.36835335904e-7],"median":[0.0000056763392422,0.000849077478051,0.00230597238988,0.00213837483898,0.0030530183576,0.000479270645883,0.000333770032739,0.000136420683702,0.000172670144821,0.000130256332341,0.0000711268221494,0.0000461618619738,0.000078029683209,0.0000844100577524,0.0000948306114879,0.0000399881901103,0.0000472186875413,0.0000457948990515,0.0000416177463194,0.0000328405185428,0.000029414997698,0.0000217798788071,0.0000200350132218,0.0000129932650452,0.00000360897161045,5.62188063213e-7,2.7639828204e-7],"min":[2.74677718716e-25,1.5525472868e-24,4.23201639634e-25,6.91664860051e-25,8.69505840017e-24,1.05770241402e-23,5.75854340201e-24,1.0547347193e-23,1.97280575543e-23,1.75349059086e-23,1.35931746468e-23,2.94948970902e-23,2.29541215811e-23,3.35923984041e-23,4.90962383395e-23,3.46379041607e-23,6.44020173897e-23,8.95653928453e-23,1.53120766846e-22,1.78381683375e-22,2.27105582523e-22,3.27907869822e-22,3.76650840471e-22,5.13460551261e-22,8.80082104485e-22,1.22485274075e-21,1.96506710568e-21],"var":[1.89506081938e-7,0.000315792596666,0.0000755992805352,0.000356414006092,0.0000414178721257,0.00000312349015985,0.00000349280594492,0.00000367572283722,0.00000465495440949,0.00000328762598656,3.14105562893e-7,5.82632821988e-7,1.43198604974e-7,4.45316885589e-7,1.33520060785e-7,2.06901873412e-8,4.8582435852e-8,4.30729727441e-8,1.93918214819e-8,2.88160997286e-8,6.51636042903e-8,1.89175850096e-7,2.31147126328e-7,2.01373609343e-7,2.35884094479e-8,3.22185472745e-11,3.07317431052e-13]},"barkbands_crest":{"dmean":3.1737537384,"dmean2":5.25969934464,"dvar":8.12673950195,"dvar2":21.5103931427,"max":25.0301074982,"mean":11.8144655228,"median":11.174407959,"min":2.98653531075,"var":17.0325889587},"barkbands_flatness_db":{"dmean":0.0305608157068,"dmean2":0.0478904731572,"dvar":0.000877809186932,"dvar2":0.00211321352981,"max":0.431877732277,"mean":0.178447842598,"median":0.172668039799,"min":0.0452012941241,"var":0.00293136877008},"barkbands_kurtosis":{"dmean":10.0383262634,"dmean2":16.3803501129,"dvar":276.608123779,"dvar2":668.798217773,"max":607.985717773,"mean":16.2735881805,"median":8.16060256958,"min":-1.95896553993,"var":717.267822266},"barkbands_skewness":{"dmean":0.99296104908,"dmean2":1.55772531033,"dvar":1.16115617752,"dvar2":2.77237558365,"max":18.0355968475,"mean":2.84769773483,"median":2.59459042549,"min":-4.07696914673,"var":3.61750388145},"barkbands_spread":{"dmean":5.60866117477,"dmean2":8.76184940338,"dvar":76.4525527954,"dvar2":162.071960449,"max":110.66784668,"mean":13.4193258286,"median":10.2832965851,"min":0.274594932795,"var":165.972686768},"dissonance":{"dmean":0.0199338216335,"dmean2":0.0330220758915,"dvar":0.000375916773919,"dvar2":0.00101173890289,"max":0.500000238419,"mean":0.453985869884,"median":0.461558848619,"min":0.255835860968,"var":0.00102833856363},"dynamic_complexity":3.14308977127,"erbbands":{"dmean":[0.135618150234,1.72854590416,5.61528635025,16.5495567322,18.6927185059,9.33910655975,11.7133331299,5.11917257309,8.2275428772,11.4167404175,8.08162021637,11.3528318405,13.4436283112,8.35478496552,5.2675819397,8.46642112732,5.22736597061,8.38882160187,5.8079366684,4.58639764786,2.66376495361,3.83205080032,2.96640777588,2.89296722412,2.09716367722,2.87281060219,2.71014404297,2.19634389877,2.67943644524,2.67817759514,2.31549143791,1.9505314827,0.949520289898,0.334451168776,0.0931022018194,0.0144485179335,0.00176090619061,0.00027490928187,0.0000409678214055,0.0000234813414863],"dmean2":[0.209816798568,2.99593663216,10.0531206131,28.5758743286,31.1253395081,15.231918335,18.9707736969,8.38566493988,13.1213359833,18.0944957733,12.9910297394,18.3817996979,20.8671455383,13.149971962,8.60797691345,14.4321670532,8.71036815643,13.5127849579,9.27921772003,7.66041040421,4.29995679855,6.01398801804,4.62702846527,4.57960653305,3.32189440727,4.44694519043,4.08861112595,3.22716236115,3.9124121666,3.80153226852,3.19660639763,2.72866988182,1.33288252354,0.469574302435,0.127616673708,0.0201918203384,0.00247081345879,0.00038624505396,0.0000589051851421,0.000037868063373],"dvar":[0.133400157094,21.6593265533,136.820510864,1843.64172363,1730.77441406,289.16027832,729.10369873,91.0336990356,417.060150146,966.007080078,370.037261963,1215.92138672,1983.12561035,787.472839355,108.398300171,787.874023438,123.33694458,492.811889648,170.110153198,64.0701828003,30.3668479919,97.9412078857,41.4659385681,40.997051239,31.1543750763,59.2108039856,82.4164199829,40.6217651367,154.937591553,164.790054321,109.175437927,75.5421066284,22.7542438507,3.85773062706,0.295601189137,0.0031284771394,0.0000178490172402,3.4649926306e-7,7.65233121314e-9,1.58790725013e-9],"dvar2":[0.292546570301,57.2169494629,388.392669678,4941.90136719,4546.73828125,742.569763184,1780.6439209,238.772796631,976.06439209,2156.10473633,926.689331055,3290.53344727,4733.45605469,2026.2166748,269.690948486,2337.05981445,342.592376709,1263.16467285,423.026641846,179.194061279,77.9920806885,238.411331177,104.619857788,89.8129119873,75.3890991211,139.935745239,165.494110107,90.9860153198,352.67300415,324.988250732,197.940856934,130.926651001,42.6802825928,7.42173576355,0.570599675179,0.00592382485047,0.0000351588387275,7.27864289729e-7,1.67779941052e-8,3.91917298614e-9],"max":[5.82075691223,42.2373008728,97.5275192261,415.732940674,488.847625732,245.367660522,454.310699463,211.734008789,822.620239258,907.95880127,412.837585449,796.964477539,977.34777832,1025.30603027,290.957824707,874.788085938,370.50769043,696.871154785,311.814880371,165.001312256,203.632446289,398.339904785,272.251312256,291.15802002,171.108779907,282.351623535,544.25769043,243.749481201,555.295654297,453.190704346,486.102935791,309.601409912,165.399108887,77.0458755493,19.3154315948,1.87387955189,0.103526771069,0.0098122684285,0.00186270917766,0.000349244859535],"mean":[0.151033684611,1.65750849247,5.74610710144,16.7631988525,23.0676574707,13.6846122742,14.5950345993,7.87503290176,12.2652845383,16.8031234741,11.5200986862,18.3689441681,22.8201828003,13.5763912201,9.4788351059,13.2910871506,9.82671833038,15.6868238449,11.2368459702,8.3376121521,5.14858913422,6.2925901413,5.90188980103,5.6832151413,3.60471844673,4.24164295197,4.27445745468,3.03103995323,3.39875364304,3.60028100014,3.17948722839,2.5670542717,1.21759235859,0.436408936977,0.120200924575,0.019727954641,0.00271517108195,0.00049430783838,0.0000890460942173,0.000040298942622],"median":[0.0111827393994,0.286333858967,2.35462403297,6.06304645538,11.3130750656,7.1522526741,4.38505744934,3.90391039848,4.52051639557,4.94344902039,3.60161924362,4.41834545135,4.54500627518,3.33266854286,3.36521077156,2.55520749092,4.03689908981,4.7946896553,4.49646902084,4.36881065369,2.56557250023,2.75033783913,2.56470870972,2.65254282951,1.84365689754,1.73152756691,1.40476286411,0.975536167622,0.753149747849,0.698358058929,0.548975229263,0.345485687256,0.181326046586,0.0623996295035,0.0156791564077,0.0037315741647,0.000845607253723,0.000220668007387,0.000054822950915,0.0000258625259448],"min":[1.09321682154e-22,1.63944922964e-22,1.77507022171e-21,4.40721749589e-21,1.28708891339e-20,3.14749945583e-20,2.97158625076e-20,9.18814129848e-20,8.80028664901e-20,1.15496941259e-19,2.37733129764e-19,4.36108540694e-19,4.82832716474e-19,5.09455989778e-19,7.97366800229e-19,1.11322308049e-18,1.51782441505e-18,1.68018570043e-18,2.28393645433e-18,2.28456159608e-18,3.16207180621e-18,4.47544829651e-18,4.65322181786e-18,6.74879125553e-18,8.62285992314e-18,9.24715629249e-18,8.75881946452e-18,7.6949146499e-18,1.0804385007e-17,9.79832741415e-18,1.13560656719e-17,1.05766613572e-17,9.06807251705e-18,8.7135304988e-18,6.56512655386e-18,4.18254033288e-18,2.16447916617e-18,9.39810041746e-19,2.59013927835e-19,2.75011348851e-20],"var":[0.170004159212,19.8537483215,107.150482178,1383.92687988,1498.09741211,378.811035156,975.468444824,144.040145874,734.580078125,1826.25012207,600.024047852,2494.84741211,4811.13183594,1595.56970215,313.889068604,1419.67504883,291.523986816,1337.51550293,442.0809021,132.895278931,60.6122741699,164.860656738,114.11680603,107.654319763,39.5367507935,72.2756271362,190.826538086,52.2537689209,193.309371948,267.248718262,195.405685425,139.391967773,36.2828102112,6.08621549606,0.482792258263,0.00544138718396,0.0000320390900015,6.04567162554e-7,1.1884083051e-8,1.8980537142e-9]},"erbbands_crest":{"dmean":2.99374771118,"dmean2":4.94532203674,"dvar":7.88302707672,"dvar2":20.4537181854,"max":30.0228023529,"mean":9.77626991272,"median":8.65732479095,"min":2.52190709114,"var":20.8352928162},"erbbands_flatness_db":{"dmean":0.0183870177716,"dmean2":0.0274486485869,"dvar":0.000299652339891,"dvar2":0.000640483398456,"max":0.30519837141,"mean":0.158859997988,"median":0.155773982406,"min":0.0398096963763,"var":0.00136845640372},"erbbands_kurtosis":{"dmean":1.53587734699,"dmean2":2.45253276825,"dvar":9.49957275391,"dvar2":20.7808818817,"max":73.6030197144,"mean":1.2389113903,"median":-0.025904417038,"min":-1.8680986166,"var":21.4351577759},"erbbands_skewness":{"dmean":0.492529004812,"dmean2":0.746679365635,"dvar":0.29243594408,"dvar2":0.571023702621,"max":7.37354469299,"mean":0.676740825176,"median":0.574112772942,"min":-6.5967297554,"var":1.09275734425},"erbbands_spread":{"dmean":11.8499498367,"dmean2":18.202091217,"dvar":193.303329468,"dvar2":440.133544922,"max":169.692214966,"mean":44.7835273743,"median":40.0661735535,"min":4.30827665329,"var":552.157409668},"gfcc":{"cov":[[15515.5449219,900.215332031,-1846.91308594,673.669921875,-906.407348633,469.763916016,-411.536621094,25.9032211304,-134.429229736,-126.516860962,-126.330337524,-184.579177856,-25.103269577],[900.215332031,974.108215332,-230.891799927,-306.284973145,185.726043701,-174.939498901,118.103897095,-38.7108688354,26.0399837494,-7.45381116867,32.0009460449,-40.1169624329,10.9776515961],[-1846.91308594,-230.891799927,940.818603516,171.075927734,56.052482605,86.1968917847,-18.0280761719,27.7832756042,37.8131942749,33.7904777527,46.4618339539,58.5088233948,-1.40502548218],[673.669921875,-306.284973145,171.075927734,417.544891357,-47.0805282593,112.821029663,-66.0893096924,-0.509623229504,3.30018210411,-20.563117981,6.89101219177,18.4881324768,6.04116249084],[-906.407348633,185.726043701,56.052482605,-47.0805282593,283.566925049,-32.3210220337,102.317672729,6.03379011154,20.3748149872,16.7894210815,23.2871074677,23.3914413452,17.5128955841],[469.763916016,-174.939498901,86.1968917847,112.821029663,-32.3210220337,234.501449585,22.5755138397,40.5621833801,30.3714675903,5.10846090317,10.752831459,11.201007843,16.8743839264],[-411.536621094,118.103897095,-18.0280761719,-66.0893096924,102.317672729,22.5755138397,160.174530029,34.9598503113,29.1064014435,13.1249704361,10.5737781525,0.739898264408,14.1429290771],[25.9032211304,-38.7108688354,27.7832756042,-0.509623229504,6.03379011154,40.5621833801,34.9598503113,111.298492432,47.7469558716,29.0713539124,3.66119098663,-3.3536939621,3.0982427597],[-134.429229736,26.0399837494,37.8131942749,3.30018210411,20.3748149872,30.3714675903,29.1064014435,47.7469558716,100.034698486,32.5219192505,22.5297546387,-3.50283956528,8.22938251495],[-126.516860962,-7.45381116867,33.7904777527,-20.563117981,16.7894210815,5.10846090317,13.1249704361,29.0713539124,32.5219192505,84.5628433228,32.4810371399,14.3029518127,2.85646271706],[-126.330337524,32.0009460449,46.4618339539,6.89101219177,23.2871074677,10.752831459,10.5737781525,3.66119098663,22.5297546387,32.4810371399,73.6954956055,33.3280677795,9.2264547348],[-184.579177856,-40.1169624329,58.5088233948,18.4881324768,23.3914413452,11.201007843,0.739898264408,-3.3536939621,-3.50283956528,14.3029518127,33.3280677795,79.5218734741,30.7828826904],[-25.103269577,10.9776515961,-1.40502548218,6.04116249084,17.5128955841,16.8743839264,14.1429290771,3.0982427597,8.22938251495,2.85646271706,9.2264547348,30.7828826904,62.4351463318]],"icov":[[0.000791016675066,-0.00258914078586,0.00154808128718,-0.00260185799561,0.00239918357693,-0.00267656380311,0.00186763936654,-0.00173589517362,0.00183783995453,-0.00150141713675,0.00169811781961,-0.00113610399421,0.000909032591153],[-0.00258914078586,0.0104104690254,-0.00484525691718,0.00945962127298,-0.00867942161858,0.0096167428419,-0.00664547132328,0.00637830235064,-0.00670303264633,0.00586319761351,-0.00727118970826,0.00530456053093,-0.00379708711989],[0.00154808128718,-0.00484525691718,0.00433769356459,-0.00540270097554,0.00420947745442,-0.00542558822781,0.00391414808109,-0.00346456491388,0.00320331030525,-0.00304821855389,0.00299109448679,-0.00293078366667,0.00238585332409],[-0.00260185799561,0.00945962127298,-0.00540270097554,0.0123186642304,-0.00841336231679,0.00765054859221,-0.00481663877144,0.00605965498835,-0.00658446922898,0.00647621788085,-0.00670579401776,0.00423967977986,-0.00346808251925],[0.00239918357693,-0.00867942161858,0.00420947745442,-0.00841336231679,0.0128212235868,-0.00718573993072,0.00230831792578,-0.00486296694726,0.00541267590597,-0.00512168649584,0.00550653925166,-0.00513017689809,0.0027002277784],[-0.00267656380311,0.0096167428419,-0.00542558822781,0.00765054859221,-0.00718573993072,0.015330622904,-0.00838677212596,0.00484216911718,-0.00719034764916,0.0058135939762,-0.00682281190529,0.00434746965766,-0.0045511694625],[0.00186763936654,-0.00664547132328,0.00391414808109,-0.00481663877144,0.00230831792578,-0.00838677212596,0.0147427124903,-0.00647192215547,0.00381762697361,-0.00315232481807,0.00373405218124,-0.0019507604884,0.00112535327207],[-0.00173589517362,0.00637830235064,-0.00346456491388,0.00605965498835,-0.00486296694726,0.00484216911718,-0.00647192215547,0.0170362833887,-0.00913233775645,0.000368720589904,-0.00160353514366,0.00272873137146,-0.0017292854609],[0.00183783995453,-0.00670303264633,0.00320331030525,-0.00658446922898,0.00541267590597,-0.00719034764916,0.00381762697361,-0.00913233775645,0.0196964498609,-0.0067111174576,0.000388270447729,0.00105854310095,-0.000228175355005],[-0.00150141713675,0.00586319761351,-0.00304821855389,0.00647621788085,-0.00512168649584,0.0058135939762,-0.00315232481807,0.000368720589904,-0.0067111174576,0.0201029907912,-0.0100223412737,0.00167647516355,-0.0011493046768],[0.00169811781961,-0.00727118970826,0.00299109448679,-0.00670579401776,0.00550653925166,-0.00682281190529,0.00373405218124,-0.00160353514366,0.000388270447729,-0.0100223412737,0.0264057703316,-0.0122095989063,0.00473552988842],[-0.00113610399421,0.00530456053093,-0.00293078366667,0.00423967977986,-0.00513017689809,0.00434746965766,-0.0019507604884,0.00272873137146,0.00105854310095,0.00167647516355,-0.0122095989063,0.0241780504584,-0.0116277793422],[0.000909032591153,-0.00379708711989,0.00238585332409,-0.00346808251925,0.0027002277784,-0.0045511694625,0.00112535327207,-0.0017292854609,-0.000228175355005,-0.0011493046768,0.00473552988842,-0.0116277793422,0.0228583216667]],"mean":[-48.2942276001,113.452941895,-98.9698867798,43.0737380981,-56.2164573669,12.2901134491,-36.1794433594,-5.61583662033,-21.3365211487,-10.8816652298,-15.6478633881,-13.4646272659,-13.3226194382]},"hfc":{"dmean":5.11217260361,"dmean2":7.35303020477,"dvar":85.892906189,"dvar2":163.600585938,"max":252.799285889,"mean":11.693652153,"median":7.69853448868,"min":1.08767143415e-16,"var":192.411636353},"melbands":{"dmean":[0.00150806282181,0.00266416021623,0.00299930898473,0.000863607157953,0.00042750488501,0.000123211546452,0.000123185731354,0.000124415950268,0.0000677490024827,0.0000711957545718,0.000066653425165,0.0000344795080309,0.000020384481104,0.0000204990337807,0.0000159105111379,0.000011295672266,0.0000174989472725,0.00000962802187132,0.00000776503657107,0.00000459562807009,0.00000335719118993,0.0000039678916437,0.00000325010319102,0.00000303823117065,0.00000251424717135,0.00000153307621531,0.00000170210648776,0.00000194072117665,0.00000164459868301,0.00000167660812167,0.00000124821201553,0.00000151681319949,0.00000167231394244,0.00000149948380113,0.00000135722177674,0.00000139544067679,0.0000011517644225,7.21358617284e-7,4.46785634267e-7,2.38319742607e-7],"dmean2":[0.00243716291152,0.00472274096683,0.00512515520677,0.00140971003566,0.000687398249283,0.000202111390536,0.000196561770281,0.000197053464944,0.000108924949018,0.000114966052934,0.000103244987258,0.0000542388515896,0.0000332783674821,0.0000347611603502,0.0000270211712632,0.0000187132845895,0.0000282374039671,0.0000154835579451,0.0000126637160065,0.00000771429586166,0.00000546965975445,0.00000626122391623,0.00000520110870639,0.00000475336264572,0.00000401713941756,0.00000248092055699,0.0000026625573355,0.00000303151455228,0.00000250227981269,0.0000025382585136,0.00000186835961813,0.00000225788858188,0.00000245357159656,0.00000216399007513,0.00000190738956007,0.00000196671589947,0.00000162887511124,0.00000103612285329,6.36705976831e-7,3.39823174045e-7],"dvar":[0.0000161885691341,0.0000355179436156,0.0000586174173804,0.00000250714242611,8.49749255849e-7,5.1882754093e-8,8.6240447672e-8,1.26868414441e-7,2.60462531543e-8,4.605955084e-8,4.8775159911e-8,1.42316629592e-8,2.02479788491e-9,3.89838605841e-9,1.49918599757e-9,6.31048602262e-10,2.10804396161e-9,4.60716131911e-10,2.43838393921e-10,7.82449660619e-11,5.0144610686e-11,9.14597078627e-11,5.16330207756e-11,5.33552195481e-11,3.65928641555e-11,1.26653592128e-11,2.75300875846e-11,2.75367489228e-11,3.47399262135e-11,2.13098497182e-11,1.7820273035e-11,3.76660577728e-11,1.00103113299e-10,4.41248426686e-11,4.00919158983e-11,3.70123584559e-11,2.88687858341e-11,1.31835826978e-11,6.81121522031e-12,2.07650780251e-12],"dvar2":[0.0000382215584978,0.0000982439960353,0.000155856789206,0.00000648966897643,0.00000205286164601,1.35876149443e-7,2.04743415111e-7,2.78786700392e-7,6.76375861985e-8,1.23325023083e-7,1.16140611794e-7,3.65695775884e-8,4.90668705666e-9,1.15083000907e-8,4.386877972e-9,1.67389968553e-9,5.37930366917e-9,1.16893150715e-9,6.12258577171e-10,2.18076223746e-10,1.27023308538e-10,2.21574397719e-10,1.26428006952e-10,1.3370293761e-10,7.86615148018e-11,3.23305618388e-11,6.45648465247e-11,6.60566740196e-11,6.97771146418e-11,4.59858852386e-11,4.23947370265e-11,8.5163313901e-11,2.32728239458e-10,8.47675957205e-11,7.63370339163e-11,6.76153855128e-11,5.26728764771e-11,2.56539373078e-11,1.38409657e-11,4.03912060049e-12],"max":[0.0533859394491,0.0485604032874,0.0790993124247,0.0206441506743,0.0160847883672,0.00413961848244,0.0114770671353,0.0110188564286,0.0035533355549,0.00480798818171,0.00483562564477,0.00407373625785,0.00131407764275,0.00170429574791,0.00115523044951,0.000646673433948,0.00152447854634,0.000567589129787,0.000330769194989,0.000280940759694,0.000226933567319,0.00034845987102,0.000298292696243,0.000322631036397,0.000293211895041,0.00010616122745,0.000174455868546,0.000194642168935,0.000385220453609,0.000135531998239,0.000186485936865,0.000232549093198,0.000447547645308,0.000242665599217,0.000321543164318,0.000228734541452,0.000177996640559,0.000124392056023,0.000112862275273,0.0000568054019823],"mean":[0.0016091382131,0.00277415569872,0.00325384107418,0.00124767213129,0.000549583986867,0.000185454991879,0.000186992168892,0.000178167509148,0.0000972134585027,0.000115438546345,0.000110849046905,0.000053576342907,0.0000336611119565,0.000031363688322,0.0000261960176431,0.0000203385407076,0.0000308408743876,0.000017461967218,0.000013684069927,0.00000791701313574,0.00000583432392887,0.00000634123580312,0.0000055056830206,0.00000572500675844,0.00000456030147689,0.00000256778184848,0.00000251239293902,0.00000275481920653,0.00000258598333858,0.00000230724731409,0.00000159180865467,0.0000018552009351,0.00000207540938391,0.00000198406883101,0.00000181353436801,0.00000184053203611,0.0000014488485931,8.9705974915e-7,5.72658620968e-7,3.02269427266e-7],"median":[0.00016743762535,0.00100990477949,0.00141775421798,0.000731094507501,0.000180482078576,0.0000878044156707,0.0000705592392478,0.0000483884577989,0.0000266970509983,0.0000259917724179,0.0000202705305128,0.0000120704653455,0.000010439007383,0.00000648946252113,0.00000709969435775,0.00000788202396507,0.0000085177453002,0.00000663926175548,0.00000632743467577,0.00000400606586481,0.00000249795471063,0.00000260678189079,0.00000229563624998,0.00000216245075535,0.00000199061378225,0.00000130660555442,0.00000110000030418,0.00000103847412447,7.79681499807e-7,7.24640926819e-7,4.52349979696e-7,4.17812202613e-7,3.59930112381e-7,3.79437324227e-7,3.19486787248e-7,2.65073936134e-7,1.75942332703e-7,1.28187593873e-7,8.62788027689e-8,3.95411987597e-8],"min":[1.56760733174e-24,9.36860775979e-25,1.04236441395e-24,1.18850957411e-24,9.94462807633e-25,2.1082424049e-24,1.56649099495e-24,1.25167021553e-24,2.10272037856e-24,2.94193802246e-24,2.02869071299e-24,1.98731969168e-24,1.82808437087e-24,2.45301702176e-24,2.18015930376e-24,2.37489967619e-24,3.10662358326e-24,2.91992249231e-24,3.54435835805e-24,2.40636004073e-24,3.82098860611e-24,3.52344604988e-24,4.15564982894e-24,4.03933504948e-24,4.90355070938e-24,5.75120620673e-24,4.85884280644e-24,5.29869981428e-24,4.45195347912e-24,4.86851069127e-24,3.57196375656e-24,5.40072753389e-24,5.30648192711e-24,4.42285279476e-24,6.37496720196e-24,6.26464776538e-24,5.68010617334e-24,5.23806007649e-24,5.9476735929e-24,6.95061399286e-24],"var":[0.0000186970264622,0.0000304310506181,0.0000448637038062,0.00000271331327895,0.0000011862014162,8.20798220502e-8,1.55288631731e-7,2.36823225919e-7,4.75219792406e-8,9.7238192609e-8,1.18575428587e-7,2.91893655913e-8,5.48015366419e-9,7.1202892471e-9,3.02828562226e-9,1.50025902812e-9,5.66745628205e-9,1.13447151673e-9,5.24772669763e-10,1.47700990327e-10,9.4931229544e-11,1.56732501977e-10,1.07258611715e-10,1.42673997616e-10,8.60053833707e-11,1.69232579339e-11,3.04120444106e-11,3.38877571837e-11,8.33927579769e-11,3.61985615094e-11,1.91688505347e-11,4.66333256732e-11,1.23596730073e-10,7.30400046001e-11,6.62980573218e-11,6.63295529613e-11,4.96249152881e-11,2.00528291888e-11,9.65346639431e-12,3.2575598035e-12]},"melbands_crest":{"dmean":3.89547753334,"dmean2":6.46433353424,"dvar":12.3241462708,"dvar2":31.6347370148,"max":34.6264877319,"mean":16.5823078156,"median":16.2530937195,"min":1.00143992901,"var":27.4378547668},"melbands_flatness_db":{"dmean":0.0368424467742,"dmean2":0.0566453635693,"dvar":0.0012947532814,"dvar2":0.00294626457617,"max":0.572960078716,"mean":0.258520364761,"median":0.253508508205,"min":-4.40060119899e-7,"var":0.00552011886612},"melbands_kurtosis":{"dmean":22.4756298065,"dmean2":36.7411651611,"dvar":1243.52478027,"dvar2":3119.91870117,"max":716.379760742,"mean":38.8053359985,"median":22.3695888519,"min":-1.94796872139,"var":2395.29321289},"melbands_skewness":{"dmean":1.32486402988,"dmean2":2.08990478516,"dvar":2.07843089104,"dvar2":5.0940747261,"max":18.6612453461,"mean":4.24287366867,"median":3.87544322014,"min":-0.812550663948,"var":6.19829130173},"melbands_spread":{"dmean":6.11672496796,"dmean2":9.33942222595,"dvar":195.136199951,"dvar2":344.191467285,"max":272.358703613,"mean":14.0256652832,"median":8.49233436584,"min":0.337724208832,"var":537.301147461},"mfcc":{"cov":[[6952.30322266,-127.506484985,-448.656280518,-115.169425964,-150.278091431,141.228988647,-95.9866943359,96.920211792,28.5970573425,96.5807571411,-42.0325737,45.7483901978,-145.2762146],[-127.506484985,1389.58898926,-351.714447021,-27.6247196198,-45.9455299377,-74.5778656006,68.0702514648,-45.8498153687,18.2773456573,23.367401123,34.3739280701,5.20695495605,-12.9952507019],[-448.656280518,-351.714447021,804.511901855,90.5569000244,138.660629272,77.2437973022,-13.6938867569,40.0724716187,-18.9225616455,2.63876485825,2.7812268734,16.1283397675,54.9847106934],[-115.169425964,-27.6247196198,90.5569000244,244.710205078,79.5955200195,23.5838432312,7.37483978271,1.4081748724,-9.72231864929,-24.5000858307,-22.4822540283,13.5798206329,26.9147434235],[-150.278091431,-45.9455299377,138.660629272,79.5955200195,159.405899048,49.8340072632,10.4633083344,23.2322845459,2.54457879066,7.20377874374,0.24830698967,6.01697206497,34.5465316772],[141.228988647,-74.5778656006,77.2437973022,23.5838432312,49.8340072632,139.348953247,42.0656661987,39.0780830383,7.65951919556,2.53287339211,-8.41250610352,13.424943924,9.67348575592],[-95.9866943359,68.0702514648,-13.6938867569,7.37483978271,10.4633083344,42.0656661987,101.940734863,35.1037826538,17.9284439087,11.0654315948,6.25438976288,10.1610193253,7.54262065887],[96.920211792,-45.8498153687,40.0724716187,1.4081748724,23.2322845459,39.0780830383,35.1037826538,94.1975631714,33.0208282471,19.7743206024,3.68940162659,2.15033555031,2.37824511528],[28.5970573425,18.2773456573,-18.9225616455,-9.72231864929,2.54457879066,7.65951919556,17.9284439087,33.0208282471,86.3708496094,41.1326141357,14.6763334274,3.15947580338,-0.645907580853],[96.5807571411,23.367401123,2.63876485825,-24.5000858307,7.20377874374,2.53287339211,11.0654315948,19.7743206024,41.1326141357,102.53553772,46.7858772278,-8.6025800705,-14.4006080627],[-42.0325737,34.3739280701,2.7812268734,-22.4822540283,0.24830698967,-8.41250610352,6.25438976288,3.68940162659,14.6763334274,46.7858772278,83.5771865845,21.5451831818,-6.45887184143],[45.7483901978,5.20695495605,16.1283397675,13.5798206329,6.01697206497,13.424943924,10.1610193253,2.15033555031,3.15947580338,-8.6025800705,21.5451831818,88.0514373779,39.9626083374],[-145.2762146,-12.9952507019,54.9847106934,26.9147434235,34.5465316772,9.67348575592,7.54262065887,2.37824511528,-0.645907580853,-14.4006080627,-6.45887184143,39.9626083374,92.679725647]],"icov":[[0.000186927441973,0.00000709863616066,0.000123908306705,0.00000339479947797,0.000144143254147,-0.000314447039273,0.00041045632679,-0.00028489655233,0.00015015056124,-0.000380810059141,0.000348824978573,-0.000390360626625,0.000307010486722],[0.00000709863616066,0.000891736941412,0.000342808896676,-0.0000159722294484,-0.000180897550308,0.000457211775938,-0.000844263064209,0.000512167462148,-0.0000876612321008,-0.000102981699456,-0.000206667580642,-0.0000462661191705,0.00000163090646765],[0.000123908306705,0.000342808896676,0.00178967800457,-0.00021001251298,-0.000896114564966,-0.000605475623161,0.000683247868437,-0.000623927160632,0.000666067935526,-0.000435794034274,-0.000148215054651,-0.000130669708597,-0.000417917472078],[0.00000339479947797,-0.0000159722294484,-0.00021001251298,0.00521817849949,-0.00260210852139,0.000299795734463,-0.000506517302711,0.000530968885869,-0.000049483965995,0.000750927894842,0.00131022417918,-0.000917506287806,0.000181798008271],[0.000144143254147,-0.000180897550308,-0.000896114564966,-0.00260210852139,0.010088651441,-0.00287544145249,0.00111474003643,-0.00133320211899,0.000394787348341,-0.00123348913621,-0.000881798274349,0.00157875695731,-0.00296016153879],[-0.000314447039273,0.000457211775938,-0.000605475623161,0.000299795734463,-0.00287544145249,0.0110102714971,-0.00449452409521,-0.0015615823213,0.000260193133727,0.000158781942446,0.00162078416906,-0.00156171713024,0.000984674552456],[0.00041045632679,-0.000844263064209,0.000683247868437,-0.000506517302711,0.00111474003643,-0.00449452409521,0.0145040275529,-0.0046073300764,-0.000228186545428,-0.000973464921117,-0.000136291564559,-0.00100175663829,-0.00047221040586],[-0.00028489655233,0.000512167462148,-0.000623927160632,0.000530968885869,-0.00133320211899,-0.0015615823213,-0.0046073300764,0.0158623438329,-0.00502634886652,-0.0000560502048756,0.0000321346997225,0.000741746160202,0.000107732310425],[0.00015015056124,-0.0000876612321008,0.000666067935526,-0.000049483965995,0.000394787348341,0.000260193133727,-0.000228186545428,-0.00502634886652,0.0166313368827,-0.0067729880102,0.0016025910154,-0.00161297642626,-0.000313782133162],[-0.000380810059141,-0.000102981699456,-0.000435794034274,0.000750927894842,-0.00123348913621,0.000158781942446,-0.000973464921117,-0.0000560502048756,-0.0067729880102,0.0182666368783,-0.0101370392367,0.00488007441163,-0.0000666353516863],[0.000348824978573,-0.000206667580642,-0.000148215054651,0.00131022417918,-0.000881798274349,0.00162078416906,-0.000136291564559,0.0000321346997225,0.0016025910154,-0.0101370392367,0.0206059999764,-0.00836382247508,0.00387354148552],[-0.000390360626625,-0.0000462661191705,-0.000130669708597,-0.000917506287806,0.00157875695731,-0.00156171713024,-0.00100175663829,0.000741746160202,-0.00161297642626,0.00488007441163,-0.00836382247508,0.0183409694582,-0.00838169548661],[0.000307010486722,0.00000163090646765,-0.000417917472078,0.000181798008271,-0.00296016153879,0.000984674552456,-0.00047221040586,0.000107732310425,-0.000313782133162,-0.0000666353516863,0.00387354148552,-0.00838169548661,0.016374271363]],"mean":[-686.222229004,133.893234253,18.63904953,30.4837379456,7.88555717468,13.0102396011,-1.85789811611,3.09710288048,-6.08854436874,3.37467861176,-5.03792190552,-3.89680671692,-9.71366500854]},"pitch_salience":{"dmean":0.0923249199986,"dmean2":0.154892534018,"dvar":0.00724233966321,"dvar2":0.0200138743967,"max":0.996035575867,"mean":0.519861519337,"median":0.525936603546,"min":0.100703768432,"var":0.0139609705657},"silence_rate_20dB":{"dmean":0,"dmean2":0,"dvar":0,"dvar2":0,"max":1,"mean":1,"median":1,"min":1,"var":0},"silence_rate_30dB":{"dmean":0.0625646337867,"dmean2":0.125140056014,"dvar":0.0586485937238,"dvar2":0.144297629595,"max":1,"mean":0.952261984348,"median":1,"min":0,"var":0.0454595424235},"silence_rate_60dB":{"dmean":0.0160289555788,"dmean2":0.032060675323,"dvar":0.0157741457224,"dvar2":0.0375883206725,"max":1,"mean":0.0456699691713,"median":0,"min":0,"var":0.043578479439},"spectral_centroid":{"dmean":252.201690674,"dmean2":380.956268311,"dvar":141449.90625,"dvar2":257714.40625,"max":11773.0800781,"mean":880.133728027,"median":653.198730469,"min":135.114562988,"var":1281939},"spectral_complexity":{"dmean":2.4086523056,"dmean2":3.75247788429,"dvar":6.55931901932,"dvar2":13.7156028748,"max":45,"mean":12.0168895721,"median":11,"min":0,"var":43.1365966797},"spectral_contrast_coeffs":{"dmean":[0.0554135516286,0.0470265671611,0.0385474264622,0.0282490421087,0.0204242262989,0.0190187525004],"dmean2":[0.0895232632756,0.0763242021203,0.0614920668304,0.0460074618459,0.0327810943127,0.0292067695409],"dvar":[0.00225612916984,0.00159704429097,0.00106289924588,0.000544721086044,0.000277999381069,0.000327458663378],"dvar2":[0.00569073529914,0.00409967033193,0.0026521817781,0.00137464853469,0.000687874795403,0.000750721257646],"max":[-0.243357270956,-0.409905403852,-0.45552444458,-0.596273303032,-0.606607079506,-0.564950525761],"mean":[-0.58258253336,-0.734322845936,-0.769478917122,-0.793530762196,-0.805119872093,-0.7727227211],"median":[-0.580021202564,-0.740910232067,-0.780372023582,-0.797584176064,-0.80751824379,-0.772893071175],"min":[-0.980751514435,-0.98661839962,-0.997429192066,-0.987700104713,-0.989406585693,-0.964892029762],"var":[0.00771485222504,0.00572900753468,0.00566527293995,0.00288155651651,0.00152981665451,0.00177719502244]},"spectral_contrast_valleys":{"dmean":[0.456443399191,0.418081730604,0.366728156805,0.291112095118,0.272430926561,0.355904221535],"dmean2":[0.72204220295,0.660624861717,0.57480275631,0.438606232405,0.356669962406,0.4346177876],"dvar":[0.175089612603,0.169768229127,0.147012203932,0.0954381525517,0.0829052627087,0.167825341225],"dvar2":[0.376585543156,0.389624238014,0.328590989113,0.187809571624,0.130780190229,0.262793123722],"max":[-4.72263813019,-4.82461309433,-5.58073759079,-6.09830379486,-6.12685394287,-7.18217897415],"mean":[-7.35005664825,-7.26585245132,-8.00374126434,-8.31353378296,-8.31272315979,-10.7081394196],"median":[-7.19813251495,-7.0443406105,-7.79204702377,-8.07807826996,-8.07125377655,-10.5710515976],"min":[-28.0430030823,-28.235168457,-27.826335907,-27.7253704071,-27.7212409973,-27.3880958557],"var":[4.31638050079,4.3380188942,4.12464427948,3.95863246918,3.94310474396,3.43309688568]},"spectral_decrease":{"dmean":5.28337240624e-9,"dmean2":8.71899796806e-9,"dvar":8.86002815575e-17,"dvar2":2.22557880421e-16,"max":7.07933803083e-20,"mean":-7.95060195458e-9,"median":-4.70073313608e-9,"min":-8.17325158664e-8,"var":9.6471143314e-17},"spectral_energy":{"dmean":0.0203029531986,"dmean2":0.0334288962185,"dvar":0.00129254220519,"dvar2":0.00324346986599,"max":0.314157307148,"mean":0.031067898497,"median":0.0186612568796,"min":9.90606379214e-21,"var":0.00142148684245},"spectral_energyband_high":{"dmean":0.000311886600684,"dmean2":0.000423125602538,"dvar":0.0000011614805544,"dvar2":0.00000204008324545,"max":0.0329469069839,"mean":0.000472349231131,"median":0.000130978645757,"min":7.0145360231e-21,"var":0.00000227765849559},"spectral_energyband_low":{"dmean":0.0138421962038,"dmean2":0.0236282926053,"dvar":0.000703772995621,"dvar2":0.00178467994556,"max":0.243818700314,"mean":0.0157913900912,"median":0.00548331346363,"min":1.27784990573e-23,"var":0.000739220064133},"spectral_energyband_middle_high":{"dmean":0.000710471358616,"dmean2":0.00110340456013,"dvar":0.0000015192747469,"dvar2":0.00000383217548006,"max":0.0300044063479,"mean":0.00208207662217,"median":0.00104481982999,"min":1.21530542858e-21,"var":0.0000082632759586},"spectral_energyband_middle_low":{"dmean":0.0114466547966,"dmean2":0.018789511174,"dvar":0.000647326698527,"dvar2":0.00167337071616,"max":0.267615318298,"mean":0.016498696059,"median":0.00982277654111,"min":1.6364771804e-22,"var":0.000588791444898},"spectral_entropy":{"dmean":0.240793690085,"dmean2":0.358006179333,"dvar":0.0614842772484,"dvar2":0.128500908613,"max":9.82110595703,"mean":7.26270246506,"median":7.27201747894,"min":5.02626562119,"var":0.308998078108},"spectral_flux":{"dmean":0.0414279215038,"dmean2":0.0660415664315,"dvar":0.00321537721902,"dvar2":0.00687843002379,"max":0.472660958767,"mean":0.0941896215081,"median":0.0699686780572,"min":6.35479793787e-11,"var":0.00579778151587},"spectral_kurtosis":{"dmean":1.7968364954,"dmean2":2.85254597664,"dvar":3.81616997719,"dvar2":8.87385177612,"max":33.7368621826,"mean":4.61924886703,"median":3.84831285477,"min":-1.27251899242,"var":12.794708252},"spectral_rms":{"dmean":0.00144669250585,"dmean2":0.0022486790549,"dvar":0.00000392702622776,"dvar2":0.00000908744732442,"max":0.0175069961697,"mean":0.00482266629115,"median":0.00426686136052,"min":3.10877018572e-12,"var":0.00000705209049556},"spectral_rolloff":{"dmean":351.910583496,"dmean2":602.098022461,"dvar":822919.375,"dvar2":1638698.625,"max":19573.6816406,"mean":916.668579102,"median":409.130859375,"min":64.599609375,"var":4390793},"spectral_skewness":{"dmean":0.278683125973,"dmean2":0.412674486637,"dvar":0.0781250447035,"dvar2":0.154544904828,"max":4.68933534622,"mean":1.62614715099,"median":1.5944865942,"min":-0.555648386478,"var":0.384025901556},"spectral_spread":{"dmean":583087.0625,"dmean2":829201,"dvar":629572501504,"dvar2":1197421887490,"max":42901196,"mean":4821300.5,"median":4227479.5,"min":1818852.25,"var":13648343859200},"spectral_strongpeak":{"dmean":0.380355894566,"dmean2":0.641072630882,"dvar":0.325877517462,"dvar2":0.833301126957,"max":15.6136274338,"mean":0.645248770714,"median":0.449298918247,"min":0,"var":0.455450356007},"zerocrossingrate":{"dmean":0.00991900172085,"dmean2":0.0115262232721,"dvar":0.000246819166932,"dvar2":0.000231647558394,"max":0.54248046875,"mean":0.0425515323877,"median":0.0322265625,"min":0.0029296875,"var":0.00303642894141}},"metadata":{"audio_properties":{"analysis_sample_rate":44100,"bit_rate":320000,"codec":"mp3","downmix":"mix","equal_loudness":0,"length":269.426940918,"lossless":false,"md5_encoded":"788697325699a23a4af34d485b1ff01d","replay_gain":-10.3797512054,"sample_rate":44100},"tags":{"album":["Billy Elliot"],"albumartist":["Various Artists"],"artist":["T-Rex"],"bpm":["77"],"composer":["Marc Bolan"],"date":["2000"],"discnumber":["1/1"],"encodedby":["iTunes 9.0.1.8"],"file_name":"copy9061980659399377965.mp3","genre":["Soundtrack"],"musicbrainz_recordingid":["895cc530-234e-4f38-b6db-f896a0b7ad16"],"title":["Cosmic Dancer"],"tracknumber":["1/18"]},"version":{"essentia":"2.1-beta2","essentia_build_sha":"cead25079874084f62182a551b7393616cd33d87","essentia_git_sha":"v2.1_beta2-1-ge3940c0","extractor":"music 1.0"}},"rhythm":{"beats_count":679,"beats_loudness":{"dmean":0.0363957211375,"dmean2":0.0649103522301,"dvar":0.00115732976701,"dvar2":0.0036027727183,"max":0.244515284896,"mean":0.0551522634923,"median":0.0502607412636,"min":0,"var":0.00139600690454},"beats_loudness_band_ratio":{"dmean":[0.171385884285,0.141617998481,0.0635968819261,0.0305630005896,0.0165929850191,0.0288940612227],"dmean2":[0.290858924389,0.245617732406,0.112279728055,0.055238455534,0.0287689175457,0.0527019649744],"dvar":[0.0240957904607,0.0178262144327,0.00745743978769,0.00284147076309,0.000394850183511,0.0033296761103],"dvar2":[0.0655207186937,0.05131547153,0.0213057585061,0.00768257724121,0.00104111107066,0.00931281596422],"max":[0.988018035889,0.76104426384,0.692258656025,0.500564336777,0.201876446605,0.884457111359],"mean":[0.740714550018,0.172554045916,0.0694517716765,0.0336916893721,0.019088787958,0.0246364977211],"median":[0.786345124245,0.130351752043,0.0321118757129,0.0138795059174,0.013211838901,0.0107778441161],"min":[0,0,0,0,0,0],"var":[0.0375589504838,0.0212154444307,0.0087075131014,0.0026577624958,0.000424958649091,0.00224648299627]},"beats_pos