{"lowlevel":{"average_loudness":0.872880160809,"barkbands":{"dmean":[0.00000626212749921,0.000882636290044,0.00212964997627,0.000541954883374,0.00113174004946,0.000480540882563,0.00121386116371,0.000463370990474,0.000558050989639,0.000182961928658,0.000383173144655,0.000392171583371,0.000387162872357,0.000600456318352,0.000501704867929,0.000392285059206,0.000516844796948,0.000772050581872,0.000286865542876,0.000178497561137,0.000175070279511,0.0001452134602,0.0000907268549781,0.0000410701322835,0.0000185334374692,0.00000824658127385,7.34110585654e-7],"dmean2":[0.0000104616265162,0.00139093864709,0.00361822685227,0.000874187855516,0.00190693535842,0.000740844174288,0.00189199880697,0.000714654917829,0.000883704808075,0.000288794224616,0.000620665494353,0.000643133651465,0.000623463711236,0.000948818400502,0.000824408605695,0.000629488029517,0.00083710096078,0.00123555050232,0.000445096171461,0.000273564161034,0.000260326109128,0.000217478576815,0.000133629480843,0.0000633205127087,0.0000276205664704,0.0000117021481856,0.00000115024363367],"dvar":[2.05918809781e-10,0.00000256244288721,0.000015800464098,0.00000103414379282,0.0000054698484746,8.66836842306e-7,0.00000379334460376,0.00000112808425001,0.0000011341926438,1.88785776345e-7,6.97152415796e-7,7.55604105507e-7,4.4351094175e-7,9.59569661063e-7,6.12531948718e-7,3.41078902011e-7,4.81926747398e-7,9.79654600997e-7,3.42690526622e-7,1.55061897544e-7,8.11822999935e-8,7.16875305784e-8,1.04981282334e-7,9.88510429067e-9,1.0591368893e-9,2.62326188549e-10,3.25379718828e-12],"dvar2":[5.37235256282e-10,0.00000612929261479,0.0000459516959381,0.00000260883621195,0.0000144757859744,0.00000199412488655,0.00000876766716829,0.00000260895899373,0.00000276059518001,4.48503470807e-7,0.00000173673163317,0.00000208627830034,0.00000114451790978,0.00000241883321905,0.00000161094908435,8.14382815406e-7,0.00000120020968097,0.00000232233651332,8.142926049e-7,3.16635322406e-7,1.76827512632e-7,1.56017151198e-7,1.93657683667e-7,1.87486435266e-8,2.450579073e-9,5.54957524379e-10,7.36182122207e-12],"max":[0.000278750405414,0.024440035224,0.0525379553437,0.0173990018666,0.0276016648859,0.0185374151915,0.0248109903187,0.0204552263021,0.0200304463506,0.00990835390985,0.0207888819277,0.0185546204448,0.0172422342002,0.0171451158822,0.0136080859229,0.0105416076258,0.0126076899469,0.0160293038934,0.020163115114,0.00908684358001,0.00529945176095,0.00505833653733,0.0108011867851,0.00251376628876,0.000756407796871,0.000373517395929,0.0000367627762898],"mean":[0.00000640304870103,0.00149781280197,0.00346148153767,0.000897178892046,0.0013144556433,0.000915305980016,0.00213844864629,0.000706903461833,0.00100113148801,0.000280682434095,0.000604520959314,0.000645234249532,0.000690538086928,0.00112601695582,0.000865637965035,0.000768224184867,0.00109606306069,0.00148277624976,0.000631541071925,0.000384256796679,0.000373324146494,0.000284238427412,0.000146559017594,0.00007509275747,0.000041090468585,0.0000152275333676,7.86959503785e-7],"median":[0.00000151463450493,0.000469379854621,0.00167643104214,0.000438103306806,0.000560058746487,0.000285571615677,0.000632643466815,0.000225147596211,0.000313323340379,0.000109539818368,0.000208134835702,0.000307426002109,0.000403519778047,0.000628321839031,0.000531014171429,0.000524246948771,0.000782049144618,0.00110972800758,0.000443766475655,0.000232436577789,0.000273395213298,0.000183448413736,0.0000614092932665,0.0000426839797001,0.0000289814124699,0.00000840053689899,1.87168808452e-7],"min":[8.1038232494e-26,1.68011536429e-24,9.71238742583e-25,8.78281049841e-25,6.1587088734e-24,8.14801412798e-24,1.08423196404e-23,8.78172423694e-24,1.55973057532e-23,1.30318922241e-23,1.82097417032e-23,2.7382662063e-23,3.22731736905e-23,3.57239573679e-23,4.83481804757e-23,3.60188177971e-23,7.35477678023e-23,1.11840496091e-22,1.30540500648e-22,1.87868385782e-22,2.41903855798e-22,3.14845620653e-22,3.84535890183e-22,6.30953267293e-22,8.6986129443e-22,1.28092149028e-21,1.97667550313e-21],"var":[1.9074905544e-10,0.00000657652890368,0.0000254159895121,0.00000215533032133,0.00000498278086525,0.00000296391726806,0.000010894665138,0.00000240463805312,0.0000027198962016,3.74999302721e-7,0.00000148907327002,0.00000147842888509,8.5973675823e-7,0.00000233623836721,0.00000115594241379,6.85657369104e-7,0.00000127853843424,0.00000206630329558,6.10897870956e-7,3.26094180991e-7,1.4384647784e-7,1.2661152482e-7,2.01002976041e-7,1.93807867532e-8,1.99124716715e-9,4.69349392684e-10,3.72457923878e-12]},"barkbands_crest":{"dmean":2.20662689209,"dmean2":3.69602227211,"dvar":4.28041744232,"dvar2":11.3772783279,"max":26.9158916473,"mean":8.08762454987,"median":7.11078166962,"min":2.48273158073,"var":14.9348287582},"barkbands_flatness_db":{"dmean":0.0159637704492,"dmean2":0.0250114873052,"dvar":0.000329998205416,"dvar2":0.000718241091818,"max":0.625049829483,"mean":0.109871901572,"median":0.0973965227604,"min":0.0360478833318,"var":0.00336264702491},"barkbands_kurtosis":{"dmean":6.6592540741,"dmean2":10.6715307236,"dvar":17192.4511719,"dvar2":47070.9921875,"max":8099.53515625,"mean":12.5596818924,"median":-0.809266090393,"min":-1.88578510284,"var":28943.6054688},"barkbands_skewness":{"dmean":0.480784356594,"dmean2":0.759253144264,"dvar":1.62747097015,"dvar2":3.83868503571,"max":87.1619644165,"mean":0.794529139996,"median":0.374652802944,"min":-2.47556400299,"var":10.9351902008},"barkbands_spread":{"dmean":5.32150506973,"dmean2":8.32041549683,"dvar":27.0147342682,"dvar2":63.7226638794,"max":110.022659302,"mean":31.5318031311,"median":31.6742897034,"min":0.0662076994777,"var":129.871246338},"dissonance":{"dmean":0.0104376906529,"dmean2":0.0173882748932,"dvar":0.000107360974653,"dvar2":0.000293620687444,"max":0.499999910593,"mean":0.477458328009,"median":0.481565088034,"min":0.338520109653,"var":0.000289637479},"dynamic_complexity":2.63643622398,"erbbands":{"dmean":[0.0114830769598,0.269086778164,2.13592028618,1.86484253407,3.31163215637,3.95941019058,2.29757285118,4.37952136993,9.26023674011,23.054813385,9.24859428406,11.8669528961,7.73416090012,9.16206169128,11.8674545288,16.5971813202,15.6738166809,28.7444591522,20.0978393555,30.861787796,24.9149036407,26.4115905762,35.1870727539,23.4178409576,10.7233572006,8.59520339966,7.59109926224,6.92289304733,5.51688337326,3.34131145477,2.4506521225,1.19310832024,0.524311006069,0.260994940996,0.105323523283,0.0467584356666,0.0125617198646,0.00239509623498,0.0000804039518698,0.00000812295274955],"dmean2":[0.0178027972579,0.431017577648,3.61390066147,3.02568292618,5.59480428696,6.77013587952,3.76545667648,6.67649316788,14.2265233994,35.687625885,14.20403862,18.6411132812,12.1255884171,14.6997947693,19.1204509735,27.0338058472,24.6583957672,44.9791717529,32.1442337036,50.2524147034,39.968208313,42.298084259,55.5851325989,36.9257545471,16.3242549896,13.1746406555,11.4890127182,10.395980835,8.24186515808,4.88210344315,3.64625072479,1.84081947803,0.800691783428,0.39279410243,0.158942475915,0.0681747198105,0.0177764575928,0.00337023148313,0.000120451601106,0.0000119424730656],"dvar":[0.000597467296757,0.230511918664,15.4838924408,11.5811262131,41.8151359558,72.8548202515,16.9735488892,89.3700332642,332.113189697,1604.18896484,469.138946533,532.678955078,234.940063477,348.213195801,509.090118408,1412.8092041,795.427978516,1717.55102539,1117.07189941,2761.06616211,1253.01098633,1287.7989502,1902.27929688,1112.97302246,512.611755371,408.250152588,174.079101562,120.018699646,103.269081116,93.3820266724,79.4711914062,10.7947244644,1.494094491,0.211785778403,0.0384405888617,0.00807856954634,0.00065573269967,0.0000268810908892,3.78052789074e-8,9.54839748935e-11],"dvar2":[0.00139458314516,0.563335120678,44.6168060303,31.6057796478,110.340316772,196.429412842,42.3792610168,208.266998291,709.540039062,3739.15869141,1055.09509277,1291.86901855,549.939941406,864.89666748,1299.78527832,3889.48681641,1994.85961914,4305.38525391,2749.77685547,7365.40869141,3059.49438477,3166.64404297,4372.67626953,2694.41943359,1149.07006836,843.522705078,390.30456543,260.676391602,224.621444702,196.264709473,146.891616821,20.1486587524,3.02150535583,0.482565760612,0.0906755849719,0.0172970499843,0.00140810268931,0.0000579409534112,8.74583605537e-8,1.88311005678e-10],"max":[0.289912223816,7.54154729843,56.6113929749,60.5565185547,73.2313461304,114.249702454,78.7233734131,224.794250488,409.261901855,546.65032959,548.829223633,475.738677979,320.709411621,488.68258667,440.262268066,930.859375,752.16595459,603.24987793,698.436340332,895.709106445,736.849304199,818.779907227,676.706848145,783.14050293,741.675354004,453.705291748,240.184753418,203.761825562,243.846694946,358.75894165,252.746200562,100.486938477,30.606502533,11.8936910629,4.9581990242,2.05139708519,0.694237291813,0.116544641554,0.00442593917251,0.00017433836183],"mean":[0.0159579496831,0.478250473738,3.50085902214,3.64820599556,3.94651055336,4.70261240005,3.71409058571,8.6009645462,16.6058883667,39.7833213806,17.1616706848,21.4855613708,13.4688863754,15.8477811813,20.786365509,28.709941864,30.4243488312,54.4550018311,40.2010803223,53.5243606567,52.241859436,59.7965011597,74.8723526001,51.4209480286,24.6676368713,18.578327179,16.0465698242,14.3422222137,10.8152151108,6.04830980301,3.96083116531,2.09364557266,1.00405442715,0.562589883804,0.228285714984,0.0927942544222,0.0221157427877,0.00341478711925,0.000110492066597,0.0000311756593874],"median":[0.0058698374778,0.168367758393,1.60163891315,2.30875015259,1.60283219814,2.07880330086,1.80781126022,2.65597915649,6.08451938629,12.0432300568,7.17894411087,7.05784082413,5.63561964035,6.72268676758,9.8009595871,14.8133277893,18.6506271362,34.1256103516,23.01603508,32.4812316895,38.6014556885,45.0191383362,58.3016815186,39.5227127075,17.9590167999,11.2670450211,11.0565643311,10.4345674515,7.03699445724,3.46072816849,1.6362541914,1.10881388187,0.602104842663,0.394204437733,0.156806647778,0.055708989501,0.0114858960733,0.00134833564516,0.0000479817390442,0.0000292447293759],"min":[3.12530503223e-23,3.04140159702e-22,1.48825493686e-21,4.05834962968e-21,3.99748440389e-21,1.48740661225e-20,4.43522418353e-20,8.32635222458e-20,1.80998284965e-19,2.30865436879e-19,3.26205007662e-19,3.77857292886e-19,3.89358748165e-19,6.22467111125e-19,1.20874351949e-18,1.47558360989e-18,2.01782231831e-18,1.94732812535e-18,3.22618512792e-18,3.04521682825e-18,3.51195741799e-18,5.01705886465e-18,6.39990715267e-18,6.56510628794e-18,6.51746192542e-18,8.75255439856e-18,9.8571655983e-18,9.76568852154e-18,1.10364894053e-17,1.31292116873e-17,1.15722964743e-17,1.11892944799e-17,1.03791537879e-17,7.76112714922e-18,6.52998585349e-18,4.2700043429e-18,2.31813809791e-18,9.5710318303e-19,2.33941075343e-19,2.71594640556e-20],"var":[0.000756022986025,0.624119222164,28.1314125061,21.0702400208,41.0131454468,65.7959060669,34.7608032227,310.109130859,904.437988281,4351.37695312,1307.45019531,1272.51037598,534.359802246,826.150024414,1112.57434082,2819.41967773,1589.98413086,3899.79589844,2714.88476562,5156.24121094,2633.46435547,3466.96875,4547.29296875,2431.6628418,897.698486328,807.405700684,315.070831299,212.570022583,186.214324951,158.700469971,149.762802124,20.5509719849,2.79580950737,0.409278988838,0.0649885311723,0.0144486511126,0.00114004570059,0.0000392159563489,4.49224479837e-8,3.3206767891e-10]},"erbbands_crest":{"dmean":2.24065542221,"dmean2":3.66902065277,"dvar":4.76220178604,"dvar2":12.2262659073,"max":27.1604957581,"mean":8.24966239929,"median":7.42281293869,"min":2.14501714706,"var":12.021317482},"erbbands_flatness_db":{"dmean":0.0152096524835,"dmean2":0.0229408163577,"dvar":0.000218553715968,"dvar2":0.000457762071164,"max":0.349603354931,"mean":0.162233173847,"median":0.161887720227,"min":0.0270402207971,"var":0.00111697835382},"erbbands_kurtosis":{"dmean":1.2739084959,"dmean2":1.95442998409,"dvar":35.4941291809,"dvar2":56.9739837646,"max":220.91494751,"mean":1.60853469372,"median":0.157907009125,"min":-1.72701323032,"var":157.924621582},"erbbands_skewness":{"dmean":0.330262064934,"dmean2":0.504626274109,"dvar":0.183928176761,"dvar2":0.345285147429,"max":12.7525758743,"mean":-0.351451992989,"median":-0.501438319683,"min":-3.49311494827,"var":1.30257248878},"erbbands_spread":{"dmean":6.54276800156,"dmean2":10.5163059235,"dvar":42.0807380676,"dvar2":101.396453857,"max":181.03137207,"mean":32.1964759827,"median":30.3827934265,"min":1.7217361927,"var":182.359603882},"gfcc":{"cov":[[37121.546875,1698.6484375,-5167.24072266,844.026489258,-1527.63061523,281.71673584,-1047.09057617,370.165100098,-552.373046875,36.8297691345,-616.364624023,-166.627914429,-770.308776855],[1698.6484375,583.198913574,-217.665283203,0.695268452168,20.4886455536,-47.792678833,11.823176384,3.19663047791,5.26342105865,7.51728820801,-33.8288078308,-62.5129966736,-19.2920570374],[-5167.24072266,-217.665283203,1262.43981934,-0.435216516256,284.120910645,-0.61157977581,90.7047119141,-41.9679260254,27.9509887695,11.8043766022,45.621181488,61.541557312,84.5986709595],[844.026489258,0.695268452168,-0.435216516256,275.65814209,63.0423469543,29.433259964,-53.3138198853,-31.8569793701,-12.4990730286,2.6544573307,-10.7290830612,8.98610019684,-2.4887444973],[-1527.63061523,20.4886455536,284.120910645,63.0423469543,297.090423584,56.5619316101,110.446990967,-8.52060604095,21.1299743652,5.46077489853,-14.4333629608,-5.31373643875,31.1831436157],[281.71673584,-47.792678833,-0.61157977581,29.433259964,56.5619316101,165.553863525,78.7267150879,27.5307178497,-26.9087810516,-22.8455276489,-30.7233028412,-8.12447834015,-19.7905426025],[-1047.09057617,11.823176384,90.7047119141,-53.3138198853,110.446990967,78.7267150879,209.768981934,40.1132049561,8.902551651,-24.0749073029,-8.07896518707,-27.3692836761,15.2272338867],[370.165100098,3.19663047791,-41.9679260254,-31.8569793701,-8.52060604095,27.5307178497,40.1132049561,106.666687012,22.1182022095,13.6206512451,-9.74219703674,-6.90110731125,-23.3227005005],[-552.373046875,5.26342105865,27.9509887695,-12.4990730286,21.1299743652,-26.9087810516,8.902551651,22.1182022095,108.129234314,38.8758850098,23.6831073761,-17.0554542542,5.96310997009],[36.8297691345,7.51728820801,11.8043766022,2.6544573307,5.46077489853,-22.8455276489,-24.0749073029,13.6206512451,38.8758850098,78.0676651001,27.0368747711,6.0825009346,-8.13284397125],[-616.364624023,-33.8288078308,45.621181488,-10.7290830612,-14.4333629608,-30.7233028412,-8.07896518707,-9.74219703674,23.6831073761,27.0368747711,97.4202041626,31.3232192993,11.3017702103],[-166.627914429,-62.5129966736,61.541557312,8.98610019684,-5.31373643875,-8.12447834015,-27.3692836761,-6.90110731125,-17.0554542542,6.0825009346,31.3232192993,78.2635574341,27.0624217987],[-770.308776855,-19.2920570374,84.5986709595,-2.4887444973,31.1831436157,-19.7905426025,15.2272338867,-23.3227005005,5.96310997009,-8.13284397125,11.3017702103,27.0624217987,74.3552627563]],"icov":[[0.000316143414238,-0.000688541273121,0.000825899944175,-0.00087253190577,0.000759194721468,-0.00068567605922,0.000773660372943,-0.000834824284539,0.000891731877346,-0.000747284386307,0.00130704825278,-0.000932375551201,0.00119390897453],[-0.000688541273121,0.00368228275329,-0.00133430399001,0.00186589069199,-0.00236158352345,0.00267649930902,-0.00195934413932,0.00173700286541,-0.00140156934503,0.00119190884288,-0.00252622575499,0.00339268241078,-0.00255638430826],[0.000825899944175,-0.00133430399001,0.00338882138021,-0.00200163526461,0.000672664842568,-0.00137860316318,0.00197816430591,-0.00194693228696,0.0023337865714,-0.00194939319044,0.00316888047382,-0.00289386091754,0.00279370346107],[-0.00087253190577,0.00186589069199,-0.00200163526461,0.00722772954032,-0.0040314658545,0.000351004156983,0.000415595190134,0.00309182400815,-0.00238993600942,0.00221135420725,-0.00373627920635,0.00249173026532,-0.00327248452231],[0.000759194721468,-0.00236158352345,0.000672664842568,-0.0040314658545,0.00875965598971,-0.00272001698613,-0.00166788010392,-0.000492377090268,0.000878683582414,-0.00366632291116,0.00496617006138,-0.00283474801108,0.00194707734045],[-0.00068567605922,0.00267649930902,-0.00137860316318,0.000351004156983,-0.00272001698613,0.0117953829467,-0.00576798105612,0.00067680439679,-0.0000953143608058,0.00237938505597,-0.000749245868064,0.000542377412785,0.00102931214496],[0.000773660372943,-0.00195934413932,0.00197816430591,0.000415595190134,-0.00166788010392,-0.00576798105612,0.0125606507063,-0.00582720106468,0.0026063809637,0.00121579598635,0.0000903819236555,0.00240489398129,-0.000931042537559],[-0.000834824284539,0.00173700286541,-0.00194693228696,0.00309182400815,-0.000492377090268,0.00067680439679,-0.00582720106468,0.0159499328583,-0.00613667303696,-0.00048478069948,-0.000229524244787,-0.00162850483321,0.00177032127976],[0.000891731877346,-0.00140156934503,0.0023337865714,-0.00238993600942,0.000878683582414,-0.0000953143608058,0.0026063809637,-0.00613667303696,0.0172715913504,-0.00781437940896,0.000211966776988,0.00408847630024,-0.000473360356409],[-0.000747284386307,0.00119190884288,-0.00194939319044,0.00221135420725,-0.00366632291116,0.00237938505597,0.00121579598635,-0.00048478069948,-0.00781437940896,0.0210197735578,-0.00698916334659,0.000306239468046,0.000505980511662],[0.00130704825278,-0.00252622575499,0.00316888047382,-0.00373627920635,0.00496617006138,-0.000749245868064,0.0000903819236555,-0.000229524244787,0.000211966776988,-0.00698916334659,0.020935298875,-0.0112009029835,0.00689536426216],[-0.000932375551201,0.00339268241078,-0.00289386091754,0.00249173026532,-0.00283474801108,0.000542377412785,0.00240489398129,-0.00162850483321,0.00408847630024,0.000306239468046,-0.0112009029835,0.0259341504425,-0.0131040923297],[0.00119390897453,-0.00255638430826,0.00279370346107,-0.00327248452231,0.00194707734045,0.00102931214496,-0.000931042537559,0.00177032127976,-0.000473360356409,0.000505980511662,0.00689536426216,-0.0131040923297,0.0258842408657]],"mean":[-13.3744430542,69.6852645874,-140.173416138,45.7176628113,-50.7244186401,11.2609014511,-41.4514846802,9.15078830719,-22.2250366211,3.68543291092,-20.5369701385,-2.46336746216,-20.5424461365]},"hfc":{"dmean":6.95874643326,"dmean2":9.83799362183,"dvar":70.1804580688,"dvar2":134.273803711,"max":142.077667236,"mean":27.4248218536,"median":25.7925243378,"min":1.06566234181e-16,"var":272.746643066},"melbands":{"dmean":[0.00016662607959,0.000831932818983,0.000338268699124,0.000287396571366,0.0000909378795768,0.0000975113653112,0.000173574197106,0.000218696281081,0.0000775136213633,0.0000753762578825,0.0000396492723667,0.0000359765072062,0.0000522264745086,0.0000376508651243,0.000046129731345,0.0000429640458606,0.000055359894759,0.000037869776861,0.000036431607441,0.0000326480694639,0.0000331795672537,0.0000325961627823,0.0000249034528679,0.000053568277508,0.0000163910008268,0.0000108854055725,0.00000632558476354,0.00000606077855991,0.00000529569888386,0.00000459744296677,0.0000044531225285,0.00000385276189263,0.00000202577371056,0.00000195063921637,0.00000164099776612,9.29485338474e-7,7.15500618753e-7,4.10801874295e-7,2.84896202629e-7,2.06339848319e-7],"dmean2":[0.000260312517639,0.00139208149631,0.000549129908904,0.000485618511448,0.000150951120304,0.000149229672388,0.00026669257204,0.000338385958457,0.000120108037663,0.000118972704513,0.000062253086071,0.0000576826678298,0.0000844711830723,0.0000617668338236,0.0000747255980968,0.0000674364564475,0.0000870781441336,0.0000607278307143,0.0000598716833338,0.0000528700256837,0.000053739258874,0.0000532457888767,0.0000400299795729,0.0000867493290571,0.0000257756601059,0.0000170970470208,0.00000978737352852,0.00000941523376241,0.00000821292996989,0.00000707161962055,0.00000687289912094,0.00000591387788518,0.00000301558134197,0.00000291441688205,0.0000024967889658,0.00000140230440593,0.0000011342643802,6.45831789825e-7,4.28373652994e-7,3.19111450153e-7],"dvar":[9.45958902321e-8,0.00000221489904106,3.12256361212e-7,3.63842644902e-7,2.66574282648e-8,4.05166566964e-8,8.70974830036e-8,1.38992959364e-7,2.88185244557e-8,2.0996255401e-8,6.26826812677e-9,5.56653834138e-9,1.18505756319e-8,6.46208953015e-9,9.92339099781e-9,3.9481657943e-9,7.01628843913e-9,5.30302068924e-9,3.12890158227e-9,2.53451082344e-9,2.07414707631e-9,2.20113904881e-9,1.2066403432e-9,5.20430099016e-9,7.38104910525e-10,6.75359823621e-10,1.75426270732e-10,2.21753129748e-10,8.64330065853e-11,6.03021799161e-11,4.8114828094e-11,4.93618999842e-11,1.94539245824e-11,4.27231965083e-11,3.95853697044e-11,9.94405165849e-12,3.20131399688e-12,1.01731080157e-12,2.63484356946e-13,1.39533580545e-13],"dvar2":[2.25492939876e-7,0.00000620913806415,8.32390753658e-7,9.64806076809e-7,6.96677204814e-8,9.40382989256e-8,1.90261530975e-7,3.23759252296e-7,6.6973584012e-8,5.07456654475e-8,1.46461820449e-8,1.37836702052e-8,2.98640792096e-8,1.72715388658e-8,2.64367887581e-8,9.64701918349e-9,1.7841076172e-8,1.31086697053e-8,8.30157631526e-9,6.59173071682e-9,5.13608444663e-9,5.54960788435e-9,3.00580493828e-9,1.24366925647e-8,1.84988113716e-9,1.64898017463e-9,3.91966792357e-10,4.73777517218e-10,2.0509167975e-10,1.38695152585e-10,1.08245037933e-10,1.11550997606e-10,4.49225275034e-11,8.96660731775e-11,7.64172822243e-11,1.87977931831e-11,6.50803456265e-12,2.18800888865e-12,5.47102022973e-13,3.33587080485e-13],"max":[0.00378068955615,0.0224642176181,0.00859030894935,0.00717622507364,0.00222936016507,0.00431709969416,0.00591805018485,0.00492415158078,0.00397900957614,0.00272035575472,0.00167917541694,0.0020214645192,0.00236562779173,0.00167598435655,0.00223173387349,0.000954125600401,0.00124293495901,0.00131042429712,0.000982427503914,0.000869332405273,0.000883398402948,0.00107049499638,0.000501160451677,0.00116260221694,0.00076317624189,0.000976201903541,0.00027830718318,0.000314019009238,0.000155149653438,0.000161586707691,0.000123068122775,0.000146708203829,0.000105856845039,0.000269173062406,0.000177804788109,0.00011719417671,0.0000450653897133,0.0000268070616585,0.0000164083339769,0.00000983506652119],"mean":[0.000266998249572,0.00144456385169,0.000659645011183,0.000332393625285,0.000141429947689,0.000189002457773,0.000312167103402,0.000374921859475,0.000136597736855,0.000134406829602,0.000065169937443,0.0000599653940299,0.0000838495980133,0.0000612648509559,0.0000769133694121,0.0000794222723925,0.000101579404145,0.000068937697506,0.0000620928331045,0.0000597815924266,0.000062441220507,0.0000648814675515,0.0000502731018059,0.0000907534194994,0.0000345508597093,0.0000221454101847,0.0000128453075376,0.0000119350306704,0.0000104483679024,0.00000878960599948,0.00000841552264319,0.00000685852137394,0.00000403047442887,0.00000306132596961,0.00000247323464464,0.00000155776547217,0.00000119403557619,7.25018878711e-7,5.68094833397e-7,4.33981483638e-7],"median":[0.0000929071829887,0.000682900194079,0.000426203914685,0.00013688216859,0.0000745529978303,0.0000580781052122,0.000119124932098,0.000119556993013,0.0000444359247922,0.0000421067343268,0.0000247503812716,0.0000243175200012,0.0000321705883835,0.0000288360206468,0.0000378024087695,0.0000499328562,0.0000598512560828,0.0000302514217765,0.0000384167906304,0.0000371280075342,0.0000445255536761,0.0000463136275357,0.0000339630751114,0.0000624109816272,0.0000249334170803,0.0000150356772792,0.00000839176846057,0.00000675765022606,0.00000684286987962,0.00000617257273916,0.00000586999794905,0.00000425859207098,0.00000261181412498,0.00000145764818171,9.15860653095e-7,7.42802171771e-7,6.54841414871e-7,4.16591063868e-7,3.81567417662e-7,3.04210203694e-7],"min":[4.65410283318e-25,1.02170148444e-24,8.06415722768e-25,1.06019345927e-24,1.31352115062e-24,2.00389701195e-24,3.15010599078e-24,2.63503365943e-24,2.66411915822e-24,2.26542017925e-24,1.74775269274e-24,2.07947501427e-24,3.37320867377e-24,3.239142749e-24,2.87616496955e-24,4.71283451365e-24,2.99406871209e-24,4.17662919029e-24,3.96537500088e-24,3.95446111026e-24,3.33092651811e-24,4.72718428794e-24,4.93812214412e-24,4.34820091515e-24,3.54921458578e-24,5.02105154122e-24,4.16499467523e-24,4.46937310563e-24,5.37416067075e-24,5.54183384502e-24,4.87030061666e-24,4.95237488853e-24,5.44436455815e-24,6.5260313043e-24,6.22308899517e-24,5.09267537825e-24,6.35918525069e-24,6.25770263397e-24,6.50734161173e-24,5.81210547975e-24],"var":[1.90078267792e-7,0.00000454265091321,5.91204582179e-7,3.25514548649e-7,4.17800265495e-8,1.39557059242e-7,2.46342267474e-7,3.64399369346e-7,8.04588893288e-8,5.00462356001e-8,1.38272362449e-8,1.30360779949e-8,2.49665390584e-8,1.28981758607e-8,1.77882970576e-8,8.41916580896e-9,1.57871653528e-8,1.27047723453e-8,5.86965365201e-9,5.14572118249e-9,4.05461531017e-9,5.1011888047e-9,2.849214642e-9,1.00088026755e-8,1.41016665012e-9,9.54835099876e-10,3.15468651202e-10,4.14882045385e-10,1.53881810072e-10,9.38622027324e-11,8.12877404277e-11,7.99304719634e-11,3.1991211763e-11,7.01685931581e-11,7.07762182195e-11,1.72738507526e-11,5.59775619954e-12,1.68646455308e-12,5.45524508812e-13,2.41029228911e-13]},"melbands_crest":{"dmean":3.22755742073,"dmean2":5.37303113937,"dvar":9.18692207336,"dvar2":24.7102241516,"max":39.9906921387,"mean":12.8277654648,"median":11.5675849915,"min":1.00387465954,"var":39.7695579529},"melbands_flatness_db":{"dmean":0.0201862230897,"dmean2":0.0321378521621,"dvar":0.000500793044921,"dvar2":0.00114505819511,"max":0.695782065392,"mean":0.141423672438,"median":0.12696044147,"min":-3.53774026962e-7,"var":0.00554469926283},"melbands_kurtosis":{"dmean":12.6982660294,"dmean2":20.9964008331,"dvar":69374.3984375,"dvar2":197236.6875,"max":14684.9296875,"mean":20.3858070374,"median":1.24395990372,"min":-1.72126162052,"var":75814.234375},"melbands_skewness":{"dmean":0.617935597897,"dmean2":0.984917402267,"dvar":3.91684317589,"dvar2":9.91243648529,"max":116.116333008,"mean":1.87781822681,"median":1.38371872902,"min":-1.21452200413,"var":14.0605220795},"melbands_spread":{"dmean":10.5863637924,"dmean2":16.5133190155,"dvar":126.888336182,"dvar2":272.183380127,"max":205.631622314,"mean":46.5500984192,"median":43.7348403931,"min":0.0625774264336,"var":624.380371094},"mfcc":{"cov":[[14134.8701172,774.321838379,-1440.43603516,82.452331543,-313.0027771,-96.5168991089,-207.478149414,109.369354248,-43.3089485168,-39.3351860046,288.247283936,146.110198975,-92.3467102051],[774.321838379,758.861816406,-79.4363632202,92.6525344849,19.3579616547,6.76848220825,28.4442501068,-10.334446907,67.6745452881,19.5545864105,37.7150382996,16.2073059082,-12.5388069153],[-1440.43603516,-79.4363632202,523.009033203,65.1943969727,119.727470398,27.9944820404,17.3492431641,-6.53114891052,-27.9860363007,-11.7339801788,-40.8970413208,-18.9626502991,16.2050304413],[82.452331543,92.6525344849,65.1943969727,247.883087158,125.508735657,62.1499595642,-3.29053711891,-23.0206890106,9.85790920258,-4.86604595184,-15.6722774506,-0.122797690332,16.3857326508],[-313.0027771,19.3579616547,119.727470398,125.508735657,194.082717896,77.68800354,5.39173603058,-5.30366754532,13.7775802612,-3.71885037422,6.37301158905,-6.65547037125,0.375172406435],[-96.5168991089,6.76848220825,27.9944820404,62.1499595642,77.68800354,158.298538208,75.3443603516,32.2454528809,34.50157547,-1.47364604473,3.31389474869,-14.4277410507,-25.3184642792],[-207.478149414,28.4442501068,17.3492431641,-3.29053711891,5.39173603058,75.3443603516,171.851806641,78.4077301025,43.1093978882,2.76721978188,10.0026035309,-12.0376987457,-17.8168945312],[109.369354248,-10.334446907,-6.53114891052,-23.0206890106,-5.30366754532,32.2454528809,78.4077301025,106.639213562,47.3078269958,0.312104105949,11.7278547287,-5.86984062195,-13.4839172363],[-43.3089485168,67.6745452881,-27.9860363007,9.85790920258,13.7775802612,34.50157547,43.1093978882,47.3078269958,113.87702179,36.9678153992,17.4527721405,-9.88719940186,-13.1120347977],[-39.3351860046,19.5545864105,-11.7339801788,-4.86604595184,-3.71885037422,-1.47364604473,2.76721978188,0.312104105949,36.9678153992,96.5918579102,26.7923297882,-1.32598674297,-5.34299087524],[288.247283936,37.7150382996,-40.8970413208,-15.6722774506,6.37301158905,3.31389474869,10.0026035309,11.7278547287,17.4527721405,26.7923297882,99.6949768066,30.5269794464,-11.3852863312],[146.110198975,16.2073059082,-18.9626502991,-0.122797690332,-6.65547037125,-14.4277410507,-12.0376987457,-5.86984062195,-9.88719940186,-1.32598674297,30.5269794464,72.0322647095,40.561882019],[-92.3467102051,-12.5388069153,16.2050304413,16.3857326508,0.375172406435,-25.3184642792,-17.8168945312,-13.4839172363,-13.1120347977,-5.34299087524,-11.3852863312,40.561882019,84.9446563721]],"icov":[[0.000129047766677,-0.000107699313958,0.000307770067593,-0.000228034172324,0.000167445701663,-0.0000700434466125,0.000328623253154,-0.000484926538775,0.000318953796523,0.0000561327033211,-0.000268363743089,-0.0000492615472467,0.00012032205268],[-0.000107699313958,0.00168747373391,-0.0000647660635877,-0.00059880851768,-0.0000154193094204,0.000629608693998,-0.000903529464267,0.00129415886477,-0.00142998341471,0.000208115307032,-0.000122072495287,-0.000513923936523,0.000484919175506],[0.000307770067593,-0.0000647660635877,0.00322882644832,-0.000390770932427,-0.00154805183411,0.00040260591777,0.000056955475884,-0.00116923707537,0.0015421952121,-0.000224170347792,0.000328869937221,0.000214010535274,-0.0000965391664067],[-0.000228034172324,-0.00059880851768,-0.000390770932427,0.00735847651958,-0.0042891567573,-0.00121979403775,-0.000371153699234,0.00206479500048,-0.000728518527467,-0.000198757625185,0.00202045030892,-0.0000949994719122,-0.00158469181042],[0.000167445701663,-0.0000154193094204,-0.00154805183411,-0.0042891567573,0.0109202070162,-0.00408388487995,0.00229868665338,-0.000566010188777,-0.000435854395619,0.001014520647,-0.00326884211972,0.00154436554294,-0.000749755825382],[-0.0000700434466125,0.000629608693998,0.00040260591777,-0.00121979403775,-0.00408388487995,0.0116366669536,-0.00499316118658,0.000841556990054,-0.00176279444713,0.000512423575856,0.0011450513266,-0.00126474036369,0.00326553592458],[0.000328623253154,-0.000903529464267,0.000056955475884,-0.000371153699234,0.00229868665338,-0.00499316118658,0.0119618456811,-0.00794708076864,0.000975421047769,0.0000305968678731,-0.00151491072029,0.00123200949747,-0.000605179229751],[-0.000484926538775,0.00129415886477,-0.00116923707537,0.00206479500048,-0.000566010188777,0.000841556990054,-0.00794708076864,0.0192191824317,-0.00740277487785,0.00246947095729,0.000137133916724,-0.000512405822519,0.000401572120609],[0.000318953796523,-0.00142998341471,0.0015421952121,-0.000728518527467,-0.000435854395619,-0.00176279444713,0.000975421047769,-0.00740277487785,0.0154075175524,-0.00509834615514,-0.00100494746584,0.00199892790988,-0.000543595408089],[0.0000561327033211,0.000208115307032,-0.000224170347792,-0.000198757625185,0.001014520647,0.000512423575856,0.0000305968678731,0.00246947095729,-0.00509834615514,0.0134069453925,-0.00408025085926,0.00181908300146,-0.000639682926703],[-0.000268363743089,-0.000122072495287,0.000328869937221,0.00202045030892,-0.00326884211972,0.0011450513266,-0.00151491072029,0.000137133916724,-0.00100494746584,-0.00408025085926,0.0167690701783,-0.010409809649,0.00610410189256],[-0.0000492615472467,-0.000513923936523,0.000214010535274,-0.0000949994719122,0.00154436554294,-0.00126474036369,0.00123200949747,-0.000512405822519,0.00199892790988,0.00181908300146,-0.010409809649,0.0269136149436,-0.0141824111342],[0.00012032205268,0.000484919175506,-0.0000965391664067,-0.00158469181042,-0.000749755825382,0.00326553592458,-0.000605179229751,0.000401572120609,-0.000543595408089,-0.000639682926703,0.00610410189256,-0.0141824111342,0.0206785369664]],"mean":[-628.934570312,91.9958267212,-24.7183532715,30.4484767914,7.37351751328,6.93740081787,-5.01388692856,2.53284168243,-0.391991347075,-2.47881293297,5.70567464828,3.61657977104,-4.89850997925]},"pitch_salience":{"dmean":0.0591902993619,"dmean2":0.0961510911584,"dvar":0.00298964791,"dvar2":0.0076696597971,"max":0.996342241764,"mean":0.530759036541,"median":0.540795445442,"min":0.00207576551475,"var":0.0141124743968},"silence_rate_20dB":{"dmean":0,"dmean2":0,"dvar":0,"dvar2":0,"max":1,"mean":1,"median":1,"min":1,"var":0},"silence_rate_30dB":{"dmean":0,"dmean2":0,"dvar":0,"dvar2":0,"max":1,"mean":1,"median":1,"min":1,"var":0},"silence_rate_60dB":{"dmean":0.00495540117845,"dmean2":0.00991244055331,"dvar":0.00493107084185,"dvar2":0.0111367329955,"max":1,"mean":0.061271674931,"median":0,"min":0,"var":0.0575171671808},"spectral_centroid":{"dmean":256.427398682,"dmean2":397.244873047,"dvar":96596.421875,"dvar2":195920.421875,"max":11900.0429688,"mean":2207.30664062,"median":2115.38623047,"min":104.427932739,"var":1522613.125},"spectral_complexity":{"dmean":3.98381233215,"dmean2":5.89988422394,"dvar":14.5436306,"dvar2":28.4991607666,"max":57,"mean":26.0797691345,"median":27,"min":0,"var":107.571365356},"spectral_contrast_coeffs":{"dmean":[0.0476683266461,0.0486579425633,0.0365702100098,0.0302779618651,0.0233480576426,0.0188258178532],"dmean2":[0.0792854428291,0.0779378935695,0.0589436404407,0.0487408638,0.0373675525188,0.0308491103351],"dvar":[0.00168169499375,0.00158565177117,0.000830935838167,0.000604469503742,0.000355232536094,0.000294862198643],"dvar2":[0.00449540046975,0.003916782327,0.00215790118091,0.00155053008348,0.000874946534168,0.000743016425986],"max":[-0.370874881744,-0.441294938326,-0.543037354946,-0.588588297367,-0.621401667595,-0.523662924767],"mean":[-0.633308529854,-0.717290222645,-0.770230591297,-0.753912568092,-0.756529510021,-0.72792583704],"median":[-0.630795896053,-0.718374192715,-0.775319814682,-0.748319089413,-0.749064564705,-0.720404028893],"min":[-0.976955771446,-0.992458701134,-0.997033536434,-0.983098566532,-0.989235639572,-0.964350700378],"var":[0.00688069825992,0.00796066038311,0.0050078057684,0.00356574426405,0.00277008814737,0.00284828618169]},"spectral_contrast_valleys":{"dmean":[0.43347120285,0.359756022692,0.315710544586,0.265668392181,0.224317505956,0.253327310085],"dmean2":[0.705904483795,0.578410685062,0.505838036537,0.408869475126,0.322269707918,0.374217361212],"dvar":[0.21600343287,0.17652463913,0.163856104016,0.147120714188,0.140360847116,0.149723872542],"dvar2":[0.429884076118,0.330967634916,0.310795038939,0.262424021959,0.226542115211,0.26153203845],"max":[-5.77095270157,-5.28995800018,-5.77572870255,-5.76806259155,-5.71938085556,-7.88960027695],"mean":[-8.0971660614,-7.4275803566,-7.86716508865,-7.76145744324,-7.45686101913,-10.248383522],"median":[-7.65948009491,-6.89559173584,-7.34715557098,-7.20692062378,-6.91776657104,-9.8002872467],"min":[-28.1332435608,-27.8466033936,-27.720659256,-27.664932251,-27.4980354309,-27.3896369934],"var":[7.2197933197,7.8494644165,7.61325407028,7.73025131226,7.83282136917,5.87588691711]},"spectral_decrease":{"dmean":1.36016686803e-9,"dmean2":2.07685579845e-9,"dvar":2.37045148139e-18,"dvar2":5.66150783526e-18,"max":2.06085722591e-28,"mean":-5.02444175154e-9,"median":-4.71028638316e-9,"min":-2.37848301055e-8,"var":8.9570069762e-18},"spectral_energy":{"dmean":0.00556637626141,"dmean2":0.00841424521059,"dvar":0.0000374944320356,"dvar2":0.0000865880574565,"max":0.0924702882767,"mean":0.0214509237558,"median":0.0203801505268,"min":1.00048189791e-20,"var":0.000151148080477},"spectral_energyband_high":{"dmean":0.000478338071844,"dmean2":0.00066713913111,"dvar":8.05770014267e-7,"dvar2":0.00000153261817104,"max":0.0175921786577,"mean":0.0011362809455,"median":0.000796828127932,"min":7.06377184879e-21,"var":0.0000017369205807},"spectral_energyband_low":{"dmean":0.00286265090108,"dmean2":0.00468711135909,"dvar":0.0000243643607973,"dvar2":0.000066992615757,"max":0.0730696991086,"mean":0.00547349406406,"median":0.00297490088269,"min":1.21011199752e-23,"var":0.0000512563419761},"spectral_energyband_middle_high":{"dmean":0.00232775020413,"dmean2":0.00350509514101,"dvar":0.00000621047865934,"dvar2":0.0000142953340401,"max":0.0394710414112,"mean":0.00833526626229,"median":0.00777502730489,"min":1.30777446696e-21,"var":0.0000280136900983},"spectral_energyband_middle_low":{"dmean":0.00288449157961,"dmean2":0.00454458827153,"dvar":0.0000125386341097,"dvar2":0.0000311376643367,"max":0.04397803545,"mean":0.007062592078,"median":0.00607314938679,"min":1.46788460453e-22,"var":0.0000311227813654},"spectral_entropy":{"dmean":0.113260298967,"dmean2":0.166205734015,"dvar":0.0185630563647,"dvar2":0.0376711227,"max":9.82387828827,"mean":7.75524616241,"median":7.75707912445,"min":4.27405595779,"var":0.198467150331},"spectral_flux":{"dmean":0.0166248008609,"dmean2":0.0259188488126,"dvar":0.000271742552286,"dvar2":0.000614565331489,"max":0.232019707561,"mean":0.0743355900049,"median":0.0738700777292,"min":6.40968944587e-11,"var":0.00101691158488},"spectral_kurtosis":{"dmean":1.09576642513,"dmean2":1.87798094749,"dvar":1.37610018253,"dvar2":3.73857545853,"max":32.1251907349,"mean":3.87866711617,"median":3.68157672882,"min":-1.25124335289,"var":4.69175577164},"spectral_rms":{"dmean":0.000569261086639,"dmean2":0.000846723734867,"dvar":3.12965084959e-7,"dvar2":6.72410578773e-7,"max":0.00949815381318,"mean":0.00431250082329,"median":0.00445904396474,"min":3.12422787294e-12,"var":0.00000233010746342},"spectral_rolloff":{"dmean":441.212799072,"dmean2":727.249816895,"dvar":392040.1875,"dvar2":810638.1875,"max":20090.4785156,"mean":2758.42260742,"median":2627.05078125,"min":21.533203125,"var":5136882},"spectral_skewness":{"dmean":0.155320495367,"dmean2":0.254742264748,"dvar":0.0276597049087,"dvar2":0.0668562576175,"max":4.97919130325,"mean":1.27322745323,"median":1.27399206161,"min":-0.0794019326568,"var":0.14709675312},"spectral_spread":{"dmean":405745.75,"dmean2":659463.8125,"dvar":763115601920,"dvar2":1385695674370,"max":42445992,"mean":4545526.5,"median":3811691,"min":2120467.25,"var":20745224716300},"spectral_strongpeak":{"dmean":0.87793135643,"dmean2":1.53647327423,"dvar":1.97435414791,"dvar2":4.94052839279,"max":14.4494342804,"mean":1.28333330154,"median":0.63390904665,"min":0,"var":2.63196969032},"zerocrossingrate":{"dmean":0.00922596734017,"dmean2":0.0110965603963,"dvar":0.000147844708408,"dvar2":0.000182994219358,"max":0.529296875,"mean":0.0887246131897,"median":0.08251953125,"min":0,"var":0.00347821856849}},"metadata":{"audio_properties":{"analysis_sample_rate":44100,"bit_rate":160000,"codec":"mp3","downmix":"mix","equal_loudness":0,"length":140.56489563,"lossless":false,"md5_encoded":"26a92bf8dd541956409226bbbe01696e","replay_gain":-14.96118927,"sample_rate":44100},"tags":{"acoustid_fingerprint":["AQADtEmZKMqE58IF8ccPUV-IU-ihxUyKvyGeF2I45Id_4sKzU4TThLjg4wmD5A8FR1IexFmiEz_8THhsnMEzMRXO2CruCPk-lDy0MJtwHZeu4M0cVB-05OqQ53hynEuQ60E_iJ6MPkKu4z3-TMIlOoiko3mGh4J-4Xt6_GCuGY0MjjpxH82oVdmgvcexI5dSBldoCqWFJmxyIW_y4JIp4ctiaNwDl0Sf40x2xNuHX8F1uObx4yYamcWfoXGiBx-JG5UvhFEYqEfuHOeD49jHE82XHv3w9MNNVD_CHPpChFyIHhVbBdsX_PAzXHCPvJkVHOp15AE8tB2u4-YRbji0A1oY-2h_vJFw65gS6-ir404F6YVPI6KYDN-PMClj40d_oZIOi5FyPJshjvow3XiQZWHQMGJwE9N6-Dv64_uDUDzeQVulHKN-hPgDTwc_PTDqqriaC7nebVD1o9aR3kIfHNeWgh7foLyQoqIyC8caGqGa5Phx5jCPvigcGfkHR8vRF6hPPBv-QjuO-rgghj56fCH-1Jh5aD-an3imG4cehPEUG5MSnjg-NSmuePjRk8yQLE-M2Mf5oBWPphKPUnqDRvRxxD-SHY2NWTs-1GKO__iQcwrxgZ-D8MJ1gtRT4TwqjoZTvniIB6E3Q7kQ6w3eb_iSo1eQ41CPMMrT48vmoCTCPCMeQdcyNDkH68bxQy8LpMcb482RZ8cP9UPcbMYvVOJyHL-Ay0SY9xk05R9CiTn87Jie7Lh8HGGmF9Kfw1ZQM-mgGz_y3FrA6Qy6Y8pDXD_e9IidHZqlBDlT9LlxPfiRL_GEQ3OR5hGDKhcu0cifA-JxXXj0BL2h5ohxHcfFw7iP7xpyQtP0FvlwY3qN6-j14dJxnJKCMxlyXYEWJQ9CHVd24WEmEUez_Dhz2MlelKKiHKGSF028QvqRHz8u4_hetIepcMhibtD0Zkj1SJh1Bx8umCu6FLGlVHgOXTsaJwrKxClGMXmF4z2a6PiFSy_0HJ6WBO2k4CK-C7_QOBc048J3NBKF9pBmHTmLWs_xNMU5XDiZwu0DRmESpTNi-ngDLS9RMpgzrbiOJr-KaX9wHrnCo94SonlwDmGqHnqOMEmWBVeq4Lgf9OkQ5scdXM6HRroxVcdPRD_G-7BzIT_xoz2aBzkpopV2-A58Hd_CIbUiiC8RRxEfmFxXVHo8PBf2CL6Qpzx-g9MSjnhmHo1-VF9xCld2_DPePcUnpWgmRagayPdxLrFxHo21Y1ok3D9mBmUe-B_6C8c1lrgi3fjxi6CerHipJviOJ8qoQzuDJseDZ1lwksIT1LKDKYeOr4bOHv5xCXbCCv-DL0YTMdAU_MGPC7kO1E6Pxhp-xXi64-vRTEZ_5COS49h6PIqM6zimRMYt5GEuJJ542Cl81Av-40tu_Ajjo3ZO6BQ6XxDzxZh68IFmKsWlHMWOo6HSVIMm_XhwHbkQcmEc_B7E8nizHD0-svihfFFq5GjIGwzJ4HzQ3CiP8IQY5CH8octfVNcDnyd-pFuy49ApYy_yTPnx_MMfpPFRQheepWio8Cg-PtDDotKDPMdz_BoaVXgsHD38Cz98HD_y44F2PUDO47Ix_Uh_1DiT48PV49yP8kVT8QmeQ9eWHpGePGiO4xId3LRxMwjlPtDyFTnxJWg8Gf