{"lowlevel":{"average_loudness":0.828763484955,"barkbands":{"dmean":[0.00248643918894,0.00644853198901,0.00123117724434,0.000892042531632,0.000824798014946,0.00121428817511,0.00178709079046,0.000670988112688,0.000872344477102,0.000661766098347,0.000530135992449,0.000460015464341,0.000411729997722,0.000375008268747,0.000224703777349,0.000154749242938,0.0000855348334881,0.0000693195470376,0.0000685699706082,0.0000698936200934,0.0000534477512701,0.0000341411287081,0.00000866830578161,0.00000204229081646,0.00000200471367862,0.00000350048730979,0.00019049824914],"dmean2":[0.00421700067818,0.0106707094237,0.00211416557431,0.00150673789904,0.00137845170684,0.00188824324869,0.002632699674,0.00103557424154,0.00139004492667,0.00103986042086,0.000857130624354,0.000762148178183,0.000674558337778,0.000620871898718,0.000375807838282,0.000259287684457,0.000142923672684,0.000113112801046,0.000107380787085,0.000105363076727,0.0000791286220192,0.0000485765012854,0.0000130869721033,0.00000336768221132,0.00000329073714056,0.00000550534605281,0.000293628079817],"dvar":[0.0000399879463657,0.000119440992421,0.00000365151890946,0.0000020198231141,0.00000229494116866,0.00000628285761195,0.000018358028683,0.00000300926353702,0.00000594542007093,0.00000274466060546,0.00000223453093895,0.00000117631111607,5.32079468485e-7,4.07042620054e-7,1.13000702129e-7,6.59175469764e-8,3.22920854501e-8,1.88719440075e-8,2.04683772154e-8,1.79650037069e-8,1.64594275986e-8,1.80805894701e-8,4.45341846733e-10,1.33721523438e-11,1.23895008836e-11,4.88164890455e-11,9.57401979917e-8],"dvar2":[0.000100515208032,0.000321754545439,0.0000105710951175,0.00000541548206456,0.00000602208501732,0.0000137496508614,0.0000342635867128,0.00000630837303106,0.0000135034979394,0.00000601498277319,0.00000536162860953,0.00000273652131,0.00000137529980293,0.00000108152460143,2.97262914728e-7,1.73545771531e-7,8.29700894656e-8,4.74440753351e-8,4.69332661623e-8,3.71066697369e-8,3.26945652773e-8,3.98490094256e-8,8.6660717491e-10,3.41002434623e-11,3.15426122721e-11,1.08892880823e-10,2.1275899087e-7],"max":[0.0909084826708,0.122428774834,0.0285865366459,0.0283024664968,0.0302762556821,0.0698921382427,0.116573229432,0.0543038621545,0.0980362221599,0.0648958384991,0.0447490140796,0.0429949238896,0.0166834704578,0.0110837277025,0.00548079423606,0.00405132165179,0.00559223629534,0.00317967240699,0.00600940454751,0.00350379152223,0.00535532599315,0.00817887391895,0.00054545502644,0.0000440687581431,0.0000437563139712,0.000297666614642,0.010824159719],"mean":[0.00236840127036,0.00935111753643,0.00174314971082,0.00126918253954,0.00124233833048,0.00220774370246,0.0040715681389,0.00113063759636,0.0014618182322,0.00111038854811,0.000894949189387,0.00084524898557,0.00074599776417,0.000702237652149,0.00043934120913,0.000263052002992,0.000153147557285,0.000125819118693,0.000139076102641,0.000154298177222,0.000113409332698,0.0000572248500248,0.0000123754789456,0.00000202049341169,0.00000204796288017,0.00000499758425576,0.000712729408406],"median":[0.000706171151251,0.00595889054239,0.00101442518644,0.000631242874078,0.000696149887517,0.000995388487354,0.00104451342486,0.000263606052613,0.000380631012376,0.000295016798191,0.000279681116808,0.000366511347238,0.000337250210578,0.000348267552909,0.000273207726423,0.000143497934914,0.0000933113842621,0.0000643942767056,0.0000660319346935,0.0000680204684613,0.0000572074422962,0.0000221693189815,0.00000472953979624,7.00490488725e-7,7.5068339811e-7,0.0000025866015676,0.000275458878605],"min":[7.45256145368e-24,1.75931269989e-23,2.6251222138e-24,5.94887778907e-24,1.43510459402e-23,2.16247237173e-23,2.05369365938e-23,2.20247866368e-23,6.75712313666e-23,5.9593935416e-23,2.01205174323e-23,5.65611123342e-23,3.47552708862e-23,6.6344382265e-23,5.88454705e-23,1.3910611644e-22,1.45510190242e-22,1.76834910156e-22,2.13350397934e-22,2.70531782132e-22,3.6913502815e-22,5.75330167373e-22,6.10980318915e-22,8.18503041621e-22,1.43384771772e-21,1.58540200875e-21,2.17886683878e-21],"var":[0.0000343032479577,0.000127344101202,0.00000461761828774,0.00000331499745698,0.00000343336273545,0.0000135201707963,0.00010412557458,0.00000774469117459,0.0000127184011944,0.00000683218104314,0.00000522131176695,0.00000266952565653,0.00000119399726373,8.59470617343e-7,2.58578296553e-7,1.24195807416e-7,4.90679319398e-8,3.20140465249e-8,4.9151399395e-8,5.66891031895e-8,4.46212773397e-8,2.74185829596e-8,8.78024042361e-10,1.40169742133e-11,1.33536827429e-11,8.78577904873e-11,7.53043707391e-7]},"barkbands_crest":{"dmean":2.87180709839,"dmean2":4.6203494072,"dvar":6.18509817123,"dvar2":15.2424459457,"max":25.3400382996,"mean":10.6801395416,"median":9.94869041443,"min":2.58425998688,"var":18.9993667603},"barkbands_flatness_db":{"dmean":0.0255605299026,"dmean2":0.0395504049957,"dvar":0.000512830738444,"dvar2":0.00125013233628,"max":0.394118249416,"mean":0.142906680703,"median":0.13612651825,"min":0.0214797649533,"var":0.00209735985845},"barkbands_kurtosis":{"dmean":3.71091747284,"dmean2":5.88238954544,"dvar":40.416759491,"dvar2":96.4150543213,"max":171.927337646,"mean":7.31103658676,"median":4.66222572327,"min":-1.9066003561,"var":80.2159576416},"barkbands_skewness":{"dmean":0.54730027914,"dmean2":0.85654681921,"dvar":0.358361631632,"dvar2":0.853497862816,"max":11.1881170273,"mean":2.06726646423,"median":1.85878145695,"min":-2.14665007591,"var":1.23327553272},"barkbands_spread":{"dmean":5.94489002228,"dmean2":9.06587028503,"dvar":43.1022148132,"dvar2":96.286277771,"max":136.848434448,"mean":25.6359672546,"median":22.2295913696,"min":0.982539057732,"var":299.523651123},"dissonance":{"dmean":0.0190280023962,"dmean2":0.0317491143942,"dvar":0.000337821227731,"dvar2":0.000919502053875,"max":0.500000119209,"mean":0.464198738337,"median":0.47168046236,"min":0.288340121508,"var":0.00079197587911},"dynamic_complexity":4.67894029617,"erbbands":{"dmean":[0.303682208061,1.09643411636,1.49695897102,2.07331562042,2.89723038673,2.769790411,5.98917722702,11.1510381699,25.0233592987,18.9549713135,15.6824321747,17.398355484,20.8891143799,16.9593315125,20.5128917694,16.9206809998,15.5592012405,20.8988418579,13.0278768539,10.1571855545,6.4070649147,4.58421039581,3.73145151138,3.46204829216,3.32479858398,3.38657021523,2.37698960304,1.92147243023,1.2854180336,0.730780124664,0.141079306602,0.0462289489806,0.032747965306,0.0224301014096,0.0142767028883,0.00825493689626,0.00538307661191,0.0163751989603,0.0115201780573,0.00380730768666],"dmean2":[0.511315226555,1.79812037945,2.54734611511,3.5119600296,4.8350315094,4.72412776947,9.56922245026,17.236000061,36.5504798889,29.6069850922,23.9959583282,27.776096344,31.9139099121,27.227350235,32.8626747131,27.8049812317,25.5653018951,34.3653182983,21.821975708,16.8191413879,10.7080802917,7.60660123825,6.08948469162,5.49021100998,5.10516166687,5.13650178909,3.56894898415,2.79481363297,1.84745669365,1.05086874962,0.214006051421,0.0758980885148,0.0539652295411,0.0368687398732,0.0234015882015,0.0134694762528,0.00836524367332,0.021792139858,0.0155340209603,0.00584208825603],"dvar":[0.384143799543,2.46223044395,4.71113157272,11.0623531342,25.3631744385,33.1413078308,132.605041504,606.585021973,5383.03662109,1525.01208496,2075.73803711,2743.34155273,2498.03710938,1843.97021484,2984.70092773,1548.96801758,704.945068359,1404.2088623,389.24508667,260.366638184,143.768707275,92.5675506592,56.8255615234,55.1345939636,42.7500114441,40.8417243958,28.843875885,29.0179672241,27.4333686829,6.77242994308,0.094507612288,0.00661974446848,0.00341992545873,0.00157579942606,0.000618623162154,0.000196428445634,0.0000907198627829,0.00426491629332,0.00133629550692,0.0000324078500853],"dvar2":[1.05849373341,6.56599187851,13.8395013809,29.950881958,66.0775680542,88.7366409302,288.573791504,1338.64147949,9981.52148438,3422.03100586,4299.11621094,6232.48291016,5168.06396484,4356.27880859,6861.62841797,3663.02758789,1922.13830566,3676.98632812,1056.52941895,661.17578125,373.5027771,243.346954346,141.969329834,128.812301636,93.5280075073,85.4792251587,60.8711204529,57.2808494568,60.2564697266,14.9083108902,0.19014313817,0.0168529972434,0.00871928967535,0.00401467876509,0.00157335808035,0.000498289475217,0.000189911341295,0.00715393666178,0.00184789742343,0.00007402949268],"max":[6.97163248062,20.5986480713,32.5310897827,51.0576133728,107.310775757,96.6131820679,339.434020996,782.427368164,2066.8112793,1450.06787109,1630.73937988,2265.31445312,1076.04797363,1493.58557129,1507.99365234,1717.14611816,490.781890869,639.882507324,398.680419922,356.231567383,218.434921265,254.626602173,231.12840271,330.036193848,203.497177124,166.208465576,180.222015381,230.902618408,318.284942627,148.247039795,9.1886510849,0.990854203701,0.706835329533,0.48746111989,0.312700033188,0.181703910232,0.398314237595,4.17672395706,2.26709461212,0.160236686468],"mean":[0.35893291235,1.7355670929,2.42213511467,3.08730983734,4.31235790253,3.7166621685,10.5183095932,21.2011547089,58.2089271545,38.4508056641,28.3959560394,29.8421268463,36.3861198425,30.5096321106,38.9020347595,33.8629188538,31.5455474854,39.8430976868,27.431268692,20.8910255432,11.6017179489,8.70558643341,7.08115196228,6.86523246765,7.23513555527,7.41975259781,5.12616872787,3.92078757286,2.21130919456,1.11949384212,0.199536591768,0.0486964061856,0.0328432954848,0.0227206349373,0.0147825423628,0.00890596304089,0.00806368049234,0.034012645483,0.0363114215434,0.0201242472976],"median":[0.1762996912,1.19589591026,1.54990005493,1.79513788223,2.17906236649,1.9405913353,5.45892858505,8.55862617493,12.3798923492,11.2541332245,6.77018547058,8.45132446289,10.1520347595,9.92889404297,13.7955436707,15.6692352295,15.6503887177,19.4393196106,17.4729042053,12.722240448,6.71784591675,5.44249916077,3.90558958054,3.32574558258,3.41707825661,3.24428606033,2.70670461655,1.86202692986,0.882114768028,0.378010690212,0.0864879488945,0.0195262543857,0.0116791399196,0.0082251355052,0.00559330312535,0.00359487906098,0.00436374405399,0.0162430107594,0.017931541428,0.00845981482416],"min":[7.88860551811e-22,2.79521595569e-21,3.0744180891e-21,3.82781479686e-20,2.05216142897e-20,3.65184536935e-20,7.57013918494e-20,2.10224902452e-19,3.81057861471e-19,3.50505118366e-19,5.01327285898e-19,1.38107171086e-18,1.5467071839e-18,2.79196245563e-18,1.10881606899e-18,2.08133676126e-18,2.13239820688e-18,5.03554221544e-18,2.25573807404e-18,6.24728902093e-18,6.30601305416e-18,8.21462395697e-18,7.78688059041e-18,1.25748493029e-17,9.64906846288e-18,1.19189918572e-17,1.69092575147e-17,1.26836574678e-17,1.97278704889e-17,2.17059223769e-17,1.65272886689e-17,1.61685437459e-17,1.24527425552e-17,1.30590750432e-17,1.13679282691e-17,5.92364592087e-18,2.83628713554e-18,1.30131216446e-18,2.93338071697e-19,2.9808354871e-20],"var":[0.332363367081,3.33935379982,6.91616201401,15.8174419403,44.7961044312,38.1799659729,315.225524902,1422.90625,30751.7851562,6062.85400391,5364.67529297,5659.40722656,5969.54736328,4038.15625,8239.16308594,3787.9909668,1675.10290527,3006.99853516,940.062744141,644.802734375,258.052246094,143.087387085,96.2749557495,112.174110413,126.049484253,128.555511475,78.8716430664,67.5440673828,41.5868301392,10.5186862946,0.180155709386,0.00708078732714,0.00360100809485,0.00168115785345,0.000674309208989,0.000222237445996,0.000185915399925,0.0108085330576,0.00606637215242,0.000469473801786]},"erbbands_crest":{"dmean":2.44425749779,"dmean2":3.90663409233,"dvar":5.83315896988,"dvar2":13.437959671,"max":32.6086883545,"mean":9.02683162689,"median":7.37161922455,"min":2.33074617386,"var":24.9622001648},"erbbands_flatness_db":{"dmean":0.0214220695198,"dmean2":0.0329768881202,"dvar":0.000330556475092,"dvar2":0.000782835413702,"max":0.387996554375,"mean":0.156859576702,"median":0.151487752795,"min":0.0464436151087,"var":0.00167994108051},"erbbands_kurtosis":{"dmean":0.924939095974,"dmean2":1.426476717,"dvar":2.51868844032,"dvar2":5.08012580872,"max":68.0140151978,"mean":0.835843980312,"median":0.143447875977,"min":-1.74320554733,"var":7.99468421936},"erbbands_skewness":{"dmean":0.334216296673,"dmean2":0.509233355522,"dvar":0.0926376134157,"dvar2":0.205604553223,"max":5.98439216614,"mean":0.32761785388,"median":0.209140509367,"min":-3.05035471916,"var":0.608010411263},"erbbands_spread":{"dmean":5.34916305542,"dmean2":8.14953899384,"dvar":29.4041194916,"dvar2":61.3976669312,"max":96.8826217651,"mean":28.0294589996,"median":25.763874054,"min":1.28312325478,"var":147.521865845},"gfcc":{"cov":[[18576.1269531,1213.13818359,-1174.28967285,199.137786865,406.688995361,-703.623535156,1018.56726074,-296.939788818,162.728591919,-74.2568817139,-120.17641449,-291.919372559,-54.381023407],[1213.13818359,929.284484863,-5.90172433853,-268.326660156,132.20765686,-74.60521698,3.14645504951,-70.0296401978,85.3930282593,1.5415583849,62.0862503052,-67.3618011475,51.4678153992],[-1174.28967285,-5.90172433853,418.27255249,94.2890548706,-117.76449585,163.941558838,-206.599822998,82.6925354004,-37.2290649414,35.4126930237,-6.1606669426,10.5383701324,9.16401004791],[199.137786865,-268.326660156,94.2890548706,431.617645264,8.8942565918,-35.3006439209,118.610404968,-56.8014831543,-4.56926250458,-11.6016960144,-100.63407135,69.2086105347,-70.2633743286],[406.688995361,132.20765686,-117.76449585,8.8942565918,212.332183838,7.20991420746,103.637023926,-37.0774917603,9.45017433167,-45.3508644104,17.7547130585,9.64528465271,7.35591077805],[-703.623535156,-74.60521698,163.941558838,-35.3006439209,7.20991420746,296.514465332,-141.267700195,117.987792969,-59.3818092346,0.417594432831,31.2772369385,6.96812820435,39.2678031921],[1018.56726074,3.14645504951,-206.599822998,118.610404968,103.637023926,-141.267700195,324.954315186,-93.6618652344,58.4540290833,-13.3703298569,-45.4953384399,20.2058334351,-32.3799209595],[-296.939788818,-70.0296401978,82.6925354004,-56.8014831543,-37.0774917603,117.987792969,-93.6618652344,188.951004028,-3.34000706673,15.8019275665,27.6961212158,-36.6412658691,31.5552501678],[162.728591919,85.3930282593,-37.2290649414,-4.56926250458,9.45017433167,-59.3818092346,58.4540290833,-3.34000706673,103.045166016,34.6525840759,-1.06143379211,13.5536756516,-13.4016208649],[-74.2568817139,1.5415583849,35.4126930237,-11.6016960144,-45.3508644104,0.417594432831,-13.3703298569,15.8019275665,34.6525840759,87.5369720459,31.6563434601,0.343110263348,14.8710193634],[-120.17641449,62.0862503052,-6.1606669426,-100.63407135,17.7547130585,31.2772369385,-45.4953384399,27.6961212158,-1.06143379211,31.6563434601,94.361618042,12.750254631,32.3657226562],[-291.919372559,-67.3618011475,10.5383701324,69.2086105347,9.64528465271,6.96812820435,20.2058334351,-36.6412658691,13.5536756516,0.343110263348,12.750254631,92.6604309082,1.33062601089],[-54.381023407,51.4678153992,9.16401004791,-70.2633743286,7.35591077805,39.2678031921,-32.3799209595,31.5552501678,-13.4016208649,14.8710193634,32.3657226562,1.33062601089,73.4145812988]],"icov":[[0.000106082261482,-0.000296546873869,0.000503439048771,-0.000471913372166,0.000336150027579,-0.000135788504849,-0.00011043716222,-0.0000857210106915,0.000102519356005,0.0000584755216551,-0.000223254581215,0.000396230083425,-0.00010282616131],[-0.000296546873869,0.00361499888822,-0.0037544965744,0.00301870447583,-0.00292242085561,0.00114503793884,-0.0000415677604906,0.00262780906633,-0.00368902622722,0.00156791112386,-0.000664258433972,0.00178046314977,-0.00159410433844],[0.000503439048771,-0.0037544965744,0.0104148862883,-0.00675435131416,0.00545486062765,-0.00392482476309,0.00312094017863,-0.00163210195024,0.00143210671376,-0.00124630110804,-0.000754206441343,0.00102160905953,-0.000300812534988],[-0.000471913372166,0.00301870447583,-0.00675435131416,0.0108320191503,-0.00620956579223,0.00352863129228,-0.00223380699754,-0.0011246567592,0.00361850322224,-0.00512112909928,0.00894264876842,-0.00800202041864,0.00487775402144],[0.000336150027579,-0.00292242085561,0.00545486062765,-0.00620956579223,0.0134411808103,-0.00538503285497,-0.00218399311416,0.00213864818215,-0.00355519284494,0.00872617680579,-0.008864460513,0.00503434659913,-0.00327490991913],[-0.000135788504849,0.00114503793884,-0.00392482476309,0.00352863129228,-0.00538503285497,0.00882869772613,0.000804737908766,-0.00455512432382,0.0050366288051,-0.00355880823918,0.00396923162043,-0.00514987437055,0.00107764755376],[-0.00011043716222,-0.0000415677604906,0.00312094017863,-0.00223380699754,-0.00218399311416,0.000804737908766,0.00805285573006,0.000606982968748,-0.00211990252137,-0.00156283169053,0.00231244554743,-0.000407783372793,-0.000583395245485],[-0.0000857210106915,0.00262780906633,-0.00163210195024,-0.0011246567592,0.00213864818215,-0.00455512432382,0.000606982968748,0.0134901450947,-0.00997161213309,0.00681509729475,-0.00739108910784,0.0105276722461,-0.00622003525496],[0.000102519356005,-0.00368902622722,0.00143210671376,0.00361850322224,-0.00355519284494,0.0050366288051,-0.00211990252137,-0.00997161213309,0.0263221301138,-0.0166795756668,0.0117232855409,-0.0142625020817,0.0102336797863],[0.0000584755216551,0.00156791112386,-0.00124630110804,-0.00512112909928,0.00872617680579,-0.00355880823918,-0.00156283169053,0.00681509729475,-0.0166795756668,0.0290571767837,-0.0180731415749,0.0126425046474,-0.00958308111876],[-0.000223254581215,-0.000664258433972,-0.000754206441343,0.00894264876842,-0.008864460513,0.00396923162043,0.00231244554743,-0.00739108910784,0.0117232855409,-0.0180731415749,0.0307778399438,-0.0165293291211,0.00444695586339],[0.000396230083425,0.00178046314977,0.00102160905953,-0.00800202041864,0.00503434659913,-0.00514987437055,-0.000407783372793,0.0105276722461,-0.0142625020817,0.0126425046474,-0.0165293291211,0.0277618616819,-0.00957602635026],[-0.00010282616131,-0.00159410433844,-0.000300812534988,0.00487775402144,-0.00327490991913,0.00107764755376,-0.000583395245485,-0.00622003525496,0.0102336797863,-0.00958308111876,0.00444695586339,-0.00957602635026,0.0235588923097]],"mean":[-30.2049789429,109.451210022,-97.1378936768,-4.65904188156,-10.5555171967,-19.9806098938,8.52429199219,-22.1056690216,3.69977617264,4.32624864578,-2.08376669884,-1.36065518856,-2.72337937355]},"hfc":{"dmean":22.8389797211,"dmean2":36.0048828125,"dvar":923.282592773,"dvar2":2336.96606445,"max":826.820678711,"mean":120.131866455,"median":87.0163574219,"min":1.16808728632e-16,"var":10740.7646484},"melbands":{"dmean":[0.00224447017536,0.000934123410843,0.000372866430553,0.000190245002159,0.000181381081347,0.000265212001977,0.000356961303623,0.000185978846275,0.00013964997197,0.000109034728666,0.000108708292828,0.0000743630444049,0.0000720800308045,0.0000571723940084,0.0000407160332543,0.0000429722349509,0.0000385762905353,0.0000240654680965,0.0000167059315572,0.0000134022684506,0.00000710999165676,0.00000528719692738,0.00000413714542447,0.00000337065603162,0.00000298136160382,0.00000280048834611,0.00000276332184512,0.00000223128358812,0.00000164557798144,0.00000136644655413,0.00000116139119655,8.36153958517e-7,5.56870475066e-7,3.63338358511e-7,9.07364707814e-8,3.05804306322e-8,2.65257842358e-8,2.32618138085e-8,2.05660803942e-8,1.83412467436e-8],"dmean2":[0.00373455206864,0.00156889227219,0.000625318964012,0.000319974002196,0.000291379459668,0.00040767036262,0.000523578433786,0.000291459873552,0.00021696544718,0.000173305073986,0.000166559155332,0.000119000826089,0.000115908762382,0.0000944008352235,0.0000674717957736,0.0000702151446603,0.000063834755565,0.0000405073551519,0.0000279246323771,0.0000224933046411,0.0000118867628771,0.00000889936472959,0.00000678208243698,0.00000557488692721,0.00000478022502648,0.00000444732222604,0.00000434910680269,0.00000344086856785,0.00000250779498856,0.000002085177357,0.00000171396050064,0.00000124919483824,8.03816419648e-7,5.34370258265e-7,1.42079315424e-7,5.05143979979e-8,4.37897931249e-8,3.83502936074e-8,3.38531194188e-8,3.01362881316e-8],"dvar":[0.0000186132492672,0.00000149382560721,3.44583781953e-7,1.31960007366e-7,1.12121654183e-7,3.26458064137e-7,9.41976679769e-7,1.44431140825e-7,1.79545480705e-7,9.15388298495e-8,6.67034782964e-8,3.70580011122e-8,4.09740437135e-8,1.65492668458e-8,9.083946928e-9,5.96272897724e-9,4.5307295693e-9,1.403480554e-9,7.03337055263e-10,4.69256355995e-10,2.03220149042e-10,1.30084623629e-10,6.25163046331e-11,4.71261051016e-11,4.14921430547e-11,3.66437540034e-11,2.85829155483e-11,1.89362032998e-11,1.39866625226e-11,9.89204985286e-12,1.25322495437e-11,1.24757825598e-11,4.13658690634e-12,1.32605851213e-12,4.73781102783e-14,3.00896913688e-15,2.2645957358e-15,1.73154117319e-15,1.33987980877e-15,1.04980088224e-15],"dvar2":[0.0000504704221385,0.00000429759211329,9.25973893118e-7,3.55010968178e-7,2.48760812838e-7,7.20054572412e-7,0.0000017624325892,3.24285423403e-7,3.8960010329e-7,2.05722074043e-7,1.38914103331e-7,8.55102442188e-8,9.81289431934e-8,3.86587366563e-8,2.40502302518e-8,1.55024046933e-8,1.19552803213e-8,3.83863163478e-9,1.85122128737e-9,1.23265819774e-9,5.18167286856e-10,3.52017054395e-10,1.51700110806e-10,1.21259724484e-10,9.86243517409e-11,8.66001645394e-11,6.54929097066e-11,4.11313379189e-11,3.02996898405e-11,2.16981849155e-11,2.62887975278e-11,2.8946475425e-11,8.81639986711e-12,2.89754635216e-12,1.06760019119e-13,7.67746682336e-15,5.77689810796e-15,4.41549212151e-15,3.41529867673e-15,2.67412430734e-15],"max":[0.048204343766,0.0213679485023,0.00997155439109,0.00752104818821,0.00901647936553,0.016038633883,0.0272628180683,0.0138782206923,0.0144080109894,0.0121989669278,0.00562559068203,0.0075781904161,0.00628532189876,0.00297312648036,0.00470428122208,0.00180732586887,0.00126760057174,0.000847669958603,0.000503159186337,0.000369540619431,0.000331947056111,0.00031616576598,0.000229940967984,0.000156941168825,0.000288730370812,0.00025072749122,0.0001310617954,0.0000909602094907,0.000126750688651,0.00011201374582,0.000160114112077,0.000214209037949,0.000110060398583,0.0000570033516851,0.00000797094162408,6.64653157401e-7,5.75458500407e-7,5.01685349263e-7,4.45170201147e-7,3.99054698619e-7],"mean":[0.00300641171634,0.00164406071417,0.000602093234193,0.000271498982329,0.000322158040944,0.000532191770617,0.000827411771752,0.00036177833681,0.000238197826548,0.00018447637558,0.000184912263649,0.000127057981445,0.000127710576635,0.000104852872028,0.0000730121319066,0.0000777708773967,0.0000712477049092,0.0000453497377748,0.000032070242014,0.0000230490131798,0.0000115127995741,0.00000916723092814,0.00000736281754143,0.0000057365568864,0.0000054827664826,0.00000539548364031,0.00000555113274459,0.00000463335163658,0.0000032492655464,0.00000270647706202,0.00000214073997995,0.00000135846357807,8.41548512653e-7,5.25090683823e-7,1.18321722198e-7,3.00113640606e-8,2.61112127475e-8,2.30620091912e-8,2.0583089011e-8,1.85731554581e-8],"median":[0.00171902007423,0.00122446450405,0.000362976512406,0.000143669705722,0.000172755913809,0.000208449462662,0.000200428141397,0.0000994775473373,0.0000511046819156,0.0000515038700541,0.0000487522738695,0.00003820641723,0.0000425328144047,0.0000428901294072,0.0000342552557413,0.000034430406231,0.0000330720977217,0.0000264401132881,0.00001920980867,0.0000124463331304,0.00000601029751124,0.00000556672102903,0.00000419721982325,0.000002769502089,0.00000251909796134,0.00000249167487709,0.00000227234249905,0.00000199617988983,0.00000162476430887,0.00000131524507196,9.72752104644e-7,5.30393094778e-7,2.61504993659e-7,1.75321005713e-7,4.82975437421e-8,1.01408854647e-8,8.9185663299e-9,8.03280464368e-9,7.26272109119e-9,6.73013023089e-9],"min":[7.05692956591e-24,2.03832014085e-24,5.96521549285e-24,3.31134541272e-24,2.20378016584e-24,4.41426880482e-24,5.57999420245e-24,4.67914423654e-24,3.69705421916e-24,1.05693942776e-23,7.19826267455e-24,1.07364000755e-23,3.14888365081e-24,4.74782088922e-24,5.62027067925e-24,5.85208376714e-24,8.52245484525e-24,2.67689870489e-24,5.95706103767e-24,1.12602912801e-23,6.47506497336e-24,8.03268424136e-24,9.53251155943e-24,7.23813486015e-24,1.00991819021e-23,5.09253811645e-24,9.30031114084e-24,7.18503742148e-24,1.14854952914e-23,8.61156851741e-24,6.45022965991e-24,9.46842528836e-24,1.13100928579e-23,1.12942548975e-23,9.63062297908e-24,8.51277946625e-24,1.04987636164e-23,9.23860091881e-24,8.24587153441e-24,1.1395498095e-23],"var":[0.0000175798177224,0.00000232404227063,5.62007414828e-7,1.70344904404e-7,2.68958785909e-7,9.30455598791e-7,0.00000534479022463,5.62880984489e-7,4.37249951801e-7,1.93435255369e-7,1.60607342536e-7,8.32402307083e-8,9.99259057721e-8,4.06452116408e-8,1.81728232462e-8,1.28023387447e-8,9.57101597976e-9,2.93953794639e-9,1.49580492437e-9,9.0741536507e-10,3.4157332518e-10,1.76961292842e-10,1.05834875586e-10,7.2960283648e-11,7.77458444845e-11,8.28781834827e-11,7.50474682398e-11,5.34131454344e-11,3.47582448934e-11,2.5161367781e-11,2.41269764584e-11,1.68418699126e-11,6.79940912601e-12,2.13176004626e-12,7.30315466305e-14,3.13167647061e-15,2.36453884731e-15,1.81827544117e-15,1.41783140387e-15,1.12246773291e-15]},"melbands_crest":{"dmean":4.19204711914,"dmean2":6.80471134186,"dvar":15.2051706314,"dvar2":39.6826286316,"max":36.0346069336,"mean":16.20545578,"median":15.2112369537,"min":1.00035369396,"var":39.6623420715},"melbands_flatness_db":{"dmean":0.0326778627932,"dmean2":0.0503901056945,"dvar":0.000775527034421,"dvar2":0.0019090261776,"max":0.554186761379,"mean":0.256013333797,"median":0.250617742538,"min":1.98459375156e-7,"var":0.00374653167091},"melbands_kurtosis":{"dmean":5.77082204819,"dmean2":9.30845546722,"dvar":104.129776001,"dvar2":253.444793701,"max":207.722290039,"mean":10.0607585907,"median":5.36008405685,"min":-1.78352797031,"var":202.501205444},"melbands_skewness":{"dmean":0.719798147678,"dmean2":1.13610267639,"dvar":0.607877790928,"dvar2":1.49325704575,"max":11.4869804382,"mean":2.33643960953,"median":2.01048469543,"min":-1.43486738205,"var":2.20279812813},"melbands_spread":{"dmean":4.91666316986,"dmean2":7.66873836517,"dvar":37.44896698,"dvar2":83.6156921387,"max":200.837036133,"mean":18.808172226,"median":16.0011482239,"min":0.729499876499,"var":260.689300537},"mfcc":{"cov":[[10568.9121094,1287.45300293,-1483.03161621,1018.4342041,-728.415710449,271.98348999,203.404006958,64.5787658691,283.362823486,171.908462524,174.444519043,-186.797058105,56.4176979065],[1287.45300293,1228.46337891,-201.019729614,-55.0602645874,41.492389679,19.3970661163,9.14890193939,-58.2650299072,45.5404624939,39.9848861694,38.0858306885,32.1095123291,5.78560686111],[-1483.03161621,-201.019729614,678.086547852,-189.692687988,203.634277344,-62.1805763245,-58.7072982788,-44.6017112732,-37.8627891541,-3.94066524506,-49.4602012634,81.8868255615,-33.4435119629],[1018.4342041,-55.0602645874,-189.692687988,584.684692383,-224.593276978,163.369308472,-33.5436973572,37.7678451538,73.675163269,-50.8857955933,62.2618141174,-74.3525314331,36.2820205688],[-728.415710449,41.492389679,203.634277344,-224.593276978,300.885375977,-40.4548988342,33.2121696472,27.5113964081,-42.5791130066,3.58712983131,-38.2400741577,56.5193710327,-36.1112480164],[271.98348999,19.3970661163,-62.1805763245,163.369308472,-40.4548988342,204.226745605,26.4721164703,37.9859695435,24.0332431793,-50.2605819702,20.0692996979,-24.9410171509,22.5889987946],[203.404006958,9.14890193939,-58.7072982788,-33.5436973572,33.2121696472,26.4721164703,128.638458252,36.5210189819,4.00280475616,14.5389289856,-20.2668190002,5.50903844833,-11.1386480331],[64.5787658691,-58.2650299072,-44.6017112732,37.7678451538,27.5113964081,37.9859695435,36.5210189819,118.515151978,25.6595478058,-6.60286521912,12.5076951981,-25.6720905304,3.27752351761],[283.362823486,45.5404624939,-37.8627891541,73.675163269,-42.5791130066,24.0332431793,4.00280475616,25.6595478058,88.5505599976,31.6806640625,15.3375825882,-5.13525533676,-7.52287244797],[171.908462524,39.9848861694,-3.94066524506,-50.8857955933,3.58712983131,-50.2605819702,14.5389289856,-6.60286521912,31.6806640625,83.7191848755,19.9624214172,9.79518890381,-4.28083086014],[174.444519043,38.0858306885,-49.4602012634,62.2618141174,-38.2400741577,20.0692996979,-20.2668190002,12.5076951981,15.3375825882,19.9624214172,65.9332122803,9.4025592804,14.0104522705],[-186.797058105,32.1095123291,81.8868255615,-74.3525314331,56.5193710327,-24.9410171509,5.50903844833,-25.6720905304,-5.13525533676,9.79518890381,9.4025592804,73.1253890991,7.75860548019],[56.4176979065,5.78560686111,-33.4435119629,36.2820205688,-36.1112480164,22.5889987946,-11.1386480331,3.27752351761,-7.52287244797,-4.28083086014,14.0104522705,7.75860548019,62.8050384521]],"icov":[[0.000211269900319,-0.000210423968383,0.000295318634016,-0.000368509441614,0.000376905198209,-0.000198562789592,0.000023997916287,-0.000365357176634,0.00043471189565,-0.000950316549279,0.0006620096392,-0.000533943704795,0.000416769005824],[-0.000210423968383,0.00128523365129,0.000191750819795,0.000637839722913,-0.00132814398967,0.000175653432962,-0.000304348097416,0.0019404097693,-0.00192846078426,0.00158348376863,-0.00190550950356,0.0011277202284,-0.00101510132663],[0.000295318634016,0.000191750819795,0.00320923724212,-0.000648652086966,-0.000550681026652,-0.00133614253718,0.00279782665893,-0.000875673140399,0.00145555450581,-0.00317200203426,0.00403640186414,-0.00434622354805,0.00210114242509],[-0.000368509441614,0.000637839722913,-0.000648652086966,0.00456567667425,0.000187804282177,-0.000381720659789,-0.000878676248249,0.00209842249751,-0.00461472338066,0.00567899551243,-0.00545026035979,0.00452847033739,-0.00224001985043],[0.000376905198209,-0.00132814398967,-0.000550681026652,0.000187804282177,0.0101699028164,-0.00300757423975,0.00279156677425,-0.00890458375216,0.00830237660557,-0.00714434683323,0.00872007664293,-0.0102029033005,0.00709364516661],[-0.000198562789592,0.000175653432962,-0.00133614253718,-0.000381720659789,-0.00300757423975,0.0113661820069,-0.00702310167253,0.00462540145963,-0.00809272378683,0.0127386134118,-0.0102787707001,0.00861518550664,-0.00650545628741],[0.000023997916287,-0.000304348097416,0.00279782665893,-0.000878676248249,0.00279156677425,-0.00702310167253,0.0176919046789,-0.0104896733537,0.00954552646726,-0.0140682766214,0.0165306925774,-0.0138221364468,0.00802445132285],[-0.000365357176634,0.0019404097693,-0.000875673140399,0.00209842249751,-0.00890458375216,0.00462540145963,-0.0104896733537,0.0230422783643,-0.0158215668052,0.0154903735965,-0.0184559710324,0.0189634170383,-0.0104402573779],[0.00043471189565,-0.00192846078426,0.00145555450581,-0.00461472338066,0.00830237660557,-0.00809272378683,0.00954552646726,-0.0158215668052,0.0312880910933,-0.0242205429822,0.0183698087931,-0.0181871987879,0.0136767365038],[-0.000950316549279,0.00158348376863,-0.00317200203426,0.00567899551243,-0.00714434683323,0.0127386134118,-0.0140682766214,0.0154903735965,-0.0242205429822,0.0409845858812,-0.0284419842064,0.0203643590212,-0.0125334598124],[0.0006620096392,-0.00190550950356,0.00403640186414,-0.00545026035979,0.00872007664293,-0.0102787707001,0.0165306925774,-0.0184559710324,0.0183698087931,-0.0284419842064,0.0453658141196,-0.0274059642106,0.0110116591677],[-0.000533943704795,0.0011277202284,-0.00434622354805,0.00452847033739,-0.0102029033005,0.00861518550664,-0.0138221364468,0.0189634170383,-0.0181871987879,0.0203643590212,-0.0274059642106,0.0411029011011,-0.0167150832713],[0.000416769005824,-0.00101510132663,0.00210114242509,-0.00224001985043,0.00709364516661,-0.00650545628741,0.00802445132285,-0.0104402573779,0.0136767365038,-0.0125334598124,0.0110116591677,-0.0167150832713,0.0268331319094]],"mean":[-688.444641113,172.772674561,-25.5926551819,33.251499176,-8.66669559479,22.3949699402,1.97387683392,-3.73991322517,6.23179674149,0.867338955402,9.01504135132,1.86042273045,7.92882728577]},"pitch_salience":{"dmean":0.0785172060132,"dmean2":0.126406729221,"dvar":0.00491496967152,"dvar2":0.0128490012139,"max":0.996084332466,"mean":0.531668782234,"median":0.544552445412,"min":0.0986664146185,"var":0.0140121020377},"silence_rate_20dB":{"dmean":0,"dmean2":0,"dvar":0,"dvar2":0,"max":1,"mean":1,"median":1,"min":1,"var":0},"silence_rate_30dB":{"dmean":0.0166151877493,"dmean2":0.0332339145243,"dvar":0.0163381937891,"dvar2":0.042139545083,"max":1,"mean":0.981469631195,"median":1,"min":0,"var":0.0181883592159},"silence_rate_60dB":{"dmean":0.00340824364685,"dmean2":0.00681721325964,"dvar":0.00339646008797,"dvar2":0.00868740212172,"max":1,"mean":0.0681576132774,"median":0,"min":0,"var":0.0635056197643},"spectral_centroid":{"dmean":179.865249634,"dmean2":261.123168945,"dvar":56807.2929688,"dvar2":94954.421875,"max":11556.2158203,"mean":1090.59143066,"median":984.514282227,"min":216.181777954,"var":341845.71875},"spectral_complexity":{"dmean":3.22419857979,"dmean2":4.95462274551,"dvar":11.3124380112,"dvar2":23.5328960419,"max":53,"mean":18.9284343719,"median":19,"min":0,"var":114.919395447},"spectral_contrast_coeffs":{"dmean":[0.047519300133,0.0477982051671,0.0363825112581,0.0266089197248,0.0212506242096,0.0498977378011],"dmean2":[0.0797253400087,0.0783195644617,0.0603467561305,0.0449918732047,0.0350306294858,0.0773094147444],"dvar":[0.0014246153878,0.00143730465788,0.000826042436529,0.000431411725003,0.00036288134288,0.00193792150822],"dvar2":[0.00392210157588,0.00376474903896,0.00225861323997,0.0012078306172,0.0009506912902,0.00458967685699],"max":[-0.443080425262,-0.404856860638,-0.549458384514,-0.604128241539,-0.680909514427,-0.387906759977],"mean":[-0.727067530155,-0.742242574692,-0.808095753193,-0.81595158577,-0.828396499157,-0.721364378929],"median":[-0.730689108372,-0.748238325119,-0.814743280411,-0.817456841469,-0.825823009014,-0.719509065151],"min":[-0.988879859447,-0.997723400593,-0.998180627823,-0.986073553562,-0.988235354424,-0.958791136742],"var":[0.00434501189739,0.00559470057487,0.00302733737044,0.00149295979645,0.00129858066794,0.00844560842961]},"spectral_contrast_valleys":{"dmean":[0.382042855024,0.343099802732,0.300441980362,0.257987678051,0.307401359081,0.700652122498],"dmean2":[0.62939876318,0.561084449291,0.483962237835,0.403040677309,0.445440292358,1.1187620163],"dvar":[0.104503490031,0.092080488801,0.0769366621971,0.0697171017528,0.127187907696,0.336052745581],"dvar2":[0.248926639557,0.205879747868,0.159609943628,0.127909719944,0.244306460023,0.88327986002],"max":[-5.29299974442,-4.5571346283,-5.28019475937,-5.57693958282,-5.67679977417,-9.15585422516],"mean":[-7.04397201538,-6.60242843628,-7.0563249588,-7.38921785355,-7.89600563049,-11.4580469131],"median":[-6.75622940063,-6.38492584229,-6.81786346436,-7.089179039,-7.47714614868,-11.2728023529],"min":[-27.2962245941,-27.3530082703,-27.2848911285,-27.1560974121,-27.3235359192,-27.361989975],"var":[2.08720612526,1.96648263931,1.97923278809,1.97232162952,2.08393192291,1.47657418251]},"spectral_decrease":{"dmean":2.83908696552e-9,"dmean2":4.61014915132e-9,"dvar":1.89135392999e-17,"dvar2":4.91831996929e-17,"max":1.4417511629e-9,"mean":-6.5365606261e-9,"median":-4.83695217213e-9,"min":-4.71449332906e-8,"var":3.7434584708e-17},"spectral_energy":{"dmean":0.0110282013193,"dmean2":0.0178828053176,"dvar":0.000274798541795,"dvar2":0.000712588313036,"max":0.194478005171,"mean":0.0355668365955,"median":0.0302296672016,"min":1.07318574231e-20,"var":0.000800679146778},"spectral_energyband_high":{"dmean":0.000185888216947,"dmean2":0.000252952449955,"dvar":1.8095448695e-7,"dvar2":2.92843850502e-7,"max":0.0192297603935,"mean":0.000608458940405,"median":0.000369982619304,"min":7.81804505296e-21,"var":7.85284044014e-7},"spectral_energyband_low":{"dmean":0.00834188517183,"dmean2":0.0139528736472,"dvar":0.000209694975638,"dvar2":0.000567732262425,"max":0.158518984914,"mean":0.0133424159139,"median":0.00946759525687,"min":3.83512933227e-23,"var":0.000215041975025},"spectral_energyband_middle_high":{"dmean":0.00162959005684,"dmean2":0.00250918231905,"dvar":0.00000721837295714,"dvar2":0.0000167824819073,"max":0.0739203989506,"mean":0.00534975202754,"median":0.00306076742709,"min":1.47430434196e-21,"var":0.000039645601646},"spectral_energyband_middle_low":{"dmean":0.00384210143238,"dmean2":0.00581891043112,"dvar":0.0000382192374673,"dvar2":0.000082331665908,"max":0.126102238894,"mean":0.0116667449474,"median":0.00701495073736,"min":1.98016027409e-22,"var":0.000218543427764},"spectral_entropy":{"dmean":0.155727505684,"dmean2":0.229946434498,"dvar":0.0241031106561,"dvar2":0.0505905784667,"max":9.80789375305,"mean":7.48741579056,"median":7.54696559906,"min":5.21724796295,"var":0.144798368216},"spectral_flux":{"dmean":0.022836657241,"dmean2":0.0369805172086,"dvar":0.000838945561554,"dvar2":0.00190956739243,"max":0.355247467756,"mean":0.0933284983039,"median":0.091407418251,"min":1.03594681444e-10,"var":0.0028136044275},"spectral_kurtosis":{"dmean":4.7155995369,"dmean2":7.51514673233,"dvar":56.7304611206,"dvar2":148.639831543,"max":147.147003174,"mean":19.0522937775,"median":16.9408111572,"min":-1.26690006256,"var":131.212219238},"spectral_rms":{"dmean":0.000827928772196,"dmean2":0.0013117044,"dvar":0.00000104865159756,"dvar2":0.00000262247203864,"max":0.0137744201347,"mean":0.00536587228999,"median":0.00543068675324,"min":3.23575411257e-12,"var":0.00000590665922573},"spectral_rolloff":{"dmean":3731.17480469,"dmean2":7091.14794922,"dvar":47462816,"dvar2":114584352,"max":22050,"mean":10266.7197266,"median":3359.1796875,"min":64.599609375,"var":96459984},"spectral_skewness":{"dmean":0.360883176327,"dmean2":0.548766970634,"dvar":0.213502347469,"dvar2":0.519321858883,"max":9.68188095093,"mean":2.85201263428,"median":2.75372934341,"min":-0.0767600759864,"var":0.915209293365},"spectral_spread":{"dmean":442107.5625,"dmean2":701020.1875,"dvar":374412640256,"dvar2":625150459904,"max":42572180,"mean":3757927.25,"median":3676428.5,"min":1279543.75,"var":1087926108160},"spectral_strongpeak":{"dmean":1.48466217518,"dmean2":2.76255917549,"dvar":58.0746765137,"dvar2":166.355407715,"max":116.422615051,"mean":1.39181494713,"median":0.254142105579,"min":0,"var":43.0869522095},"zerocrossingrate":{"dmean":0.0311310105026,"dmean2":0.0404695607722,"dvar":0.000686513027176,"dvar2":0.0011272537522,"max":0.5458984375,"mean":0.237315028906,"median":0.2373046875,"min":0.01416015625,"var":0.00837076641619}},"metadata":{"audio_properties":{"analysis_sample_rate":44100,"bit_rate":128000,"codec":"mp3","downmix":"mix","equal_loudness":0,"length":217.992904663,"lossless":false,"md5_encoded":"92f22e021fad6af62478fc7358932e40","replay_gain":-2.00733757019},"tags":{"album":["Walking on a Thin Line"],"albumartist":["Guano Apes"],"albumartistsort":["Guano Apes"],"artist":["Guano Apes"],"artistsort":["Guano Apes"],"date":["2003-02-03"],"discnumber":["1/1"],"file_name":"07 - Quietly.mp3","mp3gain_album_minmax":["049,204"],"mp3gain_minmax":["077,204"],"musicbrainz album release country":["XE"],"musicbrainz album type":["album"],"musicbrainz_albumartistid":["66da25f9-1534-4dd1-b88c-718bc24e1ccd"],"musicbrainz_albumid":["40e7c84f-309b-4d2e-b93c-c9d56f682665"],"musicbrainz_artistid":["66da25f9-1534-4dd1-b88c-718bc24e1ccd"],"musicbrainz_recordingid":["89793b93-901a-40ea-8c80-cd76b897ff14"],"musicbrainz_releasegroupid":["b2d8b86d-6482-39c9-bbec-0a51f5fbc8d1"],"title":["Quietly"],"tracknumber":["7/14"]},"version":{"essentia":"2.1-beta1","essentia_build_sha":"0a826ad6289770054bb7564d59068f1232327ff9","essentia_git_sha":"v2.1_beta1-5-gf9dded9","extractor":"music 1.0"}},"rhythm":{"beats_count":433,"beats_loudness":{"dmean":0.015374536626,"dmean2":0.02607344836,"dvar":0.000250407872954,"dvar2":0.000707454746589,"max":0.148254677653,"mean":0.0398061573505,"median":0.0376270264387,"min":8.96315410781e-10,"var":0.00071251654299},"beats_loudness_band_ratio":{"dmean":[0.185942813754,0.0758348330855,0.122049488127,0.0586667768657,0.0321356058121,0.0877944156528],"dmean2":[0.340694129467,0.134419173002,0.209719836712,0.103058315814,0.0601721853018,0.158172681928],"dvar":[0.0173192154616,0.00494717154652,0.0194701757282,0.00377418100834,0.000900788116269,0.00448088813573],"dvar2":[0.0541062913835,0.0129709886387,0.0526230409741,0.0108143147081,0.00292804394849,0.0141185587272],"max":[0.946915566921,0.55400210619,0.767547905445,0.541950464249,0.253626197577,0.613482296467],"mean":[0.444042503834,0.115294352174,0.16130797565,0.