{"lowlevel":{"average_loudness":0.812009632587,"barkbands":{"dmean":[0.000100603712781,0.00212060660124,0.00162483297754,0.000537189771421,0.000856485741679,0.000524343457073,0.00045410534949,0.000430343789048,0.000686022161972,0.000711281958502,0.000218331624637,0.000226547723287,0.000222681817831,0.000168873913935,0.000159510294907,0.000191793893464,0.000231371843256,0.000568172894418,0.000240024761297,0.000323052954627,0.0000570242555114,0.000030936425901,0.0000233910704992,0.00000165701783317,0.00000106528591459,0.0000149763109221,0.000399926881073],"dmean2":[0.000168741040397,0.00340036605485,0.00267622177489,0.000868962961249,0.00139098241925,0.000833261816297,0.000705663347617,0.0006727349828,0.00106186885387,0.00112845934927,0.000357596407412,0.00035379928886,0.000351383700036,0.000260695291217,0.000243808914092,0.000289742893074,0.000343037943821,0.000834604958072,0.00034651052556,0.000478959002066,0.0000787449534982,0.0000441221054643,0.0000325368637277,0.00000259737453234,0.00000178990251243,0.0000208509700315,0.000508437224198],"dvar":[4.54333282107e-8,0.000019283110305,0.00000870802159625,9.71702547758e-7,0.00000445616296929,0.00000233332252719,0.00000119199899018,0.00000170109660758,0.00000743651253288,0.0000121312868941,0.0000013767511291,2.47441505508e-7,2.11030638297e-7,1.10301257905e-7,1.11722094687e-7,1.33017920234e-7,2.07322472079e-7,0.00000109866425646,1.94447977719e-7,4.11244485576e-7,1.44808991465e-8,4.5795416348e-9,2.6177831014e-9,9.05198398876e-12,4.22393370281e-12,1.06118369647e-9,4.20466960804e-7],"dvar2":[1.14776206317e-7,0.0000466142046207,0.000023207780032,0.00000237741301135,0.0000110689743451,0.00000518131309946,0.00000270168379757,0.00000388714443034,0.0000146897509694,0.0000275978363788,0.00000386284227716,6.34085665752e-7,4.81838071664e-7,2.51502171977e-7,2.52518333355e-7,3.0965844644e-7,4.65013044959e-7,0.00000238495567828,4.28306350386e-7,9.24803543967e-7,2.64969184371e-8,9.98053284462e-9,5.21467269365e-9,2.10776084086e-11,1.09912079438e-11,2.13488560163e-9,7.30701060547e-7],"max":[0.00452578207478,0.110514633358,0.0596318207681,0.0198308993131,0.0568399243057,0.0704714283347,0.0301375407726,0.0352570340037,0.0753027498722,0.0866378694773,0.0469893813133,0.0152791012079,0.0124998036772,0.00527152605355,0.00770200928673,0.00823307503015,0.00868268869817,0.0171852130443,0.00671590398997,0.011487131007,0.00256066792645,0.00198670290411,0.000927925400902,0.00006507638318,0.0000285178648483,0.000592611497268,0.00970406085253],"mean":[0.000101398538391,0.00358590297401,0.00245184311643,0.000780956062954,0.00121125415899,0.000752828782424,0.000741784169804,0.000609748414718,0.000946875137743,0.000959448807407,0.000297404360026,0.000355860742275,0.000367012049537,0.000260097614955,0.00024884310551,0.000313571072184,0.000361412588973,0.000907349574845,0.000378383148927,0.000521891110111,0.000101326331787,0.0000492812796438,0.0000339811995218,0.00000209801532947,0.00000104017192371,0.0000218840013986,0.000829431286547],"median":[0.000022966592951,0.00110764778219,0.000974625814706,0.00032500870293,0.000442660209956,0.000210732629057,0.000146155070979,0.0000713001500117,0.000115362090582,0.000105666375021,0.0000644331448711,0.000123536621686,0.000114282855066,0.0000937173026614,0.0000953736598603,0.000134336587507,0.000134642759804,0.000354515679646,0.000154140871018,0.000195848799194,0.0000358972829417,0.0000162473479577,0.0000093595663202,7.59576607834e-7,3.02286139231e-7,0.0000061116697907,0.000375604431611],"min":[1.98173901876e-13,7.42431425583e-14,5.78387511835e-15,4.58988180579e-15,1.52026001922e-13,4.75466359535e-14,1.88882289258e-13,1.96037698336e-13,3.34356464228e-14,3.53902942108e-13,1.24200888289e-13,3.7369667907e-13,5.49661173781e-13,3.2520066826e-13,1.19402090212e-12,1.77919354596e-12,3.03050146826e-13,3.43068862164e-13,7.64104816746e-13,7.71739497394e-13,1.50818539515e-12,2.49020422338e-12,3.77978334395e-12,1.80480352885e-11,6.91595695643e-12,6.01207278406e-11,1.00685492929e-11],"var":[5.47939507101e-8,0.000053892203141,0.0000149273300849,0.00000163964159583,0.00000591008711126,0.00000352598362952,0.00000297857422993,0.0000036818407807,0.0000154800254677,0.0000216814714804,0.00000214504575524,4.26143770937e-7,4.76196419186e-7,2.05189564895e-7,2.01979730718e-7,2.56974999502e-7,4.32596152677e-7,0.00000207085736292,3.51734087189e-7,7.15820476671e-7,3.93440515722e-8,8.10456945999e-9,4.54401583028e-9,1.3446637033e-11,4.30991136877e-12,1.83457871117e-9,0.00000134137769692]},"barkbands_crest":{"dmean":2.64063334465,"dmean2":4.15563774109,"dvar":6.26257514954,"dvar2":14.2148675919,"max":25.9338684082,"mean":9.73911476135,"median":8.69514656067,"min":2.27170872688,"var":22.7054977417},"barkbands_flatness_db":{"dmean":0.0232739672065,"dmean2":0.0352515242994,"dvar":0.000453348213341,"dvar2":0.000995179172605,"max":0.368913590908,"mean":0.126051723957,"median":0.117066666484,"min":0.0378952734172,"var":0.00234087742865},"barkbands_kurtosis":{"dmean":3.57132673264,"dmean2":5.45065307617,"dvar":51.7400741577,"dvar2":114.552017212,"max":175.395584106,"mean":5.44240617752,"median":1.38753271103,"min":-1.85432767868,"var":149.810089111},"barkbands_skewness":{"dmean":0.643347144127,"dmean2":0.93138641119,"dvar":0.456947654486,"dvar2":0.951074063778,"max":11.5443992615,"mean":1.4040491581,"median":1.22761464119,"min":-4.87448883057,"var":2.88956046104},"barkbands_spread":{"dmean":10.4146556854,"dmean2":15.6703596115,"dvar":105.495002747,"dvar2":225.244644165,"max":116.012519836,"mean":38.117313385,"median":37.7311019897,"min":0.990713655949,"var":448.979858398},"dissonance":{"dmean":0.0127120688558,"dmean2":0.0208759047091,"dvar":0.000326681532897,"dvar2":0.000853696546983,"max":0.499999940395,"mean":0.478071928024,"median":0.487777024508,"min":0.214853689075,"var":0.000918674457353},"dynamic_complexity":7.29023933411,"erbbands":{"dmean":[0.0362937040627,0.569452285767,1.73911118507,1.86743438244,2.1078979969,3.01949620247,3.59991836548,5.00764513016,5.94906139374,8.79556560516,9.27716445923,15.0438051224,19.9584980011,17.4813194275,9.12150001526,8.50101184845,9.90716171265,8.46487522125,7.38741445541,9.06870174408,10.6971750259,13.8740901947,31.4751644135,16.1652793884,10.4344482422,18.3069190979,4.59210157394,2.06826376915,1.22651600838,0.562185645103,0.834255218506,0.086925573647,0.0195272434503,0.0119652710855,0.00759354187176,0.0047945920378,0.0218080934137,0.0348054096103,0.043307825923,0.00948897656053],"dmean2":[0.0569960772991,0.914772570133,2.89331412315,2.99735617638,3.54423236847,4.91593265533,5.8359336853,7.93932437897,9.35654830933,13.4125776291,14.4521865845,23.3542861938,31.0989303589,27.0968341827,14.4698381424,13.0742111206,15.3864336014,13.0162906647,11.1297302246,13.5702400208,15.7310686111,20.0274066925,46.5338859558,23.2174854279,14.782626152,27.6506996155,6.55599498749,2.89726567268,1.72395801544,0.798056960106,1.17081201077,0.123011641204,0.0320605188608,0.0201123785228,0.0127185219899,0.00777573091909,0.0300273615867,0.0459159426391,0.0588623471558,0.0121354982257],"dvar":[0.00621298560873,1.35560798645,9.90658378601,11.3155498505,33.0089950562,61.5483398438,85.1361618042,244.526916504,194.023986816,681.472412109,944.543518066,3962.01342773,7854.90087891,9145.3203125,1815.32702637,275.178649902,422.981140137,262.629516602,227.518157959,305.171813965,438.507141113,664.611938477,3453.19458008,777.043334961,364.265808105,1427.24584961,72.6608886719,17.8769245148,8.28357601166,1.49555587769,3.55535387993,0.0285341572016,0.00128180917818,0.000538642867468,0.000211029371712,0.0000717051152606,0.00205575232394,0.00459828507155,0.00578416418284,0.000237280444708],"dvar2":[0.0146590610966,3.31656813622,27.0126686096,27.8248844147,90.3770675659,146.842910767,210.691772461,512.933959961,463.569610596,1463.20617676,2320.98950195,7856.55712891,17805.7558594,20717.1738281,4984.28515625,689.744873047,949.343200684,608.626037598,491.336730957,707.21270752,969.989624023,1462.80249023,7578.47998047,1688.44042969,756.393249512,3277.47045898,148.652816772,34.1535987854,17.9344367981,3.40275359154,7.27828073502,0.05644550547,0.00327040837146,0.00140226236545,0.000548246956896,0.000181834999239,0.00406575901434,0.00884484220296,0.0115408906713,0.00041386455996],"max":[2.12520670891,27.8905029297,46.3605499268,67.7613372803,142.975769043,219.735473633,201.145935059,781.490539551,365.585205078,825.14831543,844.78112793,2346.01269531,2392.41357422,3589.15942383,1852.703125,348.234802246,553.684143066,258.912200928,308.192901611,334.308563232,450.749572754,540.150085449,1071.80957031,369.027648926,298.887969971,694.991577148,142.188934326,107.145454407,110.047531128,28.1265773773,28.4345684052,3.19034600258,0.542751610279,0.326198250055,0.201350331306,0.123544707894,0.75084143877,1.20268785954,1.40643930435,0.218921035528],"mean":[0.0629143565893,0.958226680756,2.7867641449,3.01952576637,2.75072979927,4.11748027802,5.01743555069,7.10348129272,8.51093196869,15.855711937,12.4072141647,20.6857089996,28.2472019196,23.6606407166,13.9718513489,14.0463943481,16.877035141,14.1393175125,12.4085903168,15.17486763,17.8754882812,23.172876358,50.1022415161,26.7322502136,17.4904499054,28.5582771301,8.17433452606,3.62904977798,1.98366928101,0.89273506403,1.16771864891,0.128335773945,0.022368375212,0.0118403332308,0.00759181380272,0.00577467726544,0.0330397821963,0.060747243464,0.0827981680632,0.0201830547303],"median":[0.0170713383704,0.315980792046,1.1312469244,1.43513941765,1.16661596298,1.25955486298,1.50288116932,1.79850268364,2.06936502457,1.87756812572,1.87220430374,2.61293435097,3.5047185421,3.44431996346,3.90491509438,5.25348711014,5.52370882034,5.38319683075,5.04587078094,6.57505655289,7.55925321579,9.45702648163,19.4274997711,11.4760303497,7.10046386719,10.3759613037,3.13141107559,1.28395533562,0.642899870872,0.305872321129,0.289413571358,0.0430453903973,0.00843958370388,0.00359868211672,0.00235390639864,0.00237516569905,0.0101169981062,0.0205733403563,0.0359024405479,0.00977922603488],"min":[5.4242530606e-12,8.73552358921e-12,9.33752467708e-12,1.04684533611e-11,1.40245606794e-10,6.25101859164e-10,7.85912612766e-10,2.64957833451e-10,1.31235688983e-9,5.06280484203e-9,3.04627012504e-9,7.6742612265e-10,6.95048241184e-9,1.00235322265e-8,5.00766317302e-9,1.71087517487e-8,2.62741934876e-8,2.04150332195e-8,4.02925408594e-8,1.09581364427e-7,5.09768902646e-8,1.93984721619e-8,2.15197246689e-8,2.23501590568e-8,4.40071907803e-8,3.37497105818e-8,5.45675362673e-8,7.60606297945e-8,6.6408318844e-8,9.41982989389e-8,9.36860331535e-8,2.16448270862e-7,4.01712213716e-7,6.48387654678e-8,7.6163921392e-8,3.25403192392e-7,9.32989721036e-8,6.42154640573e-9,1.71414249461e-9,1.23762625148e-10],"var":[0.0174718387425,3.67862129211,18.0268192291,20.6804199219,30.9709568024,83.7270812988,114.48891449,390.410980225,299.028137207,2181.57177734,1421.85705566,8214.07226562,16043.1005859,15369.2441406,2676.09448242,523.736083984,981.25592041,509.310394287,434.047546387,580.183166504,922.165161133,1491.40234375,6360.98095703,1543.09985352,756.543579102,2274.46484375,171.883255005,44.3835372925,14.1793460846,2.49391937256,5.83511734009,0.0532004572451,0.00151140464004,0.000549434043933,0.000218702931306,0.000089347937319,0.00376444216818,0.010263803415,0.0143014183268,0.000761833682191]},"erbbands_crest":{"dmean":2.67688298225,"dmean2":4.31001901627,"dvar":6.80617713928,"dvar2":15.998497963,"max":33.1317749023,"mean":9.39999389648,"median":8.12413597107,"min":2.63308787346,"var":23.0308094025},"erbbands_flatness_db":{"dmean":0.0203408095986,"dmean2":0.0310450922698,"dvar":0.000353705603629,"dvar2":0.000783175055403,"max":0.377027362585,"mean":0.15256857872,"median":0.145720034838,"min":0.0478320866823,"var":0.0016188834561},"erbbands_kurtosis":{"dmean":1.74704551697,"dmean2":2.67216396332,"dvar":8.58963108063,"dvar2":18.8261547089,"max":59.868598938,"mean":1.59044992924,"median":0.122770674527,"min":-1.77717924118,"var":17.151550293},"erbbands_skewness":{"dmean":0.488959133625,"dmean2":0.705132246017,"dvar":0.251574605703,"dvar2":0.524455606937,"max":6.18669652939,"mean":-0.488419651985,"median":-0.519475162029,"min":-3.6621556282,"var":1.18793618679},"erbbands_spread":{"dmean":8.50305557251,"dmean2":12.8053264618,"dvar":70.6602706909,"dvar2":155.33555603,"max":109.327270508,"mean":34.3398208618,"median":33.1816596985,"min":1.44370627403,"var":287.00958252},"gfcc":{"cov":[[31190.5390625,3719.03222656,-1825.39953613,-425.800476074,741.765808105,-1904.69995117,1162.86120605,-1030.93371582,580.297973633,-621.928222656,119.345611572,-252.431228638,-349.862762451],[3719.03222656,1803.47485352,89.8984832764,-248.771987915,95.5153274536,-113.177597046,84.6910324097,-223.466262817,14.1332397461,-6.64423799515,33.0907096863,-108.044631958,41.2448921204],[-1825.39953613,89.8984832764,505.525268555,158.688598633,-77.1900634766,231.504516602,-144.796081543,118.958984375,-97.9232635498,87.1614151001,13.2192316055,-11.9618244171,27.8952579498],[-425.800476074,-248.771987915,158.688598633,459.735717773,241.516815186,-31.32305336,85.9281082153,-18.0881977081,9.34333705902,-35.9972496033,19.422662735,44.1630516052,-50.2102012634],[741.765808105,95.5153274536,-77.1900634766,241.516815186,349.404846191,-25.0347537994,147.604858398,-88.8822402954,20.5545749664,-66.2524642944,19.4754600525,8.89144039154,-9.37679481506],[-1904.69995117,-113.177597046,231.504516602,-31.32305336,-25.0347537994,409.952178955,-82.2690048218,138.490875244,-113.04372406,80.3130874634,-15.9072666168,-11.7199687958,71.7258529663],[1162.86120605,84.6910324097,-144.796081543,85.9281082153,147.604858398,-82.2690048218,271.250427246,-46.3772125244,64.3466415405,-92.8481903076,-13.2729797363,16.928527832,-44.4243354797],[-1030.93371582,-223.466262817,118.958984375,-18.0881977081,-88.8822402954,138.490875244,-46.3772125244,218.387695312,-6.06085252762,39.6266212463,-10.9512386322,-22.6549263,34.8347511292],[580.297973633,14.1332397461,-97.9232635498,9.34333705902,20.5545749664,-113.04372406,64.3466415405,-6.06085252762,140.51373291,19.7934150696,2.73787260056,13.3783473969,-36.7721748352],[-621.928222656,-6.64423799515,87.1614151001,-35.9972496033,-66.2524642944,80.3130874634,-92.8481903076,39.6266212463,19.7934150696,136.434738159,44.8023300171,-2.71018600464,13.3409090042],[119.345611572,33.0907096863,13.2192316055,19.422662735,19.4754600525,-15.9072666168,-13.2729797363,-10.9512386322,2.73787260056,44.8023300171,82.4902191162,27.8444595337,-7.19849061966],[-252.431228638,-108.044631958,-11.9618244171,44.1630516052,8.89144039154,-11.7199687958,16.928527832,-22.6549263,13.3783473969,-2.71018600464,27.8444595337,79.0885696411,10.6588401794],[-349.862762451,41.2448921204,27.8952579498,-50.2102012634,-9.37679481506,71.7258529663,-44.4243354797,34.8347511292,-36.7721748352,13.3409090042,-7.19849061966,10.6588401794,96.3348388672]],"icov":[[0.0000892889438546,-0.000283342524199,0.000588022754528,-0.000494958541822,0.000420074822614,-0.0000841242363094,1.29460687504e-7,-0.0000445216937806,-0.000102949539723,0.000309451832436,-0.000402925448725,0.000362702092389,-0.0000153703422257],[-0.000283342524199,0.00378423696384,-0.00782366003841,0.00779260927811,-0.00557319214568,0.00293140625581,-0.00248460937291,0.00338141061366,-0.00133113202173,-0.000685669423547,-0.000133167297463,0.0018155137077,-0.00203970866278],[0.000588022754528,-0.00782366003841,0.0232601836324,-0.0233741179109,0.0186129771173,-0.0113837216049,0.00642317906022,-0.00444344757125,0.000267685711151,0.00457951193675,-0.0057366467081,0.00345217459835,0.0000806719617685],[-0.000494958541822,0.00779260927811,-0.0233741179109,0.0303434338421,-0.026221178472,0.0154757089913,-0.00624523498118,-0.000463643285912,0.00624445779249,-0.0108031425625,0.0125035122037,-0.0117092449218,0.00677216006443],[0.000420074822614,-0.00557319214568,0.0186129771173,-0.026221178472,0.0289252419025,-0.0164477471262,0.00290939747356,0.00612805923447,-0.0113653410226,0.0160602163523,-0.0190179403871,0.0172583051026,-0.0108502497897],[-0.0000841242363094,0.00293140625581,-0.0113837216049,0.0154757089913,-0.0164477471262,0.0167829245329,-0.0048396368511,-0.00638215243816,0.0135326012969,-0.0160274021327,0.0154640534893,-0.0121293962002,0.00566384522244],[1.29460687504e-7,-0.00248460937291,0.00642317906022,-0.00624523498118,0.00290939747356,-0.0048396368511,0.0101813357323,-0.00220027682371,-0.00388970016502,0.00667358748615,-0.001464764704,-0.00179165729787,0.00300632184371],[-0.0000445216937806,0.00338141061366,-0.00444344757125,-0.000463643285912,0.00612805923447,-0.00638215243816,-0.00220027682371,0.0168919805437,-0.0134660257027,0.0108366124332,-0.013362865895,0.0166865698993,-0.0118245389313],[-0.000102949539723,-0.00133113202173,0.000267685711151,0.00624445779249,-0.0113653410226,0.0135326012969,-0.00388970016502,-0.0134660257027,0.0300464387983,-0.0250456538051,0.023103794083,-0.0213361307979,0.0142914913595],[0.000309451832436,-0.000685669423547,0.00457951193675,-0.0108031425625,0.0160602163523,-0.0160274021327,0.00667358748615,0.0108366124332,-0.0250456538051,0.0368310585618,-0.0304509382695,0.0221443660557,-0.0122702671215],[-0.000402925448725,-0.000133167297463,-0.0057366467081,0.0125035122037,-0.0190179403871,0.0154640534893,-0.001464764704,-0.013362865895,0.023103794083,-0.0304509382695,0.0440076477826,-0.0311841331422,0.0173381660134],[0.000362702092389,0.0018155137077,0.00345217459835,-0.0117092449218,0.0172583051026,-0.0121293962002,-0.00179165729787,0.0166865698993,-0.0213361307979,0.0221443660557,-0.0311841331422,0.0429458878934,-0.0210047420114],[-0.0000153703422257,-0.00203970866278,0.0000806719617685,0.00677216006443,-0.0108502497897,0.00566384522244,0.00300632184371,-0.0118245389313,0.0142914913595,-0.0122702671215,0.0173381660134,-0.0210047420114,0.025867337361]],"mean":[-70.5963363647,70.372756958,-104.203773499,16.4144096375,-2.78694486618,-32.9746894836,11.38539505,-19.6203975677,-2.54104709625,-14.2322816849,-5.43839120865,-2.04719805717,-15.5440654755]},"hfc":{"dmean":23.3871669769,"dmean2":30.6330089569,"dvar":1146.24316406,"dvar2":2009.22509766,"max":429.664245605,"mean":66.1695861816,"median":45.1108856201,"min":0.00000134582455757,"var":4884.66064453},"melbands":{"dmean":[0.000464085285785,0.000842314970214,0.000307267939206,0.000180894377991,0.000131543347379,0.000108508145786,0.0000899627339095,0.0000966470688581,0.0000800435373094,0.000099044329545,0.000103087608295,0.0000775197258918,0.0000302689968521,0.0000271032276942,0.000022013873604,0.000022121499569,0.0000163461609191,0.0000126001968965,0.0000126890827232,0.0000131748729473,0.0000130447851916,0.0000129679665406,0.0000266229053523,0.0000279396481346,0.0000125771221064,0.00000860927684698,0.00000687849160386,0.0000154568369908,0.00000333365642291,0.00000138745519962,0.00000121132677577,8.21629612346e-7,4.02861076054e-7,2.87977201197e-7,6.53222684832e-7,1.21376984907e-7,2.72463562823e-8,1.35274778046e-8,1.09843805163e-8,9.74386615837e-9],"dmean2":[0.000733849941753,0.00137844029814,0.000494215113577,0.000297007296467,0.000212026614463,0.000171218271134,0.000140606469358,0.000147987026139,0.000123952835565,0.000154171924805,0.000162057636771,0.000121038821817,0.0000482636241941,0.000042889121687,0.000034198143112,0.0000347875175066,0.0000255805098277,0.0000193002160813,0.0000193869964278,0.0000202282935788,0.0000195664815692,0.0000193924788618,0.0000402986988775,0.0000419699499616,0.0000187792629731,0.000012596848137,0.00000984236521617,0.0000238710144913,0.0000049085028877,0.00000200204067369,0.0000017704558104,0.0000011878477153,6.02553996032e-7,4.22464495387e-7,9.25453264244e-7,1.74621376914e-7,4.17294181432e-8,2.2603586558e-8,1.85105175632e-8,1.63979514411e-8],"dvar":[9.70928340394e-7,0.00000226339284382,2.85169932113e-7,2.34962470813e-7,1.09584043173e-7,1.09285061001e-7,4.29848654449e-8,8.00802339995e-8,8.88780320452e-8,1.70870606553e-7,2.12575031355e-7,1.90425112123e-7,2.26028102901e-8,5.22490406496e-9,1.88043780547e-9,2.51817855457e-9,1.02466013452e-9,6.59755250432e-10,7.2399775064e-10,6.1456822964e-10,7.05582647864e-10,7.54305895523e-10,2.28767826904e-9,2.97707569707e-9,5.1453513672e-10,2.64251731608e-10,1.94437660417e-10,1.12046927292e-9,3.95709957857e-11,1.13802153465e-11,6.1748080607e-12,4.17077570397e-12,9.2058240371e-13,4.13338200472e-13,2.27764291802e-12,6.66238914623e-14,2.9292493605e-15,6.51301579654e-16,4.60910913606e-16,3.57480646859e-16],"dvar2":[0.00000226744396059,0.00000604529668635,7.10086055733e-7,5.88899979448e-7,2.66659952786e-7,2.32507773035e-7,1.01061097268e-7,1.71160223772e-7,2.07307337519e-7,3.37941713724e-7,4.83389953843e-7,4.30088732628e-7,6.26825951144e-8,1.38175666464e-8,4.54278570317e-9,5.62560575901e-9,2.43241515818e-9,1.46617296082e-9,1.67837466147e-9,1.47487899671e-9,1.57930757361e-9,1.70918823539e-9,5.27485299884e-9,6.56901022467e-9,1.17979503944e-9,5.86519444123e-10,4.00248750809e-10,2.6533530928e-9,8.7124259196e-11,2.19352036535e-11,1.26700412315e-11,9.22608170417e-12,2.10933484221e-12,9.31253229912e-13,4.72461783238e-12,1.38751152495e-13,6.57080684283e-15,1.67986634006e-15,1.20125259668e-15,9.31072168149e-16],"max":[0.0270994659513,0.0232333894819,0.0101948594674,0.0160223525017,0.00665788725019,0.0163526330143,0.00531605258584,0.0084315976128,0.00864394474775,0.0149010773748,0.0115255210549,0.0153221227229,0.00688952533528,0.0032297198195,0.000695289985742,0.00167949963361,0.000536052859388,0.000372559501557,0.000600538856816,0.000602983054705,0.000624117557891,0.000620443955995,0.000746868958231,0.00121023191605,0.000302041473333,0.000251085031778,0.000383326580049,0.000615618249867,0.000106694373244,0.0000939405072131,0.000054033316701,0.0000822986621642,0.0000262060093519,0.000014089187971,0.0000233545051742,0.00000449319531981,0.00000165628409832,3.82489844242e-7,3.0301569609e-7,2.62941796336e-7],"mean":[0.000821069232188,0.00145163177513,0.00051255983999,0.000245490955422,0.000185875978786,0.000156447596964,0.000134153437102,0.000169621926034,0.000101191915746,0.000136523885885,0.000143530429341,0.000102134006738,0.0000436305635958,0.0000417186711275,0.0000344780346495,0.0000366698659491,0.0000251137644227,0.0000198690304387,0.0000195217526198,0.0000209753488889,0.000020521294573,0.000019790697479,0.0000412578629039,0.0000425578073191,0.0000194123331312,0.0000131835195134,0.0000112170100692,0.0000224959057959,0.00000557233488507,0.00000230840964832,0.00000199045166482,0.00000126296970393,6.12088683738e-7,4.25995125397e-7,8.92402965746e-7,1.70894153939e-7,3.49904887287e-8,1.38707090258e-8,1.05452802046e-8,9.43368672068e-9],"median":[0.000243420465267,0.000629551708698,0.000269103242317,0.0000885652552824,0.0000551943157916,0.0000411180699302,0.0000314644785249,0.0000187761634152,0.0000139312287502,0.0000162579472089,0.0000166886457009,0.00001319947296,0.000010811680113,0.000014166852452,0.0000110897290142,0.0000115002703751,0.00000904880653252,0.00000743258215152,0.00000750223443902,0.00000911649658519,0.00000802914291853,0.00000712139535608,0.0000161656844284,0.0000160064410011,0.00000792212813394,0.00000513681698067,0.00000415053682445,0.00000740762516216,0.00000210431903724,7.62938270782e-7,6.59538386572e-7,3.85961158145e-7,2.05524443686e-7,1.36813838481e-7,2.0493311581e-7,5.08519129028e-8,1.14241407445e-8,4.27562385497e-9,2.93266300133e-9,2.69408362286e-9],"min":[4.6015410449e-14,7.59367239499e-15,3.88598260355e-15,2.68149251989e-14,2.95390848012e-14,6.21488656301e-15,2.54937570891e-14,5.58141823503e-14,2.04495827146e-14,3.98748764381e-15,3.74071738483e-14,4.41996225319e-14,1.61930879946e-14,3.01125701522e-14,4.49051569312e-14,6.70657241764e-14,3.04238310434e-14,5.23938226517e-14,1.04663266986e-13,1.74991409709e-13,3.1521531533e-14,1.59449225877e-14,2.66660811813e-14,1.41200104316e-14,1.64734491239e-14,3.52445157748e-14,2.58798330124e-14,2.09673875078e-14,3.59401534412e-14,3.95652410032e-14,4.69882176246e-14,4.11108118576e-14,4.04115997122e-14,4.88336347542e-14,3.08531344462e-14,1.0323140861e-13,1.37033505203e-13,3.95489061422e-13,6.66496819215e-14,4.51183144665e-14],"var":[0.00000290424259219,0.00000490958882438,5.13295788096e-7,2.78102817219e-7,1.5651812646e-7,1.71574967567e-7,7.26218942759e-8,2.47734448067e-7,1.36932641226e-7,3.57810847618e-7,4.24285587997e-7,3.17264920113e-7,3.43115331702e-8,8.05661670711e-9,3.470089327e-9,5.73589042929e-9,1.78473003043e-9,1.20538856674e-9,1.25342092261e-9,1.07097797297e-9,1.39271694177e-9,1.48989609539e-9,4.11365297381e-9,5.06961761459e-9,8.7994550535e-10,4.57901910833e-10,3.90126625449e-10,1.60049340447e-9,8.25436177743e-11,2.68517083568e-11,1.3183600045e-11,6.43195522884e-12,1.44806042157e-12,6.38395803235e-13,3.622560368e-12,1.08887230558e-13,4.48145735338e-15,7.04432091848e-16,4.62635366807e-16,3.61892603253e-16]},"melbands_crest":{"dmean":3.56174230576,"dmean2":5.68282461166,"dvar":9.86949729919,"dvar2":25.0859375,"max":35.6067276001,"mean":14.7826366425,"median":14.4140930176,"min":3.15306162834,"var":34.6369476318},"melbands_flatness_db":{"dmean":0.031736202538,"dmean2":0.0467786379158,"dvar":0.000767161604017,"dvar2":0.00168998911977,"max":0.51927959919,"mean":0.212558358908,"median":0.207334518433,"min":0.0167285110801,"var":0.00561918644235},"melbands_kurtosis":{"dmean":7.93609952927,"dmean2":12.2988061905,"dvar":226.000976562,"dvar2":512.490905762,"max":279.555236816,"mean":12.9637517929,"median":4.72019577026,"min":-1.86196172237,"var":572.80279541},"melbands_skewness":{"dmean":0.917371928692,"dmean2":1.36954629421,"dvar":0.928580582142,"dvar2":2.06252598763,"max":13.2955293655,"mean":2.48749470711,"median":2.07309937477,"min":-3.27688741684,"var":4.49556684494},"melbands_spread":{"dmean":12.6954803467,"dmean2":18.8268432617,"dvar":215.194915771,"dvar2":468.565704346,"max":265.419616699,"mean":37.8891677856,"median":26.6982192993,"min":0.705475270748,"var":1296.59814453},"mfcc":{"cov":[[18194.2617188,3165.1862793,-2371.08862305,1285.34118652,-1082.80480957,234.99937439,-530.981506348,383.692382812,-409.190643311,305.448760986,-0.0778583884239,-64.5377502441,23.4647464752],[3165.1862793,1819.03417969,-105.354225159,9.9600315094,-113.081199646,88.2082977295,-4.27882242203,-97.0511856079,-34.729801178,9.69000911713,30.4709758759,-40.6861457825,30.7196121216],[-2371.08862305,-105.354225159,808.895263672,-239.951400757,208.315551758,-61.4151000977,117.779953003,-114.01902771,57.1599197388,-38.9109230042,33.9764289856,37.7964706421,-19.5362358093],[1285.34118652,9.9600315094,-239.951400757,598.065368652,31.2033672333,104.341583252,-15.5892248154,134.579666138,-68.9949645996,33.7440795898,-5.18108654022,39.1282081604,1.46580135822],[-1082.80480957,-113.081199646,208.315551758,31.2033672333,297.888763428,60.992515564,127.482162476,-33.7156867981,41.9636077881,-33.1007080078,15.3919649124,17.7337436676,7.97806596756],[234.99937439,88.2082977295,-61.4151000977,104.341583252,60.992515564,209.138778687,79.5252761841,38.7887687683,-7.30550813675,-6.05860376358,-9.33205413818,13.9727983475,2.63103508949],[-530.981506348,-4.27882242203,117.779953003,-15.5892248154,127.482162476,79.5252761841,219.009490967,45.3865661621,46.3984222412,-20.424249649,0.418775945902,-5.98420763016,-10.0795202255],[383.692382812,-97.0511856079,-114.01902771,134.579666138,-33.7156867981,38.7887687683,45.3865661621,177.816436768,27.7249679565,35.0401878357,-24.3283462524,-3.47853636742,-18.0257301331],[-409.190643311,-34.729801178,57.1599197388,-68.9949645996,41.9636077881,-7.30550813675,46.3984222412,27.7249679565,132.274581909,21.0444011688,2.63224315643,-18.6245574951,-4.95600366592],[305.448760986,9.69000911713,-38.9109230042,33.7440795898,-33.1007080078,-6.05860376358,-20.424249649,35.0401878357,21.0444011688,91.0206832886,34.3848419189,9.49269008636,-8.12174415588],[-0.0778583884239,30.4709758759,33.9764289856,-5.18108654022,15.3919649124,-9.33205413818,0.418775945902,-24.3283462524,2.63224315643,34.3848419189,85.7496643066,32.0076217651,6.68353557587],[-64.5377502441,-40.6861457825,37.7964706421,39.1282081604,17.7337436676,13.9727983475,-5.98420763016,-3.47853636742,-18.6245574951,9.49269008636,32.0076217651,82.3920059204,26.525718689],[23.4647464752,30.7196121216,-19.5362358093,1.46580135822,7.97806596756,2.63103508949,-10.0795202255,-18.0257301331,-4.95600366592,-8.12174415588,6.68353557587,26.525718689,70.0289154053]],"icov":[[0.000208702753298,-0.000333525124006,0.000383491948014,-0.000226824515266,0.000268683390459,0.0000671117377351,0.0000594144257775,-0.000167784644873,0.000240701585426,-0.000264814501861,-0.0000114058484542,-0.0000987912862911,0.000145172307384],[-0.000333525124006,0.00120856286958,-0.000652626273222,0.000159120638273,0.000173011940205,-0.000554433790967,-0.000424442230724,0.00102433282882,-0.000443237164291,0.000259660475422,-0.000311113108182,0.000841618457343,-0.000690457352903],[0.000383491948014,-0.000652626273222,0.00291476817802,0.000237703075982,-0.000765754957683,0.00112132856157,-0.00076185708167,0.000556603830773,0.000160577415954,-0.000432074069977,0.000345391687006,-0.00215296261013,0.0017884777626],[-0.000226824515266,0.000159120638273,0.000237703075982,0.00336810201406,-0.00218313396908,-0.000656124204397,0.00122332456522,-0.00261993915774,0.00168809806928,-0.000228254444664,-0.0000161855532497,-0.000902851694264,0.000213599661947],[0.000268683390459,0.000173011940205,-0.000765754957683,-0.00218313396908,0.00760350795463,-0.00115389167331,-0.00324047985487,0.00313072279096,-0.00208531646058,0.00101730902679,-0.000803595932666,0.000126938015455,-0.000818268046714],[0.0000671117377351,-0.000554433790967,0.00112132856157,-0.000656124204397,-0.00115389167331,0.00717735942453,-0.00261741504073,-0.000135580499773,0.000685907551087,-0.000384102022508,0.00158666144125,-0.00222935178317,0.000694451271556],[0.0000594144257775,-0.000424442230724,-0.00076185708167,0.00122332456522,-0.00324047985487,-0.00261741504073,0.00945565942675,-0.00489231059328,-0.000494121573865,0.00254631252028,-0.00223101908341,0.00156734662596,0.000376924639568],[-0.000167784644873,0.00102433282882,0.000556603830773,-0.00261993915774,0.00313072279096,-0.000135580499773,-0.00489231059328,0.012786494568,-0.00348788569681,-0.00379123678431,0.00447085034102,-0.0017014174955,0.00158377923071],[0.000240701585426,-0.000443237164291,0.000160577415954,0.00168809806928,-0.00208531646058,0.000685907551087,-0.000494121573865,-0.00348788569681,0.0115541322157,-0.00384139129892,-0.0000805276140454,0.00274598249234,-0.0012941332534],[-0.000264814501861,0.000259660475422,-0.000432074069977,-0.000228254444664,0.00101730902679,-0.000384102022508,0.00254631252028,-0.00379123678431,-0.00384139129892,0.0184523575008,-0.00861731730402,-0.000159673203598,0.00189932691865],[-0.0000114058484542,-0.000311113108182,0.000345391687006,-0.0000161855532497,-0.000803595932666,0.00158666144125,-0.00223101908341,0.00447085034102,-0.0000805276140454,-0.00861731730402,0.0193095840514,-0.00722766527906,0.000988328712992],[-0.0000987912862911,0.000841618457343,-0.00215296261013,-0.000902851694264,0.000126938015455,-0.00222935178317,0.00156734662596,-0.0017014174955,0.00274598249234,-0.000159673203598,-0.00722766527906,0.0202656071633,-0.00787150673568],[0.000145172307384,-0.000690457352903,0.0017884777626,0.000213599661947,-0.000818268046714,0.000694451271556,0.000376924639568,0.00158377923071,-0.0012941332534,0.00189932691865,0.000988328712992,-0.00787150673568,0.0185735300183]],"mean":[-721.802490234,131.517425537,-35.4025001526,55.1696357727,-4.14492225647,13.9202070236,3.49851775169,12.9995241165,-4.2057800293,4.27363348007,-0.481513470411,2.277156353,0.781921982765]},"pitch_salience":{"dmean":0.075433537364,"dmean2":0.118504755199,"dvar":0.00470496807247,"dvar2":0.01159398444,"max":0.915028393269,"mean":0.564238607883,"median":0.572186768055,"min":0.114464096725,"var":0.0181306786835},"silence_rate_20dB":{"dmean":0,"dmean2":0,"dvar":0,"dvar2":0,"max":1,"mean":1,"median":1,"min":1,"var":0},"silence_rate_30dB":{"dmean":0.000665668165311,"dmean2":0.00133155786898,"dvar":0.000665225030389,"dvar2":0.00199556373991,"max":1,"mean":0.999667227268,"median":1,"min":0,"var":0.000332667957991},"silence_rate_60dB":{"dmean":0.0339490771294,"dmean2":0.0679094567895,"dvar":0.032796535641,"dvar2":0.0732844471931,"max":1,"mean":0.203660562634,"median":0,"min":0,"var":0.162182942033},"spectral_centroid":{"dmean":331.349822998,"dmean2":469.423187256,"dvar":99551.640625,"dvar2":183772.453125,"max":6094.63867188,"mean":1958.26953125,"median":1945.3347168,"min":163.993560791,"var":868780.875},"spectral_complexity":{"dmean":4.70427703857,"dmean2":6.06391477585,"dvar":25.7889003754,"dvar2":39.8064994812,"max":58,"mean":18.5903491974,"median":17,"min":0,"var":207.562301636},"spectral_contrast_coeffs":{"dmean":[0.0494893528521,0.0457050688565,0.0364066101611,0.0278926808387,0.0233127120882,0.0488750673831],"dmean2":[0.0815600082278,0.0752376392484,0.0596513599157,0.0459123849869,0.0369182378054,0.0762719064951],"dvar":[0.00154330593068,0.0013691483764,0.000980971497484,0.000501484319102,0.000366097985534,0.00167007592972],"dvar2":[0.0041018682532,0.00356225459836,0.00246051559225,0.00130559818354,0.000889243267011,0.00417023757473],"max":[-0.400792479515,-0.470384150743,-0.461673974991,-0.618787825108,-0.638307154179,-0.426214069128],"mean":[-0.68557280302,-0.793190002441,-0.813732326031,-0.819944679737,-0.788953959942,-0.699130773544],"median":[-0.679123282433,-0.799574136734,-0.821628212929,-0.819056868553,-0.783760666847,-0.697555422783],"min":[-0.943362176418,-0.964941382408,-0.956477582455,-0.956047534943,-0.942204415798,-0.915065765381],"var":[0.00663223583251,0.00541820377111,0.00458180857822,0.0021222573705,0.00218921341002,0.00703713530675]},"spectral_contrast_valleys":{"dmean":[0.423740774393,0.444714277983,0.372234791517,0.313303500414,0.304913133383,0.639132380486],"dmean2":[0.690531790257,0.673152446747,0.55165886879,0.446483045816,0.390199750662,1.01650297642],"dvar":[0.110676400363,0.138589173555,0.102815665305,0.0743722096086,0.0671372711658,0.293757379055],"dvar2":[0.282371342182,0.301542043686,0.212378248572,0.146174877882,0.118377037346,0.793131768703],"max":[-5.44660425186,-4.59321928024,-5.22457313538,-5.6142449379,-5.38059711456,-9.41079711914],"mean":[-7.90949630737,-7.56451940536,-7.88059091568,-8.06811141968,-7.75607967377,-11.9679555893],"median":[-7.43635463715,-7.1394033432,-7.44284534454,-7.58684492111,-7.22603797913,-11.7129125595],"min":[-19.5862598419,-17.3426685333,-17.4052829742,-16.5445404053,-16.5547008514,-17.5467720032],"var":[3.53968119621,3.57994055748,3.25800466537,3.11419773102,3.07849931717,1.75788867474]},"spectral_decrease":{"dmean":1.38966360641e-9,"dmean2":2.12343831407e-9,"dvar":3.94443928869e-18,"dvar2":9.21377459169e-18,"max":8.35828906087e-10,"mean":-3.40783867792e-9,"median":-2.46035236628e-9,"min":-3.08923588932e-8,"var":1.24068307225e-17},"spectral_energy":{"dmean":0.00637806812301,"dmean2":0.00926311127841,"dvar":0.0000750163308112,"dvar2":0.000158299037139,"max":0.121074646711,"mean":0.0188637506217,"median":0.0150315919891,"min":1.14454334899e-10,"var":0.000305008667056},"spectral_energyband_high":{"dmean":0.000670052017085,"dmean2":0.000886000867467,"dvar":0.00000137379140597,"dvar2":0.00000268992425845,"max":0.0221888571978,"mean":0.00130899611395,"median":0.000578464881983,"min":1.02356664811e-10,"var":0.00000349930974153},"spectral_energyband_low":{"dmean":0.00340340798721,"dmean2":0.00542829046026,"dvar":0.0000345514854416,"dvar2":0.0000876204358065,"max":0.115584902465,"mean":0.00663163512945,"median":0.00321583333425,"min":1.85332977264e-13,"var":0.0000942521728575},"spectral_energyband_middle_high":{"dmean":0.00205702218227,"dmean2":0.00280026788823,"dvar":0.000016789228539,"dvar2":0.000036445173464,"max":0.0913838818669,"mean":0.00444467645139,"median":0.002489045728,"min":6.4093370368e-12,"var":0.0000413469497289},"spectral_energyband_middle_low":{"dmean":0.00260914396495,"dmean2":0.00392505899072,"dvar":0.0000239591408899,"dvar2":0.000051822502428,"max":0.0821432620287,"mean":0.00532178673893,"median":0.00269183260389,"min":6.89931944041e-13,"var":0.0000573689831072},"spectral_entropy":{"dmean":0.131676837802,"dmean2":0.199489742517,"dvar":0.0172206200659,"dvar2":0.0391121171415,"max":8.97494506836,"mean":7.57407140732,"median":7.61091661453,"min":5.93034124374,"var":0.132151916623},"spectral_flux":{"dmean":0.0164636969566,"dmean2":0.0247607007623,"dvar":0.000370538735297,"dvar2":0.000864243949763,"max":0.2278034091,"mean":0.0687500163913,"median":0.0677128136158,"min":0.0000350986083504,"var":0.00201703025959},"spectral_kurtosis":{"dmean":2.98621153831,"dmean2":4.49286365509,"dvar":10.3867321014,"dvar2":23.6076450348,"max":72.7452468872,"mean":16.0335788727,"median":15.4031190872,"min":-0.220221102238,"var":42.0307617188},"spectral_rms":{"dmean":0.000654713949189,"dmean2":0.000922674022149,"dvar":5.25758082404e-7,"dvar2":0.00000103806723928,"max":0.0108683761209,"mean":0.00372360181063,"median":0.00382948666811,"min":3.34159778959e-7,"var":0.00000453844995718},"spectral_rolloff":{"dmean":3502.07861328,"dmean2":6412.42138672,"dvar":35137416,"dvar2":82754872,"max":22006.9335938,"mean":9577.41308594,"median":4134.375,"min":64.599609375,"var":76583424},"spectral_skewness":{"dmean":0.238246709108,"dmean2":0.357763916254,"dvar":0.0558315999806,"dvar2":0.121405370533,"max":6.15025806427,"mean":2.33297944069,"median":2.28184556961,"min":0.493401020765,"var":0.311742782593},"spectral_spread":{"dmean":347199.4375,"dmean2":533202.375,"dvar":92537397248,"dvar2":212811300864,"max":13736209,"mean":3715751,"median":3488276.25,"min":1564195.125,"var":1942901620740},"spectral_strongpeak":{"dmean":1.49254965782,"dmean2":2.78350186348,"dvar":38.6906242371,"dvar2":108.180755615,"max":99.5006484985,"mean":1.42139256001,"median":0.271922260523,"min":0,"var":30.1571540833},"zerocrossingrate":{"dmean":0.0310516487807,"dmean2":0.0379048623145,"dvar":0.000740955641959,"dvar2":0.00110193178989,"max":0.63427734375,"mean":0.242244690657,"median":0.23291015625,"min":0.04150390625,"var":0.00801907293499}},"metadata":{"audio_properties":{"analysis_sample_rate":44100,"bit_rate":188665,"codec":"mp3","downmix":"mix","equal_loudness":0,"length":139.521072388,"lossless":false,"md5_encoded":"feb44074ef1fd9b9e4403e257f912321","replay_gain":-0.226760864258,"sample_rate":44100},"tags":{"acoustid_id":["90193e11-654b-4475-8d95-c2dda455e56d"],"album":["Death by Sexy…"],"albumartist":["Eagles of Death Metal"],"artist":["Eagles of Death Metal"],"date":["2006"],"discnumber":["1/1"],"file_name":"13 - Eagles of Death Metal - Bag o’ Miracles.mp3","musicbrainz_albumartistid":["de11b037-d880-40e0-8901-0397c768c457"],"musicbrainz_albumid":["3303f98f-4472-4388-a5c1-60c046fa7c1a"],"musicbrainz_artistid":["de11b037-d880-40e0-8901-0397c768c457"],"musicbrainz_recordingid":["89bc8e67-0db2-433a-a3e3-207e2dc4ea33"],"musicbrainz_releasegroupid":["d6f0995d-4b37-353f-a847-eff61cbb131b"],"replaygain_album_gain":["-0.29 dB"],"replaygain_album_peak":["0.351903"],"replaygain_track_gain":["+2.42 dB"],"replaygain_track_peak":["0.340745"],"title":["Bag o’ Miracles"],"tracknumber":["13/13"]},"version":{"essentia":"2.1-beta1","essentia_build_sha":"e76a03f03bb3900de42a1fa0d9be1e72f12def64","essentia_git_sha":"v2.1_beta1-28-g21ef5f4-dirty","extractor":"music 1.0"}},"rhythm":{"beats_count":250,"beats_loudness":{"dmean":0.010962896049,"dmean2":0.0188900996,"dvar":0.0000916822609724,"dvar2":0.000281816668576,"max":0.0744823366404,"mean":0.0306537467986,"median":0.0344526693225,"min":4.73722661098e-9,"var":0.000366939319065},"beats_loudness_band_ratio":{"dmean":[0.187033444643,0.0804483368993,0.0995693132281,0.0612286739051,0.0756014510989,0.0993730276823],"dmean2":[0.329814344645,0.146857991815,0.175204098225,0.104649178684,0.129325866699,0.167818844318],"dvar":[0.0303041748703,0.00697584636509,0.0124272843823,0.00430502649397,0.00529146520421,0.0122308190912],"dvar2":[0.0813651755452,0.0197019465268,0.0343850888312,0.0108925523236,0.0147650660947,0.030562447384],"max":[0.